300
0 7807 9877 1905 5321 1165 9219 6920 7475 1635 8399 4458 9270 5552 1779 7430 5894 5666 2850 4254 7986 982 1231 8284 2999 6634 84 2119 4463 3093 297 1275 2532 7515 7178 6449 2593 9288 9513 6657 2445 7761 6276 1728 7415 1245 4928 7914 7710 1605 161 9913 9776 7678 5033 8483 1094 2430 1419 3432 7116 6458 3346 7926 5765 7595 36 7015 8297 4370 8493 546 2053 1853 4651 4655 9322 8198 2364 8730 2880 3237 7249 2999 6006 9619 7512 8585 5344 9758 2356 7228 110 6845 6237 4261 8794 9897 491 2249 3600 3257 3423 5001 9525 8855 4201 6107 3591 2658 5838 9861 4596 9778 4018 3070 914 9947 7733 7818 3298 3883 1068 1190 9826 2804 7598 1237 3819 2597 5531 5258 596 5100 6 7198 6345 3512 3946 7822 547 2364 2222 3653 8305 9594 6888 8913 5353 146 3136 2237 4401 5594 8596 1652 470 7968 684 5800 3097 9727 8274 2930 8805 9590 4316 7156 7431 439 5337 888 1690 3306 8915 5407 788 2398 4620 5816 1617 3664 5049 4086 6691 3103 7017 4394 1016 3712 5032 7812 1246 5231 8480 5126 9017 1182 2331 6738 9171 2979 8356 7387 6454 3097 6790 1365 4068 9981 9363 6340 5861 9585 1946 5669 9737 6122 6912 2344 5186 3936 8482 2666 8314 2134 7841 4498 7342 1137 1831 7396 5064 6784 9688 6420 3769 5307 451 9319 6334 4212 7121 7085 8703 5963 7879 1146 5399 964 8826 9733 3434 7680 3886 2858 9297 2307 2698 3826 182 2739 8559 7666 5230 7201 5483 1650 398 9027 6265 9324 4919 9272 4388 4097 7152 1294 4035 4747 8461 4426 7815 9138 9155 8177 7788 492 1676 6321 8757 9074 9030 7054 1926 6860 2046 843 9594 9401
7807 0 8834 11 817 861 905 6072 22 2444 827 9672 7892 9742 6906 442 5773 9900 2446 7692 1004 8564 6951 7881 9548 5177 3241 2572 3858 7852 1478 8640 5030 9786 4503 747 6825 9764 9440 1160 9652 2994 7622 3814 2313 3235 1180 841 1943 8330 5809 7088 1544 8113 7762 6045 5774 3806 7954 744 3638 5435 9403 1655 2189 7405 4290 4829 6721 9173 6387 6339 2354 6048 1267 5256 5007 9566 6856 2947 3486 6983 5751 3729 8266 2549 5727 6307 7530 389 5286 155 4929 1369 8541 7761 7968 5333 4933 9718 7879 536 7172 8523 3450 7279 1194 485 9401 3801 1961 2930 4957 6725 5393 7549 9755 7151 6153 8919 6826 4186 4143 5095 868 417 591 5000 7692 6196 5290 6486 2473 7983 3726 26 7014 6021 1587 4626 5077 6544 4952 5405 8260 6562 8527 9446 6048 7420 2662 3716 6308 5381 3647 6563 1738 4297 6042 4044 1234 7726 3762 9616 120 435 7065 3005 2401 8074 4143 9266 3581 4014 2840 1400 1284 7037 4088 3455 7611 8747 2717 7947 9808 4559 9620 588 5531 3526 6414 8067 9191 6601 2384 9758 479 5393 6790 2985 8844 1951 3909 5749 3422 3581 774 3408 1576 1772 8641 8348 1500 4730 1026 6034 7590 9790 3433 9333 84 7319 1573 6883 4224 5766 6979 2445 4550 5811 4734 3139 9798 1394 9224 7861 1907 8178 9286 9491 5742 637 4853 7655 9044 9432 1301 3247 7905 3396 9312 6802 7861 310 4920 5917 8482 541 5212 2621 918 7401 424 6289 3705 5497 2605 7234 1403 674 8820 3939 2344 468 7978 4053 3064 4507 4322 7532 4732 2116 1991 3606 1620 7059 8818 4226 5565 5663 9100 122 7429 6995 6194 3374 4177 9106 97 2095
9877 8834 0 6417 7661 3833 312 9222 8290 2695 2481 2958 1583 1807 2558 3238 1127 4297 694 9538 8148 2063 439 5712 8565 7207 8268 3307 3743 7973 8875 4808 4393 2670 5990 9621 318 268 5821 48 8789 1191 3811 3252 3629 8319 8814 987 1855 9159 9225 8839 1521 8552 3843 8378 1513 674 849 8264 7543 6012 6060 8484 2399 4262 4192 1889 5004 7494 1637 4910 4645 6543 4726 8981 8097 3556 1715 3527 2964 671 1514 7868 6968 8904 8824 467 1635 834 8558 1682 1934 6987 3892 3201 1014 9078 4026 1228 3187 7842 555 7233 2204 866 5374 9902 8170 7020 5216 2244 5302 9124 3521 842 2133 1443 4622 2224 2968 6319 574 8166 9516 578 1406 7619 8326 6814 316 5857 1487 3895 109 2665 322 1102 824 9819 4596 3258 1093 3885 8562 1880 3248 5791 8010 2980 1603 6200 1981 779 8559 5374 6903 1215 3471 6300 7103 1517 1399 1142 2809 7779 1598 4404 1306 171 8360 8286 8041 2715 1446 2793 4161 8790 5359 1425 8570 349 6230 8915 5716 7336 540 154 1713 5482 3483 2506 2413 1578 8609 5695 9097 7814 1381 9499 5508 9830 8399 6801 577 8700 4459 7336 495 1506 7764 1287 3305 5436 6630 5575 8929 4766 8807 4533 3892 4144 5763 1389 7533 9877 6851 2766 5781 3580 5382 7672 8029 9982 799 8227 3591 2512 4964 6712 2109 382 1639 3051 7745 1459 3151 4662 9451 2708 1248 810 1088 3523 6763 9537 1551 9099 3355 6559 6573 2371 1224 8825 5069 5751 3950 2416 4238 6336 5828 1644 6992 975 430 4264 1119 5593 7319 9178 7312 1509 5939 1734 7155 9289 3673 8488 5794 6526 7637 4501 574 6343 9928 306 2395 2113 2297 5147
1905 11 6417 0 9041 9886 6615 4092 792 156 741 5809 8589 8273 5058 9672 6328 8404 5541 219 5647 9735 1264 213 7766 5564 9112 2022 5284 910 1689 948 6655 2979 9031 5837 4322 3723 7128 7014 4059 184 4749 1336 96 4289 8739 3296 6754 1516 3019 8125 1251 394 4698 138 3317 9518 554 9610 6019 204 8330 8635 9576 1990 5137 7961 8351 2755 9164 7208 3844 1928 9756 8572 6984 9029 6960 7207 7563 5091 3860 9483 5123 8325 2266 3184 1778 9662 8671 3644 3128 1418 9221 2144 4748 9861 1643 2886 5855 8767 6430 4705 7274 9157 3827 3334 2756 9951 5179 6057 3748 1191 3480 2766 9363 8655 9984 7856 987 6088 9597 502 317 458 4274 3621 5943 2633 7395 2644 3092 6440 8797 3386 5209 3983 9489 6433 6046 9541 6034 3935 1089 2826 1608 7024 1223 6096 4091 3160 1917 5648 8593 3028 8185 9346 2036 5274 208 6891 956 3029 7609 6349 5677 6048 50 2956 9227 886 7468 4537 6740 7462 8686 5292 1092 4253 9859 2853 8146 2417 4298 2963 756 6019 8718 2512 3722 3654 1728 7726 2321 9742 6617 2681 4364 3364 865 9375 6701 2255 3752 1963 5417 250 3704 8918 2076 2716 6286 1961 1133 4897 7464 3414 5500 588 8320 137 5013 4028 438 2771 3299 7305 8382 46 7443 6869 1659 3215 5291 261 2803 48 9554 8581 7397 4928 4288 1715 877 6034 4953 5632 5099 599 4169 7269 2313 6455 9503 4018 2954 3127 1253 7045 4708 4344 5356 5808 3432 6220 3948 9319 2828 1403 6174 6436 3481 1578 4409 9806 6433 4652 7476 401 7714 8181 2365 8669 4299 9687 6949 5908 1267 5841 7014 2105 2802 6293 2717 5394 8765 6026 9874 8182
5321 817 7661 9041 0 3466 9946 4378 2641 5162 7731 5454 2901 8889 5058 7253 4976 1774 3625 3946 5663 2829 2864 8380 4862 8825 5434 611 8812 4312 546 6199 2820 3716 4086 10000 1624 4898 3847 3520 3607 8047 8989 4079 9789 4228 5520 1660 5818 1008 907 2750 5076 9949 3977 8189 4948 9206 5635 8039 726 6755 554 5886 5802 312 5912 709 4713 9833 4771 6765 7734 2416 3795 9411 2087 8986 3349 985 8329 5651 5685 7663 7990 4545 9225 1902 6982 9357 482 4213 1248 6222 3044 3642 9280 5995 9328 2107 5102 1493 6706 9201 5815 6703 2247 2741 2116 1846 3980 7798 7600 877 3913 6262 2573 6011 7864 5809 131 3384 6512 8224 8207 8717 2058 6827 2970 6983 7463 8957 186 1679 1758 8799 3908 4430 3268 7204 6282 629 3000 3162 56 8741 5709 2106 2754 1007 7059 3196 8182 7109 7903 9580 7091 7009 4008 6072 5707 2288 511 411 7818 9698 6994 5126 7114 9661 1887 7629 3242 7173 9206 317 4183 6720 7941 5230 3883 5453 7732 3266 4341 4174 5281 2977 7115 2358 665 6306 7539 825 1511 3599 3433 5621 2868 3947 8200 6779 1683 5640 8914 5601 3945 9059 1708 8500 9915 9705 9792 7081 3209 5766 9653 883 2801 9069 2578 8419 6600 1277 260 2586 7021 3708 3728 3562 7428 5991 4200 7296 845 3207 4649 7160 5258 3947 8587 6621 3155 8061 2029 8194 2193 4473 4963 8018 1541 6041 3267 1028 8208 7931 3624 421 103 3314 4190 7812 9863 9406 8486 9466 7972 5256 3175 3026 6774 6120 2025 2662 1488 4603 4063 6750 8695 2159 7257 9037 451 6412 397 3813 2653 7582 8702 598 6753 3204 1586 1164 4488 3054 5749 8298 9072 1294
1165 861 3833 9886 3466 0 1340 6606 5237 5749 7638 6713 6960 2263 6176 9899 3765 6400 7914 5187 4737 5444 5905 9840 4223 6400 9135 1888 9186 9909 8332 6821 4746 9382 7908 7489 8766 9555 9122 1699 2168 403 7414 8840 256 4120 2729 9043 1878 3446 2274 1776 2030 9259 5535 8044 9102 7708 5138 5940 3921 2616 5453 5530 9093 641 3561 7006 5425 3509 5485 9000 8548 5532 5880 787 6276 1210 5103 7403 5765 7695 5520 3095 6330 7453 2137 1800 5806 422 597 9331 2804 115 1925 6569 6068 6158 402 5194 8319 8412 8950 6536 6319 622 7950 3353 6009 1850 1439 9363 2406 615 7180 2832 5614 8333 366 172 2118 432 4805 8439 2261 6636 6748 8002 7439 1239 6219 1658 711 4634 1332 7090 4987 2010 4264 1197 6862 5783 2610 5415 3012 2046 1840 5450 9656 7207 8268 3974 316 4690 593 4081 1590 1361 9062 1778 6043 5634 938 6865 6067 86 608 3938 6413 8493 2679 1359 8886 9316 4249 8367 3278 6145 9278 4945 1539 9986 1981 1670 1944 7121 1331 9064 8588 3540 4189 6637 4316 9925 4589 8042 5296 10 3268 8434 8556 6943 4424 640 3669 13 1470 5017 7283 8526 1188 8683 1328 3851 2237 5144 3341 9847 5555 2869 5339 6182 8653 9558 4329 4622 3339 39 6748 4825 4074 4629 5502 9530 3346 1876 2812 6239 2750 4463 984 1622 5103 6187 302 8975 7732 4347 2762 1425 7019 4074 5960 5665 574 7828 6289 6495 2528 3724 8333 7172 9003 9302 6655 5324 9441 8746 6593 9526 5231 8460 3665 1821 7499 9969 1643 1102 9271 5924 1325 9502 3514 6924 7184 3516 4133 9931 9521 3773 4645 2152 8600 8149 2264 5488 1933 1854 3268 1191
9219 905 312 6615 9946 1340 0 8912 5720 7831 7878 1989 1941 2142 2297 2648 1555 8175 468 3771 8806 1132 8874 9358 3945 126 8070 1001 5767 1929 4914 7432 2007 2345 9422 5256 731 3480 8558 4665 9966 948 8676 3230 730 9681 6714 8946 6721 4154 389 6088 7568 7770 9576 310 1331 254 2757 5216 2038 6195 1881 2913 511 7582 5077 1845 3591 5126 8893 7310 5632 1320 6606 3315 8905 5619 1492 9881 7725 3496 1053 2512 8172 6579 2283 4380 9151 343 291 8884 6651 9867 7013 4581 4346 9550 1708 9513 951 1607 9918 904 9584 3423 5777 4617 8710 6043 9811 512 8004 4045 2167 4357 9042 2025 7047 3694 6219 8214 446 2318 6363 8050 1326 0 7315 5642 6096 9876 6710 8151 2077 1064 3830 291 6114 5184 8590 8840 7895 7022 421 7195 4944 4061 5151 4117 7561 3239 8555 9732 5744 5130 3674 433 1106 2904 2539 6858 4261 2940 6518 3931 1437 7854 265 5807 2909 9698 8554 9120 5944 1144 6472 4500 8106 6444 501 3954 5813 4654 1882 5954 9006 6727 5484 9135 7552 1403 9580 252 2514 3774 6759 4004 546 1171 1818 5862 3050 2120 5885 8076 3533 7984 3593 4539 4894 2232 1266 7777 6023 7175 7673 4172 668 1022 9605 1550 899 308 7764 970 5097 3131 7174 2104 2962 7019 2632 246 4001 2294 9598 3441 3366 5108 9402 4502 8228 3173 2208 873 4785 3126 7884 4047 4295 5566 2965 8732 577 3249 9802 5817 99 7508 4926 2833 2503 6322 428 1221 1576 6130 5479 931 6533 8516 9383 2857 8938 1544 2756 8884 9362 4698 6376 275 2957 5710 5469 5956 7967 8868 820 2437 4592 3731 3590 9447 7519 9902 4826 8931 3667 4929
6920 6072 9222 4092 4378 6606 8912 0 2891 2016 3393 3915 4294 6752 222 8282 3822 738 5186 4984 7381 1161 8964 2966 1991 9431 6906 9455 3763 3039 3795 8566 4869 6261 1908 6980 8853 177 6078 1419 8438 7131 2378 9914 4216 7168 7548 472 2537 5677 616 9581 2079 2542 3914 2046 3212 336 7611 254 5329 7040 5716 5694 5389 8093 6508 7146 497 4763 5317 4519 1221 4679 8371 7601 3786 7591 6265 2470 9009 7887 4470 5782 4384 6219 797 1756 9124 5121 9909 3413 2649 4820 8142 3600 7782 8203 2762 7252 8844 5916 8704 2085 3476 365 4514 2192 1969 4593 2166 8329 7333 8873 6992 779 8584 8289 1867 6160 3670 8705 7718 6531 1096 4404 9606 9412 1946 2579 351 7970 8595 6280 233 2996 6373 2674 5414 2620 9070 7015 6502 741 8201 9997 6681 1896 6044 7985 5072 5102 5473 9193 9979 6174 7887 9907 6871 8306 7789 2322 5934 3645 5130 4683 7911 7540 6586 8877 4799 7188 7361 118 8377 3536 3803 1715 6280 6910 6580 1223 181 1111 7506 278 3413 4334 4517 3673 6288 6134 7897 7816 9568 8387 5054 3567 26 2898 8051 4760 3775 450 4522 9729 2807 3593 7610 6763 1288 9122 1756 2730 1409 1283 2670 7040 2899 7595 7036 8710 5017 385 3394 8170 7556 3901 9148 5597 9416 3505 705 4198 4073 2445 6236 9153 4778 9554 3896 756 3598 874 3534 1191 4723 4471 8673 1551 9156 2238 7202 3601 8588 9876 8707 8246 7871 9731 1587 6028 962 9707 4206 3093 1517 3232 7772 7298 1254 8053 6912 2403 8158 4684 3096 6023 7294 8981 4187 7883 2258 5928 3957 6728 6346 5657 8140 4739 5477 464 9968 5434 1518 7294 4843 5236 3223 9649
7475 22 8290 792 2641 5237 5720 2891 0 1463 7069 4439 1424 6418 7605 1341 3868 6404 6835 404 1122 6895 2032 325 1056 3958 2874 6537 7524 6330 2176 1692 9676 6238 9075 370 1492 874 1437 1432 5061 6423 6228 3749 6293 1613 7886 6344 2633 4059 6376 4185 8184 1764 8833 4317 76 1566 6298 2487 2371 5765 1347 5255 3876 9898 6912 5913 8995 2253 8319 783 8080 1021 2110 1452 2192 4033 6865 2795 9297 6312 7884 4729 1079 7896 797 845 3218 2858 5579 9819 6426 2620 5096 1932 4786 7168 8082 1439 5163 3187 3998 9454 3210 3592 2047 1975 351 5768 3367 4688 9249 1263 9105 6018 7298 4300 3536 5334 5548 1602 377 1967 8891 2619 6593 213 6 803 3350 3093 8177 6333 6128 5467 5668 9599 1449 3681 7741 931 3289 8678 887 4457 5629 5909 7237 6656 8789 9061 8757 4890 9110 4971 8413 6439 4178 6161 8917 9951 5977 5968 7869 3527 969 1639 8440 1589 99 5958 8759 7808 2683 7358 3198 437 6900 5359 9379 9482 6787 392 7479 9150 2750 8484 9961 22 6042 3968 3728 8783 8958 6630 7189 5174 6774 8799 7591 902 3620 8617 5955 5603 9425 7266 8263 7990 6137 2800 8059 2016 8648 1718 7960 3855 1536 3499 963 7432 3863 2478 9571 1297 7495 4136 2521 7577 3023 1091 3044 8605 7643 2698 7814 1143 8883 7834 6954 9401 5384 9013 4305 5410 5577 6019 8280 8409 9778 9323 1008 6965 4875 3696 1873 1297 1501 8638 8399 5374 2782 4424 79 6070 5608 3093 3167 1829 6642 6978 5249 3252 7077 1472 1411 8097 182 962 8271 6153 5859 5305 3656 6353 5445 4794 5728 8227 4354 631 6666 2969 4875 3311 6394 1408 3481 3320
1635 2444 2695 156 5162 5749 7831 2016 1463 0 3221 3966 6840 8090 9700 4734 4163 4830 9775 7845 3378 859 780 5644 7947 8773 8590 888 7713 6851 7953 4691 1183 6014 1294 3225 3034 4118 2743 4880 4324 2697 1014 7691 6055 1080 1975 8752 2295 795 4202 7496 6881 8011 1394 8431 4549 9940 4565 2181 7884 1698 1933 1752 5838 2134 6335 7746 1523 8306 2702 8801 6497 8867 2762 1556 2100 7365 9231 9779 1055 9987 528 4264 7119 7637 8164 7907 8568 2219 8872 2171 1437 3675 1677 4797 7153 6287 6797 2828 5780 3830 2599 4018 2279 7496 8254 1696 5888 5452 8480 824 6527 6676 8151 6237 3502 7330 6398 3418 5888 7808 6830 316 5184 8868 8119 7025 7568 4823 5410 6744 4249 7270 4029 6019 5277 3048 5734 4632 6052 5147 1345 9712 7594 3204 8399 263 5831 3144 3039 3456 6372 3033 1676 3020 306 7443 4973 5426 408 4183 6632 1818 8197 1244 9376 9573 5932 9707 3383 493 2080 1720 2974 8023 6314 2620 5779 3105 699 720 3439 7122 1539 3662 5668 4777 9211 5582 3456 5515 4329 8139 3762 9873 6449 3636 2454 3618 6973 6329 4699 5389 2485 5425 878 4280 657 6689 6275 5374 7080 8300 5913 3220 6256 8418 5242 5179 5566 5919 9555 4073 2015 2602 9865 1985 4840 3206 4032 4692 8846 885 7706 3333 1138 8856 5709 7378 6872 4014 3655 8768 2249 4056 1721 735 2982 4589 6352 3137 1476 8053 156 4469 2098 7864 9850 3987 9584 2957 1194 3677 7813 6537 9373 3678 6003 659 5018 3938 1313 7110 9119 8544 8917 1584 734 2144 1717 453 213 3112 2737 1466 2205 408 5306 70 1713 5476 4198 9406 4957 3739 9091 5466 9957 903
8399 827 2481 741 7731 7638 7878 3393 7069 3221 0 3986 2218 2949 9177 7495 6554 4226 7100 4359 7501 3107 9530 4908 6479 2121 4857 5939 772 5610 7726 4528 865 4080 6555 9594 150 2829 6034 3396 9732 7563 2067 1699 5752 5418 3222 260 7954 5220 3729 5016 7399 3116 8011 4571 6466 3874 8029 5740 4588 2078 2495 7231 4316 1283 778 6816 2850 4016 5622 5151 7862 199 9124 5660 3241 7813 1412 7919 7248 9915 1607 5539 3333 2069 9135 5658 665 3969 5934 5201 3366 3619 2565 9511 8827 8736 2422 4349 2967 7072 2150 3689 3533 9647 4769 4014 2465 1298 5626 3102 798 4665 2043 8651 6422 3601 8918 1360 5560 7390 6161 8485 8443 8194 6111 5648 437 9342 5863 482 1352 5219 1932 760 7476 1116 5486 2578 1317 1364 6750 8984 8289 2810 591 9310 6130 1598 3517 1856 4028 7061 648 3880 3960 9613 9415 3546 9779 9909 519 9129 1507 706 335 7132 2779 8374 7643 641 1645 310 6821 8014 5864 4627 1443 5707 6002 6523 384 5497 8165 3870 5672 6475 5019 6166 2066 9292 7797 826 9875 2719 9620 6321 5630 6069 4315 1318 3868 7818 9670 5126 7623 3086 6426 6056 9414 4297 7481 4107 3456 3892 6782 7398 639 1741 9011 3785 8963 5366 7136 875 9238 9975 7551 1076 8804 6622 6048 6317 8241 6546 8764 7959 9582 2038 1620 7646 7093 489 6901 7201 2982 4656 915 9726 938 3379 1694 4025 360 5833 9914 5317 2858 6203 8352 5685 1670 5280 7026 8937 9891 7650 9333 4748 6266 3981 4827 4292 6947 4814 7452 4823 719 4698 6980 1438 5850 9096 4652 9532 7863 6950 2467 9594 9764 5282 7733 4045 6808 2615 4752 4273 8590 8706
4458 9672 2958 5809 5454 6713 1989 3915 4439 3966 3986 0 6259 8915 138 6204 6578 5737 8453 5183 8345 1132 9124 1719 8055 8955 5839 7101 8129 5896 1327 4262 7616 1549 9719 1482 9194 5661 15 7865 9891 257 7394 7552 4990 8466 3420 4206 3294 3216 7156 954 186 8702 4835 233 987 5614 9560 3062 5639 7295 4283 6490 6266 7994 8635 786 3729 7190 9315 9866 3004 7841 955 7693 7669 4686 8988 4972 2805 4797 8745 425 2070 4954 9733 5213 2856 5493 9549 1541 4852 6767 5942 6020 4495 9524 794 9071 6100 7711 4252 2117 9451 7632 8441 1254 7286 5719 8013 2339 9280 4712 6443 9175 7023 1138 859 433 5294 3606 6190 5988 9547 2096 3960 8622 3710 2341 5170 3781 1450 9699 9261 5916 6038 1340 7518 4967 6625 155 4807 8264 1304 3305 5023 1995 9135 6253 8965 3531 1801 7422 2994 7974 4914 6180 2166 1650 6597 6118 5130 8611 2185 968 7759 181 5341 494 410 7686 9910 781 4103 9342 6242 7754 3993 4433 107 7390 5734 7350 3896 3203 9630 9637 9884 8405 5710 5732 8506 7992 8440 2802 1460 5161 6848 947 2370 6376 2934 1287 2135 2622 3233 6186 5925 1839 2939 6328 9821 4781 3149 4491 5778 6829 4798 1737 3561 277 8882 2673 1952 4255 2406 972 7291 7283 3475 3253 8709 8215 9925 652 7508 348 162 2180 1968 7713 2134 7202 5324 1750 7698 103 6537 8227 2129 4118 7926 4785 1512 1708 161 9028 9343 4690 2541 8574 7093 8205 1516 1535 891 5398 4561 3075 5605 3470 4227 882 2927 460 6547 6919 5348 3206 5564 5036 8321 8180 9917 9511 4299 8331 1902 6378 1663 3788 448 6554 2943 9537 1723 7537 7890 8099
9270 7892 1583 8589 2901 6960 1941 4294 1424 6840 2218 6259 0 4321 5405 9664 9314 7445 3487 5162 2409 7309 1979 399 6143 2774 8838 4003 127 8797 7011 8116 84 7718 493 3297 4590 1763 5172 3257 7261 5520 8942 1892 6025 3012 2178 2821 8352 8626 9412 7254 5517 9342 2808 7258 5794 4989 1228 4611 6553 869 1326 6559 7204 3301 4617 5342 2661 8086 4306 9839 9508 9441 5600 6615 2864 1905 9409 9797 4330 3098 2659 403 3942 1525 4119 9611 784 7882 15 6509 4772 5265 3542 2334 9291 817 471 2587 4569 9723 1681 7 7153 9303 1362 5666 4518 3045 8249 8479 6703 6582 6823 5664 2636 4824 3425 8169 9377 8002 2114 1155 1181 5224 8680 7469 6139 4982 9251 1185 2327 8382 7642 4432 2983 652 7750 3022 3562 6713 9931 3316 5833 1965 9178 6611 7419 6040 7589 5392 3390 6673 1920 8541 1035 777 9117 2624 1155 8214 1886 3695 1846 6985 9712 4645 4533 2881 4699 3439 3339 3871 9936 2955 5158 4599 4645 5345 9893 2671 6142 5351 6479 6399 6290 9473 9307 4563 6994 160 9890 1447 6326 1496 5320 9718 1080 565 7431 3989 9281 9060 850 500 8056 3196 8409 6553 9733 1554 631 9513 3846 3748 4282 8386 3064 1285 1133 6757 8656 1295 1297 5410 2411 6809 3388 2553 4061 789 3244 133 1044 4746 9087 5247 6789 8538 3633 398 7022 8647 7341 943 3910 2637 3459 5679 722 5897 2785 7207 1760 9857 656 2070 9906 751 5417 8177 8386 551 9180 8240 1418 9397 4000 525 3837 9414 6600 2360 5660 4701 3366 1220 7512 8033 5460 2485 3728 8428 189 5266 4360 4474 7561 2450 801 5431 756 9460 9556 5104 6759 893 3742 4514
5552 9742 1807 8273 8889 2263 2142 6752 6418 8090 2949 8915 4321 0 9448 3847 1131 1548 7484 355 177 5796 143 2765 4983 2164 6912 3376 8164 4687 8361 8063 4149 70 4527 4460 1435 6984 5852 5805 5774 8955 4685 134 2436 4925 4912 1388 3779 5192 1263 3826 8697 2757 9740 8951 8324 2588 6042 8889 619 2954 8746 2076 8602 8554 1954 5903 5775 3097 7187 350 8006 3626 6232 1516 2527 8213 3651 5701 885 1806 8365 2549 7020 8598 3163 93 6036 7920 8958 244 3387 4735 4863 7878 552 1940 6503 3630 2858 8205 7101 2317 8724 9800 5588 7655 7785 2479 6672 873 7542 9490 5679 9864 1972 8589 694 5195 309 6417 7183 8865 4233 679 4602 4633 3360 2280 4944 7484 2097 7312 2215 6243 931 8244 707 5755 157 5044 438 7520 5158 2010 6376 8910 3076 295 3914 6967 9495 6843 2672 4791 1857 8558 5026 8552 4694 2210 2100 770 5768 2988 4572 9188 4646 5836 7966 5751 460 118 505 6605 67 4662 7236 849 6464 7284 2051 1972 7418 9720 1769 5626 343 9842 5807 9693 2748 3263 4223 5514 3785 1619 464 3818 8186 711 5958 9236 4389 3681 9459 3383 8988 8629 103 6139 7596 5189 8676 707 1988 1957 524 12 7934 3083 3531 7764 3045 4972 4892 236 1994 2647 5743 2564 6283 136 71 9192 9542 872 4388 7202 2747 4715 7632 4351 1649 9127 619 7862 1174 5849 8787 9523 2153 801 6061 6051 1380 3654 9151 1816 7188 2506 9399 1686 933 5159 1054 6721 3760 26 4547 1406 5281 3473 7473 2860 5268 2289 9863 9322 3271 4122 5507 8617 1943 4471 307 8848 7488 630 1706 8978 1506 9843 6302 1692 526 1608 3258 214
1779 6906 2558 5058 5058 6176 2297 222 7605 9700 9177 138 5405 9448 0 5754 8716 9080 6602 7673 905 8584 5177 1446 5360 1592 454 7043 8983 6509 5957 4243 9571 8305 5861 8942 8943 8264 1078 6752 2637 4378 7512 6172 9352 3713 4140 3205 5582 6909 3683 3662 6342 2747 7741 2909 5565 2899 746 361 4274 3387 811 6421 4157 5477 3214 9797 6029 1377 2964 1508 5537 8107 629 4268 5993 2134 552 7778 1992 4513 7559 1647 8923 3393 5613 820 7678 5581 7124 6933 4367 591 6153 1824 7852 7 7642 2535 2318 5337 6038 9940 800 2650 7842 2907 9513 4124 1009 1906 3731 1495 2581 7136 6436 6960 1433 6965 2273 7035 3713 6441 6631 2148 1805 7123 7884 4076 7512 8742 4579 6853 8363 4803 6146 1263 2462 9283 5407 8779 3972 9674 8038 3041 171 4062 5758 9774 2144 4681 9886 2372 7358 1701 2385 2928 15 7808 7347 9025 2969 1066 1075 7066 7841 4683 5525 5559 8251 8749 2481 2494 6544 4816 4538 5138 2638 6808 1511 3209 8585 5929 1117 3136 3585 3424 187 8236 3547 2163 1235 7536 6911 7569 5426 3102 46 2428 2917 8497 4868 631 3591 7270 9878 5284 7622 8082 7394 5232 8608 142 6272 176 2766 2140 7685 5899 3346 5053 2920 6072 5076 20 5343 4003 4249 9930 5680 1328 5070 2708 4776 5345 8037 6180 1675 154 5578 7141 5522 5717 9371 1837 5074 6738 3186 6628 7938 2060 5289 3192 4438 6501 3699 4274 6166 259 1644 9783 8026 2910 5357 1526 5949 7933 4495 5930 9244 6951 374 9000 2196 178 846 3606 2648 6 4327 9333 3578 5734 9640 5833 4984 2964 7226 4177 8609 9500 144 7342 9857 3372 9862 2108 5060 7389
7430 442 3238 9672 7253 9899 2648 8282 1341 4734 7495 6204 9664 3847 5754 0 6589 3407 5552 7511 5984 3195 1974 9288 3577 8949 3607 6366 5345 9803 195 1438 2594 5060 8267 131 3137 8102 4747 2732 8479 2257 3629 9890 7197 4579 7471 5067 3711 6441 6385 522 953 8176 7840 6490 9095 1254 4670 2183 9554 8336 1431 950 1406 3260 9076 1717 3252 6827 8401 6365 9083 4336 1668 7660 5980 3425 4393 1551 1477 1299 5173 4817 1255 2886 465 4044 1359 4940 7528 943 3382 2820 9651 29 9 370 8986 8250 2893 5118 6071 2641 227 1698 7926 2023 3063 2719 6955 7090 9735 5939 4517 3643 3257 2079 1282 1529 8730 3512 7314 7117 4926 1929 1266 7350 4480 7383 7128 8188 9949 2284 4672 2243 1120 4305 4837 9053 4490 8851 7602 6798 7639 3125 5490 181 7891 9833 7950 638 9185 6539 5337 1835 6930 7692 2619 7858 7472 9874 717 1148 9071 7931 3373 8276 6927 8706 7651 2462 1252 993 1934 2937 9612 5697 7038 2687 4855 8019 3382 8625 9009 6087 7534 5131 7393 3995 9321 7325 8848 431 1864 5527 6476 3893 9131 2163 6975 8444 8826 250 8663 3405 3373 8134 4955 423 858 1197 3506 6066 4187 4094 6529 6742 1820 889 2913 6757 5180 9397 5235 8567 7215 39 6970 5737 377 2624 4294 4469 8579 977 743 9285 841 5966 7065 6720 2318 7422 7010 8536 1161 8447 2442 6961 7402 6080 3085 6232 7371 1333 8505 5575 2206 3911 5346 7702 3659 3638 1410 4431 8481 1899 9872 1844 1069 6361 4888 1306 7783 6893 667 8072 3724 9383 6049 5634 5171 5495 6749 9978 5540 7875 4305 5393 9827 8423 6409 9665 1424 8979 9801 2140 4359 152
5894 5773 1127 6328 4976 3765 1555 3822 3868 4163 6554 6578 9314 1131 8716 6589 0 1807 6665 3170 6452 2045 5131 1276 1735 7538 1363 9432 2045 3653 8458 5973 8051 6302 4799 3030 9539 8419 6675 7334 7884 9489 1008 427 4898 4551 687 6861 5900 6507 3929 8019 5249 9693 9733 9903 6166 4682 8464 4439 990 5569 3620 9605 9485 574 6748 5953 7845 2276 2242 8287 8443 8609 8753 5336 955 2362 806 1747 7314 6910 4645 3903 4836 8368 380 3918 7663 2274 8283 5962 5182 8201 2176 1517 1006 3260 3239 7448 4477 4366 4419 9782 95 2628 6338 6226 7275 4071 8089 873 9619 4548 8702 7902 1532 2713 2059 3251 5936 1873 6594 2957 8204 267 4669 9972 3094 2112 5737 617 7293 8167 6390 437 1074 1695 8666 9018 4707 22 3998 9313 9193 4730 1730 2600 1886 2515 1707 8373 9306 7597 1432 8619 9115 6273 4674 6596 8969 6051 1242 6250 8797 5829 1623 4268 3683 8715 6108 6561 7001 8556 2972 3146 8357 4038 5492 7268 7083 1754 1544 2594 3062 5283 3908 2874 7390 1246 8798 7951 7728 6442 5337 221 9545 4706 8957 7977 2647 884 7393 2000 2414 6141 5100 5738 4372 2224 6779 6365 7639 3399 4928 919 4552 8268 3774 8716 5113 4155 4825 5195 5409 2733 2665 5503 896 5651 539 3346 7219 1722 6810 837 3286 4293 6760 1205 1298 7471 8285 5826 9428 3895 1326 8317 8181 5513 2895 1517 8376 9816 3421 4953 5465 2283 9696 628 1013 5229 8673 4707 6046 2201 2167 3517 2626 4135 453 8044 5695 8173 4579 1256 6236 2995 8807 2121 7695 864 8019 2627 235 2295 5126 3529 3747 1989 2856 4287 2172 9895 8954 9417 9784 7659 7557 2168
5666 9900 4297 8404 1774 6400 8175 738 6404 4830 4226 5737 7445 1548 9080 3407 1807 0 1088 3717 2417 6097 7664 8068 567 3367 9478 4194 5314 3633 7774 2465 8893 2073 8161 1839 5250 7319 8351 7333 7240 2804 1478 9606 2988 5991 3752 899 8976 335 8772 8843 6771 1327 1405 3252 1804 1253 3650 7831 3211 8841 1910 8617 7946 6182 3150 9116 7278 4677 1947 733 4827 5982 8231 4997 2373 6397 3027 3515 9711 3480 4109 32 1993 9919 7508 2984 7417 1885 5891 1137 2676 6803 245 4520 8350 3386 1943 6064 5400 1188 7609 710 1304 6809 9490 6575 5800 9719 9760 8321 8382 9068 4822 3097 4110 5636 5301 3970 7723 2447 5331 5022 5607 7763 6978 2095 3761 7290 9979 558 9811 677 9846 9764 2854 2743 1415 9934 2395 4207 391 6136 6583 2071 4052 3212 9849 7202 788 2270 7390 9078 52 8892 8397 7987 2096 3417 8565 8026 8654 9443 3229 8324 6782 4091 718 4978 1712 8294 744 2951 711 9115 4862 9520 4288 7445 1686 8386 9857 3953 8555 7704 9865 1955 7699 5683 1885 8218 2885 2800 6611 8307 6433 501 7724 3567 1032 1156 8880 5736 2466 7691 9724 7714 3237 5459 6575 1741 2358 788 9192 5504 8506 145 4801 3412 9405 7067 4557 1829 6574 8404 1736 4529 7588 3066 3605 205 3801 2064 5564 8644 6267 498 4053 5993 8852 8375 7097 3973 8177 7894 6959 7736 5748 4825 752 2852 3846 9818 6556 1391 1882 9587 9586 6347 5139 1435 7800 6378 1947 5535 9543 3499 1059 1341 4169 6531 9993 17 2684 7411 927 5207 7600 5703 284 8733 7548 6648 5187 6522 1350 241 7206 4995 7809 5122 6909 9016 9699 4946 3870 4979 2033 6873
2850 2446 694 5541 3625 7914 468 5186 6835 9775 7100 8453 3487 7484 6602 5552 6665 1088 0 8626 9031 4960 8360 7009 9262 9689 9112 534 7599 8068 2403 4182 346 505 4026 195 916 2980 6144 989 1113 538 1182 3648 3369 5575 3965 5772 9075 4052 120 2956 4646 2605 7109 7900 9014 9002 4673 2430 7776 9469 1193 3670 6225 2406 9495 2581 7344 7122 5473 8027 6684 4602 1126 4184 4734 3273 2954 7785 2160 5893 8446 4919 7131 4 5053 6287 103 7527 8254 7120 6900 191 1779 1046 2978 6980 1499 1945 5706 8085 1452 3222 8457 9157 431 3621 1117 7030 5647 1779 7460 3329 3777 4321 5627 6867 3527 9022 7038 8568 2023 1988 9284 6512 3033 8244 5808 9162 4302 6720 1472 6087 3537 5463 4496 5500 5773 1273 637 1656 893 3338 9820 981 8403 4592 2653 9489 6604 4917 2287 7615 3343 9030 8166 5100 201 575 9280 8693 6908 6563 5588 7810 4022 4625 3600 32 5688 170 8618 7525 1153 4441 6880 3611 8290 4645 7640 484 2568 5705 2299 1584 7039 1017 2673 143 8765 3923 3770 2383 8806 7816 8444 3056 8317 9215 2550 738 3874 2615 4205 3606 4599 9480 6793 4452 3054 4744 2952 5158 3615 3444 1940 568 7251 8160 5122 8534 5994 4839 8072 3300 4047 3797 521 3815 6787 9808 7240 3789 5303 4258 5369 5942 4302 7695 6321 4368 9563 7770 9728 7416 3993 7166 8479 6877 1527 4045 6164 2276 7635 3837 1130 6832 2707 6819 4499 3112 8709 8600 2659 847 9469 6530 1952 4485 437 7252 1770 6948 7441 6227 6643 9404 6096 8093 553 3651 3423 581 2940 3017 259 2062 1943 4388 1158 5988 4158 3841 8593 5921 267 6067 3766 8215
4254 7692 9538 219 3946 5187 3771 4984 404 7845 4359 5183 5162 355 7673 7511 3170 3717 8626 0 4042 6899 8934 3866 1871 6447 3263 1764 6304 5084 133 3844 9194 4462 613 1555 612 1369 6603 4696 819 6799 9500 2842 4251 1485 2228 1126 9883 975 6128 5623 7235 8383 2700 9299 6483 4575 8237 3605 2470 1661 103 1937 9920 2841 3393 5355 3075 5151 4404 1962 6371 5907 5203 7033 6929 7288 6897 6769 9663 1517 6432 6182 6612 7908 4053 8217 3187 2328 2474 8361 9036 4701 888 9308 2654 8134 2864 1032 7493 2570 5140 4586 204 7372 8192 3188 8888 9114 1020 2765 3967 5090 5163 7523 1618 4992 8729 9857 1321 3360 1342 4889 6624 4049 4842 6704 3670 8318 359 3638 5037 5107 5474 1049 4334 7482 7067 8571 1163 6138 9584 1905 2814 5877 5489 865 8828 6818 353 9966 8136 5159 2468 2648 2617 4136 7391 7256 4224 6905 3347 7004 1115 8576 8631 2331 1793 7050 3450 4470 5634 8441 5112 7610 5306 191 1042 4456 7174 5031 4825 6946 913 7206 2451 6485 1190 9409 8169 7357 4224 2296 7507 5967 4564 395 9648 8762 9497 8446 6162 8653 8711 3241 9665 3082 8769 3537 7458 2957 5640 7748 7831 2315 2250 7140 1037 6843 3042 7264 6749 506 2527 4439 7189 8034 5062 3548 3152 1707 6227 3113 9769 9530 6871 6138 491 4425 7026 7009 9903 4079 2227 4570 8735 3425 6599 4423 9969 3768 6716 7853 4234 3198 1614 3498 8094 2624 1921 7196 877 2900 137 2919 4586 3275 2405 3685 5140 1383 7644 2590 4633 8034 113 2677 1273 5054 8868 9427 4111 3857 3016 6279 4837 1636 6773 9525 6837 401 388 298 6241 5543 8929 4819 8585 6637
7986 1004 8148 5647 5663 4737 8806 7381 1122 3378 7501 8345 2409 177 905 5984 6452 2417 9031 4042 0 6360 5090 8975 3719 9902 7358 2768 1352 5306 3669 9680 3329 1037 672 2724 7108 6119 332 86 6601 5749 1313 482 5555 7647 5960 6958 3372 1690 8621 5015 4509 9517 5258 5929 5504 4173 9834 4009 3866 1644 1871 1872 791 8584 3460 6229 4611 8343 9803 6379 4270 3898 6762 6469 133 5818 3620 1203 4196 3113 7853 3979 1770 7308 6529 7379 1439 4370 7345 1449 6382 8835 9830 7825 3572 2912 4168 8592 1154 3240 7133 7515 2161 8315 8464 8901 8406 2286 6541 4720 2284 4430 9196 4023 2418 3869 9050 3904 1141 2784 3176 6343 577 9228 3980 7881 4637 8144 3733 2446 9346 2176 7089 8398 8491 3131 2094 9946 1215 8545 7776 6391 4893 7955 5601 2687 1293 3277 3051 5886 7897 8748 208 807 4796 106 2391 1357 5457 3116 3014 8661 6221 9092 5413 8810 9341 2294 454 4844 6438 3179 3219 5376 8122 1865 1246 4329 5724 2984 7385 6893 2551 7424 1980 5440 427 7617 5413 3192 9220 6488 3659 4871 8443 8497 5248 973 4366 6234 3531 6372 9248 1248 3660 2819 3715 8788 1864 1316 6858 5316 2431 4688 4552 8136 7230 2862 7099 5507 8226 1315 7922 3877 2433 5638 5886 3611 2922 7488 410 2821 7555 7491 3727 335 6843 4001 2067 5649 8453 4600 2655 924 9568 3975 1525 7351 3121 513 6715 134 3768 4505 7690 3163 7179 6598 614 3474 9149 495 5800 2571 4699 2786 6871 8966 9791 4824 5613 8392 466 9664 8704 6782 1509 1759 4728 4484 3181 1900 7177 8454 8524 4174 7805 6266 738 1461 2785 4666 9801 2432 8191 6766 9940 7532
982 8564 2063 9735 2829 5444 1132 1161 6895 859 3107 1132 7309 5796 8584 3195 2045 6097 4960 6899 6360 0 8245 2102 3826 9209 7189 709 2608 5941 3133 499 6834 5309 556 2883 1904 9271 905 1244 8114 6721 9712 6221 8974 6032 5323 2888 4202 180 8381 482 9796 2790 8569 8870 7285 2605 935 2745 7946 4715 4151 8092 9713 7385 9228 4896 3968 8276 9659 2034 936 8361 2603 6046 1301 7514 302 2431 2511 7221 4425 1755 8864 101 3143 1447 6700 3280 6406 4939 3710 2810 9417 8021 4317 4219 8965 9124 46 7905 573 5705 7235 9198 9869 2612 9976 668 452 8154 2030 9460 2578 6866 8520 6293 4524 8157 8031 4113 357 6288 6320 483 3305 7768 5580 3691 8166 1024 1890 3004 7778 731 2681 9908 8109 54 8104 8994 8424 6740 5798 9223 5650 7324 112 9926 907 4599 5168 3309 6381 4490 7682 8451 1761 822 181 6108 1633 6766 3880 9904 9404 602 3628 2196 3311 9980 5669 4711 2717 1529 6969 207 7904 9298 809 1637 5470 2462 7477 9941 1189 6966 2716 8569 8486 1737 6145 7448 6226 5353 3396 7294 2585 4113 7305 2308 303 5136 656 2454 9682 8386 67 7216 5146 1653 1686 123 1011 8916 9431 6631 7656 4845 2032 2964 9795 8187 2161 5902 8278 978 9156 1944 7333 2869 9118 5060 6545 4790 1977 7612 337 8997 8630 4480 8830 2765 9129 6235 4344 5924 5099 5658 5073 3687 7518 2297 9470 5031 7802 7658 2029 4524 9434 172 10000 2055 4588 8099 8669 1349 5372 5478 604 9951 6085 954 3984 2406 8299 5106 5949 607 7840 7564 3057 877 8953 2440 8446 1024 1542 6096 3249 5619 6143 712 4319 2506 3638 5743 7505 4968
1231 6951 439 1264 2864 5905 8874 8964 2032 780 9530 9124 1979 143 5177 1974 5131 7664 8360 8934 5090 8245 0 4046 2625 7424 245 767 4125 9279 4795 9883 6365 1992 3606 5826 6848 1159 6911 1907 3348 8796 3418 3959 7058 8695 1816 5615 1140 5540 3522 9234 5261 2346 5090 6162 3315 7300 2017 6675 5571 5841 9279 4395 585 9649 7781 186 3575 5050 834 2851 7897 6343 8145 5637 4048 2943 5060 5046 5819 562 4252 5918 22 8702 8895 4661 2589 548 4134 5778 2363 9359 1673 2792 8767 6784 8848 4062 4349 2947 4782 6821 9321 5236 7012 6120 2630 5246 368 4178 5810 2746 1065 463 864 7480 7944 4248 9113 7951 2014 3357 1196 7614 6711 1024 946 3292 1567 9712 4321 7577 3914 9923 6114 2904 8210 9447 8317 6724 3648 4900 9038 4908 1104 5325 2243 6774 5882 3476 6878 8098 4386 6693 6645 7090 2710 5929 1327 697 6087 9626 4047 1824 7225 3511 5315 9073 2823 3033 2639 6457 1890 5044 4679 5598 1790 8812 5722 9823 2781 1518 5340 8718 5588 2709 1705 654 2775 8753 4334 350 2841 4491 4736 4216 439 145 7076 5193 8925 6300 2966 2473 585 4535 3546 5136 8224 6908 7260 3386 809 5840 4290 1138 3530 6711 4636 9700 6057 6373 3502 3401 4883 8282 4506 6855 1277 6284 429 1385 2104 6256 648 7356 1772 7701 9611 4567 9275 1995 885 2017 1634 9032 1432 4789 8689 4792 3595 2503 8490 883 2313 3707 7128 3610 8078 3583 7401 3072 9297 6206 3425 5952 6268 6709 7552 1756 2590 5526 7161 4156 5781 3271 991 9724 6658 2461 4445 9296 4570 6620 6351 8401 6330 9976 7849 614 5360 7292 1543 4256 211 3060 6060 1678
8284 7881 5712 213 8380 9840 9358 2966 325 5644 4908 1719 399 2765 1446 9288 1276 8068 7009 3866 8975 2102 4046 0 6318 4729 6918 7383 3980 286 7759 8534 5657 4461 8789 6153 8040 7292 4465 5549 671 34 6550 1699 8065 2444 5114 8026 8806 5859 7874 6553 2018 4813 2894 8481 66 2296 8137 2660 3161 9898 5418 6990 7630 1432 2652 6388 2983 5322 6864 2158 5126 2708 6568 2746 21 4987 1749 9375 1589 4675 2054 6524 5302 9138 2220 9140 7266 5471 7485 7460 9300 9288 9712 3970 4455 4854 7485 1256 5929 7818 8997 5838 2765 1064 5842 4267 3684 8458 5269 4706 4985 2422 2089 2284 1719 1241 8518 9156 318 5916 6084 7883 1522 513 3589 1637 9587 3696 6846 406 7745 162 4650 7543 939 7876 7246 485 2641 8461 104 4764 358 5937 8797 8240 8347 6498 4362 7558 6913 5282 9138 3252 2829 2878 7458 4344 9517 4632 6398 6714 8388 7165 4537 8576 1792 9679 3644 7211 6470 4078 1533 7243 4733 7077 7068 9171 8616 9424 1086 6524 9130 7376 8424 9641 9302 1809 2372 4829 8143 1787 3799 4501 7614 9842 1925 6058 8650 8745 3654 9276 5155 7860 4120 5563 9370 8221 3625 7823 9999 7832 4560 8846 5036 4052 3704 5405 6164 1977 7056 395 9019 3601 4219 3457 3166 2515 6222 8084 8146 1132 1269 8889 2132 429 6665 7810 1137 5123 7077 7529 8912 6442 4555 9157 219 8991 9673 6023 6526 2162 7290 8970 6684 7290 7960 4999 7967 573 3867 4106 4742 5950 6148 7834 5871 6436 4555 4346 8906 1541 1160 5852 7866 1696 3757 5322 708 3817 2322 2162 5259 1831 6963 3308 5702 8005 7487 8461 3024 8054 4173 4011 9564 6240 871 3169
2999 9548 8565 7766 4862 4223 3945 1991 1056 7947 6479 8055 6143 4983 5360 3577 1735 567 9262 1871 3719 3826 2625 6318 0 6109 5468 8762 287 1099 4230 2296 1543 5675 6524 210 5481 4353 8395 3377 5237 9031 9745 7014 6100 3158 6463 8797 5493 3362 8754 6828 8229 4995 6755 4830 6975 7587 7794 3489 9549 109 5846 5078 5811 2910 5439 6047 5043 8796 9861 7307 3480 2959 9113 9890 5543 117 7555 3035 8483 9902 2665 2329 3720 5205 9309 7065 2068 557 8974 635 6236 9045 3639 7940 7291 3599 3432 3337 1110 8031 1013 3717 9580 5375 4355 1871 3742 8539 1569 290 9058 7141 4841 8964 9826 4263 3419 7771 6435 6291 7099 1767 6239 3953 1404 4988 8783 4710 1136 5644 6945 3794 6664 5627 5807 2397 3352 1708 9211 2552 2659 7325 2012 7007 1781 703 1240 7685 8707 5390 3612 136 302 682 6221 1277 7748 2743 6040 2258 7140 5100 4579 3933 3091 8835 7649 281 1828 598 8941 8681 3057 2479 4973 2413 6848 7386 6579 7867 617 1889 2841 8931 7334 2298 2303 3898 8873 1337 7051 9006 2514 8648 7627 8848 4294 992 7357 4719 5565 476 97 2950 7488 1284 2097 8207 6503 165 5659 3039 4996 912 1 7601 5282 4459 5663 8335 9188 6960 1410 3269 7570 7801 794 8365 6852 9405 9090 4612 7070 2504 5670 3386 5936 7840 8667 947 8723 9218 490 8603 5329 1209 284 3092 185 370 7967 3433 7622 4373 4482 2728 4996 4263 8258 1241 5137 8679 6988 6764 6731 5688 7454 3455 449 7272 1848 7727 3515 8491 3106 2978 1892 2671 3774 4071 2068 5261 1633 9001 2565 7982 7358 1466 148 9038 6156 4957 7943 1941 6165 8146 1611 9002
6634 5177 7207 5564 8825 6400 126 9431 3958 8773 2121 8955 2774 2164 1592 8949 7538 3367 9689 6447 9902 9209 7424 4729 6109 0 9448 2198 9431 7637 7309 4935 6575 3504 4986 6691 5863 1590 1455 5833 3000 9218 5389 3106 683 9789 9800 4411 8414 8127 681 5267 7547 1786 2948 8200 3068 7593 5747 4288 3006 1364 550 2016 7615 7470 6749 6546 8949 6735 5313 7245 606 2444 5540 2868 591 629 5979 9991 8021 3676 5588 6788 1882 6476 8451 22 8936 5724 2984 6686 8123 9406 3418 3749 1903 5217 5767 9510 2123 5280 5980 1812 5343 9520 4801 6856 651 8644 2749 4431 7028 4145 7672 1813 1920 402 9949 50 9263 9326 7353 174 5469 5358 6851 9052 6778 9786 2558 349 7756 1703 1283 763 89 1862 3467 4010 260 9287 3235 7887 8201 6732 4394 9289 5340 1175 1632 6736 5968 4587 8582 5973 5800 1723 3914 8884 1142 5279 8792 4806 3187 2682 6151 3053 9317 8449 9334 4578 7157 1167 9779 2822 1758 4549 6131 4494 7805 8317 8660 8125 3323 5118 7918 4022 9077 4192 4265 9545 1106 5521 8836 3215 7090 8050 9127 6626 9346 4344 4996 949 7904 6036 5776 5415 8842 4591 4370 6330 6852 9931 9822 2052 7240 121 2864 5590 9721 6763 8484 2177 6503 3607 2468 788 1966 5982 5102 1807 8838 1733 9805 5620 837 1640 7662 4430 4112 2417 3454 5340 1969 7671 7677 3518 4027 5977 6188 1470 7504 3810 5715 9654 3633 4417 2783 1896 9876 1315 207 4912 7067 8409 6432 2299 5101 7644 3 6568 9833 5139 8022 1555 7364 9890 9243 6461 4028 800 8126 1417 4504 8214 9301 2605 5863 4808 8329 950 81 9378 974 4281 5212 6602 6210 9244
84 3241 8268 9112 5434 9135 8070 6906 2874 8590 4857 5839 8838 6912 454 3607 1363 9478 9112 3263 7358 7189 245 6918 5468 9448 0 2319 8218 7312 1178 9275 4947 999 4441 5658 7423 4558 6151 95 5749 5313 9451 9196 5218 5912 4686 5357 3504 8146 8607 453 6001 5480 9700 5612 794 9325 323 4044 103 6485 2456 1654 2934 9948 673 4802 5237 6424 3785 705 1036 9081 7621 5206 4840 6313 4012 7815 4033 1517 2690 8340 7350 6409 4482 6448 6915 4890 7503 2872 2520 3595 6204 5437 928 7395 743 6259 1358 6363 5681 229 8101 9423 837 1039 4607 7803 4776 1335 238 137 1831 7326 1333 4058 4650 5313 7073 4403 5749 837 9059 6310 8487 506 1134 9068 9707 1891 9495 9364 8014 6171 2854 9806 5616 9483 5495 333 3023 2824 5376 4765 9938 1265 1622 3062 8598 5683 7730 9405 6041 5457 5522 1507 1933 12 7858 4502 8385 2451 5567 610 5265 6183 7103 6928 9440 6567 8685 7554 1032 1058 169 9292 9559 1269 1708 8661 5468 624 2893 2537 9685 1735 5583 2268 3013 9944 8557 8936 65 9274 5753 3982 1098 1725 6785 988 3190 4262 6823 1132 5033 705 9463 1069 8520 6474 7395 5165 1668 5673 8784 3924 8986 8547 6897 6456 6203 3789 7925 8453 9703 5472 2781 5431 9128 6380 7513 1846 5354 7889 8355 8014 1383 2154 5878 3949 5603 9549 9390 4083 6759 1548 7241 5835 3909 8500 5765 6713 6051 3689 5877 643 1017 8233 7948 2508 134 7737 556 3064 7478 6174 2612 8118 1208 6527 939 849 9982 6881 3857 8799 5502 2847 1685 3206 5042 581 4863 7319 5150 7473 2915 5278 4803 9204 8279 300 1304 8266 5130 4351 3700 5536
