50
0 7247 5988 1171 7230 5632 4227 9106 1248 3905 5789 4226 7111 9389 3526 6019 9957 7710 4299 1543 3109 438 4925 1983 2282 775 4499 7766 4285 1414 8753 5162 3165 6324 8103 3738 982 1379 8300 7153 6030 2469 9822 1193 547 3742 4884 5173 6930 2335
7247 0 8066 7466 4340 9546 1388 4663 8981 3292 3794 9069 1025 5264 8754 4835 5521 8487 8407 2581 4036 7386 5741 8629 6339 3835 5995 1573 736 6152 4964 4320 3441 6146 6234 1507 5714 9320 8735 4184 1772 5119 3459 7442 4683 5034 6251 8739 9102 4063
5988 8066 0 8628 5698 1652 9504 5252 5924 9470 2575 3157 1080 8466 7849 2368 8693 4959 3777 4784 3482 555 6396 3547 5029 5552 2409 4551 5786 4882 9648 5236 5159 2677 966 5943 5790 6557 9683 7077 8084 3554 2535 7813 6507 3005 3477 1322 5479 6132
1171 7466 8628 0 7986 7536 8027 8991 2368 6550 3525 606 9778 1442 564 5152 8296 5848 9534 5504 899 8458 419 3322 7648 9859 3615 1912 1066 4888 8106 1945 8595 3027 9161 4235 5501 6397 7357 9499 9468 5134 3578 3873 4371 9696 6324 8224 8535 1678
7230 4340 5698 7986 0 4226 2595 4499 1030 9506 5494 8349 8047 6711 4321 9598 2814 6787 5092 937 7242 4608 2070 1038 3097 5526 8131 5279 5604 1589 2143 3839 5309 8471 5953 4421 3859 970 633 3660 698 4136 8020 238 7026 9661 8605 8894 3972 2647
5632 9546 1652 7536 4226 0 701 3335 5516 1065 7740 7524 3982 2213 8930 2033 4962 1679 5628 6640 4169 4620 3693 8517 6185 2074 5063 1213 9916 2956 334 8342 5589 7531 7507 5043 711 8007 9021 5917 6039 2593 584 3246 8443 3597 8325 2480 6366 1983
4227 1388 9504 8027 2595 701 0 9996 8948 5543 7269 8177 6576 4033 6944 704 9083 4978 6268 3248 6705 1939 3515 5137 3112 2891 7965 2938 2723 8156 9221 8276 1613 957 8613 7413 4722 2998 7923 7528 2684 5488 8920 8421 1294 1564 665 4692 8135 8739
9106 4663 5252 8991 4499 3335 9996 0 5970 5898 5111 4750 4243 2880 8745 6691 6191 4267 155 1262 6173 5966 5688 7046 7284 8689 9944 894 797 8548 6571 6550 2073 8858 1277 8938 8132 9028 6195 6825 686 2816 5240 4335 9117 1426 6165 3749 3602 4768
1248 8981 5924 2368 1030 5516 8948 5970 0 8314 190 3905 3864 79 2777 1117 4416 8366 7272 271 3971 36 5613 3109 5743 6354 6813 1583 4230 7592 3717 2850 580 6893 7389 7712 1298 865 5686 4957 1455 197 5117 6288 4100 4302 3127 7027 7826 1116
3905 3292 9470 6550 9506 1065 5543 5898 8314 0 7277 8874 5297 408 7746 3959 608 6857 9568 163 7601 660 8454 4161 884 4224 5764 329 3957 9130 4315 9407 1529 783 2987 2097 5428 1612 9065 3420 2711 5732 462 7455 1300 9400 8448 7705 1398 9493
5789 3794 2575 3525 5494 7740 7269 5111 190 7277 0 5555 498 1766 1865 339 6756 5389 9157 7873 8483 7839 6637 6463 9646 103 1734 4853 7235 387 9059 474 2033 8898 7471 5255 2996 1536 2544 3281 8985 9192 2260 6829 3386 9315 7100 7544 8061 1994
4226 9069 3157 606 8349 7524 8177 4750 3905 8874 5555 0 1201 4851 9583 819 1640 2175 985 3023 3665 2792 3321 3195 3579 6439 3981 9705 5187 3881 8170 6262 2124 3137 3864 2986 9035 6495 2795 1464 2083 4453 3645 1487 2563 1143 8258 8947 6012 2999
7111 1025 1080 9778 8047 3982 6576 4243 3864 5297 498 1201 0 5221 6344 3787 3250 3614 4779 3304 552 5795 7517 8273 3718 9761 3671 3935 8619 8382 7532 6904 6812 8469 2986 3442 179 3472 5774 6655 1228 7347 4953 9618 1983 7879 4220 6507 5819 6132
9389 5264 8466 1442 6711 2213 4033 2880 79 408 1766 4851 5221 0 8788 5735 1389 4341 1005 4086 1434 6028 9523 3882 5653 3445 4858 3553 5140 3609 9145 2301 3936 5071 3925 6860 9145 9359 8355 1976 1872 8564 8181 1293 1241 1242 2773 6855 8989 5155
3526 8754 7849 564 4321 8930 6944 8745 2777 7746 1865 9583 6344 8788 0 6841 736 3791 9441 853 8934 5441 8784 4403 8556 5788 2970 6563 7524 5148 2251 4580 4865 4601 7528 4850 4920 3459 3491 797 3581 9996 4574 76 6436 7559 2020 4770 1407 7881
6019 4835 2368 5152 9598 2033 704 6691 1117 3959 339 819 3787 5735 6841 0 273 6659 6713 445 5855 4683 3944 1818 4910 9866 3694 6885 2169 3644 2758 5710 2338 8062 2883 329 9104 8656 6982 847 3583 713 6640 8911 6300 7049 8776 5308 3807 5696
9957 5521 8693 8296 2814 4962 9083 6191 4416 608 6756 1640 3250 1389 736 273 0 4126 2019 8384 328 1638 6318 9200 3117 2696 6363 7387 7954 1868 3209 1754 6976 9960 7028 2778 8871 5683 8818 6037 2823 2525 6784 6046 8708 8482 8730 499 517 3820
7710 8487 4959 5848 6787 1679 4978 4267 8366 6857 5389 2175 3614 4341 3791 6659 4126 0 6614 1345 8071 9314 494 4307 2658 4048 263 3425 3186 3155 8598 6394 5584 7399 5130 7587 5137 3149 7027 9935 1775 4360 2763 2395 9497 6682 4378 2720 3038 4599
4299 8407 3777 9534 5092 5628 6268 155 7272 9568 9157 985 4779 1005 9441 6713 2019 6614 0 9580 208 3702 4506 1937 3275 3489 8061 8171 8619 4701 8939 173 9671 4918 2918 7237 1916 4560 7434 7042 5791 2220 8098 3995 7629 7173 1572 5666 340 1127
1543 2581 4784 5504 937 6640 3248 1262 271 163 7873 3023 3304 4086 853 445 8384 1345 9580 0 9050 6366 7319 6887 754 8026 4722 8339 114 3497 6957 2912 8938 1032 4401 789 1261 3545 9906 6381 4939 146 8121 2104 570 8938 7079 5174 6589 2011
3109 4036 3482 899 7242 4169 6705 6173 3971 7601 8483 3665 552 1434 8934 5855 328 8071 208 9050 0 7565 4326 8893 9246 4055 9429 3054 216 6416 8252 7510 9191 5605 5669 6537 1287 2897 5712 6532 7651 2219 6564 3790 6780 1242 4330 9728 6982 9889
438 7386 555 8458 4608 4620 1939 5966 36 660 7839 2792 5795 6028 5441 4683 1638 9314 3702 6366 7565 0 3990 2704 3489 7128 4354 9567 7037 3901 1639 9023 8904 5959 166 6069 7992 8035 8173 7364 1547 359 7061 5748 4301 7529 7407 9186 5220 2728
4925 5741 6396 419 2070 3693 3515 5688 5613 8454 6637 3321 7517 9523 8784 3944 6318 494 4506 7319 4326 3990 0 7926 8906 2456 667 5242 4136 5029 4543 5849 3533 4518 3181 6010 4590 1748 3828 6185 6044 1279 9489 4825 5237 6528 5007 8228 4648 1671
1983 8629 3547 3322 1038 8517 5137 7046 3109 4161 6463 3195 8273 3882 4403 1818 9200 4307 1937 6887 8893 2704 7926 0 6164 3712 2482 3068 3819 9265 1786 1261 5565 5278 4663 278 8876 7270 5896 8583 724 4146 7821 3408 9970 1843 8474 3768 1513 1478
2282 6339 5029 7648 3097 6185 3112 7284 5743 884 9646 3579 3718 5653 8556 4910 3117 2658 3275 754 9246 3489 8906 6164 0 9106 2584 5663 4484 1221 2949 8543 8379 7648 3553 5375 9218 8465 5735 5906 2093 2258 3010 3677 7835 5259 3614 3633 6384 4621
775 3835 5552 9859 5526 2074 2891 8689 6354 4224 103 6439 9761 3445 5788 9866 2696 4048 3489 8026 4055 7128 2456 3712 9106 0 4146 5246 3623 8637 7353 6970 1382 9196 6533 7243 5943 861 2084 4970 2415 3007 5691 1168 6242 8985 786 9905 5539 4286
4499 5995 2409 3615 8131 5063 7965 9944 6813 5764 1734 3981 3671 4858 2970 3694 6363 263 8061 4722 9429 4354 667 2482 2584 4146 0 2106 8553 948 2374 3233 3304 2555 1033 3969 1957 2654 2797 7031 4384 4677 3197 4462 7759 8217 5141 6647 4266 3152
7766 1573 4551 1912 5279 1213 2938 894 1583 329 4853 9705 3935 3553 6563 6885 7387 3425 8171 8339 3054 9567 5242 3068 5663 5246 2106 0 2139 6187 9646 7153 6448 3242 7899 5709 7540 7255 2648 4333 4880 7422 6768 5460 1961 5002 9976 1902 9279 6446
4285 736 5786 1066 5604 9916 2723 797 4230 3957 7235 5187 8619 5140 7524 2169 7954 3186 8619 114 216 7037 4136 3819 4484 3623 8553 2139 0 9393 6688 5028 171 2968 9410 5440 6377 2725 1155 2270 735 8910 3075 613 7886 3342 3880 8172 6160 2751
1414 6152 4882 4888 1589 2956 8156 8548 7592 9130 387 3881 8382 3609 5148 3644 1868 3155 4701 3497 6416 3901 5029 9265 1221 8637 948 6187 9393 0 9028 2196 1202 8458 3296 6918 3205 9490 3813 2799 4114 399 7544 5708 4666 4868 915 9059 467 9696
8753 4964 9648 8106 2143 334 9221 6571 3717 4315 9059 8170 7532 9145 2251 2758 3209 8598 8939 6957 8252 1639 4543 1786 2949 7353 2374 9646 6688 9028 0 4773 8539 9984 9118 349 6417 176 3276 7892 8798 7980 5543 2372 8701 1248 3431 4623 2969 2728
5162 4320 5236 1945 3839 8342 8276 6550 2850 9407 474 6262 6904 2301 4580 5710 1754 6394 173 2912 7510 9023 5849 1261 8543 6970 3233 7153 5028 2196 4773 0 1350 3136 4685 4039 1222 9919 5098 4186 4139 7402 6446 8146 5033 5981 9840 7469 544 4575
3165 3441 5159 8595 5309 5589 1613 2073 580 1529 2033 2124 6812 3936 4865 2338 6976 5584 9671 8938 9191 8904 3533 5565 8379 1382 3304 6448 171 1202 8539 1350 0 643 6529 924 4730 5747 7710 5079 4224 1517 5926 6545 6740 5909 4886 9778 2076 3531
6324 6146 2677 3027 8471 7531 957 8858 6893 783 8898 3137 8469 5071 4601 8062 9960 7399 4918 1032 5605 5959 4518 5278 7648 9196 2555 3242 2968 8458 9984 3136 643 0 3588 4177 3456 8841 6956 4564 6364 9376 3203 3169 8699 3014 8915 7162 4622 8506
8103 6234 966 9161 5953 7507 8613 1277 7389 2987 7471 3864 2986 3925 7528 2883 7028 5130 2918 4401 5669 166 3181 4663 3553 6533 1033 7899 9410 3296 9118 4685 6529 3588 0 3666 1775 2110 2234 3593 375 9563 721 4310 623 8619 9779 1708 5904 4172
3738 1507 5943 4235 4421 5043 7413 8938 7712 2097 5255 2986 3442 6860 4850 329 2778 7587 7237 789 6537 6069 6010 278 5375 7243 3969 5709 5440 6918 349 4039 924 4177 3666 0 4383 7415 4125 1825 9433 6862 8454 6138 734 4002 7898 697 5460 9788
982 5714 5790 5501 3859 711 4722 8132 1298 5428 2996 9035 179 9145 4920 9104 8871 5137 1916 1261 1287 7992 4590 8876 9218 5943 1957 7540 6377 3205 6417 1222 4730 3456 1775 4383 0 600 9820 4610 3911 9601 8980 1279 6291 4038 7502 1181 9072 8595
1379 9320 6557 6397 970 8007 2998 9028 865 1612 1536 6495 3472 9359 3459 8656 5683 3149 4560 3545 2897 8035 1748 7270 8465 861 2654 7255 2725 9490 176 9919 5747 8841 2110 7415 600 0 1436 4121 3233 3456 5798 4648 219 7122 3433 5600 5041 1027
8300 8735 9683 7357 633 9021 7923 6195 5686 9065 2544 2795 5774 8355 3491 6982 8818 7027 7434 9906 5712 8173 3828 5896 5735 2084 2797 2648 1155 3813 3276 5098 7710 6956 2234 4125 9820 1436 0 8691 7863 6588 4576 4919 7814 190 2604 7280 5727 1800
7153 4184 7077 9499 3660 5917 7528 6825 4957 3420 3281 1464 6655 1976 797 847 6037 9935 7042 6381 6532 7364 6185 8583 5906 4970 7031 4333 2270 2799 7892 4186 5079 4564 3593 1825 4610 4121 8691 0 2923 6131 1590 3224 1713 4321 4981 8059 196 2495
6030 1772 8084 9468 698 6039 2684 686 1455 2711 8985 2083 1228 1872 3581 3583 2823 1775 5791 4939 7651 1547 6044 724 2093 2415 4384 4880 735 4114 8798 4139 4224 6364 375 9433 3911 3233 7863 2923 0 2515 8449 3449 5365 7131 3470 618 9664 9537
2469 5119 3554 5134 4136 2593 5488 2816 197 5732 9192 4453 7347 8564 9996 713 2525 4360 2220 146 2219 359 1279 4146 2258 3007 4677 7422 8910 399 7980 7402 1517 9376 9563 6862 9601 3456 6588 6131 2515 0 8642 9609 4056 880 8680 3843 5839 4512
9822 3459 2535 3578 8020 584 8920 5240 5117 462 2260 3645 4953 8181 4574 6640 6784 2763 8098 8121 6564 7061 9489 7821 3010 5691 3197 6768 3075 7544 5543 6446 5926 3203 721 8454 8980 5798 4576 1590 8449 8642 0 2457 3088 3830 9416 6014 4498 765
1193 7442 7813 3873 238 3246 8421 4335 6288 7455 6829 1487 9618 1293 76 8911 6046 2395 3995 2104 3790 5748 4825 3408 3677 1168 4462 5460 613 5708 2372 8146 6545 3169 4310 6138 1279 4648 4919 3224 3449 9609 2457 0 5888 4176 377 8684 7591 5166
547 4683 6507 4371 7026 8443 1294 9117 4100 1300 3386 2563 1983 1241 6436 6300 8708 9497 7629 570 6780 4301 5237 9970 7835 6242 7759 1961 7886 4666 8701 5033 6740 8699 623 734 6291 219 7814 1713 5365 4056 3088 5888 0 5635 7310 6875 4325 9362
3742 5034 3005 9696 9661 3597 1564 1426 4302 9400 9315 1143 7879 1242 7559 7049 8482 6682 7173 8938 1242 7529 6528 1843 5259 8985 8217 5002 3342 4868 1248 5981 5909 3014 8619 4002 4038 7122 190 4321 7131 880 3830 4176 5635 0 3097 4983 8807 5195
4884 6251 3477 6324 8605 8325 665 6165 3127 8448 7100 8258 4220 2773 2020 8776 8730 4378 1572 7079 4330 7407 5007 8474 3614 786 5141 9976 3880 915 3431 9840 4886 8915 9779 7898 7502 3433 2604 4981 3470 8680 9416 377 7310 3097 0 4617 5047 2365
5173 8739 1322 8224 8894 2480 4692 3749 7027 7705 7544 8947 6507 6855 4770 5308 499 2720 5666 5174 9728 9186 8228 3768 3633 9905 6647 1902 8172 9059 4623 7469 9778 7162 1708 697 1181 5600 7280 8059 618 3843 6014 8684 6875 4983 4617 0 2863 2782
6930 9102 5479 8535 3972 6366 8135 3602 7826 1398 8061 6012 5819 8989 1407 3807 517 3038 340 6589 6982 5220 4648 1513 6384 5539 4266 9279 6160 467 2969 544 2076 4622 5904 5460 9072 5041 5727 196 9664 5839 4498 7591 4325 8807 5047 2863 0 5651
2335 4063 6132 1678 2647 1983 8739 4768 1116 9493 1994 2999 6132 5155 7881 5696 3820 4599 1127 2011 9889 2728 1671 1478 4621 4286 3152 6446 2751 9696 2728 4575 3531 8506 4172 9788 8595 1027 1800 2495 9537 4512 765 5166 9362 5195 2365 2782 5651 0
