300
0 8960 5535 7077 3178 7194 8615 3535 9987 7414 5800 8997 7842 1095 7871 3930 2542 3117 4748 9213 843 8310 1481 2175 1169 3006 6033 7093 113 4954 3659 8698 9708 9916 7109 1999 182 2850 1868 5044 9976 7111 6644 6155 8290 9207 1718 1216 5751 7231 1290 7611 5912 238 1538 5232 4960 2372 1772 4232 5711 4387 7574 6589 2307 4069 3880 8394 8063 1172 4344 5306 419 5354 9045 4424 7054 411 4056 1372 8435 714 2066 4957 6011 8903 8714 2511 3373 5329 9218 5373 9380 9515 5942 7851 2466 560 5063 1707 9071 779 613 9851 8928 8832 74 269 1266 9776 7264 9194 4596 5249 4953 21 2442 275 6493 547 7728 326 3277 8071 6613 5717 2222 6523 6466 5338 9065 6985 6585 5035 7166 9339 5352 3821 6776 1298 9568 1437 3767 4842 2373 1692 4027 8604 8676 9712 957 7760 6590 2713 767 1817 2318 8458 5952 5578 5618 6101 4699 6133 7727 7145 3866 7492 5000 1031 4323 4519 9820 3202 9050 3679 2586 6813 7493 7072 3746 7607 4282 3180 1032 8639 9292 10000 9538 2633 9501 9057 6870 6053 2891 5781 8113 1211 6689 1083 3790 7104 454 8356 1309 5161 9561 7818 7875 548 2535 7932 7149 5429 9812 184 4231 8941 4123 5179 1214 368 2803 1246 6587 5397 264 3679 8141 3319 5679 3336 5184 8311 8111 7848 5 2230 9343 8690 4720 1073 3332 2659 3974 9983 7499 3849 7140 4201 6515 451 7484 8749 9708 9779 8154 1004 7338 2085 8780 5165 4444 3124 6076 1850 6117 8901 2252 4711 6963 7353 3795 1093 4669 3182 8930 5744 9705 5748 3981 9813 6295 694 3791 3197 7783 4877 6301 9091 6775 5155 5110 425 9899 8352 6970 361 6872 2380
8960 0 8705 9248 6670 4992 2301 5823 1773 8584 870 9485 3991 3569 4434 5795 6943 6769 170 8876 9560 1676 104 8468 1390 1957 8883 6961 601 9299 9828 8104 8851 985 5455 4351 3316 9257 4428 9799 2813 7515 5138 5387 3557 8371 8001 8581 1124 8631 9176 5794 5671 5813 824 1733 9822 8384 2302 5366 9723 7032 388 7343 3236 9376 8106 7822 4961 6477 7357 3892 921 3611 6918 4468 6959 5003 3195 1600 267 9889 990 115 9638 5858 6911 3385 4586 7513 2903 8670 7960 9899 5059 4045 4180 2917 1068 7992 2426 3219 528 2298 4992 9841 4683 1100 8951 598 5461 6087 46 8945 6468 6692 8998 3166 9696 3187 3905 4580 8717 1950 9913 7321 3467 8512 6015 3816 1586 2423 5790 3275 2546 2557 9417 454 6140 3223 5362 9221 7255 9196 1927 9096 3825 5566 4061 5794 4072 5298 9623 7669 2061 4739 9531 3625 6087 7849 5279 7186 8350 6625 8910 9392 8406 5152 4174 8273 989 3413 792 8452 1862 5990 9898 302 1227 937 4203 5748 1021 4193 622 5400 9763 9169 4543 6331 3131 8187 385 9413 9566 842 5387 725 9814 3857 8609 5206 5611 4005 9679 6111 8050 9934 9823 1934 9761 1189 557 9012 7532 8668 3394 5539 9284 5497 430 4975 7845 8335 7755 1672 5883 1964 5027 8564 1454 8292 3967 7719 2135 1406 267 6476 8036 7528 587 2791 7008 5223 1180 3775 1641 6084 3 5476 3921 1806 8590 2609 7996 6878 5750 4163 9569 9282 6945 8002 330 3808 2451 2192 3915 6628 8019 3622 7994 7707 800 7249 7981 4325 651 1297 953 5224 223 7410 4308 1745 8613 9964 1589 2391 7240 8117 8532 1158 7784 8568 6353 7849 136 3180 9434 6378
5535 8705 0 5864 6086 3418 6807 6223 2325 230 5193 6141 8439 2890 5836 8323 6868 319 6972 2926 597 852 7917 5301 6981 7315 5424 4137 397 7791 3286 3192 1625 5108 3999 556 2888 6126 7663 7847 5703 5044 4781 5948 9846 448 1865 8559 8979 4001 3423 6056 249 3372 6805 258 2161 9212 3743 7132 2257 3738 1658 8531 6634 7048 1682 391 1945 2420 8270 8742 9460 7409 3994 9853 9378 5551 2386 1677 7115 694 3712 7590 8294 8013 2273 9482 7476 2153 1326 7572 8928 2289 1565 597 9401 2986 1842 8870 1936 7128 3507 3142 8555 6797 4279 3505 7605 8193 6211 5090 9622 7487 3540 5530 3649 7293 1538 2381 7908 8582 6481 7566 361 8906 4639 7624 6746 3849 9673 7385 7576 3765 3635 8437 5514 5991 213 980 8009 7913 1552 7679 4955 5139 249 567 5485 6166 1741 6111 256 6242 7355 1993 9851 4776 825 2161 3688 7290 3012 2497 592 4653 807 3612 6164 3466 4546 5310 4224 744 2395 3463 4191 5049 2732 7511 6798 2134 541 4320 8117 32 4834 7501 6917 5664 312 9979 476 2593 6747 2892 8895 2021 7847 1584 3438 7007 3521 8264 6262 2106 7370 7428 7103 8468 3182 2900 3621 5645 4153 1784 9379 1817 3667 8415 1877 4440 3050 9132 1106 9706 2776 528 439 5199 4022 1165 5543 8501 8799 2738 2341 9928 1687 9669 2814 6749 2190 4845 1000 5677 1429 2743 4949 6892 806 4775 650 502 3853 7680 5987 3785 7724 171 8579 5791 5219 8657 8525 3345 7991 7230 1038 3857 3327 6679 2417 5870 7798 3950 7854 9798 3741 7819 8839 3721 9665 6350 3243 1104 1909 3088 5361 1788 2927 3357 7707 4064 1197 4262 7884 3031 1201 2619
7077 9248 5864 0 3842 2768 3701 7620 5506 7673 105 2927 367 4617 3273 43 9283 3274 313 1311 4351 8819 8838 5531 8436 5855 471 9113 2839 570 5074 7323 1628 937 9071 1250 3273 4746 7147 1343 7047 7825 6489 8253 6611 4200 1632 7726 8535 3026 2791 5714 5819 5901 4865 886 2612 2613 7172 8898 5102 3889 1796 4323 9786 3060 3892 7561 4845 837 9123 92 1584 9919 2148 5775 1317 8865 8167 7428 7473 8297 1679 5391 6466 8283 9240 7361 8971 9186 5112 8257 9493 5248 5507 2045 645 3526 9101 3806 7972 696 3785 4871 9126 7820 1393 6432 164 4459 2683 37 7017 6071 5126 3715 141 2234 921 203 8817 8803 5074 3440 4188 4211 3180 7200 3068 379 7913 1314 4188 8860 7520 6190 1504 3962 7648 1921 7794 3186 2386 8969 925 7418 6528 9591 6211 7096 1855 4039 4580 1680 7274 339 4978 208 4904 2754 9046 1264 1012 3032 6273 5610 324 8763 1966 5373 1499 4176 2668 3278 5802 9981 9405 6748 9777 6933 1988 5187 8071 401 4451 3881 6364 9519 7942 4978 301 2260 6701 9858 348 4029 7801 4415 786 2477 5340 822 6681 8877 7951 1807 6694 8914 9824 8931 4037 4318 9890 4588 3905 4961 7374 1683 1079 5601 3467 6628 8717 681 9194 3308 7268 7819 8702 9035 127 7648 5901 5219 6352 5858 8047 8651 1391 8173 7482 9134 119 1433 5451 2092 1267 6095 140 567 2653 2052 3990 3476 6899 5607 1761 4107 3568 4721 7673 6840 4287 1782 7001 677 294 4173 4084 3897 1482 2871 9061 5829 3962 6726 4472 4794 9611 7502 1157 6474 909 5952 3287 2966 8824 3337 8861 2616 9091 1426 4438 5233 8055 5001 9928 7991 4419 9601
3178 6670 6086 3842 0 679 9565 6742 5567 788 5472 6795 4616 4599 1474 5531 5611 8083 6626 6399 2149 1025 8084 1962 911 2205 7628 7518 404 8814 1147 4379 2095 1347 1355 9468 5363 1685 4807 2202 2674 2370 8080 3796 9802 245 5266 2188 9694 9365 7636 2912 2564 3496 3123 1180 9236 8512 8534 5426 6891 9669 4457 8190 9281 8197 315 5468 8609 6201 7283 9079 6180 1021 5074 1603 9653 4070 3261 1579 2595 3565 3933 4926 5013 3214 7814 708 5143 2606 2480 5011 9645 5256 7097 853 6549 8457 7665 7474 4853 6402 3308 8888 2421 2703 8642 578 3706 8992 9370 5278 8947 7058 9080 7303 130 4590 4557 6279 1765 7375 6710 2166 7325 7164 8288 7376 8786 3179 1205 2968 3428 2406 1712 9402 7439 2123 3662 4832 7089 8139 3851 434 8016 350 5536 175 22 2902 2808 3728 8595 309 6063 7937 222 2727 477 2784 674 2792 6977 21 9762 5323 4231 7957 818 3415 8612 456 3545 549 195 4292 280 4465 2662 46 6817 9137 7695 5050 9332 1891 1992 3062 9062 5729 8152 4453 4503 7805 3679 7715 1060 4417 35 6863 337 6820 9562 7514 1397 2902 170 9218 4623 797 2477 3827 4222 3852 6726 1557 2995 5971 1823 4189 261 191 5934 633 8311 9095 6052 9933 3388 5379 2654 6739 26 8881 9256 1338 2486 3799 890 681 4264 9159 6349 6415 4017 7105 9963 8369 6854 5256 7105 8552 9054 3673 7467 8263 1206 7441 8897 6659 1875 9596 4609 6392 4806 5218 1202 6215 7217 1988 159 3149 9318 2624 6255 5953 3243 8637 7533 8120 5896 3181 1963 3551 5707 526 1954 9849 9758 44 4451 9042 4859 6007 4437 9796 2446 1749 5387 4985
7194 4992 3418 2768 679 0 1590 914 1010 306 8495 3784 8101 1205 9213 2027 1153 6693 377 4021 3301 371 8654 7317 22 3462 1256 8628 7443 1938 9142 5883 493 8809 7793 7776 6227 289 3312 7179 7923 5219 8479 270 1315 2066 6531 1998 2596 4875 6469 37 5621 5948 2042 655 5603 5320 8487 6449 7962 9646 955 2329 1384 610 7687 612 8394 5655 1796 6816 5990 3791 8357 632 8135 9262 6578 7554 321 3862 439 652 5015 1302 1466 708 5666 8953 9790 587 1772 7580 4512 976 7622 2779 4326 736 9874 8046 6263 9668 9808 8186 9321 8642 4123 8435 3629 3659 144 6196 5276 4530 4763 2739 47 1111 85 4787 2752 9570 7117 8929 3582 2893 2913 2750 2627 4732 8942 2925 9341 8131 2970 7304 6844 463 4024 2907 4470 5217 7005 2819 6354 4294 4271 8486 6241 876 4807 5760 6069 5211 7899 1514 3290 9634 3548 1721 8781 4329 691 7418 8223 7523 6851 9815 3770 3518 3704 1841 9137 9696 3298 8325 6200 936 2711 3880 2414 8350 8721 2045 7011 1658 7348 1955 5931 7738 7853 4920 34 1398 9617 4308 9146 1537 7399 3294 1169 9455 4609 280 5653 7084 9678 2260 7317 3214 7023 5524 8587 5236 8516 8997 8912 1517 2860 8632 9668 7816 7081 9739 7477 6981 9479 3625 1305 8696 8397 5523 3484 605 2280 7993 2246 8485 6203 3129 313 9102 5871 2813 9234 2012 8740 6153 9294 8890 5117 4785 816 8045 8966 8337 8183 6317 8206 7475 2783 5157 4890 5058 3634 3163 1812 3798 6137 9874 8723 5546 604 426 9594 7927 6897 8583 3270 6478 2222 9638 1269 4769 5410 5316 2861 5767 3622 8826 6460 5572 7307 2507 7474 1452 6705 5576
8615 2301 6807 3701 9565 1590 0 6151 2011 8133 8147 9172 5322 3475 1507 5291 2610 6503 7421 3700 1986 8397 283 1202 2550 8458 302 6155 2180 3565 5048 8698 5102 588 1855 3917 2737 1442 9405 5186 8259 3482 9419 6792 7843 8100 9276 1036 6395 1160 6413 1009 9365 1600 4849 1353 7245 2719 1090 1476 4716 9141 2749 1500 290 6022 5846 3050 8128 8853 9926 5877 6212 3159 5412 3655 8044 8981 6201 78 2983 771 7772 1161 3181 6627 4218 7152 8410 3967 4942 3953 9380 8788 2310 9916 5801 3591 4407 7887 3976 7905 3784 2165 4229 4756 4915 9540 8149 4940 4846 6909 4396 2221 1151 6132 2222 9428 3551 6659 842 6755 3687 9416 7529 3611 7273 3595 5079 5153 108 1686 3241 5750 9566 7597 9735 7351 4928 4453 5238 7105 9065 5678 1595 9815 8299 7160 1446 2223 2259 4443 2331 5459 3895 8399 1513 6150 648 8068 2655 3467 8745 939 7034 3874 7392 8184 2339 3340 191 9150 3059 4088 5882 3790 4869 6529 1881 8510 3521 6395 1690 4434 8636 6416 5724 9016 2681 831 8041 9544 6883 175 9998 3186 8483 3464 4965 7438 9158 3519 1662 1309 6218 9385 1280 73 6482 8 8528 665 3639 8643 7649 3187 552 2833 1502 3301 1091 8154 8471 6711 9755 1531 3777 303 5006 4487 7097 4146 5366 7598 9502 2328 6236 5033 9517 468 3961 5884 5194 8026 3326 2323 7423 1951 9864 4965 6333 2266 8590 8670 580 1463 1191 4574 9372 837 9434 1313 2842 1996 4921 5666 5917 2339 517 605 7264 6814 8861 8604 3073 3528 2379 760 4860 5126 7235 4351 6827 9343 4467 7275 6203 9625 281 8882 7303 3994 3386 1170 4565 957 2571 3953 459 5259
3535 5823 6223 7620 6742 914 6151 0 1193 4186 3975 8602 7122 6887 495 3313 8755 9279 9770 1486 5370 4675 6397 6925 961 8867 2128 6272 6066 3188 62 2939 1068 9425 7556 1041 5074 3342 2617 6845 6358 7534 7202 7837 681 9582 8604 8693 4991 3804 2565 6577 4441 1435 3285 512 2747 265 7197 1946 1729 8486 5381 7781 4597 7308 1523 2395 8513 3425 3205 5545 7733 2010 3751 3016 156 5828 8450 8285 2531 706 672 5734 2969 4938 5938 7974 8973 6755 6840 867 6934 1471 6093 9374 3901 2215 616 8930 4113 4684 7671 9139 6241 3051 5011 1984 1466 4746 4649 3816 846 2948 1076 3099 9473 4918 264 4852 4355 1735 9910 8083 7608 7158 7597 1296 4758 5272 8302 1407 6691 7356 8246 8696 3164 3633 4115 8148 7946 572 2162 2332 8629 2117 2614 4867 6247 5997 9017 6651 4869 2135 5997 4899 5333 7385 1838 8626 2880 6275 347 1839 6546 7564 4905 4377 7694 7183 2186 9881 7386 2655 4877 8932 243 3018 3063 8948 15 4477 49 1029 8332 8811 8967 8846 8602 7018 6624 8476 348 3867 2560 4817 206 7839 6910 7187 4243 2978 800 4191 6084 3274 1391 5515 7712 5275 6977 8486 7221 710 9243 3662 9554 7151 1261 951 9338 5485 4055 8845 7529 6400 8009 2638 6535 9837 1112 6734 7906 1338 4800 1748 5262 177 3891 8063 6640 8975 6577 8976 4581 7615 7497 5696 1879 7480 7401 6473 8292 2387 3172 6228 1787 4506 5572 5831 915 7363 1729 5326 941 6179 9189 6995 6842 9577 9566 3960 4080 9520 5278 1904 883 2780 3500 4887 9755 4647 2413 2771 7311 2725 6998 3294 534 2462 6047 4701 3012 8408 2995 1455 6689 5701 3284 9392
9987 1773 2325 5506 5567 1010 2011 1193 0 2040 9133 5680 4174 6359 503 5769 4860 1205 6395 205 6477 3515 7379 999 647 2140 956 4676 1994 8858 8424 3674 5800 1627 7499 6161 3895 9330 6451 7032 5744 7689 4788 5066 5312 5445 2929 2442 1551 2681 7373 4162 9408 8870 4227 5398 1042 9431 87 6135 4201 9155 8368 1010 5027 4521 6429 4537 3849 8403 3361 4298 3310 5749 3188 7534 2920 3729 7651 9604 8787 9895 4866 5651 5582 1944 4587 1663 7255 1296 106 5780 9722 2765 2572 8420 1041 4711 7064 4599 6577 6208 4563 124 5387 9378 108 1592 8980 154 4303 191 7434 7360 2676 5538 6808 2832 3089 3790 9607 1151 6103 7980 6562 6283 3577 4488 623 754 5585 3888 5348 3059 7736 5692 5739 7849 3695 1050 2024 2522 2885 2287 644 87 1103 6241 9233 1756 1011 4562 104 7380 5782 3808 8436 7811 3874 9345 9956 3257 3169 8698 3954 6355 2829 3866 6288 3088 9323 452 7241 8670 8614 1679 3681 5404 7671 4647 8231 5756 8260 1604 153 3768 5277 9035 6175 9268 7326 9017 9710 5857 4919 6362 5913 5760 5832 604 5858 6391 4276 6031 4121 9569 660 7375 3557 9797 8424 1559 9851 2748 7430 7926 1681 7438 7956 7786 1957 94 8825 6637 3054 3054 2550 167 7248 3449 7128 2606 841 4619 1391 117 6445 672 4503 638 6330 5687 1835 2175 1439 4613 1549 2897 1819 5730 4068 2069 2681 2593 4191 3236 4338 9845 5885 1041 9305 5397 9313 1409 2222 8546 8370 3641 4168 4149 7301 8861 2080 7891 6306 9662 4382 7194 3815 8844 4452 8974 8495 2302 6259 2960 5360 1414 8871 7099 932 7957 4771 9024 6706 1897 2658 626 7394 8377
7414 8584 230 7673 788 306 8133 4186 2040 0 4403 9638 5643 8175 4730 4957 9499 876 466 68 6859 8986 7253 4794 4275 5922 1555 9510 4607 5345 1306 6450 8501 1492 6400 1897 9837 8580 2048 1087 7015 2985 9702 750 2313 7342 2290 5818 7962 5532 8063 1586 2788 4501 2845 3673 8550 6115 2615 5133 4314 6748 6480 34 335 4605 2390 7321 7355 6828 8185 3297 1146 9681 9964 1918 3730 2858 2083 3620 9019 6054 3540 4868 274 8838 5984 5297 3847 9129 8121 8407 3156 5359 7236 4365 3740 8089 1800 6731 4472 2696 6773 3695 3056 2244 4121 9365 8356 8594 3349 5082 7158 3986 1692 2137 687 2817 2505 9185 1637 6870 9787 6156 7641 2705 6024 1726 639 2699 3405 276 5096 2766 6772 314 6978 5483 7440 9696 886 7256 2396 4736 73 2477 9623 7481 6775 7900 9539 369 3196 7708 7968 4098 6321 1994 2918 7177 2912 1540 843 8114 3806 5007 8972 4421 4130 3569 4980 7081 649 2076 4215 5606 8517 6675 2379 879 80 3499 2258 9702 8437 413 7237 1433 7465 6041 2899 530 6664 4754 6179 3396 2603 2771 6341 9587 6314 6310 9105 1430 4441 1598 6842 9394 6375 2125 3438 2008 7377 2430 8345 8544 2420 9558 295 575 3591 8545 5384 7853 8770 3015 8907 3779 2542 9568 1795 429 2618 7083 4579 5864 9021 4147 3726 3703 1003 3831 2794 4676 5980 7929 6471 2120 8706 6661 7079 1801 5894 4371 8498 2391 9695 1271 5184 4785 5203 5436 1432 3358 8756 6903 6349 4708 2589 9149 4562 1552 115 5726 4393 3624 7277 1744 165 1857 5759 1801 2377 1843 968 9819 6255 7369 8695 8171 4580 308 5241 5679 3470 8812 8085 5605 9350 5607
5800 870 5193 105 5472 8495 8147 3975 9133 4403 0 755 8911 4757 7233 8220 2949 9380 9736 4013 9588 6833 8632 9081 7151 5597 2517 2572 9456 9482 6828 8190 317 5886 9384 659 6450 831 8640 4341 7517 6540 5950 4297 6993 174 1238 3661 7452 6523 8563 7694 4156 1603 9778 8407 8039 9971 350 5198 685 657 5090 5532 2460 5352 1525 6861 531 6869 3791 895 7916 1947 287 9115 5725 3811 8493 2047 9904 9083 6436 4871 3443 8203 8222 2 6589 6472 7645 1006 4445 2536 9901 6582 4929 1176 7063 5153 1209 3454 8549 4848 7585 5923 1922 4508 3396 5787 5809 8425 5624 1053 1803 1719 9375 5916 5772 8280 8912 8230 5368 7177 7329 8885 8186 936 4373 3456 9270 6445 6909 8549 490 9278 5323 3686 4991 7938 1773 2853 1592 8849 6728 9856 4262 3819 5471 1729 233 455 2509 8897 4436 9912 5558 8576 8438 6723 2348 838 4391 5698 9357 5919 5473 2730 2425 1131 6664 7896 6185 1475 2370 8751 263 6091 4416 1407 5497 6189 5785 7205 5618 3122 6370 6528 9667 9359 8652 2555 3444 994 2825 7207 9409 2754 6954 3585 7186 6993 1102 693 1578 7456 1134 445 6711 282 4974 2982 7637 2807 6095 4921 7688 6531 7671 7157 6422 6705 8812 6924 103 5334 1204 807 1480 5411 5554 8616 1775 8846 2696 1490 5298 9594 8477 3740 3821 2254 4823 9179 3032 6290 881 3753 4694 1506 9961 4143 3429 809 2834 2796 5767 2480 3271 2775 8735 6592 6016 7766 1519 3244 302 9808 62 8344 9215 5527 1437 1220 2738 7209 847 3056 8151 8573 8333 8094 4489 7625 5865 1264 5734 7037 4135 7233 2965 4914 4687 7192 7443 8660 2324 6966 1384 2477
8997 9485 6141 2927 6795 3784 9172 8602 5680 9638 755 0 5098 3353 77 2447 7016 7506 1560 7797 1673 2557 9845 6702 6303 3590 4786 7640 2807 6547 1577 8881 6292 3180 9337 3414 7332 6914 2971 4377 1720 2142 200 4731 1012 9 1963 6250 2761 3427 8407 6964 5492 8592 2852 4073 4231 7806 6836 1627 4129 3722 6397 76 9639 1749 2330 812 3965 3909 4603 9591 1263 4557 8290 7670 7280 1310 6237 5677 2932 6505 1236 705 7002 9215 1475 5695 1672 5237 4727 3084 8697 6463 2307 7591 4621 4797 4762 4740 9764 6276 9580 9431 9193 5846 8542 1445 2086 386 9926 8111 5598 7675 826 7404 3837 448 6794 567 4871 2197 7839 7826 4990 8261 6521 3327 9356 4403 4226 4673 3555 8885 2329 9751 661 8981 1783 9101 516 5074 161 7950 6815 4545 9713 4394 458 3390 5108 7276 670 2604 5450 8972 394 5120 4008 4833 1953 5384 460 1807 6604 3335 1513 1266 4593 9739 1977 3835 7531 4948 5610 4653 2405 1863 727 7769 9509 4040 5561 1832 733 2490 902 4267 5889 6841 2750 9026 3965 3997 790 4186 6478 9305 1182 6099 6735 8932 2149 8815 7719 9738 4320 1374 573 9330 8882 3245 8912 1551 6890 3897 9822 8602 6581 953 3924 5244 3801 9518 3195 8258 4449 7077 3808 5485 4797 7296 2880 9640 5520 3990 1586 5391 4977 3351 2204 5328 1552 2177 3992 3138 1566 3946 5795 6716 500 1972 3888 9315 7614 6524 899 7572 907 6696 8955 7245 4404 1036 5994 3826 1610 9308 5526 4051 8706 779 7125 5315 2084 266 8080 1051 5031 484 7235 4919 2715 9212 8021 3085 2460 5316 7418 3761 3604 6082 5424 7293 4113 678 7766 6362 4547 1494
7842 3991 8439 367 4616 8101 5322 7122 4174 5643 8911 5098 0 1596 8836 6399 5126 9646 942 5756 1378 8617 3381 5755 4343 3840 789 5023 1436 9720 2456 3125 7419 4661 9023 5203 1313 947 5327 1476 7066 8049 3969 2201 4045 4139 9576 2188 2956 1914 2462 5220 5148 9009 5001 3936 7967 6779 1492 1436 8294 8551 1327 9495 6524 2093 9759 3759 6907 2029 6829 5654 4764 7797 5310 5764 5522 3979 671 3022 619 8011 8262 4662 6500 2404 7563 9279 8746 8535 7869 3840 1646 3788 6087 530 7258 6255 7850 4679 4388 4756 1505 5185 2188 9164 3294 3551 7521 1717 1254 6904 5380 9552 1291 561 7796 6963 4423 5198 8953 3240 3612 1719 2478 8211 1180 3226 8130 1934 8989 4540 5452 8628 7471 1551 3353 9987 5615 8366 9599 6411 1705 2557 1777 1067 1185 6717 8789 2351 5010 4379 8868 5653 5352 9491 4925 6245 4973 6560 5154 7732 5094 4024 3646 7300 7130 9009 2767 3000 9437 6850 2192 8488 75 6706 3827 6573 4251 9059 541 8219 6730 7185 4508 1693 4489 2954 4178 1312 5960 1741 1212 4052 6884 4323 3258 2609 3639 5921 4955 2112 2910 2010 2406 8534 993 5733 9240 2076 9937 7673 2186 5368 7097 6084 7021 4445 6988 9819 7437 5552 5011 8665 3663 8946 2236 1655 4890 7921 5614 1479 4878 4006 9613 9297 2113 1791 9985 5358 3421 1166 680 6797 1197 465 1677 2069 9969 2521 6294 5819 9919 2556 8823 4044 4383 5331 7942 5182 3778 6394 7204 8734 8748 1610 149 9408 3940 974 2657 9517 2724 3566 3763 1432 2079 5201 918 4533 7360 3181 8752 2107 2950 6826 5257 1451 9284 7817 1777 2848 7591 915 3199 8288 4113 4553 590 8763
1095 3569 2890 4617 4599 1205 3475 6887 6359 8175 4757 3353 1596 0 7403 7466 7989 5703 8631 6829 1356 4595 8676 6503 9630 4842 2367 9883 3376 3977 5188 9010 4479 7964 5200 1805 6227 7072 4928 7292 3614 678 1521 5478 5493 8431 5540 7357 6731 1368 6699 4101 8930 8573 7586 3956 8973 2439 6394 4297 4367 199 8632 8937 6181 3766 7897 674 7382 4202 5733 6486 1401 1855 692 4205 5941 704 5491 6366 4968 1411 132 2437 9427 6541 1421 1930 7174 4742 1416 3702 9710 187 1786 5753 4728 8649 6595 3660 2135 762 9484 4635 8333 197 1455 7579 8158 5876 2680 1590 7904 4313 5613 4830 8952 8974 6186 4246 4869 7413 9329 5046 5136 8725 1950 4191 462 1197 1191 6946 6852 2168 8328 3498 41 4591 4758 7130 2491 9472 3758 3818 2629 3913 4132 683 9829 4087 6940 6159 8212 1406 6547 1512 2596 9078 1699 2545 9314 8493 2247 413 9646 7537 1341 5652 7749 9142 2346 7726 3913 7654 5819 720 6373 7585 9307 626 5738 5625 3098 2576 8459 2164 1542 1129 8260 2470 9167 7035 4392 4217 317 9385 557 1952 524 6101 6202 8239 4287 8943 9858 9444 6375 1430 3722 5143 6627 9366 7712 6721 7332 8354 828 9357 2873 1972 7308 586 5360 7438 8275 4617 9454 5961 3069 4103 5294 2183 4735 8251 212 3553 8498 8329 7097 4952 7491 9790 158 8861 511 7737 1123 372 3851 8715 9578 9913 8874 4437 4704 385 129 911 7638 6796 4576 4017 9109 9927 3799 3292 5355 8797 6795 6685 5754 1058 4785 1400 7902 7334 1059 4429 8975 5378 3144 6929 8454 9822 2575 4034 7277 1558 9077 6837 1790 9914 2426 4941 2316 6748 5924 1941 7557 8120
7871 4434 5836 3273 1474 9213 1507 495 503 4730 7233 77 8836 7403 0 1388 436 4675 6175 5374 3620 3012 4722 5503 6250 1142 7996 9889 3023 3092 8198 9270 1792 1404 6265 6687 4187 2653 6671 8337 4308 523 7753 2727 7914 1618 7421 5322 9920 7318 4623 2682 9439 5090 5033 2933 4779 468 1890 7529 8351 9546 7672 4762 5891 8129 8560 5706 6442 2553 9592 8820 4110 4317 9473 6840 6971 4310 420 4346 3852 3658 476 3183 287 2651 5030 4057 3389 5333 7406 8885 3883 1925 393 3256 6848 9948 1371 6668 8386 6656 5304 6083 2912 2545 8066 6440 2471 58 4540 4942 3124 7797 934 3759 4384 2046 9130 734 7306 5273 92 3687 8514 3538 6324 9365 3185 5733 7842 3376 8765 1361 8469 4111 9019 9540 3876 1018 6443 7801 9040 8133 5206 9632 7161 263 5294 7189 9397 3618 772 1395 5864 2065 2859 9173 8948 1335 8379 7423 9392 6236 3582 5907 2135 6438 4553 6880 2037 759 7202 8036 5126 9400 385 7380 9942 1614 171 8591 3414 9912 9175 4406 5290 9352 6657 1875 6034 1548 2330 7929 2872 8125 4508 6879 2722 5283 9064 5475 7313 2099 1452 5371 6813 7273 5077 1309 3923 8392 4463 4822 3289 6413 1680 5346 8707 9989 4096 7210 3035 4241 3830 3376 4276 8544 4206 5157 9286 6192 644 6964 3843 2890 2582 8996 3311 8926 9831 705 3894 4900 413 593 5351 7430 7429 544 4940 7019 1744 6649 9438 3339 2927 8883 878 7466 5500 1937 2458 6468 9716 9696 3316 3664 9266 6624 6257 3446 9365 928 2659 7407 9808 9297 9964 6020 3072 2944 3926 9575 3289 9052 9742 345 6051 9975 6601 2317 9385 2856 1062 84 4461 4065 7548 352
3930 5795 8323 43 5531 2027 5291 3313 5769 4957 8220 2447 6399 7466 1388 0 5203 2028 5913 1062 5352 8986 9996 2391 7230 6156 2956 5266 4688 8351 476 5154 4136 3132 8534 7089 4592 5138 3931 6198 7016 5204 1378 6113 6408 6191 6572 2222 1852 1134 450 6309 7291 4433 9700 3202 3304 16 182 8409 9614 9708 9606 4139 7786 6459 6467 5446 6544 2245 7276 62 1971 3153 4702 5707 5741 5906 2060 667 2374 7349 9617 5940 6599 9911 6544 2447 9232 9778 9605 11 4068 2472 6934 9256 5264 9157 6187 8057 4371 7037 1864 9167 3544 8689 5064 3161 9958 1862 3683 1136 6514 9575 3817 3008 4981 7918 916 8022 9937 226 1274 1088 9333 6926 6563 4559 3889 9801 9117 2943 3570 2820 7330 3546 7200 4495 6596 572 9061 3147 4628 4666 295 2660 6510 4147 4339 7068 8096 8407 3050 7495 2467 8765 284 7492 7296 149 7602 4290 5650 3891 1986 3236 810 5364 6743 8957 5295 7776 6924 2467 6273 7551 1207 6351 2008 3081 3389 8539 6277 4345 3626 7139 6762 3060 1353 8515 618 2063 6611 4247 2064 4823 894 6335 3380 4391 5423 4258 6750 9122 5154 5812 7382 5876 355 9382 8124 8375 2230 4113 742 9691 20 5712 8174 2333 1224 7897 9212 8396 7625 3858 7562 2474 2233 8472 7221 2445 6824 5575 9613 1411 2013 8205 3607 4894 7024 8421 9848 6969 6163 217 8130 5878 8641 9910 7131 1264 4528 4456 1018 130 4781 5314 6843 5076 4018 1158 7949 263 5082 5168 222 7224 4511 1297 4012 7338 2355 5479 3932 1481 8547 3848 5208 573 2147 6688 3088 6834 8595 4377 9545 8442 9695 859 6933 998 7483 4932 9891 7532 7153 9467 5660 3449
2542 6943 6868 9283 5611 1153 2610 8755 4860 9499 2949 7016 5126 7989 436 5203 0 5347 9862 7013 5380 5820 358 1341 3191 411 9496 6614 4123 2638 1677 6274 7155 2579 412 9165 3771 3158 5311 7609 7110 5811 9385 4676 2228 484 9527 9933 266 3589 8880 3051 9579 3395 9688 538 6388 4574 1741 3046 7664 9304 8493 2838 5085 421 1792 4946 2741 5912 5772 2467 7396 5697 5511 1960 1940 6537 712 9062 6360 4135 9766 3489 1428 8654 8765 8597 5983 4279 8644 8952 3720 4560 4423 9236 7446 3481 8425 1749 8259 6014 6612 6942 8196 941 3815 2577 7144 4161 6838 9245 3757 4269 108 1617 2469 2042 7127 6347 2475 1515 3442 2090 2738 30 945 6285 2585 3141 7593 3482 7941 8614 5186 5518 5877 7501 4611 1985 57 5908 1654 663 22 5520 7529 6499 2287 5423 2259 7369 4861 724 5596 4417 5283 2850 4943 3618 3964 5547 4563 9261 797 6903 6102 6427 8976 495 4511 9522 2165 8843 4078 7281 7363 4153 7446 5266 6108 408 9245 524 6854 7399 6809 9119 7649 2719 2308 5556 5445 2188 2640 267 777 9262 8276 1090 5250 912 130 7877 7616 719 7874 4302 9410 3008 2701 3163 3110 8796 57 950 5540 619 7518 3680 2112 5331 3646 7153 1477 7243 5840 2126 2789 5120 9659 1639 7866 9940 2824 2026 7071 3525 4903 1130 8029 9513 5034 3662 2221 4657 3897 1123 237 485 6075 7294 7044 2941 6117 5214 5840 923 9529 2700 5429 2438 2476 4516 2363 6577 1307 9259 2623 3599 7696 8337 5797 9364 2636 9492 2676 7769 1561 9877 6267 5395 4337 4204 7288 2550 6436 8142 1945 846 5899 9488 7893 9747 9130 9652 2977 7878 973 9043
3117 6769 319 3274 8083 6693 6503 9279 1205 876 9380 7506 9646 5703 4675 2028 5347 0 9054 9769 1877 1937 9142 3092 5956 9252 6691 9628 3301 3010 3423 2015 3478 9838 5659 6447 7302 1707 5544 4540 4555 9265 6958 7745 5266 125 5378 2244 1330 6029 3017 1221 9881 6491 4525 8500 76 9441 1065 9634 1837 7630 1074 9693 9776 4653 1686 1435 7898 740 4508 409 527 5848 483 1668 7101 4287 5082 35 1798 7377 8959 9719 7533 7145 2522 6676 664 7943 8989 8968 1992 8121 2460 4362 8101 1954 4717 8515 5871 8768 3753 9532 2836 9123 8343 5590 4791 8851 3519 8585 6359 1532 5610 6930 4835 6677 6775 8124 5177 998 8992 1223 3944 4455 643 4364 8391 1900 2275 8559 4713 4232 3999 3592 8030 5275 7278 6266 9135 7647 5824 8360 2108 9057 3673 9939 9895 2388 9018 8105 9968 9962 7557 7186 1816 6521 8060 2426 1838 6104 9697 5730 3725 9169 8350 3675 1698 8291 9464 8878 4248 9536 2755 8236 946 3769 2383 516 7546 5426 8917 8398 2079 5787 836 5485 2416 5249 1352 4409 9445 455 2585 8526 4255 6895 9542 3997 782 3441 3109 3400 9399 8366 8887 4877 6874 8719 181 3567 1134 6243 6161 3259 6664 9589 7217 2790 4556 3654 3541 3614 2124 4721 1944 3573 344 8569 5796 7216 3191 7802 6963 4379 351 4617 4408 2536 4888 6116 2203 8844 5616 6175 9706 698 1830 6086 4129 3115 8442 7828 8732 4081 5764 9291 4624 610 5013 7868 7525 9414 3289 4623 531 7571 3463 759 5350 6480 1655 3518 719 358 4642 9011 6454 4152 2444 6114 8797 6360 7471 7627 4542 4504 1942 2195 7709 5040 1539 9204 2918 6126 807 9988 7611 7811
4748 170 6972 313 6626 377 7421 9770 6395 466 9736 1560 942 8631 6175 5913 9862 9054 0 4451 6685 7658 2265 420 441 4351 4803 8216 5241 2003 4693 1628 9589 6436 7551 6336 366 9000 1902 1893 7438 1772 4194 3109 4009 9280 2650 2555 1368 364 40 403 3621 6912 2122 3655 8167 1627 8024 8730 6110 3856 2177 1572 640 9662 8368 4887 8764 8449 2854 1095 9013 7055 1451 9401 474 2342 9991 3551 1532 3394 2387 2381 9246 9119 5524 7535 2197 107 5457 4613 1796 537 9319 7882 9193 3179 2950 8986 8538 8020 9904 7880 3456 1486 8502 3248 9895 7855 8439 4772 2483 2670 6618 9601 1661 2936 3472 4149 8901 9955 6006 567 7451 1055 6682 5519 7581 1834 8819 9496 2040 1843 9021 7951 8221 7103 7862 3510 8538 7530 3917 8350 5340 8955 5083 4803 1541 1713 7737 1334 9884 616 5454 838 4836 2394 5051 6234 1272 4631 1342 4827 9093 531 7986 7270 5218 1865 7441 9296 8825 2682 4136 5183 935 953 2327 7891 8634 2170 7643 4675 1193 1288 3793 6265 6762 4005 5338 6496 7260 5315 3576 7848 5356 3234 3934 2111 3422 7428 1771 3428 9646 5363 7551 4077 7901 6772 2220 8907 7152 4891 7899 3042 4984 5819 5289 2253 3009 4224 5216 3514 1070 8874 6810 3796 7021 6382 669 4536 9576 2172 1208 2958 4091 9585 7714 798 2593 9285 6645 8881 2254 9631 1966 7878 1785 2469 233 9461 4666 7319 3165 2535 4975 3577 1704 6209 4738 8141 8553 3109 1618 4198 3454 1764 7058 7820 484 7026 7569 1341 7400 6755 5925 2436 2438 5193 7974 2432 7835 1871 8224 2416 2256 2934 2732 4773 2036 5736 6162 9391 7790 1556 8935 7831 1996 8770
9213 8876 2926 1311 6399 4021 3700 1486 205 68 4013 7797 5756 6829 5374 1062 7013 9769 4451 0 5766 9345 1488 9477 9526 726 9069 268 6510 8878 7741 9533 3619 6749 5010 6768 6522 1332 9620 7754 8645 3117 680 2095 4985 3062 4155 3953 8881 2609 8646 5781 2629 6244 5731 3562 2395 2068 3923 2598 1399 4613 4951 7788 8731 3366 726 4511 2165 7046 8811 2273 2232 3230 6266 8439 5682 1152 7675 5852 8997 5861 6533 6313 8585 4626 2423 2487 2135 5502 4564 5968 9436 5822 929 7234 8191 8917 645 9223 6420 9333 1598 6490 5298 6621 2171 9741 5115 934 1076 3361 9561 4698 4544 266 2176 2916 5611 30 1259 1893 4453 6070 1996 3723 8423 388 6872 2988 2958 3683 8900 3866 5105 7943 7308 1238 4604 976 9122 9967 3885 8003 8974 2938 8868 7233 2117 9976 6662 1175 5125 7211 5888 7799 5239 7302 6619 7488 9339 3244 6011 9968 6822 5581 6889 3971 217 6240 4844 8443 824 9681 8473 783 4289 9723 3146 3186 1827 5426 4667 8819 1288 3192 5977 3056 6391 4885 1877 9752 3430 7279 3767 7287 5679 7200 9730 9462 3576 642 2740 1252 6492 7300 8714 8646 4004 36 1435 1415 7226 9085 7545 4782 8080 5738 2623 1776 7504 5281 6920 3840 2952 2815 1568 8034 3555 4494 2791 9911 3007 7593 7052 8189 6747 2182 2782 987 9089 9082 727 4236 6346 9792 5686 3476 6808 9279 509 6232 3677 1278 9460 7702 386 2454 1366 1092 1306 8457 7278 8144 4060 6894 377 3462 5017 6027 3259 9099 5122 6668 5063 3836 1936 5742 5846 1261 9684 7595 763 6979 8063 230 8189 7425 1890 7715 2346 1700 9886 4767 9878 7354 297 2695 3458 4420
843 9560 597 4351 2149 3301 1986 5370 6477 6859 9588 1673 1378 1356 3620 5352 5380 1877 6685 5766 0 2549 9404 7951 4103 2817 7693 4982 2034 5647 7793 9220 6639 5602 7081 7066 9329 5987 5390 3357 5165 5877 342 2903 5147 4661 1251 7679 600 6927 3921 3659 4007 9729 5482 851 1325 8885 2575 8177 6503 883 481 4381 491 8113 861 7839 3466 5071 4968 3638 5207 8986 4116 9074 8478 2931 5330 2159 5077 883 5265 4132 2 5955 79 2262 4968 3952 4046 5232 3087 8581 4349 9918 95 4363 1355 1281 9844 683 7841 1563 4750 6087 350 4563 762 8995 8866 2541 8174 7965 9178 7534 6461 5467 9508 9332 9733 343 8812 9520 3440 4031 3022 8628 2254 1022 8471 4968 9380 4002 3303 7076 7021 7878 9268 5653 6302 9305 9925 8523 340 3838 3065 3695 7938 1118 7758 8691 1491 3086 5020 1155 9381 5504 7778 5844 5611 2985 3291 9020 8611 7496 80 5118 1090 7888 5445 1317 6200 1482 2653 4155 8447 7718 4673 2181 4137 1804 4601 1576 9249 3631 7987 3769 1461 8479 8465 4087 8769 5388 5980 9708 9042 7048 9306 1267 3280 2833 2169 6085 7382 6663 6467 2678 3025 9095 4794 5532 4105 6575 6159 2101 102 2304 1250 4821 6875 6285 2053 2925 3870 4543 4370 86 4168 5516 5326 7291 1487 4157 7176 1326 1198 3982 189 351 5659 391 8653 5854 7375 2766 8471 4415 741 707 5182 6914 2596 5379 6407 5840 5930 382 8421 427 1088 5064 8804 7669 667 4911 629 6560 956 8512 6271 4475 6804 9055 5460 8958 7340 556 6735 691 2827 5892 7231 7761 9516 5202 6940 5553 1100 4168 7777 9804 9491 1031 7082 1463 754 2063 1175 6648
8310 1676 852 8819 1025 371 8397 4675 3515 8986 6833 2557 8617 4595 3012 8986 5820 1937 7658 9345 2549 0 9091 7641 7215 3513 9520 921 7528 1664 1728 2046 6225 8562 9925 5108 4260 531 6374 9161 5569 2256 979 9394 9725 4397 1319 1514 6764 9298 3307 4120 711 9317 6733 4628 3962 5158 8245 1370 2659 6565 2471 1826 4497 9716 4538 7843 5234 2468 3578 7139 9544 3001 6229 6881 7112 4493 4920 8890 9433 7381 3985 777 4363 4369 4152 7194 5041 9230 6135 7676 3818 9589 1712 2310 2132 1354 9705 4782 9520 847 8686 409 4033 7436 7829 8816 5219 3364 9676 235 4169 7770 466 1755 4638 6238 8787 5466 2142 4794 5109 9605 3394 6297 4084 1102 8028 8180 8241 3533 3813 9305 5392 7132 4687 4826 1498 4680 7005 2296 6435 6736 5696 8207 9430 3393 9570 8513 7687 9519 3328 8315 955 1507 8288 9411 6546 5423 2872 643 7901 3037 5323 5265 9102 3087 2736 5868 3741 6466 5527 147 3446 7743 6898 1818 8004 4077 353 1741 5897 5104 1375 6 1010 1569 1816 4066 5170 8277 3504 3171 4813 1073 3978 6031 1690 7416 7429 4526 6815 3858 7307 4093 2605 2921 1933 781 7410 9594 5535 4365 5459 154 1940 9475 8645 4370 6763 1029 9543 3276 3218 7945 4799 7319 211 4658 2445 7008 5804 9920 8660 2120 3424 2009 4104 1657 6606 8550 7510 6327 6758 9086 7924 3761 448 6373 5833 3482 5300 4945 1041 9054 2633 7605 2054 6946 8158 1580 9882 5269 905 9848 3370 8513 924 2909 618 1441 6079 4605 5910 3358 2920 8769 3470 902 6056 230 5819 6070 9550 6435 1643 6087 1514 9682 6956 6233 5280 6488 6182 9092 208 9614 7732 3658
1481 104 7917 8838 8084 8654 283 6397 7379 7253 8632 9845 3381 8676 4722 9996 358 9142 2265 1488 9404 9091 0 1852 873 3192 1395 2924 5403 8161 1135 6903 2106 7196 6547 3196 3271 5604 6920 8268 8173 5929 6312 1932 1693 1315 2198 6084 7567 404 1278 1151 4646 8344 2897 8974 5010 3604 6883 3994 4331 1689 6893 925 9159 8455 7248 4041 6812 4312 9888 5087 3332 855 4109 2833 3784 7232 7324 3178 4688 6836 4307 3769 7892 7799 2976 4670 1489 9689 7246 4125 8429 6869 8543 6327 1785 4755 3695 8084 7360 4040 6274 4935 3879 9861 3467 2096 7323 2429 9230 3484 7185 8750 9621 272 4927 6116 248 8864 4021 2597 6686 3811 9188 7861 7213 2303 4047 1304 3308 5396 9965 8122 5070 8075 6696 7234 938 7176 4277 8083 6123 3846 4318 3722 8897 611 3690 8385 2248 2535 802 8116 9258 1322 5832 5537 5564 8618 7306 4999 4609 7565 8353 2522 761 9081 3465 7143 79 9745 7931 5095 4058 1216 6064 561 7404 9396 3112 9218 7665 9341 2170 8208 5817 603 1606 664 1220 3183 649 4277 3730 2704 563 6940 2505 679 9645 7010 7917 3769 883 3662 1063 9701 7996 4263 8202 8512 3708 2945 4697 7822 6942 2534 9909 7793 138 9188 8301 5843 9582 1682 8269 1188 2147 5981 8813 917 2062 6260 3490 8883 8294 9381 9459 9288 1972 3623 705 6944 1242 2961 1949 994 5206 7225 9156 4288 7708 2042 2316 3318 3420 3720 4839 827 1093 4152 8820 6463 3044 7584 7677 6923 4971 7855 3262 4129 3729 6067 2483 2623 8190 1274 2986 1866 6070 1424 551 2997 3725 5784 1378 9558 3918 7800 2402 3110 1630 5494 6515 9780 867 9974 3142 5131
2175 8468 5301 5531 1962 7317 1202 6925 999 4794 9081 6702 5755 6503 5503 2391 1341 3092 420 9477 7951 7641 1852 0 4566 7723 2532 2018 4950 5369 3003 72 5305 8572 5893 8452 2732 9501 9256 8903 4018 1966 4556 5409 7454 8371 4856 3095 241 1242 4787 413 632 4425 6330 4345 613 1955 761 6647 4170 7609 5954 5371 4517 372 9345 7946 2834 6299 5071 740 9378 3158 3695 5450 6520 8227 5490 1828 3282 5192 2256 5334 307 8368 5683 3909 4093 2911 5314 9901 6324 3694 7150 4423 105 2822 2508 5154 3970 1935 5491 1838 6326 4728 6302 8733 1683 1704 7206 2339 247 7336 3460 5956 3320 9149 1449 4559 1002 5974 2285 8519 9664 2493 512 9321 996 9709 7446 9020 1534 4358 5431 9931 6899 931 7516 2358 6062 1317 7884 561 1896 9353 5163 5806 6059 1656 1511 1765 4074 6595 659 1660 2240 2352 421 3011 4842 2716 2035 1215 838 3815 3828 3927 5993 112 4870 6691 8804 9785 131 4266 114 88 6503 5922 569 7145 7035 4375 3274 7797 3023 1741 8785 678 8735 4027 6488 5029 4264 2529 5011 6957 3852 3105 7474 9652 3366 3477 6943 998 4454 805 2545 350 5772 4026 8147 3830 7852 8630 3928 1253 3074 3568 3884 8535 9619 2851 9750 4994 8615 9958 9730 5326 531 9840 5392 1438 5305 7244 1803 6659 3044 9770 7764 5616 620 5022 3974 5818 5175 6989 1359 5925 5601 2943 8222 3303 6461 3201 2241 5932 3332 1439 8573 2562 7152 3801 9907 5680 9558 6260 2276 9908 6355 7822 5977 2961 3074 8989 2043 4289 4089 1788 7535 5064 9065 8517 2370 177 5845 6252 1898 5237 4175 5420 8058 1345 673 5660 7500 9426 1771 6534
1169 1390 6981 8436 911 22 2550 961 647 4275 7151 6303 4343 9630 6250 7230 3191 5956 441 9526 4103 7215 873 4566 0 1329 2447 6441 3519 9668 6354 2813 7975 7492 6295 206 4959 4249 7991 8093 3743 1403 3110 7145 4373 6667 9019 4696 7200 2000 7092 9341 8626 7682 648 6653 2995 6407 5151 288 2044 7166 2048 4737 407 3697 5455 5759 2310 6706 325 2124 3652 6327 6066 7690 7804 4221 1315 3941 6600 994 5379 7511 5441 423 8146 186 8545 4217 5553 8257 2974 9313 8899 1901 1029 9582 7351 5604 3723 221 2148 3965 1119 1413 2530 4269 1721 5318 421 1341 7019 7106 5155 1927 9109 8205 1948 8372 9562 478 5984 6767 6346 6339 1596 791 6572 7393 9736 8463 7418 3280 8052 3580 1835 774 3876 7401 3716 2916 9552 71 8083 600 6916 111 6392 7020 8316 741 5641 30 5747 3047 4493 5650 1163 3543 8663 4768 758 261 5901 5083 390 4558 4375 9854 6206 5810 5728 3896 4992 7318 3460 7411 5856 8973 9215 5788 2653 6962 5941 2606 813 7331 9286 296 5744 4673 993 9950 3779 9535 7830 1680 3955 229 3680 1751 1390 2392 7482 9500 978 4650 3910 4528 6041 9421 7115 7935 6578 8908 1926 5247 38 4303 1421 5028 3902 9959 335 3945 1486 781 9333 7753 2068 2830 3552 2527 7828 2697 4807 1031 3860 7071 1618 3809 8574 6428 962 3707 5843 9311 9721 740 935 8468 6648 7951 8469 9020 8020 1642 223 2269 263 3253 8451 5950 6048 1347 5751 6094 9085 9329 3443 2190 6616 424 1708 3499 7668 5512 6056 4380 8797 1722 7303 3465 4137 440 4605 8865 3807 891 5851 8347 2174 6551 7342 5074 1381 3671 1079 8067
3006 1957 7315 5855 2205 3462 8458 8867 2140 5922 5597 3590 3840 4842 1142 6156 411 9252 4351 726 2817 3513 3192 7723 1329 0 6595 5286 955 5113 2643 7804 8427 6745 8480 1577 4131 8178 8049 321 9500 4553 2877 2277 1595 940 2336 3360 9581 2983 5214 4185 6721 879 2882 5888 9124 9082 1792 8908 1721 4649 5724 287 6462 6772 5111 6523 548 3133 616 6148 1553 2738 2089 6407 7502 6898 7993 8323 95 4140 6187 5291 2163 9701 9592 7515 2179 2585 3626 1667 4422 4347 1496 9577 7348 9992 159 982 8130 7026 7060 314 3606 6041 547 2245 6873 1509 1478 3368 6002 4306 4382 3737 5130 4703 2568 9800 2645 6532 5497 412 8797 2097 2948 8416 6527 1533 7959 8227 455 9604 3381 294 8167 3267 9177 1328 630 1250 3292 4597 2231 3811 2237 8223 9555 7698 2249 5697 3422 5829 4279 581 1340 384 7351 4236 2231 8803 7476 2857 2783 7954 8358 2309 8048 8958 14 4397 3511 6926 9907 5762 7208 8169 1694 8810 8621 3478 3374 3884 3719 2519 5684 8720 6204 4693 8398 2081 5804 5388 4248 6234 73 8977 1918 1330 5725 4086 5157 8850 7826 4407 719 1214 8145 1646 5258 1483 2756 890 6762 6431 4981 6882 6753 779 7067 3241 1229 5457 7315 797 9170 8537 9520 8680 8393 6952 5479 8992 3509 4149 8734 1202 6725 4509 2227 5496 2021 374 2014 4133 1856 7060 9806 643 9048 5168 6130 6053 909 6172 5797 9881 4090 7259 2185 2265 9805 314 1303 7109 6259 219 4305 2092 481 3628 5208 9323 5356 2035 1093 4706 9925 650 1210 1198 5863 3488 1009 8716 1069 3437 902 2310 8562 5507 466 7343 8685 7980 8022 7269 3945 5329
6033 8883 5424 471 7628 1256 302 2128 956 1555 2517 4786 789 2367 7996 2956 9496 6691 4803 9069 7693 9520 1395 2532 2447 6595 0 4108 3554 6340 2246 6956 4177 5569 4062 1039 1647 261 9919 4490 6319 8492 134 9010 885 454 7705 1984 1968 11 8932 2839 6259 6455 7026 3999 4901 3815 3169 7919 2029 9290 1120 7352 789 1240 9149 206 8109 9724 6313 4758 1074 8425 2715 7415 1291 5987 7228 3292 6665 4967 3994 4054 3526 6076 8766 501 4701 673 6112 3725 3901 4653 946 3062 4359 8156 3832 1624 6302 876 137 3416 4587 2289 8979 3136 8353 5151 5865 8653 5880 865 9621 3285 4541 8284 5202 338 9151 3714 9027 8816 3788 2333 3485 9128 7622 744 3847 6456 1332 6386 8162 3199 4559 8405 6614 1603 8703 9920 2924 4336 1609 1507 3403 7983 1353 518 8405 9074 3912 3534 5875 5518 3981 7540 4975 348 681 4496 2608 6858 1040 6499 585 9782 4182 4011 9629 9315 2083 526 3291 1812 4052 2803 1211 8031 1233 2784 5495 1537 9535 8606 5630 941 2070 7215 7958 794 9599 53 1162 8669 4630 5487 8921 1598 2682 3883 4290 683 5286 2415 3010 3463 3636 5319 3823 7260 4678 361 3622 1764 1678 5309 6782 5089 3596 9802 8515 8973 2086 8212 6483 1070 1528 571 5812 9713 1336 8649 3460 1361 3115 567 8076 2335 773 7218 1955 876 6435 8514 4207 2743 4260 6606 2464 7952 4284 6867 1684 8204 9225 4058 3705 4514 7857 3417 4495 4280 6010 882 4842 2700 8077 391 320 9142 3622 4695 6501 9972 4920 4157 6636 4302 1067 7816 7216 897 9886 4989 6584 3433 7771 1594 7904 4564 3097 1810 7387 7862 9117 6309 9685 8056
