100
0 7372 9960 2804 2168 7286 4321 2537 3675 1946 1599 1216 2849 6876 1400 7079 3335 1229 2106 5092 1980 1170 2706 8058 544 3223 7044 7680 5731 8464 6603 2388 7964 1167 2528 8625 3355 1459 5251 935 7333 2115 2792 7795 4468 7886 8226 8811 3068 6758 6154 3278 2545 6321 6960 4129 9615 4134 5282 4102 7082 5717 4055 2657 8684 6095 6848 4867 586 7698 5795 2480 819 5635 3203 3441 8050 6417 3235 7965 1887 9421 2154 9434 5553 1934 7453 8365 306 4374 1027 6362 5184 2942 3642 4966 5017 9449 2795 573
7372 0 5380 8486 4234 8332 980 2177 9806 4301 9502 8453 2209 416 4593 5719 6372 9341 7676 603 8717 2607 8964 3888 4546 5196 4560 1688 1140 4194 1787 4993 7020 4485 951 1640 6213 2678 2620 1366 3831 7631 4275 7573 9372 34 660 7334 3513 4037 5731 7443 3358 9722 6100 110 88 8002 9688 9315 5851 2682 1890 6812 3799 4586 5220 751 2239 2893 7829 8753 2326 6663 6748 209 2237 6943 9284 5910 7885 5336 2793 3926 3166 5811 1596 9272 1610 8992 778 6992 6691 7243 2443 6232 533 10000 2276 6628
9960 5380 0 6720 1765 1967 2997 511 6527 509 4563 8000 8335 8340 7283 9284 1710 7403 1696 3288 4320 8535 8554 3906 6584 1566 5573 8089 6829 2901 7043 8725 4897 533 8792 8209 1807 4642 3244 1746 3604 3547 9351 1779 582 8613 616 9775 10 6446 4630 5840 8988 2941 7012 368 6977 8412 3730 1652 1949 3550 4081 3976 5489 9522 1442 5849 4100 3972 3062 1450 4963 1625 7003 1059 1282 2392 6868 35 2740 5159 3156 6186 6832 3211 5253 3028 7447 8946 7892 1295 662 3196 5569 544 4398 8544 6989 1314
2804 8486 6720 0 4631 2961 1360 6114 8922 836 7688 9393 6621 6563 8921 3290 6285 3742 6634 1225 7160 3047 3949 7186 3881 5292 6935 5455 9673 4763 7420 4234 3371 661 6797 8208 2895 1928 6105 4575 3816 1553 6555 520 4075 5209 3764 6746 3814 9907 8515 2275 1247 5806 4144 3639 3253 4220 3221 6705 1545 7401 4959 2352 215 2396 5748 3490 8201 7726 4386 8561 4365 5361 8406 4143 289 6381 8389 7384 6374 4204 1581 9310 606 3420 4031 505 1362 5140 5740 5051 2037 4602 2647 3187 1509 2554 9660 4740
2168 4234 1765 4631 0 7945 6993 3063 7678 5897 6071 5254 3153 9240 9625 60 7360 5507 7505 6224 9983 6752 9400 3486 7284 9410 2110 726 8564 3483 1135 2650 8746 4599 8537 4991 1221 8639 7168 5361 8157 5736 3845 3610 8683 8442 6220 3327 475 494 7303 6716 3543 2515 4262 984 8780 5903 3937 673 7902 6463 6538 6281 7597 6463 9658 3432 4582 5319 7291 9307 2088 8812 5241 1729 4597 3127 1409 4683 896 431 798 1634 8890 3588 7748 7563 4536 94 5666 3302 6380 5500 3478 3428 7714 6853 2174 479
7286 8332 1967 2961 7945 0 4054 8509 7183 4455 2777 2408 9508 6324 8341 2798 1339 1763 8197 8895 1036 2655 8970 4133 8169 1459 1718 8631 4942 4335 7223 6486 927 9658 3429 7122 2430 8011 685 4817 5117 7861 1874 4420 88 3704 4371 6776 9124 6269 1492 9151 986 6312 6403 6510 2258 6484 6656 6225 8381 2633 8605 8394 1911 3824 8638 2172 4811 8748 9480 5584 7252 9425 141 607 9412 7572 6426 5926 3453 1394 374 8023 8562 8221 4608 2809 3815 3851 235 1524 8234 7132 9106 7269 1121 6626 4755 8272
4321 980 2997 1360 6993 4054 0 9683 9804 9572 1755 6249 4349 4584 7886 2053 9751 7765 3213 888 5545 7372 2945 9462 1070 5452 2196 7026 712 6646 1203 9426 1506 998 5055 5436 564 4591 4085 7466 2235 3604 1423 3042 2371 8067 8748 2760 9199 2662 3156 2928 7780 7916 5830 8524 1949 2628 4921 3602 9465 786 4546 3469 929 7206 230 5892 2164 7953 7042 5036 9605 425 2729 1007 1462 4280 147 7704 80 8769 9093 1418 7427 5969 2391 1113 9295 2509 1941 525 5562 5621 2556 7689 4833 2354 4336 2252
2537 2177 511 6114 3063 8509 9683 0 9985 174 3618 4847 6847 1534 9481 6129 7980 8340 9406 3181 3711 9667 5284 8359 1065 7374 236 1130 6340 909 6235 4551 6083 5022 1508 5571 7469 8983 5044 1269 6221 9316 2910 9816 1848 8594 1786 1429 237 6768 787 1584 1266 6794 5630 6409 6552 7273 7817 6171 4946 5012 1002 3400 2706 9579 1129 4137 1616 7995 8799 1145 8559 1542 8641 7011 7354 3728 7851 3181 5297 6287 9194 3212 3042 6582 7650 5954 4669 2825 7162 8790 3639 6752 179 7197 2006 6532 5293 3117
3675 9806 6527 8922 7678 7183 9804 9985 0 289 1077 3692 4270 7404 4145 980 2895 75 8868 9764 2931 3356 496 2161 4874 749 8569 9794 4343 5656 9187 6205 6925 8159 3262 2173 7986 7452 9325 3107 9429 4123 7507 389 9539 1435 6387 1968 9083 7653 8439 7786 9049 8369 6507 7523 5756 2416 8779 3535 8899 1008 1158 2280 9347 7263 364 4922 2668 6266 8781 9746 2052 8403 3571 9745 5023 7511 9304 7498 5527 5918 7829 3717 1361 4267 8618 7193 5435 9140 2711 3603 6146 9181 9399 3125 9326 3818 8038 1835
1946 4301 509 836 5897 4455 9572 174 289 0 5144 8041 4807 7316 4611 4111 7450 524 602 2449 8908 7862 845 6303 2846 9224 8125 6816 5146 4126 1506 2059 1506 7759 3025 8580 7620 8652 7024 3923 5146 5544 5874 3045 490 7420 6235 620 9766 9306 3248 2524 1526 2607 3268 7881 6062 3422 967 9294 1507 8069 1006 9034 6036 546 8987 2171 8969 4994 1020 4148 1750 7236 9551 3868 8893 7928 9149 227 3292 5761 5426 1058 8114 5305 2885 6094 1428 7145 3666 4703 4837 1095 417 8676 3878 903 2635 294
1599 9502 4563 7688 6071 2777 1755 3618 1077 5144 0 6323 1053 2336 9128 1034 8304 9381 459 9320 1530 6292 2463 4429 848 1507 3258 3986 2873 5625 2135 8429 7456 4445 1790 6912 1031 4411 4819 1873 6381 1559 1631 6469 8001 4867 8243 8828 3954 6152 5915 4766 7259 53 1413 7693 2756 75 4212 5312 8623 804 9400 200 1278 5975 3655 9346 5311 4255 1580 2361 3284 9435 649 8016 7657 2170 8030 2797 4587 6779 2503 6634 4080 7972 52 2235 2585 6246 3442 1653 9543 5186 9423 6271 9940 6826 8791 8218
1216 8453 8000 9393 5254 2408 6249 4847 3692 8041 6323 0 2512 7881 4365 8607 6186 799 8565 2453 2910 7806 4575 8456 6952 8154 3020 9372 7127 29 4166 6312 1672 7362 3582 3432 4573 8503 4379 3158 5703 6799 1237 926 9535 9016 1761 8068 8422 9644 8622 6350 9076 1535 6515 5185 1622 6720 1510 93 8474 2683 1491 7430 1138 8053 4815 5950 3293 5085 8833 7925 1039 9997 1978 1137 4388 8447 4739 9006 3522 5423 9497 1418 2031 8094 1257 3375 5972 3974 9098 6796 2733 2518 7218 5233 8063 5108 8710 5336
2849 2209 8335 6621 3153 9508 4349 6847 4270 4807 1053 2512 0 5770 9965 7262 6676 1173 631 5916 7884 4308 2307 9859 2358 1950 819 7048 2152 605 4457 8276 5284 3349 9326 9279 7072 620 895 7369 6494 9462 7898 3505 9433 883 1265 3394 947 865 9296 8392 8888 7535 8811 6670 7752 2000 3126 9236 1792 3762 5279 5799 7005 4311 9577 8138 1597 1479 7272 7875 7277 2307 2713 254 4863 1816 8682 2932 8807 259 439 146 4815 6447 5647 6235 156 473 3515 5310 4128 9396 8084 999 5761 407 8224 757
6876 416 8340 6563 9240 6324 4584 1534 7404 7316 2336 7881 5770 0 4839 2578 9859 1848 2494 113 9778 520 5839 6259 5381 946 4347 8437 4110 6547 9744 6659 1937 9358 6143 4179 2840 745 3211 8821 9985 2742 9746 7239 9663 7234 5127 1233 3458 3635 549 6842 6206 7742 6717 1380 5656 8173 3602 2296 8839 9136 8631 7591 2253 5148 3286 8927 8261 3990 429 3497 9432 4569 5099 7273 5649 7733 4238 5426 9307 5276 6950 2386 9359 515 3579 8808 6436 9724 5408 8822 3400 7465 1052 7365 2772 2812 495 3806
1400 4593 7283 8921 9625 8341 7886 9481 4145 4611 9128 4365 9965 4839 0 3086 6700 2679 3889 8624 1541 8042 8013 2059 7622 9535 5911 8713 8279 9914 6925 8437 8240 6747 7599 3619 1126 7149 568 3387 447 3190 9991 4311 7076 5228 4356 8477 1281 3504 4886 2240 58 7994 2778 8793 8260 9642 673 7230 1060 2075 9011 5380 9149 2256 2675 5651 5125 3199 7651 3705 7270 2164 7864 8736 1049 3064 5921 7989 7109 1836 3478 8036 7998 5327 4240 9499 9413 1337 2599 2962 1395 5845 9425 6643 8335 9650 6255 4489
7079 5719 9284 3290 60 2798 2053 6129 980 4111 1034 8607 7262 2578 3086 0 2772 4085 7426 9332 6485 1212 4280 8919 1586 6071 6809 2569 9156 8977 9843 7797 50 8644 9386 7749 7294 2899 4085 5351 3762 4811 5405 1258 5428 6001 61 3075 9898 3923 767 9509 8078 3762 406 3386 2548 6922 6223 868 5531 8771 7545 3389 2529 5331 8629 6804 1717 9138 1093 9703 8031 2048 9350 9672 60 1996 3746 7684 303 8552 6074 7979 4087 3156 1149 8087 8775 7686 5258 2313 3349 6363 8674 1590 470 9439 7660 3928
3335 6372 1710 6285 7360 1339 9751 7980 2895 7450 8304 6186 6676 9859 6700 2772 0 4825 6617 3396 8880 4697 6224 8579 8239 9486 7849 3012 2403 2365 4288 6865 6372 3608 3611 127 9236 3753 470 6190 956 5183 4517 1278 9516 332 8040 2043 4904 4419 6566 4365 8393 4758 5040 7077 4335 7255 9059 531 1993 2372 2631 3780 9271 741 9308 2621 754 3443 7321 2879 4670 7825 266 8868 7200 3616 8414 4318 5147 9497 8190 2114 380 5522 5129 1977 5269 3605 8923 3181 7454 9034 2584 3879 6502 9992 5211 6832
1229 9341 7403 3742 5507 1763 7765 8340 75 524 9381 799 1173 1848 2679 4085 4825 0 423 2265 3555 4161 9106 5738 2626 4640 8911 9625 1526 9855 3588 459 4699 2292 9130 1404 4147 6582 2941 152 3246 3258 864 8993 3869 1330 1905 9022 7226 6319 7640 2720 5599 9227 8046 3386 1640 2750 4097 9084 2074 5025 6275 9304 9252 7694 3947 5074 4366 9271 6515 7348 8664 5127 6853 6673 6299 481 628 254 4766 8369 9014 7663 4609 5638 4280 1871 2116 6827 9364 3419 5979 2794 5793 7248 5090 2839 6131 487
2106 7676 1696 6634 7505 8197 3213 9406 8868 602 459 8565 631 2494 3889 7426 6617 423 0 4347 6160 2986 5651 1845 9623 7235 5363 3241 9193 2382 2932 7600 1208 4308 7313 3880 9516 2813 3231 972 9663 2125 1349 3424 512 1469 9749 4384 3929 590 2477 7523 6900 260 7948 6029 2465 4807 1188 7649 1596 9912 1960 9445 3038 1085 7589 1813 5843 6714 1603 3891 3973 8352 6134 3428 9652 3737 4053 4020 4721 9909 9955 4223 7119 4818 8557 1901 7223 2229 7589 4661 5257 7297 9743 4963 6776 3036 6468 5886
5092 603 3288 1225 6224 8895 888 3181 9764 2449 9320 2453 5916 113 8624 9332 3396 2265 4347 0 4472 890 5286 935 5209 5635 7337 3483 3966 8961 142 4032 1647 407 399 2059 3808 508 994 2974 5233 8387 6351 9166 354 2429 3162 1557 1241 4101 4435 4235 1465 5260 7573 302 8725 7978 2161 6619 4634 2187 4776 258 6188 442 2085 7279 7231 9213 1783 7971 1522 1337 5905 263 2231 7943 4785 6024 6286 2823 5327 4432 6969 2248 9217 1238 1441 8550 6711 7673 8424 786 5240 5811 8445 9295 6316 7725
1980 8717 4320 7160 9983 1036 5545 3711 2931 8908 1530 2910 7884 9778 1541 6485 8880 3555 6160 4472 0 8723 925 2573 542 475 5411 9028 4335 3268 8939 6823 2413 3436 2082 5917 2481 7580 7442 1312 1774 8378 578 1525 1147 5507 5873 936 3848 3542 1761 5556 1587 2436 9981 5694 278 4376 9175 1669 8760 8230 8503 5445 7742 3109 8899 4309 1090 3832 9187 5861 7180 5084 2697 2821 2276 4106 7610 2723 7367 2695 1661 3989 4847 2833 8695 216 8160 6784 153 7408 2248 932 800 6453 7343 7384 5985 3671
1170 2607 8535 3047 6752 2655 7372 9667 3356 7862 6292 7806 4308 520 8042 1212 4697 4161 2986 890 8723 0 640 9050 5241 2512 5844 5868 3000 2467 943 3335 9429 1104 5826 8669 6503 4378 306 8359 4782 4736 9212 764 8820 8561 7561 5910 8670 1181 6818 6059 4609 5423 7836 2826 4741 3692 8327 6203 3620 9858 1281 4949 2983 6437 3709 2591 8071 4775 8732 7425 4324 96 5122 6905 6075 9599 9495 7662 1778 6051 8374 3468 5732 355 2249 8543 2006 9337 4832 5872 176 9562 9664 3497 2080 6268 9498 5929
2706 8964 8554 3949 9400 8970 2945 5284 496 845 2463 4575 2307 5839 8013 4280 6224 9106 5651 5286 925 640 0 4085 4514 8125 7619 1515 2549 7392 2016 4787 4862 995 2328 6095 546 777 3937 4317 4062 5816 3853 9402 1327 6061 5393 2749 1693 5371 2296 5352 9281 6903 6738 5180 5509 6703 867 2010 2689 8482 617 704 881 7211 2794 1807 576 3319 1905 6716 2724 315 6142 2342 9613 6401 9617 3942 7969 7129 4986 3290 1085 5383 3644 8474 5984 5734 1683 9232 4043 675 7009 1824 1943 4953 5854 9058
8058 3888 3906 7186 3486 4133 9462 8359 2161 6303 4429 8456 9859 6259 2059 8919 8579 5738 1845 935 2573 9050 4085 0 5814 6281 186 6891 7296 9684 6780 1674 652 6438 4011 4906 9689 2990 5052 4701 8871 9966 6633 4138 9505 492 7146 6596 637 2434 1673 4445 9488 3975 5053 9427 5587 2103 1317 9253 9841 5775 9891 3065 4519 1609 8383 702 390 9331 7311 4264 7710 6262 2994 6752 4682 4000 9909 6738 2140 651 3535 3754 4220 3968 3211 1175 7917 180 318 137 2581 577 1653 7067 285 234 4662 4361
544 4546 6584 3881 7284 8169 1070 1065 4874 2846 848 6952 2358 5381 7622 1586 8239 2626 9623 5209 542 5241 4514 5814 0 8951 3454 8644 5411 5794 8941 6755 9734 2740 6654 1525 3602 3599 5698 8862 2401 4113 112 5451 8562 285 1333 9018 7036 9887 111 5443 6276 4946 5884 9556 6226 2878 5679 6182 7248 1988 8120 7663 4996 4468 8420 8181 4816 7671 1015 1828 8822 8047 8979 3625 6617 9387 6376 7221 2395 9577 1447 1930 9519 8110 5045 3056 9108 5655 2919 6949 9156 6214 4564 4270 5238 8955 5802 2005
3223 5196 1566 5292 9410 1459 5452 7374 749 9224 1507 8154 1950 946 9535 6071 9486 4640 7235 5635 475 2512 8125 6281 8951 0 8750 7780 4550 9228 6523 8420 5264 6739 2355 6271 2088 4355 9547 9127 1873 9448 2296 1504 1394 2982 312 9732 6144 1284 4980 989 2776 4538 3207 3402 3886 3452 26 9099 1319 3027 9821 271 5817 5543 4376 6090 3420 4378 3976 9175 436 2989 4242 1661 3716 6463 6678 325 4607 7229 2268 2978 4916 5296 4343 830 6690 9418 1801 5476 3837 4969 5499 6326 6479 3638 4355 9399
7044 4560 5573 6935 2110 1718 2196 236 8569 8125 3258 3020 819 4347 5911 6809 7849 8911 5363 7337 5411 5844 7619 186 3454 8750 0 9927 8782 3852 6483 5657 6438 7854 8646 5042 4776 7334 6798 1801 4308 2500 1233 3638 9852 8039 3926 6819 7658 3939 6059 431 2027 9488 8226 8282 8393 3743 7887 8031 6845 6177 167 5325 9473 543 4281 1025 9491 9116 8276 4551 9971 253 3346 5573 6333 2953 4962 8826 900 6966 7537 680 3153 9515 7097 5526 1294 1264 7316 1306 2298 65 8200 6056 631 6338 1570 1945
7680 1688 8089 5455 726 8631 7026 1130 9794 6816 3986 9372 7048 8437 8713 2569 3012 9625 3241 3483 9028 5868 1515 6891 8644 7780 9927 0 4842 8791 9842 1107 3895 6622 7444 9077 2105 6364 4574 9204 9383 2662 8998 943 7854 4553 6237 2263 9586 7057 5902 928 5988 3279 5510 473 7292 7642 2432 5118 7513 6597 6950 1675 9634 3703 7168 2827 8942 551 9412 861 2368 2670 5683 5391 7413 111 6859 47 1841 4481 7612 614 9420 4840 2030 9517 77 7481 3762 7472 1796 3924 3348 6609 8504 3556 5852 400
5731 1140 6829 9673 8564 4942 712 6340 4343 5146 2873 7127 2152 4110 8279 9156 2403 1526 9193 3966 4335 3000 2549 7296 5411 4550 8782 4842 0 3561 1766 9006 1429 9993 1000 3093 6221 441 1672 1185 124 7792 4517 3957 9518 1748 8107 8052 4157 9012 6622 5592 8617 3667 5027 2470 8327 8802 50 7291 475 6202 61 3617 3455 2175 6958 1428 211 6591 2119 7504 6196 6837 2610 3764 9363 8350 5594 2127 5170 4471 4408 5612 9092 9084 504 6802 6213 9362 7223 297 7912 8358 2021 2407 9070 1944 1553 813
8464 4194 2901 4763 3483 4335 6646 909 5656 4126 5625 29 605 6547 9914 8977 2365 9855 2382 8961 3268 2467 7392 9684 5794 9228 3852 8791 3561 0 6987 4808 1357 9682 6406 8395 9011 3512 4480 8266 9585 9630 19 707 6459 7361 5232 3296 944 1024 4947 3983 7951 5227 2500 2005 4988 693 1367 2225 1693 8198 2089 2597 814 3853 5893 1278 7330 3403 8512 1123 1226 2886 3061 6857 2492 575 5266 531 7893 5422 3288 9841 9835 5841 7591 5144 5564 8338 1163 3217 2691 8503 5392 9281 609 5232 5788 8942
6603 1787 7043 7420 1135 7223 1203 6235 9187 1506 2135 4166 4457 9744 6925 9843 4288 3588 2932 142 8939 943 2016 6780 8941 6523 6483 9842 1766 6987 0 9974 4280 2294 4241 8401 3236 1621 3914 5624 4916 831 5453 6795 178 3179 2069 8724 6144 4482 7261 7174 4768 9656 6114 9705 2744 7515 3221 1372 3186 1303 7771 4129 8030 2071 207 1871 5541 4779 6442 4235 6067 2654 7895 9498 7529 2243 9366 4696 3878 1605 6767 6047 9851 5516 5177 6235 5614 3806 458 9533 5947 5478 6872 2410 4958 8176 1679 5088
2388 4993 8725 4234 2650 6486 9426 4551 6205 2059 8429 6312 8276 6659 8437 7797 6865 459 7600 4032 6823 3335 4787 1674 6755 8420 5657 1107 9006 4808 9974 0 56 5056 586 4694 6211 3954 5462 2502 3560 8112 410 6308 4651 1368 341 9733 6105 5066 7534 6445 1087 8918 4286 1021 5131 7642 6462 8263 8675 393 8184 2054 294 9714 9617 8696 4000 548 3046 6668 6963 9878 8297 1563 9822 9729 3118 8530 6094 9009 6557 5497 8782 1463 1975 3772 7222 1484 7916 5089 3796 5591 1754 2803 2506 3860 3876 3098
7964 7020 4897 3371 8746 927 1506 6083 6925 1506 7456 1672 5284 1937 8240 50 6372 4699 1208 1647 2413 9429 4862 652 9734 5264 6438 3895 1429 1357 4280 56 0 4454 4097 4885 7745 444 9873 1989 463 4389 7585 1448 9777 7615 9505 5744 2751 9026 4210 3166 4069 105 7411 7714 9992 4797 9970 6565 2192 9634 988 9513 7388 3657 9623 2156 7136 6456 7057 2988 1029 6996 6514 8935 9864 1745 2319 9584 5278 9658 5758 6480 9208 5707 1280 9620 1179 4608 5108 8966 546 3273 4299 9852 9050 7360 2413 2103
1167 4485 533 661 4599 9658 998 5022 8159 7759 4445 7362 3349 9358 6747 8644 3608 2292 4308 407 3436 1104 995 6438 2740 6739 7854 6622 9993 9682 2294 5056 4454 0 5913 5188 5115 7334 9690 3237 9110 5195 1343 8772 6864 9733 6447 8980 9805 8746 3318 8172 1726 5090 5483 6289 291 2887 2388 2442 8336 9647 220 28 6353 2373 747 101 150 1003 5362 3577 1998 1134 1844 2063 7129 3106 5624 7866 5409 9395 2351 3358 7827 2378 8609 2545 4496 3201 6850 5315 402 2239 9386 3034 7857 3797 5416 5383
2528 951 8792 6797 8537 3429 5055 1508 3262 3025 1790 3582 9326 6143 7599 9386 3611 9130 7313 399 2082 5826 2328 4011 6654 2355 8646 7444 1000 6406 4241 586 4097 5913 0 6416 8287 309 2881 3934 6636 4633 4579 384 6432 1578 9421 2259 8342 4342 3756 1291 3923 6004 1674 1531 1191 4931 9283 8886 2864 25 5980 5482 8566 6637 1800 6534 8266 6182 9548 1425 7514 7852 9470 7922 8343 8930 3003 6713 3797 3371 1316 3762 2600 8676 6596 4748 6942 9593 2796 7238 9143 7236 2313 3679 4372 2019 8222 7946
8625 1640 8209 8208 4991 7122 5436 5571 2173 8580 6912 3432 9279 4179 3619 7749 127 1404 3880 2059 5917 8669 6095 4906 1525 6271 5042 9077 3093 8395 8401 4694 4885 5188 6416 0 3405 5517 6139 7768 7964 7387 7437 9882 881 4358 8523 6618 4958 372 6613 74 9293 5119 7366 8809 6411 9978 4181 2310 6050 9985 6646 9659 8937 8662 4877 8201 3263 799 3201 73 7578 5985 2296 7506 3911 6548 6361 746 3221 7123 9047 9336 8834 2553 6792 1900 6394 2818 6763 1580 2570 4720 5722 9903 5724 3162 5936 5330
3355 6213 1807 2895 1221 2430 564 7469 7986 7620 1031 4573 7072 2840 1126 7294 9236 4147 9516 3808 2481 6503 546 9689 3602 2088 4776 2105 6221 9011 3236 6211 7745 5115 8287 3405 0 1575 6463 459 6974 845 8972 618 348 2494 3902 352 7557 2389 7608 3050 8386 1103 1207 8241 4561 808 4245 6782 1899 5684 7901 7614 8646 316 4348 978 5317 8530 923 7885 5873 2471 6429 6143 9163 2144 4295 8610 6576 9295 1035 1283 7490 9361 6769 7382 1383 3560 8426 4532 2158 9210 4977 7944 5589 3856 7988 1863
1459 2678 4642 1928 8639 8011 4591 8983 7452 8652 4411 8503 620 745 7149 2899 3753 6582 2813 508 7580 4378 777 2990 3599 4355 7334 6364 441 3512 1621 3954 444 7334 309 5517 1575 0 8694 5179 5580 7438 6318 6204 556 6928 2821 9498 3157 258 7395 3955 2134 4392 7274 902 115 2251 133 1388 4713 6526 3909 3012 8280 214 8767 2750 9388 303 7894 8698 9667 4723 4376 1370 3842 4506 4168 311 7466 6350 2594 9740 4476 3446 1529 1707 5018 4364 2957 7434 6852 6326 7455 7659 1726 188 3613 3183
5251 2620 3244 6105 7168 685 4085 5044 9325 7024 4819 4379 895 3211 568 4085 470 2941 3231 994 7442 306 3937 5052 5698 9547 6798 4574 1672 4480 3914 5462 9873 9690 2881 6139 6463 8694 0 2391 5032 5039 2624 9329 7052 8196 3727 7817 8167 5421 8191 8230 8758 1291 1862 5149 6034 563 8376 5893 8887 2010 8031 3087 1791 7541 2390 536 3362 3375 6404 7414 23 8042 5204 3450 2255 1591 2394 2103 5381 5105 8791 9250 3043 5091 6939 6149 4494 6402 3109 3014 4259 1284 4937 8168 3216 7532 7205 2297
935 1366 1746 4575 5361 4817 7466 1269 3107 3923 1873 3158 7369 8821 3387 5351 6190 152 972 2974 1312 8359 4317 4701 8862 9127 1801 9204 1185 8266 5624 2502 1989 3237 3934 7768 459 5179 2391 0 1456 60 2265 1884 2294 8426 6305 1537 7420 183 9146 2745 8454 1096 7309 5544 7 5528 9869 3008 1102 2765 2494 8299 932 8552 9395 198 8766 6816 28 4727 1280 7686 2977 6272 4038 5076 4747 7790 4836 9968 4882 1701 5229 6602 8132 2221 4778 1080 8855 1234 3244 8343 5434 3174 7769 9324 1678 5412
7333 3831 3604 3816 8157 5117 2235 6221 9429 5146 6381 5703 6494 9985 447 3762 956 3246 9663 5233 1774 4782 4062 8871 2401 1873 4308 9383 124 9585 4916 3560 463 9110 6636 7964 6974 5580 5032 1456 0 8011 5324 3565 7226 5894 5028 6236 2411 1306 4384 2957 5883 5087 4802 2357 7654 9332 159 1075 3835 2938 9774 4589 9240 6921 4836 5463 9202 1835 5266 841 6242 2216 6134 6540 4077 8054 3701 3527 2817 7197 6767 8710 3434 8198 9477 9736 175 1732 6153 8060 2741 1471 1093 2633 2599 8031 9209 7832
2115 7631 3547 1553 5736 7861 3604 9316 4123 5544 1559 6799 9462 2742 3190 4811 5183 3258 2125 8387 8378 4736 5816 9966 4113 9448 2500 2662 7792 9630 831 8112 4389 5195 4633 7387 845 7438 5039 60 8011 0 1095 4529 1233 6067 8030 945 8385 8787 7238 5424 4589 3127 9339 5662 882 2279 533 6771 1907 7177 6041 8368 6972 6120 2217 6191 2382 3654 1725 3297 6871 6041 6907 5328 4054 2696 9545 5220 2963 3375 1635 1668 419 2039 4800 7858 9417 6309 668 3772 9886 7006 9253 6967 9070 9568 8488 5988
2792 4275 9351 6555 3845 1874 1423 2910 7507 5874 1631 1237 7898 9746 9991 5405 4517 864 1349 6351 578 9212 3853 6633 112 2296 1233 8998 4517 19 5453 410 7585 1343 4579 7437 8972 6318 2624 2265 5324 1095 0 3521 2439 6418 1422 8911 1752 8068 4035 4347 1787 8871 2321 1113 9108 1299 7108 6529 7986 5469 9602 9040 779 7130 5160 6310 7414 7717 7981 6784 5194 7083 6948 3636 571 6965 7316 8902 2104 805 88 5311 6920 5889 2788 8282 1832 9746 3627 840 6670 2568 6092 7873 7473 7122 5410 8400
7795 7573 1779 520 3610 4420 3042 9816 389 3045 6469 926 3505 7239 4311 1258 1278 8993 3424 9166 1525 764 9402 4138 5451 1504 3638 943 3957 707 6795 6308 1448 8772 384 9882 618 6204 9329 1884 3565 4529 3521 0 8732 6735 8405 1240 8736 5768 7534 6730 8172 6409 2049 5270 1704 4605 4442 8761 534 8050 1195 1850 8585 8859 9953 265 1766 9427 8107 2826 4347 5924 7704 5100 5206 8461 4405 7435 6821 453 1845 1398 5628 1276 8107 8228 5922 9267 6634 4862 5365 1739 9740 7948 3501 8733 3994 8229
4468 9372 582 4075 8683 88 2371 1848 9539 490 8001 9535 9433 9663 7076 5428 9516 3869 512 354 1147 8820 1327 9505 8562 1394 9852 7854 9518 6459 178 4651 9777 6864 6432 881 348 556 7052 2294 7226 1233 2439 8732 0 3584 9307 812 1389 2981 8393 4206 3814 5939 6890 3140 5806 435 2924 6913 8473 8273 695 7812 505 6560 9406 2174 5277 5135 7913 6128 355 1933 1053 9028 4637 7926 9528 6230 2708 9014 5773 1394 5150 9918 3324 5374 6086 1748 2188 5923 820 5516 3207 9120 6895 657 3124 969
7886 34 8613 5209 8442 3704 8067 8594 1435 7420 4867 9016 883 7234 5228 6001 332 1330 1469 2429 5507 8561 6061 492 285 2982 8039 4553 1748 7361 3179 1368 7615 9733 1578 4358 2494 6928 8196 8426 5894 6067 6418 6735 3584 0 1452 1730 2587 8222 2742 8386 1988 7994 9724 2863 9867 8638 1154 268 7778 4316 6479 5815 378 9950 8004 6740 1441 9661 9962 4524 6384 954 9854 7336 929 2707 7175 865 8826 3212 2400 9567 4052 219 3352 9845 4334 8679 2989 1926 5224 8893 9249 259 6240 8198 7450 3444
8226 660 616 3764 6220 4371 8748 1786 6387 6235 8243 1761 1265 5127 4356 61 8040 1905 9749 3162 5873 7561 5393 7146 1333 312 3926 6237 8107 5232 2069 341 9505 6447 9421 8523 3902 2821 3727 6305 5028 8030 1422 8405 9307 1452 0 2680 5461 6511 441 2184 8752 9643 97 7832 1884 1057 5416 1111 641 5420 9002 424 3030 137 1040 4975 9246 4875 8523 5443 5274 5496 9517 6390 8117 4717 8632 9112 2047 4903 3033 658 6699 1411 1633 4932 581 3026 451 4279 3808 4666 5860 6763 1820 8597 2373 828
8811 7334 9775 6746 3327 6776 2760 1429 1968 620 8828 8068 3394 1233 8477 3075 2043 9022 4384 1557 936 5910 2749 6596 9018 9732 6819 2263 8052 3296 8724 9733 5744 8980 2259 6618 352 9498 7817 1537 6236 945 8911 1240 812 1730 2680 0 3895 8461 7882 192 1747 1384 2922 7114 878 4908 1771 7599 2510 4210 2034 946 8085 3763 4636 5290 5347 6833 4900 8542 3618 9311 7198 2130 6844 4738 3814 9936 7942 8313 653 578 9842 5311 7048 7793 610 8573 4784 5461 7576 7134 3420 4692 7365 8809 5167 6632
3068 3513 10 3814 475 9124 9199 237 9083 9766 3954 8422 947 3458 1281 9898 4904 7226 3929 1241 3848 8670 1693 637 7036 6144 7658 9586 4157 944 6144 6105 2751 9805 8342 4958 7557 3157 8167 7420 2411 8385 1752 8736 1389 2587 5461 3895 0 7067 5787 1019 8686 6843 4419 3381 4659 786 2279 4905 7680 3238 6073 2559 5890 8950 5723 5671 5158 4143 9008 6910 1290 9211 5803 6158 8883 3865 5294 7548 3351 100 4245 6250 2146 8740 2529 571 4580 6231 9379 5221 5248 6966 7217 9159 9595 5381 2771 5735
6758 4037 6446 9907 494 6269 2662 6768 7653 9306 6152 9644 865 3635 3504 3923 4419 6319 590 4101 3542 1181 5371 2434 9887 1284 3939 7057 9012 1024 4482 5066 9026 8746 4342 372 2389 258 5421 183 1306 8787 8068 5768 2981 8222 6511 8461 7067 0 685 5023 7796 5304 9172 1790 8660 6723 5281 2923 5707 5822 9519 6269 3669 5439 4353 3625 4052 1872 6165 2012 1038 4921 9420 5022 5567 9876 5639 4811 9306 2670 2873 3682 7901 7682 1682 9813 9535 3892 6400 2672 4029 5504 2911 2652 4710 9913 2051 8117
6154 5731 4630 8515 7303 1492 3156 787 8439 3248 5915 8622 9296 549 4886 767 6566 7640 2477 4435 1761 6818 2296 1673 111 4980 6059 5902 6622 4947 7261 7534 4210 3318 3756 6613 7608 7395 8191 9146 4384 7238 4035 7534 8393 2742 441 7882 5787 685 0 8236 198 6998 8689 4062 4443 1478 2375 6157 1895 8096 1710 1296 8722 406 680 4042 6003 1949 3075 275 3305 967 9137 9295 8463 4203 3174 8716 2569 7936 5252 3703 5376 7 498 4100 6320 7026 5556 8885 284 6228 2505 3139 6899 3040 962 4323
3278 7443 5840 2275 6716 9151 2928 1584 7786 2524 4766 6350 8392 6842 2240 9509 4365 2720 7523 4235 5556 6059 5352 4445 5443 989 431 928 5592 3983 7174 6445 3166 8172 1291 74 3050 3955 8230 2745 2957 5424 4347 6730 4206 8386 2184 192 1019 5023 8236 0 6001 832 3795 9601 2033 1318 6944 20 865 7737 9042 7195 5111 3557 6050 9370 2890 9916 7221 5349 5946 5997 787 2369 5886 5879 546 9054 3209 5589 6788 5500 4755 2044 9488 6051 4684 4328 5688 554 6629 2772 5733 8624 3386 7481 8412 487
2545 3358 8988 1247 3543 986 7780 1266 9049 1526 7259 9076 8888 6206 58 8078 8393 5599 6900 1465 1587 4609 9281 9488 6276 2776 2027 5988 8617 7951 4768 1087 4069 1726 3923 9293 8386 2134 8758 8454 5883 4589 1787 8172 3814 1988 8752 1747 8686 7796 198 6001 0 1044 6643 7032 1883 3789 5177 4190 5838 156 7691 1193 5706 454 7347 6431 3546 3747 6685 904 6134 1206 1393 760 6207 6303 60 3303 8931 1629 2260 8653 6398 2861 9206 3465 3111 279 713 2907 1763 7825 7591 9913 2568 8382 6195 4027
6321 9722 2941 5806 2515 6312 7916 6794 8369 2607 53 1535 7535 7742 7994 3762 4758 9227 260 5260 2436 5423 6903 3975 4946 4538 9488 3279 3667 5227 9656 8918 105 5090 6004 5119 1103 4392 1291 1096 5087 3127 8871 6409 5939 7994 9643 1384 6843 5304 6998 832 1044 0 3958 3265 3401 124 6635 6500 8650 4686 4664 6836 8422 3201 3404 1639 8076 7434 5677 8425 4600 4924 1986 9734 5452 247 1777 8647 9284 5068 5743 4091 9809 2821 5139 7819 5716 532 3740 6975 3598 1258 6657 3783 5273 9532 9717 8042
6960 6100 7012 4144 4262 6403 5830 5630 6507 3268 1413 6515 8811 6717 2778 406 5040 8046 7948 7573 9981 7836 6738 5053 5884 3207 8226 5510 5027 2500 6114 4286 7411 5483 1674 7366 1207 7274 1862 7309 4802 9339 2321 2049 6890 9724 97 2922 4419 9172 8689 3795 6643 3958 0 8813 1856 8577 9001 8218 7835 759 7298 1745 110 4473 2877 4830 6299 3925 4096 6518 2807 179 3832 3164 5352 8550 6946 3460 8730 2985 5970 1884 2130 8521 2391 7638 894 7605 1889 3393 671 2114 3843 4912 1128 5326 7091 8860
4129 110 368 3639 984 6510 8524 6409 7523 7881 7693 5185 6670 1380 8793 3386 7077 3386 6029 302 5694 2826 5180 9427 9556 3402 8282 473 2470 2005 9705 1021 7714 6289 1531 8809 8241 902 5149 5544 2357 5662 1113 5270 3140 2863 7832 7114 3381 1790 4062 9601 7032 3265 8813 0 3974 7285 1783 7661 1594 8336 44 7243 6028 3468 1478 4294 5433 1741 5904 3023 4619 107 3307 7095 7547 4585 8347 3302 5263 9594 4087 9525 6202 4643 2394 6286 9354 8947 4839 8071 269 4241 7034 6295 9458 8147 2263 6135
9615 88 6977 3253 8780 2258 1949 6552 5756 6062 2756 1622 7752 5656 8260 2548 4335 1640 2465 8725 278 4741 5509 5587 6226 3886 8393 7292 8327 4988 2744 5131 9992 291 1191 6411 4561 115 6034 7 7654 882 9108 1704 5806 9867 1884 878 4659 8660 4443 2033 1883 3401 1856 3974 0 7057 2630 582 2737 404 3291 5679 4330 2509 1389 2225 8727 4086 5379 7924 9179 5270 8917 1078 9306 4450 6272 306 1829 7766 3839 4761 5380 4265 1503 6095 6651 7819 3525 7579 2993 196 672 4753 9906 7168 6784 4356
4134 8002 8412 4220 5903 6484 2628 7273 2416 3422 75 6720 2000 8173 9642 6922 7255 2750 4807 7978 4376 3692 6703 2103 2878 3452 3743 7642 8802 693 7515 7642 4797 2887 4931 9978 808 2251 563 5528 9332 2279 1299 4605 435 8638 1057 4908 786 6723 1478 1318 3789 124 8577 7285 7057 0 3708 9136 3152 2726 9470 5876 557 7596 2245 7271 8869 8898 9150 7476 1655 2763 520 6418 205 20 8360 9115 3230 9639 7844 8612 6552 3377 4297 1068 3620 5853 1771 5561 9415 8142 786 1970 2599 2316 6191 2673
5282 9688 3730 3221 3937 6656 4921 7817 8779 967 4212 1510 3126 3602 673 6223 9059 4097 1188 2161 9175 8327 867 1317 5679 26 7887 2432 50 1367 3221 6462 9970 2388 9283 4181 4245 133 8376 9869 159 533 7108 4442 2924 1154 5416 1771 2279 5281 2375 6944 5177 6635 9001 1783 2630 3708 0 5788 258 6769 3646 152 2811 4587 4066 4391 5937 369 9486 488 3864 7877 5798 2113 9517 6928 5150 5404 4493 2068 4421 262 2154 3455 7181 2163 9432 9418 9210 8187 9938 4821 8614 6173 5541 3966 5908 2510
4102 9315 1652 6705 673 6225 3602 6171 3535 9294 5312 93 9236 2296 7230 868 531 9084 7649 6619 1669 6203 2010 9253 6182 9099 8031 5118 7291 2225 1372 8263 6565 2442 8886 2310 6782 1388 5893 3008 1075 6771 6529 8761 6913 268 1111 7599 4905 2923 6157 20 4190 6500 8218 7661 582 9136 5788 0 9484 8524 4672 1763 6733 9253 4088 5375 5527 9587 4674 5210 9314 9438 7633 2488 1975 232 4970 3758 6520 8119 1490 8545 6927 7257 6382 4611 4375 5953 5706 8366 9151 8639 55 350 8748 4851 6661 8918
7082 5851 1949 1545 7902 8381 9465 4946 8899 1507 8623 8474 1792 8839 1060 5531 1993 2074 1596 4634 8760 3620 2689 9841 7248 1319 6845 7513 475 1693 3186 8675 2192 8336 2864 6050 1899 4713 8887 1102 3835 1907 7986 534 8473 7778 641 2510 7680 5707 1895 865 5838 8650 7835 1594 2737 3152 258 9484 0 8662 2785 5276 7708 4493 3782 6162 6190 3533 3009 878 8086 4928 1877 3219 9804 9278 4059 4662 7824 1077 7405 6225 5561 7764 3972 5277 9194 7218 8229 129 171 5940 2123 8437 8489 4622 43 9370
5717 2682 3550 7401 6463 2633 786 5012 1008 8069 804 2683 3762 9136 2075 8771 2372 5025 9912 2187 8230 9858 8482 5775 1988 3027 6177 6597 6202 8198 1303 393 9634 9647 25 9985 5684 6526 2010 2765 2938 7177 5469 8050 8273 4316 5420 4210 3238 5822 8096 7737 156 4686 759 8336 404 2726 6769 8524 8662 0 6807 9243 8348 4260 9923 2190 4054 7495 1974 2023 4859 4818 9146 2205 9840 4640 2943 2694 6852 9188 727 2914 1776 1479 3863 9093 938 6998 1314 3693 1561 3054 3069 8885 3247 1745 8397 4411
4055 1890 4081 4959 6538 8605 4546 1002 1158 1006 9400 1491 5279 8631 9011 7545 2631 6275 1960 4776 8503 1281 617 9891 8120 9821 167 6950 61 2089 7771 8184 988 220 5980 6646 7901 3909 8031 2494 9774 6041 9602 1195 695 6479 9002 2034 6073 9519 1710 9042 7691 4664 7298 44 3291 9470 3646 4672 2785 6807 0 5843 7282 5793 8730 7234 9734 4036 4421 9523 6666 7696 2001 678 3437 9248 2929 8813 7170 5247 6768 8351 4880 1278 2958 1861 8859 9747 5544 4391 5727 4259 9344 2101 1824 2016 2122 9506
2657 6812 3976 2352 6281 8394 3469 3400 2280 9034 200 7430 5799 7591 5380 3389 3780 9304 9445 258 5445 4949 704 3065 7663 271 5325 1675 3617 2597 4129 2054 9513 28 5482 9659 7614 3012 3087 8299 4589 8368 9040 1850 7812 5815 424 946 2559 6269 1296 7195 1193 6836 1745 7243 5679 5876 152 1763 5276 9243 5843 0 436 2777 7503 2432 2104 5680 4002 1480 3370 2534 4198 5757 449 7948 7995 2618 4288 9252 4889 7118 8160 7210 4777 5597 2889 1817 5384 2432 5193 2825 7926 784 7661 5786 5806 4108
8684 3799 5489 215 7597 1911 929 2706 9347 6036 1278 1138 7005 2253 9149 2529 9271 9252 3038 6188 7742 2983 881 4519 4996 5817 9473 9634 3455 814 8030 294 7388 6353 8566 8937 8646 8280 1791 932 9240 6972 779 8585 505 378 3030 8085 5890 3669 8722 5111 5706 8422 110 6028 4330 557 2811 6733 7708 8348 7282 436 0 5114 8704 7424 7074 5900 8955 3168 6383 490 6228 8743 3387 3766 4501 4383 1287 8586 9062 3451 2188 775 1213 8288 1407 185 5306 595 7668 9904 7270 3111 8613 687 349 6242
6095 4586 9522 2396 6463 3824 7206 9579 7263 546 5975 8053 4311 5148 2256 5331 741 7694 1085 442 3109 6437 7211 1609 4468 5543 543 3703 2175 3853 2071 9714 3657 2373 6637 8662 316 214 7541 8552 6921 6120 7130 8859 6560 9950 137 3763 8950 5439 406 3557 454 3201 4473 3468 2509 7596 4587 9253 4493 4260 5793 2777 5114 0 9593 3043 3793 3597 1806 1203 2483 7387 5660 298 5280 2033 1752 2238 8027 729 5321 3387 2565 3345 758 6596 5506 1334 4531 9121 8395 9964 6377 4819 8453 5709 2490 3781
6848 5220 1442 5748 9658 8638 230 1129 364 8987 3655 4815 9577 3286 2675 8629 9308 3947 7589 2085 8899 3709 2794 8383 8420 4376 4281 7168 6958 5893 207 9617 9623 747 1800 4877 4348 8767 2390 9395 4836 2217 5160 9953 9406 8004 1040 4636 5723 4353 680 6050 7347 3404 2877 1478 1389 2245 4066 4088 3782 9923 8730 7503 8704 9593 0 8449 3316 6483 423 5473 4795 806 7136 4267 3818 9674 5697 4590 5633 5851 5383 2080 8239 7482 7723 6086 1360 4481 7085 1507 3728 7670 7088 632 6847 6880 7001 2893
4867 751 5849 3490 3432 2172 5892 4137 4922 2171 9346 5950 8138 8927 5651 6804 2621 5074 1813 7279 4309 2591 1807 702 8181 6090 1025 2827 1428 1278 1871 8696 2156 101 6534 8201 978 2750 536 198 5463 6191 6310 265 2174 6740 4975 5290 5671 3625 4042 9370 6431 1639 4830 4294 2225 7271 4391 5375 6162 2190 7234 2432 7424 3043 8449 0 3956 7143 915 3152 5399 5550 5030 744 422 5686 9981 7618 2304 4651 7470 1555 8226 7584 379 4930 4908 5411 8503 3296 1757 4419 3171 8497 1049 5975 7846 2364
586 2239 4100 8201 4582 4811 2164 1616 2668 8969 5311 3293 1597 8261 5125 1717 754 4366 5843 7231 1090 8071 576 390 4816 3420 9491 8942 211 7330 5541 4000 7136 150 8266 3263 5317 9388 3362 8766 9202 2382 7414 1766 5277 1441 9246 5347 5158 4052 6003 2890 3546 8076 6299 5433 8727 8869 5937 5527 6190 4054 9734 2104 7074 3793 3316 3956 0 8492 4078 5619 9460 3961 9909 2058 8732 486 7439 9030 9157 6318 4625 945 1107 5093 4808 8683 8538 3307 3277 3828 7125 2958 6156 9446 7139 7919 6878 8404
7698 2893 3972 7726 5319 8748 7953 7995 6266 4994 4255 5085 1479 3990 3199 9138 3443 9271 6714 9213 3832 4775 3319 9331 7671 4378 9116 551 6591 3403 4779 548 6456 1003 6182 799 8530 303 3375 6816 1835 3654 7717 9427 5135 9661 4875 6833 4143 1872 1949 9916 3747 7434 3925 1741 4086 8898 369 9587 3533 7495 4036 5680 5900 3597 6483 7143 8492 0 2846 6446 1810 5285 2336 3750 8184 3464 4433 3132 3472 1789 7253 794 7890 5890 182 1619 2020 6603 9690 6265 8432 5992 5366 5136 5684 8073 8041 4935
5795 7829 3062 4386 7291 9480 7042 8799 8781 1020 1580 8833 7272 429 7651 1093 7321 6515 1603 1783 9187 8732 1905 7311 1015 3976 8276 9412 2119 8512 6442 3046 7057 5362 9548 3201 923 7894 6404 28 5266 1725 7981 8107 7913 9962 8523 4900 9008 6165 3075 7221 6685 5677 4096 5904 5379 9150 9486 4674 3009 1974 4421 4002 8955 1806 423 915 4078 2846 0 2632 1832 8512 723 177 4673 1470 6429 1365 9015 5351 8804 958 5902 6523 1530 7975 8489 9873 9640 2885 8546 1117 9643 7698 9990 9380 9240 9449
2480 8753 1450 8561 9307 5584 5036 1145 9746 4148 2361 7925 7875 3497 3705 9703 2879 7348 3891 7971 5861 7425 6716 4264 1828 9175 4551 861 7504 1123 4235 6668 2988 3577 1425 73 7885 8698 7414 4727 841 3297 6784 2826 6128 4524 5443 8542 6910 2012 275 5349 904 8425 6518 3023 7924 7476 488 5210 878 2023 9523 1480 3168 1203 5473 3152 5619 6446 2632 0 6080 704 4719 4897 6119 6141 1252 9552 7273 4218 9960 8149 1468 3297 5760 8671 1139 5875 4885 2129 4792 5086 8491 3422 9527 2955 4045 5088
819 2326 4963 4365 2088 7252 9605 8559 2052 1750 3284 1039 7277 9432 7270 8031 4670 8664 3973 1522 7180 4324 2724 7710 8822 436 9971 2368 6196 1226 6067 6963 1029 1998 7514 7578 5873 9667 23 1280 6242 6871 5194 4347 355 6384 5274 3618 1290 1038 3305 5946 6134 4600 2807 4619 9179 1655 3864 9314 8086 4859 6666 3370 6383 2483 4795 5399 9460 1810 1832 6080 0 2881 6681 1603 871 3905 9079 8577 2339 6820 528 5302 565 496 2632 9143 7727 3676 1644 7284 980 888 6481 4549 6788 5854 4360 4930
5635 6663 1625 5361 8812 9425 425 1542 8403 7236 9435 9997 2307 4569 2164 2048 7825 5127 8352 1337 5084 96 315 6262 8047 2989 253 2670 6837 2886 2654 9878 6996 1134 7852 5985 2471 4723 8042 7686 2216 6041 7083 5924 1933 954 5496 9311 9211 4921 967 5997 1206 4924 179 107 5270 2763 7877 9438 4928 4818 7696 2534 490 7387 806 5550 3961 5285 8512 704 2881 0 9424 5137 2671 2938 9233 4826 3938 7016 9592 511 3578 2684 821 9543 6460 4085 9279 9638 1285 8510 3797 7220 8568 8720 7894 9480
3203 6748 7003 8406 5241 141 2729 8641 3571 9551 649 1978 2713 5099 7864 9350 266 6853 6134 5905 2697 5122 6142 2994 8979 4242 3346 5683 2610 3061 7895 8297 6514 1844 9470 2296 6429 4376 5204 2977 6134 6907 6948 7704 1053 9854 9517 7198 5803 9420 9137 787 1393 1986 3832 3307 8917 520 5798 7633 1877 9146 2001 4198 6228 5660 7136 5030 9909 2336 723 4719 6681 9424 0 589 3940 7509 2064 3385 1087 7627 1989 1862 9878 3114 3618 679 6808 9009 2983 6753 2625 3822 5635 2910 2055 1332 9459 1934
3441 209 1059 4143 1729 607 1007 7011 9745 3868 8016 1137 254 7273 8736 9672 8868 6673 3428 263 2821 6905 2342 6752 3625 1661 5573 5391 3764 6857 9498 1563 8935 2063 7922 7506 6143 1370 3450 6272 6540 5328 3636 5100 9028 7336 6390 2130 6158 5022 9295 2369 760 9734 3164 7095 1078 6418 2113 2488 3219 2205 678 5757 8743 298 4267 744 2058 3750 177 4897 1603 5137 589 0 674 6145 2970 9897 2027 9940 4479 831 500 6036 885 5364 8397 6218 1893 8196 2488 5708 767 7385 5212 3253 7202 3752
8050 2237 1282 289 4597 9412 1462 7354 5023 8893 7657 4388 4863 5649 1049 60 7200 6299 9652 2231 2276 6075 9613 4682 6617 3716 6333 7413 9363 2492 7529 9822 9864 7129 8343 3911 9163 3842 2255 4038 4077 4054 571 5206 4637 929 8117 6844 8883 5567 8463 5886 6207 5452 5352 7547 9306 205 9517 1975 9804 9840 3437 449 3387 5280 3818 422 8732 8184 4673 6119 871 2671 3940 674 0 4097 7266 8146 1766 8342 5667 3581 1613 9650 521 8000 8044 4363 6320 4328 8663 8033 7243 8954 3468 9735 7244 7272
6417 6943 2392 6381 3127 7572 4280 3728 7511 7928 2170 8447 1816 7733 3064 1996 3616 481 3737 7943 4106 9599 6401 4000 9387 6463 2953 111 8350 575 2243 9729 1745 3106 8930 6548 2144 4506 1591 5076 8054 2696 6965 8461 7926 2707 4717 4738 3865 9876 4203 5879 6303 247 8550 4585 4450 20 6928 232 9278 4640 9248 7948 3766 2033 9674 5686 486 3464 1470 6141 3905 2938 7509 6145 4097 0 3397 8216 582 460 1976 4916 9644 8839 6373 1347 698 7464 6263 8146 6475 891 1292 5067 5571 1708 8259 5027
3235 9284 6868 8389 1409 6426 147 7851 9304 9149 8030 4739 8682 4238 5921 3746 8414 628 4053 4785 7610 9495 9617 9909 6376 6678 4962 6859 5594 5266 9366 3118 2319 5624 3003 6361 4295 4168 2394 4747 3701 9545 7316 4405 9528 7175 8632 3814 5294 5639 3174 546 60 1777 6946 8347 6272 8360 5150 4970 4059 2943 2929 7995 4501 1752 5697 9981 7439 4433 6429 1252 9079 9233 2064 2970 7266 3397 0 9872 2840 5927 8666 5651 9143 3236 6449 2662 4161 2925 3984 651 7068 4031 1073 6756 3534 2986 9484 5120
7965 5910 35 7384 4683 5926 7704 3181 7498 227 2797 9006 2932 5426 7989 7684 4318 254 4020 6024 2723 7662 3942 6738 7221 325 8826 47 2127 531 4696 8530 9584 7866 6713 746 8610 311 2103 7790 3527 5220 8902 7435 6230 865 9112 9936 7548 4811 8716 9054 3303 8647 3460 3302 306 9115 5404 3758 4662 2694 8813 2618 4383 2238 4590 7618 9030 3132 1365 9552 8577 4826 3385 9897 8146 8216 9872 0 6385 4782 136 5692 4534 304 915 4291 3023 1819 4195 7742 2862 7661 4580 8333 8334 3024 7009 2995
1887 7885 2740 6374 896 3453 80 5297 5527 3292 4587 3522 8807 9307 7109 303 5147 4766 4721 6286 7367 1778 7969 2140 2395 4607 900 1841 5170 7893 3878 6094 5278 5409 3797 3221 6576 7466 5381 4836 2817 2963 2104 6821 2708 8826 2047 7942 3351 9306 2569 3209 8931 9284 8730 5263 1829 3230 4493 6520 7824 6852 7170 4288 1287 8027 5633 2304 9157 3472 9015 7273 2339 3938 1087 2027 1766 582 2840 6385 0 7874 8950 6252 6660 1722 2404 1099 8550 1197 7330 306 3204 9865 1859 2937 6083 7641 6326 1611
9421 5336 5159 4204 431 1394 8769 6287 5918 5761 6779 5423 259 5276 1836 8552 9497 8369 9909 2823 2695 6051 7129 651 9577 7229 6966 4481 4471 5422 1605 9009 9658 9395 3371 7123 9295 6350 5105 9968 7197 3375 805 453 9014 3212 4903 8313 100 2670 7936 5589 1629 5068 2985 9594 7766 9639 2068 8119 1077 9188 5247 9252 8586 729 5851 4651 6318 1789 5351 4218 6820 7016 7627 9940 8342 460 5927 4782 7874 0 5447 9581 1345 2807 9184 726 2322 3257 3513 5172 7089 2880 8768 4801 941 7002 1307 8151
