200
0 7910 1881 7544 2322 8030 4774 473 2209 1697 1376 7066 6948 3734 8333 1021 2922 7607 5915 946 8444 6726 7727 1775 5507 1272 2241 5025 4944 458 9738 3132 1509 8438 1555 5889 3121 8171 4933 7864 1351 3923 2914 3157 9906 3891 3126 222 413 8645 4811 4812 6775 2423 778 8001 5000 7876 9720 5016 755 2494 9781 3772 8595 5020 1661 3184 4793 44 9344 2908 5047 1256 7778 9132 6224 1338 3875 4508 2733 9172 7209 8564 4117 497 562 35 7654 6994 4038 18 9949 356 8268 3824 477 1391 7727 2520 5974 5261 837 3675 2317 1971 4730 2390 73 8506 2590 126 7960 3613 1005 2523 5822 3317 9391 2120 9617 2567 7454 4387 8208 9790 6219 9371 7672 4563 7425 2316 9234 4807 9924 7873 9412 7562 6497 9289 4702 5201 5822 7988 3912 4462 6821 4821 7045 1871 5608 895 7312 8062 5876 3560 5478 2154 2203 8587 2533 4020 8361 8399 6096 87 4642 5111 8201 5770 8076 7423 1191 5484 9771 4310 4390 617 5322 7919 4377 8092 4903 7955 9008 8529 4788 8176 3236 7887 2224 5732 7996 9611 7006 5810 3572 1798 2329 5452
7910 0 2279 4763 2210 9700 5440 6611 9141 5883 5716 121 2447 5423 7528 5661 3143 8826 2360 8028 5728 5374 1117 6991 5062 1086 8271 4355 761 9643 6535 9954 5055 3565 4003 7396 7522 1235 5733 3185 8990 984 9373 3880 9083 8679 4187 2798 282 9609 5657 1685 3131 2028 4910 5142 8006 9841 6262 3460 303 1113 9036 3146 2794 4421 9337 8965 6839 4387 4493 3315 4253 8893 8564 115 7042 4068 1108 1643 4268 9786 7167 1663 8671 9293 5253 6008 4678 5443 8558 355 8539 9597 4171 2816 9200 7129 2933 2876 3012 750 5638 8493 1622 8141 6969 6166 233 8113 5981 3646 5960 176 8442 6167 1534 5407 9609 3295 485 1634 2885 9745 3629 5920 1287 7488 8894 6235 3665 6923 2805 3814 2604 800 3489 1271 6823 9757 5329 4009 8476 1773 5554 6142 6581 5116 2294 3184 7579 5267 9851 2021 3329 7509 4394 6387 9887 5798 7209 731 7602 520 3990 5423 7935 8327 6359 3349 672 1099 1601 259 9457 8791 8438 7127 3643 7082 2415 2372 6961 4664 9614 7855 8031 3017 4115 6806 9914 9436 6708 993 8650 1488 4580 1781 6908 8678
1881 2279 0 8448 6549 9868 9148 3399 84 8537 4307 3904 7344 9839 129 2979 5610 6391 2645 2487 644 3092 4041 8601 5795 2787 3253 5931 8314 2950 8463 8925 8071 1921 6725 1528 5713 6072 9243 1719 9506 5323 9064 5978 995 2771 5234 146 3615 6301 4283 9605 6254 4084 3029 1787 3973 5962 191 2930 8386 8477 7551 9994 6545 8029 5902 1690 9964 7676 5923 1000 5651 9236 3397 7016 2939 5039 9714 8687 552 9456 3834 2560 6025 1885 3162 4972 9616 2756 895 9683 9204 7341 7813 3545 3851 6474 1900 7984 8763 8073 4880 6856 4162 5802 8820 113 3261 1998 4713 5618 2837 5634 3210 6604 753 9604 625 3019 5502 5431 3914 6269 2522 3387 3889 8987 6745 4156 2494 8773 1086 2102 9458 4155 2313 273 1449 5531 5350 9122 3235 7579 9347 325 5005 8508 324 4478 6035 5680 3995 7528 2694 7324 7341 6459 2701 6095 5350 1508 9726 9062 7995 1944 4980 8479 6450 3906 5030 1181 710 6976 4850 2660 3160 9900 7287 6559 4845 9210 583 3388 9050 8639 1686 8859 4197 6575 9358 4487 8448 6627 2044 1936 4338 6492 9981 8766
7544 4763 8448 0 616 3086 2602 8373 8427 4343 5520 4382 8809 8451 3762 7422 6698 6390 2672 7817 7856 3207 5680 1187 3780 4516 4159 9119 3337 1182 7166 850 8661 595 3202 6375 3701 5935 9521 7598 8563 3513 1940 3065 3836 8256 4166 1031 9676 6068 3599 3644 4951 242 6110 6622 6311 3673 3142 1877 5287 9183 4776 8298 2790 1438 7090 5345 2913 2457 3159 1585 5732 1256 6506 7931 2205 5091 154 4316 2805 7815 3075 8183 3591 1446 6844 8157 6476 5699 9576 1492 882 8576 3945 6737 9020 483 7935 6794 3254 1988 910 2538 7594 4106 7593 4423 5452 6360 3632 1614 6479 2108 639 2446 5179 9267 6119 2197 4606 4772 2882 8770 4593 7784 7442 812 8862 2215 5474 7690 6922 6514 7786 9503 4273 2997 1370 7535 885 2264 4155 1224 6107 6297 3181 9657 9691 6529 1387 9140 4306 9289 4968 1366 3932 5533 1124 4991 9904 3462 8055 4808 1214 1579 5344 3454 620 6156 1934 1129 3756 8358 1491 1472 2518 4705 2381 3656 9633 9740 6651 3571 9516 6661 6846 4796 3688 8376 7905 1729 5929 7681 7675 689 1611 6670 1142 6792
2322 2210 6549 616 0 7246 3359 4977 425 9234 8591 5500 4511 1838 2140 9683 2395 4768 4990 8329 5514 721 2088 7298 4032 7767 2668 2191 4130 201 2499 8254 4159 2744 3356 9963 9450 7343 312 1703 1549 2942 5398 9248 5557 3785 602 5766 1075 1365 1565 2712 2295 9592 673 4509 2005 142 5175 5817 5625 1489 4719 4290 5169 3921 3287 160 7824 1663 8841 340 7979 7955 369 3064 5613 9831 4835 9892 1395 9638 2797 960 3099 2034 585 9250 6872 9367 2963 9917 515 5570 2998 2233 6883 4965 8132 1956 336 2425 6137 5532 4065 5654 7014 3084 8251 5710 208 2510 2278 7842 619 6156 541 2274 4096 2416 8729 7082 9518 4480 9455 4603 9859 2326 856 5691 424 5895 5900 5107 7457 9703 6767 5076 1623 11 6326 8973 8960 1989 8340 1075 1558 7529 2314 6115 9062 5653 7050 2405 6908 8820 5655 3817 5908 9379 4570 8638 9792 8211 4608 3218 8203 2231 6083 1519 4655 4726 1466 2975 1425 6581 6113 9997 2979 2212 445 5550 3198 489 2617 1275 4280 7604 668 7060 4510 4229 8170 893 1177 8677 673 5006 1223 1016
8030 9700 9868 3086 7246 0 913 1674 9971 8663 8761 1916 3406 3185 5702 199 7904 3758 1865 1654 8763 7001 5713 5070 8934 4233 3678 5050 693 1771 1975 3643 1779 2997 786 1919 7358 1741 4995 1042 8375 341 3888 8288 9323 9652 3297 9402 4136 4657 2607 6804 2006 7557 7021 6333 4939 2782 5328 8334 3346 6367 5591 6881 8070 1102 3940 8596 8655 9851 3813 5993 5219 3813 1746 9193 7550 4327 4664 2218 9958 9529 5647 351 3785 8331 4136 2251 8629 6143 2973 4186 8 9323 7424 7737 2885 3223 6048 1367 9491 3642 5113 5313 2060 1285 3613 8594 6932 948 1809 7147 4182 7988 6111 8277 560 4398 2451 119 6710 8742 6518 7429 1718 2115 3325 3814 6930 5626 4901 170 330 1190 5249 32 5119 1387 5300 2049 1859 5484 1000 7655 9395 4912 8341 5653 4968 1681 9975 3092 2372 8398 1634 6452 6736 5970 5291 5281 4925 722 9670 6734 614 7562 9783 1478 7858 5999 6765 2543 8344 3982 7568 6395 7320 4063 4273 4385 7537 4805 5442 463 3425 7305 5568 7428 2162 6208 1263 1234 5216 9297 7558 9310 4930 9710 4201 1521
4774 5440 9148 2602 3359 913 0 7348 4305 7843 8804 4732 7677 7765 4081 1961 9595 2204 5794 7135 4594 326 4420 9500 3273 3437 9805 2061 5216 3504 7528 2649 1004 9587 9271 8232 2627 975 1239 7078 5009 655 8705 9640 4585 5423 8196 3139 2010 6064 6219 157 6638 4926 9087 9278 1974 546 6254 7925 7007 8512 8533 1797 3243 6376 8843 4537 2076 1318 480 5084 2173 2989 9643 5594 460 4543 9931 1823 8816 3175 5185 5081 9962 1352 7714 9937 286 8389 2783 8476 1017 2025 4859 2963 5577 5131 2469 2465 9943 2421 29 2 2975 8548 2215 3960 4220 1363 1994 1796 9882 9667 3618 3954 9125 9324 6192 3450 8002 1450 4283 7621 889 2444 7445 4528 5770 5399 4701 2275 2578 180 8367 940 6520 2753 8435 539 2465 577 4208 3490 2466 5569 5090 7374 4016 8607 4337 5845 2336 754 4688 1477 4430 9337 3367 5765 9474 5163 434 7472 4117 6193 4460 47 9466 6352 8854 8607 8981 543 3063 7720 6683 6822 4334 310 754 5075 7785 7981 8317 9616 8359 2683 309 5830 6730 7981 9327 9569 2198 2753 888 4864 4260 1093
473 6611 3399 8373 4977 1674 7348 0 1800 7859 2700 1680 5270 1305 3465 9704 6564 4792 6709 5317 951 5611 2524 3549 9159 3252 2669 3819 5465 8086 8932 1998 2058 6971 9687 2345 6863 4202 2158 8638 6803 2761 9218 8028 4319 8348 9447 492 4935 6856 5378 4478 7021 5122 3990 3326 7803 7930 4066 8709 9787 4248 2045 6388 8340 8944 4567 9418 4569 606 3096 9842 6304 1291 1037 6115 9900 3517 348 1857 8391 5390 4878 112 7122 6338 5233 1903 4462 8088 5074 5688 3310 6064 9045 2207 1532 3092 4715 444 1990 4443 5395 796 4554 1171 2296 1540 9825 4596 3716 9839 9894 7940 9522 2582 9366 9657 3027 1326 8583 6398 8656 8741 1145 5932 7022 2323 4080 269 3244 6566 6713 5089 5908 3654 6361 158 2596 887 4475 832 6910 8936 2406 9329 1313 6076 3517 4642 5864 1096 755 691 1166 2595 888 4608 3776 7480 5705 9702 7868 7463 9212 2734 6520 1458 4690 3336 1782 9361 9317 1591 6618 7685 2122 7735 9390 3768 5896 6997 5224 7924 4933 185 4731 1210 3985 7785 4061 7832 6362 2776 894 9627 9540 7050 8736 9162
2209 9141 84 8427 425 9971 4305 1800 0 238 6081 8871 3621 68 7897 6970 6833 5304 3316 9184 7868 3235 967 6729 2328 2251 9145 257 2805 4020 2328 7023 312 5623 8004 5764 5953 1657 3923 6543 1742 1170 229 6344 779 8613 2038 6106 260 3528 5670 1750 1563 6225 4093 3278 6249 4965 161 6243 707 4973 7666 6300 6481 1517 345 3496 675 4708 5753 3332 8778 9740 224 6376 2533 3970 7524 9828 4065 2327 6754 2576 4914 4808 1087 7346 9994 1621 1824 465 9860 3509 7597 4667 6925 4029 7447 6555 6062 3286 9564 9500 8052 4085 5908 8388 2360 80 3395 4841 849 9373 6225 6060 1307 2295 8831 3564 9037 7840 8389 463 1505 2572 7574 5723 8307 3286 9216 8365 7201 2980 5585 2200 991 2494 9883 8544 125 9946 5075 3081 2208 1764 9917 9496 9057 408 9712 7702 4334 7993 9175 4315 6220 8099 410 5288 4421 9977 715 8943 2230 4660 5142 6716 7474 1683 8290 2901 7641 1670 6133 9704 8881 1669 7896 6516 1547 7588 8913 7647 8081 1659 8665 7858 207 2523 8966 1812 2662 3166 3559 4450 472 58 6862 1170
1697 5883 8537 4343 9234 8663 7843 7859 238 0 4463 3784 7637 4628 2957 7203 4118 8970 1371 3199 9814 8468 1315 5646 7020 6139 1405 9240 6688 9987 5004 9723 3760 9991 8419 367 8800 6142 8208 2063 4684 9158 1518 6010 2955 6173 4983 6011 7547 1750 4299 8157 1420 1584 1028 5846 5281 1711 6785 9402 736 8129 8586 5113 4053 9988 5742 9469 5305 9612 5929 4538 8102 3589 5209 9289 2485 8431 6868 5588 7977 3858 3679 5376 1728 3578 5750 9585 6767 8462 8955 3291 6504 2176 6183 524 5527 162 3 1282 1051 8880 6819 9636 6429 6962 9795 413 19 4821 4544 8113 1059 6323 3609 5174 9762 8204 8536 5106 2450 9623 32 9152 829 8712 2153 8931 3564 5050 4306 532 8791 3537 3975 8799 3022 9315 8521 9648 4499 7913 4884 1193 2508 7318 9962 5682 8734 6257 1334 5936 2782 8649 1873 6382 7612 6638 9540 1660 6769 6968 2583 8058 3292 3964 1028 3135 867 1218 6616 8732 4534 5409 6399 4777 5322 1355 7840 1711 4515 6559 4899 2973 4459 6454 5325 1848 4908 7420 9218 8740 7442 6198 9356 7893 5481 2661 3972 9858
1376 5716 4307 5520 8591 8761 8804 2700 6081 4463 0 8348 3600 2187 3938 3873 6682 2322 9366 3428 4616 7649 9036 2831 9169 800 2338 9729 3968 6073 7698 9957 3429 1350 2695 7862 707 4693 5475 175 7961 4607 6197 1504 4145 1684 7116 1109 41 6468 6368 8597 8866 6866 3675 931 7694 6903 980 4351 7528 8466 69 6470 4498 4402 4765 270 3978 162 1495 8743 7364 3272 6542 2892 3496 9800 190 8396 4750 9718 2861 6345 6043 6651 3593 5418 5804 981 7288 3532 8813 1109 2442 6219 4611 210 9518 5168 6689 3977 5627 1006 7305 2080 4499 7474 9 5600 5213 9687 9722 5900 7709 3724 6847 3731 3880 5922 5486 2891 7845 4765 1912 2977 8730 5397 6599 2039 6466 8749 3935 8915 174 5980 1854 7522 6262 69 7175 5118 9280 5399 7564 4858 4423 9430 9103 9907 2115 3724 9399 8606 1241 1772 179 825 1112 2642 1753 3578 8765 9526 9168 4116 9431 2679 9087 1733 8520 94 2546 3355 6509 7325 2052 5398 7171 6758 9814 6548 4786 6086 3274 6151 237 7969 4441 8963 7246 4150 6107 6449 4078 253 7095 5105 1952 5912
7066 121 3904 4382 5500 1916 4732 1680 8871 3784 8348 0 8870 6257 8934 6182 4620 4356 2611 2529 7940 1424 7253 1860 6236 3003 3763 2298 6619 3595 3306 8488 8859 1038 4289 3923 8726 9942 2107 3636 9804 1883 870 3002 6957 9740 3821 3529 9610 8754 6185 8214 3718 9067 7497 4826 5537 6225 8863 7355 5107 6997 3186 572 7357 8052 1558 8027 7357 4695 9051 1332 5537 2052 148 9625 7555 188 772 1818 1916 2208 9561 3401 2339 221 3660 5494 7102 6441 1747 5892 2942 6271 5636 2100 89 7365 8172 2060 8618 3607 3378 6032 4708 2732 3926 124 1936 6876 6153 8797 9051 4754 764 7865 7552 2713 7203 5740 8173 3248 5532 4049 9076 3558 5755 4635 3410 4402 3153 285 2837 7606 1740 632 6051 238 2381 1754 9966 8300 8707 7173 1260 2320 509 7471 1254 265 3662 6798 3496 9847 9458 2191 3114 5175 4463 5282 2077 7768 1963 796 6791 1139 9123 2174 6443 6086 1320 6970 6081 5480 7274 413 3708 4255 9477 9276 2746 9038 7063 672 6137 8363 5077 4958 8919 8353 9193 4681 5404 2556 9851 1239 692 8836 2717 3049
6948 2447 7344 8809 4511 3406 7677 5270 3621 7637 3600 8870 0 3340 6699 9298 6357 9851 8765 4865 4814 7617 9900 28 6015 1955 5910 16 9623 5716 9910 9615 1812 5574 6563 9185 5399 8665 5258 8576 9124 3849 1666 7990 5656 2751 6839 1991 2686 7595 9668 156 84 700 2290 772 1218 1676 9606 7289 4183 8685 1658 8879 4679 6888 7067 4405 4207 8139 4809 1554 6111 1854 1972 9688 4003 5379 7444 6383 6234 2442 1841 2471 7222 4927 6644 5583 1174 1196 972 4355 3491 6904 3945 7232 7394 5349 8276 2812 1547 5830 2170 5716 613 5255 7681 218 3890 3778 7699 1885 1749 9960 5811 4021 8138 3213 161 3254 6702 9949 441 7439 2926 2532 2387 710 2910 2895 8527 5441 741 1767 190 8991 7442 2824 5199 8330 6557 5829 5699 9456 3391 3344 9896 2364 1281 4595 3652 2750 5557 1462 2528 4645 5835 7290 8997 4325 1802 9436 4494 8673 8714 3348 8131 1268 5896 7693 6382 1506 6620 2829 2423 6396 350 3695 5808 6069 3585 6174 5798 9206 5045 5776 4643 7067 3932 4321 853 6387 9880 2468 1292 3198 481 9938 2846 2262
3734 5423 9839 8451 1838 3185 7765 1305 68 4628 2187 6257 3340 0 2292 192 7100 2485 1016 853 5290 10 9684 2099 6793 9721 1170 3819 7273 5448 4405 5760 211 5325 1103 3400 1051 1037 1894 6495 6370 8059 3378 2255 6416 1174 59 5748 516 3523 473 9626 3400 7243 8074 3121 8255 3653 3715 3218 1474 5470 310 2239 1226 4542 8194 7408 2641 4367 9677 1884 5789 215 6196 7510 1974 3594 9678 1842 3905 3053 8977 3147 1813 3840 1158 278 6347 1583 3389 178 4153 1728 6272 5190 8780 8507 3743 9777 1710 9967 6464 6472 329 5846 1670 6258 7171 6026 7474 1412 9226 7953 5484 7845 2325 4825 5512 7166 8475 4528 559 9258 6583 3686 3187 2944 3003 9719 6394 6489 6734 5327 8115 5209 7220 7629 7965 3611 3502 735 1827 4906 3381 26 9826 8716 6365 9663 3889 3609 5542 3897 6733 1655 6727 4404 4700 5416 7942 1433 5942 8619 2008 9029 6854 7796 3927 7444 9174 5611 994 1200 266 1388 7413 3286 5629 5291 3211 2951 4369 5894 9260 6509 3953 4217 4326 3071 3309 3521 4719 2409 4498 3158 3804 5072 4227 1302
8333 7528 129 3762 2140 5702 4081 3465 7897 2957 3938 8934 6699 2292 0 7063 4893 1119 3955 1316 4807 4308 8234 438 7909 5978 113 1079 7376 2989 3143 1765 5358 1409 7934 5871 3097 703 4094 3676 8386 142 4856 592 7339 351 8145 7036 6780 2834 6997 6613 2372 1775 8369 4372 9738 1278 900 4151 7660 1924 5267 3470 6913 2612 4880 9034 2072 5846 6544 897 4395 5840 9226 6894 4236 3472 6659 5068 2242 1014 8054 7573 7187 8946 409 2405 3442 3001 7572 8407 2955 6969 7988 9366 7435 9008 7882 8818 3491 6735 5784 51 5554 8665 3903 3367 6585 5171 4255 371 2931 9431 476 1932 2943 9207 5567 4613 8141 4870 2123 5711 3606 3704 4339 289 3263 6817 737 4094 3889 526 6179 8085 5154 1852 4089 5603 9777 6763 6465 9776 5003 7015 1753 8039 1476 984 2607 333 7779 7244 1004 8864 1183 4713 9076 3530 9265 8639 4240 1295 1577 3933 5576 3576 2338 1405 9251 9002 8451 564 9990 7672 8363 1373 6612 1499 6113 1663 5221 8617 4114 4685 1988 1033 835 2620 4195 5158 3268 6822 729 1318 2458 5047 8664 1072
1021 5661 2979 7422 9683 199 1961 9704 6970 7203 3873 6182 9298 192 7063 0 6597 1523 1910 5203 9017 4041 5022 20 7193 4687 1595 8840 6182 6256 6329 9620 9202 4162 5889 4173 8119 2153 7400 119 4372 6863 9938 8209 2674 5272 4618 2298 7041 8169 9285 6035 8766 8444 3193 7129 551 4070 8115 2022 471 3752 4943 9867 6352 1917 6181 618 5485 2400 3832 1704 7058 307 87 864 3707 7602 5401 8819 8075 7331 7019 2778 4138 7107 1940 6240 3490 2775 174 8351 2189 2412 6875 2363 6998 1328 6545 7466 94 4090 6316 8219 9883 2509 9703 5614 4168 1094 4537 1010 4565 2492 143 3548 1586 8888 7566 2197 315 9801 7208 33 4000 7098 4793 4814 4510 2764 7173 9525 4819 9746 7111 9359 8134 1703 8554 830 9198 2833 5303 2461 7369 8212 3507 4567 6860 1868 2327 6940 2095 8537 31 8058 3274 2873 9578 3210 175 3694 7658 4950 8790 6784 8039 4701 8687 2099 4600 104 7911 3974 1307 924 45 6848 5530 8895 8460 1612 1018 9637 7381 3674 136 8111 8150 3862 3990 6762 6752 8535 514 7601 2769 9528 1628 5105
2922 3143 5610 6698 2395 7904 9595 6564 6833 4118 6682 4620 6357 7100 4893 6597 0 4065 5273 2751 5205 6951 1744 6093 4068 3622 1013 3517 6183 2035 2905 7279 9003 4746 7704 968 7579 7791 905 8578 4642 6323 9549 1580 5206 9146 6631 4920 4761 136 7441 1758 641 4045 4203 9251 7117 173 2972 4571 7225 298 2249 1405 3526 779 4940 6993 9025 3770 8802 2285 8043 1764 9912 248 763 8809 9949 5690 2954 6854 9271 5651 6544 6568 7687 4402 1334 9604 2824 661 2845 3572 204 1823 7215 9849 8642 2732 46 165 8836 1486 38 7681 236 3159 1764 592 9222 4830 3436 4098 2214 5885 6153 9643 4166 2517 4551 2281 7334 6666 2314 85 6353 4050 9882 4095 681 695 8317 3947 7935 1112 7676 9612 8321 3988 3830 89 3914 7501 5501 6493 3361 5003 5686 9573 6765 4473 4543 963 9299 9090 4192 8313 6967 6595 646 1442 6731 1498 2039 4998 2704 6673 2648 2571 4723 9317 8763 4579 3352 2531 4768 9973 2283 9830 8491 7539 6119 5893 6856 8259 5496 9156 2355 4181 7818 1185 1355 3582 9868 3680 3109 9751 3759 5148
7607 8826 6391 6390 4768 3758 2204 4792 5304 8970 2322 4356 9851 2485 1119 1523 4065 0 5122 3127 4611 9387 8569 3276 7339 2037 5627 627 1302 9901 3649 3857 3196 1065 5741 4456 8331 4099 1106 1794 4309 5784 6362 2335 1757 4348 181 2179 148 7772 9158 4949 2710 3806 4221 6109 9110 1379 3672 7897 968 1966 851 1200 9400 34 2228 8227 3977 1242 2493 4844 9131 5316 4527 7185 3622 8958 5506 2601 5295 3994 7063 1124 7605 6565 9769 8367 4419 9090 3486 2951 7857 9683 6149 6631 7391 6392 9102 7641 4351 486 6560 3116 7012 3868 5969 646 7819 4849 6235 4321 3560 3519 3878 36 7956 2731 6378 391 5779 8088 5274 7715 1311 5539 2460 9314 3093 7980 3333 6708 974 7023 95 9266 1560 8786 2439 3906 2266 9639 67 9653 789 5120 2422 1699 7249 3810 4815 1763 1649 7601 8049 9504 5708 3807 4450 8266 1762 5644 4230 6308 6754 2411 4418 7692 266 7929 58 5380 7065 6779 733 3293 2107 7839 9460 9985 1729 244 7310 2986 7834 8320 2124 9728 4536 7276 6836 1867 501 4412 8811 9688 1998 2045 9683 1989
5915 2360 2645 2672 4990 1865 5794 6709 3316 1371 9366 2611 8765 1016 3955 1910 5273 5122 0 7493 5620 6934 9880 7838 7642 9654 871 6029 35 1189 3550 3846 2524 8199 2846 3089 5062 6081 7702 5418 7298 2868 811 5208 281 7794 1452 6116 1849 2913 4813 7028 3398 1304 1356 2126 3927 2617 4487 2415 1744 4610 8323 8990 4804 2962 5555 3145 2150 9930 3688 2862 5945 7831 7288 9535 8611 7601 8919 5390 2406 5884 7753 5500 1708 5881 7362 3495 306 7885 162 8668 4233 4794 1658 8398 1630 416 3326 7035 6228 5031 5011 8483 7135 7271 3050 8251 6916 3778 3250 7982 3021 1879 4775 1843 334 6170 1687 4040 2852 1310 9031 665 7892 8699 6127 8202 2803 5434 5804 8643 4761 8474 6106 7778 5448 3820 6825 2181 7964 9495 7059 6875 931 4632 4294 9519 5053 4183 4812 1694 9740 1174 9923 8458 7660 6541 1368 6779 5903 2850 1495 2151 1531 714 9825 6589 9527 7895 6913 910 4611 710 3641 1241 258 6775 1277 6128 7503 1784 4743 3982 4591 7675 3926 6877 9049 1215 7271 6388 2606 6767 1544 6385 2899 3190 3429 2614
946 8028 2487 7817 8329 1654 7135 5317 9184 3199 3428 2529 4865 853 1316 5203 2751 3127 7493 0 7593 2802 2529 7751 3571 3428 8188 2286 3787 2279 7442 6308 7488 4302 8 8500 449 7175 5696 1675 4808 128 5261 8048 7311 237 3451 143 8444 4726 1166 9779 8489 4462 5597 3368 7198 4292 5927 5665 6151 2134 6691 9644 7301 7517 9098 1936 728 9855 106 8743 7515 8772 1183 3961 2353 2049 7229 9386 7786 8689 6300 2881 5574 5153 6307 8316 6617 6445 3184 1316 1686 7414 6806 1819 3825 7681 1867 6262 6059 3024 756 8397 7755 7213 3567 8726 6604 3205 4930 4671 4636 4897 2580 3050 2753 9394 6796 2634 8418 4177 2838 8604 1561 6691 4232 2437 7064 3525 994 1195 1717 9537 5826 3770 2013 4331 4336 2393 8595 8940 2514 4383 2859 7470 3286 2902 8738 3602 8690 6132 3287 8114 2318 6190 7959 978 7384 2574 5511 6063 8435 9588 4470 3748 5999 162 280 5607 2064 5403 5009 6585 9946 5476 659 2278 5621 270 2926 6041 2475 7334 5442 9697 8482 7415 7464 6113 5320 1141 3660 4697 1069 4215 7921 5564 4652 8120
8444 5728 644 7856 5514 8763 4594 951 7868 9814 4616 7940 4814 5290 4807 9017 5205 4611 5620 7593 0 8524 6798 8302 3242 5114 7700 102 7690 9011 6886 2736 8279 3314 6558 3552 7802 769 3421 760 6459 1030 8358 5059 3924 3668 6304 3002 4597 8015 4306 6479 3978 4696 6397 887 2541 2460 9512 6746 181 3399 115 2084 5600 2475 2720 8801 4686 6861 8091 7547 264 1943 6709 3775 227 7145 416 1643 5115 1402 2442 8978 9838 6130 6099 4026 3302 7200 3803 811 5065 4621 4537 3015 89 9626 1915 5592 410 7447 6042 4787 2680 9903 4067 1829 9970 1171 8448 1174 9796 3024 771 1169 2962 6533 1341 4948 9664 9208 4765 8274 246 18 9831 3680 7979 6048 6859 7582 5457 9168 9187 5170 2494 2838 7520 8905 8404 3379 6691 3699 9022 7540 4553 1024 1077 2995 8260 7706 8923 5713 4027 7901 7220 6178 2599 2007 1298 8790 9154 7202 7942 4526 9645 7364 2922 1432 3278 7729 1303 8122 6051 8849 983 972 3213 4305 1643 6903 7759 9124 9220 8506 7901 3799 6771 4301 529 5394 7251 674 469 6299 692 1581 7126 8660
6726 5374 3092 3207 721 7001 326 5611 3235 8468 7649 1424 7617 10 4308 4041 6951 9387 6934 2802 8524 0 3434 4979 326 975 6993 5402 3536 2242 7266 378 1425 6322 6382 6921 2371 5864 6058 4699 3754 5330 9018 3579 2080 9031 8223 4425 2226 4660 7300 5034 4936 12 9655 8066 7700 8606 3257 2203 2653 6374 6410 9099 2599 5847 4625 4216 6552 671 16 3438 2335 3844 8255 1846 7675 3013 4284 8 3134 2550 4453 3772 1377 2329 281 6158 6661 5719 1401 2823 3313 1193 1896 8756 1632 9712 8572 3252 5232 9076 2250 7664 10000 4381 6702 4751 4974 1737 912 2564 6538 2730 8050 6857 2065 8060 3335 2854 7771 3654 1554 7609 5076 2740 6585 9881 3377 1407 6484 2480 6069 653 1323 8791 243 7653 3692 6323 4816 7754 433 8051 3715 2468 2316 9289 6706 5173 2253 4812 1209 8630 8528 3455 2666 3435 5628 8482 3039 448 7189 3461 8317 8481 6735 5082 5306 506 61 1166 8377 2465 4573 5628 3490 8993 9306 5027 5327 3463 4741 3216 8916 2576 9052 4136 8840 3350 9215 6592 7334 3124 6874 5362 2937 2385 2112 7922
7727 1117 4041 5680 2088 5713 4420 2524 967 1315 9036 7253 9900 9684 8234 5022 1744 8569 9880 2529 6798 3434 0 6940 8188 7789 1536 5788 9276 1055 8239 4040 1836 1848 3766 2835 4372 3462 9756 7936 1085 3649 4612 7267 3199 6425 6457 7148 78 9483 2999 5872 1904 5051 3502 9399 5294 2318 296 875 630 4373 1952 9445 2685 8752 3790 263 8278 5560 9456 3133 1108 7087 1316 7120 1919 6507 5252 9304 7113 4505 9765 5825 6071 9068 3910 3570 2682 8657 5716 2290 7435 6695 4370 5298 477 8712 4481 5544 332 4005 2244 3251 5272 8762 8929 9938 9251 2503 8023 8623 7078 4266 1293 8003 4184 1933 7108 1952 4845 2229 212 6769 9225 5901 8810 2645 6843 2420 417 2314 6024 528 2244 7804 5841 7564 4516 8688 2875 8293 3566 3555 4658 607 1194 405 30 968 2677 1197 2137 7899 7695 27 6658 9088 6735 5449 9990 9013 5359 6013 837 8166 3077 429 7973 5923 5049 4498 9820 7919 3386 759 334 8201 1525 2847 4881 8238 732 2648 5938 2627 7018 472 2413 2518 1102 1 7268 8825 2771 1563 1839 4476 2391 6732
1775 6991 8601 1187 7298 5070 9500 3549 6729 5646 2831 1860 28 2099 438 20 6093 3276 7838 7751 8302 4979 6940 0 2124 9759 1560 5358 2116 1910 5817 497 1348 595 2717 6727 793 1157 8611 6346 4633 9113 5013 2155 3481 8957 5544 1734 7585 701 9279 9473 497 4334 1026 2226 1227 4048 2972 8386 1802 2944 9660 2387 2531 1177 3758 4163 9881 8344 90 5745 5846 4495 1060 8923 9568 8050 5532 3324 5575 7456 590 7160 9319 2149 9013 8985 4560 6044 8605 5441 8491 6842 9904 7332 3738 2732 8739 5750 6730 1410 4443 2490 3986 3082 6822 6147 9477 3832 7047 1205 9652 6186 3614 5228 1541 9147 5782 5479 2665 9386 7694 4724 9089 9955 8533 6722 9015 5718 3271 1248 6034 9013 6924 3505 1598 4090 630 7928 3669 4293 8942 1689 4168 6680 1512 7122 6435 5569 572 8359 9855 9412 5345 4450 6733 4409 213 4208 5653 4243 879 4534 1986 4977 2775 5654 6690 505 7422 7791 484 3462 4911 5269 4704 1166 9398 7820 7008 3357 7615 2868 8228 1407 3441 2633 2200 8778 5350 5548 757 7842 2472 5401 3341 7651 2065 2042
5507 5062 5795 3780 4032 8934 3273 9159 2328 7020 9169 6236 6015 6793 7909 7193 4068 7339 7642 3571 3242 326 8188 2124 0 2589 6189 3350 4442 58 8967 6576 9271 2558 8391 5429 7184 2966 4925 17 8544 4591 5251 9728 8548 833 9210 221 7119 250 2229 9219 5975 9935 8834 9125 9167 1568 4555 9954 3447 2795 9129 103 4839 9129 6052 5208 1195 2268 1149 634 62 4804 917 7883 8033 9362 852 3156 7817 7602 5159 3183 9354 6396 353 528 2749 5014 6314 5960 439 7301 2748 9356 2284 762 743 3180 1028 6811 3701 2081 7476 7568 3876 1303 6114 2344 4049 8117 2741 1132 1155 1365 9603 2031 3113 5692 41 155 624 6967 7391 2543 5939 5694 682 9663 1192 2494 6217 1907 6273 3353 241 8301 2381 4428 3381 7120 7890 8272 1137 1169 2123 5181 7548 9818 4580 7360 2851 7205 1056 7901 774 2767 6842 5407 8441 975 9296 3193 3719 4029 8463 4121 4650 1744 1815 9520 6942 6084 5482 1406 6258 3612 6682 9434 9440 3296 3694 2064 5598 5399 373 7392 7458 2917 7812 6723 6802 8276 8199 8348 78 9069 3417 6397
1272 1086 2787 4516 7767 4233 3437 3252 2251 6139 800 3003 1955 9721 5978 4687 3622 2037 9654 3428 5114 975 7789 9759 2589 0 6232 4344 5438 2843 4787 6421 7042 6123 796 3444 3570 4658 6165 7299 6780 3369 5672 9971 8030 5894 8132 7555 2191 4128 7286 4223 1742 5641 4693 4305 3795 4059 711 4372 7270 2755 7642 372 655 4612 124 9008 9113 4654 3976 4229 105 1177 5930 5652 4154 4915 2398 747 4796 1952 1457 3212 8534 6928 2563 2623 1394 7948 8705 1439 3336 6084 7013 6606 8324 3867 3979 6387 9586 5950 3191 4655 7011 6352 497 4893 2350 8395 4137 7007 1254 8206 7570 4612 35 4187 5496 7075 7471 2466 3187 5585 7197 3315 4537 109 6509 5118 8394 9562 5334 9907 7848 7430 3086 8959 3498 7094 3659 24 5687 8582 2528 8402 197 2964 3187 6706 5251 2312 7482 7807 6118 3969 5088 4780 546 7226 666 5023 7688 2966 2396 6449 6853 1903 4184 7528 6031 1123 4229 7428 4357 5358 3146 1606 84 6714 8715 9522 1368 9702 5629 1534 4848 8665 4698 4537 8045 9457 5609 4820 569 6470 6107 1131 9609 9502
2241 8271 3253 4159 2668 3678 9805 2669 9145 1405 2338 3763 5910 1170 113 1595 1013 5627 871 8188 7700 6993 1536 1560 6189 6232 0 1043 4323 614 6951 1198 428 8939 3705 6483 7416 9401 2336 352 3952 494 5894 6594 2288 3846 1436 6566 6984 1434 1681 1663 7 4232 6938 7555 4788 6183 5515 733 2548 4112 6160 3733 219 3232 4309 7488 6615 2820 8289 6879 518 5495 5225 7899 5819 1419 9097 5366 5648 1620 8892 6208 4596 5284 2562 8216 914 4445 9565 9085 1132 1520 6811 6619 3167 2548 6767 3964 5086 20 6848 544 3519 5584 5108 8667 6399 8753 1024 8216 5083 5717 8833 9110 101 4855 812 2842 4606 5518 6016 9234 2829 107 6071 6654 4192 9215 9984 8208 3129 6486 7952 234 4710 4454 522 9795 4668 5839 9154 3883 9159 7811 3700 9474 8409 656 4603 8819 1937 6598 5522 674 9179 3235 6431 186 6722 5808 7681 4668 7275 6948 9351 9211 9452 6357 6477 9032 5974 3076 6767 6093 7934 1850 7201 1173 4517 6945 5743 1713 9420 2854 9357 3510 6944 7881 7687 3792 7454 6590 7212 7869 5747 7737 5609 3147
5025 4355 5931 9119 2191 5050 2061 3819 257 9240 9729 2298 16 3819 1079 8840 3517 627 6029 2286 102 5402 5788 5358 3350 4344 1043 0 6159 4129 1360 3820 3483 3521 7842 7147 8313 4113 7884 9763 3438 6778 356 3209 7700 9249 7938 8883 695 5564 3833 3801 4954 6244 1578 234 6444 2334 8715 5412 2515 5344 4965 7630 5428 2137 8718 9712 8299 8373 4364 8514 9467 1325 1791 8685 4770 8676 287 6768 534 1034 5081 2976 9327 2983 182 3962 9651 5997 1816 26 3852 6332 8173 589 81 4557 3662 7691 2165 5049 3591 5953 3676 7530 3248 2683 4912 6138 3207 6374 6204 4059 5780 2849 8151 8882 9823 7215 272 8609 5204 6087 2545 6752 6080 7030 6418 6376 2092 7580 3991 9304 6773 9536 4437 4137 2142 7666 8904 3814 8481 3000 9277 5418 7526 9260 5983 5133 4473 1962 5884 405 6608 6708 4837 9387 6019 7749 8363 2292 6571 337 2564 4080 917 9706 7160 5326 294 5634 5795 7797 6493 4276 7468 1406 8373 6445 9174 7459 9671 5429 7845 6377 6794 1281 594 9164 8605 3757 5445 6102 8618 4104 6327 5958 6242 2397
4944 761 8314 3337 4130 693 5216 5465 2805 6688 3968 6619 9623 7273 7376 6182 6183 1302 35 3787 7690 3536 9276 2116 4442 5438 4323 6159 0 2910 578 4289 4220 9092 1335 3886 3211 8995 9886 6385 5596 9332 5146 8016 2720 3424 9314 1428 8969 8202 5203 5005 9123 7850 5117 2373 7547 2391 5434 545 2223 844 4304 4650 4182 2689 1716 4142 9283 762 7787 2427 2835 5648 8980 6504 814 7252 137 3778 1290 1206 4058 1309 5982 7340 7652 8626 786 1521 1754 3469 7403 9121 9639 2876 6426 7685 8589 798 2294 5635 4789 4878 9049 7124 7499 2605 2558 2257 5525 3359 786 2827 6209 7793 9334 218 1420 459 1534 3027 403 1451 9681 358 7043 1266 4121 6320 5448 5763 2052 5471 1473 9846 9675 5983 12 3987 3933 6586 6659 8561 8188 2069 5257 2733 3408 1152 8203 194 3331 3059 9501 4573 3102 1892 6869 9293 6816 8432 3974 3609 7637 2854 6241 9070 794 4320 7012 9921 6196 3923 6885 6987 9495 6071 9744 348 9754 6487 2877 643 4142 8733 5020 8188 2497 1136 8378 9380 1726 6222 7118 4724 2984 6563 7417 1673
458 9643 2950 1182 201 1771 3504 8086 4020 9987 6073 3595 5716 5448 2989 6256 2035 9901 1189 2279 9011 2242 1055 1910 58 2843 614 4129 2910 0 8421 5468 4543 5310 1149 6295 3683 9542 3219 9676 8812 1657 3788 4868 3459 6597 9379 1115 3210 8707 485 6817 1604 3485 1003 625 2325 1704 2890 4282 3022 5957 1821 5403 6213 4820 765 8035 7029 5979 4717 3808 9414 9778 9442 6727 6567 6705 7747 1852 2484 1224 6536 615 959 2385 2468 156 3543 3138 8128 9715 1447 7648 7138 3560 5190 8555 8686 3650 5060 3676 4661 4488 6010 6963 9075 9157 2224 124 5008 780 9697 809 5480 8719 8627 4941 5964 4904 2479 8239 9026 1936 1500 2074 8246 4525 8957 12 3735 2249 8129 2690 6611 2381 2717 6063 9278 4227 294 758 366 395 487 1999 4388 8221 9422 2071 2137 9310 9980 7924 246 9748 606 7000 1444 5282 3409 8770 2010 7840 423 4743 3741 3265 8924 8395 7035 6607 5055 1017 7057 5729 2432 6031 3406 906 8504 6525 3195 2039 7698 4176 4056 2039 6843 1579 3326 2320 1622 4564 3591 8900 345 8535 5666 1027
9738 6535 8463 7166 2499 1975 7528 8932 2328 5004 7698 3306 9910 4405 3143 6329 2905 3649 3550 7442 6886 7266 8239 5817 8967 4787 6951 1360 578 8421 0 6622 3609 7832 9268 8315 3926 9046 7681 7288 5745 3019 1598 2296 3524 5976 2134 4043 9833 8911 3378 7335 8678 334 5477 6902 9156 1363 7163 8990 8056 5433 4813 200 9844 9843 234 6884 3134 8766 8632 9232 3139 6275 9941 9331 9625 2615 53 377 2771 3848 798 6837 8385 7208 4655 3856 8429 2097 3380 7539 8443 7751 2549 5658 2252 9199 3467 8076 387 3784 138 7148 9668 3627 7033 4918 238 1003 9675 5517 4167 5031 8788 1673 3148 7043 7857 8537 5939 3560 2869 5638 6647 7159 8569 7644 1743 8694 8782 3218 860 5990 5533 4725 1666 3486 6031 4604 7190 7768 574 6891 8197 7518 5193 78 4134 7684 2698 7589 7660 9212 6982 8924 8878 9114 488 3667 4404 8341 2031 8376 5388 8771 5740 687 3874 7200 6813 464 7301 8620 313 6117 3839 7860 4249 7939 6241 8307 2688 6691 1172 2501 4452 6741 1663 2291 6710 7447 7012 7726 8181 1074 4192 8380 1332 2970
3132 9954 8925 850 8254 3643 2649 1998 7023 9723 9957 8488 9615 5760 1765 9620 7279 3857 3846 6308 2736 378 4040 497 6576 6421 1198 3820 4289 5468 6622 0 74 7927 4176 7227 722 3557 178 7900 9497 3585 110 6969 5742 499 8308 3577 363 9725 7168 186 1498 4958 98 5867 9500 4989 3937 3014 7275 4810 8508 5871 7064 5627 8052 7453 9822 9041 8636 6033 5516 6121 7996 7519 6001 9638 7731 8696 6204 4618 2240 3948 1203 4258 1600 69 5497 3083 1870 9446 7121 8765 595 7047 1701 7558 7657 9563 625 4288 3358 1935 2970 1659 5850 5891 3254 4368 6530 219 8853 111 7025 1790 2491 7320 55 9899 2698 6891 3819 9853 7231 2692 9912 8237 9796 9381 3697 2901 4873 3537 6239 8400 9034 2179 2664 9068 1746 278 8260 7889 181 7721 5306 4075 4624 3732 5328 8977 1657 4722 6449 2832 915 9964 5490 3946 6929 1125 4175 3168 4710 9177 3619 7536 9845 6262 2519 3319 3085 4080 6102 8657 5808 9262 4549 7805 7691 8601 5065 1864 3821 9792 7660 7545 4526 9333 5935 2572 8142 914 9889 6030 2089 9870 7635 7303
1509 5055 8071 8661 4159 1779 1004 2058 312 3760 3429 8859 1812 211 5358 9202 9003 3196 2524 7488 8279 1425 1836 1348 9271 7042 428 3483 4220 4543 3609 74 0 2676 8530 4317 4234 9554 4493 4319 9617 6012 7590 6395 6627 3657 58 5802 9186 6392 4497 4714 2446 6095 8318 3161 5948 8191 1437 6728 9220 9079 7793 8503 8 9377 5238 7664 8810 6551 4591 1177 8855 5930 5824 6465 3979 2702 2773 5574 6945 9654 9546 7212 627 1732 7909 6395 3860 8283 3190 6925 3612 504 8832 2287 3356 5887 6577 4047 8817 2716 7383 9665 3888 442 6709 7215 171 9516 744 5090 4031 693 5724 8624 8433 9718 3728 3189 8045 3175 6404 4609 638 1201 6964 7407 4946 9717 9039 3986 9952 3599 5378 7968 2006 9208 7494 160 7323 2167 9464 4844 1274 9763 2933 5034 5335 8353 319 7191 636 5768 9393 2453 4995 4014 1754 1297 4197 5858 7684 3606 4488 6275 6133 2505 8129 8955 9931 7431 1605 5324 1828 5015 2342 1374 9311 285 8286 2646 3343 1573 7331 9944 1956 1741 3273 5031 5423 1557 4143 2430 2362 6921 8244 5943 5393 7710
8438 3565 1921 595 2744 2997 9587 6971 5623 9991 1350 1038 5574 5325 1409 4162 4746 1065 8199 4302 3314 6322 1848 595 2558 6123 8939 3521 9092 5310 7832 7927 2676 0 9044 1895 4805 4897 2533 8254 8624 5052 3311 7503 9435 3438 9195 4861 4240 3038 5953 3459 5238 6922 3880 8232 5517 5716 6858 4871 8283 319 9304 5037 4187 3412 9519 5299 2781 186 330 623 1649 5566 7341 4363 2997 5099 6724 9154 5430 6417 4827 9170 4211 261 1716 655 9223 1062 750 1600 4238 9504 2665 2458 1123 2246 7082 3762 6225 8586 4872 5672 2824 9966 7943 5691 7633 3284 8810 4435 4623 5117 4038 8409 7856 1706 1127 4592 8787 1821 2625 9519 9506 5298 2079 9217 7148 5442 587 7031 1650 7171 9511 6070 415 8334 2627 7300 2793 2479 488 5345 7052 7355 8149 9670 3933 2325 717 7174 6789 7381 5034 9174 2010 75 1524 7577 5565 8191 5592 256 9209 4839 48 1693 9185 7265 6873 1055 4202 5163 7394 515 612 7415 7095 3407 3484 8206 7989 5500 6087 8734 1890 8290 839 1793 9019 885 5163 6059 4276 3554 4295 9104 5988 9201
1555 4003 6725 3202 3356 786 9271 9687 8004 8419 2695 4289 6563 1103 7934 5889 7704 5741 2846 8 6558 6382 3766 2717 8391 796 3705 7842 1335 1149 9268 4176 8530 9044 0 4248 5498 3748 3743 575 6518 2711 9983 6772 5791 7796 6202 3956 6973 5487 3064 1075 5037 2978 6492 2698 753 3586 335 261 2898 6930 3828 1839 1757 4073 6106 7319 2566 1622 185 890 9685 4874 1021 2644 2394 2543 5224 5145 1394 2426 597 2743 1926 4847 8051 2720 6320 9100 2942 1656 113 7317 1693 6487 7849 6783 1477 3976 900 7317 8393 2570 3046 9604 9473 1936 7682 5471 6152 7355 6632 6907 3381 5594 8250 7829 8162 6250 8802 8935 9603 2569 609 3620 1261 9222 6748 1469 4548 5157 9448 8653 7644 7075 3013 7713 1263 4965 9969 2678 8535 1723 4925 555 747 3889 853 6493 3064 3909 6337 9858 4668 1862 9430 7454 412 9264 7985 761 9208 2583 1325 2699 4729 7476 6153 3454 7177 8334 2406 271 7068 2808 1797 5007 4537 8007 5238 7880 1468 3553 980 7948 1578 1770 950 3557 1337 5843 7661 946 7768 4328 7244 2397 8048 6726
5889 7396 1528 6375 9963 1919 8232 2345 5764 367 7862 3923 9185 3400 5871 4173 968 4456 3089 8500 3552 6921 2835 6727 5429 3444 6483 7147 3886 6295 8315 7227 4317 1895 4248 0 2866 4453 5187 6232 3274 5970 6122 2239 970 3990 3332 1332 9888 6983 3662 4262 1830 4813 4408 6477 7280 3061 1220 441 2403 8538 1031 3411 9621 2222 3145 2886 4393 4383 4516 7193 3514 4974 634 3765 7178 6942 5920 3585 3256 7770 3347 2264 4636 2052 8195 5323 1709 6183 5521 1642 6069 624 8662 9304 1573 8648 323 6803 2588 3699 379 5750 7920 1904 6680 8783 2269 1331 6390 1181 9356 5135 1159 634 4288 1898 2517 2117 4028 4459 7184 8635 1619 255 502 8151 4434 2045 7650 6983 6219 3724 6922 3347 4240 2185 9244 4834 2304 9492 6676 818 1514 8049 9853 6246 9361 1136 5231 2037 6197 521 735 4263 34 725 9795 6995 887 6544 4882 5120 4518 2137 4021 3803 172 5473 7188 5408 2531 184 2970 3031 8482 4028 4411 4478 7596 5915 7292 7472 3593 3279 159 6993 7134 2562 5352 971 9513 9307 4880 8028 72 6400 8837 8228
3121 7522 5713 3701 9450 7358 2627 6863 5953 8800 707 8726 5399 1051 3097 8119 7579 8331 5062 449 7802 2371 4372 793 7184 3570 7416 8313 3211 3683 3926 722 4234 4805 5498 2866 0 6341 2703 6439 2955 5873 3421 7346 1795 9871 7084 9793 251 8920 1019 7290 7147 9987 1631 3156 7954 6193 824 8259 1907 4049 4753 9484 404 1939 2507 5374 8323 3526 4244 25 3508 8231 9732 4758 9565 1048 8303 2904 1569 5833 22 9724 4160 809 491 6304 3029 2524 6021 6233 7975 1449 8416 6852 6761 4900 5026 9974 1764 3348 1350 5904 9084 549 5599 6894 6992 6236 432 1667 752 1005 5409 3369 1945 8488 6691 1175 1435 3001 7226 5785 952 6944 6447 9187 7795 2546 6453 6018 6779 2219 3431 4616 3691 7292 9619 6960 516 2036 102 8959 8160 7889 1973 4774 3198 7863 4976 2022 4229 7122 5082 3816 516 2298 5553 9934 5221 4200 257 4627 6552 3942 4729 5438 3725 4425 9358 3014 3221 1816 6069 9138 3078 1286 6028 4133 1861 3595 7384 1149 2234 5716 7552 1531 7572 5816 1748 9080 4058 2160 4041 3385 7007 3900 4128 1229
8171 1235 6072 5935 7343 1741 975 4202 1657 6142 4693 9942 8665 1037 703 2153 7791 4099 6081 7175 769 5864 3462 1157 2966 4658 9401 4113 8995 9542 9046 3557 9554 4897 3748 4453 6341 0 3250 2603 6669 8544 2606 2491 5232 8452 3364 4944 838 7453 6525 52 527 844 7367 4552 3301 4861 9303 4169 4890 1634 3116 3741 5128 5216 5100 7600 3822 7630 4859 7152 1103 2165 6198 3947 8354 7034 4524 7231 1915 4976 7574 3026 8854 7485 4771 6460 3380 8667 4202 4107 8163 182 7974 169 6586 785 4250 6457 1430 6146 9811 8319 3420 5193 488 4729 7660 8462 2034 519 3359 1350 285 1726 6114 9094 7902 8779 1302 8700 9514 8397 4069 1857 3264 8850 2082 2121 5159 7802 6908 5447 95 9649 9611 3424 5043 2832 4631 8182 1703 1104 55 6716 861 6220 8020 3922 1016 5190 1690 2529 6538 1673 6991 9951 8112 8191 6408 7424 8907 8852 9131 969 1625 6723 4123 8994 9149 6366 1421 1389 307 7603 6034 9163 9021 2745 7563 7646 2513 1256 4871 2822 3847 9526 5762 2750 4834 4794 6591 5014 438 1687 3959 6534 142 7236
4933 5733 9243 9521 312 4995 1239 2158 3923 8208 5475 2107 5258 1894 4094 7400 905 1106 7702 5696 3421 6058 9756 8611 4925 6165 2336 7884 9886 3219 7681 178 4493 2533 3743 5187 2703 3250 0 6792 3170 3858 5913 8595 3842 6302 6982 3203 4459 7523 3585 130 2565 43 3236 5619 9854 8496 9807 2108 5438 7678 2800 801 9567 3880 5824 9496 7771 8565 6401 8976 91 8989 3040 3328 3913 6 6236 2706 2584 1186 9533 20 3580 8616 7796 5324 6852 3730 1940 3055 7965 4228 9753 6151 9288 7110 6722 2135 6478 9688 1978 596 4198 6314 830 5363 967 4890 6187 6709 30 7512 9705 6813 404 4507 8165 5836 6117 1093 8207 2590 9654 7482 1306 5578 3131 5071 5754 8231 349 3740 4152 9181 5753 5951 117 500 4561 4031 6664 5536 3891 5566 5215 1858 1674 8249 5278 2445 9418 3706 1577 2813 8253 3903 3592 1224 2176 7032 6102 9628 912 2932 5820 855 5379 4464 4981 1838 8520 7742 6238 7687 727 6874 2611 9457 5641 3054 7304 7977 9443 3939 9791 1170 2569 3392 739 3178 8999 8477 4769 8217 815 2554 9010 8672
7864 3185 1719 7598 1703 1042 7078 8638 6543 2063 175 3636 8576 6495 3676 119 8578 1794 5418 1675 760 4699 7936 6346 17 7299 352 9763 6385 9676 7288 7900 4319 8254 575 6232 6439 2603 6792 0 6194 3802 2851 5467 8552 9154 7037 7248 7116 9146 8502 701 8538 2367 6597 1274 8903 1219 3283 2756 6106 9369 5354 258 1014 8832 5491 5102 2908 3991 5817 7944 191 6328 6810 3386 8491 5898 9957 9011 3180 6726 9577 9937 3482 2372 269 655 4777 1832 8742 752 8588 3198 9326 9983 1978 2760 7261 3759 1778 1877 1755 4146 8795 2580 4388 2014 9748 773 9347 5606 5707 5884 3998 154 985 5726 5742 1051 5959 381 598 8351 7353 9704 6893 9130 3744 9036 7233 4079 373 1227 6449 268 4879 951 2346 3411 4056 9366 9148 3652 4799 4532 374 879 5297 9016 3350 7494 8188 7726 2151 6230 3861 3549 2797 9286 7535 9371 150 1756 6117 1822 6507 2023 4989 6125 647 3714 2091 4540 4449 1033 4467 7176 8937 5139 2478 9632 7783 1816 8782 3564 6804 2290 3314 8883 9055 8151 1097 1834 4740 4232 9728 3488 4918 7248
1351 8990 9506 8563 1549 8375 5009 6803 1742 4684 7961 9804 9124 6370 8386 4372 4642 4309 7298 4808 6459 3754 1085 4633 8544 6780 3952 3438 5596 8812 5745 9497 9617 8624 6518 3274 2955 6669 3170 6194 0 8720 7726 1968 486 9426 6552 8237 2343 9862 9541 6711 9825 8949 7666 1292 4790 4031 6176 6434 3262 3664 4748 3003 3772 180 7166 8850 9737 6906 4519 6477 3098 5307 7647 2261 2924 1419 9742 5092 1701 4576 729 4810 7724 49 7786 82 2658 8623 1471 4686 6981 7555 1668 5616 3924 2583 6571 8281 1961 6320 1048 8439 9104 9837 2149 8153 6577 8631 6204 8590 1119 1774 4271 7857 7836 3777 6891 5514 3435 9387 7439 6719 1374 9126 2527 9736 4528 1079 6294 7938 540 9441 9073 3890 9523 5804 1811 2214 9329 1774 6899 7604 1841 6432 2354 5897 3515 3295 9168 2002 1452 2076 3607 9765 2532 1652 1578 2106 3045 6834 6893 7888 3219 799 4145 1351 8589 6647 956 8082 5646 9767 1461 9140 768 5036 4698 6937 5427 5137 6936 6629 9554 4620 6580 8134 3479 6433 9934 7575 9722 9306 8564 4169 5814 4508 3230 5665
