250
0 9126 3223 6088 5438 9311 7430 3878 6989 2782 3809 1753 5020 9970 5273 3695 6326 1436 4284 2550 377 2468 1529 6694 5465 5251 7282 6173 8621 1610 7716 8419 2320 5669 1435 8013 8529 8041 8657 6831 2172 2221 7690 5686 9708 8417 2831 6916 3544 5083 7877 385 8561 2085 7345 6680 5587 9420 1074 9595 2833 2864 9056 6008 2589 7096 8691 2866 4528 9983 7612 367 2165 5330 7456 4559 3905 4670 3121 3116 9150 1245 3927 4636 9790 8092 8867 1576 9491 5904 5824 3807 8251 7887 9371 6317 7527 4538 6621 6179 5957 5808 8517 2925 8955 5439 2427 4556 7129 3537 5139 2276 9736 145 3862 6763 1079 851 9712 1969 2347 2839 587 8923 2837 8526 8811 6168 6470 1884 4709 4938 8656 4681 5850 4892 7248 2419 401 4079 6664 7591 9647 6938 7551 9022 6649 1947 1246 2013 2343 186 8340 9420 6337 3941 98 6653 621 5260 7069 378 5986 952 665 5905 6710 6012 2257 1478 4811 7254 4818 3723 9903 6214 5271 9587 6446 9924 4764 7676 5997 325 1750 5186 8939 838 9900 5162 4812 5074 8925 2641 3337 7251 849 7342 3317 135 7627 4379 6641 1656 8885 7903 6140 2716 9414 7656 1110 8317 3478 9046 7702 3622 5077 4823 7613 9884 9290 6002 8408 8944 9669 9206 8911 8402 1297 7833 647 2835 6509 1132 3965 5067 2241 1208 4747 1572 208 992 1510 9453 4992 5551 2147 1962 9210 9627
9126 0 4031 5482 2239 7837 9598 2275 9032 1773 6862 5342 108 3040 6273 5155 6550 2218 7143 2057 4025 6769 735 4363 5496 1605 9678 412 5541 1994 8675 9880 9085 8288 3874 2823 4598 6897 9038 7849 1237 2085 9255 2316 1023 2383 9528 2003 8283 7684 9905 3367 4607 7045 4437 3023 4292 8979 5909 8232 9746 5896 6951 6924 2293 3750 9301 2405 1939 8385 3363 7153 5988 5450 5470 7430 7246 9161 6675 4862 1989 471 6492 7559 3055 5341 2712 5073 5184 9273 8501 6193 7644 2923 7195 5919 3885 2560 7863 8532 2257 3053 6590 3778 6180 7559 8312 2730 2487 5901 9308 1091 5733 5533 615 2400 4673 564 6868 1250 2512 682 5975 2895 2380 7069 8573 6030 8196 4207 3070 4406 5574 3228 997 854 3709 139 2676 97 6356 4067 9041 5795 9014 9187 1130 2285 5888 6175 6027 2925 2993 2675 6373 5496 2021 5233 1470 2767 7614 5504 6872 6856 6316 2713 2841 5048 4230 3098 8969 9422 7409 9130 1757 3604 7336 66 7645 3061 4985 6738 3909 6033 3562 3627 2878 2915 4202 6924 6216 7268 3600 848 8289 4553 5550 1215 8707 6198 7314 4221 7185 2041 7102 3644 5255 2123 4893 4266 6789 8857 6973 8505 7615 4151 7313 293 2265 3338 4160 7453 3676 5149 1143 8399 3008 1645 1541 5678 9779 4445 5435 1457 1602 7294 8832 7432 3614 2345 996 1046 5619 7315 8448 6664 4673 3108 9492 91
3223 4031 0 6750 5866 501 7867 2434 9866 3501 6101 7328 547 1803 7180 3759 8272 6133 2224 1899 5717 1090 539 7617 3592 1044 9041 1073 1660 9650 3143 9316 8867 3596 2903 2856 2132 8624 1254 686 5425 8588 9191 3315 1061 9284 9758 1730 2359 3396 2069 4733 2714 2866 12 3352 7568 8746 826 9911 1668 3498 8773 4957 2293 9158 3230 3249 5034 3555 9477 6917 3426 6753 506 9562 4679 702 8091 7356 7908 9638 153 5446 5934 2981 44 1221 4256 1815 730 5630 8526 6567 9931 550 4108 5409 1791 4661 2881 9932 2125 6725 8188 621 8360 6310 813 9720 5789 5039 1916 374 8326 5920 8161 8503 5233 6917 7891 8087 7617 2744 4915 1222 1070 5789 6986 7470 6640 9981 9891 2067 5767 7423 9459 3373 787 8820 8312 6255 8492 4275 9489 5572 7342 6634 8250 8957 6411 2030 7767 5990 8474 5054 5637 8373 4215 5260 5896 2908 8830 6464 1335 6592 4189 4664 5189 786 6677 5892 6144 3395 8813 6637 5856 5960 3511 990 8841 686 8522 9529 2547 6104 6975 4951 5453 3531 2393 1912 8407 6760 7511 1013 4963 7170 5666 1221 4464 516 4429 1493 2861 2067 7153 4956 2380 7000 7731 8700 9948 7562 3139 9450 3451 5469 9403 747 8174 1263 9664 835 7352 3434 6350 7043 8169 612 7053 813 428 6196 2101 160 6727 8052 3648 9945 2728 8196 5721 7749 1845 7444 5774 3699 6746 8113
6088 5482 6750 0 1727 5250 9618 546 2045 5109 4706 2302 2483 9123 6659 7366 8458 1947 3722 5178 4001 3355 3439 8248 6091 848 2431 6572 2929 8930 4315 6580 4728 3461 4583 7138 2582 7965 2979 8923 6624 6867 6512 4332 7609 2820 5829 9111 1290 7383 1075 9945 5990 8931 5320 6039 7897 9736 2870 5294 3445 4447 2368 9191 8889 4937 6630 6778 686 5 740 9619 9324 8695 1405 4956 6012 790 6831 5778 2603 9945 7235 3109 1180 6922 5640 8580 8758 148 1520 3434 6163 8489 7715 2516 245 5856 758 3315 6473 7745 2130 5607 7480 5069 8614 8129 3109 7048 7191 687 6174 1841 906 3694 431 8371 1427 6517 6003 2680 9693 9237 6239 4968 4918 5295 3725 5664 3289 7718 3344 9987 5644 2928 543 4442 3059 5055 10000 6711 4847 5654 8313 584 8355 6620 61 1004 6839 2781 1687 6296 3151 8388 9228 8700 1409 7319 392 5842 4559 5303 2119 4991 4694 9534 2227 4281 2883 4329 7777 2908 5874 9997 7011 3020 4441 8953 9296 8074 4646 9794 5855 6107 3140 8222 2495 6560 3029 9586 4737 1785 6193 5043 4434 2958 7962 8062 4526 9498 9878 1391 9785 940 4539 7592 7938 1379 1053 9097 4434 863 4667 6269 6781 9770 318 914 8464 5685 918 107 8535 271 1249 7246 2956 47 2963 1931 6577 8842 7478 7227 1741 1018 4700 3370 1540 9367 4932 8344 430 5177 6234 5818 5561 4189
5438 2239 5866 1727 0 3516 9782 5865 9533 7429 415 6965 7323 412 3351 8403 3702 4037 214 7119 6090 7560 4605 3550 1350 8159 3414 8934 3663 7173 6153 4225 240 119 156 3145 7428 9655 4468 7208 3322 6518 3015 3734 1549 7366 9008 8607 4292 4166 9374 8450 8266 6326 6862 4414 937 5637 9203 8901 7647 7191 2727 181 546 5071 2400 5491 4247 6878 9534 2696 5673 9340 6528 516 6166 1078 2833 8806 5452 1778 3713 3495 1486 772 1976 4602 4491 736 4207 1111 4912 8683 7546 5333 691 8528 4557 4141 1576 3663 9141 9783 8766 9038 1903 7659 8428 4227 6807 8193 8972 299 1741 5090 8485 1184 7024 6779 8593 1575 9231 3337 1938 9495 9928 4723 9468 4138 6444 2861 501 8467 8468 3702 1588 4269 6950 7566 256 2440 4764 4332 456 9574 2448 6561 1751 1549 1148 1087 3059 3831 8921 1406 956 7402 494 1405 2805 2080 2621 8727 2285 9225 345 7898 1303 987 9234 1491 730 7377 3192 9923 7174 6140 4273 9479 1010 8249 7462 8360 6714 3207 2341 2537 6539 1439 778 2762 8454 3816 5645 7720 6135 4551 8810 142 6764 1319 8151 7036 9000 591 2122 8322 299 9873 8412 7918 3374 1316 9565 2234 8171 7177 9448 4763 8214 1164 9019 7738 8601 4082 7491 7474 4823 1583 1510 9942 187 4151 1544 6297 7798 7319 2110 7693 4044 7318 294 1662 6925 9646 1691 9636 3012 2799
9311 7837 501 5250 3516 0 3045 687 8007 3321 944 9292 7888 2305 6702 3144 7121 8926 189 2013 4267 8465 1031 4758 2017 2823 5575 2780 4960 6360 6215 9220 5612 7556 3379 7978 3937 7794 9331 4567 3194 8599 7675 1101 5773 7896 4965 9666 4874 6980 6838 653 3955 9497 2044 9434 9832 6415 2707 7685 4227 5403 9270 6044 4512 609 2475 1726 8553 4051 9569 3670 7497 8496 3988 9564 9020 4690 6375 210 7727 5852 728 394 263 5073 6502 7120 849 2967 3381 4316 8496 9612 5386 1695 2400 4297 2538 9554 6232 1830 6594 2796 3553 1056 3634 2382 2961 5274 530 800 8235 8558 5103 3786 3653 5504 7877 2045 5850 4802 5584 4619 1402 1779 9757 8315 7170 4017 5681 8109 7671 4738 6536 9774 7053 2175 963 3129 4043 6882 4407 2252 5745 4236 534 7241 9043 9887 7051 8480 5696 8092 7958 3818 5692 4882 2959 4241 7344 2219 9297 8585 119 2274 416 807 2997 9377 1421 3669 3161 4366 3320 850 5222 5285 9086 2863 6017 8597 6115 2296 8200 6035 1404 66 9201 757 2553 2734 3419 8290 9451 1944 1232 3768 4701 461 8669 839 4972 8051 8615 6131 6972 5416 4497 3957 4202 5384 525 9331 7826 7285 1016 9800 7004 7770 6782 447 5706 6704 4658 3257 9946 3153 7265 4024 5864 7632 58 8086 9330 6603 4377 6261 9127 6505 6397 3150 7571 2978 138 4622 5393 6870 467 9560
7430 9598 7867 9618 9782 3045 0 7385 9071 8886 2510 1514 4023 7246 4157 4286 6406 325 5850 7785 8243 8441 3575 2794 9090 3059 4463 6173 7542 2652 3804 8910 7203 2504 9516 7874 5735 6925 4184 7426 3421 3276 4415 9854 7328 1037 1014 6145 5332 144 7900 2309 4592 5566 6740 625 9669 4284 8322 7835 8403 7599 6897 1610 4591 1225 7701 1648 6561 7863 6110 9282 1455 4157 5515 8733 3485 9762 4255 7037 1690 3727 9713 5618 1618 3344 6896 9750 5671 2770 3123 5610 1349 3422 686 6473 1930 9490 5885 811 2949 7836 7584 1066 8040 8097 3457 6906 4507 4307 4266 5360 7006 8886 2125 3590 5697 5917 1789 8894 8501 5312 2762 6329 8617 740 5738 4689 7768 4004 961 9432 7512 2886 9112 8890 8001 7668 6514 8712 7710 2501 4461 9057 8616 9343 4806 9796 4611 1952 9524 9906 4304 2734 9113 3395 7422 2280 7404 6393 9370 1169 9421 3954 9764 1886 1998 9135 9933 1594 8520 5688 7229 3610 9460 590 3693 9529 7701 9073 2837 3856 2490 8554 9974 782 8319 1040 1240 6032 9987 651 7883 7967 6746 4544 6583 454 2682 993 2670 8753 9277 3397 66 5229 1545 6083 6477 1107 638 7762 4117 6671 7569 3223 1623 3180 8249 4261 1283 218 4582 6125 6749 6267 354 3203 2922 3929 2034 6315 5390 9595 7562 3316 4693 8784 6816 5982 423 2105 7199 9004 9218 1524 4796 5197 5231 5894
3878 2275 2434 546 5865 687 7385 0 6849 7202 6499 4250 5705 6381 2027 1862 5987 5233 7490 8366 789 6536 8418 43 2814 7300 7794 6100 7098 161 141 44 7912 8721 4426 816 3674 3377 2111 433 8743 5001 4584 5606 105 1019 4694 1778 3280 4562 244 931 7725 9676 5338 2201 1685 4133 1368 3488 6233 9178 9757 9204 4980 8824 3200 6824 6627 7982 8224 4079 2872 1748 7449 7016 4491 3248 3921 664 1263 8972 3594 409 7222 9520 6573 8687 8772 9608 1693 7324 5554 138 1834 8351 8287 5158 4002 9656 8034 5396 3773 5600 5676 2878 6131 4380 2567 7810 6390 3069 6666 4963 7518 8469 369 5089 5318 4024 3636 3295 1123 5554 2063 5029 1624 71 951 4585 6239 5580 3362 8016 9294 4545 1589 7915 9243 7176 5187 3720 7537 6428 5299 2403 9926 6846 4016 5489 6287 9399 8023 5439 335 3729 1920 8167 3518 3820 9170 2909 5984 1874 4316 9373 6231 3296 1224 6812 3217 8797 2434 5224 7383 4271 2642 8140 3638 2117 305 6334 1229 3900 9043 2604 5824 3011 2002 3144 3725 2681 74 3625 6813 974 35 5832 7508 5925 7430 6808 1355 2826 4107 513 582 9085 6066 7212 6648 1105 746 3516 8300 9470 7454 1440 7541 1527 1679 3889 5768 36 6700 6997 7041 9153 7667 2932 7384 4376 8650 9273 7152 6175 5846 4567 7054 9117 6264 5791 4341 8639 8431 2962 2975 9143 9735 279
6989 9032 9866 2045 9533 8007 9071 6849 0 8530 6032 8901 4736 7418 282 5249 938 4046 8172 4888 1877 3012 8780 9807 9167 7669 1943 9053 9649 1195 4569 7670 7490 9638 7689 5738 3958 7215 840 5880 7553 2925 6686 408 4153 5685 7243 8999 4957 7544 6011 9033 8286 6323 8675 8441 6884 6841 5341 9647 8424 7818 7033 5249 5559 717 6932 9403 6355 5638 4470 6348 2294 1551 8884 3743 3 5970 5793 3848 6443 368 6547 360 5857 9557 7343 3176 379 4382 1881 6237 6060 4480 2663 7039 712 7187 3306 1229 5672 7637 5766 6862 7051 1633 7657 7228 8588 4506 3555 8982 3540 1551 303 5305 9396 8154 5077 2298 6943 8749 7986 6336 9337 6858 94 2692 2255 9282 521 2536 6354 933 2126 8041 2963 7974 3070 4576 9728 2432 9606 690 1843 1034 6751 3272 2047 9088 3757 1516 5187 9968 8773 6022 2746 443 5873 9621 1830 4368 8445 1162 3286 6319 945 2010 4481 3945 6478 4995 7304 9594 511 8204 9834 7310 3378 7788 5525 6091 597 4686 5951 4309 7560 625 6044 5381 3871 9318 4715 2422 2522 4259 3540 8869 6596 9276 1569 8545 6988 288 902 1546 6366 4080 2702 1229 3046 4560 8397 6014 2522 7701 6613 6478 5128 2678 9968 3822 6871 5355 904 9870 3877 180 6710 5413 1380 1126 178 289 461 8714 1345 3205 3106 322 6206 3731 4635 6107 6246 7072 3833 9105 2117 8589
2782 1773 3501 5109 7429 3321 8886 7202 8530 0 4759 9269 8655 6596 3933 657 2580 5476 6711 884 8460 4358 1719 2153 9559 3096 4970 2794 471 7573 1069 2106 6928 9934 838 5067 5983 8827 8761 5524 4837 8358 4451 8908 3198 9868 830 3117 3535 4292 624 2831 3853 8695 8565 988 675 9534 542 5174 488 5453 2624 2534 917 337 1239 6739 7451 1234 4236 1014 1310 8215 3386 2088 7382 4282 5247 8957 4591 6677 7665 5323 6575 4988 8802 4603 2343 2119 734 8988 3905 7729 2715 6628 9272 669 6477 3369 3012 9745 6805 2392 6028 949 8274 1644 5085 6261 3212 4585 2371 4613 6104 8650 4714 560 8393 3768 8054 1251 7501 2065 2180 5294 4372 8352 2324 2610 6324 5435 9915 8666 8737 4626 5584 8538 6620 8263 6267 1269 2054 7015 8283 7660 5480 3644 7288 5814 8527 7626 6238 9186 8009 1376 2380 6061 5024 6242 5961 3902 9105 1893 8082 3894 3676 2143 8323 1070 5842 5840 9920 619 2634 3532 7724 3447 5226 1179 4579 9872 1322 1531 7341 830 7234 6790 3007 4848 355 2670 8980 7768 3115 1851 8254 2531 8709 5146 6423 2333 5288 6925 2675 917 1507 6258 1392 4807 2354 5552 1986 5136 5812 3655 2484 7322 3141 3212 9934 6073 4663 3802 414 7947 4101 4300 8347 6706 2569 3879 3363 6501 265 4425 1640 5781 1830 3351 5906 3946 3851 8842 9093 5093 3649 2166 3355 3425
3809 6862 6101 4706 415 944 2510 6499 6032 4759 0 8336 7317 1504 77 3820 5531 7397 5440 2294 8338 7567 9370 243 1311 4322 2127 7827 4079 3404 4732 2978 2638 2745 7464 7614 2282 4069 1585 4123 2693 1552 9965 8306 4875 9623 6339 9011 757 9465 1848 3437 1688 2662 8323 3790 6051 6494 4900 2039 6428 4714 2647 5957 7223 2978 2295 7769 191 9025 9370 2771 7063 3166 1332 7686 5279 2253 7727 4019 9453 4742 5960 1634 7509 8211 9342 5514 2322 2542 1733 2871 7287 1678 1220 2334 9644 6438 3319 8467 7451 9515 7894 906 8439 9570 6702 4332 212 5667 9756 271 3851 8533 8550 7509 2999 3621 4918 6091 1901 7479 6072 8388 5580 8608 6464 6762 460 192 2478 5918 572 9307 9023 97 6947 4447 3961 7677 8538 3282 8518 9238 1153 4775 1504 2511 7832 7920 3971 5891 4269 1921 5338 1561 6959 4703 9120 8606 1845 2209 794 3894 6659 1887 267 8246 7641 3450 6779 5117 785 9081 6441 5651 2455 4500 8906 4466 8758 4864 4544 3477 7155 6362 2006 7022 6186 2135 6729 3792 3134 4389 3849 2930 5175 6900 937 2901 1415 4881 3603 5331 6299 8712 2167 9058 1466 2944 7977 1742 1871 4053 1064 4090 4457 8769 8029 8225 3297 8872 2258 7690 3301 6995 4941 5915 4504 3335 7143 6412 4673 8904 3077 6515 3320 2513 7250 2890 7442 9640 8860 8545 2602 4438 1233 1516 6086 7194
1753 5342 7328 2302 6965 9292 1514 4250 8901 9269 8336 0 7118 1475 2775 9765 4468 427 2868 14 2008 6811 5939 5708 6941 6714 4793 2633 3545 8511 5757 350 2758 9591 3547 6841 9087 9052 6395 3493 1293 8994 9089 4377 5358 8088 3103 1734 1866 4620 9164 6849 7681 5547 9739 1437 3924 9025 2135 3946 2885 7004 7033 1498 6796 1262 6238 9183 7794 9984 2349 3100 673 5985 5025 7817 1806 351 6674 4538 5650 3110 670 3805 9991 2874 2344 9875 3888 6370 9694 1977 3251 2480 9802 1412 6087 6415 3078 6623 1103 9458 8631 8894 7288 7735 6288 5020 449 2496 1599 817 9091 2467 2777 2413 8561 3363 8168 7243 6738 6388 3765 9407 5049 4786 6951 9604 439 3349 6311 8599 7870 5155 798 8924 8080 8425 7018 3775 3927 6350 3975 102 2257 6076 2875 6849 2951 2959 4063 105 9744 3481 8515 8806 4800 9206 5322 7588 3099 7124 9671 8216 9042 5593 5231 8589 4068 8492 7986 8174 3229 8796 6494 4327 3117 5877 3143 7211 4815 2288 9541 7497 2681 4296 6198 9884 8736 1718 5494 4649 8728 6834 7821 3960 2238 6551 3817 360 1548 6287 4681 5276 4707 8979 5928 9015 5981 9572 5421 2570 2 7018 7225 5185 3776 7659 7260 5765 1984 7955 1222 9518 4490 3714 6258 9125 1983 1927 6433 305 2832 6481 4041 5963 3611 6541 9030 2933 8876 9383 1603 5226 1799 3337 7763 2204 9017 7441
5020 108 547 2483 7323 7888 4023 5705 4736 8655 7317 7118 0 6327 3333 7955 8249 9378 883 9864 4720 5526 9890 7465 2643 9172 8015 9859 8168 9953 8975 6079 7026 1068 7973 6423 1213 5390 1612 1952 5578 374 1930 195 3702 8303 6437 6857 3785 4637 6226 3009 5453 7814 9240 2316 2815 2311 5801 3847 5702 5633 7552 564 739 2153 645 3857 6713 4427 3915 2782 9804 1574 3259 725 66 5598 6936 6975 742 8201 82 1968 3551 8869 2138 1809 5904 8438 2375 4177 6163 142 8724 6176 3461 6572 4636 9595 1421 328 378 5092 6285 8225 4326 7967 4838 1063 8522 9396 9074 1867 4100 3297 9233 4082 4712 8062 3208 4515 8485 6122 4153 6368 8378 337 5611 4168 8592 3419 1226 3434 6149 2608 1926 7245 5878 3100 9831 4069 4891 9362 8428 5216 5689 481 5995 9731 9821 8883 4796 5388 2542 9982 5086 1187 630 7394 8088 415 6708 4102 9254 9800 9532 3277 6564 3011 8519 4668 8226 2620 9380 4749 2379 3683 7430 4765 7712 2782 5640 5017 2023 4540 3361 9152 985 8211 2767 6918 1331 5413 3708 9186 9835 1851 89 8475 9936 8500 4606 285 185 6399 1069 7921 8400 7531 3945 7617 3109 4986 6148 5667 8528 9551 9232 8490 6546 5289 3733 4074 6922 5488 747 5745 26 712 90 4615 2445 1018 8193 3094 5202 4774 916 8487 8771 4544 4438 2923 3613 1837 2006 5230 314 3652
9970 3040 1803 9123 412 2305 7246 6381 7418 6596 1504 1475 6327 0 1864 5606 8216 9381 6166 688 4904 4748 3320 6738 5741 5441 7401 8851 8037 8149 2529 7447 9136 3376 4701 5925 453 5045 2378 2485 2749 8890 8083 578 8262 9772 2488 3274 4833 6834 782 2080 4903 4341 3857 9798 9152 8387 5842 5787 766 4015 5414 1869 3587 6293 3272 4652 4773 8833 682 1438 4518 615 8949 9493 8380 2215 4919 246 9910 9952 7896 1705 5949 1530 8122 8020 512 9038 849 2185 7491 381 5466 6088 1361 9328 2790 1154 5992 8349 751 631 2754 6078 8308 5453 8873 1023 8829 7565 3065 1019 8434 4871 3430 1461 9841 158 2240 3681 6656 328 5847 8782 5549 5743 7763 5611 8034 6578 4564 5118 138 9091 5379 1349 756 4616 5523 6859 1405 9545 9140 7463 9710 3930 7122 9264 5174 4428 6127 411 7959 7052 2617 6209 189 5804 3225 4120 9449 5046 1288 3398 5872 5947 6543 1839 5410 3429 5505 6427 2360 5307 2178 9696 9172 8182 8229 3057 4778 326 8495 5242 1807 8474 154 1401 9550 6656 3553 3524 1939 5501 7266 9868 4833 1014 9522 1298 7084 9367 998 3612 4635 3687 496 2113 5315 3129 5178 9455 8839 2230 7795 8662 8469 9805 7811 4395 7910 365 2636 544 8971 4233 6677 4481 1101 8963 2549 464 2223 1040 5290 2016 7140 7631 3070 599 207 454 8653 754 8942 7437 1593 6948
5273 6273 7180 6659 3351 6702 4157 2027 282 3933 77 2775 3333 1864 0 9248 1575 8034 9483 7031 1360 5511 2784 5710 9653 2167 2391 44 5046 7044 2789 8415 487 6114 5680 2915 2683 2770 6961 3147 2200 5579 6316 4668 4997 5878 4387 9528 1245 4279 1541 4775 3455 2718 3090 9834 2487 9311 9163 1668 7766 3377 4115 5865 7887 147 6706 2815 4475 5949 3262 1952 2274 2199 840 5120 2386 7060 405 2756 8569 7374 1558 764 4874 9256 2643 7819 8482 2785 7588 2049 448 1130 6923 7211 4520 3274 8769 2720 7031 5577 7592 6050 6338 4252 4613 8310 5457 2446 8339 5175 3216 8967 2137 1441 3142 7013 7753 8692 9368 5915 1942 1401 5760 2353 1161 2682 5698 7156 7713 7761 9438 8764 1836 4070 889 1888 4285 6591 2451 2468 8663 9177 7238 2814 442 4454 3702 6184 1123 6229 9292 5092 1619 8813 456 497 151 1589 172 1495 2163 1367 7545 5875 8322 8037 6442 2524 593 5392 8609 1298 6612 1529 8758 263 6274 8177 4909 8942 3515 6100 4548 6538 8080 4601 6236 6567 128 346 3666 6641 3604 7703 8003 90 8269 433 714 4254 4597 4204 7725 3757 7323 3108 3209 1958 1664 3505 4757 7637 8815 7792 1459 7964 7584 8001 8590 2922 7371 1359 1586 4618 2915 4227 5550 3682 2127 8995 8016 4636 2768 6513 4717 8596 9560 6535 366 6163 2180 7767 7551 3004 372 9186 7936 1885
3695 5155 3759 7366 8403 3144 4286 1862 5249 657 3820 9765 7955 5606 9248 0 8178 4093 6563 2119 631 8361 4406 7046 5463 2544 8933 1191 8421 930 3028 8272 2772 8106 450 4820 522 820 4775 911 787 573 3583 9675 896 3328 4086 8597 1501 782 6204 8226 7755 7290 7364 5100 6212 8403 5937 5306 8222 3366 7757 3203 7146 8162 1733 8393 2677 1805 4171 3704 4145 7535 2163 5734 6141 9533 6291 8321 4170 7202 9338 4354 2491 8848 2808 3058 7150 2734 2393 5009 4760 8465 1935 3364 9934 6904 8602 5714 5519 982 3842 8822 2855 6670 7625 952 7209 158 2032 634 6209 411 2499 8524 1296 5204 530 2641 1919 121 3159 792 5288 3381 3042 8781 385 949 7639 6080 6865 3626 3951 4241 8985 6233 6460 5355 480 7471 5161 9640 9479 5424 5928 1876 6726 6278 6060 6226 5426 4351 6430 8022 8257 3508 496 4989 2431 8996 3829 5130 6113 1463 4492 6764 7252 6188 4853 3261 9956 7901 6297 1367 138 1746 5633 8237 380 1219 6689 5503 4291 4655 8747 4035 907 5664 7493 6723 2352 8863 2547 1001 76 267 8609 7310 2057 6092 9274 9504 4778 1006 8638 163 9511 7546 3130 9692 2232 9160 6345 1423 221 1085 8965 1588 9712 860 9566 7844 5691 1012 2865 4845 4465 8627 8437 634 6651 6368 1434 2313 6544 3886 8270 8511 5078 4685 1948 9066 7220 405 9016 2439 1303 9552
6326 6550 8272 8458 3702 7121 6406 5987 938 2580 5531 4468 8249 8216 1575 8178 0 5514 1435 5686 783 3235 709 7998 6642 6887 8060 8877 4879 8085 1293 5276 8156 6431 253 857 1872 1469 3844 4986 5401 4441 5760 27 2405 1425 3470 6035 6850 9833 9580 2502 4022 7076 7020 5523 7165 6583 6601 7298 1352 5662 2846 6202 4271 41 4255 7859 173 7766 5521 9498 1017 4873 3880 579 1596 2176 5197 7680 4616 6958 2096 5918 5337 4447 3349 2727 7811 7151 8009 4301 6204 895 3853 47 3313 9256 4196 4982 4878 2269 7534 420 8252 7157 752 7502 318 3988 8260 2881 3633 9823 3417 9949 5894 7832 7123 4049 2310 6060 8930 1680 5536 1077 6654 9086 3131 9687 7913 5553 1113 6491 3395 7703 5103 762 4804 9314 888 3621 324 5523 9954 548 2061 1048 5925 1733 1580 7062 4751 5706 3531 5399 1951 2221 3272 6290 9528 7824 6040 3703 3080 8890 6152 4867 2132 9311 1803 4902 2919 6522 252 9512 5127 5444 6867 4141 548 5517 782 778 1726 3508 7860 7779 8369 2749 2165 1182 1871 5789 4492 5347 6237 9446 7531 2872 1834 7769 3574 2087 8420 6990 3317 222 9569 6467 1334 88 8111 1359 6824 4016 7557 9245 7160 5978 4262 9597 9181 3147 3673 5790 4017 1458 8042 1011 2829 2240 1678 6786 6129 6319 4855 7816 9958 9736 5182 6587 3566 4712 7935 393 9236 7515 5233 3138
1436 2218 6133 1947 4037 8926 325 5233 4046 5476 7397 427 9378 9381 8034 4093 5514 0 1730 3584 4740 6254 237 6263 5476 838 1188 9571 6316 9206 1202 5705 2318 8540 2759 6188 6117 61 5645 6165 5146 2477 3470 5508 9232 3266 6240 8562 1809 2848 6605 4326 6710 3285 8358 3953 6159 7227 3640 9174 6808 6939 5788 3092 8649 7280 3624 9993 262 9516 8052 3609 1138 7985 4860 1381 6903 1579 6579 5181 5249 7616 6505 6849 4891 9593 7406 2545 2243 4196 1229 9141 3556 330 3740 5051 1990 6635 316 4902 9849 4676 8403 1926 337 402 3412 416 2622 5170 1372 2668 9600 8974 316 1420 3467 7071 7580 6072 8011 2228 7119 8523 7280 4091 1867 5911 6257 7122 6481 4246 3140 6567 561 6459 245 8640 9612 327 2067 6486 6433 825 7991 7196 7215 6302 9389 1021 6668 6057 6929 4011 9769 6829 2087 4911 2982 9544 2562 6188 4702 3256 9184 3887 8192 8589 1919 4269 605 304 1127 9964 8385 7264 8708 2659 9625 3439 8461 7508 2724 6662 3401 5504 7975 6439 9986 3131 3493 215 929 6833 814 7921 2952 5314 8759 2463 5534 4882 9255 3789 2900 2677 2560 4541 7728 6805 215 6151 8006 4405 3900 9562 9466 1850 503 560 3084 4068 3705 52 9304 6 769 1390 4022 9740 8704 3173 2689 8254 8519 1377 6640 6899 8362 2121 6090 4793 9040 7042 1671 7310 8804 5637 4204 4583
4284 7143 2224 3722 214 189 5850 7490 8172 6711 5440 2868 883 6166 9483 6563 1435 1730 0 489 5613 9193 208 4949 7627 8935 4234 6204 4783 4213 9990 3532 9105 9943 4558 9230 5082 2836 4381 7041 7846 2417 7560 6483 7873 4329 7565 4584 2381 9685 5358 504 8191 990 622 9730 180 6918 2658 714 6135 1864 5109 3736 8424 8614 3786 3244 6378 9903 6846 4260 4331 2237 8304 571 3858 8450 2041 7563 7018 2800 9515 216 8909 3803 7797 6092 1461 5821 9182 6744 463 1359 5262 3378 4116 3720 8137 5613 995 2792 6603 6158 6734 8609 9315 5798 9244 6562 8852 9281 2754 465 4819 8232 2966 4979 4098 7134 3827 5081 6774 2405 153 9011 1629 8199 1762 2031 2645 6056 2478 8501 4619 5636 4640 1490 2432 1773 4291 5382 906 6964 8022 8694 3358 5149 6937 2756 5355 675 2682 3221 3106 7105 9861 3368 346 7760 4106 1920 49 8145 5717 5845 136 787 752 269 5479 1280 3837 7122 3784 4886 6715 1261 911 8605 758 7335 6131 1136 2198 4630 8773 9862 6572 2358 5609 5481 4920 9638 4886 580 8033 5214 4746 9181 1914 9571 3355 8332 5569 4880 1382 208 6502 6035 3398 6576 3651 6363 2303 4103 8301 6929 7452 316 3845 1234 1057 8041 1181 3956 6425 8150 5545 9529 5132 1507 3010 4973 4355 892 7580 2035 4116 2473 6694 2282 6480 2501 4307 4606 3623 1382 9444 2806
2550 2057 1899 5178 7119 2013 7785 8366 4888 884 2294 14 9864 688 7031 2119 5686 3584 489 0 6691 9231 324 5761 2080 4825 8730 7187 9152 9575 7671 399 662 1675 4278 815 2375 1306 840 8084 7140 5597 6492 3615 4034 3945 841 3675 6111 5036 6593 1841 644 956 3251 1595 8860 2978 904 9940 5894 3440 536 9891 9436 4552 7038 7687 2604 6809 7618 2298 1026 6357 2270 8720 6104 2234 7129 7547 6594 582 8359 243 7947 7839 7082 4788 9587 7983 3642 7021 9444 6174 4438 8682 1148 6072 7763 3953 3003 3397 791 4755 3431 4695 2059 3650 9557 557 7947 6618 780 3385 2570 8189 2484 1178 4684 8508 8356 100 3508 2771 108 5867 7061 2944 8249 9604 8350 4564 9015 2462 3817 7701 2826 413 9107 1299 4121 9569 2497 500 8701 8154 8232 8877 4843 1497 7202 8218 7933 2380 6771 7306 9139 3246 4260 1813 620 8777 1668 6128 409 6482 4222 4885 291 7970 287 2823 9430 7263 6167 7746 2407 5389 7156 4200 4038 6256 8725 3517 3462 1992 9820 7444 816 1791 1696 8025 6717 2259 2722 459 5719 1396 76 8047 9929 166 3621 9135 8746 9805 6940 700 9866 7493 7617 6802 7574 7184 8767 2641 7969 9294 1538 1275 7620 4257 7781 4572 1590 8274 7998 3601 2141 6664 7227 2542 2365 662 9838 4553 6785 2996 2965 8601 9465 8881 540 3371 6543 6876 6415 2016 1078 4871
377 4025 5717 4001 6090 4267 8243 789 1877 8460 8338 2008 4720 4904 1360 631 783 4740 5613 6691 0 8680 5232 5379 8931 5164 6254 8350 8516 3841 3707 1326 3240 9719 3067 4118 5644 5639 6034 4744 1964 6109 2366 3387 5543 7554 1084 8604 9112 3348 5638 8535 6754 9908 960 5784 3519 1421 5461 8941 542 5091 5127 6345 7470 9394 5986 2531 163 6204 8329 4609 4628 2853 9786 7708 9220 9895 2614 460 1202 4693 7754 4972 5900 3065 5340 3282 4348 4075 4320 9703 3836 3858 8583 4246 7623 1969 5570 1215 6863 2303 8994 8476 7108 3966 2334 2976 1224 3560 3850 4129 9006 5441 5084 1998 8092 9882 5355 6542 4632 2492 8780 2390 722 8223 5596 8849 5086 4360 129 7462 2049 1485 8629 8998 7664 4110 9357 4756 9109 923 60 330 6429 9384 1103 350 7504 7873 5260 5132 8821 2324 405 9995 1876 4459 428 8839 1331 7452 3828 5856 3678 2452 6214 3758 1038 3767 6336 2354 9599 763 3695 6116 1789 1275 877 175 5635 6455 8547 989 8481 3558 5887 3378 8064 4697 5675 5859 7884 5232 4579 6023 5098 2168 8873 7559 1076 10000 339 1185 933 6953 6130 1529 7129 202 5262 7523 7147 7823 5670 3221 3389 8127 3995 7434 3872 3428 4313 9587 4646 9767 5440 9657 7916 266 7010 3788 1145 1535 4643 7084 7300 6887 7337 1471 4862 4918 7681 9620 9370 4280 6432 8787 2331 3089
2468 6769 1090 3355 7560 8465 8441 6536 3012 4358 7567 6811 5526 4748 5511 8361 3235 6254 9193 9231 8680 0 5514 1469 4384 9566 1017 8793 4871 9614 3262 9516 5312 2375 1023 8464 7255 9743 1596 6471 4634 4365 612 8173 3903 7795 3704 8543 6864 3005 6522 5464 9793 6835 7309 1221 4986 7289 7519 3162 8382 2095 2704 3510 1993 7602 233 8717 6613 5457 1062 4008 2133 6467 6931 4114 8645 1847 5607 8287 7296 8375 7223 6799 1716 4225 5687 9888 9863 1934 3725 4089 9073 4090 587 4968 4650 5924 1484 2121 4947 3409 2118 476 4152 1484 1629 6465 172 8473 3237 4108 3618 8565 5399 8485 19 7165 6762 4082 6522 6764 4171 1360 9387 8962 2982 6559 3666 1476 4984 4619 974 406 5830 7355 9158 1083 9134 3768 6139 2880 1334 8184 1946 7495 5291 1291 3477 7705 7241 3230 2806 7154 7123 4173 3737 3855 9502 8479 7054 4821 8530 1263 6869 77 3434 1445 6035 3492 3315 7326 7258 2902 1318 2591 9435 7457 5863 804 5924 1736 986 2703 3753 2147 9511 3621 6706 3082 1716 9001 3214 7181 8960 3940 2338 1297 2956 6919 8601 1578 3723 1733 8832 3655 1259 2266 6064 154 765 2673 9146 2388 2269 8877 1396 4246 3548 9487 5429 1391 6060 4153 4667 2548 4424 2497 2241 2481 3124 7070 7728 7230 2734 7027 9242 8197 3920 7042 5439 7989 6482 828 6237 3365 4179 4281 7074 9007
1529 735 539 3439 4605 1031 3575 8418 8780 1719 9370 5939 9890 3320 2784 4406 709 237 208 324 5232 5514 0 8698 1666 3426 4593 1993 750 434 9664 5955 3474 8585 8653 5742 5230 9995 2413 2516 2584 6309 5652 6454 7932 6592 6007 8395 5768 3833 1492 7777 6523 5934 6033 289 4258 757 1984 9494 7854 6477 8321 9063 8626 7137 1795 7724 5144 3408 9109 3484 443 9413 317 9829 5883 7211 5440 5171 2162 1058 3910 4343 6186 8156 6744 4507 5207 1155 1804 3068 2232 569 5942 3764 7009 963 9614 6655 6352 9284 2458 6809 6354 3267 9292 6051 9589 4892 7478 1653 3601 165 1370 5320 1609 970 9479 557 3170 6864 2092 766 1315 811 2698 1603 7996 6627 8473 1125 4591 8727 6716 6942 1176 2709 9910 951 7163 263 1844 5833 2922 4403 8418 6860 7974 1646 8174 9799 7139 7387 2152 4862 1448 1581 8593 3968 5119 5404 208 4971 6563 6572 9394 5165 8602 6363 6824 3669 7228 6806 3731 1397 518 133 7549 9801 3204 3619 5765 7970 8951 686 1427 3737 6135 5329 3663 6999 7376 1266 2383 9399 7494 8165 6116 2903 3620 4470 9158 9782 6353 1938 147 4145 8043 6854 5652 2252 6645 5230 5880 3912 9093 310 3776 8453 9152 6606 8572 9016 3631 5974 9611 9765 302 9117 2140 6410 5012 5375 4790 8702 300 7295 943 9037 7691 5323 611 4022 9277 4985 977 1981 4806 105
6694 4363 7617 8248 3550 4758 2794 43 9807 2153 243 5708 7465 6738 5710 7046 7998 6263 4949 5761 5379 1469 8698 0 3142 9000 6694 2691 9595 8019 4262 5034 6777 9801 3085 3797 558 7043 2134 2949 6426 3928 635 3294 3409 4303 1176 944 916 296 1077 4737 8792 4535 9943 9263 1747 1712 5522 8732 3105 1460 4560 9795 6509 5451 1457 3866 6245 6450 4712 5385 7811 8456 8868 2484 5475 2085 5438 6674 1480 5141 7621 3945 9605 2663 7569 7115 7050 8152 6855 2803 8925 8422 6510 1874 7049 7644 525 4408 7211 8416 7079 8809 948 2520 8133 1459 8448 9069 1327 2836 7658 9238 2458 4763 7107 3773 2979 7722 9345 2386 2592 8458 4081 135 7526 302 5801 4427 5966 8438 4639 8981 3910 7437 432 7036 7049 2861 1206 1177 3428 2305 9932 5681 4091 427 455 796 9748 8489 7856 6777 878 3823 2679 3027 3104 66 4881 2481 8301 4268 1578 2315 6729 3861 6535 7226 7480 8554 3211 2664 9003 2815 8499 2735 50 6772 9559 8719 8121 8655 5868 5890 9230 8872 4621 9631 2299 9384 8995 85 8286 5306 714 6619 829 5715 2852 6153 1707 5204 2202 1217 5668 4700 7837 9946 6567 7546 2427 4565 6519 3450 2035 2007 9405 2744 2488 3717 4824 3102 1255 1763 6364 7386 4718 1679 2184 3778 1607 9545 8636 2706 7135 29 836 213 8788 9135 4768 9290 6722 629 9751 2851 5087 3642
5465 5496 3592 6091 1350 2017 9090 2814 9167 9559 1311 6941 2643 5741 9653 5463 6642 5476 7627 2080 8931 4384 1666 3142 0 419 6620 4728 8726 7162 5234 9267 7825 5860 8168 2367 1980 1445 263 5231 185 3910 1302 2646 724 7953 5059 2558 533 8259 817 9279 2009 688 3845 6598 5512 2397 8943 291 5782 8572 220 9387 3404 7739 2064 7729 9357 3757 4630 9204 1056 4797 8651 2391 3208 5906 3935 7997 6572 1480 5559 3358 125 4033 6971 1325 6172 5147 9662 396 9313 79 618 962 8522 3518 2877 9915 3665 6059 3583 7586 3910 8480 27 72 6598 1877 9991 8106 5898 1074 1855 7809 7001 8142 2273 5468 9111 7937 7181 1275 4219 5012 5155 5761 7599 9637 7895 6826 3436 923 6950 9025 4956 7111 6903 7845 1866 9471 9755 5036 5325 2765 7226 7254 9795 926 4215 8237 6894 3700 8434 7720 5600 3846 9862 6388 8488 6888 4170 6789 9811 221 6272 8791 5164 9603 4419 3653 7853 8530 6627 9684 1521 5220 2059 7614 3746 141 5911 9704 7933 1456 4472 5279 7854 8465 4452 7860 1672 5392 9187 1097 766 3680 2703 3538 6443 1193 8103 1285 7267 5998 1854 4245 242 303 393 522 5615 852 8721 9857 2902 3432 5127 1108 8562 7467 7128 3136 9026 918 9561 8955 8326 2210 5848 1267 6263 2504 9643 2991 1387 7976 9717 2098 3448 2426 3096 1821 4284 9034 1943 1740 4641 2245
5251 1605 1044 848 8159 2823 3059 7300 7669 3096 4322 6714 9172 5441 2167 2544 6887 838 8935 4825 5164 9566 3426 9000 419 0 2577 1378 1717 43 521 2390 9663 8272 6561 8494 2058 6009 5514 1667 2021 5652 8644 8323 909 6593 4890 9604 6875 6672 1680 3878 3070 2393 8056 9476 2350 6425 6260 6592 2501 8784 7512 387 7112 8584 4730 9625 9093 7909 4384 1661 6524 4841 7847 3959 7997 9751 2160 6874 8283 6843 5045 9315 8499 4800 6370 9583 2635 4916 2247 5869 5414 1357 7992 9966 5465 8770 8974 5689 9642 202 6987 2639 3910 8151 7530 2293 2250 2471 1118 2399 3437 7514 4381 28 6935 912 7051 9162 4072 2592 6442 3673 6592 8734 2611 6390 7189 4786 4941 3663 8619 4985 6780 2060 9309 549 8057 2556 3611 4263 6114 5670 4635 2897 310 8210 9288 2972 2057 5610 3203 3603 5083 3856 1719 2713 5166 2159 8269 5635 7506 1086 1009 5396 1701 1134 540 238 7689 2518 7366 2227 5449 2706 7186 2768 9033 9556 8114 8465 4153 7900 4131 1781 5215 381 581 3206 5973 4760 736 8546 75 2598 6292 4831 2473 4300 8352 9730 9572 3454 7778 7971 9756 7747 6545 7985 4683 9610 7476 6053 6908 3058 3500 6905 9289 6318 7307 9152 8289 340 4190 3137 835 8631 8870 3438 9254 9613 1236 9546 5977 21 5872 9102 5231 3377 8639 3077 6282 9796 1150 620 2286 4834 9026 6996
7282 9678 9041 2431 3414 5575 4463 7794 1943 4970 2127 4793 8015 7401 2391 8933 8060 1188 4234 8730 6254 1017 4593 6694 6620 2577 0 403 3513 3066 774 8540 698 6258 9431 3574 7739 4763 7501 214 408 8813 8789 7187 3740 2893 3215 9911 9301 7784 3375 6448 1154 1192 3645 420 8275 8606 7453 765 7132 6214 7384 2558 996 3714 7799 5513 8941 2784 7193 186 8422 44 4103 9459 6262 9 1224 1743 6125 7425 2180 9897 825 6895 173 9472 4186 1947 7242 1929 9674 1422 6997 7564 7591 4051 6587 3429 5677 4881 7926 2071 1428 3291 2005 3501 7531 2858 6391 2299 1108 7084 2682 6538 4508 7473 4235 1598 9160 2048 1687 4259 8202 9000 1904 8449 9214 5786 8961 8165 4616 1758 1152 2808 8690 6202 1769 5584 9215 8110 7663 2218 1564 3058 148 8447 7109 9983 1191 8151 5101 8698 5038 7488 330 5261 7890 9009 5406 2525 9081 2381 8804 3288 4966 2422 2776 250 8615 9184 4667 9292 3682 7805 1217 581 4745 510 2600 5600 2989 6901 4492 3636 3636 8062 566 1782 471 6399 6724 9871 6174 8573 8077 4874 7605 2958 1388 5700 1727 5643 8559 8916 8138 5511 7781 6479 6817 4973 4713 9525 9083 2648 9806 876 6236 5030 138 7055 6586 4956 6833 5079 2061 8419 2225 4344 45 4495 9214 2212 2873 9621 8564 3498 8239 8126 4069 4214 818 1745 2067 5409 7054 9163 5294 5828
6173 412 1073 6572 8934 2780 6173 6100 9053 2794 7827 2633 9859 8851 44 1191 8877 9571 6204 7187 8350 8793 1993 2691 4728 1378 403 0 9530 768 3082 6046 6161 4528 5080 1990 7780 6494 984 8341 3013 3855 9179 8830 7270 5690 8752 2413 6898 8182 2505 843 7577 7200 6970 6328 6981 3539 6973 4113 2666 1737 3137 7667 6721 6423 532 5804 8369 9045 7405 9872 9576 6362 101 1150 3175 3697 9844 9818 9693 7639 3217 9149 9113 2473 1020 88 8927 5367 2984 566 2978 3934 7787 5041 7416 846 5123 5954 6710 1869 7870 3414 9262 9187 3377 3653 3178 1482 7849 674 3491 1392 7569 690 6267 1176 2512 1110 7675 128 9805 3138 1414 1501 4881 1150 1197 5340 1557 5112 1532 2444 941 9752 2912 704 4182 612 1664 4321 7933 2812 160 372 5528 3724 6345 382 3506 4515 370 8396 4153 8237 935 210 7825 6160 1063 1144 276 3593 4584 5674 4066 5673 2186 7833 9537 6772 2953 9698 8051 6437 922 23 3451 7844 4675 5027 1075 9835 7937 729 412 9989 3772 8731 260 3634 1254 8940 1 7746 9451 8414 3460 4321 4413 6250 4725 7335 7512 8556 4245 2550 1686 4806 3452 4491 6200 9471 2746 7834 7577 6690 1830 4731 9171 3039 7487 1848 2936 603 2968 7844 8666 7570 450 7633 5131 8435 7185 4596 4064 872 2957 311 2060 5046 7311 1332 5485 7714 5264 5983 3001 2409
8621 5541 1660 2929 3663 4960 7542 7098 9649 471 4079 3545 8168 8037 5046 8421 4879 6316 4783 9152 8516 4871 750 9595 8726 1717 3513 9530 0 2364 5446 9015 9240 5481 3043 928 2439 748 8798 2097 5072 9683 642 8000 8853 6456 5598 5690 8602 9513 8771 7723 7093 8640 7824 2992 4604 277 5715 5700 3702 2902 7721 7515 2640 2001 5960 6819 1393 9457 4714 4815 9740 2987 6409 1148 9398 5057 5707 5755 8814 6878 1343 5941 8282 9991 3049 3128 1104 2069 1728 8353 9027 5119 131 8380 8812 8504 5364 9087 807 3193 2769 2076 3954 5629 6875 9370 549 2384 9535 9284 7432 24 7062 5486 3188 6586 4938 3512 8042 923 6517 4711 4903 5865 407 2216 4793 6773 9115 9196 133 1629 5601 9755 8479 7687 963 6063 1413 3464 9720 4080 4298 1087 8543 905 2253 5102 418 1731 7347 3311 8723 1113 9804 6261 6266 9408 8763 2087 1133 1059 3181 3930 3294 8440 1259 1483 1658 4269 1803 9850 2001 5449 5478 8689 4851 7389 328 1990 8915 9651 5816 8625 1520 6758 7840 5833 4444 6423 7839 1467 3950 4098 5689 6902 4622 7402 2079 4718 545 3131 9808 8959 8488 5224 7316 3391 35 7697 4789 5177 5815 2274 6415 328 6080 4510 9773 149 1909 1991 9953 4794 3229 7517 5729 2636 9139 4524 9181 6638 9 5328 2416 1345 7052 7272 5768 6690 2238 3001 7406 4265 63 1622 7232 4023
1610 1994 9650 8930 7173 6360 2652 161 1195 7573 3404 8511 9953 8149 7044 930 8085 9206 4213 9575 3841 9614 434 8019 7162 43 3066 768 2364 0 9201 7622 6163 7783 5269 7028 9130 1333 4791 8497 7588 4895 2581 4822 2431 5834 3532 6303 4965 6565 4536 4741 2690 9075 3405 7132 3124 6462 6261 5752 8759 2684 204 4491 1173 3476 4684 5629 5816 3587 5147 4734 8070 9034 81 4872 9050 8332 4400 1989 5017 6918 9719 700 9764 6155 9067 8392 3824 7876 2227 6643 9428 8722 9850 5731 9223 2935 7144 4989 9445 1523 2223 559 4054 3355 7332 7909 5230 3376 2245 28 8394 5807 6116 4326 871 7565 6175 3318 9534 172 6456 2095 4697 1186 5342 972 9496 5087 414 3120 5731 3513 3148 56 6819 6577 1091 1612 9026 6662 8561 4236 9435 4153 8996 8341 9606 7105 953 6656 7832 2672 202 794 1844 6306 8142 2695 7309 7827 9485 5685 1343 6697 5413 1563 8817 1205 9599 5477 5201 911 7035 8690 5668 2215 3432 6310 4209 7367 6219 9247 982 3956 517 4459 5587 1042 5666 8133 9268 6997 5039 3822 4894 8071 9894 1000 5272 1984 7552 3117 8253 3771 6697 6831 190 3300 5734 5143 4577 5177 9050 4046 7264 9563 2441 8115 5050 6064 2641 8940 1426 4744 6872 6853 927 6480 208 9278 7792 1875 9729 3215 4477 4128 4453 262 3631 924 5886 2823 4891 4108 6867 1385 3149 4139
7716 8675 3143 4315 6153 6215 3804 141 4569 1069 4732 5757 8975 2529 2789 3028 1293 1202 9990 7671 3707 3262 9664 4262 5234 521 774 3082 5446 9201 0 5740 6593 104 8221 1094 2198 3016 7915 901 8417 5047 317 5 9002 8521 8847 3115 6520 2684 9331 8159 3946 965 8920 5278 1573 4700 7240 4408 4720 8651 2098 8197 9501 6240 3674 6138 7580 7744 1066 8040 1696 8885 5467 9672 6946 7062 5376 6437 2156 9795 845 6780 2944 5203 3533 1488 8051 1254 793 7254 5851 1780 9198 52 2202 9516 9863 7709 8245 1590 5588 7815 8854 862 1924 760 4164 7160 8696 7613 1457 4688 3727 2176 9167 456 5274 5680 6204 7002 9327 4197 8269 2350 2405 4697 3747 972 2663 3145 6484 2086 2454 6932 7 2894 3959 6725 9813 3843 6691 773 4664 1831 2938 3695 5825 7222 3626 6348 9021 7407 2162 2873 7384 1639 6437 8586 3325 9145 4595 6768 1884 9434 2259 4163 7634 6364 2846 6190 3611 9426 67 9794 4893 1195 6820 6677 4858 6676 4093 6682 9235 7082 2029 7288 708 933 1263 8491 3420 484 3069 6524 2102 2377 356 22 1615 5465 8151 7554 8720 2018 9436 6554 2097 1942 900 6556 3650 5717 4290 4831 6217 5282 1440 2015 1324 5122 3568 641 302 4418 2106 5853 3737 8108 4939 9018 5959 1023 6751 9367 4110 7754 837 6097 857 274 7064 5592 3852 7109 4173 3973 3310 5041
8419 9880 9316 6580 4225 9220 8910 44 7670 2106 2978 350 6079 7447 8415 8272 5276 5705 3532 399 1326 9516 5955 5034 9267 2390 8540 6046 9015 7622 5740 0 9813 8846 8899 2387 9857 6035 2402 3894 816 3902 2120 1800 1706 9155 5875 3990 149 5405 9017 4846 8478 7082 682 577 6855 9460 7805 8461 9329 7499 4578 1951 8863 7971 7084 2739 4510 6179 6329 323 3219 7735 5475 8270 8133 2094 7868 6752 8011 3821 3723 5099 430 2249 209 8723 8171 5224 3253 6341 9679 5582 4623 8980 1481 9003 8005 3555 9844 1263 9859 357 9442 7369 3471 2235 1680 7908 6486 4012 9353 6116 4873 3575 3830 1305 1861 7104 2574 1408 360 6231 1723 477 5089 8796 8577 965 3049 1443 6078 8394 861 2395 4081 6374 1978 3568 9607 6732 3234 2602 7828 689 8873 6984 6115 1994 8822 3825 38 9186 5290 6197 8047 1373 3150 6770 7926 6644 3503 7847 5048 7578 9382 3225 7021 5065 5569 3505 197 9885 9395 3612 504 9874 9656 3150 8662 3114 6887 991 1752 218 923 7559 4622 8920 9014 6919 7751 4915 3907 9039 9158 3999 9423 7791 1153 3117 1063 2419 2916 3431 7302 5160 5226 5498 4165 8929 4371 5972 5512 1783 9590 3753 7379 3831 793 4413 9168 5330 9711 1085 4017 654 5639 2392 9666 3430 1456 4571 5564 5943 7872 2233 4583 2090 5666 2820 4922 2746 6580 6901 9715 789 7946 7447
