250
0 7364 3828 3651 9650 1956 9194 4100 1958 4491 9645 9088 7656 8463 7515 1769 3892 3630 4133 1924 8158 3043 8487 2935 8751 4435 8682 3841 21 4810 5609 8659 2303 8314 6640 5991 3095 4423 2622 5156 2609 7446 5660 674 3404 1337 1667 940 798 2432 7837 6393 8416 7110 3537 2490 2320 3920 3570 41 6440 3052 1931 199 723 8712 3238 1975 8114 3196 199 2495 1595 8392 9101 8817 8661 9586 2759 2701 6313 9955 4442 8221 7529 5141 2598 252 7002 2984 5849 4512 4829 9953 9149 8331 808 5027 7961 4898 6994 1959 7312 7167 2499 5693 7075 2313 4845 8478 2090 6297 7436 7025 1541 3808 204 3285 3086 8197 2395 9278 9963 8515 4745 7939 1998 3139 9747 7119 2000 3883 92 9671 8428 3350 3497 1614 8827 4078 3650 7851 1105 906 9984 7203 8640 8754 2093 7584 3243 3068 9155 3370 8464 4150 427 1015 5495 5595 2349 7191 4110 1684 7841 2402 256 2433 1135 1388 1242 9830 429 6889 1133 6779 8238 3718 9860 6157 3831 1368 8989 4981 6177 1348 40 8379 9070 3996 2886 977 2647 6303 1436 3841 1196 6987 9563 1179 5019 8205 7863 9242 13 2997 9157 3965 7357 4290 653 8954 2183 4829 5959 9559 6801 3243 1222 9587 3297 2982 5169 1288 3280 8962 1049 3064 8161 5247 576 999 1367 7274 1017 1227 4071 6209 9047 8432 904 6569 9576 874 2255 9168 8219 4291 1413 2686
7364 0 6825 4262 4219 1423 9078 3086 9099 1467 3274 3122 6380 9689 9069 5174 8673 8033 1122 2117 7625 9894 2020 7978 1432 1023 9091 9450 5306 3341 4122 9120 3094 175 8556 1281 5241 2180 9664 4062 3073 3813 6516 5151 3679 6044 500 8475 9189 2123 5569 1542 1654 6110 3934 6659 2046 2298 2732 7553 7066 4329 9847 2727 2798 1112 6509 9317 3455 8731 4048 1112 9519 2805 5775 2445 8194 3800 6656 8923 8629 3141 2364 6755 524 2537 9205 7232 6517 7748 4855 2081 7940 696 2536 7846 2866 2188 6723 2737 52 1564 6795 4288 604 6285 3309 5342 5340 4744 8402 547 4592 2315 1219 3210 3406 3640 1818 4688 2869 7936 1739 6727 9203 9143 9822 6077 4383 2338 7440 6072 922 4963 5158 7224 1277 7730 2361 2402 6578 1867 9062 6405 711 2737 4245 9131 2880 6609 9082 2570 5713 3478 3166 3568 6635 4344 4053 6426 5698 3475 2638 7323 975 1174 2821 9397 822 4268 6888 6147 7350 3713 6240 5313 9633 9396 2654 7298 3907 3588 829 8566 2360 6760 5419 4769 7141 1096 9864 1515 6153 6444 9209 8367 6795 1997 7830 4030 5788 6383 9496 2572 8036 731 4180 2739 5966 8948 2253 5337 9417 8920 5687 6066 7411 6480 8045 5373 7342 1169 1737 4660 8812 1180 4881 9738 7889 1403 6131 2201 1375 1421 9531 6652 4708 2608 2745 3346 3502 9960 413 2824 8829 3898 2205 9321 6464 4028
3828 6825 0 4299 8208 618 3984 7171 9967 3793 2121 1353 4850 3954 8754 5637 1627 9187 38 1768 8306 2669 2079 6562 6104 1087 3644 127 6848 1056 2262 5641 8579 2877 3196 8563 9915 4177 5349 8356 3817 4575 7439 3973 3761 8476 4520 9132 1699 8828 6895 4907 9530 2975 5907 3902 4758 3035 8958 3128 8052 9157 9055 5710 8323 8890 4049 2165 7898 9237 2008 9425 1186 9504 415 2130 3862 7279 9862 1360 1338 2239 2812 182 9508 643 9458 8859 4247 97 4574 2445 8019 7255 9059 3707 9498 6399 2770 8654 6581 2944 6967 8630 8190 8615 339 4109 6846 6795 9526 4277 2887 1115 1571 9276 5917 1297 1065 5250 6382 1008 5320 1984 1476 6534 1582 6732 2164 3536 1192 2302 2141 4508 5663 4648 2339 8339 9364 7256 5472 4970 6065 1679 6389 5660 9300 8324 5158 3622 9053 699 5756 5267 5565 2068 9847 8809 9708 8362 7090 4609 6091 2340 9639 7772 5337 8308 4229 8681 7678 2588 691 277 416 9195 917 874 9197 1491 2285 2970 5622 9366 7611 2878 4216 4714 8755 2761 4940 4965 5677 1266 2112 1155 2900 7044 636 9016 6368 8776 8454 4958 3034 1192 6535 9768 1534 6540 7774 3510 9477 9240 382 4943 9436 4776 5664 1705 5713 7158 6004 6784 6834 9241 6927 3660 2331 1000 4353 6826 4674 3986 2513 1167 1029 2228 1305 8996 8325 6657 1669 1311 6928 5397 9942 4176 7621 7495
3651 4262 4299 0 1959 2967 5924 9939 4535 2178 6466 5645 46 5344 1889 9327 8273 5027 6562 2869 7158 8568 3228 1350 7181 672 7020 8136 8568 1837 5882 7710 5318 2912 8300 7622 7430 3724 7962 9336 8599 4501 9959 912 5597 9018 2295 3877 2303 7232 3105 7748 5597 9386 9149 365 7494 1852 50 4143 3966 5117 6264 7156 2319 9576 776 6178 4276 8687 7982 3971 6926 932 7691 3520 625 2968 2705 9227 5898 7683 16 6182 7865 8994 508 715 5569 4118 1342 5123 9225 9253 8459 9480 1602 6705 7294 6935 8121 8918 3127 6440 4419 864 5542 1399 7620 2782 8832 6347 7431 3029 9767 6328 7062 4089 1376 7131 5092 7532 3597 927 7326 1926 9618 7130 4112 3729 2204 4224 9785 8729 7428 4610 7343 1459 3703 987 4742 7985 504 9275 5496 1394 4941 9612 3876 1478 7871 7065 2789 8494 5758 3010 5820 3185 5635 759 410 7307 2271 7023 4294 8538 6651 7590 5031 2283 4902 6761 6993 3916 7422 4345 8203 5694 9996 9820 5473 2867 6688 2062 2253 199 7291 8694 9567 961 4043 8947 5924 9109 465 4631 9341 7537 6792 6053 1864 1877 5154 3138 3497 9028 2938 5960 7495 3683 7419 3945 9850 6371 2970 9948 2216 5122 962 6113 3135 4626 4892 5747 3554 1586 3610 5727 8809 8744 7528 3936 2024 533 9558 4332 9983 2748 6425 3181 9847 4755 5291 4430 5859 3534 5796 233 875 2706
9650 4219 8208 1959 0 9439 3694 4520 1756 7623 2207 5325 9109 7234 8291 6273 7928 4793 8804 4160 8770 2367 1580 190 8506 288 179 2073 1212 7915 3538 1044 1041 2939 4226 5225 3488 5290 6396 5004 9605 3930 8013 3341 7809 1618 8115 6985 715 2154 5616 3058 1919 542 592 435 5674 1142 5579 2450 5642 3443 2491 9806 7509 4573 9986 4172 6126 9370 8121 853 2736 4816 7883 8986 3988 2459 9764 1015 927 7000 686 7019 7045 8276 9079 1151 3871 7465 4261 5648 5574 2229 8308 6472 7514 9503 8250 835 7799 1697 7474 6052 6113 1081 5152 3968 9054 5551 7178 8016 2364 1076 6327 8614 6462 2855 914 2681 122 6576 3227 7846 2235 4120 4451 8154 8817 1237 6756 9986 5481 7582 8816 5336 3436 9808 3588 4769 5825 9548 6006 2518 1323 5433 3797 9327 312 938 5791 6766 1504 2123 2050 3243 8819 3017 7785 2832 1235 8801 9365 9144 2518 2762 3806 2903 6769 8747 6033 6449 7803 7163 5081 6748 4698 8097 6195 4669 15 2819 9131 5453 1213 1130 9869 6204 9837 2270 1462 7218 7515 6864 653 4871 5305 2720 9280 675 7230 1913 2489 9478 2539 6052 4244 6923 2221 9245 582 2621 6196 9729 6954 1628 4060 4578 5440 6908 3258 6098 4199 2500 2748 9422 2483 4696 2133 9888 5314 704 6702 798 5787 7115 4040 5305 1407 8680 4130 1858 2447 4674 9252 9071 4477 7165 6232 6436
1956 1423 618 2967 9439 0 9837 4245 4611 8600 2462 9509 8994 4459 9524 7895 2200 9320 8335 7357 8652 7241 9765 5369 8183 9281 366 479 2259 4409 1337 9491 1941 7960 4729 3964 7917 9780 6259 5124 970 2311 4244 1381 6097 6416 5646 9565 8225 6961 4533 6791 4965 1886 2705 7168 2287 7139 9974 8348 1745 2078 4860 660 5704 5173 7772 3768 7124 3737 7534 9464 3453 8059 4439 3686 5098 2968 5249 3057 969 9353 5638 913 2802 9648 6385 1142 4183 5992 4250 8514 5044 917 2 3567 1467 4131 7662 1908 7399 4786 6969 7700 4805 2207 4357 795 1460 4385 7265 6928 5403 5198 2252 7358 4280 6243 2670 4330 267 7973 6250 2122 5800 6120 6710 3038 9886 3270 2362 3556 8155 8809 9445 3600 5795 6518 6417 7303 2236 3120 7117 8968 2690 9632 4515 2763 8240 3502 9100 4226 1828 3269 6106 1872 7226 1846 9789 1205 8272 6415 9032 204 8256 5067 103 9904 9681 4781 8244 1262 7062 7121 8739 5800 2947 6964 3459 2995 3273 791 8312 5231 5366 4800 6516 518 372 4944 2590 1423 3359 1717 1208 7102 8750 4221 6706 8854 8242 2113 4472 7940 1959 2631 2236 9261 5776 7366 5402 8729 3460 7772 5905 6625 7689 5336 7561 9631 1068 5553 9644 4919 4636 6754 5731 7791 2400 713 6456 6811 6723 7416 8092 3912 3985 6686 9293 9863 5779 3629 1898 9837 2971 5909 2356 3001 8137 3429
9194 9078 3984 5924 3694 9837 0 7310 110 797 2632 3303 5823 9899 746 4115 5752 3590 139 36 2769 2612 4311 1043 8061 3734 3813 6266 4658 3246 3661 4173 3304 738 1266 7687 717 4247 4711 9402 5618 4245 125 678 3577 2462 1263 451 4874 3336 392 5085 2281 8455 8530 4260 5029 2922 7086 5685 8723 729 5012 2527 652 1769 2434 2752 2043 6167 352 788 9943 5486 3725 1789 3852 8924 4541 8416 2235 4318 829 2721 222 1828 769 18 1804 9258 9181 3422 4258 9209 3120 6518 4458 984 4967 2698 2525 6917 4271 7945 4335 3908 7141 8166 4106 2278 5755 9368 7351 8761 6471 1031 4685 8070 4264 3974 1226 1853 109 1251 5801 9968 770 7725 5919 7103 188 5839 2999 7193 3214 5201 5735 3753 1410 6242 6333 3206 1524 2245 5937 4528 306 6317 1260 229 2217 9445 1884 522 8141 6831 824 7757 2179 6022 7668 9398 9363 6878 409 8336 2353 8904 8811 8304 3486 5452 3844 7430 9707 4979 5731 3665 2829 8989 5313 184 7941 6951 3751 8287 6808 4049 8576 7331 1585 6413 6757 9097 2065 6399 2463 5682 5865 1209 8778 6973 6422 9458 8482 6090 6475 40 8812 6545 6716 2623 6291 761 3496 2369 6417 8065 5656 1776 1317 914 650 7070 7739 6620 7738 5708 4058 3043 4841 7452 6534 6747 6264 8026 5424 9616 8693 560 3900 6089 3086 147 207 1283 6659 2389 1794 4471
4100 3086 7171 9939 4520 4245 7310 0 765 7411 4426 4116 7469 1735 468 9731 7358 9613 3706 3451 2820 455 1118 8188 7696 7689 3543 3702 1091 9875 5250 9108 1239 8329 4617 5085 399 3885 1464 9768 2055 6702 598 2027 7503 57 1579 2702 6796 4151 8026 863 2404 3872 8292 7959 3343 3303 8745 3254 8451 3547 667 7513 7798 4391 4782 9939 6324 7779 6047 8857 4151 2551 4452 911 4051 9440 136 4772 7338 1375 5762 1176 1014 8120 1806 2724 5711 3910 6239 1432 8248 1333 5409 7156 1569 7362 4199 4883 7362 4749 6656 1205 6688 5656 8192 2731 1706 329 2009 7088 1435 6299 9361 8839 4008 2174 2422 4220 5201 1661 7827 9089 7106 4713 2352 2210 3423 4313 6149 7444 4249 9869 1546 4005 4622 602 4174 9669 5522 8642 5674 3521 8631 4871 7447 8262 1354 2601 7406 9561 7738 6257 2218 876 4691 9856 7850 77 2912 9752 7356 2984 286 5451 9455 9058 4063 6575 9742 710 1169 1055 8886 5723 1666 160 5047 2819 8746 767 6304 405 5702 7946 2046 1314 5226 5904 4253 7403 4015 1576 3879 6568 9558 9009 4675 6218 7782 7979 3905 5689 1198 6268 7787 1011 5417 4688 7565 7473 602 4798 8337 7759 3054 7606 5068 8787 4404 6207 7168 1407 6045 1367 4757 3866 9561 9118 1587 79 8202 6907 2862 7562 7706 3162 7772 2171 305 8598 3877 2608 8310 7638 4213 2551 1339 4256
1958 9099 9967 4535 1756 4611 110 765 0 6417 5717 6504 2899 5569 8913 4934 1594 6195 4580 7601 4314 5990 7190 2529 6359 5099 3905 1751 8919 4940 5132 7790 7576 1627 7104 9707 9478 1086 7292 81 4279 1201 3525 9157 8233 7132 311 3434 4586 6804 3970 4026 3352 7962 1991 9905 7636 1221 6091 5353 5940 9208 2523 2505 7572 2541 2723 9454 4595 5138 623 3962 6712 5932 1141 6959 1245 6616 4643 8041 3009 6647 5860 4169 171 7345 3439 9723 6059 551 579 4875 4891 187 2681 7654 5832 6721 3311 9322 8262 6138 4828 4319 3178 9695 1938 5265 3877 7989 6751 7854 5126 2384 9799 395 2659 3288 8094 3809 7611 8610 4200 9373 7824 7786 2306 5206 1593 987 6421 7590 8291 2286 4542 7844 1473 7319 7441 5252 4558 9774 4084 4283 6874 6354 1791 8199 4671 7127 8838 2766 4071 8048 5388 4416 391 4032 9201 2989 7360 12 2080 8605 3216 3558 8811 5922 9758 1426 4987 7756 829 8312 3798 6623 6751 1301 5214 9062 5331 6491 8648 7648 9415 2990 715 5868 3354 3777 8080 4600 5082 6159 3152 1118 4304 2243 7752 2129 4766 332 8455 9471 4440 8033 4493 9377 6343 5751 8430 4810 7410 1929 3794 9925 4080 7339 8944 3548 1473 8654 4097 4098 9263 7150 1843 6518 2836 6268 7709 8533 9314 7261 6729 2368 1873 9259 9100 2413 9747 3918 1459 6790 2937 1814 9283 2226 2462 620
4491 1467 3793 2178 7623 8600 797 7411 6417 0 456 7622 981 2340 2195 3612 9177 6811 6596 444 3302 4840 450 3732 6513 4564 4089 6374 1987 2492 831 308 5414 8162 3913 5486 4659 6530 4834 4704 1954 5085 3119 533 5786 6326 6232 9981 5907 3561 5148 5092 7460 6592 8149 6314 4551 5833 5932 5577 7609 4088 4187 3089 4588 8744 9341 2471 6152 6724 9317 9609 6590 482 7124 3460 7863 9541 5551 1326 4357 2033 3370 2727 4157 9971 831 7018 3185 3737 6012 5783 9338 9823 5628 5991 4282 644 7363 3271 3654 2081 5698 1978 1028 8843 3420 7508 9084 3310 4618 7807 8837 2729 9121 8134 3998 409 6725 9230 6246 7063 1977 3938 2115 1004 5563 871 5954 5516 371 5887 573 6424 6712 914 6397 8398 3597 4193 4936 2066 1070 9457 160 4815 3383 8073 2826 2821 4597 9995 1979 2443 5909 5274 4472 8249 1009 5082 3586 204 419 6360 6078 6009 951 7265 3024 9860 6598 3862 8078 1969 2615 4507 7038 519 7029 7724 6981 7954 9612 7199 60 9667 3207 1060 3985 1716 5285 571 5402 3062 133 1728 337 3136 4751 5245 7332 209 4213 8919 3333 1024 3303 9047 6641 513 4132 8938 19 2566 9089 7319 7895 2658 6057 975 5212 9257 4807 3361 8000 8458 6441 8320 3089 2143 1047 4448 4931 816 9999 864 5187 5481 7878 7706 5051 3527 2624 8147 4467 9882 7228 705 3794 6138
9645 3274 2121 6466 2207 2462 2632 4426 5717 456 0 1162 8143 4566 7053 3184 593 7836 4457 5422 2109 6019 536 1133 4433 8281 5279 5728 7116 7706 6641 4234 3898 6651 6442 3724 3865 670 1713 3170 4544 8164 9862 6187 5380 180 7532 7456 4827 5380 2403 5275 9618 7183 1013 6945 7849 7606 9955 5462 1953 2754 8576 5172 9645 3751 5335 5798 2378 9154 3244 2619 3665 7321 4720 8454 3697 2350 4814 9286 919 1808 3099 4444 1744 9703 9320 3383 7565 7624 9136 8779 5826 8993 1774 2289 9281 1202 646 1531 2639 2843 1255 7114 4920 9758 8952 1681 3614 3570 3839 8393 1185 5352 9343 1651 1438 8509 9070 9071 2412 3510 1080 7937 2539 7308 598 2625 5651 4523 2429 7218 1438 3603 9632 3860 7410 4514 7489 8038 7145 8897 1704 6181 8951 4853 8366 3382 2785 525 174 8824 2089 1469 703 8637 9452 844 3478 8054 7413 2647 3740 7602 359 9312 3774 2398 6732 4440 7929 4406 5201 3892 9923 1822 8600 3755 3888 184 3781 8290 5800 3212 5686 4181 7009 3315 3238 4951 1173 4426 6036 9012 715 1087 624 424 9986 782 4531 1339 1751 5619 2402 81 7364 5870 597 9169 5115 5861 9525 5157 9272 6319 6519 4237 7644 8394 9564 7762 2211 3722 2446 9385 6483 9175 2817 6560 822 2568 4583 8265 2164 1374 1929 7909 2773 7639 1769 3840 8570 1370 9063 107 818 9289 9314 1719
9088 3122 1353 5645 5325 9509 3303 4116 6504 7622 1162 0 6581 2214 7419 8473 1876 7475 9622 8400 674 504 6733 6458 4089 1127 5832 1351 3409 9268 2123 5939 1713 2578 1548 521 660 9989 9347 7403 7603 9178 2014 6662 8227 5864 7892 9924 6890 1897 530 8598 1536 8434 9936 3991 6347 7380 8640 6899 4960 2845 5171 2866 5989 4455 5504 3349 1163 6637 7553 5353 2806 896 9661 3438 3964 928 959 3301 5271 2785 6952 607 1434 2162 8974 7407 6925 9970 8334 9880 9085 8029 1000 4254 1765 7952 3771 6891 2545 4711 8315 4744 546 7812 8840 4650 1503 6441 7579 6613 7145 8701 9998 4992 3760 1517 2561 6179 5458 7515 2484 5546 7500 6641 3929 4173 5356 9830 9170 9100 7739 6037 5743 1746 2357 2736 3799 4586 5454 4125 9817 5980 9526 6675 4874 4930 2176 3716 8958 8886 8424 1144 5313 4293 8858 4114 2616 8616 9202 6826 3249 9465 6117 3710 2022 4064 5627 3973 6502 526 2690 9585 3512 3158 9614 1494 3595 5780 2462 1942 4448 7971 9043 318 5925 8874 8404 5490 8961 818 8774 4062 7066 5912 7011 4745 3709 1454 7937 7855 3010 858 3631 3941 405 6494 322 920 8523 7221 4225 4956 884 6016 6124 4089 5158 6552 701 7058 1027 6135 1369 2679 6620 6242 2388 4736 988 5305 5094 6199 1951 728 2470 7828 6141 17 588 1069 5744 9681 9179 1847 4920 6620 4763 3117
7656 6380 4850 46 9109 8994 5823 7469 2899 981 8143 6581 0 2647 5694 5362 8206 3819 297 4804 4573 4203 9243 7142 469 4304 5473 9903 7600 3719 8047 2800 1867 2170 9674 8705 1035 5585 241 6319 5784 9479 7405 8143 8266 4743 4284 4811 6690 1861 5064 2087 1047 3135 75 9852 5154 9388 7307 5981 6689 8661 4950 8121 9395 8304 6100 1750 7816 5162 802 6620 2790 5395 782 5446 8649 1029 6443 817 9855 325 3147 3245 8162 7799 2046 5071 2253 2995 6729 4739 9386 5729 3636 114 3871 1482 4316 3611 7901 493 5024 1238 7005 9328 4444 5030 9252 5672 6322 812 4835 102 398 1315 2006 5009 3173 160 5939 1081 7895 3280 3722 2099 3673 140 3797 3780 9869 3502 4197 980 795 4367 3835 4119 1930 2325 8126 388 6103 181 9838 3913 6957 5763 5836 7588 3582 109 6867 5111 2799 1426 831 8151 5405 6057 7925 2264 786 4971 3514 3218 8040 5490 9717 51 3367 5158 9152 4254 6645 5923 2242 3066 5588 9402 5090 3963 9440 4550 1909 2645 7920 1427 475 1573 5945 3349 1812 7028 666 8017 7545 5790 6449 134 3478 4424 1970 1807 2031 4501 321 3502 7717 4309 6490 7803 8014 945 8778 73 6658 3907 3703 1818 6756 9244 917 7289 8246 4857 6447 8236 2126 5773 4106 801 3080 5785 3925 1615 8452 3542 9301 8545 6726 2755 3362 7946 9314 887 8968 6453 7004 7696
8463 9689 3954 5344 7234 4459 9899 1735 5569 2340 4566 2214 2647 0 7715 4810 4833 261 7508 7173 5320 2851 806 7145 2280 5667 4426 2128 4596 8983 9335 5585 1784 505 9859 893 8801 6667 7673 1315 9945 9839 2493 7733 9869 3341 4004 5305 7162 5806 8088 7825 1270 1228 3101 4854 3670 5815 923 9655 3224 4775 295 4102 4126 75 8708 9290 8968 731 3191 2380 408 9035 7087 3881 8779 7582 9609 4828 5302 4830 7149 43 4749 1816 4971 5032 3915 2933 20 6237 660 1400 6224 3290 7020 4107 638 6504 5234 2119 922 9470 9203 5346 7790 2492 7288 9610 4678 5723 2581 6960 3963 2501 389 2835 1679 7510 9033 8089 559 2413 8019 8751 5809 708 1200 2785 9778 624 1107 3158 3319 2826 7190 3094 9294 2829 7182 906 4707 827 6346 8819 9821 1487 3955 3243 4774 5651 6833 6907 3689 6814 7908 5216 3336 2473 6739 7599 3120 7463 7989 1717 4261 8469 4030 9393 5140 2185 8487 2071 1573 7901 5670 5102 4944 4649 4734 4379 3709 8268 1752 9934 742 8303 9828 2199 1587 3413 4929 9725 1067 9278 6602 7979 6196 676 5004 9489 8226 3890 5700 2652 7002 3492 8520 669 7822 3050 4935 2392 6311 8842 742 819 7675 36 9173 9797 3382 8034 386 2341 9110 3785 9230 1566 1720 9449 7369 3073 3273 3826 7671 280 5950 4423 9961 8646 6638 1626 3017 6247 4996 9709 704 5241
7515 9069 8754 1889 8291 9524 746 468 8913 2195 7053 7419 5694 7715 0 8345 2152 8440 3243 3745 7546 1984 7519 6797 350 5633 5532 3571 7182 2181 9308 1315 8850 1016 9936 6053 7730 2375 3153 9355 5288 6557 4422 1582 6299 677 7191 2644 9300 6048 4704 4032 4251 7330 5526 1026 8542 6312 80 1622 3328 8805 2508 3444 1426 3284 590 2619 7233 4351 8677 5278 7147 7883 8401 2207 8793 5668 3114 1960 9118 5761 3940 8262 2699 5679 577 6688 1572 3757 9587 7891 8830 2274 290 8260 5 858 4625 8207 1168 1088 3827 9117 6495 4296 8439 9467 9080 9334 2786 2744 6037 8309 1788 9524 2788 7045 6909 8334 9734 5933 6456 2215 603 6500 1328 5109 7432 3819 2048 1359 7108 1769 6926 8277 3133 1239 6234 5276 8086 3510 3088 2656 6779 9495 2401 8033 2111 8026 1577 3052 4224 2525 4703 5400 6988 4292 6065 1825 420 1944 8738 2368 8132 9394 6712 4968 9510 1186 5756 7057 1704 1808 3106 1130 5505 7953 3091 9534 192 9412 6128 9559 8299 7053 9472 4390 9331 2135 7707 5206 8332 1665 1047 4453 6956 1268 3796 5743 5913 5953 768 9065 8887 326 4450 8051 3710 1323 4746 1969 2809 8287 4369 1787 2027 6201 2166 9986 6165 3095 9845 9807 7444 8985 3959 6287 624 1278 2369 71 487 9233 3152 1754 6018 8288 6194 7793 5143 4447 4905 6704 395 8271 9648 942 4241 9982
1769 5174 5637 9327 6273 7895 4115 9731 4934 3612 3184 8473 5362 4810 8345 0 1976 3577 3890 4057 6102 9989 5311 1101 8776 1390 3242 6547 5213 2809 2195 1165 8035 3781 6384 9720 3863 3256 8471 8450 2455 214 5157 1380 5821 4056 382 6566 349 7051 6681 3129 686 2681 9043 2625 1691 5091 5416 7053 238 2599 5057 5858 9564 2462 285 773 8345 3551 9239 2807 6124 95 1414 5905 6269 5854 2212 179 8656 2841 7249 3036 3330 3894 7654 8589 1430 1246 5790 1608 7771 2265 2491 7074 6234 8035 4434 5838 166 5407 5270 707 6966 5449 8242 3727 6258 9182 8563 7658 589 2227 7814 4414 4531 6276 4455 3783 1165 7115 4230 4453 2887 8335 4425 706 2098 6021 4190 1581 8158 641 6108 796 75 3327 6857 9785 2879 6343 915 2908 2460 3360 6925 7174 6963 2097 6109 312 701 7279 2198 7545 3977 1112 5249 6942 8758 4697 993 7997 7709 6417 576 6967 4797 9277 1206 305 739 627 1885 286 9536 4208 6569 9918 8012 9726 9647 9016 7310 9364 3608 1093 7876 4207 2881 1583 179 295 8667 8380 3854 69 1309 4301 5684 3942 7827 2361 8762 8980 4896 9267 7723 4462 719 9936 6944 2139 6360 5470 3669 2908 4436 1325 9631 3439 380 1029 7992 4168 5820 7112 3286 9424 4635 3543 3130 66 7769 4930 8413 548 6290 737 6144 3966 5373 7114 4603 7488 6249 3087 1662 7603
3892 8673 1627 8273 7928 2200 5752 7358 1594 9177 593 1876 8206 4833 2152 1976 0 6720 3651 2988 5748 4323 9241 8890 7850 5981 843 3770 9831 6393 9988 8525 9299 362 6842 9781 2855 911 3371 1089 3767 5754 1975 3605 7012 5513 3230 1930 5551 7111 1775 1664 7639 2470 3088 9222 1367 1351 9928 3945 2169 9371 9318 2804 9667 675 2914 818 7450 9111 6853 8782 9408 6497 5556 1700 9264 8014 578 5342 8997 6568 945 8993 6287 8640 5254 7223 7889 6650 6814 9134 3920 2673 7924 8333 4387 6726 5397 994 8931 2729 4851 1581 3842 3956 4020 8775 8124 7947 4366 2840 7930 3493 4267 7542 9342 737 6050 726 8684 7633 8582 947 6389 6161 2957 7232 8909 4464 7620 2239 9476 5497 848 2984 1836 9635 4568 6868 7698 9209 3411 4869 721 2564 6358 3906 2853 533 9890 247 6794 6411 4509 1159 4098 8710 2064 5646 4328 4850 5178 8301 5311 3844 7743 2382 8821 5216 225 3292 1871 1292 5123 9820 8329 5719 9211 1228 4301 2869 7499 1287 7597 2563 502 8683 9202 4091 6929 4023 7672 370 1849 3346 702 9359 7214 7794 1679 1792 8778 7195 1655 2266 8342 6377 7682 1972 0 7419 1121 5879 9834 9022 6869 4536 6070 6217 2306 6101 4703 3998 3907 9252 7648 2204 3760 7127 9130 3057 410 9044 161 2912 2289 2025 283 1203 4479 528 1989 2545 0 2595 4432 2521 8374 2803
3630 8033 9187 5027 4793 9320 3590 9613 6195 6811 7836 7475 3819 261 8440 3577 6720 0 149 6482 7313 7249 1200 2699 9186 9036 329 4723 208 5182 1688 456 2210 5713 4030 3890 5832 5781 4716 1250 7221 5968 1119 7476 5032 3294 1513 7464 5135 7775 2478 4412 3841 4283 6347 2400 8683 1013 8962 5357 3798 9771 3632 3788 2667 4490 1880 6096 7024 187 9529 6453 7839 2157 9302 9193 9378 4806 3155 2632 7707 2039 2239 7650 3730 2039 8172 8339 4827 5119 7928 6649 4473 8728 4098 6592 3431 2444 6906 8710 900 9821 1955 1628 2894 4865 8522 6814 5777 8371 5931 972 6178 1221 2549 3739 7640 9485 6182 54 3708 5765 529 1786 2611 7233 6984 8000 9892 3991 7353 9301 7114 8767 3030 4137 4778 8154 6146 1092 5881 4828 9497 9417 4101 3374 4552 5022 989 9099 1446 5896 9704 1881 5352 2258 2874 8835 6078 2294 7729 3182 9169 9485 6725 6876 6078 4606 7809 1725 5632 7074 942 1725 2653 6480 5865 1729 2985 7098 3866 8300 7851 8290 3851 5028 9454 3399 147 4980 6683 8433 5217 1936 7855 4109 6950 1208 4583 2084 9850 4775 3955 2560 4844 1979 8300 8580 7608 4643 1241 5138 6398 5778 9474 4178 8743 6942 3676 934 2056 6001 6915 3157 4245 5535 5510 2775 8849 3941 2616 5161 8344 7143 8943 3510 7108 9578 5125 9823 4981 402 4622 5371 4502 8131 1853 431 8864 6383
4133 1122 38 6562 8804 8335 139 3706 4580 6596 4457 9622 297 7508 3243 3890 3651 149 0 6609 473 6642 2465 2092 1172 1995 6771 3697 5748 7064 7028 1815 4111 1507 5293 134 3230 4051 9112 1958 5785 5115 5567 5068 5383 5603 2617 6805 2075 1323 4597 813 1271 5660 2062 6684 2987 867 6016 4703 2358 9027 8546 9396 4131 2459 2676 6435 8839 3836 9517 7506 5577 9027 2208 2977 6646 590 238 3794 3287 1708 5291 3949 9738 3422 1539 5766 2686 3829 7415 9104 2109 4031 3764 8743 2840 9065 5746 8778 8214 2192 2442 7611 2741 1299 8172 801 7902 618 4555 2647 7767 4949 2745 6996 6955 4033 2522 3022 6390 5114 7877 6468 8960 627 2687 5406 2790 1120 7401 5042 9303 3735 284 2586 6126 467 3409 9676 2004 8394 2013 8892 2596 1904 6716 4928 8070 6323 2596 8006 8267 1433 3383 2941 3741 4373 7288 8725 383 6285 2278 3615 6669 143 9881 9713 1992 856 7089 1233 4303 9984 3067 2835 396 4605 8111 6287 5940 3320 4140 7224 8030 2606 397 2687 5592 2166 6406 6401 8300 7012 3914 1597 3197 1657 7651 7738 5476 6892 2643 3172 3965 6126 6094 4774 1197 3815 1773 1943 3617 422 7040 7245 1988 355 1619 8751 6224 2954 486 7640 5680 2626 4493 6224 4181 1015 5843 4785 4999 6947 4141 6098 7062 2229 2679 467 936 7029 4722 7868 2669 1041 9313 3087 3771 2364
1924 2117 1768 2869 4160 7357 36 3451 7601 444 5422 8400 4804 7173 3745 4057 2988 6482 6609 0 4578 431 4653 2658 1851 759 4730 9266 3245 1571 401 6595 3882 9065 2259 7100 7449 3854 4415 4261 7399 6602 2111 6039 7109 5276 6854 4793 3492 3216 607 9654 1329 7242 8211 1811 8259 8861 8788 1142 2192 8268 7169 8025 7040 2497 4177 3636 3880 9310 2278 7880 6067 313 6882 4299 35 3833 9248 4342 2050 3268 4019 3058 6430 6290 4128 3798 8819 6825 4562 8990 3772 9145 5506 9550 5269 3953 1129 9340 4277 9939 5860 9525 8511 2904 2735 4649 7659 4861 2816 1605 5817 2377 885 5679 4611 439 2474 9055 1946 4111 9254 9364 7189 8773 5829 1030 1570 2574 684 6744 144 9064 7880 8835 5301 9103 5516 2233 6504 3608 9459 7143 8410 3310 8199 9282 245 3201 3664 4785 1395 8101 8935 2455 1674 6774 3467 3075 914 726 9889 8583 8890 1494 8437 6159 3772 1594 875 1349 3329 9657 9652 2753 9372 862 4107 8523 450 436 8828 6337 9630 3161 3643 5062 6557 4705 8177 3844 1087 8292 3021 86 6554 3458 5423 4692 2404 4111 1664 367 9521 8436 3996 3584 7670 2533 8221 3387 3050 1774 7211 8737 6825 3737 8393 6637 6454 5679 5076 6005 6857 2704 3371 6897 3719 8734 8362 7795 1940 7519 2974 6444 2605 1605 9342 6528 5574 8910 86 1124 9771 5528 2265 2643 9159 6853
8158 7625 8306 7158 8770 8652 2769 2820 4314 3302 2109 674 4573 5320 7546 6102 5748 7313 473 4578 0 4384 9518 730 3264 7304 583 8608 8890 8651 38 9361 7189 4109 8133 3559 8217 5894 4519 4747 6646 1612 2079 3684 9969 4235 4211 1672 3339 7528 1497 6409 1464 3473 608 8471 3004 8939 3948 5759 8451 2142 4845 2245 245 5190 6388 9618 3224 2103 5410 6287 8181 3949 2944 4139 387 1553 3185 4574 9088 5500 2656 2226 7956 8083 2591 3449 601 6665 3717 4594 1484 2582 2937 7318 2432 9 4791 1806 670 8570 4533 7680 7384 3306 3274 1455 3832 5563 4009 9503 4732 9237 4920 6970 4022 612 9802 991 264 9431 2058 7410 4093 9858 7571 1115 5595 8387 4445 2404 4475 5222 7430 6440 2782 2217 500 7518 5031 9174 8719 3725 2164 4481 3617 3947 6909 2843 4808 4017 2750 8278 1956 3070 8718 606 6130 6348 8571 4236 2848 346 7583 6852 9860 5937 8733 6588 7874 7653 6530 6458 608 7034 7669 1947 794 1316 9753 1348 4901 6876 3004 6133 3828 2249 5512 7195 6824 1702 3276 2382 4199 5377 4326 1385 5194 9300 599 4986 4184 1219 5510 8240 7750 2592 47 7219 451 8906 9799 8017 5010 2684 5503 9638 6837 4419 9484 5565 9207 491 8336 4873 9951 6504 7020 8953 4907 2162 5004 6649 5169 1820 3678 204 5963 6948 7131 4916 8299 3950 7049 1956 5169 6911 9867 8892
3043 9894 2669 8568 2367 7241 2612 455 5990 4840 6019 504 4203 2851 1984 9989 4323 7249 6642 431 4384 0 9421 4545 4902 6300 2277 710 5716 4843 4876 2046 510 77 9768 98 1022 479 3319 5882 41 593 7459 56 9698 2494 5747 3431 3420 5267 5944 9737 8848 3032 1163 5003 289 7428 609 6581 2236 8511 331 6262 8060 5892 8106 3524 7389 7363 2109 2101 7347 182 5011 2926 7577 1722 9761 2752 2291 6167 2728 2340 8055 477 9772 8122 7541 8589 5318 3351 2256 6875 7843 8007 2428 8510 6037 9300 8853 3258 5726 2491 3664 931 4923 592 1148 5805 7680 5909 6771 2026 9064 7656 7603 3877 1980 2911 8033 3795 9588 5486 8473 2525 7087 2586 1500 8158 8112 1905 5657 9856 3222 3749 4527 9397 7599 4801 4667 3172 8708 4668 1782 1881 1122 1229 275 4503 946 6624 5656 2954 3106 9990 92 7928 8103 9721 4812 6416 8676 9714 3474 3741 2915 9148 4332 6830 4143 2864 5920 5879 9829 7625 8027 468 2091 8692 49 6367 592 8988 6071 3187 8899 2933 9598 9907 5342 2523 2465 9484 4091 597 8512 1714 608 8702 802 185 7702 2377 802 3547 8500 1812 9022 6254 3111 9094 8129 9961 2562 8408 3705 6060 8994 35 694 4892 5311 1818 1976 9409 9599 4468 9533 7476 4481 9600 5043 9889 7536 7966 5027 3224 6 3107 6440 1278 7924 91 6384 6040 1335 6433 9820 4095
8487 2020 2079 3228 1580 9765 4311 1118 7190 450 536 6733 9243 806 7519 5311 9241 1200 2465 4653 9518 9421 0 2270 6167 7649 3192 8220 3768 5809 4427 9068 8340 9908 8481 7741 2299 2377 8955 7441 6290 7981 1425 8825 7530 8788 2375 923 392 969 3513 4996 1680 3794 7164 1093 5026 8948 422 5629 7598 6664 4211 9853 7820 8915 4117 9508 8282 5796 2112 9141 3276 8041 5540 3778 7721 5613 1508 7398 5148 994 6175 980 216 5244 2733 747 6149 2893 2743 7956 8283 6967 7676 7411 2435 7295 423 5699 1136 6805 2263 4176 2659 1779 7885 5764 7998 6251 1592 3716 8485 1593 7347 5210 7842 3453 4082 1794 9965 8684 2135 7700 3963 4091 3136 6174 7172 1877 9532 8501 8982 1699 2405 2636 8932 8737 3423 7206 342 417 3828 5482 5177 3987 9504 3935 3204 2387 4192 3012 357 9314 121 5214 8526 9434 6770 9349 2373 5553 9326 508 2822 6266 7081 3913 2070 9780 3203 8517 7880 7585 3690 4800 9169 3659 4751 986 8384 9875 1441 735 4933 3182 1606 3628 7597 8637 2249 833 9369 5903 9526 1489 6154 2062 1172 3146 2793 1682 4720 800 9751 9125 4578 2211 5430 7341 4578 968 4422 109 6622 4851 4823 2528 1906 1908 3605 7528 2909 2671 658 284 2202 432 1472 1352 3603 3230 6733 1875 6006 1178 4481 9043 1231 374 6340 1728 4968 2687 5313 8122 2016 5005 9200 756
2935 7978 6562 1350 190 5369 1043 8188 2529 3732 1133 6458 7142 7145 6797 1101 8890 2699 2092 2658 730 4545 2270 0 2295 523 1781 6592 2507 7350 4772 8777 6154 3814 5021 1875 4843 3672 2142 7328 8478 4011 9973 991 6918 8997 9857 6479 3196 7199 9600 5580 181 706 4287 2444 9379 6901 6398 8717 1796 7967 8498 7838 4716 182 3637 8325 54 8999 4721 4683 9671 9056 5391 8094 2454 7691 903 8333 2758 3549 8083 7884 5210 4284 8397 5641 707 1662 1847 7045 2195 3956 8818 4892 5542 9410 8845 8708 3939 6256 1934 5628 6170 7975 3042 2593 625 3225 8160 4839 810 1450 3370 770 8377 4692 3005 6102 8914 6835 6020 9321 3237 4731 8403 6422 7641 4401 8488 6723 5579 4848 3922 9166 6712 7751 3739 2888 4966 1268 8208 4748 200 85 8338 1345 6852 8184 8549 4090 2041 6506 5939 4052 4817 9669 4472 3496 8530 9233 2398 6149 4085 6764 7921 3850 727 9857 405 7214 7296 6302 1738 9045 6986 5782 6424 6457 6086 1381 7673 1966 1052 4774 7561 6481 573 3963 2029 708 9427 8496 5522 9676 2463 6864 8474 5884 6774 7034 5928 5056 4337 3420 5674 5088 6976 5220 7208 4611 2114 76 3104 2301 2350 6229 1035 8642 1460 1427 2587 4529 9226 212 3434 2133 6923 6977 1981 5892 6153 6960 2345 6453 4262 6502 8150 1375 5898 9717 7717 1676 8292 9271 5294 5441 645 1406
8751 1432 6104 7181 8506 8183 8061 7696 6359 6513 4433 4089 469 2280 350 8776 7850 9186 1172 1851 3264 4902 6167 2295 0 8299 2438 8657 325 7017 3102 9443 6604 4288 3430 1120 4802 8210 4126 1058 4572 639 9525 4241 1156 310 8063 2775 7879 3836 9028 7428 3055 186 3114 6328 2863 8186 6419 4974 8136 1705 7446 2765 3572 775 2704 2517 8017 8991 5924 5593 3088 8743 3724 2468 2125 9898 7044 542 402 4077 4109 9475 9109 2560 4721 3053 5924 4601 9638 2486 5808 8883 8601 4571 9919 7398 5029 7255 7582 8596 5152 5847 5824 7175 8938 1179 9081 5922 8504 8560 980 4412 6751 5546 1158 8364 2047 9494 9267 7765 4899 9987 9246 2551 3462 7035 7316 5242 6706 1069 377 2653 9044 1316 9230 7161 1966 6797 420 1058 7912 1629 227 5308 2751 2100 8880 1092 8374 1814 2272 8175 9290 7992 6157 2038 6083 4209 2092 9123 4292 3055 6446 6888 2292 108 1339 8097 4344 9477 2066 9602 4344 8411 4840 1989 5536 6748 622 3292 7393 7872 7249 8157 8098 1042 8346 8584 6127 5979 5832 2054 8510 2457 8393 7832 4232 4031 7939 2400 8027 5653 1647 7098 2712 4900 4809 7797 8829 8645 2499 1864 5399 5580 376 4225 6900 6910 9153 5592 5004 7986 4598 5941 5107 7478 1660 6737 9681 8623 9839 9471 2022 6537 1782 8650 9432 4203 599 2895 3249 5933 6311 7040 376 4068 2633 9688
4435 1023 1087 672 288 9281 3734 7689 5099 4564 8281 1127 4304 5667 5633 1390 5981 9036 1995 759 7304 6300 7649 523 8299 0 1731 236 535 5304 1967 7275 5255 8751 4780 388 5408 3494 7896 7131 558 2340 7646 7985 4345 5918 1545 7617 8878 1345 8767 5939 434 7289 6892 2905 7951 2189 2805 8041 576 972 1729 956 9844 4703 2509 1619 8244 3099 203 318 2434 5705 7492 987 5948 5671 3593 753 459 7527 1217 5285 2806 7052 7864 6861 3537 6428 8204 8233 6662 105 9231 6783 1169 6106 8668 9691 1628 9814 453 5411 5129 9361 5765 4096 2409 4452 2930 3737 1862 2594 2005 5004 1534 5124 5995 2486 5511 9867 5871 1733 6817 5165 8638 6772 8472 2479 92 3059 8274 4729 5921 7439 8772 5897 8793 2177 9908 7907 254 204 3172 6021 6046 9246 2855 1957 2480 6591 3813 894 9466 3904 9541 5479 6050 373 8882 2122 5149 8224 2330 563 2979 9307 2485 1766 9518 2427 1329 1772 4207 2112 8641 3733 7935 2532 1245 4646 7122 5902 2022 5153 8407 7200 5435 3438 108 1788 2397 8139 1423 1157 1881 6753 7961 4503 7626 9840 8860 9016 4884 863 522 464 7168 3541 9865 4064 1506 3635 3625 6583 2574 1700 6635 9872 7409 4102 5918 9825 8563 1470 3371 5272 5207 9129 200 7845 1418 4615 1670 8023 7280 1483 5109 8212 3797 6903 162 4987 9113 4189 6278 3570 3644 8046
8682 9091 3644 7020 179 366 3813 3543 3905 4089 5279 5832 5473 4426 5532 3242 843 329 6771 4730 583 2277 3192 1781 2438 1731 0 3230 907 4858 2878 2998 2270 9671 9259 6989 8927 2051 4817 569 5145 9228 895 1891 1139 9563 5161 4686 9677 6163 1309 438 2896 6162 6192 3089 3347 4622 2621 8155 3065 2820 4397 3558 1054 344 9821 3443 251 2901 7534 5502 2171 4202 7222 6378 399 8294 3172 6213 8808 1671 1075 2005 8055 9603 2544 4218 1919 4311 1514 1628 2858 8019 2019 4878 431 1600 1250 4703 5119 7794 4075 5381 6611 9276 6550 9691 8917 3223 8595 8077 4969 9039 22 4231 9193 4781 1652 4697 3991 2487 7056 6611 8213 3384 8591 6289 8072 444 261 8391 3798 4496 5403 1548 1560 7984 5596 8110 2851 9319 7192 1755 2358 8157 2946 5428 3862 6298 2615 1606 2320 6368 4675 1415 3288 4764 2403 4355 7222 6916 9959 8995 5822 3916 9640 3448 7989 6490 905 4974 6046 9033 3191 6726 7019 3452 6576 208 3781 7064 8464 312 5003 4801 1097 4662 7660 8847 1498 7603 9785 4832 9950 7354 277 3143 8359 990 8100 2610 7809 5082 8282 5372 6978 1710 5535 2999 6785 3549 211 1579 1619 8966 9307 7462 9773 3135 7645 8714 8797 7621 7990 4450 9931 9383 9177 8567 6714 8966 2048 2833 7285 9889 9361 2124 5389 3360 8121 1629 7335 157 3329 8861 2969 2327 5247 8489
3841 9450 127 8136 2073 479 6266 3702 1751 6374 5728 1351 9903 2128 3571 6547 3770 4723 3697 9266 8608 710 8220 6592 8657 236 3230 0 4087 7289 9323 7855 6772 4328 8763 8720 4033 666 5311 6773 1496 86 3676 6864 6071 8328 263 1780 6974 1543 406 5466 7019 9341 4121 519 6300 2528 7198 5400 7957 4525 3392 5620 1242 8910 5131 4342 5453 4660 3240 5450 8051 1340 8874 2562 1478 5521 4453 6947 748 4850 2411 385 9723 4944 9248 8978 3672 2538 9741 5014 569 6840 137 6629 5721 2547 1548 2770 9396 9309 6955 8686 8859 2693 5211 6551 4091 7179 238 8939 4049 179 5849 156 3419 2284 9181 5625 1578 8515 9278 4862 1563 6144 1004 6294 2842 9344 77 6473 6682 3764 3216 3976 1095 131 4925 9650 8659 7147 4058 6723 5213 2090 1146 8318 2322 3889 6466 5353 7803 732 6831 121 894 6837 3621 1860 8970 1391 2203 4219 788 8968 8334 7628 9643 4249 1427 5296 6619 3208 625 3454 3775 6254 7989 2774 4329 9102 7134 6474 9405 8709 5707 3761 8292 7953 1201 4677 1214 3877 3176 904 641 478 6972 514 835 6357 1866 1292 9783 2944 3000 2501 1552 9293 7351 4094 9923 1380 5299 9348 1399 1435 5362 9769 517 1888 1403 2607 7143 4307 315 6017 9091 9447 8652 2087 8903 3191 2597 9198 8066 2765 74 2371 1241 4012 434 2155 9684 6988 3087 933 43 7552
21 5306 6848 8568 1212 2259 4658 1091 8919 1987 7116 3409 7600 4596 7182 5213 9831 208 5748 3245 8890 5716 3768 2507 325 535 907 4087 0 3071 25 4583 765 4064 1319 6328 863 3046 4623 5855 6391 2159 8471 1140 8663 9821 8975 4845 2419 4781 8363 3038 2507 8990 161 9728 4600 4892 4435 6897 7365 6246 3112 7305 8647 8860 2724 1724 6813 2847 7340 2144 4452 3879 3784 7987 9669 6535 7094 5608 1987 1607 9170 8554 6513 646 3094 8038 7583 9991 9169 5868 9121 5122 1416 7988 64 9343 8164 1504 7655 2455 1201 838 4350 7342 7246 6166 5797 6481 4478 9723 813 9315 8367 6744 5399 6345 4203 9997 5218 174 4442 4180 8812 4980 1627 2158 5262 6478 2761 247 5393 8629 6182 2803 7935 3632 1605 2158 893 5895 1595 324 3742 1725 1069 3285 8114 3107 4993 7717 943 3819 6490 106 6856 291 8880 1437 5848 7091 2534 691 8662 6837 9016 1090 3523 5190 7886 7128 1272 3652 5660 3010 1568 834 1844 1179 7265 344 7906 5712 2270 2509 4580 9991 5411 5225 6316 4477 7739 6815 1335 3154 2685 5332 8355 9424 3994 5722 2223 1663 3303 3745 8840 9655 2724 3810 6243 3556 7827 7944 9821 7626 1315 9502 3324 3274 4841 3462 857 8053 8542 8906 5240 8344 2515 6843 3532 275 220 3764 612 1162 4605 2834 3595 7996 9971 3906 3431 7375 9128 8917 5480 2334 6966 9684
4810 3341 1056 1837 7915 4409 3246 9875 4940 2492 7706 9268 3719 8983 2181 2809 6393 5182 7064 1571 8651 4843 5809 7350 7017 5304 4858 7289 3071 0 6479 335 8964 3876 6836 6666 5400 1959 242 6135 5817 3104 7493 1961 2750 4098 568 7830 5800 6533 8005 157 2068 4256 448 9532 826 3833 5580 8568 5415 5642 6373 7898 2262 4647 5715 5631 4029 9850 7004 1593 286 1151 1579 6783 2079 1441 6279 8056 6260 1716 4574 3519 7929 1628 6626 4586 3287 1614 3147 9669 2245 5198 7696 9791 5367 6146 330 3344 7086 5483 9516 8131 3375 1898 2167 4376 5317 2036 4154 857 9717 8314 44 8874 8242 6706 2869 8191 7984 8543 9600 8788 1195 1476 6537 2559 554 1804 4017 8485 5238 5921 9988 3732 1589 1410 7828 1887 7521 1993 8096 8905 7166 2530 8688 2905 891 4468 9904 5344 8202 2768 9083 6517 5146 7285 5158 8308 645 629 2897 5944 3490 610 8229 1721 3481 5 5176 4255 6695 8732 7257 339 1914 1205 4492 4387 688 7103 6548 4334 5580 4022 8242 2996 3793 6426 4791 5725 5702 1114 7767 1939 6991 2277 815 2707 5666 2173 5603 2360 6526 7809 2748 7347 2614 9813 9883 818 9335 2661 9547 6364 9135 1387 7475 7687 7717 1844 7176 8508 1455 4844 2909 4872 8399 2433 2083 9661 2353 6988 8962 5729 9614 9985 909 7167 5651 3655 4499 8161 4852 6748 1360 8138 3589 3585
5609 4122 2262 5882 3538 1337 3661 5250 5132 831 6641 2123 8047 9335 9308 2195 9988 1688 7028 401 38 4876 4427 4772 3102 1967 2878 9323 25 6479 0 5825 2302 5142 5187 8917 457 1857 897 8054 3211 6409 6111 2255 1237 2712 1155 3904 7399 1808 4999 1787 1932 7255 1334 2346 228 8916 8505 8305 6402 4767 3221 8353 559 1030 2809 7152 4481 2532 3921 7195 6844 5734 7195 3459 7243 6397 8775 2389 6592 3092 2464 5799 4953 5748 7674 6671 4693 5739 5308 3580 2059 8716 3889 2222 9885 2145 8805 2855 8787 1243 8792 5773 8376 4021 9929 9656 2195 1919 3860 1335 9564 677 3708 4327 339 409 9104 7557 1264 2930 8169 9558 9211 4647 2877 8788 2576 9447 8042 3135 8580 1275 9916 9200 4509 2364 7523 5435 2827 2821 5377 8011 7606 2887 6665 6615 4216 272 7931 4955 2208 5324 2321 9735 5318 6690 6089 907 1861 7224 3641 2904 3863 6454 9969 2184 9385 8407 9199 6576 1559 238 3992 1470 647 7787 492 2068 6123 7015 3446 6108 6317 1529 7857 49 5446 5265 2707 1459 7371 7517 3590 7480 9965 3702 8563 7082 4814 1945 3857 5888 7893 4952 4247 5832 6036 736 4988 8604 2250 509 9199 4925 7311 7754 1197 4210 847 3637 9599 7251 9528 1999 5316 6532 6494 3397 2062 7473 4598 2440 8675 2675 1441 4547 8855 5967 7984 980 9781 6949 7801 2603 1391 2452 1714 6620
8659 9120 5641 7710 1044 9491 4173 9108 7790 308 4234 5939 2800 5585 1315 1165 8525 456 1815 6595 9361 2046 9068 8777 9443 7275 2998 7855 4583 335 5825 0 6348 1693 3523 3810 4832 4078 7562 2067 667 314 9581 9197 2050 994 2974 1155 799 1822 1409 379 5272 4859 4961 881 4586 3885 789 3300 4494 6796 1953 9367 4470 4802 5264 3851 8971 9947 6325 119 2150 9624 7306 9193 4434 334 8191 7881 2819 6840 8931 549 4844 5706 6868 9951 1781 8224 1027 9531 4406 4241 1400 8520 8786 4418 8319 9786 3414 6216 88 5149 58 6405 6494 4985 2698 2672 3731 9617 387 2096 6950 2902 4000 6492 7854 8839 214 2479 9980 391 4025 240 6950 3708 1428 9879 9708 2830 3085 1732 4895 1067 9829 1460 1391 6533 2645 7710 3034 2249 3304 3582 2074 4789 9044 836 5899 7155 6255 542 7745 7147 9579 8575 6762 3450 8213 997 7868 8478 2644 4994 118 8869 2117 9564 1457 520 7243 3473 1963 8092 1877 4207 6644 651 1953 2357 9234 4842 8883 4286 1428 5046 3553 8070 2429 1761 2832 5404 6750 4404 9926 6739 3578 7762 9996 8104 9905 7107 3562 6653 7305 5652 7047 2721 3495 1318 6989 6524 3299 9084 8508 3839 7577 6882 772 3289 2625 6193 3351 4381 3068 1499 3646 9290 9087 5088 3802 1078 715 6473 1362 7830 5811 7057 1269 8137 6005 5143 3569 7089 7662 1106 7311 7715
