50
0 9315 3827 5247 7890 4148 4469 5213 8376 2598 5514 5798 4714 8504 71 3333 338 3603 1161 749 5868 9222 1883 8562 2327 2400 15 6222 7613 8450 7678 3109 9554 8623 5900 6543 2716 967 5550 9780 543 3424 5893 3424 8587 1949 2178 5196 3253 9368
9315 0 1597 4416 7292 2407 7137 7893 5010 6378 6579 9674 2438 7872 6842 8600 4939 8793 6967 6003 3036 2905 6923 9348 2325 5275 9536 7699 8306 6356 60 8812 5861 8621 3195 2695 9880 1130 4301 374 8372 2526 9028 9855 8982 5878 7749 9828 2817 3104
3827 1597 0 5620 4338 8210 6517 2901 9208 5421 7204 6224 6287 5598 6288 6473 5380 5963 701 5661 4523 9037 5626 7268 3660 8485 9468 2107 7829 1258 5704 8863 7421 821 84 3336 2217 8215 9694 761 1980 761 9423 6909 9021 7831 592 5406 7343 8919
5247 4416 5620 0 1900 240 9159 4715 5683 5746 485 4168 2079 6676 5902 1217 868 5224 7569 5115 6363 1296 9309 3972 6564 4096 7214 7436 8148 2594 8305 3299 9562 1794 2982 9057 2322 9112 6275 7881 7141 7335 7947 4867 607 175 7442 4237 1081 7652
7890 7292 4338 1900 0 2230 5727 2742 553 9790 6535 7191 3860 3709 554 9138 3104 7297 8345 5807 3971 4590 3493 1282 8965 5044 42 6445 2801 7120 6545 6312 3816 6152 215 349 3196 7803 9796 658 497 3407 7093 5334 1724 7857 2565 125 543 8258
4148 2407 8210 240 2230 0 8929 8048 2972 1940 4840 2569 5857 414 9290 1178 7155 6326 2192 2157 7886 4965 2516 9362 4429 6351 6298 1491 5333 4454 3916 2420 7518 9022 3221 8151 5596 6781 2588 6217 6734 2470 2371 985 3277 5385 2549 6640 2727 1750
4469 7137 6517 9159 5727 8929 0 7465 875 2973 8311 6958 6458 4834 2923 8667 7406 9228 4265 5217 7379 7811 3603 7 9556 7441 2483 675 807 9820 1529 9185 6655 6459 5655 4105 1873 1034 4778 3299 5308 4065 6524 9726 5048 215 7728 3805 6419 3986
5213 7893 2901 4715 2742 8048 7465 0 5510 3368 5919 7630 3168 7713 4460 8473 8792 2890 6475 7229 5761 9161 6442 8586 5723 8845 2774 7291 8202 5696 2416 8577 10 7128 4375 3800 6404 6954 520 8137 3919 5660 105 845 3255 5226 4138 7128 3630 3943
8376 5010 9208 5683 553 2972 875 5510 0 1959 3110 4249 6713 4662 8483 1788 9322 9000 2178 9792 2705 8275 5157 9472 4859 3471 1474 7975 6570 7112 9263 9839 3711 963 2837 5934 8463 6488 3112 5021 9048 3824 1583 1939 9346 4283 1591 4528 7687 7893
2598 6378 5421 5746 9790 1940 2973 3368 1959 0 3766 2094 71 8282 4956 574 301 2072 7900 9149 4541 9520 2046 7423 4868 5309 9864 8127 2304 7572 4579 1383 2877 8102 4159 6892 488 1929 7116 3351 6752 8842 8032 1088 7074 6024 7247 8482 5066 6256
5514 6579 7204 485 6535 4840 8311 5919 3110 3766 0 5891 4024 4651 1102 8546 1700 6773 6711 7239 6649 914 5498 7267 5993 4445 3829 7934 8658 972 8798 3135 8685 9381 5495 160 8415 585 4589 7270 5661 4774 1346 7881 6657 2185 5509 3842 785 7516
5798 9674 6224 4168 7191 2569 6958 7630 4249 2094 5891 0 6465 5124 9238 7080 3347 6858 9318 9797 8733 3303 3183 8226 7861 911 1464 5449 5497 7917 1616 138 3607 1699 9048 3532 4835 2535 5801 4981 6317 2797 527 6113 951 5757 7078 2270 1073 9267
4714 2438 6287 2079 3860 5857 6458 3168 6713 71 4024 6465 0 9676 3808 3898 9025 2082 9273 4384 4449 7033 776 5617 3304 781 8828 9702 7343 8660 8426 8817 5293 8454 2795 6641 6100 9034 4299 9455 8157 7383 2270 2161 6021 1029 8426 8958 6541 6133
8504 7872 5598 6676 3709 414 4834 7713 4662 8282 4651 5124 9676 0 3919 8920 906 8602 4260 1239 817 6821 4968 1958 6569 8156 5125 3202 665 2504 149 9007 2880 8081 502 7182 7509 2091 3171 3143 5286 161 4719 7743 6700 7121 6813 4513 1706 6594
71 6842 6288 5902 554 9290 2923 4460 8483 4956 1102 9238 3808 3919 0 9721 6788 2109 7600 7510 6443 6972 8643 1990 3149 8423 3448 2895 1800 9847 723 8348 9968 9985 6489 5495 587 8833 7764 5816 2299 6662 9205 191 8922 9485 3941 365 8353 3881
3333 8600 6473 1217 9138 1178 8667 8473 1788 574 8546 7080 3898 8920 9721 0 4557 1973 9840 617 9176 1216 2851 9226 8765 6092 2034 6751 5902 7429 6041 8183 7714 4687 4525 1531 8502 9950 256 9639 7406 8527 5159 464 4183 7576 6967 1812 7976 5822
338 4939 5380 868 3104 7155 7406 8792 9322 301 1700 3347 9025 906 6788 4557 0 612 6709 8240 8139 5680 8508 8903 2197 5856 3379 8203 4737 9797 5683 5463 9660 2120 6501 5341 6511 2654 8476 3014 3190 8374 4322 1780 421 2890 7973 6103 490 5832
3603 8793 5963 5224 7297 6326 9228 2890 9000 2072 6773 6858 2082 8602 2109 1973 612 0 7713 383 7803 6177 5172 5510 8855 9748 187 2918 8228 9777 1433 4684 643 9441 2050 9847 3840 2348 9469 7608 1955 7485 4466 2716 2071 2523 8729 5214 1003 6068
1161 6967 701 7569 8345 2192 4265 6475 2178 7900 6711 9318 9273 4260 7600 9840 6709 7713 0 4784 9199 1216 1255 4339 5647 4137 1439 2872 6333 9372 7856 5237 4016 5474 311 9285 9626 1600 8685 9550 3038 2989 1589 178 3874 5758 6443 9257 3160 7141
749 6003 5661 5115 5807 2157 5217 7229 9792 9149 7239 9797 4384 1239 7510 617 8240 383 4784 0 4017 3801 6227 2794 6079 559 5151 4494 414 3618 7365 7297 5033 3633 4959 8163 2591 6884 6584 5022 4110 9832 6944 8431 7361 3400 1374 8092 2516 5798
5868 3036 4523 6363 3971 7886 7379 5761 2705 4541 6649 8733 4449 817 6443 9176 8139 7803 9199 4017 0 6876 6432 7514 7704 8398 9561 3621 4848 1675 5157 8219 5447 4306 7058 8221 188 8295 7302 8118 2159 2797 2384 4391 9844 2987 4338 6957 3878 2281
9222 2905 9037 1296 4590 4965 7811 9161 8275 9520 914 3303 7033 6821 6972 1216 5680 6177 1216 3801 6876 0 8951 4605 3951 8578 7429 4668 9962 414 1508 5260 6911 3623 4303 1991 7214 8329 6613 5685 5431 6952 5358 4552 6468 3501 3605 169 1854 6167
1883 6923 5626 9309 3493 2516 3603 6442 5157 2046 5498 3183 776 4968 8643 2851 8508 5172 1255 6227 6432 8951 0 6817 4169 9554 6016 1860 5845 9217 5481 4034 5716 8715 2468 4325 9593 9745 8052 1276 7445 7983 7714 8391 3252 4271 8534 8891 8600 3622
8562 9348 7268 3972 1282 9362 7 8586 9472 7423 7267 8226 5617 1958 1990 9226 8903 5510 4339 2794 7514 4605 6817 0 9286 971 722 7186 168 2315 1789 4854 9699 7701 8065 7452 9364 8079 5778 392 308 6519 7238 700 7960 1888 5196 8034 2010 3236
2327 2325 3660 6564 8965 4429 9556 5723 4859 4868 5993 7861 3304 6569 3149 8765 2197 8855 5647 6079 7704 3951 4169 9286 0 8177 746 5946 6986 7885 7757 3193 1607 5484 3904 8035 7618 6770 8531 1311 760 9715 1865 1769 4069 8487 3722 1611 6235 8701
2400 5275 8485 4096 5044 6351 7441 8845 3471 5309 4445 911 781 8156 8423 6092 5856 9748 4137 559 8398 8578 9554 971 8177 0 5116 7446 6792 9633 3960 5606 3557 9707 4661 4689 636 3374 4901 4421 7546 6524 4946 8391 6087 7602 3059 4312 6733 2224
15 9536 9468 7214 42 6298 2483 2774 1474 9864 3829 1464 8828 5125 3448 2034 3379 187 1439 5151 9561 7429 6016 722 746 5116 0 9650 3691 4275 3981 1298 2281 7227 2906 7863 2493 3924 919 9942 9451 7270 778 265 358 1029 3285 8532 1517 560
6222 7699 2107 7436 6445 1491 675 7291 7975 8127 7934 5449 9702 3202 2895 6751 8203 2918 2872 4494 3621 4668 1860 7186 5946 7446 9650 0 985 5682 2455 1258 526 5756 1144 2866 3737 2375 2609 631 6667 9557 2175 4354 6374 5357 8943 8462 2950 1492
7613 8306 7829 8148 2801 5333 807 8202 6570 2304 8658 5497 7343 665 1800 5902 4737 8228 6333 414 4848 9962 5845 168 6986 6792 3691 985 0 7932 6292 4486 294 5816 6103 7991 9404 4374 819 5233 4854 7952 2944 7442 9424 9851 1036 1073 4654 6167
8450 6356 1258 2594 7120 4454 9820 5696 7112 7572 972 7917 8660 2504 9847 7429 9797 9777 9372 3618 1675 414 9217 2315 7885 9633 4275 5682 7932 0 2021 288 5803 5747 2383 2896 9688 1935 5766 6434 8384 5220 7056 6737 4408 8039 6117 4756 8199 8273
7678 60 5704 8305 6545 3916 1529 2416 9263 4579 8798 1616 8426 149 723 6041 5683 1433 7856 7365 5157 1508 5481 1789 7757 3960 3981 2455 6292 2021 0 7900 9540 277 6434 9809 9800 5806 6405 5720 8765 4859 2794 7827 1804 1980 4534 3840 1018 2562
3109 8812 8863 3299 6312 2420 9185 8577 9839 1383 3135 138 8817 9007 8348 8183 5463 4684 5237 7297 8219 5260 4034 4854 3193 5606 1298 1258 4486 288 7900 0 5046 7662 8106 3374 8724 1781 8164 5490 8559 3489 2903 6756 6108 2586 4973 5411 2013 5009
9554 5861 7421 9562 3816 7518 6655 10 3711 2877 8685 3607 5293 2880 9968 7714 9660 643 4016 5033 5447 6911 5716 9699 1607 3557 2281 526 294 5803 9540 5046 0 5828 8822 5048 3039 9523 7133 1246 6147 9901 7326 6058 2023 2519 7442 4400 3651 1213
8623 8621 821 1794 6152 9022 6459 7128 963 8102 9381 1699 8454 8081 9985 4687 2120 9441 5474 3633 4306 3623 8715 7701 5484 9707 7227 5756 5816 5747 277 7662 5828 0 7538 4135 8342 4955 7473 6463 305 7993 8256 7061 8755 7331 9378 4096 974 619
5900 3195 84 2982 215 3221 5655 4375 2837 4159 5495 9048 2795 502 6489 4525 6501 2050 311 4959 7058 4303 2468 8065 3904 4661 2906 1144 6103 2383 6434 8106 8822 7538 0 3303 6880 1750 4375 7959 6039 7583 7373 5287 6577 5373 7512 4082 7956 5356
6543 2695 3336 9057 349 8151 4105 3800 5934 6892 160 3532 6641 7182 5495 1531 5341 9847 9285 8163 8221 1991 4325 7452 8035 4689 7863 2866 7991 2896 9809 3374 5048 4135 3303 0 2898 9215 8884 3326 9439 7605 4768 3963 908 49 6755 2711 6810 5535
2716 9880 2217 2322 3196 5596 1873 6404 8463 488 8415 4835 6100 7509 587 8502 6511 3840 9626 2591 188 7214 9593 9364 7618 636 2493 3737 9404 9688 9800 8724 3039 8342 6880 2898 0 8181 132 8716 6687 179 5230 7147 569 9156 1352 2541 2680 6452
967 1130 8215 9112 7803 6781 1034 6954 6488 1929 585 2535 9034 2091 8833 9950 2654 2348 1600 6884 8295 8329 9745 8079 6770 3374 3924 2375 4374 1935 5806 1781 9523 4955 1750 9215 8181 0 3021 8572 8680 5100 993 5416 638 3742 9314 2713 483 5595
5550 4301 9694 6275 9796 2588 4778 520 3112 7116 4589 5801 4299 3171 7764 256 8476 9469 8685 6584 7302 6613 8052 5778 8531 4901 919 2609 819 5766 6405 8164 7133 7473 4375 8884 132 3021 0 4582 5358 6850 8803 8455 1734 9421 2981 1533 214 4750
9780 374 761 7881 658 6217 3299 8137 5021 3351 7270 4981 9455 3143 5816 9639 3014 7608 9550 5022 8118 5685 1276 392 1311 4421 9942 631 5233 6434 5720 5490 1246 6463 7959 3326 8716 8572 4582 0 5342 10000 3777 3648 894 2365 7984 5442 72 8708
543 8372 1980 7141 497 6734 5308 3919 9048 6752 5661 6317 8157 5286 2299 7406 3190 1955 3038 4110 2159 5431 7445 308 760 7546 9451 6667 4854 8384 8765 8559 6147 305 6039 9439 6687 8680 5358 5342 0 5363 1672 3226 4634 735 8763 2495 3780 3832
3424 2526 761 7335 3407 2470 4065 5660 3824 8842 4774 2797 7383 161 6662 8527 8374 7485 2989 9832 2797 6952 7983 6519 9715 6524 7270 9557 7952 5220 4859 3489 9901 7993 7583 7605 179 5100 6850 10000 5363 0 9624 8241 6586 5420 2287 2479 6196 3950
5893 9028 9423 7947 7093 2371 6524 105 1583 8032 1346 527 2270 4719 9205 5159 4322 4466 1589 6944 2384 5358 7714 7238 1865 4946 778 2175 2944 7056 2794 2903 7326 8256 7373 4768 5230 993 8803 3777 1672 9624 0 6887 5391 1374 2537 5517 275 9619
3424 9855 6909 4867 5334 985 9726 845 1939 1088 7881 6113 2161 7743 191 464 1780 2716 178 8431 4391 4552 8391 700 1769 8391 265 4354 7442 6737 7827 6756 6058 7061 5287 3963 7147 5416 8455 3648 3226 8241 6887 0 4599 7303 5325 3446 438 1516
8587 8982 9021 607 1724 3277 5048 3255 9346 7074 6657 951 6021 6700 8922 4183 421 2071 3874 7361 9844 6468 3252 7960 4069 6087 358 6374 9424 4408 1804 6108 2023 8755 6577 908 569 638 1734 894 4634 6586 5391 4599 0 6433 2078 3087 3695 63
1949 5878 7831 175 7857 5385 215 5226 4283 6024 2185 5757 1029 7121 9485 7576 2890 2523 5758 3400 2987 3501 4271 1888 8487 7602 1029 5357 9851 8039 1980 2586 2519 7331 5373 49 9156 3742 9421 2365 735 5420 1374 7303 6433 0 202 5822 4436 2009
2178 7749 592 7442 2565 2549 7728 4138 1591 7247 5509 7078 8426 6813 3941 6967 7973 8729 6443 1374 4338 3605 8534 5196 3722 3059 3285 8943 1036 6117 4534 4973 7442 9378 7512 6755 1352 9314 2981 7984 8763 2287 2537 5325 2078 202 0 3005 214 9844
5196 9828 5406 4237 125 6640 3805 7128 4528 8482 3842 2270 8958 4513 365 1812 6103 5214 9257 8092 6957 169 8891 8034 1611 4312 8532 8462 1073 4756 3840 5411 4400 4096 4082 2711 2541 2713 1533 5442 2495 2479 5517 3446 3087 5822 3005 0 4914 7387
3253 2817 7343 1081 543 2727 6419 3630 7687 5066 785 1073 6541 1706 8353 7976 490 1003 3160 2516 3878 1854 8600 2010 6235 6733 1517 2950 4654 8199 1018 2013 3651 974 7956 6810 2680 483 214 72 3780 6196 275 438 3695 4436 214 4914 0 137
9368 3104 8919 7652 8258 1750 3986 3943 7893 6256 7516 9267 6133 6594 3881 5822 5832 6068 7141 5798 2281 6167 3622 3236 8701 2224 560 1492 6167 8273 2562 5009 1213 619 5356 5535 6452 5595 4750 8708 3832 3950 9619 1516 63 2009 9844 7387 137 0
