50
0 1407 2495 2499 7407 6277 7078 2360 2696 4736 1363 9591 5012 9218 1790 135 638 9675 1295 1358 6078 345 1924 2183 4438 2058 9425 2430 9374 6062 3648 701 2482 1535 9220 3399 9256 2278 5063 3177 1446 6904 4573 8089 512 3435 3323 6857 5737 4136
1407 0 9726 8908 3740 9228 1434 7491 830 5835 4707 9253 104 2944 2363 1038 4235 1693 349 6639 2819 6471 2210 4160 2512 6751 6947 6160 7435 7220 2989 8823 9850 604 834 1403 9009 4897 3308 793 7973 6284 310 4723 9316 9842 186 3722 8943 8168
2495 9726 0 9552 7125 1193 6044 4176 7455 8589 5845 200 4789 125 406 7076 5990 8762 4146 8967 6172 7981 6168 560 6973 5926 2483 4303 1015 4796 2334 1795 5196 2229 7573 9338 3955 470 330 6258 9870 6932 2146 7799 2178 5883 2642 3907 9835 6802
2499 8908 9552 0 6808 1836 699 1238 6485 7913 6036 5304 1396 5546 3698 6524 8079 148 6969 5884 9865 5406 976 7672 140 2041 5937 1978 8513 2543 1947 7086 9547 7113 2410 8216 7423 1228 9232 7785 9569 8630 9526 4105 1050 944 9578 7482 3741 8437
7407 3740 7125 6808 0 6904 5014 2776 6832 2301 5221 1584 1923 1003 5419 3126 7538 3756 473 4864 1815 5243 6255 4891 6315 871 9228 9853 1737 3659 9042 8364 2134 9695 1160 6173 8607 8784 1585 5631 130 959 6105 1140 1894 5196 752 2799 3987 7472
6277 9228 1193 1836 6904 0 8968 4732 9312 6520 4364 7103 2089 5558 5443 661 4852 421 55 79 265 9869 1791 905 1190 3777 3345 4206 351 8849 1041 1949 6866 1785 3643 6374 6197 9692 5460 3885 3766 1192 9246 4407 840 3740 3289 9198 9886 9986
7078 1434 6044 699 5014 8968 0 7287 2041 5047 3535 4457 8289 4151 9883 1508 6733 2226 7076 5092 3358 5140 7869 998 312 508 2755 4194 955 467 1837 3871 6533 6503 2993 3067 8425 7592 3556 9968 9929 106 3113 3621 5478 9204 7188 9112 7121 6984
2360 7491 4176 1238 2776 4732 7287 0 9020 7311 3377 5360 7760 9855 1953 2358 5542 3705 1085 2330 1839 7509 7616 4326 3587 8512 7912 9890 5641 563 8670 3663 6995 1860 1718 7701 2566 1704 6840 6857 4731 6186 9035 3890 2657 8068 8133 8274 4976 2811
2696 830 7455 6485 6832 9312 2041 9020 0 4195 7163 548 2076 9411 1030 5810 4596 7597 6035 1504 7751 4354 4130 134 1263 3277 5543 3180 5474 6760 2020 3021 1118 6039 1113 242 8722 1825 4816 8279 3283 2306 143 3056 7184 2332 3325 1311 3837 2068
4736 5835 8589 7913 2301 6520 5047 7311 4195 0 2335 9721 4591 8172 2439 6807 5054 1265 4656 7564 2965 3943 4946 2311 7150 6339 7080 7921 226 8391 3986 1766 6287 4710 5940 4194 3113 2862 4960 8725 9119 1906 3496 3261 1741 7698 640 2332 7515 4971
1363 4707 5845 6036 5221 4364 3535 3377 7163 2335 0 6083 3811 1725 9637 8775 8781 6289 8388 2551 5450 9069 117 3377 8551 4126 8553 6501 1407 420 3424 7452 544 1382 6592 2060 6247 6336 3465 5777 4186 4550 8992 6591 7892 9750 7855 8882 1086 6387
9591 9253 200 5304 1584 7103 4457 5360 548 9721 6083 0 3005 8997 6079 9568 1927 2209 9478 2348 7974 3490 1252 7772 9626 892 2922 3520 3011 5877 4803 183 7981 1769 477 3477 4277 6038 3461 7022 7408 1014 5040 7336 5446 9473 5433 3936 9906 3193
5012 104 4789 1396 1923 2089 8289 7760 2076 4591 3811 3005 0 2129 4513 7784 6895 206 1290 6675 9249 6760 8937 7829 2439 2577 5909 5167 9041 2650 7039 2040 7467 929 1717 6361 6489 2469 8948 4063 3354 2791 7856 5614 9823 571 1309 8138 6397 3923
9218 2944 125 5546 1003 5558 4151 9855 9411 8172 1725 8997 2129 0 8613 6580 3843 4346 5717 3452 9812 5631 6431 1655 8981 4442 2483 374 6681 7736 6269 5192 713 6865 4822 8207 864 7273 4336 7836 3338 6205 7745 4520 5675 782 2917 7279 930 9916
1790 2363 406 3698 5419 5443 9883 1953 1030 2439 9637 6079 4513 8613 0 6843 6123 6315 9605 7306 3604 5413 9807 705 5979 1611 2406 3161 1656 2890 209 3355 2916 6482 2353 1637 7351 5868 3863 9682 7858 3325 6646 7545 4666 7140 2687 7881 1837 5251
135 1038 7076 6524 3126 661 1508 2358 5810 6807 8775 9568 7784 6580 6843 0 1778 9178 9951 6146 3674 6265 6811 6939 3032 770 2574 504 9412 3176 4281 7734 9114 570 8540 137 1282 3917 4608 2024 7390 9051 5413 7021 6833 6661 8185 1865 9663 4842
638 4235 5990 8079 7538 4852 6733 5542 4596 5054 8781 1927 6895 3843 6123 1778 0 5712 1185 8161 4744 8541 2936 7493 9295 3913 9931 5331 9952 3123 7988 5674 2817 8738 9632 9022 4441 9878 6766 4746 6865 8769 1500 756 5567 682 4028 852 9127 1556
9675 1693 8762 148 3756 421 2226 3705 7597 1265 6289 2209 206 4346 6315 9178 5712 0 7817 3348 3929 7254 376 3438 8608 8417 2502 6732 824 597 4052 6577 4410 6664 5229 7085 8318 9223 8187 7153 6038 417 9770 8354 5997 2220 8589 7901 1488 7303
1295 349 4146 6969 473 55 7076 1085 6035 4656 8388 9478 1290 5717 9605 9951 1185 7817 0 4244 3318 7188 2168 8400 5819 7996 9138 4017 6133 5821 8585 6489 8018 1109 5560 8852 4740 2652 3645 5412 7285 1085 828 712 62 1201 2215 5779 6710 6357
1358 6639 8967 5884 4864 79 5092 2330 1504 7564 2551 2348 6675 3452 7306 6146 8161 3348 4244 0 5144 2838 6149 1166 6456 5670 8208 8021 8810 726 3577 4673 6563 1158 9871 4428 4583 3191 5846 1006 1686 8502 9160 288 8439 5191 5282 7352 3125 3586
6078 2819 6172 9865 1815 265 3358 1839 7751 2965 5450 7974 9249 9812 3604 3674 4744 3929 3318 5144 0 9540 4862 9353 1709 5278 8019 6909 8678 275 3657 332 3023 4791 4640 6844 3121 5345 3350 3399 8781 9176 1209 348 6144 4627 5231 7768 1247 2068
345 6471 7981 5406 5243 9869 5140 7509 4354 3943 9069 3490 6760 5631 5413 6265 8541 7254 7188 2838 9540 0 6916 8614 3047 9904 8964 1916 7380 8313 8148 3602 3577 7043 3270 5667 9910 6185 119 7393 9818 7231 6704 4021 2961 3982 231 2098 6504 9369
1924 2210 6168 976 6255 1791 7869 7616 4130 4946 117 1252 8937 6431 9807 6811 2936 376 2168 6149 4862 6916 0 3470 7303 9116 2575 4955 1891 9507 7391 8475 1053 2557 5265 8626 2625 8399 3520 6967 8412 9102 9479 471 5236 3640 1497 4003 9881 204
2183 4160 560 7672 4891 905 998 4326 134 2311 3377 7772 7829 1655 705 6939 7493 3438 8400 1166 9353 8614 3470 0 3120 4419 6763 9217 6340 8494 9230 4561 7343 358 2703 7118 6747 4346 8289 3812 3212 9033 5612 3621 3275 6974 7625 5180 6791 1984
4438 2512 6973 140 6315 1190 312 3587 1263 7150 8551 9626 2439 8981 5979 3032 9295 8608 5819 6456 1709 3047 7303 3120 0 874 6661 4397 6349 2990 1522 1921 599 8567 2488 4711 358 5513 7541 1045 1995 8005 7106 702 712 8325 2654 4634 6364 6356
2058 6751 5926 2041 871 3777 508 8512 3277 6339 4126 892 2577 4442 1611 770 3913 8417 7996 5670 5278 9904 9116 4419 874 0 7634 1514 6234 7993 3661 6320 2747 9703 358 6654 6772 2780 2265 7534 9711 2433 8782 2784 4973 4490 5205 5165 8354 4982
9425 6947 2483 5937 9228 3345 2755 7912 5543 7080 8553 2922 5909 2483 2406 2574 9931 2502 9138 8208 8019 8964 2575 6763 6661 7634 0 6724 2420 2373 7171 9390 695 3250 3924 2965 6482 3872 4866 4273 2160 7602 8809 4179 9734 4986 3843 9170 2753 1695
2430 6160 4303 1978 9853 4206 4194 9890 3180 7921 6501 3520 5167 374 3161 504 5331 6732 4017 8021 6909 1916 4955 9217 4397 1514 6724 0 5810 8074 9722 766 6405 6435 9955 635 9616 4147 6425 6272 6366 3064 8739 8098 4376 8729 1695 6347 1637 4784
9374 7435 1015 8513 1737 351 955 5641 5474 226 1407 3011 9041 6681 1656 9412 9952 824 6133 8810 8678 7380 1891 6340 6349 6234 2420 5810 0 5284 1118 3987 1855 4757 3121 5367 5413 7280 2687 5991 2063 82 6918 466 8650 8774 9280 8835 2917 6958
6062 7220 4796 2543 3659 8849 467 563 6760 8391 420 5877 2650 7736 2890 3176 3123 597 5821 726 275 8313 9507 8494 2990 7993 2373 8074 5284 0 5028 3369 4135 6023 5579 9432 3741 4393 8187 5319 9607 4930 8112 3069 5964 3802 1313 3748 376 7454
3648 2989 2334 1947 9042 1041 1837 8670 2020 3986 3424 4803 7039 6269 209 4281 7988 4052 8585 3577 3657 8148 7391 9230 1522 3661 7171 9722 1118 5028 0 9004 8993 3391 1837 7455 4804 1604 9904 8230 4569 2612 9076 81 4922 5738 3233 989 424 7861
701 8823 1795 7086 8364 1949 3871 3663 3021 1766 7452 183 2040 5192 3355 7734 5674 6577 6489 4673 332 3602 8475 4561 1921 6320 9390 766 3987 3369 9004 0 5284 5572 299 9722 4093 7999 1573 9282 2868 3232 9583 614 9990 3094 9915 2364 4967 1850
2482 9850 5196 9547 2134 6866 6533 6995 1118 6287 544 7981 7467 713 2916 9114 2817 4410 8018 6563 3023 3577 1053 7343 599 2747 695 6405 1855 4135 8993 5284 0 2469 6525 9150 5460 9368 6256 9032 3415 5273 9274 3785 4990 3328 6753 5206 259 7391
1535 604 2229 7113 9695 1785 6503 1860 6039 4710 1382 1769 929 6865 6482 570 8738 6664 1109 1158 4791 7043 2557 358 8567 9703 3250 6435 4757 6023 3391 5572 2469 0 5660 7273 6199 3211 3791 6239 1213 218 6286 2936 853 9998 7063 7782 5552 4505
9220 834 7573 2410 1160 3643 2993 1718 1113 5940 6592 477 1717 4822 2353 8540 9632 5229 5560 9871 4640 3270 5265 2703 2488 358 3924 9955 3121 5579 1837 299 6525 5660 0 7538 1533 9073 901 3769 2905 2205 7351 2476 7003 6990 546 5313 959 4538
3399 1403 9338 8216 6173 6374 3067 7701 242 4194 2060 3477 6361 8207 1637 137 9022 7085 8852 4428 6844 5667 8626 7118 4711 6654 2965 635 5367 9432 7455 9722 9150 7273 7538 0 9150 5650 4123 4040 4644 207 3847 9383 9906 17 791 923 4296 2274
9256 9009 3955 7423 8607 6197 8425 2566 8722 3113 6247 4277 6489 864 7351 1282 4441 8318 4740 4583 3121 9910 2625 6747 358 6772 6482 9616 5413 3741 4804 4093 5460 6199 1533 9150 0 1151 1970 1780 5749 2747 8318 3749 5859 1411 8872 8954 699 9378
2278 4897 470 1228 8784 9692 7592 1704 1825 2862 6336 6038 2469 7273 5868 3917 9878 9223 2652 3191 5345 6185 8399 4346 5513 2780 3872 4147 7280 4393 1604 7999 9368 3211 9073 5650 1151 0 545 2296 1969 9332 6928 5915 4961 7383 6612 4854 1205 5864
5063 3308 330 9232 1585 5460 3556 6840 4816 4960 3465 3461 8948 4336 3863 4608 6766 8187 3645 5846 3350 119 3520 8289 7541 2265 4866 6425 2687 8187 9904 1573 6256 3791 901 4123 1970 545 0 6034 9993 4725 8681 2498 5599 4299 6724 3589 6950 2077
3177 793 6258 7785 5631 3885 9968 6857 8279 8725 5777 7022 4063 7836 9682 2024 4746 7153 5412 1006 3399 7393 6967 3812 1045 7534 4273 6272 5991 5319 8230 9282 9032 6239 3769 4040 1780 2296 6034 0 7733 741 6341 1180 8576 5032 9633 7257 70 9614
1446 7973 9870 9569 130 3766 9929 4731 3283 9119 4186 7408 3354 3338 7858 7390 6865 6038 7285 1686 8781 9818 8412 3212 1995 9711 2160 6366 2063 9607 4569 2868 3415 1213 2905 4644 5749 1969 9993 7733 0 4283 4174 7124 6622 5963 1877 7509 2144 1082
6904 6284 6932 8630 959 1192 106 6186 2306 1906 4550 1014 2791 6205 3325 9051 8769 417 1085 8502 9176 7231 9102 9033 8005 2433 7602 3064 82 4930 2612 3232 5273 218 2205 207 2747 9332 4725 741 4283 0 4280 9651 1374 5107 9003 2096 1090 4679
4573 310 2146 9526 6105 9246 3113 9035 143 3496 8992 5040 7856 7745 6646 5413 1500 9770 828 9160 1209 6704 9479 5612 7106 8782 8809 8739 6918 8112 9076 9583 9274 6286 7351 3847 8318 6928 8681 6341 4174 4280 0 6190 7284 8768 8942 9882 7779 7307
8089 4723 7799 4105 1140 4407 3621 3890 3056 3261 6591 7336 5614 4520 7545 7021 756 8354 712 288 348 4021 471 3621 702 2784 4179 8098 466 3069 81 614 3785 2936 2476 9383 3749 5915 2498 1180 7124 9651 6190 0 5928 8086 6930 9780 3959 5387
512 9316 2178 1050 1894 840 5478 2657 7184 1741 7892 5446 9823 5675 4666 6833 5567 5997 62 8439 6144 2961 5236 3275 712 4973 9734 4376 8650 5964 4922 9990 4990 853 7003 9906 5859 4961 5599 8576 6622 1374 7284 5928 0 1645 2383 9998 5632 6204
3435 9842 5883 944 5196 3740 9204 8068 2332 7698 9750 9473 571 782 7140 6661 682 2220 1201 5191 4627 3982 3640 6974 8325 4490 4986 8729 8774 3802 5738 3094 3328 9998 6990 17 1411 7383 4299 5032 5963 5107 8768 8086 1645 0 6807 2035 4061 15
3323 186 2642 9578 752 3289 7188 8133 3325 640 7855 5433 1309 2917 2687 8185 4028 8589 2215 5282 5231 231 1497 7625 2654 5205 3843 1695 9280 1313 3233 9915 6753 7063 546 791 8872 6612 6724 9633 1877 9003 8942 6930 2383 6807 0 7058 5265 7800
6857 3722 3907 7482 2799 9198 9112 8274 1311 2332 8882 3936 8138 7279 7881 1865 852 7901 5779 7352 7768 2098 4003 5180 4634 5165 9170 6347 8835 3748 989 2364 5206 7782 5313 923 8954 4854 3589 7257 7509 2096 9882 9780 9998 2035 7058 0 1883 2583
5737 8943 9835 3741 3987 9886 7121 4976 3837 7515 1086 9906 6397 930 1837 9663 9127 1488 6710 3125 1247 6504 9881 6791 6364 8354 2753 1637 2917 376 424 4967 259 5552 959 4296 699 1205 6950 70 2144 1090 7779 3959 5632 4061 5265 1883 0 7372
4136 8168 6802 8437 7472 9986 6984 2811 2068 4971 6387 3193 3923 9916 5251 4842 1556 7303 6357 3586 2068 9369 204 1984 6356 4982 1695 4784 6958 7454 7861 1850 7391 4505 4538 2274 9378 5864 2077 9614 1082 4679 7307 5387 6204 15 7800 2583 7372 0
