100
0 2561 7119 7689 9965 1599 8748 9169 9942 7492 6744 1154 8325 3801 2149 4245 7120 6237 5124 7339 4005 6065 850 8400 2670 7140 2459 7020 7982 1146 8809 4794 4681 5344 3607 361 9459 7065 7351 1537 1494 9131 2017 3448 8727 196 5513 6942 2449 1929 806 2771 241 2428 7106 5456 5841 1321 7791 6980 1238 8661 7171 5259 2339 4335 5229 321 7654 5112 1101 6262 4991 7941 753 5516 7859 3303 1518 7789 9643 2213 3258 6852 125 2733 402 9333 9106 9796 7808 9531 6751 3181 5630 7174 6143 3288 9820 1113
2561 0 4124 285 5622 3599 8272 3223 4203 7357 8610 6327 2949 2589 1047 7029 6504 1430 2437 6362 6418 9777 8760 2690 511 5496 2670 7973 9988 5492 2667 8150 4416 3457 249 2232 3768 1238 7650 8292 2934 1194 4984 2593 6478 3430 9061 918 5510 7280 8726 6254 5880 6078 7392 3635 4067 311 9066 4444 3375 5493 1158 4847 4485 1357 3056 1219 3258 9478 4453 6701 1107 3648 4277 9208 7578 146 9680 4953 6232 9445 7342 8591 1371 6287 3140 9973 9322 7756 2483 120 2069 7831 3523 1725 1760 4613 9748 2410
7119 4124 0 2946 4601 4587 8331 6717 6487 3403 4276 4739 7919 9023 2708 4329 1936 720 7091 7547 6228 1951 2399 2742 6650 5671 4185 5242 2676 8055 5818 5392 6322 6485 778 8927 5255 3836 2641 6687 8385 1081 3142 9393 5306 6991 9946 9250 5586 8485 8045 8437 4949 7157 8079 1425 7297 7192 9817 9143 5062 9228 1356 6178 291 9718 4617 1240 4569 8583 856 5141 5838 8161 8805 6577 7285 9527 5866 3731 4919 462 641 4894 9611 2051 3168 9292 3536 9759 2493 6926 5665 3136 2391 9285 8239 7642 3445 1052
7689 285 2946 0 6797 8522 7605 2824 5414 6720 2478 5533 1388 5257 5329 5450 575 6812 676 6739 5654 4129 9747 8851 4967 5690 6748 9154 3464 3071 9408 6260 7756 8293 8905 3704 1258 1615 5191 8306 1482 7765 8989 9434 4801 8532 2559 3716 3261 94 8252 9265 8252 1242 2697 8322 2249 8997 3732 2207 2997 9633 4830 7648 3986 6648 6996 9324 7690 7906 8654 6904 6669 8478 4705 972 3712 7096 5039 5356 5501 5224 4166 2201 2681 6835 6691 402 6055 2270 8700 4931 4030 86 9951 1600 497 5248 2265 7109
9965 5622 4601 6797 0 4148 7883 7469 9972 2519 8844 6598 4914 3893 5106 4490 241 4348 3825 5888 9063 5896 4209 2767 3637 9270 121 8513 4883 448 1253 6580 3823 8420 3885 8049 577 3788 6870 2949 4765 4886 3300 5921 6553 2960 9077 7913 5991 1158 5649 372 7295 9069 4993 543 6284 3198 4693 9880 8245 4417 7661 5703 5503 7984 6145 4718 9112 9719 6394 7593 2684 1210 7021 3389 444 1793 5297 8012 8976 585 5861 3528 3292 6935 8017 8035 9983 3112 6774 8481 8418 9777 4721 9521 2369 6581 7592 6269
1599 3599 4587 8522 4148 0 1123 351 91 4528 7376 1956 2637 8421 1772 2933 4055 6879 3019 6371 6367 7030 777 8373 7512 5880 3886 6327 2377 6340 1365 4104 1912 3830 6152 5930 8783 3597 3884 7671 4555 4477 6801 7399 3600 8292 673 9525 3535 2524 5059 800 9422 8207 7695 8222 5108 752 7029 5988 3779 1342 2933 194 8414 1091 6273 5632 7942 8382 114 4052 2613 9517 5397 4226 1368 3010 5489 225 3349 7779 2417 6558 6589 3816 5433 5125 5036 1665 9146 1009 540 2055 8076 3050 2240 53 822 7557
8748 8272 8331 7605 7883 1123 0 4139 4783 4031 2237 5263 3528 3354 14 3467 1658 4987 5675 1030 7374 2774 6194 9267 4997 4470 7502 8517 5931 942 7295 1142 1161 1640 2342 465 5826 8011 4618 8783 1552 8985 9267 6681 575 7310 8910 1063 4245 9113 5290 4454 2302 1566 8569 5177 7686 730 9691 6821 2814 4439 9408 2508 315 1973 4037 3343 7114 2663 3110 2093 6228 6385 2950 1451 6372 1634 2586 1601 7050 7910 4902 9205 1795 7816 2045 2199 6116 7227 264 1495 5516 179 143 5479 2562 1234 5662 6474
9169 3223 6717 2824 7469 351 4139 0 1749 1008 8390 5757 5098 2883 7178 5057 4941 3494 733 4754 9968 9063 8575 2786 7462 1482 2574 1410 9607 8106 4434 1508 5698 9250 1190 5914 8939 1630 4949 3359 7466 3659 8148 8098 9136 5289 4694 7914 4532 9332 7519 217 5327 3469 9652 2218 8375 477 247 9771 253 3791 6700 9941 4644 5668 3314 9796 6657 4732 9239 8243 5420 7562 4427 8839 3178 277 9100 2611 6453 2502 6717 3820 1643 4709 9482 1984 6156 9309 9750 7167 7744 6384 2089 4317 1496 3451 9531 652
9942 4203 6487 5414 9972 91 4783 1749 0 2535 2241 9599 9772 3847 3588 4629 2707 4130 9032 72 9477 4663 545 1303 4302 4774 4253 5918 9506 6233 9275 1309 2981 405 9136 7329 6059 6603 8933 7234 1088 209 992 1636 8462 7812 928 5593 5549 7606 6588 6325 9894 669 8257 3460 3788 3357 9380 7990 6859 6592 582 7822 1758 3125 4427 4890 1625 400 6273 6328 8679 6369 5218 1736 8190 6822 411 9272 7784 9748 9559 2677 8688 8425 7269 5653 1488 9022 6179 8702 8543 6417 2760 4708 1667 4555 4209 4518
7492 7357 3403 6720 2519 4528 4031 1008 2535 0 3880 7048 3465 5713 9137 3877 9990 9943 5729 5239 9610 1045 8600 8608 8844 8829 599 7493 8666 3544 3097 1368 2335 3562 8707 5685 2211 7538 8863 8272 1450 8126 2949 4243 9241 4102 256 1963 9757 6466 9282 1850 3024 6116 1091 2146 2190 2816 2451 5976 2579 4171 7765 8609 128 4993 3596 7351 5390 2734 529 3001 3636 5444 8599 4462 6221 8978 4356 8207 1238 8492 3752 7314 4459 5144 8434 9061 2861 7430 3617 1919 2034 8718 5838 7327 7288 9601 7710 3369
6744 8610 4276 2478 8844 7376 2237 8390 2241 3880 0 7520 1375 837 2230 860 372 1741 4726 1922 5857 2089 7442 2660 7414 3605 6814 6878 1871 6699 6060 9328 6086 7536 7745 5271 3867 4557 2330 4525 2037 2818 8957 4273 1467 9031 2973 1693 2316 7510 8838 281 6784 3612 7828 9673 6334 2504 4594 6748 9316 4643 7358 6160 3797 287 6566 2252 1738 9002 2541 8624 3322 7067 8068 5422 1831 3811 5544 1764 644 7461 9047 89 91 4312 6626 5668 8937 1406 5663 5264 8533 9309 7054 5368 1427 8505 4145 2643
1154 6327 4739 5533 6598 1956 5263 5757 9599 7048 7520 0 7477 9308 8142 130 6321 5598 9080 9375 5482 8113 2302 947 9604 5628 5233 9733 3172 9122 5931 7333 3770 4728 84 3551 1833 5028 9483 4842 2431 6916 1662 4732 9696 1350 6136 6325 7597 5136 6884 2368 6298 8793 916 727 3477 1691 8466 4594 622 2193 6481 3723 7109 8949 8541 6929 6232 4552 3486 2625 5914 3737 1599 7423 740 4660 7053 7381 4544 1894 5162 1879 415 2762 6339 390 8456 1767 1614 4360 3309 3380 9326 8457 7228 5647 9421 647
8325 2949 7919 1388 4914 2637 3528 5098 9772 3465 1375 7477 0 966 2076 6436 9266 6615 5001 1092 31 7850 5875 5367 5999 6725 9104 971 6596 5205 65 8448 9811 8389 8540 7907 2231 9548 7819 1551 894 4233 8091 4520 5201 9608 5059 7136 4422 9137 5815 7163 8248 2592 9292 5036 4692 1886 272 3203 8772 7741 6070 4535 4017 1582 1529 6387 1614 1514 2656 6478 5709 1633 8859 9889 6763 625 6667 7397 9933 7262 5273 3228 5575 7631 1369 3065 7782 7001 2678 9874 5304 2306 62 5263 5227 76 1 9935
3801 2589 9023 5257 3893 8421 3354 2883 3847 5713 837 9308 966 0 637 5756 2065 8733 512 4757 228 6585 4001 9884 1984 9585 673 6615 1526 1642 2759 6622 7588 6142 6085 1093 929 9562 5311 7241 9597 7193 6803 1219 7446 6805 5544 2623 3264 4723 1556 3911 1261 5441 3502 1391 5938 3442 1577 5546 907 8749 7973 8731 5041 3981 2794 2180 699 8465 7126 6618 9280 8189 1029 6747 62 1538 8465 1093 4831 9551 8638 6010 9145 8295 6230 1223 853 5687 6921 845 8501 6951 3714 4605 2202 4966 6091 6323
2149 1047 2708 5329 5106 1772 14 7178 3588 9137 2230 8142 2076 637 0 1689 5390 6911 5258 3460 5639 1972 1326 9273 6424 853 4680 506 7135 9911 7600 3227 4384 3471 8673 1326 2915 6638 9207 8813 3140 7091 640 1664 9391 3517 4374 957 2379 572 55 9814 747 6891 655 7200 1113 7383 6184 8858 2560 4689 495 5182 482 6908 8472 8369 1027 8306 3486 4717 8999 3560 3321 3169 3092 1397 1092 2016 6737 397 2270 9447 9817 9875 4797 1902 3940 7713 4496 384 5533 5078 8726 3784 4363 8290 1757 9848
4245 7029 4329 5450 4490 2933 3467 5057 4629 3877 860 130 6436 5756 1689 0 3890 5550 4264 5652 7038 774 8220 5677 923 8134 8716 3008 3491 5080 8422 8864 4980 6898 1182 5603 7523 5692 5203 6665 3667 529 1393 4849 1527 1978 4704 1685 8689 2139 8129 121 5816 5988 266 885 2296 9911 166 443 4845 823 7174 8309 6026 6908 6790 2909 5816 9244 7612 884 3512 4038 110 6880 1661 3935 7862 8976 6801 4058 1484 5459 4064 6747 8152 5942 9818 4468 4149 8726 7832 431 5687 3936 4451 6394 2907 8902
7120 6504 1936 575 241 4055 1658 4941 2707 9990 372 6321 9266 2065 5390 3890 0 1499 3740 4976 6040 3101 881 3450 917 9104 5051 9655 5887 361 4713 7530 1691 7508 2897 101 1627 5332 1560 8431 2972 957 2369 3046 2223 2180 8259 1048 6555 7425 9833 9866 9950 1193 6301 5692 5031 4528 981 2548 759 4022 9741 7964 3548 6663 1120 788 7935 2183 1842 9468 2606 349 2411 5320 6478 7347 1147 6227 4842 9643 2928 2147 3320 5933 6228 4881 593 6130 6410 2825 1493 7801 173 6362 7043 5518 4357 8318
6237 1430 720 6812 4348 6879 4987 3494 4130 9943 1741 5598 6615 8733 6911 5550 1499 0 6143 7521 4144 4903 7951 9956 5011 5178 6029 963 7736 3972 1645 4745 1389 495 8475 6818 371 6592 4974 9781 9550 3958 3623 6083 1849 5473 7914 9520 746 4050 9854 1464 5729 1113 2209 2800 9276 9448 6411 2674 5355 6370 1083 8362 8368 1694 2184 9791 9203 7104 3290 4829 782 708 881 2577 8987 8035 6775 9077 1832 7102 4158 2426 698 7533 6725 9513 2375 8296 7215 9339 9465 915 7664 6070 7968 7139 3222 3702
5124 2437 7091 676 3825 3019 5675 733 9032 5729 4726 9080 5001 512 5258 4264 3740 6143 0 9598 3549 241 2250 4542 3426 6766 6724 9749 7805 8015 341 7861 4161 8870 1354 7984 5065 6113 2636 7468 8102 1118 9515 1004 3374 790 7496 5251 7915 167 2205 4616 939 3900 3229 8426 9544 6035 6426 2950 6960 8366 63 3543 4732 3049 5070 3192 2917 9005 3973 8218 7949 8194 1183 6556 9197 6901 1003 7366 6552 5518 9209 4664 7111 9268 4801 6464 7130 462 2368 7719 753 2018 4999 4635 8202 3830 664 617
7339 6362 7547 6739 5888 6371 1030 4754 72 5239 1922 9375 1092 4757 3460 5652 4976 7521 9598 0 5109 2565 7474 1316 6957 4639 2539 5491 3368 8735 1467 3882 5515 9157 3197 6475 5375 932 6647 862 1937 6915 1711 6222 4452 7453 2698 4045 4209 573 3150 9865 9231 5868 3567 6639 5034 7169 3322 8147 8318 1170 439 6919 7285 4395 7857 7723 7863 8082 8336 7383 8628 2751 9989 7135 8045 488 1757 5863 2160 267 9541 976 8548 5514 223 188 986 7495 490 8846 8477 8370 2817 1361 2427 5753 4128 2880
4005 6418 6228 5654 9063 6367 7374 9968 9477 9610 5857 5482 31 228 5639 7038 6040 4144 3549 5109 0 9509 9115 1258 2332 4533 553 4147 5906 9512 1962 578 7655 4987 2542 335 6348 2679 7653 6463 3468 5440 1509 317 689 431 4873 5602 2420 1550 4202 5004 2989 8402 7340 193 4159 6689 536 2526 3387 2870 2744 8039 1324 5204 955 4860 1674 8332 3213 8195 1204 6322 765 2992 4827 6331 6607 8053 1672 8134 634 9837 8682 8924 6157 5388 5861 5032 300 1206 9288 6291 4441 1380 4633 3457 9535 7226
6065 9777 1951 4129 5896 7030 2774 9063 4663 1045 2089 8113 7850 6585 1972 774 3101 4903 241 2565 9509 0 5824 842 7514 1348 9533 148 3812 877 2285 7544 9939 1013 8300 2982 80 742 6853 2569 9346 5805 6016 4568 6460 6560 8921 9037 8035 9421 5370 4760 3307 2824 2532 5058 5260 6039 8522 8878 5770 4558 9990 5134 7561 3570 2803 5460 2184 6052 8061 620 9862 1786 549 8030 75 5956 9585 9552 1454 7542 6383 353 6359 8869 8094 5254 5221 3259 1633 4018 6448 9046 4009 2235 9804 5038 90 8238
850 8760 2399 9747 4209 777 6194 8575 545 8600 7442 2302 5875 4001 1326 8220 881 7951 2250 7474 9115 5824 0 3700 8387 1483 8706 8598 959 9028 4884 7081 4389 5146 5058 9783 7595 2264 8267 8071 7267 6089 840 4109 9084 3558 933 7019 3384 9761 9411 4181 3642 6882 9569 1505 7685 4233 9185 7858 4125 9203 9131 9099 8951 5355 6154 3935 4593 342 1167 7587 5273 8819 1668 5458 8383 4922 5422 2852 4693 9299 6098 3317 1847 3870 1343 5900 1720 7440 2038 1061 8777 8094 7696 1209 403 6409 3750 6698
8400 2690 2742 8851 2767 8373 9267 2786 1303 8608 2660 947 5367 9884 9273 5677 3450 9956 4542 1316 1258 842 3700 0 2485 3027 9305 659 1646 1297 5568 1532 8711 7425 6438 248 3765 7297 6765 6007 6225 3971 5775 9554 3142 2993 1206 6602 6912 6621 2389 6276 5026 9704 3871 9867 4627 4543 7187 2491 9828 4788 1606 7965 9199 8740 8614 1616 7898 3507 6534 6765 8191 5750 4939 1891 5622 7067 6960 8292 8031 8577 4166 773 8827 850 3295 840 7887 3984 8343 7898 9238 4640 708 2260 5229 4003 9755 1388
2670 511 6650 4967 3637 7512 4997 7462 4302 8844 7414 9604 5999 1984 6424 923 917 5011 3426 6957 2332 7514 8387 2485 0 864 4559 114 8671 3128 3378 8279 10000 4285 8227 5520 5484 7832 1103 7082 7311 8715 8086 1554 9408 2583 7798 5079 6045 1119 5068 2081 7572 6108 8484 8609 8251 530 7684 9933 8852 4981 1351 3207 3383 1728 319 5454 9527 6222 2426 4072 3936 6531 314 1941 2819 9294 9569 9745 2378 1393 6241 5132 1533 3328 9256 5586 1903 8123 5309 3805 6291 6572 9632 3501 3381 6351 3202 3094
7140 5496 5671 5690 9270 5880 4470 1482 4774 8829 3605 5628 6725 9585 853 8134 9104 5178 6766 4639 4533 1348 1483 3027 864 0 3311 2474 1461 413 5338 2904 6858 3453 9572 6306 2371 4728 3209 2342 3023 8320 9181 9557 877 5773 448 8013 4268 6344 2945 4322 3838 2157 5371 4918 3348 1117 3618 4080 7738 4616 5725 4727 835 5860 7622 7870 9728 8765 8993 8876 1277 7830 7115 529 5990 4019 5677 4381 2447 4324 8613 4110 9175 5933 2457 8167 1378 4480 7076 1646 2111 2412 949 4093 4000 8317 4133 9708
2459 2670 4185 6748 121 3886 7502 2574 4253 599 6814 5233 9104 673 4680 8716 5051 6029 6724 2539 553 9533 8706 9305 4559 3311 0 8557 6001 2611 8595 659 4617 9451 3734 7229 6572 1285 103 3138 3923 5182 8024 3149 4673 7491 2646 1063 7399 334 6488 3365 6109 3184 3381 5679 9500 21 9074 8281 7178 6698 1378 2825 1558 8133 2250 5724 1832 2806 3928 4715 243 7056 595 9950 7047 3918 2545 9973 5221 896 3531 893 3641 3354 7894 8880 8325 8577 257 970 9213 9014 8131 2467 5833 7308 2045 6433
7020 7973 5242 9154 8513 6327 8517 1410 5918 7493 6878 9733 971 6615 506 3008 9655 963 9749 5491 4147 148 8598 659 114 2474 8557 0 2179 2866 9592 7550 3652 5663 5063 5763 8020 3747 28 6136 2442 6404 3760 5468 9055 6537 6152 9995 114 6037 191 9952 5451 4971 139 747 4096 5273 5475 1664 2775 6418 8185 1721 2727 7421 1084 8750 6838 9821 4560 2681 4742 8614 5111 7341 7328 6226 1869 3228 8019 5191 7080 9229 3895 1575 4921 6035 3717 5991 9075 1711 6132 4687 9566 1081 2292 8468 4976 4622
7982 9988 2676 3464 4883 2377 5931 9607 9506 8666 1871 3172 6596 1526 7135 3491 5887 7736 7805 3368 5906 3812 959 1646 8671 1461 6001 2179 0 4103 9667 2235 4190 4294 746 8561 7080 3507 3895 3153 4104 829 2701 3082 1819 7750 3044 5828 6261 9896 2396 9052 7153 7197 6700 6353 4244 4479 3401 2808 3961 682 7444 1091 3693 5192 4638 3874 8348 3399 6075 9802 4422 5976 6848 1728 426 8579 7597 1180 279 1771 8695 9743 7903 3698 2194 1356 662 170 937 5328 8981 2678 3850 3162 5031 4793 8609 2173
1146 5492 8055 3071 448 6340 942 8106 6233 3544 6699 9122 5205 1642 9911 5080 361 3972 8015 8735 9512 877 9028 1297 3128 413 2611 2866 4103 0 3552 2938 2757 1698 2508 2366 2103 2232 8047 3954 769 3687 8419 6883 9937 1312 8096 8737 6972 5501 3897 3534 7415 9018 8621 7067 6409 5249 9031 3577 443 5456 5016 2186 8916 8857 4477 8178 6732 4377 4967 3564 10000 5094 7940 5921 261 3275 8611 6729 2808 4783 7437 8669 8841 4348 2351 2416 8761 5666 7115 4257 3405 2136 9383 4890 9174 7868 5018 4111
8809 2667 5818 9408 1253 1365 7295 4434 9275 3097 6060 5931 65 2759 7600 8422 4713 1645 341 1467 1962 2285 4884 5568 3378 5338 8595 9592 9667 3552 0 7019 3117 9426 7975 4113 2108 3174 7266 6072 3291 7527 510 9484 963 3051 6159 8574 3435 5793 7980 3803 9244 1149 1855 8753 8176 7296 9304 338 3019 4890 7448 6635 1851 7819 6223 9616 7169 9923 4290 4029 502 7809 192 8256 3460 5035 7828 9009 6899 5595 7149 8450 397 5800 6829 8766 3062 1750 3085 9634 5442 1466 8041 9510 6742 1241 5645 4424
4794 8150 5392 6260 6580 4104 1142 1508 1309 1368 9328 7333 8448 6622 3227 8864 7530 4745 7861 3882 578 7544 7081 1532 8279 2904 659 7550 2235 2938 7019 0 8276 2776 9952 6132 8000 7236 8483 2420 2396 8543 4242 489 9586 9376 9372 8550 981 1075 1351 6279 2523 9512 4037 2395 7951 6740 4792 8539 3315 219 1409 4228 6399 3558 8954 1337 627 6518 3447 1518 3647 2709 1531 5947 3741 9727 6900 5611 3395 7043 5179 8577 1925 7148 4697 9806 1012 2507 9494 8457 6388 9539 3478 1982 6812 839 4263 9267
4681 4416 6322 7756 3823 1912 1161 5698 2981 2335 6086 3770 9811 7588 4384 4980 1691 1389 4161 5515 7655 9939 4389 8711 10000 6858 4617 3652 4190 2757 3117 8276 0 2519 6898 6485 4975 3132 6266 4898 7475 1903 8959 1038 3714 9436 3390 7771 7037 5481 170 1862 1231 5889 8476 8588 7978 2198 3386 8744 6914 8727 2519 7366 4838 5700 3508 2979 1455 5124 2252 90 3682 351 1844 688 9324 7009 679 6600 2923 6117 511 2973 8029 1601 5068 1892 2651 6235 4163 8163 4155 8610 1283 5490 631 3940 18 6055
5344 3457 6485 8293 8420 3830 1640 9250 405 3562 7536 4728 8389 6142 3471 6898 7508 495 8870 9157 4987 1013 5146 7425 4285 3453 9451 5663 4294 1698 9426 2776 2519 0 8531 595 4077 9327 2882 1675 5161 599 9774 529 5834 9720 9529 5148 911 2149 9962 1773 7783 3606 9035 9091 8148 1388 2750 4767 8100 4942 1641 3325 7942 7326 8920 9410 7967 7201 1768 7340 813 4056 8771 6704 7727 9987 4051 8675 3353 6750 5730 2175 1512 4737 0 7571 4216 7598 6272 8431 171 9604 3103 3703 7313 610 6412 6562
3607 249 778 8905 3885 6152 2342 1190 9136 8707 7745 84 8540 6085 8673 1182 2897 8475 1354 3197 2542 8300 5058 6438 8227 9572 3734 5063 746 2508 7975 9952 6898 8531 0 1867 9086 7288 5032 5292 3030 4160 3425 7423 9555 1678 3061 1173 1975 5262 3427 8179 534 493 7923 1611 8653 6641 8640 6909 5351 2700 5997 2606 5415 7363 1444 1524 6987 1960 4581 5770 6521 7394 731 5596 2368 5379 634 992 8522 9707 8273 2021 8015 4846 7399 6742 1011 7371 6427 9625 3007 3508 3975 9421 9398 322 6572 5346
361 2232 8927 3704 8049 5930 465 5914 7329 5685 5271 3551 7907 1093 1326 5603 101 6818 7984 6475 335 2982 9783 248 5520 6306 7229 5763 8561 2366 4113 6132 6485 595 1867 0 8729 4982 9757 3036 2446 3907 881 324 4359 6589 4709 576 4650 9550 85 1963 4992 7678 7791 8395 4776 8400 3912 4723 2244 1871 4966 2271 9826 3866 3657 6863 4670 4886 9226 2977 1929 2054 6550 5967 8340 9427 4219 9151 6887 8393 2066 9191 3130 4956 6625 7285 9446 9281 342 1967 743 6469 5398 4493 1802 7576 5445 8893
9459 3768 5255 1258 577 8783 5826 8939 6059 2211 3867 1833 2231 929 2915 7523 1627 371 5065 5375 6348 80 7595 3765 5484 2371 6572 8020 7080 2103 2108 8000 4975 4077 9086 8729 0 4931 3938 3518 9741 7432 3134 815 8990 3552 443 5093 4051 5053 1205 9568 5153 6507 577 5767 9377 7700 5702 3195 7869 2235 4968 1856 4657 5847 3496 9924 809 3071 6630 7421 8227 3063 8935 6536 1693 9210 8587 7894 4362 3792 1452 772 9603 7402 868 2074 9635 9290 5415 7041 3887 9804 9504 6163 6429 3737 9347 3170
7065 1238 3836 1615 3788 3597 8011 1630 6603 7538 4557 5028 9548 9562 6638 5692 5332 6592 6113 932 2679 742 2264 7297 7832 4728 1285 3747 3507 2232 3174 7236 3132 9327 7288 4982 4931 0 5925 7731 1423 5491 885 905 925 3458 9997 9262 7524 6981 1110 3210 253 2060 3219 3056 3507 9070 9526 8866 7833 4168 6107 9770 3030 6518 2809 376 7516 1668 3812 9374 8924 2495 9006 7188 2595 6384 4610 8812 2774 3023 9693 2925 2740 7920 8426 795 951 8660 4040 5960 1408 9203 1654 2589 9726 8964 2415 8315
7351 7650 2641 5191 6870 3884 4618 4949 8933 8863 2330 9483 7819 5311 9207 5203 1560 4974 2636 6647 7653 6853 8267 6765 1103 3209 103 28 3895 8047 7266 8483 6266 2882 5032 9757 3938 5925 0 790 4332 2956 568 1534 2878 3675 2992 6817 3595 6292 4937 2179 9778 5159 8055 2212 6757 932 6931 3771 6122 1461 2206 1405 3421 1027 425 2560 6938 2548 3775 2626 9759 151 5088 2937 3595 5353 3821 8553 5048 1316 6642 8247 1143 4595 3591 7849 3931 864 7630 3820 8632 1936 6853 9244 1289 7347 4404 6178
1537 8292 6687 8306 2949 7671 8783 3359 7234 8272 4525 4842 1551 7241 8813 6665 8431 9781 7468 862 6463 2569 8071 6007 7082 2342 3138 6136 3153 3954 6072 2420 4898 1675 5292 3036 3518 7731 790 0 3677 1200 9284 5290 777 2678 1934 7032 8876 5747 4029 5794 3048 5172 6188 2070 1964 8347 6471 9268 9498 9789 9239 8235 3163 9715 2752 9306 947 432 4826 5127 6210 132 8510 7798 9863 8687 8737 374 3376 1165 1177 5194 1956 8131 9613 9626 1761 6228 3664 8498 753 7323 4455 7727 9720 6129 8696 5768
1494 2934 8385 1482 4765 4555 1552 7466 1088 1450 2037 2431 894 9597 3140 3667 2972 9550 8102 1937 3468 9346 7267 6225 7311 3023 3923 2442 4104 769 3291 2396 7475 5161 3030 2446 9741 1423 4332 3677 0 269 1451 6563 9759 6233 6814 4750 6256 2584 1858 6852 5571 1785 7166 3150 1484 8189 31 3604 7061 9891 7605 9522 3342 7510 5393 3371 1873 2909 6522 7383 5040 2127 2677 8239 7912 7238 2655 4827 5024 6508 2189 8224 7339 3350 4539 8033 149 7625 6033 8850 9363 169 3852 8930 9096 1624 8124 4915
9131 1194 1081 7765 4886 4477 8985 3659 209 8126 2818 6916 4233 7193 7091 529 957 3958 1118 6915 5440 5805 6089 3971 8715 8320 5182 6404 829 3687 7527 8543 1903 599 4160 3907 7432 5491 2956 1200 269 0 5626 7096 5901 9312 722 4860 9598 9831 1686 759 4096 9571 5460 124 5042 2805 6495 5605 231 8068 6232 9015 1401 8910 2546 7388 1328 291 4583 6239 9473 9290 9066 8858 656 4157 8223 4499 3709 3243 2093 7604 8116 3335 352 6191 2816 1403 8990 9010 475 5737 1707 8241 7942 5152 6332 9002
2017 4984 3142 8989 3300 6801 9267 8148 992 2949 8957 1662 8091 6803 640 1393 2369 3623 9515 1711 1509 6016 840 5775 8086 9181 8024 3760 2701 8419 510 4242 8959 9774 3425 881 3134 885 568 9284 1451 5626 0 5789 9343 398 3090 8613 2349 5607 4409 3689 2362 4301 522 6002 7491 2690 3375 622 308 4056 6557 4814 7978 3945 9481 4996 8158 3375 2190 9003 5468 9870 6 3634 1733 608 7271 2819 1407 6368 6925 1035 3413 2224 3275 1049 547 8309 5714 7059 8788 1503 3649 9972 8574 7141 803 6891
3448 2593 9393 9434 5921 7399 6681 8098 1636 4243 4273 4732 4520 1219 1664 4849 3046 6083 1004 6222 317 4568 4109 9554 1554 9557 3149 5468 3082 6883 9484 489 1038 529 7423 324 815 905 1534 5290 6563 7096 5789 0 1886 5634 8988 16 9454 7960 5622 3888 4448 8909 2308 1825 8338 5514 9383 1069 1745 5167 5930 3919 421 164 926 6996 9392 5384 147 8903 6054 2404 7503 1138 2029 2138 8432 7279 8293 5213 6047 9203 7018 1254 5659 6 9690 2099 6221 2935 3456 3463 1981 9333 8446 471 7254 3185
8727 6478 5306 4801 6553 3600 575 9136 8462 9241 1467 9696 5201 7446 9391 1527 2223 1849 3374 4452 689 6460 9084 3142 9408 877 4673 9055 1819 9937 963 9586 3714 5834 9555 4359 8990 925 2878 777 9759 5901 9343 1886 0 9702 4196 5896 2425 5451 4507 9724 1672 8291 3449 1583 1854 4956 8559 7526 5796 8877 8320 658 9614 4649 3683 4013 8257 1974 4265 7544 382 4789 2772 6213 3019 8256 7533 713 3061 8459 20 4373 597 1546 5643 1935 3339 983 3707 3188 7182 6116 6621 355 2659 5881 7884 6137
196 3430 6991 8532 2960 8292 7310 5289 7812 4102 9031 1350 9608 6805 3517 1978 2180 5473 790 7453 431 6560 3558 2993 2583 5773 7491 6537 7750 1312 3051 9376 9436 9720 1678 6589 3552 3458 3675 2678 6233 9312 398 5634 9702 0 6892 90 8392 6252 7622 2574 4908 9144 943 1848 5135 5642 1107 8360 8830 9122 2416 2334 6992 1730 3479 8578 2257 231 4876 2991 7479 7811 3212 7966 599 9338 9239 6925 9464 6570 5187 3405 6171 394 2100 7976 317 1180 6271 9110 9023 5190 7734 5851 486 1909 3823 3909
5513 9061 9946 2559 9077 673 8910 4694 928 256 2973 6136 5059 5544 4374 4704 8259 7914 7496 2698 4873 8921 933 1206 7798 448 2646 6152 3044 8096 6159 9372 3390 9529 3061 4709 443 9997 2992 1934 6814 722 3090 8988 4196 6892 0 1911 7492 6991 8574 9032 8576 2846 6962 4579 3410 4440 5593 3896 2977 4470 6887 780 7944 6542 8053 8258 6793 1477 64 1172 3338 9273 8983 4219 8206 9856 7530 2192 5439 8752 1826 365 7146 5723 9901 1673 1890 2946 9996 7673 9370 1934 7542 4863 683 3255 4600 4782
6942 918 9250 3716 7913 9525 1063 7914 5593 1963 1693 6325 7136 2623 957 1685 1048 9520 5251 4045 5602 9037 7019 6602 5079 8013 1063 9995 5828 8737 8574 8550 7771 5148 1173 576 5093 9262 6817 7032 4750 4860 8613 16 5896 90 1911 0 2693 8058 4759 7309 374 9823 7481 7695 8438 44 3219 3903 5800 1124 9616 2650 2634 577 3164 7356 9261 6119 3614 702 6657 4067 8697 3543 3723 9077 3429 6871 8779 8018 5539 3505 8542 3300 1146 9437 4470 5090 3003 4543 96 8787 6712 3434 3165 8481 7193 4274
2449 5510 5586 3261 5991 3535 4245 4532 5549 9757 2316 7597 4422 3264 2379 8689 6555 746 7915 4209 2420 8035 3384 6912 6045 4268 7399 114 6261 6972 3435 981 7037 911 1975 4650 4051 7524 3595 8876 6256 9598 2349 9454 2425 8392 7492 2693 0 1959 1353 4719 7539 3476 9136 8197 8160 8911 2358 2930 9646 808 669 5800 8675 1120 2741 8066 496 9604 8057 8987 2225 945 8565 6539 5758 6420 6032 5104 9130 5149 9183 9155 5441 4152 9800 8392 8920 1914 1951 4156 7183 960 8340 5599 2598 8119 3365 4701
1929 7280 8485 94 1158 2524 9113 9332 7606 6466 7510 5136 9137 4723 572 2139 7425 4050 167 573 1550 9421 9761 6621 1119 6344 334 6037 9896 5501 5793 1075 5481 2149 5262 9550 5053 6981 6292 5747 2584 9831 5607 7960 5451 6252 6991 8058 1959 0 8856 7695 1042 3543 1961 593 2191 3133 7386 5802 6706 4697 5952 5078 4001 8932 9053 1928 8770 4192 4402 5818 948 633 3183 8844 206 4556 5218 4930 9004 3633 5112 9430 1549 8779 2783 2798 568 2251 1300 7177 782 6334 7266 9679 9888 5604 1238 9392
806 8726 8045 8252 5649 5059 5290 7519 6588 9282 8838 6884 5815 1556 55 8129 9833 9854 2205 3150 4202 5370 9411 2389 5068 2945 6488 191 2396 3897 7980 1351 170 9962 3427 85 1205 1110 4937 4029 1858 1686 4409 5622 4507 7622 8574 4759 1353 8856 0 1073 2895 9715 4201 1060 5900 7108 4631 7476 5648 285 5009 5698 3490 6949 8789 4546 5397 959 7190 6256 7910 8344 4228 7624 5769 6291 5255 6873 2004 8493 4217 2541 1504 7726 4329 70 2771 2943 1366 4372 2250 2645 3049 6202 590 4417 4327 2034
2771 6254 8437 9265 372 800 4454 217 6325 1850 281 2368 7163 3911 9814 121 9866 1464 4616 9865 5004 4760 4181 6276 2081 4322 3365 9952 9052 3534 3803 6279 1862 1773 8179 1963 9568 3210 2179 5794 6852 759 3689 3888 9724 2574 9032 7309 4719 7695 1073 0 9615 978 1306 4375 9765 3947 4696 9491 2397 5045 971 7814 8009 5180 8871 3957 9366 8166 608 2265 4213 5518 523 2271 6952 2454 8071 7394 7831 77 4266 7675 9448 6848 6797 9693 9439 6625 9046 7894 9268 8441 4717 6158 706 3028 891 9312
241 5880 4949 8252 7295 9422 2302 5327 9894 3024 6784 6298 8248 1261 747 5816 9950 5729 939 9231 2989 3307 3642 5026 7572 3838 6109 5451 7153 7415 9244 2523 1231 7783 534 4992 5153 253 9778 3048 5571 4096 2362 4448 1672 4908 8576 374 7539 1042 2895 9615 0 8826 6494 4128 5700 8376 1137 1785 2284 2700 7508 5252 6445 3921 2673 2509 2457 6025 1848 89 4471 3604 9224 2558 372 2571 3473 7022 4270 9422 5394 5125 17 6562 2095 7423 6346 1448 8772 8356 2293 1777 3575 3835 7028 9653 4962 9942
2428 6078 7157 1242 9069 8207 1566 3469 669 6116 3612 8793 2592 5441 6891 5988 1193 1113 3900 5868 8402 2824 6882 9704 6108 2157 3184 4971 7197 9018 1149 9512 5889 3606 493 7678 6507 2060 5159 5172 1785 9571 4301 8909 8291 9144 2846 9823 3476 3543 9715 978 8826 0 6520 9869 7864 4541 9404 3517 5868 3962 56 2537 7473 2303 2524 570 4407 7678 961 7281 3908 5142 4786 8295 3851 7759 6621 5397 8371 918 8321 169 3284 9392 3309 177 6492 9566 944 735 5269 121 879 5291 705 8974 4363 4435
7106 7392 8079 2697 4993 7695 8569 9652 8257 1091 7828 916 9292 3502 655 266 6301 2209 3229 3567 7340 2532 9569 3871 8484 5371 3381 139 6700 8621 1855 4037 8476 9035 7923 7791 577 3219 8055 6188 7166 5460 522 2308 3449 943 6962 7481 9136 1961 4201 1306 6494 6520 0 3822 6641 8782 1478 7162 5439 3417 2401 8991 4146 9646 4542 7504 2182 1693 7755 9000 9727 9024 1935 7979 7635 2152 4757 238 2293 1541 494 692 9317 951 4537 4818 6634 9765 1079 7483 9410 3202 50 7174 8091 1628 2633 5192
5456 3635 1425 8322 543 8222 5177 2218 3460 2146 9673 727 5036 1391 7200 885 5692 2800 8426 6639 193 5058 1505 9867 8609 4918 5679 747 6353 7067 8753 2395 8588 9091 1611 8395 5767 3056 2212 2070 3150 124 6002 1825 1583 1848 4579 7695 8197 593 1060 4375 4128 9869 3822 0 8748 1931 6928 1105 4755 2188 256 2190 8214 5218 8113 4649 1267 2290 501 1193 5520 2887 1697 7924 911 4332 4005 2703 4343 7464 1207 1785 3235 2039 2108 3244 3255 4327 7863 5751 4133 8215 6561 8602 6156 9320 8018 5187
5841 4067 7297 2249 6284 5108 7686 8375 3788 2190 6334 3477 4692 5938 1113 2296 5031 9276 9544 5034 4159 5260 7685 4627 8251 3348 9500 4096 4244 6409 8176 7951 7978 8148 8653 4776 9377 3507 6757 1964 1484 5042 7491 8338 1854 5135 3410 8438 8160 2191 5900 9765 5700 7864 6641 8748 0 1028 1650 4214 4433 6689 6908 5397 1870 611 8794 6650 25 2163 4225 2207 28 9748 6808 194 6573 6833 9937 556 4187 4828 1522 9927 8817 6552 7588 5901 3887 6975 7731 6284 2930 8142 7363 1899 5804 1441 3306 8301
1321 311 7192 8997 3198 752 730 477 3357 2816 2504 1691 1886 3442 7383 9911 4528 9448 6035 7169 6689 6039 4233 4543 530 1117 21 5273 4479 5249 7296 6740 2198 1388 6641 8400 7700 9070 932 8347 8189 2805 2690 5514 4956 5642 4440 44 8911 3133 7108 3947 8376 4541 8782 1931 1028 0 457 1313 4552 5977 4337 8480 9706 6970 3634 6825 7637 8759 9067 914 2918 8184 4612 6702 131 7561 4590 8420 3554 1388 9237 7121 1502 1060 2282 447 782 4056 9771 8475 4863 3552 4350 5265 5162 1397 5351 3429
7791 9066 9817 3732 4693 7029 9691 247 9380 2451 4594 8466 272 1577 6184 166 981 6411 6426 3322 536 8522 9185 7187 7684 3618 9074 5475 3401 9031 9304 4792 3386 2750 8640 3912 5702 9526 6931 6471 31 6495 3375 9383 8559 1107 5593 3219 2358 7386 4631 4696 1137 9404 1478 6928 1650 457 0 1312 8723 9792 7081 8063 4241 3306 4038 5232 2792 8643 3075 1736 594 5925 2431 2462 6425 5755 5327 2475 6696 4032 8811 8567 2364 9549 6191 1223 2977 4619 2079 4673 7353 2182 698 4932 2450 9972 6792 4095
6980 4444 9143 2207 9880 5988 6821 9771 7990 5976 6748 4594 3203 5546 8858 443 2548 2674 2950 8147 2526 8878 7858 2491 9933 4080 8281 1664 2808 3577 338 8539 8744 4767 6909 4723 3195 8866 3771 9268 3604 5605 622 1069 7526 8360 3896 3903 2930 5802 7476 9491 1785 3517 7162 1105 4214 1313 1312 0 3270 564 2182 9585 708 9658 5069 1934 2225 1509 1911 8841 6892 2628 2890 6306 1246 2387 4074 5604 3751 3039 1405 3996 7671 7415 3237 8595 4301 4522 1551 2239 4899 149 2342 5542 3175 4643 9050 2577
1238 3375 5062 2997 8245 3779 2814 253 6859 2579 9316 622 8772 907 2560 4845 759 5355 6960 8318 3387 5770 4125 9828 8852 7738 7178 2775 3961 443 3019 3315 6914 8100 5351 2244 7869 7833 6122 9498 7061 231 308 1745 5796 8830 2977 5800 9646 6706 5648 2397 2284 5868 5439 4755 4433 4552 8723 3270 0 5100 5626 7545 6851 7437 4828 1143 7311 3794 8385 1419 7095 5898 2738 6102 8790 4430 6845 8753 4763 1321 352 9068 3796 73 3655 9476 5799 8117 2789 4154 8778 969 5871 7320 9769 721 2646 1670
8661 5493 9228 9633 4417 1342 4439 3791 6592 4171 4643 2193 7741 8749 4689 823 4022 6370 8366 1170 2870 4558 9203 4788 4981 4616 6698 6418 682 5456 4890 219 8727 4942 2700 1871 2235 4168 1461 9789 9891 8068 4056 5167 8877 9122 4470 1124 808 4697 285 5045 2700 3962 3417 2188 6689 5977 9792 564 5100 0 7891 8064 4651 226 1936 1426 8906 5372 331 5175 2461 7482 8961 9202 6151 9941 9810 10 7224 6776 6359 6506 5023 2347 2587 367 4156 9340 5038 8578 8557 6996 3176 1750 1688 1153 6391 1525
7171 1158 1356 4830 7661 2933 9408 6700 582 7765 7358 6481 6070 7973 495 7174 9741 1083 63 439 2744 9990 9131 1606 1351 5725 1378 8185 7444 5016 7448 1409 2519 1641 5997 4966 4968 6107 2206 9239 7605 6232 6557 5930 8320 2416 6887 9616 669 5952 5009 971 7508 56 2401 256 6908 4337 7081 2182 5626 7891 0 1762 5451 2086 128 8114 9746 168 7836 1554 3105 2926 6961 6192 313 5656 9116 6587 3661 9184 5607 9010 9757 7598 8635 7828 8804 6606 138 6347 6944 7453 2644 7511 415 6983 5518 3923
5259 4847 6178 7648 5703 194 2508 9941 7822 8609 6160 3723 4535 8731 5182 8309 7964 8362 3543 6919 8039 5134 9099 7965 3207 4727 2825 1721 1091 2186 6635 4228 7366 3325 2606 2271 1856 9770 1405 8235 9522 9015 4814 3919 658 2334 780 2650 5800 5078 5698 7814 5252 2537 8991 2190 5397 8480 8063 9585 7545 8064 1762 0 8878 3545 7589 8764 5380 7543 73 9412 8230 274 2345 2728 1325 2420 5329 8930 3568 2426 7839 6569 7513 3196 3846 2973 3717 4939 9870 1814 1211 2765 2555 9509 7226 6541 1322 3140
2339 4485 291 3986 5503 8414 315 4644 1758 128 3797 7109 4017 5041 482 6026 3548 8368 4732 7285 1324 7561 8951 9199 3383 835 1558 2727 3693 8916 1851 6399 4838 7942 5415 9826 4657 3030 3421 3163 3342 1401 7978 421 9614 6992 7944 2634 8675 4001 3490 8009 6445 7473 4146 8214 1870 9706 4241 708 6851 4651 5451 8878 0 6132 2383 883 1758 157 9113 7842 2119 3451 9910 3190 1788 1056 9342 6471 5392 45 6896 927 5938 2734 9309 5440 3247 3622 4152 6365 6741 3362 3723 3151 9006 1826 7318 7092
4335 1357 9718 6648 7984 1091 1973 5668 3125 4993 287 8949 1582 3981 6908 6908 6663 1694 3049 4395 5204 3570 5355 8740 1728 5860 8133 7421 5192 8857 7819 3558 5700 7326 7363 3866 5847 6518 1027 9715 7510 8910 3945 164 4649 1730 6542 577 1120 8932 6949 5180 3921 2303 9646 5218 611 6970 3306 9658 7437 226 2086 3545 6132 0 6793 1572 1406 9772 4235 7333 896 9684 5262 571 3881 8407 9663 7892 7389 3617 9614 4774 6541 7311 4104 6983 7224 7393 1820 5045 7989 7617 7771 274 3268 5740 4814 9990
5229 3056 4617 6996 6145 6273 4037 3314 4427 3596 6566 8541 1529 2794 8472 6790 1120 2184 5070 7857 955 2803 6154 8614 319 7622 2250 1084 4638 4477 6223 8954 3508 8920 1444 3657 3496 2809 425 2752 5393 2546 9481 926 3683 3479 8053 3164 2741 9053 8789 8871 2673 2524 4542 8113 8794 3634 4038 5069 4828 1936 128 7589 2383 6793 0 916 7707 6993 7375 8213 8974 2365 9705 6875 7749 5905 1669 1452 8510 5236 2879 8845 234 9124 2799 3412 8037 2213 2599 850 2053 3909 7204 1753 2402 7824 9160 7631
321 1219 1240 9324 4718 5632 3343 9796 4890 7351 2252 6929 6387 2180 8369 2909 788 9791 3192 7723 4860 5460 3935 1616 5454 7870 5724 8750 3874 8178 9616 1337 2979 9410 1524 6863 9924 376 2560 9306 3371 7388 4996 6996 4013 8578 8258 7356 8066 1928 4546 3957 2509 570 7504 4649 6650 6825 5232 1934 1143 1426 8114 8764 883 1572 916 0 877 5419 5414 3818 8917 9375 8750 5199 9475 4352 4678 1595 9390 9415 9886 5526 4281 6830 4682 587 3068 7926 3796 8655 1235 2858 5316 8826 2966 7623 4328 69
7654 3258 4569 7690 9112 7942 7114 6657 1625 5390 1738 6232 1614 699 1027 5816 7935 9203 2917 7863 1674 2184 4593 7898 9527 9728 1832 6838 8348 6732 7169 627 1455 7967 6987 4670 809 7516 6938 947 1873 1328 8158 9392 8257 2257 6793 9261 496 8770 5397 9366 2457 4407 2182 1267 25 7637 2792 2225 7311 8906 9746 5380 1758 1406 7707 877 0 9600 1304 5489 8607 4601 9731 9807 2392 1219 2482 3722 2034 589 2986 9454 7308 4303 9392 9667 3269 3151 9414 3112 7136 4127 4312 4081 8948 4668 3314 6931
5112 9478 8583 7906 9719 8382 2663 4732 400 2734 9002 4552 1514 8465 8306 9244 2183 7104 9005 8082 8332 6052 342 3507 6222 8765 2806 9821 3399 4377 9923 6518 5124 7201 1960 4886 3071 1668 2548 432 2909 291 3375 5384 1974 231 1477 6119 9604 4192 959 8166 6025 7678 1693 2290 2163 8759 8643 1509 3794 5372 168 7543 157 9772 6993 5419 9600 0 8006 7314 1275 4283 7533 2741 5556 6079 7217 6759 5485 5562 2522 6243 9300 9219 5689 8324 456 2585 2394 5216 3776 2751 6003 2099 3489 5290 8526 7625
1101 4453 856 8654 6394 114 3110 9239 6273 529 2541 3486 2656 7126 3486 7612 1842 3290 3973 8336 3213 8061 1167 6534 2426 8993 3928 4560 6075 4967 4290 3447 2252 1768 4581 9226 6630 3812 3775 4826 6522 4583 2190 147 4265 4876 64 3614 8057 4402 7190 608 1848 961 7755 501 4225 9067 3075 1911 8385 331 7836 73 9113 4235 7375 5414 1304 8006 0 8800 7857 1423 9799 311 7668 1456 1504 4026 1607 5310 1744 1241 4763 2578 8381 9325 6376 3735 2455 1431 7494 2441 5657 942 5809 5727 2976 4227
6262 6701 5141 6904 7593 4052 2093 8243 6328 3001 8624 2625 6478 6618 4717 884 9468 4829 8218 7383 8195 620 7587 6765 4072 8876 4715 2681 9802 3564 4029 1518 90 7340 5770 2977 7421 9374 2626 5127 7383 6239 9003 8903 7544 2991 1172 702 8987 5818 6256 2265 89 7281 9000 1193 2207 914 1736 8841 1419 5175 1554 9412 7842 7333 8213 3818 5489 7314 8800 0 4649 9369 2555 4040 9257 7876 5128 2921 437 5353 3802 8872 3592 6368 7182 6647 6793 5668 3882 7144 8842 4408 2608 917 7786 1147 7691 2344
4991 1107 5838 6669 2684 2613 6228 5420 8679 3636 3322 5914 5709 9280 8999 3512 2606 782 7949 8628 1204 9862 5273 8191 3936 1277 243 4742 4422 10000 502 3647 3682 813 6521 1929 8227 8924 9759 6210 5040 9473 5468 6054 382 7479 3338 6657 2225 948 7910 4213 4471 3908 9727 5520 28 2918 594 6892 7095 2461 3105 8230 2119 896 8974 8917 8607 1275 7857 4649 0 5826 5761 134 7174 5109 7582 2321 9826 1851 9467 3381 8048 3536 6428 6175 4364 476 3951 2475 6005 6871 4042 1287 464 7381 5697 209
7941 3648 8161 8478 1210 9517 6385 7562 6369 5444 7067 3737 1633 8189 3560 4038 349 708 8194 2751 6322 1786 8819 5750 6531 7830 7056 8614 5976 5094 7809 2709 351 4056 7394 2054 3063 2495 151 132 2127 9290 9870 2404 4789 7811 9273 4067 945 633 8344 5518 3604 5142 9024 2887 9748 8184 5925 2628 5898 7482 2926 274 3451 9684 2365 9375 4601 4283 1423 9369 5826 0 2764 9774 8557 1208 8798 2755 646 6396 5103 8017 7541 7534 2876 1001 2486 7598 4750 7508 7220 7111 4656 4973 8971 4449 6503 1864
753 4277 8805 4705 7021 5397 2950 4427 5218 8599 8068 1599 8859 1029 3321 110 2411 881 1183 9989 765 549 1668 4939 314 7115 595 5111 6848 7940 192 1531 1844 8771 731 6550 8935 9006 5088 8510 2677 9066 6 7503 2772 3212 8983 8697 8565 3183 4228 523 9224 4786 1935 1697 6808 4612 2431 2890 2738 8961 6961 2345 9910 5262 9705 8750 9731 7533 9799 2555 5761 2764 0 574 4780 8201 2299 9031 7725 2873 9877 4323 4829 1154 5733 5721 1267 1564 8714 8623 3516 8497 8474 4480 1447 6523 878 1263
5516 9208 6577 972 3389 4226 1451 8839 1736 4462 5422 7423 9889 6747 3169 6880 5320 2577 6556 7135 2992 8030 5458 1891 1941 529 9950 7341 1728 5921 8256 5947 688 6704 5596 5967 6536 7188 2937 7798 8239 8858 3634 1138 6213 7966 4219 3543 6539 8844 7624 2271 2558 8295 7979 7924 194 6702 2462 6306 6102 9202 6192 2728 3190 571 6875 5199 9807 2741 311 4040 134 9774 574 0 6806 4020 8224 3648 7735 1884 9824 1809 5666 5491 603 7742 2916 876 3380 872 5266 4826 652 729 5249 417 912 6589
7859 7578 7285 3712 444 1368 6372 3178 8190 6221 1831 740 6763 62 3092 1661 6478 8987 9197 8045 4827 75 8383 5622 2819 5990 7047 7328 426 261 3460 3741 9324 7727 2368 8340 1693 2595 3595 9863 7912 656 1733 2029 3019 599 8206 3723 5758 206 5769 6952 372 3851 7635 911 6573 131 6425 1246 8790 6151 313 1325 1788 3881 7749 9475 2392 5556 7668 9257 7174 8557 4780 6806 0 9206 7831 684 4878 5878 101 4070 8230 8820 1525 8801 3662 7829 2237 2889 1537 8881 1519 7130 1285 7033 7801 850
3303 146 9527 7096 1793 3010 1634 277 6822 8978 3811 4660 625 1538 1397 3935 7347 8035 6901 488 6331 5956 4922 7067 9294 4019 3918 6226 8579 3275 5035 9727 7009 9987 5379 9427 9210 6384 5353 8687 7238 4157 608 2138 8256 9338 9856 9077 6420 4556 6291 2454 2571 7759 2152 4332 6833 7561 5755 2387 4430 9941 5656 2420 1056 8407 5905 4352 1219 6079 1456 7876 5109 1208 8201 4020 9206 0 18 6731 4667 3663 9296 7802 6245 1920 6951 5605 2276 7994 2019 4889 9618 8921 8778 2146 3120 6330 8272 3953
1518 9680 5866 5039 5297 5489 2586 9100 411 4356 5544 7053 6667 8465 1092 7862 1147 6775 1003 1757 6607 9585 5422 6960 9569 5677 2545 1869 7597 8611 7828 6900 679 4051 634 4219 8587 4610 3821 8737 2655 8223 7271 8432 7533 9239 7530 3429 6032 5218 5255 8071 3473 6621 4757 4005 9937 4590 5327 4074 6845 9810 9116 5329 9342 9663 1669 4678 2482 7217 1504 5128 7582 8798 2299 8224 7831 18 0 4086 6557 3100 7759 2853 7440 8464 4776 3077 9229 5088 9182 5315 5548 6394 4696 6205 4863 4953 9258 3813
7789 4953 3731 5356 8012 225 1601 2611 9272 8207 1764 7381 7397 1093 2016 8976 6227 9077 7366 5863 8053 9552 2852 8292 9745 4381 9973 3228 1180 6729 9009 5611 6600 8675 992 9151 7894 8812 8553 374 4827 4499 2819 7279 713 6925 2192 6871 5104 4930 6873 7394 7022 5397 238 2703 556 8420 2475 5604 8753 10 6587 8930 6471 7892 1452 1595 3722 6759 4026 2921 2321 2755 9031 3648 684 6731 4086 0 6797 7827 206 663 1337 9272 7469 3490 5853 2304 420 9109 5861 674 3916 7474 9126 3983 6830 1972
9643 6232 4919 5501 8976 3349 7050 6453 7784 1238 644 4544 9933 4831 6737 6801 4842 1832 6552 2160 1672 1454 4693 8031 2378 2447 5221 8019 279 2808 6899 3395 2923 3353 8522 6887 4362 2774 5048 3376 5024 3709 1407 8293 3061 9464 5439 8779 9130 9004 2004 7831 4270 8371 2293 4343 4187 3554 6696 3751 4763 7224 3661 3568 5392 7389 8510 9390 2034 5485 1607 437 9826 646 7725 7735 4878 4667 6557 6797 0 3666 2223 3517 8835 8286 294 7993 5397 8854 7477 4048 8247 8826 4033 5042 131 2286 4160 9271
2213 9445 462 5224 585 7779 7910 2502 9748 8492 7461 1894 7262 9551 397 4058 9643 7102 5518 267 8134 7542 9299 8577 1393 4324 896 5191 1771 4783 5595 7043 6117 6750 9707 8393 3792 3023 1316 1165 6508 3243 6368 5213 8459 6570 8752 8018 5149 3633 8493 77 9422 918 1541 7464 4828 1388 4032 3039 1321 6776 9184 2426 45 3617 5236 9415 589 5562 5310 5353 1851 6396 2873 1884 5878 3663 3100 7827 3666 0 2848 1806 9672 9021 1628 750 3051 4219 847 1519 1054 2046 8348 7623 9147 8723 118 6195
