150
0 5107 2528 4445 1392 179 9014 2216 2253 1707 4853 9294 9102 4610 5114 664 1538 8115 1787 4959 1148 7360 5715 472 659 1592 9691 6735 2137 1652 2212 5227 4994 5614 7407 1039 972 8829 5024 5786 46 929 5616 4538 1587 170 4223 4108 9982 1926 6188 9506 4478 1097 9847 4292 3517 9136 5556 5342 6904 9703 3287 4107 739 9092 1992 9626 6643 3467 1963 3365 5349 2111 523 3775 8876 9396 6823 9590 1033 4665 7274 2275 3368 3530 2804 3216 4336 2701 647 3018 3441 4223 3316 1672 5781 9494 4824 1571 4573 2604 8387 5252 2216 3208 5707 1755 3580 1800 9219 9102 3184 2327 6023 81 6590 5133 1275 8164 7887 4068 3839 6625 8668 2143 3068 6910 287 9684 3416 5997 7436 1993 1386 8381 3022 5013 3321 4075 437 7581 7707 2722 210 4945 1305 2785 7523 7115
5107 0 847 3420 92 2147 7494 4277 5175 7766 2469 4281 7461 2033 6442 675 1811 5163 6143 1273 16 2681 9533 3058 9951 6692 9784 6591 1846 1463 6560 6317 6691 8207 3579 4221 7950 4041 5808 1892 9341 8103 3774 7533 709 2414 660 4020 4806 7298 3167 4631 4410 6539 6790 6014 1967 2563 5036 4550 5280 7652 6370 5568 4184 5603 700 5784 3733 2967 3048 117 3306 6971 1503 4952 3031 6984 9134 9168 4287 1854 1213 9628 7851 4827 5353 5111 6436 7711 3643 3100 6566 6601 5211 4796 2802 2176 546 7265 2071 6002 4618 7709 8352 7422 2060 6304 4596 5992 2424 3156 1250 8849 508 2990 8521 150 104 8066 6457 9169 9034 9320 948 2045 1069 709 720 5790 8052 9921 9696 1164 346 4811 8484 373 1659 8657 6067 537 7713 3618 4787 7860 2630 2109 1141 9308
2528 847 0 4237 6188 5161 121 9583 9106 183 529 348 196 758 3720 5173 8695 5473 5347 3499 4257 8369 8228 1790 9328 3066 8457 3661 7509 1652 1634 2025 3261 289 7394 7618 5794 2027 4103 2130 285 5517 28 4980 5945 2475 4961 9069 5655 9084 3258 6314 6468 4691 6869 128 5132 2783 993 2702 5399 3644 9174 8561 9859 5736 6502 9523 1496 8241 7014 2865 3832 2621 9841 4282 7923 1236 7226 5976 6748 5585 7272 7002 1904 6108 1287 570 6741 6333 1153 8525 722 6403 525 4078 1948 3810 1414 4667 2541 1463 1527 3726 6692 8762 3272 1266 141 5809 7899 5399 9511 8846 6345 7909 7303 4688 9168 5558 7048 6264 1383 8024 3734 6767 3020 5527 4967 1825 3667 3318 5047 3094 3351 1225 7702 2377 2299 4734 7634 115 7859 4874 3541 2248 9168 567 8044 6833
4445 3420 4237 0 2213 2657 2612 6424 6964 3710 8411 2657 1773 3811 5551 4060 2566 8172 7223 9524 2828 1850 8885 9559 9363 2803 369 5582 7819 1107 1396 2843 4755 7583 4728 9420 8343 9172 6617 6407 8499 9425 5684 4598 6065 1480 941 2502 581 5981 8919 4925 1190 3022 5518 975 2715 2374 3726 7782 4992 9851 1924 6784 562 8481 2444 6770 9707 4284 3400 5424 5831 8601 6704 3367 9568 4595 2377 2658 3690 8270 2844 1486 8942 1978 2657 3911 1423 436 8462 3031 6050 2128 9856 5144 6653 7389 5765 1287 499 7727 5058 8027 496 7242 5770 6395 4061 3584 8083 5874 5313 9344 3425 9249 2082 6317 6222 1905 8005 2065 5224 5790 6201 4838 3966 7657 1644 4730 7507 9228 4851 1092 5624 3514 1446 781 7336 7365 5217 2697 4353 7734 5677 6158 3979 8142 6305 6614
1392 92 6188 2213 0 5958 6642 4316 2735 6535 9796 5416 9073 7027 7104 6417 2686 9069 6380 3724 5049 2533 7053 9332 495 2024 612 5331 9780 9962 4913 6413 2183 1569 8400 6615 6386 6520 17 7244 9322 6605 8588 4251 5894 9139 6553 3049 6163 9533 5383 9200 7262 2894 8969 9217 258 3528 5818 8746 6117 7668 615 5030 6920 6640 6274 9660 2254 3613 4315 8227 8984 5125 9436 7789 3942 9434 2306 8092 9896 2469 1112 3016 4652 5090 8450 7791 6150 3123 7693 1418 5777 2644 4152 5442 3430 1167 3322 3300 2070 4275 5156 5268 8665 6258 8493 2929 7489 2556 6138 9847 244 6229 7675 5318 4192 3488 9366 2678 538 8205 4179 6858 874 4146 2372 661 8315 141 3849 2642 8424 1172 5696 2010 3715 8203 676 7924 9557 8459 3393 8128 1679 1312 4912 2225 5312 8811
179 2147 5161 2657 5958 0 8498 6067 3987 1093 7058 3469 9852 2012 3659 1005 8959 9944 3490 5638 7241 351 6622 3946 73 5841 1673 7212 5509 1191 3027 4585 5587 3538 9816 6700 5896 7383 6315 7229 6379 8481 1093 1252 5453 4890 1136 8662 3186 5658 5004 3208 7740 690 4711 5389 9606 4071 5146 2269 1079 5205 588 6242 8276 5142 8704 7843 1702 3013 1891 9780 1566 1659 4452 94 9554 2978 9043 5206 8893 7351 3318 200 8089 4704 7168 1853 5276 4391 7081 8692 2080 6310 9800 2349 4680 7195 8834 4504 21 5296 4380 4478 3438 6167 1446 9014 3190 563 9089 3397 8600 426 5531 1043 4231 2839 9926 9659 2229 4797 4892 5303 996 6592 4278 2118 7062 4066 152 7751 9190 7833 878 5459 8295 3315 146 7973 3305 3850 7475 1563 4121 7412 7303 3567 363 4761
9014 7494 121 2612 6642 8498 0 7714 6293 5273 6940 1031 4610 8575 9285 2470 9404 4557 332 2755 628 2041 8567 921 1340 8099 4653 532 5506 6509 8715 4914 1569 3939 8151 3150 9109 9203 8210 6498 4179 3309 9473 6915 9987 1982 431 2584 8240 5205 1884 7805 4698 2562 5407 2206 7487 159 242 2388 6714 6110 1625 1563 2712 6734 2022 2200 4470 3734 6038 5222 4711 625 2297 1740 3955 6616 3745 1493 6381 9435 6816 4102 2286 851 3861 5836 9965 913 9542 7959 1116 8225 1155 9275 552 1407 5267 7663 7498 5697 8386 4587 8421 7425 6620 7823 6832 9710 6381 2195 6649 9296 2079 9626 2117 3004 4084 6999 6719 7174 5960 6707 6942 7910 8567 2660 1541 6420 4313 6212 190 2894 2377 8405 6904 4820 6332 6540 6292 4365 9550 6830 3845 617 3701 9000 4734 4005
2216 4277 9583 6424 4316 6067 7714 0 3932 343 4543 130 6088 9494 9211 2845 5634 5835 2903 8232 791 9894 3527 5432 7719 8757 4755 3328 9461 3293 8037 9100 4164 5548 6179 7333 2173 9787 647 4498 699 1309 6280 7069 9673 7026 5344 2831 7863 3021 5141 2497 4052 9669 7388 8309 1952 2206 1514 3257 7798 8894 2100 5390 5157 1359 5334 5561 7391 9376 4469 5753 1226 2301 1471 4329 759 6128 3039 4795 2471 5436 9160 8680 7635 7836 6617 108 674 7045 1897 8795 4912 4364 1531 1029 583 8212 3042 6223 9840 6082 1090 908 9372 8203 1730 5043 4279 5529 2219 2028 9359 3064 241 5741 1735 750 8610 1466 1855 3011 576 2401 3717 376 8767 2456 324 1328 9472 3030 9069 1145 1854 5250 7155 1609 3029 4296 5513 9752 4198 7922 2640 8617 2659 8705 8908 103
2253 5175 9106 6964 2735 3987 6293 3932 0 6001 6349 5374 5291 7060 2119 5683 3945 3612 9367 1374 7632 3733 7195 3824 6233 3952 5772 1444 319 4620 3690 4491 3030 3628 8085 1355 7526 3488 6126 6932 8225 3469 1550 5770 7472 3421 970 8474 3898 2 6394 382 8719 7257 2745 4593 1594 9820 8453 9700 2177 5512 6111 4222 2945 6961 7656 9203 927 6389 8922 4619 4625 5017 1036 7739 1783 1091 5555 2035 1674 7925 8250 493 5457 9106 8671 2997 5290 4732 1497 355 1524 1922 2395 5842 4150 1579 4902 3428 9132 3738 5271 281 8354 5449 2738 7730 3074 5364 7901 8277 8251 3996 317 5936 9952 6448 5129 9863 5806 2780 1701 7394 1914 2088 3838 1227 4817 7652 7765 9647 8687 9589 124 7761 6577 2095 8894 2492 2424 3472 1031 8206 852 6107 8402 4243 5769 4564
1707 7766 183 3710 6535 1093 5273 343 6001 0 9225 3334 2016 9704 7724 89 2636 5003 9278 1193 9896 8819 1543 6396 6074 3820 3276 779 3724 6599 555 6653 9461 2716 1430 9279 2786 2616 9252 182 5795 6436 5433 8383 7071 2732 4181 6268 9903 5312 9216 3845 9105 7301 6004 7782 5756 4813 6613 5881 1110 3927 2134 3697 4327 5950 9954 9306 8783 5273 4890 3352 3819 8875 3549 6199 9040 5929 9494 841 2889 6895 6719 3995 9441 6599 8282 8717 1316 6804 2396 6387 6056 7480 1547 7502 7963 759 2160 4796 1074 3573 7284 7798 9253 9528 8996 174 656 4565 5229 6263 9807 7067 4248 796 662 143 9619 3848 29 7582 1181 2173 7951 3847 9533 174 6659 9866 8358 9408 103 6739 6947 6726 1321 5568 8168 3526 3633 6582 148 6274 9487 8259 1078 4292 8635 909
4853 2469 529 8411 9796 7058 6940 4543 6349 9225 0 8184 9342 7552 7244 7152 1363 3721 2217 4896 3620 8871 4258 3836 7036 2679 1380 3766 9539 3487 6791 4674 1976 1427 4362 9610 7213 5780 9025 3902 547 5993 3899 7610 5062 3031 6209 4800 1575 1447 9828 3020 7223 3528 4889 6688 3740 7504 3376 1477 6044 9064 1880 5715 5922 4150 6731 9654 4668 743 6340 6493 8566 2410 6604 842 7643 4013 3320 2718 9538 9060 9742 1174 762 8872 3364 5531 5938 325 3451 4092 3233 5745 8819 9189 4883 8310 7311 4881 9583 6490 6038 5848 7780 7405 4306 8885 3353 560 4814 5419 5732 3425 6946 4740 7864 6862 6889 4178 832 8315 6762 7500 6071 5729 7885 6795 973 419 4536 1236 7486 6394 6926 7838 9665 8170 9387 8215 3929 3232 3852 4375 7394 8242 8934 8190 7836 4101
9294 4281 348 2657 5416 3469 1031 130 5374 3334 8184 0 8629 8892 1724 3311 4597 7775 9251 2847 5073 3200 5132 6252 7379 4830 7421 9191 7211 3267 7331 7259 1874 6299 1671 8637 7498 3554 1241 5249 2493 5827 4669 7814 7347 4835 816 708 2006 8477 3673 8211 8218 2835 4322 6793 1052 5007 8455 6406 3503 9367 5449 5072 768 7987 2331 7165 8932 7504 4745 463 8802 6576 6050 1966 6975 395 3504 6528 2582 7616 4560 8367 2652 9433 248 3255 6118 2118 8488 3301 7937 1460 9654 3397 6813 1418 819 7430 1214 2983 6475 845 3318 5750 3498 2421 2228 321 782 211 8820 6144 8278 452 1652 6013 6791 5681 1935 2139 6509 6102 4223 8808 9293 4416 6758 7547 5217 9669 9021 9147 3167 2023 5557 3501 5537 6183 2724 4163 7941 8071 6090 2874 7698 5661 293 8108
9102 7461 196 1773 9073 9852 4610 6088 5291 2016 9342 8629 0 3010 3608 1997 7989 8902 9298 4808 1350 8426 9080 7723 7414 9835 2934 2033 7075 2656 6882 3216 6940 7173 3086 589 5599 4187 5187 4112 2524 7251 4768 6506 9908 557 5543 3846 5232 8497 5632 5545 195 9394 110 3901 8142 4353 1733 635 754 753 5206 5543 8042 8448 4426 362 2087 912 8571 1079 7695 3657 7591 7004 99 3762 203 2178 3278 7279 393 4585 759 7908 499 3740 6977 3112 6111 4980 9353 9080 9518 9245 1759 6147 4926 5528 1980 5191 3455 4507 3000 5550 8528 2504 1978 4466 6521 7345 9281 3852 6924 1979 7227 5720 7096 8911 7158 6698 2740 808 5557 8725 2395 6355 2910 1360 4014 1279 231 6161 7549 3826 9410 3540 7584 7539 7937 2517 548 7711 8088 3327 261 5754 6754 3730
4610 2033 758 3811 7027 2012 8575 9494 7060 9704 7552 8892 3010 0 3295 1556 2911 8206 3620 684 825 6484 7221 1524 2633 8136 9592 4365 9433 4381 4740 6030 5888 1019 8607 2512 1518 8627 1594 8072 3599 5526 2966 9006 1271 8397 1709 8513 5305 2423 2929 6492 55 8307 2171 8676 5358 1631 6443 8549 237 6872 2375 1692 5964 4830 2903 678 4405 494 2896 5822 7638 562 3038 4937 7913 7523 2791 9797 4756 7383 2862 6272 7410 3595 5312 1490 3367 6829 460 3635 1437 2872 9369 399 9029 1973 3354 7132 2863 3367 2560 6359 7612 6067 3553 4536 7962 4400 9313 8072 4535 6710 9368 7280 1985 7218 3102 1551 1087 3077 6419 133 5639 3005 7987 4141 2327 2819 5304 7331 8630 8245 1727 7227 4115 5233 1648 4639 9611 3444 9903 1963 5979 5556 60 2421 8909 7234
5114 6442 3720 5551 7104 3659 9285 9211 2119 7724 7244 1724 3608 3295 0 5709 4270 1799 965 3038 4629 6088 6819 3919 4462 2037 1431 1517 4355 3068 8339 3642 2297 5045 4499 2355 8338 8039 4379 5561 8144 4984 3526 4509 899 5459 5757 5299 9401 8260 1299 7120 5870 3376 9652 4968 696 8166 5352 5261 8096 3251 3475 7498 9454 2885 9065 2111 3491 4335 855 536 7186 7446 886 4516 3906 8030 1501 8510 9013 1478 8769 1423 8744 6457 3377 1642 8640 4013 839 7002 8681 6241 7561 70 5367 3713 7077 7399 4522 6108 1589 9056 6892 9901 7672 2586 9168 1486 6762 5555 8588 7033 6207 8464 5935 8318 6547 3743 4736 1939 2868 2144 5085 6032 5739 6407 4694 4970 8263 8338 6672 2336 6404 1542 5874 876 2262 8130 252 4266 4561 7902 7731 3052 167 5061 9056 4413
664 675 5173 4060 6417 1005 2470 2845 5683 89 7152 3311 1997 1556 5709 0 6548 7527 9254 9523 3080 2362 4113 1858 7995 9793 9546 672 9110 6900 847 7413 1671 7374 3077 6811 8244 7329 8420 3700 3061 7429 3865 2173 9335 1943 2490 8471 8171 5257 9954 2163 1037 3672 1442 364 5896 7367 6290 4262 5235 6988 594 5707 1897 9801 1580 7216 6134 5042 942 6536 4595 4846 6816 4722 9484 6706 6194 2262 5157 3226 1051 9540 8826 116 4703 8925 6368 6415 3519 4818 1729 9726 6226 2338 702 577 1648 2198 5745 3210 3729 9118 9008 3719 4474 3085 9634 9346 8378 4764 8520 87 8905 7869 2197 3240 4337 3987 9419 4264 2909 4851 28 1797 4110 9666 9364 5340 234 8744 1241 4389 8126 7347 4509 7764 3575 2920 7327 6980 6198 8413 8535 7003 9776 990 4633 6143
1538 1811 8695 2566 2686 8959 9404 5634 3945 2636 1363 4597 7989 2911 4270 6548 0 7843 4426 6063 7618 4548 4681 2481 186 5730 4765 8230 7401 4701 8184 8371 2309 90 8114 3069 7701 6163 1267 9486 4593 1121 2745 4933 1720 8586 6495 272 5285 3050 4318 5361 890 4806 6170 4974 9463 9004 4800 6920 8367 6382 7764 7135 3939 2335 3385 4264 2466 8069 4792 4628 3257 3512 2248 8821 8335 9177 15 478 8651 5535 8070 1694 1728 9112 2359 3042 6613 4676 7929 3356 7890 6891 2601 7827 5361 8400 2254 5083 2895 7722 9505 902 7406 547 3543 7094 9055 2825 6216 1377 215 3773 4921 9623 5510 9845 9018 6163 631 3620 7306 9268 6482 2005 9339 2077 8788 5794 6411 2276 7180 9171 5633 9605 2387 9497 5441 9657 8875 9433 525 1523 5467 3076 68 909 956 9954
8115 5163 5473 8172 9069 9944 4557 5835 3612 5003 3721 7775 8902 8206 1799 7527 7843 0 5897 8499 2370 1974 8842 1395 5129 350 9746 3421 158 4667 3673 2108 1743 1408 8973 7748 5406 2678 8250 2757 8178 1840 7915 78 8618 6096 2702 8519 6989 4301 5946 6704 5752 9944 2255 7809 4449 8365 7550 3373 4608 8149 368 6355 7920 2523 7491 4938 7540 9476 5601 1529 3401 2450 1622 6262 7495 953 9718 6629 4435 927 2854 4967 7969 1938 1907 4317 6880 8021 4853 7167 4543 3455 6002 8381 2361 5414 4196 9696 3057 4365 4859 8168 7422 2959 9056 3031 7706 1201 6649 4985 9032 5258 4054 6503 6668 8206 869 5981 3410 7375 947 3972 3258 1451 9618 7638 5045 1018 3518 7366 6918 3800 1755 2339 2590 1570 3182 2649 586 7978 4559 8328 7483 46 4974 8857 2571 6086
1787 6143 5347 7223 6380 3490 332 2903 9367 9278 2217 9251 9298 3620 965 9254 4426 5897 0 1317 4084 3151 9939 3468 638 7142 8411 5921 9227 9071 6069 6943 5645 7575 2340 6239 3244 961 7236 9735 1957 2488 2693 7136 7114 6370 3804 2764 9268 9741 9923 8518 9861 2 7853 2841 3008 9571 4833 8585 7989 4043 7853 4238 8463 2935 4527 9204 8922 4845 4497 6689 4389 8519 5803 9075 5108 5194 5260 8528 4938 6126 2857 7764 6285 899 7765 599 3829 722 2251 1312 7722 6459 4403 7319 4042 7420 7728 5868 2942 823 6878 5079 7180 4438 5727 7482 2776 9921 9217 3959 3034 8114 8473 4355 3104 3136 6911 6163 6189 6009 6263 5836 4111 7263 7219 6867 2739 2760 4447 2018 1592 4578 4009 2774 7223 6691 4276 5765 9121 9786 9598 7002 6253 1823 5562 111 5413 4340
4959 1273 3499 9524 3724 5638 2755 8232 1374 1193 4896 2847 4808 684 3038 9523 6063 8499 1317 0 7583 7249 3955 5748 3419 6694 1035 7601 3819 6382 1106 4833 4310 6242 1181 8790 8878 5048 5433 707 249 164 6397 4111 1612 4094 8274 4924 2723 1123 8702 7312 4894 7875 1847 8019 8335 5893 5798 2963 6303 552 7649 6606 2168 7235 8006 7081 6238 3004 2562 4584 3118 9378 1305 1717 2289 9512 4139 6470 8804 8663 321 7427 4621 5342 2631 1220 6411 5699 5515 7440 6652 1356 5127 7676 5880 1343 816 8878 3798 9339 2424 1444 3370 8500 5146 9180 2605 4536 5748 3614 4491 2300 5779 6099 6133 1537 9845 7662 2057 3042 137 4568 6158 4413 1383 4181 4163 1660 216 8400 1741 2056 9417 7259 8167 7123 5736 797 7538 5130 5651 3054 9885 4478 6988 2495 9777 5673
1148 16 4257 2828 5049 7241 628 791 7632 9896 3620 5073 1350 825 4629 3080 7618 2370 4084 7583 0 4336 8881 7135 8028 6859 7182 9703 8434 3766 9547 3246 6184 1846 1214 3598 5410 8497 7538 4624 7617 9040 2647 760 5725 9575 7313 9660 934 9841 1535 853 5257 9604 7490 3550 4336 4933 9064 7864 5884 4854 7728 3081 9815 9315 2085 6696 5812 1913 3826 2124 6659 6277 5768 2090 441 5882 4627 970 1831 5303 5561 2510 7583 702 6784 263 8791 2818 5435 3817 9147 4261 6731 3748 7687 1798 4090 9164 9259 7662 696 4494 2877 7144 8610 157 3705 691 3251 3375 7845 5431 1095 7323 2980 427 5137 6701 5586 2026 1182 9792 3057 7803 7936 3007 7022 4754 2317 5486 6949 5792 5189 8525 9996 7309 9758 595 3503 6857 3331 760 5141 679 3 7459 6130 6272
7360 2681 8369 1850 2533 351 2041 9894 3733 8819 8871 3200 8426 6484 6088 2362 4548 1974 3151 7249 4336 0 3060 9408 116 395 7609 6540 6440 4298 1387 2758 4415 2219 7433 5576 7974 4771 9627 9552 4795 3297 9398 7574 6669 8947 969 7496 4150 690 3966 137 6147 8381 9400 7746 2081 7645 5380 2908 1372 4336 7001 5654 7903 4262 5867 3192 2985 9239 2612 8397 6643 8607 8364 6699 9544 5349 3923 2933 6341 3300 5030 9801 6032 7518 5578 566 988 9202 6431 6701 3515 6923 6387 2604 8209 9527 9013 6065 1589 3139 8476 1781 4989 6252 2581 2921 6946 5247 9599 8718 8873 500 3451 1234 8859 5268 1289 9993 5614 5691 2231 5254 7232 558 4135 6222 8725 7055 6783 6769 7317 3073 3359 7142 4853 4885 5817 176 395 5218 2448 3218 1180 9498 8564 841 3829 5391
5715 9533 8228 8885 7053 6622 8567 3527 7195 1543 4258 5132 9080 7221 6819 4113 4681 8842 9939 3955 8881 3060 0 9428 756 3713 4804 8831 6848 2685 3091 1509 7809 9976 5268 376 8805 3323 8284 1191 6941 6241 7162 4271 592 199 1675 159 7993 2580 2868 8758 9525 5464 7820 2361 5820 7139 7467 1769 2095 9016 9304 9273 9558 5566 2428 3097 8352 7300 2923 3234 9061 5250 2044 7889 2316 5326 7638 3333 957 2679 6380 1984 3774 3398 6018 699 6724 8044 6442 5416 5055 3125 4117 8040 4960 4459 7723 8071 5543 1795 716 7747 7551 994 361 6710 2276 5446 9997 6746 2316 9037 9301 2734 6738 4973 9862 1771 6010 8937 2278 9858 8369 3596 5208 742 210 8165 3514 5756 3335 2666 2777 4966 4244 7007 9265 4948 2986 8675 8127 2378 6741 8389 5198 9632 658 415
472 3058 1790 9559 9332 3946 921 5432 3824 6396 3836 6252 7723 1524 3919 1858 2481 1395 3468 5748 7135 9408 9428 0 6197 9686 7127 5295 9371 3944 52 6912 2007 9782 8816 4111 1576 6411 7642 119 3022 6244 7680 6639 8871 5517 6974 1100 8719 5675 6412 3330 1585 9217 9999 9110 9937 2795 9480 5241 1101 8348 8435 5923 4401 8328 3361 1454 4962 364 6583 951 9255 7678 4606 3626 6295 5018 175 1146 5325 4480 6836 6976 6553 7106 3279 3267 645 2607 7392 4782 919 7581 1876 7599 377 8391 1041 7890 1830 8813 2243 5701 3132 181 669 8659 7001 978 3021 7311 6440 2597 1883 7135 3680 9245 8797 729 432 5279 9982 6776 2703 4503 6067 4366 2390 1360 8128 6387 2085 2589 3624 8540 4421 9583 4265 6772 4278 376 3029 108 3796 4947 8689 6606 7214 6335
659 9951 9328 9363 495 73 1340 7719 6233 6074 7036 7379 7414 2633 4462 7995 186 5129 638 3419 8028 116 756 6197 0 6617 2578 9771 9555 9774 2088 7308 4719 8246 13 5591 8280 7818 2760 2005 9243 1093 1652 3484 3753 593 6106 9461 5944 3560 1550 6558 217 7544 9048 2979 7434 3672 1981 71 7262 5217 4193 226 3950 5570 8248 1141 9887 3466 9017 8823 3983 443 4347 4731 5822 9154 3083 2293 1760 3171 157 3219 1066 2821 8772 5139 6326 458 9346 181 7425 8805 9552 1579 6386 3139 9860 7003 5350 965 3786 9211 2739 6808 7836 8458 6672 1058 869 6132 7168 7328 9264 7773 5840 3931 6825 4887 9364 4693 4976 30 1725 5010 2844 8146 7070 6227 9039 3908 2300 926 8509 5678 2321 4218 4991 8587 7062 6616 7387 51 4261 7825 6623 8480 4922 8206
1592 6692 3066 2803 2024 5841 8099 8757 3952 3820 2679 4830 9835 8136 2037 9793 5730 350 7142 6694 6859 395 3713 9686 6617 0 1097 3257 6844 7541 6441 1688 493 8817 8549 5964 1813 624 2637 9521 3790 9042 7664 9247 3432 7969 7424 6324 4934 5868 6194 7368 9137 6623 3189 9017 7392 557 1915 32 4943 2668 8450 2928 8389 7103 7606 5039 2450 6906 1809 6553 1541 9880 3488 9353 5859 7364 4761 5369 161 9651 9264 5031 9731 7067 9385 6483 1920 4523 9422 3031 3194 3494 852 6312 3096 3406 9050 6773 5684 1582 7272 7820 5091 3916 6205 8431 3507 8416 2344 3080 8627 9470 1305 3555 714 2919 5130 2081 3075 2104 6341 2593 834 9700 4000 1741 3462 3860 1518 2394 4624 4749 7990 4362 3353 6405 1705 6926 9190 6751 6511 2001 4227 6366 2325 6368 784 1007
9691 9784 8457 369 612 1673 4653 4755 5772 3276 1380 7421 2934 9592 1431 9546 4765 9746 8411 1035 7182 7609 4804 7127 2578 1097 0 7058 1705 5254 7679 1444 4318 1952 3100 9448 8543 3838 2648 5384 1424 4758 3143 3758 2466 2476 3747 2176 9423 4113 8888 6864 9646 4856 6236 8486 7960 1864 7789 9738 1493 4034 5995 7211 8847 2905 1785 5353 6844 1955 1169 155 6493 4132 4168 4891 9055 2054 1454 9130 3428 492 9199 8371 7748 2239 745 3221 7450 9293 2368 8648 235 8098 2465 2464 5605 381 5619 9448 2175 9713 6570 2619 266 6536 5842 5271 5630 7105 3039 8865 4227 6133 6879 1724 4127 3317 9913 6760 2394 1338 9480 4277 5207 1958 1995 7468 6961 8045 7981 1247 9542 4597 7370 9550 8615 9630 9851 8142 5282 9881 1707 1896 8140 1927 7882 7638 3682 4348
6735 6591 3661 5582 5331 7212 532 3328 1444 779 3766 9191 2033 4365 1517 672 8230 3421 5921 7601 9703 6540 8831 5295 9771 3257 7058 0 1074 8918 1258 4096 9472 9453 4878 3292 2269 4870 8881 9370 9193 1632 5908 4815 5296 2379 8449 2945 3699 9788 923 9198 3776 9871 3637 1 2892 4529 7805 3233 9583 7423 365 1357 1613 925 3297 5417 7262 9618 7575 7243 5437 9759 9931 4047 2114 3256 645 8309 2972 4082 8182 3361 6685 1470 8938 2382 7959 2509 2139 9054 9784 2608 2709 9816 6734 2880 2134 438 6743 513 6389 6309 3317 1246 9735 401 6848 2473 7566 7684 414 7748 7856 3914 5974 3024 3525 2333 6538 1894 2011 7620 44 177 1733 4267 1052 8342 6806 2955 9499 5314 4393 4623 541 8306 5104 8226 585 9191 9902 4149 6841 4786 10000 7848 2484 4116
2137 1846 7509 7819 9780 5509 5506 9461 319 3724 9539 7211 7075 9433 4355 9110 7401 158 9227 3819 8434 6440 6848 9371 9555 6844 1705 1074 0 1752 7115 2897 4128 6557 3182 1335 8789 9221 9185 5136 6585 6091 9149 6489 5533 1951 6717 8182 4226 3185 721 1932 5705 3886 5137 2939 9871 9219 1376 7776 5221 1696 9361 2466 8826 8386 6426 5539 792 235 8237 937 3893 5566 8496 3299 2332 8668 4405 5445 4429 9363 5107 5363 3368 490 481 8587 3334 8794 6293 9350 5257 7380 1219 7818 6224 2328 5881 4098 8588 5776 934 2943 9429 8276 8066 2951 4292 8303 1175 6092 4682 812 8202 5804 5045 6487 5038 2875 9148 1155 7336 5856 8385 3774 374 2370 3675 1140 7389 6252 6997 3855 2278 8984 3803 2605 8223 789 8845 8705 5499 3453 1654 7284 4824 7975 5484 5813
1652 1463 1652 1107 9962 1191 6509 3293 4620 6599 3487 3267 2656 4381 3068 6900 4701 4667 9071 6382 3766 4298 2685 3944 9774 7541 5254 8918 1752 0 4922 8059 4208 4327 6247 4232 711 3420 82 8365 6162 6440 5597 6483 5503 1060 5849 3719 6532 8031 7853 9131 813 7620 2856 1742 9852 6469 5228 769 7699 4024 458 620 2564 7602 1902 4210 6079 2778 5435 2695 8416 3503 1901 4119 3001 3739 9602 1217 9375 2347 2197 8675 5412 9323 8273 4684 9551 4476 2791 926 1199 2295 9501 2745 5417 5503 8967 6632 2550 4614 1650 6915 9509 35 4980 5917 7606 506 3774 8454 4335 2349 8875 9662 828 265 1116 4426 1154 6610 4899 3259 5578 5230 1895 9049 1586 9543 4982 7074 4117 1705 2684 7312 2228 687 4690 8611 4681 772 1954 4221 2457 6840 8064 4245 8128 7508
2212 6560 1634 1396 4913 3027 8715 8037 3690 555 6791 7331 6882 4740 8339 847 8184 3673 6069 1106 9547 1387 3091 52 2088 6441 7679 1258 7115 4922 0 3598 8840 5112 9873 8852 9193 5159 4530 3105 8842 9299 7100 6059 7620 8078 4003 36 7094 7764 5782 25 5282 9788 3608 2553 4329 2066 8897 1512 7606 3115 3910 1935 3764 1125 2658 8097 7373 4832 6728 9055 9632 1429 7786 300 2070 3563 8149 6209 505 9596 2687 8597 1475 6145 4971 8042 7708 4763 3231 47 5130 7292 1317 7898 3306 8756 3237 701 5965 3088 6832 1697 9365 1413 7968 3254 6658 3333 789 6213 9249 6235 1246 5195 6436 716 302 3902 4112 1876 4702 1896 8371 3205 2187 9339 993 3663 1439 1749 3913 8898 6762 5247 9440 7069 9306 4303 9506 516 3808 4490 6982 2758 1709 1731 6358 1764
5227 6317 2025 2843 6413 4585 4914 9100 4491 6653 4674 7259 3216 6030 3642 7413 8371 2108 6943 4833 3246 2758 1509 6912 7308 1688 1444 4096 2897 8059 3598 0 1198 7857 732 2327 546 8395 5265 2017 9990 526 177 4721 3826 378 2949 4179 95 2732 9182 5508 3841 8850 6506 476 8849 7728 71 6093 9493 4319 3119 953 1618 3917 97 7178 3730 1465 6113 1138 7048 4418 9718 3637 5627 4433 7905 9787 7901 5954 7538 998 8124 1250 1117 4321 2354 6004 5399 7223 1280 4428 5955 4394 2730 8503 7829 48 8653 3365 4632 1228 3240 3971 542 2673 2041 5369 2496 4715 5613 2701 6380 8002 294 2060 4086 4633 7526 2799 7211 185 924 1448 1818 7652 7060 9467 1874 4677 8888 8509 1159 3222 2217 2762 5388 4046 1560 319 4196 8344 5610 3365 8853 4341 7720 933
4994 6691 3261 4755 2183 5587 1569 4164 3030 9461 1976 1874 6940 5888 2297 1671 2309 1743 5645 4310 6184 4415 7809 2007 4719 493 4318 9472 4128 4208 8840 1198 0 1148 133 7430 3313 748 3639 7607 6587 303 4634 5552 358 2007 3062 8429 8720 2859 7288 1131 596 2813 5075 5960 6854 7661 2220 5874 7184 3382 1111 2975 3015 5631 8097 6460 9853 8850 5172 4847 1431 8871 989 4545 3834 2653 7235 4791 5438 8012 6855 4711 9577 8376 3994 3822 2245 4245 3728 9321 8090 2300 3604 4301 3182 8817 7765 626 9867 2597 6320 729 238 692 4809 2661 9277 8535 2402 8532 9386 1572 41 8677 314 4923 1706 1072 4678 3089 6769 618 5208 9926 9753 4894 9356 252 1883 9526 1002 9640 1342 5729 6450 7339 6116 5697 3751 2982 8133 6709 7497 4365 8069 4871 4949 9918
5614 8207 289 7583 1569 3538 3939 5548 3628 2716 1427 6299 7173 1019 5045 7374 90 1408 7575 6242 1846 2219 9976 9782 8246 8817 1952 9453 6557 4327 5112 7857 1148 0 4301 7057 7951 2418 2330 1436 9274 7153 8162 2954 4124 9158 3507 3335 963 2571 9366 1434 7631 3606 3025 5240 5017 898 5737 2792 6193 6988 5676 9819 3747 8713 1573 4989 8061 3342 3806 2904 9821 121 4814 1777 915 5794 3121 2362 561 4245 3564 894 1480 2693 7890 8548 5896 6664 3613 8196 7285 5663 3575 6656 5117 6867 8881 6433 3892 4385 3999 25 9728 5439 95 5419 1247 1404 5536 9166 8110 9731 8362 7447 6999 2982 9278 2377 1392 4826 2948 2011 9688 6520 5102 8123 94 8663 4903 4393 1619 2080 5190 3966 705 4549 1204 270 4728 6900 5176 2778 8477 2861 5895 4143 3598 9521
7407 3579 7394 4728 8400 9816 8151 6179 8085 1430 4362 1671 3086 8607 4499 3077 8114 8973 2340 1181 1214 7433 5268 8816 13 8549 3100 4878 3182 6247 9873 732 133 4301 0 2113 4374 7867 7639 5308 8566 9075 2668 5294 2442 5859 7812 6540 6106 3871 3236 4624 3415 5907 7837 5230 7592 2524 7641 515 3053 460 1823 270 9515 1301 4226 5296 8587 6465 7960 6279 8445 2064 6013 2549 668 2782 2979 1156 4291 2687 3183 235 235 3422 5178 4735 605 1967 3326 6901 2711 3895 558 1450 8384 6340 9476 1223 4971 5765 4219 2681 9451 1744 7316 8932 8385 7558 3782 1363 6676 589 8540 8447 8896 2278 9713 2295 4313 5482 9678 5079 5672 6378 8809 9476 1065 4225 4773 391 6718 6995 2068 7083 8486 6842 5057 9460 6529 6091 2207 922 2283 7207 6893 2674 5407 8735
1039 4221 7618 9420 6615 6700 3150 7333 1355 9279 9610 8637 589 2512 2355 6811 3069 7748 6239 8790 3598 5576 376 4111 5591 5964 9448 3292 1335 4232 8852 2327 7430 7057 2113 0 1028 134 8296 12 1153 7593 3318 7526 4217 3374 8031 88 2091 4314 446 9134 5292 8117 73 4011 6298 5671 7966 792 5205 6491 833 5624 2224 3309 3482 5485 7758 8620 5904 1898 1211 3803 7157 2951 4730 5135 4593 8541 1578 5855 5711 8541 3387 2843 7356 2380 7557 4616 4816 4957 9068 3480 1271 6825 2836 3684 3418 524 6885 3613 5555 4635 9149 2434 9255 7200 8195 1854 5881 3798 3669 1739 5138 959 2967 9855 9944 7749 2627 8730 8074 862 3010 2127 5241 4502 9006 8038 5272 4431 864 2867 8628 865 6987 7855 1129 4861 4892 4075 1619 2892 394 5651 1252 2086 2250 1486
972 7950 5794 8343 6386 5896 9109 2173 7526 2786 7213 7498 5599 1518 8338 8244 7701 5406 3244 8878 5410 7974 8805 1576 8280 1813 8543 2269 8789 711 9193 546 3313 7951 4374 1028 0 987 7548 1741 5330 4105 1820 7606 688 637 5242 8852 7046 9520 7752 2692 8918 2330 4296 5484 699 4592 653 8288 5988 2626 9698 2473 1309 2329 7447 6714 193 3726 2291 3183 932 6240 1413 9671 3218 8738 141 7776 6780 8452 8223 2279 5355 699 630 7168 4750 5048 8176 529 8930 9279 2684 8396 9475 8474 6352 4557 4172 9523 7931 9398 4585 3868 1951 1749 8608 4857 5314 2310 8844 4549 5274 3026 4588 3900 5184 5870 5564 1584 9116 874 5461 6447 1067 3300 6694 4599 9673 2118 5819 4670 9113 6230 8432 1251 5950 5246 6407 2944 3444 2193 6384 2927 7676 8589 6230 8793
8829 4041 2027 9172 6520 7383 9203 9787 3488 2616 5780 3554 4187 8627 8039 7329 6163 2678 961 5048 8497 4771 3323 6411 7818 624 3838 4870 9221 3420 5159 8395 748 2418 7867 134 987 0 7083 9980 475 8333 8064 4817 9430 6579 8029 5910 1151 8038 6329 3053 6495 3036 1113 4886 7902 5361 8933 7757 4685 9494 7696 8140 1720 1320 7866 7841 9103 2411 7120 1656 2481 3625 9414 1449 5530 1357 5695 2881 114 3759 200 1917 9469 1374 6125 2384 4156 4721 1750 48 9982 6172 9870 1117 3755 6733 1242 3747 5610 974 9391 2289 7016 4702 5541 7804 4543 4618 518 4290 4174 8487 4079 5376 814 3865 1871 5326 4142 533 23 8759 4951 9548 8832 5551 2689 7964 4042 7766 6841 616 699 2098 6589 941 6779 8114 202 2895 3653 1446 530 6389 5337 4683 8603 8469
5024 5808 4103 6617 17 6315 8210 647 6126 9252 9025 1241 5187 1594 4379 8420 1267 8250 7236 5433 7538 9627 8284 7642 2760 2637 2648 8881 9185 82 4530 5265 3639 2330 7639 8296 7548 7083 0 7648 9480 3037 2477 3596 378 3172 4480 5427 8215 3720 2163 3876 9540 6650 3367 9707 733 5722 6665 169 8077 6459 6160 8575 9893 2981 30 1062 1346 5489 5259 6261 1838 6931 8764 9550 5086 3332 1590 3934 3559 564 4053 5316 2505 9091 6794 4231 9242 3798 5262 3501 2547 2497 1294 902 1039 1981 2095 4231 930 8113 2377 1673 9940 6575 4537 5861 2018 8675 539 6211 7831 5500 2484 6518 9827 5107 4745 3454 9326 2679 7648 1600 9371 4688 6027 1543 662 155 7907 410 5427 6138 8965 5306 8696 4371 853 9120 4364 416 9797 1149 7675 3048 7018 8833 6469 6451
5786 1892 2130 6407 7244 7229 6498 4498 6932 182 3902 5249 4112 8072 5561 3700 9486 2757 9735 707 4624 9552 1191 119 2005 9521 5384 9370 5136 8365 3105 2017 7607 1436 5308 12 1741 9980 7648 0 2147 3298 6619 5044 5784 2690 2703 5751 1667 9636 4341 8534 4596 9274 3845 7037 7395 9750 4484 4183 5595 1285 2678 751 7613 2148 8898 8274 2096 1321 3596 5140 5535 4676 5532 943 4138 3486 6691 1714 9574 175 7264 8800 8410 8782 5933 213 857 8069 7938 4065 2077 9160 2667 1162 1347 8649 546 1225 5607 3387 5477 7574 1597 1305 5462 8207 7275 8140 53 9770 2255 6926 5662 6672 2873 4893 4547 7582 4365 8380 702 7217 9355 3202 8293 2465 9333 7770 9172 1174 59 5689 76 5345 2925 7153 3065 9882 1385 5448 9940 7510 5240 1908 5894 1086 8584 3919
46 9341 285 8499 9322 6379 4179 699 8225 5795 547 2493 2524 3599 8144 3061 4593 8178 1957 249 7617 4795 6941 3022 9243 3790 1424 9193 6585 6162 8842 9990 6587 9274 8566 1153 5330 475 9480 2147 0 7290 5214 3770 139 3258 2904 4153 5209 287 647 9586 8188 862 489 1891 1130 1596 7242 5587 9748 3280 5822 8032 5052 7956 5181 337 1746 5842 1906 2986 1598 396 6289 8505 581 4048 8347 263 6373 5380 6838 4886 8946 3261 7800 5896 1399 5215 7746 54 2561 2458 533 8302 439 5622 4249 1358 9000 8241 1462 5871 1121 1150 6585 8030 5109 8336 4003 3444 9921 630 7772 6149 1155 7211 3211 5476 2089 742 6130 3795 3725 9561 4666 3404 5269 8498 9544 5890 2728 1652 3217 3070 6537 9836 5622 3483 3671 8990 3009 3264 50 9987 2899 4884 9468 5836
929 8103 5517 9425 6605 8481 3309 1309 3469 6436 5993 5827 7251 5526 4984 7429 1121 1840 2488 164 9040 3297 6241 6244 1093 9042 4758 1632 6091 6440 9299 526 303 7153 9075 7593 4105 8333 3037 3298 7290 0 5663 1987 9802 5415 2320 7561 4028 1832 20 1685 4059 181 952 4509 3236 3297 8996 7894 6156 3296 4240 8632 2391 5497 9252 565 3602 3784 9651 9445 6062 2583 9633 3494 3523 2200 2101 5887 465 7657 1473 6991 315 44 5542 9895 6746 3893 6016 4471 497 5032 3524 9884 5594 3008 8167 504 6668 9919 5589 8011 4364 1766 5078 8043 2336 6470 9420 8329 3495 4893 3367 4289 8107 1261 3523 3838 481 9041 3097 5478 9331 5471 5737 8415 5587 101 8821 3870 9548 7169 397 2821 7240 597 9235 4886 7168 91 6234 4150 1839 772 5124 1123 8385 8476
5616 3774 28 5684 8588 1093 9473 6280 1550 5433 3899 4669 4768 2966 3526 3865 2745 7915 2693 6397 2647 9398 7162 7680 1652 7664 3143 5908 9149 5597 7100 177 4634 8162 2668 3318 1820 8064 2477 6619 5214 5663 0 160 7673 8966 2667 871 2519 5146 403 2070 7665 646 197 5738 5613 5764 3379 1934 9696 6133 57 8420 2832 2595 9340 5712 4258 1252 5154 798 7388 6552 5607 1320 4257 3555 3082 8019 692 9867 4614 5613 4300 9182 9740 4906 5126 8747 3417 4241 3850 8832 1900 937 3176 3889 8268 4895 4785 9307 3764 6960 9343 9652 3757 3812 5472 3740 117 1311 7797 1294 6644 310 2428 5134 6104 5593 4916 620 3529 1437 3823 3341 796 7683 2028 2560 5405 6817 5335 9377 7746 4526 3587 5667 3197 1262 2504 4707 3440 4233 1403 5314 1877 3595 392 9412
4538 7533 4980 4598 4251 1252 6915 7069 5770 8383 7610 7814 6506 9006 4509 2173 4933 78 7136 4111 760 7574 4271 6639 3484 9247 3758 4815 6489 6483 6059 4721 5552 2954 5294 7526 7606 4817 3596 5044 3770 1987 160 0 116 1541 9410 4024 7827 185 5566 256 4435 4377 9790 9058 5581 6146 1818 841 3605 3987 2194 4353 6601 8284 1554 2293 6392 5332 5666 1265 6091 9982 8500 1931 309 6753 5266 1225 5575 5511 6805 8421 5839 8908 8499 91 9815 1675 6755 3426 2208 5654 6183 8741 4230 4508 6328 5428 2431 7694 529 794 4007 1950 1736 4840 3683 869 3334 1426 2612 9488 6467 999 9153 4268 9566 680 9469 9382 320 9277 6123 4004 8966 8807 861 8432 7998 7925 3089 8458 4633 6413 659 5791 4924 3159 4705 6849 2879 9985 9268 1099 5936 8533 7405 4087
1587 709 5945 6065 5894 5453 9987 9673 7472 7071 5062 7347 9908 1271 899 9335 1720 8618 7114 1612 5725 6669 592 8871 3753 3432 2466 5296 5533 5503 7620 3826 358 4124 2442 4217 688 9430 378 5784 139 9802 7673 116 0 7172 1013 6550 4407 8659 8801 8897 3512 5127 7888 9833 4108 3538 5751 1675 1871 8490 9816 5667 8399 8505 5697 8192 9873 7337 1156 6992 9680 3790 552 2706 4098 4885 4076 1297 7944 1984 8185 1114 9093 7613 8743 7257 8907 3360 8248 1209 5667 7350 1735 5154 916 5244 456 3999 5639 3438 2169 6535 2674 5549 1135 1922 9893 7002 6997 9837 7944 1710 6694 7151 2992 7668 5844 5457 2771 1014 3244 7818 9913 290 1790 7413 7034 5850 5681 543 5010 8784 5116 4201 6262 5289 884 4197 518 9823 3935 2018 2771 8176 1185 4457 4866 6368
170 2414 2475 1480 9139 4890 1982 7026 3421 2732 3031 4835 557 8397 5459 1943 8586 6096 6370 4094 9575 8947 199 5517 593 7969 2476 2379 1951 1060 8078 378 2007 9158 5859 3374 637 6579 3172 2690 3258 5415 8966 1541 7172 0 2931 1019 3197 8899 6711 6373 3726 7717 8979 5959 3932 8241 1160 1806 2940 8812 9401 2945 1195 7174 1205 1352 867 5264 8224 3414 2292 6082 1432 7975 9306 957 5559 555 47 7960 6895 2705 1574 2066 7625 2355 1411 3670 4756 9844 7039 2767 7565 137 4465 4988 3526 6244 5672 7311 6449 4509 7822 6317 5760 6955 4777 3433 3816 3922 8438 324 9432 9874 4806 5379 2289 2270 5872 9840 4404 5157 4280 8469 7980 971 3092 4562 6171 2051 1610 7734 3210 143 7502 1308 4005 4777 7269 2124 829 4886 3787 8747 4005 821 8455 7828
4223 660 4961 941 6553 1136 431 5344 970 4181 6209 816 5543 1709 5757 2490 6495 2702 3804 8274 7313 969 1675 6974 6106 7424 3747 8449 6717 5849 4003 2949 3062 3507 7812 8031 5242 8029 4480 2703 2904 2320 2667 9410 1013 2931 0 9576 5231 5295 7999 7458 4086 4687 7512 8085 7525 2148 5257 2921 3198 1414 1159 8417 3748 9963 5307 5013 9102 6743 4225 9709 8993 2498 8371 9711 8210 3230 3467 4652 3915 7955 3940 7999 9377 2207 1180 5972 8088 847 7040 772 565 9923 7866 6421 6276 8948 6013 5143 1137 1159 6114 8203 3988 7133 1898 5193 5546 3942 4030 2997 1629 7748 3727 237 8921 5892 6776 8572 2037 9282 3212 6425 3582 2235 6172 7991 9275 7818 93 7113 2174 8749 5909 7547 7452 3518 2215 1134 2096 3699 9902 4010 6154 9706 7329 8926 4886 5886
4108 4020 9069 2502 3049 8662 2584 2831 8474 6268 4800 708 3846 8513 5299 8471 272 8519 2764 4924 9660 7496 159 1100 9461 6324 2176 2945 8182 3719 36 4179 8429 3335 6540 88 8852 5910 5427 5751 4153 7561 871 4024 6550 1019 9576 0 2316 3673 8894 3181 582 5239 9618 9781 8998 2458 3257 9652 5972 8323 6017 3624 4227 6486 7070 7990 8350 205 9320 1897 2499 8683 6395 4040 824 5466 2978 6738 6242 5914 423 2376 9940 7867 8006 9817 9902 5721 6254 20 8222 7159 4233 7978 4038 4392 5455 4782 3947 9012 1207 8160 7452 1048 9804 790 5896 3980 2574 5560 7842 192 3945 3494 4535 8467 4062 6213 1289 9135 1624 3576 2538 2184 7880 6311 5992 4329 7078 8773 3501 9593 152 2256 8563 715 5757 2623 5290 24 1568 70 7356 6958 3440 1096 2803 9582
9982 4806 5655 581 6163 3186 8240 7863 3898 9903 1575 2006 5232 5305 9401 8171 5285 6989 9268 2723 934 4150 7993 8719 5944 4934 9423 3699 4226 6532 7094 95 8720 963 6106 2091 7046 1151 8215 1667 5209 4028 2519 7827 4407 3197 5231 2316 0 6307 73 9444 2628 5153 3506 1147 6401 3593 8368 670 9206 7572 190 744 8752 6451 533 2647 8703 1473 1992 1037 1808 8708 4059 3078 3561 3943 3497 9649 333 8870 1165 9219 9834 5177 34 8783 3948 3270 9074 5395 204 5981 923 3174 5235 9987 8688 2089 5025 8178 6224 7880 8013 1622 5439 8442 4806 6753 9238 1857 6738 6177 3698 6796 1465 1079 3772 4462 6071 5747 5905 3096 6611 7226 6654 6012 1740 5947 7730 2987 1520 6358 6811 351 1405 8373 2435 4326 6031 2257 996 1404 5499 411 7481 8289 7316 1356
1926 7298 9084 5981 9533 5658 5205 3021 2 5312 1447 8477 8497 2423 8260 5257 3050 4301 9741 1123 9841 690 2580 5675 3560 5868 4113 9788 3185 8031 7764 2732 2859 2571 3871 4314 9520 8038 3720 9636 287 1832 5146 185 8659 8899 5295 3673 6307 0 5714 289 2242 5617 8900 1558 9068 3696 636 7851 6453 8214 8729 3631 2476 8910 3503 1512 3748 7655 1713 4743 6533 5412 7995 4014 803 8572 5595 8494 8254 8116 988 3439 9458 9311 7938 3005 3344 8419 4643 6264 7351 6118 8670 5422 3339 7471 4254 3266 3434 6635 3768 8957 3188 7641 8562 1029 174 7949 6845 3269 2266 7684 1431 7268 6968 5286 4354 649 2488 3043 2048 1597 7922 6011 9970 149 1013 4248 9300 1273 4867 4853 7128 8595 3481 7596 9620 1509 5018 7563 7721 1955 9086 9182 25 6870 3684 1047
6188 3167 3258 8919 5383 5004 1884 5141 6394 9216 9828 3673 5632 2929 1299 9954 4318 5946 9923 8702 1535 3966 2868 6412 1550 6194 8888 923 721 7853 5782 9182 7288 9366 3236 446 7752 6329 2163 4341 647 20 403 5566 8801 6711 7999 8894 73 5714 0 8898 5075 9551 6380 3191 4032 5311 4034 7283 173 1290 9668 842 3549 7061 3412 5504 8604 2387 774 3827 8126 2645 9274 8746 5273 9653 6653 9713 7487 1964 2756 4479 8911 2358 5472 5706 3935 1488 4211 9238 7183 1584 2469 555 2606 4909 3313 1751 2933 8235 6748 5145 350 149 2134 3272 5393 1881 4892 947 3898 9574 3398 8117 3193 8045 5603 3072 4644 3033 757 6787 4232 325 9371 6587 2070 7992 3172 3552 3243 3801 4883 7820 1512 1116 4733 455 533 4964 5167 3427 4386 8610 2343 356 1407 4415
9506 4631 6314 4925 9200 3208 7805 2497 382 3845 3020 8211 5545 6492 7120 2163 5361 6704 8518 7312 853 137 8758 3330 6558 7368 6864 9198 1932 9131 25 5508 1131 1434 4624 9134 2692 3053 3876 8534 9586 1685 2070 256 8897 6373 7458 3181 9444 289 8898 0 9965 502 3712 4395 2605 518 646 60 4631 7248 3808 4987 5077 5615 6584 6684 4166 2719 3897 5296 2254 3682 8462 9074 6327 6445 9846 5573 3288 2916 758 1052 3126 7977 9368 6124 9430 9408 1387 3569 9571 6894 1160 499 5699 5663 1436 8011 5179 2081 7775 8876 9866 388 6465 4759 3013 7243 7754 479 4070 1371 4209 8749 4337 6587 1302 7549 4185 9461 1335 7684 9889 1033 9966 5680 1684 9439 3414 5964 1596 4052 2853 86 961 4215 4147 1896 6714 3291 6489 7890 5031 3054 6715 7672 6139 4777
4478 4410 6468 1190 7262 7740 4698 4052 8719 9105 7223 8218 195 55 5870 1037 890 5752 9861 4894 5257 6147 9525 1585 217 9137 9646 3776 5705 813 5282 3841 596 7631 3415 5292 8918 6495 9540 4596 8188 4059 7665 4435 3512 3726 4086 582 2628 2242 5075 9965 0 7088 3357 1859 9923 2215 9893 3278 1465 7863 9653 9260 1422 3751 1674 4509 2272 3366 4876 7992 7339 5424 7961 6097 3359 3481 7919 8618 1409 8943 6061 9610 3505 7070 8345 2116 9040 1507 897 9676 9461 2069 7048 2190 2457 4109 9554 3299 8082 9006 3975 3489 8028 7707 1229 1480 2107 8258 7976 2901 4616 1084 9390 6089 3942 6908 4368 3628 8766 2553 691 4253 541 5561 6292 3395 1702 9484 1640 7436 8807 2212 5075 4321 902 8051 2753 1681 3409 6565 1787 5245 3964 5088 8555 6092 8559 5396
1097 6539 4691 3022 2894 690 2562 9669 7257 7301 3528 2835 9394 8307 3376 3672 4806 9944 2 7875 9604 8381 5464 9217 7544 6623 4856 9871 3886 7620 9788 8850 2813 3606 5907 8117 2330 3036 6650 9274 862 181 646 4377 5127 7717 4687 5239 5153 5617 9551 502 7088 0 4864 8103 933 4991 7976 2503 2746 4552 4780 3132 767 402 3207 789 5665 1868 8272 7730 2868 4636 6430 7375 1173 9254 7011 5285 8846 9472 2562 2263 5785 1099 3760 9326 9258 8690 9810 4937 1616 1520 2113 8341 142 7371 5402 8389 5080 2317 4452 8382 7254 1756 822 3235 2788 6874 3911 9125 3028 3948 5507 2763 9381 8391 591 9591 9087 8439 9685 2183 4706 8649 7396 2176 9729 9134 2940 7405 5440 360 5800 5247 5799 7888 2679 4633 1955 3139 1314 2431 6821 1446 1595 7084 4394 902
