150
0 299 8827 1527 4255 8097 7427 4922 9269 5993 1709 4141 6767 7124 315 3797 9265 1277 8633 781 4083 2117 4718 2769 2970 7336 6599 6202 2790 6377 6469 1857 8601 1417 420 4341 1997 9488 7048 6051 7356 1650 5533 8496 1064 2308 8163 8110 7146 7157 2923 4714 5455 2046 7289 2632 7213 2167 9667 3003 7829 7123 6 4692 991 6171 438 3318 1108 8530 2314 1331 7472 2460 4240 7882 7858 9467 4434 1904 4027 520 5872 4135 6029 2384 7655 444 7520 3873 8234 7910 7845 7244 1892 8932 1225 5911 2239 1303 1182 8467 4740 9292 7865 1245 2754 5490 6605 5025 9218 6856 5234 4387 804 9976 2311 1648 5681 4925 4014 87 2416 8452 1865 8285 9828 2191 602 9904 9218 6298 6666 2863 2721 6164 6390 5384 6848 6377 4091 9891 5669 4313 4302 2942 140 8679 7108 5504
299 0 2594 9214 7377 1864 2628 6627 4007 6355 7872 4940 4032 6815 208 9714 8529 5983 57 1291 2313 8044 3309 2252 9822 6237 1629 5507 1575 5749 6851 672 1835 1120 8964 5566 1313 8623 4517 2008 7868 5988 697 5644 6811 1744 6591 1405 9634 5867 5825 5048 776 3497 4416 1582 1719 4932 9351 3400 316 6733 2871 2890 8685 2260 5725 8778 3420 3216 2147 9811 492 4050 7467 6541 2408 5204 4340 1888 4438 2522 7330 9227 5281 2567 6827 7571 4169 6064 7276 132 6809 3054 6370 4813 8483 3121 8854 8658 1967 6557 9630 1507 566 1643 9657 1791 3334 6863 3062 599 2874 3393 4607 3780 7448 5348 4259 3292 8280 2573 1346 8258 573 8245 9731 5330 8873 818 7677 3362 9243 7218 7882 2711 116 4927 6600 2366 3088 899 4218 6634 7054 7509 1167 8728 410 3022
8827 2594 0 4055 6436 8836 7014 3905 613 5805 2748 260 4265 8827 9862 4049 749 2944 4395 3867 1480 4953 1579 6791 4384 9333 2907 9754 3375 3729 9262 2207 3881 7822 9279 9248 6351 5434 3505 2633 3589 2721 5850 3437 8537 8967 40 6376 9031 9025 2724 6890 9969 8910 9622 7815 1281 9871 2895 8878 7332 8678 9973 7830 189 5118 9073 7151 4335 6634 2119 3975 3318 6545 9100 9457 8801 1446 642 66 6443 2477 8074 9961 2499 6879 5650 4056 9274 9682 7295 6755 3480 961 214 8432 8880 806 5822 6052 7352 3337 3195 3792 9372 9863 2997 6873 7760 4316 3143 2950 3894 9221 9324 545 4569 7430 5912 8399 1210 5349 4814 1343 7526 8668 9038 7728 4828 7420 6062 5809 237 441 8789 5479 4539 2914 768 7244 5973 5932 6750 8659 9297 6410 2103 1900 6442 4401
1527 9214 4055 0 248 9630 9534 7474 2763 6956 9329 3914 9738 77 7267 7367 4378 7241 5965 8205 1256 8038 2172 6553 3661 2255 7789 5890 216 9954 7066 3287 8911 7571 1271 1625 4253 9321 3383 4280 5899 9292 9238 8415 3702 9348 478 6028 1999 9237 5442 1777 6453 5803 8026 4255 8083 8687 4992 3144 128 1650 4273 8400 8000 7912 1643 6025 5282 768 6552 132 8084 6437 1667 3357 5275 5981 1595 7203 7373 9897 7015 2852 6700 8311 3576 3744 5074 8728 1046 5236 2792 5744 5181 35 9372 5909 1628 9756 2209 1522 6500 2113 7243 6607 3633 4255 7264 8776 4932 8584 3908 8548 1337 9693 6558 6510 6012 522 3448 4678 8319 7737 9099 8 6544 3086 9919 3236 7592 3857 2602 6477 8083 8536 4350 1600 6932 3935 3529 3979 9262 2121 2807 5576 7302 6700 7886 5417
4255 7377 6436 248 0 391 7192 9663 2995 4105 6364 2695 2441 5662 433 8164 5015 769 3811 9181 8775 7960 1483 2373 2333 5841 2933 1653 2911 5387 1956 2401 4795 7505 5863 6713 1867 8107 8651 7197 2559 8286 4960 7986 7234 8451 1188 3716 7643 958 3396 2624 2620 3341 5647 9817 8418 8882 867 6085 4867 5161 6120 5655 6060 704 7910 760 8427 5456 5087 3388 9442 9981 6322 4092 2426 6213 2001 5790 8780 3264 7618 3562 8593 2643 846 3986 2837 4961 3797 7448 2787 7719 7402 7737 5706 1959 119 8766 5635 1433 6665 6289 6809 1452 2123 4937 5226 3760 4136 3097 5285 9072 1787 2797 7230 8306 160 6151 1987 1756 1697 5143 9663 3663 5597 5036 6456 3713 8876 5293 5444 4312 3096 3591 2644 9840 9450 5543 4226 2269 8256 2177 9489 8310 9935 4805 319 6140
8097 1864 8836 9630 391 0 4095 2988 4482 4 4180 5457 4159 6696 1245 3188 7341 4917 3278 5551 5288 1043 9061 5065 5555 8746 3990 4137 1891 862 2235 1903 5901 9614 9292 2570 2579 2418 7243 9771 8249 7910 8595 5837 5230 5334 3442 304 7377 536 6409 8538 934 8174 394 8326 566 7161 4730 3689 1588 9847 1746 6108 570 6039 7007 3185 9672 5157 8650 8953 506 1272 7881 2601 7182 1063 1609 6740 4519 8469 2300 8175 2343 5164 305 4962 7614 7565 4581 2162 2105 6909 2577 1019 765 6919 329 9325 3883 4613 3040 1684 8992 3941 1687 8251 8627 2463 449 3849 7911 6336 9609 703 42 6780 9643 6056 4 4548 1929 7887 8693 6319 9947 3218 7507 6726 3242 1853 8345 512 8474 9999 5300 4879 8507 5391 2787 6752 5351 7883 9469 1513 1386 2315 199 4686
7427 2628 7014 9534 7192 4095 0 4638 8905 7982 4120 8246 9721 7779 9692 6652 9228 2904 1338 1134 4968 1542 6955 6639 3818 8277 3593 3127 9016 5391 6768 3077 2703 6331 6309 1259 7271 1474 6023 8844 1955 6727 6326 5591 2425 4890 6846 1159 9997 1411 2583 6320 9872 8020 5875 350 2924 3073 193 7649 4311 3384 408 5393 3987 1026 1112 9765 2534 1598 4569 2389 5377 2181 8528 347 4923 4978 5553 1901 5926 3700 9952 9939 9237 2408 2947 419 4283 1933 4449 4021 6408 3514 3598 6294 637 2097 3611 7601 5582 1309 101 2525 2949 8785 145 1933 2226 9526 5166 6833 6068 7812 729 3091 9347 787 3829 8952 5606 3081 3059 8174 385 5504 6646 2486 5027 1504 5268 6250 4776 5785 9382 9218 3790 197 8966 662 1970 3953 3213 430 9025 9059 1575 2627 4492 7837
4922 6627 3905 7474 9663 2988 4638 0 4138 4723 2038 4285 2911 3242 9410 5522 4568 1302 979 4699 9738 8594 2164 1690 8377 9812 4661 514 8749 5128 5166 5819 3449 1147 5187 8661 4642 6712 8656 6438 6070 6867 7652 8617 4288 1990 1641 2942 5933 8194 19 3384 4788 2251 9864 9673 6091 5710 4371 7827 3720 7921 5250 3632 2652 5650 1526 4846 8383 4741 2537 3314 1528 754 1416 4194 7086 7410 3509 7781 8444 4849 1788 3057 3632 8814 5347 6433 8925 1103 1216 2964 4968 9001 8889 8479 370 4332 3042 2064 2022 801 6635 1235 1494 2684 4323 9965 7836 3896 111 6657 1598 4581 8894 3700 2402 6598 6985 7620 454 1627 4860 719 3124 8148 6514 2599 4538 7170 4325 7068 4878 6559 2520 4187 2776 6304 6551 9187 9043 2611 5865 215 4360 8868 4010 1734 1099 4229
9269 4007 613 2763 2995 4482 8905 4138 0 9239 1733 8026 4026 8989 6723 215 9563 3189 2595 9074 8231 3345 9197 8428 9209 5858 9726 4640 1610 8567 6239 2045 6217 6723 7940 8450 5788 9177 6155 6285 5096 8528 3391 4294 6647 5821 9822 5432 839 7214 1802 3827 5826 359 6807 4509 8745 1176 6214 5788 3807 7171 3454 3683 2626 8462 3719 3857 3487 9150 6106 2439 8308 5724 673 5190 1697 4927 2870 8296 8121 4961 5061 2713 6055 2280 1295 2944 8427 9808 6966 1919 9907 4892 9891 7752 7717 6692 4115 1589 2181 9818 3028 8399 9566 7862 531 6573 4539 8398 8193 5938 4705 4925 6564 2544 5281 2145 3090 4830 1133 6383 5955 6436 3882 6979 114 334 427 3727 4305 8556 4121 5311 2366 9826 466 9078 7812 384 4365 3459 2643 6548 1552 7379 5566 42 8056 1892
5993 6355 5805 6956 4105 4 7982 4723 9239 0 6303 5196 8225 338 7226 5058 6659 1884 2921 8548 3261 8171 1390 9978 7976 6057 8951 7647 9749 2981 3244 9375 8838 4831 7512 5804 9394 3642 2030 13 376 6045 3754 4345 374 3937 9344 8954 1489 1558 6045 4499 8481 6864 1475 2431 8475 4395 1439 3563 2826 8151 5091 8718 9123 650 3350 7234 4098 6301 5818 3011 7008 730 4982 5613 4414 1566 8511 9229 150 9056 6824 3013 3495 7235 5542 5454 2652 9199 7430 5785 4782 9998 1584 52 4362 3585 2860 9210 2181 1991 7178 1034 897 352 2411 4741 3735 4285 7931 9371 831 4884 9362 2949 886 7602 8736 806 8141 1437 9166 5065 7140 3270 9159 9633 4723 7448 9475 4897 6520 7519 4318 6290 7782 7199 5401 7159 9602 8472 6969 9291 9709 5 8667 7210 1083 233
1709 7872 2748 9329 6364 4180 4120 2038 1733 6303 0 3378 4432 5790 379 5548 8285 8304 3073 834 2486 2870 2982 8902 6966 4537 4799 5575 2108 6416 3619 3803 2052 2012 9907 9889 4246 9459 7940 9372 751 3285 5819 6881 6504 2273 7387 6448 2099 9270 305 8697 6477 9063 8269 5051 8562 5111 6793 379 222 1038 1888 8003 1253 9611 6770 2542 8590 4851 7418 3681 6503 2110 6089 8212 7132 4409 7369 6214 9221 5201 7690 5808 9628 2208 5 7679 8393 9849 5614 1186 6318 8851 4987 1465 6034 2081 4536 8726 6100 1427 9968 7395 4642 482 4072 4268 1383 3677 7594 5127 2183 9664 4991 4217 5761 8750 6745 3571 868 366 2252 5030 2063 1400 193 5238 3195 5207 5407 2010 277 9582 6001 3512 8347 1904 1486 1575 8256 4326 796 5570 7081 9247 9744 1584 8810 848
4141 4940 260 3914 2695 5457 8246 4285 8026 5196 3378 0 4640 5200 2432 1725 5880 4346 404 5658 4000 291 9896 2396 9242 2679 5161 4869 9624 9943 4451 8097 8333 9477 5527 110 8879 4918 3008 592 4423 9146 4446 1238 4620 8047 1476 5697 2096 9345 8576 5959 5524 2261 4776 7885 2619 7905 9427 8608 8535 932 4338 9642 4801 8896 1920 4956 7562 7602 2976 9093 8487 9655 5811 9521 9274 4081 6399 7962 1715 6420 5416 6212 9466 3546 8803 3358 4944 7256 8102 314 7396 8492 4480 5720 3059 5356 8402 4504 6417 4195 9886 1014 4280 9581 6485 8480 8105 264 2987 8271 9084 6970 1838 3196 2078 5921 4102 8209 6175 9149 2663 3140 7101 6318 1448 5529 3348 4005 9875 9543 4330 8573 9552 5312 493 9506 39 320 8868 3398 2158 845 4471 8571 6606 4832 9077 8459
6767 4032 4265 9738 2441 4159 9721 2911 4026 8225 4432 4640 0 6252 4140 9951 8891 3730 4031 8652 4024 5874 2464 2702 9688 2652 2416 6826 5389 9568 820 2911 8139 2004 2430 3885 7043 672 9817 6701 2023 560 8584 6069 5565 1616 4834 130 9606 1611 5440 9139 7271 3772 4146 1743 3876 4638 6108 7204 9190 3846 4354 5832 7128 5366 8921 4411 7964 837 2768 2417 7494 7230 7497 1413 4971 313 6748 9327 5581 8442 6423 1692 6890 934 9827 9586 7569 2553 7857 9212 6921 4023 4558 4705 3901 8827 4172 7078 8675 5446 2175 7250 7159 3176 8044 3878 2519 2042 5613 5392 2065 593 8442 6239 1063 9242 9835 2577 7221 9280 3061 3833 5858 5484 8839 9585 7864 6180 3840 2924 601 7555 698 3741 9524 4210 1168 8918 2398 6143 9755 4781 4578 1310 7578 2739 8493 5348
7124 6815 8827 77 5662 6696 7779 3242 8989 338 5790 5200 6252 0 8419 8225 328 2900 7500 6902 7641 3714 7457 7986 9434 8809 2016 7797 749 575 6395 6944 4992 776 6232 4627 5929 8250 5149 5130 6950 2416 9737 688 8052 2432 7866 7285 7718 8877 1422 3133 4419 4844 645 6431 1242 2448 6940 1139 1896 1442 6578 4346 2189 8650 5304 9711 3415 5881 4675 4039 1804 1679 7550 2076 4813 2846 7531 1225 1163 2794 454 3918 8369 2565 8758 715 4281 1734 3144 1230 8954 5235 442 5107 9123 422 6384 2444 8137 5996 7607 6098 7798 6732 8042 8748 5124 1400 5308 9330 8050 3090 5611 7359 357 8658 9964 675 6719 6221 722 6575 9137 5817 1192 5673 4009 3399 8963 4561 8802 213 6097 2475 9045 5259 1936 8512 8366 5853 4212 1200 3979 188 9921 2062 8813 4294
315 208 9862 7267 433 1245 9692 9410 6723 7226 379 2432 4140 8419 0 8764 5332 6853 6249 9449 3173 8928 4565 4824 440 106 9658 3879 5118 1896 5271 1799 9438 1478 8650 3354 5057 7377 2344 9221 5928 3306 1634 2407 3783 2613 8599 5420 1433 7035 9450 7288 1700 3301 2846 9416 7954 5751 8749 8199 4082 8502 6551 2163 2701 2980 6956 6058 4157 9631 7692 4154 9158 7757 6584 49 4821 2213 5665 4753 3514 1559 3568 7067 4995 5723 6926 4059 4003 2025 3548 9857 142 2891 5515 9474 6172 8839 505 9224 9738 513 7132 7491 2234 4721 507 8140 8905 8871 22 1976 7498 7869 581 1651 9233 985 8087 1389 7707 2459 2807 1075 6532 6884 8629 298 704 2356 6581 1171 4734 1231 6543 4182 3070 1180 4591 974 8657 3195 3499 878 9666 459 8355 2526 6141 7374
3797 9714 4049 7367 8164 3188 6652 5522 215 5058 5548 1725 9951 8225 8764 0 6044 3728 8344 4763 8880 5334 5599 3680 1295 9970 3910 3357 6584 3027 8588 3237 9766 5788 8791 6072 9037 102 5027 4980 310 7500 3544 9327 3764 268 6675 8537 5408 5017 2708 5191 4008 8972 7621 2304 9090 3900 9330 2662 3760 1616 6975 1912 8391 1596 9755 885 5133 6535 3019 2064 1679 3700 8272 3952 2311 7517 8930 4206 4975 3096 4988 831 2183 3991 4977 7276 8617 7866 9970 609 4741 1319 8757 8668 8947 7751 7982 8837 666 8064 9239 6996 5913 292 9671 4271 9329 6376 7678 8299 5470 5112 6988 5991 3932 5337 5477 253 7545 7301 1997 7805 6506 1175 3134 7307 9084 2243 4386 7139 6352 8352 510 3138 1633 305 5739 9049 6904 4005 1100 560 5183 2438 2290 7257 7381 3300
9265 8529 749 4378 5015 7341 9228 4568 9563 6659 8285 5880 8891 328 5332 6044 0 3168 6741 6219 1126 1756 6555 3811 9311 5722 5243 2431 1595 5874 1684 5199 5248 2706 6826 492 3211 3989 4064 2708 3999 6149 6402 6918 7353 1018 2237 7808 95 6092 3945 485 6544 2008 1233 2166 6451 6308 7531 1045 8465 6591 267 8454 8519 4320 8910 5005 4104 4968 7244 1397 7687 8938 8060 7852 1362 1853 8767 3185 7106 5728 63 7313 7274 4719 9739 6422 3830 7820 6684 7184 2196 6624 8258 7942 596 6478 5566 4129 9614 1573 6380 5461 6503 564 4482 2856 9397 8659 4734 3644 3846 3735 5966 4165 5258 7813 8655 1782 9099 8709 8851 6342 8970 618 3156 1207 4085 664 3719 6125 403 6866 5637 7313 6469 6334 8422 8554 3710 9462 7072 7495 3037 8947 7722 5888 8602 2046
1277 5983 2944 7241 769 4917 2904 1302 3189 1884 8304 4346 3730 2900 6853 3728 3168 0 5600 5486 3972 5631 6949 9219 9751 5486 930 1459 4709 814 8082 4346 7111 3115 9099 3580 3915 5603 2448 6885 1622 9835 4137 5662 3087 4065 5818 2392 1502 691 5750 6384 1677 2356 275 108 8722 8027 1475 6646 8992 2932 5793 8297 9064 4154 5185 6256 9419 1756 4042 7021 6673 9647 2708 1904 5917 8125 8370 2699 9281 8686 5023 6054 4419 3184 9394 6642 689 1308 695 513 8552 3588 3464 1475 5158 899 5840 3078 7343 2557 4004 4642 3735 5747 546 3605 8872 4662 3178 5567 5948 7280 8691 6313 794 9585 7029 3323 3641 2884 313 1917 4051 2257 4176 8617 6232 730 7334 8777 2193 8090 8178 5397 6631 5715 515 3151 937 8934 4545 7066 7234 8682 8728 8345 3022 3801
8633 57 4395 5965 3811 3278 1338 979 2595 2921 3073 404 4031 7500 6249 8344 6741 5600 0 4662 258 1685 4477 4768 8362 9753 756 245 8203 3362 3663 9319 8826 2162 6946 4046 5327 3111 3793 3185 6486 2916 7004 5065 4551 2576 8575 8744 9063 5931 7287 7373 406 777 9467 9111 1488 5142 4644 8112 2397 5345 9745 8521 7883 537 857 3998 9072 4183 4719 6431 6704 6586 8093 2708 7289 1310 6667 4966 4450 6368 8851 9850 3318 2833 6586 9442 2855 6140 6932 5407 2442 7539 7054 6764 5729 9632 8941 3016 39 8457 6220 6888 9729 8777 2292 4029 1537 9621 971 1802 9788 3015 1497 4172 5564 2759 8075 4322 5326 3 5201 3784 4489 1027 5856 4532 1966 362 2057 4011 5073 7562 8274 3156 4609 5010 7178 980 4094 2149 5834 7127 9405 2999 5120 8951 7141 2478
781 1291 3867 8205 9181 5551 1134 4699 9074 8548 834 5658 8652 6902 9449 4763 6219 5486 4662 0 7362 9812 3201 1543 2449 7972 6128 7666 7715 4610 4104 7582 8699 2865 6212 8516 9226 5336 5978 6753 4543 1703 351 8583 5183 2562 294 4313 3681 4386 7873 9216 5119 3448 5309 2623 6023 2692 2019 6855 4305 7654 8199 7330 6913 7869 5111 5073 3196 8386 7331 6605 3728 8184 8258 3163 2553 1658 1572 3644 1321 4039 6935 3308 6360 448 304 1380 826 1239 9871 4850 2414 5232 5835 4720 493 3464 2233 3932 60 8400 6532 1507 76 2029 3554 7344 9218 4683 2796 1697 2327 4735 7564 5600 4323 3827 6289 5224 1059 2606 5089 7833 1927 1513 5623 9997 201 6960 6457 8197 5434 9006 9512 5733 48 8819 1399 1786 3911 5121 2102 9304 1108 8932 325 8517 2871 2412
4083 2313 1480 1256 8775 5288 4968 9738 8231 3261 2486 4000 4024 7641 3173 8880 1126 3972 258 7362 0 3788 606 7150 6143 6113 9315 5523 4379 358 1282 7649 5219 512 6744 8914 648 2294 4545 3195 1215 1335 5678 2230 4912 8871 7566 6652 3534 9923 4380 2742 1218 6008 8096 2779 778 3071 6394 9526 7619 6327 7724 2575 305 7802 707 4490 3552 4824 517 3826 5484 3095 5786 8062 8680 4689 8104 6085 4615 6497 9955 9229 2410 7119 897 5076 1334 2554 2174 1619 2998 9564 8806 3471 9474 7889 9857 1705 4064 3136 1541 4864 6291 2828 3997 1267 5905 9113 6064 2322 5739 9266 589 5697 5845 2946 606 8770 1637 4655 7113 110 9339 9651 2118 7833 8940 5341 9101 874 3675 8388 688 5312 9694 8624 2852 2123 8495 2992 9032 4195 2399 1005 1010 3154 945 3778
2117 8044 4953 8038 7960 1043 1542 8594 3345 8171 2870 291 5874 3714 8928 5334 1756 5631 1685 9812 3788 0 432 9613 3674 9912 6565 7835 1847 6145 7229 7816 7686 3403 7200 7737 8714 9235 5839 2764 2857 7354 1605 8613 8738 9098 7633 3383 5005 7862 2350 9335 8589 4212 3437 7484 7529 6716 9534 2431 5409 6311 6329 6323 7339 8179 8477 2348 8506 1896 964 654 6600 7706 6936 5613 1967 2246 5073 8696 6186 6065 4337 4789 1797 3897 9601 4170 749 1925 2479 9630 4270 1632 7072 8649 8736 4452 9298 3414 5237 4696 9759 9045 4541 1170 9286 9067 9026 2432 629 9416 5484 36 9850 4071 3057 3778 3118 3817 1478 7361 9195 6002 2080 6403 8385 8718 3729 7704 8114 2173 6030 4151 4020 755 7202 2819 1609 2455 775 5147 1233 930 9094 2424 9670 4854 5989 1563
4718 3309 1579 2172 1483 9061 6955 2164 9197 1390 2982 9896 2464 7457 4565 5599 6555 6949 4477 3201 606 432 0 8097 8750 7199 8314 6254 1656 3294 2693 8751 5064 845 8892 8764 7744 8225 5532 392 5734 2717 5658 7559 6600 6931 5155 4079 4115 9104 6412 4133 511 5255 5434 6295 3986 9121 7875 7577 4969 3855 4618 5306 5889 1295 2420 938 8881 2785 734 184 1538 8509 6372 7161 1735 3698 7635 8783 394 1657 2555 9781 3631 5045 704 4784 274 8952 11 7019 9335 227 888 6128 5355 9836 977 9333 866 5881 541 5395 9988 5516 3222 7687 1871 1546 2241 838 874 695 4357 2393 4800 9593 9561 4890 3862 2216 9393 2971 2353 9507 1249 358 8983 4510 6170 6486 1457 3258 6386 9699 39 3435 5392 353 5910 9979 9594 8489 3456 5788 6550 5721 2590 6285
2769 2252 6791 6553 2373 5065 6639 1690 8428 9978 8902 2396 2702 7986 4824 3680 3811 9219 4768 1543 7150 9613 8097 0 8704 3157 4937 4388 2003 6482 1018 7954 6991 8084 8105 4714 840 5927 2305 563 3398 2284 4250 6695 1236 4139 1801 7782 68 2494 6505 6886 3519 4166 5929 542 7735 9952 4818 1549 5755 2014 5808 6414 9832 1502 2680 6081 6894 2139 3460 2867 4900 3907 273 1318 1586 6501 287 1049 2105 2950 8602 8778 5051 7033 5428 6939 586 1736 2913 3694 6659 7776 2516 4050 8203 8493 9781 8425 5980 3674 9003 7267 1500 1205 4636 1115 4355 9079 1169 8098 9977 3199 2506 4158 2779 8077 135 9465 110 9353 552 5656 421 6031 8263 8269 8629 1346 8127 6033 5601 9852 6050 9156 828 3546 9557 196 2710 8322 6316 912 1169 5847 4758 5717 2914 6443
2970 9822 4384 3661 2333 5555 3818 8377 9209 7976 6966 9242 9688 9434 440 1295 9311 9751 8362 2449 6143 3674 8750 8704 0 6985 3396 9199 3570 4605 3258 8786 1946 1667 849 182 3768 9717 3134 9783 3029 2796 5686 5573 4411 3943 2487 7881 6632 8914 4711 157 2621 6746 938 7651 2603 9587 9234 5980 5179 9113 9417 9904 7266 6027 3041 9942 9106 9513 5176 5381 7979 7526 4703 6411 4396 2036 9413 7806 6781 6333 8114 5722 9719 2597 5605 6266 7617 6283 9325 2049 2280 2224 9589 2646 3952 5711 6167 8339 3259 5363 1605 3750 478 340 1424 7430 1901 4254 6511 5100 8680 2797 2656 8988 4931 7041 9877 3761 24 3015 6153 3090 8493 4951 4507 9955 5661 9035 1651 7811 8226 183 3070 3245 8429 9873 7095 7615 7518 1827 4247 25 2705 8526 5006 4728 6631 9292
7336 6237 9333 2255 5841 8746 8277 9812 5858 6057 4537 2679 2652 8809 106 9970 5722 5486 9753 7972 6113 9912 7199 3157 6985 0 4920 7558 7887 9037 2062 1414 8757 7486 7726 5151 8679 1803 3690 3812 305 6849 5658 7380 8476 5464 8799 4662 5823 6793 5857 8526 8138 7505 8388 7943 5342 2879 1569 6332 6382 5719 9371 9353 7710 3374 9486 8933 8521 3075 4375 7822 8023 2302 9515 8438 6383 9010 7829 3909 5105 5443 6723 2560 1009 8426 4814 7394 680 4574 127 840 4310 4751 9354 3096 9476 2926 7632 4279 45 3588 2973 6576 788 4662 23 801 3528 7137 8269 875 8225 2727 9463 5292 7219 7156 7102 7774 258 5270 5584 9565 5110 6832 3118 2279 3716 8388 3371 6815 7256 1383 1181 5556 7699 2810 3272 4907 7938 7245 7328 8570 6820 5509 7309 341 8615 9603
6599 1629 2907 7789 2933 3990 3593 4661 9726 8951 4799 5161 2416 2016 9658 3910 5243 930 756 6128 9315 6565 8314 4937 3396 4920 0 7647 2943 1014 7738 4035 3867 9452 2952 1068 933 8547 7853 4475 5086 7518 1576 4514 9811 6730 7497 1688 2797 5277 7277 1207 2753 1341 794 6125 233 2078 6921 2994 6962 911 9544 4066 4422 705 7630 9263 4258 8909 7313 5915 2845 767 7064 9965 8657 2149 7997 700 1388 7708 2683 6947 5766 306 3586 7334 2599 7137 1726 5073 6578 9867 8317 3073 7161 1817 1340 7234 2409 2609 6731 8499 3411 9835 1253 5367 3930 9088 1684 9411 2904 1593 7994 7569 2311 3539 4423 724 2503 2341 4867 4133 9758 6909 843 3931 3332 4035 5291 5332 6409 221 1758 1129 545 4835 7255 7213 8621 4839 8700 5429 1600 8502 991 3394 3902 5389
6202 5507 9754 5890 1653 4137 3127 514 4640 7647 5575 4869 6826 7797 3879 3357 2431 1459 245 7666 5523 7835 6254 4388 9199 7558 7647 0 567 2476 6366 1379 1348 8531 6707 9853 4125 6440 185 8200 2740 7236 4563 3761 7486 6642 5656 7919 4208 6395 2759 503 7118 822 3659 6037 3531 9432 2436 7789 2459 7780 3860 8112 6933 6223 9828 3435 8428 2173 9849 7419 9668 4900 7773 6868 1296 6691 2700 4150 5200 4828 5566 732 2969 8224 7853 3342 964 1917 1748 24 9789 9642 3099 9969 4537 3071 3834 7178 6050 2654 4222 5967 2785 8911 6173 3012 2063 1473 1894 3427 2528 5973 3375 7442 6509 3269 3118 4922 1031 5452 7219 7871 4893 7727 5940 4223 563 3590 4418 3223 9421 1186 3997 3392 4391 1724 5123 3247 817 1819 3904 4533 6764 2574 9853 5742 3173 6824
2790 1575 3375 216 2911 1891 9016 8749 1610 9749 2108 9624 5389 749 5118 6584 1595 4709 8203 7715 4379 1847 1656 2003 3570 7887 2943 567 0 1015 1170 8212 4905 7585 5965 7605 3646 7597 2866 5267 2803 3010 8428 3601 196 9167 8789 4952 3818 3267 1090 8185 1720 5728 2334 413 7502 5069 7139 4453 3834 5923 4388 6599 6689 288 3382 5358 5892 8251 7363 9236 5537 1176 4486 1223 7724 5797 368 2057 3779 6337 5874 6984 5430 8328 8027 6786 5306 3491 307 3129 3308 4198 3278 2817 3992 7680 2377 3337 9733 8432 9701 3566 7004 3987 9703 849 923 9838 6715 7778 1290 6516 3034 848 5568 4413 7099 3562 5613 2135 8877 8540 1239 2016 738 8357 1864 6238 79 4766 999 5186 1474 8246 9503 1516 1841 6518 8793 2563 6066 7774 5186 9003 2567 9464 1750 2845
6377 5749 3729 9954 5387 862 5391 5128 8567 2981 6416 9943 9568 575 1896 3027 5874 814 3362 4610 358 6145 3294 6482 4605 9037 1014 2476 1015 0 7354 8106 8373 9327 751 502 4895 5241 4938 5288 387 6964 4747 9389 7150 2047 798 2902 8307 7217 6381 5930 6584 3146 8131 7090 2574 2272 8688 2937 3827 580 7500 1887 3667 2340 2951 4102 8835 9505 7082 4106 4603 5420 3742 8925 1931 7559 5235 6707 3275 3639 9516 2822 4193 2683 9892 4383 1081 6698 576 1913 4751 5116 4492 7545 5709 8532 1675 5754 2060 2157 8439 843 2743 6066 4147 7821 3444 5190 1670 7911 2225 1545 9765 4044 5720 203 7764 4212 7801 4236 7548 1921 5430 4362 1177 3842 3017 9098 9608 6554 7531 5441 486 7807 2449 4130 8806 2411 2624 2569 2254 4464 877 9345 831 6389 9561 3482
6469 6851 9262 7066 1956 2235 6768 5166 6239 3244 3619 4451 820 6395 5271 8588 1684 8082 3663 4104 1282 7229 2693 1018 3258 2062 7738 6366 1170 7354 0 5519 5310 7975 6094 5784 389 5774 6149 8606 7217 4899 3185 5328 6717 2181 6056 6255 7573 1019 7576 9127 1842 4153 7113 2886 2366 6523 2375 2645 2887 4188 1889 1022 5219 2522 6406 577 6628 8089 3157 455 6386 9197 2666 8807 8554 1451 3902 2824 7020 9937 6361 5777 8986 5883 1112 4735 8266 808 9345 1483 2854 6103 9921 7514 9784 4627 6652 5683 1760 4582 9485 3182 8251 4858 5104 3012 5077 438 1883 6216 1274 666 4456 7676 2808 1912 2818 8296 2991 781 6445 5356 2276 3000 9378 7259 2222 3032 733 6080 7616 2436 2271 2897 3544 1171 7041 9828 9267 3482 945 5383 9619 2521 8735 7037 3257 9784
1857 672 2207 3287 2401 1903 3077 5819 2045 9375 3803 8097 2911 6944 1799 3237 5199 4346 9319 7582 7649 7816 8751 7954 8786 1414 4035 1379 8212 8106 5519 0 2115 2255 2743 1106 4190 4609 7933 9288 3992 8847 8763 6429 4780 4033 2627 3168 9905 8161 9193 3863 2699 7160 3928 3104 2028 2700 1483 1457 8879 3553 4156 4425 3888 2031 5838 4339 396 8380 5273 4249 4850 7368 6734 3174 9968 8384 7862 3077 1258 2230 6091 5677 2628 9327 7886 4160 9552 4446 9952 9956 9024 1445 4889 9060 2849 229 1274 2912 2048 1818 4110 5649 4174 6156 3831 2221 3166 8589 7179 7911 4497 6953 5509 3735 685 197 9278 7758 2324 1449 9834 4279 574 348 4320 8535 5568 6229 5559 4307 1233 9491 7583 4426 3997 6771 9290 979 1607 377 4945 3066 1949 6409 8875 4514 9711 5648
8601 1835 3881 8911 4795 5901 2703 3449 6217 8838 2052 8333 8139 4992 9438 9766 5248 7111 8826 8699 5219 7686 5064 6991 1946 8757 3867 1348 4905 8373 5310 2115 0 3903 6376 6832 9509 6904 6014 8901 9798 6871 639 8414 5614 6625 9384 5764 5343 5107 8430 4735 3252 2856 5347 1980 3765 8491 286 7749 9983 4339 4609 6332 8744 8151 5967 5184 8377 8539 293 244 6606 9494 6004 3334 9972 351 7774 5137 7271 3039 1787 3447 5549 1829 132 5816 4775 3816 6705 6531 3496 7513 9979 6935 9795 7482 1638 7101 3879 842 7415 2348 9286 2015 1570 1064 3062 8619 181 9486 1819 9168 8481 6817 7920 2433 4732 38 9415 3576 9202 9838 7860 6066 5179 7636 9803 6260 4414 1196 1923 3328 330 2304 2881 6145 2619 148 3347 9939 2088 7814 3624 4021 5882 8271 8540 3088
1417 1120 7822 7571 7505 9614 6331 1147 6723 4831 2012 9477 2004 776 1478 5788 2706 3115 2162 2865 512 3403 845 8084 1667 7486 9452 8531 7585 9327 7975 2255 3903 0 6136 1530 1478 5456 9870 7918 822 8246 4427 1560 8988 1817 2855 1272 9979 2613 1599 3777 5621 8366 7640 6647 3575 4472 2847 3492 5346 163 9116 9078 2546 587 9265 7227 6177 6685 3885 3017 9073 9195 1251 9934 4223 5462 9389 3819 7977 9369 7744 8207 607 5413 761 9627 2917 9090 8263 5168 157 5774 6106 5015 9142 7153 4271 9750 2609 1742 7316 2655 5841 2710 9891 8183 8825 9892 256 717 9484 5386 7496 2873 9234 4859 533 4687 2130 6515 8320 6941 2985 4887 9626 2704 9918 6552 7199 8035 7394 2869 6659 3392 8804 1702 7804 9611 7243 9469 4563 5131 9805 7900 1409 5839 136 5522
420 8964 9279 1271 5863 9292 6309 5187 7940 7512 9907 5527 2430 6232 8650 8791 6826 9099 6946 6212 6744 7200 8892 8105 849 7726 2952 6707 5965 751 6094 2743 6376 6136 0 4275 9777 5465 8290 9898 6353 6791 7894 3149 898 6512 138 2920 9764 7684 2432 2870 5330 8263 9761 5791 2399 2681 7156 7202 1064 4117 2124 9867 3347 4194 9093 599 5955 9667 8460 2945 5836 794 8035 4213 9772 4761 4552 1676 4107 4528 9189 5319 3656 7193 6729 8741 1264 7433 6568 6121 5041 6960 6538 6156 564 3690 5731 9674 9267 5464 301 3167 9703 1182 544 6422 6511 5377 7797 261 5614 9301 8244 2756 9155 2405 3006 3748 3193 2340 9189 5965 2668 2387 1536 4162 2951 8119 5773 3106 6740 66 3789 954 5536 3807 4813 7196 3112 5636 9703 4632 8415 6382 4323 2997 7581 7031
4341 5566 9248 1625 6713 2570 1259 8661 8450 5804 9889 110 3885 4627 3354 6072 492 3580 4046 8516 8914 7737 8764 4714 182 5151 1068 9853 7605 502 5784 1106 6832 1530 4275 0 5174 1895 9795 2671 2160 3402 6774 304 6776 8330 9078 2606 7105 3197 3143 9827 3796 3708 5553 9836 1464 304 6745 5550 1630 905 7209 4679 4364 7618 524 7051 5951 1091 6411 3388 8987 5401 4045 8951 3505 5781 8842 9433 9781 1167 8625 1383 4383 1540 7696 7641 8864 8985 5780 6037 9732 8379 5408 1690 2045 1620 2819 9341 7443 3179 2491 7402 1729 8141 8257 9234 9098 3303 4058 7899 1265 6784 3593 3899 2372 4452 2021 3601 6599 8702 384 3601 4425 9161 2628 7867 3912 9744 9350 8735 4010 86 2363 4234 2290 1564 3017 5101 7317 6426 8602 5575 1902 9083 5621 9507 3415 891
1997 1313 6351 4253 1867 2579 7271 4642 5788 9394 4246 8879 7043 5929 5057 9037 3211 3915 5327 9226 648 8714 7744 840 3768 8679 933 4125 3646 4895 389 4190 9509 1478 9777 5174 0 5181 834 2021 9247 4809 5729 9274 8491 3849 5538 730 6435 2387 6723 9674 6692 6276 5272 4114 1742 719 1982 3344 3295 800 5825 1544 4633 7802 8084 6835 1167 8315 8820 1233 4601 2689 5080 7106 2783 530 5614 9577 9439 7100 7681 6839 7965 6384 7056 7740 9714 8157 3754 5298 5245 4107 573 7449 4315 573 466 3500 6171 834 350 4345 3605 7057 1101 1983 5006 2585 7436 7155 2382 1554 2430 5012 8386 9957 8819 4332 451 8902 8345 8742 9077 8952 8761 2075 7502 8875 2633 5348 7833 6436 4300 203 190 9391 8114 6658 2453 6667 3208 9305 1702 7296 8931 8858 6974 1463
9488 8623 5434 9321 8107 2418 1474 6712 9177 3642 9459 4918 672 8250 7377 102 3989 5603 3111 5336 2294 9235 8225 5927 9717 1803 8547 6440 7597 5241 5774 4609 6904 5456 5465 1895 5181 0 4904 1557 9025 5917 1974 1183 7527 7974 9426 9615 4859 240 5359 4391 7748 6812 3804 8152 9153 5021 6673 9479 4331 6926 9516 6876 5427 263 8326 5026 6650 8788 2906 4465 9397 4956 5812 4748 5377 9939 8487 6961 4207 5163 59 9154 2874 5785 2922 4509 6717 3047 9381 9878 2760 6325 7460 7840 5316 2464 2146 5790 3049 115 2665 8605 9889 9696 52 215 2122 3953 4278 7603 6632 5385 7057 8049 9556 5843 7885 7795 3661 1043 4023 5347 4274 5254 2900 8982 7393 6908 1034 9662 5675 8241 1026 2849 7577 4996 7913 5146 6387 80 7532 6909 1100 2316 5255 6882 642 1318
7048 4517 3505 3383 8651 7243 6023 8656 6155 2030 7940 3008 9817 5149 2344 5027 4064 2448 3793 5978 4545 5839 5532 2305 3134 3690 7853 185 2866 4938 6149 7933 6014 9870 8290 9795 834 4904 0 9089 3458 3622 9519 3037 7839 7771 5532 6409 4154 6072 5264 1237 5831 3793 9597 743 6279 612 6888 7136 2734 5089 8965 8009 8379 238 2203 6526 8215 664 6363 9981 1419 2353 6647 3533 8240 6196 5308 4193 6720 9043 3365 1153 7434 5278 7523 8607 1072 3601 9941 5923 3804 2687 4547 3624 1196 8693 1689 3110 3559 6049 5477 6145 7372 6954 9619 676 1909 764 5862 8571 3519 4595 9487 7863 272 6246 7057 9845 5586 4870 6190 7752 7417 4187 7268 5519 4448 5051 5428 5536 3174 8817 6784 1345 1446 305 3404 6566 6673 7771 12 7846 4458 3520 4816 7168 340 6965
6051 2008 2633 4280 7197 9771 8844 6438 6285 13 9372 592 6701 5130 9221 4980 2708 6885 3185 6753 3195 2764 392 563 9783 3812 4475 8200 5267 5288 8606 9288 8901 7918 9898 2671 2021 1557 9089 0 4459 1337 4809 4282 1049 1147 6031 9283 3196 538 4675 3112 1808 7449 7906 9419 1208 4081 7063 9439 8832 8937 477 8232 5376 2306 3810 4107 5519 2764 7774 3347 9978 1912 2497 8826 4582 8327 2511 7266 5426 6558 4039 9532 7622 1906 4737 7841 7706 2620 2919 9550 4511 1214 9043 1417 66 9281 7969 4722 1353 7930 916 71 4177 5634 3563 6309 2955 9691 8264 3345 3545 1662 4639 8598 4191 1611 7922 2512 2517 8217 7043 3678 9865 7315 8968 6994 7659 7511 1537 3015 1173 3983 3954 2718 8435 9958 2650 5684 4402 4596 1785 1616 9544 4041 1400 833 105 3602
7356 7868 3589 5899 2559 8249 1955 6070 5096 376 751 4423 2023 6950 5928 310 3999 1622 6486 4543 1215 2857 5734 3398 3029 305 5086 2740 2803 387 7217 3992 9798 822 6353 2160 9247 9025 3458 4459 0 2103 4898 4984 6641 8939 5710 5093 5578 7891 5411 9006 4828 4704 9156 3837 8465 1523 5385 792 7469 8375 3282 3363 1103 3657 7280 5126 3050 7357 8270 4521 1308 3097 475 9399 957 9318 8871 523 5236 4007 2022 842 4007 913 3483 7556 7376 9672 5550 1624 5094 3247 115 8040 2208 944 1173 7760 8593 3598 8713 7305 2239 3590 7728 6323 9151 4499 9933 8398 6914 1225 5078 8500 9169 2167 66 9927 2049 9443 2229 4716 6574 5017 970 9232 9203 8171 15 121 292 7796 7476 5425 5180 5993 1003 8317 1557 301 1427 9208 3875 6025 1495 6982 8641 1832
1650 5988 2721 9292 8286 7910 6727 6867 8528 6045 3285 9146 560 2416 3306 7500 6149 9835 2916 1703 1335 7354 2717 2284 2796 6849 7518 7236 3010 6964 4899 8847 6871 8246 6791 3402 4809 5917 3622 1337 2103 0 9639 6101 9246 5578 7089 1786 6646 2075 505 4155 5024 3819 1312 5675 8058 1977 2595 5581 4923 8762 2287 6673 4991 1858 881 7698 5861 3049 2892 3159 5659 2892 202 4543 5738 3867 1659 8433 416 1953 4475 7694 3291 6750 9744 1818 7708 5446 1398 2447 9157 3191 5394 2036 4693 6061 1308 8050 2177 8535 6276 6238 5481 745 3284 8109 9747 4770 4139 5099 190 6211 1400 9479 4118 2936 9729 9749 5787 9528 7376 3392 8292 1515 317 8490 1241 3243 5650 9264 2272 1109 3414 670 5366 9547 813 4290 2595 7761 7972 6004 8279 7219 2539 2087 7445 1319
5533 697 5850 9238 4960 8595 6326 7652 3391 3754 5819 4446 8584 9737 1634 3544 6402 4137 7004 351 5678 1605 5658 4250 5686 5658 1576 4563 8428 4747 3185 8763 639 4427 7894 6774 5729 1974 9519 4809 4898 9639 0 8944 5124 7588 6980 7875 1684 983 9334 382 1428 5652 2549 7039 7958 6277 9140 1765 5303 1657 8787 8261 6505 4281 8325 9604 4334 7553 5620 7635 4868 9895 3259 9434 3480 3108 1009 8417 6239 116 8977 1681 5469 6040 1182 5822 4236 7962 7271 607 9203 135 3633 8406 6437 9291 2341 6253 6165 9062 5094 3445 8594 7886 8984 6060 6717 4155 7738 4758 8399 5461 6439 7600 4713 7331 6365 6043 8040 2386 8889 2492 4405 2238 7149 8866 7082 5082 3251 2282 6323 5299 7659 1353 335 579 3246 1592 5001 3045 5047 5866 8091 3311 4337 9532 5093 7155
8496 5644 3437 8415 7986 5837 5591 8617 4294 4345 6881 1238 6069 688 2407 9327 6918 5662 5065 8583 2230 8613 7559 6695 5573 7380 4514 3761 3601 9389 5328 6429 8414 1560 3149 304 9274 1183 3037 4282 4984 6101 8944 0 7985 1265 7064 3533 986 1526 24 5971 2562 822 2897 1153 2738 8500 3420 6736 4542 5017 676 3458 5272 3974 2337 9437 9256 1526 9712 6882 5316 4418 8522 8814 1105 6225 4635 3053 2120 5598 6132 8524 2318 11 7618 6657 8778 5761 6526 556 2484 2309 1659 2417 6228 8042 2116 2744 7657 7681 7132 2993 5084 9054 1798 1841 6819 8932 1471 9710 3268 5703 7024 8504 6322 495 2377 61 1549 6304 4283 7007 598 7285 6973 898 9653 3781 1824 6854 7395 1025 6600 130 1397 8294 9945 2798 3197 9187 2775 6683 9122 9141 1449 1126 4679 867
1064 6811 8537 3702 7234 5230 2425 4288 6647 374 6504 4620 5565 8052 3783 3764 7353 3087 4551 5183 4912 8738 6600 1236 4411 8476 9811 7486 196 7150 6717 4780 5614 8988 898 6776 8491 7527 7839 1049 6641 9246 5124 7985 0 4815 1147 3542 649 9393 2986 1435 8740 2786 3431 6472 2149 7256 872 1638 2717 9971 7126 8903 8803 9645 7258 8408 5168 4518 9405 758 2824 9384 1542 9812 1465 6851 5977 5835 7679 6375 7487 3643 2941 5156 7417 9908 5658 6348 8627 3031 5588 1354 9230 2885 7498 576 4668 8121 4672 3125 5935 9426 2946 4248 3338 1572 5748 6576 6361 1508 6779 6141 2977 3954 3016 559 5644 1702 7464 310 6654 1739 5250 1572 8802 4355 1302 4077 121 1406 7651 1791 2203 6466 6620 8215 6837 4186 3024 9196 8809 7646 5714 5206 3930 669 12 7188
2308 1744 8967 9348 8451 5334 4890 1990 5821 3937 2273 8047 1616 2432 2613 268 1018 4065 2576 2562 8871 9098 6931 4139 3943 5464 6730 6642 9167 2047 2181 4033 6625 1817 6512 8330 3849 7974 7771 1147 8939 5578 7588 1265 4815 0 4797 9800 9407 8165 2883 3485 7438 9063 2504 7994 8430 6240 9595 2700 3583 2095 6038 5192 7527 9822 4939 5691 9755 1640 7895 6902 506 628 4312 3251 7475 6127 8136 6125 9802 7582 9384 1542 2023 9888 9081 4976 9107 5873 5249 5798 3573 5817 1082 6816 5723 1746 7112 7053 8465 7838 321 5306 3456 3213 5771 9238 2351 9041 8329 1528 1239 3127 8790 4176 931 2619 9147 8555 4784 2659 6396 9360 3630 9961 6442 9614 1587 1192 4823 2322 5543 4995 4654 3984 5895 25 5275 4349 47 2726 2412 3658 2911 8729 4310 1691 2279 2662
8163 6591 40 478 1188 3442 6846 1641 9822 9344 7387 1476 4834 7866 8599 6675 2237 5818 8575 294 7566 7633 5155 1801 2487 8799 7497 5656 8789 798 6056 2627 9384 2855 138 9078 5538 9426 5532 6031 5710 7089 6980 7064 1147 4797 0 627 5906 3026 8414 3813 2438 3297 8230 661 1713 2047 9896 976 4670 9247 4602 5408 2941 1459 8832 2408 8601 9490 4082 5225 7503 1326 8682 4535 1651 1187 3206 3097 687 6748 7722 4224 5341 6860 8215 7884 9131 7246 3602 4019 521 2989 5364 8189 6029 139 3467 8639 7371 767 9347 8528 3518 1898 5258 3038 7775 889 6018 6264 4000 6375 7079 2614 2031 9336 6495 4192 1792 5865 1269 602 9834 1044 7562 4466 2287 7411 7135 2600 3638 44 4474 2469 6777 8050 8774 777 1140 3404 7297 4918 7788 7442 1889 3341 7489 4119
8110 1405 6376 6028 3716 304 1159 2942 5432 8954 6448 5697 130 7285 5420 8537 7808 2392 8744 4313 6652 3383 4079 7782 7881 4662 1688 7919 4952 2902 6255 3168 5764 1272 2920 2606 730 9615 6409 9283 5093 1786 7875 3533 3542 9800 627 0 5050 2980 4180 8517 2588 2646 1875 3885 6147 3460 1808 2414 5667 3736 9711 4124 7947 1490 7362 991 1167 6218 7684 6395 8759 6950 9856 5522 135 6003 4400 9816 8524 6194 8749 658 6970 7138 7423 2444 3044 5965 4796 9554 4548 7195 9537 1795 9747 340 672 3757 1302 6091 3401 6517 7665 1196 5576 6366 9017 8154 9786 6916 5675 6431 8965 9479 1734 3395 4112 9826 8330 4841 8080 4671 9334 8954 4449 1492 6271 6627 4199 7667 4959 8422 7149 6180 8246 8193 8880 8063 4516 2082 1024 3715 5351 5101 7690 6375 35 8575
7146 9634 9031 1999 7643 7377 9997 5933 839 1489 2099 2096 9606 7718 1433 5408 95 1502 9063 3681 3534 5005 4115 68 6632 5823 2797 4208 3818 8307 7573 9905 5343 9979 9764 7105 6435 4859 4154 3196 5578 6646 1684 986 649 9407 5906 5050 0 8286 1708 7864 2233 4699 7935 434 8069 6716 2127 6104 3425 6211 5405 6081 1520 816 1953 5026 6665 7865 977 1602 2658 4154 1013 5463 7300 1942 6447 9590 5610 3735 9559 5816 8315 1089 9964 1998 6570 5102 6913 2659 871 5194 6838 4598 1769 1445 9244 5180 7967 8139 5454 8066 6596 811 7111 9175 4710 5086 5448 9187 3715 7120 8120 462 9703 4189 780 6923 4937 9584 2176 4406 6361 7065 9436 5578 8175 7695 8307 2447 8586 4093 3348 7865 9481 4289 851 5493 5560 3804 5558 8897 4204 1745 9750 526 1918 9250
7157 5867 9025 9237 958 536 1411 8194 7214 1558 9270 9345 1611 8877 7035 5017 6092 691 5931 4386 9923 7862 9104 2494 8914 6793 5277 6395 3267 7217 1019 8161 5107 2613 7684 3197 2387 240 6072 538 7891 2075 983 1526 9393 8165 3026 2980 8286 0 2237 8592 6971 8466 9254 6630 6417 6715 9068 1672 7280 526 7457 8705 8911 6464 2825 8007 1899 3528 5802 8409 4900 511 2515 5349 8459 8787 2644 7956 6555 571 1369 1205 1232 7415 2484 1673 6058 6170 4612 8686 1957 82 7985 7164 9453 1697 1461 9222 6370 2634 6164 3407 9754 8105 1682 811 3922 6047 1656 9762 505 7039 2876 8560 7381 883 4938 4764 2074 7261 303 4514 5701 8399 4325 1920 4245 8413 2007 2148 3132 2447 3822 3615 8859 5352 5809 1482 9084 9922 6001 5822 8913 8971 1531 223 7673 4649
2923 5825 2724 5442 3396 6409 2583 19 1802 6045 305 8576 5440 1422 9450 2708 3945 5750 7287 7873 4380 2350 6412 6505 4711 5857 7277 2759 1090 6381 7576 9193 8430 1599 2432 3143 6723 5359 5264 4675 5411 505 9334 24 2986 2883 8414 4180 1708 2237 0 6641 2629 2937 28 1010 8471 581 5784 3029 7507 7631 9255 2187 9818 6732 8340 9896 5141 6764 3260 8756 584 1103 2349 2137 6758 1374 5421 1610 4810 9922 8773 7727 8668 8182 8570 3805 1524 3081 3744 3237 5601 848 9078 4791 4307 9792 4009 6642 517 960 1588 3832 3455 8376 2319 1382 1092 1734 2897 7759 6584 1680 8622 1279 5493 7339 7970 4846 7586 1808 8098 3226 7686 9093 212 698 3071 6957 6435 765 1473 8594 6925 6525 5271 9421 6371 3762 9756 8792 1635 9897 9029 9114 3319 6349 2075 6913
4714 5048 6890 1777 2624 8538 6320 3384 3827 4499 8697 5959 9139 3133 7288 5191 485 6384 7373 9216 2742 9335 4133 6886 157 8526 1207 503 8185 5930 9127 3863 4735 3777 2870 9827 9674 4391 1237 3112 9006 4155 382 5971 1435 3485 3813 8517 7864 8592 6641 0 7032 8798 7917 3966 1376 9969 3367 4259 3484 8331 6066 9256 4266 6061 6565 8709 8724 4766 6578 2671 6684 6657 5193 2214 4349 1045 2924 6585 7947 7277 6876 4680 7885 9969 8319 7251 4423 1151 458 4329 9750 156 6169 2998 3075 3829 5380 8870 3003 2486 6558 4184 7383 5065 7138 8922 430 1508 3265 4710 4177 5715 4291 9672 3786 9858 4267 9362 2304 1304 4653 426 6164 5580 5606 408 5238 8949 8544 4806 3406 4029 5077 1695 9059 1567 7839 1418 7571 5023 789 7266 2800 6008 1973 6175 7296 8593
5455 776 9969 6453 2620 934 9872 4788 5826 8481 6477 5524 7271 4419 1700 4008 6544 1677 406 5119 1218 8589 511 3519 2621 8138 2753 7118 1720 6584 1842 2699 3252 5621 5330 3796 6692 7748 5831 1808 4828 5024 1428 2562 8740 7438 2438 2588 2233 6971 2629 7032 0 2906 2404 132 4175 7916 5853 8492 2911 6787 2281 9927 7361 7133 1717 3621 4891 5397 1934 6568 1213 3581 876 6969 5054 7193 4086 1315 2588 1109 1030 1775 2252 2965 7504 8404 8499 9094 7008 101 5193 89 5356 2175 5473 4057 2891 186 5520 3045 2621 1108 9407 5549 9706 904 3389 939 6584 2953 407 6954 4958 950 2476 2150 7812 3858 9367 4642 3945 4209 5722 6674 1281 8194 604 6845 5129 1321 9645 7977 706 265 398 854 5077 9504 2644 8832 2173 2953 9424 3781 145 55 2054 7204
2046 3497 8910 5803 3341 8174 8020 2251 359 6864 9063 2261 3772 4844 3301 8972 2008 2356 777 3448 6008 4212 5255 4166 6746 7505 1341 822 5728 3146 4153 7160 2856 8366 8263 3708 6276 6812 3793 7449 4704 3819 5652 822 2786 9063 3297 2646 4699 8466 2937 8798 2906 0 5867 8627 6238 7273 8703 8420 7425 3551 416 3777 944 8027 1441 9588 7843 4204 9198 5166 4878 9828 7361 341 2593 9206 9406 9937 9482 2162 3890 8871 1506 6889 6489 8970 9452 420 1003 2746 3087 833 35 7322 5742 1381 6415 1358 6319 9075 2719 6839 7218 5720 7436 8062 8468 186 9277 8738 4236 4770 2652 3179 2429 1424 4423 2240 8841 6488 509 8945 7889 5369 8779 2268 3747 144 202 3413 485 5158 4916 5345 1981 2004 2191 1663 6392 8984 9852 3914 9250 7595 1124 8201 8440 8212
