300
0 8893 8731 3907 2627 697 5501 8347 2158 3768 9136 4485 2028 4913 2721 6897 664 7948 6982 8576 2159 3414 6743 4765 6387 290 5849 6621 3235 497 3867 326 5525 2965 1987 2690 8075 50 9608 3971 2793 2795 7046 2967 4060 9145 512 2824 2941 7828 3118 2047 5252 7698 6433 1250 6614 1089 9985 9469 8141 2497 4080 6104 2181 5719 4004 9787 1085 2989 8559 2281 1669 488 1559 4259 4627 2398 4874 3113 6853 9390 4310 4605 929 7449 2371 1811 4132 4466 5792 6936 9357 8059 745 1166 502 6093 6241 9969 8976 9927 7972 4356 5905 1295 4175 4521 9067 2227 1269 6554 788 3218 6965 8029 7369 6658 8106 1761 4642 9268 2565 4026 6060 9584 5775 5247 5214 3721 9378 7256 9281 5210 6479 7308 1372 3281 1502 5193 9864 977 2485 5548 5773 7258 5044 7560 9100 8199 6417 8383 3136 3109 2393 4680 6839 4680 5051 8315 2814 6987 1219 7843 8208 3221 8817 297 5025 8993 513 6951 3987 8141 8258 6368 3625 6488 9367 3450 3692 1156 7041 3735 3618 4751 2988 8561 8866 4463 4541 5908 2146 9751 4229 8341 8344 8773 6642 9410 5014 4983 7896 3381 6006 3345 512 4150 4200 1946 6086 6730 6187 3564 189 1737 3009 9250 8577 3638 9337 3300 3277 995 562 2757 9243 8675 4451 4738 7760 7418 6207 2828 2899 9759 444 5742 3800 1669 965 125 9892 4114 4032 100 4407 8908 8213 7477 5253 3899 414 3901 54 4666 595 9825 9604 4435 5005 8781 8205 159 8467 9962 7150 6039 8966 3727 4733 6821 796 4004 207 7123 4692 7527 7485 8164 5140 4330 2291 6466 3374 4688 3898 6435 7564 42 5476 4366 9422 1400 677 5182 5186 6203 2772 3006
8893 0 826 9864 31 4075 2188 9318 1284 4516 1219 1034 3022 2562 4536 5028 7638 78 7199 6563 6163 8796 8844 3926 2663 6337 3147 8939 1393 270 4330 2313 5660 3485 7884 4373 1241 5259 533 4563 811 622 457 3905 5018 8951 7023 5299 1069 3768 6803 3080 8453 400 6389 4085 3029 9480 3 1657 5113 458 1137 9793 5417 6389 7522 8132 1958 3326 143 3326 9365 6921 5883 3466 3035 340 2163 1283 7652 4173 5233 8886 5357 5435 5553 7027 1162 8503 6454 8470 513 2404 9152 5145 6165 8000 8694 4115 7341 7939 8949 1285 982 5657 4184 5451 1171 5322 7755 9809 876 3998 4367 7739 2997 1557 1087 4887 5135 4630 8408 7084 3875 9054 7133 5350 9646 2502 2158 5223 2589 7919 140 9624 3027 8323 5825 5311 9193 5864 753 8123 9417 3316 5687 1221 3611 5046 4400 3507 7838 5404 3705 1511 2213 5368 9508 7318 2487 1294 1609 6909 9223 1224 5798 8154 4986 3120 2140 9849 1743 6672 5799 8364 6044 2112 682 2050 6111 8201 9032 7585 169 6558 8488 7208 6899 7266 11 2086 7750 9793 8863 2911 9500 7275 8216 718 3119 4579 9166 6376 6561 5024 4557 8525 1887 497 577 8831 6138 7995 3668 7191 7522 5185 5537 2263 1561 5486 7248 5466 2996 2358 3053 5183 5438 6470 6813 9153 9268 4046 8699 2289 5641 6621 7984 1981 4548 8335 315 9626 8118 751 4673 8086 4384 1350 8639 5820 7147 6094 223 6322 4358 8823 870 4147 6866 5162 859 1109 6631 8043 3671 3466 462 713 5876 7722 383 2155 5857 5678 9494 2964 4358 9723 6107 9452 7555 3076 6259 3030 6600 2150 2280 1868 4632 2809 4687 6161 8129 483 8705 8316 4667 2883
8731 826 0 9280 4589 5017 2340 556 9205 200 1547 7017 8572 3890 102 3271 7160 3167 2300 787 3592 1367 2524 2522 5117 2272 929 5734 1113 636 109 5041 3428 9232 3771 7416 1131 6394 3897 7437 5086 653 8005 6519 9614 8767 4734 7925 4401 7893 8299 7515 8497 3772 1612 3744 6217 3363 5823 5761 392 4070 7819 4526 5949 2782 5424 9546 9145 1466 7916 1653 3482 7673 5103 181 3695 762 2470 5815 7440 1147 4366 4664 7052 8978 4700 4718 9307 1002 2737 9847 8058 7554 5205 5726 4299 1300 5178 4764 6755 4272 5472 4054 2695 9849 8820 8539 4447 1136 1368 497 4542 8678 5747 1020 1137 7174 7949 4554 6292 6085 9549 2970 3262 6158 4187 4854 3756 8356 7448 6722 8246 7226 7869 4639 801 3376 2809 5305 814 2050 7939 1589 907 5282 1376 8535 9892 5545 2062 9907 3647 6411 9092 2661 8080 1600 7629 5927 9135 2834 8299 4250 3499 9511 6053 9867 1630 356 8448 9485 9939 487 3280 5573 8294 9646 9825 1756 2479 9944 6365 8146 852 7772 9233 6386 6757 3024 4930 6549 8138 7599 1893 2551 9838 5240 1377 8692 3808 8476 6152 5336 5787 2884 1509 755 7536 239 8370 9136 6969 7048 6926 5018 1527 1668 7680 8092 6589 1175 2786 6791 5644 4410 9927 7641 2810 6629 7004 3955 7176 396 2936 6649 3183 275 6136 3765 787 1440 8560 7606 4466 6520 2917 7808 8330 8642 1266 6380 9328 981 2798 4733 6336 9840 4723 5051 309 15 1204 996 6694 5740 5524 8625 5919 7891 3168 4079 6071 2126 8691 9366 5264 9432 4235 7223 9757 2533 3889 2331 1441 3609 9450 9150 1642 1518 6742 3994 4413 5456 6394 1206 2069 3428 6690 3390
3907 9864 9280 0 1603 3119 5969 2747 5757 2948 1003 5514 8384 7503 1391 441 6020 202 6354 3050 3834 2367 5632 3738 1225 5329 8350 8949 3351 9574 7228 2388 8257 9715 210 6874 3366 5377 5169 6600 2872 6177 285 1016 9877 5383 6151 5773 5342 7046 1395 2733 198 6386 9368 7443 9475 7262 9171 1673 539 2664 3245 6622 5682 7680 1280 299 2436 2591 1686 2503 9990 4505 8513 63 5124 1455 7394 9633 4170 9264 5575 5873 5148 9070 8940 3921 4648 229 2452 2346 9252 5482 1675 1058 2864 6860 5144 5333 8332 1384 1294 7914 9039 3241 2389 2134 4520 5026 627 143 1666 8005 6953 7302 6440 1829 1597 3620 5721 8954 1033 829 3856 9509 9578 6223 599 9012 5359 7427 8857 6881 3071 3249 2290 272 8143 7692 8210 7933 1621 1205 3561 6852 5537 8166 191 9965 8116 7619 8565 7214 8226 992 7805 7809 4615 3299 2607 7011 5223 2543 9905 7636 2256 7518 4750 2016 2584 9902 4704 4900 2667 3069 6417 1348 4647 9878 2612 6772 98 4564 4268 1711 9728 8199 7691 5512 773 1716 747 3711 5183 6424 4730 4762 7955 8390 3834 9323 4138 3444 7588 1761 9589 8128 4825 2715 1685 856 9016 9142 4815 3115 2753 4397 1027 9239 3802 5820 7750 5674 3019 7216 5053 939 9431 5254 263 9534 4896 748 7645 871 709 7436 7143 6015 9731 528 189 9089 1679 2768 7921 644 1691 2190 5472 5447 7245 6496 137 1970 4373 2356 6120 9871 4242 4924 4579 2575 1735 3562 4079 8408 5775 5980 4740 7862 6620 2609 8154 3717 3097 6544 9675 2081 5281 5911 5997 7929 8601 6819 1818 2736 1513 9879 9266 879 9602 513 1214 9777 3747 5552 5895 4200
2627 31 4589 1603 0 7971 1802 7783 7147 6662 3503 4406 3240 6446 5854 8402 1230 8872 1696 1328 3859 1402 3175 7082 4939 4383 1227 6552 5890 1927 8790 5401 4636 1191 7116 9901 3875 9982 9534 2857 3926 2983 5366 9836 5527 7209 3544 7698 7818 5995 5384 7637 6086 2000 1297 4722 1991 1109 7120 9353 8473 7074 9376 9141 9719 9279 815 3222 5907 5719 6275 2452 5429 4459 6166 8355 3057 523 9597 9840 1355 7323 5244 2867 258 4865 2875 6878 5633 3565 309 9080 5084 1726 5276 6045 9205 8924 377 8527 2145 3823 7650 7318 4213 8215 2932 4758 9102 5911 9295 1992 8646 1957 3389 5462 9795 1716 9974 31 54 8015 6131 3219 5258 5842 6589 8017 9455 8993 3700 4574 611 5256 1804 4360 8758 9475 1340 6997 142 3325 2492 5273 9932 6985 1575 9172 2458 5657 6771 477 1879 7260 6448 8197 7040 2558 6134 1940 8901 5183 8362 9058 678 6108 8290 3298 6234 8071 5529 2099 8203 2691 7133 6448 6756 4606 6177 7245 5698 315 6299 9032 1635 8165 4200 8439 4723 4660 9527 7991 5827 9244 9486 1146 481 6430 7439 9690 1079 9036 2346 5830 3139 662 2468 103 622 1483 4246 6554 6246 8216 8089 7377 4288 5008 5136 1673 9803 7253 7171 2327 6952 9817 4670 5901 7275 8856 4750 3449 1905 1415 3200 781 3985 5531 7073 740 910 4551 1743 7183 692 6501 6417 7232 7801 5742 209 8130 3199 1785 6155 6323 335 9716 9141 4208 6680 3083 8890 2190 8278 333 3896 7215 1299 40 5139 3229 5489 4553 6542 3883 3947 9822 3808 1914 7168 4021 5311 5518 6344 3479 546 7606 9012 6652 712 2583 2914 9520 9433 1865 7011 6598 2714 4443
697 4075 5017 3119 7971 0 9268 5140 1342 752 2175 3119 7789 1987 1608 9478 2126 5866 645 8874 4305 5734 3781 8329 9908 6057 2256 2067 9454 6804 4638 8584 452 406 8746 2738 9466 4569 9785 8996 2325 6485 4267 4881 1507 8095 1177 5943 4758 8877 999 3129 8298 3239 5445 3052 5027 5241 9967 5896 4535 9847 5113 4443 8544 4918 4795 8416 4394 7738 8085 2936 9417 5500 1071 3911 4244 5709 1381 5549 8875 8020 2390 9225 311 8455 5152 5394 3949 2270 6659 7046 8926 7208 962 7237 5288 9064 7381 2066 3203 9484 3716 3729 4213 5608 3671 2818 8511 7833 8820 6160 8899 1121 4994 336 4944 1128 7671 8189 8826 70 3457 7607 625 4667 2911 3572 526 9496 683 1190 8109 1781 778 8798 2256 6866 3640 2583 304 8522 6122 9157 3471 3145 2615 7965 8137 7730 8031 7312 3711 9395 8773 9056 4640 6766 1127 545 5857 774 4686 3163 8790 8041 38 4262 1585 8946 3247 3465 6096 1188 2708 3494 6287 2017 3245 9856 1677 8472 6668 2656 421 7859 9983 8908 488 8461 1306 3334 505 9017 3436 5012 8492 34 3635 161 2484 4061 4426 4510 6354 9855 8918 6451 9306 1175 8507 1566 1808 6377 4252 558 9540 4638 765 1752 6866 5119 1837 8693 7755 1440 3042 9961 4623 889 3039 576 2218 5617 100 2537 9666 7972 6050 6731 3750 1613 5617 2171 9001 1938 7472 6104 6723 8408 4295 1869 2062 4537 4596 137 4529 2827 6473 441 7776 3338 6873 244 419 4919 8580 1166 1256 1200 839 309 1445 9044 5086 8657 7431 3978 9008 3263 2311 5375 2520 8415 9791 6696 4608 6439 9386 6805 2811 1533 7363 7635 3246 2823 4501 3332 9254 3592
5501 2188 2340 5969 1802 9268 0 1874 1332 7459 6025 6037 2183 5536 214 7370 1762 900 6597 9857 8602 2973 568 6103 6949 9325 5332 1125 7777 4867 4369 6921 3766 6097 8740 4987 2748 9158 5059 5268 8776 134 7683 3843 2380 2003 452 9405 7217 1267 8904 662 8007 6229 4738 540 9181 5725 4290 556 4984 5886 5389 2775 8382 7370 9274 2035 5153 3205 5803 4976 7954 7131 8964 8003 700 6574 1778 5247 4184 7396 6067 3147 1192 5268 9443 3813 813 1920 3352 646 2684 6999 4986 7088 7160 5529 9855 2592 2821 1599 3475 5173 820 6067 6194 8363 8922 3386 545 7762 4710 6813 9359 8571 1220 6602 6257 6180 5508 1180 1136 3305 7016 6813 3664 7792 8351 644 6341 2605 9449 5714 3953 7165 6371 2581 4033 8647 3514 5118 2666 2750 2827 6781 9099 1313 5882 7463 5891 786 4431 4182 5479 1070 676 3399 5234 6962 9351 9340 1032 2329 9020 1042 1186 660 2996 7859 3149 1566 5163 8092 9993 6011 5931 209 267 9628 5379 6692 5509 6838 8143 5010 2266 3965 6090 820 486 8492 7587 3803 3280 5500 6027 6555 8547 1338 8357 9618 3724 5594 2453 7779 8927 1164 292 8781 392 2043 3512 9462 5428 3758 9338 8059 8772 943 210 359 7103 1094 7808 9968 4953 2719 8793 3588 8148 5621 9771 5832 1854 7067 2329 9244 6662 4920 6559 8658 300 1258 4618 7247 3652 9353 3843 9648 1626 4008 9933 9216 5706 7536 1149 1883 4178 6604 2359 6024 1338 4141 4507 2903 689 3454 2112 3820 8362 9192 7471 2125 3449 1760 8894 8166 3862 9766 2643 3291 9607 8151 1902 3495 3771 8101 4470 4389 4210 5591 369 1624 6046 8426 903 5768 8326 7264
8347 9318 556 2747 7783 5140 1874 0 9666 9464 4628 1454 804 3915 7196 8393 3447 5530 7814 2202 4282 1886 640 6058 6782 3700 5439 4791 8724 4773 6112 3605 2904 7720 5009 2984 2883 37 7974 7374 4896 3785 1848 1451 8427 3521 9008 1880 3143 3296 8289 4334 8019 4034 1056 2465 6544 7241 5263 7796 9442 3244 9431 7028 9502 529 3338 5296 90 5115 443 3138 5628 8712 620 8980 3292 6246 7214 1552 8215 1012 1480 8464 8514 5676 5519 1233 8940 3558 2731 7236 1833 9608 5848 1017 4229 2224 7446 3204 4626 7406 6820 2882 7646 5297 2836 7896 1674 3489 6583 1814 2615 6297 6126 2041 9271 4471 9961 5901 3133 1442 5743 3579 4314 8949 9892 6437 8451 5475 1777 9648 9279 1751 3436 6865 4349 8454 1897 8391 262 5052 8320 6840 9140 53 7000 3988 4927 3121 8549 7257 5864 1758 3771 2386 6297 7922 2209 7483 5847 2227 8015 6443 9091 5006 9235 2229 8934 5662 5625 7663 6639 5392 4733 9557 5646 9061 8798 6391 5635 1493 9480 9345 5880 3546 9478 78 1986 1421 104 7707 9805 2983 476 5180 7200 1879 7172 3831 1411 2803 4203 2697 1555 392 4645 3667 8771 6583 7061 1216 7324 2295 6488 152 7972 4060 883 3137 9296 4718 5188 7935 4431 538 2062 4115 8151 7714 3745 4111 3501 5836 1950 325 9426 7918 9765 4815 2678 9045 7593 8413 7357 229 3839 5915 7313 7593 2148 9362 6798 3491 9532 37 2421 6875 7555 1188 8112 8988 1684 6921 3873 9162 9661 1682 8768 5580 1882 347 7826 4033 6919 2513 8708 1692 348 8505 7101 1326 3403 9411 9858 1768 8480 5383 3678 9195 1060 5490 335 6336 9134 4853 1785 1995 7851 8570
2158 1284 9205 5757 7147 1342 1332 9666 0 5707 8974 3640 610 3065 6858 1459 9828 3147 3958 6091 48 1361 6993 3928 5303 9368 5320 8082 7130 4630 8554 2736 1992 7257 7687 3536 2540 9531 4031 9366 5482 3875 8638 6417 2372 5396 8783 4611 4259 9441 822 3623 842 342 3643 3877 1722 1571 1415 6829 3585 3754 2932 6334 1837 5804 1684 2765 8812 9788 6776 5603 6573 2215 865 1542 7470 6700 6863 1491 3588 2435 6972 3566 3049 9096 2651 1255 6920 6683 1224 8442 6465 8895 8473 8655 2868 7367 7275 221 7398 9292 9318 2052 4167 890 5374 9066 3322 8562 3200 9492 5356 5839 384 7039 5826 9476 5015 3264 130 4720 486 1829 2523 9777 166 1126 2731 629 3952 3144 2134 6199 3056 7540 720 5538 7367 5372 9860 1704 6763 3702 4042 1137 9737 5468 7169 8475 9356 8582 7078 3321 2666 9985 685 7807 552 1996 3040 8499 9428 4792 1131 5660 505 4704 2672 411 5186 8342 8093 7163 6041 8311 4642 1967 8297 6601 6207 4994 6453 7604 341 8954 1197 9557 6297 7946 2182 7362 157 6861 3199 4074 5753 8830 1162 1824 6138 8501 2167 1188 6035 2381 9163 63 5130 4770 8157 1459 5633 9822 284 3185 3681 1146 1257 3273 3598 5562 6086 8367 2430 7613 2837 7812 9535 8690 3333 1105 5182 9611 8670 8538 8203 5189 3716 8056 3418 2176 6301 1928 2154 3098 2035 3647 3826 1706 3101 2515 3748 1009 764 4256 8872 1198 8175 7261 9957 3398 7499 3649 6838 95 1612 2489 5782 6144 8222 4575 7022 8883 276 8185 2913 505 1945 7304 9305 62 7551 6785 9825 1773 6076 5420 4744 2970 4766 1290 2567 293 8521 3940 3902 6558 2750 9543
3768 4516 200 2948 6662 752 7459 9464 5707 0 7182 6509 5653 4327 7872 775 3459 7467 6947 4922 4510 1325 4690 3344 2081 8092 336 3505 255 2512 424 6121 3424 4443 5228 2114 4463 6094 2227 618 2705 2986 2042 5217 4386 8470 267 3568 8364 168 8444 2500 5832 3095 3340 6314 5114 7936 4603 9998 2765 4356 3252 2765 8790 3116 1235 2403 2033 7079 1673 1978 782 8721 8066 875 4723 4209 8714 2670 2360 8338 4290 3775 1232 522 2929 6007 3560 7329 8364 7983 8058 3342 6017 6932 6921 7993 7627 8410 762 3639 6519 7027 3621 5371 1369 2087 6463 6100 6822 9623 3063 2485 2819 9211 5520 9871 6161 6762 2658 8495 8619 7300 4563 2155 6087 2138 2397 941 1301 8670 6731 2171 3023 9748 519 4786 345 5526 9638 6050 2251 3192 5468 5125 7840 2822 1034 1562 9355 9097 8750 9178 2265 7687 1765 6438 6646 1732 450 3014 3660 6259 3945 8641 6593 6395 5132 3156 8653 7967 475 4578 6460 5040 619 4300 6096 6660 6077 4091 7762 5440 8707 1389 6516 4166 1027 5308 8174 157 8235 7144 4540 3071 3593 3174 6068 696 1524 3761 7976 6763 7148 6730 1263 5158 4464 154 8650 3409 1447 8222 4031 8315 4685 2129 1630 737 9349 4278 4263 515 7736 4103 1826 530 149 728 9926 6143 6689 7969 2935 4356 8680 7373 456 4950 4771 546 88 4001 9715 2630 3034 3739 7837 4504 8704 1412 607 9183 7747 70 6697 8389 6534 8609 6018 8744 9361 8908 8695 7517 1723 1264 6855 274 3946 7682 9448 5658 6412 4318 4714 5601 2638 3835 2160 9030 8954 9245 1247 6715 7324 5773 8066 8765 1580 9376 9804 4810 2063 6929 4924 6532 4510 3603
9136 1219 1547 1003 3503 2175 6025 4628 8974 7182 0 523 5383 7745 2431 6680 4691 6424 5527 4163 3504 7701 4133 9124 579 3142 4169 4106 4177 9712 5255 59 4377 2505 146 8267 3977 4073 6921 2928 1067 9046 8353 1740 3527 8239 4135 2921 8646 1273 5221 3055 5954 4926 6956 6951 5496 5320 7956 9357 4489 3939 8574 4850 9615 131 1267 3768 3453 2290 7297 8230 7195 5522 2813 2455 6918 1618 4976 8837 4658 2296 3549 771 2980 8241 2241 7874 5056 3147 3956 1939 9857 8341 5628 2305 4731 6890 3875 792 2059 6412 2696 5004 566 8064 5447 830 5422 5803 7248 6888 1953 5120 8644 2335 9016 4720 4283 4343 4603 8907 5670 2510 3325 1494 6498 2684 8793 7158 9648 6688 6942 7114 9071 2211 6948 3131 1157 5406 1383 3912 4657 259 1835 9674 6683 626 7684 2793 1580 6777 5408 4270 2721 5634 2888 2732 8840 8769 6237 9064 9502 7893 1215 7163 4559 181 3020 4401 1318 4540 3471 1531 3407 1703 5927 4805 3344 5943 8183 708 2097 8168 3204 2030 7195 9752 5660 3898 6075 8229 1313 5207 1294 8356 5995 3885 6295 9599 9136 6093 6855 8794 4212 8508 766 8039 5495 929 5134 9879 6668 1457 5529 4679 3977 2609 5594 5311 2640 2264 3110 7979 8952 821 6046 7920 5015 3121 2628 3640 9488 2050 3872 616 1634 8711 2421 894 8953 1803 9502 9062 7093 7167 7798 1213 5022 8171 4964 1652 4912 8795 7200 5040 4306 7594 2949 9081 5327 8010 3791 9602 5724 2622 9386 5352 8350 1566 5491 5254 3423 2677 2515 9012 1254 898 2705 7711 9241 8840 1144 8711 9583 4404 3637 5445 2990 7827 6192 395 7698 7915 5304 3582 8740 8498 7548 4889
4485 1034 7017 5514 4406 3119 6037 1454 3640 6509 523 0 5001 6938 646 3610 9261 4156 5762 5911 6417 5337 8909 1751 8738 3659 4353 3532 3030 120 4441 9321 9920 1436 2697 5091 2006 7450 9096 6643 8389 1136 1236 4751 6426 1021 2759 9835 2327 4955 3608 2543 2154 7438 4959 4508 3920 5409 3572 8544 8893 1088 2010 6756 2980 5256 9068 9693 471 876 9224 7572 9034 8253 7049 496 2825 129 4390 8924 8813 5510 8904 2907 6493 1188 6850 7097 3320 323 7149 359 4528 2617 2677 3837 5511 3713 8357 1722 853 1889 5264 8984 3296 9168 2193 1652 3427 8765 460 7930 4972 5797 9470 6318 6989 1788 7838 1013 4424 8089 6847 7661 1620 5009 1654 1395 3044 4142 206 7496 9304 3633 8751 7339 9800 4549 8633 6423 11 8182 2546 4103 935 3700 3059 8034 4471 5062 5989 1295 4319 1800 7834 5113 4865 5038 735 3703 5606 221 932 369 9166 1595 7693 270 4249 1008 4939 586 6722 3153 1484 1732 9061 4644 845 8937 5352 5357 6031 5301 2505 551 8775 4797 4844 7169 8457 3769 6383 9738 4162 8106 1784 3018 6543 5968 2345 5479 8261 4002 9482 1769 9084 5466 857 2144 9122 923 4403 6750 6442 7021 9338 2455 1947 6917 3953 8696 5555 7972 7249 3137 6247 5823 16 8328 8234 2996 4733 2096 5757 8453 371 5793 1170 6411 6335 3469 1174 5872 5077 68 3663 6981 8034 4448 3818 3651 9347 6143 4532 847 3050 4311 3347 7714 8130 5232 5146 7852 3051 9258 6013 3598 2545 1557 903 7649 9611 1606 90 6073 8180 5538 7257 9640 2568 3067 1945 835 4413 9999 1617 524 9431 1839 5542 2134 444 7994 251 1039 2432 417 9512 7865
2028 3022 8572 8384 3240 7789 2183 804 610 5653 5383 5001 0 6399 9232 2962 8201 5570 1594 6072 2925 8684 8009 6267 2186 9211 8301 3729 2534 4153 1043 875 7256 9592 6887 8586 8360 240 3384 8287 2059 1932 8936 8346 9671 410 938 8338 8699 8163 7272 950 1864 4423 416 8271 3999 5799 6724 9251 1756 2425 6279 650 8830 1040 6030 5624 5146 9561 872 1263 22 3765 151 1338 2207 5972 6349 1997 5514 3219 8743 3511 4665 613 6251 1233 1730 6873 3437 3187 5831 7465 2876 9915 5911 6209 9006 4289 4905 8838 3590 4072 4633 5292 6706 2988 5069 4262 1072 443 4862 6436 2480 816 7094 3710 931 3542 555 6315 5387 4351 8406 4286 331 3766 7422 1128 6445 3646 8140 8248 5648 705 3792 8222 2356 4471 5307 2229 8790 8928 9646 3614 3172 8197 2814 936 4003 4779 8250 6630 4527 578 5012 4120 2461 8043 2795 2261 7156 9742 8600 1794 5099 1792 4104 2593 6669 2046 7278 384 1733 4793 7221 8446 7355 3162 4735 8424 8858 4798 9765 8997 1421 1360 622 9787 1398 3072 5665 978 3272 1983 6871 2427 5435 5418 7129 399 2313 7291 1059 8330 2637 3516 5640 8128 6192 9394 9803 2240 5587 8643 4885 710 2813 1834 7420 4566 9589 4124 328 5810 3831 3116 9088 5207 6084 4432 2072 4744 2138 4916 1642 7073 3866 2163 7760 6208 3926 8941 8033 170 3532 9479 6261 7097 8618 7158 8838 2872 5959 9183 5672 1120 9611 3147 6399 9974 9097 9625 5192 4153 6779 4715 222 9303 8538 3645 4407 4705 630 480 7316 9778 9644 7630 7286 7952 3879 5493 8323 2684 1791 1946 577 9380 222 3850 8312 5859 271 4663 816 9087 9092 2093
4913 2562 3890 7503 6446 1987 5536 3915 3065 4327 7745 6938 6399 0 5 2063 7267 444 6076 7997 8716 5533 2251 8443 7701 686 7978 5085 8565 9742 131 9100 9969 1468 8180 1336 4118 3576 5498 581 5913 6981 2178 5873 6990 5314 6159 735 1456 434 5664 4718 7228 7357 5785 416 1773 5266 1576 9525 5154 2436 8695 3056 6688 5446 8957 5632 3967 8135 8302 3952 2827 1041 7838 9226 3727 1878 7344 6253 5997 9117 9704 6028 6599 5720 8298 1706 7391 6082 9016 5762 5289 2979 9056 2738 5636 631 7837 7903 4441 8212 2249 3653 1670 4247 1131 7480 7841 1972 5698 7758 2770 6981 3856 401 6082 8297 2479 1447 8884 8047 1570 7260 229 5031 8420 1503 2643 7042 7432 7533 77 8735 4113 2513 8273 1364 1224 366 2910 5751 3244 6842 3425 3919 1557 3400 7921 8524 637 4565 5426 1485 6866 5601 5559 7086 9086 6035 8927 8306 8423 690 1296 5689 7025 7691 124 4771 2308 1225 2715 9464 7170 9701 6410 7652 1421 5224 5738 1726 8165 6081 83 3108 6230 7033 6864 8952 8070 3259 6717 6057 2195 1663 4636 8584 1372 6277 8543 3692 6893 2735 7670 8415 374 9992 6463 8194 3603 3850 5288 3566 6489 4745 455 6594 5275 7860 1763 7647 4739 1705 7118 4470 2647 2475 9648 9854 3806 9850 9183 1290 497 4853 3840 4907 8001 946 4641 1858 6839 1852 5537 5320 3338 8395 8250 6737 846 1908 4988 436 2287 5512 7759 696 6431 6514 5699 8428 464 1280 7782 8229 8159 7843 1568 2377 2165 1498 8693 9367 6079 5586 5698 1567 998 2373 1384 1477 6470 6074 208 6560 4775 8478 8300 8168 9389 4745 6063 7722 1945 1234 6408 6379 6861 4789
2721 4536 102 1391 5854 1608 214 7196 6858 7872 2431 646 9232 5 0 368 8071 6889 552 1685 6521 3027 8779 2951 5991 1151 4835 8764 9340 9907 3116 8664 9976 2447 1289 666 8856 7729 3439 4861 7407 8527 8910 437 3096 6947 4104 1716 7885 193 9691 527 5441 346 5941 4470 7592 1792 9155 8397 5962 6785 2427 9088 6878 4036 7964 5365 21 7742 6141 168 7110 2740 6482 7601 8150 322 7637 1328 8466 4558 2294 8806 8538 7456 3324 2257 9585 973 9782 1484 9560 3196 14 4691 2581 6071 9323 8141 2281 3070 2328 9331 2467 9797 168 2506 5328 4357 5861 2930 2157 3572 8280 5597 2939 9583 3232 2007 6914 4082 3776 3026 6204 2041 5999 1155 7765 7644 3964 1275 3237 9401 1817 6991 6552 2900 9230 2981 7037 4583 5003 2701 5151 8632 2341 4940 5974 1321 1919 2037 4068 857 4934 4363 7272 7391 722 1544 3581 8860 9789 6144 9638 7400 3722 5355 1855 38 9894 8535 3021 769 7191 1255 4703 276 6466 9332 6444 1033 3247 7610 9823 633 4812 9658 5019 9431 7367 6920 4409 6964 3488 857 7692 3924 9426 65 7795 6788 4016 5242 3902 3479 9405 6204 1642 673 3036 3335 3237 5790 7856 7348 5329 8130 243 348 3282 6530 3423 1607 2284 9067 9024 4542 961 8303 689 3778 5958 8521 2294 3267 3307 8213 8789 818 1560 654 7867 3278 96 8740 9634 7640 7273 567 6096 2335 9013 4386 5916 5565 6384 9170 6399 7496 6088 3647 7307 3384 3455 6787 7824 5843 1136 9880 3802 3071 7432 2111 9348 6893 8112 644 6631 3592 5931 8957 583 1381 7881 2215 5534 2284 4072 8259 9557 1135 4582 8322 702 4655 6784 4599 4798 2447
6897 5028 3271 441 8402 9478 7370 8393 1459 775 6680 3610 2962 2063 368 0 2878 7709 4169 221 6301 8453 5079 495 6279 9964 2805 5600 4172 5381 5417 2455 1420 1584 4981 3846 9929 2475 2777 1037 1229 6792 7430 3623 5059 3118 8725 1130 6939 7668 5996 7135 1010 5113 8166 8263 2410 393 1079 5345 3850 9853 6373 4116 5274 1412 3211 5055 7819 9348 7466 910 245 1494 6903 5323 1380 4002 8447 9242 9427 8247 32 4801 1802 5155 4509 3166 2298 7483 5244 9200 8717 4559 1777 9064 5451 907 8843 2527 8957 6779 2632 9641 9721 4250 7297 8381 9614 5927 9654 4930 8212 4404 7187 2761 9412 1505 3709 2564 7924 3252 6549 3867 9121 5002 8974 8776 8802 9423 7761 7989 2376 324 5508 5588 7750 1539 965 4143 4721 6527 1110 2387 4169 6983 6310 9682 851 8573 5699 3071 2563 2037 1943 2978 8757 2891 579 2405 9783 345 7720 2830 2431 4402 398 4797 6665 9547 4923 579 4866 1834 7848 3311 4149 5286 4193 3050 9655 4922 7051 3284 2952 6097 1489 65 6144 3186 574 4413 8295 4058 9821 6012 4805 4680 6543 8559 8232 8221 7660 2535 6442 1186 7769 1543 7319 9420 819 3084 8220 6048 6988 9134 7663 6706 1331 4465 9996 4178 2536 8707 6006 7852 213 5215 8501 769 1154 9995 3233 1048 1828 8542 4158 5763 2661 3901 5633 656 9015 7783 4832 1316 9406 3036 8735 812 6410 6021 8485 7019 3040 9446 9328 6778 116 6610 1859 5742 7845 2040 9293 8832 9762 8884 1792 1273 1981 6943 3753 8663 6849 1154 1626 819 3541 5466 3637 6875 1291 7782 3499 2211 9298 5003 9449 675 3213 2833 8202 6306 9719 2727 1041 5934 5446 9790
664 7638 7160 6020 1230 2126 1762 3447 9828 3459 4691 9261 8201 7267 8071 2878 0 6434 932 9661 5604 1344 2280 5730 397 1332 2655 3074 999 8578 68 8447 3754 6575 7486 4603 1877 3053 8471 64 735 3773 9885 4213 6314 2943 10 4344 2782 6833 8572 516 2830 8988 9990 8185 3964 4368 8496 7685 8294 6005 9828 6676 1972 6046 1650 7935 1169 9448 5836 3701 2512 888 5101 9627 903 5998 4408 6557 689 8465 7295 9632 1053 4082 6942 5981 6011 4093 4662 8175 1525 8945 6874 8279 3082 7448 9069 4954 7320 4051 3 7624 8174 1540 2437 5495 3032 1016 2576 5331 3003 4740 4810 8021 4409 4641 393 7772 4266 7662 7097 9645 8355 8387 9337 9474 7055 2775 8150 4483 7739 2909 2328 2755 9697 152 9349 8352 8748 2891 28 5431 9720 643 6610 4036 8602 1513 1666 7543 4608 8046 6361 2984 5128 4917 765 4248 3036 7201 8573 7605 5224 1548 2596 753 208 3342 5111 7394 1298 2647 2332 8931 148 3044 9540 2105 1984 5878 2561 1295 7859 5024 3910 3337 9670 7632 8869 3495 3155 5146 3420 3287 3108 8342 700 7352 6171 8456 7595 5854 8447 3157 7963 237 3065 7338 9880 4362 6503 6061 3984 7847 7689 5400 8962 9727 5131 2674 8940 2359 5674 8411 3194 9221 1086 18 3903 2446 3561 6555 8309 5045 3089 5339 4858 485 7510 3944 6516 3066 2430 7183 8581 5103 12 8076 183 192 7283 767 7665 4997 8034 8341 3185 7635 3575 6759 8652 5525 9116 2869 8579 3252 3740 6472 122 4332 5298 6891 2072 1799 6881 2844 6482 4294 8297 2807 5232 3107 2581 8219 7546 367 5221 3967 522 3830 9752 5979 8175 9434 5385 3110 7877 7114
7948 78 3167 202 8872 5866 900 5530 3147 7467 6424 4156 5570 444 6889 7709 6434 0 3825 7787 4578 4165 4728 5765 7174 9684 7781 2412 9422 8748 4073 7332 2586 9090 5710 6197 9947 3231 1295 8694 1337 1487 7305 2043 5808 6251 3857 4290 5556 4728 5657 5325 7015 4150 3515 1081 8021 6408 7572 6445 1977 3558 5437 6975 1877 1221 8969 3566 2769 9771 3264 452 4877 2780 305 4590 8826 48 9081 8479 8788 4723 3451 4478 4943 4662 8237 6658 1918 3505 6470 8505 7940 7143 6617 5648 3077 1116 3252 6990 7541 4461 225 9402 2722 4466 7551 2309 7581 5146 9230 7383 6985 1098 9689 2745 3324 7273 9179 9455 772 3074 8480 2496 1083 6021 8773 1180 2838 2252 379 4823 8610 8607 8827 8558 937 8449 31 1511 9143 9866 7021 3509 8205 3427 8177 771 1694 6879 7814 2659 6541 1732 5002 4792 8039 6326 8278 5580 8841 8103 7677 1914 2529 6926 5949 2172 183 1846 5395 8758 2544 4040 1108 5525 403 3630 198 3118 855 1000 7694 6944 1749 8914 169 9033 4595 4985 5201 9175 4545 3268 7935 8285 1478 1897 5828 1617 5570 407 7290 4004 7897 7226 3833 317 4232 7142 6244 2774 4582 8355 1962 4170 9317 8895 4914 8368 5018 6265 39 6216 5696 9483 6732 1235 6141 7624 4819 8552 9587 8882 3612 8184 1148 6060 2157 5837 3767 9198 8764 1984 4637 3081 6587 885 861 4743 4169 6574 3819 9648 2222 7927 6096 9130 5752 249 4807 5805 5293 2885 5647 5629 9747 268 1438 1791 6126 5026 7118 1305 899 9061 891 985 6622 4168 58 4186 2150 3626 5088 5783 7299 7383 7209 6068 8228 9203 6847 620 5520 9766 9272 6563 8990 9724
6982 7199 2300 6354 1696 645 6597 7814 3958 6947 5527 5762 1594 6076 552 4169 932 3825 0 83 9847 8402 3077 5060 9902 5663 784 8645 948 6691 8104 6761 5350 9175 497 2074 2475 6419 1763 5977 6861 3047 7801 1808 2930 9364 3598 4454 3792 5806 4973 9476 9194 726 4467 9093 5234 3750 2749 1482 1123 3677 9255 3657 2198 9176 4071 9980 6534 970 1800 8825 4521 2451 4137 6657 2475 9942 6444 4480 6344 4464 905 3610 8792 8494 1778 1355 2191 411 5540 4252 2532 6350 1850 4127 1680 2858 3997 763 4483 3061 491 1244 4486 5878 6383 8084 7706 9956 5085 6316 2739 7887 1555 3224 8603 3363 8816 8175 944 5011 77 9615 9187 7125 3790 5670 1768 871 5321 48 4732 2654 8428 5223 9716 2552 7246 5830 3928 7717 5645 9000 1042 1382 4238 6759 4821 9115 5504 2479 434 97 4266 8150 1299 1354 1516 7284 8433 7764 5709 7985 9321 7337 1086 4620 2132 4951 6234 6881 5327 3607 2117 2527 4621 4754 8459 6609 7061 7259 5068 9283 3995 7170 5671 3834 156 4708 5330 6296 4355 9991 1287 3347 4207 7223 5615 2188 3878 3357 4080 8947 8442 9334 6523 4868 631 5402 5002 1077 2490 2701 9219 618 7970 7952 5860 2137 7737 3974 6483 7183 156 3838 8079 2173 4395 2087 560 5635 4718 8001 3407 9443 4401 6238 8244 1472 5615 5248 861 7951 8753 3026 7847 8443 8418 6115 5794 7741 9279 9158 1826 7691 9096 7256 60 4938 9855 1772 9970 3822 8312 3579 5751 4411 5167 2606 3294 4602 7249 8511 4731 4964 3215 4933 2859 3255 7187 7211 8187 9253 3265 1745 4028 1312 9002 2691 7152 9481 730 8029 2543 7723 9988 6230 2242 3674
8576 6563 787 3050 1328 8874 9857 2202 6091 4922 4163 5911 6072 7997 1685 221 9661 7787 83 0 3925 5912 4673 4958 5357 374 2539 4696 474 2952 1263 6230 5275 269 8839 6997 8095 1422 9436 1095 8249 9682 532 1184 4853 2485 6871 5024 6784 1299 734 782 1201 7616 8903 1396 5462 4133 253 7091 4068 4574 2892 7660 5021 9960 479 3451 8078 7018 3852 4578 8651 2134 3569 1467 2638 7533 5419 9207 5640 8022 3653 149 7866 3354 9121 4972 6357 46 4636 548 7711 9913 9657 6595 7699 4887 5524 651 8443 1530 4239 1397 2123 9947 2681 2270 304 4492 933 5830 6351 4352 5050 7001 453 4886 9011 2354 123 9759 9861 1216 8695 7468 7636 9440 7588 8354 9455 3393 8905 4780 2838 7025 4705 7133 4131 2381 6538 6268 819 6028 5379 977 503 7805 4786 9772 9130 2254 8061 1192 6143 6038 374 1456 7653 4168 7573 6866 7096 5368 8424 1213 9795 8746 7079 3267 3633 2651 1983 7965 4017 452 9138 7705 6105 4663 6988 2475 3217 4241 4792 3621 6183 166 4785 8459 8666 1664 3901 6210 7099 9331 2443 8947 3914 2453 7095 3550 3768 9923 4024 9053 5667 1360 823 1006 5890 7389 548 5830 7730 5319 3417 88 9470 6203 7436 9470 9870 1448 3609 4329 3841 6554 7260 3232 7972 1264 7041 1053 9081 6572 9970 9738 9609 1936 9372 9676 5802 1498 2103 2305 775 8846 5993 8793 4851 4028 2834 6933 8193 846 2399 624 2091 3998 3886 3041 2122 1879 9497 9337 4946 4850 634 1141 9281 4785 6319 6378 9956 7852 1173 7845 7074 3569 4802 3737 4600 1663 4220 9396 5157 779 757 2935 6684 6173 1006 2731 1079 1251 1378 5292 3020 6997
2159 6163 3592 3834 3859 4305 8602 4282 48 4510 3504 6417 2925 8716 6521 6301 5604 4578 9847 3925 0 7175 9062 4145 286 4115 9027 6173 9145 8710 2606 961 5812 9148 6300 1903 4072 246 9267 5663 1650 5769 7155 9447 3040 9817 4358 8989 3256 6593 8786 8909 2665 3468 2290 1983 6519 1493 7375 681 801 7317 8933 5681 8555 5244 7160 4575 399 9622 8456 118 4628 6503 5602 5786 8140 7736 9344 5873 8887 8730 4459 5600 7661 5592 1623 1125 8068 2889 8182 7876 5351 9799 6391 3881 5051 6298 9420 9133 2928 1241 9596 4670 1570 1256 5750 4544 4951 6178 123 8344 7178 2794 7194 8970 3079 2411 9245 5290 618 1078 5963 8120 2823 8746 5002 4932 6341 6596 906 8624 7289 7842 6618 1046 2145 3929 443 6359 5091 5330 4603 7360 1575 9536 4871 7148 5347 9285 2860 8987 5772 8298 8723 4218 6971 3076 9891 6226 8278 2029 7830 8494 5228 5767 4162 8222 959 3935 5155 7452 6173 1293 7236 7903 7859 1554 3765 567 4091 2213 7792 9411 5868 2948 3268 3137 5362 51 5808 5026 174 7951 4268 3690 5376 6389 2625 3294 6090 1920 5758 7704 3565 2953 5728 9681 8986 9634 6485 5334 5354 2333 1664 2354 9775 4745 6719 9538 6103 8808 9174 2473 4247 3978 4447 3862 6918 7148 1545 9820 3503 2549 2714 5750 3465 6256 4658 1129 7375 6821 8556 911 3656 1461 5039 2037 4852 6549 526 1969 5439 3723 1650 6373 1674 4246 5294 7345 365 9821 1662 6061 1731 1912 9525 3552 2070 2520 7756 373 6249 3338 21 2632 3499 8178 8089 9335 4036 4198 5924 2554 5161 1913 4657 9181 8132 6654 7210 5070 2637 6285 2397 517 7997 5567 843 3874
3414 8796 1367 2367 1402 5734 2973 1886 1361 1325 7701 5337 8684 5533 3027 8453 1344 4165 8402 5912 7175 0 3801 2149 1429 3903 3837 6453 7680 1569 6641 9875 4016 6179 8893 1671 6242 3325 3647 8741 5683 7714 5709 1996 9717 7059 3270 1113 3473 4921 1773 6948 2798 5857 5944 7015 1312 6823 7833 9873 9319 1179 4704 2236 5835 2680 7865 5546 9080 9073 1570 8240 4602 966 6365 8327 2190 4990 3417 2182 9814 6834 1288 3252 6855 8925 9114 824 9732 4862 9978 4767 2742 4925 4674 8260 6255 4874 2891 9312 9427 1760 8028 3978 1389 7075 8784 154 6185 9853 1670 4675 9234 7928 7183 3636 5682 5389 9390 3731 4873 9352 3349 8508 522 5276 3683 3059 5168 4751 4978 9700 1334 1466 4942 1011 2191 7449 6350 7546 7053 7018 9699 2416 4286 7308 196 8153 7594 7349 467 7856 9791 4928 9424 1123 1583 5301 4786 1160 2913 7343 3820 2155 6451 7687 4922 8776 5186 5252 8094 9695 9064 3940 8418 1976 7943 7065 8685 7731 9400 516 4956 2709 1749 6763 25 9714 9975 1362 8082 6272 4741 8620 688 2869 1128 5031 7516 4015 5669 1322 9323 679 3316 9746 4217 1117 7331 4272 5348 2386 371 5603 4235 1373 8135 9081 1411 8840 1822 185 3332 4721 7253 5541 3277 5126 9061 3876 5056 2628 9581 695 4803 6178 9293 8046 5354 5185 8163 3692 3168 7612 9803 7962 7875 6012 2367 6273 7689 5316 835 5552 5187 8271 4825 1789 9314 5684 1419 7653 4076 799 119 1466 6216 2719 8574 6152 9174 7008 2085 6412 3910 8115 9506 2001 3496 9721 2313 3375 6086 5415 7189 6632 3688 3178 5811 952 7686 4871 5256 9848 9479 6050 2938 9687 2356 1671
6743 8844 2524 5632 3175 3781 568 640 6993 4690 4133 8909 8009 2251 8779 5079 2280 4728 3077 4673 9062 3801 0 7469 595 3269 894 4303 8333 7437 6645 224 5524 5524 4354 7355 1526 1695 4266 8183 4774 7288 8810 9251 7699 1846 6029 8687 6880 4467 3817 7044 1049 2774 7708 7204 4956 8707 541 4020 5294 6981 6158 2247 597 5929 899 1785 2570 3695 6380 3086 6886 7697 1251 9044 5462 7441 8013 3382 3685 3056 4734 3515 3230 4454 8921 2026 2921 8151 4403 4992 4964 1376 8418 9168 8028 7700 6720 1064 7741 9479 7487 8823 4015 6944 1249 162 2238 9585 6362 2897 3805 3272 7097 2960 8835 3034 1365 8194 1863 1279 9596 3462 5355 9392 7828 8275 2638 3339 556 9384 2248 9059 4554 6091 3919 6830 170 7609 8597 5801 7354 8516 378 1410 550 9957 1430 9406 7169 7528 1227 6404 8606 5956 270 4118 3138 4559 4395 7733 8161 8420 5460 2054 9067 1855 2169 7599 7017 7261 9998 5184 4801 6826 5311 8010 4283 7621 6711 2299 4625 942 5666 6762 4242 9318 9648 5550 5013 2957 7876 7389 8718 1632 2401 6136 6503 91 9269 471 7484 5893 8877 1111 2176 5503 5878 3412 5614 8703 6017 9516 3693 5674 4658 5745 5989 3942 1946 6914 8999 227 3943 8691 2669 3047 4882 2770 4381 3332 7101 3353 99 317 7241 8157 9197 5754 5390 8214 9728 3733 6208 1352 9386 152 4460 6899 7483 1525 386 6001 9914 857 2231 4179 5068 2890 5214 7142 7059 8985 1722 7944 9053 3798 3855 431 3695 475 2324 4659 2844 568 7084 566 6931 8700 4827 4274 2172 8410 1694 4732 1050 9027 2407 7140 5201 9538 4894 7236 1106 7234 9700 3465 9210 9792
4765 3926 2522 3738 7082 8329 6103 6058 3928 3344 9124 1751 6267 8443 2951 495 5730 5765 5060 4958 4145 2149 7469 0 8318 6388 1511 7948 6674 6140 7715 4169 1413 6069 8111 2138 3425 6259 3536 3977 573 2159 3542 1455 6586 8325 106 7972 5022 2471 8076 2406 3260 9132 6428 940 6923 5117 2855 1930 532 7986 7106 8881 414 9107 6395 1012 7866 2038 4059 2894 1978 853 330 508 8936 8834 515 1599 5630 7735 8058 8590 653 4129 4009 3770 3937 1439 1055 4191 1942 241 3306 6065 6547 7136 4302 2775 2951 2277 2751 5504 3820 2823 6361 4477 8648 7590 5416 8219 7896 9426 3118 3421 7624 6343 1324 8062 8323 3208 6101 499 1574 7266 998 115 1551 246 7284 9491 983 9918 2214 4233 1437 8632 7794 7814 8183 9847 8280 138 435 1165 8124 1985 9154 9763 7031 4802 9035 2906 5488 5070 8669 3855 1318 1368 8738 3062 5007 9578 7940 1996 4917 7783 9407 334 6115 4833 7012 1484 1632 4986 3099 8291 9116 7264 2264 7079 3733 1102 5497 8841 7401 9386 5757 7710 5639 3631 9152 9775 6265 1219 8816 3448 422 5700 278 2685 4639 1794 6493 2042 2150 9269 3241 6877 5526 9688 673 4139 4453 3120 4202 7084 9586 7717 9658 9483 8643 1618 6724 7767 5856 4937 4197 7517 5355 3685 7303 6089 6117 7256 8442 7500 3241 8355 2016 7063 2093 4754 7848 8422 9443 7080 6725 1300 8068 187 8600 2785 3919 1001 4388 8510 2831 2743 9825 7585 4815 4983 3148 600 386 1422 2010 8039 8058 1502 4091 3160 5497 9535 4011 1964 1427 6937 7096 1062 7510 2278 7288 7093 9294 6273 3377 7439 1081 9880 1352 9614 588 4178 4293 1250 9453 8508
6387 2663 5117 1225 4939 9908 6949 6782 5303 2081 579 8738 2186 7701 5991 6279 397 7174 9902 5357 286 1429 595 8318 0 8583 6381 1001 4723 1594 9622 1194 5857 5608 7660 426 7574 6205 4314 9792 5726 6331 8000 1359 5070 3070 6318 8263 2289 7269 9780 1949 2528 6419 2732 9473 2768 6765 8736 8748 6315 8704 4316 9650 6183 2463 7929 1890 9538 9245 9017 9971 5781 1209 4769 3714 1020 948 1907 1630 783 3064 4459 1106 7823 2452 5268 703 1152 7254 2352 3661 6011 3345 3688 6695 3292 9911 4668 3183 8096 9366 5146 5652 5098 3371 8525 3642 7733 345 9716 6840 3477 1416 7119 9674 8372 7424 9121 3260 8936 2418 2236 4575 9821 6644 1422 9542 3106 8906 3074 8877 7065 8419 5946 4456 8414 4725 7607 9213 3317 97 9931 5378 9097 8286 899 89 5982 5854 9584 1114 1002 2475 7668 5180 3867 6291 5375 5590 1588 5391 116 4096 2937 394 5232 7755 6209 8790 809 8636 2218 2307 1279 5988 5027 5807 3027 5466 9834 2377 9929 9739 7405 793 6928 1186 5367 8151 7949 5107 3723 8453 9442 9205 5995 2287 8176 3039 700 892 9148 4696 7264 7416 1772 1375 8853 5191 5168 5320 7892 1332 5772 8590 2430 4735 5603 5240 7966 8951 2113 1986 4756 648 4956 8690 6100 9538 6482 2080 207 5658 430 9071 6541 5960 478 6381 5092 5802 866 8280 1993 9893 4456 90 720 2399 9003 4855 2834 1365 4620 2063 7289 7170 6188 3320 2475 5256 3977 310 4915 6038 8190 5270 4645 1664 9964 9815 6195 8344 1751 1965 9580 6455 1095 1180 9890 7259 6933 8429 3435 8841 4465 1515 2662 4839 1886 8177 2760 2083 4633 8415 9643 9010 2994 3771
290 6337 2272 5329 4383 6057 9325 3700 9368 8092 3142 3659 9211 686 1151 9964 1332 9684 5663 374 4115 3903 3269 6388 8583 0 9972 8924 7749 9064 5452 258 3801 5766 3732 2150 3717 5195 6895 1703 939 582 629 3756 2752 8617 7470 6345 4740 997 7362 7966 1845 4886 8301 4986 6041 4177 8058 7313 8885 377 2199 7998 7824 6449 7142 9638 5987 11 8153 5053 1998 4289 566 875 8640 4069 6534 8292 9958 1338 466 987 596 4241 5069 9732 3743 6060 5689 532 9307 9682 9204 7222 8819 9924 8131 5262 6053 6186 2938 1315 3640 254 3123 171 1382 6857 6676 6663 6788 8853 8395 242 954 1527 663 9173 1145 8173 3997 2965 829 8016 7280 6949 1752 6904 1616 5540 8589 2447 990 2183 4781 8088 2594 9225 8783 2656 9689 6657 2368 336 1964 7071 8675 2056 1002 6142 6827 2891 8106 7365 3482 4879 2532 2712 467 1022 9034 8881 3538 2768 2194 6011 1853 2575 763 9405 5084 4731 1625 3719 9566 8695 1384 8960 3717 8998 65 3359 1730 2966 5218 7926 1819 7696 5229 3416 8649 7358 638 3494 2219 7468 9082 1919 3093 9461 9870 9137 8 8430 2683 1339 4489 3946 7487 1264 3545 123 8842 1174 8558 6304 6427 1347 3073 5948 9094 1349 895 4252 8510 1734 643 3326 1168 6693 6281 1175 3639 886 6037 272 3964 5562 2935 9029 4414 7278 1233 4710 4327 4541 3313 5925 4053 9477 4121 8525 6296 6105 1454 5150 4378 7107 7685 6961 9839 4827 576 1642 6070 8245 258 3107 9430 7381 8529 2616 7812 1510 1528 3707 2704 9512 1184 2749 6706 7712 9402 878 1816 8749 3242 3470 8485 7390 6573 4442 9258 2483 4993 1023 6047 3439
5849 3147 929 8350 1227 2256 5332 5439 5320 336 4169 4353 8301 7978 4835 2805 2655 7781 784 2539 9027 3837 894 1511 6381 9972 0 635 4114 4540 7040 8784 6684 4885 7729 9685 1452 420 6987 4728 3867 5147 259 918 4752 4713 5687 5651 2985 8755 1476 709 8436 1341 4613 3752 3727 5390 3761 5075 2357 9916 6562 3760 1585 7355 7177 1368 4247 5732 8484 7710 5014 6396 2558 105 6773 2935 9444 2837 2431 6114 5066 9666 2629 8002 233 5456 6637 6003 5220 7056 8251 1178 5401 8998 1709 5552 4839 4414 8149 4372 7017 3287 3190 2142 8790 9374 2477 1557 9352 7012 5585 4846 2914 5162 3428 8864 2427 2372 4156 4927 9786 5468 9122 3521 2304 6536 8087 1260 505 3925 6310 3022 4334 7760 7099 3230 5002 1304 131 9068 1647 9188 1731 3144 4027 3328 9244 7125 5391 9756 3519 2321 8967 4568 5548 8308 8392 888 5390 4588 5610 5320 5908 8159 2666 8471 7846 8826 9960 5368 8517 3211 4019 2915 3038 3004 3705 9791 8021 5989 8981 8904 3434 1205 3967 9545 2733 7186 1025 7907 9812 8389 5294 8714 8933 6149 5683 2549 5698 2427 113 7391 8955 8824 1573 6952 9110 8482 3219 1639 4465 8408 7134 8341 5487 1704 4123 4252 7140 6613 8209 5660 9867 7402 9173 6031 9031 1454 3694 6042 3094 718 4012 5347 2478 6663 4718 5004 8939 6978 2192 2713 6285 3430 3787 4175 3423 2696 8319 7165 2618 6703 9997 4711 1188 9711 5500 6464 5177 3059 6702 7527 9293 4671 6322 5487 1086 7153 2954 897 2540 4997 4195 9365 8888 768 2239 6388 704 1655 1061 6407 6629 7724 2151 502 5236 9934 3884 737 1141 806 811 4158 7330 5967 7229 6188
