300
0 8408 6831 5893 6496 5564 9455 6874 1917 9717 3337 8684 4758 5299 7324 322 8592 9375 1388 5063 4051 8962 5757 1604 6476 1582 81 4843 1886 7863 2141 8161 9988 7325 2484 3439 2459 5882 2926 2386 2325 4541 2054 7555 5005 525 5062 1380 7356 2894 9869 2755 5104 950 3430 3185 6846 7398 5247 1055 3931 3354 3343 4004 3400 3251 6493 6910 2570 3326 6686 9969 9320 6659 1302 7883 1581 2279 6582 966 7094 9818 7065 5055 6454 3057 5597 2956 9919 4836 808 7079 670 4579 28 1767 754 9287 3267 2352 9273 761 3775 1811 337 7815 4101 6733 6407 8978 9980 7347 6722 1331 2290 8721 910 2543 4892 4823 3197 5782 7645 9546 1811 8177 7117 1491 885 9519 6676 4668 8216 1936 1558 8466 7731 3236 5173 839 8397 4809 5863 109 6457 7411 2457 3028 389 6868 6141 7236 410 2845 3308 3854 14 129 9233 9099 1620 2788 4259 4366 6553 5893 9708 6172 277 1218 251 3290 8769 3758 9612 7712 9501 8678 3423 1868 61 7707 2752 3898 4049 4703 2323 6831 7365 6686 1954 8113 7630 1001 6906 6278 3002 9477 5597 7938 587 3107 2339 1307 5624 3412 572 6979 8837 3017 9902 1102 182 142 6655 4914 1828 7205 9040 4241 5844 5590 5411 6724 1432 9423 5799 8413 3731 6054 9429 4002 3673 1573 7945 3903 5760 81 8306 3533 938 7436 231 8330 7971 2012 7785 6199 3742 7470 7252 4678 4679 5959 2035 7314 9985 2019 3086 6258 7681 6759 5816 7773 1025 7503 4698 8439 9938 1760 7738 638 7990 7800 4804 1933 6813 5247 227 9815 5189 5450 340 3154 6338 1641 6967 6357 1650 4195 7699 9045 5158 6319 2321 6592 3845 7740 7998 2661
8408 0 5951 4274 8119 5213 4675 5789 5209 3395 943 7054 262 6026 634 8652 7146 9636 8759 2405 787 2750 8977 4990 4025 4360 4481 8858 8109 9537 3389 8963 825 3123 5641 5031 3812 5674 7648 3831 8596 3743 9278 8526 688 5934 6198 7437 6693 5530 8147 2176 4485 9832 5070 5344 7118 275 8304 9634 1174 3723 1939 135 1119 1168 3263 4619 5003 116 7903 361 8118 7160 4754 1885 4814 5126 4554 3517 6494 272 8382 3205 7940 8344 9315 1931 9047 3360 6524 1000 9982 6888 9304 6473 7805 5886 6337 1859 1622 3103 1127 9582 5026 9542 2598 1646 5295 4668 5834 451 895 3352 9499 5379 4171 2968 8966 9113 7930 9121 1731 5440 858 191 1477 164 9298 2142 6762 5073 4407 3309 668 6315 2893 7118 993 5934 960 3761 9686 3865 4266 7574 5112 231 7880 5602 8390 2302 7384 7400 4291 9889 8619 2491 647 7502 3315 5300 4995 3828 7786 2701 60 9206 8376 1157 364 789 6347 7967 6504 3938 4194 5443 5810 8230 6968 7156 1420 3011 3497 2927 5811 4128 1074 5723 3700 4025 8559 1133 5108 2190 2873 9325 6001 2009 4436 3104 2024 2325 7803 1678 5094 8227 3806 5761 3329 7333 2306 1764 4128 9674 4314 2344 1287 1806 1168 7828 2421 1247 193 1837 1205 9909 8578 5339 6904 6042 3497 2699 128 5624 6522 1875 1318 369 8281 6746 8133 2951 4390 8053 7290 7364 6210 7369 7040 4110 7805 3999 1932 1896 4863 1522 5413 2275 5378 9320 1630 4163 6093 8143 6346 8048 1116 8619 349 8820 5334 1619 4442 1018 2345 6973 9898 6617 8638 6830 7946 479 5001 7389 8434 8182 9602 2087 6723 8718 9075 3292 261 6204 7719 5254 7901 6431
6831 5951 0 7638 8726 3554 8915 9358 367 7545 9687 7501 6316 2597 1720 428 5145 7240 8093 6784 6463 8491 5185 9034 2397 3313 4715 2334 4853 9457 5713 1099 547 6230 6183 3899 9627 801 413 4958 1971 9393 4529 1759 9259 9182 7267 1387 1679 8967 155 5411 4007 5032 575 1683 7683 6214 6598 3693 2300 1355 1374 1921 2186 2593 3858 1029 7032 3402 6109 1502 108 2387 1959 6896 4317 8469 3723 1584 439 2210 5113 6338 996 2510 8609 204 4385 5317 4632 6895 6379 9819 4496 5198 9625 1176 8087 5319 5333 4917 4320 7488 334 1452 8149 9110 819 8633 4818 1799 8445 1395 4904 5861 2051 9068 583 2574 8279 4254 6658 4743 2396 742 7183 2852 3239 3486 4218 5993 8541 5128 4838 1496 3066 1151 4409 388 4884 9085 378 4433 4140 4165 3805 1967 570 6738 7613 2091 2860 1407 2212 7224 5909 2064 1264 1356 3821 8496 4825 5194 4684 9629 3783 5562 9270 4730 9893 4977 2138 3985 463 2217 7850 9566 8623 853 4045 8650 6724 5640 9844 9288 2065 665 9452 7648 9544 5842 2119 4414 770 6871 4548 5806 9357 7289 5014 1114 69 6926 553 2673 7941 6697 8534 6607 861 567 9421 4539 9710 5952 795 1337 9575 4741 9481 7843 9339 413 3697 4689 3019 170 6594 1588 2452 9385 2197 5192 6841 8875 8906 2855 6141 5704 1112 1138 6523 687 5224 5405 9652 6562 308 4687 8117 8298 1363 1819 7499 8431 9000 1187 2220 3902 6729 2635 806 4383 5273 5758 6120 4635 2607 4367 9450 4740 3234 9120 5994 7673 7416 9222 9304 949 3411 286 3451 5917 1671 7058 9241 1752 9569 4224 7152 7005 7642 3345 5282 6924 5489 3962 7341 1668
5893 4274 7638 0 5910 3641 5773 4575 8354 3086 6405 7309 1629 270 2884 2756 4983 2331 7189 4992 9941 6221 10000 8383 347 6904 1114 8484 9449 6144 1201 1490 850 3891 338 9519 4732 4459 6583 3763 6704 4867 5288 1045 3945 6640 4930 5565 5603 6381 5087 5094 7801 8463 1079 157 6998 3761 5865 1696 7809 1344 8990 9923 3375 9875 28 9838 917 8625 4403 2241 3192 5162 5623 6409 6699 3254 7873 3657 8804 2651 3355 9545 1162 1606 1198 8054 2996 6087 7805 3271 5467 4712 9127 6687 4713 1964 4471 22 5756 2361 681 1953 5139 9900 2757 1151 2790 6150 1997 2306 8189 7005 2628 3213 4372 7226 8037 9831 6310 7092 3155 7884 4205 5715 9366 2486 7360 5332 4269 119 8918 9534 5632 8853 26 886 9450 3691 816 4661 7392 5858 5766 1877 3809 8291 7723 3125 5431 7288 9313 946 9670 2286 6901 293 5670 7057 6240 353 8383 2345 6159 3307 8984 6162 9885 7712 2963 2847 6714 1595 1829 9380 7627 3735 348 9400 4152 1555 7271 6802 2112 7802 7932 1110 5733 4082 7592 1633 8567 6708 6314 4514 9646 9327 3057 7242 8296 6104 7656 6593 6226 1020 1293 7804 9286 2619 5850 9560 3771 5738 1456 190 3586 4565 9837 8894 1530 3554 8777 2376 850 9635 7601 31 4489 5595 5200 5211 5005 4166 6269 6937 6016 5695 4210 2595 5922 1450 2369 1992 5323 7616 8853 7276 2242 6384 9219 5552 8022 7632 5903 4686 5148 5045 5439 8228 7613 4530 7282 3945 6103 179 8654 4301 553 824 6494 4835 3794 1599 5261 8454 2353 4302 9029 1658 8132 9978 4777 1199 6810 6107 3561 3613 8539 9599 8113 4594 4109 4229 7552 4237 1342 4084 7531 8607
6496 8119 8726 5910 0 6877 5413 133 7357 6678 7663 301 9592 1468 112 7966 2515 4896 7624 4818 1782 7479 9487 1995 6067 8278 183 46 7385 3385 4242 5241 315 4478 367 6604 6024 9619 5082 3853 3686 8691 4214 4512 3245 1900 5633 2143 1130 7516 5738 5353 9087 9446 6063 2632 9644 4869 686 2918 9701 4417 1166 3592 5820 4399 5813 6922 4609 8097 3049 5435 8730 3721 1387 7305 7393 6770 3023 5980 3887 3361 6988 8701 7301 6802 4222 44 9416 4891 2986 2451 4677 2984 5702 2518 1224 7450 2143 166 1539 7657 9165 684 2131 9902 6174 497 4966 6216 6242 4612 4835 8719 9000 6264 6902 3724 2889 3501 7799 2525 9288 5698 5974 9271 130 7866 6422 8690 3597 4663 4440 4100 4896 8028 5417 3887 5753 2777 3534 3139 6986 368 6402 4700 1914 9705 4075 715 9341 3097 3189 6637 6544 1639 7549 9789 4469 6000 443 9915 6953 325 6069 2539 5421 3695 80 4582 8882 109 7607 5817 5276 578 8983 9522 669 2291 7925 4950 4886 5154 3146 3602 5522 5604 4472 9750 5323 7183 6888 1198 4121 4770 2895 9391 9459 9117 2551 3513 3846 7585 9116 9169 4075 3058 9780 7306 4972 3056 1318 4908 3020 8487 5059 565 264 4674 571 1960 8123 2396 6721 9473 7385 1573 8204 4910 4263 8247 8549 8687 9498 6480 5225 7387 5200 2834 5670 89 3442 852 1471 5582 4840 4012 2532 8269 9846 5101 8837 4376 1381 1364 5948 320 3951 906 9015 6674 3855 1547 1458 9004 8495 722 9136 130 436 6792 6278 6929 5579 8532 8267 8728 5679 2157 5814 171 8712 5732 4962 6394 7174 4425 7278 3058 9043 2117 538 4926 3411 5574 5473 3872 967 4262
5564 5213 3554 3641 6877 0 1994 5935 1316 6951 3119 1992 9420 651 5492 1457 574 3140 2397 5881 9159 4329 6877 9126 9371 1630 2593 6829 3808 4139 4793 2757 5689 8116 5386 3761 2859 469 7781 2218 5314 6564 5563 1753 3379 6912 1604 2270 2671 8868 9333 7053 307 2358 7695 4723 593 5080 7736 5993 5934 2016 1623 5348 4117 5353 7924 6982 2268 5057 5992 1565 5403 3582 4255 2040 2364 119 7181 3114 6905 1130 6833 5296 5321 7720 1348 984 7860 2866 5769 365 3704 2774 6508 3431 7506 730 1833 6190 8089 4521 2553 1279 2169 4786 9540 9469 3571 7181 5726 3908 6968 5582 1383 5427 4745 6660 3708 8403 8123 2125 5425 5534 2107 5742 2513 9054 7267 3877 8394 5254 8842 7940 2405 7124 3231 5384 7755 9483 8798 8362 8523 3650 9262 9307 5468 1767 793 5667 2161 7754 9817 9629 7309 9615 4396 7773 1989 1674 6400 8885 2636 6136 9406 1271 2560 436 8583 8470 6784 7002 3499 8302 972 1235 2197 3012 5358 8284 2368 2150 1127 3531 1661 7032 5280 6278 3054 9248 9841 6237 3318 1752 9488 1576 8246 4267 8038 2205 4139 4753 5764 7597 2312 3416 8050 205 5703 8698 1577 2817 9014 1279 7754 7467 1242 9102 7303 2908 8423 3599 2707 4730 2694 7147 1962 4939 3186 9868 4974 3588 1930 4287 7250 5281 8205 7843 8309 1118 2530 7366 206 8884 8562 7291 843 135 4330 4851 1245 6343 3922 2143 5175 5312 8995 1011 981 3536 8936 5214 6886 5427 4294 1808 1375 8625 3886 3347 9509 1471 3620 9574 6179 9101 7272 7428 4350 1095 5268 9847 3980 113 4917 9922 9338 333 1594 4307 196 7193 7807 9274 3755 8282 4782 3568 4649 3807
9455 4675 8915 5773 5413 1994 0 9935 3361 6437 2183 8319 5191 2466 6273 7783 6658 1939 8872 2699 7028 2153 7613 8179 7652 5195 4480 3798 9362 3035 7496 6387 83 7369 8601 1465 5441 9876 9998 1510 118 4013 4907 4200 7602 6930 7684 6783 7786 7182 9195 2105 450 7155 3986 135 5912 2997 4323 987 3449 3762 9730 2828 7882 4376 3970 8833 2132 4429 441 9492 6280 3850 9154 1289 8412 8026 9374 8673 2229 1668 6859 8795 43 2209 940 2194 7150 4662 4018 5619 4054 3764 6865 6668 5661 9659 8826 4968 8945 8398 6546 8470 7086 1630 8987 8586 120 7393 4950 7844 2077 9637 5473 7982 8611 1343 3703 9422 9283 5270 9887 1662 6695 8468 7408 6076 8184 3409 6638 2464 8822 6358 3181 7738 8451 5702 550 1668 6649 900 1258 351 7505 3556 2153 5810 3859 128 4341 150 9047 7348 8989 5041 1263 9758 6835 778 6857 89 5973 4289 3084 8104 4197 9616 9584 5657 125 5389 5095 2870 73 1675 9131 282 1737 193 9258 5204 6059 6656 2423 6876 609 4752 6149 4722 6556 3971 8967 8106 9256 9168 5968 341 6998 9192 7050 7174 1065 7952 9335 8345 4739 4938 15 4171 8736 1980 5126 9438 1021 187 5057 6340 847 3300 9048 2655 4452 7731 6907 6527 5784 6959 965 6617 7255 3561 1405 6433 5675 5814 6618 6092 5164 742 3608 7416 8180 2376 4206 6489 9865 4515 8783 1828 3349 7158 1902 6312 5098 6384 6164 8364 355 8330 4843 4228 2358 4556 2889 4525 1431 8251 8645 6644 840 2629 6911 6746 2075 5062 8398 6626 4200 8483 1786 9694 162 6254 857 9229 5535 8172 5826 9533 5956 5032 9663 2274 9846 1448 3198 8885 6092 8953
6874 5789 9358 4575 133 5935 9935 0 68 1359 7370 9614 4044 5011 9167 4336 1873 4800 8269 7417 5097 9993 6989 5904 3678 8938 9019 4315 2760 6996 2525 9432 7910 2007 7489 4052 7797 9176 3616 7948 9386 888 8064 8585 1891 3779 3561 8658 8649 865 1858 1658 7649 222 2165 3143 2029 1370 1423 2528 1818 3284 4810 6120 227 4448 9164 608 5753 4525 4885 5840 6033 7499 7981 8354 9947 187 796 4873 3270 4844 3961 4388 9757 9829 3198 975 1388 8578 7466 2631 2154 9727 7355 9872 2072 4942 8652 1329 9400 6375 7537 9180 9395 1366 1082 8661 7688 6193 1687 330 4843 3945 4877 3621 9076 8960 3129 8138 147 649 4026 9904 497 7971 5303 8273 9238 7183 468 1082 8642 5288 2102 2216 3249 6784 303 3542 8015 421 345 555 9601 3070 3963 3680 5577 5880 3955 6740 4442 7829 874 9220 8207 6004 7881 4838 505 4493 4071 2484 3966 7718 8577 2303 2168 2457 5650 3148 7609 536 7245 3977 508 5937 1913 4367 7897 7441 9585 2408 3690 1910 8680 5346 6087 3269 2627 5789 5903 7809 1874 6780 5463 8724 5131 6189 2790 112 9384 9082 9564 8722 8069 6119 2404 1125 499 8690 7735 251 9990 6947 633 7251 3286 4172 4601 6507 4866 6949 1407 2644 4936 9817 218 8296 5330 4650 946 2176 9409 4011 8214 6012 2025 8945 4969 6274 7460 8275 8515 9455 2069 3293 5227 1740 4964 3900 1164 2632 9391 626 934 183 8526 1910 6115 5004 1641 8853 5665 2602 3342 4820 6900 9507 4120 957 2901 199 361 5941 5272 8451 8725 6492 1492 8451 6472 2860 5892 4506 2152 8323 3096 7479 5344 1747 9867 1496 7517 3645 6211 7022 4796 6104
1917 5209 367 8354 7357 1316 3361 68 0 7932 7777 4832 7521 7610 1287 9408 4003 2999 9746 6747 8090 5101 3104 9787 378 69 5698 5643 2974 7436 875 5889 6523 1261 6515 2557 1702 8197 2853 4173 970 5659 8242 8931 6477 32 4682 1535 682 1248 3524 6294 6793 9905 2581 9852 6988 1924 6283 7936 6079 8749 8155 3354 3687 8228 118 6584 8276 1090 1126 8582 1458 9302 155 1970 459 3718 2894 5777 4187 458 841 3168 8492 7152 4025 6398 1440 9824 2951 3761 8802 8414 3741 442 15 5278 7721 6242 9183 504 939 836 3382 5525 7933 6200 8592 3504 1568 2146 5589 3914 4216 1566 9153 8870 1298 4679 8442 6154 9927 4156 2869 3500 126 7243 9954 9826 4853 9801 4229 1253 2769 471 5180 7729 540 5112 5953 4590 4105 7926 5389 270 3686 9721 5838 4623 7776 4247 4488 6213 7177 3818 3985 6133 2212 3198 7285 5069 6375 4199 3633 5074 1681 6274 8940 8616 9660 2179 9973 8259 1409 8330 232 2565 7897 9376 9405 9155 8012 4331 2515 7418 5769 1129 7615 1167 1773 6734 9355 9439 7773 9116 2560 9897 7663 5958 2526 7282 6606 8735 948 936 9005 6123 8667 4032 7182 3617 8504 3058 3988 8142 4291 5780 9883 9597 4978 8851 5263 8782 6822 1877 3754 6741 6318 8774 8471 2089 6673 2682 8184 6097 5918 5435 746 5767 6191 7737 7393 9156 3702 1211 6140 1177 2898 9659 5400 3754 5648 9967 6839 7756 1605 7948 2141 5949 8557 5070 5713 1544 7227 2686 2749 9920 655 1792 8872 3118 7345 858 8445 1267 4433 2954 11 2372 2166 7745 3726 896 1980 400 5443 4905 4364 356 7008 4778 6893 3469 6024 5169 8877 3356 1776 5620
9717 3395 7545 3086 6678 6951 6437 1359 7932 0 4378 9151 1718 2754 2689 6372 9413 2149 9121 2697 2699 7642 2499 9546 7528 5801 6745 2394 3704 5146 1196 7332 6221 1601 7314 1645 6015 4862 1266 5759 4713 5558 2019 5550 5337 3216 8875 4065 1194 5186 2657 7360 2969 6738 1274 3782 8603 688 7076 114 5301 2760 3736 7903 9776 8123 9 5787 3026 4300 5807 322 9570 8592 6744 75 5222 3441 7649 3744 5635 2455 8848 2307 2736 843 3293 6530 355 5545 4459 9548 4643 1746 4783 5794 5058 4523 269 8750 203 4749 8702 6915 4861 6255 5243 6241 1524 4415 4358 4811 5976 4209 570 1924 9056 646 7388 2896 1565 3956 1863 7535 6253 4018 2570 9890 105 8635 5642 5641 6339 991 2529 2853 4458 4681 6937 1248 9093 7288 1884 6044 3022 7692 9845 8677 5620 8249 990 5902 5370 7429 9059 3241 3797 2179 5100 9723 3986 4522 6837 9951 6846 7386 4176 7992 7487 3729 3137 8608 1891 3588 7902 3594 1749 1814 8940 7170 2310 1278 755 1013 622 90 988 8605 353 4560 9214 1931 6809 6897 6200 9123 2415 2727 6623 8293 7036 2764 328 939 1040 9030 2348 766 4561 8623 9448 6394 8773 6813 8798 5962 2953 4118 3322 3272 7651 9610 1276 6864 7542 5462 9848 4090 4989 7226 3339 1158 6315 1054 7863 9438 5813 1923 5504 6276 5918 3408 5049 5776 6313 8967 3287 6893 8062 4935 9106 2474 5426 3538 2447 8490 9603 689 608 1796 2969 7193 4210 1538 3040 411 7825 203 7305 7918 7058 2320 2674 8316 6326 9429 5106 6801 3002 2874 3166 6469 765 2091 1985 4924 271 621 2217 2466 8046 5455 6828 844 7390 3869 5096 8961 2649 9279
3337 943 9687 6405 7663 3119 2183 7370 7777 4378 0 519 2323 7999 1649 8444 6413 1993 2879 8396 2052 6340 1457 5522 4172 1726 1994 6466 2389 8419 8442 4222 3093 9530 4658 7520 9403 989 9830 9820 1412 1072 734 178 749 690 7277 4838 8408 2866 7065 8077 1118 3083 4863 5419 1861 450 6727 7491 3762 9152 6544 5151 8110 9420 4744 8373 6636 2619 2017 4254 2497 7227 8107 9521 2210 8631 7549 4024 5090 3686 6310 5143 4281 5806 5152 3724 6344 3825 9605 1155 9960 8891 2925 3894 9059 6358 1545 6528 8257 1729 6793 5616 58 7159 3365 8350 6880 7564 4840 3131 5958 6500 6180 7503 8975 9594 8310 9905 6250 5834 1875 3373 7028 8191 7513 6751 1033 212 5271 6035 2855 6194 4831 8515 370 1668 6440 4089 3169 5963 387 9076 3340 7856 9877 7193 2926 4572 2684 1428 7267 4560 8089 2362 4940 9312 4306 8335 3447 9572 5073 8788 490 1076 9451 8229 9318 3241 937 8641 2533 1080 3299 4746 7302 242 7009 6111 6158 2772 8734 3387 3699 6874 7506 4045 1157 2106 5465 3334 6286 4168 253 1987 1798 5580 6377 7616 1862 8784 9425 3174 1367 1002 4182 73 3708 15 4958 359 5730 2270 7228 1281 7374 7866 8439 3559 1662 798 8632 7977 7191 1723 309 2214 6029 6304 8586 8135 9695 2747 6402 4424 3134 7452 4259 3770 8385 4523 6655 2969 2314 8908 5099 8041 5664 4739 2172 6306 2964 4596 6916 1624 333 8185 12 6318 2239 6772 3607 7905 1084 1272 8296 6735 7062 2570 1970 4527 3123 9580 2448 4139 4274 7695 9966 6508 3167 724 1374 3380 3154 3988 3898 828 7525 6236 5810 4342 6423 6338 954 5176 4937 8821 408 9142
8684 7054 7501 7309 301 1992 8319 9614 4832 9151 519 0 5992 3005 3831 9112 8833 1711 9973 4529 7670 8058 231 7756 5842 6832 4640 4865 2733 8512 4935 7552 788 9737 712 9532 3363 8522 3509 3205 5914 6117 4799 9025 5295 4659 6486 2123 6371 5908 2732 4285 1889 842 9307 8067 8464 6853 939 5588 2285 626 2541 4945 7997 3714 5016 6712 5651 9244 6703 7564 5643 9408 1202 9584 5943 9361 4481 2544 6130 7842 7130 8319 8264 8045 2026 3541 6010 7112 6170 839 4938 9152 5078 671 1270 6999 5240 2426 1634 339 3088 5286 8091 7763 6579 8340 5515 8616 9070 6398 7328 4878 887 6131 6200 7107 1477 8278 2186 4595 1054 3597 9003 1581 406 3329 1200 2354 6307 3574 9083 3639 3130 1112 9066 8910 1961 8414 7092 8043 7930 2340 6103 3459 3580 9626 2433 9599 2401 4846 3435 8184 6363 6620 3185 4379 480 8902 6217 2554 9275 4924 648 8781 2422 741 6988 7588 3323 4559 1354 1936 6817 129 3408 2004 9158 4781 4603 7961 5985 9197 3808 6765 7317 7031 3805 9775 4980 8442 9407 379 9748 8325 65 2799 4097 7115 8215 1792 9669 14 4433 9208 9431 7022 3439 9443 5561 7197 9162 8027 9644 3665 8184 711 6014 4613 5401 1641 8079 9103 6642 3003 8460 3569 3888 578 8906 8825 4323 3674 1745 7239 3488 833 1175 8274 9679 9671 2766 1918 4181 2505 6262 8999 2180 2743 4319 9748 1821 1150 7009 4606 878 8981 389 5430 505 7075 7766 8453 6452 4743 4522 7238 638 6790 7979 4886 9016 8177 8436 7470 5896 7088 9503 5233 7320 5191 9781 8344 3391 5560 4316 4742 7601 8655 8158 5262 6160 2778 4594 2358 5521 8132 6782 4769
4758 262 6316 1629 9592 9420 5191 4044 7521 1718 2323 5992 0 3275 8823 5669 6258 4535 2642 8846 2596 6784 8985 8559 6229 4334 4624 8037 5236 8897 4205 4833 4629 9124 3140 8143 2037 9739 8977 2632 3860 6235 5674 8003 5166 797 5690 3067 4996 9674 5783 7548 2594 651 5746 8911 8617 4583 9860 6957 7969 5486 3668 7298 5264 3115 5341 1436 6552 5735 3591 4678 6324 839 1946 6120 724 1278 6041 9751 192 1932 8920 6550 3033 6666 4278 6962 1952 9587 823 2811 9021 1703 827 8162 5941 5456 5386 9376 3261 2452 9675 5988 177 3261 8300 3799 5717 743 3861 6617 4903 4396 1848 5440 4387 5626 5492 5509 6632 9311 3721 7918 2898 3295 6825 9122 1937 5878 5304 2208 4218 5237 7047 1827 1430 6468 9242 6148 413 8896 386 9991 2836 1341 6006 7067 403 7040 9224 8992 6319 1244 6622 6143 4757 2727 8722 9759 1637 1387 5364 3493 891 5466 7219 3803 875 1514 8685 6494 2708 8282 9723 6690 2572 7422 959 3841 914 3753 5549 3720 7852 9965 9222 4369 8236 5374 4144 5258 4994 453 4105 4939 7210 7808 4295 7989 7129 4552 8634 1570 8189 6215 1186 8493 5954 1476 9229 7002 4425 9221 2735 5495 6126 71 6005 7608 692 8546 673 6073 447 4579 3665 856 8394 7132 8256 9221 3121 5782 1361 9043 9469 8700 3344 1101 4618 8176 8955 810 6339 3046 9096 3313 1086 7685 1362 8567 5545 193 7064 6015 5417 5937 5693 3730 4540 1750 1517 1302 4069 7624 5538 9493 715 3117 8652 900 8375 180 6621 2610 3528 8374 6035 6393 1989 7719 2896 5661 9248 6167 1322 9755 3092 4620 1220 120 9404 8184 9238 6049 7314 9686 3530 5050
5299 6026 2597 270 1468 651 2466 5011 7610 2754 7999 3005 3275 0 5643 1254 2959 8369 4385 7566 5049 6191 1039 9341 6728 8474 8027 483 3021 6208 1374 7077 2482 6557 6331 3663 6825 3776 8254 363 6455 3855 6754 939 4533 3570 7558 3835 5537 4497 3264 552 795 2226 1710 4752 4954 4547 7397 8956 9326 3609 105 9511 4846 7127 5370 8234 5338 8619 5389 2072 4560 1485 1276 8203 7677 702 4168 4762 8101 3460 9836 9596 4926 2827 2155 6014 4868 882 7358 3174 2818 7867 7828 5599 3213 8146 4433 7670 6647 1197 9543 7339 8547 4967 139 4353 3156 6875 3335 4288 1155 4916 8228 4211 9721 9015 3014 6317 2331 1038 2765 6487 8891 2003 6945 7728 7465 2925 3174 7557 3168 8046 5785 7962 1798 2824 9536 371 5879 9339 1647 8831 3480 5166 2678 5063 5277 7210 7600 7269 1580 5350 375 7531 3169 2948 8260 2183 9696 119 5723 7038 4392 9081 7771 7252 3844 166 2826 169 8635 4133 1118 7220 9478 1603 755 7489 988 954 4759 1199 4815 5428 4107 914 7918 2630 1623 9454 8311 7063 5380 8566 7106 1346 8069 2766 695 5259 8906 4104 3469 3644 5337 9080 7294 1211 3598 3987 8011 7859 3582 6387 6605 6304 9193 831 3776 68 9042 7404 3434 1597 4039 8848 6686 3521 7823 6216 2517 5655 5453 3832 8175 3338 6472 5097 7301 1207 728 8143 7588 9255 7865 7491 9644 5952 1880 5938 8675 2938 7874 9366 2487 3920 726 5737 4493 3349 699 6858 5047 5126 2808 4243 504 6192 4471 8005 4873 1810 399 4173 1541 8993 6992 9340 5539 6329 6894 8542 1983 4484 3964 6438 6342 1847 4930 1369 8136 593 4288 9960 3402 5527 8012 4451
7324 634 1720 2884 112 5492 6273 9167 1287 2689 1649 3831 8823 5643 0 699 4385 246 3791 6780 3866 5300 9704 7801 6980 8556 6829 1792 8105 9285 7933 8369 2231 3107 2400 9140 5467 6745 5803 6701 5699 3089 5573 7298 9852 2985 230 2930 1315 3072 790 864 3535 3106 904 3464 3505 9542 5707 9062 6287 8202 1501 5492 8253 4512 6930 732 8220 4803 5701 3338 9661 4680 6651 9332 9755 1628 5994 9493 733 528 2142 7410 1645 3134 8791 6331 4218 8889 6335 2217 6801 3799 9976 3450 3211 980 751 9729 9972 7031 8741 917 974 7286 2044 6249 4522 4553 5575 786 1208 1188 6762 7522 4871 6530 4589 1707 7141 4353 1116 4004 6408 1349 1564 637 8728 5687 569 4475 61 2981 8807 5544 2809 9621 4100 4010 5767 9564 4137 4076 4840 2686 8553 5887 150 585 6308 7606 5490 3307 2490 6389 5203 2416 4261 7426 8772 341 5796 3270 6476 7344 5153 4125 2493 6048 294 2982 835 9206 3589 7434 8165 7536 7307 6424 258 9714 4684 3536 7832 9225 7427 2519 9674 9358 7521 1390 1621 1010 7223 6965 1659 1671 7351 5230 9065 3073 6774 4746 5569 1408 7473 6226 9135 8136 1098 5837 6467 419 8043 1765 2259 2222 4384 4745 267 7665 3753 9789 3865 9881 4664 4673 9195 3801 9507 3016 7869 5516 1435 4490 3366 459 9121 7581 5654 6175 9358 8066 6898 3936 378 6023 798 2082 809 9136 6677 6212 1688 5287 9165 1165 4650 5370 4867 9447 8117 2154 4440 5630 8702 7893 4092 2129 179 258 9675 4084 77 1932 9062 4607 4453 9679 2399 5094 4683 4014 8900 6840 3551 1300 9763 5182 7666 8478 2435 3443 4112 5491 5471 8711 7427 6408
322 8652 428 2756 7966 1457 7783 4336 9408 6372 8444 9112 5669 1254 699 0 1241 7183 8163 4504 6629 8688 2873 8600 5985 2415 2750 6459 1434 1294 1406 1987 6667 5651 9127 2872 9983 4594 811 3328 9160 3282 1745 2077 9071 7608 6650 5664 797 6217 6992 4824 509 5707 5761 1819 4108 8803 3617 6412 214 8323 3968 5488 2281 3265 3175 843 7919 9393 5176 9686 4686 7889 9721 4811 9084 7089 9053 2763 7096 3656 9945 7322 666 8651 7678 733 188 4242 6874 7383 9303 8920 4154 9641 4648 8791 1823 3151 727 379 4664 5734 6013 6683 4524 2304 1079 5390 5902 9055 9661 8265 7857 7961 1321 1616 2596 795 23 6862 1106 5057 938 6608 9504 1087 177 8303 1797 848 2791 9700 6846 7871 2298 9331 489 5686 4939 7412 3700 4099 5850 6328 577 9063 4844 7691 1519 3682 2126 550 4456 43 4642 5195 3269 5438 1919 6705 7139 5723 3198 9221 1145 8022 2494 7729 8914 9474 5592 9293 9164 5923 9879 8742 9414 905 3789 4354 197 8713 6578 5609 2153 2520 7081 5787 3836 1725 1298 519 2864 4530 257 3168 3494 5668 5561 6279 4484 7455 6440 3363 5048 9786 1053 1596 6896 4237 9040 1939 6182 5307 7451 5612 8673 5368 2392 8417 7846 3265 8756 1935 3801 6999 4660 8043 3974 1674 2052 3992 5987 510 8042 4159 2666 23 63 9418 3957 6063 2913 7643 6265 561 1911 6340 8302 387 5298 5766 3473 6318 5969 6473 6148 9107 1819 476 3242 636 2383 7858 4947 2897 1982 7159 3096 6620 7509 9670 7896 5536 3450 2849 9659 7727 4641 4668 7356 2650 3257 7070 3581 1106 266 8340 1312 1523 3391 1147 9214 287 3699 6319 7134 9355
8592 7146 5145 4983 2515 574 6658 1873 4003 9413 6413 8833 6258 2959 4385 1241 0 4603 5735 7516 5982 2635 5162 3034 8909 3824 4055 6991 8540 2467 7266 9836 3762 8260 7327 466 2232 4200 9083 9909 3954 2015 2735 567 8930 8553 8129 5075 9421 9874 2500 1608 9042 9761 9136 1418 4522 6292 4390 32 5739 7226 9419 1321 5145 3710 6298 6453 5018 189 6328 2105 4434 2634 6320 5707 1241 1535 2093 2505 2593 377 1029 1269 336 8553 8856 3928 6149 9947 2910 9958 7351 6121 7793 8219 1312 9700 5770 8111 790 4922 1984 1640 9894 8251 8522 4713 5122 6915 1310 5758 5435 5451 9988 8734 1661 66 5658 4189 4174 2081 3453 7328 2671 5294 4599 9778 4469 3462 5796 8790 465 7703 8096 8370 4056 6833 7958 9942 8107 196 143 3016 4554 2980 1234 8053 5360 6364 3172 2774 9918 1764 6449 397 9130 5339 8086 5825 5821 3233 8632 6791 4236 4709 8428 4280 4264 5755 5241 1836 5158 5996 955 8293 7287 2335 6039 1278 2283 360 2499 1433 3859 6526 1091 2155 9757 8766 6085 151 2233 5711 4034 8890 8199 5736 9992 3721 9784 8309 4286 6357 138 7728 9591 3790 4706 8225 2240 3739 147 4681 6297 7362 4371 4078 219 7009 1708 1585 6577 900 5193 2889 1815 6515 1413 9411 8724 365 5057 677 8067 4798 5052 9109 8992 1730 2307 159 5619 9538 2650 8696 5596 4043 3424 7646 5601 7483 3933 7415 7170 9624 868 4593 7466 2335 4309 324 4830 5519 1065 6075 9098 4661 4270 1460 8621 4829 2912 2367 389 5078 8088 2663 7355 5606 8989 7507 6163 1194 3847 9690 9170 2345 2591 3442 1623 4294 9723 7623 893 2068 175 6217 4070 8367
9375 9636 7240 2331 4896 3140 1939 4800 2999 2149 1993 1711 4535 8369 246 7183 4603 0 7835 1546 2428 395 9904 613 2539 5497 6842 6317 5538 6498 597 1364 266 3215 5136 3885 5876 1443 4389 3421 6858 5278 636 27 1274 2183 6889 5966 4259 4178 5185 862 2699 9636 7161 4725 4737 4954 1043 516 4126 4738 5740 3908 4190 3826 5194 2495 7031 671 6670 5602 4662 494 8456 5913 3918 6843 5572 7707 8062 8053 1760 1418 8005 817 7400 8264 2110 5623 4419 355 3677 7275 2475 1599 6885 5160 1272 808 633 487 9595 6310 5190 5315 3872 93 3030 6738 5316 3166 4527 2725 5342 4336 133 4110 7670 4449 8598 3005 9997 5199 4080 2991 8539 1844 1553 6225 7853 4211 1714 6691 569 4448 7548 4848 6419 4793 6150 5308 5530 2210 3485 3954 1505 4681 4482 4786 2138 2321 3406 4341 8889 1879 4170 4272 9935 953 9984 770 4376 4295 132 6441 5885 9169 5594 9663 4424 8998 519 4662 9236 3165 7909 3015 1400 2655 4829 9801 1484 1298 8918 3215 5862 6632 8614 3483 5542 7758 4059 97 2501 3976 3188 4691 1041 1954 1688 6088 3710 6367 9910 2348 8193 4789 5203 4671 5115 5378 9187 9445 988 3028 1578 3379 5969 5476 1350 1917 5305 927 317 9263 2381 4356 4660 1198 7559 8407 2466 1022 2406 7559 7366 6718 6441 2453 1707 2957 7984 1284 1906 6933 1063 1744 4025 5835 8349 3371 1525 7360 4556 892 1039 5308 8306 9425 9307 2424 6365 7328 2246 3060 896 8995 865 8370 5677 464 9864 883 230 8966 4259 7966 567 5429 3391 5538 5105 6676 2422 567 1316 3127 200 2328 674 4525 4014 5516 257 6214 3209 4508 9532 6795
1388 8759 8093 7189 7624 2397 8872 8269 9746 9121 2879 9973 2642 4385 3791 8163 5735 7835 0 1373 5572 172 2730 812 8190 6475 3204 2436 4298 9549 7607 5671 3733 2206 7979 107 665 7885 2390 1195 6626 9621 2313 858 7029 2912 8402 8217 2969 3197 5375 186 5784 7722 342 4041 6474 9931 6361 6971 6701 3356 663 2474 9412 5565 459 4873 2799 6521 3358 7497 5956 3142 9623 3688 6589 2089 7318 2692 3660 2546 6650 7880 9917 1305 144 7850 1273 6253 3417 7324 7442 1265 9792 1638 5544 7793 2712 7736 359 9998 1110 6357 1442 8353 9954 2631 8741 2260 503 3947 830 2179 3313 7698 6964 8642 7055 541 6496 6776 6439 8463 5433 8799 8609 7161 441 3216 9791 6742 7250 2016 3734 3169 8401 9054 5720 4678 7522 3581 4775 733 6592 8264 5944 7176 8737 999 9731 8718 9953 5240 5927 2321 7376 6403 7896 2415 4670 40 6659 7315 1824 9886 4711 4983 3203 2515 5540 6168 7210 7869 6530 2889 694 6250 6273 4148 3973 4694 4996 343 9622 7727 8083 7082 6889 2041 3655 7884 2016 8472 2499 7785 7639 5715 4157 6070 5742 7898 8381 3281 5616 7400 3979 5893 3799 539 8044 852 6478 7735 3989 8548 1524 3343 531 2534 8313 9988 5745 6234 2382 4574 2952 6759 3421 555 6421 5822 9313 3213 3484 9156 1298 484 5379 3431 4425 6812 1857 9216 4451 8971 7706 361 4868 4453 9156 2180 9677 9040 3984 7081 1533 9321 4303 2437 5667 9340 5849 1222 5928 8488 3106 4979 2403 1645 2615 4883 4921 1251 9680 8646 3261 1168 2559 1161 6366 1173 2711 185 8667 5692 5196 8121 2081 8144 7628 9157 6384 3752 4566 6145 3384 1707 4118 2398
5063 2405 6784 4992 4818 5881 2699 7417 6747 2697 8396 4529 8846 7566 6780 4504 7516 1546 1373 0 5607 1422 3948 5748 3000 6712 7042 6965 5918 7276 1627 8131 2456 2356 8601 3155 1368 8505 6072 6758 6436 1695 1691 814 5093 348 1160 4775 3679 4598 5134 1984 4494 2138 9719 3542 7919 9883 3843 3785 8760 2924 8033 7606 1857 4073 1870 537 3921 9067 3379 3469 4385 2506 3162 5387 2479 1920 2641 1398 782 5021 5720 8317 4795 1131 8830 4785 150 4712 3402 1665 899 209 6841 8306 6315 3394 2407 8608 280 5757 5566 853 860 5204 4483 849 9558 2165 7324 7383 3647 45 8456 6454 8643 2289 2882 1628 8505 5370 9624 4877 5791 7932 2163 5937 3338 6609 1329 4866 2368 6865 2101 5144 8158 3094 73 102 2835 9918 4136 6757 9679 5964 3090 3505 6580 2811 2799 2565 4468 3883 8605 6143 5294 8956 365 4531 7048 3286 6741 7348 4385 7003 4425 5119 2111 7034 4260 3320 3235 2884 1297 9261 9780 7356 3384 6832 2014 2608 6600 5931 443 2308 7742 5647 2003 2831 1912 123 7653 2389 9282 2994 7825 8243 8115 719 227 8738 7215 6210 915 231 5767 9211 2306 8129 8168 4166 1634 9288 2845 4138 6922 6385 8196 2073 7709 7343 21 4311 5353 6671 4140 9303 6589 9500 3837 3608 1271 177 3498 8231 5837 1105 3903 428 9546 6851 2508 7400 4575 1878 2942 8737 7646 2727 8649 118 4 8421 8911 4698 2105 5651 3562 6526 7218 1556 3066 5551 4006 7905 1427 9767 1122 8414 5123 2616 5448 2208 9194 6153 5816 2279 3209 3270 3125 6218 270 2134 5798 5026 3642 1570 2105 4063 2316 2755 9325 2672 8213 7800 5367 288 3318 6692
4051 787 6463 9941 1782 9159 7028 5097 8090 2699 2052 7670 2596 5049 3866 6629 5982 2428 5572 5607 0 95 9992 4704 5417 2700 9017 5745 331 1408 6651 8622 7685 2905 8574 6252 7506 8069 4761 2061 6624 661 6584 3814 4025 3235 1120 7341 6790 7852 7932 1563 707 3601 1269 7409 2490 5083 3926 14 2650 3941 1548 8665 4146 806 9111 8938 2999 4922 4693 7372 4582 7559 8926 389 5252 3923 1242 9585 9726 5193 6410 6580 5585 9817 2586 2503 6674 3335 5134 7505 9310 6469 6569 1018 9168 2580 3390 317 1201 7155 4874 4918 9415 6510 658 3947 9993 1177 3136 1382 2107 2291 959 8946 2747 6424 1189 5317 6928 2753 4580 1099 2568 7573 6422 3630 5696 7764 6810 2381 9858 4745 6907 1889 1887 2146 3522 1325 5790 3835 9302 535 7117 7085 6411 3646 9497 7713 5776 5019 7239 2746 6310 7724 7725 1857 8649 7939 9220 9753 5234 4544 6362 2071 1091 9106 3460 223 5154 4351 8888 9260 3125 4447 1008 6024 5869 162 4287 5304 1302 1513 5748 4935 6263 8696 5639 9050 1007 1847 7527 996 8448 8654 124 9644 8852 6937 8825 1899 7679 5511 3247 8021 2285 3836 169 5083 7301 1944 6132 8214 2990 8363 7098 4789 2995 5315 946 5777 4413 9345 9124 1929 4244 4218 4558 5061 4291 7297 1396 3979 3379 5771 4462 6149 7431 9765 2826 2184 5066 2049 7010 5867 7576 3926 3295 8383 5362 3007 3955 3391 4178 1066 3070 3926 4734 7960 3485 7980 6748 971 7304 5475 1624 2754 3856 4179 9608 9497 1473 2230 8981 687 3418 2222 831 2395 7253 7295 5202 6854 2318 6127 354 8391 393 7890 8835 8234 9338 9137 352 1193 8558 6520 3586 6638
8962 2750 8491 6221 7479 4329 2153 9993 5101 7642 6340 8058 6784 6191 5300 8688 2635 395 172 1422 95 0 4701 4945 5437 2582 9814 812 9753 2675 3555 716 3437 6542 3936 8055 3494 2774 5607 4900 8522 7730 1045 2933 2343 3360 5598 2145 1253 9826 1221 7981 2947 4917 6093 5638 9539 1936 2788 1479 2522 571 7300 9193 389 9652 6709 1761 1383 9333 877 4063 6049 5416 201 7884 308 9934 8887 1179 7735 7283 6664 7547 1828 2212 6360 2937 2711 3076 2030 527 5760 7050 5883 6942 9848 8116 4533 5085 9091 5662 5457 9643 2637 6148 285 8020 9865 9870 8077 896 8908 5399 1467 6166 4594 291 5259 3582 8381 1222 2979 5675 9847 6620 7428 9832 833 1411 8639 3915 4863 3448 9792 8898 354 4032 7980 7781 7093 7132 9675 6065 5102 1764 4547 5524 8940 4265 8331 733 2538 96 2399 4396 7946 8609 1567 9429 1652 4007 7696 8934 5817 7552 5405 651 7954 5268 2761 7076 7913 1655 103 8834 5085 9417 2353 4615 81 2398 8717 8137 6605 8444 3890 2550 1251 2628 1862 7716 7002 9561 1903 4727 3795 1128 8387 4342 5372 7540 4219 8330 2011 1420 8971 1119 5904 5998 3239 4132 931 6924 631 4864 5863 7392 6368 735 4470 4069 8560 4022 8951 8803 1041 9822 5971 5708 5138 5611 6767 2613 7003 1306 601 5601 8820 2157 5213 1353 9681 9858 7081 6895 2809 6918 9893 9165 7406 8665 3360 2137 7868 7344 7395 1031 663 8876 2954 7822 2657 7186 5101 9265 3640 751 38 5029 5940 8921 7048 3945 3685 9873 9933 9363 6615 6225 3668 4975 2005 9148 6227 8514 459 1799 7407 3282 4548 8242 8841 6592 5850 8676 3542 8360 243 291
5757 8977 5185 10000 9487 6877 7613 6989 3104 2499 1457 231 8985 1039 9704 2873 5162 9904 2730 3948 9992 4701 0 3711 2880 196 832 293 5092 3564 6852 3808 2504 917 7806 3876 3658 5274 9624 5224 4100 9063 7032 376 3563 812 5458 1814 2807 9846 6314 8707 1958 1529 261 3442 3979 3925 6214 5040 7123 5205 7423 3329 8837 9796 3405 1610 6565 8504 3894 408 691 4897 3298 723 210 4457 4774 3427 9285 9549 4369 9013 2737 3627 830 3236 2025 903 6454 7329 7133 6671 792 9809 1641 6792 4200 5437 8487 7505 1101 5448 3247 6659 246 6402 1352 4464 8747 3765 9161 4147 5085 3206 4943 2098 6160 2767 7215 9388 9913 7614 9521 8361 6280 7586 243 5203 3126 5857 9142 5267 5444 6301 301 4559 6685 4144 604 2061 5296 5433 7006 4356 1972 1135 5785 5543 2314 242 9539 5037 1555 7821 8492 3727 3693 5652 3251 4192 864 2387 7460 6430 1450 7497 5595 1587 5897 8272 1953 9912 1656 250 115 1430 4792 883 5131 1409 762 4704 8239 5359 2255 3779 3536 7983 8231 3672 9925 6176 4791 9316 8010 5692 4659 840 730 4872 6043 6147 6570 7401 3589 4590 1563 1750 2748 9295 4046 5762 5739 2429 2809 4237 9735 493 5632 9509 6993 4905 3901 1622 4145 8353 2038 7739 1928 3647 441 8253 2835 2326 1325 9101 4033 5080 8829 757 161 920 4205 111 9795 4243 1416 9395 1201 6211 8431 2224 723 7870 3069 4874 7746 6159 5794 5653 2784 8403 7390 6167 5882 7389 1620 1433 5593 5516 4075 3000 3358 5992 2154 4417 547 126 7166 2891 1534 1789 4122 4590 7255 7791 8121 3228 8094 5419 4202 8090 9728 6919 2461 6471 403 1505
1604 4990 9034 8383 1995 9126 8179 5904 9787 9546 5522 7756 8559 9341 7801 8600 3034 613 812 5748 4704 4945 3711 0 8813 7636 5029 4355 2167 3914 1456 4184 9224 1213 3988 9809 2941 9965 5827 1296 2483 4713 6828 9965 2688 807 9300 188 6850 9082 2260 9528 3081 3045 8121 8908 8910 9267 5637 8276 77 4 4864 6175 6743 3449 4314 6596 4240 5090 723 1478 4443 1971 2088 9859 8871 5030 6610 5060 1571 3157 6801 9668 3214 5900 3658 271 1065 8017 6967 8785 5441 516 8573 6342 7287 4786 9805 6880 645 6871 8330 4034 1022 4322 8495 8074 5951 1730 3378 3520 2482 4657 9312 8891 9938 1178 6351 3252 5357 879 7009 6441 7050 2516 6133 9290 3087 9973 9696 9659 8937 517 3964 8948 530 8341 5997 186 8268 5034 1928 3159 8304 5487 7746 9682 5519 7285 5822 1245 419 2078 8341 8784 776 8400 6311 9206 5540 7795 7566 237 8241 1366 2897 4732 3470 3662 9372 3377 9762 704 6743 2542 9210 6260 2065 1631 4072 8350 7565 9867 6958 7220 127 6918 8526 8583 6710 7350 9382 9385 5073 1640 9087 7008 4943 2209 1917 7947 6949 2352 7191 4909 8868 3511 19 5622 523 401 9619 1393 5935 8386 31 7834 4091 1361 8162 456 4833 3023 1213 7950 7045 9576 610 1779 8583 4904 2013 9534 7847 5540 7745 2301 5298 3484 8136 9314 2520 1011 4043 6901 9743 8581 4206 6978 4748 4475 8673 7576 4573 5863 392 3987 8314 3433 629 2275 1244 8039 7807 3169 7029 2211 8508 2736 6375 306 8633 3643 8329 4421 6548 9003 742 6158 5602 2265 3281 8376 8693 5225 2284 4368 4765 3114 7051 2738 1498 3643 4650 6514 3222 5549 6440 813
6476 4025 2397 347 6067 9371 7652 3678 378 7528 4172 5842 6229 6728 6980 5985 8909 2539 8190 3000 5417 5437 2880 8813 0 7630 8402 3202 126 2290 7622 2406 9265 1558 2014 5738 6716 835 3557 9629 5265 1144 3961 9968 9683 795 1764 3808 7491 3581 4787 7255 9339 3633 9997 8150 1795 3210 6330 5670 9287 8373 6180 4036 2228 2277 1368 3228 7882 3628 9715 842 8088 6173 6725 2983 7545 1635 7352 4871 4470 4318 999 5408 5284 5551 5182 9221 1428 8125 9060 7348 9193 4975 7796 754 1394 731 860 1791 8630 6945 2928 1291 3907 3571 6470 7452 1335 8673 750 2788 173 7848 463 7078 3926 7625 4990 3686 7782 2396 7840 8233 1891 4591 3216 6101 5886 4959 8681 2542 1769 2279 9537 9811 4027 7820 4249 1570 5616 7764 1935 5827 1541 479 7143 6685 7942 3831 3688 6148 4106 2637 3840 800 2788 7824 8464 1804 3555 5028 2510 702 2003 2673 6091 1517 9186 221 9387 9340 6082 5031 6322 4247 3456 4968 8082 9014 3924 3572 8380 2369 1202 3695 6055 9883 8677 8116 5815 112 1357 7950 7112 8937 1025 1674 4010 8599 2391 5993 5151 9731 752 6555 3286 8438 5715 7860 6849 9444 1487 8853 1941 8331 6295 8303 6579 2956 4124 6147 4317 3100 1534 4506 729 1702 203 1826 8281 1806 5975 8274 1331 7958 7140 3982 4863 3285 5967 8242 868 1042 5091 9265 7891 5956 4471 3059 3450 8157 9283 6573 6943 122 8837 6270 345 9948 2255 4231 8082 7293 9536 6405 782 2408 3199 5003 3174 7601 114 269 2963 8242 7817 803 1032 3587 4633 7880 3871 7041 1377 1024 9528 2051 8400 762 6930 1155 2407 6511 2582 7735 6691 3536 7764 2622
1582 4360 3313 6904 8278 1630 5195 8938 69 5801 1726 6832 4334 8474 8556 2415 3824 5497 6475 6712 2700 2582 196 7636 7630 0 7416 890 3680 1048 3949 746 6282 9373 3241 5454 9066 1846 810 223 5053 5592 3906 6736 1725 5989 7664 8368 8136 5801 7901 8863 4496 1563 2093 8156 8744 1610 2930 6789 9707 9245 6784 186 649 3792 3163 4142 3112 489 8030 3116 769 9525 7322 1026 7985 7645 3677 1464 38 570 336 3102 5628 8939 7461 120 8331 6315 9002 6446 4588 5907 212 8660 2207 1351 174 8388 6439 7663 8573 5509 1482 387 6449 251 7566 1515 1532 7182 7852 2755 2225 5647 3357 7441 9895 235 2375 4583 1382 3123 4588 2999 4017 2290 4103 4369 2831 7425 4994 804 9061 7534 7421 7044 6986 3609 4681 869 9676 372 8179 6201 8506 1234 7693 8127 5393 4971 9435 4924 4396 9398 4750 2725 7864 1109 4075 9725 3625 3795 244 2345 2375 6099 7179 8786 205 5417 8829 4122 9257 8344 5417 3964 3088 5920 9273 4449 2980 7164 5182 4340 3529 6075 1548 6506 6544 6901 1391 271 7337 1631 6483 4698 6176 8552 7948 6744 3190 4766 4152 7871 163 3129 299 1071 5141 594 7476 9449 6764 1964 5979 5263 6749 6495 3649 1502 2352 619 9101 764 4680 6557 3821 1908 1828 1645 4649 9398 2903 1035 3777 6693 2231 7952 1007 9478 1594 497 7799 3215 5734 9302 678 5142 5817 5293 417 2881 5026 2694 966 1105 3658 5696 8851 9000 8377 73 5549 6846 3072 2897 5696 8050 3511 5540 4226 4109 602 5232 3377 6469 4198 6513 9663 1630 6579 2178 4558 9400 8643 3059 6364 7299 8671 9439 5110 7602 738 3454 2655 9975 7662 8956
81 4481 4715 1114 183 2593 4480 9019 5698 6745 1994 4640 4624 8027 6829 2750 4055 6842 3204 7042 9017 9814 832 5029 8402 7416 0 480 2537 6332 5802 7406 6041 1024 9013 2512 3869 2784 7489 9973 5730 9071 3534 440 9868 6814 4047 5106 366 1778 2036 3479 5722 8734 4942 9765 6794 343 5679 4908 8804 8995 4753 3971 8 6984 1948 3722 7506 6148 2071 8422 1376 2771 5255 1946 4510 6187 1545 9298 5156 7695 3431 5063 1204 3349 6931 11 2269 359 4988 687 4173 8282 7210 7865 9814 9657 9349 9095 8230 692 7534 8566 355 6964 5388 8437 3431 7813 6867 5635 7212 208 4219 3663 5947 7610 2093 5286 5714 4490 947 712 1663 3327 6127 7664 4268 1397 5040 4063 3603 2961 8485 3839 3515 3743 7456 7036 5942 5368 268 2243 206 9045 4777 3939 8040 4972 9226 3582 6468 8319 785 5624 8401 9440 156 4007 1782 7499 8632 8812 2458 1318 3868 4817 3732 2392 9601 2688 2646 1090 4971 6594 1298 7204 9399 1261 613 7536 1775 3065 382 2260 7024 267 5890 8267 3595 8281 2478 2654 4081 9033 5993 9195 7882 9465 1315 4254 6129 6817 869 4528 7550 9347 3190 9760 9490 7867 5790 6368 8343 22 5036 9500 689 7947 9065 4085 6572 7345 502 4318 8426 9425 1944 9954 9685 9311 2829 2979 716 74 4488 1098 1143 4208 528 6084 2437 2955 3576 4300 2353 6215 6176 4302 4029 5506 6293 5536 6742 3882 4610 9186 1292 1276 8939 4762 7317 940 5649 3653 6117 6146 6425 5038 2611 1055 7827 1529 344 1841 7829 9669 7991 7044 2714 1173 6948 5166 8642 931 728 1119 7753 9806 2550 208 1190 9972 9551 9349 5102 739 7406 3233
