200
0 8080 5698 453 8687 8632 5217 6181 6422 2696 7220 3936 4901 5059 9163 6808 7978 9779 3346 943 8529 5194 1425 5720 31 8039 8210 5390 7790 9421 5927 4829 4630 1622 9514 4278 162 6619 347 632 317 5041 5568 9088 8839 9034 3818 6624 1477 93 2726 2659 5986 9880 2469 1235 8321 9306 6227 5583 201 1565 1789 7964 7250 179 6727 9510 1806 1866 4340 4750 270 210 8511 8556 9243 4195 851 7105 1953 6869 6205 2462 775 1090 8771 543 891 2240 6270 6679 1643 6500 4420 2515 7311 866 6139 731 733 4164 7796 6975 4460 6938 4212 719 4911 4017 4817 4636 9616 6238 8159 1399 228 8477 9400 3947 2542 7632 7752 2170 4296 2466 2563 9101 2834 1247 3296 8694 1959 6878 2650 9694 5460 2339 8928 7843 8807 8863 9102 9332 1586 4545 9540 7226 5523 8979 7109 6779 6061 267 2453 1427 3934 5754 5780 7125 2579 144 2696 1693 3420 7921 3744 131 2079 9914 7690 4875 997 2125 7534 2936 4439 4779 9276 5952 7422 4157 5191 2318 5639 5176 8881 5005 9353 7221 7182 1148 9171 9879 8176 1323 7466 295 8705 5439
8080 0 8894 504 7953 5676 6154 6030 5982 1770 7955 7985 3437 9152 5073 7246 2619 9647 6665 2993 8115 4594 5666 2406 4786 60 3435 6870 5173 8209 6345 243 8236 3989 75 8305 3545 3283 3367 3320 3129 8856 6694 8206 119 8938 8291 1317 3819 959 1121 165 8937 2319 6145 8608 1259 217 8122 1994 9332 308 5120 4024 3471 489 397 4208 7765 9784 5328 3553 2994 4221 1528 551 7939 7061 3572 2498 2938 449 2565 4230 972 741 2058 9765 3996 7134 9853 1615 4927 6603 5822 318 4211 5916 7925 3686 5609 6552 9111 8350 7274 8003 9191 3057 6504 5083 5787 7926 4909 3920 8404 3629 5478 2918 1193 7332 657 3333 343 3373 3976 2310 4472 8453 6006 9797 2151 2865 8718 4529 4254 1080 1534 3832 1738 668 1613 3839 1114 2447 1023 116 8465 5184 6729 8939 1747 1357 402 56 4127 1141 4889 4111 5759 4325 5010 7897 5475 2620 3284 2104 3520 7691 1860 9558 4946 6417 3483 353 3461 8201 5803 1456 2823 3754 4804 320 5361 5680 6546 4353 7988 9466 4746 1067 6154 3691 7412 1158 6212 1737 9267 1434 3740 8584
5698 8894 0 7482 8524 2288 7035 5447 8609 8541 1220 383 1782 2743 2586 5335 1930 4602 9496 4239 9194 9104 350 207 36 6971 8488 8747 4979 192 6634 2523 8274 5745 4150 4098 5410 2340 3560 3350 1458 229 1389 7877 4868 7884 4220 9665 4592 9696 4746 909 8707 870 7063 8122 8117 3661 6460 7806 7182 9198 5735 8152 3404 5847 575 7695 3187 9570 3128 7620 3086 1743 3725 9307 3394 8729 674 9217 1538 1757 5915 7117 5532 8603 2501 6814 5207 3877 5440 6477 4938 1671 7701 1515 6106 1593 1370 3121 6545 1436 8096 8564 1073 9748 7713 3078 4591 9949 2769 1892 2542 7949 8658 9963 8350 174 2677 6549 5717 5516 116 838 7825 5413 4020 6375 6386 3781 2160 2809 8349 5336 7267 3817 9592 2094 222 3162 8883 3423 1598 3158 2945 3378 1847 8147 3076 8995 3485 3290 5511 2312 5038 6262 1968 9781 184 5367 5620 2711 4854 873 9016 9336 2517 9222 6291 4419 8285 6697 6200 1988 9542 7461 4839 4433 2108 5161 3121 287 1120 1095 839 775 58 4868 427 1751 1682 9174 8273 9265 3849 2994 1949 3141 5015 372
453 504 7482 0 6330 5025 1967 7812 3890 1998 3679 193 4937 2523 9347 59 7233 1656 2256 7475 9162 5636 6829 3660 513 5143 9471 2392 386 5380 3461 5723 3635 2978 6846 2646 245 316 1781 7633 3822 8851 47 6653 8420 1182 6834 9648 8229 1920 3913 7728 8360 1547 5293 2742 8295 2142 2025 4975 3623 9332 7580 9520 7484 7363 7005 9926 2568 1968 3517 8383 6267 4994 705 6921 5394 7108 2095 2 3839 6261 264 9589 546 2043 4267 4485 6550 3560 2082 1388 5523 5470 1619 7684 7752 6945 4861 4921 2485 1299 2195 8414 8014 8819 5211 5033 1937 787 7141 7121 5901 6420 7320 5495 4768 6659 6068 8771 617 4863 2651 6000 6052 6192 2681 3202 8229 5107 3112 2974 5466 1672 3168 3153 9685 7541 6074 5438 9148 4622 2435 6514 5334 3501 5375 7311 2224 51 6801 5373 3154 3244 2966 3162 9777 4804 8245 6317 3746 78 9436 3352 9942 6459 5822 3830 8552 824 5354 8611 1528 4529 1402 1165 4051 7687 6069 4107 8661 1315 6513 6010 1237 9627 5658 9167 882 2737 5074 7520 5109 839 5813 1012 6539 7336 1285 9007
8687 7953 8524 6330 0 8038 3009 8522 6886 4023 5391 3554 1498 6058 1710 5884 2372 6383 2620 3498 2073 5081 5287 3030 3348 9532 8842 3083 3638 9659 5429 2126 6918 8089 6608 2998 5347 87 7150 9335 7404 6406 8008 5379 5162 90 8495 4976 4897 2713 8795 3682 5910 1489 3160 1086 4808 5976 6397 9968 1591 8492 5963 1166 7578 1369 1029 9281 1094 1575 798 1876 592 3824 7984 1072 9143 1717 4983 5485 3639 6295 6457 8498 1429 9207 1374 8882 6580 1540 4063 100 9824 7493 9414 192 6189 1407 1451 4186 2595 3602 8237 8830 3237 8696 1808 4215 9242 2797 7808 7558 9007 8065 1103 5182 4332 2262 3593 4189 9940 9511 7563 7976 4586 3267 5602 2118 1652 3103 3257 2232 7240 5124 4243 3510 1536 178 2371 1671 8538 1625 138 78 1036 4566 4236 1422 7444 471 4110 4940 9953 3639 9516 9843 4741 1405 289 8747 9495 3915 2539 6514 1234 874 9762 6610 2269 7517 3126 2614 4272 43 7228 1356 8531 2777 7388 7622 1461 3195 3005 8779 8329 1626 9250 2300 8475 2608 8585 4716 5864 6172 5639 4954 396 7587 7861 4465
8632 5676 2288 5025 8038 0 9497 8507 4677 6849 6945 2552 5811 8911 4469 4383 317 1353 4819 8206 5277 16 1293 5263 2158 8925 4341 3625 7345 7664 5012 6318 5672 1074 1215 1351 2646 3533 9083 2577 9356 4886 9619 5319 6611 1238 9316 4882 7217 2618 1329 7558 3474 5931 8715 5462 8253 1771 5342 203 1087 9602 7565 1749 9736 8748 969 3385 6683 4307 2044 300 2207 1327 9812 8271 5764 6947 3041 1045 2483 8712 858 9677 4175 7311 5306 1473 5508 3648 7195 6549 6077 397 5004 3041 8978 4934 1276 1484 5797 6469 2662 5411 8627 9948 8733 2923 642 9431 3027 4256 8290 3674 9936 4733 2899 4542 8211 3448 8078 1029 6548 6872 9106 3719 116 5490 7112 9365 4239 1868 7776 5121 7394 207 9124 8661 9563 4771 3101 2348 2225 265 488 8581 5726 4579 9683 588 402 5850 9346 9061 5697 6987 4489 9986 2617 561 4328 6342 3728 9854 7286 434 3363 9488 1036 8632 351 6556 2066 7411 4755 3453 1087 5999 5913 211 1973 5152 2443 8928 7409 629 1988 4564 4543 7156 9167 9469 3615 7703 1946 9429 3089 8892 4017 4670
5217 6154 7035 1967 3009 9497 0 6233 1225 3405 2183 3691 2500 4916 3909 4903 3383 7786 4470 1448 8241 5527 2508 7333 6803 3172 5178 3822 3534 3418 3376 6690 9327 4916 4790 133 1063 4468 7356 3150 1724 2803 6344 9634 9488 6563 8261 2209 1247 4742 985 8856 8143 7677 8155 660 3049 188 1876 6736 1080 8760 4740 2467 588 8917 7878 8331 3897 1512 6849 7124 728 9639 7146 5273 9674 4382 8689 3712 8667 8839 9481 2988 5393 2067 8201 7920 4776 7114 563 2078 1958 1912 2294 3046 826 5682 8541 9838 7625 6395 659 1020 4147 5156 8012 6489 3976 642 6126 8247 9982 9864 2402 1632 9701 5501 587 8172 581 44 6194 4828 4942 1985 8244 4032 9151 5625 3625 4740 7415 2782 9578 1631 2311 8051 7411 8270 6526 5432 5380 7728 2877 3241 3470 2484 1496 1186 936 99 5751 5283 4555 433 6607 2526 4965 1540 7617 1488 1259 3165 6996 2532 3994 9846 3437 2817 8116 4495 4021 8667 7334 4966 4740 8017 346 5697 3909 5702 4321 5181 1708 9194 9406 7880 9396 3891 2176 9192 4289 8806 579 2850 1962 9064 5346 9297
6181 6030 5447 7812 8522 8507 6233 0 3513 733 514 6591 4385 2981 7930 9355 5963 7935 3318 136 2293 3661 3618 228 3467 123 9793 4499 2784 9243 8235 8231 1356 5575 8554 7335 334 3683 1035 6766 7644 3013 4466 8532 7855 2942 5603 5847 1910 3062 8706 4573 2207 1420 8226 5530 6424 1323 2951 6576 2392 6761 6753 7617 9046 4748 8771 2867 6062 8079 1531 4661 319 1580 862 8600 7130 453 2405 86 6995 9811 5507 696 6713 8081 3630 3516 5760 3707 7106 7164 8233 5373 2878 1064 7627 3007 8584 7464 4353 6888 4205 5423 6910 4438 1344 7117 5822 6905 6 7093 8655 3142 646 1951 6261 107 6052 4438 5920 9053 2266 3049 2315 12 5743 6557 5696 7835 2077 374 903 1575 5374 1605 1727 9476 4641 1905 8918 5497 7907 9266 6444 1109 7483 7425 4348 2235 9896 3127 3090 2247 6486 7601 8934 219 1462 8265 546 9419 1878 7827 5864 6268 3872 4527 1759 2951 2012 361 379 215 5516 4439 8641 3411 3540 3497 9347 7525 737 7437 3220 3814 8963 198 3647 8675 7277 9529 9545 8305 7617 7030 8386 5175 9944 3635
6422 5982 8609 3890 6886 4677 1225 3513 0 3356 3945 4814 5084 3735 1927 8674 618 9471 2434 2022 7946 0 5363 3417 4228 2933 7150 2167 6190 4988 1125 8891 9472 9211 7151 269 5235 1071 3741 9188 7744 2704 596 5622 2522 1885 8554 7984 1028 7717 1733 6172 7782 4744 5837 1815 4899 462 3454 1139 4327 4151 840 737 8964 2253 1304 2517 3121 407 4114 8900 2118 1144 7639 72 8664 1188 2501 1193 1176 9153 4711 4040 529 9498 2790 2523 57 1319 2781 4182 3215 5817 825 2568 2441 1438 8978 3408 98 2117 7468 2467 1648 4125 4066 220 7374 6727 9855 8616 5827 6516 4346 2843 9303 1393 7459 8689 7874 9452 9419 3738 5936 5876 1674 2019 2078 6461 9701 3741 5324 822 363 9635 3096 9144 4194 8317 2205 1420 6415 1484 6090 5113 8688 9241 6747 5985 8271 2891 2428 5368 533 8940 9414 3638 4382 522 3560 6718 7290 664 3389 1003 2789 4674 2715 857 6588 6803 6750 5091 8373 641 6241 2976 1321 9337 8519 8841 5594 8789 3799 2682 7777 4458 3354 4368 2055 4927 6161 2053 2361 3867 7734 7652 5368 8290
2696 1770 8541 1998 4023 6849 3405 733 3356 0 5354 3315 9445 4000 1960 1702 9485 3363 8781 6735 4910 3734 5203 9410 1274 1031 2338 7067 5451 4275 2762 1946 5034 8621 8172 6549 3254 1208 4295 7596 7077 4071 8128 9910 6080 4009 4224 9535 1833 8142 7677 5113 7010 3897 3975 2409 8162 736 9586 6530 8449 2064 1376 8792 7002 2910 5479 9884 4828 6209 1875 4953 2160 5351 2987 7960 8463 4339 7556 2609 3034 9555 7445 9746 8444 1810 239 4712 2737 3275 614 8673 9658 1274 6696 8266 8573 2701 4256 2942 8030 6447 2674 6944 3341 2457 4413 8826 299 4928 5377 6617 6890 578 9300 7565 8034 8312 8135 9866 3069 268 9534 3372 7065 664 253 2695 3522 1354 4369 1039 303 2310 5254 8975 2503 6691 9209 850 4534 4792 6536 8806 3227 8086 185 3370 7444 5217 1520 183 4112 7971 6425 1084 4949 5024 4852 2431 9790 5542 2662 7342 2207 9898 7357 8615 7957 7258 4164 7904 4138 1314 8971 126 5814 402 7010 8031 2863 1911 8823 1372 6541 703 3408 5580 5986 3756 8999 3082 3530 2912 3885 3410 1044 1758 7780 4464
7220 7955 1220 3679 5391 6945 2183 514 3945 5354 0 9705 4949 7014 8400 2933 9458 6862 3539 9372 2781 4603 6699 3277 4213 2506 585 8466 47 6780 8409 1377 2808 1363 1309 9521 9228 26 9019 9645 2896 7268 5239 4146 5185 3035 5523 9754 2460 2862 3353 4849 4512 6599 4499 4129 2006 1365 6273 9476 7315 1128 7039 2114 2975 3007 5686 7724 6507 243 9207 9583 8919 1516 8706 5996 6605 6372 3899 3125 9263 2370 8818 2989 2788 989 4769 8894 8339 8547 18 7474 2185 1688 9901 4427 5702 1085 8277 5551 9290 7714 6195 8709 8270 4036 3464 1145 8722 7472 8172 3656 8034 4890 4493 8972 9111 6969 8495 3621 4173 7748 3270 4752 3313 6580 8265 7014 1730 5855 1995 2266 4901 2741 5941 6320 7319 8849 5088 2276 4758 431 2133 7606 284 7019 2961 3197 6214 5494 7448 9856 1794 2300 7618 8667 570 2145 3650 6436 712 2684 5524 287 2798 5959 7274 6558 8307 8796 3719 261 4276 3025 9773 523 3535 62 7296 255 3832 3480 1598 1677 5250 3471 5740 6605 7995 532 2380 1659 8678 551 2893 5695 2701 5244 8812 4348
3936 7985 383 193 3554 2552 3691 6591 4814 3315 9705 0 5579 3002 1635 4173 3245 5929 8967 614 1566 8963 7482 2109 6202 7131 5958 9209 2352 6529 8299 2682 3707 2904 2006 2433 9539 2675 6843 3059 1461 1541 4450 2565 4765 9672 9178 7448 2466 6068 8068 8372 3583 6140 6157 7517 97 4060 11 835 1201 2537 4069 3647 5 7653 6814 9804 8553 4137 8677 6203 3087 8117 6197 9863 6717 2329 2158 4604 1586 556 3470 2283 9538 8182 5221 411 5497 4948 7722 4261 178 3273 3283 4247 1781 9891 6516 2097 3794 7261 8426 1162 4349 7451 9339 1328 7595 1883 7748 3389 9003 5709 8057 3543 4053 1570 6923 4944 3476 2033 1065 5113 9572 5100 6895 715 579 6093 5850 3313 3614 9207 7915 5605 2210 8808 1610 6263 5559 7430 5901 1196 2982 2710 9795 3704 1233 9064 361 606 6924 5520 4806 8071 4544 5014 4123 7338 5073 3120 9676 1383 8151 9087 7966 4126 6947 6201 5719 8829 8833 1646 5711 5540 5479 1669 8080 5902 8912 8449 6920 8800 2041 6854 4734 6052 1416 612 5408 2879 5571 1670 606 1513 5307 2023 7529 7549
4901 3437 1782 4937 1498 5811 2500 4385 5084 9445 4949 5579 0 2768 2680 1239 770 3500 2699 1222 8792 9533 7820 9371 1367 136 4521 3225 152 4977 5660 6433 4419 7920 1579 4914 7364 9677 3075 6415 936 1927 715 1409 4213 5036 9970 3755 6421 3431 3282 3689 5602 1540 9271 9585 8601 614 3416 1567 4950 8388 2775 2925 3160 3795 3687 7281 1799 5234 5442 2459 8655 5919 4620 3368 9492 2612 2619 3515 3252 1534 8808 8723 202 870 3840 1008 8622 8304 9682 4226 9324 5212 8027 7543 8945 6675 5055 4592 1209 4202 3230 8227 758 8898 727 2173 9739 5838 6169 1037 1180 4036 350 5190 2847 875 6110 6697 9761 8544 5853 7431 4002 4676 236 7680 7209 7630 2045 3002 2457 6252 1295 7974 6913 5497 6497 9652 8019 9780 6710 7801 139 2082 547 4559 7516 9719 8097 9792 5433 3594 2927 1686 3262 1339 9362 797 1383 9918 8513 7534 326 5124 9039 8053 4197 8581 3210 4593 3695 6848 7472 1334 2762 468 5024 9517 2564 8850 9712 1658 5971 8205 6228 6955 511 6008 1466 8669 2219 875 6482 709 4980 2774 5695 9613
5059 9152 2743 2523 6058 8911 4916 2981 3735 4000 7014 3002 2768 0 2355 1319 4676 973 5888 2223 5121 9430 4777 3542 9315 2599 8218 9324 9163 4458 9762 4508 7810 4424 8484 1193 9958 772 3440 5399 5535 7606 5045 8994 3309 8701 2895 1232 152 3216 9774 9175 4380 973 5730 1322 6412 6020 9280 9243 463 8466 2012 4368 402 7845 3289 9654 9134 4157 4611 7387 3521 9235 9101 1319 1389 4559 7016 8712 8453 519 9463 2458 5555 6757 7614 7698 4751 3132 2378 8512 4418 3490 7113 8061 7992 9436 7713 8820 6497 7784 5526 9986 503 7668 7148 1810 9828 6080 5761 6556 2171 5995 5455 6195 1007 8390 7802 9558 9320 3633 750 9322 4634 3955 8324 153 1083 3618 5263 2544 3652 1197 7039 8911 3097 2287 3976 1652 2536 9969 4989 2884 2406 3408 5528 9215 9663 7487 6514 2884 2098 3685 7375 1931 2439 7036 3596 8724 510 1302 484 1992 5475 6074 6368 1762 1019 5393 7515 6608 1879 1390 2910 7743 65 8606 451 9879 8991 9633 6471 3176 798 3719 7601 6321 8578 6415 6683 1918 340 2055 7497 1897 8390 7661 2933 4463
9163 5073 2586 9347 1710 4469 3909 7930 1927 1960 8400 1635 2680 2355 0 8262 3862 9309 7860 584 3271 6884 8373 4845 8692 4774 8538 9843 1245 521 1288 4864 4861 438 1413 1977 5401 5597 5253 2000 3815 5141 1653 9481 7515 7489 2572 4591 2649 7532 6832 2882 3232 1483 3939 319 3520 8230 5336 9581 4599 316 5720 2605 2955 2537 6211 3396 7937 9543 365 3674 9878 44 6846 5965 5381 5616 5842 1078 2527 4071 3494 4122 980 4413 6065 2998 3607 6470 5215 7519 7030 3999 577 3572 2572 7515 5986 9166 4456 1555 6190 7566 2386 7316 8826 4924 1724 9624 6544 5116 4913 450 1331 979 4525 6571 1403 1697 9845 5280 8668 4607 8449 7592 4979 937 5825 9216 7759 7042 8919 8207 3202 6951 4420 4660 5346 6493 2258 7246 808 4242 3038 9397 302 8292 6959 1914 482 9319 5890 9680 3379 7714 8139 5233 3293 1393 4618 9062 7142 5825 1892 2756 9397 3837 8393 5323 2610 4658 3182 9955 3728 8355 8840 8591 4570 1122 2799 1322 5851 5981 3839 3964 2493 2058 3501 7645 8863 7083 2753 3000 3096 7566 4163 2194 8685 5937
6808 7246 5335 59 5884 4383 4903 9355 8674 1702 2933 4173 1239 1319 8262 0 8197 7782 1751 4545 5324 1107 1857 711 2686 9304 1811 1353 7337 5451 179 6586 5609 9295 5010 9515 7209 7580 3451 5415 232 735 1787 6454 8481 4874 4822 7577 8074 1324 4406 6190 2365 7838 5294 349 5504 9713 842 3077 2728 9543 3290 548 3781 4864 3744 5445 2539 5700 7319 8218 880 2854 634 5713 4276 282 469 8741 2787 8473 9808 9189 6209 6423 2391 7551 1655 5555 8661 3476 4452 4126 9406 7296 581 3023 9717 2728 6454 8349 3214 7055 5908 4742 3631 6569 3222 4605 5635 761 2294 3390 8548 6414 8436 3762 288 6100 2336 7016 339 574 616 9060 2867 913 5626 3373 3304 8978 9582 4465 1751 3059 3545 5330 8519 4059 8183 4783 9416 6250 62 700 5586 5050 9659 3364 5193 6145 180 9355 4477 6384 4918 4337 9984 2817 319 3261 4579 9602 756 8420 6658 2853 4678 9969 415 171 8867 8650 5933 899 6849 1235 448 8966 3799 6350 7957 2540 7848 5330 7825 719 6742 8054 8650 3605 7061 52 1532 7292 5641 118 978 5610
7978 2619 1930 7233 2372 317 3383 5963 618 9485 9458 3245 770 4676 3862 8197 0 1060 3221 1722 5006 8017 1885 9670 6672 142 2109 6928 1557 1806 8670 3296 3452 1989 7334 5507 6833 9539 6925 4511 8432 1530 5356 3378 6703 9763 5415 8979 4436 1238 729 7626 5361 564 8716 9299 5829 8536 7554 4761 8130 5573 2568 9822 6045 9264 9973 2387 7092 8412 6123 4256 6329 7908 861 9579 6183 2019 8409 1895 3378 5758 3268 4923 4681 9693 4150 8664 8949 6099 7383 6294 591 9984 2790 2783 2788 527 4024 5377 7059 6635 4479 3820 227 6280 8720 2566 9523 8268 796 4410 4949 9961 3925 8789 6507 6193 2817 4140 7788 3260 3668 917 1564 9543 7764 548 5593 3838 7809 9154 9847 5741 9796 8218 1917 8532 4204 9694 6049 4333 4658 6617 947 611 4133 176 348 716 4565 733 8639 3299 5425 7671 9181 7916 4404 854 4433 6759 4724 5363 6272 9763 9030 5180 5545 1855 2319 336 2069 2907 5411 8425 7445 7848 712 2506 4458 1074 7189 3536 2579 9167 3659 2729 3291 5121 5406 5544 2583 3592 7685 807 5643 3419 2306 7809
9779 9647 4602 1656 6383 1353 7786 7935 9471 3363 6862 5929 3500 973 9309 7782 1060 0 3780 949 5499 1172 9293 7440 1659 9115 2757 482 4330 3561 9527 2283 6910 9637 9324 1929 3459 1708 5094 7897 7481 8482 5931 6503 1717 1412 1424 9752 9343 3588 1093 5339 7874 2191 4103 3871 6556 3608 5137 3658 1946 111 414 5847 3080 6879 2816 380 6481 2218 5004 4642 1339 3032 5593 3908 3764 5436 7539 7855 5541 501 456 3086 4075 9378 5925 3288 3948 106 9410 9394 574 4146 9596 6465 1658 5087 6587 1112 3336 5559 5875 8994 1599 927 8562 1701 6765 6175 6792 6125 7367 9985 8717 1263 48 3624 4683 3131 7276 6761 732 1700 1 8761 7499 9905 1118 7231 2276 8511 5312 3503 4168 3656 363 360 6988 9764 9149 848 6294 1278 7662 6337 8448 4807 5853 8424 6843 5368 9594 9950 651 2861 7592 5994 3791 9819 6063 9104 6996 2987 6543 7889 4311 9083 1170 2392 3210 6232 2627 8399 3445 4573 8921 1549 9230 2974 2483 1032 7654 3890 3545 8735 7473 3949 851 9466 5523 4995 1387 4417 3353 7125 4261 5812 4977 811
3346 6665 9496 2256 2620 4819 4470 3318 2434 8781 3539 8967 2699 5888 7860 1751 3221 3780 0 2781 4330 6801 780 9098 3636 1694 6207 465 9948 3505 9229 5911 1238 7614 364 771 9787 1281 2741 2042 5061 3963 3480 8845 7723 4186 2892 2515 1966 6718 1370 742 8385 6193 4239 4039 1715 628 5385 3482 1274 9187 5423 1709 151 7026 8381 3463 9082 468 6960 4221 8968 9778 6345 8366 5311 7845 6552 7772 4541 997 3666 8215 4292 6797 1644 564 7645 1661 506 7692 6955 9659 757 7089 3932 1480 7650 7503 1813 6542 8772 324 8607 6442 6620 6055 2402 8012 9669 3951 8787 8130 1141 453 9765 6538 594 5062 9463 8264 3695 1831 5346 7623 4016 6835 4091 2042 8561 3671 7865 4951 1099 8138 1201 6902 1449 2395 9398 6696 6698 1386 8922 4556 7550 6636 5824 7548 3028 912 821 890 4515 4944 7210 5276 5448 4118 8489 9564 9521 8975 8974 5042 8902 5018 536 253 3830 7237 8439 8773 9370 1981 2550 573 1632 9712 4987 8641 5392 2366 3215 2560 7666 8560 6411 4577 9091 6689 5014 5293 5932 7619 5847 86 8348 9990
943 2993 4239 7475 3498 8206 1448 136 2022 6735 9372 614 1222 2223 584 4545 1722 949 2781 0 4675 3844 6349 3054 6279 5609 4323 7183 3167 7839 786 8649 4759 2688 5770 6353 4953 3083 7034 4355 9723 5797 3557 2276 3019 2977 2824 6231 3165 1645 4486 591 2172 2975 2375 166 6116 6040 4257 9732 2626 1271 5002 5093 8003 4756 5949 3034 3624 3533 9413 5104 4314 5137 447 2157 1362 9963 7616 8612 2444 7617 8495 241 3305 9498 4646 9535 9276 9172 1791 9684 453 8118 3910 7968 2410 826 3229 2973 4823 5048 383 6686 8134 9610 2914 1904 8283 2024 4036 315 5710 6821 4457 5604 4959 6661 2689 5684 2543 5416 6074 3096 5357 206 7134 2856 3882 4214 5224 6255 7230 4914 7116 3985 3641 7051 4948 5915 3576 2440 2792 2932 9657 8964 140 5733 9676 5813 995 3431 6599 7517 705 2509 5189 7978 4520 344 6172 9733 3764 4445 3787 7928 6543 3090 6115 6657 7590 9116 2562 7398 9540 8746 2664 4508 8949 3456 3727 9178 1166 1061 4011 609 1649 9401 2975 1137 7228 1922 9542 7248 9063 8983 876 3890 2303 7158
8529 8115 9194 9162 2073 5277 8241 2293 7946 4910 2781 1566 8792 5121 3271 5324 5006 5499 4330 4675 0 8818 8714 8072 2003 90 5120 9070 3841 4124 2784 8448 2229 1837 5772 817 5069 760 904 4995 6952 8886 9412 7512 3632 2238 8214 9513 4891 2729 6602 9153 71 6382 8497 4399 1165 4098 7810 9165 7423 1425 6448 9175 4930 9744 3686 992 8626 8040 9359 7533 3631 3622 338 5093 4534 6811 7891 3217 2692 163 5616 2806 1907 2431 992 7898 4717 2364 4528 477 3151 1590 7176 1794 2875 287 4895 9243 7855 8316 8609 7189 3361 5334 1640 210 9405 1127 7109 743 7197 8459 1588 8624 7474 6744 8760 6414 9859 5516 8013 7691 4628 1173 2645 9234 1757 214 5712 7952 9828 3177 4776 5494 7458 8008 5105 2544 2782 4012 2544 1371 4483 4626 9932 9227 3906 3491 6704 3099 3627 6660 2103 5606 865 5651 9360 6515 4489 7939 8796 1236 2317 5923 7207 9569 3507 855 2252 3450 8603 2338 3747 7879 4706 7476 7358 721 2590 4854 1397 41 8381 6131 9634 1991 8459 5608 1661 3988 2941 1549 3715 3635 6632 2811 9244 3104
5194 4594 9104 5636 5081 16 5527 3661 0 3734 4603 8963 9533 9430 6884 1107 8017 1172 6801 3844 8818 0 6639 4307 1637 8493 5120 6813 3434 1684 8030 230 9782 6956 6004 8100 9391 8407 5383 244 1353 7818 8998 3278 7742 2723 2252 9955 7928 1992 7292 3450 302 6276 8850 6109 1739 2247 4023 2468 2312 7390 278 4752 7549 3354 908 8347 1952 214 4644 8432 4826 7638 3740 4987 5464 9757 9430 3862 9655 984 4295 6772 6700 4465 6056 9668 3279 9134 4322 3519 1574 3294 8145 2584 7899 4212 8391 3436 7181 8428 9401 1868 5690 8718 4966 1123 8835 7595 1933 9810 2864 6721 6538 9463 6307 8337 8876 9995 1547 2898 5169 687 685 3770 3685 4134 3686 1096 4439 352 5196 1873 7044 1406 2722 4484 730 4167 2743 9009 3641 6173 4320 6767 597 2325 4826 7517 6977 3488 4195 4364 3851 845 2296 5410 5108 4373 7592 9885 7327 3981 3329 8270 5233 296 5838 4647 1925 148 6260 7778 408 4464 3957 82 4387 5860 1443 5030 794 2909 2331 8581 2223 6874 2517 7907 5950 1744 6969 7724 3609 2948 2501 867 476 4832
1425 5666 350 6829 5287 1293 2508 3618 5363 5203 6699 7482 7820 4777 8373 1857 1885 9293 780 6349 8714 6639 0 2221 7329 2692 1264 1842 9614 7687 7700 8866 6909 2697 2028 3686 8017 1295 258 9538 6301 7810 191 9673 5826 8123 4795 3411 4844 5680 5701 2240 684 4628 7978 6713 9581 1378 4018 3910 7626 7419 4901 2229 1178 6312 5657 3097 7836 6348 8248 1297 1465 8362 6904 1125 7072 6130 7140 1347 6608 543 5346 2084 6301 8672 2190 270 3625 4984 9756 3498 2672 9104 3012 9102 8347 1763 267 3787 3982 947 396 985 1289 9210 6389 4862 8784 3640 8429 7045 3893 1391 7365 8489 9463 1005 8867 590 9037 8269 8998 3880 1365 6600 5260 8679 3608 403 4548 1495 3676 6544 8887 6699 5815 3746 475 8785 2839 5161 2158 3625 8061 2411 8064 1255 3997 5400 9867 6131 5195 9472 9791 9383 732 9358 6830 8123 8491 1111 9510 3030 579 2589 2613 1677 3899 1895 8131 7809 2018 198 9308 5273 5087 3167 954 8876 3659 9391 2589 784 1285 8710 6477 9203 859 7646 9945 6144 9480 4591 3813 833 6804 7743 1758 9353
5720 2406 207 3660 3030 5263 7333 228 3417 9410 3277 2109 9371 3542 4845 711 9670 7440 9098 3054 8072 4307 2221 0 7403 6312 7289 6331 9500 5067 5454 7520 6151 1794 1665 3930 5445 7179 2203 2127 4691 1485 1190 9084 9885 2438 3101 8024 4873 3451 4325 28 8223 4894 8569 3641 4380 1660 5825 6599 8935 2930 5391 5407 9921 6872 404 4500 6852 7377 4926 5715 6872 5226 7275 5127 5409 5886 4576 5083 7721 4069 5269 6513 4358 1207 9522 6091 3434 9072 9856 3180 7488 3870 9252 3068 5544 4921 278 5363 4529 6541 3842 5076 8764 5883 6049 8817 4584 4112 2296 9772 8268 8915 9508 6729 6067 6401 8855 223 7873 624 1147 1690 6835 5124 8933 2026 1597 2543 3191 4878 2970 2874 7964 777 7467 7460 5924 8533 8347 1080 6792 6541 1355 1616 7495 5625 3894 7258 8293 3800 1610 2941 5480 266 9925 7152 5234 9634 6531 2453 7735 5445 5701 8180 3146 1693 9508 1797 5428 5640 6147 5437 9310 8569 6957 6277 6196 3019 1318 9091 2847 9804 4628 8982 2784 8035 6556 9596 8607 4947 4308 7413 3308 7839 8495 3747 7516 3106
31 4786 36 513 3348 2158 6803 3467 4228 1274 4213 6202 1367 9315 8692 2686 6672 1659 3636 6279 2003 1637 7329 7403 0 4189 6758 1342 972 2098 2044 7983 2374 4489 6531 4000 9896 539 4280 8180 1631 282 2778 384 5949 1666 8792 1401 8653 779 1602 2990 2440 2569 6500 563 4702 2409 5250 1349 2645 9672 2402 7319 945 6386 3176 6877 4636 7643 6401 2664 4917 9221 2399 7185 935 713 9428 3162 3313 9406 7718 1915 7793 9027 5203 5253 6364 5835 735 4653 3327 1449 411 6016 3315 9994 2026 5515 1447 8349 5720 3332 2409 7630 902 4967 2403 8230 1904 1262 800 9797 2722 6924 9206 1411 7569 8877 6207 7710 65 2026 9066 9989 6066 8623 5613 3142 8558 1726 9607 6179 8495 4372 1219 8386 219 9505 3623 1509 714 4853 6449 913 7024 419 3015 5690 8796 2741 9958 9642 4979 2621 7433 5287 1950 1928 3480 9553 1258 5316 9811 1555 8272 6960 3517 2467 7865 4706 2429 6648 5720 3111 9629 1767 1458 9184 922 5079 5610 6477 8386 481 2039 333 303 2067 2066 1043 11 113 751 4050 473 5606 9218 1005
8039 60 6971 5143 9532 8925 3172 123 2933 1031 2506 7131 136 2599 4774 9304 142 9115 1694 5609 90 8493 2692 6312 4189 0 8043 8538 9642 3902 3223 3367 9242 1731 9181 8961 8867 9356 3289 2559 1999 9441 4383 7665 6041 6246 5984 1533 1305 7608 4787 6233 8270 5503 6317 4357 9944 8346 6571 3208 6884 590 9899 6248 681 811 6361 6623 7068 4334 4221 3728 3189 9216 3075 5413 6015 2887 8120 263 2799 6894 7983 6446 4651 6934 965 2341 8367 4457 1433 9943 9135 1551 8961 2562 5818 9606 8335 6189 4395 8969 2967 6421 5222 9467 8043 4181 1448 4361 7048 581 6554 9955 3270 6764 5016 2908 5807 2407 4890 4118 2959 1427 2773 9181 5139 5594 9128 2833 5577 4801 3167 2671 3930 5367 4866 1998 8525 6829 1249 4677 8127 5148 9971 9710 9664 6512 7180 141 9150 5054 3933 752 9670 6263 5924 394 3112 7005 8003 6947 2322 840 501 1464 2891 1572 9001 9357 7481 5444 3996 8068 7375 6259 2114 7148 3351 5155 7892 8315 4251 9303 8520 3514 2042 4988 5681 2550 1401 7595 3754 7148 186 5519 5876 4303 345 9551
8210 3435 8488 9471 8842 4341 5178 9793 7150 2338 585 5958 4521 8218 8538 1811 2109 2757 6207 4323 5120 5120 1264 7289 6758 8043 0 1413 2286 8137 4256 4657 224 3255 3958 2791 774 3648 1772 3066 9015 1701 2777 9127 5961 6032 1473 2622 6880 1421 2259 9523 5714 3639 3879 8616 9290 1635 7084 1213 9330 824 2214 8359 6812 3954 3652 7897 8279 9511 8254 7332 4636 3486 4340 9044 9512 6353 787 1633 2763 7009 9980 3681 7660 2486 4229 4166 1804 7170 8291 4329 4973 4642 1599 604 7123 6552 8125 2614 3118 3509 6231 4821 8023 3987 5754 2854 8240 1414 6195 5735 6211 3110 41 2614 9195 5545 1639 9099 2806 3629 1555 7313 8382 9140 5 2995 5932 1648 5102 3996 453 9248 5997 1394 2055 4666 9477 2765 3010 5933 944 3772 8015 8615 4959 4720 1916 9687 1297 1224 5362 96 9216 1483 7964 7487 9193 9586 8600 5386 2314 8335 4686 2504 789 8073 5441 3392 166 7141 8265 2356 3753 8706 6306 8211 6289 866 7364 7153 929 4773 3601 6624 3383 9716 9634 2032 9229 4377 4516 9391 3434 7103 3743 4546 923 6610
5390 6870 8747 2392 3083 3625 3822 4499 2167 7067 8466 9209 3225 9324 9843 1353 6928 482 465 7183 9070 6813 1842 6331 1342 8538 1413 0 1874 8432 8232 8473 265 388 4364 4017 3414 7368 2537 3311 4271 3532 5127 2576 4242 2549 3089 1871 1353 4516 3769 5750 9402 8585 2683 8126 6132 5453 1976 4522 433 5774 947 9068 9719 4772 7402 8759 1573 7831 8647 6634 548 5015 1969 9191 719 1269 1155 5552 8874 1913 42 2426 481 3090 5508 5439 6581 2263 848 9824 8756 3341 1639 4822 8537 6342 5376 8371 8530 4091 855 2952 3513 4206 1970 869 4294 4622 8160 3465 2149 9157 4076 2697 9794 3788 1842 7219 9497 507 1754 4704 6452 998 5922 3343 7643 602 2606 4697 3748 9683 2470 4667 3105 5854 3792 2201 9595 3669 1128 613 2753 3798 7664 5168 4236 1120 235 5334 1894 8873 5410 4156 1318 3914 4389 6962 9561 4647 7606 9463 3039 1566 5900 1753 8458 1980 4486 5789 1066 1239 9646 5488 2358 8721 228 4644 820 3787 108 3447 2117 9193 5547 8928 3576 6539 5060 1132 371 4460 2267 1632 1587 1357 9027 923
7790 5173 4979 386 3638 7345 3534 2784 6190 5451 47 2352 152 9163 1245 7337 1557 4330 9948 3167 3841 3434 9614 9500 972 9642 2286 1874 0 3867 3360 8284 6370 6132 6014 2372 2590 9536 9878 2700 650 7013 8744 2042 9371 2338 3899 4111 4369 8988 9682 1017 3376 774 4359 1741 4745 9877 7919 6143 2773 442 7118 8990 4376 8338 7066 7432 2195 6645 3340 1500 9218 2577 1933 6021 3379 1274 6191 2875 1965 5869 9852 4843 1106 6503 2472 675 6499 9230 7547 8460 3967 8181 689 7818 32 4773 3772 8220 3034 9509 8461 889 1885 8608 1840 1514 3997 419 595 4376 4319 9284 6870 8261 7696 7979 930 1805 9122 6778 2303 6343 6050 8455 6592 6490 9540 7513 7293 2206 5159 8731 8428 9418 8027 4067 5426 8141 1037 1441 4610 9871 2762 2778 5509 7831 7857 8992 8000 393 3356 5354 4582 2161 2725 1139 6029 8139 3157 6004 6930 9047 8774 8249 2764 2197 6427 634 1978 5730 1139 1602 4680 5296 5 5383 3383 8088 5757 2028 953 1266 3242 7707 2447 9328 3538 5098 2576 9401 4404 9491 9785 7243 6011 4539 1933 9549
9421 8209 192 5380 9659 7664 3418 9243 4988 4275 6780 6529 4977 4458 521 5451 1806 3561 3505 7839 4124 1684 7687 5067 2098 3902 8137 8432 3867 0 4819 321 9101 8537 6230 3837 685 9600 7192 5440 6484 4771 3718 2553 3934 5793 9694 2031 3627 4431 9049 4474 9532 3417 6193 170 5510 1830 6474 9204 652 2457 7363 6382 7149 1750 2918 4318 2194 3958 1121 9779 9729 684 5218 5863 660 3908 2791 2935 159 3799 7040 17 1949 4407 8681 3703 5337 1567 9915 7510 4643 6185 1646 7450 5736 7566 6038 8383 3407 2954 8548 7 6908 5795 4280 8123 8004 9938 6945 4954 8613 76 5957 5053 5346 8540 6120 9696 4233 7513 9570 9326 7738 742 748 9081 8319 1652 5466 9069 9640 7679 1959 1944 8699 4986 1719 6204 8971 7619 4322 6264 283 5704 2687 1189 5803 3298 2815 9346 5469 8554 9758 3544 2364 4263 1078 7468 6076 9774 2070 2898 4106 2414 7578 1956 1700 6716 1299 9274 1712 2442 8053 6762 6770 5573 6451 8145 1007 5607 8966 5147 8698 3053 509 7324 9103 591 9206 6893 6737 8543 9005 5828 6799 1174 3768 4313
5927 6345 6634 3461 5429 5012 3376 8235 1125 2762 8409 8299 5660 9762 1288 179 8670 9527 9229 786 2784 8030 7700 5454 2044 3223 4256 8232 3360 4819 0 2797 1266 8759 1437 7876 3009 2349 1987 2800 2004 6411 1090 3098 4333 4207 4311 1956 8382 6467 1531 5658 9609 528 655 8656 7461 9150 2294 586 3419 5054 2074 2566 6969 7309 6732 9087 2060 9731 7822 9764 1230 9101 9949 839 3978 7017 9079 3639 211 4380 9642 3534 3451 3331 5852 1471 6373 9240 5371 2139 5235 2960 3554 2723 3750 624 3515 9448 8266 4029 8594 2686 8377 8560 6633 8333 9234 71 4177 395 2067 4053 1595 2788 5954 469 9465 8453 7737 199 7613 8573 190 1113 6241 269 1306 5315 5584 2891 4608 7508 4883 4585 4375 8821 878 7288 8462 1447 1230 2714 1194 1011 9897 5340 6797 2529 8294 3088 3570 5836 2297 8106 1471 9785 2513 3320 7770 9328 4258 9100 2687 6361 7979 4048 5826 8173 4245 8161 3558 3793 2457 7043 1757 3402 4478 1140 3111 118 983 3282 2795 8630 700 5968 7497 3325 8204 8200 8593 7368 9282 5790 4681 2945 3740 2285
4829 243 2523 5723 2126 6318 6690 8231 8891 1946 1377 2682 6433 4508 4864 6586 3296 2283 5911 8649 8448 230 8866 7520 7983 3367 4657 8473 8284 321 2797 0 4808 828 7746 7016 4547 6269 2518 8689 4972 7909 421 1855 6816 4203 8733 4139 5815 4489 2164 6799 2686 2579 6148 7552 9859 7390 5013 8822 7452 8035 9539 7101 8442 4178 3994 8648 5230 9867 1303 1688 3343 741 114 7720 272 5797 4682 3811 3094 4959 4599 3137 8213 3544 6660 7204 1363 4154 2752 2879 8419 5329 1718 5305 5549 6759 3760 948 3693 8373 3378 5679 8052 2917 8322 5235 6945 1235 4955 2610 8449 6410 6428 1922 6509 2820 3705 1692 7900 1383 596 4192 9298 4263 6748 7690 2416 759 4924 8480 2736 9580 7977 413 7709 2250 3380 9798 2860 1753 4020 4946 6385 7248 2246 1558 5223 4229 3613 8194 9050 861 7808 1422 4405 6930 7908 1106 3343 874 8561 1811 4131 235 8891 1494 3344 7934 5583 8167 9550 8156 1356 9816 7798 6600 6384 3419 3952 8087 6702 3508 4273 9246 4095 2325 6817 1892 7877 929 8647 4114 373 5261 3670 8286 6539 2827
4630 8236 8274 3635 6918 5672 9327 1356 9472 5034 2808 3707 4419 7810 4861 5609 3452 6910 1238 4759 2229 9782 6909 6151 2374 9242 224 265 6370 9101 1266 4808 0 2012 168 1466 267 358 6368 4987 6219 1973 5033 3440 3443 3365 2612 5269 4166 506 3722 8448 9399 1206 8863 5089 9143 6066 1200 3701 3660 134 881 8329 6308 2507 7477 9688 2541 8338 5608 301 1074 401 9222 8741 3744 7857 1576 3355 9675 630 8080 9880 66 6590 1325 6929 9685 9265 8141 6527 6013 5856 7899 664 2542 8898 9168 369 2839 4950 7401 8682 6178 9088 9528 2153 3140 1837 5882 3252 4152 9766 9509 986 2518 2372 2440 6226 4228 7862 7965 5058 291 4106 30 7273 8018 7274 3804 4343 7360 1945 9897 7593 1585 4932 3499 439 6888 8247 5328 51 506 6653 6878 4660 8100 4629 7100 3443 3562 2052 1015 8835 5701 940 8028 2996 8664 4558 5426 7393 2407 5559 5486 3218 3945 1777 1639 713 5990 1252 6521 623 4990 6829 3500 5931 9451 4293 9241 3273 8285 5549 3118 5031 4817 1716 4376 5273 1757 5307 6696 2599 8361 6556 1101 2907
1622 3989 5745 2978 8089 1074 4916 5575 9211 8621 1363 2904 7920 4424 438 9295 1989 9637 7614 2688 1837 6956 2697 1794 4489 1731 3255 388 6132 8537 8759 828 2012 0 9821 6435 6287 3610 1633 4242 1995 6069 1893 3319 3731 4023 167 8833 6734 9841 5622 1902 9674 6268 4783 3803 9313 6958 9461 3445 2360 4992 4064 8626 5190 3007 8590 4431 2388 1396 9292 6816 8150 429 1121 8051 9812 4385 7522 3130 8389 7105 2406 8346 4226 9174 1856 8123 1205 6459 1364 7714 5976 8277 7571 796 9073 1308 2244 1747 6026 1828 4939 9015 2994 2153 5730 6517 1538 6848 4541 3124 7471 1961 8660 532 8130 5381 7027 3926 6690 4118 7582 2659 5101 1905 5876 5254 2469 1779 4212 303 9531 7085 1871 3591 9067 7566 7680 1290 6913 270 2746 5037 911 387 735 7906 8759 4650 9258 5554 4267 3029 863 5193 4572 8832 4064 6463 6430 3611 8299 8995 3564 5868 8062 4790 9174 7255 630 556 6129 6762 4561 4155 3951 8121 2828 8789 8147 9795 322 1244 3838 5046 3898 9269 2352 2978 6787 629 3835 2311 3969 3536 9053 9061 6828 7215
9514 75 4150 6846 6608 1215 4790 8554 7151 8172 1309 2006 1579 8484 1413 5010 7334 9324 364 5770 5772 6004 2028 1665 6531 9181 3958 4364 6014 6230 1437 7746 168 9821 0 4292 8495 2030 7011 3011 2416 3081 7751 6431 1613 8897 2883 7963 2291 6689 440 5859 8406 8168 3897 7047 397 3777 7074 4947 4848 271 8811 389 895 6581 8908 9383 4357 2095 9152 3404 6792 5673 8820 2186 7214 4795 3238 2088 6462 9882 8043 9024 5362 1467 7864 6539 1624 6154 2551 9763 9387 9727 601 7319 5954 4061 8026 5984 7442 1545 3303 761 1705 7708 8477 5508 6047 8159 8689 750 9082 7461 8180 2690 5020 1569 8642 8416 7685 182 8933 6536 5561 7805 4454 5663 7408 3208 272 4434 7655 6781 9660 1401 882 3147 9721 5897 8015 9564 1534 4071 7478 8151 2920 7162 6473 4254 5793 2755 5097 5331 702 6818 1158 2910 4787 4617 6837 2324 4270 3497 307 9764 5025 3549 4141 4203 4582 3398 2107 2053 7046 3965 4673 554 8484 6345 1192 7130 686 9115 4040 8042 935 6215 6529 5596 9241 4260 4838 414 1359 4722 7261 7122 2893 7325
4278 8305 4098 2646 2998 1351 133 7335 269 6549 9521 2433 4914 1193 1977 9515 5507 1929 771 6353 817 8100 3686 3930 4000 8961 2791 4017 2372 3837 7876 7016 1466 6435 4292 0 4336 116 8100 617 6292 2250 2120 2916 7182 4392 494 3992 2943 6591 3636 1769 9715 4842 7702 9575 4997 947 1902 3751 827 7249 4119 1987 2139 9471 9444 242 5728 2765 4185 1666 5270 2466 1721 8261 9820 5054 3739 4883 8646 4590 3785 1401 2672 1726 2797 8449 2584 2192 5229 5598 2571 2957 9396 1518 3856 6483 5256 8971 3573 238 9080 4587 8559 5008 8294 6950 3857 9503 6772 2990 915 7836 7924 5662 867 7383 8838 9756 6099 3043 8569 1844 3205 7812 2663 3230 7606 5975 7785 8626 3336 856 1700 3051 47 3101 1301 8634 9929 8039 9017 923 3908 1402 1572 5274 5423 7601 9999 2734 5584 4117 8203 6035 1247 7031 2852 5053 1344 4851 6542 5870 2375 2054 8968 9266 7995 4667 8689 5598 1996 9989 7930 3462 609 895 9230 309 9202 6703 2884 4344 4261 8549 4495 9801 9425 2213 1454 9023 4856 370 6824 9946 300 5288 2517 4726
162 3545 5410 245 5347 2646 1063 334 5235 3254 9228 9539 7364 9958 5401 7209 6833 3459 9787 4953 5069 9391 8017 5445 9896 8867 774 3414 2590 685 3009 4547 267 6287 8495 4336 0 9067 8736 3306 2610 16 5580 4535 6781 5887 3694 1138 5566 3619 1434 8161 2560 1210 3316 9526 5263 1451 2137 4860 2675 4640 1933 6854 8079 9026 2172 4543 3416 5914 1181 7716 5111 9443 4840 6192 121 9012 8790 427 6613 1327 2021 7688 3691 3779 6076 962 9129 8814 396 5172 4280 5394 4036 5041 6308 7975 2371 9157 7437 9570 571 1336 6950 4300 2159 4834 5568 4589 6442 7815 6046 30 1109 8649 7479 2023 361 9208 7264 7551 237 2006 9793 7247 8460 4471 265 8162 6607 5293 3624 4868 7419 2807 6507 1715 895 3242 3445 9920 4591 3880 26 6235 8528 5944 4351 6441 2560 2607 191 1779 6140 5543 9902 2310 7426 7356 3129 7291 1747 1197 5026 5525 5231 9694 9057 829 9002 2321 7514 1242 4668 7457 3285 6864 2367 4250 7920 2207 6406 3140 5297 5172 8632 5222 6638 8255 6699 2214 6314 1295 3852 7210 3093 5198 2421 2705
6619 3283 2340 316 87 3533 4468 3683 1071 1208 26 2675 9677 772 5597 7580 9539 1708 1281 3083 760 8407 1295 7179 539 9356 3648 7368 9536 9600 2349 6269 358 3610 2030 116 9067 0 9209 6725 3763 468 6978 7774 7262 1302 2069 9352 1018 9575 4252 2346 3102 2265 7869 969 569 9114 4128 7737 2754 5387 5802 8594 5867 9132 6464 9419 732 252 9368 8200 6090 6114 2396 5495 4228 1821 582 523 1480 4319 2607 4167 7476 876 7907 3453 2520 9154 6590 4799 3695 1028 9719 5536 8234 5743 7078 8287 946 4137 4075 8511 3638 6912 7184 5670 1425 100 9600 550 6784 44 8055 3863 1285 7311 9061 6276 4598 8498 8420 2000 6792 2394 3291 5786 8975 3837 6352 5086 8237 9599 8951 5532 9725 2352 2695 5776 3624 3275 8672 6317 876 2422 8753 8874 4322 5451 4647 6522 9093 4167 1853 4370 9610 7531 6410 5582 6899 7709 662 8631 9827 8369 1208 1405 7297 336 3956 3950 3922 8671 7528 1468 4373 3617 1759 2906 159 9057 2484 2125 2084 3504 6440 6032 4608 2645 6466 8269 5374 598 1793 9578 7524 8034 246 1841
347 3367 3560 1781 7150 9083 7356 1035 3741 4295 9019 6843 3075 3440 5253 3451 6925 5094 2741 7034 904 5383 258 2203 4280 3289 1772 2537 9878 7192 1987 2518 6368 1633 7011 8100 8736 9209 0 1983 5112 1052 9759 6533 820 2626 2678 3179 4613 188 6326 3887 7834 2205 6946 1098 3413 5265 8057 9028 4445 291 5855 8066 1518 6730 8758 4874 969 9696 5481 3107 9366 2145 1948 2177 6635 4625 4585 99 9771 4915 8652 8903 2402 8390 8564 3111 428 607 2026 3517 6997 4567 81 4008 5135 1045 2377 9711 392 8452 7044 6785 8600 4950 1285 2996 1491 1102 437 2352 5880 9687 6932 4980 6630 4706 5338 5766 5121 6295 3273 6228 9754 3218 798 282 2571 2924 3680 6492 9669 1111 8832 8677 163 7979 3669 1079 1205 1357 8286 5243 2247 1718 3485 8300 7890 4456 4195 5398 9758 6767 1169 7268 4258 8923 4336 9439 9065 9298 7049 9147 5700 771 8751 5739 2933 6188 5652 7302 5745 4804 586 9880 6656 6164 8736 6700 7402 4067 4986 2880 8853 3295 5426 3371 3906 9715 4446 8061 4366 996 4466 3844 9975 9725 3518 4373
632 3320 3350 7633 9335 2577 3150 6766 9188 7596 9645 3059 6415 5399 2000 5415 4511 7897 2042 4355 4995 244 9538 2127 8180 2559 3066 3311 2700 5440 2800 8689 4987 4242 3011 617 3306 6725 1983 0 6600 8537 4247 1335 5018 2602 1170 3796 4525 749 9103 6429 411 6476 7968 597 3068 7510 6474 4520 7825 8338 521 4770 9662 7733 147 5555 9301 9598 9137 6638 9888 1253 3730 9142 8285 8401 9562 8822 2072 4694 3982 4937 1346 827 8469 3 7889 2829 2315 5911 7167 9775 9877 2568 4960 4023 7294 939 8016 2226 2945 1779 8842 40 7371 1626 6227 6801 438 9072 8848 82 6196 2910 4863 9731 7953 4911 2331 5037 6835 1702 8068 8742 3292 3710 5806 2274 9057 2135 4178 2818 9195 9456 3509 3167 6556 9811 992 9538 9828 4480 9676 9743 3269 8176 9373 3189 3898 8017 7333 5910 4841 702 3613 2213 9999 6330 1595 8701 6542 1415 6922 4591 9709 7914 754 1185 5940 1165 7447 5967 7917 9991 7945 1940 9005 9465 4895 2990 1548 652 5076 3960 7150 8789 9720 4987 4583 5104 1446 2223 8206 4295 1592 5054 987 9340
317 3129 1458 3822 7404 9356 1724 7644 7744 7077 2896 1461 936 5535 3815 232 8432 7481 5061 9723 6952 1353 6301 4691 1631 1999 9015 4271 650 6484 2004 4972 6219 1995 2416 6292 2610 3763 5112 6600 0 3599 8804 9306 1787 4382 534 809 7540 8179 7911 1182 6939 7640 5778 4859 6389 3014 8807 7918 9424 40 668 187 6218 5453 9358 3481 7518 3322 2267 2637 3475 9178 9031 3513 9244 7901 627 9985 9516 2412 9144 7752 7235 919 8958 3231 2481 5423 1964 106 6592 9963 9556 4256 5333 7751 4673 1039 1145 858 1172 4656 7282 6483 2008 8520 1777 7745 4259 2957 781 8400 8784 9176 1888 5368 7381 4103 1823 1900 3164 2156 4169 1075 1627 4268 9481 9828 3701 727 8985 3241 9450 4584 3344 9906 9476 3499 9173 3308 4479 8148 1299 8772 7463 4340 7967 4 7970 6621 6797 1056 8861 4885 9799 5801 7427 8808 1477 3803 1979 3831 5774 898 8285 3818 6656 7970 6897 6055 4574 4723 4317 3925 2648 2483 2891 2012 6338 6802 6398 6650 4053 5321 8359 8833 9831 338 5255 5418 9890 2043 5635 1964 9430 5725 9542 3939
