150
0 49 1510 741 5991 7393 8218 5956 3457 3073 8555 3956 2220 9229 2193 9916 3880 458 3156 2699 7149 7500 3366 6011 9388 7792 2572 9351 6676 6368 6409 7715 6662 3200 9859 8271 1901 1015 7229 2126 6627 6532 6554 7963 6770 6537 7451 555 9766 4669 3452 8509 5957 9847 6092 7946 3950 9050 400 9747 3043 3909 4409 4600 4572 821 6081 170 399 7953 2460 6636 3956 3107 8598 9673 8283 4924 668 9927 7087 4851 9969 5180 8304 5005 3771 9156 1883 1334 3049 1889 5740 6720 8276 6430 8010 8274 9166 8727 731 1696 7813 8553 5743 7703 2678 2632 112 5679 5137 9042 5126 9545 1046 4040 9937 2512 7180 9139 6587 7391 7846 8874 8978 8529 6909 1813 4738 3216 8678 2710 1385 2714 4831 8770 4547 8944 1299 9999 4243 3577 4266 6219 1335 3202 9901 870 7219 6369
49 0 3252 9640 8384 3034 9091 3739 4298 8115 11 6393 4141 1183 8555 5637 6460 2594 2047 2613 5049 7001 7089 4568 4298 9835 7604 1276 296 943 4171 8923 1332 6934 1880 7701 5209 8931 605 6315 9307 5571 3835 2450 6096 2948 8260 9544 3073 3814 9013 4594 1469 435 4369 8582 1834 5988 101 7605 168 7623 8860 9461 3888 5890 7507 3145 8944 8011 8707 9239 2607 4126 5545 3117 7458 8619 6493 2348 8954 8892 2020 9916 6933 72 8177 7339 5344 8318 3698 7493 8915 7496 8119 2923 3725 3537 6858 1773 2816 3118 7922 8325 5827 2163 3781 6213 4825 5528 864 8672 8714 3446 3948 8307 4601 5290 2687 9374 7154 4570 9498 9452 3463 5452 7593 1484 5162 3211 7664 8998 2322 8561 4785 4800 5170 7915 6855 3684 1824 7744 375 95 1245 3844 2683 37 4304 3913
1510 3252 0 3981 7954 7039 5609 4167 648 4546 9307 4276 4300 4985 381 8122 2285 7495 8176 9388 8137 3176 7565 5618 6764 3206 5883 2126 2404 3223 8097 7847 8127 5373 6540 2409 7547 3236 9028 325 8507 1185 3506 3633 6165 8610 3356 6671 8318 4701 5491 7858 5092 6834 3106 3098 6510 1532 137 6197 6755 5885 3744 4275 428 3187 574 3347 8287 9748 9697 7007 6559 7715 7288 7214 7921 9697 8441 8905 2574 9563 7720 76 7170 3915 7302 1844 615 4516 3609 2118 1936 2009 5716 8018 3700 5377 2867 2443 7836 5151 5172 8941 6170 5101 7892 5843 5081 2336 6559 6939 4297 3142 2834 2114 3479 1036 8803 6113 395 4532 3879 8245 7616 112 5738 3254 3028 2112 5474 3899 5255 6826 3471 6213 3709 122 5269 6254 4355 5716 5995 6735 8960 957 4510 1050 528 3116
741 9640 3981 0 8571 1569 5905 3036 6522 199 1690 4644 6228 4005 6589 1806 5846 4435 8240 7884 6153 937 5736 2660 1183 1238 1593 381 741 7331 4728 2824 2095 8972 6459 9753 4323 7187 8318 9456 5497 3285 1109 4464 1251 3596 426 7398 3501 6766 8842 3199 152 3937 108 4697 8366 2922 2914 6324 4412 8392 2013 2662 9717 1322 6992 7267 4681 8488 8253 4989 1662 2716 2245 6373 9609 4739 4268 9129 2217 5775 5923 2317 6850 4234 6981 4236 3169 3944 860 7720 5145 7886 5519 3071 966 9299 2100 9369 1249 1038 9334 8439 4001 1559 6409 8847 4664 1406 2565 3785 9373 5181 529 2666 826 7210 3590 3026 7432 6307 6681 3689 6273 2049 115 5571 6240 2704 5029 2869 1956 476 9378 7027 4952 3544 9507 2736 5343 6524 9967 6793 8818 6274 2461 2697 6983 4019
5991 8384 7954 8571 0 8685 7688 5513 3810 7693 2405 7363 899 7538 1879 6747 6432 6177 3665 1667 1198 8311 4720 1201 9011 7983 3923 8344 4340 9661 7351 5658 6421 360 182 8694 428 6277 2881 2602 1616 4464 7525 3927 7903 7614 3296 8690 2326 7581 1952 9735 5334 9134 7865 398 241 271 376 8302 4502 8929 4175 3252 3923 9891 478 7213 3364 9186 2156 3446 8520 2625 7455 2685 7049 4728 8602 6946 1402 1845 3063 9852 8643 5757 4099 4402 404 5802 1687 3851 8872 3145 8421 5645 2730 993 2721 1187 1525 5319 7762 9605 9760 8556 1490 6692 4626 4300 6181 4920 6715 769 8254 3349 46 7013 9869 8888 6766 9862 8773 4542 5730 9811 9853 3922 552 2779 799 8350 1055 7071 16 3871 1305 6029 9701 269 7997 5473 7820 2657 2789 3732 6927 3843 3860 8236
7393 3034 7039 1569 8685 0 7890 9379 1236 7821 7285 6882 4406 9636 697 2605 8748 2922 6003 4300 8753 9031 9591 1780 4694 9105 546 5090 2630 7741 7234 2712 3597 7000 5562 1083 172 5863 5283 9080 1002 7176 1646 2872 3249 5588 4256 3329 8793 1026 8395 5928 169 7067 3171 8375 4284 4901 2830 7896 5088 3135 358 9755 8489 4093 9129 5056 8768 6304 3294 1577 3777 71 2526 4376 5507 8714 3207 4776 5096 3573 9581 1059 3331 3669 768 577 7216 7318 799 5811 2796 6060 4836 9044 8136 2867 2268 549 860 616 3930 5130 3637 928 6058 370 399 9607 3292 7039 5390 6613 8022 3413 3278 7935 3159 486 356 9958 8343 1283 5683 6062 8027 7948 7910 1804 9940 3727 3928 9390 5243 4524 102 7089 1505 4061 4153 8644 9632 8274 1340 9102 7051 9197 6876 6287
8218 9091 5609 5905 7688 7890 0 4756 6166 1204 2359 2443 9545 1517 5489 1378 1954 9501 4161 7638 1943 9180 7119 1311 1161 3655 2794 1175 8657 8014 4849 2993 8906 7047 4310 3504 7377 352 5464 2322 2141 3376 2162 1052 8506 1803 7262 5997 3094 6850 8738 6211 7793 9926 5467 5805 4944 1628 2954 6864 8268 6839 5745 5797 7894 223 7833 7355 2556 6149 9720 8172 8327 4632 1431 8486 7935 6280 7409 9445 7298 8466 8877 80 1469 985 886 7014 5683 5212 3526 5758 82 1594 7470 3804 8818 3914 5340 3392 8120 919 6090 8158 553 2896 3697 120 4432 3378 1709 2680 9923 4347 6079 835 6946 1253 625 2912 4543 7489 567 3281 1590 8666 5801 4645 3289 8537 4161 3657 3629 2941 6961 574 1362 2120 592 8492 1247 3466 3394 175 1248 9974 7989 8955 8501 2093
5956 3739 4167 3036 5513 9379 4756 0 5584 1046 1714 2957 5428 6478 3106 7990 7857 5166 9197 7210 3585 4026 5603 3475 1819 4152 6530 9615 7948 7439 8768 9329 6673 3749 9890 5643 369 6541 922 8255 5122 2913 1753 8920 6565 4068 3832 2874 2572 7690 2391 9648 5642 5319 6198 3876 2487 5879 486 7809 5370 8716 8047 8335 134 4744 832 7327 4319 5407 6912 7202 7320 3727 3613 2022 3481 5956 3055 3109 7121 6954 315 3348 2445 7852 1825 2636 7239 2439 5863 428 3422 2760 5734 7918 5971 1334 764 3638 3209 6979 4855 9572 6504 9265 5813 5335 3286 6382 4927 8492 5727 8678 3303 5004 907 9122 9455 595 4012 2504 1920 1300 9516 2705 9725 3352 5486 8464 5885 6236 3937 7716 2523 2897 1063 4152 419 3477 8065 2090 8406 9196 2575 2912 4645 6199 8038 560
3457 4298 648 6522 3810 1236 6166 5584 0 4103 3134 2887 109 363 4761 3491 2656 6616 4380 2192 6641 8448 5431 9441 2775 2848 7250 1473 4311 3904 5226 895 3456 5219 9822 4898 1868 4966 2916 6179 4172 8208 4608 8057 3681 3394 758 1311 935 1824 9063 747 7232 5978 712 8169 1858 7967 9753 1759 1657 711 3905 3182 2430 694 8815 783 1978 7656 5469 8447 8952 3922 2748 3883 7669 4588 6070 2026 9613 3327 9310 5179 4949 7768 6488 1572 6925 7637 5229 1291 7609 7325 3812 5414 5251 6103 3985 6892 9613 2091 871 9829 5730 4298 4354 5511 6895 625 2634 6591 7858 8365 13 506 8951 7102 445 803 7460 5302 5589 8673 1192 1995 2312 1891 8207 8639 3951 8874 1144 5418 6615 9975 8711 2177 9071 7265 4957 8264 3835 9044 4866 600 8244 452 7857 7350
3073 8115 4546 199 7693 7821 1204 1046 4103 0 7583 4179 8873 1034 9168 5972 4314 3489 9114 2785 7356 898 6599 7388 6154 9015 7460 92 1074 1755 8335 2952 2226 705 4592 3902 6477 4304 1707 4881 5527 4041 8869 3500 4105 4782 1855 2111 4274 776 4542 2038 1878 3708 3922 231 643 9132 707 8904 11 7310 103 2063 8423 1824 5112 9747 1996 1610 6465 6744 5148 7500 5843 2702 3626 4807 8869 8233 5241 8928 4073 1149 1102 7537 9177 7195 6101 7855 7696 8314 6354 9655 3083 5130 2228 877 9722 2757 9901 2328 9793 1696 1466 5010 4902 1381 8469 613 6662 2703 6562 5398 983 2146 1195 3136 7453 131 8729 1077 4723 2899 934 4140 6130 490 3965 3634 6026 6279 4380 1353 2649 2709 6154 7269 1043 6852 2673 9054 791 41 9709 7894 3527 8803 9436 241
8555 11 9307 1690 2405 7285 2359 1714 3134 7583 0 8949 7427 8053 1655 8610 7873 1170 3709 1472 3307 5925 8191 9732 4504 2631 5221 2510 6303 2729 5133 6709 7514 2460 1239 7125 863 4525 4245 9650 5441 3126 4202 2364 2710 7354 6700 7564 8530 3533 756 9109 4465 2208 6939 8207 4408 7724 1069 9803 7955 5359 5622 5719 4521 688 4182 9549 1737 4972 8958 4544 3821 8621 7086 8069 475 3885 2311 6846 2841 4383 822 9950 5489 6779 6580 9769 7850 4102 868 9330 1631 6374 7148 7262 5560 3480 3329 2579 4837 1099 5085 1148 5779 5967 9941 1611 8460 7432 2237 404 4068 4565 4656 7082 8517 1021 5651 5244 4513 8022 2219 2877 6190 7528 8393 410 6313 198 1578 1207 9681 9915 922 3713 610 4563 3388 2410 1859 8592 6400 4083 939 9565 6304 3000 5726 6133
3956 6393 4276 4644 7363 6882 2443 2957 2887 4179 8949 0 5435 5528 3211 6108 729 2134 9855 7358 491 6048 8372 8305 8200 6074 104 3972 8315 5794 9726 6575 6474 5285 6601 1252 926 4044 3880 6087 478 9079 3108 2925 2600 9062 3531 6265 3397 1550 9819 3429 2578 9918 7273 4491 6649 1270 7219 4540 8793 799 4493 3114 3938 6092 2398 5920 8012 5156 263 4311 2801 5594 1868 9912 1432 4614 2761 7307 2428 1324 6377 1328 2265 548 7854 9548 1453 6069 2378 7793 5948 1562 1857 6164 4320 5735 6047 8163 8095 2222 8427 8080 1399 3909 7434 9291 4254 1047 3150 805 2541 6681 4784 5932 9193 9211 6338 6022 4412 3184 5452 1421 9983 2967 6592 6395 1955 3724 6567 5011 4762 7544 7224 3115 6894 4513 6716 2409 3378 4097 2530 9664 4639 3559 1623 736 9807 5959
2220 4141 4300 6228 899 4406 9545 5428 109 8873 7427 5435 0 4762 2611 101 648 1794 7510 1987 1658 7216 208 4150 794 3349 1574 5400 8007 4703 5204 9033 2743 76 1522 7876 4654 7968 4958 234 1189 8646 5521 66 6849 850 2775 4926 7348 5694 4316 9086 7494 2099 3948 2921 6620 7445 7153 6518 9135 1843 7829 4054 464 6183 9138 4128 3436 3269 2208 5178 2290 3632 437 7281 3168 8529 3922 655 8263 1556 4914 1807 5406 3834 2450 2931 6696 9791 8358 8805 8580 6099 6123 6955 1825 1869 2838 5639 1853 7728 40 7614 6406 6563 1833 1310 2443 655 904 9626 4032 2887 8854 1980 8350 9655 2571 4610 6320 596 3076 5515 9486 5074 2486 6465 1133 8584 3125 5185 3262 4394 8150 6679 5148 9776 5449 4098 4114 7021 8230 4863 3022 8890 2042 5122 660 4474
9229 1183 4985 4005 7538 9636 1517 6478 363 1034 8053 5528 4762 0 2024 2150 3577 1125 6099 3989 1883 4140 6457 4389 8429 2532 2911 1168 6544 9754 6103 8684 5618 8141 3109 8910 3644 4159 4266 9945 3572 8365 9847 301 5022 7922 6489 1618 7400 8648 8066 7714 1136 73 5441 8192 3475 9526 841 1709 5114 2674 1879 8815 8148 508 9551 8409 9773 6156 9667 521 7166 7450 2848 5234 7051 9888 2767 3307 1236 6904 6418 7246 6657 1303 3341 2518 6780 4600 8223 1125 2340 5239 5097 2199 2517 4914 2496 2944 9697 3999 4719 5131 8241 2067 5541 4969 4446 2880 8921 9355 573 3719 8851 7130 2609 7184 9379 4182 8527 7809 5397 8509 3730 8344 9452 9972 9366 729 3573 6484 469 2755 6721 7756 3500 4519 1087 7326 3489 3998 4436 9357 3366 6818 4088 9929 8002 7468
2193 8555 381 6589 1879 697 5489 3106 4761 9168 1655 3211 2611 2024 0 4935 18 4823 5097 6276 1558 929 5819 2174 561 5571 661 3694 2332 538 3960 9139 440 4638 1086 3121 5358 6950 5861 1474 4989 7907 1149 3248 2000 3520 7902 7988 6682 6512 1586 2604 5005 5790 6646 8606 2872 3863 647 3633 9948 8150 5595 6800 5663 4205 2594 8377 2164 8672 6433 2349 7988 8822 2420 7009 6993 4257 2897 997 981 4024 1678 2895 4152 98 7058 8277 7305 4735 5725 56 5280 7483 7616 2954 2495 617 5996 9016 3718 4429 2862 6558 7686 1185 7200 4061 6870 884 4786 7490 1672 6334 8032 3981 9484 444 1074 3100 4058 3705 2558 4670 1361 1925 750 8222 2178 203 1320 9835 7595 4816 8480 3376 2485 2571 4376 4429 328 5247 7177 5319 2712 262 7985 1935 353 2178
9916 5637 8122 1806 6747 2605 1378 7990 3491 5972 8610 6108 101 2150 4935 0 1951 6701 7358 8926 9920 5655 4567 6873 2 613 8882 2772 7848 6906 164 7709 723 3781 3757 2860 5571 2361 5621 9795 3844 1560 1313 5244 9244 2704 4418 7744 870 8799 5245 4217 7360 2651 5782 7145 8848 7222 775 5020 2631 9959 2427 3906 6250 3998 6741 4178 3265 3907 8909 4052 8119 951 9656 5524 3884 8296 8884 3533 8685 8654 503 3066 8155 4106 2470 4647 6430 713 7092 9936 8967 63 7222 9196 5634 5774 7411 5321 3194 504 671 104 3140 4957 5136 4607 5521 8753 6618 6220 5272 416 9818 1483 1501 4127 3520 2384 2407 1236 5831 1313 9717 8637 7401 6573 9090 2547 3876 5952 2200 3836 6074 5594 584 6441 9578 3522 8110 4122 5423 750 5395 6809 6996 1249 9304 6011
3880 6460 2285 5846 6432 8748 1954 7857 2656 4314 7873 729 648 3577 18 1951 0 873 1859 2395 1111 793 7899 4030 6204 4110 5234 2227 2536 933 6101 9537 8716 9445 131 1233 4255 7660 9212 6286 1206 5528 5963 4325 1800 4839 3738 1995 6593 7938 102 6734 8561 127 1720 7407 2803 2775 1743 7098 1363 9125 1281 6421 2631 2137 4163 5273 1648 3644 1721 8422 6943 2344 2867 9179 9774 3475 5091 6383 2930 5353 6867 1510 2807 3755 8631 3648 1076 4855 7805 3328 2861 8991 7538 3129 4326 3416 3864 5574 7374 9622 666 7063 8969 2575 4767 2122 1154 8011 6416 5533 1398 2980 4963 7745 8878 5999 7878 8461 2867 6261 6685 5872 9914 430 5252 1531 9757 1296 6397 9330 1628 7209 6007 6893 4230 7999 2758 6232 2650 2602 725 3822 870 366 1302 3014 8704 6518
458 2594 7495 4435 6177 2922 9501 5166 6616 3489 1170 2134 1794 1125 4823 6701 873 0 5909 2662 50 8649 9684 9383 3269 6884 3176 5657 2417 76 8678 4516 8890 2074 2697 6052 1221 3144 687 2007 3920 7039 4014 1396 1682 4034 8682 4568 2360 5577 5247 8646 6153 6122 4422 6363 5116 687 5835 7018 2992 3339 6782 2041 8044 3223 5331 8419 7399 1369 4083 3076 5748 6521 8266 7254 9132 6092 5576 1256 7598 7901 1771 3827 1959 1509 8678 1702 7588 6971 2117 7210 4563 2629 751 3764 3521 6093 597 2672 4257 6208 9454 811 1163 4170 9149 7628 5527 358 2823 4071 9046 1300 5635 6956 8828 326 4369 3801 1679 8110 8075 5208 508 6369 2862 2464 6929 7941 5951 3395 2686 5423 6561 1585 7990 2935 4944 7908 3390 1213 6596 9860 5062 8909 8919 451 7045 7652
3156 2047 8176 8240 3665 6003 4161 9197 4380 9114 3709 9855 7510 6099 5097 7358 1859 5909 0 3342 6564 7295 6230 2289 4914 2927 9698 4810 5729 7243 5432 1865 1726 5759 1710 3246 5552 58 4008 4013 7170 5840 2832 692 9643 4117 3020 5506 1999 8243 4704 1607 234 56 8350 9421 4241 5683 7259 817 8846 3941 2679 7825 1356 8387 9475 5706 4748 5131 9498 1080 4931 9903 35 3234 3044 7020 7707 1526 9865 8196 1770 6424 5828 8132 5615 1220 9238 6627 6778 5258 7013 9034 4278 2510 5631 8509 8331 5217 924 9034 6937 1543 8895 21 2087 6968 1264 4006 2723 4736 8645 5343 8516 4133 6272 7610 9366 1341 7698 7088 1598 5394 3818 8747 522 8602 6143 337 965 1161 3192 67 228 4953 9673 7921 2349 8549 7803 7859 8211 9464 272 5220 2404 2376 6681 4989
2699 2613 9388 7884 1667 4300 7638 7210 2192 2785 1472 7358 1987 3989 6276 8926 2395 2662 3342 0 3462 2694 3407 2552 2477 2852 7469 9366 6350 971 5096 2537 4471 122 4998 5021 4558 1179 160 992 2486 5517 9625 4697 7858 7766 6301 8848 3098 3354 6250 1389 8106 7201 7819 3616 8600 895 128 7283 5099 4294 3717 3871 4855 6974 4086 414 2387 5696 5060 4355 9541 6784 4726 5196 9232 8443 9256 9487 5756 7842 1681 1092 6840 3491 7396 5136 2512 8240 830 8006 5556 884 31 5338 9216 2518 3055 7198 4537 1922 1519 5200 7050 6752 676 1596 8925 8047 5700 994 3666 2804 7692 9968 3736 8726 2434 2355 4949 7733 9330 726 598 1834 9619 2053 7354 7695 8503 6609 8467 2694 6276 1397 5707 9497 8627 660 7707 5671 8182 6335 4870 4062 7750 7303 5828 1633
7149 5049 8137 6153 1198 8753 1943 3585 6641 7356 3307 491 1658 1883 1558 9920 1111 50 6564 3462 0 6686 5428 7302 9661 1229 1521 5660 487 5868 5795 5663 9944 91 6598 9536 5831 8913 7913 840 4414 8763 2853 6710 5015 8166 5120 6337 7648 2574 7216 1058 4253 523 3497 2425 1791 2897 2146 7236 9797 2985 6921 9855 9598 9072 8039 5010 1095 2995 57 8543 6363 8027 4058 6014 4618 9847 3715 828 2609 7060 3171 4423 4495 8538 3273 6207 8309 9502 1209 5839 1179 8001 3361 7388 4486 3338 238 4272 5066 5037 8449 3597 4322 695 1069 6703 9306 4957 9268 9047 4786 5416 5921 4623 1248 1292 4208 2832 930 5578 4330 2591 5130 4287 1994 7437 2336 1833 4728 9731 4825 2908 5677 4721 7854 6793 4307 4425 3636 1228 4000 23 6803 8219 9054 2746 7368 7758
7500 7001 3176 937 8311 9031 9180 4026 8448 898 5925 6048 7216 4140 929 5655 793 8649 7295 2694 6686 0 5673 8671 8054 2683 312 2010 4602 882 1285 9697 1180 613 4100 4136 7531 2263 6948 8111 7395 9660 8367 8533 2279 5755 1055 479 8081 8217 1945 6413 5661 4329 5766 2758 8313 2912 8281 2553 9250 4140 3959 9252 8729 7387 9461 427 521 1398 2822 8864 6317 4452 6663 4200 2518 395 972 4930 7075 9619 937 8618 7953 1110 7767 3474 7381 5458 5491 5015 9047 4863 6568 7334 7912 3351 3977 8583 139 6945 9556 7343 6913 5831 1455 4957 6909 888 5910 4438 7248 2790 1007 2833 1042 5433 6709 902 7481 9929 4878 4824 849 4611 8229 6977 1148 6946 1337 9382 719 7584 6368 862 3761 8126 4147 4184 9053 9882 7808 481 3502 4600 4286 7629 2586 2320
3366 7089 7565 5736 4720 9591 7119 5603 5431 6599 8191 8372 208 6457 5819 4567 7899 9684 6230 3407 5428 5673 0 5272 7564 2980 3919 6578 6445 4361 9099 6513 8442 5069 4112 2159 9416 4540 491 3695 8525 1752 7586 4989 3754 2979 1236 6244 3822 8942 5171 815 1828 954 9659 4992 2720 2216 9860 3466 4822 2249 5699 244 135 666 1216 8770 5553 4818 6183 5542 9435 3477 1005 4738 1488 2444 1746 2515 4123 9377 5927 669 9017 9787 118 6892 7084 1443 5941 6149 2092 2349 7015 1965 4022 8519 5110 5652 5299 2489 8866 5087 7031 2666 5010 4465 9884 3167 2375 6290 2598 9183 1568 9279 5920 643 4162 5508 1837 2112 4068 2707 3263 1213 5443 6672 2039 4608 7391 66 6579 3183 2876 5128 5609 7337 2033 7928 1310 5485 9838 2808 6033 9987 4603 1189 1157 4742
6011 4568 5618 2660 1201 1780 1311 3475 9441 7388 9732 8305 4150 4389 2174 6873 4030 9383 2289 2552 7302 8671 5272 0 829 8418 6789 9234 8444 8678 1377 782 6686 8279 1023 9318 5036 4917 4854 4709 6034 5208 9030 5748 6004 5215 6514 4679 436 5469 9897 4974 9205 679 9246 1003 1848 9788 6492 5261 8355 6587 3475 8495 5118 8280 9550 7198 6753 5716 8433 3758 3974 927 8780 3134 7046 7307 4180 1173 239 1549 4710 6530 2655 8910 309 8852 7726 7162 1478 8711 2691 7769 4604 9390 4463 7271 4166 2948 4116 3628 8448 1867 1188 1520 6190 5233 1139 4116 4977 1207 6528 3446 3577 5693 6723 2283 6601 3855 4458 1726 2333 9678 8585 9735 162 8824 4183 2381 4109 4735 8054 9154 1799 2195 7206 8135 3865 8746 3963 1058 6807 7034 7289 1810 1036 8751 1504 784
9388 4298 6764 1183 9011 4694 1161 1819 2775 6154 4504 8200 794 8429 561 2 6204 3269 4914 2477 9661 8054 7564 829 0 1182 221 2253 7072 2862 1384 6921 8499 5756 8132 1890 3925 8797 2871 6962 2886 8552 1146 2280 1371 7201 8642 7978 2866 4982 3774 3794 5842 8954 6240 5180 8829 4113 2982 1973 5539 8290 9326 5993 2714 4073 4768 6147 7158 2240 8038 164 9769 1262 1870 3067 5404 8920 7561 7421 8687 6863 788 8699 8311 3579 6082 7113 5443 3459 1004 4703 6636 5735 5291 5365 2497 2676 7442 5679 6846 5118 2843 2324 682 2039 3783 554 7369 1634 6243 2489 380 396 3951 226 8962 7711 9046 9001 1048 1434 8965 4255 5457 9387 934 7544 6904 9804 5691 5937 4743 4178 6185 5861 5545 8120 8345 1610 5240 2555 2886 3240 3138 5626 20 6728 132 9273
7792 9835 3206 1238 7983 9105 3655 4152 2848 9015 2631 6074 3349 2532 5571 613 4110 6884 2927 2852 1229 2683 2980 8418 1182 0 7648 9179 1420 659 6926 3593 8977 692 2747 2443 3568 902 453 4930 7242 3896 2005 9940 437 776 3956 2210 1927 5929 3051 3797 9048 315 4488 3018 2776 3493 579 7176 172 3204 6333 3469 9835 8828 9061 756 2342 1927 6900 3885 3872 5431 6537 4313 6876 3096 6688 7524 4917 2145 9088 7750 7247 4081 6148 4348 7434 5489 3576 7785 1381 8997 4307 9342 1914 3612 7248 6591 5493 9284 2297 2180 5972 2377 5742 3788 370 9093 9285 9810 4420 3374 8471 5085 4649 3368 5073 9734 7866 3260 8168 3516 1565 5854 4115 2992 3201 4136 501 9563 7295 578 6710 1675 4700 6610 1344 4071 9142 8160 3422 3632 7561 9480 2001 9641 3013 4865
2572 7604 5883 1593 3923 546 2794 6530 7250 7460 5221 104 1574 2911 661 8882 5234 3176 9698 7469 1521 312 3919 6789 221 7648 0 5516 9322 1298 5709 8192 2520 2688 1300 4688 3357 6734 5808 2360 2494 5727 946 6711 560 9496 2194 927 2505 3586 1128 3401 3118 8651 7436 6748 5283 7331 8575 755 7545 3157 1712 2541 853 1314 5762 241 8053 5217 4852 5560 6062 952 1948 6457 986 4378 557 1021 2242 1101 7782 64 8149 6241 7089 7405 8946 9725 97 237 9562 7812 5452 2053 1452 6692 8614 7358 9014 4319 3077 5327 1748 3868 2493 6273 6430 7514 9967 7230 2846 4012 8410 893 3391 4999 8169 454 274 4911 1583 560 6146 8883 9966 9061 9274 2658 5078 4557 7197 6448 7490 7695 8184 7512 7671 5158 3541 8323 6161 7999 4819 2026 5049 3203 8529 6280
9351 1276 2126 381 8344 5090 1175 9615 1473 92 2510 3972 5400 1168 3694 2772 2227 5657 4810 9366 5660 2010 6578 9234 2253 9179 5516 0 5902 805 79 7864 2920 2113 8613 838 6406 8646 8572 9703 8102 523 2615 5754 624 9177 1322 2778 7293 3911 1656 396 6233 4466 5655 6326 819 9424 7284 7313 5913 4999 4083 9728 9804 7878 654 378 9589 5662 5547 3618 2066 2911 8824 2931 5941 1569 4915 3857 3715 8536 7895 5369 3559 859 5141 2493 1471 9129 7097 9190 5251 4422 8773 6920 2959 4573 9276 3270 7864 1661 6100 449 7413 2882 8540 9423 3696 5930 9796 8467 7749 2619 6585 4668 6668 6772 417 6056 9446 7103 9612 2677 6928 2901 9852 4928 278 7813 5164 1288 104 3860 9790 4994 4972 9548 2856 2917 2018 8745 412 3540 3207 1507 3820 6451 7659 6431
6676 296 2404 741 4340 2630 8657 7948 4311 1074 6303 8315 8007 6544 2332 7848 2536 2417 5729 6350 487 4602 6445 8444 7072 1420 9322 5902 0 6128 8550 5360 7581 8052 4967 5659 4006 2034 2110 7341 2349 2347 2753 9824 8342 160 9978 9458 8811 6446 5504 7935 1191 4212 3015 3758 4809 6824 1007 5831 3775 2487 6976 176 8564 6865 9976 5891 3663 9401 9292 849 6291 2388 6564 4619 7378 8611 2993 581 2226 7660 4205 961 7028 5248 6927 7897 487 4959 2385 2326 731 6644 1608 641 505 7871 3529 7481 8102 5485 5926 5103 2626 3595 475 4556 5875 4316 340 90 5463 5063 7320 2119 5929 8833 2868 8317 1781 3653 5426 3647 7315 5272 2984 9873 6178 2732 3869 2971 8005 4774 1342 9802 9497 3808 2630 521 1718 9829 2042 8192 354 3040 1282 5108 1837 3232
6368 943 3223 7331 9661 7741 8014 7439 3904 1755 2729 5794 4703 9754 538 6906 933 76 7243 971 5868 882 4361 8678 2862 659 1298 805 6128 0 7037 9752 5965 5788 1890 8944 8434 1944 2373 126 2900 3218 2267 8731 8019 3334 5779 5266 2228 9680 1880 1987 8139 5958 93 3861 6501 646 8764 1957 6429 3373 2542 3403 5002 5887 1724 8216 119 6654 8520 963 4207 4075 9100 7147 2968 8219 6072 9699 3474 8835 1249 7278 956 3643 7059 20 5386 3698 4463 996 9279 8465 5408 9124 3379 5315 8728 4940 3014 7258 3048 9145 7674 7373 4864 3779 6132 5468 3423 8476 9326 1393 5835 1818 6802 8633 9558 3678 608 119 2988 9547 3097 5757 5365 1393 6482 7236 4516 2848 6148 3888 943 3219 1423 5906 3506 2425 3075 5807 2214 5593 8978 8394 4725 984 2967 4580
6409 4171 8097 4728 7351 7234 4849 8768 5226 8335 5133 9726 5204 6103 3960 164 6101 8678 5432 5096 5795 1285 9099 1377 1384 6926 5709 79 8550 7037 0 3758 2975 603 9406 4042 9773 5347 2075 7555 6937 6429 6782 4320 7248 9135 3695 7359 8334 8208 4951 866 1242 6767 724 4639 902 5918 5649 6387 8419 2013 2818 9734 611 7720 743 5712 5054 4080 5092 7251 2341 6945 8024 8189 315 5267 4049 2137 8081 5680 9852 9507 9361 8342 754 5190 7985 7936 4250 5333 6925 7218 8576 144 958 8636 4755 7951 6953 5359 5906 2421 1635 1873 348 6286 9741 4831 2622 4174 9696 8438 2316 1206 3116 8697 3560 8775 9006 2519 260 6280 2083 6855 3197 9385 5194 4986 2349 2224 5029 6555 4589 3012 3996 6147 119 3490 8720 9697 5350 4454 3147 2161 4568 3772 3697 2690
7715 8923 7847 2824 5658 2712 2993 9329 895 2952 6709 6575 9033 8684 9139 7709 9537 4516 1865 2537 5663 9697 6513 782 6921 3593 8192 7864 5360 9752 3758 0 9508 8619 905 4737 4123 7887 1082 6256 4692 2926 7501 9403 4069 9553 7662 6728 4078 7379 9270 8517 8998 2551 9768 6550 5399 6458 8117 779 4053 2036 4579 3081 4097 1721 7230 591 4376 6829 9269 7140 8321 573 8061 9099 8991 1163 1135 4691 4201 6418 7365 6741 8274 5927 6288 2883 3092 7044 34 2443 4663 4436 4360 577 615 2553 4619 3644 111 4322 5435 2015 8438 1890 8520 6103 8242 7335 757 2135 7404 9380 9548 5217 4181 5249 3658 4294 3143 9132 1456 5763 4145 5884 9229 8458 8581 7562 6189 7501 4170 9764 974 453 9293 2314 409 3656 5384 2253 9851 3010 5403 1904 2507 1953 9448 5456
6662 1332 8127 2095 6421 3597 8906 6673 3456 2226 7514 6474 2743 5618 440 723 8716 8890 1726 4471 9944 1180 8442 6686 8499 8977 2520 2920 7581 5965 2975 9508 0 8433 4541 9632 8959 1128 3651 3846 3399 7028 6146 2188 4881 8841 1823 5212 1494 436 2445 4566 3117 5218 1515 2972 6773 14 7796 5021 914 3731 3304 7445 2360 4992 5692 5799 8322 7805 9224 6640 7747 8930 1744 5505 4536 1065 6834 5138 1537 2999 4051 268 1281 3986 9302 930 9660 8717 3839 7179 3833 8336 8999 7070 628 676 7030 1910 5341 323 9740 8028 59 614 7903 1142 4576 9491 5252 7245 6911 1330 7287 6118 1719 8342 3734 372 4265 6124 9150 3529 7846 2779 8884 3243 5442 9036 8058 5199 3823 9066 7797 1736 839 5736 752 594 8834 6499 1229 690 4051 6204 2754 9863 3801 794
3200 6934 5373 8972 360 7000 7047 3749 5219 705 2460 5285 76 8141 4638 3781 9445 2074 5759 122 91 613 5069 8279 5756 692 2688 2113 8052 5788 603 8619 8433 0 7454 8589 7527 79 3993 1224 6467 1837 1689 4944 8557 1064 5001 4190 3124 5753 5752 2457 3415 4686 3335 5148 8562 6068 4754 892 6199 1154 2706 1825 3459 2690 6996 3740 8314 5088 1515 6933 715 8620 9800 9982 1215 2661 4167 2244 2617 8230 7153 2096 6198 1574 4306 1282 1551 3136 4138 7748 3068 9676 7008 568 7828 5606 6191 6220 7019 5165 9503 1549 7672 3610 5355 7264 7548 3817 442 3395 5237 6773 3492 598 2864 2184 4985 5684 3323 8366 8974 9145 8279 2362 3409 6554 9643 4601 334 6100 7822 8667 4531 8 6661 6797 3764 7344 9095 2987 6822 647 4730 8824 9560 5015 4568 548
9859 1880 6540 6459 182 5562 4310 9890 9822 4592 1239 6601 1522 3109 1086 3757 131 2697 1710 4998 6598 4100 4112 1023 8132 2747 1300 8613 4967 1890 9406 905 4541 7454 0 256 1914 437 58 2180 1089 8824 531 3514 2348 7035 4679 7938 1330 3852 6248 6054 8937 491 3022 4710 7155 8060 8173 9473 8584 2485 8739 4087 6174 8786 385 1752 1959 4076 1100 8033 8573 7904 8328 1406 8346 1571 2250 5403 9563 3394 7331 4166 2857 7463 3067 2987 8233 3394 8248 8853 9337 2 7217 4263 5493 9205 4774 2680 8579 6029 8885 6734 2266 5159 6537 3275 9181 6043 4326 8577 1284 931 6514 4526 3835 5279 5481 9618 5430 1562 2291 3012 3344 847 4096 7592 6105 6574 8559 8584 9390 1623 938 9666 19 8195 2991 7106 8384 3583 9400 5011 8076 6736 9049 4165 6000 423
8271 7701 2409 9753 8694 1083 3504 5643 4898 3902 7125 1252 7876 8910 3121 2860 1233 6052 3246 5021 9536 4136 2159 9318 1890 2443 4688 838 5659 8944 4042 4737 9632 8589 256 0 680 5333 1809 2254 2929 5213 5078 2361 7029 3158 7919 8326 3580 983 9783 6559 4496 4212 8943 4001 4360 1258 8125 8976 3769 7347 7983 2562 9668 2036 8949 2365 5691 5012 5438 3216 3155 2408 2270 4504 8493 2885 5981 2666 4668 8761 3215 9122 9811 9346 672 7275 2510 5438 1582 4026 9521 1355 350 4032 2372 8167 2111 8023 358 3175 2267 5378 9952 1771 2769 6229 9077 5565 4558 5699 3471 9350 5538 6068 9677 4569 9313 9446 119 2147 28 1719 1813 9699 2536 7027 7326 5636 5738 2310 7612 4168 3327 5248 7230 228 495 2999 2875 1425 5892 652 3778 6939 1054 2658 9119 8609
1901 5209 7547 4323 428 172 7377 369 1868 6477 863 926 4654 3644 5358 5571 4255 1221 5552 4558 5831 7531 9416 5036 3925 3568 3357 6406 4006 8434 9773 4123 8959 7527 1914 680 0 7431 510 3315 1320 743 6897 868 740 5877 3782 3999 6562 5648 8347 5695 4677 6205 1778 5889 6672 4069 1439 5663 675 4162 7391 3338 1933 1882 3953 6686 6127 4328 5526 382 995 203 4480 1940 8185 70 5637 3613 6320 686 9849 5039 3553 6137 8791 8550 3517 6895 1037 6495 3924 9581 736 4364 8440 8516 8808 2961 3780 4684 8610 5757 8839 6801 188 9804 4936 4223 6657 786 1827 7891 4774 1567 4968 4103 6767 1271 1633 3636 9425 4576 5085 8979 2678 365 6235 7107 8467 7564 2194 7833 7316 7681 2119 8516 7587 607 6062 2662 4400 3811 1063 3542 5980 3687 7290 6227
1015 8931 3236 7187 6277 5863 352 6541 4966 4304 4525 4044 7968 4159 6950 2361 7660 3144 58 1179 8913 2263 4540 4917 8797 902 6734 8646 2034 1944 5347 7887 1128 79 437 5333 7431 0 1664 4932 7352 4516 9608 805 4565 9952 2628 2653 49 2347 6895 7404 1245 4498 3387 3796 4151 5626 5783 202 7602 4454 5654 9207 4659 2219 6290 8223 8825 2579 8363 1816 2789 8829 3962 9647 551 5159 2984 2225 5257 9911 7429 3167 6052 5055 2521 7286 1203 4640 1174 3324 6772 3218 420 3635 9327 7013 1662 8977 5681 2047 1041 1716 6886 3513 7495 5750 3163 8954 8037 485 6701 5044 6692 852 6321 5829 6167 2978 9222 5989 1575 3900 8449 2145 6702 2001 393 5888 9157 4322 6793 4587 4784 4779 7295 3977 9177 3733 3535 1385 7322 515 6125 5327 9217 1092 2068 8740
7229 605 9028 8318 2881 5283 5464 922 2916 1707 4245 3880 4958 4266 5861 5621 9212 687 4008 160 7913 6948 491 4854 2871 453 5808 8572 2110 2373 2075 1082 3651 3993 58 1809 510 1664 0 9803 3276 3112 9567 8220 1107 5773 1296 9560 2259 6909 6660 9274 5202 1429 6578 6118 7185 2706 6744 5892 7038 7512 5989 4976 4763 5437 1401 8070 6985 7756 2064 5727 4817 2895 4886 3840 1804 2139 2684 1177 2326 8708 4270 973 752 4251 4572 1306 9093 9881 5912 9858 4656 7096 7107 9781 4787 2500 593 5751 2514 5303 3172 7776 6846 1702 8475 4519 6147 4037 9226 2561 9605 4424 2536 9356 3746 9420 5101 7304 9757 687 9546 5875 9754 7800 139 1730 4007 3597 7254 2234 2599 8436 4340 2228 5150 5787 2669 1121 2889 6175 8172 2602 542 7318 3411 7366 9667 3166
2126 6315 325 9456 2602 9080 2322 8255 6179 4881 9650 6087 234 9945 1474 9795 6286 2007 4013 992 840 8111 3695 4709 6962 4930 2360 9703 7341 126 7555 6256 3846 1224 2180 2254 3315 4932 9803 0 1290 6046 2711 6392 9729 3795 3613 2665 8400 8711 5217 4713 501 4286 2795 2108 5129 3804 6178 8034 898 232 8031 1068 5768 7686 1566 6736 9830 52 8182 5910 9580 8626 1291 9358 5058 8945 9497 6508 1655 6991 2025 8331 3432 7177 9426 8824 5003 3966 4005 7528 8517 6609 8958 9774 3707 5397 4745 9016 4642 4317 8560 4259 5061 1030 9392 5934 9163 7620 4861 2815 2586 7974 4086 998 4574 9806 8423 4824 6041 9494 3833 1287 7311 9510 2386 4254 1765 4269 6131 7134 9017 7711 8793 4870 8997 3417 7129 3526 9713 2988 1240 2411 6725 3330 548 9806 9853 1077
6627 9307 8507 5497 1616 1002 2141 5122 4172 5527 5441 478 1189 3572 4989 3844 1206 3920 7170 2486 4414 7395 8525 6034 2886 7242 2494 8102 2349 2900 6937 4692 3399 6467 1089 2929 1320 7352 3276 1290 0 2500 1108 7822 6903 6988 1061 7066 5041 3919 7748 527 9762 571 4994 6545 5141 9310 6174 2851 4642 7860 9638 4561 1151 88 4403 4518 6784 4070 2142 6223 3058 6382 5913 5733 414 3887 8335 1285 1763 2248 453 2341 6066 9193 7612 9170 5346 2901 7876 4739 3095 8571 5503 9450 2702 4613 119 7031 1542 2518 5445 4637 6138 2606 9530 5093 504 1953 564 6213 5151 904 9588 6474 5803 3521 2050 6658 9691 5592 7946 5755 3538 4136 3724 9443 4885 1335 8809 4442 4855 4874 9072 1646 6727 173 7739 6345 2774 7156 2215 1032 1564 4733 3314 5475 1043 8328
6532 5571 1185 3285 4464 7176 3376 2913 8208 4041 3126 9079 8646 8365 7907 1560 5528 7039 5840 5517 8763 9660 1752 5208 8552 3896 5727 523 2347 3218 6429 2926 7028 1837 8824 5213 743 4516 3112 6046 2500 0 6179 2257 3967 8971 1248 4438 7776 5109 3004 1346 6093 5107 6452 9760 2500 629 5909 1893 5107 3591 2456 3434 1722 5156 2819 4745 1067 2131 5120 8800 7100 3631 1416 8004 117 2535 6635 6622 1545 8697 9864 3248 883 1596 4326 9593 718 1511 3635 2346 3360 929 4706 7988 2107 8035 4706 5110 745 1115 5863 5132 7131 1146 7344 8401 8333 191 1871 1926 8429 2699 9205 1029 2240 5351 5692 1328 7565 848 1650 8142 1244 7219 4741 7516 1071 1755 724 7260 7548 8580 7680 4603 1325 2417 6919 8889 6125 9939 8629 2153 4281 8475 6219 5737 4412 6245
6554 3835 3506 1109 7525 1646 2162 1753 4608 8869 4202 3108 5521 9847 1149 1313 5963 4014 2832 9625 2853 8367 7586 9030 1146 2005 946 2615 2753 2267 6782 7501 6146 1689 531 5078 6897 9608 9567 2711 1108 6179 0 7641 5211 1607 6996 3240 253 4355 2866 273 4956 2794 7372 1444 3622 3838 8335 5575 2523 431 3638 9581 2203 7643 9739 8378 4415 1430 6034 3551 4186 6139 918 747 5006 4688 491 3011 7883 1008 2163 4100 9970 9826 2601 3077 7470 6956 3099 9061 8233 2336 9804 2857 8517 1481 9261 3445 670 1135 5385 5250 611 9170 3005 4109 5780 5496 2997 4869 1231 8637 3863 9367 9979 250 7172 2847 8061 9153 9818 7950 219 9239 348 9464 9309 9437 5728 6377 3281 1101 1474 9461 9312 8510 2120 5756 3607 1931 2178 6855 4920 8452 1587 1482 4366 5112
7963 2450 3633 4464 3927 2872 1052 8920 8057 3500 2364 2925 66 301 3248 5244 4325 1396 692 4697 6710 8533 4989 5748 2280 9940 6711 5754 9824 8731 4320 9403 2188 4944 3514 2361 868 805 8220 6392 7822 2257 7641 0 7502 2500 8051 8887 1944 5028 5364 9807 4235 3036 6751 2232 922 5242 5683 3478 627 6011 7409 9456 4526 9882 87 9907 7317 869 8976 73 7442 3708 7090 430 1584 7568 9033 2369 1671 7619 1608 714 2835 738 5928 2908 9329 1045 9925 4017 3257 5043 2783 2422 5538 5122 1174 310 3788 9979 9542 3814 9861 7827 5565 4888 4742 1239 2660 2949 5559 6280 2294 3969 8109 6026 1287 2514 3550 2967 6606 9519 4498 8321 9853 1272 9906 9640 9754 434 4155 878 3749 2108 4694 2453 2264 6961 8531 875 7343 7936 5201 8402 7157 1997 1686 3083
6770 6096 6165 1251 7903 3249 8506 6565 3681 4105 2710 2600 6849 5022 2000 9244 1800 1682 9643 7858 5015 2279 3754 6004 1371 437 560 624 8342 8019 7248 4069 4881 8557 2348 7029 740 4565 1107 9729 6903 3967 5211 7502 0 3087 8436 1622 5081 1823 9833 7806 2016 8762 7861 8270 7653 3025 2962 9654 3981 3017 971 9752 1820 1198 6774 224 794 6832 7220 4491 128 6096 5880 7433 3121 512 8697 1660 394 9229 4194 698 1213 5704 2723 3524 5180 6559 6588 2157 3701 415 1612 3509 7103 2958 2399 386 5750 6991 5326 485 3057 8229 7732 2389 7010 2411 8206 7933 1484 4229 7517 973 3900 9980 6797 3614 2907 6821 3951 3016 6182 5671 7941 9072 4672 3508 5834 2158 3696 6005 9611 3546 5978 1362 4755 7376 6599 7771 7692 9802 9900 418 9054 8711 4486 8507
6537 2948 8610 3596 7614 5588 1803 4068 3394 4782 7354 9062 850 7922 3520 2704 4839 4034 4117 7766 8166 5755 2979 5215 7201 776 9496 9177 160 3334 9135 9553 8841 1064 7035 3158 5877 9952 5773 3795 6988 8971 1607 2500 3087 0 301 3875 5623 8644 6563 7372 6098 6936 7548 4923 5220 2569 9399 5734 7151 4610 2406 8280 8369 4831 5383 7511 5753 7232 7067 5971 2228 8613 6722 3134 1859 8591 4883 5520 6897 8018 3773 8626 8431 6759 540 4243 7638 6764 7735 165 8543 1289 9426 3721 2922 1479 3338 8942 2231 2132 2596 6497 9362 7755 3080 5997 2401 2572 1080 5389 5908 9258 5670 1052 6437 6570 9663 2434 1423 9098 1682 1356 7524 8314 3605 232 6036 1974 2272 1239 7480 6808 1848 7293 2038 8020 2138 4494 738 962 2553 4052 78 679 1243 9523 2368 3531
7451 8260 3356 426 3296 4256 7262 3832 758 1855 6700 3531 2775 6489 7902 4418 3738 8682 3020 6301 5120 1055 1236 6514 8642 3956 2194 1322 9978 5779 3695 7662 1823 5001 4679 7919 3782 2628 1296 3613 1061 1248 6996 8051 8436 301 0 4377 614 8463 4430 8125 3993 1598 6460 5957 4570 9690 2040 835 5150 3586 3911 8496 2988 6179 1785 6160 7965 4994 1174 2816 4476 2226 3338 2815 22 4872 5825 3894 8964 2872 666 5144 5981 5231 6013 8948 8472 1204 1264 7108 7992 7179 8910 7054 8656 3268 3561 3897 5900 2292 7063 8870 6493 3378 268 7214 1972 7577 5871 1574 7301 5408 1527 910 9281 1197 1910 9347 6107 503 8551 3214 1942 607 3350 6388 6417 1486 5694 8298 5141 4344 1290 6267 8186 6866 4552 2482 1300 4608 9911 1779 5204 987 4587 8607 3470 1902
555 9544 6671 7398 8690 3329 5997 2874 1311 2111 7564 6265 4926 1618 7988 7744 1995 4568 5506 8848 6337 479 6244 4679 7978 2210 927 2778 9458 5266 7359 6728 5212 4190 7938 8326 3999 2653 9560 2665 7066 4438 3240 8887 1622 3875 4377 0 6643 3056 1829 8969 4517 6262 2179 4215 7154 5200 6784 3309 56 989 8456 5003 4546 2596 9138 5036 3522 3929 1443 3009 7585 1222 2372 7919 4604 1865 1580 5176 3388 63 4712 3561 7924 5453 3276 963 9798 7572 7438 7994 5952 8282 7599 7768 253 119 3135 9275 1377 1677 4051 9330 2645 7477 6891 9070 5827 5416 6237 6792 7022 677 4313 2519 6766 4959 9749 8498 5798 7917 3425 1579 492 2707 9372 3558 1307 1275 1924 8545 3534 5851 3700 5920 6736 7784 9244 610 2011 8768 3813 2912 9931 9964 2876 5867 5682 430
9766 3073 8318 3501 2326 8793 3094 2572 935 4274 8530 3397 7348 7400 6682 870 6593 2360 1999 3098 7648 8081 3822 436 2866 1927 2505 7293 8811 2228 8334 4078 1494 3124 1330 3580 6562 49 2259 8400 5041 7776 253 1944 5081 5623 614 6643 0 6892 7404 2932 6374 3971 5334 9007 8162 1478 8947 1682 5430 3822 5898 260 6310 4482 9996 748 12 3424 3293 475 3707 9230 1758 6329 8768 9964 9016 363 6969 6872 1052 2112 6634 608 472 2536 5788 8017 4979 5696 2372 3857 1675 9796 2300 3462 4242 2046 7999 2371 1155 8818 1880 194 8476 1303 803 340 6872 5955 7815 2297 6882 8893 687 9630 6732 5966 2489 5071 1184 2157 2107 9312 8473 2936 2891 3508 9125 5344 1528 795 6109 3466 2553 9948 7597 3232 3679 9586 6712 346 7666 555 128 5930 6094 9568
4669 3814 4701 6766 7581 1026 6850 7690 1824 776 3533 1550 5694 8648 6512 8799 7938 5577 8243 3354 2574 8217 8942 5469 4982 5929 3586 3911 6446 9680 8208 7379 436 5753 3852 983 5648 2347 6909 8711 3919 5109 4355 5028 1823 8644 8463 3056 6892 0 3086 6756 8927 4618 3475 5153 3290 838 6207 4793 9445 2298 2797 1546 9490 9594 772 8304 6600 4037 1020 635 2468 994 8546 1000 4108 9851 4956 571 1600 4527 6315 1699 999 1370 1298 450 8082 9873 7808 2822 4932 3072 4264 9573 1380 141 8640 4916 1510 5516 7433 3247 4879 6752 6788 5140 7626 4942 8354 1201 3723 375 2937 8186 7785 6604 4826 5848 1645 6059 4964 8897 60 8076 154 114 8620 8048 3225 1254 8922 5653 7420 6425 8807 9739 2578 8396 2686 9272 8783 455 8372 3944 6316 7483 5051 2653
3452 9013 5491 8842 1952 8395 8738 2391 9063 4542 756 9819 4316 8066 1586 5245 102 5247 4704 6250 7216 1945 5171 9897 3774 3051 1128 1656 5504 1880 4951 9270 2445 5752 6248 9783 8347 6895 6660 5217 7748 3004 2866 5364 9833 6563 4430 1829 7404 3086 0 60 9775 3767 313 7776 666 1004 2809 8303 8158 9638 7012 4783 1431 2201 3415 2068 1390 7068 6539 4867 4263 5962 4140 6119 9244 2381 7603 6641 2768 7827 2452 984 5437 3525 1276 7434 4880 1386 344 5117 3551 8663 4525 3558 5160 2473 2353 8703 8531 1658 5941 3073 2023 8286 3361 4182 3840 8260 1315 9052 9849 2432 5608 4328 626 699 4457 176 1008 6224 7329 5278 1520 430 739 1226 7549 1952 5212 7932 6622 5449 1891 8874 8714 8449 5120 672 2335 3322 9420 3450 7217 1225 4119 7750 1665 8351
8509 4594 7858 3199 9735 5928 6211 9648 747 2038 9109 3429 9086 7714 2604 4217 6734 8646 1607 1389 1058 6413 815 4974 3794 3797 3401 396 7935 1987 866 8517 4566 2457 6054 6559 5695 7404 9274 4713 527 1346 273 9807 7806 7372 8125 8969 2932 6756 60 0 468 9709 6750 6415 8096 419 6876 4452 7795 9133 2736 530 4221 6899 3340 6349 7234 1295 7687 9816 4751 733 821 9417 6235 4071 1097 7648 105 568 6847 5802 9338 6836 8528 8110 8251 3824 9003 8063 334 6337 6698 9384 7153 4154 1961 226 941 1466 137 2467 5537 5251 848 4161 5054 7134 5177 9681 6892 6649 2853 6500 9533 2554 6979 8212 8200 6497 282 3327 9331 7723 6853 4428 3297 4268 9036 272 545 1590 8884 2340 8140 1819 7825 4990 821 7733 3071 7348 168 6318 8188 977 4684 6784
5957 1469 5092 152 5334 169 7793 5642 7232 1878 4465 2578 7494 1136 5005 7360 8561 6153 234 8106 4253 5661 1828 9205 5842 9048 3118 6233 1191 8139 1242 8998 3117 3415 8937 4496 4677 1245 5202 501 9762 6093 4956 4235 2016 6098 3993 4517 6374 8927 9775 468 0 5444 4092 1523 8899 2323 6614 1958 7114 5036 1538 2125 1128 1609 5518 3187 9376 4773 3445 3556 9169 6419 7098 6197 5503 3007 6565 4513 8199 1343 9084 5974 1277 4741 3456 4441 2267 396 7877 9365 8986 7751 7415 6798 237 4486 5950 7455 8577 4984 595 4341 7979 7849 3329 8595 875 343 2898 3794 6361 9478 3194 5708 9899 7921 3433 6140 6068 7722 2544 6305 8340 463 7598 4824 7728 8451 7545 4511 8948 8738 8997 7236 3143 1920 6912 4572 7546 3854 3792 1781 6295 3399 7929 3741 7830 3786
9847 435 6834 3937 9134 7067 9926 5319 5978 3708 2208 9918 2099 73 5790 2651 127 6122 56 7201 523 4329 954 679 8954 315 8651 4466 4212 5958 6767 2551 5218 4686 491 4212 6205 4498 1429 4286 571 5107 2794 3036 8762 6936 1598 6262 3971 4618 3767 9709 5444 0 4947 3021 560 5526 87 5502 4670 2620 9639 9264 9686 8314 3230 5728 7416 2179 5059 8022 1909 6677 137 5102 6780 3111 5987 1489 4749 2908 1493 4901 6014 1002 9394 5305 8033 3328 4718 2837 4376 3817 2768 7823 9806 687 224 1008 6983 3281 7992 8037 6177 955 1262 2582 829 1362 1195 2346 160 3987 9813 9804 9871 8274 1249 3281 9411 8769 7315 6296 5490 4922 3913 4061 2493 7921 8286 9838 3084 1976 4784 2301 3784 289 4766 6409 386 122 838 3880 7061 4489 8512 3665 5259 624
