300
0 5964 2857 4953 9355 8529 1415 5656 445 4581 3692 9054 4499 1329 1055 7214 3591 4648 4398 4060 4922 7178 3425 3733 9836 7344 2264 655 2520 7742 9927 5553 2433 2329 6982 8616 965 9679 1169 9715 8949 1001 2609 9764 6826 9169 3056 9814 3237 9048 1 5298 3618 3854 1589 8429 1877 4692 5705 6182 5150 1565 4287 6749 1840 821 7286 9026 4964 464 5084 4451 6294 5709 6322 8185 8515 2411 9595 4876 3016 1159 9456 8534 5895 9705 6830 9182 5827 2399 507 8728 8946 652 952 4664 5993 7753 152 4218 6249 5095 1963 7004 1977 988 5783 5433 1485 4970 7517 735 7014 2123 9400 6868 8777 61 8099 1109 714 9271 9165 8005 8440 8536 214 7362 4304 6632 892 6177 4837 37 1230 5926 5958 2115 8088 9472 9314 62 6206 8368 8057 1096 1757 6349 2693 8672 3229 6208 3754 6373 248 1687 3068 5296 6527 9671 9054 3467 4372 2575 8926 8808 1950 2991 2183 2633 3117 9015 371 4521 4042 569 170 827 1015 3202 6357 8848 7475 2346 2884 9292 6139 7340 3230 7940 9787 5992 1488 1065 8777 1049 7324 5244 3791 3312 5181 2196 6772 2330 3320 4300 3531 9858 2521 3613 3132 3056 6048 7962 759 4216 4477 6690 4739 9129 4110 9486 2858 8040 6520 6075 8483 8365 4240 2466 6809 6150 1378 1487 6676 9893 6110 5366 1211 6992 7236 5257 3169 4211 2255 9714 4549 9382 8692 2633 3286 1212 4659 8468 8449 3926 4470 3325 4814 4763 7177 2610 1039 7079 4790 2607 8422 338 9080 6761 7479 2284 8131 7174 2340 1111 1964 9030 7294 6719 7510 1041 9504 5323 5127 216 768 2199 7313 1635 4850 7181 6954 3266 8940 9699 9697 6774 9829 2809
5964 0 8223 33 19 990 8406 413 7245 7250 7809 8703 10000 5292 5449 3507 5014 889 2990 4313 4282 5142 3922 5895 5268 8561 9028 2252 4534 3185 6579 9615 9145 1695 9793 544 4744 8198 9056 2250 7466 6649 4924 8389 5975 3257 8519 8984 2609 9893 6125 2180 4585 1930 1593 926 1227 9182 6657 2216 8464 7057 5264 1647 9481 3953 7607 7195 9623 3502 1871 3819 7002 361 1325 4843 7357 1903 9573 9075 2177 8390 829 9494 8004 4772 5507 130 9007 5812 9611 8530 3945 8028 1072 9129 4755 3609 5823 9392 9605 3435 848 9678 8338 2093 1264 84 565 1349 7552 4663 4696 4239 9509 9604 9663 6838 4806 2543 3709 7587 5638 8926 3803 1085 4178 259 6334 2121 4248 2404 93 2006 7136 9462 4219 1344 9923 6906 7079 9023 2855 4300 9773 6061 5593 2115 6990 7934 1311 3531 4040 3917 5502 4158 357 6708 913 151 553 1853 3405 1109 9999 9352 222 885 7205 3649 7165 7183 1720 8752 9908 5597 8697 2164 4214 3804 259 2166 9646 1993 3966 743 6771 205 4889 7557 7271 8218 4498 1855 2881 5494 2058 312 5737 1344 3470 3855 7170 2863 602 6089 9918 8108 9454 6623 5772 8756 9425 7867 5838 9860 6705 4992 7 7662 1948 8224 6484 8702 9996 9908 3853 5627 9440 6994 8921 5205 3658 1957 9100 6021 4992 5278 4572 5942 46 5058 4933 6590 4199 9904 2178 3066 1973 1316 1287 3585 1268 9208 1350 9355 5540 7081 2453 8369 6249 8223 5135 3330 9314 9204 9265 5626 9659 697 1517 1495 2377 4903 2702 5515 2890 6979 3961 2701 2965 4183 9753 1717 5984 3045 1840 1428 2383 7921 7671 4002 4425 948 1615 325 9153 5678 2765 6698
2857 8223 0 1989 8494 5066 3023 2014 423 9533 6334 7324 8571 9352 8633 3080 3050 1545 4826 9545 949 5808 4619 3109 4784 7992 8662 1709 9166 5517 2095 3872 6175 1186 3272 3933 4084 2735 9744 1235 3051 5915 5641 3023 6304 3343 7635 1115 6742 8234 5651 3822 6437 2514 2364 5496 6110 9895 633 1183 2671 5668 7763 5620 3572 7539 3807 7176 9887 2277 9732 9601 8152 254 8722 4791 2323 6337 3511 7070 8319 7841 4671 1821 4230 2510 8098 276 2059 3199 1060 2328 965 2270 7323 6412 6257 3199 1784 9527 1699 6732 3279 3931 7273 9620 3434 2729 2407 8311 4752 9616 6988 3060 2258 320 6179 993 7717 2869 8537 3263 4841 3908 3663 3299 4590 5337 4647 2352 3458 3105 8129 112 610 8279 68 3682 6754 2859 9016 43 1561 7045 1321 9462 6006 6371 6740 8333 1872 1238 7002 1115 8143 8808 1736 2922 8729 7511 5496 7099 5437 4908 9423 2833 153 4608 6692 4382 3553 8848 852 2386 2354 2383 7458 409 5796 905 6651 8800 7196 2849 5696 9494 9823 2602 8257 9988 8926 5307 317 9809 5851 3284 2880 5700 7217 1667 7853 6609 4285 8265 4123 3629 8308 1974 9638 2146 4818 1979 4875 9097 5294 8469 7917 4224 7026 1767 725 1709 2083 1958 473 4997 981 2853 4809 4420 4160 6650 9731 6683 9735 8577 9050 3550 8884 7757 4487 4537 4906 1428 5534 8321 4568 9888 1582 9594 8923 857 5233 3383 917 6661 6553 3247 3025 3095 660 5159 3412 7679 9032 330 9909 1185 8053 7536 7807 9275 7288 9284 1115 6413 4942 3213 5992 6159 645 144 1437 720 432 6618 6400 1903 4291 2016 3204 1972 7923 8028 3065 2821 4196 6176 4164 2175
4953 33 1989 0 3383 6918 9504 9878 2044 1945 3865 2059 1134 7215 5612 6316 1812 5762 628 5459 3275 3717 9674 183 4284 7310 8874 3985 2971 4158 8566 5645 9840 6976 370 8791 890 7784 2665 7995 4512 2082 5788 4782 1557 4371 4502 6592 2163 8773 7584 5102 8029 3432 9185 7239 9165 2696 9593 4091 822 1484 4399 7420 6043 4084 3012 9215 4505 3362 8006 6497 8438 5326 3354 5407 3737 3738 8691 1096 1411 5012 5063 974 4411 1217 892 2422 2257 5536 8129 4391 4832 9804 941 8424 8014 6930 4956 7331 9934 4323 2590 593 4924 5132 7189 7265 4031 4847 282 7078 8701 240 227 4549 6520 3843 6522 264 7914 1736 5415 9334 2597 8573 4057 1481 2706 6754 6821 7031 6076 6731 1075 9062 7785 4674 3803 8207 8259 7230 5455 6958 7037 1849 4836 8757 9351 5177 9117 8905 3234 1929 4755 758 5055 3664 7840 1451 2227 5190 5024 5181 8069 5688 1741 1221 6335 3778 2865 2693 1282 9471 8888 7423 8273 4602 2437 1813 7272 4695 9326 7578 7268 4257 446 9388 9442 3357 1511 8271 702 9654 1888 7405 4097 4144 8792 8972 5909 737 8574 1013 1027 7920 206 6291 1933 6923 8803 3053 6532 980 4454 9692 9862 4794 6603 2841 1263 9550 4677 3471 443 8684 3921 9941 7429 3873 9095 6642 4461 2215 5406 2354 3519 5462 3355 5521 2052 9914 2780 2385 7484 3299 1266 953 5225 2285 8261 2688 9803 266 153 3714 8363 4410 7702 9885 2177 328 5656 4817 4489 9807 4795 9192 5438 2097 1203 1049 9217 4033 4149 7036 7922 2268 1510 4995 2775 1271 5313 9377 7720 9469 1614 13 3889 2335 8622 7740 250 6407 9416 9926 8515 7741 4354 7320
9355 19 8494 3383 0 896 7390 6647 6484 2740 6604 5412 3823 3357 3894 1260 4766 3875 7792 4736 3613 3607 3508 8585 3857 8753 2643 2978 8914 2838 8839 2346 4314 6503 5171 9733 9333 128 6397 4085 1353 4218 5681 2707 3449 5959 1066 77 7973 464 3505 6306 6360 2883 5746 371 8432 7413 342 1764 5237 8267 2010 3076 6167 5510 8240 2675 4299 4987 8293 3058 4093 8022 8847 5952 7960 3877 3895 6748 1375 6814 2192 9597 524 1592 4381 689 3993 3042 7497 1931 7897 5747 4801 8821 7305 1083 5506 257 3938 992 5582 9427 2429 6637 7119 5050 2254 3175 8403 2117 2591 1286 1543 2367 7081 9662 3509 1391 3942 999 4448 9832 5155 5147 5526 193 8898 661 7918 4925 5855 7165 5628 9449 466 9826 1306 2708 9800 3639 2124 5628 2561 88 8154 8976 3773 1297 9001 4922 1385 4786 4650 3204 6129 2579 8414 7721 5806 1297 3552 265 401 8482 7657 8923 4534 1389 8182 2894 2670 379 8273 9606 3776 842 8157 4487 1911 9676 5648 4593 4487 4490 2158 5120 3486 3702 8295 546 550 4881 556 5718 5834 4170 1167 9601 7877 1450 4632 6446 3532 1820 7510 5955 5035 1099 7339 5858 8893 6636 1750 2483 50 8589 6195 1779 8436 831 3247 4165 5159 9145 9051 1034 4120 4244 38 2431 790 6875 9126 2222 5324 9894 1745 892 9518 1948 1165 9725 8292 5942 7168 970 7833 3529 295 5971 553 1749 68 9086 8372 5162 228 3103 2313 4194 7477 2747 5036 7660 2209 3695 407 8899 958 3615 7027 9127 7055 5805 6668 7976 9414 5744 6820 6717 7284 4366 5806 6522 3652 3000 9694 151 725 2120 8483 8855 8395 480 1111 6536 7655 7698
8529 990 5066 6918 896 0 8902 9852 9427 5212 129 638 3959 7935 9105 9261 4882 486 4734 5307 6192 7948 1560 6166 6169 6340 8555 9904 4963 1513 6656 4580 1631 8449 7591 1290 9648 8090 2471 7267 2164 9641 8952 1157 5532 7894 7567 8603 3500 9177 1057 6581 6431 4793 3346 7345 1761 5112 2681 8972 4267 4964 5320 3843 1283 3097 9560 1886 8836 9203 9496 6338 2434 7581 5771 4397 3690 8245 8735 4838 7332 1553 7464 9014 8808 659 2987 1200 8758 1104 4398 9876 1943 1354 9820 4624 1111 4636 4912 6520 2308 8810 9075 1222 5464 311 1451 2212 9413 8731 5305 6501 6591 6199 9571 1163 5555 9421 4969 197 6132 3571 479 4904 4479 7029 5483 8042 5014 2413 3667 3640 5662 9736 1774 9951 8136 8070 9195 9283 8331 3291 1450 9852 3516 3058 7819 8604 3474 6609 2111 545 4896 2012 3191 2696 5293 2542 8898 7426 6077 4623 6193 6496 5165 2685 8615 8954 8873 8176 8483 6702 1618 2214 7841 4411 4752 9645 9860 8523 274 9055 960 9981 1061 2238 7408 1129 4856 2683 1858 9836 1454 5420 9908 5475 4198 6922 361 7224 141 6151 7453 1728 7353 1609 8782 9188 3849 6052 4621 4544 5975 83 1850 4744 5339 9454 51 857 1958 1897 1428 8797 2893 5120 9176 8896 9082 7809 9825 2514 9906 5013 5127 4721 4544 5262 7169 4324 453 7657 6003 4870 3500 9769 2748 6572 7164 3243 7002 6086 9334 7886 8318 2042 6376 108 6730 1509 7052 8489 5379 8084 6383 8404 6075 7088 2550 9456 4845 4822 3320 1548 6826 4065 9595 3384 1194 9835 8668 8271 9882 275 7290 7128 4259 6868 8956 3208 6409 384 2279 1825 5029 3808 1927 1635 9893 3880
1415 8406 3023 9504 7390 8902 0 1888 9544 2047 5154 830 5413 190 9679 7937 9673 6471 6992 3160 5106 8681 7543 8942 1492 2362 8154 8177 7635 6395 1990 3007 9430 8425 3385 1503 4055 6393 4289 6171 7227 6005 2126 9731 1879 3627 521 2094 2068 9048 7866 5945 9619 850 6063 9902 6143 8488 7620 7671 9089 8422 1929 230 8680 6384 1333 6176 680 7900 9051 3546 6591 3524 6987 5058 4440 7398 1295 3424 579 1923 5789 4206 6416 3602 6313 5068 1313 2408 8246 2773 7408 9228 5733 4121 4679 7258 9964 3783 5157 9117 3800 9733 1010 460 254 1006 913 9361 8448 4206 4134 7955 1358 9019 2826 7870 8354 9384 8776 4854 1188 1812 9613 4427 9737 3589 4463 5396 3138 1840 5809 2877 9858 1939 9740 9266 6613 3511 7999 1994 6463 612 850 4937 9239 2205 6707 6403 2046 3658 1167 4381 4538 3758 7356 3226 7234 5981 376 8020 4642 4127 5260 9085 3116 2490 6639 8437 1853 8865 785 9329 4682 7614 817 1258 9730 9906 534 760 9428 4187 9942 4689 2313 5446 1034 6794 3073 6502 7913 197 4776 3895 7253 9028 1608 907 6362 3918 1606 1847 7953 637 1787 971 2554 6689 8420 3306 424 2220 7283 9421 5797 6691 9228 1943 9443 4157 4600 7191 3424 4096 897 7391 896 6736 7886 9319 324 7599 7657 5374 7966 3169 2601 2926 9705 9878 8045 1786 3637 2751 1965 9860 3227 6874 5314 5078 5209 8829 7321 5568 9093 5711 1305 5403 3981 8391 3543 5461 5254 7306 7320 515 2736 9226 9600 6049 214 2354 2972 2193 397 6409 5140 4861 338 7553 9233 1753 200 7917 3294 4621 8088 1959 2671 3070 5371 8370 6777 3323 5389 6211 4436 9589
5656 413 2014 9878 6647 9852 1888 0 7987 2037 8904 3911 9707 5417 847 9251 8351 8895 3228 8483 691 2061 1335 2201 4309 9544 6797 8156 5678 8404 5226 2832 465 5597 9213 5732 6636 2511 1733 516 1815 1029 5320 3081 5335 4037 1644 2676 352 2175 3841 8917 3279 1850 4135 219 5043 1554 3490 7794 5567 2775 5714 5035 4730 595 7876 301 623 319 7855 7916 7807 566 2557 6101 9219 1068 6117 8007 5886 320 2912 4605 3143 5417 2494 3940 9232 9657 3148 8489 5951 9708 5573 8220 7252 8377 4898 4337 702 3483 2647 5212 6380 3500 2215 5472 7528 7096 8240 2786 317 5759 4060 370 5163 7176 8598 9241 2278 9912 1073 8436 3253 9149 3405 2533 8498 8889 4980 4565 121 6405 8004 465 3342 9120 6816 6873 3541 8481 4996 636 8274 586 5396 6821 493 3206 2241 2491 3253 3688 5975 276 2311 9818 5486 6022 9099 3822 8564 3957 5843 5004 5224 9312 9779 1369 6477 8494 9590 6322 4496 739 6206 6774 8238 1482 1802 2974 8536 8277 7295 5864 3210 917 8128 2932 3178 684 1458 7899 6881 7127 6304 6745 5981 3401 5969 5233 2187 8711 1671 533 4068 689 8821 8898 6224 5830 4948 723 1711 1210 9541 924 1627 2094 6039 7577 6443 5380 3761 328 17 2681 936 3031 7010 9034 1902 5648 9383 5396 9180 9639 4259 7197 5479 3497 3817 4341 985 6200 3857 7279 3145 905 3624 2655 8715 3168 9039 7624 7014 9075 7835 722 3986 376 5675 9828 4066 9402 6828 4903 3083 5493 9712 1155 6483 290 6161 9840 3232 989 2437 9173 4280 3688 4700 2555 3738 3998 1676 2711 2582 3721 5827 7732 1269 7809 9623 8971 8490 3210 3628 7894
445 7245 423 2044 6484 9427 9544 7987 0 3602 5549 5300 4137 1844 9671 5773 7737 3233 5408 3123 1155 2716 8512 721 7351 700 3550 8754 5556 5761 3108 520 716 6770 5573 3499 4752 8279 8421 3149 6971 1433 4505 6093 5199 9682 7697 8517 125 1976 2045 1810 2346 7214 1319 7265 9238 6426 1944 7781 35 585 7412 2121 1017 561 4415 3294 2101 9212 2920 8108 7901 2657 9925 4153 208 7523 6924 9500 3036 3022 8932 5132 823 1438 4840 8795 7738 3104 3268 9502 4464 8215 5256 3042 1985 8217 4142 1970 2698 4523 3333 3962 4420 4859 677 3270 3757 9711 3756 7554 5964 8176 6952 809 6046 5513 5843 4115 1921 5459 3716 5486 5889 68 8963 6205 9178 5631 4676 4348 4272 2216 3655 4556 9995 4136 4311 9574 7610 4782 3547 2859 1246 8083 978 6420 2289 1144 4232 8886 9767 8465 9897 9227 7213 1216 1760 4028 8751 7494 2618 2402 4041 707 2451 52 5303 1518 4935 7699 4742 428 2000 6471 8951 6390 6957 9002 325 2351 4246 2206 5768 5367 2633 3057 5605 5596 6722 4498 1248 4134 4950 7491 6334 5299 7848 4396 6584 661 9781 63 6338 6971 4465 4266 9144 7955 36 1886 2701 7842 1621 9158 7271 8396 1508 9803 2365 331 9820 9314 8370 5373 6513 7307 7450 3939 8932 6370 8704 6277 7454 864 319 1348 2403 9561 8498 4061 9436 3061 298 1692 3024 9696 6051 2440 2254 7521 5350 7627 4071 2803 8630 4125 1002 1323 700 8703 8806 6135 7201 3639 3177 7134 8221 7088 4567 3205 1601 2898 8374 8876 1147 7645 9459 9690 5953 3780 7648 5452 9706 2778 158 1605 1254 4564 8715 7768 1244 3676 5206 9708 2545 7235 7366 6965
4581 7250 9533 1945 2740 5212 2047 2037 3602 0 4579 3987 2511 908 4718 5966 8133 185 2430 2803 1074 7380 1770 1042 5364 3321 6 5520 859 3216 5866 3756 7169 1584 6977 1173 1620 8998 292 3689 8062 7777 7577 105 5882 5351 1747 2211 3758 6114 5425 6896 2296 7527 5829 7104 4919 8493 2012 9348 6757 9595 7264 1635 4783 1737 8971 9845 5034 8324 2762 3804 9070 6886 2656 2914 6009 8115 3967 3927 9507 8411 3602 2754 4795 8034 7187 6950 6144 8424 4527 6949 1729 2989 945 7530 4620 9792 982 4151 2758 3661 4202 273 3198 6860 7469 3780 9883 3937 6339 5144 2955 4523 4983 408 8586 8599 4514 2437 2622 2023 1409 6818 195 624 1890 3742 4180 7609 2385 2485 8805 4690 7108 1113 9467 7188 6714 1559 8362 1346 1683 4875 8892 6267 2928 7338 4577 1379 2097 276 5388 7802 3985 4 2747 9400 3407 5370 9074 5770 6050 9896 8168 362 6053 2736 6726 4202 898 9148 2540 3896 1173 4394 1170 7456 2708 6687 7030 645 5730 6911 4483 3418 2732 8155 4494 2272 9379 2174 8010 4565 1440 345 3764 2031 3101 4082 164 7060 5083 8546 1361 1867 7308 82 8100 8477 8576 5432 1235 4766 559 7192 1563 7684 2901 8826 7164 3045 2328 6659 847 2724 985 7631 5245 2897 7662 4804 594 4330 8960 1860 5712 1129 8344 7627 18 4595 168 3789 7107 1702 3410 6197 6609 4384 22 7236 3090 3654 3 2220 5272 3430 3136 7352 3220 3818 8961 277 2992 9411 750 4218 8704 5228 5633 3455 2171 8798 118 607 1944 5494 7202 4563 7507 3435 3046 1251 4962 4531 7179 9090 8692 7484 3558 4749 79 8385 6186 8865 7930 9679 2125 3102
3692 7809 6334 3865 6604 129 5154 8904 5549 4579 0 7430 6241 7122 738 6688 4618 4060 6782 9835 5654 4737 1431 2743 9817 2684 514 5906 8214 3821 6078 9906 7493 6501 1620 6714 5648 6892 893 9880 6120 3205 8380 3584 8310 2713 2242 3397 543 1946 2939 899 1127 7522 8188 926 5936 5478 9435 3622 4289 9574 3539 920 1034 5647 6310 1257 8344 4106 5760 9709 4843 1046 1613 7707 1110 7706 6257 509 1913 9816 6652 5013 3423 6888 5396 1429 201 970 9500 272 8700 5695 2093 5310 7392 5277 9756 2335 5587 1676 274 4127 4400 8342 4328 7190 4861 5729 2703 8337 1246 1088 284 4876 6001 8005 2708 5715 247 7571 83 6950 8063 7177 8350 9413 7334 6521 4843 4930 679 6726 9934 6169 2456 2643 4531 1845 350 8154 4789 8219 7125 460 4637 2108 6458 1807 9853 1139 1909 2777 923 2485 3689 9881 4314 7321 2872 4492 8897 3749 9957 2685 4911 7664 5140 3383 43 3362 102 9486 1771 6332 8448 8059 625 488 1477 2691 9616 9018 6406 4534 3663 7538 9337 1119 3333 3521 9970 7602 7465 1891 4271 9664 6758 884 256 7824 4747 8998 7471 3293 2713 8916 4186 4747 6163 6408 2353 752 9897 2162 6144 6374 9130 2173 1202 3332 9842 9265 5894 1579 1755 8530 4811 4099 781 6658 8206 1209 7158 54 7642 969 7445 7465 865 6862 7188 6012 6419 6628 3026 6769 4840 883 5305 2253 1252 5425 1757 4294 7834 7105 7376 9234 2379 7107 7472 4747 8419 1404 130 1560 2500 3797 1236 9189 7663 3977 135 3003 5799 810 21 7977 6847 458 3881 5475 7990 3163 1526 2063 3552 8143 8816 3060 8384 9981 8113 7067 4313 4546 7936 485
9054 8703 7324 2059 5412 638 830 3911 5300 3987 7430 0 7412 8046 4631 9586 4846 4051 4991 8522 5418 4852 9220 9992 4610 1859 3825 4514 3705 6389 9384 9655 6467 3644 9525 8581 8992 8131 3959 8045 1862 3263 2311 5205 2771 8057 6981 5188 7727 2214 9575 5074 1322 9749 4908 1701 969 6523 4711 2351 4953 7696 7490 2890 8462 905 6858 3609 6037 8077 4244 4609 4945 7202 5604 217 2652 6200 8434 6380 2679 3068 4318 9982 105 9519 3756 948 2055 3930 9617 1390 1228 3643 676 9465 5540 1408 2074 9672 3096 1218 3756 5770 5453 8811 7315 2210 6656 6173 4619 3362 4382 9069 9423 8867 5438 1989 4172 2175 5012 3367 4915 7919 4034 260 8684 5541 5347 8706 4849 8788 9005 2928 7147 1271 1748 7794 9444 9998 8259 8758 1404 6722 1781 9471 6821 2853 7733 1455 7108 4297 9825 5488 2980 9235 4872 8887 3506 6332 9001 6176 8396 4151 5641 59 311 1705 5475 1205 2647 4494 2323 5333 2732 8687 8794 7219 7208 1438 8623 3200 9554 3720 9364 6385 7573 9441 4266 8542 7538 6995 9250 3580 3815 3288 5892 1266 952 2802 5603 4306 8427 7376 2290 7394 957 589 3697 2303 1078 7326 3719 7939 7475 8564 8353 1922 5649 9121 4204 8047 6378 1717 9916 4212 6958 2292 3949 3259 1341 1318 9767 6544 9303 2801 3298 3411 3653 6870 4674 6664 873 7411 2217 6286 6789 4864 9357 2889 7590 6895 3534 5322 1623 5717 6419 607 1985 7006 171 6143 5969 886 8302 1108 9847 4135 4717 9497 8983 2048 251 5968 2361 6460 8233 5041 7464 9865 6734 6120 8077 7023 6049 1499 6935 8031 5959 2975 3490 927 13 1146 2251 3567 3374 2401 9967 1298
4499 10000 8571 1134 3823 3959 5413 9707 4137 2511 6241 7412 0 3557 8912 9344 1140 7711 104 9271 9807 9381 7392 3645 4011 2506 8526 7735 3874 1750 7409 6342 6410 6886 1127 571 7527 1009 1241 2738 8359 8921 5431 9120 3341 692 5862 6568 7251 5696 7114 8030 3865 7018 4900 559 6114 8433 7236 3097 8212 9474 93 2691 268 760 2598 904 8589 6694 1260 9292 2586 1774 879 4079 8784 453 8667 7146 6984 8227 2934 571 1277 5003 604 2014 1294 6056 2243 8549 4047 6968 3409 675 1106 3520 3663 9928 2579 8387 7477 9698 2144 6316 705 9079 4312 5537 2423 7320 3032 5232 7498 7760 4185 282 2808 3153 2122 3911 7317 3109 3096 8080 8220 9300 8978 9533 8287 3524 9860 6975 9102 6594 6785 2810 1744 4899 8014 7730 7994 5811 4158 2056 8236 9925 968 8047 4722 516 8865 3697 992 1861 9022 2849 9643 9896 496 104 6267 4263 4719 4413 6427 7170 1283 8865 1387 7527 4644 5013 3637 3346 5142 1352 2621 7937 2824 6030 6344 6647 6651 5526 8047 9437 7828 4824 9108 137 9098 8820 9123 5496 2268 3336 2630 7384 8783 9984 4676 7916 3544 5302 6723 373 2378 8542 5176 5552 5174 4796 590 3156 5309 5991 600 4402 3790 6473 1496 8422 5751 8310 320 2319 6190 2219 1988 3857 545 9081 7463 8560 1039 5000 925 7093 6991 8532 8714 7969 2219 7396 2246 4555 185 2981 9090 9629 7005 8421 5989 7583 4747 4497 8771 7046 3607 8414 644 8266 735 540 8469 6563 4636 2216 4119 2671 2495 897 6787 3199 6631 9490 4912 9857 5014 4629 6715 864 3327 6540 9077 315 2436 1898 4496 8992 9685 5046 9810 6899 4627 8897 4063 7134
1329 5292 9352 7215 3357 7935 190 5417 1844 908 7122 8046 3557 0 6682 2923 4329 2911 1800 4679 1952 6814 9373 9794 3126 924 4245 9665 8291 7809 3229 3897 1601 1526 829 9670 8923 2906 8136 3555 4149 4338 5457 3468 1551 5801 309 2900 6243 5772 2807 1805 4935 2642 5345 7428 975 2994 9618 9513 8092 5535 5137 10 6869 8701 5184 7460 502 7273 1250 3339 1082 7477 1516 2150 7055 6225 8994 8242 4131 9484 4714 1810 7391 2944 2470 1018 6037 9787 2585 3315 7300 5718 2120 6832 8212 6637 3019 2750 2060 5138 2612 6875 9899 1675 773 6327 5532 7388 9184 5062 1031 8938 538 992 3331 3822 840 7151 7463 8368 6927 175 3052 8832 3411 1993 4724 7327 4389 2707 6561 7654 978 5179 3750 638 7892 5904 6375 4713 2639 7961 3682 7756 3767 6506 83 8018 5976 7264 3073 7027 9332 754 9262 5999 5651 5279 3074 5473 6565 8663 5898 7004 1261 1802 3439 2945 208 317 6824 9199 568 5850 5427 9985 8898 2289 6 3137 3371 2423 5679 5117 4520 7895 9220 4451 4153 5938 7892 7327 1240 1755 9753 1004 5901 4890 3345 8118 3891 8620 9878 300 5748 6148 8446 8641 3785 6829 3929 8426 9788 5552 9701 2858 7321 7043 2086 4753 5735 3699 6745 6856 1556 4807 8865 8902 7925 4228 4526 9058 1847 2342 1883 8506 3439 7140 8797 2364 6713 3094 5034 5302 170 6667 4918 7883 2390 855 5049 676 2386 6692 8817 5371 5576 1886 7090 9111 9382 7968 4030 7032 3145 7821 5688 7992 4086 346 8733 5203 4234 9092 5644 6001 7377 5499 4389 4044 1905 9225 8985 3218 1417 583 3592 246 2900 6839 4743 416 6342 2875 8478 7244 8549 6554
1055 5449 8633 5612 3894 9105 9679 847 9671 4718 738 4631 8912 6682 0 1326 7749 4302 9902 4618 8155 9059 6184 3946 6302 7992 7210 4677 7899 4184 4580 3745 2571 4760 198 3882 5938 7468 3269 9793 8499 9298 7620 7126 8362 5480 4257 4863 821 846 2753 6337 1167 3727 4878 3557 9630 3834 65 6431 1866 9865 9649 7677 8642 6543 547 8236 1983 9971 4445 8202 4442 7888 453 2813 6963 4779 2249 1351 5364 2560 5532 2748 6185 9624 9763 3052 7729 9704 9995 1432 3006 3268 1374 964 5091 7512 3312 7060 352 6140 8888 1115 5255 868 3063 7055 9686 1287 3629 4223 3032 144 4596 371 6493 9154 2301 384 2498 4839 3772 285 2384 9489 3772 13 100 8810 805 8843 7367 7913 9064 5265 3366 6878 8412 2591 8612 8232 3061 3088 8653 6163 7550 493 4946 9483 144 4185 7259 6770 3874 5633 2806 3133 135 8603 5395 4710 2862 3719 4136 3759 18 1750 5046 1357 1146 4442 381 5135 7235 558 6305 6776 5544 9017 9652 7342 2883 4943 5808 2530 8862 3388 3322 2522 2925 6067 2902 1126 6161 9649 6191 7162 8593 5420 2893 8028 8355 18 3094 3788 9486 6900 1065 2391 7807 1492 5418 4665 3276 9043 8258 9355 510 7363 2254 6221 165 5084 7777 3472 6477 4094 5824 4767 7015 7411 4160 8751 8140 6529 7891 7041 1769 339 2859 9997 3839 6126 412 3343 8810 2451 6994 5295 2006 3669 9306 9902 1181 2061 7228 4099 284 7212 5856 8165 3094 4607 6876 2302 865 2807 6677 8774 9001 1628 4599 5813 5453 8461 5525 8331 9430 8534 7927 5767 3233 2944 9504 5158 5079 7854 6525 2593 9737 3361 764 4052 3778 8958 6487 5578 2268 6117
7214 3507 3080 6316 1260 9261 7937 9251 5773 5966 6688 9586 9344 2923 1326 0 6332 3826 8802 151 9320 1266 1515 4143 1489 3479 4718 6195 2165 9052 2837 5109 8927 9631 3077 2872 8365 7408 45 9325 8043 8290 1908 2151 5964 2213 3838 3456 5938 7815 4544 7568 7613 6625 7265 9058 8446 4900 1612 3518 6442 7629 6789 5206 761 2917 6141 9151 4202 4842 4387 650 4961 9765 6721 9864 3400 9238 299 407 6424 5099 6437 2886 5950 62 576 1949 2098 5638 6535 4321 4801 9149 9091 4413 9061 3656 7749 3716 9849 1953 3955 1758 7448 9995 5690 4785 2764 35 1085 399 6648 2610 2617 9761 2660 8300 5176 964 9581 7059 59 4866 2001 4558 1130 5113 4765 5219 3136 323 844 6063 5904 7807 9187 2925 9344 6568 984 4930 3064 7084 6046 1416 193 5794 1406 3870 1349 5726 4529 3595 5746 7773 9424 8568 8508 4822 3893 8717 1689 5750 9433 6495 1335 1955 1940 3469 2022 6997 3723 8760 819 7074 96 7169 2369 8593 4341 3300 154 9178 8709 2986 5721 9800 9420 9997 9862 7431 4599 4142 9017 2510 5366 8209 1258 3446 7853 3999 665 9252 2451 5049 4281 4001 1977 4067 6504 4386 2036 4086 1482 1991 7595 4544 2109 9338 5205 5353 4901 9832 6549 8569 7253 5774 9918 8419 5575 9514 1934 8392 1255 7840 9289 9158 6057 5331 6806 9935 9605 4940 6598 5644 4384 3543 18 2994 7354 7904 8674 6224 5247 8694 8173 2723 9816 8680 6650 308 3243 1505 9937 7370 7630 4851 4799 1168 6589 9614 6807 5124 5415 7966 7440 7352 8140 5873 3938 4416 1223 5936 659 170 5830 9417 9604 7899 9957 8673 5900 4158 48 4807 7849 5152 7407 1774
3591 5014 3050 1812 4766 4882 9673 8351 7737 8133 4618 4846 1140 4329 7749 6332 0 9117 8598 166 6644 5325 7546 738 4447 3417 4842 4006 1016 9391 7242 4032 3971 2622 1516 463 186 823 8432 4994 7506 359 8367 8009 2645 883 1125 4985 4886 1060 5582 3513 1798 1402 2493 4264 4470 7572 5445 7066 6840 5290 3229 9955 9963 2600 3461 2629 786 3540 4586 7741 5342 6056 2636 5795 3853 1038 4941 2046 2987 4127 666 6684 2952 2625 4624 6710 2314 7941 2326 7849 101 7363 508 5749 5208 858 354 8717 6921 4657 4153 4575 3683 3510 4751 318 6080 7138 6631 3684 1729 2944 6647 1731 9413 9182 3745 9041 7023 5966 5267 6820 1015 5227 4113 8902 5831 9801 5144 9719 4115 9505 1318 4972 7366 4758 7988 8579 5659 8868 6926 3340 3342 8556 4817 5429 4185 1718 8536 3828 9030 7677 9208 4033 1126 8073 5907 7748 42 1857 8466 92 9933 6018 5511 6008 4916 2555 7578 2652 3389 4058 6573 293 7520 9334 7039 5039 5602 598 5137 5334 3931 4054 2040 335 8186 8190 5287 4971 4345 2714 6333 4010 9270 5757 5019 8890 2973 2362 2727 4975 74 9033 9263 8813 3601 452 6645 3984 682 5855 5415 8288 3731 8511 7080 2013 7921 5534 7743 3455 1654 1351 6127 4341 6389 3246 427 4894 2579 9437 8374 126 8919 8722 8626 584 8928 6046 6299 8018 127 5422 8284 690 9273 7442 1809 7349 1916 733 6726 823 7798 3095 7692 4316 9627 3015 8268 4781 4010 8652 9972 8947 839 3418 9896 8808 1865 2830 7832 6946 9860 6333 5543 5463 5228 3918 8059 683 1452 6848 2174 1327 8497 4341 3430 4 7761 4859 9359 4755 6900 5503 7761 6617
4648 889 1545 5762 3875 486 6471 8895 3233 185 4060 4051 7711 2911 4302 3826 9117 0 4834 9435 4210 1303 3944 9630 7091 6048 5549 9524 7233 9544 5199 8327 2928 2072 4406 2158 444 5970 9545 3051 9713 7619 2469 6367 7106 9805 8242 1966 3849 3768 1958 9512 5866 764 7571 7073 8760 1604 974 2675 6020 3872 3408 9186 1755 4876 1807 378 6679 1294 5947 7184 1270 2401 5980 9830 4931 9756 7083 348 7734 4891 1557 9203 4622 5734 7703 3416 6582 6986 4363 2972 5536 2948 7584 7788 7341 9684 5370 3604 6391 8950 7032 1218 3525 4738 2739 1208 6295 8210 6725 6908 6882 3380 7451 1368 4705 1517 6330 7361 5121 1459 1710 2098 1479 5253 3257 1480 2232 9950 5277 1404 840 5639 4607 358 24 6203 2444 4945 6527 6643 6942 3058 6947 3782 6980 3000 4461 3643 9156 9285 1952 887 9337 1146 5396 8563 4971 2890 7064 1577 4167 3660 2795 8425 4648 7682 9594 2289 3776 4880 6930 7288 1916 5775 6104 8877 2251 30 999 1191 3177 640 1358 9651 7594 6815 2539 5738 7823 6164 9258 3467 8445 314 6332 3343 3490 3242 7539 1955 6083 3253 7679 7275 942 1002 3863 2449 2953 7278 595 7127 4837 4017 323 3551 575 1187 1346 129 5703 7737 3147 9691 9735 4350 8891 2100 2104 7787 5760 3375 4583 6870 258 3119 4749 9900 8061 7679 433 3973 1513 700 8276 5507 2002 450 9486 8993 4783 9511 5913 3663 7197 3958 3990 7657 9469 5819 1841 7718 2605 6767 8945 151 5521 238 1341 5670 3306 5390 4875 3209 8269 4036 8 1530 1756 1134 6680 5697 65 1968 6793 9537 9717 7018 7709 6968 7728 9350 6657 7571 3635 3657 8844 4614
4398 2990 4826 628 7792 4734 6992 3228 5408 2430 6782 4991 104 1800 9902 8802 8598 4834 0 2138 4006 6482 2063 1765 4099 5290 6668 7007 4188 3298 3153 944 4012 1809 43 9127 7289 7532 5252 2681 5669 3991 9436 5270 7082 8467 6057 3553 3443 4118 6262 2592 9038 3225 6537 5792 3692 4737 7566 4739 796 3063 1757 1267 4893 137 7942 6888 3855 42 6023 3685 3459 9295 2367 1667 4549 6154 1651 8725 7646 3813 2238 51 3725 1125 409 9110 3683 9151 4318 4663 3090 5513 5203 7222 4076 9674 1246 8006 2542 2177 628 8253 1066 4863 5177 157 3805 1751 7701 6991 2431 6585 9622 1663 4184 8346 5133 9933 6127 8940 722 3842 7698 1087 5498 9386 5572 5025 6842 3410 3374 1765 8326 8316 7800 5075 493 4649 3965 2707 4734 5331 3086 5782 3233 3063 9373 2414 3706 6976 9146 2988 1298 9388 1649 4669 813 1611 476 4467 4715 7396 4739 8133 4150 7001 9665 9502 3564 2737 1856 4988 4979 59 3279 1865 5962 7211 7096 5251 3382 8096 4062 3863 9711 3030 971 9978 6956 362 5030 2192 1576 4584 4224 8506 9510 731 2635 6710 6908 7518 3822 9537 8902 2213 24 9919 1840 1748 8406 1554 4979 321 6195 9693 7712 1310 3573 9817 7116 8763 6743 7861 7637 1640 9359 4350 661 5749 8391 5321 767 8214 8662 2530 5308 91 102 7893 3847 4706 6242 3439 2787 4596 3637 4331 2619 3849 1882 6540 6840 3753 1626 4293 9525 6601 305 2493 3933 9495 8149 7650 3295 2084 8167 552 6275 1162 3777 4750 4092 5288 9825 1461 6495 9025 5333 6860 211 6628 3743 7238 8400 5706 4721 9512 8622 2064 3405 9850 5699 117 1053 1295 958 8658
4060 4313 9545 5459 4736 5307 3160 8483 3123 2803 9835 8522 9271 4679 4618 151 166 9435 2138 0 7501 6659 6168 5993 3536 2141 1903 444 8521 4420 5065 5378 5860 3565 1503 6029 217 8073 7505 9795 8501 5231 656 3601 6920 7655 7582 9362 5186 5931 123 6733 5156 5696 6589 885 6355 5280 4882 9746 2222 9523 3888 1937 7745 9953 6652 1218 8251 8703 7002 4421 4332 2805 7382 6103 291 6581 8845 2851 2986 7689 8678 5905 6315 5512 1399 4971 9497 5784 4149 371 4256 1808 4516 5606 8838 7990 4142 5093 8540 6602 4169 880 5767 18 1979 3300 2595 892 8054 5162 8492 8130 9980 9509 2240 8123 5134 8698 9180 9354 2700 6187 1705 5966 6357 673 2869 9171 1846 3626 2555 7694 1161 1000 2098 616 1412 9835 4196 2089 4078 9652 5371 2623 718 9140 4385 6203 3991 2698 6359 3487 6836 6621 4119 511 3580 7610 7477 3321 8543 490 5242 4746 3630 2386 7669 2896 3353 4881 1349 3394 581 4626 8779 8772 6883 371 5238 4782 2449 2720 3716 761 2797 4942 213 9480 8686 4147 8526 7001 7403 5528 4168 8430 2579 6041 4631 7054 855 5382 8315 4479 6061 890 3018 3095 9383 9070 2555 2476 3511 3643 5663 9937 4722 4427 1785 2531 4764 5242 3568 4111 1744 6770 3042 6980 6457 6288 6866 228 446 171 1920 874 9810 1904 250 5326 8295 6144 1153 8274 1197 5750 2453 445 7488 7866 6354 3005 819 5673 946 664 546 6027 1058 8597 2095 8983 8541 6358 319 132 2719 1712 9424 4382 5463 5998 273 1505 3637 4212 3642 5098 1167 3274 8471 9787 4709 4797 627 2643 3851 398 9508 553 6628 1035 5491 2333 8215 4820 9876 5007
4922 4282 949 3275 3613 6192 5106 691 1155 1074 5654 5418 9807 1952 8155 9320 6644 4210 4006 7501 0 6381 2934 3460 127 8062 1662 5083 2648 4101 7943 7378 6948 3351 7960 2501 2215 3576 2806 2653 7006 236 4188 749 8129 560 9850 4974 6732 5055 5979 9694 6832 857 929 5653 6693 9182 7212 4506 2913 5218 2135 7587 4208 2779 1614 4896 5214 1637 5255 3356 5096 2649 5569 3362 2588 9824 8367 4433 2607 3260 3494 5165 1962 7178 6596 5362 6253 8336 8416 4905 7964 8804 5356 5553 4649 7126 3833 9524 7022 7542 1586 7754 1956 1612 8016 1064 3243 6295 9108 7268 9740 1005 6899 5448 2073 11 6837 4340 5168 5428 3495 3266 3571 3110 7330 1706 1241 1875 7864 6174 4103 2135 4922 9183 4824 2626 6142 5531 7963 3601 8633 3006 9376 4817 5950 7626 7291 578 5448 9492 398 9522 8893 5415 6279 2599 4739 5181 3087 902 7561 7391 2053 9790 7654 2329 6338 6889 4279 7632 1380 7963 7542 436 6678 9907 3773 8286 8328 8812 5340 9924 3641 599 4332 6677 4194 4685 6054 6683 9040 2834 7997 5164 5290 4822 8787 4445 5988 3935 6634 4322 2517 1519 8029 2452 2163 996 6867 6982 5224 3929 7338 8481 165 4303 8313 5080 5846 4796 9663 2361 1237 8820 6492 7118 3757 6482 6413 1024 3707 6300 4028 3034 2961 5969 4619 6524 3400 6823 8194 2708 997 8926 321 5674 3616 2202 7510 8296 6795 3074 879 1772 4319 3118 4482 5505 4431 8720 199 8427 1400 49 6900 8592 3290 6198 4411 3152 5572 3689 912 2002 8611 2066 3591 1789 7242 3740 2362 8964 6999 958 4241 184 3513 7436 9284 3569 996 5231 372 611 8889 5318 7537 715
7178 5142 5808 3717 3607 7948 8681 2061 2716 7380 4737 4852 9381 6814 9059 1266 5325 1303 6482 6659 6381 0 160 5429 6131 5030 406 6158 4559 9420 1806 2930 1074 9324 6204 8317 147 3480 6364 7049 1257 6655 2759 6076 84 6584 5789 8690 8144 745 8215 4122 1517 2326 7650 1801 7896 8041 1649 6219 2700 2257 8052 6515 4192 5604 3407 4799 6634 1271 7847 9061 4213 4630 384 7496 7010 9426 3536 1559 5384 4957 7722 7288 9854 5467 1521 44 9626 9679 2816 2152 1770 375 8715 8595 9132 8102 8921 1129 1034 5314 9071 6493 8885 3287 7983 6606 1330 4675 1661 8348 9840 9208 7742 1742 6515 9269 2927 5243 7931 2705 7549 3918 7944 2428 2371 4777 6075 5240 1752 1445 5421 5722 2123 1611 6183 5149 198 4386 3970 3572 8957 3354 4036 3275 3866 9157 4408 4037 3274 6284 411 3057 227 390 8979 6935 2827 1608 155 3110 5846 3312 9973 3472 4820 9024 2399 8289 5597 9836 8738 4448 4749 3866 7002 4112 4559 3071 4896 3300 5639 3868 153 1406 8554 8627 8206 1318 8358 3897 726 3340 1529 2128 2711 3557 5703 7215 3881 4985 7463 9530 4916 5522 6110 1613 4843 8983 7753 9635 7416 1914 2645 3287 522 9883 1497 2547 7471 4624 9635 6055 2419 5101 8464 20 5092 5069 4030 3863 4846 9326 685 7159 1089 1160 1481 6533 448 9663 3760 9649 5132 3100 819 6690 4926 9793 744 539 6575 9672 3295 9596 9434 1418 5654 8158 6299 6615 4952 9544 9615 3461 9824 9224 6426 5212 523 6936 2311 5608 5563 3133 8093 3769 3278 6057 8098 6559 7140 7562 9092 9458 9963 8110 6525 2822 7637 2898 3249 7098 1311 3297 7398 1419 1567 7177
3425 3922 4619 9674 3508 1560 7543 1335 8512 1770 1431 9220 7392 9373 6184 1515 7546 3944 2063 6168 2934 160 0 4469 884 150 4355 7511 9657 4313 2808 3980 1190 881 4194 2620 6167 7136 7650 379 5083 7315 8456 2345 6339 8741 7354 543 621 9795 8077 150 8972 5341 3518 3014 4100 1248 9888 1980 2857 5872 5596 4345 6801 3045 807 283 4046 754 2377 2400 2810 2872 7549 2642 9089 1219 8806 4928 9032 5504 7287 4287 4567 171 8570 7055 4483 2988 6284 596 8874 7941 6941 1606 1658 6476 1575 4358 7952 2439 1749 4024 9669 9650 9567 5772 9402 38 7769 6471 1807 8120 319 8914 8033 3518 6537 1011 8827 2703 6741 6422 4953 9091 6534 1108 512 789 2737 655 7414 530 6575 3993 6265 9227 5492 9334 5474 1640 4899 988 2022 1169 7218 8342 3289 8950 4948 3157 2843 5596 5290 9118 8043 8721 2464 7142 4527 6001 2935 1071 8987 1615 6140 461 7376 4540 5606 9305 5552 6016 9348 1706 7151 7477 3748 5036 3375 4961 2018 4512 6859 5093 5171 186 1742 9697 6699 9622 5198 8159 2891 4190 7319 2985 8781 9945 8641 8803 2894 5466 3433 2377 8539 9473 1133 1952 2060 9852 6961 1197 9352 4581 4817 7174 7121 1041 5636 9838 8662 7207 5633 7931 8760 8578 8906 5078 8135 9198 8725 2454 618 2718 7153 9798 1300 1871 6785 3425 9536 6219 3336 2593 4031 7071 3251 7304 3013 4217 4595 7566 823 6224 819 1395 2084 6411 4633 315 7662 8710 2893 3652 8857 5194 4976 3530 9548 6148 2386 8322 6382 1404 1712 1658 1758 7926 3647 8058 7351 7083 1245 9963 9698 2773 9984 37 840 5894 8112 4241 7369 4760 2433 3083 6348 7068
3733 5895 3109 183 8585 6166 8942 2201 721 1042 2743 9992 3645 9794 3946 4143 738 9630 1765 5993 3460 5429 4469 0 8842 8433 3570 4381 553 4172 8717 4194 2264 6564 9784 2310 8713 3856 6125 4292 9853 5995 3288 3313 4379 5037 6930 1226 8580 7779 1283 7422 10000 4331 862 6738 8164 2271 5524 6230 5705 4300 1117 303 8478 1459 3543 6142 8645 7300 2306 3856 7870 4355 1578 2561 7662 5867 6640 8154 8158 9343 4422 3316 2404 9959 2201 6034 6971 7462 7338 6061 8324 933 8946 5441 9515 3261 5128 6673 390 6210 653 3601 186 1033 288 5508 8400 4957 3342 4457 4251 4994 3246 2524 9539 710 9769 46 4754 3567 328 4059 7237 4145 7162 9318 8799 4538 5766 2424 5934 4316 9315 4535 6008 3928 2021 2703 5803 44 519 5832 1729 1392 6273 1484 1366 2078 3036 2676 3563 3498 2752 9009 2110 164 1884 3061 8609 5585 6420 9964 1458 4845 138 9386 4168 4706 9160 1414 8288 9861 9791 4824 7914 3351 2382 3936 5220 2978 7660 7740 7963 89 77 3107 4071 1455 1788 124 3621 2900 8794 9736 1550 4631 5383 3786 324 9762 9504 8153 9128 8593 9767 7000 4259 1870 3024 375 4735 3502 11 5640 5423 9364 7510 6221 7845 2745 9307 9875 6623 9616 9506 1772 3693 3459 5445 9604 6441 4601 6490 5743 820 3450 2274 4726 8873 7080 460 5917 1986 7082 916 4632 1165 6778 5943 368 6947 372 1782 6839 4295 2623 1376 1118 2424 1459 2295 1284 7134 8441 5208 7484 1190 8029 1790 6683 6596 1766 1095 7795 4446 6465 7760 3209 4950 8741 9765 7928 1377 6102 8304 8338 1322 7825 2565 8755 4280 938 6370 9253 2530 821 4792 2764
9836 5268 4784 4284 3857 6169 1492 4309 7351 5364 9817 4610 4011 3126 6302 1489 4447 7091 4099 3536 127 6131 884 8842 0 8164 5515 6404 7065 4936 8280 7471 7428 3556 295 8919 6753 2728 4249 2106 7526 299 6533 1851 9204 233 9454 8275 577 6014 2377 7308 1430 5381 1033 479 7959 9039 2340 769 474 2891 8964 7806 6812 2666 2370 3119 1669 6445 6235 7465 188 9628 7159 5592 7421 6430 5581 8218 2349 662 5802 2320 5037 4685 2450 2199 9530 8862 2251 9048 6747 3845 5251 9279 8297 2717 1574 9366 2883 6520 8323 5355 9893 1836 9955 9889 6338 774 6921 3065 2152 5365 6190 4687 3771 2235 1038 8367 8257 6606 2823 6583 6913 2376 9761 4217 2087 5551 5120 1644 6234 9766 1958 1890 4413 2877 5517 8482 7381 7384 1105 838 2410 1209 4898 1672 990 8589 8279 1566 9975 5696 5376 96 1974 9994 262 5739 5082 5327 8571 9163 4880 1931 3603 8062 3244 4159 2081 3030 6288 3414 1816 7087 9079 2721 205 9326 4707 6870 2297 6317 1690 4 3 8037 4053 9650 1229 4029 600 6144 3736 5027 4778 1045 4632 9778 5001 8245 1172 7310 9884 2401 7896 5767 6798 1211 4959 4309 611 5162 4264 2635 2008 3882 4006 6223 8015 9858 4158 1386 465 760 6623 8534 798 4551 1172 9602 2288 2746 6279 7138 4294 9295 6548 5796 5487 389 860 6873 6572 4937 5051 9910 7193 601 7406 226 8030 1288 6960 2142 515 6574 7061 275 5575 2199 8693 5079 9908 2627 1492 3829 738 9317 9018 5367 9265 2746 9180 2733 1828 1758 7244 6003 4426 8870 6276 6729 4395 8161 2162 1877 7724 6241 2519 992 635 7467 6493 2827 6815 2815 519 3883
7344 8561 7992 7310 8753 6340 2362 9544 700 3321 2684 1859 2506 924 7992 3479 3417 6048 5290 2141 8062 5030 150 8433 8164 0 708 3442 8165 5664 3290 1716 49 315 3745 8452 9873 2231 3465 8230 1923 6733 5663 2303 3284 1975 388 7891 7375 3256 7321 1423 6558 5498 7648 9877 9143 366 1773 2108 9649 4469 9914 5458 2254 7342 8432 6909 3964 5220 8445 5728 3689 7185 9761 676 5300 9352 9040 7584 2303 7227 8420 7904 9668 5463 8373 2288 2983 3756 7574 7956 3338 6475 9806 3597 4571 8392 3872 9617 422 6769 6991 9615 8981 4262 1313 6765 9580 7319 3746 8833 3000 1990 1966 4133 7629 2190 4268 8157 6796 2382 8500 7660 9768 136 5480 4409 1841 6426 1695 6786 6030 90 7011 8252 7181 1437 4288 4429 4477 4795 8749 5192 241 824 220 819 1563 8233 3914 7649 8034 7052 2598 8954 9760 7170 4859 907 1741 4936 8879 1944 8860 619 9925 996 1083 3377 8403 8750 9418 6741 3216 3542 7036 5818 1567 8868 7825 355 3065 354 9940 1913 5909 6470 2902 383 5692 4383 846 5518 3442 5362 6647 4252 326 227 479 578 3229 5891 5434 123 9748 3841 5377 7735 2016 7767 3599 672 5728 7438 3069 4484 5757 1383 5573 3036 582 9727 2459 649 218 7490 2085 5741 3725 8115 3166 6444 8060 9479 279 6634 5071 4009 1985 9718 8520 5817 1295 8046 8120 7076 8997 3869 4612 6292 1861 5506 4081 6343 4116 6073 7800 8149 7614 8778 7271 4673 6626 5848 3939 1223 5989 5423 6669 6844 6801 7891 6583 5624 8868 6007 1659 7959 6588 2793 375 224 2990 6756 4314 7100 3902 2822 6504 6675 5554 2066 633 9100 9446 1818 9787 9075
2264 9028 8662 8874 2643 8555 8154 6797 3550 6 514 3825 8526 4245 7210 4718 4842 5549 6668 1903 1662 406 4355 3570 5515 708 0 366 1263 8946 7185 9723 1965 3253 8002 7320 2242 6666 1510 2534 7795 2471 2340 1666 7916 6653 5163 4105 2212 3774 7469 2519 3629 7323 4961 5191 4608 2291 9156 3848 831 8698 9265 5110 5684 5974 2328 6555 324 2232 6219 8662 9484 8857 5127 1118 3677 5808 9550 2898 9595 1785 2598 8811 8116 1419 6990 4395 8935 262 2432 8531 8491 7802 6101 8088 7459 6038 4642 1474 6219 4203 7843 4449 9803 2484 7556 938 2749 3819 3011 935 6215 5840 8122 3977 8398 5911 9090 2659 440 5148 7775 2502 2324 4673 3464 6059 8627 3506 4307 9566 5809 5884 1431 8274 9996 9471 73 4861 2755 4841 8734 3283 4903 3418 8144 4778 7201 1110 3433 6704 6073 8550 7419 1440 2304 9468 829 5556 5731 6241 2917 4766 7157 6219 7297 3628 4024 3436 7459 9443 889 8511 4906 6246 4428 880 3964 9535 4169 233 378 1451 8310 2608 7766 333 4267 9337 2435 5693 8648 7375 6444 8823 3717 2428 8834 7165 9950 7259 6427 7453 5675 1727 7919 761 8050 6632 1119 8174 7727 1678 5268 2102 7196 9112 6377 9908 8518 7097 4870 2802 5217 4245 6857 7776 7688 5380 7797 5960 4736 2901 4492 8411 2607 9810 9061 3382 9028 5942 1100 5349 8645 1213 7319 9814 8925 1534 123 9897 3196 5971 7119 6535 6694 3016 4882 4052 7739 8160 5586 6352 9940 997 1589 2856 713 4757 7464 1301 6232 1911 6515 2100 2535 9693 6747 1070 6869 8146 6117 7705 7295 3835 7880 5015 9150 4043 2370 4181 1133 7643 37 5373 5932 6424 1412 2638
