250
0 370 2657 9748 5457 8719 4751 2534 2841 2802 5828 7104 8402 2734 7610 5423 8485 7917 6781 6131 3178 6932 7789 7109 4665 8677 9432 8435 2003 3685 2619 2768 4836 3566 7837 8462 6267 241 5467 6653 9813 5477 6290 2612 8973 5646 3772 6380 2574 9898 7017 217 4097 6093 8151 5818 6626 5965 6402 9250 1573 1182 8733 7420 9728 6761 2645 2920 4258 6196 5133 716 7755 5379 8701 7106 4099 7368 3094 9056 5864 8766 3914 8129 4989 4866 1796 1053 2216 6332 7723 2651 29 3679 9492 6388 5653 2152 421 1259 8580 7562 1683 1259 6714 8604 9793 773 3881 677 1102 1369 1104 2305 6343 1337 3938 7412 8172 2336 632 2988 8703 5956 7675 5510 7188 1444 5769 1742 7860 3804 4732 397 8492 9246 3726 1484 3689 4189 6866 9170 7732 6308 9188 8928 9213 5513 9063 7437 6905 1062 9775 6371 1269 9949 6135 7339 2526 4049 4835 1409 8940 7919 5370 6920 7126 1807 8479 6740 4755 4058 1048 7723 6554 7394 2283 5936 8466 3795 4081 2656 645 4511 9399 5582 5817 887 7266 8047 1642 6854 5782 5187 9061 248 2240 2800 507 1449 4698 9984 1599 9754 9412 4107 5200 8376 6139 8100 1381 9846 2021 8816 727 6424 9832 2810 4958 8925 3752 5579 9430 5145 3230 4514 4091 2338 9503 9635 875 5274 8116 6095 2969 1729 8380 8533 8946 7952 209 5832 6436 4403 5017 7123 2433 1868 7568 4238
370 0 7497 3574 1181 7166 4606 915 3759 8517 6793 6360 2900 6850 9844 772 3159 7454 4469 551 3206 6801 9752 5916 650 1929 6300 4509 8198 7079 4632 3880 4949 8280 1148 193 2205 8736 5676 6532 3955 765 5328 1711 1783 4409 7916 998 550 1441 998 1956 5582 3458 1693 9085 2513 1818 7747 7351 3727 3496 3991 9275 1918 4529 9066 1207 5111 8903 5841 1349 9741 7887 9512 6122 6936 4287 4612 1755 4076 2633 3595 7480 3574 6008 6145 9210 5817 3649 8288 8609 5422 4287 9888 8463 1442 2533 9220 7561 7044 6743 7387 528 5954 2743 9878 3400 1269 8532 6268 7574 667 2 9374 1904 4204 7603 8098 2512 8642 6321 824 3569 6294 7939 7488 886 4502 8318 4846 5849 6159 6287 6225 7945 9836 541 2445 2948 8486 6993 753 2184 6398 7299 6152 7012 895 1158 9786 133 5206 1127 8709 5825 4502 3824 4507 4865 3906 2910 9743 6030 2037 971 4979 6450 6106 9432 1341 4159 9959 9986 3652 3046 2465 1350 8299 3884 5690 6585 2856 5046 5315 4309 320 8774 8257 7411 7126 5087 7106 4037 4625 9577 410 3542 2120 5915 4257 4034 9838 304 9978 7797 7189 3759 2591 6359 2093 3606 6586 9989 6024 4392 8630 9940 478 2825 9926 8096 5708 4931 6528 8195 480 4592 3528 9604 596 6315 4831 7360 568 4889 3329 5787 9484 6043 9841 6856 7910 1148 5223 8969 2571 6598 4564 5563
2657 7497 0 3680 3105 7814 7202 9993 3703 621 9130 6980 84 1979 9650 7768 1690 8177 3905 8814 688 2851 5858 8279 6255 4995 1774 2660 7409 9681 9135 5661 6091 8111 8832 3713 8881 3779 9270 5823 3520 1998 9509 8822 5776 957 263 3190 9920 1352 5383 2110 894 2999 2830 9270 6677 4576 6595 2033 8856 4140 4542 2031 4133 1605 206 7572 2947 5049 987 8221 2215 1717 6758 2000 7044 1102 2880 3140 3349 9743 9760 7507 48 8018 1757 5665 8797 280 8669 5034 1278 6668 270 8000 6182 8953 6712 7462 951 6305 6579 3277 7311 8508 5760 5988 9581 6205 4806 3583 2343 9672 8641 6414 9545 1874 943 3135 3915 6169 6854 3319 9627 1512 4891 7914 8481 9618 9138 3600 8152 1152 4361 6411 7587 1520 2593 7182 1032 777 3073 2118 1267 7761 8660 4343 7676 9065 7686 3980 9350 9635 8394 1494 9919 1206 1109 3308 4949 646 9885 9975 8708 942 2740 1918 7189 3749 4247 5194 6064 8819 4294 3304 7609 5070 9930 8216 683 6193 659 8521 5564 9306 6950 8669 9820 3959 6642 7161 6223 8238 2822 1775 8746 4800 2962 3833 6036 8585 8814 4710 805 2591 9899 4096 6 8524 8709 8667 7554 5620 1473 4869 9505 2779 4147 9737 9922 1818 1945 3240 485 113 5492 6599 7293 4302 716 7008 6117 569 9755 5240 4181 3942 510 5037 6692 7445 2606 6852 375 1959 9236 977 3197 5705
9748 3574 3680 0 7017 3908 6023 901 8336 80 7923 7463 71 5987 2820 4832 5996 5359 2261 8607 4080 5909 6883 5369 4201 610 8458 793 118 8172 2498 1244 4033 8887 6670 9008 7244 7582 9925 4065 9762 2753 3120 2007 3536 4559 488 1962 6965 9262 8998 9739 1237 9274 4936 904 7779 4075 4687 351 8034 632 2933 8120 383 7447 3860 4569 4045 2322 3231 5600 1946 4884 7101 1849 1519 3313 2678 4761 9990 520 4756 7674 84 5102 3001 260 6820 8991 1327 2134 736 4184 6229 4828 2714 7112 6940 7663 8658 3193 3119 4944 7834 6035 8488 8481 396 8637 5745 5259 1629 4561 5630 8902 924 1316 9514 2583 4875 3827 903 2450 2397 6480 7004 9691 3582 5157 6125 6047 6923 1527 9359 4954 7710 245 2374 8010 1076 6281 724 4880 1189 3745 9467 4437 3605 9453 2968 1131 9682 191 6969 2346 8167 2944 6188 1804 7478 794 6554 2237 8659 7062 9385 9649 5368 7097 3896 2541 57 6940 6776 5258 4336 8474 4689 508 8657 7523 1636 6275 3237 5006 5781 2448 242 8492 5802 9858 4134 8852 9923 1687 372 9925 2039 8861 7232 3010 6314 9702 4717 3287 4124 8732 6198 8253 8435 1510 8831 9771 9371 4390 4602 6703 3564 7090 9104 2292 5141 6966 3533 3000 4786 7261 8059 7526 4313 5634 5580 6669 3914 8722 9285 8857 7704 8585 3063 6267 6868 8152 4128 7505 2267 8186 2933 2627
5457 1181 3105 7017 0 1303 615 1034 7068 3367 8857 6481 3949 6109 8986 3649 4673 8733 2369 5626 6426 7561 7414 8725 6121 1913 6103 739 2055 728 9824 9961 961 5347 6474 8129 9795 5187 6612 6139 456 861 3729 1233 2491 1165 3091 7580 3559 9022 7020 8080 9594 6627 5382 9659 2871 8168 9381 6781 6470 4381 3222 2659 6225 3707 3420 2328 6383 8967 6811 5231 7683 115 3429 4179 5481 742 2864 5032 7571 6205 6943 6406 9993 619 137 8459 5386 2551 9414 7512 6420 9980 787 5099 1689 8070 9949 1531 7068 6540 2231 1840 8111 3887 571 7756 8589 1928 9755 3667 7488 3449 1250 3703 9949 4361 7469 5576 5238 2483 1117 7250 4080 4021 5071 3046 3334 3251 3226 8965 6514 7293 3800 4915 1034 3127 6206 4532 7949 5522 1207 740 1117 5186 4232 1861 7340 2098 8521 251 9399 7163 9880 4473 63 528 6206 7099 3883 5268 3507 8104 1046 5541 2381 8877 6252 6478 2038 4446 6335 3700 2702 1072 8546 4554 5081 7691 4782 1434 2480 442 8482 4003 4141 1602 4196 3890 6046 6625 5953 3025 435 7487 7045 8705 6048 3161 3078 9630 5881 4606 3509 124 4397 6317 2347 5255 2207 4704 329 5840 2070 2379 9610 7411 9782 8359 8838 8070 1890 2442 7597 4396 9610 7982 6228 3317 7255 9160 3933 2879 7076 6278 2123 3285 5728 6867 7586 351 4565 9538 9961 9389 2701 9887 9537 2562
8719 7166 7814 3908 1303 0 9413 3794 742 4512 2627 6064 2647 9408 4975 2986 532 426 8010 6970 9876 4292 4639 5665 6822 5149 9503 1193 7430 3523 336 5878 5723 8284 9246 3037 7153 2540 8439 7374 4003 4585 8580 4484 7649 9685 2555 6021 7903 3491 1697 3239 2756 7579 1580 5195 6388 1691 7512 5791 6844 1789 9409 9012 6658 4808 6091 5563 2485 9718 1111 6225 5884 6535 1750 6059 2244 7892 3419 6812 9167 4233 542 6766 4005 7580 8664 9484 4492 5913 4618 4248 7121 723 5251 9195 1882 9662 684 7602 7623 3325 2495 4837 8204 6719 1258 8192 1334 5921 1067 8999 3802 572 2221 1956 1168 6492 828 5529 9240 4893 1745 6398 5207 1025 9852 7725 4384 6809 4290 4105 6586 48 8417 3456 4409 2366 2050 8503 1542 6568 6027 9559 1701 8244 4315 6343 8958 6720 6962 2435 3567 4981 573 9230 387 2821 2252 6269 4222 6562 4444 4785 1064 2331 6168 658 6875 3145 6401 1478 1147 9404 1394 7853 4960 5724 186 1396 1717 7999 9195 3991 9701 1135 2312 768 5853 5567 6845 8389 2669 5602 4814 943 7281 4125 9729 1849 9186 319 1752 2046 3949 5881 4310 2730 9355 6041 8229 5542 2298 7737 6029 9545 4746 4466 5076 828 8952 1827 1448 8674 6131 654 9902 1090 8538 1187 7833 8939 73 3552 7962 7438 965 6574 9877 9907 2027 8664 843 6681 2352 164 4811 362 7761 6216
4751 4606 7202 6023 615 9413 0 3823 2084 5920 9727 1295 6552 8618 5680 5876 1220 872 1674 7389 7493 8227 8187 7125 9574 2314 2136 2828 8584 2105 840 9477 240 3478 9287 804 9745 5333 8205 7219 1438 7271 2076 3297 1911 4063 8246 7220 4057 9930 8397 13 5460 4602 5490 3618 952 7489 5013 170 6785 4354 5046 8878 2424 5078 974 2123 821 8607 388 960 8691 5121 6826 978 9461 9530 1209 6819 6082 7391 8347 9808 3844 5165 1462 7388 7898 1345 7884 9872 455 1501 6949 957 1077 6325 5512 5332 6921 4108 1276 850 499 6274 1612 2658 3573 2294 6799 6292 8753 13 7850 9760 7592 7191 2960 732 1616 8908 7691 2188 4744 9394 9081 1906 5770 5752 6381 8296 7302 2512 4792 1806 9975 7477 3010 8292 4302 7251 6897 6374 2495 8984 6416 9725 2676 471 1548 1747 3804 7871 2621 6078 7016 7145 9912 9553 7351 3421 1872 1164 5822 9675 8220 3664 5637 3164 2763 4567 2532 3022 2336 4775 9778 510 590 5154 6580 9494 8470 9260 4354 7537 5009 2678 2852 4178 6718 2754 5643 8322 8809 6980 2390 9554 8098 1232 141 5203 3975 2982 8959 4272 731 607 3961 6745 1312 284 6696 8155 8941 6639 3930 2797 1145 6361 7904 3734 37 1289 6639 5964 1270 7911 7637 8380 823 5751 2434 6896 1815 7293 4122 4747 2877 8597 965 5563 4653 9693 874 6003 3613 7059 9455 2179
2534 915 9993 901 1034 3794 3823 0 3103 5801 7075 3652 1963 6107 9394 4282 9637 258 3589 8381 5775 4910 8445 5545 1433 7237 3994 7974 814 9169 9952 5159 4439 4130 4292 1312 5180 4151 1111 8768 7619 2529 1765 6002 7937 2227 908 3767 694 2338 6733 6246 7569 3398 6762 9378 4863 5920 4359 2432 2276 7086 7584 2767 4306 1353 8929 2835 9372 9038 1153 1044 3975 2185 8414 8240 402 4936 5813 9201 2658 9097 7813 3032 4000 5468 1771 518 6481 6358 3376 7265 4106 7348 6370 2280 6994 676 5659 7398 4381 5783 8628 261 2946 3099 1822 3930 2665 2203 673 590 414 2465 8417 685 7806 3654 7320 7559 1425 2226 463 8199 974 4433 9918 8986 4323 8952 8413 7820 5963 9359 1344 356 4467 2171 3967 2235 2367 2687 7825 3271 919 176 8445 5867 2776 2181 9010 7052 8306 1531 4616 8260 212 9027 5653 8596 6079 1116 8576 8825 1477 6007 9315 1676 9707 9022 2914 9698 5923 8822 7924 768 9829 2962 5767 2163 9046 1064 1124 7166 6641 4003 6370 3925 7789 1824 8957 7069 9815 6340 3511 1528 750 3661 2923 5733 1297 274 8430 5433 218 1879 2409 2884 4593 6825 5089 9835 2326 9430 5868 8777 5396 2503 1342 4122 8211 1043 8915 1422 1478 3502 1486 4290 1588 7621 5096 8202 898 7073 3181 6893 998 8314 4811 8503 7041 2783 2385 5265 7594 4975 4006 3865 3010 291
2841 3759 3703 8336 7068 742 2084 3103 0 8343 331 3674 4170 2026 6414 6916 2165 9172 968 2211 1600 9768 3303 4794 4763 8442 6470 1536 8191 2087 8162 3707 7508 1439 7860 9147 9933 1108 4237 7643 1720 687 234 2641 3871 3966 9181 5503 977 2488 1002 4818 4495 7411 6296 1511 5701 1059 5980 4225 6617 8514 2681 2592 7816 7317 2294 4110 6847 5516 9178 983 1891 6060 5147 5919 8588 6219 8071 8442 6233 7393 2639 2392 332 6012 3229 6012 8886 5306 8839 1311 5876 7016 4621 1860 689 3413 1150 6816 2545 9670 1084 1209 7938 857 784 6465 2637 8639 4974 4615 3884 2881 9783 741 7903 7775 289 3430 9263 5757 6592 7323 4524 2515 7561 6848 8349 6520 9197 856 9159 3865 8193 1989 7743 6232 3909 6119 9066 9837 6287 3053 9041 3973 8684 1979 2087 9948 9042 4265 4384 9363 5202 1808 7272 6854 7635 3629 5896 1358 3696 1988 9469 5446 6061 9293 736 8246 2377 209 7897 1298 2709 3490 9831 3345 7982 449 458 2913 1277 730 6189 55 3329 2301 999 8525 4533 6700 6161 9427 5638 4482 750 7616 7068 5498 2877 2804 3337 3595 4697 5400 327 1849 6568 5109 879 1123 1486 370 5543 982 6042 867 3567 8777 3992 7779 9149 7640 7282 3412 268 2437 2137 5362 6141 5481 2825 3654 564 3781 7382 8001 2754 1018 7301 7770 1079 7684 3376 7515 8495 5117 6678 195
2802 8517 621 80 3367 4512 5920 5801 8343 0 3783 9729 5327 2822 6259 3853 344 5628 5269 5185 4620 2145 3773 3248 2695 2488 8243 6054 3222 1953 2035 9595 2550 771 9795 7794 675 8160 3252 9461 6774 6178 7911 7744 5366 7907 7759 6218 9429 9161 3325 4939 5247 8798 7825 6922 1764 2649 8958 7296 5600 435 8166 9080 430 964 5078 4231 5529 5473 2094 6746 8646 4495 6006 2780 6686 5821 7504 4989 8871 5309 568 223 6320 9905 3170 2665 9123 677 5943 7573 2605 3199 3223 3231 5431 9658 2975 7377 535 9519 4916 806 3593 2262 6950 9002 1031 5115 4810 2267 9463 8128 3531 9085 6339 2219 9524 7918 5697 4313 8789 6597 7158 1419 9606 596 6705 6521 5129 2349 2663 8148 518 9997 5580 742 3612 5686 5579 6891 3515 5819 8848 1754 3759 9937 8280 2351 2391 2401 6431 135 4304 6030 6556 6680 9912 3815 9114 3174 6013 5767 7518 1388 3954 1467 1419 1204 730 8378 4262 6260 5878 3734 4520 6126 6644 2129 9753 6743 1238 3947 5767 6870 4358 9878 5866 8112 2238 3443 1614 5998 2803 5330 9190 5620 6430 9727 681 1661 7527 2919 3304 8418 3900 3654 5427 1464 1732 6581 9738 8722 7899 5092 8788 7275 8707 6566 2288 6946 7422 916 1782 9211 2288 9749 6712 9133 8380 4507 4451 5137 7314 5888 85 8121 9780 9244 7525 4857 4667 6422 3161 5266 6862 6775 4512 4593
5828 6793 9130 7923 8857 2627 9727 7075 331 3783 0 8600 2044 6859 9707 4583 3087 8061 5443 9783 8337 7870 5120 1022 7902 2556 686 4611 1611 5682 5574 6013 3837 8198 133 639 2142 8766 6360 2960 2132 9476 6771 1598 355 6663 513 9702 3528 9140 7743 5474 816 8246 1698 6688 5282 3444 3234 6785 8894 7620 3964 6419 1896 3453 6105 2884 6792 4039 3655 5945 3479 1931 5994 3058 3395 9314 4099 3831 6075 6755 3561 4558 6343 9755 4009 8772 2919 6511 5431 9214 743 2827 5742 1725 8600 4578 9057 136 5201 9415 9848 8225 708 9654 6975 6900 959 3436 8021 9848 9015 416 1523 4255 4607 4372 8751 9199 7027 3140 1617 9042 3915 8978 6789 5591 9118 8373 2018 2540 179 9167 5251 3477 1911 1400 2192 5647 7340 6550 8776 1309 5213 6221 9828 546 220 6212 3388 3960 6683 8728 2205 1797 9239 3224 4078 9126 9172 2225 68 8789 6475 3369 7098 4379 9041 4211 2310 2403 4530 7390 3284 3667 8663 6530 5576 3545 5511 6428 1595 6267 9686 5311 2302 4620 6888 2233 9358 6928 3767 5481 3363 3328 1254 5643 8036 4540 6295 4587 3976 6706 5531 4812 3648 816 1573 23 8231 3606 6348 5978 8361 1266 256 5340 8266 1735 3562 6262 2810 4604 298 42 5014 1327 2651 4510 1836 7323 3339 4201 7071 982 1128 9559 4594 8779 9609 6347 6107 698 7903 2424 1665 7365 7136 6780
7104 6360 6980 7463 6481 6064 1295 3652 3674 9729 8600 0 9435 6801 8331 516 1172 9011 6034 9730 5741 7746 5952 5916 6405 1214 7923 9399 9150 9479 4957 2246 3187 5845 1020 4572 1977 5098 9913 7468 4831 1516 7497 4802 6689 4111 1833 1108 8973 3642 9094 5673 2082 195 3729 2639 8322 9711 4898 4523 7319 6587 1323 5072 7529 3684 2230 8190 890 616 7291 1363 509 1350 8080 8464 4862 1747 6128 9028 721 348 3501 2648 6899 5915 7119 5578 3534 5521 276 972 8476 4504 6927 5035 2976 5435 7940 5345 5205 3330 8004 7388 870 901 6191 3294 3273 1887 925 3650 986 3545 3507 2390 7727 8701 4264 3411 5654 2774 8190 8680 8604 5799 2203 6804 4976 7936 3290 4753 4829 7128 5406 750 7071 6036 480 6837 8737 9579 9556 428 9686 8473 1079 5444 4840 4574 1985 5727 6437 5601 5160 5056 8687 3757 7068 7219 6785 5112 2439 3725 206 2866 6424 8692 9467 3215 1025 3025 8147 9414 4535 9262 7170 8630 9589 4463 1049 1153 1664 4651 4970 6458 8196 1495 2791 512 5830 3810 1069 6642 547 6836 8386 3880 7329 5313 3767 3683 412 4732 6336 7063 3317 8144 7067 4392 7986 1820 2937 9201 6625 109 959 3211 2467 8578 6417 4591 3548 2927 2435 5814 1895 6889 8859 5897 6436 3636 4364 4240 6617 2376 4664 8221 2637 4423 99 3364 7932 2541 5927 8008 3066 3260 2946 6438
8402 2900 84 71 3949 2647 6552 1963 4170 5327 2044 9435 0 3254 9424 7644 923 1984 6076 3663 2577 8687 7023 8990 6326 2384 9135 2453 9820 8409 7601 6279 4251 1907 9146 8019 5731 344 7997 1342 1330 6462 9108 7722 188 2190 208 8452 7916 377 5578 7658 8001 7220 2809 5491 1228 5499 7125 2272 3059 5280 4230 5862 6712 9896 6744 5555 1545 3260 7723 5374 5801 8267 2327 3428 7572 4760 6727 9769 1801 4754 8959 6826 439 4012 8605 2649 5532 8423 5945 7137 9402 1096 8380 9918 9047 3674 1333 6196 3709 5133 3596 1279 3717 9300 570 8961 9303 2623 760 7519 6775 9194 8106 5516 6763 97 3303 9010 2238 3641 4854 6040 91 3597 7342 2672 6182 6854 6321 3476 8616 9699 4858 3311 2922 1355 4855 9849 7359 7218 1728 7475 6048 5947 8171 2376 9782 1642 1836 6940 7202 8643 4590 9353 2429 3570 3914 6690 1605 9080 8968 9491 4765 654 7990 2856 6070 2318 8036 3367 6197 6561 3299 6292 1833 7687 2113 6874 7180 1091 9375 427 1589 6499 2449 2484 8652 6337 9056 4957 5028 2310 3754 959 8054 7801 152 8212 4634 7333 9492 404 7811 3672 493 509 1034 9352 4938 9819 1527 3858 3357 2758 6291 5817 9085 1701 7076 3712 7720 8171 8614 7208 2388 8111 9616 4137 9486 5133 2070 8810 619 392 6753 9116 9428 6034 430 9241 1437 5265 3148 2676 5791 7543 4628 6816
2734 6850 1979 5987 6109 9408 8618 6107 2026 2822 6859 6801 3254 0 9358 5374 1188 4026 4886 47 6769 6636 2760 7437 4682 2703 7219 7263 8803 3448 9621 6780 5971 6769 2479 4738 859 147 531 4994 4676 9126 4098 6758 7029 1779 1619 6931 7359 5091 5550 7049 8004 205 4332 4603 2184 3381 8623 9995 7455 3607 8401 4160 2532 1877 6691 5321 1028 2610 8987 9067 826 2701 1194 5926 3295 8326 6093 1163 8190 4896 930 7837 6539 9124 5083 2935 9493 6680 2326 3271 2049 3295 6113 6887 4803 6644 8673 2051 2596 3321 5765 5299 3466 4442 4020 5960 4970 5917 3754 923 1428 1100 760 7286 3506 9576 9755 674 9850 1825 4441 7099 8132 5322 1413 5558 392 8422 2094 6107 4232 5942 1268 2665 2805 5030 7939 9225 5556 8260 7427 7327 2927 7897 5173 4864 8667 4330 3115 6117 7457 8340 6592 1314 8109 6016 9184 102 1876 3498 7940 2756 6023 3671 8834 4595 1237 670 6699 1088 527 3398 1825 3906 1865 9472 7544 7016 2890 7352 6478 1666 6843 955 8687 5842 8164 5836 6417 7766 7045 5000 2388 5404 8105 5178 1167 1779 6456 9817 5851 6733 4901 9822 2955 1885 8802 3445 4347 8406 6459 4804 3942 7489 6743 4549 9754 2851 7372 5208 2763 7786 983 8458 7722 3316 5781 4387 8738 903 634 2288 9149 2514 9427 5290 6097 9249 3287 607 3392 6977 5315 8971 8970 4604 2647 348
7610 9844 9650 2820 8986 4975 5680 9394 6414 6259 9707 8331 9424 9358 0 4013 9118 4185 284 1465 1709 2568 1936 7940 5178 5178 1524 90 2837 7814 6487 5675 4274 8838 8254 4479 8411 9659 7595 5274 1330 3848 7990 5580 1845 4301 8642 8059 330 1524 2826 2112 5950 162 515 8010 4347 98 1089 1358 7805 8915 4190 8581 6873 4311 5881 4032 8858 511 7616 7939 8101 2962 8005 7540 560 2891 6361 6311 4587 4649 4879 2069 5040 2404 9176 3893 9100 4659 1056 5689 6885 4558 7283 5437 9046 9705 928 385 1719 97 6405 1787 1196 3494 1802 2256 1753 5750 9887 8301 3459 580 6326 6463 4949 5286 5246 5593 9087 1338 4028 4852 7773 322 705 6243 610 9401 9998 4505 9626 7731 3098 3653 8654 6626 1466 195 5001 7273 1872 3716 142 9866 2031 5190 7205 7005 7824 8267 6507 5546 1222 9582 2307 8093 8692 8709 5580 3773 6805 6708 134 415 5281 4005 399 6174 6804 2900 239 1719 1225 9987 6901 8697 5871 4986 2332 3266 9203 2747 1792 1791 4091 1454 1223 5388 3312 7853 8455 4138 843 7512 4078 313 1417 7908 5562 2322 9221 5734 7651 2023 8340 4339 9579 7190 5278 5514 481 5200 1329 2418 4747 5136 9952 4100 9246 6879 7153 3226 5652 4779 831 3078 9589 9530 5709 5270 1517 4949 1756 7188 9108 9256 8433 7636 1779 7811 6952 1096 6832 1936 4100 4272 4048 3082
5423 772 7768 4832 3649 2986 5876 4282 6916 3853 4583 516 7644 5374 4013 0 4374 1722 8203 4322 1151 235 243 1223 5521 1788 2055 9109 6866 4715 4173 5312 4966 7575 2931 9446 9130 7445 8759 8619 2556 2080 6350 731 8221 772 6835 3434 1765 7591 1634 1405 2090 6231 9388 9701 4994 5675 9039 8897 7066 5930 7625 6204 4601 7759 4316 638 3029 9420 7511 2890 1828 274 3874 3518 1353 3303 9567 8985 4312 1007 3558 2872 5675 5626 4300 3525 9508 4931 2673 6644 4126 531 6943 652 2108 1942 282 9800 4334 1731 2345 4760 1142 7644 2436 2480 7755 5527 2437 652 685 1038 7430 5561 3214 4028 7756 1049 6711 9806 91 7825 9344 288 4913 6619 2604 8259 6891 884 118 0 3800 966 7588 2633 4243 7227 973 3923 3773 9642 8397 6398 7120 8633 1898 6325 6993 3949 8916 6738 8463 9781 5942 2963 3961 296 7679 629 6359 1249 1271 4503 8528 7965 7309 2648 6187 2647 9901 6121 6754 2743 6441 4438 2090 8260 8201 6011 2703 2843 8401 5544 7890 5349 2070 1835 7349 2668 8130 2935 901 2046 4790 4326 139 1078 3990 2078 4046 8753 5304 7408 9013 5395 4529 6036 674 3345 1376 8759 738 3117 9815 6161 2820 1154 4823 7549 8478 8689 9170 9724 3264 2255 3128 9631 6384 195 7232 317 9083 6650 2858 3415 4666 667 651 9826 9333 5734 8345 6677 9280 7127 2034 3570
8485 3159 1690 5996 4673 532 1220 9637 2165 344 3087 1172 923 1188 9118 4374 0 3662 9869 3417 7318 7322 9946 9985 4652 6749 1669 3042 4585 7990 9830 9758 9399 1935 7000 5639 5954 8027 8742 698 743 7681 5875 6017 8260 5962 2416 2172 5098 2005 2817 6254 7543 4708 4370 1704 1050 2711 7013 7891 605 2880 750 7920 4590 9480 433 2001 4184 7674 8260 8481 6090 1768 1553 8045 885 8306 1440 3258 3636 3369 5963 3937 6557 6726 5422 4990 7656 5750 4260 9333 6200 8407 9329 8123 7409 1555 7400 1281 4793 2142 5724 4986 5234 9974 1256 8580 2454 5673 6409 6786 6894 1739 6413 8101 6357 1022 8875 3702 5686 8342 9528 9919 6964 808 4201 9163 206 1542 5774 4129 9634 5455 8659 8068 2183 2666 5042 3875 2689 2530 4088 1931 2549 68 9573 3622 1545 861 272 5351 1699 2496 9002 6330 9047 6276 2715 7688 1712 119 2740 8573 2993 6602 6110 1641 5155 8558 2175 2086 4621 558 8418 7690 1423 397 3047 4907 2031 4756 4529 6890 2261 3590 6849 5475 3754 5360 6164 5534 9867 1614 5003 3875 3500 9603 3564 7286 8252 8642 4792 1005 6269 9952 3342 9077 7013 3694 2836 88 1465 2028 6206 9622 1255 6874 4249 6466 225 6753 3196 9913 2551 6185 1549 4501 2956 6223 2739 1608 1865 7029 6956 1335 4521 5110 602 1874 5508 1654 8615 8463 2823 8134 4095 9616 4574 8871
7917 7454 8177 5359 8733 426 872 258 9172 5628 8061 9011 1984 4026 4185 1722 3662 0 2615 4173 1 3066 6756 5078 966 8753 1923 7653 2967 6485 4780 709 91 512 3628 1533 6927 9959 5188 5509 4775 2107 7359 8509 9308 4205 5004 4527 2022 7659 8647 825 5122 3624 7189 6403 5464 5745 8636 4678 9556 3318 5879 9726 8555 963 2153 877 8286 6553 1680 7085 5563 1276 4093 4561 2354 8566 3510 1714 2495 8862 2467 107 3224 1902 7784 812 3898 9646 7177 8583 526 8052 6879 5660 5921 7084 642 2440 9384 4518 1793 2396 8197 9236 4118 6009 36 5255 2754 9958 3361 1179 4540 4160 5077 2834 1239 5945 5996 522 6109 3721 7739 5269 6779 1336 3505 1728 7260 3549 4224 8948 2187 6082 7899 3213 5727 9972 7583 4237 4523 6250 2130 9133 9115 52 3122 8324 6167 6715 5925 973 3073 1363 7399 6365 6390 1695 6891 2853 7285 9534 2189 1422 5825 7383 7671 6964 4669 303 7306 1138 8214 7643 1254 977 8515 1206 1667 5354 2447 6911 606 2507 1389 154 965 9965 4291 4210 680 9002 7050 1472 5252 3051 9538 6070 5177 5049 608 688 6736 4814 1829 2298 9725 4190 4410 2211 2977 2178 4301 2247 8663 7170 7128 6678 1366 3754 9515 1160 3222 8940 9108 977 6003 559 1521 7642 5497 7156 11 2855 4048 668 690 2531 5508 4851 1075 283 3321 2120 7976 9075 4899 11
6781 4469 3905 2261 2369 8010 1674 3589 968 5269 5443 6034 6076 4886 284 8203 9869 2615 0 1629 5807 6057 7366 7852 906 1493 4778 7431 6435 9821 5549 7401 7721 6875 3960 2755 6381 9189 2730 555 383 984 8785 4416 7180 952 1559 4539 4265 3427 9107 6699 3594 9584 7707 6556 9141 796 4667 3145 1939 7520 377 4325 9258 7740 2676 2279 6365 4327 9012 4819 2683 7566 4430 9304 1406 2987 7818 3015 577 2063 2704 9891 818 8567 3382 5865 2953 7866 1124 9192 2148 9400 6217 3193 3478 2474 8922 6445 1508 3531 294 3953 126 117 8840 9315 7847 4636 5783 335 1777 2504 4040 9325 8143 27 3877 1053 4589 6321 548 5284 4555 9674 4410 2403 4251 6055 9716 3339 8983 6104 7168 781 3546 3708 5688 29 6688 8710 418 650 4015 4063 8638 938 149 1990 8085 160 1390 9115 6502 1357 2623 6733 9521 2529 4130 8701 6285 623 2852 1529 7602 1340 4223 4226 8358 3031 7129 9457 2125 1252 3775 5898 8648 3585 2250 3095 3862 8180 915 5400 1075 8557 1053 939 2614 4637 4379 6409 9801 6025 4469 2855 2272 2380 1533 2697 2406 4023 4500 6730 1812 6295 6663 8833 2008 7799 3760 5719 4433 7483 2689 6464 1690 974 5591 7608 6585 8753 8581 1018 4854 5193 4950 2833 9816 3319 7810 6081 5961 7510 7249 3127 8652 5784 5181 4709 3532 4953 6763 9822 1594 2297 1533 3356
6131 551 8814 8607 5626 6970 7389 8381 2211 5185 9783 9730 3663 47 1465 4322 3417 4173 1629 0 9993 8659 8979 1960 7454 7255 7093 4864 5562 2529 2672 3075 3305 5045 2518 8655 2634 2116 2242 532 6022 3534 8266 8919 8589 9838 7081 6344 9750 7585 9793 4550 227 120 60 4603 3059 6824 7442 7145 9125 9004 5580 6982 6146 4719 5941 3905 2144 1244 9841 9756 3280 2209 3126 3428 378 5230 0 4997 2538 4757 3160 414 894 1982 8207 4969 5786 23 9507 2356 9725 4701 6727 936 4489 7836 1108 8547 9829 8445 7047 8466 9133 2186 8512 2837 1395 4574 5844 5886 1291 2871 7965 8346 9518 3225 1616 6316 8777 6456 309 6039 8002 4462 1944 2249 1132 8185 2637 7620 3650 9156 3834 6673 984 8415 6971 6801 5098 9875 2569 1227 8774 8363 7216 6505 4301 7500 6108 9065 2527 8266 101 4525 947 570 8865 338 9643 6618 8377 283 1353 5736 8151 3493 6707 9711 7915 6879 2884 2561 2167 3125 9441 2878 6714 7405 5357 8378 4803 6239 6298 2003 5572 4063 7893 6961 9682 2889 5284 8703 2512 2125 156 1201 4902 6224 682 1316 5022 7815 3308 4791 3859 6512 4596 9763 6051 7552 4101 7132 6242 2633 870 3051 7640 7071 1266 1144 3430 7102 7593 3277 8112 8555 4127 4943 1555 4645 4157 2111 8305 7445 4214 3033 8276 5563 9923 2571 6657 7320 7564 7104 405 1746 5364 3479
3178 3206 688 4080 6426 9876 7493 5775 1600 4620 8337 5741 2577 6769 1709 1151 7318 1 5807 9993 0 2922 6258 3009 7017 3277 7190 2322 9662 5476 2766 8077 5863 7974 5233 1992 4305 7846 7020 2314 3513 5 2063 2418 8990 2416 321 1890 5200 7209 3346 4292 8450 8238 6586 424 7247 704 8133 6353 5896 3709 5684 2426 5293 2456 6659 4840 468 5320 2043 8346 6692 1020 2643 3606 2493 4133 98 4183 4631 2075 7419 1476 2293 4500 4844 3397 5872 3133 369 3957 4660 4386 4996 5281 2063 7174 2281 221 3661 8600 4088 1876 8818 329 5452 358 9235 9508 3453 310 8959 7828 1804 6702 4548 9699 9291 9858 1732 9174 6436 859 1247 4509 7843 8752 1036 8063 8598 9688 6969 8313 5271 5524 954 5177 854 695 9871 2185 7588 3169 3938 3844 112 1343 4264 8776 803 3108 6940 9557 5130 817 6432 6255 6577 1203 2192 1659 1779 2514 488 9617 5057 2754 5015 6756 8746 7920 3208 798 7863 2666 7758 8917 2981 5516 6465 81 1251 3234 8670 6531 9558 6365 3437 5813 7672 2087 2435 9422 7633 9117 2219 9837 2491 1013 9100 1525 6190 2176 3862 5394 3560 3590 3989 3537 112 1714 4307 4311 1972 8956 1947 5027 1805 6152 7146 3138 4315 6365 3956 2435 1817 9144 379 2364 8045 6542 8720 4938 344 6067 7752 4087 2282 2123 9106 7868 5726 494 6003 1257 8269 7445 6927 1920
6932 6801 2851 5909 7561 4292 8227 4910 9768 2145 7870 7746 8687 6636 2568 235 7322 3066 6057 8659 2922 0 4692 4014 9212 2811 6221 503 8942 1099 8989 7439 9186 4524 2073 6376 1590 1045 8353 510 1572 90 1047 6481 1025 1932 4296 7698 75 4841 1991 8366 6861 8802 6549 533 6331 9604 9919 613 3207 5815 7358 1874 2751 6099 5994 5757 5280 1427 9291 1639 7056 7672 7069 9301 397 7381 6570 6246 4604 1935 2968 4813 2350 4662 3228 4308 7502 8350 7222 7417 6343 9380 7397 9826 2357 2057 7922 8686 9659 9110 7773 9663 1776 346 3141 3899 3056 1500 8231 2093 1654 9142 7858 1841 2391 1006 6566 2132 2182 7784 7937 6123 479 8883 9207 1441 6444 907 8391 501 2775 2146 5917 5260 9826 573 9410 4874 2640 7052 9435 4416 3632 1357 6088 6772 5330 8045 6289 3457 910 3118 6791 7503 4272 9191 9512 5746 3293 1192 478 6917 5910 2038 3347 4483 4601 7188 5756 4411 6186 3297 2817 2246 7722 9158 3117 3503 5604 48 5298 4787 227 2639 676 3927 4036 1644 6434 5141 1230 8172 2474 2467 1492 1915 5056 6011 5212 9281 6475 7177 2855 9124 1635 3585 7722 774 6501 4247 1954 3416 1611 6762 5294 2585 8151 8827 8425 8601 2625 5229 2337 2672 7273 1406 9417 8611 3532 4162 6580 4207 8379 4498 5421 156 6242 6173 1785 7244 9058 6526 6259 5477 30 1330 3880 9500
7789 9752 5858 6883 7414 4639 8187 8445 3303 3773 5120 5952 7023 2760 1936 243 9946 6756 7366 8979 6258 4692 0 211 9177 3738 2812 2658 9017 7871 5940 8515 3372 8155 2066 2222 9165 8047 190 3032 7282 105 1128 7004 9133 5173 2855 6159 6786 8114 3433 7204 3022 9203 7319 1832 1208 6807 1876 7379 64 9482 6752 7241 1811 6647 4046 7257 7694 5835 9797 8960 9938 9915 2472 7454 7311 4863 2397 9925 4698 7563 5610 8797 9369 7039 6056 3648 7486 3535 2561 8654 9330 4970 1722 6925 2090 5642 1967 233 8018 5574 9106 37 5463 446 5126 5482 1112 6137 6047 7623 4691 7212 677 4462 5916 8814 7112 954 4617 9918 6822 5956 7642 3574 7044 2168 4350 5603 6341 3892 790 4767 7409 2170 5088 4124 2313 1921 3075 1866 9815 8758 52 7597 4574 6631 3039 4210 9232 982 7334 3001 7287 4401 3810 3075 5851 2399 9775 2138 2596 9617 8305 7576 8096 391 13 8761 6368 9874 4658 7271 5154 9755 371 2758 1111 6994 5056 5774 4983 1427 9276 6829 2232 1249 5659 84 5195 1285 7944 8725 3160 4657 1603 6828 7799 643 6880 2390 1076 493 9094 258 5870 4086 4844 8248 9887 3427 8734 485 7227 4729 6622 757 3446 2295 6725 6674 6714 4134 4151 9079 5693 2883 3692 161 4914 8077 9976 253 4708 608 9271 4347 7420 9643 5511 2227 4942 76 2581 997 7068 90 3881 2797
7109 5916 8279 5369 8725 5665 7125 5545 4794 3248 1022 5916 8990 7437 7940 1223 9985 5078 7852 1960 3009 4014 211 0 1586 869 6903 4883 7466 9938 6986 1898 884 5855 9826 6400 4511 4211 8711 2925 1815 1978 5453 7950 3522 4182 6263 2186 3302 2049 6769 317 1489 3434 752 3378 1349 1760 8245 7591 2901 4642 3307 8481 4779 9249 870 805 1320 9752 2953 7866 4236 9221 3374 278 1598 7829 8264 6488 5232 1134 9346 3304 53 1714 7254 5954 6475 1264 7721 4773 9682 2522 2914 8822 4432 8975 6678 7772 4910 7144 7196 1902 3590 8754 4825 7769 9470 5137 2731 842 4162 3576 9564 1917 2158 8523 2521 138 9315 9330 7425 1294 261 9462 9715 9730 5704 5939 3510 2276 9290 2872 1070 7621 4890 3917 4300 4988 5077 1411 8342 8408 1028 7505 6260 8239 5340 675 4222 7510 3322 4904 1099 4484 5314 6490 6723 4713 3570 577 3249 8843 2787 4306 5485 1476 1358 4541 4881 9836 9425 68 8937 2094 2219 8730 1503 9324 9442 4026 2724 2739 6224 2998 5124 3738 2344 247 5794 7555 1807 5248 6654 1616 7447 362 1933 9163 5585 3126 9826 5360 7938 6269 9705 3798 4051 6589 6262 684 3994 6237 5591 667 9757 3380 7472 2159 9438 3083 7120 6395 2928 7904 4045 5653 6887 9397 9172 942 1334 472 2723 9568 2531 1234 2720 4596 3071 2995 1825 5663 7747 8174 9066 6650 3591 6541
4665 650 6255 4201 6121 6822 9574 1433 4763 2695 7902 6405 6326 4682 5178 5521 4652 966 906 7454 7017 9212 9177 1586 0 7871 5552 894 232 2884 5174 7157 395 7442 1437 2593 8595 8368 7574 4282 794 7884 4049 1231 844 8481 2498 7209 5278 3712 7735 3282 2499 2760 7612 2808 8523 4971 9241 1971 7167 1940 6087 2930 3393 7052 1372 7412 4040 3237 2698 1263 2815 1458 5804 5878 8440 7646 3002 1807 7428 6664 9451 8257 2621 3873 3611 6878 3719 8896 463 6175 7701 8559 4439 1516 7823 8682 1778 9206 2845 8905 9712 901 4211 528 8654 9897 9173 3011 7512 3084 8463 9477 5786 3158 4235 9406 7954 5795 9507 17 9400 8435 3092 2962 4210 718 1514 6365 4567 1558 8525 5918 158 4649 8480 8671 6123 6032 3222 6965 1135 707 3016 3829 4253 4714 6846 7252 3213 8018 1966 7903 1294 5629 1863 1307 1829 5549 2244 1304 4106 7309 2534 6040 6461 2917 8507 2380 4009 2337 3721 304 7455 4824 2396 3996 2862 8273 2658 4443 9176 9080 4391 2638 3186 9172 228 9497 4242 3164 6413 7365 4294 7585 781 4076 30 7193 6776 8243 1441 3636 6963 7246 4442 5720 3547 6271 6962 4704 7643 9975 344 4108 3472 5660 1451 7259 8794 3052 4310 3346 3481 3123 7663 3898 1880 647 3037 536 910 6774 6874 4090 2004 5275 6319 486 4428 6749 533 1623 3370 2533 2869 2852 8059 6512
8677 1929 4995 610 1913 5149 2314 7237 8442 2488 2556 1214 2384 2703 5178 1788 6749 8753 1493 7255 3277 2811 3738 869 7871 0 9882 4211 3230 7025 8631 8567 8729 8658 4658 7662 8744 7146 9475 5649 2730 3682 7482 6596 8227 9256 4030 2104 5915 3024 6395 1586 4712 5069 3880 8339 8843 6320 9775 2088 8678 1650 2553 2050 4130 9633 4132 3164 9534 3749 4425 5421 3647 4846 4891 6008 5296 4509 8650 4381 4694 3014 7664 3386 7439 8857 3311 9791 7504 7436 6566 3721 7528 9750 3699 7976 2095 4312 5912 6390 4654 5911 5090 1950 5086 3436 2821 8328 6654 4101 4250 3523 7688 3585 1661 1971 1077 3452 3138 4558 233 2265 3202 7382 408 4430 2596 4854 8577 502 6465 7143 3857 4344 2056 5552 2089 8883 7207 5591 2581 5826 9221 7240 224 761 1674 6605 373 4175 4012 2854 4765 7424 2486 9290 6644 8250 9432 3549 1119 1392 8336 9824 2485 8260 1440 8663 7332 5771 5192 125 9190 8268 6495 4095 3480 1241 6457 9177 7713 4613 4364 8787 6305 6164 9200 673 7993 128 4639 2052 460 509 4498 5799 5275 5138 9886 9567 2133 4990 8893 3516 9877 3349 2444 5828 7846 5680 6132 4247 5502 2457 7822 8468 8012 2272 6376 2472 7966 8955 9694 1728 5441 614 9201 2175 857 9082 9674 5707 6698 56 629 6187 7096 7655 9420 1478 612 6884 442 5194 6815 3481 2242 7027 7433 7023
9432 6300 1774 8458 6103 9503 2136 3994 6470 8243 686 7923 9135 7219 1524 2055 1669 1923 4778 7093 7190 6221 2812 6903 5552 9882 0 676 8942 1982 8020 3491 1128 3457 9067 9898 6874 3364 9723 3001 2604 6059 811 2007 4679 6255 5288 6174 7119 6901 326 1917 7200 1930 3618 7646 4103 5080 5403 7043 1257 8862 9950 7261 9853 6312 3494 1832 1676 9489 3024 3213 4753 4691 7401 4487 9584 5143 4356 6318 3140 2863 4191 4295 1348 8717 4390 4000 2555 4024 3153 6095 7276 9161 7908 7396 5554 1305 2702 1585 1041 8558 2222 116 9908 9836 1131 6994 9594 401 8782 9970 7108 7444 2408 6970 6157 1672 2042 1950 7177 2620 6297 7237 7665 1919 3585 3674 6866 5269 6211 130 2022 4678 210 6526 7770 5060 8602 1926 7119 2086 1448 3880 3871 8292 3660 3384 9703 1552 4609 8174 1339 4471 8980 705 4170 2368 6222 8441 9588 1511 4366 7548 8020 6629 8721 7776 2195 7851 9859 5844 446 4500 5934 1101 1565 3643 7083 699 2632 5372 378 8170 115 2390 1337 8031 9349 6022 4378 6994 2408 29 7221 4407 6567 1185 5604 536 5458 2772 8198 10 3111 1626 1982 5521 5589 5165 4380 9361 4257 1080 5682 2043 5100 2292 3301 6513 7749 1677 3183 6399 935 2440 6632 9949 3121 7307 6214 1095 9789 7674 4666 6728 757 8016 3439 4322 6292 5141 1471 355 1827 8912 7616 2650 5940 742
8435 4509 2660 793 739 1193 2828 7974 1536 6054 4611 9399 2453 7263 90 9109 3042 7653 7431 4864 2322 503 2658 4883 894 4211 676 0 4845 8600 4437 830 8385 6193 4025 3460 7766 4990 2377 2459 3736 5508 4903 8932 378 1617 993 621 895 8185 8336 9025 5484 8119 6678 5915 168 9109 6863 5097 7005 7473 7307 454 6577 4847 5068 7227 6622 578 3847 8817 5044 9125 7012 2072 7534 87 3882 5119 49 2581 1589 3293 2529 6456 5457 8967 1125 6674 8788 1041 7910 8327 9682 4213 4443 9688 4653 8633 1198 9575 5920 2467 8953 7971 2138 6884 3607 1843 6006 1740 6459 4528 3418 3430 7357 6129 5350 9482 5880 8450 4323 6090 9218 699 6953 4145 848 7313 6276 3927 1305 9188 7957 8463 9536 9270 9875 4112 4099 4355 907 8662 2111 6131 9144 6194 3460 5424 6545 2056 9794 3857 1400 5177 2681 9857 2661 3432 7015 4415 4265 3680 9745 7447 5447 7504 1574 7822 5853 8700 8724 2600 3636 4674 4520 536 5078 6397 576 4548 6022 398 1440 7559 8908 2282 4267 3797 9162 4697 4446 3490 4981 9373 956 6929 5656 6352 6352 5818 9557 2614 8195 4559 6283 2029 9665 704 6548 4114 4938 1390 8206 7517 3508 5035 9551 3663 2988 8274 2824 7532 9972 3850 1673 6165 6727 2246 6739 6614 9257 6256 4704 1411 3148 1829 1633 5482 7924 3307 2400 2130 6545 985 4077 774 5548 46
2003 8198 7409 118 2055 7430 8584 814 8191 3222 1611 9150 9820 8803 2837 6866 4585 2967 6435 5562 9662 8942 9017 7466 232 3230 8942 4845 0 3186 280 6612 4561 9638 1745 7978 4670 4923 9990 558 5462 7661 2023 6929 6141 7374 1403 6925 2741 7190 7094 840 1839 9013 9881 7484 4099 542 2976 5460 3508 2213 6020 3785 6319 6171 1651 7518 2795 2960 3658 5400 6368 7718 8321 5491 587 2976 5438 9636 9953 6250 5945 4629 639 4649 4059 177 6163 7558 9421 8775 9025 7944 7762 7829 6640 8190 5061 3261 6992 6658 3940 9878 1034 3574 7715 5759 9611 6323 5759 5835 3351 7151 626 8291 813 2307 2918 5508 4729 9687 3399 8741 4863 5824 5200 3992 862 2105 7967 6883 4372 9439 2233 6034 5403 488 4976 7851 2217 4389 4875 364 6800 5059 5834 896 3767 8454 2995 3506 3027 8527 3728 6810 6259 9379 3427 5759 225 9415 3391 9396 7774 8563 4708 6140 6063 9731 498 5107 2506 6911 3685 9138 9220 2753 8160 5503 3281 629 7316 5351 7646 6680 7856 9786 2786 6236 9994 240 7660 7412 2043 89 8749 6963 1411 4796 9084 2070 1716 4167 8938 1731 9865 9395 2101 9134 502 3243 5904 3904 5948 2207 3268 6356 1561 318 8079 1207 9591 4160 9472 7955 5850 1425 5650 882 205 1783 9766 7519 8764 9464 8163 4286 7502 9873 3089 4747 1482 1809 4192 9507 8459 2304 7747 9236
3685 7079 9681 8172 728 3523 2105 9169 2087 1953 5682 9479 8409 3448 7814 4715 7990 6485 9821 2529 5476 1099 7871 9938 2884 7025 1982 8600 3186 0 8107 1209 1467 2834 6058 8003 3801 1337 6880 1721 5407 9613 5574 7190 7267 4422 2658 6219 4640 5060 5867 3587 6672 749 3605 4738 5886 4567 4487 2419 998 6070 9095 8129 5694 943 9366 7663 3091 5691 7919 1618 6030 6898 5808 5323 7050 32 2222 7660 6080 1837 4445 6478 4802 9091 7895 9559 7951 578 7181 6466 5141 2517 461 7701 1510 623 6891 544 1988 7941 3062 204 4177 3986 1428 6529 3101 774 4715 373 7071 2492 8449 7109 7828 4645 4543 7801 5601 5950 5857 1893 8097 4758 9584 9291 3148 8807 6953 8366 9272 8157 6865 5889 1197 9327 4485 5581 2161 5789 5962 7184 1143 5538 9827 349 3968 8764 7149 4037 6939 8929 5027 8649 2915 1925 6169 8429 105 9424 2315 9782 9220 8644 7596 6150 2010 4257 1781 1348 811 4418 5136 675 5493 8543 6153 7023 9868 5789 7271 3525 3047 1814 760 2213 5187 3838 113 3590 2761 231 490 6939 1134 9659 5214 1486 2893 2369 6136 4728 6390 6237 8838 9891 6860 5543 5513 411 9266 7695 3578 5343 1298 8725 3015 1007 8929 7872 9757 6943 6770 1312 6669 9804 6933 7183 6605 1028 364 5174 964 6041 7025 7845 323 9365 6618 1198 2209 9429 815 1504 8462 5476 2349 9869
2619 4632 9135 2498 9824 336 840 9952 8162 2035 5574 4957 7601 9621 6487 4173 9830 4780 5549 2672 2766 8989 5940 6986 5174 8631 8020 4437 280 8107 0 2802 7071 7807 6094 3190 6244 5451 5803 3802 8198 9008 905 9129 7345 7832 1813 3520 1045 4422 7062 3167 4 815 9525 9744 4383 6548 2785 4856 8745 3392 4365 6751 8704 5711 9094 9702 1087 5630 9263 1662 3928 717 2736 1547 8322 7003 9769 5986 1843 8808 208 4095 6090 1698 8233 9294 2765 8188 3701 5429 5594 9672 4464 7157 1346 5208 2622 916 3402 9677 3261 5353 1372 8056 2891 8534 7221 7481 4969 5244 1047 4105 520 829 798 7449 4330 1605 8664 9204 9997 464 2830 7790 6408 3604 2223 1707 7525 4284 144 8159 7431 1398 8026 7510 1248 4529 7418 5450 5261 9377 8110 9608 5214 694 3813 5617 4670 9324 4604 1794 2288 9740 9442 9473 1063 6309 8367 3177 5821 6945 9538 4723 5206 2209 6631 957 4052 4033 516 9251 9002 9110 2165 4756 8841 8146 1197 8169 243 3961 2953 4926 3694 26 8745 4438 2527 2436 4958 3889 8931 4631 5953 1319 6186 7787 5930 842 5628 6315 7343 5711 6521 9622 25 6628 8960 5251 1437 2397 2856 7486 9360 17 8102 2634 9679 2077 9353 3101 5785 5944 3405 9196 1949 104 3131 179 4249 808 5725 9798 2112 7795 9208 9992 6552 8076 99 1560 6940 8218 9917 4506 72 403
2768 3880 5661 1244 9961 5878 9477 5159 3707 9595 6013 2246 6279 6780 5675 5312 9758 709 7401 3075 8077 7439 8515 1898 7157 8567 3491 830 6612 1209 2802 0 4582 2897 1844 4928 5251 6311 766 4489 8964 62 5052 7881 4065 2842 1176 6882 2759 7885 8892 3057 7918 8636 5632 217 7527 7069 6191 1451 4945 7867 3053 5709 7080 4809 7630 4214 696 4602 525 1882 6713 1280 6559 8312 6145 6922 2613 1347 5249 3900 7171 772 7661 4953 1742 6356 4802 4940 4560 8738 5634 751 2516 3256 8802 8988 9738 6588 9939 7290 3830 5055 1863 7514 8289 625 9588 5680 7618 8080 3572 9436 4383 28 2803 1599 1250 3559 4856 36 3470 5221 3968 9279 3872 9420 5102 3362 4130 3667 5555 215 2429 2209 5993 902 8918 2542 7836 751 906 242 5197 7028 7377 3978 4889 2258 3631 3422 3323 5929 7081 6807 2781 1921 8774 5475 1392 7701 6889 4586 8930 6269 7889 7446 2667 9477 1604 5584 5452 3561 9007 66 2248 6674 4836 476 5032 6667 165 3509 122 7320 588 3580 7387 1899 1687 7592 3656 3542 5351 2409 707 4588 8772 7676 2037 7815 8627 3191 2527 8683 5653 9058 3217 9111 4271 3848 960 5491 839 9498 7055 5544 1933 5022 369 8120 8697 9079 3149 946 3049 1168 7288 2294 4446 9740 4240 4450 9708 1126 8041 9252 3106 8747 6367 2101 8556 3347 4979 6670 2506 7927 394 1286
