150
0 4192 3610 948 7742 4795 2572 8373 3110 1677 9023 9494 202 7515 1698 6498 632 3020 3939 322 2610 2987 4731 2525 6563 1615 7511 8523 191 1377 418 4981 4852 9163 4576 3435 7040 4589 9387 3431 9011 7575 5340 5781 5411 3755 2732 7959 154 8390 8384 3847 2649 6786 4543 9382 5781 7715 3765 7857 4722 9657 7280 7682 7365 7353 2790 4448 8126 6146 4858 4486 7729 496 6865 6865 5452 967 2738 8718 5544 4282 5531 5565 3522 9658 8510 9712 2583 2106 5945 3772 351 6361 7513 2082 9933 2949 7256 7670 3459 7399 1377 2662 6033 7288 5655 738 7963 2409 5741 5360 1464 9585 3685 5352 6511 8316 6647 7787 3552 353 1113 1892 5472 3992 5389 3029 7397 1855 5566 8846 5178 8716 2066 1170 65 7187 503 5522 4326 118 8243 8330 2237 434 5986 3713 1868 9142
4192 0 7108 299 7349 3223 7541 8670 4899 8358 9477 173 391 2382 2030 4440 1852 8100 6235 9348 667 105 4410 2094 860 8482 8169 9058 8945 6126 8701 1416 580 3815 4644 3471 5868 7862 8794 5552 6032 3228 2020 7353 5204 3399 4511 1194 5964 1081 8219 380 5354 2014 723 9540 5793 1990 1677 481 4241 916 8918 1763 5089 5781 1862 9442 131 7143 1089 6803 2693 9524 7061 3808 8242 5307 918 5812 6734 5161 7792 1269 3859 5485 862 9956 8722 1190 4472 7487 2918 3873 2337 389 3783 5445 1558 6540 585 568 3675 6490 6753 2878 6470 9467 3059 9146 2397 3133 2026 9109 7529 7076 1955 9686 3541 9486 6850 1949 2618 960 2084 4046 6402 423 2730 5921 7612 7153 4971 2097 639 8170 8641 6843 9062 3010 9764 7833 6968 4963 5784 3686 7611 2638 8234 7593
3610 7108 0 7068 247 8343 8305 3107 7684 1508 447 3927 6888 5681 3324 7738 6897 1561 9843 6374 30 4067 9457 6901 2223 4416 1655 8881 3368 52 553 7639 6902 9649 4473 6859 1243 833 1142 5255 7122 9598 6097 7361 5720 5228 1032 198 7493 8172 116 2608 2056 5060 5319 8165 9685 4122 9334 2110 244 4367 2492 3796 4084 2269 1523 4151 9726 9759 5694 7405 3373 2314 304 1906 312 362 6893 6728 4452 6253 4283 8418 5908 6836 8165 2125 7597 3560 2088 3503 4062 788 8611 2988 8701 5408 2749 9073 8559 6841 5264 5586 1877 7847 9119 4206 3879 7057 4693 820 5826 2439 5603 7808 3123 4447 6356 1850 8462 8933 1610 9584 7292 8490 8149 8929 2119 4816 6786 47 7716 4031 4273 9258 6753 6883 227 2795 5107 7216 5711 7582 2789 1374 718 850 8340 1139
948 299 7068 0 493 5817 7742 5572 9789 7162 5194 8756 9258 4383 3272 1145 2476 4408 453 4047 5285 748 9740 530 6092 2117 1846 2600 2909 7210 9680 2296 9779 3803 5592 5894 9087 3817 9482 9435 4230 3053 2944 620 881 6730 6489 8082 443 793 9953 7509 4910 8737 2508 1784 3210 6235 5012 5944 8818 1902 9660 2524 8282 898 5172 7455 1683 3755 9568 6565 8867 2312 1663 2195 293 3847 9706 5342 702 7736 5491 4978 4799 1306 5501 8238 1260 8753 9849 4942 7473 1833 4 240 9269 1612 8955 2577 4361 9990 8860 1724 7999 1090 5851 9801 736 3939 5313 7149 5203 3630 1960 2615 2144 9029 3658 3706 8693 8710 1511 1921 8004 7758 8097 8374 7906 8195 5644 798 2735 9857 37 3709 5553 4805 8941 5528 8004 4615 7677 1466 6182 5301 9098 4048 3932 2624
7742 7349 247 493 0 7633 1525 3207 4095 2337 7896 8467 9624 636 7955 423 8493 983 3329 3906 5052 1182 9531 4332 8171 5740 9951 9815 3359 5625 4079 3991 822 2121 6298 6607 7922 8738 5879 3745 8474 2499 7138 5968 1127 1353 7179 3620 4191 9177 1498 7068 862 4191 9742 432 9755 916 2745 7792 2818 9345 1634 7377 3046 8951 551 2952 878 1287 6456 8647 3227 2953 1520 3745 4297 3775 4615 7431 8970 5386 5489 3844 7827 4834 6086 6571 2677 8651 1608 9627 8714 5060 2363 8733 4871 9789 4574 2090 1708 7163 9127 5799 6140 9123 1295 3436 493 6715 9802 2705 9234 254 112 3265 7514 8046 1951 179 6913 360 3260 934 7609 3249 413 8956 8317 546 1012 4866 7819 3676 435 1075 6542 1260 343 9133 8689 1505 8974 8627 4338 3034 7463 4339 114 4473
4795 3223 8343 5817 7633 0 1746 529 2361 2588 8077 2805 7901 3905 7042 4932 1345 5035 5493 2968 2226 4776 3310 9502 9358 7875 1543 3787 4792 3376 8059 8074 9 1990 2386 9590 8863 313 3304 3031 9391 590 9957 5397 5099 2584 4168 5599 6881 821 9073 821 4072 860 1949 8665 7112 5650 3193 2981 8081 7785 7742 1748 6109 1032 5870 9898 4873 1119 2559 1732 5253 9644 3666 8044 2347 6407 5147 3213 9586 5772 9284 4220 1839 6477 336 9353 4011 5204 8921 2586 416 9459 3264 8290 7850 6118 3929 2002 9061 4437 5824 8741 1357 689 1084 3049 6716 3763 5086 3275 4493 2667 554 2368 1319 1884 9072 7291 1798 9520 2347 4225 7822 9619 9021 304 3578 386 563 610 9750 4145 2317 7081 6860 7672 2952 8413 3898 7482 2430 1475 7607 7777 2991 4288 7131 2288
2572 7541 8305 7742 1525 1746 0 3188 5017 8587 1616 311 4603 901 4228 2671 7082 66 6813 7091 6283 4246 5774 3458 2456 7733 1015 8227 5157 2728 6052 4292 4361 446 6020 6515 1409 8402 2864 3591 3003 7566 43 4920 1890 8266 5034 4103 9192 862 7164 6539 1225 8974 7624 8032 6537 4023 4413 3758 916 8161 6144 4925 267 7089 9117 7722 5749 4337 201 4946 6901 5289 5369 4577 7260 1277 8219 7667 6098 7365 3212 5824 2917 7266 5210 1174 3016 1113 7130 8488 7359 9880 7366 739 7748 3596 3573 6758 782 4249 2265 9605 6561 7084 1959 2706 7916 6892 1092 8204 9774 6096 6870 9776 1148 5702 1030 6087 1803 1739 7028 4848 447 199 1593 7265 3287 5788 9406 8405 5357 8052 2699 5779 2264 1807 2892 1239 9076 3498 9840 6480 1253 8727 3576 7435 8477 6021
8373 8670 3107 5572 3207 529 3188 0 1811 3808 6812 4265 4608 3751 2962 1104 2486 5443 5646 7435 5701 2665 2730 4370 9385 5478 5815 6602 5640 1771 7832 2589 4001 8531 7433 791 8683 7527 1699 8090 3508 7282 7892 4877 6936 7167 6949 426 8193 7890 2800 8980 8894 2570 7896 5358 1885 6140 8650 4025 5226 7010 3349 5162 1170 8594 9589 1623 5562 4431 5396 4774 6042 7639 6909 6782 9100 9905 4388 8052 358 2518 8963 5070 306 687 7706 8375 2767 7069 1847 6166 5466 7358 7131 9075 4019 960 5613 2689 1857 3711 3077 4887 7166 407 7904 6650 8555 5617 316 2334 8745 2890 2951 4925 8332 1435 5332 8327 529 4034 4093 8454 8618 7165 8825 6167 9997 9117 3101 5375 6103 1815 5156 5545 4006 9512 8520 5316 5011 7758 8868 4738 8135 7168 9379 5887 9622 1488
3110 4899 7684 9789 4095 2361 5017 1811 0 8617 8540 7868 5727 584 2432 4698 4068 3484 7867 6542 53 4086 7553 5074 3240 8511 4377 412 5387 2445 2489 6687 2406 1173 3233 4947 1631 9276 696 9152 8111 3003 798 1810 6756 854 8535 3175 2173 5190 3042 753 1911 1627 6420 6818 9974 7859 2075 7669 6649 5850 2809 5471 5433 2727 922 8845 7366 4118 3300 571 1907 6312 8733 566 5394 681 2176 5773 1291 665 6104 2036 2393 5084 7000 7911 2678 2021 8834 8373 1102 2621 3743 2259 3721 9401 5865 4963 6916 5406 4313 4817 8530 2142 2665 1592 4319 6335 3627 7453 9477 8594 1000 6661 2470 302 8450 7375 8361 9347 7239 9689 2062 7525 7450 2968 8598 1486 77 4989 6024 8200 2567 9953 3336 1565 8335 464 7689 6599 8506 1797 2536 6299 5080 1834 3020 1414
1677 8358 1508 7162 2337 2588 8587 3808 8617 0 4681 8632 7966 227 4116 5447 2492 8682 8242 8755 5983 3347 6350 9360 1860 6878 4317 9639 2383 308 3231 8778 1366 4315 4111 6585 8970 4672 4746 1884 4787 7059 6627 8848 8994 3548 3049 1089 9791 9780 9101 9452 7419 9054 8083 7496 6140 9631 2199 2720 4235 9782 6313 3990 8353 7868 2457 5478 5027 9081 7676 8659 5770 3818 4237 1869 6345 6622 9427 678 1902 2764 4354 5478 4652 6689 7768 5929 8905 223 6909 3015 4314 6995 2787 4021 2230 9375 8187 3347 9623 3113 7473 440 9749 9634 612 8102 490 4464 5467 5015 588 8379 4363 1623 5236 4416 8527 7470 2252 5893 6705 1641 4185 4844 9095 5997 623 523 1989 2981 1617 5788 5626 2583 4346 9792 3342 289 1900 8496 4360 8482 6403 4577 1784 9574 1110 4789
9023 9477 447 5194 7896 8077 1616 6812 8540 4681 0 8184 4122 7780 9886 2285 5978 3776 7181 2188 8523 8497 6053 3627 4554 4159 2998 1077 8930 9383 1876 1933 6971 9401 8690 6121 2588 2265 3890 4646 8939 4621 8689 6057 5915 6900 1599 7794 5713 6001 3013 3630 1761 7113 2156 2202 8940 8140 2465 6586 973 3217 1354 8503 8818 3447 4250 8258 4620 8337 5130 5505 8423 6627 301 6440 7813 7118 9472 4035 9388 3606 4246 4498 1812 1929 2364 5711 8955 5813 6873 5604 9028 7161 6687 9547 2576 8404 5418 2864 8019 797 5780 5996 7372 8086 1495 6170 3229 973 5710 7656 1646 9046 9041 7107 9067 7178 2117 1242 9730 6343 9113 2454 3625 4672 6787 4013 7691 3094 9122 2223 1216 623 4830 4472 8792 7843 4329 8916 245 2470 9378 5132 6897 2124 8527 7012 4936 3049
9494 173 3927 8756 8467 2805 311 4265 7868 8632 8184 0 538 23 9493 6894 1344 4906 6439 2527 716 6066 9204 3261 396 9309 2336 2660 2674 6222 465 8894 7942 4007 8410 9758 4398 3038 5098 8831 5785 7027 7581 6781 7929 2145 6442 9363 7088 7808 590 6716 8521 5003 5916 2690 7566 7382 4627 6652 5652 2608 6282 4809 448 1006 1943 5126 6232 5058 1813 8865 3207 3848 9478 9131 6058 3922 1442 8243 2680 8151 2843 7424 6089 222 8444 3379 232 6608 7794 9271 3188 8375 6085 438 5168 2083 1286 2842 6771 1606 6164 5722 9720 4901 3744 2624 8277 1420 3534 7759 3205 4660 5162 4214 1790 2210 8041 9835 6684 1976 7789 4581 8286 7192 8198 1050 3428 2132 6327 1311 6538 2278 282 6640 3108 7114 8394 9920 4971 2742 4808 3595 4795 4240 1235 4015 1090 5906
202 391 6888 9258 9624 7901 4603 4608 5727 7966 4122 538 0 3923 9560 358 3724 7428 9142 8306 9172 8335 4507 5557 1794 4231 7285 6172 3550 9424 6571 3525 6390 7039 4408 4006 4712 5131 9339 5558 6499 3493 8044 434 7021 7455 2657 1121 7115 7025 9579 3835 2992 4546 1176 1561 8487 8903 9532 1661 1095 7403 2778 9921 9178 9354 8228 7452 4890 4377 3329 59 1684 7278 9965 4262 2505 3032 1175 9292 2547 9859 8590 1434 8901 961 7163 3674 6215 7072 4266 7627 2548 7000 6185 5231 4265 7959 8071 372 2326 1377 1631 233 7218 2299 7823 9543 2817 6733 2700 6761 3311 7126 4731 7657 3971 1603 1230 5007 8205 1339 9684 7765 2058 598 4162 6189 9008 4762 2035 6178 59 2514 1031 6091 4621 6664 8122 2748 4969 3826 2679 9205 9891 1933 3229 4601 3305 6840
7515 2382 5681 4383 636 3905 901 3751 584 227 7780 23 3923 0 1222 5417 2457 7168 9449 7852 4731 5342 9723 8279 9105 5280 4458 5142 990 6110 5268 3661 4637 4869 7377 9242 314 54 1973 2888 8263 5560 2341 8978 6288 2294 6298 1388 6909 1300 9627 3196 2718 3178 3641 8194 3110 2992 2768 8141 564 9270 9491 9052 5206 1064 1332 548 5020 2097 2394 5322 4502 7710 4040 8955 7328 7992 4826 8557 7439 1007 159 2650 1586 7408 5167 2136 4025 1650 8265 9248 6707 4001 1950 3693 863 769 5464 7865 972 3135 6438 9783 8930 9976 9558 6829 8612 8420 3385 6350 3268 4010 3537 5437 494 1308 9567 5969 4998 8758 2293 9089 7944 6686 2018 5430 1507 7187 774 5557 3485 3138 5582 4668 8568 7940 2659 8592 7126 6979 6584 1406 3767 1172 7631 2931 1600 5828
1698 2030 3324 3272 7955 7042 4228 2962 2432 4116 9886 9493 9560 1222 0 544 4320 9592 3493 3760 1661 5546 6604 3782 3853 4150 7896 568 2064 5423 6460 6776 3413 2665 1315 855 6976 1183 3203 6725 3495 4916 8937 6059 3955 9337 9434 2217 8501 2920 7553 4240 6016 1700 7019 9670 813 5920 120 6057 4825 381 3552 8488 1873 4677 8312 4274 7892 3213 5926 7849 9132 2735 9743 8524 3641 2584 744 2137 1067 8496 4467 5879 3375 8699 2660 3879 4986 4891 620 6667 7750 5693 2262 6501 5671 2871 3495 3464 8918 8644 1443 206 153 7925 863 1887 7485 1168 4026 5777 6921 4136 44 4130 1528 5013 2934 3969 8378 4354 9654 8256 7977 8882 2055 3807 8620 7166 5447 770 400 3919 8516 2024 9203 5362 7532 2503 3325 7911 1947 3692 3465 3590 3520 1676 8226 4527
6498 4440 7738 1145 423 4932 2671 1104 4698 5447 2285 6894 358 5417 544 0 9394 7493 8700 4050 9731 4916 9244 130 2024 5543 2563 5751 5551 5269 7896 6735 8187 7184 1326 7740 5332 8161 8121 6263 1559 737 3802 4024 3774 9330 3161 9773 3677 759 2761 3703 5791 2496 6513 5459 4097 9094 7927 6197 1085 8874 3212 7924 3916 3218 1366 2234 112 3283 292 4920 7611 3705 6437 8325 8618 9707 6083 5859 3494 6167 6620 4992 9598 3623 7983 7947 4318 3659 9495 7604 8737 1693 7382 1566 5023 2117 7900 2674 1507 1924 5559 8770 4840 6751 4813 7379 602 5399 4731 643 166 778 8568 1892 8609 4403 3484 6652 9602 2007 9326 9292 692 3118 4331 3259 4794 1215 7371 6323 246 3529 7986 9587 4110 8658 4990 1046 1141 6156 6468 4758 6686 4571 2794 9606 5596 1505
632 1852 6897 2476 8493 1345 7082 2486 4068 2492 5978 1344 3724 2457 4320 9394 0 2487 7965 4691 2698 1899 8591 6655 2963 7076 4660 147 8048 7759 9725 2154 8254 367 6970 3236 5988 4905 649 5749 2018 346 7968 8905 5920 3788 7895 5762 109 9460 212 3044 917 8211 8679 7346 619 3691 2452 7209 6757 8461 2037 5221 1586 5059 1023 853 8768 335 3216 3081 1874 4703 794 4078 8521 2106 4234 7428 9872 6304 4625 9103 47 7541 2040 8913 4240 6761 5869 3631 2128 8966 1611 252 89 14 1274 5422 1085 6655 7538 2305 4592 8952 4130 9732 1709 4931 4480 3 6071 6031 8835 7689 3177 1125 6422 148 7266 6747 9773 4930 6587 6220 823 1832 3951 4430 1510 7669 4379 9633 7954 9697 9653 9729 3755 1452 3276 6935 9136 200 4387 3657 5833 7441 8735 7901
3020 8100 1561 4408 983 5035 66 5443 3484 8682 3776 4906 7428 7168 9592 7493 2487 0 8051 7312 3202 794 4891 2598 2063 3000 4017 7574 4034 6653 787 6568 9894 7682 8914 6267 6849 2738 8397 7703 8607 8704 592 8058 9710 13 3468 444 7497 2924 7925 3874 3840 5712 5205 5987 1843 8543 7438 5253 6206 2515 4170 5969 5141 6743 8298 6041 2312 2758 4737 7716 7285 3274 7711 2249 6298 6732 2973 8241 606 3064 381 7829 143 6598 3532 3089 7866 9352 3821 8007 9171 6083 3405 3767 3577 9173 8557 4081 5197 6263 9804 9849 3276 9436 2033 284 7563 1204 7946 3137 2401 1964 9925 8479 9642 739 4564 1836 2717 8465 5392 4188 6709 40 7419 9509 74 3597 6974 1856 3617 4343 1753 8719 178 1907 4570 3399 493 9853 1493 2668 9625 6083 9309 9358 5837 833
3939 6235 9843 453 3329 5493 6813 5646 7867 8242 7181 6439 9142 9449 3493 8700 7965 8051 0 7286 1957 3824 4840 1397 4468 3002 2666 9547 7142 3249 2585 2882 5219 3336 5806 7565 3633 8744 8590 90 1696 4931 1282 1038 4002 3941 2235 1193 5622 4414 6398 3411 3707 1808 4241 6359 6926 512 7716 4917 1531 4231 1940 8709 2576 1226 9251 8169 2787 7522 9186 9905 9983 7904 1995 1350 1517 2842 2663 2251 8216 7840 9232 1056 8990 7769 8347 4626 9042 6684 1738 7698 9218 5864 282 3304 1886 8092 4319 1470 9928 830 4220 912 8086 707 7306 356 4825 6942 5226 1849 2313 4422 7513 2683 2399 2116 2390 4305 6500 3866 5631 4036 1698 4682 313 5582 570 2989 4418 3690 9973 4093 1842 4468 8518 2832 1258 5933 1156 499 201 2677 1527 9513 3878 8260 9785 4739
322 9348 6374 4047 3906 2968 7091 7435 6542 8755 2188 2527 8306 7852 3760 4050 4691 7312 7286 0 4104 1664 9531 7711 6867 5634 9802 4795 2476 3405 2654 2307 7697 18 9195 1353 7443 4984 9367 6379 7639 8538 9528 1868 7601 2151 1408 6821 3317 2752 8589 1759 4690 6309 1326 8190 7737 9881 9757 3452 4981 6389 2966 2049 5861 4303 1010 1775 3192 6657 1657 3385 5079 1784 8791 7821 6294 2209 263 2722 1890 2857 973 6217 1045 91 5442 8720 3473 7614 3507 159 4311 8768 1002 641 6256 1835 6512 8882 7546 4044 5786 9689 8916 666 9280 4881 1103 6075 9554 4857 3587 8051 769 4657 8567 1592 8213 4200 1995 7251 512 9093 1119 6386 8734 2776 4384 2825 1540 7337 4695 4902 222 3553 6506 7096 6007 9960 9159 4182 495 2840 3785 8572 9203 9709 4938 7042
2610 667 30 5285 5052 2226 6283 5701 53 5983 8523 716 9172 4731 1661 9731 2698 3202 1957 4104 0 4651 8901 2520 8967 2250 9852 8019 9437 8866 7544 4316 6926 3556 6953 6112 7441 8352 7691 7386 4294 4854 8264 4466 8454 1518 1638 2534 1616 2275 9389 7237 7354 3493 6952 4256 3994 3016 3129 9261 6780 6947 4794 5252 9394 65 2845 6037 6716 8015 5566 3464 7774 3459 7134 2624 5615 8415 7373 8640 5544 5778 5503 7771 4766 3570 7952 1908 4321 1824 8815 982 7473 7706 3441 9310 2197 9047 1077 8517 6029 1555 5264 2349 9782 5451 6227 605 3 439 2361 9249 3730 783 3989 90 5933 5149 6275 4292 5508 8192 109 3559 6461 5521 7607 1020 5562 774 7458 6232 9261 752 2384 4067 7810 6898 5936 3064 8916 1695 2797 8872 8782 7703 3771 7097 8380 6603
2987 105 4067 748 1182 4776 4246 2665 4086 3347 8497 6066 8335 5342 5546 4916 1899 794 3824 1664 4651 0 1188 9634 5792 2377 2300 4746 7804 4024 328 1893 6317 9245 4186 1467 3113 164 3474 5567 1527 6981 720 627 5319 5016 8772 2531 481 9638 6635 9027 3374 4323 4861 5841 1644 8083 1975 4327 5647 4824 3702 8983 6336 6867 2590 9436 4340 4171 1514 399 3990 7651 7610 251 272 615 8859 7996 7492 435 4068 9247 510 466 9361 1404 5155 6114 1728 8904 9976 5341 844 9497 4602 8804 5006 5931 8472 5322 4291 928 6225 1324 6540 6991 9311 7226 8316 5167 824 7399 9469 1008 3899 6248 8938 3569 86 3399 6051 474 8177 6070 2314 7371 4147 9071 9564 4386 2400 8882 8491 9955 2320 6014 445 4236 6426 3337 7831 3885 1571 5651 2522 9244 6580 8748
4731 4410 9457 9740 9531 3310 5774 2730 7553 6350 6053 9204 4507 9723 6604 9244 8591 4891 4840 9531 8901 1188 0 6538 9595 9458 1253 4115 5294 7238 24 8675 5463 6314 5915 2649 2178 3212 8332 811 4049 9177 9015 8971 1729 276 7912 8382 8971 2377 2788 7154 4065 141 9018 8724 2805 594 7059 5356 349 7055 1041 726 8770 8585 376 1481 8140 9425 1513 2109 8738 8489 5110 1541 4782 2801 420 4129 7701 769 1517 1551 5785 9943 6733 9631 7612 3886 628 4112 2335 4341 2177 99 1249 2925 3957 4584 7679 3706 7074 6021 9447 3372 7489 5203 6432 5640 2337 9440 5282 1563 6692 7779 7528 6185 7794 703 3020 7157 8643 8449 6300 6592 3556 8598 1942 4094 4575 3658 9800 9947 5915 4350 8690 1980 6245 6372 5297 2853 9188 6175 8384 555 291 1376 8297 792
2525 2094 6901 530 4332 9502 3458 4370 5074 9360 3627 3261 5557 8279 3782 130 6655 2598 1397 7711 2520 9634 6538 0 8133 1309 7232 8808 9206 3865 4510 6556 1183 4436 2735 6668 4115 8882 1278 2117 7336 8761 7957 647 5603 1664 3317 5658 5115 5190 4372 3640 6532 8254 3476 4099 5521 172 8757 663 2267 7799 9753 4182 8639 3825 9094 5202 6212 8603 3856 7404 3481 6075 9281 6905 4912 5318 7295 905 8067 6859 7566 1179 5828 5892 9416 7637 2645 4315 3426 5336 5645 4306 8339 5871 2836 8431 9671 4653 7943 171 9085 4198 3315 8650 3823 6043 6089 3387 6359 3311 5183 8231 4892 8842 7064 6514 5088 4193 5207 436 8950 3826 1800 4631 1260 4811 5928 2133 5351 2548 8658 2848 111 5035 8464 26 1083 1661 5826 4215 2045 2762 9117 7913 6736 9094 4160 1643
6563 860 2223 6092 8171 9358 2456 9385 3240 1860 4554 396 1794 9105 3853 2024 2963 2063 4468 6867 8967 5792 9595 8133 0 923 2814 1768 8068 7553 9969 8497 9507 7252 229 9954 8364 3285 4637 2244 7370 1871 9768 7404 6440 3357 2405 7307 2222 7328 4135 1053 7341 3882 3005 3708 9915 9077 789 1200 8509 6990 8653 3574 8425 9965 6079 7275 5347 783 8396 6710 8573 9536 3372 3074 8963 1581 3857 2846 8133 6805 2901 1477 4125 7420 1939 4435 686 713 2574 2113 6221 7859 3529 3869 4716 3863 7915 3353 6368 9594 5943 1408 3808 4595 6904 7680 4112 4899 1544 6523 4340 2948 3548 8275 8153 3656 5297 2294 4452 8492 2970 8581 3501 7889 6801 8884 7856 940 4308 6724 9241 6953 4694 3446 5890 4738 6717 9777 7262 7310 5068 757 4721 8381 43 624 404 6927
1615 8482 4416 2117 5740 7875 7733 5478 8511 6878 4159 9309 4231 5280 4150 5543 7076 3000 3002 5634 2250 2377 9458 1309 923 0 8003 6611 4715 1309 5311 4959 9650 7175 2723 4325 6978 3464 4007 4289 3341 3395 6332 2758 4220 4250 4975 233 6960 8850 9566 6058 8575 3113 3462 242 9697 4868 5664 6988 5460 975 2527 1008 8891 9937 7665 903 2699 8257 9253 2601 225 5634 3983 6533 6689 505 118 426 8688 3712 2249 5154 3426 4627 2087 5500 6568 915 969 5498 2977 3969 4820 7653 7079 4161 885 3962 569 2170 4793 1485 8943 6977 3707 7049 7458 9726 8119 124 4956 6457 6410 8987 6287 8777 8944 698 7903 6408 7659 9004 827 4331 2194 5342 892 9855 8043 8733 1949 9389 1131 5843 8483 8725 4510 9012 7116 8083 7324 4555 6757 5933 3803 3658 5599 617
7511 8169 1655 1846 9951 1543 1015 5815 4377 4317 2998 2336 7285 4458 7896 2563 4660 4017 2666 9802 9852 2300 1253 7232 2814 8003 0 193 9494 2038 9808 345 3180 7047 6392 8495 403 6498 9985 2992 1425 5501 6031 6984 4491 1836 8968 7958 2904 1006 5812 4527 7029 6320 1300 1201 4349 6186 9634 7704 3021 3687 9264 8678 7997 5922 1256 1220 2755 2032 7756 9942 1587 6464 173 7499 8662 6087 2696 2456 7409 7326 4276 5961 1472 5338 844 2949 4619 2454 5102 4831 4569 2146 6692 6620 9149 4473 9475 4164 5163 2015 7531 8780 285 7129 2561 3517 4643 394 6842 3075 8685 4944 8530 393 6985 1339 7451 8501 2255 1621 2222 1412 2162 1612 1755 676 4557 7022 9684 6251 5121 694 4331 5234 3990 6488 1542 9287 7169 4865 4232 3038 94 609 2907 8184 1125 7839
8523 9058 8881 2600 9815 3787 8227 6602 412 9639 1077 2660 6172 5142 568 5751 147 7574 9547 4795 8019 4746 4115 8808 1768 6611 193 0 5620 8357 9472 6022 3533 8235 5793 3154 6953 1232 3405 921 1691 6741 3305 656 1897 185 5653 3114 4197 443 6454 9001 5000 9271 2783 4722 8368 2820 3122 868 7492 7438 9036 934 1879 6455 4074 264 7046 6755 1366 156 3964 3553 4494 7575 5895 8967 156 1224 8428 7278 8506 5450 410 7590 7754 4564 9328 1529 4189 2879 9898 9711 1226 1492 5841 3367 9538 1326 2422 8027 689 680 1967 7891 5465 6679 6277 7753 3658 2944 2698 9086 6885 9402 419 9183 886 1525 9182 808 8920 3679 9364 8622 9759 4341 1209 5580 9606 9325 3870 8535 6345 7270 4023 9153 4241 8000 574 1106 395 6636 2659 2409 1469 5788 1856 6799
191 8945 3368 2909 3359 4792 5157 5640 5387 2383 8930 2674 3550 990 2064 5551 8048 4034 7142 2476 9437 7804 5294 9206 8068 4715 9494 5620 0 4982 7173 2533 17 1442 960 5237 5053 7390 6864 8097 6738 1332 4858 5286 9956 6526 4747 5029 181 5841 189 108 653 7030 4855 6844 6465 8783 4546 6230 6930 1746 537 2941 4382 3217 3651 1178 290 1030 2255 8130 9761 489 8023 726 3482 1469 3524 1828 6701 5863 2136 9087 904 561 7383 8624 1073 5668 4551 8108 2462 2757 550 5677 1681 4426 8358 7688 7727 4425 1879 1745 6669 7115 4677 7744 8490 5231 8017 8147 2528 5910 3172 6077 4264 7305 1313 1709 6075 561 1638 6305 7198 2242 8315 2481 4240 6778 5626 6261 1662 3913 7691 4952 9630 4580 9686 4958 1229 3189 6324 8842 6089 4586 4304 4055 4606 9661
1377 6126 52 7210 5625 3376 2728 1771 2445 308 9383 6222 9424 6110 5423 5269 7759 6653 3249 3405 8866 4024 7238 3865 7553 1309 2038 8357 4982 0 4452 9125 1977 8264 8765 4868 2032 4559 3018 3767 2663 9934 5778 6500 7986 1774 4290 2707 6288 68 6448 4518 1950 5472 5659 6454 7681 9016 6818 3756 5675 152 5594 6688 322 8147 1834 4482 9358 6933 8438 4254 1648 183 2126 694 8923 4589 7704 174 9389 9208 7717 2685 9148 8244 2284 3432 1277 5241 8820 0 813 7228 4211 7157 2491 5600 1737 5451 7869 9845 8549 5668 71 6145 1725 9762 6611 5155 988 5494 7374 2526 1540 6580 6950 8593 687 8732 9991 9506 1764 6221 5093 8969 2127 7737 8068 5637 1350 3975 3747 3161 349 9628 2184 9005 1010 5747 6015 4175 484 3442 4774 9529 912 7881 2024 2260
418 8701 553 9680 4079 8059 6052 7832 2489 3231 1876 465 6571 5268 6460 7896 9725 787 2585 2654 7544 328 24 4510 9969 5311 9808 9472 7173 4452 0 6738 8990 1120 8843 6029 3335 3655 8123 8834 4716 1029 6354 7470 1968 3339 1284 7297 2167 9879 9113 2006 8578 3564 6949 1561 5645 2227 2306 7816 2332 356 9990 409 4319 8210 1696 2630 9304 2338 3664 1817 6300 1859 3753 7092 8054 9234 3960 2247 2487 9692 5029 999 9892 3376 1835 2072 7813 9763 5894 3762 6404 409 5860 7344 9114 9627 2901 7430 5687 4822 7970 6297 3109 6854 123 8140 2413 5649 2328 3075 4618 247 3426 2887 3578 4826 3733 3104 6271 6698 3744 6889 1714 1545 1835 8323 6895 9904 3034 9560 8192 2180 8145 267 5329 6475 9247 8505 7634 578 5695 7712 538 8883 8996 1899 2656 1453
4981 1416 7639 2296 3991 8074 4292 2589 6687 8778 1933 8894 3525 3661 6776 6735 2154 6568 2882 2307 4316 1893 8675 6556 8497 4959 345 6022 2533 9125 6738 0 6029 556 5009 6993 9677 8921 6118 7593 6407 2803 133 29 8035 3862 4970 2013 2710 1529 1323 9354 2114 9062 6380 4092 4041 9442 675 1088 1797 7710 1446 8155 3313 8489 8317 727 5967 5390 9468 7869 5276 1857 3721 8197 4823 3802 6664 3386 2985 6479 4585 8125 6506 4359 7518 133 7609 961 7841 386 5498 829 4704 6011 2069 808 2998 985 2725 1867 1457 7709 5923 6572 3901 6313 1881 4417 5359 6866 2211 6427 8174 4982 4252 4610 9715 9773 7128 8538 3846 8438 7358 4845 6007 2127 8387 3381 4930 2650 9804 6540 6502 8024 7206 3599 2110 2723 2736 7285 1020 9129 1500 8487 58 6202 2647 1641
4852 580 6902 9779 822 9 4361 4001 2406 1366 6971 7942 6390 4637 3413 8187 8254 9894 5219 7697 6926 6317 5463 1183 9507 9650 3180 3533 17 1977 8990 6029 0 4487 4596 3915 5746 6616 8668 4091 4333 3751 773 1799 6183 3298 3443 5714 2076 1575 6249 4098 749 1599 2489 6121 3286 9319 4643 6841 6721 3126 6809 4589 9083 9013 7061 6408 4994 6030 9252 6737 9912 3545 4271 6326 657 9399 710 7060 8075 8225 1984 2112 4959 7377 6366 6799 9456 1076 4113 8141 2295 8448 9482 7275 9582 6008 5946 6000 6138 9055 3294 2512 7942 6712 9935 1621 9248 9200 880 7160 2920 1787 7672 6489 5241 2582 4937 9575 4682 4690 9781 9495 9963 7799 8892 9504 7327 9208 1226 4248 5291 3058 3149 4557 657 617 5353 3828 6922 415 3862 6412 103 1581 9301 9251 1355 3700
9163 3815 9649 3803 2121 1990 446 8531 1173 4315 9401 4007 7039 4869 2665 7184 367 7682 3336 18 3556 9245 6314 4436 7252 7175 7047 8235 1442 8264 1120 556 4487 0 8801 6948 4170 9689 3837 463 2496 3013 7049 6927 7594 8217 7429 9900 5199 598 8020 2830 4968 1157 3849 6815 4889 4841 1324 2872 2344 38 6354 3802 2759 8788 6748 916 5422 4081 5956 4056 9119 5129 6915 3629 8408 7463 8781 3180 6278 7011 9242 7503 9407 8950 5403 5138 7282 6918 1693 2584 9068 2851 6481 8798 1116 7056 2816 3515 743 6666 7451 3066 6243 746 2335 9938 4913 389 4685 3146 2782 737 572 7890 1213 5863 4765 1874 5120 2675 5991 2076 4265 4375 8799 8104 6149 8311 6749 8179 3182 6159 4933 5831 6565 6943 7751 7097 8966 2051 8790 5723 3314 1808 345 5815 3569 8704
4576 4644 4473 5592 6298 2386 6020 7433 3233 4111 8690 8410 4408 7377 1315 1326 6970 8914 5806 9195 6953 4186 5915 2735 229 2723 6392 5793 960 8765 8843 5009 4596 8801 0 5217 8855 2224 6624 8522 1896 9537 3224 4129 3947 8287 3141 2502 7867 7815 2995 768 8746 1757 3202 9671 2333 4351 4046 3381 3518 6332 1354 7284 9910 6643 1155 7565 2281 1794 5909 6535 7997 5640 7345 8797 3558 2322 5882 2238 5158 1625 7080 7639 3767 2918 7917 3641 832 399 5368 494 2553 7691 607 5641 4270 8725 6975 8957 5896 7811 3318 2105 1815 2589 3483 2253 4430 3346 9760 7939 4187 1652 508 5713 9773 1148 4589 2296 6189 1884 7106 5857 2599 1246 976 3346 1983 6598 3321 6688 9212 3627 2379 5031 5199 8916 2659 7672 5292 9802 8707 2427 3679 8219 8715 1148 5830 8994
3435 3471 6859 5894 6607 9590 6515 791 4947 6585 6121 9758 4006 9242 855 7740 3236 6267 7565 1353 6112 1467 2649 6668 9954 4325 8495 3154 5237 4868 6029 6993 3915 6948 5217 0 2872 4030 9746 6010 83 8584 1222 6396 4649 7112 1531 5570 8998 4014 6479 3388 6126 1457 3613 8775 4858 8528 8214 2360 3568 3445 7567 6281 8585 6955 8897 7207 687 8137 8935 3437 843 8696 994 6490 2503 4201 8901 8253 7097 8904 5334 4865 1320 7106 9648 8573 844 4010 5801 1147 619 1575 9411 4360 602 9148 2915 3819 5077 9413 8474 9317 2906 9466 8677 8806 6229 4340 204 6666 5718 9430 6471 6794 6507 1878 2726 960 2859 2551 7437 2524 796 444 7114 68 7408 4683 6265 314 8161 3458 7619 9428 2146 8527 8180 6129 4718 1391 9492 7063 6163 4936 2334 2338 8655 1664
7040 5868 1243 9087 7922 8863 1409 8683 1631 8970 2588 4398 4712 314 6976 5332 5988 6849 3633 7443 7441 3113 2178 4115 8364 6978 403 6953 5053 2032 3335 9677 5746 4170 8855 2872 0 3899 8486 8333 1225 9052 6970 5609 920 9404 6758 3560 7643 4607 7703 1064 6528 2039 6398 3551 7564 6207 4005 6236 7951 1336 7818 3605 415 3590 9674 6438 8085 2765 4076 148 2307 982 522 4416 8173 6868 1025 5397 3941 4590 4570 720 138 1706 6117 9427 4687 5975 5218 4534 4389 7833 5781 7401 8404 5044 5218 5033 7973 725 271 51 9662 9036 162 2085 8652 4792 8779 7596 8357 3598 5184 7760 3996 2795 570 4536 8995 7552 636 978 7415 3094 5405 2570 3142 8294 7237 1901 7830 6354 2321 3634 2599 9219 3533 5290 9515 4460 4248 394 5369 3891 2988 8179 2429 620
4589 7862 833 3817 8738 313 8402 7527 9276 4672 2265 3038 5131 54 1183 8161 4905 2738 8744 4984 8352 164 3212 8882 3285 3464 6498 1232 7390 4559 3655 8921 6616 9689 2224 4030 3899 0 7178 4812 7532 7131 8903 4465 4824 3479 7396 8483 421 9171 7159 4068 5655 8395 9984 8691 5196 7606 7579 7282 7463 8148 9138 8248 1874 4364 326 2264 8230 8210 735 4553 9970 8083 7404 6463 5111 6327 5660 7398 7779 6932 8160 4954 4209 1619 185 9766 1622 972 7810 5709 385 2411 394 6582 7885 8456 8720 5300 975 2227 9841 5027 8406 4220 1399 4848 1061 2792 7930 7887 9916 3255 7943 2968 3003 9353 9066 3344 3932 7009 4036 6941 4479 1989 5407 2703 5376 807 1873 4959 8959 2476 2210 454 6418 8124 5681 1887 160 9156 4318 6442 3158 3993 1338 6595 8008 1932
9387 8794 1142 9482 5879 3304 2864 1699 696 4746 3890 5098 9339 1973 3203 8121 649 8397 8590 9367 7691 3474 8332 1278 4637 4007 9985 3405 6864 3018 8123 6118 8668 3837 6624 9746 8486 7178 0 22 6213 5454 9378 324 5425 552 7771 7841 7096 7368 5857 366 6986 9195 5575 6025 8585 4766 1477 374 717 8414 1255 2686 4525 5394 7495 2215 8108 255 9062 3607 7943 6756 6709 2593 8156 2085 1021 7626 144 8273 5689 1260 2321 5877 7554 7469 9509 9322 9213 4831 9503 8193 4828 7810 8659 89 9138 1806 9830 589 9770 1038 9618 1827 1408 9109 9570 6571 9230 959 4765 8372 906 9134 2354 2385 9930 3566 6452 512 9330 4830 1296 7677 4656 1012 3141 4426 3365 9303 8371 8657 1945 9118 4873 7347 3048 9054 4156 2492 8364 2806 360 735 1567 7230 400 4665
3431 5552 5255 9435 3745 3031 3591 8090 9152 1884 4646 8831 5558 2888 6725 6263 5749 7703 90 6379 7386 5567 811 2117 2244 4289 2992 921 8097 3767 8834 7593 4091 463 8522 6010 8333 4812 22 0 5081 9843 3817 4939 3512 3316 4779 9697 3853 3768 1684 1579 4889 4761 5897 1392 8067 8580 6822 6031 25 7923 1 3536 3071 6398 7879 4515 6776 7983 7023 6962 7044 6252 7380 300 9211 7040 7194 7403 9234 3008 2324 1969 4173 8827 3635 9113 9053 2430 6814 3507 1810 5123 920 3398 9297 3775 4471 6790 2475 9307 6724 669 9555 8291 2261 6600 8218 4382 9499 6664 2871 5940 4839 620 9513 7762 163 6941 6029 1114 6957 6216 6889 8870 786 1729 8317 1455 4092 366 9536 5451 8449 3527 2099 6972 9341 5431 749 4330 3689 5890 1454 3938 2896 4099 8930 5069
9011 6032 7122 4230 8474 9391 3003 3508 8111 4787 8939 5785 6499 8263 3495 1559 2018 8607 1696 7639 4294 1527 4049 7336 7370 3341 1425 1691 6738 2663 4716 6407 4333 2496 1896 83 1225 7532 6213 5081 0 3153 6579 5365 5698 255 2614 2022 8010 4649 3315 9242 8932 3488 2624 4328 5458 5353 3911 6337 2987 6609 1006 3020 7873 8965 9607 2032 4679 8052 8138 5554 6834 8488 6208 8817 9775 7179 6451 3162 1098 2494 1804 9431 2053 4111 7395 3614 3043 5403 7407 8994 8516 3261 4599 8367 5025 6037 1587 3686 402 4655 5174 7819 4580 8741 7066 5456 2957 5690 9390 9174 6392 7085 3297 8763 3518 3623 4801 576 5042 5016 7151 7373 4211 9153 7097 4525 2235 6725 9138 5197 4961 8459 2088 9866 5040 6741 2679 1264 7255 2465 5950 9154 2984 6340 8291 9343 5432 2635
7575 3228 9598 3053 2499 590 7566 7282 3003 7059 4621 7027 3493 5560 4916 737 346 8704 4931 8538 4854 6981 9177 8761 1871 3395 5501 6741 1332 9934 1029 2803 3751 3013 9537 8584 9052 7131 5454 9843 3153 0 949 5118 1285 9202 5790 8221 7611 3173 2048 679 5781 945 826 8908 6311 77 6650 1374 4228 5485 9244 3287 1354 4995 4180 557 3771 2884 2037 8559 3845 2930 28 258 1430 613 9402 5681 2448 2219 6732 6252 4975 9315 5737 3689 1007 4017 9779 1570 719 4717 514 9450 1281 9724 7416 7625 165 6672 5503 6487 6615 9572 8796 6470 4877 2550 9259 5262 4915 7611 942 6480 1114 8077 7586 2926 2982 9531 20 6016 591 7745 9965 458 6107 5111 8795 3092 7786 1350 9909 3666 9772 2388 5210 143 5356 8414 8372 1513 7870 8625 6352 8832 9360 9936
5340 2020 6097 2944 7138 9957 43 7892 798 6627 8689 7581 8044 2341 8937 3802 7968 592 1282 9528 8264 720 9015 7957 9768 6332 6031 3305 4858 5778 6354 133 773 7049 3224 1222 6970 8903 9378 3817 6579 949 0 6512 5038 7653 5339 7043 6029 8547 4848 7930 7086 5704 4512 9485 539 6198 5711 8831 9031 5231 6096 1959 338 5443 7012 62 9929 5462 9093 1457 2509 3521 9679 7452 8022 4201 2154 396 9746 112 358 5596 9789 5786 3247 8877 3368 122 3618 6568 328 7635 3800 8160 4154 7111 6369 4312 9942 5737 8406 5788 9116 6378 538 2251 8158 9378 9565 5106 9186 3703 5543 1243 7912 8134 1599 9444 570 8101 3067 1056 2697 1022 6114 2618 8606 6608 5026 7031 1819 1274 9416 3419 8171 5615 7668 4763 4571 1123 7288 8340 1573 747 4333 9469 6934 9021
5781 7353 7361 620 5968 5397 4920 4877 1810 8848 6057 6781 434 8978 6059 4024 8905 8058 1038 1868 4466 627 8971 647 7404 2758 6984 656 5286 6500 7470 29 1799 6927 4129 6396 5609 4465 324 4939 5365 5118 6512 0 6434 6432 3006 996 4930 8895 367 3131 69 7012 5171 2689 4985 2572 3539 8961 5413 9247 4327 3531 9798 2015 8385 3793 7013 5906 8270 45 5747 4143 5690 6319 1161 6633 5596 3374 6756 682 5667 7978 4966 8337 1916 3562 731 7831 7755 2443 3377 8906 8817 1321 7986 151 9381 8543 1496 3207 9747 991 5700 6057 358 1454 4939 8260 5480 3540 6788 2684 28 9751 2556 8087 2249 4166 2047 8219 235 2321 6520 1329 1262 253 2338 4002 1446 6784 1752 1932 516 9151 4269 1112 7779 7008 7754 7520 1378 9346 1463 1170 7757 5370 7472 2778
5411 5204 5720 881 1127 5099 1890 6936 6756 8994 5915 7929 7021 6288 3955 3774 5920 9710 4002 7601 8454 5319 1729 5603 6440 4220 4491 1897 9956 7986 1968 8035 6183 7594 3947 4649 920 4824 5425 3512 5698 1285 5038 6434 0 8102 3344 6372 1854 9892 8589 4082 2661 927 7704 5505 8097 4779 353 6122 8273 5267 9081 5535 6299 4537 4625 4041 6369 3929 628 1290 2230 5316 603 8398 2211 7964 7515 565 9287 6284 5114 1217 9091 88 9028 9705 7931 2347 1767 1548 9813 3979 5775 9047 7276 6085 9104 3790 2102 2436 7865 4619 4268 7923 9753 766 255 6548 51 5180 208 5412 346 3003 5276 3279 1940 305 9971 8468 43 5495 6449 6209 1259 6078 9822 5220 5903 1986 6569 2265 7729 8267 9394 4072 1077 8358 531 8518 3733 9861 5886 7557 362 8717 6110 5469
3755 3399 5228 6730 1353 2584 8266 7167 854 3548 6900 2145 7455 2294 9337 9330 3788 13 3941 2151 1518 5016 276 1664 3357 4250 1836 185 6526 1774 3339 3862 3298 8217 8287 7112 9404 3479 552 3316 255 9202 7653 6432 8102 0 2650 9980 8658 4680 3657 250 1759 3201 5349 1137 2348 2098 3947 72 8352 5935 7984 7711 7147 4428 5897 246 3633 6154 1209 2617 6096 593 1658 6617 5801 637 6277 9530 2329 6865 6922 1894 8777 1048 4474 579 9161 4381 7862 5057 1620 4855 7360 8392 4349 890 398 83 6396 8394 73 6918 2046 8944 1039 7653 129 3054 3440 8452 2630 9470 9045 849 9776 6817 2244 1966 8131 8768 6279 6322 5628 433 746 7508 5104 5790 7281 347 111 2495 916 1236 9554 1306 9603 4157 9086 6704 4547 4183 9554 3026 5185 2173 7912 6358
2732 4511 1032 6489 7179 4168 5034 6949 8535 3049 1599 6442 2657 6298 9434 3161 7895 3468 2235 1408 1638 8772 7912 3317 2405 4975 8968 5653 4747 4290 1284 4970 3443 7429 3141 1531 6758 7396 7771 4779 2614 5790 5339 3006 3344 2650 0 7154 1159 2961 3256 2797 6040 2509 3542 9181 7490 5910 1376 1855 716 4314 6479 3599 8831 2905 539 8394 7331 9793 9510 4335 3917 8667 7667 7971 4047 4787 1126 512 8256 8260 6751 4364 9577 6927 5363 437 7489 4025 85 6206 7760 1469 4470 5607 4505 3097 191 9607 9761 7993 422 9240 4058 5847 4134 4392 501 5581 9720 3383 5584 5647 3826 6411 9269 2515 9914 3313 47 8644 2282 1876 2520 442 3205 7192 8011 2568 1691 1126 3670 4034 2728 8177 1827 5593 1716 6563 8180 3935 4894 9277 2692 8335 4552 2164 5062 399
7959 1194 198 8082 3620 5599 4103 426 3175 1089 7794 9363 1121 1388 2217 9773 5762 444 1193 6821 2534 2531 8382 5658 7307 233 7958 3114 5029 2707 7297 2013 5714 9900 2502 5570 3560 8483 7841 9697 2022 8221 7043 996 6372 9980 7154 0 5396 6334 3716 1924 4210 4380 7466 4100 9475 2800 5652 9743 7675 7199 279 1278 40 9576 2212 776 9152 2911 5062 5010 8539 3474 1429 9309 4116 6159 4835 8877 4268 6855 4005 2902 9731 5792 4615 5913 642 4974 7943 7424 2430 9955 530 8820 1646 1116 9684 8412 2488 9853 3681 8583 8011 6969 3075 8122 1178 7391 1709 6061 7084 5462 8758 6266 3087 690 4645 295 6377 4873 681 7442 1971 7074 1200 744 9984 7760 2759 5885 137 7842 3766 9526 4522 9146 2314 4801 1281 3401 3982 1566 2967 4280 4207 7347 2249 4044
154 5964 7493 443 4191 6881 9192 8193 2173 9791 5713 7088 7115 6909 8501 3677 109 7497 5622 3317 1616 481 8971 5115 2222 6960 2904 4197 181 6288 2167 2710 2076 5199 7867 8998 7643 421 7096 3853 8010 7611 6029 4930 1854 8658 1159 5396 0 3625 7523 1928 3265 9782 8439 9364 3735 3780 3544 8764 1392 541 26 9572 3577 9531 6419 3113 2288 5358 5652 8240 1171 6355 5621 5254 1504 5066 7070 7886 901 6178 3560 1258 2919 4182 2989 7568 2671 4245 710 189 4600 3375 8146 8023 8977 8469 9959 2323 2295 2235 9027 3279 7115 8826 1963 5880 7658 4677 6053 2223 896 7108 3202 9904 2581 3976 3318 6719 5171 539 4227 2908 5331 1125 2880 5232 1047 2441 8830 668 9281 4432 3142 1776 7921 1412 4717 1565 8127 4991 8120 3953 9047 8841 8993 4897 4857 306
8390 1081 8172 793 9177 821 862 7890 5190 9780 6001 7808 7025 1300 2920 759 9460 2924 4414 2752 2275 9638 2377 5190 7328 8850 1006 443 5841 68 9879 1529 1575 598 7815 4014 4607 9171 7368 3768 4649 3173 8547 8895 9892 4680 2961 6334 3625 0 8666 2082 9746 3120 5725 5319 6674 602 8308 4104 7872 2777 9696 13 3201 7389 3581 1152 9073 4097 4909 4114 4513 4565 4650 8890 8199 4128 6703 8701 670 7553 9689 7110 3447 1444 884 7902 4319 6574 8000 7633 4194 568 1764 9947 9136 1409 1309 6142 6529 9104 150 4776 9645 105 5706 7568 9044 4536 8939 2168 8006 6320 2580 2592 6019 8288 5620 8292 4722 6190 9754 824 4727 5660 2675 9112 9859 4378 2484 7940 402 5064 6575 8017 3270 9190 1328 4565 9979 1802 9177 868 1259 2968 4666 6264 496 3530
8384 8219 116 9953 1498 9073 7164 2800 3042 9101 3013 590 9579 9627 7553 2761 212 7925 6398 8589 9389 6635 2788 4372 4135 9566 5812 6454 189 6448 9113 1323 6249 8020 2995 6479 7703 7159 5857 1684 3315 2048 4848 367 8589 3657 3256 3716 7523 8666 0 4273 2987 5583 75 7507 7062 946 7720 5631 6267 5712 9496 7392 2204 4538 7700 6535 6232 6565 2686 7869 9988 153 3654 4014 6255 8897 5507 5089 5763 7106 579 2226 2276 8793 5221 3173 8930 9462 3693 9063 6871 4103 6580 8323 3260 5572 3582 5801 5070 3049 6253 2258 6757 270 8309 7938 1778 2693 3419 8503 3174 3501 9493 1707 1235 6905 242 2017 1973 9737 9906 1899 5588 8258 3893 9485 6136 8345 7787 2215 3871 2986 6363 7388 3377 6975 7371 6577 8443 7656 2071 1156 5299 333 4074 827 2717 6566
3847 380 2608 7509 7068 821 6539 8980 753 9452 3630 6716 3835 3196 4240 3703 3044 3874 3411 1759 7237 9027 7154 3640 1053 6058 4527 9001 108 4518 2006 9354 4098 2830 768 3388 1064 4068 366 1579 9242 679 7930 3131 4082 250 2797 1924 1928 2082 4273 0 9573 4464 6617 409 3283 3783 2701 3770 7277 6665 5605 9478 7 8799 2392 4444 941 9681 4214 5747 6232 8478 4946 6957 9657 1561 5929 1760 1253 5282 6807 3756 938 1850 3356 9413 1125 7089 7522 9502 161 6418 9446 9017 2224 9805 8404 9585 9375 2023 9203 2205 4713 6794 8712 3438 4318 3024 4329 5092 2600 832 5671 8835 3212 3371 3321 8681 8136 5296 5973 674 1644 7217 8702 5953 5553 2405 1331 4111 227 7777 2734 7758 6865 7701 7235 1838 2064 3952 6835 3668 7717 7927 5371 3376 4971 1814
2649 5354 2056 4910 862 4072 1225 8894 1911 7419 1761 8521 2992 2718 6016 5791 917 3840 3707 4690 7354 3374 4065 6532 7341 8575 7029 5000 653 1950 8578 2114 749 4968 8746 6126 6528 5655 6986 4889 8932 5781 7086 69 2661 1759 6040 4210 3265 9746 2987 9573 0 7536 114 1331 7348 4463 6853 1330 9325 652 4994 5352 660 7474 4179 1475 2695 9837 8925 7525 7585 9919 7387 1321 3024 9750 7584 6717 8560 1690 7455 7166 3603 9019 7717 2328 1972 3086 5999 7415 7219 3926 9252 2832 5767 4780 6043 869 3025 3541 7607 8845 9814 3326 6800 3722 2803 939 4919 841 7159 6886 6452 9517 4589 7093 7074 9012 21 7127 1369 8853 7505 7435 6374 3114 4686 2241 5241 9984 844 6469 4676 6747 3795 4284 7803 4443 68 2124 5375 4333 8318 270 8210 9634 6776 4340
6786 2014 5060 8737 4191 860 8974 2570 1627 9054 7113 5003 4546 3178 1700 2496 8211 5712 1808 6309 3493 4323 141 8254 3882 3113 6320 9271 7030 5472 3564 9062 1599 1157 1757 1457 2039 8395 9195 4761 3488 945 5704 7012 927 3201 2509 4380 9782 3120 5583 4464 7536 0 4941 5241 5329 5229 8523 6991 8317 5151 7869 8992 9461 2689 9952 9609 5522 4365 8642 3370 7626 4848 7511 2932 2094 2610 8469 1699 1640 8018 3527 2007 9363 1939 1028 1396 3888 4176 4545 1428 2764 5914 4858 9559 1674 6704 3189 805 5842 8358 1595 7961 2687 9316 6827 3766 9837 928 1255 276 4022 2088 8470 9564 3809 3238 5715 2994 6636 9110 8895 4875 1910 1448 848 9027 3043 5099 807 218 6241 179 951 9703 5723 2370 5832 2523 700 3181 2353 3503 4647 6732 5677 3119 3497 2001
