50
0 4367 806 6988 1434 4595 5128 9313 144 8440 6811 5734 9658 8728 2961 214 9389 3321 2936 3672 1665 3449 1992 4381 9592 8446 5300 6293 6636 440 1102 9774 6954 1810 4430 8427 2423 7009 5967 361 446 892 7004 8705 6311 2639 6091 5987 9031 2185
4367 0 5881 6063 4179 8905 2321 2663 2591 2484 2447 1808 9642 2044 2622 5067 8237 9291 9411 1573 9182 8135 6761 7591 8906 247 951 3869 6924 2301 3878 94 3963 5855 3956 1516 7822 9649 6349 7034 5497 7804 681 3642 801 7415 8242 3913 616 9896
806 5881 0 2964 3247 1138 4256 1346 5433 1455 5551 1291 6940 5054 1215 8391 7322 4003 2534 2819 5002 7077 5313 1739 8413 7026 2719 9618 744 8155 2005 2565 956 4667 8304 649 5494 782 1678 8534 3133 8366 6626 2754 3750 3432 7099 4242 7436 1498
6988 6063 2964 0 3934 7652 58 3649 6526 1654 3250 6683 1438 8784 4713 5969 5488 4065 4361 5409 3646 620 6565 6825 7056 1132 2551 1389 1154 931 8896 3144 4311 1636 6265 8229 8002 4145 3178 1625 8120 9219 7338 4783 1039 9655 7758 2079 2315 1099
1434 4179 3247 3934 0 7924 7165 2081 412 3028 9472 740 1227 1849 5276 3932 880 3620 9551 4395 5701 2794 6008 6662 4537 2650 7172 7175 2943 58 2163 1498 8911 7056 3853 2545 4270 1916 1887 6235 1506 3620 59 2506 693 5793 1379 5014 9669 5215
4595 8905 1138 7652 7924 0 9159 9637 7241 9270 8735 3220 5098 8499 3345 7912 5527 2070 6122 5811 8363 9160 9634 3646 4545 8239 2108 8255 366 6861 7040 9794 3038 714 8713 4803 4518 1948 7305 6143 8476 7804 4079 8369 8888 6146 8913 4757 4801 6586
5128 2321 4256 58 7165 9159 0 521 4207 7906 5253 3488 7406 5864 5019 7454 5889 1412 5904 3397 3830 7080 4191 6003 274 4469 8985 997 5599 5908 6711 530 7167 9967 8597 5005 3756 5577 5520 7737 1778 3047 7989 1672 6050 3228 4421 7982 708 2148
9313 2663 1346 3649 2081 9637 521 0 5552 6883 7196 4727 6901 2545 5145 2521 3004 2585 5770 4602 993 4020 5431 601 2835 883 6999 6947 3150 2495 6138 8343 1955 1824 4450 7201 8364 6512 9752 4182 331 6421 6390 3044 6214 181 6091 1868 5260 5455
144 2591 5433 6526 412 7241 4207 5552 0 2076 574 3087 3389 333 9493 9383 3796 4813 1610 3279 3943 3823 7721 9600 9415 5275 1987 596 9365 5330 8454 9862 1474 8356 7540 2004 3889 3486 7217 5100 6823 5950 252 3739 1900 5438 6544 3938 6920 3990
8440 2484 1455 1654 3028 9270 7906 6883 2076 0 5464 9621 3941 6180 621 8514 9013 4976 4410 7690 7850 7664 223 890 6231 7568 3732 9814 2870 9817 7692 8984 6344 2618 1713 4259 7215 1490 5089 7567 3481 35 1105 1531 1490 3011 6044 78 7087 6723
6811 2447 5551 3250 9472 8735 5253 7196 574 5464 0 8319 7463 4739 5699 8455 6036 2772 1641 8365 8648 8089 1867 6091 4755 8864 3432 3612 6349 5861 5496 9862 9162 9229 4488 4652 1383 6051 1874 5997 8716 5366 2253 5381 1866 5547 2644 6838 371 5912
5734 1808 1291 6683 740 3220 3488 4727 3087 9621 8319 0 3641 6586 60 2653 3239 8708 7312 5909 6650 4233 3812 2823 7491 2696 6143 954 471 6170 3599 5255 6577 691 8143 8942 7738 3236 8873 2834 1105 2858 3051 4238 8220 2230 2812 8348 5144 4758
9658 9642 6940 1438 1227 5098 7406 6901 3389 3941 7463 3641 0 9021 8752 2195 7919 1823 2207 4484 5057 4931 3295 8948 9363 3640 7250 5238 9284 2068 5964 8086 7347 9008 2689 973 1744 1323 543 9698 8391 2418 4383 1150 2903 8531 382 258 3764 7209
8728 2044 5054 8784 1849 8499 5864 2545 333 6180 4739 6586 9021 0 1424 7437 8728 3910 2989 3326 5145 5551 9884 426 2157 5514 6106 1082 1182 368 1979 828 2616 4793 4566 4926 1431 3357 7212 9878 4602 9061 90 965 4690 3729 5044 1498 9046 7930
2961 2622 1215 4713 5276 3345 5019 5145 9493 621 5699 60 8752 1424 0 9841 2351 6256 8893 7602 6171 7470 3222 3611 4606 4435 8363 4059 2182 5007 6489 747 3671 1556 3559 7205 6032 7561 8353 5700 8212 7941 435 5848 6573 3436 2620 5692 8130 6652
214 5067 8391 5969 3932 7912 7454 2521 9383 8514 8455 2653 2195 7437 9841 0 2560 8595 2524 6964 3023 7730 8303 3434 3241 4075 5788 9356 1545 4320 4521 5711 1985 7903 4618 6174 9720 9480 3567 5172 7165 31 4958 4160 2258 9046 9052 9855 9229 2055
9389 8237 7322 5488 880 5527 5889 3004 3796 9013 6036 3239 7919 8728 2351 2560 0 2784 4785 1566 7132 7652 7154 7156 3098 1650 2558 6749 2823 8348 2442 5206 3623 7110 6356 4547 2439 1634 2997 9461 3112 2641 7783 9607 8809 3164 7203 8252 7964 1624
3321 9291 4003 4065 3620 2070 1412 2585 4813 4976 2772 8708 1823 3910 6256 8595 2784 0 273 3264 7279 627 9338 1669 8813 7132 3565 5020 9740 3739 9385 2817 5681 6089 1708 7863 1068 2582 5030 2513 4136 9022 1656 981 9380 827 3234 4069 3372 1377
2936 9411 2534 4361 9551 6122 5904 5770 1610 4410 1641 7312 2207 2989 8893 2524 4785 273 0 4188 4139 1413 4307 8017 2988 4102 2 4917 7561 3656 6087 3975 6775 1869 3661 135 1875 5395 1771 7409 8033 378 3694 3424 5746 600 5134 6360 6746 8740
3672 1573 2819 5409 4395 5811 3397 4602 3279 7690 8365 5909 4484 3326 7602 6964 1566 3264 4188 0 6430 3666 5119 6847 1190 8390 7220 7161 9582 8697 7798 4497 2919 6657 6679 3458 804 9170 3534 7558 9417 4015 9132 8333 1939 1308 6044 7059 145 217
1665 9182 5002 3646 5701 8363 3830 993 3943 7850 8648 6650 5057 5145 6171 3023 7132 7279 4139 6430 0 4241 7999 2585 3156 7700 2145 4918 7111 3351 2338 6440 42 4854 358 6257 7235 5324 8517 9784 3792 5516 1112 2099 795 1294 4701 705 4838 5008
3449 8135 7077 620 2794 9160 7080 4020 3823 7664 8089 4233 4931 5551 7470 7730 7652 627 1413 3666 4241 0 8943 2660 1893 1502 1116 4898 412 6040 2943 6470 8213 6798 2004 1929 8565 7601 4916 7980 7273 6276 1748 7132 3736 6227 3274 5271 7868 6204
1992 6761 5313 6565 6008 9634 4191 5431 7721 223 1867 3812 3295 9884 3222 8303 7154 9338 4307 5119 7999 8943 0 6441 8504 9112 4567 1794 9605 691 7355 4301 3326 2513 7216 6385 9986 4524 5921 2500 9884 8507 2806 6969 2435 4469 3900 2011 9188 272
4381 7591 1739 6825 6662 3646 6003 601 9600 890 6091 2823 8948 426 3611 3434 7156 1669 8017 6847 2585 2660 6441 0 6819 1339 554 7280 4960 9603 7206 1033 1676 1788 6636 4940 8292 316 6151 5965 2074 7755 1453 258 443 2475 8253 3644 1335 1483
9592 8906 8413 7056 4537 4545 274 2835 9415 6231 4755 7491 9363 2157 4606 3241 3098 8813 2988 1190 3156 1893 8504 6819 0 9056 3186 9901 8481 1154 2243 4745 6829 7226 4126 9600 3948 5124 768 9228 1598 8898 6688 5002 9791 956 1832 1645 7010 1048
8446 247 7026 1132 2650 8239 4469 883 5275 7568 8864 2696 3640 5514 4435 4075 1650 7132 4102 8390 7700 1502 9112 1339 9056 0 9373 3520 9627 4551 8141 4741 3058 9411 7161 350 4614 7477 9595 5330 4900 9018 4502 8341 1401 1542 8460 8122 5577 3749
5300 951 2719 2551 7172 2108 8985 6999 1987 3732 3432 6143 7250 6106 8363 5788 2558 3565 2 7220 2145 1116 4567 554 3186 9373 0 6041 1883 5187 8335 8255 4772 5047 6125 4053 6754 8406 4486 9749 9802 3949 7114 7620 4213 3342 2210 8972 2097 9142
6293 3869 9618 1389 7175 8255 997 6947 596 9814 3612 954 5238 1082 4059 9356 6749 5020 4917 7161 4918 4898 1794 7280 9901 3520 6041 0 249 1302 4216 2874 5904 4245 3178 6540 7578 2850 1572 4921 1711 3021 7792 8661 6874 706 3131 6423 6406 6960
6636 6924 744 1154 2943 366 5599 3150 9365 2870 6349 471 9284 1182 2182 1545 2823 9740 7561 9582 7111 412 9605 4960 8481 9627 1883 249 0 3206 6137 9203 4682 6592 9331 6550 8444 6483 3078 6398 2307 8393 5531 9112 7628 600 1336 3942 1246 9149
440 2301 8155 931 58 6861 5908 2495 5330 9817 5861 6170 2068 368 5007 4320 8348 3739 3656 8697 3351 6040 691 9603 1154 4551 5187 1302 3206 0 2825 5888 4385 7523 7787 5446 5119 9852 6036 3013 8943 2896 2790 1451 2550 9305 8685 3473 7838 5514
1102 3878 2005 8896 2163 7040 6711 6138 8454 7692 5496 3599 5964 1979 6489 4521 2442 9385 6087 7798 2338 2943 7355 7206 2243 8141 8335 4216 6137 2825 0 1678 8595 2535 2351 9025 3664 5391 4728 4958 1345 4382 3374 6468 198 7135 3603 6224 7640 207
9774 94 2565 3144 1498 9794 530 8343 9862 8984 9862 5255 8086 828 747 5711 5206 2817 3975 4497 6440 6470 4301 1033 4745 4741 8255 2874 9203 5888 1678 0 7218 6146 6 1538 3742 6605 4144 3940 397 9724 1630 7569 6873 9535 8258 1478 4033 7346
6954 3963 956 4311 8911 3038 7167 1955 1474 6344 9162 6577 7347 2616 3671 1985 3623 5681 6775 2919 42 8213 3326 1676 6829 3058 4772 5904 4682 4385 8595 7218 0 4697 3488 958 6098 9402 521 2041 9680 344 9611 7948 9007 2399 6530 2529 8843 7583
1810 5855 4667 1636 7056 714 9967 1824 8356 2618 9229 691 9008 4793 1556 7903 7110 6089 1869 6657 4854 6798 2513 1788 7226 9411 5047 4245 6592 7523 2535 6146 4697 0 4355 5664 6539 2633 3134 1474 9389 5502 9817 7105 3174 4745 9285 5343 776 8207
4430 3956 8304 6265 3853 8713 8597 4450 7540 1713 4488 8143 2689 4566 3559 4618 6356 1708 3661 6679 358 2004 7216 6636 4126 7161 6125 3178 9331 7787 2351 6 3488 4355 0 6080 8304 1673 624 5460 4164 4263 4490 7046 8582 7298 7364 7565 7652 9283
8427 1516 649 8229 2545 4803 5005 7201 2004 4259 4652 8942 973 4926 7205 6174 4547 7863 135 3458 6257 1929 6385 4940 9600 350 4053 6540 6550 5446 9025 1538 958 5664 6080 0 5205 1798 2871 1857 4066 2091 3432 2223 3425 8077 5477 3081 5460 7301
2423 7822 5494 8002 4270 4518 3756 8364 3889 7215 1383 7738 1744 1431 6032 9720 2439 1068 1875 804 7235 8565 9986 8292 3948 4614 6754 7578 8444 5119 3664 3742 6098 6539 8304 5205 0 7897 762 2841 948 2858 7307 1245 1102 7414 505 292 7876 6751
7009 9649 782 4145 1916 1948 5577 6512 3486 1490 6051 3236 1323 3357 7561 9480 1634 2582 5395 9170 5324 7601 4524 316 5124 7477 8406 2850 6483 9852 5391 6605 9402 2633 1673 1798 7897 0 8260 1411 6777 3800 2265 820 9605 6731 3896 5560 4994 8052
5967 6349 1678 3178 1887 7305 5520 9752 7217 5089 1874 8873 543 7212 8353 3567 2997 5030 1771 3534 8517 4916 5921 6151 768 9595 4486 1572 3078 6036 4728 4144 521 3134 624 2871 762 8260 0 6811 6472 938 8279 152 5292 611 9942 7064 3318 3629
361 7034 8534 1625 6235 6143 7737 4182 5100 7567 5997 2834 9698 9878 5700 5172 9461 2513 7409 7558 9784 7980 2500 5965 9228 5330 9749 4921 6398 3013 4958 3940 2041 1474 5460 1857 2841 1411 6811 0 5499 197 439 1536 908 6928 8026 8078 6121 1616
446 5497 3133 8120 1506 8476 1778 331 6823 3481 8716 1105 8391 4602 8212 7165 3112 4136 8033 9417 3792 7273 9884 2074 1598 4900 9802 1711 2307 8943 1345 397 9680 9389 4164 4066 948 6777 6472 5499 0 9598 6201 9509 5170 205 6283 4286 6707 1072
892 7804 8366 9219 3620 7804 3047 6421 5950 35 5366 2858 2418 9061 7941 31 2641 9022 378 4015 5516 6276 8507 7755 8898 9018 3949 3021 8393 2896 4382 9724 344 5502 4263 2091 2858 3800 938 197 9598 0 8186 8885 8634 6153 1698 8060 1604 6625
7004 681 6626 7338 59 4079 7989 6390 252 1105 2253 3051 4383 90 435 4958 7783 1656 3694 9132 1112 1748 2806 1453 6688 4502 7114 7792 5531 2790 3374 1630 9611 9817 4490 3432 7307 2265 8279 439 6201 8186 0 1674 8159 7081 8267 9800 407 1897
8705 3642 2754 4783 2506 8369 1672 3044 3739 1531 5381 4238 1150 965 5848 4160 9607 981 3424 8333 2099 7132 6969 258 5002 8341 7620 8661 9112 1451 6468 7569 7948 7105 7046 2223 1245 820 152 1536 9509 8885 1674 0 9816 7694 4983 749 9922 6902
6311 801 3750 1039 693 8888 6050 6214 1900 1490 1866 8220 2903 4690 6573 2258 8809 9380 5746 1939 795 3736 2435 443 9791 1401 4213 6874 7628 2550 198 6873 9007 3174 8582 3425 1102 9605 5292 908 5170 8634 8159 9816 0 9768 4531 45 7775 4055
2639 7415 3432 9655 5793 6146 3228 181 5438 3011 5547 2230 8531 3729 3436 9046 3164 827 600 1308 1294 6227 4469 2475 956 1542 3342 706 600 9305 7135 9535 2399 4745 7298 8077 7414 6731 611 6928 205 6153 7081 7694 9768 0 5756 9453 7676 6207
6091 8242 7099 7758 1379 8913 4421 6091 6544 6044 2644 2812 382 5044 2620 9052 7203 3234 5134 6044 4701 3274 3900 8253 1832 8460 2210 3131 1336 8685 3603 8258 6530 9285 7364 5477 505 3896 9942 8026 6283 1698 8267 4983 4531 5756 0 1695 4849 9885
5987 3913 4242 2079 5014 4757 7982 1868 3938 78 6838 8348 258 1498 5692 9855 8252 4069 6360 7059 705 5271 2011 3644 1645 8122 8972 6423 3942 3473 6224 1478 2529 5343 7565 3081 292 5560 7064 8078 4286 8060 9800 749 45 9453 1695 0 860 5436
9031 616 7436 2315 9669 4801 708 5260 6920 7087 371 5144 3764 9046 8130 9229 7964 3372 6746 145 4838 7868 9188 1335 7010 5577 2097 6406 1246 7838 7640 4033 8843 776 7652 5460 7876 4994 3318 6121 6707 1604 407 9922 7775 7676 4849 860 0 5028
2185 9896 1498 1099 5215 6586 2148 5455 3990 6723 5912 4758 7209 7930 6652 2055 1624 1377 8740 217 5008 6204 272 1483 1048 3749 9142 6960 9149 5514 207 7346 7583 8207 9283 7301 6751 8052 3629 1616 1072 6625 1897 6902 4055 6207 9885 5436 5028 0
