150
0 3135 8482 2800 3501 1136 193 1643 1489 3502 8829 4638 1384 7331 7763 9871 8456 7882 5865 9496 401 5718 291 2111 68 7440 4033 1416 7519 5395 4286 2210 7245 9839 4605 2483 4955 256 6103 6542 1370 8357 219 1985 3943 263 4861 4109 1231 3239 1056 3574 246 2166 6909 9090 6882 22 3477 69 7017 9745 3021 7655 9594 8559 1259 2207 2068 5524 9008 126 6957 1454 986 7770 2962 538 9654 204 2959 8957 7838 6572 8553 9709 2693 1203 5415 4221 4841 4748 6890 1325 7810 7983 7287 5864 8689 6322 5263 7009 7604 5409 9865 8333 6531 4813 1140 2368 2388 2324 7231 3110 5924 9015 3644 4766 6814 1282 7788 6753 9039 1139 7604 9145 790 9542 9340 1920 6013 8135 2847 3151 4520 1889 2949 3696 1279 5338 1221 1384 4630 4302 3028 256 9532 5705 9000 6356
3135 0 6336 7751 6431 766 5240 9261 9240 1176 2706 3512 4477 8119 2232 6124 1184 1363 2691 1396 2890 4844 2644 2855 3664 3697 8256 2218 8929 5911 4687 8468 4922 799 6696 3555 4121 7446 4342 3835 9612 8653 1660 8706 8732 6090 7525 4175 8361 4817 3508 2057 2710 9528 1676 8129 7654 2269 2479 6582 483 1268 9522 7850 3530 2088 3763 6524 3030 8013 3928 8669 5472 7831 1400 9938 767 9228 5278 9635 2090 2720 1680 7515 4084 672 2217 8718 3879 7433 335 7589 2594 5374 7303 151 7769 274 6055 4598 1693 6669 2983 9780 3639 9538 5045 8045 5891 537 8900 6356 2169 8637 5286 6032 6912 6067 8178 4237 2776 4917 6908 2869 8203 3333 5428 7707 44 6475 4128 8285 5581 7027 6688 790 1270 9345 4866 6916 1818 6432 1646 6785 3652 1940 1835 4586 6038 2479
8482 6336 0 8884 1322 8530 9980 3263 5460 4637 7261 2610 3180 5650 2528 198 3284 667 3346 4220 3275 830 9725 5677 2563 6760 6898 4590 255 9831 680 9517 4859 4101 9496 3521 73 6420 6502 6632 9846 2090 4629 2188 9170 6385 4455 1764 4477 680 4537 6869 4155 7587 5820 8344 7874 2746 3120 6071 1014 6398 212 7982 762 5673 4869 1442 4477 288 5040 1409 1218 7662 8407 6615 6984 3051 289 3544 1883 2779 8559 1659 5715 5121 2779 7457 6523 7993 7162 7177 3500 323 8369 4418 852 2121 2366 8699 7702 681 3192 9905 1802 8678 7212 5143 452 5999 5870 5609 6713 6225 9038 8510 4671 1647 2324 5979 7121 9349 9011 3472 3819 6865 6558 1916 3726 2137 5110 4431 658 9936 7775 5638 4965 4716 1863 7457 7912 9949 2222 6763 7803 4682 201 8725 4348 3883
2800 7751 8884 0 4595 3572 2245 9548 1457 4609 2850 5087 6140 6540 1910 3289 6902 3816 2232 286 7643 3428 3219 4260 8357 1891 9649 5225 4882 8597 8071 8079 8953 5680 8404 4864 197 3045 1037 6466 6275 1784 7990 3611 4709 9898 6025 1345 486 2819 3806 9077 6765 2921 5874 5414 4944 1715 2391 748 6714 5549 2159 8391 5760 439 2558 2867 7497 2882 2274 4845 3667 1021 288 7814 8823 6236 5800 512 6026 5822 9095 811 2269 5535 4000 9962 5123 859 8341 1230 3417 8586 3928 2831 5810 6981 1012 8775 173 1688 8888 7058 8477 3004 7668 9095 5930 3044 6186 4358 3980 1344 7236 8096 1757 6341 7308 4206 2246 7522 2493 9158 3906 6426 1229 5573 3383 5972 7531 2587 1763 6402 3898 3327 5661 4645 7631 6209 6181 484 9640 9429 4076 9677 3169 6179 1840 3061
3501 6431 1322 4595 0 1302 8563 2652 3724 6653 4007 5347 3960 309 5874 9939 3343 3896 9156 216 1567 6527 2114 6134 1567 3294 8935 2007 1933 5526 6417 56 19 6051 9795 1296 7120 8585 754 5233 8944 6138 4599 8336 2320 7832 8842 3326 3605 2067 6942 5784 5151 8604 812 9132 583 7586 3074 468 8948 3676 5747 5572 4393 528 1325 3786 2762 9046 6497 6473 4262 4807 4063 6172 8010 1257 8597 236 8684 761 5519 4374 5462 9837 5029 6700 2724 6824 6786 6821 5246 2888 4090 5058 8831 2319 7293 7841 4362 5841 3367 1845 3438 1911 263 8801 2047 1970 8089 2378 4228 7256 8069 8087 6741 8815 8631 9045 2325 1288 2555 1364 4834 5598 5869 8201 414 8040 3424 9948 9017 7917 9495 6183 3340 6637 5965 7115 3049 8582 4739 18 5472 2646 3228 4965 1658 2706
1136 766 8530 3572 1302 0 6438 1770 8950 4335 7338 8062 3342 8163 3330 2448 1483 9373 596 2677 8959 1250 3214 7389 1577 7562 3387 5826 3740 7592 8172 5742 9321 2484 4465 2164 9112 4124 4093 2290 5859 3214 8495 5719 7758 7289 742 9675 2879 1856 1310 1406 6564 7230 5337 6034 1213 6871 7818 9677 7098 950 2940 260 5396 9718 1243 5553 6572 1870 6143 4393 76 1128 8908 6807 8829 4479 2974 8538 2042 7840 4528 2290 4040 4876 8756 1552 9706 5960 1887 8352 8042 3141 1063 7050 2954 2995 7644 189 7907 6089 1936 9876 9847 1727 6367 8673 430 3703 1650 426 2121 9349 4812 7167 8728 7468 8353 7805 2942 928 5239 1813 1258 9063 6388 4797 8370 1036 5295 5592 6375 4753 9534 6457 8409 7761 5163 2248 9715 9462 8518 667 3485 7654 1469 7662 4626 9186
193 5240 9980 2245 8563 6438 0 5149 6251 1643 9021 6026 1807 3005 1149 4692 9794 6750 9809 2511 7762 8343 5470 8415 174 7189 3959 2558 6686 2691 7886 1493 4829 6786 8134 6845 9313 9424 5863 3061 4651 5036 5123 2144 9717 2823 9390 3406 2641 29 1982 5194 4948 3854 1106 6743 9767 220 7437 1438 5618 2087 3 7522 6073 2568 2848 3576 8109 37 7822 1654 126 4202 8550 6204 1885 9454 3361 4505 5055 1675 3857 2532 1167 5466 1347 8414 3859 6670 4210 9016 9655 6929 1842 6912 9516 3851 2926 6247 2672 8507 3864 5748 44 8341 5442 9649 1024 8931 9820 7919 8547 9629 7809 1799 4506 3897 1990 3585 3191 8174 6095 5289 9595 6688 1599 1113 9090 8091 5914 7548 181 5834 2964 627 527 9579 9740 9012 178 4485 8139 9060 2943 9666 5893 6493 4059 3854
1643 9261 3263 9548 2652 1770 5149 0 1788 4804 8175 9816 6070 2249 4189 417 2064 9397 7109 3067 8572 617 3561 7162 9198 2574 9119 8519 7597 2733 6787 2775 3769 1296 3390 415 2623 413 2709 3712 7521 7682 8884 945 1583 163 2869 4304 2860 2881 7826 4719 8690 2087 1425 3822 8798 8477 4463 4071 4104 1116 4212 5767 5043 7715 5792 4271 2572 3745 9978 753 3801 2894 2268 4225 3960 2463 7896 523 1102 2179 5770 2526 700 4940 9074 1011 1637 9452 2700 8436 7475 1102 87 3175 6047 6338 3883 9685 7534 150 8204 5673 4845 3377 3707 934 9047 8008 8408 8804 6430 9978 9357 9614 298 4667 6076 4145 3869 4190 4971 1144 9624 4057 5095 5141 2490 1681 8279 4487 1869 4349 5133 224 9374 1074 3516 5853 2520 5933 7897 906 4556 2505 3954 7841 8512 8973
1489 9240 5460 1457 3724 8950 6251 1788 0 1849 4098 4812 9815 6564 3257 7643 5659 1407 5908 4254 3674 6446 661 395 8570 9935 7743 3017 3843 9118 7749 3876 9675 3135 2818 8298 175 8307 456 5185 9122 7789 6110 1895 4679 9068 7749 4426 8963 884 6616 9042 7738 4122 333 1506 8381 9190 8569 7261 38 3846 1790 2177 471 8453 6357 4948 7496 2679 4010 8147 6094 7239 1057 1079 3056 8718 2255 174 6834 7741 4575 1406 5184 5000 2074 2472 3875 1025 2761 1730 4695 279 7903 3686 2488 3315 3837 1763 9192 229 8381 3966 6483 1916 2078 1481 1410 8848 8912 5709 9966 6254 7557 549 4655 1186 2454 7689 909 7514 4473 8780 7630 741 4805 913 6071 7043 5479 8002 229 9576 8216 9826 7592 3974 9090 7775 900 817 4827 259 9143 5037 8446 5975 6591 7953
3502 1176 4637 4609 6653 4335 1643 4804 1849 0 5792 8017 8344 7521 4196 1017 8372 2510 4975 4969 6347 6128 1646 9386 5925 2213 1027 9637 2588 839 1105 321 5137 5218 7999 947 581 1592 3112 1026 9112 781 4979 7263 316 5410 8547 1861 7359 613 7352 5462 8099 4301 1096 2127 6114 8829 20 7322 3174 6986 892 6593 4673 6322 1353 3963 2233 3979 4175 7305 9295 4230 3658 4893 5006 1878 6418 8664 3378 3810 3463 3502 1066 1915 2054 1340 3755 7121 9787 1600 1130 1691 1205 1132 4293 7669 9242 8576 6917 9597 2773 4885 257 7777 6362 4583 943 1319 5250 5357 7022 8913 3102 25 2299 2949 7796 2061 7648 342 972 8305 7457 1964 653 9132 717 2391 5990 7317 4002 7792 6196 4697 34 1772 2720 6734 1561 9754 6645 2294 7683 7678 2104 8256 6998 3025
8829 2706 7261 2850 4007 7338 9021 8175 4098 5792 0 5844 6335 413 6192 2412 2399 2686 4471 8901 3633 1291 7967 5923 8964 3623 9785 165 3184 8245 7028 8650 7347 3955 491 703 1823 70 1438 4157 8220 7464 8758 1825 2850 3988 4509 3486 5144 5303 4539 2515 2956 8596 9836 887 8027 1127 3393 1443 6904 6886 6878 4101 9855 5083 2089 2645 3984 7749 9826 8116 951 6099 7739 3830 1546 9808 2261 7831 7819 3246 6673 5581 4789 2902 1865 379 3611 255 9746 5793 6047 4704 2775 3197 2466 7804 9637 5874 8275 6017 2947 9601 8787 1168 5467 4563 9910 2927 9205 228 2489 8548 3440 8403 6733 9269 4389 8303 6977 9558 1719 8469 7282 2106 3796 5988 4925 5338 9355 8376 8064 8575 5480 2977 3505 891 8669 5564 7493 2207 6361 6995 3127 800 6033 6938 3636 2872
4638 3512 2610 5087 5347 8062 6026 9816 4812 8017 5844 0 7365 2269 838 7138 4435 9788 2782 6954 5789 3100 9847 2964 8843 3944 9397 6258 6006 5810 645 2027 1686 540 4883 2494 8244 2871 193 6732 7871 5535 4511 1327 6656 7372 7253 9490 755 3625 2095 2822 140 8643 5609 5451 5120 5012 86 4315 464 8215 4939 1344 5131 9185 2038 6622 8625 4322 6519 711 6190 3389 1030 4968 8517 6903 5150 8110 3945 4508 7919 1754 5692 9301 5866 9307 1234 2990 7833 7253 162 2496 7251 6644 9120 8592 8284 3435 6845 8646 5223 4891 3034 8869 2909 3965 3381 5237 9487 2451 5923 6605 7048 9387 2799 4295 5309 3766 1742 1858 1130 7858 7079 5035 7514 8495 9631 6865 5450 3903 269 4245 260 8168 2969 9335 8719 5227 4729 6242 5958 6802 4012 9586 8675 7387 6459 3710
1384 4477 3180 6140 3960 3342 1807 6070 9815 8344 6335 7365 0 1791 9247 4788 7706 4985 2796 9997 1805 7429 5682 9293 4797 3771 7497 5345 545 2881 1221 8261 7624 388 6719 1848 4837 1203 3356 4849 5082 1133 5956 966 5788 3765 9262 5434 4991 5991 1819 7784 306 9055 5828 9796 3265 4708 1610 3447 4036 641 8695 1519 8459 7169 6658 1886 5347 2536 8283 8177 1898 6557 9960 1287 6000 3248 1099 5017 2614 1335 7904 2746 5209 8676 53 9589 1140 3834 8712 3499 7059 994 7519 7823 8582 1171 1764 3117 4619 4163 5108 2260 6004 2950 6147 4311 4966 332 3199 2501 882 8035 3632 2915 3925 1345 5407 3921 6815 2798 4140 5623 4895 4663 1385 1647 4791 1881 2720 6768 5644 6478 3436 3987 5352 9519 3869 6716 6306 1419 5308 5192 58 5830 2688 4278 1109 9184
7331 8119 5650 6540 309 8163 3005 2249 6564 7521 413 2269 1791 0 9146 6222 2635 5230 8548 3892 9285 5110 8713 7763 7250 1731 7894 4256 6270 861 3544 5419 1959 179 1746 898 9151 6671 7845 8647 7125 7633 8647 5199 7707 537 9757 2971 5427 5000 8414 2978 6548 4720 1920 1062 8402 1436 3033 9016 1462 2548 3267 3471 6085 2802 5655 9118 4722 6134 6244 697 3954 6062 9430 8948 5060 6300 5541 6867 1645 4544 24 2071 918 4161 7683 8244 4719 661 3679 1270 7655 4545 5883 2641 548 4003 6832 9171 8697 461 8437 172 9714 3621 7014 5792 9307 3577 5109 3718 5673 9808 5411 3929 2196 3395 6583 1630 2742 2452 9996 2272 5394 3920 9872 3031 7302 5614 69 2530 444 7893 657 4558 7808 7328 4533 3121 4638 2099 4731 6326 6559 3652 9846 7194 2073 1977
7763 2232 2528 1910 5874 3330 1149 4189 3257 4196 6192 838 9247 9146 0 8774 4718 2729 7866 4591 1518 8640 513 8493 7276 6803 3918 5100 5796 8960 675 1323 7152 5296 5075 7987 459 4885 3054 9973 6253 6962 2891 6007 7204 8691 2601 5252 8303 1076 8612 5558 4626 6412 4527 4737 917 7641 3919 3189 8159 2158 9613 4900 6310 7142 2445 4779 3421 9849 6758 5375 3238 8693 5115 3229 4357 5182 2198 2299 8795 7696 1931 2979 7890 3011 9932 6701 3762 7032 4202 9234 7639 1012 3105 2711 909 9377 9832 9699 335 4326 8504 8010 7662 8354 8916 6076 7434 1833 8315 4093 3441 8030 7317 4413 8756 4282 6727 2224 8569 8360 2174 1660 9336 6237 9473 27 9460 68 2018 6706 4369 1675 3999 2537 3327 2757 9717 3635 5890 3842 179 2357 1021 5058 1428 8097 1003 1605
9871 6124 198 3289 9939 2448 4692 417 7643 1017 2412 7138 4788 6222 8774 0 362 9938 5670 854 8774 480 6426 1779 4864 7437 6294 8637 8424 6745 5353 7434 588 2368 1146 8542 5460 3567 5587 7230 9956 5797 7657 7049 9576 3824 8109 9621 9049 559 9502 6267 2436 6669 7578 8548 3896 279 3717 332 4708 7329 9319 6437 5209 1406 6330 2884 4499 7465 3179 9192 5652 6848 9428 699 421 1539 7232 7137 8399 4200 7175 5566 1807 897 8178 3421 3051 4831 2558 9697 1783 4375 7262 3953 8450 9961 5394 4391 3677 7930 978 6904 1919 8289 1901 726 7887 8254 7811 7207 7068 7630 4611 7906 7817 4024 4971 3027 8238 9089 8817 3689 6335 5027 9938 4556 5184 6395 9747 8655 3634 4560 4414 6936 9548 1306 8478 7675 8765 4476 2044 6327 9391 2379 8781 4869 3613 8525
8456 1184 3284 6902 3343 1483 9794 2064 5659 8372 2399 4435 7706 2635 4718 362 0 7021 3613 8620 7387 2434 1772 7597 2783 8074 5307 9463 5182 9461 366 2486 7339 1670 5558 5256 1526 4806 3812 9915 5265 9022 7213 6440 8608 2944 9879 5981 9543 9913 9654 5448 5697 1100 7055 3434 1736 2012 3046 4198 4027 5470 3906 3838 1023 6862 2991 6156 2025 7107 8489 6801 6721 9765 5533 7989 1581 6545 9651 2293 8890 8559 9017 2998 969 3437 4623 1312 5876 6165 4995 7677 9478 2379 1467 3475 629 3837 7335 7948 7525 8551 4766 7577 887 5061 7411 794 6724 5194 6642 8718 2098 8459 218 5595 6860 9887 2866 7917 7214 163 470 4104 8612 2307 9701 9430 6932 5052 4522 9778 5969 907 4381 5436 2148 7763 9112 2640 618 8311 4449 8424 4538 2624 676 7807 8811 6445
7882 1363 667 3816 3896 9373 6750 9397 1407 2510 2686 9788 4985 5230 2729 9938 7021 0 6984 7400 2389 1653 9823 155 9653 5139 9745 1813 222 6254 343 3334 8934 3312 865 6047 1579 9710 1398 7493 5310 1697 7010 8045 2760 6676 9985 9178 6501 9076 189 8391 2213 2908 6112 1631 8483 1066 1966 1129 7061 1771 5258 8619 1183 6538 630 8818 4999 5003 455 3874 6985 4039 6505 2993 4198 6820 1084 3539 1316 940 5112 6989 358 3824 8163 1992 4384 8063 9394 4664 294 3877 1225 5276 5596 5984 482 3944 8235 5267 9728 650 7764 8651 6295 8561 5725 3208 7415 151 4907 5292 1249 6101 6609 822 8401 8685 5874 3995 290 2804 6885 688 7002 7500 1294 1197 6486 8602 3454 7263 4753 493 9706 5894 9543 2844 8846 614 338 2285 722 9785 562 2196 6551 6012
5865 2691 3346 2232 9156 596 9809 7109 5908 4975 4471 2782 2796 8548 7866 5670 3613 6984 0 9388 9343 9046 352 255 8635 8222 6843 8614 5160 7656 8697 2245 5204 4380 6532 5445 5565 7706 8971 9636 5294 5340 619 6480 5196 7324 414 1515 4562 232 830 677 4480 8963 8646 9696 2288 553 4474 80 1710 6632 58 3588 7018 1130 1880 3784 9657 119 4670 930 6678 4822 5904 1296 3462 4885 9392 4853 2912 2267 9107 1768 6226 8957 7783 9473 7690 3806 8289 7320 1643 4120 8273 7538 62 1962 9213 8551 5713 7443 703 7059 4706 7384 3432 3372 5846 8516 6074 5422 7747 4752 8511 8459 6945 9177 7871 1023 94 1195 4291 2378 8113 3370 51 8081 4327 1784 4843 4039 5882 9158 5448 2116 6100 4079 2865 4581 1444 8281 3897 1210 2105 6539 19 6548 8823 898
9496 1396 4220 286 216 2677 2511 3067 4254 4969 8901 6954 9997 3892 4591 854 8620 7400 9388 0 9304 1284 3912 4398 4105 2613 8517 332 4651 9237 9878 4167 4580 3617 4822 7933 1510 4068 6927 9547 9731 1622 6081 7912 1817 5412 9447 6381 6203 3902 5658 8174 806 7324 5027 307 3801 249 6681 2574 3367 8331 8890 4405 730 7977 5824 9145 5513 2231 5800 7983 5403 340 4753 5785 7129 3834 5511 4645 7034 2701 7389 2003 2586 2428 4995 5534 9747 3230 5223 8931 185 957 8634 830 8351 1797 8432 7550 1813 6991 3203 9364 3666 9527 1880 535 3431 918 3513 770 5291 371 3174 6728 2942 8357 5299 5870 7106 9212 8301 9909 5550 383 6540 2826 1171 8362 1725 7585 1053 737 8745 1414 5586 5796 6417 4619 8957 7613 8328 9970 2151 1744 8069 818 9726 1201
401 2890 3275 7643 1567 8959 7762 8572 3674 6347 3633 5789 1805 9285 1518 8774 7387 2389 9343 9304 0 3540 7764 2526 7272 4048 1283 9980 3254 1476 6597 6258 7468 3093 2431 2881 4505 3485 9648 8752 7375 8186 4839 6084 8580 3888 7916 2262 9193 1696 1424 4668 8364 2167 9335 9407 5131 2988 7059 4781 7329 1330 1625 2751 2352 2358 3410 6231 2675 1938 6226 2838 6847 7730 276 2986 3395 7475 9417 3321 9832 2713 3009 4924 8683 5241 7800 7710 4057 9872 3434 4759 1779 7851 3635 4794 975 7941 5282 2784 2952 3923 61 4340 9392 5025 1569 4135 229 3015 2501 3414 6412 1638 9607 1895 9596 3936 175 5824 5818 4842 6522 8888 7787 8707 6801 7117 6419 4 6364 3051 507 3618 1493 726 8464 5884 7362 1708 9319 7963 3832 871 9503 5346 6952 6964 5210 7666
5718 4844 830 3428 6527 1250 8343 617 6446 6128 1291 3100 7429 5110 8640 480 2434 1653 9046 1284 3540 0 8707 9433 5987 7839 6370 4628 8748 4535 8175 880 2326 7193 2265 9233 7947 1364 3041 3102 1267 3062 7026 8896 7393 6083 3931 5071 6432 1131 6970 6418 4638 1913 8511 9164 9707 3918 2039 7973 6024 8937 5628 3593 323 3888 5326 4135 1772 9486 75 1555 7880 5829 4798 9142 1956 5441 1858 7805 278 9759 4528 7440 5206 8306 3820 5299 5508 8403 6554 7121 5987 29 4081 9265 3573 8292 2610 3091 4551 6978 533 6059 1635 3376 9758 9076 9201 4970 6184 6336 6375 4359 9243 2002 3823 2931 4671 6607 3060 4924 9386 1662 2816 6521 896 5013 5300 6063 6142 9390 4870 9641 5671 8482 2555 1150 240 3866 4456 4751 8800 8819 9375 4796 6359 217 4426 8456
291 2644 9725 3219 2114 3214 5470 3561 661 1646 7967 9847 5682 8713 513 6426 1772 9823 352 3912 7764 8707 0 7192 3662 1343 1905 8698 2352 6376 9295 2744 9905 1472 3788 9239 3015 1752 9490 8120 9283 3401 971 2624 8261 3244 7048 388 5756 9137 3401 4108 3007 4346 8786 1176 7832 9564 9001 7329 2136 5354 4258 171 4860 8361 5323 3393 4354 2195 7443 6073 6944 5802 1017 6532 708 841 3756 590 9396 9519 9750 6902 628 9495 3961 4236 2671 9572 2522 7042 2837 5106 5258 2968 3895 8470 3281 6649 6390 6091 8102 7345 8998 4068 8210 8865 5127 4996 4665 7222 7067 4972 5166 9671 8649 3079 1579 9614 4579 9615 8121 9923 8472 1412 9419 1607 9407 807 2420 4783 8041 4444 9957 4582 2181 7911 5802 8899 7584 2373 2807 3124 9745 4740 4370 3101 1960 4542
2111 2855 5677 4260 6134 7389 8415 7162 395 9386 5923 2964 9293 7763 8493 1779 7597 155 255 4398 2526 9433 7192 0 4779 1156 4055 6662 8388 7945 992 4973 5230 5175 1777 3130 5952 6828 3205 1600 6296 73 1721 9914 8612 2356 8344 8659 4332 3905 8004 2905 7869 6877 2890 6458 6247 3124 4533 3557 442 9565 8363 3740 6090 4753 3803 8813 9122 8203 9039 750 4728 6955 462 5624 9775 3696 8117 1206 3902 8420 6991 1836 1553 348 4058 209 4106 604 539 3099 581 8955 5071 648 9317 8749 6611 2437 6448 3974 3453 965 7414 6006 5816 8587 4976 1055 1931 4016 6898 6965 4561 1799 4299 7919 861 7654 126 6302 4147 9592 1738 655 6949 9676 9945 773 4430 4807 9671 6760 8454 8956 8440 4171 7653 6707 8568 678 5232 9137 9450 8023 567 9680 4221 8010
68 3664 2563 8357 1567 1577 174 9198 8570 5925 8964 8843 4797 7250 7276 4864 2783 9653 8635 4105 7272 5987 3662 4779 0 6076 6753 3887 539 7283 1740 9015 7563 4439 2548 2041 5613 6446 6415 7576 6588 94 2222 2806 2624 4935 2164 3911 381 2084 6502 2238 9422 5712 4941 9864 4776 9770 4353 8133 5236 3158 9267 667 8733 197 6238 1141 6390 6447 2550 1067 6374 9290 3323 5989 2191 9518 9529 7337 9029 6139 7140 2515 322 6238 8685 796 4452 1001 5203 2887 7701 8696 4977 7508 490 2632 2517 3758 3697 6681 7436 6136 8744 1622 1881 5564 5544 6978 7487 6564 4532 1260 2183 5887 8890 690 6863 6412 4923 6255 7855 3234 5609 2970 8352 5196 2633 8089 6752 964 6491 3658 4331 7420 6214 4891 5536 1461 306 3992 5683 5807 1554 5380 926 3909 8262 9410
7440 3697 6760 1891 3294 7562 7189 2574 9935 2213 3623 3944 3771 1731 6803 7437 8074 5139 8222 2613 4048 7839 1343 1156 6076 0 8250 6080 4969 9277 730 9566 5211 5990 1159 5035 1837 5835 3953 6853 1120 8637 3340 9419 1391 8926 3728 6257 6114 7945 4686 7593 870 7492 9735 8815 2373 8466 9337 5669 3160 7243 6008 9575 6170 9524 8938 4065 5623 9247 987 346 3395 9390 5140 7890 2320 8781 1764 1180 2456 3635 9899 5008 2474 1475 1043 5807 8616 6248 7489 2844 2541 5068 1252 9101 1157 5523 2209 7983 4625 1758 5717 9851 7611 7516 9921 9626 5632 327 352 9471 5293 3477 8187 4905 3875 9982 8305 4600 8746 1641 2172 7847 8724 1191 4788 4437 691 2880 4101 1780 3637 4148 2066 546 8709 3243 9873 9079 1090 4716 6598 1525 457 5620 9681 4285 9223 7769
4033 8256 6898 9649 8935 3387 3959 9119 7743 1027 9785 9397 7497 7894 3918 6294 5307 9745 6843 8517 1283 6370 1905 4055 6753 8250 0 3108 1974 1947 6879 8637 9510 9423 911 8885 5316 3613 8233 2922 7509 291 1922 1168 8221 3925 4959 9469 4553 7973 8699 3076 3618 8207 8301 4646 4247 5070 6417 8382 5784 8141 477 9708 7757 9864 1965 1195 3181 8922 2127 6811 9595 1353 2849 1435 6735 8969 5102 1129 6701 532 9470 5147 8249 4331 7204 3205 2188 567 6446 6792 9268 3416 3877 5730 9914 7898 268 1723 5054 8656 2498 1559 9671 1675 6715 8032 7121 8173 5216 8478 8732 5445 534 7229 2181 7529 5953 6048 7601 5116 207 9349 2524 8689 8750 373 9393 6681 6957 2095 7862 3576 5241 1300 2488 4513 7035 9470 3422 9419 6403 5499 1396 4361 3576 1758 2474 4736
1416 2218 4590 5225 2007 5826 2558 8519 3017 9637 165 6258 5345 4256 5100 8637 9463 1813 8614 332 9980 4628 8698 6662 3887 6080 3108 0 1378 2817 1965 788 9595 2958 7187 6252 203 7118 3929 2535 7744 2931 7863 1042 1704 4684 8422 3521 8126 2514 3820 8941 9023 546 9981 3701 366 7737 1780 9936 3409 7888 4639 4597 9880 1298 2019 9911 1714 6662 6215 4743 9629 5011 1786 9769 5891 3472 8794 5695 3319 5365 5242 8957 1070 4677 1776 6185 1997 6018 9167 6664 2839 5548 7326 8896 2223 5233 1310 3571 6703 9335 8041 9173 6806 1378 5963 6795 343 7438 9377 1647 7418 5970 6046 321 5172 3177 5513 2400 8120 8107 275 9672 5556 6148 9382 5031 3841 92 2412 2459 9101 7645 1328 5399 9342 6447 1155 5727 2488 6901 418 1813 181 6660 3072 8808 9217 7920
7519 8929 255 4882 1933 3740 6686 7597 3843 2588 3184 6006 545 6270 5796 8424 5182 222 5160 4651 3254 8748 2352 8388 539 4969 1974 1378 0 1261 4582 5063 5732 1843 3018 2379 5105 8730 6035 8428 9758 1120 6903 2946 1633 2281 9459 9079 4295 5756 5674 9514 1055 5423 4130 1624 2502 1203 3073 5221 7957 2326 2783 9984 5364 6864 2409 1320 9021 9051 9456 5633 2699 1173 2597 8954 6265 9058 9933 4536 5872 1645 7374 8935 9323 8064 9486 2787 2874 7428 1015 4766 8201 266 2904 8530 696 5743 5106 3971 9434 9134 7783 1672 784 8871 3175 9370 264 5463 6765 5342 7405 9691 7201 6418 146 3740 7878 4943 188 7105 4200 2101 6162 1875 6912 6215 9533 321 2916 1897 3378 1890 9847 6970 2373 7102 2080 4854 2185 4020 5687 496 2879 9296 4810 2263 8796 2419
5395 5911 9831 8597 5526 7592 2691 2733 9118 839 8245 5810 2881 861 8960 6745 9461 6254 7656 9237 1476 4535 6376 7945 7283 9277 1947 2817 1261 0 1069 1836 4688 5958 2447 8122 7049 5843 3323 3780 980 3319 4816 3607 4294 8423 2315 7348 8944 7361 59 4352 5455 9084 9404 2832 1186 2389 7222 2903 6870 514 8635 2430 174 4700 8499 1323 3567 6306 1446 3978 3572 6760 2149 243 704 1165 3218 2393 1508 397 929 3820 3086 9238 1025 5351 1561 6816 3240 7685 6549 4357 8550 6742 6123 378 4333 3585 406 7338 5179 6230 220 2030 5657 1847 5376 5229 7208 7373 7866 1321 1980 151 1094 4421 6983 2565 4842 8203 3008 3861 7789 5516 2136 1979 5503 5954 649 8868 1279 4558 5635 421 4334 9481 5659 2311 9705 3571 7476 3625 7888 232 4910 3733 4819 8720
4286 4687 680 8071 6417 8172 7886 6787 7749 1105 7028 645 1221 3544 675 5353 366 343 8697 9878 6597 8175 9295 992 1740 730 6879 1965 4582 1069 0 2038 6270 4661 4268 1629 169 3900 8682 5300 1416 58 9924 2471 8128 5574 7676 5520 781 4591 1910 5936 6009 4908 107 2006 6034 2983 6766 3680 2078 8531 37 1956 1014 2359 5748 8996 4632 1772 5125 3555 2455 6647 1663 2068 5792 5576 3747 9462 4286 2073 5622 5709 4780 10000 4112 9190 1508 2100 1036 9842 9516 3435 6494 7705 3205 4308 7857 9000 7006 6384 7426 9730 5867 7092 7388 7675 6335 3905 7685 2564 9152 9679 8011 471 9423 280 7741 5622 5895 788 7638 1641 5511 1800 4445 8350 3198 6263 5506 6604 4957 7530 6260 8191 3420 9041 7682 2395 6620 9322 6765 7165 9488 9291 1961 8928 2503 6243
2210 8468 9517 8079 56 5742 1493 2775 3876 321 8650 2027 8261 5419 1323 7434 2486 3334 2245 4167 6258 880 2744 4973 9015 9566 8637 788 5063 1836 2038 0 9398 1273 1696 9931 8198 2788 1286 7834 6775 5028 3225 1122 3005 1518 7902 8544 6431 8772 4195 9770 3461 9445 1469 9306 9197 3093 6169 2131 7973 2691 7836 6903 8116 5757 6775 4569 4712 897 7125 2594 7013 3264 7663 881 8450 5668 6786 6642 6784 3140 3116 5093 1645 5891 6676 5313 4143 1058 3544 1224 1717 9949 6773 2551 2771 6879 7379 1230 9140 5845 906 4563 4183 3833 3041 165 9540 2643 3268 8960 9990 9811 4380 6138 3830 1119 4939 6887 8548 2759 408 1059 7072 6241 7449 1171 1412 6835 9648 8427 404 3162 6079 4561 6276 875 8065 1369 1120 1413 4228 5770 2741 7248 5774 739 8883 1580
7245 4922 4859 8953 19 9321 4829 3769 9675 5137 7347 1686 7624 1959 7152 588 7339 8934 5204 4580 7468 2326 9905 5230 7563 5211 9510 9595 5732 4688 6270 9398 0 4223 7870 2527 8603 5962 9778 2503 8164 5968 1662 7914 7895 7174 2234 457 705 4071 7392 6328 3125 3605 2987 1744 9217 5799 8158 9942 7566 6327 8522 8772 702 75 2393 3552 7373 2539 2155 1641 1712 7964 5717 6480 2655 7650 8042 3259 7442 3417 8074 3167 6717 2396 6624 8596 7549 5155 9697 4732 1625 7926 9758 1790 5413 4929 5499 7648 462 177 2251 2934 5000 9831 1651 5886 6652 8491 9173 9616 4731 9391 1640 6571 4587 173 7841 9485 1042 3563 7693 4667 7494 1524 7951 8276 4512 5870 2365 3942 8369 2328 7842 3384 2143 160 5069 7604 9857 2669 6745 7327 1138 4919 3967 3296 2933 6737
9839 799 4101 5680 6051 2484 6786 1296 3135 5218 3955 540 388 179 5296 2368 1670 3312 4380 3617 3093 7193 1472 5175 4439 5990 9423 2958 1843 5958 4661 1273 4223 0 8617 8652 7731 9513 5646 4487 2950 9373 7979 138 6666 7897 4469 5341 5616 9301 5914 2648 8882 1345 4304 7041 6927 6890 6389 9139 4219 639 3377 1130 8218 284 7814 2065 5292 6907 4498 8444 6109 2438 8282 1580 6337 2005 1840 2323 6966 2555 9693 4868 6498 9746 5481 1032 8367 7958 1998 1693 7507 1013 5474 2889 2268 5881 5666 2396 8731 3240 3740 4241 6558 4072 2007 5480 5553 4922 1606 9140 3218 5513 1027 8089 2152 3914 7633 2652 9168 8797 8880 6885 4827 1741 3071 7284 8628 8051 7384 7331 4515 9969 6727 2570 696 1254 7528 7229 4408 7633 7885 5685 1033 2206 2491 3241 7043 5035
4605 6696 9496 8404 9795 4465 8134 3390 2818 7999 491 4883 6719 1746 5075 1146 5558 865 6532 4822 2431 2265 3788 1777 2548 1159 911 7187 3018 2447 4268 1696 7870 8617 0 6917 1348 1231 1109 8230 2006 561 1795 1290 6387 8599 1357 653 9847 4178 6703 3734 3559 848 1919 3017 1255 4417 1984 7526 5836 306 624 4243 8792 2239 9685 3082 434 4768 75 5557 3337 8013 2301 3525 9622 7361 9047 5677 1897 4974 5621 6249 1160 8574 3829 9434 9929 9079 7641 1051 3299 72 4279 7290 5640 1643 2834 7365 6817 716 6172 7640 6209 7328 7547 4275 4614 9088 3366 3551 7242 4019 7518 2644 8354 6316 5248 4280 242 7937 6174 7988 9206 8908 6304 1369 7442 6668 4667 4877 831 5688 9511 3307 6735 7409 7164 9853 2846 4530 8960 6428 7709 7598 5834 8604 1279 5483
2483 3555 3521 4864 1296 2164 6845 415 8298 947 703 2494 1848 898 7987 8542 5256 6047 5445 7933 2881 9233 9239 3130 2041 5035 8885 6252 2379 8122 1629 9931 2527 8652 6917 0 2225 2036 82 2796 7726 651 9995 4992 6257 2039 8972 1205 7533 5274 450 9142 9395 9136 491 2507 7167 1963 1726 5178 2497 9942 5691 9683 3195 7337 5349 8118 180 9419 4376 8073 2214 4137 9513 6388 9232 4276 4987 5924 8517 587 9905 4891 530 6534 7746 3965 4994 3264 6589 7174 8138 4888 9521 7332 9295 1717 6316 7728 4864 1132 1373 395 8245 9855 3110 5595 3340 1027 9227 8783 9480 7866 6335 9938 7821 8921 1451 5550 3959 8043 5101 9332 945 1694 3132 1723 5179 3020 8364 3122 177 9658 8598 6432 9750 847 5956 584 6940 7855 9342 6136 7399 4992 2557 5625 9992 5719
4955 4121 73 197 7120 9112 9313 2623 175 581 1823 8244 4837 9151 459 5460 1526 1579 5565 1510 4505 7947 3015 5952 5613 1837 5316 203 5105 7049 169 8198 8603 7731 1348 2225 0 6865 176 2883 2499 5600 1919 391 7320 9473 3638 2039 269 8045 1539 2669 1199 9423 3084 9856 2724 5725 7190 3916 4953 5604 7899 4303 3031 2790 8275 960 8972 8946 4537 8369 5850 508 4628 1129 9387 5288 558 2621 4621 260 7464 3050 7721 4834 6826 6408 3595 6206 1798 8584 9692 603 782 4615 3499 5171 9030 2481 8488 2681 2686 4742 7837 2593 6308 3889 8382 9146 9181 9141 2513 5568 856 7442 7366 8797 3055 8338 9542 8709 3657 4595 4287 6906 9216 9752 3728 9187 17 9501 3863 8672 5725 4856 2197 8831 7525 6040 6788 4296 5539 2947 6672 5426 4843 8848 8398 2949
256 7446 6420 3045 8585 4124 9424 413 8307 1592 70 2871 1203 6671 4885 3567 4806 9710 7706 4068 3485 1364 1752 6828 6446 5835 3613 7118 8730 5843 3900 2788 5962 9513 1231 2036 6865 0 8033 8666 9939 8322 1597 8750 2506 9834 2227 6100 202 9496 6746 2393 7007 7366 497 9273 8031 2164 5784 8762 8011 418 1669 3004 233 24 6836 5853 7082 9225 3010 7222 6403 3152 4137 7859 9628 6143 6959 4610 895 6254 8988 2051 8727 8723 1427 5707 786 3307 9645 9436 5529 3940 9861 9301 3427 1940 9921 5179 2100 2502 209 1425 9872 3309 2349 8806 7732 57 4110 3061 1341 5792 5909 734 8623 3739 732 296 6607 4614 4363 5146 519 7725 3060 9974 9683 2251 6644 1677 5426 7550 7986 9939 2487 401 9675 8745 4521 9895 4658 9593 1274 94 9943 5206 5993 10000
6103 4342 6502 1037 754 4093 5863 2709 456 3112 1438 193 3356 7845 3054 5587 3812 1398 8971 6927 9648 3041 9490 3205 6415 3953 8233 3929 6035 3323 8682 1286 9778 5646 1109 82 176 8033 0 7314 5044 372 5334 4336 9373 9116 851 911 5996 3448 3148 4786 7670 5558 5270 4575 3081 3574 2792 7645 6378 3697 7229 8719 8858 7607 2696 3952 7832 2708 4167 8257 6008 5518 5512 8767 2226 7551 2371 4173 5024 461 3021 4187 7724 9275 1116 5073 99 1043 6313 3138 1663 7806 8065 3337 9657 9484 1845 6745 2774 290 6399 4823 3059 9688 6673 2520 2040 3630 9555 3403 3001 6413 5351 9406 2919 932 3077 7924 8392 1084 4934 8455 4199 4350 4410 4327 5894 9471 7034 2842 8744 6662 8974 3939 4333 1411 2446 8754 7100 7920 2447 9670 992 8444 9164 7849 9199 6544
6542 3835 6632 6466 5233 2290 3061 3712 5185 1026 4157 6732 4849 8647 9973 7230 9915 7493 9636 9547 8752 3102 8120 1600 7576 6853 2922 2535 8428 3780 5300 7834 2503 4487 8230 2796 2883 8666 7314 0 6561 8251 984 5871 8706 3193 7282 609 1187 7137 8398 8398 2163 6394 4388 4884 3024 5569 725 6532 5369 4970 5429 2561 4199 5097 2417 188 3442 3456 8686 563 7532 4093 2508 3436 9991 5912 3108 2543 4709 9465 1757 971 2658 7668 5638 467 2269 7524 8856 2940 655 6122 4859 9565 4141 3600 8037 2257 9989 3407 3126 1634 1191 1793 377 9591 1519 2763 7266 7924 6492 2120 6715 3428 755 8020 8186 3842 2092 6873 6803 6653 8375 3662 7756 7904 8481 2 7707 1423 1524 8970 426 9894 1688 697 2767 8276 4744 8141 4423 9381 6163 6977 4040 4297 3058 1885
1370 9612 9846 6275 8944 5859 4651 7521 9122 9112 8220 7871 5082 7125 6253 9956 5265 5310 5294 9731 7375 1267 9283 6296 6588 1120 7509 7744 9758 980 1416 6775 8164 2950 2006 7726 2499 9939 5044 6561 0 6941 359 6674 243 8834 6477 3925 3266 9374 2394 2879 8834 6984 8141 9627 36 7815 2999 4607 6868 8169 867 4993 6383 975 6235 7814 6274 7474 4705 1809 7844 9587 4621 4604 9646 502 6404 2326 2870 4463 767 1987 9651 9078 152 8212 6639 7917 1325 7743 7450 1646 6820 589 4909 7205 2856 8376 7325 4118 4924 3208 847 4598 8097 9172 1885 8151 4016 1457 1795 4927 1049 9431 1987 3707 1766 7073 7305 248 6385 7368 1227 9644 6729 2614 7308 8904 7873 2055 3554 8672 7743 2599 2571 6455 7979 3768 5140 7292 9283 9427 7583 6488 516 6024 7980 3061
8357 8653 2090 1784 6138 3214 5036 7682 7789 781 7464 5535 1133 7633 6962 5797 9022 1697 5340 1622 8186 3062 3401 73 94 8637 291 2931 1120 3319 58 5028 5968 9373 561 651 5600 8322 372 8251 6941 0 9503 4978 4884 5716 6361 7041 2586 8574 9703 4452 231 1561 4538 6305 783 4083 4375 6015 6056 3112 1702 5464 1916 7976 4208 5129 733 8169 3518 1169 321 9758 6091 2302 477 2354 2308 1938 7492 7494 6893 1131 6822 9059 8958 7529 3809 3095 5149 3687 5581 9940 3848 5557 7451 2027 1612 5765 6539 3289 3753 2360 860 1539 3742 6813 3549 5376 1670 1258 8042 8795 9387 9305 8366 8959 7789 2980 2310 109 8149 4860 2754 5995 7273 5148 7867 5564 1613 9768 923 4235 9358 6297 3559 3823 8775 6954 3765 993 6848 9270 6491 9907 4443 4347 2209 5468
219 1660 4629 7990 4599 8495 5123 8884 6110 4979 8758 4511 5956 8647 2891 7657 7213 7010 619 6081 4839 7026 971 1721 2222 3340 1922 7863 6903 4816 9924 3225 1662 7979 1795 9995 1919 1597 5334 984 359 9503 0 7814 2027 2788 5376 5833 8238 6051 5807 7206 2363 9314 8580 1233 2761 3257 6301 8336 3905 3318 9921 104 1226 3494 839 4361 8712 4114 3931 1204 2872 160 8342 9576 776 3351 7669 3797 8151 4179 8646 4556 3406 990 3666 1347 3648 947 5811 8705 8178 6091 7926 3835 2332 7085 106 6050 3691 263 7933 2686 7862 6932 8175 6524 4255 5366 2782 6716 1442 2346 2232 2325 2321 3325 7849 4723 7448 771 3674 2018 5827 7151 5191 3168 3895 2831 474 1952 355 265 8058 1306 2999 779 9603 5660 2889 5312 7375 6615 7458 6635 6881 7584 6182 4470
1985 8706 2188 3611 8336 5719 2144 945 1895 7263 1825 1327 966 5199 6007 7049 6440 8045 6480 7912 6084 8896 2624 9914 2806 9419 1168 1042 2946 3607 2471 1122 7914 138 1290 4992 391 8750 4336 5871 6674 4978 7814 0 2645 1467 5363 4765 999 7980 2365 2803 2554 4597 4799 1677 9485 9314 1377 9930 5047 2364 2079 8769 2190 1686 2993 9209 9760 417 6953 833 9279 8500 9182 8900 1453 8315 9154 1734 6741 8094 3391 7552 8961 5996 8792 2735 1169 6792 5032 8676 9749 7787 7210 8941 5335 4615 5693 9291 4810 2230 7920 931 5735 6392 3692 7929 5050 4275 5027 7389 770 9526 2129 2104 7701 3208 1327 8302 7666 1797 6399 4513 855 6485 6487 4016 5912 5204 1593 5808 3293 419 4806 1248 5820 5955 9935 1935 6503 6268 4194 6141 7525 3364 1056 2580 3211 1039
3943 8732 9170 4709 2320 7758 9717 1583 4679 316 2850 6656 5788 7707 7204 9576 8608 2760 5196 1817 8580 7393 8261 8612 2624 1391 8221 1704 1633 4294 8128 3005 7895 6666 6387 6257 7320 2506 9373 8706 243 4884 2027 2645 0 9568 6170 5305 893 2023 4849 2915 490 9273 7861 5488 5971 8893 6464 9533 8869 32 9841 5173 6777 1126 7364 7117 8741 5981 6039 6704 5318 8981 7429 1744 9059 7491 8878 4622 5054 1441 7056 8685 8892 9948 6812 6108 6421 3880 2254 4129 8780 3665 9462 3947 471 8389 8764 4387 7773 4816 9708 3366 7741 8052 9377 5346 1604 8587 3150 6548 5982 7932 4241 4877 2330 2700 1621 8400 1811 8121 6663 1933 6462 8394 1393 8432 6399 4692 9350 4056 5549 2111 3362 7634 3131 733 3950 7820 8645 6126 2960 6866 5654 8635 3390 8168 2653 507
263 6090 6385 9898 7832 7289 2823 163 9068 5410 3988 7372 3765 537 8691 3824 2944 6676 7324 5412 3888 6083 3244 2356 4935 8926 3925 4684 2281 8423 5574 1518 7174 7897 8599 2039 9473 9834 9116 3193 8834 5716 2788 1467 9568 0 2145 5423 2477 3558 8117 3905 6766 9267 1421 5494 3871 5013 1358 2509 8907 4391 1769 8884 7193 5348 6364 9824 5876 6089 1126 4328 8081 9776 4564 9391 9439 957 4151 4273 6380 220 4211 7212 2969 3463 332 1735 9094 6387 4617 1659 5868 801 5410 7723 5335 5124 3034 1368 1484 469 2044 4374 6288 9681 845 3080 7064 2106 4893 2810 1268 9285 1300 737 6265 8470 5272 6044 5452 926 1880 1755 2376 9393 9488 6495 6914 1669 5144 7459 397 426 4432 1863 4952 6570 926 5691 7077 2213 9956 5891 1208 8855 3849 8209 6294 7138
4861 7525 4455 6025 8842 742 9390 2869 7749 8547 4509 7253 9262 9757 2601 8109 9879 9985 414 9447 7916 3931 7048 8344 2164 3728 4959 8422 9459 2315 7676 7902 2234 4469 1357 8972 3638 2227 851 7282 6477 6361 5376 5363 6170 2145 0 5913 4278 5849 3162 3712 9763 5776 2990 3577 9658 61 8423 5938 3419 6232 5669 7767 7964 7351 9646 1399 5743 2783 1163 491 9061 7240 1709 8781 2035 8717 6617 5834 3010 7136 1682 7376 1846 7740 7609 7856 3780 8920 1154 7984 3202 2343 8961 7244 2516 4271 8355 6095 2874 4175 6168 4341 4268 3296 7309 3971 2939 8827 5738 9594 9683 9784 1744 5376 2242 8441 6708 3295 1153 3125 1767 3223 1091 4499 2136 790 9443 2344 7724 6309 4639 5781 1037 926 461 6141 3316 358 7101 5451 8232 2858 1301 3813 5845 8986 4971 5885
4109 4175 1764 1345 3326 9675 3406 4304 4426 1861 3486 9490 5434 2971 5252 9621 5981 9178 1515 6381 2262 5071 388 8659 3911 6257 9469 3521 9079 7348 5520 8544 457 5341 653 1205 2039 6100 911 609 3925 7041 5833 4765 5305 5423 5913 0 6461 6571 5778 1801 1456 6502 798 4254 3578 7564 3286 9332 7361 6381 1863 560 9046 6774 5420 3946 7817 259 1338 1312 2973 9328 434 9314 4905 9727 9871 3477 8680 1275 7388 9735 6449 770 6144 4848 3735 6561 5211 4363 5069 3633 8246 5915 8237 3533 4844 8308 5095 1660 4065 6346 1438 8299 122 8184 3650 4647 7789 5895 118 5204 7552 3131 3599 6138 7113 5482 8902 7962 4400 6807 1889 2893 4422 3423 5788 7811 3909 5830 7790 5291 4911 8421 401 1340 4258 2457 9264 8015 8117 9555 935 6411 9491 9251 358 4116
1231 8361 4477 486 3605 2879 2641 2860 8963 7359 5144 755 4991 5427 8303 9049 9543 6501 4562 6203 9193 6432 5756 4332 381 6114 4553 8126 4295 8944 781 6431 705 5616 9847 7533 269 202 5996 1187 3266 2586 8238 999 893 2477 4278 6461 0 5386 189 7752 9720 9826 126 5506 3451 5266 2086 7436 9200 7940 2974 6857 4137 7806 6717 3313 7210 3567 4187 1685 5019 5944 8109 3646 3078 9239 5616 3261 129 7815 150 7131 2786 4914 9808 714 3354 8745 6989 5096 5670 6080 602 145 7068 2465 1303 3804 1733 8455 4512 5788 8611 2922 7238 3669 4419 5637 3877 8010 5583 6570 8935 3735 9257 5745 1373 6959 9063 3434 4336 4309 1629 4575 441 3682 7285 5489 2690 6674 5032 2606 5106 6727 8892 5139 2153 3971 4927 2724 2032 9532 8694 9506 7783 6319 8524 9994
3239 4817 680 2819 2067 1856 29 2881 884 613 5303 3625 5991 5000 1076 559 9913 9076 232 3902 1696 1131 9137 3905 2084 7945 7973 2514 5756 7361 4591 8772 4071 9301 4178 5274 8045 9496 3448 7137 9374 8574 6051 7980 2023 3558 5849 6571 5386 0 3772 8485 493 2281 524 9379 3044 5981 7475 7478 277 9264 5209 6626 3644 2200 5491 7071 7518 1209 7201 1574 7392 3711 7426 9707 6502 2130 414 9097 6764 6910 552 7762 8401 2311 2790 5553 7217 6756 974 6950 2121 4995 665 3827 6097 6071 5087 3866 8304 7776 5526 5142 6374 9200 3516 9505 6000 1185 8900 9620 8543 5347 2263 1377 471 7473 6936 9729 3774 9364 8627 1653 1563 3682 417 3759 9112 3988 382 2443 9525 2677 2355 5023 6544 4064 4523 9557 8532 5366 3659 323 7284 630 1863 5680 9009 6874
1056 3508 4537 3806 6942 1310 1982 7826 6616 7352 4539 2095 1819 8414 8612 9502 9654 189 830 5658 1424 6970 3401 8004 6502 4686 8699 3820 5674 59 1910 4195 7392 5914 6703 450 1539 6746 3148 8398 2394 9703 5807 2365 4849 8117 3162 5778 189 3772 0 3060 7008 9740 6260 3037 8648 1084 802 9585 4642 8309 7813 6420 6205 8138 4254 7660 9024 3335 7863 5286 9441 5459 9211 8934 5106 4875 3032 5948 1027 3884 7151 7384 6232 3879 1616 4568 4387 3325 462 9950 7336 1521 1198 41 2442 7232 3064 2414 8813 9778 3455 1284 1144 8952 8308 8870 5469 5083 5784 9433 4860 1403 9360 5410 1002 6994 1870 8513 1133 9368 9336 1563 2539 4856 1843 8590 4611 916 7968 6191 1331 7311 8816 7434 4890 3474 3465 9681 1652 2024 7888 4250 753 7973 6942 8428 978 792
3574 2057 6869 9077 5784 1406 5194 4719 9042 5462 2515 2822 7784 2978 5558 6267 5448 8391 677 8174 4668 6418 4108 2905 2238 7593 3076 8941 9514 4352 5936 9770 6328 2648 3734 9142 2669 2393 4786 8398 2879 4452 7206 2803 2915 3905 3712 1801 7752 8485 3060 0 616 7407 6140 4808 650 987 3133 6695 9746 2697 5575 5552 9441 6186 9666 3223 8203 1624 6847 1132 7461 3660 9678 6150 2704 1329 3555 4445 9929 4511 5262 1820 3497 4767 2914 4427 1822 301 2669 6825 6296 9837 2832 673 998 886 6544 8664 6317 1225 4989 6476 1134 1793 5227 8871 6453 1676 3655 6991 9758 7630 9559 6910 4080 5597 7324 3256 7700 1888 639 8182 9199 5429 5154 3446 7209 6991 9642 8289 7043 3547 5035 7042 8839 4937 9079 1862 4751 5866 2871 9780 5838 764 7827 9223 1548 2960
246 2710 4155 6765 5151 6564 4948 8690 7738 8099 2956 140 306 6548 4626 2436 5697 2213 4480 806 8364 4638 3007 7869 9422 870 3618 9023 1055 5455 6009 3461 3125 8882 3559 9395 1199 7007 7670 2163 8834 231 2363 2554 490 6766 9763 1456 9720 493 7008 616 0 5466 4859 6390 2585 1193 9507 1337 562 2104 1942 9929 7871 3777 6172 6137 1417 4284 831 4468 9843 6724 4999 2242 3992 2543 2278 7085 442 2553 7980 3543 7793 5792 376 9043 3942 1681 8738 5144 8175 5674 4805 827 8220 1685 8916 3487 2579 2993 3959 7854 4086 5112 9107 3403 3814 9855 667 3478 6001 5701 3512 5066 1537 1402 8356 6813 6357 2468 5623 1982 2803 7511 4545 1049 4628 7174 5926 3825 9013 9906 9925 8415 6976 4484 7555 266 2904 2728 8596 6534 8732 1172 1323 2352 1461 3237
2166 9528 7587 2921 8604 7230 3854 2087 4122 4301 8596 8643 9055 4720 6412 6669 1100 2908 8963 7324 2167 1913 4346 6877 5712 7492 8207 546 5423 9084 4908 9445 3605 1345 848 9136 9423 7366 5558 6394 6984 1561 9314 4597 9273 9267 5776 6502 9826 2281 9740 7407 5466 0 4343 4280 2160 9538 3651 6882 5140 6732 7718 9793 1282 4624 4091 5671 1728 7400 880 9149 1789 7436 6625 8080 5282 3657 2261 572 7271 4701 7388 3660 7650 9341 5269 259 8863 5633 1633 3777 7119 3021 708 1894 8798 9126 3177 2984 4030 7575 1851 232 3996 495 3338 6912 4679 7228 3925 9529 2268 2905 6573 5406 1492 9344 1818 3707 4380 4105 5309 9417 9515 7281 448 5129 8468 9605 2361 6128 2072 6980 699 924 9115 8102 202 5624 9665 4679 7161 9721 4106 715 130 3065 1461 8519
