50
0 9468 3375 241 5076 2569 915 3610 2891 4241 2847 6918 1404 9714 7803 6605 5073 9877 57 9655 1919 7683 5301 5522 3852 3275 1085 4974 7024 7499 6214 9019 4809 2416 4262 5950 4920 1123 7696 2297 2117 1439 1796 2961 7674 6454 8331 6676 6816 4535
9468 0 1179 6945 47 5191 3603 7105 6334 79 4663 3765 1813 7836 5305 625 6071 2088 5009 9121 3766 2365 1614 425 5662 7206 9560 2116 3700 9673 1793 6797 7809 169 1311 6315 2987 6309 699 9762 142 8460 2956 4657 7968 245 4968 2787 7670 5856
3375 1179 0 1407 1982 6553 7276 2545 7432 5756 8911 656 1147 5727 7179 3545 5878 6036 6471 3093 4697 1468 4304 9515 5127 999 1882 2937 687 5077 2218 4144 8850 4824 7256 7686 1041 9738 8712 9821 7898 2051 1214 1302 4 6148 6834 5766 5091 7735
241 6945 1407 0 8287 6795 9769 9093 4183 6821 2697 9080 3103 8761 2097 3060 9204 84 6845 4363 7373 3055 5155 1145 3438 7270 497 8336 5913 2310 9203 3502 2894 1773 3766 2893 3210 750 3213 1918 8392 9453 2403 6383 8607 9420 7082 2610 810 5040
5076 47 1982 8287 0 2288 8587 7027 141 349 2856 1113 7788 373 5792 1941 7810 439 6759 2859 4286 4985 8388 7142 364 2254 8577 6536 7976 738 6879 6603 6801 8975 1479 3356 6959 5832 6088 9485 6618 380 171 8016 1462 2414 1647 9864 7682 4553
2569 5191 6553 6795 2288 0 1456 8874 9911 1538 4429 5860 3048 3705 1346 4080 5572 3568 4654 9342 3942 4047 5339 3352 813 9374 4786 8038 2758 1444 9229 3522 3945 1997 4442 7713 2681 2748 8055 1799 282 6641 4960 8033 8671 2153 1541 850 8961 7573
915 3603 7276 9769 8587 1456 0 13 9510 7477 900 8947 9933 5690 7122 1016 1119 4188 1319 8930 8453 7617 8127 2238 933 9164 714 4849 5463 5873 1236 8023 8611 3170 2108 2874 7715 7271 7038 5429 4379 5386 8653 91 6522 9571 857 9484 2079 9459
3610 7105 2545 9093 7027 8874 13 0 6130 9839 2987 4154 5774 8830 2247 817 4026 1437 8301 981 8129 9188 6549 1321 2460 2785 797 3692 6270 4066 8595 3509 9673 5437 9208 8536 3854 567 3114 3999 1819 9448 9479 2869 8373 8549 9888 1177 8262 1415
2891 6334 7432 4183 141 9911 9510 6130 0 4272 9559 8323 1875 7525 2649 8837 577 9184 2107 6946 9903 5416 6284 7466 866 554 6943 8300 6930 5394 3960 2086 1281 3502 4043 5370 6833 9819 7980 5053 7074 6296 8683 3886 1652 8614 100 7857 8469 2133
4241 79 5756 6821 349 1538 7477 9839 4272 0 8740 1763 3515 8249 6118 6313 9594 8466 3189 3864 4955 7863 4104 2389 1418 5479 5699 7187 5148 2395 3958 997 3505 3560 3919 8605 1933 992 6402 1409 4549 8361 321 2639 9386 1285 675 9674 9511 8536
2847 4663 8911 2697 2856 4429 900 2987 9559 8740 0 1790 9734 1864 5136 8015 9918 7739 1549 1380 1505 4573 4175 9365 2641 650 5716 6234 3609 7188 212 3181 6949 616 8421 9705 8745 5090 8893 5583 5172 6932 1417 5150 7165 7188 7178 898 1368 2796
6918 3765 656 9080 1113 5860 8947 4154 8323 1763 1790 0 6582 2407 1084 4979 3326 8176 2630 235 9269 6186 686 9102 9528 6133 9944 1403 6690 7472 133 4113 9741 5415 4678 4358 3798 6275 121 6723 4753 4463 1448 8301 9108 2025 3666 1941 4223 3244
1404 1813 1147 3103 7788 3048 9933 5774 1875 3515 9734 6582 0 5979 714 545 28 2037 4946 8721 8568 8524 1864 3001 9731 716 3654 3635 549 4912 9641 6933 3829 6639 1799 5002 9206 6981 7599 3768 103 7272 8015 2802 4403 3443 5361 4322 5201 8797
9714 7836 5727 8761 373 3705 5690 8830 7525 8249 1864 2407 5979 0 9008 4855 9666 6251 2517 5581 2458 108 7627 6336 3930 1743 5350 325 2634 6911 6699 5229 8660 143 3308 4323 2568 9314 8345 4280 3376 4903 1664 4584 5896 6054 5367 3191 4196 6730
7803 5305 7179 2097 5792 1346 7122 2247 2649 6118 5136 1084 714 9008 0 8590 5266 8803 5851 6715 2260 6929 7641 3530 2245 198 488 2304 1778 209 6296 9381 5860 5610 5 3814 4800 4513 5657 8471 470 1604 6695 9212 1640 5665 2051 7693 4939 1614
6605 625 3545 3060 1941 4080 1016 817 8837 6313 8015 4979 545 4855 8590 0 3508 7645 1235 1670 8513 9060 8576 6069 2265 1970 145 7053 7982 6339 5167 3651 7888 2203 3604 1657 3580 9154 8547 116 3097 1497 2370 5228 9472 9456 8174 5739 9156 4003
5073 6071 5878 9204 7810 5572 1119 4026 577 9594 9918 3326 28 9666 5266 3508 0 5621 1302 3876 6724 3165 7643 8119 619 6462 9496 8077 140 5005 5279 4847 9858 8717 7842 9011 7081 2365 4177 686 3100 6640 4806 4455 3850 5030 597 8061 2731 7022
9877 2088 6036 84 439 3568 4188 1437 9184 8466 7739 8176 2037 6251 8803 7645 5621 0 5819 5025 2000 7825 1739 4521 6192 1391 7874 787 9256 6984 1450 1498 7306 34 5334 8140 712 9066 3988 1585 6056 5439 8006 5322 3396 9117 3851 943 9257 96
57 5009 6471 6845 6759 4654 1319 8301 2107 3189 1549 2630 4946 2517 5851 1235 1302 5819 0 8834 5493 9399 6891 2379 3034 7693 3315 1547 1498 1109 8261 403 2988 6709 4627 9091 1910 2216 6064 9236 9664 1353 9700 7683 3418 1903 6011 2092 622 8385
9655 9121 3093 4363 2859 9342 8930 981 6946 3864 1380 235 8721 5581 6715 1670 3876 5025 8834 0 2369 7648 4164 6049 58 8737 8599 8984 4392 2165 4142 5833 3256 570 1764 1999 8547 9349 7946 4440 1103 3727 3683 2057 9925 6778 8292 177 3441 5306
1919 3766 4697 7373 4286 3942 8453 8129 9903 4955 1505 9269 8568 2458 2260 8513 6724 2000 5493 2369 0 982 8223 6135 5771 3416 196 1472 7596 1727 9141 809 4293 1999 6884 2298 9996 8281 4211 4596 1529 6363 5845 9407 2700 4055 3802 9833 3124 767
7683 2365 1468 3055 4985 4047 7617 9188 5416 7863 4573 6186 8524 108 6929 9060 3165 7825 9399 7648 982 0 9453 4743 2948 8624 4976 5587 8626 5625 7547 3113 1445 9643 1585 8125 9775 6576 986 6578 6827 3783 1014 5896 9565 5857 9996 2721 3652 9856
5301 1614 4304 5155 8388 5339 8127 6549 6284 4104 4175 686 1864 7627 7641 8576 7643 1739 6891 4164 8223 9453 0 436 7298 784 1918 4976 5142 1076 1823 6686 2506 2486 1474 7713 871 7369 8471 7175 9108 8742 7918 9966 1221 69 3588 7440 2547 852
5522 425 9515 1145 7142 3352 2238 1321 7466 2389 9365 9102 3001 6336 3530 6069 8119 4521 2379 6049 6135 4743 436 0 875 4026 1291 7526 7556 5021 5032 9042 5720 4961 8938 2244 146 392 6130 1575 1070 8673 6468 7705 5816 3667 5384 3135 7833 3497
3852 5662 5127 3438 364 813 933 2460 866 1418 2641 9528 9731 3930 2245 2265 619 6192 3034 58 5771 2948 7298 875 0 7615 7309 6140 3438 1241 6666 5249 8842 6601 359 3586 8770 9051 6335 6880 6781 6993 5765 469 1960 5125 5221 4540 834 7351
3275 7206 999 7270 2254 9374 9164 2785 554 5479 650 6133 716 1743 198 1970 6462 1391 7693 8737 3416 8624 784 4026 7615 0 6036 3807 4389 5576 4593 1597 8621 8732 8678 8559 6646 3978 2954 7982 7925 9381 6859 8130 8542 3113 7821 2722 1234 6086
1085 9560 1882 497 8577 4786 714 797 6943 5699 5716 9944 3654 5350 488 145 9496 7874 3315 8599 196 4976 1918 1291 7309 6036 0 4469 6807 2021 7242 1110 6948 4535 6967 4458 4424 2182 7050 7340 9872 5558 8466 5950 499 3045 2279 7352 7848 487
4974 2116 2937 8336 6536 8038 4849 3692 8300 7187 6234 1403 3635 325 2304 7053 8077 787 1547 8984 1472 5587 4976 7526 6140 3807 4469 0 4499 5557 8148 2279 5640 7917 2958 1080 1089 4357 5346 9994 8593 87 7338 3325 4737 9490 4612 6287 3321 6866
7024 3700 687 5913 7976 2758 5463 6270 6930 5148 3609 6690 549 2634 1778 7982 140 9256 1498 4392 7596 8626 5142 7556 3438 4389 6807 4499 0 1214 6030 635 6033 5990 9031 3462 4671 762 2745 3456 3175 309 443 4616 4223 9460 656 9483 1523 5437
7499 9673 5077 2310 738 1444 5873 4066 5394 2395 7188 7472 4912 6911 209 6339 5005 6984 1109 2165 1727 5625 1076 5021 1241 5576 2021 5557 1214 0 564 2576 4172 9795 1080 9096 5036 5797 6953 1874 6477 7514 9572 1813 4409 1903 4180 505 2119 8912
6214 1793 2218 9203 6879 9229 1236 8595 3960 3958 212 133 9641 6699 6296 5167 5279 1450 8261 4142 9141 7547 1823 5032 6666 4593 7242 8148 6030 564 0 6810 3631 4453 7073 1543 3104 9805 7069 626 8331 9756 5762 7427 8495 1700 9961 6540 9316 9177
9019 6797 4144 3502 6603 3522 8023 3509 2086 997 3181 4113 6933 5229 9381 3651 4847 1498 403 5833 809 3113 6686 9042 5249 1597 1110 2279 635 2576 6810 0 4891 2507 8897 764 9372 880 7181 1024 5575 8218 7383 932 3770 8613 4467 7890 447 7277
4809 7809 8850 2894 6801 3945 8611 9673 1281 3505 6949 9741 3829 8660 5860 7888 9858 7306 2988 3256 4293 1445 2506 5720 8842 8621 6948 5640 6033 4172 3631 4891 0 5976 1854 5288 3383 3425 6610 3135 4080 3603 7765 3200 628 1364 7901 9944 5954 9731
2416 169 4824 1773 8975 1997 3170 5437 3502 3560 616 5415 6639 143 5610 2203 8717 34 6709 570 1999 9643 2486 4961 6601 8732 4535 7917 5990 9795 4453 2507 5976 0 2427 9397 9503 7928 2717 5116 8792 2793 2028 2524 5991 5035 2355 7865 7336 9700
4262 1311 7256 3766 1479 4442 2108 9208 4043 3919 8421 4678 1799 3308 5 3604 7842 5334 4627 1764 6884 1585 1474 8938 359 8678 6967 2958 9031 1080 7073 8897 1854 2427 0 3049 6840 1992 7063 5487 3505 6107 6016 8924 7871 7192 958 1814 3668 5217
5950 6315 7686 2893 3356 7713 2874 8536 5370 8605 9705 4358 5002 4323 3814 1657 9011 8140 9091 1999 2298 8125 7713 2244 3586 8559 4458 1080 3462 9096 1543 764 5288 9397 3049 0 8043 8128 6093 4298 2007 537 889 7244 7858 8003 223 9349 7721 3596
4920 2987 1041 3210 6959 2681 7715 3854 6833 1933 8745 3798 9206 2568 4800 3580 7081 712 1910 8547 9996 9775 871 146 8770 6646 4424 1089 4671 5036 3104 9372 3383 9503 6840 8043 0 7993 3739 2210 3005 6091 3100 3371 8673 9674 4344 9686 1161 867
1123 6309 9738 750 5832 2748 7271 567 9819 992 5090 6275 6981 9314 4513 9154 2365 9066 2216 9349 8281 6576 7369 392 9051 3978 2182 4357 762 5797 9805 880 3425 7928 1992 8128 7993 0 8455 7948 3919 3542 9284 8091 6074 5661 1442 1850 7464 4601
7696 699 8712 3213 6088 8055 7038 3114 7980 6402 8893 121 7599 8345 5657 8547 4177 3988 6064 7946 4211 986 8471 6130 6335 2954 7050 5346 2745 6953 7069 7181 6610 2717 7063 6093 3739 8455 0 798 448 5916 6620 5079 5276 2591 4831 6539 2256 1265
2297 9762 9821 1918 9485 1799 5429 3999 5053 1409 5583 6723 3768 4280 8471 116 686 1585 9236 4440 4596 6578 7175 1575 6880 7982 7340 9994 3456 1874 626 1024 3135 5116 5487 4298 2210 7948 798 0 7361 3394 8608 6678 9256 3367 1942 9265 3254 5875
2117 142 7898 8392 6618 282 4379 1819 7074 4549 5172 4753 103 3376 470 3097 3100 6056 9664 1103 1529 6827 9108 1070 6781 7925 9872 8593 3175 6477 8331 5575 4080 8792 3505 2007 3005 3919 448 7361 0 3073 2053 4631 765 2073 231 2607 2371 7334
1439 8460 2051 9453 380 6641 5386 9448 6296 8361 6932 4463 7272 4903 1604 1497 6640 5439 1353 3727 6363 3783 8742 8673 6993 9381 5558 87 309 7514 9756 8218 3603 2793 6107 537 6091 3542 5916 3394 3073 0 4218 9101 3967 4385 8652 3295 6785 8893
1796 2956 1214 2403 171 4960 8653 9479 8683 321 1417 1448 8015 1664 6695 2370 4806 8006 9700 3683 5845 1014 7918 6468 5765 6859 8466 7338 443 9572 5762 7383 7765 2028 6016 889 3100 9284 6620 8608 2053 4218 0 4610 6421 1695 829 1209 8877 274
2961 4657 1302 6383 8016 8033 91 2869 3886 2639 5150 8301 2802 4584 9212 5228 4455 5322 7683 2057 9407 5896 9966 7705 469 8130 5950 3325 4616 1813 7427 932 3200 2524 8924 7244 3371 8091 5079 6678 4631 9101 4610 0 1292 6265 6498 4195 3660 4566
7674 7968 4 8607 1462 8671 6522 8373 1652 9386 7165 9108 4403 5896 1640 9472 3850 3396 3418 9925 2700 9565 1221 5816 1960 8542 499 4737 4223 4409 8495 3770 628 5991 7871 7858 8673 6074 5276 9256 765 3967 6421 1292 0 630 406 8772 6895 8764
6454 245 6148 9420 2414 2153 9571 8549 8614 1285 7188 2025 3443 6054 5665 9456 5030 9117 1903 6778 4055 5857 69 3667 5125 3113 3045 9490 9460 1903 1700 8613 1364 5035 7192 8003 9674 5661 2591 3367 2073 4385 1695 6265 630 0 2242 2201 8926 6692
8331 4968 6834 7082 1647 1541 857 9888 100 675 7178 3666 5361 5367 2051 8174 597 3851 6011 8292 3802 9996 3588 5384 5221 7821 2279 4612 656 4180 9961 4467 7901 2355 958 223 4344 1442 4831 1942 231 8652 829 6498 406 2242 0 4039 6214 7112
6676 2787 5766 2610 9864 850 9484 1177 7857 9674 898 1941 4322 3191 7693 5739 8061 943 2092 177 9833 2721 7440 3135 4540 2722 7352 6287 9483 505 6540 7890 9944 7865 1814 9349 9686 1850 6539 9265 2607 3295 1209 4195 8772 2201 4039 0 888 6262
6816 7670 5091 810 7682 8961 2079 8262 8469 9511 1368 4223 5201 4196 4939 9156 2731 9257 622 3441 3124 3652 2547 7833 834 1234 7848 3321 1523 2119 9316 447 5954 7336 3668 7721 1161 7464 2256 3254 2371 6785 8877 3660 6895 8926 6214 888 0 7747
4535 5856 7735 5040 4553 7573 9459 1415 2133 8536 2796 3244 8797 6730 1614 4003 7022 96 8385 5306 767 9856 852 3497 7351 6086 487 6866 5437 8912 9177 7277 9731 9700 5217 3596 867 4601 1265 5875 7334 8893 274 4566 8764 6692 7112 6262 7747 0
