100
0 6759 8520 7993 9043 9575 1232 9351 1682 1653 6604 5869 5758 721 1706 4419 4686 2551 9085 1014 8900 3140 4677 4623 2765 9332 3952 2055 4345 6907 607 3262 411 7481 1678 4188 4001 9529 5414 3987 1059 8899 1950 3730 300 7618 5160 463 7981 108 6780 2048 9001 1010 2029 6355 426 5144 5243 8215 64 6986 5698 8771 6728 4472 3100 6576 532 3499 8210 3629 1611 4817 9146 430 1730 1649 3595 2862 4653 8691 627 1177 2842 1771 186 6625 9621 7470 9939 7188 6034 4458 5211 5482 3612 9771 9527 2736
6759 0 8160 3490 664 3625 4267 9531 3108 8764 2930 4661 1921 6037 8828 3211 1670 358 4310 5592 456 5956 9328 471 6389 5753 6477 772 2344 4428 4458 8552 9473 1065 3870 9981 5846 2292 5139 8856 7351 8751 4800 2769 3202 786 83 1285 8718 3543 8771 8930 9712 6169 5107 9832 4895 6799 9004 6786 5501 2753 1697 6488 2287 1943 439 8460 8532 1794 4677 6143 3140 8553 3873 9960 2482 1606 6014 6389 8419 2253 2043 5291 1547 6725 8856 1827 6148 5053 4693 1009 6014 2118 1354 1683 5057 6015 2981 9235
8520 8160 0 8366 4467 1935 410 2913 4484 5534 9053 3331 119 2567 4683 3214 7219 4916 8176 8903 1518 1758 1223 1259 4738 232 5271 2515 4213 5246 6592 4448 5563 2315 8583 999 7128 7235 107 2716 2739 327 8274 432 915 2038 48 4658 415 3131 8301 4718 3141 8635 8996 2016 7258 8419 6180 2586 6042 8278 4895 1299 9087 6214 7639 6480 3817 1821 7055 6762 4 4669 5923 3448 9453 6325 7458 2535 3938 5789 9000 4283 7446 6216 8705 9473 610 1474 2764 9845 1739 9189 6048 7998 1964 9046 5826 6583
7993 3490 8366 0 5411 2919 8255 1254 1668 3558 1854 4379 5294 2829 8559 4335 5671 2859 7314 791 5048 2992 447 1360 4453 753 6600 380 8384 6559 7495 2989 2595 823 812 2923 6265 1206 2771 5457 5405 9012 453 6619 8019 4003 9967 3704 711 7350 796 3303 3825 3096 8572 5489 234 2394 1657 9825 1258 8148 2650 4630 9442 8088 6423 7280 4243 4603 5712 6056 7632 8237 811 734 1812 3842 3816 716 696 524 34 241 7388 5462 8607 1316 2335 8814 3471 1487 1207 5036 3865 8327 8303 2780 3830 6112
9043 664 4467 5411 0 9779 5490 9820 9346 5555 9959 3205 1463 9854 2359 526 7829 5042 4019 362 921 7254 3035 6395 5076 7286 4984 1635 3829 2483 5273 3904 7325 7250 3528 651 2836 315 8783 2960 340 4885 1785 7822 900 692 4557 9246 1881 8498 5999 6152 4719 7095 2426 6895 5067 2534 1267 9659 7992 7509 589 6294 7852 1429 9194 4660 497 4430 1875 3479 3983 1504 1003 8114 3794 455 5893 6799 7541 4537 4134 3528 8156 6623 2510 3159 4901 7332 8488 4857 7052 2595 7430 6082 6437 6765 9755 5900
9575 3625 1935 2919 9779 0 1565 8520 4985 681 14 5296 6187 8665 5706 3111 2973 7129 3632 8906 5414 2175 9497 879 4515 5249 4389 36 2928 6750 1904 8866 9757 2668 2680 7208 3280 1216 1440 9518 7889 7053 8223 4888 1142 5030 6729 5035 5620 5098 959 1753 9456 7386 3243 6758 2501 7773 5795 8297 3239 8186 8319 1070 8211 411 7605 2254 2916 6779 9252 3917 5042 8047 4424 8681 2927 6201 1484 2585 6557 1190 8478 6412 8656 5594 5508 5053 3441 5520 4991 9471 5279 4994 961 1200 569 647 6187 7255
1232 4267 410 8255 5490 1565 0 7204 2354 4477 2390 156 3453 5699 686 1940 3749 6679 7530 5032 9071 9005 3770 8374 8833 6689 8610 6205 8356 4065 4215 2032 978 3964 1439 3169 5110 2719 6189 9245 2509 7677 9422 2198 8520 3442 9744 3589 4678 9589 2091 7432 7528 3699 4206 4228 2326 6190 2609 4274 8913 3586 9878 6504 2706 8435 6700 114 5085 1922 536 8662 6976 7164 9538 3199 4781 1323 7412 8183 6923 6914 3450 6965 5616 5697 3810 4089 6886 2446 2894 872 4255 8190 2576 2706 3212 4023 2508 9915
9351 9531 2913 1254 9820 8520 7204 0 1386 6835 7306 5871 8951 5367 648 9074 9525 7533 3315 9838 5955 5243 6767 7284 8168 7350 1889 4357 6286 3853 8538 6578 347 3040 6614 937 4300 2834 9543 7188 9801 8801 1573 6648 2228 8112 8673 6591 5697 549 624 9598 4002 411 1979 912 341 5927 5881 7809 7322 8373 1666 2809 7049 4873 2101 4777 5237 8236 5582 9324 48 846 8184 7556 3637 8821 3779 305 5344 8150 5574 316 7394 6411 8044 9422 3596 857 3495 2213 3431 8305 1932 428 4361 8732 359 9748
1682 3108 4484 1668 9346 4985 2354 1386 0 9113 7176 3805 2988 8410 5940 8548 3008 4913 4957 8928 1199 7108 2158 4948 6756 4317 5823 4475 8400 2393 7676 1995 919 7947 7422 6835 7565 3454 5873 5346 8315 5412 7381 4427 2262 6875 7046 374 9313 2498 8189 4412 9588 4611 2557 3082 1056 7548 5887 8645 6533 2349 5869 5252 7464 1185 4999 9660 8342 5720 8646 5397 5144 5277 5722 6068 9288 2128 1289 3406 4216 7142 9982 4899 9701 2012 9787 4251 5980 4405 9216 3911 9290 3230 6649 2893 5509 3847 1320 2025
1653 8764 5534 3558 5555 681 4477 6835 9113 0 3006 1528 7824 7121 6460 4975 8952 7136 7458 1458 4613 621 5760 9222 7240 7072 77 741 1159 3127 3814 7184 3727 2235 5670 7989 876 3503 2079 6821 6459 6814 1095 4303 3082 4411 7412 9966 8995 4658 6097 8873 223 4992 9277 6402 3637 7145 3112 3511 8194 8754 753 1265 2636 8087 1216 4246 5963 1618 1179 5018 5335 8025 2320 3311 4060 3170 8539 5433 6748 6430 3280 8526 7109 8173 4627 5048 4881 7181 5178 6640 1479 676 478 5821 7186 9185 1924 8460
6604 2930 9053 1854 9959 14 2390 7306 7176 3006 0 5183 3412 4808 9531 9460 6643 3840 6939 4258 4444 2858 5099 1847 5374 1756 4683 4115 9377 1000 8231 2594 1939 658 8049 2905 4024 5674 3906 1286 3449 6205 4242 2900 4613 2194 6833 1324 4484 1505 1394 9880 469 3778 8811 2800 3999 1837 6343 8356 3464 1352 549 4549 2023 3446 6910 4913 2815 4069 5822 6229 7261 8388 1451 5428 7366 3504 402 5035 8522 2858 3489 6591 4214 5500 4605 918 9788 5960 2346 9275 4029 844 426 5024 3750 7100 4493 4666
5869 4661 3331 4379 3205 5296 156 5871 3805 1528 5183 0 133 7825 7401 9201 7496 8097 9657 7896 1050 2943 646 286 4692 7271 1414 349 5270 5326 4689 3387 3409 4477 5974 8726 4783 5550 6223 7341 7121 4072 9679 8357 8605 7898 8101 4884 2147 2686 6957 6033 7569 3075 5139 4207 6208 8612 6685 6251 8300 130 4289 3361 4474 5636 5350 5855 5813 631 7307 9816 1662 4668 1154 1607 781 2919 8352 4495 5974 6139 2244 1247 9324 7260 9152 8476 2517 4350 7032 2253 494 8230 3332 8851 6986 5761 5997 7134
5758 1921 119 5294 1463 6187 3453 8951 2988 7824 3412 133 0 9617 9581 7149 638 8691 2977 7906 6266 5058 6697 9732 6169 8215 3360 3544 218 5133 2481 227 775 5848 638 7596 6178 8021 6493 291 9475 4845 5853 895 9226 6433 2451 4474 4396 4277 7205 396 7893 6002 1445 6100 8372 8143 3566 7605 9902 4199 2558 5942 1793 9342 762 4222 117 2139 1484 4352 7460 8316 1193 8330 4941 9180 7332 3251 1754 8009 4404 7794 6181 9655 8333 5184 2180 7432 2229 4300 9901 819 3779 5057 2305 9232 6678 4100
721 6037 2567 2829 9854 8665 5699 5367 8410 7121 4808 7825 9617 0 1737 9900 3217 4126 4693 5051 5500 2034 6261 8513 4434 2986 3363 6415 6594 2779 4736 4356 3828 8901 2128 2874 5512 3959 5245 1458 160 5683 4394 885 4141 5043 7934 7824 3629 7764 9699 2519 3878 612 7619 9972 4904 5238 7146 798 7681 383 1555 5592 7963 5953 72 964 3276 59 8329 4212 6571 2299 6905 719 4554 1133 7595 9724 1315 2835 4014 6335 1555 7051 4324 8741 873 1737 2518 5011 418 5936 5902 9529 929 1143 6429 5792
1706 8828 4683 8559 2359 5706 686 648 5940 6460 9531 7401 9581 1737 0 9700 1521 980 6090 8101 2670 3791 7308 1545 3563 5000 9563 8364 5976 6055 9199 7079 9766 8405 1297 7105 1224 7459 8687 8817 7296 4313 8925 6082 505 3154 8606 959 4131 4397 3232 3013 747 4124 491 2614 4828 5027 3425 5796 574 8148 9741 9187 5206 7727 1876 9659 1245 8945 6591 7791 1386 6056 8673 5138 1259 644 2036 6271 104 5128 6643 8174 8966 7157 4166 1219 9497 985 3845 4200 7636 6038 5937 2045 1737 7705 1639 7869
4419 3211 3214 4335 526 3111 1940 9074 8548 4975 9460 9201 7149 9900 9700 0 7803 4421 5211 4818 1164 9253 8414 6234 7895 9771 6194 2691 2990 4091 290 9860 2161 8715 3816 9772 2932 3469 9486 6025 3583 2602 9775 4391 9176 4475 1625 3250 9702 9956 1180 7132 2842 9714 4195 809 6316 5927 9266 9483 8652 9411 5589 4125 1414 2151 70 4450 6173 1401 6083 5642 8711 7119 6741 2924 4773 5983 8005 2759 9250 6233 2392 1638 4752 3266 3747 111 4204 4372 6201 9177 4382 5088 8664 3187 5329 9708 5992 8250
4686 1670 7219 5671 7829 2973 3749 9525 3008 8952 6643 7496 638 3217 1521 7803 0 6511 8176 3151 4323 7243 7124 6559 4763 6156 2937 5068 7895 2027 5511 721 455 5123 4215 459 8759 3138 6123 5715 9672 2435 7528 2769 853 5318 8906 9309 4844 8791 6381 5294 9960 179 2250 6649 5737 7792 9989 6946 7761 5116 1806 7570 3030 4153 1591 3971 7011 2940 6075 3404 6691 4249 4022 6358 7464 3535 3216 7454 5692 9718 1938 4770 4964 4316 690 8072 8181 9006 2311 5609 6805 3229 3481 7665 7224 303 2277 9267
2551 358 4916 2859 5042 7129 6679 7533 4913 7136 3840 8097 8691 4126 980 4421 6511 0 1939 2891 2914 9223 5895 2270 95 1803 7757 3898 9408 990 598 7400 3409 4831 9726 1179 4682 2581 7139 7055 9756 7671 5052 5544 2334 7165 5270 881 7429 6693 3849 2137 6483 6484 6911 4693 668 113 8741 969 9039 3610 4932 9993 2337 9118 3613 8683 9199 4608 119 6614 4882 7335 9479 4631 5433 2033 683 3814 5983 3685 8963 8212 2356 9165 5454 2408 7778 4585 9982 9723 5013 1608 4624 5520 3604 914 7218 5940
9085 4310 8176 7314 4019 3632 7530 3315 4957 7458 6939 9657 2977 4693 6090 5211 8176 1939 0 4979 4404 889 6147 975 2927 857 275 9615 4290 588 1906 2019 9245 9686 309 6121 6168 7878 1389 3912 6317 5627 5121 3123 4399 1566 4210 643 9930 9907 3462 356 9343 2893 4180 7080 7792 993 6754 7608 3395 1385 5984 415 8984 8640 5672 5548 4087 4418 5083 8711 8040 9435 8680 9251 474 7247 8402 2840 6469 2513 3942 5971 5149 9407 9589 863 440 2083 3796 8868 3706 3864 5684 179 1145 8721 338 7047
1014 5592 8903 791 362 8906 5032 9838 8928 1458 4258 7896 7906 5051 8101 4818 3151 2891 4979 0 269 9002 2806 7553 3345 3777 2796 1278 2112 5948 6540 4231 6658 8148 4464 5530 4576 7385 2770 4840 3984 4690 8824 961 3632 7104 9607 3760 9586 2073 1896 2016 4470 4815 1125 528 5166 9008 2826 2954 6421 4237 2367 2361 54 6335 7303 9888 3853 6100 6610 3320 819 9532 1597 6564 856 427 562 7928 8424 5139 1060 8776 4815 4996 2294 2200 3517 9112 2396 928 3474 6468 5578 3495 3593 4795 2638 8695
8900 456 1518 5048 921 5414 9071 5955 1199 4613 4444 1050 6266 5500 2670 1164 4323 2914 4404 269 0 5733 8478 6630 6572 9235 6503 2763 2460 4391 1615 190 3121 8111 3056 9648 2518 7915 6107 9049 8898 7498 1277 6569 1539 3382 235 4835 8918 2384 2715 512 9496 9057 9185 177 6976 1923 1244 509 6082 1166 5552 6815 4559 921 1579 1136 9297 341 3602 5423 6536 8094 7919 1220 2940 298 9943 7112 7602 925 7023 1084 5637 6045 853 2825 7819 5677 8580 9809 324 3897 5888 4970 1911 1721 5908 5334
3140 5956 1758 2992 7254 2175 9005 5243 7108 621 2858 2943 5058 2034 3791 9253 7243 9223 889 9002 5733 0 5363 1097 141 5644 5852 4345 8813 2553 7934 5981 9693 4022 6311 1371 4739 8770 8433 8993 2160 5242 6735 1794 3859 931 9171 5116 7632 5969 6911 6807 2312 7351 5322 5419 4829 6561 4719 5173 5233 2503 6311 4352 677 4103 7045 4118 7983 9900 2741 4742 5765 3073 2468 6362 390 5200 3772 9480 5635 1236 939 1159 9401 6576 8809 6577 4703 3911 9344 2447 3574 1867 6212 2214 8893 610 8482 4785
4677 9328 1223 447 3035 9497 3770 6767 2158 5760 5099 646 6697 6261 7308 8414 7124 5895 6147 2806 8478 5363 0 7689 510 1868 9206 5513 5003 2267 3284 9657 7510 9265 6993 6531 8658 4880 8740 5270 8767 8251 8717 6723 9857 7922 2378 4745 7654 5494 2961 1992 232 2786 4018 1766 3236 3214 5298 8588 2748 8487 8301 1734 7228 2806 3476 2738 4352 3828 508 6160 1257 695 7377 8573 8921 7134 2846 3609 8653 6933 5328 9737 3156 7805 7844 2096 7501 2305 249 2905 7295 7400 78 421 6861 1781 3134 7575
4623 471 1259 1360 6395 879 8374 7284 4948 9222 1847 286 9732 8513 1545 6234 6559 2270 975 7553 6630 1097 7689 0 4129 9772 7616 266 2130 2573 796 7441 1822 1556 7730 4384 1424 9252 6740 7312 5044 2908 6235 1192 260 216 4291 6630 1442 6954 586 1422 4313 3629 9874 1767 9406 9052 6882 4080 9978 7311 3044 4901 3578 7808 7497 1034 4479 8564 6863 7142 309 6005 4873 314 7900 655 466 3358 4002 1517 786 25 4551 5776 5645 6842 358 9552 2470 2177 3118 2798 2784 5073 8940 1891 4475 7700
2765 6389 4738 4453 5076 4515 8833 8168 6756 7240 5374 4692 6169 4434 3563 7895 4763 95 2927 3345 6572 141 510 4129 0 8181 78 5634 3245 5651 2527 1858 2305 107 9899 1921 7611 8303 6869 9159 7229 8816 3298 8694 1754 7056 4593 5531 1481 1982 2058 5578 7281 337 3654 9607 8698 1102 7366 1945 2051 5896 5918 6244 3064 2989 8 7030 3360 3822 2128 2665 8499 3918 2566 9501 6974 3937 1017 6101 3257 6007 8926 3599 8082 7739 607 2356 4530 8228 6219 6406 7664 2386 3857 3579 6514 9300 50 3000
9332 5753 232 753 7286 5249 6689 7350 4317 7072 1756 7271 8215 2986 5000 9771 6156 1803 857 3777 9235 5644 1868 9772 8181 0 5280 4335 5723 840 1715 3896 8811 617 2256 1166 7674 7497 3346 5087 5517 2561 4915 3128 1374 1889 6757 9614 8908 9864 2732 3169 8510 5676 3521 8480 8496 6074 6591 8638 9647 69 294 2130 6585 4014 8761 2084 3388 3492 2304 707 8172 6579 2392 111 1992 2122 6797 3423 8577 3633 8422 6582 5115 9959 6670 6108 1030 2175 4101 129 3931 5007 1860 4569 2641 7786 8672 3905
3952 6477 5271 6600 4984 4389 8610 1889 5823 77 4683 1414 3360 3363 9563 6194 2937 7757 275 2796 6503 5852 9206 7616 78 5280 0 9054 9119 7503 5153 8318 6241 4815 4302 9362 1060 3953 4070 2021 8788 5406 511 1644 9519 9159 2122 5300 1810 649 8540 3561 9276 5270 7255 5783 7716 1787 8724 8036 5325 1007 5814 6312 854 8762 6907 3305 3832 5112 7010 5099 828 2234 1700 5791 1862 2151 453 5250 1818 4211 3968 184 9439 7899 9375 221 1001 1065 2034 6155 7960 9075 6422 8042 5542 8660 7721 9770
2055 772 2515 380 1635 36 6205 4357 4475 741 4115 349 3544 6415 8364 2691 5068 3898 9615 1278 2763 4345 5513 266 5634 4335 9054 0 5202 8669 3468 9714 4582 5242 6331 476 9698 4289 2090 8477 9716 4199 7967 1831 9711 10000 9963 764 6082 8877 8066 3099 3495 3608 4315 9477 647 9214 9109 8111 9787 8537 1687 2868 1993 1202 2005 7381 2180 2410 9633 7653 1265 7761 3504 7337 387 837 9355 6017 9313 6245 5939 400 6191 8296 4295 758 8486 4443 7949 9240 1267 1110 2438 1262 8026 1785 4680 851
4345 2344 4213 8384 3829 2928 8356 6286 8400 1159 9377 5270 218 6594 5976 2990 7895 9408 4290 2112 2460 8813 5003 2130 3245 5723 9119 5202 0 3926 9862 2829 6595 9846 4624 7254 2944 9569 8068 1063 5632 3137 6343 4179 5743 5967 4432 575 7308 6801 7366 8064 5962 6678 9315 216 9236 7663 1547 3534 9910 2573 2125 5279 6476 2029 7916 2374 773 8968 88 3065 3220 7569 5554 2029 7761 3170 6774 88 5228 4973 8290 2666 3841 5705 6775 4496 6366 5150 6311 2452 2533 4915 1559 6753 1831 7959 7867 7708
6907 4428 5246 6559 2483 6750 4065 3853 2393 3127 1000 5326 5133 2779 6055 4091 2027 990 588 5948 4391 2553 2267 2573 5651 840 7503 8669 3926 0 1788 9230 3421 3037 1548 1556 4880 7373 8374 8405 1271 9515 2961 481 9889 2797 496 1109 4979 8843 9477 3856 1492 8201 7090 8632 6886 9194 6567 2773 453 1790 7949 8927 6465 5707 5221 553 551 14 4069 2554 8656 6402 8251 3330 9931 7991 6193 9543 7812 1112 1531 6492 2977 8509 9543 2291 4335 5683 7044 8995 4139 5125 2914 582 7015 6535 8413 8529
607 4458 6592 7495 5273 1904 4215 8538 7676 3814 8231 4689 2481 4736 9199 290 5511 598 1906 6540 1615 7934 3284 796 2527 1715 5153 3468 9862 1788 0 4608 6574 520 6289 1378 5469 7202 2721 7876 4064 25 6943 5345 7016 3990 3942 5170 5568 5447 6026 6342 9108 6363 9137 690 7657 8480 2630 1371 191 8310 3458 1665 2765 779 8578 6283 7995 7222 2123 4242 303 767 872 8055 1754 7929 3701 6373 71 5458 4101 7072 9189 2019 9879 79 8464 5180 1595 257 8345 8006 7923 3941 4192 8415 1583 1302
3262 8552 4448 2989 3904 8866 2032 6578 1995 7184 2594 3387 227 4356 7079 9860 721 7400 2019 4231 190 5981 9657 7441 1858 3896 8318 9714 2829 9230 4608 0 8672 9995 9804 7558 1827 3202 3428 3763 2731 171 4191 7385 472 2660 7746 8264 225 4742 3454 8995 1192 7098 8656 3558 5137 7965 5620 9275 8101 1724 8076 6584 1110 1627 5870 999 3708 7710 5988 9432 3370 1954 3692 8460 9227 2799 9924 2783 5604 3151 6196 918 446 711 6309 6343 9919 1791 2579 1934 7419 6286 5094 6693 1058 5242 7861 5392
411 9473 5563 2595 7325 9757 978 347 919 3727 1939 3409 775 3828 9766 2161 455 3409 9245 6658 3121 9693 7510 1822 2305 8811 6241 4582 6595 3421 6574 8672 0 6148 3778 4928 3575 5749 579 1077 8352 219 6941 6647 2520 2518 58 7982 7146 1783 5472 7257 811 3097 3709 9677 9362 1240 5863 2790 7289 4755 9489 2030 2778 4716 6330 9798 8701 2284 9507 5308 329 9605 6119 5996 8440 3159 7581 3716 5825 5380 2602 4288 9240 4551 2808 730 3838 8455 3717 6207 7415 9421 1182 7260 3034 8820 9648 6658
7481 1065 2315 823 7250 2668 3964 3040 7947 2235 658 4477 5848 8901 8405 8715 5123 4831 9686 8148 8111 4022 9265 1556 107 617 4815 5242 9846 3037 520 9995 6148 0 6126 3324 7951 4722 3014 7426 6611 6222 8744 1213 8911 2361 7416 2767 8451 732 935 799 7497 8285 5391 3728 1859 4888 907 1968 7995 9834 6470 8669 288 308 8584 1636 4399 3426 3938 3813 7028 3569 4674 8545 3487 9378 557 3475 5925 2177 984 9929 1132 7366 316 3438 422 9278 9198 2793 2231 8362 3190 6617 8464 9907 779 5359
1678 3870 8583 812 3528 2680 1439 6614 7422 5670 8049 5974 638 2128 1297 3816 4215 9726 309 4464 3056 6311 6993 7730 9899 2256 4302 6331 4624 1548 6289 9804 3778 6126 0 149 4486 8455 2522 8846 8522 4140 8508 596 7263 1907 5740 6095 5598 9588 649 7176 9484 1715 5552 1581 6040 381 2362 5007 3397 6878 9241 4074 1770 244 8059 8776 7676 3919 6536 6179 4844 6485 960 1932 41 8261 2289 4065 4559 3708 5506 2100 1114 9108 2246 14 8435 5521 507 6020 250 8702 5859 8222 8867 1909 333 499
4188 9981 999 2923 651 7208 3169 937 6835 7989 2905 8726 7596 2874 7105 9772 459 1179 6121 5530 9648 1371 6531 4384 1921 1166 9362 476 7254 1556 1378 7558 4928 3324 149 0 8105 5947 4172 7478 1313 6230 6003 1301 3476 9132 2594 2682 6722 6807 4647 1473 5832 4178 8300 6188 9051 9797 6121 9721 9253 8311 8463 2856 4916 6961 2324 9706 1723 8256 2525 622 5596 2793 6174 5338 7814 350 5590 7072 7629 3489 9827 4431 5121 3183 919 3321 8992 7196 9870 1193 857 4009 839 7326 7061 2975 1225 1814
4001 5846 7128 6265 2836 3280 5110 4300 7565 876 4024 4783 6178 5512 1224 2932 8759 4682 6168 4576 2518 4739 8658 1424 7611 7674 1060 9698 2944 4880 5469 1827 3575 7951 4486 8105 0 7647 9324 7750 2179 9869 6771 973 9019 1498 7129 5934 8447 3263 2180 4987 3044 3807 8156 7359 7511 1468 920 2784 8234 9730 6670 4410 1135 5120 1685 4271 3318 9320 3154 4816 9615 2355 3606 2719 6683 5816 2964 7931 4778 3807 1888 6089 2556 3646 3108 6440 8403 8705 4103 4927 5706 2823 3415 7337 8804 3372 5991 3743
9529 2292 7235 1206 315 1216 2719 2834 3454 3503 5674 5550 8021 3959 7459 3469 3138 2581 7878 7385 7915 8770 4880 9252 8303 7497 3953 4289 9569 7373 7202 3202 5749 4722 8455 5947 7647 0 1422 482 4392 6522 8393 4152 8086 7184 1461 4991 8954 287 6098 7926 8511 1035 8173 9177 856 5330 5405 5435 8765 8784 6933 4050 9977 8096 479 4303 7427 4431 2972 6023 859 2481 8180 8247 3075 2671 5454 95 5666 9867 4806 7675 6057 7447 5969 726 6708 4171 3008 3964 5404 4805 9833 7621 8220 9088 4152 8475
5414 5139 107 2771 8783 1440 6189 9543 5873 2079 3906 6223 6493 5245 8687 9486 6123 7139 1389 2770 6107 8433 8740 6740 6869 3346 4070 2090 8068 8374 2721 3428 579 3014 2522 4172 9324 1422 0 5337 611 7355 8707 1798 7482 1633 9429 3676 8085 8601 6047 7334 8829 5688 5326 2416 6564 6958 6930 7117 9119 8509 296 8002 462 8507 1509 945 7215 1797 8079 524 1952 900 7631 1523 8345 4482 3229 4699 5635 6786 9967 4897 6851 8522 6716 7646 2170 3862 9235 6920 201 6567 1556 5725 4533 4113 9362 6219
3987 8856 2716 5457 2960 9518 9245 7188 5346 6821 1286 7341 291 1458 8817 6025 5715 7055 3912 4840 9049 8993 5270 7312 9159 5087 2021 8477 1063 8405 7876 3763 1077 7426 8846 7478 7750 482 5337 0 8251 9189 9449 7273 1844 6703 1474 5879 202 5910 2707 119 3144 4000 3086 4970 9214 3397 9656 5003 450 3669 1532 1598 6313 5576 2742 1625 5991 9854 7409 9580 3942 2116 1356 1111 5178 8588 596 3917 2520 3604 2143 2321 6309 6333 217 128 9143 4174 6079 4063 9462 6770 3429 9790 2157 3375 6011 2521
1059 7351 2739 5405 340 7889 2509 9801 8315 6459 3449 7121 9475 160 7296 3583 9672 9756 6317 3984 8898 2160 8767 5044 7229 5517 8788 9716 5632 1271 4064 2731 8352 6611 8522 1313 2179 4392 611 8251 0 4023 7470 2606 6009 1940 6053 1463 5469 2223 9545 6161 3332 2486 7670 8703 7915 4846 9315 1161 6131 7597 867 3874 349 8692 1186 3036 6912 3428 3815 8492 1063 7777 2463 6558 8260 6758 545 9966 154 5844 9069 3114 1989 7742 9971 1948 4985 9652 7678 9629 3780 7433 7557 2725 5483 9660 5083 2618
8899 8751 327 9012 4885 7053 7677 8801 5412 6814 6205 4072 4845 5683 4313 2602 2435 7671 5627 4690 7498 5242 8251 2908 8816 2561 5406 4199 3137 9515 25 171 219 6222 4140 6230 9869 6522 7355 9189 4023 0 2526 6016 5805 448 3916 7413 2962 8022 9178 9832 2467 1940 5536 6428 3298 7242 821 2210 4248 5016 1833 875 6026 1497 5460 4576 1853 4948 9799 2870 6615 5529 5946 3265 7906 7377 9331 5018 7884 7765 1916 7886 94 4949 9014 4295 8243 8426 2742 3875 5522 3110 2110 598 1017 2112 2387 4072
1950 4800 8274 453 1785 8223 9422 1573 7381 1095 4242 9679 5853 4394 8925 9775 7528 5052 5121 8824 1277 6735 8717 6235 3298 4915 511 7967 6343 2961 6943 4191 6941 8744 8508 6003 6771 8393 8707 9449 7470 2526 0 2476 3313 5414 7541 2226 5202 5127 7421 5004 5458 7844 7767 7819 4229 7923 8281 3157 9434 8476 6327 4548 8810 6511 7908 3625 1972 6570 2989 4630 8731 5078 6943 8162 761 8384 244 2451 6189 833 1574 6042 1632 2467 7278 1101 2361 6937 5629 6721 411 7258 788 3297 3664 5690 6141 5569
3730 2769 432 6619 7822 4888 2198 6648 4427 4303 2900 8357 895 885 6082 4391 2769 5544 3123 961 6569 1794 6723 1192 8694 3128 1644 1831 4179 481 5345 7385 6647 1213 596 1301 973 4152 1798 7273 2606 6016 2476 0 2608 4094 1397 8156 8031 2700 6383 2021 5622 811 8020 4206 7559 550 6843 3567 268 3195 5796 2481 9961 3602 2540 5988 8010 2350 4002 4631 8561 4593 2857 2927 359 2464 495 8727 1339 4191 2941 6861 6709 6697 9459 7052 687 7415 4130 6441 7115 5752 845 3691 6536 4550 4017 8289
300 3202 915 8019 900 1142 8520 2228 2262 3082 4613 8605 9226 4141 505 9176 853 2334 4399 3632 1539 3859 9857 260 1754 1374 9519 9711 5743 9889 7016 472 2520 8911 7263 3476 9019 8086 7482 1844 6009 5805 3313 2608 0 720 1887 420 1387 6625 6112 3922 5546 7072 7830 9170 1591 6972 1538 4789 9220 7420 5262 3473 9683 272 110 7961 190 7877 5115 4886 5934 7513 7799 238 984 7767 9813 8844 9951 4332 2306 7805 4463 5684 5514 9892 3344 482 5468 1732 3967 4503 7162 2320 2532 3831 5236 1613
7618 786 2038 4003 692 5030 3442 8112 6875 4411 2194 7898 6433 5043 3154 4475 5318 7165 1566 7104 3382 931 7922 216 7056 1889 9159 10000 5967 2797 3990 2660 2518 2361 1907 9132 1498 7184 1633 6703 1940 448 5414 4094 720 0 1350 1205 1264 6708 8409 9804 6101 1821 5665 7932 8678 722 7406 3137 7502 8645 8701 2341 2910 9334 9004 7712 4744 2484 487 9350 6323 2656 876 2956 8301 2119 9833 8798 7032 4125 8863 475 6813 2387 9343 7497 706 8020 7371 6116 1687 9984 1570 8648 9148 9739 2277 3738
5160 83 48 9967 4557 6729 9744 8673 7046 7412 6833 8101 2451 7934 8606 1625 8906 5270 4210 9607 235 9171 2378 4291 4593 6757 2122 9963 4432 496 3942 7746 58 7416 5740 2594 7129 1461 9429 1474 6053 3916 7541 1397 1887 1350 0 4254 4396 9615 2457 6066 3923 4404 4440 6885 5529 3032 5941 4106 4743 984 5879 9211 6232 4421 7643 3646 8524 9591 2035 5419 3446 287 4786 6905 3188 9517 2999 6177 5906 3232 4324 5901 8789 7328 526 2272 113 496 5434 545 9451 3452 5093 8345 4224 862 9202 2043
463 1285 4658 3704 9246 5035 3589 6591 374 9966 1324 4884 4474 7824 959 3250 9309 881 643 3760 4835 5116 4745 6630 5531 9614 5300 764 575 1109 5170 8264 7982 2767 6095 2682 5934 4991 3676 5879 1463 7413 2226 8156 420 1205 4254 0 7159 3092 1248 5531 5677 1971 7103 923 5644 8180 8070 3881 1901 378 6938 4036 2708 1533 4911 8074 9094 7378 3860 6221 2816 9368 649 3703 2784 5148 6273 8007 9099 7197 7830 3601 7949 4578 9954 1438 6944 4095 9473 695 4383 2042 7068 6061 9837 4460 9318 44
7981 8718 415 711 1881 5620 4678 5697 9313 8995 4484 2147 4396 3629 4131 9702 4844 7429 9930 9586 8918 7632 7654 1442 1481 8908 1810 6082 7308 4979 5568 225 7146 8451 5598 6722 8447 8954 8085 202 5469 2962 5202 8031 1387 1264 4396 7159 0 1736 2857 1538 9645 1939 7842 7609 8419 8056 903 2913 7518 305 2407 2075 6898 3873 7650 7024 4720 1166 32 2944 6282 4816 5395 1744 214 1537 6183 1184 8655 9399 1659 8909 9701 894 5847 4795 8302 9942 4661 1262 2321 9137 1529 8772 7527 6522 5886 152
108 3543 3131 7350 8498 5098 9589 549 2498 4658 1505 2686 4277 7764 4397 9956 8791 6693 9907 2073 2384 5969 5494 6954 1982 9864 649 8877 6801 8843 5447 4742 1783 732 9588 6807 3263 287 8601 5910 2223 8022 5127 2700 6625 6708 9615 3092 1736 0 6808 7761 9325 7558 501 3367 6463 9803 3485 4930 3169 4494 7658 2224 241 573 5266 1136 5687 737 721 7991 6461 4052 8484 3414 7559 6785 1788 8284 7407 9810 8008 7727 2378 6403 1937 3786 4823 5719 3796 8767 5295 2938 5883 5109 9062 3894 5856 5195
6780 8771 8301 796 5999 959 2091 624 8189 6097 1394 6957 7205 9699 3232 1180 6381 3849 3462 1896 2715 6911 2961 586 2058 2732 8540 8066 7366 9477 6026 3454 5472 935 649 4647 2180 6098 6047 2707 9545 9178 7421 6383 6112 8409 2457 1248 2857 6808 0 703 6128 8300 9016 4369 9141 2988 4291 3867 8348 2669 2272 1782 2190 5497 4633 2058 2381 2052 5323 4320 1687 8596 1940 7777 1492 1479 9745 9336 7797 6181 8961 3763 1300 2763 5646 8623 1157 6796 163 15 5654 2915 2396 4668 6374 2933 1998 8726
2048 8930 4718 3303 6152 1753 7432 9598 4412 8873 9880 6033 396 2519 3013 7132 5294 2137 356 2016 512 6807 1992 1422 5578 3169 3561 3099 8064 3856 6342 8995 7257 799 7176 1473 4987 7926 7334 119 6161 9832 5004 2021 3922 9804 6066 5531 1538 7761 703 0 3752 8528 3740 9333 3964 8683 9458 4666 9635 608 8177 7507 7246 8371 9661 5656 2633 6015 5727 661 3607 4091 8266 7860 322 5729 1549 6273 4022 5747 4544 5075 2042 9335 8692 4975 13 1936 3345 1105 9122 3658 2192 9131 4115 7255 379 6299
9001 9712 3141 3825 4719 9456 7528 4002 9588 223 469 7569 7893 3878 747 2842 9960 6483 9343 4470 9496 2312 232 4313 7281 8510 9276 3495 5962 1492 9108 1192 811 7497 9484 5832 3044 8511 8829 3144 3332 2467 5458 5622 5546 6101 3923 5677 9645 9325 6128 3752 0 456 2578 1727 4787 5092 7533 3042 9824 7630 5875 2885 1456 6635 4030 8704 3881 5774 3470 3068 1741 3511 9926 2518 3090 8647 707 7284 9697 218 5292 4352 9619 1473 3851 9767 1663 8735 9087 8495 960 5119 7209 3087 2802 8015 954 8663
1010 6169 8635 3096 7095 7386 3699 411 4611 4992 3778 3075 6002 612 4124 9714 179 6484 2893 4815 9057 7351 2786 3629 337 5676 5270 3608 6678 8201 6363 7098 3097 8285 1715 4178 3807 1035 5688 4000 2486 1940 7844 811 7072 1821 4404 1971 1939 7558 8300 8528 456 0 5752 2214 5161 3707 5079 4624 3371 629 7783 558 1451 1570 944 8877 8414 1341 106 2632 3424 8692 3166 1153 8522 9716 502 6984 7951 7590 7076 7805 7628 4660 4712 4364 5380 6259 8007 6971 435 5319 7041 6423 8357 1715 9420 879
2029 5107 8996 8572 2426 3243 4206 1979 2557 9277 8811 5139 1445 7619 491 4195 2250 6911 4180 1125 9185 5322 4018 9874 3654 3521 7255 4315 9315 7090 9137 8656 3709 5391 5552 8300 8156 8173 5326 3086 7670 5536 7767 8020 7830 5665 4440 7103 7842 501 9016 3740 2578 5752 0 3133 3892 2811 2690 7877 2426 3447 37 3468 2898 4722 8092 2664 6732 9865 7313 3402 4872 3951 7809 9120 281 2825 9977 5679 6547 1168 5754 9666 5763 4003 4783 3252 6022 1804 1101 7787 3043 7565 294 8975 1228 2078 4057 939
6355 9832 2016 5489 6895 6758 4228 912 3082 6402 2800 4207 6100 9972 2614 809 6649 4693 7080 528 177 5419 1766 1767 9607 8480 5783 9477 216 8632 690 3558 9677 3728 1581 6188 7359 9177 2416 4970 8703 6428 7819 4206 9170 7932 6885 923 7609 3367 4369 9333 1727 2214 3133 0 3039 9601 8081 4019 6632 7393 6056 2992 9578 2212 4061 5695 6184 479 8963 6183 8115 3329 2661 430 1818 7079 2985 6136 2383 2027 7026 5513 1110 7831 7158 2596 2053 6373 7453 1478 5093 9727 3843 2521 9826 7022 5389 7256
426 4895 7258 234 5067 2501 2326 341 1056 3637 3999 6208 8372 4904 4828 6316 5737 668 7792 5166 6976 4829 3236 9406 8698 8496 7716 647 9236 6886 7657 5137 9362 1859 6040 9051 7511 856 6564 9214 7915 3298 4229 7559 1591 8678 5529 5644 8419 6463 9141 3964 4787 5161 3892 3039 0 5856 1120 4945 3393 6316 878 4357 3149 619 8732 7726 7773 9722 1751 1207 5668 3608 481 2384 8051 8315 7290 1351 9728 1504 2543 3669 4173 4125 2490 4487 4675 2650 9957 7820 7337 3471 8408 4987 9628 1977 2878 3178
5144 6799 8419 2394 2534 7773 6190 5927 7548 7145 1837 8612 8143 5238 5027 5927 7792 113 993 9008 1923 6561 3214 9052 1102 6074 1787 9214 7663 9194 8480 7965 1240 4888 381 9797 1468 5330 6958 3397 4846 7242 7923 550 6972 722 3032 8180 8056 9803 2988 8683 5092 3707 2811 9601 5856 0 2802 7435 3779 9237 5538 8889 99 383 4925 2810 7607 1241 6053 4778 981 1628 4978 283 3853 2553 6216 5869 7950 7064 7762 655 4672 7580 9262 1117 1055 7844 3884 1502 541 816 6729 639 8251 7923 1070 8065
5243 9004 6180 1657 1267 5795 2609 5881 5887 3112 6343 6685 3566 7146 3425 9266 9989 8741 6754 2826 1244 4719 5298 6882 7366 6591 8724 9109 1547 6567 2630 5620 5863 907 2362 6121 920 5405 6930 9656 9315 821 8281 6843 1538 7406 5941 8070 903 3485 4291 9458 7533 5079 2690 8081 1120 2802 0 9205 5335 8076 6453 1840 8229 5489 4422 4712 361 4482 2441 6029 7294 672 5552 2147 3159 2932 4590 3748 3204 2322 7860 5238 5566 3903 2502 5321 8975 4982 6108 8120 6880 5763 7986 8142 6386 9510 812 5184
8215 6786 2586 9825 9659 8297 4274 7809 8645 3511 8356 6251 7605 798 5796 9483 6946 969 7608 2954 509 5173 8588 4080 1945 8638 8036 8111 3534 2773 1371 9275 2790 1968 5007 9721 2784 5435 7117 5003 1161 2210 3157 3567 4789 3137 4106 3881 2913 4930 3867 4666 3042 4624 7877 4019 4945 7435 9205 0 9940 3983 8936 533 805 5138 5578 3768 5579 7078 9304 5858 6794 2751 906 3276 9161 2641 433 4289 5862 5542 3445 9030 1744 2161 1124 7824 892 5709 7389 4582 4213 7293 4191 6264 1908 3895 3809 8944
64 5501 6042 1258 7992 3239 8913 7322 6533 8194 3464 8300 9902 7681 574 8652 7761 9039 3395 6421 6082 5233 2748 9978 2051 9647 5325 9787 9910 453 191 8101 7289 7995 3397 9253 8234 8765 9119 450 6131 4248 9434 268 9220 7502 4743 1901 7518 3169 8348 9635 9824 3371 2426 6632 3393 3779 5335 9940 0 9369 1849 3112 2807 2449 3499 6460 9019 3612 529 5756 6928 5261 1200 9396 498 3917 4565 9582 4940 4000 6928 8596 1938 2354 1919 6521 1539 7722 5991 4331 4659 3669 9947 784 472 8394 3002 7873
6986 2753 8278 8148 7509 8186 3586 8373 2349 8754 1352 130 4199 383 8148 9411 5116 3610 1385 4237 1166 2503 8487 7311 5896 69 1007 8537 2573 1790 8310 1724 4755 9834 6878 8311 9730 8784 8509 3669 7597 5016 8476 3195 7420 8645 984 378 305 4494 2669 608 7630 629 3447 7393 6316 9237 8076 3983 9369 0 9624 2899 5102 3738 1319 3664 8624 9639 1189 8619 8529 2510 908 2024 6248 4091 2548 7583 6695 2164 8851 3293 2498 1206 8809 5020 6808 6118 5058 6731 3315 3358 2810 5069 9702 287 2515 5441
5698 1697 4895 2650 589 8319 9878 1666 5869 753 549 4289 2558 1555 9741 5589 1806 4932 5984 2367 5552 6311 8301 3044 5918 294 5814 1687 2125 7949 3458 8076 9489 6470 9241 8463 6670 6933 296 1532 867 1833 6327 5796 5262 8701 5879 6938 2407 7658 2272 8177 5875 7783 37 6056 878 5538 6453 8936 1849 9624 0 573 6837 3767 3014 4445 1168 7298 3483 9852 6348 2685 2613 6011 3336 4313 3563 3626 5052 6291 8881 2484 4642 5014 7454 6256 2000 4655 3067 658 4429 5723 8448 4795 7101 9003 6954 6367
8771 6488 1299 4630 6294 1070 6504 2809 5252 1265 4549 3361 5942 5592 9187 4125 7570 9993 415 2361 6815 4352 1734 4901 6244 2130 6312 2868 5279 8927 1665 6584 2030 8669 4074 2856 4410 4050 8002 1598 3874 875 4548 2481 3473 2341 9211 4036 2075 2224 1782 7507 2885 558 3468 2992 4357 8889 1840 533 3112 2899 573 0 5661 9215 9851 1123 4072 9770 7367 6987 5893 2682 2939 198 9119 2720 557 6863 8495 7024 7995 3473 5380 3893 9617 3484 6207 44 4828 1468 622 1004 8813 4850 509 6102 1465 8533
6728 2287 9087 9442 7852 8211 2706 7049 7464 2636 2023 4474 1793 7963 5206 1414 3030 2337 8984 54 4559 677 7228 3578 3064 6585 854 1993 6476 6465 2765 1110 2778 288 1770 4916 1135 9977 462 6313 349 6026 8810 9961 9683 2910 6232 2708 6898 241 2190 7246 1456 1451 2898 9578 3149 99 8229 805 2807 5102 6837 5661 0 6394 4819 785 856 5733 7541 5347 5154 5728 4327 3294 6826 4394 2811 1151 3933 4064 8242 2035 3381 2092 248 2690 7792 3420 1735 5776 9252 9637 676 735 8681 7518 7292 9943
4472 1943 6214 8088 1429 411 8435 4873 1185 8087 3446 5636 9342 5953 7727 2151 4153 9118 8640 6335 921 4103 2806 7808 2989 4014 8762 1202 2029 5707 779 1627 4716 308 244 6961 5120 8096 8507 5576 8692 1497 6511 3602 272 9334 4421 1533 3873 573 5497 8371 6635 1570 4722 2212 619 383 5489 5138 2449 3738 3767 9215 6394 0 6953 4044 6034 4649 7420 10000 4696 1661 7107 8157 7062 4964 3457 1517 174 9245 7309 5654 2588 1367 1291 3660 3542 8703 8006 5460 7438 7302 5379 7652 3457 9460 7627 7946
3100 439 7639 6423 9194 7605 6700 2101 4999 1216 6910 5350 762 72 1876 70 1591 3613 5672 7303 1579 7045 3476 7497 8 8761 6907 2005 7916 5221 8578 5870 6330 8584 8059 2324 1685 479 1509 2742 1186 5460 7908 2540 110 9004 7643 4911 7650 5266 4633 9661 4030 944 8092 4061 8732 4925 4422 5578 3499 1319 3014 9851 4819 6953 0 1142 8059 8921 882 2554 454 2840 299 6406 1866 7731 6687 1118 6578 5129 9273 7966 571 4864 2351 9170 2528 8982 8950 4378 376 5278 8194 9721 3433 5053 5680 6016
6576 8460 6480 7280 4660 2254 114 4777 9660 4246 4913 5855 4222 964 9659 4450 3971 8683 5548 9888 1136 4118 2738 1034 7030 2084 3305 7381 2374 553 6283 999 9798 1636 8776 9706 4271 4303 945 1625 3036 4576 3625 5988 7961 7712 3646 8074 7024 1136 2058 5656 8704 8877 2664 5695 7726 2810 4712 3768 6460 3664 4445 1123 785 4044 1142 0 7912 5117 7770 5508 5330 4045 9854 9758 9405 9529 8585 855 2190 5071 3256 9014 4361 4473 2106 5367 482 2905 8248 4346 3902 2979 8159 3525 7173 7746 5898 1019
532 8532 3817 4243 497 2916 5085 5237 8342 5963 2815 5813 117 3276 1245 6173 7011 9199 4087 3853 9297 7983 4352 4479 3360 3388 3832 2180 773 551 7995 3708 8701 4399 7676 1723 3318 7427 7215 5991 6912 1853 1972 8010 190 4744 8524 9094 4720 5687 2381 2633 3881 8414 6732 6184 7773 7607 361 5579 9019 8624 1168 4072 856 6034 8059 7912 0 5855 1795 4872 6434 9516 8033 7041 8237 6599 8358 4194 674 190 7221 991 4293 9542 9173 9407 22 822 4183 2323 3516 8533 3279 1414 8804 2231 4926 6080
3499 1794 1821 4603 4430 6779 1922 8236 5720 1618 4069 631 2139 59 8945 1401 2940 4608 4418 6100 341 9900 3828 8564 3822 3492 5112 2410 8968 14 7222 7710 2284 3426 3919 8256 9320 4431 1797 9854 3428 4948 6570 2350 7877 2484 9591 7378 1166 737 2052 6015 5774 1341 9865 479 9722 1241 4482 7078 3612 9639 7298 9770 5733 4649 8921 5117 5855 0 4455 4583 3237 4727 941 4551 2812 265 3362 2447 4515 338 2966 8110 9211 7070 675 5854 6494 3839 8251 8201 1111 8226 3749 7629 7283 249 4073 6355
8210 4677 7055 5712 1875 9252 536 5582 8646 1179 5822 7307 1484 8329 6591 6083 6075 119 5083 6610 3602 2741 508 6863 2128 2304 7010 9633 88 4069 2123 5988 9507 3938 6536 2525 3154 2972 8079 7409 3815 9799 2989 4002 5115 487 2035 3860 32 721 5323 5727 3470 106 7313 8963 1751 6053 2441 9304 529 1189 3483 7367 7541 7420 882 7770 1795 4455 0 8937 5150 6411 2615 3300 6112 3087 3128 3278 4183 1174 4546 7853 29 3331 7917 5922 4001 4384 1532 2076 2374 2122 9745 9515 9685 3787 1888 9042
3629 6143 6762 6056 3479 3917 8662 9324 5397 5018 6229 9816 4352 4212 7791 5642 3404 6614 8711 3320 5423 4742 6160 7142 2665 707 5099 7653 3065 2554 4242 9432 5308 3813 6179 622 4816 6023 524 9580 8492 2870 4630 4631 4886 9350 5419 6221 2944 7991 4320 661 3068 2632 3402 6183 1207 4778 6029 5858 5756 8619 9852 6987 5347 10000 2554 5508 4872 4583 8937 0 4631 8410 6029 5655 2248 7011 614 9066 6228 4165 7644 5370 8982 207 9879 7899 1333 6834 7422 2384 4026 5573 428 6063 4159 9999 6806 9509
1611 3140 4 7632 3983 5042 6976 48 5144 5335 7261 1662 7460 6571 1386 8711 6691 4882 8040 819 6536 5765 1257 309 8499 8172 828 1265 3220 8656 303 3370 329 7028 4844 5596 9615 859 1952 3942 1063 6615 8731 8561 5934 6323 3446 2816 6282 6461 1687 3607 1741 3424 4872 8115 5668 981 7294 6794 6928 8529 6348 5893 5154 4696 454 5330 6434 3237 5150 4631 0 140 5204 9216 6855 8986 6961 3717 523 6854 3444 8533 5734 9991 9414 5138 9172 2182 8172 1080 4619 2898 8343 788 8213 1595 2930 7244
4817 8553 4669 8237 1504 8047 7164 846 5277 8025 8388 4668 8316 2299 6056 7119 4249 7335 9435 9532 8094 3073 695 6005 3918 6579 2234 7761 7569 6402 767 1954 9605 3569 6485 2793 2355 2481 900 2116 7777 5529 5078 4593 7513 2656 287 9368 4816 4052 8596 4091 3511 8692 3951 3329 3608 1628 672 2751 5261 2510 2685 2682 5728 1661 2840 4045 9516 4727 6411 8410 140 0 3582 8832 5014 5477 2640 754 2410 7633 4259 2685 4136 4132 353 9165 1025 6624 8837 2401 3042 5757 9240 9043 8168 391 1458 5302
9146 3873 5923 811 1003 4424 9538 8184 5722 2320 1451 1154 1193 6905 8673 6741 4022 9479 8680 1597 7919 2468 7377 4873 2566 2392 1700 3504 5554 8251 872 3692 6119 4674 960 6174 3606 8180 7631 1356 2463 5946 6943 2857 7799 876 4786 649 5395 8484 1940 8266 9926 3166 7809 2661 481 4978 5552 906 1200 908 2613 2939 4327 7107 299 9854 8033 941 2615 6029 5204 3582 0 3582 9640 6041 4053 5213 2945 398 6790 7865 3710 2255 7588 8350 5683 168 2603 1209 2700 4768 6056 1240 9850 8551 5124 1642
430 9960 3448 734 8114 8681 3199 7556 6068 3311 5428 1607 8330 719 5138 2924 6358 4631 9251 6564 1220 6362 8573 314 9501 111 5791 7337 2029 3330 8055 8460 5996 8545 1932 5338 2719 8247 1523 1111 6558 3265 8162 2927 238 2956 6905 3703 1744 3414 7777 7860 2518 1153 9120 430 2384 283 2147 3276 9396 2024 6011 198 3294 8157 6406 9758 7041 4551 3300 5655 9216 8832 3582 0 3703 4898 7578 78 2858 615 9260 8875 9268 9725 5028 7059 9618 9828 859 8853 4295 2223 9194 7779 3751 7037 4815 8133
1730 2482 9453 1812 3794 2927 4781 3637 9288 4060 7366 781 4941 4554 1259 4773 7464 5433 474 856 2940 390 8921 7900 6974 1992 1862 387 7761 9931 1754 9227 8440 3487 41 7814 6683 3075 8345 5178 8260 7906 761 359 984 8301 3188 2784 214 7559 1492 322 3090 8522 281 1818 8051 3853 3159 9161 498 6248 3336 9119 6826 7062 1866 9405 8237 2812 6112 2248 6855 5014 9640 3703 0 1149 2209 4309 120 2751 1978 8493 3039 8219 2035 5909 9578 7287 1524 4116 274 5514 605 3462 5530 3684 961 7798
1649 1606 6325 3842 455 6201 1323 8821 2128 3170 3504 2919 9180 1133 644 5983 3535 2033 7247 427 298 5200 7134 655 3937 2122 2151 837 3170 7991 7929 2799 3159 9378 8261 350 5816 2671 4482 8588 6758 7377 8384 2464 7767 2119 9517 5148 1537 6785 1479 5729 8647 9716 2825 7079 8315 2553 2932 2641 3917 4091 4313 2720 4394 4964 7731 9529 6599 265 3087 7011 8986 5477 6041 4898 1149 0 3871 5005 3665 3537 7371 9528 1126 571 5501 8815 3198 3206 7087 3956 5603 9285 2152 8309 2432 2641 6021 7499
3595 6014 7458 3816 5893 1484 7412 3779 1289 8539 402 8352 7332 7595 2036 8005 3216 683 8402 562 9943 3772 2846 466 1017 6797 453 9355 6774 6193 3701 9924 7581 557 2289 5590 2964 5454 3229 596 545 9331 244 495 9813 9833 2999 6273 6183 1788 9745 1549 707 502 9977 2985 7290 6216 4590 433 4565 2548 3563 557 2811 3457 6687 8585 8358 3362 3128 614 6961 2640 4053 7578 2209 3871 0 9377 419 1503 6486 7058 5484 6955 3501 8577 6417 2079 9629 1041 7812 3410 3012 8707 9715 5665 6698 3167
2862 6389 2535 716 6799 2585 8183 305 3406 5433 5035 4495 3251 9724 6271 2759 7454 3814 2840 7928 7112 9480 3609 3358 6101 3423 5250 6017 88 9543 6373 2783 3716 3475 4065 7072 7931 95 4699 3917 9966 5018 2451 8727 8844 8798 6177 8007 1184 8284 9336 6273 7284 6984 5679 6136 1351 5869 3748 4289 9582 7583 3626 6863 1151 1517 1118 855 4194 2447 3278 9066 3717 754 5213 78 4309 5005 9377 0 8827 4669 9093 9861 9769 1871 6652 8009 4498 9396 3638 2890 3920 6214 4818 8020 8589 6601 5127 9076
4653 8419 3938 696 7541 6557 6923 5344 4216 6748 8522 5974 1754 1315 104 9250 5692 5983 6469 8424 7602 5635 8653 4002 3257 8577 1818 9313 5228 7812 71 5604 5825 5925 4559 7629 4778 5666 5635 2520 154 7884 6189 1339 9951 7032 5906 9099 8655 7407 7797 4022 9697 7951 6547 2383 9728 7950 3204 5862 4940 6695 5052 8495 3933 174 6578 2190 674 4515 4183 6228 523 2410 2945 2858 120 3665 419 8827 0 6507 7627 6327 9928 1248 7861 4405 5333 9181 8339 4769 8335 4542 5152 5938 8776 1975 9705 9252
8691 2253 5789 524 4537 1190 6914 8150 7142 6430 2858 6139 8009 2835 5128 6233 9718 3685 2513 5139 925 1236 6933 1517 6007 3633 4211 6245 4973 1112 5458 3151 5380 2177 3708 3489 3807 9867 6786 3604 5844 7765 833 4191 4332 4125 3232 7197 9399 9810 6181 5747 218 7590 1168 2027 1504 7064 2322 5542 4000 2164 6291 7024 4064 9245 5129 5071 190 338 1174 4165 6854 7633 398 615 2751 3537 1503 4669 6507 0 8089 2902 7955 1586 7663 9056 5694 1107 4004 6010 5861 7730 5702 1975 7647 1754 2895 4499
