150
0 2394 9427 2342 5913 4727 8745 7433 4892 6958 1140 557 7359 9412 9735 1543 5424 471 2660 8476 8345 8063 3115 3019 1895 6843 9747 7328 3191 9286 168 1525 7295 5768 9092 5685 7233 8744 5795 2095 6492 5719 2896 5086 4937 8523 5943 321 4961 2634 8610 3961 3106 9933 9523 1679 9 7 512 7751 9565 7902 1798 6293 5197 138 4829 2112 962 1506 7621 3945 9584 2833 1425 4665 6674 4902 7502 6762 8717 394 1739 7619 3361 6791 1362 6906 6201 5542 9525 6716 542 8949 3401 9395 3756 9618 8262 8656 8858 1098 9579 2472 6690 747 5538 8828 1868 248 2272 6270 295 2118 5565 2966 9409 7697 6600 2724 7059 3460 2890 9031 2846 2745 9093 3693 9265 7039 9386 7563 1161 9161 5351 2141 82 2578 6975 7837 2562 7329 64 6034 9875 7268 5316 1529 2490 9044
2394 0 6537 8428 749 8432 8256 3822 7158 7016 2258 8382 3631 7875 76 2 2853 335 613 7419 1480 2579 41 1766 7733 6183 1435 1024 9124 3550 3310 36 7825 3011 7504 759 2624 6711 9147 2707 4359 5811 4195 3366 2431 6431 6999 8009 9294 3926 7867 5819 4309 4238 2329 5776 8863 9408 4740 6289 8090 2204 1393 648 5491 6695 4228 5206 4261 8119 60 9887 397 8546 9447 8070 9655 3779 6076 4555 5901 3887 8077 5896 6333 3200 93 8701 9653 9881 9168 8505 707 6602 285 1391 387 5532 7871 2480 2415 4845 5673 6617 1934 1719 3674 7930 9327 2862 971 1524 4373 633 6635 2460 3665 2243 7527 6918 745 3618 4178 3145 9973 8836 5307 5954 5557 8167 2755 392 2929 1291 3901 3646 7307 486 9521 4161 2499 8706 5083 3149 4041 4307 1786 6096 7384 1706
9427 6537 0 4848 7877 9643 8852 4718 4464 9022 7552 1996 80 3429 847 6045 3874 9930 6130 9228 4315 4361 9835 4080 4702 6622 7769 1079 8405 170 9909 7343 935 7410 7819 638 5466 4926 5421 6025 4091 818 4982 811 8266 4690 9464 2537 1695 7664 4241 2366 8015 1503 3060 5365 4642 1743 4054 4792 3157 6503 5873 6968 3905 7361 7936 1609 1177 6145 8376 8152 2361 1695 7230 4191 3657 5469 2264 6138 5651 3279 4568 2671 7144 2298 8853 8532 8887 1973 8400 4470 782 709 7877 515 9672 2229 6938 2496 566 4576 9478 9091 8808 23 2269 1692 240 2377 8462 6652 3611 948 6208 4714 5162 1034 9281 2451 4987 8987 6059 2262 3769 7102 656 9419 4390 4523 4110 6794 5260 4414 6039 8022 2705 4056 2627 6943 8390 5321 7785 8005 8305 1491 5038 2063 5935 5712
2342 8428 4848 0 2217 5655 3354 9332 5325 3653 2608 8825 6505 8021 617 9837 8226 7701 9194 2977 7772 8180 9425 4017 7292 8450 2144 3560 9440 6219 9761 4242 9332 2356 5242 6010 6270 2486 1447 9074 5674 4860 8795 9732 2334 3300 3088 1780 3780 1880 3919 1587 8201 4259 2062 6595 1112 5748 92 7785 9364 2724 8435 8128 4963 7035 7765 4253 1740 8900 8038 273 7648 3605 8599 9768 9788 9100 2517 3340 4594 3119 8424 4024 6435 2831 6885 9763 1340 6463 4456 915 3206 8368 6879 3308 3889 4719 5521 7918 471 9014 3740 8523 2452 808 7526 1417 7715 4634 1120 4226 8420 4701 7939 725 3504 7737 8354 3449 2843 2063 1172 2101 6423 1829 8730 9825 4607 5105 5786 4605 3508 2766 419 1478 5151 6826 5842 8725 7659 5566 4719 3975 2564 4177 8551 7147 7154 610
5913 749 7877 2217 0 4801 5784 6299 5661 9785 2820 8628 4581 9598 6583 427 8918 4301 4494 2930 3921 4058 9793 6296 3839 1820 8828 5802 9027 3265 593 7258 1459 1292 4811 5915 22 994 2512 4998 7512 4696 7608 5421 2225 8659 19 8488 6853 7399 2564 6923 8315 9321 6990 5966 6451 2571 70 7286 5592 7429 4637 4391 5202 564 5906 6478 4871 7930 9270 6572 8268 383 8851 1468 7816 3193 1395 2097 4619 8733 4477 2246 3834 9666 7617 8119 7675 3667 6615 9652 4246 827 4955 3126 9216 5670 1093 4356 30 2045 4969 3138 3996 2175 1506 2145 8504 9573 5752 6775 3111 5765 4558 6239 3052 4255 7493 5024 155 4013 8985 950 5828 6893 2868 2272 6851 6279 9014 3630 2538 2873 2426 4376 9478 1095 1717 7011 2466 6855 9561 7566 1582 6928 512 9293 2379 1828
4727 8432 9643 5655 4801 0 8106 5894 1930 5925 81 6266 2705 7940 7401 8254 7581 2127 7763 4339 5489 7657 423 4104 1194 9459 4747 6033 150 9432 8370 2847 4251 9427 4249 583 7414 4470 3048 9908 9116 2586 2061 1980 165 3861 2541 9624 2241 2017 5111 1450 5212 7361 6706 9106 9420 9495 255 3396 9947 4818 4915 3746 556 7200 2643 2452 7015 1240 9408 5162 8796 1559 2156 2065 5303 1795 2834 8693 8894 3671 1758 2391 1436 3711 3720 7804 1734 6086 1019 8993 3052 3183 1443 7384 7625 4814 6750 9628 8950 6030 3567 8339 8738 5285 6093 1928 4269 2682 7547 8300 5824 9047 8590 9193 6080 9912 9073 2691 4096 132 3140 2140 4214 2819 7140 1890 8603 8118 4019 4833 5698 139 2658 5752 1743 7352 3484 5094 6752 5440 5446 3892 4878 2917 7695 7140 5394 8852
8745 8256 8852 3354 5784 8106 0 8623 6184 257 9238 7370 9303 3082 3700 828 2111 4262 8726 9187 5370 1866 3073 5523 7422 9844 1379 4755 5234 8638 2965 4591 6475 2858 5467 8266 9005 6550 25 6750 9032 7985 4152 5381 8331 6827 2860 6767 2896 3437 3111 149 8406 5819 4017 5283 1649 2789 5823 2702 2732 2603 1266 9573 7273 318 5647 9300 107 133 1172 1391 5275 544 6726 881 5099 7319 8450 7978 6058 1870 3174 7175 2595 554 4948 136 3560 3539 991 8465 2903 2883 2779 3451 9443 3113 3385 6148 6108 9238 3794 2927 2987 1006 663 7749 5032 9687 9688 1370 1270 8179 6020 104 2797 9142 9995 194 3362 4047 1423 4632 3659 7647 7040 4948 9985 4077 4394 3298 9972 4710 7643 323 7054 7560 1050 1624 8629 4047 4392 8801 4075 1125 5014 2075 3387 4252
7433 3822 4718 9332 6299 5894 8623 0 9879 4557 4801 5214 6107 4858 96 3263 693 8720 3969 18 7811 1287 9857 6022 4510 3492 2403 1576 3586 859 2734 4405 5131 5847 6017 6633 9251 8448 5682 1959 179 8907 2295 6208 2414 3378 4954 7480 7003 5125 7497 7782 6142 7742 7407 7787 3718 8721 4003 4178 1440 6933 90 9938 6130 5604 8734 3083 6493 1140 9327 6991 3753 496 6659 737 5521 6926 6138 5733 7554 2469 5970 2333 69 5710 347 2999 8377 5774 32 9267 9498 2276 4437 5029 6778 7540 1600 9631 9841 5823 4734 4343 2208 2342 5430 6884 6618 6070 6097 6363 223 8835 5911 8429 6666 6958 6055 1916 5419 470 2931 4709 6782 9072 9714 4397 3928 4915 604 8077 9946 9307 8025 670 9156 3553 6184 1912 954 2388 67 916 8596 5768 4883 9106 546 7901
4892 7158 4464 5325 5661 1930 6184 9879 0 6046 6754 997 6821 7545 1011 8088 852 4758 8335 6006 7773 7630 122 6671 6248 7306 6507 9588 3390 1629 994 4931 9669 8141 2211 8110 5138 7949 8310 4090 9511 9019 9976 7236 7988 2820 5652 3760 2639 1650 9193 5828 7144 7720 5399 843 9624 3362 2673 9948 9504 4208 3730 9025 4722 9782 4584 409 1456 250 6955 4225 4672 8281 3988 1484 9395 7723 2766 4902 8755 4101 1923 1633 4238 8294 2099 7067 4226 9164 6875 3695 1644 9408 9926 4911 2022 5884 2492 8342 8463 1889 2044 3404 3227 4018 4614 1543 6742 6803 9065 7844 1497 3295 3661 9342 1361 495 3186 75 4629 6917 4737 5814 6255 5924 1937 202 5064 2669 3520 8067 4684 3098 2144 7125 6653 1313 4488 3367 3609 8067 6055 8875 6494 6518 5852 7460 8941 6248
6958 7016 9022 3653 9785 5925 257 4557 6046 0 8978 7353 6208 6569 5027 8155 9819 8506 9534 974 769 8580 9127 7083 1775 628 799 6074 8319 8770 7580 7303 3785 7940 1958 8310 7688 3174 2600 444 494 3787 2573 2924 7192 7579 7539 1364 7512 5519 8368 2439 2155 6662 1226 4882 8376 8579 9255 5664 5174 8363 8520 787 5553 1592 3303 9739 6386 1180 5614 9681 4748 6137 4990 6976 7811 8434 4952 2301 7015 4841 6210 7994 277 2376 7674 9584 4798 2952 3210 8240 1368 5974 8328 8432 130 2937 6549 4832 8433 4333 889 9280 3326 8022 4036 5729 846 444 3345 9089 1554 1028 6997 8267 2812 7729 7320 2253 3544 2099 6432 8893 2781 8069 5587 5136 8019 7407 3746 5908 6785 9423 9643 513 7241 1547 4833 2503 1306 2246 4586 8227 3170 2632 7447 457 9486 7705
1140 2258 7552 2608 2820 81 9238 4801 6754 8978 0 4700 7752 724 1190 251 1213 5623 6886 6702 3943 8461 8988 2880 673 5855 1847 155 3049 57 1276 5903 4190 6846 8103 4887 6174 610 2088 4534 8715 5066 5234 2979 7092 9884 96 5642 3912 774 4782 8908 9488 7149 6821 7174 3262 5973 1010 8344 0 7874 3820 2337 3626 1848 4469 6541 2868 6142 6918 9350 8060 5698 4140 2196 1107 7 6420 2384 8085 4910 5577 6348 7537 5926 4501 376 2478 2571 4889 2819 7021 7204 3321 4970 1740 481 4748 7165 3432 5504 6020 9378 1314 4827 9427 3195 5322 1873 6964 5342 7672 1886 7856 5935 6652 6435 981 5125 396 6609 2142 1016 1681 6343 9424 607 63 6451 4770 1453 5918 3811 6044 8830 2055 1514 5067 8505 3963 9987 9231 10 6460 6572 8053 4400 1231 7066
557 8382 1996 8825 8628 6266 7370 5214 997 7353 4700 0 972 6364 9051 3696 6412 5580 5459 6558 6882 1646 6949 1705 5104 6213 4863 8888 7717 7905 1607 4013 795 2170 7698 5103 4204 398 5984 9418 1881 2294 1129 996 4873 955 2497 3247 6026 8763 9956 9908 8468 6791 7072 2283 3409 7682 2737 1853 6047 5417 3412 2039 447 3460 6070 7902 5160 581 2452 974 5226 5770 1310 3512 5091 2454 1008 5109 7869 8892 891 1727 9552 6016 1834 3544 2624 4458 1183 8019 2078 6380 9734 350 6377 6864 2963 23 792 489 2568 9980 3184 5208 7564 5582 1435 5745 7327 7683 4516 5967 6353 1235 8276 4595 1465 7165 4063 792 2056 5108 4951 6645 7696 5095 3587 9066 9229 2591 9236 9342 569 1964 463 8656 7901 4566 2777 9524 6075 3467 6506 8414 7248 4938 6833 7809
7359 3631 80 6505 4581 2705 9303 6107 6821 6208 7752 972 0 5615 8107 906 3699 811 2028 4837 5145 5121 2118 6234 6047 7155 8765 7282 6694 2314 1162 5814 1424 5178 6910 805 2350 4768 8680 5309 5732 6791 7721 6996 6004 1536 1752 9318 5991 6960 3115 6430 6701 654 5229 3765 8833 3714 2399 4693 8358 2398 3104 1301 9567 1341 8638 208 7979 2817 5636 8382 1035 8438 7431 319 2552 8466 7212 3265 8270 7175 6021 5169 2695 3191 7080 2842 1363 9954 666 6640 8803 450 4683 8939 1623 2387 8730 1905 2228 7429 3766 4758 2223 1207 9639 6188 7918 2104 2719 7893 1186 8560 8410 2094 8700 4795 9935 3042 672 3810 5942 1914 1471 5519 8025 6179 1729 1804 5483 7968 3069 1734 9436 4216 7928 1372 6425 2572 4477 3228 5741 7714 1876 6843 4021 9634 7053 2822
9412 7875 3429 8021 9598 7940 3082 4858 7545 6569 724 6364 5615 0 9392 274 231 7984 327 7575 1995 6057 8659 7784 8250 3062 3462 2466 6021 441 2909 21 6369 6097 3749 2134 5534 6156 2974 366 1424 5578 5184 5662 4676 2182 3146 6384 6631 243 6695 7209 6560 5376 1784 8378 607 7205 7409 8677 6564 2324 5581 3596 4819 1719 8404 8391 2735 6496 809 2786 875 6977 3732 1563 8130 6687 6166 2999 7224 9241 1975 6292 7996 3612 268 3109 4383 9211 1564 2746 2389 4059 5962 9623 6438 6923 1578 4924 1081 9330 3005 6109 9179 763 9620 7888 9280 2233 4086 7954 2443 3458 6955 7817 206 8220 8878 1830 1221 2273 2952 396 6129 3520 7370 6948 9665 3959 1521 7342 1360 4985 4897 480 2959 9781 9035 6443 9946 7598 2485 3778 2620 9819 8703 9656 5429 1363
9735 76 847 617 6583 7401 3700 96 1011 5027 1190 9051 8107 9392 0 6485 1403 1478 2641 43 276 7550 8859 6111 910 290 1503 6385 7124 4430 6633 8272 3536 9399 5095 8674 9580 1398 7587 6320 2563 867 5387 5933 4083 9547 6515 6249 4239 9522 3683 5434 9050 602 9162 1184 4882 2874 6003 7161 6134 7381 1752 8433 2853 6151 8306 4069 3367 9248 238 5552 8777 1284 1736 9285 2572 7305 2009 8293 163 6092 8152 4254 1988 1274 3723 5210 4884 7153 4885 3706 9094 4726 4340 2943 6842 6355 6165 8248 2755 4323 4314 8231 3076 2512 1850 4547 2863 6239 7975 6124 3758 941 1152 4960 7708 5497 3430 1574 932 9706 6478 9811 2952 4996 9021 9063 1383 2000 7741 4236 6375 9707 9901 8082 5152 827 3098 2152 8078 5575 286 2903 3852 2537 8542 4420 841 2444
1543 2 6045 9837 427 8254 828 3263 8088 8155 251 3696 906 274 6485 0 6149 4190 9196 7965 2085 211 2575 6344 5425 3682 8461 9728 2129 2093 3465 881 8732 7910 3972 5241 2040 732 8844 6812 641 2804 377 5090 5965 8423 637 3547 228 1218 7351 986 8000 5019 7932 36 2624 6668 3466 9083 1028 3599 5687 2765 1911 2237 8143 1170 2920 3824 7984 311 2127 9315 1105 1605 4035 2970 2854 2133 2414 4257 7796 7471 1900 7731 8837 8959 3419 7458 4955 3296 5396 3912 4952 8699 9938 6833 9785 6850 2353 4992 5817 3432 5674 5605 8916 6354 5097 8115 2258 6847 1239 3251 6504 6516 8740 3 3326 4095 5520 9393 6345 4005 2838 5293 8610 7412 2413 3522 5118 4398 5769 5271 8808 7114 7615 2951 1533 9623 2607 1780 2638 6552 6274 4866 8320 4160 5442 4430
5424 2853 3874 8226 8918 7581 2111 693 852 9819 1213 6412 3699 231 1403 6149 0 5105 5757 8955 6315 5468 3159 8491 7505 2937 9450 8178 1197 9879 2823 3106 9649 8906 3932 6940 2964 5820 160 2575 4212 9572 4885 2345 2369 4689 96 4552 8238 4266 3744 6118 3371 3439 942 9659 7139 1080 7491 2811 4180 8788 4040 6089 8614 5128 7882 338 1902 2232 1279 9877 6218 530 5501 77 4867 7406 5079 9622 5754 1806 8190 7253 7703 6933 4072 7753 2045 2020 2643 6082 336 7147 9203 8658 1908 8095 9867 8941 7353 599 2181 8663 3691 3527 2681 6741 9089 6381 8844 2405 3310 3736 8542 8407 2845 9395 9740 5490 5834 9220 9903 8786 6091 5635 7562 4513 1444 9503 548 5693 1670 5093 6763 9057 9635 267 8313 1341 5039 9816 9529 8583 2396 6546 5801 3148 3587 8550
471 335 9930 7701 4301 2127 4262 8720 4758 8506 5623 5580 811 7984 1478 4190 5105 0 5799 7441 2000 7220 6585 7317 5358 5484 9642 7498 4841 6185 8054 2953 7648 3740 1556 6660 7936 3088 7571 5115 6825 325 4025 3373 2527 4030 175 78 1690 8947 9807 9101 1956 3495 4733 2802 5134 3137 4193 4223 4847 5702 6455 6573 7861 1083 9110 4092 9770 4676 7674 7407 5476 5599 303 2131 4192 4176 4857 2150 1892 3399 6078 3051 8539 8565 3841 1302 8422 2763 4004 422 413 1329 1828 5778 1597 619 8221 8206 9162 2491 9064 4959 8616 7573 2543 2663 3159 438 2453 9742 2372 2251 4831 9299 7000 5817 6087 3031 8181 1128 7064 8687 7001 8606 6647 6327 4244 3982 7101 7526 2137 4364 607 621 7079 902 5261 4032 1485 1364 6222 599 1063 976 8243 1853 8379 5257
2660 613 6130 9194 4494 7763 8726 3969 8335 9534 6886 5459 2028 327 2641 9196 5757 5799 0 4305 6862 98 1895 5517 7775 7644 4805 8977 2378 5959 2524 9728 8286 2751 1797 680 5465 386 5433 2252 5114 7579 8542 2041 1712 6949 2470 78 1886 3904 4934 9032 2245 7709 2943 6103 3421 741 6827 7135 4070 7845 5541 6186 373 6539 5228 2941 8866 6303 7456 2453 6074 5510 8101 3456 75 2236 1494 7177 9378 592 4236 8476 8963 2215 8947 3270 2909 6551 3772 415 6272 2082 9913 6296 9402 4221 513 9121 6967 1060 3087 8728 667 749 1058 8112 8522 9088 8270 2640 3021 1628 7597 8257 467 1517 3512 4653 21 5449 2081 4179 310 2962 1985 5155 63 491 2923 9955 7156 4087 6214 77 5411 6898 5915 2069 7537 5105 8370 2159 1529 4796 7380 8126 8425 3709
8476 7419 9228 2977 2930 4339 9187 18 6006 974 6702 6558 4837 7575 43 7965 8955 7441 4305 0 8203 2677 8977 158 8579 3987 5576 2320 7770 9671 7537 1124 1854 863 237 0 9152 3740 3745 1466 7693 1529 7181 5402 7614 2356 2190 8348 7874 5802 9197 1041 3718 2454 3601 1832 2986 7290 2850 5284 4783 7064 2441 3342 3000 2392 2425 9985 7896 8029 3335 6329 2467 1067 7316 1969 9803 7910 9088 4453 3513 9534 7318 8659 6784 8943 3840 7367 5590 3429 9052 5688 6051 3570 8458 8160 5008 406 2903 106 7628 3385 2354 697 5545 209 4771 9288 3884 2010 8842 9565 2605 1137 5798 3492 4711 670 6465 6885 3972 3535 9935 4991 7237 2760 3112 9751 4897 1616 4570 4188 6271 4679 9799 2848 1421 207 4330 536 498 6959 7900 9503 9776 980 1049 8533 3368 7900
8345 1480 4315 7772 3921 5489 5370 7811 7773 769 3943 6882 5145 1995 276 2085 6315 2000 6862 8203 0 148 5834 3468 3400 7572 4298 496 7210 2169 2914 709 9823 8989 509 6063 3063 7197 9640 1245 465 5747 7258 8577 3149 8033 8968 7426 5856 6085 5832 8678 648 2843 8337 7332 2707 143 2509 4272 6012 1444 7260 3154 6238 3928 4439 1896 4651 1847 1420 9681 6082 46 5578 4029 9359 9989 2362 5839 2577 9163 1434 7516 2109 5071 3880 7034 5965 5277 5628 3260 5947 1372 8336 3070 6031 3507 4577 8175 8202 6923 3516 60 7022 536 8129 9410 3882 7698 1726 1359 1692 2251 9862 5279 2249 2956 3634 4606 8965 6299 5608 7529 331 7542 9365 3881 5389 7419 4160 1153 4833 2299 1962 6968 2323 1842 826 9851 7085 344 8230 4308 9670 9002 8714 5670 6059 6751
8063 2579 4361 8180 4058 7657 1866 1287 7630 8580 8461 1646 5121 6057 7550 211 5468 7220 98 2677 148 0 4622 2368 8371 6653 8894 1433 7962 6903 7151 4328 3676 2826 9127 8481 3909 4097 3346 7565 2339 4375 9622 5094 2459 1076 6217 6354 6870 5498 314 5745 6216 205 2057 3447 6831 4444 3336 694 5405 4928 182 1624 5080 8834 6013 8497 2499 3407 6899 3195 265 13 1780 5574 9541 2741 7794 966 8538 9061 520 7257 8094 7332 4714 3640 9292 8587 926 4994 7781 5218 692 7209 4021 5504 6458 3387 8423 2162 9077 1630 8396 2116 404 2019 2678 129 5319 9413 3819 8882 6090 798 1596 5323 7895 1547 9046 2214 9422 2721 3716 8922 5001 5974 3576 3722 3107 1731 5272 84 2028 1794 2751 3417 4004 8713 5400 7281 1879 8469 8398 3946 8449 6990 1128 4239
3115 41 9835 9425 9793 423 3073 9857 122 9127 8988 6949 2118 8659 8859 2575 3159 6585 1895 8977 5834 4622 0 339 8460 3797 7798 7680 3308 1622 695 8655 3374 6748 9310 1193 683 1529 1934 9518 5486 4972 714 734 4865 1294 4690 1258 9533 5000 545 2253 3175 186 7257 6090 5094 8801 6527 5829 9735 5209 2175 8298 8815 9046 5454 3201 6329 9770 7453 2668 8265 508 3816 6330 3787 5546 1927 5015 5977 8759 2962 634 8995 6663 6845 629 9650 5349 11 1221 8445 5514 9458 4730 5830 4438 1087 1573 5121 4210 5520 1868 1058 2699 7620 499 6735 4403 4338 9371 5877 8940 8850 2210 8695 9611 824 4944 8760 5082 9643 6208 1851 5140 1952 9309 2790 6556 4402 6086 7581 5702 8341 3554 9197 4514 9621 2970 93 6156 5520 513 2772 2485 5340 4684 2774 6420
3019 1766 4080 4017 6296 4104 5523 6022 6671 7083 2880 1705 6234 7784 6111 6344 8491 7317 5517 158 3468 2368 339 0 4572 9066 3815 9570 6346 4594 4234 3876 6217 2853 2188 8180 194 9924 9259 1162 6900 4315 7193 4574 6619 635 5879 3929 2417 5124 9500 1178 1637 4464 7348 1475 751 2056 7335 4266 2379 3516 7754 57 9176 8864 6763 3424 2278 2188 1437 7220 3783 2882 1208 5901 9605 7919 2032 5515 3711 3497 2899 8840 2189 7518 7813 4866 1500 9639 9428 7887 7093 2768 6012 5434 5013 2800 1838 4938 7261 2271 1139 5075 1958 1461 5935 1139 4571 8196 6839 5913 1706 4350 7546 2666 3497 1141 2845 8735 5158 9243 9157 8100 7398 8005 8554 6412 2720 69 9182 1222 4450 8601 1597 4257 5058 8838 2800 3210 5109 6083 340 1208 2423 902 6161 699 9976 8506
1895 7733 4702 7292 3839 1194 7422 4510 6248 1775 673 5104 6047 8250 910 5425 7505 5358 7775 8579 3400 8371 8460 4572 0 6660 5615 3264 600 4590 453 6573 4557 7114 2382 6913 1154 3947 2823 4318 2564 5309 3340 1777 5150 9851 2708 4939 2757 3561 7978 7017 9587 544 5538 1875 1223 6002 5959 1752 8327 6094 4997 5702 6291 3824 1962 705 4179 1572 4661 5167 353 3025 8661 8343 7733 2259 4910 5704 4712 4709 8127 0 2175 5995 4513 213 5556 3127 727 6517 2327 7364 1270 5789 5392 1351 2990 1944 6235 1902 4999 9292 4692 7362 6549 3569 4952 6616 2093 5808 9108 4026 7236 5465 10000 9289 8561 1436 4393 2090 4926 2194 6117 6156 2333 2249 7500 3487 8098 360 5970 8036 7236 6717 5830 4899 6911 8604 3327 3215 4727 723 4775 5670 1269 1206 8161 6860
6843 6183 6622 8450 1820 9459 9844 3492 7306 628 5855 6213 7155 3062 290 3682 2937 5484 7644 3987 7572 6653 3797 9066 6660 0 9960 4601 3520 2388 261 247 9635 4059 20 7453 7500 2619 5165 6747 7724 618 9261 2760 6953 1146 298 3923 7327 8140 8219 7031 7650 9287 4763 3017 3447 8585 6182 8167 7537 3745 2419 847 4780 4643 3812 5547 9961 3002 3349 2524 7067 5456 8483 9555 8004 654 4200 2992 7633 6796 1510 301 143 8848 1174 1840 5863 1377 2740 3318 3085 2341 7227 1557 4086 8170 9536 8155 3048 7723 4288 3306 6350 367 8834 3562 6644 6119 4062 1514 799 5194 7523 3018 3987 8747 3813 1745 8344 4888 8741 1744 3853 2881 9760 8425 911 5124 868 8583 1266 4540 8856 8277 4797 4477 5712 1064 2264 2890 4375 2543 9183 6304 5585 9348 6264 480
9747 1435 7769 2144 8828 4747 1379 2403 6507 799 1847 4863 8765 3462 1503 8461 9450 9642 4805 5576 4298 8894 7798 3815 5615 9960 0 2114 4259 9002 8829 3022 2966 3260 6362 9778 182 724 2670 4006 5875 8745 995 6361 5055 771 6147 1235 965 9545 3784 5662 5065 4708 451 3415 8358 7054 698 5463 1974 7165 2821 300 5813 7668 9233 6385 5700 2657 1434 2073 6821 2508 8822 1055 8286 9100 9576 4116 7559 4355 4879 2261 2473 9261 1183 6042 5371 320 7005 842 9151 7115 3448 5391 3287 7814 5739 5291 5948 3211 4180 4827 7820 4386 8909 4653 5369 9763 2918 699 488 3015 1853 3967 9000 1023 4917 5815 8572 390 8500 7827 6773 7002 7585 5226 9763 5541 6239 6145 9425 1437 4061 7750 7284 8216 2315 8445 4139 5242 759 2035 6293 2555 8043 29 1015 3074
7328 1024 1079 3560 5802 6033 4755 1576 9588 6074 155 8888 7282 2466 6385 9728 8178 7498 8977 2320 496 1433 7680 9570 3264 4601 2114 0 3636 2486 5765 4498 3358 5641 4130 9880 925 8746 6828 1447 209 8313 9285 8852 4917 7058 8040 9168 3093 5765 5814 965 3228 6177 736 6871 3142 6889 768 2145 6851 8078 1882 8501 5489 4380 2078 9843 609 2829 3036 4862 4203 4780 9430 577 6595 3234 4903 2498 1317 6109 2181 9708 4658 318 2188 7814 3357 8739 6499 791 2956 831 6738 7713 3689 2125 7952 6295 9894 6571 6184 4847 7567 8525 1261 7322 6885 6919 3261 8890 2254 5104 3942 3745 218 1143 2915 8236 8336 3602 749 3073 2479 1026 8347 4161 9088 8796 4355 6006 9433 435 8452 5791 9298 8165 631 7785 829 7289 2216 4461 3244 4615 3213 6675 4038 3001
3191 9124 8405 9440 9027 150 5234 3586 3390 8319 3049 7717 6694 6021 7124 2129 1197 4841 2378 7770 7210 7962 3308 6346 600 3520 4259 3636 0 8213 8469 263 4597 8318 9306 8013 1378 8299 9546 8179 11 4912 9273 1885 3118 7953 3294 6304 9330 984 8985 8454 6958 9265 4897 5844 8589 5072 3206 3066 5535 3851 7577 7522 9024 9354 4554 7199 8068 6241 1815 2276 6299 3549 6 4135 8644 1769 9876 5064 9260 5753 5515 5009 1275 9074 6237 4345 671 1216 6348 9618 4436 8049 7003 7548 5863 339 645 2586 8027 7154 4257 7545 1579 6413 4822 9466 6149 9606 862 3252 9429 4209 6410 906 3171 1766 1492 6827 1719 819 2654 4056 1715 5136 8860 9537 5322 40 2104 5262 7732 3258 4491 9745 4779 2514 3889 2853 8197 9536 9930 2270 3395 7090 8745 1299 8384 792
9286 3550 170 6219 3265 9432 8638 859 1629 8770 57 7905 2314 441 4430 2093 9879 6185 5959 9671 2169 6903 1622 4594 4590 2388 9002 2486 8213 0 6366 7608 6625 5938 5643 3919 5935 2836 8624 8783 9599 6234 1306 7502 8872 7558 8322 6244 2464 3827 8775 4394 8986 1657 1653 6344 9048 9376 1217 5074 1225 9141 1398 4429 1634 7430 149 3697 4806 6389 4772 2132 3323 9344 3753 8277 3503 6677 2163 4989 4748 3192 9789 7801 488 5264 5912 8136 7597 7412 8055 4586 5991 4606 4837 8439 5616 6360 170 4426 4672 9270 6308 5758 344 6298 7262 1028 3535 2769 404 4054 4232 8969 9047 3712 4752 3045 5299 9629 2962 2369 8823 6373 8848 7335 9657 6337 6674 5516 9158 5096 8419 513 3957 270 3647 8038 963 532 3812 3995 9509 1987 2522 7336 4757 6587 8500 9633
168 3310 9909 9761 593 8370 2965 2734 994 7580 1276 1607 1162 2909 6633 3465 2823 8054 2524 7537 2914 7151 695 4234 453 261 8829 5765 8469 6366 0 8137 9998 1451 314 7154 9853 3013 1033 4559 4486 7384 6119 1280 3439 388 5470 4335 5706 2352 3686 1488 9666 4765 4615 2622 439 9663 5868 9728 2997 9800 4104 1911 9737 5192 1814 649 3014 8425 4113 2215 6163 799 8811 6524 1422 5024 5466 2083 8140 7442 3054 188 7323 7659 982 9800 4758 9082 2833 7503 1962 2277 7161 5465 1625 8166 1255 2492 5531 8252 7603 6303 3873 5812 8048 6505 9972 2792 5418 6043 9351 3254 4051 9341 3185 8756 779 999 7073 8911 8439 1680 4615 3238 4599 288 4769 3696 7719 6444 5993 9129 1421 5283 9342 1468 8679 7931 5322 4099 1538 7041 4682 8585 2281 3726 2424 2177
1525 36 7343 4242 7258 2847 4591 4405 4931 7303 5903 4013 5814 21 8272 881 3106 2953 9728 1124 709 4328 8655 3876 6573 247 3022 4498 263 7608 8137 0 8745 1720 8658 8700 1229 3439 5115 9948 7887 3857 1621 7146 2834 5005 2037 1476 7295 3430 68 8553 705 4338 995 7547 3423 4583 9659 2510 4406 394 3888 2720 8007 4704 5958 6985 3601 7241 9599 596 8705 2431 5063 1452 4970 2255 2638 7633 7193 4892 2727 7963 5820 1118 3813 8620 2761 9207 2532 3272 6098 8099 3652 5915 5251 8542 9661 1737 8943 2967 9763 4887 5137 9847 2703 2343 8555 6449 8201 7035 8858 3151 2785 3763 9704 903 8095 1764 687 1561 3510 4248 5541 7054 418 2513 961 7636 9494 394 2315 6456 7666 7282 4718 1471 263 1091 9351 5722 4003 1572 2960 7519 399 6623 2442 3879
7295 7825 935 9332 1459 4251 6475 5131 9669 3785 4190 795 1424 6369 3536 8732 9649 7648 8286 1854 9823 3676 3374 6217 4557 9635 2966 3358 4597 6625 9998 8745 0 5990 4526 8450 7057 801 6498 3905 7017 9121 9427 6868 640 9679 3968 5390 2466 6927 8624 6614 7186 4880 8837 9907 2971 6439 2737 5117 9364 4435 478 9384 1905 7446 311 4269 6643 2971 2395 8597 7212 5006 850 8729 5128 6776 9276 8928 7806 8323 5129 4472 591 859 5104 8998 3583 706 8246 6976 2478 5474 2444 5840 8799 7308 2924 4635 3520 2844 9856 6359 626 7572 8456 815 271 5864 4372 7145 7625 4097 7165 6483 7001 631 8497 2277 7026 9864 3216 8308 5685 2601 5215 9296 428 4805 5794 6525 145 1620 7520 2848 9685 6883 2949 5184 2707 8594 8722 7049 7079 1172 7205 4761 7513 4941
5768 3011 7410 2356 1292 9427 2858 5847 8141 7940 6846 2170 5178 6097 9399 7910 8906 3740 2751 863 8989 2826 6748 2853 7114 4059 3260 5641 8318 5938 1451 1720 5990 0 2557 5878 6603 6836 1112 384 5856 7804 4742 4101 5237 8765 2166 1816 8412 5562 261 8419 3510 4470 9173 1084 7765 9958 6956 2160 5523 9076 6796 1176 6811 5370 3085 5551 975 1096 7136 4151 3214 6582 3354 1661 5556 7551 398 9584 6265 1215 9512 5387 1829 786 6752 3736 8632 576 2980 216 7479 9046 7932 2025 7648 5376 6939 3821 6292 3459 8891 4221 347 6567 7700 2022 5106 5616 6623 8613 4291 5926 3872 1405 2877 1967 4093 2347 7820 1112 1863 7023 6439 2442 3964 1787 5096 5887 2514 6695 6474 1268 7558 7018 1279 7873 6703 2473 835 1709 475 7203 389 2917 1828 647 2299 9578
9092 7504 7819 5242 4811 4249 5467 6017 2211 1958 8103 7698 6910 3749 5095 3972 3932 1556 1797 237 509 9127 9310 2188 2382 20 6362 4130 9306 5643 314 8658 4526 2557 0 7646 4001 6160 1235 8252 5300 8906 1332 2163 9355 8522 870 8521 3576 4558 2373 4929 174 3969 3120 3306 496 7537 8457 4576 9656 442 9837 4371 8112 554 656 3782 6169 2804 9734 5891 199 1042 155 3302 1991 5654 2200 3905 3624 875 4691 2356 5736 4358 8198 9936 5807 5774 5919 9522 4740 9278 3618 2538 6003 6588 8363 7007 2093 4189 5689 9038 2687 9093 5454 8079 6453 5768 2748 3742 1477 1521 4965 5552 528 7635 6460 7614 4247 9493 2379 9429 8813 8760 8439 4249 9141 1998 7473 7913 2645 1083 8009 4680 7535 7806 8745 4738 777 4481 4318 7932 5531 5777 7928 1326 6465 7051
5685 759 638 6010 5915 583 8266 6633 8110 8310 4887 5103 805 2134 8674 5241 6940 6660 680 0 6063 8481 1193 8180 6913 7453 9778 9880 8013 3919 7154 8700 8450 5878 7646 0 3913 6222 6159 7895 1735 6191 7497 1441 7334 2668 8477 530 6906 9311 98 7439 3921 7093 1312 1344 5196 3609 3545 5077 3782 9935 3757 3599 7969 3305 9695 5035 8575 1356 9317 9948 5062 2742 2792 2178 176 2073 339 500 943 9721 3052 5901 6711 7112 7080 6607 1842 2069 9713 4272 4542 5290 4274 5059 3791 3087 922 3519 9535 5428 5546 4059 202 5248 5668 651 3932 6481 1358 2933 2718 5319 8313 5258 7317 9469 2312 3819 7453 5901 5589 1498 7524 3877 3489 192 2665 1798 952 1344 5726 3186 5720 7934 8629 5543 7747 313 612 3313 9375 2539 6609 83 2151 4292 9665 6819
7233 2624 5466 6270 22 7414 9005 9251 5138 7688 6174 4204 2350 5534 9580 2040 2964 7936 5465 9152 3063 3909 683 194 1154 7500 182 925 1378 5935 9853 1229 7057 6603 4001 3913 0 8377 3612 4807 6963 3036 3299 6130 6238 6058 4099 9852 3482 6167 9476 6310 4627 8312 9694 9677 5730 6639 607 9746 4015 6654 4358 4155 2400 5129 5545 444 3052 6440 675 4680 7059 965 7025 4972 8484 2694 3655 8973 7444 9999 6894 4691 1931 8877 7432 4414 1785 8568 892 5843 1469 5001 839 6445 6660 5703 3367 2846 1009 6053 69 5180 4487 8646 2074 9649 5615 7494 9667 8999 8984 13 2639 499 3002 3162 1462 1069 902 7794 8090 9337 7687 3248 8763 2499 8802 5782 1436 1838 3606 8488 6323 616 2288 3256 2671 1244 9258 2060 4879 8059 7405 9451 4202 8521 9443 9845
8744 6711 4926 2486 994 4470 6550 8448 7949 3174 610 398 4768 6156 1398 732 5820 3088 386 3740 7197 4097 1529 9924 3947 2619 724 8746 8299 2836 3013 3439 801 6836 6160 6222 8377 0 1134 5048 7385 7087 2374 3902 6077 3187 7111 6946 4875 8147 3413 8939 2766 3861 6944 3207 3385 9080 8009 8509 9634 7125 9587 9398 9451 3570 9669 647 488 6636 6746 8110 9932 735 2276 7743 9745 9499 6853 8685 6406 3468 6451 4438 6704 4214 2681 1888 1393 8105 2775 9169 9146 1194 2071 3799 1707 9257 7186 7030 5950 2685 951 6042 2353 1261 7609 3951 1466 5958 5296 6718 9383 1131 8010 2828 8016 2553 4260 7517 7815 1345 7479 3413 8823 3533 3207 3222 1007 7353 9316 5710 9367 8572 542 39 6763 1734 3412 6117 7362 9252 2474 837 6141 2272 369 8009 1166 9209
5795 9147 5421 1447 2512 3048 25 5682 8310 2600 2088 5984 8680 2974 7587 8844 160 7571 5433 3745 9640 3346 1934 9259 2823 5165 2670 6828 9546 8624 1033 5115 6498 1112 1235 6159 3612 1134 0 4669 1049 8058 3966 557 5487 6721 9486 6195 2542 2052 4992 7810 3498 6849 9061 9941 8154 9498 4646 263 7056 159 8079 4235 7342 4633 3485 6133 5679 5242 5908 46 9227 7958 8904 6844 7496 3408 6523 6565 1538 260 6814 2740 1629 2050 2968 5435 8751 7323 9014 9828 3347 8280 9262 816 513 2341 9704 2149 9724 990 1275 3973 7488 3611 1694 5812 108 4113 2986 5871 3258 1259 5544 1624 3841 6901 7039 4197 192 5833 6117 299 4069 9334 3632 9885 4346 3525 1530 7315 1672 2895 7424 7797 9220 2385 2313 2107 4183 9001 6345 4417 3240 1058 9886 932 120 7756
2095 2707 6025 9074 4998 9908 6750 1959 4090 444 4534 9418 5309 366 6320 6812 2575 5115 2252 1466 1245 7565 9518 1162 4318 6747 4006 1447 8179 8783 4559 9948 3905 384 8252 7895 4807 5048 4669 0 1601 9441 4142 6563 7506 940 9929 1693 3146 9829 3814 2890 4509 3 9650 2320 7485 4758 7318 5461 1796 4524 9380 2398 1338 5922 1367 4560 9276 603 2189 618 7211 845 6392 5142 6275 4661 9194 6835 4235 1 1696 8123 1950 8121 4341 1720 4586 8539 7961 7038 7306 3572 5873 2315 5781 9838 4136 4359 623 6388 4107 5682 375 4020 6471 328 4210 4880 5749 9170 922 8536 9233 8047 9744 1693 1925 4282 3245 9241 6731 9708 6196 4909 6628 6599 2067 1524 5844 1378 6931 5117 2475 8817 9752 8267 3975 1880 3709 7639 5209 9138 8206 1813 7245 8595 1814 4675
6492 4359 4091 5674 7512 9116 9032 179 9511 494 8715 1881 5732 1424 2563 641 4212 6825 5114 7693 465 2339 5486 6900 2564 7724 5875 209 11 9599 4486 7887 7017 5856 5300 1735 6963 7385 1049 1601 0 5618 5898 9725 6071 942 1019 378 3058 3381 6719 8387 6823 3831 3116 6518 3458 8900 3764 6198 8213 4112 157 2598 2279 7515 5713 8044 3633 426 6513 6967 6689 9835 4461 6056 3801 7855 7689 9314 2936 1324 8486 637 1511 8249 6875 6599 5916 6170 6017 6783 3404 1027 9880 8982 8511 6676 7815 8032 3223 3997 2000 2295 8420 8596 8283 3291 5845 5724 340 5513 6347 5029 6517 1313 7700 8918 7577 3156 5382 50 9841 9417 8783 1265 1214 9744 664 3339 4640 9385 8185 6515 3676 4506 8721 1239 7132 1274 8180 2685 9084 8646 3920 350 6042 760 2221 3818
5719 5811 818 4860 4696 2586 7985 8907 9019 3787 5066 2294 6791 5578 867 2804 9572 325 7579 1529 5747 4375 4972 4315 5309 618 8745 8313 4912 6234 7384 3857 9121 7804 8906 6191 3036 7087 8058 9441 5618 0 5748 3752 535 4769 8612 6087 1355 2008 4390 453 7817 736 5754 5811 3041 997 4036 2081 4674 3699 6113 6829 3990 594 3283 2798 5678 353 783 8028 1704 2144 4464 3784 5664 9770 8068 9416 7000 5922 1249 1688 839 6912 3424 515 4818 3912 6970 684 5104 967 3498 9248 1575 6747 8903 1214 3989 7120 2697 4947 4814 7940 9766 7563 3788 7708 2010 9814 9408 5866 3980 7322 4989 5374 2755 2055 3737 687 1871 6372 6799 4976 9668 5268 322 7036 4412 8081 2809 4206 352 8309 4002 8184 5879 4767 1749 5233 9763 8371 6502 5178 2246 4773 4867 3070
2896 4195 4982 8795 7608 2061 4152 2295 9976 2573 5234 1129 7721 5184 5387 377 4885 4025 8542 7181 7258 9622 714 7193 3340 9261 995 9285 9273 1306 6119 1621 9427 4742 1332 7497 3299 2374 3966 4142 5898 5748 0 3579 7339 8378 2797 5006 1730 8402 1748 1167 3541 3742 9275 1071 8386 4137 1941 9068 3574 3408 9835 327 3088 9465 2502 6331 2435 8358 5457 1403 4294 5545 1899 2404 1739 9907 9151 4750 5831 1662 8313 5030 173 5210 3017 7352 1430 7158 7187 6246 9942 790 8365 5003 6068 2901 5181 7083 7475 9276 6301 7572 145 6096 1116 7147 9610 196 8663 9203 454 83 3537 236 1216 2725 6428 5061 8315 5746 5607 3758 2018 5634 2248 9523 7653 8415 7120 6170 1480 4258 4393 7075 8628 9060 9660 2019 5385 2842 4692 3440 5517 4573 7589 2893 7621 760
5086 3366 811 9732 5421 1980 5381 6208 7236 2924 2979 996 6996 5662 5933 5090 2345 3373 2041 5402 8577 5094 734 4574 1777 2760 6361 8852 1885 7502 1280 7146 6868 4101 2163 1441 6130 3902 557 6563 9725 3752 3579 0 969 3318 7175 1541 9846 7890 7031 6411 2564 7 6081 429 5473 317 2780 3115 4864 8930 6964 8975 6575 3324 6410 9389 9408 6707 1462 7127 8889 9889 2651 2953 3895 1669 5825 7130 6456 2017 7759 6079 3456 2008 4594 4830 9212 1369 3691 5000 425 6351 5339 7231 1785 9108 7227 1616 3181 7133 5831 9864 3624 6650 2262 7078 9106 2845 4430 2797 526 1967 9460 6615 6645 6088 4927 2583 7974 651 5692 4537 9742 702 5058 3493 1061 6953 367 7566 3734 9760 6678 1703 8390 473 8875 8193 3953 1821 4011 7484 8495 6577 2583 6521 2355 8125
4937 2431 8266 2334 2225 165 8331 2414 7988 7192 7092 4873 6004 4676 4083 5965 2369 2527 1712 7614 3149 2459 4865 6619 5150 6953 5055 4917 3118 8872 3439 2834 640 5237 9355 7334 6238 6077 5487 7506 6071 535 7339 969 0 5378 4217 4390 3862 9472 8203 3948 6180 4275 4441 9039 3650 7396 779 4233 1248 5031 3615 3791 3000 3495 3316 6358 8095 6366 7136 1603 3022 1984 1543 2218 9737 2456 4769 4677 8925 57 8047 9732 4630 3095 1974 1177 10 8074 3342 9857 82 2111 2837 7624 6292 8593 8809 6848 2184 4221 3212 9225 3401 4888 9288 5823 4497 1085 1453 7776 4095 6274 9937 9088 8692 4874 5655 7813 9895 1391 5456 2833 9009 6543 5048 7150 5306 1275 4158 3540 521 6441 4664 5631 281 8292 7282 7435 2779 630 1973 7629 437 6680 5828 6329 6970 4991
8523 6431 4690 3300 8659 3861 6827 3378 2820 7579 9884 955 1536 2182 9547 8423 4689 4030 6949 2356 8033 1076 1294 635 9851 1146 771 7058 7953 7558 388 5005 9679 8765 8522 2668 6058 3187 6721 940 942 4769 8378 3318 5378 0 3406 501 5274 4901 457 4033 3129 7418 6278 8678 6456 5681 5897 3205 1306 1001 446 4706 4016 4072 3108 8284 8198 1562 2994 2600 9819 2316 9511 6363 4594 293 2092 6023 2661 8549 7703 2945 7884 9961 1066 8359 2230 2502 71 6430 7244 6756 7929 7173 9325 4350 7802 9209 7120 1733 4697 6354 1532 1381 4522 6022 2813 8858 4308 8124 4594 6701 4980 4771 8436 265 7583 6056 821 3753 6892 7905 2513 8199 5334 3936 4295 3238 621 6962 3181 3771 8955 1953 2300 4408 8316 3963 7925 4096 3216 3721 934 2918 3200 8590 960 7346
5943 6999 9464 3088 19 2541 2860 4954 5652 7539 96 2497 1752 3146 6515 637 96 175 2470 2190 8968 6217 4690 5879 2708 298 6147 8040 3294 8322 5470 2037 3968 2166 870 8477 4099 7111 9486 9929 1019 8612 2797 7175 4217 3406 0 6236 8311 8962 404 7679 8580 7011 6792 8946 5444 4360 2116 972 354 5676 4619 2252 6399 2862 9170 5607 5695 3643 3778 7472 1350 8399 5350 8217 1337 1508 8320 5066 8031 3698 3611 6486 911 4930 3719 6736 6025 7711 9121 2122 6688 4953 3731 4929 7194 2563 3726 4488 8431 6922 7784 2075 5315 8902 4329 5467 951 7533 2490 7750 4643 2907 5630 4812 1064 7469 6800 4370 7330 8068 5917 7257 166 6354 390 8991 3096 2720 9487 3948 8981 7185 5201 1911 6263 5095 4584 3690 8591 9580 3016 6827 2217 7871 2941 5316 1082 9698
321 8009 2537 1780 8488 9624 6767 7480 3760 1364 5642 3247 9318 6384 6249 3547 4552 78 78 8348 7426 6354 1258 3929 4939 3923 1235 9168 6304 6244 4335 1476 5390 1816 8521 530 9852 6946 6195 1693 378 6087 5006 1541 4390 501 6236 0 8887 8215 2303 2546 3565 9726 856 3182 2931 4095 6560 374 5904 386 9056 9938 9947 3294 1825 7444 5778 844 4949 8501 5302 737 9433 4598 9893 1291 959 5602 9476 7575 1070 1315 6000 6422 2479 7027 6752 2404 2165 4257 9200 6912 6994 4389 244 4177 6551 8411 996 8879 7750 6438 7371 2045 1928 9022 7307 5839 2027 9692 6770 1544 2736 733 8129 5730 7589 4859 7969 5959 5764 3986 9720 6958 726 1638 3223 3266 8795 4247 4391 9912 2254 175 1320 8568 8314 5450 350 8441 2924 1814 9569 2478 671 4502 6351 9963
4961 9294 1695 3780 6853 2241 2896 7003 2639 7512 3912 6026 5991 6631 4239 228 8238 1690 1886 7874 5856 6870 9533 2417 2757 7327 965 3093 9330 2464 5706 7295 2466 8412 3576 6906 3482 4875 2542 3146 3058 1355 1730 9846 3862 5274 8311 8887 0 8232 7065 1159 2142 1308 8787 7896 6497 1910 5511 1598 6959 6354 3968 9954 4004 8382 8275 3631 5502 5086 5405 3682 3372 4731 8821 670 7509 6105 1821 3453 6242 2433 4092 2327 5253 7861 1478 2598 4040 9358 2154 4321 1154 7391 7275 1795 9168 2726 9906 2468 100 804 3903 537 8778 1205 2331 6205 3452 3805 5394 2044 5387 3377 5724 3506 3110 2185 6546 6568 1057 5439 2845 6072 6506 1589 1575 689 6654 39 7287 9351 1584 4819 5823 9935 3488 6061 1041 4369 492 1420 2424 7123 6792 824 875 758 9068 1139
2634 3926 7664 1880 7399 2017 3437 5125 1650 5519 774 8763 6960 243 9522 1218 4266 8947 3904 5802 6085 5498 5000 5124 3561 8140 9545 5765 984 3827 2352 3430 6927 5562 4558 9311 6167 8147 2052 9829 3381 2008 8402 7890 9472 4901 8962 8215 8232 0 8831 382 8565 5107 7433 4292 6858 2394 9264 1419 7786 1700 8532 9099 5181 326 10 7491 44 4664 4213 1210 4704 5441 6800 687 6483 406 6317 7265 2443 3730 221 6661 6258 5047 7651 220 2546 1879 4015 6036 6579 1396 8495 9434 3463 1413 6165 5484 3690 6029 7868 202 443 3031 7706 523 6813 8140 4954 9674 8248 3000 737 6499 1507 8433 392 1181 7756 1200 5617 7331 808 3750 7649 9562 8282 5445 4226 5830 2860 3822 5245 8283 5703 6100 9718 9930 2928 2130 6613 2149 6329 1304 2294 1214 4865 4597
8610 7867 4241 3919 2564 5111 3111 7497 9193 8368 4782 9956 3115 6695 3683 7351 3744 9807 4934 9197 5832 314 545 9500 7978 8219 3784 5814 8985 8775 3686 68 8624 261 2373 98 9476 3413 4992 3814 6719 4390 1748 7031 8203 457 404 2303 7065 8831 0 9379 5779 8979 8611 4759 7592 1102 8841 7978 9142 8964 2121 88 449 45 6136 6948 9005 6028 4573 108 3257 5578 6719 2476 6315 2194 302 6931 8463 5291 9871 5814 9111 8726 1748 8844 7768 4803 665 347 3279 6387 7433 4948 1870 3859 6768 9328 9438 5925 6660 4820 6152 2424 6673 1118 5945 9006 2913 914 7649 3973 5239 4688 5594 308 9665 6034 7097 8484 7157 2590 7835 7841 9799 1761 8768 2472 117 5368 2889 7237 1322 7869 8535 1623 8825 891 2615 2705 4393 3470 1926 817 1339 1583 531 3486
3961 5819 2366 1587 6923 1450 149 7782 5828 2439 8908 9908 6430 7209 5434 986 6118 9101 9032 1041 8678 5745 2253 1178 7017 7031 5662 965 8454 4394 1488 8553 6614 8419 4929 7439 6310 8939 7810 2890 8387 453 1167 6411 3948 4033 7679 2546 1159 382 9379 0 1621 8664 1635 6630 4041 2391 6807 6501 9503 6100 3281 9687 9121 5162 1309 4963 9729 9094 9944 9056 8250 1760 803 7802 3622 173 1933 7831 9394 9200 7437 2988 7543 3100 7847 8334 3203 208 9729 9748 2311 9647 4798 4265 6416 4061 5054 1558 7606 4550 9801 7448 7430 4768 2971 2819 5319 8088 773 1106 9504 3722 7949 9963 6679 9503 3977 609 4764 7637 3506 227 6741 9013 9043 9563 5141 2512 846 5596 2347 4107 6071 9424 5456 6163 3286 6440 2235 8109 4136 266 8566 8109 3554 5078 5889 2731
3106 4309 8015 8201 8315 5212 8406 6142 7144 2155 9488 8468 6701 6560 9050 8000 3371 1956 2245 3718 648 6216 3175 1637 9587 7650 5065 3228 6958 8986 9666 705 7186 3510 174 3921 4627 2766 3498 4509 6823 7817 3541 2564 6180 3129 8580 3565 2142 8565 5779 1621 0 5393 5125 6535 2410 4890 7254 8117 5519 440 16 4908 4398 4066 933 7953 2882 3411 6819 6868 2694 5248 5903 7264 3235 2709 350 696 4238 4310 1676 5715 4524 8875 1689 2060 4313 4909 1240 299 3034 3621 6634 9504 8227 4765 2490 9702 4636 1139 3882 2274 6829 843 9279 3028 533 4410 5787 4217 2355 6076 1563 851 3227 8020 3305 1101 8708 8855 592 8214 8855 258 9699 1282 200 3728 470 7254 1030 234 4736 5152 7911 3061 2261 5543 3420 6607 3587 3432 5102 754 5381 329 2896 3311
9933 4238 1503 4259 9321 7361 5819 7742 7720 6662 7149 6791 654 5376 602 5019 3439 3495 7709 2454 2843 205 186 4464 544 9287 4708 6177 9265 1657 4765 4338 4880 4470 3969 7093 8312 3861 6849 3 3831 736 3742 7 4275 7418 7011 9726 1308 5107 8979 8664 5393 0 6547 1969 7012 7894 1450 7917 2938 2900 5981 147 8563 5934 8329 701 8274 5656 8517 7927 93 5751 8044 6957 6148 2449 9753 7349 4735 9278 6411 5323 2625 6201 4807 3314 1124 641 7366 8812 7048 8917 6910 4314 4711 6368 904 240 5761 3144 7855 3989 878 8 9661 8042 4554 3496 7027 1444 2963 1704 1753 816 6770 3801 5831 8633 4602 3703 1213 4676 3025 7634 9221 8856 1549 5932 9844 3500 8962 4663 6953 4647 5293 6891 9925 7516 2601 3509 5008 9131 2168 1721 6868 5882 3176 3666
