50
0 3005 7935 8552 5331 1488 895 971 7377 4578 9043 6417 2512 3089 1824 8114 2323 3250 4336 9510 8317 5429 2807 9 8678 1817 8849 8108 8296 4516 6572 2062 2688 991 502 302 5112 569 1799 654 392 1480 9024 6332 672 3450 7231 3796 6104 4348
3005 0 2138 1351 3303 3404 7252 7383 4109 1977 6743 5842 3163 9619 6805 7062 2291 6772 9696 379 9112 6827 1896 6203 7379 629 3635 9467 4506 6893 201 3634 8511 2481 9291 8380 220 9855 9849 2952 3352 7250 3174 4689 7915 6411 8234 9449 5605 3973
7935 2138 0 2640 6294 8928 2344 4914 2951 5351 1717 975 9052 3150 8494 5386 4250 5784 689 6010 4974 993 3923 2981 7850 6546 3214 5569 5507 2053 9530 4502 3837 7043 1098 3797 4219 5389 9040 470 3843 9248 4596 987 8440 7270 6239 3288 455 80
8552 1351 2640 0 5720 3025 1178 6813 975 3918 4646 792 2821 2204 9156 4382 2687 4128 4574 5774 2676 8110 9910 5956 2291 8726 9318 8701 9776 3067 4157 1409 3741 4193 646 5196 9170 4594 8607 567 5585 5038 7609 488 6771 6436 7060 3450 8061 1635
5331 3303 6294 5720 0 520 816 9000 3015 5444 9783 654 456 3497 6697 8092 225 3174 1140 2114 9547 2257 8898 7400 927 9085 2617 3141 5970 7878 2512 5447 1176 5508 2918 4194 348 2242 4643 6915 9909 1718 2296 2836 3473 9440 9747 9561 1508 3830
1488 3404 8928 3025 520 0 8136 80 5770 9277 9845 4266 5456 3479 7200 7242 4939 67 3632 9508 6558 793 1728 2304 1925 1951 1172 4614 9713 9754 8707 2645 5314 3869 9884 1406 9140 1820 9196 6418 9312 4788 9221 7060 5031 4405 4583 3147 9662 160
895 7252 2344 1178 816 8136 0 3235 7674 1061 4517 3609 3345 124 8142 419 9526 5860 1202 994 385 628 3389 6138 5656 1291 3508 8694 1480 5395 638 2459 5086 1882 4031 628 2924 3658 8598 5380 4365 794 8015 5342 8221 7394 4322 1919 6864 2965
971 7383 4914 6813 9000 80 3235 0 2266 8966 8814 8740 9346 5683 732 4648 8305 4160 4911 7926 8443 7378 8678 5172 9829 9014 8432 3674 8235 5786 7500 2150 7225 2887 3993 1568 6405 9096 4968 6255 7441 8540 2839 3691 2031 6887 8557 6649 2426 476
7377 4109 2951 975 3015 5770 7674 2266 0 7884 6946 9429 8630 6962 3317 4936 7830 993 5012 4219 3269 9748 5720 3710 4962 2013 1870 2777 1519 6 9992 2855 3977 8215 233 5381 9680 2794 7375 904 2501 299 4317 4153 2670 6549 4129 4061 371 4449
4578 1977 5351 3918 5444 9277 1061 8966 7884 0 5337 4078 2002 6645 5405 1559 1683 226 9418 2233 8045 2991 941 5946 4823 4012 3392 3353 4433 4471 2246 5336 8764 4152 4657 9922 9364 4240 3701 7678 2156 2972 8443 6548 7320 6035 2701 8966 2009 489
9043 6743 1717 4646 9783 9845 4517 8814 6946 5337 0 9209 8409 1785 3220 2038 8728 7505 7065 4280 2726 6175 9149 6655 7257 40 2037 9816 62 4453 139 3835 7622 4974 510 6494 6388 6675 1521 2539 38 7153 8698 6467 4214 2206 9431 8561 1442 6533
6417 5842 975 792 654 4266 3609 8740 9429 4078 9209 0 4003 596 5725 4880 7758 5285 1378 7135 4056 6776 3318 2340 2725 4090 2816 4193 4958 6775 6842 9037 6275 7540 578 5602 5215 8325 1948 886 7232 7888 7185 7860 8092 9797 346 975 9440 5965
2512 3163 9052 2821 456 5456 3345 9346 8630 2002 8409 4003 0 5434 4621 2156 7410 8831 4123 7667 2092 9938 9073 2666 9399 918 8418 1242 7996 5264 6808 5635 4455 7226 7436 1169 7767 1413 2429 2309 260 8663 833 9272 6235 1563 7384 11 2241 8909
3089 9619 3150 2204 3497 3479 124 5683 6962 6645 1785 596 5434 0 5254 8886 445 5585 6345 821 1911 2419 8687 4871 3341 2674 6469 5916 4069 4085 8750 3470 3409 2988 8691 3330 3900 8922 2343 3415 3924 3695 6840 585 3895 7237 2542 3929 7844 4363
1824 6805 8494 9156 6697 7200 8142 732 3317 5405 3220 5725 4621 5254 0 7057 6860 3579 2773 5702 838 5275 1482 7780 79 3479 4216 805 5059 7856 3266 5016 6588 8898 7000 9707 5258 8591 880 5681 2562 2974 2344 8557 3406 6768 5421 6382 1682 2714
8114 7062 5386 4382 8092 7242 419 4648 4936 1559 2038 4880 2156 8886 7057 0 3271 1501 8362 7881 8145 9573 4463 7334 5261 3478 4426 696 2621 5934 6023 4765 4257 1370 3255 2949 9807 4106 7734 3827 693 7223 4065 2909 3703 2795 3879 555 9803 7630
2323 2291 4250 2687 225 4939 9526 8305 7830 1683 8728 7758 7410 445 6860 3271 0 4458 6958 1456 6880 4594 3670 787 6332 353 3393 8797 8893 2282 3888 6647 4486 2935 9808 4458 4017 5773 7897 7211 3043 7924 8907 5936 3805 8402 8928 2902 7524 3214
3250 6772 5784 4128 3174 67 5860 4160 993 226 7505 5285 8831 5585 3579 1501 4458 0 8311 3575 3670 9351 5859 6120 4948 7253 6257 7992 7200 8269 8522 6194 4112 6019 9024 3938 6354 7649 6170 4197 3358 4498 8883 104 4267 1777 2320 9686 4254 5635
4336 9696 689 4574 1140 3632 1202 4911 5012 9418 7065 1378 4123 6345 2773 8362 6958 8311 0 3587 1301 6192 9592 6606 1192 7050 7273 4436 5683 4961 3807 6252 6552 9168 8996 3755 4841 4581 129 7421 9244 2522 4246 4795 1624 2377 3100 241 6332 8005
9510 379 6010 5774 2114 9508 994 7926 4219 2233 4280 7135 7667 821 5702 7881 1456 3575 3587 0 9680 9327 2384 6167 2353 4580 596 9413 8219 2819 4523 9854 6200 5277 4900 1677 5481 246 4210 4816 3638 788 553 400 3034 6914 9681 4567 4716 6581
8317 9112 4974 2676 9547 6558 385 8443 3269 8045 2726 4056 2092 1911 838 8145 6880 3670 1301 9680 0 7672 6493 9277 8857 8711 2862 4100 3974 1926 3431 1924 8894 5595 3534 5022 4825 384 5060 2911 1623 9959 5776 3246 1073 8562 165 4995 1035 5484
5429 6827 993 8110 2257 793 628 7378 9748 2991 6175 6776 9938 2419 5275 9573 4594 9351 6192 9327 7672 0 5528 3952 7319 9550 7993 9728 6098 2727 5560 4690 777 1477 7449 496 9855 9113 1602 7244 3189 2524 2861 1069 3371 1378 9093 4070 8982 828
2807 1896 3923 9910 8898 1728 3389 8678 5720 941 9149 3318 9073 8687 1482 4463 3670 5859 9592 2384 6493 5528 0 4933 3298 2925 3235 1295 2410 7837 1131 9034 3065 9896 7803 2800 7144 8438 2456 5522 1500 2730 7936 6251 8888 4842 9525 63 4881 5812
9 6203 2981 5956 7400 2304 6138 5172 3710 5946 6655 2340 2666 4871 7780 7334 787 6120 6606 6167 9277 3952 4933 0 1180 7525 9054 2169 2708 5424 7342 9923 9085 3302 5424 1463 1595 5635 3296 585 5745 9732 2736 8547 3229 1765 8205 3352 5225 8303
8678 7379 7850 2291 927 1925 5656 9829 4962 4823 7257 2725 9399 3341 79 5261 6332 4948 1192 2353 8857 7319 3298 1180 0 232 420 9451 7008 3312 3310 5096 2728 1643 9645 7696 5573 9150 3230 5458 3150 2904 8208 9915 2403 8295 1655 1937 2161 1826
1817 629 6546 8726 9085 1951 1291 9014 2013 4012 40 4090 918 2674 3479 3478 353 7253 7050 4580 8711 9550 2925 7525 232 0 1984 3945 5930 5227 6804 7832 3184 7037 2385 9478 4133 6731 6272 4341 4054 83 6337 4190 4738 1377 7225 31 6733 3097
8849 3635 3214 9318 2617 1172 3508 8432 1870 3392 2037 2816 8418 6469 4216 4426 3393 6257 7273 596 2862 7993 3235 9054 420 1984 0 3974 9100 9627 6620 6253 8767 3047 8070 6675 4815 6846 674 7050 9457 6625 4721 7463 6106 3638 9926 2230 8140 7888
8108 9467 5569 8701 3141 4614 8694 3674 2777 3353 9816 4193 1242 5916 805 696 8797 7992 4436 9413 4100 9728 1295 2169 9451 3945 3974 0 9224 198 8793 7549 7535 234 3462 2485 2634 8189 7764 4970 656 886 5311 1502 5697 1699 2102 9822 2082 3604
8296 4506 5507 9776 5970 9713 1480 8235 1519 4433 62 4958 7996 4069 5059 2621 8893 7200 5683 8219 3974 6098 2410 2708 7008 5930 9100 9224 0 3183 8712 4468 1289 234 8155 6033 6571 3908 3675 7638 4166 7976 799 3485 5855 8886 9163 2738 8126 775
4516 6893 2053 3067 7878 9754 5395 5786 6 4471 4453 6775 5264 4085 7856 5934 2282 8269 4961 2819 1926 2727 7837 5424 3312 5227 9627 198 3183 0 248 594 1503 9591 3596 7383 6992 9827 1974 8303 4617 4458 8184 7589 2018 4046 9661 6375 9394 9574
6572 201 9530 4157 2512 8707 638 7500 9992 2246 139 6842 6808 8750 3266 6023 3888 8522 3807 4523 3431 5560 1131 7342 3310 6804 6620 8793 8712 248 0 5080 8463 319 2728 3581 7592 763 4035 5281 9589 7482 9355 4020 5951 9544 8148 5175 6714 5174
2062 3634 4502 1409 5447 2645 2459 2150 2855 5336 3835 9037 5635 3470 5016 4765 6647 6194 6252 9854 1924 4690 9034 9923 5096 7832 6253 7549 4468 594 5080 0 5732 8014 2587 4922 6346 8328 9778 1892 4066 280 5958 7534 5880 1907 345 1633 6968 2057
2688 8511 3837 3741 1176 5314 5086 7225 3977 8764 7622 6275 4455 3409 6588 4257 4486 4112 6552 6200 8894 777 3065 9085 2728 3184 8767 7535 1289 1503 8463 5732 0 8899 2051 4254 9403 6670 45 4314 8211 2519 6613 5337 5244 568 1463 3297 3670 8126
991 2481 7043 4193 5508 3869 1882 2887 8215 4152 4974 7540 7226 2988 8898 1370 2935 6019 9168 5277 5595 1477 9896 3302 1643 7037 3047 234 234 9591 319 8014 8899 0 6398 5463 2323 1283 3379 8571 5151 4157 3386 5414 2050 5484 5956 6213 6487 7529
502 9291 1098 646 2918 9884 4031 3993 233 4657 510 578 7436 8691 7000 3255 9808 9024 8996 4900 3534 7449 7803 5424 9645 2385 8070 3462 8155 3596 2728 2587 2051 6398 0 3934 5579 4651 3392 7752 632 6469 5177 4642 574 7536 9756 3445 9497 7625
302 8380 3797 5196 4194 1406 628 1568 5381 9922 6494 5602 1169 3330 9707 2949 4458 3938 3755 1677 5022 496 2800 1463 7696 9478 6675 2485 6033 7383 3581 4922 4254 5463 3934 0 6544 3712 3610 3011 9832 2828 5389 8988 6712 4803 1041 4279 8414 1233
5112 220 4219 9170 348 9140 2924 6405 9680 9364 6388 5215 7767 3900 5258 9807 4017 6354 4841 5481 4825 9855 7144 1595 5573 4133 4815 2634 6571 6992 7592 6346 9403 2323 5579 6544 0 74 7484 2784 9455 4356 2624 3474 8406 9144 6862 8344 4350 2809
569 9855 5389 4594 2242 1820 3658 9096 2794 4240 6675 8325 1413 8922 8591 4106 5773 7649 4581 246 384 9113 8438 5635 9150 6731 6846 8189 3908 9827 763 8328 6670 1283 4651 3712 74 0 2496 7634 1174 7335 6173 9554 3050 205 6281 1872 8894 3178
1799 9849 9040 8607 4643 9196 8598 4968 7375 3701 1521 1948 2429 2343 880 7734 7897 6170 129 4210 5060 1602 2456 3296 3230 6272 674 7764 3675 1974 4035 9778 45 3379 3392 3610 7484 2496 0 2229 5251 8632 3282 3142 7907 9197 5672 563 8487 5637
654 2952 470 567 6915 6418 5380 6255 904 7678 2539 886 2309 3415 5681 3827 7211 4197 7421 4816 2911 7244 5522 585 5458 4341 7050 4970 7638 8303 5281 1892 4314 8571 7752 3011 2784 7634 2229 0 1860 1896 3861 7768 5755 9374 9800 1027 807 8610
392 3352 3843 5585 9909 9312 4365 7441 2501 2156 38 7232 260 3924 2562 693 3043 3358 9244 3638 1623 3189 1500 5745 3150 4054 9457 656 4166 4617 9589 4066 8211 5151 632 9832 9455 1174 5251 1860 0 7316 9916 5393 9125 7031 3756 8600 5641 2816
1480 7250 9248 5038 1718 4788 794 8540 299 2972 7153 7888 8663 3695 2974 7223 7924 4498 2522 788 9959 2524 2730 9732 2904 83 6625 886 7976 4458 7482 280 2519 4157 6469 2828 4356 7335 8632 1896 7316 0 6502 6564 8666 6770 3742 8560 8110 7853
9024 3174 4596 7609 2296 9221 8015 2839 4317 8443 8698 7185 833 6840 2344 4065 8907 8883 4246 553 5776 2861 7936 2736 8208 6337 4721 5311 799 8184 9355 5958 6613 3386 5177 5389 2624 6173 3282 3861 9916 6502 0 4196 46 955 3419 9441 4204 7647
6332 4689 987 488 2836 7060 5342 3691 4153 6548 6467 7860 9272 585 8557 2909 5936 104 4795 400 3246 1069 6251 8547 9915 4190 7463 1502 3485 7589 4020 7534 5337 5414 4642 8988 3474 9554 3142 7768 5393 6564 4196 0 8541 4353 1835 1188 6862 7330
672 7915 8440 6771 3473 5031 8221 2031 2670 7320 4214 8092 6235 3895 3406 3703 3805 4267 1624 3034 1073 3371 8888 3229 2403 4738 6106 5697 5855 2018 5951 5880 5244 2050 574 6712 8406 3050 7907 5755 9125 8666 46 8541 0 5290 6285 1915 9772 9920
3450 6411 7270 6436 9440 4405 7394 6887 6549 6035 2206 9797 1563 7237 6768 2795 8402 1777 2377 6914 8562 1378 4842 1765 8295 1377 3638 1699 8886 4046 9544 1907 568 5484 7536 4803 9144 205 9197 9374 7031 6770 955 4353 5290 0 2488 5865 6440 2499
7231 8234 6239 7060 9747 4583 4322 8557 4129 2701 9431 346 7384 2542 5421 3879 8928 2320 3100 9681 165 9093 9525 8205 1655 7225 9926 2102 9163 9661 8148 345 1463 5956 9756 1041 6862 6281 5672 9800 3756 3742 3419 1835 6285 2488 0 1962 3357 8314
3796 9449 3288 3450 9561 3147 1919 6649 4061 8966 8561 975 11 3929 6382 555 2902 9686 241 4567 4995 4070 63 3352 1937 31 2230 9822 2738 6375 5175 1633 3297 6213 3445 4279 8344 1872 563 1027 8600 8560 9441 1188 1915 5865 1962 0 5173 2123
6104 5605 455 8061 1508 9662 6864 2426 371 2009 1442 9440 2241 7844 1682 9803 7524 4254 6332 4716 1035 8982 4881 5225 2161 6733 8140 2082 8126 9394 6714 6968 3670 6487 9497 8414 4350 8894 8487 807 5641 8110 4204 6862 9772 6440 3357 5173 0 7050
4348 3973 80 1635 3830 160 2965 476 4449 489 6533 5965 8909 4363 2714 7630 3214 5635 8005 6581 5484 828 5812 8303 1826 3097 7888 3604 775 9574 5174 2057 8126 7529 7625 1233 2809 3178 5637 8610 2816 7853 7647 7330 9920 2499 8314 2123 7050 0
