200
0 4333 4918 7656 4001 720 6236 7707 2724 8645 5838 4953 9897 8798 931 1496 9835 101 6452 6024 5209 2774 5868 2714 7948 9145 696 9724 4723 6426 531 5048 2013 2723 8516 4166 5195 2095 398 9569 5122 6734 8208 9230 4682 4670 2875 4822 371 6886 165 1734 5216 3178 6258 6511 1012 2794 2344 1448 6006 5048 2369 1459 6968 225 4020 5627 6196 7870 612 5933 2409 8699 7660 7423 990 5864 720 5378 7904 5816 6636 4696 3586 3568 9598 845 8465 1350 6108 7476 8063 7630 3156 8170 4464 2853 8257 3422 4606 3394 8666 8423 8196 6864 2587 305 1378 7550 2233 7363 5570 6364 9901 4662 3797 8765 400 3800 2229 4747 5554 9068 425 3211 2168 5692 2474 6873 3966 1261 355 8396 2388 9014 3056 7886 9315 9339 8967 9411 2651 5919 9203 4225 6657 9271 3689 8687 9188 4698 1424 1673 9209 3807 626 6312 9892 6855 8643 5580 9 6746 1008 3997 6156 7394 8725 7999 6567 9644 8457 2920 9330 2609 5504 8790 8374 6702 420 1131 4598 299 8735 7194 4771 4854 2926 7183 7010 2680 7564 2340 9943 9562 4764 9976 8661 1428
4333 0 7812 453 3028 1205 1237 8273 3035 2931 9259 4963 4300 8594 4180 5321 3877 1177 3119 3318 1064 898 5853 8739 1741 5901 2776 7162 824 5343 8351 4319 6463 3413 6750 700 995 7031 5261 5493 9501 7936 2686 223 6285 5999 2592 3613 619 8994 5550 4577 3330 9285 2407 5904 5543 7717 3287 2653 4569 6906 5508 220 8 1441 5795 9128 2788 35 4357 6488 9777 9851 3022 7986 920 5436 1250 1148 2937 4686 9286 7944 1519 1116 6623 9869 7572 7276 4127 4875 1116 1902 8363 4008 2096 3403 1090 1787 2395 7517 2946 8095 5187 6464 3247 8178 2896 5338 9455 2438 9915 863 9899 473 3240 6792 5411 9566 6031 8802 6145 6064 9224 5744 1135 4023 6727 5705 8462 945 92 6045 623 6332 5252 3292 2267 7031 8062 1364 9239 3208 611 6175 3498 6448 7862 8155 8516 3491 9353 5004 7850 5501 6621 5850 8212 9548 7480 5224 3777 9271 9698 6524 6360 5896 6425 9096 3249 851 8720 7625 1560 7296 2887 2653 9839 7838 595 421 963 2310 1844 8105 4425 3822 8805 4044 2655 9660 2258 6370 3245 8957 1852 7847 3229 6250
4918 7812 0 36 9329 1234 7750 6073 2275 142 737 647 6610 2126 8883 9811 5054 3044 9947 5641 7288 5209 1394 6894 1296 1710 681 2722 181 875 7593 8210 7452 5598 7573 6423 3653 6851 9024 1605 3417 347 9024 802 8550 873 6383 2397 2284 1919 7941 2296 7298 3125 8954 4824 5602 7600 1876 3799 1118 2090 6282 2264 5049 1577 5394 4988 3552 6315 5510 384 2288 5183 9758 6455 9870 8355 662 5119 2862 2414 4956 7898 5075 5521 5237 9815 817 360 8859 2415 39 1767 9830 612 6550 1999 3068 8985 9089 8319 3403 911 1405 5621 7078 1146 1431 1873 2447 3313 3774 7030 7786 2178 4445 9077 7011 8505 8846 5900 5559 8729 676 4419 2592 1207 3870 1476 5763 1880 2328 8585 6255 7062 4191 2656 4289 9291 4089 847 79 309 818 5044 62 2635 1402 9535 7664 26 2514 1126 9383 1289 9177 1652 5079 6460 2341 838 2990 3109 4116 1833 9659 2572 1838 4152 2790 4955 9663 9098 717 576 1471 4093 5326 9913 4285 723 4601 6649 24 3423 2607 9833 2701 3656 8127 4672 4190 5634 366 3791 9028 9299 8908 8490
7656 453 36 0 665 1464 4286 2865 7558 575 3923 5049 1543 6608 4070 1413 7502 5605 1529 3959 7506 1532 6349 8045 143 9884 9335 868 9060 9243 366 7793 9638 2410 2466 9342 6631 3906 8287 7911 8858 8957 186 5409 27 3779 3132 3245 4487 4959 1065 4848 9724 9864 6911 5821 6740 2081 1174 8534 3532 6176 3009 5934 2119 4140 7599 9633 5855 9263 2275 7995 3910 3225 4775 5226 9048 4566 4466 119 2081 8549 5059 9015 207 3953 9948 4740 9302 5482 1442 1475 2584 7938 396 5156 9743 3160 6732 2766 2000 5969 645 4739 9205 1288 4133 4555 7840 4421 956 8165 396 7139 1541 3308 3876 7839 3614 9669 4646 6637 1740 8600 8213 1277 1362 6257 5925 7703 6434 6172 8559 5572 9937 5177 9461 5989 9959 3208 5640 2365 8638 4725 8301 7291 2763 1804 1462 3056 4509 2381 3418 6438 9245 445 1385 5630 7854 6677 6496 9045 1551 8573 9476 3769 5851 9134 2665 984 8985 2203 7480 9882 5275 4022 6811 7829 2756 9019 2300 3498 7948 5964 3081 8595 7170 8708 7486 6720 2594 6093 2220 6870 4331 2188 2808 7777 9989 2826
4001 3028 9329 665 0 6608 8947 5214 5086 1514 3940 812 5417 8082 850 5443 8800 6767 3873 6959 154 1608 289 6486 4121 7705 7840 2825 5718 4268 7544 8755 7463 1926 6255 1896 5509 4900 5278 5967 5865 1896 4558 7358 4687 9454 4032 3826 5841 6752 9737 2473 1938 7572 8233 3096 443 9872 5468 8154 3588 5099 7033 9109 2715 4029 7548 4715 6765 134 1539 3503 3091 6278 3431 8897 3512 7357 8515 5999 2361 732 4338 1284 3718 8882 2384 7869 1022 8348 7287 185 1103 8849 4006 2875 9095 5776 5280 5617 2735 788 4951 1822 4543 7386 1562 4519 6769 5472 8871 571 3856 3005 7684 826 6353 3994 3169 9519 9311 6569 1531 3375 2042 8871 4888 5273 3638 3619 7511 6456 870 7249 580 9375 1185 7659 5051 747 6227 547 8396 9373 9070 3451 4152 94 5985 6201 2181 9178 1906 3159 826 1711 487 3270 6460 1057 2651 1410 3079 9084 4620 9258 2621 9211 3537 2425 1968 137 4183 8075 4502 8138 5883 551 7251 3163 4397 8902 5508 7452 6213 6644 5630 1234 7640 503 8183 4950 3531 2456 1462 9871 8829 3241 4108 3446
720 1205 1234 1464 6608 0 3192 6254 1822 2805 4091 5126 5975 3581 5137 986 972 3980 1991 4696 9119 7709 7134 9185 5510 7646 5113 5218 2914 1358 3099 9743 5897 8758 6968 6511 1522 3901 5171 3228 1006 3623 4088 5030 3648 2308 6340 7339 3257 5608 8794 6716 4796 9225 2477 8734 8002 7374 347 1427 9052 4008 3557 3326 4089 3166 8107 7275 5961 1686 9133 3710 9532 2844 1228 3572 2185 2107 8346 1872 8178 9049 178 7699 1061 1344 5610 7977 78 7736 3031 5364 5901 6048 404 881 6949 6511 1599 455 1427 7812 2012 2608 358 5819 7187 8130 558 358 9266 9912 8265 6251 7107 1435 6598 1340 9951 3111 520 5766 1338 2821 9343 5951 5958 4719 8570 1989 2654 6183 7991 3873 9782 8599 1115 6703 2675 3274 4951 3653 3430 8339 9419 6059 3663 6129 7298 2954 8103 7634 6023 2241 6937 3782 761 6467 8399 274 418 5953 9697 605 3019 8022 5199 1825 2781 2193 3692 4886 7595 5267 8980 2029 5543 5385 4392 9472 9417 9925 7466 3448 2519 6537 6834 9024 6453 2228 3581 1343 8135 7025 1108 3277 8418 5577 8698 1884
6236 1237 7750 4286 8947 3192 0 5831 5636 5193 4655 8122 2118 8060 8562 1862 5767 7442 3084 3922 7768 5091 3198 9725 4550 9588 4727 3552 8045 2238 8994 4305 512 1063 6741 3700 1448 5864 855 6218 4012 5153 2125 2058 3656 8333 3284 4479 5056 797 3038 1845 3959 7045 6704 9541 5350 1188 6422 9141 1972 6925 3126 6712 6813 7213 6430 8412 2904 1878 841 636 819 5207 2646 7037 4327 9627 3936 3198 4077 7732 2244 2676 8893 3815 9818 1509 6608 1906 6888 9726 9848 8200 600 9796 2408 2297 9818 9160 1941 8631 344 2814 5375 321 6722 5617 9661 6632 784 5799 8921 3711 8138 9133 1850 5329 8077 4906 8108 9507 5050 9634 4701 7393 3271 5425 5197 5394 3202 2597 3547 7750 6002 1491 3580 4450 7189 322 3353 4334 1168 4494 9710 9345 5371 7832 3305 172 8006 1114 3382 5864 4998 1443 4552 2537 2185 4880 4968 8340 989 2932 2901 7374 5455 6766 5898 5719 4555 6149 9767 2833 3093 192 1973 7591 1829 9951 3170 6536 3453 9624 6351 6361 1112 1394 9873 4663 2917 4611 2932 159 5591 2735 1246 9240 3553 962
7707 8273 6073 2865 5214 6254 5831 0 3919 1643 4450 2886 7233 9048 1910 7791 4117 9953 4995 479 4075 8934 6649 6900 911 7927 1169 7253 2802 9341 8384 7525 241 291 8181 35 1796 8582 3222 8600 3330 6187 1703 3425 9483 8036 2727 6917 5368 4705 5968 9754 8013 8735 1494 783 5821 1505 2659 8837 8264 8532 1995 2813 946 3730 8616 7960 6611 603 6718 4606 2750 7400 9113 5825 2339 4410 2848 3323 3376 2684 5398 4751 8842 8990 7638 1409 8770 1376 2967 4606 4693 4219 8314 9123 5967 9049 4842 4742 9576 8491 5077 8932 1300 363 4278 980 8305 3220 4844 539 2616 6607 3862 1478 197 9378 7005 2395 1087 1250 7913 662 7634 3293 2046 3161 37 8814 7559 8178 6130 2551 979 5892 8194 4235 5685 675 7424 6221 7115 444 1967 8382 7943 2687 8065 2360 2728 8858 5885 2741 1955 6004 7106 9619 3834 7098 8272 6220 5495 7952 5751 2003 2025 8290 3047 4982 9207 2514 7375 4697 8279 8186 6271 3681 8501 7059 9027 3436 1430 8812 4517 3579 9415 3500 6108 1232 9326 6714 7303 4004 7683 4388 2666 8512 5643 9959
2724 3035 2275 7558 5086 1822 5636 3919 0 1175 395 3230 2101 8087 5224 1915 3419 603 786 687 7744 6440 2468 5439 8200 6341 8442 5762 5187 8374 428 5534 4514 4177 7319 7314 1417 5334 1919 4497 2730 9149 1154 8845 6249 4539 6712 8422 6363 8846 440 7773 5505 6044 9219 3632 4070 9366 9842 4072 33 4670 8774 3034 1270 6646 3163 4277 6194 2824 7640 451 3318 711 8452 1771 8217 9672 8467 9362 9455 2477 5414 7047 7761 2762 2649 6422 1016 8073 356 4888 5027 3671 1051 1475 9875 3240 8783 4100 6740 4057 9883 5172 6539 3364 731 2413 5664 156 1702 4935 6956 5177 5728 8052 2261 3984 4470 224 3640 3583 8081 193 5758 277 1339 2792 6147 5667 2253 166 13 8644 293 3674 9722 1686 3672 1838 3236 9484 2644 1362 3445 9139 5533 7131 2810 4881 2269 3579 2396 3729 3408 7258 283 9982 2858 3702 8871 8315 6407 1858 1859 7893 3931 9536 8239 6179 8517 9431 6106 4702 5267 3960 5448 7441 8706 8881 3391 5810 1183 6072 2584 8897 9401 4924 2127 1334 6562 6170 8577 9812 4539 515 3023 6072 7785 7024
8645 2931 142 575 1514 2805 5193 1643 1175 0 4396 2711 5007 1816 622 4158 917 2969 6774 396 7425 8923 4650 9510 9082 9270 6817 5415 7782 2981 4467 858 2127 205 3586 3091 3098 9315 9772 5177 1140 9092 6320 9461 3551 2593 7769 9842 2035 6304 9983 5810 3693 372 6748 3555 184 3601 7777 8977 1327 6557 980 7556 4164 5894 4562 1455 4234 4101 3779 4282 4079 5538 8664 3086 9462 6543 9229 5599 3261 194 9699 4864 1939 6554 3094 483 9302 5218 2926 6156 1567 5272 8263 1230 7928 5085 3654 805 1922 8960 1482 8842 6967 3282 5292 9311 2362 1233 3860 1354 7502 34 5010 8590 5591 1179 2652 7396 8567 1043 9698 8755 8638 7372 2298 3025 1437 2538 2722 5819 4702 3274 4478 7206 690 7032 8177 6149 3622 9259 4760 6312 1687 5383 308 5114 6743 4954 8260 8883 4358 2520 1801 8275 4150 2770 1244 8856 5225 9146 7925 2672 979 433 8722 9668 8506 4973 2791 5307 7315 7333 9015 7462 6600 5792 7825 1579 6687 802 8239 4936 2255 1159 9210 5009 6386 6277 1727 930 9805 4915 2795 6507 2298 7003 4696 9930
5838 9259 737 3923 3940 4091 4655 4450 395 4396 0 3488 9053 2437 7110 7713 988 8057 7229 9802 7958 2064 6773 1301 4559 5532 9136 4753 8538 9493 3312 3531 7083 7808 5207 5371 7646 4259 528 3842 2365 1776 8197 7988 3509 6106 7599 4073 3178 4634 5165 7676 8438 5346 9128 6025 9958 4736 6562 7838 407 1542 7600 4065 1969 3504 7089 9309 4174 4493 9665 7265 9606 1945 8697 1073 8592 4119 6865 3853 449 192 5701 2357 523 3033 6654 1756 1308 9183 2927 2142 1916 394 5422 6074 8575 2262 5558 6842 9540 3973 8822 1490 2248 3343 310 2328 8612 4337 7603 9036 5212 3102 4677 382 9674 6389 5757 4413 8635 3682 4809 839 101 3765 4986 6772 2732 7698 2653 7111 6545 2006 3033 7411 6724 9262 8698 9196 4066 8333 4979 1079 6770 5427 6426 4814 1697 5558 752 7402 6606 9675 1891 7722 8930 309 1634 7570 6086 3559 5014 4085 2764 4939 7421 7562 2956 31 9400 6370 1012 8237 7029 7218 6609 6898 5078 1394 883 2295 9845 2776 4535 1899 189 4615 8183 2416 327 4632 1760 1413 1480 756 5686 4897 7647 517
4953 4963 647 5049 812 5126 8122 2886 3230 2711 3488 0 422 3840 6204 2150 6130 7767 9813 3983 1485 6580 5771 4575 4082 4663 9857 9056 2289 3103 3279 1717 9368 1236 1745 5405 5352 5027 2005 1987 7795 9424 902 3235 1394 8804 5948 4312 1142 6996 4249 745 4794 2145 5412 8203 9683 7759 8068 3214 9303 7446 8493 8086 6770 4631 5694 7111 2667 9861 2197 9727 7367 3462 7329 7532 1891 9200 3991 1303 4085 5553 9472 1438 7253 4858 9687 100 8827 3117 145 9337 8207 9817 3267 6144 3193 9184 8238 9749 2299 1578 434 4962 5721 3866 2259 787 9731 4058 6557 4840 9699 9809 7731 4500 4235 9705 880 9862 4687 8675 920 7431 7460 7905 9917 2210 5980 7385 8096 4906 8898 4112 4531 5180 4409 4623 8679 3042 1415 1236 9075 1141 9434 666 2724 6945 2445 9420 2977 5028 3167 2424 9663 1590 7106 9383 8049 9036 1140 439 3234 3775 9922 9103 133 868 1118 8502 1175 6837 9620 510 9718 1898 8368 6691 8222 1731 165 9321 9977 2695 8832 5753 4697 8660 7081 8271 4026 3584 6873 92 335 2605 1455 3678 4389 1543
9897 4300 6610 1543 5417 5975 2118 7233 2101 5007 9053 422 0 614 2231 8901 2205 5896 3568 2054 2425 4029 2160 1332 5478 4796 5595 7520 4929 7454 6234 5414 4219 5534 179 4089 5441 5901 9121 1275 7047 2440 6990 7604 1814 2786 2375 6949 2401 5954 6179 1628 3850 7587 2037 4263 9146 206 7056 5301 9853 5427 2461 8672 6624 5569 5469 3707 1289 2647 4306 6898 351 9842 344 160 2091 6317 1731 3369 8621 7060 5146 4025 1784 2911 2101 979 3734 83 2338 6231 7524 5003 6555 9540 2814 411 5148 6421 2049 3514 1242 9692 4292 8584 4617 2210 3371 1716 7286 3877 3420 4101 9026 9649 2558 6549 3085 8967 5275 3780 2347 5750 4125 9860 1819 8134 6314 1589 4084 2640 1923 7059 8421 6619 9812 6480 7 5755 5854 1543 5028 140 9673 13 3869 9487 6970 5230 7987 2465 6372 8500 4862 3907 5534 7500 3054 1846 3631 7727 8590 5713 592 5742 403 8552 1202 2529 4600 3775 3489 4607 5985 7435 9531 8066 2607 2063 3445 8264 2479 9199 6697 529 2174 2443 6971 5205 5228 9182 330 6728 2032 9360 4315 9216 5755 9026
8798 8594 2126 6608 8082 3581 8060 9048 8087 1816 2437 3840 614 0 723 7844 7790 202 1265 5583 1080 742 3856 7773 2750 2516 754 2170 1167 8775 9265 8848 2308 168 9235 4363 1198 7938 3248 4633 2342 3166 1487 7569 3469 2029 6799 4106 503 9363 3097 4137 6933 9991 1736 5303 4621 2583 3858 709 5231 6852 6209 2397 3055 5325 4111 6096 2674 8268 2975 8967 8169 2802 910 7185 9897 2896 8422 7885 5461 1230 635 9878 7522 8452 649 6521 3057 3278 5454 9302 3478 5797 7934 9878 7660 2180 365 627 5151 4109 6206 8953 2222 9613 9036 28 2500 8453 2724 1192 1054 5188 3846 337 8359 4115 7601 3171 1586 9329 6763 7013 5011 9748 5783 9726 7641 1827 1000 6423 7739 5185 4124 3283 7642 7248 4020 7765 710 8388 575 2465 8457 4065 175 9885 4544 9157 3874 6862 6899 4123 7702 2672 6652 5083 8986 1558 5127 9486 3148 5968 9229 6094 2545 8497 925 9577 5646 924 123 2481 715 1078 1729 9036 1485 4670 5470 988 4344 9998 7808 5124 40 5685 5592 2512 9839 9955 510 7782 8374 3538 3978 8171 6701 8835
931 4180 8883 4070 850 5137 8562 1910 5224 622 7110 6204 2231 723 0 6459 3129 7713 7677 9684 8918 5531 3337 6865 2790 6369 3394 8230 8531 938 9536 3885 9403 5083 4128 2207 4624 8898 1472 6619 6454 4884 9039 1931 2526 4604 2480 2259 9077 3689 8131 9958 5003 4700 8570 1300 7081 1884 5718 9 186 1054 7001 7240 3120 4701 2405 1862 244 6047 3082 9945 5094 9855 4117 5942 9608 9732 3484 7624 9518 5721 3157 7471 8912 6747 3335 3721 2455 7040 6277 3303 3005 1609 562 7470 8614 7040 8126 2769 5794 8551 4795 1584 5902 4084 1446 3756 7235 2995 9000 7357 7010 5511 7086 5 7789 8773 1905 8142 1324 591 8770 1472 7043 9706 228 4736 6318 1918 8664 9163 2373 3440 246 6510 8661 638 6433 2133 753 5190 3445 3930 7466 1682 4234 3890 6741 2657 3849 7469 3488 4805 1284 2011 5346 8573 1316 4246 9707 5940 9923 4655 2152 7633 5022 4475 2590 2698 3184 1699 7445 9436 4888 1892 2273 3508 7304 9024 5244 8860 1266 3008 6342 3471 6287 8128 1119 1133 5504 1428 5347 8078 8662 3627 2340 2372 1366 3568
1496 5321 9811 1413 5443 986 1862 7791 1915 4158 7713 2150 8901 7844 6459 0 9368 899 7830 6467 2388 2584 4246 3466 4910 856 9093 2417 4573 9967 8143 4054 443 4274 73 1469 9175 3326 2789 4007 6773 5752 9817 8782 2241 8527 8164 1226 7424 5571 9607 2818 9524 239 8356 4092 2288 7949 8651 7689 1166 5709 2449 7033 3688 1124 1179 9077 2742 2035 142 1456 3134 7109 3855 986 633 5711 1300 6778 3847 8746 6649 8305 4447 6403 2332 7918 2542 7221 9917 6722 8046 2816 7843 2589 1262 234 7595 5179 1717 8282 8393 8283 4890 9894 5617 7526 4969 8550 9159 7307 6168 3519 7417 3415 6478 9883 2244 1275 4981 6101 2529 4848 2578 7716 4429 9994 5550 7158 5509 8903 6828 6905 7491 5164 9607 7720 4260 3324 5766 726 4180 3122 4488 9354 787 6829 6143 5887 1514 8716 6910 9474 8826 1501 2671 5078 7614 2355 1404 4791 5115 3613 213 5636 4750 1866 498 5433 2185 6940 8466 3222 1162 8154 3985 6237 3120 4070 7306 6651 8573 8563 6763 9199 5984 5868 1931 3087 377 8600 6390 9044 943 4095 8777 9912 771 3094
9835 3877 5054 7502 8800 972 5767 4117 3419 917 988 6130 2205 7790 3129 9368 0 7262 1824 8702 8337 8502 3693 8790 6920 3100 758 8045 1191 3524 6997 1846 5440 9789 7400 3973 1506 1080 4263 5462 5277 524 6729 5377 464 1323 497 1519 995 4807 8464 7810 2146 3675 8411 6624 5219 9115 3925 2617 2216 6713 8911 1365 635 1846 2062 8044 8197 1542 3970 4064 2128 7709 8182 4799 6392 3170 4372 407 966 3244 9753 7642 9001 7469 4108 7160 4654 5516 4265 7356 4864 9552 6675 164 4531 1092 6970 7977 3730 8316 437 4698 7840 7509 7852 1732 3007 6347 224 9897 6053 869 1643 4026 4751 4722 5429 1417 6121 942 3602 9205 7650 8222 9274 2086 3660 3916 3054 7374 5744 223 1191 6372 3667 5747 7625 8842 588 1340 5562 981 9215 3333 6911 809 2773 6635 4521 7301 7275 8277 4087 6007 7190 4016 5316 2643 642 9784 2019 1898 2641 7036 2101 1464 2032 9293 270 3190 9171 8676 2140 7068 8205 8957 1379 7761 5274 4227 6651 3890 1321 341 1634 5792 3828 7126 1455 9601 1532 4851 6957 4875 4767 9321 3562 3922
101 1177 3044 5605 6767 3980 7442 9953 603 2969 8057 7767 5896 202 7713 899 7262 0 2576 8725 227 8687 9345 8310 9806 3583 6302 715 3722 7704 5933 3499 5088 3391 417 8425 5404 8566 9681 5923 7195 2521 800 9020 7677 3153 6167 5464 3973 9458 7066 1895 740 8712 3351 5384 4866 6503 7655 3251 896 9706 3818 4122 5693 3814 2339 44 7010 349 8204 5531 8204 1090 3745 4301 6326 7687 7279 563 202 7649 7347 5080 8196 3900 3508 5785 1372 8860 9796 9094 4266 6049 8078 2677 773 9284 3205 3067 2761 2140 9285 8050 4338 5605 5693 1526 2689 3663 7378 9447 7231 8397 3326 5846 570 3855 3360 1422 7878 1489 8738 9581 3550 3945 1872 522 68 3665 5686 6139 2466 9890 7080 2619 2993 8352 5316 7591 9394 5129 8713 7173 1419 2335 9080 9395 268 3385 2295 7528 9034 6188 6321 5308 931 4714 2633 6567 8714 5602 5481 2320 7933 7513 8552 8483 280 9552 3270 95 1243 6182 4241 8470 3476 3954 8921 3506 4455 3193 2898 7847 5618 497 1062 4086 9689 2736 8476 9785 5956 7826 4695 3478 2767 4651 2074 1109
6452 3119 9947 1529 3873 1991 3084 4995 786 6774 7229 9813 3568 1265 7677 7830 1824 2576 0 6828 4261 2854 6822 5975 7137 2072 5811 9528 690 1605 7340 3516 9315 9312 7437 8088 6640 1350 498 5737 9667 8243 9896 9832 3971 3660 2524 5362 3152 9338 14 8051 9001 6522 8974 7042 3101 1223 9988 38 6065 3842 2826 8786 3435 4927 1067 4243 633 335 6242 3659 2255 8262 9219 3545 6746 6154 3861 462 399 8438 7475 2733 3440 8441 9127 5399 3593 4540 8071 3240 7519 2722 7528 2812 444 5011 3164 2804 1649 4181 8168 6940 856 7931 6617 2560 1026 6323 841 6638 7368 1967 8454 9930 8881 2332 1839 5326 184 1358 6496 8439 8181 6716 1122 2603 5376 4137 5112 1167 8902 1564 3683 9819 1624 4344 7188 6166 8008 3906 2129 3323 8580 2970 4400 1859 1799 8653 2245 4399 2527 6512 7135 3109 2912 4579 9162 4174 2929 9759 4404 8507 9188 3099 5969 8421 8764 300 4777 724 2916 7593 158 3421 9836 7359 661 1340 3575 8112 4755 1057 4077 2735 1005 4185 1878 5587 9842 8167 6353 8260 6561 1296 7967 4847 4754 9646
6024 3318 5641 3959 6959 4696 3922 479 687 396 9802 3983 2054 5583 9684 6467 8702 8725 6828 0 7546 5159 2702 6552 8650 8986 9794 786 94 9402 9368 6286 2936 4320 8442 7376 874 905 191 8918 5414 3355 7279 1839 6026 4366 6990 9658 4559 9462 8938 2810 3191 9194 9256 6296 7410 6472 2202 2625 2529 2389 6193 1893 3489 5241 4359 7591 6560 3089 4512 1513 1878 566 4878 7456 1063 2343 2670 3732 3992 1186 637 1742 6780 6551 8974 6345 7561 5165 7471 6460 2580 6103 9821 947 752 9615 2779 171 9964 7916 5952 2822 9602 9487 8317 6342 7581 9865 2909 503 6362 7299 5971 9381 3509 586 6863 7499 8375 1281 3864 3389 4476 3093 33 9827 9063 1922 7207 8049 2368 850 492 2870 9335 2809 7750 1179 2922 4740 9839 2178 8413 2682 2910 776 116 15 936 3605 6055 2652 5394 2511 5615 3325 4079 33 9824 429 6549 3920 7990 5999 3780 3798 8661 222 3188 7397 7231 9741 1306 422 572 7654 684 6107 9107 6114 7816 7792 2340 1278 4807 2116 8762 1212 5700 4037 2778 1345 4120 3289 7993 6275 3788 824
5209 1064 7288 7506 154 9119 7768 4075 7744 7425 7958 1485 2425 1080 8918 2388 8337 227 4261 7546 0 1395 1298 3445 815 984 8220 329 2501 6378 7573 8508 3234 1193 2553 9477 3681 9866 51 645 6815 9066 667 4260 4123 1200 2111 2834 1203 5634 6005 9528 7852 589 2789 3941 8373 87 1158 2737 7291 8257 1773 1170 8196 6211 2449 1938 7234 8372 5846 3427 6650 515 6697 1872 9409 3602 949 5829 2208 2146 465 1159 6766 403 4046 1509 8507 1988 3407 9781 5553 5963 7830 2610 9870 8075 2837 9782 6487 8085 3933 1093 9706 4370 7640 2945 6461 1153 387 5843 4518 1561 1248 8021 3125 3062 7464 736 4116 7367 8285 7043 1481 1751 2734 1972 1372 7220 7494 2873 7680 1761 164 5099 7960 6579 3971 209 1940 5725 3596 7932 6669 1773 8877 3927 2061 9936 4741 8626 3472 4612 4845 2464 8946 7806 544 2721 7584 3269 7951 8153 929 8290 6513 2965 738 4854 783 2405 6151 219 5189 3857 1692 6601 8478 2419 9899 4384 8005 4500 2537 3625 7985 587 5423 783 9969 5026 7155 1504 1645 1899 6611 6027 6166 1837
2774 898 5209 1532 1608 7709 5091 8934 6440 8923 2064 6580 4029 742 5531 2584 8502 8687 2854 5159 1395 0 6521 8971 3320 2324 6880 5341 1690 4781 3880 7199 4513 8089 8784 674 4735 5663 7994 8842 9087 5820 7616 7561 105 9724 9422 3817 4508 7264 6885 5223 8819 7229 4538 1156 5204 6585 4392 1923 5106 4882 3903 9932 8940 355 4639 3397 1597 5620 1086 2252 4340 5998 3806 7129 2980 6626 8800 8820 9659 5559 5799 5200 8027 467 6910 9546 4806 1947 8134 4864 8816 2524 5690 2532 9178 4771 5211 3805 9076 3951 7557 7036 5836 1851 5483 7592 4973 2697 4869 6016 7859 7277 9257 825 5309 3966 1659 3188 9493 9039 8594 3465 7613 5327 5933 1392 653 9649 6356 2558 2171 7942 9950 4063 9242 3358 9083 6635 8721 3972 4884 2098 690 9128 5616 2188 5744 6153 3671 2249 2856 3689 6034 6841 8152 5392 3166 3474 4584 4508 7610 6234 3244 6144 2201 3432 9542 7429 4147 504 6443 2239 8049 7085 2317 2180 6767 9294 7317 7570 8588 4759 6838 4254 4739 1089 9178 7709 3085 8084 3606 7275 3381 5643 6237 2949 3766 8089
5868 5853 1394 6349 289 7134 3198 6649 2468 4650 6773 5771 2160 3856 3337 4246 3693 9345 6822 2702 1298 6521 0 8617 7975 2856 3449 1198 7486 5624 7080 2284 3547 4796 2045 6029 818 1483 3306 2787 8154 816 494 9051 6423 5757 4897 1865 483 767 2043 9421 5951 9459 9535 4192 7808 3783 9269 49 7985 859 4149 955 3933 8890 7214 5351 5754 298 8551 2912 1 2467 3469 8703 7047 5021 6091 6975 82 2314 6090 356 2659 3516 7069 8962 3409 8552 7492 6682 5303 8750 7816 4201 6339 5789 3905 3841 9908 6427 3146 5221 2830 3666 5735 4670 1173 5195 715 4755 56 723 3217 4624 4987 3918 6394 295 2345 5098 8885 340 5713 8639 7152 6646 9766 4147 5831 2703 9233 8627 3593 4073 8303 8042 7856 6391 7786 8246 221 3382 3564 7453 7085 1854 2382 1841 1274 2959 3640 5130 7757 8020 9524 6146 3393 5623 336 4345 2782 3795 8860 6105 6239 4764 6797 1256 765 7119 3008 7131 2818 7236 2517 7327 1945 9682 4333 8064 3962 9618 5036 9650 8068 4596 7186 5323 4547 5674 116 8152 4509 9174 9822 5879 4849 1669
2714 8739 6894 8045 6486 9185 9725 6900 5439 9510 1301 4575 1332 7773 6865 3466 8790 8310 5975 6552 3445 8971 8617 0 4704 8452 2210 8646 1647 5577 2989 7827 2296 499 2475 370 8283 8766 8176 6238 4319 650 221 4289 8252 1929 9970 1790 6066 7630 4109 8510 6469 1172 9998 7367 9465 7434 2817 2757 1606 1812 7974 2462 5470 4164 9950 2624 1567 8420 4261 5607 4194 9391 6540 1204 1922 9 964 2313 5224 1545 8863 283 4235 3987 8019 6112 5181 7946 2891 9429 9599 4338 7607 9580 566 385 9922 5713 9847 4409 3042 4958 1776 6534 732 5498 4457 1772 8248 7946 23 7801 8933 3430 4085 6695 4857 8909 8579 3117 3156 9296 8582 545 4293 6557 3972 6172 2285 8230 4505 7037 5720 8654 8663 7073 6426 3081 5631 1463 136 7187 9435 1784 4861 2017 7615 7443 4584 3393 2998 9855 1550 6218 6075 3127 3858 1970 2997 689 6120 5668 8867 7570 4754 1881 8357 7043 8934 646 535 9966 7739 5455 6836 1653 5851 9989 5154 4851 7502 1764 6975 2667 6628 7378 3645 8888 8225 4860 5668 797 4454 60 2493 838 3736 4993
7948 1741 1296 143 4121 5510 4550 911 8200 9082 4559 4082 5478 2750 2790 4910 6920 9806 7137 8650 815 3320 7975 4704 0 3172 1069 625 1883 6591 8133 8110 1368 6905 3917 2333 9284 5399 7727 7513 5752 2990 860 81 2161 533 3306 582 9389 3119 8460 3115 4992 5245 3819 9444 2471 8492 8554 9422 7696 3938 248 3963 5523 5366 7589 6796 8090 5193 5156 6454 2030 7538 3356 7729 274 1572 8258 7060 8004 7357 9941 4701 8093 603 3535 6736 2262 5963 8743 3171 3928 3212 3961 950 2400 2756 5645 6706 647 3271 6285 2419 483 7643 6245 2583 1154 9166 3570 1892 7785 6828 5962 3476 1877 2374 2143 3970 1374 7320 4661 15 943 733 9975 3001 9208 2821 4404 4959 4187 8859 3658 5343 2182 437 6933 6424 4947 5842 2083 8462 6374 9793 2230 1513 6230 7312 2539 5242 4287 9717 6240 6083 7584 3893 9949 3001 3915 2143 6460 7430 9200 7227 5788 6277 2234 6326 7371 5656 9443 7970 6955 9689 2398 693 1536 7520 8628 4368 1294 2477 5537 7818 9011 6713 1783 9779 5594 8270 8817 6925 9857 9406 8476 5004 4319 2002
9145 5901 1710 9884 7705 7646 9588 7927 6341 9270 5532 4663 4796 2516 6369 856 3100 3583 2072 8986 984 2324 2856 8452 3172 0 8870 1528 3721 3940 7381 132 7226 8675 1550 2129 8006 903 7191 5267 7144 9247 9106 9651 912 6031 1565 7387 9482 6540 3515 5269 8524 4866 733 6037 7584 5802 3557 2847 1938 7521 8675 7162 51 9157 2467 2089 4205 1017 8722 186 1446 4021 6060 7394 4964 3888 2484 2513 3802 5984 7202 7347 3045 902 2506 6049 9928 2585 9157 6386 9664 7168 3147 4070 483 212 6767 2657 606 5988 274 7576 3815 325 6002 3833 9148 5629 7480 4499 2015 4717 1336 2056 9344 4741 7203 4196 3300 4545 3892 4257 2349 7482 7764 5621 2715 4175 3212 7787 3026 5374 2426 7017 5339 3606 5119 8399 7679 1062 8090 9924 9425 9049 7722 2528 1145 5061 8421 8963 8913 9818 8424 8655 301 1460 6964 8428 2417 2069 6840 2268 5353 1788 2579 3238 9031 449 2443 4079 6381 3483 186 9227 4651 7876 1078 6348 7591 7437 9130 7744 5827 4682 3416 987 2423 8240 268 7036 5952 9538 8784 5715 3506 3427 945 7987
696 2776 681 9335 7840 5113 4727 1169 8442 6817 9136 9857 5595 754 3394 9093 758 6302 5811 9794 8220 6880 3449 2210 1069 8870 0 787 3502 7654 6866 7906 8370 9561 2363 7239 3753 7698 4443 539 9913 3632 1276 2453 8038 969 9449 1860 9219 1270 9248 7479 4093 9405 304 9809 4873 2049 6276 5234 6590 2459 8224 4125 3628 4238 5341 7906 4808 5374 4656 3095 9668 46 3817 4208 6020 5800 3071 8777 947 4769 676 9034 2366 9295 8839 9321 9837 7063 2731 7609 3181 5868 7028 7697 8967 568 2013 1788 6982 5500 4360 7592 7330 334 881 3147 1038 566 5934 9373 2585 4959 1521 6289 416 9643 3248 6511 5212 7855 6885 5896 5920 809 9631 6602 2878 3229 7618 2635 3861 604 1721 3457 66 9890 1612 9022 4071 2874 7117 1345 3208 2693 5928 8803 8464 7989 2769 3217 8599 438 8478 4665 2370 9090 3452 1167 2473 8061 5111 8538 8712 3811 2004 6915 8999 3694 1858 7816 117 3109 8443 113 4511 5680 9681 7995 1610 9579 3204 7466 4555 8657 9602 3429 1970 2190 3291 2568 4100 6302 8769 6831 430 1752 4304 2361
9724 7162 2722 868 2825 5218 3552 7253 5762 5415 4753 9056 7520 2170 8230 2417 8045 715 9528 786 329 5341 1198 8646 625 1528 787 0 7232 9182 2038 1586 7597 7265 7654 6846 4262 75 8880 4167 3331 9812 8036 3070 4790 6100 9790 2692 3266 2562 4438 1403 8414 4357 3285 3935 2306 2017 467 9562 1271 2500 4855 3298 7604 4020 2432 4711 9311 8135 4568 4693 7553 4297 2959 6747 8361 4844 5765 1911 7261 5472 2873 282 4405 5596 3012 5817 6150 2207 487 1212 5534 4947 6921 517 7352 8082 1869 5963 305 5638 7498 9378 8311 9952 4182 8775 7509 1042 1452 137 5887 1158 5487 7191 3549 5628 4632 6522 2828 5481 3146 1263 4390 458 7010 8476 3709 9199 9925 4259 2597 5675 1178 1817 1448 1701 2945 3590 5715 3921 8502 1048 931 9865 6497 5905 1182 1667 2617 3802 514 7966 8408 2442 5615 6979 3178 7262 3793 8398 4985 9476 5161 7468 1195 3429 6062 4663 6097 7491 4317 5420 6250 4744 9057 4617 2850 3799 4157 1216 9233 3715 6989 9926 896 7612 2243 8211 1615 4535 1160 9832 5792 5761 5255 1132 6114 3321
4723 824 181 9060 5718 2914 8045 2802 5187 7782 8538 2289 4929 1167 8531 4573 1191 3722 690 94 2501 1690 7486 1647 1883 3721 3502 7232 0 3437 6938 252 8698 4609 8037 9951 5862 1385 3824 1011 9243 8078 9277 2338 2187 6632 6788 2059 7705 7985 7730 9565 6511 7644 6565 6141 1786 4099 90 4113 4495 1590 2206 4924 4113 4883 3801 2384 6795 6141 602 8156 7820 981 8823 5464 637 3529 909 1037 719 9115 5674 963 7639 6889 1523 343 2962 2728 5461 7214 3564 3428 6995 4547 3395 5460 6209 7699 9741 3460 4937 5854 8893 6999 8785 3084 7292 5206 2144 2944 7370 9792 8466 4404 7825 8460 9034 9741 210 4860 9081 7958 8508 8519 20 4533 5542 5160 2867 2168 8769 7236 9778 346 4880 4272 8784 477 433 9415 9281 7517 1155 5557 4379 7982 7436 5021 6641 8291 1967 9016 2480 7151 3110 2845 3633 8943 2083 3003 5563 107 394 1552 6417 4137 8368 9235 5332 756 8313 6134 3377 5132 734 6674 5376 331 3598 8688 4528 3271 5286 2108 6094 7903 3955 3442 3181 8627 8548 2890 28 849 9133 4694 8342 967
6426 5343 875 9243 4268 1358 2238 9341 8374 2981 9493 3103 7454 8775 938 9967 3524 7704 1605 9402 6378 4781 5624 5577 6591 3940 7654 9182 3437 0 6343 8675 6230 8754 6316 6969 7434 3342 8187 4968 742 9005 1492 3370 6627 7326 1846 7578 6428 3109 9538 8441 4153 2986 2479 9548 7767 2315 9447 3467 9861 9441 1143 4525 2809 1849 5977 8928 8819 2286 7065 4222 5975 8484 1897 701 1973 8944 3973 3589 6413 5151 8647 956 1090 7312 4996 7320 3228 1001 1004 6080 4859 4912 449 9917 181 3 514 5637 9642 2750 6944 8907 4288 2310 5883 4942 4110 1332 4570 3109 8735 305 485 9926 7560 8856 5225 2792 8816 1467 3954 5918 1218 9745 264 7096 1048 7399 5000 8199 2519 8339 697 127 7420 7094 6852 5450 9327 7032 2238 6137 2148 6 5080 3879 367 5566 6004 5199 8895 6388 3476 8695 1073 3746 986 98 749 1081 9785 7283 5121 3241 7733 6200 3552 2256 670 7041 8352 7872 4132 491 4177 2918 6202 7214 6158 8062 6201 5501 7935 2402 9876 744 6339 3160 5787 7223 2933 9749 1948 6900 8362 2295 4535 9232
531 8351 7593 366 7544 3099 8994 8384 428 4467 3312 3279 6234 9265 9536 8143 6997 5933 7340 9368 7573 3880 7080 2989 8133 7381 6866 2038 6938 6343 0 986 3217 2342 2262 5246 173 202 6453 2928 8857 9678 7851 5612 3702 8690 8244 9395 5981 7677 2946 5650 2325 6683 595 1731 8025 4862 7504 3064 901 4686 8825 1581 1371 2840 1627 9519 7397 5234 4712 8260 8021 7960 1150 9387 9868 9905 5659 5513 6162 1926 387 8922 1143 9520 6339 6830 9952 6268 9984 4424 7659 9819 2239 8680 3338 7907 2833 7775 9550 8898 8036 6465 2815 247 8318 9218 2951 6922 2500 6794 2102 818 8739 760 4680 7193 8350 9723 3779 6767 3814 1788 5405 8312 4986 4598 6788 1999 5861 7608 4140 3500 5464 8403 5351 6860 9355 6000 6370 7214 4149 8538 9466 490 6085 3114 8925 667 8388 9053 5791 9636 6373 682 1801 1927 6687 5223 3635 1216 7077 5653 3396 6806 9283 9772 7985 5132 4519 2137 7259 4200 3174 6616 1157 3516 1610 6629 741 4239 9542 1315 690 4817 24 7030 7224 9382 876 5212 5915 9365 6746 9111 8232 6741 7657 8910
5048 4319 8210 7793 8755 9743 4305 7525 5534 858 3531 1717 5414 8848 3885 4054 1846 3499 3516 6286 8508 7199 2284 7827 8110 132 7906 1586 252 8675 986 0 3986 3164 8126 3463 5240 2082 9049 4947 9689 2453 4049 555 9286 8564 3785 5242 6796 3614 4922 9524 8538 5750 3698 8688 4249 2724 3266 8993 8942 9610 2681 8468 7411 6602 6802 2568 5081 3994 1443 9788 7106 6487 2258 272 1387 3864 7373 5435 7024 1926 2306 531 5067 5128 1677 3394 5808 2951 8341 3722 2786 7500 2602 4973 5076 9879 649 1627 9044 6055 4657 6697 7730 9298 1424 6145 8942 4439 9323 5595 2387 7988 7206 1244 1999 4268 5702 2616 8096 5075 2320 5393 4079 7645 5890 6953 9256 7518 4750 2659 3531 7827 1718 6213 5375 5552 3578 8275 1970 787 6189 8957 9187 9299 4375 75 4655 5601 2746 3960 5330 7865 9199 2442 9188 1647 911 5423 613 2339 6425 6466 2533 2431 5062 408 6516 1992 5182 2348 5575 8434 2778 375 3449 4660 2141 9113 5586 1375 4768 6019 3393 9617 1787 3838 4684 7217 9350 1663 2903 5381 4252 5592 382 5069 5811 8034
2013 6463 7452 9638 7463 5897 512 241 4514 2127 7083 9368 4219 2308 9403 443 5440 5088 9315 2936 3234 4513 3547 2296 1368 7226 8370 7597 8698 6230 3217 3986 0 8179 5149 75 2721 7716 8937 5347 8094 524 7938 8498 266 7627 3198 4661 6706 9670 6084 3909 8055 9770 6805 46 4640 2777 1429 9222 3985 3193 1263 696 6795 5688 9947 1698 9233 7326 5699 8725 3497 2538 2766 1209 9679 6381 3385 7734 3349 8923 5703 3978 4646 3095 9544 4230 5392 6642 1848 7438 4504 6383 5313 793 9368 670 2977 2286 5706 5939 7628 7293 1738 6830 6721 3841 713 5674 7811 9479 4316 6033 1469 4609 4747 5248 8016 8450 6629 8675 4481 1795 3500 9972 3758 5839 3223 5964 4496 4390 371 8884 992 5959 8562 1268 4000 5991 7772 1517 5597 8361 7676 39 4468 2734 4834 5484 824 4606 4465 6407 8836 5623 3334 5359 6652 8939 9605 2031 2894 1583 9742 7106 1949 1962 6217 1437 9648 2324 7520 3777 9496 4223 1168 6477 8330 5005 1246 1391 9612 2552 349 8818 6539 9367 443 4774 6409 6343 2957 4919 3084 7549 5945 6466 5767 989
2723 3413 5598 2410 1926 8758 1063 291 4177 205 7808 1236 5534 168 5083 4274 9789 3391 9312 4320 1193 8089 4796 499 6905 8675 9561 7265 4609 8754 2342 3164 8179 0 3126 5297 8939 3136 834 3084 7703 9754 571 5822 5792 9394 3843 761 7724 6040 2480 2973 4665 8710 7522 8190 4428 9360 3894 3334 7924 6466 510 2933 3782 5324 469 9110 6027 2028 3781 1071 8605 3686 4898 2064 1142 2687 4074 7503 4358 8287 9078 8399 427 5206 3531 4310 7153 1704 4339 4108 8079 6667 1929 2383 1989 569 4799 9300 5270 3680 544 9623 7851 337 638 7911 9539 6716 2367 2514 8713 4419 244 2771 6967 6573 7537 9200 4867 2663 2770 6457 3981 1706 4949 9786 4537 2902 8108 2941 5547 1193 8078 3534 7105 4367 6804 726 1045 7993 1370 6519 5143 4528 4145 1198 296 9954 7850 3802 7938 8069 7202 6827 5806 846 4364 3961 8646 3185 9887 9178 7790 5512 233 7987 5877 9811 4951 9787 7780 8105 6663 3387 4836 3956 2773 4006 7893 2837 4819 4840 2803 1570 1177 2819 3674 2756 9703 5054 1785 4087 5224 5872 2016 823 972 3858
8516 6750 7573 2466 6255 6968 6741 8181 7319 3586 5207 1745 179 9235 4128 73 7400 417 7437 8442 2553 8784 2045 2475 3917 1550 2363 7654 8037 6316 2262 8126 5149 3126 0 3169 1639 1827 4754 3077 1144 8675 4134 7087 4482 3699 3715 7046 2318 5546 2562 5561 6359 6723 6849 5598 5951 7839 6335 1230 3718 3804 2709 395 5812 6949 1206 9695 5124 4554 8220 2851 5435 5293 14 8338 644 9862 5133 596 8642 1656 2030 2252 8980 3692 2013 969 698 9402 4071 4287 4643 5423 449 6040 6959 2486 9384 7240 1724 5374 3384 42 374 2006 3955 2814 5297 1607 9317 5909 5412 3603 7157 3854 581 8957 8558 4386 2024 5606 5523 1354 7077 7816 8668 8392 4028 595 9434 5302 2093 7026 3929 476 8242 5801 669 9717 4679 9093 5242 2044 6956 937 4571 2350 1753 365 775 3973 859 6448 2684 7033 6122 1566 3171 9084 7114 648 3617 3183 9657 6655 381 9201 1999 576 9943 9519 7103 4434 6251 5993 8847 273 6381 1506 7045 5941 7787 4951 8757 165 8643 2616 3579 2895 6815 5392 6843 396 6395 3154 6510 8264 2102 2735
4166 700 6423 9342 1896 6511 3700 35 7314 3091 5371 5405 4089 4363 2207 1469 3973 8425 8088 7376 9477 674 6029 370 2333 2129 7239 6846 9951 6969 5246 3463 75 5297 3169 0 7921 2218 8950 6501 8476 1884 467 9127 422 6856 7314 4811 8707 6147 2629 4220 5939 3199 6775 822 2466 3134 1401 517 8146 5640 2024 6979 3878 4400 8818 3424 9883 752 7462 5915 1127 392 5315 4546 6781 8743 8481 8752 7902 3394 5440 4445 4437 3532 2432 6850 5577 8898 6831 4352 6307 4244 386 7841 2328 3149 9573 7274 5952 233 2288 7415 9643 8051 8775 1397 4704 4346 6907 2753 6232 1549 7179 1922 5272 7945 9317 1764 1207 7915 769 7737 9767 8389 9317 864 6162 5206 2186 4580 5245 8318 1874 9664 4101 8554 6657 9144 7214 539 1457 4420 4295 9786 2807 2907 8314 6742 8261 5191 1179 7079 1214 8383 816 1453 7605 185 2176 9798 4948 8709 8118 8954 6147 4958 1011 7008 8833 333 9213 5 2049 4248 9511 2702 6524 9097 6828 497 1960 5893 5894 9139 8389 585 2367 9856 9425 8638 7413 2420 1236 2712 4696 1266 2106 1853
5195 995 3653 6631 5509 1522 1448 1796 1417 3098 7646 5352 5441 1198 4624 9175 1506 5404 6640 874 3681 4735 818 8283 9284 8006 3753 4262 5862 7434 173 5240 2721 8939 1639 7921 0 2370 5714 5122 1706 9327 7224 719 78 953 4099 2961 9660 9049 2238 5292 8492 2097 9085 5759 1855 7789 5505 748 9510 2956 7159 5177 1393 1921 4152 972 8707 1052 2625 9502 4254 4683 2781 784 8004 983 2810 8601 3231 7771 6512 2563 5510 426 3588 4272 8157 5636 4926 810 3221 1282 8830 5266 688 6561 701 1727 236 4246 2186 1884 961 4871 5409 9794 8523 7372 205 1940 960 6077 9822 4826 2215 253 1321 1430 6 5942 8820 628 2606 9277 5979 3593 8870 6061 8142 1110 7752 4850 3257 9010 405 9309 7300 2919 3832 4496 4687 4230 5416 870 6899 8208 716 5700 4427 2637 4381 5694 479 4563 7063 4436 2517 5377 6807 2003 5773 8882 173 888 7972 18 8971 6334 7644 2249 8893 649 6514 3714 437 5933 4323 3808 3699 8084 7634 6242 8859 6820 6389 1312 1840 893 9868 740 9697 1565 1115 9435 5189 836 4634 5429
2095 7031 6851 3906 4900 3901 5864 8582 5334 9315 4259 5027 5901 7938 8898 3326 1080 8566 1350 905 9866 5663 1483 8766 5399 903 7698 75 1385 3342 202 2082 7716 3136 1827 2218 2370 0 3699 1910 5579 3170 3329 2877 8997 4727 9431 9300 3331 3856 525 598 8620 6558 9924 5043 6457 1346 8043 4751 8364 9438 2863 5975 662 8250 8483 4466 2623 4516 2232 4396 2005 1926 7636 1856 4545 8292 1537 4653 5386 7364 2453 2161 7900 6653 1177 848 9638 5474 8368 8785 8721 5865 3160 4883 2618 7217 5126 5063 1944 9390 9447 1054 8686 5450 1924 4971 4051 34 5410 6859 3163 8002 8952 5416 8749 356 7476 2962 2898 5055 1380 9640 148 1553 5077 8976 4210 8664 1576 6064 4899 195 4725 8364 3680 5386 4382 3645 399 7589 5405 2320 2581 3724 7983 9693 6087 3989 4427 6759 2117 7264 5844 2646 5622 8019 5921 8956 5549 4880 2684 432 9186 3233 4547 6782 8992 898 8001 8167 5440 7016 91 3138 9992 6679 7259 1638 6088 8286 7880 8625 783 751 2729 1608 2195 7081 5504 1931 9764 3868 9194 1376 7811 6604 8771 3748
398 5261 9024 8287 5278 5171 855 3222 1919 9772 528 2005 9121 3248 1472 2789 4263 9681 498 191 51 7994 3306 8176 7727 7191 4443 8880 3824 8187 6453 9049 8937 834 4754 8950 5714 3699 0 8006 8989 1225 8005 3010 4515 1206 2345 9875 4201 3281 9430 9256 362 7249 6325 459 3674 8428 8005 432 9690 2451 6588 9872 7368 7285 9189 8838 2454 8895 3145 7174 2526 4475 2732 4738 3043 1790 1105 3489 9622 8465 6929 5812 3600 8205 7859 9727 2819 3057 3470 6572 3082 8270 1758 731 6548 7993 7091 707 6632 610 2529 5840 6298 2452 6811 4808 5651 266 1914 6043 7977 5182 2466 9889 5070 8724 6287 4089 360 4816 4584 5632 3594 8341 4249 9934 9166 1361 3073 987 3761 6096 4681 5251 9511 5117 8346 3075 7405 5491 7833 6130 6204 6295 7896 8068 2630 5963 3032 9416 3032 4890 6980 13 5510 7426 5277 2397 9867 9287 4207 8533 7313 5018 9425 137 8008 4238 3279 9354 2645 1335 5081 3222 7572 2767 5462 7758 9603 8397 662 1284 6027 668 2849 1610 5321 8994 7455 9183 9011 9762 9797 27 5211 6373 1466 3282
9569 5493 1605 7911 5967 3228 6218 8600 4497 5177 3842 1987 1275 4633 6619 4007 5462 5923 5737 8918 645 8842 2787 6238 7513 5267 539 4167 1011 4968 2928 4947 5347 3084 3077 6501 5122 1910 8006 0 9049 7515 3836 912 337 7397 9542 9444 8258 3453 5639 1487 6098 6683 842 5185 1710 9153 8262 2040 6570 1137 326 6896 4276 800 3158 6207 7909 4254 5707 3876 3024 9629 478 6241 2044 5736 2109 3126 1203 9678 7208 3997 3466 6253 9382 5370 4155 5860 7245 2705 9464 8083 2115 3167 7158 6286 7683 9132 460 7506 6412 4073 3574 1274 7195 7810 8273 3802 9753 656 5872 715 6236 7831 5716 3270 8473 9527 2692 2888 2772 9112 3979 5528 4141 4441 8840 1884 1614 719 7563 1213 3983 7490 9878 8541 1611 9717 7337 7813 5649 9686 1891 7942 2209 7764 7614 430 2859 6354 8857 9324 728 346 5130 563 7788 1046 279 9446 6676 8462 4239 125 5962 323 718 2134 6460 8379 540 4479 5176 2431 4679 9221 165 3614 120 8036 2045 8828 3529 7299 6087 1004 6264 2582 6856 4290 5404 6913 3336 6350 9167 8140 6259 6415
5122 9501 3417 8858 5865 1006 4012 3330 2730 1140 2365 7795 7047 2342 6454 6773 5277 7195 9667 5414 6815 9087 8154 4319 5752 7144 9913 3331 9243 742 8857 9689 8094 7703 1144 8476 1706 5579 8989 9049 0 9345 2921 671 3613 330 6603 1250 6974 8504 2035 2389 283 9021 7509 5257 9926 9253 4787 1010 2142 524 9487 9207 5005 9607 8630 8792 3459 278 9477 4659 3181 9969 9909 2201 5625 7995 159 2420 608 768 448 7515 418 152 263 1652 2125 6307 5403 2314 2607 1123 8271 2028 8444 6505 1812 113 5467 1392 5485 884 4193 8325 4387 6962 9724 2814 5160 6500 4059 1211 5116 199 9359 6098 1908 6113 2053 3866 8966 4351 683 4745 6117 9611 2729 3447 4005 6940 3430 2188 366 5333 2721 259 7889 5812 7702 5894 6262 6458 1980 9235 2076 2741 7935 6975 5272 8366 697 4526 8168 4845 3849 5223 1309 9217 1469 4699 633 7950 9039 1614 5017 7094 9096 8010 5483 6039 7827 1866 8399 6253 1768 9514 6859 1099 9179 5782 8379 37 3239 1915 2170 3729 6321 5850 5129 2746 6622 3309 2005 5544 5901 9519 7317 8852
