100
0 4545 4383 3574 2699 2591 4231 6205 1882 7343 9862 7784 6244 5004 126 1281 2246 6238 2367 6514 8944 4638 9777 4307 6748 2035 4288 651 3996 2573 444 919 9413 5804 1387 2669 8425 4076 3470 6670 9163 5383 8112 4612 2123 7673 5088 4698 4181 3852 3784 3761 6482 8512 1713 4084 4437 2500 5029 6812 2289 8251 9488 2097 8853 9879 9186 1000 9269 4947 5207 6441 9018 9789 682 241 6194 2155 6513 5363 8737 6295 1037 4780 4812 53 4726 7295 7474 3364 2000 9467 6947 5593 6154 3592 6294 7645 1340 4338
4545 0 2443 1712 7883 484 2159 5446 8692 5803 8844 774 8420 5125 7123 2102 5567 4817 6650 9 6508 676 3161 6690 4093 8245 45 5756 5494 2190 7062 9385 1656 5251 3306 4764 4221 9512 1060 555 8856 5367 7002 4108 4206 7403 4817 8208 7562 8263 540 9670 7260 2036 832 9428 22 4645 6742 1304 8882 4942 814 8940 7354 2844 3305 4958 7610 7416 846 3867 3282 1358 910 2716 3613 6193 8847 8416 6619 1263 4038 9121 8166 7961 8469 2899 872 1688 5191 2875 4345 4873 4809 264 2419 8057 1225 8270
4383 2443 0 9328 8552 3512 6605 6143 5042 381 4290 2727 7148 7212 4198 2539 7248 3223 6685 5211 1578 5164 7229 4311 8759 6544 4582 8004 3834 3839 7462 9874 8389 6607 6170 9071 4595 5514 769 5700 2520 6870 4671 8364 5727 6741 4205 9326 128 1955 788 9341 6264 7372 6228 7888 5975 4223 5993 5927 8500 6984 3777 4383 7576 2247 7787 5301 5971 7228 7490 7133 5238 3488 9252 4222 8875 4735 9546 5892 1709 7837 6610 5722 1653 7732 4782 594 9200 8179 8481 1972 56 198 715 662 6294 2919 8509 7535
3574 1712 9328 0 5438 1775 691 9491 2803 991 8576 7237 2936 1310 8713 2392 4809 7282 4981 3966 3446 6218 2417 6434 3610 2762 1671 8947 680 4992 3807 9784 9264 4021 9779 8957 3995 4580 6205 7208 6896 3610 8771 7402 492 612 3468 9241 83 121 7660 9378 481 1067 8732 465 4448 7243 2131 7220 3904 3235 8416 3068 5599 1565 8822 4952 2411 7212 5846 7380 216 5077 8367 2163 3144 3317 4979 7283 4194 3947 9016 1240 4232 5213 3373 1498 8685 8588 9181 4671 6478 7264 6775 9995 2134 1072 5000 8677
2699 7883 8552 5438 0 9320 5029 8109 120 6105 330 4399 1273 630 9483 7656 5591 3227 655 1897 5702 2560 621 7488 1744 2224 1676 8682 2136 2523 2518 1506 4992 2350 7692 7871 3483 1714 7522 6061 681 8242 1176 5208 6309 8988 2581 9756 8802 345 1691 1642 4421 5158 1344 8979 647 7261 4461 7779 5143 9118 3670 438 9537 1977 2987 8427 6344 6077 500 228 5651 7124 2210 374 1325 4365 8897 9880 4314 4070 5834 7355 1382 3660 4475 6209 6190 9019 5784 7862 5061 2194 1636 2708 7788 2735 580 5746
2591 484 3512 1775 9320 0 5964 2533 9755 4582 1600 1423 1002 7888 2551 9070 7916 9755 2225 2491 5214 1746 8404 6377 2496 1758 7716 4707 1677 4723 593 7652 9432 5160 6473 1574 5478 7264 962 8837 2001 6557 1350 4742 3761 5968 5846 6407 8493 216 2099 1331 5178 7994 4375 8052 548 2507 3703 5759 9489 6196 4068 8877 5300 73 8560 7025 3604 36 5916 4206 9315 1767 3852 6315 6101 3599 7582 2987 2143 4290 2381 7955 3711 5922 1962 1846 1683 3316 6357 1598 8524 9066 6786 1993 6170 9881 7490 4826
4231 2159 6605 691 5029 5964 0 7398 8036 2184 5053 3691 7303 7129 2411 1284 2272 4064 8388 1206 2693 4945 3094 587 622 8228 5220 1905 4776 6172 8642 9131 7955 8389 3500 2760 221 4078 5888 6619 6503 245 563 6574 8617 4205 3289 9465 2014 6810 6729 1010 7934 8569 5439 1841 3612 890 560 7564 8898 7212 4196 5376 5184 9483 2497 4534 3991 371 3034 9782 4645 4026 9461 3980 9879 5687 1155 4468 3513 2385 835 5515 3444 9509 1091 4360 8834 6349 5141 4954 3313 9808 4309 9730 9145 5816 2171 2611
6205 5446 6143 9491 8109 2533 7398 0 7970 4409 5850 9657 8651 3149 1010 1413 9581 9354 5195 7846 3489 516 709 2343 9393 268 9621 928 9903 6010 2785 7530 7669 6916 9216 1505 983 6044 5043 8084 7882 1722 2006 8641 1496 6504 1435 8298 7964 9512 46 6998 7529 4186 7044 377 3828 3040 2444 9817 4410 8046 5382 9666 6215 5665 2751 2863 8554 63 8703 826 1603 6560 3571 8449 6206 2332 2538 9508 6457 8891 8069 4273 2381 3401 463 2381 5969 865 3155 3226 213 3757 7428 3335 1595 1183 6676 5772
1882 8692 5042 2803 120 9755 8036 7970 0 1667 1685 2929 4703 8013 8140 9184 6436 1594 5736 4619 3588 1484 7515 887 3531 1512 9373 5879 6484 888 4663 8320 7337 4200 2577 9077 2751 8497 1197 6019 8620 6142 6865 5724 901 5145 5962 5318 5253 5603 9669 8624 7122 9588 4007 7152 7203 5820 8712 6046 971 4683 5017 100 8798 1288 2205 2025 5221 5869 7346 8478 6590 2087 2018 1545 9524 1015 5580 1213 2354 5706 1969 8083 1962 9816 2026 9321 5672 4849 4465 6003 5974 218 6165 6314 4611 2127 6245 5392
7343 5803 381 991 6105 4582 2184 4409 1667 0 5826 7163 9605 9456 1659 3387 8649 9790 4255 1794 8998 6450 43 2411 7390 2176 2375 2667 3280 6643 628 4195 4654 6916 4441 1424 6164 8194 9570 6466 5605 3606 972 5801 8685 5848 4951 35 5357 76 3662 4073 9309 8031 8720 5355 5855 977 4991 4699 5267 7423 5750 2530 5277 7638 1572 9495 3232 8990 1246 1730 7740 5775 8741 4890 5848 7069 3298 367 5531 2319 1556 1525 2046 8573 3836 9835 7445 7107 8184 6721 7255 6845 9517 2733 5820 5755 8753 6560
9862 8844 4290 8576 330 1600 5053 5850 1685 5826 0 5396 4945 4574 209 1209 6329 4344 8872 6470 7589 9648 4454 9423 5404 3895 3455 7854 8249 3424 7451 6093 8824 9004 9676 216 8902 2820 8971 4732 7809 1011 2430 3786 113 2904 326 9979 8151 8108 1273 6585 3784 1887 2913 8787 6843 2856 5126 6357 2551 4843 9182 3939 5576 6860 9451 1794 2548 4492 4308 8959 8563 9185 801 4762 4524 3688 9362 4 6347 6275 5175 4043 7262 7337 8340 7240 863 1301 8989 293 7186 8180 9545 860 8008 2705 5722 9143
7784 774 2727 7237 4399 1423 3691 9657 2929 7163 5396 0 1554 3391 9834 7666 4538 2177 3686 3311 4589 4363 8082 891 4487 8268 9539 8094 4610 7886 2241 5895 8856 9331 8924 2567 4432 9721 4679 9391 835 304 115 9584 9054 4116 7822 774 3862 1881 9484 6756 6731 1359 7594 2256 58 8217 6947 6459 360 6742 6773 856 4020 5998 5528 6392 7587 6706 6535 9062 8946 3489 4468 8268 5377 2569 7192 9344 3668 1057 8750 3848 6096 7839 7862 2884 4081 6082 6562 5371 171 8068 1470 9736 3776 2675 3177 3898
6244 8420 7148 2936 1273 1002 7303 8651 4703 9605 4945 1554 0 7231 7402 3336 6601 5680 508 2509 6087 6532 8038 3386 2810 6373 9166 6105 7595 5874 8387 6526 5177 9489 8718 4499 151 7091 366 3437 2027 8604 8982 7002 6422 1573 2003 8366 346 8506 4505 9714 5587 6378 2581 1320 842 5198 469 6734 6489 7234 7806 1 7904 5969 6927 1211 4467 7842 3900 8984 8579 220 7549 6982 1748 9658 6467 6624 7671 1746 9125 5891 1379 3478 9999 1754 849 4601 5637 3291 2010 3512 9793 3604 2206 4336 7548 5772
5004 5125 7212 1310 630 7888 7129 3149 8013 9456 4574 3391 7231 0 458 386 8718 9085 4975 5628 2200 714 812 2554 9284 2729 8493 2035 1582 5934 5519 8309 9267 3146 5070 494 1944 6248 2794 1047 9705 2499 6350 3641 2939 8984 9394 477 200 6263 1379 2661 1844 8663 8542 3926 9143 3172 7982 4715 5323 4693 2774 6471 1367 3131 6081 9086 5408 1890 1359 4617 8753 7610 6095 8920 4961 8672 4036 5759 9807 1860 6483 9317 6026 9075 8104 6063 8229 3051 8225 1046 9589 1739 5619 7217 2258 2435 2625 9336
126 7123 4198 8713 9483 2551 2411 1010 8140 1659 209 9834 7402 458 0 3893 164 4629 4738 2711 8410 8824 9934 7835 7226 2881 89 5845 848 635 2472 4508 7691 8181 317 9123 8337 1627 8814 9001 2473 2959 4668 7018 7606 6313 199 5230 7021 6530 3215 9139 5125 2797 662 2640 5979 5172 7693 8082 5405 7172 6508 2213 8675 8716 3938 2303 2967 5372 4837 2812 5463 8093 902 7085 355 2432 7953 7847 9711 5749 9429 1868 934 2366 1059 1323 4727 9207 9842 1603 3547 3502 9017 8668 4768 1297 5266 2287
1281 2102 2539 2392 7656 9070 1284 1413 9184 3387 1209 7666 3336 386 3893 0 5174 1857 9010 9294 9360 2282 7463 8113 7600 1295 8715 1155 1881 2096 4131 3634 3840 6232 5961 7222 925 3909 283 6299 6476 8133 6287 1317 6569 844 8873 7920 2468 8593 4628 1825 6206 344 4718 6703 8936 496 6741 7449 8783 9835 8736 5197 4850 677 5565 8465 1319 4814 2317 435 2432 5011 1442 4223 1226 6682 7284 3784 6530 6427 1290 434 3544 2711 2564 4955 8470 2135 317 4131 3985 7883 1160 7449 2025 2361 5383 8548
2246 5567 7248 4809 5591 7916 2272 9581 6436 8649 6329 4538 6601 8718 164 5174 0 1552 9434 5679 9135 4801 1645 8947 4308 475 9099 4601 272 3057 4114 5061 3476 8227 7640 4080 3895 5380 9417 4221 76 8190 9362 6456 514 6892 8336 9055 2472 5574 9605 5608 2822 3240 168 6863 6903 9296 3507 8068 5747 8009 48 9207 2532 4938 8755 1457 158 8805 3213 5197 1615 7354 6074 889 9157 9232 6393 9601 5853 5964 6957 3000 1187 4896 1121 1130 1038 4017 3581 6428 4783 4410 5186 187 442 4841 9063 5604
6238 4817 3223 7282 3227 9755 4064 9354 1594 9790 4344 2177 5680 9085 4629 1857 1552 0 6920 2712 7730 2634 63 8150 1861 8229 1714 7970 9596 347 2541 5395 7458 5023 2953 6013 4516 397 31 496 8228 1940 3570 8074 9506 2194 9252 3000 9352 5823 8270 5793 9331 8049 4878 3595 1797 1056 4613 5970 5383 7955 2649 7593 3459 5184 9875 4112 7338 9537 7263 4728 4458 1209 6649 4748 6844 8359 5026 5298 2669 9936 9143 2662 1828 380 4536 3889 1838 1169 5702 6786 7292 1255 2426 4802 3574 6767 2502 3517
2367 6650 6685 4981 655 2225 8388 5195 5736 4255 8872 3686 508 4975 4738 9010 9434 6920 0 4255 5537 7980 839 1740 1376 3559 183 8862 1761 8138 1379 5703 2161 6444 1486 1537 8250 4559 7903 4124 1502 2342 2113 9589 8634 5811 7874 7590 5479 4677 6693 438 9394 1480 9767 3643 5173 1868 5349 8129 7476 9589 9270 4821 9527 2432 978 1441 7703 6596 672 8986 3497 3754 7729 2597 9040 6458 1753 2053 7653 5801 8976 3522 6841 9616 1831 110 9547 6897 3151 1881 6281 4240 8482 5623 1557 8653 2140 544
6514 9 5211 3966 1897 2491 1206 7846 4619 1794 6470 3311 2509 5628 2711 9294 5679 2712 4255 0 6707 548 4340 8444 9852 4896 2223 9393 7974 4578 6814 3420 2970 4558 842 6544 3324 4905 4286 242 3001 8819 7802 7294 510 5947 6872 7321 5811 8140 1551 7107 8201 5461 5996 7303 7778 4132 570 8906 9049 6909 9054 4436 4755 1742 6576 7752 4860 5378 4472 9176 1015 5292 356 5043 3574 9419 2944 8938 3566 4602 468 203 8754 3182 9392 2358 8741 9499 761 2748 2755 1853 501 1813 4069 9696 6118 8384
8944 6508 1578 3446 5702 5214 2693 3489 3588 8998 7589 4589 6087 2200 8410 9360 9135 7730 5537 6707 0 3664 8138 3380 4158 9630 9804 1300 1054 3717 7076 3571 1313 4449 9926 1798 7801 2236 9979 5200 6999 9755 2980 9584 1230 7207 5794 6985 5260 2425 6278 6695 6041 8019 9952 4172 8919 1034 875 41 9859 2884 5848 611 4713 4632 3221 1056 5444 8371 1451 9858 2986 8539 1121 2688 9178 5558 1997 6539 1961 6306 1034 7713 756 1754 5781 1005 7606 6629 6753 1631 4271 3087 1959 148 2132 5784 213 9826
4638 676 5164 6218 2560 1746 4945 516 1484 6450 9648 4363 6532 714 8824 2282 4801 2634 7980 548 3664 0 1802 4977 95 1999 6778 7145 2630 646 7545 1822 6059 7479 7328 9988 6524 5728 8545 6622 3723 4021 4284 326 8212 3691 6386 6809 3630 3328 6833 1821 6032 1702 3085 1229 3771 1421 4036 8762 3303 9628 3415 3468 3916 7129 345 2383 2799 569 4815 5355 5305 6472 6989 6819 2391 5238 8013 6564 8172 4758 9787 2793 2428 291 7428 9085 5794 6876 2991 7755 4446 4263 2379 6541 2760 1307 4561 1432
9777 3161 7229 2417 621 8404 3094 709 7515 43 4454 8082 8038 812 9934 7463 1645 63 839 4340 8138 1802 0 762 9516 9285 2310 2120 4596 3950 8225 1430 531 8227 7939 3664 6297 6430 1278 1861 3585 6072 6216 7470 8781 5670 7328 1296 3960 9376 3519 6061 5995 5793 6592 5634 4027 626 5069 5730 6647 3374 9004 2160 9259 4556 8881 2526 7367 5954 5502 4465 9036 3698 6535 1543 490 5253 3803 1282 7861 676 4948 7049 10 2260 6626 5871 2063 8587 173 3370 7598 4118 914 2426 8888 6720 997 6513
4307 6690 4311 6434 7488 6377 587 2343 887 2411 9423 891 3386 2554 7835 8113 8947 8150 1740 8444 3380 4977 762 0 205 9329 8091 297 7910 733 4285 9620 9840 5137 1751 9145 3290 5965 4537 5144 6366 4270 4562 2782 5051 302 4737 298 3447 2491 8659 9870 1076 7873 4829 7104 5990 8134 4073 6450 2327 2232 6640 9720 8062 4250 1627 6275 3676 8487 8385 316 9704 2914 8729 4551 757 7300 6623 2941 7571 3730 7344 6805 3496 7741 6040 6857 1129 9908 3960 6020 6220 7777 9056 5176 2789 9471 4428 4536
6748 4093 8759 3610 1744 2496 622 9393 3531 7390 5404 4487 2810 9284 7226 7600 4308 1861 1376 9852 4158 95 9516 205 0 4802 4537 2986 5187 8779 9137 7333 7987 8983 6304 4406 1848 4037 2757 3092 531 4567 5441 7948 6703 7272 6686 2336 4853 5061 9695 8387 7177 3296 2814 7123 9331 3374 5224 2676 9395 978 9326 724 482 1932 7955 1930 4258 5175 2411 5384 9745 3496 9539 546 9368 4109 8108 6046 6327 8482 3035 5710 9286 8983 8265 3416 8279 2682 3903 5112 7862 8179 6003 3531 6975 4498 8492 4863
2035 8245 6544 2762 2224 1758 8228 268 1512 2176 3895 8268 6373 2729 2881 1295 475 8229 3559 4896 9630 1999 9285 9329 4802 0 9318 1294 5873 1431 9311 7679 6559 6896 6500 6548 8544 7627 1712 571 4065 7061 2428 7397 4924 70 9960 7540 2724 8451 3925 2880 5164 6413 1929 1846 8982 8804 9352 1689 245 4638 387 4997 862 7636 1114 2524 8525 8338 9716 8831 8948 6244 681 5322 970 5863 5992 8954 2629 7311 4310 456 415 4286 2999 98 1180 2634 2729 7867 8738 9441 6630 6036 7475 7747 1193 4823
4288 45 4582 1671 1676 7716 5220 9621 9373 2375 3455 9539 9166 8493 89 8715 9099 1714 183 2223 9804 6778 2310 8091 4537 9318 0 4524 4093 5762 5815 1112 3705 2238 364 5057 1627 1159 6886 501 3960 6238 2083 4775 7332 4184 9989 7120 5003 2545 5378 8342 8354 5469 6142 1234 9500 3836 7469 8122 479 4918 4571 4492 2019 6357 5811 3628 1363 4464 9945 4244 8131 2517 2109 6786 16 7743 5539 5034 419 4011 8399 4814 8122 3341 538 2226 2135 9028 475 7725 7637 7722 5037 3449 3484 9432 9471 4123
651 5756 8004 8947 8682 4707 1905 928 5879 2667 7854 8094 6105 2035 5845 1155 4601 7970 8862 9393 1300 7145 2120 297 2986 1294 4524 0 3773 4413 2040 3327 8875 1943 1788 8309 6882 8685 8556 9481 2974 636 8977 2002 7894 2794 140 8341 8209 9094 1392 2184 1563 2423 2944 7240 1690 4481 3451 6279 3677 5964 5307 5699 7693 8928 9794 5078 4568 484 7391 6232 3094 6220 4678 6341 6131 4507 9534 6353 2789 8562 2821 8773 6694 2523 6631 8827 7081 7234 7219 6286 9430 5584 8237 8130 8912 7823 1554 1763
3996 5494 3834 680 2136 1677 4776 9903 6484 3280 8249 4610 7595 1582 848 1881 272 9596 1761 7974 1054 2630 4596 7910 5187 5873 4093 3773 0 2395 2683 8227 5449 3378 1314 700 8197 1451 6819 1974 2018 4831 5859 7421 6017 2122 8186 6699 7630 5477 6853 8439 4337 6963 8867 3302 8085 2766 7245 8211 1777 8628 9570 8585 6614 2527 7377 195 8611 5925 3793 5318 8010 9013 6311 4479 2770 1548 9908 4574 572 1705 8005 691 6006 1312 3747 5559 8242 9807 3457 2506 2124 5744 4526 1218 5041 4820 7789 1719
2573 2190 3839 4992 2523 4723 6172 6010 888 6643 3424 7886 5874 5934 635 2096 3057 347 8138 4578 3717 646 3950 733 8779 1431 5762 4413 2395 0 9551 9897 7458 4319 1682 2098 1611 4805 1662 4186 2449 5368 3531 1880 6308 9941 3897 583 4694 1456 8085 3337 4726 7928 9986 6365 775 7511 3601 9189 6411 4110 1589 1360 3161 6513 6544 7218 3505 330 1039 4281 8440 437 9285 8808 524 374 9406 7837 5670 6618 8956 4654 4880 3270 3348 5068 4392 6850 396 4801 7000 5476 1406 9190 8043 9733 3865 9810
444 7062 7462 3807 2518 593 8642 2785 4663 628 7451 2241 8387 5519 2472 4131 4114 2541 1379 6814 7076 7545 8225 4285 9137 9311 5815 2040 2683 9551 0 9171 4678 8723 2224 2589 8259 6139 7339 6553 596 7946 9254 6456 7703 7727 3279 2687 7097 3523 7166 8823 5443 2148 8280 851 6021 4970 5169 2438 5749 2911 3276 6741 8980 5221 8980 8685 752 3875 9779 1291 2654 749 9348 6320 1236 6029 974 478 6474 6926 8574 3915 6213 5592 6287 4459 4027 862 9237 9768 1835 6754 9960 1984 4733 9644 5670 4902
919 9385 9874 9784 1506 7652 9131 7530 8320 4195 6093 5895 6526 8309 4508 3634 5061 5395 5703 3420 3571 1822 1430 9620 7333 7679 1112 3327 8227 9897 9171 0 3409 2700 498 1293 7176 9118 7440 1994 3728 2113 3941 1045 5237 4064 559 5724 3679 9374 4894 3292 3094 6389 6585 8641 7385 8123 477 13 8988 4324 1976 7663 596 2923 4165 528 7630 7949 9907 9555 3617 8650 803 1807 9301 9082 1216 6286 1264 2995 92 250 2140 8486 3511 7457 5777 5388 5272 8107 1296 3493 2393 9899 4859 1245 3103 9111
9413 1656 8389 9264 4992 9432 7955 7669 7337 4654 8824 8856 5177 9267 7691 3840 3476 7458 2161 2970 1313 6059 531 9840 7987 6559 3705 8875 5449 7458 4678 3409 0 491 2007 8762 3761 2023 1657 1854 7452 6204 1796 1496 759 8569 8178 5123 8354 7743 8319 6148 941 8509 1109 5351 3942 7347 4957 8696 3123 44 3359 2248 1827 8918 7960 512 1993 2052 3458 805 1448 25 6779 7532 3304 9050 4897 3076 5775 7119 1453 7961 4893 5994 9511 3664 1141 1032 9009 6220 2087 3673 1741 6294 4206 8279 159 1755
5804 5251 6607 4021 2350 5160 8389 6916 4200 6916 9004 9331 9489 3146 8181 6232 8227 5023 6444 4558 4449 7479 8227 5137 8983 6896 2238 1943 3378 4319 8723 2700 491 0 8124 86 954 697 2451 121 3942 3937 9062 8362 1035 2099 3281 9320 3175 6117 3442 8544 8956 8846 1981 9746 1615 6554 4237 4840 5477 6297 5922 7055 9431 140 6469 9618 7968 2799 4837 8877 6781 9030 7053 9451 9726 1621 3176 3069 3480 8776 9463 4216 1384 9429 1778 2801 3784 6884 129 4971 8555 8640 1231 3419 2444 3946 2996 3555
1387 3306 6170 9779 7692 6473 3500 9216 2577 4441 9676 8924 8718 5070 317 5961 7640 2953 1486 842 9926 7328 7939 1751 6304 6500 364 1788 1314 1682 2224 498 2007 8124 0 9810 5052 7903 7213 3484 3331 6710 3018 7192 7607 6130 6341 7524 8303 6519 7749 7973 3279 3270 9054 2794 3962 2000 1135 8790 6294 9606 5874 7224 4894 1492 3859 9714 8036 1042 5245 4502 9240 9514 9246 2803 9984 5337 1577 7918 1137 2712 6180 6677 1572 5321 7278 4780 2872 986 3845 3648 304 4889 6173 1788 6047 4581 7400 7307
2669 4764 9071 8957 7871 1574 2760 1505 9077 1424 216 2567 4499 494 9123 7222 4080 6013 1537 6544 1798 9988 3664 9145 4406 6548 5057 8309 700 2098 2589 1293 8762 86 9810 0 0 1305 8346 2706 4014 4746 8196 9411 8771 9108 208 8117 2071 392 7725 2697 5912 5529 512 9657 2105 573 7907 1598 8924 239 7912 4540 112 5453 2958 119 6446 5558 1781 1408 3915 5833 4352 9640 88 8131 7853 8571 2178 6807 4332 4469 4996 7267 7772 8030 9304 2163 3144 7968 2364 3744 2753 3716 8698 1075 3188 895
8425 4221 4595 3995 3483 5478 221 983 2751 6164 8902 4432 151 1944 8337 925 3895 4516 8250 3324 7801 6524 6297 3290 1848 8544 1627 6882 8197 1611 8259 7176 3761 954 5052 0 0 9 8489 1623 6668 6580 9122 4315 4796 1361 9021 1684 9229 8996 220 6802 6559 2377 2282 9497 6263 8606 7578 5742 1249 2281 5325 3961 8237 5316 463 7589 7951 5887 2490 8676 1638 8899 1955 9709 5828 7609 6603 3325 5182 8415 6859 431 7113 8087 1847 2328 5679 2197 3465 8170 6591 131 8221 6565 5289 6561 9453 1573
4076 9512 5514 4580 1714 7264 4078 6044 8497 8194 2820 9721 7091 6248 1627 3909 5380 397 4559 4905 2236 5728 6430 5965 4037 7627 1159 8685 1451 4805 6139 9118 2023 697 7903 1305 9 0 3010 4553 7783 4770 3259 3149 9324 4555 1072 5552 935 4790 4976 6070 9830 872 4865 5888 3019 8598 1062 5513 8752 6627 7175 2639 45 9888 2346 8722 3899 989 4189 9255 7796 3155 6022 4999 9116 6482 3619 4173 9938 9645 6091 9517 1786 765 5663 4339 832 8224 7890 7165 4783 539 7246 7256 9040 6028 5474 5613
3470 1060 769 6205 7522 962 5888 5043 1197 9570 8971 4679 366 2794 8814 283 9417 31 7903 4286 9979 8545 1278 4537 2757 1712 6886 8556 6819 1662 7339 7440 1657 2451 7213 8346 8489 3010 0 6475 5498 587 5509 4549 2397 5906 2055 7019 6204 9122 9052 7605 3975 3876 4252 9991 6701 7298 1036 4443 157 3867 7303 5273 787 3313 2741 9164 5129 6159 7599 260 2520 3922 9553 3292 4562 7644 3736 8433 1041 1061 1756 6946 8293 182 8413 6227 9728 1498 6993 9413 9132 6242 7234 2265 9481 4853 6557 7120
6670 555 5700 7208 6061 8837 6619 8084 6019 6466 4732 9391 3437 1047 9001 6299 4221 496 4124 242 5200 6622 1861 5144 3092 571 501 9481 1974 4186 6553 1994 1854 121 3484 2706 1623 4553 6475 0 9762 7302 9209 8296 769 3309 7016 841 5404 5212 7529 5426 1011 625 9484 4576 6724 4742 9872 8151 3193 1710 7964 8959 8566 4208 772 4413 1154 1286 5643 439 8519 9652 8850 200 2157 6834 7608 121 3733 8374 1773 5072 3978 3991 9593 9648 6052 1847 8298 8248 9956 6479 5760 871 8708 8549 9617 1707
9163 8856 2520 6896 681 2001 6503 7882 8620 5605 7809 835 2027 9705 2473 6476 76 8228 1502 3001 6999 3723 3585 6366 531 4065 3960 2974 2018 2449 596 3728 7452 3942 3331 4014 6668 7783 5498 9762 0 7047 5596 6813 9661 946 5436 86 8928 6967 5835 1473 5411 8961 3121 7271 9355 750 4113 1177 1317 6667 1529 2443 2073 6772 5976 8310 5518 8696 1121 6576 3690 127 4247 8187 4709 9320 7995 4422 3896 8101 8718 7001 2368 3227 388 363 9357 8108 1518 210 5513 9838 6388 3075 4551 6017 3202 4947
5383 5367 6870 3610 8242 6557 245 1722 6142 3606 1011 304 8604 2499 2959 8133 8190 1940 2342 8819 9755 4021 6072 4270 4567 7061 6238 636 4831 5368 7946 2113 6204 3937 6710 4746 6580 4770 587 7302 7047 0 4630 1953 1175 338 5271 8927 2335 7624 3560 6288 1654 347 1473 6773 8533 8964 5796 3076 7331 9610 2850 3503 2439 8833 6795 6230 9222 8790 3338 5135 5450 882 6727 8260 3854 5267 4987 5880 979 2447 3585 1088 5261 7839 3815 19 2440 4350 5256 488 9848 3661 7038 6669 5020 9072 992 7365
8112 7002 4671 8771 1176 1350 563 2006 6865 972 2430 115 8982 6350 4668 6287 9362 3570 2113 7802 2980 4284 6216 4562 5441 2428 2083 8977 5859 3531 9254 3941 1796 9062 3018 8196 9122 3259 5509 9209 5596 4630 0 9147 4421 3985 4047 7376 8819 2212 2833 1672 6748 5525 1206 5395 9099 4072 8167 1229 8711 7530 1506 969 2298 5052 6188 6625 7663 1930 6624 5846 650 1229 8574 8852 9075 1310 7956 3648 8210 6776 5529 78 6827 1947 133 7782 9323 7232 9577 6831 4224 8153 8744 8215 2716 9618 2960 7311
4612 4108 8364 7402 5208 4742 6574 8641 5724 5801 3786 9584 7002 3641 7018 1317 6456 8074 9589 7294 9584 326 7470 2782 7948 7397 4775 2002 7421 1880 6456 1045 1496 8362 7192 9411 4315 3149 4549 8296 6813 1953 9147 0 5804 4827 5178 562 6190 1523 3932 5558 9647 613 4574 5203 3408 3480 2440 7862 7067 8815 4616 3193 3563 4134 2112 1763 3122 5494 5412 6380 4578 3344 6153 5967 6653 9356 5074 1009 9186 2617 2701 1007 3267 3470 4025 8631 3297 5512 8009 4902 4773 4186 8054 4827 2440 2642 6023 6326
2123 4206 5727 492 6309 3761 8617 1496 901 8685 113 9054 6422 2939 7606 6569 514 9506 8634 510 1230 8212 8781 5051 6703 4924 7332 7894 6017 6308 7703 5237 759 1035 7607 8771 4796 9324 2397 769 9661 1175 4421 5804 0 2422 407 8213 8542 6150 886 7066 3006 7739 5996 2625 8212 6576 7510 8753 4330 1651 7693 8098 9548 6764 2916 5201 5768 2235 7915 94 407 7189 4591 4909 7609 2611 7510 820 5353 4255 9666 1870 3798 3983 1859 9115 7990 2778 6149 6388 487 9889 690 4659 822 8882 106 5991
7673 7403 6741 612 8988 5968 4205 6504 5145 5848 2904 4116 1573 8984 6313 844 6892 2194 5811 5947 7207 3691 5670 302 7272 70 4184 2794 2122 9941 7727 4064 8569 2099 6130 9108 1361 4555 5906 3309 946 338 3985 4827 2422 0 3428 7109 3076 9941 4693 4939 7651 151 3590 6890 985 8508 9918 4686 657 410 549 836 1035 5526 5721 4684 1063 6619 716 1971 1640 4057 3163 3495 389 9293 342 9762 2483 8170 3345 5358 6994 1036 7864 8666 6505 2602 5628 1478 4807 6319 8774 46 1062 5346 8096 9999
5088 4817 4205 3468 2581 5846 3289 1435 5962 4951 326 7822 2003 9394 199 8873 8336 9252 7874 6872 5794 6386 7328 4737 6686 9960 9989 140 8186 3897 3279 559 8178 3281 6341 208 9021 1072 2055 7016 5436 5271 4047 5178 407 3428 0 1077 9554 421 7618 4555 2051 7593 443 7546 6937 5935 5215 5208 989 8983 4612 8445 3776 1935 3204 1004 9774 3542 270 9087 5164 7930 7562 8584 8531 5827 4738 3085 5034 1641 3529 1652 2928 9918 5142 1055 9384 6552 6598 9614 5965 2094 4750 6414 797 8596 3509 965
4698 8208 9326 9241 9756 6407 9465 8298 5318 35 9979 774 8366 477 5230 7920 9055 3000 7590 7321 6985 6809 1296 298 2336 7540 7120 8341 6699 583 2687 5724 5123 9320 7524 8117 1684 5552 7019 841 86 8927 7376 562 8213 7109 1077 0 4987 4611 2417 6399 8341 4848 8905 4302 530 6450 6320 7386 9367 1681 856 1144 6412 2683 891 343 5554 8456 6458 4465 7680 8599 2961 3617 1875 615 7501 2992 7540 5532 1817 8420 2069 5991 8700 9889 1042 2487 3258 2622 8303 4037 9670 557 6550 1625 9105 2134
4181 7562 128 83 8802 8493 2014 7964 5253 5357 8151 3862 346 200 7021 2468 2472 9352 5479 5811 5260 3630 3960 3447 4853 2724 5003 8209 7630 4694 7097 3679 8354 3175 8303 2071 9229 935 6204 5404 8928 2335 8819 6190 8542 3076 9554 4987 0 8225 2223 2325 8260 3830 2283 8093 4204 993 5891 4193 7836 9980 9210 8818 5671 8686 8612 1515 8257 4452 5005 3962 7884 3373 5249 7725 1368 8797 652 9667 2067 7017 8779 4257 6331 3636 6200 4140 9310 1989 1194 3958 5408 2508 3730 5739 1144 257 6956 854
3852 8263 1955 121 345 216 6810 9512 5603 76 8108 1881 8506 6263 6530 8593 5574 5823 4677 8140 2425 3328 9376 2491 5061 8451 2545 9094 5477 1456 3523 9374 7743 6117 6519 392 8996 4790 9122 5212 6967 7624 2212 1523 6150 9941 421 4611 8225 0 6899 1146 7850 96 6839 5236 1788 1966 5859 6640 9131 8540 637 2989 2306 5970 689 4093 5617 2200 7619 3404 8678 5961 467 4532 6272 5546 866 7942 3298 3482 7209 2500 6751 6352 7137 8107 4206 3940 1149 4834 6901 8558 9353 2203 3054 7195 7612 758
3784 540 788 7660 1691 2099 6729 46 9669 3662 1273 9484 4505 1379 3215 4628 9605 8270 6693 1551 6278 6833 3519 8659 9695 3925 5378 1392 6853 8085 7166 4894 8319 3442 7749 7725 220 4976 9052 7529 5835 3560 2833 3932 886 4693 7618 2417 2223 6899 0 6107 9208 5388 5263 2349 8865 4271 145 2187 536 9652 7817 2781 6007 407 3552 4316 4081 3516 3368 9768 9023 9075 736 8564 8207 2426 360 3474 7775 1555 3510 8302 7736 2462 5243 9112 43 3446 2736 415 506 5995 5084 7043 5362 8312 1776 2914
3761 9670 9341 9378 1642 1331 1010 6998 8624 4073 6585 6756 9714 2661 9139 1825 5608 5793 438 7107 6695 1821 6061 9870 8387 2880 8342 2184 8439 3337 8823 3292 6148 8544 7973 2697 6802 6070 7605 5426 1473 6288 1672 5558 7066 4939 4555 6399 2325 1146 6107 0 2141 2777 5762 5620 3226 5453 4191 5671 9182 6502 9799 3057 4193 7710 8532 5715 7842 4161 3422 4416 552 1184 9496 8905 1281 9116 3629 9903 2385 6942 2823 1666 5702 8663 8385 1388 1085 2909 839 8911 9983 9634 5983 6756 6098 5528 3820 2111
6482 7260 6264 481 4421 5178 7934 7529 7122 9309 3784 6731 5587 1844 5125 6206 2822 9331 9394 8201 6041 6032 5995 1076 7177 5164 8354 1563 4337 4726 5443 3094 941 8956 3279 5912 6559 9830 3975 1011 5411 1654 6748 9647 3006 7651 2051 8341 8260 7850 9208 2141 0 9189 5178 8257 3896 7962 8927 1711 6835 2542 1240 8258 591 2590 3065 3223 2852 6696 5029 834 5948 6755 3241 6563 8057 829 495 9362 2658 1589 8903 3434 8241 3040 7422 8040 4831 8284 3883 8272 7885 5391 4838 7400 5197 3044 9334 6267
8512 2036 7372 1067 5158 7994 8569 4186 9588 8031 1887 1359 6378 8663 2797 344 3240 8049 1480 5461 8019 1702 5793 7873 3296 6413 5469 2423 6963 7928 2148 6389 8509 8846 3270 5529 2377 872 3876 625 8961 347 5525 613 7739 151 7593 4848 3830 96 5388 2777 9189 0 1430 6008 521 1831 4759 702 4857 9862 9537 1830 2965 2492 1964 5827 9925 3009 8467 7415 1282 486 1675 4048 9346 2797 3401 841 1784 8654 3613 4921 2210 9355 7498 7605 1571 5191 1007 9574 4032 540 3037 2833 6471 6801 1021 9169
1713 832 6228 8732 1344 4375 5439 7044 4007 8720 2913 7594 2581 8542 662 4718 168 4878 9767 5996 9952 3085 6592 4829 2814 1929 6142 2944 8867 9986 8280 6585 1109 1981 9054 512 2282 4865 4252 9484 3121 1473 1206 4574 5996 3590 443 8905 2283 6839 5263 5762 5178 1430 0 3276 6277 3536 5521 4611 3590 5923 5826 8936 3221 8637 6244 7506 3788 9660 2963 8812 4735 1380 8681 5310 1210 2730 7306 6373 9357 5490 7165 890 8996 1777 5855 9806 2886 5979 9231 907 2870 2325 4174 5099 7607 995 9992 8149
4084 9428 7888 465 8979 8052 1841 377 7152 5355 8787 2256 1320 3926 2640 6703 6863 3595 3643 7303 4172 1229 5634 7104 7123 1846 1234 7240 3302 6365 851 8641 5351 9746 2794 9657 9497 5888 9991 4576 7271 6773 5395 5203 2625 6890 7546 4302 8093 5236 2349 5620 8257 6008 3276 0 8271 886 6331 8207 7216 5187 6056 2469 2104 1126 9261 9242 9806 477 8670 7476 7005 9530 6752 6258 7739 719 2173 6295 2804 5409 6015 6032 8667 232 9653 3046 9749 699 6612 8420 2605 5310 909 5119 2160 5742 2091 2106
4437 22 5975 4448 647 548 3612 3828 7203 5855 6843 58 842 9143 5979 8936 6903 1797 5173 7778 8919 3771 4027 5990 9331 8982 9500 1690 8085 775 6021 7385 3942 1615 3962 2105 6263 3019 6701 6724 9355 8533 9099 3408 8212 985 6937 530 4204 1788 8865 3226 3896 521 6277 8271 0 5775 6028 9872 2509 2682 4663 4432 4138 3995 6038 9968 4326 1571 4636 8096 3505 2812 1149 3928 563 9135 7799 1288 7016 1098 1483 2165 279 8107 6391 340 9142 1301 7066 2336 351 8347 3567 3022 2428 2895 3877 6415
2500 4645 4223 7243 7261 2507 890 3040 5820 977 2856 8217 5198 3172 5172 496 9296 1056 1868 4132 1034 1421 626 8134 3374 8804 3836 4481 2766 7511 4970 8123 7347 6554 2000 573 8606 8598 7298 4742 750 8964 4072 3480 6576 8508 5935 6450 993 1966 4271 5453 7962 1831 3536 886 5775 0 7620 1596 3180 8045 4261 5425 7521 168 2745 2758 8609 8605 7662 2184 9776 1602 4264 87 1466 166 7269 2581 1698 7464 4826 6593 3728 7896 5804 1454 7392 4933 5079 7726 3806 6694 5441 2505 7822 1748 7080 5049
5029 6742 5993 2131 4461 3703 560 2444 8712 4991 5126 6947 469 7982 7693 6741 3507 4613 5349 570 875 4036 5069 4073 5224 9352 7469 3451 7245 3601 5169 477 4957 4237 1135 7907 7578 1062 1036 9872 4113 5796 8167 2440 7510 9918 5215 6320 5891 5859 145 4191 8927 4759 5521 6331 6028 7620 0 116 377 4774 536 2413 7729 4450 2786 3716 2041 3467 817 8652 9948 4977 683 7371 7993 2466 5208 3758 8964 352 393 4501 9679 1709 6228 2165 2574 1173 1569 2644 191 6426 7787 3468 7933 6211 458 8131
6812 1304 5927 7220 7779 5759 7564 9817 6046 4699 6357 6459 6734 4715 8082 7449 8068 5970 8129 8906 41 8762 5730 6450 2676 1689 8122 6279 8211 9189 2438 13 8696 4840 8790 1598 5742 5513 4443 8151 1177 3076 1229 7862 8753 4686 5208 7386 4193 6640 2187 5671 1711 702 4611 8207 9872 1596 116 0 6345 5589 5317 4992 9689 7267 4714 3371 7213 3988 9561 5824 9137 4530 5257 5854 1390 2494 3071 9969 3708 7567 1925 5918 6008 27 4188 779 9624 2086 308 8901 2723 9801 8103 4768 3838 7085 1379 3529
2289 8882 8500 3904 5143 9489 8898 4410 971 5267 2551 360 6489 5323 5405 8783 5747 5383 7476 9049 9859 3303 6647 2327 9395 245 479 3677 1777 6411 5749 8988 3123 5477 6294 8924 1249 8752 157 3193 1317 7331 8711 7067 4330 657 989 9367 7836 9131 536 9182 6835 4857 3590 7216 2509 3180 377 6345 0 6019 9030 9160 2702 2853 3683 4392 6888 933 5898 9585 6046 2170 6882 1334 4184 8435 8706 8558 5375 9841 5530 3623 2834 6590 835 1208 8549 1262 4219 7923 7021 2335 6520 2586 2929 2402 7226 789
8251 4942 6984 3235 9118 6196 7212 8046 4683 7423 4843 6742 7234 4693 7172 9835 8009 7955 9589 6909 2884 9628 3374 2232 978 4638 4918 5964 8628 4110 2911 4324 44 6297 9606 239 2281 6627 3867 1710 6667 9610 7530 8815 1651 410 8983 1681 9980 8540 9652 6502 2542 9862 5923 5187 2682 8045 4774 5589 6019 0 176 198 3658 6161 8895 7458 7892 3030 213 1360 8619 4453 4477 3184 8321 3488 993 9510 1093 5010 3720 4664 355 3209 2248 4459 4856 9419 7109 8030 4784 9390 2429 8736 4206 6538 5346 9756
9488 814 3777 8416 3670 4068 4196 5382 5017 5750 9182 6773 7806 2774 6508 8736 48 2649 9270 9054 5848 3415 9004 6640 9326 387 4571 5307 9570 1589 3276 1976 3359 5922 5874 7912 5325 7175 7303 7964 1529 2850 1506 4616 7693 549 4612 856 9210 637 7817 9799 1240 9537 5826 6056 4663 4261 536 5317 9030 176 0 6902 9912 3118 9159 3922 716 4239 1317 8442 9476 1180 932 6858 6593 6508 7029 1012 7303 6465 8565 9075 5568 2873 8430 1151 3530 1876 2539 4827 1557 6916 9878 8517 7915 2840 7100 3928
2097 8940 4383 3068 438 8877 5376 9666 100 2530 3939 856 1 6471 2213 5197 9207 7593 4821 4436 611 3468 2160 9720 724 4997 4492 5699 8585 1360 6741 7663 2248 7055 7224 4540 3961 2639 5273 8959 2443 3503 969 3193 8098 836 8445 1144 8818 2989 2781 3057 8258 1830 8936 2469 4432 5425 2413 4992 9160 198 6902 0 2930 257 4841 7245 9446 5992 4816 8318 6559 752 8476 2185 5477 6808 7620 4451 9943 1169 9493 8470 4861 8765 2418 9577 2546 2436 9893 9477 8822 4792 6753 7538 4730 3619 3391 7696
8853 7354 7576 5599 9537 5300 5184 6215 8798 5277 5576 4020 7904 1367 8675 4850 2532 3459 9527 4755 4713 3916 9259 8062 482 862 2019 7693 6614 3161 8980 596 1827 9431 4894 112 8237 45 787 8566 2073 2439 2298 3563 9548 1035 3776 6412 5671 2306 6007 4193 591 2965 3221 2104 4138 7521 7729 9689 2702 3658 9912 2930 0 7371 2816 119 8282 7021 8007 3925 5498 5021 4081 7278 4308 4459 2092 2661 6787 1070 7463 5136 7955 6299 1658 9169 2187 7247 8565 3743 7037 3503 6190 7654 3621 4006 6782 8931
9879 2844 2247 1565 1977 73 9483 5665 1288 7638 6860 5998 5969 3131 8716 677 4938 5184 2432 1742 4632 7129 4556 4250 1932 7636 6357 8928 2527 6513 5221 2923 8918 140 1492 5453 5316 9888 3313 4208 6772 8833 5052 4134 6764 5526 1935 2683 8686 5970 407 7710 2590 2492 8637 1126 3995 168 4450 7267 2853 6161 3118 257 7371 0 4721 1624 679 3414 8631 1182 4044 5734 6539 6910 5108 6509 2091 2178 7468 6436 7115 9991 7244 6463 4126 9546 7977 1433 1317 3177 3835 6959 5280 7579 4860 4659 4714 3557
9186 3305 7787 8822 2987 8560 2497 2751 2205 1572 9451 5528 6927 6081 3938 5565 8755 9875 978 6576 3221 345 8881 1627 7955 1114 5811 9794 7377 6544 8980 4165 7960 6469 3859 2958 463 2346 2741 772 5976 6795 6188 2112 2916 5721 3204 891 8612 689 3552 8532 3065 1964 6244 9261 6038 2745 2786 4714 3683 8895 9159 4841 2816 4721 0 9475 5794 5016 5787 7177 6742 6574 2437 4910 468 2889 6793 2306 3084 5281 9140 9264 2190 300 9561 7266 3772 2925 6941 8999 5916 6128 8733 5497 8977 8221 4409 8999
1000 4958 5301 4952 8427 7025 4534 2863 2025 9495 1794 6392 1211 9086 2303 8465 1457 4112 1441 7752 1056 2383 2526 6275 1930 2524 3628 5078 195 7218 8685 528 512 9618 9714 119 7589 8722 9164 4413 8310 6230 6625 1763 5201 4684 1004 343 1515 4093 4316 5715 3223 5827 7506 9242 9968 2758 3716 3371 4392 7458 3922 7245 119 1624 9475 0 4220 6938 623 6152 6852 1142 7225 4142 6715 9256 7053 2195 9275 8594 3946 1787 6378 8484 3008 1717 3514 2397 5034 5484 7160 7646 2107 5204 5428 5131 181 1012
9269 7610 5971 2411 6344 3604 3991 8554 5221 3232 2548 7587 4467 5408 2967 1319 158 7338 7703 4860 5444 2799 7367 3676 4258 8525 1363 4568 8611 3505 752 7630 1993 7968 8036 6446 7951 3899 5129 1154 5518 9222 7663 3122 5768 1063 9774 5554 8257 5617 4081 7842 2852 9925 3788 9806 4326 8609 2041 7213 6888 7892 716 9446 8282 679 5794 4220 0 1437 8612 5118 736 3761 7411 2985 5415 5875 3074 5662 1469 885 6307 4493 8950 6516 3246 7489 2700 6720 9504 2032 5272 3750 2241 6296 3742 4419 7468 6109
4947 7416 7228 7212 6077 36 371 63 5869 8990 4492 6706 7842 1890 5372 4814 8805 9537 6596 5378 8371 569 5954 8487 5175 8338 4464 484 5925 330 3875 7949 2052 2799 1042 5558 5887 989 6159 1286 8696 8790 1930 5494 2235 6619 3542 8456 4452 2200 3516 4161 6696 3009 9660 477 1571 8605 3467 3988 933 3030 4239 5992 7021 3414 5016 6938 1437 0 8113 4850 3264 5244 2448 1144 7979 8548 9553 1624 8313 135 2380 6586 6938 2823 9919 7953 7998 2641 9110 7003 406 7013 2855 9453 7283 6475 9820 7874
5207 846 7490 5846 500 5916 3034 8703 7346 1246 4308 6535 3900 1359 4837 2317 3213 7263 672 4472 1451 4815 5502 8385 2411 9716 9945 7391 3793 1039 9779 9907 3458 4837 5245 1781 2490 4189 7599 5643 1121 3338 6624 5412 7915 716 270 6458 5005 7619 3368 3422 5029 8467 2963 8670 4636 7662 817 9561 5898 213 1317 4816 8007 8631 5787 623 8612 8113 0 6284 2404 7973 2374 2530 4968 3005 9877 4376 9957 8589 2563 2781 9825 6001 588 426 820 5547 7779 7084 8836 4904 1631 3585 4066 2936 7581 2890
6441 3867 7133 7380 228 4206 9782 826 8478 1730 8959 9062 8984 4617 2812 435 5197 4728 8986 9176 9858 5355 4465 316 5384 8831 4244 6232 5318 4281 1291 9555 805 8877 4502 1408 8676 9255 260 439 6576 5135 5846 6380 94 1971 9087 4465 3962 3404 9768 4416 834 7415 8812 7476 8096 2184 8652 5824 9585 1360 8442 8318 3925 1182 7177 6152 5118 4850 6284 0 6383 679 5862 5627 8386 4442 675 2016 8521 4966 2383 4766 7479 7746 9779 219 8417 9870 1420 5174 8141 4113 1001 6348 6040 826 7436 2763
9018 3282 5238 216 5651 9315 4645 1603 6590 7740 8563 8946 8579 8753 5463 2432 1615 4458 3497 1015 2986 5305 9036 9704 9745 8948 8131 3094 8010 8440 2654 3617 1448 6781 9240 3915 1638 7796 2520 8519 3690 5450 650 4578 407 1640 5164 7680 7884 8678 9023 552 5948 1282 4735 7005 3505 9776 9948 9137 6046 8619 9476 6559 5498 4044 6742 6852 736 3264 2404 6383 0 4518 8048 7944 8475 9556 1086 8159 5465 2222 6225 760 1078 278 4130 9511 9634 6329 7532 499 3276 8433 6563 4463 1846 7270 6044 8629
9789 1358 3488 5077 7124 1767 4026 6560 2087 5775 9185 3489 220 7610 8093 5011 7354 1209 3754 5292 8539 6472 3698 2914 3496 6244 2517 6220 9013 437 749 8650 25 9030 9514 5833 8899 3155 3922 9652 127 882 1229 3344 7189 4057 7930 8599 3373 5961 9075 1184 6755 486 1380 9530 2812 1602 4977 4530 2170 4453 1180 752 5021 5734 6574 1142 3761 5244 7973 679 4518 0 9067 8663 721 2486 854 5933 8643 5517 2652 5817 5008 3082 1337 8579 8846 8547 3037 3634 134 1746 1753 9895 2320 6399 3425 6488
682 910 9252 8367 2210 3852 9461 3571 2018 8741 801 4468 7549 6095 902 1442 6074 6649 7729 356 1121 6989 6535 8729 9539 681 2109 4678 6311 9285 9348 803 6779 7053 9246 4352 1955 6022 9553 8850 4247 6727 8574 6153 4591 3163 7562 2961 5249 467 736 9496 3241 1675 8681 6752 1149 4264 683 5257 6882 4477 932 8476 4081 6539 2437 7225 7411 2448 2374 5862 8048 9067 0 9759 2804 1643 1124 7004 1965 4784 2542 3219 594 9792 8138 7354 4891 9449 1862 2856 6982 5050 9342 3395 5252 893 4556 4017
241 2716 4222 2163 374 6315 3980 8449 1545 4890 4762 8268 6982 8920 7085 4223 889 4748 2597 5043 2688 6819 1543 4551 546 5322 6786 6341 4479 8808 6320 1807 7532 9451 2803 9640 9709 4999 3292 200 8187 8260 8852 5967 4909 3495 8584 3617 7725 4532 8564 8905 6563 4048 5310 6258 3928 87 7371 5854 1334 3184 6858 2185 7278 6910 4910 4142 2985 1144 2530 5627 7944 8663 9759 0 4972 2742 2687 3867 5757 6021 4580 3310 1076 2787 1865 5354 4 9314 8111 9682 3094 2698 2003 7886 1658 171 8166 2055
6194 3613 8875 3144 1325 6101 9879 6206 9524 5848 4524 5377 1748 4961 355 1226 9157 6844 9040 3574 9178 2391 490 757 9368 970 16 6131 2770 524 1236 9301 3304 9726 9984 88 5828 9116 4562 2157 4709 3854 9075 6653 7609 389 8531 1875 1368 6272 8207 1281 8057 9346 1210 7739 563 1466 7993 1390 4184 8321 6593 5477 4308 5108 468 6715 5415 7979 4968 8386 8475 721 2804 4972 0 4212 558 4745 3683 541 2545 4272 8279 8028 4018 6742 1457 3797 522 870 9768 9503 4645 4399 1385 821 2375 6387
2155 6193 4735 3317 4365 3599 5687 2332 1015 7069 3688 2569 9658 8672 2432 6682 9232 8359 6458 9419 5558 5238 5253 7300 4109 5863 7743 4507 1548 374 6029 9082 9050 1621 5337 8131 7609 6482 7644 6834 9320 5267 1310 9356 2611 9293 5827 615 8797 5546 2426 9116 829 2797 2730 719 9135 166 2466 2494 8435 3488 6508 6808 4459 6509 2889 9256 5875 8548 3005 4442 9556 2486 1643 2742 4212 0 6951 1644 5809 5949 6347 3295 7023 7206 8633 6183 7128 6010 4772 2601 7915 5848 9134 8632 4186 2510 2452 8192
6513 8847 9546 4979 8897 7582 1155 2538 5580 3298 9362 7192 6467 4036 7953 7284 6393 5026 1753 2944 1997 8013 3803 6623 8108 5992 5539 9534 9908 9406 974 1216 4897 3176 1577 7853 6603 3619 3736 7608 7995 4987 7956 5074 7510 342 4738 7501 652 866 360 3629 495 3401 7306 2173 7799 7269 5208 3071 8706 993 7029 7620 2092 2091 6793 7053 3074 9553 9877 675 1086 854 1124 2687 558 6951 0 8918 6583 8628 3041 2479 846 5216 4456 6457 9282 8087 9103 8119 8388 4664 8854 8196 765 5155 7079 9672
5363 8416 5892 7283 9880 2987 4468 9508 1213 367 4 9344 6624 5759 7847 3784 9601 5298 2053 8938 6539 6564 1282 2941 6046 8954 5034 6353 4574 7837 478 6286 3076 3069 7918 8571 3325 4173 8433 121 4422 5880 3648 1009 820 9762 3085 2992 9667 7942 3474 9903 9362 841 6373 6295 1288 2581 3758 9969 8558 9510 1012 4451 2661 2178 2306 2195 5662 1624 4376 2016 8159 5933 7004 3867 4745 1644 8918 0 2087 4144 3754 1291 1651 9066 3149 7394 8999 6504 6285 5019 7350 8594 7025 851 5646 2642 9760 8687
8737 6619 1709 4194 4314 2143 3513 6457 2354 5531 6347 3668 7671 9807 9711 6530 5853 2669 7653 3566 1961 8172 7861 7571 6327 2629 419 2789 572 5670 6474 1264 5775 3480 1137 2178 5182 9938 1041 3733 3896 979 8210 9186 5353 2483 5034 7540 2067 3298 7775 2385 2658 1784 9357 2804 7016 1698 8964 3708 5375 1093 7303 9943 6787 7468 3084 9275 1469 8313 9957 8521 5465 8643 1965 5757 3683 5809 6583 2087 0 3387 533 4178 8 1867 5598 69 6685 1884 3999 1002 9967 2283 8965 1410 5469 1373 8920 1796
6295 1263 7837 3947 4070 4290 2385 8891 5706 2319 6275 1057 1746 1860 5749 6427 5964 9936 5801 4602 6306 4758 676 3730 8482 7311 4011 8562 1705 6618 6926 2995 7119 8776 2712 6807 8415 9645 1061 8374 8101 2447 6776 2617 4255 8170 1641 5532 7017 3482 1555 6942 1589 8654 5490 5409 1098 7464 352 7567 9841 5010 6465 1169 1070 6436 5281 8594 885 135 8589 4966 2222 5517 4784 6021 541 5949 8628 4144 3387 0 9145 400 5560 5525 9882 6732 2916 8546 2010 4982 726 8349 94 7385 973 1834 2506 3476
