200
0 7097 1957 614 4512 4962 2989 8866 3548 1369 5251 4937 4297 11 9690 4096 7722 5591 2405 5918 1493 9531 9207 9144 6829 1288 8384 1537 4099 1177 7071 6487 3303 5618 2035 6118 5978 7216 9891 3262 5891 1044 1140 3409 2068 4364 1833 7145 3107 6096 6111 9512 4167 7204 2620 8917 8261 4858 6033 8083 6246 4353 5617 1490 2178 6333 5898 1344 1017 383 5096 5359 3909 8213 1173 3847 8045 8959 4384 7175 2880 8247 9493 6 2625 171 4783 5074 1048 8884 5952 8762 6492 883 654 3990 1959 8883 6738 979 2366 4617 8244 2133 1940 8328 797 6449 8982 4251 6008 1050 855 2972 8391 1676 675 8891 5239 9775 7921 1376 2670 7519 1143 1203 9665 8 2429 1394 1059 1058 3866 1826 7112 8490 6396 8912 7421 1831 7967 9476 2255 3695 9369 1606 5225 1305 8514 3653 9266 5049 2180 5419 7332 4443 4196 4719 9157 7248 171 8906 5099 744 1152 5301 5793 7587 7710 4890 8043 3377 6633 2036 9870 3224 6355 795 330 2549 438 1581 4199 277 6091 7714 1799 2270 1716 2720 3474 8159 5211 4080 8536 1083 6365 4998 7288 5989
7097 0 2393 512 6988 3841 7461 4065 448 1511 5388 2003 1103 6627 7634 6370 3030 7344 7251 5782 1854 9863 4250 6030 689 9584 6092 1681 545 6027 2427 1083 6818 4746 7864 2288 8981 6100 5135 4399 3353 5997 1950 320 4398 7323 1627 6770 4706 5216 9302 6468 5003 3768 4996 2032 5967 7288 5259 2311 7869 5242 9439 7821 8178 8293 4778 1983 5320 8242 3839 3018 961 5723 1277 4728 5435 6915 5987 1904 5923 6520 1455 1201 415 9286 8953 317 5657 2010 2695 4880 3190 3521 2010 302 6996 9014 5392 1138 7275 4136 2773 8183 3816 8585 9485 8271 2092 974 2431 5066 8872 8590 5752 1462 3435 9853 2525 778 2448 7513 5901 9984 4271 9479 2614 1009 1298 4618 2759 7026 5609 5695 6549 6790 2064 3892 3667 3507 4816 3607 7747 5516 8689 6090 2688 6222 8684 4863 1712 8416 4401 9205 8943 9665 7042 3005 9571 9480 2608 2340 1043 205 8787 8223 5076 2850 7035 1034 7864 9878 2894 9667 3368 295 9520 1537 9389 9443 3011 4709 2679 8167 5488 441 3658 7809 5861 2820 629 3440 1630 8459 2916 439 6879 2284 633 5468
1957 2393 0 7542 8687 7559 7899 3423 2008 4668 1913 712 4847 3576 8139 456 6004 2254 2421 6258 9315 1773 5634 8060 966 349 5583 6878 2444 8380 9880 4744 615 3164 1960 1878 965 7636 7201 4341 178 7320 6488 3401 8398 579 6611 447 7947 4262 7899 851 6391 3160 1494 5694 9390 1867 4073 1843 3816 3355 2836 9701 9432 3922 8212 9248 2040 4076 2498 9229 6699 8355 4722 3897 1457 8173 3257 370 5724 5996 2080 8830 7240 5385 2166 5057 3286 4083 4304 987 653 4998 4320 9370 7484 4923 3227 3251 943 1311 8507 4981 4375 7640 8858 9029 1545 114 7124 5032 9846 769 6348 4914 3165 6492 93 7859 4006 8020 7758 2672 7747 6497 7475 380 244 7829 6173 8853 2477 6660 4066 4605 4210 7912 6989 2539 6462 8188 352 8200 3491 4333 8089 2215 3989 88 9692 746 591 3782 2291 3750 8389 184 4545 1518 4474 8506 8564 9026 7900 1884 2417 8604 6704 4603 8026 1310 9947 4381 2451 3735 1280 1062 594 4395 5570 7775 5821 6023 6649 716 8334 3974 5258 7097 3752 4853 3273 5773 6797 8221 5667 6335 7360 3351
614 512 7542 0 1075 6955 3000 8159 1987 7942 6216 570 9793 8046 2831 1848 4383 6967 2510 5137 1579 8139 2800 7399 8466 5516 2603 7254 2496 4298 583 5177 2701 6323 2743 3690 5135 3325 3695 3306 4851 6375 4478 2309 587 1299 3027 1163 8022 9018 2984 26 6474 5163 1285 9240 1989 1669 9869 2817 7898 3938 4880 5187 1683 2573 4594 8669 8935 2734 3813 9293 6655 1378 3320 8488 8104 67 2231 1303 9183 6124 1825 4308 4071 3082 4181 9753 1899 5208 1883 7379 6997 2942 1011 8309 5136 2409 8014 4930 2476 6271 2353 9885 1273 5202 3390 9289 6383 1530 239 2636 5600 3983 9080 5977 3043 2500 9718 4781 3592 9897 8004 9169 3452 9170 3211 6173 2829 3836 5956 7533 6683 6683 4381 1810 1555 3338 8626 5035 9204 8033 3616 2761 8166 6109 720 103 7556 8050 6217 2236 1288 1611 8727 4821 1919 3841 709 2073 1396 3442 2113 1530 6615 4779 6652 5084 9326 6246 2072 635 4052 3276 2714 3279 5223 4589 2943 7280 4134 9975 3194 5700 5038 5852 7845 4743 5031 4738 3991 8993 9104 266 2052 9492 8598 7138 5971 2713
4512 6988 8687 1075 0 1957 33 5977 9262 8263 5861 6719 4864 6534 3936 1725 3738 4434 2333 866 3551 473 7268 3442 8788 1343 2920 4671 4343 8830 6585 5526 3844 2240 9407 9789 6733 9499 8128 2136 2913 9246 9664 4708 8009 2283 4033 7391 4269 283 8473 7177 1629 1613 8041 7200 1748 1250 9663 5466 1259 7501 3475 4054 8164 8321 4459 7534 3220 2208 7862 7956 4257 7095 7076 2484 3311 9516 6082 3721 264 1893 8419 3412 8903 246 981 2168 8275 2540 8941 7059 1471 4416 1673 9667 4602 6999 2166 3717 4165 1669 9157 455 9955 7621 1138 6859 3210 5295 1080 2312 7878 7945 2795 8702 5797 3059 8579 9775 5387 8595 7483 2830 1713 8743 2909 641 3021 8517 9782 7867 4220 6778 4496 6770 9634 8845 4914 2044 6571 5487 1276 2653 9861 4766 1473 6549 9705 2926 4222 7613 6217 7465 4856 3513 9779 2990 4621 2719 6196 9636 6985 8418 9425 6111 4683 5521 4800 5500 8475 9840 4012 280 2161 680 4840 5338 4549 3650 4490 4993 5037 6380 6422 337 6253 1875 1376 6986 4462 6834 5552 8995 9216 201 1247 238 6816 5447
4962 3841 7559 6955 1957 0 7787 4886 463 6523 5836 2748 6396 449 1 6715 5749 2999 5496 9267 5264 9541 1994 3178 7757 7403 4586 5259 673 6574 6923 2086 1996 2314 9334 47 3835 4370 5609 8957 1594 2634 3782 6323 4415 1880 9456 4671 5799 1953 1644 6095 8485 2535 6413 3462 3296 9920 904 8186 9175 6389 8397 49 1254 5553 3464 5808 6454 2685 6762 1794 9425 5737 4453 6321 3632 2833 8281 1781 9049 9315 869 9901 2534 4873 2366 4137 1378 5996 9004 591 4658 721 314 1659 2377 3053 1263 1319 2229 819 7145 7922 8035 213 7650 4710 8035 2166 2264 5598 100 8646 4494 9016 5991 8946 4913 1251 5092 6330 5602 2418 4128 1173 8557 2791 7591 8632 7568 4249 2898 3192 4236 2934 225 8028 7159 8361 7638 4475 849 3100 6492 2093 931 8116 4633 7451 6520 6148 5003 5683 4401 239 5264 4776 6048 5678 8082 3556 4663 9177 6383 9354 7958 5826 1866 9920 6699 8036 9355 381 2072 4301 2038 5968 5762 2656 9502 5566 4826 7797 5038 5843 1183 7904 5012 8282 5570 7248 8955 3217 398 8384 632 7655 4233 2729
2989 7461 7899 3000 33 7787 0 4507 6883 3694 8135 4 8355 7790 8810 1420 3234 6240 6114 4980 2758 8669 9329 429 4108 2148 3893 3484 502 3036 7521 6955 8027 7802 9545 3728 3090 3115 7946 8768 2830 9321 959 1145 7825 7211 8883 9863 6719 464 8281 6944 8906 9999 8395 4424 4335 5304 2602 5572 4970 3021 8264 740 4436 6073 7113 2457 7072 6501 5537 3238 5874 4941 1491 2508 9435 9714 2750 4532 7241 4884 3922 2709 9857 8281 4529 9561 9003 981 8842 1740 4339 8921 7127 1303 2488 4369 9234 2211 5825 9297 6595 2480 4101 6188 8055 5523 5106 3992 914 553 4396 8386 8877 4305 1683 6872 3017 1376 3324 1781 3621 4541 4390 4518 3406 1534 2408 3634 2458 3390 6049 5710 581 5023 9691 912 3329 8826 7537 8340 8329 7060 4266 7552 8493 3576 9478 9551 5014 3906 1102 9268 3079 6847 1798 6899 8032 3202 4079 7294 3119 4102 6816 2140 3174 5920 3282 3555 1374 5280 5528 9586 1126 9230 9523 642 1172 5272 2669 7526 1799 7630 2287 3678 8922 1258 5229 3735 7663 1147 3288 2999 520 7744 2959 81 2438 5818
8866 4065 3423 8159 5977 4886 4507 0 4145 3476 4650 246 4371 9103 1882 8521 5503 2784 5805 2475 2460 9218 9280 4709 2412 3365 3418 6061 467 4798 3068 3258 5711 4779 4701 5122 3372 9506 1123 8329 4069 2835 916 1949 1188 7679 9314 5776 7206 5448 8401 1650 8638 9116 4234 6275 5856 5270 7592 5077 7901 9909 8590 8533 84 6675 4135 1720 8445 395 1086 9552 1766 7976 6409 2816 6621 6028 421 6871 3177 3404 9522 3253 1589 1954 4821 2264 8487 5366 7611 5311 73 7638 9583 9597 3908 4254 4630 3119 9968 6203 5358 6427 7229 1987 5772 7653 658 5377 886 8146 4161 8298 8776 8827 3281 3077 5983 2886 966 9821 5595 4830 7232 8388 961 4921 3045 6702 891 2237 7151 7666 2606 596 7264 8308 4828 6419 493 9898 8872 785 8286 20 706 1907 2532 7913 9183 7247 6050 17 5153 5376 6345 7568 2869 8320 7270 2951 4445 9038 3388 483 8408 8961 5439 2365 5731 5154 8805 9333 7627 6310 8601 9855 3120 2439 1844 3349 8666 2445 4541 3418 5929 1651 6295 1881 5384 2791 9235 1901 1676 6468 4276 6229 9375 2736
3548 448 2008 1987 9262 463 6883 4145 0 4201 6460 3943 5513 172 6337 8550 8239 4691 4603 4880 2227 2845 2636 893 157 3389 375 3034 5168 1568 8180 5041 1240 5862 5022 7470 3309 9069 6500 2038 9910 774 4615 1480 8380 3408 9679 3570 7655 1108 4174 4563 4892 6165 861 4042 4735 5885 9264 6685 5904 8733 8303 4145 6261 4202 2953 6343 8050 7266 6823 5540 6464 1931 6496 3437 4501 1387 6679 3611 1175 829 2492 4442 9682 302 3754 530 99 9420 3308 7050 8270 7715 3490 4673 1722 2098 5149 4936 9821 5658 4043 1087 5935 1358 3997 1501 8306 6832 6002 8108 6416 7059 6479 3710 5794 216 5990 584 8632 6281 8351 6052 2727 7021 9229 2644 1305 4096 469 4158 7203 3808 9547 8521 9920 1832 487 3634 567 9932 2168 4989 602 8436 1810 8570 2731 8296 2295 6513 8887 7286 2967 5855 5666 229 6918 2343 4590 4838 5675 8598 2253 5999 2522 6383 6563 1261 1398 5634 1704 1776 5806 2132 943 6810 5738 293 7034 9817 4882 1021 5376 4141 8586 6644 3288 5869 9551 1792 306 8159 3500 3946 6490 2810 2528 5317
1369 1511 4668 7942 8263 6523 3694 3476 4201 0 7311 1372 5868 3890 4840 3061 3511 7580 5049 3613 4000 1555 8597 2770 1284 217 7042 2893 1976 9939 8996 4881 6401 5128 1071 3916 4445 7297 9860 5244 1473 8139 871 2506 8708 8785 1212 8077 6597 43 1898 9809 4248 6338 975 5384 3535 6267 1296 7127 6159 3118 4722 2835 8115 6792 2733 6899 9680 6563 3786 3663 5220 87 1888 6639 3132 5572 2791 6024 7802 9012 8522 8330 328 4498 2166 6907 3462 422 5220 4379 2342 9882 7706 3633 8443 1564 4064 1346 2487 7817 8936 2046 675 8800 322 5812 7948 4780 1086 4654 4662 8373 9039 8797 9009 9325 3789 5461 754 3752 5522 2424 6784 9800 4382 3427 3021 9091 1334 6751 7103 5620 7418 3394 2502 7096 4852 3547 3595 9036 5480 6680 4995 7521 2150 3107 7089 5079 1504 5036 5841 5775 1136 4257 9757 1086 5549 4205 1166 8245 8596 9537 1024 2745 2617 5216 3257 4481 904 3903 7756 7609 8242 315 654 9574 95 5847 6330 2316 8682 2272 855 8938 8834 1671 2889 2583 4159 4440 7003 8633 5421 2852 3284 7311 6951 5976
5251 5388 1913 6216 5861 5836 8135 4650 6460 7311 0 9083 5944 3830 4623 2034 4445 6844 9029 2200 333 8760 1454 7 4511 8861 9784 393 2355 7847 7165 8220 2526 3943 7383 8865 416 1715 6144 8081 2983 1018 5268 6123 5312 8071 261 1188 6382 4862 2956 1887 2346 4449 7345 3026 4069 9008 2990 1287 5187 4467 8350 5890 2998 4147 4371 4051 8596 6657 7981 6205 6491 2649 8663 3710 3577 9314 6861 6840 4144 1997 903 3312 6685 688 6110 717 9266 4733 2989 8792 781 887 2532 9261 2872 5949 3141 9136 6450 8140 5543 7211 1213 9911 106 7384 8900 1750 5236 418 2545 8195 2638 6049 365 7840 8333 7007 575 8650 7955 3154 423 930 6950 3546 4090 6375 8934 9066 9997 4767 6537 3340 8000 2300 5266 5945 6462 6983 1150 6359 3575 1022 3972 2091 9295 2425 6812 9156 4394 866 9763 8318 6537 3948 5961 2745 6225 9237 5234 3800 485 9812 5178 8480 7477 8496 1647 5012 3320 8885 426 5711 4828 9685 484 1903 1370 331 2878 261 644 8593 5834 6885 8338 130 8271 5194 4222 2972 1893 1732 8546 6231 6165 9210
4937 2003 712 570 6719 2748 4 246 3943 1372 9083 0 4058 3479 4337 8093 7480 2153 8378 2019 804 2142 4884 6278 4694 5483 6325 268 8980 3748 4581 8470 9057 2849 608 1403 7172 3664 8803 3343 350 8871 854 82 8421 8703 1878 9812 754 7569 4993 2485 4673 5460 1431 3545 3522 5448 9207 721 357 4736 3635 5327 7083 4312 160 8510 7548 7441 4324 1534 7152 8 2980 5586 2631 2108 5194 9061 2644 1412 8190 5704 3493 1224 5785 661 1924 6237 8203 8758 8224 719 5249 7660 2945 6261 575 3920 1673 8919 7269 1980 6563 6853 2945 701 2738 7254 7218 6957 2964 5419 9724 5458 72 8056 7394 1889 9311 4496 2330 7239 3521 3159 525 6783 3182 3770 1790 6354 4598 6416 7458 9335 6320 4854 1006 4762 873 9822 2119 6026 8293 1616 6706 975 2092 4627 7860 5868 8631 7203 4660 1996 3618 7519 7186 5954 4118 6923 5711 2914 5518 3351 1175 813 360 2345 3115 4571 4225 9762 7827 4900 1824 5174 6448 5684 1199 1286 4181 2929 2475 3371 2667 8116 8135 845 8388 2374 5001 8097 4184 1307 2966 1765 712 9601
4297 1103 4847 9793 4864 6396 8355 4371 5513 5868 5944 4058 0 5499 3956 2031 6280 8629 8994 4895 1261 502 8076 4800 7949 212 881 256 4143 7625 2395 4057 7672 4978 1197 6457 8067 3586 994 4152 1732 1130 5827 3941 5206 1256 7206 8713 570 8499 3855 4367 2145 3012 7274 8581 9657 6008 7747 7081 9515 434 9262 757 1114 1353 3770 7508 439 4192 3759 9320 4239 5434 761 8285 7390 5169 1845 7021 131 6578 274 5178 5732 5477 4194 7173 7749 8913 2613 4849 2983 5652 702 8047 6914 3773 6875 6579 9930 9894 942 1244 5606 5203 4084 5028 876 6461 272 5369 981 1872 337 1611 2350 5236 4735 5386 2722 3235 893 6803 2954 9991 9818 2076 2423 9811 8782 2875 995 9313 5216 9093 9520 1940 6432 2593 117 3569 9251 1356 6342 9526 9425 9541 2605 3857 5392 8120 75 9396 8338 9510 5822 2336 8689 6111 9806 6558 901 3258 7391 8734 245 8397 1428 9505 8347 4541 9530 1814 7098 5229 9929 2379 926 128 3291 4235 330 9460 1066 1025 7569 3694 8783 7357 1365 3822 1807 6763 1226 3049 3911 9513 3227 8368
11 6627 3576 8046 6534 449 7790 9103 172 3890 3830 3479 5499 0 4064 3023 7235 7668 6375 7471 4103 5835 2606 4029 7224 8632 7659 4681 4376 8959 2963 2285 4678 689 3452 8966 1867 459 5843 581 1353 1288 5272 6588 4276 2956 753 2372 196 4522 8921 4206 432 909 1294 8358 1478 673 9577 8968 2436 900 5198 4029 5745 3460 4898 3784 8491 9350 2097 7586 114 7663 9010 2894 778 3097 6563 4256 6229 9543 1342 2645 6790 7167 136 5619 580 6641 3312 1425 8866 5702 9788 5012 5978 6838 1881 3740 230 4862 716 8565 2871 2759 5376 1956 4022 2482 5483 1870 9787 3513 5301 6532 3391 6383 8713 9326 554 3751 3281 7901 2358 9866 5707 3931 8595 4553 9219 755 7055 508 7983 8347 3401 2254 604 1576 5123 9689 2943 8899 2654 520 5753 1072 6169 9039 4383 5444 6286 164 4087 5926 2605 1914 4677 4561 8769 7150 3993 3884 4094 5540 7534 4543 2384 3266 7918 4784 5977 5922 1401 3991 988 9379 1438 3964 6996 6820 9509 1889 9161 2302 5328 7272 4954 9864 5232 8254 4758 8305 8431 1343 5840 294 9324 8886
9690 7634 8139 2831 3936 1 8810 1882 6337 4840 4623 4337 3956 4064 0 9591 7083 2737 5782 2984 479 9437 3144 9780 5761 8797 3948 5954 266 4689 6004 4670 9521 783 6177 1791 9020 3705 8537 8646 310 4208 3760 8385 1695 1505 4122 1502 8920 9000 6201 2858 7118 3034 5747 8065 6010 7491 8650 2763 7462 4887 8125 6088 6041 664 1163 2755 8572 37 6639 1060 7412 2922 6913 7004 5971 2811 7042 3290 124 7813 7546 4278 1622 5259 690 5838 2322 5461 4845 3055 6089 7588 5928 3926 6777 6809 3760 1346 4181 1490 9170 3152 4151 4491 7663 8045 9173 7078 7399 2398 4464 7991 783 3461 3901 8680 3967 6097 6427 4340 4819 5918 976 5586 6260 1012 1615 4249 2852 806 9352 6572 6364 5031 7296 7036 657 2184 7545 1283 1137 7449 3160 5759 8040 9210 1694 9795 5705 3102 7676 8859 9966 6924 3258 4182 8030 499 1557 7475 2522 6307 436 8495 6884 3410 1014 8755 6278 8956 7633 5686 5049 8112 497 7237 1131 671 7672 8991 801 8976 4461 2335 2779 4227 7046 8462 7394 5179 3112 7530 3603 4714 8713 8966 4754 6977
4096 6370 456 1848 1725 6715 1420 8521 8550 3061 2034 8093 2031 3023 9591 0 5916 7336 7082 282 4832 5337 5131 2827 377 6315 4447 2016 9589 7378 9429 7111 909 1227 627 8436 4313 9931 4834 6187 7268 6161 4911 8198 4192 4617 9284 6408 2142 1550 2557 7921 1301 3347 2626 3183 8548 198 1028 814 4259 3841 6144 614 9981 8757 3812 1865 9141 3382 3542 4481 3784 3933 3816 9176 9645 8894 2949 7522 4463 6737 341 1834 8019 7949 9228 9127 3661 8871 996 9444 2654 8540 5635 6897 9722 9993 5079 7508 9799 7118 5972 7928 7715 9589 8088 2110 7666 9577 3838 5434 7730 7844 6524 8944 4470 1767 5537 4279 6615 3586 2781 3352 6596 1545 250 6410 5818 6504 3968 9918 754 6018 7695 5344 3254 5505 6821 8436 8555 7176 1409 5968 8946 7268 2382 4393 6098 6495 6774 3974 8789 1881 5184 6723 3768 8166 9722 6380 4152 1020 3538 3546 968 6251 39 2975 4976 7326 5482 6387 4475 5723 8570 6847 5963 1432 5178 4539 1617 9135 6777 7586 6201 3561 234 5407 7727 2290 5739 8790 6697 613 8292 451 3436 890 7621 4128
7722 3030 6004 4383 3738 5749 3234 5503 8239 3511 4445 7480 6280 7235 7083 5916 0 7264 117 7850 6136 9724 3169 9893 8787 9918 515 6556 7948 3258 2293 7680 5206 5925 992 1492 2376 4595 5653 9269 8458 6073 9163 7018 4393 2263 6512 7282 9836 7230 4443 2417 4642 3149 8968 478 4738 7237 9847 7331 2128 4300 1409 8018 2475 6705 1323 5794 2896 766 1481 2115 3560 9059 1401 453 4813 4023 7977 3995 6592 5366 6703 8682 9393 6403 8074 9594 5023 8456 4540 3090 6728 1030 6904 3087 4936 5659 9448 5983 6060 1400 4280 3232 5264 7346 777 279 7869 1407 2262 26 6152 2517 1877 9055 3069 1763 3295 7234 7654 8952 7521 7108 4234 9077 6872 7994 7252 2128 8052 8380 2263 1721 1141 8759 2158 2087 8316 1118 7859 3898 8401 7558 8521 2707 8465 4013 4014 9303 3509 9190 1563 6456 3454 4251 4918 9239 1631 4795 5639 2623 6791 5094 1773 3367 6243 4453 1339 1565 7488 1722 5997 7468 6058 7494 4017 5891 9251 613 646 7235 3136 261 9996 7002 5115 844 3911 5278 6588 8903 6753 1642 2070 267 3792 7413 7401 4519
5591 7344 2254 6967 4434 2999 6240 2784 4691 7580 6844 2153 8629 7668 2737 7336 7264 0 9678 9479 585 6240 482 3726 5775 5049 854 5587 5353 2211 9854 3008 5772 7999 6704 8340 6356 8467 5864 1607 8695 3820 6864 2936 9973 813 2034 5532 5146 3537 9843 1771 8474 2556 4712 900 4139 798 4812 2987 1685 8488 5820 5518 5084 2066 2310 8333 581 4785 4802 3883 7793 750 5206 2817 5435 3480 7905 5920 8394 4675 1305 3210 1777 9584 4416 9888 6188 5081 5575 2050 8888 7458 6584 9080 4778 4596 3127 8987 8483 1693 7313 4154 4899 4177 5136 1467 5782 6916 7225 2635 414 2717 9080 8267 1977 5813 9600 4904 635 3790 6313 4894 6490 8628 6423 72 8092 3609 227 1359 1541 9036 5957 3796 2265 6114 6351 1011 2189 4151 9715 4801 3192 914 5526 8657 9503 4413 2493 1589 8254 7961 7311 1647 3728 6978 9021 7373 2542 72 2429 4073 6874 7815 3927 3502 4647 4482 7128 4459 3087 5319 4851 3430 3726 9714 9757 2829 5157 753 7006 7310 3613 950 9660 3524 1567 740 2478 5729 4264 1611 5288 576 5180 7340 1156 8921
2405 7251 2421 2510 2333 5496 6114 5805 4603 5049 9029 8378 8994 6375 5782 7082 117 9678 0 6502 1717 4495 6338 8642 7388 2957 713 3207 9926 5646 4036 6351 132 4268 9096 941 6087 3341 4287 853 484 5990 1652 4014 3328 9895 1709 9904 2603 5941 4038 5834 9036 7571 3539 521 5362 2285 8257 3066 3277 6968 3957 8426 5021 6574 480 1847 4365 8218 7010 5064 2068 6653 6447 2048 9773 5765 4260 4059 1343 8391 6673 7478 5092 5056 8736 4279 976 3220 6474 614 6101 6309 2435 7018 2177 7350 2023 5737 1070 9425 9081 2781 8500 346 790 2880 9575 5765 9330 9475 540 6568 4235 5540 513 4762 9722 5704 2512 4341 1220 6804 2982 228 8597 5947 9904 5632 9467 2280 7243 3392 6168 9666 6312 2253 8677 9062 7489 4489 6800 1820 7745 2386 3671 6607 1912 1588 6123 8559 2451 3050 2624 5716 6005 4507 7847 8385 9936 1889 2404 5228 3365 8101 6525 9853 3610 6533 5583 2469 6765 5872 8595 9475 5665 3288 5220 9104 5500 2722 4145 1649 4237 8285 3369 4567 2254 5925 7621 7708 8851 2779 4739 1081 345 602 3913 1593
5918 5782 6258 5137 866 9267 4980 2475 4880 3613 2200 2019 4895 7471 2984 282 7850 9479 6502 0 8778 2029 9453 6599 9817 1863 5518 4704 4704 5899 7527 2349 4975 7855 9856 3436 5153 7880 3683 8831 3367 2139 2709 4967 8561 4742 6338 5463 1553 1573 4961 4785 2231 8428 3861 3862 6538 2187 1378 3516 1240 2421 3791 8693 2055 4693 9310 6376 4624 8531 692 6221 8135 5098 1682 7321 4963 2065 378 8365 7865 7344 6743 67 286 3995 982 5070 929 8597 9302 3999 5995 3759 235 5949 2793 5029 1445 5078 8848 3886 4143 5316 8454 728 3524 7735 7533 6882 5439 2066 2042 9246 1067 1006 8465 8841 5165 5056 5027 8612 5345 2338 6901 9498 115 6333 2304 587 1494 417 8461 5398 6386 7551 9083 9767 7835 450 5631 9585 2984 9518 3710 5950 5298 4115 9482 2009 5973 8551 9099 6405 5656 3683 1919 8574 4005 7724 8602 6265 7477 9163 2078 5027 6022 4019 820 8084 6670 7688 648 3458 3145 9296 6524 2692 9872 128 6372 8682 8791 7466 2659 7147 3223 1519 9192 3610 8082 7649 7186 7599 3188 1617 2177 7741 5260 8761
1493 1854 9315 1579 3551 5264 2758 2460 2227 4000 333 804 1261 4103 479 4832 6136 585 1717 8778 0 4252 3412 703 6675 9867 9885 1692 959 3708 2831 3952 380 840 1708 5483 649 7197 3946 3029 7423 3640 5896 9832 6649 9843 6144 602 2208 3279 2025 6069 7263 6770 2322 9793 5976 9461 8926 3384 4546 2534 3202 8885 3428 7245 1600 283 4663 6461 1133 4964 1668 6713 9116 4822 4059 2814 1544 97 4308 2394 4077 8220 9830 7272 4174 514 2741 1305 4134 8051 2566 4687 3375 9921 4215 7241 5292 3239 2767 8397 8673 9952 8182 1218 8726 746 2996 8896 8331 9099 381 5218 3990 1368 8925 4326 2812 9953 4520 9930 2923 5585 4857 6943 8449 7955 828 9751 36 3891 1831 1885 461 1945 4639 7280 6902 5306 8953 9174 7983 6490 3905 7971 1113 2289 1553 3963 2202 7873 9001 1025 8877 3235 4542 1014 3045 2359 6833 95 628 4331 9974 7754 9045 4032 4732 5057 8825 960 6838 2085 9223 9535 2463 7032 5029 7186 5862 6740 6363 6984 2504 990 6633 9947 1231 2984 104 4095 2041 9446 231 9252 2065 4644 9953 7831
9531 9863 1773 8139 473 9541 8669 9218 2845 1555 8760 2142 502 5835 9437 5337 9724 6240 4495 2029 4252 0 4220 6081 7613 8678 1863 7261 2467 5472 4359 8922 2694 9272 8784 8729 8994 8394 251 3908 4941 1534 3044 750 5228 5083 7250 6937 3226 2555 819 2734 710 4822 6268 8637 6759 6763 3553 12 3513 184 6558 466 5371 8247 3964 1297 4960 5554 6079 1650 2499 6567 5464 1827 65 9203 3802 306 1412 396 1467 9831 670 601 2337 6821 11 5756 7441 2810 7278 2614 9375 9315 4143 7394 1861 212 9275 3097 7444 4315 3734 3668 5217 3351 4381 7244 4863 20 18 2774 4003 3979 8592 3585 3003 5645 3445 2332 6663 2336 150 8039 527 3617 8461 6840 3293 4795 866 1031 4680 7648 1847 8990 9104 153 7659 1804 6290 4210 7170 1803 3777 595 5673 1410 7982 8511 2023 2554 6737 2315 5979 883 6421 5165 7190 2164 9942 2516 4820 5323 3886 1713 4927 1609 1522 3009 4106 1688 8348 3871 5494 6928 1456 3627 207 6662 6968 1521 7551 4064 7283 5928 5603 9352 8800 5868 6537 9186 2612 4787 9150 8790 7818 5162
9207 4250 5634 2800 7268 1994 9329 9280 2636 8597 1454 4884 8076 2606 3144 5131 3169 482 6338 9453 3412 4220 0 6952 7765 2908 2836 4636 4424 3239 1985 7110 1968 3820 9457 2501 2059 9788 6877 6956 6212 602 7327 1161 2273 9479 4188 7882 8206 9304 829 7493 155 638 7642 4660 781 9890 4996 6482 1035 1016 4745 3282 1811 1516 3073 887 7124 6619 6317 5277 7304 7907 4520 4284 7759 4349 3231 1699 1375 3429 5602 2211 8054 3598 8763 7403 8853 8111 4026 7961 3535 8481 658 7959 513 7529 9806 188 4203 1653 316 7896 7445 1627 9057 7791 837 5265 4015 8528 5366 421 2419 3250 6034 9033 6509 6953 1307 1763 980 5403 688 5692 8012 2994 9363 1210 7537 9308 9308 2134 6407 9532 5046 3898 3615 3736 270 7414 6434 4499 3030 4171 6883 3734 8175 8353 3464 7681 4318 632 1632 7741 6286 1385 7974 4238 5636 1053 6241 9224 8156 7226 8776 1404 2808 5752 1998 4988 2809 6458 6240 1177 787 8312 4007 1644 1264 8625 4345 9265 7150 9771 7280 4240 1257 5641 9407 4261 2086 3266 5758 6014 2599 9803 803 9520
9144 6030 8060 7399 3442 3178 429 4709 893 2770 7 6278 4800 4029 9780 2827 9893 3726 8642 6599 703 6081 6952 0 1438 4618 9384 1758 3843 7204 2963 2001 6938 6563 9707 5036 8498 1080 8421 3370 588 8736 4980 420 7913 7854 1020 7714 363 249 9159 7393 7377 5235 9007 3063 266 9794 3813 6991 7065 79 2166 1185 7653 3461 563 6518 266 5114 44 6486 8438 5985 3053 7030 3380 9924 7421 997 9191 635 9856 6389 3107 3202 3313 4024 5185 8439 9804 8270 7109 7658 3875 6966 7399 1970 940 1581 38 3373 9730 2963 8299 7723 8961 9696 3558 5862 9213 5178 858 2627 5154 4899 806 3149 6322 3284 1370 6351 1157 7666 1773 473 2269 8488 6762 467 7189 42 6449 633 6583 6232 810 4008 2223 3781 5793 2624 6156 3357 509 1525 1793 1529 5169 7119 1024 2626 1887 918 9567 285 3379 3998 6699 3520 7754 3001 6855 9472 4408 6852 8477 7495 1856 4829 8925 398 7491 6572 7962 1092 6421 9209 1613 9576 9168 5083 1692 7201 8181 963 6903 935 9972 4050 3298 7050 8305 3738 8647 1024 6143 2620 2147 2385
6829 689 966 8466 8788 7757 4108 2412 157 1284 4511 4694 7949 7224 5761 377 8787 5775 7388 9817 6675 7613 7765 1438 0 3480 8765 2000 8275 5502 3715 9020 6303 6897 4800 8163 9122 4254 9105 5260 9884 9322 4587 4510 1731 3759 5329 1824 7039 6460 7043 7331 9477 5406 298 6144 4793 1890 5136 9362 3402 3869 5689 9514 492 8543 8496 1585 7066 476 2852 6764 7175 3055 5295 4364 5708 9308 6196 5153 1027 7604 5098 3649 9692 4627 8625 1629 1427 3347 3491 2115 2476 1536 2513 2217 4117 5764 8487 7667 5420 1251 7868 1015 2732 446 5242 9406 6208 7338 5287 2580 348 741 8028 7701 5281 1787 4892 3404 6782 9773 1781 8466 5872 1779 5401 2830 4503 7153 235 2756 9191 8483 5911 6797 4822 9046 7448 8561 8014 3623 1991 2609 3304 66 6383 3608 5743 1429 9805 1291 4738 5938 1953 6350 5363 452 1689 8292 7850 5710 4605 6288 3965 2914 4811 3145 1343 3699 6722 493 3049 1975 3752 4788 1941 1077 2869 2593 5060 404 3521 4006 8171 4909 3397 6693 1027 8363 9535 9181 8954 8403 8774 2907 4068 8414 4756 4802
1288 9584 349 5516 1343 7403 2148 3365 3389 217 8861 5483 212 8632 8797 6315 9918 5049 2957 1863 9867 8678 2908 4618 3480 0 667 1059 9736 8575 6239 4407 6250 5384 2060 9449 1167 2152 3104 2869 7786 8166 3487 4344 5749 1391 6678 6180 4886 511 5454 1868 8255 2636 5203 4414 8859 8978 8267 1263 1000 7147 5750 909 1687 7890 5530 4750 111 1009 8693 4821 8384 8203 9343 5214 3281 6907 8225 8241 7450 3624 872 2067 5111 3627 1893 6091 5379 1940 2426 9688 5970 402 7246 6689 3943 2971 442 7856 7637 9520 429 5720 2571 5025 4673 7721 5167 3838 5122 5463 1585 6272 8915 6450 1010 6058 7552 139 8654 3801 2209 4573 1720 8850 775 7176 7681 4206 4488 349 2398 9647 8831 8976 1612 4220 4255 3957 8175 4017 6350 4681 4688 822 3030 4819 3272 8984 9053 3583 5050 9907 6448 642 6409 8129 8869 419 4760 8067 7779 9301 5013 2439 7554 4685 816 4231 9865 5089 5334 2103 562 1658 1803 7370 6193 3814 9967 7143 3637 4139 6409 3283 7623 8634 2712 3986 1987 4669 4484 5570 6396 9091 5276 2102 8797 7768
8384 6092 5583 2603 2920 4586 3893 3418 375 7042 9784 6325 881 7659 3948 4447 515 854 713 5518 9885 1863 2836 9384 8765 667 0 4047 8006 7587 8321 2990 3818 8157 8152 4600 1693 945 419 7268 9546 5693 2978 1693 9325 972 9931 6245 3300 8888 2870 3760 6512 7225 1851 7022 521 9252 1970 6675 6617 2815 2453 1386 1006 7275 1165 9563 1202 510 2563 6721 4732 7463 6565 9308 8475 5857 476 3229 3591 8760 3651 5610 7592 7198 9874 9790 3421 4214 5328 9526 2445 9763 3308 6330 6727 6788 82 4593 7620 7964 6751 6846 7754 3062 1083 4494 376 6436 7831 172 1958 3904 5484 2155 4256 6672 5712 9709 9452 2521 7893 9540 8787 9571 1344 9290 6633 7267 1241 1478 5988 1478 465 897 3486 5672 1383 9380 9670 7703 2724 1460 5498 5517 31 2229 9940 4981 2530 9635 7601 974 6379 4121 9004 3498 3615 429 2018 4179 4408 9399 7775 7192 1887 610 16 1884 7252 7737 184 7139 5612 7599 1773 2663 202 1169 6662 6627 5769 6357 7867 9557 7967 8192 2879 7102 1669 4022 5086 4150 894 1273 5500 1870 1915 4075
1537 1681 6878 7254 4671 5259 3484 6061 3034 2893 393 268 256 4681 5954 2016 6556 5587 3207 4704 1692 7261 4636 1758 2000 1059 4047 0 5500 8566 9021 546 4881 4305 3560 9956 729 78 5196 7774 8699 9244 4297 4690 3200 6894 7460 3619 2463 8640 5031 4084 6519 981 823 9895 6803 9260 5788 2599 3581 7429 388 3768 763 2298 6311 3430 1660 6926 3663 3923 3583 251 4825 8185 9511 4378 9554 4484 6567 8836 523 533 5790 664 4931 2994 1443 3232 2494 1897 4178 3840 9679 6398 4859 2432 4923 5097 8935 9464 4872 6603 8911 6220 8961 6414 4812 187 6473 138 3558 737 517 8302 781 3087 286 1365 3413 5146 3519 6551 9041 1944 1227 7987 5263 3681 5884 3606 5587 9966 4735 5112 8984 6149 8583 9370 736 5814 1484 433 1511 9065 6252 1695 7089 4300 8253 3413 6839 6007 4651 1617 8943 6888 6873 3621 4596 5109 5814 630 2664 8109 8910 4326 3589 9544 6208 4281 6625 6789 2550 6589 7210 4219 8977 6250 9212 4866 6498 5863 1294 6293 7705 4746 8197 878 2131 90 6523 2411 2900 8733 7214 1358 6404 9354
4099 545 2444 2496 4343 673 502 467 5168 1976 2355 8980 4143 4376 266 9589 7948 5353 9926 4704 959 2467 4424 3843 8275 9736 8006 5500 0 8955 2205 562 9811 1088 1561 8946 2104 7044 8802 9502 6484 5267 1312 9133 8556 6214 2493 7792 4667 9532 6274 2104 8870 6422 5501 6967 4991 9126 3076 1012 5488 723 1441 6520 5898 1300 6364 6234 2580 5344 1401 1163 5727 9855 5086 7107 8613 3917 3554 5705 297 4496 7073 1460 6567 6179 8940 8946 1283 4022 8949 6879 8553 4379 6962 7239 6398 773 6362 5348 3987 1991 3742 9298 5244 315 1962 4113 8583 3638 1474 5748 5357 7295 737 435 6485 4900 2141 6229 6626 4797 9164 7134 2269 3203 6710 6918 1493 1960 8885 3768 6714 1542 2854 5071 2002 4251 6121 1040 359 5114 2331 9811 49 8076 1061 316 669 334 2023 4752 182 2528 9578 4066 6229 1355 9737 26 7826 9798 5350 9981 2261 2044 7451 7694 2407 3171 6195 1887 7132 5916 2106 3765 4442 8157 8471 8960 1483 9745 8465 3750 8710 808 3348 5498 7611 3669 6286 7707 9611 22 300 774 3294 6425 3884 1018
1177 6027 8380 4298 8830 6574 3036 4798 1568 9939 7847 3748 7625 8959 4689 7378 3258 2211 5646 5899 3708 5472 3239 7204 5502 8575 7587 8566 8955 0 8123 2784 7809 613 7642 3175 7496 5031 301 1640 9912 8563 2445 333 3988 9854 6397 5037 1456 9451 8233 2862 5511 7684 7386 8220 8918 1928 3611 469 3041 552 7483 6580 4020 3831 7578 293 2999 6899 2867 837 4162 9586 3851 6650 9451 838 5236 783 4135 3053 3404 3930 932 6929 7065 4518 7445 9080 4152 3184 3847 2882 3056 118 3836 4485 4394 4884 2990 6300 7316 7509 8147 3226 3668 1397 7729 6549 5100 3371 9447 1446 3948 9463 374 7900 3718 8906 7606 1340 4110 8829 1394 3511 628 1003 1358 7071 3857 9700 1996 4001 1739 8999 1425 7792 9363 3767 5854 3389 3510 8019 9106 6333 984 8358 1644 1810 2460 8831 7525 1210 9224 5604 1909 5227 3730 7844 9387 1175 3203 5356 9025 2408 8182 5223 6021 8690 2451 5551 8104 7878 9744 3515 6323 1125 243 3669 9392 4383 5354 3896 5996 1254 6678 9614 621 4373 5286 2617 976 7352 3021 9984 5076 8247 2183 7117
7071 2427 9880 583 6585 6923 7521 3068 8180 8996 7165 4581 2395 2963 6004 9429 2293 9854 4036 7527 2831 4359 1985 2963 3715 6239 8321 9021 2205 8123 0 2042 3665 5013 2950 6966 827 524 2739 727 5774 311 629 9984 386 7537 7896 8917 2713 9007 2488 1911 3252 6481 4336 5341 351 7619 2358 7998 3695 8057 4483 7588 7443 1303 8033 1736 8577 9001 393 4581 3596 994 980 5980 6031 422 1650 3978 5190 9413 6904 8205 720 9037 373 7934 1349 5205 3987 4076 137 5711 6232 7321 9485 6842 141 5455 9318 2360 8190 9650 706 2709 9046 5923 4962 1459 9648 3241 6890 9481 547 6409 2756 6842 7345 98 512 538 9469 5966 1868 4037 7536 8627 5123 6414 2989 8449 8251 3360 4354 9743 5737 5759 1717 8432 8066 6212 2676 7081 6697 8107 440 1039 9163 2373 1216 1377 9586 4818 5082 9868 1566 3772 6868 9533 1609 58 6595 5277 6126 4644 3079 9554 8794 7172 5683 1336 5745 817 8317 4842 297 1768 7068 2598 8450 7210 8132 4302 8523 7715 2168 7602 8894 2904 9921 9963 6891 7444 3221 9140 4578 6854 4516 3899
6487 1083 4744 5177 5526 2086 6955 3258 5041 4881 8220 8470 4057 2285 4670 7111 7680 3008 6351 2349 3952 8922 7110 2001 9020 4407 2990 546 562 2784 2042 0 2089 7316 848 9392 2702 7117 7738 8648 8596 1458 4569 1850 3234 208 8561 6995 4562 696 6158 6681 1743 1797 3702 1079 9065 7341 21 897 9146 7937 985 6447 7213 8668 9127 9954 7775 8160 9721 2624 1488 7044 7601 250 543 9721 4858 6218 2618 2131 2511 1987 5578 1109 3877 8877 630 7863 2943 9768 9232 8006 2964 2850 1433 52 8163 7275 2230 4812 5497 3591 675 9874 9267 6042 9558 3584 7357 2415 711 7067 8646 5654 5136 949 938 4124 3302 1448 3846 9632 1138 8030 9492 2274 1123 7872 4290 1430 3728 4852 3093 9406 2105 3643 7315 564 2928 4862 3309 4159 5654 6330 2510 3495 7391 1935 1100 7175 3111 1564 1687 2753 9841 1163 9069 6900 5423 9191 6095 3231 6880 7940 7098 3123 2154 5922 3573 6334 4895 7038 7777 5446 5323 6662 9445 4292 1841 9030 7981 1361 2931 1696 6185 5256 1648 9750 1939 7850 6501 9280 5746 6541 9706 6837 7417 9896
3303 6818 615 2701 3844 1996 8027 5711 1240 6401 2526 9057 7672 4678 9521 909 5206 5772 132 4975 380 2694 1968 6938 6303 6250 3818 4881 9811 7809 3665 2089 0 930 619 2779 2913 1846 5535 1975 589 8211 3563 1566 5577 4032 9620 6370 3737 4794 2761 1210 6613 1455 4390 3263 6312 9295 6113 6617 9376 6615 8664 6557 1584 7218 8 8570 4879 7862 2341 1927 9573 4770 8612 2215 4812 1125 9139 8433 3358 125 865 8057 8219 4297 7724 4460 7469 1946 3677 9123 8395 4046 9544 4668 8264 1738 6301 7061 377 1891 6134 207 7077 8121 1596 159 6868 460 9296 7752 6888 351 4210 5972 9553 9039 9297 3712 8214 9710 5678 3402 5504 7061 7449 8324 9490 6343 8087 396 9026 4071 3054 7373 2248 5540 4610 487 1032 7337 750 4850 9108 1389 7211 343 9281 8311 4155 3258 5638 6454 3865 4851 5785 7503 7593 4149 5890 8264 3407 4229 4175 8352 8689 5068 9902 4127 8561 3822 317 3674 145 4301 8979 2911 3236 844 1325 5422 9706 1933 3837 4083 7439 4420 2673 5920 4385 6802 9134 9084 4061 799 6483 429 1677 9758
5618 4746 3164 6323 2240 2314 7802 4779 5862 5128 3943 2849 4978 689 783 1227 5925 7999 4268 7855 840 9272 3820 6563 6897 5384 8157 4305 1088 613 5013 7316 930 0 3538 2579 5360 9064 2317 140 5636 2395 2697 1423 5428 3050 7353 1662 4900 7533 8844 8580 7192 269 7392 4286 3000 4485 6282 2600 2189 9199 8113 1821 9311 2669 9531 3001 1380 367 3735 819 7954 2525 2038 1670 5328 3247 349 2969 1670 6086 4610 3702 9552 2358 902 2215 4450 6102 6618 9769 7020 9421 3965 7075 701 8692 7460 8083 6638 3263 3582 205 6350 2057 7075 1265 7542 9038 5468 6407 5025 6002 7315 5784 3220 2718 4120 1047 547 6822 2168 9009 7735 5546 1262 643 967 333 3816 932 786 9338 4709 6901 452 5069 7497 2730 4845 4228 2135 9189 6436 7607 7249 4844 4213 5501 9995 1727 8685 2622 3589 1621 7549 2217 10000 5812 1462 1459 8540 3518 1297 6411 6693 9640 1976 1376 3062 8622 3381 1637 5753 5719 1614 11 4163 8416 3664 4807 9734 8898 9722 5210 5463 8945 5033 4988 4722 7087 2036 8018 5920 3409 3349 8426 4948 2693
2035 7864 1960 2743 9407 9334 9545 4701 5022 1071 7383 608 1197 3452 6177 627 992 6704 9096 9856 1708 8784 9457 9707 4800 2060 8152 3560 1561 7642 2950 848 619 3538 0 8299 5738 8057 7014 5354 4983 7276 7297 5425 3797 4054 189 8959 138 7922 7495 1393 749 7771 9888 7898 3738 9878 1320 7942 3820 6355 1783 9821 4188 7925 9222 3711 2877 2763 8082 7378 8676 1591 3816 9046 9090 7751 691 1642 6496 7504 5722 5343 2957 3972 415 7224 9657 3234 9504 3265 2177 7264 9760 7939 433 3828 3783 7587 1331 516 247 169 1862 7379 5033 3176 4576 8049 1646 3833 6700 5308 6758 9323 1666 5735 5206 9917 341 8396 9834 2121 5818 2937 7612 7791 5987 7639 7346 1675 4279 289 1672 4051 9994 6775 4002 1266 9206 3038 9690 1539 5297 3240 8830 4148 6760 7555 5431 4303 3310 7543 4733 2866 1682 1855 3190 8142 6061 2781 8581 6719 3998 3673 8759 4891 9351 904 6337 4498 1681 536 3271 7421 4637 4975 6129 567 2809 3156 8970 9289 3975 8481 8834 5663 8447 3515 9937 4096 2592 3392 4693 4497 3778 9491 8749 6902
6118 2288 1878 3690 9789 47 3728 5122 7470 3916 8865 1403 6457 8966 1791 8436 1492 8340 941 3436 5483 8729 2501 5036 8163 9449 4600 9956 8946 3175 6966 9392 2779 2579 8299 0 9125 7469 5333 5787 4681 4146 6068 7408 257 3442 8542 6725 1236 2470 2587 9329 4752 5142 6920 9955 2211 3790 1681 9679 4252 6661 9434 7799 3924 6415 632 5320 6179 6281 1687 1993 1997 9414 7679 4961 3633 8854 1396 898 1811 4281 7652 7990 9710 9535 642 233 2001 984 8623 5727 4683 8822 8225 5135 6722 6069 1176 332 2232 1982 7034 1871 2666 427 3224 4111 9996 7341 7732 2003 7842 4502 973 3567 5981 5527 2945 9979 4778 6950 2337 1812 3741 7140 701 7703 3542 6845 9145 4412 6693 7078 6131 6313 196 9039 3746 7879 1353 5593 7063 1392 3624 7131 9370 7794 1159 4862 5158 5823 2067 2421 9982 8732 5195 2155 2760 3259 5279 7105 98 9494 1328 665 7619 7089 2186 6344 7664 8825 2693 899 259 9950 5961 9693 5933 9555 5475 6481 8337 5450 6443 7664 4077 4573 3406 5957 3517 7305 8771 7715 8188 1549 3291 9828 7183 3195
5978 8981 965 5135 6733 3835 3090 3372 3309 4445 416 7172 8067 1867 9020 4313 2376 6356 6087 5153 649 8994 2059 8498 9122 1167 1693 729 2104 7496 827 2702 2913 5360 5738 9125 0 7093 3497 2989 3154 9781 2595 6047 5590 9916 8913 9410 4219 2564 4877 5602 3102 5104 606 8998 8881 2686 8670 5770 3500 1153 9402 51 3879 1268 21 9167 8360 5088 9209 2267 4166 3703 8981 2295 7760 8160 9619 7614 4019 3029 819 6140 1071 4799 9558 7393 9628 1676 3095 7895 4322 4291 9108 7760 8710 920 4177 7220 4281 8610 6367 5411 708 4875 5643 3696 4702 8640 2145 2844 5300 2488 1156 384 2673 9557 2165 3530 9082 3229 2554 5818 4815 8093 8194 3843 3324 491 9571 7944 7077 4592 3844 199 2543 9913 1724 1055 7946 259 1984 286 9746 3120 9266 7614 3563 3587 8338 535 3354 5575 8990 6496 752 9195 2922 4549 6308 1738 7774 1005 9348 1490 2995 1168 560 2228 3174 7732 8354 7264 1261 4615 9856 7740 5326 1763 8760 2148 2722 9558 2436 5643 8177 6178 235 8291 6286 8034 6097 3068 5598 8995 3086 3486 9700 7089
7216 6100 7636 3325 9499 4370 3115 9506 9069 7297 1715 3664 3586 459 3705 9931 4595 8467 3341 7880 7197 8394 9788 1080 4254 2152 945 78 7044 5031 524 7117 1846 9064 8057 7469 7093 0 4483 9492 8842 1511 8543 7930 5278 9677 3425 2063 1012 6063 8742 8728 8841 9602 9525 5938 3015 1010 4229 5669 7862 8050 6343 7751 3113 5767 7131 356 9240 1867 2393 871 4213 7259 9957 9267 1632 6314 6758 2106 2077 6788 8170 689 9656 7899 32 9861 2936 9449 5846 0 8263 8625 3078 3165 6841 878 8713 5175 3147 6147 9221 1305 4484 1370 668 884 2108 1585 4370 9134 7684 2238 2151 5680 7951 5332 300 859 5789 2042 648 4050 4597 2441 7695 9103 8168 4069 8829 9354 8344 1739 9387 2127 3119 729 774 5712 3052 856 7088 5735 7404 7568 3480 1869 795 2390 2980 5512 6000 732 3452 6988 4537 3559 3314 1530 9490 6135 2285 8205 1862 1359 7131 7996 1192 7369 3405 4300 5157 3858 3978 1596 3525 7688 5963 8967 2415 3029 4415 6409 6471 296 97 8503 7602 9353 4219 1570 425 7576 4362 2975 6903 1205 4400 817
9891 5135 7201 3695 8128 5609 7946 1123 6500 9860 6144 8803 994 5843 8537 4834 5653 5864 4287 3683 3946 251 6877 8421 9105 3104 419 5196 8802 301 2739 7738 5535 2317 7014 5333 3497 4483 0 1993 7545 274 3728 342 5510 7784 8651 2866 1967 7927 1943 8018 4914 9084 5924 9044 3022 307 3309 5775 2397 7102 221 2491 4023 6153 7063 1749 9283 7610 3753 1053 8190 4927 7473 2132 4003 3401 7869 3449 4480 5619 6642 9262 3584 5648 171 3791 9158 4469 9743 2489 4644 5148 995 6582 2962 5774 8345 1909 797 5122 6089 5863 6905 1672 3450 273 2739 7768 9557 7892 8708 5674 9125 1227 5550 2979 6304 7694 7006 5704 8816 6579 2592 6438 6075 6193 3084 2633 381 8285 6100 2318 8699 5645 88 2792 8210 3340 1264 6709 3498 4529 4031 3344 8585 4982 5952 5938 939 708 9504 9030 6842 6026 7739 2832 261 9803 2527 2237 8958 551 8518 8833 3725 3354 4318 3240 6748 2453 4199 704 9128 9905 261 5547 2189 6645 5532 5146 3022 4928 6837 3535 1545 5466 2486 4883 479 350 5576 6307 7915 4001 6804 9753 7108 4805
3262 4399 4341 3306 2136 8957 8768 8329 2038 5244 8081 3343 4152 581 8646 6187 9269 1607 853 8831 3029 3908 6956 3370 5260 2869 7268 7774 9502 1640 727 8648 1975 140 5354 5787 2989 9492 1993 0 9804 3408 5386 7966 1332 6788 4157 3624 6551 9750 901 8226 5005 7717 9071 6338 4023 3035 8323 9077 2761 3641 1361 4819 9195 2865 1358 750 4783 5440 1151 2771 6822 9734 3413 5143 1982 111 770 3927 3654 6996 7477 3619 955 3818 7540 3082 4120 5305 9200 9232 8653 7950 6625 756 9724 3853 489 9808 8767 2418 1723 2518 2718 3893 5775 4323 6986 8540 5950 1834 1218 4294 6655 4001 1645 761 2243 341 3701 2968 3213 9090 6191 8062 3505 9039 7267 4390 5284 2911 3980 9526 871 9323 1683 8704 9573 2099 1454 1535 2005 4547 8281 228 7858 1837 556 5630 5943 6422 373 3686 4303 5097 4422 8294 6209 5794 4076 1727 2473 9298 9103 9296 4353 1366 5478 6369 7848 1628 3179 3660 5304 9205 2253 3875 7629 541 2969 5036 6861 3035 900 9182 9972 9344 8992 8339 2644 8458 9466 6437 4906 68 1345 7493 8392 397
5891 3353 178 4851 2913 1594 2830 4069 9910 1473 2983 350 1732 1353 310 7268 8458 8695 484 3367 7423 4941 6212 588 9884 7786 9546 8699 6484 9912 5774 8596 589 5636 4983 4681 3154 8842 7545 9804 0 5200 4971 805 2471 6688 923 6561 631 7722 765 9244 7722 1946 407 2224 162 2913 9462 3495 3208 1525 6123 5929 7636 8950 8968 6677 814 1259 5152 4686 2766 9033 7152 2982 675 7063 4164 4046 8530 3423 7134 2974 4079 8378 1055 1058 5910 3208 9088 6269 3887 1473 6268 5799 8863 6838 4782 4540 6307 4910 2693 6400 6530 2193 7938 4245 438 6665 111 9558 2120 9676 6627 1372 7085 68 5063 4408 3722 9383 4794 8710 9199 5385 5925 3128 5365 5067 620 906 1136 775 8637 9529 4710 6224 993 4820 1995 4931 1006 2372 1750 7020 5673 3624 7657 7108 9020 615 1978 6303 7121 960 1135 4614 7134 7707 1552 4710 4293 8362 3925 1872 2387 947 8244 5992 6613 1016 3727 3309 730 7325 6886 8507 83 931 2706 9906 8565 9645 4020 4793 9010 2955 2334 1926 5559 4000 1433 705 7678 8300 4392 6920 3334 7580
