200
0 4364 4623 2041 2845 9621 3384 5263 7051 8934 6498 1926 1226 8236 7634 5886 4850 8205 7389 5320 6355 6660 350 436 4571 9869 5112 9776 2032 5093 986 7128 838 2591 1608 9666 8733 6101 1277 5417 9741 3615 9060 7123 4653 7350 2497 3344 3303 4376 8127 3169 3503 5447 2189 3204 5251 5816 2374 9245 225 4681 5951 4346 6574 2401 6529 6903 6876 923 9291 9038 3899 3550 1190 5485 4987 7393 2109 476 3643 8805 5118 2366 5713 6063 5567 6227 569 7820 7587 2213 7676 9729 846 3094 7460 3302 9249 4402 922 2670 7956 7030 9840 8873 8772 8685 9298 3044 7475 268 9571 7624 3169 2053 818 7244 1263 4256 6063 5111 2517 6183 9704 5951 5988 4160 8948 1689 7143 8649 7165 275 9430 4810 6956 9045 4576 8879 638 5410 6011 5688 7382 8168 4807 9967 7287 5432 4388 546 4165 3263 4827 2290 9171 1242 934 4437 7938 3165 3627 8694 8854 5134 2965 8140 8395 3681 5248 8722 6679 7754 2138 3083 2305 5471 8641 2431 2946 2718 7811 6354 3320 3841 5872 7717 4606 7036 7070 4059 6408 123 7116 8561 820 1545 7159 7678
4364 0 9577 679 4767 8522 2249 4219 2375 7433 5032 4508 576 7638 5095 7128 752 2876 9784 7816 9897 5150 5628 7989 1816 8073 3176 1605 2159 1598 9021 9751 256 6145 4233 7018 6529 8144 6294 8083 948 4359 7419 1134 1692 430 2557 4429 4003 6039 8995 8828 9720 8528 5812 1359 4590 8210 1198 449 7236 6843 7834 388 9286 4864 1279 5176 6843 709 9594 6282 6179 1044 2928 8858 5666 4726 6427 8712 7273 7188 8663 8179 587 7805 960 5083 5386 874 5623 8946 6131 9147 7030 830 6539 9451 4617 466 6998 9261 9687 8254 7965 2386 5044 777 9282 7600 4898 7537 6851 9478 5309 6915 2389 9194 1198 8068 8231 2826 3432 4650 1365 8082 4278 7413 6709 5285 3453 9125 2776 7720 5082 9845 7659 9997 4614 5532 5884 4178 2835 9253 7992 1150 4963 8991 1528 5713 4584 1632 116 5194 6085 3495 5552 2709 4340 728 5384 9749 229 6522 423 5566 6000 9652 2553 3285 6328 5583 2710 5371 3721 4085 7155 606 9661 9194 8354 6311 2160 2313 5673 5346 4196 2491 3698 4642 7388 7303 7857 9356 1393 793 4687 7669 8456 4154
4623 9577 0 1456 9143 8263 5551 8532 287 9724 6669 4410 4124 8556 5283 5049 1868 1898 2386 3127 7199 5712 7891 9189 5804 5056 7765 9535 7557 7631 3713 4860 3401 7672 5712 7919 7530 1054 6157 4080 1564 886 9520 8087 7381 5870 4770 6809 6701 3674 8340 3782 5706 8681 6610 7160 3858 8444 3149 6455 3418 5162 3072 3922 4340 2448 6123 8454 3525 4961 5266 872 9808 4549 4545 7727 6447 7466 2318 1162 4948 7288 774 1035 3072 6507 9015 592 5644 7006 8385 101 2647 5049 1524 9615 5614 6415 8063 7968 8861 4327 4147 4218 9734 6364 9198 4036 9500 3518 1624 4742 5438 3106 8528 5115 2472 9930 6659 3826 462 3041 15 9631 627 6901 3039 616 8276 2571 806 8337 1617 7476 4093 4859 4573 8331 813 9099 9563 6417 4836 7317 1201 3730 7563 483 2178 2992 4401 8483 1264 5400 6071 1155 307 2219 6669 579 4155 7711 1335 3930 3905 6521 3325 5727 3752 1087 8362 6048 4925 506 575 430 4162 3608 8681 177 9283 9817 1472 3037 2168 91 9431 836 328 6703 4845 8916 6704 7967 4798 3080 5521 5364 8060 8077
2041 679 1456 0 2328 5410 1408 3716 1867 9734 2177 7656 713 9177 1679 7830 6718 2119 9563 3931 9303 1447 8172 4633 2284 3212 3421 7767 107 5623 125 5955 7687 3699 1945 2818 2196 2631 2979 8818 7511 8928 7622 3247 3242 4480 1553 4998 827 4635 4195 8445 3792 1774 8327 8704 6851 7204 6012 4428 8745 5247 6079 2465 9618 5125 7199 4030 9637 3164 2343 1833 7480 1183 4716 7478 2774 9465 1370 8327 1758 6764 4822 954 9614 2148 6274 6551 1971 6713 3126 7914 8979 6099 6218 1856 1235 1826 8215 5238 7164 2519 6520 5670 1135 1972 7532 4699 1715 956 2069 999 3052 9551 6846 6166 7201 4456 6363 4140 2553 2515 9546 1978 930 3392 1290 1061 6068 419 2313 3290 5455 7029 2318 4449 2339 7462 5901 3439 5405 3309 9822 1837 4418 725 617 6237 2407 9767 2711 6718 4290 8871 3719 4051 9029 5018 2342 5392 9233 5423 3773 6672 658 1940 4352 1661 1723 6497 5086 8141 2433 2490 7655 3378 4324 2023 2866 5721 3627 4325 5157 5200 3448 7980 7074 1356 3573 9863 6160 5124 6448 2596 4851 939 7822 6571 5061 6318
2845 4767 9143 2328 0 44 6352 3076 426 9509 3076 6618 8375 1050 868 5454 4698 9471 4091 2767 7318 8745 8781 8349 2459 770 3175 252 355 2241 9825 7179 2264 9252 4398 6739 5539 6028 2226 272 5573 1703 2730 4312 8645 8849 6718 6662 9173 1621 3746 6976 2642 6927 1444 7649 6870 6924 9751 1353 6061 7785 3483 5358 1794 1638 1218 639 340 8355 532 2882 3894 3929 9710 4408 8075 1644 6906 6405 3447 3073 8827 6633 1996 409 1074 3478 9351 2835 8558 5520 8878 3396 264 3632 3470 6821 6616 9190 382 9431 1772 4932 112 2040 8738 725 6877 9080 3736 2988 2697 5130 6042 6202 1498 1583 8726 5290 533 9757 4414 1266 9574 7925 3171 3136 5944 880 7444 361 1851 1623 8921 4529 6066 3793 4027 7133 308 3406 318 1884 5767 2657 8473 5775 7013 3486 9415 4904 7680 9507 3864 2928 4342 1334 3430 2539 5450 6829 9571 396 8314 2896 381 9742 7093 7419 703 9258 358 4707 4470 7620 64 7121 9510 1675 9820 2553 5919 42 2240 4637 310 1793 5422 9041 1006 3143 3611 2796 1460 3284 7331 3332 6034 1555
9621 8522 8263 5410 44 0 5719 8513 1133 8738 6695 6879 5539 4411 7088 7344 8193 6163 3034 4463 8225 8896 7906 3101 4261 3304 6474 3541 4553 9197 9328 8776 6675 7296 7536 8625 4574 8881 8705 9479 7010 9516 4291 70 1709 4731 3264 3221 6981 3446 9429 514 1774 4779 1947 334 2808 1683 6333 4539 6968 35 4012 5335 5970 5246 6028 7002 5176 6510 3156 2844 816 1183 7793 2721 4392 8209 8812 7311 3327 3425 7862 4335 8649 9659 1472 3333 481 6519 7871 7682 5700 6570 6369 6139 296 6688 178 7487 8213 3369 2580 6598 3339 2215 2443 9320 827 1957 3805 8662 6722 5682 3740 9511 252 5886 2133 6540 5564 8968 5230 5595 7460 3732 4557 372 4062 9221 2418 6844 4195 3223 4491 1752 5643 9404 3699 7492 9618 1825 4730 3001 9911 6162 3203 7685 7499 8083 8646 4082 7689 2661 1362 5304 5800 6263 7865 1051 4048 4094 9606 1047 463 9918 5004 2548 4939 5367 4589 6783 6561 7841 5084 5960 3895 8735 9812 3625 2343 3086 9046 8165 5162 7828 2139 9752 874 996 6817 2129 8597 5922 1602 4541 3254 7757 6276 4531
3384 2249 5551 1408 6352 5719 0 4916 499 3032 4583 8462 2706 8204 2329 5361 9579 826 606 7268 3919 8976 3531 7305 9328 9399 5483 1586 9185 5237 4724 9959 6606 9388 8616 4378 7579 7766 9574 3252 2893 4998 7884 7959 6859 7475 338 3659 7290 3761 8107 709 7487 4358 6824 2482 7021 1528 1311 5122 2233 92 6470 9781 6989 3202 9986 8001 9118 3234 8346 7093 6423 9815 3651 4277 5354 4771 4304 1138 8505 6470 39 8186 4234 2531 216 9605 6940 7049 4193 7039 544 2452 5334 2227 3102 6308 8446 8561 3804 1028 606 1178 8506 2246 2948 5423 5224 999 1925 7377 2064 1056 319 9153 7587 2600 2391 8171 9142 8296 1793 801 962 9949 6548 1587 9272 4516 6474 7295 5901 2537 6353 7284 6089 8012 8485 1148 6255 8246 7161 2860 5492 6441 3320 3148 5364 5953 6464 4872 4039 7343 5164 7563 4724 9220 9667 6895 5036 7465 1278 931 7602 3170 6439 4472 6862 5256 2015 2236 2709 5378 5291 2232 2194 3938 2724 6815 7896 4394 6912 3535 5223 7984 1637 186 8363 1741 8855 6710 8433 6067 6468 5825 4955 9593 2411 5437
5263 4219 8532 3716 3076 8513 4916 0 8469 5424 6030 432 494 5553 829 5178 4346 3036 6242 9074 453 8772 7235 6216 8264 986 7821 6032 3588 5119 4883 1796 7431 1157 6626 639 9282 81 5192 5872 507 9061 3899 1792 6143 8208 14 7377 9507 3834 7121 7820 4286 952 9984 3609 6193 4401 9165 1876 9809 4803 3255 881 1162 8491 8656 4571 9951 5678 8061 1618 1183 2460 5677 2489 9826 6484 7823 2103 5756 1063 2741 6410 2320 8010 2264 1672 3525 5252 1799 8466 4299 5683 8399 3599 8543 8265 2034 9300 419 6951 4000 7507 8765 6509 7090 533 8593 4626 7495 898 5827 4047 7144 9473 1844 2039 1591 6793 4391 5446 4158 3370 7995 279 2114 2835 5595 6694 9841 4202 8184 1926 635 1417 1582 1384 3868 8786 6469 4361 440 3178 1892 1226 9174 1766 2534 6701 3890 9884 3636 4585 5932 6645 8343 1271 6480 3016 9306 5688 9927 2135 1434 1169 6579 2311 3768 6439 732 5910 7099 8686 3891 9005 477 8593 8730 6842 9714 8189 5290 5931 4922 6278 3121 2501 5837 6865 9519 6404 3010 438 7994 9856 6496 2910 981 5819
7051 2375 287 1867 426 1133 499 8469 0 132 8176 5992 6255 4355 6952 9 7744 1601 5809 2850 2134 9170 2300 1641 3146 980 7155 9474 9584 8895 6208 5403 5452 9434 8959 5761 5285 5767 9575 8786 4630 8458 6235 4820 7110 5672 9817 7980 7841 4409 6429 942 9673 4705 2001 3487 9371 4565 9957 3657 818 3188 4679 3445 7348 9635 963 6010 2906 2649 2088 8089 321 6853 1564 422 8399 9155 7920 2361 6346 2553 2851 1375 8865 5808 3415 4234 9511 3601 1437 7246 5642 6924 4291 8933 3676 7559 2226 1193 3152 6097 4726 7945 1669 1397 9519 8335 1737 7537 6202 7202 5747 2165 4597 1338 2057 7366 4227 7914 4185 3088 4904 1710 5965 1679 1941 6993 8323 4191 8352 6452 7701 8887 7331 9366 8367 2883 1699 5079 9763 4253 3550 2914 9301 9944 8807 3700 8591 4394 6423 1616 9451 1753 1008 9560 9526 5344 8604 2530 8164 3836 7812 9364 5488 8047 189 6111 2694 197 7951 4712 5785 8701 5814 9787 5356 1961 6830 1482 6939 8867 779 225 9486 3673 7502 786 1183 9495 3577 3935 6449 2762 1233 3450 1668 4977 5718 2428
8934 7433 9724 9734 9509 8738 3032 5424 132 0 7588 6487 9308 1073 5152 3022 3203 2508 2260 206 5284 1221 2035 4182 6668 268 7158 5869 8020 8822 4015 843 105 2792 2496 3973 488 5356 1878 5528 580 5860 206 6988 8342 1348 9613 8858 9772 6604 2045 1264 4897 4745 4980 3376 9434 6284 8215 2165 9082 9424 8987 9216 7937 2519 7709 9140 5034 5365 6648 6086 3424 4671 9664 2078 4789 1122 8041 3623 1619 8719 1261 6121 5494 4082 8502 5044 3925 8778 7109 5923 9440 1588 8229 4949 6344 4797 2525 7413 8899 9857 1801 6953 9340 9541 1000 1781 5575 1094 8705 3430 8187 4401 9194 6187 6486 6804 2828 7374 2708 4484 1256 3813 4130 9016 8607 301 1309 3399 8192 1078 2709 3958 3307 9197 9870 5652 8971 8932 5842 4069 9122 2502 2935 2003 2088 5115 6794 3090 7837 8933 8334 5302 6381 8566 8685 1520 6192 3959 2806 1595 8958 8788 8592 4665 70 364 6436 4871 8676 4536 6329 5446 9244 2333 3946 1461 1131 3380 2899 2059 6170 3040 2438 4446 8884 4376 2693 8431 184 4756 2562 8137 9525 5002 4667 1035 7323 5840
6498 5032 6669 2177 3076 6695 4583 6030 8176 7588 0 334 8453 9682 8756 4353 896 9968 4191 5823 1398 5045 195 3098 2101 6673 3030 969 6455 7084 3753 4213 519 1604 7999 5124 7848 1971 9004 3220 9589 2310 9117 8895 7648 9374 9546 1641 2176 1609 6667 7993 4158 8859 8226 337 2610 1302 7979 1049 4973 6414 2692 4325 9025 5037 1269 6185 1616 6994 6268 5688 8312 555 101 7656 9825 8067 1857 4058 5962 6615 9454 5358 2972 2781 8071 9312 1970 488 9024 2435 5551 4458 1851 5093 1196 2959 2255 8580 5226 5828 9424 1919 6684 2942 327 3268 1963 3936 3902 9073 6953 8563 644 4259 9503 6715 1447 7230 2933 3618 6724 9469 6370 7543 2677 928 4687 5809 9433 8586 267 3647 5449 3395 6271 3272 5087 8576 7405 632 4245 7067 280 5594 928 8834 8863 2563 2364 7419 3849 4708 1368 4645 199 5269 4300 2872 8786 5640 1219 1666 7647 8856 1846 651 9689 7057 7040 6200 9939 8989 803 4707 4192 2080 4866 2939 5035 1221 3472 5527 3938 9548 614 3556 1577 7155 9292 9798 3778 2063 6989 9521 4650 5995 5335 8954
1926 4508 4410 7656 6618 6879 8462 432 5992 6487 334 0 765 148 4934 9509 7780 4275 2021 4601 1322 9481 2943 8516 3315 3921 4066 1417 3327 372 1857 3873 3602 8507 4869 669 2471 614 7925 805 5029 1283 6557 934 2349 4195 1875 607 1176 8980 4872 2183 6985 8668 8851 3970 8123 4703 8037 2631 6417 1073 6166 358 980 7569 2187 4547 7275 9322 5765 8763 5008 4578 2634 4868 5533 3982 7461 9370 8266 258 8802 2815 634 8807 9800 9564 9944 9395 1937 748 8097 8322 2272 5873 2494 9339 461 7185 7719 3947 5890 6347 1611 4447 8164 7369 6645 3840 3392 2336 7089 5727 4273 5726 4923 5529 6541 2891 6358 419 4734 7709 7588 2996 8177 3223 9861 5334 5340 1210 4942 9012 7463 6260 8821 379 5660 9022 219 8234 2973 6202 2289 1331 9611 7652 9299 1852 5401 1005 2477 2469 2716 798 6721 1607 823 9674 825 8340 8388 2759 5657 7572 8521 9454 9189 1171 8726 3975 3181 7985 4246 5693 445 3762 5431 1631 2436 1740 114 654 8337 1724 6653 1825 1054 3635 4779 1814 5383 6584 2160 5401 7807 1046 3672 1426
1226 576 4124 713 8375 5539 2706 494 6255 9308 8453 765 0 1912 1877 947 2794 75 3377 553 8899 1926 2604 3159 2966 7473 9553 8174 1440 7810 3020 4610 1492 5233 8612 5303 9933 2611 1910 4453 9113 1193 1865 423 480 6418 9844 6375 3303 7018 6827 6664 1594 7926 2391 3928 2589 2414 3496 4370 6618 4263 1829 9051 8321 5500 6244 5691 7830 8931 54 3663 2449 9421 252 826 5843 5520 135 5434 341 4384 119 829 6263 7907 6093 3267 4961 8440 2376 4093 5407 6403 7566 4919 9207 5040 1410 1014 9360 6947 6568 4928 7572 8250 7566 2653 4612 6572 3003 3484 464 4501 9881 9577 2860 2043 1406 221 1975 771 8964 4199 3372 6171 3412 1494 3129 9708 6764 644 5746 93 7126 6085 4317 5953 4136 7434 9129 1231 3889 7211 2501 9377 5805 4771 5731 6654 3127 7354 7559 2652 8698 3085 9547 6906 3306 9733 9262 7282 3933 1837 2058 7330 2953 9830 4515 4994 6415 3239 2024 2657 3033 7084 7683 4540 3136 7595 14 7240 7083 9885 8528 963 4359 8271 9311 5313 8757 9405 8564 1962 5131 9971 7127 5178 2531 4157
8236 7638 8556 9177 1050 4411 8204 5553 4355 1073 9682 148 1912 0 4392 4702 9958 9356 7554 6235 6508 9112 5984 962 7483 4128 4072 7497 496 7470 6978 260 5341 5255 2703 2266 1340 397 9206 9925 4805 4175 2891 202 8576 5604 1029 9560 9980 6437 2971 2244 993 4550 1621 9778 9964 2611 9796 3308 941 8597 5602 2212 7729 538 5898 4660 7262 2937 725 7723 5126 235 7490 1578 9091 1160 6913 5299 423 437 3330 3053 6864 1140 3339 1338 8363 5239 692 1730 5905 6330 2676 6962 2227 957 3997 8812 3528 9865 8084 6196 5320 2065 5071 2627 2772 24 6292 7287 3748 9641 6693 7468 2682 2798 9003 554 5856 8776 9069 2709 9627 5185 9349 5693 699 9288 7009 3263 3867 9001 8989 7110 5209 4641 9333 245 6504 3076 7450 5288 9643 325 86 3867 5948 307 9755 6487 3349 6616 2659 6765 5413 6987 4188 1171 9299 1872 8876 2005 3993 8286 3168 9511 6451 2335 879 639 6886 9487 4424 15 2944 9737 6276 5240 4220 1560 3090 4879 9064 2757 4256 6659 7054 6653 5161 5498 1909 9488 8556 3140 6157 4545 564 9347
7634 5095 5283 1679 868 7088 2329 829 6952 5152 8756 4934 1877 4392 0 1458 9980 698 3172 5807 3879 2601 3474 462 3966 7887 4430 2906 3932 630 8994 2651 1701 5983 3136 627 2574 7330 6681 8557 6600 2023 3633 8621 8167 8712 813 4827 8717 3551 9517 8614 321 169 7132 6443 4812 80 4737 2513 7567 6959 8237 354 5235 1637 9593 967 660 7656 439 6664 1079 3618 4589 1669 9466 8658 3148 5527 3807 3538 7703 709 3752 9055 604 9157 1429 2184 1960 3568 6803 1356 8493 1589 4837 2324 1772 229 3680 719 8265 9595 3191 9807 6376 1584 5471 292 4964 8530 3441 8138 5889 2592 1835 9835 7782 3673 2504 4345 8871 7512 8821 3448 2588 1148 9412 6336 1354 1401 4470 4813 3206 7660 5142 3466 1275 5883 4299 8156 7171 1318 8879 1147 7596 5053 6969 8028 5749 6071 7173 8280 1865 915 9428 2276 8247 437 2620 6925 8810 200 1194 7348 1766 1139 9900 6926 7355 4193 6660 5073 4563 6304 2525 5965 58 2542 6979 74 4840 1298 9348 9356 8755 3073 1108 4639 1973 6465 6342 5309 3957 9079 7670 7086 4543 6457
5886 7128 5049 7830 5454 7344 5361 5178 9 3022 4353 9509 947 4702 1458 0 7969 9365 5891 1115 2231 8077 8521 554 8720 2888 7797 3319 5023 5161 1219 7124 8307 4221 1308 804 706 5866 2217 3083 6599 911 871 3393 4911 2782 6746 1092 1751 1625 1002 602 4979 1917 3992 9638 4791 9959 5195 5327 7581 9907 8512 2400 6614 8468 1530 4324 6139 4445 8804 1524 2631 6744 4693 3160 6711 8417 7121 4069 2622 7403 9159 6800 2796 58 3398 4103 7821 2965 8199 165 276 1930 2251 3190 4612 9500 3155 1000 986 9216 2947 3273 2251 9779 7592 3554 2167 7053 8197 6692 7088 1499 8579 5612 5316 2736 1231 4613 6352 6980 5804 5420 4590 9531 1531 2406 6008 7801 8056 6856 2696 3019 9086 8510 6643 7535 7478 6758 627 9563 789 7623 4507 779 7018 191 6304 9086 3248 3467 4170 9351 1056 2536 578 186 3480 8667 8161 1976 3868 5096 1909 2961 4878 2131 4460 5944 8812 5729 2442 9337 9332 1275 2831 83 8371 8003 1298 7294 4869 9047 6533 8692 3231 6115 6070 7201 507 8927 2949 3413 305 8367 7860 6508 2344 5881
4850 752 1868 6718 4698 8193 9579 4346 7744 3203 896 7780 2794 9958 9980 7969 0 8501 8317 2434 7345 5849 8716 1445 3374 5656 6337 2973 712 7002 5124 5316 8622 9199 4944 7957 2663 1256 5972 7116 1783 56 1900 3464 8482 3746 2626 292 6744 6563 9682 5325 7869 4947 2801 4587 5225 6473 154 6385 9650 3159 5998 7872 619 8280 2604 2043 7728 9258 2601 1878 1108 5246 4284 9616 670 4195 8327 5509 3089 2015 3730 1702 1820 6510 2715 9389 5581 4841 9692 3138 4646 753 2990 995 6190 7034 6282 8263 2010 8271 3288 1560 7988 7206 9371 6900 6686 4346 6766 5312 8286 2216 8443 4699 7005 1267 4350 2853 7253 741 3967 4611 372 1351 1053 7157 7873 2408 208 8927 4616 8305 8850 9931 5876 7728 6435 9610 9554 2330 9337 36 6541 6752 7274 5879 8683 7122 4863 727 8094 4573 6084 4998 3289 5307 3634 2382 7913 6998 6406 4861 4666 5078 7491 7277 6755 7832 924 746 6375 5707 5733 929 8234 5220 4615 4975 862 5261 3293 6789 1049 1101 8483 9107 9002 3692 3177 3802 3581 5433 7653 823 3259 6226 9904 612
8205 2876 1898 2119 9471 6163 826 3036 1601 2508 9968 4275 75 9356 698 9365 8501 0 9000 8915 7034 132 6849 8593 9091 4017 6369 1766 490 1678 6678 2611 7564 7349 5075 4214 3491 2929 8386 7961 7811 630 3399 8877 2816 3633 5580 2994 9930 6012 56 4887 7678 8529 6594 520 3484 3802 1082 7451 7798 5379 3417 5615 854 8600 4710 1937 5579 917 4649 8155 3088 4620 555 4082 3773 4846 1831 4420 2171 1864 7518 6818 7445 2253 7183 7974 7066 7523 2704 1913 7310 1353 3167 5068 5774 9666 4950 8531 7900 8896 7598 9479 8788 3886 9914 8549 905 4330 8753 8856 8737 952 4614 2899 2806 3631 3338 9953 3642 274 4482 1829 5501 5980 1179 8261 9827 1617 9515 3423 3728 137 927 1597 517 822 1114 6279 6111 4245 9719 1653 6018 8532 291 1608 6950 6076 2722 3383 2766 8057 784 3501 7525 3838 4781 9315 4404 8899 4434 4663 8355 4387 5989 4062 1385 5162 60 9246 4990 9225 2176 7812 8611 1223 2188 4583 683 483 6777 5278 3646 4229 9146 5524 5882 6268 8358 5967 4470 6208 7715 2185 1280 8390 6329 7698
7389 9784 2386 9563 4091 3034 606 6242 5809 2260 4191 2021 3377 7554 3172 5891 8317 9000 0 7668 8688 1212 5373 1295 9045 3403 2347 5143 2568 8575 4685 1362 7374 4732 7823 3554 2499 2835 6110 9319 2377 795 7220 8190 3813 4068 5322 4898 2526 7195 9378 6994 2192 3996 2537 6476 5322 306 2215 3538 119 6575 7969 8808 5360 4893 6733 9869 6442 1633 636 3925 244 374 2573 7458 9358 6979 3952 1400 1430 8359 9505 4496 4268 2224 5800 1966 1951 1950 2571 6609 4957 7174 5989 3655 1259 2220 5488 1799 7316 2138 6507 9163 9153 2811 1804 5188 5316 6209 5598 4126 9825 8994 1426 433 8173 9046 669 2219 1548 6137 5514 1739 4980 5510 8205 4353 3154 8401 8457 3758 8390 1721 9124 1811 647 2683 874 9974 9299 9821 8654 2466 2599 5090 9831 5201 5253 4753 7466 6517 876 2123 9036 1070 2174 8189 6554 9487 3719 6963 3998 580 4866 5553 3462 9727 2465 1592 3424 4377 8969 3769 5088 2313 8383 5914 6006 3926 2829 5770 6589 900 648 6639 2882 1009 8986 1084 8571 4602 7024 8010 3852 2394 2905 7784 8670 7020
5320 7816 3127 3931 2767 4463 7268 9074 2850 206 5823 4601 553 6235 5807 1115 2434 8915 7668 0 1469 9689 9967 2027 3082 8959 1053 6684 4487 6445 7407 9553 6284 8314 8740 3361 605 3322 1853 2356 1774 7276 4592 9608 3284 2365 3095 7443 9295 5130 1674 1199 2456 406 6840 2947 2845 5639 685 1556 1699 1318 9973 8864 1724 1950 6739 2457 8692 6515 7043 6404 8594 3641 5886 7992 7848 6579 8038 8635 2444 7220 6766 1885 7396 9576 6528 4412 248 9900 4014 5231 9001 8129 5619 3783 6334 318 5524 8231 5839 4791 9427 9402 3236 1310 3056 4101 9351 6077 6923 6004 5384 7720 610 2321 5837 8933 9421 8212 1401 1681 9507 7425 4658 7414 8618 713 9029 7492 6294 689 2200 5422 1061 9520 1933 4354 7193 9952 4910 244 5739 9029 3864 5415 6152 4022 1628 4419 7513 9368 1357 79 5857 334 7125 241 5719 3860 956 6737 348 1334 728 4175 9681 6063 4255 6256 4204 6036 8604 542 2955 6414 5724 4260 5645 4634 3990 9001 9132 9747 2100 3869 2136 3916 5562 7532 7674 1144 2214 2524 254 6173 58 9620 304 6113
6355 9897 7199 9303 7318 8225 3919 453 2134 5284 1398 1322 8899 6508 3879 2231 7345 7034 8688 1469 0 1859 7504 8748 9195 7948 6650 158 1253 4311 3891 4260 5004 4344 1869 5651 9127 9752 5036 7190 8019 5381 2802 3595 6671 8558 4545 1690 6613 5742 3381 8791 1428 6359 5103 1848 5014 2493 85 6159 2735 8552 700 8701 9025 3769 4024 5224 4788 5628 4837 9968 6203 9721 1618 9972 923 3082 1088 3805 703 153 9642 6876 9751 3098 6505 3704 3740 3719 9930 7828 5068 1640 8324 2350 4807 6758 7592 6536 9647 4087 2802 5745 6756 919 61 398 7449 3522 2026 7503 8829 9068 6674 6663 6096 8428 1870 7909 4772 1349 5004 6694 5660 5352 8405 40 626 7049 5440 8527 3068 5562 76 1814 6998 6803 9666 304 9692 5098 4714 6135 3765 721 2031 5646 106 3695 4572 3481 2687 5932 8158 1444 6490 110 2803 8031 3120 6939 2685 6692 7279 6621 762 3596 783 8506 1621 3982 5569 617 7911 66 561 1549 7740 6604 6591 9101 9583 4649 6263 5791 7096 7255 1201 4947 3520 364 7991 4183 4245 8762 9907 8573 7992 3519
6660 5150 5712 1447 8745 8896 8976 8772 9170 1221 5045 9481 1926 9112 2601 8077 5849 132 1212 9689 1859 0 8157 303 6075 5496 3924 6397 2500 468 77 5056 7667 5437 5473 8672 6432 2524 2624 8716 6407 7601 4404 6001 6628 6083 6421 5993 1049 3739 5328 5156 6259 8134 3298 2497 4168 4685 344 4543 9531 3907 1721 8201 9147 9123 7265 1812 6529 9415 5650 5972 7485 4938 1909 1857 1042 2227 9450 7419 9421 1614 391 9413 9398 7283 4462 7959 6807 347 4003 5650 6982 8209 7182 5598 5766 129 3897 5752 2392 1530 184 4881 7857 8425 3690 3274 9757 428 6484 2059 268 5808 8975 8852 5007 7800 2772 3871 5145 1969 8994 3803 5726 2958 2387 9086 3814 5775 2018 4338 1537 5719 3714 9505 677 4128 814 8978 8040 4973 1309 9504 435 8312 2272 4805 9812 4483 4442 477 9361 5817 7786 7934 2649 7218 2633 8738 8862 5056 5521 4430 7164 1848 4399 5779 7709 9616 9934 9652 6304 1282 2508 7478 5560 4113 8508 2517 1151 6682 2593 3372 988 6381 1684 2961 1546 8775 7164 6398 4804 1419 4370 8840 8637 5163 4535 7372
350 5628 7891 8172 8781 7906 3531 7235 2300 2035 195 2943 2604 5984 3474 8521 8716 6849 5373 9967 7504 8157 0 4432 4095 3472 3681 9645 3724 5539 8153 2135 4136 8305 5483 6036 6146 1393 7177 8668 6925 7003 5571 5934 2521 1185 2640 308 2544 4580 7219 3824 2478 5522 5359 5992 7438 6979 5863 9696 1303 2132 498 3269 6245 7935 4462 5546 9545 9353 4251 9029 9011 9574 7810 2445 7011 7689 3460 2136 1299 6673 2050 7394 6034 4847 1443 8107 2444 5942 7485 6843 5474 1549 4799 6011 554 6899 8026 8969 3714 481 7379 9009 1079 17 588 9785 7314 2972 5923 688 4220 8504 2110 8622 3776 9935 866 9742 2810 5217 5657 4215 800 2158 8744 5039 3617 9329 5937 512 7274 6901 1340 380 5019 4390 3136 2944 9011 8282 350 4134 6915 2117 5390 9373 1618 2341 7128 6050 7491 4845 9192 9111 1150 2057 4705 2324 6210 3317 1365 4751 1660 1981 7492 6843 3057 5571 8863 723 7585 3960 4981 1959 4713 6141 9292 8009 2692 4764 1604 9529 1928 6444 9353 1562 7814 6414 7941 8640 1083 1201 2294 861 5276 3252 8463 3806
436 7989 9189 4633 8349 3101 7305 6216 1641 4182 3098 8516 3159 962 462 554 1445 8593 1295 2027 8748 303 4432 0 2457 963 5599 7270 2316 3073 6176 984 4050 9514 140 1878 863 6476 2152 3958 1030 1330 1735 1583 439 4562 9299 4327 4127 5311 1744 7884 7906 3960 8683 8158 8744 7595 5095 806 9313 1776 3737 1484 3021 1234 6755 3810 4238 8761 9175 971 9817 7770 7240 8540 7560 4220 263 3842 1665 3876 9557 6916 4992 4465 9229 1703 6421 2049 7554 9140 7996 3408 453 6347 4100 4034 6259 8367 7066 6134 6516 1982 3368 4684 2363 4684 7438 6882 1977 4629 7574 5264 577 5694 1085 6598 2577 2453 3294 5757 5742 432 9523 8241 3809 4473 2770 1874 4733 2605 571 9139 9378 9109 7430 9245 6121 1774 6386 3116 741 7655 3040 218 3473 8104 878 6262 3433 8130 7224 7373 7279 1893 1753 460 1158 3208 1043 298 2156 1595 470 364 9136 6715 5856 5024 2273 1322 4900 5328 3365 6542 7233 5200 4028 8694 6938 9904 6266 6612 8856 9055 2321 507 5131 3483 3019 1169 8334 5087 5144 6225 2228 8154 7343 4889
4571 1816 5804 2284 2459 4261 9328 8264 3146 6668 2101 3315 2966 7483 3966 8720 3374 9091 9045 3082 9195 6075 4095 2457 0 9431 1243 4075 6908 1201 6563 2204 9073 7996 6952 3474 9560 9631 3491 3930 2913 2649 6521 1030 3924 7153 2480 9471 4960 6950 8424 7514 5660 6020 8842 6937 554 157 5906 7389 6715 1553 8034 7710 74 2250 1054 461 1871 902 7861 7646 3985 3392 4263 9701 8261 530 2809 9206 9104 6273 1801 8596 6240 9106 1121 7723 6880 3132 7089 9473 3170 881 2196 7363 8999 8458 2954 1523 5983 5483 6414 4495 7168 3133 9372 7380 5512 9106 4162 3241 5289 9581 7564 7911 3178 4660 6633 2402 414 4591 9055 1464 4671 1699 2373 7493 8388 6518 9898 3344 8643 2702 3031 9527 6890 1679 3448 3938 5792 7639 8772 2404 6102 3697 3163 1359 3890 9113 7126 1932 5210 2836 9779 8907 5569 8003 6830 4738 7845 778 3772 2538 5226 2912 7033 5874 1105 4068 6033 5426 3773 6479 2941 6293 2267 4729 3679 6308 7076 2430 2527 118 2960 7523 1369 87 7248 3584 8738 2683 9369 5420 582 4320 3192 9688 9317 6857
9869 8073 5056 3212 770 3304 9399 986 980 268 6673 3921 7473 4128 7887 2888 5656 4017 3403 8959 7948 5496 3472 963 9431 0 9363 9948 6371 3905 3739 8106 6769 7767 3586 8142 652 499 6012 5725 8785 6136 3436 6679 930 8334 7098 9215 3700 5972 8905 8572 2242 7847 5294 7147 3761 7104 5284 4932 3752 8379 4393 5533 7817 588 2085 6535 5530 865 1075 9195 9815 9718 6574 1134 2917 8490 1241 4082 4996 1003 5291 763 772 6444 9126 1462 5084 6429 6535 4045 8763 5695 5713 2610 5313 7910 9671 9144 2267 6359 9597 5623 9131 3580 9583 5501 1609 5699 9606 460 538 3915 5461 5497 6846 5548 9629 4009 2554 3655 5533 2295 259 2330 7322 8431 3566 2018 9121 1092 9579 4189 3896 9121 6639 9423 5295 5783 7366 4717 7444 830 3094 5651 3128 6591 1802 5426 4177 8323 5284 1590 8303 1368 7665 1060 5590 5941 3546 9467 2859 6542 3050 2567 9059 8134 2788 2202 5609 1480 3386 23 1136 1562 8667 8794 9840 636 3046 1774 4699 5778 6714 2207 3274 6126 4576 3762 1274 5912 4667 1572 2953 5782 8269 7664 9943 1871
5112 3176 7765 3421 3175 6474 5483 7821 7155 7158 3030 4066 9553 4072 4430 7797 6337 6369 2347 1053 6650 3924 3681 5599 1243 9363 0 9353 6534 3502 4370 5080 4939 8357 9141 7268 492 8500 7950 1088 8242 9483 7855 9387 9889 8230 9540 5232 9343 7659 200 7111 2181 7207 8093 7707 7286 6324 8954 3320 6925 2405 7980 545 8459 4567 8848 218 7228 2710 4845 9323 5314 5728 5203 8438 3824 8325 6282 6529 2458 9360 7558 6397 7510 1815 1049 8848 3507 1632 8582 5657 5934 1264 595 3668 6197 5711 9347 1396 5120 7649 3425 288 9545 1274 9376 170 960 8914 2712 7688 7063 677 3154 29 6980 5322 3408 7406 5447 8145 5911 1697 7177 7461 9771 1603 5674 2467 2066 938 7404 7228 6673 120 7625 4326 4491 8127 793 4531 9491 3894 6893 8199 9459 4045 1846 3385 9534 2686 8615 2507 8642 7963 2927 9827 5157 1840 6878 4426 195 9978 7496 9162 3305 4405 6760 3929 3287 4704 7296 9704 7496 8355 3536 6263 2299 3908 1014 9818 8973 9272 2042 9280 9659 6835 6814 8187 6325 9515 9086 8666 4498 1269 550 5655 2367 7484
9776 1605 9535 7767 252 3541 1586 6032 9474 5869 969 1417 8174 7497 2906 3319 2973 1766 5143 6684 158 6397 9645 7270 4075 9948 9353 0 2492 717 8925 6340 526 2216 3452 3131 8101 2710 5728 2827 4591 2618 2086 708 4192 5019 6199 2960 7256 8982 6772 5399 1296 7781 5553 9752 1907 5845 789 6622 7586 6936 9536 3734 9263 5574 4507 9207 9895 5495 2347 774 6585 86 5936 6755 5644 6221 6580 1122 275 5746 6864 5934 792 7286 6162 7249 1459 9400 3293 7530 9539 7100 1098 2537 8870 121 1214 131 1722 8849 7170 1758 3417 9729 3290 7150 4193 954 8055 4436 5598 9744 34 3561 7728 4102 3281 9240 1419 6065 3893 8684 6641 9597 3724 3684 1046 4278 7456 6856 814 460 5387 2859 6128 4863 7532 4492 6186 7391 7245 2554 1000 3310 9778 4073 3790 6588 973 8553 9590 9092 2630 4600 6163 4820 2534 9466 2965 6312 4423 2382 1254 103 4653 9568 3748 9951 5257 4540 5403 6055 8894 3625 5128 5568 1111 1254 6730 9279 3194 6463 6411 998 4896 2899 5986 8519 2003 3059 5632 432 6443 4114 1929 8734 1215 4261
2032 2159 7557 107 355 4553 9185 3588 9584 8020 6455 3327 1440 496 3932 5023 712 490 2568 4487 1253 2500 3724 2316 6908 6371 6534 2492 0 2709 1630 4056 6518 7911 6660 7629 5527 4478 241 5265 9803 5256 3207 5394 2762 7186 6063 7100 9101 4607 9356 971 1473 3993 7845 2940 2312 6853 2220 2910 715 6878 6819 7977 5332 4145 1651 3093 9110 1785 7844 348 3813 4972 3102 5171 4482 8855 4623 9880 5950 6756 2496 8205 6481 9068 3821 9622 6051 5890 2545 3839 4012 22 8481 3242 5966 3137 9024 2456 9699 8387 5673 877 3497 7807 8036 6818 7903 7449 2781 7927 7249 3206 8080 6061 3100 4498 8030 2281 2670 7492 7744 163 1407 8754 95 9759 350 1861 3722 7496 8272 5255 5005 7572 2399 8689 2592 6782 5352 8931 2171 5776 389 9412 5935 1257 862 4988 4086 8170 8119 3963 1833 8079 9050 3577 7674 3295 9689 4091 1236 797 6702 4027 564 605 4472 3096 8802 432 5924 5440 5196 5475 1304 6364 8948 5150 9445 8972 9686 5011 2105 9186 3973 7623 4919 7047 4310 9560 8666 3554 9619 8656 1440 90 898 8889
5093 1598 7631 5623 2241 9197 5237 5119 8895 8822 7084 372 7810 7470 630 5161 7002 1678 8575 6445 4311 468 5539 3073 1201 3905 3502 717 2709 0 9767 9707 9675 5650 3365 8029 9366 6315 1145 9229 742 7180 8147 7197 9161 6690 1267 2572 6338 5328 6367 1481 5876 9749 1471 511 6313 3951 3114 907 5145 9858 9397 2177 2021 5232 8214 4087 8090 2453 510 6867 8071 2409 3434 4007 204 6177 3024 4878 8870 4572 20 51 1432 6374 5000 7842 1590 234 2655 745 1023 6905 2968 2705 3422 7771 7988 4702 3183 7653 3061 30 9783 926 7737 7087 1760 9081 9519 8459 6241 8073 1520 1572 7530 1185 7660 7054 4871 8142 7622 2488 8930 8416 7188 5188 574 448 7663 6687 3785 3634 9886 4676 7020 5845 5312 9841 9014 4183 6726 3258 3682 9253 7959 6907 9831 9351 4609 6382 7904 4149 3982 5623 8115 6031 54 9330 7578 3280 8039 6488 5939 6160 4310 8140 4388 1514 6772 8168 522 1205 6343 9531 7743 4392 8572 510 450 3605 8054 2481 1883 5080 1189 2663 1431 8074 1817 1341 2545 3428 2428 1619 6500 1042 9179 8190
986 9021 3713 125 9825 9328 4724 4883 6208 4015 3753 1857 3020 6978 8994 1219 5124 6678 4685 7407 3891 77 8153 6176 6563 3739 4370 8925 1630 9767 0 95 3460 7593 7340 9994 6497 3401 7666 3777 3946 5023 3522 7559 7802 1012 5060 1153 5145 9875 5528 9779 862 6641 5419 1448 190 7369 3122 8172 6028 2143 2700 7036 934 9738 357 4167 8055 25 5616 5062 4913 5344 2938 6750 4797 793 1190 1892 898 8350 6643 1958 3069 9905 3506 7068 7478 7976 6785 7545 6326 7572 9771 298 4069 9695 235 6679 3796 7411 3150 8419 853 8205 4087 5415 6130 999 1559 884 5336 6076 9466 3714 1636 7539 1102 3776 7943 8112 2092 4116 9776 2798 5562 1523 2705 4637 9198 7906 7350 1359 7435 9038 818 9827 6129 8523 6755 5034 2659 996 3520 1720 7659 477 5018 3839 8843 6966 1571 5275 3492 9932 3807 4382 8275 3603 6570 5195 2699 1531 9204 6863 5997 2139 4612 892 8417 2193 4479 7502 1451 578 6182 3205 7215 5921 5298 3485 9294 5886 9356 8858 7424 3888 1889 1119 2745 1985 7322 3288 8204 7814 647 1804 5621 2454
7128 9751 4860 5955 7179 8776 9959 1796 5403 843 4213 3873 4610 260 2651 7124 5316 2611 1362 9553 4260 5056 2135 984 2204 8106 5080 6340 4056 9707 95 0 1939 8464 548 9447 6134 100 995 9306 6135 3242 5411 1457 940 4352 918 1910 8211 2171 3046 2534 3962 2081 1088 9716 1194 4594 2528 8157 8989 5993 4476 9946 9929 2887 7828 4167 5655 9898 9687 9972 8424 4488 1402 3535 3302 6937 3462 7593 4269 8247 716 2402 6871 6061 2051 202 7664 3636 2827 3017 1868 9767 8568 7079 448 1914 5691 3567 2194 4684 3764 5089 2958 3351 3787 9530 7363 4828 5748 6633 6186 1386 8292 6278 1116 215 2464 5531 711 4578 5925 8985 7910 2878 9586 2138 9642 1477 9167 9480 2022 1627 3017 5294 5347 989 9632 9422 7853 6192 1888 7962 847 1963 7189 1482 781 4720 6518 7336 4815 5340 7992 232 9186 6093 1773 4549 26 9134 9824 8404 916 1181 9799 5345 576 9384 9480 8637 2523 8552 9650 9662 7785 9706 286 5902 9767 1613 6702 1502 2806 12 8035 9149 4824 5481 8422 7086 1180 2733 307 8685 1408 9084 6621 6746
838 256 3401 7687 2264 6675 6606 7431 5452 105 519 3602 1492 5341 1701 8307 8622 7564 7374 6284 5004 7667 4136 4050 9073 6769 4939 526 6518 9675 3460 1939 0 7125 6131 1022 9817 4994 2926 9262 921 3417 6709 7335 3091 9320 8077 6784 421 7840 7848 9880 7134 7487 2979 6110 795 2074 2790 7498 782 5805 6364 3230 2018 9383 9974 1738 3468 7314 5500 9586 2281 898 1747 1287 5917 6589 1561 9449 2331 3348 678 9862 2801 6963 8150 4526 257 8210 8296 2299 9147 4405 9803 8898 4685 2315 8866 880 4894 1727 1894 972 7350 3276 7893 9164 9427 1144 6147 8678 3309 5656 5294 6521 6320 7991 8743 2709 5434 1386 4680 8499 9735 5588 8959 5827 7171 3593 5969 4829 5521 9511 1997 7120 9808 1076 8603 8935 4813 3864 4568 8453 1286 187 5733 8621 6699 5687 6694 3794 2465 7215 1438 4196 9898 3316 3353 7557 786 5248 7999 2232 7141 9447 1719 1941 2673 8836 3306 4413 1839 98 9291 1000 1440 8333 708 8445 4657 7042 3031 9050 184 3373 8747 8103 7893 7851 7432 9150 2887 2755 7628 7155 3907 1262 6095 932
2591 6145 7672 3699 9252 7296 9388 1157 9434 2792 1604 8507 5233 5255 5983 4221 9199 7349 4732 8314 4344 5437 8305 9514 7996 7767 8357 2216 7911 5650 7593 8464 7125 0 8033 8789 6028 9282 3435 5126 2728 5901 2392 9678 639 8496 633 3838 6536 8086 9767 4454 1398 7830 2618 9277 8353 7146 2581 260 4182 7863 8828 3875 726 3347 6278 5267 8270 8202 8851 4713 3371 6218 553 3051 3722 6899 1703 310 7782 6016 9296 6988 1881 773 4136 4430 505 4146 3153 1523 3612 6185 1020 2034 6323 8104 5595 2216 9979 8639 3018 7410 4506 6901 1789 364 6088 4654 449 8130 3672 5646 492 9689 5426 5716 16 3001 3819 5028 4093 7038 4182 9463 2847 357 4357 6591 9908 6611 12 6066 4661 8121 2189 3801 1526 3257 2181 366 938 5815 8632 3984 7213 523 2407 1038 5480 1587 7715 9057 5780 7543 6355 1890 2309 2787 9930 1497 6127 3263 4585 9159 7631 1432 9957 5233 8904 5078 9960 2033 549 8822 9817 2081 4219 7534 9641 1756 1419 8626 3121 7110 8004 8922 8626 1134 9313 4979 8090 2828 5087 2847 2508 8434 1304 6941
1608 4233 5712 1945 4398 7536 8616 6626 8959 2496 7999 4869 8612 2703 3136 1308 4944 5075 7823 8740 1869 5473 5483 140 6952 3586 9141 3452 6660 3365 7340 548 6131 8033 0 4431 9924 7066 1899 629 7332 6005 2148 7819 407 3742 5457 5675 6528 3021 8393 920 5107 4793 1963 6249 3643 6991 98 4757 6962 2492 42 7032 5317 1236 2195 320 6099 7365 4575 5346 5677 2122 8556 8480 4595 8799 5599 7624 350 8965 9388 5089 2467 9922 1493 7487 9685 4940 2760 881 8703 7351 3528 4555 7328 6 9116 698 5837 3339 1212 3594 3232 5321 1877 2450 8360 2801 7129 4627 1958 5373 6279 1648 8247 2693 3861 8309 2538 2076 410 3026 697 2488 9368 8266 6276 6272 6818 6277 2306 7341 2202 7189 5755 7267 8334 6332 9589 6208 4879 1233 1736 6739 5452 5374 5826 1094 6171 653 9458 929 522 5475 3023 138 8251 6236 4320 3887 8110 6298 7448 4375 7030 4615 4297 8959 6778 2357 2923 1370 6498 7366 5871 2624 4632 740 9190 3951 8367 2704 8829 335 5149 2676 4462 2170 3754 5971 5777 6671 6085 9107 8307 2435 6481 8442
9666 7018 7919 2818 6739 8625 4378 639 5761 3973 5124 669 5303 2266 627 804 7957 4214 3554 3361 5651 8672 6036 1878 3474 8142 7268 3131 7629 8029 9994 9447 1022 8789 4431 0 3280 7421 9196 7400 3251 6783 327 1842 7259 9407 2616 1201 766 7826 1508 434 8108 2887 3463 2039 6555 1297 8580 1964 2432 3195 6544 6801 44 217 5716 6844 9123 7374 4788 6721 9481 7389 1331 1235 6172 1021 5989 3161 1505 686 1099 1230 7580 8865 2366 9940 4772 5664 6880 9881 313 9596 3090 5479 1630 9918 6104 897 3086 1935 1731 8444 557 7627 7271 2520 6119 8295 3290 7508 7644 3677 1569 7429 1492 4969 4256 8627 9363 6317 6629 209 6091 3179 9878 7484 211 5497 4608 473 837 1739 6441 7191 285 8545 3106 9096 6922 3060 2120 23 2021 7538 7961 1542 2774 2107 1085 7121 4369 9113 6216 2668 7773 8689 4904 9849 8595 6344 2994 496 9016 2799 9639 8736 2585 3930 347 7365 8196 2512 9703 6074 1742 2785 4700 4317 6720 9255 304 291 9065 7867 1424 2876 2337 3365 2082 2351 8374 1892 4773 6763 4321 9915 9045 1061
8733 6529 7530 2196 5539 4574 7579 9282 5285 488 7848 2471 9933 1340 2574 706 2663 3491 2499 605 9127 6432 6146 863 9560 652 492 8101 5527 9366 6497 6134 9817 6028 9924 3280 0 8055 3488 3484 3711 573 1596 1800 8804 9962 9664 1298 9750 3856 5030 4168 7161 2172 4290 4916 7142 1595 8926 5812 2904 6177 8611 1009 5771 6779 257 8667 1828 4870 4536 5511 1336 534 2791 5380 3408 91 1793 2805 8111 6345 2698 1700 5070 9493 4652 2822 4101 2879 4730 9195 434 9065 116 566 9810 3659 3677 4543 7689 5805 271 9692 93 5493 9636 8062 1714 9469 1809 4734 3028 1467 220 380 5743 3232 4492 7144 7981 7856 2548 3745 5044 7149 3431 4091 8507 8513 2213 9063 85 3050 8383 8206 5415 634 2865 939 4819 9615 8625 3739 54 7620 8757 7283 7750 8986 5204 3715 5872 8464 4501 2922 5015 1792 5745 3851 6290 7500 4265 4220 8400 945 756 8251 2815 4117 4863 6477 6466 1479 1403 6333 3994 6391 1025 6803 4823 1157 707 5200 5739 5967 759 2821 8342 4085 4949 2569 4984 9459 7804 9171 696 3983 9634 2292
6101 8144 1054 2631 6028 8881 7766 81 5767 5356 1971 614 2611 397 7330 5866 1256 2929 2835 3322 9752 2524 1393 6476 9631 499 8500 2710 4478 6315 3401 100 4994 9282 7066 7421 8055 0 2265 6769 159 8541 5359 3349 408 7798 3897 7382 4187 2324 9919 645 4777 9318 1095 3602 42 3859 694 7295 5232 2118 8255 7446 7640 87 6075 8301 3952 6309 6143 4977 4361 9038 4045 5656 4640 6459 3646 426 1811 614 5367 2937 2310 8015 9827 6947 7778 2602 1853 6833 166 6774 260 7229 8644 1625 6098 7488 4797 259 5163 2755 5952 1207 7259 3487 175 5089 2447 3296 2654 8420 6603 9785 494 2961 5479 8754 1647 8799 7863 7209 1819 868 1456 1190 8767 4911 7193 6707 4885 6201 2992 7667 5032 2593 7566 7591 9272 6667 78 6508 2083 6054 8231 8021 8171 5564 5449 3424 2913 3934 8437 877 826 8755 2297 1675 3206 458 783 5822 8602 3762 2360 9102 7883 1796 3347 177 2324 123 3329 6386 3213 8721 3919 3898 1295 658 7233 9656 7790 2128 6275 1905 1516 3529 8701 4096 9409 5529 1577 1327 2341 3666 9019 5498
1277 6294 6157 2979 2226 8705 9574 5192 9575 1878 9004 7925 1910 9206 6681 2217 5972 8386 6110 1853 5036 2624 7177 2152 3491 6012 7950 5728 241 1145 7666 995 2926 3435 1899 9196 3488 2265 0 2071 7397 2996 6725 130 2801 5834 9323 8903 9857 2498 2306 6404 5748 8875 2913 8579 9556 3903 5294 7321 3917 5876 8657 3376 6647 3150 4481 3359 323 6094 1295 35 1646 8375 6653 69 985 5390 2967 2362 692 7019 1514 4962 4505 5423 5507 8831 5022 2925 5694 4611 5902 7767 9935 4805 7702 76 3624 8991 6878 9756 3749 7345 49 6301 3323 5318 8149 4539 5153 2524 1851 3277 4888 2778 2894 4981 4364 9510 7515 3793 3663 8224 4212 1010 1572 9010 9561 9850 2983 921 2490 4977 664 8735 8226 873 7864 3978 1989 6092 8140 9323 9316 1334 6804 3346 5418 8373 8636 4627 5127 381 9029 7259 5242 1118 1555 6119 5877 9428 394 6603 1009 4515 5173 6135 2275 7046 6543 386 3297 4214 7148 465 3714 4383 7456 1054 6742 6320 7215 7108 9055 8675 2188 5476 978 3878 2958 7336 3436 7580 1868 1155 3799 7721 7907 4804
5417 8083 4080 8818 272 9479 3252 5872 8786 5528 3220 805 4453 9925 8557 3083 7116 7961 9319 2356 7190 8716 8668 3958 3930 5725 1088 2827 5265 9229 3777 9306 9262 5126 629 7400 3484 6769 2071 0 3046 695 7261 5670 1939 6005 4791 8311 4589 2675 2764 1210 8255 833 3137 3345 5862 3002 7578 2617 989 3761 4674 7236 8839 4334 742 8997 6331 6767 2269 6286 2430 3690 3937 8575 1311 5411 2110 9739 8794 225 4789 7126 6875 7870 7310 3393 6682 6097 1357 9255 6193 9395 2393 7080 9315 459 6609 120 3488 5218 1753 232 3008 8667 6306 7681 560 2489 6551 4502 3436 5716 8837 3787 7915 7677 5020 313 5385 2793 7743 2590 348 4925 383 3286 1101 6108 5706 8587 902 8619 630 1895 7085 8771 6552 5862 8237 9740 2945 2492 8073 8617 4036 1554 986 57 7365 4842 5831 4847 2806 3303 8194 6449 1687 6036 5317 1236 1303 5065 4715 28 2773 9771 2233 3506 6975 9490 7336 3392 6027 687 2221 1025 3237 7297 4081 7818 4877 7221 2677 2115 882 7139 69 6779 9421 7856 3928 4647 8167 3747 3467 5301 4012 561
9741 948 1564 7511 5573 7010 2893 507 4630 580 9589 5029 9113 4805 6600 6599 1783 7811 2377 1774 8019 6407 6925 1030 2913 8785 8242 4591 9803 742 3946 6135 921 2728 7332 3251 3711 159 7397 3046 0 3125 7082 6252 1923 4042 7824 7441 7248 9581 181 3626 781 873 4940 2701 3980 8552 6544 3330 1202 6939 4397 9057 1377 1602 213 4738 1389 3021 7887 3520 4627 5578 9327 4061 4404 9526 7958 6568 331 1111 7365 347 5267 973 2714 6267 1957 616 5956 270 6419 4992 4949 6647 803 1475 7551 5758 9697 476 6347 1014 8382 9981 3688 3062 2127 5359 781 4663 4674 1856 176 3422 6935 6777 5925 3252 1304 4607 5162 7146 3083 6805 416 9764 3158 9189 3910 2562 9482 5637 8530 3628 1629 2768 2004 8867 826 4415 3548 207 2163 5437 8255 4997 3391 7032 6210 5678 4525 6575 929 7609 1993 3640 2508 8868 7646 5718 7875 8100 1150 6872 144 3147 463 8980 1589 5415 2538 7326 3733 9529 6424 5880 6144 5898 2806 5591 7349 7778 2035 1086 1597 7439 1635 7767 9854 971 7488 9481 3536 6306 7373 7986 2087 6880
