100
0 2685 6745 7096 9603 7592 7376 1159 61 8728 5893 7626 7987 8799 6467 6667 1892 8634 554 1900 5704 8244 2879 3735 382 9401 7971 6769 5552 2076 2319 1987 5938 5003 6295 606 2508 6816 8695 9318 4819 4107 211 699 2326 5094 6394 8488 3600 4957 9203 59 4552 8486 6714 4344 5652 4853 5692 5754 3233 5866 4960 7032 4773 1659 3145 3235 3277 9398 661 419 3405 7094 3221 7184 7811 9693 37 8141 2091 3780 3466 2377 2622 8793 2803 186 9351 1170 6542 8497 6006 2731 7039 9452 8130 5539 2162 8767
2685 0 8194 2903 789 2710 3540 115 2486 5456 2926 1678 1057 4430 5980 1733 8142 3962 1812 9755 6279 8224 9950 7991 9513 7601 7796 4951 5316 1857 3350 1017 8594 922 9723 1767 8157 6223 8341 3350 7336 7642 2629 7843 7628 1721 3111 2035 4103 773 2965 1489 2369 1280 2306 1665 7175 768 8745 1736 3798 2707 4185 4731 8837 8812 3057 7131 941 966 7657 3571 6269 2699 9298 9383 8402 8263 587 176 5500 4114 9641 5604 2396 4174 3222 7059 9477 885 27 6927 465 3930 5457 4260 6399 1674 3992 2282
6745 8194 0 3297 5591 7147 8391 3243 7635 5826 6937 1115 4321 4851 9858 56 1664 5716 1480 5679 2147 4349 4105 8837 5187 3292 7079 5393 1230 5695 3188 6384 4 8932 6509 1522 1405 878 3603 8137 515 3974 7948 1891 769 9972 6841 4280 3599 8069 252 9914 4729 3471 6020 5166 839 4377 5306 6743 2007 8198 1333 6359 8027 6635 1231 5139 844 826 1581 7547 6057 7713 5612 7528 6955 2943 9558 325 8390 3901 5696 7079 2574 2318 4518 7959 4221 7657 2549 9429 6959 2849 2424 7813 8262 7193 9765 5094
7096 2903 3297 0 5493 9537 7539 9360 2319 1863 6047 2646 2775 4332 7371 8774 627 3716 5400 4254 5596 1412 7729 8522 4058 3179 2649 6571 783 978 6748 7289 3359 9801 3975 1993 6579 5120 1022 8909 1955 3186 8721 9502 7786 4169 6130 497 8318 3554 9021 3455 7397 7443 6024 3512 5776 8937 9516 6970 1462 636 7926 4966 4095 1657 3216 8265 4367 9849 9059 115 3715 9534 3634 1778 2282 8271 8365 1129 8397 1005 3722 2055 6466 9301 5740 9664 8355 1708 5649 4821 5525 3245 5427 3837 7128 7958 3377 4464
9603 789 5591 5493 0 3495 1309 9898 5721 9101 927 5928 5153 3871 7587 8668 4794 4819 5118 8468 8270 5032 2048 4562 9435 8571 454 9735 1172 1777 992 1409 1910 2327 1906 2030 3753 1322 8625 1966 3895 7117 1604 3956 9232 5931 8711 8821 4278 1777 9980 2091 7683 1388 7552 2907 1823 7655 3889 9715 3177 1447 5922 4164 2627 3174 3968 4972 965 8763 1650 4785 7992 8353 2361 1149 4328 9134 4720 4660 2156 6608 4531 885 6624 2983 7266 5721 2427 8229 5664 5939 994 5469 7162 9765 8186 5037 1527 3103
7592 2710 7147 9537 3495 0 3399 9732 6403 3306 1783 2575 6905 2961 4961 8975 2291 5507 3791 2451 6209 2270 5941 9695 1150 3355 5201 3435 1437 2805 8114 8163 7741 2348 8875 4642 4221 6592 3414 902 8275 8378 4566 5862 4597 6326 6581 3042 2883 9513 9178 6863 9855 9977 6442 1597 7612 7554 4209 8874 1112 1241 345 3306 8521 6754 8756 2780 3529 8737 1673 8674 7634 2633 8484 6526 1483 7759 6764 5314 2347 7001 9950 5332 5919 3768 8201 6532 9174 5076 1577 8923 7578 5316 7050 178 4113 5537 6285 1116
7376 3540 8391 7539 1309 3399 0 1277 5450 5696 9868 5093 6406 5228 565 9763 9284 8880 8373 8808 6847 7706 3653 8600 739 6292 9434 6596 3057 2866 1219 9483 2821 3315 1916 7016 9996 1366 5800 6266 4801 1089 5387 2605 1198 5848 4861 2688 2344 1969 1006 7347 7989 9024 7951 7224 7379 3970 2323 6802 8697 9670 6559 5503 6397 647 1612 8042 1176 2900 5484 6418 6839 8730 5819 5676 9413 351 6537 4305 5721 4920 5972 9907 9013 2591 7269 4425 7028 282 655 6772 5047 6421 4551 1060 2084 6430 4555 9446
1159 115 3243 9360 9898 9732 1277 0 8411 6 3258 79 9510 2356 3821 8790 6809 9908 4423 1884 9039 9915 4405 3093 5397 8291 3624 4666 1271 2726 5761 8148 1946 8969 9133 9807 681 9617 4790 3915 4521 3300 4425 8781 5703 2127 5350 5361 2858 7398 2380 3458 9272 9439 5916 6711 7031 8036 5366 8536 3058 2595 4920 7467 2346 6406 7915 8213 9056 3788 6294 5033 6011 7965 5881 1735 1706 2364 1308 1940 9314 3464 8331 8108 5034 1933 3522 6726 975 8056 7466 8759 8371 9356 6527 8724 8550 8872 2135 3442
61 2486 7635 2319 5721 6403 5450 8411 0 3917 9492 8916 8276 2841 2444 5257 339 661 651 8516 6177 9961 9252 590 4661 5055 2464 3723 9015 6173 6020 5630 9807 4835 7022 7651 2071 3352 7056 748 786 7601 4075 1890 3616 4490 4053 3479 146 3365 6577 6728 204 6091 8901 5112 9122 4167 5484 3241 9336 3057 3535 4145 7441 6086 2515 9840 9233 3736 5315 5328 2830 7540 2242 1459 8703 345 1721 4351 7566 1938 96 3734 4445 7584 6775 5121 171 5921 6339 7830 69 8805 7570 505 8334 5943 8849 2828
8728 5456 5826 1863 9101 3306 5696 6 3917 0 9291 9833 2664 2188 3751 4843 182 8769 1452 7614 1563 8759 6164 7602 9317 9757 9685 6523 8679 9984 351 6208 2119 610 9599 6635 7271 850 2752 3552 2967 4810 2065 3841 7737 6164 74 9403 7847 7155 6542 72 1130 9636 1821 7192 9668 663 8458 5657 9976 7943 7133 2052 4221 6389 2697 7846 4417 9892 5583 2885 1137 5980 4962 7955 2325 6098 7642 6186 7931 1897 4440 323 7312 7382 8445 1773 4128 2986 3439 4379 2081 2398 38 7688 9247 4045 6050 6111
5893 2926 6937 6047 927 1783 9868 3258 9492 9291 0 8754 1519 3692 8838 6864 5090 8547 5212 3244 8854 4283 7982 5950 1556 9438 9096 9574 6150 2717 1575 1180 557 4038 5620 625 8874 5003 1508 8363 9676 2818 7000 9216 4510 3255 3377 4607 656 1949 1513 2525 7267 2213 3930 1882 5370 8193 1554 7892 8833 3342 3399 7402 1759 9975 1344 9142 6580 5420 176 6569 3731 9812 8077 6559 8328 4947 1776 8662 9338 9329 8769 8908 7367 2409 1383 262 583 831 6820 3377 547 346 5584 787 6716 6467 6351 8461
7626 1678 1115 2646 5928 2575 5093 79 8916 9833 8754 0 8126 8406 8101 2205 4441 171 4310 5691 797 2455 1294 6606 9936 679 7145 5562 681 1377 2408 8461 786 8777 2938 5585 3297 9648 1669 2781 9964 7766 5751 3419 6099 1739 309 8054 9088 9704 8530 6803 5741 7896 1588 5338 607 5300 1917 9845 3731 2579 156 7542 981 3050 7232 3414 1389 5784 9140 7757 3430 203 2237 8047 795 7333 8305 527 7432 9741 5088 7715 5359 6429 2693 1589 186 8336 2791 1141 1259 1937 4514 4961 4051 2319 9414 6536
7987 1057 4321 2775 5153 6905 6406 9510 8276 2664 1519 8126 0 2449 4503 2234 3146 6738 7055 1388 337 1191 1841 252 6426 6410 5288 6159 6366 1909 842 8393 5959 840 1129 1085 1247 8403 292 9139 9876 3223 3539 5146 2016 3412 1698 7943 5254 3147 9470 2295 1593 1016 1710 9097 2231 3831 2354 8517 9216 4748 82 1530 3535 7283 4299 5007 2405 9329 6686 5304 8836 5769 3624 1854 7209 2430 9725 6959 7107 8361 5025 9046 3195 7486 2086 168 4084 4540 7437 9056 919 7928 5280 5959 2876 355 1209 7256
8799 4430 4851 4332 3871 2961 5228 2356 2841 2188 3692 8406 2449 0 5898 605 6133 9318 448 4491 399 9038 8996 6918 8231 3568 3255 2559 8436 8454 2935 1541 6580 6986 6196 1819 6911 919 4305 6930 6056 2970 2978 9653 56 3911 7406 1516 8261 8507 5567 6206 9437 8633 7235 3081 5980 2130 2526 8450 2898 400 5754 5897 8192 5208 8899 3077 8420 2345 1741 5995 640 7670 9298 656 3086 8384 1605 7883 6089 604 6277 5912 9042 7093 1511 9613 5683 9780 5122 435 1826 1862 819 4317 3919 7159 7655 8604
6467 5980 9858 7371 7587 4961 565 3821 2444 3751 8838 8101 4503 5898 0 1440 3166 5673 1688 4192 9181 971 6283 7178 3774 6807 1327 9310 3152 5312 6048 3704 3823 4287 1498 210 1199 1098 3035 4975 5165 7960 4098 7949 1408 4510 6690 9772 1854 4988 7894 6218 2422 271 113 8955 6610 3956 1861 8943 719 6412 7149 2368 3525 4657 6178 1136 8341 2404 5673 2129 4806 8755 3753 5368 6617 9037 2996 2566 2699 5941 2514 9056 5978 1841 3956 7454 3581 3092 2200 9426 7457 595 7210 7955 3450 117 604 7178
6667 1733 56 8774 8668 8975 9763 8790 5257 4843 6864 2205 2234 605 1440 0 6587 1286 3559 2826 9470 7636 8809 953 5433 2375 6790 6881 1597 7792 8978 8509 8716 5915 1007 5699 7222 1381 6521 8443 817 459 5816 1750 5621 9418 1817 5140 9120 5962 9472 255 7911 9064 1711 5439 2355 2989 304 7652 9495 6731 1023 2833 8499 7354 9581 8794 4950 133 2322 9387 9032 5861 1080 4102 3516 5698 195 4370 2758 9133 395 1367 6075 8949 7708 7692 6694 1088 8049 6155 8214 6573 2144 6880 9683 6820 1927 5036
1892 8142 1664 627 4794 2291 9284 6809 339 182 5090 4441 3146 6133 3166 6587 0 23 1773 5185 842 1256 5705 1173 551 8647 3122 978 544 5895 5987 8420 3612 4024 3830 4701 8214 7487 2472 9596 108 2044 6341 7185 9933 5792 8433 7196 8148 6476 3115 6906 5536 6350 9822 6086 9331 7587 8247 7773 4343 9318 3087 7330 9224 850 667 584 3743 7771 5382 2250 921 2750 7393 184 6807 3349 2800 1447 821 6052 8861 9796 3224 3393 8858 5573 2454 7567 2448 8197 1170 1487 2795 7777 6908 8929 8806 9583
8634 3962 5716 3716 4819 5507 8880 9908 661 8769 8547 171 6738 9318 5673 1286 23 0 960 8623 5412 1680 6609 3516 281 1092 9921 3940 6939 1155 379 5915 9353 279 2454 9425 219 2719 2272 8789 3731 4232 3351 2311 2539 2453 8929 9942 8787 6912 4132 1347 4662 2740 1467 7681 5082 2500 544 8433 1395 2244 3618 9385 5266 7182 901 9691 1290 709 2115 1725 144 619 4869 2929 6308 5864 1438 584 7578 8854 8670 3102 501 8861 535 2459 3405 2818 6811 2532 2179 6178 4933 745 4955 3127 3363 642
554 1812 1480 5400 5118 3791 8373 4423 651 1452 5212 4310 7055 448 1688 3559 1773 960 0 5382 1323 9026 8396 2893 4227 4387 5276 6101 4756 856 1977 7047 6367 7038 4985 4510 972 1162 3478 7719 2010 4224 7356 8591 8723 890 1835 6544 9288 5681 8908 4034 9193 9752 8229 3534 2983 3955 8753 2977 348 8944 3030 8592 8458 7911 1743 1396 1724 2397 5266 5352 371 893 2875 9329 2691 660 1938 6963 3503 3635 9967 2958 5513 8670 3000 2375 1709 8384 2916 9927 4961 3904 2176 5779 3535 6746 9944 5452
1900 9755 5679 4254 8468 2451 8808 1884 8516 7614 3244 5691 1388 4491 4192 2826 5185 8623 5382 0 5388 2410 6006 5651 4966 7689 5752 8783 5736 7379 874 4451 3391 5713 8374 4057 8845 7817 8082 3703 8083 2846 3080 7703 4691 4619 9448 8137 6731 2492 7257 1270 975 9328 3299 6924 3865 5468 9061 3725 626 4998 8988 6447 7185 4819 9779 4676 3489 8628 2128 1762 775 2231 6142 3483 2492 5558 3846 2631 5620 9441 1610 6272 4739 4016 8322 269 7778 5774 4018 906 344 253 9162 7960 488 2043 2172 1188
5704 6279 2147 5596 8270 6209 6847 9039 6177 1563 8854 797 337 399 9181 9470 842 5412 1323 5388 0 69 561 5633 2851 8326 2641 3865 1052 8495 2810 541 7629 1400 4610 5250 5429 7966 2361 9361 945 1418 365 6542 2305 4793 5911 166 5110 5853 2649 3888 8802 6938 8253 9749 1287 6753 4206 5404 9517 1847 3832 7468 4500 4983 7230 9819 355 3031 653 3775 594 651 1439 9829 7645 1223 6970 8807 3773 7029 1410 1887 1787 6298 3266 100 2711 8834 6896 443 7501 7733 3604 3358 2209 2051 5565 8102
8244 8224 4349 1412 5032 2270 7706 9915 9961 8759 4283 2455 1191 9038 971 7636 1256 1680 9026 2410 69 0 2245 9503 3167 4528 5028 852 6319 6352 5874 96 3750 7420 3288 3944 1899 7942 9385 8837 1438 3010 3078 645 390 5406 9341 7956 7605 7607 7400 9756 5127 1491 2678 9602 3435 7554 9101 4422 9292 9031 2751 858 7566 3292 6828 3682 4361 1094 7504 7235 4698 6604 2972 1289 8642 5917 5532 8741 3659 1013 1388 3416 5230 2238 7890 3106 5696 2639 8694 6051 3330 4833 5302 8371 9461 4385 4156 2004
2879 9950 4105 7729 2048 5941 3653 4405 9252 6164 7982 1294 1841 8996 6283 8809 5705 6609 8396 6006 561 2245 0 1321 985 9083 9681 2372 785 1949 6601 4453 9510 7652 9184 9715 1207 2652 1423 7388 826 9037 9020 7593 4416 5601 5291 6619 2386 1235 9473 5777 8464 3883 8759 3628 6333 9882 6145 2767 4331 7957 5753 9189 5512 6459 4853 5005 7988 7337 2308 6703 865 736 7273 1642 1204 5692 8491 4168 9880 4610 1879 8369 7892 4452 8063 8865 8137 8721 9485 5413 2077 3787 1340 742 7406 5756 7579 8600
3735 7991 8837 8522 4562 9695 8600 3093 590 7602 5950 6606 252 6918 7178 953 1173 3516 2893 5651 5633 9503 1321 0 5801 4456 4587 6246 1388 4038 2409 6053 9128 4018 5770 3215 4898 261 9528 1908 8854 8409 4665 8673 4533 9233 6352 7297 7009 8386 2254 1784 8129 7673 745 1176 507 6536 8292 7733 9372 7543 3345 5207 9649 1336 7825 1034 4931 9867 3284 5187 496 3634 4021 8140 4304 5918 3461 504 9633 5917 821 3087 4421 853 1600 71 2061 4238 5941 3019 5169 7514 1789 2779 9608 939 2949 2686
382 9513 5187 4058 9435 1150 739 5397 4661 9317 1556 9936 6426 8231 3774 5433 551 281 4227 4966 2851 3167 985 5801 0 4214 9597 716 1178 8805 7233 6027 9170 2964 7813 3957 6168 9180 5734 8786 4140 9984 2211 3923 9131 7389 8635 6432 7879 703 3809 3638 5270 2283 761 136 7823 3377 729 7550 6254 9397 8798 5414 8940 9782 5233 1769 8428 4930 3749 2584 7921 3426 8824 420 273 4589 8594 6727 6147 1683 884 6233 9869 416 5309 718 7938 2008 6604 9046 1483 6355 198 4012 1397 7894 8167 8676
9401 7601 3292 3179 8571 3355 6292 8291 5055 9757 9438 679 6410 3568 6807 2375 8647 1092 4387 7689 8326 4528 9083 4456 4214 0 8439 7228 4525 9301 4186 6718 1588 8211 6725 6095 2526 6529 1805 6288 5354 1496 7121 7841 3351 4244 5683 3220 393 7819 2633 2911 7686 1112 8616 6676 4444 7231 7437 428 8212 4581 4750 911 8544 1828 2532 6424 5262 2772 1252 1301 1167 7563 4048 8758 5558 1346 52 3803 6023 3131 353 6156 7319 8340 8379 7793 5965 952 2186 5350 9244 3669 6189 3890 9093 4687 9295 6102
7971 7796 7079 2649 454 5201 9434 3624 2464 9685 9096 7145 5288 3255 1327 6790 3122 9921 5276 5752 2641 5028 9681 4587 9597 8439 0 9353 7431 1661 215 2633 8507 2456 9127 4019 9042 7149 3202 470 4930 4146 8543 559 6135 4901 8429 3284 8460 3964 6434 4092 5827 7898 8485 7040 1431 5941 998 3161 6887 1188 16 5648 5919 9592 3070 8669 1337 8469 1460 7975 6468 6551 5697 4704 2658 8942 5698 4535 3734 3796 4952 788 4260 1495 9908 9335 5966 2409 3892 3561 2056 2843 6192 9377 583 7378 7961 1300
6769 4951 5393 6571 9735 3435 6596 4666 3723 6523 9574 5562 6159 2559 9310 6881 978 3940 6101 8783 3865 852 2372 6246 716 7228 9353 0 650 3885 1556 1190 7063 4792 9950 5551 7745 5606 9942 6980 6632 1755 840 511 1881 7560 9220 2678 2488 7891 7115 9961 8266 8745 4113 4574 8813 1031 2838 9599 3286 1438 7994 3647 936 5548 8853 8525 2018 9247 2925 2090 137 6604 328 8758 9355 7830 199 6747 9614 5250 7130 8911 9096 5115 4570 7919 50 6793 5431 3082 9129 9671 2569 405 6591 2968 5527 2822
5552 5316 1230 783 1172 1437 3057 1271 9015 8679 6150 681 6366 8436 3152 1597 544 6939 4756 5736 1052 6319 785 1388 1178 4525 7431 650 0 2664 365 8327 6871 8566 2620 126 4198 4849 9283 4379 8868 6643 887 305 471 6699 7603 8311 573 2246 5167 4565 6440 3323 7137 6290 9884 9492 1286 84 1637 8984 6213 7833 9970 4242 2989 1303 1125 4397 1124 1967 972 7115 7429 1305 7767 5312 9377 2228 1365 4744 2018 6778 5857 1966 249 374 8425 7901 2267 5126 8143 391 5551 3952 2525 2862 5056 9697
2076 1857 5695 978 1777 2805 2866 2726 6173 9984 2717 1377 1909 8454 5312 7792 5895 1155 856 7379 8495 6352 1949 4038 8805 9301 1661 3885 2664 0 5718 4571 9255 425 8972 3456 8539 3995 2056 2225 7346 639 4852 1729 1521 8363 6873 6533 8570 3701 1252 6311 671 9877 9246 1151 8815 6127 1387 7073 5404 8986 4585 9206 5938 7883 5452 7323 4708 9756 5252 6471 2249 6809 4424 1483 4601 9205 4795 1812 2721 7523 5869 7344 2065 9528 265 2644 3139 7431 3064 7130 1288 4027 3711 6605 3823 1439 5270 7408
2319 3350 3188 6748 992 8114 1219 5761 6020 351 1575 2408 842 2935 6048 8978 5987 379 1977 874 2810 5874 6601 2409 7233 4186 215 1556 365 5718 0 7536 8358 7257 9057 6954 3140 561 9791 2035 2257 1491 2280 8256 5611 6889 2223 9181 5788 4649 3852 4730 1029 2921 8925 6247 1086 4314 1123 3668 5414 203 5931 394 9811 7639 6328 9285 8813 5292 1337 1480 538 4440 5113 1687 6755 2892 3979 306 4615 8624 7117 2721 4711 1102 5198 5556 3876 9120 6937 5721 8268 1488 3135 4842 8060 7656 3798 2920
1987 1017 6384 7289 1409 8163 9483 8148 5630 6208 1180 8461 8393 1541 3704 8509 8420 5915 7047 4451 541 96 4453 6053 6027 6718 2633 1190 8327 4571 7536 0 119 5571 2823 1742 4349 7153 7638 9376 9101 1437 785 834 4043 3256 425 8841 6744 8782 1902 1477 2654 5389 4194 7726 8778 8840 3827 3759 8862 5638 5384 8423 2935 3994 6038 5820 6773 5890 9400 1571 3192 2388 6523 4843 2744 3131 5413 6226 4248 7081 4459 4397 9090 3411 5605 6553 651 152 4307 8250 3947 9764 2869 9563 5519 7940 2438 1062
5938 8594 4 3359 1910 7741 2821 1946 9807 2119 557 786 5959 6580 3823 8716 3612 9353 6367 3391 7629 3750 9510 9128 9170 1588 8507 7063 6871 9255 8358 119 0 4436 4901 903 9851 5561 3694 8056 1516 8110 1860 9059 7649 8277 1045 139 5852 180 2060 5974 1970 7164 6555 8607 4359 4748 522 7603 401 9254 7520 4296 4341 6046 2378 9450 3653 3585 9319 9603 5914 3951 6588 7591 26 2641 111 4576 6688 5889 3404 7667 941 7374 3708 1252 523 1063 6657 8124 4276 8914 7239 2289 1131 732 1657 7642
5003 922 8932 9801 2327 2348 3315 8969 4835 610 4038 8777 840 6986 4287 5915 4024 279 7038 5713 1400 7420 7652 4018 2964 8211 2456 4792 8566 425 7257 5571 4436 0 4661 661 3808 2705 5535 8038 7054 9399 5115 9069 5935 1979 7664 914 4649 7288 3084 8075 9559 6455 8976 1625 4385 4219 8135 2541 8277 9983 6991 9166 2770 8657 6025 3404 95 2004 6750 7223 7268 1639 7125 5133 879 3779 3926 2397 9141 8747 594 6041 4744 6758 152 6509 617 167 7580 6812 2087 397 9333 3203 4211 4452 6473 8328
6295 9723 6509 3975 1906 8875 1916 9133 7022 9599 5620 2938 1129 6196 1498 1007 3830 2454 4985 8374 4610 3288 9184 5770 7813 6725 9127 9950 2620 8972 9057 2823 4901 4661 0 2851 9403 7689 4216 2950 9231 9063 5124 1028 9621 4113 2208 5380 1319 4163 5274 5869 3376 4591 6035 1475 9493 6914 3036 8024 1479 9150 8669 4430 2671 5187 2627 367 1456 1312 2656 1174 7276 7096 5540 2319 5008 4093 1988 62 9831 4287 3722 7015 4516 2704 6569 8395 2829 7169 8702 431 7964 8869 5390 2111 3725 9288 7291 4257
606 1767 1522 1993 2030 4642 7016 9807 7651 6635 625 5585 1085 1819 210 5699 4701 9425 4510 4057 5250 3944 9715 3215 3957 6095 4019 5551 126 3456 6954 1742 903 661 2851 0 2648 8593 2031 656 5266 819 9222 5531 4585 7628 8899 8945 5124 1833 7665 6046 4599 4260 5293 8924 2719 7991 2794 8631 4148 3999 9767 1069 4753 127 8056 7559 8022 6786 7073 352 1804 4773 8354 2978 693 1275 1143 6075 651 6651 5474 7502 9548 174 4158 8589 3888 1506 4255 4205 7038 1430 8426 6679 3380 6988 9738 1302
2508 8157 1405 6579 3753 4221 9996 681 2071 7271 8874 3297 1247 6911 1199 7222 8214 219 972 8845 5429 1899 1207 4898 6168 2526 9042 7745 4198 8539 3140 4349 9851 3808 9403 2648 0 718 14 7807 9098 7876 8179 3388 4238 8035 3558 5662 2025 1334 7322 9401 9403 3053 4804 182 3134 2522 5818 1689 6172 9936 1038 2155 1911 9206 5908 6869 1606 1999 4947 4583 7575 7654 1508 4897 5809 8763 3617 185 5855 9939 3518 3764 2694 5117 8529 2991 7289 2603 5995 9063 8028 2826 8821 9971 9907 8962 6400 2775
6816 6223 878 5120 1322 6592 1366 9617 3352 850 5003 9648 8403 919 1098 1381 7487 2719 1162 7817 7966 7942 2652 261 9180 6529 7149 5606 4849 3995 561 7153 5561 2705 7689 8593 718 0 1 4467 3261 4740 8194 9743 2643 4664 7753 3364 2766 8919 1589 7518 4640 2607 7340 9814 7193 7705 4114 3163 1517 2055 978 8231 9530 3212 5907 5666 7784 3041 4857 2972 1487 3855 1304 408 9421 7894 6473 9776 5583 571 2717 303 3340 7968 891 9530 6318 1011 7593 7818 1040 4463 7051 5749 6649 5204 2834 2827
8695 8341 3603 1022 8625 3414 5800 4790 7056 2752 1508 1669 292 4305 3035 6521 2472 2272 3478 8082 2361 9385 1423 9528 5734 1805 3202 9942 9283 2056 9791 7638 3694 5535 4216 2031 14 1 0 9068 639 563 9786 2034 2558 2886 4000 7062 9003 8714 7613 8044 5701 9618 1366 3148 5595 1071 8148 2864 7344 5365 9122 4249 4685 2601 801 9404 5918 3279 8872 1384 2558 8875 6112 8826 6520 5949 7006 4849 7379 9087 391 4907 7650 8425 2707 2484 4156 7572 2467 2933 2619 124 8379 1004 884 6497 5073 4408
9318 3350 8137 8909 1966 902 6266 3915 748 3552 8363 2781 9139 6930 4975 8443 9596 8789 7719 3703 9361 8837 7388 1908 8786 6288 470 6980 4379 2225 2035 9376 8056 8038 2950 656 7807 4467 9068 0 660 7522 9809 4905 3513 236 5838 8068 896 3316 2278 8817 5035 8954 5162 5166 317 5866 1403 7034 1221 6318 1998 4778 7545 158 7374 9723 6492 715 8632 2730 1220 4929 8172 4557 3838 9271 5354 221 3415 7428 4568 5566 573 4657 9357 4474 6131 6823 297 8776 5597 1515 7556 9558 5621 6843 1805 2426
4819 7336 515 1955 3895 8275 4801 4521 786 2967 9676 9964 9876 6056 5165 817 108 3731 2010 8083 945 1438 826 8854 4140 5354 4930 6632 8868 7346 2257 9101 1516 7054 9231 5266 9098 3261 639 660 0 6142 6567 136 8946 2159 4926 8118 3809 7755 6702 7366 8189 2499 7345 1682 3455 9013 1168 3130 8903 6803 9358 8755 242 8514 171 797 2415 889 8117 5668 3100 4276 3158 5321 3607 4980 469 6264 7686 8771 4700 330 8936 6035 3045 3375 9791 4054 2037 3190 4796 3489 1900 6331 1503 1053 6752 7874
4107 7642 3974 3186 7117 8378 1089 3300 7601 4810 2818 7766 3223 2970 7960 459 2044 4232 4224 2846 1418 3010 9037 8409 9984 1496 4146 1755 6643 639 1491 1437 8110 9399 9063 819 7876 4740 563 7522 6142 0 4808 3455 4064 4795 3617 3438 7756 6683 7162 1046 6452 8193 3106 6109 4635 9450 3753 4552 4262 2442 3087 7734 8665 7996 3711 4601 395 8998 5441 7594 4551 1835 234 7716 539 9975 9121 7465 1699 474 8318 5264 8182 8114 4036 9962 9827 7304 9812 6222 2051 3625 4858 1676 130 9282 2831 6455
211 2629 7948 8721 1604 4566 5387 4425 4075 2065 7000 5751 3539 2978 4098 5816 6341 3351 7356 3080 365 3078 9020 4665 2211 7121 8543 840 887 4852 2280 785 1860 5115 5124 9222 8179 8194 9786 9809 6567 4808 0 2728 9157 3647 2889 9035 8036 8129 1334 3472 2777 136 6557 8200 2397 3327 6674 8400 8773 420 2942 4736 8146 5632 9366 2008 7175 1390 3204 4070 9432 4433 4315 7447 4409 7907 2840 1880 725 7266 8377 5284 8289 1182 6541 5188 4107 3095 1300 3593 3178 1435 8123 3737 9386 1497 3568 2729
699 7843 1891 9502 3956 5862 2605 8781 1890 3841 9216 3419 5146 9653 7949 1750 7185 2311 8591 7703 6542 645 7593 8673 3923 7841 559 511 305 1729 8256 834 9059 9069 1028 5531 3388 9743 2034 4905 136 3455 2728 0 3775 2821 4815 693 3032 7033 2583 7188 6999 3195 3699 9337 8629 1546 1017 5795 4027 5849 9214 1481 1651 6345 9774 888 1538 7700 2506 4945 9871 3268 1668 5657 96 9743 5147 9387 9845 9061 7250 8533 2140 7003 4569 1252 931 4147 5969 6782 7573 4169 2574 6516 7676 8838 3391 9239
2326 7628 769 7786 9232 4597 1198 5703 3616 7737 4510 6099 2016 56 1408 5621 9933 2539 8723 4691 2305 390 4416 4533 9131 3351 6135 1881 471 1521 5611 4043 7649 5935 9621 4585 4238 2643 2558 3513 8946 4064 9157 3775 0 6405 1610 9433 7220 3240 1352 5867 3144 9101 9363 8365 8195 2438 3839 3910 6636 2097 8626 327 1735 1141 234 4335 3413 2620 2508 3265 8142 6705 3186 4176 1220 6402 9789 8571 152 1322 4521 9202 9502 5590 913 2940 9348 7587 790 1224 9684 3528 150 2173 9856 4899 1706 403
5094 1721 9972 4169 5931 6326 5848 2127 4490 6164 3255 1739 3412 3911 4510 9418 5792 2453 890 4619 4793 5406 5601 9233 7389 4244 4901 7560 6699 8363 6889 3256 8277 1979 4113 7628 8035 4664 2886 236 2159 4795 3647 2821 6405 0 4439 4919 8586 2347 2225 593 2715 4664 6775 1650 3928 1609 6028 4991 8127 5475 3798 1297 6703 8872 546 933 5909 8710 1522 7192 1400 9134 6316 5252 2601 2179 5796 9102 940 5996 1512 8311 7593 9939 7938 6436 371 2908 2824 8459 1371 8627 5233 9662 4492 868 4486 8782
6394 3111 6841 6130 8711 6581 4861 5350 4053 74 3377 309 1698 7406 6690 1817 8433 8929 1835 9448 5911 9341 5291 6352 8635 5683 8429 9220 7603 6873 2223 425 1045 7664 2208 8899 3558 7753 4000 5838 4926 3617 2889 4815 1610 4439 0 5528 942 4416 2017 5883 3884 4950 4781 2834 2307 329 2616 8881 374 8901 6194 2414 706 1775 2628 6436 7308 6094 502 8979 2860 7685 2402 9855 1983 5686 7331 2859 967 6327 6164 1714 8104 9797 7758 5048 7148 5178 7175 1381 7714 7784 512 576 6518 4962 432 2731
8488 2035 4280 497 8821 3042 2688 5361 3479 9403 4607 8054 7943 1516 9772 5140 7196 9942 6544 8137 166 7956 6619 7297 6432 3220 3284 2678 8311 6533 9181 8841 139 914 5380 8945 5662 3364 7062 8068 8118 3438 9035 693 9433 4919 5528 0 7509 6928 1932 1710 530 5919 6741 870 53 1534 4200 4966 6320 6285 5517 2629 8630 6131 2583 2834 1950 3751 1102 2685 8575 9964 1006 8483 3725 8330 5751 6401 2743 8903 4955 8054 40 2835 6951 8377 9053 9179 1849 3864 4043 5448 9496 3345 9900 4277 7840 510
3600 4103 3599 8318 4278 2883 2344 2858 146 7847 656 9088 5254 8261 1854 9120 8148 8787 9288 6731 5110 7605 2386 7009 7879 393 8460 2488 573 8570 5788 6744 5852 4649 1319 5124 2025 2766 9003 896 3809 7756 8036 3032 7220 8586 942 7509 0 9056 5168 339 6612 2145 6544 6639 1547 9347 5748 6166 8291 500 325 9706 526 4183 2658 1790 6791 4028 997 3224 1905 4313 6319 4804 5579 3862 610 9757 5346 1604 6771 1429 8527 3341 3358 4002 4749 392 4258 3282 6346 4044 5140 1931 8985 906 5919 1876
4957 773 8069 3554 1777 9513 1969 7398 3365 7155 1949 9704 3147 8507 4988 5962 6476 6912 5681 2492 5853 7607 1235 8386 703 7819 3964 7891 2246 3701 4649 8782 180 7288 4163 1833 1334 8919 8714 3316 7755 6683 8129 7033 3240 2347 4416 6928 9056 0 4445 4062 4136 7811 7695 7389 2188 7822 3050 3133 4684 495 2537 4356 6682 5775 7755 415 6919 3255 2757 2040 6961 8394 562 5381 5669 5126 5938 6209 1738 9253 3610 3369 9655 6833 3370 3927 5177 8485 3091 5816 136 4734 7108 8389 5034 9304 6235 2134
9203 2965 252 9021 9980 9178 1006 2380 6577 6542 1513 8530 9470 5567 7894 9472 3115 4132 8908 7257 2649 7400 9473 2254 3809 2633 6434 7115 5167 1252 3852 1902 2060 3084 5274 7665 7322 1589 7613 2278 6702 7162 1334 2583 1352 2225 2017 1932 5168 4445 0 6260 4065 5324 858 841 112 2156 3285 7139 6481 4032 5316 1652 4506 4075 8991 7369 3198 7491 7119 5684 9813 9648 9583 2337 3360 2463 96 5250 1560 7359 6809 1639 9726 5051 3700 5387 8820 5443 1362 2362 3957 2248 2842 9489 9128 8363 1419 7927
59 1489 9914 3455 2091 6863 7347 3458 6728 72 2525 6803 2295 6206 6218 255 6906 1347 4034 1270 3888 9756 5777 1784 3638 2911 4092 9961 4565 6311 4730 1477 5974 8075 5869 6046 9401 7518 8044 8817 7366 1046 3472 7188 5867 593 5883 1710 339 4062 6260 0 1862 9578 7889 5347 3912 2497 7270 2007 7293 7489 8878 389 8972 2265 7273 7907 7989 9557 2039 3916 8262 5816 431 7978 8128 7094 449 5562 3226 7170 1781 2692 2331 5342 4918 5371 5492 9126 2098 4260 5034 4475 6033 7696 7132 7049 92 1584
4552 2369 4729 7397 7683 9855 7989 9272 204 1130 7267 5741 1593 9437 2422 7911 5536 4662 9193 975 8802 5127 8464 8129 5270 7686 5827 8266 6440 671 1029 2654 1970 9559 3376 4599 9403 4640 5701 5035 8189 6452 2777 6999 3144 2715 3884 530 6612 4136 4065 1862 0 8814 7455 3729 8310 1541 1136 2979 8737 5182 9174 1807 9909 313 5977 1074 2971 9002 9818 349 3544 5974 6305 8042 8166 8839 943 7105 5523 19 8827 8234 3523 4212 271 7307 6386 3601 6998 1315 3486 6310 3346 8643 3988 5402 5560 2471
8486 1280 3471 7443 1388 9977 9024 9439 6091 9636 2213 7896 1016 8633 271 9064 6350 2740 9752 9328 6938 1491 3883 7673 2283 1112 7898 8745 3323 9877 2921 5389 7164 6455 4591 4260 3053 2607 9618 8954 2499 8193 136 3195 9101 4664 4950 5919 2145 7811 5324 9578 8814 0 6537 3218 5994 2988 4524 2681 3583 3267 8835 9261 7819 3850 2975 6433 6961 8400 2337 7037 1501 9731 6275 3425 8617 9719 8573 835 5239 5483 7484 3743 2780 9413 871 3437 2939 1296 1609 9966 9558 317 1678 5132 4236 245 5262 9523
6714 2306 6020 6024 7552 6442 7951 5916 8901 1821 3930 1588 1710 7235 113 1711 9822 1467 8229 3299 8253 2678 8759 745 761 8616 8485 4113 7137 9246 8925 4194 6555 8976 6035 5293 4804 7340 1366 5162 7345 3106 6557 3699 9363 6775 4781 6741 6544 7695 858 7889 7455 6537 0 7292 142 8813 8547 6839 1941 2295 4631 7771 2514 9865 9250 8608 1665 6983 2300 5497 7535 7930 3690 9853 7550 1707 8694 4300 9905 3602 5663 878 5715 3621 5467 9446 1452 7205 9607 6103 7184 4807 246 7465 1451 8451 9484 1285
4344 1665 5166 3512 2907 1597 7224 6711 5112 7192 1882 5338 9097 3081 8955 5439 6086 7681 3534 6924 9749 9602 3628 1176 136 6676 7040 4574 6290 1151 6247 7726 8607 1625 1475 8924 182 9814 3148 5166 1682 6109 8200 9337 8365 1650 2834 870 6639 7389 841 5347 3729 3218 7292 0 2140 9567 6600 8945 3363 1451 4922 786 9539 4965 8552 1324 789 9917 285 2032 6651 1929 7174 7119 2917 943 1495 9750 5566 7875 781 1783 9012 5042 4916 2432 6018 8662 5622 7814 4494 3886 9499 8484 1601 1974 9732 5345
5652 7175 839 5776 1823 7612 7379 7031 9122 9668 5370 607 2231 5980 6610 2355 9331 5082 2983 3865 1287 3435 6333 507 7823 4444 1431 8813 9884 8815 1086 8778 4359 4385 9493 2719 3134 7193 5595 317 3455 4635 2397 8629 8195 3928 2307 53 1547 2188 112 3912 8310 5994 142 2140 0 4587 3590 5361 7038 1161 317 6139 9726 2585 2985 220 8431 7265 1067 3420 886 2067 2517 8610 6476 4211 4393 6911 8009 87 8614 8829 595 8043 724 9309 8662 4518 544 4573 7970 9275 7512 9297 9833 1933 8706 1370
4853 768 4377 8937 7655 7554 3970 8036 4167 663 8193 5300 3831 2130 3956 2989 7587 2500 3955 5468 6753 7554 9882 6536 3377 7231 5941 1031 9492 6127 4314 8840 4748 4219 6914 7991 2522 7705 1071 5866 9013 9450 3327 1546 2438 1609 329 1534 9347 7822 2156 2497 1541 2988 8813 9567 4587 0 8408 125 2077 9551 5690 2992 3115 1500 1741 5138 6908 5110 2205 4247 3772 2348 1904 8558 1837 8188 3329 4076 4457 4390 865 5226 7863 8598 4195 3173 7548 4467 2791 4237 7812 6833 3294 7702 7508 2217 218 2460
5692 8745 5306 9516 3889 4209 2323 5366 5484 8458 1554 1917 2354 2526 1861 304 8247 544 8753 9061 4206 9101 6145 8292 729 7437 998 2838 1286 1387 1123 3827 522 8135 3036 2794 5818 4114 8148 1403 1168 3753 6674 1017 3839 6028 2616 4200 5748 3050 3285 7270 1136 4524 8547 6600 3590 8408 0 872 6224 8212 598 4102 6439 8550 9928 8192 6525 8702 3497 8138 2593 47 5473 8000 6952 2590 3323 1024 3039 9834 1719 2631 8923 3685 5363 8283 3079 3201 1471 158 8026 2961 1907 369 8287 3954 2078 3630
5754 1736 6743 6970 9715 8874 6802 8536 3241 5657 7892 9845 8517 8450 8943 7652 7773 8433 2977 3725 5404 4422 2767 7733 7550 428 3161 9599 84 7073 3668 3759 7603 2541 8024 8631 1689 3163 2864 7034 3130 4552 8400 5795 3910 4991 8881 4966 6166 3133 7139 2007 2979 2681 6839 8945 5361 125 872 0 1003 1139 7310 2583 4400 6311 4050 48 565 8196 9575 9018 9294 5724 9991 7898 232 1732 6066 2845 395 8082 8655 9688 6044 630 4629 4847 6952 4702 6115 8320 5885 3690 1590 5698 4033 9348 3072 104
3233 3798 2007 1462 3177 1112 8697 3058 9336 9976 8833 3731 9216 2898 719 9495 4343 1395 348 626 9517 9292 4331 9372 6254 8212 6887 3286 1637 5404 5414 8862 401 8277 1479 4148 6172 1517 7344 1221 8903 4262 8773 4027 6636 8127 374 6320 8291 4684 6481 7293 8737 3583 1941 3363 7038 2077 6224 1003 0 6008 9137 2101 4058 9679 5472 7258 1884 9053 2162 2050 9175 1508 7024 7777 1151 2438 6632 9233 8865 8808 3905 3402 9116 7415 4233 8496 8831 4014 3563 362 7086 6405 1898 3026 2013 9108 2319 6623
5866 2707 8198 636 1447 1241 9670 2595 3057 7943 3342 2579 4748 400 6412 6731 9318 2244 8944 4998 1847 9031 7957 7543 9397 4581 1188 1438 8984 8986 203 5638 9254 9983 9150 3999 9936 2055 5365 6318 6803 2442 420 5849 2097 5475 8901 6285 500 495 4032 7489 5182 3267 2295 1451 1161 9551 8212 1139 6008 0 6330 9919 768 856 4803 2295 5477 3818 9638 2444 578 277 3162 6542 40 8917 8822 8857 712 7475 1654 9658 604 4563 3381 6128 8003 3504 5865 1643 1181 2781 6795 3903 6907 3642 9707 9434
4960 4185 1333 7926 5922 345 6559 4920 3535 7133 3399 156 82 5754 7149 1023 3087 3618 3030 8988 3832 2751 5753 3345 8798 4750 16 7994 6213 4585 5931 5384 7520 6991 8669 9767 1038 978 9122 1998 9358 3087 2942 9214 8626 3798 6194 5517 325 2537 5316 8878 9174 8835 4631 4922 317 5690 598 7310 9137 6330 0 8557 3136 3059 3110 9886 5120 201 8388 8132 4030 2030 1049 6952 9275 375 8940 2212 3811 7491 4006 7651 4480 7499 8640 8700 3350 2071 5853 698 6723 1660 2288 8735 7452 6487 810 1673
7032 4731 6359 4966 4164 3306 5503 7467 4145 2052 7402 7542 1530 5897 2368 2833 7330 9385 8592 6447 7468 858 9189 5207 5414 911 5648 3647 7833 9206 394 8423 4296 9166 4430 1069 2155 8231 4249 4778 8755 7734 4736 1481 327 1297 2414 2629 9706 4356 1652 389 1807 9261 7771 786 6139 2992 4102 2583 2101 9919 8557 0 9632 6631 1235 1253 7489 2670 1313 9546 8432 5470 5884 4075 4961 560 1717 7880 2183 207 869 719 8764 1161 9754 3394 8405 2825 7504 9458 6327 7455 4288 7621 3497 2393 136 3825
4773 8837 8027 4095 2627 8521 6397 2346 7441 4221 1759 981 3535 8192 3525 8499 9224 5266 8458 7185 4500 7566 5512 9649 8940 8544 5919 936 9970 5938 9811 2935 4341 2770 2671 4753 1911 9530 4685 7545 242 8665 8146 1651 1735 6703 706 8630 526 6682 4506 8972 9909 7819 2514 9539 9726 3115 6439 4400 4058 768 3136 9632 0 7567 8510 4112 8317 8028 2789 8355 5165 4843 3333 1727 9559 8026 4865 5633 7038 3081 8596 5703 7848 4410 6165 8255 2143 8724 546 4089 4863 7870 3624 8717 7135 1807 5262 459
1659 8812 6635 1657 3174 6754 647 6406 6086 6389 9975 3050 7283 5208 4657 7354 850 7182 7911 4819 4983 3292 6459 1336 9782 1828 9592 5548 4242 7883 7639 3994 6046 8657 5187 127 9206 3212 2601 158 8514 7996 5632 6345 1141 8872 1775 6131 4183 5775 4075 2265 313 3850 9865 4965 2585 1500 8550 6311 9679 856 3059 6631 7567 0 6666 130 9231 7462 8354 3206 8324 9628 9190 4504 5900 8647 461 3541 7243 4215 4670 3947 6455 5988 1180 6089 1891 4235 271 2821 8453 6045 8572 4410 9805 7036 460 885
3145 3057 1231 3216 3968 8756 1612 7915 2515 2697 1344 7232 4299 8899 6178 9581 667 901 1743 9779 7230 6828 4853 7825 5233 2532 3070 8853 2989 5452 6328 6038 2378 6025 2627 8056 5908 5907 801 7374 171 3711 9366 9774 234 546 2628 2583 2658 7755 8991 7273 5977 2975 9250 8552 2985 1741 9928 4050 5472 4803 3110 1235 8510 6666 0 764 9015 9638 8881 3051 4055 2725 6960 9847 7443 5724 7898 5726 1893 8802 8471 2673 937 4503 9697 914 3792 6485 2736 9697 8821 5969 7786 1928 3411 6928 3574 5175
3235 7131 5139 8265 4972 2780 8042 8213 9840 7846 9142 3414 5007 3077 1136 8794 584 9691 1396 4676 9819 3682 5005 1034 1769 6424 8669 8525 1303 7323 9285 5820 9450 3404 367 7559 6869 5666 9404 9723 797 4601 2008 888 4335 933 6436 2834 1790 415 7369 7907 1074 6433 8608 1324 220 5138 8192 48 7258 2295 9886 1253 4112 130 764 0 8701 2871 7721 1024 9839 5716 5425 9688 386 6988 6409 7259 5180 5623 2467 969 6487 4450 9513 3021 4082 8237 7458 8464 1290 4517 1105 3501 9286 9543 5507 5173
3277 941 844 4367 965 3529 1176 9056 9233 4417 6580 1389 2405 8420 8341 4950 3743 1290 1724 3489 355 4361 7988 4931 8428 5262 1337 2018 1125 4708 8813 6773 3653 95 1456 8022 1606 7784 5918 6492 2415 395 7175 1538 3413 5909 7308 1950 6791 6919 3198 7989 2971 6961 1665 789 8431 6908 6525 565 1884 5477 5120 7489 8317 9231 9015 8701 0 9375 7139 9419 2226 834 1006 4626 1851 6072 977 3496 6519 9116 4894 401 9783 1031 4506 3870 5986 628 6142 1220 362 4094 5639 6844 7193 1071 7143 3155
9398 966 826 9849 8763 8737 2900 3788 3736 9892 5420 5784 9329 2345 2404 133 7771 709 2397 8628 3031 1094 7337 9867 4930 2772 8469 9247 4397 9756 5292 5890 3585 2004 1312 6786 1999 3041 3279 715 889 8998 1390 7700 2620 8710 6094 3751 4028 3255 7491 9557 9002 8400 6983 9917 7265 5110 8702 8196 9053 3818 201 2670 8028 7462 9638 2871 9375 0 4727 6549 9301 9768 7177 7922 5074 2753 3675 9189 8267 7524 5924 9370 8313 2950 101 5112 1535 3335 5029 8043 7012 9534 9928 3932 2445 2318 1053 1358
661 7657 1581 9059 1650 1673 5484 6294 5315 5583 176 9140 6686 1741 5673 2322 5382 2115 5266 2128 653 7504 2308 3284 3749 1252 1460 2925 1124 5252 1337 9400 9319 6750 2656 7073 4947 4857 8872 8632 8117 5441 3204 2506 2508 1522 502 1102 997 2757 7119 2039 9818 2337 2300 285 1067 2205 3497 9575 2162 9638 8388 1313 2789 8354 8881 7721 7139 4727 0 9562 8769 6415 6529 2533 643 6429 8974 5887 2090 3096 6260 5661 9791 2217 3029 5470 7308 6759 2702 3792 7632 4397 476 6810 7799 8492 1285 6095
419 3571 7547 115 4785 8674 6418 5033 5328 2885 6569 7757 5304 5995 2129 9387 2250 1725 5352 1762 3775 7235 6703 5187 2584 1301 7975 2090 1967 6471 1480 1571 9603 7223 1174 352 4583 2972 1384 2730 5668 7594 4070 4945 3265 7192 8979 2685 3224 2040 5684 3916 349 7037 5497 2032 3420 4247 8138 9018 2050 2444 8132 9546 8355 3206 3051 1024 9419 6549 9562 0 1572 2725 8278 8790 4368 8070 1313 3574 1557 8581 3480 5109 8347 1042 5819 3259 2174 9644 8890 2516 114 487 6768 1262 1836 730 7090 5583
3405 6269 6057 3715 7992 7634 6839 6011 2830 1137 3731 3430 8836 640 4806 9032 921 144 371 775 594 4698 865 496 7921 1167 6468 137 972 2249 538 3192 5914 7268 7276 1804 7575 1487 2558 1220 3100 4551 9432 9871 8142 1400 2860 8575 1905 6961 9813 8262 3544 1501 7535 6651 886 3772 2593 9294 9175 578 4030 8432 5165 8324 4055 9839 2226 9301 8769 1572 0 608 8485 8219 2378 6665 9738 3564 401 8084 5128 1350 2557 1465 2341 8977 33 6599 3990 20 4363 8677 9348 6364 4218 7409 8276 6539
7094 2699 7713 9534 8353 2633 8730 7965 7540 5980 9812 203 5769 7670 8755 5861 2750 619 893 2231 651 6604 736 3634 3426 7563 6551 6604 7115 6809 4440 2388 3951 1639 7096 4773 7654 3855 8875 4929 4276 1835 4433 3268 6705 9134 7685 9964 4313 8394 9648 5816 5974 9731 7930 1929 2067 2348 47 5724 1508 277 2030 5470 4843 9628 2725 5716 834 9768 6415 2725 608 0 5619 4110 4254 2514 1815 5518 7493 6415 3768 9642 4181 5200 1548 6775 4265 4646 1684 3319 8656 3736 7528 2540 945 9160 733 2052
3221 9298 5612 3634 2361 8484 5819 5881 2242 4962 8077 2237 3624 9298 3753 1080 7393 4869 2875 6142 1439 2972 7273 4021 8824 4048 5697 328 7429 4424 5113 6523 6588 7125 5540 8354 1508 1304 6112 8172 3158 234 4315 1668 3186 6316 2402 1006 6319 562 9583 431 6305 6275 3690 7174 2517 1904 5473 9991 7024 3162 1049 5884 3333 9190 6960 5425 1006 7177 6529 8278 8485 5619 0 2983 5799 4384 9722 3681 5429 4834 6303 3444 3026 1409 2809 6198 1302 748 8955 8413 6619 2593 9728 1575 5852 1587 8741 4917
7184 9383 7528 1778 1149 6526 5676 1735 1459 7955 6559 8047 1854 656 5368 4102 184 2929 9329 3483 9829 1289 1642 8140 420 8758 4704 8758 1305 1483 1687 4843 7591 5133 2319 2978 4897 408 8826 4557 5321 7716 7447 5657 4176 5252 9855 8483 4804 5381 2337 7978 8042 3425 9853 7119 8610 8558 8000 7898 7777 6542 6952 4075 1727 4504 9847 9688 4626 7922 2533 8790 8219 4110 2983 0 1341 6964 4058 2391 1595 9491 9903 6916 7550 9853 5967 9413 49 5919 6688 3559 6303 5199 6153 6667 968 2106 4586 2278
7811 8402 6955 2282 4328 1483 9413 1706 8703 2325 8328 795 7209 3086 6617 3516 6807 6308 2691 2492 7645 8642 1204 4304 273 5558 2658 9355 7767 4601 6755 2744 26 879 5008 693 5809 9421 6520 3838 3607 539 4409 96 1220 2601 1983 3725 5579 5669 3360 8128 8166 8617 7550 2917 6476 1837 6952 232 1151 40 9275 4961 9559 5900 7443 386 1851 5074 643 4368 2378 4254 5799 1341 0 7078 9673 347 3686 5705 4351 4752 9170 6328 4520 3946 3240 786 2165 9581 7493 7265 3991 7505 9345 2132 70 8110
9693 8263 2943 8271 9134 7759 351 2364 345 6098 4947 7333 2430 8384 9037 5698 3349 5864 660 5558 1223 5917 5692 5918 4589 1346 8942 7830 5312 9205 2892 3131 2641 3779 4093 1275 8763 7894 5949 9271 4980 9975 7907 9743 6402 2179 5686 8330 3862 5126 2463 7094 8839 9719 1707 943 4211 8188 2590 1732 2438 8917 375 560 8026 8647 5724 6988 6072 2753 6429 8070 6665 2514 4384 6964 7078 0 6153 8205 7946 4599 4518 1371 8427 4143 8969 4870 9386 9723 2103 4184 717 6826 877 7609 4613 1087 1712 1265
37 587 9558 8365 4720 6764 6537 1308 1721 7642 1776 8305 9725 1605 2996 195 2800 1438 1938 3846 6970 5532 8491 3461 8594 52 5698 199 9377 4795 3979 5413 111 3926 1988 1143 3617 6473 7006 5354 469 9121 2840 5147 9789 5796 7331 5751 610 5938 96 449 943 8573 8694 1495 4393 3329 3323 6066 6632 8822 8940 1717 4865 461 7898 6409 977 3675 8974 1313 9738 1815 9722 4058 9673 6153 0 3381 9323 673 8603 3070 3017 8655 9119 625 6723 69 7721 4910 816 9027 2412 5855 2057 9949 765 8603
8141 176 325 1129 4660 5314 4305 1940 4351 6186 8662 527 6959 7883 2566 4370 1447 584 6963 2631 8807 8741 4168 504 6727 3803 4535 6747 2228 1812 306 6226 4576 2397 62 6075 185 9776 4849 221 6264 7465 1880 9387 8571 9102 2859 6401 9757 6209 5250 5562 7105 835 4300 9750 6911 4076 1024 2845 9233 8857 2212 7880 5633 3541 5726 7259 3496 9189 5887 3574 3564 5518 3681 2391 347 8205 3381 0 6817 6194 6721 24 3490 4766 4820 2420 1950 6106 4405 2796 8836 1480 6911 5097 132 6648 8264 5496
2091 5500 8390 8397 2156 2347 5721 9314 7566 7931 9338 7432 7107 6089 2699 2758 821 7578 3503 5620 3773 3659 9880 9633 6147 6023 3734 9614 1365 2721 4615 4248 6688 9141 9831 651 5855 5583 7379 3415 7686 1699 725 9845 152 940 967 2743 5346 1738 1560 3226 5523 5239 9905 5566 8009 4457 3039 395 8865 712 3811 2183 7038 7243 1893 5180 6519 8267 2090 1557 401 7493 5429 1595 3686 7946 9323 6817 0 9450 1960 1270 106 3703 4563 5381 1108 8130 4858 6698 2330 3914 6900 3339 8465 9391 5243 8412
3780 4114 3901 1005 6608 7001 4920 3464 1938 1897 9329 9741 8361 604 5941 9133 6052 8854 3635 9441 7029 1013 4610 5917 1683 3131 3796 5250 4744 7523 8624 7081 5889 8747 4287 6651 9939 571 9087 7428 8771 474 7266 9061 1322 5996 6327 8903 1604 9253 7359 7170 19 5483 3602 7875 87 4390 9834 8082 8808 7475 7491 207 3081 4215 8802 5623 9116 7524 3096 8581 8084 6415 4834 9491 5705 4599 673 6194 9450 0 5776 950 899 1976 3852 2301 3360 977 8806 4646 5853 5415 1302 6447 5457 8378 9784 5142
