200
0 8479 1547 3047 9711 7162 6146 1950 9339 8886 4190 4124 7816 8221 5787 2817 5588 1805 9181 271 824 5477 8172 7461 4080 2413 9871 5202 1113 5831 2135 4412 199 4158 8879 4057 8240 7032 8377 789 2869 6301 8873 3475 549 5921 9774 5989 1628 1393 9831 6127 3683 1276 7627 2506 3951 6837 5963 2496 8027 8092 3562 7653 5247 3148 4288 2218 979 955 857 8008 8120 9062 6895 4166 9490 6720 584 3065 2231 890 3405 5618 3860 3443 8245 9466 2143 1864 2711 4644 9681 4760 1715 841 8270 4797 419 3490 1935 6245 5651 8322 8713 8228 9138 363 9848 4 2753 5058 3245 4073 480 7823 6110 9002 2161 66 7162 2351 6299 855 4710 6054 3358 7282 4859 2385 6006 3434 9386 1715 5528 5662 9424 2520 4442 5567 7822 4602 892 2478 6363 253 7587 7415 6902 2840 8859 6784 2104 5928 5614 3716 4270 380 128 5263 4223 1830 3513 5551 2448 2680 9617 1241 9396 2547 7798 3721 6350 4692 4953 7905 2898 7920 9955 1220 6481 7024 3919 4832 5042 3612 3500 5741 9965 6311 5837 3536 5188 6981 2532 174 8627 1541 7746 3793
8479 0 1766 6509 9426 1913 9164 9448 5730 5289 2185 416 6271 5750 9731 7993 7037 2876 2207 3330 7136 6862 3714 1894 4561 5381 4543 8777 4851 6846 8960 767 2882 6333 1029 3609 1487 2762 3194 9332 6520 1687 3465 7782 7196 191 6249 1437 3826 6672 3860 942 8960 619 5968 7321 7679 5981 4159 9414 4197 5322 20 6021 6246 8738 38 5394 9548 6996 1313 3329 1790 8556 1488 7758 7025 7058 919 9049 4045 6365 7120 6279 6245 1217 6463 1765 5476 2005 8934 7151 2958 5989 6323 2927 9299 9993 7474 5472 6644 846 8825 5621 2203 8525 5740 705 7878 6876 1015 8836 8598 647 8516 9384 7965 1803 5256 3949 1016 7938 103 9478 1209 4860 9088 4647 7927 1301 4125 7588 5491 8400 363 2575 4573 4089 5875 9146 9768 3006 7225 9561 4764 213 3694 5996 2521 5135 6724 2119 7775 7616 8727 7484 1774 152 8511 5180 7487 4388 6546 4457 5349 806 6782 7438 9439 2687 2524 4968 3491 9873 6909 7344 3000 59 2322 6142 8873 5248 6744 8796 6958 8001 7116 7542 1232 2047 5501 736 8588 4008 9335 5548 4268 6181 8446 905
1547 1766 0 9776 6065 1252 374 6748 1437 6686 1114 9396 9617 957 2629 8427 2939 115 996 988 697 4506 2131 5988 9405 8429 9670 6710 4885 7609 2247 5538 4122 9076 4831 3235 5351 9696 8523 1768 289 150 1446 6913 387 8593 5153 4997 1823 3076 3558 2323 9644 3038 3104 3656 5092 6213 6975 7692 8242 2218 6732 4931 4753 4136 6127 3766 6748 3174 2284 6080 1686 7726 4530 1218 5827 5761 972 6307 60 3697 1532 3847 1857 6209 9936 1962 1609 3339 8225 6056 8598 4378 1523 7135 1886 2470 3149 5910 1255 3358 4734 2263 7896 868 8877 895 4784 7586 6015 2521 8163 8625 4914 6094 1197 4324 856 8545 8344 9164 8533 8014 4605 761 4131 7976 1541 2276 1608 9176 2662 6093 5421 1160 5080 7229 8049 4670 9557 3465 6084 9903 4997 2221 9646 1705 3711 9166 7340 1862 5636 5546 7554 1132 5937 2748 5302 4597 9814 7133 1641 576 5611 6795 5779 4005 5786 964 4201 8871 6085 5086 6736 7919 7955 309 2841 3449 6961 3101 9683 5042 4781 4781 616 6881 591 3145 372 1172 1805 3909 6047 3971 8539 5048 80 8894
3047 6509 9776 0 4584 7237 9610 8234 6852 6214 494 5003 9505 1744 270 5712 7841 1725 2294 5435 1009 581 6260 1333 1049 6425 1468 6058 2264 7853 5420 2186 8709 3512 893 3383 5027 1542 1025 203 2266 8140 9219 3243 2838 5920 2345 2217 171 804 9561 3425 9543 4255 5290 6085 2264 3609 9236 6559 5282 9095 888 6688 7735 1760 7839 4553 6826 5218 8124 1215 5507 6794 3022 6264 7241 6981 4588 109 2849 9066 8890 323 9944 9122 6201 3948 1770 6087 3775 5784 9159 8278 8905 4794 3800 9994 6794 3250 6441 5844 5101 5843 3302 4577 5630 6769 275 5437 2289 2236 4271 2673 5789 756 2159 9450 2885 9020 4417 3816 6870 2572 624 8519 1541 7672 3737 7068 8057 4149 7565 5816 6051 2577 8651 5923 2317 8926 3016 2650 9789 2816 2586 1414 1090 3138 7349 1205 8800 502 9318 2864 4982 9190 8435 2502 2878 4124 2862 9549 8224 1762 3131 6328 6201 7918 9530 4948 1711 2455 6691 8825 7067 860 7862 8728 2182 8593 6572 7424 5819 5392 5176 5587 3546 6890 4186 6020 2191 7041 8660 8634 7678 4583 4264 2738 5279 9894
9711 9426 6065 4584 0 2330 2515 3042 9758 1170 253 9341 4606 7260 2357 9412 4226 4986 4589 7671 2187 884 3531 475 1369 3156 1523 4041 7322 7872 4263 7531 1739 3367 3138 1046 5725 2648 1467 627 1109 1281 2591 7609 4046 4565 1540 3526 7151 3216 3367 988 5408 8864 9427 6127 143 3770 9440 5914 6238 4836 8245 9787 3055 9128 8747 8451 9620 5188 647 1357 2010 7710 9081 9950 3791 5921 8770 9668 1059 5370 3958 7762 2794 6548 9540 5993 4278 8670 8267 6417 4545 3583 8875 9044 1467 8477 8656 8122 3345 4047 7203 8985 1426 1850 1055 9008 7751 4673 3373 1127 1380 155 7179 1640 2687 635 4713 9224 5280 5191 7151 8552 1818 3 971 5998 3131 3162 6160 8412 1774 5441 7895 1539 4163 8010 7464 1583 2319 7058 1201 5774 8302 196 8325 5923 6140 45 7776 4135 6020 2084 3839 2490 2208 8036 6559 5409 3294 2780 4194 3232 2293 1174 1075 2301 5866 7524 6328 8093 4748 4285 6216 4465 3410 6701 2451 2180 6910 1983 8662 1625 2047 2195 4071 9391 916 2813 5481 1185 6306 6989 7489 4364 1123 4544 6171 7257
7162 1913 1252 7237 2330 0 7578 894 8417 4129 1145 9517 8142 2536 223 7734 2149 9446 181 3066 4890 2644 6943 2192 9289 9799 3845 7995 7567 8592 711 8131 2486 7400 7347 1906 472 700 3358 5229 2627 7297 2337 114 2825 3800 280 5358 6583 7518 6460 5034 8115 9294 4781 3958 8213 5059 3873 5147 4418 7377 566 2022 5648 9281 5981 7618 8801 308 2713 4576 6664 139 5550 6431 8234 5370 3971 5191 3604 809 3641 9177 8753 703 7670 325 7235 7740 8008 1679 3785 229 3230 6513 7782 7032 5365 3362 2424 5874 9939 3449 6057 516 2825 5286 1053 8269 9406 9443 4346 911 9440 2937 420 4010 6267 5931 2012 6220 6873 9096 7714 2774 6711 5282 8683 4127 5147 2755 9748 2886 5541 3295 4776 3671 4135 2546 3667 4262 3764 1143 2651 3247 7299 1460 8622 2841 5734 9831 8074 1681 5375 4744 747 3173 7853 8671 8693 6435 6012 9370 2271 2655 8876 4230 3382 6689 5288 3381 1792 3749 3332 783 7969 1279 7220 1557 4732 9829 8346 2975 2598 8217 5466 4511 2327 3678 6641 4268 2272 633 1885 9526 4714 1473 6366 3294
6146 9164 374 9610 2515 7578 0 222 8489 3863 9851 9979 9919 2755 4400 3679 1919 541 1783 7835 8479 5859 2564 7555 4611 8890 6277 8926 4296 7585 6452 7656 6328 8511 907 789 6630 6889 7528 7803 6181 6857 4698 205 7191 2622 1446 328 641 4964 3892 1725 3249 2652 8710 5920 3140 5019 3778 3406 7442 6731 7018 6587 6261 1004 2833 2951 2177 1877 8192 6818 1443 6466 1859 8882 36 5476 713 5322 6570 7998 8891 8915 3062 3571 8257 1389 6059 6560 7816 6838 7016 6387 9016 4253 8509 4804 6683 6622 6643 6323 1657 7658 8705 2682 5991 1326 3287 4689 4393 1503 7011 7712 7396 9926 1976 1142 1591 6923 9343 166 3709 7808 3585 3786 6807 8395 7105 8967 6201 2462 2770 4507 796 6961 1629 4067 7610 5619 2122 9863 6381 2876 6423 3262 5554 6115 297 1007 8418 2769 3566 7244 4330 7428 5284 1647 1491 543 7386 1499 2425 9461 1887 5180 1313 5178 5651 3847 2478 5923 7128 3440 9419 5039 9535 2048 1777 3993 8502 437 5600 578 1306 5666 6043 781 6124 8177 4822 3902 7366 8145 4685 5439 708 2986 3323 9641
1950 9448 6748 8234 3042 894 222 0 9183 1773 7332 7144 1324 3277 1633 250 3742 2062 8034 7392 5317 2078 9923 2653 6617 7009 2510 9922 6036 8055 3513 9771 3259 378 1100 9899 4433 9605 862 9537 87 3329 4110 5076 6655 8398 6353 6889 3730 1281 5967 1868 5780 3687 8803 3991 4796 5993 5272 345 9947 1169 9459 3739 9505 2458 1033 3692 6713 3204 9576 976 4773 5674 9216 8231 4640 7737 1837 3760 1917 3163 2522 1022 9817 1544 3890 8614 3294 9050 723 6939 2148 8563 3336 5339 7674 4568 9913 5989 8196 5994 7954 1644 4991 6361 7726 4294 823 8079 8336 480 2872 5800 4428 7301 8859 4875 4342 5913 1177 2602 3891 3791 9614 7012 5359 9705 3275 4763 6886 8251 2214 7896 1926 8866 4344 5007 4815 3731 7133 1258 4817 6172 8537 8390 8500 5464 6909 9142 6163 6399 8041 9403 4806 1547 7165 1267 3229 2134 6958 2459 8990 1923 8707 6416 1716 2173 5141 3170 7527 4018 4955 2395 821 5503 4433 9194 6417 6994 4638 9355 5291 3967 2429 2966 9901 643 8809 5637 1656 3795 2686 9642 7441 7112 2729 2645 1458 1901
9339 5730 1437 6852 9758 8417 8489 9183 0 9098 2696 7454 9661 2680 2914 2474 3081 5052 4397 3776 7794 8937 8547 1725 2730 7750 8434 2821 8929 7537 4484 5144 2719 6672 4836 9498 2763 2348 7657 320 6178 7255 197 6077 6979 771 9521 3918 7410 2026 3769 3261 5231 8817 2647 6973 4487 509 5230 5681 1050 2263 7342 3205 7983 3038 7916 6624 5189 9896 8208 6176 3748 5670 910 8757 7294 786 8175 4803 8646 7138 2326 3356 9072 1226 2226 5569 4138 8606 2195 6028 706 2144 1894 2342 2795 2259 3964 4029 8001 6071 3542 8320 1820 2416 4323 4327 1171 8202 9778 9388 929 4117 1325 3894 8757 4767 3593 3524 5 9650 5649 3656 8268 1341 8350 3433 1443 182 7726 218 1959 7106 8843 7868 6426 6029 9875 7919 2365 8849 412 6645 9404 9449 4480 6287 7982 1468 23 3856 314 3785 1961 8452 4266 5456 3411 2961 7935 4124 440 7449 2732 9094 559 6365 6449 5428 162 1923 1519 7958 4419 4806 4036 6440 8765 7938 8337 9492 4188 7572 829 8349 8694 5018 4299 5497 639 9213 2592 6307 5696 3593 2118 6073 7995 3798
8886 5289 6686 6214 1170 4129 3863 1773 9098 0 4676 6362 6524 6821 5370 9249 5982 3111 3635 8307 4892 3132 5310 8048 5298 6076 481 7453 490 9627 3376 9778 273 8530 4823 2584 3745 8267 7188 8633 972 3377 4611 2468 1779 1520 5514 4768 6537 8868 6773 8674 1131 96 2618 8951 6868 354 9585 3606 7368 4083 3122 3870 1856 9357 3090 6444 7395 7764 4023 3986 6707 7255 5302 2518 8340 3939 1022 7981 2970 457 5092 7608 9625 4806 3961 1368 3705 8443 1427 8231 3115 7046 7472 3124 703 1581 7905 9482 3411 3689 7872 273 313 8700 6194 1316 9329 2251 3624 4846 4986 3774 3734 1849 4105 3234 7538 6288 8546 4385 1871 2382 2533 8918 5209 9794 3773 1088 4761 799 5955 2331 1894 5476 4393 6043 9907 5123 5167 5321 9208 2218 3124 2236 5699 8448 5025 6166 8516 7067 7883 7397 2706 1463 8238 4489 7304 306 867 2932 4962 4125 708 4703 8144 5729 7572 4673 1939 6930 603 1939 4563 3005 9104 4023 9227 6188 6627 7694 5760 1445 8772 2382 5858 7793 4492 203 4935 8248 4700 250 120 9339 8811 4001 921 7252
4190 2185 1114 494 253 1145 9851 7332 2696 4676 0 6455 8941 4774 5997 4582 7859 9056 7011 9590 3268 9307 7938 3656 5007 2465 4999 1024 8027 286 8839 2929 7780 2150 9922 2437 6914 3787 6616 165 5827 8688 5880 8536 7736 2773 3909 1558 8645 1039 8354 349 6 787 5135 8914 3475 3037 7127 7937 6101 9389 3404 1939 3400 5841 6501 4006 7622 5572 4281 8803 4580 1727 1240 8901 7623 1431 234 7617 9244 3585 84 1610 5817 9290 4920 8902 2028 925 2896 447 7018 2595 3280 2229 434 3641 6684 5832 4835 1802 3483 5796 7062 8979 2332 638 3797 1624 9671 7543 6160 1132 9966 2109 8128 1593 7932 2913 5426 5797 8121 4529 9886 3676 763 749 312 2947 2809 6103 8059 2938 9197 9165 8313 3226 485 7417 9577 4891 6951 1175 4192 7499 1134 9427 9162 6470 5691 7652 4778 7769 3892 4774 7822 565 7301 8642 3562 699 9936 9275 302 2882 751 8806 1821 4400 395 7942 6825 8105 5124 6605 5164 990 2844 9000 4313 4353 4146 3912 5291 331 784 9372 4365 3786 3986 2610 8428 5149 5160 8639 5308 7816 989 4139
4124 416 9396 5003 9341 9517 9979 7144 7454 6362 6455 0 9530 8222 1271 5929 6714 265 4282 6426 8268 6094 6438 9038 1542 8564 3918 4077 9901 8511 377 1164 4426 5647 5481 2015 9277 7501 3574 777 3248 4612 4457 1844 8376 268 3181 6488 7225 5516 8166 9101 6606 7824 4846 2310 7902 8582 1094 4855 2044 931 5289 4599 3851 4680 2031 7344 8910 4000 4716 2119 2617 5120 8612 5136 6461 961 9380 7476 4906 6158 3428 7672 3019 1372 8480 2283 2656 9796 8004 8502 8366 2268 4216 1671 1087 4257 9782 5797 3074 5480 4249 5146 6462 4603 4270 3711 8355 3140 887 720 7167 6986 9107 5486 5035 4791 6377 6749 1439 1262 8958 1220 662 4201 2984 7976 5681 9985 930 6659 264 3423 9282 382 1915 9612 9649 2180 2280 9602 774 2756 7691 1007 326 3291 2382 1188 5163 2068 9973 7156 5544 9575 5117 5902 7824 7146 5308 5523 7252 8348 4226 6897 369 7816 5781 4624 5866 7893 6135 2217 3319 192 5469 2805 9650 2533 9374 8176 9132 1336 5050 9939 4188 7151 3929 2094 7905 7558 6232 508 1526 8553 5862 1995 4895 658
7816 6271 9617 9505 4606 8142 9919 1324 9661 6524 8941 9530 0 4870 9106 5387 4281 3715 5313 6664 5548 9906 741 8628 638 5822 55 7580 8295 4508 1461 6750 930 8169 4496 6513 2000 2343 108 7643 6363 6503 1546 235 2143 2273 3184 693 5264 2871 6512 5877 3658 611 7121 3648 593 4352 583 5110 5949 2607 7807 2557 5418 7634 3899 333 2486 4623 9556 8092 8988 2882 9976 4722 4160 2209 8983 3679 4048 2441 1187 5915 2578 3393 4269 9682 7622 7815 1994 7132 9675 9325 892 1678 1689 6238 3265 2535 6693 1776 5543 4709 6712 3250 3893 4961 9725 6391 1631 7425 9619 8241 562 1583 3321 8456 315 1827 1421 6256 3114 629 6104 1478 5275 1665 5323 5261 9201 1640 4370 260 9038 1851 451 9841 5403 9389 4868 5162 2443 5263 4453 4928 9869 1554 1196 5836 7291 2885 4944 2318 7777 6622 371 6705 7366 1146 8069 9464 9779 5878 8142 8408 3107 8515 901 6125 6478 2793 6988 8115 4281 4776 2801 9001 3834 5669 2209 8112 4422 152 8718 7306 5514 5404 1645 8332 9713 3645 8133 3521 7813 9239 53 1668 6511 8432
8221 5750 957 1744 7260 2536 2755 3277 2680 6821 4774 8222 4870 0 2905 6086 7968 7092 1965 7683 953 6530 1848 9685 1797 3527 8240 2689 1355 7184 2177 4067 7695 124 1079 1764 3739 3081 296 2056 4684 5452 3974 1588 7390 9631 8765 2778 2 1667 8775 1527 5198 7559 5856 3912 1297 6966 9028 1531 397 1678 3663 7407 1664 453 4098 9399 5554 7817 5207 9402 1829 8427 9019 11 5729 2914 2037 3869 1078 897 3373 5648 645 9243 56 8260 2757 5869 9070 296 4652 7982 1734 3783 6735 7174 9451 8194 6023 6042 8910 9236 6804 2721 7084 2323 9135 8227 5666 5779 1561 7667 9886 8129 6910 639 85 779 7170 9790 2810 7251 9380 5728 9187 5365 4729 8233 1845 712 4376 5195 4863 3190 4885 2923 7615 7875 7350 9510 236 581 7528 9477 1648 9075 6540 3650 3497 4685 4066 2509 7190 4624 774 7393 8965 307 5628 6190 7686 2989 6013 7172 5525 4484 1336 6404 5917 6494 9885 4048 8778 2106 4325 1940 9462 4090 8883 1549 5336 596 5934 5384 7113 6966 6281 6002 2578 343 736 3049 9061 6126 9806 6271 905 8570
5787 9731 2629 270 2357 223 4400 1633 2914 5370 5997 1271 9106 2905 0 3961 6417 6482 1016 9640 6328 4859 607 3744 4169 6106 2144 5742 9500 2144 5599 3550 5014 6989 7052 1156 705 2900 2897 4794 5304 881 7817 3900 7365 5119 9884 9493 2933 5800 9915 9209 8122 6007 5376 5342 7573 9550 8769 6624 340 3236 9077 5800 3124 21 722 7494 7154 3957 6180 3642 8587 8740 2924 9121 9396 8778 6466 8260 5041 22 4398 7 7304 8985 8049 319 3354 4239 5317 9573 2009 9675 7978 1508 1226 6018 8830 6471 3994 6360 3058 1640 6233 1568 5837 5525 1300 7934 6785 2778 5849 5521 346 5835 1581 139 2373 3480 2828 4886 5488 614 5232 5019 653 1349 926 725 2795 4559 1736 5091 6767 7901 4133 1990 4691 3120 4889 6066 7576 2521 8354 5697 8487 9794 5863 892 9519 902 2662 654 2898 1628 1577 8865 9759 7355 1385 2220 8210 7361 913 7620 6484 1777 3391 7408 5176 829 6433 1939 4521 406 6416 334 6096 1014 5413 7389 7201 1132 8046 8458 1128 3853 2087 3812 2954 8079 7893 1675 221 2131 1359 2122 9606 2759
2817 7993 8427 5712 9412 7734 3679 250 2474 9249 4582 5929 5387 6086 3961 0 469 6714 2551 4534 2771 1356 6906 6447 7721 4235 2337 219 4817 7131 3096 642 1603 5329 5765 7879 1126 7876 5233 3433 5879 1206 259 6626 8183 2019 6548 7776 2126 8613 8136 9981 1147 4553 9232 3058 143 2266 4949 3826 6450 1205 963 3272 318 9911 9302 8606 7791 5659 1626 6113 3479 6878 2444 4335 853 2073 1665 5237 5360 6240 3959 8175 3701 7345 245 3342 2477 3050 1361 9183 1501 1591 5206 1812 6592 3413 3320 6616 4121 9568 9426 508 8045 7518 9547 4502 9462 4083 7796 3225 3391 5750 3912 8606 7971 8515 6324 9957 8680 4617 6427 1243 9596 2866 9632 887 2473 3139 3433 5430 2630 3388 2960 7427 35 5059 9008 4390 7173 165 7968 9333 2625 7581 5737 2297 843 1772 9332 5756 4498 9329 1743 1467 9699 8421 212 1367 2766 1956 3736 5138 5726 4973 7784 8336 1323 1377 1384 2305 6836 5909 7892 9806 9179 1607 3079 2663 8010 5991 3666 7831 3528 1140 2720 3507 3826 637 6038 9452 9709 9291 2606 107 4019 5136 7373 4398
5588 7037 2939 7841 4226 2149 1919 3742 3081 5982 7859 6714 4281 7968 6417 469 0 5011 2719 8277 4782 778 3136 5375 1010 3536 5378 2768 9211 3538 7072 1083 3907 1223 8205 6063 7695 1648 6451 5795 4460 3116 9511 3024 7586 6333 7602 5098 8782 4636 1574 7807 3123 5225 5438 8551 9554 7782 3455 1644 2446 7032 1777 8092 2874 6889 6248 3140 1159 8220 8111 888 1930 2601 7782 6883 1853 5422 1398 3982 8195 7203 294 3323 434 8363 6086 2421 2690 4432 2598 9025 2336 2474 3355 3910 8964 7643 7431 2059 7395 2336 1917 673 7969 8643 1849 3282 1013 6042 8233 9981 8710 469 253 5415 8566 6629 7366 51 6994 1723 7544 6500 563 2749 1479 5189 5322 9605 819 9336 5980 7538 788 1277 7885 4464 4082 5127 97 3718 1029 7503 4283 1396 2469 9044 5870 9255 785 6179 1086 7707 9905 689 2815 4936 1101 8649 7427 9094 4343 8253 8820 8958 78 1714 1655 4342 9615 9952 3182 2074 9455 6316 2371 4815 5151 5399 3390 3863 1632 6905 8729 8718 3530 6197 1459 2540 7192 2917 6905 7902 2175 765 8125 5925 1340 6770
1805 2876 115 1725 4986 9446 541 2062 5052 3111 9056 265 3715 7092 6482 6714 5011 0 6162 1919 3235 5615 175 5926 8509 4381 1166 2372 7030 3471 3345 5254 2241 1727 9235 4264 389 4033 5823 8741 1386 9316 3872 2093 1411 3410 9276 4597 3826 7172 6584 2200 9130 9233 5941 8433 705 9289 1773 9111 1660 6934 5416 3220 5800 6200 1869 5403 2528 102 2782 9328 594 8873 8823 2607 5711 4383 5884 8092 9248 9665 4175 3467 7431 2106 6751 6432 8597 8217 3094 3439 3094 270 290 1993 7654 1632 3114 5046 7189 657 4637 8827 4266 206 9086 4406 6203 3043 8704 6302 5679 5742 1670 7694 718 2853 9812 2637 2109 8905 1217 8028 8801 3902 1750 178 5665 8944 2965 3296 3994 6329 1644 9012 980 1304 1422 5307 4799 9313 2275 4772 9338 9879 7686 2601 1237 8583 8873 7171 2563 6254 7353 9449 8072 5703 5065 9870 914 4918 4286 6357 9384 3431 8524 6786 288 8764 4732 9734 6115 3444 2774 1046 8730 5215 8106 7573 2272 382 181 1737 790 7004 3670 8057 96 117 1410 9366 2087 6996 4615 5202 6658 8509 2067 1213
9181 2207 996 2294 4589 181 1783 8034 4397 3635 7011 4282 5313 1965 1016 2551 2719 6162 0 1518 2158 9254 4490 9476 5707 3177 139 2582 3490 6652 8812 7535 6645 2077 6357 2206 1243 1750 6026 8336 9159 7491 7768 8803 5423 752 7607 3383 4991 8593 5307 4808 6807 7149 72 1865 1760 9861 3249 9655 3871 6004 1446 975 1833 2606 8172 4354 2383 8476 4626 8856 5680 5314 6093 4454 4845 8446 655 128 7595 8604 310 5039 8893 5454 4377 221 7317 237 1617 5046 4467 7314 2407 7034 7561 1944 8793 4249 1623 5419 8365 6850 2526 7172 7046 3131 7948 9963 942 6133 6132 2175 3892 8884 4967 1285 589 1817 1174 6625 8626 7797 2280 8983 5907 2261 5848 433 6420 7488 3107 92 8343 3197 7363 2915 5003 4009 7932 7457 9815 8684 9314 9120 1367 9002 5975 9990 8058 3277 634 6319 597 1314 3371 8147 2472 8988 7200 3124 9083 9837 1872 3222 7106 856 7409 5805 8494 8927 7557 3698 8003 8507 3944 4999 4417 9047 7748 2131 1707 6971 1642 8188 2183 5731 7431 85 5013 8693 5280 6535 2923 7666 3144 4409 8095 1429
271 3330 988 5435 7671 3066 7835 7392 3776 8307 9590 6426 6664 7683 9640 4534 8277 1919 1518 0 40 6753 1009 2183 5630 5833 9756 3366 3572 2203 1987 9937 6649 9595 3569 540 7290 5956 1546 7092 5369 1481 3056 616 871 3039 2535 5499 1482 3934 7700 9864 1001 5315 1691 3158 5951 875 8691 5744 1694 5805 5570 9116 1685 2054 4724 6582 9541 7952 996 9330 9419 3282 157 566 9371 8129 7902 5693 3221 1553 140 4061 2934 1619 3901 9700 9471 1021 2753 2434 2036 3272 6421 2708 7841 7882 6525 773 9701 9728 1114 2039 2629 301 3695 5577 3785 5985 9388 5995 4040 2117 739 4751 3274 4927 8648 1842 5249 2049 5134 6258 857 9076 5840 4238 8062 5380 8356 8449 9627 8257 2412 3755 2438 5494 8794 455 1181 6214 4693 9818 2649 9913 8265 2647 3110 3219 3017 6837 5429 6388 9530 1646 7557 3129 831 2846 3543 857 2000 4478 1948 2401 5282 3813 7239 3426 4811 3323 3532 3676 4806 340 2731 7224 6728 7051 8356 2532 6260 8779 5693 8679 6931 7911 7729 3502 3969 8593 9863 9490 8794 5167 3431 7497 2917 9770
824 7136 697 1009 2187 4890 8479 5317 7794 4892 3268 8268 5548 953 6328 2771 4782 3235 2158 40 0 9617 6200 672 222 8111 1754 343 5098 5927 4322 8070 1331 2587 1130 1381 8145 5328 9971 9110 4876 2589 4936 989 4153 430 264 8828 7211 6279 8816 7575 898 8244 4786 6228 9593 9534 5661 5287 5233 8033 8604 368 2016 2384 5352 580 8582 9661 4244 8727 9265 6323 8546 7474 7507 4165 3154 8452 1767 4893 7134 9417 889 2706 2837 5923 3004 3993 2961 583 2855 7546 3025 9071 1479 2343 4107 1870 4091 318 6149 2983 858 7816 1531 5816 8905 4888 933 922 4608 5347 4037 7561 5673 8006 1872 3497 6609 3629 5681 6611 4646 791 4925 310 724 2385 3218 9985 8589 1346 9154 1699 2918 4407 9308 1473 784 2457 4848 3624 5703 470 4270 2625 4048 6465 8117 6535 7450 9104 9483 6558 5241 9953 7148 322 7256 2267 4777 2795 2998 6041 2409 5602 2145 8039 2004 1298 5402 3404 3952 8550 9402 651 7180 4509 5105 1287 4322 2031 4401 9285 6936 923 6810 7605 611 9687 4349 4294 2152 5917 3803 6870 9736 2248
5477 6862 4506 581 884 2644 5859 2078 8937 3132 9307 6094 9906 6530 4859 1356 778 5615 9254 6753 9617 0 9318 2370 5069 6162 7101 1432 3379 5441 591 7069 5478 2017 9322 753 7338 7616 384 693 4677 4586 3598 4751 5419 1069 3754 4333 4896 374 9533 8248 7015 178 5 8828 2831 5674 1919 8601 4037 2814 3158 4070 8881 1063 8030 7928 662 9031 2080 1368 1177 7610 2055 4099 5324 6588 3246 1517 6560 992 4855 3986 544 1184 7602 2090 4241 4789 7743 4736 1879 9260 4650 3478 7827 6698 1600 1231 2455 5873 2739 857 7850 7689 1963 9215 208 1218 4763 8023 7320 3532 5002 2644 2502 8667 6113 9903 3506 5083 2977 1876 4185 4838 7613 6385 4384 8745 2155 8491 5759 2233 4516 4587 6366 8258 1173 5086 5553 1049 7197 8263 4867 1266 8010 8655 9383 6300 9930 157 5298 7399 1478 7956 18 4876 9231 8731 2520 5111 2476 8756 6839 7933 4625 9916 5717 9890 9500 4840 2777 9171 8262 8507 7160 8886 298 4222 6772 557 2206 6915 7653 5994 790 7877 1665 4144 9412 8864 4289 8225 3299 6724 6276 7684 5924 6217
8172 3714 2131 6260 3531 6943 2564 9923 8547 5310 7938 6438 741 1848 607 6906 3136 175 4490 1009 6200 9318 0 2304 2560 145 1022 9280 6971 218 8755 6821 3393 2579 6349 7158 8071 7689 5821 7184 2289 9122 7710 1719 8799 793 5717 4714 2074 6237 5709 4182 4730 1534 9987 2458 6586 676 2986 5460 1199 9105 4725 5438 5638 5836 5800 8876 4745 3993 1858 1782 7928 3932 4441 9336 9137 495 7510 5472 559 2319 1448 4239 6777 7060 9286 8725 9502 5664 5291 7398 9608 3725 5523 2044 9820 7152 7362 3897 4689 9150 6008 6841 4031 1246 1611 4410 5087 6013 3875 1575 2860 9544 9167 1433 2030 1328 9090 6735 929 7283 9847 3781 7581 3588 7837 1074 9981 6041 5796 7346 7093 5255 4165 8740 6054 3273 1139 4351 6844 4386 8331 9484 3274 948 5559 539 5886 2524 6384 8390 4135 4582 8495 4380 9991 8820 9615 1493 1805 5305 4463 245 7663 9444 4776 2337 7220 7561 3252 261 3549 9966 7658 6758 7553 8086 9133 1766 413 227 5686 4232 4765 175 9150 2848 2733 6221 7431 5288 478 6588 9097 3486 3718 9399 7177 4208
7461 1894 5988 1333 475 2192 7555 2653 1725 8048 3656 9038 8628 9685 3744 6447 5375 5926 9476 2183 672 2370 2304 0 2835 5996 2022 7456 4027 912 3532 6758 8456 8890 3373 2792 9607 2195 3127 8361 6187 4525 3036 9588 1672 5527 6218 877 9467 8911 3471 8486 989 8591 5311 3027 7681 4457 8660 8670 5208 8347 7195 3133 3320 8761 2224 95 5487 8627 682 4967 6752 7838 4057 8294 9837 9939 2132 4155 6950 1203 7256 7296 3011 2463 5262 4960 7212 5380 9567 3202 7041 7415 3231 7081 4348 266 1913 5339 1876 5128 3274 8473 3229 8530 3280 807 1571 1751 2065 1164 7685 5086 980 5715 4539 1715 1824 3161 2773 552 2555 1736 8025 1543 1386 1727 6984 7934 9971 828 6638 3901 7630 9928 5254 5675 9429 7961 2140 8674 9046 6650 1116 840 6136 6160 6306 7655 2503 9720 3077 1626 3020 8667 8083 1449 2187 5045 3446 7070 4347 4217 1845 8198 1865 8885 9600 6370 7872 4763 7733 446 3339 1103 4186 3154 2746 7568 3650 4211 3694 9070 1600 930 7441 8242 2037 3536 4609 5832 5396 4160 9610 5858 8645 7390 6731 9075
4080 4561 9405 1049 1369 9289 4611 6617 2730 5298 5007 1542 638 1797 4169 7721 1010 8509 5707 5630 222 5069 2560 2835 0 5634 6118 3796 3871 8073 6843 5651 4572 8413 1480 7825 1303 5131 7666 4487 8977 8795 2206 3468 4163 7720 7152 5872 5635 4433 3710 2973 4095 4326 180 3315 7456 5102 4738 5301 2837 4872 5286 8984 2949 4436 5663 4427 3843 4073 9018 6032 1713 9180 1651 9669 368 4146 8676 6834 7350 6963 9995 2110 7716 2584 9918 4038 7268 8329 4857 7446 6372 5520 3106 6588 1286 1929 6271 9013 8715 1134 2246 3209 2179 3110 5247 7722 853 7079 4842 5647 1131 3110 7010 1616 9909 2441 8194 4566 5497 9199 5632 6099 6858 6273 1595 5323 9780 4604 2083 7821 184 5490 852 4102 6944 2483 5839 4041 5126 5422 6333 2422 4990 3434 2988 1522 6953 6013 7818 6254 1052 2326 4621 6888 530 5217 9790 813 9764 4134 8149 1524 5938 748 2109 21 131 6164 4249 6353 4329 2049 995 8548 3853 7918 1400 5292 122 248 6395 6580 2605 9872 1489 7931 8926 8232 8240 8105 6978 521 6552 650 7448 8548 3679 615
2413 5381 8429 6425 3156 9799 8890 7009 7750 6076 2465 8564 5822 3527 6106 4235 3536 4381 3177 5833 8111 6162 145 5996 5634 0 1658 753 5317 6416 1419 5967 1130 6104 5886 2551 4840 5418 9485 5617 7578 9718 3894 8532 8429 3697 245 419 3183 375 6132 4197 1336 5086 3651 3020 4895 5808 6456 7344 8638 3516 6990 1030 1914 7650 9016 4191 2951 6077 2667 9660 2183 3695 9320 1540 709 5356 7270 9455 9594 9065 5642 6176 9270 4745 6255 5035 1070 6447 9895 174 5278 2692 1542 6800 4060 6995 1765 8925 2546 9604 6929 5138 9712 3641 6661 5362 6701 3233 616 5968 6506 3127 5257 5012 7733 5932 9186 6228 8861 4149 5356 7441 3335 2296 4246 5081 6034 2708 1742 2517 3095 3428 1068 2522 6247 6862 1577 2914 9332 8580 8444 8585 8965 2032 7050 4465 880 4277 5538 2265 288 2363 5525 3082 2955 3542 6024 4392 5140 4302 1401 5233 6999 3597 4764 9111 108 2970 9327 8624 7364 3325 7925 8871 3982 8730 1334 3928 9160 6168 9829 864 7294 4069 9008 9492 2542 4290 8855 49 5737 3082 2165 5138 2828 2782 9313 6608
9871 4543 9670 1468 1523 3845 6277 2510 8434 481 4999 3918 55 8240 2144 2337 5378 1166 139 9756 1754 7101 1022 2022 6118 1658 0 8027 397 6193 3516 7462 9231 7175 46 5608 8654 5405 4379 1117 4740 3799 1031 3492 6346 6466 9450 3638 9969 3232 7897 7420 6365 8830 1316 8613 740 7957 7577 3926 4111 6116 226 5814 6975 9221 4547 978 4329 4648 4421 169 6266 3303 3293 5518 7120 924 212 6529 3923 1378 7932 1998 9458 2764 906 7975 9967 113 9397 2991 7794 3703 6648 3895 3831 3225 7142 5849 926 6599 1725 1708 2638 1919 978 3833 2435 9636 2187 3229 2064 6805 9269 533 2156 7557 1556 6745 7129 1568 3375 8058 1810 1826 9935 1733 3848 4864 1557 4334 3874 1847 9445 3977 4949 9860 1370 9543 9391 3812 7010 5374 4988 4394 2239 9021 9395 5852 7899 8634 7646 2209 6940 616 2997 4641 5803 49 8024 8271 3865 9715 4008 9408 9306 9052 249 142 5745 8968 4429 1320 5885 3600 7969 9863 1589 8062 6969 1353 1013 9474 3427 5601 3777 2532 2929 5935 7674 4162 2843 2657 3495 7201 8594 4442 5413 6507
5202 8777 6710 6058 4041 7995 8926 9922 2821 7453 1024 4077 7580 2689 5742 219 2768 2372 2582 3366 343 1432 9280 7456 3796 753 8027 0 6349 8624 3062 7035 2372 4653 3418 4768 4254 2257 2994 5895 3273 9661 1886 2247 8894 7202 1029 2144 6573 51 690 7384 7425 7569 7168 6134 2076 2982 9346 4498 1130 8841 8090 8965 5662 2750 7865 6111 6529 329 7313 6540 2599 6006 6278 7207 8847 7748 2996 9428 1069 9409 8608 5833 1658 2249 129 6506 3503 8089 6393 4742 2053 7750 9777 5723 8544 3368 9464 1084 346 4821 6747 5174 4509 7491 1192 1622 4287 1276 4686 9486 2811 547 3404 6675 8420 3706 1116 8607 2950 4709 2961 5165 3294 2058 2095 992 7208 9260 4044 9345 7793 9253 8285 9449 6231 6009 2185 5761 9850 2141 6488 6149 3211 6164 1799 9047 8889 3527 6739 2614 1865 9376 6804 9232 3247 4115 1120 7696 5474 9921 6373 2607 8643 8720 3778 4436 3380 5347 6547 6222 7928 4677 4613 9669 487 5475 1814 1312 9675 1175 3317 3415 1768 4270 194 6118 8654 7735 5445 8201 3101 2580 1952 446 9292 7034 6146 3623
1113 4851 4885 2264 7322 7567 4296 6036 8929 490 8027 9901 8295 1355 9500 4817 9211 7030 3490 3572 5098 3379 6971 4027 3871 5317 397 6349 0 1644 3201 8680 956 2989 2135 589 2382 7714 9652 4268 9998 3917 9285 1761 2892 2450 4946 6843 1197 5017 3575 3999 488 7780 6884 2204 3905 553 8173 1796 2575 1632 9163 8507 8931 7056 9991 9823 5724 673 261 7742 7848 4971 8460 2285 201 3340 6857 6230 2188 8579 8135 4259 1123 4925 4044 365 3625 499 9566 7557 739 5302 691 6387 8807 4738 7091 8309 1355 2387 3719 501 2981 3633 646 8833 5104 1615 4085 8322 5507 7470 1492 326 4297 3772 3084 6062 2565 2296 2128 8994 7839 774 5259 2684 3402 3853 5925 7854 2811 9605 483 8839 9196 5822 3345 5713 4758 548 2147 2631 3065 8878 6703 1113 6911 2947 4125 8059 5716 7946 6220 4109 3148 436 7729 3951 423 3458 4672 8385 366 9871 2875 8533 2187 3296 9085 8127 5938 6933 4902 6261 1967 6802 4302 9857 7415 8696 1932 1358 8640 8994 390 1476 6051 4780 1285 5940 7473 4079 5896 6846 5464 3091 7638 4223
5831 6846 7609 7853 7872 8592 7585 8055 7537 9627 286 8511 4508 7184 2144 7131 3538 3471 6652 2203 5927 5441 218 912 8073 6416 6193 8624 1644 0 44 79 3570 5683 1999 8289 4074 4190 1164 3521 4494 7069 9524 3864 1632 646 2301 8150 8980 1023 7475 5611 5002 6657 1987 2332 6039 8933 9384 7342 9604 6457 5944 5473 4692 3442 6716 289 1707 9329 5756 2846 9419 3416 373 3746 1680 6964 5935 1848 5489 8906 4434 3917 2337 9880 9754 1222 5985 1667 8417 5140 6543 9280 8590 5297 2468 5687 1469 2406 2833 1618 3573 5037 3064 3661 7176 6084 8533 317 1197 7625 6110 9351 1962 1759 4371 8712 7677 3860 5818 763 9279 5101 4084 987 9844 6020 5944 6663 3445 4593 6357 1854 7582 3966 3085 4486 9873 3046 5152 7867 707 1045 5459 1470 7049 5444 1768 2681 727 4600 2699 4514 2180 1536 7181 8681 8576 7281 5650 7334 6760 5704 5236 6057 7072 7492 1858 8838 4594 8958 5250 7966 562 552 6849 1554 7234 4503 3439 1898 8196 8339 411 8565 5497 6792 2056 2828 2523 3119 7270 2621 4175 8562 97 4135 4920 8616
2135 8960 2247 5420 4263 711 6452 3513 4484 3376 8839 377 1461 2177 5599 3096 7072 3345 8812 1987 4322 591 8755 3532 6843 1419 3516 3062 3201 44 0 6605 179 9522 7305 1046 4793 3974 4534 293 3626 6201 3771 3500 9540 5455 8337 4322 8151 3928 1608 1667 550 1330 7378 9953 2838 7034 3605 8293 2980 9817 4909 737 763 8263 9402 1814 7917 3462 1288 5848 6047 7137 9385 7061 1844 8216 7455 7746 4832 6828 1108 6226 4831 1383 2317 5696 7075 1956 1924 8480 9087 7724 1134 2503 3507 1874 2989 1707 3012 9990 3952 5338 4486 2672 2635 2895 6614 3615 8945 2835 3977 3375 5598 166 4565 8890 5315 2711 5961 2798 3668 1910 4202 7038 1912 627 9056 1387 3944 6014 5434 3264 6048 3544 9567 645 9836 9076 2084 2787 6127 7268 6276 6032 8553 8391 2357 7172 9714 9146 8657 549 2900 1273 1252 4235 9177 3572 1088 4813 161 1217 9137 7297 1300 2027 168 3138 3821 1030 4835 2771 5208 4778 4878 7574 2253 6189 3063 7196 8920 1177 314 4631 4023 8161 7818 8000 4771 4020 5790 1950 4021 9292 241 6911 7799 1365
4412 767 5538 2186 7531 8131 7656 9771 5144 9778 2929 1164 6750 4067 3550 642 1083 5254 7535 9937 8070 7069 6821 6758 5651 5967 7462 7035 8680 79 6605 0 8925 1440 1596 3126 1042 3930 8650 7656 9226 9705 3112 3237 9966 5237 8866 8348 2587 8153 7148 3151 7894 4732 9262 4579 4416 8154 5097 8204 8452 8037 522 4759 8785 9576 9240 9818 5221 7259 1917 5215 1968 1764 176 7282 9105 761 4785 2034 680 2534 7675 8651 995 6521 8920 4615 1594 9386 4468 3610 5552 6465 354 7429 7998 6033 8025 2914 1913 3159 6684 5235 3247 493 5257 5996 4991 3781 3497 1796 1796 7023 376 3861 4826 8265 438 8720 9275 3559 4372 7650 4781 2427 3155 6840 1763 6091 7498 586 4309 5173 3125 7058 5009 8731 6155 3603 1883 6854 2191 397 9512 3961 973 8323 4659 3392 4032 7689 8660 8461 7936 1490 9900 476 926 4906 284 7787 4567 6778 8716 6942 3771 3996 1594 3891 6160 8919 6774 3490 4483 7260 5287 2330 622 6682 1637 6566 7527 1982 2901 9629 6125 5341 6849 1157 1575 6652 2213 3654 5970 5322 158 1835 485 6064
199 2882 4122 8709 1739 2486 6328 3259 2719 273 7780 4426 930 7695 5014 1603 3907 2241 6645 6649 1331 5478 3393 8456 4572 1130 9231 2372 956 3570 179 8925 0 3564 8649 6856 3873 4577 9704 3899 1641 4797 6700 7719 2093 8493 1292 3069 3915 6805 1969 3824 7730 1407 9483 2695 8237 8514 9202 5450 1858 315 1936 5013 5296 3530 1529 6905 36 3041 7524 5630 1311 8528 2831 3982 7843 6411 9990 8168 5263 1533 5793 1626 9700 7859 8778 4486 2585 8626 1003 520 259 5732 7320 9172 6597 4429 5287 1045 1501 305 379 253 6668 676 3633 1542 5744 1441 8216 1492 3266 7395 6311 6147 2405 9200 9646 7063 8832 9523 7086 2424 8316 6327 7354 6913 4193 2572 983 5922 7767 5505 3556 9120 6329 6717 6238 6312 3243 3402 7083 3529 4005 8866 2258 970 4596 8650 2108 4689 6155 8444 1029 4462 2922 629 7519 9302 8338 69 8020 4611 2736 5278 9379 3501 628 9246 6902 3729 2617 9664 2132 9194 9955 2511 4435 9205 1328 7897 547 4712 3860 9956 5052 5312 7690 1348 9228 8431 1944 4190 1762 1357 3546 3411 4414 7157
4158 6333 9076 3512 3367 7400 8511 378 6672 8530 2150 5647 8169 124 6989 5329 1223 1727 2077 9595 2587 2017 2579 8890 8413 6104 7175 4653 2989 5683 9522 1440 3564 0 3095 2863 7465 923 2800 5760 6232 9012 7069 6347 2770 585 56 9738 7316 2527 6691 6976 277 5618 8148 5791 3649 548 2592 2669 747 7650 4906 1706 6594 3574 2447 1886 7063 6119 7802 143 6493 3001 6631 5312 4672 4642 4652 1226 8933 5824 8863 7910 8209 3010 5254 6917 8670 9687 7182 6112 9283 45 6172 2882 9804 4797 7640 4801 9188 40 4232 5682 6467 1971 1608 251 9518 9560 415 5899 7388 6228 1121 6477 472 5239 2775 4779 6855 1853 8285 4924 708 6046 539 6212 2424 5692 3846 1503 6588 1716 6004 2141 2813 2699 2726 1923 7310 5092 875 8854 7220 3247 2961 8183 5110 6983 8519 3062 4629 1001 2002 6837 2251 9387 6371 9831 253 8264 2014 5178 6942 6894 4496 3171 1920 6286 7558 7591 2980 2622 8836 54 8905 8822 201 6061 5020 2405 6076 357 603 4907 3180 7136 1917 2501 2293 7710 1451 3601 5432 3044 3702 7986 3369 9104
8879 1029 4831 893 3138 7347 907 1100 4836 4823 9922 5481 4496 1079 7052 5765 8205 9235 6357 3569 1130 9322 6349 3373 1480 5886 46 3418 2135 1999 7305 1596 8649 3095 0 9770 4465 9413 4771 5826 7497 1580 7743 61 5554 8898 5643 8485 3724 4959 9998 9957 9752 5122 3452 4344 7570 4824 8767 4360 3989 1836 4871 4905 6010 6119 3422 6213 8546 9651 6199 4948 1830 6950 9181 1925 7022 2560 3201 4403 5646 5113 4898 1450 7904 7470 2561 5501 6108 6083 8875 7479 4210 9099 1828 5562 8023 8156 5460 2578 5577 1199 1491 4849 15 8886 6295 8009 5498 8872 148 6733 7463 9168 5298 2689 6138 5155 2046 2102 790 9811 186 1974 701 1514 7609 6282 2 9294 4807 8411 7327 4020 1674 293 2532 2421 6495 3301 5639 981 658 5503 142 7197 9791 9438 1773 667 9103 3033 3374 6879 3705 9729 8942 9788 5992 7465 5528 3508 7818 4663 6527 1443 9367 7745 9040 9847 5757 4678 9118 1907 8613 4989 716 9060 4840 225 6350 3345 6531 9881 9452 2945 1657 2430 2839 8905 7343 7962 4358 7263 7247 2861 460 4095 8660 2600
4057 3609 3235 3383 1046 1906 789 9899 9498 2584 2437 2015 6513 1764 1156 7879 6063 4264 2206 540 1381 753 7158 2792 7825 2551 5608 4768 589 8289 1046 3126 6856 2863 9770 0 4614 2043 3845 7008 1878 2976 9871 1483 4285 2354 8476 8483 2740 4296 8157 1412 1234 6032 413 3607 217 9146 5995 1202 205 9244 4605 9385 4208 2537 7996 4316 2613 4515 6288 5759 9903 8537 958 113 3151 3280 7889 5153 5293 4666 2086 8709 7652 6198 2223 8606 3945 1007 7121 8443 6351 1731 5446 3531 7216 1854 6106 6594 338 5551 8912 7492 5695 4778 4275 3617 8967 4748 5716 1322 2444 1992 4240 7261 4481 8490 4725 3715 427 712 5290 5227 2714 5904 3278 8149 9845 4274 2116 9981 6291 9422 6285 1454 5921 1800 8736 6959 1656 4755 2179 6212 6841 9924 7703 1077 5428 5764 8851 9215 3166 4221 9661 3549 8963 7854 2002 4396 4575 5681 7811 648 5597 2307 6321 9138 7957 6293 7717 6520 8472 1273 4963 1442 6239 3485 193 7735 489 1881 5743 5881 3510 6120 3556 3014 7481 7642 5310 5822 2410 1449 1846 77 2583 2473 6915 7346
8240 1487 5351 5027 5725 472 6630 4433 2763 3745 6914 9277 2000 3739 705 1126 7695 389 1243 7290 8145 7338 8071 9607 1303 4840 8654 4254 2382 4074 4793 1042 3873 7465 4465 4614 0 1436 3909 9294 8395 5502 112 3592 7913 8552 7069 4140 2525 9009 6878 4055 4336 4617 6915 3807 544 6093 4242 9908 3481 466 6000 2693 864 578 9849 3832 1688 5592 7494 1014 9346 4489 7952 1687 9638 3189 1857 7419 2219 6580 6197 2261 195 9065 8879 7594 6094 2014 3792 2656 7874 5550 9423 7192 8802 6640 2548 270 5859 1132 2334 7957 724 8577 8443 7910 220 3077 5939 1247 4624 1556 9524 1901 7645 7015 8323 9081 8713 2504 9432 8029 4375 5791 5339 3594 8253 8598 7717 67 1091 1805 3422 1994 8327 4532 2761 6492 6056 2444 2550 5202 3339 1804 2059 4711 5298 9999 5732 1580 7789 7954 1499 9605 9796 1686 5059 2644 7469 2583 8818 4995 3222 4169 3708 9828 2329 5595 8052 6478 7575 2682 9209 6854 2522 592 755 1248 6581 430 2933 6111 5256 3375 2832 3874 426 6 2799 4379 2450 7861 8233 8820 4683 872 5037 5569
7032 2762 9696 1542 2648 700 6889 9605 2348 8267 3787 7501 2343 3081 2900 7876 1648 4033 1750 5956 5328 7616 7689 2195 5131 5418 5405 2257 7714 4190 3974 3930 4577 923 9413 2043 1436 0 3396 9800 7432 627 4905 6937 2347 9378 9538 4155 1908 2050 70 2855 1583 6083 8760 1068 5656 9819 4747 941 9082 3076 6565 106 2172 8293 6095 3038 3164 2775 2709 9306 6438 583 5076 7218 3399 3653 3388 172 614 7028 3260 6154 1634 9393 6344 8650 575 6026 3774 734 3452 7977 7915 4863 9894 8450 1639 9028 4079 4122 474 5908 9082 9517 6798 7670 718 2197 2789 651 7259 5953 3332 2783 2591 7531 4330 968 601 3598 9831 7686 5378 4503 9970 4413 3776 5786 932 1024 7249 2502 6442 3290 1213 2716 588 2198 2607 9567 5981 4707 6703 704 5094 7681 6023 6105 4111 5453 9362 6993 1676 1230 2630 5941 3511 3728 2462 6975 1532 8896 757 2789 1924 4406 1387 7050 2562 7741 5351 8789 7154 6466 8723 4022 215 7266 365 5492 1864 8758 2478 1526 1365 4610 6477 9349 8124 4705 4632 3750 2145 5076 5993 2390 6295 9443
8377 3194 8523 1025 1467 3358 7528 862 7657 7188 6616 3574 108 296 2897 5233 6451 5823 6026 1546 9971 384 5821 3127 7666 9485 4379 2994 9652 1164 4534 8650 9704 2800 4771 3845 3909 3396 0 5991 1384 6056 5497 6046 5548 5654 1007 1891 1953 9620 8259 2580 9718 4612 7445 9784 8904 1616 5355 7048 5819 6432 2406 3754 8798 5214 229 8701 5172 2355 3181 6892 5770 4073 3925 6936 95 566 4518 7255 2916 8966 8186 8648 6270 1277 7231 3752 1430 3881 4426 2592 9342 978 3471 3402 399 9817 302 9412 5995 4986 38 9683 6738 9101 8483 9348 541 4073 4607 5597 44 237 8697 9849 2392 3821 3674 8984 9570 489 5063 5008 517 4009 6503 126 8705 5167 5645 4456 275 3752 4900 8748 1411 3425 578 3512 8865 995 3553 311 7135 7475 6951 8181 2474 8187 511 6939 8290 7446 2198 8363 2353 3708 8677 7455 5224 2858 6115 7748 5285 8613 5074 7730 3998 8715 9482 8448 8186 8988 4179 3281 1916 4896 6857 6522 534 4207 2349 6253 117 1712 6653 9517 4545 1492 6472 3377 3450 7747 4720 4926 6957 9011 2212 3733
789 9332 1768 203 627 5229 7803 9537 320 8633 165 777 7643 2056 4794 3433 5795 8741 8336 7092 9110 693 7184 8361 4487 5617 1117 5895 4268 3521 293 7656 3899 5760 5826 7008 9294 9800 5991 0 8697 9580 6245 7608 5611 7062 6298 6721 1480 3818 5484 8379 1599 3124 7982 6426 7226 2635 5988 3566 1808 1303 3470 324 6359 5955 4864 2195 5168 2009 9043 1467 1484 8597 7076 3127 6492 2597 1730 6983 8439 4843 2040 3503 6925 3280 8940 7648 5753 5697 2365 2782 6414 2309 8085 2762 2774 7811 6307 3566 7016 7967 2558 1226 5956 6730 5997 6891 1316 3545 9174 9735 5104 4669 1622 5789 5911 3683 9517 9433 7616 7814 6471 8189 4884 9382 5430 1322 8861 4580 7899 846 717 8227 9882 2959 7014 9262 729 6246 7561 3020 4355 5882 7733 3821 2916 5020 5759 2831 8929 7481 7772 3764 4079 1990 510 1357 7091 2314 1603 5519 8129 9642 2243 108 2944 5176 7860 7705 87 6232 2532 1338 9797 6016 6334 9949 4214 14 5176 5651 8433 8699 1683 2302 2724 4402 5713 9040 4518 5789 8417 9611 8063 1890 662 6944 1762 5280
