100
0 7531 1978 1561 5272 803 6973 2643 8791 8623 4207 770 9948 4394 7080 9408 385 7649 2467 2181 1850 4383 3524 5703 6745 7043 1725 8009 4245 2715 6733 9845 3609 2371 1318 4919 1243 5276 4158 8791 7112 2219 2394 9541 9496 8705 7741 7916 9301 3158 9997 9481 5196 9399 1936 43 3735 8091 4960 6015 5527 9835 8449 8369 4950 5355 4769 5357 2251 6217 3323 6339 1539 3757 2328 3753 4465 5739 73 3636 7974 6518 6394 29 9505 2258 4126 4065 4134 3496 5697 4567 1264 4127 2717 1421 180 7375 7228 4718
7531 0 1176 5812 2573 3364 2404 8156 6217 1569 6136 1889 348 8306 4201 1178 1946 2298 1778 7599 7510 127 3986 9888 4341 7151 8709 345 3085 8364 8385 6992 1227 9462 5846 3459 4906 6271 7368 5648 5812 3805 1434 6271 8919 9950 6511 6655 665 1456 2280 5947 1757 6160 3057 5195 9945 7081 1166 2362 9064 4756 2906 3744 542 4614 2056 9126 1252 9711 5356 7146 9185 3275 4977 6884 3174 9510 860 3996 7930 2342 1168 1729 1168 6334 3416 7416 7212 5711 3168 228 3400 258 2689 9689 4769 9687 78 4486
1978 1176 0 4294 4905 296 2015 5022 5830 2831 374 3991 8749 3736 5000 8863 3936 4047 8238 6157 5438 4320 5067 7844 1332 9841 3529 9050 7514 6084 9582 1336 2848 6995 4382 1056 8455 8423 8883 2945 4816 4515 9489 7880 7522 8081 9702 8305 4224 1500 6137 4178 8023 9994 7882 8929 1111 7806 5441 2114 4655 2521 7456 1404 6933 554 5972 7005 320 7347 8852 8916 3667 7195 1409 8008 3907 2621 9076 6096 5649 3774 5048 5955 6300 3726 9857 2258 9751 8230 3879 3208 8360 9467 7901 8138 5377 4877 5284 8593
1561 5812 4294 0 7673 1017 6064 4412 3893 6669 9206 9558 193 7501 285 1592 7436 3259 4270 7427 2451 6384 2173 8492 1880 5516 1872 1527 345 7666 6030 9878 6066 3717 7541 1942 595 1031 9189 1731 1637 6274 643 9224 3408 3065 4167 7634 4986 1641 2486 5879 8779 8343 7685 9485 7154 7994 7413 6639 8448 406 5003 4186 7552 6672 9694 3604 5301 7136 5116 3251 8676 9215 7253 9826 8595 7161 8897 1081 620 896 3313 4198 3829 3553 8897 1729 3954 4001 7140 749 1663 7584 630 2284 919 1295 2536 7671
5272 2573 4905 7673 0 43 7997 8167 1304 5570 248 2966 1925 2887 4518 8095 5518 3797 76 7560 5650 1978 2306 3402 6440 188 8872 6284 1076 9989 1711 6550 8416 6267 9061 7490 7548 3856 9317 4558 6766 5736 3654 4930 1071 4199 6313 9760 9243 4991 195 9399 5830 6590 7552 2715 5533 3610 249 9479 3082 4560 4922 1362 4682 9348 3610 7731 1024 1635 3140 5550 7757 1585 3154 4227 9889 2061 7925 5414 3488 535 3730 3074 1328 1072 5917 2546 3869 9990 3207 6463 945 88 8726 852 9244 4892 3059 7679
803 3364 296 1017 43 0 4673 914 9292 1733 6026 8123 562 8902 7257 3877 6586 224 7013 800 2990 7931 6417 8660 5779 1862 5170 9406 8823 3830 8423 376 3414 2119 8933 6256 3877 5907 1744 6630 3640 7529 396 6135 1167 1117 4604 7059 8811 235 7544 3927 7947 9954 8426 4255 1156 6490 2007 94 5164 8546 1394 4008 2643 1452 9362 8239 251 4289 1513 6842 4456 8286 582 5883 8455 266 183 8905 6581 8960 5470 5299 9237 2395 7869 1732 9208 7361 6348 8070 2981 2797 3049 3018 7687 1796 8145 6520
6973 2404 2015 6064 7997 4673 0 2679 9578 7040 8166 5194 161 9725 6861 6280 8047 1461 1439 9761 2148 2160 6419 7444 1559 2177 1984 1032 3963 1597 537 2300 8423 2174 3061 3202 6944 3092 428 458 4549 8316 9057 4412 8291 9083 5784 3949 4670 7163 9346 4014 5453 7916 3201 5947 9335 2252 9723 1389 6158 524 8391 4727 8491 3107 52 2505 1434 3254 4952 6280 8763 235 9502 4351 5381 8819 3408 8911 58 1775 6045 8142 3732 1711 5110 7450 7800 972 5187 516 8847 4070 3037 4967 2356 604 1852 1412
2643 8156 5022 4412 8167 914 2679 0 4909 1128 9435 3136 9462 4440 7652 7557 7618 4658 2016 3338 172 5196 1671 2241 1577 3151 5252 8088 9162 9106 3796 9959 8387 8016 2587 7996 5389 2650 2160 6415 3237 3745 1343 3926 4405 4777 2698 7330 7831 6607 5042 8097 8084 4455 2172 8 8447 13 9273 2905 6619 4610 3269 6316 529 2749 7202 4076 9182 7003 7566 4738 705 5375 3859 7439 7932 8678 350 7687 6629 9860 7192 6667 9778 3023 1148 2500 1847 1758 1687 5631 8914 9175 5343 2803 6069 4863 8806 5500
8791 6217 5830 3893 1304 9292 9578 4909 0 6448 7547 204 6192 1620 5184 561 2155 9325 5289 7140 8857 6704 7532 612 4458 5954 1182 1288 8700 8013 3 8207 4884 3159 8443 7718 8917 5588 1534 9721 8200 4387 3035 9938 7053 9497 4642 9959 8713 2466 7243 3042 2731 9508 5725 4817 3968 5671 9555 1239 5334 5545 6560 1018 8539 4892 5045 2173 8539 5542 2545 6342 4995 5601 4847 7223 5375 2220 3767 3642 2493 777 3315 1384 3673 9308 9148 6478 1578 5944 3818 3006 2234 822 8039 1876 5773 706 982 4811
8623 1569 2831 6669 5570 1733 7040 1128 6448 0 3927 8976 7383 2029 7536 4584 5826 6045 4764 5910 4859 2571 2924 9797 5020 3832 9844 7802 1595 6961 9191 3195 3344 8425 2846 163 3616 6588 4976 4560 4982 7630 6853 9328 8140 1096 2123 5851 3525 9993 6200 4315 1634 5468 5672 8323 2994 7782 1372 3897 6817 9616 8908 7431 2770 3707 7580 2730 3369 9888 864 1597 845 1936 7059 4572 9860 3527 2752 2804 3076 9698 2164 8900 3715 1254 878 8879 144 8981 1046 1541 8488 8949 3096 9803 7525 121 5470 1975
4207 6136 374 9206 248 6026 8166 9435 7547 3927 0 7842 706 8272 1645 4982 5761 5173 6484 684 2220 3949 3318 7024 9908 4856 7323 3660 9315 3335 211 1450 3598 3690 1566 3540 3051 1829 362 4590 516 3832 3670 2623 1379 3606 4820 2031 7234 5529 1757 7929 1882 2536 580 8946 9659 2709 9801 9138 1786 1320 1445 4940 1890 6255 307 1209 5979 7619 3450 4679 8895 8730 1305 9304 9486 6761 2480 1227 5637 2180 8310 1486 5653 8638 8275 5252 8829 5173 3752 9681 1664 9802 5654 5677 5102 3252 8730 4175
770 1889 3991 9558 2966 8123 5194 3136 204 8976 7842 0 3452 6248 836 8203 4784 816 6826 3684 1147 1360 4099 4460 3044 7357 936 75 3610 1613 4118 8764 976 5405 1105 9365 3853 8422 2991 1692 7227 490 6971 6284 8548 8262 3277 1065 7737 8750 272 8394 4820 8697 4418 502 7215 2536 943 5974 7557 3299 3767 1821 2744 6805 7182 5778 8394 7727 2380 3956 8669 6591 4654 1292 6535 4045 9104 4420 3896 7279 8769 1614 9822 4997 4334 3929 6863 8140 9302 3026 7409 3353 7199 484 5541 1016 2911 1149
9948 348 8749 193 1925 562 161 9462 6192 7383 706 3452 0 8339 9979 1105 6335 7107 1231 4605 4930 4507 852 3113 8337 1602 421 3359 1182 341 3358 9469 9137 3317 7187 7978 7360 2761 2085 8917 5368 1793 2472 1551 2485 8333 3571 9272 7172 7808 9898 5645 1513 8216 514 6395 3795 9072 6576 157 3844 224 6870 912 3853 6551 3689 9103 2554 9127 9848 4080 4558 1315 1564 8083 1033 187 2497 3453 5426 4056 6283 2231 9984 3178 7148 481 2540 8592 3907 2223 1749 2099 1162 8406 2286 6940 2934 9401
4394 8306 3736 7501 2887 8902 9725 4440 1620 2029 8272 6248 8339 0 8364 3682 5527 3366 4238 4319 9446 1169 4718 7290 3751 6253 5943 9924 667 8227 278 7948 2410 5531 4455 5059 5646 7196 3975 2883 4791 2852 3030 2129 9798 6168 8365 3591 9829 3243 470 4484 2522 4917 4053 1507 2974 5395 9961 5501 7181 3983 2552 5741 2196 5250 1585 9070 7271 967 622 9179 4899 3105 9693 147 2630 3385 293 7661 4862 6574 609 1886 203 9013 4884 3977 4519 3606 400 7755 9733 7529 958 7577 5750 2738 3748 8258
7080 4201 5000 285 4518 7257 6861 7652 5184 7536 1645 836 9979 8364 0 6095 9056 3853 5351 3759 6117 2039 1528 4406 398 8339 1679 9845 8981 173 2163 7938 3275 355 9245 388 2526 4048 6241 7699 4800 6437 7893 9677 2054 172 536 3977 7300 5480 8102 3095 6653 2326 6024 3747 6425 1213 1269 7093 6223 392 3036 4922 6246 5187 585 3495 5149 6758 8834 8959 592 2128 879 7422 724 2198 7194 5800 7716 1883 7317 2579 4821 4932 4847 3515 4875 4923 6358 7479 4771 7348 4336 1490 6916 5410 3519 4591
9408 1178 8863 1592 8095 3877 6280 7557 561 4584 4982 8203 1105 3682 6095 0 7160 5694 7073 1356 8973 5226 8788 1916 3522 8125 1803 6987 6884 5244 3841 1846 2583 1710 5986 265 4005 2865 7998 1653 2952 1940 515 9427 2087 3521 5274 2632 2126 5688 8914 8191 9613 8245 9855 9367 5278 5566 4641 6532 4515 3737 881 8494 239 4985 2022 6637 360 5691 7188 9747 8876 6972 9095 4323 4254 7524 6690 5176 1738 6443 4094 107 6053 4174 4662 8227 17 7402 566 1928 9754 2121 2409 7280 8325 2766 339 8308
385 1946 3936 7436 5518 6586 8047 7618 2155 5826 5761 4784 6335 5527 9056 7160 0 215 1185 7718 7541 9781 5931 5795 3884 9908 7014 3731 2604 1099 414 1624 5125 575 7003 2342 8158 1827 7220 2026 3671 9087 7446 9753 9395 5378 907 8600 2840 7485 6570 3829 8539 7685 7703 7982 1469 1744 5740 773 6683 7288 1224 6925 3589 3724 8345 4464 7017 6226 8618 4359 6275 5846 7175 194 7002 8561 187 8006 8025 5369 7493 1891 7387 94 1975 2078 10 7402 2903 8534 6362 8756 1268 7317 6266 17 5098 6279
7649 2298 4047 3259 3797 224 1461 4658 9325 6045 5173 816 7107 3366 3853 5694 215 0 5900 414 5337 1603 2946 156 5058 8519 8122 9263 5774 3718 5268 654 4319 6771 3203 4388 7954 4694 7645 9445 1433 5705 3189 7372 5364 5933 7976 9400 4844 8363 2528 6770 2113 9503 5704 5699 341 4160 3867 9858 2474 4709 781 1899 4722 3115 1623 139 4161 8211 8959 8350 2068 5542 9272 4747 6841 9337 3307 2172 4502 5292 3936 3773 6826 680 4038 4500 5250 7579 4614 8741 6572 2794 9179 3 9976 4589 844 8027
2467 1778 8238 4270 76 7013 1439 2016 5289 4764 6484 6826 1231 4238 5351 7073 1185 5900 0 5729 8692 6167 8223 3090 4963 3680 3823 5629 1047 6785 2700 2807 7341 7667 7875 4283 4487 6088 5944 6412 2147 679 2299 6252 8388 6388 5053 7574 1981 1877 5362 477 9055 6526 5696 7063 5882 4531 7485 6094 2249 9760 9770 3831 6067 2719 5214 2423 1001 6506 9671 6392 7502 827 3980 7990 9124 1953 9425 9705 2098 8135 9684 3364 5755 8195 2457 439 8731 2677 8474 6670 5358 3620 328 1234 6679 6493 4954 8920
2181 7599 6157 7427 7560 800 9761 3338 7140 5910 684 3684 4605 4319 3759 1356 7718 414 5729 0 6442 442 3478 3152 1537 9441 1217 226 2287 8002 6979 8017 4669 3877 9452 5431 8802 1760 1320 2938 8845 1677 7811 1259 5324 3483 5138 9924 292 682 1393 5025 3647 7043 8052 482 1239 7718 9710 1193 3532 5791 4566 8216 4602 7537 4722 1799 2029 2806 6014 2105 7320 4239 255 6285 619 8168 6240 5587 8536 4600 5596 5675 3097 9536 491 1205 1777 7245 5546 3925 1146 4783 225 5218 1605 3870 9805 3966
1850 7510 5438 2451 5650 2990 2148 172 8857 4859 2220 1147 4930 9446 6117 8973 7541 5337 8692 6442 0 9448 1691 9370 3531 1526 8650 8069 7998 7696 135 6218 9679 951 4368 5080 8529 4172 8479 8759 8006 4455 7754 4785 5 2221 5767 6584 3470 3123 3271 5022 1904 3236 5696 3348 17 8171 4752 2617 6906 7010 5130 379 6992 78 3742 6693 9612 5808 991 5091 6156 3242 6654 6051 5205 48 9662 4267 2920 8814 9393 2677 7466 8166 2311 2432 3598 6736 6460 6930 6903 2114 4153 224 3584 5245 1518 77
4383 127 4320 6384 1978 7931 2160 5196 6704 2571 3949 1360 4507 1169 2039 5226 9781 1603 6167 442 9448 0 9681 1980 8972 184 1274 9410 6644 2003 1797 8367 2325 2611 579 4825 2909 2023 6819 5959 1754 7769 1772 8294 1999 2142 6357 2129 744 4341 6223 6303 1467 6628 603 356 7945 4183 7178 3073 7839 7385 5499 8672 3743 9216 5970 8969 2023 2782 3518 1539 6605 2104 2774 4036 3610 8791 3222 4464 7999 9741 2214 2374 862 9756 5898 7162 4886 2792 9498 796 4875 1520 5760 7600 657 4009 1919 4715
3524 3986 5067 2173 2306 6417 6419 1671 7532 2924 3318 4099 852 4718 1528 8788 5931 2946 8223 3478 1691 9681 0 4982 6679 6305 7016 1282 286 4749 1983 8801 537 9822 6228 999 6652 867 7542 6226 8121 2606 6052 1438 165 4997 6465 8713 4746 2351 4192 4400 6975 423 8922 2421 6027 6706 3905 6924 9398 8793 1574 5074 6979 9104 8542 8997 6851 8621 6281 346 3353 1208 4540 466 3571 9838 4012 5461 9572 7514 1393 3342 7546 3922 4180 9669 3819 9560 2155 9091 1865 7174 766 5442 689 6045 7046 3020
5703 9888 7844 8492 3402 8660 7444 2241 612 9797 7024 4460 3113 7290 4406 1916 5795 156 3090 3152 9370 1980 4982 0 8736 6493 455 7796 3207 277 1226 8141 9502 7403 4133 101 8827 5138 5139 5682 8598 5147 9732 9610 5183 8479 1529 8446 7766 9099 2701 4556 8511 7077 5462 5192 4365 225 7010 2846 6461 5161 333 4104 7191 1945 7107 1281 5946 6219 5851 885 5862 7426 8831 8772 811 1333 575 4938 7255 4414 742 8748 6157 5597 4672 6037 8279 1670 1090 6137 5984 2692 3283 2823 6170 7860 4626 8579
6745 4341 1332 1880 6440 5779 1559 1577 4458 5020 9908 3044 8337 3751 398 3522 3884 5058 4963 1537 3531 8972 6679 8736 0 8147 4940 7832 9904 7015 7583 4030 1668 6687 16 1423 7410 3291 5410 5568 9119 2786 9750 226 8053 5242 2636 1048 4733 6692 7215 6509 7316 4010 5524 1169 4690 5267 8438 4783 2244 3490 3548 8348 2418 7094 9255 9596 3824 34 8979 649 4819 178 4628 9710 399 196 5172 1635 7919 4437 1985 6996 3375 1050 499 5006 9107 7781 559 5390 8445 1248 4723 6068 5521 6898 2562 3933
7043 7151 9841 5516 188 1862 2177 3151 5954 3832 4856 7357 1602 6253 8339 8125 9908 8519 3680 9441 1526 184 6305 6493 8147 0 2168 9506 2108 9476 3084 9505 5356 4437 6549 5245 4150 2834 9263 8166 7028 2101 8465 7196 3711 5512 5547 4780 1101 6134 3664 1717 2505 2188 1223 2718 5980 202 6478 2038 1978 7099 957 1243 5163 1960 4533 5707 2665 2915 1998 910 2470 8869 5863 9836 7387 8487 3381 7315 8275 2856 2908 2400 7492 3073 3281 5017 4532 576 1580 5664 1244 5419 5678 4001 5839 4320 413 7602
1725 8709 3529 1872 8872 5170 1984 5252 1182 9844 7323 936 421 5943 1679 1803 7014 8122 3823 1217 8650 1274 7016 455 4940 2168 0 6426 3128 2051 1593 8549 7886 3808 3276 2702 6820 9050 2654 6967 1528 196 7813 1930 9747 5066 6250 7460 5812 6010 6746 7032 1740 2431 843 5982 5076 2203 6731 6324 8634 9327 253 9116 4246 979 7802 6710 3558 1107 4459 1632 67 8791 7672 4418 8259 9151 8692 4417 8096 7452 7044 5955 6989 6886 4633 7117 8716 9333 2088 1077 288 7305 484 6236 856 678 4708 5663
8009 345 9050 1527 6284 9406 1032 8088 1288 7802 3660 75 3359 9924 9845 6987 3731 9263 5629 226 8069 9410 1282 7796 7832 9506 6426 0 1369 195 9019 2631 7748 3822 9491 6380 3565 7629 8373 42 886 6782 9199 5809 7686 9584 7522 545 8479 4797 1812 2924 6854 1580 9365 9848 5385 6998 5708 9070 9873 3031 8518 9574 8933 8835 3982 7792 2465 4799 3841 846 3774 7689 2125 1972 9033 2401 8335 8710 8693 4709 9392 6224 2595 6250 2064 8044 4648 8981 7746 3249 7276 4124 496 4 5550 240 3038 9935
4245 3085 7514 345 1076 8823 3963 9162 8700 1595 9315 3610 1182 667 8981 6884 2604 5774 1047 2287 7998 6644 286 3207 9904 2108 3128 1369 0 6499 7982 8206 5046 9117 2094 715 2519 3910 8480 3867 3555 5130 6222 4694 8902 9402 370 7835 4116 3853 8239 5605 2322 1621 8323 9179 5081 3932 3654 8293 190 8636 471 6590 9098 4215 7719 8087 8313 5456 9417 9982 6807 8654 2692 5742 6513 8367 563 998 487 6759 1140 2167 7699 1789 7051 6501 4558 3046 4718 5252 7593 4656 2419 2147 9133 5489 7343 8523
2715 8364 6084 7666 9989 3830 1597 9106 8013 6961 3335 1613 341 8227 173 5244 1099 3718 6785 8002 7696 2003 4749 277 7015 9476 2051 195 6499 0 3397 2097 2770 4753 2275 1836 3141 4977 9403 9877 5657 6898 5402 1342 8609 2787 5426 3844 8579 90 4235 9546 579 3419 9006 8462 2010 8007 7389 8729 2244 3750 1612 7925 3848 8280 5690 1387 8853 258 1212 6991 7751 2616 8541 2555 2158 420 6389 744 2145 6422 5178 6966 8365 5308 5864 820 6968 2987 1891 1820 8287 3389 9076 8882 674 9112 7979 291
6733 8385 9582 6030 1711 8423 537 3796 3 9191 211 4118 3358 278 2163 3841 414 5268 2700 6979 135 1797 1983 1226 7583 3084 1593 9019 7982 3397 0 3950 5349 3818 8181 6609 5007 6721 5442 4752 9117 3854 9898 4994 1060 169 8360 9212 8417 4687 4389 1912 3275 2699 4283 2770 4412 5638 5566 9172 3020 2581 2703 1513 8618 6720 2857 6219 3449 737 3973 9118 8016 2446 3503 7326 1389 6169 940 4576 429 4589 6872 9620 274 6209 8720 1493 5728 26 5099 9464 3252 1230 368 8996 1176 3006 1966 4655
9845 6992 1336 9878 6550 376 2300 9959 8207 3195 1450 8764 9469 7948 7938 1846 1624 654 2807 8017 6218 8367 8801 8141 4030 9505 8549 2631 8206 2097 3950 0 4670 8511 7786 4869 9477 2766 9026 2938 616 1333 5678 5264 728 5050 8747 1206 6490 5570 5126 3253 7233 3079 3924 373 474 3367 9233 1944 7415 4616 8244 165 7111 7141 1415 8155 984 2890 4694 9861 1917 5085 3466 1124 3610 6232 6734 8416 844 1859 5015 14 7483 115 2671 4194 4074 7573 7542 3685 2706 5660 4489 7377 2616 3106 4139 2027
3609 1227 2848 6066 8416 3414 8423 8387 4884 3344 3598 976 9137 2410 3275 2583 5125 4319 7341 4669 9679 2325 537 9502 1668 5356 7886 7748 5046 2770 5349 4670 0 1538 1183 5335 3179 3087 9772 307 6804 1085 7591 5692 9937 7991 2113 7419 9703 1959 9204 1650 5141 4001 6380 1079 6089 9093 1206 9714 6228 212 1996 9107 7855 9229 4559 3711 2761 3144 6310 4413 6803 8962 1365 4280 3504 9133 3311 8797 843 1599 7339 2569 9413 5842 9739 6791 7269 6016 9656 3650 6749 2526 2108 5114 5428 3145 5497 5067
2371 9462 6995 3717 6267 2119 2174 8016 3159 8425 3690 5405 3317 5531 355 1710 575 6771 7667 3877 951 2611 9822 7403 6687 4437 3808 3822 9117 4753 3818 8511 1538 0 2646 4278 3 6035 4299 4023 6237 3605 8653 3232 9522 9071 3248 2440 5122 7606 9001 2560 5372 172 3249 6673 8528 5854 6920 9837 4667 6240 810 8794 1284 2523 5944 4875 529 4122 5805 5815 9465 7015 2767 2979 9583 5240 9045 4634 4125 6197 3836 3855 9450 1800 6060 1677 5667 4330 707 5994 359 4656 3541 7592 7255 6004 3712 8846
1318 5846 4382 7541 9061 8933 3061 2587 8443 2846 1566 1105 7187 4455 9245 5986 7003 3203 7875 9452 4368 579 6228 4133 16 6549 3276 9491 2094 2275 8181 7786 1183 2646 0 5299 8028 9618 2522 9466 3905 2458 8244 4069 9676 4188 8954 4323 2963 8729 6729 8447 2548 941 7467 7540 8183 5628 3826 8108 5277 3293 724 3847 8062 1537 9428 8825 5543 939 131 4545 7408 7947 4527 1631 580 4522 1307 4022 9005 2794 1704 352 9939 6825 9274 3912 1437 5710 3825 5771 8983 7174 9423 4694 508 7353 438 3056
4919 3459 1056 1942 7490 6256 3202 7996 7718 163 3540 9365 7978 5059 388 265 2342 4388 4283 5431 5080 4825 999 101 1423 5245 2702 6380 715 1836 6609 4869 5335 4278 5299 0 9504 5251 3625 9697 6178 943 9027 3132 4163 4550 7916 5980 6592 8261 8843 7885 1125 7590 4601 5400 8036 5013 3979 6899 6027 2180 2848 1458 8363 5531 6520 928 60 1626 4919 9879 5877 3208 1004 6358 1331 3082 4077 2238 6048 1330 2124 2247 500 1479 532 3281 1541 9479 7318 5716 9762 9378 33 3017 4987 8613 2455 4719
1243 4906 8455 595 7548 3877 6944 5389 8917 3616 3051 3853 7360 5646 2526 4005 8158 7954 4487 8802 8529 2909 6652 8827 7410 4150 6820 3565 2519 3141 5007 9477 3179 3 8028 9504 0 2708 250 472 780 9817 118 3575 6315 790 6001 297 8854 2908 2580 2635 1615 7656 5798 186 4773 3920 1459 9346 1062 8188 6517 3161 3321 35 4344 5076 2663 1629 25 3248 3509 3737 9184 2164 1067 5282 7370 9079 1244 7247 7751 7977 2814 4650 2045 758 9613 2497 1880 3560 1122 9486 1804 1477 5193 2233 8026 5226
5276 6271 8423 1031 3856 5907 3092 2650 5588 6588 1829 8422 2761 7196 4048 2865 1827 4694 6088 1760 4172 2023 867 5138 3291 2834 9050 7629 3910 4977 6721 2766 3087 6035 9618 5251 2708 0 8388 3369 347 656 7674 7214 9081 7505 6753 9145 2351 2375 859 2070 4070 9257 7675 871 9290 2242 8582 4212 8111 6826 9635 4149 4903 8350 759 9615 8682 6500 4386 2672 6509 9418 17 340 632 5951 7967 2613 886 8037 5601 7798 4970 1289 9635 3738 4837 2326 8030 7199 9941 1427 1656 5332 1526 2832 8207 9245
4158 7368 8883 9189 9317 1744 428 2160 1534 4976 362 2991 2085 3975 6241 7998 7220 7645 5944 1320 8479 6819 7542 5139 5410 9263 2654 8373 8480 9403 5442 9026 9772 4299 2522 3625 250 8388 0 2432 6879 9961 2264 498 3334 4029 3363 6100 1151 8399 871 4786 899 6205 266 4572 2185 267 9869 7576 5584 9173 8866 4330 8189 6948 4287 5985 6019 9102 2923 8071 5805 4391 7897 6846 3151 5074 6844 8432 7360 8037 842 2782 7011 5796 2412 4593 7512 6311 5596 5230 9326 1141 9104 8881 4101 989 3148 5780
8791 5648 2945 1731 4558 6630 458 6415 9721 4560 4590 1692 8917 2883 7699 1653 2026 9445 6412 2938 8759 5959 6226 5682 5568 8166 6967 42 3867 9877 4752 2938 307 4023 9466 9697 472 3369 2432 0 2234 4376 8411 8633 7440 5580 159 5025 7186 6431 7217 6353 6084 1103 5314 1169 5653 2159 8854 2675 1317 8924 8459 6849 8590 9587 5547 2433 8453 2537 5733 4688 5649 129 5450 1177 9541 7549 9741 5822 4778 9509 8052 9179 283 5614 8765 3419 3017 1079 1592 3932 5866 9055 6092 4856 6405 3352 8950 6209
7112 5812 4816 1637 6766 3640 4549 3237 8200 4982 516 7227 5368 4791 4800 2952 3671 1433 2147 8845 8006 1754 8121 8598 9119 7028 1528 886 3555 5657 9117 616 6804 6237 3905 6178 780 347 6879 2234 0 4833 3526 4443 5244 4807 4190 2041 4078 7048 7093 6942 1703 2137 6093 9532 110 2726 9092 9256 2522 2006 4195 6524 5677 2832 9303 9731 3501 1157 984 3994 5557 6233 3614 241 6578 3315 8737 8312 9530 6214 9257 2069 1504 7254 2481 712 5099 777 5515 2323 3137 7953 1054 6493 1596 763 3807 53
2219 3805 4515 6274 5736 7529 8316 3745 4387 7630 3832 490 1793 2852 6437 1940 9087 5705 679 1677 4455 7769 2606 5147 2786 2101 196 6782 5130 6898 3854 1333 1085 3605 2458 943 9817 656 9961 4376 4833 0 9897 4112 4915 4081 6782 7780 8440 7860 7597 444 8325 9818 5746 2039 8933 491 9725 3011 7221 7710 7136 2953 6640 5250 7032 1322 825 7567 4772 1926 7793 4753 8016 8939 2961 8781 8929 4887 53 2091 1229 9257 9594 2997 6371 1464 108 1973 8828 8286 3922 9802 1274 2072 2255 7484 5278 6267
2394 1434 9489 643 3654 396 9057 1343 3035 6853 3670 6971 2472 3030 7893 515 7446 3189 2299 7811 7754 1772 6052 9732 9750 8465 7813 9199 6222 5402 9898 5678 7591 8653 8244 9027 118 7674 2264 8411 3526 9897 0 5492 4702 6480 1558 9317 6599 9985 8198 3799 8623 5906 8026 2581 2524 6477 8309 6791 4859 6520 8420 2890 4576 8462 6842 69 6465 9150 8179 1685 180 8274 5820 8740 2460 7171 3428 9679 9955 5969 4713 2566 2202 4936 5519 9008 6335 4957 8522 3468 3146 1541 1996 4992 2646 5453 7577 2337
9541 6271 7880 9224 4930 6135 4412 3926 9938 9328 2623 6284 1551 2129 9677 9427 9753 7372 6252 1259 4785 8294 1438 9610 226 7196 1930 5809 4694 1342 4994 5264 5692 3232 4069 3132 3575 7214 498 8633 4443 4112 5492 0 5020 1936 4417 6825 1622 3386 8708 5212 450 5421 1868 7097 6404 7009 7145 119 1350 3708 2684 6073 6330 4018 2464 7028 4191 6210 8831 3174 6807 3974 7726 7146 1627 6857 1756 7673 886 1990 7259 4031 7954 1904 6030 3360 8914 6377 5050 4351 3827 1166 4503 3778 5391 6446 7547 984
9496 8919 7522 3408 1071 1167 8291 4405 7053 8140 1379 8548 2485 9798 2054 2087 9395 5364 8388 5324 5 1999 165 5183 8053 3711 9747 7686 8902 8609 1060 728 9937 9522 9676 4163 6315 9081 3334 7440 5244 4915 4702 5020 0 6707 8634 2587 4138 8903 2276 9155 4065 9251 5213 7671 4291 3207 7592 5383 1238 855 6207 2330 3266 725 5536 1251 4184 7492 3638 7744 6170 7159 7950 663 5458 8819 3592 2854 2018 1037 5992 4456 1432 6655 1647 2066 4142 2787 9933 6809 5836 8498 4891 8568 9121 3668 5265 7100
8705 9950 8081 3065 4199 1117 9083 4777 9497 1096 3606 8262 8333 6168 172 3521 5378 5933 6388 3483 2221 2142 4997 8479 5242 5512 5066 9584 9402 2787 169 5050 7991 9071 4188 4550 790 7505 4029 5580 4807 4081 6480 1936 6707 0 1047 4748 7252 3351 7361 7529 1758 6127 3151 7667 7480 5302 7460 3158 241 5472 787 8948 6292 3204 9826 2761 2297 2205 298 4125 2163 1361 7921 2264 3141 1448 9182 3135 2750 2274 1345 763 8266 5195 3196 6946 3098 4520 7750 9541 2542 3427 1290 7737 5034 7127 1317 7001
7741 6511 9702 4167 6313 4604 5784 2698 4642 2123 4820 3277 3571 8365 536 5274 907 7976 5053 5138 5767 6357 6465 1529 2636 5547 6250 7522 370 5426 8360 8747 2113 3248 8954 7916 6001 6753 3363 159 4190 6782 1558 4417 8634 1047 0 8709 7079 5496 8549 8292 1592 2969 6835 685 3771 5611 9705 4698 396 4106 8931 376 2132 857 418 4794 8048 5159 9647 8533 1579 2446 9517 8661 1038 8824 3441 5463 7197 6166 516 7430 7073 1242 5903 5374 2146 6774 5391 5654 5478 7635 7614 5637 8529 5236 1410 3747
7916 6655 8305 7634 9760 7059 3949 7330 9959 5851 2031 1065 9272 3591 3977 2632 8600 9400 7574 9924 6584 2129 8713 8446 1048 4780 7460 545 7835 3844 9212 1206 7419 2440 4323 5980 297 9145 6100 5025 2041 7780 9317 6825 2587 4748 8709 0 4542 1192 376 915 1323 3736 9557 3280 7435 4886 248 7355 7657 610 7565 4202 1795 7506 8609 8292 648 1784 4766 2562 9219 8134 9435 3115 6174 9407 1112 2387 1527 3064 4278 4341 6770 5946 723 8543 9325 1398 2623 1067 846 7060 894 4697 509 2381 4190 2731
9301 665 4224 4986 9243 8811 4670 7831 8713 3525 7234 7737 7172 9829 7300 2126 2840 4844 1981 292 3470 744 4746 7766 4733 1101 5812 8479 4116 8579 8417 6490 9703 5122 2963 6592 8854 2351 1151 7186 4078 8440 6599 1622 4138 7252 7079 4542 0 1224 4310 1010 6355 1198 7786 1667 4137 1192 1333 9901 3773 7030 3020 1993 9151 8536 9428 9144 888 7798 2078 6260 2570 4372 7222 1940 9947 3149 1240 9205 419 2490 9654 1758 6372 8152 6437 6378 3004 133 3063 9578 107 8837 9619 6195 9775 442 4317 1553
3158 1456 1500 1641 4991 235 7163 6607 2466 9993 5529 8750 7808 3243 5480 5688 7485 8363 1877 682 3123 4341 2351 9099 6692 6134 6010 4797 3853 90 4687 5570 1959 7606 8729 8261 2908 2375 8399 6431 7048 7860 9985 3386 8903 3351 5496 1192 1224 0 2754 9099 495 8795 446 7188 8400 8294 2672 2544 6260 6458 8765 795 6162 3612 2165 9290 6850 1078 3915 2377 6629 1952 9952 2036 4971 5591 2960 4146 6532 8074 3749 3230 3070 5 8099 8637 1497 3696 8228 2404 9076 891 3400 6281 2681 8024 778 5207
9997 2280 6137 2486 195 7544 9346 5042 7243 6200 1757 272 9898 470 8102 8914 6570 2528 5362 1393 3271 6223 4192 2701 7215 3664 6746 1812 8239 4235 4389 5126 9204 9001 6729 8843 2580 859 871 7217 7093 7597 8198 8708 2276 7361 8549 376 4310 2754 0 4115 1050 2171 359 6395 708 1457 6797 1633 5883 5478 9789 6447 649 9158 9960 5983 5698 9756 1222 8470 7309 5503 5287 2075 6832 2778 104 8496 2362 8681 7821 373 99 625 1784 6209 5427 3069 9712 1175 9869 2035 7084 3867 5464 1752 3727 731
9481 5947 4178 5879 9399 3927 4014 8097 3042 4315 7929 8394 5645 4484 3095 8191 3829 6770 477 5025 5022 6303 4400 4556 6509 1717 7032 2924 5605 9546 1912 3253 1650 2560 8447 7885 2635 2070 4786 6353 6942 444 3799 5212 9155 7529 8292 915 1010 9099 4115 0 3398 7646 9130 6397 5727 8798 200 877 8021 6912 7259 1711 2044 7302 8392 2774 7345 3746 8114 461 6265 3834 8797 6968 7377 4373 4698 2507 5371 690 8394 6694 2228 4783 6320 5284 7609 926 1813 226 4953 1799 7290 5879 6396 9334 4356 5411
5196 1757 8023 8779 5830 7947 5453 8084 2731 1634 1882 4820 1513 2522 6653 9613 8539 2113 9055 3647 1904 1467 6975 8511 7316 2505 1740 6854 2322 579 3275 7233 5141 5372 2548 1125 1615 4070 899 6084 1703 8325 8623 450 4065 1758 1592 1323 6355 495 1050 3398 0 4259 9304 792 1692 3458 9652 5566 2721 1273 4478 1862 247 6984 9412 1060 9974 3266 6874 9915 7607 5259 6 6569 3546 4570 2851 3753 2842 4195 4325 4191 1004 2758 7177 4914 1201 3430 232 7272 1344 8193 9824 1370 8800 9781 5061 8049
9399 6160 9994 8343 6590 9954 7916 4455 9508 5468 2536 8697 8216 4917 2326 8245 7685 9503 6526 7043 3236 6628 423 7077 4010 2188 2431 1580 1621 3419 2699 3079 4001 172 941 7590 7656 9257 6205 1103 2137 9818 5906 5421 9251 6127 2969 3736 1198 8795 2171 7646 4259 0 3553 3105 6675 4612 413 982 7415 8046 745 3118 988 78 643 991 4951 104 4166 9135 9426 1069 9480 84 4321 2738 185 632 9186 6371 4844 5301 1292 7925 5370 5712 1829 4611 396 8323 5728 1289 6122 8842 7637 2863 2554 1581
1936 3057 7882 7685 7552 8426 3201 2172 5725 5672 580 4418 514 4053 6024 9855 7703 5704 5696 8052 5696 603 8922 5462 5524 1223 843 9365 8323 9006 4283 3924 6380 3249 7467 4601 5798 7675 266 5314 6093 5746 8026 1868 5213 3151 6835 9557 7786 446 359 9130 9304 3553 0 4006 6838 1260 7023 5351 3132 9722 3469 4283 1707 1821 2360 2126 5365 2894 763 9273 9743 183 3973 4645 4674 386 365 6656 2079 499 7702 5016 8516 6703 7800 2696 1430 6425 2153 6359 9002 4094 412 8744 6508 1043 5502 6135
43 5195 8929 9485 2715 4255 5947 8 4817 8323 8946 502 6395 1507 3747 9367 7982 5699 7063 482 3348 356 2421 5192 1169 2718 5982 9848 9179 8462 2770 373 1079 6673 7540 5400 186 871 4572 1169 9532 2039 2581 7097 7671 7667 685 3280 1667 7188 6395 6397 792 3105 4006 0 2548 8204 3639 7070 1601 2246 4287 7546 2110 2774 4192 7838 618 7925 4693 3321 6663 3323 7265 8013 4086 8869 4546 8093 2506 8798 4884 1718 9774 6729 4423 9094 5982 9676 7862 2001 8016 5207 3516 5092 685 5449 5092 1351
3735 9945 1111 7154 5533 1156 9335 8447 3968 2994 9659 7215 3795 2974 6425 5278 1469 341 5882 1239 17 7945 6027 4365 4690 5980 5076 5385 5081 2010 4412 474 6089 8528 8183 8036 4773 9290 2185 5653 110 8933 2524 6404 4291 7480 3771 7435 4137 8400 708 5727 1692 6675 6838 2548 0 8388 7128 2506 3438 4968 4868 5418 1231 4628 4096 4232 4632 2354 1102 6706 1337 1662 3126 6981 6455 3646 233 8409 5781 6527 5037 7519 4609 2504 205 4067 2300 9253 9462 7850 1510 9886 3462 7450 3870 5411 1205 1259
8091 7081 7806 7994 3610 6490 2252 13 5671 7782 2709 2536 9072 5395 1213 5566 1744 4160 4531 7718 8171 4183 6706 225 5267 202 2203 6998 3932 8007 5638 3367 9093 5854 5628 5013 3920 2242 267 2159 2726 491 6477 7009 3207 5302 5611 4886 1192 8294 1457 8798 3458 4612 1260 8204 8388 0 1421 5498 2128 7217 1268 1874 7476 6382 1520 2066 911 3714 6756 5974 2373 8122 5625 7233 1890 5833 1932 4914 7890 7295 6368 7467 1407 3376 8053 9348 2820 125 5643 2646 3580 8222 6006 6999 9839 7459 6166 9663
4960 1166 5441 7413 249 2007 9723 9273 9555 1372 9801 943 6576 9961 1269 4641 5740 3867 7485 9710 4752 7178 3905 7010 8438 6478 6731 5708 3654 7389 5566 9233 1206 6920 3826 3979 1459 8582 9869 8854 9092 9725 8309 7145 7592 7460 9705 248 1333 2672 6797 200 9652 413 7023 3639 7128 1421 0 7154 4720 7478 5890 2705 8411 2026 2008 7922 4112 1319 7998 5566 870 8983 3693 6864 7410 5653 5031 5867 7241 9602 2533 4909 4668 7831 4748 2487 886 2683 191 3104 3893 837 8764 3682 3328 9748 8330 3847
6015 2362 2114 6639 9479 94 1389 2905 1239 3897 9138 5974 157 5501 7093 6532 773 9858 6094 1193 2617 3073 6924 2846 4783 2038 6324 9070 8293 8729 9172 1944 9714 9837 8108 6899 9346 4212 7576 2675 9256 3011 6791 119 5383 3158 4698 7355 9901 2544 1633 877 5566 982 5351 7070 2506 5498 7154 0 2347 5788 6041 3753 5141 3190 2607 4204 7980 7668 3888 2372 4541 6022 7398 8099 9493 2372 3421 3924 5386 3029 5825 882 6555 8714 7698 4517 7074 2034 6983 432 7004 5924 9495 5227 1302 6216 8040 4871
5527 9064 4655 8448 3082 5164 6158 6619 5334 6817 1786 7557 3844 7181 6223 4515 6683 2474 2249 3532 6906 7839 9398 6461 2244 1978 8634 9873 190 2244 3020 7415 6228 4667 5277 6027 1062 8111 5584 1317 2522 7221 4859 1350 1238 241 396 7657 3773 6260 5883 8021 2721 7415 3132 1601 3438 2128 4720 2347 0 7164 4440 4998 9244 2286 6807 4043 2457 17 6233 8816 7262 1903 9841 4932 652 3550 8081 8481 6149 4651 5976 50 4725 2965 2771 6357 1675 7766 4371 6144 9009 4198 6789 6685 5776 1623 5494 5367
9835 4756 2521 406 4560 8546 524 4610 5545 9616 1320 3299 224 3983 392 3737 7288 4709 9760 5791 7010 7385 8793 5161 3490 7099 9327 3031 8636 3750 2581 4616 212 6240 3293 2180 8188 6826 9173 8924 2006 7710 6520 3708 855 5472 4106 610 7030 6458 5478 6912 1273 8046 9722 2246 4968 7217 7478 5788 7164 0 1846 6357 9962 5271 4391 9699 1800 3153 207 3718 7697 2096 4884 4047 1731 7700 1575 9595 7690 2165 9305 6195 2054 8281 9792 7396 5622 8761 9705 9038 6907 1370 2945 3906 2741 7939 30 3307
8449 2906 7456 5003 4922 1394 8391 3269 6560 8908 1445 3767 6870 2552 3036 881 1224 781 9770 4566 5130 5499 1574 333 3548 957 253 8518 471 1612 2703 8244 1996 810 724 2848 6517 9635 8866 8459 4195 7136 8420 2684 6207 787 8931 7565 3020 8765 9789 7259 4478 745 3469 4287 4868 1268 5890 6041 4440 1846 0 5699 5539 9066 8218 7553 7153 9688 8256 3024 7383 2208 3984 4874 1537 5308 9099 5300 3490 1393 2298 9509 71 5518 8696 4844 6201 2904 4988 8749 9367 2487 9441 7433 1534 1955 7348 7215
8369 3744 1404 4186 1362 4008 4727 6316 1018 7431 4940 1821 912 5741 4922 8494 6925 1899 3831 8216 379 8672 5074 4104 8348 1243 9116 9574 6590 7925 1513 165 9107 8794 3847 1458 3161 4149 4330 6849 6524 2953 2890 6073 2330 8948 376 4202 1993 795 6447 1711 1862 3118 4283 7546 5418 1874 2705 3753 4998 6357 5699 0 4328 7344 3557 4917 8433 2767 9613 1379 7023 7760 3699 6959 702 6088 884 1872 6512 5908 1109 7378 6901 9437 9808 7880 4983 9900 3954 3112 222 7734 5814 5451 8747 530 2090 506
4950 542 6933 7552 4682 2643 8491 529 8539 2770 1890 2744 3853 2196 6246 239 3589 4722 6067 4602 6992 3743 6979 7191 2418 5163 4246 8933 9098 3848 8618 7111 7855 1284 8062 8363 3321 4903 8189 8590 5677 6640 4576 6330 3266 6292 2132 1795 9151 6162 649 2044 247 988 1707 2110 1231 7476 8411 5141 9244 9962 5539 4328 0 8507 2847 8861 3132 7239 136 6207 1434 7749 5297 5554 8887 1084 756 3507 8961 2230 8406 4700 4563 7049 6909 4649 9146 4399 9435 8335 8904 4992 3217 9192 3752 5879 8857 7591
5355 4614 554 6672 9348 1452 3107 2749 4892 3707 6255 6805 6551 5250 5187 4985 3724 3115 2719 7537 78 9216 9104 1945 7094 1960 979 8835 4215 8280 6720 7141 9229 2523 1537 5531 35 8350 6948 9587 2832 5250 8462 4018 725 3204 857 7506 8536 3612 9158 7302 6984 78 1821 2774 4628 6382 2026 3190 2286 5271 9066 7344 8507 0 7831 2374 3901 3808 1566 2800 49 6060 9860 3487 6265 8489 9952 6432 6297 7497 8632 4205 1252 1739 9847 1520 4904 3012 6211 1480 2026 9213 2513 4690 263 2986 9044 56
4769 2056 5972 9694 3610 9362 52 7202 5045 7580 307 7182 3689 1585 585 2022 8345 1623 5214 4722 3742 5970 8542 7107 9255 4533 7802 3982 7719 5690 2857 1415 4559 5944 9428 6520 4344 759 4287 5547 9303 7032 6842 2464 5536 9826 418 8609 9428 2165 9960 8392 9412 643 2360 4192 4096 1520 2008 2607 6807 4391 8218 3557 2847 7831 0 2885 2952 9120 379 7026 8030 3870 9016 4075 120 1525 3869 2450 8864 8559 4809 3748 1109 743 6249 3182 7449 7575 3251 8985 8848 5526 291 4623 1031 1203 5774 4012
5357 9126 7005 3604 7731 8239 2505 4076 2173 2730 1209 5778 9103 9070 3495 6637 4464 139 2423 1799 6693 8969 8997 1281 9596 5707 6710 7792 8087 1387 6219 8155 3711 4875 8825 928 5076 9615 5985 2433 9731 1322 69 7028 1251 2761 4794 8292 9144 9290 5983 2774 1060 991 2126 7838 4232 2066 7922 4204 4043 9699 7553 4917 8861 2374 2885 0 7143 206 7850 9150 96 2201 7428 6428 8644 3469 9982 1581 2536 1608 6731 648 3814 236 2366 3322 9415 3461 6123 2814 7719 2998 3594 6099 4796 2383 3309 2904
2251 1252 320 5301 1024 251 1434 9182 8539 3369 5979 8394 2554 7271 5149 360 7017 4161 1001 2029 9612 2023 6851 5946 3824 2665 3558 2465 8313 8853 3449 984 2761 529 5543 60 2663 8682 6019 8453 3501 825 6465 4191 4184 2297 8048 648 888 6850 5698 7345 9974 4951 5365 618 4632 911 4112 7980 2457 1800 7153 8433 3132 3901 2952 7143 0 4596 4181 2716 8780 4826 8350 8188 6806 7439 9789 7228 2644 6914 3622 132 1723 6987 1877 7852 1690 10 427 211 5906 1736 9357 2545 4894 6926 5518 568
6217 9711 7347 7136 1635 4289 3254 7003 5542 9888 7619 7727 9127 967 6758 5691 6226 8211 6506 2806 5808 2782 8621 6219 34 2915 1107 4799 5456 258 737 2890 3144 4122 939 1626 1629 6500 9102 2537 1157 7567 9150 6210 7492 2205 5159 1784 7798 1078 9756 3746 3266 104 2894 7925 2354 3714 1319 7668 17 3153 9688 2767 7239 3808 9120 206 4596 0 4883 3760 3906 6545 293 4917 6450 8989 8568 7912 9205 5690 3766 1483 4845 3806 8503 880 1624 7000 2374 7186 1756 570 6714 3619 3937 1706 6834 1976
3323 5356 8852 5116 3140 1513 4952 7566 2545 864 3450 2380 9848 622 8834 7188 8618 8959 9671 6014 991 3518 6281 5851 8979 1998 4459 3841 9417 1212 3973 4694 6310 5805 131 4919 25 4386 2923 5733 984 4772 8179 8831 3638 298 9647 4766 2078 3915 1222 8114 6874 4166 763 4693 1102 6756 7998 3888 6233 207 8256 9613 136 1566 379 7850 4181 4883 0 6770 4750 6058 9838 1728 8430 7908 7407 1917 331 9051 6132 7308 4479 5617 44 1279 8942 8610 6906 854 4100 2166 699 2024 4786 3876 2561 6454
6339 7146 8916 3251 5550 6842 6280 4738 6342 1597 4679 3956 4080 9179 8959 9747 4359 8350 6392 2105 5091 1539 346 885 649 910 1632 846 9982 6991 9118 9861 4413 5815 4545 9879 3248 2672 8071 4688 3994 1926 1685 3174 7744 4125 8533 2562 6260 2377 8470 461 9915 9135 9273 3321 6706 5974 5566 2372 8816 3718 3024 1379 6207 2800 7026 9150 2716 3760 6770 0 790 2333 4951 2076 7218 8776 4203 8187 1815 1726 6657 1332 3454 3716 2001 5394 923 814 5144 645 5160 8563 5484 1702 4150 9184 2458 890
1539 9185 3667 8676 7757 4456 8763 705 4995 845 8895 8669 4558 4899 592 8876 6275 2068 7502 7320 6156 6605 3353 5862 4819 2470 67 3774 6807 7751 8016 1917 6803 9465 7408 5877 3509 6509 5805 5649 5557 7793 180 6807 6170 2163 1579 9219 2570 6629 7309 6265 7607 9426 9743 6663 1337 2373 870 4541 7262 7697 7383 7023 1434 49 8030 96 8780 3906 4750 790 0 1311 3237 5468 4796 5442 6045 1094 4633 8610 6906 9201 3367 665 9356 5633 6169 6215 936 5440 3485 4552 6705 1232 3146 863 968 7814
3757 3275 7195 9215 1585 8286 235 5375 5601 1936 8730 6591 1315 3105 2128 6972 5846 5542 827 4239 3242 2104 1208 7426 178 8869 8791 7689 8654 2616 2446 5085 8962 7015 7947 3208 3737 9418 4391 129 6233 4753 8274 3974 7159 1361 2446 8134 4372 1952 5503 3834 5259 1069 183 3323 1662 8122 8983 6022 1903 2096 2208 7760 7749 6060 3870 2201 4826 6545 6058 2333 1311 0 7642 1598 772 6887 5985 3270 3682 2532 6865 2866 3660 5693 7340 3409 525 9514 8256 6428 1508 9414 9055 2072 8148 7920 9546 9257
2328 4977 1409 7253 3154 582 9502 3859 4847 7059 1305 4654 1564 9693 879 9095 7175 9272 3980 255 6654 2774 4540 8831 4628 5863 7672 2125 2692 8541 3503 3466 1365 2767 4527 1004 9184 17 7897 5450 3614 8016 5820 7726 7950 7921 9517 9435 7222 9952 5287 8797 6 9480 3973 7265 3126 5625 3693 7398 9841 4884 3984 3699 5297 9860 9016 7428 8350 293 9838 4951 3237 7642 0 4271 3075 8376 636 4155 9172 5394 6080 8386 9703 8057 344 5692 2204 673 7940 5821 8018 9447 1320 8453 6382 5203 3120 3903
3753 6884 8008 9826 4227 5883 4351 7439 7223 4572 9304 1292 8083 147 7422 4323 194 4747 7990 6285 6051 4036 466 8772 9710 9836 4418 1972 5742 2555 7326 1124 4280 2979 1631 6358 2164 340 6846 1177 241 8939 8740 7146 663 2264 8661 3115 1940 2036 2075 6968 6569 84 4645 8013 6981 7233 6864 8099 4932 4047 4874 6959 5554 3487 4075 6428 8188 4917 1728 2076 5468 1598 4271 0 3479 8293 8481 9017 7466 4336 8036 6825 505 393 183 223 3954 1634 2591 3815 2801 6531 1664 8800 1136 2342 2328 7859
4465 3174 3907 8595 9889 8455 5381 7932 5375 9860 9486 6535 1033 2630 724 4254 7002 6841 9124 619 5205 3610 3571 811 399 7387 8259 9033 6513 2158 1389 3610 3504 9583 580 1331 1067 632 3151 9541 6578 2961 2460 1627 5458 3141 1038 6174 9947 4971 6832 7377 3546 4321 4674 4086 6455 1890 7410 9493 652 1731 1537 702 8887 6265 120 8644 6806 6450 8430 7218 4796 772 3075 3479 0 2164 2344 6084 9373 8251 8799 2315 917 8066 7406 4782 4905 3395 7296 5252 182 6057 7926 5249 2905 7463 9719 3586
5739 9510 2621 7161 2061 266 8819 8678 2220 3527 6761 4045 187 3385 2198 7524 8561 9337 1953 8168 48 8791 9838 1333 196 8487 9151 2401 8367 420 6169 6232 9133 5240 4522 3082 5282 5951 5074 7549 3315 8781 7171 6857 8819 1448 8824 9407 3149 5591 2778 4373 4570 2738 386 8869 3646 5833 5653 2372 3550 7700 5308 6088 1084 8489 1525 3469 7439 8989 7908 8776 5442 6887 8376 8293 2164 0 4494 8843 8642 101 2141 4749 4561 8031 135 759 7995 9642 5847 3809 2127 6844 2808 5766 6827 7345 7832 5991
73 860 9076 8897 7925 183 3408 350 3767 2752 2480 9104 2497 293 7194 6690 187 3307 9425 6240 9662 3222 4012 575 5172 3381 8692 8335 563 6389 940 6734 3311 9045 1307 4077 7370 7967 6844 9741 8737 8929 3428 1756 3592 9182 3441 1112 1240 2960 104 4698 2851 185 365 4546 233 1932 5031 3421 8081 1575 9099 884 756 9952 3869 9982 9789 8568 7407 4203 6045 5985 636 8481 2344 4494 0 7871 690 687 9788 3309 4869 3641 121 7168 4190 6758 3993 6391 3651 2773 1323 2843 5657 8062 5956 6308
3636 3996 6096 1081 5414 8905 8911 7687 3642 2804 1227 4420 3453 7661 5800 5176 8006 2172 9705 5587 4267 4464 5461 4938 1635 7315 4417 8710 998 744 4576 8416 8797 4634 4022 2238 9079 2613 8432 5822 8312 4887 9679 7673 2854 3135 5463 2387 9205 4146 8496 2507 3753 632 6656 8093 8409 4914 5867 3924 8481 9595 5300 1872 3507 6432 2450 1581 7228 7912 1917 8187 1094 3270 4155 9017 6084 8843 7871 0 8053 7666 3823 6469 1786 1981 5390 6632 8427 1848 8089 2059 4634 5177 1586 1499 9991 4514 3849 7228
7974 7930 5649 620 3488 6581 58 6629 2493 3076 5637 3896 5426 4862 7716 1738 8025 4502 2098 8536 2920 7999 9572 7255 7919 8275 8096 8693 487 2145 429 844 843 4125 9005 6048 1244 886 7360 4778 9530 53 9955 886 2018 2750 7197 1527 419 6532 2362 5371 2842 9186 2079 2506 5781 7890 7241 5386 6149 7690 3490 6512 8961 6297 8864 2536 2644 9205 331 1815 4633 3682 9172 7466 9373 8642 690 8053 0 1396 1024 6038 1675 3982 6744 8158 3649 364 1488 261 9315 9617 7879 3326 3175 357 1528 2212
6518 2342 3774 896 535 8960 1775 9860 777 9698 2180 7279 4056 6574 1883 6443 5369 5292 8135 4600 8814 9741 7514 4414 4437 2856 7452 4709 6759 6422 4589 1859 1599 6197 2794 1330 7247 8037 8037 9509 6214 2091 5969 1990 1037 2274 6166 3064 2490 8074 8681 690 4195 6371 499 8798 6527 7295 9602 3029 4651 2165 1393 5908 2230 7497 8559 1608 6914 5690 9051 1726 8610 2532 5394 4336 8251 101 687 7666 1396 0 3046 3016 8522 8793 9250 9738 7878 3465 7494 3581 9447 2144 1953 7443 6982 6487 6375 712
