100
0 707 6309 4315 8050 7365 4916 8035 1813 7767 7580 6880 4420 4790 7140 9235 4495 2014 6712 2981 3117 7270 3897 8914 3514 4527 6956 8779 9172 4591 6449 3032 729 3529 8620 3015 5288 8058 3754 2621 226 2817 6556 2000 797 7217 4460 4166 7777 7913 6280 1419 34 4717 185 5587 9283 696 6243 4340 4346 2949 4050 202 127 9169 2372 4143 8002 5158 9407 4069 9693 2277 5272 8114 4950 6581 5571 4884 5373 3697 6654 5266 5284 6716 4078 9557 4994 4902 6817 425 3883 8526 1 7092 4118 3016 5384 8447
707 0 9884 2268 5104 2872 8812 5 9550 3248 6300 411 9072 6119 6633 573 5668 9682 4799 2598 7216 4410 4446 3888 9172 4057 6629 1800 9360 8994 5000 8123 1278 9479 1955 9102 8199 8838 1398 1469 6993 3029 9347 6876 8008 4687 9551 5185 7970 3432 3573 5491 5545 9014 380 3069 5734 348 8705 1825 9042 8059 9584 7424 86 3094 6611 6970 6442 4630 4630 6483 7584 967 2991 6091 4856 4633 867 9001 5325 586 7775 3549 8807 7394 9442 8174 1063 8251 455 7752 3290 9204 6860 6392 6323 7749 4173 1823
6309 9884 0 7092 3256 15 5214 7689 6207 9751 8331 7055 5935 3347 84 208 9158 801 9065 649 6803 4123 8088 5877 4861 8661 5904 458 6136 7193 6516 6792 490 395 1251 3312 4705 7768 1885 5110 8600 5454 512 8976 2984 5954 896 6717 8252 5820 4775 8795 810 172 5419 9215 4325 7027 4098 9698 9781 6355 259 9162 8731 491 1248 1168 9602 2001 5662 1908 7328 5514 5952 3234 691 48 6118 6825 2194 4049 5875 4765 6171 2163 8912 1225 8914 5365 6256 2022 8705 9670 1021 2899 2818 728 7038 2727
4315 2268 7092 0 3282 3851 2429 8446 7713 4861 9298 5264 6475 358 831 4655 2368 6417 3691 8973 7131 1880 9910 7882 4173 3307 9045 1336 2670 8276 6877 2979 6872 497 5890 1344 6420 992 5358 6061 3903 8617 6532 6084 1186 9162 7856 7147 9672 9657 1766 9058 4737 6600 9287 7770 2397 394 2787 5830 8928 133 7232 6676 9122 6816 9097 4700 8540 2985 4790 3423 3268 4849 8957 5958 7815 3835 6416 6112 4479 5526 1357 9088 4129 7204 8190 8063 9387 5094 5666 2347 7198 4604 2713 482 5141 4101 9252 989
8050 5104 3256 3282 0 2563 7975 3796 4849 4366 8310 498 7718 8019 3164 3117 3331 753 739 6353 1173 868 136 7173 3162 4707 5995 5125 8057 7962 6143 8783 6350 3140 2743 3454 181 2540 3490 8967 1596 1213 5889 2075 6263 4822 3512 6636 8985 7008 2578 1722 3452 4360 9584 7067 4416 5702 7382 3592 3338 9377 2279 2866 6641 6338 9374 9991 5263 6591 3919 8791 9319 4178 7882 4596 6926 5773 5918 2890 194 2232 3603 7882 2525 3923 3746 7873 5785 8253 8174 1157 1401 1594 2990 6050 9497 2015 7029 1571
7365 2872 15 3851 2563 0 9802 8273 2331 5960 8142 2160 9231 4897 8205 9253 3945 1296 813 6696 8199 2295 4694 72 3209 8 533 1828 6381 7971 5390 4955 1133 5542 860 5851 2550 448 8939 1594 4971 7419 6339 4152 9737 3396 4172 7846 4695 8200 472 8458 6043 3096 2945 5864 1714 8155 8039 7440 4479 7053 2605 1647 5123 3328 2764 7316 396 585 5648 6107 9142 3681 5776 2640 9252 2232 7015 7921 3484 7100 2286 701 5490 1985 8001 5971 278 9527 868 9620 7544 4394 2966 367 6991 7293 2671 4071
4916 8812 5214 2429 7975 9802 0 2078 7739 6143 8667 2416 2065 5047 9121 400 4315 7265 4840 994 1023 2340 6140 1574 5930 2380 3067 4255 7264 1982 5684 9610 9776 3231 7452 9140 2088 6710 5658 8856 6683 7737 4751 1212 1964 2974 2464 8965 2813 3948 6789 3479 9586 1644 3020 1270 2186 8853 5938 7740 8486 5876 7099 4275 3840 9972 6596 3517 5999 1793 2177 3906 8889 4509 2980 8026 5346 1865 1874 8278 5714 7765 1691 438 8071 4594 8623 2752 7435 4752 7502 2212 9233 3614 4825 8208 4372 4219 4901 6008
8035 5 7689 8446 3796 8273 2078 0 5706 7454 4205 7654 4045 7054 7488 4218 678 2799 8138 5754 6674 5843 3309 1899 2882 8766 2006 3569 8718 1436 5139 1923 3180 8807 4460 2437 6439 2821 7817 4800 8526 5080 6396 6302 4189 784 3300 3189 3743 3291 5379 913 5930 8417 4416 9020 3629 7799 544 899 7320 6809 5812 8626 3878 900 2073 9662 824 1035 5773 1128 3413 5823 3816 3999 5853 4577 3720 3980 2409 935 5739 8060 7330 6708 978 4813 8619 2166 1886 3323 3467 9236 8685 6011 6862 3161 3720 2401
1813 9550 6207 7713 4849 2331 7739 5706 0 5169 702 8324 3875 6708 4332 152 6758 7627 52 2967 9233 1234 1912 8045 7995 5592 3410 8540 51 401 9581 5702 8777 9297 8682 3428 8579 3713 9633 9445 2683 4421 5429 2874 2874 3441 4625 3324 194 1549 824 907 4322 9976 1106 3495 4745 7028 681 914 8763 8946 3037 8859 7264 979 390 7821 2996 1215 6086 5599 1675 3211 1973 595 8564 9390 7421 2527 4873 1530 3580 1381 8233 5199 215 9092 633 8868 4524 4606 1407 4655 3684 7632 293 8810 8458 3886
7767 3248 9751 4861 4366 5960 6143 7454 5169 0 6455 8708 6010 3456 3640 7374 4281 4119 2828 5680 6854 6486 5713 9026 9274 1273 3943 8406 9416 6498 1540 766 7635 9090 207 2154 314 3383 2655 6176 6508 2485 8294 2295 4131 1590 4335 2472 7847 838 5490 4834 4409 3707 3643 2384 2635 9531 7642 1404 2843 8670 2317 2133 4304 3960 3995 4374 3797 2318 1058 9035 5000 3469 1159 134 748 7879 9578 5633 5677 3938 1796 9608 4153 4428 5185 6245 2518 7577 9943 7447 7262 7775 2561 8510 1069 2846 5109 7296
7580 6300 8331 9298 8310 8142 8667 4205 702 6455 0 5328 3364 266 6778 4974 1911 1881 1489 7339 7407 9866 2429 2789 9141 6213 4794 7093 5791 8970 2626 8723 3970 4933 6821 4950 1370 1367 1952 2889 1953 7251 6978 9900 597 3355 4918 2189 7162 9490 3898 8418 6406 8298 983 2874 3564 6711 8461 9629 9832 4595 131 9535 1377 7653 9070 4063 8659 1872 4981 3219 2718 1758 5099 2513 9569 3523 400 9124 6140 7802 8906 6881 238 4433 3002 9474 5474 98 3481 5779 8604 4870 6938 2183 6557 1814 1619 2838
6880 411 7055 5264 498 2160 2416 7654 8324 8708 5328 0 8335 99 8112 8794 6949 1701 5703 3985 2145 1385 4493 6657 7128 4968 2306 7403 5812 6145 9145 3350 7733 3288 6850 7389 6363 4384 4110 1121 2701 8932 379 4430 9575 4146 6195 8054 7388 1011 5293 6849 9092 8628 8126 904 3969 4466 4233 3423 5208 8235 5331 6300 1336 1750 9809 6444 6451 5880 7734 7246 256 8786 6364 6589 4668 6491 5218 6210 5869 3775 7118 2733 5768 6622 1267 7968 4316 9968 3518 6277 344 5356 8424 3535 1171 4129 7601 975
4420 9072 5935 6475 7718 9231 2065 4045 3875 6010 3364 8335 0 8738 1712 3722 7316 3088 375 5653 1523 6842 5882 8767 1839 3796 1743 9946 384 6250 5417 7507 2475 2601 1158 6021 9631 6690 2878 6029 5956 4589 5091 8711 3818 1757 3111 4071 4220 9853 1374 9744 8349 2135 4253 5433 8010 9562 380 8406 4993 9098 1312 4298 5887 2537 9686 7061 1055 7572 6405 1898 9033 8495 6565 8215 5032 7402 2312 4517 4925 6777 6369 5856 7915 7486 2923 5410 5591 5401 8319 2445 2435 6000 7993 5168 8714 368 7949 2543
4790 6119 3347 358 8019 4897 5047 7054 6708 3456 266 99 8738 0 1440 1502 700 8391 8064 7132 7105 6276 3359 4492 5547 8581 7181 4357 5398 9161 5457 2877 86 3689 9350 6496 8890 1009 9043 2471 1778 6432 2935 102 368 5466 5527 5975 686 7262 396 5448 7187 7268 7286 3579 908 6873 5498 3937 5393 6474 62 8277 8789 4556 4385 302 9480 3244 7724 2348 4764 4423 2473 7073 1245 3938 3282 265 5084 8687 1315 7407 2903 9632 8030 7319 6560 198 8820 7458 9532 9092 356 8433 4866 3372 3627 8589
7140 6633 84 831 3164 8205 9121 7488 4332 3640 6778 8112 1712 1440 0 7902 5184 5601 1427 1425 5648 5850 1087 639 748 9873 595 7767 8974 6981 5242 4679 4434 9753 1873 4810 1101 5830 9019 9717 4383 4027 1933 8670 6417 8373 7324 3142 6111 2926 4855 5295 49 409 8076 5037 4428 1145 9552 7409 6392 8546 3770 575 1319 1261 6410 1003 474 1106 4355 2846 2344 1358 2293 9368 383 1192 4775 9065 1410 1501 4933 3688 3525 4554 3950 7448 8018 5150 3837 8971 4191 5858 4187 3200 2011 24 7994 9616
9235 573 208 4655 3117 9253 400 4218 152 7374 4974 8794 3722 1502 7902 0 3676 1016 3857 6167 6698 9582 4875 2712 3234 7959 9140 2728 9769 4142 3281 3699 5352 5613 7592 6301 161 5961 2642 5167 9909 9182 7222 959 2386 2103 2191 298 9215 8883 7518 5756 8186 4700 6494 4145 7481 5898 2989 9505 4952 2097 529 5299 394 2704 6516 3228 243 725 8755 2118 29 7610 7713 3778 1811 469 7126 7237 4111 4310 8832 4552 5038 4386 9750 3237 9026 1260 6025 21 7318 5225 2430 2681 89 1068 6443 7502
4495 5668 9158 2368 3331 3945 4315 678 6758 4281 1911 6949 7316 700 5184 3676 0 8413 7753 4144 2832 3965 7382 6889 9563 4447 7021 6560 1708 460 3604 3132 7193 5325 3194 3648 338 2437 459 2459 473 5337 7826 910 1635 9205 5621 8385 5038 1082 2609 8282 6773 2986 4890 3836 3607 3963 4517 2597 377 5637 7082 2226 7950 8834 8791 8805 7296 6930 1531 4704 2979 6574 5036 1568 801 2500 1109 3472 6742 8816 3217 6939 8689 1238 8915 6418 3810 5802 4395 5917 2635 211 7764 4442 9560 8365 5533 8062
2014 9682 801 6417 753 1296 7265 2799 7627 4119 1881 1701 3088 8391 5601 1016 8413 0 9737 9501 8443 7529 3288 9892 3747 4113 514 3246 5001 5319 2023 5042 4759 9849 2117 50 9380 6900 7045 9701 832 5034 7170 5098 5970 4655 2934 221 7295 9246 5184 4298 8655 1798 8642 7891 1253 8333 8841 6985 6398 1980 388 9786 2790 5724 4780 8453 8740 856 6969 7552 6638 369 7062 4413 1255 4892 9960 1433 1352 2694 7324 2519 3698 1854 3772 526 5515 2992 3814 954 3193 63 9820 4684 9075 7557 3711 6028
6712 4799 9065 3691 739 813 4840 8138 52 2828 1489 5703 375 8064 1427 3857 7753 9737 0 8232 2144 5016 1459 4729 1298 2142 4239 4647 6753 9270 7623 9605 7447 2283 7867 3618 6308 5292 2320 4547 8779 5606 541 1276 6673 8908 5473 8558 2767 8120 5488 3074 8466 7509 2301 6331 3373 8124 2270 2718 2055 5473 2201 2525 3220 4938 7816 5410 612 4543 445 7149 5165 240 4860 7180 9548 531 2916 3272 3085 8444 1694 9443 965 7376 1711 4196 7661 6466 2182 9274 8072 9853 4822 7574 7111 4249 1668 3752
2981 2598 649 8973 6353 6696 994 5754 2967 5680 7339 3985 5653 7132 1425 6167 4144 9501 8232 0 5004 5772 7023 3560 5106 7382 192 8416 4618 9904 8786 3355 7759 4229 6136 4917 5525 1104 5966 5268 6850 522 2078 4468 8526 8680 4029 6791 9653 6043 125 7655 5365 6947 3946 1935 292 1278 3060 6652 9038 2238 8523 8962 5497 6202 3178 1312 450 7450 672 2306 4191 351 7836 7736 5070 2882 5806 2178 3527 4908 3717 9290 5456 322 5058 8797 3125 3175 8369 7023 8871 2044 380 5669 8749 5410 1517 7033
3117 7216 6803 7131 1173 8199 1023 6674 9233 6854 7407 2145 1523 7105 5648 6698 2832 8443 2144 5004 0 6447 8352 8888 7883 1239 4008 8300 8448 6261 1303 452 9143 9149 9326 2346 1158 5141 5980 5560 9080 6280 5603 3927 7165 6729 5431 8274 5451 5867 5145 8647 8496 5828 3249 3096 971 484 1443 9826 8073 2098 1896 2052 8005 4416 9608 10 1755 4015 5256 4072 3442 2212 7085 1015 2333 3628 274 871 8308 6672 5518 4353 6332 396 3454 2505 6795 7495 5564 8523 8030 2569 7246 6104 427 2111 4252 4846
7270 4410 4123 1880 868 2295 2340 5843 1234 6486 9866 1385 6842 6276 5850 9582 3965 7529 5016 5772 6447 0 5210 210 6040 4646 4711 7275 3277 6514 4148 8231 2438 526 219 9426 7182 2518 5987 9061 3232 6206 2409 8123 3602 712 9994 4678 1858 2676 1336 328 9089 9527 7466 5467 2459 9897 9604 2772 32 8258 676 2036 9275 1995 6265 673 2750 3728 2863 9363 1049 8505 221 2648 3931 5622 2601 1717 5782 901 4338 2843 6043 1120 1785 9084 7775 1148 9428 4706 6593 7612 5169 7755 3866 7098 4988 8346
3897 4446 8088 9910 136 4694 6140 3309 1912 5713 2429 4493 5882 3359 1087 4875 7382 3288 1459 7023 8352 5210 0 2970 7793 8300 9737 9334 1123 1288 7852 2177 6055 1735 3924 5704 6918 1610 5394 3305 1777 9013 6496 919 1720 5003 912 8210 3115 8307 9709 6254 8611 8508 8108 3033 5300 6746 312 7908 5490 1245 7754 4685 3749 6213 3249 266 8074 9806 3697 6009 1869 7221 8814 9672 1593 4178 1840 4144 9743 1043 8287 6610 0 2168 8293 3200 5024 8962 2758 2454 6608 1858 2206 3067 3209 2235 5538 7040
8914 3888 5877 7882 7173 72 1574 1899 8045 9026 2789 6657 8767 4492 639 2712 6889 9892 4729 3560 8888 210 2970 0 2658 5318 1916 2083 6120 2311 2254 6532 2133 5297 8542 3640 1815 8319 4690 4299 7360 6075 7260 9611 129 4102 3097 2692 3699 1920 4578 9397 9085 7675 8345 3779 5716 4620 8494 7087 9139 8126 1060 4435 7505 9395 1607 3219 1923 2011 479 8525 7073 8528 6809 4258 1564 3239 1072 7569 8541 23 4272 6913 2848 8424 9165 3638 3337 4382 9680 6273 4396 8529 6199 5967 5350 6575 2500 6985
3514 9172 4861 4173 3162 3209 5930 2882 7995 9274 9141 7128 1839 5547 748 3234 9563 3747 1298 5106 7883 6040 7793 2658 0 3117 5912 2735 9270 6818 4049 8555 9601 4810 7610 6965 4279 1151 1043 817 5460 87 4536 8646 8043 2200 3065 5486 9503 6582 6170 3276 8198 9369 1379 4753 8011 8610 1692 6551 6756 7240 4951 772 951 538 7218 6404 3214 4132 5637 6995 8180 2780 2192 7056 9003 2892 94 1413 4681 9 3424 3332 4868 1023 6432 3192 8568 573 3817 1860 5550 4843 2949 2931 1080 9939 8836 3052
4527 4057 8661 3307 4707 8 2380 8766 5592 1273 6213 4968 3796 8581 9873 7959 4447 4113 2142 7382 1239 4646 8300 5318 3117 0 340 7166 9742 2980 5103 5091 6317 91 9776 87 6043 9772 3028 7209 4070 7315 1589 3072 2987 6839 1244 4520 5789 6829 3712 6287 4547 6351 2287 835 8699 1444 2168 6665 2757 5377 6064 6844 9615 1383 4395 9737 7405 1502 4671 4418 5804 4168 4824 4503 6387 2693 4948 1703 3528 5314 6736 5160 4933 3136 1591 3221 4256 2119 9135 2259 5928 7735 8654 1890 1226 9016 1365 2093
6956 6629 5904 9045 5995 533 3067 2006 3410 3943 4794 2306 1743 7181 595 9140 7021 514 4239 192 4008 4711 9737 1916 5912 340 0 9375 6090 7518 5560 6503 2740 7754 6909 678 89 5073 5083 3558 4565 1417 9392 3965 8808 6552 8190 5679 4308 6439 737 1057 2597 3726 7365 704 8691 4789 319 8146 5477 900 2308 8269 8031 7173 2556 9527 2513 7938 111 191 350 3443 3559 2999 2846 3530 6423 7637 1859 4722 8099 7955 736 401 2573 4071 2366 6724 4703 6644 4127 9231 945 6655 5784 2303 8173 6919
8779 1800 458 1336 5125 1828 4255 3569 8540 8406 7093 7403 9946 4357 7767 2728 6560 3246 4647 8416 8300 7275 9334 2083 2735 7166 9375 0 9714 198 6446 7746 2867 486 5113 4279 3380 7788 3910 5381 7570 8035 4266 8782 2008 1602 1518 4198 6977 1957 6608 1349 6094 2445 2935 8687 7663 6067 424 6347 7063 773 3612 3155 1829 993 4855 4845 405 5083 4000 6717 6599 3114 5261 4534 1953 3859 5533 5086 3564 2997 9155 5282 9721 5273 4873 271 9372 3270 2291 9040 3300 498 1015 8405 2218 1875 3450 8200
9172 9360 6136 2670 8057 6381 7264 8718 51 9416 5791 5812 384 5398 8974 9769 1708 5001 6753 4618 8448 3277 1123 6120 9270 9742 6090 9714 0 9583 9179 2317 4059 7187 6252 68 7959 225 8825 9764 2697 9621 9513 2986 6628 3382 4581 5060 915 870 7963 4255 2694 966 6638 5800 8397 9166 3414 3872 9779 4199 5042 1985 5109 3574 6823 7691 7857 5500 2505 1500 8121 258 4697 8638 2546 3808 6799 2590 6993 6406 4943 4289 4527 8796 9126 7689 2265 825 8072 51 8111 9897 7629 303 9627 1410 1093 8439
4591 8994 7193 8276 7962 7971 1982 1436 401 6498 8970 6145 6250 9161 6981 4142 460 5319 9270 9904 6261 6514 1288 2311 6818 2980 7518 198 9583 0 9410 9554 8742 323 8400 2988 6004 9026 68 1375 1536 9968 2810 4815 2384 3420 273 3252 9985 6902 973 5235 8738 2450 6960 9525 8491 7244 8878 415 6118 3064 7761 806 8061 6441 2108 7027 9922 6458 4598 8646 2894 8312 8962 5819 5195 2151 7566 4826 5415 8663 5030 4854 4414 4399 8089 7397 83 7298 5958 6619 6640 9777 9305 5922 4084 7492 6540 9505
6449 5000 6516 6877 6143 5390 5684 5139 9581 1540 2626 9145 5417 5457 5242 3281 3604 2023 7623 8786 1303 4148 7852 2254 4049 5103 5560 6446 9179 9410 0 5804 236 8115 5620 5289 1627 1059 2538 5444 5859 5264 1362 6940 791 4858 9864 4659 5645 5435 9307 3349 8354 928 4134 7973 5581 8203 4391 3391 8697 8365 3011 9765 437 4921 5326 588 9764 5731 2097 5536 1156 3901 3427 7051 7432 7323 5000 159 729 448 3970 1591 5762 1136 8916 1609 7580 8800 746 9109 286 1474 1966 8245 6108 1364 8735 8099
3032 8123 6792 2979 8783 4955 9610 1923 5702 766 8723 3350 7507 2877 4679 3699 3132 5042 9605 3355 452 8231 2177 6532 8555 5091 6503 7746 2317 9554 5804 0 3043 4139 3554 8111 1203 8136 6098 319 9191 8527 8869 5318 6524 6590 3795 7 4504 8113 2804 2397 2798 2218 1334 4542 291 6927 7091 3731 7890 1144 1113 3557 9603 8387 4271 3116 3233 9777 6781 6423 8728 6275 6983 6032 5025 8191 3783 3639 5611 5087 500 3805 744 2051 1754 4620 1000 4277 3634 2200 7808 9476 4780 5976 1133 8342 5537 9106
729 1278 490 6872 6350 1133 9776 3180 8777 7635 3970 7733 2475 86 4434 5352 7193 4759 7447 7759 9143 2438 6055 2133 9601 6317 2740 2867 4059 8742 236 3043 0 7379 5983 150 254 2709 1245 4577 4889 4011 2601 4723 186 3085 3098 2284 8217 6912 4508 4939 5224 8306 9021 3909 2162 3308 7006 2626 9968 6734 8659 1132 4660 1691 3051 2671 4575 7419 8531 117 2295 7391 361 6038 7097 9794 8548 505 6954 8084 8280 9585 2510 8210 2516 8362 1248 2002 62 9943 6799 4143 1154 9814 7700 9843 4934 2697
3529 9479 395 497 3140 5542 3231 8807 9297 9090 4933 3288 2601 3689 9753 5613 5325 9849 2283 4229 9149 526 1735 5297 4810 91 7754 486 7187 323 8115 4139 7379 0 9111 6155 8017 3041 4214 6784 8482 2870 4544 7704 170 6293 4815 7260 7611 3298 1462 1013 3681 2295 1103 8839 4758 9782 6640 7431 4376 6294 2672 3863 1799 7736 248 8259 7708 6382 7775 494 8378 8926 4400 3428 3868 6706 1730 7991 104 8995 605 3496 591 498 2419 5062 5635 5020 2565 1499 9034 5511 2561 2585 2715 1100 340 6778
8620 1955 1251 5890 2743 860 7452 4460 8682 207 6821 6850 1158 9350 1873 7592 3194 2117 7867 6136 9326 219 3924 8542 7610 9776 6909 5113 6252 8400 5620 3554 5983 9111 0 2834 6077 1532 2840 8625 1867 5747 8424 1156 6488 5219 8075 3853 816 2488 5317 7825 9210 7949 8338 45 89 2304 3284 8633 8633 4444 352 5464 718 1686 9946 7692 7699 6370 5704 2678 8022 5481 4708 8634 2900 4047 543 3161 4627 785 5422 6108 3758 2061 6893 6180 8392 8688 6306 5121 3202 7998 1324 9819 3334 5993 3132 2074
3015 9102 3312 1344 3454 5851 9140 2437 3428 2154 4950 7389 6021 6496 4810 6301 3648 50 3618 4917 2346 9426 5704 3640 6965 87 678 4279 68 2988 5289 8111 150 6155 2834 0 3960 7468 9976 5838 1255 7413 8060 9390 9784 215 7713 1756 5528 8145 944 4229 5716 3831 6168 7019 7656 6944 2512 2891 2036 1676 1043 2845 3296 1427 9043 2415 9180 3804 8089 8299 1837 8762 6673 7667 432 3756 8654 3108 8324 6127 1847 9987 8543 5227 3765 3530 9241 5620 6016 6945 1305 5298 6105 1514 2935 3572 3159 7133
5288 8199 4705 6420 181 2550 2088 6439 8579 314 1370 6363 9631 8890 1101 161 338 9380 6308 5525 1158 7182 6918 1815 4279 6043 89 3380 7959 6004 1627 1203 254 8017 6077 3960 0 8947 6061 5943 2121 3624 9465 6986 6309 62 7023 5436 6046 7111 8324 2315 5202 1599 9425 7982 3041 3344 88 9446 9033 1732 3819 946 7121 686 5126 9418 1273 9435 3985 3735 8586 1616 6322 1088 8172 8608 5706 7383 1493 5689 7361 8817 299 2995 1753 5503 8290 4500 4350 2046 5051 8050 8845 4264 9490 3598 4510 4878
8058 8838 7768 992 2540 448 6710 2821 3713 3383 1367 4384 6690 1009 5830 5961 2437 6900 5292 1104 5141 2518 1610 8319 1151 9772 5073 7788 225 9026 1059 8136 2709 3041 1532 7468 8947 0 3074 1148 3984 8411 9841 7384 3610 6598 7563 5577 7007 9625 3327 8668 5045 127 1852 5526 1112 5477 2304 8811 8905 2821 9587 4852 7004 4443 944 9021 337 6044 1616 6139 2898 3891 5767 2678 7445 1443 9254 6860 8340 6634 2321 7979 1939 9941 5612 3324 9849 937 8074 5017 7538 2538 2003 802 1778 2498 6539 7432
3754 1398 1885 5358 3490 8939 5658 7817 9633 2655 1952 4110 2878 9043 9019 2642 459 7045 2320 5966 5980 5987 5394 4690 1043 3028 5083 3910 8825 68 2538 6098 1245 4214 2840 9976 6061 3074 0 2610 6148 7173 8338 9799 5181 6854 8850 7128 163 202 608 1522 3337 2208 1424 4750 7980 7463 9554 1592 683 926 7512 9049 5982 2214 5 3773 9734 7604 6877 1963 772 5186 7128 6903 9055 3186 8221 6103 7631 5275 8260 6714 2480 525 6477 5607 4167 6095 9985 903 8858 2497 2223 4180 5476 6527 4688 9807
2621 1469 5110 6061 8967 1594 8856 4800 9445 6176 2889 1121 6029 2471 9717 5167 2459 9701 4547 5268 5560 9061 3305 4299 817 7209 3558 5381 9764 1375 5444 319 4577 6784 8625 5838 5943 1148 2610 0 6937 5445 394 6262 7314 4231 9999 8523 1330 248 3630 8953 2808 3018 8499 8131 7901 6428 6532 1190 2548 3845 6235 72 5243 5022 3523 6809 8453 1853 7383 2872 2768 3645 1888 7696 4739 4485 607 8697 3876 5464 3799 1996 683 2323 1411 4000 4839 2953 6353 5580 5524 2147 4511 3338 3504 2961 2679 1712
226 6993 8600 3903 1596 4971 6683 8526 2683 6508 1953 2701 5956 1778 4383 9909 473 832 8779 6850 9080 3232 1777 7360 5460 4070 4565 7570 2697 1536 5859 9191 4889 8482 1867 1255 2121 3984 6148 6937 0 2500 3241 6674 1786 1537 9934 9572 7371 122 305 7982 4049 3107 7613 2456 7731 3877 7787 6836 2932 1732 7976 7197 2313 7734 3378 5712 7369 166 8953 8566 9156 3082 5214 6954 9927 5909 5812 835 7827 3593 1054 7047 9489 2881 5152 7815 9745 7103 4470 2714 189 7464 2715 6145 3363 8719 4763 7322
2817 3029 5454 8617 1213 7419 7737 5080 4421 2485 7251 8932 4589 6432 4027 9182 5337 5034 5606 522 6280 6206 9013 6075 87 7315 1417 8035 9621 9968 5264 8527 4011 2870 5747 7413 3624 8411 7173 5445 2500 0 3215 2458 676 3313 303 3515 1215 8107 2774 8135 6597 1506 7320 8772 1304 4558 5010 8900 9031 2418 8264 7176 3662 5259 7710 9445 3839 6569 2417 9482 4937 6374 9656 1731 7459 1762 177 5504 6344 5721 9925 231 599 7422 7826 9847 2294 7712 5271 5410 8617 2945 9188 8732 8353 7861 5030 8983
6556 9347 512 6532 5889 6339 4751 6396 5429 8294 6978 379 5091 2935 1933 7222 7826 7170 541 2078 5603 2409 6496 7260 4536 1589 9392 4266 9513 2810 1362 8869 2601 4544 8424 8060 9465 9841 8338 394 3241 3215 0 6968 6466 1508 2892 8172 6721 3013 6669 5396 9706 2925 1883 1146 1676 153 4623 569 5444 9888 9982 6561 8132 8241 7863 2007 6510 7260 4182 1649 2124 2479 5068 106 44 9753 4590 4752 4626 352 3670 1256 6883 6182 9288 8827 564 2889 988 5227 2902 7415 1493 1946 9606 8038 757 4122
2000 6876 8976 6084 2075 4152 1212 6302 2874 2295 9900 4430 8711 102 8670 959 910 5098 1276 4468 3927 8123 919 9611 8646 3072 3965 8782 2986 4815 6940 5318 4723 7704 1156 9390 6986 7384 9799 6262 6674 2458 6968 0 2618 5306 755 6014 1841 7548 907 7278 9184 4911 8521 1844 4158 9480 173 7176 5688 7266 3873 8381 1372 5170 8535 8805 7966 1174 3969 5768 3274 8846 1874 8681 3823 3173 7283 803 5639 2699 5682 8026 2798 5851 3215 9844 5441 8157 5649 2049 9257 9129 3094 3876 5227 9642 1210 2298
797 8008 2984 1186 6263 9737 1964 4189 2874 4131 597 9575 3818 368 6417 2386 1635 5970 6673 8526 7165 3602 1720 129 8043 2987 8808 2008 6628 2384 791 6524 186 170 6488 9784 6309 3610 5181 7314 1786 676 6466 2618 0 9838 6728 1183 9481 6882 2041 2955 1769 2043 5330 1396 2371 3044 9355 9083 3291 7163 5351 7519 1343 4530 5121 8772 5109 8972 4316 3705 6592 30 1768 1638 2015 4704 7444 5479 5836 4746 7891 8319 9561 9423 8531 8774 2011 2224 6280 6657 366 5283 2897 6896 6070 6420 9446 5144
7217 4687 5954 9162 4822 3396 2974 784 3441 1590 3355 4146 1757 5466 8373 2103 9205 4655 8908 8680 6729 712 5003 4102 2200 6839 6552 1602 3382 3420 4858 6590 3085 6293 5219 215 62 6598 6854 4231 1537 3313 1508 5306 9838 0 5413 9448 8420 6469 4607 9108 3499 6437 8417 8767 935 5533 7928 6240 6493 3049 661 535 2508 7684 1320 9515 3049 6857 2906 4248 5249 9852 5010 5047 9969 3885 529 1024 4308 4639 2320 759 2328 5162 7076 4315 198 2208 9097 4079 7038 8654 327 6067 9290 5148 3419 6609
4460 9551 896 7856 3512 4172 2464 3300 4625 4335 4918 6195 3111 5527 7324 2191 5621 2934 5473 4029 5431 9994 912 3097 3065 1244 8190 1518 4581 273 9864 3795 3098 4815 8075 7713 7023 7563 8850 9999 9934 303 2892 755 6728 5413 0 2467 3223 2056 722 740 6461 1971 8791 7929 5403 4760 2911 1172 7903 2168 8028 9155 9637 3264 2110 871 4343 4342 5928 6063 220 6149 3890 5133 7025 4195 6556 5851 4263 4877 7513 9711 3998 7392 1780 785 6607 3488 3581 39 7863 3285 7472 3200 9440 9130 9481 2129
4166 5185 6717 7147 6636 7846 8965 3189 3324 2472 2189 8054 4071 5975 3142 298 8385 221 8558 6791 8274 4678 8210 2692 5486 4520 5679 4198 5060 3252 4659 7 2284 7260 3853 1756 5436 5577 7128 8523 9572 3515 8172 6014 1183 9448 2467 0 1665 143 1014 1300 3793 2074 1191 6476 2877 1155 8289 7767 4492 4527 5203 2826 7556 5043 2516 1823 3380 2056 6894 4646 1973 1096 741 2218 3330 5491 8876 9451 6877 1050 7435 9385 8814 4475 8207 7604 6157 3106 7377 4801 2592 9627 117 5961 442 9074 3006 9193
7777 7970 8252 9672 8985 4695 2813 3743 194 7847 7162 7388 4220 686 6111 9215 5038 7295 2767 9653 5451 1858 3115 3699 9503 5789 4308 6977 915 9985 5645 4504 8217 7611 816 5528 6046 7007 163 1330 7371 1215 6721 1841 9481 8420 3223 1665 0 2902 4349 4173 6351 4566 3526 2308 9495 578 5935 2031 5635 1685 8997 3407 2952 789 21 6980 5699 5751 8846 4875 5760 6687 8788 9101 1655 8387 5697 2991 8781 8783 3441 9513 4992 9393 7434 6426 2833 3888 2463 3509 8661 2479 3236 559 2479 3270 3830 5421
7913 3432 5820 9657 7008 8200 3948 3291 1549 838 9490 1011 9853 7262 2926 8883 1082 9246 8120 6043 5867 2676 8307 1920 6582 6829 6439 1957 870 6902 5435 8113 6912 3298 2488 8145 7111 9625 202 248 122 8107 3013 7548 6882 6469 2056 143 2902 0 1681 5151 8258 7879 123 335 6287 6684 3708 3598 7986 8018 947 1280 3994 9285 7241 8107 6008 7874 481 2311 9924 2804 8272 7517 3440 547 8042 2552 3460 4118 3485 3157 9797 179 2987 7149 6377 817 2549 2217 3878 1109 467 2868 5626 9190 6284 1988
6280 3573 4775 1766 2578 472 6789 5379 824 5490 3898 5293 1374 396 4855 7518 2609 5184 5488 125 5145 1336 9709 4578 6170 3712 737 6608 7963 973 9307 2804 4508 1462 5317 944 8324 3327 608 3630 305 2774 6669 907 2041 4607 722 1014 4349 1681 0 4982 4959 3242 2238 1596 4858 2469 9659 2568 9284 4077 7231 9934 4647 8979 5163 5555 454 9438 9039 6971 7379 8564 1024 4142 1530 776 8261 7900 1549 5491 2600 3478 9724 6879 4216 4295 39 1415 4178 4359 9629 4691 4890 8863 610 3195 8531 9063
1419 5491 8795 9058 1722 8458 3479 913 907 4834 8418 6849 9744 5448 5295 5756 8282 4298 3074 7655 8647 328 6254 9397 3276 6287 1057 1349 4255 5235 3349 2397 4939 1013 7825 4229 2315 8668 1522 8953 7982 8135 5396 7278 2955 9108 740 1300 4173 5151 4982 0 4528 3849 124 7925 9753 3259 3216 5994 5814 7230 4051 8428 518 7778 1195 7553 9112 4324 7574 7664 876 1287 2525 8682 9979 4216 777 4695 3119 2636 6405 905 9364 8328 8752 3249 4236 7301 9747 111 2784 8014 6527 3313 5150 9182 6762 2941
34 5545 810 4737 3452 6043 9586 5930 4322 4409 6406 9092 8349 7187 49 8186 6773 8655 8466 5365 8496 9089 8611 9085 8198 4547 2597 6094 2694 8738 8354 2798 5224 3681 9210 5716 5202 5045 3337 2808 4049 6597 9706 9184 1769 3499 6461 3793 6351 8258 4959 4528 0 1418 1826 1994 2664 8312 1507 6408 6306 7694 9589 7849 7827 2513 3285 3811 7025 1651 870 9534 7616 8633 1682 80 3631 4462 3679 26 2013 6423 9376 8480 5727 2982 7296 2924 6554 6933 1231 6252 3695 2139 9003 7229 7851 5245 9269 1513
4717 9014 172 6600 4360 3096 1644 8417 9976 3707 8298 8628 2135 7268 409 4700 2986 1798 7509 6947 5828 9527 8508 7675 9369 6351 3726 2445 966 2450 928 2218 8306 2295 7949 3831 1599 127 2208 3018 3107 1506 2925 4911 2043 6437 1971 2074 4566 7879 3242 3849 1418 0 8203 6738 9508 9589 2507 6472 6699 6442 6423 4815 2250 2826 2048 7769 1689 8193 9483 7290 4293 2057 3790 3957 5728 2158 3201 2116 6983 4083 7642 7892 3344 1361 2598 1746 835 9111 184 3324 3735 66 6086 8119 236 148 7607 8185
185 380 5419 9287 9584 2945 3020 4416 1106 3643 983 8126 4253 7286 8076 6494 4890 8642 2301 3946 3249 7466 8108 8345 1379 2287 7365 2935 6638 6960 4134 1334 9021 1103 8338 6168 9425 1852 1424 8499 7613 7320 1883 8521 5330 8417 8791 1191 3526 123 2238 124 1826 8203 0 6708 5949 2471 5010 2137 1871 7039 7625 7685 2777 802 6874 142 2304 6641 9869 4127 5846 7863 7752 1348 9167 7353 8294 1878 3826 9942 939 1482 1253 1075 4319 6208 4424 9303 6458 6273 5723 3289 4359 7931 2239 1975 4844 3880
5587 3069 9215 7770 7067 5864 1270 9020 3495 2384 2874 904 5433 3579 5037 4145 3836 7891 6331 1935 3096 5467 3033 3779 4753 835 704 8687 5800 9525 7973 4542 3909 8839 45 7019 7982 5526 4750 8131 2456 8772 1146 1844 1396 8767 7929 6476 2308 335 1596 7925 1994 6738 6708 0 4490 5956 165 4750 3517 5778 3453 1064 8414 7967 6829 74 4761 2227 7280 7427 6393 4715 7365 2976 3631 1820 7735 8200 7276 7421 2511 4663 8623 7774 4987 9041 3151 3063 8393 1652 9748 5280 3339 2187 3572 3118 2057 6888
9283 5734 4325 2397 4416 1714 2186 3629 4745 2635 3564 3969 8010 908 4428 7481 3607 1253 3373 292 971 2459 5300 5716 8011 8699 8691 7663 8397 8491 5581 291 2162 4758 89 7656 3041 1112 7980 7901 7731 1304 1676 4158 2371 935 5403 2877 9495 6287 4858 9753 2664 9508 5949 4490 0 2886 3019 9072 917 536 1519 4264 8664 5115 4318 1894 5166 5931 9486 1912 4514 6059 1523 9293 0 2016 7753 1404 9265 4898 8799 5584 3867 2410 9833 4840 6921 4437 2503 3373 191 2166 6810 8014 8791 561 1492 6911
696 348 7027 394 5702 8155 8853 7799 7028 9531 6711 4466 9562 6873 1145 5898 3963 8333 8124 1278 484 9897 6746 4620 8610 1444 4789 6067 9166 7244 8203 6927 3308 9782 2304 6944 3344 5477 7463 6428 3877 4558 153 9480 3044 5533 4760 1155 578 6684 2469 3259 8312 9589 2471 5956 2886 0 7080 3708 7094 731 9089 8911 4373 6691 3439 9189 3942 2867 8204 3423 1074 1835 6952 3559 9944 6359 7353 8157 4501 2585 9522 8185 8539 8751 8754 6750 2998 1071 7197 7343 465 3269 4854 5697 9015 7714 898 8488
6243 8705 4098 2787 7382 8039 5938 544 681 7642 8461 4233 380 5498 9552 2989 4517 8841 2270 3060 1443 9604 312 8494 1692 2168 319 424 3414 8878 4391 7091 7006 6640 3284 2512 88 2304 9554 6532 7787 5010 4623 173 9355 7928 2911 8289 5935 3708 9659 3216 1507 2507 5010 165 3019 7080 0 9428 4346 9743 4494 1354 9734 7598 8001 9036 1629 7118 4332 316 6054 1780 8251 3973 1360 9978 6238 5495 1270 5771 1093 7601 1520 9868 3170 2822 2637 2129 5499 7139 3708 1581 2561 8356 932 4789 3966 2529
4340 1825 9698 5830 3592 7440 7740 899 914 1404 9629 3423 8406 3937 7409 9505 2597 6985 2718 6652 9826 2772 7908 7087 6551 6665 8146 6347 3872 415 3391 3731 2626 7431 8633 2891 9446 8811 1592 1190 6836 8900 569 7176 9083 6240 1172 7767 2031 3598 2568 5994 6408 6472 2137 4750 9072 3708 9428 0 5812 2972 6285 2186 524 9495 2726 7258 6370 6330 5690 5076 4586 1175 4251 4253 9143 3510 1783 8817 1271 4891 8797 9689 1232 5797 94 6163 2509 1700 9198 1781 8838 4771 2167 2367 6235 4484 1889 6797
4346 9042 9781 8928 3338 4479 8486 7320 8763 2843 9832 5208 4993 5393 6392 4952 377 6398 2055 9038 8073 32 5490 9139 6756 2757 5477 7063 9779 6118 8697 7890 9968 4376 8633 2036 9033 8905 683 2548 2932 9031 5444 5688 3291 6493 7903 4492 5635 7986 9284 5814 6306 6699 1871 3517 917 7094 4346 5812 0 259 7631 3110 7866 9546 6254 3366 9602 7392 8655 9313 5122 7029 9932 3091 1253 4262 874 5887 6022 9299 5488 3797 9134 1660 3479 5898 7984 6967 6020 9573 8469 4236 9471 6685 850 2563 7345 7228
2949 8059 6355 133 9377 7053 5876 6809 8946 8670 4595 8235 9098 6474 8546 2097 5637 1980 5473 2238 2098 8258 1245 8126 7240 5377 900 773 4199 3064 8365 1144 6734 6294 4444 1676 1732 2821 926 3845 1732 2418 9888 7266 7163 3049 2168 4527 1685 8018 4077 7230 7694 6442 7039 5778 536 731 9743 2972 259 0 8812 4744 6216 2524 1045 2452 1986 312 8425 9049 3777 412 7281 244 7822 2884 2302 7346 406 5435 5049 1276 3202 9766 5383 2606 4581 6894 625 6127 1463 2696 4373 4775 7817 2536 1827 2873
4050 9584 259 7232 2279 2605 7099 5812 3037 2317 131 5331 1312 62 3770 529 7082 388 2201 8523 1896 676 7754 1060 4951 6064 2308 3612 5042 7761 3011 1113 8659 2672 352 1043 3819 9587 7512 6235 7976 8264 9982 3873 5351 661 8028 5203 8997 947 7231 4051 9589 6423 7625 3453 1519 9089 4494 6285 7631 8812 0 3797 4876 4056 5238 4805 2816 6362 7363 9548 6861 2514 6160 9938 5814 8280 3247 6956 6560 7053 1140 3628 1045 8624 2587 4477 8486 4247 3252 9977 6215 8256 8541 2396 4015 4102 9605 74
202 7424 9162 6676 2866 1647 4275 8626 8859 2133 9535 6300 4298 8277 575 5299 2226 9786 2525 8962 2052 2036 4685 4435 772 6844 8269 3155 1985 806 9765 3557 1132 3863 5464 2845 946 4852 9049 72 7197 7176 6561 8381 7519 535 9155 2826 3407 1280 9934 8428 7849 4815 7685 1064 4264 8911 1354 2186 3110 4744 3797 0 9298 4297 7629 2231 52 1794 3268 848 9252 5978 3975 298 5526 8488 4293 6480 6015 6912 7403 7847 2937 6774 1788 3039 9612 5547 2448 5643 6164 5916 6945 3086 954 441 7837 5951
127 86 8731 9122 6641 5123 3840 3878 7264 4304 1377 1336 5887 8789 1319 394 7950 2790 3220 5497 8005 9275 3749 7505 951 9615 8031 1829 5109 8061 437 9603 4660 1799 718 3296 7121 7004 5982 5243 2313 3662 8132 1372 1343 2508 9637 7556 2952 3994 4647 518 7827 2250 2777 8414 8664 4373 9734 524 7866 6216 4876 9298 0 1617 2202 9346 2812 7557 4113 6084 3035 4489 9126 9631 1568 3997 9589 5371 7462 5816 4523 3736 2094 8575 7457 7955 2836 5015 633 7643 3259 7956 1082 5768 6964 4894 370 7217
9169 3094 491 6816 6338 3328 9972 900 979 3960 7653 1750 2537 4556 1261 2704 8834 5724 4938 6202 4416 1995 6213 9395 538 1383 7173 993 3574 6441 4921 8387 1691 7736 1686 1427 686 4443 2214 5022 7734 5259 8241 5170 4530 7684 3264 5043 789 9285 8979 7778 2513 2826 802 7967 5115 6691 7598 9495 9546 2524 4056 4297 1617 0 5902 4559 8167 6032 1073 9962 9216 9572 6278 4703 9325 7440 7846 7838 8186 8039 9125 8391 1446 1066 4256 6602 3191 5985 1351 8094 5241 7129 5873 6200 6893 2408 9292 8336
2372 6611 1248 9097 9374 2764 6596 2073 390 3995 9070 9809 9686 4385 6410 6516 8791 4780 7816 3178 9608 6265 3249 1607 7218 4395 2556 4855 6823 2108 5326 4271 3051 248 9946 9043 5126 944 5 3523 3378 7710 7863 8535 5121 1320 2110 2516 21 7241 5163 1195 3285 2048 6874 6829 4318 3439 8001 2726 6254 1045 5238 7629 2202 5902 0 2746 7545 2645 5005 7349 623 8507 3212 7830 5749 7821 502 4658 4948 2772 9959 3280 7037 4261 2345 3239 2501 9974 293 8046 7210 8284 9534 2325 6112 1548 6448 5089
4143 6970 1168 4700 9991 7316 3517 9662 7821 4374 4063 6444 7061 302 1003 3228 8805 8453 5410 1312 10 673 266 3219 6404 9737 9527 4845 7691 7027 588 3116 2671 8259 7692 2415 9418 9021 3773 6809 5712 9445 2007 8805 8772 9515 871 1823 6980 8107 5555 7553 3811 7769 142 74 1894 9189 9036 7258 3366 2452 4805 2231 9346 4559 2746 0 5969 1887 1483 643 2085 7608 6678 9638 6243 3025 3322 2528 1293 8437 8308 9525 1559 1122 1633 1303 5862 4512 2046 5439 82 291 8210 2202 5656 3401 3193 2567
8002 6442 9602 8540 5263 396 5999 824 2996 3797 8659 6451 1055 9480 474 243 7296 8740 612 450 1755 2750 8074 1923 3214 7405 2513 405 7857 9922 9764 3233 4575 7708 7699 9180 1273 337 9734 8453 7369 3839 6510 7966 5109 3049 4343 3380 5699 6008 454 9112 7025 1689 2304 4761 5166 3942 1629 6370 9602 1986 2816 52 2812 8167 7545 5969 0 8046 2231 5697 586 6427 4310 4180 1221 4699 4365 3751 1414 9067 182 9322 4077 7513 6574 4452 8011 7403 6474 3136 3451 7701 2613 1767 7017 9483 3917 4950
5158 4630 2001 2985 6591 585 1793 1035 1215 2318 1872 5880 7572 3244 1106 725 6930 856 4543 7450 4015 3728 9806 2011 4132 1502 7938 5083 5500 6458 5731 9777 7419 6382 6370 3804 9435 6044 7604 1853 166 6569 7260 1174 8972 6857 4342 2056 5751 7874 9438 4324 1651 8193 6641 2227 5931 2867 7118 6330 7392 312 6362 1794 7557 6032 2645 1887 8046 0 4505 6687 2123 9430 9702 4853 9349 7716 6208 6266 8429 2040 3885 6007 2849 8782 1233 4877 6043 5211 7000 6433 3980 816 1547 5607 564 6256 9064 9429
9407 4630 5662 4790 3919 5648 2177 5773 6086 1058 4981 7734 6405 7724 4355 8755 1531 6969 445 672 5256 2863 3697 479 5637 4671 111 4000 2505 4598 2097 6781 8531 7775 5704 8089 3985 1616 6877 7383 8953 2417 4182 3969 4316 2906 5928 6894 8846 481 9039 7574 870 9483 9869 7280 9486 8204 4332 5690 8655 8425 7363 3268 4113 1073 5005 1483 2231 4505 0 9940 2105 5280 7713 9195 9346 1057 9356 1037 4635 7317 3243 3465 2326 4575 3734 6743 6621 981 754 3251 8284 8047 102 620 5463 2659 2549 4646
4069 6483 1908 3423 8791 6107 3906 1128 5599 9035 3219 7246 1898 2348 2846 2118 4704 7552 7149 2306 4072 9363 6009 8525 6995 4418 191 6717 1500 8646 5536 6423 117 494 2678 8299 3735 6139 1963 2872 8566 9482 1649 5768 3705 4248 6063 4646 4875 2311 6971 7664 9534 7290 4127 7427 1912 3423 316 5076 9313 9049 9548 848 6084 9962 7349 643 5697 6687 9940 0 2288 6542 5158 6537 9802 532 2547 2383 1136 4532 8937 1990 1713 8918 8681 3895 4217 5944 1973 848 5242 5801 4139 6315 7049 5391 4074 8086
9693 7584 7328 3268 9319 9142 8889 3413 1675 5000 2718 256 9033 4764 2344 29 2979 6638 5165 4191 3442 1049 1869 7073 8180 5804 350 6599 8121 2894 1156 8728 2295 8378 8022 1837 8586 2898 772 2768 9156 4937 2124 3274 6592 5249 220 1973 5760 9924 7379 876 7616 4293 5846 6393 4514 1074 6054 4586 5122 3777 6861 9252 3035 9216 623 2085 586 2123 2105 2288 0 8284 8602 5458 5663 5137 2618 4354 7700 8561 1739 7255 5567 8465 3194 6655 7991 2605 4339 2533 4847 4681 3578 4103 3120 9067 7853 471
2277 967 5514 4849 4178 3681 4509 5823 3211 3469 1758 8786 8495 4423 1358 7610 6574 369 240 351 2212 8505 7221 8528 2780 4168 3443 3114 258 8312 3901 6275 7391 8926 5481 8762 1616 3891 5186 3645 3082 6374 2479 8846 30 9852 6149 1096 6687 2804 8564 1287 8633 2057 7863 4715 6059 1835 1780 1175 7029 412 2514 5978 4489 9572 8507 7608 6427 9430 5280 6542 8284 0 9425 8670 4029 2538 7219 1126 6943 4269 4378 7192 2030 4308 4639 3949 6968 5618 4934 5358 8790 2344 1086 6588 9588 182 1322 8006
5272 2991 5952 8957 7882 5776 2980 3816 1973 1159 5099 6364 6565 2473 2293 7713 5036 7062 4860 7836 7085 221 8814 6809 2192 4824 3559 5261 4697 8962 3427 6983 361 4400 4708 6673 6322 5767 7128 1888 5214 9656 5068 1874 1768 5010 3890 741 8788 8272 1024 2525 1682 3790 7752 7365 1523 6952 8251 4251 9932 7281 6160 3975 9126 6278 3212 6678 4310 9702 7713 5158 8602 9425 0 3617 904 4830 9409 9223 3532 503 5037 6578 2239 5109 2365 3401 9793 8723 1006 8003 2829 2334 2741 2740 5011 5925 2041 5870
8114 6091 3234 5958 4596 2640 8026 3999 595 134 2513 6589 8215 7073 9368 3778 1568 4413 7180 7736 1015 2648 9672 4258 7056 4503 2999 4534 8638 5819 7051 6032 6038 3428 8634 7667 1088 2678 6903 7696 6954 1731 106 8681 1638 5047 5133 2218 9101 7517 4142 8682 80 3957 1348 2976 9293 3559 3973 4253 3091 244 9938 298 9631 4703 7830 9638 4180 4853 9195 6537 5458 8670 3617 0 9324 2842 1101 9145 9370 4687 6506 2629 2940 1938 5451 4644 5883 8621 3411 4230 6248 6829 9270 1310 924 509 5745 4394
4950 4856 691 7815 6926 9252 5346 5853 8564 748 9569 4668 5032 1245 383 1811 801 1255 9548 5070 2333 3931 1593 1564 9003 6387 2846 1953 2546 5195 7432 5025 7097 3868 2900 432 8172 7445 9055 4739 9927 7459 44 3823 2015 9969 7025 3330 1655 3440 1530 9979 3631 5728 9167 3631 0 9944 1360 9143 1253 7822 5814 5526 1568 9325 5749 6243 1221 9349 9346 9802 5663 4029 904 9324 0 4971 2284 6950 5742 8974 2218 3599 8756 7384 979 4353 4847 1046 5364 5537 7484 3817 5386 9243 4102 6236 5428 9089
6581 4633 48 3835 5773 2232 1865 4577 9390 7879 3523 6491 7402 3938 1192 469 2500 4892 531 2882 3628 5622 4178 3239 2892 2693 3530 3859 3808 2151 7323 8191 9794 6706 4047 3756 8608 1443 3186 4485 5909 1762 9753 3173 4704 3885 4195 5491 8387 547 776 4216 4462 2158 7353 1820 2016 6359 9978 3510 4262 2884 8280 8488 3997 7440 7821 3025 4699 7716 1057 532 5137 2538 4830 2842 4971 0 2308 5029 865 417 5868 3440 998 6317 7405 1341 1829 3466 3636 1420 4724 6053 6287 5642 2312 5942 5765 7467
5571 867 6118 6416 5918 7015 1874 3720 7421 9578 400 5218 2312 3282 4775 7126 1109 9960 2916 5806 274 2601 1840 1072 94 4948 6423 5533 6799 7566 5000 3783 8548 1730 543 8654 5706 9254 8221 607 5812 177 4590 7283 7444 529 6556 8876 5697 8042 8261 777 3679 3201 8294 7735 7753 7353 6238 1783 874 2302 3247 4293 9589 7846 502 3322 4365 6208 9356 2547 2618 7219 9409 1101 2284 2308 0 4527 4627 8673 6879 7006 190 5537 1220 1826 3482 3614 315 2571 4236 6948 8023 5256 3950 8488 9296 2250
4884 9001 6825 6112 2890 7921 8278 3980 2527 5633 9124 6210 4517 265 9065 7237 3472 1433 3272 2178 871 1717 4144 7569 1413 1703 7637 5086 2590 4826 159 3639 505 7991 3161 3108 7383 6860 6103 8697 835 5504 4752 803 5479 1024 5851 9451 2991 2552 7900 4695 26 2116 1878 8200 1404 8157 5495 8817 5887 7346 6956 6480 5371 7838 4658 2528 3751 6266 1037 2383 4354 1126 9223 9145 6950 5029 4527 0 7909 5595 7962 9184 8726 4531 3536 1003 4832 1370 4625 3302 8681 1393 8071 5834 1436 2160 4125 2841
5373 5325 2194 4479 194 3484 5714 2409 4873 5677 6140 5869 4925 5084 1410 4111 6742 1352 3085 3527 8308 5782 9743 8541 4681 3528 1859 3564 6993 5415 729 5611 6954 104 4627 8324 1493 8340 7631 3876 7827 6344 4626 5639 5836 4308 4263 6877 8781 3460 1549 3119 2013 6983 3826 7276 9265 4501 1270 1271 6022 406 6560 6015 7462 8186 4948 1293 1414 8429 4635 1136 7700 6943 3532 9370 5742 865 4627 7909 0 502 8266 251 8801 9530 8205 2957 491 5961 6786 8480 9664 9229 5178 6851 4771 9280 7217 7837
3697 586 4049 5526 2232 7100 7765 935 1530 3938 7802 3775 6777 8687 1501 4310 8816 2694 8444 4908 6672 901 1043 23 9 5314 4722 2997 6406 8663 448 5087 8084 8995 785 6127 5689 6634 5275 5464 3593 5721 352 2699 4746 4639 4877 1050 8783 4118 5491 2636 6423 4083 9942 7421 4898 2585 5771 4891 9299 5435 7053 6912 5816 8039 2772 8437 9067 2040 7317 4532 8561 4269 503 4687 8974 417 8673 5595 502 0 8635 6803 1215 646 7277 9383 7696 4607 8553 7205 3642 8480 2777 3892 4205 5811 7397 535
