50
0 7866 3991 7848 8077 2258 2903 8258 4684 348 2207 3575 5877 6759 49 3512 7273 9640 5640 1582 1526 1308 9269 8508 9336 2052 8306 9990 1913 7861 7580 7285 5470 5147 7734 9614 6083 5664 8801 9149 9940 9567 6612 1570 7477 2608 5079 1073 1301 6010
7866 0 4938 3542 4076 366 961 9631 1685 5113 6645 1157 9764 8128 4839 8891 2471 471 5478 7297 9653 5141 8245 4165 6236 2683 755 82 8263 2396 7912 2741 6878 5018 5587 9200 6952 6969 6790 2160 2580 1503 3220 607 8123 3004 7819 708 6225 243
3991 4938 0 6603 2921 3268 620 7527 4496 575 3570 3968 8892 9328 1530 4016 6885 4651 6200 3361 1337 8743 3182 9774 4338 8718 8716 5098 650 6219 3391 8069 1810 2455 6292 8768 2002 319 9814 7106 4360 9831 380 8597 292 8559 5464 6115 4403 8985
7848 3542 6603 0 3905 7630 9144 3554 2171 1913 362 4513 2478 4286 5122 2279 4180 7294 4151 81 2606 5105 4107 9641 1836 2414 7385 3454 660 1363 3895 3274 8109 463 1615 2653 9295 760 1540 3653 7524 4955 6381 3156 5149 8706 1258 4575 5273 6470
8077 4076 2921 3905 0 1332 8062 4625 7215 7701 1600 5336 7654 8416 7120 1015 925 9640 37 2553 8895 8982 8282 5927 7017 4046 7877 8011 4553 1886 3228 6451 9243 311 5944 6280 340 8456 7359 2678 5561 1222 9274 4240 8714 83 4958 6254 6270 6855
2258 366 3268 7630 1332 0 8959 9135 5513 2230 8375 7781 369 6882 5926 4906 4569 7639 9195 3934 3132 2740 5698 6007 2165 5479 7284 206 3109 7014 7427 6423 934 3355 2371 5751 5974 9619 87 4253 3652 5917 1835 4752 1155 1070 2 6175 9733 9572
2903 961 620 9144 8062 8959 0 9 995 8925 8624 2649 5022 6265 4599 1910 1568 5628 512 2806 872 426 8910 5026 8366 9493 2368 8232 3021 7478 4461 1689 9200 278 2079 7753 9991 7599 5739 3199 2828 5875 8153 1874 6629 6700 5745 1693 4195 2954
8258 9631 7527 3554 4625 9135 9 0 6366 1633 7122 2987 5229 2460 3325 5420 9699 8094 9940 1213 1064 8627 8064 8393 9048 7985 5681 9169 9070 3655 894 7701 6370 8225 6828 2175 4890 40 4693 3878 1079 521 1363 5775 6860 9142 3564 674 8711 2980
4684 1685 4496 2171 7215 5513 995 6366 0 2839 5608 7360 3526 1710 1506 3791 7393 3774 3296 8899 509 5838 9165 413 440 1623 5986 1513 3565 4757 7872 7506 4906 5653 6787 8123 6526 312 1447 8570 8515 7336 931 2626 1574 4089 8027 3825 2090 2738
348 5113 575 1913 7701 2230 8925 1633 2839 0 1921 269 3899 960 3940 2001 9436 9576 9049 7641 9388 2186 9751 7722 7665 7587 2535 7198 7727 2930 7313 947 177 6892 8874 3715 6722 737 5868 6709 6123 5259 9542 9616 9864 8912 1810 4704 2222 493
2207 6645 3570 362 1600 8375 8624 7122 5608 1921 0 4602 623 9544 7895 886 917 4793 7199 6565 290 6600 3673 4473 3216 374 8375 1889 7937 3168 2921 2640 7123 318 7667 8506 8554 7304 1537 7421 3169 1199 2267 5167 9845 7698 6629 1960 4269 5827
3575 1157 3968 4513 5336 7781 2649 2987 7360 269 4602 0 2012 121 8923 568 7890 5984 2364 5296 4091 1665 6963 5699 8405 3308 8633 8126 2570 3114 9171 651 6017 6762 9319 8346 3062 2586 6692 65 5486 8445 2581 4434 2936 8532 7647 336 6302 4717
5877 9764 8892 2478 7654 369 5022 5229 3526 3899 623 2012 0 4929 1437 1980 9821 1767 3100 8449 5473 5750 3473 4685 8490 4728 2419 720 4966 9499 1558 9970 4011 5057 3754 6298 66 9865 4639 9357 8401 5213 6526 5866 7259 3116 4444 6751 8320 3742
6759 8128 9328 4286 8416 6882 6265 2460 1710 960 9544 121 4929 0 1163 3472 7130 7602 9445 6804 6147 9532 7715 9725 3429 5253 2356 5236 8028 1002 4414 2741 1871 8657 9996 5641 2485 2878 3191 6545 8796 9859 8174 9546 9384 4608 9431 601 9733 8137
49 4839 1530 5122 7120 5926 4599 3325 1506 3940 7895 8923 1437 1163 0 5080 7458 2562 7642 7495 8591 4147 1542 31 8714 3450 8212 4793 4240 6531 7158 1522 590 9064 8772 5107 42 8595 3607 1563 6849 210 3608 7193 9870 5675 6405 2102 8401 7713
3512 8891 4016 2279 1015 4906 1910 5420 3791 2001 886 568 1980 3472 5080 0 5255 9997 3535 6350 6868 9536 4033 2430 8497 9662 9422 3102 4992 1233 4403 112 4127 435 6159 8968 6166 6392 8482 7760 9264 2878 8126 3836 8236 4028 319 8837 9269 72
7273 2471 6885 4180 925 4569 1568 9699 7393 9436 917 7890 9821 7130 7458 5255 0 1061 1464 5213 5321 1292 8430 7619 9748 3323 2943 2076 9366 6708 9464 83 9185 5167 6899 7113 6509 322 8941 5584 244 8513 5226 1986 8009 7721 5038 7486 699 5775
9640 471 4651 7294 9640 7639 5628 8094 3774 9576 4793 5984 1767 7602 2562 9997 1061 0 950 6959 864 9667 5884 8622 5442 4687 5031 8248 9479 8771 9338 9120 4205 2395 1333 7478 7092 4323 9741 635 3355 5841 9168 2912 9410 8384 6988 7391 2207 1078
5640 5478 6200 4151 37 9195 512 9940 3296 9049 7199 2364 3100 9445 7642 3535 1464 950 0 1400 6295 5480 5468 4978 3983 4733 6791 5795 9819 2239 3288 1873 6660 3507 6038 1481 6372 1616 6856 5057 9818 9770 9947 4374 626 2572 5573 5471 3734 5629
1582 7297 3361 81 2553 3934 2806 1213 8899 7641 6565 5296 8449 6804 7495 6350 5213 6959 1400 0 5786 6955 240 7044 4977 4881 9633 9770 3355 3961 1010 742 9849 1128 9168 3500 3319 9586 6658 6718 8488 6286 5287 938 2839 4855 6295 6016 5295 3652
1526 9653 1337 2606 8895 3132 872 1064 509 9388 290 4091 5473 6147 8591 6868 5321 864 6295 5786 0 8945 8339 5578 7659 8253 4945 3187 1064 8696 8011 3187 5558 9133 1226 5966 8304 3567 113 5752 5384 234 4564 9863 6872 4718 2637 8758 1643 6874
1308 5141 8743 5105 8982 2740 426 8627 5838 2186 6600 1665 5750 9532 4147 9536 1292 9667 5480 6955 8945 0 6852 4636 7506 8600 4605 5160 4584 9609 5794 7041 3557 6154 8736 1754 7489 4459 5964 9389 7077 9390 421 6936 3707 5384 6358 727 4094 2196
9269 8245 3182 4107 8282 5698 8910 8064 9165 9751 3673 6963 3473 7715 1542 4033 8430 5884 5468 240 8339 6852 0 8458 1548 369 7399 3332 8815 4527 774 3180 3392 1313 7188 3045 6125 7119 5292 1272 5052 6839 9092 6551 1090 5836 1071 2541 7400 4896
8508 4165 9774 9641 5927 6007 5026 8393 413 7722 4473 5699 4685 9725 31 2430 7619 8622 4978 7044 5578 4636 8458 0 9271 1493 306 4100 554 633 277 9635 3272 1504 2812 838 5714 275 7801 9973 5220 6958 8734 1490 9719 16 1137 695 7860 6739
9336 6236 4338 1836 7017 2165 8366 9048 440 7665 3216 8405 8490 3429 8714 8497 9748 5442 3983 4977 7659 7506 1548 9271 0 4046 6446 3555 2753 4456 5692 470 1418 9662 7774 7581 2140 6417 5969 2511 7613 9473 1225 1306 5022 7426 4287 5148 9633 6272
2052 2683 8718 2414 4046 5479 9493 7985 1623 7587 374 3308 4728 5253 3450 9662 3323 4687 4733 4881 8253 8600 369 1493 4046 0 721 1919 8676 5476 8373 5051 779 4733 7317 1035 5997 9298 4230 1491 9606 7491 4344 1317 2856 6178 7461 4955 4899 8730
8306 755 8716 7385 7877 7284 2368 5681 5986 2535 8375 8633 2419 2356 8212 9422 2943 5031 6791 9633 4945 4605 7399 306 6446 721 0 2001 7187 878 3394 2521 658 2750 577 59 1439 9336 8463 4386 2270 141 860 4248 6111 5812 6260 721 4120 2646
9990 82 5098 3454 8011 206 8232 9169 1513 7198 1889 8126 720 5236 4793 3102 2076 8248 5795 9770 3187 5160 3332 4100 3555 1919 2001 0 5058 4967 7946 7032 2108 5004 4555 6964 9817 5292 8386 6186 2803 7243 8785 3370 4699 7731 9491 2888 6546 1043
1913 8263 650 660 4553 3109 3021 9070 3565 7727 7937 2570 4966 8028 4240 4992 9366 9479 9819 3355 1064 4584 8815 554 2753 8676 7187 5058 0 6355 7692 1851 9778 7442 1316 6044 8302 6725 5710 1378 8681 9162 8585 4566 3544 4929 1335 2536 3723 1171
7861 2396 6219 1363 1886 7014 7478 3655 4757 2930 3168 3114 9499 1002 6531 1233 6708 8771 2239 3961 8696 9609 4527 633 4456 5476 878 4967 6355 0 4911 4092 7978 9571 1008 1412 6866 3675 8469 2015 436 3326 2375 2361 2280 385 6685 577 8994 6125
7580 7912 3391 3895 3228 7427 4461 894 7872 7313 2921 9171 1558 4414 7158 4403 9464 9338 3288 1010 8011 5794 774 277 5692 8373 3394 7946 7692 4911 0 9636 7802 8874 1583 4298 7912 8712 6263 6436 1739 9054 2681 7771 3256 7611 9883 9883 2074 1696
7285 2741 8069 3274 6451 6423 1689 7701 7506 947 2640 651 9970 2741 1522 112 83 9120 1873 742 3187 7041 3180 9635 470 5051 2521 7032 1851 4092 9636 0 7256 8546 3712 5667 3861 923 7770 2254 8149 7373 1211 7321 6943 233 5511 8982 3470 3603
5470 6878 1810 8109 9243 934 9200 6370 4906 177 7123 6017 4011 1871 590 4127 9185 4205 6660 9849 5558 3557 3392 3272 1418 779 658 2108 9778 7978 7802 7256 0 606 1113 5069 9557 3447 1994 8830 1262 6010 6077 1763 6213 592 7903 1332 5616 2455
5147 5018 2455 463 311 3355 278 8225 5653 6892 318 6762 5057 8657 9064 435 5167 2395 3507 1128 9133 6154 1313 1504 9662 4733 2750 5004 7442 9571 8874 8546 606 0 2505 2234 8331 8171 2625 8725 6347 1287 8781 9067 8393 2817 8415 1530 353 4549
7734 5587 6292 1615 5944 2371 2079 6828 6787 8874 7667 9319 3754 9996 8772 6159 6899 1333 6038 9168 1226 8736 7188 2812 7774 7317 577 4555 1316 1008 1583 3712 1113 2505 0 6912 7023 8746 6621 5510 7775 7690 7274 175 364 4007 9973 4470 5579 4115
9614 9200 8768 2653 6280 5751 7753 2175 8123 3715 8506 8346 6298 5641 5107 8968 7113 7478 1481 3500 5966 1754 3045 838 7581 1035 59 6964 6044 1412 4298 5667 5069 2234 6912 0 8437 7805 2919 8935 4356 1578 7694 695 4279 4597 6611 4939 777 2514
6083 6952 2002 9295 340 5974 9991 4890 6526 6722 8554 3062 66 2485 42 6166 6509 7092 6372 3319 8304 7489 6125 5714 2140 5997 1439 9817 8302 6866 7912 3861 9557 8331 7023 8437 0 1075 7138 2467 7336 5286 1564 8768 145 4107 6793 1434 6422 435
5664 6969 319 760 8456 9619 7599 40 312 737 7304 2586 9865 2878 8595 6392 322 4323 1616 9586 3567 4459 7119 275 6417 9298 9336 5292 6725 3675 8712 923 3447 8171 8746 7805 1075 0 4307 3621 4113 1370 3504 432 5942 3544 2 4934 1949 1859
8801 6790 9814 1540 7359 87 5739 4693 1447 5868 1537 6692 4639 3191 3607 8482 8941 9741 6856 6658 113 5964 5292 7801 5969 4230 8463 8386 5710 8469 6263 7770 1994 2625 6621 2919 7138 4307 0 2469 4972 7566 8746 9587 1738 2057 1972 6334 8049 8475
9149 2160 7106 3653 2678 4253 3199 3878 8570 6709 7421 65 9357 6545 1563 7760 5584 635 5057 6718 5752 9389 1272 9973 2511 1491 4386 6186 1378 2015 6436 2254 8830 8725 5510 8935 2467 3621 2469 0 5106 6774 1584 6546 8331 5733 5522 9808 9682 2639
9940 2580 4360 7524 5561 3652 2828 1079 8515 6123 3169 5486 8401 8796 6849 9264 244 3355 9818 8488 5384 7077 5052 5220 7613 9606 2270 2803 8681 436 1739 8149 1262 6347 7775 4356 7336 4113 4972 5106 0 3648 3933 486 6325 4540 7044 2198 714 4675
9567 1503 9831 4955 1222 5917 5875 521 7336 5259 1199 8445 5213 9859 210 2878 8513 5841 9770 6286 234 9390 6839 6958 9473 7491 141 7243 9162 3326 9054 7373 6010 1287 7690 1578 5286 1370 7566 6774 3648 0 9589 8666 2025 5154 94 4425 737 2128
6612 3220 380 6381 9274 1835 8153 1363 931 9542 2267 2581 6526 8174 3608 8126 5226 9168 9947 5287 4564 421 9092 8734 1225 4344 860 8785 8585 2375 2681 1211 6077 8781 7274 7694 1564 3504 8746 1584 3933 9589 0 5158 3168 4325 7657 2268 1777 3371
1570 607 8597 3156 4240 4752 1874 5775 2626 9616 5167 4434 5866 9546 7193 3836 1986 2912 4374 938 9863 6936 6551 1490 1306 1317 4248 3370 4566 2361 7771 7321 1763 9067 175 695 8768 432 9587 6546 486 8666 5158 0 1711 9916 4924 9200 4663 7090
7477 8123 292 5149 8714 1155 6629 6860 1574 9864 9845 2936 7259 9384 9870 8236 8009 9410 626 2839 6872 3707 1090 9719 5022 2856 6111 4699 3544 2280 3256 6943 6213 8393 364 4279 145 5942 1738 8331 6325 2025 3168 1711 0 8471 3455 8005 5374 6684
2608 3004 8559 8706 83 1070 6700 9142 4089 8912 7698 8532 3116 4608 5675 4028 7721 8384 2572 4855 4718 5384 5836 16 7426 6178 5812 7731 4929 385 7611 233 592 2817 4007 4597 4107 3544 2057 5733 4540 5154 4325 9916 8471 0 7256 1948 1289 9162
5079 7819 5464 1258 4958 2 5745 3564 8027 1810 6629 7647 4444 9431 6405 319 5038 6988 5573 6295 2637 6358 1071 1137 4287 7461 6260 9491 1335 6685 9883 5511 7903 8415 9973 6611 6793 2 1972 5522 7044 94 7657 4924 3455 7256 0 7338 4364 4471
1073 708 6115 4575 6254 6175 1693 674 3825 4704 1960 336 6751 601 2102 8837 7486 7391 5471 6016 8758 727 2541 695 5148 4955 721 2888 2536 577 9883 8982 1332 1530 4470 4939 1434 4934 6334 9808 2198 4425 2268 9200 8005 1948 7338 0 2341 7300
1301 6225 4403 5273 6270 9733 4195 8711 2090 2222 4269 6302 8320 9733 8401 9269 699 2207 3734 5295 1643 4094 7400 7860 9633 4899 4120 6546 3723 8994 2074 3470 5616 353 5579 777 6422 1949 8049 9682 714 737 1777 4663 5374 1289 4364 2341 0 1412
6010 243 8985 6470 6855 9572 2954 2980 2738 493 5827 4717 3742 8137 7713 72 5775 1078 5629 3652 6874 2196 4896 6739 6272 8730 2646 1043 1171 6125 1696 3603 2455 4549 4115 2514 435 1859 8475 2639 4675 2128 3371 7090 6684 9162 4471 7300 1412 0
