200
0 7836 4202 9843 9715 3605 2547 2499 3010 8994 2561 3842 242 1005 5749 8792 1866 8744 8298 1770 7442 8930 9601 9488 2380 1751 6640 3087 3195 6861 5168 9883 787 8937 1330 6011 852 1593 3920 2652 3621 4209 3775 5320 6926 5745 2935 9854 3843 8022 7580 1904 2482 9101 6225 8275 7143 6703 2587 5676 758 37 8308 9238 5967 5747 5121 8446 221 9450 5448 87 8103 6818 3491 8553 4336 9480 2220 5194 6096 2122 9002 5071 5379 5261 9504 2595 4650 3260 9186 365 5922 9393 5582 3550 5490 4494 9543 3790 4672 7487 7423 5008 149 4342 6415 6232 6731 4331 2365 2814 3380 5540 9939 6406 3600 4907 2363 1312 5743 8822 1375 1027 8866 2595 163 6061 363 2130 4473 8265 7624 5474 4067 6627 6217 6287 5599 9240 9829 8749 1534 3569 6237 8157 9162 552 2627 9203 3294 4967 81 3940 224 1077 8767 3045 6292 1290 4532 5818 9196 5166 2263 3579 8463 7587 8695 1170 1213 3538 6844 8681 2960 6496 8156 4912 8658 378 7189 5082 4737 5843 5839 2531 3369 4491 322 2391 8808 5768 2385 5383 451 7109 1657 2426 455 5398
7836 0 6155 4018 6356 9095 2194 9343 2909 8679 4424 9652 5223 6740 8663 2232 2490 9644 707 1582 3432 9500 8235 9741 5007 9742 8533 1602 7096 210 5478 223 897 7493 4960 8250 3379 1318 6103 2251 4057 725 2948 9245 4626 4782 5464 1836 207 2236 1383 2053 3170 7488 2472 7917 413 591 2534 8271 9427 2265 3501 5994 2351 7268 9082 1681 8345 454 496 6090 9953 8876 4479 9943 6560 8563 6051 3532 8714 9842 9293 6685 1926 4059 282 5034 4669 5319 3077 9969 7832 2467 2183 2510 8427 115 3142 4983 1310 5779 4026 9983 2637 1225 8573 4202 2041 5297 2648 6490 7433 3794 2131 7134 955 9040 2823 7335 1768 6603 3132 8368 2894 7364 5479 3399 9603 2716 1727 2032 570 2803 3400 235 1883 6167 7933 8596 3856 1713 2268 6875 933 1954 3448 319 1285 3162 7626 4662 8444 5477 3043 9920 4527 4262 4608 6516 1186 1299 4970 991 6127 1539 1588 2883 1322 7493 6362 9553 8843 1912 6457 7065 2979 9398 6336 9035 4688 2931 1668 6783 1697 5759 1671 2980 2222 8412 6233 7571 9868 7851 93 5627 8592 6604 8958 9210
4202 6155 0 1492 5162 2292 8522 7288 5703 3646 1174 9763 105 4361 6943 666 668 3433 6453 408 3895 8149 2487 475 3836 6098 4695 6247 8950 8458 3838 8837 5818 2625 979 720 4672 7910 12 8081 8396 194 1566 5425 5822 9069 8402 3855 1277 2280 7535 3217 919 487 2449 4066 2690 6497 5763 9857 1207 9278 264 7957 8574 4017 9941 4201 3287 5535 5564 8641 8986 9097 600 2109 9798 2103 3318 3603 9377 128 4395 3297 645 3346 1206 1401 5249 7109 1981 8846 1196 2213 8741 2107 520 2443 7369 9003 6559 8028 2905 5454 1963 5103 5482 6934 4264 6136 8550 5035 2993 5497 9512 5195 6812 6071 6700 1126 6699 2377 8478 6364 4476 4280 8635 8095 5824 5413 3732 8878 5919 721 424 436 5686 9595 2734 3177 2438 290 7236 9077 1005 6781 3658 5215 7920 1611 337 6500 7398 3054 6141 9607 2050 3368 5610 5443 6965 6371 5924 497 6217 3890 2968 641 379 6392 31 8957 7557 418 5282 6324 5034 307 9069 4818 5124 1633 2926 3490 8892 7134 7204 9478 9402 2986 5800 6093 1994 4673 11 9042 7264 9809 7339 3599
9843 4018 1492 0 5928 2186 9445 7083 6494 5711 9072 2719 2919 8497 5249 7648 7614 7942 8818 5504 6474 603 4893 9963 7873 8834 651 8547 8985 4162 4661 6143 8741 9442 477 9046 3170 9722 796 8802 2242 2279 3936 3122 5224 4246 273 9993 9698 9513 7420 6703 8365 6970 9952 3458 7089 8105 6299 6423 2719 512 2773 5377 335 4606 6624 9966 3414 3668 2129 8964 8090 3572 8402 4893 1897 1321 3584 8982 4983 5694 3222 976 6157 538 6852 7759 7210 2546 5402 3492 201 6112 3551 324 1412 2702 7063 1391 48 9579 324 2500 9792 1315 5041 2738 8575 1467 5959 1547 3029 7502 8195 5315 7313 8076 2256 4665 2349 1135 1403 4113 7083 4587 4522 7486 9216 3534 4079 3421 5949 439 4843 9898 4709 180 8184 7753 461 5832 3024 1435 8410 3285 5991 8422 2306 2632 5249 6422 8612 1729 1301 3286 4863 8499 417 8787 8224 2490 1327 5493 9091 7696 2181 4539 6379 7745 1684 9621 3449 6244 8700 5420 6833 2752 6082 8372 4820 4510 8576 4859 8244 6655 149 2823 2667 3438 3801 4448 1394 8377 8120 4345 595 5148 1653 2748
9715 6356 5162 5928 0 2525 7525 4751 5757 2099 4601 7134 1912 4232 1290 2336 8249 1344 1328 7525 1538 4507 5953 2765 5220 6367 9764 6853 9182 8151 4957 9274 5244 692 1994 8600 4887 4941 2796 1572 1421 1449 9563 6998 7930 6805 3370 1665 99 3111 9281 9413 4655 5017 8970 8818 5079 5802 2364 7579 747 7820 6188 7332 9251 8294 988 2977 3920 2221 1941 1483 5218 8119 500 296 5687 9527 7569 380 2017 7895 4113 3497 9182 1120 5255 3339 5459 1215 727 9951 1859 4302 8244 8020 8751 8854 1666 6498 8537 464 9316 495 5902 3363 8821 2284 8098 5072 8410 6914 996 275 8405 667 1797 9725 9700 349 1682 4184 2874 4234 9984 5137 5625 2170 6480 961 7585 6452 5154 9030 1980 888 7182 6926 2009 8052 295 6086 7775 1742 5887 4713 8578 7700 1175 2346 3402 3792 9908 2382 5704 3047 530 1140 9193 8223 6454 7658 7455 590 9535 3303 8621 8758 9791 1227 83 4819 3012 4220 7516 8344 6788 9380 3675 7258 1452 8657 3310 8783 450 3737 2212 9021 6 7806 2885 5758 7663 2303 2186 9761 7384 1707 6652 8554
3605 9095 2292 2186 2525 0 2204 3215 2866 1861 5602 3440 4259 4761 701 7107 4716 5572 8290 6522 2056 8424 1745 2735 7290 3406 104 5881 9856 9708 6436 7128 6710 1755 818 853 9616 6944 9069 6485 3667 3968 3960 3522 7132 7039 1830 3651 5485 4372 1354 9982 2287 7973 7683 1566 1399 5221 3140 6890 232 4465 6998 5155 6920 1838 1892 946 8001 7091 8384 2469 4616 7074 9448 2826 5420 8423 1921 8550 194 7047 2083 9941 1175 250 6724 6000 4377 1911 6587 5218 8714 5874 2610 2228 9852 8555 202 833 4914 3535 8604 2637 1792 8253 8016 2777 1242 2342 3142 5054 125 2967 7128 7448 7581 3299 2148 4495 7619 5912 5587 7640 3470 5818 8636 3137 5729 6749 9246 3314 3409 9757 782 807 5922 4517 6989 727 9954 4803 2776 5797 2676 4009 9635 8708 4719 8121 7510 835 4756 7562 1555 8561 3410 6931 9007 7950 8354 7202 9631 9954 4724 3011 6168 572 3624 645 3667 9409 5394 9320 6836 7067 7809 490 6423 2733 3709 9260 6061 627 5987 6958 688 5996 3706 4140 9327 7141 1676 2528 9744 7210 2681 4745 6331 4926
2547 2194 8522 9445 7525 2204 0 3268 6941 5601 8573 8595 5310 3922 7165 3718 9501 2870 2889 3601 4299 648 3447 4222 4915 159 5079 6918 8555 8256 5779 5151 3812 2952 5906 5165 4182 9753 276 1294 2273 607 1602 735 9816 5371 772 1190 8958 2788 8810 1900 3421 3765 2625 7878 9768 897 8290 1373 9205 3152 8060 4520 3479 131 7339 9407 9240 6376 2466 6701 2067 3329 5380 4458 7144 7433 8462 5850 2700 3956 5018 4427 5444 781 3858 1229 3474 6633 3724 4327 1672 8102 6491 4822 2625 9075 4519 7743 429 1974 6000 9262 5724 1407 5777 2012 8455 2367 8198 5804 3865 4903 4699 2404 6911 4246 721 2767 2917 1111 1663 411 5979 411 9015 2374 5577 9607 60 3867 2969 3486 4334 4641 7740 149 5826 221 5035 3743 288 8180 4098 5723 9762 1778 5006 9002 3775 1756 4641 2256 283 7515 1123 6177 674 3525 415 8424 6388 9746 2933 8657 8971 4203 8964 5297 2139 9744 1692 4569 1063 4426 7710 7529 9353 9039 19 4983 9097 7744 4365 3770 1059 4452 810 4627 3656 5120 9382 1044 7062 4528 9955 5407 4675 3833
2499 9343 7288 7083 4751 3215 3268 0 1275 7242 2584 9339 9864 7386 9369 7369 6833 290 6018 3589 9188 9809 6351 792 2862 3769 6716 9534 369 6752 2779 3581 3396 2204 2248 6260 5227 7597 5243 3294 1137 9406 3543 8024 8123 9082 3988 2369 7306 4802 3439 4114 1603 5217 8208 6984 4196 2459 7141 9805 2748 5809 2709 1813 2353 9215 7028 7279 7698 9091 8271 1542 9837 2332 4799 6413 6624 5747 5259 145 1543 7070 3795 8491 651 9445 4238 6143 6781 7411 5754 8213 1756 5828 7138 4250 5200 7724 4636 1379 8945 9839 6700 8116 9897 4984 4046 1100 9684 5406 3058 4061 3691 2876 8465 743 5577 5890 3731 8979 630 7462 3135 9041 3990 6756 9854 6448 7592 3522 4667 2339 2808 9046 270 7821 6746 5031 775 2969 527 4784 992 9136 2713 7920 1549 9979 1931 8396 4452 4971 7733 8297 4859 1175 8350 2214 1781 8022 7305 5044 508 9307 8897 3740 5415 4590 8565 1856 5628 2164 9947 1778 2847 8278 4059 1437 8142 8320 2878 4330 2053 5438 3780 8099 6491 2626 7797 9509 5783 452 6739 1456 4402 5905 1407 449 6094 5513
3010 2909 5703 6494 5757 2866 6941 1275 0 585 6199 7751 3734 9628 2961 3648 9830 7964 8465 4643 2824 8277 5967 2419 4606 9202 336 8244 3779 8099 6222 8117 288 8947 1587 1454 8676 2139 9227 9279 4751 6788 8462 9970 7812 7793 6894 2759 4925 1716 5569 2591 2912 22 9279 2273 5293 1071 8419 8673 7260 7465 6673 5320 9813 6521 3209 3109 1331 5636 4172 9309 5682 4994 3706 2092 6064 2165 4721 2796 2059 8064 6752 5163 1053 5230 5649 2705 7547 9672 3071 5877 8343 7419 9538 4890 3181 2288 2277 1259 6612 4121 7278 3780 7646 1490 5971 8667 8713 1904 7095 794 6440 5438 1133 5594 663 5793 256 3224 9507 4657 7446 3080 861 9924 3114 4665 2926 2176 712 6777 7069 4834 2848 7799 9394 2376 2341 3367 1411 9692 2977 3684 2855 7540 5477 7484 7963 1590 6099 2755 3280 4687 7739 2463 2628 8592 6302 2639 1619 4406 225 5865 6514 7458 888 9179 2055 1821 3273 4527 9765 3843 740 82 2101 9646 4496 3024 8554 7419 7394 8077 3808 954 6440 9318 7206 9365 2377 4546 5989 4419 8162 5922 4058 4549 9105 1937
8994 8679 3646 5711 2099 1861 5601 7242 585 0 9278 6343 3491 6293 1100 28 8313 8349 1474 1496 7842 1648 2076 6996 3386 4125 3854 2555 5744 1372 7549 4706 1518 4130 6634 7308 894 2306 5736 4247 2047 7022 925 7275 2395 848 6539 7432 1391 2807 3838 7873 2077 2046 2675 2948 3618 465 508 6364 8319 7082 6736 7215 3360 8858 2204 3038 9863 2604 3685 8708 6506 152 2485 8414 9925 7595 5204 8698 4440 3361 1386 9021 2697 1777 5509 793 1148 1319 7368 7468 5872 8849 8734 6530 5963 9916 1814 8742 247 4336 2629 7170 1895 8298 8247 207 4502 6215 9244 8249 4888 2010 3544 7287 791 5061 6812 5503 1711 9698 6777 7944 784 4162 4314 1555 3536 1279 8256 8523 3053 5249 3381 3278 9883 6093 5436 132 5637 8884 9996 8116 8556 9088 3047 9173 3331 6759 6069 3731 2489 7502 6402 4514 3781 622 6558 8480 6223 927 1560 1485 541 5384 9507 1948 9457 6421 3839 1273 6 9442 3527 4654 4478 1387 3496 7001 381 9001 690 8297 1281 9118 8747 3433 2063 477 2988 220 9696 2114 9991 8470 9609 2353 6260 377
2561 4424 1174 9072 4601 5602 8573 2584 6199 9278 0 9285 714 8927 6264 8651 1926 1691 9719 9807 3757 155 6992 5235 3210 9413 6186 1045 6049 593 1770 1505 1763 6707 6779 5949 6819 8812 4673 5498 8087 5011 251 5002 6029 9318 7523 1174 4187 3052 2331 8639 6294 3549 1828 3659 2495 5551 2870 8271 8985 2390 6221 9254 1814 3900 2923 2866 2687 1464 8580 6556 5498 1552 5202 1930 7974 1695 265 9488 6465 2102 543 5807 1904 5559 2654 8830 2129 5521 8675 4555 7676 2732 1445 9131 3968 2521 2735 5997 5887 8077 7160 1727 4759 5910 3284 9178 6025 5517 7539 9380 343 8533 5464 2076 3537 8049 6688 7593 2760 3395 6741 5792 8165 7180 5055 4529 3834 5291 6138 3255 6202 1290 972 8644 1320 4148 4318 1303 9912 9027 8766 8715 4558 1694 5480 2647 4897 9606 6883 3722 9737 3842 1054 2871 2290 2117 1905 6318 2612 1894 7326 5993 7089 6326 3426 4 772 1023 5112 6520 7755 5424 7771 7937 3398 374 3616 4812 2032 8128 6492 2108 4089 8785 3257 5468 3049 1358 9708 8739 4960 6563 5533 3722 8963 6893 3801 7627
3842 9652 9763 2719 7134 3440 8595 9339 7751 6343 9285 0 626 8424 5535 885 8545 9529 1916 5627 3189 9924 4210 1177 5560 2603 4073 122 9591 896 6098 5998 9923 3521 4692 127 6146 7975 6929 1467 2992 4240 1813 4152 2130 9539 1617 2242 665 7928 8861 4157 5959 6455 5582 3425 6901 610 1139 4883 4995 1877 9448 7535 4253 2270 457 2623 5805 1200 3734 3241 2355 4585 4175 9408 3415 7458 6482 3592 898 976 1586 7090 2777 9155 9277 8947 419 2415 1189 2728 5294 316 5660 2320 3779 3590 9621 9071 2558 3516 2564 1607 322 5399 6246 852 9482 6902 1031 3952 198 3976 3193 5859 6743 9214 4135 5251 4233 6145 4440 2107 4898 8225 3150 1480 9515 9226 1248 5159 4920 3797 1630 9657 2404 9133 4448 2914 7062 9430 2768 9660 2512 5990 9765 7953 324 2846 5271 576 5404 4585 5804 8952 5738 1131 5474 3827 8004 4247 3643 7546 4778 928 5267 7469 5166 2830 1214 849 1982 335 7429 6931 2397 3952 4968 8653 6653 3011 8146 9019 3315 179 3679 1760 7262 8269 6785 8308 4600 7285 276 5524 502 4166 2632 6375
242 5223 105 2919 1912 4259 5310 9864 3734 3491 714 626 0 6625 1674 6287 553 1147 8678 2250 8756 5378 4521 9774 2489 1257 2092 559 6945 2527 1629 5191 2012 7304 3712 4740 840 1968 5543 7719 2207 4954 1708 6097 2150 9698 1021 1075 1337 5764 936 4193 845 6221 208 7948 6214 1551 7484 7836 1060 9175 9377 5463 5857 9978 8243 9458 6686 5669 4298 47 3565 7577 7164 6499 4757 7286 6602 7925 2413 2400 3891 2473 2937 7417 1935 9492 9447 6017 8342 9726 1941 9757 9115 7875 6331 3876 5111 1163 9353 5856 8068 682 854 2153 4299 899 3761 6631 6512 2604 6549 1838 4079 5121 672 7510 4696 3891 6575 8937 7439 8339 4723 2769 9158 4156 5335 6276 9865 1059 4669 4810 5440 4645 2946 3504 3287 8328 7437 4984 5923 461 7728 3868 5820 6099 8740 6073 265 7032 3140 3001 6123 1167 3813 9752 2361 8055 7909 3747 8610 9137 9770 3154 857 70 468 4410 8373 8430 1346 5310 7008 6437 4963 5668 6659 5536 7467 7129 3291 1863 5038 5318 7298 9630 2019 7240 3517 8356 7552 907 4246 8639 2712 2134 51 1556
1005 6740 4361 8497 4232 4761 3922 7386 9628 6293 8927 8424 6625 0 7982 2693 6884 445 3155 4707 460 1620 8007 4703 5951 1330 9836 9317 2650 6273 1283 9031 4979 8512 7693 6432 6134 6024 3468 5604 2690 933 8609 8852 1662 7685 734 5628 7301 4533 5423 7306 1711 7654 4423 3314 2067 6492 9455 1166 4909 9709 6128 1244 3710 5830 2457 33 1592 5381 6687 6463 1626 4505 7605 2992 4783 5926 313 6772 8534 7945 3895 455 666 8029 9782 5501 744 3096 5369 3995 4802 5338 8993 8310 718 9387 3893 2103 8635 2935 4742 9869 1403 1614 5059 8187 8219 1509 9261 5446 600 7049 2976 1588 9243 7615 4753 3358 2117 4093 1113 2764 4680 4897 4910 4459 9219 6241 3053 6145 4055 7864 5547 3640 5448 8705 7721 1829 1572 6420 7458 6685 647 4472 2345 9858 2667 2227 6161 0 5597 6619 7200 2143 2037 2387 5031 4909 4042 3593 5663 987 9221 5488 1720 5842 6970 1992 4293 6513 4647 6587 3373 2884 63 3538 8398 746 45 5169 2047 1364 9608 8528 5725 4697 8605 7080 3229 5100 4073 7636 2987 9821 1794 148 2570 1600
5749 8663 6943 5249 1290 701 7165 9369 2961 1100 6264 5535 1674 7982 0 1669 8243 6350 3915 1919 905 2695 6442 9230 2517 9568 8005 4194 3556 9262 4246 9651 8096 316 4798 5291 2308 5093 9928 324 1074 2284 1112 7129 1939 531 9176 1922 6122 7598 1729 1677 5917 2427 5423 9490 1635 2885 6531 3241 1260 128 3182 1597 7265 7611 6274 8363 3223 5918 5295 9138 184 6733 7375 7677 259 8813 5541 684 7348 6815 283 3799 8649 8100 8420 7547 5614 2938 1932 7953 6520 2927 1696 6919 4042 4935 3871 6292 104 3137 7798 9524 4773 3079 8567 5930 3396 5596 74 9344 6411 4835 5730 1959 5505 7776 7485 5021 6642 4181 6657 6952 5124 3837 1379 6135 8572 4516 2684 4783 3565 4337 7863 9504 8915 6655 8378 5564 2855 7796 1062 5075 1194 2706 9434 60 1200 7433 2397 7609 4028 5794 1497 7120 4752 6078 1606 30 8072 6336 6594 4698 4645 6904 5255 7777 6854 2658 7694 1629 3801 785 2429 4010 6236 8614 4730 2768 1712 4072 7381 6159 8658 5761 1545 7981 8252 3939 2263 4637 1276 3405 4802 9707 5347 3096 9705 438
8792 2232 666 7648 2336 7107 3718 7369 3648 28 8651 885 6287 2693 1669 0 1329 8248 322 761 1618 8348 9912 1709 4325 4656 1347 8705 6781 8302 6887 499 6340 5974 3742 2162 6832 5254 4091 2422 7545 1025 1558 1166 9766 6560 6459 3981 1643 3440 6021 6488 6516 3666 1394 4805 2781 190 7340 9708 6292 8666 2645 4345 7360 310 6805 5502 3947 7276 2448 5076 3117 5776 9941 2668 2920 7137 2132 5191 530 2325 9495 3783 4065 2944 9400 3650 4632 2784 185 4626 6218 3041 4054 990 1624 6506 2971 2520 1208 6898 9675 2632 4228 3606 8793 179 5891 6439 4821 9475 8951 6580 7305 7095 2169 8785 8567 8897 1714 5720 1724 3906 9655 1364 5402 4361 4250 6119 4727 1163 6468 5447 6635 3058 7481 1177 8033 9793 5539 6334 1389 4535 4042 10 3632 2765 3622 9100 1156 4667 5960 1678 8746 2658 6096 8304 7128 8167 6385 8862 1850 617 1594 4353 5747 9632 1455 3631 3813 2848 1025 5471 4481 7647 3351 3777 9826 2322 3667 1864 1469 5387 3340 2543 4262 4202 8393 3982 6202 3048 58 6158 4060 4415 387 6122 8898 3881
1866 2490 668 7614 8249 4716 9501 6833 9830 8313 1926 8545 553 6884 8243 1329 0 8279 9749 3608 4909 1508 259 465 7420 21 28 7593 9204 4208 5565 7774 5289 564 9861 7738 4570 5242 4907 5713 8896 9689 182 5992 5518 4411 8707 2860 1002 1516 6122 1103 1677 92 1665 1613 1471 1631 7033 8334 4207 4038 4019 2108 2320 2840 1858 1488 6842 9622 5481 4260 5082 7331 3519 3594 883 551 5514 4846 7669 7884 3715 6109 7821 9739 2636 4942 6320 143 3143 2872 4441 7717 471 8575 221 6806 7862 5432 6217 1409 1907 5600 3207 4312 2112 6803 2309 1848 1110 8608 5818 1944 5366 6877 6968 3734 6228 1547 7978 2549 2631 24 7327 2974 1513 245 3447 1408 2752 9626 7006 7562 9113 6097 4635 7061 172 2541 2408 9438 9453 218 7126 4119 1181 6586 8309 3549 2072 7122 3625 5895 2773 7624 6836 9845 8369 5144 4851 939 6806 4865 3738 6469 5171 7877 5408 874 9661 1220 7582 2608 2267 3803 4586 1451 8159 7289 7145 1644 4050 9810 7807 7409 3389 7918 7702 1071 1203 8178 3101 9795 1097 541 2861 780 7998 3436
8744 9644 3433 7942 1344 5572 2870 290 7964 8349 1691 9529 1147 445 6350 8248 8279 0 2700 614 5901 4328 8559 6222 2500 8651 6415 9885 2115 5254 2020 4295 7132 7834 3874 3853 6985 3051 9145 3912 2329 4705 4619 5865 2958 1679 8114 8319 9923 5492 2701 8170 2981 1793 591 7010 1230 5404 172 5314 2208 1958 5891 8547 4156 8046 2968 9038 7999 7396 2655 615 9080 1212 8884 2200 5398 3318 9662 4888 4762 8426 2162 7797 6021 7893 3138 8388 2621 4685 8111 3991 6764 3352 8374 7632 818 5136 1589 978 4184 1162 4824 949 29 4070 4167 550 259 5855 7002 7771 9267 2909 1639 160 3912 3712 5373 9768 9088 8215 8565 9342 4010 9525 8607 5310 9322 399 7418 8771 5716 1091 2690 8997 2797 4500 1209 4688 5603 9763 2999 7647 3972 1201 4176 8010 1161 5943 2465 6771 4739 9189 6494 8358 5008 3995 9482 9611 8928 5907 7858 2275 7098 8930 7983 3396 761 1588 6123 1351 7256 8484 5017 8723 5229 4806 6906 6446 325 4017 1866 1425 605 3753 3495 6395 9607 6708 3203 6909 7539 9052 4432 569 4983 5174 5962 3728
8298 707 6453 8818 1328 8290 2889 6018 8465 1474 9719 1916 8678 3155 3915 322 9749 2700 0 7831 5289 544 6155 2865 674 6535 2681 9358 9992 9715 5364 3496 4513 8345 2549 5899 1557 5263 7086 8902 7688 2636 4948 5126 9416 3619 3398 9974 6297 5075 8494 609 6841 3966 5101 3601 8427 688 4924 1361 3214 3283 8615 2141 1182 118 4264 4860 5231 476 2437 133 4180 9778 2599 1595 4234 6661 6877 3704 1012 207 4683 4716 7877 3867 5887 128 3013 3429 9573 6028 7207 7862 190 4938 7871 5017 8862 1582 5855 1349 3324 5060 7949 6341 4083 2546 8138 8092 3067 2328 1198 4330 5430 6142 2847 5265 1603 7053 2333 7766 8346 1597 4100 6080 1111 2281 4422 1517 1934 9396 9579 6370 3312 2361 3309 7947 1496 2559 1136 2021 9255 6674 2546 2721 8130 2243 4565 2478 7209 696 9669 5151 1388 2567 2561 1758 8295 3373 3643 228 1659 1123 7614 4247 9826 9069 8588 2896 9537 1845 299 7410 4785 2872 5787 7261 342 2062 9026 4344 1939 2535 6037 1576 9100 8547 9080 8499 6026 1828 715 7508 168 1587 4270 4929 2453 8251
1770 1582 408 5504 7525 6522 3601 3589 4643 1496 9807 5627 2250 4707 1919 761 3608 614 7831 0 8677 6207 1739 6230 105 1231 84 5975 1721 3668 5579 976 1541 9602 9127 3373 586 4487 3098 5259 2861 932 4789 2202 4791 1215 5322 4720 8720 5125 5262 3623 457 9086 3591 9678 782 1145 3240 1535 304 8194 4206 8655 5151 2181 8476 2613 6157 2785 6464 7515 7201 4142 8795 4222 6651 1904 405 6425 4163 4531 6870 9591 3154 2277 2749 8902 6770 943 2271 9182 3108 8729 9296 2995 4553 6162 3313 3502 4900 9719 3480 8253 8454 2134 1011 7554 360 547 4037 3242 3643 8476 4374 5323 8947 8850 2110 6180 5885 1926 722 9957 8123 2250 4054 4463 7034 1531 9529 6958 3038 2660 1751 9556 7897 8945 3291 3426 1604 4025 7277 6684 6348 7077 2102 8524 31 4345 9833 2176 1234 8739 5144 2765 4721 9913 432 46 2306 1097 330 2384 7854 9434 4415 6921 9078 9687 9822 2305 422 5109 1722 773 1795 3845 9907 2204 2021 6559 7809 8774 6696 9573 3264 9691 8437 9781 8689 4268 9648 7597 504 2118 5595 7215 8410 1193
7442 3432 3895 6474 1538 2056 4299 9188 2824 7842 3757 3189 8756 460 905 1618 4909 5901 5289 8677 0 3102 5602 7143 9261 7461 5440 1203 4545 7533 3187 6352 1647 2606 6323 7544 8445 437 1644 8270 7519 8233 3382 939 4622 3424 4348 6650 8342 7684 8191 3571 8606 2919 474 8755 5420 9199 6057 2264 7233 3969 8178 9319 1435 5379 9168 582 2313 5349 8329 6391 612 7188 2363 2602 6749 5263 4317 8043 8229 2871 9253 2054 6163 4127 5588 7984 2509 8825 2477 2331 6869 4218 2297 467 3040 8815 696 8239 8715 2643 8698 6530 9044 2226 5519 1369 6579 1977 6837 6107 4561 9624 9041 723 2295 103 5396 2011 9012 8616 1611 5182 2556 6728 5644 9073 4956 4234 2567 532 6509 1048 9572 5927 495 3511 8173 1527 8639 1364 6864 6386 8927 6835 9918 8559 9906 8233 2077 7231 336 1218 9926 1431 3532 4360 3117 1328 1252 1427 23 1444 5556 4337 3575 8841 6750 4934 2203 6939 8852 5955 7683 9183 5558 8575 5220 8248 88 4595 4856 2547 6086 2028 1977 2887 687 1129 2283 4195 8129 6456 5555 6841 6726 8018 3721 7486
8930 9500 8149 603 4507 8424 648 9809 8277 1648 155 9924 5378 1620 2695 8348 1508 4328 544 6207 3102 0 5193 8584 7053 6073 3605 9761 3715 4797 7209 3910 2154 3140 5794 2098 503 1916 4562 9018 6296 1522 6902 2042 1594 2015 199 5809 4048 2904 3369 3412 9454 7666 8480 1991 1880 9573 6925 8398 8325 6097 5680 3249 983 687 9261 9626 9491 10 2205 519 1191 2683 9700 8210 131 1403 2030 6851 5253 2712 368 9351 3590 2401 4964 3994 970 1177 1252 9165 7084 8003 2576 1143 7562 2343 3213 4316 5115 4934 8276 9444 1038 8766 524 5583 6270 1155 1767 7727 3918 9576 230 5052 3920 546 621 5245 300 2544 2540 2852 6634 3124 8773 6715 6879 1614 9808 2587 3706 9209 8709 1378 5959 5587 6719 9322 1580 5069 9956 1134 2648 8440 5456 8536 9627 4522 7260 602 7870 9410 9991 9985 5723 7517 6323 8416 2490 3546 3137 1190 737 8028 4893 3961 7363 8859 3849 6264 2580 4263 5535 4653 4485 7134 2178 5543 629 7853 102 5641 7020 234 2498 7979 1036 9416 5962 8746 5401 1469 9187 3394 3172 2315 2461 1327
9601 8235 2487 4893 5953 1745 3447 6351 5967 2076 6992 4210 4521 8007 6442 9912 259 8559 6155 1739 5602 5193 0 4419 6465 8908 6829 6503 3479 9747 4632 1132 7129 7618 8776 983 9622 4979 4630 9027 2782 9475 4520 4817 3086 1548 5910 705 9961 900 9058 4709 7455 3478 7714 5157 6301 3711 5296 580 6494 273 1493 1710 4872 4927 7776 4722 3655 4729 4099 7664 2905 7927 3577 6615 6062 1520 1414 6396 2415 472 1347 5178 553 456 3493 7515 4411 5124 6751 5156 8894 4513 5940 5673 8752 5307 1184 5120 9078 587 5164 1828 5786 7231 1085 7875 3139 6183 6306 3480 6796 2172 5682 3445 6445 6015 6624 9731 4535 3132 2045 5467 8914 8568 7378 7525 881 923 9015 6659 2828 5150 7124 4062 3334 5201 722 7342 2698 7751 7336 8633 9940 1854 3436 9968 9086 6196 8059 8275 7450 2068 7010 6068 8067 1658 242 2335 2143 7837 5213 1872 6464 9251 4863 1989 6965 6069 458 4096 1072 3484 8637 3384 1484 4323 8392 3733 2113 6778 6764 7761 1665 5550 1933 264 1299 6822 4583 1232 7250 2217 9246 2009 4970 8712 7562 5998
9488 9741 475 9963 2765 2735 4222 792 2419 6996 5235 1177 9774 4703 9230 1709 465 6222 2865 6230 7143 8584 4419 0 392 1422 6903 1390 320 7238 9900 6399 124 3593 4074 7647 8605 6819 390 1272 2810 4638 1574 6941 7954 9365 4586 3625 1996 2935 5343 6911 389 2498 3042 1789 8015 3724 8565 2800 8285 3848 4328 1296 2452 7688 3256 3148 1093 1002 1711 7396 1307 2697 3355 7586 6829 6026 6921 3554 2911 4769 7782 4335 6610 6920 2953 5376 4084 7058 7476 1400 9742 8742 6492 9383 5247 2325 636 2846 1316 2635 6987 2299 3547 1198 8601 8989 1558 3525 193 1917 5494 5002 7601 2337 964 9871 9578 9658 9000 9078 7900 198 9135 7123 4172 505 5885 6364 7825 5410 3974 6549 7638 3701 1430 5993 1726 7089 6268 3935 9543 8300 1066 8194 8894 6378 2765 7541 9802 2876 2768 3981 6829 6618 6083 8783 1457 3810 6624 4816 879 8802 7108 7650 8714 4708 8750 7677 5501 7547 3291 2808 6928 8751 6610 2970 7587 8806 8177 8590 2256 7195 2351 8093 2435 4930 4094 7035 9308 2927 8154 5189 5939 9764 6884 9264 2489 4015
2380 5007 3836 7873 5220 7290 4915 2862 4606 3386 3210 5560 2489 5951 2517 4325 7420 2500 674 105 9261 7053 6465 392 0 461 8556 1756 1512 4283 4759 5145 4603 7654 5705 3269 4278 8371 6610 6925 6076 6130 4252 181 3578 5768 4753 3263 3952 2102 9763 7162 979 6658 9337 684 3059 874 5995 5138 7111 9730 928 4857 6476 4571 8167 7489 2054 8154 4446 8795 145 5552 4683 6786 8974 8223 1790 5419 3679 8501 8721 9731 6141 7262 4439 1789 1022 6272 921 219 4671 8082 2251 8486 131 6943 3883 1891 4589 3578 2296 9159 7232 1899 6579 926 3915 4900 3187 4388 9501 5053 8791 8947 635 8674 7211 4286 2095 141 5222 9512 1648 9023 307 8148 5540 6810 4450 4916 4127 7456 5324 2411 3858 5315 2803 4194 6931 8604 6123 4957 7843 4776 4840 9067 4568 1968 5301 6195 2034 5892 7352 7341 6598 3325 1202 8531 4352 9247 3381 7792 4581 4356 8275 4478 9876 1132 7358 274 2155 5092 1058 4281 4372 9473 4565 345 6489 7426 1233 1789 2720 835 2238 8332 4405 441 2356 2218 1026 4451 2502 9578 4229 8219 293 6816
1751 9742 6098 8834 6367 3406 159 3769 9202 4125 9413 2603 1257 1330 9568 4656 21 8651 6535 1231 7461 6073 8908 1422 461 0 1018 1895 2944 729 8469 1599 3520 6456 9929 8382 9388 8893 9093 6742 6860 5560 3981 3843 8819 9275 3582 123 4000 7742 1453 6039 2671 5649 6926 3365 6253 6350 5663 3210 6085 9848 8924 5434 2447 2658 5638 178 5733 1214 8362 4729 636 9463 9138 141 9823 9116 1976 6065 6437 2293 7771 5866 1908 7586 2419 6611 6575 2541 7022 234 919 70 3686 5619 9470 3638 5281 5550 4738 478 681 1919 1183 6691 2559 6649 612 4131 6723 3623 9293 5968 4664 1876 394 7995 6359 6234 6715 7574 2341 8790 2638 9157 594 5176 5071 4135 6410 7141 4377 2723 6769 589 4775 2414 9883 2314 42 6857 8951 9801 6711 3683 9809 4350 4368 7046 4088 9927 6716 1471 3952 5868 3611 7406 5038 1103 6166 4358 7054 5790 498 8437 923 7891 6529 3443 565 7578 5817 2818 9843 2949 1454 6191 4932 3856 7376 7775 6234 3419 3296 3129 1066 8728 9250 7420 8203 9732 1407 7990 7989 1711 5831 7633 2667 8494
6640 8533 4695 651 9764 104 5079 6716 336 3854 6186 4073 2092 9836 8005 1347 28 6415 2681 84 5440 3605 6829 6903 8556 1018 0 608 9901 2084 754 9732 4926 9033 3913 6962 3480 3922 6312 3958 8746 8332 7654 6426 5903 8764 9660 9115 4358 7419 7907 8337 9028 8504 7244 4321 8583 8385 6158 2442 1000 4822 7183 9386 1781 9501 3486 443 2216 525 5310 2197 9881 4543 6866 8872 9922 7859 1384 5306 27 7373 1070 424 488 6112 98 7968 5451 698 7661 6894 3555 2651 3679 6013 6224 1117 4768 431 4475 5889 7354 5396 7775 3525 1052 3724 5080 517 4556 5860 4064 6888 5248 5536 960 1320 9426 3326 9956 6847 1583 6999 4560 1183 9374 2421 5027 4733 714 2791 7205 2905 3649 2334 6294 8313 2230 536 2392 9633 4693 4047 7898 9504 725 4549 882 2724 3067 1874 1251 9916 2069 4025 7104 576 9585 1181 332 8541 9320 6252 3271 462 1242 763 2714 4569 7284 1961 6520 7214 7790 4243 3060 3226 4567 2872 9707 2653 4447 3926 1509 3367 8947 9706 6339 591 5165 2919 1192 5086 5755 6640 1706 5622 9241 8735
3087 1602 6247 8547 6853 5881 6918 9534 8244 2555 1045 122 559 9317 4194 8705 7593 9885 9358 5975 1203 9761 6503 1390 1756 1895 608 0 5168 4112 8374 8954 7927 6567 1952 4587 3909 2507 1163 2457 140 5740 732 4618 746 8200 5824 2326 4515 4599 9427 2660 4965 7503 4988 9391 3816 7049 6335 225 345 8132 349 494 5803 5578 629 88 5993 6312 3529 6597 5983 9891 8047 9310 3588 5872 6588 5807 5477 758 2342 9010 6957 1559 2935 1867 2842 1569 129 3385 4574 751 813 8858 5325 1868 284 9134 6251 3734 9451 1695 920 8664 9935 5492 2495 3831 7279 6613 8931 9606 6586 7676 4298 1575 4428 7572 2973 3525 8748 9990 3570 8029 8910 5830 8738 8714 5774 8029 132 5477 4584 5642 8349 162 9288 6163 765 1762 5632 8558 1298 4441 5586 631 8821 4009 9095 3639 8868 375 7061 8552 4862 7010 8171 9345 9202 8006 1532 4217 9196 3086 7499 9322 9058 819 7993 5928 9604 7343 8881 3678 9873 5294 9935 7267 2653 93 3074 6085 7344 548 1462 539 4188 6458 8665 2840 6289 4520 3526 6181 1074 8223 8991 4884
3195 7096 8950 8985 9182 9856 8555 369 3779 5744 6049 9591 6945 2650 3556 6781 9204 2115 9992 1721 4545 3715 3479 320 1512 2944 9901 5168 0 9371 3518 915 1367 9817 2069 81 9323 7747 5793 6400 2043 3830 421 9185 6003 4149 3429 2778 6611 2476 8445 1622 9985 1969 6092 1349 3997 4332 1119 3117 1730 6484 3990 1317 3848 2097 5770 8097 3424 3834 744 3182 7699 4732 330 7182 9290 1188 9462 4566 7450 3779 9555 8766 6297 7663 2552 6320 7222 8195 8841 963 5542 2942 8810 236 5195 9235 6780 2156 8105 3739 9853 3702 209 1656 5266 8091 9278 2876 344 6031 4083 4178 3393 8407 3165 7135 9316 2066 6157 4641 5241 3213 5102 4477 3712 4816 2601 2330 5287 9774 9341 7871 3748 1688 276 3925 3302 7556 6115 6652 6681 1066 5433 497 8640 1509 9518 6826 9954 9703 4332 1471 7328 7187 8752 6157 9938 7667 2108 7590 1498 5304 3731 7987 8973 7795 3464 3670 3904 6598 4583 9163 3337 8755 906 8737 1581 7123 4537 4988 1062 8067 4868 1262 8446 8876 333 4925 351 4845 3800 9620 9930 711 777 9810 3240 6479
6861 210 8458 4162 8151 9708 8256 6752 8099 1372 593 896 2527 6273 9262 8302 4208 5254 9715 3668 7533 4797 9747 7238 4283 729 2084 4112 9371 0 6135 9518 1628 5880 7091 2183 8494 7277 1297 93 8712 9600 8074 4889 7249 7532 8153 6517 9971 3733 6248 7856 9320 7949 9420 9067 6252 8291 7792 7429 1467 6697 6106 6816 729 9461 8781 1173 2797 44 2522 5646 3098 4287 3627 7716 5213 2983 283 4553 41 6432 7550 9655 3324 5354 1967 3944 710 7632 1046 8825 8504 6220 6812 2920 7054 8379 3115 7396 2862 5871 8659 4376 8268 5397 413 251 2813 6905 9443 5196 844 1551 7821 6258 448 1850 1064 7475 7711 4878 2977 5206 4716 1081 1742 8482 8674 2149 7679 6463 7303 133 6441 7243 7905 8727 2024 6808 4001 7737 3331 935 3531 3594 4064 4863 6880 1712 762 9868 9272 7061 9032 9723 6082 9977 9133 2188 1472 8922 5853 6600 3551 8035 7663 2651 5433 5671 7298 2518 7307 9152 465 4154 8447 7316 4071 2852 2898 9754 9088 8575 9551 1913 5489 5482 1623 5122 9372 4482 9670 2841 2675 4278 4190 2532 9921 8014
5168 5478 3838 4661 4957 6436 5779 2779 6222 7549 1770 6098 1629 1283 4246 6887 5565 2020 5364 5579 3187 7209 4632 9900 4759 8469 754 8374 3518 6135 0 5101 5896 8715 3064 3183 1977 2689 4316 3742 7881 5603 9985 5458 8110 1648 7325 6999 2888 1643 4740 6672 6350 7191 4729 3389 3378 5928 6803 9360 3474 3406 4054 2852 9635 4102 775 3005 534 9679 3753 6815 7657 365 3035 8490 7378 2563 809 5240 585 9524 9061 5720 5206 1776 1749 501 8258 1013 3040 1100 5518 9347 2098 880 5341 5138 9251 1434 9848 9331 2461 5457 1336 4329 6023 7568 4085 4458 7108 1002 1793 877 5401 5564 6997 2901 9208 5223 5235 2919 7756 9172 1777 8419 870 8417 716 3064 2832 7059 3374 8234 8246 914 8390 2128 6726 3737 1537 6396 6363 9359 5783 6946 8875 796 7353 5292 2087 911 815 8409 8781 2858 1924 4414 7245 9749 1626 2200 7830 6986 6642 6452 2186 6854 4581 9245 6753 6055 4506 2144 8743 3651 5656 7492 5049 652 3061 3219 748 7621 8488 2768 7352 7189 4303 7451 4574 999 4037 722 9046 950 5647 1749 887 3388
9883 223 8837 6143 9274 7128 5151 3581 8117 4706 1505 5998 5191 9031 9651 499 7774 4295 3496 976 6352 3910 1132 6399 5145 1599 9732 8954 915 9518 5101 0 9490 7496 2749 4467 6147 9394 6453 3773 6586 6211 9661 3849 3769 6600 2446 6103 7132 7531 8079 4195 9586 8826 5066 7984 3374 6539 2760 8659 6147 2150 5912 4383 6500 356 6169 3322 7148 1493 7319 4292 5541 8089 4322 4425 9638 5314 5217 4106 8189 2533 8869 3212 1135 5965 6729 2078 8807 1109 8050 6094 7044 761 7957 1130 2658 1810 1197 1628 2676 9246 8492 5661 4823 6173 8816 8631 7372 3791 2161 712 1140 3417 6880 4584 6333 2290 1980 4407 6694 6722 3426 1276 8174 3199 4782 4335 9897 9715 4700 5623 186 9008 3265 3179 663 8852 467 5755 9296 9341 5538 7709 1132 8345 2394 9052 1239 5377 7249 7298 5977 2113 9300 3126 941 2643 5369 4512 5905 4617 5394 9071 9667 3759 1462 3176 582 555 4630 6953 2527 680 3729 5951 5204 9130 8241 2271 2080 4724 8320 1681 4307 5378 8565 9569 7970 3198 2651 6349 9743 144 2148 1573 4014 9569 9126 4266
787 897 5818 8741 5244 6710 3812 3396 288 1518 1763 9923 2012 4979 8096 6340 5289 7132 4513 1541 1647 2154 7129 124 4603 3520 4926 7927 1367 1628 5896 9490 0 2495 4277 1221 5388 5965 8963 8364 8192 5707 7539 5584 7866 5803 1203 2745 3437 8034 619 3038 776 454 7480 5368 2469 6867 389 2423 1390 5983 9226 2634 9965 1414 3579 4769 2675 3541 8432 7074 1556 2288 9452 6682 8286 933 3782 3474 7955 3548 1161 9480 5303 5957 3804 4757 5365 6927 927 868 1123 1213 4418 3117 3626 5121 4401 2685 4440 3764 8148 6366 4412 6273 5962 3137 4018 9203 5010 7496 5517 5750 705 7269 969 1461 3384 7375 5156 1826 6253 2849 8231 4170 6244 2388 7940 4243 5978 641 1391 5109 7326 5690 6211 9639 1080 9164 5470 7331 1667 6180 8565 5488 5474 3769 3757 9247 9598 1478 5449 730 9238 4513 856 9316 3393 2886 7042 1779 9436 3202 318 9689 4844 126 9911 6874 7779 7267 5786 1301 5055 2368 915 6789 9417 7714 2882 860 3953 7963 6801 9619 2633 8226 6023 3989 9651 6479 8933 3855 7670 4460 4682 4935 7491 4824
8937 7493 2625 9442 692 1755 2952 2204 8947 4130 6707 3521 7304 8512 316 5974 564 7834 8345 9602 2606 3140 7618 3593 7654 6456 9033 6567 9817 5880 8715 7496 2495 0 5344 4919 5909 6372 709 676 8434 2538 3285 4276 3541 3623 1649 8702 5183 4015 7911 2419 130 7327 4669 9762 9042 4824 2660 3060 7909 2617 2237 5051 3384 492 898 5447 3097 1675 1338 277 7068 6224 7437 9558 5288 3298 5287 2142 2622 745 1381 8101 8730 9551 8474 3384 2294 6795 1161 5572 6561 4882 7288 5180 8547 7575 5019 1154 2267 1094 3379 4794 8955 1546 3203 8314 9239 9313 7969 530 4482 6209 1290 6103 7447 7075 5467 7498 6911 5743 31 5975 4674 2001 4794 5231 4708 9956 1347 8415 9975 7979 4202 2171 381 2995 5736 5965 6426 3688 9233 9261 9285 8920 9576 6789 3870 2673 904 7830 7401 6230 3913 1820 7280 221 5384 7344 1158 7613 9472 2496 9344 8472 4689 9221 4658 3832 9289 8860 498 8811 9883 256 4038 8395 7795 5820 3121 1701 6345 155 7286 3420 4870 1121 2242 5942 1089 2429 2151 974 1811 9861 38 4865 1442 392
1330 4960 979 477 1994 818 5906 2248 1587 6634 6779 4692 3712 7693 4798 3742 9861 3874 2549 9127 6323 5794 8776 4074 5705 9929 3913 1952 2069 7091 3064 2749 4277 5344 0 8932 8222 6076 6439 2031 1888 6930 4054 382 3772 2837 7425 3443 2631 3179 7919 4263 9455 7967 1844 4522 2693 587 5588 9032 9581 8237 3267 989 2831 1598 1983 6670 2237 5188 4498 7695 3145 5903 5156 1137 8909 2533 7198 4054 3462 4081 1851 7520 4639 3402 7308 4163 942 8498 4891 6114 7493 6944 446 8758 1455 2709 911 6818 787 7870 9512 6950 4044 172 9051 2685 1235 358 1371 9730 1950 5456 7567 9627 1553 967 5729 4364 720 7228 5755 9712 5113 9091 211 3317 2997 7124 8258 2100 9445 5134 828 3007 9717 7121 6138 5892 1474 9869 8710 3887 686 957 3675 9217 3543 2940 1779 8447 4464 253 3704 2391 4718 2958 4696 4570 6028 9636 33 242 8079 6588 2032 5433 9735 1341 4493 4550 5534 1944 4773 3453 845 762 6214 7375 5978 4278 1922 2858 1007 9236 1753 3588 4555 9759 8642 49 872 1180 931 855 1344 8289 5695 6406
6011 8250 720 9046 8600 853 5165 6260 1454 7308 5949 127 4740 6432 5291 2162 7738 3853 5899 3373 7544 2098 983 7647 3269 8382 6962 4587 81 2183 3183 4467 1221 4919 8932 0 926 6638 1413 6519 5607 4766 7128 7844 2324 4164 6197 7384 5436 759 6993 4200 5062 7331 4990 5144 8837 7354 4070 4077 2912 5849 6464 7600 4654 3155 9141 7740 3345 1638 618 3292 1946 2812 4635 376 2951 7902 2732 6724 8110 3931 7844 364 5443 8081 1126 6159 2420 4539 7527 350 6390 3612 1057 7963 7932 3538 2256 5301 8874 1427 7175 8726 3121 2699 1639 3628 4120 6340 1160 6869 2825 8830 1646 2726 4690 9548 887 9541 4522 6758 6741 4555 1484 529 4227 5106 6064 4419 6713 9271 3907 1156 8816 2283 4276 9739 3428 5804 7417 2032 5367 3633 3832 5266 3362 7442 732 6606 3618 5002 6698 1938 1750 5636 1234 2648 502 3876 2977 8733 521 1419 4399 4849 4666 3621 7982 494 5871 8162 266 7073 4029 4147 748 7564 3072 7318 8736 4855 118 1290 9004 9249 6752 9419 1910 3228 3787 2614 3532 1252 4330 7253 1421 6615 5844 8341
852 3379 4672 3170 4887 9616 4182 5227 8676 894 6819 6146 840 6134 2308 6832 4570 6985 1557 586 8445 503 9622 8605 4278 9388 3480 3909 9323 8494 1977 6147 5388 5909 8222 926 0 7250 8211 4806 8236 4781 2396 9573 6211 2817 6802 5655 4388 4096 63 4482 4993 3547 2231 5125 2980 7466 6578 2349 6219 3788 4844 2032 4529 2003 3625 5620 7086 7160 8521 892 8469 1354 1400 609 5870 2168 3254 1377 678 445 770 3765 8229 6296 731 4613 95 232 3038 998 3224 8343 6988 9090 6697 9388 4008 7672 3071 7042 6992 3546 8786 7412 3741 5914 3412 6950 860 8364 62 753 6682 612 8948 4433 7213 580 6312 6915 9309 9866 50 2909 3136 1130 4338 3580 1104 9574 1760 7821 5974 1076 1751 5378 4394 8364 955 7176 8455 8773 471 4162 6814 2121 9565 9185 5428 3885 9604 7658 4744 7717 2387 1618 4545 2736 3514 3016 6238 2505 7743 5642 405 2136 7382 2431 2093 745 7942 2471 5423 4002 3266 7694 4954 5310 8962 5773 2035 1302 4067 6385 7496 9240 8912 3626 2589 9517 9493 3143 8577 6024 6369 598 9170 8660
1593 1318 7910 9722 4941 6944 9753 7597 2139 2306 8812 7975 1968 6024 5093 5254 5242 3051 5263 4487 437 1916 4979 6819 8371 8893 3922 2507 7747 7277 2689 9394 5965 6372 6076 6638 7250 0 3010 6460 6928 7107 5800 3576 1775 5355 2260 2612 9555 3219 3199 6502 2495 4963 1999 4857 2330 4799 9008 9200 8724 6045 7323 4328 4145 3292 8342 400 2437 8963 3401 8734 2997 1658 6233 8406 962 1759 2712 3923 3746 5553 9006 9851 1196 7421 2609 1079 1035 3496 4442 3351 1228 8643 892 5060 2926 3064 1522 6971 3033 2954 7360 6286 4272 2251 4373 7141 5943 8021 7038 6303 3231 4739 8073 4205 3062 7343 9607 400 1498 8282 4764 2365 6375 1532 2228 278 1209 3101 9039 4268 7700 4875 318 6912 7961 5674 5669 6077 9 1553 4539 6901 2689 7968 932 9259 2905 7124 3664 2551 6125 856 7771 2028 2703 7210 9346 4350 113 9696 8923 5230 4464 8218 5111 1425 980 7088 1088 9245 6582 8364 5474 8542 3482 8157 3303 1940 6477 7297 8069 201 7084 9475 2659 8532 2919 6879 9858 9163 3484 3312 6728 6347 8197 7437 2722 9496
3920 6103 12 796 2796 9069 276 5243 9227 5736 4673 6929 5543 3468 9928 4091 4907 9145 7086 3098 1644 4562 4630 390 6610 9093 6312 1163 5793 1297 4316 6453 8963 709 6439 1413 8211 3010 0 4065 870 7824 1079 5855 662 4571 7580 2479 9659 9659 459 2206 2013 5595 8448 6501 5153 140 1336 1451 2281 7698 8577 7892 8851 5358 3628 9036 6181 2935 1336 1977 8242 8268 2020 2012 1419 8654 9449 2992 6059 7230 1827 4243 6688 2832 3284 5957 2706 6893 9041 2687 584 8280 8512 8591 1538 1193 7322 7462 1194 1867 938 3489 2070 5303 6022 3983 5828 891 8215 9590 3207 8114 2439 1832 3400 9787 8864 2959 3691 5988 6622 1212 9754 3033 7406 7476 8503 4779 2230 6230 9542 1026 1122 3877 5210 5073 6553 7248 8919 4527 7154 5701 2890 7302 9291 7852 6375 1659 7206 2383 3790 9102 8104 6887 5060 4714 6660 9000 6462 8997 5839 5163 6024 642 5588 6945 2180 8083 1437 5158 5703 5436 9991 2150 4408 9073 429 8588 2333 8953 299 1655 7384 6742 548 2981 5009 175 9356 624 4636 9407 4717 9604 8943 5623 3920 2953
2652 2251 8081 8802 1572 6485 1294 3294 9279 4247 5498 1467 7719 5604 324 2422 5713 3912 8902 5259 8270 9018 9027 1272 6925 6742 3958 2457 6400 93 3742 3773 8364 676 2031 6519 4806 6460 4065 0 401 8045 5476 481 6360 614 9092 8842 6883 8175 6927 3412 5633 321 7997 5953 448 7042 7031 244 1904 3930 1575 8353 8399 8201 6348 9121 7641 1926 1223 3051 9052 4200 3236 1956 5439 5536 9839 676 8082 8303 1102 1559 8518 7462 8191 2475 5802 7664 2145 7028 8855 5544 2454 8949 4626 3558 255 5524 8607 7511 9453 1203 2703 8727 3452 4442 7808 7759 3299 936 1834 6500 1787 9592 7213 8711 2632 3801 8388 8540 967 6933 3700 4755 5179 1869 3642 6899 1812 5195 9215 908 130 7069 9007 2006 9272 4199 9521 7998 2901 9496 3922 6078 8803 296 2091 6626 3953 93 9977 6480 5981 9823 6602 4059 4680 7058 1166 4716 3424 2124 9498 9063 8263 3723 6799 2169 2463 7663 2350 5588 5535 7783 7830 5485 2665 7297 2287 2192 2255 4411 4487 3175 2755 5352 9670 2896 8611 4667 6032 959 4474 992 359 9608 3777 4371
