100
0 6595 3842 850 2160 7845 5446 3 5646 5888 6425 7098 7528 3328 5458 9013 1615 4926 5654 7266 5066 3447 636 7437 4435 1080 6239 2454 1459 335 9611 1306 6068 6573 7401 7705 5057 18 4387 6467 9851 5772 4344 7921 8508 8652 789 1409 721 4514 5465 9675 8078 9098 5265 2204 6933 4402 1029 7940 1707 9573 2103 7870 6482 1675 5913 8412 1321 2701 8098 5202 2721 141 4284 2747 3973 1403 9678 5496 9288 14 1593 4188 4040 7179 469 5567 7381 9007 3278 8016 5474 695 1538 4812 1128 465 3474 5520
6595 0 3373 2132 4641 2250 1320 4913 4379 7864 3145 5415 7610 511 4984 2108 1417 4297 2715 3799 8999 4173 4056 1894 9927 1218 231 6022 9086 263 1501 7779 850 1384 2584 2186 549 303 357 2566 568 4939 1307 4056 2969 5578 6871 2947 4844 8917 9494 9410 7236 838 1141 104 339 7004 7705 3247 8143 6456 203 9357 3256 7320 3773 7222 2659 152 5494 6262 530 6696 7058 8790 1967 7959 8772 9434 3758 3149 3237 9372 8542 6838 1235 5139 8488 1648 1523 9026 3781 3645 9168 7754 8146 3682 9611 497
3842 3373 0 6273 2279 7820 4444 3025 5055 7405 6115 48 1286 6096 1404 6215 6885 8456 7067 515 6785 3734 1692 4475 9365 7456 4199 9524 595 749 5644 1949 7291 4415 493 7488 4718 7807 3698 1749 8627 2095 867 1683 7532 447 3810 5132 8874 2712 8182 290 7886 593 3817 9392 9066 440 5978 5358 5788 8875 7865 53 8705 6327 8549 236 4498 8390 8807 7565 6584 4425 2610 2566 8478 1512 9676 9338 985 1166 3529 9706 751 6297 7411 9311 4616 5474 9328 6154 8734 3453 9585 4101 8980 5414 4212 4040
850 2132 6273 0 4886 539 8631 4633 6099 2376 544 4880 7616 5343 7925 9335 2314 3057 7748 2646 6212 6377 1988 4720 4527 3677 2349 4434 1766 3291 1818 698 8747 2363 3028 9348 803 6351 5287 6940 7560 4885 3461 8713 2884 7761 3297 5585 5473 7291 217 8063 6008 6358 4610 9300 5826 5428 1137 8530 3510 1170 519 5078 864 1897 1972 2545 9821 9533 2681 57 4389 9330 2427 2357 8568 6631 9349 6193 8055 8812 9201 6506 347 6451 5486 4809 7125 2200 6800 9891 6651 450 9565 1157 17 3249 6329 1663
2160 4641 2279 4886 0 7974 5896 5745 2957 6170 8670 8289 8475 818 9153 3457 3232 4962 9621 5395 8941 3429 8871 8922 7920 5319 6754 3997 7514 5460 5146 9803 1970 7997 2954 1211 3234 4357 4534 5175 7458 53 5748 7920 8811 87 3680 2829 9802 6424 9878 1230 3651 9627 6829 2406 24 6780 8741 3755 7693 3414 8292 7042 4967 9564 7604 2943 7869 3509 4867 8126 813 8990 315 5058 8100 5336 4365 1482 2891 5125 6766 8574 8994 9619 5364 4193 6821 106 1584 4525 6761 8502 9611 8674 731 8168 5442 2502
7845 2250 7820 539 7974 0 7937 5360 2827 4417 107 1132 2646 2272 2808 147 998 1915 3683 379 7619 1259 8704 6398 8517 7156 330 4502 4118 1482 753 4937 7513 7968 3739 5311 8765 4613 8065 7877 2315 954 4082 2896 8414 5621 3732 5562 9440 2591 2437 7607 1706 5578 1783 679 227 7472 2206 9088 7138 14 1380 1779 4678 41 685 6471 9275 9343 4590 4045 3163 7677 7767 815 157 2273 4381 8601 8840 9897 682 4866 3275 6720 5289 5929 4669 4496 8564 568 6577 9709 7537 3274 5756 6098 2429 4672
5446 1320 4444 8631 5896 7937 0 9039 393 2558 2211 7623 8815 7195 4039 2417 3073 969 9481 4646 1736 89 5243 9533 8123 9122 367 7616 2373 6984 6284 4181 4519 8740 1979 6797 8965 8000 6637 1171 4091 4060 8615 5029 9684 9979 5285 4175 8817 7153 8371 2250 7077 9366 7189 6027 5738 3155 5629 4312 8616 4975 176 3508 9016 6955 5420 371 4957 6729 9945 9420 6252 3598 7785 5552 3870 1205 4416 5801 5117 3659 6412 1056 6305 1794 8354 7853 1007 2382 1378 6415 7294 6834 5073 2352 1307 8592 7965 4538
3 4913 3025 4633 5745 5360 9039 0 9161 6252 1866 4531 2555 3751 5712 5788 1609 1664 6656 4000 8760 433 6491 1863 1300 6236 8934 9942 7020 7001 3387 1240 1425 3893 326 7761 2807 8550 7597 5936 7665 4821 5939 6324 5120 3032 5260 4736 1395 2412 7928 7756 171 6231 5521 6149 3523 9667 4527 1313 5024 3374 7942 9459 9163 2667 9876 6320 7614 479 4546 9592 5610 1128 1883 3374 4341 886 8666 5335 3249 4574 7777 4270 5259 8037 1205 3050 6938 9323 3454 9490 5340 100 7230 3575 7556 571 1925 8184
5646 4379 5055 6099 2957 2827 393 9161 0 874 3319 1174 2761 2415 9432 8154 3411 316 6814 2592 5090 7978 7659 2871 9242 6026 6215 2644 3628 5602 8 9043 850 9037 4013 7351 2366 2396 6036 4694 934 8115 5813 1974 146 9949 8256 6598 5527 2010 4329 7165 1236 7907 8094 2210 7406 1121 2054 1438 1244 2232 8200 2337 440 5144 334 2886 7893 3312 9029 7153 4288 1190 4914 7281 2895 9297 3854 9603 5997 7633 3852 8761 6840 4793 6427 696 3216 6280 5482 225 54 3103 3140 6435 3829 9696 2908 954
5888 7864 7405 2376 6170 4417 2558 6252 874 0 8368 6742 8095 5788 1517 2614 6061 9518 1933 2974 5585 660 4039 4830 8160 2230 7774 7152 4098 4824 8266 2830 2224 5044 6240 1959 3352 3662 5562 6544 8434 9780 6256 351 5997 6406 3584 4416 2777 7736 9895 6841 7112 1695 3039 2795 274 1690 9247 1447 5678 2356 8267 7855 7637 5923 3716 7149 3263 8774 6210 8974 9095 180 5740 4239 9984 3263 2886 2406 7238 6155 2021 9111 9510 1519 5232 5967 2427 1278 2221 3945 3096 6500 1221 236 2940 5348 5551 3543
6425 3145 6115 544 8670 107 2211 1866 3319 8368 0 2575 8557 7213 406 1936 4244 9970 7807 3594 8613 7592 1591 7310 7940 912 6356 3169 4152 6125 2200 3613 2921 8584 843 4792 3434 271 7783 214 1621 9795 5927 5234 1081 8793 9452 2182 1634 6216 3451 4682 7240 3042 2417 5241 8721 395 4742 2517 5819 4225 8720 7467 8469 1291 3721 8591 2784 4419 9141 7167 4192 6237 6746 7137 6944 9088 9128 1262 621 1083 2315 8869 6014 7099 6253 7455 708 7188 7702 8089 7470 9932 4769 2164 1481 7482 4750 2251
7098 5415 48 4880 8289 1132 7623 4531 1174 6742 2575 0 5029 8771 1746 8941 3847 7871 4526 1996 7940 4194 873 2727 3746 5754 3459 6333 6636 2983 2560 2932 1241 9216 7278 430 7925 7959 5335 3290 451 556 4105 1642 2801 8916 8742 7388 5052 8287 9638 2668 501 6306 7601 6654 6447 3786 6105 3134 7125 4321 8189 7147 9306 2343 8313 9203 7655 9715 4816 2328 3008 3974 7810 4546 4030 7604 757 5303 4791 5286 7473 3511 9904 7691 1816 5087 8603 12 7899 859 4576 5998 2736 4614 6021 5303 1309 174
7528 7610 1286 7616 8475 2646 8815 2555 2761 8095 8557 5029 0 2969 7031 8457 6487 2840 9964 2962 7326 6801 4233 7551 6663 5481 8382 7908 5511 7565 1836 6952 3460 3721 835 3197 4190 2362 8993 1265 9993 8455 7398 1985 6768 5385 5386 2038 9599 9269 9920 7232 9 4362 2316 9655 1580 1566 3040 684 2938 5683 6211 374 3489 2363 4778 4044 3567 13 3349 7866 3612 9202 8082 4346 3365 828 3780 370 4694 9792 5336 3324 6261 9235 5696 7108 8863 8378 3812 6958 3954 6023 6966 1555 1872 2104 8162 2378
3328 511 6096 5343 818 2272 7195 3751 2415 5788 7213 8771 2969 0 3421 1899 8583 4384 3744 3479 6497 7129 8814 1075 2483 7095 7090 880 9059 4885 5896 3471 967 3316 7125 9206 8701 2693 2648 8117 8355 2968 5118 7883 7481 7130 2383 8238 4652 7702 7249 7395 3361 8834 1788 8777 6767 9208 2480 4135 8094 6242 1766 8283 6218 4910 8924 2830 3403 781 5068 7341 901 5396 5183 3849 9774 8340 4911 3897 978 9736 2949 5558 8441 8560 6535 4555 4906 3995 966 4625 3952 7854 123 4914 2628 1587 9964 9484
5458 4984 1404 7925 9153 2808 4039 5712 9432 1517 406 1746 7031 3421 0 6041 4671 3458 4937 9751 5441 3474 2511 1909 1236 4146 7081 5173 4169 4961 6507 4062 9878 8254 1169 6855 4496 2629 7322 8698 3295 5633 4457 3234 9749 4179 8645 7987 145 1306 643 1149 3320 7303 7075 5782 1731 9488 5064 3881 8068 1112 1922 9157 8685 8767 3058 9819 9382 2690 2152 5649 5988 8182 9466 5967 1219 1172 8166 292 8575 8326 7917 9610 1458 7098 1513 9713 3950 8150 1711 8884 5445 315 3882 6042 8284 3288 9809 8459
9013 2108 6215 9335 3457 147 2417 5788 8154 2614 1936 8941 8457 1899 6041 0 2328 582 4083 3497 6172 2965 8027 5396 6114 8123 7904 7848 1360 4791 6094 4282 6245 3691 3178 2162 8901 2472 9496 5696 1856 5260 3173 6239 7895 5537 7659 4739 5751 483 7048 39 9715 9219 461 5209 6758 2942 8111 8107 6747 2262 9233 4493 1588 7885 4932 3442 2116 1117 2924 6948 7450 1375 3152 6104 2894 5729 5955 5166 1215 2702 2283 4152 4141 1868 5775 2009 5868 9716 1436 3966 4693 3055 5461 8647 4254 5171 7461 5071
1615 1417 6885 2314 3232 998 3073 1609 3411 6061 4244 3847 6487 8583 4671 2328 0 322 8822 229 4049 690 9427 9151 4003 4780 1283 172 9179 8630 7400 8739 3015 3581 8964 4996 6520 1717 1591 4089 5948 5494 8293 9942 7954 126 9401 8512 5792 572 5273 1569 6683 7624 6814 656 5610 6594 5870 2109 4658 7701 395 4721 7370 1965 5538 7544 4915 6339 8600 5661 4506 5495 7200 7211 6779 8378 3284 4766 6440 111 2220 5177 2934 5366 2212 2473 23 5417 3717 5435 1463 3294 8352 1640 8802 9119 6505 5246
4926 4297 8456 3057 4962 1915 969 1664 316 9518 9970 7871 2840 4384 3458 582 322 0 9289 759 9597 2205 2038 8738 1052 2721 1225 9442 5246 3572 2899 5838 9436 3559 5271 8939 66 5523 6039 4222 9452 2710 7303 394 6296 6803 9351 2518 7721 5078 9549 3335 7207 1276 6475 5006 2921 7435 8449 9694 5437 5953 6162 459 1624 5108 8969 6685 1957 7065 6286 6946 3184 5706 6919 9201 5122 3943 6086 5593 6606 492 8997 6019 8986 1184 5724 2049 2037 4620 1677 5686 6936 6018 5364 4029 8142 1970 8989 2547
5654 2715 7067 7748 9621 3683 9481 6656 6814 1933 7807 4526 9964 3744 4937 4083 8822 9289 0 2007 4847 6772 32 3048 4065 7674 8767 5924 7757 4399 7320 8609 266 8928 670 6014 9567 4232 6301 7592 8878 4875 7337 8285 1059 1685 8075 1764 732 2347 7262 6321 7653 3650 8112 1831 7232 5769 6102 9122 4750 9093 3578 1962 2432 6050 8817 5750 692 3658 64 65 5493 6691 274 5755 6542 7279 3836 7663 8522 9126 9277 3684 4284 7390 6932 3441 6021 9806 9746 4633 1325 5519 5092 6383 9525 898 6148 7294
7266 3799 515 2646 5395 379 4646 4000 2592 2974 3594 1996 2962 3479 9751 3497 229 759 2007 0 6314 9164 3789 770 4009 9773 5214 2354 5175 9070 8252 8648 8341 6204 9313 9796 9740 1139 3822 8875 8654 6800 6029 1316 7718 26 7616 253 340 1220 6651 4844 5144 4427 4579 9537 4360 1563 11 381 2366 3568 4856 5157 6531 8175 8203 1460 8476 493 5230 7841 7971 3327 3993 694 7620 8353 8560 4842 2786 2600 7560 387 6527 2065 5572 8773 2190 9382 994 6336 7895 5219 6279 9874 4337 7390 369 3335
5066 8999 6785 6212 8941 7619 1736 8760 5090 5585 8613 7940 7326 6497 5441 6172 4049 9597 4847 6314 0 535 133 5537 3643 579 1344 6887 7528 1791 8157 2181 424 3866 8609 6545 8454 5355 4157 7687 809 7620 328 250 2958 4451 6190 1369 9541 7519 2425 456 8937 951 6650 4603 4759 7170 4232 2090 9094 809 9586 8257 8766 6327 7011 7733 9000 8189 99 8303 3175 8762 2670 5497 1044 935 8796 662 8503 6954 1394 7207 9518 148 5523 7762 9993 8545 6981 2929 3828 2189 6109 3986 1494 8590 6953 3143
3447 4173 3734 6377 3429 1259 89 433 7978 660 7592 4194 6801 7129 3474 2965 690 2205 6772 9164 535 0 2116 9999 1049 2578 2396 5336 5940 7886 5588 3941 1517 1257 2684 5163 9412 3941 1489 4446 7578 436 7489 8786 3330 7816 4679 4016 2606 6302 3017 6814 7525 2201 1994 8505 1226 3872 7538 1206 160 6416 7613 2507 9192 8684 3036 2105 3588 7514 8601 3059 5057 128 7865 9351 5232 7396 2137 6170 7699 2302 1897 407 5246 7331 1489 5841 2775 7592 1478 9772 8504 8662 713 9517 3042 1596 1249 3750
636 4056 1692 1988 8871 8704 5243 6491 7659 4039 1591 873 4233 8814 2511 8027 9427 2038 32 3789 133 2116 0 7957 1962 5732 3632 111 7590 8963 1694 5512 8085 7710 2820 4140 8845 3279 9840 3740 3262 5370 1862 8337 8089 4590 7096 7544 3187 7738 6679 5152 1285 884 8672 6711 939 9149 434 7422 4766 5035 7655 6429 8529 9087 9027 6402 5820 5054 6201 1002 5984 1336 8374 1056 3701 4366 770 198 3778 2006 9611 8496 9809 946 2083 2099 6532 4961 7745 6272 8569 1871 3169 9328 6417 2593 9448 4421
7437 1894 4475 4720 8922 6398 9533 1863 2871 4830 7310 2727 7551 1075 1909 5396 9151 8738 3048 770 5537 9999 7957 0 8065 6721 5716 3872 1115 2814 5619 8582 7752 2445 6241 1082 684 942 519 907 1603 5808 4402 4670 1043 1565 5506 7703 3682 5000 4713 3078 9905 9319 7586 1085 228 8850 7708 9374 6553 7741 3561 9114 7406 7321 3951 3982 9386 2205 5284 1899 7913 8506 8274 9462 1899 4068 9369 444 356 6860 1708 6791 9836 6752 6802 8935 7882 9758 6162 9738 8872 2248 4792 2781 5491 9548 9085 2090
4435 9927 9365 4527 7920 8517 8123 1300 9242 8160 7940 3746 6663 2483 1236 6114 4003 1052 4065 4009 3643 1049 1962 8065 0 4484 9705 8447 3366 7159 4434 8890 1777 7861 3989 1577 7695 5796 8405 234 370 5336 3060 6740 9613 9765 1866 8407 1895 6685 1156 4177 4775 1598 887 1112 2269 2656 8908 8903 1268 6607 3367 1479 1391 7502 6398 3893 9649 3296 1812 3190 4734 1587 351 4454 3127 5193 4036 7446 4659 7686 4327 5711 7599 1608 509 986 7993 2999 4767 389 2537 7620 3067 5931 6623 4081 4479 6639
1080 1218 7456 3677 5319 7156 9122 6236 6026 2230 912 5754 5481 7095 4146 8123 4780 2721 7674 9773 579 2578 5732 6721 4484 0 779 3613 8421 119 8920 1946 2109 2588 9600 1370 9128 9337 9709 1854 8614 7525 4397 7012 5398 3189 8046 1731 2021 8845 2440 8537 9868 8264 8707 7114 3282 8962 2872 1329 3874 145 2866 5624 6003 9944 4965 7182 5788 3830 5930 1722 5913 8314 9040 7140 8953 5110 1820 8737 5905 4754 2716 5854 444 8193 3819 8700 8692 1064 6302 6298 2390 7386 5287 6854 1495 8844 6184 1637
6239 231 4199 2349 6754 330 367 8934 6215 7774 6356 3459 8382 7090 7081 7904 1283 1225 8767 5214 1344 2396 3632 5716 9705 779 0 9142 8473 2327 5915 895 3916 9660 5962 4849 7780 4028 4439 4286 4632 9150 5855 8079 6774 6709 6267 301 7217 6503 2171 3964 4962 4142 4317 4609 2045 1440 2824 1883 2710 9485 5937 2079 4084 400 9089 9276 9588 7325 3689 2803 6112 1547 9806 1747 1190 1922 3641 9877 9332 9316 2846 9060 6037 1726 7692 3692 4608 5592 9395 5429 2259 6558 5347 1278 4061 7242 4832 6632
2454 6022 9524 4434 3997 4502 7616 9942 2644 7152 3169 6333 7908 880 5173 7848 172 9442 5924 2354 6887 5336 111 3872 8447 3613 9142 0 1101 8771 9448 4947 4564 8131 3308 9525 8632 9 6718 4747 8802 759 9100 4483 4872 7662 7428 7687 47 7017 3667 4170 8659 5109 5030 2588 6116 6707 3391 9981 8200 2797 5658 9810 8482 9340 6185 241 3065 9373 4024 4293 6868 2138 4408 1882 7822 4579 2513 2507 8579 6879 4714 5460 6891 2194 9161 9143 5385 1427 2353 2905 7210 2341 532 5055 8768 1029 69 3081
1459 9086 595 1766 7514 4118 2373 7020 3628 4098 4152 6636 5511 9059 4169 1360 9179 5246 7757 5175 7528 5940 7590 1115 3366 8421 8473 1101 0 8421 4538 7123 8301 3638 8536 4231 8925 6575 7907 4859 2100 9598 6414 901 9523 1534 9351 4576 7757 3628 1145 429 2503 7959 63 6254 992 6328 7040 982 36 1103 5295 263 2391 282 2734 4755 3822 4930 6918 1293 1248 5702 527 7546 6325 9672 7216 1337 7577 2534 2422 7021 9849 4131 3274 1737 7561 1161 5141 1316 6786 4903 6984 7053 2466 2551 6172 5877
335 263 749 3291 5460 1482 6984 7001 5602 4824 6125 2983 7565 4885 4961 4791 8630 3572 4399 9070 1791 7886 8963 2814 7159 119 2327 8771 8421 0 2622 7518 8259 6342 2163 4053 5998 7068 6553 3626 1035 8927 951 6001 6941 2241 6856 5492 8724 4825 5986 90 4394 4772 8135 0 7266 2210 6616 989 7126 9456 5492 9423 6572 1965 8102 5893 9405 9833 9898 2690 1680 9696 3191 9007 8196 1376 2823 9966 6975 1152 2652 9816 3931 4131 5737 227 791 2484 2935 3421 8887 9194 7926 14 8834 7298 9590 5361
9611 1501 5644 1818 5146 753 6284 3387 8 8266 2200 2560 1836 5896 6507 6094 7400 2899 7320 8252 8157 5588 1694 5619 4434 8920 5915 9448 4538 2622 0 8880 2727 743 2743 4618 9158 3920 6799 5469 1445 5437 9501 3975 6588 2781 9 5164 3186 722 9074 8836 1129 6518 9492 9080 6681 514 1987 757 9758 8740 4919 3958 8937 7988 2460 8905 2796 1273 1289 1065 9314 5435 1162 9713 9892 4616 2647 4986 3701 3076 8504 2578 4375 5123 7595 7417 1916 9252 9550 3634 2418 8983 8200 6826 9680 5801 276 1621
1306 7779 1949 698 9803 4937 4181 1240 9043 2830 3613 2932 6952 3471 4062 4282 8739 5838 8609 8648 2181 3941 5512 8582 8890 1946 895 4947 7123 7518 8880 0 8352 3477 2880 3457 969 1791 6783 6859 4696 1897 8528 4698 5680 541 3438 456 9669 1813 809 6412 2041 2871 1572 9890 8005 6576 2595 8332 9937 5979 9448 9600 7805 5204 6738 4065 111 1013 308 6959 5743 8305 6075 3453 1442 9555 2823 9023 3323 7289 3475 8176 9582 4691 8792 2813 8677 699 3033 119 6783 8369 5396 2725 7716 7750 8110 9
6068 850 7291 8747 1970 7513 4519 1425 850 2224 2921 1241 3460 967 9878 6245 3015 9436 266 8341 424 1517 8085 7752 1777 2109 3916 4564 8301 8259 2727 8352 0 26 5566 3172 3410 5492 5401 6979 956 2489 808 9110 1850 3774 9890 4694 4797 984 3242 1408 7299 9258 8000 33 1139 3506 3271 7091 7839 6616 5119 5008 871 5683 3976 1892 8840 4815 3171 3115 4632 7363 9100 1524 3188 3714 6417 8245 300 530 5803 5641 7397 253 3038 9631 3161 1746 9362 8318 3834 2642 1134 2343 9681 1155 3613 8905
6573 1384 4415 2363 7997 7968 8740 3893 9037 5044 8584 9216 3721 3316 8254 3691 3581 3559 8928 6204 3866 1257 7710 2445 7861 2588 9660 8131 3638 6342 743 3477 26 0 2091 5492 568 7698 3538 9715 7285 9593 8128 6326 9860 8735 6331 4621 8752 8380 8812 3712 459 7717 2314 6338 9666 5240 9888 5518 4031 9404 613 2677 5354 4635 5291 6854 4545 1273 2886 654 3580 6179 6013 1605 2603 4945 7791 7040 6670 4069 9464 2384 6028 6693 5952 1318 4591 1675 8800 9967 4295 6587 8128 7725 3740 2149 9593 4107
7401 2584 493 3028 2954 3739 1979 326 4013 6240 843 7278 835 7125 1169 3178 8964 5271 670 9313 8609 2684 2820 6241 3989 9600 5962 3308 8536 2163 2743 2880 5566 2091 0 4941 2384 3587 9608 2547 9408 7364 8347 9692 4622 5218 249 6614 1120 9071 9721 751 5032 9107 3812 1133 3841 346 7941 2276 5714 5992 1777 5152 5369 7609 6967 6900 9299 7288 6115 2826 9468 7203 9074 6171 3466 9845 4173 8477 2175 3348 1157 7286 1009 3105 79 5213 9078 4365 6460 8021 3723 3799 1323 2232 3159 4718 6217 9346
7705 2186 7488 9348 1211 5311 6797 7761 7351 1959 4792 430 3197 9206 6855 2162 4996 8939 6014 9796 6545 5163 4140 1082 1577 1370 4849 9525 4231 4053 4618 3457 3172 5492 4941 0 1599 4557 1469 993 5063 8200 6038 8498 6807 3606 9861 1031 4486 7541 6558 663 8752 4027 6301 6257 7285 5149 1870 3706 4473 495 9650 4302 277 5788 5473 6729 1547 1619 5573 5522 1992 8930 1280 1756 2624 3510 3250 9319 7400 4508 3721 8947 3971 8908 819 9972 6 9287 8735 4949 3260 1306 5733 7299 9116 4999 9208 7355
5057 549 4718 803 3234 8765 8965 2807 2366 3352 3434 7925 4190 8701 4496 8901 6520 66 9567 9740 8454 9412 8845 684 7695 9128 7780 8632 8925 5998 9158 969 3410 568 2384 1599 0 997 2656 7590 6654 949 7055 3014 3601 9007 3529 5375 5312 9270 3454 128 8669 9331 9567 5966 763 3891 425 1113 5706 3857 938 26 5668 3308 7922 8848 2897 8082 7464 3263 6953 7026 2189 7070 1918 6740 3646 8611 6277 7159 1849 3397 1426 5834 5422 4235 6452 9710 9353 6663 6657 9967 1826 2340 2674 7656 2761 2240
18 303 7807 6351 4357 4613 8000 8550 2396 3662 271 7959 2362 2693 2629 2472 1717 5523 4232 1139 5355 3941 3279 942 5796 9337 4028 9 6575 7068 3920 1791 5492 7698 3587 4557 997 0 8278 2829 6700 6246 3643 996 1536 2521 4512 2852 7084 790 2484 8323 1072 5333 7236 2575 9069 8486 7370 1497 2240 9942 5927 1400 2432 1925 6901 4628 1391 7595 7258 8758 5766 3206 9495 2775 8177 1472 6693 7553 3805 6379 211 4373 4882 4492 1521 3707 7657 5916 8070 645 5389 6978 8259 6117 3543 2841 8968 3208
4387 357 3698 5287 4534 8065 6637 7597 6036 5562 7783 5335 8993 2648 7322 9496 1591 6039 6301 3822 4157 1489 9840 519 8405 9709 4439 6718 7907 6553 6799 6783 5401 3538 9608 1469 2656 8278 0 8652 614 8383 2309 8083 477 9741 3818 7631 520 963 8289 3783 2659 3687 6312 9317 3604 4503 545 8281 6608 6888 3609 2477 512 1988 4275 391 5282 5826 4896 2853 7943 5404 4322 1542 5769 7137 2752 6878 2123 2661 1388 2756 326 271 4209 2192 1807 3 2585 3612 666 1173 8952 1637 2147 1303 3298 9893
6467 2566 1749 6940 5175 7877 1171 5936 4694 6544 214 3290 1265 8117 8698 5696 4089 4222 7592 8875 7687 4446 3740 907 234 1854 4286 4747 4859 3626 5469 6859 6979 9715 2547 993 7590 2829 8652 0 6313 4102 6641 1476 6267 5194 3191 8314 9099 1912 8846 4853 8630 1815 9091 8216 512 1627 8955 2761 8095 1891 5416 477 6835 679 6011 5652 1754 4011 956 2415 2619 8317 5951 2574 6244 6856 6776 6696 6948 1103 4532 3376 3902 8726 37 2243 527 4725 6691 9712 350 5143 3807 4060 2374 2658 1265 8516
9851 568 8627 7560 7458 2315 4091 7665 934 8434 1621 451 9993 8355 3295 1856 5948 9452 8878 8654 809 7578 3262 1603 370 8614 4632 8802 2100 1035 1445 4696 956 7285 9408 5063 6654 6700 614 6313 0 2205 1429 8418 3455 1238 5413 5517 7674 5736 3309 3563 6284 3413 8534 8463 1875 1941 1303 7821 7477 4303 5285 7348 9722 1121 8442 8298 2295 5494 8613 7274 3998 335 4172 5132 372 6427 510 4856 4243 2991 3167 4110 6694 5805 189 4720 9315 7497 5898 7259 4478 6730 1825 7521 7106 5839 6402 2888
5772 4939 2095 4885 53 954 4060 4821 8115 9780 9795 556 8455 2968 5633 5260 5494 2710 4875 6800 7620 436 5370 5808 5336 7525 9150 759 9598 8927 5437 1897 2489 9593 7364 8200 949 6246 8383 4102 2205 0 5744 3456 1243 9185 4053 7135 4918 8969 4016 2301 123 1740 2716 5166 4729 164 2890 144 8231 864 4161 2092 715 9921 938 4902 5076 6795 4789 6151 200 3349 335 5743 7530 1350 6844 6576 2312 4167 9956 774 5392 1041 4555 8013 2818 6836 3118 7927 5674 7911 854 5226 3226 7988 8122 4501
4344 1307 867 3461 5748 4082 8615 5939 5813 6256 5927 4105 7398 5118 4457 3173 8293 7303 7337 6029 328 7489 1862 4402 3060 4397 5855 9100 6414 951 9501 8528 808 8128 8347 6038 7055 3643 2309 6641 1429 5744 0 7281 7928 2282 1548 7923 3500 3674 2166 5240 3144 5896 7291 9017 6942 6936 2781 5973 2285 9423 719 179 4333 7460 5447 4154 4254 3091 812 8651 2813 4006 5904 4682 5055 1080 5279 1168 1675 8477 7858 9622 8218 4549 6751 2766 5511 3841 591 7309 9772 4937 4701 216 4195 637 6574 6572
7921 4056 1683 8713 7920 2896 5029 6324 1974 351 5234 1642 1985 7883 3234 6239 9942 394 8285 1316 250 8786 8337 4670 6740 7012 8079 4483 901 6001 3975 4698 9110 6326 9692 8498 3014 996 8083 1476 8418 3456 7281 0 6097 8735 3090 2160 2477 2280 2647 663 8713 8554 3416 8907 2893 2711 5543 6095 3665 9463 346 6496 8935 2934 3634 2452 2954 131 7292 5281 2978 4112 618 6487 4953 8308 5030 8027 5794 3692 3963 6518 2405 8301 9923 2902 7718 9699 8893 8783 2278 121 4613 9236 8510 2468 2727 5913
8508 2969 7532 2884 8811 8414 9684 5120 146 5997 1081 2801 6768 7481 9749 7895 7954 6296 1059 7718 2958 3330 8089 1043 9613 5398 6774 4872 9523 6941 6588 5680 1850 9860 4622 6807 3601 1536 477 6267 3455 1243 7928 6097 0 1041 5373 2969 7067 544 6619 9220 4644 5653 4373 5511 2789 4297 9697 5716 7131 5286 959 1668 1847 4668 6609 8143 5616 9427 5652 574 5764 860 7781 5149 4597 8265 5893 2517 6689 4604 2325 6368 5061 4785 8615 9896 5482 3546 5091 4316 8585 4018 4883 7361 9004 1184 8146 2367
8652 5578 447 7761 87 5621 9979 3032 9949 6406 8793 8916 5385 7130 4179 5537 126 6803 1685 26 4451 7816 4590 1565 9765 3189 6709 7662 1534 2241 2781 541 3774 8735 5218 3606 9007 2521 9741 5194 1238 9185 2282 8735 1041 0 1890 2983 5549 8718 4295 3791 4145 1359 8622 9894 4835 5681 8496 2954 2287 2785 5201 213 220 309 3435 4718 3141 5047 8971 1020 2598 2925 4777 366 3999 5471 9284 4689 5989 9908 8009 830 1455 7357 7176 6043 2687 8315 6075 6937 8267 3119 7008 588 1395 1098 9777 9891
789 6871 3810 3297 3680 3732 5285 5260 8256 3584 9452 8742 5386 2383 8645 7659 9401 9351 8075 7616 6190 4679 7096 5506 1866 8046 6267 7428 9351 6856 9 3438 9890 6331 249 9861 3529 4512 3818 3191 5413 4053 1548 3090 5373 1890 0 8496 1452 9236 9880 194 8389 621 8103 9566 5126 9207 3034 436 8343 5478 3082 6058 5631 942 457 2747 4018 3863 5766 1922 1243 6511 7699 9549 6787 882 9057 9155 1865 8234 2264 9480 2884 2988 1043 9571 6587 3762 9943 1713 4858 8558 3935 4930 6666 3611 5604 9694
1409 2947 5132 5585 2829 5562 4175 4736 6598 4416 2182 7388 2038 8238 7987 4739 8512 2518 1764 253 1369 4016 7544 7703 8407 1731 301 7687 4576 5492 5164 456 4694 4621 6614 1031 5375 2852 7631 8314 5517 7135 7923 2160 2969 2983 8496 0 3644 7512 8279 2733 5094 7910 5407 1913 1326 6755 4765 9457 7903 8926 1007 7327 8289 9191 1404 3991 2996 496 9301 7713 3927 2320 7733 1335 8061 7853 8851 1613 2201 9409 8195 4832 3610 2636 9726 7523 8884 1190 6696 9175 7435 920 6288 9784 9474 5951 3145 1984
721 4844 8874 5473 9802 9440 8817 1395 5527 2777 1634 5052 9599 4652 145 5751 5792 7721 732 340 9541 2606 3187 3682 1895 2021 7217 47 7757 8724 3186 9669 4797 8752 1120 4486 5312 7084 520 9099 7674 4918 3500 2477 7067 5549 1452 3644 0 5473 776 3256 6327 6594 5086 4260 6692 4829 3823 5210 4462 44 6165 6507 8461 8252 1156 1495 7443 7205 5006 1853 7470 7270 6776 6254 9854 318 1114 259 652 7301 1828 4983 2732 9830 2460 9766 9990 9871 3434 212 2550 5655 9413 5633 8883 6045 6659 8657
4514 8917 2712 7291 6424 2591 7153 2412 2010 7736 6216 8287 9269 7702 1306 483 572 5078 2347 1220 7519 6302 7738 5000 6685 8845 6503 7017 3628 4825 722 1813 984 8380 9071 7541 9270 790 963 1912 5736 8969 3674 2280 544 8718 9236 7512 5473 0 1748 7124 7591 9631 2883 9541 7118 4669 7745 2962 2943 4724 3654 4737 7357 3009 9741 1475 8228 4842 2140 4772 5165 3472 2162 1491 2014 7291 389 8263 5733 9943 5154 1392 9227 357 6659 3822 8889 884 2012 2776 2820 8542 4838 9417 8200 9987 7892 505
5465 9494 8182 217 9878 2437 8371 7928 4329 9895 3451 9638 9920 7249 643 7048 5273 9549 7262 6651 2425 3017 6679 4713 1156 2440 2171 3667 1145 5986 9074 809 3242 8812 9721 6558 3454 2484 8289 8846 3309 4016 2166 2647 6619 4295 9880 8279 776 1748 0 5117 5324 3748 4112 4313 680 2679 1098 9973 8077 5153 466 813 5510 6942 7453 6307 8639 9436 4138 5186 6781 4643 2387 3006 6144 6383 6762 3344 8231 3553 428 7361 1049 9402 690 1947 9163 9048 2618 238 3869 2606 4925 9359 7211 9760 5543 9091
9675 9410 290 8063 1230 7607 2250 7756 7165 6841 4682 2668 7232 7395 1149 39 1569 3335 6321 4844 456 6814 5152 3078 4177 8537 3964 4170 429 90 8836 6412 1408 3712 751 663 128 8323 3783 4853 3563 2301 5240 663 9220 3791 194 2733 3256 7124 5117 0 7805 3760 1836 3314 6021 7411 7009 9271 3990 1387 8971 995 2049 3015 5174 7287 9236 8583 4129 3275 3629 1416 8091 6376 7617 3333 9430 8260 3553 3755 3013 2013 2593 3307 7221 1296 671 1779 7889 3997 7619 6464 8630 853 8647 6555 3156 2538
8078 7236 7886 6008 3651 1706 7077 171 1236 7112 7240 501 9 3361 3320 9715 6683 7207 7653 5144 8937 7525 1285 9905 4775 9868 4962 8659 2503 4394 1129 2041 7299 459 5032 8752 8669 1072 2659 8630 6284 123 3144 8713 4644 4145 8389 5094 6327 7591 5324 7805 0 1314 4926 9383 1398 3994 4883 5514 2473 4617 237 6328 2314 4525 3262 6582 6096 9314 9138 8735 8707 3012 274 9875 6989 6132 9035 5797 1642 6112 58 8680 8573 4234 2033 5244 4469 9266 7771 4719 4304 8528 1394 2900 8493 1228 8533 1644
9098 838 593 6358 9627 5578 9366 6231 7907 1695 3042 6306 4362 8834 7303 9219 7624 1276 3650 4427 951 2201 884 9319 1598 8264 4142 5109 7959 4772 6518 2871 9258 7717 9107 4027 9331 5333 3687 1815 3413 1740 5896 8554 5653 1359 621 7910 6594 9631 3748 3760 1314 0 2232 7533 2715 728 2253 589 4037 2804 7297 3719 272 9585 2133 8752 9060 1455 107 9830 2130 492 6802 586 4206 8797 6579 9649 3398 8520 729 6056 495 2665 9440 2825 5645 842 9053 8853 3590 2261 2913 5995 1477 1892 4396 7436
5265 1141 3817 4610 6829 1783 7189 5521 8094 3039 2417 7601 2316 1788 7075 461 6814 6475 8112 4579 6650 1994 8672 7586 887 8707 4317 5030 63 8135 9492 1572 8000 2314 3812 6301 9567 7236 6312 9091 8534 2716 7291 3416 4373 8622 8103 5407 5086 2883 4112 1836 4926 2232 0 9898 8481 1841 2456 1873 73 3058 2031 6330 2329 2183 1273 6351 6351 4254 8487 2149 3074 9399 3409 4867 8852 9308 2303 4472 3794 9488 4368 9494 7477 6348 5789 6871 1835 4900 6553 7431 7473 6120 5111 4739 3612 9917 242 7846
2204 104 9392 9300 2406 679 6027 6149 2210 2795 5241 6654 9655 8777 5782 5209 656 5006 1831 9537 4603 8505 6711 1085 1112 7114 4609 2588 6254 0 9080 9890 33 6338 1133 6257 5966 2575 9317 8216 8463 5166 9017 8907 5511 9894 9566 1913 4260 9541 4313 3314 9383 7533 9898 0 7196 8698 2331 1600 9428 830 2455 4901 6935 989 3034 6141 488 5438 1099 8890 132 7869 6740 654 5046 970 4517 2347 6346 8205 675 8442 2739 4974 6888 4411 6946 3220 6338 300 6684 629 2184 2536 2558 9038 2591 4591
6933 339 9066 5826 24 227 5738 3523 7406 274 8721 6447 1580 6767 1731 6758 5610 2921 7232 4360 4759 1226 939 228 2269 3282 2045 6116 992 7266 6681 8005 1139 9666 3841 7285 763 9069 3604 512 1875 4729 6942 2893 2789 4835 5126 1326 6692 7118 680 6021 1398 2715 8481 7196 0 1219 481 8151 2069 4938 1968 1330 4824 3937 4203 9092 1676 9749 5276 9415 9468 1357 4097 6198 7017 8252 8069 2983 8572 3860 2990 8915 3712 5447 6212 5192 8126 722 5940 961 4452 7172 6008 8369 5291 6424 9207 7520
4402 7004 440 5428 6780 7472 3155 9667 1121 1690 395 3786 1566 9208 9488 2942 6594 7435 5769 1563 7170 3872 9149 8850 2656 8962 1440 6707 6328 2210 514 6576 3506 5240 346 5149 3891 8486 4503 1627 1941 164 6936 2711 4297 5681 9207 6755 4829 4669 2679 7411 3994 728 1841 8698 1219 0 8477 9286 9742 7523 134 13 3122 5326 7134 8430 6666 1796 8978 7361 9373 2290 1504 8544 7478 3981 906 318 3601 6899 2486 1595 1127 8758 5435 8613 917 7675 6840 5438 3467 9619 2589 9626 4923 6144 8716 323
1029 7705 5978 1137 8741 2206 5629 4527 2054 9247 4742 6105 3040 2480 5064 8111 5870 8449 6102 11 4232 7538 434 7708 8908 2872 2824 3391 7040 6616 1987 2595 3271 9888 7941 1870 425 7370 545 8955 1303 2890 2781 5543 9697 8496 3034 4765 3823 7745 1098 7009 4883 2253 2456 2331 481 8477 0 1590 8472 1508 6605 2435 6823 2843 642 1700 8853 6278 9374 833 9516 2814 8553 5739 4933 5325 5938 7980 5148 182 6842 2802 8154 484 4236 833 557 8243 9882 6677 4566 9808 5365 9182 9185 195 1917 251
7940 3247 5358 8530 3755 9088 4312 1313 1438 1447 2517 3134 684 4135 3881 8107 2109 9694 9122 381 2090 1206 7422 9374 8903 1329 1883 9981 982 989 757 8332 7091 5518 2276 3706 1113 1497 8281 2761 7821 144 5973 6095 5716 2954 436 9457 5210 2962 9973 9271 5514 589 1873 1600 8151 9286 1590 0 5487 4874 6843 3409 1600 5300 2166 121 8485 2250 8688 1532 2307 1385 6893 2586 4946 5476 3216 9516 2790 1276 6590 977 8067 3054 1426 9059 4010 536 4337 5944 9806 1813 2458 8377 28 4812 8121 9422
1707 8143 5788 3510 7693 7138 8616 5024 1244 5678 5819 7125 2938 8094 8068 6747 4658 5437 4750 2366 9094 160 4766 6553 1268 3874 2710 8200 36 7126 9758 9937 7839 4031 5714 4473 5706 2240 6608 8095 7477 8231 2285 3665 7131 2287 8343 7903 4462 2943 8077 3990 2473 4037 73 9428 2069 9742 8472 5487 0 881 9226 3017 9460 4141 2858 1783 1533 4528 9053 5585 7179 4366 2996 9361 8452 5208 2521 4844 292 9275 2235 3301 4707 3034 3558 4590 4264 6160 5215 9710 3296 3293 9723 397 2665 6673 8792 6145
9573 6456 8875 1170 3414 14 4975 3374 2232 2356 4225 4321 5683 6242 1112 2262 7701 5953 9093 3568 809 6416 5035 7741 6607 145 9485 2797 1103 9456 8740 5979 6616 9404 5992 495 3857 9942 6888 1891 4303 864 9423 9463 5286 2785 5478 8926 44 4724 5153 1387 4617 2804 3058 830 4938 7523 1508 4874 881 0 6931 3342 7996 115 5575 5995 2711 3 6756 589 6657 9607 8637 4545 8179 1296 154 1736 6850 6684 3318 3833 6935 6273 3588 4152 2634 4345 6881 4421 2779 9333 7903 3328 4805 1121 1988 1799
2103 203 7865 519 8292 1380 176 7942 8200 8267 8720 8189 6211 1766 1922 9233 395 6162 3578 4856 9586 7613 7655 3561 3367 2866 5937 5658 5295 5492 4919 9448 5119 613 1777 9650 938 5927 3609 5416 5285 4161 719 346 959 5201 3082 1007 6165 3654 466 8971 237 7297 2031 2455 1968 134 6605 6843 9226 6931 0 9024 2846 4805 6473 6855 3590 8728 170 4148 2761 855 9232 5990 9820 1511 5871 5472 8042 4948 40 2916 7721 260 9282 9878 3214 8866 9396 5300 1117 1618 6253 2611 1195 5751 2431 6779
7870 9357 53 5078 7042 1779 3508 9459 2337 7855 7467 7147 374 8283 9157 4493 4721 459 1962 5157 8257 2507 6429 9114 1479 5624 2079 9810 263 9423 3958 9600 5008 2677 5152 4302 26 1400 2477 477 7348 2092 179 6496 1668 213 6058 7327 6507 4737 813 995 6328 3719 6330 4901 1330 13 2435 3409 3017 3342 9024 0 6682 5399 3002 5733 6723 2347 8288 2045 8224 9381 2791 6015 1882 9047 9881 2012 6573 2188 2004 8544 1782 2099 2237 1990 3542 9650 3416 561 9312 9886 7870 6093 7869 2052 9535 8239
6482 3256 8705 864 4967 4678 9016 9163 440 7637 8469 9306 3489 6218 8685 1588 7370 1624 2432 6531 8766 9192 8529 7406 1391 6003 4084 8482 2391 6572 8937 7805 871 5354 5369 277 5668 2432 512 6835 9722 715 4333 8935 1847 220 5631 8289 8461 7357 5510 2049 2314 272 2329 6935 4824 3122 6823 1600 9460 7996 2846 6682 0 4956 7559 8394 5410 8233 6724 8813 7829 1218 5082 5655 5128 9769 4680 6714 9936 9571 1034 397 7480 2631 9874 3931 3574 5450 9713 2086 4563 5776 9489 5284 663 5720 6036 9720
1675 7320 6327 1897 9564 41 6955 2667 5144 5923 1291 2343 2363 4910 8767 7885 1965 5108 6050 8175 6327 8684 9087 7321 7502 9944 400 9340 282 1965 7988 5204 5683 4635 7609 5788 3308 1925 1988 679 1121 9921 7460 2934 4668 309 942 9191 8252 3009 6942 3015 4525 9585 2183 989 3937 5326 2843 5300 4141 115 4805 5399 4956 0 3919 7873 1481 9325 9538 6559 7976 4708 6903 2820 4000 525 599 9130 4604 3577 3658 9838 413 7980 72 5217 8803 3128 1047 1475 1239 2519 8053 7073 8941 7821 181 8784
5913 3773 8549 1972 7604 685 5420 9876 334 3716 3721 8313 4778 8924 3058 4932 5538 8969 8817 8203 7011 3036 9027 3951 6398 4965 9089 6185 2734 8102 2460 6738 3976 5291 6967 5473 7922 6901 4275 6011 8442 938 5447 3634 6609 3435 457 1404 1156 9741 7453 5174 3262 2133 1273 3034 4203 7134 642 2166 2858 5575 6473 3002 7559 3919 0 1875 3984 3250 4445 6493 6949 4648 9055 267 2935 3490 371 388 4529 8313 6501 7517 3780 1944 9441 7717 1174 6429 1440 6358 2458 3609 3656 9723 8281 7015 9386 8303
8412 7222 236 2545 2943 6471 371 6320 2886 7149 8591 9203 4044 2830 9819 3442 7544 6685 5750 1460 7733 2105 6402 3982 3893 7182 9276 241 4755 5893 8905 4065 1892 6854 6900 6729 8848 4628 391 5652 8298 4902 4154 2452 8143 4718 2747 3991 1495 1475 6307 7287 6582 8752 6351 6141 9092 8430 1700 121 1783 5995 6855 5733 8394 7873 1875 0 8683 3859 7653 6460 9657 104 6198 2400 1646 6482 6476 4871 6745 8732 876 9707 3394 35 1741 9326 8143 5929 4791 8154 7887 2421 2217 8897 1671 9727 5556 669
1321 2659 4498 9821 7869 9275 4957 7614 7893 3263 2784 7655 3567 3403 9382 2116 4915 1957 692 8476 9000 3588 5820 9386 9649 5788 9588 3065 3822 9405 2796 111 8840 4545 9299 1547 2897 1391 5282 1754 2295 5076 4254 2954 5616 3141 4018 2996 7443 8228 8639 9236 6096 9060 6351 488 1676 6666 8853 8485 1533 2711 3590 6723 5410 1481 3984 8683 0 4256 4899 722 4686 7402 3555 8954 5286 9135 5570 6292 2164 3463 9103 2997 3416 8568 277 888 6772 9160 4559 5432 8827 547 8359 163 7280 238 3291 436
2701 152 8390 9533 3509 9343 6729 479 3312 8774 4419 9715 13 781 2690 1117 6339 7065 3658 493 8189 7514 5054 2205 3296 3830 7325 9373 4930 9833 1273 1013 4815 1273 7288 1619 8082 7595 5826 4011 5494 6795 3091 131 9427 5047 3863 496 7205 4842 9436 8583 9314 1455 4254 5438 9749 1796 6278 2250 4528 3 8728 2347 8233 9325 3250 3859 4256 0 6658 3756 4401 752 9472 9623 1880 6755 1652 7947 1072 846 7796 3983 7701 8601 1134 2988 3397 4251 7440 6779 8224 8377 9391 8278 4177 5158 8269 4595
8098 5494 8807 2681 4867 4590 9945 4546 9029 6210 9141 4816 3349 5068 2152 2924 8600 6286 64 5230 99 8601 6201 5284 1812 5930 3689 4024 6918 9898 1289 308 3171 2886 6115 5573 7464 7258 4896 956 8613 4789 812 7292 5652 8971 5766 9301 5006 2140 4138 4129 9138 107 8487 1099 5276 8978 9374 8688 9053 6756 170 8288 6724 9538 4445 7653 4899 6658 0 5850 4643 3640 9660 3714 644 9997 4858 3504 9115 7987 7048 9940 1638 995 6652 2900 3199 7899 1360 9030 8404 3527 7293 5914 2412 8651 2688 239
5202 6262 7565 57 8126 4045 9420 9592 7153 8974 7167 2328 7866 7341 5649 6948 5661 6946 65 7841 8303 3059 1002 1899 3190 1722 2803 4293 1293 2690 1065 6959 3115 654 2826 5522 3263 8758 2853 2415 7274 6151 8651 5281 574 1020 1922 7713 1853 4772 5186 3275 8735 9830 2149 8890 9415 7361 833 1532 5585 589 4148 2045 8813 6559 6493 6460 722 3756 5850 0 688 3042 9850 1065 5810 1428 2764 8200 6544 5620 1819 5341 5773 7736 1618 4602 5716 5855 8320 4815 7149 5150 5298 2454 9824 5949 3151 2737
2721 530 6584 4389 813 3163 6252 5610 4288 9095 4192 3008 3612 901 5988 7450 4506 3184 5493 7971 3175 5057 5984 7913 4734 5913 6112 6868 1248 1680 9314 5743 4632 3580 9468 1992 6953 5766 7943 2619 3998 200 2813 2978 5764 2598 1243 3927 7470 5165 6781 3629 8707 2130 3074 132 9468 9373 9516 2307 7179 6657 2761 8224 7829 7976 6949 9657 4686 4401 4643 688 0 7644 7024 4629 3537 9871 5601 8085 6858 2529 7676 3844 5200 1798 5848 1919 4504 5501 5744 5284 7166 5954 2736 5373 2830 9787 7947 9058
141 6696 4425 9330 8990 7677 3598 1128 1190 180 6237 3974 9202 5396 8182 1375 5495 5706 6691 3327 8762 128 1336 8506 1587 8314 1547 2138 5702 9696 5435 8305 7363 6179 7203 8930 7026 3206 5404 8317 335 3349 4006 4112 860 2925 6511 2320 7270 3472 4643 1416 3012 492 9399 7869 1357 2290 2814 1385 4366 9607 855 9381 1218 4708 4648 104 7402 752 3640 3042 7644 0 4748 5926 987 7853 2102 3231 2847 2004 6905 5243 9661 4893 6257 6980 385 8353 8816 7697 56 9997 1017 121 8415 5763 4837 9483
4284 7058 2610 2427 315 7767 7785 1883 4914 5740 6746 7810 8082 5183 9466 3152 7200 6919 274 3993 2670 7865 8374 8274 351 9040 9806 4408 527 3191 1162 6075 9100 6013 9074 1280 2189 9495 4322 5951 4172 335 5904 618 7781 4777 7699 7733 6776 2162 2387 8091 274 6802 3409 6740 4097 1504 8553 6893 2996 8637 9232 2791 5082 6903 9055 6198 3555 9472 9660 9850 7024 4748 0 1954 8239 6571 7777 785 7833 4278 5646 297 7849 1249 6005 2385 9545 2168 9906 7652 6521 29 5491 7646 3798 8007 1763 5563
2747 8790 2566 2357 5058 815 5552 3374 7281 4239 7137 4546 4346 3849 5967 6104 7211 9201 5755 694 5497 9351 1056 9462 4454 7140 1747 1882 7546 9007 9713 3453 1524 1605 6171 1756 7070 2775 1542 2574 5132 5743 4682 6487 5149 366 9549 1335 6254 1491 3006 6376 9875 586 4867 654 6198 8544 5739 2586 9361 4545 5990 6015 5655 2820 267 2400 8954 9623 3714 1065 4629 5926 1954 0 4473 8746 4096 5754 7236 8795 7531 8107 9441 6503 9983 2050 5953 1772 4476 6205 8322 6914 5344 2272 1001 8151 1384 5211
3973 1967 8478 8568 8100 157 3870 4341 2895 9984 6944 4030 3365 9774 1219 2894 6779 5122 6542 7620 1044 5232 3701 1899 3127 8953 1190 7822 6325 8196 9892 1442 3188 2603 3466 2624 1918 8177 5769 6244 372 7530 5055 4953 4597 3999 6787 8061 9854 2014 6144 7617 6989 4206 8852 5046 7017 7478 4933 4946 8452 8179 9820 1882 5128 4000 2935 1646 5286 1880 644 5810 3537 987 8239 4473 0 5917 8119 3356 3975 9143 3607 6248 9337 8670 6396 1346 8654 8681 6956 2682 5198 5298 2812 8010 6192 7415 8022 3211
1403 7959 1512 6631 5336 2273 1205 886 9297 3263 9088 7604 828 8340 1172 5729 8378 3943 7279 8353 935 7396 4366 4068 5193 5110 1922 4579 9672 1376 4616 9555 3714 4945 9845 3510 6740 1472 7137 6856 6427 1350 1080 8308 8265 5471 882 7853 318 7291 6383 3333 6132 8797 9308 970 8252 3981 5325 5476 5208 1296 1511 9047 9769 525 3490 6482 9135 6755 9997 1428 9871 7853 6571 8746 5917 0 2448 215 7033 3119 631 5435 8066 8673 3984 5583 6101 617 6094 8901 8452 59 4241 7179 3824 4137 6157 97
9678 8772 9676 9349 4365 4381 4416 8666 3854 2886 9128 757 3780 4911 8166 5955 3284 6086 3836 8560 8796 2137 770 9369 4036 1820 3641 2513 7216 2823 2647 2823 6417 7791 4173 3250 3646 6693 2752 6776 510 6844 5279 5030 5893 9284 9057 8851 1114 389 6762 9430 9035 6579 2303 4517 8069 906 5938 3216 2521 154 5871 9881 4680 599 371 6476 5570 1652 4858 2764 5601 2102 7777 4096 8119 2448 0 3167 4920 9854 3560 5027 3536 1435 6936 552 6095 4017 3530 2315 883 1470 8918 8269 6323 3848 3957 2019
5496 9434 9338 6193 1482 8601 5801 5335 9603 2406 1262 5303 370 3897 292 5166 4766 5593 7663 4842 662 6170 198 444 7446 8737 9877 2507 1337 9966 4986 9023 8245 7040 8477 9319 8611 7553 6878 6696 4856 6576 1168 8027 2517 4689 9155 1613 259 8263 3344 8260 5797 9649 4472 2347 2983 318 7980 9516 4844 1736 5472 2012 6714 9130 388 4871 6292 7947 3504 8200 8085 3231 785 5754 3356 215 3167 0 5254 94 8756 9298 9461 2930 8560 5833 4522 7706 2242 128 8657 9208 5515 734 5454 688 6733 9067
9288 3758 985 8055 2891 8840 5117 3249 5997 7238 621 4791 4694 978 8575 1215 6440 6606 8522 2786 8503 7699 3778 356 4659 5905 9332 8579 7577 6975 3701 3323 300 6670 2175 7400 6277 3805 2123 6948 4243 2312 1675 5794 6689 5989 1865 2201 652 5733 8231 3553 1642 3398 3794 6346 8572 3601 5148 2790 292 6850 8042 6573 9936 4604 4529 6745 2164 1072 9115 6544 6858 2847 7833 7236 3975 7033 4920 5254 0 4250 2802 3347 9441 6441 3890 4563 5738 875 6147 4505 2704 578 57 1685 5178 87 7183 8820
14 3149 1166 8812 5125 9897 3659 4574 7633 6155 1083 5286 9792 9736 8326 2702 111 492 9126 2600 6954 2302 2006 6860 7686 4754 9316 6879 2534 1152 3076 7289 530 4069 3348 4508 7159 6379 2661 1103 2991 4167 8477 3692 4604 9908 8234 9409 7301 9943 3553 3755 6112 8520 9488 8205 3860 6899 182 1276 9275 6684 4948 2188 9571 3577 8313 8732 3463 846 7987 5620 2529 2004 4278 8795 9143 3119 9854 94 4250 0 4666 5134 989 6522 4071 626 2953 1057 2239 5284 4944 2534 5235 1194 2320 83 1374 7269
