300
0 3613 2909 7792 399 6916 8629 8532 4663 1797 4647 723 728 6703 1409 277 2934 1954 400 4807 2159 4518 1315 4861 4498 9856 7424 4429 5829 1210 3236 5145 949 1980 3547 162 4173 5377 8450 4826 6490 7988 4010 9364 4288 8681 6408 6094 9911 2051 3145 4246 7597 3823 7624 7746 4391 8358 3057 4147 5222 9562 5971 5890 3213 5748 7626 2786 3973 8149 3675 2720 3059 6618 4379 3885 5283 5875 6930 5030 5652 6945 6279 7776 2330 7899 3241 7796 2404 5973 2273 3817 9652 4547 2860 6486 927 3657 9678 24 5275 7793 9311 2596 8882 3977 3771 2638 6629 9365 2152 1582 6802 4989 6400 8834 5520 2721 6127 6363 431 1867 4993 2237 4817 2766 9632 4829 9859 8064 8173 9388 4728 1350 7620 7179 4275 8374 1011 6411 7700 3158 477 8117 3413 1051 5061 600 4977 6866 3751 3211 4760 4202 4751 2492 2746 2316 1183 1306 982 6289 4602 882 4082 6502 3534 7039 3756 2510 1323 4352 632 3981 7089 9813 9420 75 1720 4333 2432 5204 8394 567 9030 9460 847 8834 1652 8990 2315 2951 8034 9193 5417 3860 6013 3856 7790 1851 9213 5149 8892 4526 2671 8524 8076 7503 5583 9477 5657 3865 2812 5543 4149 431 3741 9082 1806 11 7919 4813 7163 3746 5637 770 2392 4539 4749 4273 5060 6675 3520 7839 6082 4250 1140 1017 9776 2774 2015 6562 7138 7060 9472 6717 4639 4397 7395 6435 7323 844 5415 1814 4527 4194 1808 9819 2506 4336 5520 8763 4637 7957 3265 4250 7462 7766 9466 787 8062 5163 9411 1802 5456 2362 9339 9078 4455 5370 3075 1587 1543 3104 1201 2830 81 4914 9871 4990 3478 8272 2906 7582 5521 5089 6957 2271 3995 4514
3613 0 960 5402 8618 1591 5857 6382 4435 5682 3591 8919 954 6279 6605 4548 226 4356 9623 5724 5042 2823 2655 4028 5430 3667 819 8032 6913 5466 1697 6857 9494 1482 6571 5769 5956 7045 8756 2991 2444 1616 5896 916 2496 4342 9908 4724 2605 3961 3099 9852 1760 5052 5610 6193 1277 7824 576 8190 9873 2088 1687 8448 2626 7088 172 3932 677 3564 9094 5957 6805 1384 263 5433 69 8507 1124 6133 3124 2703 5523 4089 8383 9198 5917 7949 8391 4765 1246 3159 7350 7312 9145 8845 8585 4029 4306 4960 852 6101 2875 1233 5358 5271 332 493 5687 6093 9864 5451 6491 3470 8591 7462 7137 9429 7257 1889 7190 1505 1680 8093 8223 2586 1857 3953 7941 3373 4707 2807 5815 3030 4433 9375 5458 3254 3358 3573 123 5636 5882 6838 8485 8444 4459 4984 9184 3556 9032 993 1936 3690 3842 5844 2029 6306 3273 3495 9290 9381 5520 8614 5897 3556 8139 9414 6321 3507 1940 6314 4550 1039 3363 3408 4136 8289 3147 6247 8155 2843 1414 7857 966 2033 8164 6053 2410 6582 9218 8898 2729 6483 7792 9791 1797 7849 3530 2603 6594 688 2849 507 2869 8858 17 3442 8630 291 17 1022 8988 6655 6826 9214 2034 9748 3286 6122 4048 4096 1331 2679 6361 4377 9853 3301 2554 3719 9231 3950 9915 6876 3371 2891 8153 5478 993 4708 9225 1139 9838 1439 1298 6664 3252 9333 4486 8425 3467 5544 5746 2794 9878 9895 8448 5093 3046 2368 313 1202 800 799 5602 9981 6955 4630 6459 3138 9333 1575 5210 6268 9574 7909 1651 4351 1928 5397 2257 6381 2775 8569 468 2907 1484 8061 6099 7612 6029 4661 1229 4384 6975 7367 865 9564 7769 3416
2909 960 0 7613 9858 5851 3651 5945 8357 7682 141 3408 8730 7894 3838 552 1777 6170 5167 9930 7948 3149 4983 3315 9497 5339 4173 311 4813 5096 6492 5027 5841 4897 5833 3298 5232 6546 2402 9017 3512 9146 8693 9725 1058 7231 7917 5611 3667 3976 5676 7909 3004 4322 1184 4017 8221 5856 4899 3681 1750 4151 7094 6726 65 1684 8858 2683 3704 3634 6339 2219 6290 3625 7539 9198 9956 2863 6489 1916 464 4520 517 5024 3447 585 8934 8289 9865 6293 8316 8007 2304 3768 7931 9688 2129 3173 3903 6247 4182 7867 6653 9078 9104 79 2293 879 5716 7715 3410 7145 1174 2255 593 3388 8397 7170 8034 7532 7562 4313 8346 7198 4225 3259 7062 1437 854 9798 3416 2768 4807 2667 2753 524 4008 3957 7895 9934 2746 9 2941 1074 6179 612 6414 9747 4504 1044 5635 5677 462 6344 8885 6049 8128 5946 8256 1874 5159 9449 2874 9768 2824 5880 3549 9745 6771 1084 2623 4985 7801 4847 899 7488 2255 3425 7989 5864 2353 9125 2617 2306 635 5246 4082 6077 4090 6246 4791 5604 7884 7107 7336 9857 6876 5619 6638 9293 5339 5933 1744 7928 986 8379 5745 9463 2603 9062 987 5137 4500 5473 361 2591 6014 4917 3737 3999 1479 2648 1141 6853 7270 7493 5262 7211 2183 7181 3477 5100 8875 6656 7029 7799 2446 9705 2077 7048 6928 5067 5335 8909 7951 5091 4892 6465 8083 5987 8568 3228 3582 3507 6499 4659 3858 4835 659 7282 4854 9907 3318 5704 9311 2066 5522 6987 5113 622 3727 3073 716 9838 4221 4232 9204 6354 3197 2379 1110 4773 6002 7692 3849 1959 3594 411 6240 7586 6661 1167 4750 6686 2619 3469 9417 2061 6597 8159
7792 5402 7613 0 6393 6747 169 8132 4550 1583 9659 546 8039 9294 9591 7768 7326 5957 456 6234 3607 4698 4387 6645 3475 531 3592 4580 2752 3578 5293 254 4595 4663 9219 2525 132 4156 9137 6216 9962 7834 4268 6820 5487 6601 4534 8613 5821 2173 1691 6390 4717 817 8359 5891 400 8761 4065 7463 555 5428 1908 8844 3709 7327 361 1885 8320 1476 5078 3205 7804 1145 3394 312 7192 3745 4100 4036 4641 3610 4480 3378 4450 6488 7816 3401 8799 2650 4706 1263 8222 3870 1305 6009 6160 2321 4474 8501 8423 2026 5856 1906 3843 1063 9736 9898 8381 1869 1813 7106 4503 1430 9572 6038 9845 6789 3249 9319 5664 6507 8487 5507 1389 3388 4370 3569 9620 4622 741 8381 3390 6706 3865 4918 3806 3109 9150 3500 884 899 984 7892 5070 3019 7632 8593 2732 8234 9241 3250 2378 2830 5310 5991 5206 3808 2258 9020 7085 6192 4844 9809 9868 2706 8210 4956 5764 6477 8443 3470 5364 8043 7241 8743 4081 4031 9133 1131 532 3471 298 1731 7202 1162 7270 5382 3526 5095 3822 1149 8327 7236 5248 190 7080 2389 3380 5204 7220 6413 526 9364 5332 4659 8948 1096 3360 1376 2547 6142 684 947 6791 6040 7934 748 7714 3017 7168 1963 6597 2386 5855 2469 2730 50 4416 4006 6379 707 1345 2081 8721 1761 9639 7141 4822 5280 7406 4658 9148 7548 9981 2186 5942 2118 5095 2512 3074 7931 4554 5783 3110 6818 830 7135 261 2199 5956 8297 7045 9352 1607 2503 7337 4556 3158 4724 3680 670 955 6400 6688 3149 602 3484 3325 1404 7333 2184 6178 5412 4928 3682 893 3255 6599 1913 8022 6593 9537 8939 3561 2890 2274 4370 8953 5442
399 8618 9858 6393 0 4613 2342 5936 4403 2699 7597 4223 3194 2625 10000 4887 1451 8386 8592 4019 3866 3727 3964 9976 9143 7462 1319 3048 9440 7485 2831 3620 1625 1636 8087 9253 6032 6649 8683 2637 6605 146 6181 5175 497 4767 4857 3168 7926 1590 6888 6330 4627 3850 9660 2206 38 9463 7608 4023 9252 1627 7099 5829 7096 4261 7697 1656 7810 302 9499 6399 4794 6034 5500 586 5614 6348 4909 9914 7612 9608 281 7123 3208 7767 7498 6236 3978 1523 2016 9376 7506 1106 2031 5780 7615 6879 1849 2774 3212 1229 1909 5704 3577 6382 7853 9788 212 4034 6148 3409 8994 334 4939 3722 5122 9281 4965 3533 9014 9825 3547 4235 1051 192 5054 4320 5496 2416 7419 8707 8176 2020 8287 1748 2307 69 9719 2874 6984 1922 9011 1879 999 3084 6912 9444 8053 6724 2107 3511 2463 1549 304 7955 6657 6896 6127 9657 157 8313 3793 8913 8956 1798 729 1112 7300 4721 7549 5739 316 9969 7546 9296 8735 9601 4652 6350 6064 735 737 6427 5824 7108 4510 3503 6939 4204 3785 2054 8274 3996 1330 5582 8850 4389 2232 9257 9132 3164 9203 8071 7203 6128 5584 8518 9644 6995 1168 3263 8917 7761 9937 8252 2185 5480 941 2505 740 6758 8240 8288 9498 8086 4898 620 9132 2001 2069 2431 4182 3924 6168 1280 8860 5850 3454 1835 2882 4972 1733 2805 1253 2481 662 5037 9201 8130 7627 3569 7053 4010 1174 6497 7176 3111 3018 6124 5174 2566 3417 2923 832 5142 7218 5343 2144 5655 5260 41 903 9023 2183 5736 9049 4416 4617 9712 8691 7062 4642 9791 461 9919 7374 5585 5910 3261 5161 8057 6545 3917 7132 8306 6118 3138 3241 1483
6916 1591 5851 6747 4613 0 9557 4442 7474 5524 4131 1616 4035 9598 3610 6653 4596 3996 717 9668 5063 5666 2244 8722 7583 8703 2592 7483 5887 4826 5216 6117 6439 695 8606 3631 902 8310 4107 4994 2422 4939 893 6049 9986 8633 6669 4140 825 2120 3125 464 3988 4316 525 4859 1288 4321 6979 3824 9764 6245 1012 4871 8385 7903 1582 1037 4684 3655 975 9616 1387 3686 2055 6177 7703 8143 9252 8226 7695 3789 3505 2093 5657 5928 8938 5278 3668 1088 2740 3061 2923 4722 1808 4435 5539 5256 6355 4657 1111 2726 88 2895 188 4212 4133 7375 4360 1095 1885 9825 1120 7815 9915 1714 3763 7209 3712 2492 2611 4511 9493 2497 7628 2534 2139 4338 5786 2126 3460 9262 2279 9887 9078 7894 5584 7618 183 7020 6952 1493 9491 5018 4256 5 5495 815 9586 9524 9367 345 4692 4867 1559 3283 3659 6898 3068 8991 6079 8899 3123 5706 2216 5831 7211 1434 8184 8535 3066 3004 736 1967 6861 1443 5095 2074 1293 4932 4839 742 2762 792 3048 8696 975 5394 9949 1647 9183 1741 6693 6587 9523 2222 6010 4812 5800 2137 3609 8662 9432 8654 8391 2092 2564 5380 6210 3927 7852 1506 3703 5984 7290 1920 2719 4001 8691 8131 5103 2939 4868 7215 3863 822 3163 359 2294 4645 5759 1897 2225 860 9175 7599 1425 9049 166 9504 7560 4051 1225 392 7110 2700 9891 7693 3861 6335 7068 6385 6904 9385 8708 3049 7624 9947 5184 8107 1180 7845 3190 7687 9125 3490 5228 6935 9153 4484 2405 6231 51 3851 2887 178 1080 9279 4966 8293 4215 5007 8944 2049 384 2177 3362 9707 4084 864 5440 5705 7351 7754 6300 4954 181 4587 4207 4962
8629 5857 3651 169 2342 9557 0 7872 6988 2751 2022 3709 8449 2636 5849 1591 8775 1308 1217 5029 9271 8446 6427 8993 9794 4431 413 1664 7312 1997 6348 6190 669 5613 1870 4652 6243 7303 6437 8171 5923 6689 9043 3574 8719 3791 765 5992 1642 1839 7962 9846 5276 9273 2474 804 5650 255 4538 1768 8099 6486 2082 4273 3109 4881 7221 5921 2407 4122 1931 9006 3077 7800 6666 9489 986 7349 1926 7652 3468 6607 880 2464 3608 2654 4213 6199 5933 8426 2004 5500 9349 184 6308 3525 7021 4557 5723 3048 2801 7401 648 1128 9757 3986 5189 6580 984 2628 4260 4061 749 5772 2489 120 3170 6372 4211 1890 7487 7259 420 8286 7239 6903 2678 552 5664 6823 7632 8731 744 3866 5031 600 1963 6755 5931 782 1183 5209 7634 4030 4485 9748 8613 4888 9722 6231 6463 573 8055 9468 1928 682 5209 6200 3586 5593 3083 1145 2482 2202 9834 8138 6822 5459 9108 3955 972 4016 7685 184 242 8336 1141 4235 8268 2851 691 2300 2010 2151 5520 5725 9816 1840 1562 2354 3636 1606 7229 7043 7666 5094 9185 5073 2830 1903 4397 4874 751 9862 8832 7725 5204 8120 3543 4360 9089 5809 9882 6198 6287 3267 8894 2408 1440 5948 7769 8847 922 6667 8694 1611 2413 358 9359 5752 595 345 4240 7678 7944 2861 3765 9104 9242 4310 5410 2030 6893 8553 9158 1763 4758 7229 8654 2175 6014 8092 7198 8378 8615 4652 5604 9314 8104 2383 5576 2383 2550 4819 3105 5958 5253 6222 9748 1111 4917 2423 7885 187 7669 8063 1679 1301 63 2700 1657 5182 6043 6357 8685 1669 5759 2567 2739 3966 1266 7342 6594 9671 81 8080 2524 5865 7116 8640
8532 6382 5945 8132 5936 4442 7872 0 5939 6797 8416 4244 4532 6460 7085 2904 1736 7651 8672 7367 2770 8932 2423 3779 3616 4026 1183 4417 7431 5763 6452 8709 1053 3231 4699 8582 1831 7853 3374 2175 7978 2377 3705 2272 5075 289 1179 2951 8291 4682 2076 5092 6776 9284 1137 7672 2026 1700 2373 6789 190 5996 2474 4339 1049 6524 534 7177 6589 3632 6621 9081 8531 2247 5703 8901 1455 650 1527 3959 5167 6369 7720 7944 3408 2789 9677 207 7901 7648 9361 4867 6009 3727 1046 4966 1612 1670 4602 3589 9214 7789 2040 5827 3433 1374 7414 717 4487 2039 5184 3958 931 6450 5446 3729 5893 9211 3711 5012 7632 3666 5895 3514 1347 5229 1767 3019 6786 6287 2397 6981 3422 9534 4144 9422 1981 5754 7621 4994 3861 9697 7916 4552 8248 9742 1329 9779 1829 3634 5952 3121 4065 1665 757 2676 9300 2881 7741 2996 77 7202 1996 2473 9313 5639 8851 7796 3664 9639 4776 1431 9373 646 8858 7083 7832 4623 169 2253 9012 6436 5291 9324 2305 5544 3733 3727 4973 3090 6589 6797 3699 8996 6728 2324 9903 9593 6865 3065 12 1409 532 1134 2307 8941 5737 6879 4333 1137 4945 5058 6365 6045 4175 4935 6468 2235 9926 921 209 46 1430 6064 8261 3029 9777 2902 5305 2708 9380 9386 4838 8943 9494 2157 6727 9567 1500 2068 2193 1678 7122 8042 65 5108 6368 407 5199 3030 2420 6187 8022 5705 6649 1173 5084 6519 8032 4020 1308 8432 5102 2226 3832 7968 7181 4291 7160 9636 9287 5042 3539 6511 6993 3062 832 4600 2999 4170 1973 8229 8812 9953 6297 9330 2153 5118 7003 2600 9120 3329 2030 4573 3236 9471 9269 8192 7020 1232
4663 4435 8357 4550 4403 7474 6988 5939 0 3644 1950 2781 2447 8597 3417 9725 1587 117 6445 6607 5621 5377 1066 6386 2585 5166 9007 6041 6742 6250 4497 5269 4145 4700 5281 3449 4049 5362 6242 8749 762 115 8935 8209 5903 3197 6509 9411 2428 2771 9415 8555 2541 3303 1148 1094 664 7424 7925 9964 7853 122 6573 1239 8380 8910 5813 4804 2682 7830 9514 820 9402 8833 677 9983 2833 2406 8388 1357 7134 8401 5693 2928 764 5040 568 5861 3376 1247 6101 1582 3711 8994 1189 8086 7065 8519 3449 6503 8094 5948 7476 2745 1780 6566 9117 4104 8984 9923 871 5651 2127 1631 3619 7309 5589 3611 5887 5055 641 31 3070 2506 2428 8689 5179 7770 4953 387 2888 2880 5291 5016 5430 5791 808 4229 8062 914 9505 1277 7243 9433 8590 4231 5716 5740 2107 7174 7106 1360 5263 4467 8703 3495 4677 4393 3361 2539 2275 7359 4670 2629 3578 8453 2274 4913 5360 7713 6598 3748 6012 678 3039 2378 3339 4431 4688 4452 2970 2932 8161 4841 823 6896 8195 3670 9399 9353 1537 2034 5753 9669 3212 6918 1257 7497 2274 4453 3998 574 9021 2235 1661 1860 3938 3822 1782 7415 8502 5150 2500 40 7821 9714 3010 8994 7715 6867 3707 3333 2275 1884 6877 4273 9925 9275 5276 8769 1283 8059 1850 3994 5303 346 4377 3335 9373 4150 3593 6357 5343 7481 2393 7716 2525 6790 8893 6877 6082 386 2629 2173 4262 9366 3942 2453 6119 7322 4854 6687 6362 643 4082 2247 9415 843 7926 8735 6339 4869 852 939 6933 5167 618 3241 2093 6618 7960 9056 3491 4092 3980 9453 3160 1901 4103 155 7987 6128 7515 1288 2990 5803 5502 332 9595 8712
1797 5682 7682 1583 2699 5524 2751 6797 3644 0 7705 6028 7760 8351 9707 8553 968 5962 9978 9759 120 6769 5215 6565 5906 8678 7040 4898 6216 2642 8762 6856 5536 2015 7921 6564 3076 6917 549 9087 981 7101 2445 9047 6197 5458 2383 5795 9692 4491 9756 4863 4391 4162 3136 4860 1816 9036 292 416 6625 4218 2429 4427 6114 9709 3672 3099 8936 309 3427 7617 3766 5869 7542 4128 4013 4947 3233 883 6096 4290 6832 498 4900 9414 9319 6428 9761 7809 6591 4250 5006 9311 9781 6892 3492 3001 680 763 2247 2937 8091 3380 2533 9676 4005 9784 729 3344 9129 3064 30 7214 8222 9905 1327 3906 9505 5969 9664 817 5174 9542 5469 5565 5338 9610 5467 1198 5179 3056 2123 5417 4338 6265 9798 1959 1195 6480 7324 5078 2152 4410 2511 2647 7374 6870 5124 1399 4290 6903 9615 4752 2948 4446 6842 6404 2652 7032 1884 3083 2589 2266 1167 6596 2994 1949 1726 9675 6441 1578 5788 5357 8822 6346 2725 452 2560 1694 1641 7959 3178 3890 6919 5654 8718 5689 1505 1022 9147 4525 575 3021 5156 4476 5797 5473 4244 5661 5840 8842 9412 1721 2068 9629 9023 644 1630 7127 8938 7266 5007 1007 982 6751 182 1106 9348 9703 2691 3890 107 6142 7464 6509 65 2774 4010 7954 553 8303 4857 9879 5454 20 2184 5179 1688 9857 7161 1665 101 9619 9905 1063 3514 3919 6031 3034 9621 6174 4206 1228 7916 4857 5476 3073 9621 5657 3778 5732 5598 9918 7951 4365 8552 6855 6130 5519 6272 4738 3650 2885 4320 8313 7466 2091 983 2418 358 6258 177 5407 4897 6272 4666 8214 4733 1333 8138 5911 6660 8879 878 9598 2944 7860 6448 4387
4647 3591 141 9659 7597 4131 2022 8416 1950 7705 0 5472 5710 3014 9100 589 1219 3467 9178 6404 9746 8599 7066 4523 5973 2178 9367 5701 5356 6220 7648 8584 5895 1242 7764 1152 7778 613 7344 6591 9629 6731 2486 2642 6490 7002 913 4340 1867 495 1670 6961 4626 5811 1361 8210 7410 6304 4746 8896 2492 6085 5223 8251 9402 3800 9769 9784 1743 5560 4419 7696 9407 9000 1616 7208 2280 3480 1772 140 7067 2286 8061 4671 5474 9966 6773 9381 2963 596 6886 4374 4130 8731 9875 8270 667 9547 221 8551 466 9796 8249 5807 9149 6001 7298 2717 2684 337 5411 880 1655 4538 1591 1221 5457 623 9784 8324 8815 4502 5789 5769 284 112 6500 3661 3498 669 6662 2386 7200 7336 1281 2359 5181 1476 8693 5755 1264 5974 5494 4877 1910 9066 8917 7799 5667 6550 2425 9837 7876 3232 5839 4148 7791 2842 4877 4078 1628 4318 621 4666 5719 5576 9435 9263 292 250 3104 6450 6356 5726 4927 3129 7431 6564 3835 1831 6502 8632 7796 8590 272 5547 5322 8080 8376 5715 1279 683 6003 4851 8241 6372 1992 452 2677 4479 4370 2667 4749 5936 1882 2430 4929 6597 1605 3785 2219 6059 3612 1899 2992 4698 4370 9926 7813 3979 2571 4385 6952 8649 1673 7121 8567 1674 7504 4355 5987 3927 2095 9910 958 8167 5925 3120 9019 8740 6252 6027 5822 615 953 7624 7920 3857 3022 2978 4099 8588 2896 684 2800 3939 3583 391 2160 8028 1875 2811 7871 573 7273 7302 848 1559 3779 5634 6922 6804 9573 3692 2657 4233 3125 7014 6722 9476 4898 3342 4995 6637 4043 4742 6277 8771 6188 6882 1153 9456 310 1560 1750 9852 76 2304 5167 391
723 8919 3408 546 4223 1616 3709 4244 2781 6028 5472 0 1845 7315 8182 6939 5937 5513 3974 2320 5255 1217 12 7326 1045 9819 9945 5767 6097 399 7737 3027 7699 5540 5768 749 2374 8310 4260 6908 38 8373 319 3234 6136 7231 2235 8827 1643 7747 2160 9173 6156 2251 3496 2232 4817 1418 2015 9340 6748 4339 5688 8942 9865 191 2666 9250 3362 4553 5753 4180 3042 1987 7743 3661 8379 942 8118 7872 816 6285 217 6680 6765 5627 4666 7553 4757 2201 2016 3572 6481 904 5934 2861 2780 8560 5438 1980 3134 786 3670 8761 4429 8555 5799 3243 5481 3504 8719 1339 6801 1179 9272 8761 5188 9822 7137 5789 1271 5345 8075 4805 6846 9350 2025 7211 334 1192 7394 2128 6763 6173 7601 904 7220 141 9387 9655 3845 966 5655 6132 6226 8909 5067 9926 1884 7355 9480 1101 9506 835 5900 2987 445 5950 8183 7815 2786 1495 1944 295 8992 8193 7687 3865 906 7974 6186 7432 2509 4947 9252 8475 8465 8836 788 5433 8293 498 4298 5974 7108 2732 725 9096 6707 430 5026 3353 436 7431 2177 6582 8220 5690 364 8820 2883 7100 3923 7716 4138 2554 1756 6125 3819 8790 4842 7982 3844 9434 680 4742 1609 389 9180 2635 5176 4803 2376 4637 7583 5773 6314 2780 2842 1798 4113 4495 3515 6038 2856 2756 5704 8595 6224 559 2899 8081 3646 7821 4356 9989 4126 3854 1463 8022 4536 7706 6420 2348 9954 9843 800 6528 5551 7230 8854 2980 4331 3465 4489 706 9509 6493 4697 2385 801 5169 5377 7392 7791 8890 5987 3294 8892 4765 3086 1863 8731 175 4674 3486 4274 9234 783 3651 9921 6861 1190 6480 5891 242 7284 7722 5448 7504
728 954 8730 8039 3194 4035 8449 4532 2447 7760 5710 1845 0 703 8843 5771 1273 5960 6138 45 140 5904 8210 1820 5227 727 8314 4440 300 8004 5251 5102 2020 9540 8448 7007 7105 3561 1139 2644 7648 3764 2664 8761 5195 6100 2881 282 6888 4477 5967 7690 379 7179 4372 5063 700 2907 1846 9000 9875 3021 3929 3434 653 1028 7916 925 7580 1804 6784 7516 4390 6625 1122 7867 9774 9199 6068 2205 942 3069 283 1244 2860 2039 748 9249 8867 4553 8658 7958 9716 3569 9627 8751 7084 1820 7721 8029 4204 4964 1213 4812 8485 5444 3045 2069 5289 7484 6641 1550 11 166 2902 6885 2789 9641 7304 1244 442 614 2166 8300 8132 6347 2496 1631 7527 9566 2673 5048 5831 4828 5473 2191 3802 2362 1576 1288 5609 4041 9208 47 2864 5528 3668 1198 1480 2353 8972 7714 2030 8450 8879 5710 6683 4178 4941 3305 7086 6098 656 1310 329 7436 6985 8645 1952 1236 5538 7919 3513 5721 1498 8024 1364 4349 67 9301 794 2496 2692 7127 2670 7333 9614 9495 5815 1235 9519 2954 2337 3407 6099 8803 9439 4639 3666 6016 6909 828 4179 4594 8761 9163 9673 6850 1525 4624 5796 3347 632 8765 2923 4704 7525 181 6490 2109 3211 4025 3917 7754 2027 7082 5974 9544 1491 4194 3654 4583 3806 6318 6873 8394 9455 3964 4838 5813 7202 2169 7410 2497 8308 3203 3410 709 9768 815 3754 1832 3862 3962 1361 5479 7272 238 6231 148 311 9348 5641 3305 2314 8685 8487 155 4931 698 1453 1958 5763 7032 3779 2908 3727 8602 4034 1900 9335 9449 3156 5173 9555 8464 9429 1401 214 2508 7761 1181 4806 5278 9861 1924 8196 9844 553 5701
6703 6279 7894 9294 2625 9598 2636 6460 8597 8351 3014 7315 703 0 3338 4141 1847 1014 5577 4017 9626 726 9735 7629 7709 1275 2255 2884 6269 3419 9751 3263 3734 8449 5872 531 718 1495 7580 237 3491 4292 5158 8584 6925 2124 6571 5248 1442 5364 2754 1352 1939 8916 8428 9188 5659 4839 8447 5438 743 4970 2881 2629 838 5012 5544 3481 1528 3341 70 3870 9866 6502 3412 7706 5632 7066 388 9620 6797 6579 8567 73 4412 2751 3968 8891 68 2142 379 7333 6886 2051 2572 675 3222 9732 7042 2847 9459 1539 4568 3248 8766 6657 8082 651 3835 8093 7510 7140 365 1113 4784 359 8460 1535 4237 3683 8005 4194 1565 957 3231 7148 5423 9827 2083 364 9261 7022 513 8650 6916 6718 2684 1840 8359 5751 179 2204 9885 1972 7695 6799 88 3111 5991 3957 263 6631 5847 8116 9688 1519 3891 1862 3271 238 9535 1240 5208 9239 8640 5922 3235 9027 6276 8196 2843 6966 6589 8158 4190 8085 6476 3776 8939 3526 1344 1726 5514 9701 7400 1552 2633 8184 8341 3185 9641 2621 3037 8939 2957 7539 4225 4568 805 7242 7379 9633 4242 7471 7171 1845 7017 8064 6753 4419 5417 257 6235 3295 6757 1301 2497 4365 6418 2625 2806 1831 895 1133 4863 2608 115 5537 3560 5601 1549 3590 8964 105 8731 2565 5440 3746 2464 3162 5328 2153 205 600 8598 6862 5076 46 6686 5369 6982 1694 3977 3961 4065 6638 9794 5972 9517 4579 2087 6123 9759 835 4088 4368 6414 2973 8089 7850 7175 3354 5765 7679 6056 6053 7033 6836 7231 4240 6079 3946 5583 7557 7570 4187 2154 6151 9445 9689 5563 1495 5208 5294 7649 1385 6615 3038 9908 8084
1409 6605 3838 9591 10000 3610 5849 7085 3417 9707 9100 8182 8843 3338 0 4087 1066 2881 4194 9795 8928 9579 8220 9981 3339 5768 9906 9557 4956 3888 327 2583 9856 1443 6204 1168 8234 7817 1267 867 9630 3476 3526 6393 2240 9713 5514 998 136 2333 308 58 4000 2850 288 7074 6850 3617 9860 802 8548 7309 6346 6953 4581 2368 5294 9273 3275 2357 5739 6393 9397 8558 1372 3478 6340 5848 3483 2181 9835 9696 4120 908 8708 2528 5955 4290 7322 4209 9268 2930 4605 4160 1862 9789 3439 10 2110 4102 6793 9505 7139 227 3074 9006 1854 1960 4047 6536 1415 9082 8549 8166 9759 7179 9684 1070 5284 2448 5414 2879 7388 8619 9364 1782 7725 1527 467 2838 7466 6255 9470 2100 8183 5078 566 2270 45 7213 6886 1737 2256 6921 6546 2022 8189 2394 3116 2287 7145 9412 6402 9076 6391 6554 29 4164 9531 454 603 8063 6051 3778 1438 8424 9447 6307 1922 3206 70 7565 6436 5389 9111 8386 2228 2360 936 8336 7213 6655 6411 3802 214 7913 5469 5511 7423 5290 5996 3268 2046 8659 9950 9410 6827 8225 3615 5181 333 1314 9053 3244 6625 9910 8958 3260 166 2206 9030 408 5755 2779 9383 7667 780 3570 1576 159 5163 5935 651 5554 321 9785 9357 729 9539 5890 6400 4932 1555 3862 7362 7478 8168 6773 4422 6381 1662 1543 4783 7362 927 1083 6079 4324 787 4566 4686 4443 7750 721 1934 8769 8029 9325 8127 9958 7144 7305 6276 9453 2619 969 3782 5765 2157 69 3230 7003 1765 7763 9154 1225 5648 6670 2028 16 2339 6825 1824 3340 5600 3125 3987 8158 2729 3900 4314 1681 1568 6795 4499 8369 8934 9131 4162 5727
277 4548 552 7768 4887 6653 1591 2904 9725 8553 589 6939 5771 4141 4087 0 7173 9494 2916 4412 9361 5053 5974 670 7021 4795 3712 9547 3072 4903 7416 6644 5990 2356 7155 4893 5784 1347 4809 2259 7878 91 2985 506 5061 7698 6809 2740 4189 153 5363 3087 7938 943 5809 805 8098 6787 5963 283 7145 3436 6450 8232 410 874 2015 1824 9805 7599 3639 7824 8014 4083 3182 7085 2896 4197 4372 5087 6680 9825 1529 1342 220 5384 7 5238 2108 1678 4202 7314 4651 616 4400 6566 5568 195 8826 1542 1034 800 2532 1089 7723 586 7155 198 4414 4262 1216 4708 3236 9604 2585 2548 6921 1506 6815 6729 2479 77 9463 5891 8074 6952 5270 8153 8473 2986 6481 3386 3694 6863 290 5250 3048 4237 882 40 8649 5226 4237 6290 6617 2108 6432 6370 2083 9131 8008 9592 7134 7884 9048 9425 9059 1815 122 2505 7524 2266 1390 8225 2219 4696 6017 7200 2049 1065 8282 2823 5626 1101 8310 712 4182 3296 3545 7820 7970 7468 3982 9513 409 7685 9332 6956 5735 7882 8709 2774 7999 5216 346 1974 5471 5593 136 5677 3795 6673 735 7827 9084 2515 1815 9392 2632 5325 7849 6864 8913 623 2233 7142 3371 9405 4287 9493 8505 4373 2446 6043 1038 1315 3267 5162 8603 2409 8440 9656 9888 5292 2722 8235 7452 5766 2479 3457 7033 6504 2664 2809 3551 5090 9770 7320 9829 8449 2807 4073 5177 14 9871 5061 1195 4803 3889 9818 9572 1834 9134 2737 5539 3684 2961 8080 1902 2576 9878 6107 7943 9023 2253 6237 9929 4630 1531 6593 6778 7977 212 8531 9010 9366 2690 90 866 1458 9417 1136 6453 1998 3540 6776 7437 955 156 1713
2934 226 1777 7326 1451 4596 8775 1736 1587 968 1219 5937 1273 1847 1066 7173 0 4114 3208 409 8362 5204 4029 9576 5651 5328 2637 2358 1078 8887 8765 1874 6317 4601 6701 1117 3845 2320 4370 5738 7473 4342 7920 5201 4645 2685 2753 9633 9249 9993 6456 15 6659 9163 9955 530 9948 13 7234 5131 9881 8466 212 1798 6679 2982 5717 2997 7236 887 4997 55 731 3999 4274 9053 9995 1517 6385 5313 405 3093 7664 7306 8965 2534 4506 3828 307 1560 7893 807 6250 9227 5057 6928 2077 3294 2573 6168 1698 6519 2158 3344 9020 8502 5638 1724 3527 3383 1609 741 5291 832 4046 1757 7709 3576 4865 975 3185 6283 2328 3426 309 1910 1284 6330 9526 6106 2049 7563 812 3503 2287 2956 1706 6530 6440 256 4252 455 8713 9646 9173 4731 7015 3307 2757 3219 4949 4212 1626 8637 6566 688 8750 2180 3715 8951 877 5070 5521 3030 7633 3680 3721 3498 6804 576 3429 2222 4316 1496 2485 9629 5691 764 7556 2943 1979 9550 3830 6039 6885 9279 5278 8620 4325 388 5561 1611 8906 7653 1831 45 1836 4797 1793 4354 7423 620 8083 4802 5515 515 1840 3317 7478 3068 5395 6066 4029 3021 5832 8455 6399 7011 9781 4632 1609 8462 3416 5349 4187 5598 5657 9156 1993 808 6364 4421 8719 8921 2927 8089 9691 303 652 4844 8156 4461 7731 9823 1 7093 5846 627 3251 781 776 3499 6388 1903 9999 2330 8870 1582 6269 662 1721 1285 1467 7574 597 2768 7538 1825 691 3236 268 6614 3234 2829 1583 5192 4999 5825 9397 4423 6281 1154 5938 4208 8454 6652 36 4679 451 3660 9002 3738 1375 5493 1339 1186 4484 5627 5655 6028
1954 4356 6170 5957 8386 3996 1308 7651 117 5962 3467 5513 5960 1014 2881 9494 4114 0 2916 8943 4442 6463 7571 8520 9020 5828 8091 9522 3240 7878 3630 4441 7172 5040 9220 3408 3241 3838 1071 1233 4499 3249 122 5393 2695 5418 8386 6652 450 7861 4705 2874 4715 6581 3278 7023 7564 9006 9325 5569 5492 5953 8667 5581 8972 2078 6944 8785 4863 5310 7431 2958 307 9202 5285 6758 8727 6127 2806 9205 8078 4993 1079 8326 161 5262 97 8595 2968 5477 3504 1546 9773 3417 5146 7690 5944 2597 1584 851 8910 5016 9885 9528 5675 6010 9405 3811 3681 383 6448 6146 8210 8048 5280 2889 7182 7486 7049 2066 8146 5378 1468 9484 3799 4315 966 9885 1062 2898 1768 6385 110 4926 1254 9356 7360 1340 6224 1793 9218 7893 6906 2414 8484 8724 117 1692 4428 802 1366 5387 8771 3289 2677 2019 3322 7742 9160 6186 8028 7218 2131 5804 3641 244 6943 7898 1206 9578 407 2777 8585 6548 9058 7682 9599 9362 1321 3300 4473 7291 8726 7749 1329 6703 6345 478 3806 6528 945 1832 8718 72 6059 1635 6843 2177 2119 7116 5484 7468 5355 6626 9309 8866 7646 8452 338 8628 9572 1117 7357 7628 9639 3134 8119 4396 2615 723 4409 3897 1045 5633 2267 3927 4249 3866 1172 6968 8871 8578 313 7941 8939 7854 7129 8465 9411 9666 9928 6301 7005 103 3572 8438 6389 6076 6386 6589 858 5489 3701 2416 2817 5222 6967 9573 3692 224 9620 3922 9600 1990 8103 1479 8323 639 9638 6092 9662 2926 9079 1047 3047 5260 5226 6648 643 7108 1721 9296 9972 1543 3472 708 7587 2530 7488 4730 5453 4431 3508 9653 8438 9832 8941 3253 3261 884
400 9623 5167 456 8592 717 1217 8672 6445 9978 9178 3974 6138 5577 4194 2916 3208 2916 0 5956 7199 2634 5652 9288 9982 8717 6825 5344 7814 5205 7934 803 9238 5191 5890 4389 5630 5902 8417 7437 8406 5146 1468 5472 9191 5564 6490 4428 551 2287 3446 7872 8706 9324 542 7133 8130 9261 1183 9616 516 4647 4357 7274 7104 7248 3989 8926 7112 2543 9981 9144 1965 9924 331 7585 8101 6974 8888 6619 833 9664 1161 1248 2842 6263 8486 6328 9371 5139 9892 7509 945 1926 632 3136 7363 7698 3530 1876 752 2284 3503 7973 2906 2073 4761 1395 5891 9880 861 9702 9754 2485 7999 8802 8829 7188 7452 2601 3618 5522 7506 1284 3846 7380 3256 4530 8127 4695 6675 8391 5944 7690 286 2489 4007 8406 4755 5106 9443 5835 3935 3273 7689 4569 2834 7224 4030 735 4276 6120 3421 8641 9870 4643 9062 4754 6193 924 5752 29 1068 4807 5083 4152 5616 9590 8828 4675 881 6605 1811 9274 3860 4870 6027 8777 8410 6574 8410 2065 9937 5253 458 7772 3637 4355 5520 6387 9401 3246 3726 9215 2186 4729 6869 9693 5364 6481 4088 6826 4360 4654 365 4980 6740 5362 9563 1846 1750 5643 8735 1502 5352 2599 8937 3361 1429 6926 8872 1665 3709 3057 7836 7083 8018 6002 2877 1649 3822 2694 4890 8337 8029 3323 7205 4930 1080 1172 4763 7241 1085 4096 9114 6828 1645 6714 8027 4164 8786 2838 8464 7443 4987 6531 1411 7306 9394 982 5331 3913 9823 6564 3643 5420 1114 9481 5895 9529 5489 9192 5700 223 754 5848 8976 9140 1624 3866 4105 4849 6529 8857 8650 4186 8139 5104 358 1399 5408 1757 5439 7637 2158 7634 5251 6880 4992 7190
4807 5724 9930 6234 4019 9668 5029 7367 6607 9759 6404 2320 45 4017 9795 4412 409 8943 5956 0 562 2992 7368 2730 3210 9680 1865 3627 5048 1665 8003 7091 1978 4860 5177 4775 9864 4312 4871 9483 8357 5687 7839 610 5779 7954 4921 5246 2730 1900 7519 6850 2502 6275 4982 7729 6321 7777 764 3883 9359 2815 7589 6457 416 7221 3487 9433 8695 3259 7345 2951 7088 3833 4867 3039 6683 30 158 4431 794 3071 7460 2451 6160 5654 3461 4726 8432 6593 1556 1607 8466 2450 4643 5557 4620 1617 9512 8607 2042 9248 9446 2441 6877 5729 25 6722 5293 6880 2784 6461 6521 4151 3958 1966 18 2685 2244 6205 1838 7074 4339 2418 2896 7585 641 9976 8370 2668 7497 8436 1869 6138 21 3490 1794 6431 4995 9627 7711 5639 8193 997 8424 1475 5511 5904 8196 1401 2254 902 1006 1563 9971 7778 7847 8503 2696 1752 7238 9436 7410 5081 9354 2695 7884 3215 9801 3790 7818 9903 6715 6566 443 9373 8549 6697 4745 1592 6364 9686 4985 4414 9114 6037 7398 7255 1498 5486 3155 8358 9338 1351 5343 3601 656 2872 1508 4412 18 194 5091 8247 4011 6445 7461 6050 6846 8126 8910 6136 6920 6451 4649 7556 2348 9203 7042 4328 8480 7819 214 4588 8910 2824 9530 7271 5697 7989 3238 2985 7286 6769 7645 5113 3024 4545 2154 9995 8667 2521 7843 4420 9500 2090 2605 4423 1319 5194 2730 4419 997 5124 1 6230 8897 8697 4051 7082 9318 4897 3702 7322 1954 8081 2908 2468 8032 5343 9451 7783 9802 4266 340 5899 645 7116 4279 5119 8751 4845 369 5574 1523 737 6790 6215 9737 1160 8698 5785 5315 5645 2163 8800 3616 6414 9535 3464
2159 5042 7948 3607 3866 5063 9271 2770 5621 120 9746 5255 140 9626 8928 9361 8362 4442 7199 562 0 9289 8930 9208 883 3148 3253 9410 7157 160 5856 3104 9596 1372 6660 572 9849 5158 9918 4002 8312 3240 2876 9218 1295 3695 6224 7236 8699 8161 990 9180 9385 7490 1014 2262 4671 795 7847 4921 6255 3215 3130 3716 9571 2528 443 6902 4721 7872 4510 7298 3603 1256 2817 7349 1797 2680 588 4553 9036 6016 7338 1788 6890 9603 3684 208 3884 1624 7391 5507 7050 9052 1766 9178 4590 8718 1420 1643 4955 877 6770 3432 3944 8640 2229 6686 9433 2300 1776 7336 9899 1021 2497 5266 6281 7270 760 3932 3032 219 8071 711 6345 1710 6866 806 3312 562 8562 1433 8504 8298 4385 3657 6728 5596 6721 2950 1008 9238 7328 3618 9991 1478 6093 8794 5724 8783 108 643 5143 8795 8032 9497 269 2498 1962 9245 5342 6267 9705 2390 4350 1496 5996 3821 4673 2795 8516 2706 5983 38 5748 6858 736 46 1049 1505 4601 2569 7467 5898 128 1594 414 7236 8514 9699 6704 9761 333 5977 3026 5391 7350 6404 5433 1684 6046 4227 5210 6103 1176 4788 516 937 2711 4086 5194 5781 5175 4468 6582 4473 7543 7405 3267 4150 6912 4356 5773 7035 3290 501 2364 7696 3742 2841 181 2181 8088 5571 4640 9683 405 7105 5410 2573 3559 796 799 7169 3899 8777 2958 2962 7947 6867 3691 2146 2988 891 4349 4375 745 2784 3703 4303 444 8499 3214 6841 9706 3655 5643 4044 7637 8799 78 370 9393 3318 6266 8898 567 9881 74 860 3450 3389 6978 817 6672 7772 4270 4643 4157 7562 8691 3741 2239 7395 6296 6826 9918 7374 2746 5142
4518 2823 3149 4698 3727 5666 8446 8932 5377 6769 8599 1217 5904 726 9579 5053 5204 6463 2634 2992 9289 0 7593 8625 4294 3642 7260 2239 2845 806 2898 1782 7975 3069 4011 4070 9027 9623 7403 5582 6424 4875 5036 4267 8144 5723 9763 2381 6751 5012 6218 3664 710 4184 2643 492 791 530 3475 4514 4627 9801 8555 6055 5119 2524 2105 2917 887 7309 8955 1469 3929 2557 3508 1175 532 2876 4345 7597 5365 4900 9743 6693 8499 3922 3057 6402 8932 9304 8286 7825 4156 8240 8239 4394 7912 2779 1081 645 3421 591 8562 792 1948 9375 9327 7896 9790 1194 8654 6073 636 6956 5842 923 3330 9100 250 3104 2156 7996 8414 259 2679 8912 4925 711 5334 5530 5337 243 9556 2714 8688 7838 6373 5144 1306 2968 8385 7589 1070 3739 2330 5344 9156 4407 7783 3302 8465 7675 261 9521 1610 9164 8879 1475 8399 2556 2943 8641 9593 2555 5722 8512 5612 9336 7320 137 5329 3572 5033 1290 9845 3259 2166 8828 8335 8694 9738 1706 7843 5200 2820 9073 1956 9538 3877 5214 6120 9796 350 343 8 7783 3860 4746 1826 712 9100 1516 3918 3691 8861 1128 7026 4543 1067 2451 6124 2271 3596 7592 6579 5973 6422 2092 3269 3528 1009 3137 2813 2983 2693 6635 6991 3570 5116 5541 7540 5046 9880 1021 2737 8139 2440 8089 1167 2156 776 7094 7139 9318 7371 2522 3644 5917 9263 8378 7882 3969 8960 4295 8948 4552 5585 4203 1114 6514 6362 8144 3301 128 9754 9687 4071 8735 2474 9362 6225 9547 484 8182 2790 1492 9907 942 2408 8242 1777 4483 4025 4685 4353 3439 758 7817 6174 4405 8464 7734 9740 1838 6433 3667 9030 5007 5083 6791
1315 2655 4983 4387 3964 2244 6427 2423 1066 5215 7066 12 8210 9735 8220 5974 4029 7571 5652 7368 8930 7593 0 2425 9326 169 7554 9657 6851 3162 2312 8684 1837 5113 7302 2982 8210 7528 7472 4774 2060 4611 2074 4602 9400 697 2252 962 9150 370 5767 6592 4096 4459 2304 566 1479 549 954 2379 1072 4043 9835 8116 5454 4147 3368 3746 7552 9326 8061 989 5098 1089 5033 3052 4874 3910 7965 8100 4190 5955 2886 5923 6444 8277 9311 6970 9835 2456 3907 3717 3045 9671 4633 3597 2429 9337 5758 2208 1413 9061 3763 7698 557 6203 4869 4569 1797 5008 7346 5513 3261 1792 6539 557 9433 278 242 9720 8524 2559 2727 393 9605 7882 4536 2685 9509 4109 5684 5916 1915 1000 5531 5238 154 2839 5009 1652 350 4278 7866 1180 9953 8587 7786 7942 3847 8985 7080 3639 4475 9947 267 6456 4092 2799 7929 5255 1237 3514 4194 9525 5517 9741 8620 3141 6313 8050 2618 5637 4310 294 4111 5503 3541 9843 1489 9868 7189 6690 2965 3862 5981 8669 3167 1919 180 5645 6922 7658 6305 2936 0 3621 767 7605 6380 6662 9853 4997 9105 3830 6520 4838 3274 606 4488 6223 7993 1211 1840 621 6464 7140 1695 6588 5433 5363 2988 1261 3766 8947 4929 3106 5845 7196 9948 2452 4391 9879 405 5251 7741 2827 8934 4808 6616 6757 7064 8527 7501 9071 3370 3627 8288 708 9015 6166 1467 2839 7385 9465 2071 7689 6921 2209 4451 7942 3095 6380 8309 8225 9209 728 3183 7760 7836 3919 1533 7404 2262 7144 3668 3487 2564 9052 5245 2772 390 9283 1975 5501 623 745 9337 9758 6963 132 1615 8308 3774 3587 3288 7242 6307 7497 6779 6989
4861 4028 3315 6645 9976 8722 8993 3779 6386 6565 4523 7326 1820 7629 9981 670 9576 8520 9288 2730 9208 8625 2425 0 7964 6833 7769 796 31 9045 754 778 4619 9374 909 9630 2950 9815 5939 9386 6577 458 6664 7328 2913 9155 9141 6938 1505 2355 3533 1288 8281 3185 1660 6967 4405 5984 7513 8589 2061 4592 4721 4009 7879 0 3803 6977 9596 7250 1047 4771 683 7677 8481 2140 2092 3880 7731 1888 9575 6971 6311 5038 6312 8500 1474 5208 4745 1236 8366 2197 3501 3919 91 2786 6376 5197 5278 9036 8516 7754 1730 8565 6922 7121 9539 9452 7463 5997 4549 6340 7395 9876 4601 6373 8549 9584 5286 3678 7267 9732 9573 4908 6895 3905 7976 688 4034 6399 9978 7525 9468 3025 2217 8071 3715 4355 6177 7824 2286 9549 9703 3997 3737 4362 9362 8250 6300 6609 3244 2472 6897 1928 3314 9585 9429 6856 1076 9702 1799 6700 4551 2042 8931 7137 2904 6271 1932 461 3456 4492 6424 5083 550 5571 3547 2783 1947 3816 3762 2759 6615 8834 7866 7792 9962 244 965 4520 6987 7649 19 7908 360 6230 8372 2075 4308 2416 2857 6519 3280 8931 1760 2345 65 1312 151 1296 7117 5146 9173 77 2652 1556 9226 3812 4002 4734 9611 7208 1530 9727 1316 7080 6497 2159 6377 7825 5652 3030 9197 2211 2017 73 2127 2052 7396 3915 4065 1888 6999 1252 3137 5851 6466 3723 3227 6588 7007 1178 1203 9705 7082 7546 6315 285 4275 7362 4056 4712 9227 9999 903 6400 5446 7563 9516 1957 8141 4460 4137 4578 3552 5642 5098 3440 1407 2912 8526 7485 4746 3182 6195 1416 5330 4578 5694 4719 4129 7992 8686 1419 8348 2634 971 6144 9662 7310
4498 5430 9497 3475 9143 7583 9794 3616 2585 5906 5973 1045 5227 7709 3339 7021 5651 9020 9982 3210 883 4294 9326 7964 0 1920 7108 9974 7515 8158 6013 5937 4385 2709 7742 4237 5772 4599 9614 5954 2992 8816 8118 1976 8846 3981 992 3204 8302 207 6114 1343 318 2450 5806 4546 6396 8828 4578 2131 9786 2372 999 553 5687 9728 2619 2445 378 2049 3613 2793 7400 9082 2793 2275 1660 2849 1222 201 6017 7150 555 4452 3608 4055 8661 5207 5538 5114 6105 7290 2443 7537 8094 4581 3332 4973 6233 1579 5936 8125 1964 7204 4046 830 3711 2640 1129 8207 3186 3948 2118 3226 2822 3635 529 9777 8129 3857 8909 458 1513 5281 6303 8182 2308 3141 5901 5010 535 9143 7911 6460 3349 3836 3447 9934 6941 9930 7143 1363 2871 8192 3751 4810 9346 7662 5727 2484 485 5852 4970 6450 904 7959 9098 2091 3788 832 873 1128 1058 7388 9683 1950 4538 2357 8939 6802 8749 690 1485 7921 536 1198 4970 2342 8809 9391 4267 5767 7397 932 84 4241 599 8879 9395 115 9201 4657 8626 5101 2689 5045 6648 2045 498 8836 325 838 6950 7504 2040 9133 4485 8332 2880 9929 5700 7245 277 3018 729 8633 7094 9438 7364 7223 443 7285 6602 1804 6464 563 5569 3187 7420 9561 5214 4234 9116 5817 1045 2255 5580 7076 7140 9586 6808 2610 4589 5637 2255 6465 4795 2465 8976 1611 141 699 3952 6595 4195 7776 1324 9855 9707 810 9672 3410 9507 5285 6213 9619 2035 6330 9395 5725 4021 2028 4403 9324 7145 8081 5019 2180 170 7462 2037 5792 8893 1226 7097 5656 1619 9013 9299 6092 2368 5440 4640 9191 3875 7835 7709 5230 1180 3653
9856 3667 5339 531 7462 8703 4431 4026 5166 8678 2178 9819 727 1275 5768 4795 5328 5828 8717 9680 3148 3642 169 6833 1920 0 7246 9499 3491 4984 6721 6752 5615 9667 5827 4693 53 3381 1968 4782 9153 8432 2053 2990 768 322 3 4004 6306 6953 7509 6146 8669 85 9937 3318 1507 8015 1591 3152 6078 5921 1578 2630 1358 4420 1107 9490 8374 7638 9348 1588 2969 7443 1138 5474 5007 7904 5551 1321 3769 5316 3200 8489 7070 3883 5050 6499 832 4547 2179 9139 7553 1452 7573 4069 9762 3732 4069 4995 3497 5617 2489 1045 7703 1907 3359 7795 6689 1413 1732 116 6754 9864 7681 6977 4712 177 3529 8891 5091 852 7800 8343 2249 2894 5300 1884 2523 4319 1164 8034 2101 6022 9669 6964 1802 9717 3528 8323 5398 2931 5760 481 6670 1175 1695 2288 7595 2940 7518 7404 4568 3515 582 2000 2176 8331 7849 6276 3932 813 7377 1475 8243 195 4976 8028 3467 4671 7370 7486 5760 584 791 3984 8371 2812 849 5027 1185 7636 506 8783 9518 9738 9034 5316 8573 372 9234 4306 3147 9354 566 6781 7030 134 9533 9030 9080 4090 1920 5613 1095 4196 3972 4064 2688 3736 3131 2250 4436 3008 237 7691 7405 5110 4567 5515 4871 3076 6885 1814 6794 8096 5552 9597 9647 5201 3792 3112 6776 5090 6457 8089 9867 1976 2905 9682 1689 3311 465 5813 4377 5415 7012 9759 6456 7676 4955 3285 1763 5201 1166 9278 1734 3017 7900 8883 7344 6189 6036 2798 8732 9267 9970 8884 1414 5742 2941 8753 6952 3504 5288 2393 2716 3043 2814 6410 6412 4166 754 643 7304 7193 9737 8386 4616 8130 6166 2960 1155 1973 9469 3485 1269 4219 6035 1495
7424 819 4173 3592 1319 2592 413 1183 9007 7040 9367 9945 8314 2255 9906 3712 2637 8091 6825 1865 3253 7260 7554 7769 7108 7246 0 6148 9400 8384 8507 3688 1208 982 1914 8229 7178 7506 4178 5235 1954 1437 8858 4353 3132 5066 8472 1242 3198 5388 9106 2893 3700 3425 9133 3306 2001 3365 4725 2820 6545 9537 4424 8809 3432 8797 3272 1491 6136 9818 3992 4711 1828 5812 5024 546 3276 6022 3313 3285 787 4976 6475 7566 185 8322 9234 1813 2553 9485 7116 2760 9967 5949 3726 4479 7641 9752 1447 2906 6723 9083 5957 7822 1001 3834 3164 5399 190 7141 4617 6532 9605 8996 5169 6889 218 8087 2214 9673 575 5763 5077 7865 416 349 1360 3066 3878 5000 949 8924 1475 1019 4078 3509 6313 3480 9426 3883 4263 3571 3877 3536 7699 5312 3342 1441 6482 79 971 5323 6861 2554 8818 9305 435 1176 6472 2040 6614 5402 1311 850 431 713 5786 9672 3078 2133 3943 1738 6621 2985 4928 4143 5523 1443 3559 9298 2200 8537 4798 5717 9051 2517 7579 9198 6537 7965 835 3815 9796 6714 501 9492 9633 714 8477 8453 3004 2343 6907 210 4046 1174 6013 7320 2934 3594 5746 4147 7586 2240 5509 7853 7295 7857 7292 7816 4689 1863 9195 5584 4985 3591 3374 4484 7427 424 3029 152 6688 4650 4617 3727 2797 3774 6429 8067 9973 7902 8232 3499 3016 7682 8263 5301 5478 4227 5798 4881 4036 7823 8827 6697 3805 7920 6041 3443 146 8008 5670 9077 2962 671 2868 809 5603 8985 8345 5405 3228 9758 6859 5745 4558 1454 5461 6669 7729 6787 6325 3627 4604 6445 551 2795 6651 615 2334 2597 6997 3184 4879 6513 5978 3373 4028 5679
