300
0 6474 1325 7488 4263 2359 1895 8276 785 1864 7626 6358 9457 688 5878 1148 1553 8292 1524 9607 1030 493 5799 5415 169 9746 7538 1434 9944 3611 4571 4258 230 2194 489 2976 6383 3307 3671 2913 3121 9950 6006 840 9719 1396 9884 2551 9092 6763 4442 744 1855 7065 5658 9954 2849 203 4726 831 3004 4805 1538 129 9494 9586 4076 7935 4972 7342 565 7742 4078 7821 4283 7007 1463 8662 7776 4724 165 143 7953 7232 4222 2526 3269 7841 291 5524 9161 2752 7754 9796 5427 3809 8575 3861 5377 9147 4393 8138 8181 6848 5149 5948 6011 1426 2947 3754 9400 2167 4471 7114 5341 2688 397 1756 5724 8092 8901 4875 4810 2711 3178 7973 9507 2422 26 2899 5479 1248 6685 2156 8038 9127 5718 3798 4313 28 7092 7656 4513 1867 6209 5115 4875 8723 5448 1936 421 5693 9861 3360 3234 8397 2289 1705 6432 1254 4400 5779 3369 1851 9308 6273 5022 3961 2418 165 6999 8119 5531 4796 4519 1920 6580 5797 8442 8341 6315 6312 8867 7929 5626 2212 9521 3827 2556 7267 4848 634 6404 6320 4366 5276 4262 1440 7723 1922 3943 6150 6259 5630 620 8099 6041 6683 617 5567 7136 630 3335 9875 8052 9602 8774 2243 848 8332 4574 852 7898 7125 8028 1875 2601 6627 1861 3956 6085 1119 3100 1623 5809 6884 3545 3156 975 9434 4860 5661 6700 902 4603 7478 3343 5488 1398 236 2815 5442 9435 5629 4531 3130 8983 5083 2296 7993 6464 5964 8708 4670 2497 2340 2426 7403 3043 9105 2048 8764 8438 1727 8828 5409 5513 2821 4796 1768 8741 7534 1534 6204 4514 8193 7096 2398 1300 4331 2024 7193 4636 8489 9650 4711 2988 723 1907 4714
6474 0 342 8982 9384 7642 3669 4263 1157 9281 7280 2168 9724 6172 5267 2683 8089 65 9844 8373 2017 3863 6417 9328 3448 9817 5698 600 4876 7993 4057 6225 903 1210 5734 3994 3381 5370 5279 5677 1109 8784 8535 217 2058 1972 6545 3856 5082 5734 4664 8424 8166 9045 6875 5588 6281 6729 3611 228 1677 5163 7406 1426 2918 6949 8325 2926 2055 1191 7564 4123 1647 446 7644 3090 3623 266 5266 1887 1126 2299 5446 325 5198 6658 99 7891 893 6288 4291 2777 7652 9319 3802 3583 8890 9905 3630 7089 3689 2658 1142 2698 4418 8718 8716 467 3950 6232 7691 2369 6868 7798 5790 497 1088 7715 6815 8172 2945 9141 258 7332 7191 7316 1769 3885 4560 4355 126 9796 8404 5889 8864 8580 1815 9939 6257 1685 8476 2810 9685 1231 2999 2813 1895 6126 8602 8667 717 2913 2695 8875 5049 2471 8398 7595 4828 8664 6800 331 3603 3232 5027 1154 8793 5492 4535 7646 5211 2087 6785 5957 4322 4973 5472 859 6614 2765 6094 9874 7760 2074 7069 3612 7628 6473 5138 7755 1113 2646 4874 2263 8941 1753 2734 8514 4867 4288 4718 5 7431 3314 9058 4502 6736 9730 9351 7950 8006 5086 5307 6853 99 9467 1342 6448 5855 1757 971 230 1804 1455 5602 5740 3991 3452 1092 4282 5471 709 2900 2548 7090 2007 852 5058 2199 3933 4077 4634 3527 6564 2263 3746 4135 3305 9383 7814 970 2357 4708 3594 258 3368 6730 7582 5565 442 5020 3661 8885 5196 9283 4208 8399 651 5090 5919 7331 8232 5237 7060 6674 616 1779 9591 3859 5982 9048 2312 9767 5950 7373 4233 2077 6534 8305 3992 5120 6663 6356 7985 964 9037 3964 3350 3613 8259
1325 342 0 5202 7689 1352 5555 1290 9412 4288 4735 1233 7487 5695 3638 6533 7176 361 8471 570 4325 699 8397 3400 2143 3145 2753 5461 2785 8690 3046 2278 6982 7922 7977 2527 5743 4657 8556 1277 1228 2381 9114 3368 1782 4002 2296 6175 8884 1633 8506 7232 5338 2277 6784 7920 252 2852 4951 4325 2565 9384 7412 7895 5491 1393 5626 3402 1411 1575 7827 882 2516 2629 813 295 7540 4141 8050 6849 1136 988 9857 5689 5886 3008 4528 4335 8932 6452 4092 9839 6440 1919 3879 9596 7458 3191 4721 2846 8883 8293 5017 3285 5839 841 5434 6258 7816 2863 2720 5170 3385 6073 3118 899 7054 5590 8763 3413 3367 4466 9502 2559 8297 8337 5299 6504 3034 35 1487 2408 6758 1898 942 1848 276 6652 8635 3200 3651 2564 2302 5689 1760 2846 291 331 5217 9565 2776 5864 9794 1474 7123 6755 3215 4928 9233 6921 2902 5401 7089 8420 7133 3124 7644 7350 4045 4842 4243 4511 6086 2804 8203 6721 2572 5843 4145 3749 2986 9366 4820 3527 4950 3621 2889 6053 4353 9508 7410 1400 2267 4219 2774 2377 4447 3350 3745 4085 4384 3195 1486 8013 1432 7851 363 925 2487 364 5777 1723 7897 7696 7032 6035 6851 2732 8818 8076 3477 6872 7597 6415 5915 3211 7767 1839 1958 1161 9877 2940 419 428 5247 3842 5252 621 2527 8534 8718 9441 6781 9311 3688 7465 8027 5013 3877 774 1008 8919 3170 4974 9741 6175 201 8568 9459 3913 1888 8665 5927 9460 3711 563 8052 5749 3734 6986 5611 6265 9906 2326 6073 7038 2156 8086 4737 2286 3035 7607 6899 432 2040 1715 5704 7157 556 1478 9408 2771 654 1500 2713 2486 2718 3075 4793 3941
7488 8982 5202 0 6604 1730 9173 1769 7374 1098 8516 4928 9909 463 696 5303 7647 2510 3578 4948 189 4501 2230 2089 3143 1785 396 4049 9045 4445 2267 9301 7829 3667 2408 9846 7691 4210 3780 6019 1815 478 3830 1276 3163 8054 2766 4833 5789 5454 1724 3615 5745 3141 6865 9331 5086 515 9322 5883 6017 3787 5979 702 3859 3621 7278 2061 2459 847 6414 2527 8463 4915 1509 7695 257 3114 5945 2322 3187 3554 4143 1523 3523 597 1329 4975 8345 2316 1852 392 360 5524 5198 9503 2899 8900 2561 2944 944 4003 1032 7103 6162 9976 1502 7676 519 7522 6608 2264 2180 4810 3246 2426 9766 4112 4956 3777 7726 3140 720 3056 8047 1521 613 6784 7391 9264 7375 4629 6980 9166 6513 1904 5241 7689 9898 4462 9717 4648 5535 2492 2673 1270 8717 8979 4386 1818 7087 3289 8608 9807 7594 4928 9586 9966 2518 4583 2255 2244 2543 2685 1959 262 3235 7435 1525 695 4387 465 6164 1882 5187 7241 2923 5999 4745 4897 946 2021 3395 8240 5544 4546 3155 4944 1355 4182 3721 4186 5185 8398 1983 5339 1230 1425 638 3020 6388 1158 691 718 7780 225 43 3154 9584 4421 1385 1499 4141 7759 1469 3974 5518 9572 758 9780 7165 4734 7537 9200 4704 506 6628 6675 56 3852 7066 1404 7636 6564 4364 5592 4075 8888 5914 856 2261 5015 9178 2885 5655 8618 3490 1793 6634 797 5682 3718 2806 9824 3764 5595 9396 3844 5157 5040 8620 8629 292 6830 6866 4370 8032 9145 837 3531 8104 24 6941 3662 8463 386 5274 1951 1690 4162 1909 6287 2458 8979 5356 5240 6126 8376 1973 2601 5380 5321 8903 3528 4033 538 8288 9035 130 8622
4263 9384 7689 6604 0 8585 7496 4950 44 5153 7365 6043 4668 4167 7400 8229 5162 5437 7968 6012 116 4124 9646 6896 502 7594 6087 5120 7388 4165 3009 2074 4322 2193 3994 578 611 6435 209 9738 9564 1349 4099 8876 5918 7154 3965 9542 7357 7564 4641 5260 2984 3574 3612 8120 8132 6874 9491 7853 9273 8839 3024 2053 3038 1490 9922 1059 852 530 1174 2329 6600 7134 6343 7811 1177 4669 4263 8488 2888 9463 9595 6715 514 5721 4247 1371 7119 4323 5760 162 9847 1154 6853 1310 8309 8618 2063 3015 388 997 2590 959 8458 9485 8747 5584 3638 7504 1111 6415 6752 5522 9354 7185 3345 4283 9510 7983 7903 3607 2842 3989 1507 5536 1079 4033 2048 2913 870 1977 5470 4589 9115 7205 708 9918 6907 5049 4512 5164 3914 7602 6278 6923 8279 4189 8989 5816 7424 7604 5057 1904 1395 2897 9875 9238 1287 8959 4212 9959 4802 1108 9308 5153 4459 2145 6822 8745 4261 6912 2173 46 9111 6793 350 4551 8732 2325 2616 7742 5462 1178 8052 1514 6211 5734 5459 4198 2137 3 924 7547 2577 9442 8021 2050 5901 7817 5608 1285 1607 7048 6763 941 720 4411 66 4965 8744 9028 8405 5596 5677 7126 6914 7551 1134 8030 1524 4237 1177 7642 2453 4021 270 7712 8892 4642 3528 8759 1487 8793 741 3466 7029 6273 7756 1989 6699 1333 2031 5632 2577 2401 2346 4972 8810 717 790 2264 3415 3960 9479 2257 1471 9571 2535 5178 994 3197 1916 4168 5326 5744 4758 3982 9321 2237 5224 521 9395 9956 9833 2314 855 6610 2839 8797 4881 1509 1094 7815 8572 8390 6126 6823 6276 8900 6084 7363 5068 8093 3849 273 4657 2586 5117 6743
2359 7642 1352 1730 8585 0 1376 1741 3862 2835 7502 8544 3172 8608 9459 8931 1414 7192 9966 5884 3451 1169 5744 3503 5178 4862 3584 764 1251 1051 8616 5828 5036 9936 4370 1621 3473 2583 82 695 1166 7837 5906 8867 177 8354 6581 6424 1336 7875 822 9899 5895 8522 1279 6977 6033 6622 9291 2714 3507 2326 3023 1859 4194 1050 889 9454 7612 7860 6141 7018 7944 2682 9631 9405 8032 2229 4240 3024 9857 9858 5763 4199 7785 1604 6597 4662 3648 533 5910 7506 4425 3729 5643 8169 1830 8655 2319 9330 5174 514 1095 7189 8097 5018 5635 2532 6782 7625 2371 1307 1406 1067 378 813 6601 8993 2906 340 6800 2096 5115 9107 4841 6135 6494 7668 7314 5130 5094 3584 4476 6161 3451 2556 2246 4193 4566 293 6239 2139 1594 4000 8672 8934 8781 7950 1049 1245 5345 6331 9799 9771 3093 5082 1327 1036 3481 7982 2147 702 6285 3399 703 5730 171 7311 4943 4861 9933 6564 6695 5858 5708 2596 8361 4565 3298 2762 8839 7325 7301 6200 5472 9462 4839 7843 9895 4077 6095 9513 872 2266 492 5708 8900 172 2477 3062 8419 1853 1255 6364 120 824 585 7223 9757 64 5036 3442 2179 4580 345 7027 2120 8686 1013 6381 7315 3458 5980 1006 3631 8378 6804 157 1661 4517 101 9598 7205 9700 5684 5248 159 2311 4333 8539 6423 2792 1009 7530 1936 6115 5289 8667 9444 1213 6649 7327 9650 5204 1788 4560 9369 4955 383 4744 8567 422 6085 3318 3880 1713 8196 4595 7675 8344 5660 8341 8833 5693 8072 6931 9604 4147 1062 7356 4341 7128 1974 8397 3656 6579 7149 2704 2057 4941 7766 6573 7023 1271 7244 2967 4452 9401 9813 9607
1895 3669 5555 9173 7496 1376 0 8165 949 6926 9307 5403 8058 7384 5152 8005 9056 1410 2944 2547 505 9720 6441 6628 1245 496 4268 5110 5608 2505 3055 7800 6392 595 6278 1266 5285 7712 5960 9808 2428 9374 233 7014 9411 2059 8651 6663 1538 6606 8500 1083 360 3415 2220 5453 8485 3264 4505 9440 9952 1231 6287 2162 9646 5801 891 4823 3304 7112 8751 1034 2741 6622 3802 6126 9389 3610 6036 997 5539 1613 5804 1815 3114 2311 6957 6847 9460 2720 8047 3526 8347 7201 7646 5664 1967 2689 9733 4652 5795 1405 4682 3502 2408 4872 2105 2019 2470 5986 8671 7551 1091 5952 7193 7753 2136 7278 5116 2527 4225 1362 7070 4864 701 1469 1184 6175 2906 4287 9059 5507 2221 6175 4196 9119 8063 7994 4003 9860 9538 3095 3705 2142 3400 9817 2867 1251 8546 4336 5352 4931 1455 4269 6193 9707 8990 3376 4106 2340 2247 716 1806 1675 6486 4648 8764 2356 1573 2975 516 3897 3710 8297 5418 1006 8991 9629 5906 9660 8818 6894 7402 6452 2675 9977 7651 2788 5346 2548 807 4287 6770 4016 5463 9464 4904 6621 9048 9203 9942 7707 4574 4895 6258 4012 6744 6852 6752 4784 6075 767 7463 972 4698 8662 8348 1424 5534 2870 8304 7475 6095 7127 5314 7112 4104 8238 2444 7541 1877 1368 1100 8486 8914 2788 3744 1680 6774 5918 2873 7083 1412 9879 7136 1505 7344 5484 7255 1381 4436 3700 982 91 2258 3780 199 6445 8737 5378 6583 874 7152 8509 8825 1057 1060 2198 1223 7731 2903 104 6184 9420 471 5861 7252 4024 5601 9067 6729 9268 7285 5183 70 1641 9206 1954 4816 9776 2972 5513 8312 8518 3079 3558 4211 8876 904 936
8276 4263 1290 1769 4950 1741 8165 0 4433 338 1708 4470 6048 2079 3278 4286 4809 9461 3412 6930 8529 2614 6800 1075 4695 7100 711 5271 690 4155 1587 5946 1921 2859 5282 4179 1178 5871 8040 1384 770 7703 1932 8326 3103 9315 2168 2164 1477 5887 2900 4622 5358 7085 1035 7883 1113 3467 3999 9377 1296 9489 2531 9647 3753 4002 2138 782 9287 4394 9288 3147 46 5826 7733 7320 1640 5998 6071 1103 8286 8798 9647 6364 3392 1533 3620 4043 8061 2241 7035 7761 350 388 3740 9985 5704 8298 5403 1965 2619 2383 6867 4150 483 9492 4301 5410 7317 9886 5232 8298 9370 1897 3303 8263 1922 2492 3992 2293 6661 5897 810 6026 2933 8754 4697 52 4332 2317 3888 7193 1646 5486 4062 5805 1565 6070 7207 600 267 539 655 7406 8148 8902 7414 5055 6179 7176 5701 2533 2048 8953 2809 8999 1047 8444 4004 5230 9426 134 330 7287 7774 8182 2736 7066 7315 2583 3409 3263 8964 4313 8141 2532 8584 4188 1466 7288 7110 4252 1316 856 8496 7591 2056 6222 4618 1606 1839 8081 1634 4656 5647 39 2907 685 845 8904 2038 9067 5628 3032 423 8637 4458 3045 3442 4434 3348 4491 5452 6862 6729 1643 2650 6532 3181 8024 107 5807 9351 5533 9710 6385 3549 9022 6138 2347 2919 290 3396 8963 8255 4191 5815 3026 4453 3973 6216 8277 4855 4595 2630 1820 3088 3720 7879 6014 7979 7259 2080 3121 4747 8460 9316 3064 4335 651 8859 8930 3146 1941 3042 5716 9074 1898 4655 7036 2702 4895 9750 1544 7779 1969 8508 7306 2464 6568 2643 7829 9067 7964 6406 84 698 2949 234 8506 3537 9836 4687 5865 8568 6005 4098 4504 9244 9708
785 1157 9412 7374 44 3862 949 4433 0 6452 9344 1619 6309 1204 8338 9566 6885 8508 4331 9707 583 5645 9814 7201 8542 2420 8976 6665 3946 6881 4723 4703 8079 8688 3358 9795 8291 3312 4027 4814 3937 1837 6267 2683 9679 4921 6015 1718 3765 9640 1511 4111 1870 6853 7482 7750 8507 4591 7971 6577 4767 9148 7747 4574 2527 8411 4662 6317 5713 7823 8652 3769 1346 6170 5963 9842 7945 6033 8566 9508 160 9245 2638 1060 521 1544 3585 2457 7996 789 4004 2745 1856 8039 5921 432 9110 5530 2295 7660 3500 8516 8882 3927 2308 2530 1741 5112 212 340 1115 7268 2034 2847 9104 8003 8903 9015 6469 1737 4402 6404 2429 4336 7660 8906 4059 3381 7199 3839 9970 9200 3561 1391 9423 7254 4678 1194 9953 6622 8870 3474 2142 3296 9281 6032 771 3537 6775 5490 8872 6817 983 5582 3436 4081 8561 1247 7578 8513 67 478 5145 416 8446 8840 624 745 5655 6484 9041 1814 9230 2233 5174 5647 5096 6754 8795 3694 3811 4887 7656 2566 6175 2716 7160 5528 3094 7654 66 7548 2143 2948 2125 8768 9201 2726 4369 5270 9664 2327 2633 6677 3132 1473 3747 5488 8091 295 3181 1146 784 1109 3897 2609 6924 8691 9789 8983 8530 319 1601 1489 5950 7007 669 1624 9412 9331 7738 4488 6445 3315 9045 8482 8571 1004 1157 151 691 4300 4005 4435 1388 4681 3510 3358 2373 9658 8519 6084 4143 3467 6938 9275 5278 8750 477 191 2609 4832 4824 3481 3835 3496 5084 9596 2799 4387 9519 4773 531 8033 8181 9487 6445 2829 5402 9027 4277 1781 6433 6985 1487 5881 6841 5287 176 1160 3227 6756 6284 2338 1292 9222 5653 5002 4037 501
1864 9281 4288 1098 5153 2835 6926 338 6452 0 6671 4175 4361 5366 8998 2398 8298 8287 2338 4401 2129 8280 9928 9970 1120 8391 9388 7010 1167 6438 3216 6408 4943 6769 6182 3570 6778 8058 8290 4993 2550 4667 5949 2317 9084 4743 9019 4580 8216 2972 156 1450 2486 7214 4075 687 8228 2376 6559 7458 8032 3684 8952 3778 3497 6924 9902 4282 3817 9170 3464 9814 4308 5414 993 3163 9349 6026 1061 241 1245 4262 7689 8505 3608 7842 3617 2976 1654 1583 6073 3796 1341 6565 799 3517 9645 5654 3139 7754 3872 1004 4106 1124 5114 7451 146 7059 9692 5508 8958 6888 693 4070 8133 535 6596 1511 1426 7968 6589 1175 3613 9158 2780 8509 2550 9250 6 6066 5756 1812 6409 189 9862 3052 4242 5568 2953 4261 762 9476 8754 3700 9281 257 347 6930 1120 3626 7549 7441 4910 6748 7226 8339 9901 1183 5221 2899 9722 9422 6335 2565 2720 2542 7304 8648 8489 9296 3728 3573 3473 8137 6153 8659 7945 2579 3132 5757 2452 6107 7908 6472 7345 371 2005 2640 8745 1347 7839 3065 5615 3130 9119 8877 5501 8501 1326 7403 5772 7582 7284 1829 5768 9008 630 374 5140 8921 9603 6044 44 406 7297 5417 4864 3177 8559 3830 3950 1450 534 5480 2223 7634 4260 3189 7931 7650 8200 2265 1472 1134 6618 5954 3340 6862 7147 3153 7489 6497 7342 3302 976 5811 4364 5228 7754 5717 5715 3364 8236 2230 1272 9723 5343 5833 1463 6232 5326 1184 1686 9003 6126 4380 3603 833 7089 3772 3611 1540 142 8882 3105 5422 2514 3777 575 6169 9633 9498 9857 9384 4271 3948 8775 9664 5524 6121 1039 3763 8672 7968 4987 8085 1265 5482 880 3611
7626 7280 4735 8516 7365 7502 9307 1708 9344 6671 0 7920 632 9036 1900 9774 4094 7234 3952 7573 4321 6374 7794 7626 1493 3075 6086 8288 8346 7408 7966 6451 5137 2403 5228 9637 7163 1033 1130 7705 3659 8718 7342 4367 2040 5903 8758 9457 1808 7898 5262 3233 6675 7626 8161 2034 6626 8132 9744 3297 5580 3922 7536 7486 3230 9384 1840 1397 1468 5253 5845 8558 4921 1562 313 5011 2800 3005 8253 5915 5436 8829 4426 3208 7695 5691 6027 8196 907 6004 3399 299 4052 6808 931 7071 6791 1375 9723 9144 1468 6341 9698 2383 856 4939 9632 1113 2589 4670 5646 513 5744 5020 9557 3317 4322 5204 8456 7170 9918 9440 456 1034 372 8326 2643 1955 4548 3294 9603 1149 4518 293 8256 498 5462 9749 8404 6930 8138 6394 9766 9248 6613 9201 2401 1045 5730 5416 9802 3773 5086 3177 8658 558 8149 5218 4426 5257 367 5397 9595 4603 3105 8701 6595 8621 6187 2625 5044 8820 8990 8288 51 657 6663 7145 3233 9877 6619 3754 4421 6791 1854 4379 2083 9274 1660 5164 9458 716 9473 9798 5487 7255 7270 7881 365 7901 2549 1185 2544 1026 4921 1542 871 2842 7753 1626 7732 5132 7154 1150 9505 4809 5512 206 8976 4750 9234 4796 7557 3874 6971 4857 4980 1869 1401 4968 4538 4312 6228 903 2876 3390 3574 825 3426 4445 6048 1813 8510 4275 8292 3610 3968 2889 1987 7135 7983 9294 7546 4239 1351 6870 6356 4750 7457 6726 6672 2274 8624 9047 843 1842 4133 5579 51 6594 2348 4192 1069 644 4824 64 2204 7953 9224 9571 4746 5729 6805 9079 6806 829 7890 6041 7410 7489 5790 3195 7675 4228 9232 5751 8305 8404 6516 6277
6358 2168 1233 4928 6043 8544 5403 4470 1619 4175 7920 0 4579 8374 475 7172 154 7207 7208 1751 6057 565 223 1041 5981 7033 1801 2485 7045 8494 4441 646 9560 5436 4175 6535 7379 1595 1196 8482 2331 6395 3421 7783 5416 1961 9094 2925 5313 7994 7643 2171 7259 9560 3392 2825 8580 9708 9732 8438 9073 917 9967 3259 6358 5332 9658 3069 6947 400 893 1886 5050 980 1968 1931 9710 9563 3213 5801 9658 5345 5239 3887 9521 6776 838 6590 7136 5643 3982 5784 7586 5889 2174 4995 7036 2035 6671 939 9949 1192 1591 4690 8396 158 4918 6870 8254 6472 4933 1508 7482 17 2156 7514 2014 6803 564 4391 2891 1659 5629 8250 5292 9264 5280 3175 311 6196 368 7717 8284 8226 6018 3848 2913 7707 6945 8303 3853 7887 1278 4067 1429 3469 2093 3871 7023 8445 3224 9868 6119 1087 2383 233 5312 4763 2592 7220 78 6874 3130 6954 2138 860 460 227 5071 4365 1569 5150 5528 5286 5423 5876 5844 6762 68 906 7928 215 5603 8693 239 6495 2597 1312 4374 1287 6306 7871 2982 9934 1230 123 1983 571 6150 1785 3648 4043 8769 1985 2485 9257 3121 9592 7963 8797 1425 761 3089 5782 8056 140 772 6149 9163 5096 4132 3519 7166 8526 5960 5571 2539 2151 4546 251 6333 5439 4278 1222 6221 8598 956 2667 8466 1806 6993 7419 8673 8573 3316 2237 906 4794 4506 4096 380 9788 7548 3314 1919 9426 5863 9676 4578 8357 9341 2428 900 5615 1504 9969 5074 8779 561 6350 125 1367 8028 9346 3887 6496 7828 4676 3455 8454 7839 1926 2871 805 8516 3490 442 1554 8441 1724 8577 4239 6024 9525 9789 8020 8081 3431 6695 3350
9457 9724 7487 9909 4668 3172 8058 6048 6309 4361 632 4579 0 6798 2662 4462 294 2548 6051 4075 3776 1419 8911 7342 5118 2444 3530 4846 8951 8599 3186 2559 6989 984 8968 6938 9387 3614 4217 5726 5358 2491 7309 4932 9707 421 5159 8376 8651 8518 5268 9813 2998 1997 2122 7487 7244 3121 4248 7432 2807 7879 4108 3637 8730 9226 9443 1819 7985 6491 9906 4905 3252 8712 5953 404 8162 5006 914 9163 6004 597 7453 7186 118 9821 9469 4718 7365 4985 3356 5227 2540 4610 4910 2320 3854 1255 2735 3816 1249 73 2861 6552 4186 4789 6696 1330 9888 2176 974 7067 7459 2405 4318 8792 8945 2578 9066 5684 1068 6272 1228 6235 3602 2084 6931 8394 2309 6681 430 6409 2565 2614 2147 9683 3538 7454 9632 6579 772 7216 9836 5101 3757 7346 8446 6534 6067 5744 1502 152 6323 4498 4242 3515 1584 7654 9954 6860 5286 8576 1734 6719 7843 3003 3405 5771 5673 1662 3505 3269 5470 915 191 6078 5042 442 3091 6520 8837 4120 1685 1262 8573 8336 7728 9718 4195 7261 6432 2934 9712 6043 5162 159 5501 9729 5022 8706 6415 5284 2968 8404 8981 4747 6541 4284 3752 4082 5572 4505 7267 9893 3622 5384 5191 6363 4964 8743 5959 9944 7009 3485 3144 1993 2116 3322 3343 342 6890 292 3032 5181 4608 1123 1249 1789 4347 2654 3160 5705 509 563 1890 5834 6193 7562 9405 8280 6767 3323 8082 5125 8618 7555 2049 5436 7028 250 2716 7054 7107 5536 829 8833 3142 371 926 4485 4902 6486 7536 6623 5941 1666 5272 6059 5395 5192 7894 4345 6903 9781 8209 156 2753 8936 8204 4027 6690 2300 1362 6867 6611 7690 6064 3132 2324 9322
688 6172 5695 463 4167 8608 7384 2079 1204 5366 9036 8374 6798 0 8553 6571 2834 2599 4300 68 341 1454 5850 4341 6856 6168 4271 4960 6004 5336 3770 1173 5620 7532 7962 3893 2128 9978 6742 675 4983 7483 6306 1189 3891 7059 5194 8659 2001 5779 491 2410 7403 7716 9752 6548 5539 4543 1597 6116 5936 4053 6370 5277 1599 1196 802 4476 7938 5390 1064 1062 8731 4221 8936 7929 8660 9725 8517 4651 3897 3828 7079 944 8949 7695 645 8522 7538 3775 6502 1113 3478 926 7572 3163 9497 4036 9872 5074 5286 1224 9412 6205 9862 4974 1700 6085 7351 267 4832 9110 5052 9554 4268 6858 5194 4127 7374 6816 9827 2832 7137 9254 5830 7358 3154 3883 4275 7598 7067 1300 7356 7066 4489 560 2332 1558 2741 858 6978 5522 8316 136 1039 444 1689 5142 8618 3767 9433 8657 9421 23 9146 5996 8687 6899 7701 1242 5334 6326 7792 2334 7188 744 7222 2510 9830 3144 6303 9974 2948 4995 9199 2991 8035 55 6205 9699 1355 1755 655 5819 2571 973 4907 4111 8442 987 8311 2094 4947 6368 3161 1569 4342 3872 9091 8428 5751 2569 4785 5163 3723 9723 9910 8984 5165 237 8465 3500 1366 9615 2985 1449 9267 9199 4028 2323 6099 8103 1930 3623 4160 4638 6837 904 9316 3712 4503 4898 1400 5278 8761 6127 7335 6971 7838 1452 3469 9934 1292 1332 8382 2787 9138 4274 4477 2672 1683 6206 9085 3398 4055 154 9175 9332 4184 1600 7057 3679 1899 6412 4274 2730 9515 9539 134 4672 722 1437 1497 3930 3568 3146 8312 847 3096 5024 406 9573 1278 1909 9999 2341 1774 3023 4753 5400 5693 2446 1620 1696 860 135 7416 24 159 972
5878 5267 3638 696 7400 9459 5152 3278 8338 8998 1900 475 2662 8553 0 9161 742 7131 2500 4287 5450 5814 3877 7495 8580 6146 4957 3937 8601 5554 8051 9182 1747 3650 313 5713 3101 9452 2068 6617 4186 6840 3237 7391 9401 2343 7947 8163 998 4277 9259 817 3087 5338 1751 9633 7685 9392 7234 750 3287 9853 8328 349 3184 5672 1099 6448 4601 6924 4351 3350 4083 2210 7288 5024 7899 7137 7442 5795 5943 1300 7967 4088 6731 7002 1100 1140 1014 929 2098 120 4422 9514 2237 8858 7658 9330 9348 6970 772 2597 4772 4826 5435 2538 6548 5096 5272 8901 3429 5838 8685 7845 6767 7003 2315 9128 1253 6610 6098 568 5304 8834 792 3571 5120 6859 6904 2892 6724 9465 4664 3303 8188 8107 4994 2672 2373 1163 8326 6687 407 2625 8260 9348 3358 10 4524 7366 2251 6472 3385 6694 988 4837 2226 8344 3152 2405 5075 4472 7744 2566 8407 7932 4805 2509 5670 5489 643 3079 8791 4834 9175 7410 5066 9987 8101 7155 6341 4432 7869 1927 2256 6506 277 4772 5135 3872 6463 330 9807 254 1799 535 8298 231 3399 8880 5702 995 6849 5633 1816 6557 3732 6087 8524 6344 406 4969 8137 7177 4594 8818 1329 6628 7535 50 6017 2445 4290 2420 8710 3391 4761 1290 9855 5026 5014 9918 1064 7416 2825 3435 4029 8989 3926 800 2268 3167 6923 1128 1135 6013 6430 1559 7248 2422 5289 724 5352 1533 2998 1020 962 8792 8986 9344 4453 7645 8376 1169 2968 4350 8462 7005 5230 9493 9467 3785 5939 8616 3597 6576 9392 8556 1430 823 530 8627 3267 7795 9753 9030 494 9569 3874 1620 3760 4622 5100 6851 2883 1781 1685 2924 4572 1550
1148 2683 6533 5303 8229 8931 8005 4286 9566 2398 9774 7172 4462 6571 9161 0 3400 1576 4215 3558 687 255 9980 3288 7777 524 2547 9610 2732 6534 6836 2883 9863 9960 4904 8592 1569 9468 6255 5942 9701 9758 4962 2783 3974 8676 167 7110 9957 2472 6602 5379 8377 3100 1694 2302 8352 9456 3191 4724 5691 6284 5273 5247 5020 6870 9019 171 5615 7269 8572 3676 8378 3381 5594 7738 4319 443 5019 8605 604 7185 8432 7477 6840 2574 7607 7386 1858 1194 7248 8985 4986 7468 3553 1332 9424 1306 6832 7486 7907 8040 7113 3660 2832 7528 57 6354 7944 4672 5077 4176 7491 5372 2139 7230 2411 10000 4808 1998 8469 5870 4537 3776 7122 7892 3482 814 6563 6641 6285 7104 5285 720 2629 4885 3001 1767 2904 5422 6522 9033 7492 5096 4356 5422 2409 3701 7965 9062 3191 5776 6862 1247 9912 7605 9793 5445 1125 7571 4649 6479 2526 9167 5434 2349 9659 8747 6674 2190 1543 6387 6686 2879 3461 1712 3204 3504 4010 982 6686 4076 655 9371 2367 1318 2373 3855 1192 6942 883 3330 2010 4794 7289 440 377 5373 8223 3618 2867 8324 1927 9790 8560 7133 5299 5714 8446 6102 6021 6385 158 5246 9811 8253 2745 1174 7238 4939 9443 3079 1318 5715 5466 7734 7078 949 6018 412 8262 2743 5776 4766 9570 3626 9134 9470 6846 3739 5809 3826 4500 7593 1458 2858 5451 5191 1454 8881 9360 9344 2149 4375 8768 6684 2524 9171 9567 7064 5762 5340 3341 1947 8849 8161 2931 530 1109 3114 971 4712 6677 2835 6064 2270 4877 8102 6391 9065 3772 5129 5428 6291 8370 4749 8799 1734 4416 5292 8551 3197 351 9925 6682 1682 9410 6048 8963 8006
1553 8089 7176 7647 5162 1414 9056 4809 6885 8298 4094 154 294 2834 742 3400 0 147 2841 5614 8232 5409 2192 9868 4520 1912 7501 9294 9349 5035 8667 2783 7118 7090 3912 4911 9061 6984 7735 513 2337 5351 2140 2859 2247 3167 8769 567 4495 6810 5113 3945 3237 7636 4286 9154 3545 6477 31 208 2064 4396 1759 9376 8303 8606 7080 3336 5973 6220 7140 6962 6950 4881 8903 222 3878 1137 7099 7599 6023 1358 6467 8879 4318 1207 6568 5401 4568 3506 5896 4036 865 1141 9906 3506 4616 9895 7670 4834 9074 6189 9501 4735 8972 506 299 9269 7019 7427 6854 5568 4622 3168 7898 2232 8353 3676 6870 4441 1565 2134 7123 6470 3445 6631 6586 6337 7844 8744 6268 1065 2890 308 9904 4372 7131 8799 1317 5647 3080 2638 9834 9204 6459 1486 1671 2957 7503 5966 683 8887 5248 2504 6153 208 3891 2975 6784 4097 4614 4366 5088 4102 9789 4097 3929 6726 211 3732 1645 943 9520 4054 1185 7597 1678 1081 7546 221 2088 7577 9304 3997 372 5565 5552 7338 3935 7066 6534 7175 8939 6412 6422 4409 5925 7396 5585 6662 1515 2312 1459 2549 1956 4813 3208 5369 2100 7756 6869 7875 4609 2061 8166 7616 1230 7873 6172 4486 7130 3762 4390 3634 5498 6878 647 1572 6479 4909 9693 214 9175 3216 4051 6517 6621 1033 493 1033 7733 6982 9866 7366 3878 1585 6962 1692 9906 6967 4894 7163 5237 8888 5563 4328 3855 9193 9762 4626 7158 5926 3750 5401 7573 531 8668 6762 4727 8754 3414 1066 8984 808 1418 7910 5389 7148 3176 4407 1140 9916 7694 2053 5344 1391 7998 4458 4492 3389 9373 805 6984 5923 4901 4134 8067 2580 5033 7864
8292 65 361 2510 5437 7192 1410 9461 8508 8287 7234 7207 2548 2599 7131 1576 147 0 9895 1661 5732 7779 6193 5646 5963 6007 9213 8717 2519 4999 4435 6116 101 9568 721 3463 6046 3298 301 1449 1742 8664 275 1710 532 2934 1526 5706 6005 8956 5856 3348 3181 2499 1470 5794 8903 6623 4913 9717 4553 3749 8761 6380 4325 2901 7879 8078 7675 1711 8141 4514 3169 4536 5640 4343 690 2007 2139 4009 2595 8734 7249 3924 6133 5125 6080 3257 3159 3908 1786 3819 358 7654 2552 5406 2665 9323 1550 1810 7396 7291 5477 5732 1392 6965 1341 6667 6071 5274 6062 6609 4297 5274 2723 2818 4950 781 101 9061 6281 2436 2305 6936 501 2455 2723 7228 6367 5378 6763 4865 4940 1703 1418 9789 997 1700 5386 7278 5872 1883 1529 6147 2080 2452 6953 8349 8054 5525 3167 5842 4069 110 9534 6349 3382 2567 9736 9939 9700 7440 6148 6428 8239 4469 6971 4053 1717 6864 6591 5451 8450 6254 8417 8151 4687 3497 8088 4867 8502 6711 2914 8378 1042 4833 413 8432 2313 2690 2093 5394 6540 3206 465 2028 4759 769 4099 5181 9514 2511 8131 9206 6136 7665 641 2736 8776 8746 6757 1017 8711 6362 961 1715 7326 8705 2627 2076 8226 8825 6164 4453 9532 8875 9507 8360 3283 125 4005 6686 2510 5983 2366 6894 4547 1721 4009 8571 1822 5839 6793 8597 432 8111 684 4911 5173 2035 4421 5359 8828 582 5236 9834 5118 6701 5412 1597 3613 9858 772 2440 1053 5024 4713 3326 2137 2310 7501 6380 5552 6177 2782 6022 2065 1192 6246 592 1013 6201 6108 730 8563 5338 6813 8331 9610 9981 462 8742 5900 4609 8168 4359 1447 8223 7156 3241
1524 9844 8471 3578 7968 9966 2944 3412 4331 2338 3952 7208 6051 4300 2500 4215 2841 9895 0 1142 3930 8711 7484 7029 7549 3046 813 950 4676 911 1807 7732 835 8299 4849 1724 5409 3563 5906 6953 8923 7082 8748 965 6303 3272 4268 9940 5316 8336 3458 6040 9538 1917 8669 5652 9782 7326 7817 6587 1520 6075 4154 1199 7140 6608 8864 1676 8765 7646 5825 6287 118 7188 1078 8506 2355 4136 4265 6786 2742 7586 5661 8878 9129 8802 3702 8795 5469 6853 3439 30 8522 5360 7119 749 9161 3510 9698 9799 8382 5064 9877 2313 3523 8842 9490 2975 664 1249 6738 8046 3346 1380 9822 2417 5872 8378 3774 5811 7274 8046 945 6059 9025 9166 7214 8010 677 3188 7498 9068 2937 2633 337 5475 217 1909 5356 9398 1907 4628 6037 95 6942 7986 9334 6391 4585 7506 4204 8041 3919 1356 4273 4202 3977 7856 4546 3889 9531 6253 6501 9570 4250 5028 4608 8917 3838 743 7699 8555 7825 1807 6537 561 1290 5912 3400 301 3015 9834 8309 1948 4905 7531 8044 4234 6512 292 2442 4686 7494 6408 7761 1327 5403 2161 1788 4990 9514 4127 1510 8076 9190 6307 4641 1453 7417 2799 2104 8185 2613 9322 8408 2624 7482 4880 6024 4199 1229 7121 9533 5410 2435 8117 1547 5919 7837 9795 5132 7255 3775 6714 8869 6014 105 243 1398 159 3991 4622 6728 3264 4302 9392 2319 1605 7393 3366 584 365 8983 285 1767 3037 3351 1160 7847 1708 3025 5386 1411 5787 6976 456 4491 6051 5319 4734 9190 5672 7981 5891 177 9321 5356 8014 3548 7706 602 5134 5309 71 523 9728 6147 9493 281 6025 8864 8252 1786 761 8648 8491 5221 4461 6477 3275
9607 8373 570 4948 6012 5884 2547 6930 9707 4401 7573 1751 4075 68 4287 3558 5614 1661 1142 0 3559 8125 8051 730 3215 5490 1305 6019 7168 7757 6483 273 7179 7224 1751 6012 8011 9941 8447 9510 6383 4421 4750 8547 9402 617 1597 1058 9468 1291 7805 8210 3987 327 6458 839 6711 2101 1262 2791 7769 9100 5299 3921 880 3631 8117 8660 9167 9240 3591 1083 2239 9203 5017 5781 7197 6717 930 4182 9799 4778 7133 7005 4425 6190 9563 5893 3464 2212 3423 6717 720 4881 9873 5861 4838 3009 7219 2484 9217 9534 3276 7244 7049 5988 6893 5239 4258 3958 6882 1019 7681 9673 9905 2374 8394 7387 3444 9620 9831 9079 1208 5308 3534 678 1903 7164 5341 4402 6926 3560 2834 91 6357 5255 2853 3365 7443 5310 8124 7589 485 1324 5948 900 548 1667 8040 8314 4650 8885 9027 9821 3832 8850 5484 3157 1849 1650 5767 3828 1881 6869 4898 3600 2953 3771 671 5635 9320 2712 2795 5204 4977 7237 1584 6381 8400 5340 327 7004 8540 9630 2020 1120 9365 6607 9168 2131 1082 6721 2379 8411 1940 508 8694 7958 5648 6774 5555 2548 7055 1447 8071 7212 755 5010 442 6685 2490 5229 6450 21 6461 5954 3677 7151 4367 5179 798 8940 9413 8244 232 3789 5322 6575 3394 2122 8893 8312 1772 329 7597 1770 2961 494 9449 2764 3999 5895 862 7867 8067 1886 8577 6433 8771 2251 5862 8483 1664 5899 5386 829 9774 3971 6813 355 5639 5511 7171 2739 7200 5734 2288 2760 4763 7987 6901 3544 4957 2388 5075 5345 9116 8095 3398 7480 7639 2023 9452 454 2506 3220 1898 3456 8110 9184 1575 9270 3989 1632 3787 3229 8959 7777 7567 3455
1030 2017 4325 189 116 3451 505 8529 583 2129 4321 6057 3776 341 5450 687 8232 5732 3930 3559 0 5129 2005 7683 4013 8111 1351 4850 2422 4206 2166 3395 4507 4444 6066 9690 2315 5736 5617 8075 8605 3748 8868 8492 4839 2736 573 6863 6171 2985 9227 8418 3366 7856 5869 5375 9227 3186 2310 6250 6578 9001 1591 9366 811 5238 7417 4958 7568 4454 5125 7133 9300 760 9722 9063 9547 3416 5094 7749 2124 6029 3601 8317 4539 7511 8423 8119 4888 2171 2143 309 2609 7092 3043 2231 7354 7281 7486 2747 3685 5521 3050 4232 9854 8635 1201 3149 1970 123 1854 9663 8398 8215 8076 9408 4000 5841 3619 3857 3368 6703 3826 5206 6178 8048 2017 5004 1594 2566 27 9223 3401 9726 9414 1652 4469 9374 6623 5770 322 5506 1545 3325 6443 5100 6401 7749 3380 2088 6725 4520 1344 6332 9113 257 2843 1474 7296 623 5950 4040 3668 5658 2789 3202 7771 1460 1657 9940 8714 4248 860 4429 1840 7532 8473 7322 2607 3336 9882 8728 9459 6715 8498 1809 3558 4155 2915 7767 739 4356 1802 846 8067 2900 5585 9038 5479 1555 2602 5736 2683 9972 910 3815 609 6887 8759 6692 9795 7844 7291 5970 6788 5136 9022 4681 7650 6539 210 8308 4466 2994 7824 4192 3759 8669 6127 1270 7647 3 4267 1649 4346 4884 8449 8201 6187 7416 2860 2341 6691 2006 9171 1289 8297 6757 2332 3684 3477 8799 9543 4950 5831 9202 3743 9921 8446 7599 788 8192 3731 2669 8065 1187 2201 6341 508 3885 2086 6632 6842 7879 6007 1189 6527 495 6348 2358 1781 4019 5401 1555 6411 1587 5768 3691 9470 6080 7338 5321 9328 5353 4072 4285 1550 3305 1732 3691
493 3863 699 4501 4124 1169 9720 2614 5645 8280 6374 565 1419 1454 5814 255 5409 7779 8711 8125 5129 0 9262 6794 2957 6459 9633 7522 5141 8030 3998 1420 8353 3379 1386 4715 1921 8829 416 5576 9984 7045 8432 3607 1789 8846 4123 8603 8952 9892 8964 7740 1735 7154 1455 6438 4370 9001 8894 3528 6917 2752 7391 7019 6362 9303 8674 8216 7058 9733 2951 9569 494 4650 8489 3731 3243 4957 8547 1652 2671 1726 9165 7263 7831 4378 4763 4963 6892 9308 1373 8763 8548 4271 1799 4432 1878 712 1683 4164 2936 954 7564 3202 2559 980 5426 9144 5747 1099 6081 5548 5670 5566 924 5712 7090 3226 1662 2263 5667 9896 9030 5099 293 373 7194 6333 9162 6534 1844 2578 4890 1825 3173 4890 6167 6191 174 3039 2362 5739 1961 5118 9699 9677 667 9611 2151 26 302 9622 8609 8693 1577 8152 3777 6714 4729 2115 4562 5809 3918 9838 688 1262 1843 9402 6044 5855 8373 8051 9980 1209 913 8345 6595 5816 5626 1326 1898 5831 7173 8763 5737 9680 8271 8958 9303 460 8548 9433 2852 2280 902 5909 3839 8123 5728 274 3476 1306 2847 6614 2154 8234 60 5910 1139 2396 2516 5265 7581 1453 6022 1525 5498 618 1277 6566 4855 3071 6780 985 6532 9541 4944 6589 5292 9377 8705 345 1317 4118 7912 7605 6501 782 3781 1860 6785 113 9762 5717 4641 4222 761 6085 3442 5210 6279 7908 1852 3965 2217 6817 8095 6892 9706 4337 1335 2057 9942 8189 3083 607 9816 9979 8137 7135 206 7128 4758 4069 210 9169 3716 4477 2844 7779 3626 9193 4958 2711 9230 24 3698 6197 4828 4360 7959 4582 7893 9164 4059 4061 5373 4434 2629 1332
5799 6417 8397 2230 9646 5744 6441 6800 9814 9928 7794 223 8911 5850 3877 9980 2192 6193 7484 8051 2005 9262 0 1010 5618 8205 9089 2155 6736 9698 6982 550 5935 9419 593 978 4088 9490 8021 7124 8202 824 4160 5208 6233 4046 4324 4756 557 68 6823 56 6097 940 8340 4852 3260 3692 6659 6775 1002 5573 6018 50 9465 4920 986 3511 2002 2733 488 3143 3623 7363 4057 6252 2011 436 1433 7511 4816 6987 2366 562 9722 5310 3040 2686 270 3180 482 1660 467 9876 1083 4663 2756 9825 1841 5305 8414 1366 7966 2591 3553 8218 578 5823 304 2059 2992 1533 8125 5749 5507 9425 8617 9986 9574 7182 1147 3293 2591 9212 3969 7269 2538 9993 5171 5457 497 3416 4549 8162 9160 1586 1162 4200 6006 1627 6165 8555 8401 9087 3712 1460 5284 1464 7755 1814 4074 7055 3279 4874 9247 2611 1865 6136 7544 5442 7478 3348 1459 8545 3050 4956 5239 4552 8852 5100 833 6136 8982 7033 1624 3464 7058 4149 1670 3357 4795 786 2788 5657 1012 317 815 6476 1591 875 4282 6479 6255 3384 9653 2639 8769 1919 4633 8625 4359 700 5548 9473 9858 5134 5212 4931 3513 2023 9975 5333 338 2647 1463 9146 9865 4244 8171 8481 7095 1815 4466 6103 6923 2039 7460 8291 8039 1024 3393 1111 938 8952 9392 6501 5219 9659 4004 4564 2509 3801 6158 8328 7462 5542 3388 2904 4763 3958 5071 4991 327 5081 2964 1161 9877 6837 2173 8095 6667 1844 1727 1309 6001 9214 981 1929 7993 7051 7250 258 2229 5065 8403 5103 3508 3894 7029 5306 7312 520 6488 3366 9944 2158 4996 6790 8140 2951 4715 6172 1680 654 4331 9286 9624 3934 7032 6832
5415 9328 3400 2089 6896 3503 6628 1075 7201 9970 7626 1041 7342 4341 7495 3288 9868 5646 7029 730 7683 6794 1010 0 4513 7903 1420 378 4960 3550 4028 5455 6195 2358 9932 4230 4057 4592 6593 7231 7052 8436 4582 7161 2215 4206 2396 5231 3184 5323 1536 4085 3044 3314 6427 115 5676 102 2142 4058 9429 6174 7049 5719 4134 6746 5112 6236 1013 7310 3336 2238 1340 6987 9221 4391 4241 8245 6397 3654 1840 7564 3317 3472 6078 8585 2884 1974 1539 9729 5820 548 1720 5004 4178 4780 3770 8832 3751 7468 4479 1071 1685 2278 9211 9843 1892 6228 5727 5700 4917 70 2353 962 5525 7310 5549 1109 4853 4233 8882 2564 9711 1691 4311 327 8398 3461 390 5216 6131 9052 5201 6439 3630 3114 7615 1539 6735 8979 5273 533 1822 492 4613 1645 7271 4655 9764 1392 2401 4440 9063 21 4994 5518 7434 7803 8179 1554 3207 213 1420 1263 7117 5870 5577 8399 6650 5082 7435 5715 8251 999 4798 1430 2748 9408 3763 1525 6293 8927 6955 6108 7198 1199 1342 6174 9186 5039 6371 9982 8512 7401 635 5219 2381 9885 6962 2402 7311 2039 2438 2880 1551 2219 1318 2344 2344 3719 5350 7080 5844 8093 9838 6280 3273 2895 1715 5983 4870 1210 5576 1591 6287 5635 7710 5593 7951 5783 1481 1542 9362 2741 2786 7306 4057 3592 9474 7601 8178 839 3076 4136 2582 5647 5880 7810 5822 8483 9806 4785 9068 3251 796 5226 8714 9373 4475 8210 4935 6106 5843 4080 1073 6477 3528 8222 7641 7845 180 9271 1465 7598 5159 7156 5388 7901 5591 9208 4627 9411 2910 6396 7965 9162 7407 4365 4337 3706 8705 1269 1110 5515 9120 4046 9717 3172 5879 3140
169 3448 2143 3143 502 5178 1245 4695 8542 1120 1493 5981 5118 6856 8580 7777 4520 5963 7549 3215 4013 2957 5618 4513 0 2816 7174 5870 2410 2444 5874 8390 6619 3315 6136 9556 2226 4189 5873 3801 8479 6956 393 3334 1034 6249 5717 4587 2749 7870 1926 9213 4229 6476 8798 3596 9270 1848 7627 8417 4409 5595 3551 8720 4302 2590 5355 4728 1227 6208 6805 5022 5285 6721 8362 1811 4640 1156 8932 6386 2057 1418 9902 4679 3978 1628 8608 4930 3616 1541 2935 4692 892 3055 2528 7624 2634 1038 6158 2805 7409 7750 7066 2113 2632 2190 4885 8601 142 6554 5581 2983 1348 425 5808 6246 9262 996 2190 3664 6115 2361 3474 1124 2081 471 9717 5175 8981 9200 1401 7019 5223 4487 6995 4333 2646 140 2163 78 1591 4902 6636 8313 6710 8996 4234 2676 1390 3568 8282 4491 2669 9135 1545 3039 8246 9342 6065 3233 5343 1947 7341 1078 9953 814 7233 2392 9487 7407 5468 9383 9512 2140 8900 9198 6429 7649 6172 6186 7661 4316 4574 9694 7162 1436 9392 2279 8945 1275 8353 1632 1010 5622 9371 7116 1567 8000 5785 9059 2113 5311 3863 6691 8499 2888 228 8708 1123 9989 9512 6871 9300 4352 1728 5125 6297 3761 201 256 7864 5068 1382 9849 1390 9378 5178 386 8330 823 5149 4678 1268 574 3154 6981 3494 9853 7170 3795 8656 159 3301 5 2444 4257 245 4352 7020 5460 8057 2240 1570 6785 8048 4232 5277 7945 7508 9445 7015 4748 9438 3478 9878 3157 2065 4464 1540 7121 9512 3244 6563 7469 9630 4066 5645 1679 3376 4902 4131 3037 6764 3247 4380 3544 6379 1487 9080 1456 7600 1989 388 3681 429 3780 8634 8867 4567 772
9746 9817 3145 1785 7594 4862 496 7100 2420 8391 3075 7033 2444 6168 6146 524 1912 6007 3046 5490 8111 6459 8205 7903 2816 0 9809 135 7713 5615 4399 4415 8936 6389 4155 7451 1025 4572 785 4197 9321 8902 6585 9763 4386 9354 2028 6472 2555 3006 544 2974 3877 1698 9350 4830 8971 4045 5548 3741 4903 3115 5391 1620 1516 8213 6804 9251 4970 324 2580 6488 7644 3437 7443 5538 8700 7916 7527 528 2332 904 4002 2059 8559 4424 6783 6608 1342 3583 6144 5126 6234 2128 6856 8352 42 4707 608 6942 219 1334 6735 4208 6752 469 1471 3055 7403 7578 8030 4317 8593 5450 5900 7652 3051 8058 2238 7024 4548 6007 9903 3100 8643 1969 6088 9214 1564 5967 3329 7672 108 6632 4095 623 1623 7001 7685 1917 6691 770 6369 5197 9755 8984 9957 4165 333 137 7258 7781 1619 5125 8030 3294 4810 905 9275 3107 1386 2045 5952 7459 7738 5202 5695 9167 8747 1898 8712 8814 4861 8695 6399 7754 434 4458 44 6728 5652 7964 6374 1321 2310 9156 777 6405 3625 1114 1032 9448 2320 7560 7282 8225 8121 1005 1318 5881 4198 510 2515 5283 1889 6415 3626 7178 9054 1695 3469 6079 1054 2477 1071 9553 5968 1732 7598 1134 6314 2557 6519 33 7578 3105 8944 3095 9984 7176 693 4422 6497 5746 4287 7914 5703 7450 1610 6690 7475 5601 8567 6395 2040 2304 6827 6799 1905 7995 382 5447 8413 8657 7473 3944 7756 1371 3357 1483 281 5945 9276 8380 8043 4578 3520 4967 8387 786 9986 3103 2570 6379 858 569 7564 7372 8126 4853 7358 8789 2959 5723 261 6389 6286 8360 2241 4528 8232 1265 7934 7584 6713 5692 1642 4641 5464 3419
7538 5698 2753 396 6087 3584 4268 711 8976 9388 6086 1801 3530 4271 4957 2547 7501 9213 813 1305 1351 9633 9089 1420 7174 9809 0 5647 8217 5583 1348 985 5661 6343 924 1785 9206 4475 1777 3679 4196 1076 6810 3770 4398 462 7757 7168 9964 9375 594 2691 1637 5254 2480 2236 2341 6257 7595 1214 2949 7529 8176 2701 5137 3092 9771 1559 5828 4980 5447 5056 4405 9035 9908 6627 1436 1638 3853 4255 7216 3694 6195 1335 5715 7851 4777 1954 8340 3248 6802 3438 8091 5050 3994 3127 2126 1735 5545 9369 4686 4423 6240 2172 3070 5422 6374 9766 7983 1920 1022 6355 4439 735 1157 9885 8958 6824 8604 5160 3867 83 4137 1559 5003 8471 814 8518 37 8026 4523 5151 8651 9770 8406 5759 2445 2256 9865 2108 4817 7497 5816 9999 3168 3356 4462 6090 9589 7833 1033 6790 196 2009 1348 8704 565 8925 3283 7776 1025 2669 2458 6108 785 9817 8387 9774 7721 8971 2347 2494 848 8867 8714 1520 3622 4778 2173 2300 1129 6358 2805 4754 987 8652 3537 1683 199 7493 1423 3586 706 444 8673 2313 4963 486 7298 61 4868 5948 718 3516 502 748 7768 3150 4372 9875 2823 7289 4210 8016 171 4907 587 5913 4534 1582 2046 9169 8091 4955 2233 5916 1919 1349 590 4769 6123 6382 6600 3692 4607 7919 4867 5897 6954 2769 6136 4994 2504 3187 5712 3641 3197 6725 5616 4048 4958 3614 8794 6445 3166 411 3997 2038 8415 7897 7394 8258 686 3402 3602 5772 8188 5050 5586 8980 415 3701 2662 1527 6364 5021 4632 7017 8597 8598 7709 9912 394 9503 4601 9216 8759 8473 8761 3822 7487 6892 9562 969 2679 2247 3645 1415 7168 570
