250
0 5980 9056 5838 7023 7549 4622 1665 912 4953 3464 491 7072 5638 9159 5229 2397 4307 3663 8488 9912 7744 2433 9200 6665 4008 7156 7935 9540 2108 8779 5535 2130 2409 5488 208 2599 6463 4428 9962 3638 7160 6509 7234 2155 9698 6480 6015 1404 5953 321 4579 9886 6746 373 5709 3763 1570 4073 3314 8172 7535 2298 5754 8667 5313 9465 2320 4432 5667 5765 3054 4766 33 1634 5875 2136 6336 5693 2582 9202 475 7877 9797 7332 8907 6481 2468 3332 9632 6952 6682 4531 1971 2952 5064 7856 9329 2725 7849 2911 5007 5607 4010 6382 7975 3357 4926 9757 5320 4888 7265 103 1560 2599 69 4227 9727 4078 666 6233 9609 2307 7470 4928 6775 5205 4873 118 112 8209 6277 5673 1752 8080 2126 4430 916 3224 4633 7418 1867 301 7621 8231 4901 9237 3644 7092 2711 3423 6983 9116 1577 8994 6649 9103 2326 9019 3819 7434 1476 3684 4319 6662 2670 3085 1375 6116 1625 3557 2702 7797 4348 7632 9761 8090 85 4630 9248 4886 5288 1179 5664 8506 2805 9155 9621 6569 2701 6423 2757 6866 4461 9075 9388 3817 3756 4005 7622 411 9599 1126 9459 2001 1152 5888 3796 7373 2166 7517 4639 2917 643 7976 6014 1182 117 1881 3971 5059 7109 2604 4721 9589 8106 9572 6841 5925 1697 4263 7926 1955 6712 8884 9365 7418 6817 5249 1312 5014 4494 4024 3339 5142 5971 8108 1295 3432 2705
5980 0 7449 7509 1948 9713 9340 1363 2106 8098 4281 1911 6125 5993 4620 2386 8266 4800 6488 7301 8523 2314 8110 6395 3328 5170 3388 7320 9455 219 7017 8140 8024 1798 2469 159 1815 6745 4478 6997 2684 1519 6695 3381 1507 3067 7633 5380 5103 8676 2376 5395 855 2137 9707 9439 6539 7452 4056 9361 3364 4313 9031 7541 8664 5734 9063 2115 6336 1476 7593 9745 6598 9367 4438 1203 318 9252 1129 9355 8996 2083 9064 914 6594 2660 2475 9052 1085 9498 6552 4808 7330 2482 8473 8831 2172 2122 9860 3563 2559 9574 2516 8976 5732 6211 796 7145 9312 4614 1129 3278 2871 2475 8815 4592 8327 3549 4905 3594 7917 8757 1167 8862 6156 5372 7099 2033 784 7933 8135 7269 1115 9317 3646 4180 2696 6135 9865 2624 3370 7987 7337 7992 6107 5249 2810 5417 912 9785 3685 5830 6841 8487 6735 2200 2736 6836 7771 1476 5992 7910 3201 2267 1559 5595 2331 5395 1609 7478 6881 576 7890 9326 8870 1061 1674 7856 9897 7150 7582 9997 5847 7974 4446 3707 429 3681 1413 7124 5564 211 7919 1467 5769 2183 795 5417 3658 3273 9000 5208 7323 3541 8415 5679 7105 7950 3388 1637 1295 568 5339 1983 432 6661 1022 4544 1073 2785 8925 4505 5281 4951 8153 5713 2383 231 1355 922 4687 2233 7351 5355 3446 5890 5772 6436 9669 5938 4446 7605 5764 716 3275 488 7987 3210 1561 707
9056 7449 0 3458 3381 3662 9795 3983 1070 668 9466 6707 6270 5673 1209 3910 4654 9798 7649 4323 4169 1171 4613 9050 1177 2522 6736 1405 9536 4757 3527 8552 3287 5115 269 2803 4059 2115 7924 2999 5951 7871 131 6519 9383 1233 6521 1261 8586 3940 285 3909 4908 5357 9948 7628 9954 6947 5521 4208 7446 1516 3443 5140 1185 5219 6434 8329 300 4410 4315 2792 1707 9911 2840 9622 1556 8173 8008 1047 43 2496 6269 1840 6856 3793 3086 2905 6921 7469 4210 1096 6462 4582 2086 4516 5828 1509 6399 6244 7916 8466 493 3836 6814 6226 690 3998 2109 6425 7329 2222 6428 1809 4981 5353 3856 1180 1788 4072 1654 8065 9842 1066 9163 4539 3843 8661 4872 8114 9147 2343 7881 800 6535 9287 6440 6145 2853 1180 8658 5666 7938 6711 7426 1619 7101 8399 8089 6595 9082 6650 8360 1032 4485 6947 4644 9578 769 7313 1115 6032 833 6957 6789 8736 5284 4402 8408 1997 1591 7032 3673 157 2236 340 3907 1504 605 6302 7550 69 5268 6384 7350 3335 5941 9345 4335 945 5202 2110 5389 4752 9718 3072 6833 4168 3674 4870 7254 4757 5943 7514 9213 3116 4249 8129 3776 6814 6489 9634 3150 8528 4792 8425 4917 2225 6878 9632 2287 2648 1802 5180 3245 4184 3577 9174 6874 2689 9086 8859 9216 4110 2058 271 4399 6485 3540 630 6184 6268 9585 7089 9242 5226 5436 8157 1542 1018
5838 7509 3458 0 3621 2137 6830 5105 8815 5377 873 1304 5895 1299 7903 3613 2251 6191 6264 8635 3168 4313 3853 8012 5228 9913 9470 1839 7943 5174 9477 4943 9506 161 5694 4133 4351 9673 3232 8977 6254 8798 9491 2516 5315 4776 8221 6911 7212 6178 841 5563 4942 1942 3797 9984 1253 6600 9566 3399 1189 8997 7129 7448 1084 2047 5464 2383 6976 6315 9200 4281 4679 5725 1280 6673 642 8528 8223 8404 9671 2459 8386 669 3357 7330 4093 9199 2706 4397 1234 1580 3000 6993 5073 8040 5255 6606 4835 9231 2307 6375 6277 4169 9904 8420 1595 7359 3129 9294 9 3844 5503 2012 1835 9181 6043 4208 8654 1083 1068 7120 9925 4075 3089 9124 4840 5172 444 9902 90 2068 3129 6102 1470 9338 9337 378 8933 5366 3797 4482 650 1937 7392 5186 1196 5077 6481 2897 5017 8998 6103 3378 8779 2571 9921 8318 5169 5473 873 6988 8367 6574 9130 7636 6653 4319 1085 805 1673 8733 4511 3973 7683 8039 2246 7000 4817 5501 6335 1507 3700 7412 7733 4932 5936 7531 935 6884 143 6044 4674 3804 1162 68 9955 7286 3584 8068 7256 4210 2960 3409 2720 496 1977 9342 4371 8645 995 6713 5572 5684 9251 942 4870 1490 5649 2546 2148 7772 8946 4245 4007 5367 9580 6262 1306 728 3785 9896 1140 3736 2982 1980 3552 5034 6519 5745 7845 4203 949 3374 2973 4710 9697 6188 8292 9865
7023 1948 3381 3621 0 4306 2220 5700 6275 9075 4979 8360 2620 3915 1692 1762 355 4480 3953 279 8104 2643 4411 4929 1574 1959 7090 8862 6418 2467 4773 4981 9749 6270 6690 8811 8013 7395 7475 741 8084 7680 3777 8290 7606 1466 9219 1946 3002 8840 4745 7163 3165 4595 2470 7533 224 3324 5037 7307 7315 3503 7017 8360 6449 6207 1319 3029 1012 7722 7350 2383 1926 7768 409 6649 8906 518 9755 5985 6474 9158 578 6441 5149 3778 1532 1418 3148 101 3939 4865 9412 8552 2563 8064 4233 1718 9998 8517 1160 9901 731 9726 8053 2279 1547 2258 2967 9875 3007 3613 4816 8105 5130 5740 7966 2784 6253 120 8770 5497 8089 2124 6368 7132 3649 3494 4587 8235 7098 8038 7003 8514 5534 1113 1 4867 3405 1387 5667 3269 3477 245 8883 6425 6130 3648 9689 3725 6601 2667 8198 9112 3368 4037 2699 2788 3125 2656 7055 712 2782 409 594 8913 1250 2678 4170 3731 9893 8474 747 1433 2272 1191 2044 6516 231 617 8805 5228 5918 2430 7382 7783 8171 8149 7241 4257 6692 7069 1552 2610 3713 7908 8471 4196 7287 6298 8216 7737 2778 9167 2024 4302 8974 9292 2758 1039 5179 3954 8761 3093 3060 5301 4075 615 1610 6849 9776 3585 1256 7270 2304 4258 2543 4564 4370 291 7357 6933 511 1809 2175 8159 9507 4078 857 6845 6365 9339 3156 6015 5954 5578 7818 4707 6415 7691
7549 9713 3662 2137 4306 0 9154 7121 4792 6294 9046 2460 64 5475 7261 4347 6234 284 3865 6226 7866 3957 732 3616 1375 640 7769 7829 6720 3594 8161 2395 3431 8194 2013 1700 9556 962 2819 7526 7435 9780 3711 7481 8878 2828 7960 3954 530 4610 2856 52 3008 7666 2588 251 6353 6907 7505 1699 7256 4409 8485 3587 884 2640 1811 1483 987 8196 2682 1221 8897 448 9505 7717 4910 628 156 5890 7736 8970 2729 123 7576 4757 9240 1765 6646 520 5636 3736 2036 1704 3907 7528 7496 230 9787 16 8065 9762 6960 5934 9758 8956 8270 7465 8181 7368 9792 568 1218 1695 3818 6747 3024 2383 3754 622 7331 8934 3098 2499 3311 5863 2812 4759 6451 4551 5187 8946 6409 9738 5302 6283 3170 5067 4731 680 2457 6800 1985 612 8849 3111 5834 8971 4520 997 5967 3111 1075 2378 5248 4276 7798 2658 3484 8314 5027 3792 5309 1630 7740 5876 9952 1663 9945 2264 6631 6826 722 253 7664 3599 9562 434 2365 9150 9906 1019 3401 4901 1298 3629 7382 5468 832 3355 6195 4530 1419 4018 8583 1633 7951 4349 8673 3391 981 1755 6259 2235 3522 3189 2858 4178 1476 6107 3297 4246 3141 9177 5054 1971 6556 6194 9674 3280 6552 3237 2353 1348 4057 9531 5812 7799 6874 7172 4254 1849 2072 2005 3126 3387 8816 8834 162 5343 2923 6005 5552 3398 9252 5059 8755 6596 4154 3761
4622 9340 9795 6830 2220 9154 0 80 7788 1630 2798 1486 7982 5461 3112 9826 9641 716 5076 1365 6570 9363 9189 4046 406 4616 7490 966 9591 9024 3522 9418 5362 4550 5795 65 6971 1728 5177 4744 5983 9587 9769 3241 258 1583 9768 8594 5955 3131 5686 1324 1658 2340 4492 163 877 7433 6244 947 1330 4822 4482 5367 2246 5166 3567 3794 1136 8861 4761 2575 8757 8576 562 9402 2631 6738 7455 3937 1409 6387 2384 6106 4979 803 9218 2678 2983 4067 2948 6353 4327 2627 3307 9699 729 4578 3567 8248 3720 820 2314 5424 574 9931 3832 3477 1950 8369 12 6635 3238 1809 2347 2868 1707 1145 4313 3756 2901 9434 1553 1193 6949 5022 3684 7033 6196 9592 4780 6321 3206 7533 3370 7445 5680 251 4713 4445 8138 7270 4435 3991 5558 8695 2233 3753 1857 3373 6583 2867 7838 2507 2339 8044 902 574 3356 6130 7570 7038 5028 68 6317 3149 4441 7887 2585 3926 9146 9322 5482 1316 7300 2489 838 2088 9432 5687 9107 3130 5478 1657 8375 465 3193 8567 8238 777 4590 7186 4478 9610 4326 7424 6505 9667 1113 2624 760 5348 7018 4916 4248 8740 158 3266 409 1186 1236 3960 1828 3789 3451 224 7850 903 4642 3813 1141 406 2121 9903 7475 9513 3333 8174 5096 1000 9334 4645 3730 6617 6188 1894 1372 298 6712 9300 5177 5299 202 3204 922 9266 457 4870 6167 4315
1665 1363 3983 5105 5700 7121 80 0 2510 1767 4279 1660 2611 1267 8734 8018 9347 4130 1205 1085 891 4123 6917 8826 7580 4370 5671 5521 16 9080 7122 5757 8367 6617 6750 3020 1193 1994 4202 1308 1408 8413 7115 9841 5700 7591 2992 7864 4636 6922 3691 6701 57 5723 6777 3134 3106 4366 3712 6799 2091 3582 5768 8663 9255 8072 2172 1859 622 3473 4662 3242 2917 1581 8131 9060 9205 7458 1187 9535 3005 8148 8529 5271 5770 2483 8766 427 2466 839 4339 5483 770 809 6433 2949 8598 5122 1517 3679 3478 997 8840 4486 7268 7556 4266 4846 4979 9564 6577 995 8208 3999 7907 123 9168 3841 961 61 2869 6905 6204 114 8874 7461 4497 1691 9851 1276 4650 4661 6588 5437 6989 2911 4198 3499 2188 512 7316 2311 1412 858 817 2170 9790 4150 4064 5073 5626 4745 7475 7118 3773 8205 2881 172 1505 4315 9077 483 3307 8260 5527 4753 9458 5727 9068 7986 4334 2589 4833 5688 8596 4326 2996 7917 3910 8313 7023 9400 7524 4501 5587 4302 231 4180 997 5817 5808 6864 1987 2422 82 4862 2258 8180 2312 2463 540 2884 4364 6597 1745 2968 5931 5936 6369 9221 662 3699 2816 5101 8939 4171 2060 4715 1188 2823 9391 1970 6268 9324 9072 4253 5733 630 4820 8673 6143 9871 1089 703 4168 4737 3330 2164 2635 1700 3649 4446 2304 6452 7358 6406 2838 6284 8667 1677
912 2106 1070 8815 6275 4792 7788 2510 0 4978 8836 2815 262 5078 362 4095 400 8979 6303 9323 4437 4620 5451 6349 3642 9705 7716 3610 4765 3238 8329 5601 1067 6313 9643 3998 4580 7283 830 10000 6323 4558 2350 6936 990 8021 6548 291 9496 3165 7373 8471 2451 9302 9787 2378 5975 7175 6858 2667 7694 7341 4244 826 439 9584 1941 1580 452 6202 2236 7947 1799 863 9957 2365 2505 265 5426 9021 5848 5932 7384 4950 8596 690 8410 9455 3997 1720 7699 7035 6955 9848 6831 6177 118 886 9927 457 5457 9647 195 1054 1924 2198 2025 524 7710 4131 5082 526 3938 8359 7202 4405 568 2808 3585 1338 9938 5377 9077 2123 7996 2290 8833 9103 1290 9426 4521 2203 8160 3738 7979 2859 627 3258 5829 3035 8734 2198 907 2114 6661 243 124 8845 4975 3872 4289 7229 942 4223 6886 940 75 2248 8320 1018 8784 1487 7715 9990 9116 2994 2107 862 9585 8929 7139 7511 9234 5810 3796 5952 5159 4718 8867 5096 3065 9229 1597 6794 1102 3666 5402 1239 1940 8657 1829 5531 9132 3170 8607 3589 5979 7494 2101 9993 4320 8720 7601 9750 1915 129 2761 5615 4157 4478 8813 8615 9003 9774 3247 8319 4110 680 9321 7574 7516 53 5620 2580 118 5305 9797 1124 3612 2049 3193 3297 646 4239 1422 4899 7938 7017 8350 908 2707 3293 8270 506 9957 3331 5415 8853 9329 4748
4953 8098 668 5377 9075 6294 1630 1767 4978 0 6847 4490 9296 4887 1256 2075 4174 4750 6769 8314 2344 209 9639 7020 3469 8174 4865 6534 71 1808 3602 3192 8940 9371 9240 1298 3776 5677 3988 489 625 7507 8613 1752 9909 6603 8695 8788 9744 6656 8221 3086 1067 2481 6181 6296 764 4336 479 3572 1958 2168 8572 6402 909 8379 1061 9540 3394 796 3812 3184 9751 2365 5780 2243 5489 5424 7183 4603 9847 8232 8195 5461 8182 4225 7031 792 1327 6458 5509 3165 7575 1436 8874 5403 2454 9803 9690 7262 620 3258 1003 2296 967 8755 5736 9605 3421 2058 2266 9568 8369 4893 6416 5751 788 9693 7627 3654 3591 1398 2357 5590 6152 9585 4001 9174 9450 4932 7274 2248 7112 4359 6139 61 3164 9210 7952 2370 6897 6799 9040 1043 7363 2473 2548 1373 519 2612 7726 8759 6264 5926 6512 9537 1383 4596 1425 1529 5420 3536 1779 7825 6256 1502 6423 5699 7024 1776 1396 7281 7088 1310 2617 35 5466 3883 9757 1706 1069 1877 7300 6838 8550 8831 438 6598 7405 3380 4430 968 8606 8065 4509 9224 4110 3480 9225 4712 8417 2685 5689 6232 4062 2571 5458 7365 7304 8761 6339 1418 2925 1247 1563 9780 5928 3608 4664 6511 3820 5635 6263 9283 719 3363 8280 4639 5163 1829 9173 5596 2975 1995 6385 6897 2153 8710 6863 9056 3840 5372 7702 7946 2014 5516 3721 6983 9674 561
3464 4281 9466 873 4979 9046 2798 4279 8836 6847 0 6207 2459 668 407 306 3013 7207 9185 5159 7120 5544 6847 6030 7234 6380 8106 3312 4944 1371 9576 5824 2316 395 9174 3515 5807 222 3043 1282 9484 8613 6088 1015 8608 9356 7282 7900 2782 1472 3831 5193 4493 8924 4479 6209 9450 9487 1254 2518 2139 886 7610 1393 4651 7319 4539 781 3082 1276 6820 6495 1037 3971 9258 4532 9488 9337 134 7395 9443 9856 44 4785 7477 4302 2297 3447 3943 4698 7854 1921 282 742 4948 8284 6787 5092 6535 2537 3144 9686 6062 9668 2251 5061 390 5647 9776 7075 1389 4387 5898 7020 2912 4987 9299 7420 8483 3196 1308 1916 6673 4405 2796 7878 1864 8838 7857 3869 2843 9564 8172 4386 5863 5840 4446 8674 6127 1908 5864 597 6579 9230 9144 9756 1004 6149 7109 767 1280 4395 9507 5215 8240 4174 6825 3517 174 4368 2783 6579 6606 7610 4029 7396 6161 1281 6413 7975 3314 8545 4974 3521 3037 8465 3831 5149 5474 611 9932 4824 2293 3357 6866 5265 2220 5643 5425 9962 3464 728 5893 1637 6725 6202 8221 9505 2227 4552 450 6518 7713 5467 5834 5909 5964 9185 2962 4272 1678 1177 3589 6718 7462 4224 518 5963 8209 4785 7942 8822 3211 3695 8803 1483 5529 4748 2144 7785 5354 5751 2276 2905 7561 6879 9064 7576 5646 6049 7822 469 1196 2434 3515 9415 4371 9440 6371 1626
491 1911 6707 1304 8360 2460 1486 1660 2815 4490 6207 0 8930 4666 2745 1428 9100 1232 9901 3618 2441 1233 2585 191 3603 2871 8730 428 4780 4454 4224 7646 1139 630 4561 4896 6519 6895 5381 3087 9231 8510 4255 607 3644 7921 8503 9547 1023 4091 5545 4218 6437 5926 1166 1510 4752 504 9230 3837 1071 2550 9682 568 2540 2395 9176 7153 5961 9844 236 2711 6215 4572 5036 4752 6223 2842 1320 7412 3447 1319 4648 1257 107 2534 8387 3234 9779 384 5864 8695 3918 9694 6866 6467 4325 1535 3641 9106 8342 9404 6973 8602 7773 8829 3598 8123 2330 5661 5891 3819 1537 9669 3758 9086 2128 4799 6994 2208 5382 787 8174 9291 3573 727 6062 2386 3453 8049 3704 7998 5560 4450 977 151 5803 408 8851 1889 4154 8703 8015 9952 523 4758 8104 3203 2750 9141 2564 111 3846 9179 546 9994 2658 1460 8349 9391 2023 8839 62 7950 2264 5333 4253 8040 3558 8831 1483 5471 5898 7608 4479 8295 3041 74 4205 3915 5726 3845 1127 750 87 6110 2281 7104 4178 3642 8297 9346 6619 9420 821 9025 994 8745 456 3984 8515 3091 9531 7446 6539 8322 1249 5074 5425 345 2696 7036 8895 8865 6946 6413 8217 7128 8465 8865 4517 8789 9396 9584 335 1197 4729 2104 4582 1058 2989 8466 7825 6215 6288 2516 8357 2126 7604 5107 9655 8961 2057 8618 6331 8203 5543 8582 6553 7821
7072 6125 6270 5895 2620 64 7982 2611 262 9296 2459 8930 0 8362 3758 3137 9907 4083 1780 4240 3427 9361 6953 1785 7832 2743 7893 4155 287 75 3568 1011 549 3574 6966 8080 9954 140 9085 2977 4080 2603 2247 9512 7854 5447 6570 3675 1778 6180 996 8963 3019 3265 5203 1468 6205 8721 5313 7904 858 5715 280 3494 520 3054 8367 9368 3854 7320 1316 7316 5869 8152 9815 8588 1770 141 3730 3244 9399 1341 8425 7710 9349 5955 9570 9599 447 7518 1216 1665 1672 7806 3840 4265 3821 1679 7461 9938 4227 8901 8204 5143 438 2840 4798 1786 9869 2075 1229 1978 5923 4223 5270 7777 7298 6512 5319 6257 4901 1181 7153 4875 8104 3212 7612 8373 3476 881 5363 684 4199 5222 181 1273 7590 3000 9967 5838 118 935 3682 9581 1683 7346 8874 6150 3713 5738 3558 2732 2717 3720 5550 8337 6986 584 5522 8271 4195 3895 4009 6413 94 8877 6422 1894 9007 6825 5629 2940 6754 6298 4533 1096 1427 4113 902 4291 8151 6194 4073 9697 4864 9656 7921 7466 3162 5460 5118 7647 8685 5756 7920 699 8201 9356 7450 2932 5722 1462 927 5375 9901 6037 6392 5850 1827 1746 7747 616 324 2374 8400 3798 1912 363 9360 8168 8572 426 6503 5099 6552 2842 5920 7312 2325 9253 8684 511 2600 6444 4313 31 4372 8874 7591 407 5297 1396 7596 1259 9023 2390 1174 4456 8922 2451
5638 5993 5673 1299 3915 5475 5461 1267 5078 4887 668 4666 8362 0 8238 6794 9220 6879 4589 244 6844 873 1460 9209 2681 9476 7183 4768 7361 2073 380 1728 3892 2080 7140 4347 8818 2506 4206 3252 4774 7632 6444 1240 7507 7848 7468 4939 4533 2619 9990 1629 7911 7780 9778 3819 2598 5878 4115 8319 3599 3434 8462 9885 4339 3237 8531 8838 8474 4736 2032 9580 911 7863 150 8919 1743 3557 3530 7471 4443 4840 2091 2428 7478 1282 6509 6713 4729 8371 451 9766 8123 9987 7262 1841 4160 9418 1842 2484 1993 7390 2288 631 6979 3609 4582 9964 7429 8199 746 2694 6843 8465 3746 7255 342 8463 7617 4676 5764 3667 573 7865 5773 4173 6103 3690 9252 2810 4233 7376 7605 7231 380 8707 9905 8035 4287 7554 4940 5000 9541 812 8890 4803 380 6489 8985 6146 4453 8538 2729 3130 8309 4724 3412 713 223 6743 4268 81 2003 4048 3635 1007 9671 6744 7780 1840 7486 8361 9676 4655 864 8362 3310 5334 4116 8972 9279 8202 3532 4644 9264 3004 3624 6082 8108 7783 1363 3696 4660 3369 6462 7177 2120 4996 9559 714 7041 2055 9858 3965 4535 1528 235 2982 2313 6764 3458 5022 8299 9486 7880 2625 2085 8960 8021 2950 5404 2596 6339 8015 7359 7409 5636 1882 8245 4886 6492 9958 314 413 5179 9800 7514 2272 7698 4060 1391 9322 5207 7561 7365 5067 5562 2035 4067 681
9159 4620 1209 7903 1692 7261 3112 8734 362 1256 407 2745 3758 8238 0 9314 2416 7346 8434 8690 2778 9922 9539 4343 8812 5133 9468 4279 9813 8543 69 8164 6856 9308 412 2455 7440 5572 9787 4169 7211 7160 5259 6996 9418 4437 8197 2607 4587 7219 5469 5607 7957 5267 9379 4459 1833 7849 9140 1823 6103 2986 7481 3050 9404 1389 4124 9454 4443 1064 6275 6907 5517 5447 2936 4255 4148 9824 6132 9584 423 1306 173 5628 7950 8422 2289 8181 4161 873 3184 5605 4660 4947 3977 9402 4866 3884 2266 5283 118 4249 4676 2097 2654 9967 1187 1589 8620 1274 5034 8293 2922 1609 265 3553 19 8531 4336 7653 1155 3991 5993 3238 2456 7236 7862 9125 1356 1092 8679 657 8333 6717 5684 2772 7718 746 2714 416 9017 4699 5620 3249 7043 9161 6162 7735 4673 4225 9659 3490 4692 5664 6513 520 5852 545 3920 9820 6190 2733 4042 4827 885 8537 153 6977 8361 2243 361 5020 1889 9028 8455 6813 2155 3771 3984 8791 8421 9911 6321 5972 2608 5572 4577 1791 6834 8797 9001 9684 6823 4946 678 2153 7403 2550 3337 9048 4872 9513 8094 7857 1928 9000 6021 5346 2867 2737 1790 8570 3871 7305 5858 8252 7165 7296 7026 9868 1580 5459 5210 6352 7299 8437 7968 7328 8420 2168 1127 3099 7586 8623 5454 3172 397 8416 8419 2993 3601 9938 2334 2751 469 7112 6007 4709 6929 195
5229 2386 3910 3613 1762 4347 9826 8018 4095 2075 306 1428 3137 6794 9314 0 8882 9398 2614 9778 5272 7297 3667 2872 6459 9941 3153 7310 4656 1463 7729 9842 2472 7756 760 1377 607 9542 3904 5661 7450 5087 1830 3182 3820 3036 2152 5638 2264 8841 8728 5670 3186 1276 138 756 7452 6535 5560 8365 3217 1603 2041 4110 5160 4867 9644 6146 2172 8533 4967 9647 8680 7192 235 4815 2396 9848 2501 1120 1673 5163 4872 7170 7998 3038 8212 3659 9315 3188 2521 4231 1677 5097 6371 5114 5082 4874 2897 2071 4393 5326 2318 1685 1712 5220 7905 8390 4874 2495 8187 3334 2084 7516 1244 8879 9976 5926 2311 7895 9510 2193 1048 7385 5728 4218 3431 3613 3035 9961 5094 1512 876 6976 3187 6158 1253 4056 7220 5669 4176 1243 1481 3211 6532 7051 993 5035 1603 1682 588 3082 5583 8747 2121 6154 5186 7343 3514 6233 7830 1001 2342 677 3574 6778 4347 1149 6822 9308 4610 8292 9040 2890 2814 1041 8606 3334 3984 8083 2230 4564 1082 8563 9543 9660 5094 6271 3633 1413 7843 5242 9404 8541 1399 7233 8081 1410 9547 162 4397 6453 4170 432 4634 8456 1222 9923 2114 9429 7133 2370 6964 15 4862 1663 1155 1871 3901 3026 7332 5134 6323 4865 4045 8298 1763 6067 3792 6299 1598 202 7476 8493 5315 8807 2327 6710 6272 9370 3588 9798 1343 171 7697 5264 1300 4749 6977 4114
2397 8266 4654 2251 355 6234 9641 9347 400 4174 3013 9100 9907 9220 2416 8882 0 6186 501 9357 7588 869 5086 5571 7377 4970 6275 7486 4629 4448 336 3333 654 3205 1116 2312 1554 6954 8130 1368 2048 4516 4691 6921 5846 8236 6809 1403 1219 3709 7046 6959 7928 429 8056 7342 5805 2657 5498 4304 566 7761 4163 6390 1089 5396 3275 6218 7635 3588 7237 5678 6851 3239 7913 9603 1395 5250 1047 7657 3845 8465 3534 9520 4307 8361 1792 5949 5585 5012 7687 9086 7568 3852 623 8881 313 4255 5039 2192 663 937 1221 6779 3805 3770 815 9588 5189 8808 744 7790 4990 2822 6849 7396 8505 8901 8794 5200 5953 9926 2328 1026 9206 635 4300 3749 5519 4424 3546 2543 1064 2699 4102 6124 2799 3239 880 9191 6282 6843 1391 9522 2518 8228 7645 6522 2944 3809 8253 9001 708 5238 9768 7464 4049 6524 1125 1177 6598 6564 94 2775 2636 5871 7175 2322 9503 6546 6761 7411 6480 808 6026 4222 4132 2242 2516 7178 3239 1190 8489 6112 7126 764 7028 4074 2953 9643 124 2405 2158 2035 3596 3075 5189 2190 2169 4642 303 2977 4214 1660 6244 129 8664 1268 1125 9893 6892 2080 8013 3213 7935 5631 4299 7300 9587 5925 6493 1262 9873 3944 9893 1689 5806 5914 8118 9209 3248 5628 4190 2485 3814 375 3320 3746 1630 7822 8058 1882 1069 3139 3351 4994 8398 2870 7637 2891
4307 4800 9798 6191 4480 284 716 4130 8979 4750 7207 1232 4083 6879 7346 9398 6186 0 1433 7868 7183 1508 3466 8781 3204 5032 6636 252 1278 9793 6161 7945 1742 5288 2894 2464 391 2594 6859 1849 4290 9840 4409 2350 6822 1418 0 7073 1452 9189 1270 8219 4697 5954 2173 546 8358 7970 8626 416 3440 3998 9712 9362 8977 684 368 2422 226 4187 4622 1707 6813 1841 2425 7292 8743 3052 3575 3031 4852 1977 7947 3048 3234 3540 543 7223 4767 9958 6370 5778 8286 7344 5786 3642 5004 2790 9861 5253 4078 8298 1917 3057 6212 967 7283 7789 1260 8276 7571 3964 4478 3077 2588 1669 6030 5594 3375 3346 1572 3469 3133 1878 1503 4352 9159 4452 525 9221 8822 9329 528 1917 3845 5316 8851 9738 1329 2626 5257 3002 6275 5314 9227 3955 3366 1929 8843 5133 7415 2775 7933 9516 6026 9676 6214 2384 4671 7746 4794 975 8647 7547 8897 9851 7764 7352 3225 350 103 4891 8176 3281 5526 3681 6974 8944 2751 2748 3874 7374 1674 8993 2250 9080 7403 7757 3677 8366 4271 3543 6810 5796 2601 2202 7843 5826 9130 6723 8186 5024 9460 1322 8578 3320 2855 8834 3311 7353 6743 5878 8499 6478 990 709 2699 8551 2217 1423 7491 425 1246 8184 3382 1860 5099 6926 3189 2070 356 2683 2745 6988 9707 1640 3045 7696 3314 208 7621 5151 4527 2699 7702 7311 222 8554 4964 7217
3663 6488 7649 6264 3953 3865 5076 1205 6303 6769 9185 9901 1780 4589 8434 2614 501 1433 0 1402 7805 298 3523 9684 5437 8720 3036 4218 4248 6322 7423 2162 8900 3768 2657 9052 3751 9003 2871 3687 5199 5113 5704 5628 2745 1913 9839 4164 1073 2292 9930 1144 6943 3841 5179 1779 4847 6759 3851 732 1210 1152 9438 3947 4812 5687 178 9015 4498 145 8189 662 539 6200 366 3414 4999 8536 1307 4144 4647 8829 3562 4845 3247 7726 2571 8170 5597 5725 290 3989 5889 1865 2520 1450 1134 7334 8950 5139 8630 7714 7416 9974 2408 7012 6079 2167 3342 942 3269 1715 8943 9849 4215 8002 1091 7724 2870 2167 6766 1605 1103 3058 4126 2676 1537 5538 3893 7413 1092 2627 220 1042 9022 1781 2403 3316 8574 5574 8440 4186 5128 4234 6433 7412 7431 4818 7145 5954 1498 9889 4628 9174 7360 6907 4086 7487 1570 1847 2399 6037 5972 3316 2279 4784 6319 2490 171 3832 7443 6658 3582 4790 8024 1528 7770 5702 4606 2010 8469 9413 880 6423 6424 175 489 3224 2454 2380 9524 9138 3334 8998 9323 6825 7921 8329 3649 4577 5471 8565 9709 8331 2402 5898 6934 4948 8233 2425 5436 6180 8095 3141 4446 6456 7675 6771 67 3956 2567 8740 4403 9135 5559 1899 5989 2406 6740 8440 1696 972 758 4841 8025 6311 811 2269 2643 4205 4830 3290 4134 7515 1262 7567 4833 7628 9349 4713
8488 7301 4323 8635 279 6226 1365 1085 9323 8314 5159 3618 4240 244 8690 9778 9357 7868 1402 0 1914 6107 9395 622 8260 7807 5877 2857 6130 8024 4824 7847 8191 1728 4940 8231 175 451 6437 4909 902 2487 1381 3018 1651 7237 8996 985 1895 6746 9487 4879 3336 9981 7935 1327 8538 5188 607 3744 6872 4418 1120 7673 4153 5476 5187 459 7438 840 861 7596 2703 6052 310 5102 9888 7714 4334 6232 5652 8082 7273 1935 4197 2389 8324 3929 2933 8732 9944 2012 8160 3761 8120 917 5764 6441 8873 4721 6818 1048 527 1974 1600 4798 8354 6072 1152 9830 7694 2046 2061 9383 621 49 3770 1791 4666 854 1273 9563 126 4516 1401 212 6571 5748 9807 1540 2359 8462 3543 5859 8657 5653 3267 9894 7649 5592 8505 7457 2834 6663 6807 5267 6049 1045 1925 2369 1829 341 5064 2853 6125 3318 6288 8025 3449 6399 9745 7508 7532 7326 4498 9623 1752 8795 9616 974 2369 8514 1669 1421 6504 553 5784 5667 6593 6511 9604 9 5743 1764 4060 9562 8133 1623 9289 9604 3783 9513 5482 6771 7391 4395 6744 9918 1892 1864 4688 9215 4199 5508 2337 97 3245 8084 6529 1794 7398 9163 2174 8766 8898 4489 78 7949 1682 9890 9305 6379 4235 5182 3343 9659 7689 5059 513 3016 8839 4785 7416 6290 3263 8396 3556 1207 1805 8192 8622 8506 6098 3482 1378 9611 9913 3154 1974 5548
9912 8523 4169 3168 8104 7866 6570 891 4437 2344 7120 2441 3427 6844 2778 5272 7588 7183 7805 1914 0 1091 3129 7730 9211 3506 602 3646 8610 9190 6181 7141 5609 6688 3645 5620 8083 6294 8046 3807 590 1953 9770 1508 8444 2689 2116 7295 4760 1095 6697 3888 3733 7375 178 9812 1119 7095 6218 3599 1125 6063 2196 6379 9732 4536 9944 1359 697 3399 325 1393 1583 7532 4950 8315 7944 6860 5872 8809 6762 3139 6535 4504 1274 8206 5938 4788 3836 7929 1088 9808 1941 9846 3361 5144 7060 934 736 3037 7709 1812 9314 8049 7113 8499 7885 8737 4283 5360 6765 7791 108 2083 2039 6346 7756 7772 2925 1019 6745 3998 7131 7570 1172 2973 1134 2193 1104 1470 7639 206 763 4132 6793 6492 50 1205 9410 6465 13 2706 2145 8083 4946 2073 5896 9593 7234 8440 1880 8497 9722 1310 434 4224 4879 8196 9379 950 2162 6663 9321 9534 1879 2022 3210 6382 431 4868 1092 276 1868 9608 6623 3607 5145 6428 5727 7327 2350 8676 9017 7240 2911 9056 4839 6867 1578 8514 5648 3069 7061 5921 6126 410 3771 9841 7146 8826 6695 45 9283 2674 7615 8862 3470 7212 594 4796 2576 8889 7 5586 2931 9758 5166 1707 8161 9401 9526 8645 6409 8329 2777 5637 1221 2051 5438 3647 4970 4599 8598 8205 1604 628 4899 6537 8315 4063 5453 2347 7448 1026 245 12 319 7127 8393 7104
7744 2314 1171 4313 2643 3957 9363 4123 4620 209 5544 1233 9361 873 9922 7297 869 1508 298 6107 1091 0 670 3380 8904 3607 7329 9184 8289 6848 2193 9397 9638 709 723 3840 9159 4860 160 6231 2412 6145 1616 8842 5970 8403 8893 9219 7039 4043 7975 3344 7274 121 5467 4629 660 8119 2748 6385 400 8545 1596 5010 8404 6673 4961 2006 9018 9997 6298 6433 3509 9087 9 7063 5207 855 8237 5373 4881 6294 1774 7753 1080 5810 8125 1997 9680 6613 5696 8072 8299 7633 1527 8841 7963 1081 7065 2144 4024 59 3177 8165 7663 3556 7063 1559 2154 5105 4642 380 2374 9365 6010 3803 2769 2049 7157 1561 6662 9443 7323 3027 2721 2042 2944 4745 7896 5904 8926 1759 6043 5315 785 8764 9408 9926 4537 6516 5765 9134 1047 6454 1538 3613 1678 7816 7664 2717 8323 5822 9235 36 4388 8977 6915 2190 7709 1945 6311 2897 6101 8226 4668 8442 5764 3113 5670 8049 2009 7218 3155 3534 7732 4303 90 2643 528 1061 1200 7434 9148 4535 5281 1409 8515 7603 922 5608 7721 9364 3702 7050 6565 2694 3599 1074 2411 2414 5431 2199 3006 2471 3885 2594 8415 900 2744 271 8654 1024 1053 9902 2602 632 3626 1425 3925 1170 8760 2628 1486 3721 9653 135 6062 2588 5923 945 3616 8736 1117 2951 434 5590 6653 272 8518 612 174 8199 6269 2364 8593 9543 3965 2928 1568 8444
2433 8110 4613 3853 4411 732 9189 6917 5451 9639 6847 2585 6953 1460 9539 3667 5086 3466 3523 9395 3129 670 0 5765 274 9945 273 3442 8355 1023 7713 1771 3641 2915 9207 9395 8650 3522 1521 1164 6874 2826 4220 4024 1177 758 5227 1631 7521 8436 9170 5452 1170 402 8617 4227 9179 5608 5850 6607 3415 8859 3915 4424 7744 7968 2678 2792 4481 9508 2551 9830 2303 3669 7097 1208 6773 3941 7552 5260 6978 5013 9279 1281 8029 8697 9502 7627 5754 7782 473 1099 914 8541 7251 5820 4600 5303 8094 8948 9363 35 7788 603 3015 7965 8243 1744 9037 6385 3164 2850 1774 475 6916 2220 8501 6005 4760 5809 7882 2407 3174 412 8516 6373 2997 495 7462 8773 5392 9709 7463 7106 4125 4560 5985 6213 3273 7632 7143 3972 8134 385 6450 7254 9062 5508 1202 8018 80 4587 5414 8491 6258 2882 1536 902 1601 2141 8890 3462 8394 7409 9982 9016 1204 3032 4706 770 8584 3801 315 3133 5408 5278 9672 8508 8155 7735 9453 7235 9937 7804 5103 2469 4422 9380 5422 749 3873 8871 2534 5384 8447 5210 2897 7908 3593 3895 1956 3733 1973 4928 3594 1763 345 3790 2554 9274 9791 8315 7443 612 8752 3785 7103 8464 5991 8525 4545 5766 9761 6660 4929 7908 5660 311 7125 194 3711 2599 1861 6882 2835 1811 3245 9093 3877 2762 6317 2319 4020 9146 4307 8585 9983 5042 3419 2441
9200 6395 9050 8012 4929 3616 4046 8826 6349 7020 6030 191 1785 9209 4343 2872 5571 8781 9684 622 7730 3380 5765 0 3675 9517 8245 7069 4060 4551 6361 2133 7799 3419 2536 5678 3079 3277 9689 3636 894 2982 9246 6471 8685 9674 9594 4890 1355 7234 3297 688 4368 3214 9402 8436 4290 2952 4006 3901 6821 286 3645 9270 5867 778 9196 8442 972 6270 8495 247 167 8623 5329 4829 7240 4871 1493 9440 6929 7127 1316 9854 4196 2505 5069 8768 7876 6073 8295 5902 3346 1200 7274 416 1568 3038 249 3003 6089 5922 5545 6043 8889 2136 6068 8272 2514 7902 2589 7136 5016 7761 8087 8640 7529 6909 4829 3707 4293 6175 5305 6681 6045 7753 4335 6800 7848 5761 3348 1428 6552 2532 510 8157 7012 1913 5378 5156 7912 2791 1341 6587 6456 2246 9252 9785 1549 4621 6042 228 5596 8788 68 5692 5851 9129 6460 3849 3702 3941 9353 465 8199 5077 313 1025 2383 7446 2427 8557 7797 8646 2252 3970 4241 1032 6248 1484 9608 7897 209 4335 9877 1339 969 5026 4428 5971 1358 9463 5740 3953 7485 8626 9984 4275 1426 8240 8853 6772 9690 6699 8520 7776 1238 791 3786 536 5638 5592 3075 971 5154 6558 8072 4440 1540 4865 6635 7211 804 1473 739 8337 3004 4774 4564 3817 3649 3318 9922 8047 6491 5592 3397 8731 9077 8052 5880 9623 1624 5369 9987 1207 5650 4850 8838 6444
6665 3328 1177 5228 1574 1375 406 7580 3642 3469 7234 3603 7832 2681 8812 6459 7377 3204 5437 8260 9211 8904 274 3675 0 1331 4309 2425 9877 7064 1248 9950 2689 3321 380 1819 3884 3451 8972 4497 1953 2879 4377 903 1758 3889 9742 1078 7883 5060 6492 7970 2044 1632 1400 4538 900 3369 3715 1391 9211 402 8541 4385 3183 971 6863 9911 6970 2207 8241 1427 990 4318 2513 4255 5702 4496 8770 860 7835 8128 2828 994 2550 8876 9837 1507 6938 2657 5297 1435 1055 5513 1551 4320 8801 269 8120 5745 4287 5783 5681 5095 978 2133 4022 6140 6644 9472 7142 9753 7060 4314 4712 837 6636 3206 8549 2979 6576 9794 5944 1663 9900 8688 6932 9854 7458 9535 5974 4749 5872 9964 3988 6897 7116 6424 493 9235 1241 5642 4199 8794 9291 9885 8911 1460 4569 9777 9531 3398 7036 1199 353 5932 4581 5610 4949 2766 8685 9301 2704 2530 457 5893 380 9005 2533 2639 975 3946 7254 7911 3387 2402 9870 2780 606 2934 9732 7995 2303 6493 5291 9045 4639 8578 2948 4146 943 1069 5871 2486 556 2825 4462 3803 6891 3778 2892 9568 2245 681 2233 8441 4087 3171 5271 6385 1573 3464 615 4374 5468 5120 7066 2246 8718 2951 3738 8688 1077 2079 9413 223 7785 3054 3847 2644 4492 9677 5270 7613 476 203 7747 9425 2813 4161 7071 8773 9456 7701 7919 1842 3461 6955 4912 7757
4008 5170 2522 9913 1959 640 4616 4370 9705 8174 6380 2871 2743 9476 5133 9941 4970 5032 8720 7807 3506 3607 9945 9517 1331 0 5435 3052 1987 3516 2440 8204 3054 4867 6793 9787 1774 6003 8133 2190 7120 7974 5905 2714 9645 6123 4976 4948 266 1131 2384 5616 6853 140 26 5072 3340 3191 5388 5917 5944 4825 9042 2698 7439 6205 3755 1848 7018 2534 2761 2310 5812 1834 9000 176 9894 9311 7858 4203 5264 543 4870 6992 4018 2597 1562 8299 2471 8097 2910 4633 8233 8830 4590 8867 618 7965 7170 9555 9050 2042 6202 3292 1031 6859 7962 5058 7484 3744 8011 8347 4176 8198 6101 7589 1222 2014 941 9431 1431 1492 6580 3909 3426 3783 8958 7305 8345 6376 719 3316 2303 5859 2745 4704 9450 8862 7632 5438 6001 7233 5816 8135 3427 3091 5876 1570 3973 3900 3342 4809 4502 4930 5676 381 3533 2815 2862 2634 8824 4564 5738 8965 7429 2301 2746 4242 4406 4061 2427 5862 4135 9451 4784 7353 2617 8892 8241 2982 5612 5936 5994 1563 5622 5445 8834 7086 9117 4066 4987 4229 664 5289 8262 948 5102 7174 2804 3946 3154 8282 418 7657 4905 3591 653 2789 6590 3228 9838 8574 9418 5172 3576 7501 1429 4919 6437 1336 9182 1032 4386 7394 3326 1039 6496 5836 2784 5889 6668 2779 6608 9194 339 208 8435 5601 6006 5522 7099 794 4221 4148 1958 1729 481 9213 2847 6287
7156 3388 6736 9470 7090 7769 7490 5671 7716 4865 8106 8730 7893 7183 9468 3153 6275 6636 3036 5877 602 7329 273 8245 4309 5435 0 346 4676 1774 4073 6661 82 4402 1649 79 985 5217 4356 48 7944 2722 9131 3691 3499 7293 2449 6466 67 8035 293 7080 6787 805 8221 6197 2785 5043 6808 6016 4963 1037 9269 1331 7771 4145 9144 1619 8617 8896 2534 8838 9804 807 331 3424 7054 5422 2514 9462 841 2613 9783 2405 8772 6872 9666 8947 2307 6176 8914 4957 6182 2338 5566 1112 405 5954 3416 1899 6099 199 5973 3733 1263 2536 9355 3597 9511 9984 8187 5605 3254 7914 9055 1792 0 7550 8997 5696 2583 4889 134 1670 7709 5074 366 8553 6968 7764 5558 5959 5837 3622 9540 312 818 1905 3935 4330 2767 4659 6536 7795 3697 1261 5900 1622 1253 3664 3898 8076 3849 3576 6660 1589 7216 59 2425 7109 3902 4220 6117 3239 8284 7353 9199 4415 5364 41 5539 2596 4811 5136 8315 3224 5724 7307 7556 851 315 8263 2966 3087 1950 4234 367 2649 3427 675 303 2362 3523 6555 353 229 5286 7953 671 1636 2863 8730 2733 1992 7887 3664 8700 1157 5789 4589 7880 6495 1050 8609 9702 7871 5352 3316 1460 8203 168 5830 5360 8868 6744 1931 4389 8299 4174 2525 8363 9022 6688 3106 7768 9333 6873 6219 3285 4202 6594 1817 8320 3233 1731 6775 6607 3775 6223 7603
7935 7320 1405 1839 8862 7829 966 5521 3610 6534 3312 428 4155 4768 4279 7310 7486 252 4218 2857 3646 9184 3442 7069 2425 3052 346 0 5990 6722 322 7307 1202 9088 2171 9574 8083 2765 7912 1248 665 6911 9907 2464 9797 915 5466 9854 855 7345 8678 6705 3846 8268 3385 9468 3557 9280 6957 363 9488 1713 3935 6665 3766 4106 8042 2260 5505 5744 8746 5960 9401 347 8995 4716 136 9974 2338 6668 9183 5492 9471 6299 3015 1440 2916 9852 1938 1259 1202 9209 617 6905 3571 3966 5229 8406 4536 9631 3264 8120 9869 3389 5089 6081 748 3775 9845 2599 1597 5576 8121 3191 6764 6139 9290 206 3937 5647 956 6263 1692 9787 7570 2867 7049 6965 3904 7560 7765 9469 5552 6826 6999 2699 2551 5164 5655 5397 9982 6709 9875 4185 3280 4274 2986 8508 6985 8573 8083 5438 2349 1186 2058 2203 8865 1388 2176 3061 152 2384 4039 7322 1622 5424 1169 8308 3535 5914 9557 583 6062 9203 4654 6072 1763 426 3208 1160 9408 7477 4648 8468 2348 4435 3196 5177 1482 5062 3625 5349 35 2271 7219 1837 359 1130 5945 8787 185 404 6517 866 1988 6061 115 5660 7360 4555 565 6326 5370 7308 7332 6079 719 7884 6566 4597 2926 7927 5629 8147 8367 6240 9098 2023 9949 1360 8853 352 5689 6076 9525 2780 8586 4952 5371 2496 3658 2600 5525 7992 4672 1798 9150 7727 1313 1680
9540 9455 9536 7943 6418 6720 9591 16 4765 71 4944 4780 287 7361 9813 4656 4629 1278 4248 6130 8610 8289 8355 4060 9877 1987 4676 5990 0 44 2484 2795 5669 644 5043 725 7561 6809 2020 7842 262 9659 4836 1191 8822 3610 5825 3414 3699 5136 6752 4662 632 6889 6725 9733 1193 2061 4542 5059 1173 2439 8516 3531 7790 9337 1441 660 8023 6355 2322 8572 7843 1281 8402 7085 2887 4616 6994 5326 5430 1046 8986 3905 4265 9767 5410 8975 2313 3081 5090 2137 2623 2431 2103 582 4722 7061 2568 1625 7494 1169 7759 4396 6971 7818 5921 7610 9811 9988 2333 7787 872 1566 3267 7894 9313 9688 4959 368 5071 1721 9602 3392 541 8563 1418 5087 5979 1955 9731 3719 9049 7200 367 5772 1601 5783 4590 8299 1250 6486 4301 6743 852 5510 7533 8795 974 2311 9751 2022 4413 596 9944 4512 9561 1279 1084 8545 9547 1630 3447 3489 7449 6679 5703 3254 4454 8162 7095 9367 3135 4818 6359 1359 6540 7968 2307 8867 6478 1642 7548 4011 9772 6342 7726 1438 1838 7327 2354 5383 3541 9427 5904 2251 1786 7938 3596 3279 3364 9096 9155 6999 6242 9306 326 4496 7191 4590 4817 9165 3718 166 9659 8408 8369 1539 4009 7443 527 8114 7293 8021 6998 7423 2205 4099 2969 8687 5839 3943 1710 10000 1539 4960 2304 847 8399 7056 411 3591 9067 175 2041 9470 8320 9651 5390 3654
2108 219 4757 5174 2467 3594 9024 9080 3238 1808 1371 4454 75 2073 8543 1463 4448 9793 6322 8024 9190 6848 1023 4551 7064 3516 1774 6722 44 0 1762 4895 2317 3445 4982 4418 6103 218 3614 1274 5814 1299 4405 5090 3220 6277 2856 8672 7459 2227 3702 7690 162 4168 5837 990 7587 6213 5364 888 2239 7830 8743 3087 2890 4621 6319 7167 6951 4195 984 5323 264 5297 9893 9700 2844 3158 5869 605 5509 1763 5544 5324 4119 5691 9736 9407 2044 8466 8247 5820 2276 6803 3030 2788 8310 5824 1325 2763 53 4676 147 1095 2209 3074 5733 5837 8047 2282 7921 4469 4351 154 251 1046 2278 1115 4932 1555 2948 1731 4134 7589 9865 4872 8059 3389 928 5197 2476 1537 8931 1512 7804 4765 5862 9194 537 4381 5893 2308 1285 6670 1610 3128 9212 1630 5646 6821 5154 6058 5708 3718 355 7751 2494 352 3836 7512 7071 1360 2400 9837 5168 6138 3381 6970 3294 3225 8367 6339 5450 4131 8103 8479 5667 9415 1733 8964 4679 715 1012 6948 1827 8950 5506 7227 8595 6305 818 2128 8083 3232 3918 9229 190 5038 1292 2751 9860 7601 5119 1381 6992 2722 2893 3328 1651 1319 1929 175 3559 7643 7158 3451 7463 5525 5274 3014 3232 9996 3881 7757 2009 6934 4641 2516 3167 2945 6598 9270 9469 2564 7013 2146 6905 614 3083 3973 584 5475 3710 4938 8540 3972 4004 247 7469 9040
8779 7017 3527 9477 4773 8161 3522 7122 8329 3602 9576 4224 3568 380 69 7729 336 6161 7423 4824 6181 2193 7713 6361 1248 2440 4073 322 2484 1762 0 4084 7637 7506 5475 8140 3257 3426 8341 3953 9282 6439 3617 3369 3487 5577 3115 1559 6563 7004 8533 300 552 9574 7993 5106 7731 4339 7236 8064 195 3189 4973 274 1920 9937 9772 3427 480 7987 5243 5252 5236 2208 4596 1972 6430 5773 495 4589 8891 9201 4015 6142 8103 2446 1538 9374 5805 3393 7129 1227 6230 8850 6493 6415 9143 4948 1340 1167 386 4443 8952 1007 3057 3593 8106 7626 3819 3392 1952 586 166 2442 358 589 3556 4536 615 3992 7143 626 2087 2686 7724 5149 4690 4690 6107 9626 6951 9046 3412 7096 4916 8927 4676 942 4559 8550 9292 8934 5270 5412 7519 4730 2362 508 812 5363 1053 9726 5211 388 8374 6481 2017 5337 5471 2367 6975 8358 691 5493 9289 970 3815 5022 5116 2078 3745 8468 6726 8527 3208 4540 9698 6548 9044 7637 168 2337 1579 9084 7455 2871 1226 8518 1022 2383 9889 2206 7606 4855 7113 3242 9104 1033 6776 1974 5597 1325 2732 3622 3514 1000 8649 2146 5762 3748 4450 6366 1339 9984 5771 3279 2267 700 2354 2471 1339 3253 5704 7125 1555 46 3156 427 4679 7430 6636 2216 5544 6662 8437 7295 1029 2862 1927 1976 1632 8837 6760 3727 4181 9229 7842 711 8280 4420
5535 8140 8552 4943 4981 2395 9418 5757 5601 3192 5824 7646 1011 1728 8164 9842 3333 7945 2162 7847 7141 9397 1771 2133 9950 8204 6661 7307 2795 4895 4084 0 4702 5750 1897 5773 1882 2832 1014 466 6478 1379 581 461 3330 7844 1247 9314 8343 9371 2158 2915 9765 1717 9904 6674 7391 8545 7747 2274 1074 4704 4990 8028 4819 9317 5375 3664 8290 1985 6668 5276 2096 374 2697 4773 974 6673 7537 1623 4851 22 7022 8750 298 5391 8381 7036 5862 2947 3019 4170 6304 2517 3993 5119 3630 8883 2974 9917 7913 2232 8687 2519 8756 8628 3025 3896 8334 2924 3760 8442 5794 8017 9475 7863 3788 2107 1473 6900 4181 7770 9932 2191 1548 248 7911 3235 2591 1468 4625 303 7636 2448 1481 1234 6147 9547 3160 9022 6039 6376 993 3085 8092 2320 6215 5858 5818 1891 5711 2395 1658 6430 7106 5154 588 6439 6297 214 5591 2895 2076 9591 1951 117 2229 2302 9609 8623 7846 7189 8875 3400 4448 8751 2941 4977 911 475 7910 4837 916 9406 2452 9541 1065 5706 4105 1704 6669 9102 3689 8358 9087 2081 2797 1333 3896 738 2221 1810 1965 4322 8772 6416 1264 8295 2744 2209 1504 8217 6410 5177 4260 7292 9860 6418 6521 1050 6212 3546 4763 1114 2768 5451 15 9890 1597 1071 1621 8135 9168 2763 8466 1757 4562 9252 4197 3808 3863 2823 4118 8434 6970 6824 6591 5857 6791 8934
