200
0 8467 7719 4825 4758 544 9615 9465 7271 1527 1491 8268 4961 6149 7617 2325 4540 4490 5431 2991 3419 6398 2250 5081 5709 5422 4747 8913 6707 2015 3066 9063 2797 8025 7358 2541 9237 1915 1718 9704 8710 4283 6515 667 6176 3545 8900 2754 6195 1415 994 3589 5580 1155 8262 973 6055 8641 9674 8286 2251 5133 8384 6558 7509 9296 2382 58 9462 7473 2171 5053 8611 2636 1168 7128 8555 336 6110 9598 9108 2289 7213 1634 6549 8870 1987 5937 7139 2178 7024 1930 6154 1098 5394 2083 1420 8652 6638 9687 5233 1914 6195 8386 8779 786 9258 6829 6706 1006 674 4966 9681 2908 9947 761 4137 1210 6417 8089 4347 4774 6694 854 9054 9732 2867 1908 6457 7703 9587 5257 7534 6455 8636 6051 7844 6068 273 8485 3288 3233 5635 8233 9978 4279 8585 7998 4757 4878 9260 877 6589 1453 7295 5959 5999 538 1952 4405 8223 9278 9912 6016 9890 2527 500 8622 3426 7199 8391 1918 5903 5113 1994 9605 7216 5249 9291 1736 228 8312 7296 5498 8441 1250 7151 6516 4753 6644 6920 8382 8226 2496 5402 9825 2360 527 9850 7205
8467 0 657 1384 1544 8130 5016 1285 7590 6568 3071 6366 1973 3612 6197 9300 4360 8937 4838 8617 3023 2862 3720 3580 8593 4188 8861 7077 2844 246 1259 6464 6415 5554 2826 4403 7083 1732 5378 9991 2593 8774 6883 4852 265 2684 1539 8652 3375 9286 9083 2505 9875 8958 7594 8077 1053 3645 4677 6384 6923 7050 7503 3049 6406 9239 5374 3283 7103 9454 1940 5642 7507 5059 6547 4196 3937 6780 1974 7549 5046 9671 1964 9889 7603 9365 6771 6337 4273 7423 425 4942 5537 3740 8259 9769 1040 7575 7465 4229 5792 9478 6897 3586 4148 3426 896 8425 3689 4096 6647 5040 9421 7377 9321 2649 2554 8902 6612 2146 7074 198 8614 7461 2807 8011 7709 2827 2723 3782 1125 8285 8422 7524 6161 6041 9905 7252 4798 5222 6281 6085 1235 7595 3673 8709 7322 1413 503 1717 8667 6233 5867 9176 7154 2318 4466 8511 156 6534 7679 1766 1535 4223 2893 9958 6726 2541 568 46 3157 6776 5789 6790 6649 1675 5029 7337 3963 4630 1495 7094 5173 4801 4192 3316 8139 2647 5832 1499 9784 1994 9587 9785 9727 4369 1722 4710 4520 2453
7719 657 0 8666 2862 6009 6182 8370 4730 3840 1494 1383 2436 8050 9653 1221 2162 422 4056 238 4796 9817 7506 9430 2167 8040 3140 5450 8156 5647 3735 6789 5246 3935 9128 4537 9794 2461 2898 287 9210 5226 8924 9862 5315 4430 6463 1284 2649 3129 3781 7169 5379 7556 3907 804 2020 2055 7950 4825 968 2657 5587 2850 444 3528 2932 1758 6467 795 6062 4140 6300 3206 7241 8524 1698 8859 4061 6851 5800 2033 5244 6391 6857 8016 6828 4116 3091 3517 262 7360 649 9706 3702 4137 6724 1586 6854 1551 8232 5050 7584 3795 8967 1257 3327 9407 7025 5265 2771 5445 6685 69 7458 9166 1402 7108 2061 7195 1899 6039 2723 4699 9042 3565 3375 3014 7224 6569 199 4286 5828 122 5903 7144 15 4131 9827 3598 8167 8913 8284 2707 9567 6755 6589 3397 5547 7763 6771 6318 5469 4066 2214 3095 4294 1235 8194 9469 2339 256 6300 3608 4216 8218 973 8750 497 9096 3125 8832 3252 1429 9993 8255 8639 4966 3042 4639 675 609 2082 2328 2737 1789 1499 5104 9544 3707 2732 730 2145 3844 5957 5924 2474 4737 8483 5524
4825 1384 8666 0 1517 5858 8468 3391 1772 8668 6756 1130 1730 8350 3919 1383 6861 337 2501 9405 7674 4839 5280 9926 590 9700 5687 57 192 5760 2553 7339 7799 1799 9862 871 7707 1442 5458 4170 8261 2202 3928 6793 2876 3819 9934 7543 5425 9789 3349 3621 5688 6715 8175 8778 9761 7030 8468 7440 6258 9976 2298 8294 4884 9486 2717 7870 8629 9040 5551 358 1114 6298 9509 6889 3432 9651 9630 4162 6157 8850 1733 9000 7427 6919 3165 957 8186 1430 3493 1433 8096 7714 7119 924 5443 8765 6854 7842 6623 2767 9589 2513 819 4399 8246 4306 4041 8801 4068 2275 1394 6849 6958 9593 7964 1299 846 8518 2242 8228 4809 879 2867 1940 7929 9592 2677 8889 469 4994 2523 3193 8848 1166 9547 5585 1368 7252 5299 8361 335 6305 3372 9389 5739 8140 14 7729 2839 7113 8944 7627 5056 9440 909 216 1166 6370 7978 2383 8763 7710 6841 6580 9622 599 8754 7798 1653 8544 468 4061 2709 281 3845 473 4795 7685 4980 4318 4792 5509 7431 6325 8462 368 7029 2680 1863 8668 3176 4888 6512 626 3191 2174 9174 3806
4758 1544 2862 1517 0 6589 6275 1700 6904 8575 6669 9731 4572 7482 8830 4904 9377 658 4355 5425 9128 670 9287 1988 5393 9834 5455 214 5943 3552 9481 1744 5971 1531 8806 9787 5018 2102 4913 4230 7799 9589 3531 7574 1123 1167 4480 6527 1364 1134 6979 7765 3341 2370 1852 4909 6419 9989 5984 7209 2522 3957 6635 4320 446 4343 7656 3519 6863 262 1487 559 89 9285 1007 4668 4725 9985 9423 7571 9643 2988 7102 8144 1128 2513 3783 4353 3717 4847 5438 1306 4137 9228 1621 9913 6400 8849 1504 1724 6651 846 1603 8109 5733 3347 6815 5567 9996 4508 263 3123 3791 2194 4719 657 4318 3058 7610 5906 9572 4031 9445 8686 5135 1323 278 9745 4344 4264 4361 1408 9305 4880 3459 6729 8638 7531 2720 665 7632 8352 1918 198 3097 9322 7213 2552 1382 6414 2351 6127 2937 3294 8159 706 7590 9982 5536 4479 8139 6350 3798 7002 3304 3779 6890 1116 4250 1634 194 638 3089 3508 9772 1017 6513 5019 2786 9925 1310 5354 265 6814 307 5772 6011 1182 2894 3608 9403 4991 5849 4869 6177 7270 1930 5463 2215 452
544 8130 6009 5858 6589 0 4065 6824 6975 6436 4572 4636 9425 63 8202 920 870 7469 8529 6134 7497 9998 5834 8734 2603 3557 7711 8243 4229 9254 1254 7546 208 6564 9270 5000 833 658 2854 2452 3514 6661 9296 4344 5197 6880 5562 6613 5348 1859 5487 5825 1563 2873 4131 7872 4729 3400 7535 6976 4642 746 2657 8291 8794 3007 3552 2596 7990 2447 534 4195 2978 4844 8030 3386 7838 162 324 5332 3603 5583 61 8348 4860 3200 9093 6575 2223 8340 9271 759 8647 1821 8734 3244 7685 3394 9472 1498 7602 3974 5665 9657 8294 1364 7411 2143 7880 1567 941 274 9689 1739 9509 5720 6047 9362 2788 7826 111 3606 9300 8743 8432 9357 4316 3255 3645 109 3602 1679 5533 841 2021 1605 268 4680 8009 4726 7618 5359 7592 8514 5139 9393 9879 8845 6026 8317 1667 5595 9532 7012 3166 7439 4298 582 1316 5987 9864 2479 2425 8435 5756 1186 127 326 9580 8284 7011 1751 4911 3631 2615 6303 6296 10 1845 8881 498 3358 1691 9305 5166 9378 2787 9721 4722 2535 3658 1898 603 244 4720 2287 8005 7144 6316 1749
9615 5016 6182 8468 6275 4065 0 8302 1210 2595 5233 826 6487 243 9915 1992 3696 1727 6924 9908 7664 9122 2851 8816 3408 2710 2084 1725 9531 3174 1956 2169 6902 650 8223 3532 526 4580 3344 6397 2936 1973 1930 9887 9517 2063 8334 8306 5777 920 1997 7049 1779 7140 8588 1227 9702 5454 2126 1128 5325 4728 8207 8427 2499 795 4984 2185 3861 9859 4767 3620 1505 9476 9269 369 2390 4605 9256 5302 4258 9402 942 3226 4123 3955 8730 4641 8270 8170 2046 1595 9799 653 9178 3790 2487 9102 357 9941 6577 1611 1935 3806 5779 2104 6800 86 2111 5819 7176 3348 4033 7064 4741 1388 8135 329 6839 4457 708 769 2420 761 7847 9872 6700 7953 4712 872 2031 4610 4792 3746 1960 996 7161 1624 8002 2413 7891 4655 935 8055 1780 8561 9118 141 4926 6334 4772 5598 200 7379 6396 3631 8254 9295 8203 3255 6661 7750 5459 6541 1373 118 8232 1891 1367 540 6947 3405 584 9629 248 4192 9506 9053 1912 5535 1864 7157 9967 5806 5308 4009 1834 8631 4110 600 3830 4384 5104 1235 7074 7010 8508 1351 2346 6911
9465 1285 8370 3391 1700 6824 8302 0 9510 5016 2017 3257 3633 8233 231 2498 7816 2983 6242 5061 9091 1571 7655 9642 4257 824 8862 4412 160 5333 36 6001 8817 7027 3950 1718 3090 9337 9672 5823 9679 5575 8313 125 5983 1473 7356 8831 2214 6273 8731 9430 9844 8637 1401 5293 4911 4453 9156 1209 1375 625 1323 2759 9193 8796 5343 5685 8595 830 8431 5741 6275 4565 6289 3690 6917 8944 2801 3986 5605 786 1634 5771 5120 2476 3812 567 9583 4329 9251 1909 2390 102 8573 2630 2289 6098 9599 2473 3592 3673 1940 3146 7088 5721 4040 2957 7246 5534 7269 8798 4850 573 3008 7169 6993 8479 5282 5138 9817 6036 351 4731 7119 6129 236 2952 1336 9642 7268 5303 7895 2721 2772 5598 5027 1477 3040 2079 5933 9199 8289 5906 3031 3778 7558 4206 5194 2123 3151 2745 2015 5925 5186 2849 7018 7321 2159 6060 6724 5897 3533 2032 5814 3475 142 379 2397 5853 3488 5310 9944 1363 5324 8317 3675 8146 1786 1259 9082 633 3312 1813 3991 8868 459 6280 8868 3401 3423 3707 3678 1567 2858 4112 2790 5413 2379 6586
7271 7590 4730 1772 6904 6975 1210 9510 0 378 3821 4471 7363 8057 5378 256 7232 8997 9583 7399 9961 291 5791 5988 9823 626 6928 5708 9537 6551 6982 3355 1478 2561 6543 4600 6025 4829 3221 3056 1534 9606 49 7510 4308 4485 5737 9422 4664 498 4207 2409 512 1384 8135 785 5857 2137 6066 4813 4803 3710 4463 9486 4718 5121 9685 4396 4405 1837 4510 4812 3553 9087 9418 9666 80 3983 1613 8502 356 9291 7569 2128 4661 7916 3411 6372 2131 2232 7211 9988 697 3069 7139 5159 2721 3713 2520 39 696 2333 5785 6312 5699 329 3631 1565 4063 2287 9213 9892 7634 6444 5946 9372 5948 8810 2492 5840 6866 8164 9854 2836 3926 9332 6621 9225 5345 970 80 444 3352 2019 9874 2129 4750 2384 8333 9655 9366 6581 6603 2572 2766 9828 8545 6644 4964 4501 9667 8764 677 7622 9917 8727 5921 7583 4040 6053 3903 1494 6411 2392 6234 8124 4704 1550 6349 3565 6351 5666 2134 2010 999 2418 6264 711 2691 6956 3088 8650 5004 4353 5576 5151 4159 1926 6877 6928 3193 5919 7119 9343 7495 603 3998 3626 6087 517
1527 6568 3840 8668 8575 6436 2595 5016 378 0 9340 7856 8586 3434 9499 7753 3250 4868 5759 895 1267 9320 5041 3149 3460 5248 1204 3572 9363 149 583 1720 4032 2979 9797 221 9004 1019 1855 2469 6387 8375 7590 8426 1548 3324 7479 8025 9572 9689 8685 3937 984 613 2057 574 801 8079 5647 821 5032 8062 5557 4755 148 1336 6170 3011 4688 4582 6173 1968 8851 4649 3553 2461 5313 1638 4684 818 1287 4239 7399 5417 6365 4590 9204 5867 6035 9877 7237 3921 475 4153 7772 6286 5746 8587 4575 1830 4030 9591 2736 1607 7061 6985 4093 8787 3454 9482 7894 2153 502 6130 7136 1129 4794 2396 8831 3886 9379 8228 8634 3596 9177 8170 6670 2959 6895 3014 2784 8686 7221 1416 8517 9220 276 4666 8061 2283 795 9026 2064 7633 6289 4464 8426 2897 3781 6737 3574 4494 8170 8121 1746 6590 907 4755 8441 6134 277 9356 4957 4638 3030 97 5531 4468 2200 5655 8031 5392 7805 9981 3846 4902 8193 1454 3650 4452 314 8477 843 9397 4078 1741 4825 7356 4246 3688 3913 5741 4754 2083 7816 9828 3646 1062 925 3689
1491 3071 1494 6756 6669 4572 5233 2017 3821 9340 0 7804 9067 6440 2395 9834 1139 9909 1758 710 7156 6872 7501 960 5678 7385 9919 8432 4322 7712 5348 3529 1469 6333 359 8486 7568 5214 3787 843 232 7133 2108 8618 1879 7955 1090 3398 9049 6033 1065 8250 6884 7793 4389 1232 5771 2267 1762 3446 2297 2206 2070 7948 8284 935 3930 8292 2369 5128 9859 4835 2381 5811 2422 1831 7263 2367 4881 2635 7838 2455 8761 83 6906 6683 5488 3291 3545 1078 4567 2873 8517 3488 9197 425 2584 6275 410 5571 6433 9685 3237 5280 264 3289 4712 2109 6466 966 6861 1829 4697 7350 7243 154 4511 1019 6715 3801 8456 7869 6028 7086 2111 6025 1545 6000 6444 7050 4884 7693 2146 2770 5942 9215 2698 9500 4059 6056 277 4106 7462 2531 4606 2017 1921 2284 5866 9669 2421 5472 5258 6708 9267 4776 9479 5127 6120 218 6645 8807 1332 7145 6393 2403 4297 7479 7216 9839 3500 4522 808 1530 497 7942 9886 9707 4542 7822 3651 9153 6383 9646 9069 825 5554 1392 6345 7018 3637 675 21 3116 3679 2689 2424 5501 6037 1786
8268 6366 1383 1130 9731 4636 826 3257 4471 7856 7804 0 799 2261 253 8194 2072 1097 6710 801 5084 2241 4966 9361 7458 4379 2623 2198 5034 6457 6083 1073 1045 7314 27 9904 5963 34 7388 1294 6276 9563 9015 1748 4335 7317 7504 6229 2420 2822 1903 9313 5125 6527 9114 3637 2657 6781 9678 7905 458 4716 2690 2469 387 9232 4598 5921 9427 2369 4301 2886 5691 2060 7148 3112 1746 2068 6381 198 3805 2244 9973 2986 503 629 7702 5881 1651 3015 655 1260 3899 7485 8112 9199 560 438 6866 3367 1155 9151 1223 1032 9849 3660 4378 1232 6324 9671 3740 9877 8492 8054 4819 2218 933 1704 9462 2713 1360 4646 9735 4470 6760 1553 66 1897 3551 9400 14 4368 8135 3160 218 1477 118 1434 5748 6563 6742 7666 5657 7937 5942 2284 8935 3650 8394 7294 1237 4244 9620 6629 6373 4398 488 8136 7634 5635 186 3975 4158 7488 9094 8602 9801 718 739 1883 9364 8408 6100 9899 7142 7156 465 4040 8831 2526 3775 8465 5634 9545 5649 6837 1171 6565 1945 4326 2897 2182 949 646 5704 3899 5043 8325 2775 863
4961 1973 2436 1730 4572 9425 6487 3633 7363 8586 9067 799 0 8070 569 5102 3147 2579 5760 6241 1639 2051 3672 3247 4915 1754 9981 5131 3450 5596 3949 2174 5438 4702 7188 3668 2780 9943 1934 7145 8287 8323 8545 8420 796 3879 6294 5587 6255 6324 5310 3615 7660 2973 9995 9322 9864 1697 4968 9815 8400 7941 4057 3052 628 6065 9713 2204 8244 5374 1425 3694 1483 7034 2271 2418 7162 6761 9257 4656 9132 7 5410 9543 3812 5289 3700 6610 1351 670 4401 9600 6664 3127 9913 7306 3713 6984 7632 3964 3297 6306 7963 3398 6570 6972 1274 6414 1615 9658 8307 768 221 9723 9887 5562 8874 5614 7597 6748 4178 4617 3772 3926 182 6240 280 2382 3546 3185 7690 6399 8543 429 9486 4215 4948 7001 9672 4236 224 4909 3843 3545 8502 7263 731 8858 5336 8574 122 5991 6249 8417 8370 7947 5264 3921 6160 5209 3476 997 9077 568 6693 475 2317 9833 3533 5085 6487 8920 6532 6631 7197 7255 3735 2194 1521 3415 6841 7761 654 6917 8424 9766 6506 3322 6474 3182 2736 1849 6051 8567 7170 6565 5591 1887 8013 7901
6149 3612 8050 8350 7482 63 243 8233 8057 3434 6440 2261 8070 0 7261 7752 3288 1259 8700 4161 5875 6461 7672 3549 1756 1998 2654 9953 1832 4471 5460 7197 202 2530 5673 7865 765 8089 2815 1409 3972 7313 972 3408 6125 1090 6043 9866 4216 1428 1816 2125 8107 3346 3912 6587 1434 5338 5703 8523 4838 3768 1911 2242 8059 3642 6187 4559 5696 9285 8745 9748 4303 3580 8519 742 947 3237 8991 216 5383 7121 6570 5720 4727 4361 9544 7269 9142 1975 848 6901 9899 1009 3963 1114 1223 5552 8333 6732 349 3304 5513 40 6466 9561 3627 2932 4842 8101 7693 8601 5172 7010 5477 8066 298 6743 6192 7812 4585 2680 640 8396 620 4679 973 4332 7073 8958 5886 8083 820 160 2050 4617 1924 7885 5538 5558 4820 9059 7284 7252 3806 9080 5021 905 8862 6454 832 3031 1944 462 2332 2586 3326 2138 6981 8231 7326 6747 2534 1551 6098 910 1156 5058 5916 9308 6095 3727 6828 985 5799 4158 6030 7045 148 7706 1917 654 6653 9515 7032 3270 5048 1754 3536 6521 7365 6604 3255 7475 2723 4293 5586 7909 1909 5010
7617 6197 9653 3919 8830 8202 9915 231 5378 9499 2395 253 569 7261 0 9169 211 8090 3148 1321 8302 5561 7393 9471 1515 9304 5504 928 7425 9669 134 285 7881 632 1376 941 8392 3214 4427 700 3527 8219 215 5533 4227 5957 8720 8341 4422 3779 8242 315 5452 305 5256 7462 8568 4683 5762 9284 2548 3046 8482 3075 9603 2860 5683 4214 8177 7304 9969 5490 4174 3433 6399 9310 2329 1744 3069 974 9417 7167 908 2959 800 7724 2420 6488 6436 7259 5899 1358 3773 161 8154 1941 433 907 6997 8234 5354 5873 5316 59 3523 100 844 5829 3961 8018 2596 4177 4161 4758 8321 5584 2915 1665 1865 7010 9500 9505 8191 7849 300 3361 5293 2519 5813 3800 6594 6825 1640 9130 1889 8255 7860 2273 64 7502 9189 4629 520 8259 8512 6173 3277 678 3435 8201 8525 6844 6583 6166 7855 3154 8489 5376 1531 5879 3310 1366 1743 6400 1090 4675 4755 8353 9069 119 5629 1822 9783 9365 2352 6680 7252 531 3831 4696 3485 6676 8687 5170 8394 1636 1964 2762 7355 77 7832 5897 249 9614 3984 9663 8553 5108 4127 2601
2325 9300 1221 1383 4904 920 1992 2498 256 7753 9834 8194 5102 7752 9169 0 2137 5905 1715 8681 7877 8472 7594 8463 3506 465 1311 3732 426 9714 5065 7813 6653 6286 3939 5762 4469 2085 5944 2252 7092 7765 4303 5476 3187 116 6499 1302 4492 1964 8710 588 7281 9687 4347 619 3524 6635 4249 5620 1132 8857 6333 7425 5384 3684 3433 8017 7005 7734 1327 3183 6496 1562 6330 6004 2735 9078 3156 6228 2088 4147 9964 1930 7620 2791 725 5242 3679 9260 1440 1693 6961 7455 3779 2512 4223 9714 6572 6025 3490 2447 4928 6605 6237 8926 5116 6087 2957 2749 8453 7447 9347 7459 4819 1617 7716 4854 3133 7210 6703 4917 3833 3490 8386 3065 8344 3123 7797 6522 1585 4197 1940 3319 8348 9995 2412 5700 5687 5469 6521 5791 3287 1911 6583 5079 540 9209 2652 3849 7393 1595 9174 6601 7520 8471 2229 4244 193 233 6306 1251 2988 7653 1175 7574 2510 8079 1347 2624 3441 8177 1336 5849 4698 489 741 2479 9167 1383 4132 619 1033 2482 3805 7545 599 1434 1094 6130 5585 6286 3310 9493 2527 3835 665 8942 8757 4452
4540 4360 2162 6861 9377 870 3696 7816 7232 3250 1139 2072 3147 3288 211 2137 0 2655 3311 3377 1761 3914 9487 3814 4687 117 9728 3838 7065 8033 1443 2877 6238 9469 5722 1478 9555 6540 3626 7394 8423 5613 8320 9902 6561 230 1417 57 7393 6793 7373 3600 5583 4586 6456 8317 1179 6843 4698 8806 8976 8079 4926 8062 5586 1664 6291 5984 3355 8463 8947 4019 1403 7461 1375 9608 4644 5851 9499 5410 2781 117 6084 8947 4038 1893 7535 4872 7302 9349 6191 2946 3084 3958 8324 1240 1828 9575 4461 2144 9877 8396 8815 5013 624 8169 5014 3825 6791 409 1080 2043 5059 9722 460 7278 8695 4096 5522 5038 1817 3976 9743 7051 4072 7990 9064 696 4969 1348 4846 4544 1393 226 2234 7503 2369 3482 4780 3587 692 6529 1403 3860 4489 605 7769 2600 3038 2443 7353 485 9638 6090 8871 1857 9406 3098 5756 292 8811 6836 645 1335 1635 9598 398 9247 9178 3467 4346 2268 8600 9893 6134 3249 8951 8727 4937 6497 3638 1885 9508 7920 6772 5969 2435 727 5917 5495 2394 8489 6348 3997 1511 7631 2160 4297 7596 8814
4490 8937 422 337 658 7469 1727 2983 8997 4868 9909 1097 2579 1259 8090 5905 2655 0 3163 4557 5034 6365 8717 7212 3037 1228 9508 734 2892 1363 9521 5671 490 8709 1374 4164 3234 3448 6438 2303 6702 4236 8141 466 6749 5620 1445 9261 4988 8638 2051 8296 4102 4830 4279 3013 8051 7570 8004 1927 7591 7369 8363 5750 5042 7125 1838 8984 8066 9992 6575 1879 1894 4663 5199 5115 1304 8619 6145 3269 8584 1659 9375 2682 8578 9878 1189 4844 2742 8150 8847 3552 9775 7880 5088 887 6804 3053 4812 3639 1801 9265 5650 9186 9405 9302 2880 9293 9250 8102 2636 8672 6639 2658 7371 9963 6903 1618 6627 7096 1654 1818 2784 418 7322 6901 8769 3366 8411 5469 929 6811 6182 4945 8273 8634 9339 5107 7430 3709 5265 4978 4343 3295 6394 6027 9514 7198 9622 419 2692 7647 7073 5033 8575 663 757 9302 1928 6453 6707 1045 5330 9853 9980 8454 5988 7632 8430 1688 2068 3625 6678 4603 5414 8141 4042 87 1259 1098 9506 7440 5852 4539 2264 859 3824 3169 5562 4166 865 309 6289 4370 3450 6718 238 3289 8482 5192
5431 4838 4056 2501 4355 8529 6924 6242 9583 5759 1758 6710 5760 8700 3148 1715 3311 3163 0 408 7699 6748 4899 4399 5654 3753 8201 614 399 5368 3922 9204 9015 1678 6154 7398 9238 2975 1783 2723 1888 4156 2471 8681 4002 240 6449 4812 5296 4703 8041 6560 2034 2482 1464 424 5796 555 3636 5780 7699 6747 4611 6386 6343 5734 5349 4871 885 6037 9076 7839 3434 8457 5695 8002 8155 5504 8094 5862 9915 737 4554 9147 9103 5400 8984 478 4336 9504 5494 6556 917 6665 2826 9265 5094 9505 2106 335 1546 5831 4428 9258 6859 1009 2122 4560 5051 8401 8037 1109 1375 7387 8707 7446 9665 5330 8926 7390 534 8052 8140 1160 5964 6946 7212 9054 7656 3427 2820 1280 6545 955 7072 2124 7168 4358 238 6957 9141 6334 7720 8646 8633 1457 6973 8814 2583 4859 9732 22 7590 5042 1281 9749 2193 6641 2818 4860 7911 2582 3623 7832 8970 5401 4857 801 6868 3714 4577 9743 3150 2980 6228 6284 295 6731 6380 3253 1984 7988 5353 416 626 1174 7135 8037 9664 9991 7297 8848 4451 172 650 2836 1597 9401 2626 9268
2991 8617 238 9405 5425 6134 9908 5061 7399 895 710 801 6241 4161 1321 8681 3377 4557 408 0 192 9635 7204 24 7860 3941 479 3410 6918 6054 8601 5049 2218 4590 3494 6523 6746 6419 1083 1851 1339 8631 1873 5694 1879 3586 2479 5830 1142 6431 5590 1813 9636 1812 7241 6768 5723 6306 5757 9024 9489 2661 7282 5527 4883 4293 988 2312 2384 2048 4783 5972 3561 8000 1524 2095 5931 806 5344 6235 2315 5959 5616 6473 2225 9133 1869 5076 1678 8191 7239 6007 4411 3562 7334 4606 5364 7424 4817 8287 7960 8682 1501 9888 1461 7505 1799 7685 9303 5804 8755 2372 6304 1259 6576 2794 7228 9544 768 7005 2716 6769 1426 3141 8179 1038 9091 4392 4946 3459 979 877 5316 1167 6697 9422 4753 9953 9697 4110 8985 9634 1153 77 805 325 3396 2628 9282 6091 8804 4949 4243 2361 4677 301 5623 9697 4335 8089 1205 2183 3821 7150 8695 3827 8356 9484 8069 2811 9047 2454 3489 4222 5419 467 1869 2296 1952 8604 5423 6863 8449 8218 4019 4396 5114 5050 1859 5018 9002 3306 5534 7774 6684 5496 3113 2658 521 5871
3419 3023 4796 7674 9128 7497 7664 9091 9961 1267 7156 5084 1639 5875 8302 7877 1761 5034 7699 192 0 9300 4167 8006 8769 5290 6229 3409 9311 9941 4562 9015 3206 4531 4328 3930 419 4086 9690 42 408 654 1500 8590 1651 8193 8297 113 1151 9517 3110 6587 2732 162 5330 1965 8545 1047 181 2004 3340 9656 1277 511 4380 9068 2169 9592 7128 7419 930 5382 9801 2236 2005 6312 4890 5370 8046 2050 5345 1422 2772 1398 447 7116 3913 4364 78 6631 1333 8768 3733 9474 7673 2957 2366 7181 1679 7600 9291 5833 2599 582 1673 1097 7929 5541 6704 3535 4235 1278 1281 2862 1995 3107 4424 3748 4196 1084 4529 8299 593 4435 6153 65 9905 3238 8946 657 9397 6393 9591 6678 5847 9604 4881 9409 9043 7321 4194 1708 5727 2229 4915 9478 1945 9695 7517 8290 3845 5 9575 8055 8855 5867 9636 5751 6052 9735 2323 4316 9626 8030 82 1285 6997 7136 2939 4065 7633 6732 5360 3795 7230 5718 8380 5491 4803 7218 3621 2362 6119 9536 2346 8242 9367 1860 6337 9507 1757 9245 6937 8505 6438 8651 5905 9861 4906 967
6398 2862 9817 4839 670 9998 9122 1571 291 9320 6872 2241 2051 6461 5561 8472 3914 6365 6748 9635 9300 0 345 7801 3688 8936 7788 5100 3311 3531 8970 2324 2955 7952 3650 1664 4640 5219 6455 4418 7216 2064 6816 6087 1072 6848 7758 2818 5081 3794 993 9276 2174 1250 9133 3936 7824 7325 7014 870 1120 8773 3364 605 6109 2443 5168 6857 5672 8779 7994 7708 9455 293 2954 3284 4291 467 5620 6039 6449 1375 3380 2419 5611 9646 2426 4592 7588 6536 4945 4288 486 4870 353 9531 304 489 9779 1171 4674 2899 6432 2117 8586 463 3782 6488 116 362 347 8916 5936 3272 9382 305 2985 6125 7749 625 2811 4063 8501 7524 5509 4986 2450 1582 5046 7939 9742 9688 1246 8814 354 4487 7772 278 2818 4646 6687 8285 6301 1956 9820 9959 5063 3215 9441 3861 3270 8204 2912 9501 724 2919 4490 2778 8412 138 132 7263 7771 9875 3678 5042 806 7749 8277 125 1326 9052 5671 1311 9281 9201 1714 3149 4285 1394 5941 4643 5402 7094 6098 7993 2661 1802 5958 7571 2267 8971 881 6736 4710 8745 1367 9604 8525 1986
2250 3720 7506 5280 9287 5834 2851 7655 5791 5041 7501 4966 3672 7672 7393 7594 9487 8717 4899 7204 4167 345 0 9008 2440 5681 7971 2746 2267 3231 6533 7600 9244 7333 9152 7942 937 8809 4753 9572 7413 814 1988 3220 633 9596 8649 8660 2630 7497 1286 6799 5018 1413 2426 7461 8374 2141 415 5671 2407 8310 7116 6279 9935 3827 9710 5310 4863 1853 914 2065 354 5167 3049 550 126 1770 8152 8570 3765 5709 1274 332 117 7169 7714 4674 3008 2354 2716 3171 3206 3631 1582 1862 2794 348 4197 4279 2502 2645 3745 4360 8242 7362 8305 4412 7134 7075 9710 8757 5051 0 7388 2099 1475 8013 6275 1470 1637 6422 6223 1559 6619 5129 8110 1043 7452 9435 5478 562 885 2813 9076 8365 974 3903 1757 1440 5835 3270 8040 7678 6578 6315 7521 3816 2126 1775 6406 9181 1260 8600 8894 5181 7315 7769 8346 2054 6416 3817 8967 9695 6699 3732 6424 3971 8841 974 4643 1625 7536 3916 4626 1560 2108 9292 1882 8874 1138 2672 5979 895 7068 3374 4915 2160 5776 6261 6570 6757 343 5852 4655 644 4760 7800 648 4681
5081 3580 9430 9926 1988 8734 8816 9642 5988 3149 960 9361 3247 3549 9471 8463 3814 7212 4399 24 8006 7801 9008 0 847 543 2924 8548 5822 3222 9135 8230 3411 4848 6205 62 1170 6498 9721 2336 8833 337 8937 7570 5263 2964 2060 6887 4610 1826 4850 5590 1840 811 902 7014 23 7623 5334 7266 4545 4484 3923 3603 6721 6918 5249 6778 9571 7035 1059 4089 7699 5698 6078 898 5974 3091 8209 9399 938 3222 8863 528 9107 908 9941 9296 3220 3747 6450 5981 3215 8577 1711 5191 4650 2968 7319 8825 3757 9945 6439 8336 1497 674 3277 4436 8169 7530 8355 946 1906 2892 3244 2094 5790 3677 9436 2019 468 7289 8503 88 5227 7697 5379 4363 550 8382 310 602 7846 1530 3406 1017 9204 7464 5114 77 9366 1025 2059 9273 380 4077 7780 5547 9418 689 7168 1533 529 9704 9331 3401 7021 6506 6132 492 9294 4073 9267 7279 5071 7658 5927 1565 3406 672 8799 5494 2306 7227 887 7681 7546 358 7000 1054 3995 5603 5997 7166 8326 3015 1162 3058 7978 7972 2998 9224 9579 2598 4736 1096 4814 9951 9693 6107
5709 8593 2167 590 5393 2603 3408 4257 9823 3460 5678 7458 4915 1756 1515 3506 4687 3037 5654 7860 8769 3688 2440 847 0 1364 5446 6176 7105 3424 1925 1469 7331 9798 6752 9845 3589 3157 7621 6367 7852 3464 94 9606 9141 3330 4299 8903 5842 5683 4966 8224 6068 7326 1998 8761 1131 2649 639 3708 8147 6182 6333 6878 325 3136 9323 8414 4816 6002 2138 7866 2346 4084 7431 5175 4108 7392 9913 9047 737 1279 105 5785 2576 9868 8127 6333 6996 450 9097 9971 2374 2310 6463 3617 7681 2392 975 2907 7469 204 8517 5886 8177 8396 5246 2964 6463 4440 3598 2109 6107 4602 4480 5307 8383 4784 4634 8160 833 8070 4103 9066 8916 2186 8978 6613 7241 8741 4301 7290 5855 248 2752 8858 2837 8316 2696 9535 4455 420 4298 4419 1781 2708 9242 2129 4297 8974 1559 6246 9159 6485 7757 2294 5583 1064 7698 6878 1243 3238 6504 9592 2864 4165 1704 2808 2605 3355 5083 4754 8025 8199 5641 5412 650 1837 6167 5526 1743 1620 7512 3283 147 3273 3062 450 2739 2753 897 522 4603 8097 1036 9181 1824 3220 1066 7707
5422 4188 8040 9700 9834 3557 2710 824 626 5248 7385 4379 1754 1998 9304 465 117 1228 3753 3941 5290 8936 5681 543 1364 0 2348 4113 5230 3913 1943 3771 9107 6945 1928 1881 9191 3120 6561 562 6749 2977 2490 6514 2431 5512 8382 837 1558 8850 8095 8744 1582 7829 7479 6949 8878 6677 7678 8129 1968 8517 4353 3587 5828 526 8766 3119 3433 6373 6973 7238 8625 2996 6331 2632 5424 3745 8420 9618 2142 7811 2200 2040 9882 5150 5159 1667 5339 2160 4878 3148 1714 8013 5774 3223 5329 3720 3322 2155 6985 3878 6996 8444 5712 2588 1425 6069 406 8376 3140 7137 6694 8035 5353 2502 3983 6271 361 348 6384 8635 632 7914 2002 8864 4639 6519 9243 791 477 6592 4689 6931 8127 6261 7745 7370 3637 4987 9111 7154 713 4187 9488 1602 3109 8378 3602 2536 8317 2535 3685 4291 1184 3922 5725 8546 1787 2771 7489 354 4728 2323 6319 3119 5960 5400 4568 600 6151 9927 8980 2061 4751 8305 9058 787 6044 6213 3128 4892 4901 4747 284 9505 920 5259 3461 3017 4122 3411 5539 5586 1576 7387 1117 4002 1112 4657
4747 8861 3140 5687 5455 7711 2084 8862 6928 1204 9919 2623 9981 2654 5504 1311 9728 9508 8201 479 6229 7788 7971 2924 5446 2348 0 9352 4185 2750 5966 7209 9454 2501 4351 5996 6070 2684 1616 8093 3547 2316 8562 324 7674 4774 8831 122 3842 9218 9686 46 5928 9164 7085 9536 3746 9442 2837 28 461 8046 6362 2788 2616 8593 5137 8125 5332 2036 842 2093 767 1679 7576 880 6730 9171 5550 9285 8917 5333 9073 9675 1131 1204 8127 3685 8077 1899 9143 9512 7207 6315 4671 2514 8941 5140 7457 1855 657 1987 6960 7311 4236 3038 5273 3916 8350 1664 5747 6151 6865 5213 3981 3803 6867 233 4706 9726 3345 5597 4743 325 4080 7079 5682 5582 9654 508 78 7909 5178 5046 8407 6790 4261 9183 1490 8985 5175 3892 1195 7005 5747 2801 9888 4779 2398 3164 9478 4332 5665 8961 8146 9581 5881 5708 4627 2469 1706 4338 80 6748 4027 6076 3143 9368 5821 3762 7622 4743 2683 8972 2775 169 5615 7659 9745 3101 4266 9986 9509 4957 9767 4432 7366 2848 7366 8013 1038 4330 588 4448 431 7495 8919 5398 5343 1161
8913 7077 5450 57 214 8243 1725 4412 5708 3572 8432 2198 5131 9953 928 3732 3838 734 614 3410 3409 5100 2746 8548 6176 4113 9352 0 299 8175 2507 7142 8230 1639 6889 9585 6879 1118 4112 2527 4125 3040 4558 3747 2957 786 7542 879 318 693 291 5450 5785 3301 7705 1805 8445 1023 3931 9784 6822 6438 6163 5663 3898 6648 7013 3260 2763 1792 1665 5728 7603 1017 4666 7934 1336 3156 5524 2358 4838 1171 7776 1024 7433 2303 1110 2297 9563 8741 2318 672 545 3806 658 4385 853 9243 4515 206 7540 261 7787 494 2388 6005 7813 5447 9586 2631 4743 2062 3740 6098 9498 4944 3068 9070 3685 4007 311 1331 4098 6129 9172 7079 3835 7280 3189 7223 1901 1255 2409 7573 6077 8383 1139 4765 6335 2766 6675 6259 2569 2647 1917 8551 3060 1214 962 7684 5676 5484 1366 4619 1331 7492 1726 8089 9772 1439 6354 7586 1424 9602 8177 8586 8512 7022 5392 2898 7166 367 8252 8950 5320 9123 9889 8184 2812 1894 2259 5945 6409 3229 1279 2636 5688 1717 3216 8198 808 4643 731 8862 2578 1758 46 6830 7459 807
6707 2844 8156 192 5943 4229 9531 160 9537 9363 4322 5034 3450 1832 7425 426 7065 2892 399 6918 9311 3311 2267 5822 7105 5230 4185 299 0 5650 6396 9031 507 7912 5950 8633 412 7980 1749 9921 2889 3848 3074 6583 3281 490 260 7834 2995 1486 3639 5325 8483 9323 6342 8873 8829 5558 3316 1294 2653 9837 5294 5240 5299 2702 3496 1789 1392 8325 1029 7252 487 6093 7265 741 8549 5475 4424 5575 13 7349 5354 4796 709 3440 1747 427 6093 8664 5598 7703 1991 4700 5442 8814 5782 8316 3158 2488 7937 1260 9675 4814 6902 6070 6567 1897 3976 7312 4002 6364 9180 4612 4779 7841 3480 7252 6380 3290 267 6442 3437 3008 4149 7094 5120 815 4373 9486 6317 1465 9123 5805 5268 6753 3414 7175 9094 3819 15 7680 8712 9072 5268 3149 4477 5216 373 1665 8568 7323 8091 9911 5713 1689 8113 6750 7223 6929 1697 5174 1132 4932 8893 2626 3695 7716 1188 337 7350 3673 16 8967 7175 4112 4646 1628 8400 9591 8855 8325 8840 4819 5590 9721 3454 6875 4358 914 6594 8305 1058 4816 2791 9322 8392 8737 8889 6149
2015 246 5647 5760 3552 9254 3174 5333 6551 149 7712 6457 5596 4471 9669 9714 8033 1363 5368 6054 9941 3531 3231 3222 3424 3913 2750 8175 5650 0 6932 5483 5942 5136 7142 8431 4963 7931 7215 4479 2883 6262 484 2151 7887 4556 9123 9991 2708 8525 5969 3143 724 460 1144 3991 2366 1806 8705 3226 7913 8649 5447 8755 6272 5080 3869 7667 4080 9666 872 1981 5584 8347 4623 7377 615 925 8604 4459 4605 8853 584 5727 8512 9816 8092 3775 6082 484 4754 7024 2719 7906 4787 1448 3443 6213 9535 6890 1728 3082 5785 1946 6758 9961 1276 8175 7653 1572 3421 929 26 7081 9404 2409 5493 4315 9400 4642 1957 9331 7286 2265 2674 2431 1704 9594 9302 1050 5029 8706 9905 6348 571 8550 4836 980 8015 1860 2267 5855 8923 9224 245 2800 6358 7128 3848 4652 8910 2856 8208 5096 3510 8058 1467 8015 8580 9885 3240 3338 1253 6430 9361 8382 7004 4275 8180 8680 2570 3250 1361 6915 2830 5716 3876 1864 5310 4599 7909 1335 3068 1166 2432 826 2970 6136 2726 8630 7953 9196 864 913 4251 5195 8771 6072 6142 5123
3066 1259 3735 2553 9481 1254 1956 36 6982 583 5348 6083 3949 5460 134 5065 1443 9521 3922 8601 4562 8970 6533 9135 1925 1943 5966 2507 6396 6932 0 3000 5216 837 5194 5845 2948 733 374 166 9604 3705 7122 2004 225 2431 8460 7464 1809 6957 4458 8539 4604 4027 2194 6019 351 6931 60 1067 494 5810 2643 845 2347 8740 7627 7258 8285 4742 7317 3710 2755 6610 8633 787 5279 9463 6081 907 3206 480 858 8737 3751 1636 2246 1094 1588 6242 9330 1527 6184 1681 3161 1468 1276 7765 8294 2289 8220 8003 7689 1647 7329 5522 359 1362 4978 9950 9067 2521 3361 8774 995 4571 6189 2389 9268 971 5732 9609 6186 2146 2003 3238 8307 7075 1855 7208 3055 7929 885 8576 7682 6882 9909 1686 3184 3070 7008 1612 6707 5189 8682 9786 5553 4927 3939 8892 2703 2569 2566 3562 7158 1102 1599 6227 9811 3089 6104 9287 4988 4504 2494 1499 5955 2685 1501 5534 9282 4908 3730 6292 3376 6432 97 4508 3342 3981 5821 211 5810 1164 1014 4750 58 1955 2433 7265 2108 3927 9769 6186 7559 839 5337 7774 4466 7111
9063 6464 6789 7339 1744 7546 2169 6001 3355 1720 3529 1073 2174 7197 285 7813 2877 5671 9204 5049 9015 2324 7600 8230 1469 3771 7209 7142 9031 5483 3000 0 3328 8734 5900 230 7826 9076 8601 4896 9420 4285 9290 6519 6606 4035 4301 2020 18 5554 2628 3058 9062 5837 562 1464 7734 7560 4805 9166 6192 1876 985 6199 1822 7294 6660 7079 4919 5924 7172 778 5188 2178 279 244 8625 5266 4420 7405 9416 353 7040 6562 2133 551 6266 7629 7556 8393 1005 7143 8455 6756 3288 4481 2785 3118 3272 1891 8869 6129 2171 954 6545 3647 521 965 7317 8777 8178 7280 6050 1473 23 6581 5728 7173 1304 1893 2805 9460 5252 66 3179 7974 9010 4153 1466 6376 674 8445 4475 8998 5036 4105 8052 6281 6897 3430 7057 3761 7382 5823 203 456 76 5298 7378 8593 7679 1239 5248 1803 267 459 6414 946 1994 6870 4764 884 6295 348 4400 2554 3493 3632 2866 5279 2689 3123 3931 2992 6170 8540 913 1147 3359 7556 3673 8759 2889 6807 6203 9529 1176 710 9467 1244 1693 9032 3243 87 5922 9797 1332 5811 8313 1187
2797 6415 5246 7799 5971 208 6902 8817 1478 4032 1469 1045 5438 202 7881 6653 6238 490 9015 2218 3206 2955 9244 3411 7331 9107 9454 8230 507 5942 5216 3328 0 6062 7452 5218 1937 4815 193 1901 2311 9997 5470 5986 807 44 5670 9239 223 3838 9524 9567 1496 5376 6596 126 4094 3278 8116 2322 1835 702 9810 9237 9460 9063 9107 5121 9674 2387 3633 456 4955 6103 1899 2614 3507 5293 3242 6346 7070 7172 829 2351 3698 2801 2497 5709 1236 1525 7819 2190 1230 2344 4197 4227 7974 1274 3534 2124 7713 5045 2597 8069 4893 3105 8918 8413 9130 1810 1890 3026 3104 8236 6503 2738 2451 7633 6056 6430 3119 5990 5946 6817 6314 259 3447 7129 2068 1270 298 5423 5663 5666 6405 8865 1112 4427 4767 9263 2988 876 5234 6918 8410 9075 4373 1195 5013 3746 9465 3201 4633 2975 2872 8346 364 5909 9351 8712 6328 7943 6008 4077 9250 8779 55 9206 2138 9880 8307 4126 9960 6140 5024 2213 6947 6113 2715 8233 8564 4592 6033 2359 1678 1001 7855 2498 4066 1313 9184 4717 50 2025 174 9073 4847 6943 2009 1983
8025 5554 3935 1799 1531 6564 650 7027 2561 2979 6333 7314 4702 2530 632 6286 9469 8709 1678 4590 4531 7952 7333 4848 9798 6945 2501 1639 7912 5136 837 8734 6062 0 7378 3108 4143 5024 5219 6065 4732 8357 9438 5567 5149 9245 6556 6970 3582 3396 9926 8569 364 4748 8600 7091 9900 3039 1253 2435 6854 4641 8323 2288 7401 6771 2999 7268 834 8481 9205 3492 681 4030 4188 8197 107 1556 7389 3098 9338 8938 7524 8198 2455 5723 6605 1718 3922 9862 3185 6729 3571 5118 7319 2846 2278 6051 3612 172 9652 5296 122 7452 364 96 7765 612 29 7343 55 6889 7450 3460 4617 35 6352 2971 4745 8804 1432 3835 7039 5039 765 3037 3407 5323 9667 8638 9093 7499 9024 6064 8759 8943 4680 1053 6432 5860 3253 8316 376 1968 3896 3940 8625 7034 4996 2810 8277 4592 3391 2188 749 9703 3894 7141 591 2827 6216 3761 4274 2344 6617 8 6643 3347 4618 3665 5916 178 1402 5442 4259 9642 9805 351 7083 6645 4964 7095 1145 4894 7007 4046 5280 4245 7833 724 2888 4943 846 2040 8023 3129 7999 4381 1079 9801
7358 2826 9128 9862 8806 9270 8223 3950 6543 9797 359 27 7188 5673 1376 3939 5722 1374 6154 3494 4328 3650 9152 6205 6752 1928 4351 6889 5950 7142 5194 5900 7452 7378 0 4170 5141 2496 4229 3306 8956 4955 4730 9646 6103 4695 9697 3652 7409 2908 6517 7182 5949 4451 1286 5328 5494 817 4110 5521 9681 1786 7932 6335 752 7664 1330 3848 5911 5041 9924 3810 2967 4042 6307 2604 386 9329 8568 4646 5357 835 2907 1822 1102 9916 2410 4481 42 7139 5744 5814 4988 4163 1842 5483 2701 5304 3805 781 8685 6191 1439 4499 2190 8850 685 5673 277 7634 8900 6564 5887 9671 7579 4094 9267 2598 4874 5644 8953 9368 2032 365 9818 1936 6512 6270 2951 9171 7054 932 6510 6826 788 5912 2295 1180 4745 4588 9252 1510 1779 7735 7392 2143 237 9811 6133 9738 4129 2880 9112 3955 4078 61 4298 7785 9958 3004 1072 5887 2099 4433 3944 8619 6573 8795 4873 3885 1920 5514 319 8491 5518 889 7371 2619 5405 2257 8074 2087 5336 8661 1420 7576 4253 1459 3496 3726 8925 9645 3212 8148 3187 9803 2184 7669 5080 7908
2541 4403 4537 871 9787 5000 3532 1718 4600 221 8486 9904 3668 7865 941 5762 1478 4164 7398 6523 3930 1664 7942 62 9845 1881 5996 9585 8633 8431 5845 230 5218 3108 4170 0 9405 171 4065 1348 2733 5877 6661 3364 9784 9106 9564 1249 8357 9818 9378 4585 1234 2436 92 3188 3263 9551 447 2629 8748 1930 9745 9056 4836 8247 1414 8522 648 9913 2247 7851 1242 6284 5606 9840 5373 8719 7434 4858 7381 953 9240 4013 5975 1680 4497 6900 1394 3847 8988 2489 5816 5688 1038 4042 2742 1226 5738 3296 7810 8207 9488 4884 7153 1707 719 129 2641 571 7001 2702 4145 5049 3394 3466 7915 3645 5872 5149 5322 9637 6632 3213 2526 5718 3033 796 3862 9026 2292 9912 6119 8141 8926 7936 3601 3751 7727 5030 2282 4352 4236 8635 6619 7313 9765 898 1519 6912 719 6880 9063 3297 4978 3380 5212 3746 6099 6441 1969 3085 7130 2577 517 1949 3340 173 9112 3550 7657 8493 2394 3092 9758 5473 5979 2049 6261 2731 1799 3257 878 9942 6372 9685 5710 7747 4435 2091 3875 9998 3121 6804 8222 3318 3053 824 2613 4322
9237 7083 9794 7707 5018 833 526 3090 6025 9004 7568 5963 2780 765 8392 4469 9555 3234 9238 6746 419 4640 937 1170 3589 9191 6070 6879 412 4963 2948 7826 1937 4143 5141 9405 0 8726 2598 7038 1609 3228 7517 710 6818 1632 9551 1667 3526 7894 1086 5903 4941 8428 4259 8170 5987 7247 9650 7233 5100 11 942 1510 7074 2297 237 4028 8067 5491 8227 1696 934 7760 9662 2161 3673 8209 557 2465 269 4720 5880 7988 8049 4852 1793 3144 79 6065 5167 8505 8444 3978 3820 9726 9707 2007 4304 6989 7183 7448 5032 8387 8278 8132 6286 4813 2966 5822 7992 46 767 198 8004 1943 1700 1672 584 6258 9291 4517 4680 4530 5386 353 3525 9068 9482 25 3014 6841 601 6262 9847 6441 1470 9836 7054 4808 9386 8742 9531 796 4181 5889 5059 2131 7369 635 6622 1197 6607 8919 5765 437 473 2869 582 1186 3915 1187 2038 7278 6116 7832 3643 9257 4363 2954 9903 4412 2500 2195 445 4099 9097 7045 5370 6116 60 721 9002 1952 1169 2761 6057 2432 921 8294 2527 6553 6356 9975 2396 6036 7761 2102 949 1263
1915 1732 2461 1442 2102 658 4580 9337 4829 1019 5214 34 9943 8089 3214 2085 6540 3448 2975 6419 4086 5219 8809 6498 3157 3120 2684 1118 7980 7931 733 9076 4815 5024 2496 171 8726 0 8869 9484 1406 796 2116 3929 8176 3459 7408 7655 5785 1594 4916 3360 6909 1132 2919 9426 9837 5385 6264 9293 53 8184 1301 8117 4290 4848 9624 8407 3817 9726 8112 9064 1734 4403 9258 4377 8014 1267 504 4212 1432 3925 282 3346 8141 4927 569 3906 5900 4064 7129 4879 6994 3645 5539 818 5305 1819 9670 8277 5084 4406 8365 9301 134 7043 2675 9378 3276 9950 7328 777 4630 7539 3001 8879 6608 6779 7007 4695 9659 2972 1800 2667 7692 7325 9195 8766 1632 869 7400 6788 7527 4607 5736 8517 996 2739 8049 2067 9305 2579 4536 6591 6042 6017 4820 8940 9110 5136 5909 161 3414 876 6481 7988 7113 5065 9550 7767 980 6547 2812 1616 7454 4706 9266 5816 1954 5015 90 5767 7949 7208 9840 8520 4111 1883 5613 8356 3817 5881 4946 7468 9960 8362 1336 9510 1442 6583 7267 5147 2155 8616 6482 4311 3937 6687 7408 1136
1718 5378 2898 5458 4913 2854 3344 9672 3221 1855 3787 7388 1934 2815 4427 5944 3626 6438 1783 1083 9690 6455 4753 9721 7621 6561 1616 4112 1749 7215 374 8601 193 5219 4229 4065 2598 8869 0 3872 978 4318 8148 5492 6961 3827 541 5962 1513 4647 3268 1122 2358 9788 3392 1707 3687 5458 4453 443 9311 5477 4477 3180 9780 8273 6868 8788 841 3877 2315 772 5996 1398 6932 1766 1137 9040 5027 9846 7828 6188 4052 5484 1315 3438 7234 7958 6665 3674 2985 9748 2726 9798 6063 7116 1718 4012 2263 829 1698 4656 2842 6597 3958 5094 1651 5920 5862 7028 188 9659 3458 2431 1327 6827 9042 7230 3805 8964 9762 5572 9402 3756 3909 2527 1764 6799 6490 4720 4794 8777 4717 2929 3507 3881 2614 2280 3340 3394 35 1983 2332 2470 803 4992 7160 3501 4721 2331 8442 6673 962 3856 1995 454 1910 6467 609 3579 6078 2095 5043 6518 2099 2057 3684 6489 3203 2671 167 2475 1651 9988 3025 7658 7650 1230 1145 3521 8540 8533 2850 3551 8529 8825 1027 8813 2033 833 6792 9455 4371 5091 8954 2623 3358 6407 647 287
9704 9991 287 4170 4230 2452 6397 5823 3056 2469 843 1294 7145 1409 700 2252 7394 2303 2723 1851 42 4418 9572 2336 6367 562 8093 2527 9921 4479 166 4896 1901 6065 3306 1348 7038 9484 3872 0 8163 783 2667 4237 9049 6739 8026 9328 8983 2379 4847 5447 5972 3898 6492 4477 2044 4066 3166 640 7694 7547 771 520 8723 5240 4218 9933 3314 1302 300 376 4795 715 928 6605 4468 9473 6161 1074 2358 3867 881 6954 7324 9103 2121 9355 8745 5512 6646 7456 3871 3584 6711 460 7025 7975 8918 5172 9110 2711 9681 1103 6193 7267 4892 8689 2144 2268 6008 8845 6033 70 3863 5961 6636 5380 9044 9593 353 5137 6920 9969 101 3461 8132 9164 343 2268 3554 938 9423 5709 2486 2350 538 4043 6063 2094 6315 5262 2066 6704 8134 6171 2795 4358 27 148 819 2777 6006 2658 4265 4619 1239 738 4037 8965 9679 3449 7334 3803 2185 434 8390 5222 2751 9019 628 1112 7987 8007 6330 4226 4924 5191 366 8014 209 1076 2129 9962 2289 677 6270 4671 4374 5509 6032 8460 5169 3363 1798 9260 3492 3288 9572 5094
8710 2593 9210 8261 7799 3514 2936 9679 1534 6387 232 6276 8287 3972 3527 7092 8423 6702 1888 1339 408 7216 7413 8833 7852 6749 3547 4125 2889 2883 9604 9420 2311 4732 8956 2733 1609 1406 978 8163 0 7329 5390 2910 1747 3833 7869 5550 5902 2662 7300 9299 8290 675 2361 9902 8591 8153 538 7082 5397 4547 4129 4543 3047 93 9899 2571 462 7027 5765 4596 6867 4048 507 9554 3530 9249 5717 9165 7023 604 5089 4956 6068 9615 3846 1966 9044 5490 8011 3493 1919 9548 560 9018 8383 7182 7560 9738 7706 4408 6497 67 7401 2203 6522 6335 8366 6747 8846 1133 3278 5657 6190 9005 5244 4262 8354 2722 4168 4900 2305 1757 217 7735 2244 4438 9467 8102 6716 9158 1722 8447 3932 1156 5359 2142 4707 2488 3837 9188 9136 9894 1841 4778 8877 8896 8137 7968 8952 9296 8948 4019 6451 4389 1814 1159 1937 746 9846 2651 9941 6339 7763 1025 1660 3559 3737 3004 6752 5457 6626 103 8494 8832 2235 5304 4461 5462 5429 3752 4011 8157 3094 8982 4782 3828 6548 2707 607 6206 1890 3792 3590 1110 6197 2949 1828 2396
