50
0 8960 9868 4551 8334 1475 8130 3860 7644 5043 1608 5627 7099 9211 413 2591 3265 4211 410 5492 2490 3055 383 2716 6216 2708 7175 6224 1013 8634 6 8963 5067 2516 2189 7923 1298 4295 3054 60 8616 5852 3368 3432 9719 1232 9557 4762 6447 8077
8960 0 6000 5653 9393 7611 5014 49 6482 24 5126 5235 8746 5471 9756 9422 8668 5599 409 6638 2516 4930 2588 9411 5759 5026 5969 6080 3767 6875 4014 4075 3468 262 3942 7217 9779 350 4234 9037 1 1576 3014 6309 588 1631 8949 1749 341 7679
9868 6000 0 1348 3773 571 1845 6291 3820 7208 5294 5084 7169 1044 3616 3930 7024 9816 1214 9158 3536 2693 9562 7757 6127 6785 9562 4490 7959 8824 5549 1828 866 1036 3483 6843 9196 9803 6412 481 3532 9055 956 142 6894 7827 4623 7457 1317 3706
4551 5653 1348 0 8794 8005 9431 1483 5273 1465 4125 8950 6985 28 3022 3477 565 2370 1047 3120 9354 2315 9711 7661 771 1006 1165 4762 5177 9720 9221 7550 9967 3134 5992 7495 8491 2205 2660 3051 3549 9352 3063 172 5380 4017 3245 1560 437 769
8334 9393 3773 8794 0 743 5920 6728 1397 7810 7497 4982 5641 3365 6297 9977 8161 3336 7944 8936 4500 4272 6939 9694 185 961 6198 9532 8129 3658 831 9200 915 36 846 4083 8794 9432 6808 3797 4067 2002 4639 7072 9042 2736 9377 970 5296 6790
1475 7611 571 8005 743 0 4719 8436 6978 5625 9719 6831 2273 2798 991 1765 4894 7111 2239 2585 2834 9355 1845 9713 2569 8423 6334 4535 8828 5841 6275 2364 7165 3249 4583 5405 3451 4490 8290 9236 403 8455 4927 2499 1625 2237 3670 9907 9264 1767
8130 5014 1845 9431 5920 4719 0 2734 8070 8559 8408 748 3597 9662 4522 9698 8116 4042 264 5672 8070 5034 8075 8957 6018 6264 4524 6075 8166 2524 7249 5187 8623 4875 2557 402 572 7267 9894 9841 2609 2211 3753 7941 548 2769 4396 2994 8120 5288
3860 49 6291 1483 6728 8436 2734 0 6841 3051 6092 9933 1780 3657 5310 3911 7659 103 2949 1353 991 5251 9634 4815 4316 8194 8268 357 6257 930 8158 73 5341 6660 7466 8285 2200 1126 8678 1492 5413 5847 1503 2250 6254 1078 479 5444 457 9773
7644 6482 3820 5273 1397 6978 8070 6841 0 5328 2228 6536 800 9207 4196 3538 6196 2778 7870 7172 861 8127 900 366 4389 2953 7324 939 1437 481 1153 9975 3622 9265 7415 811 9101 6248 7785 7503 1874 6035 7184 6094 9230 5947 118 6546 9613 4582
5043 24 7208 1465 7810 5625 8559 3051 5328 0 5552 6455 1368 6106 3951 2187 3470 8461 3966 7191 8220 5863 3457 7766 2226 6129 6017 5765 9009 1915 6355 6159 3330 1271 1158 5718 4774 9244 8620 765 4130 627 7875 7755 8615 9121 6401 5510 1384 2602
1608 5126 5294 4125 7497 9719 8408 6092 2228 5552 0 5546 6480 7307 5749 3025 802 1824 9191 7844 1356 7655 9584 9081 4474 5669 6731 4360 9102 5368 5253 6198 1807 6586 3828 7295 345 3530 3294 5060 2955 3694 3024 8987 5360 4672 2391 7789 297 1299
5627 5235 5084 8950 4982 6831 748 9933 6536 6455 5546 0 8887 93 5082 6272 3060 9170 4471 681 5354 3603 2082 6489 7401 8699 1262 8304 7930 156 55 105 571 2635 6547 5747 4555 6877 6409 8400 7005 8032 3955 9497 640 2150 3499 1900 6279 6736
7099 8746 7169 6985 5641 2273 3597 1780 800 1368 6480 8887 0 5327 1265 3343 7693 922 7849 7788 4369 8208 9613 8447 5047 1474 5130 9470 3845 412 1920 8849 2395 8323 9569 3759 4974 536 2565 1920 5409 1638 3010 8224 9579 6533 9434 6516 1310 7270
9211 5471 1044 28 3365 2798 9662 3657 9207 6106 7307 93 5327 0 5248 3317 8221 1053 8943 6051 7986 3524 5113 9916 8960 587 6667 3064 9342 9207 5644 9455 3157 4298 4067 9962 221 3639 9433 5041 3070 7782 2934 968 4162 3648 4937 3818 5376 3117
413 9756 3616 3022 6297 991 4522 5310 4196 3951 5749 5082 1265 5248 0 4992 258 8110 9311 2680 3753 4094 6254 5898 5710 4541 2507 1261 1472 9177 1872 6694 2467 6608 5610 394 8056 7800 8415 6087 2377 3284 9539 7403 3526 743 3747 9107 2830 2220
2591 9422 3930 3477 9977 1765 9698 3911 3538 2187 3025 6272 3343 3317 4992 0 390 9546 3914 2987 6169 2690 1688 3554 4149 171 5319 58 9199 4670 1393 7484 1864 7327 3624 1518 3807 1788 1679 8214 890 1791 4933 5447 8742 3821 4758 3321 2090 4284
3265 8668 7024 565 8161 4894 8116 7659 6196 3470 802 3060 7693 8221 258 390 0 6631 2862 3783 2832 1701 2973 622 753 4908 4781 2690 7816 9927 3577 1824 4816 7016 6035 5714 16 5407 7197 4115 2201 7255 618 2979 401 3028 6848 770 7792 7187
4211 5599 9816 2370 3336 7111 4042 103 2778 8461 1824 9170 922 1053 8110 9546 6631 0 9435 9303 9317 7020 4274 6339 2969 6964 5649 9859 5494 9247 6386 381 5956 2721 788 6004 9665 3753 4048 2330 9263 6278 8304 3108 3844 4402 8580 4083 5606 8061
410 409 1214 1047 7944 2239 264 2949 7870 3966 9191 4471 7849 8943 9311 3914 2862 9435 0 981 913 8781 9788 1129 8946 4022 2047 2776 5454 8295 3489 987 5656 1618 9890 1725 4344 9085 5404 2606 3004 427 3146 7183 3701 4725 3881 1720 9252 2193
5492 6638 9158 3120 8936 2585 5672 1353 7172 7191 7844 681 7788 6051 2680 2987 3783 9303 981 0 5371 9056 1395 8123 9246 1366 8727 5773 7759 249 499 4759 1124 7737 9132 3859 7754 1202 8781 5912 2989 5021 2666 2392 3186 8793 7856 1134 1646 8492
2490 2516 3536 9354 4500 2834 8070 991 861 8220 1356 5354 4369 7986 3753 6169 2832 9317 913 5371 0 8887 2401 6706 7278 6880 16 9643 4683 1774 391 2786 3756 5256 3629 6641 9919 6555 2574 6194 2265 7525 5654 9333 6502 764 3006 9082 7829 7189
3055 4930 2693 2315 4272 9355 5034 5251 8127 5863 7655 3603 8208 3524 4094 2690 1701 7020 8781 9056 8887 0 8013 9677 4475 4856 7769 994 4663 3765 3137 4655 1200 4911 9396 2744 4878 3580 6578 3078 2182 486 5845 5586 981 9041 1705 2048 213 8940
383 2588 9562 9711 6939 1845 8075 9634 900 3457 9584 2082 9613 5113 6254 1688 2973 4274 9788 1395 2401 8013 0 1740 5789 7080 1349 5168 4941 6671 7552 7321 3608 5683 784 9861 9440 2881 7534 4904 6951 7438 4145 2528 9141 2044 9643 9676 9877 2549
2716 9411 7757 7661 9694 9713 8957 4815 366 7766 9081 6489 8447 9916 5898 3554 622 6339 1129 8123 6706 9677 1740 0 9351 164 9599 9686 2616 9340 8627 7382 3402 6208 3952 6176 9404 6627 3312 7253 9576 9713 8403 5027 2528 1623 8677 6866 7476 7649
6216 5759 6127 771 185 2569 6018 4316 4389 2226 4474 7401 5047 8960 5710 4149 753 2969 8946 9246 7278 4475 5789 9351 0 4128 7485 5827 2363 6631 9787 7392 4325 6812 2669 1430 437 1260 2754 6145 4726 5049 2804 7427 6604 6632 9207 5492 3915 669
2708 5026 6785 1006 961 8423 6264 8194 2953 6129 5669 8699 1474 587 4541 171 4908 6964 4022 1366 6880 4856 7080 164 4128 0 9121 9189 7699 8241 2308 1957 6835 2724 8097 9999 3348 7733 2922 6697 6119 161 2299 3974 1857 4555 3134 6409 7541 8372
7175 5969 9562 1165 6198 6334 4524 8268 7324 6017 6731 1262 5130 6667 2507 5319 4781 5649 2047 8727 16 7769 1349 9599 7485 9121 0 1845 2171 7510 3199 3857 5576 6045 6803 9897 123 7470 9611 2953 2575 2821 6128 419 6995 5438 4304 1312 805 8246
6224 6080 4490 4762 9532 4535 6075 357 939 5765 4360 8304 9470 3064 1261 58 2690 9859 2776 5773 9643 994 5168 9686 5827 9189 1845 0 5697 9571 5215 9568 2347 8613 2387 5709 4711 4550 1245 3685 6216 9273 3925 4778 777 3150 1701 8394 5512 816
1013 3767 7959 5177 8129 8828 8166 6257 1437 9009 9102 7930 3845 9342 1472 9199 7816 5494 5454 7759 4683 4663 4941 2616 2363 7699 2171 5697 0 1328 1685 8292 1689 1440 6521 4740 9864 3863 9035 5521 9025 2636 5971 8422 7093 1289 5950 1966 7572 5671
8634 6875 8824 9720 3658 5841 2524 930 481 1915 5368 156 412 9207 9177 4670 9927 9247 8295 249 1774 3765 6671 9340 6631 8241 7510 9571 1328 0 8247 6264 490 7417 189 7538 4836 9892 5900 6578 514 8341 7594 8050 2538 637 307 3420 2491 2506
6 4014 5549 9221 831 6275 7249 8158 1153 6355 5253 55 1920 5644 1872 1393 3577 6386 3489 499 391 3137 7552 8627 9787 2308 3199 5215 1685 8247 0 2765 6793 1037 9624 4584 7189 952 8779 3372 5489 9041 2368 7641 8041 8214 5837 9611 3150 5903
8963 4075 1828 7550 9200 2364 5187 73 9975 6159 6198 105 8849 9455 6694 7484 1824 381 987 4759 2786 4655 7321 7382 7392 1957 3857 9568 8292 6264 2765 0 2645 5856 2977 1066 8854 1655 2919 2591 8360 6951 4322 6753 9439 7709 6083 3402 9112 8648
5067 3468 866 9967 915 7165 8623 5341 3622 3330 1807 571 2395 3157 2467 1864 4816 5956 5656 1124 3756 1200 3608 3402 4325 6835 5576 2347 1689 490 6793 2645 0 7123 5402 9245 289 8492 1017 6187 6244 2370 9158 363 9554 4380 3957 3382 7762 5817
2516 262 1036 3134 36 3249 4875 6660 9265 1271 6586 2635 8323 4298 6608 7327 7016 2721 1618 7737 5256 4911 5683 6208 6812 2724 6045 8613 1440 7417 1037 5856 7123 0 550 1163 675 1054 9550 8237 8510 1464 7372 8847 2249 1698 1880 2585 6802 8140
2189 3942 3483 5992 846 4583 2557 7466 7415 1158 3828 6547 9569 4067 5610 3624 6035 788 9890 9132 3629 9396 784 3952 2669 8097 6803 2387 6521 189 9624 2977 5402 550 0 958 1001 8809 3452 3353 3342 521 8413 5032 9837 5753 1863 3403 2337 7459
7923 7217 6843 7495 4083 5405 402 8285 811 5718 7295 5747 3759 9962 394 1518 5714 6004 1725 3859 6641 2744 9861 6176 1430 9999 9897 5709 4740 7538 4584 1066 9245 1163 958 0 1069 997 6781 6617 1585 8712 9065 7049 819 844 4488 6017 6284 9427
1298 9779 9196 8491 8794 3451 572 2200 9101 4774 345 4555 4974 221 8056 3807 16 9665 4344 7754 9919 4878 9440 9404 437 3348 123 4711 9864 4836 7189 8854 289 675 1001 1069 0 7641 7238 4384 5365 9599 1087 7722 3756 5593 2082 145 9509 8050
4295 350 9803 2205 9432 4490 7267 1126 6248 9244 3530 6877 536 3639 7800 1788 5407 3753 9085 1202 6555 3580 2881 6627 1260 7733 7470 4550 3863 9892 952 1655 8492 1054 8809 997 7641 0 4305 6090 3667 4287 6516 6955 4395 9880 8935 1197 7319 4521
3054 4234 6412 2660 6808 8290 9894 8678 7785 8620 3294 6409 2565 9433 8415 1679 7197 4048 5404 8781 2574 6578 7534 3312 2754 2922 9611 1245 9035 5900 8779 2919 1017 9550 3452 6781 7238 4305 0 5784 2878 618 5695 1130 7127 8345 8391 9355 5566 7251
60 9037 481 3051 3797 9236 9841 1492 7503 765 5060 8400 1920 5041 6087 8214 4115 2330 2606 5912 6194 3078 4904 7253 6145 6697 2953 3685 5521 6578 3372 2591 6187 8237 3353 6617 4384 6090 5784 0 8630 9229 7883 1632 4619 454 8973 8519 7277 7167
8616 1 3532 3549 4067 403 2609 5413 1874 4130 2955 7005 5409 3070 2377 890 2201 9263 3004 2989 2265 2182 6951 9576 4726 6119 2575 6216 9025 514 5489 8360 6244 8510 3342 1585 5365 3667 2878 8630 0 7970 5775 2886 9827 7817 134 4175 2356 7174
5852 1576 9055 9352 2002 8455 2211 5847 6035 627 3694 8032 1638 7782 3284 1791 7255 6278 427 5021 7525 486 7438 9713 5049 161 2821 9273 2636 8341 9041 6951 2370 1464 521 8712 9599 4287 618 9229 7970 0 2702 5312 7185 4006 9316 9726 7053 2438
3368 3014 956 3063 4639 4927 3753 1503 7184 7875 3024 3955 3010 2934 9539 4933 618 8304 3146 2666 5654 5845 4145 8403 2804 2299 6128 3925 5971 7594 2368 4322 9158 7372 8413 9065 1087 6516 5695 7883 5775 2702 0 6753 3617 854 2182 7728 5989 8071
3432 6309 142 172 7072 2499 7941 2250 6094 7755 8987 9497 8224 968 7403 5447 2979 3108 7183 2392 9333 5586 2528 5027 7427 3974 419 4778 8422 8050 7641 6753 363 8847 5032 7049 7722 6955 1130 1632 2886 5312 6753 0 9072 4762 8841 6188 4355 2800
9719 588 6894 5380 9042 1625 548 6254 9230 8615 5360 640 9579 4162 3526 8742 401 3844 3701 3186 6502 981 9141 2528 6604 1857 6995 777 7093 2538 8041 9439 9554 2249 9837 819 3756 4395 7127 4619 9827 7185 3617 9072 0 8060 5401 3357 997 3201
1232 1631 7827 4017 2736 2237 2769 1078 5947 9121 4672 2150 6533 3648 743 3821 3028 4402 4725 8793 764 9041 2044 1623 6632 4555 5438 3150 1289 637 8214 7709 4380 1698 5753 844 5593 9880 8345 454 7817 4006 854 4762 8060 0 6932 2062 1497 391
9557 8949 4623 3245 9377 3670 4396 479 118 6401 2391 3499 9434 4937 3747 4758 6848 8580 3881 7856 3006 1705 9643 8677 9207 3134 4304 1701 5950 307 5837 6083 3957 1880 1863 4488 2082 8935 8391 8973 134 9316 2182 8841 5401 6932 0 9464 8980 4227
4762 1749 7457 1560 970 9907 2994 5444 6546 5510 7789 1900 6516 3818 9107 3321 770 4083 1720 1134 9082 2048 9676 6866 5492 6409 1312 8394 1966 3420 9611 3402 3382 2585 3403 6017 145 1197 9355 8519 4175 9726 7728 6188 3357 2062 9464 0 9848 1551
6447 341 1317 437 5296 9264 8120 457 9613 1384 297 6279 1310 5376 2830 2090 7792 5606 9252 1646 7829 213 9877 7476 3915 7541 805 5512 7572 2491 3150 9112 7762 6802 2337 6284 9509 7319 5566 7277 2356 7053 5989 4355 997 1497 8980 9848 0 5169
8077 7679 3706 769 6790 1767 5288 9773 4582 2602 1299 6736 7270 3117 2220 4284 7187 8061 2193 8492 7189 8940 2549 7649 669 8372 8246 816 5671 2506 5903 8648 5817 8140 7459 9427 8050 4521 7251 7167 7174 2438 8071 2800 3201 391 4227 1551 5169 0
