50
0 3531 3321 263 1926 9977 7982 7729 2874 4874 6703 4475 5279 6122 1505 9763 4561 8467 9873 9995 5649 3078 1862 7857 9873 6611 8568 2892 6035 6772 8644 8197 2595 3240 7757 765 2069 319 7518 7251 9740 8759 5201 5781 8457 1472 6504 82 1330 7475
3531 0 3740 2994 3145 8650 4676 9140 8044 1675 1314 5065 5591 7525 211 7008 4412 6179 5032 4779 3394 9834 8085 9796 2454 4529 5336 5191 1723 7546 3119 8641 5239 5373 244 1757 8790 974 3135 6763 4800 3787 947 4846 7226 7948 2763 4246 3883 6215
3321 3740 0 5243 1018 1713 7297 5252 3476 5873 9828 3928 7935 7920 6126 9893 7844 420 1311 3976 8768 3942 3321 5222 2002 4936 3683 9519 3186 7375 8444 4313 9672 5107 8580 7342 8026 6672 998 7770 2277 9444 5048 4898 2499 2539 3658 2611 9674 299
263 2994 5243 0 3071 1145 9555 8376 8486 5631 6861 1167 2944 2856 6105 6240 2556 9477 4361 3926 5527 9779 5307 6942 7267 2388 7196 2547 5210 535 5910 1965 2998 3169 9752 4547 8986 1297 3744 6519 1402 1632 3027 9664 9442 9785 8067 2131 5856 5932
1926 3145 1018 3071 0 3592 7374 446 4677 2396 7948 4439 3100 8337 7015 4413 6313 6061 2055 678 5035 5947 89 545 5563 5078 7787 1459 86 2559 7628 1502 5056 9114 7034 4398 4676 4259 1422 4209 3350 7591 8128 6329 9590 7135 432 7222 6418 9827
9977 8650 1713 1145 3592 0 2124 4885 5922 9892 2473 7888 9846 8762 3437 541 9401 7952 3649 2724 6034 549 6018 3366 3573 4746 4568 9249 838 3977 590 95 9738 6984 215 8505 5469 2299 5553 7157 7616 8865 2470 3303 7104 6485 2842 2494 8198 3618
7982 4676 7297 9555 7374 2124 0 9747 177 1824 1053 9388 2978 6736 6024 505 4117 2940 319 1069 7529 4678 5034 5698 2284 2140 7739 6060 5132 5225 2290 9546 8310 6113 6798 718 2205 6111 5309 8795 7087 1788 997 9544 4090 904 3715 2097 5745 8642
7729 9140 5252 8376 446 4885 9747 0 5213 2574 4960 751 732 1242 2385 4533 3731 2904 1233 5728 3627 5250 7654 777 3787 6456 3235 5847 5596 5691 2305 9768 7503 8826 1394 1359 1507 6982 7003 3400 5566 9710 4760 8085 8838 8032 8676 3024 8997 6132
2874 8044 3476 8486 4677 5922 177 5213 0 4907 6422 3057 4639 9408 2914 4845 2551 2396 1365 5229 1473 830 4165 7613 5817 6050 1095 761 2109 7623 5940 4861 2906 6611 3149 8893 5003 3858 3646 7705 7099 2394 1109 9136 6445 7368 6266 1340 1853 5702
4874 1675 5873 5631 2396 9892 1824 2574 4907 0 1010 170 2838 8105 8130 6634 9109 4019 9727 4275 478 6435 7373 4951 6564 8438 1781 9648 3053 2310 3760 737 703 846 4884 6033 3285 1029 5373 3690 6396 9109 9914 931 5356 2711 7095 9061 9115 3763
6703 1314 9828 6861 7948 2473 1053 4960 6422 1010 0 6323 4144 1180 1595 1173 9131 5066 3817 7113 9716 6341 3871 5380 6669 3952 321 8733 4716 4552 9310 8909 4617 5485 1972 4138 4286 6902 1009 6638 4296 6415 6841 6066 9066 7033 5432 1506 4918 1625
4475 5065 3928 1167 4439 7888 9388 751 3057 170 6323 0 600 8528 63 8891 904 4016 4691 6783 1306 6695 5952 533 3103 8921 7224 444 9755 4250 9854 7786 3457 3567 6541 5099 6652 6863 9523 9453 6682 3398 8325 5093 1417 3278 4666 6973 5423 2843
5279 5591 7935 2944 3100 9846 2978 732 4639 2838 4144 600 0 1081 4823 5373 6949 6629 1910 6136 9409 4592 4237 3299 1464 523 7711 7726 7097 4194 4960 2121 7644 9523 3126 1252 9746 3604 9670 8639 7864 5560 795 7368 5224 286 188 7573 2541 5775
6122 7525 7920 2856 8337 8762 6736 1242 9408 8105 1180 8528 1081 0 6590 8560 8570 6603 2663 6278 9916 233 336 841 1306 5286 539 5647 3640 6452 7116 2564 3867 72 2284 6019 1759 2271 4626 6272 8956 4966 2031 5757 9216 5808 5501 5128 5086 1327
1505 211 6126 6105 7015 3437 6024 2385 2914 8130 1595 63 4823 6590 0 8612 8436 3251 152 8403 1988 376 2296 8931 4569 2736 584 3702 5223 3406 8576 8097 4296 136 4961 3698 4182 6091 834 5367 2062 3098 7455 1412 2495 2354 8567 9409 1984 3500
9763 7008 9893 6240 4413 541 505 4533 4845 6634 1173 8891 5373 8560 8612 0 1887 2944 4802 8544 7295 7890 6728 2309 6429 192 9376 1061 2793 2513 5414 6228 5045 2281 6756 7556 1407 678 3687 8744 7321 1994 2530 3719 1464 1360 6548 6911 2382 8275
4561 4412 7844 2556 6313 9401 4117 3731 2551 9109 9131 904 6949 8570 8436 1887 0 4617 1512 7251 1301 2186 7617 8816 6075 6652 7729 6517 9001 3396 6800 9200 2815 7809 666 7355 3371 6998 3121 1323 9736 7930 1635 8428 9417 3037 5674 1210 2387 4426
8467 6179 420 9477 6061 7952 2940 2904 2396 4019 5066 4016 6629 6603 3251 2944 4617 0 5055 6304 9517 2038 3314 625 8434 9844 1807 3321 6574 1288 1617 9565 0 977 6376 6708 683 6868 536 4236 5959 7401 6155 4110 5079 1943 6329 8778 5808 37
9873 5032 1311 4361 2055 3649 319 1233 1365 9727 3817 4691 1910 2663 152 4802 1512 5055 0 417 6126 4540 8615 7236 6731 9537 6238 584 9946 364 1164 3606 511 99 3740 5143 2391 1210 814 8925 8944 6584 3736 3211 6285 7683 7394 3244 7319 195
9995 4779 3976 3926 678 2724 1069 5728 5229 4275 7113 6783 6136 6278 8403 8544 7251 6304 417 0 6586 4721 9376 3710 5687 4645 6447 6477 1932 1079 2083 1328 5847 3203 6224 9743 3507 7491 6382 4694 7550 9011 6178 1295 6619 9395 4434 2091 7970 993
5649 3394 8768 5527 5035 6034 7529 3627 1473 478 9716 1306 9409 9916 1988 7295 1301 9517 6126 6586 0 9234 5962 2889 1319 4597 6723 7989 182 3048 9665 7357 1444 5736 7547 7597 8564 5388 3630 6287 8535 6373 1570 4977 2960 8138 4005 3424 4103 4690
3078 9834 3942 9779 5947 549 4678 5250 830 6435 6341 6695 4592 233 376 7890 2186 2038 4540 4721 9234 0 4019 1075 6881 8537 3648 2068 2603 955 1031 5102 5255 5857 4082 513 9845 8547 9374 6772 2550 9537 3882 9192 3624 3806 5633 4968 6309 3494
1862 8085 3321 5307 89 6018 5034 7654 4165 7373 3871 5952 4237 336 2296 6728 7617 3314 8615 9376 5962 4019 0 3143 1821 2699 5339 6647 7704 132 3813 964 269 4486 10 4832 3695 11 1969 8834 9691 1437 4257 2812 210 3657 9326 7180 8267 6526
7857 9796 5222 6942 545 3366 5698 777 7613 4951 5380 533 3299 841 8931 2309 8816 625 7236 3710 2889 1075 3143 0 9209 5226 8783 591 5927 9794 4297 1647 8203 3074 1673 5632 6862 6856 3270 1447 5107 7555 5761 7631 5357 8302 3984 5650 3502 4844
9873 2454 2002 7267 5563 3573 2284 3787 5817 6564 6669 3103 1464 1306 4569 6429 6075 8434 6731 5687 1319 6881 1821 9209 0 2206 7412 1439 7034 6573 1493 2805 9427 1491 6544 3440 1370 1395 7172 6053 1332 2570 3510 7960 9068 8793 2510 5249 3596 3806
6611 4529 4936 2388 5078 4746 2140 6456 6050 8438 3952 8921 523 5286 2736 192 6652 9844 9537 4645 4597 8537 2699 5226 2206 0 6764 1009 3076 5385 572 6100 21 759 1888 298 8791 5308 7482 8175 7957 952 1423 4764 2390 5073 3843 7936 5660 7166
8568 5336 3683 7196 7787 4568 7739 3235 1095 1781 321 7224 7711 539 584 9376 7729 1807 6238 6447 6723 3648 5339 8783 7412 6764 0 7100 5258 4628 7466 2533 432 6936 3015 6227 1559 3387 8924 1844 8699 41 1588 5457 2994 8644 2971 3830 7888 8859
2892 5191 9519 2547 1459 9249 6060 5847 761 9648 8733 444 7726 5647 3702 1061 6517 3321 584 6477 7989 2068 6647 591 1439 1009 7100 0 3200 1978 7334 9569 8709 7335 4978 2229 2106 7259 9159 3093 3117 4533 7559 2477 6902 6776 6206 9797 4093 8399
6035 1723 3186 5210 86 838 5132 5596 2109 3053 4716 9755 7097 3640 5223 2793 9001 6574 9946 1932 182 2603 7704 5927 7034 3076 5258 3200 0 1648 5671 9869 1596 4671 6580 3481 9934 3912 5549 3398 8000 284 4834 4509 9624 4537 765 7799 8138 4742
6772 7546 7375 535 2559 3977 5225 5691 7623 2310 4552 4250 4194 6452 3406 2513 3396 1288 364 1079 3048 955 132 9794 6573 5385 4628 1978 1648 0 4173 1491 3281 6261 7861 7335 9975 5094 1758 3746 2109 7940 470 1243 6232 2765 6889 4116 2936 4072
8644 3119 8444 5910 7628 590 2290 2305 5940 3760 9310 9854 4960 7116 8576 5414 6800 1617 1164 2083 9665 1031 3813 4297 1493 572 7466 7334 5671 4173 0 1165 8139 8359 8817 3224 7560 6582 115 5986 9846 372 1242 5873 4476 7552 3286 8729 2088 4107
8197 8641 4313 1965 1502 95 9546 9768 4861 737 8909 7786 2121 2564 8097 6228 9200 9565 3606 1328 7357 5102 964 1647 2805 6100 2533 9569 9869 1491 1165 0 4979 3542 5250 2116 975 815 7883 825 2425 5827 4723 5721 468 7379 8153 8240 9781 4987
2595 5239 9672 2998 5056 9738 8310 7503 2906 703 4617 3457 7644 3867 4296 5045 2815 0 511 5847 1444 5255 269 8203 9427 21 432 8709 1596 3281 8139 4979 0 5948 5207 4355 9875 8467 7639 2042 5498 8065 8679 7968 6348 8136 1516 3306 1153 9721
3240 5373 5107 3169 9114 6984 6113 8826 6611 846 5485 3567 9523 72 136 2281 7809 977 99 3203 5736 5857 4486 3074 1491 759 6936 7335 4671 6261 8359 3542 5948 0 8219 6700 4881 117 8148 3839 2915 4059 1876 7319 8866 911 4896 8847 6019 1588
7757 244 8580 9752 7034 215 6798 1394 3149 4884 1972 6541 3126 2284 4961 6756 666 6376 3740 6224 7547 4082 10 1673 6544 1888 3015 4978 6580 7861 8817 5250 5207 8219 0 7488 5646 296 4897 3667 5385 6013 2368 5555 5488 3989 5001 7827 736 4381
765 1757 7342 4547 4398 8505 718 1359 8893 6033 4138 5099 1252 6019 3698 7556 7355 6708 5143 9743 7597 513 4832 5632 3440 298 6227 2229 3481 7335 3224 2116 4355 6700 7488 0 1481 9683 8547 3654 4339 1344 3894 3584 581 2605 6816 6135 7361 8926
2069 8790 8026 8986 4676 5469 2205 1507 5003 3285 4286 6652 9746 1759 4182 1407 3371 683 2391 3507 8564 9845 3695 6862 1370 8791 1559 2106 9934 9975 7560 975 9875 4881 5646 1481 0 9741 1168 9030 3988 2396 7711 4181 2317 9664 4503 198 6213 7110
319 974 6672 1297 4259 2299 6111 6982 3858 1029 6902 6863 3604 2271 6091 678 6998 6868 1210 7491 5388 8547 11 6856 1395 5308 3387 7259 3912 5094 6582 815 8467 117 296 9683 9741 0 6910 6679 4886 5965 9207 2052 5428 4569 6811 7670 1488 5929
7518 3135 998 3744 1422 5553 5309 7003 3646 5373 1009 9523 9670 4626 834 3687 3121 536 814 6382 3630 9374 1969 3270 7172 7482 8924 9159 5549 1758 115 7883 7639 8148 4897 8547 1168 6910 0 9659 390 4277 6303 6780 7689 6866 5661 8140 4912 1522
7251 6763 7770 6519 4209 7157 8795 3400 7705 3690 6638 9453 8639 6272 5367 8744 1323 4236 8925 4694 6287 6772 8834 1447 6053 8175 1844 3093 3398 3746 5986 825 2042 3839 3667 3654 9030 6679 9659 0 915 854 4638 2209 5350 5979 7448 8358 4153 4400
9740 4800 2277 1402 3350 7616 7087 5566 7099 6396 4296 6682 7864 8956 2062 7321 9736 5959 8944 7550 8535 2550 9691 5107 1332 7957 8699 3117 8000 2109 9846 2425 5498 2915 5385 4339 3988 4886 390 915 0 1756 6727 2491 6055 7492 1655 217 7309 6832
8759 3787 9444 1632 7591 8865 1788 9710 2394 9109 6415 3398 5560 4966 3098 1994 7930 7401 6584 9011 6373 9537 1437 7555 2570 952 41 4533 284 7940 372 5827 8065 4059 6013 1344 2396 5965 4277 854 1756 0 7332 4566 4913 4117 5181 9810 1843 8831
5201 947 5048 3027 8128 2470 997 4760 1109 9914 6841 8325 795 2031 7455 2530 1635 6155 3736 6178 1570 3882 4257 5761 3510 1423 1588 7559 4834 470 1242 4723 8679 1876 2368 3894 7711 9207 6303 4638 6727 7332 0 7047 2220 6484 9384 6260 6323 6597
5781 4846 4898 9664 6329 3303 9544 8085 9136 931 6066 5093 7368 5757 1412 3719 8428 4110 3211 1295 4977 9192 2812 7631 7960 4764 5457 2477 4509 1243 5873 5721 7968 7319 5555 3584 4181 2052 6780 2209 2491 4566 7047 0 397 6636 5755 1894 8783 25
8457 7226 2499 9442 9590 7104 4090 8838 6445 5356 9066 1417 5224 9216 2495 1464 9417 5079 6285 6619 2960 3624 210 5357 9068 2390 2994 6902 9624 6232 4476 468 6348 8866 5488 581 2317 5428 7689 5350 6055 4913 2220 397 0 2686 9244 5617 312 2495
1472 7948 2539 9785 7135 6485 904 8032 7368 2711 7033 3278 286 5808 2354 1360 3037 1943 7683 9395 8138 3806 3657 8302 8793 5073 8644 6776 4537 2765 7552 7379 8136 911 3989 2605 9664 4569 6866 5979 7492 4117 6484 6636 2686 0 3035 7904 5956 7190
6504 2763 3658 8067 432 2842 3715 8676 6266 7095 5432 4666 188 5501 8567 6548 5674 6329 7394 4434 4005 5633 9326 3984 2510 3843 2971 6206 765 6889 3286 8153 1516 4896 5001 6816 4503 6811 5661 7448 1655 5181 9384 5755 9244 3035 0 8481 8441 656
82 4246 2611 2131 7222 2494 2097 3024 1340 9061 1506 6973 7573 5128 9409 6911 1210 8778 3244 2091 3424 4968 7180 5650 5249 7936 3830 9797 7799 4116 8729 8240 3306 8847 7827 6135 198 7670 8140 8358 217 9810 6260 1894 5617 7904 8481 0 7137 6987
1330 3883 9674 5856 6418 8198 5745 8997 1853 9115 4918 5423 2541 5086 1984 2382 2387 5808 7319 7970 4103 6309 8267 3502 3596 5660 7888 4093 8138 2936 2088 9781 1153 6019 736 7361 6213 1488 4912 4153 7309 1843 6323 8783 312 5956 8441 7137 0 2009
7475 6215 299 5932 9827 3618 8642 6132 5702 3763 1625 2843 5775 1327 3500 8275 4426 37 195 993 4690 3494 6526 4844 3806 7166 8859 8399 4742 4072 4107 4987 9721 1588 4381 8926 7110 5929 1522 4400 6832 8831 6597 25 2495 7190 656 6987 2009 0
