100
0 4919 5575 1132 7280 7767 8425 6912 3013 443 1445 516 6234 3430 2241 9870 6966 4419 4281 6492 1107 3237 9561 8651 7115 6487 5789 7397 221 326 4632 6451 6514 7729 425 566 1046 6818 2556 4 6338 9921 6279 2322 9706 5155 428 1002 3017 8375 4280 2535 3540 3523 522 8217 9084 9355 1098 3652 3699 3738 627 5069 1402 281 8101 4484 3314 4416 1442 326 5149 7799 1631 1053 5592 5064 2130 8757 6825 2070 4516 2629 1952 5305 3408 4354 7066 1114 3231 8583 5009 529 3338 1568 9546 4675 2669 9351
4919 0 7692 5079 2337 1934 4213 4565 3835 7523 4249 3721 1367 7456 383 9288 80 7049 7361 3145 3334 6915 657 9463 96 8519 7338 4902 6464 7826 7556 8486 4623 2328 7112 1844 22 9331 7985 7682 4917 9461 8296 6401 1009 2074 9223 2822 3297 3594 8786 6482 6534 4580 3458 6116 8231 4214 6569 4600 2586 9850 1435 5843 4077 4734 9054 9722 2681 851 8758 5989 7135 4535 2750 3484 7937 3244 9043 9589 5109 2763 1309 3814 6326 4730 6927 8695 7624 4912 1919 2862 937 7848 4848 6442 6038 2408 3572 848
5575 7692 0 7159 7047 9549 215 4442 794 2524 6838 5403 142 7175 4195 8302 8649 2814 6322 3126 3623 2680 2607 7623 4932 2041 7369 3070 615 9451 8645 8019 1733 6566 9154 9314 5827 7516 5584 4988 4256 2806 5580 4059 1784 6373 7158 2326 1384 8833 7747 5555 7715 6614 9417 6501 4356 8183 1558 4729 6011 2918 3441 7883 2010 3907 7748 4946 1369 7512 6956 4140 7858 2780 6658 2461 2581 8292 8493 7502 2548 4739 36 5800 5600 2923 861 3493 9267 6775 6756 8191 3993 1396 1522 6412 3486 3277 615 9307
1132 5079 7159 0 4018 9779 9481 8451 3975 4842 2012 9446 584 1690 6062 1345 9298 8646 4627 2268 8456 6412 9104 3204 4861 8874 1712 445 5543 596 4504 5820 569 9652 8412 8295 4359 1918 2246 1082 1192 4727 8502 3469 3912 1262 4724 7365 4587 5832 9451 8545 1458 6998 6260 469 1557 5315 311 337 8309 8548 2537 531 5604 6035 9128 2707 9534 579 3242 7413 3542 6894 3928 4795 685 1921 7821 1096 9899 4066 9609 9136 9856 3818 4334 5604 5519 6614 2683 3791 8651 6883 8135 9985 1092 6692 5924 5498
7280 2337 7047 4018 0 7879 2681 1092 7328 571 4672 1628 1084 600 911 2030 8724 8935 2531 9989 4867 1400 4069 3286 6086 4902 7896 9078 2630 4015 342 4284 1310 3985 1881 8197 1713 1050 8073 4676 9143 909 220 845 9275 7506 6456 3849 7403 8944 7356 8701 3991 2576 2491 385 1037 3426 2413 3267 2295 9970 9341 4649 7173 7655 103 2106 4050 5086 916 791 6376 5530 4104 1269 6071 41 6087 1648 7323 9505 2728 5058 9365 1489 3247 2435 5817 8297 7425 3265 7031 743 8619 8562 5109 6592 8348 3469
7767 1934 9549 9779 7879 0 1402 1049 2515 9528 5290 8551 5184 8757 1586 6929 7971 1761 4147 9263 9491 1962 5474 8383 6798 2160 3913 734 6013 4983 614 5735 2487 6030 2281 7719 6000 2576 3024 2627 4857 3303 6319 8867 9366 5598 4068 9997 1592 2245 7453 9684 1947 1078 8505 5462 4255 8571 3030 3546 134 6669 9977 9578 3094 1543 7674 6760 2578 987 4584 4231 9192 6287 6570 3192 4658 9617 16 1256 8497 4368 159 9153 1351 133 1359 2976 8577 1900 9756 5490 2766 9692 9333 2520 293 3350 7909 8445
8425 4213 215 9481 2681 1402 0 1542 2245 304 8638 2644 4458 1666 2083 7730 5323 1181 4375 6751 7224 5205 4085 9160 721 4698 5165 2587 9508 1264 5106 9434 4984 4226 9552 1685 5277 1370 4529 2413 6243 1797 7028 8837 2774 6524 1987 8436 2706 53 6404 3207 6745 3598 6062 9654 44 2949 282 1833 5808 4990 2200 1061 7471 4038 3489 5279 2696 1988 4386 4991 2369 4784 1082 6112 8544 9038 8402 5182 4819 8786 8304 2312 4457 9961 9729 4582 98 9235 5781 6285 5844 7553 5564 9203 5486 5728 4605 8740
6912 4565 4442 8451 1092 1049 1542 0 222 2434 9281 3516 4755 8091 5639 6844 2551 8250 9786 4081 8021 8157 2675 7034 1521 7963 8133 9309 4495 6233 6345 7146 9915 1874 9428 44 9424 8778 4374 1966 4712 8748 9869 2666 7244 4234 4204 5042 7283 6977 9905 174 3583 6830 1713 5413 1602 3283 7439 1774 4238 7969 2912 3759 4980 1529 9317 6043 346 1445 4843 8059 4974 4045 9459 3744 5755 1282 4566 2540 407 3298 8291 3407 631 4577 3996 8187 5162 4299 481 3314 8350 3538 5430 8047 8151 165 3360 8156
3013 3835 794 3975 7328 2515 2245 222 0 7625 9206 6196 17 3369 3921 9455 1631 6023 3031 2180 322 2937 2233 9422 5387 7896 8567 2984 4708 3794 180 4329 3019 8857 5272 9790 8082 953 5127 5627 6520 4223 3223 1244 4960 5730 2858 3220 5098 8963 6254 2236 7338 4711 4196 6683 7787 7075 9785 2221 3587 2061 9472 680 5919 80 3906 3706 7899 1897 6315 9723 7971 2161 8891 5830 4849 3545 8176 6453 5466 2868 792 4602 264 7795 3844 2987 3957 6303 7552 7441 1423 969 9286 9856 3441 9629 8573 4693
443 7523 2524 4842 571 9528 304 2434 7625 0 3448 260 7013 5392 5123 6231 7730 3739 3919 3023 7435 2110 2653 4864 5245 6216 4533 4249 8837 5834 7639 4361 4614 7602 9720 7213 591 8835 72 8800 6891 9334 1165 2123 1648 6842 8204 4364 8877 7401 9609 2160 7703 1983 7330 4117 7470 9570 1214 6898 1909 8129 2799 1682 2324 2694 5494 8530 1945 1026 6177 5205 1353 7981 443 4584 7507 2567 1740 7307 7090 3342 2890 4956 9381 825 4887 2094 9040 5198 8569 7407 2814 8620 9245 4236 8660 5460 5600 3739
1445 4249 6838 2012 4672 5290 8638 9281 9206 3448 0 4692 6818 6443 5716 8044 2193 3752 4770 2283 4920 6032 5569 198 9973 7600 2304 8678 609 7453 3982 558 3842 4471 6594 476 5622 1153 3596 4266 7382 6964 316 5424 5327 5299 7199 5599 2691 1284 5951 9374 8141 694 5810 5067 8100 9322 8631 3129 1393 5767 4774 3005 3798 2383 7197 5922 81 2076 8536 6503 8026 4112 5784 7986 9046 1477 4518 8269 2740 4161 5877 8616 705 309 4702 3173 3883 3435 9330 3958 6951 6683 2598 7578 8635 6998 542 9612
516 3721 5403 9446 1628 8551 2644 3516 6196 260 4692 0 201 6857 5354 36 9272 5628 6764 9955 5249 2038 3845 2571 8022 8487 6115 7888 3147 6891 8001 5250 4453 8064 9845 7082 1749 2560 9314 588 85 871 4112 2377 2846 5763 8478 7384 6234 6624 6692 6753 1218 2997 1084 3924 9856 7741 7598 7443 1028 193 2377 8550 5975 9956 8229 5562 7189 724 6176 8893 8574 7183 3663 3690 2067 1649 4984 9290 5308 5723 3112 3494 3078 5387 1557 368 8812 2863 9398 1565 441 8502 946 5847 6087 5407 2073 1551
6234 1367 142 584 1084 5184 4458 4755 17 7013 6818 201 0 4286 6237 7984 3151 6287 925 8501 6199 7741 1783 2973 3487 1794 2242 3613 7183 9937 9789 4983 2727 2736 4001 932 7515 3914 549 9416 1278 959 6647 6376 4536 505 8332 5470 3163 3173 9665 3160 5925 4454 5325 4746 8847 6490 847 7289 2986 3003 7368 1110 1781 2366 8322 6776 5219 1988 5624 9302 4011 9644 281 8294 7092 424 48 9939 7357 3513 1544 9864 8323 6702 9786 1519 1789 3562 3782 4159 8782 899 7202 21 2073 8377 6748 9808
3430 7456 7175 1690 600 8757 1666 8091 3369 5392 6443 6857 4286 0 3500 544 7925 1974 8964 1927 3123 944 8228 1197 9255 5860 8536 5136 2589 7998 3157 8788 3262 6385 6227 9055 2932 8939 8529 8809 9497 1835 8623 3652 883 8769 9837 8123 4171 3526 4070 9585 2835 9896 1503 2163 8281 4710 3769 9237 1677 9708 9014 2000 9227 6591 2916 4760 7433 2658 9268 8330 5781 699 3872 4764 8834 7327 1067 9249 8936 9749 7893 9255 4432 1962 8257 5167 9221 9417 226 1241 3344 7412 5857 2035 3242 3657 3549 1855
2241 383 4195 6062 911 1586 2083 5639 3921 5123 5716 5354 6237 3500 0 3320 9230 7047 5357 5306 198 1660 2951 409 4080 3837 9868 9198 1796 649 8637 3317 32 4537 799 8235 6527 4024 2834 9696 4583 711 4545 5950 9394 1764 821 3019 7829 2781 374 7354 2754 8653 7256 9521 5112 4902 6420 7909 8005 8709 8892 6649 4407 9930 4847 6750 583 8256 7430 2893 493 6304 4431 1334 7902 2162 2811 9020 495 7726 3967 7113 2444 6012 4834 9047 8356 4627 890 5840 7982 5506 9868 7667 7370 9142 2396 201
9870 9288 8302 1345 2030 6929 7730 6844 9455 6231 8044 36 7984 544 3320 0 774 4672 7471 7179 719 4093 9669 6312 2349 2603 7096 7463 8169 1657 8806 1303 3746 1195 4957 7815 371 2252 4207 5643 6375 5438 8701 7614 2678 8481 4079 8040 1041 5577 3704 108 5537 5333 1746 6662 9507 372 4123 5568 4519 7513 9013 6764 1430 4694 580 9736 8627 9954 4190 9581 5998 8431 6934 435 9574 5664 4135 3575 2282 8196 2546 6628 6300 4645 9397 6139 4830 7588 3604 4731 246 9103 3385 8436 5841 6308 9434 5504
6966 80 8649 9298 8724 7971 5323 2551 1631 7730 2193 9272 3151 7925 9230 774 0 2331 2158 1683 7708 7153 9063 2049 3646 8320 8192 2396 7252 4667 8163 93 3253 2695 9881 1692 2379 4780 8041 2822 379 2528 2226 9577 5949 1883 7091 6632 7561 4387 9654 302 9946 6207 8324 6735 7534 8469 8534 7688 4362 1325 7904 4267 5370 1361 8778 8252 5634 5056 8548 7814 7941 9843 4486 3945 5158 8080 1747 1819 353 7439 1067 8353 8619 7026 4980 4872 3058 9555 9698 7385 1356 9039 992 7881 1843 5973 9930 5811
4419 7049 2814 8646 8935 1761 1181 8250 6023 3739 3752 5628 6287 1974 7047 4672 2331 0 79 5552 5883 3713 7579 1237 7765 9601 1169 2627 7580 4954 9985 8300 3891 619 6449 4280 1398 3704 3172 5711 4230 2558 795 4705 6532 5665 6956 7899 9698 9058 8727 4877 6299 73 2936 9908 8265 9287 212 5849 4787 9644 2831 7681 9400 512 7144 4996 9193 7770 6740 8062 4238 7535 9919 4794 1279 8478 4553 790 7084 5126 7955 7386 677 5270 4097 2679 1714 7606 7085 5713 7648 337 6985 5930 5082 5161 9309 1052
4281 7361 6322 4627 2531 4147 4375 9786 3031 3919 4770 6764 925 8964 5357 7471 2158 79 0 3694 1026 710 5881 2753 6710 7128 9931 4135 6509 5208 6420 638 1769 8675 1238 7815 6461 4805 9381 7323 9604 3752 6528 8647 2338 6129 3339 576 8940 7303 6468 839 8481 5743 7935 310 5636 6236 3399 2099 8994 130 5558 3084 9150 7216 4078 9611 3265 7351 7469 2853 7567 8892 2445 1156 6707 3599 5627 3773 3465 7188 3152 4724 6769 2329 4423 527 7910 1947 5916 5215 7105 7451 6154 7600 1235 6732 5738 9733
6492 3145 3126 2268 9989 9263 6751 4081 2180 3023 2283 9955 8501 1927 5306 7179 1683 5552 3694 0 6589 4751 2354 285 1870 5891 380 5989 8847 9338 4656 2579 4742 9491 7031 7278 6447 8174 966 5496 148 3073 6559 3540 2097 5193 6369 344 7767 31 9058 4951 7898 1741 360 3316 698 5419 7131 745 5506 1686 1446 6443 2488 3747 6509 7243 3771 3428 276 1308 2736 7985 8651 7257 1812 1766 2530 6329 9218 2365 5934 8594 5561 8796 4702 8220 6694 4177 1978 9192 4406 4214 4314 5071 3607 6126 7645 6380
1107 3334 3623 8456 4867 9491 7224 8021 322 7435 4920 5249 6199 3123 198 719 7708 5883 1026 6589 0 4657 1549 9084 8327 7522 6061 6235 8849 972 9484 2304 719 3300 5047 4242 9638 6553 5845 9377 515 5349 4275 461 5745 4219 1658 7250 2780 5507 1779 4750 3233 5753 7259 1836 5706 5398 3777 5269 3320 730 917 1868 1366 7632 9049 5014 1219 6493 9698 3421 3331 4646 7138 7189 6349 4615 9349 44 3209 8479 9033 1719 4883 5427 2832 2945 7324 4822 4401 4659 1461 1105 9707 8043 446 5391 925 3103
3237 6915 2680 6412 1400 1962 5205 8157 2937 2110 6032 2038 7741 944 1660 4093 7153 3713 710 4751 4657 0 2712 6900 4667 2369 5140 1133 6223 3641 6955 8329 6810 6761 3944 7844 176 5646 7122 2702 8100 5536 3906 1806 5065 2145 3643 9931 6989 6534 6700 3285 2113 6864 2251 7039 6582 8132 2191 518 1924 7139 4948 171 3131 5874 8819 9865 3279 4435 8277 5232 6852 366 2592 43 4135 9478 1736 1212 6038 8307 6218 3314 1529 4843 4851 5205 5061 2705 2037 6072 5536 6376 2114 2962 591 7233 7319 1097
9561 657 2607 9104 4069 5474 4085 2675 2233 2653 5569 3845 1783 8228 2951 9669 9063 7579 5881 2354 1549 2712 0 8144 2410 5830 2137 496 4796 7922 4460 9716 7001 8968 4399 694 7932 8934 6663 2964 6037 34 2301 8946 3982 9923 6612 8831 3021 4726 5055 5846 4133 2358 6284 8412 7579 9644 9397 7631 4503 1677 8911 9876 2481 6778 3876 5875 8229 8473 7227 5531 3907 8262 7231 764 3045 4700 7860 538 3245 88 9177 9787 61 9527 7856 1497 7285 9882 659 6163 4468 508 9101 7275 2556 6943 4402 1867
8651 9463 7623 3204 3286 8383 9160 7034 9422 4864 198 2571 2973 1197 409 6312 2049 1237 2753 285 9084 6900 8144 0 8987 9242 399 5397 9007 9932 5429 1827 6391 1 8945 6815 9577 1067 6113 2783 4689 1341 8950 7685 6433 31 1030 220 5063 775 769 6851 8470 4773 6927 3153 3604 974 2238 7937 5957 7751 6675 6946 4953 8753 2182 3474 5153 3192 2765 2304 3179 9451 2095 2641 8120 9186 7100 55 5614 5835 190 1778 3957 1163 3401 2491 5809 41 9007 2074 8931 8336 3375 3157 2706 1908 5388 9328
7115 96 4932 4861 6086 6798 721 1521 5387 5245 9973 8022 3487 9255 4080 2349 3646 7765 6710 1870 8327 4667 2410 8987 0 2140 4345 5776 6885 7926 9575 5250 6244 931 797 7940 7136 763 2397 4999 7814 4526 995 4781 9414 3242 7621 8736 1809 2145 3276 4597 1941 9676 6199 4182 7340 7272 7247 6581 7609 479 2735 6817 3361 3814 3863 8197 3379 4751 7428 6836 5661 7154 3649 5174 43 5547 9975 8663 1762 9604 8978 7957 8114 3935 6130 4650 4706 5756 6560 9520 9650 5633 4585 1793 1160 2039 5931 297
6487 8519 2041 8874 4902 2160 4698 7963 7896 6216 7600 8487 1794 5860 3837 2603 8320 9601 7128 5891 7522 2369 5830 9242 2140 0 6521 7539 2387 4059 855 2829 4307 5381 3268 6545 5483 8438 2954 8434 7533 526 6545 3000 9555 3216 7612 8796 3035 2154 1128 6202 8778 8084 3185 967 4500 4061 1215 2398 8033 2753 7971 4329 908 2816 9877 8298 9550 3595 6699 3200 5710 8105 8859 7901 801 1004 1347 5670 2495 154 2204 8117 6325 9135 8573 2689 4553 3817 5995 6432 8904 4421 1557 3358 2518 3829 9906 7223
5789 7338 7369 1712 7896 3913 5165 8133 8567 4533 2304 6115 2242 8536 9868 7096 8192 1169 9931 380 6061 5140 2137 399 4345 6521 0 5471 8338 3625 4029 1154 494 6856 7469 3299 2186 8613 6925 2320 6437 8774 2358 1762 8946 3824 4392 9852 4008 2960 4134 7316 7633 85 1892 2604 263 9252 3511 3961 2590 2666 5356 8715 7077 5946 1046 7340 4833 9880 2720 3469 4792 7747 5167 732 6980 6839 5353 4571 3515 1318 1254 316 8490 2150 3978 7951 9820 3234 2956 424 135 3336 5293 8497 3251 4671 8771 6696
7397 4902 3070 445 9078 734 2587 9309 2984 4249 8678 7888 3613 5136 9198 7463 2396 2627 4135 5989 6235 1133 496 5397 5776 7539 5471 0 1617 1595 1690 8731 2548 5853 8989 858 2672 8806 8218 2248 8530 5737 7495 6559 3845 4483 7472 1481 1587 9188 8616 1029 166 820 1697 8054 4425 9174 7529 6779 8035 5108 2502 9334 5052 7265 3350 5726 1584 7465 215 5605 1619 6166 4183 733 3586 7553 4008 8842 3024 1251 7140 1820 2785 3908 1111 2406 3062 2786 1082 3113 4046 900 1143 716 4259 4455 7809 6434
221 6464 615 5543 2630 6013 9508 4495 4708 8837 609 3147 7183 2589 1796 8169 7252 7580 6509 8847 8849 6223 4796 9007 6885 2387 8338 1617 0 383 8331 3728 4819 2469 2682 7386 1116 2131 6506 8816 8906 734 6113 9124 8851 6552 1357 1913 8443 505 7181 1774 5300 5145 5629 7148 3419 2139 8114 7456 3598 1601 3143 6473 3719 2037 4406 1373 9562 6659 3723 1140 5399 3966 4866 4398 986 2815 1992 8140 5997 3248 9238 2524 2134 4768 3318 5997 7682 1485 271 956 4154 6988 7578 7746 7041 6016 8393 4406
326 7826 9451 596 4015 4983 1264 6233 3794 5834 7453 6891 9937 7998 649 1657 4667 4954 5208 9338 972 3641 7922 9932 7926 4059 3625 1595 383 0 9709 8708 4014 1283 8817 3313 3586 700 1757 8869 493 1363 1066 3644 1307 2424 4092 9506 5256 5716 6227 321 3135 4284 818 2657 9467 2761 6370 2881 6109 71 7224 62 1536 6470 5415 8575 4718 4242 6499 1426 1590 670 6485 7830 7700 7612 2053 5362 1106 7674 2352 6777 8651 9069 4729 8099 8277 4305 4316 8732 2776 7933 3376 1484 8938 2531 6485 24
4632 7556 8645 4504 342 614 5106 6345 180 7639 3982 8001 9789 3157 8637 8806 8163 9985 6420 4656 9484 6955 4460 5429 9575 855 4029 1690 8331 9709 0 2538 9678 1223 9174 9476 475 469 8139 4860 6924 6882 3597 3973 3234 2439 1738 7141 4481 8079 468 8051 2906 8599 3115 1626 1395 7573 7460 8510 4701 4224 7129 329 1030 8320 429 336 4880 5229 7964 7811 53 4725 8171 2849 5733 6477 6399 7062 5417 5950 6480 5485 7531 6475 2671 4418 4791 6432 2905 6531 4087 4786 6394 1185 9943 1686 2908 5127
6451 8486 8019 5820 4284 5735 9434 7146 4329 4361 558 5250 4983 8788 3317 1303 93 8300 638 2579 2304 8329 9716 1827 5250 2829 1154 8731 3728 8708 2538 0 8447 8619 7306 3739 5768 6327 4375 7696 6003 2236 2121 6769 9162 6683 1906 8819 9386 8130 8260 8260 1796 4829 4857 5527 1652 1392 327 315 7596 401 9757 4698 4417 8138 608 6219 90 7981 692 4804 4461 7173 9693 9022 2843 8268 1568 8987 873 8811 7135 7627 1453 843 7216 6881 4099 6603 4209 893 836 7079 9938 51 2462 5688 9304 7337
6514 4623 1733 569 1310 2487 4984 9915 3019 4614 3842 4453 2727 3262 32 3746 3253 3891 1769 4742 719 6810 7001 6391 6244 4307 494 2548 4819 4014 9678 8447 0 1181 8164 7505 6037 4359 4981 3528 9800 7563 6229 3023 2837 3035 9116 1184 3637 8421 9216 2456 9239 4971 779 3652 8048 955 4886 712 5504 6287 854 7907 6347 9479 5969 5438 7289 892 8994 5956 6869 2335 1235 7016 5923 9406 7023 9800 9243 6422 8719 6013 8969 3383 4182 8528 414 7206 8456 9699 4642 8189 4270 6002 7351 362 5961 2737
7729 2328 6566 9652 3985 6030 4226 1874 8857 7602 4471 8064 2736 6385 4537 1195 2695 619 8675 9491 3300 6761 8968 1 931 5381 6856 5853 2469 1283 1223 8619 1181 0 4954 719 5988 8054 6546 146 985 7595 433 9920 588 4942 6307 2935 5777 7876 4059 4160 9154 8701 6736 3497 10 1654 3339 4457 1895 8189 4148 4572 7651 256 9583 8228 3790 7205 9822 316 8345 5035 7565 7949 681 4714 993 5 3566 4152 3465 2329 6600 1155 774 3041 9800 3046 1762 2878 1654 5886 6491 8123 8611 1530 6948 675
425 7112 9154 8412 1881 2281 9552 9428 5272 9720 6594 9845 4001 6227 799 4957 9881 6449 1238 7031 5047 3944 4399 8945 797 3268 7469 8989 2682 8817 9174 7306 8164 4954 0 8574 1268 8015 602 9980 5702 1257 3217 225 20 8682 2687 4231 4968 9135 3014 7033 6663 6139 7420 1104 4749 3726 7487 6507 3887 5865 2497 1386 2418 4474 1204 1093 2277 7728 2461 7676 7588 5679 5675 138 9150 6839 9991 5359 9722 4636 9528 6480 5370 6064 9398 3469 4179 3300 8386 3690 321 3472 1105 6713 258 9073 7454 843
566 1844 9314 8295 8197 7719 1685 44 9790 7213 476 7082 932 9055 8235 7815 1692 4280 7815 7278 4242 7844 694 6815 7940 6545 3299 858 7386 3313 9476 3739 7505 719 8574 0 8589 8216 9703 235 418 5526 9562 1894 4462 1297 2524 9001 5993 9157 5866 3642 3249 2292 1106 9983 6054 9479 5642 9784 1581 2472 6160 2890 8945 467 5807 4324 6109 6232 8564 2178 5036 4749 1695 7098 515 350 6189 6926 9774 6760 94 6466 1638 1020 12 3719 4256 6542 4123 7952 3504 1118 9976 4183 455 7934 1790 1412
1046 22 5827 4359 1713 6000 5277 9424 8082 591 5622 1749 7515 2932 6527 371 2379 1398 6461 6447 9638 176 7932 9577 7136 5483 2186 2672 1116 3586 475 5768 6037 5988 1268 8589 0 6530 6849 5198 9209 1935 3397 921 6390 2652 8343 5654 3422 5779 297 4284 5720 9550 9832 6090 8075 7661 7645 3181 5610 3243 1964 7987 1042 4304 5857 2000 6278 4974 1109 7283 7444 4614 2719 7813 3093 3714 9166 3306 7147 1597 527 3118 3340 5304 2259 8802 6249 6581 3902 7284 8716 3132 6504 3955 6255 5319 215 4367
6818 9331 7516 1918 1050 2576 1370 8778 953 8835 1153 2560 3914 8939 4024 2252 4780 3704 4805 8174 6553 5646 8934 1067 763 8438 8613 8806 2131 700 469 6327 4359 8054 8015 8216 6530 0 1527 4366 393 5626 3453 4799 5183 7107 5350 685 4810 6257 8968 8679 4200 38 3302 708 2930 756 2726 2590 6938 199 2855 7750 7780 7033 7937 8178 182 9165 509 9719 3314 8608 442 8305 2327 276 2808 9223 7130 2660 7559 4565 2968 8497 7403 1871 933 3049 6537 5398 1808 3180 942 1026 4285 7315 2050 3064
2556 7985 5584 2246 8073 3024 4529 4374 5127 72 3596 9314 549 8529 2834 4207 8041 3172 9381 966 5845 7122 6663 6113 2397 2954 6925 8218 6506 1757 8139 4375 4981 6546 602 9703 6849 1527 0 6552 9423 2051 8514 2028 5189 8520 3916 5601 938 6585 1213 2425 2021 4605 2901 9310 85 812 5574 9500 6868 2837 7532 9554 379 7543 4265 4978 5158 5476 7436 9305 2341 9497 6102 536 4591 3639 1844 5536 7760 9282 8191 4290 5468 591 3127 1118 1951 3546 444 8359 4456 5831 711 7229 3266 5629 2067 7045
4 7682 4988 1082 4676 2627 2413 1966 5627 8800 4266 588 9416 8809 9696 5643 2822 5711 7323 5496 9377 2702 2964 2783 4999 8434 2320 2248 8816 8869 4860 7696 3528 146 9980 235 5198 4366 6552 0 6953 1296 7775 4790 3558 3022 2484 6807 8513 558 3435 5688 2116 3440 8191 1049 7879 1517 300 6788 7003 9881 1605 7709 107 6252 6734 5890 7392 434 1353 5483 4589 3113 2746 4993 2418 9444 9429 6705 7303 8008 4424 1841 4235 6809 5747 2057 9707 853 2641 4834 2346 1739 8058 4529 6468 1099 357 3376
6338 4917 4256 1192 9143 4857 6243 4712 6520 6891 7382 85 1278 9497 4583 6375 379 4230 9604 148 515 8100 6037 4689 7814 7533 6437 8530 8906 493 6924 6003 9800 985 5702 418 9209 393 9423 6953 0 6873 1319 4784 8611 9432 9749 5196 5812 7588 968 5479 2652 4821 9348 1109 4774 316 6176 4854 848 6039 625 6946 6796 2154 5190 23 4919 3896 856 1759 534 9559 9760 4418 1951 7884 5087 1821 746 6449 6073 8134 6329 4664 1312 5654 5022 2645 4344 856 4405 5860 1402 9914 6796 3448 4529 4138
9921 9461 2806 4727 909 3303 1797 8748 4223 9334 6964 871 959 1835 711 5438 2528 2558 3752 3073 5349 5536 34 1341 4526 526 8774 5737 734 1363 6882 2236 7563 7595 1257 5526 1935 5626 2051 1296 6873 0 6770 3261 2895 12 7464 5012 5611 1937 7209 9194 9135 8358 5602 9424 8274 3065 2209 2441 4055 3650 6955 8259 1264 4131 7545 4493 7863 9370 4151 5222 6407 3849 8217 3578 1848 7399 62 2126 6757 4191 2242 6857 6846 188 3609 9951 9580 6878 1545 1480 8211 3885 4944 6828 9499 8796 2578 1342
6279 8296 5580 8502 220 6319 7028 9869 3223 1165 316 4112 6647 8623 4545 8701 2226 795 6528 6559 4275 3906 2301 8950 995 6545 2358 7495 6113 1066 3597 2121 6229 433 3217 9562 3397 3453 8514 7775 1319 6770 0 7547 1884 3997 9782 1485 7922 6592 8189 2240 2288 5993 9947 3302 492 9803 5187 7820 7911 2705 1239 2589 454 3705 9386 7168 6784 2873 4126 7794 7393 8404 4755 8119 6568 4037 9038 7829 9037 5678 5405 3516 9690 5390 565 9582 2464 8511 8742 5780 4419 2539 4369 1755 7251 5487 7950 338
2322 6401 4059 3469 845 8867 8837 2666 1244 2123 5424 2377 6376 3652 5950 7614 9577 4705 8647 3540 461 1806 8946 7685 4781 3000 1762 6559 9124 3644 3973 6769 3023 9920 225 1894 921 4799 2028 4790 4784 3261 7547 0 9643 427 9777 275 2723 8026 534 27 2080 3860 9578 7717 3436 2536 8618 1592 5555 703 3299 6428 5091 5800 1902 9027 2023 6159 7772 9556 2331 9304 980 5833 3988 1771 5881 4510 9051 5004 7658 7071 8927 3805 1895 3475 8162 4239 6960 8643 1024 7145 639 565 8709 2758 9465 9793
9706 1009 1784 3912 9275 9366 2774 7244 4960 1648 5327 2846 4536 883 9394 2678 5949 6532 2338 2097 5745 5065 3982 6433 9414 9555 8946 3845 8851 1307 3234 9162 2837 588 20 4462 6390 5183 5189 3558 8611 2895 1884 9643 0 24 2283 9493 2594 6371 713 345 3751 843 3136 6312 9204 4124 9148 6104 8960 7582 9933 5714 8477 2090 1512 5152 5144 4246 948 839 4998 506 6528 229 266 904 4675 4534 6580 648 5657 712 6636 8345 367 3511 3664 8037 5722 5281 2741 3082 9446 9774 8202 2002 6928 4514
5155 2074 6373 1262 7506 5598 6524 4234 5730 6842 5299 5763 505 8769 1764 8481 1883 5665 6129 5193 4219 2145 9923 31 3242 3216 3824 4483 6552 2424 2439 6683 3035 4942 8682 1297 2652 7107 8520 3022 9432 12 3997 427 24 0 2400 6705 7932 4071 432 530 4523 3025 4749 6072 4260 3770 626 1918 2809 4738 6138 8446 7489 4477 6235 2976 7019 4551 4193 9061 1992 2838 2245 946 2613 7965 2777 8622 9098 4152 5870 3966 4379 9677 1708 5259 1351 4927 9701 3216 7822 230 876 3404 4536 6536 9690 1415
428 9223 7158 4724 6456 4068 1987 4204 2858 8204 7199 8478 8332 9837 821 4079 7091 6956 3339 6369 1658 3643 6612 1030 7621 7612 4392 7472 1357 4092 1738 1906 9116 6307 2687 2524 8343 5350 3916 2484 9749 7464 9782 9777 2283 2400 0 8787 1202 4049 4024 1368 5417 5594 4206 7939 6822 2399 8203 5195 7169 3049 8784 4353 8708 8547 3481 1295 2174 9323 5093 5546 2508 1688 9638 3357 1631 7739 3119 4176 4761 4816 1725 5205 8605 4796 8124 3508 4781 567 7802 518 4584 2127 4769 1586 5075 890 9690 4326
1002 2822 2326 7365 3849 9997 8436 5042 3220 4364 5599 7384 5470 8123 3019 8040 6632 7899 576 344 7250 9931 8831 220 8736 8796 9852 1481 1913 9506 7141 8819 1184 2935 4231 9001 5654 685 5601 6807 5196 5012 1485 275 9493 6705 8787 0 6272 9404 5692 1266 4248 2342 5190 4226 8284 1661 9780 7698 9941 9694 1994 8430 9008 2841 9089 288 2355 203 8766 1732 6947 7427 2744 8767 797 5557 6156 2793 844 5119 1927 3637 3484 5968 9234 8884 4198 2380 2188 1981 2924 1652 9174 9978 2093 7844 3465 4997
3017 3297 1384 4587 7403 1592 2706 7283 5098 8877 2691 6234 3163 4171 7829 1041 7561 9698 8940 7767 2780 6989 3021 5063 1809 3035 4008 1587 8443 5256 4481 9386 3637 5777 4968 5993 3422 4810 938 8513 5812 5611 7922 2723 2594 7932 1202 6272 0 1277 2659 1779 8640 3774 3733 2135 4594 9388 2088 2528 1803 8209 4909 5573 5949 5994 6236 2468 6563 5310 2543 6700 9698 8068 6879 5114 6769 5868 3014 612 7821 2643 1436 3641 4340 516 5210 2136 9859 7548 4250 790 1881 1172 5763 3740 4949 2239 6772 147
8375 3594 8833 5832 8944 2245 53 6977 8963 7401 1284 6624 3173 3526 2781 5577 4387 9058 7303 31 5507 6534 4726 775 2145 2154 2960 9188 505 5716 8079 8130 8421 7876 9135 9157 5779 6257 6585 558 7588 1937 6592 8026 6371 4071 4049 9404 1277 0 6998 2665 1916 393 7784 4661 3310 2277 5042 5851 2525 9275 3957 6421 620 7156 4677 6604 9290 9157 2841 2991 6861 4178 287 3931 2559 908 5219 6021 1276 1940 4592 4870 770 4748 6634 8074 290 2482 8959 2898 7106 7779 6959 5858 5001 7091 7139 7099
4280 8786 7747 9451 7356 7453 6404 9905 6254 9609 5951 6692 9665 4070 374 3704 9654 8727 6468 9058 1779 6700 5055 769 3276 1128 4134 8616 7181 6227 468 8260 9216 4059 3014 5866 297 8968 1213 3435 968 7209 8189 534 713 432 4024 5692 2659 6998 0 8237 7325 3508 7743 9126 4211 9143 2928 8953 1101 2941 7098 9709 283 4711 3419 4879 5292 7381 5743 9412 9559 8174 8693 618 4279 1025 2527 5084 5437 2264 2671 6016 1831 2897 5603 7952 1004 4336 885 6044 2576 2032 8951 8086 331 5972 3013 4864
2535 6482 5555 8545 8701 9684 3207 174 2236 2160 9374 6753 3160 9585 7354 108 302 4877 839 4951 4750 3285 5846 6851 4597 6202 7316 1029 1774 321 8051 8260 2456 4160 7033 3642 4284 8679 2425 5688 5479 9194 2240 27 345 530 1368 1266 1779 2665 8237 0 7351 8230 6600 4353 908 9272 9658 6222 8155 4648 8634 5128 9028 9634 443 4350 4707 8156 262 788 1871 3715 2339 6149 4766 2628 6890 1572 5720 4636 3832 2972 2127 6504 6510 8413 6714 327 8579 3126 9981 9234 2856 3101 1051 9596 5322 9384
3540 6534 7715 1458 3991 1947 6745 3583 7338 7703 8141 1218 5925 2835 2754 5537 9946 6299 8481 7898 3233 2113 4133 8470 1941 8778 7633 166 5300 3135 2906 1796 9239 9154 6663 3249 5720 4200 2021 2116 2652 9135 2288 2080 3751 4523 5417 4248 8640 1916 7325 7351 0 9921 3923 722 5861 9370 5616 1556 6596 7794 66 5252 4212 7769 3812 6407 3293 1658 2171 3512 960 5629 3264 8502 5888 5564 989 342 4109 2856 3330 6175 8382 4957 7985 9074 9571 6646 3403 8560 2802 9827 2193 155 6992 3279 3556 8844
3523 4580 6614 6998 2576 1078 3598 6830 4711 1983 694 2997 4454 9896 8653 5333 6207 73 5743 1741 5753 6864 2358 4773 9676 8084 85 820 5145 4284 8599 4829 4971 8701 6139 2292 9550 38 4605 3440 4821 8358 5993 3860 843 3025 5594 2342 3774 393 3508 8230 9921 0 2514 6038 4782 4805 7517 6802 3874 5920 629 7515 9939 2611 4519 8737 1598 843 7589 4649 3323 2317 4521 9208 957 7644 3312 5908 4092 5243 6725 7503 9467 3358 6 1078 7327 5201 773 4523 9889 1089 607 4531 9995 9119 771 1706
522 3458 9417 6260 2491 8505 6062 1713 4196 7330 5810 1084 5325 1503 7256 1746 8324 2936 7935 360 7259 2251 6284 6927 6199 3185 1892 1697 5629 818 3115 4857 779 6736 7420 1106 9832 3302 2901 8191 9348 5602 9947 9578 3136 4749 4206 5190 3733 7784 7743 6600 3923 2514 0 4532 6879 7283 24 8543 8429 1697 6783 6834 3710 3753 1185 5702 6991 5745 8284 5087 5223 6258 8335 2475 5443 3869 6852 9944 2420 2793 9278 9176 9500 6414 4794 3235 9193 4255 914 5787 5855 9488 3690 1442 3276 1038 6410 6435
8217 6116 6501 469 385 5462 9654 5413 6683 4117 5067 3924 4746 2163 9521 6662 6735 9908 310 3316 1836 7039 8412 3153 4182 967 2604 8054 7148 2657 1626 5527 3652 3497 1104 9983 6090 708 9310 1049 1109 9424 3302 7717 6312 6072 7939 4226 2135 4661 9126 4353 722 6038 4532 0 9467 6791 8005 5637 6407 3588 8720 243 6408 7976 4408 9026 7469 6381 8431 6309 459 7754 1417 1885 3368 6755 4108 9173 3617 9754 1890 3049 6569 1256 5023 1303 9651 4762 4748 892 3523 8078 4397 384 7755 2814 7248 3152
9084 8231 4356 1557 1037 4255 44 1602 7787 7470 8100 9856 8847 8281 5112 9507 7534 8265 5636 698 5706 6582 7579 3604 7340 4500 263 4425 3419 9467 1395 1652 8048 10 4749 6054 8075 2930 85 7879 4774 8274 492 3436 9204 4260 6822 8284 4594 3310 4211 908 5861 4782 6879 9467 0 6900 2979 3287 1232 5125 1216 4154 2033 1642 395 944 7534 6131 3139 564 4490 475 593 1067 5806 3762 1787 8802 3576 9490 6237 9047 9267 40 5341 5796 4706 1073 6059 1566 4632 9062 2314 4338 6274 6294 354 309
9355 4214 8183 5315 3426 8571 2949 3283 7075 9570 9322 7741 6490 4710 4902 372 8469 9287 6236 5419 5398 8132 9644 974 7272 4061 9252 9174 2139 2761 7573 1392 955 1654 3726 9479 7661 756 812 1517 316 3065 9803 2536 4124 3770 2399 1661 9388 2277 9143 9272 9370 4805 7283 6791 6900 0 2625 9330 9541 2500 7395 7963 6870 3194 1109 6327 3100 5573 1690 6094 9868 8382 5782 8217 9493 1320 1815 366 2253 2302 710 5749 1404 5861 5640 9251 182 8472 9802 7723 4243 2918 5607 9603 8257 4882 2995 6947
1098 6569 1558 311 2413 3030 282 7439 9785 1214 8631 7598 847 3769 6420 4123 8534 212 3399 7131 3777 2191 9397 2238 7247 1215 3511 7529 8114 6370 7460 327 4886 3339 7487 5642 7645 2726 5574 300 6176 2209 5187 8618 9148 626 8203 9780 2088 5042 2928 9658 5616 7517 24 8005 2979 2625 0 1271 6163 455 6045 2143 2050 7448 8564 4364 7147 98 9186 9476 2636 1675 7050 2856 3617 3871 8203 7672 597 3120 9847 8246 5641 9389 5887 1329 8429 9435 7956 7263 470 588 9842 3308 7539 5210 5091 376
3652 4600 4729 337 3267 3546 1833 1774 2221 6898 3129 7443 7289 9237 7909 5568 7688 5849 2099 745 5269 518 7631 7937 6581 2398 3961 6779 7456 2881 8510 315 712 4457 6507 9784 3181 2590 9500 6788 4854 2441 7820 1592 6104 1918 5195 7698 2528 5851 8953 6222 1556 6802 8543 5637 3287 9330 1271 0 6958 5389 5993 6557 2293 293 6150 9485 2349 9014 9499 4332 5668 4113 8757 6760 8864 1563 8414 9627 5078 9428 7905 3607 4598 3570 8011 1405 4941 1218 2322 3295 8142 3517 7460 1471 9535 7860 9818 5301
3699 2586 6011 8309 2295 134 5808 4238 3587 1909 1393 1028 2986 1677 8005 4519 4362 4787 8994 5506 3320 1924 4503 5957 7609 8033 2590 8035 3598 6109 4701 7596 5504 1895 3887 1581 5610 6938 6868 7003 848 4055 7911 5555 8960 2809 7169 9941 1803 2525 1101 8155 6596 3874 8429 6407 1232 9541 6163 6958 0 4966 3429 4617 9436 2779 9741 9616 8357 8946 4369 2933 5403 6895 7526 757 862 1168 762 4861 2187 9380 2625 6121 9027 2517 8907 6964 6933 3061 3303 44 7523 3867 4530 2848 130 3772 3756 996
3738 9850 2918 8548 9970 6669 4990 7969 2061 8129 5767 193 3003 9708 8709 7513 1325 9644 130 1686 730 7139 1677 7751 479 2753 2666 5108 1601 71 4224 401 6287 8189 5865 2472 3243 199 2837 9881 6039 3650 2705 703 7582 4738 3049 9694 8209 9275 2941 4648 7794 5920 1697 3588 5125 2500 455 5389 4966 0 6624 1304 9750 8917 787 3370 6903 1775 9020 5101 3439 9425 2468 3596 4496 721 5300 7750 8781 6834 8596 4444 4436 1639 2137 247 8285 683 7068 4059 3130 1177 9912 8042 115 7697 5523 7646
627 1435 3441 2537 9341 9977 2200 2912 9472 2799 4774 2377 7368 9014 8892 9013 7904 2831 5558 1446 917 4948 8911 6675 2735 7971 5356 2502 3143 7224 7129 9757 854 4148 2497 6160 1964 2855 7532 1605 625 6955 1239 3299 9933 6138 8784 1994 4909 3957 7098 8634 66 629 6783 8720 1216 7395 6045 5993 3429 6624 0 3752 9659 2299 1720 2978 199 5874 997 1896 6692 7806 457 4496 2253 4456 5184 8906 2786 7085 1698 7364 8704 1134 2178 814 2342 175 6794 6009 2245 3009 8068 4623 6804 3728 4235 8347
5069 5843 7883 531 4649 9578 1061 3759 680 1682 3005 8550 1110 2000 6649 6764 4267 7681 3084 6443 1868 171 9876 6946 6817 4329 8715 9334 6473 62 329 4698 7907 4572 1386 2890 7987 7750 9554 7709 6946 8259 2589 6428 5714 8446 4353 8430 5573 6421 9709 5128 5252 7515 6834 243 4154 7963 2143 6557 4617 1304 3752 0 6064 8355 8541 3626 2413 3984 6549 6111 9808 7079 8416 9764 9691 5808 4512 6444 7404 9720 137 5941 1836 6615 6661 1867 9858 4994 867 3468 9584 2728 6324 410 5948 1419 3310 5848
1402 4077 2010 5604 7173 3094 7471 4980 5919 2324 3798 5975 1781 9227 4407 1430 5370 9400 9150 2488 1366 3131 2481 4953 3361 908 7077 5052 3719 1536 1030 4417 6347 7651 2418 8945 1042 7780 379 107 6796 1264 454 5091 8477 7489 8708 9008 5949 620 283 9028 4212 9939 3710 6408 2033 6870 2050 2293 9436 9750 9659 6064 0 5905 5852 1389 4296 6155 3474 3071 478 9354 511 7706 1449 4799 232 9433 6829 9320 5115 7148 2778 8439 6316 9453 3275 7311 2789 8690 4372 4472 7556 4170 7756 5019 1048 9903
281 4734 3907 6035 7655 1543 4038 1529 80 2694 2383 9956 2366 6591 9930 4694 1361 512 7216 3747 7632 5874 6778 8753 3814 2816 5946 7265 2037 6470 8320 8138 9479 256 4474 467 4304 7033 7543 6252 2154 4131 3705 5800 2090 4477 8547 2841 5994 7156 4711 9634 7769 2611 3753 7976 1642 3194 7448 293 2779 8917 2299 8355 5905 0 5964 8181 7149 7528 938 7599 757 9896 7620 6080 3451 1432 6196 4119 5778 9267 2481 8797 4675 5836 90 316 1432 7380 5725 3018 9856 5810 2460 6920 4378 4768 5418 3288
8101 9054 7748 9128 103 7674 3489 9317 3906 5494 7197 8229 8322 2916 4847 580 8778 7144 4078 6509 9049 8819 3876 2182 3863 9877 1046 3350 4406 5415 429 608 5969 9583 1204 5807 5857 7937 4265 6734 5190 7545 9386 1902 1512 6235 3481 9089 6236 4677 3419 443 3812 4519 1185 4408 395 1109 8564 6150 9741 787 1720 8541 5852 5964 0 9841 3631 2744 7122 6226 9408 7154 3083 9525 565 5434 9360 8035 749 6323 8087 9672 9155 9887 4149 6714 2591 1848 698 6555 1743 2439 8863 9485 4862 8562 3028 5737
4484 9722 4946 2707 2106 6760 5279 6043 3706 8530 5922 5562 6776 4760 6750 9736 8252 4996 9611 7243 5014 9865 5875 3474 8197 8298 7340 5726 1373 8575 336 6219 5438 8228 1093 4324 2000 8178 4978 5890 23 4493 7168 9027 5152 2976 1295 288 2468 6604 4879 4350 6407 8737 5702 9026 944 6327 4364 9485 9616 3370 2978 3626 1389 8181 9841 0 6021 9903 5795 7203 2417 604 9699 8809 5269 7835 4890 3789 4331 1734 4642 1852 586 2836 2973 8759 4807 8169 926 8892 8556 8833 6993 1193 4342 5630 4898 8902
3314 2681 1369 9534 4050 2578 2696 346 7899 1945 81 7189 5219 7433 583 8627 5634 9193 3265 3771 1219 3279 8229 5153 3379 9550 4833 1584 9562 4718 4880 90 7289 3790 2277 6109 6278 182 5158 7392 4919 7863 6784 2023 5144 7019 2174 2355 6563 9290 5292 4707 3293 1598 6991 7469 7534 3100 7147 2349 8357 6903 199 2413 4296 7149 3631 6021 0 7286 5318 6887 6749 5693 9616 6282 4115 8839 1672 4459 6826 6332 1560 6541 7171 1230 4535 2279 9233 5613 4131 2424 9574 5434 4528 8618 6281 7545 450 9270
4416 851 7512 579 5086 987 1988 1445 1897 1026 2076 724 1988 2658 8256 9954 5056 7770 7351 3428 6493 4435 8473 3192 4751 3595 9880 7465 6659 4242 5229 7981 892 7205 7728 6232 4974 9165 5476 434 3896 9370 2873 6159 4246 4551 9323 203 5310 9157 7381 8156 1658 843 5745 6381 6131 5573 98 9014 8946 1775 5874 3984 6155 7528 2744 9903 7286 0 1143 9806 9768 2680 7726 2081 8097 8850 2393 1017 2350 5240 9855 2673 9880 6023 7801 1082 7983 5157 6512 7080 9578 3971 312 5649 4992 7884 7725 7029
1442 8758 6956 3242 916 4584 4386 4843 6315 6177 8536 6176 5624 9268 7430 4190 8548 6740 7469 276 9698 8277 7227 2765 7428 6699 2720 215 3723 6499 7964 692 8994 9822 2461 8564 1109 509 7436 1353 856 4151 4126 7772 948 4193 5093 8766 2543 2841 5743 262 2171 7589 8284 8431 3139 1690 9186 9499 4369 9020 997 6549 3474 938 7122 5795 5318 1143 0 475 1458 4819 6794 7252 4033 8787 6598 1167 2938 8030 7830 7355 9891 9203 1727 4051 2113 482 3434 5206 9215 2478 205 4822 9755 6027 3385 1738
326 5989 4140 7413 791 4231 4991 8059 9723 5205 6503 8893 9302 8330 2893 9581 7814 8062 2853 1308 3421 5232 5531 2304 6836 3200 3469 5605 1140 1426 7811 4804 5956 316 7676 2178 7283 9719 9305 5483 1759 5222 7794 9556 839 9061 5546 1732 6700 2991 9412 788 3512 4649 5087 6309 564 6094 9476 4332 2933 5101 1896 6111 3071 7599 6226 7203 6887 9806 475 0 7525 5589 7849 2574 9456 3180 1686 1748 7748 9776 7839 7012 2753 3788 7370 6478 1705 6776 6323 6981 1557 29 4545 5953 744 4686 9083 602
5149 7135 7858 3542 6376 9192 2369 4974 7971 1353 8026 8574 4011 5781 493 5998 7941 4238 7567 2736 3331 6852 3907 3179 5661 5710 4792 1619 5399 1590 53 4461 6869 8345 7588 5036 7444 3314 2341 4589 534 6407 7393 2331 4998 1992 2508 6947 9698 6861 9559 1871 960 3323 5223 459 4490 9868 2636 5668 5403 3439 6692 9808 478 757 9408 2417 6749 9768 1458 7525 0 58 8009 5635 1110 5616 7207 9656 4306 9205 6073 2656 4 6881 7533 1349 1303 7434 2558 9363 6110 4807 5582 2623 3826 1045 2451 8333
7799 4535 2780 6894 5530 6287 4784 4045 2161 7981 4112 7183 9644 699 6304 8431 9843 7535 8892 7985 4646 366 8262 9451 7154 8105 7747 6166 3966 670 4725 7173 2335 5035 5679 4749 4614 8608 9497 3113 9559 3849 8404 9304 506 2838 1688 7427 8068 4178 8174 3715 5629 2317 6258 7754 475 8382 1675 4113 6895 9425 7806 7079 9354 9896 7154 604 5693 2680 4819 5589 58 0 1782 8905 5713 8886 8643 7893 8202 5694 3787 1789 6197 346 414 7353 3156 8645 517 4670 3063 6528 5753 3393 5150 6527 8864 8774
1631 2750 6658 3928 4104 6570 1082 9459 8891 443 5784 3663 281 3872 4431 6934 4486 9919 2445 8651 7138 2592 7231 2095 3649 8859 5167 4183 4866 6485 8171 9693 1235 7565 5675 1695 2719 442 6102 2746 9760 8217 4755 980 6528 2245 9638 2744 6879 287 8693 2339 3264 4521 8335 1417 593 5782 7050 8757 7526 2468 457 8416 511 7620 3083 9699 9616 7726 6794 7849 8009 1782 0 3897 3858 2627 914 8096 6756 2938 3322 9913 3160 1802 3516 9420 5480 1634 9130 1132 5077 6428 4564 2232 3036 9859 2441 2341
1053 3484 2461 4795 1269 3192 6112 3744 5830 4584 7986 3690 8294 4764 1334 435 3945 4794 1156 7257 7189 43 764 2641 5174 7901 732 733 4398 7830 2849 9022 7016 7949 138 7098 7813 8305 536 4993 4418 3578 8119 5833 229 946 3357 8767 5114 3931 618 6149 8502 9208 2475 1885 1067 8217 2856 6760 757 3596 4496 9764 7706 6080 9525 8809 6282 2081 7252 2574 5635 8905 3897 0 5999 6361 6492 1961 637 9784 5919 2357 6299 1962 5452 6237 4541 5191 7160 5282 9875 2550 8163 2789 3058 8661 1297 9253
5592 7937 2581 685 6071 4658 8544 5755 4849 7507 9046 2067 7092 8834 7902 9574 5158 1279 6707 1812 6349 4135 3045 8120 43 801 6980 3586 986 7700 5733 2843 5923 681 9150 515 3093 2327 4591 2418 1951 1848 6568 3988 266 2613 1631 797 6769 2559 4279 4766 5888 957 5443 3368 5806 9493 3617 8864 862 4496 2253 9691 1449 3451 565 5269 4115 8097 4033 9456 1110 5713 3858 5999 0 9107 8208 7078 146 3349 3719 974 4262 9181 6856 4868 1747 2114 397 8653 3221 1788 3157 2731 2851 5784 3528 8634
5064 3244 8292 1921 41 9617 9038 1282 3545 2567 1477 1649 424 7327 2162 5664 8080 8478 3599 1766 4615 9478 4700 9186 5547 1004 6839 7553 2815 7612 6477 8268 9406 4714 6839 350 3714 276 3639 9444 7884 7399 4037 1771 904 7965 7739 5557 5868 908 1025 2628 5564 7644 3869 6755 3762 1320 3871 1563 1168 721 4456 5808 4799 1432 5434 7835 8839 8850 8787 3180 5616 8886 2627 6361 9107 0 107 9207 1300 8702 6480 6069 9310 7777 6261 5265 4662 3548 633 5221 252 8336 458 5973 8532 432 826 2174
2130 9043 8493 7821 6087 16 8402 4566 8176 1740 4518 4984 48 1067 2811 4135 1747 4553 5627 2530 9349 1736 7860 7100 9975 1347 5353 4008 1992 2053 6399 1568 7023 993 9991 6189 9166 2808 1844 9429 5087 62 9038 5881 4675 2777 3119 6156 3014 5219 2527 6890 989 3312 6852 4108 1787 1815 8203 8414 762 5300 5184 4512 232 6196 9360 4890 1672 2393 6598 1686 7207 8643 914 6492 8208 107 0 4274 7056 4419 9650 8998 4570 5093 486 8665 8949 8754 9223 6919 8148 1757 6421 8244 2911 947 7190 2689
8757 9589 7502 1096 1648 1256 5182 2540 6453 7307 8269 9290 9939 9249 9020 3575 1819 790 3773 6329 44 1212 538 55 8663 5670 4571 8842 8140 5362 7062 8987 9800 5 5359 6926 3306 9223 5536 6705 1821 2126 7829 4510 4534 8622 4176 2793 612 6021 5084 1572 342 5908 9944 9173 8802 366 7672 9627 4861 7750 8906 6444 9433 4119 8035 3789 4459 1017 1167 1748 9656 7893 8096 1961 7078 9207 4274 0 7616 4925 4646 7801 3330 7607 9309 6083 9377 2532 7091 221 8530 7808 5485 8062 8886 1893 4264 7328
6825 5109 2548 9899 7323 8497 4819 407 5466 7090 2740 5308 7357 8936 495 2282 353 7084 3465 9218 3209 6038 3245 5614 1762 2495 3515 3024 5997 1106 5417 873 9243 3566 9722 9774 7147 7130 7760 7303 746 6757 9037 9051 6580 9098 4761 844 7821 1276 5437 5720 4109 4092 2420 3617 3576 2253 597 5078 2187 8781 2786 7404 6829 5778 749 4331 6826 2350 2938 7748 4306 8202 6756 637 146 1300 7056 7616 0 265 9139 9912 3098 4082 6290 2578 1162 9722 4207 8359 3393 6429 1737 1259 292 7495 6402 1319
2070 2763 4739 4066 9505 4368 8786 3298 2868 3342 4161 5723 3513 9749 7726 8196 7439 5126 7188 2365 8479 8307 88 5835 9604 154 1318 1251 3248 7674 5950 8811 6422 4152 4636 6760 1597 2660 9282 8008 6449 4191 5678 5004 648 4152 4816 5119 2643 1940 2264 4636 2856 5243 2793 9754 9490 2302 3120 9428 9380 6834 7085 9720 9320 9267 6323 1734 6332 5240 8030 9776 9205 5694 2938 9784 3349 8702 4419 4925 265 0 4248 3219 1530 4752 6806 9463 1200 4804 1106 1222 5049 2320 7595 460 7317 9936 7467 617
