150
0 2181 6111 1777 1657 3992 2345 4867 5611 596 8664 5733 1384 9178 657 3928 3104 270 4644 1921 9499 9027 5469 6546 8032 3509 8465 4048 1466 433 5129 6250 5521 7954 6057 9346 4278 3492 4590 6575 9726 8821 469 5318 5042 4990 6873 4319 5614 8639 7489 925 7762 5533 7525 7437 8338 5445 9750 9471 1504 834 976 8693 5059 3486 8763 789 5126 7538 7859 8771 6460 6006 7539 2868 3715 5496 4541 3871 275 8463 9591 5703 8018 5671 7840 7739 5320 1922 34 5483 8210 9348 5336 321 836 5120 157 3189 7884 3857 6464 9079 6100 6086 6513 5011 4395 2750 3309 758 1912 4169 2449 4024 3882 1017 7018 7247 1573 2363 3149 314 3330 3467 3387 3413 4726 4631 2381 9865 2043 5394 5831 6833 56 4879 538 974 25 9902 8565 5584 2746 4251 4024 8600 9064 2946
2181 0 2168 7896 6626 2553 6190 5714 9174 2793 8849 2121 4335 7731 6914 5563 9371 4071 9014 7958 1576 7525 5690 3784 7585 8598 4074 9793 1204 2575 260 677 2835 1914 8799 9859 9327 2047 5303 3284 5725 4590 4982 3100 2321 2858 4696 8245 6327 9083 2448 874 6288 8246 9348 6304 900 9886 7806 9973 8340 1118 3442 9894 2054 1757 4615 4481 3452 4114 3346 5897 9251 3868 3224 8219 5222 9958 6687 7911 1271 1557 4483 3274 4392 7355 1189 8891 3363 724 2072 9535 2065 6931 2107 3267 8161 7325 6527 4387 8521 5859 600 2660 6909 6768 9131 3335 3352 2951 5421 3624 2161 3045 5135 9062 9721 9815 9579 9663 3558 7861 581 5845 6211 6080 901 1650 9821 8849 9817 5642 7627 6914 1710 9563 8736 8693 5097 5903 8312 8844 6326 8098 7353 3748 8319 8929 7466 75
6111 2168 0 2835 1432 9629 6293 8088 4435 6540 1487 8417 310 8086 535 7710 5196 668 1948 5844 4087 3467 5627 760 7446 440 9077 7312 4256 9790 8584 8044 1868 7027 1416 7320 7980 7657 2225 9131 3551 6573 5903 7912 2734 3185 3661 1284 5394 1801 2399 8692 6631 7405 4027 6459 2717 2651 926 2247 7232 2617 2251 3725 1560 5130 4024 3572 3001 3082 3657 7847 7483 126 7317 8282 2274 6429 2176 9636 4422 3348 8548 115 4344 5597 3502 4151 2795 8016 8636 3950 8713 4596 8514 8330 517 9334 3859 2154 3683 4638 43 6676 3972 4343 7194 6087 3731 197 8891 6270 685 6435 1935 4478 7222 8421 2793 6140 8458 9742 6136 5436 7575 6911 306 7968 8177 2955 2651 3923 8255 6038 4106 9595 7927 2983 6929 5985 4413 8816 7256 7175 4719 5016 9062 9895 9237 5558
1777 7896 2835 0 3264 6810 4502 3483 2807 9696 6037 9874 2005 56 7813 3231 6694 4379 7098 3222 747 3856 8725 6714 7042 738 4265 9762 3741 2518 3367 4600 314 5797 2654 8960 5025 4458 1701 1330 7513 6859 3259 6249 3857 2584 3533 5253 6664 6944 73 986 1894 227 8265 2553 1902 6070 7038 2388 8309 2834 6061 8833 9595 5813 2727 8504 4570 8398 7409 4732 2295 81 4599 883 9038 2668 1373 1605 1095 2229 3151 1765 6178 362 5075 3684 1657 5157 8317 7352 6818 6178 2992 1789 9091 5551 2258 3332 4621 4411 5312 5379 3523 2621 2693 4572 7092 1066 8504 1444 7395 1732 5619 1828 545 5543 1763 2395 2676 3778 5375 455 6152 253 3432 281 6553 5946 2899 224 5953 1093 7758 3508 7852 1503 3701 5680 5561 2445 1330 4412 8999 4835 8164 4470 8632 8526
1657 6626 1432 3264 0 383 2135 810 8551 1014 720 3122 4252 3332 1194 9129 7354 3912 6930 895 9117 898 3542 3098 4857 9613 6201 5647 6467 5488 249 1295 701 7784 6161 6835 5153 9104 6203 7411 7125 6287 7844 5032 2191 1624 3469 7774 7950 1683 7935 744 9731 1903 2481 8337 5057 4482 4195 9329 1214 7047 9022 7382 1428 971 3091 2236 3810 9302 170 2766 9895 3761 345 4088 2186 829 7519 1223 4718 4179 6651 1398 1483 136 2593 1650 5777 917 7592 7315 5717 5379 56 1345 7638 6484 8773 4009 7837 4030 9344 3773 9494 7541 2611 986 1166 7838 7350 3108 6965 3161 7257 6758 7252 1856 331 7591 4530 4682 4449 6831 9532 35 1183 6688 8459 440 4138 4239 1020 2767 8818 9588 6169 8373 1747 2314 7614 4757 1405 1285 144 2163 5460 6770 351 9767
3992 2553 9629 6810 383 0 930 3521 2232 6698 6495 5269 426 7252 931 2404 6389 3282 6217 7667 5118 8691 789 2215 4168 9060 4288 4524 8910 5696 7633 8269 8112 3517 6109 4270 1149 1481 6813 655 4350 1363 2468 5529 2693 8640 3350 4354 7388 157 7133 2981 9513 6322 6498 2243 5638 2857 3457 3975 222 1799 169 9480 8617 8159 8724 7797 3158 2866 6099 6323 4584 519 1194 7540 8505 1179 258 361 3795 1463 2999 5363 9023 8823 3186 8996 2585 7392 1321 213 2756 2654 4837 7895 5760 6027 7353 937 8953 2825 4243 6439 9509 7416 1622 9999 3347 1026 9792 8034 814 6045 1543 8510 2842 5994 2074 1181 5027 1428 2395 4365 9132 4695 8510 2964 499 9517 2122 1997 9769 579 7190 7045 5146 6760 6944 339 2862 9746 4032 1111 5898 3978 6891 8287 2365 1148
2345 6190 6293 4502 2135 930 0 9192 4728 1001 3905 2037 4381 4243 1134 714 2038 3147 8897 7246 3422 5528 9890 5466 7904 4666 813 3695 7664 7973 3567 583 5382 641 2935 368 8172 8472 3209 8980 7078 8683 7995 1364 6928 8322 8735 5966 2620 8273 8479 4765 3268 820 7560 6027 5680 7331 2155 1637 6503 42 4504 2317 1454 7252 5489 6106 2850 2273 3489 9018 5059 8673 8756 9905 2289 9982 7936 5046 4423 7532 5469 5196 7547 9406 3482 5444 2400 9005 6329 6033 5177 4444 172 3832 5689 2859 8103 7296 8941 6508 6508 2409 1350 2664 4325 854 751 7473 5297 9107 8441 1457 1717 9169 6940 6475 6125 9163 268 7328 5777 3477 9147 931 4061 7879 3996 7189 3692 7860 9654 3228 3413 7884 4605 5848 9680 1649 1222 6684 2591 4313 6188 7952 363 4837 6235 1292
4867 5714 8088 3483 810 3521 9192 0 5955 4825 9193 2882 8650 2140 736 6287 4890 1698 3970 1956 3381 2636 1936 3238 7382 846 5742 8652 3023 6452 89 2340 5518 1993 9020 4166 1611 2280 3955 6971 2421 3973 460 3824 4507 6230 2808 7514 3581 838 5022 7445 7847 9465 2693 5241 4442 4256 3296 4114 6679 31 715 1358 3856 2233 70 9579 9812 8534 887 5269 5449 9573 6262 4149 8401 5560 1607 4940 1462 1727 5856 2884 225 9512 1509 803 8867 9055 2188 2928 525 6162 6313 1855 7586 8447 7340 9671 3344 5965 7654 9142 4565 2678 42 456 7251 9522 8765 5475 6836 2160 2062 7210 2249 4529 2233 8893 4071 3643 1243 8085 4693 3390 8862 7475 7422 8901 2300 3132 3564 6979 6417 9387 8391 3836 6913 2270 1513 8392 4526 782 9725 3359 5088 2010 6908 7377
5611 9174 4435 2807 8551 2232 4728 5955 0 9229 9831 3355 5166 5520 1897 1503 8770 5366 4748 8398 35 795 1162 1512 5050 1725 8932 6488 525 5493 5544 9945 6482 1411 2402 3721 9728 6075 8137 5793 5637 2438 5348 9469 8837 2767 4885 959 2305 5332 52 3493 9524 9622 9464 8691 4037 5030 8021 2987 6310 5254 2186 6807 5188 326 3733 2102 6487 4575 2254 5331 6702 4497 8010 9721 5164 683 1277 2461 35 293 5855 6327 8058 4161 1294 6759 3936 6459 5088 9223 6714 915 8984 2102 6538 8843 7465 8652 8671 6778 3947 6927 8310 2405 6259 6455 4590 4357 1081 4131 8492 1539 176 6486 7596 4775 2652 5849 6086 8923 6354 3589 4200 6070 848 1234 1142 4122 2367 3093 8949 2957 4462 2299 194 5521 9978 5166 9673 2950 2900 1167 9724 3614 52 1457 1440 5260
596 2793 6540 9696 1014 6698 1001 4825 9229 0 9071 3059 2500 6337 1102 6889 1726 6928 2628 5911 1743 8992 5391 1935 1642 8935 7505 5743 6284 861 6382 480 6449 6174 9309 6080 9040 4222 5627 9 7275 6079 6696 4444 8421 4744 3033 4579 6920 3008 7978 4690 2778 3217 6103 5733 2840 9934 5047 6566 9888 8899 1123 7391 5003 4926 8181 1322 4747 5900 3186 4938 4439 2688 1967 2915 9520 2385 3908 1327 665 7137 7560 7845 5086 4563 2733 5895 8310 8413 6305 5989 7852 5278 3347 5309 442 2295 7598 2019 5826 9521 2219 2211 7330 8939 3396 7148 6290 989 1627 9426 6634 8065 785 3980 2629 2874 2513 560 8316 5596 3342 919 1656 5376 4212 6670 3031 8718 9475 7430 118 1007 4605 1258 441 8881 7037 8209 9980 7629 3473 6825 1214 2372 6462 5928 1932 5301
8664 8849 1487 6037 720 6495 3905 9193 9831 9071 0 9679 452 8879 8208 6051 8994 6783 6219 6472 9349 646 7775 7409 1501 6939 170 740 4847 3334 2020 326 9687 7060 7841 7004 3626 2192 2502 7412 2317 2164 2131 8616 504 9749 8680 8987 8468 3291 8821 2851 6735 1256 6721 4732 5521 9907 3058 2101 8164 3990 7281 6534 991 7183 8008 9376 136 2064 9428 3950 5595 2845 3099 529 8342 568 9645 6870 1114 2092 5170 8173 7127 7138 1489 6536 2485 1877 7573 855 9657 9406 9475 8911 1182 2935 391 2227 133 2780 9851 2724 8592 857 35 9357 2002 8125 8024 8313 5722 7964 4823 2216 8119 994 7117 4286 5709 9959 8123 4266 1748 5454 2527 9023 6518 5954 8341 2059 2718 867 1012 9764 5512 8480 872 6317 1236 6587 438 6904 8901 4454 3357 4 9491 9263
5733 2121 8417 9874 3122 5269 2037 2882 3355 3059 9679 0 8772 1441 4979 6370 1715 9519 3696 5834 2515 2045 5026 1092 9054 7011 3491 269 7166 4031 4818 4603 7211 6411 9492 3069 8368 236 989 713 7576 6609 1499 6683 8057 2345 5443 2518 7574 7136 2201 1415 1024 2306 6601 3147 912 5011 1038 8519 8783 912 789 3398 1659 4246 46 6352 8718 9943 9246 7396 4580 3653 1673 2153 7567 5290 7260 7074 6203 3164 4499 9609 8004 4726 8180 8977 4060 9228 2913 361 8922 2961 2063 2633 2423 1185 4186 8776 5275 3297 3568 714 2590 6632 9737 8696 3450 2148 7747 4675 8167 9189 5356 2 277 5770 2220 4009 5537 7615 3583 3661 2644 1675 7673 9952 5086 6291 7142 9624 240 1344 8012 6884 1217 7051 6358 6019 1663 6841 119 3172 4314 3950 68 6621 3933 3231
1384 4335 310 2005 4252 426 4381 8650 5166 2500 452 8772 0 8946 2848 8056 2882 8157 96 4435 2553 5371 448 2977 5292 9307 3634 3160 3109 9482 9973 4554 3782 2916 9411 7932 8055 5123 5431 6762 5907 685 9240 1064 4158 3669 5617 1060 7565 9654 1318 2499 1177 7991 7154 7591 4296 4904 9182 2450 1213 8509 8463 8185 2725 4310 2957 7299 7002 9962 1358 8907 2205 4445 7943 9055 3691 3093 2047 5122 4548 8781 5036 441 4433 931 2001 4385 8200 7026 1861 7883 9510 3665 354 9783 9725 5983 9556 6340 7140 2690 3081 2966 9883 572 4942 8805 3388 724 1108 2265 6981 1533 1071 1054 5245 9554 9167 2217 8461 1710 6988 3277 1037 2078 9931 2031 9473 7008 6256 2503 1095 7129 6257 9911 5397 5474 7341 8846 1925 5442 7687 9511 4420 5860 9450 3548 322 9518
9178 7731 8086 56 3332 7252 4243 2140 5520 6337 8879 1441 8946 0 898 4566 4393 7302 1826 3618 6911 5285 3518 4902 5698 483 3287 2185 8378 4216 8309 837 1163 5711 1779 2321 1079 5674 7778 7174 9816 1801 6069 6618 1688 2809 3272 1734 4913 996 366 2393 7460 4733 9882 6185 8534 9967 1497 4850 2482 6993 5220 9433 5853 8408 2036 2485 8457 4147 4929 558 9296 6197 4272 5942 9723 4052 4118 1678 613 1511 434 9050 7853 1998 2937 1565 7339 9292 2728 7810 416 4591 6290 4242 7565 3548 9736 790 7739 2381 9239 1457 9945 731 5085 8569 9877 8839 6068 6023 4943 9683 7297 4851 1040 1269 1296 9423 1017 2841 8692 7172 2618 2750 3745 1850 5931 5572 3655 928 3433 360 6373 1369 8514 9960 6048 5757 3406 2778 2371 7843 4077 4099 6244 6795 4156 1343
657 6914 535 7813 1194 931 1134 736 1897 1102 8208 4979 2848 898 0 5836 1173 6921 8367 1690 1511 2251 6481 3581 6256 7147 4786 4918 3208 2949 1423 8488 9299 2320 3600 4469 4170 473 6509 4649 7215 3332 2938 9206 781 9584 7614 7254 3780 3623 7730 4604 5196 6633 188 833 4982 3817 9149 4766 7956 8052 5474 257 2437 9641 5741 9475 9593 422 9990 9528 4571 5128 6936 6805 2492 789 5869 7957 7415 2231 8086 6770 5106 6782 3043 454 5231 497 468 2377 4991 9808 5806 6021 2659 8972 490 7733 2640 9707 2210 2912 1201 7960 8475 2910 6834 9569 5049 4424 2650 8337 1387 9721 2838 299 3960 7576 2928 3221 4764 9340 303 7014 1148 4700 4548 9440 1975 2161 8661 8978 8298 4029 9231 5099 2509 7081 6519 5387 6783 1349 472 5311 8871 9732 3349 1795
3928 5563 7710 3231 9129 2404 714 6287 1503 6889 6051 6370 8056 4566 5836 0 2196 2009 983 4623 9963 8859 2700 5191 7941 6512 4823 5836 2984 3882 9662 6128 7605 521 2830 1614 1506 3068 4627 9748 4798 7618 637 9732 1422 1761 4 9228 8341 8945 7252 8534 4180 3028 2994 1533 8601 8305 7887 7343 7718 3837 4275 4005 9764 552 8305 8583 5001 2986 8422 355 2678 8327 511 3856 7511 2090 9546 5593 5971 5891 7388 1902 7638 2480 6446 1555 7345 2508 7661 6175 5439 7819 8828 1087 4968 4551 1600 379 1607 6211 6241 5040 6766 6612 3539 7883 743 4802 2207 3388 1441 8067 9161 337 8928 3735 6080 5215 7712 9956 440 9779 9737 7288 3469 4310 9097 563 5100 5949 1963 5416 5568 4620 9378 5459 4845 3321 9000 827 7804 9135 7685 7021 2897 1143 1310 7404
3104 9371 5196 6694 7354 6389 2038 4890 8770 1726 8994 1715 2882 4393 1173 2196 0 2454 2376 9268 8482 7514 6710 5798 345 9205 6920 3591 885 6750 1385 9521 1821 8702 8162 6151 8525 2087 4303 5093 8825 4781 4552 8161 11 5040 7966 7439 311 476 962 2006 2169 9846 1783 2796 1856 6290 746 609 8177 722 3452 1345 4383 4390 9577 9684 1180 4970 2874 9396 7540 9070 6269 5420 1942 9607 3742 481 395 7785 6955 433 2205 266 9383 8335 3548 268 8473 7458 9085 5025 1828 658 5208 6568 5418 3845 3144 7660 9112 71 817 7904 3772 6941 6077 1261 9218 3746 3372 8115 4702 1456 2727 2340 3442 3612 6643 3784 7031 7750 2464 6470 8487 4061 4679 8350 6146 6314 2665 1563 4718 2328 4459 6692 8175 1558 71 8152 6831 1170 2637 1894 9616 218 2316 5569
270 4071 668 4379 3912 3282 3147 1698 5366 6928 6783 9519 8157 7302 6921 2009 2454 0 9015 1831 3655 9089 3743 2104 6143 651 3848 6773 550 67 6274 6230 32 9397 4047 5948 4860 3152 2804 7763 2837 2488 6093 5765 3689 6567 3719 1407 6978 2491 3542 4192 1131 8917 955 2685 1756 2963 1405 1170 8694 4 5378 2059 766 7184 2892 9613 2055 8174 8033 5418 9618 1553 3136 4056 2133 9069 9609 4924 8293 4253 7579 1406 3603 4137 3272 571 8727 4283 4461 3523 5797 4699 1411 5786 1755 1590 4069 1 8806 9801 8321 8753 4776 3386 1424 1000 8762 7868 7005 816 8336 454 6644 8337 3519 891 1830 2340 5358 5924 6566 9806 4051 9770 4517 196 8801 9246 3529 9280 4554 6635 3020 6735 9212 3560 4730 5535 3421 7347 1427 5959 3295 7527 2190 6989 3025 1252
4644 9014 1948 7098 6930 6217 8897 3970 4748 2628 6219 3696 96 1826 8367 983 2376 9015 0 4380 8045 8109 2770 8181 8145 1337 2920 9454 5969 5523 4170 4296 6836 9053 3574 2332 5175 463 8340 8703 8431 7620 7569 5620 2573 2165 7517 819 6348 4848 7339 1621 2621 9702 4643 9620 7113 7422 7867 9947 6651 1391 9632 6054 4347 5235 8244 4005 2042 3026 2566 2808 3820 4158 5345 9753 2437 8274 4736 1170 3465 6892 9849 8610 3048 3276 7412 6388 2895 1438 8039 7929 3470 2838 9122 2576 9356 2173 5829 9266 4716 5011 8901 6167 3653 8258 7537 3018 2654 4879 2072 6271 9678 2367 4125 6123 8243 8879 6516 6341 9814 1769 8933 3563 3613 9260 8622 3856 4917 2331 6784 6368 9709 9623 9392 9510 8069 4790 9428 9180 2789 4995 5302 4265 6380 9614 1537 2932 8169 3706
1921 7958 5844 3222 895 7667 7246 1956 8398 5911 6472 5834 4435 3618 1690 4623 9268 1831 4380 0 5608 2423 2859 5144 1294 3299 2108 1577 7589 3131 6253 4417 5149 6161 7064 7861 2565 1973 9863 680 7981 1858 5100 1028 1109 271 7131 8196 4148 6267 8527 7554 1302 1596 5780 4694 6990 5863 3705 9566 8486 6214 9291 7563 4624 9842 7441 7138 4407 7262 2910 2701 3234 4079 3753 8241 8364 3172 7370 9897 4910 6948 8799 4860 186 8011 3055 3221 6041 4339 3414 3939 1331 2108 1227 5841 8867 5082 1141 8831 7644 1158 4185 1972 1300 1453 6981 4820 1474 7267 5387 3913 8046 5999 1955 9411 3923 2137 8166 5993 5181 2211 9553 9824 4019 5784 7999 4686 7283 617 9816 8774 9757 9775 4642 2282 3655 8774 3170 1917 7121 1633 9585 730 921 1944 2375 2032 1951 6164
9499 1576 4087 747 9117 5118 3422 3381 35 1743 9349 2515 2553 6911 1511 9963 8482 3655 8045 5608 0 1671 626 5802 5275 7680 112 1785 8873 6294 2640 8905 4715 6008 1237 9484 3780 8722 3758 3149 1605 4430 7983 8691 6969 7618 5012 4479 918 591 680 2438 1560 3289 9954 8893 4044 3753 4111 9272 9279 2999 2037 5577 2657 7888 9742 2493 9797 8859 185 2449 2940 5188 2297 7683 2026 86 55 5563 3343 7123 6784 9774 4913 9114 6325 3396 5787 7101 8514 5722 4868 9710 8582 9429 5534 6369 9517 7547 8461 4493 8711 8104 9435 5642 6734 682 3187 5532 9299 4997 5478 3703 3354 8037 5892 1343 259 2371 692 2045 9389 833 6284 2358 2568 2617 1755 3776 8074 7602 3046 8907 9096 1433 9991 9200 814 7359 4240 2773 3512 6851 3468 2412 7555 2249 6264 9977
9027 7525 3467 3856 898 8691 5528 2636 795 8992 646 2045 5371 5285 2251 8859 7514 9089 8109 2423 1671 0 6310 6876 2537 6821 4599 3761 8878 8795 6208 5286 9797 9673 2349 1326 6464 7029 418 833 1052 5807 1391 1940 5142 9716 9160 9862 5197 2979 1393 5472 2947 1152 7829 9891 9949 9047 1984 6401 5254 6438 7502 533 2334 4300 9793 2159 3712 6079 7787 7611 9487 7224 9676 9370 1291 479 3623 4915 745 1059 1693 4224 3206 4524 4595 2610 6393 1994 2558 1365 2562 3460 1817 832 2182 8016 8974 9635 4841 5107 5787 2602 906 8814 2773 5355 4533 6679 8700 2423 7562 1261 7748 8417 6959 3702 7539 9482 4818 2361 7482 1512 9408 6029 2975 5437 1335 6373 4696 5676 204 7540 8427 7681 4921 3079 1359 4640 3487 8946 2381 5999 4028 8237 4906 8712 4941 3783
5469 5690 5627 8725 3542 789 9890 1936 1162 5391 7775 5026 448 3518 6481 2700 6710 3743 2770 2859 626 6310 0 435 8254 2103 2334 9912 1346 4415 490 9475 2313 1885 2661 6778 5981 9293 1482 3749 404 3866 829 3768 9791 3253 8217 1086 8195 760 558 911 5513 8002 9804 1528 5905 7127 8651 6626 9775 4357 5387 8598 2686 2573 3711 9585 7107 721 4813 7166 4194 6808 3920 8842 6438 2246 2039 4698 9768 457 4048 9638 799 8403 5844 1090 7758 9019 8062 5552 7126 5386 4286 6237 6010 8965 9075 9159 9070 3671 2178 8969 7750 9843 6877 9144 2680 611 1101 8097 7122 8211 8616 2207 2110 8582 3035 8155 8582 2326 1024 7840 7683 1168 5054 6629 4044 5442 7730 6883 1732 3205 1621 4271 5509 7832 2906 6332 3846 5540 8079 7659 2245 8095 4039 4340 5011 6962
6546 3784 760 6714 3098 2215 5466 3238 1512 1935 7409 1092 2977 4902 3581 5191 5798 2104 8181 5144 5802 6876 435 0 6529 9318 4537 5700 8334 2556 5132 4397 4220 9831 6154 1674 7669 5706 3939 1887 8997 4125 5976 1636 2681 8758 3949 5191 2351 1741 1405 2882 9631 6906 5023 3451 682 1317 5360 5353 5825 2618 2668 1980 5450 6830 7987 8304 7966 489 2170 9427 121 9732 5030 2171 9031 3682 5109 7736 2119 8859 3919 7402 839 5517 9210 9984 8179 8275 8455 5029 1128 6716 4788 5316 6893 9077 6081 6513 9969 8670 1835 4133 2390 840 3853 8276 8760 2186 153 7701 1425 1060 1457 1723 544 2825 3372 7497 2575 3133 417 2538 7766 8296 8192 8042 6159 4368 7423 8499 6043 8888 2872 1846 2976 8036 7915 4336 4819 1599 5876 583 481 4405 8202 8529 316 2684
8032 7585 7446 7042 4857 4168 7904 7382 5050 1642 1501 9054 5292 5698 6256 7941 345 6143 8145 1294 5275 2537 8254 6529 0 8540 9739 1683 9478 1567 205 7754 8459 1838 4817 8299 538 9997 8918 3207 1793 5908 3908 5984 7202 3700 6217 7946 7192 1838 9422 1109 9005 8593 4274 712 6328 8998 7348 749 4974 7355 3270 3241 7127 1775 2922 4693 7411 8147 7183 8297 2863 885 7236 7125 1398 1110 8946 8839 4742 3953 8616 916 7584 1222 4125 1251 8573 7528 1680 1447 6116 9231 1430 8706 157 9993 9281 8314 4489 8906 7217 5548 4708 1326 9121 1944 3650 4605 6057 1572 752 8314 3626 7466 2599 8219 4250 3413 9518 9649 3331 3100 9991 3713 4220 886 248 2227 1744 6676 6712 7632 6781 2056 7460 5471 4019 6671 6134 7615 2873 2308 780 1348 8676 6573 8296 9856
3509 8598 440 738 9613 9060 4666 846 1725 8935 6939 7011 9307 483 7147 6512 9205 651 1337 3299 7680 6821 2103 9318 8540 0 9289 9815 4112 4916 4568 4494 7552 5017 5991 5089 1896 7146 8923 6062 9264 5893 9499 4906 9703 1635 7370 1963 4258 6918 6952 8291 3647 7948 7894 8111 2134 5662 6084 2118 5443 8057 8659 3063 904 6841 847 5200 7127 7516 119 9390 2684 7916 2959 9435 3067 3545 8470 9974 1736 7722 6267 9267 6086 9285 4066 5192 7798 9116 4459 560 6998 5405 2369 6884 9182 5072 7191 5068 742 3823 9381 2176 6112 6693 5211 2418 1557 4279 3669 4732 7063 6617 5778 7853 2346 6298 5568 1235 9907 5710 3088 6960 9112 2803 8528 1876 2435 4434 9436 2728 7779 2632 6476 4137 4580 5 1137 1908 3867 5705 6099 1552 8037 7609 4440 2238 8003 202
8465 4074 9077 4265 6201 4288 813 5742 8932 7505 170 3491 3634 3287 4786 4823 6920 3848 2920 2108 112 4599 2334 4537 9739 9289 0 9322 5028 6400 5567 5013 5860 3318 8406 6237 9523 4224 9570 5432 7164 4599 7838 6364 7758 859 9358 8839 350 9126 7817 3213 8880 1544 5531 2125 8414 3397 6530 9372 5783 5170 4230 5770 3530 2622 3307 336 5213 7352 1618 5812 5473 7975 3664 9178 302 8680 3668 9315 8532 8312 9233 4132 6642 1603 8505 3880 4519 1812 8957 7911 2130 9664 1256 9517 6939 8786 4755 2403 4278 6993 7450 1388 7586 2186 3758 3501 6495 3852 8006 7319 19 8717 5047 4372 1656 2168 3614 6690 5198 6921 1739 6037 6145 540 8815 5083 6338 7127 6832 3997 8554 552 8935 5015 9548 4977 772 7721 7377 1567 9109 8566 3141 2093 9757 7401 5285 9734
4048 9793 7312 9762 5647 4524 3695 8652 6488 5743 740 269 3160 2185 4918 5836 3591 6773 9454 1577 1785 3761 9912 5700 1683 9815 9322 0 6166 4427 7252 7601 1181 9686 3113 6427 5614 1512 1706 8672 7926 3367 3881 4675 7285 5329 4961 8927 6876 5851 461 7913 609 2727 1881 6148 1475 1376 8125 1759 308 2969 2332 3329 8634 2935 1673 1861 4674 2236 5923 5399 668 8282 917 1885 9682 2031 7868 8414 8167 5097 1728 3542 910 6203 3723 4690 7086 3393 1207 6872 1274 2404 5432 5563 9045 3231 993 9697 2087 7724 2207 4689 6664 4109 8874 9177 3246 2828 5231 5478 2956 9800 3804 8313 7280 9684 2392 4456 3997 8998 1645 8467 8809 6170 1145 1948 4644 9539 9874 9972 4806 9710 2014 3040 4265 932 7117 4562 9535 8348 5509 8566 9213 9812 5172 5304 5850 2446
1466 1204 4256 3741 6467 8910 7664 3023 525 6284 4847 7166 3109 8378 3208 2984 885 550 5969 7589 8873 8878 1346 8334 9478 4112 5028 6166 0 1990 5279 8965 1871 5461 7119 9010 1230 9760 9135 3336 2825 7499 6922 2133 7834 9732 7484 3215 3386 4982 9249 9203 400 477 2118 7271 4265 2178 3949 5410 2131 343 2581 4517 8843 1080 8558 7102 8771 3766 6390 6126 445 6850 3879 9657 8957 1188 4526 5537 3528 1453 2572 2764 5896 4667 787 552 5451 5467 5629 8441 9933 2620 7200 3776 2029 4528 3107 7801 256 4979 2034 598 7352 6855 2388 4129 4989 8874 8299 2122 9123 4248 7953 7023 2342 3152 3451 4670 1479 9370 8814 3318 131 3218 7765 2632 3039 251 30 7799 2828 2672 2426 838 5353 5874 8806 2925 180 9194 9805 6717 1773 7554 2404 5570 8793 4991
433 2575 9790 2518 5488 5696 7973 6452 5493 861 3334 4031 9482 4216 2949 3882 6750 67 5523 3131 6294 8795 4415 2556 1567 4916 6400 4427 1990 0 9043 678 640 8247 5108 278 2424 3155 6650 7883 1133 4156 5461 4832 1055 4857 5370 4937 452 1015 8046 5773 2466 8504 9360 7825 9861 5746 5560 4791 6476 7748 8406 945 7103 2177 7202 1132 7001 5697 8453 716 1497 1540 8113 6735 8856 1861 4181 2746 7103 3939 9978 7283 3311 9790 6055 2817 1203 2197 6088 1821 5092 6 6073 7734 6628 9843 6399 4885 4164 579 6134 3881 1714 2803 4662 8008 2794 1292 4013 9883 9797 3877 7442 9615 6000 8630 4641 9072 1525 1329 1847 9071 3706 1178 2624 9124 7131 9899 4287 2351 5169 513 99 1056 658 9433 1396 2375 3172 4305 4804 6016 8666 8445 9664 7709 2368 8478
5129 260 8584 3367 249 7633 3567 89 5544 6382 2020 4818 9973 8309 1423 9662 1385 6274 4170 6253 2640 6208 490 5132 205 4568 5567 7252 5279 9043 0 9737 3328 348 854 1400 8450 3710 1550 8641 6233 2690 6794 2585 8047 5292 3605 1912 3095 4607 8912 2828 4444 9804 2285 147 3648 5963 2122 7556 6514 6390 7911 8097 7296 2649 7506 479 5375 1690 5951 4472 7763 9192 5775 9531 4313 5196 6695 7532 4671 9219 6601 6861 6849 6055 6778 8 2598 6559 505 1652 8064 2025 4563 2424 4860 2664 5390 5648 6120 5635 8479 518 5822 638 7015 7226 1059 6243 350 919 7389 6812 5943 8595 1757 9149 9554 4954 6770 7521 313 6442 1863 1491 8362 8100 6894 6013 8498 1119 35 6754 6914 4620 6966 8568 4779 7425 8304 41 3881 9280 9063 3100 8810 6316 1236 6744
6250 677 8044 4600 1295 8269 583 2340 9945 480 326 4603 4554 837 8488 6128 9521 6230 4296 4417 8905 5286 9475 4397 7754 4494 5013 7601 8965 678 9737 0 1636 5876 4495 6803 9107 1004 9780 1267 5163 7254 3533 3465 5172 8851 6450 8336 3384 4418 5861 1874 9400 702 4672 3366 7993 9948 9988 7785 2127 1616 8479 5366 5133 1131 3648 3698 566 5987 6194 3388 9972 3289 6694 5480 6225 681 8570 3815 3270 4711 9544 4057 8412 2461 6164 1420 8413 1023 9404 6554 8452 6249 5839 6758 9467 7499 9719 4903 6022 6794 1814 6263 753 8468 9091 2652 2592 8678 9746 8819 14 7560 2956 753 8698 612 6549 397 1992 3984 6081 3854 450 7332 2588 9529 3032 3094 6572 7899 6052 5771 1226 6093 9136 9009 492 6878 8397 7324 6691 9344 8290 3238 595 5994 1156 8265
5521 2835 1868 314 701 8112 5382 5518 6482 6449 9687 7211 3782 1163 9299 7605 1821 32 6836 5149 4715 9797 2313 4220 8459 7552 5860 1181 1871 640 3328 1636 0 1737 8970 9806 5659 9466 2614 553 5963 4658 4575 3220 8675 9056 9971 4010 7649 6043 1414 5561 3393 2845 7806 6728 5758 428 2858 7280 8484 5885 4363 2191 5070 3613 1959 5420 5504 5645 1892 330 8633 6276 9884 2578 5065 4026 2266 2785 1558 1598 6925 8984 3763 2991 5904 2625 743 8498 6367 759 2883 6713 307 2901 2662 4684 3364 8103 1701 6372 8347 535 3526 7622 996 2437 8076 8581 6490 7960 2657 7948 9798 8685 445 6953 7334 4845 7536 3229 782 4383 8140 9370 7600 1804 9167 8187 3639 9776 8886 5155 8244 9322 1910 6970 1980 4715 4907 8838 1238 7996 6101 9598 2157 315 4005 9884
7954 1914 7027 5797 7784 3517 641 1993 1411 6174 7060 6411 2916 5711 2320 521 8702 9397 9053 6161 6008 9673 1885 9831 1838 5017 3318 9686 5461 8247 348 5876 1737 0 2337 4743 6900 7556 9450 6733 5758 2570 2508 7443 8389 4625 1 6893 6087 1272 6081 8185 5583 7233 7980 6902 6172 6534 2779 9541 4836 9517 3518 907 677 5508 3711 5751 4040 5117 5220 4422 4698 5095 6517 7634 6663 7602 3496 551 6404 3993 6752 3677 4623 4619 6440 4963 8421 1090 6187 7919 4121 530 7878 9624 8924 6105 564 1903 9063 371 7734 3611 320 2119 6269 6792 5410 1724 7603 4478 7655 3923 3 4690 5166 216 7646 2093 5148 9523 6890 3109 3314 5618 160 5680 7238 3066 9136 6965 6811 5179 225 761 8679 3148 2487 4649 332 2488 7870 2929 9316 1418 7789 1933 6304 3483
6057 8799 1416 2654 6161 6109 2935 9020 2402 9309 7841 9492 9411 1779 3600 2830 8162 4047 3574 7064 1237 2349 2661 6154 4817 5991 8406 3113 7119 5108 854 4495 8970 2337 0 6533 3103 7149 2414 5759 4031 2564 7155 1412 2993 5859 7368 3220 6486 4704 8686 8532 2708 6016 4635 6656 5787 8079 1903 1771 42 3335 1380 8362 6535 8509 6914 8363 5553 3585 2943 1249 2237 1651 1963 6811 6905 2962 96 7155 9458 7030 7288 680 6589 447 9387 3587 1290 597 3833 6746 4973 9245 5022 2895 7813 4277 3072 2843 6483 3992 8656 517 504 3414 9091 2080 9808 885 5651 4665 3773 4876 17 5790 9020 3555 8035 4282 8164 7213 6687 7755 2260 5925 9303 4252 1772 687 419 8528 8682 2313 5124 4775 3264 287 7920 8335 1908 1340 4619 6254 8777 704 4452 458 2278 3545
9346 9859 7320 8960 6835 4270 368 4166 3721 6080 7004 3069 7932 2321 4469 1614 6151 5948 2332 7861 9484 1326 6778 1674 8299 5089 6237 6427 9010 278 1400 6803 9806 4743 6533 0 909 539 4972 8467 3288 9757 1653 6943 6297 162 1311 310 5824 8304 7718 9947 9633 3657 6177 5508 5136 4988 2289 3925 5685 6997 1356 8034 4378 6029 1210 318 457 8404 9064 7301 2441 5580 5010 1616 8644 8518 4521 65 2356 8058 3879 4112 4518 5902 4138 7192 9211 4160 9400 4380 6599 9519 7215 8829 7302 1136 1503 4191 8200 9236 4134 2874 7513 941 4950 7794 9294 2690 6148 4650 7382 6031 1116 7018 7841 7896 5571 2124 7437 1713 545 5467 9971 4510 8864 9676 6128 3585 1482 4749 3850 8755 7211 1619 4559 5149 3626 8942 597 8995 9620 8146 7610 5477 452 7026 4798 7396
4278 9327 7980 5025 5153 1149 8172 1611 9728 9040 3626 8368 8055 1079 4170 1506 8525 4860 5175 2565 3780 6464 5981 7669 538 1896 9523 5614 1230 2424 8450 9107 5659 6900 3103 909 0 9050 7946 7495 7537 2789 5607 2306 9009 4585 4269 7126 818 2759 8958 2386 142 1574 2350 8574 7332 2426 6415 6660 5351 2523 7437 1550 610 7646 8399 1888 4809 6619 5868 8164 1833 4807 9798 4406 2134 2939 446 624 7508 7572 822 5596 4054 7918 2451 8388 2488 8463 5296 4694 4568 8549 3716 3149 5457 5718 446 9879 6863 9357 2824 2545 9202 2702 2692 8635 9165 9066 7985 3534 609 295 9842 6841 9954 7990 7055 2228 8802 8697 1906 5369 9834 5916 9767 2911 943 2967 1263 1453 3539 3916 6327 944 9552 6814 2716 6426 3331 8646 4165 3473 2522 7 603 719 7319 3349
3492 2047 7657 4458 9104 1481 8472 2280 6075 4222 2192 236 5123 5674 473 3068 2087 3152 463 1973 8722 7029 9293 5706 9997 7146 4224 1512 9760 3155 3710 1004 9466 7556 7149 539 9050 0 4506 699 2438 887 1091 1053 6654 699 6052 1655 1073 5445 2619 1956 6658 8023 7892 6608 3453 8427 1157 4096 9896 6075 6123 3243 8674 427 7964 8789 348 932 2147 8342 2221 9307 7785 6182 8945 5582 9695 2448 2537 3153 3646 689 9992 5328 8289 42 4823 8089 6615 7985 373 6795 7515 9461 8281 841 1664 6680 2453 7740 7855 6302 5744 9460 4425 8530 6636 1681 9410 4162 1767 4290 822 1054 2231 4496 2953 1001 6853 5173 2322 1581 2284 5928 4854 4102 2222 1474 2367 1678 1312 9097 5296 6118 4001 7443 193 9614 5955 3896 9120 1220 9809 1952 7179 534 4255 8117
4590 5303 2225 1701 6203 6813 3209 3955 8137 5627 2502 989 5431 7778 6509 4627 4303 2804 8340 9863 3758 418 1482 3939 8918 8923 9570 1706 9135 6650 1550 9780 2614 9450 2414 4972 7946 4506 0 7224 5012 2254 342 411 9213 7131 2470 2398 8705 9881 6296 6990 7822 5498 4717 2981 6666 5323 8069 6604 7534 4556 1775 1475 9510 264 4853 7551 9007 2924 5825 5839 3278 6468 5829 7922 2976 3950 6691 1794 2347 7284 1485 2484 1386 2274 9085 8368 8720 6071 2141 8887 6607 2348 2575 3517 1849 8087 4529 8320 2316 308 5765 2063 5805 8315 4899 7517 6587 2305 2851 9016 6792 6384 5922 2178 716 6831 5923 3166 7269 390 749 3844 2882 9821 7480 5217 5087 8359 4877 8345 7127 2578 3547 6210 8561 4530 4455 1757 9847 2276 178 2249 650 9169 1228 8654 8251 5799
6575 3284 9131 1330 7411 655 8980 6971 5793 9 7412 713 6762 7174 4649 9748 5093 7763 8703 680 3149 833 3749 1887 3207 6062 5432 8672 3336 7883 8641 1267 553 6733 5759 8467 7495 699 7224 0 5028 2408 9935 3571 3284 504 131 6278 5678 4023 8522 6080 6282 2933 1808 5745 1767 5367 4252 5673 6453 9050 2775 5983 5985 8639 5306 278 1460 2378 4879 3481 8505 7700 1139 4597 9831 3148 6181 3984 9253 8394 2557 3968 6529 4116 6725 8867 6621 9139 3116 3543 7442 8203 5170 8905 1570 337 771 8448 5855 5743 9403 6505 8784 4672 6803 8595 5177 7848 5963 9163 887 1655 3848 5146 9183 7063 6459 8456 5081 3678 7690 9198 5933 9168 9224 4143 8138 6750 2945 54 588 4333 7458 8782 9756 6139 8803 3689 3129 718 3410 530 8115 7827 8713 759 7308 4688
9726 5725 3551 7513 7125 4350 7078 2421 5637 7275 2317 7576 5907 9816 7215 4798 8825 2837 8431 7981 1605 1052 404 8997 1793 9264 7164 7926 2825 1133 6233 5163 5963 5758 4031 3288 7537 2438 5012 5028 0 5665 3740 4571 6803 5098 6633 1442 4588 2109 7531 3353 8977 4335 9729 5583 6375 4599 3421 4164 3680 7772 6920 9141 260 6152 6716 5339 3933 5893 3686 8299 4952 2 3803 3437 8950 4041 1084 910 4896 9253 7035 2948 8850 9112 4953 640 5157 7533 1491 2410 8267 1259 8666 9194 7172 8570 7060 8769 6673 4037 7601 8978 8389 6082 1356 1026 9852 203 3162 3321 5871 6994 9236 8680 5348 6109 5506 9556 9913 5108 5717 2300 1654 7687 2220 5857 6096 9723 4532 595 4188 7090 6070 3181 7772 756 846 3758 7049 5876 4948 9672 7198 7264 3456 5319 4894 5565
8821 4590 6573 6859 6287 1363 8683 3973 2438 6079 2164 6609 685 1801 3332 7618 4781 2488 7620 1858 4430 5807 3866 4125 5908 5893 4599 3367 7499 4156 2690 7254 4658 2570 2564 9757 2789 887 2254 2408 5665 0 2911 2680 296 7869 6190 1020 3955 3575 7336 2351 3885 9796 8627 6752 8283 9184 3821 3309 7942 5215 4406 5815 5945 2173 6762 8800 7080 3828 3063 9259 4241 1626 4153 5657 5236 2269 2757 8 816 1913 579 4965 2274 3524 3408 3586 9749 9333 4041 2497 8843 9054 7589 7686 2663 8633 8440 996 5507 4878 7819 283 3028 2503 6072 1013 1455 6113 1238 5277 1023 9810 8650 3863 8542 758 5350 2497 2062 803 6289 3313 4203 4729 2568 8871 8901 599 7910 7337 16 7720 4795 3327 1289 6036 208 4107 5542 9458 4258 9816 1697 594 4011 9124 5292 4595
469 4982 5903 3259 7844 2468 7995 460 5348 6696 2131 1499 9240 6069 2938 637 4552 6093 7569 5100 7983 1391 829 5976 3908 9499 7838 3881 6922 5461 6794 3533 4575 2508 7155 1653 5607 1091 342 9935 3740 2911 0 2795 7155 4299 2334 6288 5122 8373 2988 6463 4339 4234 380 2986 3511 3594 6453 622 4698 1453 8335 1020 6377 294 2510 6367 3302 2898 6028 2371 528 4465 4634 8659 6006 3727 9547 7640 7906 2884 5143 8493 4410 8392 8297 3572 2661 403 2376 8413 9596 7882 1395 7415 8191 4937 835 7793 6940 9617 261 7485 5048 9207 5047 4743 7867 2553 783 5168 1008 3767 177 4539 5458 4538 9736 8988 7857 4858 6012 1348 599 8851 3062 9752 2741 5129 5104 2827 4204 502 9926 5028 1896 8533 7529 5497 465 3746 3476 8086 1208 2536 7796 4605 7421 7826
5318 3100 7912 6249 5032 5529 1364 3824 9469 4444 8616 6683 1064 6618 9206 9732 8161 5765 5620 1028 8691 1940 3768 1636 5984 4906 6364 4675 2133 4832 2585 3465 3220 7443 1412 6943 2306 1053 411 3571 4571 2680 2795 0 5707 1909 8014 4373 3255 6894 4543 3782 7245 8831 9284 4300 7187 4430 5017 8240 949 3656 3667 8578 4643 1434 9489 1619 7461 3565 2897 9537 4914 2193 4288 9853 2807 195 4370 2425 7102 536 3709 1684 3898 5728 157 3853 5859 3059 9019 7471 9960 4563 52 694 4664 2045 8305 7941 6420 6761 2803 4130 8788 4446 6551 1340 3763 2819 2098 6192 8690 4521 5484 2017 6631 5255 3885 6522 5544 9673 129 5119 5994 8976 2001 6139 6457 4351 3123 2601 2512 4935 6455 8892 2094 9950 6992 7002 1608 4772 3407 2592 6518 5271 8118 507 8960 7647
5042 2321 2734 3857 2191 2693 6928 4507 8837 8421 504 8057 4158 1688 781 1422 11 3689 2573 1109 6969 5142 9791 2681 7202 9703 7758 7285 7834 1055 8047 5172 8675 8389 2993 6297 9009 6654 9213 3284 6803 296 7155 5707 0 3880 5450 251 6275 7600 1668 7074 6197 5526 7143 7370 8890 8788 4576 2734 2317 6926 4950 9205 5551 1613 8197 3299 217 3780 6140 6746 1022 5423 7946 4175 5765 1212 6711 9397 9062 6554 2221 7313 1422 9558 5015 3664 6003 323 6702 8812 8146 3298 1690 8750 6303 2544 5070 2355 199 3862 3297 3449 3206 8895 8516 9747 484 5680 7053 6477 5562 9644 5772 9784 9580 4802 3562 1852 2321 3706 447 4297 1494 4671 3040 3111 6632 2564 5262 1958 8953 7312 30 5508 6870 5234 1696 497 3825 431 154 9176 90 8516 4059 583 6249 3703
4990 2858 3185 2584 1624 8640 8322 6230 2767 4744 9749 2345 3669 2809 9584 1761 5040 6567 2165 271 7618 9716 3253 8758 3700 1635 859 5329 9732 4857 5292 8851 9056 4625 5859 162 4585 699 7131 504 5098 7869 4299 1909 3880 0 77 5821 8418 4891 9463 1564 9924 2974 9405 1887 8369 9809 2165 9273 3406 5166 4989 5285 4549 6667 7568 1964 8542 7604 8328 5518 2062 2351 5664 8352 5843 3413 3363 7586 4880 4347 2445 4676 7337 6000 3641 3520 894 5383 9746 8835 5860 319 9317 4691 2215 8936 33 9827 5360 6505 6982 102 8671 4192 8764 9201 681 3947 7627 9867 6044 6866 7627 7862 6681 7322 8166 9716 7090 5071 3386 4529 8430 7603 6773 7978 2985 2101 3649 5676 854 4018 8919 9170 8427 657 501 1144 6969 5805 5607 4830 9329 593 7092 7887 2501 3840
6873 4696 3661 3533 3469 3350 8735 2808 4885 3033 8680 5443 5617 3272 7614 4 7966 3719 7517 7131 5012 9160 8217 3949 6217 7370 9358 4961 7484 5370 3605 6450 9971 1 7368 1311 4269 6052 2470 131 6633 6190 2334 8014 5450 77 0 3051 3689 6757 9935 3345 3697 5431 1968 354 9729 6479 3171 8670 3703 9833 3424 8764 1948 6544 1076 2750 214 1490 6315 784 867 3623 3334 3236 6631 1593 8870 7871 3812 9770 3352 9553 9297 8382 128 8086 7233 1600 8938 5399 1824 3654 3428 8323 9075 9681 3611 4493 5427 1687 5862 7902 7459 6434 9110 4289 3887 78 5497 7204 8515 8930 1876 9538 1858 1698 8900 6040 8998 1504 7036 8943 7551 7455 479 5472 8805 6060 1852 226 6383 962 6968 1207 2563 7890 6766 8417 254 1984 2950 7864 4458 8920 334 4765 7944 3864
4319 8245 1284 5253 7774 4354 5966 7514 959 4579 8987 2518 1060 1734 7254 9228 7439 1407 819 8196 4479 9862 1086 5191 7946 1963 8839 8927 3215 4937 1912 8336 4010 6893 3220 310 7126 1655 2398 6278 1442 1020 6288 4373 251 5821 3051 0 8912 870 8624 9279 9646 2082 3428 892 1994 9582 4296 1171 7571 9497 4010 5084 2890 6411 8720 1622 1255 6206 137 4274 2540 8469 7619 3634 2641 4766 2375 1465 3643 2572 7599 3142 762 6266 5000 1778 8994 7135 8697 7069 6978 2470 325 4432 3847 5549 8367 1061 128 84 2067 3501 3158 9129 9634 130 956 8028 6477 1653 6687 4764 6059 6515 8330 5233 2327 9880 8912 9470 7894 6679 1351 9139 1851 8471 9871 4088 3997 7676 9656 1065 3830 3245 4549 220 4763 2287 1662 4816 8687 283 8684 1903 8176 673 191 8651
5614 6327 5394 6664 7950 7388 2620 3581 2305 6920 8468 7574 7565 4913 3780 8341 311 6978 6348 4148 918 5197 8195 2351 7192 4258 350 6876 3386 452 3095 3384 7649 6087 6486 5824 818 1073 8705 5678 4588 3955 5122 3255 6275 8418 3689 8912 0 6131 8311 9360 5023 2507 4667 3362 2805 4587 4773 7524 4084 5623 4491 8569 1296 297 2041 4331 7898 3416 9523 1340 9265 1828 1297 6220 1638 2579 8549 2905 3745 4207 2883 2738 3339 5955 9404 3430 1782 6247 3485 2898 7972 2607 5990 8056 2749 2589 4196 4486 2065 6072 6572 3893 846 5321 3990 7595 5258 2109 9190 7635 7629 2606 3855 1180 4271 8065 6993 1228 4922 4793 7057 9210 6864 1876 8505 8468 3836 2956 4408 8341 9975 885 3844 9594 6758 9717 4310 1976 7007 4180 3890 7403 9664 3303 1418 5842 1454 4029
8639 9083 1801 6944 1683 157 8273 838 5332 3008 3291 7136 9654 996 3623 8945 476 2491 4848 6267 591 2979 760 1741 1838 6918 9126 5851 4982 1015 4607 4418 6043 1272 4704 8304 2759 5445 9881 4023 2109 3575 8373 6894 7600 4891 6757 870 6131 0 1870 8240 7829 8782 9644 7425 1072 7643 6682 2374 4772 1572 7502 1214 6287 4858 3163 3250 3225 2740 4991 4669 4021 847 3098 1955 9462 7400 4547 2878 220 7750 7545 1967 39 7623 3573 3968 5223 6627 1620 7200 5670 5682 1202 6600 5599 8211 853 9353 9939 3652 4488 4129 993 8926 3028 2646 8789 8776 4147 6913 1943 1661 3587 2785 7915 4126 3070 282 7561 3003 4139 4393 9320 2990 5307 5907 2059 5390 8189 4615 4215 1938 6549 9253 1806 8324 5990 604 5030 8628 1317 1569 937 8801 520 2877 7490 249
7489 2448 2399 73 7935 7133 8479 5022 52 7978 8821 2201 1318 366 7730 7252 962 3542 7339 8527 680 1393 558 1405 9422 6952 7817 461 9249 8046 8912 5861 1414 6081 8686 7718 8958 2619 6296 8522 7531 7336 2988 4543 1668 9463 9935 8624 8311 1870 0 7079 9993 4639 6417 802 4779 455 1790 2091 313 7133 7082 8736 8995 366 3079 8344 3939 9965 2955 4944 7938 6401 4181 7896 611 1836 5255 7106 766 9231 1624 1079 8105 3748 2608 5520 3802 5541 2888 1900 5374 4139 4986 5320 711 7361 7516 1594 660 19 6471 5864 392 3114 2487 7466 1817 4490 2785 8445 8028 155 2599 9485 4515 418 5574 9459 1442 3117 6393 1075 9888 2681 8905 1668 3600 4123 725 4102 1114 9432 6492 8390 2166 6445 6154 1407 2316 3412 7357 9834 1663 9271 5945 2523 5776 4406
925 874 8692 986 744 2981 4765 7445 3493 4690 2851 1415 2499 2393 4604 8534 2006 4192 1621 7554 2438 5472 911 2882 1109 8291 3213 7913 9203 5773 2828 1874 5561 8185 8532 9947 2386 1956 6990 6080 3353 2351 6463 3782 7074 1564 3345 9279 9360 8240 7079 0 7786 4518 4002 5291 2031 7658 8365 9149 1724 7488 3497 7270 5522 5940 3688 657 2812 7321 5374 8923 5920 7284 5780 1310 986 2223 7029 4656 3461 1964 6436 9119 9973 2997 6167 8134 1250 6279 8492 761 1660 1456 4273 3454 5201 8370 9751 467 5648 4660 6509 6298 3791 7553 6714 501 7480 77 6841 7169 3160 160 2500 9573 353 1281 4097 136 6533 1164 6603 2078 9951 741 3214 3657 9741 121 3128 2821 2805 7431 2459 216 963 5227 861 704 3095 7622 400 7180 51 2055 3143 5706 1619 8152
7762 6288 6631 1894 9731 9513 3268 7847 9524 2778 6735 1024 1177 7460 5196 4180 2169 1131 2621 1302 1560 2947 5513 9631 9005 3647 8880 609 400 2466 4444 9400 3393 5583 2708 9633 142 6658 7822 6282 8977 3885 4339 7245 6197 9924 3697 9646 5023 7829 9993 7786 0 1704 8564 8750 8831 419 4462 40 8376 3170 6042 5494 2295 8875 8553 8033 1640 3964 722 910 4826 5877 7848 565 7279 2057 7547 8992 3 5935 705 3407 7140 5310 4059 3067 4626 9211 6367 7520 4863 3752 7037 181 7779 6264 1633 8858 795 9338 6658 1013 2596 1438 4255 1591 4541 455 4248 3047 2461 7448 1833 7450 1488 2250 1109 7710 764 5109 7939 1178 3462 3115 4430 1465 2552 7639 4485 3707 6006 1771 5107 2337 1278 1928 6924 2520 1793 340 2809 7002 999 6524 6949 6868 2607 5520
5533 8246 7405 227 1903 6322 820 9465 9622 3217 1256 2306 7991 4733 6633 3028 9846 8917 9702 1596 3289 1152 8002 6906 8593 7948 1544 2727 477 8504 9804 702 2845 7233 6016 3657 1574 8023 5498 2933 4335 9796 4234 8831 5526 2974 5431 2082 2507 8782 4639 4518 1704 0 8456 4077 7888 1902 2128 4243 5684 1845 7731 5943 4468 8280 2212 9633 3662 2411 4443 5044 2183 1180 5963 1830 8442 3864 1172 6331 8692 4503 6889 5853 9090 8315 8508 2937 6646 4829 6712 1680 1751 2754 3097 8478 8203 6345 9985 2164 4727 865 185 6496 25 1673 9121 7528 6155 1482 1433 4299 7364 62 5174 2528 1480 6687 7961 906 9158 2801 9672 3730 9948 8270 5811 6742 4379 8536 1960 6892 7265 8110 9862 1852 7108 4021 6784 6550 1799 7877 2045 3923 5184 3561 1283 4300 453 1306
