50
0 8130 8997 5693 514 8953 381 3510 9113 8023 7436 7023 7684 7991 5114 8668 4575 648 2608 9037 9805 8758 4225 7020 1992 4772 8716 4142 2708 8652 261 8354 9403 781 2240 8728 9373 5324 6586 2840 8105 1490 5717 5032 6989 2636 8593 1559 451 8507
8130 0 682 3970 4958 2949 8187 1716 1569 8946 7019 9039 2292 5494 5642 1857 354 500 3293 8932 7716 6639 4649 5450 5037 9433 8499 4540 8637 6633 9075 5817 6587 9407 7977 8307 2830 5721 9055 889 252 3323 9811 6544 8309 6618 630 9629 2570 6224
8997 682 0 7781 3278 1487 4073 4178 6497 6941 8887 3048 4467 3918 950 2196 5591 8556 4297 6591 3938 4239 8601 3237 2720 4377 4520 4758 800 4474 7146 5768 1279 3807 5361 6288 3386 9351 6621 3213 5561 86 8535 5442 3164 3501 7665 585 261 3989
5693 3970 7781 0 6412 5795 8875 8865 7357 107 8267 8125 1868 4624 9847 1371 7571 227 2114 4775 7517 1444 2762 3202 7282 3458 2241 4362 1667 3430 7268 1104 9896 8709 2119 6149 6091 3907 1356 7046 587 5916 9950 5100 6555 1022 6877 6636 8720 6272
514 4958 3278 6412 0 3042 1578 9639 6343 1952 3846 2742 2129 6849 4826 67 6282 961 2382 9549 2422 7735 8599 2980 17 619 2020 528 4081 6298 1192 5518 4919 7089 5268 2237 7616 4054 3648 6289 9151 8241 7295 149 5807 9379 8411 3769 5530 5525
8953 2949 1487 5795 3042 0 5803 1808 4281 4555 9307 9824 2381 2520 2663 3841 6008 1405 9897 2412 9986 3542 5261 8746 6095 2279 190 1479 7597 3855 9061 3654 3495 1154 2791 1163 8983 1565 2415 5955 9498 8383 716 9684 4581 2965 3685 2631 5268 4040
381 8187 4073 8875 1578 5803 0 4844 4995 3671 5634 7256 9681 9216 9112 5726 4582 5845 444 9369 5125 8618 3440 5533 6701 9814 9992 719 8414 8907 5532 5054 7113 829 267 1382 1857 7715 6513 9829 6216 1359 988 1931 95 6957 2566 2126 8120 4938
3510 1716 4178 8865 9639 1808 4844 0 858 8840 6670 1506 5283 3992 9744 968 4802 1487 9491 5041 5698 4018 3050 7862 4287 5274 3495 4862 1414 3720 7401 1708 160 3654 6298 4574 2086 8206 5165 9413 2690 9149 573 2375 8913 8305 8548 3861 8344 8969
9113 1569 6497 7357 6343 4281 4995 858 0 7045 4883 4282 3101 3494 3163 8091 246 4112 387 9044 8185 599 2182 7218 326 3687 7430 3651 3486 2326 7774 9583 8468 5598 340 4644 5964 4832 604 4583 6843 6017 9783 3360 1090 4063 3336 2941 858 7353
8023 8946 6941 107 1952 4555 3671 8840 7045 0 5197 4500 2921 5298 6748 3272 2610 6242 7720 4131 2012 9858 6340 3746 5601 4388 9887 1389 9410 6720 5363 3278 5248 9409 5228 2045 1990 9715 2535 7920 3542 5915 3886 3480 6491 6078 5409 3257 9656 9075
7436 7019 8887 8267 3846 9307 5634 6670 4883 5197 0 5808 7311 1241 6080 7467 7679 1713 1809 122 1755 7697 574 4175 9988 3267 2316 9394 348 1651 2984 1213 4872 7231 3209 5247 8215 6115 8952 7758 8793 9360 5200 3200 9424 2250 4039 1057 5875 177
7023 9039 3048 8125 2742 9824 7256 1506 4282 4500 5808 0 3599 9850 1875 7295 3071 2293 1896 4533 6359 5392 6412 9627 7874 7933 7548 2757 661 3115 6803 8855 5133 4417 4675 3066 3576 471 348 7087 6769 2862 4272 2897 6694 5024 9946 6088 8479 8611
7684 2292 4467 1868 2129 2381 9681 5283 3101 2921 7311 3599 0 4140 8044 6624 2901 6071 2947 7212 1072 808 5012 9367 9878 7088 4359 1186 5598 9354 2190 2535 7041 65 5310 6062 1214 5217 1875 407 3593 553 4495 6133 1219 7180 388 9379 8901 3041
7991 5494 3918 4624 6849 2520 9216 3992 3494 5298 1241 9850 4140 0 3633 8296 362 6585 1925 7913 3825 2417 305 3728 6827 8317 3690 9472 989 674 2522 8946 3909 3193 3522 8700 9184 5737 5856 8172 8382 50 7164 5415 8053 7222 7108 3791 2395 8014
5114 5642 950 9847 4826 2663 9112 9744 3163 6748 6080 1875 8044 3633 0 2846 4856 6485 9209 972 5088 4051 2415 8771 3292 6894 1033 8375 5846 9155 3364 1229 6416 7150 9642 9216 9722 5410 4646 3159 784 981 257 3757 6918 3064 644 3839 6398 927
8668 1857 2196 1371 67 3841 5726 968 8091 3272 7467 7295 6624 8296 2846 0 5789 2430 1542 6367 49 4282 5607 8992 9829 3998 2174 8340 5314 1867 2052 7230 3637 6313 3720 5283 514 9997 2940 1810 8955 2889 6364 7772 8141 4563 3544 2118 2310 710
4575 354 5591 7571 6282 6008 4582 4802 246 2610 7679 3071 2901 362 4856 5789 0 701 7012 2202 469 2117 1557 2438 5647 8394 733 5969 6848 925 869 2442 7860 6159 5747 7451 1114 5806 9607 9380 6823 9119 1238 8192 4437 9322 4212 5250 4908 8513
648 500 8556 227 961 1405 5845 1487 4112 6242 1713 2293 6071 6585 6485 2430 701 0 1521 3869 4298 9583 6798 8164 4051 5315 8913 2916 2989 8196 8240 6708 6680 6860 5585 8507 7695 2119 2800 1950 3008 7998 2649 258 4057 7121 2099 8210 3259 6294
2608 3293 4297 2114 2382 9897 444 9491 387 7720 1809 1896 2947 1925 9209 1542 7012 1521 0 5987 5867 4274 4589 8355 4292 32 5862 7203 5093 4722 5116 249 278 9853 8419 6232 675 7292 1450 7159 8897 3641 9563 8952 8640 2302 1657 7439 6164 7286
9037 8932 6591 4775 9549 2412 9369 5041 9044 4131 122 4533 7212 7913 972 6367 2202 3869 5987 0 3122 426 376 9728 2227 9491 9881 8655 6256 6166 6003 8694 341 6848 113 3356 500 1729 7520 5919 4280 9845 4330 6532 1128 3427 4261 2997 1376 1547
9805 7716 3938 7517 2422 9986 5125 5698 8185 2012 1755 6359 1072 3825 5088 49 469 4298 5867 3122 0 6435 2503 7439 7233 6618 2285 4725 1681 3568 1195 4288 5887 2688 3791 6281 6466 8179 72 5304 3065 3156 7885 2625 5697 2051 9968 691 6084 2479
8758 6639 4239 1444 7735 3542 8618 4018 599 9858 7697 5392 808 2417 4051 4282 2117 9583 4274 426 6435 0 8357 7410 3736 5407 3946 8594 6033 3067 6877 7246 3006 5520 5921 5498 5021 3799 9930 15 5433 9688 5938 8350 4115 5270 1501 3017 3030 8961
4225 4649 8601 2762 8599 5261 3440 3050 2182 6340 574 6412 5012 305 2415 5607 1557 6798 4589 376 2503 8357 0 9321 7837 5425 9655 1084 2454 7759 7019 4935 593 3645 5074 4640 5036 3264 6482 7970 7837 9274 7990 5579 3018 2344 2236 5331 842 6540
7020 5450 3237 3202 2980 8746 5533 7862 7218 3746 4175 9627 9367 3728 8771 8992 2438 8164 8355 9728 7439 7410 9321 0 6447 5996 4432 127 6931 6420 5679 5402 8561 2852 3619 7779 9063 9210 6772 8755 7561 4086 5995 3401 5127 8401 3500 3829 9317 1324
1992 5037 2720 7282 17 6095 6701 4287 326 5601 9988 7874 9878 6827 3292 9829 5647 4051 4292 2227 7233 3736 7837 6447 0 8159 8644 8670 8855 7822 9215 5583 5076 5443 8333 7283 8964 8410 9555 8983 5188 8337 9971 9535 1128 7387 7527 3871 9351 8221
4772 9433 4377 3458 619 2279 9814 5274 3687 4388 3267 7933 7088 8317 6894 3998 8394 5315 32 9491 6618 5407 5425 5996 8159 0 1227 7852 7914 5673 6295 5032 748 8784 5493 7816 9474 8467 6813 5262 9134 9579 8713 4150 1731 431 33 1807 8498 9980
8716 8499 4520 2241 2020 190 9992 3495 7430 9887 2316 7548 4359 3690 1033 2174 733 8913 5862 9881 2285 3946 9655 4432 8644 1227 0 4575 3174 1658 5323 8518 798 2604 4284 5426 5675 5916 7539 1533 9120 4228 759 9985 5806 2508 9931 2863 9111 6508
4142 4540 4758 4362 528 1479 719 4862 3651 1389 9394 2757 1186 9472 8375 8340 5969 2916 7203 8655 4725 8594 1084 127 8670 7852 4575 0 4474 3996 6974 1988 6025 2475 8252 5151 4955 5867 5942 4393 5085 8248 8145 9107 8743 5306 5711 3516 6659 4463
2708 8637 800 1667 4081 7597 8414 1414 3486 9410 348 661 5598 989 5846 5314 6848 2989 5093 6256 1681 6033 2454 6931 8855 7914 3174 4474 0 982 2840 3009 3864 6036 2547 2711 2200 2851 5703 8950 9454 4267 8136 2311 6447 7291 4987 7077 8709 6261
8652 6633 4474 3430 6298 3855 8907 3720 2326 6720 1651 3115 9354 674 9155 1867 925 8196 4722 6166 3568 3067 7759 6420 7822 5673 1658 3996 982 0 8806 3788 4788 4449 9619 7618 772 4851 3477 7482 8049 7598 9835 9588 141 6216 4605 3506 7437 7987
261 9075 7146 7268 1192 9061 5532 7401 7774 5363 2984 6803 2190 2522 3364 2052 869 8240 5116 6003 1195 6877 7019 5679 9215 6295 5323 6974 2840 8806 0 1953 5027 9945 1999 4343 2059 1908 315 2079 3192 4887 8295 4375 3033 7261 4250 1469 4703 1906
8354 5817 5768 1104 5518 3654 5054 1708 9583 3278 1213 8855 2535 8946 1229 7230 2442 6708 249 8694 4288 7246 4935 5402 5583 5032 8518 1988 3009 3788 1953 0 5743 1570 7341 6271 6788 5954 5954 1231 6825 155 9990 5415 6768 6430 1189 3406 8585 8873
9403 6587 1279 9896 4919 3495 7113 160 8468 5248 4872 5133 7041 3909 6416 3637 7860 6680 278 341 5887 3006 593 8561 5076 748 798 6025 3864 4788 5027 5743 0 5291 8819 2087 1454 1551 898 9260 443 3640 579 4081 6829 6809 3634 3808 4247 6120
781 9407 3807 8709 7089 1154 829 3654 5598 9409 7231 4417 65 3193 7150 6313 6159 6860 9853 6848 2688 5520 3645 2852 5443 8784 2604 2475 6036 4449 9945 1570 5291 0 8086 3473 6404 562 4995 2328 9404 2507 8468 6194 7903 1731 3308 8485 4485 6840
2240 7977 5361 2119 5268 2791 267 6298 340 5228 3209 4675 5310 3522 9642 3720 5747 5585 8419 113 3791 5921 5074 3619 8333 5493 4284 8252 2547 9619 1999 7341 8819 8086 0 9808 5846 6943 7306 8237 6539 9999 1116 12 1982 4477 1384 1399 8210 7915
8728 8307 6288 6149 2237 1163 1382 4574 4644 2045 5247 3066 6062 8700 9216 5283 7451 8507 6232 3356 6281 5498 4640 7779 7283 7816 5426 5151 2711 7618 4343 6271 2087 3473 9808 0 5922 1458 8174 1827 5529 8522 4043 28 769 9636 362 8249 65 8271
9373 2830 3386 6091 7616 8983 1857 2086 5964 1990 8215 3576 1214 9184 9722 514 1114 7695 675 500 6466 5021 5036 9063 8964 9474 5675 4955 2200 772 2059 6788 1454 6404 5846 5922 0 7274 287 4276 1014 5632 9666 5328 709 2563 4487 3737 9119 6252
5324 5721 9351 3907 4054 1565 7715 8206 4832 9715 6115 471 5217 5737 5410 9997 5806 2119 7292 1729 8179 3799 3264 9210 8410 8467 5916 5867 2851 4851 1908 5954 1551 562 6943 1458 7274 0 4476 5615 253 7915 3767 9086 2267 7335 7650 1358 1125 6340
6586 9055 6621 1356 3648 2415 6513 5165 604 2535 8952 348 1875 5856 4646 2940 9607 2800 1450 7520 72 9930 6482 6772 9555 6813 7539 5942 5703 3477 315 5954 898 4995 7306 8174 287 4476 0 3079 4600 992 3926 9032 6855 6830 9162 741 4044 8763
2840 889 3213 7046 6289 5955 9829 9413 4583 7920 7758 7087 407 8172 3159 1810 9380 1950 7159 5919 5304 15 7970 8755 8983 5262 1533 4393 8950 7482 2079 1231 9260 2328 8237 1827 4276 5615 3079 0 2535 1773 3940 2518 6988 2872 925 2609 7985 518
8105 252 5561 587 9151 9498 6216 2690 6843 3542 8793 6769 3593 8382 784 8955 6823 3008 8897 4280 3065 5433 7837 7561 5188 9134 9120 5085 9454 8049 3192 6825 443 9404 6539 5529 1014 253 4600 2535 0 4838 509 7575 2766 4459 5164 5655 5586 2253
1490 3323 86 5916 8241 8383 1359 9149 6017 5915 9360 2862 553 50 981 2889 9119 7998 3641 9845 3156 9688 9274 4086 8337 9579 4228 8248 4267 7598 4887 155 3640 2507 9999 8522 5632 7915 992 1773 4838 0 4978 8682 7670 8932 4506 2201 5952 6205
5717 9811 8535 9950 7295 716 988 573 9783 3886 5200 4272 4495 7164 257 6364 1238 2649 9563 4330 7885 5938 7990 5995 9971 8713 759 8145 8136 9835 8295 9990 579 8468 1116 4043 9666 3767 3926 3940 509 4978 0 63 5009 7091 1714 9726 5112 4216
5032 6544 5442 5100 149 9684 1931 2375 3360 3480 3200 2897 6133 5415 3757 7772 8192 258 8952 6532 2625 8350 5579 3401 9535 4150 9985 9107 2311 9588 4375 5415 4081 6194 12 28 5328 9086 9032 2518 7575 8682 63 0 3324 3684 6475 2424 5511 9605
6989 8309 3164 6555 5807 4581 95 8913 1090 6491 9424 6694 1219 8053 6918 8141 4437 4057 8640 1128 5697 4115 3018 5127 1128 1731 5806 8743 6447 141 3033 6768 6829 7903 1982 769 709 2267 6855 6988 2766 7670 5009 3324 0 8379 2456 5566 9866 4435
2636 6618 3501 1022 9379 2965 6957 8305 4063 6078 2250 5024 7180 7222 3064 4563 9322 7121 2302 3427 2051 5270 2344 8401 7387 431 2508 5306 7291 6216 7261 6430 6809 1731 4477 9636 2563 7335 6830 2872 4459 8932 7091 3684 8379 0 2121 8261 1492 6436
8593 630 7665 6877 8411 3685 2566 8548 3336 5409 4039 9946 388 7108 644 3544 4212 2099 1657 4261 9968 1501 2236 3500 7527 33 9931 5711 4987 4605 4250 1189 3634 3308 1384 362 4487 7650 9162 925 5164 4506 1714 6475 2456 2121 0 4022 2822 3926
1559 9629 585 6636 3769 2631 2126 3861 2941 3257 1057 6088 9379 3791 3839 2118 5250 8210 7439 2997 691 3017 5331 3829 3871 1807 2863 3516 7077 3506 1469 3406 3808 8485 1399 8249 3737 1358 741 2609 5655 2201 9726 2424 5566 8261 4022 0 8900 1563
451 2570 261 8720 5530 5268 8120 8344 858 9656 5875 8479 8901 2395 6398 2310 4908 3259 6164 1376 6084 3030 842 9317 9351 8498 9111 6659 8709 7437 4703 8585 4247 4485 8210 65 9119 1125 4044 7985 5586 5952 5112 5511 9866 1492 2822 8900 0 9085
8507 6224 3989 6272 5525 4040 4938 8969 7353 9075 177 8611 3041 8014 927 710 8513 6294 7286 1547 2479 8961 6540 1324 8221 9980 6508 4463 6261 7987 1906 8873 6120 6840 7915 8271 6252 6340 8763 518 2253 6205 4216 9605 4435 6436 3926 1563 9085 0
