200
0 8702 9026 9015 4481 9242 2717 9729 7799 8068 3835 1925 3674 1568 123 6325 3670 5731 2501 602 1640 578 945 8405 9756 809 579 4782 7159 4455 56 4250 9972 8861 4176 644 7355 779 3899 9918 2800 7341 259 6246 2458 9821 1034 9876 5137 5002 2879 7336 3935 3472 411 4727 3138 1481 6957 3152 3597 2747 6660 16 180 9512 7611 543 5972 1363 8450 7044 841 3480 2760 7601 939 5098 3289 7654 9837 3202 9987 4108 1527 3818 1655 1630 2376 4805 2015 6421 907 5357 999 3685 6980 2819 4643 8451 8834 6998 6417 7282 9375 6339 7679 3279 8288 729 4683 7950 110 9111 7665 9866 9391 6210 6020 3000 6678 6860 7464 5335 5821 7592 6625 6726 5442 3869 3320 4033 1860 6275 381 1397 3696 7916 6963 648 9531 917 4324 9406 1794 8337 9675 3323 5469 992 9867 3054 3663 6609 306 3467 9164 4342 8670 1614 1421 2511 2375 9428 5009 920 6000 9649 2381 4833 919 6639 8222 4932 2509 3487 333 3602 1617 4749 8702 1339 7514 4801 6751 4566 5270 4578 5032 8843 3302 7697 7217 4848 1460 6652 1516 6264 9203 3842
8702 0 6678 4418 9016 5458 3517 3733 1837 8488 2035 2028 7506 7427 4398 1244 2931 4075 5428 6544 7482 1861 452 9479 4466 4074 3842 1712 1849 4241 8851 4891 7834 37 5755 8541 3712 9238 1413 6552 1521 4672 9842 2805 9186 4433 3324 9421 5708 4368 2941 7666 7861 3580 3075 9687 3722 6315 5456 135 9723 9449 350 8875 8278 9407 568 8623 5420 3692 1898 7321 4377 8968 8843 5897 9038 7210 9146 6277 2454 6624 7491 5925 5327 6607 6614 5653 9066 4391 3043 5395 3610 53 8092 7815 2107 669 7045 4021 4969 3488 720 4050 7900 4352 5312 9884 3538 3345 9374 7606 3910 2823 8314 3181 2475 7249 1670 1875 775 8318 3953 4204 3378 6980 5708 4822 2899 7842 8652 3166 9918 3804 8417 9312 6593 480 2584 8495 7457 5991 4642 9499 4161 7946 3727 4384 133 4249 7293 2368 6466 9760 8241 4888 5392 6314 8084 9187 2421 347 8658 938 2621 7477 3846 8537 205 6744 5635 6971 9385 255 4102 2468 7447 8851 2229 2542 9450 8447 9467 1080 6111 7951 1257 2936 5108 325 1403 6091 6309 3259 7715 8228 2425 1601 1283 9711
9026 6678 0 5622 1453 3699 8254 1377 4451 7524 2185 9553 4409 474 3040 4088 8720 1088 4937 6144 9302 8810 9606 4621 6290 4807 9084 6837 1317 4790 4107 6736 8301 2029 9575 5422 8392 1726 2227 9594 2278 121 5535 7952 3734 8441 9298 3481 5865 737 4380 2701 6008 8068 9446 6889 4714 9970 4534 8023 87 7273 6434 3877 1773 1038 4069 3667 7240 3618 6040 468 4727 9328 3771 6340 3036 8814 43 645 7131 3449 3242 7765 8969 6305 7969 8510 939 9910 5643 6905 5304 4133 7551 1152 6144 3636 3762 6272 4722 630 2207 3061 6747 4332 5856 2229 3885 7749 3261 8920 9509 3591 5399 7728 2375 4532 4015 6811 4275 9580 8522 6410 1052 2544 6127 984 5173 2209 2077 9096 6567 7482 5123 1839 8681 7256 763 4846 4191 8569 5070 6615 1914 4202 2000 2783 6306 5142 6638 7375 4638 2056 7231 118 7540 7669 7066 7839 4016 7759 4658 7370 5864 3242 3639 7831 1419 5031 4709 6879 9584 6363 4183 7785 4195 7566 7225 2297 4126 3734 1827 2810 6698 8404 6722 9139 7083 8963 7523 5952 3505 1773 2683 6872 4856 7451 3597 4822
9015 4418 5622 0 4931 2929 5936 214 1560 1951 4052 9701 5572 2558 993 9044 4129 6743 174 5806 9382 1524 7940 4335 9661 2646 1672 3316 2480 5622 4008 5530 6237 386 7836 6995 989 6880 7074 6671 3100 4466 5893 4722 3309 4170 7241 9367 2265 2920 3140 2551 5704 9707 2752 881 1838 7967 9958 6484 6788 9627 7812 757 7857 226 9406 7116 1628 3839 5941 5484 640 8011 3330 3301 1715 7105 165 9856 8170 9494 792 5888 9294 341 7756 9343 5903 7219 2586 6495 7099 8385 1434 6656 5228 1997 5152 4808 1324 8860 7195 9852 7899 2644 9910 4052 3550 7887 7969 379 6889 2824 5980 4550 5335 3230 6542 7822 4770 4861 54 4863 1949 5211 1157 5022 9597 4859 5229 5050 5966 8102 4793 9914 6194 3683 2969 3717 6815 2999 4114 1367 3283 2515 1716 5149 7233 4986 1834 1311 8670 2811 229 5486 6522 4173 7955 6857 1749 5020 9697 2544 1103 9317 8280 8508 5457 3744 5902 9917 6989 8229 1613 3288 5786 4843 4578 9553 2381 63 372 4366 3978 7644 9292 4619 625 415 1905 423 920 5507 9330 9261 5790 6621 3903 3249
4481 9016 1453 4931 0 4691 1091 6412 2395 220 6779 1030 8539 7125 3289 429 3291 4823 7746 3912 996 7964 8063 4208 3425 2947 1639 8800 9965 8650 4279 885 3874 552 5610 5263 1254 3051 9231 4317 9860 5580 2040 3485 8532 1250 8421 2612 7944 5062 9920 4792 4785 3620 4386 8008 9178 1699 2548 478 6209 2909 574 7685 3729 1422 875 7091 8862 218 9419 4957 8998 2599 9881 5666 7566 2596 154 5227 7173 9394 4283 7755 4647 6694 5219 757 9984 8961 2166 4273 8628 8393 1055 3231 8615 1401 646 9134 1960 2804 6851 6998 2706 3897 5653 1888 6566 5424 8098 451 472 4910 3485 5483 5572 6020 2999 3518 9645 4114 7737 4188 3029 6278 9426 689 995 7699 9804 3824 5389 9585 3757 1069 5837 7458 1219 9323 5752 9549 8012 4593 8649 2719 3548 5401 1379 4922 1622 8115 8219 8265 6728 8333 6439 7077 8347 2129 4268 2751 5676 4192 2127 5121 2473 6717 547 899 9983 2004 7977 4534 26 5756 3617 8902 3768 8979 9805 2887 3700 6010 2028 4041 4100 2575 3039 2796 4783 3792 7493 4761 9228 889 4245 7856 1834 5545
9242 5458 3699 2929 4691 0 1571 4047 8996 583 1126 9395 3571 3687 6612 1933 7728 8704 7637 2558 7268 5275 7814 6475 4107 9503 9213 8988 4130 3391 4641 7200 1608 8452 6228 653 9974 6645 5707 9310 490 4661 8500 5616 4019 4290 3788 1233 6712 7086 5130 2647 7472 7568 5674 3292 4353 5867 1883 2167 808 8493 5769 3401 3575 2456 4411 8602 5838 7638 7799 3996 7233 55 8692 6394 2091 3055 8181 8281 7523 2548 5219 8792 8134 4561 7993 223 2745 6776 5420 8558 8234 5537 4712 2467 5837 1498 352 8823 5669 9052 5408 4799 2182 6244 3208 1499 2421 1 1780 8985 4779 4011 3888 6734 8541 708 6898 9141 3895 3604 6764 2346 5520 6421 114 209 2328 628 5252 9186 9404 8410 3557 1711 2317 9952 9322 7402 9910 6173 4901 4277 2353 6005 2287 3145 8391 4635 4924 2199 695 839 5269 9924 3780 101 1031 3771 8029 39 9408 3689 6288 4338 4143 8886 9108 8426 9528 2164 1703 7076 1118 9953 6383 2888 3376 3900 2112 1081 9019 8815 4154 3969 6107 302 4241 56 6569 9988 8314 5946 1948 4004 3644 7880 7703 6743
2717 3517 8254 5936 1091 1571 0 6164 716 5140 7479 8566 2283 2664 8313 8576 7604 664 186 8198 2690 7654 1313 8768 1498 6404 1639 3998 8578 4486 8913 885 3804 9319 6755 1388 9686 6883 7010 1996 475 9491 3567 8454 2234 7716 1025 5925 5383 6771 9169 7197 8763 5796 8449 3351 9397 436 5901 5134 3012 5635 814 7484 6147 7615 7569 4821 3150 6900 3722 3918 4079 6753 988 6648 4251 5767 9353 7834 1609 3070 1940 142 6447 2942 2802 8738 1695 4540 4977 475 9613 7251 6920 2995 2135 1763 3018 5679 800 4456 4523 9708 8208 5108 2122 2199 532 8056 8466 8008 55 8976 5973 2732 7779 6695 7010 1309 2316 6623 1531 5998 3678 2248 6031 8571 649 4908 9197 7382 2682 3841 2181 9387 5929 4925 1835 3516 754 3414 802 36 6918 6797 8338 3149 579 3651 8130 4900 3222 4504 8654 557 7882 8098 5104 2799 220 166 4083 5304 3274 3729 8174 5382 1689 3140 9497 2966 2270 4967 1845 6560 6014 9222 8493 3632 9279 3800 5505 2414 9276 7701 2585 197 2738 2684 263 2269 5648 7092 8446 415 8783 3950 9985 567
9729 3733 1377 214 6412 4047 6164 0 5678 697 1365 1925 5245 7875 5753 2222 7513 3173 5464 8261 1830 6926 6572 6123 3129 495 9386 2189 899 3288 8330 1099 4794 9643 1902 7386 7825 9185 4286 7817 1658 3076 2960 3396 6070 8264 9039 5193 4441 1028 7334 6518 394 6979 5212 6590 6971 293 3274 2977 3973 2845 9455 5528 9657 2777 5146 8474 7397 1669 9927 3823 3734 3984 2275 2102 1850 5458 8567 3723 2831 3000 2781 7451 7814 9865 6049 1673 2712 7941 3313 5819 5231 1712 739 5758 6368 2372 5882 9502 2615 9401 2189 9004 8126 1224 9610 4715 4768 3671 6949 9245 8395 2965 6054 9387 53 5801 5636 6251 1153 8155 3595 4009 1982 7679 658 3959 7453 4148 1346 5348 5012 5885 9225 6185 4457 4856 8885 1120 276 2186 6854 1645 4068 670 5312 4072 1201 4029 6354 790 1171 7997 3022 2672 8580 3832 8929 3113 2766 3888 9257 6685 5095 7594 1245 4956 2987 1243 967 3452 3483 8 3235 2320 4008 6889 9405 2217 6595 8751 3855 742 7135 2554 2209 310 7396 4417 2604 887 773 6595 4958 7170 9936 6802 9264 1750
7799 1837 4451 1560 2395 8996 716 5678 0 7138 8536 8249 1027 8513 2089 1512 8827 927 3376 5703 5490 2308 6400 569 3654 6954 1297 5063 151 9298 1515 5812 6531 8410 1366 7717 8629 4099 9053 9443 558 4585 878 6178 8738 9585 5066 923 6058 9951 7294 7795 2558 6591 1095 7895 4678 791 1094 4720 7011 624 9249 6428 5107 906 636 690 4131 4009 1761 7556 3475 8281 275 3867 3054 1630 7217 8207 149 5425 3668 241 4043 1966 4902 7822 7345 9900 2770 480 1233 2082 8363 1824 2459 975 2791 9405 7101 1821 1239 2455 383 4113 2059 9668 5650 9689 7440 6848 2548 9417 8977 5802 7118 3575 5749 9800 6554 3518 3818 9403 3668 6229 4203 4104 2799 5138 9580 3716 8353 331 8551 1751 5852 6090 7360 6602 3343 1817 5728 3263 9002 2471 6923 6200 6072 9119 8496 9509 7314 4344 2883 9195 6066 6963 2433 9546 1095 5289 8595 6188 9801 1852 7721 8578 1855 3529 5172 9911 734 9828 6544 2618 100 6206 9993 2879 2122 926 2145 4770 5558 252 9444 3692 9510 2066 7630 3023 4744 1693 8515 3297 9987 8272 5770 9137
8068 8488 7524 1951 220 583 5140 697 7138 0 4689 9603 4910 6324 1467 2664 7743 5095 3145 1109 7202 6023 9374 9624 5006 7688 1055 5190 5651 2035 3277 9444 6978 3420 5247 5027 9820 4476 7242 1352 6929 748 4246 5391 1784 5494 8801 5385 8127 3343 1474 8039 5289 1744 6635 3296 5798 766 1195 1507 6508 3737 450 4464 4450 1594 1334 2252 9450 433 2539 1733 2776 4770 7897 807 7915 5493 9186 4198 4968 7604 2367 9147 9412 8187 1232 8847 9355 8856 1146 1065 5783 5395 9352 6398 4183 4708 2631 8034 4960 2094 4853 9324 4584 3971 4951 2087 3315 2127 5530 8259 3079 2601 7943 498 5170 3098 613 1515 3882 3972 3389 183 2485 4660 6228 7427 5020 197 30 1996 2310 7595 2420 4210 5175 6697 8046 9864 9079 1424 8756 2082 1848 775 2351 2458 8376 460 5931 8310 3440 16 1128 8890 12 7288 2134 7999 7622 1478 8682 8546 2639 7235 8995 8779 7954 3523 7395 1618 8857 891 5113 8753 2021 2404 167 8406 3987 8429 9685 3952 2940 4985 5539 9059 5655 9782 2033 3841 8630 2488 1083 6725 7340 6432 7069 7810
3835 2035 2185 4052 6779 1126 7479 1365 8536 4689 0 4250 6653 1750 408 920 9425 7057 5422 3385 6061 6302 4239 1296 1014 305 6286 2687 4220 6085 2386 1609 938 4381 9049 9353 7328 3353 8320 3701 5648 8499 1619 8912 4492 4660 14 3764 4041 3671 1015 4110 9803 7027 9505 173 8 2306 516 8052 675 5988 1842 4034 6624 1828 5997 9791 435 9075 7137 3591 8983 804 9091 8405 4500 1085 1233 9698 454 774 4368 781 6193 1304 7567 7693 1026 4289 2378 8140 1563 2398 3556 7625 4445 3287 3212 3397 4966 8357 3777 8998 1720 2673 3967 774 6510 5069 3386 2888 9768 8932 1905 9547 1100 2886 5030 5309 650 4004 8940 6465 2975 3713 8242 3517 5085 8099 2080 3356 4019 7503 8812 4150 201 2717 5316 6875 9982 8061 4916 3845 8229 6898 9346 8307 9245 7069 1649 8475 638 3091 2256 8507 744 9433 6083 248 6534 2412 1968 9920 6164 9041 2084 4741 8274 3447 1450 4700 3961 4721 874 329 9197 2827 5499 7194 3128 6116 6330 5623 9112 2182 3874 9213 5762 5252 1238 3736 4111 7992 2036 7779 4432 3187 9795 1954
1925 2028 9553 9701 1030 9395 8566 1925 8249 9603 4250 0 8935 9020 3709 3748 9483 5034 4855 1784 1845 7463 6084 8129 8448 989 6718 7773 4735 2850 9919 4130 4530 3062 4288 1416 5623 299 1024 6048 5166 3100 9775 4087 117 455 7805 8570 9594 2299 3808 174 1527 8585 1134 2194 9637 7898 4275 4300 6544 4823 4062 2482 993 540 288 8920 643 405 9833 3633 1335 6926 9554 3232 7328 7389 591 7333 8431 1155 7485 3542 6451 9873 8538 6486 5325 1313 5610 3936 6166 8730 0 5152 2319 5370 6039 8592 1285 77 6564 768 8105 2288 8926 1061 8190 3594 9561 1346 3521 5842 6430 2555 3348 3900 2423 8789 3107 7879 4742 2976 5597 5871 8567 8924 7064 6386 3543 3856 6507 1397 4489 6652 2674 8089 4081 9678 6216 7849 3129 6050 3480 3225 9883 5334 658 3668 1393 4946 2565 9018 6346 4816 9086 5571 8844 9175 6287 9726 1773 5394 6359 5634 2544 2570 5057 3554 1935 2636 8098 40 3823 721 5419 9674 4872 82 7388 3715 3086 9175 5515 588 3246 5518 8493 187 9038 7719 8290 8074 573 9140 8663 1947 4194 169
3674 7506 4409 5572 8539 3571 2283 5245 1027 4910 6653 8935 0 2137 1825 9264 4590 9704 3699 3361 4767 8414 3401 1601 7116 5477 399 1616 7729 3264 8879 3430 5586 9884 7833 927 1222 1498 1806 8889 9122 2130 8558 953 9647 9597 5271 8100 945 2866 5678 8945 1718 2094 4454 4904 7308 7885 6585 6626 8318 9715 8026 3186 1654 8589 2371 3539 996 3840 7922 3677 1602 6339 820 2527 8016 4792 6810 7317 4946 886 6536 4725 3 3518 2260 5364 6122 386 7145 7495 3233 7089 1441 5890 9361 3377 5332 8314 3053 358 1762 6438 2365 5780 939 7498 5087 1049 6451 9279 880 1685 9745 9734 4239 3494 1762 5865 3038 6539 9271 1332 5038 8160 4385 8841 2043 5038 9520 9566 5295 6001 5155 9832 8290 9389 5327 1019 2491 806 2994 4631 26 4648 3273 3250 988 4867 7004 2282 3907 4369 9024 6131 9716 729 179 833 8133 298 2184 7986 5818 8394 5338 681 2615 2051 6535 4030 8873 1033 4989 7921 4733 4005 609 1366 9077 8090 7710 5682 5553 7534 5498 9863 3947 7648 7714 9712 4367 767 3544 6975 8633 9973 6074 4280
1568 7427 474 2558 7125 3687 2664 7875 8513 6324 1750 9020 2137 0 6849 9949 5604 5817 1588 1718 8235 4993 1066 7058 4 14 4468 6325 1943 8289 1752 4223 5546 3207 7993 9340 4249 621 5656 5108 4572 5328 2646 5695 104 7772 2662 7235 464 5702 2324 1324 6691 3752 248 8644 19 8426 3278 5670 7696 7402 1602 2797 3232 7803 2073 3758 7809 3933 5576 8541 7084 8235 7393 3183 6507 1902 4127 9757 6817 7110 9403 7583 5762 6417 4963 8820 6522 4930 1725 5256 2180 3601 9862 4855 4593 8543 4806 7792 6759 6309 5726 9522 4134 7068 5291 9023 6829 3947 783 1738 3272 2832 1951 1592 7187 1938 4065 8138 8843 5158 4312 1372 8453 7512 6947 9233 4796 4538 1920 2634 9445 5731 145 8253 842 9459 6530 6141 4550 6783 4981 5425 16 6977 5763 4892 8399 3050 6860 1976 6360 5977 981 4088 2084 2156 2292 1614 4366 8480 1371 9376 1718 9694 1977 8130 3715 1449 7592 2735 8538 7704 4459 6008 5475 5759 5217 4843 8557 7820 6070 8780 5277 6414 9349 5339 4464 5275 9444 3017 8313 5747 2830 2722 6651 4214 7135 769
123 4398 3040 993 3289 6612 8313 5753 2089 1467 408 3709 1825 6849 0 2548 193 4095 5525 7292 2363 2981 8552 5708 185 4023 239 2386 2654 774 6707 862 9373 7 1075 7530 2986 5705 1553 3956 9926 9093 3456 8546 3219 5208 7423 2276 4425 7784 6758 5239 98 9122 9109 4038 4705 8026 6895 3067 3111 1969 3747 463 6126 2520 5067 4596 2347 926 1560 6916 7841 2077 7607 7182 7465 5134 7589 547 6868 2035 2798 1181 5037 1360 2090 2838 3554 2503 5867 2799 6203 48 9041 64 3152 578 9657 3469 4303 3000 7376 3671 4311 5997 6184 7021 2835 5616 1802 8060 3399 3173 3664 4124 2111 676 2233 2923 5216 5845 3495 7296 8778 6726 2572 2586 9832 7933 8829 791 5913 7598 220 5444 8162 5416 7040 3057 7665 1193 9198 6479 6671 7333 6686 701 6420 4989 8102 2240 525 1802 6909 244 2107 8482 1853 4116 9374 1207 4883 4942 8570 6168 6415 1282 243 9349 2730 4420 4068 6889 3033 9917 6886 6058 9018 3171 5911 5033 2402 7754 7022 6804 1488 7841 4567 8188 450 5331 630 8351 4822 3349 7618 41 2918 2326
6325 1244 4088 9044 429 1933 8576 2222 1512 2664 920 3748 9264 9949 2548 0 9766 289 2402 1948 2667 3958 3256 7834 8503 9424 2068 2358 5826 7607 4339 796 7952 8275 9032 9799 3052 2860 4464 4941 2877 5422 8991 5843 9992 4692 5231 911 3590 9029 8825 7956 5745 3574 2740 7777 6572 2912 323 183 2654 4030 170 3965 5845 6181 7181 7615 7635 9379 2290 9386 5163 4833 7882 9595 8899 8086 8603 3851 231 5635 1197 664 913 1762 3074 3714 3728 9062 5345 3928 1627 4594 634 1256 7384 447 8532 5308 1478 7481 3119 6109 5149 9401 1780 7054 38 5499 387 1599 3362 2409 4859 263 1995 8133 3612 7864 1144 3584 1568 9512 3465 1992 320 4567 1875 7239 4528 4510 332 9778 982 7593 765 7031 8096 9035 3597 1985 4013 2530 1259 9578 3178 4160 6616 9818 9286 4050 40 3031 5397 4555 9382 9218 6378 3024 2115 9371 3228 2521 4122 4430 4089 9942 5510 1695 235 4192 3950 6202 1106 3809 5725 7139 9721 8944 1067 3641 40 3218 7862 5600 7904 3695 5213 5705 4066 7094 8636 5259 9354 1850 6077 7145 23 3199
3670 2931 8720 4129 3291 7728 7604 7513 8827 7743 9425 9483 4590 5604 193 9766 0 6503 1665 6715 9767 8951 7906 6123 361 4495 2902 792 4514 9455 4897 5871 2576 2729 9706 1669 654 5676 9097 8401 2882 9405 2761 7020 6175 452 8271 128 8529 7840 7374 2715 3662 2775 3128 8973 8992 3563 5106 1915 6987 629 5828 6463 7175 3047 6622 281 3022 8695 627 9406 8591 213 1768 3652 1774 1098 9753 5582 8786 9595 6903 229 2596 1466 1772 3481 8916 7879 5767 5447 1710 9803 7275 4326 2532 853 378 8390 2410 4837 2164 7770 780 7967 5352 7454 1096 9734 2175 3453 8055 4171 4190 7667 8906 2650 8286 121 7271 6464 5560 4933 9821 8010 7607 9383 725 7262 8968 5909 1511 7960 3217 6488 1529 4458 1482 7375 4880 569 8652 7573 7858 2693 2729 8461 1439 8776 5808 9631 4622 3911 10 5771 8369 6284 8411 2241 6675 391 9245 1416 3310 244 8235 1494 6964 101 2688 4015 2962 5682 8590 6513 3296 1259 562 2582 2698 2673 8465 8215 4011 9362 2229 6158 3254 4549 6745 6094 5165 4545 6399 5953 9011 5293 6468 1698
5731 4075 1088 6743 4823 8704 664 3173 927 5095 7057 5034 9704 5817 4095 289 6503 0 1331 7417 2884 8136 4153 7131 8493 1898 3343 3932 8985 3825 4131 3857 5054 1026 1964 5286 9649 4742 5060 2150 7092 2580 5337 6549 1054 3106 1450 8394 2807 8219 5637 494 8605 7412 3257 444 312 2773 9618 8228 232 4753 1825 7922 8755 4304 977 7896 5164 1978 8390 4220 9735 8431 9315 92 3183 3950 3949 692 6562 218 3025 7789 1750 8795 1862 6003 9143 7240 8090 7441 5469 5330 8899 347 1770 2846 7816 405 8108 5762 4260 6641 6015 3697 9458 3104 3481 9733 8464 2692 1353 761 8192 5950 673 1372 3007 8493 1462 7249 4031 6005 4807 3197 6167 2541 6251 1499 4574 6661 46 7745 3911 9711 1210 4144 7854 4407 1316 2397 1474 8230 4085 4920 1838 2861 9280 9944 4081 7206 6202 4271 1350 8145 3225 8394 9772 8377 8508 4512 4704 8316 9639 2784 1089 2334 1721 3109 7824 1873 9039 7286 8498 5548 666 7845 9561 1587 4939 6600 2948 8500 4343 5497 8734 3267 9192 3769 5849 3796 1139 7791 2541 7105 3188 1475 3406 6953
2501 5428 4937 174 7746 7637 186 5464 3376 3145 5422 4855 3699 1588 5525 2402 1665 1331 0 9229 7809 6492 4635 8588 1667 2532 347 3703 5147 9284 8309 3862 6892 3173 3422 727 7390 5793 9919 6996 5276 7077 3822 1569 881 1223 5862 6751 1269 7441 3963 8610 1997 7596 2743 5842 1766 6093 3152 3665 4357 636 6139 5324 8723 5971 3473 1078 7331 8364 9730 8692 7238 3417 3017 9016 9035 796 2261 7635 8625 3453 986 5921 1183 4192 6887 3967 5585 3919 5250 9211 2812 6382 5418 7640 3103 7712 4439 2967 7303 2023 493 6686 1225 1703 832 7452 1048 84 4750 8043 2225 1720 1926 9402 3320 3358 1117 2473 4279 1551 1475 5915 7618 2512 2885 2343 1871 3857 6412 7054 4185 9198 9806 4025 2033 5180 3003 3437 1968 4930 5511 865 579 577 9405 4709 2399 1769 1643 5144 8665 1910 6629 1557 3031 873 9123 7793 2902 6614 773 6027 9744 3526 1191 6541 9324 5760 4559 2286 3725 6897 293 9938 6857 5306 3306 9664 5519 3420 7111 5898 1462 365 4186 8416 2623 2531 3797 8893 8836 1198 2033 5335 1832 833 7439 9248
602 6544 6144 5806 3912 2558 8198 8261 5703 1109 3385 1784 3361 1718 7292 1948 6715 7417 9229 0 8210 2994 9075 6728 2651 4113 3990 1052 3498 5449 5445 56 1885 5260 5889 8676 2085 4504 4202 4052 7064 7861 7912 3324 3609 5482 6575 6320 8211 6636 1151 9608 3806 8765 1468 1496 8663 133 2461 1365 5985 3605 5800 7441 3364 8138 5982 2106 2879 6943 427 3142 5970 4629 7900 3253 5383 4451 475 3910 7039 7657 3390 2948 1092 6809 7716 7276 4605 3789 5957 7846 5075 2908 5456 5337 4768 3831 8994 6124 8831 5358 5903 9398 6279 4858 1898 9710 1808 2043 1030 7721 7281 7797 3092 2997 3908 5499 2306 2671 7441 895 9191 1656 2845 4996 5612 8186 6811 3967 4872 6380 2127 849 3436 4302 6857 9507 3443 1762 5087 3578 770 2980 5344 1660 9564 7979 204 5338 1248 5 352 749 4987 4688 3367 1133 7506 7692 4522 8201 414 1355 2261 460 9093 1103 7673 8627 3409 5317 9725 7864 9205 5066 221 4238 3686 9904 8071 8700 160 1624 948 4985 6767 2377 9912 652 9161 6303 9181 8146 9007 9700 3942 4760 5384 4517
1640 7482 9302 9382 996 7268 2690 1830 5490 7202 6061 1845 4767 8235 2363 2667 9767 2884 7809 8210 0 1519 6243 6267 9408 8620 7707 5500 6779 8739 7954 6357 4344 1961 1480 2550 9758 6712 7388 8888 9662 9128 810 7046 4022 5781 8811 8078 4779 4702 1926 7259 4650 2220 8995 4877 6524 3799 7486 3488 3437 9154 2794 2993 7704 6423 8902 9717 3540 8356 6464 5392 1643 3554 8972 8295 7181 8239 2287 7413 8128 5656 5079 9538 121 3379 208 9658 7362 4854 53 4753 7317 4379 2668 1068 5883 8742 8668 5498 4519 983 6721 3350 3212 2824 3010 8471 1903 8176 8837 7117 6838 3933 3820 1646 3575 8873 4034 7852 8034 1574 9655 857 9508 6565 7533 6474 6078 5813 4747 6873 105 9773 1807 6886 5675 348 4466 2704 1645 3090 7616 2128 2829 5582 3776 4549 3008 3884 1544 6513 8184 4359 3177 1262 3078 7429 7680 3276 522 7835 7732 8383 3487 4323 5817 8690 3883 3698 6287 8914 9352 119 3306 3832 6930 3226 9588 7943 688 4305 3381 6153 3629 6123 9360 4179 7624 7374 5635 6514 3899 1914 243 5007 4105 6370 5364 3828
578 1861 8810 1524 7964 5275 7654 6926 2308 6023 6302 7463 8414 4993 2981 3958 8951 8136 6492 2994 1519 0 6351 18 6866 521 1061 3356 5191 7076 7190 6420 183 6055 3486 94 5587 9049 1726 4399 6229 4854 3751 3224 7978 6025 4539 5844 4106 132 9329 6453 5182 6795 9815 334 8515 9131 4065 3105 5325 4448 965 4066 8156 3452 6563 9040 2865 8266 665 7588 5795 1851 277 9174 4828 9529 5897 9428 3754 3203 4247 603 1265 8521 305 9630 4122 7218 5027 337 7512 6240 6785 8807 9054 3184 7836 9105 4467 665 5267 5396 7379 2837 701 6764 33 451 8890 8668 9133 7600 2659 8303 9105 6660 9318 6027 9463 75 9856 9271 6144 2017 8743 1251 6537 2077 4770 3172 5341 8367 3721 7864 1196 1452 3204 4799 6393 2430 4661 9720 1426 4004 8344 5192 3507 6442 9421 5335 9252 3843 7335 9440 4451 5959 1378 9284 7140 2966 9499 9992 4044 3788 1882 7952 4489 6012 2609 1212 9797 417 3143 6170 7076 5511 7150 1202 6438 8417 915 9585 3696 1999 354 3390 2787 290 7350 2501 2829 7019 938 277 290 1460 8819 8337
945 452 9606 7940 8063 7814 1313 6572 6400 9374 4239 6084 3401 1066 8552 3256 7906 4153 4635 9075 6243 6351 0 2164 4812 3843 3655 5673 3885 5808 9049 8121 6371 6182 5231 9791 7492 3248 9659 4006 227 9555 8466 2446 4188 218 9972 7768 8995 1656 3155 8756 5155 6978 2851 4822 6920 1097 1699 1315 7877 2442 9117 1173 337 7878 3710 7821 7496 9060 3216 1919 2488 8999 4446 4096 5297 4277 5953 6758 2527 7253 9119 8756 5893 686 7896 6643 4653 484 2215 7333 1739 8700 4241 4001 711 1487 8732 8668 6386 9276 3765 8622 8710 8158 7777 2289 7319 1413 2799 1904 4521 5661 4270 1161 8789 7924 8295 7879 5106 8629 5284 5596 2661 4629 3960 680 4732 6828 958 8850 9353 9929 7987 2570 4785 781 6559 8802 3842 1859 4884 5406 5893 8630 2177 7930 2226 7954 2163 1537 6184 492 1131 7010 436 561 1120 6504 5589 8391 2895 4337 4942 9868 7761 2216 9918 6374 4165 7500 5958 9948 2814 625 481 7285 3004 9085 3612 9740 7540 5249 9067 7146 6197 4463 6843 799 3209 6507 7343 4458 6761 2066 8514 214 1117 4029
8405 9479 4621 4335 4208 6475 8768 6123 569 9624 1296 8129 1601 7058 5708 7834 6123 7131 8588 6728 6267 18 2164 0 1015 5260 8570 2244 5696 4678 9985 9330 9492 8312 5296 4775 1112 2225 5592 8976 2051 8014 7475 577 310 5511 1216 9400 6841 1836 699 5100 9977 5706 546 4954 283 7830 8824 431 7339 3306 343 1853 8785 2218 4258 8062 2035 4861 4444 2526 1361 6551 6309 2204 8144 2362 5866 4368 8734 3017 2621 6854 9910 6614 8555 4643 6339 8895 6201 5764 1220 4061 9356 9459 8979 869 211 5824 9972 4964 9860 2454 4611 1176 4807 2529 2917 9450 4946 9878 4610 6803 8208 269 8994 3420 9183 1782 1169 8991 3991 7494 5620 8218 7819 6457 6891 6519 852 8736 7371 8454 5325 3714 4363 4688 3452 295 7391 2096 9767 4724 1438 3002 7307 2512 9040 3705 1294 383 1453 3898 4967 7657 206 795 2954 6813 5577 678 2638 4995 3970 82 3392 8159 6216 563 9316 4604 5121 7168 5212 6206 3930 4965 6851 2010 9533 1690 3019 1881 7384 7527 7994 3547 286 2911 9750 5631 649 2497 1585 4607 7143 4810 9945 1218
9756 4466 6290 9661 3425 4107 1498 3129 3654 5006 1014 8448 7116 4 185 8503 361 8493 1667 2651 9408 6866 4812 1015 0 6758 1328 1260 339 178 7297 7408 9675 1361 4961 1408 7179 2130 6309 3500 7998 422 5976 361 8925 4718 1663 8176 212 1717 9603 7181 4231 5138 8547 7505 1409 2459 4463 9005 3063 1815 7807 9876 4544 6258 1881 3190 193 4809 9330 9382 9676 5048 3372 7395 1406 3196 5827 3476 6457 1962 8137 6858 130 1575 8645 4264 5730 2170 8667 6281 2857 8670 3357 7241 7182 5987 9408 3170 7220 8265 4427 3558 9635 4864 9180 6921 7531 300 7960 7806 3838 7561 1155 8537 6822 1753 7086 5352 9993 7573 5368 375 2560 9770 2408 7568 8308 3409 4227 6 8721 9528 5341 6876 9284 9197 8660 8227 9910 520 1421 9338 6006 5978 7148 6948 7786 3365 9470 517 5363 7444 2839 7049 7275 962 3014 5866 9024 4194 6602 2163 82 3187 3185 657 2600 3855 6865 8294 5263 9748 1786 3122 1745 9863 8894 8827 6181 3449 639 9595 6456 1733 6390 1989 1913 5802 6448 1065 4190 6471 1671 8331 5748 3231 2708 3427
809 4074 4807 2646 2947 9503 6404 495 6954 7688 305 989 5477 14 4023 9424 4495 1898 2532 4113 8620 521 3843 5260 6758 0 7599 7159 8455 3659 9878 7007 3728 5222 7324 2743 458 2130 2644 5117 3629 6876 8736 2385 9896 9533 6249 1278 4278 9309 2753 4435 4025 2354 6184 9085 9714 4536 9066 9495 5097 7263 2002 4551 1170 9438 8379 5957 265 8973 340 1963 6485 8818 2639 3128 8372 1120 7619 3929 7545 7759 8365 8698 2882 3888 5290 7155 4079 8576 6211 970 8489 4077 1568 9452 7781 6684 9985 9856 9891 9951 4395 4112 1180 3844 2165 8308 7895 6470 9889 7131 9415 7720 2462 667 5440 792 7193 6450 5588 8202 6054 7714 3030 679 1623 2137 7274 4280 3 8712 704 768 4636 9814 3973 4433 6131 7262 2331 8232 359 6929 5831 1730 3937 4734 8352 2112 8557 8419 599 3202 3600 4001 6867 6675 3434 7935 9258 3389 7681 3421 5234 9414 6060 3379 4365 3081 9839 6292 8683 2597 5207 2257 3808 1811 2152 9230 742 2306 5580 4275 9746 8782 3698 842 3302 3561 4989 1938 6824 7497 7658 3138 8311 1952 7055 7509
579 3842 9084 1672 1639 9213 1639 9386 1297 1055 6286 6718 399 4468 239 2068 2902 3343 347 3990 7707 1061 3655 8570 1328 7599 0 8205 652 9693 3883 4638 8700 6501 4523 6769 6164 9630 7859 4820 2012 2064 994 7965 3878 7826 5851 4822 4505 7020 7233 4077 7527 9999 1572 4816 2141 5994 3805 3563 4097 4014 3252 8478 6206 2587 8292 7567 6592 2365 1673 8173 6731 5219 4020 6740 719 6887 2960 1385 6577 7752 5353 9872 6037 6029 6688 5035 7801 1012 4843 9559 1565 3814 6901 78 9633 5359 9408 1638 7415 7705 3417 6859 1576 7879 8967 7744 5954 1124 2967 4454 4409 3155 254 630 3964 3715 33 8778 6681 6420 8854 2953 953 1827 1772 4355 8312 4163 873 3114 6976 52 5961 2033 9344 3819 2117 855 1639 3143 278 6685 1763 9116 6717 514 6401 2141 4284 9455 4793 62 6414 3531 1257 748 1979 16 2933 1894 9960 4571 364 8507 9737 4822 2637 2211 5618 470 4461 6047 7010 5410 5754 7261 7404 151 2460 3022 1398 8209 5862 1949 1739 6146 9922 316 1719 128 246 4592 933 2680 5807 6167 4302 6811
4782 1712 6837 3316 8800 8988 3998 2189 5063 5190 2687 7773 1616 6325 2386 2358 792 3932 3703 1052 5500 3356 5673 2244 1260 7159 8205 0 5446 9664 9914 5648 8561 8364 235 382 8943 130 8891 105 7427 2883 6840 3842 4736 4494 6611 7105 7306 8709 4041 5946 5571 6267 6146 6508 6361 3638 9643 5000 9169 4554 5587 9752 7498 5951 8551 4715 2850 2292 1889 2573 4080 5970 4214 2609 1284 2699 8037 1054 8726 604 5031 3892 5304 7470 496 7418 7809 5621 3098 3903 3472 9754 2400 3571 4468 6829 1844 8655 6218 1284 9067 9317 1276 6483 1101 9940 5761 4065 8083 8771 2749 1349 5987 7841 1988 9075 6609 3993 5369 6645 8941 4427 8412 6306 5791 3288 8392 9131 2544 1798 2878 2966 756 2249 5268 3429 1074 7273 8872 128 4727 8837 6071 484 5713 8036 762 7194 1714 4212 7011 4978 1927 105 7710 3305 2248 9970 2218 6368 6625 8642 2780 1229 8762 1306 1691 6757 2543 2323 231 9056 7942 9976 8003 3963 7049 4303 2215 5245 421 5021 2789 781 5541 3914 8261 903 5553 9869 9126 1211 6829 9706 9569 9529 194 9204
7159 1849 1317 2480 9965 4130 8578 899 151 5651 4220 4735 7729 1943 2654 5826 4514 8985 5147 3498 6779 5191 3885 5696 339 8455 652 5446 0 3268 6125 5935 1874 8640 9695 1537 2665 8472 865 262 9084 3105 2879 5634 9022 470 7727 8120 3058 3956 3702 1696 5132 901 6820 9291 8551 5271 674 1739 5982 4504 9106 7040 9033 584 2342 1027 5552 1799 5030 8128 7461 1062 8933 1915 1177 2164 5985 426 4484 3017 1191 8016 4598 6801 1735 6999 7747 4401 1944 7656 3557 1991 5559 5545 2364 8771 570 5646 9682 8917 6095 6792 125 1205 5023 5146 8403 5570 1769 648 7141 1577 9854 6993 6678 4029 6672 1538 1211 5040 1840 9971 8179 5504 1965 174 8793 2240 8560 3137 4243 2178 4525 2455 562 3575 256 4840 288 4591 7840 5548 537 9580 4018 939 7915 8022 9366 7528 9679 2451 3199 1659 4224 8574 2632 4943 6194 6839 7346 1954 8909 7128 3869 7389 7354 3883 7228 5240 1383 5037 5500 1985 3155 4282 2093 795 5315 6854 1108 5575 7188 9931 4846 7003 8691 4470 3426 5949 322 1700 2756 1841 3997 7817 363 2720
4455 4241 4790 5622 8650 3391 4486 3288 9298 2035 6085 2850 3264 8289 774 7607 9455 3825 9284 5449 8739 7076 5808 4678 178 3659 9693 9664 3268 0 7508 837 8846 6710 805 6890 7106 5164 36 2237 1895 2617 3924 7901 467 6712 731 7440 8522 6378 8924 1456 9342 2273 7618 4348 2134 4078 383 8533 9696 5223 6659 5915 5159 7565 8626 6695 2130 1314 9257 7116 7583 205 9238 9023 3809 5650 405 7743 2152 8358 306 8200 962 863 9598 252 1238 9897 1144 4785 4101 7996 8148 7853 8135 5671 8110 6563 1826 6457 3064 7871 5909 34 2720 355 8054 7076 979 4633 6199 5524 5246 9788 7966 4644 2445 5177 9598 6870 8505 1610 272 9515 7337 7202 7848 4829 5566 6285 362 5505 8028 9660 8823 8336 2806 6177 8321 8425 6391 8160 5668 9500 5471 3228 7676 5101 5584 4661 8686 1089 1085 8271 4962 1763 4966 2962 3447 2747 9301 8135 409 8439 2848 2203 3873 6348 2236 288 859 7630 4912 1006 118 408 939 5092 915 8757 4361 4142 1572 8909 1904 1408 3626 7613 6782 7629 5324 9108 2956 4916 3149 254 5455 7018
56 8851 4107 4008 4279 4641 8913 8330 1515 3277 2386 9919 8879 1752 6707 4339 4897 4131 8309 5445 7954 7190 9049 9985 7297 9878 3883 9914 6125 7508 0 5198 3325 2715 9422 9764 7108 3013 662 8345 1203 108 457 6405 7065 6620 1824 9650 2239 847 4483 4445 791 5715 4594 3666 1468 8563 2848 2428 5228 3930 8491 4786 1867 9445 9321 5941 7235 1291 3205 2635 3466 1878 3732 4726 1524 6275 7983 8080 9879 7565 8335 5731 111 1908 5754 5206 2088 3171 2232 7897 9885 5474 6841 3296 7972 6098 3504 4271 2669 7505 8156 1800 9239 481 5753 6560 4579 511 4611 3752 5082 4039 6129 8397 5295 7502 4297 1214 4465 560 2198 1275 556 6462 4642 1906 9159 1886 5605 952 4200 1480 1350 1048 772 3803 6913 5663 5494 5298 6787 7327 7787 3078 958 4560 9090 5394 1586 2760 4984 4326 2345 8095 1115 6435 697 9361 3315 6708 602 2645 8159 3927 5217 5679 6969 5329 3625 1248 9498 4069 134 3778 9018 3183 1550 2647 2079 1826 3479 9309 6748 3706 2350 1974 1437 3304 8207 9143 3726 1161 2050 6037 2593 6170 5330 4682
4250 4891 6736 5530 885 7200 885 1099 5812 9444 1609 4130 3430 4223 862 796 5871 3857 3862 56 6357 6420 8121 9330 7408 7007 4638 5648 5935 837 5198 0 7433 7403 9137 400 7358 6139 9858 6431 7245 9947 5342 5269 7420 1598 5228 3272 4953 3752 67 7968 540 8342 4291 1130 3677 3230 4067 6305 4836 5457 8488 9048 1934 800 9322 4654 6084 138 8619 8958 5356 1881 356 2722 2973 8995 3226 746 2909 6400 9557 2082 2175 7461 79 3309 9751 4808 1437 3977 6448 3982 23 7457 1776 5746 5808 504 8760 3706 9355 2479 2694 2338 3461 2638 7405 7260 6342 8585 2469 4995 2115 5655 271 5757 147 5380 7271 4653 8186 7572 1143 7740 6996 815 6114 849 3112 3914 7807 4037 7346 5377 4711 9990 7072 4872 938 2524 4406 3494 1229 7267 6373 6094 9837 4694 3630 4515 2362 3432 799 9222 2232 6903 9102 472 8574 4074 1506 6593 3909 5563 3066 2089 5459 7791 5481 7570 8894 2769 9152 2070 2779 1012 2627 1049 8048 290 9752 913 3116 2884 7552 7738 6717 8520 1477 1157 4353 9699 8795 762 3765 4932 4596 3443
9972 7834 8301 6237 3874 1608 3804 4794 6531 6978 938 4530 5586 5546 9373 7952 2576 5054 6892 1885 4344 183 6371 9492 9675 3728 8700 8561 1874 8846 3325 7433 0 7991 386 4825 4207 3269 2438 376 6418 8842 335 490 9149 9194 5190 6534 9824 5199 4138 3841 4835 7531 9516 8030 1651 929 8084 2824 958 1684 5578 9133 108 161 7195 3343 4548 302 7942 3739 7036 6332 4791 6250 9949 163 6529 3281 383 5322 1499 8 2353 5237 218 8913 2856 5457 6738 8903 7664 5209 9666 7074 27 2490 1350 9964 737 5636 1209 488 8586 6952 1364 9926 3608 5090 9998 1181 3315 9706 844 2989 396 9862 7924 428 290 3068 514 3857 2868 2009 9803 4014 8044 9027 4535 4404 2841 1097 5658 9289 2411 582 9718 7995 9955 1206 9758 7844 474 6107 4600 8760 7713 7326 8247 8678 1711 4309 2854 6202 5680 6798 5079 2381 301 6777 390 8104 1054 8457 2788 5795 5314 6557 1333 998 149 773 9184 8072 9573 5577 3216 6007 378 6803 9461 7510 3627 3694 768 4463 8884 7112 1927 9988 6621 5129 678 4414 2459 1318 1018 6281
8861 37 2029 386 552 8452 9319 9643 8410 3420 4381 3062 9884 3207 7 8275 2729 1026 3173 5260 1961 6055 6182 8312 1361 5222 6501 8364 8640 6710 2715 7403 7991 0 6323 3723 4151 6036 7831 9357 4332 9336 5557 6482 5602 4418 9636 1653 4523 3134 7240 8151 841 463 1238 8716 5890 3669 7793 7096 7676 8711 8553 3098 6866 3622 1020 457 1700 6319 1895 6348 3835 5130 3728 1117 7785 4901 2496 4369 5588 949 3299 564 2071 2384 4905 3787 9217 6352 6774 9233 6710 6526 2591 6558 5525 2533 9148 5865 4829 4508 4342 8532 8679 5470 539 6725 8082 8996 2563 9333 9535 802 2153 5016 5743 9583 5776 5915 6146 9105 6932 2555 8789 7844 8945 1612 896 6789 1038 8712 2744 7347 6059 8431 9410 5619 9360 2355 9370 1026 4152 3490 7345 2083 4442 938 5015 2255 5020 5812 1768 9924 9459 9162 8411 5957 1853 6623 5384 2971 8231 2559 1992 9757 314 1504 85 1287 4303 3937 533 8260 3423 6989 7572 6716 2268 4345 9620 867 4170 5936 3945 5984 5909 797 9735 7374 7769 9206 3542 6567 2391 1705 9150 4815 6697 4556
4176 5755 9575 7836 5610 6228 6755 1902 1366 5247 9049 4288 7833 7993 1075 9032 9706 1964 3422 5889 1480 3486 5231 5296 4961 7324 4523 235 9695 805 9422 9137 386 6323 0 6760 4164 8904 590 4897 6816 8055 1944 1662 7718 9808 3341 4854 8081 44 9537 5558 3270 4844 3694 9417 4845 1414 8295 5579 6217 8314 1140 844 9832 5825 3076 2553 6254 7076 1854 2852 7444 3863 9257 7498 7925 8097 9671 7029 6084 1327 8557 6166 8505 8652 4030 3685 1408 9500 7379 8095 2136 7002 1422 8845 46 4782 1473 3186 8995 8319 7527 1091 4976 3700 669 169 3460 6318 9620 1134 8633 6538 1348 4648 2073 7593 6298 844 5473 8747 5309 9012 10000 5243 4506 4326 7690 9922 2401 4078 7728 6715 1466 8410 1650 7591 3633 2684 7261 8284 3207 3537 8504 8796 7511 8383 71 2837 2505 5408 3137 9800 880 4137 4804 8821 4818 4013 3319 1315 8379 97 9649 4460 3365 7773 7113 6722 8950 6004 3013 1003 5152 7334 9836 5668 8501 2176 5787 5518 9556 3406 6681 4099 6818 8641 2201 3119 8196 6153 2071 5734 4192 9307 9883 2662 6707 7716
644 8541 5422 6995 5263 653 1388 7386 7717 5027 9353 1416 927 9340 7530 9799 1669 5286 727 8676 2550 94 9791 4775 1408 2743 6769 382 1537 6890 9764 400 4825 3723 6760 0 8480 1887 2643 7540 1954 533 2809 153 4626 2972 9215 2693 7821 8893 6667 1635 2778 6281 9018 749 8989 4662 4272 1343 2370 4548 776 29 8035 3255 7177 2014 2158 9484 7841 5886 1667 771 5984 7140 9909 2082 912 8743 3765 3584 5231 7478 7818 7847 3503 9242 1390 515 4649 2572 2961 33 568 245 7552 8680 4017 1311 2127 3640 1168 8544 5291 7947 8697 3918 4415 7238 6926 8939 371 7381 614 9350 3987 7359 9272 6174 2694 7133 8361 4540 8105 6630 7090 9685 9344 2422 8163 8123 7710 3261 4846 6868 5521 63 6753 7168 9364 4651 5304 2826 2295 9398 5543 2227 2268 2426 3552 3588 2358 2334 5869 6492 9040 1577 3982 5080 8509 4582 9568 1895 3606 4830 6498 7670 5558 3470 1081 1979 4829 5789 7347 4930 8039 6497 2196 4795 3438 8938 7990 8386 5392 1734 8670 5361 6171 3209 4437 9497 2090 606 8998 3421 6350 4673 7352 8384
7355 3712 8392 989 1254 9974 9686 7825 8629 9820 7328 5623 1222 4249 2986 3052 654 9649 7390 2085 9758 5587 7492 1112 7179 458 6164 8943 2665 7106 7108 7358 4207 4151 4164 8480 0 2357 4266 4074 1405 3390 6476 6192 2687 7851 8457 1045 808 4897 6771 3641 9532 3116 8919 161 7793 8977 543 5870 9588 9580 2622 6922 7877 7411 7336 4424 1809 2982 2595 4363 9178 8686 5147 6202 2539 2664 9725 8098 6145 4836 8583 7621 7152 7652 8662 732 5815 8041 3539 778 4230 5195 4446 9457 8038 7250 393 2387 6513 2938 388 1006 2658 3542 778 642 5603 9636 779 5421 6175 3200 6160 824 1009 776 1191 270 3699 7373 1688 9050 5137 7048 655 6038 8357 6173 5062 5979 2097 6499 646 4201 5897 1316 4179 270 2923 7349 4594 961 7072 5314 1135 458 7122 79 470 9244 7825 9495 3447 9640 7677 9628 1044 6666 3152 2155 1741 9529 2935 6477 4948 2079 5645 8410 3089 9775 3038 7862 8084 9954 7561 6957 9489 4225 8532 6209 7202 6995 9431 6045 6266 3810 1494 8247 7244 5183 6705 6736 7139 8968 322 1987 8909 6543
779 9238 1726 6880 3051 6645 6883 9185 4099 4476 3353 299 1498 621 5705 2860 5676 4742 5793 4504 6712 9049 3248 2225 2130 2130 9630 130 8472 5164 3013 6139 3269 6036 8904 1887 2357 0 6200 3507 4552 5233 6664 9896 9793 9068 4167 1915 2252 7385 7158 7059 261 4085 78 3986 8791 3736 167 4114 8279 4560 7633 514 765 9822 8601 1535 7719 699 8096 1205 8843 1642 9997 9553 7633 7029 7856 6653 7413 5957 1838 8908 5138 20 9524 3771 9628 4032 3846 6849 1280 8267 8939 2632 696 1393 2630 5802 1237 7457 2302 1644 3558 6036 8468 345 2758 5994 7664 9793 8436 7113 7528 9073 6562 8356 9682 7900 6815 1041 5955 8064 4158 7290 3167 5922 1818 5376 3427 3212 9558 5930 3845 2998 9401 2948 5741 8449 2245 8281 457 9325 5055 6601 6838 9788 2707 4887 4850 334 3915 1174 3899 1355 1502 1245 5807 8443 9405 7439 7981 5920 8910 7982 5371 722 2730 6250 6996 40 2758 4 488 8451 331 8804 7852 4201 9816 9734 1245 5433 3738 7243 5054 132 2899 8735 5564 9777 2521 2111 2264 1900 2858 9742 8628 1417
3899 1413 2227 7074 9231 5707 7010 4286 9053 7242 8320 1024 1806 5656 1553 4464 9097 5060 9919 4202 7388 1726 9659 5592 6309 2644 7859 8891 865 36 662 9858 2438 7831 590 2643 4266 6200 0 6107 334 2782 4171 6381 5733 640 5348 5350 3106 4225 7255 6011 8650 7937 3043 6653 7464 8247 4952 5868 9877 9928 9137 4443 6399 9634 4743 1034 8813 582 1500 3860 8385 4752 8059 91 5192 2621 6932 1851 3908 9057 5696 711 3644 2685 4153 4579 1624 8906 7251 8101 40 1370 1695 6085 104 9686 7997 5604 7936 5657 4565 7696 7599 6029 3939 6514 5524 2842 7709 2923 3686 9542 3907 3880 8563 4900 9197 2936 7625 6960 5238 483 5478 3213 8924 392 7842 1372 7711 1146 7196 776 9012 2539 541 5860 3691 7211 9626 5384 6829 9149 3948 6112 766 534 4607 7911 7074 6383 5406 6617 3945 4297 2385 2938 8150 6278 7987 5054 3791 7366 3952 4506 141 8161 5819 9878 2502 6593 2850 3489 5173 9743 4425 6293 7910 7780 9803 4707 8935 764 994 1466 1390 4947 9876 161 4745 4472 712 6596 2082 9916 3193 4273 2941 1605
9918 6552 9594 6671 4317 9310 1996 7817 9443 1352 3701 6048 8889 5108 3956 4941 8401 2150 6996 4052 8888 4399 4006 8976 3500 5117 4820 105 262 2237 8345 6431 376 9357 4897 7540 4074 3507 6107 0 9710 7086 2018 2479 7972 7820 9044 7641 6415 7693 8440 3248 9573 9896 8633 4193 1102 5506 6083 6776 4197 6346 2953 6836 237 288 9175 7419 7510 6356 7029 8070 139 9469 354 3502 2361 7008 1060 2630 8248 7473 9661 9533 1036 5077 5816 7713 7165 6802 9724 4665 2346 5789 219 5350 307 2860 3228 1934 9089 4443 8462 9032 7059 597 7105 3225 1598 1373 8501 9939 9864 4274 7141 6370 1394 765 670 9452 3837 1568 3179 9102 7868 5286 2127 1854 4717 9908 8803 9665 4749 571 8240 6496 348 6291 4846 9979 2727 8887 4407 2900 6869 4331 5972 7390 7776 3284 8809 5180 2786 3515 5732 4610 233 4433 5574 9850 1002 561 6288 1948 382 8255 9304 7460 8719 1847 6367 8716 4466 6785 602 9321 327 9551 5468 2170 1680 265 5253 358 9086 7929 2088 2214 2305 1114 9517 6651 6204 1013 7147 6131 8848 1779 3832 6685
2800 1521 2278 3100 9860 490 475 1658 558 6929 5648 5166 9122 4572 9926 2877 2882 7092 5276 7064 9662 6229 227 2051 7998 3629 2012 7427 9084 1895 1203 7245 6418 4332 6816 1954 1405 4552 334 9710 0 9380 2022 8951 3106 3288 6644 860 6349 3563 6328 305 6578 8019 3263 3308 4448 501 5858 7651 8117 7599 4020 1112 2053 9858 9122 1620 311 7852 9428 6742 6143 3591 5776 364 3775 3908 7244 363 9892 492 15 7928 6751 176 4065 4874 61 6024 9036 5362 6302 9224 9810 5293 8701 3448 2708 5758 2886 4441 4780 4786 7995 6378 3498 254 1917 3415 8367 1726 8711 8911 6926 1731 6559 8838 3370 2789 4694 1903 115 6906 9836 7556 3117 2630 1784 1705 8259 5960 7364 5924 9086 3925 5870 4743 830 6497 6303 212 5195 4353 5969 8013 5333 250 3843 34 2573 2826 4178 4245 732 3868 3970 9471 3096 887 8704 6454 8059 2532 3230 4594 5016 8859 5599 8622 8167 7062 9711 5066 6015 7538 2300 5298 2270 2931 2106 7557 6488 1562 8939 2527 7723 4866 5798 8223 9233 6053 1797 7653 7401 6296 9805 9792 6110 5653
