200
0 4922 3667 8937 7681 5083 8392 4940 3679 5765 6894 4384 2845 3600 1246 3260 5208 1612 1868 5921 5863 5630 3296 7892 3734 9347 2550 8331 5995 1363 5057 3376 9103 4329 7915 2868 9936 7542 1909 8311 468 8959 8583 982 840 6798 9152 6318 2577 1469 9138 8425 8376 4116 389 6102 6272 9368 9169 7724 3278 5730 9106 4706 1886 1340 7043 2897 2245 3416 1173 3653 706 765 7152 2777 1018 8242 177 543 1584 9230 6563 3329 2338 7828 3083 4406 4163 5846 8970 1113 4412 58 2296 1481 8386 6148 785 5834 4062 8841 3628 5706 6034 9994 26 8807 409 2922 7561 9271 1002 4862 7843 4015 2447 2894 6248 5686 7015 3202 3985 1038 9322 180 8143 5658 1907 4934 8576 7834 6672 5141 5813 7423 3865 2412 7268 1463 4233 5723 5505 5251 8429 2263 8594 5832 7656 7642 7739 7419 1981 4951 8904 7587 9164 993 7683 7684 5645 8952 7816 8053 2405 3969 8685 5110 8131 9374 5051 7165 199 1111 4231 5669 8837 1607 8163 8112 8621 5135 1787 8699 770 6977 895 8616 7416 5548 5727 137 1888 3657 5691 9810 3601 5120 3110 279
4922 0 7217 408 6277 9704 9931 4238 2981 6499 978 4667 7339 4731 8467 2247 1532 2652 2919 1170 3405 4554 2511 6507 1393 6171 9560 5600 5858 754 7702 441 7660 746 4717 7275 8078 8005 1945 6103 8798 7831 63 7195 8649 2520 5080 9263 9573 1112 1251 1641 6455 7778 8035 3514 6281 6828 3851 5962 45 6111 4062 996 3191 916 6239 4789 3542 5643 2357 9215 1715 4507 7787 899 3580 750 8502 1258 7730 2260 1329 2772 7773 5089 1853 8714 4607 7278 7566 6014 3868 5819 9461 9549 9346 8375 9418 9912 5718 2691 4575 8226 7091 1909 3771 6 3767 2409 3458 1906 4417 3614 4278 5830 8438 3293 511 7811 7390 7332 6963 979 4548 2084 6881 3704 5632 7484 5642 7677 11 8915 5710 4894 7504 3474 83 5905 6410 8862 5071 7811 5252 3539 4627 1076 9907 2522 3568 9877 6356 1180 2204 9020 5754 8172 2216 9401 2857 581 4909 2452 3433 5387 6831 5993 689 8858 6329 3047 9912 84 6308 8530 5982 212 2691 7770 6156 2696 3048 3592 6694 2652 971 8911 1032 1837 8284 9003 8784 2694 6337 8292 5985 3233 640 8397
3667 7217 0 3069 2409 6931 5822 3500 9573 3185 5278 3900 6752 2296 2768 8721 1748 956 7814 572 1649 687 2832 7996 5044 5220 8059 9692 1139 4034 2628 3060 1616 9589 857 6133 7946 2692 233 9212 2724 8675 393 5596 133 6923 5955 8357 1084 8366 1766 3689 3185 7995 5187 5803 5563 3126 8750 8878 9568 813 8564 5937 5293 9819 4189 6258 5237 8647 2794 7851 9023 3757 9091 8463 2874 3994 7629 9421 9288 1614 2120 8786 6631 7277 7730 7647 748 2665 4051 2974 4740 3105 2801 1548 281 7346 9779 7264 2618 8053 197 6408 6091 4554 134 6907 6015 1900 4183 9152 4594 7987 7 8851 4479 2799 2790 6701 4646 8683 1202 8196 1089 5664 9782 1922 7223 6761 901 4519 8498 2051 4485 3446 506 4795 161 4625 3372 4827 638 2606 1936 2337 3561 8102 9383 4694 3561 26 4420 5464 2595 3181 7797 3985 5816 3287 5951 7452 3471 4687 1993 4885 5112 1936 598 7390 2119 1652 5649 664 6055 8334 859 1185 2784 6337 3465 6464 1093 1229 3919 1828 8639 5789 7513 1128 5911 2830 2351 3189 1494 1105 3094 2404 3398 9349
8937 408 3069 0 4460 3213 1558 3052 9867 6198 1749 3224 2916 9625 5087 2237 4404 2270 4431 2741 3103 8685 5816 8564 6915 2208 199 2909 398 4994 6625 6640 5886 7214 6164 2204 2911 9265 2367 4870 391 992 2851 9432 783 8699 2225 5074 2193 1381 3552 5505 6033 2851 250 1910 9078 728 973 2158 2645 544 3428 3829 5883 513 8425 4200 8251 5341 3606 3761 4350 9223 9733 8566 9425 7600 6849 6207 7877 1733 9899 3560 8825 2561 386 9623 9656 9512 3610 9844 4231 7669 9756 2540 8824 9883 5417 8683 6259 145 1526 953 3514 7443 8989 3332 9747 1569 7078 963 661 211 4911 8471 4886 6376 4128 8058 8445 2838 1659 6562 7643 3095 6908 5780 5700 3485 589 8696 4478 4998 861 7184 7123 564 9217 8736 6186 9138 2506 3388 7056 4598 9568 4525 5259 7725 5333 9392 4937 7284 7273 8986 3383 2299 7667 9626 9302 7483 8711 2332 611 8930 7604 8966 9238 9290 8280 2065 186 4547 9496 4531 6881 9096 3540 1078 5371 7747 8401 6792 3265 1807 2627 4001 6646 6455 5383 1592 9036 9581 3631 8372 5341 3152 6970 6588
7681 6277 2409 4460 0 1964 9904 3997 837 5271 339 37 4148 4638 9762 6085 3337 1630 2864 3703 7634 9514 4958 9834 8699 1289 8244 9293 1150 265 6426 6799 3565 5540 4756 1015 8646 3640 8388 8230 5986 9812 918 6566 1417 1579 4255 6311 2138 2666 284 3270 2137 2508 6814 7158 1053 501 5318 8876 9110 3154 798 912 1690 3121 25 3056 6590 7025 2319 8514 1433 1528 5616 8063 6863 3210 6097 8711 3583 5872 6184 6060 1253 1101 1582 8776 6772 5284 9419 5414 9823 4735 6681 10 2942 8863 4670 2793 7529 7481 1739 3479 8174 5398 2689 6119 5429 790 2329 2790 3353 5247 3544 6178 8065 7708 1943 1935 6992 8891 4203 2358 6105 4860 1099 4502 5266 5423 4594 4336 6661 2551 7451 625 6538 5108 7399 4553 6487 6558 4027 2875 4700 894 1829 1350 1509 4823 3108 7642 9953 3279 6246 2530 7469 4575 4073 5798 3041 9044 2144 8651 1885 6412 1060 9726 3858 7762 9916 8907 3878 5535 53 8813 8701 2561 6464 9765 1683 5100 4867 9237 606 9712 8941 9701 5875 2615 4285 1933 9737 3911 6892 8145 8103 3778 9921 3376
5083 9704 6931 3213 1964 0 5795 1940 7801 2165 9589 7542 7627 8628 2729 72 2820 1527 1167 1096 5585 345 1014 4187 1167 5147 4919 6318 766 5573 4652 1409 5302 1860 1425 4915 511 828 364 8298 7680 8073 9108 7450 8312 9827 9820 9220 690 5160 7779 8725 6113 3226 5486 4770 8390 4144 2686 2061 3446 366 4391 8577 3224 241 781 6920 4057 8795 2234 667 6384 1270 2677 2792 5593 1091 5846 1999 7595 9787 9191 6138 3433 5692 3628 1329 4546 5588 3835 5514 7222 3977 5063 1487 8710 2178 8947 5575 6844 8479 5207 4335 6504 8099 8647 1148 5967 4791 77 2160 1165 5257 8436 3737 4105 3906 8884 6746 7599 6198 4427 4922 7305 433 276 8524 386 2629 8469 3210 1899 7470 8126 3617 424 5585 2001 6382 2558 6720 204 5512 7483 9133 5509 6289 4808 2322 2764 7548 2739 9777 8211 951 673 6908 2437 288 4569 136 7959 1890 4239 781 2832 16 2954 1688 9016 1651 9292 1226 2573 5107 484 7298 8111 8213 9270 1679 8348 4230 4653 8045 1617 7872 3539 1037 7809 1853 7443 9081 4784 335 9106 4776 7284 431
8392 9931 5822 1558 9904 5795 0 9820 9593 8667 7387 7558 5956 2669 9694 2309 4077 1003 7247 4501 9887 6560 9437 8401 26 6433 2878 965 4612 43 4904 5553 5653 6166 3413 9830 552 7185 4814 5224 2006 8344 4449 2415 5644 1499 8096 318 453 3283 2927 4267 4625 9947 4934 9769 5276 4043 839 6538 8879 9073 3689 1245 4794 7087 0 631 7348 1971 9688 4460 4691 7375 9104 5643 7898 5777 2613 3552 135 799 7166 2398 6041 2374 378 9562 1812 9332 4606 2166 9122 8386 2218 2506 5033 8417 3921 2014 764 5755 5086 3217 263 4346 7647 3578 6390 7443 4892 2965 6440 92 8520 1834 6925 4099 9364 5494 8358 7461 7985 2475 2723 4625 4618 6582 2620 8718 2791 1456 3757 4173 6545 7995 6621 3230 5572 104 6613 2581 5771 8628 2238 4851 8075 981 793 9270 7745 8948 4375 8460 2915 9672 5823 7152 2864 8712 8008 2997 6656 504 6330 7680 1729 3713 2182 5775 1487 1959 7634 9977 7791 5535 8732 7930 1552 9050 1549 1654 9465 9825 626 5118 5265 147 9506 5950 6441 5736 6567 8967 2498 2636 470 8714 2796 9892
4940 4238 3500 3052 3997 1940 9820 0 3741 3568 9814 6019 424 9529 1608 2487 8839 7582 3754 2074 8465 1584 3356 8767 2127 7403 2005 8875 717 56 7624 7528 5119 1787 9475 9885 8316 750 6856 9347 524 4708 4346 9739 1497 8626 5117 7036 5447 6063 1062 991 2471 240 3036 5017 9465 582 6996 8719 7581 8951 6630 8765 8203 462 2740 4769 6821 3905 6500 4048 8244 4458 4648 8464 8681 9662 5713 1838 8799 6488 6305 5728 4960 4039 5463 3188 8787 9064 9930 3453 4463 175 3047 1006 9549 4238 1468 9361 1559 6306 623 3918 312 848 2264 2345 1800 1111 3047 916 3148 6873 1315 6081 6027 4971 8297 4421 5796 4453 1952 8709 1608 5568 4010 796 1431 1620 8059 7110 2158 1523 5511 5075 3953 8684 3699 5597 8848 6001 8373 5461 1247 326 8263 9370 9726 4871 5189 3356 1786 8755 4993 9669 5890 6762 1868 6009 8992 9180 4324 9868 6174 9999 2646 5278 4550 810 767 9287 6261 3081 7728 9048 8971 1930 7013 2411 4409 6564 5004 2349 4405 1369 6644 5487 113 9280 1246 8702 4262 957 8864 7599 53 2495 3181 1896
3679 2981 9573 9867 837 7801 9593 3741 0 3931 1514 2309 8103 6983 4505 2633 8455 4733 1495 9808 1310 7447 3660 6173 7722 2073 2825 2753 5646 1076 7689 4947 6536 9323 5141 8085 7203 7906 582 6128 6073 253 3704 856 2550 9622 954 4785 3848 1125 8876 3269 2656 9621 2971 6459 2108 5000 9957 2955 5685 963 3810 7874 1745 6517 5575 5024 2371 1978 5506 9713 655 6413 8583 8652 7241 1346 2571 6441 7163 9103 5992 1584 8064 1072 2136 2404 102 5158 1766 959 5770 4717 2779 6637 7681 9917 4575 3405 8133 241 6936 4742 466 3264 315 8984 8785 620 7763 2972 5017 3458 8443 8509 4079 2471 8962 3296 3390 8188 9409 1354 6985 5579 9569 7621 6864 9203 5760 7629 2809 4568 4373 4146 9183 2306 7611 9256 3439 3311 8052 7897 2026 502 7990 6948 2992 376 279 8774 3970 2056 505 2565 5741 1915 7207 4739 3298 2265 4099 3817 6596 9666 5677 832 3172 3248 6384 3891 5767 9575 5434 7060 1437 7822 1454 7977 6479 4739 9424 393 2913 177 5245 1645 1832 1774 193 3615 4554 9869 9835 5828 8024 6903 336 9395
5765 6499 3185 6198 5271 2165 8667 3568 3931 0 8842 2528 3447 9303 9031 3349 3628 3836 2816 5950 5587 5642 269 3232 5318 5374 3957 3549 8437 8889 5148 6306 4143 6911 8705 1690 5874 8912 9631 4006 8696 9572 6444 4631 7376 9404 7082 8054 9690 8421 8151 6814 3172 7589 815 5477 436 7782 9193 5654 583 860 2273 3490 3058 6815 7586 9891 3623 1657 6771 1010 2819 8239 1789 698 7394 480 7373 4492 2989 9120 271 6482 6693 261 8326 1671 7356 4854 550 5499 9630 4635 2157 244 3305 7200 631 2154 1495 2600 7430 3410 4735 334 5291 5827 8106 9367 7917 9341 6265 4499 9679 2223 1273 7191 2384 3323 4786 3411 433 6927 745 4599 6892 7146 3051 9461 2303 3446 5410 5977 2638 6529 6307 2509 5590 5481 2227 672 8663 5431 1859 4758 7464 7260 3851 5845 3113 6382 3635 5769 6934 2490 1004 5204 7486 97 8412 5173 6763 5031 8962 5312 8078 3899 2793 8456 7927 9261 7493 8530 1607 7489 3640 3499 1450 2194 5420 712 6276 5438 3691 7944 4658 7844 3112 9773 2567 6558 8075 553 8628 4970 8804 5809 332 8163
6894 978 5278 1749 339 9589 7387 9814 1514 8842 0 57 3629 6271 965 6751 6568 8627 9483 2381 8115 3817 5061 9685 1154 1629 2322 5722 8193 1166 2628 6276 6510 1192 7493 2441 5205 1606 9055 6156 3798 9644 9724 839 2333 5257 2843 7274 1127 768 7518 139 6646 806 7869 8293 9146 3469 2519 2227 5479 6069 304 4848 7850 5376 8309 9221 2607 8419 9080 9752 7636 5409 3715 1157 6739 7114 8019 8169 9788 7890 180 7774 4537 6331 2703 9881 5076 2874 4715 6508 5907 3466 9455 6187 5627 4296 6700 6082 9109 9526 3052 8672 3475 1328 3617 1422 4940 2087 2392 9348 7057 8259 3799 2290 5493 111 5567 3037 1718 3009 2344 7852 4551 1638 989 4665 4377 8244 3593 8204 1790 980 8838 2082 5094 7080 4689 296 3020 605 6025 1947 4077 7416 5606 8343 4477 585 875 9459 683 429 6920 6915 7238 1783 3452 9500 1425 989 4652 9842 7035 8145 7810 2736 5443 6577 6836 6795 2770 64 8616 5661 4295 6994 8817 4960 9102 738 8694 6890 6708 2868 5332 7721 4797 4324 5589 9226 6462 1462 2870 3724 253 4735 250 2356
4384 4667 3900 3224 37 7542 7558 6019 2309 2528 57 0 5709 9640 9477 2166 3651 3161 2524 7049 8418 7671 6451 2053 7671 1339 7093 366 2000 5338 8084 2591 9746 392 3223 1546 625 5637 2253 2822 3250 2223 7126 5670 5888 8729 1086 8841 5520 3162 5221 2811 9768 7161 6085 4179 6334 2406 3967 2475 5197 6204 5365 1046 5427 9185 8016 6629 2232 6308 8126 5993 2802 5189 4761 7448 3739 540 6040 5907 4137 8896 5147 3414 535 5771 9540 567 449 5681 2831 4885 4567 3100 8410 6296 8622 9130 8874 8441 9650 9167 4536 9709 5637 5522 1071 6284 6433 829 6241 7366 7494 6295 4833 293 105 6835 126 5677 2290 6532 982 4591 1152 2741 1733 6306 5358 7180 4090 2514 9213 9462 3061 2478 8501 1277 3990 9594 6910 3853 3337 3720 7779 397 9003 9163 7323 6850 7967 8856 3572 6832 2178 8372 9386 4093 1542 6521 4495 77 6345 4197 2812 4468 1494 5015 4695 2838 9294 6306 9421 5217 1835 548 1894 2112 9843 4143 6121 8126 4596 4826 9166 5645 1998 8102 6622 2594 9740 9907 425 5471 1079 1865 1035 8840 9478 3826
2845 7339 6752 2916 4148 7627 5956 424 8103 3447 3629 5709 0 2237 4791 9819 2957 9992 383 6101 2250 9416 5800 6553 211 8718 7443 6580 2081 6402 4578 3869 7898 4538 920 6327 623 9831 245 8661 2335 4282 2808 1230 8608 7125 6717 3127 3957 1547 5811 2457 9975 3599 8480 9276 1716 1436 5452 4891 9610 6733 4664 1866 7264 4133 7550 1667 3505 1700 9379 3514 2174 3800 5118 2610 6303 2973 5292 7591 2902 4433 7378 1445 9221 4705 2938 8870 6080 6480 4413 8874 9443 6809 6224 6418 5415 9667 1447 4390 8291 5571 8206 9399 7519 5227 1779 5212 4583 2695 2134 6372 3000 390 1730 7203 1042 2209 3365 2745 5766 1173 4912 589 4672 3776 3970 6387 8996 5247 6545 275 9134 5960 1181 8922 5712 1581 9114 5151 974 1611 6856 8141 1947 8502 5070 3268 8734 4156 9986 3784 1255 1478 2129 9147 7975 9751 4572 4215 461 274 4219 9069 8377 2187 9386 1862 3436 7031 2112 3289 8963 2370 1505 770 2660 5697 9306 2809 6843 7170 238 7755 2606 7471 803 93 553 9506 5111 4267 2834 1009 759 2436 499 97 1563 2818
3600 4731 2296 9625 4638 8628 2669 9529 6983 9303 6271 9640 2237 0 2837 1328 648 1617 5467 4201 1080 6161 8109 5028 6072 2092 2906 9277 8593 1198 7710 9316 3155 8049 5408 8127 4860 2466 3376 5144 971 6788 3857 8255 8829 9433 313 5212 8631 1169 5871 9696 4350 8231 1998 9885 320 1517 6022 4286 238 1039 1906 2548 4985 6554 6141 8445 6624 7389 8242 6617 7766 9178 9365 7908 883 1500 6311 4277 4044 4573 1554 3152 249 2952 4778 3556 4536 4117 2516 4538 3153 9305 5527 372 366 784 9484 1718 4303 8101 9530 3581 5310 6142 6988 8786 5874 8129 5290 572 5239 8260 4440 9534 2967 8068 9468 4902 2367 7646 6199 7884 3307 1104 3362 995 3070 6751 8281 1014 4478 8970 9238 5342 5950 3147 6906 7979 6901 8278 9023 6277 8558 4915 705 5977 6080 3535 1084 9726 9746 1618 7626 8310 4226 1346 3049 7315 8346 3684 2839 7079 7178 89 8074 7735 1787 9107 1505 6023 8306 3893 8275 9401 735 201 1987 2661 5082 8342 7831 6668 6872 9156 4532 4797 6639 8777 7630 9794 8977 3988 7738 6535 7368 3194 666 974
1246 8467 2768 5087 9762 2729 9694 1608 4505 9031 965 9477 4791 2837 0 5585 1685 5713 7970 485 9154 5025 2846 3962 946 3104 2973 2040 6959 4458 1334 1122 322 481 4397 5735 4083 892 6958 6250 4773 6678 6790 5071 2012 2579 6668 1372 2099 8525 5406 3790 8704 5067 9842 1339 5969 9148 5430 8786 7110 702 3522 4712 2522 6723 6836 7714 4984 6958 5174 6978 2029 2155 1113 7430 8804 4341 1785 2013 6309 2334 149 3459 4543 6796 5201 3250 5706 6992 6636 8031 8286 1414 8088 7715 1146 1533 1563 6647 4805 3468 5405 8660 7892 9785 3432 1523 3751 6068 3030 8390 5125 6515 270 5852 8895 2097 7801 6771 2704 1252 406 2857 3912 7911 5931 7390 7848 7397 8186 183 5270 3858 2534 3772 3462 6859 5750 3903 3586 7481 8604 8762 5213 8990 9904 8299 9397 6226 4794 7440 5078 4018 8522 2169 1310 2127 766 7963 9233 4038 2736 4917 7142 8110 3451 225 3213 3678 2569 8074 8641 7209 6177 1578 8133 5657 7472 9833 8843 1965 1172 1931 127 8182 6087 3711 8131 5450 2052 6999 2045 5500 6736 534 266 7540 8350 4846
3260 2247 8721 2237 6085 72 2309 2487 2633 3349 6751 2166 9819 1328 5585 0 9892 1061 6341 3242 8796 8888 686 2965 9766 9478 5139 6299 4657 8743 6758 882 4744 9224 6410 5146 8534 9823 4616 1955 5563 4908 9354 9641 218 1829 7868 6116 9077 429 3315 9149 6584 9854 9230 6452 9021 6203 9301 6297 3992 9073 4394 9091 6868 7181 8380 9226 1257 6856 6559 2321 4756 3749 9717 5665 1586 6463 2332 7111 4519 2298 9317 933 783 1993 1021 2987 8797 4600 3389 5080 1673 5215 8334 1175 5904 8883 6731 4510 3399 5557 1341 1858 5784 7894 7883 123 473 9121 2704 5390 6608 7559 1059 8843 889 8663 3809 5425 4690 4703 7394 4193 5794 5042 317 2773 6229 7850 3623 6820 2504 1196 9726 6860 9196 8100 351 8348 5229 1857 3662 2151 1688 1322 5042 4730 6932 1534 9625 5387 9708 7732 5603 4505 1839 8835 1145 5466 2308 295 9677 6256 675 4739 7931 1081 8911 3119 8577 1756 9589 6692 2908 302 5518 7440 2972 8669 6049 2553 4856 1906 3779 95 9491 1582 5976 8522 1859 4068 5150 2143 2936 4900 5746 4395 5646 6281
5208 1532 1748 4404 3337 2820 4077 8839 8455 3628 6568 3651 2957 648 1685 9892 0 7481 2600 5875 5281 2895 9562 4618 6928 433 1051 1847 632 6998 357 4346 689 9268 3209 8993 8380 792 850 4131 2742 1940 6030 3702 7142 4024 6571 5620 2431 6744 6898 6183 7370 327 8623 5236 9127 3371 6534 9586 5475 4296 8637 1727 878 8546 2332 7765 4010 5316 6917 2112 3788 7223 9461 1582 5743 4838 8138 1350 9317 8112 7724 3047 1372 6130 2088 1173 639 9971 889 1661 7245 9388 9898 9155 699 1375 2735 7548 7648 642 5442 3187 3294 1778 3878 1473 7036 8178 7572 7524 5417 8971 6724 5060 7191 9988 1506 6295 5516 5874 2982 8247 9116 1795 4854 1612 6485 4556 4791 3083 8963 4408 9632 7348 8105 1362 3242 568 7805 4910 138 3579 4359 6527 9036 363 1204 2186 5868 2684 6920 8347 1513 4023 9800 7471 8399 8063 2496 1452 8685 6885 6700 3682 9190 6711 9470 5362 6252 2236 8780 8593 8947 2690 5576 1667 1488 4363 9555 9852 5711 2812 6467 4811 2177 229 1656 4239 7123 1935 6694 9664 4373 3068 276 8204 3161 8337
1612 2652 956 2270 1630 1527 1003 7582 4733 3836 8627 3161 9992 1617 5713 1061 7481 0 3812 8906 6736 2108 3324 529 256 5996 7553 4969 1184 4727 2881 6791 7607 7916 6375 2692 5419 9860 4594 5207 1731 900 9600 8065 2218 140 3889 3485 6731 6449 4098 5177 1720 614 6552 1682 3483 1888 1086 3673 4475 8815 1817 8581 3019 8261 97 7313 3314 6513 5960 484 9261 1734 952 91 1264 5805 3903 4869 8031 8234 7183 5181 733 7435 7359 2559 8844 8404 3069 2556 9334 361 1284 5645 2002 2579 5575 9459 6015 8633 6968 8733 6855 8287 2886 9470 8815 669 3138 9816 7102 1735 8284 6951 7770 6264 1779 7415 9850 5223 434 2831 6593 4678 5823 7494 45 1154 789 1644 8656 268 4972 794 1155 4662 6708 496 33 1672 1745 5824 7164 9717 528 1101 1740 8216 7180 7492 203 7834 5001 9178 5106 836 3813 2534 9890 2847 6278 6760 70 7908 4579 7634 3115 2814 2434 2983 7233 770 790 8495 9029 3853 9266 8831 1870 4063 1581 1770 6109 8989 85 1313 6142 3635 674 9455 6963 9678 4929 7743 5496 5250 8063 8448
1868 2919 7814 4431 2864 1167 7247 3754 1495 2816 9483 2524 383 5467 7970 6341 2600 3812 0 6971 2047 3556 233 3049 74 3258 3239 191 9509 2420 3577 9127 1719 1484 7455 642 979 9759 8462 1821 5716 196 8747 3911 1943 9983 4189 9990 5154 6540 7391 6151 8502 2663 3321 5695 342 6198 7948 3600 2015 5261 7606 745 4975 8750 6058 9261 401 9643 5192 7697 9275 5545 3240 9118 3538 7542 2541 5418 9190 4182 7000 4149 9171 6943 9190 6346 2619 4519 5645 8101 723 1551 3948 8628 8386 2480 7058 6060 3946 625 4497 9171 6043 6908 5490 8152 8146 8933 4994 8331 4281 152 7820 5057 3867 5542 3608 6712 2551 8138 3337 7212 4890 5707 1584 5905 3855 9832 4710 5603 4323 2906 2089 5038 2460 4584 937 2273 7733 4412 3456 4310 6252 3279 4469 954 7008 7975 6715 3708 4048 1516 3103 546 6137 6966 3079 8473 7343 4722 3490 8200 174 6198 5129 9329 3329 7407 7019 79 7003 6128 8704 3963 7913 5160 292 3919 9342 8172 5577 3449 1211 9781 2154 7241 320 2011 3540 4240 6780 9766 7038 5016 5192 8341 4692 7938
5921 1170 572 2741 3703 1096 4501 2074 9808 5950 2381 7049 6101 4201 485 3242 5875 8906 6971 0 1211 646 6056 754 416 6032 4445 4298 978 953 8618 9971 6819 6956 9177 8002 7606 2951 4889 3253 3057 5990 1467 762 988 7021 4745 9073 2351 3769 6231 4820 3007 5416 1348 3592 1454 9607 5230 1429 5133 6187 2917 5300 497 4400 5210 8927 3567 4440 2006 6681 7105 1218 8123 7670 3863 3876 3117 8093 8801 3955 1178 8785 6118 3730 4214 4274 311 5324 3454 9677 1354 105 6243 908 1654 6335 3990 9595 7140 1337 3833 2766 9666 6891 9828 6262 629 2899 9591 8466 5539 9188 44 2070 1807 7670 7966 4289 754 2646 8024 1178 5566 5484 8342 1490 3604 8265 3163 4328 8847 7759 1646 6178 1179 3234 8432 2656 1272 2716 4778 917 8194 3050 5574 13 8689 8658 4154 1844 6995 7135 8797 212 8791 78 392 8660 2655 3430 2006 2162 2330 3450 7714 977 7815 1063 559 5478 6871 5524 3436 6900 8856 7480 1444 3564 6473 7365 8973 114 6744 3759 3801 6553 7284 2199 148 56 2228 401 5950 662 6582 6650 3649 6509
5863 3405 1649 3103 7634 5585 9887 8465 1310 5587 8115 8418 2250 1080 9154 8796 5281 6736 2047 1211 0 389 5612 2478 1794 918 4974 4129 9691 7394 7187 2199 8739 8484 3821 7349 2796 7450 8574 7942 7724 4968 6919 4875 7388 704 4210 3320 5355 1414 972 4010 5964 8761 1579 5521 899 6413 6892 6480 2296 5519 6214 5634 7706 5292 5187 9718 8344 2968 8070 1332 8329 8836 5495 1171 6288 7588 8870 1162 5996 6686 775 1728 8015 4708 2633 2346 9434 2666 8854 2338 906 6563 6086 1078 5593 1958 4887 8577 3227 350 6589 3220 5130 554 8525 5888 325 1923 2731 7054 7385 8718 7717 9604 7229 7486 945 2179 388 8122 3986 9559 1381 3202 4345 2816 1312 8618 3807 7514 1463 1420 7264 4529 6058 2101 3975 7472 237 4144 2833 8362 2508 9886 6809 4809 606 7224 2244 3829 8846 7016 3922 3829 2591 6616 6388 3170 351 7445 690 7735 3443 7240 9211 5809 6737 6301 6011 5459 3646 8603 6330 2423 9631 5016 3628 7221 5829 3211 62 7650 4716 2253 6587 7947 2926 8448 1694 2579 1324 8452 2496 8317 4458 4520 735 5878
5630 4554 687 8685 9514 345 6560 1584 7447 5642 3817 7671 9416 6161 5025 8888 2895 2108 3556 646 389 0 986 1178 5458 3479 4552 4523 2392 8157 217 4317 4365 2542 1114 8576 8364 5094 9273 5848 789 4029 1709 5162 3936 4137 9967 4760 3802 5043 4609 6460 5065 7480 5590 4067 985 7311 8555 8232 4680 5942 1026 963 1567 2433 9677 8093 8923 4483 2647 9439 7204 6008 6048 4288 381 2807 3455 9869 2646 9034 3159 7500 3261 2400 108 1409 9178 7432 5880 6557 7415 8436 3713 7020 3075 7340 6206 6474 3277 8667 7592 5561 6529 9695 9940 4474 971 946 1281 6997 4851 9778 2162 9209 4292 5490 1596 1283 2857 5796 8799 503 300 8173 23 8830 764 5510 8853 2638 6600 50 3998 8784 5992 1856 8011 8262 7328 7970 8418 5704 6879 6284 9536 3651 8104 2612 9498 1661 7661 7220 4387 7546 7648 8003 1898 2243 1397 3557 6817 7281 4183 7708 9793 5022 4420 9962 6097 8012 7956 5663 7598 44 6819 1381 98 1620 3664 3018 3887 7115 9295 5833 7720 6007 6044 8181 6803 8945 5209 3338 6664 5226 5634 5047 6852 9392
3296 2511 2832 5816 4958 1014 9437 3356 3660 269 5061 6451 5800 8109 2846 686 9562 3324 233 6056 5612 986 0 4441 209 2619 9939 589 2684 8072 4444 2169 8456 1340 2463 2709 1145 2131 4695 7566 6548 2006 2418 9495 6808 4623 2440 6543 3572 8150 6963 1995 7861 5250 6162 9886 1872 9385 5587 8793 4779 1990 7887 2105 6897 2276 1056 3304 5920 5259 7568 9789 224 5843 3113 5039 3525 2176 1665 2143 720 7143 9103 1462 464 6603 4485 6803 9171 3078 5669 4824 9354 9338 2617 3075 8778 7697 6502 9851 1828 2542 647 5787 8196 9264 7359 3895 8589 9057 3789 2618 48 3534 5236 1087 2104 1777 6747 1894 8734 8652 566 9117 2859 3479 5693 6642 5919 7993 6617 2182 6017 7764 613 5781 6443 4171 4716 7431 4259 564 9778 5297 9452 9431 3112 3966 6940 5794 3455 7573 5156 838 9405 7198 143 6353 4861 3418 3901 502 1437 2462 812 7748 1512 7800 4728 1538 7504 3553 2273 6819 389 645 8444 8862 2610 7882 8310 1841 2183 9582 105 7499 302 7322 2488 5783 9788 7428 8946 9218 7530 6339 3434 5206 5708 5233
7892 6507 7996 8564 9834 4187 8401 8767 6173 3232 9685 2053 6553 5028 3962 2965 4618 529 3049 754 2478 1178 4441 0 3112 6510 8535 4352 9460 873 4507 9645 8980 6608 4687 8556 1166 2096 6266 3785 9810 2088 9167 3653 8955 5766 6589 4317 3885 4231 304 4938 2647 3484 5292 4926 4664 3524 6368 4753 686 71 1830 7507 9778 6073 3784 2026 6497 4214 4341 2274 3209 4571 1821 2196 4305 8855 3905 7621 9104 1321 9641 2650 2161 4219 4624 9754 3486 1437 5190 2785 1064 6562 2320 6452 9564 5646 5789 2253 3979 5796 614 2624 5674 1283 9814 8471 9748 4774 8214 8926 7523 3822 754 3705 2381 6080 2181 6846 7980 383 6590 65 6994 5510 6059 3934 6933 515 8825 665 8182 9946 3968 6375 6345 1517 1266 4159 7626 7448 4377 9044 9018 4443 5356 8227 2030 5934 8825 7435 750 5754 993 1636 2674 2232 5087 4198 7670 8185 9713 5830 1517 3898 7980 2288 6265 6626 580 4724 2455 4233 507 2556 6175 7796 9047 6964 2798 4280 3370 5572 2014 1751 5980 7117 8712 4823 1416 8093 7332 8933 3533 9998 8654 2888 9980 7329
3734 1393 5044 6915 8699 1167 26 2127 7722 5318 1154 7671 211 6072 946 9766 6928 256 74 416 1794 5458 209 3112 0 3388 3591 103 4576 2032 1876 4635 3335 5008 8466 4580 7238 6143 1936 487 4819 9423 8895 552 4397 5879 4602 9543 6913 8846 6677 5809 1383 6473 5381 4393 9293 4826 396 1384 1638 9736 7578 5486 5924 1379 4773 8342 5335 1571 3351 9714 3880 2982 6899 3373 111 5906 2791 4542 3985 9827 5178 8468 712 3752 9503 7432 1226 3799 6205 5644 3285 2208 8255 212 7252 6479 312 8548 3013 6683 1948 4161 2407 782 5637 1331 1592 489 1928 2225 9945 6724 8388 5748 2907 2269 8652 679 9528 1201 7740 2661 4504 7808 3507 7813 2064 6129 1435 3937 8026 1150 9541 3242 708 6904 3196 5297 4710 3551 5264 8044 8178 7756 8735 198 3827 7648 1200 8537 25 7399 7317 992 912 2267 4336 3056 8121 4 1534 2598 8545 6872 9160 6829 4603 9686 3013 2180 4950 8665 4415 4588 7747 7667 2939 5451 3952 6662 5512 9530 8819 6843 3266 2518 2535 2734 4171 7820 3475 7952 5576 9437 2676 5148 242 2831
9347 6171 5220 2208 1289 5147 6433 7403 2073 5374 1629 1339 8718 2092 3104 9478 433 5996 3258 6032 918 3479 2619 6510 3388 0 684 6284 4921 8529 6251 9257 7444 6770 4 4526 1263 8003 4891 2171 1547 1639 237 4790 4615 264 7395 8174 2169 7617 1139 8722 4073 6755 1536 5242 4113 7984 1620 5934 2458 9446 6460 8333 2986 9226 4193 5669 2080 8014 1503 8712 7243 133 9327 644 550 3350 6261 5790 1168 7479 9604 9554 1316 3394 9254 6259 6529 4766 2213 5643 6944 4146 2730 7054 8072 8120 3543 1817 4544 1466 55 7813 7642 891 6460 1844 7359 6611 5953 4212 5739 4781 6975 5564 4354 1912 3394 8788 8743 3250 4407 5004 7701 6238 6047 2403 376 501 169 7360 5037 3863 2211 9420 5352 3823 7332 575 5210 3159 970 3182 2795 6371 8880 6411 6689 5500 5476 5836 7334 942 8788 8443 8305 1364 1019 4916 488 3652 1942 1995 6522 2865 552 9309 2873 2549 1489 9576 8330 4675 217 9441 8706 4001 3555 8493 4713 3925 1969 8386 7378 5751 2486 1099 3008 3025 3623 1683 8110 3045 3177 3455 4108 541 4871 6647
2550 9560 8059 199 8244 4919 2878 2005 2825 3957 2322 7093 7443 2906 2973 5139 1051 7553 3239 4445 4974 4552 9939 8535 3591 684 0 7832 4574 4971 7174 6234 7165 3683 7483 7677 3637 9946 1960 2795 6270 2968 4824 7235 2376 6313 3469 71 3572 7346 3565 5390 7038 1774 1417 7449 6074 1626 611 8256 5374 4127 2012 6869 9030 9147 9117 6000 1292 9041 9808 1651 527 8703 6998 771 4175 6876 2688 3137 9830 8074 8094 8806 1796 8388 6272 7996 7673 1366 2281 6122 7188 3117 1850 5805 4906 1170 6110 7134 7475 8954 7282 6437 7498 806 5849 8522 1606 7069 652 7946 1477 4097 3407 9339 9797 2109 8361 4297 1744 3756 1062 4134 2289 3909 4638 3805 6809 2342 9067 2871 6411 2534 1121 2911 8292 9125 9580 5076 3533 4795 4656 1375 1070 9302 3835 1482 5452 5942 9956 9271 1103 8764 516 7014 3458 4591 6002 574 8832 2300 9836 7040 3353 1450 1180 4354 3277 8166 1359 5712 658 9454 5900 6059 9830 9592 8553 2956 9871 1120 2517 4012 3160 4606 5348 4623 1614 5903 9317 3001 2632 8586 9853 8648 1501 2227 6642 366
8331 5600 9692 2909 9293 6318 965 8875 2753 3549 5722 366 6580 9277 2040 6299 1847 4969 191 4298 4129 4523 589 4352 103 6284 7832 0 7903 2096 9568 2532 4030 3603 6018 1863 3211 768 916 1783 4766 9276 949 4327 7710 8074 7833 5256 7236 8078 9082 7389 4790 3282 1273 9676 4781 3672 1240 4343 2130 3179 5268 5519 1204 1565 628 9053 6940 9446 9434 2384 6119 7767 6498 1687 8623 5145 6888 7121 8610 1229 9958 392 8510 6217 3545 6297 8901 6220 9921 3075 9937 9349 6001 1483 1109 6255 2628 8488 7161 1050 9202 2880 352 2819 6890 8121 3002 2644 6396 4241 1011 3292 577 9085 5555 2772 5585 4320 3056 7379 6002 5537 7731 7246 5130 8608 6883 8058 4613 7080 728 2678 56 8270 1918 8277 7016 9614 4342 8531 1459 101 3823 4216 690 3067 5502 3373 5166 5445 608 5315 4861 2082 9254 2944 4567 832 2885 9949 7471 7025 5135 4813 8277 8975 8415 1943 8273 2818 8583 8180 1178 4162 5881 2033 3244 3104 8215 7747 7929 6784 8614 2423 3623 7052 1081 5173 6431 8903 2684 4849 4740 6240 3256 4333 5880 2311
5995 5858 1139 398 1150 766 4612 717 5646 8437 8193 2000 2081 8593 6959 4657 632 1184 9509 978 9691 2392 2684 9460 4576 4921 4574 7903 0 3537 8209 5962 7806 5743 2722 5484 951 405 104 4833 4770 8656 4584 9880 3106 2372 4 2525 6063 5403 2673 5037 6467 944 1333 6495 9602 5641 9999 3527 7984 6383 955 6708 5141 6583 4044 8502 3579 3663 2266 603 983 6085 6759 8137 7825 5137 2893 1863 8043 2867 222 5124 353 111 1102 6757 2338 1482 9482 9326 6155 2777 5911 6429 3817 4739 427 2302 3 2508 6219 5853 4139 3452 8387 7316 2168 2796 9570 4730 4311 1117 2973 5073 9599 3935 2019 6430 6062 7758 5321 285 2371 101 9829 5484 8632 1634 4548 5312 5993 7205 802 5332 402 1577 8511 1575 2610 118 611 5634 8350 8221 9152 7063 9005 8590 8278 6317 3569 4667 6436 6750 6332 6394 6064 8653 1468 6132 523 136 9025 9458 4916 5137 8640 7227 8219 7417 2137 4509 5402 7075 1272 3578 3159 3325 9563 9245 3913 5620 3933 7180 6851 8808 3581 7987 2784 9362 4951 7768 6038 1360 3963 4751 7295 1234
1363 754 4034 4994 265 5573 43 56 1076 8889 1166 5338 6402 1198 4458 8743 6998 4727 2420 953 7394 8157 8072 873 2032 8529 4971 2096 3537 0 219 8190 8752 6540 2446 9839 362 5222 5997 734 686 5643 7238 7004 7376 1297 1696 7383 6968 1601 9435 8194 86 9184 9682 1001 7351 5217 5197 5758 1599 9555 5661 4462 231 8951 5906 3621 5379 9799 9789 5768 3601 231 312 3539 2463 1699 2654 5318 5120 3096 1778 3182 2926 562 8208 3414 3989 748 4949 9649 4917 3776 3705 6766 9050 6352 4316 239 1519 8689 3407 129 6336 3521 1123 2363 4754 9366 4201 3051 9326 5841 3888 8941 722 9628 2787 9212 1729 5748 1209 6616 1585 3657 8249 1660 8554 6711 735 7628 3866 8059 1338 1508 4335 5158 6332 2899 7747 3771 2094 9671 653 4559 9601 7400 2148 2701 1653 9917 2602 9373 1856 8307 8552 4171 4689 412 1912 9593 7943 7203 2211 5268 6302 1653 8891 8636 7127 572 516 7406 5034 6274 1645 176 9726 4004 7283 9712 3986 8887 5741 8421 9147 8173 66 9504 9174 7199 1387 4545 4409 1728 6275 545 4686 2781
5057 7702 2628 6625 6426 4652 4904 7624 7689 5148 2628 8084 4578 7710 1334 6758 357 2881 3577 8618 7187 217 4444 4507 1876 6251 7174 9568 8209 219 0 9411 373 2692 7116 7999 792 2026 8316 6054 8170 7229 1614 1025 7885 5331 8353 9725 7359 2787 3661 927 211 4153 8597 4840 9573 8164 9433 2856 8309 8367 1918 446 9920 5361 780 6204 6790 9211 1563 6130 8131 4324 6555 1720 4087 2070 9010 4389 671 8610 3531 6763 5728 124 2925 5605 1918 5071 5376 9082 3654 3266 6396 8735 7840 1498 3514 9898 6273 9839 273 3858 8488 2244 1354 252 2008 8957 519 774 974 3395 7059 5071 9897 2591 1191 7118 4811 2589 2198 4154 8065 8722 981 3811 9878 4848 7232 3813 9111 8148 7393 4008 8251 5872 3766 9875 5497 7270 5789 4745 5324 5787 6480 1980 1201 5059 5284 7012 43 492 6037 7545 4211 4213 6317 3732 7505 7418 3300 9250 2160 7908 3700 522 9361 8205 8606 2225 6969 6809 2002 5738 9018 1743 5064 5281 4774 8719 823 3149 3128 3251 9196 4757 5671 5210 9137 4948 6413 6854 7504 5074 481 4506 7832 9435
3376 441 3060 6640 6799 1409 5553 7528 4947 6306 6276 2591 3869 9316 1122 882 4346 6791 9127 9971 2199 4317 2169 9645 4635 9257 6234 2532 5962 8190 9411 0 4091 5169 399 7788 5381 8771 2527 7222 4248 3683 3102 1752 7625 9700 3756 7126 2329 2517 281 5308 8045 8423 4432 3496 3022 8347 2771 4269 249 5102 8680 8790 8307 99 6734 3770 8534 5981 3123 4102 2124 7884 1934 54 178 8148 5306 5466 4917 5415 5788 9489 9365 5038 8760 865 7170 8419 2722 2588 9997 4881 3278 8529 7434 8371 884 5331 3001 4054 9314 8873 7789 2839 9868 2311 167 3705 3979 9132 4214 1331 2616 4421 6013 6750 3432 2528 7793 2984 8894 3541 9425 8146 3780 5778 347 3933 7857 7403 6591 6849 242 6778 3450 7363 9423 3221 6792 4103 3147 219 1195 7306 8746 1504 7700 9288 1651 612 5390 5708 1546 1034 4410 8358 2398 7617 3012 1374 4325 8382 1894 4035 6097 6273 9176 8549 6453 4651 2105 9694 7643 4556 3006 9814 3600 1475 9712 5828 6569 1436 2983 4794 2276 526 4699 7716 7588 2334 5358 9327 2197 8133 5098 5203 8851 6434
9103 7660 1616 5886 3565 5302 5653 5119 6536 4143 6510 9746 7898 3155 322 4744 689 7607 1719 6819 8739 4365 8456 8980 3335 7444 7165 4030 7806 8752 373 4091 0 4054 576 1645 1367 1308 1542 8226 2286 9347 5917 1875 7523 3631 5391 2558 7734 1987 7282 3751 582 2103 2218 641 2471 5539 1746 6741 1586 3881 4281 4340 5022 3491 383 9924 143 892 211 9325 1600 2025 1852 9234 7221 7299 5883 441 9998 9369 5105 6998 2411 6599 1614 6481 2824 9395 470 6893 3306 7267 3909 2903 1346 3633 6836 7598 3326 8348 3211 7397 5554 4673 6965 6251 4801 7086 1831 418 5792 2112 4717 9095 9195 9213 4012 3183 707 485 6831 7989 2889 8197 3405 4881 6862 6081 5299 6914 3138 2094 231 3225 6879 9104 1014 5622 5444 4383 1079 5132 406 6182 3304 9908 1867 751 9754 9747 8287 8805 9283 2762 6353 852 4083 1214 5304 3135 2696 3521 3538 3801 7072 26 8774 7003 2722 1864 4378 5389 3093 6071 7016 210 702 2361 97 3730 6711 4498 2833 6753 7866 5940 9765 3353 2351 4772 4262 1557 1733 6752 2741 1082 169 8728
4329 746 9589 7214 5540 1860 6166 1787 9323 6911 1192 392 4538 8049 481 9224 9268 7916 1484 6956 8484 2542 1340 6608 5008 6770 3683 3603 5743 6540 2692 5169 4054 0 3899 1547 2568 5047 3538 1605 6442 5212 6695 3341 9839 6003 9135 6436 4119 1453 3841 7058 441 57 1905 2201 4001 2858 5823 422 6663 4253 9989 8052 9151 2648 1043 7708 1832 2739 3907 8203 9923 3736 1352 9212 8445 3807 7315 2129 5865 4808 6954 7607 3491 4518 5091 2956 6234 5793 5263 5205 4676 5264 216 2173 5833 9161 4125 7468 2655 685 398 9432 7740 9249 1616 972 1147 7727 9953 1371 1715 5811 1876 874 7905 2974 4932 2254 537 4512 4422 7960 2513 9505 4076 8613 8749 2394 6471 3301 8492 2856 2817 9040 2703 8190 5877 8840 433 2728 9077 4845 4332 8759 4390 2012 2139 5814 9273 7041 2882 6846 7145 6808 5936 9833 7913 7588 8692 6659 2083 1791 5148 6670 8163 7732 2175 9249 352 4862 9141 1720 9027 9349 9477 1515 7212 4253 6129 2487 3199 2881 304 4809 4953 4695 2418 5141 7916 5726 7646 9293 4390 3455 8372 4003 8049 9669
7915 4717 857 6164 4756 1425 3413 9475 5141 8705 7493 3223 920 5408 4397 6410 3209 6375 7455 9177 3821 1114 2463 4687 8466 4 7483 6018 2722 2446 7116 399 576 3899 0 9822 9788 756 2768 82 1141 7754 7950 4622 8400 5595 9464 3832 7460 8616 3267 8493 8767 6319 3889 4755 3414 8933 409 7856 8651 4735 1236 9299 5202 8195 4563 4785 383 8939 6582 4922 9801 1742 471 8487 6181 7144 9040 5644 340 8921 4025 4975 6341 7317 9478 567 2393 9459 214 2180 8759 6452 3372 5248 3896 2380 5257 6064 1665 9074 79 593 9212 4590 5216 8891 9959 3980 7523 8932 2353 4870 8726 5410 1298 2133 3579 6591 9642 9441 9357 310 2768 406 4356 3802 8274 8608 9741 6029 4138 1289 1930 5276 9589 9530 6474 4342 4381 2591 5345 2842 9636 9668 8628 1947 22 5391 2272 6602 1011 4306 679 8457 4701 1248 1627 4350 3175 227 7008 1836 4511 8694 776 8197 1110 7943 823 9577 6790 875 6417 3540 5253 9296 2258 3418 8993 3167 4961 8097 8417 2081 8240 5763 7466 6702 9054 7768 5381 3648 9466 5993 9264 9808 4046 6162
2868 7275 6133 2204 1015 4915 9830 9885 8085 1690 2441 1546 6327 8127 5735 5146 8993 2692 642 8002 7349 8576 2709 8556 4580 4526 7677 1863 5484 9839 7999 7788 1645 1547 9822 0 387 7900 5339 8482 385 4866 8471 4267 1715 7898 2052 1384 5158 7541 3451 2801 859 3753 7295 2562 2077 8310 7344 1903 2851 8121 6985 1231 6246 3089 1044 6957 9635 1354 9035 4448 9381 3755 37 6529 6665 5799 1703 2371 4610 6312 8235 7850 5611 9681 4611 6173 373 6912 9818 7765 4539 9749 2978 2357 6501 5032 7278 646 7197 3515 8784 1861 486 7486 5111 3521 2584 3060 4640 8286 8840 5420 6 2198 7161 9133 3532 7314 9086 12 4275 8010 852 1984 340 509 7878 2264 370 792 6156 1931 4798 1946 2284 9053 9671 8167 5511 3105 2927 4022 3380 3496 316 3506 3738 9782 2338 2915 8078 2153 1886 2521 9558 3147 8341 8290 4491 639 6672 386 9924 1001 7967 6733 3797 1478 7091 6168 9261 7889 8252 6701 3922 7473 7047 8937 4637 4975 4737 297 4154 3586 4308 4556 59 4909 4186 9488 9170 9037 2882 8371 9484 2111 2463 9577
9936 8078 7946 2911 8646 511 552 8316 7203 5874 5205 625 623 4860 4083 8534 8380 5419 979 7606 2796 8364 1145 1166 7238 1263 3637 3211 951 362 792 5381 1367 2568 9788 387 0 5953 8060 6738 465 6038 9740 7488 275 5426 267 5006 8475 6552 9435 8430 4839 2822 3547 9569 5080 528 1706 6478 5995 15 1678 5205 5891 9384 7021 3178 9183 6271 527 5427 5598 7049 9535 2962 7035 9555 8974 6354 4053 2849 6027 3240 5564 9832 9516 4344 3791 7587 9531 2236 1726 8721 8120 5516 1268 9552 2337 4300 1718 5027 3484 8402 4546 8050 9914 409 6620 2297 8264 631 5804 2188 5214 7944 6845 5518 2673 6844 7154 9292 2591 6864 604 7953 6420 7869 8105 2352 7653 4914 5302 3440 6186 7947 49 310 327 1886 3878 5299 4073 222 5070 3399 9979 3010 3140 2631 7410 9553 7805 7588 4446 4857 7197 8904 8467 1492 5167 6685 8043 4419 7364 2098 3313 7178 8326 4840 7851 2506 271 9461 6741 5372 1726 6459 8169 2033 5277 3598 1325 4649 2143 8279 5144 1189 2313 1536 8278 5619 3191 1385 7511 8735 5326 8850 3463 4506
7542 8005 2692 9265 3640 828 7185 750 7906 8912 1606 5637 9831 2466 892 9823 792 9860 9759 2951 7450 5094 2131 2096 6143 8003 9946 768 405 5222 2026 8771 1308 5047 756 7900 5953 0 4096 6930 7738 4146 7952 3312 4809 1936 5280 8499 1618 7934 597 5817 7666 5749 9268 5991 973 217 1643 9960 4138 6202 8954 8024 8000 9447 9256 4959 6088 357 747 6323 7861 5755 3453 4735 4369 7450 9326 5707 3997 3001 3713 685 8204 3229 887 9863 8874 1756 3990 6535 9741 3871 347 5590 5977 1263 2059 1288 4877 7955 7232 8702 8148 5996 2614 4667 1638 3727 3688 9181 5469 939 6218 7054 6952 1177 3705 2811 830 2227 6516 6185 7820 2820 6519 7926 4963 5109 5681 8323 6697 6598 2621 919 2355 7600 8471 319 4328 6375 7644 5421 4808 3286 727 7498 809 1545 8193 3970 9961 4079 2469 2579 952 6551 7457 4987 775 9890 768 6690 1221 6062 6390 5210 6371 9053 110 4556 9940 4106 6745 5903 1283 1944 1214 8262 2013 5050 1798 353 9446 7630 1913 9481 5229 1603 8871 6807 5123 8193 4284 7253 4755 2624 2466 677
1909 1945 233 2367 8388 364 4814 6856 582 9631 9055 2253 245 3376 6958 4616 850 4594 8462 4889 8574 9273 4695 6266 1936 4891 1960 916 104 5997 8316 2527 1542 3538 2768 5339 8060 4096 0 6237 4429 8502 1792 6591 3997 7506 7919 4812 4997 686 6763 3515 5225 7835 212 7206 6119 6015 4654 4675 1185 6811 6173 5237 5282 8282 3459 5386 3429 1996 5514 3014 9007 1759 4361 2674 7523 7788 3870 9067 1796 7722 9000 1933 5359 7851 9279 7912 4960 6390 8507 2756 2211 8537 9408 9348 7802 2818 7239 297 6178 7371 8485 8002 6025 4863 3758 4678 2509 5060 4977 1089 4435 27 4613 5239 4677 5099 9634 1999 4877 5336 5979 1554 3171 9120 4937 2833 9660 9860 7206 4270 7695 1382 3582 5848 1030 8936 4821 8491 5973 715 7188 1316 4354 9503 5153 105 7945 7886 5236 434 7777 648 1739 9342 8940 1688 4075 4028 2198 1934 7793 5725 4435 1745 24 3439 1113 7636 9332 2561 4115 3606 386 6578 3507 520 4560 7284 6966 4047 9157 8841 7895 6791 6556 1576 4429 3463 8820 9625 11 5789 2935 4201 2846 8511 1527 2593
8311 6103 9212 4870 8230 8298 5224 9347 6128 4006 6156 2822 8661 5144 6250 1955 4131 5207 1821 3253 7942 5848 7566 3785 487 2171 2795 1783 4833 734 6054 7222 8226 1605 82 8482 6738 6930 6237 0 1263 1886 2528 297 6925 188 7488 5592 4935 7805 8885 5168 8267 3018 5372 7539 5161 6246 169 3748 1709 8820 6743 9461 1034 8121 9803 9573 9314 9466 7845 5955 5374 9789 7675 3036 904 2958 3793 3249 8049 8293 7024 8029 8185 5448 4371 1243 6024 727 3067 4118 9922 4120 4676 8050 2687 627 8786 279 3179 7621 1002 6898 1639 9332 5443 9910 894 5101 9376 245 3021 9857 8299 1143 4055 2451 9972 9694 313 5413 6975 6414 1648 8968 2141 1976 1963 6904 1484 2826 1347 8485 1382 2523 1359 3106 9665 567 2786 9439 9400 5722 1225 2773 2529 131 8921 8684 6783 4680 5446 6298 6535 8655 2148 7398 4695 8739 6828 273 7983 9457 9106 2571 7138 3742 3092 8854 3284 3868 3352 7647 7942 9293 8375 5981 3008 8616 9631 8372 5599 9810 6993 7307 8862 4469 4238 2988 8396 704 2047 8566 6401 8858 6277 9361 8977 9245
468 8798 2724 391 5986 7680 2006 524 6073 8696 3798 3250 2335 971 4773 5563 2742 1731 5716 3057 7724 789 6548 9810 4819 1547 6270 4766 4770 686 8170 4248 2286 6442 1141 385 465 7738 4429 1263 0 6753 9340 5623 5703 2411 6827 8072 139 251 2644 4772 4620 4363 204 1256 5954 4363 7974 1763 8009 1480 2969 6731 9164 856 5672 7535 1570 2601 7555 6035 4542 129 3421 1180 90 7878 5607 430 2060 7967 9504 6914 2209 324 2321 310 8103 8266 4199 3744 1520 2826 3411 8683 8553 2286 7181 2397 4241 7977 1462 1173 9706 4954 9250 7414 6421 279 7523 3433 3932 6736 1373 9099 3239 4281 252 4117 9830 2311 4967 1698 5025 1606 8005 1364 5677 9882 7000 7355 1397 2084 996 5282 5094 2397 2118 2609 9027 2574 2009 4593 385 8428 3701 9696 8145 7623 2496 9311 5447 1916 4536 7787 9784 7645 9172 7657 2901 4836 2674 2351 7702 4509 3300 6654 5743 8871 7224 933 3651 4111 5244 3778 3579 499 6179 5296 1863 335 2765 7479 6500 2726 3849 7130 1493 2675 7637 8208 6047 2218 5145 4300 5941 1399 6515 4392
