200
0 2263 5565 7200 7038 4479 6549 6188 9310 488 2464 4002 7922 7516 8112 4733 463 634 9802 9431 5527 5069 8892 6201 9729 7517 595 4210 2622 2293 9921 5764 9323 8525 2544 6055 3800 3369 5125 8190 7238 1299 8118 7876 8490 4399 3279 5956 5476 6180 5306 9017 5104 760 8331 2848 7507 2194 5263 4914 623 7398 3174 549 4727 9277 977 9160 7768 6582 9875 5815 7189 8074 1340 7054 713 3817 4202 5541 3177 4038 6808 5694 4757 2366 2001 5403 1127 6833 8320 1690 2145 900 631 7992 1599 945 1781 755 5204 5209 3654 3549 9554 9357 9356 9540 6717 5502 6939 8923 5151 8125 6827 9032 6147 9541 6168 9322 4341 1222 2290 8569 4297 3671 5915 9699 2960 7784 961 4735 5800 2361 2598 5155 3181 3176 2153 8376 4472 5355 2396 3095 36 7709 5325 1647 6938 8405 6039 5090 6277 7872 9372 5837 2503 8586 3461 3252 9067 2663 7186 5255 705 7945 3436 2700 1459 7459 9041 1794 4801 4850 9456 3980 3666 5418 9542 1715 5217 1999 695 9251 786 4438 4820 4395 3709 893 971 2666 6635 8123 8312 8201 683 4442 1061 3252
2263 0 6714 4418 872 3102 8964 1808 1936 3633 3525 6960 5580 8806 330 5298 8527 4294 446 7941 2308 6331 1061 9401 3605 2700 9978 1294 6231 9782 1372 343 3937 2906 3917 267 9900 4708 9380 3008 8463 3620 4661 5618 4839 9228 4658 4167 3821 8151 8991 1455 7879 9976 7476 6403 7721 3175 7826 9593 4114 7769 9421 8653 9588 5679 2469 6622 9647 1700 9288 8952 5257 6726 8588 1 6227 4184 2897 9218 2929 3940 5475 1362 2384 2239 5823 6902 108 5666 5175 4326 9587 2251 3289 7109 5002 2244 5907 1383 3994 2478 3090 3467 7092 4059 7938 5525 512 7617 7244 1665 5898 1495 7358 1848 323 8691 8070 5383 116 9396 4388 7029 3096 3498 504 9530 7504 6096 5204 1567 926 7946 5237 1136 2853 8700 5491 1825 9115 7590 2987 9735 2397 5654 5296 2899 9432 8438 6315 2933 5977 133 5905 5828 4189 4423 2841 7778 4387 4190 5507 2828 3153 2106 331 9902 7303 6281 9582 9661 9716 9733 898 66 4028 9403 7359 6532 5365 2596 6 3215 9728 5481 8923 5035 1457 2514 5512 1781 5531 8659 588 8546 166 1198 9682 3350
5565 6714 0 3223 4435 3906 4667 833 9900 8459 7835 7057 7444 5129 506 2787 938 1132 9846 4712 8827 4521 645 9903 4777 8403 9829 2410 6799 2879 2819 7929 5289 4307 9806 5214 1417 7687 4988 4183 1061 763 3587 3057 4430 5770 9634 4640 9563 9100 5112 2844 1059 5232 4024 3015 2388 1281 7921 4510 768 4020 5367 8750 1726 8207 6395 4091 2340 7381 978 4479 5728 2525 6842 6509 4820 7594 567 3883 4962 5046 2937 1440 1300 3384 4205 3627 322 5470 5359 3272 3425 4907 9920 8157 8793 9757 6815 7241 4566 9490 6502 6722 4826 2931 2379 6150 8849 9623 9190 9656 9791 918 3041 1795 1843 4697 4856 1780 1211 5360 2004 5577 2528 7681 4463 5752 926 6145 8408 2219 7394 9060 3538 1928 4564 8104 9191 4220 6474 2020 6509 7725 4345 8707 7003 310 4459 2635 8289 5679 3487 2514 231 4272 3812 4101 8248 5266 4284 544 9089 8430 9706 984 3492 8968 7028 8773 4201 5831 167 1908 5079 5728 1165 9658 5806 7134 8909 5649 8065 5954 9788 6263 6917 21 5398 3601 4832 6762 8718 8778 9473 680 1413 7025 9294 5162
7200 4418 3223 0 697 6560 8411 8372 3283 4865 824 8676 2153 7402 3837 5404 5504 9421 5299 7826 8969 1839 2152 6510 6385 6353 2390 7275 9900 2351 2178 7901 5663 5751 370 2596 7941 3915 7847 5619 2007 6126 921 1244 9673 4495 9130 7417 3673 4853 3426 8472 7811 782 4244 4060 9765 2458 4236 3136 9158 4681 548 7 4749 6803 3380 7023 1376 3210 9926 2846 8194 4813 1387 2940 916 4966 1397 3054 6784 7226 3760 5157 9453 6172 839 7521 1897 1267 3626 335 4330 6201 2302 9567 2849 7835 3703 6725 8984 4029 364 7601 2139 8538 3542 731 6704 324 4196 1101 1420 6152 4177 2430 1926 331 2337 6920 8040 2616 3514 9035 3340 3066 9492 6773 4804 7504 1133 8864 9652 664 7883 2953 3678 2193 957 3157 5236 4385 5356 5908 3776 358 2144 2753 42 2600 5664 1804 5962 7794 7639 651 4643 8681 8508 3212 4886 941 9333 4655 4737 8570 8428 9877 3975 8461 5067 2260 2265 7259 1189 3336 1511 8641 1816 1482 2138 6119 2699 6450 674 4994 1526 9007 6994 7255 8292 2563 3406 3313 1882 897 7670 9817 384 8792
7038 872 4435 697 0 6478 2070 6048 9157 2591 7958 9892 8917 9132 919 8239 1149 6586 633 5082 8179 1196 3199 4014 1773 1600 465 632 3906 9318 8313 4473 397 2845 1913 7936 1279 6854 3984 6738 7896 3462 7697 5942 3271 9415 2340 4133 3167 7738 7963 1293 247 6132 2579 2867 9434 9703 3932 4000 9705 1116 6558 1119 463 3472 3347 9142 4258 142 5563 601 6931 6417 9559 9172 2106 5719 7409 4178 9360 8959 1650 5222 2256 2574 4249 9261 9840 1186 2812 3979 3229 1576 4257 4918 7767 1233 1275 9034 514 4337 3038 939 8611 4862 7680 7453 5298 2785 144 735 7409 4696 535 5126 802 8826 7562 649 987 5019 6618 9773 3955 9514 5408 5368 9930 2196 8007 7104 2482 349 1278 6035 9044 1547 9694 4886 3425 6434 9102 7607 7347 9903 3916 455 3365 401 4462 1141 5413 298 5349 5157 2791 6482 417 7526 1852 2594 7056 3547 7004 8127 6570 6602 5414 8204 1880 4057 3085 9446 2600 8339 934 3320 6438 5361 2809 9650 7571 1563 8235 3005 7111 3147 283 8331 1556 3249 8859 2687 5951 1398 5865 9959 7694 9134
4479 3102 3906 6560 6478 0 5048 354 5212 3910 6094 2067 4409 9985 7282 9940 9637 9180 4820 6511 2422 5245 7446 2283 8935 3660 492 9336 7086 6170 2686 6089 7226 7169 6145 7294 4756 7114 7266 1340 4859 9379 6866 1237 7203 8646 8727 7495 4996 4013 5816 2891 9500 9963 3071 9490 6651 7408 8 2847 3293 3447 6764 5542 6951 1101 8812 4956 2884 1815 6480 951 4608 849 2254 8286 1816 3799 8 3383 5901 9864 1713 6460 9554 3745 3306 8668 557 5389 6958 419 1835 3783 398 8872 5369 1281 9207 3188 9538 8628 6988 9311 1040 4606 3260 7595 4362 4986 5098 2239 3771 4129 8465 3020 2725 7059 7335 666 3595 6581 9365 8035 8365 4739 5380 2104 110 6546 2844 2534 696 4775 6340 6792 4075 2576 5488 1878 2477 5228 6606 3466 4455 7097 6309 2575 489 3393 7573 8336 7506 6434 8396 6111 4240 5705 7278 6435 2557 614 5256 1201 471 9728 4162 4346 4848 358 6516 6412 2075 1879 26 7897 1290 6918 7000 5497 9783 7992 3086 8562 5812 1659 9856 6999 9226 1674 9162 8201 4769 2808 6239 71 2470 4981 948 7537
6549 8964 4667 8411 2070 5048 0 7544 4698 8605 3771 6242 1604 647 9338 2958 4878 4771 9734 3308 5985 7162 2001 4023 3531 9849 5175 3895 3748 5203 7876 2071 9697 7706 721 2892 9096 1862 7204 2612 3309 7618 6702 1131 9938 8158 8214 2653 3141 2220 7383 8794 6094 1384 9361 8805 1150 2164 6892 6760 323 4141 8297 693 5388 1425 5508 1732 2387 9206 7183 9241 3444 4345 6596 5020 5942 5184 460 2331 7437 2073 1750 5847 7215 9875 8236 9585 4828 1949 2842 4378 8283 3967 7745 6323 9387 8874 8412 8930 7375 8117 9875 5821 242 1593 3194 9257 7792 2617 7021 1598 6511 4016 60 7222 313 7210 7543 65 9111 3244 1566 4168 7981 23 5667 9640 8858 8782 8683 1315 5692 813 8140 727 8120 5749 641 9551 3238 6229 8818 520 3666 8995 4760 7606 9439 754 8716 7723 3836 1854 8227 6085 977 9310 5942 1486 624 676 6006 2697 9274 7766 5130 7862 6702 7454 6225 3236 3747 3656 1399 4297 8762 1250 3795 5327 733 8165 4247 1002 3561 2988 5059 955 2715 5366 2055 7192 3846 1676 9337 3174 8528 9730 5679 7054
6188 1808 833 8372 6048 354 7544 0 1115 4849 1021 124 367 6352 7463 3887 2095 180 5469 94 2706 511 9163 6719 8033 672 9376 8424 1102 7291 3967 4276 5097 7400 7347 6246 6433 9944 7166 7273 1356 9772 1991 1885 7269 8498 5152 8008 6305 3782 7422 2192 1247 5599 5672 8854 8487 5079 8579 4384 726 9197 1318 3059 5375 1359 3547 8185 1407 542 4496 6870 5626 5370 6767 8855 8439 5046 3080 195 1970 6902 2233 4664 6400 9543 1601 4744 9247 2207 5502 4606 5781 2854 6988 6128 1999 4236 1207 2017 4742 8186 4025 4720 7652 7189 8724 8196 7063 1302 1361 2081 8053 4588 2163 8092 5479 2723 6177 2712 581 6504 2325 2883 5219 4324 765 8557 9940 2212 2355 1504 4489 805 6384 1107 8193 9095 2839 5498 5506 6176 5418 6220 5913 6731 1375 4054 6190 9518 1590 1965 930 9902 2954 5450 6045 1905 5737 2783 5750 1709 8804 2017 6688 332 3131 5510 9933 9971 2029 5264 7874 9189 6225 1678 1959 8646 3441 8072 9391 8575 1894 6180 7098 38 7038 1958 6268 5081 7830 5100 5752 2752 7241 9938 916 4220 3673 9397
9310 1936 9900 3283 9157 5212 4698 1115 0 5389 9673 3176 5506 182 364 4815 7767 9996 7947 5723 1859 7811 1637 1099 5241 600 2189 6920 5849 2074 3628 9217 4979 576 4047 3084 6100 8158 5703 4168 1413 4340 3024 9372 4950 1074 8005 4309 5191 3291 7239 3379 7950 5960 8236 1834 6503 7924 3921 8631 6233 3830 1686 1718 8186 412 7792 6535 6756 2857 1026 1705 8348 1376 156 3637 8854 9276 5185 8530 1646 7769 949 8803 1555 3289 6502 3721 4394 4330 2762 7853 2944 6565 4323 8233 3885 1960 6947 2782 3142 7093 8186 4858 2530 2072 2991 9093 9832 3500 5289 6041 7253 3082 2074 7083 5103 2402 9377 4716 8244 9083 8701 8299 6876 383 7179 9001 8820 1473 2379 5607 2161 3997 1266 1107 6280 1101 5200 773 8519 5662 983 8248 5723 6981 7339 8718 7086 9715 3360 3453 5681 3011 3056 4562 8839 2220 5768 6329 4718 1693 6528 2646 1524 6122 9879 1860 2437 790 9494 1706 1707 5766 2669 1370 8567 9758 3656 6082 4373 1382 4670 2767 3075 1993 6607 3838 3386 6586 9746 630 8015 6396 294 353 2933 7342 4161 2273
488 3633 8459 4865 2591 3910 8605 4849 5389 0 1391 8441 2386 162 6835 3012 8842 50 5023 9030 81 584 1707 3913 7823 2458 841 906 4412 554 7271 8143 8022 9654 5157 1168 5476 8381 4590 8184 6497 1834 4818 8678 5391 7901 7592 2335 5915 5566 647 1435 9895 7620 5863 8583 6199 8389 6052 8619 5942 3946 8588 5776 7999 1427 3096 9811 7262 1031 380 5135 9595 1726 251 8200 347 8364 2716 6403 5145 2054 6197 4599 3374 1677 4924 2159 5795 1094 8344 9976 7840 5282 3504 3047 8163 8657 1121 8587 1050 811 8087 8974 336 2755 579 700 2311 9310 7529 9767 5809 3928 3471 9017 9144 7042 464 8744 8940 6524 7682 7919 4786 6157 8272 1185 578 2996 3408 1031 8359 8858 6184 7185 3084 9236 8157 5640 6474 8829 3011 3470 3994 1856 9101 3281 7291 4569 8796 5476 3881 3456 7093 1663 3782 8026 9509 4196 1551 4646 6598 3710 5765 9552 5500 4426 4237 3425 6214 7548 3655 3313 7635 5697 6697 2355 6635 3183 4840 9412 2712 3721 2005 122 9632 5526 3408 4256 8587 5554 5879 2948 3931 8326 3972 8562 2830 7334
2464 3525 7835 824 7958 6094 3771 1021 9673 1391 0 6727 4057 3914 8235 8883 5326 7837 9732 431 155 885 7247 8832 7407 5409 124 7280 7972 8698 8994 7662 2633 2704 7927 3364 4200 39 6354 8030 7431 3239 7684 4625 70 7057 1654 9614 8622 4590 1640 258 9223 9818 6017 4574 8706 1124 1949 30 4353 9328 2814 7718 6558 5189 3870 2260 1095 9969 3944 6733 4926 6152 8438 428 570 5047 7922 5081 7288 1677 610 7702 5496 3380 5412 1140 662 1982 6792 4430 4619 5863 1358 7862 2653 5231 4838 7492 6515 1958 5451 2826 3189 3216 6583 5927 9619 2001 338 4539 2956 5262 1147 4415 4339 9862 8414 9345 8271 5916 1503 6846 4904 9875 1741 4354 3238 2400 3908 4610 9391 8618 8854 3501 1694 5612 4572 728 9443 5216 5103 3715 7334 9064 6585 2561 7306 4561 1886 8312 2165 5913 8824 4797 3412 6512 4964 6303 384 3723 1408 104 8161 9315 6991 9406 1148 657 8972 4210 2451 6254 3897 3288 688 6141 7010 3663 7126 3068 6005 4246 1417 6271 1530 9163 1443 1316 2778 903 6609 5228 6733 3256 807 8999 2994 8065
4002 6960 7057 8676 9892 2067 6242 124 3176 8441 6727 0 9588 6992 780 5094 4344 4063 830 3954 1005 6937 4105 4139 4484 1377 5377 2370 1353 7425 6616 902 1759 6147 6079 3661 8126 9959 480 4801 9864 8552 1762 7965 8408 7508 4545 5554 6321 5265 6048 8231 1024 971 8413 937 5308 5907 9083 9758 6728 3346 6228 8975 5767 5633 4264 6169 1854 3781 2521 9202 691 7162 9240 8760 4540 815 3371 8298 8311 3345 5446 9340 1121 138 6207 9209 329 2316 2329 1300 3365 9258 8902 834 1552 1520 9168 1878 2761 5867 647 8558 7173 5595 3510 7556 2110 6087 6161 9330 321 9620 8432 6119 1185 4523 735 6099 7106 5149 3898 2771 8935 6832 4053 1015 4251 6494 1172 2152 6578 4490 6556 4564 7425 9330 5860 519 6655 8947 9150 55 6119 8791 4150 2362 9745 9367 6792 9531 7934 2851 1307 952 4506 3426 3070 8370 254 1701 992 5302 604 65 7361 1302 5863 7042 4542 6617 5543 9680 250 472 4858 6015 9481 8335 2221 9543 2100 3719 644 3517 9434 4484 5522 2155 5651 4368 2797 7880 3501 784 4615 6371 3110 9910
7922 5580 7444 2153 8917 4409 1604 367 5506 2386 4057 9588 0 7316 9949 4975 9926 7831 4862 951 5926 2077 8804 6519 211 9399 5873 8057 634 9341 2852 6216 6206 5583 1498 8852 4697 9415 3962 1855 9348 1527 1770 441 8005 8857 8771 606 1781 2556 8552 9917 9282 2815 2163 4158 6884 8370 8043 9330 5948 9500 1071 7307 962 7378 3494 8358 9972 6658 8863 3339 1051 1816 8940 2958 8862 1486 6391 9355 8321 5175 3915 882 4339 278 4623 8682 7365 6843 2423 2267 3294 790 3897 1782 8537 7225 8027 2646 8071 3202 7925 5514 2953 6862 7566 280 4685 2669 5347 797 1090 1647 704 535 3448 8627 3819 5171 8106 1528 7245 6698 3017 292 4954 7 5436 8763 196 7503 470 4968 120 3050 2735 7919 7755 9521 195 4662 6271 5143 5745 6145 6109 7310 2484 376 5847 1486 8891 7187 1209 6071 28 529 6546 8672 9069 7106 9053 2679 8692 2790 3329 7172 7273 9994 1466 6168 1559 2670 1169 3238 1919 613 2411 7177 1449 1259 5334 709 4185 2256 1465 9251 5839 7155 9782 4672 7605 4376 9492 2598 4288 9202 6090 490
7516 8806 5129 7402 9132 9985 647 6352 182 162 3914 6992 7316 0 9674 8439 5979 4389 9511 4412 5875 1567 10 7432 3123 2357 7885 5644 8244 9433 4730 8632 4438 5915 2130 3921 3407 6450 2265 8505 9653 8770 8488 9326 9013 4790 8101 4892 7249 2836 8108 7342 129 8153 9960 6912 8719 5099 1751 4001 6355 9175 6953 3435 336 7313 9197 7278 6542 1575 7943 5508 9853 6116 7046 7836 127 8562 4792 5769 6949 488 1700 4401 9106 5067 4157 1416 7780 8965 3184 3459 5192 6549 2354 7985 1251 3383 8560 7448 6242 9483 689 8124 7063 5837 6481 4776 12 7960 9210 5095 122 3062 8289 6050 1249 7564 1196 3069 8034 6401 3280 848 4994 4343 3151 9746 9745 2012 3315 6435 6825 278 5317 506 7053 310 1198 3692 2562 9592 4102 8055 1414 2636 5252 9295 4522 5379 859 9299 1000 3187 6327 4359 229 8130 4082 874 2204 825 4628 807 6278 2724 8062 71 4356 3000 5584 9478 3458 6034 2935 2936 307 7783 4990 3991 5888 7547 803 2475 7311 7524 9991 6697 1796 7892 6449 3669 1464 9737 7235 6621 8095 385 692 8228
8112 330 506 3837 919 7282 9338 7463 364 6835 8235 780 9949 9674 0 6591 6910 6771 2760 2092 5382 9330 9030 5335 7597 3638 8594 3641 2028 1652 6826 9576 203 8028 2441 6307 215 8260 7992 5111 3687 7522 1237 5677 816 2257 7325 5996 4913 3238 7279 928 2431 1412 1682 6033 6581 5976 2794 9121 6058 5133 6199 2585 4826 153 2809 2426 1287 418 3031 9668 9602 8532 8510 7675 7331 1446 7284 7514 2227 4739 304 7511 7540 5172 1011 3368 6155 3193 3664 3389 4229 199 9124 7486 8544 6649 3066 2899 4877 8481 8778 1099 4380 1820 3336 7505 2271 2860 5822 9229 7322 5032 7311 6569 1454 7409 6120 3921 5804 5316 3870 1101 165 9279 143 8683 8141 2551 4118 4960 553 9672 2701 9092 1106 791 1422 1812 3349 5128 879 5230 7637 772 4625 7141 3509 7753 8095 9949 8137 5902 7427 6186 5768 8761 7902 4338 1827 2106 2643 3882 1482 2640 9791 6245 8034 1731 2772 3330 7383 173 2543 2743 2407 7756 4767 7662 99 9012 7827 5720 6764 2112 4345 6598 987 3674 4183 3047 9569 6153 5131 9071 4437 2862 1521 6074
4733 5298 2787 5404 8239 9940 2958 3887 4815 3012 8883 5094 4975 8439 6591 0 3864 2652 1044 2197 1882 4762 2383 8992 2642 1388 7897 5404 5881 5987 8420 2861 5291 7311 526 2652 6180 9767 8025 4089 4081 5826 8697 5731 5075 1318 242 8806 2649 1649 4206 229 136 6773 1057 2011 8688 9027 6177 9138 3322 1597 200 2934 7560 3265 7048 3324 8693 4576 877 3482 8757 2927 7075 5592 8806 842 5255 572 9027 8391 8784 4213 7582 4870 9256 3396 4960 1845 6201 5458 1090 85 6629 8174 2376 3299 4557 5322 1067 1520 1685 2663 4660 4683 1885 8207 3346 2618 2038 480 3623 6663 33 2801 3852 553 7171 1826 2317 3443 9734 420 3551 470 8768 7154 2417 3508 5540 1971 3638 7516 7369 6411 2687 6340 1833 6798 3587 1774 4052 6850 9258 567 4132 1724 2010 3514 4682 9945 7457 6840 9590 2573 945 9722 8678 3934 154 469 579 6759 7953 5011 9269 1418 5254 9211 8257 5739 8800 6166 8736 3707 7811 3024 4348 1493 8882 4579 9610 7876 1076 8935 1109 2968 5045 7133 9504 6194 3668 7244 6104 6288 6661 854 941 7881
463 8527 938 5504 1149 9637 4878 2095 7767 8842 5326 4344 9926 5979 6910 3864 0 9545 7614 26 4653 9104 6240 6459 7336 6285 2969 7217 104 7766 2582 2542 3544 725 6603 5327 2856 4962 8080 9347 8050 1325 4474 2586 3505 9219 7416 8058 6142 1653 1697 3641 8906 7764 4162 8663 4357 1007 5672 9606 9363 3713 8105 4644 6246 8937 1508 1149 8150 5552 4168 200 1020 6417 5685 6479 4015 9750 4562 2541 7660 9364 5228 4385 8012 1696 1396 4273 9575 1692 9628 2214 7105 9233 4200 7844 6345 7765 8356 8176 4209 3200 6508 5447 7184 425 5508 3360 4949 5066 8181 4632 9295 8739 7826 1611 2300 533 7025 5342 2129 4070 9028 6819 8563 870 3948 4245 8098 8241 2917 5710 5302 5610 2274 1463 9321 2795 3696 6306 6565 5437 1365 9748 3989 9946 9609 5762 8243 740 9811 6375 1647 3405 4877 9371 5706 3673 5290 6465 1658 2096 6317 889 5898 2392 231 8499 840 483 6345 9853 3099 4178 5520 8095 1953 820 7496 7777 3420 9250 5884 6164 1011 2347 1808 1548 9683 1594 6431 349 3480 2162 8395 3910 8512 3441 3168 5855
634 4294 1132 9421 6586 9180 4771 180 9996 50 7837 4063 7831 4389 6771 2652 9545 0 1068 5479 5062 6452 219 5736 8995 9734 8022 1473 324 9912 9195 5904 6096 8019 2240 3491 5705 5015 5416 4379 2757 9114 3673 6990 5359 5367 3768 1091 7139 3368 984 4127 9026 9366 5384 7789 2014 4382 6958 5810 2803 1457 3060 6101 6727 122 8226 2307 9283 3834 144 4330 7421 5013 175 3053 7848 146 1861 8597 4195 7271 6961 3584 9544 6401 4172 3340 4276 5335 9681 1107 7178 8492 3784 7848 6769 7986 5571 6601 3617 2725 7421 7786 2002 812 5425 7905 5177 7307 1896 4925 6860 5355 3846 3819 3526 1009 4881 8064 3817 4682 1582 8923 5906 2003 3483 6742 7654 3437 5401 9787 2298 3962 1945 8765 8544 1793 9474 8795 2328 4586 8514 3868 8690 7637 2337 6443 4626 222 2277 5390 9544 9618 24 2921 9512 8096 3291 3641 8715 2554 9574 7595 5961 4713 9649 7019 4475 9586 2731 937 4206 2169 1389 1144 6317 680 1244 1372 1021 2607 1332 802 9306 2312 6869 6316 2231 1069 1330 9897 7829 940 2998 1965 389 2978 7042 752
9802 446 9846 5299 633 4820 9734 5469 7947 5023 9732 830 4862 9511 2760 1044 7614 1068 0 1852 5222 6791 6212 4336 8665 8035 5578 6822 2439 9057 6744 4113 7639 6417 345 9507 6937 3031 1640 7737 220 2184 5866 166 3975 6915 6824 724 969 5335 1743 4422 4256 2366 86 2701 7000 4738 7707 7848 4830 5568 8419 9716 6098 2975 232 6968 2991 4454 7192 6627 6432 7264 9739 4523 4362 2053 2877 6252 1999 4199 9272 9575 7799 4061 2613 3408 1164 1928 6596 2644 7452 1454 1004 4137 1545 5847 4287 9109 7215 7324 194 8151 938 9243 2338 6926 2360 6229 8759 7917 7882 6905 3288 2264 5210 6889 3578 1222 7046 7025 6579 8009 3379 51 2135 6565 5173 6613 1367 7105 2623 2590 7171 8003 7878 5731 7497 1265 7228 8148 3063 5300 3676 3398 7647 1983 499 537 1870 7083 6475 3946 3167 2313 8704 2126 6093 5016 7190 2994 3568 101 3851 2759 8427 6489 6833 5890 3553 2572 5077 5132 6298 3169 649 1148 3434 2824 8994 3056 8484 1244 9286 5252 1876 5843 3509 88 7447 3341 7304 7625 5038 8700 5012 8187 9823 8979
9431 7941 4712 7826 5082 6511 3308 94 5723 9030 431 3954 951 4412 2092 2197 26 5479 1852 0 1673 4845 6691 5680 8371 5497 3040 7578 7387 5065 6574 2987 1310 4590 6877 3990 5149 5121 305 393 4232 9117 3331 31 9312 7994 5518 6270 1919 9575 2697 4997 7868 8937 9466 579 3425 8130 5967 7842 2722 6170 1955 5431 5734 4828 6430 9581 8659 9053 8792 4275 6686 5153 1547 4397 1332 2042 3461 6063 6085 977 2280 5 9131 7275 1486 3338 2047 2727 3874 6927 3715 9487 8437 8939 5860 713 9046 9388 5999 337 2356 1243 9149 3404 6675 6523 3519 2517 2943 376 1683 9058 4826 2576 7234 9808 6357 9358 1576 6960 8973 7716 6198 5214 1966 8491 1610 9257 1107 482 9379 5206 2602 7641 1420 1938 1966 8978 8442 370 6022 5980 2864 1290 6468 3865 3691 6657 7995 1215 3603 392 2830 2070 1317 6592 9141 4955 7480 8148 723 1704 9579 8733 7278 1298 5578 5967 5136 6072 5675 8285 7744 4914 2208 3454 5235 5625 8100 3928 8638 4784 4703 2476 5023 8293 8351 7425 2190 5957 2475 7314 9271 191 9536 8952 2380 8101
5527 2308 8827 8969 8179 2422 5985 2706 1859 81 155 1005 5926 5875 5382 1882 4653 5062 5222 1673 0 5033 7367 140 9078 6829 4126 8866 4182 5987 7542 8075 7827 7865 5043 6561 8705 7721 4640 5580 2833 5691 5995 6389 9103 5334 3616 6273 1787 3090 2613 9614 1184 2752 4017 8815 7879 6344 8390 2045 1209 7728 9998 5975 7454 8982 8450 5814 5838 5744 8930 2017 6496 7985 9030 7382 3658 7048 7075 8087 6719 3840 3564 6055 2225 8741 4647 8735 4297 60 3047 6817 196 2559 8872 1520 882 2297 3033 3175 8473 7101 8617 3987 6524 8687 5468 4550 9311 1753 8402 4109 135 7238 708 7690 3155 9025 5036 4461 7848 901 7280 6991 5043 7444 6472 3537 749 8620 1949 6151 7025 147 6654 8859 8328 3321 6731 1326 1257 6766 6287 8751 6966 472 9578 472 6276 9239 4129 5000 8895 7871 818 4685 5567 5043 7642 7306 8124 8426 119 3072 1403 8900 8731 3193 7920 8131 415 9993 1201 4467 6703 8656 6606 3888 5757 6420 5207 3077 5636 771 3864 4038 7413 7813 7263 6289 7723 3111 1415 3782 7887 5321 4077 5531 7844 9434
5069 6331 4521 1839 1196 5245 7162 511 7811 584 885 6937 2077 1567 9330 4762 9104 6452 6791 4845 5033 0 3353 6090 9833 474 7115 4312 4396 3059 2117 3976 5091 7412 6240 8521 3098 9122 9512 2867 3391 7252 4104 7432 4643 4759 8065 9439 530 3336 1249 8699 5086 2209 2242 3059 5843 3701 5400 1024 1107 6929 224 3493 8997 2503 3462 6899 723 4900 2084 2563 332 1154 119 4765 6353 558 3934 3940 6186 8379 7606 6125 5365 4306 8870 5835 5420 1180 4772 3218 4420 6668 5142 7539 9856 1037 1001 726 4456 28 3289 919 7739 7427 9813 1085 9828 7364 7106 6376 4123 134 4567 3419 5892 3760 8130 6130 8833 6784 8395 2363 3166 121 7539 7933 9943 6001 1662 9261 4805 3270 8077 8380 3075 9443 9661 4315 8267 3069 9831 9507 2446 9876 6571 6760 8395 1783 1130 8967 3395 601 302 9531 5669 3745 2388 1078 6409 3480 108 6532 1268 7140 4372 4864 8721 5383 3535 5533 8743 9610 6310 6943 1656 3117 1790 1176 6039 6366 6728 5045 7571 8461 6524 2053 6827 730 2741 3148 4278 5787 6282 6902 8056 6992 7204 2015
8892 1061 645 2152 3199 7446 2001 9163 1637 1707 7247 4105 8804 10 9030 2383 6240 219 6212 6691 7367 3353 0 1361 6313 2158 4783 6379 2063 3908 7113 8182 6969 1639 6298 5809 1966 9441 7999 928 2401 1902 4108 5688 4506 6996 184 9794 4187 4090 8128 4527 8661 7844 1690 4013 3347 4061 2605 8480 2097 7125 4180 3627 423 5705 8937 1405 3442 3397 6828 7054 5881 5264 9836 7429 8647 2198 6100 5413 7565 8360 5437 9148 3857 756 3527 2073 4298 1414 8134 778 3096 444 2487 9451 5293 4437 4033 1383 2825 6381 2741 1593 1904 6466 553 2934 666 8282 7192 7742 5165 6381 3134 2339 6341 9619 2750 3741 8112 5229 3644 7027 6721 6361 7934 2487 2932 5915 4549 3918 437 8957 5390 5140 1711 3482 8797 8786 7677 6671 265 691 3498 9384 8330 316 8260 2165 4925 5118 2308 1939 1017 5084 3473 2731 5228 6703 1220 2559 7858 7976 4170 9178 1613 7964 7927 6421 1928 7712 8492 9385 8578 35 1040 1139 9588 73 1374 6975 2209 4861 8539 2812 6946 3678 8824 586 6989 1502 5787 3365 2484 2137 6188 576 4249 2547
6201 9401 9903 6510 4014 2283 4023 6719 1099 3913 8832 4139 6519 7432 5335 8992 6459 5736 4336 5680 140 6090 1361 0 5548 7954 6050 9370 5328 6126 5430 1182 1330 7512 7469 5805 806 3242 7658 3211 8729 5327 7404 3519 4195 7056 8181 4439 7775 7134 9918 6959 1127 8309 1526 9436 3230 3190 5150 5680 3867 3340 1986 2421 2373 226 354 7730 4720 1629 1557 9234 4075 3187 877 8162 7125 2618 3595 5371 3363 8517 4150 2229 4192 7970 327 1137 7059 4266 7082 4481 4028 5302 96 6621 2133 9542 5636 1353 9877 2632 7255 5884 3765 9106 6410 2595 7691 9666 6241 1623 6386 5683 2595 1823 5445 6307 5552 7113 3809 1602 3126 343 1305 7311 5425 363 2694 1797 7801 840 2035 2071 4621 7886 2036 3030 3407 4671 5629 3312 6307 8758 6551 810 373 8489 1966 5059 1326 2613 2019 6368 9639 1688 6604 8599 7239 8907 2703 5678 9505 9405 8805 9556 1402 6272 7753 4213 2160 8586 5289 2116 4395 7413 7389 8647 5053 5249 2906 3340 5463 2989 6883 1198 5582 3821 1305 8491 4470 9668 2245 8537 3322 837 8902 1973 2205 6862
9729 3605 4777 6385 1773 8935 3531 8033 5241 7823 7407 4484 211 3123 7597 2642 7336 8995 8665 8371 9078 9833 6313 5548 0 8 9847 6635 5161 3184 752 1391 1935 4433 2535 3703 5667 4992 1962 5602 6623 6104 1913 3444 9999 742 5308 2903 8805 1250 1806 2574 6224 3474 2130 8518 4406 6704 1029 9629 5152 3403 3788 9023 8749 6176 4007 8387 3108 2389 3520 1365 8767 6722 556 1134 9087 599 4415 5618 5039 8696 2457 3306 9779 970 1645 5212 9237 1605 1934 9247 8450 5113 8117 6269 7833 7258 9031 2556 6567 7588 3601 9918 8974 8170 5319 4085 7969 7912 2887 4347 2273 2716 5838 817 9612 519 5834 8284 5326 6400 5670 5100 3180 1424 2038 1076 2342 7016 4189 2905 2629 5943 36 3960 2231 5808 3607 119 3999 2181 7507 3953 5212 7172 157 5650 3575 8110 5472 236 4377 8108 7869 2596 5994 6996 3291 2349 1824 7560 2851 8059 919 4912 5595 245 4269 3375 6924 572 7301 296 8586 5745 7949 5104 1763 823 5355 757 7501 5333 488 2185 1949 3622 7337 1611 6519 3784 5685 935 242 9179 4397 3814 1120 3678
7517 2700 8403 6353 1600 3660 9849 672 600 2458 5409 1377 9399 2357 3638 1388 6285 9734 8035 5497 6829 474 2158 7954 8 0 7277 933 2672 3040 9677 8770 2926 2773 1039 5629 4450 3097 4477 7035 7927 2288 1106 8314 5669 8684 5872 5404 8290 3199 9733 851 9270 394 2237 415 4695 9961 270 3589 5391 5831 792 5617 8390 7459 6742 4895 8492 9393 4988 7072 7155 7785 4889 218 266 504 1130 4783 9365 7594 6858 2732 1075 5380 9452 6666 865 6487 8354 5406 42 7762 3002 7806 6691 1329 343 4081 8110 553 3653 7283 8710 3789 3842 8272 9689 9973 8049 4353 7469 7290 3435 8520 6399 3780 8991 2666 2672 7821 2564 4664 4210 8173 1044 7997 7807 5536 3864 217 760 1434 2070 7611 8034 4689 3870 5829 2370 9242 9698 2496 633 9960 9270 6621 2792 5027 7346 7434 5761 4201 8330 770 8801 4574 5319 8024 5143 5829 9818 5368 6214 492 3256 5503 5 6482 6573 4727 2310 8169 9925 9771 1703 4750 6614 6129 8677 7317 1384 491 1318 6957 7053 1341 7752 468 1961 2811 6059 1811 8997 4867 217 2542 7641 1734
595 9978 9829 2390 465 492 5175 9376 2189 841 124 5377 5873 7885 8594 7897 2969 8022 5578 3040 4126 7115 4783 6050 9847 7277 0 8005 3548 2739 9117 8536 2545 2871 4314 1935 8013 1749 9890 87 4264 8495 531 303 2614 5778 5467 3684 1221 5561 6978 4408 2535 5517 6507 8499 5718 7923 7219 8660 9789 6669 4149 6888 3808 8319 6782 3651 2060 1559 6667 3373 2107 2295 9544 3695 9650 5153 4859 4288 9226 5372 5085 3520 3621 3631 2665 70 1384 5537 7179 8248 9770 5445 7748 9752 3288 3165 201 577 1632 5371 5932 5747 9409 3339 5336 1 9800 110 1807 8680 668 5215 7926 820 8697 9185 490 2243 6504 4945 8214 4274 6490 6680 8715 5041 279 8374 3687 4597 4852 2060 1488 9952 4865 1688 9688 4991 20 9688 89 6415 3754 8955 7446 3564 8198 3191 5909 9525 5707 1089 7463 3093 2479 3656 3280 6306 6925 9244 6381 5079 5452 8288 6766 4100 3734 3926 8417 7652 7456 912 618 7516 7329 1276 5053 5980 9857 2061 9161 6740 4264 4479 7968 9507 1431 1282 3879 5829 360 2228 5201 348 5175 8821 3605 9608
4210 1294 2410 7275 632 9336 3895 8424 6920 906 7280 2370 8057 5644 3641 5404 7217 1473 6822 7578 8866 4312 6379 9370 6635 933 8005 0 2604 6578 3922 2751 749 4774 6899 9084 1693 5968 5064 1093 2790 5173 4023 2060 4286 4869 5187 2941 4544 9317 3144 2142 7416 5940 6098 4597 5944 1594 7813 4395 3545 4740 3424 8654 3973 8775 2961 4743 8285 4516 2221 7836 6068 5322 6666 6714 5572 313 4864 9909 9125 1040 8521 5149 5619 6700 2909 8972 3015 1716 8186 2917 5739 4414 2361 5116 6668 6189 2612 9891 6516 3385 7560 244 5029 4374 1938 8775 7006 604 8319 4677 3181 6209 835 6493 2782 9399 538 7897 6343 2939 924 4118 9755 1024 8806 8119 4080 320 3829 2247 2954 2263 2048 6573 5736 2531 6109 1982 9061 7090 7836 7094 8060 6717 3463 7253 931 9114 6620 6915 8372 7202 1792 6536 7380 3229 820 536 6046 4589 7677 6793 9279 3929 4761 8441 604 7786 2977 4667 8642 3161 2218 8510 325 8754 3748 3585 8061 9526 6719 5627 4155 2595 9921 1211 279 372 1522 9250 7528 2025 1262 1946 6710 9418 3340 4466
2622 6231 6799 9900 3906 7086 3748 1102 5849 4412 7972 1353 634 8244 2028 5881 104 324 2439 7387 4182 4396 2063 5328 5161 2672 3548 2604 0 9698 1220 1417 3137 9448 2681 8430 4503 9586 2305 9625 1259 5312 4576 4278 7627 4198 1604 7715 5822 5338 7379 7796 3622 4373 3900 1855 2843 1081 4605 4797 7411 5234 122 9425 6639 6462 9105 2912 1092 1808 2146 8441 8541 3024 4557 9765 9724 2349 9323 7214 4897 131 8585 5708 817 337 9978 6597 723 5811 3985 8797 4404 6971 8409 5080 3778 4120 2964 4138 5071 5594 8559 1708 1972 6160 4323 1680 8747 1451 455 2372 885 5498 9790 4592 6030 6426 6825 9275 8699 7209 7110 8966 9855 6289 1961 7507 9255 8209 6135 4512 1260 6458 661 535 3926 630 1947 214 8794 5634 2283 8356 2882 4430 7212 2126 3966 9741 3336 5885 1958 8614 4763 6813 6621 5928 2421 8323 8057 3590 7605 8276 3125 3273 1079 8051 8920 2578 8524 8210 5644 4934 4081 7869 5017 2964 9244 3374 9778 7038 2524 843 5996 6212 1464 6600 2702 4009 12 5182 919 1313 1979 2296 3427 4662 3157 268
2293 9782 2879 2351 9318 6170 5203 7291 2074 554 8698 7425 9341 9433 1652 5987 7766 9912 9057 5065 5987 3059 3908 6126 3184 3040 2739 6578 9698 0 3866 8322 6335 7428 5097 4708 1710 1872 7163 9601 3723 4094 1883 1702 5534 8386 1000 1805 4356 2370 3175 4035 2770 3755 1854 3169 6439 1511 3987 957 5781 2159 3198 126 6842 669 2609 8224 5396 3329 9413 5142 627 1353 1429 5257 5119 7381 3346 4916 7267 3806 8367 6242 5540 111 8698 5463 1931 3897 6424 9545 7350 3544 5999 7608 9665 4002 5897 1859 5741 5837 8378 421 8338 407 3342 6845 8661 5078 2438 7313 4998 422 4761 1642 7747 2827 9929 233 3647 8097 5940 2674 9232 6028 1827 5874 5832 527 9416 4539 3905 720 6503 7802 843 2296 8681 6079 7736 7334 1426 456 3174 2629 9498 5014 7155 176 777 2157 6731 2100 838 9641 9786 7334 5589 6416 5074 683 1355 4362 3375 2834 857 871 119 4628 6220 4027 9375 3175 2310 6950 9750 1434 3846 9166 7722 4869 4301 4765 8166 515 9746 3939 8996 4012 9104 7982 2766 1394 2237 1809 5368 2317 1289 9528
9921 1372 2819 2178 8313 2686 7876 3967 3628 7271 8994 6616 2852 4730 6826 8420 2582 9195 6744 6574 7542 2117 7113 5430 752 9677 9117 3922 1220 3866 0 4686 6739 26 5246 4549 9424 2443 9544 3554 1711 4900 6744 550 9679 5680 3472 8952 8592 1624 7638 4162 1632 3394 5343 5477 7783 8101 9940 2969 3563 7378 3098 6790 5970 6618 7008 3709 9545 2806 442 1002 2443 8313 6299 6866 157 1035 4306 1720 575 3619 1827 6032 2244 5536 2618 2823 9708 2203 848 4499 857 6356 1770 6610 3660 4422 7060 6853 8947 6578 7565 1815 5056 9026 8071 7873 4735 472 9835 6018 222 31 3314 2206 9473 9899 8060 7950 7515 7295 8621 2749 2956 685 7832 1456 5610 9849 2034 749 2612 6729 1370 6886 183 8401 8896 8300 9480 5504 7730 137 7190 7610 6517 3184 7108 5346 2684 9550 5861 3868 6003 5008 4322 2760 5132 8724 2051 9435 3660 633 6821 2637 8679 7037 2670 7662 9919 1391 9110 6148 1507 7396 531 2262 7317 8598 4504 3725 2547 5012 8270 9013 3443 6276 630 4918 6134 4997 5014 6508 4693 9359 1327 3122 8691 8370
5764 343 7929 7901 4473 6089 2071 4276 9217 8143 7662 902 6216 8632 9576 2861 2542 5904 4113 2987 8075 3976 8182 1182 1391 8770 8536 2751 1417 8322 4686 0 5527 5662 2779 4085 1696 7887 5723 5821 8578 7094 894 7743 1089 1876 9168 6144 5608 6106 9621 3088 7273 9550 7904 9900 4607 145 1998 3758 2353 7874 8036 1679 4389 401 1691 6551 4098 9912 4376 6708 2452 3755 7161 483 1849 7469 3926 6143 2178 419 1078 1443 7150 7158 2962 2996 4626 6184 6117 9893 7924 2579 8313 3259 3544 7575 5808 7005 3784 2669 9799 2697 8219 96 1501 1093 5499 2888 3956 422 9658 5104 8126 4561 5212 3527 9234 7327 9759 6567 5679 7996 6731 9591 2996 1204 9397 6038 5796 8176 2490 9127 1442 9383 5563 3241 4285 2077 4250 6342 7697 6440 1440 8761 6655 412 680 3030 8324 1443 2658 4087 7295 6225 2203 5293 5584 1449 2542 3509 5131 528 2352 3615 7456 1500 2562 5833 1039 7188 6656 4277 6508 6804 6774 6269 8926 3951 5960 8949 8088 658 4606 701 35 9255 2386 9984 810 8090 5781 9871 6776 599 7887 9203 9327 562
9323 3937 5289 5663 397 7226 9697 5097 4979 8022 2633 1759 6206 4438 203 5291 3544 6096 7639 1310 7827 5091 6969 1330 1935 2926 2545 749 3137 6335 6739 5527 0 1243 6118 7075 5624 4830 2411 5859 4725 3162 6667 5573 8076 1934 7446 371 6898 9390 4792 266 3517 9884 9617 8558 7271 7973 800 2686 3817 3792 6598 6484 2826 5539 3974 4991 8506 4134 93 2135 4605 1715 3907 4505 901 6368 539 2659 4969 1859 3006 5054 973 620 5973 7707 7160 7375 2785 1553 5546 9232 3572 7770 7579 31 2178 3622 12 8324 9140 6131 888 4466 3208 2428 1032 6068 3154 1949 7799 9013 5677 15 671 9200 9540 7501 6195 3293 7476 8199 3460 3761 2427 7096 5984 858 34 5294 5000 2961 5348 2581 4748 1496 4823 2014 556 2728 4067 5599 8849 8081 8708 9289 9382 358 4472 9942 1777 3575 2865 3253 7126 1786 4208 9154 8348 8600 2886 9473 8664 4839 8791 5845 1724 4244 3365 644 4258 2916 3279 6086 8456 3495 8657 3758 4929 8542 6628 3683 2474 7771 6910 1371 3953 2211 4753 4371 6921 8063 2577 693 6640 9143 4283 6568
8525 2906 4307 5751 2845 7169 7706 7400 576 9654 2704 6147 5583 5915 8028 7311 725 8019 6417 4590 7865 7412 1639 7512 4433 2773 2871 4774 9448 7428 26 5662 1243 0 8021 3938 4619 7376 6796 285 4060 160 9498 8300 2067 8177 5115 1556 2166 8647 1249 1933 5884 1268 2787 7940 8876 4157 244 4219 8723 8143 5838 1235 3852 8522 1940 2219 6440 5074 8021 7093 7777 8548 5282 3273 6451 3096 4172 6932 7140 85 8404 6794 7068 7435 5023 8367 1421 6971 4073 2531 377 742 382 628 2656 2375 487 7839 8859 9811 9318 9384 6286 3445 7096 5239 1923 4626 444 9821 9733 1236 9637 5678 7524 796 1506 9146 1490 563 8505 4279 3063 6811 4211 7952 8240 4313 9465 5662 2709 3267 9262 7800 4073 8693 4030 5910 1282 628 5125 9736 6863 7681 4778 3204 3923 5922 6162 9274 7397 368 9040 6975 40 7821 606 622 4651 9517 9561 2394 6859 7098 7053 9270 9525 140 7019 2935 5635 8376 9235 8784 4115 5198 1200 8257 1721 7265 4508 4349 2914 3143 9869 1036 9535 9104 9153 2923 457 8566 6655 9479 1661 1223 7416 6595
2544 3917 9806 370 1913 6145 721 7347 4047 5157 7927 6079 1498 2130 2441 526 6603 2240 345 6877 5043 6240 6298 7469 2535 1039 4314 6899 2681 5097 5246 2779 6118 8021 0 5779 696 7918 8116 8685 6120 6665 5655 5875 3227 5141 3727 3369 5742 9074 4528 1378 3506 2404 1041 5576 5629 5565 5971 4903 306 6857 6890 5083 6260 9600 8196 2080 5708 4609 84 408 1590 9389 2389 194 1213 1833 4953 6740 6597 2990 715 6984 9776 4485 257 4236 2 9999 1786 1569 7784 3962 8223 3254 8444 4099 5198 9535 4871 2206 7123 7264 881 3355 723 4342 6228 7798 177 2766 7667 7370 9887 9146 1265 7059 6225 5725 4132 6790 5377 7432 5534 771 6069 9124 7574 7617 6382 5139 3926 3716 7225 2992 544 3861 4899 4699 2035 6666 2436 6587 4779 6594 9800 1635 5339 3859 3646 1751 5833 4081 1861 3318 4650 220 323 5616 9294 4294 806 7485 3572 929 7030 1566 7435 3371 5097 966 2419 2444 9319 40 8368 9832 5762 7616 2945 7575 4578 2879 6799 4577 7610 8844 3990 7091 2849 2595 3635 7352 5584 7017 4605 5595 4463 4596
6055 267 5214 2596 7936 7294 2892 6246 3084 1168 3364 3661 8852 3921 6307 2652 5327 3491 9507 3990 6561 8521 5809 5805 3703 5629 1935 9084 8430 4708 4549 4085 7075 3938 5779 0 2427 3926 7333 5733 4985 339 8316 1465 4638 9947 3895 8495 1596 1885 6853 6719 4734 7215 7841 7271 3096 6386 1136 8903 9267 1842 7210 6892 6275 4123 8368 708 3017 7721 5379 1983 5541 8158 6839 5398 6126 7913 1605 422 6677 4489 1638 6992 2244 7293 2096 358 4833 149 6217 8812 2697 8483 9402 4686 8959 8510 4510 3282 3053 9946 2536 5778 1496 6810 423 3409 6193 6406 3968 8988 7045 8604 638 5285 1094 4638 8081 9481 8969 6303 8273 3029 9854 3940 1151 265 3593 9226 9295 2372 1400 153 6656 8685 7249 2613 8656 2817 319 6499 2542 2226 1760 4905 2183 9688 4950 2373 4589 587 5708 2904 6140 4337 8408 5622 560 148 7818 8701 8211 559 3416 5003 3835 3215 1623 1895 4966 8560 1508 4543 9508 2230 8782 7687 6748 1281 8932 7662 9244 4538 7313 1765 3160 678 2926 3890 3445 4006 4530 8070 2057 4214 1130 6338 6878 6135
3800 9900 1417 7941 1279 4756 9096 6433 6100 5476 4200 8126 4697 3407 215 6180 2856 5705 6937 5149 8705 3098 1966 806 5667 4450 8013 1693 4503 1710 9424 1696 5624 4619 696 2427 0 4177 7964 2446 835 6045 6768 5577 4188 7231 6398 1141 4241 3065 7857 6502 9815 8035 2044 69 6145 9687 9792 3153 8214 3796 2598 1531 8814 2441 8621 2961 8535 6481 8556 3807 9323 8130 2225 1456 1716 4540 2865 1817 5190 3082 4538 7093 2256 9143 8784 7768 6101 3876 5235 3876 572 1440 9329 3938 6402 1384 6110 4382 4958 9396 4797 8140 9878 1733 7681 7970 5025 2293 3256 8086 8384 6181 495 2115 2696 3388 9099 3887 6850 2586 5984 7627 9215 2150 5109 5534 8342 4133 7144 4774 7856 1265 1522 6051 2200 1124 9822 9079 681 9130 3827 6618 7948 9171 6460 8487 1062 130 6826 3854 2544 1350 6579 457 6964 3687 4398 4763 5746 7033 2562 7990 893 9801 3823 9291 3778 919 2014 4472 6390 6784 4572 2011 813 300 1085 6478 8437 6967 4410 4461 7971 2225 2425 5106 1095 9893 116 3239 1095 221 9271 8162 6197 8913 3659 850
3369 4708 7687 3915 6854 7114 1862 9944 8158 8381 39 9959 9415 6450 8260 9767 4962 5015 3031 5121 7721 9122 9441 3242 4992 3097 1749 5968 9586 1872 2443 7887 4830 7376 7918 3926 4177 0 6734 7268 7138 1839 9553 8411 6173 7575 4296 3197 2577 4181 4267 5153 6917 5388 9972 2969 8468 4251 3793 7905 7866 8534 6109 8375 622 1273 8513 7135 8084 6515 3638 4638 788 4761 7129 340 4251 3943 9314 7101 7885 9954 6989 1711 3186 1227 9114 4060 8159 8172 6040 5776 3517 4063 5167 7276 2080 2522 8172 6316 5881 1290 5281 2892 512 7176 9591 2313 9672 6995 7586 3701 2488 3326 2224 8490 2340 5494 2799 8248 3728 3563 3826 3886 5742 7742 7788 4508 6151 4105 2737 7428 8388 9838 3855 6708 2553 1741 9185 6047 8040 3812 5507 8338 2908 9118 9758 4687 5364 9722 190 9745 6126 2781 4929 2588 434 8016 8726 6986 8338 5762 6637 1862 1271 9180 6624 9903 137 3567 3206 4575 4094 5944 1940 7289 5954 6739 3809 8077 2072 1683 738 682 9661 3350 1477 3658 6439 2855 2411 3921 7698 5071 1989 6793 5753 401 3303 4863
5125 9380 4988 7847 3984 7266 7204 7166 5703 4590 6354 480 3962 2265 7992 8025 8080 5416 1640 305 4640 9512 7999 7658 1962 4477 9890 5064 2305 7163 9544 5723 2411 6796 8116 7333 7964 6734 0 5203 8974 314 8058 7550 2141 8213 968 7100 9749 5859 4246 4421 5246 1740 7507 2085 3059 6238 6285 2209 9594 3688 823 8662 6183 4511 735 7884 5009 691 6641 7886 7761 9542 2892 7192 9792 3602 5170 3924 8296 3263 8474 3280 6592 3668 8532 1041 7514 8215 1729 9029 456 3946 762 8857 3440 8707 9840 5996 4448 8222 2696 781 4467 1012 6341 696 5981 5299 5164 9666 4210 8952 4804 631 49 3783 7710 1453 2279 8969 6552 6220 8956 1661 6332 1391 1588 5994 7221 5702 2944 6379 2048 4110 9793 9105 5909 1974 6267 9179 8999 5858 883 2287 7578 6213 4168 9293 4493 9750 7016 6412 9322 4012 5175 7271 8419 9000 409 2606 5081 9234 1002 7888 8372 1223 558 1485 2375 7896 2296 1154 7677 6242 6246 9717 3515 2026 4768 7586 7629 9917 7047 3239 7382 875 5596 8472 5687 1457 7318 6482 5841 5809 9906 7510 7084 2025
8190 3008 4183 5619 6738 1340 2612 7273 4168 8184 8030 4801 1855 8505 5111 4089 9347 4379 7737 393 5580 2867 928 3211 5602 7035 87 1093 9625 9601 3554 5821 5859 285 8685 5733 2446 7268 5203 0 4931 5335 5438 7049 2225 3926 712 6610 1145 5305 1244 1436 8157 4470 6500 342 7692 5296 8604 9602 7168 4751 3347 313 8935 1659 8626 7683 2148 8642 5416 6489 1428 1443 6953 9699 8828 7353 8770 5650 9085 9200 3079 5836 8314 4966 1125 9710 3384 2424 4303 3159 9483 1589 7223 4632 5216 7000 1038 4393 3615 6705 9669 176 4170 6207 854 160 7307 5222 4951 6745 1069 6791 6550 18 9597 7368 811 623 5841 8687 3936 7426 5588 422 4910 9440 1468 3567 1238 4660 1697 1720 6391 2451 9847 3399 5797 4044 3238 199 9802 5462 7539 2583 2236 9956 4357 5593 3142 2672 7765 4033 1460 9451 1674 7163 6550 1617 3760 5335 1518 1522 2433 2974 5559 4519 1451 7611 7554 1671 4703 7218 9129 5636 8392 4840 6836 9372 9523 3486 8596 3892 1478 5594 7980 2886 4378 2060 4805 5855 4856 3616 4172 598 4210 1428 1435 2031
7238 8463 1061 2007 7896 4859 3309 1356 1413 6497 7431 9864 9348 9653 3687 4081 8050 2757 220 4232 2833 3391 2401 8729 6623 7927 4264 2790 1259 3723 1711 8578 4725 4060 6120 4985 835 7138 8974 4931 0 351 1660 6063 1588 4624 9800 795 5065 5434 981 4373 8518 2382 6974 6873 5874 9421 1730 9575 3187 6382 7262 8926 214 6758 8145 5754 5701 9416 4810 112 9674 2324 3064 9693 1807 2380 6117 2821 8210 6981 4786 1189 643 251 4997 2318 3678 5213 6173 6480 8518 9139 1351 9853 8584 3678 8525 6070 1612 9130 6515 2816 939 6156 8295 7518 7152 1052 3956 415 4781 4184 8159 6720 3921 1447 7500 3624 3778 8934 3450 1489 4384 3391 796 1866 2076 7206 1963 127 5203 664 342 4027 271 4842 4620 9613 9082 5480 3695 5001 6282 7883 4248 3728 9586 2339 4022 4992 9418 3967 2508 3907 1921 5267 3521 6455 5711 9039 4655 5306 7494 4063 2963 3930 3809 7772 1354 5051 4239 1127 3859 9228 5742 1171 118 552 542 6806 9833 9831 6117 4529 5502 1258 3505 9481 4336 833 8536 9319 5265 2889 2494 3693 8922 3050
