250
0 7212 9834 1728 4047 9217 983 4052 1904 3271 5100 4660 6168 6200 4156 6487 9909 2253 9098 9427 6387 663 4873 8268 4612 7793 1810 8953 8487 29 9784 2310 4339 2442 9424 2810 5825 7522 1484 7464 209 5520 472 8519 2615 3794 3153 4820 45 2048 3410 4431 7060 7957 6511 5775 3769 1184 3712 3940 6393 3123 243 1510 322 1819 6464 3479 8368 744 6057 311 2542 8730 116 8490 7624 9240 106 4929 3035 5932 6196 836 8126 9756 9547 3323 9492 9861 5223 9958 1289 3690 6855 8040 7566 1219 6662 3637 2704 7480 9677 4597 594 6787 2662 8135 8274 4282 4011 8629 8208 622 9203 265 2754 4463 8642 4260 1322 5936 3293 8973 7524 5520 4353 61 5928 168 8015 930 7521 6252 1425 6528 87 7087 8370 9613 6194 9447 1512 263 818 1729 1896 1417 2954 8215 2687 3558 3943 5245 1404 1779 8102 7925 9566 6829 7990 7501 3720 5524 4109 260 3899 9932 4422 7429 1901 8681 8989 2607 2237 4646 5738 4573 8363 1111 4830 769 387 1120 4545 4187 8887 1762 9943 7206 1135 8206 8764 4372 5464 6326 847 3072 1962 1135 3196 409 6430 3491 8533 2646 4704 4759 6882 9294 7592 1476 2761 2563 3793 7303 2543 7627 3945 5439 6204 4632 7779 9794 2935 3475 3025 5111 207 7626 7351 426 510 4805 356 8373 3899 3395 1446 9539 904 7386 7420 1582 9695 1657 2118 9825 1756 342
7212 0 5902 6546 2677 3183 1988 6171 8661 3643 8002 4866 1251 6047 1373 728 5512 1531 8858 5611 348 7858 6008 5886 5395 6440 310 5885 2361 3556 776 2825 2435 7559 9795 7529 989 9153 5643 6558 8927 2389 4076 8778 133 9496 9774 1954 9989 5325 3583 4067 2723 5591 2699 441 6378 386 2054 9822 9504 844 9465 2847 887 3982 1227 261 2856 5938 2694 2796 6227 2383 7820 3136 8907 6484 9428 9917 9482 8068 3527 1044 3726 5048 725 2774 5240 4793 5565 3413 9421 2174 5810 201 9983 8445 3082 4603 6440 3544 6624 7094 3369 1272 3039 6174 4719 8405 1372 2007 2632 6048 534 8154 3263 9466 3974 3694 8168 5683 497 5720 5035 2041 5790 2689 5074 1413 2800 9529 5595 332 8724 2348 1242 5025 836 1905 9750 2466 5894 8799 3831 3102 6671 8301 9772 1225 3236 4047 4577 2512 8749 1472 9092 5884 1847 8356 2336 753 3937 8143 1580 2891 9584 3353 9559 4982 8381 4995 6631 337 347 8261 4931 3003 270 6374 984 2388 2624 8574 7407 8110 7161 9911 8838 1649 8471 8894 3280 7867 784 8578 7513 3250 7491 3088 4908 2085 7568 2559 4583 5301 1150 1405 7262 6684 4872 6210 4177 1274 4764 3670 9981 1931 561 800 3097 336 4363 8552 937 3922 9186 402 9120 2287 2223 880 7595 8263 720 4717 4323 9552 4549 1367 4455 8748 1587 4776 5253 5702 8789 9591 1565 3193
9834 5902 0 9771 4140 8679 6553 2099 1055 5841 3542 1664 4496 1961 2332 2065 7504 2143 9210 7053 5429 1575 8093 6616 2231 5622 9072 645 8859 7532 7251 4177 3826 3780 9902 3286 1369 575 2495 8285 7319 390 4943 3406 6877 3712 8042 4930 6224 8008 9667 6279 4578 3912 5237 6819 6165 2284 2547 2525 3683 2975 6138 1430 7201 2302 6228 3214 2031 5178 7112 634 5305 6157 6661 2202 3534 8767 6123 5495 2813 8072 5042 3390 1098 939 8061 1772 5798 8771 862 2233 2789 3135 7436 8887 5029 6512 4569 3803 1036 6182 1048 9940 1547 9668 3103 9719 8095 1560 6309 2048 1643 3100 6275 6211 5636 730 206 5991 3612 6512 9396 4347 195 1502 4686 28 7506 7487 2457 7883 1084 9785 4116 352 2684 5708 4168 8154 4247 3022 7422 8476 6039 1958 9692 8634 3196 4942 898 6093 2539 2464 6702 2320 3058 1144 9448 6216 3432 4296 8994 3092 4027 513 2427 9038 7691 7220 4528 6094 1989 6459 5717 8847 123 9338 9926 9116 1460 8677 6046 5618 2170 6088 1259 5753 194 1215 3681 3805 569 1267 9714 8917 5554 6646 2537 491 2285 522 4965 2268 1746 845 9928 6879 2654 6318 5738 3232 5121 8632 601 2847 741 579 5996 9900 3666 220 3852 9609 9716 1930 2725 2878 2485 4897 7190 9785 4883 275 34 7654 2564 9775 2845 6438 3673 7586 2515 3 7168 3574 1965 530 1232 7101
1728 6546 9771 0 5915 5283 9973 5528 5529 4996 4796 2510 5622 2237 1528 1695 8426 9447 1659 3222 5300 5868 6432 3362 7881 6579 2700 5837 2311 9178 9788 4857 5865 9419 860 8746 9578 2132 917 9789 3371 3145 6843 8018 3062 7992 3087 9818 2765 7906 1920 5638 2034 5478 8986 4944 1769 8853 7081 8847 7677 8618 9992 7726 2087 9363 9148 7786 6473 2329 483 9042 8799 8929 3182 8651 342 2800 6889 1086 8491 4673 5667 9656 2988 7152 5739 2795 8661 8305 2630 6181 9629 9800 8830 1890 7607 9546 6236 6521 8026 8484 8637 5648 2261 9699 5388 6877 8077 195 2363 8477 9282 3029 8636 4023 6663 6438 2035 7045 5874 6796 9067 6393 5457 8392 9949 7230 9796 2139 5587 4616 9183 3972 3304 9279 1308 6599 2439 6165 5185 6423 7350 1698 532 7217 2709 846 1372 6442 9850 3375 758 4950 5419 3641 9236 6855 9058 5681 3308 9204 7492 1427 2109 7701 6630 9645 9356 3568 937 7616 2923 8252 6684 9025 238 5077 2707 9298 7987 9593 9333 1654 463 3737 12 7082 1409 1714 6519 7623 722 5104 3021 383 8560 9729 7471 9714 4169 541 7897 9643 294 1281 5929 6575 1564 1390 2470 2191 78 1812 5272 9614 4043 5 1899 9139 2915 4118 5859 4447 6037 9598 3000 2037 8570 6650 3250 1597 6791 8341 3204 5337 737 492 3403 9984 925 5599 6359 556 5359 2207 8474 4626 7424 3034
4047 2677 4140 5915 0 4988 1504 5141 9717 4244 7772 9786 3999 6712 457 4922 9176 9228 7756 7175 137 5958 8045 1917 9619 3000 4598 8961 6147 7596 8243 3787 5191 2264 574 4709 4414 3183 7168 1102 9531 5840 2801 1806 6809 2091 5628 1476 3697 2143 8630 5596 6696 7422 3688 8480 6037 9391 2361 1967 2311 5173 5945 8220 7185 6340 9133 3580 9681 7955 6731 4160 7985 7283 8669 7034 9098 287 2887 8187 4777 9002 3071 1058 22 2118 8517 3884 6459 464 1466 3346 8228 9293 1143 8547 8827 5994 7921 7908 5332 2770 5331 7088 562 9670 1974 858 7576 901 536 9337 7699 2716 1088 5003 9746 5836 8274 1760 2567 2984 1075 8044 5263 9389 5132 1258 2181 1775 9007 8348 3955 461 8083 1668 5312 2315 9161 5787 6382 9271 9899 4352 8841 2672 7386 5532 9590 5221 2270 483 6064 9828 3796 8741 1623 2434 2297 6766 8724 7345 5579 3336 2756 2646 2221 8396 5104 1273 2211 9971 8821 4562 4709 3380 4541 3306 6158 5879 6143 439 423 4870 8933 8707 1466 6450 6356 4206 195 4525 8254 9603 7444 2811 869 8806 8729 9908 1623 1911 4346 597 7365 7192 3891 373 1229 5370 1476 2193 7447 7306 2880 227 6705 6883 1996 9623 3580 8494 2865 4687 6219 4220 4079 5713 4697 7787 2032 7894 9305 1039 1712 7618 1549 8644 9286 3331 9982 8470 3195 7776 6864 3231 6205 6269 7216 2191
9217 3183 8679 5283 4988 0 383 6314 6160 2880 473 5662 9829 6436 2335 8626 8292 5519 2687 3000 2458 703 6466 9286 6583 2754 8995 5903 2897 4543 1469 1684 9220 8005 6425 4188 6377 739 8391 2450 1229 9905 1040 3656 6949 2543 3824 5474 303 2971 6266 3071 3163 1603 9057 5046 1374 1699 6444 434 634 7942 4435 9133 705 9682 6957 1986 5847 9146 4557 5842 3571 4958 4658 4092 9915 1542 4831 5090 216 2493 7076 9421 9692 1184 40 6676 948 6831 1199 5302 5582 6632 5693 9181 1211 139 5130 892 1135 8180 1191 6193 4876 112 842 6958 2149 6360 5625 2715 339 8341 4938 9995 8925 4170 6771 6783 4180 2682 2173 2401 7105 446 4970 25 4112 6660 1433 8158 7117 3624 220 6452 7932 9150 8585 3987 5898 403 8569 1767 5635 2535 8661 391 431 6898 5144 2133 6875 6524 7290 1118 9961 7654 2789 5425 5623 5194 8847 8143 7033 2382 8555 4385 4183 8041 5104 4701 8531 9708 8835 3467 1136 3388 610 6876 7143 3959 849 9424 9527 1150 9533 4036 2752 7733 7172 9186 7842 3902 9350 7737 6580 3537 5226 8695 9972 2447 4573 9046 2388 331 1474 3010 3916 4967 5761 1915 4964 7842 9537 5897 7930 3776 3930 5346 3649 2773 639 8194 186 1817 3293 5970 6345 2161 658 5886 8269 6027 1210 9296 2875 5862 1351 2503 2920 8259 8377 8881 2562 2612 4889 9013 9314 3770
983 1988 6553 9973 1504 383 0 2419 491 3633 3268 9615 6910 4103 622 454 52 6409 3217 5274 210 8860 6567 2516 6612 3161 2747 1441 7592 4626 3229 1175 411 4285 977 7880 1415 9330 5056 62 2970 1200 1907 3867 4715 6020 1803 8442 7355 8920 7930 2877 1616 9562 1527 5668 4071 9628 8872 8214 6748 4159 562 6586 8944 1051 6231 5309 5725 8603 3645 8306 6042 7657 9925 8148 2453 2551 8852 8822 9628 4947 3190 8025 8163 8481 5339 8359 5308 2384 1562 8856 8484 2777 5492 4724 191 6862 2136 560 5664 9780 8096 6501 5490 3842 2732 4016 8079 8884 5240 3780 6686 6456 1982 3449 9681 8287 6068 4608 3543 9937 9978 5250 1123 7232 2243 6236 5732 2333 7099 7957 799 3400 1595 889 5097 1983 8827 9695 2306 6403 1538 5345 9683 7797 7368 9907 8955 9514 1153 6451 5521 9747 2931 2858 8276 2019 5963 9080 5292 7175 2042 8610 6163 563 4631 8296 8512 469 1585 3846 6680 8645 7016 763 3105 9932 4922 8704 9242 2630 4663 89 4182 725 7860 6963 8304 4235 6328 6143 8326 4075 2751 3502 9303 621 9001 3197 5391 9312 801 8818 3779 3498 6070 9097 8367 8718 8479 5033 5876 7334 1211 7494 891 1361 2962 9660 620 2955 4630 3659 220 2405 5359 1109 6051 1874 8233 3687 5809 3439 4992 1810 9887 7910 2509 966 1818 1687 6345 6902 6184 9086 7980 3868 6853 5388
4052 6171 2099 5528 5141 6314 2419 0 7133 9076 6938 3412 4936 1729 7712 6303 7835 4543 5398 530 1894 3338 2073 798 1311 1310 8279 1050 5296 3559 7001 7607 140 4011 2089 2273 2189 5299 8079 2603 9193 6713 5406 4568 9083 9768 4803 990 9116 1973 3965 7498 9356 1119 4207 451 364 7664 7701 4589 8964 3752 7472 420 3547 7805 2000 3768 6713 444 3533 1871 6493 9151 3193 8444 5340 3745 1670 3514 9878 4209 8098 5069 1096 903 4249 7062 9500 5752 8995 2507 7513 1222 1280 7464 2710 4760 9297 9611 4948 2482 4491 5849 6552 5002 5415 2391 2195 3621 1725 7771 5151 5825 8714 7109 1494 8884 1756 4320 6344 5742 516 6285 154 1320 412 2130 1083 9819 786 6190 1063 7517 3208 7190 4220 3792 7995 6716 7846 8542 7407 2892 8806 8449 5363 6799 8863 2204 4573 2529 8754 8578 9616 1476 2621 7794 7546 6037 2125 1560 4789 3847 7095 7867 6183 6730 1391 7453 6823 1646 9494 4013 5945 812 3784 395 5664 8044 4180 1121 3313 2034 3089 3177 1384 9505 2481 5781 3181 5834 5826 6536 9827 1455 4256 3187 6874 9571 182 9917 5783 8294 6836 503 4548 877 5064 3409 285 7428 2671 2229 5977 394 1952 4461 8994 6398 6431 6145 658 5710 4986 7005 1267 3493 3 3947 2340 3784 6261 4255 433 1156 7694 3668 6873 1674 9012 2431 4950 1964 1400 8640 2312 6950 4510 2060
1904 8661 1055 5529 9717 6160 491 7133 0 8283 5563 35 24 4782 3734 3274 3124 4325 6057 3507 8937 7509 9973 3284 8734 1264 958 1784 1654 3476 4167 1323 7090 6878 8348 6897 1051 7896 2181 1804 445 231 9199 2918 467 7353 2289 6098 9765 4498 6224 2132 1745 539 3115 2234 3736 5670 6818 9478 280 9200 5636 4005 2655 6827 8122 2162 9510 2537 3478 6555 9269 3846 6428 1338 6208 6616 8710 3879 9375 4904 2406 8576 3902 5319 8125 9993 8845 7876 7426 834 7701 8582 1519 4034 3422 1886 2574 5752 1710 6122 8966 8639 5430 4311 4975 9758 9979 1215 7216 672 8241 4227 266 7909 9721 1995 6794 9930 8549 1228 7509 6987 5823 1661 583 8236 909 6517 9038 3613 4941 3993 4397 9065 2669 7647 131 308 1574 2197 88 2343 8356 3842 823 4926 33 7261 8020 8829 7151 648 6796 4256 1147 6257 492 8978 7190 7301 5783 2313 6404 7666 8324 2446 673 3842 8686 3718 7360 1985 2495 4793 5977 7736 8375 7280 7246 9097 3384 4584 7185 3456 3387 9852 8955 4179 9666 5780 541 1283 5363 9291 2334 4185 9075 1132 1470 4570 1745 3603 5346 1980 9369 7052 4689 7481 913 9212 1874 3815 8879 5315 6888 9149 4417 347 2827 4917 8746 2123 4359 9063 3173 879 2852 2131 3564 9583 3728 6223 956 315 9365 343 7787 298 8460 8349 2066 5129 4101 5960 9021 5006 3611 7230
3271 3643 5841 4996 4244 2880 3633 9076 8283 0 6668 7255 3792 953 329 9843 2538 1775 2171 7703 2813 4461 7948 7698 7013 4172 9109 9762 4060 6024 5941 5377 6057 6110 1928 9789 6127 5564 9200 4438 1288 8320 8336 5469 2915 792 3045 6981 5538 3639 1274 7449 5028 5148 44 8591 5467 6368 1335 5127 789 7794 9049 143 2554 197 5827 8875 6446 8229 6784 1352 9620 1885 5778 6576 94 2989 8463 1676 6313 6472 4245 3623 3742 2110 1133 8324 2840 8289 1069 8969 7087 6397 7990 5531 2434 8435 2856 699 3308 2303 9085 2833 6388 5712 4787 2674 8946 8169 9008 5383 8057 8949 4367 1174 3020 7623 5967 3699 3838 6454 1540 312 534 8894 8352 1986 8426 2275 2928 9390 3753 2452 9250 9114 3491 5527 1268 5386 4208 2974 4469 5475 2685 3684 9890 1807 1713 2553 4009 5806 4661 7519 4003 704 7604 9347 7671 3021 8498 6128 3233 7339 1353 3199 5770 1715 3120 2146 3315 6767 6655 3790 5301 9107 7372 9409 7194 9677 8789 7190 4030 1536 8187 1997 9041 3474 9167 5333 2240 2378 1108 6609 7168 4845 6321 1623 5041 2081 2906 8208 9295 6733 4233 709 3850 5295 6277 1572 1992 4215 6151 2935 7077 9929 2345 1051 775 2333 1569 8987 7475 964 5704 5610 1790 5058 51 7791 5334 4300 3827 9661 1635 745 7459 6152 6168 6906 1897 2351 2125 9529 413 8965 3964 7863 8998 6679
5100 8002 3542 4796 7772 473 3268 6938 5563 6668 0 3349 5782 8519 2433 4594 5386 6115 2109 4628 8110 9698 3615 9804 3390 6826 7565 3164 8684 2087 8072 2823 9235 440 4260 9623 6031 2118 2962 3784 1939 4060 1077 7248 3749 9711 5332 8381 2553 1714 7535 8429 2330 5211 3768 7212 2067 942 8633 5549 9722 9192 1075 3815 4951 5148 4550 2951 4465 3911 5496 2753 2804 6796 776 7151 3292 6672 2756 8009 3918 389 7764 4233 7885 3617 436 810 4587 106 6356 9417 3908 661 575 9430 5934 9669 6932 4241 59 4065 7386 1077 8824 2810 1727 7523 9237 6919 7165 1997 2945 2761 9309 7087 6987 421 7229 7056 5361 8141 1419 8603 5901 4850 5770 261 8969 8907 2678 6807 53 622 6237 5257 6976 2293 4991 9057 4097 758 6170 3408 3076 3583 3377 8966 1475 9967 1409 4743 3878 5561 5900 5931 2182 6484 3073 8798 8810 2746 1219 6640 246 5843 1755 4374 4921 2083 1293 5888 8172 5981 6577 9617 7155 8402 6840 4651 3101 4922 3758 3306 2570 8886 8590 2270 7016 1479 3208 675 2070 8551 9774 2668 7705 9828 5651 2928 2158 4928 1634 1266 3397 1602 7221 3111 7155 9137 4854 244 9207 8592 5271 6559 9896 7278 8182 1876 97 2280 2998 186 8274 8282 8873 8676 2205 4700 7543 6309 5355 3928 5783 8314 6505 290 3818 6716 763 3572 9310 4982 9998 816 1050 633 8866 9168
4660 4866 1664 2510 9786 5662 9615 3412 35 7255 3349 0 9183 6713 9536 9007 3105 2117 9611 4167 5204 6127 9924 5511 862 9714 2535 8651 3757 4963 2891 9942 8557 3446 3364 6666 7177 6379 7965 8358 197 1493 4590 882 2023 7544 1259 4638 8921 8527 5735 8285 7309 7972 2186 9084 9375 4120 8443 5665 3225 3823 2144 8939 4742 7483 4590 5153 7136 6478 6645 9575 3754 4644 8811 3985 2876 9497 9001 9023 1161 3642 9524 7349 9358 2249 6112 1281 9867 5907 3699 9014 7894 9688 7476 2235 6424 5920 2149 7399 8754 9733 3707 3307 5148 9623 9353 1192 8637 1486 7939 3745 5570 7319 5081 6425 7789 9578 7638 448 9156 9381 7291 5894 8867 3539 6106 3884 7221 8352 26 8286 5532 7363 3360 9515 9034 1942 6423 8585 4140 6932 2019 6666 5334 7045 1036 278 5297 5832 1171 3370 2551 8088 6281 6302 5943 6942 9323 1120 5723 5221 3 8502 919 5215 2505 3264 5918 9870 5490 751 5201 9540 4466 8399 6464 1098 6797 8297 2275 303 2605 2627 1701 5720 8718 7550 5455 1676 9726 4303 9556 258 5450 9002 3094 8967 3466 3252 8141 9911 4910 9507 7223 9691 1499 3619 3199 2906 1167 4225 2448 3391 2934 626 6046 1042 2489 4561 9566 6085 2635 3246 6104 1207 7260 6529 9983 8433 3654 2364 6259 5718 6753 5254 170 5635 9536 7384 2773 9999 5729 1194 6845 4364 8912 388 8484 4000
6168 1251 4496 5622 3999 9829 6910 4936 24 3792 5782 9183 0 6444 8979 4243 5590 5720 9783 6475 8156 2753 4430 6829 2269 8131 8823 8695 3000 404 6155 9584 4418 839 3736 4143 932 4588 1687 698 8265 701 467 9707 4349 6578 5776 3081 9378 4026 6929 3421 9069 3682 9572 7671 9522 3001 7094 4001 8999 2398 9764 4279 3242 2084 4447 7030 836 3212 6327 9557 1743 9518 6074 5020 9544 8167 4141 9901 443 5789 3452 7123 7969 4339 272 8821 6143 4895 5834 7370 8200 7088 8460 9116 3815 5421 4123 658 4116 7788 9710 1098 3791 4858 899 8483 5936 1737 6707 1127 3458 2376 9554 5710 9977 1543 7604 4963 9535 4079 3195 47 1543 6407 863 7648 9613 8111 5014 2806 956 4029 4259 36 8724 8349 651 43 1821 5966 6782 588 8548 9191 8030 4514 8125 4212 5857 6858 9761 9148 462 5829 6192 6248 1473 521 734 9705 6448 1166 6106 4579 6544 951 9964 3389 2835 7734 4423 9953 6655 1886 233 759 2275 3275 7575 5155 7337 4494 652 9481 8786 3204 4324 3531 5279 8706 7097 4989 6544 2945 2928 5474 3572 6061 751 434 7072 128 2877 1119 5565 293 5569 3260 5413 6164 4277 1985 9534 8584 2972 7869 3336 7915 2069 2535 732 4977 3595 6182 9552 3819 223 607 8832 7863 3746 5581 63 2418 1474 7755 8839 7297 3862 7311 6928 206 855 7691 2183 7324 3026 5558
6200 6047 1961 2237 6712 6436 4103 1729 4782 953 8519 6713 6444 0 6499 9344 9774 3197 618 5765 8006 106 1193 6801 4542 2117 9628 7641 6297 4210 37 1080 4 5587 965 5417 409 1296 9192 838 6624 5369 9213 5466 7485 8816 7490 423 3257 6216 3401 0 1917 756 8226 320 8711 9032 787 1273 2307 6026 3205 565 6311 3166 6529 4873 5411 4728 1238 6615 3593 4973 819 6206 4324 9144 9 4787 7989 7042 1333 3051 7891 7640 9387 7853 4320 9538 2420 6574 3614 1534 7523 1531 5342 1830 9095 6271 5312 6971 7898 6946 2947 8145 6370 6495 8408 9748 808 9349 384 9015 7070 4593 1162 6525 2082 5297 7751 397 157 8300 5954 3415 3900 139 2122 2972 9694 1721 5268 4120 4572 3133 4499 9051 9261 2965 2108 9334 133 1127 8999 2941 8523 1348 597 4527 6360 7509 7579 5294 6900 9935 2599 559 5967 8455 9237 4510 7920 1250 5254 8702 7612 9800 76 6054 9045 216 1968 6607 6496 6272 7245 7158 4294 139 372 6117 2643 8755 3087 7513 8368 249 7387 2648 8328 2786 9630 5319 5171 2343 5160 2374 1063 8345 7603 322 4681 7615 3131 1016 610 3446 9886 713 3167 8090 4875 7468 947 3806 314 6730 5145 8153 1575 9753 8023 3944 9901 7128 1970 9543 7868 7254 2509 1699 2184 8678 9352 3967 6514 5642 9054 2318 5730 9919 2967 5385 1741 7528 5017 846 4792 7840
4156 1373 2332 1528 457 2335 622 7712 3734 329 2433 9536 8979 6499 0 502 3110 7269 3278 565 5384 4240 814 6158 4826 9247 7126 3817 106 6507 3265 7528 8472 9782 6316 6122 1727 5923 4115 4446 8357 8189 7458 5234 7576 3588 7188 9093 1518 1357 8797 6811 3548 1090 2365 9690 4260 8309 1756 5286 5681 2712 9970 1404 6524 6260 7392 2545 8415 3567 8517 3677 4536 8514 1005 6106 8447 5356 5904 5406 6520 4144 7677 6829 4824 6102 341 3766 9303 4438 1189 3138 5943 5318 8430 2205 3512 7678 7750 3532 5624 7308 4797 108 6847 2136 1043 449 9603 3721 9389 1683 6618 8703 7464 2500 6579 3528 3482 1330 8555 1101 5581 675 2910 6904 7056 2590 9650 7558 6868 3321 2741 2602 7464 1879 5757 624 6478 9236 2240 4631 3104 443 4173 6648 5008 2140 4898 9061 1326 128 1089 6609 9051 2217 9561 1986 9370 5600 1821 1424 8975 4380 4962 4040 6335 7757 4188 8303 4952 7227 468 9635 9788 7605 2117 9300 1863 4177 9830 9193 1789 5514 9376 2818 1512 5341 9312 7492 9783 2815 6063 2435 3582 4574 1939 7678 6981 1944 260 4908 4948 2599 2959 8755 2321 5795 2441 1539 3493 9818 6805 4658 9717 4215 7520 870 8647 9983 9787 3382 5159 2146 463 8406 5120 8889 2266 667 3485 2338 1054 6711 3130 2394 5225 4355 3851 6413 7070 6970 9048 5992 3685 2150 8926 8889 2696 5140
6487 728 2065 1695 4922 8626 454 6303 3274 9843 4594 9007 4243 9344 502 0 3131 3947 909 340 5397 3038 6237 406 4931 6890 4111 2582 2382 6935 4041 3336 9206 4992 1198 3088 4147 5947 5987 4677 434 7971 1956 1181 1355 487 7313 8914 9734 5443 2140 8078 1590 2434 2254 86 5755 1650 1363 9982 1288 485 8323 693 4641 1234 9963 8001 3435 181 3869 5980 8690 9295 3993 3751 1674 4244 4268 5046 3335 9236 6450 4756 8962 4546 2391 2162 6926 9755 9290 195 3594 8777 3245 7099 2183 85 5669 6277 6813 9124 5700 9648 404 7002 5330 8574 8815 7445 2916 2832 6464 8529 8260 9733 1604 6187 2486 8771 4733 3638 3689 299 800 3945 4981 2159 6501 5233 73 8532 1355 8330 2730 1614 2760 9701 621 4546 9490 5495 555 3603 7994 8431 8619 315 6647 9861 7329 1973 5901 1857 1521 2288 8984 9793 736 1311 3180 6031 941 4003 5997 957 1552 819 3092 2711 6992 8409 3393 5906 4516 4618 1479 9526 6994 9663 1175 291 3860 1746 8755 8340 5518 3346 9969 5054 2761 9081 6868 7861 7249 8281 1166 7056 4528 6025 5336 5223 8977 4271 980 7483 3463 2297 5575 2052 6425 6342 7459 8084 8501 476 8628 5857 3866 3104 7756 437 2023 5418 9841 4126 5325 5738 2623 916 1685 2164 800 5137 7628 5987 8920 8424 2948 8850 2845 2156 187 9743 5399 5728 4387 6926 3922 4758
9909 5512 7504 8426 9176 8292 52 7835 3124 2538 5386 3105 5590 9774 3110 3131 0 4881 3973 1006 7764 668 7853 7427 7282 292 6992 2042 8092 1297 732 9268 4804 9261 4475 2133 3688 9150 4696 7202 8033 2834 4175 1910 4631 7359 1296 8365 9742 8225 4883 8728 4600 3742 4348 1383 1111 8731 3469 5306 493 1724 5948 424 222 1774 3255 2641 9100 1081 2820 7923 8275 6162 6361 4522 8599 7796 7817 2461 1714 334 6822 6675 5085 2685 9876 4981 6002 971 3008 2583 5102 3573 8443 5985 1508 7588 4938 430 6815 3078 9621 929 5601 8199 1043 1306 746 4559 9296 4588 4790 8524 5176 7736 8866 4087 5862 2130 5193 5447 178 3420 1295 5933 5078 4481 7740 9674 3414 6542 2869 9691 5450 832 3041 2543 1789 5792 4689 3288 2759 3656 7021 7838 2958 3001 3079 7111 2591 6237 2511 7258 7452 409 8518 3746 9565 1583 6939 3390 8221 1313 1439 8702 3474 7146 8736 5105 1789 1212 9784 1592 6050 344 4924 6231 6111 7630 4957 6043 4523 7349 140 4095 3434 6780 2443 7949 4808 724 4170 9389 4780 7050 4897 7890 9675 5834 431 6276 1395 9644 3361 5980 3724 391 7876 1408 6120 6869 314 1156 7645 7051 4015 9957 2420 1123 2025 6075 7458 3205 7953 1032 8557 1564 7141 258 1377 2976 2161 6857 5974 3886 4119 3056 8381 3879 2425 6969 9047 3427 5023 3462 1768 9892 490 5149
2253 1531 2143 9447 9228 5519 6409 4543 4325 1775 6115 2117 5720 3197 7269 3947 4881 0 5710 1744 6953 8847 2651 1295 8373 7665 929 3380 841 1501 6340 6438 7193 6443 9433 6311 9845 1136 2978 8906 4322 4911 2351 3262 8155 2070 9707 3729 3586 9959 9672 3285 1141 2769 41 3391 6376 3973 923 7478 9677 289 7623 1814 3997 6671 1517 5467 897 6496 1720 9612 8500 8605 8460 6939 9841 8043 8878 4335 4195 3295 8763 5901 3575 6517 8702 4515 3319 1917 7339 5700 2834 5102 7122 1775 297 5111 6132 4143 1279 5847 9923 8271 5120 2455 9649 3780 451 1860 782 5473 7901 942 4821 5757 8278 1982 3956 8837 2595 9799 8668 3619 3206 8256 4850 1460 6128 7879 1071 163 1485 2945 9809 2444 3853 6192 9100 3058 8432 9399 2920 700 8893 9934 593 8212 8420 4290 9548 1441 3289 8067 4780 5721 3538 7772 4732 9994 3346 1086 199 1364 4482 941 3364 3104 1468 2065 1495 4696 9100 3464 3558 6849 1438 401 8764 9058 6945 9215 958 4095 8831 3960 350 3838 3922 294 9770 639 802 185 6161 984 8084 969 3594 573 9702 3273 9876 5496 6057 3229 6217 9667 656 8859 9804 1257 7360 2179 43 7995 118 6630 9716 6577 3536 5371 8779 4563 6653 6669 91 4312 4829 317 6309 2869 4912 9164 1384 2521 8897 8734 6794 5759 850 3407 6812 7572 2678 3159 670 6682 8327 5402
9098 8858 9210 1659 7756 2687 3217 5398 6057 2171 2109 9611 9783 618 3278 909 3973 5710 0 3549 6549 4055 6001 5704 4053 5047 9610 3796 1232 8891 3155 3497 5220 7080 5964 9645 5893 1695 6646 1284 4816 4254 5653 7615 4336 1265 4778 1097 1938 6667 8362 8871 6548 6323 7798 3226 256 3162 9171 6791 6674 5670 4985 528 9454 337 5812 1627 9986 6555 3203 8089 6924 5560 782 2966 9554 5421 7431 5614 3583 1910 8488 4059 1850 1175 5862 6238 5492 4310 843 8202 6194 6122 7732 5881 6263 626 1602 7927 3936 8883 8056 9493 2313 7607 3341 7303 7727 5238 8079 1020 318 9165 320 2788 9343 1480 9265 2260 1332 1128 642 7845 5544 2387 7873 7354 9403 4874 8552 1471 832 109 629 2222 3565 2652 7551 1989 9075 6299 8545 6658 9270 7787 694 9161 6144 9915 1806 9112 2987 8549 3827 6916 6877 5956 217 3549 8152 6317 3751 2841 1930 7728 5251 6644 2738 9800 740 9134 4011 4472 8809 4784 1331 3776 1231 3988 8947 588 7859 5867 2471 8606 8333 2014 107 3502 9523 4889 6632 3725 2337 3092 4304 3699 2429 7923 2279 7558 1963 6823 2566 1095 6813 8888 9438 246 3789 4576 7145 5269 496 8350 5534 4625 705 6341 3699 2898 6276 330 4028 1581 2391 1535 3427 3456 7846 7153 6315 8473 2713 4615 9448 6984 5725 3969 1877 5311 699 9975 9861 9536 5484 3661 736 3727
9427 5611 7053 3222 7175 3000 5274 530 3507 7703 4628 4167 6475 5765 565 340 1006 1744 3549 0 3985 7373 1518 3399 2574 1062 8776 7954 1477 5719 1792 1152 2714 9887 5981 5220 9056 3613 3290 8135 9554 9456 8938 2117 4387 5452 8020 4647 1666 1487 477 1816 945 4130 1374 1269 311 4551 2840 6545 5596 19 4683 5838 3301 490 6952 4974 4166 3344 6254 8789 7686 7705 9643 2174 8775 6556 2470 661 9545 3705 1331 7480 6964 2327 4267 2251 3320 199 4267 8385 5204 1981 223 7691 3821 1570 2022 9451 5981 6743 1865 6772 3236 4123 1164 6841 5769 7883 6603 2611 2163 8191 9919 9640 5612 6767 709 9029 4811 8687 9283 3272 4507 2748 3132 5750 7972 3250 9928 2349 3791 9677 7577 5998 2370 2099 4891 170 3491 4870 3311 3774 3822 9225 7857 7737 2438 306 7987 9575 2658 6008 4271 2175 9479 6695 7923 8018 1298 7150 1016 3254 1617 18 9323 7729 4849 6031 6456 132 9389 6493 56 2859 4751 5315 6573 4021 2062 4312 6456 2637 7745 8686 8258 1238 4962 8363 9030 4773 8756 2566 6609 452 4520 9131 8249 7654 2844 7804 1013 404 3690 2705 1726 4878 5725 1180 2170 7618 3164 2047 312 999 4974 1601 9220 8581 306 2897 1089 9149 7146 6334 365 6785 8412 5764 7412 3833 1535 4864 5831 5604 6323 3151 9569 3943 4078 3879 4080 3580 7707 1146 1033 7763 8662 3056
6387 348 5429 5300 137 2458 210 1894 8937 2813 8110 5204 8156 8006 5384 5397 7764 6953 6549 3985 0 5643 4108 7983 9363 270 9722 1807 1050 2131 1455 2957 798 8526 6861 1391 476 9012 1388 6741 6496 9336 1435 2109 5716 7677 7467 8305 1246 1756 3419 9688 3594 7506 5495 492 5536 3906 2363 6700 6332 8921 2062 3811 994 1343 5154 6093 1298 9059 8781 8491 7025 4668 7936 9288 2895 6548 8518 1398 3304 466 4327 9011 8356 2351 2653 5366 4845 5770 8552 579 3347 6454 4625 9295 8382 4555 721 441 5882 3145 45 6392 6038 654 237 6316 3816 6463 6760 7359 1852 1386 4518 2918 3458 7870 3436 7516 5033 3185 638 5658 5387 3000 2841 82 6756 3837 414 754 1658 8528 7074 6371 1575 3539 7946 7022 201 1886 2641 5395 1335 4418 754 5404 7547 9765 8657 9323 3266 7153 6922 5202 3202 3974 8683 8567 6914 2703 9087 4015 5976 501 3631 9104 9630 6785 6246 34 3879 9450 7586 4505 8908 815 396 1835 879 4231 1017 319 9074 666 9065 5425 5893 7706 4351 947 3871 431 151 5322 732 9810 3708 6602 7719 8887 3459 1947 7916 5495 8525 1455 5584 8683 4506 2607 3561 1229 9028 5667 5768 4397 6362 1003 9466 2404 8262 3489 5036 3864 5136 3467 8883 6358 5888 2091 2902 5962 2717 6456 2424 4261 258 408 3248 7198 8837 4781 9043 4902 8825 6019 9247 4122
663 7858 1575 5868 5958 703 8860 3338 7509 4461 9698 6127 2753 106 4240 3038 668 8847 4055 7373 5643 0 9457 279 465 7582 7889 583 2746 9031 2212 5073 4252 5094 6137 7251 8 2604 4352 9333 1619 5854 4922 4162 8820 4512 763 1508 6420 1055 834 115 2733 6759 9345 2648 1891 6368 906 8107 475 2044 9041 6781 2470 3340 3579 8833 7845 4144 2187 9970 8815 8649 7516 6435 4771 8991 803 8468 6056 7320 6740 4076 8373 7644 4926 7234 8985 7192 9927 2550 104 8766 6608 9521 5803 8095 2162 5343 3701 2958 3302 9940 2250 7141 5399 9187 4210 1336 643 6852 9631 8311 2987 2376 7884 2308 330 1685 6158 9976 7604 8911 8061 7149 3533 2164 2026 8406 27 9477 3434 1402 9208 4901 3411 1710 8826 3609 8555 2055 8004 3736 3117 955 5721 7671 7733 1946 8172 8988 344 1759 5070 9800 3609 1135 508 8559 7625 9480 4110 9616 9179 9412 8950 2003 1657 6135 1528 9566 3888 4566 2956 3042 1101 9516 1243 1715 4605 813 9123 5160 8210 7919 3172 2085 5885 3056 7327 8818 8234 9346 8305 3545 4660 1645 6761 7829 8801 7097 1017 6253 4762 1972 4086 3366 8924 3522 1921 334 5285 2709 5618 3378 8962 7810 8598 1270 848 7631 7742 4307 2916 7073 1520 1214 2574 5234 551 9055 3984 7487 349 1270 854 7856 1769 9016 9642 5138 9714 9808 4429 4632 2929 1820 9528 5889
4873 6008 8093 6432 8045 6466 6567 2073 9973 7948 3615 9924 4430 1193 814 6237 7853 2651 6001 1518 4108 9457 0 572 8543 803 8842 891 780 4227 2194 7121 1611 4316 6169 2567 7241 8934 1627 8546 4639 1936 8090 7196 9214 499 2874 2955 8803 7020 2437 7652 4372 8032 1677 991 5808 2873 5344 9844 8253 2910 6752 3044 9757 4617 5459 2750 5303 5874 3580 5976 6164 4423 6723 6299 4092 242 8484 2799 4684 8769 1431 5246 6087 6987 7479 7121 2273 3321 6826 5201 9115 657 7617 6332 2394 7681 5441 4562 6377 3181 1653 6081 2602 1195 741 9062 1615 4564 8260 6845 5225 197 2899 7425 1569 8206 6778 6456 7004 9009 3579 1123 8935 5698 4341 5332 219 9471 8992 2114 4808 3772 4230 6614 3438 7896 9369 7605 9769 861 5232 9944 2269 5376 4663 7390 1844 447 7805 7555 1686 982 3145 5897 8811 5675 5318 8425 7772 5551 1229 1538 3599 9294 8541 4445 1963 5119 1359 309 8355 1638 244 8804 9991 4131 404 7624 1719 9967 5448 9492 9100 7755 6941 2896 9000 1899 7506 9273 2720 8175 1172 163 5776 4115 3043 9047 927 6698 2 7026 6815 6850 2111 3128 7408 7107 8344 6317 2796 2096 9171 1271 4212 9835 1819 4903 4906 6161 8656 4066 748 184 1342 3860 8249 6451 4338 9173 2440 8874 2940 9323 8968 4873 4052 6881 5037 9532 5200 2785 6006 8224 7231 3259 1060 5479
8268 5886 6616 3362 1917 9286 2516 798 3284 7698 9804 5511 6829 6801 6158 406 7427 1295 5704 3399 7983 279 572 0 8873 6786 620 18 9638 3417 5518 8950 1507 597 3914 32 6349 8203 5020 2853 9721 501 1322 949 1690 1156 967 7984 6378 2976 7478 3921 7731 2167 9009 9152 1200 7110 7530 3363 1639 3790 8005 5444 3728 232 6392 2073 1137 3343 9112 113 2040 6607 21 9689 1335 1408 5632 8269 436 4148 5805 3586 3111 9727 6506 1441 3301 3254 2679 4210 1171 8013 4370 2765 6344 9111 6270 541 9214 1561 3625 8720 4697 6665 130 4632 2945 6404 6804 4021 3299 7613 4693 6615 8951 9230 3067 7968 2189 9083 6514 9651 3056 7200 9038 8763 1247 9491 7762 7972 5981 1432 8257 1534 3376 2030 2408 1010 8240 5418 7762 7665 5695 2870 3327 6674 2377 4471 3325 2525 9711 6390 7605 4594 6174 5785 1422 9368 7940 5732 6911 5815 2713 6954 8536 8293 7301 365 7467 8442 8871 5820 5927 26 2434 5429 2591 2070 9863 7881 7396 2146 5549 2799 362 9599 1504 8088 9358 80 3132 8216 4056 5234 3135 6263 387 5936 580 343 9359 7524 8400 2077 7166 2113 6056 6936 8434 8635 9584 1191 1988 198 4256 2875 6815 5507 9345 8900 4735 9313 5348 8585 5778 49 196 9540 6550 9442 9597 373 2008 2165 7841 3063 4836 9952 2817 4430 3735 4445 5187 3918 4843 771 6994 108
4612 5395 2231 7881 9619 6583 6612 1311 8734 7013 3390 862 2269 4542 4826 4931 7282 8373 4053 2574 9363 465 8543 8873 0 4425 4 6374 4585 3150 3363 3542 4931 9971 9280 6247 1753 454 2770 1034 6397 4475 6325 2932 7426 5555 3848 8982 4091 5409 6728 8856 1471 4503 5832 6095 2943 5695 868 7419 9245 8727 5955 279 4032 2901 9673 1338 2817 484 9906 213 3930 6141 9378 1465 9974 2642 6884 1977 7479 1292 2 8564 3765 8013 9955 4533 6714 7003 1700 4666 561 7326 1380 1714 5285 118 6173 1952 6549 5995 3945 815 1046 6961 7255 2697 4476 2455 3401 5339 9673 9459 2431 7517 5014 7682 8714 802 8713 9889 7235 8560 2494 8148 4707 744 6995 3464 4852 3074 8296 7075 7042 2718 5796 9591 3189 6627 3919 4297 8249 6634 5764 3458 5548 9885 8803 6002 2538 5232 7113 901 2895 3939 1847 7364 8948 5921 9459 2134 9923 2897 2662 2317 5514 5297 1269 3339 2644 2793 4543 4960 1777 6410 4443 6093 8704 7153 745 3821 5870 2836 2326 9342 6497 793 319 2220 3787 2753 3213 3236 5563 9049 4867 8729 73 9588 7470 7797 8299 9319 3345 8739 2750 5406 2243 398 1308 1521 5906 721 6001 7191 9527 4535 3776 7671 7226 2282 4454 9476 5027 1144 2365 527 9615 3624 9057 4068 7012 1526 3368 970 783 656 2459 2208 6912 5579 9577 5286 9704 1475 665 3142 5363 7155
7793 6440 5622 6579 3000 2754 3161 1310 1264 4172 6826 9714 8131 2117 9247 6890 292 7665 5047 1062 270 7582 803 6786 4425 0 327 9258 4370 5950 3599 1999 975 3173 7049 3546 5156 9724 8115 6322 1916 7113 3137 1701 6406 497 4875 3401 5927 9523 370 2058 3955 5489 7728 4936 7971 3440 4931 3896 7419 2636 971 9369 4989 3131 2236 2310 4902 2071 7830 8176 377 3745 8907 7371 7292 1150 4707 4297 7589 8403 1166 7242 2780 3223 6555 6889 3603 8698 6243 6926 3439 1545 22 7423 3475 443 8259 2569 1485 450 5965 5331 7826 1863 1941 7949 7954 1984 8312 7024 5486 8960 6862 9432 3005 8357 9614 8174 819 2710 8370 178 829 9539 9950 7545 2735 3937 2497 5529 5744 8825 2285 1638 4976 5985 7449 8077 1209 5144 5433 2531 5608 1539 8869 4867 4595 1651 4016 2887 8250 3312 2019 1398 1187 4014 6479 8170 2181 312 3967 919 3659 6133 8400 1000 7783 2871 6374 266 3341 9428 6709 1493 6368 3785 9310 1870 4117 7684 5227 1625 6612 1188 828 6812 1268 4775 4294 1990 2801 6374 2272 965 2414 89 1395 32 2379 2009 7018 3150 3884 6390 1699 8788 6271 5714 8831 2905 9502 1728 2355 1079 8095 6444 1187 159 3896 2363 521 1587 8578 583 8640 4609 8451 2924 1872 9594 3704 908 5797 2523 5730 4796 7387 3572 1271 6414 5801 2082 5832 777 5327 3393 1849 5876
1810 310 9072 2700 4598 8995 2747 8279 958 9109 7565 2535 8823 9628 7126 4111 6992 929 9610 8776 9722 7889 8842 620 4 327 0 2187 9869 395 5603 4166 5642 3176 4190 2543 4227 8844 1762 6434 5411 2487 6435 6104 2717 3615 368 889 5134 9388 823 1708 4793 9201 585 8472 7799 9457 5027 8554 2540 5999 1517 6958 399 8342 3474 5838 5605 1642 5129 1485 2868 323 3724 9373 2830 1298 9691 2165 9539 1993 5322 8487 8966 8251 6757 5879 7646 9717 8506 5547 1940 5300 2545 6161 5675 9703 7127 23 9169 9683 2120 6807 1595 1248 6444 1303 7884 1255 8151 7929 2573 2268 7709 3853 5238 8139 2414 2631 4700 8255 663 6218 4132 3827 5192 1872 6547 4144 8211 7325 801 7110 8857 6422 8038 3586 9301 7676 7386 1369 5883 5537 7008 7076 3672 3126 4888 7622 6616 7056 4686 5568 316 7054 6352 3138 7546 2927 1784 5921 8386 4034 6084 7242 4653 2955 4399 9318 5602 148 2061 8565 1152 7056 2691 2324 5208 2489 776 2804 7726 8169 6200 8287 8345 1783 8342 9204 6711 7548 4154 9995 1059 7808 5994 9038 3199 1986 6153 39 4633 5149 7354 6043 3255 5545 6067 5138 981 931 444 1957 4167 9192 212 4152 9759 6785 896 1144 7251 8573 1951 645 1963 9265 2172 9221 4111 2912 2247 1378 6760 1777 4270 7538 1287 1899 4523 7916 2476 7314 2902 2893 9297 2325 6865 7803
8953 5885 645 5837 8961 5903 1441 1050 1784 9762 3164 8651 8695 7641 3817 2582 2042 3380 3796 7954 1807 583 891 18 6374 9258 2187 0 1807 6980 8777 1348 9714 6725 5984 8683 3010 316 1657 8972 1486 6913 7673 955 4404 3712 5844 6462 5755 1737 1004 851 3241 2112 917 9708 7696 3103 1799 1071 3404 5675 1938 7795 1329 9399 8733 9361 2033 8390 3466 9885 2422 8960 684 1086 3612 5775 1963 8368 2822 1361 6715 1917 3816 9522 8587 8431 675 9625 9160 8368 7772 1557 2592 6067 8656 5028 4807 7747 1389 3739 8049 9382 4851 6472 7567 2616 5235 3283 5023 1053 7682 7432 1525 8427 7545 9589 397 2254 3844 3595 8257 6055 9167 384 5214 2203 4779 4579 975 5350 7964 913 4487 8798 5881 6995 3029 5392 6525 8208 2636 6755 5350 849 6751 5019 4121 2703 3393 9579 2675 2105 8168 5060 5104 7867 6581 4927 4726 5118 870 8187 1049 142 4670 155 219 2453 5717 20 7740 349 3525 3168 358 3822 5254 7997 6039 3007 221 4381 4352 5261 8565 9005 1786 567 9508 7398 1690 7742 1675 4156 7984 2354 1466 8947 3496 9287 4082 2976 5670 6857 6159 1347 1492 742 4229 3075 3187 8709 5024 5360 5739 5799 2529 5917 8039 2690 9750 4596 115 3466 1763 4956 9938 9839 4163 1474 7631 9555 4265 9584 1440 2146 360 7547 4100 7689 3110 8033 9799 8079 1998 3019 3504 9220
8487 2361 8859 2311 6147 2897 7592 5296 1654 4060 8684 3757 3000 6297 106 2382 8092 841 1232 1477 1050 2746 780 9638 4585 4370 9869 1807 0 288 4474 1661 2775 9517 2994 788 9085 1504 991 1976 775 842 691 9334 7500 3836 7832 8248 2251 8530 7478 5705 3778 3438 4463 629 9743 8512 7005 3376 2755 2829 777 309 608 727 8174 3909 1701 969 3127 5551 1844 2907 1694 1660 2252 1144 5885 788 1069 472 3414 3519 8589 594 6357 5830 5116 1167 436 2942 1518 3582 4764 5134 8579 6048 2886 3039 3255 6674 8572 2442 2008 293 3082 9824 6597 5773 6561 6414 2722 599 6689 5354 8936 4050 9641 6833 712 157 327 9405 8034 7946 3333 5420 6559 3873 6991 3142 8823 1003 4527 2149 8799 13 4210 9376 1110 5771 1665 1891 9964 2686 9174 1950 4999 5379 181 7815 7653 6285 5962 3380 9995 543 1571 4956 2503 882 1010 3667 8440 7878 770 2321 3104 7971 177 8310 3391 4970 4303 68 2573 2759 7130 1437 9061 3920 4655 7621 1761 6770 2929 2435 833 9377 338 7366 3649 9264 3513 4220 1954 9142 687 5925 543 9089 3050 6 2166 7191 5599 287 7932 1331 3628 1916 7952 1325 1074 7505 9259 1996 8264 2863 9491 584 2142 4870 4184 2328 9528 6722 5276 80 2127 3529 86 8024 5029 7026 2538 8268 3214 2936 1349 7628 3717 6503 3662 4120 2313 5865 837 103
29 3556 7532 9178 7596 4543 4626 3559 3476 6024 2087 4963 404 4210 6507 6935 1297 1501 8891 5719 2131 9031 4227 3417 3150 5950 395 6980 288 0 7731 5407 1354 5241 1612 9721 6409 5211 8510 9475 8466 4593 8635 1887 1523 602 597 631 1679 8634 7524 7048 7478 4441 9291 3526 644 3119 5085 3338 445 5436 1827 8640 7068 1845 4681 4481 1736 7008 7464 8918 9685 5307 7238 814 2899 4768 8797 2981 9162 7084 2837 3163 4224 218 4424 1626 1645 3831 2191 1631 9544 3601 3123 2783 439 6911 1489 9950 7160 7332 9171 3836 7355 5363 5881 4791 5356 9144 347 7111 4247 6017 5304 3729 7049 8738 4250 9234 3716 9429 884 4087 8815 1174 716 497 3825 342 7921 1910 7638 9702 7819 7338 7603 7502 8938 2519 7056 6185 318 8243 2225 9784 2135 3107 9108 1989 1418 2429 1444 779 4414 6469 8108 6594 7921 5819 5539 9244 594 7060 7756 5908 7146 417 3463 8527 8678 9908 5364 9071 7022 6419 4666 1046 5380 6740 1596 6322 2819 6948 8905 7376 9314 4449 6540 757 9671 9359 5754 1628 6586 691 2407 6536 9953 3121 9162 2356 4768 7594 2926 9939 8226 4333 682 3380 7608 3708 9873 1236 5482 2932 477 7227 6602 1751 6703 9398 5791 463 1196 6717 592 1109 9019 136 7032 9249 5187 165 3948 3384 7714 5138 2326 1553 6832 7010 4544 882 3524 872 9881 7605 4257 5815
9784 776 7251 9788 8243 1469 3229 7001 4167 5941 8072 2891 6155 37 3265 4041 732 6340 3155 1792 1455 2212 2194 5518 3363 3599 5603 8777 4474 7731 0 9706 1366 338 1300 9859 2310 7281 9412 8039 9603 9172 5363 9881 1988 4062 2908 4990 6347 8263 1352 4854 1093 7806 3298 2427 2333 328 1101 5251 8389 5083 2894 9189 4294 5671 2040 2807 7751 6584 3288 7810 9398 56 6602 7568 1831 2171 2000 9201 4018 6636 7289 6726 7477 777 8815 5949 5277 5796 1189 9243 1656 5681 4493 2320 6249 9184 8019 6840 8658 5405 1422 2035 5013 2458 9041 7668 5725 6396 5980 1053 7010 2336 6964 9182 5685 1689 9688 6497 5363 930 753 5190 9927 5378 1465 2411 3788 3051 9875 3947 1363 4646 9537 3010 9766 9377 733 3885 6944 7427 6392 4036 4895 5353 1157 4234 487 9302 7950 3926 5999 2189 5899 7402 9675 7121 8951 6896 8199 8096 6941 2308 8180 1184 6377 2846 7682 9380 1551 8770 2323 5201 6543 3010 6682 5931 1137 4940 8593 3572 9828 1260 1939 6318 3029 5906 9653 6100 2330 6274 9577 5013 2249 4081 5296 4118 5647 5515 4820 1302 4656 9517 7930 9899 497 2273 5359 5784 1802 1735 8721 7275 4557 6194 5405 478 1143 8318 7151 7349 4686 1066 80 3190 713 6739 3793 8330 4964 4035 5122 6150 9847 993 6341 6695 7402 3647 6412 4788 6751 7111 9491 8089 6658 9793 7665 9019
2310 2825 4177 4857 3787 1684 1175 7607 1323 5377 2823 9942 9584 1080 7528 3336 9268 6438 3497 1152 2957 5073 7121 8950 3542 1999 4166 1348 1661 5407 9706 0 7372 9637 7372 6913 7701 2415 9869 2664 7413 672 5063 6748 1454 6455 4307 8658 3636 4581 1731 8556 4868 9501 7300 1582 8887 716 9925 8135 2333 5504 3531 2432 2657 911 1135 9230 8341 5744 9369 4863 7331 4397 8932 5002 599 7149 3993 1754 2274 6218 3670 5464 1055 2905 6510 763 1609 2948 5498 3373 6258 4417 611 9042 1417 8240 7771 208 6766 4958 9032 5508 8157 4508 4381 1053 6450 3738 1767 4728 5483 538 5028 3660 2124 5232 2408 9438 8038 9502 896 2968 3286 1543 5826 1842 8474 3006 2658 5158 3400 2983 488 4319 2182 2434 4651 4245 216 5742 1001 2318 7731 5971 3546 8217 1670 6153 5251 8550 9570 5807 5474 9423 8622 1441 7574 9321 5740 2483 2451 8418 8088 577 7646 8082 1389 1474 7442 3692 3886 5905 2890 3603 4111 2686 8021 6972 9676 1558 9511 8758 4205 4164 9166 4068 6370 7665 5238 5174 5093 8630 9590 7343 9644 5567 2301 9866 2215 9940 1621 5488 935 8319 1486 4586 5917 1405 5621 7736 130 2702 3045 4572 7174 7423 3579 2281 1134 3674 3991 2590 4102 170 6330 5069 3328 909 5756 8338 1825 307 3837 8345 6617 2246 7619 2457 1660 9177 6346 6101 6014 9972 2432 7595 6387 8701
