200
0 6815 42 2086 7150 8714 144 8756 1135 7144 4437 7927 6685 3184 1268 4783 2888 834 5156 4480 8855 3589 623 3484 7625 8350 2676 6370 8881 9351 8334 1285 302 8303 3942 1270 6073 9947 4036 3183 9192 359 5638 3045 2837 432 6096 4287 7638 4511 1703 1369 8296 1657 7474 1255 4982 4824 8389 9311 9487 2591 2833 9981 5326 3340 4200 2599 1300 2745 5788 7253 5102 5811 5491 5488 8558 6701 6591 7654 6020 7406 9267 2776 2192 4839 1560 4349 7311 7435 7468 9130 2435 9723 6930 8405 3965 449 8355 1074 4280 2881 3268 3324 9991 9865 740 906 5659 7166 3355 4524 1962 7188 2614 9916 3677 7320 5191 1611 4646 6887 4562 7851 4329 4554 5230 1875 206 7252 9580 1651 5218 4597 6792 4057 81 9152 6262 7542 4479 4905 1458 9790 701 5850 7498 8978 7119 2963 4757 544 7313 9803 531 8079 9436 6979 729 582 2678 5567 5893 5237 4961 4252 5315 5324 4398 5107 8833 8161 2352 3011 8904 3064 2158 9114 6663 1519 5789 3132 6672 6473 2602 7474 7383 1925 2573 6998 7557 2095 2683 5045 4164 198 6833 8016 654 4302
6815 0 7537 504 9925 2288 9782 497 8089 1763 898 4253 3286 9703 7343 1713 1343 6802 3403 3374 1341 64 7369 7812 8534 6015 5166 1414 1828 2957 4555 7816 4422 4670 5556 681 4332 6358 2213 959 1329 8293 3335 2040 3934 3135 3800 7276 6842 9472 5303 5543 5133 7814 7043 8700 948 6865 2506 3088 8003 4455 8242 2185 8303 4250 3602 5626 9887 1071 5410 6042 2659 2181 7489 2704 3420 7431 8022 5689 7923 2492 3437 2548 7449 3169 515 3749 997 9035 3961 6537 6701 3852 2008 9786 3034 8167 9403 436 7890 1781 8714 6504 6194 5637 8153 2875 2974 6117 915 3213 6678 8694 7213 5676 5936 1484 9859 8430 1709 915 9834 9963 7838 5105 8557 2545 6376 1915 3351 6270 3778 5094 1435 1204 2253 7360 9973 1932 2842 5010 9776 5801 2043 6505 4099 4228 5814 30 9779 2130 286 5198 5728 8084 4095 2981 8316 9844 9123 2890 3368 9302 8528 2104 9867 6923 6287 524 6131 5203 386 5356 8493 1201 1075 2746 2401 8186 2869 4803 4881 8227 1088 5144 4002 5788 1496 8661 7622 6462 4641 4211 6218 1968 6644 182 675 3883
42 7537 0 5560 6703 715 8496 1668 2809 5417 400 7615 3637 5320 8858 4086 5635 8027 1599 4606 8029 5134 2326 4129 8932 2686 105 7427 8130 606 7957 258 3991 6589 932 6119 3874 9803 8867 5812 9297 680 5309 28 7619 554 1596 7466 7347 4258 9881 6943 3997 8138 2327 655 1253 3989 4495 199 2444 7526 8755 1744 863 2404 153 6256 7627 5259 2698 4486 8314 5889 8039 1349 5942 3595 9474 2776 25 6429 3375 1103 1828 630 8614 5485 2486 3531 9519 4074 8092 1157 4864 4419 2583 1143 1402 1996 7126 3417 9187 1525 9119 2969 6525 1937 2669 7567 961 1879 8642 6575 2192 3089 3467 1715 34 9603 7810 6863 4880 6087 5759 8373 6477 2149 4251 1357 2770 6174 4524 4155 6405 9671 7229 4979 3348 9087 1995 6494 1007 3633 6395 9375 6896 9549 9708 3031 2896 4369 807 9367 5261 3100 4601 6572 8288 5156 8249 8238 2745 5331 4798 4926 235 5511 11 1538 5609 8676 3398 943 2330 8707 1080 6729 9164 232 2377 4061 3020 8519 1163 2360 8642 6020 8987 920 8237 6039 6752 8977 8264 7288 2321 590 8455 718
2086 504 5560 0 4718 8312 9607 1524 3375 437 2593 5252 9764 2269 6348 95 9334 3636 5941 9271 745 2541 8147 6666 865 9280 5218 1291 4707 2207 1432 8573 6375 3704 4321 8984 5502 170 8403 986 6669 2754 2511 1288 7866 3395 3904 2980 7287 644 1848 2520 3245 6353 7035 406 4446 9284 7534 4239 7098 7920 2951 3703 7511 5097 5127 4216 3236 7496 1194 2211 2880 7228 5228 3875 9433 7905 3599 7380 5887 5722 9587 2345 3335 7676 8799 3013 9536 2488 5535 2889 534 7109 3500 4687 4481 9821 1334 598 8383 3895 3045 6061 3137 4272 3657 4946 7822 748 5278 5255 5780 2239 4415 5735 7156 9409 1793 1224 8148 881 2787 1431 1649 1762 9082 8841 4032 3081 2137 7101 5308 683 2985 1544 5071 1129 7146 3078 8763 1766 3956 8548 448 4640 7543 771 6001 9650 5349 3937 1628 5197 4351 1050 1310 4117 1754 392 8332 8600 6160 6328 6228 5129 7758 5238 749 9075 5989 7329 3523 6785 9349 8635 100 2594 7482 8882 2410 6235 3569 5566 2815 3215 1719 1689 3724 9265 2062 762 4257 7877 3087 5399 9447 448 9475 1610
7150 9925 6703 4718 0 7962 6349 4527 6055 9679 9346 6316 8969 1413 9596 5723 4518 1261 9555 8357 2883 1631 6033 1700 3017 8668 1989 6623 6251 2853 3938 9015 8363 7022 5399 1585 5868 9533 3280 3248 1947 8545 9112 9402 2256 1318 9030 501 7585 5502 3238 7771 5756 2888 9280 6171 9329 9040 7220 1976 6776 2723 3171 1739 3872 6885 5825 8667 4039 7400 357 9317 8402 4178 7971 1967 3365 4910 8189 9396 8173 5623 7459 7542 2287 5063 4981 9931 540 2538 6707 3975 6925 6680 2165 90 3103 2963 803 7923 8046 7717 5278 2083 8403 5037 376 6476 526 1888 4132 5681 3943 6289 8755 4331 4352 4576 3769 511 9371 6712 1759 6694 5950 68 8516 1635 1261 8614 3472 3548 561 6650 6714 318 5342 9958 9467 3216 7660 9617 1529 6496 5599 3755 2478 7668 9938 6297 9847 362 1197 7983 9482 3832 2810 7688 1377 529 4861 6792 9833 6582 5265 1244 1623 2369 8410 6713 708 4162 3091 6739 6551 2723 7391 4658 9107 3214 4625 1158 3295 9266 6358 7443 5769 3941 7587 2074 5180 1200 9678 6523 5309 2485 8534 8289 5746 3569
8714 2288 715 8312 7962 0 9079 151 7660 2362 2607 1932 62 7010 4612 2580 6056 8254 3054 5130 3868 2865 5642 8947 3863 9383 219 4023 1581 4579 7391 9994 6769 7105 4765 5100 8142 914 437 3126 7559 6554 7290 3557 7408 2522 4790 6286 2303 9098 107 7612 9233 9855 8366 9028 2334 4207 6978 7202 625 2183 5544 168 298 1878 3381 2672 6850 671 2286 98 6226 1057 7318 735 1582 9531 5723 1638 249 128 2309 8970 2847 3822 6664 5054 7858 3423 1261 2020 5837 5212 6947 7394 1187 7257 1584 5740 9625 6842 9499 2485 2759 6835 739 8726 3611 4885 3137 6742 5799 6128 7046 3689 7979 9711 954 5245 3530 3546 395 6658 7587 5224 1510 9269 530 2807 4322 7354 9888 2762 6763 8579 2250 5172 8420 1102 2714 6852 467 3336 5099 2503 8194 745 2670 7279 8034 5069 8709 1662 9758 1303 3886 3115 6219 2922 7071 9668 773 3537 1870 8411 3490 2400 81 7662 7110 3075 6533 1178 4817 2425 2960 2442 1182 60 5611 3554 3480 6793 4794 1277 4853 7103 1260 8149 9258 4693 1648 7493 1566 2827 4389 9574 9531 4322
144 9782 8496 9607 6349 9079 0 8886 6268 9385 5348 7176 2635 3633 8021 1967 5183 9504 2826 1330 3312 6916 7037 1812 6773 3862 538 5837 1761 7861 7971 4567 5629 5994 7869 2314 5377 4545 3433 5952 2072 3359 613 3588 8653 4130 4977 7819 6881 4035 1050 7619 2353 2369 801 7553 9350 3937 8193 4987 3560 7878 7589 5426 9761 8862 9890 2467 8525 4986 7729 5253 7013 3484 9076 1703 7869 5425 5867 6436 8188 6402 9343 1800 3517 3275 6337 5877 8998 3031 9604 1645 9389 3470 341 4081 346 3471 4496 7346 68 8158 6760 2249 9819 1124 9954 6460 2859 6365 7292 5460 8597 4710 4527 3999 1342 7158 2988 5401 9449 2918 72 3366 4174 6950 3976 7658 5408 5183 6595 445 9465 272 9245 7768 7249 8202 4307 3539 6647 468 5943 7832 9082 9046 4840 7552 1208 3814 3158 2074 3562 6126 3600 8082 8064 9655 6492 8131 9006 923 2588 9746 6350 7096 3497 5351 2427 7178 1568 4620 5606 1692 4583 4086 7521 1421 9305 7106 3961 5299 2380 8146 2594 9186 3067 7050 7601 1919 3346 1535 4636 1424 227 7742 411 5547 1192 7125
8756 497 1668 1524 4527 151 8886 0 7571 9093 8620 2421 5554 4600 2748 2995 1048 3805 7295 5426 9221 4167 4822 5978 3214 2130 8325 7717 9706 7443 338 3742 4095 5154 8221 5974 6546 1072 8479 4974 5507 7664 1400 269 2331 3202 7283 8168 1305 6897 691 8805 9794 6309 3784 6661 2798 5115 6124 9693 2569 3012 5483 2117 7085 8022 4047 732 6337 1239 7604 685 4002 9815 2050 8850 7623 8121 5034 3598 8042 1753 7872 8754 8130 4209 551 2292 936 4527 8241 6956 7314 969 1670 5397 8852 9759 1408 8642 7685 686 3454 3172 4511 7577 1491 500 4526 231 2029 9523 3601 4430 3035 3640 8162 1688 1128 5923 2571 6517 2871 4959 997 2594 6293 9291 5357 8449 4551 2080 5829 9970 6191 8302 3770 5131 562 5807 8988 6878 4299 1637 7463 7164 4915 4616 5316 4197 8858 6544 8367 118 5273 1753 7860 1028 2727 2975 6891 3990 6716 2099 1928 1796 2309 5223 909 8503 7356 3951 2975 4595 5899 6350 1358 7747 3336 1904 945 9240 6309 1929 6774 6219 427 9636 6714 7882 5831 7054 3239 5243 6895 3709 229 9126 3789 1089
1135 8089 2809 3375 6055 7660 6268 7571 0 3643 3550 2065 527 7174 8992 4139 8932 8265 2262 1841 4672 8755 4024 3351 3836 6172 1158 4780 3146 9677 3409 6323 2874 6234 9736 8077 6152 713 1631 5654 1688 2393 3994 5602 97 2300 5289 7780 7935 5027 6033 2985 9934 875 8868 5905 6741 2685 4583 8874 70 5625 887 6611 7355 7851 1585 5935 6604 851 8382 1976 3120 8534 655 2634 2573 1469 2815 4336 6686 2947 9977 3849 7418 9657 3931 8631 6619 9330 1085 6416 6196 9627 1424 6274 427 3401 4325 6955 6733 6552 2580 2836 9938 3391 806 5153 1863 1690 1475 9630 5535 2001 1408 8028 868 9404 4130 5982 5082 4428 3771 9449 8568 9174 7338 6181 7354 783 8168 2143 2646 1054 6743 9666 1649 6110 154 6035 2706 1050 4881 6941 6292 761 2994 4300 8135 9802 5805 8014 2425 3946 5148 7347 3562 273 304 1683 6227 9899 6301 3131 813 4840 531 9227 835 4287 9204 3550 5114 7768 957 5002 4574 4430 6072 5799 3795 2634 421 8866 6275 9590 7788 8808 8655 2869 5691 1687 1692 2531 1168 6589 6046 1939 6758 5400
7144 1763 5417 437 9679 2362 9385 9093 3643 0 4094 5910 7630 4745 5732 2746 8916 6599 5140 8259 9340 6215 8301 5012 5601 8985 286 8193 7093 6624 6231 8659 6943 80 7160 488 7026 5143 4124 909 8707 9499 2038 9226 9990 5244 1954 1540 7805 5735 2857 5145 1121 216 9866 186 1380 5686 9237 221 724 8480 1224 8446 126 4337 5329 7775 5712 5489 9942 7410 3226 2270 1116 2428 1591 1839 5464 8681 9603 9526 795 3683 679 5837 8586 8096 9318 4256 10000 2107 7797 3888 2166 5166 8195 3148 6106 8866 6404 9099 7684 5563 746 5319 5108 9945 5848 5999 3204 2939 5582 6278 5991 7166 2163 2973 2572 5524 2007 3332 3610 5107 9676 8915 4859 5398 4540 9691 3637 404 306 6038 9089 10 9571 4818 2146 7828 5108 3333 305 8141 5453 9363 9388 1437 4440 7119 2651 3713 3069 2365 2617 1301 1225 5648 3903 5496 8218 9569 1233 3671 288 1841 7240 9767 3770 3060 9232 7552 8259 3519 713 2459 1516 964 7765 63 9297 114 8317 2149 6317 7131 3831 151 149 6827 4350 5714 5452 166 2028 7979 5124 4020 8666 9425
4437 898 400 2593 9346 2607 5348 8620 3550 4094 0 6348 5473 6861 9808 8540 9360 8 1790 1020 7084 3928 2828 9349 7197 9206 888 5819 8051 4802 588 7366 5764 3009 1442 9052 7820 6927 6134 8203 1061 3465 342 7767 467 3554 7528 3425 8843 2556 411 7147 9786 5372 1055 2607 3450 8373 6769 4720 9637 1923 3677 9172 9486 8037 5410 5594 2666 6678 3618 1080 3852 9517 2771 7270 8237 8786 3697 3628 214 2985 9871 8133 6277 6321 9764 1541 6108 4507 3188 478 3244 1078 5326 7020 7747 672 3705 6643 501 7358 5836 5874 7119 5542 3508 6454 7 9930 4558 7125 1630 5959 4774 2088 7231 8776 9037 8676 8114 808 411 5714 6641 7217 7207 8621 5801 5848 5278 5936 9706 2537 3841 3336 3248 8146 9496 5323 9428 7419 7382 4718 1781 7450 2907 2339 2045 7889 5882 7278 1519 9794 5694 9729 1789 668 2450 2040 3485 4563 249 4386 1711 9268 1869 3896 1287 329 484 7912 7918 38 9343 552 5033 6336 276 4363 3572 9812 8909 8651 1284 8022 7341 9841 4799 7077 3023 7077 648 4029 1832 4529 7170 7974 6931 4010
7927 4253 7615 5252 6316 1932 7176 2421 2065 5910 6348 0 8240 9680 5674 454 691 1425 3860 1977 6086 9965 4691 8697 1454 6053 7786 4400 7323 1770 4733 2480 6150 7190 4780 8757 7992 6615 4212 2216 5280 3566 5371 1676 144 7459 4728 396 7383 7286 1939 5435 5308 5500 9462 5654 1888 9736 5445 8349 4897 8595 1872 286 3843 7528 6038 1162 7007 5742 69 4441 9707 3806 6304 287 542 6747 9695 2277 5755 7053 3538 6097 8240 5254 8304 2729 4728 6373 2632 949 3238 5896 4449 755 7333 8427 601 5687 7500 9603 9092 8857 6288 6437 7489 2458 3507 4678 3185 310 8073 148 9318 31 9554 234 8768 6792 9372 6904 8447 9753 3832 8220 5383 8044 5241 6110 3093 2166 5118 6999 4469 4263 3384 4635 881 971 4273 4717 4946 1676 5588 5415 5036 1986 9088 1471 6953 2909 4212 7224 395 3935 5851 4720 2827 7276 6427 9248 5858 7803 8397 8446 4670 5292 8380 8134 9350 322 2766 4979 5692 6475 8618 6288 8375 9399 1074 4680 1228 8044 9783 8283 4818 4354 9722 9918 2932 9070 1660 610 4810 2073 5275 4599 9100 1329
6685 3286 3637 9764 8969 62 2635 5554 527 7630 5473 8240 0 2904 3734 9953 8775 3566 5138 5856 2834 9842 1934 5449 8053 5266 9662 2397 4661 5375 9654 5529 3512 8589 4571 6703 8711 9418 8863 3984 2842 2370 6248 4598 7494 891 4082 7742 3563 1599 8355 4001 7096 2352 8018 6392 2130 2422 5829 9096 7969 5145 7270 5553 3054 843 9149 1140 4602 3366 4095 4238 239 7059 3288 884 4551 9036 9962 8952 8310 6430 3694 882 1240 5328 7377 9278 6641 260 9582 1129 8856 4870 1619 4477 4215 6045 3322 2667 1666 2881 7082 8685 4281 7426 2101 4286 2584 3331 7527 3549 3002 9532 470 173 2996 6047 2087 5401 1217 965 2914 3135 558 6223 855 2225 7330 3858 3926 410 7477 7429 2094 6676 5523 6109 707 2233 4778 61 258 4077 1223 4628 773 828 8173 4794 7319 1008 2073 7515 8490 6020 1195 869 2125 6757 7638 226 4923 9389 4758 4473 2300 4770 1925 2592 2060 8128 8897 4369 4791 7466 6615 1953 624 4912 1904 3153 9540 9717 5186 5960 3770 7068 4183 5235 4974 1153 7961 9817 2402 3984 7272 2809 3272 7861
3184 9703 5320 2269 1413 7010 3633 4600 7174 4745 6861 9680 2904 0 2205 8245 8878 2267 1875 3533 638 1103 9342 2081 8545 2339 6325 2298 9050 6280 6244 6765 4996 5148 3503 7657 6174 5620 3553 6832 8138 4289 1920 4537 4289 1920 4590 6182 4633 6959 1374 5505 1329 3109 4295 6203 8010 287 3858 6452 4326 3970 7286 8363 7021 7298 8421 4186 1082 5132 6607 4079 188 4796 8286 8790 3682 5776 1788 7651 7523 2518 5038 1336 9178 1046 684 7029 3031 3189 4581 8340 1740 4950 8863 4700 2788 4017 9692 2316 4684 9720 2391 7150 9846 1019 2599 2071 7479 1494 7284 2855 3642 3610 4891 2844 8715 3259 4622 1515 1224 4303 6947 5390 964 1960 9622 4552 1312 7470 5546 5906 6997 2411 5658 4982 5261 6859 1282 6793 1654 5232 4733 2803 8746 552 334 1801 495 294 5547 8514 6245 9957 4817 414 4119 597 1924 941 7362 5192 3500 336 6676 2460 3358 2988 3103 8732 9994 1096 9787 7578 3118 8800 782 9886 2098 4105 3512 5065 5814 2437 9029 2575 5794 4271 1081 8377 9324 3390 5559 5286 4424 2179 9102 9133 7730 2480
1268 7343 8858 6348 9596 4612 8021 2748 8992 5732 9808 5674 3734 2205 0 7524 2276 4146 3203 6123 3208 1005 8565 9399 5837 306 7073 4289 6961 2452 4342 7336 578 3685 2787 8507 6513 2108 7019 3666 323 491 806 6535 3373 2728 6031 2314 6940 2078 5723 6131 2148 9324 9038 5074 2509 7639 7103 4197 7360 7965 7199 1673 2631 3021 3980 4770 2958 5149 138 3897 6579 117 3317 4346 4316 1807 4679 6447 8339 2330 7477 7332 2127 6450 2068 2772 568 8589 7137 6552 1351 8986 1341 1760 8753 7879 9041 7479 8905 2074 4374 3345 6593 5899 3313 6723 9386 2523 6352 3551 133 8009 5055 4503 6418 1730 9366 9148 1032 1252 520 6396 3263 7938 3429 6226 9190 2894 3096 4242 689 5652 2025 7611 9649 3345 6861 105 4846 996 3107 2087 7693 7202 9992 7294 6007 8127 9304 5399 1005 136 1443 3198 1289 4782 8015 686 2659 3859 2692 6997 4110 933 9827 9109 8462 505 7052 8218 1135 9217 4234 67 7391 1854 1965 8411 9433 4507 6212 9332 6817 514 6565 6123 1932 974 1454 1820 4513 1910 3911 6091 467 3871 1163 9020
4783 1713 4086 95 5723 2580 1967 2995 4139 2746 8540 454 9953 8245 7524 0 4208 715 68 6370 3778 6236 349 1639 7272 1550 3856 477 5289 6265 5066 4494 3866 9573 2339 8523 917 2104 6911 3767 8124 2525 3207 6847 4934 7821 5925 3233 2129 3255 1594 2315 75 3585 4088 4649 3267 8768 8981 3 6986 2479 884 1529 899 2360 256 1698 6326 9735 4583 1912 4074 1605 9465 5204 7200 5713 734 1587 5118 805 2887 76 232 9578 1708 429 7639 5883 1121 876 5468 240 240 102 3660 1644 3140 3153 7442 5651 9462 1336 7139 4429 2691 4569 3219 9981 5720 3236 5634 8350 9575 9758 143 9312 2083 2308 7586 5198 4295 9881 6851 4324 1001 5722 9576 95 7231 4048 5419 5885 9458 8494 9606 2570 116 8326 5161 9613 5106 2165 9674 3903 3468 4315 179 5072 4638 1595 4219 7657 7863 6574 9793 1583 9752 9937 3297 9793 7224 9709 4172 5933 8299 1355 1671 452 5478 424 1538 4303 9743 2035 5231 3777 8328 5375 7923 6224 3375 1452 2006 9527 3423 2711 9435 5937 9412 783 3144 3783 1335 1836 4706 340 4846 5798
2888 1343 5635 9334 4518 6056 5183 1048 8932 8916 9360 691 8775 8878 2276 4208 0 4484 4320 6316 9132 9038 9795 6663 9270 5263 5872 3735 9343 6679 4262 3790 8028 7454 551 7271 5290 2506 5123 9375 7878 7011 8506 6593 3822 245 6602 4806 9505 2140 5419 4617 8283 8854 1268 6240 3678 1733 1384 9895 999 5883 5660 9710 3431 3299 3493 6818 1319 9469 5652 9867 4733 3561 8017 7561 7697 828 2803 4697 9690 7473 6170 1405 6835 2120 3005 651 6746 1047 7813 9267 3519 1610 4209 2430 3332 2861 5103 8 4898 9906 6032 1043 5460 6432 2879 1918 9899 2239 3879 9904 2675 1596 5134 8357 3885 9004 2179 2810 1263 7404 3598 6415 9745 1610 4376 567 6610 3301 55 2486 7964 5361 405 264 8606 8702 2865 4332 4760 2024 7047 2604 8955 6897 9617 6774 7193 8188 6345 5327 1201 1347 5371 460 2367 6006 2187 8367 6215 9018 9607 6801 9465 7802 8942 8092 6516 1962 3951 4669 4440 804 1210 5737 4078 8308 6656 4830 6627 1986 7331 3993 4522 164 980 3360 3739 2943 4810 4393 988 5027 3849 7353 3857 7918 8407 7711
834 6802 8027 3636 1261 8254 9504 3805 8265 6599 8 1425 3566 2267 4146 715 4484 0 9613 3799 5372 8528 1661 4984 5371 8106 9372 2326 7431 4702 7429 4769 9158 2938 2906 2194 4104 8596 6435 1836 4397 2344 1566 1635 9916 7623 3913 6899 4670 1343 5191 3052 9248 8156 3973 7777 3907 6248 3769 5471 4422 2900 8103 2852 769 5508 2045 2371 6718 3981 8849 4517 3323 9329 6646 1054 3978 708 8498 7248 1225 5861 1794 7267 1169 8000 7123 2877 1074 1552 4658 9122 7279 884 4049 8123 9677 8016 3032 2699 2789 8225 7331 6777 7940 5315 8473 4776 4469 9630 8496 8443 2177 9651 483 2702 3615 3961 7162 2886 6114 1733 8261 5374 4776 7234 859 2403 7645 3668 2575 1313 2199 613 1713 8569 7986 3840 329 8184 8111 363 6074 1919 8787 5876 3765 527 6967 6579 8498 1309 300 5834 6729 7089 1253 4679 1432 8334 7603 7231 14 2081 9749 8167 3250 2219 5283 7841 6785 7661 1592 5609 6737 708 2772 9703 9559 2043 306 9028 1549 3440 7039 6576 6610 852 2693 3960 9158 5462 5026 5698 6758 3967 802 5679 4542 6525
5156 3403 1599 5941 9555 3054 2826 7295 2262 5140 1790 3860 5138 1875 3203 68 4320 9613 0 5286 7187 8191 6964 4933 2999 2091 8389 7906 6805 745 8084 1991 828 7181 171 7684 3377 2640 6374 2502 227 89 3556 9247 8934 2364 5341 5683 1112 3924 8641 4750 5859 1645 1905 7850 6764 3426 3991 9284 5459 7213 2703 2627 5103 7142 674 1096 1232 6991 5449 3472 5188 574 9957 3976 8451 2579 9559 640 3968 6106 6288 559 7560 6295 6739 4920 8476 448 7805 3773 146 7623 9117 3981 9406 5036 2695 9152 2152 1609 3845 5499 16 3215 6362 5532 2999 9918 8180 1604 7832 9726 8592 5317 7355 32 4535 2701 9073 6231 4772 8360 6786 7627 5047 1599 2185 958 5958 5980 7336 2240 8071 9640 4382 5042 8646 5613 4389 2347 4885 6946 6762 7101 1664 8402 8197 80 8524 4256 6765 4388 4963 4656 4291 6125 8441 2528 7582 8956 6673 4412 1526 5960 6333 2653 6594 383 6390 593 9527 4967 7154 7061 3257 8353 2406 331 2700 6601 1384 4849 5583 30 8931 7710 3623 8403 608 7791 5246 8091 3946 2429 5533 5578 8458 8890
4480 3374 4606 9271 8357 5130 1330 5426 1841 8259 1020 1977 5856 3533 6123 6370 6316 3799 5286 0 685 6620 3248 4545 654 7494 9639 4351 2307 8404 2763 8395 4253 9058 8931 1513 5512 5822 7704 1142 4053 7039 9388 1200 5111 7277 7037 3756 8632 6718 4142 5802 3331 970 9693 992 4159 108 2271 6743 1153 8459 2529 9056 6689 5107 5509 9734 6740 8673 3103 135 9754 2356 6643 5177 5489 354 5909 1897 2473 5587 3527 3021 9201 2613 9877 5436 4503 2907 8281 5082 5925 4119 4092 4357 6178 3999 907 2381 8332 1282 9015 767 5368 123 3257 2693 9234 1505 4090 566 8394 2931 2738 1729 4776 1563 5290 5928 4801 1216 8375 4927 8454 8013 9378 5615 2878 4661 7962 2231 7478 4823 7702 1180 2956 558 4267 4595 2346 8710 1064 7727 7425 279 1304 133 8059 1646 5082 7496 6828 4261 642 519 5783 6126 7576 7269 8370 1193 2132 9550 4574 158 3123 4362 1724 5590 9928 5808 6767 1959 2891 5954 6358 4893 6274 1399 6080 1333 9154 2757 3486 2452 1409 967 7982 8994 7152 8800 2817 2555 3777 1637 1894 8549 5538 9571
8855 1341 8029 745 2883 3868 3312 9221 4672 9340 7084 6086 2834 638 3208 3778 9132 5372 7187 685 0 8786 5767 3863 5450 9254 763 4967 9789 586 5519 4242 9578 1908 6170 5385 7501 765 5701 6618 8404 8353 9373 2230 2524 8990 5179 3183 9823 1634 1938 432 5775 1328 8965 6907 643 7730 4193 818 1206 7819 8016 515 4011 3933 8167 3834 2261 2858 6964 8553 9917 1032 8857 4039 6730 9314 8384 3019 7271 7267 6805 6346 2892 8250 440 9748 9567 6626 3585 310 2604 8062 3099 1501 2005 9514 56 2611 2352 9711 285 2683 6882 8704 4384 4233 4639 8271 814 4842 3524 2320 8257 4532 3842 3513 5316 3651 6418 8994 4055 4094 7334 3469 8202 7624 550 7335 8862 5785 4324 8382 5331 6342 5105 1481 8898 5320 4176 1052 1039 2139 1796 2393 4272 3507 7180 8377 5902 5181 9181 3008 5943 3301 701 299 9582 5142 1640 2107 3188 9179 5597 1717 8159 4399 7261 7951 6980 4971 6995 6563 6424 3173 9544 128 467 4245 7269 1480 6672 9943 9654 7858 9977 1196 1556 6423 9268 1114 4509 6073 8274 8594 28 858 9027 7505
3589 64 5134 2541 1631 2865 6916 4167 8755 6215 3928 9965 9842 1103 1005 6236 9038 8528 8191 6620 8786 0 2988 6359 2242 3201 4270 2301 6368 5603 2318 4189 8946 9770 872 8083 1895 8536 6316 2271 2825 2241 1832 6444 7165 769 8751 8121 7944 5474 5902 8587 8884 3044 4908 2936 1498 4874 3160 2030 2351 1990 8613 6742 7984 3790 3470 6585 906 3791 6550 8874 8696 7219 6871 3033 8942 7789 8206 4010 787 5986 1321 1816 7870 1840 9380 5480 8597 3215 3014 8929 5848 5040 9688 9845 7492 9449 5785 1392 841 9072 7595 9092 7714 9527 1274 6309 7130 3832 8676 7882 7414 5146 9005 9 8363 1308 679 5252 9166 7735 6432 2275 2015 8757 74 7966 6963 5849 1802 3798 8331 982 5116 2831 3152 7142 7885 212 7222 501 4007 8625 7340 3989 1671 3995 1260 3920 825 1567 8975 3789 6248 929 5214 9088 6118 7122 9702 8857 479 7769 9908 9482 37 716 6685 9200 2053 2727 3254 7650 7968 184 5323 6308 7606 193 4098 6920 1636 9059 5396 5294 5898 8123 9130 505 2163 3364 7469 1030 3194 3178 7607 2909 848 9219
623 7369 2326 8147 6033 5642 7037 4822 4024 8301 2828 4691 1934 9342 8565 349 9795 1661 6964 3248 5767 2988 0 2669 1880 5034 9110 5166 6823 4662 2917 6811 2640 8290 2312 3632 6337 6329 5834 7984 9111 1744 7695 9712 8194 565 949 8946 9116 4820 1424 9339 7352 8700 8949 570 3623 2434 3646 1811 3163 9079 1295 7904 5698 4689 7011 3658 6060 9098 8489 9911 402 634 8194 928 2629 4559 7896 3591 9455 8390 5944 1380 8969 2541 9197 2865 1853 2837 7843 7994 4047 2599 5209 7036 7373 2902 6297 5205 6448 1404 814 6139 9603 7445 3887 5450 5787 2272 9824 2990 8543 3070 970 2405 5730 8914 9176 5669 4220 1513 8727 2181 9695 3120 458 8721 4373 8408 104 6009 1326 1774 7452 3322 8296 443 5839 3393 3927 6182 1729 700 4373 8133 7897 3172 9091 6398 1941 7910 9445 5481 3984 9616 7595 5795 33 5679 4067 1440 7449 4726 2644 2516 9212 8827 5588 6247 6635 2119 7154 7232 7925 1547 9783 1935 8747 3234 9332 117 8966 7498 1173 1096 4089 3618 8360 990 3912 418 365 8321 1677 653 1823 2398 7038 5656
3484 7812 4129 6666 1700 8947 1812 5978 3351 5012 9349 8697 5449 2081 9399 1639 6663 4984 4933 4545 3863 6359 2669 0 7738 2017 3384 3449 1903 5049 355 5301 5429 4740 6265 9652 2527 1166 7825 9379 2626 904 8581 5005 3270 8410 6551 6422 3272 5098 6449 1057 8779 7800 4844 8621 611 2776 8496 1736 6576 9864 5403 9627 6529 8285 5304 4615 9404 8859 9542 4707 2926 7210 8321 9964 5551 6907 4464 369 3171 1717 1365 1552 6270 7849 2325 35 2966 8648 9313 4411 8609 9164 691 6409 7077 5635 1192 7211 4785 4834 7353 6705 9068 9882 5696 402 2314 7471 2315 1614 6541 9855 8133 730 1432 6918 8485 7328 4995 5437 2929 1459 4524 8026 9050 1668 6605 3492 8223 5645 7290 9228 8983 3401 6390 7240 8283 8201 5906 791 7470 7389 7635 4832 1036 9866 2882 6123 5756 2425 37 5832 828 4048 2234 4159 7112 4206 4466 703 7562 853 2319 929 7724 2414 3177 1720 6420 6420 3856 4877 8158 4930 3523 5084 9268 4101 620 2083 6713 9495 3131 7734 463 4738 9757 9881 676 5327 5104 9776 3089 7517 538 3849 8597 867
7625 8534 8932 865 3017 3863 6773 3214 3836 5601 7197 1454 8053 8545 5837 7272 9270 5371 2999 654 5450 2242 1880 7738 0 9436 4396 503 3215 5525 5085 2064 7871 2696 5201 9353 3823 3279 5641 5789 3126 6808 5830 8149 931 2882 4567 1158 6706 2385 9951 5280 1035 6862 6028 2288 780 1888 1346 623 3782 2657 4362 115 7994 2504 3991 2362 8404 7691 845 887 1406 3875 1576 1758 206 3782 6787 8710 1809 4894 89 6682 458 7927 6076 2396 1759 839 1445 5099 2368 5709 9773 5086 4938 3126 2357 3904 826 5861 3258 2270 3345 5465 2962 6914 7286 1007 7241 7547 9178 824 8063 1951 5536 81 8874 6735 439 3691 4507 2667 990 7476 9720 5085 322 3460 1511 9982 7963 3707 160 591 8291 3551 1097 1541 101 6029 7063 3004 4940 5952 2756 8454 7940 850 6641 4861 3067 7508 4781 9624 5937 6826 9751 8707 8452 1738 4317 3322 3755 1740 7657 837 4754 1334 9512 7455 6801 9849 7289 3273 1161 8975 2437 3655 7440 7982 937 7486 5771 9405 1173 4224 5990 7327 8232 2713 7357 9453 5947 9354 7627 5897 6828 4532
8350 6015 2686 9280 8668 9383 3862 2130 6172 8985 9206 6053 5266 2339 306 1550 5263 8106 2091 7494 9254 3201 5034 2017 9436 0 6022 1084 325 4866 3066 8642 8925 1854 3035 2110 8236 1157 6128 4927 7036 2395 2260 1166 3908 2879 7091 6823 9402 349 2717 1051 6070 3895 6571 8169 5344 1586 7864 7912 4990 3992 7360 8955 5204 9359 5759 1749 1194 8382 1526 8847 9438 3403 8390 8766 9856 9860 1330 8390 8162 9740 1961 608 1936 9627 3504 9060 1104 5411 4572 704 3808 2321 3622 1059 1216 4662 7626 6585 7423 7827 3620 4360 931 1537 8874 8741 8127 6001 6565 923 1176 3382 9027 1993 7546 9838 5373 2582 9020 2857 2532 5020 8898 6684 752 4801 8519 8824 195 8497 1092 9851 8841 8374 3877 7629 9291 630 7114 8453 5654 2752 2221 1063 6025 2603 9306 7739 8834 9438 8314 4229 2352 7891 7494 3504 764 2429 5045 9442 7358 4861 508 4389 2406 538 4581 8786 2065 1177 146 5892 5480 4943 9840 685 6171 6201 5369 8093 9981 6876 3938 4812 3544 7728 3811 7757 509 3517 6121 775 7291 5351 8186 4548 3465 1887
2676 5166 105 5218 1989 219 538 8325 1158 286 888 7786 9662 6325 7073 3856 5872 9372 8389 9639 763 4270 9110 3384 4396 6022 0 3388 7232 5118 8081 4759 2429 9024 5952 4441 2683 1757 4034 2203 3536 2292 7049 1553 6372 3204 2596 9867 6194 7940 9194 2534 4593 8772 2120 3810 9749 2713 9171 7130 6101 7688 4531 5429 5399 4601 8551 4014 7739 415 8800 7051 1054 1519 5746 8144 5987 8351 4294 2765 8295 9382 3841 6091 7062 4792 5469 92 2440 9955 8710 8844 3514 5028 8218 7984 1760 7521 5824 8770 7819 8731 9635 9116 8928 3334 2322 6432 4798 236 7917 6084 5134 5388 6748 2429 3394 9928 5761 4288 3353 3021 8 578 9344 8119 8414 3853 8390 4490 2018 4793 2269 3205 3593 2992 7931 4946 1295 2571 2152 2744 6752 4281 5818 3537 3518 8006 1397 7583 8134 9627 5517 6238 4223 2372 432 6877 3988 3728 9148 8185 5496 993 7005 9296 4887 3464 1911 1234 9963 5114 485 1397 5042 913 6816 2375 5262 359 1664 3706 6253 4579 8883 404 6133 4075 1162 7918 5082 417 1544 5979 7064 5707 3307 4473 9087 3340
6370 1414 7427 1291 6623 4023 5837 7717 4780 8193 5819 4400 2397 2298 4289 477 3735 2326 7906 4351 4967 2301 5166 3449 503 1084 3388 0 6830 8937 3272 4720 7383 1985 2286 9953 6252 1027 281 2586 9221 7659 571 4241 9563 6995 5736 8571 7524 8222 9361 4912 8535 754 9439 8394 976 8675 2996 7266 5878 2196 1683 4351 299 8372 5281 8214 3614 9582 3783 4750 6970 3439 9691 454 4122 7238 2128 9798 1400 9949 7563 5074 7938 8616 6301 6390 6290 6343 1050 4306 7741 8531 9520 4758 7232 860 4654 900 6649 557 192 819 1926 7840 3641 3040 5681 6342 8903 3346 7018 8517 8735 7641 3404 7922 7731 7772 2052 9236 2253 7272 6593 5708 214 1666 7028 6375 6860 5040 1116 6064 2276 4380 2994 3488 5141 4374 7071 703 330 5657 5974 7563 4053 8326 4372 8609 5455 2997 2491 1250 5403 1683 2214 1254 981 2949 6961 911 7104 6712 7105 7357 4709 1268 3532 3633 4218 2348 2740 6632 4076 3635 9034 8573 8952 9313 2336 6941 2133 373 9694 5576 6025 896 5842 7565 7244 3103 5423 1653 9856 8741 7708 7455 2202 4960
8881 1828 8130 4707 6251 1581 1761 9706 3146 7093 8051 7323 4661 9050 6961 5289 9343 7431 6805 2307 9789 6368 6823 1903 3215 325 7232 6830 0 7759 598 3512 4283 5785 7310 2400 8354 4607 7682 899 3082 7902 59 2149 1585 7400 8865 7522 8011 7847 5690 795 4275 5708 6248 2466 9363 6563 3190 7707 7758 8679 1847 3511 6562 5497 1854 9242 9185 5393 7127 1531 8269 4838 4834 3261 1217 472 8169 270 3031 3141 8681 6361 8558 2572 5635 9361 6054 6652 6516 4754 295 6750 7507 3204 5064 8687 9696 1911 6636 4977 7642 4458 4720 9446 3568 1209 1484 7965 10 7273 7705 4222 3703 8107 9545 6091 8305 7895 9371 7225 2742 1475 4094 5380 5137 2793 6686 3035 7054 5698 9002 2267 6184 305 1375 3426 8460 6879 7558 2615 8108 9309 1088 782 9653 1762 1248 2623 5164 3064 1235 5052 6133 5097 7805 322 5334 8578 7773 7968 4096 2010 55 5037 8268 7483 8017 4789 6130 2060 4436 4843 2236 9865 7473 4843 9983 3354 2746 115 1354 2691 5376 225 2168 6578 6937 2503 5284 4382 1751 9244 5757 4002 5176 7052 4065 1270
9351 2957 606 2207 2853 4579 7861 7443 9677 6624 4802 1770 5375 6280 2452 6265 6679 4702 745 8404 586 5603 4662 5049 5525 4866 5118 8937 7759 0 8054 2563 589 1954 6268 5835 5426 6389 6555 3367 3639 8778 7438 8309 4700 9101 8811 3430 9733 685 8203 4830 5475 3849 2597 470 1182 136 6670 6074 5161 7519 7057 5200 8470 6182 8282 611 1539 8596 9501 2047 8940 9927 2514 4609 6923 3814 9663 8376 5044 3425 1204 119 1879 5432 6739 4907 895 569 8796 3600 2671 1110 3239 4454 237 8682 184 4158 3632 9257 1582 8626 6244 9187 6986 4045 2164 2653 3294 7139 6259 4136 8262 6912 8492 6975 5076 7918 9440 8175 6651 2597 2226 6198 5217 5648 927 2157 334 1882 7714 9162 3221 6630 7297 8737 5160 1268 1065 8032 9685 3605 1169 8870 4811 1814 7037 6953 7460 9528 5505 4746 3017 632 1638 5662 5390 8664 7081 2411 2818 8474 2846 6294 1360 3860 8804 6440 3474 5934 4844 9072 7811 4904 9417 7889 7923 6836 4299 1787 5599 7747 3562 5138 1001 8652 7124 1017 230 9098 8120 3893 945 6186 3261 5801 6825 8467
8334 4555 7957 1432 3938 7391 7971 338 3409 6231 588 4733 9654 6244 4342 5066 4262 7429 8084 2763 5519 2318 2917 355 5085 3066 8081 3272 598 8054 0 4710 1984 8607 5976 9717 3801 2868 6405 9013 4111 6941 849 6224 4906 9115 6843 4498 9769 4413 4485 1800 6866 9982 4471 1636 5677 4239 6009 8327 9413 9379 7363 2939 7230 2879 2287 7793 6939 6618 6067 5658 7419 6229 8794 7552 9322 7707 1508 7872 5394 2838 3239 3171 8252 4182 7796 2788 9224 5966 7811 9419 4582 161 3178 3286 2600 2142 5254 6362 5334 1793 5982 2831 1381 5436 4032 2125 3098 8246 1124 9223 7275 4511 6736 483 5980 7187 6558 3700 1946 9095 3933 515 4360 9201 655 7247 9878 6607 2188 10 2578 7642 368 3951 531 8431 5621 2953 4 9610 2405 748 7119 1078 1096 7384 9343 9633 3541 1544 1702 6129 1364 3902 1418 8296 8876 5652 8160 8646 488 1901 2561 3097 6148 8309 5670 303 3328 5140 6825 5877 2493 466 19 1504 5481 9850 7039 8780 8551 5168 4033 5051 2684 4614 8270 1083 7646 1757 8655 3800 8828 9889 2305 5678 8704 9338
1285 7816 258 8573 9015 9994 4567 3742 6323 8659 7366 2480 5529 6765 7336 4494 3790 4769 1991 8395 4242 4189 6811 5301 2064 8642 4759 4720 3512 2563 4710 0 5076 733 8424 4859 3158 4465 4805 1369 9313 8788 4491 337 2271 8910 3716 4371 9207 5541 2435 2006 2965 5644 426 4979 4294 7344 8352 7919 5191 7679 1223 5994 7768 4388 4048 2486 7927 7575 662 6511 4810 1926 1924 641 8119 4761 1488 6740 3076 3317 3739 1588 4613 7622 3782 7854 6515 2651 2616 8880 4626 2902 4926 9628 7618 2315 1220 374 9127 8373 2406 8254 5817 7399 1216 4023 9705 6481 2047 4316 2530 9624 1968 5611 3083 3480 7494 4197 8619 8864 8205 7730 3110 8649 6374 5383 2284 1510 6666 7054 8779 3127 2125 1835 9442 7085 2145 709 4777 2976 3158 913 6416 6005 3244 69 4806 8676 8338 406 9911 9888 9701 8398 3544 3637 4928 982 4269 289 2597 8148 5516 8881 9639 4732 7353 5952 8714 2806 2381 1149 8100 8357 6929 1395 4893 3144 4949 4095 8588 7287 8467 1939 8362 8937 5345 5530 9850 5995 7854 9541 3045 4607 931 3634 5406 3733
302 4422 3991 6375 8363 6769 5629 4095 2874 6943 5764 6150 3512 4996 578 3866 8028 9158 828 4253 9578 8946 2640 5429 7871 8925 2429 7383 4283 589 1984 5076 0 6477 6161 2736 5388 2106 4545 9009 766 2761 1503 5889 8844 7129 5050 8235 8444 60 2883 8869 5944 3332 2670 3869 1703 3348 401 552 813 6624 375 5116 2985 5107 7654 5049 7753 2631 4203 9269 6539 6302 7626 3390 3048 9372 3367 688 3903 2292 1153 47 8724 8381 88 2542 1061 6617 3797 1837 263 9462 838 6310 3733 8320 9510 4904 28 8658 1956 9284 4135 4103 1974 5997 144 9104 6810 2768 303 3435 6321 4130 7892 6704 3178 8420 1546 5273 9261 2375 7370 4157 8900 1195 6864 3325 9140 8651 36 7552 7039 8392 1909 467 9909 7276 5480 7454 7776 3474 6917 9373 3811 4806 9927 6930 9385 8707 8962 5108 3732 8591 2011 77 5486 7236 8857 7665 9144 1179 2893 8378 2886 7861 7883 7388 3811 5308 5100 7470 7036 5419 2151 26 6866 7463 5627 7572 8076 8258 3776 9905 2533 7803 7111 5063 6184 1922 2990 7630 560 6621 7090 8843 6329 1
8303 4670 6589 3704 7022 7105 5994 5154 6234 80 3009 7190 8589 5148 3685 9573 7454 2938 7181 9058 1908 9770 8290 4740 2696 1854 9024 1985 5785 1954 8607 733 6477 0 8521 7975 4500 412 1690 6835 2740 6571 9473 5185 7917 3802 8542 8593 9224 423 3489 4626 3766 8329 218 8793 2412 1448 2070 3724 1287 3011 1861 902 8717 8629 5044 7487 7651 874 7282 9890 9870 5777 9213 100 3721 9338 5705 7312 223 4186 541 2111 9178 6470 2792 5570 6616 8255 7549 839 3405 4811 2482 809 9887 691 3662 896 5050 2252 650 3765 394 3450 4418 1563 1106 4907 5986 4020 6109 9277 2217 8417 7763 1683 1157 7300 5588 187 6354 8835 87 6418 1591 5445 9574 8957 2828 922 6391 7724 7303 5240 1867 2402 6198 9119 9579 5235 6055 9896 8449 5027 8700 5674 3856 9196 8303 8723 5065 8083 4461 4242 9639 1779 7722 4313 3046 8034 4855 9167 9271 6339 939 1081 2776 7214 3195 2649 2404 1957 1018 4384 2633 1256 8236 2471 7493 5533 5984 379 5650 561 2567 6560 5253 5818 7933 822 4183 6605 7778 5045 2157 2141 6137 2045
3942 5556 932 4321 5399 4765 7869 8221 9736 7160 1442 4780 4571 3503 2787 2339 551 2906 171 8931 6170 872 2312 6265 5201 3035 5952 2286 7310 6268 5976 8424 6161 8521 0 8532 1994 4058 8682 8102 1512 1501 4052 8931 170 407 5361 7254 7814 9548 8278 2428 3628 3390 130 3622 601 7235 9312 45 8742 6474 5642 7531 3317 8358 2780 9291 9624 1015 4180 323 3613 5666 2263 3923 3561 4551 2964 6250 5049 5259 6231 2356 5821 4468 9768 203 8422 8876 4735 7803 1162 1213 4131 3689 2572 3552 7678 8197 2116 4924 4780 5517 8376 3934 9960 7697 4185 7091 4033 8539 8705 9101 8317 862 2526 3547 2713 8783 5886 8871 1369 1094 9956 1801 3626 3016 4742 6284 1204 5288 7034 2682 9778 5889 2060 3627 6958 275 9555 3365 2653 4632 5853 5623 7053 6000 7932 8362 937 2222 4623 5585 6282 8858 5768 1299 479 7958 8435 2773 7917 1419 1737 7926 8728 6737 5672 4221 8249 375 2665 8381 286 773 6624 7710 3175 2158 9403 7218 8030 2822 3750 883 7316 8597 7445 3340 277 683 75 8786 837 648 9339 7940 8148 5738
1270 681 6119 8984 1585 5100 2314 5974 8077 488 9052 8757 6703 7657 8507 8523 7271 2194 7684 1513 5385 8083 3632 9652 9353 2110 4441 9953 2400 5835 9717 4859 2736 7975 8532 0 2386 9301 8339 4760 3113 9204 8140 7334 4719 5326 750 5018 6894 3908 5108 7083 7852 5327 4270 2501 5369 276 8266 6359 9977 7418 9096 7057 3092 5559 3008 3721 9489 5498 3179 3707 6289 6389 2092 4081 3561 3242 1384 8643 8281 1455 7928 6294 5374 9083 3190 9472 6071 7031 3473 2848 335 1616 3933 7771 2417 373 6336 5847 5172 9378 6931 9061 1869 1872 8249 8911 9531 9897 9201 2723 4902 6488 5389 3055 7635 2636 4286 2830 7839 8588 343 5064 1977 3019 4132 2642 8557 5853 9844 1189 5698 2268 6388 5526 1966 7926 8006 4506 823 732 4447 1690 3437 4168 6047 9720 1420 3525 5166 6938 5418 4750 4329 3232 9229 2427 6494 7367 7487 5334 5968 7977 4199 9161 9549 8437 4459 848 8191 7387 517 5857 7436 668 1196 2235 6878 8028 383 8469 7747 5193 8927 8372 5874 7937 2756 8938 7355 7662 7343 1816 6274 1371 6567 6864 4068 3998
6073 4332 3874 5502 5868 8142 5377 6546 6152 7026 7820 7992 8711 6174 6513 917 5290 4104 3377 5512 7501 1895 6337 2527 3823 8236 2683 6252 8354 5426 3801 3158 5388 4500 1994 2386 0 7177 7408 1465 5462 9131 1990 8893 1882 3035 3405 6249 6476 5916 1364 7301 2559 3396 5897 6093 8923 2667 7892 1672 9934 4549 2918 1514 5175 8038 2307 8620 3514 6191 5698 1735 4350 525 7291 2035 837 1740 1134 6809 5217 5940 1771 2984 9509 9090 4015 1865 4418 1456 6798 413 2716 8311 3718 9730 8386 6134 6838 5135 8723 8420 1378 4493 6956 5037 8431 7578 4491 5271 6685 9674 2479 1056 1651 2671 6056 6763 4751 9363 4558 4846 3015 2262 2918 3585 2181 2701 3666 4932 2828 2144 45 1013 7928 1740 6090 9809 7328 9844 6687 4259 2656 1927 3504 6602 2359 7942 5608 3774 5834 6156 928 288 1649 8436 5245 7308 4946 5736 1409 1997 2870 8522 4917 1179 7489 2043 8296 6825 2731 3737 3551 3828 3524 9962 4087 7305 4393 2944 9060 3505 9612 3106 8389 7682 2714 4602 8263 4379 1727 8581 8869 187 4196 9998 5778 7388 859 3244
9947 6358 9803 170 9533 914 4545 1072 713 5143 6927 6615 9418 5620 2108 2104 2506 8596 2640 5822 765 8536 6329 1166 3279 1157 1757 1027 4607 6389 2868 4465 2106 412 4058 9301 7177 0 8777 6250 2236 5205 8529 6240 3684 5693 462 9874 6717 1280 8947 7892 2870 1178 8030 23 9698 7197 5540 6856 3381 7087 2099 5430 8941 7759 1360 6550 4487 2623 892 2251 8122 3245 6246 1584 7298 5932 4771 4663 2650 2695 9169 6208 7094 4488 8105 9155 3177 3878 5026 9488 5904 8058 2975 3326 4618 5742 2504 3024 7087 3931 8789 8619 7756 1410 7766 6248 62 9394 6834 9811 3924 9421 9828 5212 1391 4131 3572 5879 9655 4856 3389 733 1297 2955 2725 2742 694 9498 8861 7601 5812 977 1123 7858 1251 9231 6533 6748 3179 9678 4510 6996 5710 2635 8521 5990 3233 2512 4107 3478 8326 8060 841 302 5000 8589 3039 9277 9627 3293 9311 3176 7934 2374 1324 5308 8808 3592 9477 2791 8773 6831 2604 9763 5797 2133 164 8949 2500 5947 9610 9631 7118 31 2813 5354 803 6499 1721 3196 8231 501 1260 7704 9753 4609 1701 9741
4036 2213 8867 8403 3280 437 3433 8479 1631 4124 6134 4212 8863 3553 7019 6911 5123 6435 6374 7704 5701 6316 5834 7825 5641 6128 4034 281 7682 6555 6405 4805 4545 1690 8682 8339 7408 8777 0 7789 3749 4852 7148 6741 4391 6426 7362 137 973 6455 6376 7877 6171 2278 2115 7695 544 6118 3650 7144 3409 1924 3594 112 832 54 529 4318 1485 5125 8968 9011 1499 8916 3059 2917 5352 7624 7643 3251 5330 2633 8557 1008 3059 5253 7566 1384 7327 7857 2022 3443 124 6894 5206 6856 8805 109 4429 7891 6448 7531 5263 2450 8105 7436 5091 3184 7656 2738 3371 1111 7101 5967 3720 2806 8457 6584 1320 1513 9808 6452 6860 9486 782 5906 4965 5691 835 2669 9629 1109 6936 2421 4651 5448 4857 8503 1491 594 5156 6190 7671 7191 1673 5076 3084 7051 2391 4283 2156 2536 583 5606 6471 7414 7690 6949 8365 8620 4896 8365 563 3264 3374 857 703 665 5862 2395 1518 5621 8521 102 3465 6190 3424 3874 6769 4195 3875 6292 9347 5531 8171 4982 1849 2297 1054 5978 5004 9244 4272 259 6146 3533 5850 9817 7828 2128
3183 959 5812 986 3248 3126 5952 4974 5654 909 8203 2216 3984 6832 3666 3767 9375 1836 2502 1142 6618 2271 7984 9379 5789 4927 2203 2586 899 3367 9013 1369 9009 6835 8102 4760 1465 6250 7789 0 9331 8084 3742 3371 4330 9654 9343 1035 7194 4944 3435 9503 5275 94 3816 9886 8930 4699 2306 7376 8382 8211 7344 6658 7526 345 2105 5339 7922 3187 8227 2463 7256 8722 3488 5847 3888 3623 8870 9424 8727 8533 5431 2380 8290 7939 4455 3387 2639 9117 8265 1899 5671 5598 5997 5706 7044 7731 6665 7886 1515 6681 2604 2878 3385 2649 2830 8906 9089 3815 4634 3473 6798 7294 6622 4453 1117 7175 9065 2432 6321 3748 250 9978 25 6115 2516 1640 5337 6536 4033 9704 6037 7781 6215 9409 2453 3089 7370 6935 5925 2722 180 3343 2417 1889 5240 1704 3987 5740 7218 5719 9505 745 7507 4758 3069 7443 228 1271 1485 187 7220 2052 4662 4597 8415 3569 9093 8307 7452 631 842 7725 3757 9005 6203 9745 8144 3888 2538 1635 8884 1625 3446 8571 5383 2074 9999 4763 2763 7886 7927 8522 3588 47 5600 6686 545 5814
9192 1329 9297 6669 1947 7559 2072 5507 1688 8707 1061 5280 2842 8138 323 8124 7878 4397 227 4053 8404 2825 9111 2626 3126 7036 3536 9221 3082 3639 4111 9313 766 2740 1512 3113 5462 2236 3749 9331 0 9538 9508 7773 9197 1905 255 6289 2571 5715 3430 6948 8615 7540 5218 6149 6469 9340 6376 2530 1398 9484 5177 8026 621 8572 6252 7779 6154 6575 2324 6945 1956 7855 6132 6274 787 6597 4550 6332 1328 4324 4432 6395 7865 8656 3417 6518 7516 2173 295 9590 2749 1910 1279 3931 7176 226 699 6022 8876 2496 5729 3174 7778 3317 5244 4939 3586 7863 3218 4654 8244 1745 1526 4659 9944 6079 6553 1913 3451 7735 1495 5234 1030 9155 7953 6122 4787 5628 3687 5636 9471 1739 79 3700 5292 2975 1516 4111 5371 7428 2709 6733 1867 8787 8063 2942 3578 2732 4283 6344 5477 120 5015 342 5303 6975 996 584 4555 1868 6189 5522 7988 5002 6088 4801 8390 6828 8524 6999 4966 4830 1743 3923 6658 1407 7847 6898 2072 6366 5183 166 6101 2010 3203 3396 9907 9949 15 5739 2153 5112 5054 7068 70 4378 7389 1462
