50
0 2737 6254 7562 3588 3966 8833 4635 2646 323 2038 2035 1281 5554 857 6648 5360 944 2772 8532 1053 1545 3509 3195 1741 8979 32 8468 974 6751 8954 5859 9885 4547 9652 9840 2081 4299 8939 3969 6245 2859 8545 5549 4953 5107 5351 9253 194 5493
2737 0 9707 7237 9852 244 6217 9151 6224 387 7759 1603 5639 7994 3143 285 6402 764 4431 8847 244 677 2720 8286 7662 1292 6219 8392 5284 9025 9508 155 7720 7620 7611 7763 2681 8266 2320 9879 2565 8922 726 7950 8966 9771 3953 9228 4283 4611
6254 9707 0 8657 9972 3019 877 490 5223 3701 9648 4284 5211 5717 6997 7429 3453 2568 6110 4369 10000 5630 5986 8027 8569 1334 1587 8651 176 1878 9790 3829 4550 5561 1320 9833 4066 7996 5059 2644 1583 1501 8246 1549 2860 3553 6839 4164 1483 9828
7562 7237 8657 0 2870 4401 6935 2072 5814 7570 20 1233 8911 4693 7069 4394 332 3081 8375 4021 1026 1986 2904 1388 861 7015 2923 4757 7566 3656 9573 2790 496 2379 7598 9605 6534 4235 1556 5588 4673 537 3425 1050 6576 6516 8551 5320 3304 4509
3588 9852 9972 2870 0 9128 7227 1140 6106 7875 9788 111 6341 1531 2907 2276 4084 1788 1332 3263 8063 9708 3066 7431 4222 5652 7980 5253 9973 7688 402 5539 3670 2341 3695 88 3646 9836 1013 8890 2733 6 444 8923 9395 5437 3042 3854 1079 7173
3966 244 3019 4401 9128 0 6846 246 4022 9024 1276 8546 7918 2965 1717 1739 3683 4919 8816 7054 4999 9148 7539 3506 8603 8294 6053 1593 1639 4413 3637 1786 5495 7263 8456 1232 2673 3762 9249 8854 6926 8991 2812 8068 99 5088 7736 9375 3609 4163
8833 6217 877 6935 7227 6846 0 1861 9652 3656 7086 8106 1860 8322 7676 6918 8731 4651 6971 7854 6256 1734 2527 7385 8635 1709 1943 2711 7541 7596 6336 8624 964 3358 5558 7441 5180 76 8772 5003 7738 5052 8497 5720 8391 6335 2212 3757 6195 385
4635 9151 490 2072 1140 246 1861 0 3744 328 7503 1868 1920 8164 3392 6394 744 7643 2170 5960 8115 3234 6421 5026 2736 897 408 8660 9460 1631 5233 808 6231 3470 3642 6303 3299 9469 3076 1799 3138 4209 1933 402 5358 3024 6944 9818 3161 8140
2646 6224 5223 5814 6106 4022 9652 3744 0 9276 8544 6061 996 5267 3754 7587 5265 3256 9253 288 6693 4499 494 4206 8712 9474 2457 9473 1121 2334 1461 5522 3492 7107 8158 3909 7253 6257 2382 646 7852 8853 5081 7819 785 7372 1116 3688 2912 5681
323 387 3701 7570 7875 9024 3656 328 9276 0 6943 3645 8881 6457 1351 9246 9480 4595 9031 8545 3384 7611 6057 8109 6741 5806 2804 784 6835 2585 6099 6715 7931 9239 9208 3645 722 5553 4032 4956 9980 9195 1607 7057 312 6824 3689 9691 2699 8366
2038 7759 9648 20 9788 1276 7086 7503 8544 6943 0 7680 5492 5406 6265 3964 6631 7739 2782 2216 4569 3220 6020 1107 9701 3910 9805 2895 8066 4980 3419 660 7251 5975 6901 3154 2424 3713 1353 2670 6726 8232 4001 4313 1345 7763 9378 2378 1238 2399
2035 1603 4284 1233 111 8546 8106 1868 6061 3645 7680 0 7736 3456 2241 1839 4922 1526 4976 6231 611 9926 9028 659 1190 257 2294 9501 1259 6348 7261 5813 9874 5070 2379 4565 2841 5619 8705 8585 3588 8626 9171 5448 9413 5503 1768 6175 5827 7773
1281 5639 5211 8911 6341 7918 1860 1920 996 8881 5492 7736 0 4933 4689 607 8709 8544 1108 6469 5751 5289 7092 8638 9411 8663 895 7206 4720 2077 62 2372 3566 6954 9038 8537 4744 4544 6579 8779 9004 2421 7831 5588 3427 9203 2205 3863 1387 7585
5554 7994 5717 4693 1531 2965 8322 8164 5267 6457 5406 3456 4933 0 518 9597 5519 4367 2849 13 7100 943 1859 3959 8458 1377 9408 8953 6237 9065 2651 1583 2635 6564 3269 5681 3455 9956 3727 944 7983 8808 9053 6446 9723 2613 5060 5491 7263 9455
857 3143 6997 7069 2907 1717 7676 3392 3754 1351 6265 2241 4689 518 0 9209 6547 1673 3466 8420 9946 2192 7146 7027 9322 4742 3806 7009 360 7312 438 9773 8802 3252 4003 6084 6958 6482 6588 3965 4534 6734 3630 109 6347 219 2677 9340 8798 2217
6648 285 7429 4394 2276 1739 6918 6394 7587 9246 3964 1839 607 9597 9209 0 3769 7267 7144 738 7545 4367 4452 7775 7330 9056 8917 6796 6865 9102 7250 3988 6709 6842 2834 88 2033 8804 2360 8237 4298 5595 1615 6564 3412 5207 9644 6418 4020 6287
5360 6402 3453 332 4084 3683 8731 744 5265 9480 6631 4922 8709 5519 6547 3769 0 8200 2235 624 5442 4532 3353 5853 3592 8304 3463 7294 8185 5410 2513 6499 861 9822 6306 2464 5757 7312 7913 5672 3604 3337 9224 1572 5593 7162 2732 3099 163 9385
944 764 2568 3081 1788 4919 4651 7643 3256 4595 7739 1526 8544 4367 1673 7267 8200 0 974 8531 798 6025 4845 2750 4213 1123 7091 7940 7519 2347 4991 2297 9478 9820 470 7615 1285 9315 6980 4228 5828 1699 9952 9317 7270 4714 9949 2489 3122 1634
2772 4431 6110 8375 1332 8816 6971 2170 9253 9031 2782 4976 1108 2849 3466 7144 2235 974 0 3835 5469 1590 4138 9286 1787 5821 7699 4928 3998 104 2397 4235 5138 8321 5252 689 7187 5179 617 8634 5050 774 5920 9586 7849 7578 3272 721 1580 2582
8532 8847 4369 4021 3263 7054 7854 5960 288 8545 2216 6231 6469 13 8420 738 624 8531 3835 0 8826 339 7846 3896 426 9347 6097 7252 4955 3728 7987 4244 1314 3857 6868 5093 180 7819 2277 1680 8524 6164 6492 6720 9109 4225 7592 9913 513 7163
1053 244 10000 1026 8063 4999 6256 8115 6693 3384 4569 611 5751 7100 9946 7545 5442 798 5469 8826 0 8708 2657 9206 4963 5085 9321 8992 2854 6286 1796 9520 2766 3577 2606 7621 3224 8869 262 8970 5060 6789 4256 7405 2636 6782 2084 4778 5450 9589
1545 677 5630 1986 9708 9148 1734 3234 4499 7611 3220 9926 5289 943 2192 4367 4532 6025 1590 339 8708 0 4068 2109 5486 9997 816 1114 7316 7645 1734 9729 1397 1134 7240 3739 5846 4337 5151 2015 5576 7238 8358 426 7744 8870 4921 9640 9993 7255
3509 2720 5986 2904 3066 7539 2527 6421 494 6057 6020 9028 7092 1859 7146 4452 3353 4845 4138 7846 2657 4068 0 3723 7556 5597 5289 8336 9222 4757 305 4278 1525 7775 7107 5101 7978 7314 3704 9578 1892 2663 2128 4671 1577 4122 5838 2904 5048 413
3195 8286 8027 1388 7431 3506 7385 5026 4206 8109 1107 659 8638 3959 7027 7775 5853 2750 9286 3896 9206 2109 3723 0 4067 5784 3368 5117 8682 6443 5585 7154 3597 965 8218 591 5221 1418 2924 9651 9518 2453 17 5289 7325 1847 814 5398 1770 2648
1741 7662 8569 861 4222 8603 8635 2736 8712 6741 9701 1190 9411 8458 9322 7330 3592 4213 1787 426 4963 5486 7556 4067 0 691 5770 1106 7990 2939 2669 5476 5431 2755 3267 8896 1576 2225 175 5551 767 9281 909 365 8008 791 929 2254 4102 2182
8979 1292 1334 7015 5652 8294 1709 897 9474 5806 3910 257 8663 1377 4742 9056 8304 1123 5821 9347 5085 9997 5597 5784 691 0 3565 6094 6674 1123 6848 4695 4697 9322 5738 4286 7702 117 3012 1100 8824 3488 599 3131 5841 8557 5102 8424 3907 8067
32 6219 1587 2923 7980 6053 1943 408 2457 2804 9805 2294 895 9408 3806 8917 3463 7091 7699 6097 9321 816 5289 3368 5770 3565 0 6516 4465 9276 1926 6653 7860 8915 5350 933 6554 5514 2600 2233 914 9404 5457 1546 214 9966 7859 2720 3142 7941
8468 8392 8651 4757 5253 1593 2711 8660 9473 784 2895 9501 7206 8953 7009 6796 7294 7940 4928 7252 8992 1114 8336 5117 1106 6094 6516 0 5863 1249 937 7307 825 3505 2949 7245 6564 8686 6237 6449 4506 7602 7568 20 9949 235 5201 4512 1344 552
974 5284 176 7566 9973 1639 7541 9460 1121 6835 8066 1259 4720 6237 360 6865 8185 7519 3998 4955 2854 7316 9222 8682 7990 6674 4465 5863 0 3204 2319 6337 5521 8659 5710 9139 5153 1067 7438 7038 1247 6267 7991 4063 3690 9138 549 5405 9414 1410
6751 9025 1878 3656 7688 4413 7596 1631 2334 2585 4980 6348 2077 9065 7312 9102 5410 2347 104 3728 6286 7645 4757 6443 2939 1123 9276 1249 3204 0 5022 4516 5231 59 5255 9467 1519 5717 63 7492 8626 9916 4238 6071 1763 9557 8152 4166 9553 4765
8954 9508 9790 9573 402 3637 6336 5233 1461 6099 3419 7261 62 2651 438 7250 2513 4991 2397 7987 1796 1734 305 5585 2669 6848 1926 937 2319 5022 0 3449 7462 81 2867 3721 5892 9341 5717 9204 7925 3820 5241 8011 1890 1710 9671 7528 1768 6447
5859 155 3829 2790 5539 1786 8624 808 5522 6715 660 5813 2372 1583 9773 3988 6499 2297 4235 4244 9520 9729 4278 7154 5476 4695 6653 7307 6337 4516 3449 0 8644 4690 2625 8103 6755 5219 9097 2092 6796 5173 4827 7163 3330 558 2193 5764 5268 1116
9885 7720 4550 496 3670 5495 964 6231 3492 7931 7251 9874 3566 2635 8802 6709 861 9478 5138 1314 2766 1397 1525 3597 5431 4697 7860 825 5521 5231 7462 8644 0 9266 8388 80 9751 3331 1757 9794 1665 5915 4498 1054 9976 2132 2721 2100 3489 434
4547 7620 5561 2379 2341 7263 3358 3470 7107 9239 5975 5070 6954 6564 3252 6842 9822 9820 8321 3857 3577 1134 7775 965 2755 9322 8915 3505 8659 59 81 4690 9266 0 1162 1336 5387 7016 1601 3660 139 2087 7792 3942 3883 4322 1513 7437 8345 3588
9652 7611 1320 7598 3695 8456 5558 3642 8158 9208 6901 2379 9038 3269 4003 2834 6306 470 5252 6868 2606 7240 7107 8218 3267 5738 5350 2949 5710 5255 2867 2625 8388 1162 0 2189 4454 9733 3721 7535 7080 2293 2440 6809 8484 764 8512 9791 928 3126
9840 7763 9833 9605 88 1232 7441 6303 3909 3645 3154 4565 8537 5681 6084 88 2464 7615 689 5093 7621 3739 5101 591 8896 4286 933 7245 9139 9467 3721 8103 80 1336 2189 0 7915 959 5313 1671 3667 566 7303 2160 8875 6198 1506 8332 1766 4265
2081 2681 4066 6534 3646 2673 5180 3299 7253 722 2424 2841 4744 3455 6958 2033 5757 1285 7187 180 3224 5846 7978 5221 1576 7702 6554 6564 5153 1519 5892 6755 9751 5387 4454 7915 0 5309 4134 7896 3533 5494 6683 9966 53 249 2076 3332 6177 2242
4299 8266 7996 4235 9836 3762 76 9469 6257 5553 3713 5619 4544 9956 6482 8804 7312 9315 5179 7819 8869 4337 7314 1418 2225 117 5514 8686 1067 5717 9341 5219 3331 7016 9733 959 5309 0 1546 5314 6130 6796 6686 3106 4752 3128 3838 1930 6833 7945
8939 2320 5059 1556 1013 9249 8772 3076 2382 4032 1353 8705 6579 3727 6588 2360 7913 6980 617 2277 262 5151 3704 2924 175 3012 2600 6237 7438 63 5717 9097 1757 1601 3721 5313 4134 1546 0 7245 8129 1335 2585 3054 890 2943 7217 7888 4206 4265
3969 9879 2644 5588 8890 8854 5003 1799 646 4956 2670 8585 8779 944 3965 8237 5672 4228 8634 1680 8970 2015 9578 9651 5551 1100 2233 6449 7038 7492 9204 2092 9794 3660 7535 1671 7896 5314 7245 0 9047 8360 8199 1755 3854 9705 6338 2661 6806 2011
6245 2565 1583 4673 2733 6926 7738 3138 7852 9980 6726 3588 9004 7983 4534 4298 3604 5828 5050 8524 5060 5576 1892 9518 767 8824 914 4506 1247 8626 7925 6796 1665 139 7080 3667 3533 6130 8129 9047 0 7041 1524 4053 3409 9390 6972 2367 2265 9551
2859 8922 1501 537 6 8991 5052 4209 8853 9195 8232 8626 2421 8808 6734 5595 3337 1699 774 6164 6789 7238 2663 2453 9281 3488 9404 7602 6267 9916 3820 5173 5915 2087 2293 566 5494 6796 1335 8360 7041 0 4993 1090 9256 2610 8667 6964 2959 613
8545 726 8246 3425 444 2812 8497 1933 5081 1607 4001 9171 7831 9053 3630 1615 9224 9952 5920 6492 4256 8358 2128 17 909 599 5457 7568 7991 4238 5241 4827 4498 7792 2440 7303 6683 6686 2585 8199 1524 4993 0 35 3659 5521 372 363 9969 3233
5549 7950 1549 1050 8923 8068 5720 402 7819 7057 4313 5448 5588 6446 109 6564 1572 9317 9586 6720 7405 426 4671 5289 365 3131 1546 20 4063 6071 8011 7163 1054 3942 6809 2160 9966 3106 3054 1755 4053 1090 35 0 4995 579 5618 8292 3234 7269
4953 8966 2860 6576 9395 99 8391 5358 785 312 1345 9413 3427 9723 6347 3412 5593 7270 7849 9109 2636 7744 1577 7325 8008 5841 214 9949 3690 1763 1890 3330 9976 3883 8484 8875 53 4752 890 3854 3409 9256 3659 4995 0 47 7009 8198 6664 9567
5107 9771 3553 6516 5437 5088 6335 3024 7372 6824 7763 5503 9203 2613 219 5207 7162 4714 7578 4225 6782 8870 4122 1847 791 8557 9966 235 9138 9557 1710 558 2132 4322 764 6198 249 3128 2943 9705 9390 2610 5521 579 47 0 306 8505 2903 6067
5351 3953 6839 8551 3042 7736 2212 6944 1116 3689 9378 1768 2205 5060 2677 9644 2732 9949 3272 7592 2084 4921 5838 814 929 5102 7859 5201 549 8152 9671 2193 2721 1513 8512 1506 2076 3838 7217 6338 6972 8667 372 5618 7009 306 0 5819 1107 339
9253 9228 4164 5320 3854 9375 3757 9818 3688 9691 2378 6175 3863 5491 9340 6418 3099 2489 721 9913 4778 9640 2904 5398 2254 8424 2720 4512 5405 4166 7528 5764 2100 7437 9791 8332 3332 1930 7888 2661 2367 6964 363 8292 8198 8505 5819 0 1585 7176
194 4283 1483 3304 1079 3609 6195 3161 2912 2699 1238 5827 1387 7263 8798 4020 163 3122 1580 513 5450 9993 5048 1770 4102 3907 3142 1344 9414 9553 1768 5268 3489 8345 928 1766 6177 6833 4206 6806 2265 2959 9969 3234 6664 2903 1107 1585 0 9262
5493 4611 9828 4509 7173 4163 385 8140 5681 8366 2399 7773 7585 9455 2217 6287 9385 1634 2582 7163 9589 7255 413 2648 2182 8067 7941 552 1410 4765 6447 1116 434 3588 3126 4265 2242 7945 4265 2011 9551 613 3233 7269 9567 6067 339 7176 9262 0
