50
0 5305 2471 6468 791 1186 8779 1542 5991 9548 950 8313 3517 614 1408 7104 6851 1144 3943 1486 9028 6955 968 9264 2028 3657 9551 1013 9455 9593 6499 812 3622 763 9120 2181 4744 6867 2363 8858 1929 9353 5054 9179 2961 1688 9528 9358 3078 6101
5305 0 1596 8974 1028 9246 976 3374 8133 8711 7005 5146 7628 9593 7424 5924 4911 4070 2945 3999 1341 9411 4919 8604 8111 5627 7353 4717 9977 1199 1934 8387 6850 2702 5604 2490 8011 6909 642 1271 9143 9388 5140 5572 5737 9738 8137 9501 7474 1126
2471 1596 0 1533 4422 7767 1064 994 5072 9469 7301 4662 6320 5685 369 7564 5823 2753 1918 8088 965 3575 4709 2119 4056 6519 6405 8134 1320 2725 7359 6580 9002 4552 2243 7053 9014 4561 6804 5878 6233 3780 2472 1359 2887 2478 3800 3822 197 7945
6468 8974 1533 0 9652 2987 4304 4619 67 2386 6864 8758 6049 9991 9278 5220 2056 8445 884 7481 9163 6428 6521 6536 6457 1696 7889 6560 1019 3122 1103 3420 7219 2659 1801 5571 9842 861 1677 3 9286 2478 8791 1662 5957 417 1152 3407 6164 2433
791 1028 4422 9652 0 4132 5691 9867 5966 7768 2012 1889 7996 7634 7870 7927 5109 1407 2361 1674 5613 4337 7841 2645 8459 378 3362 8654 5926 2401 8899 443 8652 4883 1491 4278 8493 6008 2736 5827 3650 8725 8873 8236 5401 3654 3197 3922 6564 3714
1186 9246 7767 2987 4132 0 3275 8480 8073 5825 474 457 4577 7737 4246 3172 9914 5640 7327 5726 5974 1319 3612 1673 3716 7701 3222 5533 3348 7907 9998 31 7855 5636 1389 1964 6365 3265 7832 2924 7109 5447 1421 6485 7588 6576 1391 2602 2785 2081
8779 976 1064 4304 5691 3275 0 451 2476 9679 7624 2394 9762 7771 5741 2554 8989 8983 2146 350 233 1683 8627 2281 7107 3191 3457 458 4126 3486 4799 8211 3940 9608 5341 4249 8918 6865 2147 997 5796 7506 9557 8466 6891 8219 2142 8713 2487 8577
1542 3374 994 4619 9867 8480 451 0 8364 306 7211 3000 9970 64 2454 2823 2319 7757 1971 9117 1011 5340 8492 8695 9100 7905 1738 9179 930 4071 3134 4537 691 1601 8318 7408 9203 456 1038 7262 5334 8282 9930 8391 3267 4541 7411 8325 8737 7832
5991 8133 5072 67 5966 8073 2476 8364 0 8319 4057 8572 4253 9167 3319 7332 2246 6826 1992 6428 7243 5177 1188 3942 7017 1198 3484 4960 2004 2530 5999 2342 4146 2248 7663 3597 1542 6525 7983 2667 3665 2645 7070 8447 6616 5556 6902 3207 5842 5218
9548 8711 9469 2386 7768 5825 9679 306 8319 0 1510 5995 319 5537 9077 7514 7216 296 6297 5431 8477 4840 8392 1053 1848 3744 1716 1377 4351 4455 648 2974 4430 2122 6918 4237 6651 2447 8791 8434 9348 8103 5358 1465 4572 942 3003 6968 1186 4406
950 7005 7301 6864 2012 474 7624 7211 4057 1510 0 275 1451 4268 1372 9964 3643 1091 4332 1993 7434 189 5556 9061 6844 4388 2117 707 8632 3906 1793 2645 4290 825 2967 3305 5111 4997 8701 3372 4750 7302 8193 2914 4432 5685 297 4103 605 251
8313 5146 4662 8758 1889 457 2394 3000 8572 5995 275 0 302 8284 9028 3104 8425 7778 4025 7324 1741 7080 8110 8944 6440 8301 5042 3525 3761 5614 3254 2289 6630 5694 891 2126 233 1158 4187 7057 2674 907 1384 6240 8289 4619 9810 3968 4801 741
3517 7628 6320 6049 7996 4577 9762 9970 4253 319 1451 302 0 7527 3036 2581 4407 7304 59 4312 5966 5389 8963 5300 4005 564 5071 3569 5842 2997 17 5494 6252 1374 7776 4569 8237 3292 4066 8269 81 1488 4328 1470 2357 6545 9614 682 6454 368
614 9593 5685 9991 7634 7737 7771 64 9167 5537 4268 8284 7527 0 4909 4984 3814 1384 9594 8670 2543 9774 6381 5343 8096 2448 4655 2371 717 8404 7032 8282 2282 8581 8263 9313 263 9569 3767 1394 510 685 2180 5909 1718 6170 7395 9150 831 308
1408 7424 369 9278 7870 4246 5741 2454 3319 9077 1372 9028 3036 4909 0 8707 4006 8016 4321 54 7486 1148 8240 8768 1506 8617 1082 7763 4131 1219 4350 3846 3362 3780 7542 8092 6267 1257 7848 4707 765 3248 1269 9825 2415 5435 4160 4987 9302 2186
7104 5924 7564 5220 7927 3172 2554 2823 7332 7514 9964 3104 2581 4984 8707 0 204 7903 993 7959 4403 1630 3566 8021 4765 8462 4678 7613 7633 7640 1941 8996 3264 5106 1406 7748 286 4744 7519 1252 8300 7363 4401 6338 3437 3452 1222 9526 1479 2322
6851 4911 5823 2056 5109 9914 8989 2319 2246 7216 3643 8425 4407 3814 4006 204 0 8586 4289 5890 2172 9885 8335 4580 1846 5983 3790 8157 7964 6456 406 2606 58 8055 7385 6642 4947 2305 6818 5635 6162 5178 1980 5428 28 5317 5542 6525 1966 3207
1144 4070 2753 8445 1407 5640 8983 7757 6826 296 1091 7778 7304 1384 8016 7903 8586 0 192 4748 4148 6098 1064 6437 6392 9653 1251 5909 7013 4508 790 4597 1666 845 4679 2439 4084 4353 7147 8371 5170 3110 6116 7008 475 6554 9079 8998 3333 1320
3943 2945 1918 884 2361 7327 2146 1971 1992 6297 4332 4025 59 9594 4321 993 4289 192 0 810 6731 7386 2270 4689 7955 802 9012 2085 2797 7736 6797 5630 4616 4878 4190 4262 6655 3910 4928 7916 9131 6461 1961 2741 2648 1231 3405 8201 8144 9017
1486 3999 8088 7481 1674 5726 350 9117 6428 5431 1993 7324 4312 8670 54 7959 5890 4748 810 0 3604 7421 5453 7372 7002 2287 8974 3152 3999 1486 2862 5602 9107 1492 5231 3917 6034 4232 9332 3311 329 6763 6272 6781 8587 3440 6174 4427 5541 1016
9028 1341 965 9163 5613 5974 233 1011 7243 8477 7434 1741 5966 2543 7486 4403 2172 4148 6731 3604 0 8161 4546 9409 5900 2062 8247 8670 3538 1517 4440 4070 6300 6549 7304 7075 5112 357 2084 528 6966 7754 9620 8025 2 1198 6414 8648 7670 7355
6955 9411 3575 6428 4337 1319 1683 5340 5177 4840 189 7080 5389 9774 1148 1630 9885 6098 7386 7421 8161 0 4070 1786 3666 2529 2491 8558 1784 7492 1392 9035 647 22 2058 3810 9328 615 4977 2096 4125 8654 7166 1837 1629 1152 4920 8592 9550 3140
968 4919 4709 6521 7841 3612 8627 8492 1188 8392 5556 8110 8963 6381 8240 3566 8335 1064 2270 5453 4546 4070 0 6358 4274 3663 9847 18 171 8806 4940 7547 4564 5183 3970 7787 8622 3846 8962 4047 479 6747 5036 906 356 3180 8164 6881 1328 4214
9264 8604 2119 6536 2645 1673 2281 8695 3942 1053 9061 8944 5300 5343 8768 8021 4580 6437 4689 7372 9409 1786 6358 0 3732 6952 6065 3715 8076 558 5538 6890 5936 6493 3245 110 4785 8271 1104 3362 8121 3283 5107 3177 3781 7620 3628 4342 4832 1785
2028 8111 4056 6457 8459 3716 7107 9100 7017 1848 6844 6440 4005 8096 1506 4765 1846 6392 7955 7002 5900 3666 4274 3732 0 8122 9995 3068 3658 7947 6832 924 9745 2398 6446 890 3488 387 9766 2325 6805 849 985 3016 6444 7366 5147 1854 1300 2713
3657 5627 6519 1696 378 7701 3191 7905 1198 3744 4388 8301 564 2448 8617 8462 5983 9653 802 2287 2062 2529 3663 6952 8122 0 5394 3124 3039 8598 7661 522 5108 6203 6125 5434 7248 2773 1785 47 1281 4584 1323 5758 6884 2026 9193 3398 6228 5843
9551 7353 6405 7889 3362 3222 3457 1738 3484 1716 2117 5042 5071 4655 1082 4678 3790 1251 9012 8974 8247 2491 9847 6065 9995 5394 0 5057 7085 1437 807 7757 3206 6106 8872 7312 3162 5297 5967 7774 496 6730 4063 6631 666 6153 571 7603 1025 1015
1013 4717 8134 6560 8654 5533 458 9179 4960 1377 707 3525 3569 2371 7763 7613 8157 5909 2085 3152 8670 8558 18 3715 3068 3124 5057 0 4210 3193 1029 9922 5555 5946 4461 5488 714 4295 5185 4515 4872 61 9757 1070 397 3831 1757 7785 7630 6332
9455 9977 1320 1019 5926 3348 4126 930 2004 4351 8632 3761 5842 717 4131 7633 7964 7013 2797 3999 3538 1784 171 8076 3658 3039 7085 4210 0 4113 7044 8085 2174 8135 2997 142 4969 2479 9949 3868 5370 5235 7549 5928 9760 1294 8386 3232 6417 2620
9593 1199 2725 3122 2401 7907 3486 4071 2530 4455 3906 5614 2997 8404 1219 7640 6456 4508 7736 1486 1517 7492 8806 558 7947 8598 1437 3193 4113 0 4051 6680 1060 554 7892 9053 8922 5337 2632 6988 1723 1182 4339 1377 3413 1579 6898 8167 7323 2837
6499 1934 7359 1103 8899 9998 4799 3134 5999 648 1793 3254 17 7032 4350 1941 406 790 6797 2862 4440 1392 4940 5538 6832 7661 807 1029 7044 4051 0 3837 2177 6829 7551 3849 8823 1985 4815 4813 4577 9287 4385 6110 4162 4265 3263 7199 4053 3043
812 8387 6580 3420 443 31 8211 4537 2342 2974 2645 2289 5494 8282 3846 8996 2606 4597 5630 5602 4070 9035 7547 6890 924 522 7757 9922 8085 6680 3837 0 4019 3858 2512 4609 9474 3084 5346 1061 6489 4123 4029 8312 8623 3790 1647 7600 606 1676
3622 6850 9002 7219 8652 7855 3940 691 4146 4430 4290 6630 6252 2282 3362 3264 58 1666 4616 9107 6300 647 4564 5936 9745 5108 3206 5555 2174 1060 2177 4019 0 73 7778 3786 7344 6125 661 4811 3815 1953 825 3105 9838 9555 3181 1230 6098 8399
763 2702 4552 2659 4883 5636 9608 1601 2248 2122 825 5694 1374 8581 3780 5106 8055 845 4878 1492 6549 22 5183 6493 2398 6203 6106 5946 8135 554 6829 3858 73 0 2912 7358 9880 4258 103 1733 9767 5729 3565 613 6040 5570 2316 723 3341 4176
9120 5604 2243 1801 1491 1389 5341 8318 7663 6918 2967 891 7776 8263 7542 1406 7385 4679 4190 5231 7304 2058 3970 3245 6446 6125 8872 4461 2997 7892 7551 2512 7778 2912 0 626 9820 3333 186 5361 6700 6091 3033 5115 1276 3332 515 8120 8979 7921
2181 2490 7053 5571 4278 1964 4249 7408 3597 4237 3305 2126 4569 9313 8092 7748 6642 2439 4262 3917 7075 3810 7787 110 890 5434 7312 5488 142 9053 3849 4609 3786 7358 626 0 1036 6687 1661 6476 9013 2532 8749 1493 2681 6517 4442 6713 4641 5039
4744 8011 9014 9842 8493 6365 8918 9203 1542 6651 5111 233 8237 263 6267 286 4947 4084 6655 6034 5112 9328 8622 4785 3488 7248 3162 714 4969 8922 8823 9474 7344 9880 9820 1036 0 6845 841 5117 9281 5852 6784 6823 298 5960 3230 6401 6635 3336
6867 6909 4561 861 6008 3265 6865 456 6525 2447 4997 1158 3292 9569 1257 4744 2305 4353 3910 4232 357 615 3846 8271 387 2773 5297 4295 2479 5337 1985 3084 6125 4258 3333 6687 6845 0 96 7113 2565 6942 1860 1482 6655 9466 5975 7551 2663 2129
2363 642 6804 1677 2736 7832 2147 1038 7983 8791 8701 4187 4066 3767 7848 7519 6818 7147 4928 9332 2084 4977 8962 1104 9766 1785 5967 5185 9949 2632 4815 5346 661 103 186 1661 841 96 0 243 846 9036 2334 6499 1458 9385 6075 8265 2812 2390
8858 1271 5878 3 5827 2924 997 7262 2667 8434 3372 7057 8269 1394 4707 1252 5635 8371 7916 3311 528 2096 4047 3362 2325 47 7774 4515 3868 6988 4813 1061 4811 1733 5361 6476 5117 7113 243 0 5700 4641 2651 8538 2814 1099 1782 6287 8036 3233
1929 9143 6233 9286 3650 7109 5796 5334 3665 9348 4750 2674 81 510 765 8300 6162 5170 9131 329 6966 4125 479 8121 6805 1281 496 4872 5370 1723 4577 6489 3815 9767 6700 9013 9281 2565 846 5700 0 4941 2075 712 7909 5153 874 9955 6355 1413
9353 9388 3780 2478 8725 5447 7506 8282 2645 8103 7302 907 1488 685 3248 7363 5178 3110 6461 6763 7754 8654 6747 3283 849 4584 6730 61 5235 1182 9287 4123 1953 5729 6091 2532 5852 6942 9036 4641 4941 0 2625 3638 6627 3213 7748 2997 9263 3573
5054 5140 2472 8791 8873 1421 9557 9930 7070 5358 8193 1384 4328 2180 1269 4401 1980 6116 1961 6272 9620 7166 5036 5107 985 1323 4063 9757 7549 4339 4385 4029 825 3565 3033 8749 6784 1860 2334 2651 2075 2625 0 683 6549 8485 2563 6284 5885 2016
9179 5572 1359 1662 8236 6485 8466 8391 8447 1465 2914 6240 1470 5909 9825 6338 5428 7008 2741 6781 8025 1837 906 3177 3016 5758 6631 1070 5928 1377 6110 8312 3105 613 5115 1493 6823 1482 6499 8538 712 3638 683 0 2448 4047 3155 673 9213 624
2961 5737 2887 5957 5401 7588 6891 3267 6616 4572 4432 8289 2357 1718 2415 3437 28 475 2648 8587 2 1629 356 3781 6444 6884 666 397 9760 3413 4162 8623 9838 6040 1276 2681 298 6655 1458 2814 7909 6627 6549 2448 0 5311 1928 6387 9822 7466
1688 9738 2478 417 3654 6576 8219 4541 5556 942 5685 4619 6545 6170 5435 3452 5317 6554 1231 3440 1198 1152 3180 7620 7366 2026 6153 3831 1294 1579 4265 3790 9555 5570 3332 6517 5960 9466 9385 1099 5153 3213 8485 4047 5311 0 9012 5017 6882 5049
9528 8137 3800 1152 3197 1391 2142 7411 6902 3003 297 9810 9614 7395 4160 1222 5542 9079 3405 6174 6414 4920 8164 3628 5147 9193 571 1757 8386 6898 3263 1647 3181 2316 515 4442 3230 5975 6075 1782 874 7748 2563 3155 1928 9012 0 9545 4083 6975
9358 9501 3822 3407 3922 2602 8713 8325 3207 6968 4103 3968 682 9150 4987 9526 6525 8998 8201 4427 8648 8592 6881 4342 1854 3398 7603 7785 3232 8167 7199 7600 1230 723 8120 6713 6401 7551 8265 6287 9955 2997 6284 673 6387 5017 9545 0 6376 6020
3078 7474 197 6164 6564 2785 2487 8737 5842 1186 605 4801 6454 831 9302 1479 1966 3333 8144 5541 7670 9550 1328 4832 1300 6228 1025 7630 6417 7323 4053 606 6098 3341 8979 4641 6635 2663 2812 8036 6355 9263 5885 9213 9822 6882 4083 6376 0 7320
6101 1126 7945 2433 3714 2081 8577 7832 5218 4406 251 741 368 308 2186 2322 3207 1320 9017 1016 7355 3140 4214 1785 2713 5843 1015 6332 2620 2837 3043 1676 8399 4176 7921 5039 3336 2129 2390 3233 1413 3573 2016 624 7466 5049 6975 6020 7320 0
