150
0 1269 5251 8922 752 9460 165 3844 2087 8144 8544 8605 2246 9598 9569 8418 9690 5754 7655 5123 8881 4878 8564 2223 4706 3603 4759 6549 8030 2678 2962 4634 5523 5204 7571 34 7083 8740 1297 9745 6491 3612 8363 6697 9383 1509 5835 3219 305 6139 7180 9649 337 2304 6862 1525 3094 890 7817 7959 9296 4431 3148 4352 5259 5537 9859 5759 4642 520 953 2395 4564 1810 4950 7393 2152 6116 2495 2310 2250 2377 8401 5917 6348 7114 2657 33 2859 8745 6984 5173 9616 7035 5866 9071 8491 4301 8199 1523 5986 8850 3559 5075 5231 755 2074 7672 9950 2010 8251 6300 8402 4062 1218 5707 1508 1517 6877 2449 7430 7639 4038 6371 4195 8128 496 1892 5262 5492 4340 7853 156 3981 4257 3696 1132 2251 1056 7349 5709 6372 444 5031 9702 7327 4377 4993 7029 4817
1269 0 3981 9388 199 8246 2026 9339 500 7102 3242 624 4699 3648 7832 3952 3505 974 8312 9640 7308 763 4999 8653 4765 4401 3185 3830 136 2708 5831 3956 9664 3886 6184 8373 2925 3512 2969 4504 9395 1078 8628 1028 9186 5865 9987 8132 1973 4260 8781 582 3394 1183 6699 8501 2751 2018 6025 3168 2042 9349 9294 8651 9007 6012 5565 8341 3042 3870 1386 9457 3352 6234 4289 332 9292 1123 8930 5305 5575 5876 5645 9729 2151 8574 6142 666 5260 243 6425 3419 3737 6863 5262 6149 9638 8621 9739 2205 857 7633 9042 2734 6991 9565 672 608 1072 7764 6684 7923 9348 149 2119 193 2940 7697 1418 1259 3034 3078 6822 2106 5551 9513 5957 7901 5522 6858 5133 5482 4759 6244 4436 6728 529 9998 9645 9564 2551 5870 4765 8254 8577 7744 1171 9813 7748 9149
5251 3981 0 1340 5800 8220 5641 2393 9126 4268 7543 3588 375 654 2656 5233 5229 1132 834 102 4513 2372 1343 7990 3532 8476 2873 2831 3305 1678 6340 4585 957 4472 6410 9211 2935 7541 8654 5703 7988 8721 6468 1638 896 8531 3847 778 4343 3879 3647 2402 7029 8717 1104 7716 4694 696 9977 54 7302 2623 9881 7013 8346 3647 2611 5239 8196 2023 5805 6188 305 5394 6167 5704 342 5416 3212 459 1824 7795 4461 1272 221 6706 978 9105 1998 4965 2638 4465 4828 6257 2038 9656 4663 8204 4814 3383 1027 7245 7506 5546 3454 1157 1338 6130 2174 4402 1499 3493 3594 6339 8433 1264 3660 3397 9747 5746 7967 5262 5978 1044 7543 7205 6907 4880 98 7201 598 8850 8781 8568 6218 9184 9905 56 1792 4245 7017 9739 5023 5252 9601 8713 8052 571 7315 3980
8922 9388 1340 0 3630 9970 706 7153 4900 182 3055 8297 664 7472 5748 8242 7756 3054 9895 409 7499 264 7233 45 5636 9549 4655 7017 8770 5298 2127 2401 58 3804 1506 5081 8750 4085 5520 2819 4542 4855 5493 3998 6271 9403 2655 7514 9432 6966 4349 6076 2747 105 7473 8889 5510 2079 9186 8392 4996 3098 3085 6687 1900 4652 2301 8297 4793 7695 113 3804 4338 6207 6719 7667 8178 4163 9840 9289 9892 4334 9578 2123 6042 5561 2369 7305 5722 4928 5325 9241 3084 7520 9523 6261 8077 9918 4535 1524 4628 2112 2853 1622 6112 3472 1060 6543 7120 9791 483 3111 5260 282 6394 452 3223 1402 9340 295 1584 9580 1525 1434 915 6173 8991 621 6317 2879 6935 6122 2456 2050 1482 2038 5154 1494 2475 2428 5313 6141 7143 7511 109 4756 5975 9056 1763 2367
752 199 5800 3630 0 9770 589 6881 5731 5969 8980 5903 7133 6416 7564 388 763 1472 4117 8754 683 6407 1050 3183 6883 1890 2562 3248 5046 6331 1785 4723 5312 202 4055 5904 4131 5538 2675 8130 3808 9097 1553 3928 6634 1629 2668 6097 5970 485 6108 2788 7898 7463 6247 6786 4769 2582 4594 2947 4714 4583 6055 1597 6407 4645 5512 7563 9931 4140 5136 2870 8175 2997 3373 3129 3798 94 4951 8401 9930 2796 3948 4982 9048 1285 2286 1682 2339 4445 219 1493 3772 1408 4542 493 4312 3661 5246 3147 1609 3972 6905 83 7364 1567 7606 8911 1963 2560 7087 2209 8252 8510 3337 5750 7552 7397 5071 272 2068 1648 1809 9069 1947 9634 4900 6028 4583 8831 5026 1811 484 3625 9199 8208 8259 3526 7391 716 9613 7706 3016 6166 9003 5447 6367 8592 1185 2929
9460 8246 8220 9970 9770 0 1889 6954 9540 1934 6420 6124 9609 9417 986 7374 3736 5503 6504 3522 5216 2125 2646 4691 8434 7268 4816 2255 5379 2092 4792 2438 5043 5293 5547 7901 3214 8671 6182 2596 788 6208 605 3868 6426 6776 6663 6600 2383 970 7525 7855 9795 7259 2412 3312 4215 1596 2859 7371 9075 359 6111 6966 4634 9840 713 941 3294 4483 4026 4184 6188 6569 6952 3267 795 9118 635 4381 6650 129 882 3182 4299 5972 6052 409 4516 9207 1663 4152 9173 3725 6578 4796 8785 1034 4771 7604 8198 4842 3900 4501 4878 8638 8017 6100 54 6297 8700 41 4522 4294 8407 2393 4439 1633 2157 1288 6960 3285 1621 2178 556 3184 2876 7968 9251 7634 3738 3501 8948 5832 4300 2 338 5577 64 1867 1871 8771 1258 927 223 5130 1596 5609 1256 7541
165 2026 5641 706 589 1889 0 1648 4830 4658 1051 4245 2230 2688 3940 5203 3706 8121 3520 3865 8300 2510 3317 4190 8315 6523 1203 9489 3516 7926 3301 6259 3061 7889 371 5688 4482 7523 2873 3087 6726 8361 6238 8919 7948 7524 5664 6141 9909 8851 205 1994 7184 2385 3948 3656 6684 3105 9334 308 9255 8536 39 6658 254 106 5545 7022 6797 7820 7008 905 4454 4415 8460 548 7786 3015 2841 6621 7353 1796 5662 7994 491 2561 2282 558 3184 9273 6738 7221 5915 9163 3554 5690 7533 585 9177 3879 5495 1581 9520 64 4663 6238 3332 293 9814 116 8960 3363 9604 9084 3103 350 7289 42 9854 4456 6188 1096 5331 5210 2157 3576 6124 7538 5251 6982 3505 4021 5608 4081 5615 6997 1610 1941 9981 8665 6507 1032 1342 7587 298 6795 2226 3685 9723 8799
3844 9339 2393 7153 6881 6954 1648 0 9352 3575 2474 5912 8475 4561 3723 8219 4600 5120 2804 9156 8626 6048 7449 1624 9479 6207 7202 6834 1619 3910 2087 5714 6318 7896 898 1879 5031 2229 8061 8842 2766 2863 45 9831 3798 8044 6681 8874 3795 2052 2522 9718 1771 4042 4060 8992 3495 898 9683 5860 7319 3218 4286 4736 5918 9169 9139 5700 9276 2298 2434 6351 5996 941 3357 1991 3294 353 6588 353 5499 9272 9666 4312 985 1290 8838 4444 8825 1529 4972 8114 5524 2601 4360 7953 3276 6634 3917 4330 2085 2808 5309 9570 9584 3140 7020 6041 4835 340 3072 6103 8767 1982 5478 4200 1515 1896 3660 1723 3667 9358 7052 3117 4722 460 6084 1463 4251 1117 9736 6212 6909 3026 4569 115 6847 4497 7461 7897 7327 9269 6962 7490 1840 7070 8941 9000 8848 7591
2087 500 9126 4900 5731 9540 4830 9352 0 9825 1876 6195 1481 381 5987 4028 8086 9127 4142 5369 8360 7707 5805 8863 7905 5539 5404 7720 6269 8726 483 2454 5018 1640 8854 9798 2148 3075 9581 6914 5003 5948 1390 447 2860 8374 5263 7403 702 1510 9378 9913 6488 17 477 3974 8841 259 3147 3475 5725 1830 1477 7516 7402 1195 5020 6152 8962 6608 32 6607 9235 3945 3141 7347 7093 6586 5909 1907 2653 7390 4192 2234 8383 4424 1306 1640 5915 2425 5393 2900 4155 5313 3993 7718 5042 4034 2908 4481 3354 1366 8955 6096 4202 5051 9389 2736 8605 3445 6989 9578 9228 5632 5527 326 8123 8684 1690 7297 1794 5541 3635 7491 9439 1812 5995 9893 1365 36 9125 564 119 9864 437 7686 6162 5022 2410 1984 6415 9396 6433 1685 1619 517 3164 5765 4651 3565
8144 7102 4268 182 5969 1934 4658 3575 9825 0 9773 6820 6342 2939 794 3572 179 3939 6094 6447 4593 524 489 1837 9239 4565 8428 8137 5464 286 9924 450 9340 8642 6715 3559 4744 4491 5408 3977 3595 6272 7964 7936 4627 7236 1115 7212 401 3831 4652 7674 799 9824 8750 4825 3036 5196 9214 6872 8026 7869 8110 3354 6226 4330 6889 3226 1008 8811 6482 4542 8561 6252 3525 9318 5100 8247 6396 8458 9540 5350 3367 421 8801 7261 1105 7645 4986 6639 9968 7005 5740 9290 5123 4492 2390 3546 8945 5953 8676 5353 7623 2208 8230 4327 4317 3982 9936 3827 8975 6702 5206 7561 5277 6666 5916 2003 9187 6595 1812 2023 9352 3736 5819 5232 4000 9434 2802 6923 3120 6980 3814 9699 8993 9495 4082 7061 8552 9260 5998 8081 1523 5354 6920 9232 9025 2842 4615 8424
8544 3242 7543 3055 8980 6420 1051 2474 1876 9773 0 7761 2457 5523 9979 7487 7331 4205 7722 8070 5760 3204 6357 3658 7038 7664 3551 6976 322 7211 5092 9355 5089 6484 9453 7763 3865 9186 1377 2747 3626 5683 2195 7971 8299 7561 7265 3230 352 1112 5347 9437 7481 8836 1341 7917 3415 7317 1006 8327 1476 7494 5828 4789 9176 1148 6039 7820 4735 287 1072 8761 2496 1341 5215 7486 9853 4715 7688 7517 5532 4034 5351 2164 5112 6459 297 2093 8365 5086 2199 7068 2689 1065 9404 5120 471 4267 6061 6079 4630 1648 2828 5480 1936 789 8263 1232 7853 6410 9884 9698 3930 3160 8235 8600 5979 1473 2117 5884 4681 2935 42 7326 275 7886 5790 7464 6620 5037 6482 7688 6030 7697 5013 5095 7620 8984 875 4900 4136 3274 4844 9311 3370 7750 9216 332 6648 7707
8605 624 3588 8297 5903 6124 4245 5912 6195 6820 7761 0 9237 2852 1186 6546 5598 1270 7952 5892 1645 1918 9863 993 3058 2027 8595 5086 2694 7610 5182 9557 3647 7008 2128 7943 211 2048 3736 9645 721 8816 9986 24 6688 7395 6358 296 4340 7647 3946 4411 2662 5407 1935 7415 2637 4728 9456 7179 6781 3275 7198 5106 1393 5886 4379 5099 4217 6400 7992 4126 4862 9608 682 9770 19 9957 5606 6688 994 9029 7650 9070 7175 8666 6994 6759 7659 8128 3877 1206 1005 8695 4423 6398 5829 5575 9120 1816 3148 8494 385 9902 8825 6452 765 5827 9658 8508 7165 9896 9194 6652 6559 8120 1524 6398 7904 5329 4067 8352 9628 7957 1540 9667 8917 5559 5274 4743 8653 7240 6689 9076 8232 9577 73 4300 8632 4208 6344 931 8041 3458 2935 1302 4297 3183 9920 7396
2246 4699 375 664 7133 9609 2230 8475 1481 6342 2457 9237 0 5566 1722 1169 5665 2107 2929 4377 9967 6164 3428 5935 4456 7117 1330 7050 9743 5183 1283 7408 4930 4433 7750 8354 3887 9151 1778 9836 5810 1951 102 3560 5947 5014 6459 8222 8277 7358 1233 7984 6631 7201 7843 3854 3917 1958 1592 9214 4556 5637 9979 4770 5347 842 6898 7883 6075 11 2966 9971 1229 8762 9881 3142 4055 3717 9161 6957 4354 1627 8237 5220 8993 8900 113 7045 1029 2662 7925 5694 1984 6678 2917 4050 765 2796 9072 446 6634 2884 8593 9546 3291 4975 4984 2054 3971 4428 2120 2498 5028 4150 7978 4793 5072 4294 5256 2454 3582 2403 8854 6402 1770 7033 6007 1351 7636 7344 1392 8753 3510 5454 4745 224 3091 3663 4258 1843 2536 8735 8970 3868 4703 8738 6592 3868 6820 1044
9598 3648 654 7472 6416 9417 2688 4561 381 2939 5523 2852 5566 0 3662 2118 7867 7431 709 3818 9871 3721 3418 2377 4919 1285 7708 2611 6333 5127 5337 8682 823 5601 1144 672 8489 8664 8025 5355 3486 4027 844 5308 2670 9704 1495 6382 3683 2219 7752 273 7984 218 9863 7256 9864 9933 8676 2067 8363 8215 8197 7872 8656 2555 7549 4415 3415 6667 7492 1247 7603 2154 1562 7302 3103 6437 6221 2265 2767 4871 2123 4104 8049 8856 3016 3360 9585 6243 5611 6897 3644 5356 3073 5049 2719 5132 6213 2668 7022 7826 4073 60 1650 3994 3013 2583 8884 6053 8891 4751 4347 1149 1497 9194 3685 2410 3634 8207 787 1073 5990 27 3495 7594 7754 9720 5617 1860 5170 8774 4003 3093 7505 6496 7940 1129 1822 762 3640 4973 5987 7431 3810 3106 1945 4823 4172 4343
9569 7832 2656 5748 7564 986 3940 3723 5987 794 9979 1186 1722 3662 0 308 3845 4058 9175 1508 2900 9388 6419 1882 7755 1612 4507 6685 2664 3446 376 3251 3291 3218 5542 3308 7382 41 9035 3298 1549 1608 8585 4564 7897 9034 8133 4818 7667 4423 5206 8655 6077 7335 6517 4909 7723 6389 5524 7903 5794 1783 5938 9905 4409 5029 8949 3422 8861 8129 1637 7344 1882 7734 7826 2116 8103 5796 4075 1314 6186 3581 63 5081 7476 4105 9590 1796 6401 2884 705 4126 2697 7129 3864 2672 652 7411 7311 2680 1579 8729 6068 8549 9718 7368 4336 8840 6421 5883 6170 5009 7622 3874 6057 3800 3849 3419 2275 7851 9667 7432 8829 6205 6547 527 7650 4443 7184 7609 4331 2170 8067 9410 3787 7714 6771 5652 4144 4250 7747 7893 475 7239 9830 9458 5260 7409 14 7604
8418 3952 5233 8242 388 7374 5203 8219 4028 3572 7487 6546 1169 2118 308 0 6147 5681 2330 290 1307 8743 261 9054 7581 2915 9060 4006 4655 9277 8994 1884 820 4163 6536 5341 4864 2899 6945 2442 5804 3772 1643 4827 3345 9836 8899 1703 4656 2281 4523 4394 1657 1815 2728 3364 5852 6109 9115 3812 5722 5607 7016 1924 703 3589 8964 3297 4269 654 1134 8834 9493 6374 1952 1386 1285 129 1564 811 2041 1070 6160 4048 5704 785 1535 3140 2093 973 1318 9636 3296 1664 6631 367 1030 8207 1048 2332 6651 8789 2259 5397 7858 6080 8642 3464 3255 7029 544 4572 5087 8820 4992 9345 7157 4502 79 7822 3778 472 6627 2039 6792 8995 3325 2238 7128 9415 1600 1966 1765 9846 6661 1888 5535 9550 4614 4148 3172 7966 7067 3952 8633 6060 6138 6788 9024 4154
9690 3505 5229 7756 763 3736 3706 4600 8086 179 7331 5598 5665 7867 3845 6147 0 521 6079 902 3242 7402 4841 9450 5776 6749 3421 6323 1793 3260 513 9329 7407 1034 7620 2424 5267 7126 8076 194 3095 842 1116 3897 1992 7325 5468 186 329 9568 9712 2376 8896 4685 5552 5240 597 3796 3469 955 7385 2583 6820 1614 4572 8654 9234 9285 4687 1801 2549 7387 9869 4558 2610 348 9558 1576 6261 7064 9182 5273 6134 8882 6098 7478 2582 5809 8137 2516 8476 6054 4120 142 2946 4937 4047 2488 9675 9076 7705 5585 377 5033 7605 111 754 9817 7431 5553 6253 8824 2196 9046 5096 170 1876 6780 3941 6949 2736 4541 2603 2547 3614 7516 3889 5889 9750 3876 2378 7929 1537 2417 8790 7537 6888 5155 5276 4641 5143 4647 4603 8056 9916 7078 1101 9927 3694 5921
5754 974 1132 3054 1472 5503 8121 5120 9127 3939 4205 1270 2107 7431 4058 5681 521 0 8100 3261 7456 4124 1811 4303 9952 4686 3892 4089 7802 1424 6966 3808 5938 8288 2251 7245 7364 8113 3722 7824 4765 7419 8741 8911 6335 4394 4738 579 196 6719 3333 1417 6061 5158 6174 1703 7581 7898 154 4936 1696 4147 4737 7010 2377 8886 4047 7786 4868 2514 9690 7496 4257 9962 4693 3768 2147 2236 3941 4447 1347 5188 856 6338 4749 6878 6595 3244 9362 5999 6266 9006 6760 5066 7862 5340 190 9093 5622 2173 31 2424 6097 3454 7449 4579 2685 9732 8781 3865 4192 5170 5210 7423 2681 3152 1971 2044 6618 3417 2919 3048 9970 549 4526 8697 7535 5245 4542 5810 5841 7715 5871 1294 9919 3231 5389 8205 6973 3023 3170 5068 2897 4448 3093 564 7247 7215 3889 5341
7655 8312 834 9895 4117 6504 3520 2804 4142 6094 7722 7952 2929 709 9175 2330 6079 8100 0 1077 330 739 1619 7012 415 5664 6627 4432 4527 4296 824 5100 2043 4691 7020 8117 7596 8397 1133 7228 8118 4787 4716 3737 9311 1406 5737 564 4153 2938 3537 9863 9522 7974 995 2527 6421 7485 7638 7626 3376 3147 7309 2296 7633 560 4421 8326 6975 8326 6192 699 6337 4287 7215 1778 7290 1547 560 5503 844 7029 3877 1088 2533 8306 5967 1006 7745 4885 7902 7268 9183 7722 7921 7499 877 610 9081 4508 3775 248 5533 209 2913 505 8568 3990 1582 5192 276 3600 3364 6195 1998 2699 4380 933 367 4973 1216 7715 7558 7640 9822 1448 3410 8275 2496 9402 1508 8238 3398 7202 613 385 5119 8581 4444 6263 2489 7829 3623 4935 9886 8272 8282 3828 7769 9883
5123 9640 102 409 8754 3522 3865 9156 5369 6447 8070 5892 4377 3818 1508 290 902 3261 1077 0 824 5327 4787 3204 4499 6810 7667 4261 7009 6856 4292 4476 9417 710 8018 9443 5481 1687 7715 794 8067 4329 47 141 8981 4362 3118 8942 1236 565 5033 814 9944 9616 8647 3974 5485 3581 6499 3274 8495 6978 3310 408 533 3610 4904 3082 7040 140 4472 701 2577 3127 8678 6555 8168 9726 1499 1336 5096 5372 1019 1057 9412 1353 1855 4106 1056 8245 8389 6202 1757 8366 6518 1232 2256 2489 3338 1607 3667 5555 1351 3220 1517 5468 1507 6318 550 1162 4288 2489 6859 6554 4788 6422 9228 278 9007 7175 4257 2749 8117 1383 6002 2364 1651 6462 9176 3930 4153 4642 3736 5876 3583 1987 4837 5387 4217 9531 1909 6139 526 8227 1806 7661 4606 3950 4238 4376
8881 7308 4513 7499 683 5216 8300 8626 8360 4593 5760 1645 9967 9871 2900 1307 3242 7456 330 824 0 4356 2710 224 5432 8650 2746 5091 3346 9963 4928 9010 753 1049 9286 2572 7804 6877 0 1330 1736 2085 4429 2387 3607 4577 5393 4101 4477 9047 120 8899 4382 20 1609 5043 9802 5274 9763 424 4733 6927 102 2218 705 8313 4626 3098 5427 2447 7315 4926 9578 4236 9063 7119 2204 2637 8694 7929 6562 4242 6016 9807 9789 5971 4303 5599 9240 1712 8389 3519 7012 2644 7941 9671 271 968 1359 6919 2968 2075 4504 6793 9552 5519 7326 528 1478 5245 9311 8550 7102 8495 3790 1481 2366 1744 7768 7805 2866 7360 4554 4879 4077 5968 8824 7911 2133 2708 8721 271 4521 5649 2771 5458 8774 2250 3718 9833 4742 9533 2840 810 1986 9550 4550 4838 6203 2585
4878 763 2372 264 6407 2125 2510 6048 7707 524 3204 1918 6164 3721 9388 8743 7402 4124 739 5327 4356 0 7841 751 5497 3218 3928 3887 4430 3860 4865 4642 7823 1354 3668 4901 322 3600 8659 7846 7010 6466 5852 6378 3185 6291 9577 642 2195 7264 6034 2770 8004 755 2512 1219 129 1324 8733 7795 9933 8349 238 7139 7887 1775 1745 1289 3932 4264 2827 570 8642 3015 655 8240 1246 6596 9935 8610 8016 9331 5402 4344 4654 5414 7172 4381 918 5909 2678 7265 8144 8920 4443 272 7735 4557 9897 3926 5713 7507 3084 8848 1509 3634 16 3388 2199 3091 81 2861 2914 8231 229 4107 2905 4150 7794 7560 4781 2953 3084 9597 1196 1625 455 6170 5992 9910 2283 6779 2100 196 7339 6331 1364 8962 4860 6478 2959 8587 8271 14 3789 9720 8994 2536 7955 7071
8564 4999 1343 7233 1050 2646 3317 7449 5805 489 6357 9863 3428 3418 6419 261 4841 1811 1619 4787 2710 7841 0 9403 5528 2843 8914 9407 1908 6786 8303 5455 2342 5728 3097 6916 7756 2006 4913 7441 7391 5873 8970 2711 5244 8989 8705 768 536 3470 785 2157 3316 4900 4053 2163 8846 2896 2738 9486 4809 6765 8155 9677 1219 4420 4861 4788 4893 8679 9505 3470 7334 4925 454 4928 4554 184 6172 9725 2914 9555 8532 5512 9058 569 3718 2834 5333 9696 7833 8064 3008 8309 7921 9491 8207 8634 5494 3631 8083 6137 9895 606 8721 8824 8612 89 4747 5774 3627 5085 5574 6048 8757 4284 5122 7250 8438 9 4224 1563 7206 6574 9474 8233 5542 1712 7172 1668 8755 4239 3030 8622 1644 8597 1284 4747 4573 4060 9567 2502 3024 5185 7760 1670 4005 7843 6813 8082
2223 8653 7990 45 3183 4691 4190 1624 8863 1837 3658 993 5935 2377 1882 9054 9450 4303 7012 3204 224 751 9403 0 5152 5706 6957 3678 3300 9600 7268 8361 80 5866 3443 8457 3909 721 3457 5391 2789 2049 368 3666 9376 488 7888 6046 7619 3553 5957 8021 6623 172 6435 8065 2937 4798 4457 5003 1041 4200 1658 3640 2939 3298 8794 6551 138 7314 8397 2342 6747 3837 966 6054 2163 9779 2036 9586 583 8490 4727 5152 6603 9497 4813 8293 857 9919 684 6841 4046 4857 7516 7650 8415 3964 8296 2518 6609 5828 1300 802 4247 6472 4331 8842 7173 6787 5707 611 5641 5402 6878 9076 9455 8568 4025 6839 7594 1671 3082 593 3831 3487 1890 7278 6739 5249 2966 7654 5936 1039 4962 3432 9842 4370 4825 673 7644 8940 5889 250 3922 4998 2205 8879 6434 2607
4706 4765 3532 5636 6883 8434 8315 9479 7905 9239 7038 3058 4456 4919 7755 7581 5776 9952 415 4499 5432 5497 5528 5152 0 1689 7760 2034 3443 3041 4563 8843 8349 5679 5864 2058 6353 2684 3107 8046 5821 9897 9403 838 7396 964 1586 2664 231 3135 7490 517 3158 1700 8070 2397 8918 3719 3719 6667 7717 3692 4818 8546 3736 5431 4460 2007 9567 9502 1669 3283 2195 1561 7135 7460 3672 954 4464 3592 4480 1422 5491 2713 188 9822 3513 3084 4853 2445 6736 4327 3909 9101 9992 8780 1703 5052 5811 9972 3662 5647 8639 1938 9037 2478 6107 9899 4894 797 771 5248 8668 1750 576 923 2622 1298 8944 1651 138 1513 6442 5899 2521 1828 2742 7090 2290 3004 2614 4658 5926 6512 5374 9406 5784 9955 3109 1835 7464 2408 8499 6903 7473 4399 3149 6687 6958 9174
3603 4401 8476 9549 1890 7268 6523 6207 5539 4565 7664 2027 7117 1285 1612 2915 6749 4686 5664 6810 8650 3218 2843 5706 1689 0 8434 2594 2485 2838 1564 576 922 1647 1097 5719 8966 1900 615 1181 2209 9909 9300 7811 4234 2113 1281 9080 1522 9995 3376 5098 2262 426 3204 1765 3192 8371 1085 6493 5025 7418 5567 250 6776 1303 1817 2983 9696 5591 8874 9651 9154 2529 8729 636 808 4198 7954 6296 6417 4185 7405 8199 4391 9764 6744 7452 7087 1063 3441 6681 6915 3362 6072 840 4642 8023 9997 8108 5998 2778 3830 2703 8136 3781 9354 5503 7828 4561 6171 4848 1998 6141 1377 5431 8138 6853 9662 8855 7295 4732 3404 6301 3512 8533 453 6371 7500 8667 5120 6002 382 2498 9981 1745 5419 6911 5790 4654 520 7689 2595 939 3292 6173 1491 2033 1876 3011
4759 3185 2873 4655 2562 4816 1203 7202 5404 8428 3551 8595 1330 7708 4507 9060 3421 3892 6627 7667 2746 3928 8914 6957 7760 8434 0 4146 3829 1790 2133 435 139 655 7712 5558 1189 634 7687 1876 4658 4972 3547 3360 4271 9657 1795 1955 749 2012 8237 3698 2399 4292 3638 2134 9374 4941 412 1436 2629 8807 2998 5809 7790 1019 9538 1448 3303 7195 5118 2383 4058 1048 7445 1344 8859 756 3685 5209 8344 1207 6108 8194 9181 2890 98 4664 5586 5230 5757 1582 2906 6475 297 1515 5899 8737 5787 1205 2291 8899 1870 4374 5607 9289 3745 1192 6013 9798 6277 8753 7845 8797 158 3435 4437 2527 1518 9956 6836 7098 73 9134 3747 6573 7270 8702 3287 8044 2048 5849 6388 4416 7503 133 6444 3231 3331 5163 4172 5204 7064 9030 4823 9706 2641 6009 4621 3298
6549 3830 2831 7017 3248 2255 9489 6834 7720 8137 6976 5086 7050 2611 6685 4006 6323 4089 4432 4261 5091 3887 9407 3678 2034 2594 4146 0 4838 7244 2758 3589 9768 426 1954 3016 545 9552 2369 1397 1831 4918 5464 1229 8415 4527 1047 5415 1102 1552 419 6560 3591 3788 6496 4659 8633 7922 621 3738 2632 9225 5031 937 4027 8978 6331 593 987 6963 1015 5341 7230 7594 9721 3827 3376 8977 9031 5195 6040 6639 8673 1471 6213 5075 5332 94 4857 1738 226 5596 4428 8251 2631 589 5687 6227 7689 7927 3777 782 8536 6080 5106 2484 2578 388 6894 2220 5021 8998 9790 566 3410 7975 1985 1440 4062 8855 179 4024 4431 3751 8656 9372 399 841 6029 6665 9007 5303 8125 9872 19 996 3614 1850 1192 3584 1746 7445 6886 185 3527 250 1526 7921 3049 8735
8030 136 3305 8770 5046 5379 3516 1619 6269 5464 322 2694 9743 6333 2664 4655 1793 7802 4527 7009 3346 4430 1908 3300 3443 2485 3829 4838 0 7270 4209 2337 1356 4486 5691 9167 4210 1305 8916 114 5721 2356 5306 296 146 1886 4745 8453 4028 5345 6408 4894 456 511 2908 500 4091 4473 41 112 2313 1734 2904 3897 2450 71 3672 1912 576 6319 2935 1666 7469 8538 3286 9218 3666 7620 2776 3746 3301 9114 864 7041 3430 1245 80 7767 9646 9371 169 8818 1460 5984 3445 5476 4913 5931 349 7534 3285 3421 618 5091 794 9435 5994 2860 2935 5321 9991 7636 4749 3241 9505 4291 5015 9609 8365 7824 8346 199 2366 2913 6710 9895 2433 8066 9156 7890 9022 1702 9789 3738 5550 2722 4058 3154 6912 6695 4813 7144 5419 4197 9628 5559 8602 2800 7956 3347
2678 2708 1678 5298 6331 2092 7926 3910 8726 286 7211 7610 5183 5127 3446 9277 3260 1424 4296 6856 9963 3860 6786 9600 3041 2838 1790 7244 7270 0 272 4438 1033 399 7227 5072 650 1510 7540 869 8130 7000 9850 9798 4961 6425 9057 7715 4309 2084 2383 5938 9911 8922 5000 2987 6908 2096 1251 2517 6253 690 1474 8207 4048 6848 4317 6474 5012 2887 4832 735 6304 1566 5843 7754 3748 5788 1930 5373 1293 5507 2536 7377 9600 5356 2941 9654 1266 5118 5615 6640 7528 208 1986 4100 8364 7585 5006 1357 5749 2464 9841 471 1580 3069 7527 4085 8358 7165 5050 287 3765 6227 9498 118 3018 9064 2807 9927 7029 9064 688 9147 9703 922 4368 8515 6469 1321 1153 2321 5984 9612 3969 804 4340 5527 2010 7844 4609 1262 528 4389 1115 7798 8990 2130 5417 8697
2962 5831 6340 2127 1785 4792 3301 2087 483 9924 5092 5182 1283 5337 376 8994 513 6966 824 4292 4928 4865 8303 7268 4563 1564 2133 2758 4209 272 0 7977 2752 3332 389 8828 9904 7808 4488 2466 3730 7493 7500 4310 1815 9703 4893 9309 675 5182 8428 2663 6863 7121 4283 5486 4522 8698 7462 3329 2383 4055 4097 1476 1501 4747 3948 6136 7847 6498 5460 9110 2738 3387 2770 4567 4280 4766 1344 9164 3289 1030 9995 8095 2399 9350 8331 6867 3028 6762 9516 7200 1494 1906 1174 7619 4350 2196 9550 5673 7876 7698 4053 8624 8383 7980 2297 4061 8648 585 8104 5704 5564 527 487 9073 5275 1606 4378 5327 1766 409 7268 8187 7292 2644 2298 8766 3161 7534 7843 181 2066 8493 1022 4300 8673 9107 7892 7185 7045 431 2527 5180 985 4658 224 4507 9106 7554
4634 3956 4585 2401 4723 2438 6259 5714 2454 450 9355 9557 7408 8682 3251 1884 9329 3808 5100 4476 9010 4642 5455 8361 8843 576 435 3589 2337 4438 7977 0 3680 9144 3104 8369 7570 4294 8129 7068 2022 8110 6875 2116 3349 5155 3180 7878 3943 4252 3073 7264 1303 554 5027 7279 9778 2152 3041 3684 7557 94 6160 704 6695 5348 1495 5587 598 4257 6810 7103 5198 5895 1232 7419 7644 9377 2637 3329 6194 993 8019 3301 7177 3036 9406 6765 4822 9864 4763 1268 9530 2575 2275 4283 4383 4822 6443 1029 5316 9923 4828 5048 2153 2291 6822 7214 5431 1498 4769 1070 8972 5382 9329 8335 7729 8161 911 5426 7947 4622 8946 7556 2869 5199 6818 7379 8368 8202 7800 6331 7268 4886 7829 6296 9914 8251 9595 2103 7883 3137 5152 3548 4236 6705 7030 4490 5887 110
5523 9664 957 58 5312 5043 3061 6318 5018 9340 5089 3647 4930 823 3291 820 7407 5938 2043 9417 753 7823 2342 80 8349 922 139 9768 1356 1033 2752 3680 0 1058 653 1338 7855 4134 344 9684 1944 1011 7673 3314 8057 4404 7113 3466 1060 2172 7641 8689 6011 5515 7539 4796 3610 6670 1676 3433 4912 5282 5836 3483 5578 3395 9452 51 2532 9720 8483 9392 4168 6474 5970 8410 865 7124 5015 8543 9899 5337 9186 6299 5101 6237 8689 2140 7913 7217 6992 8513 4277 8539 6238 9272 8633 1870 7256 602 8180 7689 2879 4420 5650 6163 1558 7669 7079 1674 7265 8524 9594 4567 7964 6870 3457 2966 9204 2313 965 9595 4487 8825 8455 335 5470 7676 263 5139 4856 4138 2071 3566 1087 1293 1725 3944 8324 4868 4905 9945 7963 7326 7665 8580 4199 509 1946 9086
5204 3886 4472 3804 202 5293 7889 7896 1640 8642 6484 7008 4433 5601 3218 4163 1034 8288 4691 710 1049 1354 5728 5866 5679 1647 655 426 4486 399 3332 9144 1058 0 256 4734 7561 2976 9532 9212 5225 4758 8132 1029 1577 3730 7190 3403 4491 4624 2421 9313 2973 9186 4803 9393 4874 1895 8049 8628 955 1499 147 7165 8253 446 8420 8440 6449 5872 2157 2825 1211 551 5819 1875 7798 4098 4800 2686 5758 4946 1932 1777 8708 3953 6989 849 4920 4818 1694 622 593 772 4297 284 9172 6529 5057 2392 8374 8276 4314 4821 4332 2790 3236 8110 8019 1269 7088 3431 3031 4950 668 3995 2575 709 6427 6070 3322 7615 8730 4683 8776 5037 2157 4801 7026 47 2393 2066 2563 5073 1620 3905 1137 1502 1336 8604 4221 7280 3351 3158 4290 1210 6586 4427 1195 5977
7571 6184 6410 1506 4055 5547 371 898 8854 6715 9453 2128 7750 1144 5542 6536 7620 2251 7020 8018 9286 3668 3097 3443 5864 1097 7712 1954 5691 7227 389 3104 653 256 0 2685 3870 2099 9648 6354 4843 4563 7513 4407 5724 6156 2046 8341 8077 3427 7760 4553 9041 2511 1349 1212 9839 676 7415 7763 3632 7665 2108 5456 1429 9649 6728 1154 5503 102 7487 9749 9533 127 6347 8793 9377 9206 93 7562 786 4487 2573 8275 2735 9423 7425 1841 3008 2340 447 957 7749 9942 52 4359 696 6293 5336 2446 8264 1451 520 2002 2800 9876 7980 330 5485 2732 5508 9802 7058 5739 8800 8690 9428 3577 1498 2351 5869 4971 403 4385 9906 2025 3780 1662 9808 5711 529 8954 112 4770 892 1110 4208 1179 5557 1908 7584 545 8426 8153 5847 3996 6396 1330 3426 9274
34 8373 9211 5081 5904 7901 5688 1879 9798 3559 7763 7943 8354 672 3308 5341 2424 7245 8117 9443 2572 4901 6916 8457 2058 5719 5558 3016 9167 5072 8828 8369 1338 4734 2685 0 2067 822 7205 8596 488 3311 3999 1834 4334 2889 5406 9829 1004 6692 1210 8135 5763 6138 8601 2052 244 7648 5190 5438 3299 4077 6574 9797 2716 4357 869 8945 9203 716 6907 5095 5692 9630 8212 5055 4064 7657 3486 6863 869 1576 4679 4709 3073 253 6135 4515 84 4564 4494 4191 9367 8844 8376 6392 1540 1666 5656 6810 3822 6992 2910 8161 131 3823 2042 142 6576 9397 3112 4714 5338 1817 8023 2202 329 9956 6723 1210 3377 1985 3847 1589 9087 3687 3062 1740 7568 3716 1249 3428 8083 2075 2329 8536 3152 5778 6996 365 6459 6838 9494 8886 5736 2276 7684 4782 2081 6484
7083 2925 2935 8750 4131 3214 4482 5031 2148 4744 3865 211 3887 8489 7382 4864 5267 7364 7596 5481 7804 322 7756 3909 6353 8966 1189 545 4210 650 9904 7570 7855 7561 3870 2067 0 9798 7725 1002 1497 262 4756 1017 9658 1953 7573 7143 66 9340 1319 7695 8231 3751 4375 1518 4177 5408 5592 6811 2041 5883 1637 7550 6886 5301 9913 768 5853 8910 806 2104 9806 7729 1189 6879 173 6294 9882 9495 3228 9214 2877 1127 5808 2079 6213 3225 9177 6030 7173 5903 7825 8648 2236 8146 3382 7946 7535 8447 4805 5366 9804 9686 5374 81 2040 134 226 838 2163 2757 6736 5297 2928 5626 923 9848 0 8412 590 7692 6232 7559 3217 3744 3207 9654 2173 9336 1298 4933 8137 9466 1009 7316 2977 4806 1496 6549 4086 4599 2729 671 3430 4540 5183 5004 6956 2314
8740 3512 7541 4085 5538 8671 7523 2229 3075 4491 9186 2048 9151 8664 41 2899 7126 8113 8397 1687 6877 3600 2006 721 2684 1900 634 9552 1305 1510 7808 4294 4134 2976 2099 822 9798 0 8252 1373 1925 3861 6463 3547 3254 1052 7646 9183 7843 3831 1421 2790 7787 6147 769 3511 3749 3410 7298 5490 8276 9913 1294 2089 7047 4925 3309 3946 7421 7254 5577 571 5824 1987 172 6054 4890 839 1949 16 5436 4003 3624 4958 5466 7554 6240 9813 2421 3224 2697 709 9381 9644 6287 1984 9447 6381 8732 2178 8225 9537 3983 4920 5493 328 6759 3936 6003 7923 4353 3267 1286 9395 793 4047 9180 2778 3000 7694 3219 4780 8023 9158 1074 547 9610 2266 4974 5728 7810 532 865 3751 1406 4823 106 9119 4178 3092 1426 3184 7643 4929 63 1544 3240 1281 3098 9429
1297 2969 8654 5520 2675 6182 2873 8061 9581 5408 1377 3736 1778 8025 9035 6945 8076 3722 1133 7715 0 8659 4913 3457 3107 615 7687 2369 8916 7540 4488 8129 344 9532 9648 7205 7725 8252 0 940 7860 1801 7105 9865 6259 4077 1655 8147 344 5976 1368 7322 1056 3548 9847 6587 4174 8264 672 4744 4944 5633 2822 7948 7275 6564 2723 6378 7516 4314 4077 6755 714 9347 985 4079 8786 3217 1133 1061 5936 3179 9507 8762 8196 1037 5359 4193 8866 4588 8803 1837 8537 6409 691 5323 9337 7337 4449 5066 4050 583 1074 2875 6639 2121 8206 7701 1440 4216 1881 7789 67 1135 1486 4681 3254 7014 1823 5860 7737 7919 2429 6700 6300 4341 6166 8634 1522 3279 1382 8732 1193 9630 8040 7959 6582 7440 5562 7710 4229 6319 6718 6866 6715 507 6285 4233 3204 5753
9745 4504 5703 2819 8130 2596 3087 8842 6914 3977 2747 9645 9836 5355 3298 2442 194 7824 7228 794 1330 7846 7441 5391 8046 1181 1876 1397 114 869 2466 7068 9684 9212 6354 8596 1002 1373 940 0 1731 575 5928 7310 6782 9324 4757 6902 9609 8725 5382 9963 5045 9995 9196 8808 1035 2135 7556 2893 8913 881 4667 3013 8032 8375 1274 6107 3616 27 8908 8558 8927 495 428 6713 6102 692 3837 1977 4595 9989 3338 442 1276 5293 7732 7281 2958 9744 7708 554 875 8253 2243 4511 5789 6152 6992 8562 1270 5483 9689 2877 4447 6481 7630 2499 6270 946 205 9022 9224 8862 8863 5853 2591 5174 5385 4785 8475 6023 2017 3816 526 639 2223 3027 9042 4260 5503 5953 7295 7089 8669 4938 9781 4343 6662 3074 7669 4400 1494 8999 6353 8752 4049 1262 1964 5908
6491 9395 7988 4542 3808 788 6726 2766 5003 3595 3626 721 5810 3486 1549 5804 3095 4765 8118 8067 1736 7010 7391 2789 5821 2209 4658 1831 5721 8130 3730 2022 1944 5225 4843 488 1497 1925 7860 1731 0 166 2753 9597 3625 6233 4639 1332 9651 235 36 9606 1840 8066 5049 2715 2973 9836 2939 3354 8390 2863 833 7629 8536 2393 1738 7057 5730 9653 8167 3466 4404 8016 666 5906 2941 2709 2115 9820 3790 1786 8903 4803 370 5977 9419 2579 7061 1864 751 1503 7377 7396 2434 283 9941 738 4369 1708 8527 931 7143 2616 3374 6392 4697 4495 915 2904 187 5674 8256 7785 6066 6295 1129 5511 1372 425 6051 4119 9227 7735 943 4534 5860 7052 9851 2600 5385 50 2381 4768 6208 8925 6018 8297 5999 8833 8923 528 4688 8054 6778 9920 8091 1791 103 7210
3612 1078 8721 4855 9097 6208 8361 2863 5948 6272 5683 8816 1951 4027 1608 3772 842 7419 4787 4329 2085 6466 5873 2049 9897 9909 4972 4918 2356 7000 7493 8110 1011 4758 4563 3311 262 3861 1801 575 166 0 8603 9205 2499 6377 2900 461 7113 2564 8838 7759 7350 45 7601 4181 4596 8509 5864 9035 4525 5745 7710 4638 6449 5165 839 2085 8808 880 7769 5734 5655 4529 9576 9142 6818 2366 4280 3380 5354 2105 2530 9427 5327 704 4075 8150 3515 9088 2711 8846 1287 2710 8101 4220 2735 8870 7580 458 9531 1209 9943 4015 3113 6501 3970 3591 6468 2208 1757 8380 6809 791 1782 8159 5309 1621 9153 73 6308 5676 2343 6163 6101 7743 1686 8896 8116 1033 8906 8671 5596 470 5177 727 4869 2838 9519 7995 1843 7912 2261 6573 1832 1760 38 2239 1113 7759
8363 8628 6468 5493 1553 605 6238 45 1390 7964 2195 9986 102 844 8585 1643 1116 8741 4716 47 4429 5852 8970 368 9403 9300 3547 5464 5306 9850 7500 6875 7673 8132 7513 3999 4756 6463 7105 5928 2753 8603 0 5616 1859 6617 218 6244 4457 181 1765 3927 5755 5297 1655 9883 6313 3432 8101 1566 5971 5825 4086 7236 8486 7003 7317 7461 4795 2151 3670 876 1566 5923 2750 8490 2623 8902 1185 3189 5839 5997 9672 9456 5129 5824 7210 764 3162 7537 7308 285 2432 5015 7282 3967 1134 1380 1210 5293 7421 3897 8324 4493 6549 7299 8780 3759 3397 427 2323 4118 7210 1372 5622 546 2849 2599 8279 7382 2050 1525 9225 8258 8245 301 6163 1883 3561 4917 1899 1611 9069 9242 5342 5181 9327 4029 8945 1423 5009 9412 2291 965 97 271 5688 7056 6434 1861
6697 1028 1638 3998 3928 3868 8919 9831 447 7936 7971 24 3560 5308 4564 4827 3897 8911 3737 141 2387 6378 2711 3666 838 7811 3360 1229 296 9798 4310 2116 3314 1029 4407 1834 1017 3547 9865 7310 9597 9205 5616 0 9807 8055 562 8900 4086 3364 7893 7895 3254 3751 7639 2047 490 5334 6729 9267 6933 9523 1189 3945 8489 5153 3479 6951 2519 393 5419 6706 6326 7172 6925 473 2649 8035 6039 1575 7304 6509 800 2471 9819 9475 8033 1310 5919 1720 945 9624 3330 8974 9144 1260 6582 1834 5197 6158 8642 9306 686 5941 9637 1245 4261 540 6711 4309 552 8948 2745 4923 6829 2599 7360 9836 7481 2497 6793 865 2867 5086 7313 4486 2151 7288 7779 9995 683 5776 4530 2790 8656 3878 4200 1229 8064 3329 1171 2426 1312 6961 572 3375 2211 509 2006 5005
9383 9186 896 6271 6634 6426 7948 3798 2860 4627 8299 6688 5947 2670 7897 3345 1992 6335 9311 8981 3607 3185 5244 9376 7396 4234 4271 8415 146 4961 1815 3349 8057 1577 5724 4334 9658 3254 6259 6782 3625 2499 1859 9807 0 7532 7637 1158 2251 767 7196 8725 3213 4760 9029 2054 8964 369 5488 6044 8626 8312 8677 4554 4185 3507 8288 2528 1817 3988 3972 4991 8887 7769 3561 7824 9496 7189 3481 4808 9392 6829 3636 3513 9395 3518 9625 6825 5983 3537 4348 7646 6179 4796 9885 6269 4966 8664 6085 6704 670 5180 9232 7249 878 2001 6440 9848 6074 7396 708 6143 3509 1221 9707 8465 7411 7228 7041 4820 4739 9568 9800 3314 8728 2815 9897 6042 5008 7147 5578 7849 5972 5242 9147 683 5694 4550 1093 7362 7718 9699 4420 874 3407 8163 4583 7198 1764 9913
1509 5865 8531 9403 1629 6776 7524 8044 8374 7236 7561 7395 5014 9704 9034 9836 7325 4394 1406 4362 4577 6291 8989 488 964 2113 9657 4527 1886 6425 9703 5155 4404 3730 6156 2889 1953 1052 4077 9324 6233 6377 6617 8055 7532 0 7995 2347 1382 9080 3056 2126 844 3801 163 2502 5885 6262 6862 952 9783 7672 6704 2634 7158 5830 9757 3976 6994 2230 3099 2420 9771 3591 8113 4295 7257 1569 8662 7311 3207 2184 4460 1188 1922 420 5269 9472 7010 6029 6110 5751 3684 1723 1910 1856 3417 2026 9992 6268 4454 5987 4445 3154 6035 2842 8881 9213 2647 7102 5537 2474 8484 9801 5733 6929 669 7375 2789 170 7823 7966 4156 3566 9393 9389 8368 1983 2654 1701 3414 4118 3510 8969 7382 2050 5980 4174 6128 5185 4626 1764 3478 3277 7246 5972 3454 6364 9348 8181
5835 9987 3847 2655 2668 6663 5664 6681 5263 1115 7265 6358 6459 1495 8133 8899 5468 4738 5737 3118 5393 9577 8705 7888 1586 1281 1795 1047 4745 9057 4893 3180 7113 7190 2046 5406 7573 7646 1655 4757 4639 2900 218 562 7637 7995 0 6895 9756 6766 8582 6633 2832 2628 419 4829 794 4581 7540 4222 3945 7871 574 2879 9855 7014 2439 5239 7599 7913 5585 1603 2430 5147 5949 8259 1018 2109 7675 3334 5577 4578 975 2626 2949 5203 1682 323 8292 9317 135 8487 8058 4187 3994 1778 6743 3102 4509 6376 2045 1897 5524 2443 6378 8744 4904 1812 5385 7563 9250 7875 3783 45 2336 9930 877 8211 2368 558 4654 3834 6875 9692 7073 661 3877 8815 9047 5113 7322 275 9977 7155 6299 8929 9057 9446 6431 6536 1312 4474 172 3476 9599 8903 3229 3878 6294 3835
3219 8132 778 7514 6097 6600 6141 8874 7403 7212 3230 296 8222 6382 4818 1703 186 579 564 8942 4101 642 768 6046 2664 9080 1955 5415 8453 7715 9309 7878 3466 3403 8341 9829 7143 9183 8147 6902 1332 461 6244 8900 1158 2347 6895 0 7384 2779 7775 6391 1699 4964 5021 561 3088 3756 6489 3357 4371 2592 4854 7100 3929 5540 4699 4941 9511 8342 1614 1899 6077 594 2625 4957 1499 3701 8200 2815 469 8372 8713 4622 2116 2350 4049 110 8357 6674 6375 665 7130 6122 5668 4381 1846 252 5792 7245 164 4724 3214 7664 6272 8696 8272 3377 6718 4317 4206 4713 2477 633 1344 6776 4526 7294 9183 4043 1846 4832 4305 1424 4726 8310 774 9467 4116 1870 2201 980 5690 5712 382 9043 1100 2043 6211 5632 2533 4666 4608 7649 631 4018 2309 2121 9293 1498
305 1973 4343 9432 5970 2383 9909 3795 702 401 352 4340 8277 3683 7667 4656 329 196 4153 1236 4477 2195 536 7619 231 1522 749 1102 4028 4309 675 3943 1060 4491 8077 1004 66 7843 344 9609 9651 7113 4457 4086 2251 1382 9756 7384 0 9063 8315 6988 3321 3084 336 8539 7458 4109 425 578 4313 920 3307 290 5503 6801 2796 1958 3186 2727 2685 7871 2375 3658 2064 3729 4229 355 4987 3009 9403 8639 7350 8619 2344 5642 8972 2193 411 614 5724 6170 1465 9432 5915 8603 9354 1697 9215 5042 9435 3164 35 415 6473 8530 1536 2116 1531 2151 9778 8876 6655 4062 2430 1195 1610 1546 592 3092 8808 4856 42 8211 7198 6880 3424 1835 7516 2124 7276 9420 8263 4508 1348 8888 2244 7877 9515 9492 1898 9516 1953 6402 9287 9772 3078 9351 1339 6015
6139 4260 3879 6966 485 970 8851 2052 1510 3831 1112 7647 7358 2219 4423 2281 9568 6719 2938 565 9047 7264 3470 3553 3135 9995 2012 1552 5345 2084 5182 4252 2172 4624 3427 6692 9340 3831 5976 8725 235 2564 181 3364 767 9080 6766 2779 9063 0 1553 1842 2781 9113 8233 4666 8957 6008 8695 4946 4622 1603 7653 5376 1960 3353 8574 5741 4761 5804 9310 4285 2669 7216 4154 2434 7794 4538 7795 8211 8722 2863 3135 5941 3127 6704 9940 406 8340 2969 8036 6807 8011 1918 4225 8729 104 1546 1497 9519 3295 2689 428 6314 913 4666 146 4084 9183 8293 826 2594 9103 3674 459 3532 823 40 6822 2761 3076 4645 5293 8082 9981 8454 4496 5241 9447 2934 7745 1331 7537 1978 7303 8644 9335 1131 6304 8662 7824 7796 8269 2592 7621 1685 1037 6224 8993 1682
7180 8781 3647 4349 6108 7525 205 2522 9378 4652 5347 3946 1233 7752 5206 4523 9712 3333 3537 5033 120 6034 785 5957 7490 3376 8237 419 6408 2383 8428 3073 7641 2421 7760 1210 1319 1421 1368 5382 36 8838 1765 7893 7196 3056 8582 7775 8315 1553 0 6988 4046 332 2016 5911 8742 532 7298 5320 9907 7081 8304 2910 2150 6186 9982 1133 2317 2657 6588 1158 1234 5945 2487 4309 2226 733 3904 8456 9213 5455 3243 9680 8647 9252 2369 3576 7888 2093 6060 7317 998 5145 5047 1025 3039 3770 1576 4749 7583 9402 7606 1833 2881 2930 668 1832 9092 479 7239 4052 5306 3391 5015 819 4191 8611 3942 2804 1200 6487 9898 4221 4987 9992 8807 3724 3982 4898 9971 8632 8317 103 6376 9861 3739 8245 4256 1157 9035 7673 6051 3870 7479 1751 586 7111 5509 2536
9649 582 2402 6076 2788 7855 1994 9718 9913 7674 9437 4411 7984 273 8655 4394 2376 1417 9863 814 8899 2770 2157 8021 517 5098 3698 6560 4894 5938 2663 7264 8689 9313 4553 8135 7695 2790 7322 9963 9606 7759 3927 7895 8725 2126 6633 6391 6988 1842 6988 0 6132 5000 8795 5610 8627 5690 9091 9310 6737 4479 7418 2553 9905 8484 49 4932 4460 8591 4839 2760 9428 7142 5845 6416 1119 6804 1097 7642 3976 8287 9422 775 6922 8227 6550 2527 1658 1099 8903 8389 3007 223 2422 8281 5331 5150 7450 9170 907 9407 150 9576 4577 8930 3624 6066 7552 8789 5253 7549 2536 5689 7622 9701 219 838 4903 9108 2965 7319 3026 6801 2258 1648 5856 7228 3410 1866 1357 4306 8119 4941 4831 220 8336 7659 4914 9770 8336 4314 9484 4735 3362 1709 735 9319 1962 5721
337 3394 7029 2747 7898 9795 7184 1771 6488 799 7481 2662 6631 7984 6077 1657 8896 6061 9522 9944 4382 8004 3316 6623 3158 2262 2399 3591 456 9911 6863 1303 6011 2973 9041 5763 8231 7787 1056 5045 1840 7350 5755 3254 3213 844 2832 1699 3321 2781 4046 6132 0 479 2207 7277 3065 1719 1164 3203 4438 6016 7152 5852 5023 9873 9152 8513 4982 3111 3378 719 5159 8669 1025 3087 9031 7204 9928 6927 2026 6027 1901 7473 8606 9254 7731 1748 6157 5257 9670 6804 7773 131 735 8476 3909 8538 8748 956 472 3603 2820 4596 9144 9451 4279 4286 6846 939 7978 8088 2499 6434 4777 33 9907 794 8166 815 1006 7936 3909 4656 3528 3883 3498 7571 4132 9342 1693 2555 1695 2588 851 7171 8327 8279 5893 8939 4241 5254 6378 3596 6783 4698 7285 1054 9247 2421
2304 1183 8717 105 7463 7259 2385 4042 17 9824 8836 5407 7201 218 7335 1815 4685 5158 7974 9616 20 755 4900 172 1700 426 4292 3788 511 8922 7121 554 5515 9186 2511 6138 3751 6147 3548 9995 8066 45 5297 3751 4760 3801 2628 4964 3084 9113 332 5000 479 0 5661 4644 5153 4638 6027 6323 2358 3037 2290 4433 539 5298 4076 4027 6232 9281 4942 4919 6793 9385 7254 4852 6804 2103 6847 841 2102 1314 9722 9077 1229 8862 1939 9655 5280 2175 7495 2732 6114 410 9895 367 253 8815 9660 2188 4090 7333 677 7190 5487 6117 9168 2063 7278 8084 5436 6832 9903 5015 9213 476 2096 697 9967 3978 1130 7098 9236 7005 4683 4108 1322 343 758 14 2280 1442 9561 7123 4050 7633 5411 7694 9543 2661 5111 3433 8405 9316 7376 6535 924 6245 9982 3071
