100
0 9519 7305 5968 6505 191 7938 5694 9611 5185 8636 3230 6440 1812 604 3361 2419 2584 7575 1916 9670 8684 9810 910 2236 7150 8562 8374 26 4010 5532 156 5254 2606 4644 900 5476 3813 5084 7260 52 5030 962 9470 5383 2401 8928 5500 779 7262 9984 8246 2346 7108 4302 6380 8020 17 1360 204 6207 5666 9385 4491 5003 6389 525 3556 5539 113 7135 345 3275 6242 3621 4239 9202 3957 1967 7436 6767 3488 140 6911 9164 4388 7228 8122 5525 4496 5311 3419 3081 2080 6487 9553 9367 5642 8758 8421
9519 0 1217 8868 6737 7372 3686 4877 2944 400 1566 6812 6693 3194 6182 2380 2418 9921 7036 6371 9717 7310 4312 2753 4244 9253 8912 6144 4656 7991 4024 1630 6885 1631 5030 2402 1128 298 6770 8682 6173 2895 9017 6995 4393 3954 2375 1945 5268 4672 5773 1293 8478 6521 2543 4725 4986 9580 3204 6422 8875 2098 6463 2974 2526 1528 209 3470 6500 1163 9851 9856 5072 9015 4416 3449 5523 4759 1941 7397 95 6631 8122 8887 6279 8281 9758 4269 5746 9350 5311 7381 5082 2564 7622 9870 1664 4754 9474 9069
7305 1217 0 3952 1687 7570 9199 8397 4309 3974 6508 1099 2604 7975 3320 8282 8647 7463 2770 5585 5489 9564 1468 4728 1545 274 7927 8184 5017 266 5264 8907 5679 574 489 5271 8341 3088 1170 588 7311 1166 8157 4435 8190 9678 670 8970 5440 7792 672 7803 7473 8824 8884 1644 1584 7960 3030 6832 5805 3993 233 8355 9509 7289 5544 8044 5026 9054 6178 1983 3796 4584 6710 1300 4711 8850 8814 2103 3142 5810 5083 428 7697 5056 4906 4342 413 3006 1737 2681 5263 1798 7633 966 8531 6077 3281 9155
5968 8868 3952 0 8527 2869 8482 9816 6998 5253 6382 6723 4599 5955 6001 1318 8774 179 2075 7017 7075 3232 971 8847 103 6002 465 2396 3661 6172 1703 8371 9675 2858 2076 7360 6928 6116 8074 8203 5717 549 2120 9435 3544 9766 3855 2723 4026 8867 1178 8071 4470 6247 3853 6606 3642 2389 2204 7652 5632 5529 7070 2321 7890 7807 5831 2347 244 7309 3755 1911 5554 9328 3674 2256 3157 520 8438 4492 871 353 6558 5787 8244 9171 7494 1327 8538 7145 2844 9709 1770 6406 1573 736 8366 5585 5814 9793
6505 6737 1687 8527 0 9561 2961 3341 8597 6282 2618 9754 8572 9829 3528 7356 5131 8264 9942 2131 1191 6379 9308 7926 6415 4525 8939 9730 2300 5342 2452 9071 5170 8489 3066 9443 7285 7336 4425 5249 6866 3621 7586 2005 5462 7545 1488 8434 7146 7384 11 0 6940 8286 7437 5071 2902 3879 7474 1884 6105 7095 7057 4460 4324 9684 9161 6236 5776 8031 640 9161 3318 4158 3972 6649 7112 6363 4417 3875 3313 5118 3465 1992 39 4379 2311 6100 6926 6142 7104 5447 8085 4385 4616 2754 2058 1157 8011 2248
191 7372 7570 2869 9561 0 4025 8634 8218 3239 161 3523 4415 2766 1944 5269 2269 2739 8538 5458 9832 4648 1687 352 8516 8712 9730 6140 515 4342 6970 2875 6039 7700 761 6128 4356 2133 9706 8139 1794 5130 456 6911 3886 3838 4352 7512 858 4984 4399 8139 7350 8649 3925 9352 236 7636 9020 7054 4004 1198 719 8492 9259 1865 3938 2057 5286 2643 1478 4796 2007 6216 8090 7682 1877 3945 9907 2051 5113 6333 432 7693 9626 3165 5972 5496 464 1073 112 618 3674 7279 4921 560 8001 8753 8455 1096
7938 3686 9199 8482 2961 4025 0 4141 9795 4127 5710 2732 9005 6599 7047 7010 3214 7722 1145 62 1179 887 2360 5599 3756 6960 8930 6766 1609 566 170 722 8432 5264 1737 7413 2080 5301 4694 550 6288 9474 6000 1772 4563 9785 4839 2332 5134 944 6650 9565 2291 7659 5396 43 1654 5512 276 7215 5813 7512 9166 4961 2889 6139 8105 354 6926 9550 8195 4906 6172 5961 9528 8166 3062 6509 2320 265 6847 6585 2700 4145 3964 8056 498 3647 2472 7858 1330 5389 2006 9171 2409 6413 2207 4573 6671 8693
5694 4877 8397 9816 3341 8634 4141 0 4335 4937 3268 3747 5685 4416 6522 5631 4057 7810 6830 231 2785 622 4599 5597 7109 7936 5560 7332 9855 4672 5808 2298 7213 5647 5444 3692 8031 351 8565 5905 9157 970 6749 6513 9689 4944 5353 900 8390 8311 1005 8173 4531 779 382 1829 9530 6349 1928 8098 3494 8671 9011 3494 8279 9345 3705 6538 1621 8664 5966 5143 2208 787 574 5250 394 932 6606 3145 1826 6673 113 4147 1237 9790 8335 7238 9863 8581 2395 449 4036 1831 1609 4324 4453 1169 9283 9083
9611 2944 4309 6998 8597 8218 9795 4335 0 9834 6131 5750 8222 5121 6047 6018 8490 4639 941 6074 2371 4896 165 3911 3888 9150 6870 7183 612 775 6472 8263 2796 8649 3385 1834 4693 4823 2036 545 6232 6798 302 9674 4110 7400 768 3700 4245 5892 5727 7703 7949 34 7016 818 258 2322 9709 6785 2971 3302 5537 8708 78 228 5520 2438 7190 6557 6155 8952 4557 1568 5196 2871 2968 2797 2571 2803 6900 2052 7353 4481 6602 4147 6106 622 1968 4815 8419 474 5191 1838 2281 8603 361 2125 8928 3436
5185 400 3974 5253 6282 3239 4127 4937 9834 0 5527 9253 6084 7469 3606 7428 1848 4258 955 5808 3451 4675 8172 813 6048 8028 9403 1516 4730 3827 8535 7130 4350 6407 4144 5553 8108 821 6915 4534 9897 5006 6822 9949 2128 8532 4191 2902 1049 7662 5828 3983 7132 4424 8001 1887 432 990 6394 668 9211 3362 3611 494 911 3531 1403 4664 214 1767 4127 1302 3005 9484 7909 2748 8431 6007 6658 1367 721 8107 7450 864 9446 3450 574 6250 8503 8952 3150 831 7774 4727 9550 3632 3905 27 4333 7832
8636 1566 6508 6382 2618 161 5710 3268 6131 5527 0 7620 2521 3324 526 9585 367 4929 5407 233 7423 5881 2824 2012 2690 2264 7200 3992 7138 5553 4955 2641 8525 8508 5949 925 5902 4566 1861 7795 5840 6123 1979 3554 8953 8988 6692 5264 218 1790 7336 5169 3335 2214 3362 5039 4668 4746 2496 6046 3160 1462 9730 363 1729 9993 8981 2562 8789 2862 2269 6315 9282 3678 4296 5545 9123 498 3933 3987 7182 807 9229 5253 9667 9879 865 4264 4608 6127 4364 922 3542 8860 6677 7044 2277 8730 3603 5995
3230 6812 1099 6723 9754 3523 2732 3747 5750 9253 7620 0 5252 810 150 8149 7213 6910 2542 7536 595 9543 2400 9051 5450 9419 5684 3456 7188 2882 27 9092 9290 6530 2535 8965 2651 214 757 3815 3483 2739 3997 7241 9350 2219 4095 382 1928 8917 8808 4907 3274 2332 4860 5640 3453 14 7096 4474 3801 5508 7742 4103 7093 9021 7042 3347 2258 5863 9317 8054 8808 2160 5288 2999 2529 9518 2628 8586 4934 9978 7163 9680 3442 391 9026 5167 2269 6695 7856 5224 580 5718 9225 4907 7629 2833 9747 8287
6440 6693 2604 4599 8572 4415 9005 5685 8222 6084 2521 5252 0 8969 3087 4853 2135 2192 4328 1197 8228 4462 6494 3983 884 3056 3091 1396 8795 7426 5732 3726 617 5897 6565 6780 1739 4516 8418 7035 9537 2082 5104 5959 2361 2366 5711 5838 2806 546 8574 1473 6407 4779 8586 7068 5473 28 7540 1829 3971 7677 6392 7420 6116 2694 9767 2147 5872 2777 7664 1916 9937 5004 1084 4692 454 8935 7057 3185 5980 5175 729 1058 9953 5460 4491 8700 8302 1434 7528 7267 1331 6501 3166 180 5762 5831 4970 2969
1812 3194 7975 5955 9829 2766 6599 4416 5121 7469 3324 810 8969 0 130 7864 1621 1131 5360 4773 1750 7332 7488 1676 8047 3994 467 714 9434 6444 5444 6133 2311 2983 6454 8220 1382 637 4557 1088 5457 1798 7155 9459 2959 8950 6093 5970 7148 9113 5538 7082 572 2709 8978 9750 9536 5227 5042 3196 8951 19 3536 6317 3088 5682 6680 4639 2718 9022 8298 5335 4515 6751 8002 5124 4226 3598 4413 5081 9112 3030 9469 7140 2388 7941 4850 7841 6444 6798 3480 6426 8883 1098 8448 9671 3325 6380 9467 9608
604 6182 3320 6001 3528 1944 7047 6522 6047 3606 526 150 3087 130 0 2225 3104 7606 4461 3992 2347 2880 2481 9631 5955 8013 8021 6603 2919 393 6612 3537 8409 6583 7255 4891 9596 2250 4639 1129 2159 168 368 1782 4809 788 177 7518 9192 6501 2522 8596 2866 1393 4323 767 5086 5941 6398 1539 5133 8684 5174 6528 3575 7852 253 6561 5066 2237 5933 7441 4297 7819 5163 4196 6546 5959 1596 5560 6895 783 6277 4335 7025 9240 7630 1885 8065 5666 7110 8038 5172 8771 2459 2055 1276 6958 5087 5716
3361 2380 8282 1318 7356 5269 7010 5631 6018 7428 9585 8149 4853 7864 2225 0 4426 344 2588 5066 2918 1830 8547 9493 7329 7999 2958 7104 1632 2024 5260 6444 4131 9109 3460 2274 1059 6890 2571 8931 6166 5684 2388 7078 9169 8372 6756 2441 4395 8772 7982 4619 601 7161 2333 5356 2263 130 1855 4196 7894 4694 5670 9996 6991 9045 98 3295 3539 262 5526 7516 7868 9451 8635 6246 9866 6506 9727 3213 6920 5384 4576 7216 4198 4731 5614 5335 2868 1091 930 7375 2520 1922 2463 1200 4567 7083 4272 9067
2419 2418 8647 8774 5131 2269 3214 4057 8490 1848 367 7213 2135 1621 3104 4426 0 5745 1167 121 9672 6612 9257 5021 7451 7340 3626 2450 9323 2250 4825 4558 3454 1722 1524 9034 9934 7458 5744 4478 3775 4972 5096 2591 4474 2611 3053 2826 7115 7742 6973 7219 1250 6129 5805 1298 2091 3192 9939 3215 3539 2113 198 3617 2614 9302 3783 5094 7982 821 8202 1205 6488 3015 559 9576 9023 5765 4428 8853 8107 5036 6963 9252 6726 7610 4093 6805 1711 5949 2280 7410 6882 9427 6644 6999 6900 3861 8924 4613
2584 9921 7463 179 8264 2739 7722 7810 4639 4258 4929 6910 2192 1131 7606 344 5745 0 5004 2713 9325 3683 5243 9070 7574 7768 320 2451 9897 2988 6724 7533 3046 1902 9634 606 3559 5312 8101 9743 9950 3990 3863 5005 9302 8132 1826 3945 1741 361 7067 987 1490 2239 7305 2520 3285 5694 2624 294 1149 6386 8341 4994 6766 6750 9904 9485 7499 9956 4471 5583 5449 429 402 4201 6103 6785 6939 8030 3252 6140 4678 8355 4010 3604 8992 9766 2345 7490 8133 4919 2188 7644 5015 6330 3189 1216 324 3950
7575 7036 2770 2075 9942 8538 1145 6830 941 955 5407 2542 4328 5360 4461 2588 1167 5004 0 1255 4072 4818 1365 8790 8282 2052 1289 6257 3705 150 2573 3589 3273 3795 912 5221 9507 8887 7615 6952 9388 8630 6944 7596 8108 9513 8750 3987 2327 6583 1861 2483 9729 9287 8492 8809 6218 5618 8069 3588 1756 947 2107 2134 6149 6182 4269 4658 2059 6108 4627 4650 2829 9972 8949 3076 4710 1050 8455 5421 3983 4435 2509 3986 3249 939 3513 3771 5244 7193 4248 2774 37 5534 6610 5592 8616 4335 3022 6534
1916 6371 5585 7017 2131 5458 62 231 6074 5808 233 7536 1197 4773 3992 5066 121 2713 1255 0 1065 159 9758 7013 4014 4484 8034 9415 1171 4020 8626 4369 1155 1273 2675 7270 6169 5406 5435 8036 2061 9078 1023 6904 7794 5280 4627 3471 9899 6434 4237 2911 6210 2242 6783 708 3374 3277 3968 2181 8904 8166 5990 3796 857 8928 2088 9584 1822 6075 1426 7475 6530 1923 2340 7106 7476 9437 4356 3723 8439 6369 7471 3604 6165 1492 132 3392 8131 4505 7030 5227 5920 7926 1726 4150 2607 1905 2484 6162
9670 9717 5489 7075 1191 9832 1179 2785 2371 3451 7423 595 8228 1750 2347 2918 9672 9325 4072 1065 0 7213 1870 8574 4303 6688 2769 5517 9417 5545 7194 1737 8870 3078 1208 5915 3097 2186 4214 8537 1275 6713 0 2059 1368 5603 9475 1504 1921 1809 942 7242 5783 3376 5221 8356 9899 2401 7412 1061 1914 2480 2394 3611 1354 1994 8014 9445 459 2692 8261 9425 2010 1397 5944 2834 2920 3140 365 1702 3248 2974 4685 6023 1949 1592 3441 9491 1210 9882 189 9253 7826 6594 255 7140 628 3944 93 5214
8684 7310 9564 3232 6379 4648 887 622 4896 4675 5881 9543 4462 7332 2880 1830 6612 3683 4818 159 7213 0 3876 412 1663 9244 414 934 6686 5431 4266 1759 7071 7622 778 3164 2976 2795 8491 7440 558 1143 8115 2725 2066 44 277 1310 9022 3572 3421 1651 901 2463 5885 8448 8889 9301 7971 4753 9210 9775 6563 9209 2689 9116 7156 724 507 9111 2358 6801 1684 9847 5609 7451 935 489 5842 1136 9692 3671 7390 8693 1317 2388 3220 186 1476 1472 4527 1722 8635 9261 5373 9053 6903 2062 9002 1604
9810 4312 1468 971 9308 1687 2360 4599 165 8172 2824 2400 6494 7488 2481 8547 9257 5243 1365 9758 1870 3876 0 1506 2021 179 2331 4958 41 4408 7985 3434 420 2935 8357 4994 4014 275 8263 3240 1952 4785 1366 2945 4563 7324 170 4856 4050 2428 3 1671 2220 2887 9247 4192 6519 5693 7990 4618 2489 9124 2991 7088 6419 76 8830 4258 1466 2143 1170 8060 3671 9702 3644 7077 7926 2453 2992 2789 2448 5375 5388 5757 1161 2409 2738 6148 760 8254 7050 9803 6115 7088 3507 8354 610 3909 3271 6558
910 2753 4728 8847 7926 352 5599 5597 3911 813 2012 9051 3983 1676 9631 9493 5021 9070 8790 7013 8574 412 1506 0 9780 3179 8130 35 2982 7672 7500 4018 6491 5272 3287 8147 1516 40 7366 9666 142 7400 4286 2482 3788 775 9556 7943 3187 835 3007 2453 1718 1029 9088 2924 3704 8008 974 9626 3272 9236 1634 8324 2894 7823 5770 6827 4459 6486 3658 4981 3600 683 8770 5348 7140 6639 7364 5354 1071 2899 1109 5215 7793 1774 2163 6849 6809 8568 714 1639 3439 4729 2749 5414 1715 6528 6787 2523
2236 4244 1545 103 6415 8516 3756 7109 3888 6048 2690 5450 884 8047 5955 7329 7451 7574 8282 4014 4303 1663 2021 9780 0 9313 3067 9776 3396 4100 1260 2200 1796 9371 5287 8605 8748 6096 5087 1409 2659 999 1452 3959 961 9212 1656 806 6303 9524 7412 4261 3537 46 2503 1145 1385 5200 6766 1577 5908 6204 5964 6311 8278 3158 9230 692 7657 4412 6938 3763 9625 5870 3415 9636 5642 5331 7467 7450 4998 4746 2060 8219 9102 1432 4969 2353 9835 4613 2418 7602 6750 2348 7849 9476 2817 6757 6813 3652
7150 9253 274 6002 4525 8712 6960 7936 9150 8028 2264 9419 3056 3994 8013 7999 7340 7768 2052 4484 6688 9244 179 3179 9313 0 2590 2939 4614 6775 9553 7384 5579 1943 329 5572 5870 866 3995 4136 1069 9670 8549 3541 7032 7074 1958 9466 8938 1693 7469 6399 4599 1126 2914 4563 4626 2384 8743 4661 6044 1060 3411 6329 1927 9632 2722 4526 660 3829 5406 1512 7839 2607 6811 151 9925 5838 9339 4293 3684 8009 9073 4101 429 2260 6812 2906 9592 8854 4570 2119 3080 7516 8320 2921 4206 2460 8879 1570
8562 8912 7927 465 8939 9730 8930 5560 6870 9403 7200 5684 3091 467 8021 2958 3626 320 1289 8034 2769 414 2331 8130 3067 2590 0 3705 7311 8712 1654 7026 2033 8466 3869 4302 5917 3771 7833 2027 8835 3900 1231 5927 7918 7526 6050 9401 1549 9749 7952 3796 5047 2271 6378 7875 4840 1632 3266 8018 6747 9338 5353 4537 3256 2777 5579 1548 280 5442 2732 977 9189 9581 9612 5408 4272 7639 6410 6952 5233 174 9071 2170 1929 2211 6437 2303 8593 2336 5096 9721 961 9460 4958 7005 2118 9755 5108 45
8374 6144 8184 2396 9730 6140 6766 7332 7183 1516 3992 3456 1396 714 6603 7104 2450 2451 6257 9415 5517 934 4958 35 9776 2939 3705 0 2758 4336 1012 2704 24 9926 1805 1480 4570 6797 217 2322 1534 4067 3728 9945 1455 7137 3687 181 1240 4035 1358 7490 4760 6935 1213 9583 3398 1262 7864 4751 2185 1763 6571 4240 7026 5969 9602 4732 346 9016 7731 5020 4339 5922 8256 5017 6668 1754 4540 2860 372 3277 379 1176 879 4633 6080 8321 1729 3795 2474 6981 8317 6644 328 1731 3431 6534 9426 3230
26 4656 5017 3661 2300 515 1609 9855 612 4730 7138 7188 8795 9434 2919 1632 9323 9897 3705 1171 9417 6686 41 2982 3396 4614 7311 2758 0 3169 5913 2791 1884 6395 385 1047 9416 6046 1944 6455 4107 5011 5341 6351 9337 2195 5776 8049 9554 3552 7175 7839 9638 3377 3257 1713 5455 1604 9970 2883 3921 6061 9793 1293 4576 9597 2939 3934 1761 2393 4974 544 1721 6006 233 1855 5973 5939 3043 5048 1319 8134 3505 400 8864 5195 6886 3885 4653 2573 7020 9300 5457 7968 3881 8072 4185 5137 3274 3569
4010 7991 266 6172 5342 4342 566 4672 775 3827 5553 2882 7426 6444 393 2024 2250 2988 150 4020 5545 5431 4408 7672 4100 6775 8712 4336 3169 0 6444 6989 2643 6835 2082 3992 6152 6042 8577 4703 1651 1191 8353 5093 5304 6204 3220 4231 4971 7411 7278 9042 9593 6238 5594 3009 5206 8558 705 9952 5544 6691 1005 9714 9740 4075 9064 1059 49 3576 3007 5093 4954 2609 3921 9665 7593 9296 6941 8905 3588 5857 6714 1254 9443 6963 6011 6266 7238 7199 7226 1732 6660 9597 5157 4762 5224 5610 7130 4974
5532 4024 5264 1703 2452 6970 170 5808 6472 8535 4955 27 5732 5444 6612 5260 4825 6724 2573 8626 7194 4266 7985 7500 1260 9553 1654 1012 5913 6444 0 625 6035 8890 4785 9376 3787 7899 5223 5646 1315 8896 7649 9010 3954 5279 1157 882 5228 6693 9193 8767 3065 2116 3791 5179 9262 880 4721 3308 2429 5380 1696 5672 7104 9883 2449 4169 8725 7931 6986 3648 3097 152 1972 7340 5719 646 9948 6790 1164 7931 3341 2432 9086 3340 5408 2188 6660 883 9043 4083 1710 4225 1733 1259 8720 7699 7880 1257
156 1630 8907 8371 9071 2875 722 2298 8263 7130 2641 9092 3726 6133 3537 6444 4558 7533 3589 4369 1737 1759 3434 4018 2200 7384 7026 2704 2791 6989 625 0 5807 3783 7915 9067 7180 829 4574 6588 3069 4027 6833 5894 9569 5934 9122 8312 3141 3013 5541 5324 8132 8506 5137 8917 7756 4290 2834 6466 1275 7917 303 139 8173 5678 990 5726 9771 8215 5127 9302 8545 6243 1777 7842 4916 3173 8983 4069 376 9529 4496 7941 6645 2999 9104 5392 7061 8393 5664 6048 653 9170 944 2199 3172 6761 1273 8178
5254 6885 5679 9675 5170 6039 8432 7213 2796 4350 8525 9290 617 2311 8409 4131 3454 3046 3273 1155 8870 7071 420 6491 1796 5579 2033 24 1884 2643 6035 5807 0 9926 1567 2463 2790 750 7452 7724 1072 2473 5573 8221 3700 6854 7753 5765 5418 2597 9211 3660 8091 5676 1533 1502 8126 1736 2187 1416 196 2338 6244 1478 382 2952 7829 5035 1688 1757 9522 3875 8265 9031 8804 9364 1984 8900 8515 7465 4489 7385 1150 1528 1386 4534 2744 6929 2799 5241 7410 5571 6111 9847 7578 609 2695 6069 105 5636
2606 1631 574 2858 8489 7700 5264 5647 8649 6407 8508 6530 5897 2983 6583 9109 1722 1902 3795 1273 3078 7622 2935 5272 9371 1943 8466 9926 6395 6835 8890 3783 9926 0 9660 8280 2841 1462 3634 5933 6504 2986 9438 9421 4336 864 6102 9864 7883 5922 8367 8378 9618 9326 1014 7105 3286 1000 1771 6418 9859 2503 8455 4513 9527 782 649 6453 6101 8745 8987 5335 7463 1125 296 184 1221 8447 7147 9412 2819 5095 597 1615 2200 1602 895 7486 5314 6743 5409 7720 2798 9242 1814 639 4411 3358 5328 5689
4644 5030 489 2076 3066 761 1737 5444 3385 4144 5949 2535 6565 6454 7255 3460 1524 9634 912 2675 1208 778 8357 3287 5287 329 3869 1805 385 2082 4785 7915 1567 9660 0 9298 6179 9974 3221 4807 8938 7044 594 7743 7951 8270 8838 1532 116 7777 7339 113 8163 7238 9479 7925 781 8759 4084 3493 5782 2628 2971 5245 8119 5003 5480 2925 8915 369 478 7475 1175 4018 2334 8507 1692 4160 4656 1064 8483 5666 6300 4425 9815 4462 845 3302 994 993 4086 333 1222 5286 4397 5028 3019 9426 2030 8877
900 2402 5271 7360 9443 6128 7413 3692 1834 5553 925 8965 6780 8220 4891 2274 9034 606 5221 7270 5915 3164 4994 8147 8605 5572 4302 1480 1047 3992 9376 9067 2463 8280 9298 0 3190 6312 4835 4396 8490 1787 178 6606 5199 5936 1110 4529 3494 6786 3410 5022 5950 4059 1737 3121 7910 800 1536 2861 3640 1675 9555 3666 2225 5332 4431 713 8714 7980 3158 707 2735 6806 957 113 4932 1753 5709 2889 1935 6126 7072 2090 7516 3071 9822 1118 7262 1961 5957 8003 8502 4311 2494 1925 8940 6059 6499 8931
5476 1128 8341 6928 7285 4356 2080 8031 4693 8108 5902 2651 1739 1382 9596 1059 9934 3559 9507 6169 3097 2976 4014 1516 8748 5870 5917 4570 9416 6152 3787 7180 2790 2841 6179 3190 0 6356 4289 2929 1591 2718 289 4373 5576 1596 6704 8875 5690 6802 9053 9428 6376 6507 2574 2597 2922 3693 7991 2414 9180 2511 2059 6555 9956 1866 1222 7339 5284 3675 3626 7620 6212 6066 7171 7044 2230 2310 2887 5580 7166 6362 7848 2482 1457 7235 9833 793 572 7687 1237 5829 8182 9949 6814 8983 7100 5614 6506 1530
3813 298 3088 6116 7336 2133 5301 351 4823 821 4566 214 4516 637 2250 6890 7458 5312 8887 5406 2186 2795 275 40 6096 866 3771 6797 6046 6042 7899 829 750 1462 9974 6312 6356 0 8741 2805 9864 5379 3524 4511 6361 5172 7051 8875 8283 6079 352 1903 84 9432 4445 8260 9178 99 4275 888 3070 5645 3560 9333 5349 2545 2524 1969 3198 7863 8587 130 747 7131 5152 1043 6529 851 6076 5129 8063 936 5785 2560 3623 4252 6326 656 4977 4100 1450 5814 753 2786 3204 9546 6286 4152 9178 2275
5084 6770 1170 8074 4425 9706 4694 8565 2036 6915 1861 757 8418 4557 4639 2571 5744 8101 7615 5435 4214 8491 8263 7366 5087 3995 7833 217 1944 8577 5223 4574 7452 3634 3221 4835 4289 8741 0 8194 2960 467 4924 2215 3061 9324 8395 2995 9868 6183 7864 8491 1369 7969 5565 3374 5373 1305 4243 5237 9587 6636 7654 678 7346 3575 6579 4827 5745 6645 3868 1549 832 7475 7356 2034 1720 63 2140 2751 848 7870 6551 9365 4236 3818 2228 7811 3993 3800 9022 2845 4900 261 5828 8712 6938 6959 6520 6245
7260 8682 588 8203 5249 8139 550 5905 545 4534 7795 3815 7035 1088 1129 8931 4478 9743 6952 8036 8537 7440 3240 9666 1409 4136 2027 2322 6455 4703 5646 6588 7724 5933 4807 4396 2929 2805 8194 0 9209 3635 8861 1362 2558 4140 3861 9956 9325 1473 519 3386 590 8985 979 9238 6371 117 3750 9257 7245 2553 7897 6602 5991 8276 3255 3799 814 3059 3065 1052 5651 8914 5576 1603 9851 4267 2167 9225 4078 9470 1573 7040 8350 4191 3052 9441 8275 6710 7795 1451 7459 2255 6102 1838 3195 668 2013 2395
52 6173 7311 5717 6866 1794 6288 9157 6232 9897 5840 3483 9537 5457 2159 6166 3775 9950 9388 2061 1275 558 1952 142 2659 1069 8835 1534 4107 1651 1315 3069 1072 6504 8938 8490 1591 9864 2960 9209 0 3233 3877 2300 2171 3515 3379 4864 1115 6306 3998 7601 2575 7181 9265 9112 799 9643 8780 3053 7088 3056 1455 8322 4013 2081 436 5536 466 3051 9746 9067 9672 8116 1698 1430 9175 1300 9137 4692 9447 4761 4708 9002 9013 8854 2154 6235 9851 7498 5585 5438 9512 8104 4025 363 371 1912 3139 8443
5030 2895 1166 549 3621 5130 9474 970 6798 5006 6123 2739 2082 1798 168 5684 4972 3990 8630 9078 6713 1143 4785 7400 999 9670 3900 4067 5011 1191 8896 4027 2473 2986 7044 1787 2718 5379 467 3635 3233 0 9998 2052 2716 8320 6768 3765 4895 3054 4382 7546 5397 420 9356 3451 877 4747 8974 7027 2161 3491 5575 5717 4721 8512 9414 7219 2501 3667 1501 3211 7413 426 2606 7453 1969 2167 3388 3943 5610 7435 6131 4477 8818 5402 1794 8761 2899 3994 131 6719 2697 1016 1092 8786 8329 6765 439 2730
962 9017 8157 2120 7586 456 6000 6749 302 6822 1979 3997 5104 7155 368 2388 5096 3863 6944 1023 0 8115 1366 4286 1452 8549 1231 3728 5341 8353 7649 6833 5573 9438 594 178 289 3524 4924 8861 3877 9998 0 3297 6916 3404 7800 394 6915 7879 6487 8460 910 2814 9423 4094 4639 9587 7395 6389 7460 19 7670 7212 5954 3833 7977 2494 4737 8575 5765 2110 2228 7661 1642 7301 1889 4432 6060 7794 9110 8154 8019 3316 6206 4890 9448 8040 2748 9799 2954 4032 7004 9060 1883 665 4704 9800 6399 3753
9470 6995 4435 9435 2005 6911 1772 6513 9674 9949 3554 7241 5959 9459 1782 7078 2591 5005 7596 6904 2059 2725 2945 2482 3959 3541 5927 9945 6351 5093 9010 5894 8221 9421 7743 6606 4373 4511 2215 1362 2300 2052 3297 0 4659 6548 6592 2639 6030 1049 1140 3552 8693 1979 5114 5000 6094 4240 2969 148 9579 5389 6475 5290 5347 638 8448 3554 8620 6915 5629 8395 7484 6063 5423 4440 5933 7991 4722 6715 4937 6145 8042 950 2925 4116 1545 846 3630 6565 2877 5940 4160 6045 1643 5467 8194 9149 1583 8747
5383 4393 8190 3544 5462 3886 4563 9689 4110 2128 8953 9350 2361 2959 4809 9169 4474 9302 8108 7794 1368 2066 4563 3788 961 7032 7918 1455 9337 5304 3954 9569 3700 4336 7951 5199 5576 6361 3061 2558 2171 2716 6916 4659 0 101 3905 610 1122 2786 4561 7690 5645 8839 7308 2764 2881 733 4609 5294 7000 6288 9317 6188 9893 2314 7133 4130 2888 8832 8083 7784 4159 8950 4964 3173 2893 8071 9785 1633 713 9329 6273 4961 9837 4009 7433 249 4534 502 3256 9877 2460 4426 6724 1843 1084 4826 4011 1620
2401 3954 9678 9766 7545 3838 9785 4944 7400 8532 8988 2219 2366 8950 788 8372 2611 8132 9513 5280 5603 44 7324 775 9212 7074 7526 7137 2195 6204 5279 5934 6854 864 8270 5936 1596 5172 9324 4140 3515 8320 3404 6548 101 0 8916 4149 9510 1697 2912 3649 7105 5819 8130 9028 5557 2508 7795 2819 5934 8678 3028 8557 8155 989 5793 3114 6103 7182 2802 5774 7035 6789 5331 246 2760 7421 8936 3864 5272 3844 825 7993 9401 7297 1480 5629 8754 2791 7016 9816 5261 7387 9482 7148 6607 7751 8399 4534
8928 2375 670 3855 1488 4352 4839 5353 768 4191 6692 4095 5711 6093 177 6756 3053 1826 8750 4627 9475 277 170 9556 1656 1958 6050 3687 5776 3220 1157 9122 7753 6102 8838 1110 6704 7051 8395 3861 3379 6768 7800 6592 3905 8916 0 3368 4070 9393 1867 512 4782 9061 79 1979 619 9468 7727 5521 2447 7219 9670 2433 9652 8167 3554 7747 7699 3969 4882 3249 670 8641 4149 5498 3730 4507 8524 7815 1530 8742 9239 968 4456 7647 7187 8395 8924 7802 1641 8871 249 1601 8543 7718 2447 712 7151 4099
5500 1945 8970 2723 8434 7512 2332 900 3700 2902 5264 382 5838 5970 7518 2441 2826 3945 3987 3471 1504 1310 4856 7943 806 9466 9401 181 8049 4231 882 8312 5765 9864 1532 4529 8875 8875 2995 9956 4864 3765 394 2639 610 4149 3368 0 730 4850 7662 160 4092 5093 1579 7412 7769 2727 9964 3759 3926 900 4529 171 1525 7915 6558 8166 5456 3762 2039 8173 985 242 9108 9053 1584 3422 239 1992 9515 4616 5385 8357 856 1547 5054 5366 1817 7523 4673 9454 9190 5240 7246 1496 8179 7093 7263 4538
779 5268 5440 4026 7146 858 5134 8390 4245 1049 218 1928 2806 7148 9192 4395 7115 1741 2327 9899 1921 9022 4050 3187 6303 8938 1549 1240 9554 4971 5228 3141 5418 7883 116 3494 5690 8283 9868 9325 1115 4895 6915 6030 1122 9510 4070 730 0 4474 3108 6937 4715 7399 8672 3157 9530 9024 4518 3194 7999 8620 8878 3063 6111 906 8319 6971 3339 4871 7311 1170 5857 9032 2057 4813 1686 1826 9191 4021 4070 6220 473 4693 1910 6307 8390 1783 3126 7683 8850 2063 9578 895 9275 5427 5370 7307 9243 7302
7262 4672 7792 8867 7384 4984 944 8311 5892 7662 1790 8917 546 9113 6501 8772 7742 361 6583 6434 1809 3572 2428 835 9524 1693 9749 4035 3552 7411 6693 3013 2597 5922 7777 6786 6802 6079 6183 1473 6306 3054 7879 1049 2786 1697 9393 4850 4474 0 9256 9132 6036 1482 5324 3927 1768 561 5847 5495 8263 9318 2946 9385 7047 6098 4534 5610 5106 5052 5257 5962 2291 5415 1628 3162 6074 8639 4017 5142 1159 8968 7934 4627 9208 8561 9287 748 5173 3861 3627 6850 9124 1187 4557 5119 8368 62 1324 7028
9984 5773 672 1178 11 4399 6650 1005 5727 5828 7336 8808 8574 5538 2522 7982 6973 7067 1861 4237 942 3421 3 3007 7412 7469 7952 1358 7175 7278 9193 5541 9211 8367 7339 3410 9053 352 7864 519 3998 4382 6487 1140 4561 2912 1867 7662 3108 9256 0 2222 5946 2231 1851 798 3504 1400 4057 5701 2283 6094 9225 9166 7604 8288 4525 4881 1464 5735 9149 3580 789 5879 8575 5244 2310 9348 1790 7767 9421 94 1007 2938 1840 111 2785 8445 7018 1230 2555 3536 1572 9224 6833 1062 428 8226 2154 2224
8246 1293 7803 8071 0 8139 9565 8173 7703 3983 5169 4907 1473 7082 8596 4619 7219 987 2483 2911 7242 1651 1671 2453 4261 6399 3796 7490 7839 9042 8767 5324 3660 8378 113 5022 9428 1903 8491 3386 7601 7546 8460 3552 7690 3649 512 160 6937 9132 2222 0 3151 2684 6738 8651 5333 1042 6329 5317 5701 3823 6176 2629 2116 1548 3850 9557 1377 2166 7196 338 6166 6404 6100 7057 9683 8187 9837 7452 2723 9835 1286 2950 2196 4277 1156 8896 5411 2042 2822 5437 3641 1500 2071 9216 5703 7866 7590 5227
2346 8478 7473 4470 6940 7350 2291 4531 7949 7132 3335 3274 6407 572 2866 601 1250 1490 9729 6210 5783 901 2220 1718 3537 4599 5047 4760 9638 9593 3065 8132 8091 9618 8163 5950 6376 84 1369 590 2575 5397 910 8693 5645 7105 4782 4092 4715 6036 5946 3151 0 9949 9585 6000 8461 7450 7826 9917 1066 6145 7145 7583 8642 5533 6436 3814 3516 6577 3675 1386 243 9554 712 4218 6788 3973 182 652 4077 9045 3096 7256 8349 9322 5812 3124 8749 9358 2550 198 7002 8446 5456 9037 7722 910 1748 8687
7108 6521 8824 6247 8286 8649 7659 779 34 4424 2214 2332 4779 2709 1393 7161 6129 2239 9287 2242 3376 2463 2887 1029 46 1126 2271 6935 3377 6238 2116 8506 5676 9326 7238 4059 6507 9432 7969 8985 7181 420 2814 1979 8839 5819 9061 5093 7399 1482 2231 2684 9949 0 2826 7142 1886 8874 3089 2977 619 6562 3309 3445 776 664 1940 5577 8134 9037 3769 3914 4770 3386 8047 6959 6504 1577 9839 123 6411 2720 4832 9270 9813 5752 8565 254 3337 6986 1587 9735 6826 3712 6948 8188 6309 8299 3188 2908
4302 2543 8884 3853 7437 3925 5396 382 7016 8001 3362 4860 8586 8978 4323 2333 5805 7305 8492 6783 5221 5885 9247 9088 2503 2914 6378 1213 3257 5594 3791 5137 1533 1014 9479 1737 2574 4445 5565 979 9265 9356 9423 5114 7308 8130 79 1579 8672 5324 1851 6738 9585 2826 0 868 2697 5162 9027 7834 8791 6616 4522 4405 537 5946 1473 5022 3767 9578 527 1697 5754 7567 3512 5917 9573 980 4699 7455 6894 4923 9415 9454 4549 4684 8814 7296 6197 9381 5768 7213 9823 311 1207 1906 4828 6675 1529 2579
6380 4725 1644 6606 5071 9352 43 1829 818 1887 5039 5640 7068 9750 767 5356 1298 2520 8809 708 8356 8448 4192 2924 1145 4563 7875 9583 1713 3009 5179 8917 1502 7105 7925 3121 2597 8260 3374 9238 9112 3451 4094 5000 2764 9028 1979 7412 3157 3927 798 8651 6000 7142 868 0 5200 2624 3289 8142 1521 8145 6498 2905 8042 363 7515 6854 2275 9538 7269 2738 6706 3265 7616 3333 8397 3895 9587 240 8136 3662 6960 1765 413 2210 2015 8810 4510 3955 1662 5622 121 3479 5559 9467 6279 6480 1858 3632
8020 4986 1584 3642 2902 236 1654 9530 258 432 4668 3453 5473 9536 5086 2263 2091 3285 6218 3374 9899 8889 6519 3704 1385 4626 4840 3398 5455 5206 9262 7756 8126 3286 781 7910 2922 9178 5373 6371 799 877 4639 6094 2881 5557 619 7769 9530 1768 3504 5333 8461 1886 2697 5200 0 4917 1066 3241 6301 8112 2438 7816 3976 88 2095 6771 4737 5289 5965 8473 672 1570 2954 7949 8320 9934 6796 3720 5031 7859 242 1357 1531 8837 470 4301 5996 9851 4757 2823 4420 7684 6121 9271 7762 9352 2215 9327
17 9580 7960 2389 3879 7636 5512 6349 2322 990 4746 14 28 5227 5941 130 3192 5694 5618 3277 2401 9301 5693 8008 5200 2384 1632 1262 1604 8558 880 4290 1736 1000 8759 800 3693 99 1305 117 9643 4747 9587 4240 733 2508 9468 2727 9024 561 1400 1042 7450 8874 5162 2624 4917 0 4489 6299 1654 1033 1997 9591 1769 6792 9390 848 524 7410 6119 5550 2560 2803 1607 3397 1474 1877 3334 3285 8650 6357 3955 8125 954 8163 9772 5240 8856 4111 4040 3503 228 9985 5589 5021 1084 714 4380 6451
1360 3204 3030 2204 7474 9020 276 1928 9709 6394 2496 7096 7540 5042 6398 1855 9939 2624 8069 3968 7412 7971 7990 974 6766 8743 3266 7864 9970 705 4721 2834 2187 1771 4084 1536 7991 4275 4243 3750 8780 8974 7395 2969 4609 7795 7727 9964 4518 5847 4057 6329 7826 3089 9027 3289 1066 4489 0 9137 9428 7207 5135 7578 9432 438 2840 3503 2448 2996 2958 6807 112 1424 102 6160 334 3881 3075 566 9472 5110 5207 2168 3005 2603 71 3754 4916 7973 6730 4842 8635 804 1829 5767 4452 8771 6756 3230
204 6422 6832 7652 1884 7054 7215 8098 6785 668 6046 4474 1829 3196 1539 4196 3215 294 3588 2181 1061 4753 4618 9626 1577 4661 8018 4751 2883 9952 3308 6466 1416 6418 3493 2861 2414 888 5237 9257 3053 7027 6389 148 5294 2819 5521 3759 3194 5495 5701 5317 9917 2977 7834 8142 3241 6299 9137 0 9876 7635 3801 9031 8159 6823 638 7068 2620 6914 3749 4220 7858 7654 1647 8750 5884 7401 5908 3337 973 9241 8158 132 7468 3133 5716 6903 3885 4722 168 300 7713 8611 9282 2384 1636 9271 7549 501
6207 8875 5805 5632 6105 4004 5813 3494 2971 9211 3160 3801 3971 8951 5133 7894 3539 1149 1756 8904 1914 9210 2489 3272 5908 6044 6747 2185 3921 5544 2429 1275 196 9859 5782 3640 9180 3070 9587 7245 7088 2161 7460 9579 7000 5934 2447 3926 7999 8263 2283 5701 1066 619 8791 1521 6301 1654 9428 9876 0 2226 2094 3795 405 1673 2179 1805 101 4932 1017 9056 1001 3043 164 9458 3162 158 9814 3159 28 3088 280 8197 7435 940 3850 3741 3552 3455 3586 327 2405 1502 5883 3163 2208 9290 5330 3585
5666 2098 3993 5529 7095 1198 7512 8671 3302 3362 1462 5508 7677 19 8684 4694 2113 6386 947 8166 2480 9775 9124 9236 6204 1060 9338 1763 6061 6691 5380 7917 2338 2503 2628 1675 2511 5645 6636 2553 3056 3491 19 5389 6288 8678 7219 900 8620 9318 6094 3823 6145 6562 6616 8145 8112 1033 7207 7635 2226 0 8673 1908 2534 1220 9425 1742 9025 4345 6452 6728 954 5415 1184 7444 286 5859 9010 3030 5449 9916 7819 8000 1752 2127 5487 2664 1253 1035 7519 8588 4712 7802 3858 6769 3691 1123 9885 8997
9385 6463 233 7070 7057 719 9166 9011 5537 3611 9730 7742 6392 3536 5174 5670 198 8341 2107 5990 2394 6563 2991 1634 5964 3411 5353 6571 9793 1005 1696 303 6244 8455 2971 9555 2059 3560 7654 7897 1455 5575 7670 6475 9317 3028 9670 4529 8878 2946 9225 6176 7145 3309 4522 6498 2438 1997 5135 3801 2094 8673 0 6206 6939 8794 9427 1832 2962 2937 3922 9253 5752 8084 513 1274 7849 5028 7375 1032 1070 7714 8030 9168 600 8270 1103 8986 9671 4348 3473 3265 9330 505 4081 4750 9358 5802 8359 6850
4491 2974 8355 2321 4460 8492 4961 3494 8708 494 363 4103 7420 6317 6528 9996 3617 4994 2134 3796 3611 9209 7088 8324 6311 6329 4537 4240 1293 9714 5672 139 1478 4513 5245 3666 6555 9333 678 6602 8322 5717 7212 5290 6188 8557 2433 171 3063 9385 9166 2629 7583 3445 4405 2905 7816 9591 7578 9031 3795 1908 6206 0 1683 8851 4222 6172 3198 3813 5684 6485 8930 5114 8376 9555 4818 3172 1881 1843 2705 9898 7852 5229 5793 8325 7821 780 1637 3749 3857 9797 6249 9699 8039 7043 7203 4935 1581 3461
5003 2526 9509 7890 4324 9259 2889 8279 78 911 1729 7093 6116 3088 3575 6991 2614 6766 6149 857 1354 2689 6419 2894 8278 1927 3256 7026 4576 9740 7104 8173 382 9527 8119 2225 9956 5349 7346 5991 4013 4721 5954 5347 9893 8155 9652 1525 6111 7047 7604 2116 8642 776 537 8042 3976 1769 9432 8159 405 2534 6939 1683 0 9145 3914 2699 7048 341 229 4012 4493 900 1429 5217 4223 6213 8448 1903 5507 6623 5046 2111 2276 4242 1334 6206 5949 3753 9958 3946 2254 3975 3324 3983 8413 2936 1734 5415
6389 1528 7289 7807 9684 1865 6139 9345 228 3531 9993 9021 2694 5682 7852 9045 9302 6750 6182 8928 1994 9116 76 7823 3158 9632 2777 5969 9597 4075 9883 5678 2952 782 5003 5332 1866 2545 3575 8276 2081 8512 3833 638 2314 989 8167 7915 906 6098 8288 1548 5533 664 5946 363 88 6792 438 6823 1673 1220 8794 8851 9145 0 5020 5599 1824 8849 2284 4671 7528 363 5441 9890 5077 2891 9599 4493 8330 6767 911 161 3969 8283 2766 7216 8619 6202 971 5176 943 9961 7420 2851 9481 3697 712 4512
525 209 5544 5831 9161 3938 8105 3705 5520 1403 8981 7042 9767 6680 253 98 3783 9904 4269 2088 8014 7156 8830 5770 9230 2722 5579 9602 2939 9064 2449 990 7829 649 5480 4431 1222 2524 6579 3255 436 9414 7977 8448 7133 5793 3554 6558 8319 4534 4525 3850 6436 1940 1473 7515 2095 9390 2840 638 2179 9425 9427 4222 3914 5020 0 4788 2889 8931 7823 697 9304 7840 6793 6171 6272 1740 7328 1222 8229 6726 6525 3478 5669 8062 7032 5753 456 613 1920 3420 2684 3564 3037 5766 521 4398 5403 4051
3556 3470 8044 2347 6236 2057 354 6538 2438 4664 2562 3347 2147 4639 6561 3295 5094 9485 4658 9584 9445 724 4258 6827 692 4526 1548 4732 3934 1059 4169 5726 5035 6453 2925 713 7339 1969 4827 3799 5536 7219 2494 3554 4130 3114 7747 8166 6971 5610 4881 9557 3814 5577 5022 6854 6771 848 3503 7068 1805 1742 1832 6172 2699 5599 4788 0 2823 5056 6163 6637 9082 4350 3742 9539 7799 3264 3375 5356 1937 2805 8608 7796 7613 7915 4259 5125 2537 5207 1930 3553 5635 2578 1650 8877 3346 373 1799 7644
5539 6500 5026 244 5776 5286 6926 1621 7190 214 8789 2258 5872 2718 5066 3539 7982 7499 2059 1822 459 507 1466 4459 7657 660 280 346 1761 49 8725 9771 1688 6101 8915 8714 5284 3198 5745 814 466 2501 4737 8620 2888 6103 7699 5456 3339 5106 1464 1377 3516 8134 3767 2275 4737 524 2448 2620 101 9025 2962 3198 7048 1824 2889 2823 0 3821 1158 6937 7901 3179 6021 1723 574 415 3900 7575 6869 4251 1348 1067 2436 7598 8050 963 7688 2361 6847 6954 7214 2005 903 1565 6843 2364 8228 2654
113 1163 9054 7309 8031 2643 9550 8664 6557 1767 2862 5863 2777 9022 2237 262 821 9956 6108 6075 2692 9111 2143 6486 4412 3829 5442 9016 2393 3576 7931 8215 1757 8745 369 7980 3675 7863 6645 3059 3051 3667 8575 6915 8832 7182 3969 3762 4871 5052 5735 2166 6577 9037 9578 9538 5289 7410 2996 6914 4932 4345 2937 3813 341 8849 8931 5056 3821 0 8961 6239 6598 1328 882 9672 6485 5636 6560 1184 8626 6272 6430 5684 6300 270 1075 3981 9373 5918 4805 3761 432 5570 5356 6317 5405 7897 6583 2376
7135 9851 6178 3755 640 1478 8195 5966 6155 4127 2269 9317 7664 8298 5933 5526 8202 4471 4627 1426 8261 2358 1170 3658 6938 5406 2732 7731 4974 3007 6986 5127 9522 8987 478 3158 3626 8587 3868 3065 9746 1501 5765 5629 8083 2802 4882 2039 7311 5257 9149 7196 3675 3769 527 7269 5965 6119 2958 3749 1017 6452 3922 5684 229 2284 7823 6163 1158 8961 0 8010 3160 4197 8290 1997 6289 6897 7529 4774 1317 8240 670 2903 8754 414 4954 2171 4214 7384 9359 5243 3663 3253 4138 1405 4451 9304 1137 5907
345 9856 1983 1911 9161 4796 4906 5143 8952 1302 6315 8054 1916 5335 7441 7516 1205 5583 4650 7475 9425 6801 8060 4981 3763 1512 977 5020 544 5093 3648 9302 3875 5335 7475 707 7620 130 1549 1052 9067 3211 2110 8395 7784 5774 3249 8173 1170 5962 3580 338 1386 3914 1697 2738 8473 5550 6807 4220 9056 6728 9253 6485 4012 4671 697 6637 6937 6239 8010 0 1163 6502 4430 8770 3332 6503 8957 8084 6933 8674 2583 8708 2423 3024 6735 4216 2118 4970 3907 8538 8516 5479 1536 8446 4002 1910 4242 1767
3275 5072 3796 5554 3318 2007 6172 2208 4557 3005 9282 8808 9937 4515 4297 7868 6488 5449 2829 6530 2010 1684 3671 3600 9625 7839 9189 4339 1721 4954 3097 8545 8265 7463 1175 2735 6212 747 832 5651 9672 7413 2228 7484 4159 7035 670 985 5857 2291 789 6166 243 4770 5754 6706 672 2560 112 7858 1001 954 5752 8930 4493 7528 9304 9082 7901 6598 3160 1163 0 5050 4855 9301 150 1887 8250 3391 3814 1698 2104 7204 2928 6815 29 6966 7321 8804 8287 2569 9640 6540 6134 3796 6248 1319 7368 4347
6242 9015 4584 9328 4158 6216 5961 787 1568 9484 3678 2160 5004 6751 7819 9451 3015 429 9972 1923 1397 9847 9702 683 5870 2607 9581 5922 6006 2609 152 6243 9031 1125 4018 6806 6066 7131 7475 8914 8116 426 7661 6063 8950 6789 8641 242 9032 5415 5879 6404 9554 3386 7567 3265 1570 2803 1424 7654 3043 5415 8084 5114 900 363 7840 4350 3179 1328 4197 6502 5050 0 2580 5954 6742 9793 8373 7381 853 450 8633 9664 4576 6321 6776 312 7538 8300 4384 5408 2129 2130 7893 4341 202 7484 5405 9453
3621 4416 6710 3674 3972 8090 9528 574 5196 7909 4296 5288 1084 8002 5163 8635 559 402 8949 2340 5944 5609 3644 8770 3415 6811 9612 8256 233 3921 1972 1777 8804 296 2334 957 7171 5152 7356 5576 1698 2606 1642 5423 4964 5331 4149 9108 2057 1628 8575 6100 712 8047 3512 7616 2954 1607 102 1647 164 1184 513 8376 1429 5441 6793 3742 6021 882 8290 4430 4855 2580 0 8296 6592 5573 8364 2094 1727 7766 958 3499 7366 4486 9297 9157 6826 1193 3051 4175 344 3124 4877 9736 4513 3944 2905 2976
4239 3449 1300 2256 6649 7682 8166 5250 2871 2748 5545 2999 4692 5124 4196 6246 9576 4201 3076 7106 2834 7451 7077 5348 9636 151 5408 5017 1855 9665 7340 7842 9364 184 8507 113 7044 1043 2034 1603 1430 7453 7301 4440 3173 246 5498 9053 4813 3162 5244 7057 4218 6959 5917 3333 7949 3397 6160 8750 9458 7444 1274 9555 5217 9890 6171 9539 1723 9672 1997 8770 9301 5954 8296 0 6146 1788 6869 7858 9436 9076 9138 6620 6377 7824 4245 9262 3428 2817 749 5999 3950 7374 763 4455 3478 5242 4237 4908
9202 5523 4711 3157 7112 1877 3062 394 2968 8431 9123 2529 454 4226 6546 9866 9023 6103 4710 7476 2920 935 7926 7140 5642 9925 4272 6668 5973 7593 5719 4916 1984 1221 1692 4932 2230 6529 1720 9851 9175 1969 1889 5933 2893 2760 3730 1584 1686 6074 2310 9683 6788 6504 9573 8397 8320 1474 334 5884 3162 286 7849 4818 4223 5077 6272 7799 574 6485 6289 3332 150 6742 6592 6146 0 8844 6194 952 1598 8230 7630 8039 8989 2113 7025 3381 3787 8848 4690 2369 2897 6834 7356 3007 2972 2619 4219 5319
3957 4759 8850 520 6363 3945 6509 932 2797 6007 498 9518 8935 3598 5959 6506 5765 6785 1050 9437 3140 489 2453 6639 5331 5838 7639 1754 5939 9296 646 3173 8900 8447 4160 1753 2310 851 63 4267 1300 2167 4432 7991 8071 7421 4507 3422 1826 8639 9348 8187 3973 1577 980 3895 9934 1877 3881 7401 158 5859 5028 3172 6213 2891 1740 3264 415 5636 6897 6503 1887 9793 5573 1788 8844 0 9901 5512 9159 9800 241 9692 5806 9349 6657 9523 8877 4700 9534 1482 9033 7424 3339 4541 8380 3539 280 7194
1967 1941 8814 8438 4417 9907 2320 6606 2571 6658 3933 2628 7057 4413 1596 9727 4428 6939 8455 4356 365 5842 2992 7364 7467 9339 6410 4540 3043 6941 9948 8983 8515 7147 4656 5709 2887 6076 2140 2167 9137 3388 6060 4722 9785 8936 8524 239 9191 4017 1790 9837 182 9839 4699 9587 6796 3334 3075 5908 9814 9010 7375 1881 8448 9599 7328 3375 3900 6560 7529 8957 8250 8373 8364 6869 6194 9901 0 5306 3635 2306 6523 9339 308 6361 7561 8805 9618 5096 5635 5289 4921 8441 7123 2918 2102 116 2131 9544
7436 7397 2103 4492 3875 2051 265 3145 2803 1367 3987 8586 3185 5081 5560 3213 8853 8030 5421 3723 1702 1136 2789 5354 7450 4293 6952 2860 5048 8905 6790 4069 7465 9412 1064 2889 5580 5129 2751 9225 4692 3943 7794 6715 1633 3864 7815 1992 4021 5142 7767 7452 652 123 7455 240 3720 3285 566 3337 3159 3030 1032 1843 1903 4493 1222 5356 7575 1184 4774 8084 3391 7381 2094 7858 952 5512 5306 0 6082 660 584 3225 1339 5804 1247 163 2485 2773 3365 8611 7797 5027 7997 943 8547 6498 2740 2567
6767 95 3142 871 3313 5113 6847 1826 6900 721 7182 4934 5980 9112 6895 6920 8107 3252 3983 8439 3248 9692 2448 1071 4998 3684 5233 372 1319 3588 1164 376 4489 2819 8483 1935 7166 8063 848 4078 9447 5610 9110 4937 713 5272 1530 9515 4070 1159 9421 2723 4077 6411 6894 8136 5031 8650 9472 973 28 5449 1070 2705 5507 8330 8229 1937 6869 8626 1317 6933 3814 853 1727 9436 1598 9159 3635 6082 0 4205 460 9717 3584 7570 3273 9140 9796 1286 8108 3389 7841 2673 4618 8039 9517 7066 1679 3100
3488 6631 5810 353 5118 6333 6585 6673 2052 8107 807 9978 5175 3030 783 5384 5036 6140 4435 6369 2974 3671 5375 2899 4746 8009 174 3277 8134 5857 7931 9529 7385 5095 5666 6126 6362 936 7870 9470 4761 7435 8154 6145 9329 3844 8742 4616 6220 8968 94 9835 9045 2720 4923 3662 7859 6357 5110 9241 3088 9916 7714 9898 6623 6767 6726 2805 4251 6272 8240 8674 1698 450 7766 9076 8230 9800 2306 660 4205 0 4195 365 2732 1965 3462 684 2769 882 1336 3264 2167 8783 5048 3056 9610 5773 6712 8425
