250
0 1983 2277 4991 3151 3285 1326 1771 4112 6757 4924 7188 4034 8155 191 8068 2845 7586 6091 954 9076 8419 7389 3317 4520 4489 7344 5209 3780 9299 1637 2415 3882 4942 1706 5998 711 2780 5544 6004 3834 4472 1053 3635 2766 1873 1902 2235 4235 756 2614 1084 5474 5072 8995 6486 1081 8322 1729 8775 2100 8874 3747 8636 3797 4153 2736 5426 7628 6405 6896 6759 3663 8312 6332 9206 9376 1878 163 9106 7140 9672 9134 9041 8870 7307 5997 8881 3674 5699 4982 6715 1976 4741 2759 1353 2539 8043 7764 7227 8705 3797 9989 9549 5222 4407 3866 4230 986 8290 7519 853 8230 9607 7982 2393 7783 883 7542 2036 5531 8256 4824 8471 7826 7793 3878 1403 3399 6892 1785 2048 4247 402 4609 3176 6254 8557 2389 3447 9906 2169 3683 7845 766 8907 212 4555 1572 9825 2611 1508 3884 6698 6646 4184 3044 4438 7275 9486 7499 6183 6193 1168 3688 1452 4757 3582 7820 2569 9505 2461 783 9464 3733 8180 7196 4008 1546 7746 3276 6128 3991 4495 9049 8289 871 1465 912 6803 9273 3216 1439 3870 4292 2105 6037 924 2087 8071 6855 7576 6383 8805 2174 8027 9163 7470 9175 1785 1130 5178 2282 6607 8070 4565 9041 39 7510 5153 9078 3128 241 2986 3622 23 7677 6584 5629 7796 640 3897 2033 4374 2680 909 4261 5043 160 5175 5274 9469 9331 6032 2381 4614 6901 4155 5643 6217
1983 0 7814 9087 4595 2993 5470 7386 1104 7943 7911 5683 1122 324 7944 6866 364 8396 7862 8864 2946 3549 113 7421 8085 8230 5477 5016 3004 2895 601 5261 558 7299 9675 8885 6658 8792 8040 5202 6509 2511 2125 5089 6340 8397 494 1373 4297 2935 7144 7011 7721 9036 6219 1098 8964 5699 2086 9596 5589 8315 9477 2927 498 733 9009 8022 6958 8168 8916 8513 7519 2181 6744 6123 3375 4055 8252 6903 286 3978 8123 957 3573 5786 4049 7175 4048 9351 2190 598 9562 4961 4471 2631 7419 4025 1454 3959 3025 4073 8057 2108 4023 382 5844 2082 7609 7097 8253 785 1071 4138 841 8296 1064 2681 3363 1974 331 8581 3069 25 7356 3702 5931 5290 6548 4295 546 5559 2845 3191 4091 2415 2460 6939 2259 480 996 2984 1318 9042 4796 6758 7968 5471 9434 635 2202 6817 7797 3461 1373 5091 1569 4084 6421 1659 7438 1465 715 2151 2389 8200 1959 7695 4622 4544 7228 337 5520 321 2712 4398 2425 4152 3620 5204 6639 2524 9001 2805 8355 3111 4421 4542 3568 8907 591 9864 7164 3625 616 1334 8277 7764 4296 6778 3740 8083 8509 402 5801 6210 4067 7741 9878 9095 3327 2560 968 3623 6422 6668 9213 3859 8179 7476 8102 9772 4765 9845 8321 4964 3970 7283 8543 746 4960 1018 2831 2899 3895 3013 4671 3154 3085 3215 4466 564 7107 3453 2847 1868 7712 7950 1703 5684
2277 7814 0 2005 4374 2248 1755 7176 4206 3145 8654 9728 4995 9166 3752 1666 4442 8192 1530 2751 6245 5738 9416 7852 8191 355 8905 3657 3344 7423 8877 6752 1136 4701 5902 651 4147 2104 1771 8946 8155 5002 5440 9340 2914 8388 7635 773 5294 4817 2748 1409 6705 401 6982 8002 2247 3304 3370 385 1498 5822 7607 3596 7937 4623 3527 8401 2444 2160 4582 4612 5617 7287 2692 8229 4401 9617 6945 6049 5578 1567 7876 8246 3362 389 1 9849 8181 5000 1790 5441 4613 8711 6366 8054 4736 5581 721 9263 9559 8992 5637 4049 7579 3274 410 1102 1305 3334 6264 7833 2453 6001 6421 1645 1399 6684 9037 4365 8578 1094 9668 2769 5942 2490 6278 5948 1421 4746 1989 5602 556 8805 5032 8048 47 1620 6478 641 8202 6845 4600 1572 5877 5150 6496 8768 5563 5823 311 460 1525 9043 1207 4943 6743 8496 2169 9387 5012 3436 6008 15 7183 5288 9428 7319 4139 6991 7703 9467 1427 2129 9443 3943 96 2836 4052 978 877 5570 8336 7901 6644 366 4280 3273 6812 2686 8337 2202 3197 7136 6437 5526 2283 9324 1542 3222 8994 4334 7519 7164 6100 1564 9264 6661 6614 5810 6254 1304 4040 1484 6867 3762 8241 1441 7798 7355 2231 5867 8436 7295 1882 5699 4284 7854 6027 3379 9749 2023 9105 9537 2994 5198 7571 9806 7311 3821 7803 3667 434 6628 8497 6490 4159 9135 1791 9524
4991 9087 2005 0 265 8245 954 8564 3 239 5526 7809 8276 2414 1213 5198 6568 8554 6128 2250 5802 7416 7288 8244 9697 2902 2968 4865 7080 5689 3916 5010 1647 8460 3144 5236 3669 9543 801 4263 359 3088 6860 4674 7756 7168 4425 9446 5846 5597 1598 3431 4617 7149 7460 1527 3233 3141 9112 9676 7381 6636 5256 662 5338 7051 1858 8075 1528 186 1070 6763 7648 8736 9946 2235 15 7447 4513 1162 9287 1927 3686 1577 9155 3810 8801 4547 1213 6251 8028 6249 4983 6112 5980 2300 1127 6748 4973 5678 5798 1081 9749 4787 2792 892 9669 9430 8766 5062 2324 5361 1477 2330 1404 3994 115 1415 5887 2355 6526 6665 3146 399 5746 9957 8351 5264 8488 9728 4427 1287 749 6839 3054 2402 3350 6924 3774 2899 5166 3892 7301 4750 8493 4198 4529 8135 67 7950 2456 5411 3513 1871 2283 6311 6682 2814 3818 2566 7393 4821 1089 992 6102 7767 7458 9273 2505 5493 8743 7661 9443 4472 8837 5424 3115 805 7194 5890 3631 1025 2674 2398 6022 8108 7146 4294 8374 3266 5029 6219 2316 9467 9972 2409 5713 9691 8567 5427 381 7743 6635 1456 2920 2753 4010 2136 6481 7059 436 6407 7713 6425 6045 7808 1468 3583 8578 7349 8942 3793 1370 8431 442 3049 3020 3596 834 3213 7491 7930 9248 9156 206 1875 7841 8072 4943 919 2928 6850 8130 6430 2458 9439 7443 8150 3637 3021
3151 4595 4374 265 0 5066 5828 2776 9571 9319 1160 3715 5093 5507 5291 9800 6331 5719 4980 8602 6928 8505 2354 4279 9609 1032 6218 1613 4729 9492 1802 9343 8468 4452 1714 5840 8964 6316 5940 8439 7776 6243 5602 2138 4013 8743 1058 4649 27 6009 8161 826 6147 473 1059 3243 8285 8703 1398 4839 1522 949 95 6782 5823 1166 7596 7491 9598 3602 7863 2015 1397 5457 7889 2555 2956 2061 359 5314 3350 6301 2642 8269 8381 195 8983 1779 2763 1315 3231 1777 6173 216 4601 4504 4943 4747 91 8470 9030 1315 366 8954 5246 2610 8567 9681 2190 1189 9218 5698 4625 7338 4982 8382 9644 8944 5084 7107 3398 8830 7357 5800 952 8045 8236 8786 8573 8609 3421 3102 5861 2452 4710 4299 6059 8369 3869 5434 373 2688 4563 5609 4206 4812 8607 5211 8868 9457 7742 6462 4116 9940 5448 9105 2572 3048 979 9989 4115 3949 7820 6003 4690 2237 2394 1586 1543 8188 4114 1794 8903 736 2257 6786 1082 9480 412 7626 300 6797 5544 9455 8232 5833 7854 536 2092 3764 6940 4904 727 1965 2946 4782 2442 2093 116 7056 3981 756 3916 194 6003 7870 9539 3016 3611 140 7915 1048 2625 8940 6716 5882 2018 3235 3282 5469 3005 4531 2534 1767 9094 350 5522 145 6082 1802 1326 8080 9885 7734 678 5061 7636 2508 7735 7945 3644 1771 4570 7199 8838 4618 4901 4667 6254 2612
3285 2993 2248 8245 5066 0 7728 186 6790 4957 1795 5874 2279 3111 539 3248 2558 8792 9798 3796 6673 1361 1014 8000 8988 2163 6507 1905 2406 3199 1196 7785 6498 6892 6643 2694 35 3689 8959 2874 5588 9418 8209 9261 8232 6541 7542 7115 4770 8236 885 9031 2178 6999 2559 8356 7299 8206 7669 9574 4644 6514 904 9563 8576 4823 4399 5072 1327 20 1811 9748 2757 9483 9195 5437 7341 5908 2537 5938 9355 4183 8563 8342 7120 643 6783 3171 6452 4617 8688 8017 901 6110 3693 9903 1681 3755 1307 3655 5168 1047 3759 6045 2454 7173 1363 6975 3293 9859 4903 6780 5546 4539 3761 8285 1492 6236 2600 6351 1807 1522 132 172 5400 1812 5924 2808 1457 3325 1463 5802 835 2050 3145 2732 3778 6185 4672 6729 4363 3350 9646 6638 919 3508 7908 2043 7965 2962 9841 8168 5265 4218 1143 1483 4641 9020 9905 4567 6871 3075 7386 7114 5539 1786 1015 314 8185 9500 3872 2478 2835 4778 8346 9831 2890 4919 7294 7623 993 4412 5235 8573 3779 5699 6934 7161 1398 9108 2347 7647 5198 9385 6561 9365 2305 4395 3845 4472 9553 1527 3195 2005 5522 4377 179 2881 2135 2179 1776 1771 5277 6696 848 9380 5082 5990 96 7455 3946 2038 7921 5795 8235 3928 1726 8621 7057 526 7697 8541 9565 6527 7581 7170 8932 1792 7314 8574 2957 1 7470 6811 1888 2460 3238 7943 7101 6123
1326 5470 1755 954 5828 7728 0 9696 6807 5759 6006 2057 831 1518 9409 417 1320 8759 4684 427 2475 1896 8617 9946 8170 1716 1712 1682 4606 7865 3994 3754 7145 7231 9175 2289 1873 9031 4567 9529 3806 7800 2202 3727 8010 8088 9724 5536 241 2281 5012 6780 2265 8024 7963 7571 6096 6010 6857 8516 3222 9914 3166 5554 8242 4128 706 3643 6531 4384 9089 3350 1221 4068 3385 9743 6010 7928 851 806 1979 7169 912 7485 764 4124 540 7272 3668 6922 5461 2704 4804 9013 3521 2812 3878 7684 7892 6877 1699 377 5727 246 8015 799 3366 7901 7532 6665 3840 1813 817 9823 2439 2918 1484 9400 9018 7597 6483 5823 8185 5641 4203 5822 7895 3097 4579 7487 2386 5092 2695 8808 2709 6444 2275 3464 7368 3319 8492 5479 5789 8817 3274 2785 1000 5289 7939 5330 2711 8135 2375 5009 4337 35 1570 99 9605 5295 1594 2642 1676 302 3105 9334 1070 1409 8830 3414 9257 9245 7178 7973 9864 2015 5597 7143 6035 2468 1152 8577 2940 6207 9407 2842 8249 6320 9957 1582 1075 3666 3077 3480 9328 5095 6359 745 7604 9282 2234 5379 6286 2477 3204 2727 3373 183 4004 9699 9913 9131 1053 5649 8015 3706 9387 6418 1397 6870 6636 2328 7398 4215 3333 3587 9249 4649 2561 8460 5778 1220 7611 69 3876 2208 2673 6665 4696 3279 5890 9308 5484 3477 2947 8637 3797 5207 4589 3642
1771 7386 7176 8564 2776 186 9696 0 8991 2735 9306 357 8253 2892 7275 6789 4511 2651 3060 6320 6465 8291 7871 9214 8650 3111 7132 928 9850 143 5940 7468 3335 4779 7592 2769 3079 4099 3762 2173 1572 942 5782 7849 3737 4498 9897 3473 5886 3485 5477 8165 3276 4809 5324 8605 6310 8506 2281 6361 6434 8348 6474 1481 7516 8726 1079 9857 88 6063 4877 648 3779 5317 5768 5675 4720 7912 8933 1450 8607 3447 8863 239 3323 6681 8466 1489 8561 4468 8512 446 4200 1431 3290 80 7588 5847 4327 5002 4634 5658 6451 1896 8169 262 4770 9279 46 3179 5400 3994 2314 9085 8283 8953 8304 6861 1168 1248 3308 5804 2551 6481 4167 7541 3116 5228 4803 7602 9696 7190 7394 3487 791 2298 71 6049 3564 8112 6053 3766 1779 4325 5745 1304 4151 7347 1970 3477 9210 1858 4897 9590 6593 4243 7766 3341 2733 8996 6170 7999 5401 6594 2384 6013 5957 2210 2393 8230 5032 7031 3551 6302 9791 1206 609 6234 4857 3016 4942 6578 27 4171 7812 9804 1285 4517 4696 2928 6503 7872 2186 1538 8400 6538 7207 1215 339 6780 8819 4020 4401 8179 357 6537 8067 3822 4662 5425 7304 814 3174 4943 3462 4152 130 4969 8990 7908 2514 1426 4214 7677 2502 454 5699 3076 9429 3232 2349 9333 5192 7232 3465 1286 583 902 3166 5614 3640 5304 6177 5977 1088 3481 3754 5887 8876 4109
4112 1104 4206 3 9571 6790 6807 8991 0 4721 9312 4502 5227 2980 425 3622 4455 2170 5329 9547 8396 2917 8212 1901 5713 8941 5489 8703 1460 9033 3682 778 2946 5500 5388 3705 5698 3809 7341 9086 9705 7554 7499 3455 3318 9792 2943 466 9284 9768 4851 2100 3078 179 1525 6187 7205 2902 3651 4591 1865 5017 9624 5774 2621 7033 6665 141 471 3590 9441 2397 5983 340 8523 1118 712 4775 7809 3286 8770 9707 7016 5933 6491 5863 6139 3991 5999 1184 1054 5508 8268 8068 2409 125 7631 8383 8087 6674 3348 3260 7397 7444 3673 1222 323 2901 1714 4845 3214 647 1224 8412 9495 8949 6283 618 3119 4447 1418 3760 7742 3977 9457 8900 2846 6778 2358 3087 7701 2053 8142 1193 7956 6256 9656 3941 2394 2231 2138 3015 1415 1770 255 7582 7133 1805 8086 2542 147 1179 6304 4547 2188 8094 4036 9223 6317 478 5450 955 1206 6758 9153 7762 4084 76 4088 5921 583 6875 3472 6887 8300 236 6136 9237 9570 2100 6873 8243 5688 2883 6220 3412 4143 1885 5183 7358 2845 8895 8549 2457 2075 4845 60 5623 653 366 4154 3903 7387 9836 7160 4774 423 7021 8431 9662 9910 7280 8675 4435 5595 5708 9347 7203 3371 5721 921 9553 5679 3956 3548 7602 7942 1363 9475 2820 7600 1105 4770 7650 7779 2650 2473 4678 2797 9336 3423 3492 9231 6962 1860 44 6623 6265 1673 3632
6757 7943 3145 239 9319 4957 5759 2735 4721 0 578 8815 7920 1423 8911 396 2443 468 6198 3187 5245 4961 8691 7273 9729 3861 3652 6770 3538 3675 7523 6113 4139 9763 9180 8251 4185 7999 6887 645 1407 98 1563 3539 4167 6969 8096 7666 1047 1806 8395 3021 5972 440 175 5549 6385 5773 6787 8558 7417 9263 2418 5508 6823 7883 5099 2684 4023 8894 6174 991 9985 622 9161 4188 7189 4671 7233 9152 6062 7328 4735 6570 2068 8859 158 969 1300 289 7713 6699 8352 9770 6658 3709 7069 7433 7636 6289 3120 577 3371 5068 9118 6236 7319 4065 4095 1538 2506 6914 6312 8906 6370 2312 2851 384 5659 3872 1582 2035 8717 3791 6317 8492 8342 88 2465 8566 6631 9390 5808 5428 678 5248 8597 9593 4170 4053 6316 4216 5996 3429 3922 3568 9706 3398 1574 3512 916 6006 499 5039 800 7320 6991 730 9333 4769 99 6518 5255 1251 3426 9478 103 6871 958 5407 9511 4425 1954 8910 1998 2452 921 9458 5 4222 7267 2394 1046 9987 2207 9654 1192 3671 1546 5449 8558 4263 8514 3141 8411 6557 8722 7783 3639 3360 5148 1978 3206 6463 8362 9585 9208 3424 5252 5130 8654 4947 6130 4598 3753 6724 9354 7592 9022 2927 5430 2726 1240 6878 1140 6453 1997 9550 906 2412 1302 8486 9465 9317 5373 86 8364 7097 688 7697 6781 2310 3889 2227 3961 6924 6845 2892 8074 9003
4924 7911 8654 5526 1160 1795 6006 9306 9312 578 0 9173 7459 7139 107 1670 8683 6971 5704 3157 6857 6450 8863 1382 2785 7919 7657 1535 4057 8256 2678 3323 2926 913 2302 2665 778 4505 2839 9730 8273 6367 342 624 9299 2942 9247 60 787 9724 9490 3660 3488 7553 996 7591 8413 452 8434 5258 9293 3255 7757 3143 7743 4699 496 888 2129 7943 1171 9220 3965 5088 404 6571 3306 5241 3861 3263 665 214 7286 8674 9473 6652 6037 9735 1556 7495 3458 278 9525 7174 3090 7254 6924 4181 9790 6921 7920 1356 7284 2826 6368 4053 9975 3119 4226 971 5496 716 403 9619 6536 1957 4019 8696 3083 4695 541 903 6501 291 1831 4575 7653 2211 493 5010 7842 9682 7484 7114 1765 7327 1817 9319 9872 5335 6507 5708 2734 9112 119 919 1770 9068 1814 3808 5191 9344 9891 8381 7333 3408 555 7517 4343 6562 1551 1505 6328 599 6533 8587 3636 9743 119 3565 720 721 461 7521 8789 1973 4524 9673 1172 953 6107 9152 7245 9674 128 5517 6665 7326 8042 7705 9367 6785 6927 1578 9232 6648 5361 1808 7730 7327 3577 1126 6845 3041 5908 8574 5599 1058 5829 2157 5921 6292 1 5314 1296 2794 1549 2556 2955 8734 982 2738 328 3344 6916 72 4748 2162 2988 3318 8486 5837 7227 8054 9653 6354 3688 3911 5122 1719 4965 6646 3468 719 9449 1443 6574 199 7273 4331
7188 5683 9728 7809 3715 5874 2057 357 4502 8815 9173 0 9887 2700 2192 9394 3096 7982 4283 8289 8129 4978 2717 5966 3868 9230 7514 2538 8223 9272 4771 5689 3423 8085 6503 1884 2685 1853 4790 734 7212 2577 6912 2867 9230 1888 3271 5573 3973 980 4238 8951 4311 2573 2829 7469 2560 8274 51 5801 9569 8894 8729 5806 8704 2983 7769 5793 7800 5115 8391 877 1963 9520 9700 5669 2227 6216 3918 3934 1958 9278 8776 6171 8527 377 5203 9581 4043 8900 3425 481 5399 3705 4303 4180 799 9750 2773 4231 4833 405 6665 3320 7183 7870 7798 978 2354 9296 4322 5066 8496 3462 7109 7119 6033 4654 8750 2230 3918 354 8553 2922 5011 9319 1469 1426 3268 5504 4303 4276 6763 9384 1642 4370 6153 3147 2446 8845 4991 9896 6800 1082 1311 6313 9981 8041 7575 9511 7721 978 4485 4481 9058 7266 7117 860 9887 251 5033 414 1089 2198 7912 5781 7277 2941 268 7362 282 2518 2084 6256 4593 4309 6549 3846 4515 479 5858 4085 9523 8996 4493 7705 3541 5358 569 5887 587 5134 7131 850 694 7244 8288 8628 6345 7907 6940 5319 9757 3916 170 6177 3431 1320 7875 164 7451 9899 6564 3634 5966 4323 4858 9160 7165 3923 8236 4320 654 8802 1139 5041 5774 3137 223 2688 8324 4206 5264 8203 6463 7747 106 755 3505 893 8982 745 5210 5999 4900 7890 9092 2821 6008 3723
4034 1122 4995 8276 5093 2279 831 8253 5227 7920 7459 9887 0 317 9583 5564 8357 3509 8255 6266 9570 7987 831 149 7439 8199 3156 4871 2566 7822 4353 4411 5397 2261 9787 1366 1813 906 6132 6640 8199 7627 8205 3875 9555 3483 1999 9758 7343 9420 5978 8627 600 1479 4020 9723 3638 210 9072 9735 6427 2267 8669 9058 9550 632 4410 8264 5553 2578 8857 2760 5835 8800 7415 7734 4723 6759 8782 4999 1801 4945 9199 92 1764 2428 2441 5094 7356 8099 9713 3264 9572 6450 8650 39 4856 2953 8624 237 5481 7425 8963 3715 7586 3417 684 346 5902 2713 8126 9648 4844 896 3193 2459 4169 2354 6222 2343 3494 3485 8227 822 7315 380 9329 6035 7474 8129 5289 4492 46 143 393 1327 9048 30 786 1121 9565 534 2827 3305 8125 3017 465 1583 699 8826 8004 6061 2231 2627 2597 832 2219 1908 4148 8977 5605 3975 5905 5825 4851 9928 8112 3202 97 6448 5065 9259 9742 4981 4670 2012 346 9990 3119 2393 6315 7086 2517 8659 7307 8950 143 2017 3599 6246 5327 1424 4079 4811 975 4092 7329 8325 8503 5164 4069 7126 7929 8895 1547 4644 4849 5402 2506 8425 3854 8168 7377 9150 529 190 1503 7413 245 7256 572 4198 9616 2567 3549 9431 2607 8037 9389 2 9405 9812 3765 1387 8741 3844 8025 281 1969 8547 839 243 3479 145 9599 7705 6429 7191 1824 4807
8155 324 9166 2414 5507 3111 1518 2892 2980 1423 7139 2700 317 0 394 6304 9832 7421 4152 7613 7225 4178 9148 5267 7458 4303 4003 4522 2970 5284 3551 8739 6886 3951 2221 3661 161 8367 9768 1111 7083 8791 1534 5178 3363 4946 2167 6327 5252 6149 7333 9134 8995 9739 9872 7099 6639 4904 5576 2163 8348 9468 9926 3783 7558 5516 936 3922 2615 6400 6424 7497 379 514 9405 1876 6466 6021 113 4729 2025 3444 1744 9911 3894 854 9703 1141 2884 7141 5233 1302 1993 394 4723 2156 4724 7617 3323 1250 3958 6911 3814 1078 5069 5986 3205 2079 9424 22 4588 5606 6912 4840 7680 6120 2898 7706 1351 2117 1790 7064 7488 9395 3214 4444 4358 8536 6916 2364 5503 74 9234 4668 1319 997 6168 2317 5384 7281 746 10000 2179 8216 3689 5144 8010 6362 5020 6895 4016 3784 9632 9762 5227 9798 5227 7754 1468 3658 7579 8489 5760 4103 7753 4579 6899 6540 2095 746 440 7948 8439 704 1649 4249 1446 2370 3231 3155 9832 5380 6478 1894 4970 4939 6738 7931 9021 5328 2475 3091 3826 5345 5789 9471 8969 6860 9502 7922 1240 6165 7921 5780 8668 7603 8618 7216 4992 5797 5394 9994 3140 1929 8799 5794 8490 7730 6100 5192 1507 1818 6203 441 6592 255 108 8460 3905 5401 7779 1832 522 210 5302 2977 9056 2404 3449 9452 2310 7980 3801 5442 1928 8724 4094 3271 156 3127
191 7944 3752 1213 5291 539 9409 7275 425 8911 107 2192 9583 394 0 595 2234 567 6800 3806 2071 7729 9992 5554 7403 3303 2065 4516 1481 82 7246 1180 2327 6859 5167 7446 2605 8359 8570 2277 1626 6006 8102 6579 5969 1164 270 673 1301 7932 6467 7755 8091 2618 7443 5978 6002 4743 5991 552 1412 7791 2751 1100 8026 3816 4123 7704 2262 3540 2794 7648 8940 8261 9004 458 6928 1582 7772 2217 1311 4748 2168 8813 4090 5099 7618 759 5291 8708 4432 7183 113 3590 4165 7924 6872 4482 9666 9078 4769 8056 2871 946 2776 6238 5186 5388 3354 10 8877 1340 4446 3387 5555 3640 6429 6457 7391 2913 9609 3219 1010 464 7805 1265 4953 7550 1302 7065 5277 7568 246 3145 4105 3786 3604 1958 3705 853 9838 5834 5635 9889 7254 5333 278 640 2545 6370 9226 7352 2666 7307 8474 5498 2494 5727 413 4662 9297 6818 6745 854 3043 4192 8151 185 8726 5401 9355 9517 948 3396 8286 7063 7150 4654 6441 7446 267 8302 1213 3971 3252 1382 8449 6621 9027 4901 626 1510 7624 51 5989 1000 5144 5040 3707 334 1497 8962 949 1696 5465 1180 5325 3769 2965 3695 8507 5527 657 7003 9370 5505 3850 5967 7230 561 2830 4399 2587 6798 1482 6001 2138 8682 6020 327 3511 744 3890 3891 2875 793 54 2314 9295 812 8513 2483 728 8740 6195 3211 1063 9859 4304 5845
8068 6866 1666 5198 9800 3248 417 6789 3622 396 1670 9394 5564 6304 595 0 4272 4766 1269 9725 3867 372 8814 4814 2319 5895 9983 2828 4688 7486 3100 8953 7659 1024 368 7064 5523 2301 4124 7828 188 5112 2522 6690 9435 825 97 2003 8924 71 3555 3377 3396 18 9302 7772 5845 8028 3931 9647 2131 422 9784 7478 8608 3514 3987 6312 259 2484 75 777 4401 6073 1045 6530 1825 4880 5336 9759 5444 6052 9285 7743 69 8906 1525 1101 3875 3789 744 3577 4513 8093 6202 6905 6677 9234 2194 5813 6647 4369 7054 2816 2890 8625 3157 6282 5697 9628 6629 5515 4483 824 4283 8859 3120 9208 6462 2177 1260 6759 1766 4173 5586 2327 4333 3020 9234 4441 3659 6920 4049 2113 6778 4648 5889 3623 8926 8588 386 9128 7866 1034 2397 9521 8302 7088 8547 9110 8424 7021 7918 1473 2326 7529 251 7527 7737 294 3753 8662 4608 3288 8999 4459 3825 2247 8814 9162 6781 2587 2623 2998 1811 4311 4971 3239 2925 2708 9374 8442 6396 6810 2405 304 9806 932 1 1861 5143 1704 4540 8395 8073 905 1796 6340 6263 3067 4353 9819 625 1523 1028 3765 4615 4157 8678 7763 1813 8820 2344 810 593 8634 6899 3017 612 5271 842 2235 8222 9502 4940 3861 1978 9165 9476 8555 1052 7796 8012 5331 1013 3485 342 7194 9340 266 7600 2545 3960 3024 863 9292 4021 8437 3379 7699
2845 364 4442 6568 6331 2558 1320 4511 4455 2443 8683 3096 8357 9832 2234 4272 0 9894 8960 4669 4349 5005 7527 356 3539 3338 1170 7563 7944 4313 3617 2314 6996 3036 5520 4427 7358 7767 6989 7876 510 1939 7988 1130 8819 7622 9911 8837 2615 2700 1089 3747 6914 4188 1323 9781 2124 5886 4598 4238 3923 255 327 4572 1072 4287 9412 3859 9904 426 1605 7488 5744 7280 1041 4187 5836 7279 903 754 8103 1264 6201 6388 2908 6624 6976 3677 9034 4922 1473 3081 6307 3908 2194 1941 3784 6347 2375 1045 7424 9165 1621 9908 1463 6593 9625 871 9001 853 4847 6071 2167 3038 9915 5366 5154 920 1160 8680 2810 4790 2098 8006 8198 8658 803 2882 475 1542 6387 1123 4384 7262 2044 1519 9435 9046 6054 5802 7040 711 9046 7874 1242 2529 4101 3074 9754 1776 2842 3885 394 6324 3742 8575 8948 6367 708 9025 7629 8312 5111 4010 8700 3275 8439 9423 3452 9468 3448 9438 3387 1745 1548 7085 738 6198 7772 700 7459 9650 9727 9700 9970 2034 6814 355 3285 1212 6507 8579 8280 8354 1874 2615 8243 178 9386 1284 5200 4760 5377 8271 2631 1952 9299 8272 3487 1774 4414 3723 462 534 2741 2800 6721 4766 4961 5147 2692 9684 7766 6247 3414 718 4630 4001 3363 9849 5689 4508 2664 1124 8640 5031 9328 3288 5321 385 7093 3575 4793 9829 8904 2541 1656 1759 3807 928
7586 8396 8192 8554 5719 8792 8759 2651 2170 468 6971 7982 3509 7421 567 4766 9894 0 5966 7496 9458 4853 1397 1539 5223 7854 8601 854 9854 2525 7395 8405 4874 4994 567 3793 7343 7501 1117 2666 6076 3355 8982 1507 5739 4865 3372 90 205 2818 1809 3940 9733 6214 2352 5300 1692 3013 4273 7288 2438 4051 8075 791 9608 6313 5578 4367 9654 9964 1169 8198 783 7201 3611 6420 1907 5058 4779 6771 5709 8367 1370 4878 5831 6037 5632 1736 136 5798 2281 4709 7656 7278 5989 8450 5177 2710 6661 2675 8114 8456 1801 6431 3053 8994 3619 8907 3252 5727 6091 6758 5315 7573 243 3765 5794 1498 1075 6665 6587 174 4361 6841 7527 664 5104 2986 6706 3549 577 2541 3669 1503 7959 7056 3438 8832 473 6807 3414 1586 2470 5089 4385 2706 7918 6420 5903 8962 7327 6819 8207 9864 7346 2376 6684 1769 6761 8837 1147 8437 7980 8656 5042 4885 370 4018 9080 8743 1188 3734 6788 6969 6303 9891 3295 2017 6570 7491 6673 4810 4917 3012 3634 4837 7886 3437 8799 4491 656 8108 512 9570 4886 6627 4059 8647 676 5413 8117 1611 9470 1791 1560 6835 1943 174 4616 9179 2670 2104 4164 7556 1064 6102 3449 6872 1986 3555 1700 2354 7477 6734 3875 5911 6637 8342 9936 3234 2806 6890 4501 4869 3917 9922 9430 6058 5312 635 8269 8445 7761 2431 6472 4837 628 8032 5965 1332
6091 7862 1530 6128 4980 9798 4684 3060 5329 6198 5704 4283 8255 4152 6800 1269 8960 5966 0 6511 292 6242 8976 6885 810 3704 2966 95 350 4571 5673 2745 9894 6149 6574 2401 820 4004 4957 8550 1298 5666 9241 9106 9891 7496 1540 9461 2527 1570 568 2685 741 2918 5460 9372 8470 5024 4015 2827 3365 3411 1742 5431 8336 2806 1076 3029 6730 2012 970 3694 9790 868 2428 2708 1537 2946 9215 8957 3101 354 5972 3291 6979 5486 6897 5009 2695 1801 6726 1509 5272 6062 6006 455 4916 4203 229 3197 103 8636 8084 7447 2330 8880 3652 7993 202 8166 2137 8955 2005 799 3888 7464 7855 9195 1193 994 5097 1646 4288 7478 181 4388 3711 7717 237 9019 1871 7197 5281 2360 3368 6469 3520 4190 3862 3714 3900 4166 5366 2020 3362 1109 8907 6600 7623 8720 2021 2925 3088 5966 295 4995 1864 1560 9267 5189 153 7004 5403 1518 1501 9448 2900 3680 6186 2864 5098 621 6361 5734 8000 1827 98 9051 9755 9013 1323 1197 849 1828 4753 8538 9889 3948 1454 7460 8938 3547 8378 9950 9584 2221 7075 5274 3565 6206 3147 4172 3165 9392 628 5336 7210 5040 5542 961 1299 2850 3972 9774 3723 8944 9867 1838 3870 1977 7541 7331 9932 3722 8963 2700 5362 2848 2163 8583 1343 9191 5750 4282 556 566 2607 9144 5341 1933 8434 2130 6595 2536 6361 4506 2406 30 5383 4590
954 8864 2751 2250 8602 3796 427 6320 9547 3187 3157 8289 6266 7613 3806 9725 4669 7496 6511 0 7029 4960 2663 2119 345 3789 2434 2480 6758 1153 3813 8508 2276 8962 4401 1731 1385 2766 2500 9580 4151 4063 4968 6684 866 8926 491 1510 4480 3663 5360 3292 2829 6384 9180 5661 4865 8044 8785 9198 7770 4567 7946 2486 8674 8398 4118 1012 3379 1525 4328 4347 4852 7404 4341 1013 8620 8581 9745 4840 208 1772 7637 4072 3828 7816 5608 8642 1154 6649 1662 1674 1356 8407 7560 6838 7062 8705 8110 1022 3649 2199 9120 2168 2820 2576 3560 7742 3233 7582 8917 6806 6346 3191 307 5469 1931 2747 7958 9656 1432 8004 6301 59 7731 8990 5158 7421 6900 5612 8986 7201 6778 2664 9648 8679 2840 6461 910 8513 1102 2977 2054 4269 5527 9905 897 8142 7661 9369 5293 9657 6392 2203 5813 9562 5497 2121 1251 9589 3185 706 4050 6144 5844 2476 4500 6139 7227 5045 1026 8253 5744 8711 2100 2713 5591 9199 7010 4419 9063 1 5368 9934 9999 963 1056 7445 1828 585 1296 5530 6293 3806 1471 761 8856 2076 7637 8862 5716 5994 7666 2764 5380 2603 2681 5279 9743 632 8956 6344 5519 8046 8768 4170 714 9906 4363 6233 3295 5953 8935 1510 9729 6323 8908 7333 4570 9118 553 2750 2539 3657 6086 1532 9048 260 7084 427 8738 7334 5158 830 5849 8292 1394 7349 570 7030
9076 2946 6245 5802 6928 6673 2475 6465 8396 5245 6857 8129 9570 7225 2071 3867 4349 9458 292 7029 0 5490 6080 9601 710 1840 4474 9631 356 8629 1149 4632 8188 4372 9355 3579 7886 1110 2343 3546 5392 28 6595 4587 5538 9749 1304 8123 6442 1772 686 3849 7864 3668 8014 56 9721 7676 2026 5091 507 5723 9099 2971 6134 3037 7253 6428 7651 2867 6372 2324 753 7302 560 6317 4444 4203 2227 3869 3574 5524 2940 3171 6585 3095 5713 8499 9842 6916 6309 3805 4703 1790 7191 2449 1060 9518 125 4613 3231 4321 805 9532 5958 5805 27 9433 4161 3406 7439 3324 8350 1988 1699 9708 2442 8845 8634 4140 1882 3967 4360 9923 7462 2390 6851 8421 9471 9663 7298 2269 7183 8274 9391 9353 3506 1518 995 7477 9112 2041 7846 3142 9016 1840 3633 6497 7769 7091 7838 9184 5873 1028 8413 9563 8612 3003 5016 5501 9495 5987 8734 5699 8841 3543 2753 4132 8205 3190 1658 9610 853 5154 738 9385 7441 7457 1598 3247 3362 711 5441 7623 6595 6229 3266 8010 1378 9245 9266 3581 3317 8286 4935 6708 5266 6874 8287 3929 8338 2318 1483 3560 756 3833 4140 8891 2409 5905 6035 4725 15 8020 7659 6204 857 8878 8645 9634 4822 4068 9960 9212 720 4624 5383 5212 3240 5876 5285 715 2802 5662 841 9876 2862 3832 9826 7458 2217 644 2442 3522 1912 4595 5623 796 5989 1396
8419 3549 5738 7416 8505 1361 1896 8291 2917 4961 6450 4978 7987 4178 7729 372 5005 4853 6242 4960 5490 0 8547 1414 4348 5067 7217 8061 2414 7035 1007 2108 7111 8211 3901 5571 1411 3615 1341 3786 3879 3284 9307 1087 9499 2995 8667 4481 6317 8033 9338 6272 5149 1581 9799 5492 6460 2403 479 5139 2846 4718 7728 905 3260 9257 5314 7742 1601 2790 3322 9798 9153 214 4938 4453 5989 9703 8014 6874 8418 3856 6723 6764 5085 3129 6798 5350 5408 3556 8248 3170 3123 4411 604 7865 1016 7062 9514 8618 6027 5136 5473 807 273 4819 6286 6085 8865 9290 8996 4885 7068 8181 4613 4049 8289 3330 2236 2227 55 2308 2743 5853 3580 6115 4329 3902 2068 5864 413 9253 268 1587 1700 1414 1121 8227 1448 8786 7153 3048 187 8945 2887 2383 4878 9165 9079 6094 9006 6677 7254 5272 5557 6269 8578 1076 6767 4993 6123 7017 9569 3276 4185 5509 8717 4764 6345 4437 3201 8434 7849 2306 919 4943 782 1249 6983 3457 5659 1371 1942 8221 6932 1964 4366 2608 6391 502 9998 9090 8586 5580 6693 3817 6411 6750 5027 804 6840 4223 8403 8220 7071 3987 7329 6749 9881 8654 518 1258 6509 1540 5033 28 1351 1499 706 5617 2287 3104 3462 4326 3654 2175 4963 9820 6827 4589 1664 1498 2248 6344 2344 2654 1051 7832 3219 6628 9579 8085 9478 2559 8503 4969 2663 7575 6159 6470
7389 113 9416 7288 2354 1014 8617 7871 8212 8691 8863 2717 831 9148 9992 8814 7527 1397 8976 2663 6080 8547 0 9916 7897 963 5378 7449 1319 1669 157 5645 5801 3946 7862 5001 51 9351 5238 7139 2891 4301 1270 1008 2357 8365 6824 8242 9116 6133 2403 7002 3571 3901 3844 8119 8062 4270 2093 4851 3111 6003 8418 5414 903 1338 6446 4611 999 6581 4190 9217 3856 49 8019 1714 4063 3334 7264 8872 2152 3116 6853 27 6444 70 6662 9546 6956 1126 4615 2102 7037 7180 316 6335 5894 4608 6588 5099 3176 7971 1928 5466 245 5671 6051 2288 7520 4668 2503 9632 4839 7087 4674 2949 783 5767 4407 7439 9652 4892 7087 8615 9648 5127 3343 3461 8323 2127 9258 9425 5277 9162 9991 9898 1849 8947 7799 6817 3047 2964 1816 6523 8240 9060 7903 4335 1986 7081 5974 8116 8416 2061 1596 845 8655 2025 9457 3059 2075 9548 8288 2010 2538 7000 4226 9034 4024 3172 2485 8501 8039 4929 8990 414 1818 194 653 9697 8339 1286 1202 7538 5285 1245 976 3506 5382 6197 4734 4815 7690 1878 7008 5305 7375 4813 6694 5868 6036 4433 3136 1109 3277 3199 7163 1547 2345 9584 3568 6367 873 3716 4962 4442 8249 9121 5440 1521 9575 2396 8385 497 3866 2465 8134 7661 7098 2885 7101 2423 6478 5863 5497 6915 764 6594 5313 9975 5589 69 4055 5769 3990 2433 8216 7253 9522 6540
3317 7421 7852 8244 4279 8000 9946 9214 1901 7273 1382 5966 149 5267 5554 4814 356 1539 6885 2119 9601 1414 9916 0 8980 7313 4137 323 4930 1540 3854 921 9600 1526 2968 7553 4164 1849 3569 5008 7451 350 9454 2581 4285 8384 3900 8831 9252 4695 2274 9561 7561 4589 4039 2433 6532 9056 2748 7529 9307 3693 2733 2103 7939 2509 8521 5123 342 7707 6061 9496 7135 8279 720 2703 2975 5887 5802 6153 6110 8403 1290 424 9190 6891 4103 9554 9216 4971 1867 3447 696 2374 8582 5454 4027 1932 6372 4571 6160 4758 519 8395 4839 6288 19 2168 8144 758 2041 2919 4565 9264 8994 9056 5495 8379 6193 3691 7172 1491 688 9303 6721 9880 7450 8270 5633 4477 5472 4343 9094 5317 1933 2258 103 7099 9160 8874 2686 3784 5729 9865 4697 5331 9609 105 5691 2425 2264 9569 8395 6611 6542 4857 1687 9024 8118 3164 8779 5464 6616 9623 4775 4288 8451 685 6290 6944 8943 2589 5729 9643 2141 3876 5852 6488 1310 4912 8085 5165 7416 7553 5857 1010 4181 464 1447 8682 7537 3317 6996 3004 5679 9389 3674 5758 5530 2782 370 2112 5786 2403 8771 6419 6032 4443 3829 4639 3130 5087 7776 7534 9215 7218 9917 3739 4743 5514 6358 3394 1764 5644 6215 6621 2838 3807 3849 9711 9458 1284 4656 6431 7548 8001 9331 6441 6784 3612 9875 8428 9412 4314 5237 3355 4716 5749 641 3720
4520 8085 8191 9697 9609 8988 8170 8650 5713 9729 2785 3868 7439 7458 7403 2319 3539 5223 810 345 710 4348 7897 8980 0 2024 1287 1431 5722 3513 5976 3408 8488 2606 474 1753 6162 6563 2989 5394 9064 1707 1343 9222 3574 5064 7984 9487 8601 7761 698 5876 2678 9632 6323 3975 169 3703 3005 507 9999 782 4710 8723 7921 3906 486 6119 6242 8522 9468 3188 7844 9892 4557 8443 7105 8768 7580 8726 6833 139 1962 3902 2699 3300 4909 4449 2322 9405 4488 3932 3943 3840 2874 1520 179 2716 4339 9110 1551 3616 2264 2100 9947 8052 4654 6584 4927 4986 9181 6946 616 9535 850 4688 8701 7735 1386 4066 443 1951 4380 6899 9004 8620 5767 9601 8686 8360 2960 3079 7054 3447 7761 9001 8900 8655 9290 8587 5229 385 6045 8152 2135 8375 6232 4701 5180 1444 1854 1856 6296 1579 78 3516 6466 3433 3649 792 2681 2286 8325 9228 7942 467 6977 5606 3617 867 4380 4433 8947 8325 8459 252 3896 1270 8181 5670 4147 7170 8315 7586 4510 5214 1190 283 6566 1914 9236 734 9318 6582 1515 7253 2468 2295 2112 8910 9965 7173 2578 3274 6133 6008 9684 3706 6439 456 3044 1682 2900 4016 2242 200 1454 7173 2407 3797 1461 8062 7895 2461 5517 6940 3423 1278 9060 3903 4962 5274 4036 8701 826 8189 9238 6170 3296 7713 7752 2197 1627 5352 3420 1171 178 5282 2004 4750
4489 8230 355 2902 1032 2163 1716 3111 8941 3861 7919 9230 8199 4303 3303 5895 3338 7854 3704 3789 1840 5067 963 7313 2024 0 3687 3549 8075 3109 8672 7354 6717 3374 5311 1591 8637 2617 1911 1824 7296 5792 6325 4282 5610 8828 7060 4265 1331 7002 1705 3963 4515 5682 6693 3619 7279 1684 3305 2485 2567 4149 4144 8528 7428 6886 4028 7168 6703 1641 154 2125 9954 8973 8051 5043 3213 4245 4001 8163 3388 8885 3745 4719 8638 4215 4876 1727 2670 8365 227 8761 2879 4273 2843 4845 629 6734 2415 7647 4734 7941 4576 4563 8179 9640 9029 5539 7244 7049 9243 5295 1820 7454 5409 3280 1221 1873 4665 1330 2966 8020 1569 6762 8219 3214 1163 2804 294 8815 9111 1892 6390 3210 1677 3802 2606 5022 4717 4036 645 7420 9245 32 9496 6197 8446 5173 2912 2914 2146 8849 6559 9560 3747 5705 5322 5887 5315 9775 7171 6899 6850 360 5132 1826 1691 3396 7929 279 3747 4044 6912 4135 8529 2158 2957 9583 803 1225 2371 4127 4189 4555 6995 6815 4710 8420 5917 7574 8995 2946 1729 7199 1885 7284 3196 4522 1831 9792 6506 2220 7700 2986 1152 7170 5113 4443 7199 5317 8501 3359 4098 2498 5245 2795 320 2104 7916 5905 3156 6235 9993 7430 4255 2914 422 6088 4672 3687 9883 9319 9184 6737 9930 3344 7306 2963 7414 3880 692 5224 4252 91 4320 7931 3462 9331 8539 354
7344 5477 8905 2968 6218 6507 1712 7132 5489 3652 7657 7514 3156 4003 2065 9983 1170 8601 2966 2434 4474 7217 5378 4137 1287 3687 0 6378 8640 9773 3619 155 5566 125 8256 3703 6661 8080 9385 4057 5900 1070 4507 3237 998 9694 1435 8380 4339 5433 4536 97 4285 2345 317 5128 2794 5075 7278 9033 1884 2520 4370 9155 3743 6032 6617 4949 4728 9374 1938 1809 4932 1508 4256 7424 7920 2015 274 4182 8852 5621 5688 2935 4563 7394 1711 2601 24 1819 8720 8644 81 7476 711 9138 2703 5428 5819 2387 290 9814 689 2122 4051 1991 788 6070 9734 5189 1924 1354 7870 315 3123 8015 3322 946 7430 6932 4105 4498 6261 2039 1474 3744 2541 1177 2185 9001 7476 418 7033 1618 2965 4511 5068 2122 9593 514 8214 4038 7747 1650 4249 4952 5695 8058 1917 6847 9024 935 3770 5640 3210 2376 4010 7958 4518 3993 4157 7528 8524 7565 2539 4923 1982 5166 9263 5951 5839 6771 4404 450 1577 5369 8355 4127 9245 6261 9770 1242 7425 2653 7944 309 3141 4682 7915 7703 1574 2784 9002 3513 7008 408 2064 9992 360 4522 2566 9332 7624 8746 4200 7123 29 2917 5233 2774 6262 8357 2547 5021 6125 6842 4888 723 8572 5076 2660 9041 6765 8055 9297 8419 2190 2425 8597 7210 1171 9313 2943 4196 308 9701 5659 4889 925 6822 3190 2034 7707 2788 3924 8089 9744 5301 3332 635
5209 5016 3657 4865 1613 1905 1682 928 8703 6770 1535 2538 4871 4522 4516 2828 7563 854 95 2480 9631 8061 7449 323 1431 3549 6378 0 784 8469 391 3701 5936 2675 8578 8780 5643 5498 3309 717 3719 2028 7652 8230 2563 6892 8681 1370 6531 7710 7699 8755 5405 8095 9574 3647 6262 202 5089 7481 8211 6228 9712 5106 5693 8580 1830 2780 8330 4767 5292 3959 5326 7117 6130 8452 9826 1972 7533 4451 3870 1024 1400 8277 6371 7082 8156 1471 5469 3062 9915 984 8660 4601 9018 8093 4200 3108 4283 4386 7911 1352 1415 80 1850 7422 374 2344 1250 4553 5769 7581 8205 2574 656 1609 9714 759 3549 7832 6669 6453 1909 9158 3471 2906 6819 2487 2441 1285 2184 161 2347 2673 765 5662 4191 9888 4344 5036 477 8434 4289 8213 5584 370 9946 6380 2952 295 9771 9364 5679 6583 1059 3421 7532 6829 2346 2194 6885 5352 7746 7873 1904 4819 6295 2674 9321 8334 2340 7325 9520 9935 9158 6095 4084 2734 5029 2318 3928 7479 3939 655 8931 3353 65 2337 8445 179 4595 1518 6570 8831 3767 7879 5894 644 5725 8529 8506 2281 7252 8863 792 9318 2597 3925 5516 8931 2892 8520 8225 9284 5534 9338 1237 3964 4463 4785 4809 6140 4261 3151 1993 893 2754 190 6081 9095 71 1700 6870 68 6618 5672 9550 5940 8398 6752 2244 6370 3804 7889 9454 3157 3407 9082 3875 7124
3780 3004 3344 7080 4729 2406 4606 9850 1460 3538 4057 8223 2566 2970 1481 4688 7944 9854 350 6758 356 2414 1319 4930 5722 8075 8640 784 0 8059 9413 7743 8246 9072 7534 2995 7070 9081 78 169 2508 9873 1565 4654 102 535 1732 8308 6615 3918 2736 5123 6988 4894 2077 5801 2155 1841 899 8451 2738 4885 4522 6664 8194 1001 6048 1155 9296 2533 5197 9220 6319 1865 3489 5779 1299 5499 3852 2643 9663 4601 265 1277 7688 670 8968 8119 1863 9368 8752 8743 3340 5504 8876 4084 9893 2546 5706 7746 9040 5679 5572 6931 9778 289 3860 8140 3425 278 9397 78 4396 5063 7493 1269 1953 3596 1681 1395 5138 3542 6573 6390 7183 5058 3491 6226 8809 9054 3087 9764 3210 1645 3076 8806 1038 6175 4110 6244 9126 7045 6303 5980 7674 5408 8979 2698 2791 6275 7189 5858 2206 8088 8878 9535 5980 2446 5738 9331 7614 6237 8532 7502 66 1784 3368 7906 4847 6019 4238 6721 151 4153 4226 8311 1873 1573 9216 546 8936 5606 899 8911 1868 4603 2183 9206 5054 2351 4768 3025 9191 4620 5570 8691 1321 9406 4501 1471 1611 4177 6342 8392 185 8922 3500 7171 3611 543 7515 9069 2060 9475 4703 5179 4809 4360 2765 4125 437 159 612 6674 1195 5383 6579 226 2118 7813 4074 9220 7003 3107 2187 673 1567 7501 3019 3409 3641 7468 138 6063 3113 2218 1091 2442 7725 9433
9299 2895 7423 5689 9492 3199 7865 143 9033 3675 8256 9272 7822 5284 82 7486 4313 2525 4571 1153 8629 7035 1669 1540 3513 3109 9773 8469 8059 0 8978 4743 1297 8600 5489 8719 1258 9265 1801 4978 3428 1495 7818 7751 2946 3050 3746 415 2829 3345 6075 56 8347 532 9385 1467 7103 1351 5559 6349 2567 4353 9209 4843 6803 6991 7156 5058 1621 3591 2237 9957 7569 4388 3044 2588 659 4875 6795 9426 8329 1455 8317 502 3269 79 1349 5039 2503 2087 8669 2954 5102 193 8566 7532 1099 8730 7258 5156 8526 532 8053 2558 4308 2316 142 8670 259 3866 1206 4534 3367 4262 4519 764 4174 9113 5616 3379 7914 4099 921 8978 3129 274 1322 6518 9618 1640 3377 2324 6260 1772 7034 792 8124 8825 6348 9643 8478 9141 1918 9218 7041 6412 6053 6839 3277 391 9662 1342 381 8383 1930 389 284 1388 2174 1582 7589 9456 246 3284 6742 8439 7423 8259 9627 2546 6446 502 1481 5543 9198 9698 4843 2216 7742 533 8052 3322 8000 58 9940 5489 2855 5875 3922 8795 7726 9657 5508 7285 6602 2138 9589 197 4934 4665 5274 9829 1899 5603 7285 7884 151 6973 3344 2071 2450 9525 3356 7757 4705 6462 2871 5816 9125 3020 2523 3764 9336 3284 2050 1214 3644 9024 5504 5440 3622 5084 8522 3328 2774 4053 9350 2339 7199 2016 8976 9808 7954 6966 1452 1572 8743 9404 6884 9748
1637 601 8877 3916 1802 1196 3994 5940 3682 7523 2678 4771 4353 3551 7246 3100 3617 7395 5673 3813 1149 1007 157 3854 5976 8672 3619 391 9413 8978 0 8901 9029 2548 5295 4153 3757 4002 980 1450 80 3846 7781 763 2471 9892 4643 4826 3164 3017 7796 3029 7125 7085 9638 4247 7689 6605 1693 2675 9269 2619 5710 9896 6610 9627 4934 4912 7862 1480 4564 4191 3528 4666 634 2040 4984 9860 3942 9747 7881 8661 9633 1587 5554 1588 415 5363 6180 3586 3668 7542 5023 1769 8482 8333 7158 412 5226 4031 1825 2186 2070 580 1664 7883 9375 5699 7308 7269 9889 6925 6653 762 513 5247 6097 55 7616 5483 6529 6137 1087 5517 5911 9017 9038 417 7348 3928 4267 8990 3452 5535 737 7875 5972 9981 4581 410 9163 4581 4165 8663 227 2456 5333 2565 6652 9915 6415 3458 8623 4403 7840 8940 9822 9482 9677 2104 5103 58 3428 1121 3902 3890 6932 9635 5318 1305 8299 1846 9679 5586 5427 3477 6876 688 2220 5970 1439 1767 6989 6515 1648 486 8514 5737 5130 5971 3329 1130 4509 5293 7845 2216 3843 62 1393 8479 8744 9270 6568 9451 6331 1826 6844 842 7083 4438 2080 2047 2568 8322 5636 1721 9885 9427 4977 2596 4365 6002 8217 1798 726 8794 6506 8831 517 3605 5024 9100 7039 386 4121 7523 3996 5315 5897 9409 6007 2027 3230 6890 9356 528 5516 5796 6736 6335
2415 5261 6752 5010 9343 7785 3754 7468 778 6113 3323 5689 4411 8739 1180 8953 2314 8405 2745 8508 4632 2108 5645 921 3408 7354 155 3701 7743 4743 8901 0 248 8993 1543 7240 8020 661 1415 3773 4117 9264 1069 9633 3309 856 8027 102 2063 4570 5310 8194 9301 3871 6952 871 1365 3381 7570 2848 9605 1865 4215 5928 2843 4450 5118 63 5256 4485 3050 9702 5668 8471 2294 8955 5473 1648 4748 4518 3705 2560 9318 2206 6817 1621 6275 7346 7717 3852 2906 481 4481 5937 7310 6853 3001 7651 3299 535 6503 2417 1001 2467 9046 6647 1231 9329 8684 3368 1258 5672 1068 1131 4772 4992 2097 4886 8258 8061 2831 3010 1952 6181 1764 1497 1482 2668 9550 4237 8377 2359 7988 1661 1357 9363 4280 9233 8764 8793 5747 1380 4607 2454 8611 1605 8264 9956 4942 3889 270 9032 6674 748 1893 1999 9372 9053 4755 227 4680 9029 3794 2669 4049 3434 9401 6354 6174 7467 8060 5588 7240 3020 2372 1742 1388 6327 9327 5017 9710 5686 5553 2441 2513 1919 2875 9724 9724 6411 9934 8861 9345 7866 8124 7080 8370 5200 4804 5722 1963 5434 904 4081 4705 2208 701 8320 9321 3807 6038 1020 3781 8950 3005 3370 3002 1361 8385 3040 2723 9152 1735 2851 7340 3120 3655 6762 3054 1932 2980 326 1672 8014 2389 5272 5025 6324 2416 5441 2943 6175 4186 8164 8439 3193 3200 8763 8537 9262
