300
0 6262 4984 9426 2135 5220 3455 2847 8575 4373 2022 5689 591 6843 8994 3393 300 974 9397 3444 3695 2377 9352 7137 2382 4354 4503 9544 2950 4091 4654 9791 233 6951 4958 1080 2006 2581 9380 8922 54 8170 4930 1974 4811 5838 49 4925 6085 397 1384 3168 3396 6589 6471 3261 6991 3057 414 3430 8770 400 2143 4532 8340 8846 2277 2329 9691 5702 5108 9043 9175 8048 1054 7455 3753 3252 6464 6145 1847 9699 3322 2846 8514 3186 3842 4047 6715 437 5593 8128 516 1007 6221 8659 8610 3855 9211 9728 5167 3546 9452 1279 2220 7990 883 8855 9917 6650 9494 2153 769 4307 1836 3378 6832 7018 4033 1352 3621 5056 3101 3649 4769 6435 1311 9937 8156 3890 6476 5183 3386 2876 2703 3420 221 265 3126 9192 7448 3929 5760 9747 5326 2932 4516 9997 1577 2398 479 5337 3914 9147 4636 8796 6257 9845 8995 3041 8362 9255 7952 6635 4223 7099 8536 1745 2375 3339 9865 3269 9760 3017 9655 4524 9088 5296 7877 3269 4382 3128 2694 5705 5372 4382 7132 4582 3974 8762 8016 2630 414 3523 1296 3985 731 5012 2567 5969 4946 502 9377 4972 17 1859 9644 4449 8962 1443 9171 9804 3418 7200 9492 8917 449 8311 8715 4719 2124 7305 8641 9974 544 9193 7783 2447 116 6205 6111 8152 3446 9165 7662 8426 127 5753 3396 9292 8892 1318 5568 9344 9237 2886 1094 4631 7342 9285 5803 2872 898 289 1161 3967 2580 8975 1864 3980 8780 5825 8607 4921 2982 2922 8510 9530 9402 6330 5147 1846 9664 1111 2926 3050 9871 7469 4016 6289 3977 6279 3522 5552 510 8575 7381 5020 6368 9068 2597 215 6206 3667 5906 3404 7744 5037 908 3009
6262 0 8812 284 6237 4182 8644 7772 4598 5209 6561 3016 9356 426 9827 3193 6618 1603 2023 3591 3834 9242 7017 245 1229 4148 748 4147 9484 119 9631 8970 6790 8683 7930 6633 4485 2542 9168 4893 3854 7550 933 713 3068 8748 5930 4951 4025 3467 3935 5619 3669 1789 55 1662 4595 4887 9340 6452 5940 6240 99 678 4322 8466 252 5785 6578 8017 8633 5226 519 1422 3646 2351 892 4124 9642 9591 6586 532 6670 7154 8275 699 5874 2567 1177 3060 3871 8102 9689 3458 9952 2620 9849 2149 149 6095 3543 1817 3982 4525 7274 5593 6304 9055 9773 6510 9172 2218 6619 4692 6840 9156 1255 9715 7299 4793 6900 8405 2293 6887 4466 1963 2677 3686 3029 2027 4658 5118 6723 9662 3643 5729 1438 5990 7257 1660 8747 6812 6849 8447 8370 980 2882 2358 4 423 8294 1155 4136 2390 4196 275 5380 2727 8435 2259 1793 7734 5127 2173 243 3102 3661 3944 384 8721 5876 1821 917 4747 9827 1960 2115 8728 8806 7365 6840 8788 8596 9560 9411 8460 545 1819 6452 2118 427 5187 510 1372 7612 2384 5560 582 7637 3237 5077 2540 7666 215 5598 827 3143 988 4577 526 9509 2412 5519 8106 3651 9991 4912 1548 6345 5729 4666 5738 1252 8629 600 2034 5736 8731 4290 21 8298 9508 7786 8246 3279 4030 4065 2082 7249 5442 7275 8303 7576 2683 1070 5059 3371 1536 9137 7813 5766 8675 5993 5847 811 6075 645 8146 2038 9642 3161 5042 7641 8940 7663 5605 1678 1371 2091 3257 2951 6755 9031 2389 5242 2505 7682 4702 5172 3253 6672 8766 1901 9200 9013 4268 9777 8603 4270 4789 9237 8136 2219 8016 3760 4204 6123 1597 8350 2607
4984 8812 0 9411 3241 5927 5301 9002 6232 4598 3447 6998 4535 178 3282 6588 9645 2940 1028 5455 2808 1783 6381 1302 1542 7247 2210 2146 931 1005 1387 2320 4316 7795 9402 5210 8432 5021 6839 3130 5710 5133 7185 9355 2395 6728 643 5328 7278 4583 290 1389 4707 2870 276 1618 7930 7854 7082 552 1268 8429 7103 9970 5259 6127 6283 3474 2678 9673 302 2503 5423 7590 4556 8531 5539 6143 7774 7183 1907 3113 8323 3077 7147 313 1801 4518 988 8533 722 2260 677 2828 8140 1496 1058 3291 7178 2939 255 8734 134 8025 6123 1038 6807 5605 1569 9620 2568 4528 1140 6066 2544 7083 5812 9431 1891 1094 5621 6537 7612 7935 1288 7695 6449 9607 3695 5872 9819 3759 3164 2228 8329 2733 2755 2293 7016 5698 8752 9563 3139 6963 8520 6972 9919 8302 463 5524 3311 188 5630 3450 4221 1772 1135 8617 2124 5949 1812 5804 150 6589 8983 8802 7513 6659 1055 7016 8166 4468 3943 5866 4085 2359 5966 1430 6395 8485 5535 2307 3324 2846 9249 4052 1738 6504 3176 1690 4339 9755 3781 3596 7752 6151 4571 9387 5531 4882 4897 2669 450 7395 6179 7961 9518 630 6393 5050 429 7444 3979 6961 6752 9642 4776 4779 264 8616 3774 6179 441 4499 2937 2720 7624 2304 6458 8126 6717 6393 6876 5649 1925 7214 309 7281 843 2605 298 7549 2048 5895 7751 9131 929 9251 7056 9874 1320 9724 6000 5059 9513 7922 59 5708 5960 3078 5442 3195 234 710 7925 1704 2209 7703 7540 1403 788 9556 5624 221 6675 5855 9263 8024 9154 5893 505 3158 5468 6081 6114 9473 3191 9136 8347 7076 4335 5136 7033 2286 6358 601 1416 8652 528 5458
9426 284 9411 0 5251 2808 3191 9694 1589 5692 5043 1855 4689 2612 8755 2847 5581 8731 8318 6919 9183 1253 5978 4130 9781 8099 706 6952 7958 8201 9269 1793 2173 983 111 2271 2710 5069 4910 1104 6974 4613 9095 8272 7474 7146 1523 2388 4433 9964 6186 9769 1778 8039 8111 450 8113 1464 9625 9247 3145 9298 9701 5141 4616 2773 9421 9915 9720 5440 5670 3029 3675 5877 4305 1967 2863 6853 7022 8664 3736 7310 8979 9503 4337 9962 999 4062 8800 9820 6714 5438 5628 6855 573 6738 3019 3693 8369 9608 65 6026 1850 7393 5064 3405 5662 2996 8132 172 8652 6398 6774 7775 9921 6532 6095 1538 5190 3804 7530 38 755 8032 2470 6686 5474 4810 1865 1434 3010 548 5564 5870 1157 6897 7147 6499 197 7245 653 4614 4475 8685 7211 8392 9323 9219 4748 5488 133 9203 2678 1166 2016 9099 1583 5325 1556 9153 7628 3106 5911 3275 1165 1820 9151 9905 6350 7079 1175 2291 9595 3228 8181 9927 808 8362 3332 6272 1952 9535 3247 2028 9762 4841 8638 4812 5527 5067 8089 766 6790 7485 7916 1648 4899 3952 165 5286 3746 8358 5816 9418 1033 5429 4682 215 2573 7854 6684 5619 9524 4420 2089 674 6940 4151 4142 6226 9075 6943 7357 4786 4298 9363 8724 5697 9509 9013 6077 425 6031 6600 3912 9007 5239 7418 8232 5753 6928 2723 2375 3663 1054 6108 6555 3272 2572 5352 2645 2243 4972 6467 4172 5228 2921 2984 6291 2878 4471 9921 5678 3191 7250 8030 2801 2240 1862 7792 9767 7933 4681 1549 5857 457 5791 1906 4290 2475 1791 5460 4419 5377 6000 5513 8181 3378 6759 7528 8979 4220 1755 66 9366 3942 7116 5034 86 179
2135 6237 3241 5251 0 8192 7785 1419 1767 1786 9131 5215 6354 8105 5519 2521 6113 9241 8372 7321 7137 645 5281 3477 724 8592 8115 6148 461 2724 7052 5926 9139 4562 9815 5302 4818 3544 3921 4655 6409 2496 4710 964 3823 1963 5166 2181 8607 4122 3849 6282 7370 9845 6512 5536 4341 915 3120 5381 3041 2988 1491 299 7135 5094 1030 1951 1002 4682 469 714 1169 6670 1953 1806 6818 5519 855 2229 351 5416 563 9533 3863 2429 950 5906 8069 6911 6442 8020 9551 4931 8973 2285 5009 9319 624 2266 5880 823 3740 8539 8352 8763 172 8370 9200 5141 2682 457 2428 7384 9316 6368 5139 8059 1870 1029 9246 6718 1872 5062 9110 9051 3440 7778 5265 6249 6160 9604 1464 8418 2675 33 9917 2674 1444 4752 1264 3901 3953 1203 8746 7789 6648 4783 3710 5022 3733 2060 7844 2078 2654 3948 3023 7003 7717 9147 6126 4258 8661 7260 119 4483 4383 7242 7130 5188 5048 6692 358 7658 9321 2857 169 6431 5153 7389 7391 5651 6060 5318 2601 3393 6396 3973 1978 3676 7688 5228 1404 2015 1215 4272 1081 2386 7969 2278 4130 6158 8019 8866 7112 2850 1636 7807 8528 1949 4432 1996 4349 7304 4776 3270 2198 4625 5937 3186 3359 5462 4097 8090 1084 5509 7634 6829 5279 2099 2326 3488 421 1217 9350 6499 8068 999 2879 8919 5675 7873 4360 5864 4994 9001 3422 2098 5352 5075 5056 8030 1653 6313 6271 1823 3048 5551 1480 7819 3406 2528 3 2709 2569 7154 5658 5072 5394 6543 4857 4124 6793 4094 5921 7966 6363 392 9760 9747 9490 7496 8682 9589 7622 1220 3937 8806 2094 610 484 7231 1911 7154 2826 2260 3053 6514 7758 6836
5220 4182 5927 2808 8192 0 213 7859 7178 7668 1813 5365 2286 7172 894 8040 6378 1933 7069 44 4372 5518 1430 2241 7520 5018 2360 64 1031 633 2728 3781 5928 7565 6221 7558 6816 517 8900 9957 9398 8932 945 295 6011 1969 2931 8919 2192 4392 2154 1381 7282 5830 3385 354 2 8283 6635 1331 8463 8154 2756 2232 1540 1489 71 4468 5393 7392 1017 6706 3467 6155 7296 2264 759 9681 9933 2119 8189 9268 7906 8728 1998 6228 727 9001 4992 981 9322 7082 5988 7594 9696 4690 7536 9934 6886 7420 229 4683 5456 7306 690 8826 9007 9807 5419 7137 3063 492 840 8076 6560 1824 2378 8818 7003 2575 3814 283 652 9713 3791 2043 3272 4864 712 9975 9676 54 3466 74 2853 4068 5620 3810 7104 3969 2459 9238 2165 1435 3412 6631 7564 8398 4599 3201 7944 8224 3578 2268 4557 9815 5724 4889 2509 4053 9871 6509 2457 1468 1682 278 4299 8162 3212 2544 9809 959 3075 9527 7037 4928 611 549 5444 1397 8167 6641 2525 1870 9698 3440 2913 7756 9104 1057 808 7563 7270 2582 4937 7672 5673 6615 8972 3228 4428 7264 6522 6324 5995 2993 5723 3578 7490 6281 5739 9196 6160 8836 8374 9369 4786 8425 9312 8743 9877 6854 745 9279 8574 4174 1841 7195 7286 66 7730 2787 3934 2683 8253 5584 204 5972 6333 806 370 2243 9339 7410 7866 5632 8870 9788 4961 9712 7530 8272 8793 281 9872 7899 6980 877 5730 9045 4265 5525 503 3827 498 5662 3104 2743 623 2108 7938 1644 3462 3219 8859 5117 2905 7364 477 9130 7823 5166 5665 8009 2840 1815 7559 5925 6182 5712 6982 9042 5396 6888 2395 1396 8279 9821 2442 3404
3455 8644 5301 3191 7785 213 0 5021 1785 2038 3270 9306 666 4992 6328 4095 6215 3362 8519 7856 3657 1796 8097 442 836 6583 8469 8882 5511 1515 9801 3923 3053 437 6077 2493 5586 9343 3864 6906 911 4606 6173 6103 8822 853 3424 998 4047 4827 2227 6684 1494 6566 2379 3670 6446 4157 9575 7570 6640 6912 5992 884 6945 3324 5207 8436 3289 1420 3707 6864 4554 1018 6688 8742 8867 8061 9997 5225 1326 3279 6961 6589 2800 9617 8571 8803 1089 3936 2289 5594 3586 168 5436 6419 5795 9841 1811 4124 3552 3154 5365 7712 8142 1976 6118 2737 4431 9537 9037 129 5464 4801 3169 9808 4541 5097 5303 8419 7182 629 4474 7339 2540 5878 806 2697 933 9451 7616 9559 3437 3791 2313 8030 2339 1266 9406 302 3502 5937 8348 3834 7473 7109 9808 6917 9259 5806 1938 7300 7470 325 7169 1770 5423 9196 9077 8034 3060 7121 1482 1868 6762 9585 4242 3937 6026 8269 3305 1114 9425 7126 1062 3781 7867 8627 3760 376 3665 1241 8085 662 6250 1970 5712 1782 4099 8905 3243 3938 174 5507 7501 4534 1432 4992 3915 3395 5434 125 1635 3099 9594 3308 2918 7395 7661 2218 7281 5929 904 663 3209 6673 9039 8693 8252 7614 6324 6602 7399 4511 669 6444 3917 1233 5877 506 3718 9841 4669 9951 1566 1589 4224 5073 6340 4697 6608 8725 6421 3761 4984 9324 5796 9995 2195 9568 1308 8708 2413 9673 4548 1284 1112 6268 2394 907 4647 8670 9565 7926 1491 4979 5051 6152 6116 3383 6609 7644 5051 7031 6464 184 8478 9173 1984 9256 1759 5827 1511 6401 4481 805 1232 9706 2298 6390 521 1856 6635 6059 6281 1795 9451 2193 517 2685
2847 7772 9002 9694 1419 7859 5021 0 7069 2279 1182 8909 1792 8180 8805 5924 2614 9693 6723 8076 9361 9199 2471 800 4871 2329 177 1965 43 2771 2818 2978 1513 65 1962 4264 2104 1284 9761 5452 5177 4378 7092 4036 4722 828 1749 4012 7882 8464 7989 1769 2206 6459 2509 956 3942 8630 6837 9453 7189 5749 1098 8891 2630 964 1767 9217 6690 9836 665 9336 5491 5702 8726 1758 5251 7312 2521 2024 899 1187 6220 7151 7163 9087 2180 4059 6706 4532 7944 2210 9675 3698 8156 5180 3918 553 7131 6855 5866 2296 5651 4300 9377 6015 9968 4661 2846 1096 2014 5483 8334 2950 5504 6580 1019 9123 4863 5380 212 3934 9609 7356 3935 1494 4006 3620 4737 4190 8923 8983 4446 6512 4672 4774 8162 5162 9949 6325 5020 2503 1389 1693 1338 7736 3230 9788 149 1898 4579 9407 6996 6009 1440 7383 5485 3727 7501 8381 5678 4966 9907 8639 2575 147 1306 9098 9652 539 3897 231 1129 5338 1115 4339 6408 1247 6429 8187 6331 7015 2354 2727 5478 3188 4714 8255 3999 7809 5720 68 5368 9734 3278 2769 3125 9674 5268 676 7955 8789 1082 266 5886 3816 4393 8774 2583 7224 7655 5069 1016 8873 3261 3472 9318 393 2768 8337 5172 7216 7019 7695 5568 5387 460 850 225 1721 6778 7163 4220 8399 7390 6351 496 4344 2283 5502 1344 4085 681 6243 2390 5618 3607 1821 4919 3185 1921 3093 4093 73 3441 9485 7890 5476 6609 7295 191 9455 9720 3359 6628 4258 2196 4080 1187 8226 9170 7985 7129 3175 8470 2892 8240 553 6010 7921 7528 7249 9467 840 3738 2331 6168 8303 2988 4647 5859 5054 9361 9345 7184 4312 1333 3688 7097 300
8575 4598 6232 1589 1767 7178 1785 7069 0 3078 8303 124 9662 4491 5336 4953 1536 1746 7469 7919 5430 6871 3659 9011 4578 1408 8137 9849 1699 9458 6102 5930 9940 9272 748 9227 4710 9515 293 3807 4359 4168 5260 9010 4535 8157 9017 526 6910 6834 1988 1280 2371 8296 7718 1999 9396 6039 7062 8148 2935 638 8217 5200 85 7780 4444 7306 3351 9623 7792 9319 1594 6812 8632 2701 3041 1091 8088 2011 6549 5972 9253 3763 3731 3264 9068 3799 6345 5731 7597 6293 1024 5628 5233 9692 7343 127 5147 9105 8524 759 5510 5734 8725 4823 2206 3098 5888 5276 6258 9588 291 9844 3068 4908 5994 8736 9920 3466 5061 5321 7595 945 6694 2031 1267 5980 345 8199 4304 6591 4705 8040 6148 6698 2824 8562 7067 6076 40 8583 2556 61 2975 1380 9100 6574 9055 2114 4992 5684 3682 546 2711 719 6237 9728 6436 2215 5978 1095 8371 1325 855 8806 9087 6257 8314 4974 6115 9768 7884 1140 6078 4388 4363 9139 7813 2559 2285 6849 2530 2790 8394 1581 1025 1694 1509 6171 9330 3629 8000 7419 1551 8575 8333 319 8264 7649 2686 2142 6309 1943 2708 7944 6156 6463 4881 2909 6390 8018 8866 8080 7377 4475 5603 6810 8224 7431 3072 1885 705 4108 3166 713 1700 7106 7122 3857 1514 5633 4248 8391 4338 2881 2202 1432 3255 1179 7020 4137 8642 6830 5484 7602 9463 1624 7838 720 7295 831 7940 7724 8747 2680 7210 9809 1079 1650 9098 4105 7811 5292 142 3036 5621 7603 2155 5963 7582 9171 4183 9604 5901 6211 9562 2835 6000 3537 9102 6492 6928 7446 8685 4769 6216 4713 1607 7356 9899 2009 4634 7674 6098 4499 8740 5765 7964 4159
4373 5209 4598 5692 1786 7668 2038 2279 3078 0 666 7768 4068 6977 1044 3110 6730 6623 9616 3880 6675 661 3659 4704 4866 4993 2130 3309 6440 5302 8983 8217 5031 9080 4960 6921 9294 3505 1648 3829 7072 6 2646 5944 1483 8496 3556 6777 4729 765 4820 2875 8980 8445 4350 4670 8153 7857 8006 7024 4614 11 9315 8324 8857 6846 5624 1346 4539 7328 4089 8917 5336 9379 1050 7668 8679 3933 832 6909 6018 4452 1879 3254 6104 6232 7878 1746 8877 9327 6568 6520 9772 6781 6129 1718 1263 5642 907 7390 450 7643 7118 6168 5751 5977 3283 4424 7 5630 6651 8700 6707 9432 62 8743 5718 2580 8169 6415 2797 8857 9607 5809 2332 4769 2746 2450 4090 2734 7573 7190 7174 7611 4879 2623 9482 9511 1201 6334 5151 5326 818 3701 5503 6006 6823 5170 9017 3308 3289 9839 1102 575 8578 7945 3337 2433 3130 1732 9345 1965 8437 5096 7029 5460 6085 6790 7669 9753 9728 8474 4674 3059 9925 6509 1108 3292 4854 923 7369 2824 9336 6826 7243 1311 2269 8074 6891 8253 4062 8264 3841 4312 5571 7464 6053 2557 6124 9421 8889 5511 6109 3506 6659 8207 9375 6427 2695 7646 5581 5798 2178 1228 4198 1035 7359 5987 2333 1534 1009 1057 2563 7929 1046 832 3793 7000 9360 9376 8598 6657 913 7533 7053 4440 9517 7624 5574 8939 3183 9855 8987 4461 4773 4423 2029 6732 2289 4433 1878 4877 2217 7477 7050 6919 3358 7703 3555 9778 82 6764 5936 1740 6158 7516 960 2066 1994 8902 5586 1837 4849 4512 8426 9536 767 2906 7862 5987 8157 179 3009 5225 6023 2118 1454 5619 1855 9936 9011 1510 7600 9468 9395 4432 7274 6574 8995 2241
2022 6561 3447 5043 9131 1813 3270 1182 8303 666 0 8846 3077 8344 6055 8682 1353 5801 7478 3184 1435 1594 8316 9294 1738 9586 1656 4355 4748 4179 7745 3718 8115 3511 8254 4528 6616 6048 4608 7993 8246 6683 4943 6384 8015 6811 1357 9473 5211 5240 1109 6278 6249 2110 2740 6266 9154 3033 2866 265 5102 8024 2368 1063 7126 6550 1067 4894 3412 5517 4425 5451 8743 4105 953 4853 8922 3791 8732 2132 8768 1640 4749 8877 1221 942 8561 9183 9147 6637 5881 4947 3219 653 3653 4049 8271 7285 2833 4477 4269 7513 1053 9361 4694 8338 1178 399 5872 9238 3803 3060 7342 3065 8994 3943 2493 4102 2661 8697 9631 9083 5543 1886 2464 2908 9032 4554 9425 1244 6393 5113 816 258 3168 8763 847 3194 7403 5399 332 7760 2510 3992 2693 8644 8539 8266 432 701 1903 4334 821 1895 62 9212 2065 7030 887 7203 1996 7732 4189 6348 6446 5501 5864 3861 8169 5036 7824 9899 114 7571 9557 8421 4806 9854 800 8616 2974 5526 3417 1119 9313 272 7665 6802 9220 612 455 1482 3368 5168 9316 6160 722 1760 3430 6106 2026 1240 5563 3556 1510 7936 3578 9443 7987 2653 4811 7647 6289 3916 3466 8721 6969 5163 7760 6726 9962 232 9945 7734 2867 9105 4609 1084 4925 4817 8920 9505 3886 2774 4433 8902 5214 5979 4493 7961 1006 5345 9549 82 2758 4226 8180 728 9888 416 7514 2149 7210 1768 4666 3104 7995 898 6147 7947 3588 2939 9117 5727 8030 8551 215 1750 166 9978 1309 4632 4909 8110 3092 4888 5671 1446 9238 62 7331 7663 7513 6781 6479 152 3277 7572 5689 3677 5641 969 2550 5545 954 1107 4116 8569 1223 5355
5689 3016 6998 1855 5215 5365 9306 8909 124 7768 8846 0 9552 6655 8838 5870 4909 7789 9285 6049 3661 693 5483 6834 3668 9572 4799 9892 6838 8161 4366 4184 2997 6089 6278 6194 5157 8691 6942 4384 6962 8805 4488 3625 9222 525 9296 2587 8294 9213 1073 9126 7339 5048 9648 5170 9062 4411 8489 4064 7626 5363 7194 2071 5318 4325 8338 3046 2522 1466 9595 5653 3306 1106 3291 8247 8293 2422 9488 3747 7831 2161 9377 8958 2147 6554 6489 6057 4094 4924 3043 3146 1523 7707 7358 7040 8228 7367 6180 162 3200 2737 6904 3991 2269 2096 4938 884 4646 2690 5224 1979 9944 5526 7434 7190 4488 2314 9207 913 9210 4874 6457 6299 4194 1543 5980 7512 6554 6822 3528 1448 5341 6014 6189 6610 5876 7447 5743 3469 5521 6702 8387 2085 8346 7114 3776 1212 42 4827 5201 487 7761 5413 9590 1988 4754 5586 6291 5730 9045 3723 1820 3714 4070 136 9548 2259 6523 1121 4114 9426 4959 2081 2302 4089 2661 3241 2885 6015 4448 3586 2189 5647 8326 8144 3439 8470 3158 2775 1186 1276 4820 6500 1405 8073 1966 8248 722 4026 6132 3232 5719 2438 5460 759 6821 745 2544 2373 2427 5760 31 2368 34 3336 3899 1083 8720 4576 5909 8190 4332 919 8748 7938 1808 8839 501 5075 9950 5149 4865 4916 9116 734 5205 4933 6548 7043 2713 7928 9399 7508 6450 660 8708 3578 3415 2033 9848 6667 8566 1281 2308 9002 7691 4659 9164 204 4358 726 5538 4922 3327 3021 2222 3083 3896 1532 4389 9186 4356 5424 9148 1676 1626 4926 7124 2974 336 7152 3399 7792 7341 4594 9855 7105 5969 6706 2191 1374 481 1488 4874 4043 9159 9135 9947 2885
591 9356 4535 4689 6354 2286 666 1792 9662 4068 3077 9552 0 169 4679 6279 2932 9622 895 3846 8848 8104 7325 8419 8997 6536 7065 4310 287 7630 3171 9760 6201 4163 1832 82 4691 1822 421 5490 2900 8307 2391 3475 7744 2914 6275 5459 7869 6058 227 1416 6806 5469 4387 8310 6688 9287 1543 7905 407 3762 3792 4191 9681 5401 7772 2344 7203 7493 8500 1785 101 119 4924 667 114 6812 9506 9260 2847 9547 8504 6110 8777 9718 4061 4661 8930 510 7045 507 5425 7307 6115 8570 582 4233 1460 4237 6643 6378 1750 4185 1714 4106 4362 8185 5191 3987 5630 3622 2263 595 2730 2579 1010 184 5422 1782 4282 3983 5323 6391 2383 167 3146 223 6576 1461 7016 2986 4240 8473 7494 1477 5450 174 4423 77 5935 3766 2937 7599 309 336 2921 5686 9835 1684 9637 3426 5060 5383 9985 6518 9282 9787 5001 7865 277 663 7219 841 6883 8640 1720 8628 8889 8034 5293 6931 484 7127 8599 7452 1010 2025 1400 6905 7303 9963 1140 1457 7241 8440 8106 1765 9604 8033 6515 1558 4399 8819 9214 6069 9814 2624 3337 97 5082 450 8491 9944 4937 8661 6964 4302 4825 1827 6244 4523 1377 6560 8961 750 3900 1489 8956 4400 4013 7329 2518 2138 806 5399 7400 1890 9482 1316 1594 8394 5678 8874 7902 5618 7606 1150 1770 4782 3595 9211 3308 3841 2958 8196 4373 62 6686 7105 5672 1571 7910 824 5264 8192 9661 325 7248 9232 6957 5753 9376 3088 903 7379 3007 4042 8204 7886 7177 4563 6169 3744 5858 6873 177 2340 1648 677 1562 475 5003 4169 7054 7511 2975 6700 1987 9650 5954 4371 3424 3201 8620 5559 7964 4345 5102 822
6843 426 178 2612 8105 7172 4992 8180 4491 6977 8344 6655 169 0 5833 2733 1693 6747 3050 1639 9183 3423 3207 1142 7895 5326 5107 7494 9499 2096 7726 9942 5149 8059 8139 6993 9830 7023 2802 1390 6057 6167 4583 6487 2298 8783 5793 9219 6597 2703 358 9905 6731 186 797 3502 5974 1265 6691 6220 3162 4365 5519 7003 5295 2279 3598 6987 6122 9781 8094 5676 6371 4095 5210 5070 6139 3152 7203 3429 9322 6255 5887 2115 1593 1744 252 9018 9666 6933 8874 4818 4698 96 7357 8624 4063 306 5916 1332 4534 9301 7762 6377 707 3955 9949 6252 7297 9640 2093 1902 6740 1666 4156 5144 9927 2517 7256 1111 7373 3147 1368 7736 2260 9248 8668 838 79 3316 9082 2586 8923 4106 5488 52 5243 8294 1622 1983 5005 4966 5167 1888 7415 5161 9242 370 5167 7301 8569 3104 4844 7546 4467 3082 3643 1052 3480 3887 3995 5666 7060 2008 3347 4224 1707 6246 2621 7536 4290 81 5214 6666 9900 384 1103 3864 6787 5672 6825 9521 9945 9989 9971 8762 4097 8015 6933 3737 9740 7337 2901 1497 5867 30 6195 9697 8200 6288 9311 5309 2402 2118 4674 6619 2476 3658 4615 6901 8170 5924 4988 4741 1755 428 3153 727 6519 2793 9919 1383 5829 3255 8980 4381 8592 4605 5392 367 4732 227 2570 2000 2840 6729 5314 6856 8357 1818 2147 6830 8407 6676 5337 314 3113 7950 7383 2769 7376 2017 1494 7026 3930 316 1284 1608 7393 1115 3681 379 2103 1805 450 2633 1523 9758 3935 1912 9008 879 9593 7351 7488 5590 3150 4914 5381 8383 9953 8563 9690 950 2294 9908 6610 549 116 3711 6406 6469 9505 2911 9293 2945 5639 2860 2852 2068
8994 9827 3282 8755 5519 894 6328 8805 5336 1044 6055 8838 4679 5833 0 4942 9321 9094 2193 4025 2223 1335 9465 553 7945 7708 4311 522 1891 2161 4910 9029 7721 6363 1033 4397 354 8585 1818 5358 7633 3819 6077 1026 90 2772 1282 7189 4852 7136 1990 6045 5690 1678 1576 6579 4151 6926 4491 1835 1734 9244 5404 6872 6475 9526 8915 6928 4919 9289 8157 8020 1968 8398 5094 2390 7762 5696 7886 6636 9307 3845 1456 9755 5752 5867 6854 7507 3772 2871 2156 1404 6087 1692 3340 4555 9505 9350 8369 5095 3214 5493 8267 7191 7327 6175 9827 1248 5974 4714 486 9972 8474 6068 9916 7713 5747 7673 7860 6922 4284 4844 6530 70 7616 6839 4577 3142 9067 7630 292 8694 8247 5237 5536 4797 4426 5248 3679 9785 5382 9369 7186 9823 1993 9914 2512 9091 858 5699 5224 8641 6886 5861 5929 2294 1280 3949 8579 6236 6865 955 859 4864 9402 9968 6973 4961 3565 8098 9405 7485 19 6325 6878 9143 4713 6349 8669 6822 2382 8593 9175 5087 2785 3861 4574 6356 5515 2315 7181 8638 8054 2922 6318 5051 5146 5049 3285 6374 7222 7060 5184 1471 9658 5430 5138 1535 8137 520 7222 5462 9299 7039 1895 9432 923 4570 293 7176 797 22 1512 4153 7918 5023 2670 4007 7240 4106 7632 6314 1900 6884 5102 2751 5198 5750 8876 456 4350 7172 9717 2938 8474 4141 6353 962 9179 1299 7104 846 6135 8946 7534 7013 8962 9498 8831 9376 7412 1186 6548 8778 674 8871 7775 9496 8108 8115 2924 2258 2634 4826 1090 4886 1806 6492 6433 4590 3001 2979 6623 7196 402 9672 7588 9857 3354 1372 229 1230 7684 912 688 7863 2696 4691 1126 139
3393 3193 6588 2847 2521 8040 4095 5924 4953 3110 8682 5870 6279 2733 4942 0 3276 6625 2675 9495 9888 3180 249 2555 3100 8503 3145 3980 8297 6591 5681 6622 7128 2139 6593 7606 6911 9679 6039 6705 6715 1542 3803 5215 3933 4664 8767 7141 2565 6989 3496 9151 1430 4184 752 8732 4574 7425 7318 3163 7791 6037 6808 4765 2252 7191 1308 6832 8523 5622 5245 2108 5245 7722 1385 9909 7470 6122 8683 1605 7588 5778 3314 2368 1716 1282 6435 9378 1902 7489 836 667 7661 8236 8728 1774 1230 7737 8191 5818 1644 8926 3504 5247 7829 9886 8321 6966 8534 5621 5679 5174 6775 2751 8899 1247 2021 2538 1402 1423 5783 2551 4737 7986 222 2654 7678 2733 6813 8742 847 4445 341 5879 5856 7320 5217 6360 440 1261 8680 8961 6845 38 5544 7019 3012 9265 2741 5641 8934 1267 8558 8393 3383 6128 9949 4358 5974 8111 4981 2226 1632 6888 5041 9397 1032 8436 7252 8489 161 6605 2185 8442 1403 5528 3235 5553 784 8454 5762 9728 9210 5135 7484 863 6624 8431 3057 1627 2021 4751 5102 8185 5995 3353 4042 1192 8300 6088 8899 864 9494 8349 7928 919 9697 5850 4891 8907 5337 2194 7499 6551 7955 1149 5371 8998 4763 1816 9250 2206 1367 6888 8407 3280 4834 6058 7965 2458 1898 7160 4793 5398 5225 8624 7775 6064 9739 4821 2138 5974 2570 2639 1145 8879 8544 8406 7328 7777 9083 1444 2553 8817 5067 1515 6052 9379 9858 3575 4991 8066 3027 4934 4653 4972 4657 6143 8244 4129 6092 38 1507 2117 8659 3105 512 4214 8801 8688 8836 3823 1486 6704 6128 8511 1869 3382 6068 9551 7935 3514 3253 4023 7878 5595 7932 245 6817 3985
300 6618 9645 5581 6113 6378 6215 2614 1536 6730 1353 4909 2932 1693 9321 3276 0 3773 91 4269 3215 1582 1309 5676 8015 2384 8504 3970 4341 2171 308 4560 389 2024 489 4187 8254 8366 7917 7587 6475 4846 5430 1471 335 7733 3247 1175 4656 6928 7762 617 943 4291 4137 3397 9771 792 962 5551 9158 901 4571 2089 8897 5741 4508 319 5599 6557 5391 5037 638 7155 9687 3590 7044 906 2097 7510 2215 7022 35 9863 9439 9353 5746 3817 8749 6413 7844 7202 5605 754 7130 3858 9712 9857 3121 1093 9928 7558 1102 3647 6002 6084 9759 9585 6710 8629 6846 8109 2346 3548 5761 326 7194 9526 8939 1127 3416 5192 4022 297 135 8377 2642 766 5342 8945 1220 6644 609 3751 7112 5046 4447 664 1126 5302 690 3911 8347 6508 7090 1732 3286 5012 3336 9167 2758 96 8786 3997 210 3263 2482 1698 8102 5299 2662 7741 3282 6989 7345 183 7304 1512 9672 6901 5368 1698 7685 2687 395 2292 6371 8546 9838 8148 1239 3864 172 4108 7701 3714 9217 4289 6659 899 5190 6305 1435 2650 8130 8724 8467 1906 1781 7336 8948 9972 8105 5786 9244 2206 229 5735 486 4370 3972 3850 8445 9893 3604 5894 5286 2499 789 3721 9019 5133 681 3843 887 885 9673 95 2024 3587 928 2426 5295 907 9516 4203 8633 7946 1657 2991 2816 9291 8764 1368 6312 3297 3585 898 4225 2264 100 5966 6115 2232 2518 5278 6308 3550 5434 590 6457 4080 2094 4438 3520 3628 4258 1085 1006 2537 1779 4791 2044 260 5702 1809 3956 9099 7372 703 4932 8416 4289 9914 1528 1591 9225 8873 9758 3757 4114 8761 3810 1237 5120 7328 2667 3486 4536 7917
974 1603 2940 8731 9241 1933 3362 9693 1746 6623 5801 7789 9622 6747 9094 6625 3773 0 8236 3311 9097 8911 3169 6081 2387 4207 2210 5038 4254 1825 6405 1126 1169 1398 4859 8059 1038 6326 467 4540 9972 4203 4391 341 942 4470 868 5118 7998 918 6913 5023 9151 4804 1874 8287 1435 6239 4716 7196 1946 4355 3626 8224 8555 9132 1460 8677 1008 3899 5848 6267 6292 5803 9858 9357 4885 3059 3456 2663 7425 4787 9336 3751 1482 729 3625 579 7764 4657 8424 7983 6458 7487 8103 4592 9269 8954 3346 4528 5181 2476 4483 3614 1418 8097 5636 3817 9889 2866 9775 8946 9572 5580 7573 8595 1819 4315 5002 9427 8544 7351 7308 1903 4986 9770 9605 3122 3917 5858 7759 1842 9773 4073 3986 9450 7669 3578 6489 9676 9695 7945 7389 7765 5066 8138 528 625 7211 9690 4975 7827 2338 4343 940 6369 9544 1496 8236 8133 2033 5536 236 7687 7606 2030 115 1089 634 1075 7290 2167 7963 6747 2829 3182 7122 8181 3341 6643 5895 6919 1433 442 1236 1012 9629 983 4376 9554 3330 4833 6317 4513 6060 3084 2382 5317 8966 2507 2280 1196 3957 668 1271 785 9803 7366 9260 1552 8759 8644 2176 6832 7783 5049 3222 5688 8491 3263 8608 1545 177 6980 8972 235 4814 1 3413 9304 7710 7732 2713 379 7908 9199 3518 4313 1166 9314 2209 2848 9366 8087 9984 7226 3011 3112 550 6043 160 1690 6272 6321 8851 4829 1849 6656 8795 2372 9711 5143 6256 1652 4698 6593 1107 1118 2191 2821 6743 5171 9051 605 1533 845 4894 6038 2459 5718 3297 9227 9168 8115 9701 1011 451 8930 1602 4254 9415 1807 5933 8129 4529 5549 8493 9241 1532 6553
9397 2023 1028 8318 8372 7069 8519 6723 7469 9616 7478 9285 895 3050 2193 2675 91 8236 0 3866 9548 8605 936 8273 404 557 1408 38 2159 3705 9239 1680 9937 6985 6900 7944 720 4354 7716 755 4892 7790 4002 3414 9727 2395 2247 1572 5920 8497 3791 744 6411 3809 9967 4282 6548 6448 9546 3638 4373 6489 7935 9374 9486 3909 5118 9571 5359 6587 7749 1807 2239 6655 6032 9251 695 4776 7139 7411 7624 35 8073 237 8806 9858 8261 2213 7214 6126 7500 2808 1416 2879 4128 2126 2123 7299 3363 5865 4818 8503 1058 911 9978 6663 3520 4659 2952 2423 1417 66 9627 5357 573 3114 7898 3300 7719 6086 3411 6503 5012 8472 1350 4835 7144 3231 8621 2436 9356 2689 2502 1307 6721 5506 184 6324 578 8094 6543 3271 8910 4707 2760 2842 484 7094 544 7866 8589 2217 1236 384 6488 4498 7090 4348 4226 9259 4381 3049 6352 3594 334 6171 2386 3066 8807 6988 697 4214 7284 8095 3250 6292 7569 6864 3249 7991 3100 8271 7383 5854 1956 7061 189 7541 5690 3891 6991 1296 9271 7176 2393 8359 3710 4290 9527 2029 283 2384 1449 4785 5159 463 799 6415 972 7276 5351 8364 2879 2131 5956 6101 21 9213 9575 4055 271 9295 7295 8118 3196 7967 8900 7895 9396 3530 5130 7098 1690 1818 4173 1263 6289 5990 7507 8871 5536 1873 8242 8768 3871 9432 3392 1342 4011 1281 7622 383 9055 5051 6193 2207 7659 142 3922 1269 4423 4786 6298 284 8019 7121 3002 869 8200 9866 4837 3079 9470 6702 4923 1479 1539 6875 457 941 9614 5460 2646 6954 1006 3601 2000 5917 6675 925 3071 186 9278 6483 1054 634 557 3885 7890 1791
3444 3591 5455 6919 7321 44 7856 8076 7919 3880 3184 6049 3846 1639 4025 9495 4269 3311 3866 0 5229 3262 5727 6249 6888 8886 9518 8092 2826 3154 1406 2427 8912 1797 8119 471 2179 8632 6542 2394 6465 5114 5187 4486 9833 2333 6395 7430 4276 5108 7041 9554 7412 733 2491 8253 7141 5403 872 7333 1336 8952 1042 4094 1965 2275 6104 4579 4478 5282 9326 1098 4050 5434 8905 4788 7742 5048 1402 7139 5930 8459 4788 9006 9387 8255 3615 4135 5696 4889 8638 8452 9825 1467 184 3438 8568 4762 6609 7070 8563 6118 1266 4584 6546 6892 8574 6833 5683 8468 3640 2393 7388 9827 4751 7851 3585 9264 273 1484 6638 8226 7970 6728 8011 9556 7933 845 8653 396 1338 5742 1962 8712 9358 8502 4389 8215 6213 8120 7187 9607 4339 9103 2185 180 7297 8230 1184 1987 9352 5691 5279 4259 5954 9129 3917 966 4654 1872 440 4548 9528 554 1998 1927 7057 1704 1665 7148 4821 4901 3209 5072 1999 4302 9493 2868 2220 9617 8048 1100 6198 1926 1701 7612 8463 9866 9888 1078 5778 410 3083 3012 7109 6715 1782 5236 3698 8164 4062 1121 4509 2734 7028 571 9433 149 3554 5344 9530 7392 3797 4284 6531 9733 1838 8546 12 5416 9092 2047 5968 4727 8458 9280 6328 8280 5770 6285 912 4531 1111 3302 8263 5601 7903 4327 6458 6790 58 9186 9451 9676 265 1632 9471 7274 2807 9895 3843 3032 8749 3839 54 8916 756 4972 1915 6634 1245 2293 7484 7990 7286 3193 1689 2340 4952 9536 3503 4920 8239 7968 8818 7460 564 5058 1919 1496 5788 2804 3991 6966 634 9087 8971 7313 3196 2586 2604 3403 23 4141 2762 6957 8514 913 6549 2731
3695 3834 2808 9183 7137 4372 3657 9361 5430 6675 1435 3661 8848 9183 2223 9888 3215 9097 9548 5229 0 2512 4739 2901 6893 3106 5503 4388 4730 1511 1411 9688 3506 7299 8120 3665 3878 7831 345 1526 9159 6087 6904 5532 6543 9066 1450 9976 4641 8330 8916 8145 6020 6173 3986 2189 2252 9633 3182 957 9515 7734 3656 2419 4255 9722 5753 5435 7683 1346 3606 4541 1599 2678 5774 6840 3546 345 1272 4299 8492 527 8325 9833 5587 4024 4739 4297 7568 2115 4911 24 6219 8406 8285 4512 652 9839 2906 4168 5933 8321 2790 770 7180 8599 2983 9145 9969 4967 2873 2864 3357 7989 1029 7740 5877 7794 8809 4964 4506 5326 3678 9735 4574 9847 37 187 9088 5352 8744 2584 4068 1525 8057 7031 8827 3434 6834 4640 8864 4986 1629 665 5293 8781 5300 6467 9942 3189 8868 2352 3888 6537 4872 4027 5133 635 6007 3729 5487 2778 806 9930 9228 6403 4160 4671 2529 8257 539 859 5872 3270 9886 6711 8760 2033 5358 2994 896 7859 2721 9097 3003 8352 7564 7928 4812 5188 7713 337 6013 3406 263 6915 9192 9001 2452 2166 428 7291 992 8084 2490 8444 4072 9814 7220 2743 7900 646 9077 9857 6839 6985 2533 829 1087 9897 8448 1960 4145 3386 1805 3710 6237 9184 9648 3633 4411 7272 5709 1055 9781 7702 8545 7035 529 934 6834 9937 1363 2327 9291 680 7119 556 1146 8620 6817 6248 8670 972 8543 8705 2309 6157 2008 1433 7841 2860 8731 2826 8719 4874 2475 6003 7596 3269 5349 1577 5857 3755 9549 565 816 368 8948 9143 8191 7002 9186 3547 6724 4894 8597 1393 5901 2397 9092 7309 7627 4853 4081 7276 5835 341 6400 8880
2377 9242 1783 1253 645 5518 1796 9199 6871 661 1594 693 8104 3423 1335 3180 1582 8911 8605 3262 2512 0 7404 3842 8052 7415 6894 7754 9952 4223 6985 4103 9497 8933 5123 2266 4597 6427 3534 6572 5847 5737 366 6687 8490 5390 6903 4232 6832 80 9455 1145 8952 6459 8148 1484 4871 8813 1349 4038 5045 7491 4255 4534 164 9406 4733 2383 7834 2 1411 958 5454 8815 4985 3760 1275 2547 6995 5686 7485 8372 3913 464 9253 4972 4603 3687 1993 6357 3954 5889 5377 7550 9890 53 447 2250 1892 9531 3456 1113 3944 6749 6049 9129 565 6143 7536 5639 3629 265 2377 88 742 166 4477 4754 8757 1060 9757 8372 3239 5008 1002 3427 6015 9431 2837 1475 2574 2787 8345 1758 5501 4785 551 9393 8366 5307 8703 9644 1582 5048 9268 4682 2930 8562 3322 9261 3791 7339 1587 3638 9158 5620 8246 4796 3672 2350 8864 7098 9656 848 6166 4504 4058 7121 3299 7647 3820 2059 2283 265 8803 6550 8666 2780 7451 1994 5080 243 5007 4199 8858 7541 6362 1086 1457 9950 6790 4216 2090 6614 8776 6938 7135 1200 9603 6619 5970 8203 9643 5949 4029 1071 5870 7022 2976 2245 1990 9068 863 7552 7255 3931 3377 8767 6723 7683 8026 9697 8940 8093 5722 1635 3738 3768 5067 7095 5129 9179 4626 7941 6626 7725 5675 8771 5004 5542 1366 6733 6503 7811 5654 5371 7415 5558 2718 4344 4252 8606 3635 6634 4993 5755 7134 7439 4611 6088 4457 8015 5779 3552 655 159 8585 7226 7770 2932 6171 2771 8128 1683 2621 7965 5383 8217 6903 2292 8477 1912 5588 6754 3108 7360 5535 2395 4630 8461 3215 8424 1176 7273 1829 9974 9240 2925 7774 502
9352 7017 6381 5978 5281 1430 8097 2471 3659 3659 8316 5483 7325 3207 9465 249 1309 3169 936 5727 4739 7404 0 4047 1465 8375 5837 2773 6338 3498 3252 4780 5527 6113 8706 4791 8692 6937 7733 7115 2262 9690 2639 416 4834 5567 1987 5739 6012 829 2707 1746 2654 2811 3203 6378 8637 614 9694 7106 9934 2112 8241 1310 6492 2564 3925 7235 8656 9650 1448 3156 7409 5271 5153 5703 6029 9746 9023 3360 8832 9963 3882 9749 7601 994 4772 6245 4237 6595 1636 7562 9860 929 9944 2444 6732 902 7435 272 6457 1507 3403 8096 3129 7961 8117 9594 1656 7172 2612 6725 731 9680 3145 8282 8013 9675 4256 1590 8427 4481 3484 3320 2101 7614 7030 3105 6237 7624 7743 2928 5031 8081 1842 4255 3925 2447 3993 1351 7106 6626 5622 2359 5940 5121 7597 7993 5499 7120 8372 5436 9147 5677 8013 7567 7376 7952 3390 6145 7892 8066 4819 5287 9183 8198 8639 9114 5270 128 336 7892 467 3230 5095 439 5424 5126 8031 1103 3208 4656 9600 6645 7971 246 4996 6299 4833 4845 8519 1547 8571 950 2062 1836 7958 7937 6306 2017 4315 8479 1451 7331 9979 9459 3864 9447 6800 4267 7074 6655 4609 3449 2496 7646 570 1948 279 1063 2986 3974 3980 1877 792 1671 7092 3335 6213 4730 268 5949 9684 2376 3889 5175 1744 266 1468 3905 5143 8715 6973 3821 1531 8746 5503 8896 6455 7824 9511 8006 1693 4649 2323 5944 5725 6887 1416 3583 346 6953 579 454 827 3723 8866 8198 8332 8722 1468 6858 7216 2004 9823 3354 7778 8614 2472 6953 7946 2544 7501 1276 4202 4575 3392 1495 8064 2534 5440 2141 8705 6630 3383 65 8009 7017 9538 7289
7137 245 1302 4130 3477 2241 442 800 9011 4704 9294 6834 8419 1142 553 2555 5676 6081 8273 6249 2901 3842 4047 0 5405 5055 5354 2959 9910 1465 9316 4835 2185 9971 6818 5819 1846 5346 4250 5405 7017 6059 227 2680 1416 9233 9515 9979 3557 5365 3205 5944 5743 6397 9308 8477 1407 5319 4443 6624 4476 9594 7162 1071 7768 5663 4316 3734 8224 7436 8490 7394 2728 6450 5391 4718 6377 9391 2179 3975 9273 7769 5765 852 7118 2623 7351 2220 54 9663 4066 6250 8723 9760 4600 7888 2692 6061 2183 1672 6186 8745 2466 6389 5278 3594 1391 2506 5255 7829 1563 714 4809 5527 293 6743 9976 1458 4937 3781 8617 7055 5766 9082 8761 1806 112 9791 7850 507 9001 1672 6166 4057 9860 7119 9796 1722 8791 1632 2203 4146 2824 3009 7711 6328 6825 8013 6710 7599 9892 362 9402 1255 1159 6519 1334 4951 6219 2502 7449 9869 504 6372 2243 4379 4842 6447 4411 7230 1246 4309 3855 2941 4360 3798 8832 4217 610 6341 1762 243 6745 3844 8604 8390 4720 6992 7346 5303 4287 2017 9765 1549 2605 6071 457 2430 5968 9324 2848 2671 6886 8817 6452 3076 4399 236 2929 8121 8346 523 576 3172 7661 1002 6101 3405 5489 9361 9568 8731 9394 862 5211 9305 5835 9343 465 5040 8475 3011 4281 37 3918 6932 7353 6664 3758 2115 7334 5547 1809 1638 478 830 3414 8052 2914 557 2534 9500 9349 4164 455 3423 3639 9015 6497 756 8389 4712 8878 9315 7924 9440 4396 6928 3345 5378 3345 5016 8672 6747 1257 3300 6827 7080 5953 3752 6901 5319 6876 8683 4565 4777 4468 4042 7104 508 2291 6064 623 5880 8444 8220 2226 760 1760 3081
2382 1229 1542 9781 724 7520 836 4871 4578 4866 1738 3668 8997 7895 7945 3100 8015 2387 404 6888 6893 8052 1465 5405 0 1601 1442 3024 647 7555 7575 4678 5661 5689 6220 1253 7940 6762 109 2027 3165 1576 4641 2663 4397 35 3794 8316 7154 4165 4270 7782 8514 523 7145 5610 1942 2337 1246 2548 4392 1415 3910 6812 2099 3121 2960 7109 3679 9783 9384 8163 6070 2202 8002 9090 6383 1881 5084 9862 4335 3378 9709 7551 1346 329 3767 6555 2090 7017 8556 5181 30 5776 5895 8330 1023 2132 7957 915 2015 326 526 4517 7575 8044 8594 1001 9564 3564 9706 3848 2424 3879 7399 9406 7767 8988 7847 2665 8186 5766 6324 1025 5759 7881 8019 3548 1677 9952 2334 8931 8193 656 1660 6536 4817 5621 8049 7705 4169 4685 3844 1308 8530 5096 8860 4298 5256 1075 8302 7486 5393 922 6163 8447 5677 1674 5353 1883 3639 2341 8825 60 428 1945 1134 7433 1939 5628 288 4217 3910 6918 7248 8253 4194 9978 934 6140 4145 1568 680 1083 8600 4150 7017 4414 4221 2855 5091 7007 2599 4197 6390 5165 5958 9907 8000 142 8299 1590 2354 9823 947 9288 5166 3744 4984 3181 5136 6866 9477 8710 6218 1892 7391 8083 4548 3310 2245 8827 9836 8804 1715 7455 803 4678 1486 7064 8414 731 4103 1242 3040 1968 773 6219 8433 8348 1281 4146 3308 9038 4369 8029 8014 2534 9362 2202 9276 7665 3921 1466 2407 5668 1613 2348 9374 6199 5373 1237 5607 5046 7126 7250 947 5698 5706 3445 1550 3005 5215 4280 1253 2264 4403 8143 2213 4305 3325 4655 8852 759 8125 4566 5162 1474 6649 5762 1964 3111 8041 4025 6666 824 4270 1301 8157 5272
4354 4148 7247 8099 8592 5018 6583 2329 1408 4993 9586 9572 6536 5326 7708 8503 2384 4207 557 8886 3106 7415 8375 5055 1601 0 1745 5921 2765 4187 5284 8552 2931 8440 1372 1331 6749 7153 2430 1018 592 9561 6675 6732 1359 9263 3528 5946 514 3357 884 2373 5411 1519 5934 1599 6621 2710 5545 4568 2226 84 9968 8488 9201 83 6307 2958 262 3470 1017 1021 4308 1642 1377 3419 6032 3989 1999 9183 7092 5149 901 8606 6004 2827 6497 1882 928 7813 6686 9305 2150 9790 8263 9383 7905 6272 6151 8376 5681 3618 573 9771 5466 2099 8368 3249 4459 5324 3767 2572 7138 9341 3283 8393 5940 9861 6123 4545 8856 1 4328 6171 7187 5379 7297 5553 1733 7006 83 3551 2975 8743 177 7511 911 4135 6846 8923 8596 6636 3477 5461 9803 6425 6811 4160 4448 2569 280 4931 4817 2021 8739 7782 1548 6692 3823 405 6166 3668 2925 3951 8424 3557 9517 4374 7542 9008 3791 8045 6661 1655 1941 8595 6627 3399 7307 6877 1585 6939 6770 7771 2324 682 5197 8439 7917 7053 5814 8533 3600 6161 5120 3133 3265 8415 5644 3973 6301 1925 816 3571 4827 7947 1736 6618 574 1182 3883 6216 3128 2872 1575 6945 6515 7477 3597 2949 9165 4053 2400 7123 4383 8813 6553 529 7265 6716 530 2842 4081 6134 3035 8352 7097 9718 6761 7124 6108 9663 1554 4141 9420 4432 7631 1542 8479 9408 6678 9431 2334 6626 8767 7176 603 862 3583 1262 7915 1755 5339 7811 656 3102 8613 4090 1404 7624 4753 3628 7547 8322 6671 9556 3652 9279 8974 3467 9873 9007 8847 2872 1849 5738 7162 9068 8850 2218 6126 4547 6170 7292 2597 8462 9152 9298 7362 4535
4503 748 2210 706 8115 2360 8469 177 8137 2130 1656 4799 7065 5107 4311 3145 8504 2210 1408 9518 5503 6894 5837 5354 1442 1745 0 4853 8612 6383 7900 6998 6303 899 1896 4871 7545 6596 8730 6879 7413 6655 4174 646 1468 2166 7940 9181 5320 404 4387 7140 6460 6839 8854 9834 5188 2904 6560 7677 2483 8981 6526 2321 3633 7534 6327 8959 1405 7416 152 9717 4245 2149 3421 3651 16 903 967 8411 6615 211 1807 2168 367 3171 246 93 1558 8851 4558 1017 8997 3804 9789 4137 6973 4461 6460 7210 9208 4408 1644 1656 5385 1127 5292 5581 3335 8836 2803 6168 6729 9690 5974 1043 9819 2052 9481 5958 8593 2132 996 3713 6502 6787 812 1885 6117 8288 9930 9986 3851 2604 8800 6025 3920 5694 3674 3875 6216 9419 7972 1950 7868 7020 9883 211 4694 9510 2909 6173 8413 8523 5592 3619 4374 4578 6636 8493 536 5763 5048 4396 160 1537 7329 3159 6167 9316 934 5433 4260 9024 7205 5688 5127 9416 5719 2380 9964 4955 9860 8287 5828 7047 7424 3588 3986 8830 3648 4097 4011 4629 6929 183 8685 3312 4485 2565 6625 8755 5890 1083 1210 5300 6563 5101 9977 4818 5883 9628 289 4117 5033 7040 3701 5915 5909 1565 6331 4494 8270 2288 929 7861 9003 2830 1049 9670 4452 278 9000 5780 2461 2791 9797 188 2621 9068 7481 3702 6859 5968 7352 6779 3920 503 5378 8709 8837 8913 1220 8444 7267 2378 4191 7903 8734 2192 5727 4726 5928 7751 6215 5550 2595 6899 4415 4890 9847 972 6274 2744 8733 8375 6174 56 3632 6701 7066 1452 2954 4661 3322 3515 9327 7025 458 273 1308 9391 1933 8294 4883 3449 9899 4387 2539 4804
