150
0 5988 8796 1046 8157 964 270 7042 3161 138 8489 8574 3930 6589 1965 6486 3657 3927 4747 5708 3007 5965 7466 1311 4339 4694 6468 842 6932 5963 2230 5171 7439 3357 81 8299 2898 7879 2306 7925 9637 6582 7362 8760 7753 7559 644 3661 8935 5736 8476 70 730 1985 6302 9119 7860 4121 4217 2347 494 3860 5056 5680 167 7629 1753 8934 817 3746 889 7908 7935 8797 4066 4459 6930 4097 2166 5972 5920 5568 5660 6863 7782 5298 2379 5455 1001 2438 1649 7641 8742 3726 8250 5690 3774 8570 7875 2409 9992 6836 1423 4801 2699 8680 2768 6824 5946 8188 9014 7255 9725 6564 9060 7657 7306 1106 8781 3640 126 9796 8852 6572 9390 3824 1393 7746 2753 7898 694 1100 369 898 5008 723 7118 4343 2186 8360 6371 8311 1776 8174 4397 6626 2674 5639 2985 3181
5988 0 8568 5987 1634 8531 7636 3346 1924 9158 5960 4312 3217 8434 8431 866 9768 2986 673 6141 9497 4282 5170 5170 439 8555 6440 7140 144 1145 8862 9951 5922 9364 6771 1285 293 7040 4574 7717 5743 7541 9645 5386 2081 4079 1571 8929 3227 1448 4898 9012 2341 3012 9842 6926 9042 8205 3718 2805 1130 2096 2066 2713 3445 9076 667 4564 5138 7218 3020 8727 8565 8747 337 8092 7719 4691 204 2042 9906 8792 2667 1511 6537 5215 2534 1997 6946 7456 9898 9365 9318 8240 7675 5616 9777 4398 2447 5819 408 7884 9484 9459 7769 275 6846 817 3333 1595 5238 7428 5419 1770 7585 8755 6690 1377 979 6623 5013 3203 8685 4478 52 2179 8213 4698 6774 7799 8083 336 4077 3432 9761 3566 9353 4768 4304 8161 2756 3779 3843 4931 3661 6937 5755 717 777 1984
8796 8568 0 1866 182 6918 9186 7978 6621 6181 6239 23 4271 7282 1768 650 7321 3011 6811 368 5088 856 6753 5264 7114 9 5322 127 4880 1969 7652 3946 1923 804 3197 8472 1373 6977 2814 318 4909 8350 9388 8639 5998 453 1711 3689 7527 4896 7892 5471 3066 5549 9324 3970 459 3349 298 6155 4332 409 1049 9226 4895 5865 6048 6761 1828 3965 6353 6634 4909 6813 542 3110 9502 4863 2643 3183 6718 4795 4085 58 6562 5367 2196 4196 3682 6772 3814 4449 5354 9521 9357 8598 8665 3568 9248 2926 3502 409 1524 6328 85 8930 6194 5554 7778 636 6556 7915 4707 7268 3814 4228 8308 6351 6627 8273 9058 4316 3689 2251 4921 2 936 1484 766 3404 7545 7543 9497 564 5922 524 7850 3125 1126 637 5078 1189 3293 1253 5991 1924 8409 3803 5932 4192
1046 5987 1866 0 445 200 8046 9759 7217 9806 2368 5624 7106 227 2852 9468 4958 9505 6434 4153 8017 3156 8865 5986 4662 4278 9032 5860 8529 2239 910 7903 2616 9170 3466 9774 1721 15 8242 5567 4799 279 3982 6230 7623 6182 410 6585 1959 4068 4966 5847 4188 1038 2386 8561 2339 5066 1428 1126 8358 9705 1982 5822 4275 2125 7894 1432 2008 8128 6010 8826 1250 1098 6275 2231 9501 1977 1653 6114 2912 9139 337 2411 673 6929 3432 8297 6541 9532 4516 582 1742 1263 9315 6973 5097 2393 488 7843 6820 8725 6501 9676 5173 1700 6684 9011 7561 6330 5107 1411 9133 4220 1028 1287 2467 7260 4202 8764 5112 9578 5037 844 9360 4472 7366 1784 258 451 1088 1437 5922 4132 8344 5713 5100 5506 5056 2804 2732 8513 7508 4748 3698 7335 4179 3170 3166 421
8157 1634 182 445 0 9989 9606 6290 9607 8872 4745 9250 1612 8044 9236 3682 275 3632 1674 9741 262 177 8787 2410 1997 367 4573 9730 6655 8958 6640 8988 8383 9242 9322 2821 1280 8715 9812 6156 7152 1272 3841 2164 7759 7542 3624 5069 5984 9716 6524 2198 5156 6779 281 7539 2712 416 3097 2378 6630 6222 3722 6762 9456 2669 6201 5617 3418 6070 5867 370 9396 662 6676 4664 3274 6846 4172 8880 9199 681 12 4090 2861 9707 5989 6596 8835 1714 7982 2403 7565 7433 142 5884 8106 9593 843 8506 6880 7833 297 5979 8001 4714 8965 359 4087 5029 7048 130 1668 7427 7361 3210 6000 3011 7126 4735 6773 5566 143 5648 7635 7726 4744 8485 1893 9277 2767 6064 5319 7315 4132 379 3525 9054 8785 7802 4902 5951 4459 5055 9509 3602 4884 5028 7308 5415
964 8531 6918 200 9989 0 6516 8417 3240 3584 8775 2609 4749 2580 4393 8118 7019 5232 7707 8003 1382 9294 7032 3452 7048 3005 2507 9184 2443 7449 8963 7759 3622 6174 5074 2732 1159 197 1961 7825 2503 1555 8264 7583 370 5209 2733 1578 4069 6478 7148 1349 7246 8939 8038 3972 9440 2346 6387 4006 1456 2616 1785 9726 9974 9462 6190 8230 733 7684 4981 3168 8071 6842 9899 8362 7890 4689 3664 1136 603 6969 8810 9910 3628 1512 27 157 4641 523 2593 9798 1222 3573 6737 5757 7120 4402 855 79 3871 9126 4206 5116 9356 5578 3784 9553 4555 2255 338 6929 3500 1701 2105 6294 7955 8412 509 2532 2966 4399 4289 2527 3634 6377 3702 9449 3296 1115 429 4272 5345 743 1033 4746 6434 4118 7471 1199 9322 1820 2121 2237 454 8551 4886 3446 3187 8144
270 7636 9186 8046 9606 6516 0 7853 4521 3097 9353 7126 3371 1378 7492 5603 1317 9166 516 9016 632 4082 3188 6541 4544 8253 5768 4476 7648 3199 7995 7904 6539 1869 1306 2408 2667 1439 8386 6146 6319 7466 83 8539 6415 12 774 1714 1438 2380 6336 3110 5301 8725 8732 8304 5122 9300 4993 8500 4030 4017 2064 1253 4720 9145 6277 643 758 4237 5393 664 5068 366 3557 2842 8466 129 2870 4299 2565 9988 4954 204 346 2580 2646 7589 5327 5397 9047 413 8829 9164 8523 1959 606 165 872 7398 3596 7176 8396 643 9166 4762 2360 5947 443 825 8397 3817 4659 6063 8462 2448 5621 1443 9320 2577 5795 3682 577 870 6330 9249 9122 1620 7823 8603 9062 1351 6375 1211 9350 9878 6733 4391 7388 7174 3264 1599 1903 8082 4059 147 4836 2154 7893 2051
7042 3346 7978 9759 6290 8417 7853 0 6356 3718 2101 7702 8032 7358 8834 3107 7103 7389 2010 4261 2448 6772 8451 6009 4193 9923 2650 7937 8059 101 4300 9040 6449 7781 847 4395 2340 8079 7271 8154 6804 2850 6476 5568 6930 9647 4566 2122 8692 9491 2702 5561 1207 9307 9601 8424 500 1507 4671 9389 3660 8473 3039 9304 8628 4205 1115 6530 9857 6109 2889 8629 5476 4799 6754 9879 3227 63 3356 4070 1158 9509 8133 7606 1348 8931 3288 8801 3849 1266 7819 986 8622 1425 7756 3184 5240 6180 5809 5285 5738 7547 8344 20 1519 4820 6907 1248 374 6499 1547 3071 3645 5051 3373 3144 5210 2139 8991 6217 4392 2645 7620 3831 436 8 4876 7989 2693 3614 6807 3738 8387 6517 6058 3049 9777 1638 5111 4821 385 8668 9198 475 5220 1885 582 1164 5096 7348
3161 1924 6621 7217 9607 3240 4521 6356 0 4402 1047 5296 8456 8368 8342 7200 7386 8042 8879 3671 6150 2617 1117 6793 1010 3125 1206 9210 5600 6706 7278 3696 6621 2359 8326 8781 8077 9868 472 1845 8931 5683 1063 8058 8221 1111 6888 2015 7038 7135 1152 7076 7959 7021 721 7434 163 3369 9644 7016 6813 9351 6969 8804 4254 5550 7290 8455 2564 753 9068 630 5245 1372 8177 2468 3064 7218 2636 1179 3194 4798 2809 4327 6857 6363 4730 8161 1466 2862 3808 3125 4194 626 3941 2737 7207 5283 6112 6785 1767 7815 7549 6167 7799 7347 6833 4811 7343 2151 5496 6310 535 4193 3191 7975 7107 6054 678 5928 7726 1806 2507 3945 7198 4393 2594 8353 2146 3055 7495 6244 7941 5645 6656 7505 4117 8292 371 9792 6627 5406 6072 8795 7433 3229 3334 2661 7285 2886
138 9158 6181 9806 8872 3584 3097 3718 4402 0 9305 5803 6224 6071 4949 4010 4249 5285 2833 1335 6600 440 3088 4116 4290 7540 2425 1986 1707 716 3554 9253 7796 6970 2380 2277 6763 3167 2713 6434 9949 5416 2751 3118 431 3651 7192 2488 2369 21 816 1487 356 2917 2070 7070 5355 9247 6857 7126 6575 9846 2074 7805 4922 8540 9999 970 8146 4147 2680 3491 6377 7706 8599 1294 5327 2567 3612 8636 3592 2690 1024 1113 2642 9269 2802 3715 724 5862 602 3248 9469 8182 573 5722 8382 7899 8477 9332 9084 6562 8394 9395 5072 82 8904 5566 4702 6192 9148 5971 2347 7683 6203 7622 1492 1113 4582 947 253 5720 9648 5191 1621 1297 3269 3449 5884 3866 917 1236 572 2384 6894 5460 6810 8066 3590 7797 3578 7445 8400 861 3995 5807 2007 5318 1334 7683
8489 5960 6239 2368 4745 8775 9353 2101 1047 9305 0 9958 5836 6664 2109 4695 605 8350 9671 4623 9581 4525 6320 6569 5526 7813 372 8044 9216 3216 7943 8732 8399 541 1359 2529 5460 3531 8966 1644 5920 2389 2767 6788 8368 6553 8094 3268 2124 6687 7658 4513 7145 7703 3751 253 4034 2986 8178 3763 4014 6321 4625 702 1475 357 6356 6774 564 9384 1428 7573 7027 4072 6037 8062 6991 9118 7993 7233 9096 5410 5708 4409 6660 3636 3288 8884 891 4190 1420 1806 1914 8871 6545 1430 1754 4740 3876 1542 4940 7665 1771 9354 9648 6544 7877 8029 7463 4792 2211 985 2445 2622 9083 7976 5442 4609 4726 1926 2155 2837 1338 1598 8379 5319 2510 3903 8195 8905 2049 5002 6616 9851 4510 5589 3331 2285 4563 1368 7739 9485 9556 6146 889 9066 7037 7244 9486 3924
8574 4312 23 5624 9250 2609 7126 7702 5296 5803 9958 0 3490 9315 2428 2910 1991 3134 9659 1140 9835 7286 5520 7544 8123 4459 4454 1575 821 8932 2640 7197 3453 4894 9155 2281 2148 5767 7316 6722 8451 2568 3986 7023 7224 6995 5427 4089 8912 6968 3299 3525 8229 6499 8654 386 9502 7979 1930 8363 3193 6349 5458 4978 1884 3455 8452 2132 4456 8248 1481 4650 5285 7341 2359 1417 2466 9112 9649 6615 2398 9127 6223 5820 1315 2569 4816 3276 3061 6315 1718 1019 9166 7411 3680 8115 2016 4097 6003 9784 4245 7517 7559 8503 8993 4204 8104 8248 2807 6183 4572 8052 6345 611 2634 3374 29 1085 4228 4116 3734 3707 4554 2690 5696 1793 8897 9133 4234 9728 4304 896 2669 3219 8922 5844 6917 2109 5032 934 5446 801 9464 4050 7548 8357 578 6707 1612 9932
3930 3217 4271 7106 1612 4749 3371 8032 8456 6224 5836 3490 0 429 1144 8780 5513 5586 9440 681 8381 7105 6575 4275 4802 5772 7571 9751 1891 7651 6485 2597 5921 9712 2968 2404 3348 1558 3143 2445 3450 1496 1034 5492 5225 402 5841 4481 9849 8980 7606 8116 8816 4484 2034 9481 5953 999 1548 5239 1314 6063 607 9907 2112 6557 5510 5683 8718 8535 634 6915 981 197 8305 1410 4122 4856 9559 1761 8583 1986 215 6521 7536 3225 9951 9403 9153 7801 520 3874 6071 476 2017 9205 8924 2206 8474 8659 1363 1347 8534 7097 2941 8995 9493 889 1552 3152 5362 7120 6381 7308 3601 8466 8814 7024 2040 2951 8658 3265 3681 3671 7042 9604 7402 7274 73 2021 5196 6896 4896 6122 2895 2814 8874 9062 8599 8166 6048 3479 2528 957 4447 9023 2909 8509 7984 9854
6589 8434 7282 227 8044 2580 1378 7358 8368 6071 6664 9315 429 0 2460 9046 567 4962 6667 9610 7376 3547 6356 5598 1871 5843 2501 8345 3542 6294 5995 8325 6064 5767 634 8607 2475 7788 8682 6475 6993 6868 8438 3673 4977 9585 4180 3556 2409 6629 8837 57 7563 2528 8856 6281 1284 3282 1760 7698 4189 9199 4051 934 8813 752 2621 6219 9816 3664 6928 3143 121 1178 922 267 8719 220 3173 2158 933 8775 18 306 572 1895 6456 9964 9477 6477 8193 2725 4215 6868 2330 9977 8463 6260 9820 3447 8331 6979 5021 4987 9123 152 7783 6837 2019 6332 1687 2039 79 1308 5195 4552 866 4165 7703 615 6231 6221 8686 8555 4844 8028 310 6435 6029 3202 9284 7258 7855 268 6174 7696 7302 5229 1541 9637 1667 5094 76 2847 8993 2665 6048 760 3480 7146
1965 8431 1768 2852 9236 4393 7492 8834 8342 4949 2109 2428 1144 2460 0 2230 3600 3067 2685 2695 3870 103 843 7755 2111 7211 5929 7142 5360 8533 1771 3565 7168 9174 5223 3495 2749 4376 152 6863 5006 8996 5421 5100 1229 948 1903 1246 4709 2603 6102 4224 2014 5565 9631 9006 3980 888 4444 2384 2762 6128 6011 2366 4619 8757 5807 2059 6846 1962 3468 3040 8771 5389 5384 7018 6845 6220 90 7572 7478 5855 4741 9440 891 7757 2749 6231 3269 5828 8170 9748 6597 110 1426 9624 5308 163 7545 976 3227 8208 1435 9630 4551 2019 8108 3693 9178 6793 8782 2574 6045 5724 3203 4466 6706 1828 8937 9954 5369 5750 9819 7181 2353 8137 393 2658 1922 7559 9103 8073 2119 8795 6080 763 8629 6565 2266 5554 4421 9295 9750 5865 8270 7763 6768 9756 6199 4197
6486 866 650 9468 3682 8118 5603 3107 7200 4010 4695 2910 8780 9046 2230 0 7929 3347 5676 1923 9067 7290 6199 397 1927 5749 9042 1483 1706 4088 7340 4435 1611 6714 6496 9827 6701 7929 7244 2639 2737 2297 1919 4744 3925 8980 7080 2337 9657 4465 7607 5547 3964 1396 2768 2877 5468 9877 2296 4151 4858 8441 1341 8338 6574 7963 2344 3782 808 6944 5065 5366 3497 187 8164 7552 7711 8462 5542 3117 526 6343 1431 3315 2529 637 7694 4691 8854 1040 5608 6762 8510 6355 5496 9110 5260 9397 7701 7692 5461 1337 3358 9794 500 6037 9695 4734 350 3545 106 2488 8112 9892 1489 377 9447 4485 7632 4094 5501 7348 7426 2221 4176 525 4932 1121 2240 4182 9772 7057 6512 8354 359 6708 3975 3874 1622 3763 2396 5114 1581 8886 5679 8091 6110 572 5230 5143
3657 9768 7321 4958 275 7019 1317 7103 7386 4249 605 1991 5513 567 3600 7929 0 1093 2626 8287 5228 4203 3259 3602 7523 156 2797 8642 8491 1033 5324 6578 1635 7202 4387 731 6498 3264 8827 4554 5197 682 7243 8867 9204 1412 3243 3998 9916 2419 7399 1541 7608 2705 9388 3528 3116 2010 5848 6284 3237 2552 654 1660 1024 7475 1348 3372 9541 5862 7905 5001 6096 5330 60 5109 8113 2466 2975 5899 5826 5993 9196 4235 3196 657 1009 4517 7886 1662 1312 5789 6410 347 9258 1447 8047 5005 8855 4893 7144 2515 1492 7889 4709 7761 7710 4895 4799 8735 3109 7923 4234 1645 6694 5422 2401 7194 6981 4061 4770 8388 8623 8085 9669 6461 45 7093 6276 3829 2935 6329 4582 1954 4083 2429 8712 6514 1937 4777 2508 2745 1307 7382 6616 7984 1542 4812 4545 7260
3927 2986 3011 9505 3632 5232 9166 7389 8042 5285 8350 3134 5586 4962 3067 3347 1093 0 8291 3446 949 8867 6190 9311 9432 4791 4026 5471 1693 3535 5185 6481 6403 2653 4886 2311 986 4990 307 6795 6540 2326 354 5291 9988 6935 8608 5501 7367 441 9635 2878 8457 5961 8024 8123 9421 9625 9052 7245 7778 9540 5503 648 4246 8761 9249 9890 8038 1890 5232 7155 7741 4690 3374 4644 7011 8235 8357 3525 1507 4053 5472 831 5228 5402 1982 2242 5806 604 7313 1409 5652 2378 775 6959 8090 2841 4197 8230 6938 9979 9072 9926 7284 1895 599 3771 419 9727 9899 4818 608 6464 8946 3071 4319 826 8408 4352 8935 6549 9324 7080 1014 3455 2240 9788 7924 6148 4573 7751 6800 8679 7002 1238 1096 8559 3586 4183 4003 1413 9355 4771 3025 746 8650 8114 5601 3081
4747 673 6811 6434 1674 7707 516 2010 8879 2833 9671 9659 9440 6667 2685 5676 2626 8291 0 1664 1150 4010 7904 3108 2183 9023 4938 9182 2 2422 1064 7525 3406 7070 9084 3387 610 9895 1142 3461 5337 4750 7262 608 7952 9093 2975 9912 5085 1260 7045 3282 4375 9318 6270 6580 1610 7446 1326 266 6222 6703 4072 2489 6370 4638 2064 129 7850 5725 617 9716 9865 6172 5436 778 3030 2972 4753 229 2351 6225 6463 816 2199 5093 8104 8755 7488 2721 6299 5117 9950 1740 2559 7776 7531 2113 1289 7362 5734 110 8279 5029 4164 3111 1415 9439 3974 1246 5085 1789 4624 6533 3654 5037 1547 7154 5892 9560 9849 5115 8306 3261 5281 9442 6886 8151 58 5205 4021 7749 7202 8306 8786 8112 9947 3248 1150 3882 8525 5009 4043 6318 202 3682 1864 6817 4118 1058
5708 6141 368 4153 9741 8003 9016 4261 3671 1335 4623 1140 681 9610 2695 1923 8287 3446 1664 0 9715 2025 2187 986 659 8847 4315 601 7726 7580 1204 7249 5451 5658 4548 8821 8252 8754 6168 119 7586 7638 8511 2452 2380 1034 590 2517 3725 8123 9201 627 6522 3995 9617 5122 1516 4312 6106 4691 1884 7110 2360 9075 980 9778 9467 9315 838 1690 6613 115 2365 7735 1196 7815 6163 7488 6262 1778 9200 3970 3271 9403 4452 1581 5246 8614 7657 7489 9560 3528 3184 3590 5075 6866 3129 587 1380 608 785 8873 1704 2085 8509 8773 721 4552 2850 1646 2658 1218 7867 8523 4495 2849 7895 3467 4824 3608 551 9503 652 4003 1009 5412 9722 925 5351 6187 3375 9340 4517 7529 738 120 1494 4476 8369 4385 7316 9931 8506 9910 7757 9359 8157 5525 2079 4256
3007 9497 5088 8017 262 1382 632 2448 6150 6600 9581 9835 8381 7376 3870 9067 5228 949 1150 9715 0 3272 6710 1260 985 6079 7826 3120 1560 6629 7763 3987 1986 3706 6807 8258 6185 5889 1281 826 8045 6578 5960 4032 8598 3471 386 8660 1951 5375 5496 1989 8082 1222 495 7988 7562 6563 8838 1381 2339 1052 7906 5331 2905 1107 2786 806 3624 8575 8974 6987 1640 6700 7282 613 3717 4107 4968 9678 2184 7359 9533 3936 6977 3963 3944 9839 4863 7823 2303 3392 1752 884 2649 6847 1516 2782 5078 5768 7118 4910 6410 7637 1794 1998 9089 8381 5296 9134 1167 4510 6573 3900 9768 1251 8427 1300 4457 3230 1982 5978 6431 6016 2095 4533 9996 9470 1340 388 3192 5850 3212 5042 211 70 7629 4619 8181 2114 4327 4977 1302 7518 9605 8106 5513 8251 4413 7718
5965 4282 856 3156 177 9294 4082 6772 2617 440 4525 7286 7105 3547 103 7290 4203 8867 4010 2025 3272 0 768 886 2293 7107 2200 2254 5874 6140 3471 2937 4330 3052 3483 2486 4408 5018 3736 1835 6242 2582 3998 9613 1131 7801 2758 4031 6639 7737 5820 8775 691 9361 9134 5018 4746 3298 8699 6423 4243 3299 5664 1763 2843 6122 3020 5370 1847 1711 2277 1999 5266 2838 4486 1218 3100 3376 5316 490 722 8131 9074 6793 2745 735 2202 2063 6162 7579 1238 4162 7798 2250 9286 3493 3065 7506 6857 8939 5953 1049 8747 5370 9836 3162 237 4448 5020 2381 6702 8114 7643 2633 5966 6111 4287 8455 6809 7533 4290 6136 3584 5744 5780 2441 7247 5803 6967 2392 4996 1550 4263 3897 8531 6524 8025 5259 5852 764 4618 8677 4768 9483 1707 868 7788 9216 9830 6802
7466 5170 6753 8865 8787 7032 3188 8451 1117 3088 6320 5520 6575 6356 843 6199 3259 6190 7904 2187 6710 768 0 6027 3563 7717 4967 9603 5495 3401 3051 9073 2435 6598 9264 4476 582 4056 8975 8715 1649 9669 5162 3596 6084 3299 6699 1186 9358 4851 2 674 6751 884 2147 4206 8599 9935 2664 9258 5482 5359 1803 5883 4306 1932 3267 3490 2539 8738 3131 3714 2539 7843 8018 6019 2526 7879 9280 9170 8595 9046 5627 8792 822 3268 6315 9257 8055 8859 1284 8900 6952 6874 9855 3517 1100 6991 1111 7799 8945 800 2361 6390 890 6442 8501 3878 4579 6563 5361 5797 2817 1690 8088 2950 4656 9650 5123 619 6781 6367 8035 9988 6811 6462 4023 6130 10 9193 1747 5240 4275 6940 4551 3317 4782 9332 3127 4359 8224 5109 2313 7751 2777 8139 6941 9469 9829 9560
1311 5170 5264 5986 2410 3452 6541 6009 6793 4116 6569 7544 4275 5598 7755 397 3602 9311 3108 986 1260 886 6027 0 8520 2173 9073 1225 7694 4437 4639 8451 3899 1465 7085 1954 5387 8729 9178 9440 2095 3968 5723 9168 633 2900 7419 8844 5506 9534 9796 6951 5703 3735 7355 1271 2879 559 5476 1884 1952 4997 75 6651 2255 6141 7046 661 568 878 1610 9657 612 3120 8226 6528 166 304 8382 5377 3621 4615 9053 7297 9153 7599 3072 2543 4765 6034 8329 5147 1260 2355 2054 9967 4518 995 6713 9660 1220 8191 4996 573 6953 5770 6820 5579 2095 5501 901 6779 5661 2699 957 5114 2565 8966 9540 1847 6275 8696 9326 2680 4645 4033 8810 2563 3418 2059 2037 4228 4447 5441 3481 8550 4364 3164 4225 382 9606 5761 9314 3808 2168 1963 6260 3831 5480 6737
4339 439 7114 4662 1997 7048 4544 4193 1010 4290 5526 8123 4802 1871 2111 1927 7523 9432 2183 659 985 2293 3563 8520 0 1192 3806 9162 3712 6031 4190 3879 1820 3686 2771 7456 9126 304 5736 835 3250 1459 6469 6971 3076 8565 532 6269 2359 2910 3562 6137 5573 8543 6211 396 2317 2490 4748 8542 4098 3561 9706 9469 9729 4583 1008 2998 7889 3406 5991 5624 1392 3735 1714 9745 5391 4621 3666 8898 3249 526 3736 3814 4806 29 1758 5906 9639 1578 6943 8886 8370 3969 9617 7170 810 9711 3942 606 3099 5693 2575 8491 5249 7448 4700 7154 1918 3820 7748 3973 4214 5442 899 900 5995 7415 4638 8531 1711 6472 2823 2699 77 1687 1350 9072 9980 958 4611 559 3602 7123 5701 1167 7991 1346 9827 5681 9656 3127 9064 2769 1686 527 480 4943 2927 9185
4694 8555 9 4278 367 3005 8253 9923 3125 7540 7813 4459 5772 5843 7211 5749 156 4791 9023 8847 6079 7107 7717 2173 1192 0 1465 8841 9880 7397 7310 8456 8228 245 6178 5313 2379 5897 6828 47 1956 4606 1441 6986 1119 162 8909 7661 147 9054 4655 4253 3408 6264 927 8148 8330 9479 6880 5209 5602 3950 9328 9593 3755 9655 7968 2231 4586 7595 1451 1170 858 2568 2306 3192 3099 7654 5860 2207 7855 1597 6510 1564 5338 6103 1012 2812 2360 9433 932 1009 9208 1301 1660 6574 5332 3384 1564 4814 9211 4974 9486 7701 7901 2532 5754 6443 4127 7430 2196 1273 4349 1671 1287 6129 5957 9453 5658 9357 1003 9112 6782 8144 966 4545 4190 6874 5423 1872 5291 7128 3498 5435 1980 4276 869 791 841 762 5223 6805 3877 8085 896 3623 1190 6666 5792 5746
6468 6440 5322 9032 4573 2507 5768 2650 1206 2425 372 4454 7571 2501 5929 9042 2797 4026 4938 4315 7826 2200 4967 9073 3806 1465 0 9018 2472 4429 6641 2599 6828 2348 629 592 6412 4112 4069 6707 5040 9229 7796 2575 9339 9682 7943 9324 7507 2628 7788 5527 4645 715 5893 5870 1417 928 4355 4652 963 9647 7073 5193 5958 7863 7113 1998 7643 6899 204 8485 7499 3478 1094 4588 1274 1330 8342 6091 5586 2804 1304 2571 874 376 1243 2056 5253 5806 2753 7237 9808 9194 9004 7919 5952 2668 3115 6650 8487 4293 6227 1526 7201 6277 7910 5444 8694 5752 8669 2742 2398 2080 1245 6081 6143 5091 8412 2870 9147 4595 3822 668 3264 9844 9076 9401 2160 949 5718 6730 8114 6359 4243 9358 981 96 8841 4991 3717 4618 2313 6805 2427 509 1579 7404 9147 3846
842 7140 127 5860 9730 9184 4476 7937 9210 1986 8044 1575 9751 8345 7142 1483 8642 5471 9182 601 3120 2254 9603 1225 9162 8841 9018 0 2421 5249 3617 1607 1561 1010 3899 3179 9697 1302 7896 8676 4080 2091 5244 1319 7633 8321 3939 2961 2939 8027 4627 3707 1988 8323 8050 6628 6592 6806 2290 6840 5479 8382 8988 3971 1374 7103 642 3049 3529 3500 890 6424 3665 2670 8588 1230 903 8865 3050 8689 2427 1783 5822 5507 5634 4636 6636 2114 6886 4910 9489 5718 7562 8186 3578 1382 2374 5768 2603 545 4852 1693 61 1090 5463 6048 7297 3164 8780 119 192 9956 6274 9185 7064 3954 7646 6514 625 4139 9341 1346 6054 3772 8708 9875 6398 3283 7882 4785 5303 332 6730 1735 1512 899 7093 1942 2330 3640 2632 8026 9436 6259 1817 466 640 7485 9472 2547
6932 144 4880 8529 6655 2443 7648 8059 5600 1707 9216 821 1891 3542 5360 1706 8491 1693 2 7726 1560 5874 5495 7694 3712 9880 2472 2421 0 3244 1814 7964 2529 1920 9269 2257 3600 9641 8899 4203 6416 6713 5197 9147 3933 1924 4034 8468 2477 6962 5596 3739 3304 7292 1418 348 166 6188 7758 5717 8872 2144 1932 728 2033 36 2372 8922 3478 3794 8493 2501 2366 5787 2872 7661 9468 8847 8217 8709 7092 5584 1043 1977 5338 1679 99 6192 5701 838 156 6647 3650 8172 4173 7408 4839 3582 9860 1525 3668 3611 9454 2005 2880 7738 4728 8518 2921 7882 9397 4940 8919 1584 9901 8108 8979 5957 9632 7250 2192 5543 5662 7737 9714 3527 1642 6806 3960 4570 3936 8066 4261 2026 3251 6922 9372 5267 8527 5706 6533 7073 1394 2120 7288 6264 7306 6757 7051 1908
5963 1145 1969 2239 8958 7449 3199 101 6706 716 3216 8932 7651 6294 8533 4088 1033 3535 2422 7580 6629 6140 3401 4437 6031 7397 4429 5249 3244 0 3888 5922 6775 9027 9431 5614 6580 5287 3198 5986 6200 3471 2017 3935 4837 5443 2395 6508 8864 3007 8334 1033 8493 3350 783 7862 6161 1087 7819 2247 4504 6961 591 3896 4809 3355 9445 1821 922 8140 5757 3616 7543 7589 1583 1850 8569 5578 2124 7918 1978 673 988 3247 6600 5310 8208 173 8460 9241 7857 2272 820 1876 2871 8981 3664 6593 1635 8474 5037 1454 6791 9449 6251 1161 1338 9390 4415 5647 9921 2145 4790 6701 8089 2832 3855 4983 1675 9402 5136 2415 4489 7779 4172 8574 28 3383 6644 525 9591 7287 1483 2772 4284 3740 6385 7214 5789 1252 9701 2384 2098 9195 5694 6445 8872 7474 6291 1724
2230 8862 7652 910 6640 8963 7995 4300 7278 3554 7943 2640 6485 5995 1771 7340 5324 5185 1064 1204 7763 3471 3051 4639 4190 7310 6641 3617 1814 3888 0 8638 3202 2227 748 1170 6533 2680 1802 5564 6885 5901 3849 3 5915 9306 8215 2249 7693 6792 8680 8205 9687 3734 3936 8561 300 1141 4024 9913 800 991 3796 2406 2665 1953 9214 8762 9997 4129 2631 6555 3150 8583 1976 8204 5904 3597 2115 613 3971 3834 622 6983 9395 3538 1375 609 2451 6261 5339 8103 5062 6695 2777 8958 9198 8697 4083 2948 2658 7671 2781 8405 1351 3285 5253 7185 8803 659 1942 8337 5488 6365 7601 1388 6628 7545 8351 5953 4647 134 3985 8119 5278 3620 3052 7834 7648 2950 2952 6465 2313 6388 6137 1605 2950 36 1175 3592 288 9455 8838 1426 9647 9812 6258 4926 9165 4285
5171 9951 3946 7903 8988 7759 7904 9040 3696 9253 8732 7197 2597 8325 3565 4435 6578 6481 7525 7249 3987 2937 9073 8451 3879 8456 2599 1607 7964 5922 8638 0 8714 1096 5156 5333 8740 9410 8 393 346 3809 6706 1283 1703 6695 8038 201 8582 2910 768 460 7250 9787 2073 1251 7862 4637 1913 7095 8882 1746 2207 1874 5891 7372 7373 3538 1921 267 3687 2187 4323 9193 4302 8520 9942 6229 8181 699 674 9638 5240 6197 8700 9289 3213 6384 1414 6975 6496 8974 7549 8681 2918 6638 5549 4855 6179 3474 8434 5467 7733 9705 2695 9263 7120 3547 7134 1941 8254 6898 9786 625 1328 3281 3294 9038 4445 3496 6667 8575 3222 1119 1096 5658 6930 670 9835 2115 3379 4229 9657 7872 6151 972 2863 2188 6452 4994 9062 3415 4572 7453 2426 9080 8880 861 5753 7306
7439 5922 1923 2616 8383 3622 6539 6449 6621 7796 8399 3453 5921 6064 7168 1611 1635 6403 3406 5451 1986 4330 2435 3899 1820 8228 6828 1561 2529 6775 3202 8714 0 6035 6455 3463 6349 7160 1573 6196 7326 6880 8509 9865 9760 5779 9332 5112 9087 3787 1597 9065 605 5753 150 1219 5193 4575 2299 7986 4224 7433 8784 6436 1438 1143 3333 137 345 1369 7613 4635 4952 1290 5822 3262 7201 520 8561 4324 8103 2101 6834 1146 8827 8819 6329 1216 5162 1279 2521 7850 1483 1751 4882 3085 506 220 3290 2662 8370 2059 8446 2581 4916 1635 9404 7834 591 6525 855 836 8477 5578 9125 9705 3498 3936 5597 3940 3032 5923 2570 694 6279 5982 567 2516 8294 3697 4661 6700 6703 3659 5636 1594 8830 1806 816 3894 3132 5913 2429 9827 3721 4911 5510 7870 4456 4925
3357 9364 804 9170 9242 6174 1869 7781 2359 6970 541 4894 9712 5767 9174 6714 7202 2653 7070 5658 3706 3052 6598 1465 3686 245 2348 1010 1920 9027 2227 1096 6035 0 5634 8473 6419 6956 7775 3650 2323 8481 1999 6574 9540 4638 7746 9199 691 6140 6333 3584 2363 917 4353 5596 4624 9126 4166 2736 6855 3828 3970 991 9733 6982 6675 2196 9066 487 2299 2118 7304 7483 2641 6877 554 530 4177 2212 6632 7400 7268 678 3575 6233 8936 1977 2769 1616 7378 2226 508 5211 7402 362 2026 1803 4389 1931 562 9946 3470 2921 7353 5081 9329 8943 3005 8533 6112 2219 3660 5206 1580 500 6205 1566 6577 6440 6266 5910 4939 5681 5354 7910 2408 6929 2463 7871 7302 3633 293 9101 1183 2503 7156 3120 3701 7035 3932 9358 2184 641 776 7499 9559 2037 9907 9680
81 6771 3197 3466 9322 5074 1306 847 8326 2380 1359 9155 2968 634 5223 6496 4387 4886 9084 4548 6807 3483 9264 7085 2771 6178 629 3899 9269 9431 748 5156 6455 5634 0 119 1419 4283 3832 7770 7574 188 6796 2954 8903 7789 5811 1633 9252 7268 1975 622 1933 327 872 4697 5972 9525 9418 7494 1441 4642 1750 175 262 727 1520 5174 7107 4412 6881 5754 9747 3379 247 587 1104 7123 9836 3648 1634 5232 2061 8466 9647 3834 4119 219 4560 6309 4017 8790 8435 854 2038 2638 4452 5342 2259 2467 1804 3304 4182 7919 5331 1880 869 5827 8152 8458 2116 7151 2506 6614 1050 1993 2721 375 4305 9973 5530 1839 7729 5064 6786 7311 7215 2650 7687 7606 6421 9232 5437 2762 7135 8109 8953 6796 4467 9173 5911 7928 1633 5359 8510 4888 3905 4463 3149 6509
8299 1285 8472 9774 2821 2732 2408 4395 8781 2277 2529 2281 2404 8607 3495 9827 731 2311 3387 8821 8258 2486 4476 1954 7456 5313 592 3179 2257 5614 1170 5333 3463 8473 119 0 7907 4203 8293 4643 7090 6663 3209 7866 8087 8585 3407 7756 2096 5098 9058 7573 3902 9722 9047 8202 4109 7218 6549 9060 5449 3831 2829 2414 1028 6052 7487 4837 3854 4816 8917 407 5608 5837 9386 2619 2015 5546 897 761 9937 7348 4320 419 7659 5691 1753 2581 8537 3008 3202 4557 3754 2743 4363 10000 8141 565 423 8742 6877 3126 4483 7467 5482 3173 1223 9075 614 7778 143 7352 670 3376 8291 1817 8978 6512 3655 710 2804 4262 7559 4825 3562 2853 9948 5717 417 8799 1326 5758 8402 1822 6616 9735 7224 5670 2467 5784 1014 859 8451 9687 5265 161 6544 4665 6116 5154
2898 293 1373 1721 1280 1159 2667 2340 8077 6763 5460 2148 3348 2475 2749 6701 6498 986 610 8252 6185 4408 582 5387 9126 2379 6412 9697 3600 6580 6533 8740 6349 6419 1419 7907 0 4162 5395 704 2061 4792 6648 2050 2397 6267 709 6927 2606 3421 279 3844 7038 7588 2300 4953 6458 5906 4034 8800 7048 6655 7102 8157 4985 4348 1105 5258 7611 3105 1352 2511 5671 5582 852 7301 103 9220 5704 2475 9814 3012 6174 9050 8747 6194 7746 4496 6875 9590 3263 1986 3988 2408 2573 8036 4331 6922 7775 633 6485 8241 1039 2523 1239 3430 4868 6336 4059 209 2551 8770 9153 6968 6746 986 460 7116 8591 5162 3114 3102 6391 9143 4179 5758 5781 6058 4587 6724 2696 3890 3579 7562 5803 8870 8161 5542 5201 3668 7916 7017 8247 6377 2922 6519 4809 8710 9095 4745
7879 7040 6977 15 8715 197 1439 8079 9868 3167 3531 5767 1558 7788 4376 7929 3264 4990 9895 8754 5889 5018 4056 8729 304 5897 4112 1302 9641 5287 2680 9410 7160 6956 4283 4203 4162 0 7184 3522 4223 1530 7393 3645 7526 5316 4972 6883 3454 3230 562 5423 9764 5191 8089 2572 7841 7923 4556 310 7329 5462 8763 2419 4438 6452 9416 6799 3303 8648 7792 405 968 3180 2779 9572 818 8771 1669 613 28 1450 634 8699 1182 7076 827 8804 1522 2517 6994 3290 5423 3248 652 7572 4799 684 5877 4208 2289 1050 5056 7954 8464 8053 1923 1982 4105 3023 3385 3485 9960 2213 1234 3308 9566 4500 1654 5594 5476 8008 3620 4758 819 7835 9366 2927 423 3865 5196 1130 4509 1185 8128 4673 134 9755 9588 9721 8221 2892 6947 3620 4295 345 5575 3446 4988 4024
2306 4574 2814 8242 9812 1961 8386 7271 472 2713 8966 7316 3143 8682 152 7244 8827 307 1142 6168 1281 3736 8975 9178 5736 6828 4069 7896 8899 3198 1802 8 1573 7775 3832 8293 5395 7184 0 3217 3044 4207 4955 9658 9514 479 906 5832 6048 4738 6322 1533 3645 5427 2714 9119 1404 5600 924 3422 1238 676 3826 7729 8621 7685 5491 6241 2129 6793 8441 1344 9945 9529 5488 7143 6200 6065 2512 4480 8267 9965 2157 7383 2484 8786 8973 5485 4356 838 9826 3150 4380 2065 7331 5940 8565 7755 6760 6867 7434 7505 5299 1055 5732 2062 5764 1004 5676 7148 4975 9887 8032 3617 6944 670 7506 4035 6012 7812 6964 8093 5078 7743 3449 3080 4318 263 7033 2845 9348 2078 9372 183 2364 5306 9523 1370 3705 9401 3670 5130 6627 6513 6200 5288 2459 5429 4533 9685
7925 7717 318 5567 6156 7825 6146 8154 1845 6434 1644 6722 2445 6475 6863 2639 4554 6795 3461 119 826 1835 8715 9440 835 47 6707 8676 4203 5986 5564 393 6196 3650 7770 4643 704 3522 3217 0 1118 9055 6899 217 8079 6164 518 1167 7781 6743 5631 2894 6813 3506 2384 9666 3541 4372 6204 670 1010 4354 9841 7077 5966 5859 971 4394 3436 545 7120 9280 2218 4464 7325 5231 5142 9283 5035 5671 8457 933 5025 5581 6918 8398 9057 2527 5938 8292 9495 6570 4458 7156 7241 773 9720 4232 2413 9680 9556 26 551 8837 7109 1917 2173 2883 3542 5012 293 2887 8787 8573 8379 1049 4251 7864 6236 3237 1735 4074 2615 6547 8267 8945 9356 3746 9381 4223 9918 6139 7654 6293 3279 9798 3992 9981 4232 186 2005 7921 9544 353 1291 9727 7498 5872 3736 8771
9637 5743 4909 4799 7152 2503 6319 6804 8931 9949 5920 8451 3450 6993 5006 2737 5197 6540 5337 7586 8045 6242 1649 2095 3250 1956 5040 4080 6416 6200 6885 346 7326 2323 7574 7090 2061 4223 3044 1118 0 5083 6393 6354 8073 443 774 2411 8461 3544 7668 4554 6121 9169 9112 3298 8118 6489 6560 560 4558 9095 3386 4921 3030 429 4589 1455 7170 2782 9484 9678 1360 8508 1722 3509 337 7307 5723 477 3305 8586 8175 7997 3829 8569 2297 6109 804 6751 5685 1975 1902 439 6788 8499 2027 996 8418 6781 8255 3020 4494 67 3085 4484 1467 3345 8876 9248 3232 4385 6171 7388 7648 9532 5852 1405 3927 375 475 7324 6379 5145 1550 4562 3175 8021 2818 4808 8202 6044 5692 7847 3789 7248 4830 7358 6687 1636 6322 1075 1117 3928 9695 2655 2245 6177 213 5771
6582 7541 8350 279 1272 1555 7466 2850 5683 5416 2389 2568 1496 6868 8996 2297 682 2326 4750 7638 6578 2582 9669 3968 1459 4606 9229 2091 6713 3471 5901 3809 6880 8481 188 6663 4792 1530 4207 9055 5083 0 7785 6670 5739 2921 6641 2353 7093 2909 5435 9473 6511 4429 9798 411 6981 8762 6816 1818 6311 9491 6438 2195 5850 6455 4843 8575 1503 5292 9343 9175 3143 5841 5788 380 7656 8671 7094 6128 6782 2832 4632 1437 1698 574 907 9942 7037 1109 332 912 3969 6384 3059 2271 9507 7851 2096 8788 865 5782 3415 369 1490 3472 4328 9214 1269 4497 2028 371 5583 7867 6746 3215 7404 4541 3878 8227 5462 3006 4311 2699 3611 7414 2618 2390 12 1308 1166 5357 5333 8110 5784 1482 1869 5604 2056 7595 4327 1903 448 7880 4026 4591 7136 1192 4743 164
7362 9645 9388 3982 3841 8264 83 6476 1063 2751 2767 3986 1034 8438 5421 1919 7243 354 7262 8511 5960 3998 5162 5723 6469 1441 7796 5244 5197 2017 3849 6706 8509 1999 6796 3209 6648 7393 4955 6899 6393 7785 0 5144 8752 2854 8057 7750 3792 4161 132 9458 5024 8723 1785 8152 8220 1783 5836 3472 9888 9601 3264 6439 1962 7900 9814 7351 5412 6189 5182 5566 6803 8276 4198 7269 9743 732 1784 3329 9608 5061 7372 4492 4094 6339 854 4358 6755 1576 3603 2362 2890 5837 4780 6037 4414 4612 7817 3695 3968 1471 6569 4489 2642 754 4327 2290 5269 362 5543 4303 9635 4552 2 2091 905 6906 7765 3183 8106 9526 8215 3285 2292 8770 8247 3756 1800 4737 117 505 1184 182 7748 3051 6740 1796 9899 147 5022 5630 2926 9849 721 2754 3080 824 4766 9760
8760 5386 8639 6230 2164 7583 8539 5568 8058 3118 6788 7023 5492 3673 5100 4744 8867 5291 608 2452 4032 9613 3596 9168 6971 6986 2575 1319 9147 3935 3 1283 9865 6574 2954 7866 2050 3645 9658 217 6354 6670 5144 0 9778 357 2424 8627 5738 4821 5091 5412 3064 2515 9530 1538 4069 9585 6495 9589 9896 329 6167 38 497 9438 9791 9921 4358 1522 2884 4877 3838 9834 4582 1746 5488 5255 4468 9472 480 8822 9067 410 1820 5154 6570 8844 274 9611 9757 3003 6729 848 7849 9377 1144 2517 7009 6166 2612 3943 3065 4666 9622 2189 6935 2041 3619 4409 4521 1543 9484 8862 3620 1076 1676 7631 2765 7303 9729 6051 3187 386 8541 2168 2427 9869 4105 8107 3723 3394 4570 4748 5170 7348 9992 7432 9865 9475 3788 9337 1087 3422 6782 3162 9814 2228 5970 7946
7753 2081 5998 7623 7759 370 6415 6930 8221 431 8368 7224 5225 4977 1229 3925 9204 9988 7952 2380 8598 1131 6084 633 3076 1119 9339 7633 3933 4837 5915 1703 9760 9540 8903 8087 2397 7526 9514 8079 8073 5739 8752 9778 0 823 4606 6928 8392 6381 4612 8545 4326 6087 8232 1446 3709 3963 1203 7932 8573 2072 809 3020 2502 4790 3877 9866 8386 2043 2835 3556 6634 8652 7025 4808 6133 7632 8808 3029 3956 9655 6265 9030 8995 6673 1897 8930 701 3296 6520 1983 5261 1226 532 17 6040 4269 2319 9939 9304 133 5763 8747 9186 1543 1044 78 9160 8685 5370 8286 8864 6690 8989 9711 3934 2309 2191 1660 1763 459 7923 3176 7555 4075 5277 9613 6242 540 3191 8082 141 5394 6965 3431 569 4558 3856 424 6250 5792 2081 269 7375 1825 1185 3577 4295 8348
7559 4079 453 6182 7542 5209 12 9647 1111 3651 6553 6995 402 9585 948 8980 1412 6935 9093 1034 3471 7801 3299 2900 8565 162 9682 8321 1924 5443 9306 6695 5779 4638 7789 8585 6267 5316 479 6164 443 2921 2854 357 823 0 8715 1508 6480 7918 5700 6343 676 2075 9853 8251 2303 222 9606 3960 3096 2401 5887 8797 6006 5255 210 757 2847 2561 9131 8168 4240 2171 273 4783 9304 1877 4998 9291 7753 7311 9671 7988 6410 2134 4090 2872 964 1605 2443 1499 1929 7405 8917 4230 7297 9132 6108 4224 6850 6334 7353 3977 3088 2466 370 6305 795 9166 8085 6460 4180 6842 5707 1772 2082 2920 4645 1104 9903 1475 9332 1702 3960 8953 6098 4048 3120 2482 4112 5637 9492 6086 3051 26 6804 4492 2920 7734 7587 7101 8237 6464 3302 8675 2769 2510 9040 7622
644 1571 1711 410 3624 2733 774 4566 6888 7192 8094 5427 5841 4180 1903 7080 3243 8608 2975 590 386 2758 6699 7419 532 8909 7943 3939 4034 2395 8215 8038 9332 7746 5811 3407 709 4972 906 518 774 6641 8057 2424 4606 8715 0 6890 5322 8910 7217 49 8546 5919 3506 8650 4409 4623 4764 5270 8265 1825 7556 2702 3606 7228 5314 8909 2616 6094 6301 4838 7775 8610 9407 8589 8018 9097 9209 6167 3077 2836 3456 6884 4279 2597 8961 5578 8194 9620 253 4066 8212 8448 1193 1030 2011 9658 8394 8733 5166 1921 6244 7219 8915 1766 3624 1042 9039 3797 8797 4635 2825 4061 5944 2083 1887 695 8612 860 9591 1884 1483 1597 2303 8237 2099 7399 5128 5699 5508 4203 595 1842 6558 2960 6248 6106 1918 6873 3746 8449 4953 5713 7467 2383 8743 6738 3746 9158
3661 8929 3689 6585 5069 1578 1714 2122 2015 2488 3268 4089 4481 3556 1246 2337 3998 5501 9912 2517 8660 4031 1186 8844 6269 7661 9324 2961 8468 6508 2249 201 5112 9199 1633 7756 6927 6883 5832 1167 2411 2353 7750 8627 6928 1508 6890 0 561 6020 6117 6137 5860 6125 3339 7058 5682 1332 7483 7201 2091 7392 5337 8088 5147 3204 5685 183 9291 880 7376 7902 298 4595 9614 4147 2930 7531 8852 687 3613 9638 2671 1969 6770 522 4743 9834 6388 7127 4069 6471 6861 9992 7562 829 4153 460 9649 6572 3451 6663 524 1477 5116 6361 2361 2032 3615 231 2860 2785 6871 1914 3504 6797 7756 4407 6134 1685 2577 562 2233 9626 8554 7993 5395 8862 4250 563 6322 4750 9769 2416 8955 3171 1415 8219 8223 3193 540 9633 5524 921 904 7147 5249 2055 3955 3086
8935 3227 7527 1959 5984 4069 1438 8692 7038 2369 2124 8912 9849 2409 4709 9657 9916 7367 5085 3725 1951 6639 9358 5506 2359 147 7507 2939 2477 8864 7693 8582 9087 691 9252 2096 2606 3454 6048 7781 8461 7093 3792 5738 8392 6480 5322 561 0 7599 2330 2069 6807 8201 2768 9890 9229 7890 6028 6267 7409 9351 9093 9878 9263 4943 9801 6761 6748 8506 736 5268 1999 6303 910 7498 5133 1761 5013 8173 1296 8825 3806 4896 9756 7265 3672 7323 263 883 7389 4762 4155 8583 6428 4514 7868 2093 3645 6780 9381 6498 3156 5108 2752 5497 3971 9049 8931 9667 1124 619 9912 3439 6930 5530 6508 2660 7826 3651 2973 2323 9597 4607 3532 7431 8511 668 2975 6511 542 6176 6941 2555 925 6867 3580 678 6378 9087 3533 8707 1867 6388 8267 6677 647 8177 1976 1510
5736 1448 4896 4068 9716 6478 2380 9491 7135 21 6687 6968 8980 6629 2603 4465 2419 441 1260 8123 5375 7737 4851 9534 2910 9054 2628 8027 6962 3007 6792 2910 3787 6140 7268 5098 3421 3230 4738 6743 3544 2909 4161 4821 6381 7918 8910 6020 7599 0 8934 2519 8952 2336 1570 227 9998 1142 5254 9018 820 2439 15 1135 3437 7135 9253 869 8512 8040 2391 2713 9803 7830 6675 555 5347 4096 5856 1876 1728 2346 1021 1424 4546 8618 679 5226 9531 9363 8864 5724 1675 7268 5643 327 2899 8539 7074 8033 9370 9948 6449 2819 815 6391 6740 5665 7267 2488 7606 1458 4462 5895 506 2240 4982 6033 6982 2832 7556 5837 6657 2165 444 6070 3484 5487 2268 3747 6153 5135 5074 6306 2308 5631 7910 8850 5475 1331 6420 4327 1037 3724 7364 182 9727 7956 2835 9845
8476 4898 7892 4966 6524 7148 6336 2702 1152 816 7658 3299 7606 8837 6102 7607 7399 9635 7045 9201 5496 5820 2 9796 3562 4655 7788 4627 5596 8334 8680 768 1597 6333 1975 9058 279 562 6322 5631 7668 5435 132 5091 4612 5700 7217 6117 2330 8934 0 328 9060 577 7851 8791 990 9976 4159 6640 7799 391 6232 3877 880 2607 5554 1671 1742 7664 1474 8181 3885 9616 1756 1153 9204 2699 9195 3092 7862 1737 8605 5880 9714 3614 7468 3037 33 8147 3168 905 5236 5053 6374 4078 9494 191 984 7678 6363 7352 7345 3834 3816 4086 6685 9292 7760 7675 6376 3710 9375 3492 8816 6789 8861 2191 3801 120 7820 4037 8433 3412 4236 8497 9352 4914 8554 4010 8022 7765 4521 8159 5597 5791 2255 2221 6527 6409 3278 9698 624 9345 1712 804 6812 4555 8991 6213
70 9012 5471 5847 2198 1349 3110 5561 7076 1487 4513 3525 8116 57 4224 5547 1541 2878 3282 627 1989 8775 674 6951 6137 4253 5527 3707 3739 1033 8205 460 9065 3584 622 7573 3844 5423 1533 2894 4554 9473 9458 5412 8545 6343 49 6137 2069 2519 328 0 3811 5444 4685 60 6357 580 9707 1305 227 2377 6695 3653 8625 6243 1793 1173 7753 6785 4395 2721 8345 2060 6394 5060 2694 4147 7641 541 6805 9634 8138 2608 7058 178 2942 3519 6691 214 3929 5080 3910 4360 3935 4955 9450 1295 635 4596 1223 4101 316 4235 4954 4555 2401 1474 8374 1488 7175 5977 2782 9679 9931 5708 4618 1037 4071 9180 1951 7878 2428 9250 9295 4372 6974 9724 1084 2098 1838 7098 521 6687 896 155 6871 88 2407 1031 918 9079 2954 2733 2621 7460 8310 268 7243 4760
730 2341 3066 4188 5156 7246 5301 1207 7959 356 7145 8229 8816 7563 2014 3964 7608 8457 4375 6522 8082 691 6751 5703 5573 3408 4645 1988 3304 8493 9687 7250 605 2363 1933 3902 7038 9764 3645 6813 6121 6511 5024 3064 4326 676 8546 5860 6807 8952 9060 3811 0 3993 5689 8030 7841 1926 658 9060 8972 4987 9639 8084 6410 8053 418 1655 9837 2062 7243 3099 8954 3046 9328 3600 2526 4193 3116 8622 5618 818 6726 6500 9700 8593 7916 731 9921 8232 8151 8043 6360 6478 655 4773 1834 8280 2143 206 3795 9422 8978 1005 4219 3004 9454 8369 9951 837 5099 90 204 7097 8137 7527 2319 6485 9165 229 5545 6179 4319 2716 6067 2463 7604 7546 7378 6156 7640 4054 6360 7441 4514 816 9440 2951 1613 855 7281 8281 8034 9838 3917 6961 3814 2550 1099 6428
1985 3012 5549 1038 6779 8939 8725 9307 7021 2917 7703 6499 4484 2528 5565 1396 2705 5961 9318 3995 1222 9361 884 3735 8543 6264 715 8323 7292 3350 3734 9787 5753 917 327 9722 7588 5191 5427 3506 9169 4429 8723 2515 6087 2075 5919 6125 8201 2336 577 5444 3993 0 5608 4130 4027 1454 5809 44 3395 4414 5392 1989 2342 3061 2355 8192 8161 5801 3971 7655 1232 5587 3783 6849 7089 7612 220 7228 6416 9232 5837 2186 6232 6109 3071 2372 7781 6329 5799 6614 1561 7722 5479 8804 475 726 4673 9180 9235 1565 4323 8311 7134 6673 2720 8098 6856 3720 4796 4078 9903 7072 5643 3220 6520 9559 5511 1893 6766 6564 244 6271 3742 1778 1587 2779 6762 2754 101 635 340 3513 4970 2153 5084 5707 5795 6989 3575 382 3914 7113 6466 8114 2083 3164 6966 3118
