200
0 6532 8378 8755 2816 4821 7338 8691 14 4793 1266 6741 8916 8330 8823 963 8902 1975 3000 7472 3518 7645 6836 4904 654 7262 1861 7730 5177 6598 5098 5989 5980 9662 2085 8713 6784 4505 3448 5568 7865 499 1382 2744 5365 8413 5213 76 9349 4899 414 5624 143 6918 4956 4533 7465 8030 122 351 4388 9466 2703 4182 763 7361 3028 1173 4800 1975 5423 8075 6143 4316 6390 7713 3316 5886 131 8800 9549 3903 6991 6503 6690 3662 1084 5925 5288 2745 2131 249 6355 2890 3158 5285 5560 7754 4939 3627 5802 1206 2207 9534 5007 4981 9448 2399 2200 7270 9442 6837 6428 8667 4834 7787 6420 698 7676 6484 2587 9703 6793 3375 3846 2764 2075 418 958 2340 5491 7438 2760 7161 8565 1820 4174 4940 343 3477 6550 8639 3784 4455 4387 6569 498 103 1007 3129 2085 843 4897 2736 2266 415 305 180 4017 2595 4307 6737 785 427 3574 7755 9867 325 9918 401 814 667 4605 7728 592 8006 2693 3643 5262 4437 9594 7607 883 2934 2340 6583 6902 1414 359 714 5080 9007 5402 1322 8678 8950 4969 9389 1131 4913
6532 0 2732 8880 3434 5631 4447 1528 4491 8216 9961 4991 4159 8162 2584 6871 6384 4753 4560 5971 4657 4625 2169 1173 5764 596 9730 8486 4694 7287 8508 9608 8494 1533 9785 2289 1336 8853 9927 8993 1717 2695 4778 6631 9592 9938 7460 7949 7976 9757 7114 653 7342 3089 8415 7582 4289 8562 156 6906 4900 811 5674 3827 6714 5074 5695 7991 9579 8898 9156 2860 4636 1440 831 4583 7873 964 1818 1242 6057 3709 5982 6602 4124 9150 9288 4130 5509 3346 8091 6166 5895 5626 393 8496 2007 9878 3332 9455 3274 8327 100 9687 5014 8136 6487 494 7986 8404 8062 9094 413 137 6964 4772 1010 3052 4617 6954 1315 9279 2788 6557 2717 985 9242 1922 2826 8204 8575 7131 8779 9443 5729 9249 4852 3125 3963 9012 1340 2029 3019 9897 7408 3268 3938 4942 4793 5758 2375 5147 5337 8352 1467 1528 2034 3064 8265 4556 3457 6618 5470 4288 4561 1014 3082 5020 1524 7844 3483 5485 4288 912 386 1174 6910 6763 7899 6254 3163 7177 5644 6022 9515 8791 7091 2869 7883 9886 6855 8672 1661 9620 5946 4754 7680 9337 9033 5252
8378 2732 0 9806 91 77 7949 1793 4387 821 4393 2041 5749 7268 4743 4856 6408 451 7649 1244 626 6039 3034 7030 9949 7636 9119 2063 9746 5411 9708 6946 6935 7611 8662 4181 7531 8120 8933 7698 3893 7320 4519 748 3262 7701 1509 7481 3531 8247 7458 3108 7439 2268 3592 8674 3081 1158 6895 6576 9532 5283 6514 8050 8218 9246 6173 7047 2594 4463 9009 1414 4156 7244 2098 7735 2110 1527 6429 8711 4819 3687 4908 7508 3305 3977 5939 6078 8572 9701 9700 8909 1195 4614 3391 1347 3860 2693 1355 2766 9401 4285 8708 6516 8205 7884 2519 4104 3673 8706 5894 594 7486 3917 7615 6911 2074 9600 8164 3128 3672 13 9671 6925 3983 5147 7660 2633 2424 3545 85 119 4314 7540 3356 8274 8842 1652 5580 2770 6554 1077 5976 974 232 8392 9836 3533 2959 8019 4973 7447 4454 9449 5710 8537 4679 7790 6552 2207 379 93 7658 9357 4075 7370 1317 6509 2419 4720 8275 301 3446 5655 6496 4030 4246 2281 4893 6078 5011 4888 4839 3834 4095 297 8699 8307 8606 1761 3275 6197 8512 9597 9185 3381 4325 2940 2620 5027
8755 8880 9806 0 2986 9314 6505 7509 4358 6205 186 3972 2438 5450 7212 481 3118 1286 5595 5590 6708 4791 854 3902 8718 3479 1349 8543 8111 9106 4025 1665 2395 4562 8610 7916 1878 9714 8158 3455 8611 1366 9822 7102 5789 1567 9756 237 2711 2932 3640 8821 5906 3966 2024 3612 8452 6242 2719 7228 5867 758 4538 5779 2684 179 4324 4973 2763 4908 7750 9774 8405 1486 7196 5027 1171 653 9078 4061 3029 8818 8589 8750 942 4663 3578 8924 2533 4658 9034 5053 6408 7166 1694 4940 5765 1998 9638 317 9614 4622 4111 9629 7443 7443 5948 1127 2745 3412 4639 5230 8702 6418 4931 3440 8974 2932 9185 2401 1402 8943 7260 6682 4356 9857 569 9661 9441 4808 5638 2813 5799 794 2721 8716 1274 2993 134 3613 1202 2224 1011 9422 3062 29 3368 585 981 5520 7946 5372 3379 2090 1586 9371 3198 3393 361 3893 2617 392 3563 2444 4238 1555 895 909 112 7018 3666 8492 3860 6396 4185 2255 3018 9411 413 5978 7973 9059 8359 4149 6051 9169 4493 8471 5892 5047 3761 1507 6502 6434 3851 2379 3335 2777 7543 2001
2816 3434 91 2986 0 7366 6254 7708 6925 6016 1917 6340 4900 5260 7736 8185 3631 724 2353 3946 6142 6747 1306 63 7373 8779 6143 4483 4465 1148 7768 2710 4160 4375 7193 509 5763 9576 6359 7255 8527 8876 8361 5510 8281 4478 3361 1325 5679 525 5804 2652 7484 3857 6968 4099 2667 6595 5152 6821 6672 7579 3486 2817 5575 9060 4619 5526 6422 5369 9048 124 5512 1707 6841 7993 3044 1869 2628 6089 821 5405 2228 7243 171 6723 104 574 368 6680 5621 6672 7559 7043 4525 4230 5736 3501 3403 789 6392 3679 44 9641 1490 1916 6966 4878 1971 7169 9895 6326 2305 8389 7114 558 407 8954 1189 1176 5265 1622 2845 5736 5247 7258 3183 8210 2377 6335 9923 5438 4800 8894 3474 4494 6045 3151 3942 7174 3674 3113 3490 3553 2873 1299 1521 981 7696 1411 1767 1640 6377 1250 374 6920 2371 5830 9210 5952 5760 6494 3745 3027 1622 5296 2239 4194 3151 1611 4376 8423 7452 1498 8053 8526 6503 6039 4509 176 9719 2456 6157 1401 9175 6761 9316 7784 996 7108 2523 2488 8191 1280 8213 7550 4356 321 4832 6855
4821 5631 77 9314 7366 0 1252 5085 3862 8131 1822 5087 5699 5683 5523 9376 6088 3567 4127 7700 2549 5224 234 814 9501 3286 1264 2779 5696 6502 7645 9719 2525 7350 1300 9231 6416 2241 3141 8679 4897 783 4244 9603 5536 8131 8038 7852 253 6126 3852 8514 4237 2988 8214 3401 392 1945 5361 3184 2033 2455 5773 6827 9535 9851 9082 5920 3264 5386 9250 2829 8469 6016 4387 1171 9190 9274 8369 3957 3252 1863 2821 4388 2199 3827 7724 3066 6965 8263 6378 1036 4315 9644 426 8807 8622 9031 7329 1737 1973 3267 3876 8259 8960 1616 4626 5496 4874 337 8877 4119 9405 1406 9376 8068 8574 360 5895 273 8898 1114 1039 50 177 8617 2510 1972 8342 9035 7792 4339 5264 3299 6923 1804 9037 6245 8629 9372 7901 7335 1154 3845 5041 9351 6008 4787 5735 3580 1187 4416 4121 5715 1213 5035 6088 9988 6330 8441 1473 874 3751 4147 2120 201 7540 3125 1015 91 189 8906 2104 6393 8272 3814 7150 291 583 56 2833 5893 8293 4374 9018 6194 5058 5645 873 2517 4809 8428 746 6228 6046 853 3782 9807 165 9730
7338 4447 7949 6505 6254 1252 0 6656 3719 8356 6739 9042 9455 414 1781 569 3719 3737 137 8711 6954 2468 347 7067 9528 3652 9231 7190 5696 736 8233 2722 4852 9695 7642 6392 8187 9642 8711 7618 1614 8819 1406 6798 3661 1520 172 4919 2506 8795 9833 5410 6051 2270 8212 370 5581 2617 4594 5607 6638 9836 7361 4298 4143 5994 9400 3161 6044 5539 5465 5870 8155 8104 6804 9189 7403 5359 8450 1249 3707 8075 2784 3216 3059 568 8061 1289 5481 1201 4496 1591 4018 5581 1524 452 5569 6827 2050 6211 8900 2986 7554 4912 995 5436 8294 9366 9536 2135 7163 1887 7735 6011 5799 709 7756 9809 1841 364 341 7854 9934 6302 6381 3189 8601 7429 8682 6666 3517 8973 2780 2447 730 1332 5312 2571 2917 1362 6537 7622 8295 8664 843 6850 2258 1102 7007 5119 2872 9598 8259 6270 7370 6489 5490 813 4752 2476 6040 5338 63 7541 2397 4310 7480 5888 9699 496 8193 7866 7499 6946 9684 3460 1930 2558 9291 4144 8334 6159 2486 5283 8862 8423 6756 5014 2762 1014 7878 1409 9446 9939 7993 8263 2868 7561 1762 9461
8691 1528 1793 7509 7708 5085 6656 0 1861 5798 7112 6397 2078 2924 4111 9455 1255 2963 2903 77 7011 4073 3268 8715 3522 3498 9679 4658 2827 440 8217 6925 7532 6798 4436 3121 7463 3189 453 3449 2355 115 5687 9587 9402 6426 4737 6553 9725 1748 2519 9222 5411 1252 10000 1209 7037 2367 6742 3576 2048 6333 1524 9471 4316 1604 2544 3670 8561 8872 1044 8281 3535 7394 5227 9355 5692 6337 4572 9353 7770 2709 1200 1307 6091 4907 1289 200 2530 8450 1264 4396 9677 3541 3105 418 1755 1261 8603 8240 9292 4972 1747 2543 4642 2456 3569 9920 9694 5976 7047 1557 9868 7979 6268 9461 2841 5526 7554 977 3795 8199 4490 5756 2198 1988 4597 4419 2301 630 4 736 1259 103 5216 1253 4094 7783 9039 4027 1952 414 2536 3558 4188 141 5365 2247 6522 4522 1921 8180 9426 2742 9694 9283 9943 179 2578 518 419 8451 7431 4304 9001 704 9137 5395 7901 9008 638 9887 1863 9130 5551 1508 3110 8345 8930 8068 2801 7815 9614 9793 2851 5886 7001 8280 9499 3484 660 982 8947 2739 2747 2611 6025 6037 4962 6679
14 4491 4387 4358 6925 3862 3719 1861 0 780 6949 2404 9893 8977 1288 379 1428 2173 950 21 6696 9144 3334 4863 2174 6719 5187 1791 2680 9307 723 3267 8197 5936 5269 5140 788 180 6661 6954 3095 3548 5016 9938 1389 4981 7635 3871 3605 6390 2650 5782 4091 3285 576 2968 5287 5863 1959 7563 7297 8804 3611 4495 4525 1616 7793 170 3260 9425 7026 1049 2630 902 1069 3647 7719 9319 3055 8119 4449 5135 376 5370 4081 6219 2320 4646 2077 3308 8325 923 4861 9398 7575 4646 6036 340 9620 457 6631 7830 1416 6201 360 8933 1098 1689 8931 2985 5637 366 3078 2639 9367 5859 2273 5815 1250 5730 4753 6633 1257 1162 6769 9483 6079 9885 4603 3404 5819 2485 9603 7804 8941 5707 9204 9081 8089 6135 6610 334 2028 9674 8981 1106 2568 4267 3026 2809 8658 7578 6300 6316 3240 89 3722 1757 3017 5756 4694 333 9198 3934 9845 7037 2316 4146 2629 9700 4828 3615 5738 2121 2540 7389 3741 8831 4857 126 7804 2110 6395 5003 5314 2264 7392 8506 6592 5191 7097 5637 1354 4930 121 5741 7090 2539 8877 2300
4793 8216 821 6205 6016 8131 8356 5798 780 0 1588 3944 5614 1068 2038 1384 5337 8581 3864 7897 6728 3291 578 3257 638 1475 2944 4169 5538 1338 426 3724 6699 6025 1509 60 715 9141 3464 4511 4142 5256 3014 5488 6806 7245 6648 7718 7841 1425 9462 7010 5164 5279 157 3673 8474 1439 7727 5839 9903 92 7550 9931 6932 1873 1940 5198 6367 7346 8510 9411 5870 8961 2523 3039 1417 8105 5805 5112 1478 6583 396 9649 4630 9505 1508 5810 8560 5479 2304 9191 288 8135 4937 3127 9387 2215 4050 2856 4103 9308 9903 6624 7097 5081 8916 9846 1818 5919 1671 3147 3072 1974 7618 1447 3935 5067 1094 2214 741 1963 8052 5598 8208 2547 1712 5659 9923 432 5977 5314 6717 1365 568 3500 2355 7034 725 6418 5557 9165 20 8956 9876 9488 9982 6230 4819 5780 5529 8900 6682 9406 9607 8249 1078 699 9868 6176 2221 8065 1564 9365 7835 1496 9312 69 7844 6217 2608 1129 90 542 7332 7812 3610 126 3693 3969 8330 7232 2667 1284 3778 8409 833 7894 1228 6761 5579 2028 2668 6947 3875 3568 536 6899 5939 656
1266 9961 4393 186 1917 1822 6739 7112 6949 1588 0 9111 6924 553 7123 167 4097 7577 9266 6881 3592 900 8125 258 6744 9296 9179 104 256 7444 1689 2120 1839 9005 5412 9020 9358 2758 2784 2336 5042 4409 1339 6963 1892 4872 6115 7007 7735 7287 5720 7037 5761 5399 423 9676 6391 9172 7566 3078 9718 3162 5692 7963 4922 654 4636 3169 1974 9692 9763 3609 7234 5412 9789 178 8260 2971 8872 6205 1206 9525 2323 7964 230 4292 7509 4975 5201 3172 1327 6788 1422 6687 1418 1982 8106 5447 715 4475 7594 7861 6578 8943 5594 5337 6508 8182 1220 9234 8117 742 9261 9053 8087 5236 9942 6798 5317 5820 6603 6098 7178 7063 7345 8928 9198 464 3975 8335 9743 3568 6431 8067 4349 532 3953 9260 7354 9121 4854 2708 2669 3767 8854 1730 3239 6286 3934 8236 863 3363 8760 3435 648 5584 6300 7686 7136 6740 6652 4671 5859 5846 479 7495 7674 7942 2284 2935 6387 4057 4669 2 8178 8683 5475 8777 2747 5121 6887 152 810 5282 4403 7142 1848 1295 6662 8371 3465 7845 310 9898 7193 6997 8080 7295 8013 745
6741 4991 2041 3972 6340 5087 9042 6397 2404 3944 9111 0 7996 1190 3758 103 115 598 6577 4354 1656 8672 9710 8213 4465 2966 1479 4385 5568 1712 8225 3034 4103 4526 2513 9079 3032 4361 7748 2853 2313 1520 3354 4865 2568 1801 9696 870 9478 5408 663 8912 200 6546 1549 7360 7751 5707 94 7472 9643 7481 9472 9579 6229 520 2055 3754 4772 516 5685 6057 862 3640 9314 8677 9141 2706 1708 6664 2859 6824 1974 7887 9768 6376 2688 495 836 4777 5419 524 3253 6611 3197 7383 5940 8690 3490 8729 751 7987 2205 7336 5682 1799 9233 27 6924 5158 9431 223 5915 5018 3856 9324 5239 7773 2620 2573 185 6928 1701 2185 8250 2120 2628 7852 1762 5587 3078 3568 1642 1928 1261 1570 2820 5579 7647 1347 2113 49 4906 742 1389 7373 5776 6859 8468 2768 9505 2898 317 8943 3724 3917 2935 3254 1160 7002 169 4835 5132 3108 2142 9791 9497 9199 8183 9933 9156 7670 9865 106 1566 4595 1114 9901 7009 174 5465 4993 3659 3015 8599 1307 9315 78 9303 739 6119 5705 8609 7992 7966 6062 2697 7461 1248 4099
8916 4159 5749 2438 4900 5699 9455 2078 9893 5614 6924 7996 0 49 7433 2896 1851 3750 699 1763 7888 6286 9167 3315 8781 8149 1501 1732 5537 6835 3603 2197 2853 5594 3714 414 8011 5884 7238 4100 9818 621 9675 3129 2898 9353 1585 2503 373 6793 4810 7580 2656 8020 9829 9557 3118 8473 8204 2019 8013 178 3429 5848 6938 382 6085 3921 706 921 6630 3916 8052 7190 3664 7427 1220 5718 5911 9767 656 4794 9822 7610 345 7171 7509 6978 4490 9923 5989 7089 749 105 6013 1481 251 8287 2716 5537 8340 1860 9664 1521 5512 7231 8415 2270 6636 8227 1447 5903 6517 546 8868 1253 7084 8368 1992 592 8775 8490 911 213 1499 3847 4359 1480 8748 9783 8063 3842 7917 4187 9419 3370 2465 3061 4884 3830 6752 6917 6711 8610 9973 8972 5843 9636 3183 6884 8030 6866 8705 1787 1750 8833 35 5910 8255 7111 5102 5884 227 5187 9327 1931 3408 2664 5370 5415 8199 8557 6429 6409 4841 1485 5810 5739 1451 3770 2308 3737 9553 9992 3482 4690 8029 1567 2585 6669 1420 3953 1341 8486 4076 1105 7315 6901 5728 6984
8330 8162 7268 5450 5260 5683 414 2924 8977 1068 553 1190 49 0 9310 3676 2545 6590 8274 7314 6641 7317 4015 4602 9371 9664 1748 3889 6462 4190 9075 1410 6564 2455 1175 9980 9573 3871 7465 2867 6728 6513 3165 2458 1027 7047 5203 3720 9704 1355 3551 9767 4027 2768 5569 8707 1596 690 4919 8133 6271 9524 5731 5416 9268 2835 5984 3493 5166 923 7003 3344 46 6109 8943 7082 2776 9252 8024 375 8402 4399 5614 36 2155 716 1351 738 3569 2347 9581 5155 8790 4006 9844 2592 4196 6106 5436 5841 6163 4426 2279 4123 9879 3042 2692 5340 9078 8282 5847 590 2828 4949 1768 4997 8421 6188 9408 3107 8528 1737 8 8559 7392 791 2163 5731 9369 454 310 1567 7886 3160 4817 1207 1303 6386 2753 7865 5607 1195 4250 1150 511 4459 2257 1399 7152 5748 9199 4676 9318 2599 2890 556 9296 2471 367 7699 6114 1697 4438 7514 2963 5655 9784 4267 7069 8708 4369 8890 4573 7428 7087 9104 4073 9556 3461 725 573 6127 8450 5052 2015 5961 6912 8096 8803 1096 6348 690 6320 1852 727 5430 7633 3848 5410 696
8823 2584 4743 7212 7736 5523 1781 4111 1288 2038 7123 3758 7433 9310 0 9948 1296 6577 670 1713 736 3954 1824 3504 6988 7492 9481 1223 4880 1154 7035 6446 4847 4352 7069 5456 7417 4791 7255 7427 5656 6997 4165 1256 9737 3093 6089 2467 2019 2633 3310 4800 1822 4067 7599 7437 1722 5523 8093 7380 2996 8115 8862 4876 1252 5944 1215 2872 2566 4842 918 3364 7323 3615 625 449 4168 8223 2412 9506 9814 2680 3694 6934 4046 8207 9000 1229 629 2384 4948 1817 5834 241 8934 3320 8212 845 3952 7530 8614 6178 664 2208 1251 2226 2932 8314 7494 4920 4701 6004 6700 2122 6335 7304 331 1326 7890 4167 514 8648 3142 663 6899 8687 9524 2702 7657 2184 5491 4562 6610 2591 5107 7013 9905 8261 7795 6320 9775 2059 9073 1216 9352 2361 3535 7144 4539 2400 7863 7711 9359 1927 2463 3770 3231 3380 399 1572 4837 7169 8707 6982 6252 1627 4517 6764 6053 5313 4197 8488 3203 3929 1376 8758 1768 1075 4827 7862 3887 9175 3863 8140 8820 7799 1834 7236 6476 109 1999 8613 5248 4703 1807 18 4280 8313 104 7229
963 6871 4856 481 8185 9376 569 9455 379 1384 167 103 2896 3676 9948 0 2497 6943 5798 2105 1605 7872 6332 5932 5965 4053 1791 7700 7331 2617 3330 2525 80 2832 1169 4635 4426 2842 8203 8846 6676 4408 2671 8491 7769 1874 8442 9865 8374 6928 5709 1974 3308 409 8939 5832 1063 684 9456 4439 4183 8237 2642 9793 1357 8297 5708 2277 1582 8869 4658 8167 8946 2134 9316 187 1811 3426 9230 8513 2721 5225 4326 2962 3382 1623 2433 8380 5747 8876 2625 2891 169 6356 3875 9061 3245 3145 7962 5404 8744 7120 5620 7349 4462 9479 5919 816 3923 1505 1304 3578 3850 2767 2092 2031 6234 469 8062 1433 8108 225 8537 7016 2305 8584 1104 2303 3217 6256 3932 1554 724 1182 3327 5464 9234 1367 8819 1646 1271 3939 7146 1140 3636 3605 3894 2325 8003 2130 4919 8114 1335 1664 1034 8534 9328 6678 957 3188 2501 532 6692 8357 7482 6433 3019 3455 2541 4691 5577 979 3523 5826 9034 6731 18 8416 7551 3074 3248 8303 3419 7930 8934 9277 8836 4462 8613 1567 4762 7879 5541 5273 9596 2852 6371 4685 1523 3389
8902 6384 6408 3118 3631 6088 3719 1255 1428 5337 4097 115 1851 2545 1296 2497 0 4266 5128 9223 8438 3995 229 4232 9089 1418 908 4021 4914 4742 5838 5230 7635 7930 8326 9462 7019 6243 5292 7989 6605 1753 986 8841 1917 8776 30 3597 767 2450 6678 2479 8267 5257 9737 4177 2355 465 6668 3551 3549 1706 6473 7751 5780 3612 7236 7397 2333 5830 4594 8720 4491 513 727 2716 8900 2745 7001 7032 3307 9404 6455 465 4506 9674 7324 2192 3931 9872 9528 4485 8294 878 1786 4180 9562 9614 1399 6067 8299 2693 9062 2464 9337 5255 7614 4548 3202 4442 9093 5317 7817 7132 415 7499 5688 5475 7232 6257 4695 1164 1685 483 2282 4734 4142 5039 5015 7897 8232 2342 3447 717 7261 2597 2691 4256 1743 3627 3490 1989 3505 1159 9862 2052 17 6058 2214 3595 4974 278 6934 88 8836 7441 8272 2950 4951 8647 6669 2314 1056 4531 9470 3071 4604 7741 1042 4687 2913 1296 1483 8522 7222 6840 2090 3158 5292 9727 4104 4095 2922 1027 4385 3857 246 2316 3468 9683 1248 6490 5360 1181 3651 7858 1629 6426 6214 6111
1975 4753 451 1286 724 3567 3737 2963 2173 8581 7577 598 3750 6590 6577 6943 4266 0 5053 2067 5584 2572 7672 2514 4534 3391 1495 4803 3847 2416 4885 8319 5000 2127 6451 1268 4915 2849 3914 1132 3730 5003 7524 235 6769 9107 2781 9255 6044 5396 9588 6430 2467 829 9307 8790 9422 5072 4161 6491 5679 1195 4705 3766 9503 972 5885 4306 7041 76 3181 8126 6067 8487 1841 5816 5605 8744 857 9012 9250 9497 1310 4935 2907 5071 5621 4797 8074 1227 6189 3587 3107 2457 726 4850 7423 5810 3366 8015 4273 9370 3985 9490 5009 9279 7790 4180 1734 7007 4171 7648 4275 8392 2256 3028 6223 9709 7852 6719 1532 2422 606 8187 3751 2009 6432 8185 866 248 1853 6595 4365 2163 3237 5983 3848 7658 8664 9720 2375 1191 3719 2553 3840 2791 6438 4002 311 7414 4525 2935 7729 4795 1856 7904 9923 1831 4584 5765 5067 5705 5380 9938 2251 7045 4389 2446 5713 4442 1976 243 3766 2356 7165 7819 4000 2303 8357 3918 3554 1014 7991 4804 3681 5943 1908 5135 7612 1540 6585 6124 1207 9183 6032 5060 3833 4266 6667 4779
3000 4560 7649 5595 2353 4127 137 2903 950 3864 9266 6577 699 8274 670 5798 5128 5053 0 4966 6603 711 9347 9041 3970 435 2743 111 6074 8847 6311 2303 3 1143 4964 5190 8354 352 9586 6375 6440 797 3580 2719 7822 3629 8760 6734 8321 3026 217 8288 5084 1885 6923 9939 5207 6809 1740 8947 2100 5282 8706 8839 1474 1077 1855 1003 4295 4618 2586 4256 9441 2476 1891 7192 5867 5246 2907 4662 4603 3040 5315 4252 4462 4098 4809 2706 9522 1785 1075 5785 3577 3493 7131 7024 8182 6013 3140 4546 4790 7110 8247 591 9470 9073 8324 6195 5538 9386 602 9402 2862 4658 4228 2627 1078 1202 1288 5770 8038 5953 6937 3920 4933 6602 4334 700 9350 6611 9816 4378 7960 8876 5503 2139 7218 6364 1366 2738 3564 4962 5236 1394 1159 4529 1310 9394 2381 8305 2602 1794 5437 8606 9262 1152 4055 2447 5933 9491 8371 872 4042 8038 5900 6063 3649 2010 2903 1879 3938 2184 288 8 9054 8330 2732 2882 3319 3350 8133 4123 7329 2501 8021 1502 2299 3894 6323 2613 2934 8484 1491 8450 2577 9631 3839 3373 1517 3181
7472 5971 1244 5590 3946 7700 8711 77 21 7897 6881 4354 1763 7314 1713 2105 9223 2067 4966 0 8300 5818 2842 171 5464 7038 9109 1982 6616 2371 6095 7634 2312 368 7838 1227 5942 3199 1888 3706 2682 1713 9229 8326 2731 6275 8230 1610 4277 1100 1144 3582 2991 9336 1129 1115 6803 8431 1193 9964 760 8977 9887 5316 3418 4957 1961 1632 8224 9602 2380 9462 71 9048 2036 4828 497 6618 5101 4315 2337 6520 8558 8930 9061 4192 7434 3047 8146 542 8306 27 1503 3256 9375 1466 7718 2672 7017 9394 3954 1678 6464 802 7315 816 6890 4826 31 3443 4170 7211 1170 2218 7979 5176 8264 6124 7091 8414 1156 2223 5121 7848 7670 3293 851 7505 7177 3013 5120 3626 5027 2139 5698 701 7135 2960 2408 4606 6432 24 4801 2012 9664 9969 9973 587 4617 4745 1686 7611 9844 3285 7090 2789 8983 7421 1434 2008 8132 5969 9566 6626 9005 5659 454 980 2099 3575 2485 6651 1769 8425 3071 9101 9211 7083 4551 7111 4682 316 7260 7522 9164 8361 9818 3128 3797 1967 1258 6474 1695 6974 8258 6906 2037 5158 8154 9443
3518 4657 626 6708 6142 2549 6954 7011 6696 6728 3592 1656 7888 6641 736 1605 8438 5584 6603 8300 0 2783 9096 1226 7987 5800 6723 2165 1511 8764 927 5191 7038 8584 4003 3230 3260 5873 5521 4883 2583 6774 8627 5125 6458 7472 691 5399 264 2301 2917 4553 2112 4261 110 4240 697 4791 1583 6855 6733 3365 1042 2358 1644 6342 5978 6181 5985 280 3460 4343 9693 1038 200 5560 8780 8575 6438 6573 5738 6921 5212 6046 909 5270 7659 2190 6818 8689 5240 9633 5640 9945 7281 3330 2684 382 7000 2405 976 2544 8995 4048 2980 8490 52 113 2203 6704 3115 1021 9429 4287 2609 7860 4567 1744 8463 8107 7418 3177 4703 6972 9144 8123 1847 4724 6457 2399 4861 1444 2017 5336 3315 853 3648 9175 4380 7327 3806 9943 240 3203 7290 9023 485 2779 2242 8146 9427 4741 5242 7514 9804 9913 7298 8310 486 7848 9807 1722 3524 7580 2298 5352 3538 6331 3312 3271 7078 4387 9535 910 7818 3437 2951 8003 4138 3013 9632 3342 9372 4914 1479 5124 5912 5127 3784 2690 1508 7545 9090 9875 9870 3908 621 1431 1024 9198
7645 4625 6039 4791 6747 5224 2468 4073 9144 3291 900 8672 6286 7317 3954 7872 3995 2572 711 5818 2783 0 8921 8343 4281 288 4523 3562 591 3810 4454 4179 1153 6647 5596 6699 2979 6612 253 8936 7094 5256 7470 8753 4316 3873 3018 3061 3666 9914 2126 515 2889 3615 703 597 4261 3339 1348 6904 9035 4603 2029 7262 7954 8133 7927 1918 8652 4699 7117 1344 2275 100 4050 5340 4501 623 2825 3319 1338 1302 9973 937 2020 9681 8475 8287 2063 8253 4454 363 6621 343 4865 2807 5564 4980 5002 6010 7890 1680 987 7119 6850 3495 1921 2924 9855 3177 1914 8914 4331 3414 1707 6193 9571 4717 8484 9567 3572 973 7889 6223 9054 6027 2022 188 6152 1285 8540 3035 4102 9822 7293 3620 5207 3341 6808 7255 2498 5901 1320 2716 7216 4521 1888 9353 8040 7946 9143 5641 9513 6804 474 5299 2624 3988 7460 3169 6894 1649 1526 9122 6293 2023 8611 7551 2578 2522 8340 24 3501 1863 2789 5249 3807 8128 131 3632 3208 3203 6559 2913 898 4707 7297 72 8638 6095 9209 233 8355 2313 4234 3751 2409 6609 824 3289
6836 2169 3034 854 1306 234 347 3268 3334 578 8125 9710 9167 4015 1824 6332 229 7672 9347 2842 9096 8921 0 6370 672 5551 3656 9778 9033 4113 9653 9549 9975 2308 9124 2792 1795 3762 8922 3955 6188 6105 5331 4041 7483 1558 7683 908 644 6380 155 614 7649 7459 4153 9792 8628 2098 9456 3650 4706 9049 9481 7964 4767 1912 8262 8106 6306 5418 2304 9135 4561 5935 1188 4221 5053 2155 5608 5822 2441 1879 1691 7118 1567 4724 7752 7430 265 1650 2942 1309 5972 9552 4272 809 6095 9423 2177 801 7436 3556 1288 438 9593 6707 7974 5325 3674 4533 2837 57 5094 6059 7439 6198 9131 3725 6859 2046 7193 4907 852 2488 7733 2571 9226 3593 8444 5500 4106 6502 5183 3002 8117 8702 6148 1453 8984 3703 3058 9999 2466 9535 9913 6664 702 6443 8400 4361 8436 451 2145 4848 3313 1597 6667 5791 6237 7693 7839 3758 8521 7562 7717 2186 7771 8398 7015 2877 4981 6165 6649 1693 1520 2648 5587 1169 5715 9868 5703 7561 3873 1551 1431 6729 4490 4079 7618 7201 9189 2055 9354 8952 7082 9811 526 4999 7817 6330
4904 1173 7030 3902 63 814 7067 8715 4863 3257 258 8213 3315 4602 3504 5932 4232 2514 9041 171 1226 8343 6370 0 5310 1505 1633 5343 7530 1823 8310 7842 6270 6884 8217 9587 3163 5932 9159 2802 8795 8151 9105 1876 5695 7464 4190 4608 8336 6319 4052 5928 571 6054 8221 4721 9601 3844 9993 4346 6175 1943 3724 4481 2798 9803 3720 7108 3551 8354 3692 5700 7184 8273 4049 3879 8466 8660 5831 9994 8015 8175 7912 3362 8194 115 9570 3309 1692 8858 1464 3468 820 7975 4471 5689 3063 473 7886 6969 1078 9105 1758 5806 9628 8732 8090 9439 8047 6718 6273 482 6755 7549 9907 7492 8546 2284 8720 357 549 4433 627 3196 2679 1789 671 226 1576 1420 5428 911 9682 2931 4318 7229 7695 515 9946 4593 6130 7623 4418 6498 137 7213 4730 3814 9702 8559 1220 4659 3898 1760 9649 1337 8976 1974 4176 3154 1984 743 8058 6532 7461 5621 2083 45 2508 7196 787 4945 4022 3374 5187 3611 6005 9842 4348 9219 7761 2725 6486 5806 8119 5501 9952 8236 8983 3248 1836 1711 3482 156 4095 2867 4606 2916 121 8138
654 5764 9949 8718 7373 9501 9528 3522 2174 638 6744 4465 8781 9371 6988 5965 9089 4534 3970 5464 7987 4281 672 5310 0 1648 2713 3665 288 4810 3181 962 5712 8126 8597 3147 4115 1626 1856 5040 5987 9392 154 9339 7632 7258 2348 4540 1276 4577 5369 5818 5721 4991 9444 8706 1851 4225 4763 4729 9018 2764 84 5393 6666 3429 2753 434 2458 2190 4112 3741 9163 7707 6912 9628 9695 7285 2108 3669 9738 442 5912 8359 1737 3307 7934 2148 7708 486 227 4146 8159 8452 8256 3841 9419 8572 4871 7233 7918 212 8427 3522 8271 8740 7700 8409 6171 8743 8945 7027 3286 4521 1091 4456 6108 5274 8614 8159 8773 4339 777 5307 679 6795 6449 5124 1039 3227 9795 4922 6892 9842 3689 5115 2942 7088 823 3161 8895 1368 1796 8968 8554 8486 3416 3151 8602 9145 9555 2954 9107 2064 8022 1334 1456 5806 702 2500 7852 7903 4342 6243 9358 6078 5328 715 4158 8716 3196 7437 9684 343 7430 6221 6417 7119 641 5053 1130 7477 8115 5587 1083 9403 9949 4167 4332 5469 3550 6237 5242 9 2426 3340 4309 7934 2504 176
7262 596 7636 3479 8779 3286 3652 3498 6719 1475 9296 2966 8149 9664 7492 4053 1418 3391 435 7038 5800 288 5551 1505 1648 0 9914 1433 5277 4481 2913 2935 6917 968 8368 7032 7033 2006 8649 2647 1040 4980 8038 8476 196 6401 9996 117 5789 8684 3337 9122 5123 6955 396 8990 3936 9406 3488 37 7227 4805 8081 7991 7219 7021 2910 3327 3178 6342 5445 5426 2897 6306 4950 8601 2010 9853 1285 2941 9250 5457 8632 8776 3288 6790 801 9502 2208 3725 9389 3514 3041 9155 792 9292 4000 5201 4073 105 7306 6395 2838 8575 6471 9928 2841 2340 325 6856 3718 9634 5809 4736 5021 217 2378 8040 2951 3735 3044 440 7284 467 2370 1467 857 4764 9052 4736 7486 4143 5293 5455 151 490 150 7169 9522 7966 6011 6176 9421 8007 1923 6190 2199 9287 2301 5231 9447 139 1321 2656 3861 8783 5312 1373 1606 2216 5299 5807 1061 8256 4213 458 8985 3775 1972 5897 6723 5665 6360 1860 2703 104 5533 5383 9732 390 2558 7094 9696 7556 6894 5038 376 8517 2331 744 1862 2772 9734 9542 9375 6116 5785 2689 281 7781
1861 9730 9119 1349 6143 1264 9231 9679 5187 2944 9179 1479 1501 1748 9481 1791 908 1495 2743 9109 6723 4523 3656 1633 2713 9914 0 7214 1826 8347 6266 7541 4219 6728 9293 321 1257 4131 5093 7381 4792 8427 8342 9168 7687 183 407 7455 8935 2739 2035 2169 8167 8876 3845 4005 4816 8793 6609 3184 5459 6349 4754 6026 8660 8997 3614 7042 3023 486 5726 5966 4039 7099 9908 9779 7264 9916 763 4084 4921 9231 9794 8785 6048 5356 8258 6093 893 5522 8645 1583 723 9986 7098 5045 8505 5963 7169 6789 679 5082 4466 4881 1633 3569 3277 1764 5428 6503 7358 4566 3755 9000 9519 1788 1482 6230 1695 718 1025 2823 2372 2641 7454 5116 7028 7585 2473 8312 9431 4751 7392 9808 1940 4158 8986 9735 409 9024 8626 5162 428 8715 9474 7062 8474 4816 2131 4805 1119 8427 7415 1587 8531 4583 5214 750 8292 9580 7922 132 2915 7620 5181 4104 2013 5544 3017 9618 5342 8035 6578 4415 7379 957 3762 6306 8977 9294 6693 553 9975 7008 56 6867 9720 2881 8465 2548 5294 6272 3280 2265 2840 8134 5527 5852 9038 6568
7730 8486 2063 8543 4483 2779 7190 4658 1791 4169 104 4385 1732 3889 1223 7700 4021 4803 111 1982 2165 3562 9778 5343 3665 1433 7214 0 6355 8018 974 3756 5421 8370 1728 1448 8285 4308 386 4168 1119 862 8828 4500 40 8582 1503 3480 8507 8388 7329 8993 2497 4482 1592 3763 6149 3847 9010 1487 4733 4335 7762 8804 4934 4031 7742 5831 439 5486 9710 9296 1024 2269 4182 477 4912 8723 1099 7967 7283 7615 2253 382 7188 3319 6209 2877 3531 6189 4398 9382 8348 8619 2825 9317 928 1453 8166 5045 699 9062 5601 7470 9500 9268 4787 4458 4014 3209 999 2929 9046 4240 7480 1098 2803 2482 5804 7844 3366 2458 8495 2801 658 3069 7054 6345 5478 6139 5307 2162 9331 160 9447 2472 341 1013 2236 3885 6295 8022 2285 7422 3168 6279 5568 3676 628 361 7194 3011 9941 7998 9189 5944 141 679 7611 3387 3631 8866 8392 855 6044 5768 8777 4112 8499 2149 1333 3040 4140 9223 5011 8868 1258 1300 9466 2186 7976 6652 5720 2427 729 8279 390 4407 3505 6751 6476 3790 6965 4515 999 1312 5279 6364 7761 3933
5177 4694 9746 8111 4465 5696 5696 2827 2680 5538 256 5568 5537 6462 4880 7331 4914 3847 6074 6616 1511 591 9033 7530 288 5277 1826 6355 0 9336 2618 8220 3551 834 8088 6031 8435 6273 2968 7573 1844 7564 22 474 371 701 9590 9790 8503 6218 1461 8789 8578 1924 7858 6483 581 2452 4677 2324 1728 8722 3419 2550 4043 4544 9232 3525 2587 5243 8771 1989 3173 732 5926 3741 5320 6275 3137 3489 6040 1377 8766 7429 4964 4803 1084 7397 39 100 8142 794 3081 8446 4770 2368 1100 3483 7292 1057 924 884 8502 2794 3518 2657 8373 5221 3963 4267 341 5063 828 1743 4151 7741 8991 3641 3649 150 5100 4906 1338 3346 5031 1132 7662 7045 3562 3116 4540 8545 400 3546 6585 5637 6421 3226 6155 7499 5312 956 819 4434 7377 3419 7638 3368 979 5842 3768 1875 9180 973 3763 2243 5058 3344 3599 9031 6479 8919 9817 3392 3318 3016 4117 1088 2487 5478 3374 8379 4789 7424 254 352 2065 6958 3183 8235 2823 9038 1974 1503 6433 9583 7018 2242 6041 5230 4400 9750 1496 8292 5484 5768 9348 9591 6070 6529
6598 7287 5411 9106 1148 6502 736 440 9307 1338 7444 1712 6835 4190 1154 2617 4742 2416 8847 2371 8764 3810 4113 1823 4810 4481 8347 8018 9336 0 1446 2634 731 9085 775 6076 5051 9183 8278 5312 7257 4950 6265 7418 8641 843 4217 4169 1000 3383 7228 4131 4286 3771 4347 6694 477 1542 696 5395 3412 2128 4375 6661 6081 7836 2474 4387 6705 9944 8910 3176 4437 4909 5568 160 914 9957 1377 9042 526 3853 536 2143 3817 8712 6357 9971 2506 4752 1144 8793 1907 5674 83 8006 8387 282 5675 3735 9999 2521 9539 1876 2180 8902 186 8984 3982 2147 2431 6365 8483 5796 2842 3884 5579 101 8141 9033 2684 1397 124 7943 6741 9637 9379 5607 4410 6721 9590 2761 1786 1252 9682 1010 4342 9612 8326 5883 9883 3138 4224 1339 4838 8367 8844 1304 8363 1280 8616 1796 8383 7030 720 1367 5653 2357 2788 1384 6676 7085 3886 3268 5508 2527 2800 1835 5828 3065 1789 6015 6488 1486 5014 9218 3662 8494 5873 3896 4888 9076 7268 7851 675 6423 383 8406 2277 1153 3279 2092 6267 2198 3391 2066 2820 180 8921 1790
5098 8508 9708 4025 7768 7645 8233 8217 723 426 1689 8225 3603 9075 7035 3330 5838 4885 6311 6095 927 4454 9653 8310 3181 2913 6266 974 2618 1446 0 997 9276 5949 3027 3707 4700 4628 3171 2411 2819 2799 9201 8541 5472 1420 4257 2153 4305 5997 2590 9357 3960 2217 1610 4206 1456 9536 4410 5845 8240 6584 4305 5576 9283 3638 8419 6160 6117 3452 2327 7124 5833 3666 9183 7814 5200 7770 6754 1376 7908 9152 2278 6033 6512 3717 1221 3170 3362 9876 9714 41 3139 1694 6910 4717 7900 417 3824 3910 3142 8332 1989 8775 8290 49 8513 7327 8014 1997 6504 8873 7338 7994 6796 7992 8710 3100 3289 3074 9021 4975 8378 6015 6026 8933 7566 6466 2014 3421 2194 1717 7652 8584 8702 3136 7038 9039 1190 3007 7348 7357 444 9377 262 4816 8653 9519 868 1068 9365 1807 4761 9041 4711 7652 8776 5467 3975 1256 8861 9323 3390 305 9585 967 6550 5272 9694 2935 2569 5237 2945 8530 3466 317 8424 190 8310 9371 6011 554 3690 4573 2871 9313 2067 4243 5586 52 8650 3770 1134 6902 3510 6733 3408 59 3415 9524
5989 9608 6946 1665 2710 9719 2722 6925 3267 3724 2120 3034 2197 1410 6446 2525 5230 8319 2303 7634 5191 4179 9549 7842 962 2935 7541 3756 8220 2634 997 0 9383 2238 661 7109 7614 4565 6864 5053 8133 9010 538 2838 3209 2609 9319 316 5728 5941 6831 5331 2385 7413 1514 1847 7449 8124 1223 1870 4194 3119 2966 4229 4400 4639 4034 1268 1550 1198 936 3859 3430 3092 3994 3471 5218 487 2935 7775 5264 8161 2088 9656 2378 1882 5556 3657 7495 4846 2229 4728 151 779 8114 5299 6673 1194 8382 2313 7086 2026 5658 5124 7033 6782 892 7733 2219 1700 8085 8075 3865 5453 7838 4661 2533 55 9216 7197 1833 1642 8150 6689 4822 5389 7070 7934 15 5210 262 8683 7862 6737 1346 9323 9847 633 3319 6125 182 1162 2871 2673 5267 8047 7936 947 1350 4500 2155 155 8925 9472 2779 4509 9932 6108 2840 7487 7456 6160 1504 9091 2330 6913 7827 5635 4039 9860 3872 782 9856 2576 3019 9237 238 3611 9470 4595 7203 3830 7659 6806 4244 1927 8817 5782 9175 7868 567 6827 5623 7340 8405 2874 2712 608 9891 2207
5980 8494 6935 2395 4160 2525 4852 7532 8197 6699 1839 4103 2853 6564 4847 80 7635 5000 3 2312 7038 1153 9975 6270 5712 6917 4219 5421 3551 731 9276 9383 0 3417 2324 3211 8574 9702 7024 575 2930 364 3022 5493 664 4855 7085 163 8165 3650 6056 9788 3670 7539 8505 4820 2593 3720 5149 40 3120 7678 3936 8124 7179 3786 2089 3734 6219 2278 2508 589 2383 3509 576 8986 2583 8399 2097 6870 9262 8034 5203 8088 8775 9632 6069 9266 7230 7926 4128 4401 4027 2580 4198 760 3385 4977 3003 8565 2747 9738 1352 4551 9733 9492 6905 3960 9446 368 4073 2569 4004 6985 8555 5477 2141 4531 9670 5223 5976 5735 2966 9550 6757 8493 4278 1923 633 107 2413 2479 5956 6109 8275 58 3921 8198 4651 7400 8211 4427 4684 1372 6353 1392 9705 7235 3814 4430 8491 2586 778 3196 5094 1277 1613 4490 7916 2266 3226 8043 8696 7302 4502 4896 3955 6512 2035 5552 5608 5434 1334 9946 8313 3536 8454 3288 7107 5831 5601 5046 4882 7821 5220 3423 6300 1101 5549 8361 2495 5393 9291 6763 3110 6396 1957 7401 6380 7945
9662 1533 7611 4562 4375 7350 9695 6798 5936 6025 9005 4526 5594 2455 4352 2832 7930 2127 1143 368 8584 6647 2308 6884 8126 968 6728 8370 834 9085 5949 2238 3417 0 4320 2409 1957 6615 5727 7931 8140 1658 9531 1226 3376 9926 2353 4935 438 2970 4779 9129 3866 9405 1542 9153 9217 1822 3328 7513 5258 6804 5130 8063 9798 7664 5671 5590 5118 4151 8802 1992 2123 3775 4063 4202 2551 560 1888 8229 1264 8132 2800 8742 4419 9060 2407 367 1429 7821 1570 3090 6538 4283 9896 5101 1297 4277 1112 7030 5079 4265 8899 2431 584 2514 1181 37 6022 2833 2417 9910 3890 4771 7807 283 559 3317 1312 8048 3693 144 6302 1280 4923 4567 1527 2639 4807 5879 4660 8683 7147 5226 2062 6119 1872 9353 9479 2426 1540 8147 691 488 5779 5124 8462 3572 13 4723 4662 5779 594 2623 2388 1901 6887 1106 7416 3730 8398 7033 2828 4980 8582 4509 7032 311 8144 2824 1594 5839 3845 4685 3384 4105 2776 53 5717 7539 8656 481 509 8843 3532 1737 1181 7053 5185 9927 2021 6698 3320 1345 6729 2108 193 1209 5865 3579
2085 9785 8662 8610 7193 1300 7642 4436 5269 1509 5412 2513 3714 1175 7069 1169 8326 6451 4964 7838 4003 5596 9124 8217 8597 8368 9293 1728 8088 775 3027 661 2324 4320 0 585 3966 6594 398 8573 9394 229 1366 2118 2454 3099 2830 8465 1153 7911 9109 8899 51 782 3658 645 4409 3373 9447 4731 7112 4528 2079 6884 7699 575 3848 3042 3525 8714 7601 971 3568 8560 8943 4925 9869 7961 9314 8841 3371 7178 5528 156 9073 3796 9228 9446 7385 5701 1914 5395 3569 6549 4978 8804 1649 5311 2619 2444 1000 5333 7065 6470 1614 6623 7980 5111 6807 9729 4535 6013 265 5485 4553 737 8192 94 1892 5082 1853 7660 8870 2258 1641 1146 8126 9253 9273 6563 6471 2486 7307 3238 524 5897 2121 3552 7526 392 5416 9760 7947 8758 1087 6095 512 7758 6329 1050 9001 4788 8314 2141 8440 7920 1323 4655 7506 3858 7526 8436 9799 5702 2540 2398 1049 1046 4817 9280 9312 1907 2225 4681 4019 4909 8678 3795 8963 7963 3944 9431 9446 350 3175 4325 8013 5031 5616 9265 5673 8089 8999 4086 126 3364 3766 9699 3011 7414
8713 2289 4181 7916 509 9231 6392 3121 5140 60 9020 9079 414 9980 5456 4635 9462 1268 5190 1227 3230 6699 2792 9587 3147 7032 321 1448 6031 6076 3707 7109 3211 2409 585 0 8201 2190 5239 2751 3041 7144 568 3041 6981 1700 6906 6516 1244 5920 7784 4690 1538 9810 4097 1610 4159 4881 5042 344 5550 4507 8172 8697 6264 1962 5269 1957 3124 2182 1914 5534 8583 1411 559 5046 5352 7449 2557 8337 2432 8753 4480 376 1017 5031 363 7520 2576 2253 3758 674 1130 9872 1653 6599 2881 3393 877 9124 9235 5426 2731 2510 921 1374 5724 9067 3587 1573 3466 3576 2271 3689 9373 9575 3906 4203 1132 5984 1051 9930 5049 2476 3066 1439 1538 4362 3332 6832 7302 8354 9729 4092 3488 7278 4697 3730 6177 6897 1282 9661 7936 3740 8552 8595 4104 7823 7605 6800 9635 3872 8405 9367 361 4561 9553 8051 4854 3846 9889 4065 2579 4695 5870 2296 8341 7641 2887 3356 4557 3088 8225 6958 8493 7709 7622 4817 4080 5524 3405 5066 8939 6944 7286 6524 3261 384 9216 2362 8479 9030 6689 5388 2862 5208 3145 1484 1346 7325
6784 1336 7531 1878 5763 6416 8187 7463 788 715 9358 3032 8011 9573 7417 4426 7019 4915 8354 5942 3260 2979 1795 3163 4115 7033 1257 8285 8435 5051 4700 7614 8574 1957 3966 8201 0 2171 9450 7081 9630 4633 7095 7442 302 2042 3349 5123 7724 20 1144 749 8719 911 2916 7612 8117 9194 1114 8626 9060 6958 8460 279 8421 3874 9330 1414 3835 3499 3831 3673 2507 5858 4280 1834 8417 6737 8137 1054 4210 4685 1401 6339 9270 391 9767 5378 6166 8319 6053 5577 6438 1572 9669 6515 889 1116 5428 3556 3505 5299 9770 1675 5100 3247 7514 3433 5851 4381 3743 7612 7807 5718 1961 3588 4101 7486 2025 5812 9430 6825 9825 9419 6266 6907 1484 84 1315 7228 3103 5533 3737 3658 1337 1024 17 5120 3623 3531 5438 5158 316 5545 9115 5192 2315 1698 6545 8758 5001 2211 8193 8675 5074 7649 5049 3322 370 1783 8646 3610 8512 1284 997 5356 3690 8152 5082 1053 8973 6339 1882 6071 2856 6648 6143 774 2172 5771 368 5960 9036 2620 1597 8790 3688 9406 2459 8669 2090 3585 8973 2179 4074 8295 2660 1895 3940 8037
4505 8853 8120 9714 9576 2241 9642 3189 180 9141 2758 4361 5884 3871 4791 2842 6243 2849 352 3199 5873 6612 3762 5932 1626 2006 4131 4308 6273 9183 4628 4565 9702 6615 6594 2190 2171 0 7471 6195 1534 5824 111 7101 4258 1015 3645 846 5054 4931 1830 1520 1233 4850 5319 6474 31 923 8335 1281 6979 9274 3667 7547 2205 1195 7709 6641 2615 7193 1238 6593 8186 8537 8799 8343 1445 9539 6573 9335 8615 5636 7227 2170 9912 3508 724 7576 992 1731 6367 247 5357 6110 9760 3215 3609 9207 974 9458 6057 9807 6647 2639 2989 3621 6427 3345 3620 8702 7628 9503 4195 4252 6093 5856 1147 6018 6785 8933 3442 8770 932 544 1384 1005 5948 6304 8759 3422 2391 6441 1537 415 5872 8560 4425 8611 8437 1404 7644 785 936 5004 5957 7940 5321 6331 6603 7694 1348 8035 9597 8747 6832 8249 7817 4896 3094 2825 8875 2087 1893 3250 5630 3497 5933 7810 5309 7543 4965 8621 2766 3254 3923 6098 2081 6313 6062 6074 7168 5293 9921 1997 5113 2507 3286 541 2975 3372 8017 7518 5039 8228 3326 6182 4090 6413 3680 6761
3448 9927 8933 8158 6359 3141 8711 453 6661 3464 2784 7748 7238 7465 7255 8203 5292 3914 9586 1888 5521 253 8922 9159 1856 8649 5093 386 2968 8278 3171 6864 7024 5727 398 5239 9450 7471 0 8516 5032 1279 5338 3631 6818 7467 7440 8595 1508 1395 6130 8073 8786 8106 5791 9825 1231 9633 2231 8868 2348 4227 531 7883 4219 2953 9107 1558 7655 3254 5529 4205 4490 246 879 9589 2995 7759 815 7583 511 7724 9342 3461 6606 5284 2896 1311 2006 6919 5806 1333 8083 6433 713 8026 2979 3570 1008 1697 2786 3753 2972 6350 4657 3738 8526 3907 8421 6878 6157 2186 7060 4386 3638 5456 4520 1481 5469 4630 3201 445 2859 203 3724 6545 8565 8892 1909 8269 6487 1998 7256 8423 7687 6535 7975 8332 4490 6217 1074 9271 9772 6764 1868 2925 3204 679 452 1903 3717 6897 8564 8076 2694 1864 6962 2015 718 6577 198 5151 7209 6033 1806 2000 1334 3047 776 4898 8408 6427 1025 4340 6684 3559 7058 2680 5623 9683 9981 8775 7914 4384 292 4004 5106 6214 2245 2934 5402 8255 9574 403 6035 9552 4069 5078 5244 8641
5568 8993 7698 3455 7255 8679 7618 3449 6954 4511 2336 2853 4100 2867 7427 8846 7989 1132 6375 3706 4883 8936 3955 2802 5040 2647 7381 4168 7573 5312 2411 5053 575 7931 8573 2751 7081 6195 8516 0 7964 8530 5266 1755 6269 1018 3815 9787 4657 4633 4382 1496 1332 5013 9031 4189 1572 4277 5827 6781 6717 6119 3477 9777 2809 6057 8247 7907 6621 2620 313 8780 3264 764 7064 5350 9282 5550 7828 1603 4437 7728 8151 6864 8979 2556 6329 2529 5401 6554 5216 1835 9021 7242 134 1187 6824 7248 2717 1861 4972 593 8728 9468 4320 539 5618 9774 9663 9032 2772 5115 9604 1073 6406 4996 8092 4004 3290 4222 2279 3675 8883 6246 7380 4643 5460 6967 5796 9557 5332 5740 4745 8023 9418 4474 4646 745 6799 9775 1573 2078 6721 7354 7110 4985 6109 1632 1357 2814 6261 4467 8866 7610 230 7834 6170 1734 8805 8731 1361 4279 6215 5918 4193 7402 8842 5796 8465 9729 3350 5089 4809 176 9176 1943 6131 5181 8957 5719 2163 3921 6674 9625 7519 3602 6142 9870 4000 2657 4614 3216 7755 2153 5861 8987 3884 7024 979 9031
7865 1717 3893 8611 8527 4897 1614 2355 3095 4142 5042 2313 9818 6728 5656 6676 6605 3730 6440 2682 2583 7094 6188 8795 5987 1040 4792 1119 1844 7257 2819 8133 2930 8140 9394 3041 9630 1534 5032 7964 0 1597 6920 7266 1152 1326 3325 1122 3536 453 9928 7399 6967 9012 8122 6379 5679 3419 7535 4902 2359 2089 2068 6914 4627 7793 4055 4216 2700 4777 5754 4577 9318 295 3184 4950 130 1971 9678 3401 2998 8200 7742 5111 5922 6490 283 6195 9311 1329 9892 3484 6330 1519 5959 8621 1623 8695 2806 6131 9348 2762 1722 255 3384 4872 9052 5778 379 4615 11 4961 5890 556 3270 934 614 2730 6745 2885 8725 5240 5940 2606 6208 5637 2841 2386 237 533 8758 8558 1041 5273 5686 3880 8652 5114 4169 6861 2180 5376 1124 3884 4530 7083 3442 3648 3657 5589 2289 5241 9648 5235 3121 5199 4332 7974 244 8712 1723 5205 4432 7107 8279 1541 3612 3691 9457 378 8438 7049 1446 3794 7128 4936 2125 68 1542 9349 523 6238 7645 2910 9770 9660 2131 6333 8384 9663 2070 8072 6432 9006 6376 5751 8381 6099 3287 8
