100
0 5732 7125 1492 3732 5670 7897 7837 8092 9748 6024 3571 3479 3045 949 4897 3890 8719 8432 1187 6682 458 9677 1761 7245 4864 3627 6993 1732 2916 9904 3472 2527 9472 42 5331 4717 2922 2344 2740 7203 799 9488 3892 8830 2885 6311 8797 2755 2863 365 609 9490 7231 6302 3820 2423 2213 3226 4597 9171 1150 5944 8740 9733 5924 4335 8155 6841 5065 3656 2389 6218 7267 2463 913 8104 4291 8201 5910 7332 5821 445 6214 3464 8454 4779 1884 2727 8635 5945 4072 4540 7278 4469 4889 2742 4077 7956 6052
5732 0 4903 9420 4958 1828 5817 3576 2448 8565 2664 2711 4394 8533 3963 8886 7976 6059 8088 4890 9237 9227 4652 5803 3278 1120 3378 9496 9267 7651 3961 7462 2313 5062 1328 5541 615 6757 7238 9481 8857 2407 3753 4642 7301 2460 6669 6823 6940 71 9968 4417 5967 4601 4964 7585 9082 6756 9602 1146 5679 425 3663 2566 1255 6758 1013 5523 6227 2162 6134 6935 4137 3421 2751 3463 8267 3686 118 1535 6365 6593 3299 6529 8178 593 4947 8770 9065 9057 2817 1228 338 78 2963 9072 8574 3933 2466 2166
7125 4903 0 8989 5299 6354 3435 3667 1843 311 471 2858 1422 4185 5233 3687 8747 157 5503 5009 4600 7218 3061 6095 4348 9788 6340 3543 6137 5660 3801 8841 4323 6246 2254 2363 7341 3270 9068 6261 6 4578 8930 6850 4628 2503 3565 9605 1394 2443 9442 286 2753 7821 6379 4390 6423 8985 1153 8254 5756 6682 9410 1171 6026 322 7383 8562 9258 8147 3284 7790 2593 3562 4268 844 1126 749 3763 958 7334 7745 6953 6375 9383 8020 3197 6115 5661 3401 4953 9940 6730 6144 2923 65 5583 7923 5104 7981
1492 9420 8989 0 2115 1831 9967 9194 918 4611 4750 9855 3793 8847 1504 397 5213 9272 4215 6218 4501 4751 6895 2901 7778 5123 8490 6863 2711 5265 4759 906 6368 8853 5800 3631 375 6524 1395 2947 5688 6513 1345 5043 6626 6736 5193 9025 3326 8013 7170 2645 4894 1370 9090 1708 4460 2357 4054 760 3031 2248 5747 9716 8780 1997 8961 7825 2997 2540 2869 7619 5922 7526 3876 5019 2365 4451 7999 5330 6233 8512 9756 8483 2805 8690 4909 1610 2190 7207 1149 1640 6942 6258 2209 5390 1988 1532 9621 6666
3732 4958 5299 2115 0 3858 1023 5823 1174 1226 3961 722 4196 9052 7446 3176 1756 7453 153 7316 9032 5752 9946 2026 3178 1931 5822 1336 2405 2597 5640 7580 3205 9752 1006 7337 8551 5013 4819 2233 5186 7680 4236 2371 9536 3149 9918 4751 8398 3551 9754 3477 1952 1277 1519 6901 9491 6598 6985 1343 5290 4840 2855 8383 3723 7761 8812 9712 2196 2239 9568 5643 6110 3611 4453 8153 6026 8165 2931 1232 2398 1022 5977 9336 4828 7600 1710 3839 5644 3155 3373 1280 9440 7287 6418 478 3786 5467 2256 1896
5670 1828 6354 1831 3858 0 591 2339 4486 6870 5879 4493 2669 7259 9772 9778 1027 6903 7086 4892 6409 9613 9001 2191 1110 5529 1020 1585 6006 7442 4046 7390 3187 542 4193 8127 1608 279 2171 9951 4484 7118 6449 3349 2485 6614 2432 5907 6933 5661 2045 9431 2322 1858 7358 5690 4208 9511 6353 4393 2493 38 3072 414 1777 279 3442 1234 3079 8284 101 8373 2037 466 3884 7708 5590 5673 6601 1153 5174 5416 669 3242 8820 7265 5729 4753 3349 6140 4196 4150 9 9351 5281 6083 8404 2923 59 7004
7897 5817 3435 9967 1023 591 0 8071 1977 588 4657 7982 7019 9835 2523 2870 5744 2008 7738 5656 7825 187 7861 7848 6101 5610 9362 9495 9956 7111 9320 9839 6147 1900 8075 567 8948 5618 8566 8527 9736 1969 130 9020 6151 9711 7159 5901 8562 4469 6659 7244 5573 3060 1153 3483 3861 5682 1978 6898 7371 4988 3256 8070 2669 2358 4954 3979 5364 4437 8293 2636 732 7398 5326 1152 8309 2094 6532 3856 3190 7478 6714 3697 4275 4641 3959 1738 7801 7484 1755 751 9249 1794 9943 2929 5032 5129 851 7125
7837 3576 3667 9194 5823 2339 8071 0 9255 365 4407 3301 7207 7267 1259 5768 2858 2981 8990 9918 8696 4047 186 4109 8553 2052 8545 2806 4044 7522 9536 770 2039 6589 5782 6705 7425 1142 8333 6707 4449 8660 8785 314 9896 4911 1599 7947 7889 7708 3858 8707 138 1819 7631 161 5131 5195 4264 5684 3205 8042 8610 6280 6329 2453 4198 9836 5749 6851 1585 2559 1336 4170 3261 6357 3112 7060 7316 8386 7375 8788 5619 5797 6741 8304 4314 5661 7508 4603 580 3521 1958 2329 262 6158 5643 6200 7092 5381
8092 2448 1843 918 1174 4486 1977 9255 0 8973 5179 2823 4989 3112 4891 8485 9500 9596 8124 7921 1843 6377 3418 8495 5806 5190 9205 2357 9034 8377 344 4146 5232 6274 2259 5419 3815 9001 8031 7243 7155 9000 5213 9221 8372 1718 8518 3549 1332 8488 3131 518 4901 7927 997 4874 3566 3623 2278 7641 7060 4052 6381 8825 8193 2096 2356 3117 6111 8596 5612 8299 9793 7825 4372 8727 9262 744 9312 9410 409 5826 8251 8062 7665 3313 334 9928 4973 4850 3962 8875 729 9395 4196 9684 5501 7393 148 7853
9748 8565 311 4611 1226 6870 588 365 8973 0 8533 5038 5066 5123 9466 8355 5729 8393 4439 8697 6693 9646 7507 5947 2550 3658 3691 5817 6119 1086 5432 3386 4889 9962 6647 3540 4870 8076 6683 470 8389 9421 9456 1982 2756 5151 4638 4249 765 5091 9615 2154 8654 7995 1647 6974 9053 1161 515 6747 1857 6922 3900 5365 9951 8177 6916 648 2305 9019 4807 9167 7549 6833 5889 7551 9662 4101 8992 7220 501 800 6600 9316 9767 609 1437 8791 9486 2402 5400 7375 1823 2638 2254 1751 3917 1268 5639 2434
6024 2664 471 4750 3961 5879 4657 4407 5179 8533 0 7908 7118 9577 4896 9431 5634 6424 3681 5671 2216 6068 9727 5979 2357 5382 9403 1907 2257 3136 1862 817 6763 9537 2957 6639 409 5575 3913 6681 3440 4033 3493 630 1447 2750 1092 7401 6177 9842 7254 8060 1084 2664 4670 3385 7675 4639 216 3936 4652 522 7551 4026 3673 2846 9573 2771 5548 1922 5655 7273 2035 1950 2110 6764 5858 3845 7273 1339 1257 8523 3879 4797 3060 7078 6337 2016 9013 4359 6133 5586 8055 2650 5140 2075 4984 8445 8912 1516
3571 2711 2858 9855 722 4493 7982 3301 2823 5038 7908 0 7122 6850 8820 183 2659 7237 3302 8982 4442 6756 8600 7037 2284 6992 9002 7997 712 8889 5247 5771 4058 7541 1852 2232 2678 8883 4970 5150 3629 4799 8735 6543 3938 7893 7032 1357 9359 2106 5747 4735 7229 1244 1246 7522 5182 9096 4077 3882 5133 6757 9380 8235 3785 7752 6872 5973 8715 2970 9811 7153 3300 1420 2278 5186 840 7924 5491 3160 8358 744 5247 7911 2531 7990 4617 6744 5206 50 3444 3828 3625 5743 4761 4952 8659 9426 8207 1770
3479 4394 1422 3793 4196 2669 7019 7207 4989 5066 7118 7122 0 5738 2832 2362 6357 9580 7660 6731 4731 1853 7937 8089 20 4320 8010 361 9506 7580 2072 7203 6048 5381 6231 2879 9118 6196 8738 9754 4658 1517 8799 5611 4486 4745 34 5990 7680 8206 555 8164 6731 5663 3940 8337 693 9037 5447 733 1903 584 1690 929 6059 9781 5129 1016 9624 3917 478 3100 2642 8783 5358 6427 2591 5921 6781 5938 6540 1720 8100 3995 9582 546 6905 1951 5144 8676 3667 9488 2056 9729 2458 1756 4660 3807 4180 3359
3045 8533 4185 8847 9052 7259 9835 7267 3112 5123 9577 6850 5738 0 748 1559 7831 6558 478 7938 32 5741 8820 8967 1640 2059 3208 7435 9591 5633 5790 3946 2974 6917 2103 5032 7976 8470 1557 9040 2080 2978 7525 5504 4947 818 8350 1492 415 5978 2200 6071 9732 1660 3792 2574 8326 3110 1567 9703 3837 1511 4322 9096 8669 6089 9888 9170 4225 545 636 9621 1087 1419 9944 9968 6536 4273 2417 8115 14 4185 4929 1279 9455 4350 3038 6345 877 1352 4530 858 5499 5823 9072 9701 1768 2439 253 2331
949 3963 5233 1504 7446 9772 2523 1259 4891 9466 4896 8820 2832 748 0 7043 2665 6222 5417 2558 634 2136 9316 290 9239 182 7742 7893 8150 3341 8459 3660 8663 2558 8639 9018 8760 7845 7995 5586 2352 5034 2031 1771 6627 540 8737 2134 6435 1546 9541 4219 9755 6300 9231 3294 5786 3198 7493 811 3749 9565 8232 8728 4971 6860 1118 123 8271 4922 2064 7743 4467 5555 2865 6828 5634 7406 8696 9871 2128 9804 5910 1510 6298 7706 109 9723 7477 2326 728 7733 3904 6708 5199 1211 8337 2196 5561 3859
4897 8886 3687 397 3176 9778 2870 5768 8485 8355 9431 183 2362 1559 7043 0 5601 9117 4794 9787 8245 4431 5325 1985 1884 8157 5036 5446 822 5824 6385 4289 6102 6071 1221 1290 7639 47 925 1242 9724 8229 482 3116 4397 7094 1226 9865 6038 2962 1448 8485 4120 5583 2958 1200 7401 3036 2817 1150 3751 9573 7119 8746 2073 5732 3952 7096 6278 7918 1789 3887 9245 2910 3615 1491 2126 8168 7670 5883 7472 1909 7453 8281 7542 2010 2273 8254 5943 7711 4575 571 9124 7764 2833 7854 6699 3829 9961 2933
3890 7976 8747 5213 1756 1027 5744 2858 9500 5729 5634 2659 6357 7831 2665 5601 0 948 6405 1033 6310 2552 5847 3317 3438 9702 2517 2886 1712 2546 9226 2161 4039 1465 6890 5632 5750 92 7171 5324 1179 2664 2894 518 8597 8397 2789 7347 2228 60 8094 8922 8454 9302 4699 141 9370 2392 8883 5530 9421 6261 7976 2634 7972 293 1336 6688 2715 8454 8835 5591 4085 7664 2369 9663 2931 3635 9840 9808 2279 1104 5324 8596 5043 6706 2308 6686 2943 7212 7216 3338 9440 1108 3352 6026 8822 5915 4685 3532
8719 6059 157 9272 7453 6903 2008 2981 9596 8393 6424 7237 9580 6558 6222 9117 948 0 1300 6097 9973 5247 5716 3362 9120 1437 5099 141 2565 4728 1961 8505 4980 5076 4640 616 396 893 2837 1430 6438 6948 3579 9269 1112 1380 5776 6629 6014 6795 9186 8011 2440 7060 966 8697 1900 4689 8335 7339 6047 8165 2083 8580 9345 6018 3557 9599 3292 5484 3886 3825 2690 6272 9512 2144 5951 9010 7309 2376 9822 9825 5047 204 4538 8567 9120 3760 5259 809 6628 6233 210 1969 281 9989 2487 20 4772 49
8432 8088 5503 4215 153 7086 7738 8990 8124 4439 3681 3302 7660 478 5417 4794 6405 1300 0 351 9812 4943 6812 2177 2028 4792 3073 619 5512 3355 8606 7794 6732 4630 8769 4927 2561 7990 4476 3838 2868 4437 412 6821 3778 8178 1780 1424 7793 6689 9306 4619 2081 3696 5418 4706 9509 8590 9127 9264 3133 683 4495 5354 9235 4879 1771 2286 1284 8468 258 796 5927 8844 3134 5955 6950 9990 1555 8973 9103 6575 9933 9613 128 5710 4849 4265 9703 2562 1651 7912 7391 1776 3823 6621 3078 5814 9316 9340
1187 4890 5009 6218 7316 4892 5656 9918 7921 8697 5671 8982 6731 7938 2558 9787 1033 6097 351 0 6609 9992 9937 6361 1279 6559 7057 4260 6661 1681 895 1796 4186 7947 9456 7802 1787 7671 8743 6737 7047 3231 7435 8371 2135 1729 8874 7826 8600 4078 3327 2846 2680 8541 7001 210 4110 5966 9277 1093 5671 712 624 7962 740 620 9815 6627 8693 78 2969 7053 977 7190 3673 7791 3959 4303 9584 5538 5833 8228 3189 9316 8201 8063 7155 7023 970 8280 9955 4777 2135 8374 125 2519 4555 5821 9217 2803
6682 9237 4600 4501 9032 6409 7825 8696 1843 6693 2216 4442 4731 32 634 8245 6310 9973 9812 6609 0 3395 1242 4164 3315 8070 3008 7530 6721 4929 9598 1430 8942 87 8293 8893 2243 1109 8532 4302 9180 11 1651 4873 3224 7886 6546 8196 3319 9176 1738 8428 9314 5727 7757 9829 1164 7793 3017 3860 6589 2194 7920 7629 2921 294 2325 3920 553 9450 1027 7781 3874 5198 287 528 2870 7847 1560 7331 3575 3962 478 7345 2471 9491 6246 5821 1713 8217 5137 9201 4371 9646 9822 8580 8980 6354 4515 1767
458 9227 7218 4751 5752 9613 187 4047 6377 9646 6068 6756 1853 5741 2136 4431 2552 5247 4943 9992 3395 0 8592 5728 5296 9996 9603 6385 9481 7621 6458 6297 6184 7187 1761 8604 9566 3529 3872 6199 7359 9364 8322 7673 4893 5696 14 3572 3298 8034 6514 5807 1873 9369 8595 5246 224 315 1022 2538 2835 4039 6280 8630 9390 2977 7164 4492 3096 2175 5668 9637 2944 5940 62 5596 4063 923 968 6045 4360 7204 216 6916 6694 9446 796 9611 177 9339 354 5450 8688 8236 4066 966 1534 5514 4981 5298
9677 4652 3061 6895 9946 9001 7861 186 3418 7507 9727 8600 7937 8820 9316 5325 5847 5716 6812 9937 1242 8592 0 802 5009 5906 4228 4764 3537 1474 465 5619 1709 5907 492 4498 4153 4770 2184 9404 1172 9660 9253 7248 3250 5395 7768 1750 1045 2701 8674 8939 717 6730 6109 2688 6184 4698 1461 1218 2863 8863 3126 9228 2088 7649 6635 7983 4226 3155 7517 8774 7612 3257 7598 8004 8902 5722 9311 1854 7857 6968 4910 5524 9164 9562 6086 7306 6340 8982 2626 114 1699 355 9985 2988 4778 5174 83 6202
1761 5803 6095 2901 2026 2191 7848 4109 8495 5947 5979 7037 8089 8967 290 1985 3317 3362 2177 6361 4164 5728 802 0 9633 3256 6274 9691 1412 8604 9620 8365 9130 4408 2669 4200 9777 5759 5260 6139 3788 4481 3586 2950 4864 3099 4605 1507 462 2078 2472 4598 5990 9593 3083 6280 5329 3230 8915 8953 7265 6683 5810 972 1359 2710 6522 30 9805 3886 1867 6095 4385 7990 3147 4197 3117 4712 3515 7688 6394 6981 2030 3222 4728 2475 2624 4440 7667 3669 3022 5799 9414 6371 6970 7549 6182 2938 7450 8325
7245 3278 4348 7778 3178 1110 6101 8553 5806 2550 2357 2284 20 1640 9239 1884 3438 9120 2028 1279 3315 5296 5009 9633 0 4643 4004 8448 9025 4716 5335 9372 7288 6075 97 7389 3928 7460 2752 2542 8145 4832 6373 6298 4510 4140 5723 3324 6799 3826 8814 1934 8364 9918 9963 2065 893 2191 3761 7082 684 512 1438 946 9588 5720 578 5459 7543 4035 1466 9240 8468 2661 1066 535 6814 7263 6975 2281 5497 8634 9402 4775 5477 3901 4149 5912 9406 8886 6905 4670 8220 1102 7638 7402 1542 1530 4473 3901
4864 1120 9788 5123 1931 5529 5610 2052 5190 3658 5382 6992 4320 2059 182 8157 9702 1437 4792 6559 8070 9996 5906 3256 4643 0 6661 6414 6929 3839 5623 5697 2923 920 8546 416 4801 9001 662 5108 4231 1899 4603 4923 8177 689 9736 198 5384 9008 624 873 4857 6701 6778 9548 1621 996 3864 8545 6632 6679 4839 1358 1457 6916 490 9550 8309 5389 3593 1110 8732 7671 2015 7756 4798 5952 2276 6026 9817 3456 5149 6329 5323 5974 8698 8194 6526 4109 7638 9328 4953 17 4990 3710 7424 7610 3371 9605
3627 3378 6340 8490 5822 1020 9362 8545 9205 3691 9403 9002 8010 3208 7742 5036 2517 5099 3073 7057 3008 9603 4228 6274 4004 6661 0 5723 3142 5694 6588 7011 4042 9474 5385 4945 2466 1118 4192 1373 2958 1443 8358 1382 8560 2672 8138 5647 9396 9301 7192 6357 9483 7116 1685 8549 6760 9829 9881 1100 3012 8965 9182 5321 4213 8562 7276 8299 5282 8789 7854 2085 5467 3165 3687 7144 8986 8838 6883 8363 3767 2684 6017 8677 3373 7290 8417 9782 4304 6214 5860 6429 2433 2595 7813 5901 3154 2842 3872 6611
6993 9496 3543 6863 1336 1585 9495 2806 2357 5817 1907 7997 361 7435 7893 5446 2886 141 619 4260 7530 6385 4764 9691 8448 6414 5723 0 5875 4024 8854 7896 4574 3589 4342 4689 2712 6151 2772 422 7703 7074 3224 1475 8563 1092 3783 1445 5564 8467 316 3395 6783 1666 8770 272 964 7223 4356 1451 2409 7699 6238 1997 7898 5608 9936 8063 4560 9618 1685 6524 3328 3401 8394 1884 8831 6840 6957 2830 567 107 35 6447 387 9111 7048 8043 1898 2792 6318 4057 7508 3903 7519 4903 3538 6598 4306 6038
1732 9267 6137 2711 2405 6006 9956 4044 9034 6119 2257 712 9506 9591 8150 822 1712 2565 5512 6661 6721 9481 3537 1412 9025 6929 3142 5875 0 2949 1032 7698 5348 9433 9722 4683 1718 6333 9339 5577 5607 8591 2083 8346 2577 9770 1115 992 8831 5720 9108 2922 1297 4859 8954 9320 3494 5214 9442 9528 4446 1198 2866 6720 4377 4635 3927 141 6845 3347 3725 2763 3669 4938 6058 6233 978 6783 1843 4115 3831 9079 328 7641 7130 386 4037 6328 8904 7799 9525 5719 8615 5807 7370 1661 6322 4945 705 3004
2916 7651 5660 5265 2597 7442 7111 7522 8377 1086 3136 8889 7580 5633 3341 5824 2546 4728 3355 1681 4929 7621 1474 8604 4716 3839 5694 4024 2949 0 4982 2037 3742 9303 6899 9017 8987 734 7671 8123 265 3072 3751 9666 1903 5022 7887 431 2404 7278 4126 970 703 3248 8574 8014 6712 9658 9053 408 1491 5717 6724 8937 753 9152 7117 6691 2433 9176 7737 8122 3503 3731 4179 5036 3001 5975 4175 4147 4872 4377 3194 2590 8604 9559 904 8468 8626 6927 9373 2228 691 9686 3079 8027 2939 8383 9740 8695
9904 3961 3801 4759 5640 4046 9320 9536 344 5432 1862 5247 2072 5790 8459 6385 9226 1961 8606 895 9598 6458 465 9620 5335 5623 6588 8854 1032 4982 0 2356 6152 5860 8754 4184 2004 5701 8040 9741 1509 6021 6461 3583 9206 913 9525 8080 4314 4104 6407 2374 394 705 5716 4176 6587 2335 9108 8182 7481 3512 913 1190 5936 506 5683 6044 4961 6316 8495 6916 4747 9732 5118 2036 4181 4708 3869 9875 100 4900 5809 1092 9165 3582 4907 7743 3837 2686 8051 7340 4754 1986 7187 1866 703 2874 3141 4391
3472 7462 8841 906 7580 7390 9839 770 4146 3386 817 5771 7203 3946 3660 4289 2161 8505 7794 1796 1430 6297 5619 8365 9372 5697 7011 7896 7698 2037 2356 0 7520 9146 7321 9286 3818 6640 2087 7692 5719 2085 7192 4125 8148 3782 9458 7983 4214 5899 6222 9131 4228 6958 9790 6183 2670 2334 9601 5649 7615 4401 6963 7765 5980 2936 7543 4663 9060 5423 5872 5887 2126 5045 9573 4221 8934 1218 9709 752 4188 8424 7885 4470 4627 4226 1738 2746 7218 7584 201 5252 3484 3625 4727 3595 4444 7697 1017 9052
2527 2313 4323 6368 3205 3187 6147 2039 5232 4889 6763 4058 6048 2974 8663 6102 4039 4980 6732 4186 8942 6184 1709 9130 7288 2923 4042 4574 5348 3742 6152 7520 0 3608 2966 5154 4830 5900 5704 2924 7598 5624 1138 5285 4141 655 6568 4456 9703 9495 6920 6555 1814 1872 4214 6564 4354 6453 9740 9246 7109 2372 581 7221 6616 6623 9128 4448 757 7248 4594 8505 8512 5684 9742 4804 9315 443 3159 3864 1436 2719 1604 2781 395 271 6725 1150 5148 3963 3330 7346 9191 2962 5320 7689 9875 8289 9798 8836
9472 5062 6246 8853 9752 542 1900 6589 6274 9962 9537 7541 5381 6917 2558 6071 1465 5076 4630 7947 87 7187 5907 4408 6075 920 9474 3589 9433 9303 5860 9146 3608 0 7676 5011 4737 8489 8336 9029 5608 3108 2826 7730 6539 7473 3424 352 6297 1092 4167 3927 3369 3057 3522 2175 3576 1608 8774 4174 680 8095 6512 138 6727 5095 5053 8822 5106 9773 3044 3091 7257 7344 338 7636 3469 1375 6435 9672 9040 6757 5351 2334 5424 7415 9654 4418 9204 993 9261 5054 9274 6617 1456 8928 7297 3113 8830 4106
42 1328 2254 5800 1006 4193 8075 5782 2259 6647 2957 1852 6231 2103 8639 1221 6890 4640 8769 9456 8293 1761 492 2669 97 8546 5385 4342 9722 6899 8754 7321 2966 7676 0 8350 7114 2061 7274 2143 178 5177 1808 320 8337 1427 6914 9013 8136 5942 4984 9168 5070 3399 5864 8623 9638 3917 5388 2854 4906 5615 7777 8142 2896 4708 5946 5275 7634 8267 6137 2438 2068 3442 1501 1100 6944 5468 4033 1932 1084 7064 660 116 9388 6950 5871 8174 7333 5636 7183 4154 332 9880 9387 840 8120 134 7927 7905
5331 5541 2363 3631 7337 8127 567 6705 5419 3540 6639 2232 2879 5032 9018 1290 5632 616 4927 7802 8893 8604 4498 4200 7389 416 4945 4689 4683 9017 4184 9286 5154 5011 8350 0 5881 2650 7059 7982 2250 9664 7874 25 9232 3644 641 5260 5301 1948 4380 3485 1697 8969 6650 3855 6934 4064 2691 4513 8245 2951 1164 6800 3794 495 2068 240 88 6067 1372 9862 2227 7120 944 3461 5440 2416 1497 5284 240 2832 7573 3995 1124 3276 1815 5141 1191 7865 6994 1672 1621 3872 6433 160 3774 4521 5244 7155
4717 615 7341 375 8551 1608 8948 7425 3815 4870 409 2678 9118 7976 8760 7639 5750 396 2561 1787 2243 9566 4153 9777 3928 4801 2466 2712 1718 8987 2004 3818 4830 4737 7114 5881 0 6155 803 134 2219 5589 8651 5888 2840 6674 8172 353 7913 5150 1428 357 7610 674 8198 1031 3376 2548 8377 158 7971 5447 7035 6247 1700 4936 3401 1809 7414 3740 3766 8539 6081 4717 4232 344 3143 4413 7069 6887 8573 4456 3437 953 9507 6492 3862 6686 6062 5761 5722 3575 3077 540 286 9525 5924 810 3772 6031
2922 6757 3270 6524 5013 279 5618 1142 9001 8076 5575 8883 6196 8470 7845 47 92 893 7990 7671 1109 3529 4770 5759 7460 9001 1118 6151 6333 734 5701 6640 5900 8489 2061 2650 6155 0 4691 4729 5090 3011 754 9167 4432 4863 9502 264 9645 1779 8571 4972 5782 3961 7750 4882 7026 4225 107 6090 5953 4732 1235 3987 9932 5689 8433 8168 6738 7231 9525 9635 1760 7425 3181 2646 4192 9803 9992 1821 4377 6359 8251 7050 2564 9310 7298 9079 2177 682 4836 7717 5578 1966 5886 7455 4380 1794 9026 4951
2344 7238 9068 1395 4819 2171 8566 8333 8031 6683 3913 4970 8738 1557 7995 925 7171 2837 4476 8743 8532 3872 2184 5260 2752 662 4192 2772 9339 7671 8040 2087 5704 8336 7274 7059 803 4691 0 9712 807 3210 9693 8777 1025 671 4754 1888 5580 9553 4663 2335 2302 706 5367 2906 2920 415 8048 5022 9800 9714 2416 8432 2443 3199 5084 6618 2367 3052 5089 6401 8951 4741 1632 3654 2189 1882 5779 6603 5787 4997 7102 2193 1000 943 9701 8472 6235 9661 5542 261 262 8785 7026 7174 3292 695 2230 8368
2740 9481 6261 2947 2233 9951 8527 6707 7243 470 6681 5150 9754 9040 5586 1242 5324 1430 3838 6737 4302 6199 9404 6139 2542 5108 1373 422 5577 8123 9741 7692 2924 9029 2143 7982 134 4729 9712 0 6685 8914 2164 5391 2135 2450 3616 9167 5460 4082 9919 8068 6650 5944 6556 1734 4916 9154 1410 1341 2570 2376 7872 1058 2669 6042 7077 7642 4821 372 5806 3512 9950 3421 5363 1146 6372 7098 7389 7037 7545 881 4481 578 268 7785 1112 2889 6057 2702 2427 8649 4471 8692 5731 8204 4946 2506 6199 7034
7203 8857 6 5688 5186 4484 9736 4449 7155 8389 3440 3629 4658 2080 2352 9724 1179 6438 2868 7047 9180 7359 1172 3788 8145 4231 2958 7703 5607 265 1509 5719 7598 5608 178 2250 2219 5090 807 6685 0 1316 3343 1866 9002 4060 5343 3493 193 4646 2331 9239 4444 2496 2963 4277 3147 7169 482 951 8291 5720 6087 2855 9826 6 405 4306 1049 964 550 2860 2601 4290 8947 5215 3749 1289 7634 9040 2946 1247 5036 347 7508 3233 3015 9108 6160 744 8550 9577 8065 9778 5002 4141 2959 8082 4220 687
799 2407 4578 6513 7680 7118 1969 8660 9000 9421 4033 4799 1517 2978 5034 8229 2664 6948 4437 3231 11 9364 9660 4481 4832 1899 1443 7074 8591 3072 6021 2085 5624 3108 5177 9664 5589 3011 3210 8914 1316 0 2158 8831 9783 4891 808 5438 3955 4693 8184 9666 3610 1783 9553 8158 2724 5847 2213 5168 6675 6723 3931 5442 6638 6087 6829 1879 91 5115 7462 7827 116 2083 6370 5276 4126 3864 7261 3766 1284 955 7191 2972 4664 3761 1420 2589 1741 2706 7178 4844 7617 6196 9945 702 2838 2477 7233 5005
9488 3753 8930 1345 4236 6449 130 8785 5213 9456 3493 8735 8799 7525 2031 482 2894 3579 412 7435 1651 8322 9253 3586 6373 4603 8358 3224 2083 3751 6461 7192 1138 2826 1808 7874 8651 754 9693 2164 3343 2158 0 8409 5439 9414 2674 7001 8521 5010 2461 3259 1374 9638 9615 1362 5678 4698 3967 5169 3578 4083 9371 4697 5266 7253 3416 7321 4519 8788 7884 389 3549 9926 4740 6563 1519 7263 6440 4296 6757 6390 4102 3116 3115 2924 106 3002 6344 9990 1113 1265 1569 6503 9318 7040 4087 7353 5092 704
3892 4642 6850 5043 2371 3349 9020 314 9221 1982 630 6543 5611 5504 1771 3116 518 9269 6821 8371 4873 7673 7248 2950 6298 4923 1382 1475 8346 9666 3583 4125 5285 7730 320 25 5888 9167 8777 5391 1866 8831 8409 0 5569 7174 483 478 930 38 9534 7612 473 6379 2765 2890 1751 4737 5086 8924 8171 6189 3224 1240 3902 1171 5770 9872 2445 3995 500 7831 9461 5376 4821 682 5165 2106 875 9298 5656 466 1633 9198 9506 3401 9583 4467 3475 5996 5023 7079 6289 1468 7576 3819 3749 8096 1033 5071
8830 7301 4628 6626 9536 2485 6151 9896 8372 2756 1447 3938 4486 4947 6627 4397 8597 1112 3778 2135 3224 4893 3250 4864 4510 8177 8560 8563 2577 1903 9206 8148 4141 6539 8337 9232 2840 4432 1025 2135 9002 9783 5439 5569 0 2661 8875 3981 4277 6617 4132 2286 4116 2788 8631 2620 558 5798 4342 3328 3894 9902 9377 4647 4492 6677 104 7647 2019 6114 5433 1948 4780 3801 4798 5210 6169 5964 677 9532 4086 7246 2353 197 4643 3815 6375 7824 3496 3972 9299 8319 8817 7089 9795 6587 1983 2720 322 5061
2885 2460 2503 6736 3149 6614 9711 4911 1718 5151 2750 7893 4745 818 540 7094 8397 1380 8178 1729 7886 5696 5395 3099 4140 689 2672 1092 9770 5022 913 3782 655 7473 1427 3644 6674 4863 671 2450 4060 4891 9414 7174 2661 0 2884 8540 4314 8318 2134 8088 5632 5931 3536 6941 1700 7380 928 1175 9725 2335 6853 6466 5021 2641 7949 5935 6545 6631 6732 4405 5423 8700 5488 9160 4070 8186 8306 1594 3712 9963 1397 4278 297 2207 8842 458 7748 8514 5314 5952 5799 7773 243 7792 5780 1718 2909 6692
6311 6669 3565 5193 9918 2432 7159 1599 8518 4638 1092 7032 34 8350 8737 1226 2789 5776 1780 8874 6546 14 7768 4605 5723 9736 8138 3783 1115 7887 9525 9458 6568 3424 6914 641 8172 9502 4754 3616 5343 808 2674 483 8875 2884 0 3933 7163 4731 8752 8527 9684 9539 2047 3703 6876 5795 9077 9455 2810 4477 4443 7926 310 1829 3301 6466 8698 5841 7514 6140 7329 2776 2233 1200 2518 8352 8789 6505 6575 4146 2207 5880 5479 9518 7579 3407 8754 8328 9226 7206 864 3551 1793 30 2668 38 4374 3510
8797 6823 9605 9025 4751 5907 5901 7947 3549 4249 7401 1357 5990 1492 2134 9865 7347 6629 1424 7826 8196 3572 1750 1507 3324 198 5647 1445 992 431 8080 7983 4456 352 9013 5260 353 264 1888 9167 3493 5438 7001 478 3981 8540 3933 0 6359 2067 1950 5240 3736 3252 2182 8943 8799 2343 8977 3302 8482 7546 9064 7532 9297 9445 3915 2214 2613 6288 663 3691 9579 3289 2593 3747 2177 7075 3195 9835 9503 8699 5650 4324 2001 1622 9767 7241 2761 2976 5509 2677 2883 7817 6915 6688 4638 9039 8380 2238
2755 6940 1394 3326 8398 6933 8562 7889 1332 765 6177 9359 7680 415 6435 6038 2228 6014 7793 8600 3319 3298 1045 462 6799 5384 9396 5564 8831 2404 4314 4214 9703 6297 8136 5301 7913 9645 5580 5460 193 3955 8521 930 4277 4314 7163 6359 0 7642 7200 9668 8415 800 5398 3309 854 6931 350 1666 5220 5379 2363 8654 1944 248 9455 9757 3885 1324 197 3122 7142 8714 8928 497 746 8460 7982 9318 5640 2955 7464 4704 8456 6495 6489 7596 3747 5944 4860 8450 9174 6779 9928 9735 4186 27 4341 2969
2863 71 2443 8013 3551 5661 4469 7708 8488 5091 9842 2106 8206 5978 1546 2962 60 6795 6689 4078 9176 8034 2701 2078 3826 9008 9301 8467 5720 7278 4104 5899 9495 1092 5942 1948 5150 1779 9553 4082 4646 4693 5010 38 6617 8318 4731 2067 7642 0 9614 93 9476 3136 2175 5715 3144 8041 2662 2213 5679 9387 2582 5040 2198 7639 9051 5389 6655 5208 2755 9179 8406 5542 8499 3924 4992 7970 5683 487 2267 2698 8200 4588 1358 3562 6287 101 1795 4488 1196 3157 4566 5835 3919 7000 975 7190 5422 399
365 9968 9442 7170 9754 2045 6659 3858 3131 9615 7254 5747 555 2200 9541 1448 8094 9186 9306 3327 1738 6514 8674 2472 8814 624 7192 316 9108 4126 6407 6222 6920 4167 4984 4380 1428 8571 4663 9919 2331 8184 2461 9534 4132 2134 8752 1950 7200 9614 0 4293 946 9794 7957 8229 5017 4721 8220 8525 264 6916 1009 4263 546 2553 6490 3943 305 4694 9690 9762 6153 163 3558 2441 4527 611 6989 4595 4020 3097 2267 2934 3169 6877 1467 1262 8916 3460 4257 9459 9187 1119 7111 6418 7090 9416 3436 9893
609 4417 286 2645 3477 9431 7244 8707 518 2154 8060 4735 8164 6071 4219 8485 8922 8011 4619 2846 8428 5807 8939 4598 1934 873 6357 3395 2922 970 2374 9131 6555 3927 9168 3485 357 4972 2335 8068 9239 9666 3259 7612 2286 8088 8527 5240 9668 93 4293 0 1926 6140 9082 5279 4116 9254 7197 8549 3385 124 5457 4289 4553 912 2682 5497 1982 6858 3142 7685 2363 2342 4495 609 4323 468 4916 2416 1340 2806 5538 5859 986 484 6484 9568 9322 9780 6308 6525 4509 7331 3318 8824 8548 7660 1206 4167
9490 5967 2753 4894 1952 2322 5573 138 4901 8654 1084 7229 6731 9732 9755 4120 8454 2440 2081 2680 9314 1873 717 5990 8364 4857 9483 6783 1297 703 394 4228 1814 3369 5070 1697 7610 5782 2302 6650 4444 3610 1374 473 4116 5632 9684 3736 8415 9476 946 1926 0 8614 4415 7203 5314 2083 3327 3884 1117 5715 5128 4324 5491 5493 2005 3743 431 7426 3329 2339 7806 7626 3752 9485 2815 9858 9620 2316 4173 4326 4365 725 6234 8045 6322 3603 9952 24 8606 1357 7327 5994 6173 5411 5469 9005 2335 7510
7231 4601 7821 1370 1277 1858 3060 1819 7927 7995 2664 1244 5663 1660 6300 5583 9302 7060 3696 8541 5727 9369 6730 9593 9918 6701 7116 1666 4859 3248 705 6958 1872 3057 3399 8969 674 3961 706 5944 2496 1783 9638 6379 2788 5931 9539 3252 800 3136 9794 6140 8614 0 3029 6141 3514 8105 7427 3494 6977 1080 432 8098 6192 7866 5265 6485 3093 7715 5865 9366 2523 5823 5125 2792 8255 7617 3505 2870 1551 5070 8069 4978 856 2821 2622 1362 2043 2632 9109 8282 5210 682 4699 8760 5817 3499 9852 8310
6302 4964 6379 9090 1519 7358 1153 7631 997 1647 4670 1246 3940 3792 9231 2958 4699 966 5418 7001 7757 8595 6109 3083 9963 6778 1685 8770 8954 8574 5716 9790 4214 3522 5864 6650 8198 7750 5367 6556 2963 9553 9615 2765 8631 3536 2047 2182 5398 2175 7957 9082 4415 3029 0 1847 2406 5072 8509 6825 8019 9202 4689 7723 8477 7372 7879 2101 9082 989 4553 4574 233 5245 7306 9767 7511 1762 9102 6405 1863 5295 9028 3857 7117 2775 5685 6044 1310 8717 5739 585 9955 3612 6696 9264 7855 2418 124 8738
3820 7585 4390 1708 6901 5690 3483 161 4874 6974 3385 7522 8337 2574 3294 1200 141 8697 4706 210 9829 5246 2688 6280 2065 9548 8549 272 9320 8014 4176 6183 6564 2175 8623 3855 1031 4882 2906 1734 4277 8158 1362 2890 2620 6941 3703 8943 3309 5715 8229 5279 7203 6141 1847 0 3288 3067 8295 9006 4087 9232 3297 5399 3030 3821 3518 7970 8751 4801 4156 1780 7682 864 6144 4315 3729 2124 5596 573 1552 6510 4401 1439 5482 3000 3782 317 4615 1046 1469 4589 3319 9555 7390 1234 2914 6165 6849 440
2423 9082 6423 4460 9491 4208 3861 5131 3566 9053 7675 5182 693 8326 5786 7401 9370 1900 9509 4110 1164 224 6184 5329 893 1621 6760 964 3494 6712 6587 2670 4354 3576 9638 6934 3376 7026 2920 4916 3147 2724 5678 1751 558 1700 6876 8799 854 3144 5017 4116 5314 3514 2406 3288 0 8120 3606 623 9398 7128 8978 804 7396 578 181 8484 8699 8301 3969 7887 2751 4062 4632 8152 9097 1018 2634 372 949 2141 8138 4699 3363 7445 166 1480 7683 9145 415 5518 2511 8302 2665 5068 664 8062 9600 6756
2213 6756 8985 2357 6598 9511 5682 5195 3623 1161 4639 9096 9037 3110 3198 3036 2392 4689 8590 5966 7793 315 4698 3230 2191 996 9829 7223 5214 9658 2335 2334 6453 1608 3917 4064 2548 4225 415 9154 7169 5847 4698 4737 5798 7380 5795 2343 6931 8041 4721 9254 2083 8105 5072 3067 8120 0 8784 5214 4782 8719 1063 3248 8789 7745 7436 2355 3863 2054 6319 547 9138 4811 9050 3812 4769 2502 3244 1878 1010 5969 4808 581 1993 445 8737 8142 2544 3169 7195 7571 9443 6700 126 3295 6571 9277 7415 2463
3226 9602 1153 4054 6985 6353 1978 4264 2278 515 216 4077 5447 1567 7493 2817 8883 8335 9127 9277 3017 1022 1461 8915 3761 3864 9881 4356 9442 9053 9108 9601 9740 8774 5388 2691 8377 107 8048 1410 482 2213 3967 5086 4342 928 9077 8977 350 2662 8220 7197 3327 7427 8509 8295 3606 8784 0 3723 7697 7155 8094 7082 6586 8592 951 2878 8230 6 8173 2071 9603 6338 8975 834 596 1968 7586 7930 4930 4421 2650 1698 1687 9348 1249 8835 6182 5434 2005 1441 5106 7949 9230 6285 1268 2651 946 2618
4597 1146 8254 760 1343 4393 6898 5684 7641 6747 3936 3882 733 9703 811 1150 5530 7339 9264 1093 3860 2538 1218 8953 7082 8545 1100 1451 9528 408 8182 5649 9246 4174 2854 4513 158 6090 5022 1341 951 5168 5169 8924 3328 1175 9455 3302 1666 2213 8525 8549 3884 3494 6825 9006 623 5214 3723 0 7638 3065 1585 3481 2774 7973 4559 1690 5176 9534 7096 3837 6931 5265 6538 7153 1148 6722 4589 8454 8717 418 6029 8792 3591 9246 8136 6247 6004 2324 4872 4631 4043 3633 7900 6280 5996 3705 2506 2512
9171 5679 5756 3031 5290 2493 7371 3205 7060 1857 4652 5133 1903 3837 3749 3751 9421 6047 3133 5671 6589 2835 2863 7265 684 6632 3012 2409 4446 1491 7481 7615 7109 680 4906 8245 7971 5953 9800 2570 8291 6675 3578 8171 3894 9725 2810 8482 5220 5679 264 3385 1117 6977 8019 4087 9398 4782 7697 7638 0 9994 6253 9254 8218 8278 8091 6569 4972 2560 5755 4516 1804 41 3230 1026 3816 4603 1532 3704 3317 1983 63 3248 3635 252 7090 7374 9292 5913 9252 7718 4021 6645 2552 8442 5886 2927 6045 2507
1150 425 6682 2248 4840 38 4988 8042 4052 6922 522 6757 584 1511 9565 9573 6261 8165 683 712 2194 4039 8863 6683 512 6679 8965 7699 1198 5717 3512 4401 2372 8095 5615 2951 5447 4732 9714 2376 5720 6723 4083 6189 9902 2335 4477 7546 5379 9387 6916 124 5715 1080 9202 9232 7128 8719 7155 3065 9994 0 4645 7925 7293 775 9463 435 7772 650 7095 7139 9596 1158 9294 3013 4877 5789 4631 8741 2082 4498 9374 5464 4219 8971 6641 9183 2794 9142 6527 9862 7724 8234 1684 6007 5394 9243 7815 3720
5944 3663 9410 5747 2855 3072 3256 8610 6381 3900 7551 9380 1690 4322 8232 7119 7976 2083 4495 624 7920 6280 3126 5810 1438 4839 9182 6238 2866 6724 913 6963 581 6512 7777 1164 7035 1235 2416 7872 6087 3931 9371 3224 9377 6853 4443 9064 2363 2582 1009 5457 5128 432 4689 3297 8978 1063 8094 1585 6253 4645 0 931 2516 1528 4183 983 6341 3732 4144 8956 4171 2118 7055 3310 8374 2654 3230 6021 4744 6132 9623 3850 2437 8699 7037 8675 2919 6446 9525 2757 9088 8262 3571 8728 8718 6946 139 3558
8740 2566 1171 9716 8383 414 8070 6280 8825 5365 4026 8235 929 9096 8728 8746 2634 8580 5354 7962 7629 8630 9228 972 946 1358 5321 1997 6720 8937 1190 7765 7221 138 8142 6800 6247 3987 8432 1058 2855 5442 4697 1240 4647 6466 7926 7532 8654 5040 4263 4289 4324 8098 7723 5399 804 3248 7082 3481 9254 7925 931 0 5677 8083 6987 6508 5703 6092 2283 7077 6722 7665 5184 591 3597 1395 3876 5251 1862 3813 9601 6751 2554 1624 5725 7407 1839 3322 8672 876 768 3083 5929 7531 6787 4624 8000 6924
9733 1255 6026 8780 3723 1777 2669 6329 8193 9951 3673 3785 6059 8669 4971 2073 7972 9345 9235 740 2921 9390 2088 1359 9588 1457 4213 7898 4377 753 5936 5980 6616 6727 2896 3794 1700 9932 2443 2669 9826 6638 5266 3902 4492 5021 310 9297 1944 2198 546 4553 5491 6192 8477 3030 7396 8789 6586 2774 8218 7293 2516 5677 0 6248 8667 9956 7002 3350 3574 2356 4226 4099 519 1635 7574 4246 2012 1242 6361 650 6559 4470 2511 1064 7409 3143 1320 4837 2564 481 204 7728 3109 2952 7157 3688 4973 2629
5924 6758 322 1997 7761 279 2358 2453 2096 8177 2846 7752 9781 6089 6860 5732 293 6018 4879 620 294 2977 7649 2710 5720 6916 8562 5608 4635 9152 506 2936 6623 5095 4708 495 4936 5689 3199 6042 6 6087 7253 1171 6677 2641 1829 9445 248 7639 2553 912 5493 7866 7372 3821 578 7745 8592 7973 8278 775 1528 8083 6248 0 2683 2796 227 5525 9634 1788 7019 1195 5540 2333 6574 3666 7985 1599 776 4122 5237 5319 2092 2282 1591 3926 6953 5238 1616 2391 4720 296 6354 1346 6357 3847 651 3628
4335 1013 7383 8961 8812 3442 4954 4198 2356 6916 9573 6872 5129 9888 1118 3952 1336 3557 1771 9815 2325 7164 6635 6522 578 490 7276 9936 3927 7117 5683 7543 9128 5053 5946 2068 3401 8433 5084 7077 405 6829 3416 5770 104 7949 3301 3915 9455 9051 6490 2682 2005 5265 7879 3518 181 7436 951 4559 8091 9463 4183 6987 8667 2683 0 7369 6623 392 6018 1427 4510 7019 2698 5368 1858 8842 9562 3125 146 5170 2932 7724 1628 1887 4695 2111 3441 3740 3401 3768 2891 3815 1306 4838 249 5572 1297 6545
8155 5523 8562 7825 9712 1234 3979 9836 3117 648 2771 5973 1016 9170 123 7096 6688 9599 2286 6627 3920 4492 7983 30 5459 9550 8299 8063 141 6691 6044 4663 4448 8822 5275 240 1809 8168 6618 7642 4306 1879 7321 9872 7647 5935 6466 2214 9757 5389 3943 5497 3743 6485 2101 7970 8484 2355 2878 1690 6569 435 983 6508 9956 2796 7369 0 4805 9120 4636 4516 3675 9976 6614 5393 3904 4581 1915 8659 7729 5874 1199 5903 7601 7725 1768 6193 7327 7117 1524 4352 589 4412 9367 893 7301 2842 8777 2539
6841 6227 9258 2997 2196 3079 5364 5749 6111 2305 5548 8715 9624 4225 8271 6278 2715 3292 1284 8693 553 3096 4226 9805 7543 8309 5282 4560 6845 2433 4961 9060 757 5106 7634 88 7414 6738 2367 4821 1049 91 4519 2445 2019 6545 8698 2613 3885 6655 305 1982 431 3093 9082 8751 8699 3863 8230 5176 4972 7772 6341 5703 7002 227 6623 4805 0 6877 3223 4010 4468 305 791 3057 144 3752 7018 5873 7407 1320 2890 8651 762 9446 8590 8345 1138 7210 1152 359 7110 4519 1468 3494 5071 1103 351 853
5065 2162 8147 2540 2239 8284 4437 6851 8596 9019 1922 2970 3917 545 4922 7918 8454 5484 8468 78 9450 2175 3155 3886 4035 5389 8789 9618 3347 9176 6316 5423 7248 9773 8267 6067 3740 7231 3052 372 964 5115 8788 3995 6114 6631 5841 6288 1324 5208 4694 6858 7426 7715 989 4801 8301 2054 6 9534 2560 650 3732 6092 3350 5525 392 9120 6877 0 8498 6608 8338 1818 8901 8998 7070 7104 1402 8634 2027 493 6240 739 4029 941 9856 6828 9428 3380 3449 5338 1335 1232 488 1793 106 8846 1617 6200
3656 6134 3284 2869 9568 101 8293 1585 5612 4807 5655 9811 478 636 2064 1789 8835 3886 258 2969 1027 5668 7517 1867 1466 3593 7854 1685 3725 7737 8495 5872 4594 3044 6137 1372 3766 9525 5089 5806 550 7462 7884 500 5433 6732 7514 663 197 2755 9690 3142 3329 5865 4553 4156 3969 6319 8173 7096 5755 7095 4144 2283 3574 9634 6018 4636 3223 8498 0 2410 9075 6682 1730 9815 5189 165 4503 8841 6228 1944 8838 1515 861 7082 1618 6941 9874 4830 278 6585 450 971 6798 9155 9132 115 9212 115
2389 6935 7790 7619 5643 8373 2636 2559 8299 9167 7273 7153 3100 9621 7743 3887 5591 3825 796 7053 7781 9637 8774 6095 9240 1110 2085 6524 2763 8122 6916 5887 8505 3091 2438 9862 8539 9635 6401 3512 2860 7827 389 7831 1948 4405 6140 3691 3122 9179 9762 7685 2339 9366 4574 1780 7887 547 2071 3837 4516 7139 8956 7077 2356 1788 1427 4516 4010 6608 2410 0 6984 3210 9474 7578 1205 8024 4604 5699 3931 2911 1684 5197 770 8252 5579 5681 3210 7561 8179 1082 483 1622 5717 6049 2326 3300 6737 6273
6218 4137 2593 5922 6110 2037 732 1336 9793 7549 2035 3300 2642 1087 4467 9245 4085 2690 5927 977 3874 2944 7612 4385 8468 8732 5467 3328 3669 3503 4747 2126 8512 7257 2068 2227 6081 1760 8951 9950 2601 116 3549 9461 4780 5423 7329 9579 7142 8406 6153 2363 7806 2523 233 7682 2751 9138 9603 6931 1804 9596 4171 6722 4226 7019 4510 3675 4468 8338 9075 6984 0 2682 1302 8008 9581 3382 4162 1968 7873 968 1975 128 7708 4436 9944 2968 4030 8539 6547 8142 7158 5714 1082 3554 9781 5111 342 7343
7267 3421 3562 7526 3611 466 7398 4170 7825 6833 1950 1420 8783 1419 5555 2910 7664 6272 8844 7190 5198 5940 3257 7990 2661 7671 3165 3401 4938 3731 9732 5045 5684 7344 3442 7120 4717 7425 4741 3421 4290 2083 9926 5376 3801 8700 2776 3289 8714 5542 163 2342 7626 5823 5245 864 4062 4811 6338 5265 41 1158 2118 7665 4099 1195 7019 9976 305 1818 6682 3210 2682 0 671 6319 6326 7253 4075 1230 4850 8206 6262 6408 9124 1528 4525 9047 4212 1681 3601 6784 6118 6602 4292 5001 1252 8188 9053 6442
2463 2751 4268 3876 4453 3884 5326 3261 4372 5889 2110 2278 5358 9944 2865 3615 2369 9512 3134 3673 287 62 7598 3147 1066 2015 3687 8394 6058 4179 5118 9573 9742 338 1501 944 4232 3181 1632 5363 8947 6370 4740 4821 4798 5488 2233 2593 8928 8499 3558 4495 3752 5125 7306 6144 4632 9050 8975 6538 3230 9294 7055 5184 519 5540 2698 6614 791 8901 1730 9474 1302 671 0 7464 9446 3103 1502 3684 1905 5890 8539 5866 7361 6986 189 572 3918 3057 5849 6165 9988 2358 2505 1949 7164 9760 7452 4895
913 3463 844 5019 8153 7708 1152 6357 8727 7551 6764 5186 6427 9968 6828 1491 9663 2144 5955 7791 528 5596 8004 4197 535 7756 7144 1884 6233 5036 2036 4221 4804 7636 1100 3461 344 2646 3654 1146 5215 5276 6563 682 5210 9160 1200 3747 497 3924 2441 609 9485 2792 9767 4315 8152 3812 834 7153 1026 3013 3310 591 1635 2333 5368 5393 3057 8998 9815 7578 8008 6319 7464 0 6972 8932 6138 4217 7107 6921 8877 8755 2343 6012 9244 5808 3661 1363 3662 9040 6764 4421 3209 6143 8763 7526 1056 9039
8104 8267 1126 2365 6026 5590 8309 3112 9262 9662 5858 840 2591 6536 5634 2126 2931 5951 6950 3959 2870 4063 8902 3117 6814 4798 8986 8831 978 3001 4181 8934 9315 3469 6944 5440 3143 4192 2189 6372 3749 4126 1519 5165 6169 4070 2518 2177 746 4992 4527 4323 2815 8255 7511 3729 9097 4769 596 1148 3816 4877 8374 3597 7574 6574 1858 3904 144 7070 5189 1205 9581 6326 9446 6972 0 4231 3786 7850 3197 6263 4480 2042 4269 4512 5632 8009 5129 5491 2377 4030 4964 2220 2999 8653 2498 2017 7608 7909
4291 3686 749 4451 8165 5673 2094 7060 744 4101 3845 7924 5921 4273 7406 8168 3635 9010 9990 4303 7847 923 5722 4712 7263 5952 8838 6840 6783 5975 4708 1218 443 1375 5468 2416 4413 9803 1882 7098 1289 3864 7263 2106 5964 8186 8352 7075 8460 7970 611 468 9858 7617 1762 2124 1018 2502 1968 6722 4603 5789 2654 1395 4246 3666 8842 4581 3752 7104 165 8024 3382 7253 3103 8932 4231 0 3622 4760 3432 3698 3370 2413 8809 6554 6604 3614 4485 7676 8011 8927 6100 1129 1607 4618 5720 459 5211 7152
8201 118 3763 7999 2931 6601 6532 7316 9312 8992 7273 5491 6781 2417 8696 7670 9840 7309 1555 9584 1560 968 9311 3515 6975 2276 6883 6957 1843 4175 3869 9709 3159 6435 4033 1497 7069 9992 5779 7389 7634 7261 6440 875 677 8306 8789 3195 7982 5683 6989 4916 9620 3505 9102 5596 2634 3244 7586 4589 1532 4631 3230 3876 2012 7985 9562 1915 7018 1402 4503 4604 4162 4075 1502 6138 3786 3622 0 3875 2844 2865 9380 1653 4305 9488 9564 1755 7593 3164 3288 6830 8231 4768 4366 7302 2281 8756 4977 727
5910 1535 958 5330 1232 1153 3856 8386 9410 7220 1339 3160 5938 8115 9871 5883 9808 2376 8973 5538 7331 6045 1854 7688 2281 6026 8363 2830 4115 4147 9875 752 3864 9672 1932 5284 6887 1821 6603 7037 9040 3766 4296 9298 9532 1594 6505 9835 9318 487 4595 2416 2316 2870 6405 573 372 1878 7930 8454 3704 8741 6021 5251 1242 1599 3125 8659 5873 8634 8841 5699 1968 1230 3684 4217 7850 4760 3875 0 171 6728 9961 4914 9976 2541 2918 6351 1496 5441 2849 7691 2196 1513 8792 9359 5183 7497 1493 6024
7332 6365 7334 6233 2398 5174 3190 7375 409 501 1257 8358 6540 14 2128 7472 2279 9822 9103 5833 3575 4360 7857 6394 5497 9817 3767 567 3831 4872 100 4188 1436 9040 1084 240 8573 4377 5787 7545 2946 1284 6757 5656 4086 3712 6575 9503 5640 2267 4020 1340 4173 1551 1863 1552 949 1010 4930 8717 3317 2082 4744 1862 6361 776 146 7729 7407 2027 6228 3931 7873 4850 1905 7107 3197 3432 2844 171 0 1041 2428 7425 5803 9898 1077 2980 9130 3993 1285 1610 4911 2073 1178 6385 6603 8111 5705 2255
5821 6593 7745 8512 1022 5416 7478 8788 5826 800 8523 744 1720 4185 9804 1909 1104 9825 6575 8228 3962 7204 6968 6981 8634 3456 2684 107 9079 4377 4900 8424 2719 6757 7064 2832 4456 6359 4997 881 1247 955 6390 466 7246 9963 4146 8699 2955 2698 3097 2806 4326 5070 5295 6510 2141 5969 4421 418 1983 4498 6132 3813 650 4122 5170 5874 1320 493 1944 2911 968 8206 5890 6921 6263 3698 2865 6728 1041 0 7924 280 1883 7858 3694 8548 348 5973 6395 6342 147 7077 153 3303 1951 9763 497 9185
