200
0 6607 4394 4873 9099 1372 26 1613 7226 2888 5804 5887 5437 7689 3425 5123 4236 5482 4909 3625 3745 900 6053 5755 6852 2914 8369 1992 1832 7831 3199 8762 5493 8683 1491 8953 8457 1401 434 2076 4199 7439 3173 4420 8911 1532 4417 2060 4396 479 685 1575 2446 7378 7461 21 586 4757 5586 2311 7763 8976 2068 9096 319 8072 5640 5102 9279 1383 479 274 1991 3999 9376 9505 9266 5991 9372 4367 9216 1958 9739 7020 7674 3733 4064 597 294 2031 2585 6352 1273 3505 3090 6429 7910 2248 163 1401 1682 1310 4908 2457 6338 8889 8007 2691 6874 2383 2850 2427 9848 6404 2214 3190 5577 8496 1344 8132 1325 5797 216 2756 9876 8998 4067 8467 9436 6466 8530 2709 9592 3415 5591 4545 1915 1490 7146 2335 8546 3002 7367 9464 1572 3248 5105 4788 4425 6584 8505 5291 3315 306 742 6191 6937 8368 4206 7543 4400 8586 1888 6009 6009 4789 4348 3714 6863 4577 2665 6048 8342 1443 7873 853 2195 3542 757 5093 9266 4020 1184 336 7448 6463 2898 1198 8051 6280 6962 8782 9865 5038 806 4331 944 2998 9980 3139
6607 0 8315 7887 3055 3182 3374 6207 9606 681 1043 942 7949 6366 8697 2295 8172 1404 234 9328 8186 3971 5702 8859 7954 9535 3826 5648 1759 3674 7823 8768 9405 1343 2133 6506 4697 997 6809 769 2174 6484 3035 5885 2958 9204 553 4713 1765 8652 9526 442 5626 8211 6170 3052 1682 6201 6371 8273 9942 7117 3074 5471 3063 7951 5076 7089 4485 4018 957 4760 8886 9332 1294 7668 9723 396 2002 8170 3442 2819 7025 3262 4633 4554 9044 6860 6906 8446 8400 9722 4195 5685 7054 9559 3289 8117 5403 7113 3518 3580 6010 8670 9752 8444 5626 2433 9195 5182 9671 2590 3751 4940 4914 663 2395 7230 8000 7439 392 9582 5987 2425 8995 2896 4727 9697 2882 5036 8197 7657 4457 1678 172 5358 7141 817 5353 8803 1750 888 8192 9307 9742 5835 2157 6846 9200 3207 2628 6497 5329 7593 6466 8955 8539 5127 4440 6042 2939 6210 7308 3625 9183 7932 6219 4274 7211 8966 3704 4421 1745 1394 9302 3485 642 8888 3738 2436 5855 3196 313 2806 6950 5618 2694 4356 8765 4153 3697 8921 3950 3967 9322 1710 28 1886 3685 8092
4394 8315 0 1908 1881 3311 4472 5763 5324 33 3193 7274 9291 463 994 9563 4431 34 766 4605 2543 4565 5866 9070 2814 7195 1692 529 3382 582 248 1323 8677 6529 1624 9832 355 8329 1556 915 5667 8597 3354 5345 7180 9265 7553 7117 4279 9353 4136 9235 3715 1584 4903 5343 7497 8927 1990 6445 2908 8443 2367 5228 7769 3275 5915 3990 5798 8481 663 4613 2905 2087 8850 8205 5449 5407 7909 5980 9625 4863 4112 1887 2997 4676 4423 8403 3659 4838 9652 2266 6379 7076 963 7607 7900 7301 2975 8617 7472 6660 5225 2836 8420 4331 2390 818 5044 6948 1159 9630 7568 5097 9130 2872 5493 5006 6721 9653 8251 7155 6599 2093 3954 1099 3317 361 7281 7859 7420 3850 4663 3028 6263 7917 4748 1961 1900 5394 915 5058 6371 6039 7398 1411 6951 4094 7853 5221 4585 4302 17 7352 6434 3796 2702 1175 49 6079 2267 2973 7816 1252 3062 59 9126 5799 8423 9754 4244 7358 2691 8560 6984 5633 7011 31 898 9097 7801 697 9698 2525 9358 1713 2053 9771 8218 754 3274 6125 1900 2180 3793 1587 8384 3325 5342 311
4873 7887 1908 0 3856 7573 807 5939 1428 5044 3254 8643 2830 2286 8013 5295 9606 8200 7403 3481 5646 6477 5219 9842 4159 1836 3590 7339 2904 3878 2598 7356 8458 7306 9152 6944 2629 3244 756 1728 2227 659 4071 8215 3826 8682 4879 605 6936 3169 9877 9748 4648 9184 8754 8832 7608 5384 3740 7019 3592 7487 8183 9987 8080 4072 9223 8571 8086 7646 8011 5564 4746 3503 4389 6036 3179 9789 3342 9887 9469 8766 1630 3068 5169 8669 7283 3668 3604 7230 2678 5567 1504 8146 4549 1366 9082 8706 9348 1525 4021 4946 5664 729 1534 1669 8062 4160 8450 5339 6973 6832 3020 626 671 7999 7043 7777 9815 9645 9731 105 4695 4252 5225 875 4347 1855 2224 754 3832 5111 2596 9618 1848 8264 8730 762 2807 3388 1947 5540 729 6292 5325 77 5655 2206 837 2042 4022 4558 8796 2982 7540 3723 4086 5091 9937 2139 6655 7576 4474 9651 5376 9800 4889 3189 7450 4160 5563 9753 2932 2116 9439 4319 3535 3143 3096 9181 153 7986 5324 9555 9879 4036 1632 1501 6649 5467 8749 1181 6240 7407 6786 9298 1709 6066 4715 2219
9099 3055 1881 3856 0 6993 4043 2069 8097 7470 7918 1038 3426 7264 3505 7558 8210 10 7536 559 6686 478 656 6201 4817 5269 5637 7579 1200 3891 2805 7488 3603 2110 623 1388 2673 4419 4651 1506 9521 3042 9933 7935 1599 3395 1024 5413 7385 2234 316 1868 2841 3079 9834 5863 4781 4326 9349 5271 2289 1835 6633 6166 8139 233 4304 9794 4175 5819 2805 8428 9236 653 2651 3402 184 2095 1455 9817 7146 4681 465 1234 9949 3589 8560 9103 1219 9869 3607 8393 4576 1136 1077 9229 6077 6982 625 6258 8384 9998 6494 9872 5478 7766 536 4129 4574 2733 2228 9514 3813 2883 7364 9952 4942 6384 6041 9499 5667 4781 4760 6494 4572 2959 9274 3876 4169 6151 4417 3897 5021 4337 45 9330 2722 9540 5709 8341 2360 2473 2481 4718 5872 5009 8418 168 8819 2125 9301 9261 9881 3280 5990 5892 5006 7108 870 84 6481 7237 1982 7583 3492 1496 4172 8117 6175 2234 1400 9390 9360 4108 9953 6563 1984 4990 4772 3936 1558 8874 2880 1628 8638 4904 1759 2311 5172 7717 2004 5346 8617 43 8665 7635 3758 5461 5481 1185
1372 3182 3311 7573 6993 0 7105 4947 2551 3284 7159 6001 9801 6893 5604 5982 5627 7691 2250 8692 697 8036 7625 5353 6222 4037 7673 8109 4170 9957 2401 4093 5059 3483 4208 3919 8916 6531 4671 6064 6650 5374 2246 6803 8652 7921 8981 6962 3338 7692 6413 5320 6442 9710 3237 2948 625 3608 5640 1048 9335 6464 324 6559 1486 5091 5046 3784 2023 4858 2806 1304 492 9270 2058 2276 3517 4102 4680 7044 9865 8201 655 5925 2293 7782 9138 2122 5493 3772 1255 4526 9947 3966 2563 5889 6763 6813 6748 8516 8533 3471 3660 454 2838 9720 2357 7587 8262 2754 7617 5712 3050 8634 7015 8557 7543 1003 8291 534 1679 6871 6304 1681 9143 1512 8540 2583 4768 637 2593 1976 9639 1090 300 4456 3355 6331 4124 8846 2305 7232 1970 5799 1760 5275 6401 6953 1266 7043 7368 4755 946 61 3936 2422 6022 4565 948 4066 4407 616 2167 5991 7742 101 7498 9557 2752 2628 3382 5475 9351 5875 1652 153 1633 8512 8537 7709 3808 8179 5614 2920 9429 9415 641 413 7610 4534 44 6779 4173 2348 2868 9185 8963 7081 8255 9299
26 3374 4472 807 4043 7105 0 8119 247 7833 5103 6368 3940 9616 5283 5185 5873 1846 4183 2651 1773 7680 5899 1892 1724 7203 8296 9977 4170 1495 2996 1557 7358 8825 9632 5923 3236 5360 7992 1050 6897 4205 8920 25 295 7066 1124 9161 7689 5783 4856 7278 173 3879 4281 3847 9931 4532 8 7319 2546 3117 6702 5287 8581 5783 2945 1332 7698 5979 8316 8034 5629 3171 2753 5194 164 5580 1008 2048 6682 2429 6899 3595 8308 6973 4531 1851 8091 3316 5076 5896 289 2573 232 8073 8126 474 3316 490 3796 5698 1212 7807 1986 1205 2087 8132 7893 642 3702 1702 4106 5874 1438 2125 8677 2503 6722 6022 3072 4264 3029 497 7098 4920 3914 5751 7430 6288 1730 5427 2073 310 6168 2955 4075 3 5714 9762 7593 732 3714 6928 9207 2094 475 3295 6089 4484 9644 8052 3702 4613 6131 2439 1476 9774 6694 3508 3442 6902 1777 9788 9789 3297 3178 4922 287 6804 4270 3494 5935 3545 5956 7356 171 8656 2098 1991 9172 2673 4501 855 3604 929 6165 7143 5898 9205 5940 6410 2016 1456 5203 4898 5259 1173 8958 4539
1613 6207 5763 5939 2069 4947 8119 0 1461 9815 7456 6068 5136 1230 1853 9747 3644 8099 1990 248 2367 8602 2099 2824 6434 1034 9199 9289 3588 1785 597 6164 7944 2071 6567 1414 2080 580 2149 4881 8904 8178 6836 2986 615 6058 4868 7978 3520 4217 1946 2344 6615 468 1985 1799 5803 4438 2830 8218 126 2089 6797 8069 6126 157 9025 641 6209 7113 7922 1564 3831 1526 9651 222 6575 7974 3421 9848 2584 169 7407 2598 6914 8169 4225 429 1864 4833 3766 9479 8974 3825 8498 6286 2671 212 3128 4371 9805 2289 3705 4551 2996 3091 6609 8854 7494 4786 8035 5487 9709 5038 1758 8392 5894 9970 5289 7674 1166 6412 852 4208 3783 5922 7291 752 3921 8989 7721 8333 5548 6368 4491 5136 6213 3966 6753 9660 6073 2811 9959 8232 5149 66 29 2366 2111 6369 5773 4188 7336 3424 7006 5153 7279 4946 7281 4862 4908 2884 1376 487 825 5283 9481 7048 4160 7953 8052 1401 8963 5606 6288 3353 8060 9836 2967 676 7470 4096 4109 9131 9147 8800 8461 9396 3954 3216 8030 6615 8301 3811 7978 5740 9136 745 936 7452
7226 9606 5324 1428 8097 2551 247 1461 0 2582 276 2880 770 3344 617 4427 4106 9166 8058 8510 6892 231 2877 2226 2461 5265 8757 8788 744 2316 4615 9921 5665 2785 4679 9423 3174 7655 2843 8835 9544 4098 3672 8202 7119 7471 1706 5107 4254 4198 5049 5423 4441 3715 4375 9099 1830 1030 1482 6432 5712 5699 9786 8661 3973 9658 5115 7142 8772 7789 2918 4508 1051 7764 7360 8815 4224 1064 4498 2632 4799 3686 9345 6727 4417 9606 6603 1666 4786 9350 7338 3404 6006 4571 3717 8195 4486 9152 4830 3123 5529 2602 916 441 5219 7651 6811 8799 9451 9692 6938 2307 4298 8814 2975 8792 4732 5606 3439 7874 4570 3675 3149 4199 5475 961 8602 6442 6911 1411 582 2149 963 5536 9005 3032 7365 5126 5453 6923 359 4264 8145 6918 7969 4243 9093 8340 3666 5921 5502 3214 2864 7371 1491 1574 7579 3709 8021 1471 250 172 1648 1124 6247 5570 5966 5565 8928 3941 6209 5186 2076 2494 7061 5478 2088 7084 9445 7572 9813 6339 2770 1745 9191 8578 1953 8642 3156 1852 6223 8403 296 4113 4258 8286 9189 8401 5570 1384
2888 681 33 5044 7470 3284 7833 9815 2582 0 784 4169 3153 1516 8689 768 9001 837 5273 391 384 7194 4004 621 7944 1155 6613 5912 5767 8409 9349 1918 3387 3036 9075 2733 7827 4308 2753 5551 9251 4562 2431 212 4853 9527 4556 6516 1608 6637 2273 7425 5798 4021 282 9420 1336 4413 3112 9077 9148 865 6504 733 3719 7119 4199 3107 2688 181 6788 6956 5215 5744 2361 6128 8979 9378 6356 5164 4684 3295 3216 7805 5451 9598 3099 7186 9040 3132 246 8623 8917 8584 454 5388 9642 7602 9097 2359 7063 1744 8292 204 9287 364 6766 8606 9872 3462 5022 8819 7621 4996 6312 8619 7109 6659 7359 2480 3240 2839 6060 8222 3554 2551 1176 5165 3770 6995 9986 213 942 6590 3752 30 2873 5358 6637 802 1622 5358 9429 9371 5809 7516 6455 6777 9672 4178 1562 8855 3069 485 545 2937 7763 2768 5586 6487 5511 5694 1391 216 7167 1669 9502 8860 4714 3272 735 8597 4406 3767 9199 110 6737 7802 8367 9709 2485 5482 7139 1800 594 8876 7062 8366 4562 2705 4816 7511 1095 3444 1728 2134 4549 6923 2896 6599
5804 1043 3193 3254 7918 7159 5103 7456 276 784 0 7312 6672 6002 473 6877 9244 7626 5129 1494 5749 1858 9898 8894 1198 7404 5171 6084 8617 280 9554 9128 8680 1333 1146 2215 7024 9638 3251 4431 5365 5244 1877 8064 4335 3784 6304 7041 4040 2680 215 6101 9997 9697 9560 1919 2861 5918 1180 5616 9507 1119 7065 9488 8175 672 4319 1769 7204 5520 617 5211 3473 7129 2219 8105 9232 543 6648 6586 5014 6329 7552 5243 5743 3559 2984 8319 2537 779 1313 3366 9450 5194 8588 1582 7920 8226 4114 6497 3555 2015 4811 374 5929 8273 2101 2793 1204 6454 6391 4415 9590 4499 4422 509 4659 9518 9342 4063 8743 6989 4732 9136 4980 3495 1932 1213 1555 3359 6325 8250 7855 8591 7881 32 7075 2503 4647 7908 6732 9073 106 290 8653 9360 7910 2317 9038 6225 283 4203 4960 8308 3394 4550 4144 677 6742 9011 2251 7958 5017 9663 1419 8298 8563 6216 720 6221 5423 6864 9139 5602 959 1986 4735 7265 7655 3475 4672 554 9440 1845 8482 7268 3401 3469 2674 2807 8524 2545 9328 6409 2969 8590 5160 8120 9017 5729
5887 942 7274 8643 1038 6001 6368 6068 2880 4169 7312 0 5854 8515 2711 3186 9957 9370 480 3972 1374 5392 7210 2846 4101 2771 2166 1083 407 6180 5362 6337 5433 200 6066 1741 4066 6308 2276 4447 1824 9467 4801 5822 5371 1994 1494 6385 2894 3386 1090 8220 1477 740 4138 4366 6659 7790 5506 7676 7385 5370 4540 9228 1176 4488 9040 9702 9403 9261 3469 4582 8856 6096 549 2269 4733 6523 2322 8956 6196 7378 2610 9549 6362 5824 2166 4360 2659 3788 9396 4114 8052 8734 5730 3023 2740 6196 4327 9341 7115 3966 1281 6577 6970 5383 2729 751 702 9011 9542 7788 9326 6803 6954 7657 6768 5121 322 8110 2525 9406 5460 5510 696 331 7591 6380 1202 1853 9016 7958 8842 3554 6320 7548 5663 2527 4809 8021 8253 9077 3895 5175 4137 1912 9115 7942 9728 4767 8652 594 8230 2905 5674 9833 2328 9475 5104 5880 2360 1885 258 7724 7299 9475 9266 8982 775 2240 6114 4388 1203 3200 3230 1061 3925 6394 6179 9598 9304 7574 2304 1021 2960 5702 5331 283 4583 4425 7371 1280 7495 9608 8832 5805 9688 2645 849 9747
5437 7949 9291 2830 3426 9801 3940 5136 770 3153 6672 5854 0 4067 6671 3781 8741 4062 5640 2448 7796 4105 2553 4081 1476 5833 880 8659 9318 5172 8790 9927 4974 4276 8350 8960 830 2104 7330 1564 9335 1425 4620 1044 9580 2882 7751 4366 4660 5764 3769 5318 7823 6724 8441 8943 9409 3552 7697 1165 944 7093 2379 3628 9737 1374 2490 1713 26 5694 3189 1604 4357 4237 5273 6765 8023 7464 8543 7818 307 8231 1488 9085 9060 1902 4318 9869 8187 7735 4933 7569 2354 4741 4523 984 9093 7532 955 3792 1458 6784 4744 8113 276 7699 3873 8480 5468 5085 4715 2869 5171 5286 2405 8965 6393 80 9368 5043 8572 343 463 5554 3936 1933 8085 480 4849 7657 1511 8373 5559 2867 4364 7439 6299 7397 5422 4607 3042 5540 8235 4655 5923 7169 8468 1884 3706 412 8076 2046 1015 6257 9591 8692 3078 4509 7891 7195 5506 2881 8436 1608 3749 1437 2071 2231 7309 2330 2376 2271 3715 9272 7730 9392 970 4661 4568 3128 7504 2924 7177 8637 1341 4207 260 4256 7852 4373 9997 8793 9700 3348 81 1834 2049 4220 5537 8400
7689 6366 463 2286 7264 6893 9616 1230 3344 1516 6002 8515 4067 0 3689 6678 9270 3825 3230 4237 4452 4507 4969 2573 7073 8777 9290 5460 7276 8796 2322 7367 166 8592 9423 974 9784 1412 5329 2999 9846 9887 4792 3076 9684 4082 6830 9079 887 9961 7703 2339 1486 3516 2543 3344 5641 4610 4697 3700 9206 1374 9418 8511 5360 3631 8143 4762 2432 7645 6270 743 5326 3463 6144 2633 3897 2153 6354 5773 3643 9956 7725 2639 1387 8070 1724 2774 9987 1976 7532 6033 9212 1377 1667 3310 9315 5549 1784 417 676 2439 3817 9968 8908 7677 3943 3183 1166 604 6622 5745 296 9067 9729 6969 2523 3297 2062 8947 3580 504 5487 3202 9221 7731 9871 6050 6636 7737 6041 9649 4436 2206 7421 9644 4910 6706 2396 3888 8009 824 4551 9586 4812 6134 23 2754 8209 4825 960 3818 6770 2163 4468 9067 7255 8612 9055 1456 927 8815 3168 9032 7878 3421 987 4228 9146 1861 1557 7052 9871 6987 7523 667 309 4810 9287 1974 4821 1182 2517 6200 1815 1659 2634 6576 8144 8801 3924 2279 4014 9628 3595 623 7094 5612 4895 4160
3425 8697 994 8013 3505 5604 5283 1853 617 8689 473 2711 6671 3689 0 9722 5647 8527 945 4567 3217 5559 5133 6215 9290 3912 6744 3015 8995 7017 7020 609 7619 2379 9128 7491 1544 5299 1367 8160 4720 2260 182 7669 2016 4636 9492 6450 6110 7468 7683 3795 6182 5181 4415 5774 8164 7373 2908 7945 1938 1059 3327 2412 61 2052 5289 6156 5081 8762 8430 9769 9876 7455 9686 1842 3658 7556 2886 7630 4933 2555 8094 3137 9726 41 873 8027 5910 3678 6612 3660 8837 405 7563 8615 3704 8849 6413 4189 1143 7707 8330 7003 6607 8901 1785 8092 8161 219 6189 7392 301 9818 3653 9387 3465 8277 5726 4444 1487 5914 6307 4371 4961 6320 4562 7697 5040 5045 6912 1471 3786 6846 2148 582 4408 5106 6090 1248 7586 3009 6077 8131 2204 3071 2939 8708 2552 8309 6083 4247 4528 5765 3652 1627 9462 9062 399 6069 7962 6510 2775 7152 7794 4469 4210 9375 6450 2056 9666 4043 1936 8868 4986 6431 4066 8671 9245 2350 3746 7849 9687 77 7590 4178 7012 5768 4467 4898 5719 5329 2035 7603 9871 4999 6381 7911 8047 477
5123 2295 9563 5295 7558 5982 5185 9747 4427 768 6877 3186 3781 6678 9722 0 7573 3011 144 4976 5128 4207 6810 6127 485 9660 5470 3679 951 4286 4666 907 7449 8449 2658 4524 6265 557 1042 3441 3938 7671 2133 9622 6904 7474 6532 6562 9760 1957 2886 3088 4893 436 5473 2222 8848 7068 6742 6429 865 3920 9016 8848 4619 3838 3250 2650 2008 532 6670 7058 2238 9543 3753 8276 7376 5425 732 4286 1292 7524 7112 7476 4229 317 1335 7333 426 3807 2061 8112 9393 8754 3051 9009 7078 8856 1146 8984 939 8417 955 497 5166 9021 2937 2795 8211 6802 97 8408 7819 9685 8428 9949 6282 1230 3850 6229 4028 8391 9780 7332 4503 177 1675 389 9735 7904 6132 2704 4817 5572 9472 3510 786 9790 1194 3732 8405 1612 6367 3719 7548 9648 9313 7245 946 3004 7731 7115 3705 3956 4772 9355 1574 1949 8570 607 157 9277 7766 6962 680 1235 10 2468 4238 845 3717 4702 3297 1047 6969 5928 2695 838 2024 4861 8665 1098 7718 7795 206 5688 8333 7869 8413 7298 8601 5038 9562 5418 6973 8920 2814 864 154 1344
4236 8172 4431 9606 8210 5627 5873 3644 4106 9001 9244 9957 8741 9270 5647 7573 0 1985 6494 6083 3254 1369 5729 6016 973 694 266 4919 719 5931 4588 3819 5353 1975 9641 1388 6940 8314 1390 4488 8193 8553 5982 5910 5830 6161 662 5358 4303 4004 5024 244 7790 4683 1262 7117 2014 6191 8572 1870 2755 657 462 9624 2956 6063 789 2025 6703 3482 4271 249 7372 9149 5169 8831 5725 9197 663 1355 9737 927 5536 3300 6770 4623 8214 8387 7494 2197 1763 6332 1668 5245 4102 5346 8281 9843 9279 7616 4728 2641 4900 9545 198 9589 7489 4532 6888 5941 9667 5404 8283 2323 6968 9584 4111 5375 9000 7998 8789 2377 7055 6807 7057 2182 6468 9193 597 7473 3361 2042 1348 7684 9961 5050 4904 4616 2175 7993 7340 3249 3997 4298 5116 203 5497 3168 7191 1587 6724 8328 3380 3577 3796 5414 4670 7726 4837 7077 2320 1864 6649 4027 8392 8747 3663 5647 2783 9848 9389 8017 3266 8200 522 7392 6904 644 8630 642 4977 4089 9685 6823 6013 3618 7929 3561 4187 3115 3255 7853 4471 5623 7266 166 240 1572 3800 6553
5482 1404 34 8200 10 7691 1846 8099 9166 837 7626 9370 4062 3825 8527 3011 1985 0 5850 175 9921 7638 2874 2182 9560 3499 4378 4621 5715 3146 23 2196 6255 4348 7787 5158 1464 6441 9290 7394 8720 814 4172 6176 9367 6912 8340 5871 6118 243 8157 9808 7120 8157 825 9214 512 692 5637 3192 6261 5955 8183 3086 2393 6798 6200 3876 5444 3515 3607 1119 6176 1301 8992 950 6416 2667 8291 4824 2597 9958 6824 7766 3909 4419 8201 4300 8950 2991 1290 6782 7102 70 5558 6491 1038 4157 4106 8047 1551 2922 9252 4110 1250 1734 8841 6986 350 642 2646 9575 7040 4615 8311 1255 3493 5235 8774 1941 2311 3745 8776 9698 3839 3900 2964 1977 3249 8579 7789 6371 8817 2415 6934 775 3974 6324 938 9475 7723 5497 5547 5570 1035 9086 885 8810 8681 9575 8894 7138 2835 7624 2560 1827 3112 6883 5070 2384 2072 8883 1251 5686 8092 9145 1038 700 2961 3693 9400 1586 3906 2947 4455 65 7721 8600 3273 9947 9554 99 2681 6796 2902 5921 8980 3694 9613 7082 3561 6160 3181 880 8788 4688 5165 8930 7818 9103
4909 234 766 7403 7536 2250 4183 1990 8058 5273 5129 480 5640 3230 945 144 6494 5850 0 663 1778 3953 6024 9187 6297 4952 5228 8477 7540 3262 2994 8124 320 5875 7015 288 1999 9194 6357 7975 8433 3510 5545 1576 373 7052 1911 6468 8346 1161 3624 6119 5785 1361 6371 6708 7472 3626 1870 6239 8365 9331 9744 9618 5562 1842 4725 4130 8845 1462 5105 5773 7881 2082 7351 2941 6088 5013 4600 9746 3937 9536 4040 2043 6212 6913 2692 8409 9708 9657 7856 396 2265 2764 8970 3245 9229 135 9162 7786 1520 7146 6285 1523 1840 1575 4216 7679 6741 989 223 8680 8544 9006 2390 8788 5878 5032 5942 5417 4911 3369 1973 3706 4787 8430 9000 8413 3030 5973 7152 1481 5260 3650 2314 4242 9757 6032 2002 9431 9512 6760 8961 4024 8913 4378 6887 7968 9988 308 9055 6125 2202 6681 6107 9041 9051 502 5430 901 2260 9865 4407 4647 9217 9664 3579 2190 4492 4884 6589 4163 6079 3033 1562 6324 412 1971 6691 1066 1380 739 7488 8110 7635 8067 9393 4698 5193 2182 6910 1847 3313 2429 9190 1892 4648 6323 2648 6368
3625 9328 4605 3481 559 8692 2651 248 8510 391 1494 3972 2448 4237 4567 4976 6083 175 663 0 6877 7624 715 5959 3740 7722 2386 7511 8400 47 2160 3189 6209 1646 4527 9494 9949 2974 9318 7892 7313 65 8914 4243 7987 6976 9656 3167 6036 7763 4806 5935 508 9326 98 3906 6306 5359 7440 609 5720 332 7949 9235 7526 6365 3415 2330 1901 6187 6015 64 4029 3884 9623 171 14 1177 4554 4284 3 1630 6825 6851 8007 6193 4917 877 7753 7490 7655 2735 2155 1373 9718 7150 7429 8936 2710 6711 8938 1482 7638 1306 5955 5420 930 626 732 516 2667 4332 4232 9023 7037 6155 4965 3508 24 5253 1404 2070 5776 8548 1994 9265 387 7402 7936 7394 5013 7477 6316 9726 2961 1386 8052 3781 6491 3200 2549 312 3884 2953 6818 8289 300 6397 6551 9193 2514 6167 3855 7958 3159 3995 1433 9160 344 3741 9084 6208 853 8845 8176 6211 1509 8954 1854 8120 6092 5908 7341 615 5949 7451 8057 190 4608 7628 1082 8504 8597 1419 3978 2861 3309 1712 6269 5197 2448 4272 8989 7971 3232 8631 8961 1999 4597 9709
3745 8186 2543 5646 6686 697 1773 2367 6892 384 5749 1374 7796 4452 3217 5128 3254 9921 1778 6877 0 6530 4600 8038 4471 9777 2318 6339 7594 2309 4842 5157 9908 9290 9701 2477 6680 8228 4480 8077 6667 5511 5664 9066 7513 5258 6122 5752 192 5619 4526 8002 4005 8104 3853 7967 6954 3608 519 7144 1561 4002 5367 5664 957 4009 4654 4182 1842 1677 9711 4145 3989 2555 6434 8873 6771 6869 1576 8580 7360 314 6727 4690 290 9471 2209 8229 7910 7923 8200 683 3140 2196 3035 7204 6897 9796 4057 6714 872 8625 7739 9384 1770 925 7243 8207 1239 1212 4789 2695 2799 1683 7006 1482 4480 9392 9194 1192 1668 449 9312 3599 4623 455 5019 1961 139 5486 3260 9077 5300 1465 4716 7843 2171 4043 6108 7765 1310 3299 2079 4830 5835 1441 1464 2835 2611 9026 8521 2802 415 5433 3702 7919 7153 1682 7932 2323 3160 8149 1757 3110 7571 3136 5894 3586 7748 9566 7786 9362 8868 1023 8954 2166 8784 6417 5864 1537 8584 3777 846 2796 1119 8221 2648 1324 612 1674 1906 4860 4037 1554 1619 7863 6270 9784 6523 724
900 3971 4565 6477 478 8036 7680 8602 231 7194 1858 5392 4105 4507 5559 4207 1369 7638 3953 7624 6530 0 3628 6374 8626 3954 9978 5528 603 7665 8798 2598 4443 2276 993 4193 4874 2260 9968 2540 6993 418 3102 7039 5769 2528 5553 892 9775 1805 6472 599 2227 5395 952 9545 9072 1570 5212 7022 3862 6465 5079 2480 2324 1607 2231 4702 4090 7136 2224 4039 4140 3779 690 2775 3880 5851 4255 8707 5950 4702 6705 6275 3197 2852 181 8968 8271 5979 7000 7395 5489 2523 8290 5143 8705 6765 6920 6535 1145 4580 6861 7883 2306 4113 9965 8491 8608 8719 1924 8507 6882 7906 1296 1272 381 4125 3788 9544 8499 3897 208 1486 5480 5207 8320 466 1266 6351 61 4650 3255 5120 4073 1373 229 5900 9667 4169 7795 5073 5033 8648 4119 5121 3606 5370 9168 7218 7269 8383 2483 8779 3403 6407 9889 7587 4752 7752 2204 3209 1671 7234 5495 7806 900 4251 2316 1141 1283 5195 3338 5203 2655 3501 625 5492 3534 4228 2375 2879 5772 3238 621 6160 4418 5367 768 2990 901 6495 9746 4882 7743 6480 7817 4517 9935 4888
6053 5702 5866 5219 656 7625 5899 2099 2877 4004 9898 7210 2553 4969 5133 6810 5729 2874 6024 715 4600 3628 0 5036 7214 1020 8905 9277 6968 4727 914 6677 9291 3152 3719 147 5021 1501 8735 8615 2613 5218 5070 866 5567 4675 4738 9715 86 5560 4821 4465 1086 9144 7668 970 3060 5387 6071 6799 6479 3204 8787 6166 8466 468 5604 3976 8751 5943 4838 285 6112 630 5987 743 2165 5622 2987 4286 2395 9831 1173 6546 1631 7193 9854 7240 5270 5830 5158 8241 9995 3972 8784 2632 5041 7112 214 7753 2150 2383 8629 1497 3478 7439 6374 1388 1115 2620 4557 19 1756 1083 7753 574 5748 5175 2134 5543 875 4178 6220 6727 9135 7892 3554 5357 2095 5587 3783 1990 843 2921 3934 4600 8159 1896 3433 1300 704 7151 9740 9966 8360 116 8775 4985 9464 5367 6382 7173 6834 5764 5382 9532 7984 5380 8558 3063 5082 2463 669 4468 9512 8896 6758 2064 1436 1764 4073 4859 3622 9874 9543 6660 6830 8306 7926 3132 9477 8028 1236 2171 1030 96 8891 923 9215 2415 9051 3230 8217 3779 4915 9146 3425 5974 2215 3590
5755 8859 9070 9842 6201 5353 1892 2824 2226 621 8894 2846 4081 2573 6215 6127 6016 2182 9187 5959 8038 6374 5036 0 5725 4900 314 9017 4222 2354 3003 9031 4758 647 5437 6087 4138 6750 1143 5758 7518 4266 278 7570 3016 4795 4663 2670 9185 5758 1170 5299 387 4476 5705 4612 2904 1651 442 8894 9005 2495 7945 7384 7222 9236 9985 4601 3997 328 2336 3966 7192 6305 4278 9706 7798 7787 10 2601 8009 6444 3611 398 3540 9325 4709 2736 6405 8558 7425 5778 7702 7283 4652 3344 7192 6524 3145 6992 7160 5709 8050 6817 7848 9847 6813 3410 285 3571 1254 5846 8075 5735 2960 3271 2461 2578 9514 8895 4619 8154 4878 2135 9238 1889 3570 8859 9020 428 4398 5061 7309 5546 1931 2499 6782 369 9386 6015 1342 8818 1779 3414 3821 8919 4078 8856 3653 992 5241 6381 7869 8035 2812 8444 6216 8710 4410 869 5233 3401 3181 1097 4719 4109 2719 5772 1407 586 9035 1904 2974 7960 4587 5332 1590 4490 4476 1544 337 862 4105 7654 1053 5724 975 1193 4610 2005 6851 957 4010 7558 2291 6919 7578 9910 8644 3856
6852 7954 2814 4159 4817 6222 1724 6434 2461 7944 1198 4101 1476 7073 9290 485 973 9560 6297 3740 4471 8626 7214 5725 0 5057 5619 5092 8291 4967 2262 3981 3683 6762 5048 496 9017 3926 6445 9117 2885 2495 5240 7280 4086 5142 5317 4615 3607 1946 5502 2787 5521 2585 188 1120 1471 7577 3370 1180 952 8690 2578 9607 2738 884 3344 5946 2112 9080 7696 1024 8505 2052 2756 4464 4615 9840 7222 9728 9485 2939 3250 2831 6834 7640 9845 1719 3376 9273 1621 1006 3576 4055 2265 1258 5719 1100 8920 1484 8176 6203 5581 8905 7753 7100 3755 9466 3509 5554 1797 775 3828 6429 8366 8115 9426 6646 313 830 1961 5793 3185 8582 6722 6875 6934 987 4374 9746 964 7057 6614 5840 1500 5131 261 8895 917 5378 5447 9449 6347 7216 5833 5696 7493 1528 1944 612 3100 1233 5663 9183 7545 2828 3065 7771 2486 5640 4123 9058 2164 8428 4900 1890 9504 8891 2149 1851 25 3238 4329 6429 3588 4117 1815 745 1677 1516 8453 2123 2811 9849 8258 7377 4196 5880 9937 3485 434 4182 8813 1495 640 5078 4086 1281 8016 7210
2914 9535 7195 1836 5269 4037 7203 1034 5265 1155 7404 2771 5833 8777 3912 9660 694 3499 4952 7722 9777 3954 1020 4900 5057 0 6611 1423 4966 8904 5252 2267 8899 1022 3192 2522 7812 9616 1929 5020 9647 4847 1778 3847 2262 3060 152 5735 2810 9638 9274 3114 8950 7005 9084 3723 6220 1671 1126 4628 6554 7844 7340 8787 2020 4372 6319 9895 4192 9559 5672 9434 1995 165 4159 4005 5060 4503 8124 5057 6357 3482 9664 463 1702 2707 9828 4560 1563 5623 5820 8314 1703 3168 8882 4835 2140 5774 6175 9944 9037 9596 2746 3688 5207 5513 5476 6095 3815 6126 1946 7855 440 462 2601 3047 1840 6885 1974 6823 1768 4705 1645 3908 3970 9471 4217 6880 2404 184 2951 4557 3599 9978 1560 452 9810 4946 4820 9971 4946 7150 5264 2860 4803 1641 4629 7902 4796 9420 8150 7101 1078 1027 2455 8124 4024 6965 712 9644 7520 5396 9857 6514 792 3920 5634 2964 8705 8637 1739 8049 8783 2973 3811 1111 9368 4768 9924 2636 8613 3448 8631 8200 1231 6707 4847 6770 6974 1540 7661 4145 7266 7068 3441 4891 9958 3660 4927 9697
8369 3826 1692 3590 5637 7673 8296 9199 8757 6613 5171 2166 880 9290 6744 5470 266 4378 5228 2386 2318 9978 8905 314 5619 6611 0 1115 8401 7770 6193 1199 2345 90 5605 6572 3048 9819 9034 5591 9560 2552 3511 6440 8750 2099 5332 2828 5303 7507 1116 6133 3965 170 5411 3480 3994 8016 8449 5863 5233 2434 5156 1054 1715 7583 372 2840 7970 4960 8853 5739 5572 7410 4253 683 762 6539 3941 9059 9432 7328 702 8145 2623 111 6495 9044 9583 5231 8849 6859 4146 1872 8935 5744 8120 9492 3558 3679 6463 8421 5553 5579 420 7515 3984 5121 3491 4777 8912 6014 1345 6940 6177 1028 4247 1526 2438 9615 8271 7152 2642 3268 1291 5923 5210 3030 2933 1981 9727 1833 1712 1127 8500 1594 588 4992 3310 4105 3696 1348 3974 3237 468 3231 7845 5132 9718 2155 4883 5711 120 1900 1517 1740 8849 2909 8739 8408 9506 6737 7514 1071 5562 3369 2596 3038 6494 8219 5629 4451 2612 1134 7954 5649 9236 1973 4634 4979 1461 9731 4166 2411 4446 1166 3270 9313 1098 2447 3038 3537 5157 2751 6359 606 1872 9823 7785 3486
1992 5648 529 7339 7579 8109 9977 9289 8788 5912 6084 1083 8659 5460 3015 3679 4919 4621 8477 7511 6339 5528 9277 9017 5092 1423 1115 0 9994 4601 2447 4142 9126 8022 4162 8036 4110 1949 6715 8910 2546 2496 1539 4644 8538 7354 5353 2119 789 7360 9642 5151 6533 8559 1105 9718 816 7050 585 7580 5843 1004 362 2414 1851 2443 8407 8030 970 2756 7291 6826 6147 8956 4652 6762 5720 4318 9321 4027 1113 8167 2868 739 7424 8538 8422 9285 2508 667 3606 8060 3066 8200 6427 6066 6534 4135 2527 4863 7322 4985 6926 8601 8598 2275 3016 9003 7922 1541 6827 2111 3425 470 2425 8341 7970 6727 9105 1917 1232 9782 9940 1982 6465 1061 5533 9308 3679 7916 9094 8222 8505 4082 2125 6811 2642 6465 933 5166 150 2203 9795 8313 1961 214 2940 5496 5594 576 7569 4976 6042 5833 7904 5882 446 7802 4467 8284 5612 3534 4330 3022 4189 9057 9941 2882 5600 2954 2416 9959 669 4643 9706 9987 4424 6188 5767 866 8563 2472 2108 3664 4323 8215 7571 884 1870 3242 3789 9050 9636 2573 3225 7113 6594 1252 4053 4690
1832 1759 3382 2904 1200 4170 4170 3588 744 5767 8617 407 9318 7276 8995 951 719 5715 7540 8400 7594 603 6968 4222 8291 4966 8401 9994 0 383 6234 160 7665 2966 6635 7488 4588 7447 2628 9859 7430 7148 3750 7104 5892 1905 57 5925 9272 5684 4129 6246 7203 8919 1826 7900 3717 8729 2913 1484 4244 5343 9002 1650 1733 8739 3915 7205 5343 9841 2401 5337 964 7429 6276 1771 9834 3022 3124 6973 3392 7217 8238 856 9680 2144 3015 4982 418 7224 4577 3139 7199 2290 4669 6369 1648 2871 7425 2383 7901 7730 8241 7866 9751 900 141 8450 2697 8699 4258 1131 3567 1062 8442 7981 4089 282 1244 495 4140 4376 8126 9626 7916 3811 6641 3413 5839 4618 829 8332 7288 4649 58 6348 6760 4066 4855 8462 8846 6890 7386 9916 2776 2448 2164 6930 5428 7886 2962 4333 9116 9362 5876 6609 8861 390 8330 7203 1007 8608 485 7664 3582 4765 65 9922 9936 4270 1919 6806 166 1880 4272 6966 7595 1242 7296 7323 2704 4663 2592 7057 2180 3252 5475 5923 1711 345 435 5277 5460 8324 6958 942 4664 747 2224 6857
7831 3674 582 3878 3891 9957 1495 1785 2316 8409 280 6180 5172 8796 7017 4286 5931 3146 3262 47 2309 7665 4727 2354 4967 8904 7770 4601 383 0 1524 630 8206 9143 4856 3229 5796 5591 6157 4063 1266 2349 5954 6264 214 3718 5172 9493 6269 9645 5540 860 954 7768 8939 6271 7848 3504 1066 7509 2761 5931 8578 9628 299 1776 1305 9728 3852 9300 8646 7151 9428 6934 1780 6152 1828 7689 8679 6533 212 2871 7634 4598 9438 1828 4222 7142 3809 1484 3536 5906 9453 592 9371 7605 3118 9929 507 399 9907 6444 5486 2085 8508 1453 2341 4376 8634 8272 3668 7857 9542 7898 5846 8930 8173 4272 968 6477 9948 7294 1582 732 295 3573 467 1684 5815 3537 2996 6007 3506 7223 4944 4627 2694 9725 7885 8411 4178 1136 2912 5698 4587 7706 8244 6665 9833 1564 6806 6443 1796 6610 6576 5924 7206 6480 6822 8844 4562 2918 813 2448 6511 3321 9208 3560 7063 4133 3186 4673 8982 9234 1382 5432 9279 3651 5075 6447 678 8267 8361 1761 6719 1899 4003 7778 2854 6667 3758 754 7793 7414 339 835 5971 7640 3974 5602
3199 7823 248 2598 2805 2401 2996 597 4615 9349 9554 5362 8790 2322 7020 4666 4588 23 2994 2160 4842 8798 914 3003 2262 5252 6193 2447 6234 1524 0 1901 8390 9222 4969 800 1352 2908 2030 8393 5962 8613 2011 5017 1746 2633 4312 6540 1739 5053 2020 5812 285 8613 9145 6060 9220 3493 863 2681 2096 5529 6364 273 6335 7387 6271 2175 8137 6649 3868 9891 7672 900 5069 139 2168 6405 607 6409 1532 7327 5314 4359 1640 4563 491 4978 7088 7964 1346 3338 3011 9951 2938 5517 7074 5221 521 8248 140 5886 7511 2142 4622 2709 8350 2181 4645 4408 71 8475 7008 6 2518 7228 1009 8593 8183 2394 954 1106 1598 6031 7106 4924 476 5706 22 6225 8860 5838 5944 9042 7331 2983 5398 3944 271 9790 2470 6413 7476 983 4220 6028 5846 2446 1959 8565 4980 3261 355 4735 2106 7965 8471 2841 6952 4583 1808 9249 2239 2678 8854 1740 5372 2465 8807 2686 8354 180 3602 6151 6039 131 2660 5568 480 9830 8611 1308 1589 7092 1629 3361 1594 9553 4596 8305 4425 8858 5671 23 3216 821 1448 6569 911 1278
8762 8768 1323 7356 7488 4093 1557 6164 9921 1918 9128 6337 9927 7367 609 907 3819 2196 8124 3189 5157 2598 6677 9031 3981 2267 1199 4142 160 630 1901 0 7531 8638 967 4799 3070 5749 5773 1844 2594 721 2980 1434 6520 654 8820 2256 1865 3381 8207 9764 5454 3635 3829 2483 3049 4393 6878 2978 1816 8781 159 2121 879 7060 5710 4310 3205 2702 525 2916 1073 7590 3508 3229 3424 9268 8340 5171 281 9725 6842 1147 7711 2383 6014 6551 2045 4837 8075 6603 4608 2389 9885 663 6040 2029 8431 8790 6079 6830 2077 2619 7090 2843 929 2545 3946 7530 8673 7804 5301 5901 2234 824 5321 3477 3410 7512 5844 6119 4545 239 5752 7341 3833 8710 8024 57 5535 2963 414 3812 614 7973 4026 352 6812 5299 8825 977 2254 2947 1151 6941 853 8142 9576 7355 9511 9338 8886 8455 5633 6103 4356 7364 4309 6651 5135 9137 2155 9242 6974 9400 6407 5607 6639 5864 2284 8034 1616 7617 4378 2974 7679 5979 2850 6381 8009 3689 9140 7594 1286 7135 7452 1323 2082 5133 4720 3849 8066 5263 9877 6483 3719 3280 8241 8360
5493 9405 8677 8458 3603 5059 7358 7944 5665 3387 8680 5433 4974 166 7619 7449 5353 6255 320 6209 9908 4443 9291 4758 3683 8899 2345 9126 7665 8206 8390 7531 0 7995 240 5658 9024 7385 8622 4318 3830 1515 7 637 2832 7905 552 8715 8866 6491 858 5036 2964 5377 8923 9057 5809 9713 1649 3692 3504 9957 1099 4517 8276 9370 3381 3342 734 4125 1556 4599 604 9536 7777 9872 945 2732 6666 739 4130 9165 4826 2650 7736 7147 3613 5083 1955 295 9931 7828 3338 5689 917 9505 3857 7430 6328 118 6778 56 4572 2315 1689 7250 7062 2476 9592 5505 1588 1739 5164 9218 5131 9532 4257 7672 9231 313 4582 6064 7043 1191 727 5221 3640 9852 3877 504 6941 5263 8894 2635 4466 6751 600 4071 2232 7189 1521 6391 6244 9031 799 981 400 8013 8392 9007 6524 6661 8532 2224 5067 4097 2429 8884 5147 2674 6900 4338 1581 1200 5228 2936 7059 7820 3778 3235 4650 2835 5977 55 4330 2621 12 8905 6608 5306 4920 2238 9169 2355 6930 74 7076 7614 1119 9942 4684 4093 461 8869 4568 1725 7641 5613 5202 2770
8683 1343 6529 7306 2110 3483 8825 2071 2785 3036 1333 200 4276 8592 2379 8449 1975 4348 5875 1646 9290 2276 3152 647 6762 1022 90 8022 2966 9143 9222 8638 7995 0 1259 5678 9703 341 6329 1530 1549 8237 344 9942 3241 7587 9506 6638 3675 7333 1368 7668 8197 857 9969 5049 6560 9619 1583 425 9686 572 9238 7811 8147 2976 8620 3153 2166 2287 5249 5613 7818 7750 107 9533 4248 8362 8617 3772 2621 2009 9588 3511 7807 3198 2115 6135 5976 5814 1233 7559 5139 774 3135 5398 4159 5370 197 7742 5000 9574 618 7986 3435 6306 7018 9500 6942 5760 246 3620 9730 2957 942 5442 4748 4969 1568 8868 9596 7200 5275 3469 6414 8852 5121 4652 9157 7042 3003 8225 3019 9125 7041 116 9136 9841 8371 4904 1777 3597 5402 2943 3397 1611 3604 1953 2111 7288 4245 3746 5184 9782 903 4669 6735 452 3298 5190 2471 9080 7871 9630 3103 944 1073 1240 6865 8340 757 1332 8124 5769 5351 1741 1916 786 1413 9824 5124 9091 8636 6663 2784 7079 4368 8877 6026 6128 8396 4350 3900 6307 6012 3037 9146 9235 2318 5463
1491 2133 1624 9152 623 4208 9632 6567 4679 9075 1146 6066 8350 9423 9128 2658 9641 7787 7015 4527 9701 993 3719 5437 5048 3192 5605 4162 6635 4856 4969 967 240 1259 0 7560 2299 4949 9489 2026 2631 5071 5940 2493 6414 5530 9150 8003 3434 1850 3089 614 1871 3659 6629 500 6334 3388 268 6914 4771 2375 6473 3409 6715 607 616 2760 2160 7519 4098 3618 6967 4630 2285 6880 5809 5771 7959 9858 702 6947 2569 402 9537 4748 305 2524 2429 3868 4853 4964 7553 2084 3993 7866 7871 6998 6894 1484 8388 7587 1702 6416 8786 4282 2254 6828 707 3188 7876 8016 7361 6434 2760 9270 482 2964 2600 7076 6288 8376 7334 495 7140 6836 3905 6978 4123 7041 9383 6027 5059 5952 5974 6017 1243 7963 2205 5878 314 6466 5628 7202 5677 1160 8555 785 5310 4094 9864 2936 7732 7496 7101 9196 9000 9255 6261 9814 5087 699 2455 6707 5857 4244 6374 8162 2778 4849 62 6254 4893 3110 9982 6303 6440 5481 6017 1434 8617 9878 4682 8308 9623 2300 5490 5104 4075 4460 3235 7630 1950 8645 2667 5755 7655 462 2856 7604
8953 6506 9832 6944 1388 3919 5923 1414 9423 2733 2215 1741 8960 974 7491 4524 1388 5158 288 9494 2477 4193 147 6087 496 2522 6572 8036 7488 3229 800 4799 5658 5678 7560 0 1103 2429 5335 1305 292 3254 6995 7171 1610 4565 2314 5416 8735 5161 5190 5755 429 9445 7556 1639 6006 3972 1368 1439 6375 1897 8406 7443 1780 2516 2850 8373 1873 9066 7333 2215 3136 8271 9077 3862 9501 6540 2316 917 2095 7735 2332 6649 6810 6344 8614 9387 5670 62 4232 9733 9454 4321 1838 4827 4655 3913 343 619 189 7385 6433 4721 2344 5873 1765 1660 2767 883 6259 3629 7125 8057 9099 9787 9015 7577 2359 1911 4244 1985 7598 6061 5962 6664 8950 6211 6588 1777 8870 8144 8856 304 5654 1213 7985 7782 1321 5831 8780 644 2419 3434 128 7532 9164 165 7242 8141 2266 7164 4239 7304 7043 8359 4361 2296 3301 9984 5646 9497 9793 4784 3037 7819 3243 5679 2861 2727 274 8531 269 6280 1078 2591 9149 3710 6728 6777 2706 6488 2848 1494 2976 392 9369 3805 8111 3659 1101 3846 8756 7501 4309 6164 1407 3289 3269 5114
8457 4697 355 2629 2673 8916 3236 2080 3174 7827 7024 4066 830 9784 1544 6265 6940 1464 1999 9949 6680 4874 5021 4138 9017 7812 3048 4110 4588 5796 1352 3070 9024 9703 2299 1103 0 4196 276 1378 4817 1824 2626 5864 5639 2001 2061 1668 2276 4371 267 184 9311 3676 8095 699 2493 8353 308 7457 7715 348 8846 2192 2146 8430 7664 1991 666 1793 1447 5707 1027 4346 8302 5622 377 1879 5884 1793 1712 7430 7359 4730 5617 9011 7627 6097 5357 4890 6623 5867 1758 5651 3607 6382 8551 3660 9053 3684 2963 3298 7968 2872 545 7512 2614 658 543 9406 829 9284 831 5512 5620 2771 3855 2536 6540 5060 9036 9120 7840 7249 7047 6389 3517 6599 8955 7329 1757 5312 5201 4018 7539 4071 5567 9601 3112 1457 8591 873 3527 2864 8038 2674 6282 5030 3035 3651 1183 8982 8176 967 9965 8807 3451 5895 6051 990 6848 9197 7423 5263 3398 2305 5415 921 8133 633 880 2894 94 6408 6108 779 9910 6673 8773 3364 8796 1448 8905 2420 7553 5452 3431 4063 8817 534 4282 9960 9597 4221 3270 9133 1038 1791 5565 7139
1401 997 8329 3244 4419 6531 5360 580 7655 4308 9638 6308 2104 1412 5299 557 8314 6441 9194 2974 8228 2260 1501 6750 3926 9616 9819 1949 7447 5591 2908 5749 7385 341 4949 2429 4196 0 6751 3938 7348 9984 5723 4614 8746 2842 9907 4468 4628 6742 4036 8276 6216 4219 4422 8405 2757 8272 583 6438 8981 3227 5479 2676 8443 9666 2320 2572 1077 7937 8405 165 7933 4224 9470 2311 6253 2697 1260 9273 8129 2843 7332 7096 1438 6943 3732 7546 144 2668 8643 7616 6803 3814 264 9095 2083 8413 2605 235 4403 5605 3973 9221 4006 8419 8189 7700 9190 9955 1892 2290 2256 7481 8368 6069 5709 8329 7326 8225 8467 9768 6087 5282 8830 6289 7952 1713 6271 1096 7491 5707 6214 7923 2733 2082 6802 3194 4512 7459 3892 3019 2414 39 9064 6236 5791 8802 1452 7624 6143 9311 8431 9796 7897 8611 2622 4247 6234 8744 6101 6382 158 9361 5563 524 2704 7889 4079 6538 826 2102 9416 8453 8797 1502 1214 3279 1313 9415 6132 3204 9526 5254 7798 8909 9174 1842 2110 4560 168 8615 3677 1382 8160 8798 5937 6294 1682 325
434 6809 1556 756 4651 4671 7992 2149 2843 2753 3251 2276 7330 5329 1367 1042 1390 9290 6357 9318 4480 9968 8735 1143 6445 1929 9034 6715 2628 6157 2030 5773 8622 6329 9489 5335 276 6751 0 8317 8800 4896 1001 6401 9286 8874 3493 7944 1536 9277 5093 4979 2207 9601 9606 5403 9372 1991 6441 8284 9440 5715 3406 2678 5208 2854 9192 2849 5586 4834 8535 137 4890 285 8473 6862 7481 387 2399 5440 1774 7779 2266 7637 1272 2602 8609 1786 6322 8333 3027 8959 9289 7287 2237 1871 6637 7369 2356 4618 6534 9967 6565 4221 6765 2871 6591 8918 2664 6239 9530 690 5432 7444 7707 238 4647 2665 9658 7907 7806 9799 3000 7249 5518 5938 1064 7056 966 8697 4554 954 4291 8885 9799 1308 993 178 7455 9755 4852 5523 5690 5107 901 2477 1006 9957 993 9750 6664 7291 8758 6887 9252 3599 5896 1590 2082 1388 3096 3912 5927 3339 7123 1905 7080 8224 4137 9854 1576 7244 8792 9584 9439 3491 6599 3094 4397 6913 2217 6191 3443 910 4940 6377 8371 4276 3939 5860 6054 1117 4902 6220 6639 3884 7379 2312 9071 8230
2076 769 915 1728 1506 6064 1050 4881 8835 5551 4431 4447 1564 2999 8160 3441 4488 7394 7975 7892 8077 2540 8615 5758 9117 5020 5591 8910 9859 4063 8393 1844 4318 1530 2026 1305 1378 3938 8317 0 9241 8794 1952 8880 2724 2564 5969 3086 6143 9910 6658 7338 3870 8682 586 7525 7045 3767 2282 7849 2622 4326 8332 5952 7731 7460 941 1132 8667 2142 9724 2323 6818 3805 1315 8266 9573 9763 1829 7769 6593 325 2891 7019 6927 5351 2163 1344 5046 3130 8702 1947 4737 4045 8236 7627 2193 997 3039 9549 4255 3906 4436 6020 8608 5246 2837 6281 226 9853 2674 6131 3666 5156 2907 3097 349 6317 9171 6108 8472 9581 230 8905 4620 7155 9960 2856 1306 40 2582 8971 355 3949 8518 7745 8932 8983 7262 8296 6291 7137 2171 414 148 5274 4859 9630 349 7220 3673 7961 7713 9081 9475 3787 8146 7946 7108 465 9943 8572 7810 7559 4756 139 4979 139 5126 6684 5611 9980 3040 5522 1949 119 8476 7121 2511 8429 2210 4055 105 6451 5989 289 8129 2383 6096 1656 8696 7024 7179 2210 4590 1549 9108 9435 9261 5804
4199 2174 5667 2227 9521 6650 6897 8904 9544 9251 5365 1824 9335 9846 4720 3938 8193 8720 8433 7313 6667 6993 2613 7518 2885 9647 9560 2546 7430 1266 5962 2594 3830 1549 2631 292 4817 7348 8800 9241 0 2827 5290 5689 65 5124 4835 5062 7771 9281 6314 2729 8390 2683 1296 9714 8464 5698 5144 7743 2101 3069 7912 9675 9129 2344 6987 7672 2633 7266 8990 2868 6439 1484 6022 7589 2124 6199 6447 6530 456 9825 6381 664 9848 6376 7758 3111 9390 1121 1441 8044 4601 998 9164 1182 9588 7962 4461 969 5287 7421 476 8879 1427 3582 7337 1651 4800 610 6729 7207 1978 1303 9708 2903 8679 9770 9614 8884 4766 7178 7634 8019 6287 3255 7088 7633 1952 8809 5236 1440 4680 2806 7697 6092 4342 9163 1000 3252 9335 4592 163 1774 4415 5447 930 4702 7653 640 9199 969 7664 6374 8347 2725 8034 6184 1125 1312 4716 6004 2941 4532 3588 4701 6560 5239 6616 7830 8768 597 3652 2247 2988 8248 2912 9936 384 3207 7929 8679 514 7561 9995 4133 4538 4557 6961 6631 7300 8646 6082 2576 7601 4504 9058 5557 3917 5950
