300
0 3469 1416 8785 4735 7571 6253 9823 5941 6414 2728 5494 4211 9117 8863 1471 9485 9386 12 2193 4958 6717 6260 2431 2787 2077 3136 8700 3421 4805 5683 8040 4022 6934 8016 6601 2418 3368 1467 7118 1984 6686 9645 6835 4813 1219 3635 1172 7773 7253 2340 1821 997 1464 5797 3610 6582 487 2031 1402 6600 3319 9026 9229 8251 8980 4244 7380 9545 9383 2228 189 8105 3476 5519 9389 4513 3987 221 825 3457 4271 15 226 3830 913 2979 8560 3160 65 6171 4829 3087 247 7800 8943 6757 1478 3420 5929 6480 7771 3463 2187 4223 8582 1744 3032 8170 5263 2261 6835 6194 2522 3920 5237 9259 4113 7982 8451 8075 1951 6885 4105 8122 6151 2536 8886 2780 5871 9132 2164 4047 7452 1542 5065 48 4394 1337 3238 5712 4681 3902 639 7720 9562 5931 4659 5643 1258 3992 2801 8774 1768 2350 4987 9123 65 5642 6209 180 3959 8504 6376 3627 9883 1021 218 9630 7468 3116 9606 480 7023 4710 9941 3580 7673 741 3643 4801 3395 7246 5156 1084 6999 6904 6334 584 2567 202 1118 9655 7283 9105 1805 5071 3661 9936 5631 3217 6705 4605 7609 9611 8788 2831 1881 2437 2398 9512 340 3451 398 5393 9688 5087 5999 4110 4745 4559 9590 4045 8237 5177 9006 4774 3271 2388 8823 3391 5789 1286 3398 8661 3282 1938 7434 9232 8050 1319 7160 7762 4948 684 6863 8078 1672 4378 5830 6507 3209 1261 1745 176 986 2391 5983 3487 8450 3902 7795 6539 2296 7688 5350 8229 8798 7884 1378 3757 3238 2786 1628 5860 648 4680 3532 3513 3879 7648 9859 768 8459 5230 8410 3606 9517 5424 5187 5633 5749 3423 4154 5667 1105 9139 4744 4779 9170
3469 0 6709 6749 9985 9491 2606 485 6930 530 9293 3255 4959 5857 7953 1754 7922 5569 7928 7702 8647 7221 779 2969 5378 1004 9140 609 1039 5568 4860 6819 8101 8341 7584 9791 6004 5293 3376 8634 3797 6034 12 8099 32 2394 3062 3646 266 9386 8273 9251 3698 206 641 9877 5532 8864 1351 6 5668 8019 3441 4530 1639 4491 3937 6463 4324 9752 52 859 9919 2454 6798 1436 8546 7381 8298 2097 8837 9773 245 6941 2316 5613 2816 6052 4090 9318 8333 890 1217 2037 1603 2291 4708 7941 9269 4351 356 2154 4406 2642 7940 2109 5715 7828 5075 4871 3965 9210 4694 8880 9681 9807 1165 8020 5522 3213 8181 6741 5152 9053 9861 2275 5983 5163 5669 5881 4347 843 4335 8101 3427 8430 5887 2900 7630 5379 7829 2149 1793 6656 6406 2607 4157 2663 615 2198 1538 8976 7050 2143 8847 3463 2644 8990 6389 5341 8134 9498 9432 1327 4210 9777 2762 7159 4677 8936 1719 9063 4102 2130 5975 6083 9201 5523 6798 2366 4668 4090 1017 3592 3455 1938 740 8016 4707 9931 7698 3983 5821 2510 8060 332 9796 617 3433 1714 4146 2907 2077 2851 5216 5272 1227 3768 2037 7493 9459 3491 2717 844 6606 9114 3906 6535 2787 3704 1402 9963 3743 4423 445 2928 3406 2886 9406 2194 5675 5504 8369 208 7404 367 3902 271 424 5048 6754 3899 1529 6824 1492 1469 4646 2582 2007 5250 4683 1381 1439 7880 1740 2585 2532 1240 6367 8757 8485 9418 7329 3279 5204 9032 3713 3540 3936 5084 9173 8067 7212 8496 2817 1901 1463 9842 1209 9417 9904 6761 3107 4809 7314 2709 8504 1898 4123 7478 6208 8364 5813 5889 8438 9982 4661 1115 9637 9792
1416 6709 0 793 3147 2065 7710 1244 4364 8128 8318 7899 5661 9348 2436 5515 5071 7929 1639 6364 6098 5640 1553 1707 5595 6958 4964 2248 1762 4218 3017 9522 3227 343 2879 2151 5982 3131 4489 9824 6023 6778 1160 7148 5287 2736 4720 5894 6079 6027 7785 3654 4170 7890 2282 7216 6704 2374 9892 9812 6579 24 4816 5689 7316 5025 7986 2786 5134 2071 3234 274 1265 4710 5973 5636 9056 9775 9176 826 3497 395 4796 4653 418 8479 1124 8390 7040 1568 2446 714 6577 7384 8347 3234 5563 7022 2744 1137 7292 8417 4372 8807 8457 9500 5039 3738 1331 5709 4977 4941 7581 5017 9233 9092 2818 1227 5627 2218 8941 1387 9027 3120 1850 7203 5117 2679 5799 6422 7143 7771 2088 2926 2010 2976 3943 3230 12 1880 1449 9463 4817 6747 2532 9662 9657 447 2518 3154 9592 29 7123 4082 1390 3714 7766 6893 9656 1958 7785 464 5073 2214 8289 7492 2286 4528 526 3701 7416 6190 6113 2618 2015 22 1416 1249 1131 6866 1584 825 4779 4753 8294 7910 3032 3272 6285 9970 7672 3277 5925 3761 6999 618 7491 8279 3563 5614 2503 6516 3609 9673 7969 7284 5360 4355 3375 1666 2353 7964 8907 2277 7676 4847 8463 341 4937 7798 2508 9612 8353 7486 7706 9922 3355 2388 5009 8810 9757 3220 9218 6568 1206 7014 9802 7344 8844 2908 8149 2151 3062 6982 7720 4308 3150 4585 940 4064 8031 8523 9307 445 1394 8677 5637 9437 749 7167 8979 221 8003 3048 5598 186 6706 9412 244 7129 5041 4295 9388 7982 6127 7393 3707 4634 169 492 2995 8907 6002 1208 5587 9355 7498 7013 5875 4229 4770 1556 474 7845 5109 3779 4200 9013 7151 9295
8785 6749 793 0 6759 697 1106 7549 9924 9141 6272 1182 8242 6602 670 2500 1690 8621 7113 3405 4860 1371 9364 4940 29 1143 5464 5598 5062 4806 353 2524 2371 4186 1927 331 4234 3362 1436 1198 3943 6971 2193 8955 1644 7927 4041 5778 2662 8140 4870 555 1936 2391 8389 6414 2832 7118 104 9631 8019 7985 6663 8718 7276 4406 1586 9380 3544 5648 1169 5366 2071 8367 2004 4566 8895 2144 8174 3741 5484 9591 5704 9867 1880 4634 9608 6033 3462 4344 334 603 6967 1994 936 2006 42 9968 9814 5247 5215 9814 9528 8882 4857 6815 5744 119 3717 2682 6082 5289 7578 865 1110 6660 8425 6106 2982 25 4715 6510 9065 2666 2769 4918 8579 2556 2426 5229 9388 3646 9445 2271 9916 90 325 6633 5479 8429 5614 2400 6494 3968 9461 8114 5875 654 5065 3232 850 8328 3858 9225 5168 4146 8098 5323 3841 9274 6383 4075 4815 1897 636 3322 6419 7795 6151 9166 9369 4163 8287 6234 7939 7974 7100 8778 795 9213 370 9285 4977 7443 4510 2426 8552 3040 7665 214 5660 7706 6553 7832 5358 5145 8594 814 2981 3732 5098 2096 2154 985 6437 9283 5630 1175 8144 9457 7841 7499 2888 2626 7283 4407 1292 4077 1764 9446 6820 4927 6549 7004 7436 5670 4470 7724 5625 9652 2699 6990 6976 438 5594 2006 9354 2923 8912 2080 7388 9889 217 9081 7325 3929 8369 9513 8940 9892 1445 4783 4685 1123 5595 8516 1588 9917 9276 8874 9078 6935 5315 2988 4512 3437 2300 2957 2502 2463 9853 4872 2711 639 5698 8504 3831 2694 5622 3125 8695 5750 8861 8183 6674 9218 685 4036 2948 6414 2726 3375 7201 1313 5825 5297 8131 7205 6236 1101
4735 9985 3147 6759 0 7319 4200 8024 5285 9490 7145 494 9984 2567 7420 8850 5039 7970 6676 5322 1968 7815 214 1556 1508 2652 8341 2546 9946 8094 6644 4732 235 4622 5495 1386 3317 8511 2286 2644 8015 2525 6547 6795 1057 7020 2628 8155 9156 5827 7831 9595 3742 8256 6401 541 5837 8534 3706 9655 1193 3448 4998 7048 3493 5370 2674 3358 3677 2761 3468 8072 3459 6868 5888 910 1251 2687 4360 1815 111 2015 1324 1617 352 3049 8736 8290 308 9176 7581 5877 9141 850 7798 9648 1357 5749 9880 2005 88 2276 3668 1702 8959 3924 8253 462 2989 1969 9745 2396 8932 3164 1205 5631 5079 9748 4481 647 4191 8482 4940 7658 8617 6746 9892 4048 6962 2014 6494 5200 3839 533 1296 9126 1477 1397 9895 5500 6491 2520 8694 4892 7665 4113 9103 938 660 4273 1557 9684 6888 8452 8623 377 4273 8400 5541 2627 1169 1579 3794 2588 4249 3280 448 7636 3487 4032 3142 942 2856 8468 1403 9348 2874 5138 8432 9869 2563 7340 1840 6956 3201 7419 2192 9896 4824 8817 6698 3724 8044 9589 3804 4111 2353 2114 1673 7822 9269 1858 3381 8368 4241 6740 7224 6538 3917 8574 3077 1617 7246 9500 4066 6682 2396 3248 2858 5076 8788 6204 1683 3789 7491 1998 4725 3933 1294 8207 2178 3707 5298 5445 4942 3435 4014 1810 9563 1694 2562 7050 764 7654 8415 15 7812 13 9948 1737 336 6411 7348 7621 5807 6820 3169 2682 1421 4742 39 1223 5305 9130 368 2464 8577 9490 4624 3431 3640 8606 4083 5089 8947 2646 7295 8126 9641 6978 4883 6573 5296 6254 6154 254 1200 2437 5355 8775 766 6875 4525 4422 2900 6445 5933 1193 3270 1593
7571 9491 2065 697 7319 0 9231 2052 2824 5356 5453 387 3579 9384 111 4270 7728 2793 484 5561 5050 5760 51 9544 1068 7135 8384 5175 5121 5898 9010 6122 6029 8884 893 7243 3029 4216 1145 4355 5748 7219 4535 340 7958 6257 963 3294 8380 1527 1834 6189 6501 123 175 909 900 8727 1036 3329 7632 2893 3777 421 3667 6157 4248 8525 403 3889 8773 7905 4339 563 7100 6736 8416 4862 5643 8589 6062 5883 5692 9113 2679 1648 7292 4975 4830 8124 4609 4818 5533 6735 8350 5837 8688 7256 7191 7543 6141 9583 6493 226 6965 2818 4970 7385 6820 2648 9890 7120 1850 7941 734 2640 8138 4601 9270 6339 7678 7949 1183 9208 9418 8659 1965 7831 9014 3760 2039 9550 734 8189 2096 5431 417 7539 9528 6958 282 4847 6165 9997 6062 8966 6418 9479 4613 3975 2912 8257 5103 8020 3328 1610 7685 3215 3583 9511 6795 1379 6567 4439 7774 8914 7471 7104 8049 1048 7619 6759 538 5890 965 5185 5224 2816 9596 3243 138 8938 4592 9118 7773 7427 1115 667 3639 8298 3386 4584 3804 7174 9231 5097 2023 9455 1809 7786 5570 5951 179 9190 3873 7139 4406 2524 4588 6837 2514 6289 3598 6152 7385 8937 8793 8937 3290 14 6379 1795 513 985 1940 5643 291 9357 7687 8528 7497 4624 4128 213 6887 141 1450 6771 4100 4979 7486 5180 9649 3953 3450 1911 8614 9786 1953 8194 8585 9853 2043 8170 6574 3848 4058 209 277 8706 715 7350 7108 9230 1158 6925 8093 7430 6109 5571 5967 8155 5276 3647 1014 1063 6890 6478 2119 3444 9696 1995 5728 4507 6552 8088 6334 8226 5953 2977 8575 2922 899 3743 5591 4608 3945 5986 6882 5856
6253 2606 7710 1106 4200 9231 0 5517 2583 1400 6242 9325 6470 5093 4580 4977 5243 7352 1727 2393 115 2148 6059 6074 5417 3960 7246 7588 7329 2471 2373 3301 8161 5658 8772 6697 4360 7702 8845 6108 8858 4226 450 421 6606 205 2187 2422 5252 7275 8458 5591 7830 3733 8727 76 805 9796 7446 7538 7720 266 4647 7203 7774 1868 6406 1296 9892 925 3823 7856 5416 2716 3285 2592 7943 5618 364 2162 2214 2614 1678 4894 8484 5575 2774 8784 1381 3837 188 7374 7954 7549 101 4702 4092 4469 3813 9450 3790 9611 7579 3761 5546 1755 1536 9756 2950 6694 8293 5317 6435 5093 4143 6757 3712 3902 5156 969 4686 8737 4872 4528 9021 8219 2036 8848 1561 464 1127 4762 4899 3029 7728 4348 6412 7652 1152 4973 9048 8638 9037 1576 5804 1471 4026 946 7781 8252 1439 52 1118 7182 8585 1017 5789 5363 5325 3892 2267 2159 2269 7158 7878 6456 7634 2509 4867 6881 207 2588 3711 1216 9910 5613 8216 7290 113 3395 9814 6970 1888 5370 238 2368 4242 2238 8331 8455 2914 7973 5764 3460 357 5368 8578 538 9523 1046 6196 4588 2245 2882 7665 6141 5561 6932 9236 6287 9700 9828 6360 7753 1642 1620 5961 5076 5874 9654 9454 6848 9736 8637 6673 6508 1785 936 7922 5317 3120 2621 60 8506 7355 3518 9581 4040 3481 8564 7557 7778 5136 9470 9230 243 9343 1109 2183 2965 2131 54 7396 8908 482 5135 8686 4853 9325 9540 284 1479 8520 8547 2453 1257 1221 9514 200 9314 8290 9113 794 4452 2256 2672 2733 5223 8045 2324 4165 2278 7406 9466 7459 6784 4354 7645 8987 9643 2443 4263 8122 8378 7075 4295 9692 3609 9904 7064
9823 485 1244 7549 8024 2052 5517 0 8697 9237 1031 9834 609 2965 2071 317 6979 345 4241 5189 7139 1046 7522 254 4721 6413 258 5311 4350 745 8766 1324 6671 3181 8607 2378 4345 9679 6718 2533 8064 2109 6611 1682 7596 6850 6364 854 7689 571 6426 9109 99 9451 4341 2093 4307 3260 9754 3234 1768 6195 5532 9540 9738 345 6002 5651 1147 4407 2245 6518 7769 1975 611 4868 8713 2233 1853 8360 1435 5675 8260 3357 4759 1793 179 4758 3952 5866 1084 3315 2360 8348 8007 6577 1456 7071 4253 2581 353 2565 5399 69 544 2342 3497 5666 8472 7683 5540 5923 1626 5369 7779 1323 5016 1783 5522 1340 8388 7986 1694 5254 4424 7281 2556 947 3733 9389 4802 2819 2904 9888 9239 9788 3489 772 4789 5914 3345 2165 3870 9099 6395 5265 2398 3462 8935 2032 2786 4023 1735 3167 6323 7896 4661 2617 2116 2759 3936 6181 6219 7195 4903 243 6820 3243 8462 6093 8310 6505 8629 7581 9015 1997 453 2783 1695 8467 2498 2107 3596 3861 2027 9725 5077 2885 7777 9814 3889 2694 8853 1190 9640 2073 7448 6674 268 2883 9883 6212 1525 638 5717 9122 4120 7655 5843 9754 7492 2837 6723 9100 9713 5588 402 5122 1048 9682 3744 5496 9880 9132 4543 3586 7913 9279 2112 9398 2830 6175 3649 6582 8897 9117 3786 7377 5309 5745 8884 3171 817 2758 3079 1179 5778 7605 1202 2659 1987 3021 9077 6708 85 2023 8732 8005 2826 4479 3827 3784 9059 5524 1241 5350 7321 765 2120 1847 3024 9334 5147 2682 5458 1432 5457 7391 1166 5507 9647 8300 3297 5996 2669 3159 5240 5802 8568 5592 9258 4703 1376 4630 6234 9880 6110 2357 581 8854
5941 6930 4364 9924 5285 2824 2583 8697 0 6798 3886 5601 5257 2126 1785 9569 6826 7956 5257 4356 5333 5928 9611 5701 4572 1030 5539 1957 5110 8195 3716 9264 2930 8079 3675 2284 605 731 8701 2872 7979 6812 9857 3289 7849 5796 4610 9536 4645 2845 3541 9242 2260 7054 2946 2200 5048 5553 6973 9689 7382 39 2212 1339 115 4297 2173 556 9756 865 5806 9992 2704 1644 6031 2293 1952 9773 6202 5988 6527 398 2793 869 5030 86 6867 4056 3615 9153 3031 5173 2347 9999 9085 7561 589 8103 6843 4541 9650 2492 5232 1498 3576 3310 3957 8882 2486 3817 2500 3119 5484 2217 5154 9835 1154 6611 9615 1870 5109 1712 2025 9857 2399 6680 5469 5878 829 5188 5545 1974 7553 9128 2350 3742 7187 1720 2721 1335 915 2039 6337 954 1803 1751 9680 6040 1823 4128 6336 2186 3874 381 5476 4712 2416 9496 4060 2758 7785 4249 5334 6269 4520 9545 1117 3016 2250 9521 875 1343 9381 8644 59 5304 6748 7081 6220 2858 2130 9085 5085 2491 5599 1749 1251 9498 2689 1284 7407 7922 8509 6840 5179 5307 9802 3054 8425 9079 9413 3163 3705 7924 5725 1368 8560 2510 7709 1043 5920 2332 1638 1862 6594 8366 4044 5629 3252 5062 5822 1512 5757 571 3275 5759 6099 4481 8981 8201 8198 926 5838 530 4867 4020 1314 3802 3973 9612 3897 4775 9853 437 3173 6400 4381 2021 6143 1925 4553 6531 7749 8517 723 7628 5583 9134 6113 1929 4476 9540 2350 268 5028 1432 82 6865 5657 1265 1829 9484 3312 1904 7834 2484 9464 5726 3472 3843 414 8552 1633 4312 8515 4384 6342 7971 9157 975 7300 3985 9405 6160 9911 8232 4513 516 121 9574
6414 530 8128 9141 9490 5356 1400 9237 6798 0 5479 4972 2468 2671 4777 5033 6519 4609 1810 8251 5951 5944 2385 1315 2229 7516 9655 2037 6751 4759 2970 7030 8601 4263 6602 5217 4541 9878 1151 4762 5685 7861 2295 835 8466 3683 2900 7128 1519 9793 3631 6782 6954 3417 6540 9210 3491 6202 1727 334 2317 2466 1487 6729 119 4084 3983 6523 3718 399 6100 8001 8133 492 3346 5452 8073 6240 8261 5042 9249 3079 3912 9087 6501 5715 5086 9962 1864 9529 3169 411 2574 5528 5197 6330 5991 6784 1289 2272 8678 2855 4031 2553 7320 9109 8630 1616 8005 8708 3443 7211 9485 8906 8119 6123 6451 6020 5514 6303 9592 9513 9300 1137 7092 5473 593 5370 4730 6363 2279 9968 506 8529 4316 2831 7221 3284 741 6152 2065 2051 1765 2543 8911 1897 2112 445 4086 3123 3184 3054 1574 2942 8190 6292 9875 7789 8630 8383 4406 3841 9399 3158 7759 1917 9554 3653 7987 639 2193 2628 5999 2588 5303 6149 5813 2317 3867 2834 5597 7763 3538 7880 6346 9170 403 2441 356 1266 6858 4488 6626 3669 4122 9934 779 4168 2647 3474 4709 6638 1178 4558 3609 9658 6267 1201 8902 615 6416 9906 3968 3649 4739 1319 875 1140 2683 2392 7036 8854 5261 885 3100 2480 7581 9783 7503 4665 9669 2304 7890 8769 2356 6419 7322 7599 1763 3991 8084 7529 9068 7021 571 4918 2561 1000 1085 5488 262 904 3593 7937 3024 8608 4590 2904 7700 5140 7555 7704 6501 3996 6748 2953 1697 7105 8087 4788 8741 9505 362 4469 3387 2518 1691 2093 9161 4781 2748 60 536 6575 8507 6160 8242 253 797 2390 4524 8021 6722 7953 3249 9307 5901 6407 1242 1368
2728 9293 8318 6272 7145 5453 6242 1031 3886 5479 0 2425 5509 335 2617 650 8320 5489 26 2803 4050 4 3071 6852 7816 7341 4594 2407 1076 6661 1700 6604 1128 8814 2958 998 2456 1573 7552 5259 2769 4500 396 7349 7280 1496 6263 3729 8814 8935 9650 568 4534 9438 5685 97 5685 1738 6702 7642 2764 4614 4560 5510 368 1811 6303 7728 9706 841 4929 7043 8441 3038 1357 6499 4434 8085 2130 9384 5707 1924 7881 5072 6447 2893 2115 8946 1906 4226 3664 9488 2433 8643 7851 1193 4347 1387 4270 4715 6751 8244 1933 8969 9697 1102 7638 4206 1139 9808 8574 7751 6870 7034 8165 4409 6444 8008 2423 5947 922 5402 5502 5907 332 801 6473 9383 7769 63 4826 166 3316 6120 7679 2950 4833 3923 8785 8932 4048 6443 7120 601 3703 1051 2387 8093 3526 9724 5717 3087 1993 558 9607 2542 6688 5774 8266 5558 9284 1105 5408 4725 3474 6019 8173 6328 3709 2271 9428 2374 1086 2378 5106 3644 893 5578 1066 9761 7694 5618 4071 9438 5912 9299 2894 8030 8610 2585 2517 3288 5176 761 9999 5203 6296 234 7846 8908 7947 4401 4437 8244 8019 848 4601 8497 352 474 6957 7662 6347 8079 5604 6822 5116 4211 8370 7582 1079 6095 537 505 8425 5252 4829 5090 9040 7825 4319 6808 8453 9048 1486 9697 6154 5556 9456 2470 372 5375 2003 11 5869 6903 6883 6840 9960 6686 5787 6467 2501 7173 6833 4804 4231 1287 9850 2673 1943 2412 605 5431 3410 6361 8113 7937 8267 8263 5609 8744 7133 3489 6849 4103 8416 2748 9657 2903 6676 458 6885 93 3758 3240 696 1710 7773 8320 8376 3412 4019 8571 9358 7925 7222 6409 1328 1506
5494 3255 7899 1182 494 387 9325 9834 5601 4972 2425 0 1407 4028 2433 5480 135 3719 7325 1904 3950 2150 4037 9281 4826 7230 3251 9972 1677 3349 7568 5797 769 6942 1748 1141 758 9370 9651 937 5236 4717 7550 8122 9980 3157 3197 8971 5814 7217 9249 3833 8026 3208 7740 3863 1861 9414 5304 6222 7918 9099 4558 7740 551 3487 7751 3686 5619 6794 6094 5287 9023 335 7490 4868 1848 7472 1231 1613 7932 2148 9539 2910 688 5844 8189 4541 2402 5598 9775 8834 4513 5844 9347 8662 8944 1329 9819 8438 8190 5302 9861 751 9628 5370 1449 7993 6112 9100 8353 1994 9282 4277 567 6381 442 2611 7774 7274 2964 3477 960 7218 2818 3997 1936 7960 82 3673 9414 7839 9335 5715 662 5849 6544 7580 3093 3161 21 493 371 4494 3852 9259 3324 6240 5301 1413 3479 574 3956 6973 2530 7011 219 7011 4860 5254 3363 4311 5195 4601 9486 1764 9296 8876 3561 2403 2281 5354 7919 2904 5280 8249 5352 7961 1531 9035 6013 4531 8058 31 3019 6991 6080 6498 4859 8300 4643 5464 5824 3814 4694 4090 2263 8329 5332 7910 2591 6603 2589 1694 7191 3729 6326 8879 2837 2323 492 2399 5648 6237 4791 9917 201 3755 9919 9584 6750 7509 8774 4025 9297 7941 7823 3088 3612 7617 5441 9973 798 5938 9226 9293 5882 5320 7658 3992 4046 4075 9449 1794 945 1632 2409 9921 3710 5791 780 2361 4078 8955 1004 8210 1112 4066 7926 9807 8251 6431 8113 226 3785 1947 3583 6919 9091 2072 9467 2818 199 4988 8384 8008 9768 180 6572 6521 7382 4404 5562 4947 6422 479 7505 1717 2068 4045 7413 7697 3153 3436 9708 3005 2069 479 7174 6112
4211 4959 5661 8242 9984 3579 6470 609 5257 2468 5509 1407 0 6145 7974 4439 8235 4008 6709 8029 6254 4813 1003 2094 4921 2480 467 2251 5641 1064 6581 2918 3898 644 3941 1924 2155 7151 3965 4142 1402 8000 8765 7700 8356 8185 2181 1199 3521 2242 7312 350 957 2015 6095 2267 3402 9919 5205 1238 7127 4036 7292 6489 8983 6382 880 5521 8473 786 1123 3811 613 7829 4032 3541 3833 2429 108 9920 4781 3520 8551 1901 2080 513 8546 889 6847 9103 8348 2374 2263 3196 2377 9867 7375 1121 9833 9155 5061 4340 8737 4346 5652 8601 6218 4655 8022 8149 8174 8480 5665 5423 76 3767 7518 558 1517 4204 1339 6278 2458 6838 3291 150 6689 7461 1496 8348 7983 1679 2409 8337 4728 3354 6916 6785 859 5302 4044 2376 4065 14 1573 8031 6501 3033 9099 5770 2295 9115 4450 474 8114 9904 2567 7649 1650 4111 5748 3871 3457 8006 9027 4391 5202 6012 429 5280 252 9279 5173 6801 9029 1050 3920 2864 6170 5772 1425 1218 4547 5766 7910 8699 5593 3057 6826 98 1249 9273 9861 2439 2728 8325 3244 5959 1580 5797 7815 914 6808 4887 9180 7708 2111 4808 8033 8239 1795 9356 3802 8014 5526 6069 1272 3586 3099 2573 3228 9839 7582 1569 7027 8569 7486 1628 112 5521 3241 8467 617 7853 1673 4724 5377 3123 4841 3887 3173 6838 66 7871 2866 4062 3596 588 1016 9943 3129 3554 2710 975 1646 8523 9563 1290 7482 8267 3773 4905 6374 4316 4011 2071 6335 3118 4043 7330 9506 2383 7837 5978 7231 8732 7193 2081 611 7132 8607 5409 9997 512 1879 2341 8819 5913 6341 9089 3926 8306 7977 9036 8527 7051 8904 1404 2623 4912
9117 5857 9348 6602 2567 9384 5093 2965 2126 2671 335 4028 6145 0 1254 3314 7589 4655 2664 2448 191 4688 4813 8979 5132 2161 60 6304 1030 7569 5125 3994 806 6388 3076 1957 753 8948 4289 9592 7801 4270 4917 718 1146 4174 4732 6733 5972 5806 8776 9895 4620 9252 5092 2947 7148 1972 4484 8305 5753 1601 8507 7356 472 2290 9571 3755 4109 1007 8788 9234 6461 8268 2095 9657 9556 1743 9229 7648 932 5307 3665 4595 2034 9809 6882 6699 1688 5697 1186 1886 9113 4589 9392 3393 3248 6487 6127 1488 8167 3600 4804 1470 1016 1237 4999 4598 3556 3462 5256 164 335 451 1174 4129 8471 881 2756 5778 2395 9400 9362 8834 1137 2076 4732 4876 9937 9767 7789 3805 1012 8512 9397 4236 303 6981 1346 2730 8574 418 9974 658 7793 7064 9861 1796 8662 357 9941 5840 4349 6157 7671 3081 5114 5250 8858 2661 503 2987 2931 6888 1748 6037 1039 5186 6257 2071 7007 603 3005 6608 9941 9331 9090 5131 7432 1038 2120 2478 5658 5932 79 5935 5720 8044 9135 5805 8659 2648 3131 3145 472 6192 6066 8256 9718 3953 7242 4506 1574 3219 3428 1168 6033 3174 5205 3349 547 7177 6710 3221 2053 6597 8342 8942 6361 814 9341 6348 1664 7347 6902 1942 2907 3141 1638 3108 9638 4338 694 5097 1609 4189 7315 8477 428 5563 9240 4214 4127 2505 5599 9617 3726 9716 5260 3985 4199 8874 9000 4963 1550 5920 9944 3948 9669 7985 8674 2325 7512 1875 3950 2623 5731 2341 1633 5360 5100 2689 4571 3009 5208 3526 450 7892 3505 5524 9636 3795 5460 6916 1679 7977 8917 3457 7422 6637 3203 8083 4605 1492 4612 7339 7323 1518 8805 3644
8863 7953 2436 670 7420 111 4580 2071 1785 4777 2617 2433 7974 1254 0 9217 6130 9833 5605 3617 6046 3159 9971 4841 1414 6044 1758 5796 3731 5517 59 4242 3393 3638 4802 1944 2104 9443 6715 7592 4989 4970 9204 1205 1517 1011 3896 3459 8214 7695 8997 2165 2475 2174 3121 1660 2009 8387 3651 3814 8386 4723 968 8414 5611 3019 3255 397 2326 2017 4789 4213 1338 8535 5549 8829 9284 8640 1393 388 6447 8152 9023 1173 4933 421 3781 1249 8414 135 5683 1703 3705 3753 6903 6823 6524 6584 506 8950 7926 6907 1286 5215 8787 2987 5576 4245 5665 2521 5180 9939 3590 912 8995 3757 7756 516 2286 3115 3906 4446 6518 4708 4224 4990 8840 1992 5504 2538 6438 5880 7478 4827 8702 1185 5759 924 1660 9487 9087 609 4961 4849 4654 3838 5375 8827 5001 7654 2421 5185 1491 4274 1885 8459 7556 1643 2156 5897 6828 4352 915 1197 946 8086 9334 9066 5680 7169 9120 9295 1242 7832 2866 8231 1507 2586 9329 2781 2957 1445 1913 3968 9964 5319 8697 4510 5098 8966 1001 2102 9306 6675 9172 6569 6409 520 9595 5870 5754 6323 8045 5153 3177 363 8704 1194 5303 2285 1239 5119 1853 4951 3474 5345 6747 7546 8632 2210 2232 6886 3671 9660 2079 6748 2504 8153 3826 4765 8318 8936 749 9022 4231 2987 8403 4676 4364 8374 7733 2977 9720 8267 553 4725 1351 1814 3940 9456 4324 6915 1706 7362 9460 602 8516 6912 4132 3830 8941 9851 8188 7739 5149 489 6790 8463 6870 8194 7858 9389 9454 7639 5656 6813 1868 4404 8526 1045 8975 4298 3671 5320 3306 4495 1507 1226 225 6337 8942 9529 5574 6230 6316 5601 8405 9520 405 6829
1471 1754 5515 2500 8850 4270 4977 317 9569 5033 650 5480 4439 3314 9217 0 4699 1933 8162 1186 8185 1990 339 8363 4043 6412 8284 436 646 431 9800 7009 1858 7960 9986 8443 1767 5402 7473 5699 3140 9949 4569 3931 2900 2028 8192 7296 5446 9835 4862 2243 6105 2644 5947 4981 6113 413 4865 9632 6885 5184 2924 2852 987 6957 8895 9988 4702 6646 1831 8678 8585 3915 7525 2337 8743 6063 4744 4684 4273 3418 5655 9423 1918 7606 9958 513 2228 6128 58 5682 6835 9874 6113 6895 7903 3671 6484 5738 4605 100 6383 3698 458 8492 2130 1122 6268 5649 1138 2120 2354 4691 1950 8085 4563 8060 7060 1223 4915 5650 5728 8526 5552 914 7616 7584 8416 4946 9245 5223 4603 8258 5926 329 7514 4759 365 8416 4096 7143 2649 9394 1852 9861 8038 9535 9470 3440 9410 7225 4798 5090 1743 4543 1742 7924 8377 3331 4762 5972 105 4769 7555 3814 5575 9207 4219 2626 9286 2266 9508 483 3098 8143 8404 1119 1153 8161 9811 1675 693 8914 3961 1306 404 8448 7738 5816 7264 2263 3975 3313 734 695 1849 6595 3355 2079 4240 7598 3860 8843 4983 4682 4160 7289 646 3908 5199 1320 4496 9129 1788 3785 2181 8130 8281 672 3081 4903 3333 8004 6119 2716 9085 7265 5525 8813 8336 7584 3354 5443 4142 5050 5652 2784 9663 1998 8170 3966 3219 8185 8532 551 2695 2890 8964 2312 2356 4463 2646 4572 2060 9390 1506 6508 7742 3132 8700 4370 2047 9878 758 1737 9517 1907 6108 2335 2859 9909 8176 9960 3480 4150 4489 9761 9769 4614 1792 1100 5118 7950 3693 9452 5830 7696 4368 8752 6799 8242 6822 1730 4370 5818 5699 7646 8052 9541
9485 7922 5071 1690 5039 7728 5243 6979 6826 6519 8320 135 8235 7589 6130 4699 0 3644 351 3707 8100 8174 9418 4640 4548 7277 7512 8976 3180 2095 9159 7941 2446 2643 5204 4791 4685 7826 63 858 5470 8420 3793 787 8517 2559 2000 3346 4285 4387 5435 6341 8285 4252 1626 9681 1238 3075 3728 9998 696 9205 1143 7626 8207 7799 3409 282 7793 7246 8181 9705 3054 5546 6726 1566 7407 7242 5166 6240 3756 9274 8613 6813 2680 3842 3471 9282 4045 7910 9555 3735 290 3460 8621 646 3207 6772 3735 2023 3592 4346 5076 2989 4428 9619 9534 8993 8380 3644 4284 1683 5234 7927 2491 1590 3356 5354 5141 6015 5414 9313 9983 6543 1243 7767 3659 691 1795 3280 2269 6965 341 4524 5125 7198 2848 3914 6400 5512 394 3466 1571 2572 7546 1101 34 1470 155 6293 5118 9618 2781 1134 3814 3766 3001 1922 3295 1664 7340 5654 5343 9861 1210 646 8675 1342 4324 1811 4057 3566 7695 3844 7057 8269 1532 5105 3021 924 1590 4139 7848 4830 2928 4031 5679 2032 223 7074 6138 6234 4363 6235 9355 7275 6219 4124 8893 1457 2437 1980 6183 6928 5763 630 6205 8523 3969 7399 4153 8988 3476 7907 8232 7621 3479 6084 9372 288 1131 7609 3680 2831 7050 6863 3123 1962 240 135 1950 9857 6036 7363 198 2907 3215 7817 6749 2291 6782 9765 3176 851 5071 8784 8052 3065 9646 9725 2593 9948 8697 5240 8681 1635 1268 9963 3874 7999 2417 2004 5747 3603 9541 5885 3329 6026 3770 505 5593 664 9934 7983 6224 8411 3603 9337 7793 8775 9570 379 1041 9088 5243 836 2567 6663 8945 795 8900 9623 6052 5912 5663 3886 4978 1019 3671 4516
9386 5569 7929 8621 7970 2793 7352 345 7956 4609 5489 3719 4008 4655 9833 1933 3644 0 2347 7045 1532 7338 6609 4171 3085 8841 396 5760 1434 6099 3078 3110 9962 854 4762 5546 2333 1557 2323 7899 1266 3919 4672 1117 2270 9555 4330 9112 3819 5975 5023 9042 6000 3858 701 5152 1046 4315 1322 4882 7059 4996 9441 5030 8390 6771 1285 5555 5355 3370 521 4036 6376 4208 8075 49 3074 9831 8648 9069 4294 2115 7377 3075 7345 7658 8643 6310 5680 8392 6036 6530 418 6688 4661 2711 860 1865 5262 800 2983 6600 9012 2707 7472 3140 3231 9481 39 4331 4468 2902 5216 5620 8949 7784 8817 338 5506 7180 3355 6509 4418 5550 3646 9688 3525 803 9578 4565 5501 7296 8836 3982 3201 9588 7296 3611 5598 5487 5211 6199 5766 6324 9456 5322 8321 3652 4100 9395 3692 5848 7056 1237 3266 2480 5095 4692 1337 6245 7429 7796 5210 1990 4652 5882 1720 3178 4645 4300 8573 1033 8077 2178 1353 8630 5658 5246 6720 103 5493 5265 5262 6216 7459 9251 4936 9996 5743 1563 207 5464 8040 329 6661 2978 5502 7923 2518 6182 2453 4087 9045 3849 7777 9234 666 5427 6125 6720 1857 4406 3916 6976 5937 3837 5027 8684 9199 3728 3629 6165 5420 9254 9585 1429 642 8863 463 833 1015 6628 9071 2064 731 4121 4893 119 1298 1814 4237 2358 9822 8341 2911 4404 3116 6742 679 7738 5951 3243 152 4358 724 6765 9798 8099 9440 10000 4834 5714 6747 6374 1182 5015 4809 1403 2362 356 8305 4181 6824 3202 377 6375 9975 2426 4045 7482 7621 6394 2965 3286 9795 7810 8515 6017 7044 7855 6544 5141 5714 6764 805 5851 1982 6982 7685 5286
12 7928 1639 7113 6676 484 1727 4241 5257 1810 26 7325 6709 2664 5605 8162 351 2347 0 3078 131 5282 1127 8571 7837 5483 2037 5561 25 3873 5448 4990 6921 3028 6663 782 8335 446 868 7248 4457 1825 5900 1777 4305 1266 8081 851 5829 8845 3034 1568 8546 4563 5748 9448 2505 6333 4577 8986 125 9976 7855 1051 8125 3345 4514 2323 8689 1901 6355 9102 9957 2270 191 9612 1762 5040 3048 5133 8436 1408 5664 5654 5352 898 9826 3029 1789 7420 640 2904 2702 2702 7700 5431 6622 1231 9348 2420 6604 7056 6263 1420 1362 4784 9262 7340 8334 4558 1817 9182 7674 3968 2467 2117 5064 1178 470 4767 3597 8708 863 8154 96 2938 9157 6458 5988 9390 8633 4768 6024 8129 1306 6736 3426 1121 5524 557 5758 3451 6048 247 5758 7370 374 4183 4518 3247 8798 9833 6658 4507 5377 7027 6803 4072 6749 2375 5759 6620 763 7561 5348 4560 9359 5939 1134 5643 956 436 11 7926 9615 8880 3835 1846 4321 9270 185 1430 6544 4199 8909 6070 5939 7939 5827 4260 555 1691 7900 2756 3739 5657 9362 3633 1167 2413 6165 5122 4174 8214 5138 9263 9125 9986 4733 9605 9351 9139 4925 1273 2975 3030 465 812 3435 5702 6575 7388 4749 5920 4979 4489 8783 8004 7292 8250 4099 1950 4385 5558 8958 1646 8754 3998 3297 5083 8846 1488 9759 5038 9783 204 892 9753 6518 3506 6414 962 1333 7740 7140 5508 6659 8158 501 1588 4069 269 2062 9273 5513 5240 3619 7930 926 9263 2210 4889 7294 4000 7181 7955 9719 8093 2465 106 509 174 3492 2124 6570 5831 6357 9323 2208 5891 6864 8020 7695 7105 5878 9314 3316 6872 1864 1162
2193 7702 6364 3405 5322 5561 2393 5189 4356 8251 2803 1904 8029 2448 3617 1186 3707 7045 3078 0 427 269 1705 1207 2319 971 1775 6562 5552 7011 8066 1017 9312 2649 1550 6736 8725 7571 6156 8134 8770 9986 8441 514 2716 7679 8258 6610 7807 6729 3751 9951 4214 3344 93 5427 6200 7220 5955 2132 2347 3105 7982 6732 107 1892 4934 970 8482 17 4793 192 2724 9166 9775 6378 8038 4962 5435 9064 5207 890 3912 6152 4992 8419 1499 4715 1515 5098 9964 8438 6223 1529 4875 4220 5267 2365 4904 9409 3306 9452 5633 8975 667 177 2707 351 9589 3592 6044 1560 2023 2034 583 4452 2911 8174 7827 9548 2207 6984 1940 2036 5680 1303 8028 9692 5000 6749 3177 3020 9907 8904 2396 3991 3942 9166 2994 5171 9701 3535 5399 5475 6989 3582 9567 9719 1533 2090 2945 6061 9646 8958 5803 961 2604 3549 1250 2791 1813 7921 1277 2821 8010 2586 8288 1609 8006 4432 4318 5076 7471 1862 8245 5264 8370 4940 2843 1818 5466 9545 3996 1521 8387 3911 7340 2424 669 1920 3764 7695 4622 4485 6704 7249 5796 8647 4922 6221 8981 244 2727 378 7480 9606 8654 3056 1872 9107 7801 2205 5035 6567 6108 4726 6971 6997 5869 7674 1405 9042 9343 208 1269 8423 9563 4576 2543 5111 5512 3798 140 6039 8693 5235 3994 8552 2619 5435 133 4665 2338 411 5777 7924 1748 6436 7301 8939 3264 8388 2703 5781 4849 1099 6231 7108 6321 452 4677 7905 6809 3193 7634 3709 8162 705 4482 9257 1887 5199 1208 5776 3926 4639 378 1936 8410 188 3917 225 2696 1224 4869 1082 9107 1899 8738 7309 6607 3361 2914 9151 5244 2937 8666 6980 2875 1009
4958 8647 6098 4860 1968 5050 115 7139 5333 5951 4050 3950 6254 191 6046 8185 8100 1532 131 427 0 6301 6645 784 6518 4690 9386 6654 9037 4685 7404 4141 143 8753 7086 4559 7401 6501 385 2182 559 2912 2345 436 8462 8513 5720 5121 7206 3641 6543 9644 8582 2120 3355 2825 3971 8467 3934 3425 1776 2409 6964 3798 1246 1853 2612 7392 8311 4868 7228 672 1442 8982 3431 7835 6234 5025 3034 5764 5212 3200 6256 5962 6563 7321 6050 811 780 2990 7441 2146 2216 7638 3735 2787 482 9625 1275 1563 35 9445 735 5237 392 1068 1527 4168 2975 2250 2023 4174 8041 3683 5174 4618 7680 2302 933 984 9386 5587 5068 6948 3373 2481 366 5813 9320 1525 2277 1009 6438 4577 5289 9043 4306 601 8511 9984 8163 7920 8312 616 6937 6672 3339 5053 8709 6140 6557 7052 9872 5832 2719 2557 2907 8566 2948 7427 9908 9378 4991 9643 2931 5202 7769 2024 7578 7108 9536 6478 9698 4606 8206 8548 2638 9438 5003 2191 317 1775 4411 6623 9516 9724 9608 4220 990 3571 4739 6392 647 4551 389 4496 5147 1877 1717 7673 2555 633 8931 5987 428 7655 3054 5153 9905 6131 6583 5084 7282 8099 3246 6596 5540 2634 3214 3580 4699 1307 3344 566 9558 5442 6651 6498 6480 5400 7749 5158 6155 8260 8168 4093 3195 4082 8190 5129 6295 1951 8777 7964 1586 6358 776 8025 8498 499 3324 722 7731 6594 4101 195 7527 946 1671 5919 4577 1836 4157 8189 1365 7520 6316 4328 9996 9069 7556 5021 6023 7093 654 7084 2076 5009 2235 8365 2887 6058 7168 5480 3949 3518 4379 2829 1041 3921 2265 7304 2125 8846 5642 8995 4093 9364 5008 5229
6717 7221 5640 1371 7815 5760 2148 1046 5928 5944 4 2150 4813 4688 3159 1990 8174 7338 5282 269 6301 0 384 208 5591 6412 8265 1789 3009 1916 5529 1552 6374 6916 2488 9930 4548 4640 9564 2771 8113 3245 7744 6441 8541 2055 5286 2897 8776 5117 3861 7079 5568 4376 2656 5816 6626 6344 5545 6713 9382 7400 7784 2812 1418 8759 6713 9264 5305 8863 6118 2824 9177 3118 7180 5283 2545 2276 621 4090 8937 5169 7356 2911 8499 130 7870 457 1913 1632 345 9348 6381 2493 2549 6564 9479 5887 3507 3405 372 7457 8738 340 5307 5083 9992 3948 796 2571 9440 4975 5978 5703 6130 4979 5234 1350 4912 719 904 3161 9723 734 553 2209 3384 356 6624 3129 2543 4859 6325 7897 1546 5803 2833 499 5797 4836 3031 5488 49 8728 6812 8164 6568 1721 6800 1209 6780 1145 9033 7035 1739 6442 7562 5389 4158 7241 9149 4921 9691 6475 9442 8838 8811 4884 5988 6810 4616 7826 403 3138 6367 7811 5959 4744 5169 1232 2294 2926 2332 8296 7500 4981 9395 5380 3232 6486 9691 4182 3863 1743 7643 4922 9554 1457 1529 2762 3132 2383 3541 9004 7028 9177 2650 755 7276 4466 4404 811 745 2649 9371 1254 5562 104 4028 3855 6098 5225 8158 9348 9568 974 3296 1353 3853 9168 3412 6222 5830 1232 8797 2518 2509 4689 2781 8652 6197 7489 4626 9547 1775 4802 7361 19 9052 5724 3146 8541 5861 5995 5394 4930 7710 6109 5755 7085 9027 4498 5516 6809 6791 6064 3401 2057 7320 6933 3753 2461 8027 8638 1772 4418 940 5507 9876 6566 8746 4659 1432 6011 9708 6369 1938 2571 6284 3561 5013 4921 9998 7530 729 184 5540 1926 1359 4373
6260 779 1553 9364 214 51 6059 7522 9611 2385 3071 4037 1003 4813 9971 339 9418 6609 1127 1705 6645 384 0 273 6397 9042 6552 4817 5944 3087 3807 6689 8246 839 7461 5854 2726 6694 9271 3626 5339 4504 6937 6224 6615 7963 1019 8149 3486 4281 9600 2045 9197 2892 5769 9515 4543 5061 3734 529 6943 2023 9051 7159 9384 8582 9514 8048 7831 6075 3887 8688 8626 7605 4901 4586 5273 8807 4155 7405 9161 4366 1835 1727 9745 252 5909 4340 472 6680 2535 6077 1980 40 1187 8310 8891 9601 893 7235 2667 6351 3649 7533 380 5757 8075 7682 2964 6629 2462 7740 1471 1563 1863 3831 5583 9014 1237 7719 8407 2230 2942 6475 7063 7679 7987 7764 250 6797 3065 776 2967 5001 5253 8794 9205 3651 6143 6416 9447 3106 8711 717 6154 3351 7274 1560 2793 802 9289 5539 5386 6338 1458 6710 41 3960 4079 4677 2642 8619 1519 969 534 9704 86 2509 3141 4081 1122 6407 5030 8399 6736 7495 6241 8254 6526 3544 7512 1030 511 1572 3176 836 3233 5932 5010 2287 9762 4169 3871 5171 6142 2242 2684 2958 8737 3294 9924 8141 8180 1847 7887 2799 1225 5037 9207 2447 7490 4369 257 6584 8468 3282 2635 6592 7558 7820 8850 4665 2622 6179 835 3841 6773 8524 8910 1909 3058 9922 6104 5148 7253 5460 7178 5949 881 3385 3632 4490 9555 8718 3321 7835 7116 1021 1069 9985 811 3315 7206 4211 1773 1095 758 1811 7994 9040 6905 5744 8041 9993 6332 5642 5582 4706 4337 6284 1099 1816 5762 644 7917 1340 6563 8705 7848 6920 1527 5889 8524 9827 6985 54 9859 5665 593 3046 8463 5118 7993 4913 2725 3640 8680 6419 13 1565
2431 2969 1707 4940 1556 9544 6074 254 5701 1315 6852 9281 2094 8979 4841 8363 4640 4171 8571 1207 784 208 273 0 9232 3165 2036 4898 2655 1930 4409 7202 4564 240 5257 2047 5377 7553 1073 3962 7950 1216 9917 9983 4528 870 9782 5025 7069 2776 5148 1659 3082 8877 7410 6838 3235 8746 444 7852 1150 5063 2014 3744 6662 6839 7789 2871 762 122 2117 1815 6898 2695 1123 6197 3472 3015 2549 6945 7648 4799 7758 9520 8283 4709 6467 7708 1124 6113 1350 628 6142 688 5849 9488 9180 6179 1724 3761 3961 4489 8986 7742 7169 2445 3675 1661 2793 5057 7898 7834 5758 1009 3297 5886 38 9438 3266 2106 7148 5377 1492 8894 4569 8328 4406 6462 4994 1422 6698 4014 2812 7947 7792 312 9860 9001 6098 6187 6771 7770 7140 4301 1672 8277 4838 1460 9518 8719 6274 3976 2049 8938 7090 744 2267 994 5908 5867 3697 156 7386 7464 277 8482 2251 6629 6706 7737 6317 3581 8546 3789 4280 888 8560 5313 5792 4610 1046 838 4688 6019 8087 8767 4410 631 8146 2449 4266 8439 6544 6249 2195 1187 1142 958 2335 1967 1380 58 2755 5545 4015 6043 9283 4116 7444 514 8544 3126 3467 8160 9843 6336 7104 8572 3576 884 3388 6876 6519 4784 5210 9707 7544 6178 4065 8996 6542 5944 9961 1472 4411 6474 6480 2791 4228 7266 8758 4012 3355 9207 3552 6589 6767 4241 2398 3652 2109 9225 875 2164 4620 8325 1141 3132 1878 4037 2007 8645 7307 6165 2198 8231 8495 7164 497 8390 2793 6349 9145 5528 4596 6717 1130 7854 8381 6496 8093 657 479 5743 734 606 3333 5417 3421 7247 1767 6934 761 3565 9737 1062 5222 9310 7062 9116
2787 5378 5595 29 1508 1068 5417 4721 4572 2229 7816 4826 4921 5132 1414 4043 4548 3085 7837 2319 6518 5591 6397 9232 0 1797 3627 4456 8396 2473 4935 1381 1505 78 4563 1895 5460 3973 914 4752 5422 4418 204 7882 4545 8111 6144 6564 2955 2915 2025 8085 586 3151 2881 8210 6007 3577 3830 2748 8517 251 7641 3536 3882 4006 8743 1146 211 8559 7541 2074 6189 3834 4218 2832 6669 8472 7106 929 3041 7175 4544 431 8047 1291 2849 6578 1138 4298 5084 9938 3314 3115 2979 7567 2712 8467 9187 8719 1974 6127 6017 8672 8312 3148 509 9952 2891 7311 7202 5525 8485 2169 5068 5781 329 8568 5978 5340 2181 9799 2641 4157 9391 6786 1633 5923 980 1775 2205 321 9617 3526 7860 3299 2260 6319 986 7597 2696 3021 5129 2488 589 8262 6029 6284 4446 9093 5678 6292 5058 8985 5750 4102 2780 7255 8256 5335 4072 5403 6791 4560 7255 7772 4068 5176 9627 1997 2169 2791 6838 9461 4335 2748 9648 87 7938 4799 9310 528 1330 5291 3006 2112 2061 8963 7610 866 563 5274 1120 1316 4020 163 4390 7004 841 939 5818 2559 4543 7134 7716 604 6495 1555 9884 1652 6328 9244 1869 2862 4689 7601 5531 635 8439 8402 5046 5254 2592 53 2290 4384 8535 1004 3552 9808 698 8538 8094 4821 3593 9264 7578 2003 3481 158 5060 4529 2641 9610 5305 774 1784 759 8789 1262 9945 1868 5509 8297 7116 8309 2464 7087 9342 8642 7583 2767 1548 3337 1726 7446 5907 1649 985 4987 5583 9709 5571 6084 8939 6886 5278 9772 3623 1451 2104 6344 8892 9522 9135 2316 4043 4086 5497 9953 5653 8383 3059 7771 6110 1757 2513 7131 2411 4966
2077 1004 6958 1143 2652 7135 3960 6413 1030 7516 7341 7230 2480 2161 6044 6412 7277 8841 5483 971 4690 6412 9042 3165 1797 0 8247 463 240 9665 9665 5026 4390 9606 8975 5648 3215 6968 7656 2530 4352 1279 6501 4509 6265 166 5460 3425 1390 5431 3744 8658 5519 4624 7309 6045 5176 6146 1578 6026 3389 7001 7427 6264 1187 1401 3748 7773 5291 9692 2523 4957 4693 4057 9427 7256 5135 3067 5185 8771 3850 3312 8603 816 2449 9881 5072 4832 6806 7366 5118 2960 8477 2079 83 2665 1841 1294 134 5556 7270 6609 74 2131 6274 130 6698 5849 6635 772 2434 8081 8672 8065 1047 8969 5969 89 5296 1213 1534 9370 8173 5349 1273 1921 7088 6756 6672 9284 8056 6180 5274 9533 2892 7133 1353 509 6221 3691 8687 861 6366 6564 7811 1295 7764 8425 9243 9041 8226 362 2476 6000 9968 7007 1920 595 9664 8641 1986 558 5702 3162 3779 8081 7925 1312 3734 2215 714 7081 7450 8529 7119 2835 8690 9327 5992 3979 9079 3082 1455 7443 2123 6557 4500 767 2793 3261 5705 4642 9883 7511 6514 2520 7712 9321 2854 9227 1297 5649 3827 429 3137 6008 9263 5915 4662 7777 8428 6169 8612 7121 9384 8454 6341 4084 6445 1438 6800 7883 9037 4240 4287 7106 7527 2884 7643 4283 664 2498 8555 9354 4241 1119 2749 3509 5061 4065 3916 7019 10000 7933 4262 9884 2362 7026 5967 6762 1019 3334 4496 195 1075 1156 1043 4394 5890 2840 7544 1626 9338 2973 2963 3859 5789 6482 3174 2880 6340 4693 9819 115 7898 9294 8016 7623 2770 6787 5667 8526 2412 6756 6687 8212 9481 7329 7156 8848 3901 5500 3383 2017 9842 6576 4247 1880 6882 9745
3136 9140 4964 5464 8341 8384 7246 258 5539 9655 4594 3251 467 60 1758 8284 7512 396 2037 1775 9386 8265 6552 2036 3627 8247 0 2374 7622 4276 9028 6876 862 2008 5615 7550 9108 3509 2861 4371 7657 1462 6807 8181 1048 5113 4398 8694 6029 5100 9821 1358 4977 4061 792 9907 1307 5548 1283 1194 4626 3356 1747 241 2917 4631 8067 8716 2789 3453 4948 7781 8109 7201 2067 6258 9873 9905 7437 3672 9527 1196 3883 9299 7189 9627 3501 958 9866 5649 3456 5702 5846 6609 732 5369 8970 3380 3250 1425 3260 1211 8662 8750 9983 7180 360 8826 9638 8032 1418 9410 3321 2856 9155 6982 2086 4253 9348 3728 3245 1885 9019 7350 8472 9183 2129 1741 5141 189 3769 4506 6396 7820 7089 7540 745 9042 4721 8941 1908 560 2856 1352 671 4075 3294 2585 8417 9525 1701 2273 4325 4644 9899 3362 4295 2252 2570 3462 9698 4149 7619 5474 1363 1500 6723 1596 912 4116 6901 5698 4651 3911 512 4482 9598 3045 2201 5895 2670 8861 2349 1422 3906 596 3279 1057 3073 1259 376 5140 7596 5153 7461 2307 6727 4140 854 8762 3007 3159 9438 2769 1734 9843 4207 980 4399 8190 6291 6312 7202 1687 3285 9225 7215 7488 7998 4527 8587 2781 3347 7170 9681 3723 2352 2719 3831 7889 2161 2598 7926 5935 5442 5698 6192 2312 1093 774 3994 864 1050 8580 2596 7043 3766 8974 4847 163 1325 856 1789 3490 8918 1704 3641 9690 7756 1005 2146 5470 3508 3900 6862 8851 5161 5169 2998 9265 5907 6879 8477 8187 8387 7009 4253 2008 9000 3674 3502 8207 8331 6062 3045 4910 4491 8744 9258 9426 9672 6477 5113 1747 2169 5485 1855 5808 1988 748
