200
0 8989 4090 9004 3612 8782 7312 1226 4420 880 8740 8559 9605 8936 1505 5013 1004 2680 8179 4795 7510 1092 6173 96 5776 9267 7502 555 9159 4523 1154 2257 3398 6991 7689 7790 1494 1226 5122 1746 7774 5739 2639 362 7077 4120 4623 8142 6509 7601 7262 6669 6801 1297 9349 516 2307 6697 4133 2080 6096 2682 878 7154 3920 3614 1959 9741 1803 9689 5177 5071 395 5619 4277 4968 5658 684 4297 7828 776 5647 134 8188 2624 4246 8583 6289 8858 4916 1370 8769 4017 8393 8059 5785 5979 3191 6671 6969 1976 2965 2249 7302 1216 1023 4488 5144 9210 5200 8521 9533 7123 6060 4843 6852 7481 244 3496 6504 4546 2561 6074 7011 2982 7160 7065 5644 9689 1151 5853 2597 5427 5101 2696 135 9852 9422 1298 6057 9552 9142 1421 4300 8220 5449 7417 3022 7480 4461 302 9206 6825 3053 4917 1141 1916 2897 6605 4936 686 6753 8176 2974 9159 581 5456 4951 271 6868 9019 7415 532 4466 582 6743 7428 1105 8014 3559 5126 6727 2290 585 5270 4910 9518 1898 2551 5927 8402 9394 1217 9590 838 9140 3417 1787 5722 6873
8989 0 3464 2211 9822 9669 5019 5005 9578 5726 3196 5192 9812 794 5081 1941 7724 7596 3874 732 5823 2797 7889 4941 3901 6838 4180 5670 9895 8918 6802 4578 4586 9320 3139 8673 5293 9791 541 2082 8732 6968 1249 5764 2875 4959 4808 5994 9874 3776 1082 6526 3884 2649 9373 2544 4442 4208 3251 6182 8784 2491 4602 520 1985 9976 955 7920 4281 3654 3473 4387 110 1990 7456 8791 5783 5700 3840 4511 3147 376 5609 8428 8150 5045 3604 6285 5899 8186 4303 9246 1252 4964 2883 8245 6513 236 2142 2669 5128 9869 1074 5034 973 5090 7942 3091 2141 845 6413 2978 7441 8791 3547 670 3379 3651 7108 1393 5545 2472 1785 3171 4887 1183 6397 9780 9703 1761 8846 1504 8259 5236 8325 560 3826 2811 2890 6825 2516 9463 7317 2845 4534 4653 1949 204 7266 4098 4420 448 3646 2549 820 2902 1086 4451 728 3207 4175 694 8303 8640 409 5337 1643 8688 1411 8898 714 5361 1957 6036 8334 572 588 9962 6928 5103 6538 4358 574 3556 4503 5008 4374 3976 2448 4276 5834 9216 5307 958 2416 5624 6373 3590 6966 4538
4090 3464 0 4611 9104 9687 4260 3948 3871 9002 5804 4013 5077 3464 7650 9336 8510 3816 7275 7007 2705 8356 9705 3072 6508 1886 3697 4190 2895 5656 1802 1277 5472 2119 5983 5028 2441 7325 4874 6753 4734 6028 9306 4446 4415 4731 7338 9783 960 6939 2393 5895 857 6652 7006 174 6885 4624 5107 5115 6699 1768 8931 6307 4561 2601 7076 7935 5286 9278 6225 3775 9291 7903 6844 3427 6943 7608 651 1903 1510 6188 6051 4674 6732 6708 3051 9912 2415 8220 1820 9672 8840 2894 3806 6511 2579 8093 1747 9159 5830 4322 4908 3479 8825 3640 943 2989 6220 6455 2455 6353 5000 82 2705 6203 8196 4336 226 642 420 6468 8588 9859 4743 8705 5035 9599 9969 5232 6816 2804 4117 5435 6457 7906 2063 5826 7807 8500 6062 2301 6506 9668 324 9583 2172 3159 9484 4939 6123 2975 2869 4009 7818 2142 5419 7398 7067 5863 5578 2986 4266 9338 2408 4099 469 6056 8991 5646 4294 2734 2189 4656 8562 919 2161 4007 5033 4681 4716 2128 597 447 9320 1415 2775 2778 9606 9471 9325 7389 3413 67 6404 7250 7698 8533 3636 6598
9004 2211 4611 0 5915 7523 1708 674 796 312 8113 1514 9920 7621 7937 4779 6037 502 6928 8533 2840 1030 7629 8949 8071 9773 3012 8301 9737 4624 2868 3345 1284 3366 1940 8513 7108 2711 7754 1908 7032 6952 5672 3946 373 8673 8178 6784 2668 4255 8677 9728 6269 4121 1775 8962 1147 1474 5220 3178 5082 627 4441 1962 5814 6709 6214 6121 619 5388 7603 2119 141 8497 5326 2707 6877 6502 4484 4345 4732 1586 2583 9237 5258 546 5063 462 3224 2060 8701 6588 8236 2527 4098 3226 8044 5705 4138 9065 9738 5095 9356 104 3504 5718 6165 3817 8961 1777 8051 7875 2937 1644 5583 7314 2171 5002 5067 8884 8635 494 7319 1621 7440 6921 5236 2322 3986 1272 8144 9440 2626 6851 7859 9318 5436 6367 6086 4119 1330 7429 2018 2634 3146 6139 9284 8917 4992 4396 8957 8966 9115 1203 3680 238 577 6552 9420 8003 47 6444 5126 6264 748 4509 9925 3505 9020 9953 3636 8639 2601 7855 1343 5730 9436 6658 4010 6376 7026 2626 1454 5342 7293 6916 1217 686 3050 8055 869 6293 8644 4981 2055 9483 4813 1886 2469 653
3612 9822 9104 5915 0 9131 9062 3451 7628 3603 7709 1830 7141 9135 9806 6402 4 4476 5728 7093 9757 7935 9124 7485 3949 21 9079 3818 8258 2613 8373 7893 9504 2437 1641 8291 3474 1981 1308 7017 1602 7787 7281 4704 6448 1347 9977 54 3466 869 1885 7421 6601 6302 1159 8074 144 5541 5855 6136 8942 8317 8993 352 8401 2203 3935 896 9415 487 6 3464 9410 8018 4092 593 5399 3070 8237 6380 8375 74 4242 761 7948 4158 4692 6131 993 2361 1948 364 1287 8837 5507 9473 7060 5707 716 2218 5175 6489 3961 5290 2080 8609 8230 1504 5393 2684 1491 3940 9429 7821 5043 1685 1517 9801 8690 360 6184 3093 8614 6917 9336 8866 308 5133 1564 5755 3241 9042 8770 2960 3442 4948 7770 9360 5540 1195 931 9887 8189 4189 6226 9594 8936 1067 1204 1138 7403 7968 9527 2698 8999 2243 8610 7376 3618 502 3605 381 8203 2487 583 4349 9011 5059 1916 5135 5905 7930 5382 2804 2576 2271 7697 638 2229 8406 9953 871 9632 717 2520 6886 992 6871 6979 5646 8121 5358 2696 5392 256 2956 7356 9204 2318 6255
8782 9669 9687 7523 9131 0 3694 5869 3710 2414 1822 6539 7705 4661 8572 5148 1902 2089 7501 7240 1127 3770 6909 547 4239 5375 5797 1869 8442 9834 402 296 4905 1484 8687 7174 8362 9413 1647 4275 4785 9685 7318 5656 4990 7151 608 2833 5515 1024 6685 5088 6870 4410 6216 802 727 5132 8789 2652 6433 5632 2761 4511 1832 528 4024 6207 1868 2653 8646 1072 4076 4401 2357 2019 6371 7967 9421 8247 4814 1924 2379 4204 2398 5785 5464 5016 2242 1059 4470 2357 6075 8906 6304 7451 4875 112 340 3867 3637 4084 4834 3624 13 9771 3821 8010 7788 2154 4371 6370 1848 1097 8346 8008 4978 5337 2050 4818 7448 5963 6524 1925 6464 4354 1260 6500 2921 7709 5903 3521 8650 8639 7350 329 2682 3837 6759 3389 3284 5424 6834 1710 2171 9392 6235 7992 4983 25 8032 8229 3228 1756 8615 3743 488 3712 6588 1616 2550 2507 6080 3375 5457 3179 5487 3138 4500 3491 4623 2117 5586 7347 528 515 9606 4204 2023 1981 7413 2599 8120 1366 2978 3785 3228 471 8557 634 1569 7771 5428 7486 2700 1236 6547 1659 9962 414
7312 5019 4260 1708 9062 3694 0 7829 2859 6139 3249 2033 8004 7889 6476 7042 1116 8554 1642 7480 166 8251 3991 4164 8336 1942 1391 6398 7389 7619 924 1438 489 37 3548 8845 1908 7173 4435 6399 1170 3895 5913 4330 6310 3729 1377 7031 6956 4579 6412 4167 5353 544 5543 2345 4806 3757 8603 9476 4699 2333 2477 1884 9113 2449 6304 6558 6395 226 4972 7729 7706 2121 6877 1595 6758 383 8244 9429 2219 6437 5517 5677 5874 7747 4564 2636 3957 9845 9067 7780 6399 7596 6351 5772 4387 5221 6259 9861 2593 2422 2507 4019 8689 601 3440 1663 774 8487 11 1176 8725 7906 6191 9800 4647 9302 6736 5766 5493 7889 2501 9686 3262 2223 8301 3296 8088 3409 605 1188 6502 6189 7845 6285 7251 3416 3921 9845 4149 9587 8934 4983 6101 4866 7633 7820 3859 9464 8261 5499 9537 4633 1306 6814 32 4398 3894 59 4502 6018 29 2266 3270 3113 2896 6627 2718 4870 4711 6851 2247 5986 3424 2215 3720 9395 5856 4069 7944 9662 2036 8242 8562 9679 8666 2022 4784 7499 7277 6151 4176 3272 2394 6377 7564 4549 2838 9334
1226 5005 3948 674 3451 5869 7829 0 4178 820 4645 3569 1083 5772 75 4420 9430 9754 5408 1126 8207 7455 218 5536 2423 3048 9513 6500 6184 1737 5061 4446 8353 4471 8402 5425 6406 1266 8814 7174 3158 5539 7556 8596 9687 3848 9661 319 8833 7692 3270 9815 4612 7 4875 9946 4035 4046 1032 7456 1979 8558 620 6005 87 7757 6045 7919 4040 9630 1479 3644 8466 8037 8310 6125 292 6163 1754 8569 8405 6590 8472 2828 3613 5021 159 1885 1471 1301 4406 2603 9244 756 3655 1399 1293 8414 7711 3844 8287 4848 5021 1043 4176 6110 821 8817 3988 2486 4960 246 2645 97 240 3753 5283 1680 6342 5062 5370 9694 2397 8330 8488 9668 6279 7126 6943 547 817 969 1498 5815 3989 3995 409 7169 8282 9839 9557 7300 5221 4195 5331 1447 7846 9197 7359 9071 7215 3240 1047 5229 6877 6548 2790 1604 799 3185 6358 7082 8802 5252 4810 9373 1710 9620 7662 9085 4955 2851 5669 2381 4276 8784 7778 9786 4877 396 7904 5541 8535 2061 5689 8285 3487 2036 1065 6590 501 3704 7845 1630 8421 717 2261 4864 6117 7361
4420 9578 3871 796 7628 3710 2859 4178 0 931 2684 6409 7224 8855 7345 684 8574 5970 976 7419 2145 5793 1348 2659 4244 394 5677 6473 9877 5273 8232 3176 6257 6308 4669 3451 4547 5563 1969 7407 3109 6722 6115 2871 8659 4165 8659 8449 7318 5959 3401 3493 9851 6106 8780 4783 6215 8927 9650 9522 291 6208 8130 9839 1283 7470 402 8699 6145 7503 1764 7396 7931 983 8315 5613 4050 7538 8733 4285 1874 1345 1858 9640 6206 3849 4094 8192 5932 3525 7256 5611 4238 321 3121 2928 6327 1250 9814 3505 957 1158 3740 2054 2420 9795 7120 8060 6952 4354 1071 8115 5780 517 8993 3439 346 5523 5472 5918 7165 9442 9978 9841 322 1022 6643 9565 7264 4577 2349 6961 2790 5770 1377 5577 4768 499 3043 5193 4709 4983 2604 6912 5672 9386 1042 5363 3664 8766 763 467 5018 9814 4479 3635 9728 4176 2441 4313 6218 397 2485 4804 9809 8640 6577 6533 5337 6787 4938 4261 7819 3119 1485 4906 9999 4996 6717 2958 935 84 5330 3881 1752 8463 4360 2845 3329 8540 1170 5396 93 4759 4806 9947 9526 1135 325 5911
880 5726 9002 312 3603 2414 6139 820 931 0 1035 2299 6749 1238 6222 7408 6628 5697 9347 4952 8057 8891 5950 9132 1623 7712 1516 5735 5343 2451 9892 4547 2726 292 9671 7546 7763 9670 9198 6039 5677 7257 7063 4375 1921 3835 8271 4879 5818 5673 8102 7645 3390 1634 2903 6557 2077 1424 5173 5729 7325 7904 4681 8504 6198 7656 3456 771 5281 6941 1537 1550 1742 1148 7110 3164 5410 4542 6865 1529 7987 6037 6324 2914 1941 6075 1093 8504 9072 2013 4913 6518 5982 9281 3468 7242 5828 9971 9047 9588 7365 740 6405 2873 7747 5151 6307 367 3747 5335 3313 7391 9796 3229 2248 25 8245 4340 2055 3151 3333 4462 4410 9169 4888 3198 176 2075 9301 6394 1797 979 3064 4918 3313 8323 4973 759 7505 5229 6291 3585 8977 2139 1887 8585 1899 6485 9751 9674 4580 8419 2913 2813 1974 112 2681 9950 420 2801 2964 2595 5719 8279 2020 3629 7573 1424 7439 5472 697 9159 9427 424 4475 6226 8594 5219 2699 1445 5603 4440 8125 1910 4553 9894 4199 1786 7242 2015 2261 7654 4179 8732 2193 5727 6043 1133 731 2751
8740 3196 5804 8113 7709 1822 3249 4645 2684 1035 0 1501 7729 9034 1961 8012 7733 8013 3086 4738 3369 2514 8012 7609 2111 6102 4883 3525 9103 2899 5456 7687 5566 1246 13 146 3050 6472 9874 9430 2284 1600 4740 3902 7995 2370 8116 1688 7535 4902 7361 3661 6767 8169 8380 5604 5234 3037 1550 5449 5832 2688 3701 3296 1882 1532 4275 9035 9213 1310 8536 2947 3595 1962 1809 443 7511 4093 9177 6748 8149 8212 7294 7286 4024 5324 4520 9912 5730 1098 5184 2495 3955 8971 8507 4099 9672 8230 8463 1993 7722 2743 3030 4050 1781 9447 7464 1054 7354 1092 5454 8783 1621 4226 3083 3876 3412 7024 6125 3672 9684 2661 9135 5921 5037 5710 278 7909 1521 2890 6222 3010 983 8849 5568 7025 6788 70 8128 3310 1990 957 4501 6364 6787 5506 4514 6934 7008 2468 6750 1230 9427 2525 7397 8819 772 1721 8169 9258 6739 771 1329 6044 2466 6084 4672 8116 7173 8093 1531 2202 701 7684 1049 8395 4446 9984 1165 8679 8192 7421 4247 1192 408 6597 9517 1216 6591 5462 87 4158 4091 2326 1809 5355 3562 6217 8756 4186
8559 5192 4013 1514 1830 6539 2033 3569 6409 2299 1501 0 2597 5683 1007 3992 9398 7262 563 9102 7949 7461 3991 5339 3834 2529 34 6559 7364 6748 4866 5252 7110 7283 5280 5847 2693 2171 4298 3321 1517 3140 116 8659 36 3788 2586 840 6093 6635 1167 7830 2066 8000 9690 8435 8225 8273 9081 6316 4650 5547 4273 2153 4012 7990 2596 5275 4653 1194 8198 6267 5171 8715 5191 6468 7290 2566 1836 6977 8674 9852 2736 7702 2920 1783 4175 9474 6002 4971 9305 9476 4186 2353 6755 6367 6174 4953 1745 2308 7776 5457 7112 2035 3800 5071 7045 6093 5532 2394 4897 6404 7348 7250 5265 637 2931 2644 1848 2292 6803 9159 9955 8341 8224 6370 8206 824 675 4016 7491 1060 2666 7553 7926 5734 4854 7354 8863 4206 7679 6258 9536 9686 148 7994 7328 353 7098 627 2736 2206 6934 6548 1182 6204 3840 1382 4042 1755 4600 8912 5652 8004 3325 1798 1765 5175 614 6249 3862 5366 998 1167 7932 3285 1666 7425 3042 4862 7611 3510 3995 2158 9683 2381 3333 745 8443 1542 7941 3017 7696 4105 9517 4258 9706 8227 4622 6891
9605 9812 5077 9920 7141 7705 8004 1083 7224 6749 7729 2597 0 6294 1128 5678 6636 7719 8355 2868 4076 4383 4335 8784 7879 4151 2196 2413 835 5301 8171 4109 9690 3965 9289 8680 5848 1525 196 1052 9831 5103 377 3018 8975 7831 5431 2323 3262 2451 2403 8576 892 1375 4900 7649 8903 978 9825 8065 2329 2652 6035 5289 8029 9212 1982 4025 308 2236 4562 326 5695 6882 1610 4392 6577 2970 1576 4431 8342 9573 8302 1267 4361 4406 1543 7252 2449 1533 7565 8038 2838 2823 9287 7644 9812 8344 5172 8606 5665 3450 1507 8435 6861 3204 8240 1885 804 4933 7226 8249 2524 6484 1441 4345 7768 8482 4339 8798 3670 388 6283 7227 5508 3866 9010 1390 4729 382 6340 2693 9085 1713 7648 3373 4111 1993 9978 8859 1148 6251 9153 2410 877 592 4641 3818 9017 370 9113 2276 2051 7542 2376 9723 6848 411 4229 5246 9726 7062 8133 8325 4126 666 2860 2021 6577 4728 197 5739 9018 5510 555 5564 4740 9445 1179 4326 6023 4492 9453 8818 6456 4107 8255 3187 4285 1691 2479 7058 4268 9755 3660 5957 4390 8843 6887 6110
8936 794 3464 7621 9135 4661 7889 5772 8855 1238 9034 5683 6294 0 254 4545 1246 7662 502 3997 4944 3836 6161 9566 9523 7881 3217 3032 1571 7022 8591 6971 1291 4729 7509 8208 5955 7201 7712 1208 3310 3566 5986 6237 6135 9217 6928 3766 669 2659 2587 2216 2628 4546 5981 5785 9413 1777 7593 2071 4165 2676 2753 6317 4688 1165 7191 9967 7391 4069 9009 5104 9867 1405 3282 5610 6363 2161 2501 6375 9165 2135 7870 5214 1732 2600 4080 616 5457 4549 8111 4119 4053 9373 8225 5767 1659 9369 2303 4186 1349 8046 725 5909 927 3627 4651 6068 7968 1828 1895 5360 5557 6901 2854 3742 8233 8842 6698 1789 7583 7076 3120 6951 6769 2651 6253 4633 3458 1813 7967 8930 3006 4455 7956 5401 4362 446 58 1504 9506 8848 435 7866 2331 1315 6772 6305 3327 9230 2958 5983 6584 8694 1204 2070 5785 6357 8056 3099 5936 2154 7682 1458 4548 8418 5560 8920 8334 1771 396 8652 3873 1904 7960 7927 7054 9630 2132 1303 8433 8550 5738 8881 6679 5550 3201 7312 9511 5058 6520 6617 7854 9130 6897 6407 3430 7783 3841 376
1505 5081 7650 7937 9806 8572 6476 75 7345 6222 1961 1007 1128 254 0 2168 2945 2677 5930 1255 2431 4693 671 5695 8921 4428 4217 767 1818 1623 889 4736 5291 4136 4350 1070 5091 9690 2231 4702 9787 2960 4100 3085 2067 2275 2530 6873 2371 9187 7362 2908 3543 8788 4308 1457 6789 876 4637 9714 3788 4105 3838 3704 4671 2050 9898 4592 4351 1780 1586 9642 9819 8010 8482 5639 8722 1371 2305 7561 10 9300 5686 6737 5559 9927 450 9627 3059 4576 9436 288 6540 6062 6368 787 5598 38 8788 7573 5527 9987 3840 5197 4188 5990 470 3206 8945 779 1538 6025 2900 3843 9154 8463 269 9570 3279 9412 5276 1077 4592 288 7546 5884 6659 6593 2744 1438 5761 8987 7328 7597 3267 9027 672 9331 263 5990 5652 1591 6993 192 6131 4062 1065 9093 8987 4148 8999 3443 1927 2315 9964 2449 9566 7595 9254 3728 7513 1775 6462 3381 1523 9521 5691 1240 8368 9762 73 7838 2854 2438 3471 1985 608 8353 4894 3881 3054 1815 8072 9996 6806 9588 3888 6735 8597 6342 6215 8162 105 4962 710 4393 1334 9304 639 1875
5013 1941 9336 4779 6402 5148 7042 4420 684 7408 8012 3992 5678 4545 2168 0 6434 4316 7728 129 5532 6565 728 6685 8635 8470 7164 1246 7583 7082 4436 7257 1652 8843 8275 3422 5637 8213 7839 1316 6441 290 5312 5361 7210 9773 4567 6895 9685 3287 6792 9182 4299 6860 7750 6479 3640 8079 9607 3994 6073 7524 6851 4470 3392 9711 9176 5089 6278 3138 8990 7950 2735 3583 3472 1055 2918 7586 2505 9417 8919 4296 5455 9933 4055 316 3800 2853 7682 3325 581 1280 1824 7507 7569 2562 896 3723 2075 5157 5143 1767 1329 6827 948 1855 434 1735 9599 9088 8095 6681 1724 5846 1541 8442 8929 7410 6958 4449 3754 9342 4956 9685 5591 4180 5663 6463 5961 4306 7738 8900 4583 2013 1369 1796 9410 3924 4856 6728 4101 4726 9817 4874 2604 5433 5525 9268 2255 1823 610 7059 2161 6862 5974 5124 8809 9436 509 8126 5457 3515 5554 9257 3629 5791 4575 4486 7791 7508 6947 4804 3390 1821 8687 1743 8727 1969 503 9535 7884 3005 1044 8892 9778 1277 8500 7306 3573 5592 5315 1025 4193 9154 7580 4702 4959 9920 7655 5447
1004 7724 8510 6037 4 1902 1116 9430 8574 6628 7733 9398 6636 1246 2945 6434 0 9462 3394 6597 2802 5209 2777 3105 4507 6402 9421 2961 8775 1191 4364 5792 1293 2697 2170 6394 8958 4643 6008 4246 8448 2358 7852 4142 5957 8520 85 2041 7272 3460 5815 3578 9900 4705 6608 316 209 2146 695 1670 7478 7994 5390 2826 4077 430 1614 9479 973 2617 511 43 6620 970 8965 4473 5267 6372 9168 7999 125 6530 7882 5816 9703 1363 6528 8803 8377 8955 998 3552 4796 8580 1296 3876 9017 5308 2674 1137 6013 5392 4779 7791 9680 7239 280 7621 6177 7671 608 4676 4374 5838 4693 1075 6613 5907 374 4261 3629 9339 3356 5579 6291 8180 4013 2067 4217 9535 7233 2546 1716 3578 3709 3406 6972 7299 5868 8346 7694 6755 51 6703 7797 7012 7770 6467 5553 6506 2996 8288 6758 8162 4346 135 1381 6751 9005 4374 8323 386 2127 735 4751 5930 9647 5709 5600 9238 3077 4872 2640 1881 6338 7178 2439 1573 7505 835 4345 177 3043 7566 6648 6505 1374 4995 5217 988 9512 4788 3611 4327 7308 2153 7465 8327 6236 8444
2680 7596 3816 502 4476 2089 8554 9754 5970 5697 8013 7262 7719 7662 2677 4316 9462 0 4670 1719 4757 7166 654 5902 873 9996 6678 7001 3355 7998 8395 7370 3794 1881 6820 5757 6853 533 668 7382 422 5685 3137 6795 750 8785 7824 4593 2996 1268 7130 3060 6701 52 8260 4767 976 571 3212 1374 7360 6584 7780 9861 2849 2322 3688 8690 3845 6027 4594 2880 1441 3765 1229 1539 7046 8972 6891 4977 3216 2952 6815 1380 4072 6979 89 5799 1072 4013 9096 244 423 1114 2774 8557 8146 2428 3334 5085 3829 7261 4856 5179 8918 8513 2442 6556 8843 5119 398 3905 3621 7008 4943 3455 3443 5324 1948 7676 7004 2353 7890 1037 9683 6061 5868 8281 5240 9526 8078 8888 3290 1073 3640 8364 2938 6408 6602 6170 6065 6487 6827 9475 9239 5384 601 750 9896 9675 2175 1967 9529 3692 9368 4143 5331 1094 8691 8262 7347 2127 6432 9071 6781 639 417 7961 9743 9915 2675 4000 2568 4770 7750 7398 1839 7736 1587 783 5749 6519 7470 3557 4794 6345 6186 8095 9863 5177 9096 2561 4854 2805 7324 581 7546 9958 7658 9748
8179 3874 7275 6928 5728 7501 1642 5408 976 9347 3086 563 8355 502 5930 7728 3394 4670 0 5953 6846 803 9647 9598 1540 3961 6755 867 3916 4504 3311 2545 5089 4270 8457 8178 476 4428 9091 7661 9119 1305 6762 7644 7077 701 1978 4207 3459 9580 400 2953 6369 1274 7376 9182 457 9639 602 7888 4096 2697 2619 1604 7084 2102 9170 1246 3553 2702 2592 5449 3493 9085 2911 8451 4183 7068 4703 594 1184 9478 5511 4357 7289 7506 8146 4573 7759 5798 2579 5396 6100 1357 9711 1296 9310 7943 2174 3345 9802 734 7047 8417 6777 1468 4132 510 6876 1008 517 2281 6587 3517 4186 6193 4263 4419 2215 7558 3176 499 351 9198 1336 4384 8784 2491 8269 4238 6199 3755 8054 9271 7124 8022 6336 5075 764 5708 2286 2938 8289 4553 7984 2561 6201 1694 1195 8310 6884 7936 7318 2590 9738 9572 1228 2224 967 4026 6265 1826 2595 2464 8268 5450 735 9523 1244 2626 7971 6159 140 7723 5866 4154 1376 6059 699 8076 4616 7944 437 668 7752 4932 7832 9107 689 7817 3493 1572 1791 5076 334 5574 5029 8853 1611 4486
4795 732 7007 8533 7093 7240 7480 1126 7419 4952 4738 9102 2868 3997 1255 129 6597 1719 5953 0 1173 4592 2839 6658 5508 6631 4479 7381 6545 5520 8929 5051 2718 5050 2281 7874 3025 9493 4900 3935 1289 6405 4709 2146 8397 6534 4157 4758 9360 1510 8052 7514 1654 5501 5999 366 4670 4080 5561 4871 7807 5512 2023 2042 2593 3187 1813 8347 9191 6318 9318 6361 1399 7244 2987 749 2774 896 8717 7436 9421 7836 2402 3850 387 6654 9044 5006 9576 5043 193 5943 2929 7679 7300 8353 6266 3607 7787 8651 6682 6210 2724 5069 6423 2652 1268 7011 6467 3913 1861 6126 2948 6610 6636 7726 3399 9195 5446 4135 7265 8267 7735 1060 6603 7699 4488 9202 4907 9929 138 2143 2577 7288 3471 1340 8803 4758 551 8871 9372 8074 4306 2427 4581 9170 3315 8001 2151 1273 9562 1453 1402 6884 1635 8250 8594 6331 6709 6036 4460 9693 7414 2226 643 6063 1439 3092 1033 1931 8650 4567 6487 4108 204 8003 1201 8731 5004 1707 8257 6484 1 1970 5350 8605 8063 9469 6491 822 6951 6032 1061 3452 5737 2030 7519 1628 8524 1185
7510 5823 2705 2840 9757 1127 166 8207 2145 8057 3369 7949 4076 4944 2431 5532 2802 4757 6846 1173 0 2771 2291 7227 4474 3243 9200 4246 1121 2883 8141 2250 2766 1921 5675 6456 8808 7011 5803 9307 8333 2162 8484 2515 8116 9580 351 7301 5369 8538 9575 281 640 552 8872 4674 5476 1603 5792 3908 3711 2769 5488 9749 5694 4290 647 6438 2406 2511 2799 3775 5110 6520 1364 9719 6496 9594 5376 8317 1679 3185 5964 1142 9306 1249 9626 7744 5353 2074 6898 346 459 9657 4796 718 4683 2025 175 2098 8239 815 4077 2773 7893 4423 5642 4083 1755 9374 7928 8047 6079 7519 3260 172 707 4855 8849 8027 3545 7252 2065 9524 6567 5911 8917 8247 3802 4287 6970 7672 963 961 4672 4663 1429 2130 2097 3895 8600 3499 9969 3588 3051 3054 8929 6934 8070 828 3507 9926 3290 8717 4915 9707 6667 9705 5380 6090 8979 604 8836 4902 813 798 1238 7407 64 7348 5810 4627 4176 4463 1242 1598 1523 4897 8329 8054 7803 5135 2966 4373 4545 6539 5695 1647 9581 5336 5563 7321 5571 543 6368 9156 1262 3990 6598 7923
1092 2797 8356 1030 7935 3770 8251 7455 5793 8891 2514 7461 4383 3836 4693 6565 5209 7166 803 4592 2771 0 1540 1831 9158 34 3735 2521 3554 8245 7985 9124 3617 9590 3465 1097 4425 4288 1490 5829 3780 6242 7214 497 9935 5307 2313 7309 1312 4296 3931 5303 6000 6687 4284 9261 7531 1891 6013 9122 9748 8608 1895 5518 8875 4264 4443 5964 1244 8323 7765 1662 5169 6016 5605 6899 9404 198 9360 5064 4386 9454 9658 7860 3181 8491 2799 1034 7180 2588 5533 3938 3386 6842 7441 3180 8416 4205 6023 3112 1661 3992 1550 2969 4775 3315 3477 247 3074 5771 3886 8222 6955 5654 5748 2621 3959 5155 2517 3702 2430 9949 4427 38 5079 6360 8660 17 4959 8651 3392 1626 2917 6084 3809 31 242 749 5618 864 22 2054 8041 5291 4253 5578 8278 7648 3518 7777 9350 1497 6112 2631 3676 6136 1456 2457 8945 9629 810 3220 4026 7613 7882 4461 2143 5398 2479 5212 4572 451 907 4163 8414 7449 6999 1292 558 257 8972 9420 5388 827 454 2687 1589 7028 5909 4429 592 9794 4711 9126 9693 4090 3410 1459 2721 1309
6173 7889 9705 7629 9124 6909 3991 218 1348 5950 8012 3991 4335 6161 671 728 2777 654 9647 2839 2291 1540 0 7190 6816 2278 1218 9014 7894 4004 6306 9144 9967 4093 2261 2236 8102 5801 4131 1218 4138 7240 8353 6241 351 6311 37 9461 5037 6779 5454 5223 7345 2982 582 1144 8132 6732 3630 2991 1537 1647 3322 4729 5809 3489 5993 4696 4092 2525 850 7206 7069 9690 3193 4769 698 141 3042 3748 5286 6137 6798 8214 81 3967 3863 8970 5324 7038 244 4462 357 770 8527 9417 995 8540 7108 2003 4056 8515 2604 4339 3768 4638 7303 7813 6534 1352 7440 2270 4324 530 7610 2482 3883 3741 796 5203 4293 2228 9072 149 5913 7022 5075 9215 7160 9977 6769 6149 4804 5553 3902 3960 6740 1921 3426 2170 621 7108 5380 8020 9246 5844 7110 5684 6191 6416 1910 3427 1074 8875 1019 83 3140 4885 6341 9152 8964 9305 7866 578 6622 5646 412 1798 4095 9701 8880 826 4741 7425 5561 8828 5012 927 2426 1070 7314 1129 5758 5615 4542 1597 4590 375 8333 2247 3140 9718 6263 573 4485 9368 5609 6417 1098 3747
96 4941 3072 8949 7485 547 4164 5536 2659 9132 7609 5339 8784 9566 5695 6685 3105 5902 9598 6658 7227 1831 7190 0 870 3766 1807 9762 3165 8412 7227 1793 8986 6397 4725 9822 1133 2763 3359 6906 4844 8499 958 7741 8733 7986 5679 6606 260 2413 4387 1540 1912 1287 4704 4068 4457 2256 2242 7600 1156 9171 6596 4816 3956 830 8070 483 4901 9053 5666 1663 2115 4810 1137 438 2355 1302 2334 467 8663 888 6466 2014 2981 9852 789 9803 83 8023 4406 343 2316 5046 5713 1322 8491 1172 8980 9354 125 3933 1823 2290 4768 5451 8763 5601 8074 7643 5741 6266 4078 5399 4390 3255 165 1343 5668 9049 3787 9954 1131 8519 3387 5387 5578 2085 502 2453 9220 5470 4456 1591 8658 2715 3869 4427 6137 1253 7359 6813 4615 2784 4650 3291 4042 6977 6589 469 7012 7574 2380 3565 5463 82 8470 6115 6498 4576 5266 1404 9231 5587 5331 7585 5342 2545 391 410 4651 49 2037 2520 5580 4358 4447 1010 2180 2648 4698 9351 1085 9675 1166 3056 5293 3323 2016 1401 405 1380 2276 9183 9595 4763 4836 7552 6132 8509
5776 3901 6508 8071 3949 4239 8336 2423 4244 1623 2111 3834 7879 9523 8921 8635 4507 873 1540 5508 4474 9158 6816 870 0 4385 9046 3083 46 9345 1834 5155 3747 8891 560 9950 9551 7684 3973 7546 4562 8077 4861 7960 3733 971 2490 9898 115 253 4116 1747 8019 7443 4247 8791 2733 7836 7951 2900 5148 3680 8540 2268 1045 2141 30 5576 5100 3464 6037 3569 2609 3630 8376 6002 8600 5816 1223 6959 1725 1101 2500 8011 4073 7240 6687 3957 8757 4645 8395 4191 5922 8642 6110 3480 4925 7032 3611 8783 1010 1853 5930 401 583 296 1364 1043 1709 7676 6967 1177 1645 9029 158 5399 1066 8980 1248 3168 1462 1787 4481 6468 822 9072 9056 922 103 5740 3545 7895 5556 6974 9635 2485 5554 3482 7386 9480 6204 4849 3855 8465 8117 8117 8423 2248 8464 8571 3560 805 2126 4402 7099 8966 2557 2919 7966 9120 2571 6914 2963 9476 8790 9893 7454 6883 142 8186 4946 9623 746 6882 4096 4765 1001 7978 1460 8720 9068 1818 5616 2395 708 151 8516 6267 1638 8319 4273 8853 7918 2396 1370 8822 9550 4184 827 9495
9267 6838 1886 9773 21 5375 1942 3048 394 7712 6102 2529 4151 7881 4428 8470 6402 9996 3961 6631 3243 34 2278 3766 4385 0 2045 4289 2496 2134 9836 2252 4344 4401 5349 578 8160 1912 3228 9307 712 9302 4504 2851 216 7494 6470 1465 1456 7703 5352 5394 8800 9344 9204 6538 6196 8533 8375 9291 3500 7853 2768 6145 1731 871 8243 6395 9016 7307 6304 6978 2119 7812 6503 4521 6123 7381 5422 6860 1164 3632 2152 1015 5574 20 6366 5676 5916 9456 9202 6979 528 2695 1418 9820 9716 4562 1858 8877 5066 8643 9331 1099 569 7485 9645 8396 7174 2638 4758 3410 5970 650 5597 7886 4832 1386 4925 7898 570 8308 9892 1146 1583 2753 7610 8945 1053 2150 2134 7867 6343 5832 8570 5824 8623 1705 74 6639 6706 7410 4521 6385 5102 5773 9332 782 2359 742 7554 7454 5989 6015 7187 6427 7708 9382 3548 8453 8439 3437 4832 9212 566 8484 450 529 9516 8297 7916 5379 9005 5180 9497 9004 4115 7222 9234 5531 6270 290 5938 7190 8298 4631 5846 5987 9242 8058 3579 7579 6684 8992 3816 3635 1284 990 8281 5646
7502 4180 3697 3012 9079 5797 1391 9513 5677 1516 4883 34 2196 3217 4217 7164 9421 6678 6755 4479 9200 3735 1218 1807 9046 2045 0 2291 212 4696 5513 5315 5309 4281 2010 6678 4178 8186 6723 5071 4721 9557 5824 5803 5332 3596 3881 2627 7497 2954 8772 2020 4768 1804 4653 4649 9900 1546 8433 2218 6139 1188 6450 5560 2155 9842 8972 8596 9833 3946 8968 2755 4299 7395 606 7192 9565 6470 408 3463 1276 9431 6770 3591 2339 9806 7206 9721 4203 8460 892 8714 878 7563 7149 3592 9524 1038 8044 6412 5165 2771 3621 2413 4091 9072 1952 5308 6032 5424 2413 6076 5586 7958 4758 3412 5942 1091 9006 7530 7041 5154 8412 3482 7880 2995 1213 7160 2536 3164 8388 7044 1680 5989 9217 4910 9606 9275 7816 7102 4048 3622 14 9645 6246 5476 6452 381 6694 1041 7934 8470 9496 9712 4602 4415 7592 7783 1828 9092 3233 7218 2102 1923 490 2818 9535 3352 372 750 3396 6362 68 5554 9652 8364 622 7392 3407 388 6276 8899 1415 8700 5082 2032 3954 3246 910 8717 6541 6177 6128 6032 6078 4442 5989 8801 8811 126
555 5670 4190 8301 3818 1869 6398 6500 6473 5735 3525 6559 2413 3032 767 1246 2961 7001 867 7381 4246 2521 9014 9762 3083 4289 2291 0 2991 2321 9686 6943 1810 845 8943 5894 7002 7929 6017 7528 5639 4457 6584 9886 9965 7889 4689 7217 9258 1501 9206 8778 5035 5986 1976 3601 997 4340 8150 6526 272 2832 2864 4772 528 6773 9467 6777 3376 9333 5742 574 583 9807 2171 5430 5496 6930 2858 3661 6449 7874 5679 6156 9722 1185 8946 8407 6147 5415 4621 7505 8610 844 5691 3643 9107 4512 2089 5770 1631 811 6319 7581 723 153 7111 2061 3226 9944 1042 8646 5190 1789 3425 4863 868 6224 628 6710 3054 2774 3873 3878 2827 5852 3933 6063 9147 718 6127 2923 8445 9558 1513 3126 1947 9997 4143 5500 7027 4958 4907 9388 3342 1601 5247 3338 7384 6694 9867 9523 1948 9649 850 4815 7927 5478 1118 5759 1501 3617 1740 4222 7978 179 6260 2638 3997 7742 4075 497 8901 9329 2003 4882 698 7580 6793 9406 5109 285 5207 5954 5801 2792 7985 8518 890 2884 8509 8973 9505 7451 2178 341 9805 4561 2573 5318
9159 9895 2895 9737 8258 8442 7389 6184 9877 5343 9103 7364 835 1571 1818 7583 8775 3355 3916 6545 1121 3554 7894 3165 46 2496 212 2991 0 2616 7760 2562 6750 2793 7977 438 3165 6413 9320 3015 7868 8596 7381 2734 1500 5816 7170 8007 9261 6092 7297 1866 2606 9952 7287 9369 1662 385 1596 3471 4453 9193 4929 5453 7924 4624 7681 4929 9897 1354 4972 5324 7331 3940 7458 418 4708 8979 1599 9274 7956 3686 1007 3638 1850 4043 6657 3999 5754 4172 4418 3260 1762 9257 1929 8999 577 2793 1745 799 279 5056 7723 573 4302 3453 4968 5674 1625 2739 3021 1442 6981 5255 2859 7373 9205 7314 3400 4856 5134 8713 4371 4446 4620 3937 1945 5491 9063 3847 8651 1038 7237 8309 6876 6796 5677 4662 3836 8477 4752 9644 1882 7696 7669 8300 4073 430 4556 7503 140 1090 3989 7448 5064 5033 7424 9830 3787 8473 8930 675 9479 2133 4017 8055 1419 8001 7298 2306 3446 805 7983 1429 3590 5236 3009 1391 6495 8174 4689 3362 8922 4531 1443 1833 6547 2050 2844 3647 2684 8763 3543 6366 1287 290 3544 9387 6302 5159
4523 8918 5656 4624 2613 9834 7619 1737 5273 2451 2899 6748 5301 7022 1623 7082 1191 7998 4504 5520 2883 8245 4004 8412 9345 2134 4696 2321 2616 0 8432 2878 331 9870 4309 5554 9811 7347 3085 2035 9970 8229 9403 1307 7796 9820 4732 6524 4423 2339 3339 4841 5336 4773 6389 1854 8906 9609 7627 5752 58 2291 4158 2668 1109 6563 6599 2379 6923 4264 2609 2569 9967 8221 9407 71 7644 3178 2426 2643 253 5935 7243 7666 3369 4031 8841 1196 8837 2118 5514 8191 7625 1025 133 4123 1828 1951 9206 2732 1848 7443 191 8989 7115 6481 2364 5654 9178 8819 8883 729 8415 9812 4259 7240 2673 8349 4706 1306 1592 3057 7694 7500 3846 2294 612 6181 7839 4046 2479 919 3699 8099 4838 7457 3795 5801 7934 9087 7250 1225 4194 1447 3150 6605 8523 4405 4222 3147 4976 526 6085 1231 3385 420 6413 7385 4753 8060 2326 145 8080 1529 127 8244 5223 4167 5466 8059 7871 2696 5764 2344 5334 9500 1272 1571 2318 8677 9356 2237 198 9392 5932 2074 2401 7458 7018 3408 1524 7280 4935 6593 895 8390 4877 4253 9379 7329
1154 6802 1802 2868 8373 402 924 5061 8232 9892 5456 4866 8171 8591 889 4436 4364 8395 3311 8929 8141 7985 6306 7227 1834 9836 5513 9686 7760 8432 0 2830 1263 783 1157 2456 8791 8572 2897 4348 3779 4110 8642 3173 6142 3056 6995 6890 9006 7877 7661 2630 4620 2552 462 2515 6187 7720 2119 6038 15 1163 7482 6670 9764 1871 997 5720 9770 260 1644 8403 9100 9547 8280 8806 2997 9601 6169 1009 7655 8594 6769 9057 8546 6862 2958 3575 2578 9805 9991 8668 6004 9341 483 1837 9047 9161 5950 286 1469 916 7138 5659 7301 2943 4601 7896 2387 30 9377 7198 1601 7288 6793 9405 2422 5771 5674 5853 7770 3172 6445 3927 7837 5359 2656 268 7060 7732 2422 5324 4782 6379 2628 3345 4436 6848 9287 5252 6574 6498 6754 3051 9668 8073 3941 9403 5954 2828 8090 2141 9859 6701 9214 326 9473 6850 4753 9525 6666 4705 505 9798 3124 5073 7016 1958 6608 4649 2770 9640 5393 5689 1168 8710 760 2993 3133 1666 2223 1703 9186 6183 5004 7455 1322 5635 2393 5773 2854 5076 5024 5768 8177 5944 468 8904 1313 237
2257 4578 1277 3345 7893 296 1438 4446 3176 4547 7687 5252 4109 6971 4736 7257 5792 7370 2545 5051 2250 9124 9144 1793 5155 2252 5315 6943 2562 2878 2830 0 7857 8870 1494 6472 9333 5996 7124 4573 2355 5077 6245 6004 1156 9181 5674 6415 9655 943 6533 2317 8643 8443 5821 8976 243 9533 4278 1356 67 6793 1615 908 8914 6602 9658 735 7545 3951 2728 3772 5302 7228 5189 449 4349 9300 2543 5568 3259 4923 633 8330 1533 8939 786 7783 840 2510 856 6777 6328 247 1430 9928 3122 6304 2843 9479 6824 2320 9335 7859 31 9562 6819 22 9138 7231 7761 1603 2714 906 405 229 4505 2830 5023 980 702 1882 6624 6835 444 2107 9100 6837 7086 4064 7282 1262 5233 5154 1023 5154 3577 4211 8055 9422 9841 4458 550 8980 3981 2977 1333 3675 9327 404 8830 8714 2155 5977 8563 8777 9927 5274 5985 9827 7444 7501 7416 9123 9740 4767 5310 3504 15 3565 626 5501 3821 6843 4074 4902 7876 4210 228 3148 3033 4181 7908 7281 1405 7333 1020 7272 4789 5379 2400 4576 302 6216 4374 2719 8396 5517 8795 3254
3398 4586 5472 1284 9504 4905 489 8353 6257 2726 5566 7110 9690 1291 5291 1652 1293 3794 5089 2718 2766 3617 9967 8986 3747 4344 5309 1810 6750 331 1263 7857 0 4319 9878 4270 9372 6848 3528 602 2542 1340 9348 7816 5111 8308 2795 4760 9824 67 2344 5780 2540 9961 1216 9683 3324 1271 5636 9902 6295 1654 7879 6147 9661 2817 655 1459 9109 6847 8395 3396 2824 1900 3720 9598 6316 9123 9199 6546 8770 2307 4810 54 8203 7873 5907 4498 2622 1817 4707 6733 1757 7249 6535 8514 2937 9318 6661 3702 6527 9880 9329 7317 7920 5299 9194 661 2511 2102 4040 9092 3519 5980 7995 3916 4355 8650 1193 2690 5217 3073 5558 2974 4678 968 9762 4887 9735 5903 5173 9593 9527 2182 6177 8197 5913 7864 6621 9154 5627 8358 1682 8525 5288 8179 7901 1511 3095 477 7180 8478 3023 6406 2151 3217 4477 6232 3459 3912 555 5948 6317 4942 7823 4744 4610 1231 8067 3114 5326 9897 1211 3690 2424 7635 7950 1023 4850 1455 6429 946 3963 7967 4404 2193 9895 1807 5257 3378 9205 6782 5853 2238 4282 618 7757 2460 7465 3090
6991 9320 2119 3366 2437 1484 37 4471 6308 292 1246 7283 3965 4729 4136 8843 2697 1881 4270 5050 1921 9590 4093 6397 8891 4401 4281 845 2793 9870 783 8870 4319 0 6019 8515 3997 4081 190 6127 8127 4592 1050 2628 2916 2721 9041 7616 8483 8812 4255 1897 3709 4990 6714 4775 1811 939 955 2165 7831 9851 5880 3161 5942 1081 1181 6205 1754 5803 4637 8506 1332 5090 7726 2498 4217 3118 7813 8148 6611 4389 9114 3260 6274 8023 4736 2276 9920 8867 9011 8293 4521 2161 3011 3640 4378 2402 1553 6331 7698 6621 6180 2797 91 668 1819 7926 1131 6760 9249 1722 2895 3565 7452 3429 2912 2124 4433 5265 46 3594 2407 6613 2522 5472 3888 4064 7793 9981 4154 3646 7514 8733 2466 9879 8446 2424 7845 6303 9512 7446 6731 7677 9312 6421 9149 8556 9321 8314 128 6605 8755 6865 709 407 9698 2800 4406 424 3682 9591 7536 4940 1621 6102 8210 8344 1329 3921 1411 1891 7871 5787 7427 6676 3759 8917 9386 6562 1422 5529 9175 492 2275 3482 505 7538 6700 2927 3839 4617 534 9721 5926 1192 6824 5499 5550 457
7689 3139 5983 1940 1641 8687 3548 8402 4669 9671 13 5280 9289 7509 4350 8275 2170 6820 8457 2281 5675 3465 2261 4725 560 5349 2010 8943 7977 4309 1157 1494 9878 6019 0 7484 5403 5700 1408 4859 3812 8321 4978 1702 7466 206 1396 850 7856 2870 2518 788 551 3495 5404 2383 3141 2658 4260 5276 721 7796 4589 4744 5012 8644 7482 1700 1142 6092 4371 6127 4610 8480 1995 1536 6003 2609 2173 8824 951 7765 3693 6328 6556 649 7997 1419 5400 3068 8232 4669 5886 6049 1326 9078 3270 1830 1125 9674 7502 7438 4648 273 2957 6260 6263 8278 5205 9476 787 2360 6592 857 6714 4482 7747 1852 33 2543 4159 1146 9096 3162 1012 6741 7852 1396 3736 9193 7281 4413 7151 7808 4565 3968 2830 7736 1556 3813 5392 4839 5318 7819 2294 5098 7588 9810 518 6196 8853 4861 4239 2987 3967 7183 8909 4271 8238 631 8518 5812 8538 7422 7740 1577 5434 8244 3897 3365 9387 6774 4138 6930 336 2843 7175 9196 2104 3419 4136 9315 1324 5302 8722 1856 3414 884 2691 7201 4559 6157 5783 9465 446 9723 3690 8880 434 354
7790 8673 5028 8513 8291 7174 8845 5425 3451 7546 146 5847 8680 8208 1070 3422 6394 5757 8178 7874 6456 1097 2236 9822 9950 578 6678 5894 438 5554 2456 6472 4270 8515 7484 0 2471 6168 3204 6155 5978 613 1830 7614 5630 6362 6513 2476 8927 7783 8178 4491 2958 3390 8977 5443 4675 2223 9557 3591 9133 2122 4706 3569 7211 2529 1601 7361 3944 3824 6495 8730 2070 2225 4173 7779 9460 2089 5638 4836 2837 852 4827 3663 4526 7611 7947 9197 8254 6991 3536 5752 2862 2360 3354 4770 2763 2310 8724 3952 221 6938 7292 3364 875 6167 3889 9852 5697 7313 6011 7624 8004 8660 7494 9487 7416 2901 8941 8656 4215 1928 7396 1319 9911 1841 5585 3407 8664 8626 5465 1666 1643 6872 6224 8893 2649 5479 1925 6468 9343 1414 5953 7965 3667 83 3765 9487 71 4646 1665 1923 7319 72 2214 3810 843 5175 5437 7214 3012 3912 8932 1083 5209 5876 3111 7227 3400 3309 2304 5562 2947 1123 7420 4393 6205 3670 7605 1819 8000 514 3940 3298 227 2396 2069 7060 5616 5575 6676 1421 1931 7357 1470 8671 6583 8493 7757 2942
1494 5293 2441 7108 3474 8362 1908 6406 4547 7763 3050 2693 5848 5955 5091 5637 8958 6853 476 3025 8808 4425 8102 1133 9551 8160 4178 7002 3165 9811 8791 9333 9372 3997 5403 2471 0 5319 6061 3430 7332 6847 2539 4942 5708 2540 9970 736 2737 9934 9597 7009 9409 9316 8344 5735 6117 536 9277 8634 1972 2887 9485 6982 212 4068 5795 381 7125 9015 2449 1649 3147 5542 9554 7920 9284 4557 1484 4194 9491 5578 9132 3355 3948 7010 4984 8935 2973 8792 425 3721 5860 6034 5828 4930 100 9412 6662 6800 3139 9689 5248 3373 5340 5392 9839 233 6184 1340 666 8229 7084 8739 1938 5359 9258 4776 2971 6617 8548 9877 3493 2981 3458 2404 1965 3805 8418 1644 1009 7052 9672 7407 744 2873 6826 1247 2324 6498 2954 2397 303 9126 9940 1601 2075 9903 929 1595 7467 5959 6116 6376 6207 8598 4904 8672 1983 3627 3993 7296 3784 6228 4731 1706 7351 7119 2731 2254 1196 5963 5814 1476 9682 8281 4232 6142 9525 1614 7820 2058 8161 3562 8966 4499 8303 4606 7302 5733 4309 3926 6885 187 49 6971 8336 1680 2767 7888
1226 9791 7325 2711 1981 9413 7173 1266 5563 9670 6472 2171 1525 7201 9690 8213 4643 533 4428 9493 7011 4288 5801 2763 7684 1912 8186 7929 6413 7347 8572 5996 6848 4081 5700 6168 5319 0 3626 3908 9439 9302 7773 3877 1968 2494 951 6663 9164 4097 8088 3232 7825 3458 6674 4877 6361 4182 7402 1443 1092 7154 4047 8782 1576 8907 2138 6534 3512 7297 75 5403 6482 8858 1824 7453 9909 5017 1848 5321 306 8565 8373 6716 600 4670 3643 733 6647 9821 4899 5184 3656 4332 1815 1563 2026 9947 8762 7477 6983 2450 9692 9228 8154 6012 7673 5189 4582 9074 5350 9316 8757 358 7932 9344 8334 6854 1268 9023 2711 935 6109 5002 1523 6364 2760 6745 5958 681 9065 4915 5626 4954 1658 5040 1294 2502 4009 1205 9662 7617 3634 987 7316 2562 9116 1819 7994 29 7024 7297 3503 4863 2706 9868 7132 1845 131 9509 4497 9556 8077 4558 692 8925 190 8433 9540 7191 9253 8278 2428 6497 9217 9017 7411 1763 5228 4972 2672 5693 3383 6057 5409 3770 1471 590 8962 3239 9821 7318 4980 5681 8844 2651 9934 1064 3759 4443
5122 541 4874 7754 1308 1647 4435 8814 1969 9198 9874 4298 196 7712 2231 7839 6008 668 9091 4900 5803 1490 4131 3359 3973 3228 6723 6017 9320 3085 2897 7124 3528 190 1408 3204 6061 3626 0 7302 7974 5917 3409 1674 786 246 2200 1085 4096 7382 6363 1102 4834 2799 8178 1602 3834 7201 9923 6324 4879 1497 2854 8501 3153 1745 627 866 734 7268 7995 3277 3652 2887 6830 4366 9250 8143 4770 3520 5857 4864 7782 7599 9725 4374 7592 9718 6204 3318 3483 2246 9053 9615 2023 3567 1296 7620 4462 5470 2216 792 3158 7033 4990 3100 4075 7389 484 5507 9509 3721 7269 2015 2728 4016 1566 3665 863 993 4519 3232 3745 6113 7242 5255 8579 382 6630 3258 4368 625 95 6 2265 4494 565 878 9920 2888 5441 7666 9582 2508 5297 6877 1109 9906 10 4763 7614 7073 858 9016 9809 5544 5484 9800 1180 2788 3565 7775 1725 2015 3116 2697 3030 2728 1952 6889 7882 3107 7369 5580 7857 7395 3229 9849 219 5991 721 1097 3487 7726 8240 469 127 8535 6669 9676 6218 2727 3672 1723 2029 244 1823 4797 9410 4986
1746 2082 6753 1908 7017 4275 6399 7174 7407 6039 9430 3321 1052 1208 4702 1316 4246 7382 7661 3935 9307 5829 1218 6906 7546 9307 5071 7528 3015 2035 4348 4573 602 6127 4859 6155 3430 3908 7302 0 6000 3450 3188 4234 8086 3792 6269 2277 153 5676 2648 7108 6268 8013 9215 2000 2427 3432 9095 4347 790 5761 400 6891 1787 5044 4397 2588 2711 4769 1087 4340 1799 58 1789 632 8241 5905 5440 6368 8983 8991 2959 1515 615 7105 8953 737 5597 7149 334 2919 3134 4687 2570 5123 1368 2358 5806 5796 8949 1645 1827 5401 338 7771 6188 3174 6572 5053 1617 6439 3845 6652 8149 4152 6218 2289 8242 1410 4757 8344 1907 8059 5637 1173 8340 7905 4971 6477 5643 8312 9159 4854 8957 3612 8342 4297 4071 6703 8369 4297 7191 9000 2356 5177 4291 2219 6056 1737 5393 2680 5454 3294 8874 4 9982 7553 3007 5497 4281 6280 706 2881 4724 1531 1805 5917 593 1181 8426 119 9371 2094 8364 8882 370 878 3145 541 5515 596 4569 6879 2652 3282 7956 4526 5931 3905 3572 6642 7898 2522 3659 8173 3144 4749 4781 852
