200
0 2474 2055 5924 8225 2831 2312 9120 65 7547 6098 3822 3244 5346 4647 7012 4552 3360 7648 3621 6199 7099 9524 1369 2508 9539 4732 243 125 4608 4253 5435 3474 4459 4395 1180 6301 3032 2107 7366 2453 4624 5690 6633 2141 6363 204 6325 2140 6682 157 6537 6360 6493 4528 3306 9200 6694 6732 8059 1519 2811 8127 2191 5579 4960 9017 1125 7814 2007 5228 3098 2992 9687 1983 4160 650 4231 4276 1210 2963 2763 8605 5339 6965 4553 6031 6433 265 2579 6076 94 5147 2814 8032 6911 8207 9209 4982 5505 9148 6697 5830 7268 9280 3751 7128 7621 465 6417 5312 5239 9197 7081 9180 2936 6846 1674 2905 5521 56 5677 6785 7999 2477 1314 6191 7554 1357 2303 1902 2276 9895 8605 9230 3 8698 1402 755 803 2006 228 7756 3196 3865 7148 6821 6069 5139 3529 1960 7804 6612 6793 5263 6936 2673 5130 8013 7767 1227 3059 7509 6974 5260 8929 3962 5147 6837 4587 4818 8440 8376 6847 7411 1095 156 3433 6792 626 8794 6166 6577 7667 1091 9053 6506 5228 6465 1236 4609 8651 6585 5612 3870 8863 1776 121 590 8229
2474 0 4582 5162 1576 5432 8533 8135 7728 6429 2359 3133 8444 5527 3093 2013 5015 121 9415 6027 113 5033 5179 4902 8766 4010 346 9458 8330 9699 6032 4362 4038 6259 8906 1092 3314 4450 1709 7891 1533 5844 7581 4997 393 8162 2497 2505 1906 7741 8358 6481 6754 80 7140 8302 5442 2894 8422 3358 4293 9967 8146 5431 3274 1981 9547 1662 8005 5997 3858 444 990 8925 568 3984 2100 8151 8579 7996 8831 574 6951 8344 7996 4584 9373 5860 306 9801 4572 6048 2103 436 3589 9753 3143 8228 8864 2812 2907 8405 1538 582 914 4025 8163 2312 4014 116 5218 8360 3268 2091 6031 2417 214 2214 2124 4976 7639 9260 6480 557 8640 2514 4932 9760 6551 3372 8446 9538 9788 9814 7169 4407 1239 4824 6691 3568 6563 443 8248 3186 6371 7960 1152 113 877 2496 5429 1434 887 1760 5341 5852 9683 8219 6410 4311 6681 4023 7620 5073 730 7135 2084 1349 6367 7476 2798 9372 3028 6777 7049 5220 8073 5355 5409 2123 9326 8873 4203 4904 5888 8908 4824 4450 903 2737 1665 7125 1795 8902 5984 3462 1036 7312 3540 4265
2055 4582 0 9420 5722 946 2129 8100 5778 7287 2691 4013 871 5055 9037 1304 9129 8945 2480 2517 6052 1289 2399 5947 9030 51 3570 8660 6350 7987 1682 1439 3217 1556 9351 1793 7128 9794 2276 7803 1956 1940 3354 1752 883 2646 2076 2477 9075 7195 4819 2873 6215 1209 3084 6625 1737 6304 1188 1872 2318 8635 5279 4692 713 8000 5891 6450 6356 7586 9820 830 6154 9576 9310 4835 7424 9091 1487 6594 5027 9996 9971 9865 910 411 4898 1673 4338 5249 2744 8686 8453 8612 9463 3269 6803 1491 1049 8504 4453 1691 886 1967 339 8452 5491 507 4558 5843 9689 2461 8186 7962 2125 5356 3323 8543 2049 2356 6767 1986 9287 8997 8299 5893 4719 1829 577 9017 1554 7847 4128 3615 1276 6790 5577 850 7271 6921 5965 7592 1310 6484 3330 7951 3351 9695 2908 2023 6029 4802 5295 8065 5036 504 1682 2925 807 138 3101 3488 8280 6532 5236 6748 1496 6969 3837 9401 2705 5960 5345 5575 1882 7970 1220 8314 8292 4555 8500 8653 5346 4147 6552 7697 7327 5412 8627 9161 5321 125 7781 2056 7481 7768 4595 2333 255 3453
5924 5162 9420 0 3447 4545 7576 4911 6561 4207 3675 5991 5723 9443 4949 519 7796 3147 1906 3308 2181 6730 9840 5376 5288 7871 4810 7688 9533 1957 2741 3934 1145 2286 2230 8049 9945 2611 9326 8857 6607 1930 3594 396 9686 5798 2730 7760 7656 9279 6805 2716 1752 6351 9958 2493 1056 5412 5842 1763 3253 1595 3537 5114 7399 6824 6010 4910 5942 3094 1356 1865 9119 997 5951 5058 2941 9999 7022 6666 9126 7005 3794 486 6794 5757 6960 8468 68 5173 4873 7548 8752 9104 3431 9822 3120 5228 2071 5089 8796 9175 2406 1881 2797 3713 6870 4642 7166 2551 5454 4493 4359 3551 5540 8294 9405 5616 1701 9827 5699 9875 2440 4820 3419 8683 2009 3670 4260 8075 7820 2868 7967 5579 2355 1069 292 8656 9340 9875 7502 5915 9201 4679 6760 5884 3442 1601 165 4104 3049 2836 8315 9223 4686 8087 4650 4150 847 5355 4074 1229 158 5272 3266 6050 9641 7977 4154 1800 7801 5038 9412 8896 2928 4684 8802 5670 7760 9810 611 1871 2076 2872 8697 7803 7377 6941 6672 2434 7532 6125 5900 9243 3488 9926 4015 8833 226 1140
8225 1576 5722 3447 0 7104 2846 7838 6736 2462 9619 5192 4079 8908 4975 2267 4552 2705 5133 1887 6445 2996 2172 7554 5591 4884 2711 8311 664 4572 4750 9902 2084 4913 4391 7117 7549 7431 8633 4293 4233 6627 1586 2566 7580 1536 5684 7629 332 6111 5039 6116 1426 1138 1521 2395 118 8289 9242 8524 6498 1503 9474 3440 2532 944 4767 8761 7929 5245 1122 7562 5989 9213 7083 8982 4232 8654 4332 9177 4848 6727 5460 437 6102 75 3342 6345 5312 8508 2020 9042 1126 898 8976 9557 3743 4587 8627 7075 7135 6996 583 1648 2027 6798 9608 1664 7822 7474 3371 3499 2316 3712 6762 1184 9780 6817 6410 5093 5638 5581 1072 6227 987 2670 7356 2847 348 8225 2258 6423 8874 9754 2352 8023 9626 1612 8321 7696 1883 1104 5372 6938 4619 7241 1442 41 7650 3267 9651 8235 9762 7407 6022 6226 9486 3565 7315 7039 9195 8025 7010 2842 1963 8373 742 1141 9955 5828 2618 7729 4240 3795 7657 324 5356 7875 5412 3929 6018 7064 6507 7404 9435 8227 984 4720 9040 9179 1255 388 5470 5841 1850 7054 2932 2311 6441 2806
2831 5432 946 4545 7104 0 9101 5648 5164 8489 6091 8726 1710 9865 959 4417 9036 3577 5032 3952 6033 9468 7143 9972 2469 1992 2626 4716 4582 3118 4556 8959 6386 9357 7395 709 6168 9615 2418 1161 6196 3355 3009 4945 1789 9984 5643 3061 5786 5811 1903 9960 557 5447 534 9557 4157 5361 7818 63 3258 9678 1710 4512 8630 1853 3737 9583 8637 6816 2233 5448 204 2395 2557 9168 7377 1240 5935 6484 3920 4476 2428 5791 4652 8639 9127 4604 1186 9101 4227 6353 9801 9556 6518 5475 260 9395 3798 4853 8687 778 3788 2651 1730 941 9263 2621 2703 9922 7994 3812 3661 8707 4519 4757 1081 9003 9249 4012 755 8881 5798 3168 7068 4506 3569 8877 1008 1762 9099 9201 5099 756 272 4554 6783 518 3958 4788 6206 5416 33 8522 1238 935 50 1113 1517 932 6365 3113 6114 9906 3313 9649 2509 5857 3814 4688 1793 6313 2933 318 9202 1815 6694 8407 7131 9015 9676 1528 1549 8712 2060 7954 7620 1113 7429 1575 4329 1848 9242 8210 7876 5381 2956 3381 4374 5795 6049 1612 1715 8379 3824 9257 2761 5485 6370 511
2312 8533 2129 7576 2846 9101 0 6920 8147 3118 8745 1500 9642 7333 340 5386 3359 7490 7394 2404 2721 6026 1295 6846 9308 2644 6348 7392 4730 2634 3139 8982 7324 5045 4444 9932 6778 3512 1699 1276 15 1805 2558 4706 6865 9711 8751 203 6510 160 5758 8728 4604 1060 9973 7530 6142 6752 1740 5268 1183 9745 1841 6143 5680 2166 1935 4768 6831 9123 2966 2028 6908 6002 6601 2558 6610 6207 4481 4888 9712 1154 8293 229 9633 5611 2005 979 2620 1681 4832 3683 5282 3217 7300 2266 4586 7590 4013 7310 7246 8631 2627 5025 8090 8948 8135 8829 4680 476 3383 7245 5665 1107 8541 5097 7337 5545 276 5511 9533 733 3622 525 325 6030 4043 5963 8275 2602 9373 1129 9708 9969 9070 8948 7601 7948 47 2138 5916 3110 7177 5803 7500 300 786 8895 478 6673 4114 7105 7967 7932 318 5149 6453 3206 2400 9297 5531 4666 9869 1939 947 8215 3379 7658 9005 9010 2803 816 3202 2958 6658 725 5177 5630 6056 4050 882 9125 671 1555 620 7716 9303 9907 8970 4080 6960 4208 8117 447 868 9376 5983 5008 3978 1172
9120 8135 8100 4911 7838 5648 6920 0 53 9444 6994 7213 7596 7386 969 4535 8008 710 9686 5861 8472 9758 4291 6631 2227 7060 2929 6766 245 4336 8526 5582 3635 8484 3372 4519 8793 5174 9983 2400 641 1934 1415 6086 844 1021 5280 9605 2800 3795 1720 1211 9893 8268 9767 3016 3130 4460 9408 8356 8370 9344 99 22 2877 365 3613 6743 7800 7016 1605 9595 4337 3974 1671 5295 9707 3824 4895 6668 3588 6309 8263 2316 9713 6738 6924 4111 8705 4644 7940 5474 194 4709 6706 6884 2727 1130 5810 9506 5763 5401 7998 9787 3512 751 7838 164 2142 3029 4898 4152 7975 2892 7351 268 85 9235 9585 915 3336 994 8319 3504 3333 8688 8286 381 9233 8652 5878 4046 3898 3732 6140 7513 2642 4215 5782 1680 5407 8198 1556 5743 4408 7392 3976 8240 8300 5409 2812 1985 4107 9831 3960 2120 4640 5650 456 9471 8796 7295 7565 6728 8412 6848 3717 52 6311 9400 3705 9436 1944 1315 2919 8258 8506 2669 4098 9704 8750 8594 2367 731 6164 1353 708 6738 8209 3705 7475 48 8135 1489 4463 2837 5866 5740 8262 3719
65 7728 5778 6561 6736 5164 8147 53 0 9336 9322 7966 9159 6933 5103 4420 742 2976 520 1625 4975 8617 3449 4876 7971 4986 6021 9842 6703 3077 946 9357 3910 1724 2980 5953 3057 8384 1815 2830 139 505 9962 3108 5747 919 860 8901 2188 5548 9891 8533 5463 2773 7381 531 439 443 9046 6686 7188 6971 698 8702 4431 879 2570 6509 3476 9944 7436 2807 8876 5612 7093 7640 4566 4826 3405 6776 9523 5950 2980 8814 1170 8772 5151 1384 5149 5558 976 3229 8951 7345 3545 8938 196 6779 9072 9454 294 3792 1727 8381 8502 6441 179 5305 701 4601 378 9614 9890 6457 5046 6570 4695 2925 6922 8227 222 6219 1094 2717 2968 2922 5467 848 8678 5108 3355 9592 5457 2494 431 2719 9450 9302 9247 1416 5737 915 5210 6796 6740 6746 1147 9352 6747 144 7693 5230 3801 8044 729 8306 9920 5414 2327 200 537 2916 9208 7630 3656 6003 4804 2700 9745 5872 6689 1652 550 7647 8920 5415 6659 868 3733 7610 8331 2212 9049 6255 2870 8754 917 5542 4990 3279 9539 65 5432 9306 449 8235 729 8138 3714 8428
7547 6429 7287 4207 2462 8489 3118 9444 9336 0 2116 3620 6840 7929 6689 3981 57 4587 4212 4702 9759 9928 2785 6174 9684 8597 6373 6944 7174 5612 2747 5795 2666 1059 2434 5234 6441 3430 2454 3503 1066 4780 7828 4673 9874 3639 2437 1029 5186 1601 3197 8037 6891 358 2803 8210 8069 3455 522 1647 9993 8020 6748 3326 7689 8676 3297 4730 864 2702 282 2923 8276 9213 9537 7960 1016 7328 1505 7055 9114 7199 4627 7055 3354 8790 2665 9579 1932 9245 656 5103 7053 7813 650 539 1442 2640 3641 2622 8814 1521 2125 7019 5608 93 2896 2418 1631 531 3880 4941 2126 1502 1971 2286 9770 1383 4794 9436 5038 489 7034 1049 3029 7008 7076 1780 2557 4553 6431 9540 4832 672 5824 5272 3911 5379 7400 6105 3690 3881 7701 92 4357 1712 2013 9347 4633 2010 4183 8125 420 1421 2732 9120 1207 6328 546 1425 8029 1522 4513 8420 1513 2146 2665 9731 21 2948 1884 1818 9854 6124 9624 5528 7848 1179 9453 8432 4082 5598 3455 2293 911 4296 2166 9045 8085 9557 9393 7009 5676 9369 6787 4742 390 1306 1000 9935
6098 2359 2691 3675 9619 6091 8745 6994 9322 2116 0 944 7383 5976 6108 5832 719 6048 6311 8907 9642 8296 1998 2105 6592 9550 1192 5720 9967 9440 825 4176 7899 4490 5194 9099 8607 8026 6845 8729 3731 2022 2226 3405 6151 9849 8313 5565 1838 8760 4520 2154 6971 8339 66 7493 4770 6380 9141 6763 3821 8350 8715 662 3130 4882 3837 1491 6467 9116 5773 4265 351 7992 4299 6682 4245 8101 8427 6556 9229 3416 8075 9186 8823 3745 2450 8663 9150 7124 5951 3319 5611 1031 1464 4122 297 8400 5951 5017 6001 7387 9468 1443 5136 5000 2622 4979 6557 9611 5330 173 5586 3695 9466 3042 1899 238 174 4389 4294 9785 5071 4174 1689 4220 3855 9003 8450 4572 3446 1917 7467 7788 4473 3575 9665 6145 6983 4353 9698 3305 3540 3816 6961 7024 8325 3012 4964 8769 8068 4818 6552 6104 818 642 1301 1768 4657 8630 9008 2298 7956 7591 3161 6845 3779 8623 3997 2225 1847 7449 2050 5923 122 3283 479 5393 10 8030 2390 8768 4005 4856 5283 9689 1277 1157 1972 2120 2728 1162 6974 9802 4591 1480 9520 6024 1333 692
3822 3133 4013 5991 5192 8726 1500 7213 7966 3620 944 0 9785 5232 991 2805 6831 8450 9024 5835 1940 1030 8963 5688 8450 2677 9624 6653 587 6029 3459 7847 9032 272 9905 4049 9010 4305 5670 7156 9372 7157 7607 4391 9073 8810 274 4 7343 661 1791 8354 1419 9797 5886 3660 4526 8390 2841 4611 5634 1516 8302 9368 95 7082 7665 241 2411 9847 5892 2715 5857 4022 6738 6893 6003 4155 2184 7068 6979 7316 3121 5948 286 1210 1555 9586 4872 2646 8919 6320 3027 2560 3906 8975 2216 5588 9509 1585 6366 1677 7935 8863 54 6586 2505 8392 3296 2337 5167 4186 8766 4716 2781 4206 7398 2476 547 9808 9806 5514 9995 1991 299 4112 937 8653 2287 6249 942 2195 4527 7196 7299 4764 2441 6266 2031 4893 4581 8115 6213 7151 1072 2025 7531 4121 569 4032 8930 244 4847 1321 9636 2259 1748 5366 1019 5258 8667 5738 4895 1556 827 1519 3318 8218 43 5851 8071 1021 5152 4141 6346 7294 5468 5310 1375 1921 2064 7579 1688 248 741 2762 2216 6690 455 3186 2801 3410 3651 3935 5335 793 9989 1530 5894 6535
3244 8444 871 5723 4079 1710 9642 7596 9159 6840 7383 9785 0 1162 2229 1377 6597 7949 5800 395 2268 7475 4 6866 4902 5558 3313 7516 3076 7416 4140 4214 870 5196 726 4138 7081 6403 7994 939 2746 6562 7053 5796 1825 9969 9900 3221 8608 4563 2863 6173 3627 6872 89 4796 4504 7044 6646 2636 3795 7932 3606 2883 2434 663 7807 8963 2137 1570 1330 4551 9861 8512 9076 5109 1153 9614 1302 4228 4298 977 2441 9373 1550 6314 9050 7565 9646 3721 8114 1424 7209 2879 5093 6617 3852 2581 528 4245 3051 5553 7320 7494 3419 8491 5916 5915 4251 5833 4690 6305 6217 4209 5991 7608 3102 7207 6639 9454 1283 4158 6228 5959 5117 4631 8845 3040 6122 7455 3280 9381 4741 343 5710 1865 1050 3034 2147 5446 7166 2798 8508 5533 5613 2268 4472 288 1540 6333 9367 5132 6828 1666 8605 9831 9036 8278 5757 5480 5624 64 6002 7713 1547 5496 1080 8645 5431 477 9369 2582 5686 3235 593 4232 9322 1011 3980 5583 4880 3276 7025 4134 6694 5328 9859 5128 1553 6599 8874 1865 5047 9707 4005 3457 3898 8443 3445 4278
5346 5527 5055 9443 8908 9865 7333 7386 6933 7929 5976 5232 1162 0 3532 2324 9309 3553 8349 893 3267 3320 9357 9228 6261 363 297 9138 9555 1559 535 1715 844 9101 4193 3933 8729 9254 1367 7063 4134 5550 2820 9056 5824 5173 1710 6544 7780 4752 1342 791 2158 5631 1168 7666 6309 9335 4584 9224 774 6077 4485 2926 339 5423 1869 2664 9991 5437 6629 4068 4891 9825 9377 7169 5214 7207 7561 3960 2933 5738 8635 9238 4297 5353 3903 2088 6179 165 8861 7833 380 1996 244 3228 6106 7899 4865 6293 2223 9929 6110 3537 3475 4809 5234 8631 6020 6166 2938 9765 8231 2339 4161 3097 9571 7321 3535 3846 1305 8104 6936 8560 8089 3371 9541 5524 1821 8247 3565 2486 9058 8598 7772 2284 3137 7316 3504 2901 7139 8341 5480 2443 9522 5123 679 179 9500 864 3294 8508 3298 7722 6962 7445 7152 1815 9959 8741 751 1869 2065 1333 517 6945 345 4605 2933 6637 8265 9446 5471 4127 4354 848 6725 2455 3454 9224 1245 2619 4145 3936 9552 468 8633 3327 8503 9853 8499 5398 6852 5954 8324 6184 2112 767 8058 1465
4647 3093 9037 4949 4975 959 340 969 5103 6689 6108 991 2229 3532 0 7406 8447 1942 9706 7520 4707 1272 7775 5513 215 8866 8933 8141 2841 383 878 6118 4880 7249 4814 8981 4431 5424 8675 5563 7281 4082 2983 5149 4958 1161 3855 3358 1308 3359 8465 197 7669 6926 2720 632 1284 420 5864 100 7294 8188 7452 1870 4316 1186 6781 7439 3481 541 4145 9740 9107 4407 7561 4766 1529 8641 5168 4332 8516 1742 2483 4571 3282 6342 1865 9769 7177 8134 7276 2966 7538 8047 7664 4885 3850 8624 7543 5184 8799 221 8904 1375 8526 9945 2601 6366 8013 6346 6951 926 1263 2035 5617 358 6217 9462 651 1939 7426 3001 7241 1688 7313 5611 6486 3466 793 5279 7795 6085 6082 6861 3589 1888 988 3694 4528 7778 1930 7263 6336 2766 2798 9174 9413 3527 306 5711 1698 2885 6799 38 7354 699 4550 2566 4394 8623 7364 5786 1578 9018 8527 7321 6034 4229 136 8335 9514 4086 8423 8261 1684 559 3718 975 6143 5729 1509 7775 2329 7411 5994 7228 2023 9324 9079 5941 4981 9552 9656 6291 5859 4454 591 4266 4996 6464
7012 2013 1304 519 2267 4417 5386 4535 4420 3981 5832 2805 1377 2324 7406 0 8572 645 2139 2175 3418 1174 1497 5451 3903 6649 6589 2579 7605 158 3759 4282 6574 2740 5712 8725 1438 698 1910 9523 7368 8945 3050 9602 2636 3186 9583 7989 3130 7905 4594 4622 7774 8759 4513 4414 9557 2212 180 5851 6859 6015 9316 3082 7207 3390 7998 4397 8805 6373 6991 9030 8500 8480 5692 3641 7178 9755 3062 9583 6759 7245 1369 2522 6055 3175 9152 9610 9912 7576 1107 4217 3512 2337 2604 2188 5097 8456 3743 385 5279 2293 514 5485 9883 6882 2234 321 2534 343 4506 8245 5365 5217 839 8088 9884 2846 2474 5257 2146 5998 3344 8834 8161 9753 8912 7351 3561 6842 4381 1201 106 5805 3943 6419 8043 8067 6199 7540 5129 6827 7330 7371 601 937 5760 5459 8774 3723 380 3733 5906 3742 4233 6918 9815 8614 4678 8571 3456 7719 1290 2998 2728 1590 726 4900 2203 911 6163 8490 2377 7203 7511 5342 1298 5218 1735 9117 3601 8857 996 3133 4207 4042 9279 4554 9613 5976 2145 4553 2700 2189 2832 8342 8807 2236 617 3320
4552 5015 9129 7796 4552 9036 3359 8008 742 57 719 6831 6597 9309 8447 8572 0 9370 8606 121 5339 6135 4999 1506 9774 9545 7733 2203 3875 4363 4911 8466 1375 9881 9200 9643 9106 2816 5135 1014 8249 7522 8139 5672 3605 2047 7683 5811 1449 7098 264 9243 5992 116 9785 1935 7756 8223 4639 1088 5705 9081 388 7155 9221 5942 6023 253 1733 3019 9972 2806 829 5079 1103 1444 384 9429 9367 3580 7568 8772 7000 1354 6315 8172 8254 4431 5503 6991 7894 8014 8830 959 9150 3608 5655 8090 8370 2740 3213 6190 3432 1189 8610 1214 7084 5120 6776 4541 4856 8476 9453 4830 3914 668 9987 4823 6950 9297 8100 9926 5491 5726 8027 350 1927 1355 5324 7719 1040 4033 6731 6857 681 7219 6458 2700 5451 9430 2698 5344 1726 3283 2611 2840 1262 2881 8513 3182 3666 2375 7970 2726 1234 8440 3909 4521 5684 4036 9727 5567 4964 3826 5221 775 2983 2313 2833 9554 1061 2523 2717 7710 9746 9656 948 5956 6855 1923 9677 5462 8245 4443 1645 6826 1211 3299 4152 7510 4565 375 6733 8114 2779 4633 938 9955 6833 8270
3360 121 8945 3147 2705 3577 7490 710 2976 4587 6048 8450 7949 3553 1942 645 9370 0 543 7686 5522 6728 5490 9655 3708 2560 1867 6987 2457 3065 9802 2018 2572 5104 8933 101 3445 967 1979 5189 9289 9917 1805 4469 4260 5331 3003 2332 607 7349 5584 8010 8826 4775 482 8501 855 172 2441 4587 4907 9009 8921 1545 5793 356 1515 6385 2125 3710 8573 9183 4535 1269 2091 6527 3844 2420 7409 1593 8019 1706 32 2676 2576 7226 7394 8259 8330 7871 9558 9417 9114 5888 6571 9296 7922 6662 2717 6701 7059 1660 7514 7148 9643 9728 4245 6230 1864 3679 2271 4295 9226 7144 2136 6791 3080 3744 7044 5700 4973 7573 358 7607 5529 6806 9702 1059 9364 1440 8699 5227 7575 9094 1251 1084 200 3165 4731 9768 3963 8172 2214 4961 3871 3577 1695 5790 2937 7379 4968 9940 3116 2885 4939 3001 2661 8460 7993 9507 8021 7461 9816 4743 1987 1979 5573 3902 3731 7642 3086 98 4279 8838 1110 7899 4789 6090 2007 636 6250 1568 9249 5660 371 9239 3496 2857 4983 5903 5264 7714 1066 6396 9917 8012 1098 6187 6933 1631
7648 9415 2480 1906 5133 5032 7394 9686 520 4212 6311 9024 5800 8349 9706 2139 8606 543 0 4025 7572 5057 639 7878 3150 7708 2318 6613 763 7455 5663 8745 3244 1308 1393 6171 3235 9002 5874 358 4590 6899 9306 6643 4205 1233 7469 451 2792 2440 2960 9566 3465 6561 8859 6091 456 4114 6370 8380 4498 2680 9542 4096 9164 6441 9994 7246 5086 4508 552 1816 7029 9055 3803 5444 633 3711 9002 2291 2330 7035 399 2673 7251 985 5117 6791 3740 4097 4482 8420 4384 6452 4965 6293 5325 2741 1931 7584 9297 7730 9658 6793 396 2748 8263 6550 1927 3689 453 6894 3252 5004 9891 9264 6326 9424 9085 4229 3228 4035 1815 723 1179 3774 817 2682 8902 9702 833 6385 4815 9483 7161 6281 446 1370 4342 3634 9171 8374 3766 7420 4082 5659 7604 1033 4789 5749 5527 964 3379 8400 6529 6146 3398 4299 4621 522 6797 6273 1589 5318 9569 7981 2613 1611 8565 6001 5664 5903 1081 6842 3160 6683 7490 4622 1471 2504 2561 9432 7798 1924 2709 593 6642 7163 2633 525 7728 6670 1505 3559 7983 4816 3382 1750 3024 9233
3621 6027 2517 3308 1887 3952 2404 5861 1625 4702 8907 5835 395 893 7520 2175 121 7686 4025 0 1486 5370 3958 8709 7756 5368 5821 9633 7711 8867 9535 1426 3316 568 4597 790 6559 191 3909 7823 5207 9933 8133 5856 9576 6390 1018 2006 6364 7247 1035 6425 2426 3298 8436 4494 710 7979 2397 2442 8613 1898 8508 9939 4043 6578 9860 3670 1088 1363 2616 9822 2665 5669 4072 7337 9135 6610 9489 4123 4551 5102 7505 9852 8747 7081 9416 8543 9822 4054 3637 8382 3450 7471 9279 2064 2874 7042 4506 2442 9282 3894 316 2177 6841 6507 3462 5750 6753 302 9552 8428 1499 5948 68 6494 5990 3062 157 5419 2964 8570 643 8505 5766 9964 1092 5851 5921 5018 1595 8101 7908 7984 6916 8652 6311 3722 858 912 8926 3865 3982 5686 7422 6250 6231 5371 8101 9738 806 2770 8969 3252 1869 2122 567 848 8243 1884 8788 4395 4 8252 7207 7162 9486 2205 8105 5861 1133 1773 7839 1317 1784 4628 5685 729 2153 5309 9533 7195 3943 1331 9542 8827 7003 1252 2338 4348 8098 6923 6784 4863 1984 5859 6449 8669 6391 750
6199 113 6052 2181 6445 6033 2721 8472 4975 9759 9642 1940 2268 3267 4707 3418 5339 5522 7572 1486 0 663 92 7151 5785 5703 5997 7850 8023 3776 1262 3025 3491 4421 1541 5896 4083 3404 1283 6554 3321 3276 5736 7829 6831 9401 5326 5660 4484 9604 7309 8254 6224 821 9370 3484 8189 6409 6394 6312 3123 319 2747 7496 1788 4213 3858 8950 9120 5109 2129 3891 9498 3070 7843 2614 7209 8193 3844 4854 610 757 9938 5786 117 138 19 5519 962 4908 6714 5780 8595 5070 9858 5942 59 129 110 1159 3320 6004 5820 6106 105 1733 1683 6907 2810 3081 8168 568 177 6005 5434 3056 1013 7445 9325 7130 3025 9194 9466 4944 332 2512 4470 7228 2440 6176 7801 674 5032 3902 9421 3661 9622 3527 7434 6090 690 9601 2750 1255 1412 3906 7102 3956 3182 5423 6641 5636 3064 6619 7610 4664 8266 2233 1491 9718 8607 7217 7911 3187 926 6310 7861 5187 2800 5710 7168 3754 4480 2871 424 9894 501 8518 4618 1022 8719 9456 483 201 6399 2108 1839 8792 2853 4729 6399 5837 6956 6283 642 6748 9446 9688 139 3571
7099 5033 1289 6730 2996 9468 6026 9758 8617 9928 8296 1030 7475 3320 1272 1174 6135 6728 5057 5370 663 0 9228 8989 9227 7870 9085 5544 9763 2716 8842 3177 2357 139 5523 9164 5861 5369 6202 7079 7656 295 2144 7914 8980 2077 1265 2046 6804 9837 1762 6648 7110 7842 4276 2252 317 1632 4783 8821 1207 7319 2140 4002 3987 9744 8930 6220 3148 6471 1136 4336 6103 2060 4969 5554 8252 847 1314 7854 8804 6761 6320 4538 2507 2019 9451 6325 3672 4560 6365 2882 5343 9690 8092 2203 9621 911 1601 7188 8931 728 7363 1520 71 4869 7973 1135 8810 2707 2495 106 9989 8713 3556 479 7288 5690 3024 2814 8134 50 1292 2099 3005 7832 739 3174 4323 7173 9325 693 8403 3927 7860 1447 2667 3949 8913 4818 2782 3526 7105 5519 7968 937 7355 7475 9941 6559 1954 2780 1946 1690 1667 8546 3691 1811 2519 9541 1844 9311 1477 1840 3121 4616 7438 1875 272 7004 9076 2756 1926 9626 3164 6154 2172 3159 6807 8949 5472 2143 1329 433 8064 9454 7867 8710 7549 2199 6749 3094 9454 2402 8525 7465 342 1197 291 7672
9524 5179 2399 9840 2172 7143 1295 4291 3449 2785 1998 8963 4 9357 7775 1497 4999 5490 639 3958 92 9228 0 2022 3844 9898 545 4157 5680 4107 2944 9309 4430 5024 1789 6575 1660 9748 8751 7576 1149 9079 9529 2114 8737 4123 7188 8334 3265 6123 1710 5551 6446 3064 8199 8205 8555 7614 1130 8383 3041 8530 2161 217 6992 5476 5086 756 991 2151 7016 1247 1775 7483 4192 7709 2476 1397 2052 1354 7845 9304 1345 5563 8737 3600 8478 7223 3628 5114 8814 9559 7553 7020 9109 7653 6420 3368 1797 9555 175 5396 3713 7869 507 6395 8948 1677 8117 8202 5601 7277 7195 6771 3659 3491 2387 48 6631 5705 4245 8466 7142 7341 7165 4274 1695 370 7824 7294 223 8608 2075 6118 1149 9620 2139 8412 6313 5007 5571 7096 8000 7625 666 8618 7967 4449 5226 5007 5004 4749 6142 416 6552 9872 495 1964 8409 1373 3803 2346 1164 1539 5035 4639 9506 283 5519 9080 6444 3192 6855 2259 3311 3753 7938 2347 8260 5405 6579 3601 2924 5658 2147 6053 7482 5993 1102 2765 3690 3151 4739 2921 4229 7721 2408 9547 951 5688
1369 4902 5947 5376 7554 9972 6846 6631 4876 6174 2105 5688 6866 9228 5513 5451 1506 9655 7878 8709 7151 8989 2022 0 4609 530 3423 2774 8514 6306 2389 1074 9186 8759 2579 2780 4918 1872 9279 5881 4104 3691 5238 7185 609 8082 8426 4059 2073 4193 7126 9797 9574 5631 3320 1444 8579 9083 6262 1756 4790 5993 8398 4904 1521 9838 774 2664 1364 4530 1574 8774 9511 3445 1961 6167 3163 5842 6755 4989 2619 9018 7713 3154 2566 797 6865 7302 1485 7573 3051 8420 1128 6048 5831 4540 9662 8299 7330 6832 5601 8744 4399 4422 5536 1806 8043 5360 6759 5576 1449 8300 7886 463 8317 2995 470 247 5634 5438 3330 7724 5472 5050 9012 5268 6787 9032 1270 3896 8616 2384 446 4317 6694 6318 6992 223 4914 8793 9732 3893 6336 4272 5025 3182 4430 7553 1636 7242 9647 691 3895 8481 131 5066 4700 7180 5385 4803 4725 5776 1892 7491 7157 9020 7838 4095 7105 2899 7327 8270 4230 864 6811 8173 2887 3096 1023 6102 9349 2407 7923 1594 8090 557 2268 5616 788 4473 6168 8762 6491 2431 7032 5149 439 2923 2158 7705
2508 8766 9030 5288 5591 2469 9308 2227 7971 9684 6592 8450 4902 6261 215 3903 9774 3708 3150 7756 5785 9227 3844 4609 0 5015 4908 408 3254 9678 5686 2517 9654 7916 103 2271 361 290 4870 5466 4640 5684 5898 5600 2182 3607 4719 7532 5938 9560 2249 9267 5831 2110 2558 2171 746 6058 5662 4274 1661 3893 1045 860 3977 8795 9950 8801 244 5939 5699 4835 441 2061 7759 814 1895 4393 3381 4399 7030 3615 1718 4738 1778 6364 4034 2249 689 9928 875 2528 7324 7505 897 3002 2812 3677 9295 8512 9919 8959 6611 3045 7026 1153 234 5278 652 5254 2228 6437 6509 9973 6476 294 9728 239 1055 2698 8962 1906 2015 6633 9366 7131 2564 2849 3855 4462 8143 8423 6029 7983 4762 4351 7676 3780 7991 4662 16 1907 7593 8068 3061 9396 8977 3010 5283 6920 452 2909 1953 3392 8588 3912 4774 493 2762 6839 1756 8968 1901 2226 7770 9989 2106 1943 4471 2030 66 4246 4489 6803 5390 9590 6378 8492 7478 2831 6106 1397 548 7865 4311 1690 2108 2667 830 7282 5805 4981 3198 139 6452 8511 9918 4194 3485 8308
9539 4010 51 7871 4884 1992 2644 7060 4986 8597 9550 2677 5558 363 8866 6649 9545 2560 7708 5368 5703 7870 9898 530 5015 0 7027 954 2704 448 6532 9227 6019 2765 1094 6828 4877 2493 7190 1204 5435 1713 9643 8331 630 9582 9971 3060 9425 9039 579 9279 3501 1270 3928 792 4093 3292 3112 2243 3886 2858 9158 6145 9955 6753 8116 4010 8230 8099 3886 3054 2138 7301 3904 8499 7949 4780 6573 2772 2183 8583 380 8093 9473 794 9310 1576 4904 9181 2967 5299 1543 1453 9927 970 5217 5948 5958 9996 2821 8466 441 8316 9454 2150 4630 3516 5375 7587 8925 6930 342 3054 668 2326 5375 9112 7057 5193 6143 7176 3195 1874 959 2448 8465 8718 7150 1635 5878 3993 3073 6971 5541 7511 751 5059 6067 50 1881 8351 550 428 4120 9524 3693 5019 4619 5472 5422 2124 7566 1748 7447 423 1009 7143 9402 7616 1460 5322 1362 3570 4645 6346 4036 905 3980 262 1022 719 6532 6722 2034 9689 4187 6637 9101 2405 8349 4094 3142 7587 4571 5010 9951 8832 762 8892 1650 8233 1226 2954 3519 4776 5864 2220 284 3872
4732 346 3570 4810 2711 2626 6348 2929 6021 6373 1192 9624 3313 297 8933 6589 7733 1867 2318 5821 5997 9085 545 3423 4908 7027 0 4720 5533 413 3275 6882 5684 8677 692 7978 9217 9687 7493 7916 4674 7408 6785 653 3873 9008 6319 2277 4119 1942 7790 6270 3770 5004 3205 6445 6602 1480 3200 5886 3370 5128 8804 4303 4488 6452 849 9184 2623 4748 7832 5572 6520 5738 8057 4275 2037 198 8247 9913 2569 826 4837 735 9157 9432 7351 7697 899 9509 6170 9649 8660 5313 6593 1582 9415 6436 3500 7511 9040 421 6745 2727 6435 8385 9994 2723 2399 5385 3789 4661 8306 2343 5013 9547 7616 2728 6434 2023 4287 3069 929 9993 1078 1890 1981 2737 4063 6983 3007 2792 8563 9271 7577 1302 9890 8472 5537 1067 2953 292 2844 1583 903 2142 312 4768 3571 8817 7422 6187 4525 7354 4954 210 73 7480 2532 6530 8701 5822 3715 2665 2011 57 723 1087 8434 5731 4538 5533 4242 9890 7447 341 4778 1404 6604 4858 2944 6656 8517 909 4256 2235 6599 2168 4108 6856 8306 2875 3975 9091 4193 4140 3997 7294 1188 4438
243 9458 8660 7688 8311 4716 7392 6766 9842 6944 5720 6653 7516 9138 8141 2579 2203 6987 6613 9633 7850 5544 4157 2774 408 954 4720 0 8590 4466 9903 7558 6401 9808 449 2113 7547 2438 5662 5104 6279 2217 6402 9389 5447 9168 9138 7180 222 347 5648 1554 1357 7866 9748 8669 7266 5743 6007 3214 9132 233 8247 1013 4759 8338 4463 9580 8650 8975 9760 7899 4878 8359 5371 8343 4739 8359 3259 8549 449 1305 5475 9552 7536 7643 9132 2591 2889 1022 2459 1127 1238 9130 9544 9097 1075 3923 4670 8471 8011 7122 7576 8400 1678 1532 4065 3508 7556 542 7988 8418 2087 5424 7417 4919 8776 2433 6251 9286 1057 510 7136 4761 9838 613 4340 9657 6341 2078 4997 7659 4468 1004 9855 2596 8606 7724 5921 6487 6164 5923 732 6136 3785 1071 805 4018 6599 7556 2416 677 6142 3204 8794 117 9365 562 4714 3668 5673 52 9645 370 6596 1940 1644 7572 6817 3904 2417 2875 8119 8243 613 1462 965 2043 1133 2411 9157 7551 5548 7905 8428 2031 9041 6136 8527 1515 8630 8620 128 7819 2063 1530 1057 7964 9532 4393
125 8330 6350 9533 664 4582 4730 245 6703 7174 9967 587 3076 9555 2841 7605 3875 2457 763 7711 8023 9763 5680 8514 3254 2704 5533 8590 0 8310 1164 6021 4552 9998 990 6858 9109 5305 8308 1727 2205 9084 8351 1070 9278 818 505 2674 9214 1967 1479 7433 2096 3669 7311 8846 6704 5432 3811 3712 718 1972 5724 9912 3248 6009 9005 5423 8632 8580 298 4839 7940 6369 1558 5726 777 7772 8434 7083 1031 3444 5059 3848 5618 7132 2845 7364 733 3758 9363 1061 1482 2433 9662 6424 9855 3625 3951 5377 6540 8970 1973 6903 4266 1185 700 2641 2713 6417 5151 9570 3563 559 510 178 4546 491 5455 1108 3708 9939 6832 8177 7163 7013 4415 5398 4868 5349 6493 7238 9650 2445 4595 7509 6111 9291 8059 5950 1289 7400 419 1456 5053 3199 9769 1457 7876 1825 2354 7548 7902 3972 7646 2037 7828 9893 1787 1248 4978 6132 282 2067 2874 2771 9114 2750 7099 8844 1287 3707 3974 6977 257 801 4237 6623 9816 4223 6973 9906 4028 1202 1670 9026 2430 1691 6821 8782 9868 7290 3408 8096 5412 2789 842 6445 2113 6436
4608 9699 7987 1957 4572 3118 2634 4336 3077 5612 9440 6029 7416 1559 383 158 4363 3065 7455 8867 3776 2716 4107 6306 9678 448 413 4466 8310 0 6609 4574 7063 3523 3054 5705 7390 2926 6712 1713 2563 1201 8794 922 4991 6570 4962 2136 2150 7156 6333 1659 963 5930 3828 6107 1357 3463 3070 4530 5658 9431 854 1157 93 3328 383 5762 6385 391 6972 9464 1950 5923 8193 4687 6923 7263 9127 9139 4759 4773 1013 3110 2474 5660 3981 132 8999 7357 6668 9780 6739 7424 1989 8239 6265 5142 3718 9580 6325 634 6676 6216 6467 9153 6047 3546 3893 310 7513 1729 358 6853 2578 1041 9138 2658 4756 2774 3817 2041 1014 2326 4811 7456 5580 9570 3841 9492 3689 9106 2351 4607 6634 4152 4195 5110 5575 5515 4270 6295 5660 2977 3191 6816 6124 2712 7714 2359 4446 7095 7009 2509 5202 4297 2809 4227 5299 6371 7435 4640 5316 6753 2510 1345 4390 5953 8771 3984 7302 5794 1778 2613 8894 2286 9120 2759 4284 3947 7091 8383 2563 1782 2936 1988 3922 7101 943 8815 9784 3629 9743 6314 655 8293 5673 2582 4637 838
4253 6032 1682 2741 4750 4556 3139 8526 946 2747 825 3459 4140 535 878 3759 4911 9802 5663 9535 1262 8842 2944 2389 5686 6532 3275 9903 1164 6609 0 5093 3457 7553 8708 54 9308 8318 5160 2427 6942 7770 179 8707 514 8259 4323 7366 5185 3752 4980 2974 5970 3654 1807 5108 4740 8329 2028 4033 1418 9893 166 6029 5103 6945 6447 7678 909 2481 2706 5595 9888 9811 9157 3564 4347 8341 6580 8984 2147 1916 4836 4469 5972 4327 5698 6337 7514 1288 5723 846 5094 4580 1319 6937 2663 5560 7529 3770 2560 1927 4748 473 3832 7927 1483 6718 5181 3102 9982 9689 9722 6222 5146 1133 9248 3593 4355 9402 9074 8909 7396 9924 8378 9947 6645 2936 2387 6567 6598 5997 6854 6221 7890 5047 5931 9365 8732 8775 6410 4625 1001 3680 981 2925 7447 9443 4073 8907 4999 5778 5975 1798 2510 6923 890 5508 281 4868 7045 785 4484 2039 9592 5893 4292 5890 3061 4018 4923 1978 3872 8509 6839 2865 2606 3721 4732 8980 5173 9921 3342 4825 5107 228 7184 2015 6149 1529 8724 6198 7571 3783 9601 9849 2223 9682 9365 2171
5435 4362 1439 3934 9902 8959 8982 5582 9357 5795 4176 7847 4214 1715 6118 4282 8466 2018 8745 1426 3025 3177 9309 1074 2517 9227 6882 7558 6021 4574 5093 0 8222 809 4694 4413 8961 7976 2450 7462 3318 329 1380 684 7441 8114 8292 2692 8149 7399 2287 1608 854 2429 6431 5150 4449 6437 222 319 3105 208 8352 6427 6413 4980 6241 3718 6387 4150 2081 9031 2941 9200 841 8515 2220 3558 8147 1953 288 4463 115 2761 7453 7390 4428 3049 4870 9789 6150 9566 8846 7388 1348 3746 5014 9258 6508 4465 5390 7765 6346 7466 3936 3798 3771 3284 6869 4283 3152 4043 3941 5121 9389 8257 1952 821 1949 1997 2222 4305 3011 509 461 5647 6185 263 6231 9785 689 4900 3719 3370 9038 6769 9193 3429 2758 5668 3002 6249 1421 9589 5217 4014 5460 385 7868 5760 9765 4840 9196 9523 373 7325 8555 4722 9989 4174 3501 3218 3072 2257 4903 7176 2741 129 6514 700 5363 9172 502 4683 7337 662 5071 7256 5678 7659 2112 5826 7116 4766 5373 9521 6641 5850 804 5264 3712 4840 2632 6571 1231 4147 2091 6218 1939 7141
3474 4038 3217 1145 2084 6386 7324 3635 3910 2666 7899 9032 870 844 4880 6574 1375 2572 3244 3316 3491 2357 4430 9186 9654 6019 5684 6401 4552 7063 3457 8222 0 4691 944 5832 3912 4394 4034 7851 8306 8720 834 8494 944 4430 7110 8855 3230 8456 3227 880 2848 6628 2817 231 2527 6212 6051 5696 3564 5001 8080 6255 8411 7439 6153 4256 2813 1185 8429 7720 9223 7009 7565 6155 4907 8542 3168 5216 2878 4682 1199 7587 8455 1539 3943 3663 3600 5903 2595 2527 7781 2762 7149 1177 9429 806 5242 4758 1270 1341 7043 5284 3047 7682 8987 3806 1045 5029 6046 9556 9302 4266 324 6502 6562 6902 5067 563 2171 9485 2142 4470 4982 1653 2927 6168 8090 5213 3729 8759 8430 2817 7778 3189 4722 1960 5308 4108 6076 7577 3233 9847 9980 6967 3787 8266 9185 5095 9897 9020 2634 4037 935 3256 836 6508 9023 4372 3724 5852 3599 7906 5003 5990 625 9677 7622 2361 7408 1151 6221 3176 5659 176 3060 5958 9683 3719 6706 196 7283 6144 4247 4109 4497 9641 9014 7543 3553 2465 3884 2139 6430 1816 5682 3179 256 3319
4459 6259 1556 2286 4913 9357 5045 8484 1724 1059 4490 272 5196 9101 7249 2740 9881 5104 1308 568 4421 139 5024 8759 7916 2765 8677 9808 9998 3523 7553 809 4691 0 5200 8350 3000 1289 904 5486 3940 1442 6744 1882 7959 5866 5917 3534 9722 2958 5674 2921 9330 1821 7037 3355 43 5035 5827 5016 5018 3574 643 3764 2307 4255 2003 2287 8722 126 7634 4328 7153 4865 6969 7744 7574 6215 5841 3484 1776 4902 6283 1002 8671 7730 4980 1040 823 929 8668 6803 7557 3721 4650 8065 5687 7316 852 8333 695 5683 1101 6544 5897 2552 762 6679 5080 4839 2890 1340 1047 957 3136 7999 6256 104 5799 8250 8484 3090 1031 1716 1176 9465 641 5042 8995 5419 4048 5258 1279 2319 8623 9383 7534 3961 9194 1740 2048 3881 9294 9922 2163 4783 2901 4260 6752 599 3490 9793 8323 5376 3839 1434 8775 4026 4193 1944 6743 8571 8796 5131 1321 1036 8678 5239 9004 27 2076 3936 1170 126 9852 1018 5487 6668 5278 8002 6397 2046 4032 5029 3496 9153 9685 7993 3259 5214 1249 6227 5503 2041 4844 541 5161 5154 8438 2109
4395 8906 9351 2230 4391 7395 4444 3372 2980 2434 5194 9905 726 4193 4814 5712 9200 8933 1393 4597 1541 5523 1789 2579 103 1094 692 449 990 3054 8708 4694 944 5200 0 4878 4671 8809 2374 2400 5821 6173 9755 9828 4792 1727 114 9547 2206 7954 9143 7734 1928 2359 7521 395 8406 1848 5936 905 40 5274 9558 5930 2157 9778 282 8683 2675 6129 9902 178 4943 7882 3452 2932 498 4429 589 8200 6563 1026 8811 1345 6332 74 9905 9145 379 5256 6755 2064 4977 1123 9493 1001 6334 4221 875 481 9421 5925 1182 8678 4246 7799 1939 9317 1037 5061 6483 4730 7523 481 5002 913 4082 5785 9024 2528 8077 6138 5914 7767 5184 2498 9477 5534 7584 5307 8110 696 306 6879 368 7607 388 3033 402 6723 5067 4404 8635 6690 9289 6946 7749 644 5013 3531 4458 2090 3644 3125 8634 5549 6265 5516 9625 3483 1048 1418 3304 1608 4266 8621 6547 9457 1316 7108 5921 6102 1613 1492 8221 5922 7505 2780 3015 1628 4386 1148 9363 2019 6824 6988 6065 849 4775 1893 3449 1127 3310 5467 1020 9592 6854 6539 492 8229
1180 1092 1793 8049 7117 709 9932 4519 5953 5234 9099 4049 4138 3933 8981 8725 9643 101 6171 790 5896 9164 6575 2780 2271 6828 7978 2113 6858 5705 54 4413 5832 8350 4878 0 2287 58 1288 3736 7204 6847 5768 6786 6155 3892 2243 4852 5141 1667 1364 8169 3712 58 9089 9715 2257 1217 4513 8396 4627 4132 1034 9135 5378 3381 1730 5706 6994 7310 1117 5133 739 7365 6845 2635 5734 8800 1761 9581 7072 3330 4576 8282 2950 7173 7405 123 8167 3090 2443 4731 4543 6199 8300 283 4444 5544 6720 4585 6438 6897 6219 8305 4962 4151 9512 4079 181 9474 4895 5312 221 3360 3863 7202 4409 3561 6603 4883 8321 8049 2751 8065 3727 3928 1433 545 5466 7730 7004 8701 7391 6194 9662 643 4153 3933 7890 797 7325 2359 2046 2207 9645 3531 9442 3158 657 9261 2708 6598 6047 9792 7304 8771 3384 6567 2537 5755 3780 802 8988 6335 5839 9469 9056 931 6563 4880 4796 5078 4783 8443 4288 4632 6729 505 4996 9428 7569 1010 7293 4702 8647 4704 122 7800 3131 8003 5157 7619 8489 7409 2405 4965 1829 9619 4752 9475
6301 3314 7128 9945 7549 6168 6778 8793 3057 6441 8607 9010 7081 8729 4431 1438 9106 3445 3235 6559 4083 5861 1660 4918 361 4877 9217 7547 9109 7390 9308 8961 3912 3000 4671 2287 0 8029 6338 6878 806 4921 9348 7946 7317 6269 4010 1889 6401 7495 5615 4135 689 647 2872 7791 5716 3401 5942 4267 8133 6427 3547 4326 8552 3374 8111 3945 5646 4128 8616 4082 4217 7001 6721 5780 605 8013 7172 3695 607 9478 922 3821 3124 9728 3530 8524 9064 1969 1896 2176 5612 9558 5029 7542 2423 5373 9540 8821 9339 9771 4030 3796 4891 4975 5680 353 6410 9167 2425 3032 7129 5049 2746 3981 9983 1790 4754 9716 958 2543 6724 6806 8174 1584 6923 5257 2824 1370 6960 7900 8027 4483 7722 7800 8205 4102 6010 7097 1501 4236 1133 9932 1832 4832 808 5702 9099 7977 5301 7095 9264 5128 9085 3392 8171 6652 4882 5810 6444 1162 1614 3722 8654 6512 8204 424 1275 5164 7340 2142 7240 4656 6927 3551 8225 6368 943 4246 2342 117 3234 8908 5961 9125 1125 1969 1690 625 6038 37 100 5813 1413 8996 6336 9761 9901 4190
3032 4450 9794 2611 7431 9615 3512 5174 8384 3430 8026 4305 6403 9254 5424 698 2816 967 9002 191 3404 5369 9748 1872 290 2493 9687 2438 5305 2926 8318 7976 4394 1289 8809 58 8029 0 4096 8096 8927 1508 1609 6326 1751 7832 6631 8707 5508 3256 3663 9861 9057 1647 2686 1029 3706 6610 5575 6642 6785 3268 1541 7275 5310 1714 3701 302 9686 6897 1939 8676 7215 9432 4106 4748 4339 5666 8609 4579 2156 2755 6558 246 5922 600 7089 3872 5382 1775 6627 1378 7686 783 3464 3424 1106 9514 6343 7333 918 8277 7052 2676 9134 1486 6726 5588 9952 8870 373 4679 9725 2197 7815 8867 483 9577 4724 8719 8751 8679 2067 9918 9383 785 9542 6094 7326 8758 2031 5710 7353 9601 8487 959 860 763 9935 3332 8940 867 1948 6528 7870 6032 4332 3606 2550 2589 6066 7331 8835 1546 8601 9353 2422 9810 6998 198 3815 9774 8411 2084 9232 3052 9513 4960 8125 3676 4002 1087 8609 6689 7574 5460 6381 3921 5921 9984 5478 3710 8085 3065 405 4772 4811 4426 6602 1944 2148 2826 26 4447 4600 5607 4004 4007 210 4307
2107 1709 2276 9326 8633 2418 1699 9983 1815 2454 6845 5670 7994 1367 8675 1910 5135 1979 5874 3909 1283 6202 8751 9279 4870 7190 7493 5662 8308 6712 5160 2450 4034 904 2374 1288 6338 4096 0 6011 7045 1120 3974 9199 9142 8406 1299 8653 5542 755 9642 7405 6135 8653 438 460 1060 6231 3701 4724 3844 8574 4047 2701 931 7685 2192 9859 1517 6258 1642 1257 2197 7786 5722 2446 544 1164 1683 2808 9062 871 5892 2610 6847 1942 201 4449 5214 8254 4352 7551 2234 9741 1255 5404 2562 9962 6973 3938 4071 3259 7528 9525 7801 5325 2112 5474 1913 3058 6455 3561 6137 2558 7606 8626 2063 7828 9100 1297 9282 9082 4348 34 123 4200 7523 8404 4574 642 1479 8513 9150 314 338 9009 306 4209 9399 864 4547 1461 3028 8227 9890 7520 7988 2992 1280 3944 6601 3845 9808 816 6712 2455 330 8579 7366 6122 3781 5461 9693 3896 1621 8295 7980 9567 1947 8213 1064 2764 556 9906 7368 7213 7309 4609 5399 4982 3175 535 6400 6949 5955 4866 8083 509 2581 9002 8246 831 4281 4883 2793 9603 4580 1888 2653 5044
7366 7891 7803 8857 4293 1161 1276 2400 2830 3503 8729 7156 939 7063 5563 9523 1014 5189 358 7823 6554 7079 7576 5881 5466 1204 7916 5104 1727 1713 2427 7462 7851 5486 2400 3736 6878 8096 6011 0 3254 1080 751 9503 6519 7180 8476 477 1614 9395 2561 8139 6158 3599 172 4103 575 5264 7111 6238 2944 9295 8536 7150 799 8891 7947 6841 4586 4274 6112 8805 5398 3776 812 2802 4579 448 7004 7411 4299 1254 5087 3752 7875 4394 9679 3286 7523 318 1438 3292 657 5974 3835 43 1398 8591 7043 9133 1581 9115 166 2217 2957 8598 1125 2183 9044 7226 3467 6434 7995 9209 7440 8790 6846 8543 4776 9280 447 6358 8520 6921 6231 9569 1512 3858 1024 810 7873 3749 4471 5927 4196 6190 3615 9866 7575 4796 616 8918 1623 9601 7038 9228 6567 1558 4803 546 2907 9979 2346 1779 3949 9371 9716 2614 9910 1477 8074 7266 3688 1187 6865 4669 2448 1952 2800 6533 8462 7929 636 6868 8105 9617 1009 8979 2735 3434 4434 2466 967 8244 8815 7081 6763 1378 1112 2360 9561 5699 54 3481 8446 3741 9259 1290 6256 4920
2453 1533 1956 6607 4233 6196 15 641 139 1066 3731 9372 2746 4134 7281 7368 8249 9289 4590 5207 3321 7656 1149 4104 4640 5435 4674 6279 2205 2563 6942 3318 8306 3940 5821 7204 806 8927 7045 3254 0 2609 352 5323 265 8874 3314 9293 5946 1577 4077 1425 3687 963 3732 3877 2308 2936 8546 9187 1049 5347 5838 1728 9587 4673 663 383 9112 1078 9998 8550 1509 3320 3772 7343 8101 746 5108 1094 7027 6850 4411 6611 2534 2772 2939 9095 2504 3553 7289 6836 7352 4026 7763 7247 7134 1147 1174 4020 109 8039 4871 6040 5057 2188 831 5821 8530 8333 5032 6390 9043 7281 9859 5313 3749 1592 491 2222 3441 4089 2862 5576 7018 6547 871 9458 8491 1590 7695 3255 3923 5770 3041 1254 4866 2865 1504 9121 6398 2146 1696 8149 5959 4678 5672 3642 972 266 3682 7189 2165 6152 4950 3607 41 1446 1541 9394 3839 4784 8146 2717 2285 5888 5585 9462 4047 5927 2798 1071 3555 3985 2441 5625 2007 7304 3550 450 2048 1843 6242 6918 9501 8872 7513 6168 8166 9514 9229 3123 1344 1440 5844 8689 4903 373 5603 4914
