100
0 1398 3560 8499 1021 3681 5894 3318 9047 1516 972 4888 9551 8648 8668 6874 7701 7378 4021 2017 7694 814 5216 7250 3584 5170 782 8548 354 3390 4590 4253 5748 7905 2419 2953 2029 2586 3892 5325 2489 2237 9449 1180 5007 1387 5042 3879 6152 3149 8887 1415 2971 940 6125 149 3904 3353 9020 5480 175 5264 287 5678 607 7717 7656 8536 7523 9478 9317 5098 1006 7460 9502 1436 2021 1326 4941 4550 4401 783 741 6768 2028 7158 8224 2993 722 4587 5020 5706 2391 3284 6323 4354 8403 64 9761 6758
1398 0 380 5892 6247 5867 4889 9625 572 1378 4542 3760 5105 9132 9763 9992 3927 4206 8680 7480 2770 9543 4335 4666 5801 4152 3862 193 605 5862 832 7932 638 1281 2162 9016 5550 7360 3727 7709 4518 910 1198 5734 1696 8571 4427 2016 8952 489 9261 9910 2599 8167 2604 5337 9144 4044 9389 8431 5314 2064 225 7261 322 8944 6947 2075 1295 980 3460 8613 5484 836 7187 7185 4188 5345 1181 2430 2573 6239 1702 5989 6093 7411 9743 8413 768 7275 7059 4826 8349 5892 1319 9556 9513 5148 3686 8127
3560 380 0 7758 9590 3321 1119 2489 2879 3690 3593 7341 600 8279 6037 1486 2731 2005 8728 5183 7757 1182 2916 2229 4522 448 3704 8467 7397 8578 8055 7456 3502 3620 3993 2349 3580 7178 7769 3628 8156 6160 4090 6040 6477 3935 6247 2596 5356 9529 1515 6965 8275 4175 799 4188 7314 1946 2705 8360 3955 5402 8746 5768 2604 147 9533 2047 7248 6149 5124 7401 4677 7044 769 8602 2652 5500 3568 4984 637 300 2350 8686 2360 4069 6077 1430 1667 7480 3098 2514 9786 1736 6875 8237 1944 6237 6215 8936
8499 5892 7758 0 5449 5632 9437 2059 5063 2397 1308 6768 9076 3330 1606 6233 5014 384 4710 4097 6396 8485 1753 7368 8080 9376 8868 4133 2922 4225 7590 5780 8608 8962 7467 7372 2896 315 9666 9192 3892 3739 7523 1022 4180 4140 8760 644 133 9846 7402 24 5667 3428 8150 9071 9304 9786 6408 2377 8216 8598 4522 3112 8771 2386 121 4704 9605 3928 4858 2432 5120 249 1270 5832 7931 4816 3955 1309 6716 6754 9354 9940 698 5889 519 2047 5467 8621 2717 1724 1347 9946 1551 3041 499 284 8160 1257
1021 6247 9590 5449 0 1638 377 8717 6509 2237 5322 8641 4887 1349 5213 8304 8708 2969 7656 2994 5155 3148 6248 2464 5753 3057 5066 3818 3637 9426 1341 2723 1358 3184 2615 7533 4800 9769 2212 2291 4557 7819 5118 5755 6620 9304 1204 730 3216 5593 1844 3356 3573 4347 794 8660 9890 7172 8607 38 7801 8819 9758 194 1462 4443 3192 6881 725 477 1472 6874 6776 8675 7091 1722 4854 9918 3765 8130 4718 8940 8217 7052 1222 6929 4802 8532 5168 5940 9722 3003 5678 4598 5542 2829 9905 1511 7956 2921
3681 5867 3321 5632 1638 0 8380 3489 7447 996 7097 1641 2512 5477 5275 9495 7230 7029 682 7433 2352 2451 6826 6776 5477 9914 7361 8328 182 1552 3609 3973 6839 291 9673 8159 5284 7946 6252 9720 5997 572 568 4601 2968 3455 1958 8508 3939 7191 5228 5379 2377 7151 6771 452 5012 4382 5425 400 8926 5588 2154 4081 4831 242 9571 1935 2262 4544 8587 2264 9164 7039 4206 9753 324 2655 147 5376 1194 5004 6470 1398 2890 465 4000 5642 2876 8456 8608 5838 2368 6594 1228 5796 4947 1016 2664 2071
5894 4889 1119 9437 377 8380 0 2579 4483 7092 5018 920 7917 4896 5837 8055 385 4862 4595 6816 3766 7137 8009 778 497 6137 357 3017 5858 3771 5460 2932 6481 1046 4913 8298 8536 2765 5699 1503 8571 2460 3384 729 7231 1142 5054 5339 9110 1636 6892 7454 8594 3349 2769 3036 3997 9194 5183 8007 813 1574 5842 5263 2027 7535 9171 1671 6606 9057 8225 3229 5940 8855 5767 6232 7725 8568 8085 3123 9305 1942 5341 5039 4261 7441 9908 6497 826 4039 3876 9057 79 2760 7337 545 8906 8747 148 7376
3318 9625 2489 2059 8717 3489 2579 0 1325 1456 8718 8776 5677 3764 8711 3950 55 1516 5265 8218 8849 5950 1999 2331 6490 6549 5821 5505 6357 8227 5394 5427 3914 8933 9403 2640 215 2984 1014 1092 7018 6795 1688 391 8665 1530 8512 497 5380 6052 3491 288 2726 1168 5714 7109 4158 1456 5395 3998 4558 2028 1640 3962 2301 5526 8240 1216 3346 7959 6324 660 2058 4583 3248 7370 4131 6307 3251 5558 6576 1674 999 8408 9837 4374 4629 9742 5263 1759 8129 8368 3891 3980 811 5316 9724 6441 6143 2751
9047 572 2879 5063 6509 7447 4483 1325 0 8747 1341 1253 8395 308 2616 8799 2322 9196 9134 6385 9205 1378 4415 6891 6901 6300 1880 5160 469 5464 9241 4783 1689 8838 6617 4315 124 41 8206 6656 9256 552 2825 6150 26 9688 5212 3043 3307 202 1698 5701 201 8080 7904 6164 9443 8347 9740 6733 4760 671 919 6807 3889 773 9995 3069 3562 1520 736 7475 1243 3294 5805 7072 577 2161 9980 5340 3770 2470 2665 2647 2905 8039 4835 6228 7061 5881 8363 6471 2631 6673 2988 4114 7969 1858 5762 7487
1516 1378 3690 2397 2237 996 7092 1456 8747 0 5078 765 9508 178 8249 2800 1107 7655 3210 2797 5939 2237 4072 9951 4241 9920 5057 9069 2368 3363 5535 2773 2996 6902 8667 4338 6138 7136 6900 2061 2912 7447 4359 6386 9987 9811 6075 4304 6341 6947 5604 2928 9013 2858 7823 7945 901 6015 664 2274 6168 7066 1442 6397 9021 2081 9774 83 1153 3932 2689 6907 9467 22 3793 4084 9075 7281 8586 9932 4228 6823 2364 7856 6979 7344 9745 2556 5081 1184 1324 8001 5034 7815 6785 6260 1878 3181 1811 9412
972 4542 3593 1308 5322 7097 5018 8718 1341 5078 0 781 3931 7284 7272 2320 9230 9415 4864 1809 6773 9157 9405 1770 8433 5910 1664 8603 2576 9004 7766 4109 5861 2031 685 8902 9442 5863 1703 6899 6333 219 9631 830 8401 3674 6784 6440 3566 2662 845 3288 4271 6082 8737 8118 2412 4390 1472 5597 276 1319 2022 4727 5236 957 1425 5029 7352 8462 1265 4273 3395 2497 900 3679 5126 2156 1124 6028 1097 6518 9076 5624 2171 3835 1280 6523 912 4530 3128 7875 5695 8299 6408 9583 6528 3053 7849 1724
4888 3760 7341 6768 8641 1641 920 8776 1253 765 781 0 8858 8620 6511 7734 869 9728 3014 353 1671 7715 1823 4409 549 2243 8616 3316 2053 4143 591 285 1543 12 8496 6203 569 381 9559 5023 4478 3770 2520 9677 840 5485 8874 9523 3385 4662 427 1917 256 4949 8782 4189 8955 4263 2580 8754 4565 5456 5876 8772 5485 900 584 4287 2774 7304 2776 8619 5152 1998 4364 712 6068 9787 4666 4110 8333 2369 1025 6922 9149 6257 5073 4931 224 9404 9201 339 2024 4501 1553 8233 5001 8410 1513 8796
9551 5105 600 9076 4887 2512 7917 5677 8395 9508 3931 8858 0 5485 2718 7111 8502 1420 552 9083 2580 3684 338 6803 8598 6653 3732 5855 7833 8658 8862 7949 5625 7586 1578 4054 1636 4481 1395 4072 71 4585 834 5583 4115 9810 8204 4143 1804 6491 1802 3633 4023 9593 6450 4533 3317 6888 2383 4510 1192 2102 4202 2737 158 3720 6436 2494 1960 1617 6575 7603 3126 1173 7909 5952 6968 6832 8639 7765 8899 9388 731 6517 8668 9932 2016 3519 6849 2771 1182 4338 944 3411 3498 7192 8859 3406 4389 9117
8648 9132 8279 3330 1349 5477 4896 3764 308 178 7284 8620 5485 0 4 3787 9572 5271 3754 9579 9388 7791 3437 2408 8660 5701 9119 740 1051 742 3646 7857 6276 7811 4211 9048 581 4080 4425 5958 9683 7541 1223 2046 5661 7160 7800 6958 1149 4852 6833 4225 5589 2763 4068 720 1659 9208 4372 4 659 3756 6136 4779 9327 7698 6062 6629 7251 2791 1245 8459 2073 3137 9083 8244 3959 5468 7114 2759 3142 5682 6799 8738 5635 208 1734 3586 1302 6903 7375 6508 4485 9370 1365 790 3507 485 8105 3236
8668 9763 6037 1606 5213 5275 5837 8711 2616 8249 7272 6511 2718 4 0 7134 6689 9332 545 7599 6627 2411 5316 4889 6725 9249 2020 4768 2187 1935 5594 4795 4702 7513 3647 5308 3221 9380 7151 7410 3902 6289 8703 165 3999 4194 7803 237 8526 7755 6629 4442 8181 4834 2200 5593 9416 4022 2927 7476 7946 9218 5004 4242 9026 1572 9010 6141 9765 8348 8499 477 8256 645 3791 5824 5302 3866 2038 3312 8821 9287 1522 9199 6099 716 4079 7959 3744 5647 334 7975 3839 1454 63 9480 6102 3695 3684 7684
6874 9992 1486 6233 8304 9495 8055 3950 8799 2800 2320 7734 7111 3787 7134 0 6976 7812 2680 550 5024 2633 9098 3908 8402 4973 3204 7179 3449 686 108 8191 1735 933 7948 9597 2515 1554 7511 1754 3466 2856 6639 2765 6252 9528 1862 3881 5922 8132 7913 8655 7740 2969 9560 3147 4609 4608 4123 6911 1433 4435 3651 2657 2023 5970 5929 8595 4653 1144 5627 8684 3561 806 4655 9132 9970 9360 6976 6858 2109 9767 8940 2974 8837 9308 2899 6952 8883 8315 5793 57 2094 2195 8641 5074 3717 6023 1079 6448
7701 3927 2731 5014 8708 7230 385 55 2322 1107 9230 869 8502 9572 6689 6976 0 1974 1148 6218 638 2114 1387 2875 9706 4842 9184 4217 5528 1919 8889 3333 2882 5417 7777 9398 1777 3147 255 5436 6527 3267 4751 8562 4908 1527 5511 5748 2124 1499 7037 9053 1232 5224 1753 4863 3735 6294 5290 7829 933 8846 3835 8206 6363 7814 9826 2753 6909 7453 1535 3192 1668 6389 4511 9593 8259 6017 5942 7435 3715 6284 3058 934 1307 6595 1922 6001 1743 3239 9371 9106 7049 1864 782 9326 4406 1092 2569 8315
7378 4206 2005 384 2969 7029 4862 1516 9196 7655 9415 9728 1420 5271 9332 7812 1974 0 2318 9499 3745 9955 5017 7319 4022 6409 5021 9018 4158 1260 3842 655 7369 4173 7013 8413 8183 2012 3243 635 4702 9298 5038 4923 7010 5923 673 9308 2361 5182 9392 1716 517 2327 6990 8238 5643 8322 5833 7686 3977 8161 6455 7313 9145 5086 8260 4164 9008 246 8723 8972 1377 359 5112 8587 7828 3989 8330 3433 8199 8706 526 5929 5384 9317 7990 6200 6852 1555 5759 9961 4338 4223 656 7959 127 2771 774 9454
4021 8680 8728 4710 7656 682 4595 5265 9134 3210 4864 3014 552 3754 545 2680 1148 2318 0 970 4572 8763 6255 3735 5497 769 9952 4592 8566 3855 7931 8814 6037 6189 2035 5404 1636 7437 7104 8516 2607 2401 4167 6468 6988 5115 8747 3304 7900 8355 9012 5033 1376 1411 2879 1563 8801 7627 220 8250 6938 9109 6712 28 2549 3959 2714 8724 1885 5972 9426 4076 7570 7969 8120 8394 9691 6003 464 2417 116 2848 8165 3302 7433 390 4022 6664 9700 652 8100 6402 3374 9540 1882 8168 8468 1923 4805 7899
2017 7480 5183 4097 2994 7433 6816 8218 6385 2797 1809 353 9083 9579 7599 550 6218 9499 970 0 3295 9150 1422 7682 3892 6489 1266 235 1465 7847 3654 2790 4102 5229 1271 8461 9815 284 4759 9095 475 2805 782 471 5686 5888 5693 1828 9712 6246 6116 8288 7731 4552 6894 7363 5464 4161 8283 7416 1836 115 849 5203 9950 7766 8396 2463 5420 1713 5852 4625 7125 4732 2768 9603 2408 360 276 8926 6629 4828 2417 6526 9663 9867 4987 6728 8479 4055 3080 2483 9971 6647 1597 156 342 2310 1825 1670
7694 2770 7757 6396 5155 2352 3766 8849 9205 5939 6773 1671 2580 9388 6627 5024 638 3745 4572 3295 0 5341 4635 744 4223 9280 1754 7725 6443 4368 9677 5842 5406 9692 8998 4483 7450 515 5199 2251 8122 4475 8332 8076 6645 8106 6990 3126 3512 1183 2579 3142 6932 4043 1241 7853 6242 4433 3717 7408 3977 8905 5630 4198 9668 5967 5714 6610 9748 8674 1797 1913 5139 4220 7296 4612 108 9595 8140 9778 7589 5531 7454 2840 6810 7149 4209 1326 9913 6327 6601 1034 2921 3628 9054 7313 6640 6821 3397 5939
814 9543 1182 8485 3148 2451 7137 5950 1378 2237 9157 7715 3684 7791 2411 2633 2114 9955 8763 9150 5341 0 6783 803 5420 2512 7774 1778 2547 5163 3793 3471 3101 8569 9584 7236 4316 2000 8502 8767 724 4580 6212 6865 109 1278 9708 5405 7052 8044 9973 1833 5647 6193 849 3738 6144 3419 8480 6141 5277 5614 259 1655 9741 2594 6155 6771 3058 9188 7552 3576 5144 8409 2603 2949 7861 437 4115 5973 3304 4411 6939 5942 9543 430 9374 3249 9057 7857 6573 8427 2170 2863 8420 8616 9718 6625 2783 9740
5216 4335 2916 1753 6248 6826 8009 1999 4415 4072 9405 1823 338 3437 5316 9098 1387 5017 6255 1422 4635 6783 0 1687 9848 5949 5998 2831 9221 2155 5171 9553 1678 585 7811 5199 2595 6877 4924 328 9689 5540 9781 4593 211 1276 3309 5846 3805 1379 4195 6599 8925 3221 893 9658 6363 5005 7550 8233 4801 7318 5131 271 7407 1320 5024 1112 7865 400 8382 1369 2143 8832 7882 4061 3773 2259 8053 8164 8466 4625 4710 7078 3503 7327 3135 6602 7639 7273 9342 2127 185 165 4881 8113 5872 2378 908 767
7250 4666 2229 7368 2464 6776 778 2331 6891 9951 1770 4409 6803 2408 4889 3908 2875 7319 3735 7682 744 803 1687 0 8367 2104 9032 5286 2999 5281 6992 326 1560 3716 2515 7948 9317 3624 1096 3860 5330 1566 5980 8161 4782 6254 7394 9639 8541 3107 4043 1733 2347 9799 9465 8123 7942 9167 9055 1692 8695 7113 3207 4721 6639 8873 6497 9284 1215 4686 9780 5830 406 8655 2264 1503 9566 9565 2519 7440 74 9272 7545 7368 9299 8895 5758 1508 5740 7491 4114 2717 6112 1217 2506 6690 4196 4372 1364 904
3584 5801 4522 8080 5753 5477 497 6490 6901 4241 8433 549 8598 8660 6725 8402 9706 4022 5497 3892 4223 5420 9848 8367 0 4492 6764 7244 8832 1209 2039 1441 1307 60 9499 8401 5252 2100 9586 8602 9190 2263 589 3381 5846 837 7450 9084 7143 5584 8785 276 203 5738 7294 2400 6463 5829 8848 1760 6659 9110 480 8932 2854 7299 5869 1067 2163 1707 6365 2691 6637 6527 4809 8621 9078 6006 6869 6520 1306 8374 3207 7260 5511 5265 7612 979 504 2901 2623 4132 128 5333 6533 2116 9336 2924 2516 8108
5170 4152 448 9376 3057 9914 6137 6549 6300 9920 5910 2243 6653 5701 9249 4973 4842 6409 769 6489 9280 2512 5949 2104 4492 0 7189 7523 3175 3347 3089 7815 9669 9302 7724 779 2100 2161 8831 8317 2963 8693 3075 175 2791 9763 5975 1722 5842 5678 9012 9419 3379 8894 7501 8916 4375 566 2807 4010 9957 2284 5099 3870 4365 2340 481 5740 796 5528 3522 2324 2855 6042 6922 8493 5107 1609 8584 3213 5669 8192 327 2494 3430 479 8488 267 7203 4831 4937 2102 5597 891 7333 775 6897 4774 3055 9552
782 3862 3704 8868 5066 7361 357 5821 1880 5057 1664 8616 3732 9119 2020 3204 9184 5021 9952 1266 1754 7774 5998 9032 6764 7189 0 5444 8631 575 7998 3751 8284 6744 3706 2906 460 2781 4748 1133 6687 4543 1621 4398 393 8356 6422 8596 3644 1489 3258 3785 7918 4134 9124 2900 2070 6357 4645 4229 9319 5884 9677 6956 9305 6129 6484 4187 8352 2718 4007 5549 5989 1392 7075 5414 2773 5881 160 7206 805 1613 7700 2169 3419 4926 5222 2092 9474 1122 4277 924 2600 2828 9216 9730 2251 991 448 1824
8548 193 8467 4133 3818 8328 3017 5505 5160 9069 8603 3316 5855 740 4768 7179 4217 9018 4592 235 7725 1778 2831 5286 7244 7523 5444 0 6103 4452 6901 220 1951 8512 414 6562 9174 3181 7279 2706 6109 4910 6308 7862 8528 3423 9964 5048 6115 4932 9176 5297 8985 6420 9440 6558 3348 779 5530 4719 3179 3469 8835 7435 2233 5532 5699 554 972 2470 5295 3587 4372 786 948 2589 3323 1456 2571 4239 3523 9305 7675 8760 4749 3493 7535 4112 2917 6518 4957 1951 129 9345 5316 5223 5610 179 1842 6574
354 605 7397 2922 3637 182 5858 6357 469 2368 2576 2053 7833 1051 2187 3449 5528 4158 8566 1465 6443 2547 9221 2999 8832 3175 8631 6103 0 4139 6378 825 5174 4555 2786 8375 1197 9959 1294 6978 1086 4696 6749 8725 7725 7490 8794 7177 8107 4749 8638 6220 5881 7226 846 730 665 40 6799 6026 3724 214 655 4716 7285 8037 6350 4783 6061 1945 624 5546 3916 6975 2430 2639 3943 9869 2975 8394 3311 1245 2943 7155 9939 8801 5282 8234 952 9529 3467 2822 5712 5026 558 4252 9594 2427 2523 1631
3390 5862 8578 4225 9426 1552 3771 8227 5464 3363 9004 4143 8658 742 1935 686 1919 1260 3855 7847 4368 5163 2155 5281 1209 3347 575 4452 4139 0 5397 109 4786 8109 6812 5220 124 3597 8017 904 9031 9720 6024 5416 9670 381 1310 8239 1294 7959 6487 1448 6133 1534 2536 4607 2918 4605 8959 5213 9944 7542 7179 844 8320 8142 8658 5677 2225 941 4771 3824 3104 3189 6063 1057 317 8929 4181 9924 8795 7741 4897 6695 4285 7912 9419 1413 7013 1022 2480 1306 3804 431 4234 6815 3910 8298 2807 109
4590 832 8055 7590 1341 3609 5460 5394 9241 5535 7766 591 8862 3646 5594 108 8889 3842 7931 3654 9677 3793 5171 6992 2039 3089 7998 6901 6378 5397 0 3950 2263 2132 4746 8549 3264 252 6962 6497 8980 7273 8740 3629 4277 2099 6285 8 9340 359 5609 5813 4495 9707 7023 3051 8928 8100 5726 1429 3299 2490 1263 8713 3531 5313 2796 770 8445 3077 9357 3865 6551 5780 2985 2083 7751 4224 9246 8543 8762 9120 7420 9249 2343 3529 6056 560 6645 3458 9118 6544 9493 4704 3154 2943 7376 5572 4861 3024
4253 7932 7456 5780 2723 3973 2932 5427 4783 2773 4109 285 7949 7857 4795 8191 3333 655 8814 2790 5842 3471 9553 326 1441 7815 3751 220 825 109 3950 0 5787 5425 9726 910 4305 3264 488 1936 9242 2824 213 2591 6470 9579 8499 6354 7901 521 8216 8531 5571 8726 4350 7453 4293 4093 970 9633 925 3725 3118 109 4356 551 6684 7389 4193 3643 3877 7879 9433 6506 5489 280 9908 8122 6791 8136 753 1127 5797 1353 6687 4202 2558 7713 1302 3668 1616 942 6011 8552 1450 6736 4516 3558 4525 6720
5748 638 3502 8608 1358 6839 6481 3914 1689 2996 5861 1543 5625 6276 4702 1735 2882 7369 6037 4102 5406 3101 1678 1560 1307 9669 8284 1951 5174 4786 2263 5787 0 1948 7779 6950 6210 738 5567 8510 6719 7911 6886 4848 1877 6809 7295 7124 6289 4310 6659 7888 43 4680 690 9692 7308 2886 6753 6570 1885 9431 2305 6503 988 8513 5994 8123 6349 1959 4978 6063 9930 842 1159 5030 1300 8334 3503 6482 4564 7287 2877 6553 216 5397 8116 105 8640 6126 2983 7365 8839 1154 2317 283 8589 7872 9266 6474
7905 1281 3620 8962 3184 291 1046 8933 8838 6902 2031 12 7586 7811 7513 933 5417 4173 6189 5229 9692 8569 585 3716 60 9302 6744 8512 4555 8109 2132 5425 1948 0 8799 957 5036 6806 5306 193 5696 8049 9401 773 3605 6869 5824 2499 2903 1008 8194 8657 7119 9569 3948 2621 829 4302 9862 9466 8739 5466 7198 9697 8806 4774 8681 4546 114 9322 5721 975 8916 5986 753 3450 9306 7222 2949 5340 6633 1780 3050 2258 7813 5600 5058 4916 4717 4502 1339 8573 5305 9988 6207 588 9442 409 5978 6682
2419 2162 3993 7467 2615 9673 4913 9403 6617 8667 685 8496 1578 4211 3647 7948 7777 7013 2035 1271 8998 9584 7811 2515 9499 7724 3706 414 2786 6812 4746 9726 7779 8799 0 226 7132 6367 264 6550 554 7435 2921 4475 2518 1438 4958 3472 4129 3105 5258 5747 6875 4734 1245 3706 1011 4431 8822 3287 6378 608 3716 8373 8284 2062 9826 4929 9580 6330 1654 3966 7533 474 6600 6666 1645 6568 4738 6181 1264 4258 1529 6781 9097 7051 534 9737 4873 8387 1285 3627 7086 4930 1269 8336 4585 9981 1980 3238
2953 9016 2349 7372 7533 8159 8298 2640 4315 4338 8902 6203 4054 9048 5308 9597 9398 8413 5404 8461 4483 7236 5199 7948 8401 779 2906 6562 8375 5220 8549 910 6950 957 226 0 4635 934 9057 2930 4734 271 6325 1247 3703 2423 6014 6438 7901 1 3797 9946 3635 9565 918 2013 3741 5796 8905 7364 1230 786 2899 417 3059 3127 9061 8149 3200 254 866 3796 7181 1595 5780 7376 9206 4511 5550 9721 2154 3198 7443 6538 1783 4441 132 3251 6380 1061 7388 3622 9503 6439 7875 8863 8697 9784 109 8028
2029 5550 3580 2896 4800 5284 8536 215 124 6138 9442 569 1636 581 3221 2515 1777 8183 1636 9815 7450 4316 2595 9317 5252 2100 460 9174 1197 124 3264 4305 6210 5036 7132 4635 0 876 4975 715 1910 3642 4111 717 5534 6410 4739 2802 225 2612 1926 4797 5168 9742 3557 3921 8419 7804 6399 7781 9225 6705 1288 283 6153 5376 9124 1447 2650 5000 1033 2309 1713 5735 7543 4415 2785 8846 7610 5405 868 124 2841 644 312 9723 7759 5665 7519 6813 6645 9051 236 301 8616 6083 1432 3285 20 6821
2586 7360 7178 315 9769 7946 2765 2984 41 7136 5863 381 4481 4080 9380 1554 3147 2012 7437 284 515 2000 6877 3624 2100 2161 2781 3181 9959 3597 252 3264 738 6806 6367 934 876 0 1724 7069 5568 5990 7807 1131 6107 3416 4415 2367 6081 104 3666 6012 2876 6616 644 7496 1736 2869 8628 9386 5212 4035 4633 339 3958 2794 6674 3904 8062 4495 6277 1042 3953 9064 7129 7886 3386 7761 4539 3860 9714 8568 7436 594 193 502 8850 1576 7865 5669 9534 8155 8107 2047 3867 1166 990 6676 1768 8123
3892 3727 7769 9666 2212 6252 5699 1014 8206 6900 1703 9559 1395 4425 7151 7511 255 3243 7104 4759 5199 8502 4924 1096 9586 8831 4748 7279 1294 8017 6962 488 5567 5306 264 9057 4975 1724 0 1856 1976 8268 9057 6919 619 8865 5199 4011 9407 1625 5781 2483 1888 4363 5638 5388 4104 7794 3871 5175 5917 791 6801 1751 3373 5957 2792 8228 4042 8381 1927 5149 377 8637 5164 7251 9682 7606 415 4755 5707 8493 1125 4212 5181 6340 7592 875 4985 431 2311 5216 7990 2468 923 8034 5451 7864 4427 7490
5325 7709 3628 9192 2291 9720 1503 1092 6656 2061 6899 5023 4072 5958 7410 1754 5436 635 8516 9095 2251 8767 328 3860 8602 8317 1133 2706 6978 904 6497 1936 8510 193 6550 2930 715 7069 1856 0 640 8123 3258 31 6716 4119 8479 7334 7866 5205 6173 8011 5064 781 9329 8362 6015 2827 9138 5087 6572 3838 9270 6352 4182 1655 96 5611 8120 4978 7134 5121 5006 968 2058 9717 2792 5016 6920 2442 437 7043 1023 5877 9991 6448 5332 6472 228 3782 9661 6450 6395 2361 3107 6695 5719 9446 9063 1785
2489 4518 8156 3892 4557 5997 8571 7018 9256 2912 6333 4478 71 9683 3902 3466 6527 4702 2607 475 8122 724 9689 5330 9190 2963 6687 6109 1086 9031 8980 9242 6719 5696 554 4734 1910 5568 1976 640 0 341 4071 3190 7391 147 7501 5356 7175 9894 2296 7262 5689 9256 4124 3312 6409 4425 7211 8679 9387 8409 9065 3100 1093 292 4764 6721 2417 4080 8057 2094 5435 7161 6331 5988 5846 6476 7585 3512 2006 6841 3076 7528 4095 2777 2484 9665 8037 8001 1685 4416 6330 5007 380 6845 5267 8358 4418 2329
2237 910 6160 3739 7819 572 2460 6795 552 7447 219 3770 4585 7541 6289 2856 3267 9298 2401 2805 4475 4580 5540 1566 2263 8693 4543 4910 4696 9720 7273 2824 7911 8049 7435 271 3642 5990 8268 8123 341 0 4784 6569 7255 312 3796 6495 8360 5138 7941 1207 2995 5650 7738 4575 6422 6944 2270 9445 5784 7296 5940 2619 317 648 6670 5988 8253 3499 2966 720 4790 7718 165 7818 2311 372 3622 7743 8243 7811 32 2599 8467 6414 8764 1063 1604 6312 7824 918 5552 6683 4781 845 5434 4992 9882 6714
9449 1198 4090 7523 5118 568 3384 1688 2825 4359 9631 2520 834 1223 8703 6639 4751 5038 4167 782 8332 6212 9781 5980 589 3075 1621 6308 6749 6024 8740 213 6886 9401 2921 6325 4111 7807 9057 3258 4071 4784 0 6495 3606 8310 7590 1255 3103 5360 4144 9546 3342 8324 3938 8451 5164 6305 4500 5508 8347 5668 4302 2819 7889 8957 1865 3108 7357 8337 592 5766 6193 1015 5792 1931 9902 8233 1505 2357 6377 5844 6589 3101 4518 4184 6013 7028 2749 2986 441 9492 4824 7583 5103 1712 3825 7613 7595 3723
1180 5734 6040 1022 5755 4601 729 391 6150 6386 830 9677 5583 2046 165 2765 8562 4923 6468 471 8076 6865 4593 8161 3381 175 4398 7862 8725 5416 3629 2591 4848 773 4475 1247 717 1131 6919 31 3190 6569 6495 0 1256 3799 2597 906 2527 9638 4577 3101 7361 2205 6333 7041 8814 3531 8863 6124 7105 763 4683 5299 6751 6191 3217 3361 2628 5440 9179 3864 5721 8851 2500 2593 8074 5543 5582 7204 4898 4512 3396 464 6849 5145 2675 2856 5363 9246 40 9881 5012 1405 7309 2605 9780 1117 7822 2923
5007 1696 6477 4180 6620 2968 7231 8665 26 9987 8401 840 4115 5661 3999 6252 4908 7010 6988 5686 6645 109 211 4782 5846 2791 393 8528 7725 9670 4277 6470 1877 3605 2518 3703 5534 6107 619 6716 7391 7255 3606 1256 0 6465 1451 8655 2253 7035 8074 4976 4522 4289 8285 6507 2778 4260 3853 7100 7217 505 8716 3451 8697 537 8297 2848 6686 5120 5102 5985 584 9409 2794 8114 1801 6699 3363 9471 4200 2749 5277 1675 4606 1800 6219 3615 4711 398 9842 1642 3946 325 1123 4347 5900 5571 9631 6075
1387 8571 3935 4140 9304 3455 1142 1530 9688 9811 3674 5485 9810 7160 4194 9528 1527 5923 5115 5888 8106 1278 1276 6254 837 9763 8356 3423 7490 381 2099 9579 6809 6869 1438 2423 6410 3416 8865 4119 147 312 8310 3799 6465 0 9146 644 9627 7506 1389 3934 6883 4371 5976 2292 255 4389 71 5864 9556 4670 7661 6014 7442 5245 4360 1088 4011 5019 7460 6734 7666 9829 9269 5533 4424 1047 6603 2625 7516 4940 8546 5549 8304 5176 8588 1444 1457 11 4340 9247 2970 4543 2612 9107 6160 4979 1582 8748
5042 4427 6247 8760 1204 1958 5054 8512 5212 6075 6784 8874 8204 7800 7803 1862 5511 673 8747 5693 6990 9708 3309 7394 7450 5975 6422 9964 8794 1310 6285 8499 7295 5824 4958 6014 4739 4415 5199 8479 7501 3796 7590 2597 1451 9146 0 5141 8859 4121 7724 6436 1723 5936 6951 5428 6958 5099 926 369 6627 8112 8053 3007 5630 2318 6991 3978 1606 4653 9783 7052 2260 5348 7681 2884 4265 7779 4810 7340 331 266 302 9720 9011 3560 3769 5824 4360 5900 8930 3692 2370 3898 989 3938 408 9381 9618 6817
3879 2016 2596 644 730 8508 5339 497 3043 4304 6440 9523 4143 6958 237 3881 5748 9308 3304 1828 3126 5405 5846 9639 9084 1722 8596 5048 7177 8239 8 6354 7124 2499 3472 6438 2802 2367 4011 7334 5356 6495 1255 906 8655 644 5141 0 4327 6210 7442 2032 7740 1698 1189 778 1288 8745 5168 7842 7410 6600 9926 4884 5736 8461 4045 7655 6721 5980 3526 7030 7467 3713 5458 9556 8737 1850 5227 2221 8181 4521 7758 9474 3242 2230 7233 8090 4280 783 6682 4466 5046 3463 6596 690 4024 9735 9828 5507
6152 8952 5356 133 3216 3939 9110 5380 3307 6341 3566 3385 1804 1149 8526 5922 2124 2361 7900 9712 3512 7052 3805 8541 7143 5842 3644 6115 8107 1294 9340 7901 6289 2903 4129 7901 225 6081 9407 7866 7175 8360 3103 2527 2253 9627 8859 4327 0 9815 7466 331 8850 9177 5108 4716 1280 7057 711 9395 2884 2064 3296 6918 2747 6421 8539 2912 819 5765 8960 7007 5100 5428 5530 1081 499 5911 1040 2623 371 6868 3487 3223 6976 470 491 3303 3983 3474 8447 1234 5174 9568 1393 8119 5933 3221 7686 2920
3149 489 9529 9846 5593 7191 1636 6052 202 6947 2662 4662 6491 4852 7755 8132 1499 5182 8355 6246 1183 8044 1379 3107 5584 5678 1489 4932 4749 7959 359 521 4310 1008 3105 1 2612 104 1625 5205 9894 5138 5360 9638 7035 7506 4121 6210 9815 0 6623 6360 4863 3739 4455 5421 748 1686 454 5432 4651 8981 529 2673 5536 9635 608 8725 1011 9616 924 7094 9400 3561 6000 4440 5917 1884 9797 3049 5509 2690 62 1173 3359 6629 2089 2139 2726 4845 5001 9888 9450 7398 2335 8813 1250 6118 9702 5765
8887 9261 1515 7402 1844 5228 6892 3491 1698 5604 845 427 1802 6833 6629 7913 7037 9392 9012 6116 2579 9973 4195 4043 8785 9012 3258 9176 8638 6487 5609 8216 6659 8194 5258 3797 1926 3666 5781 6173 2296 7941 4144 4577 8074 1389 7724 7442 7466 6623 0 8103 46 3376 3360 6898 6970 750 7212 4389 4838 546 8426 7503 6400 8287 1525 8272 2141 3069 4299 9321 432 5728 5430 517 5731 3490 4264 8686 1471 4591 1466 2679 4522 6560 3083 2573 9641 2291 8414 8453 705 6777 3991 4493 9979 2651 5254 9512
1415 9910 6965 24 3356 5379 7454 288 5701 2928 3288 1917 3633 4225 4442 8655 9053 1716 5033 8288 3142 1833 6599 1733 276 9419 3785 5297 6220 1448 5813 8531 7888 8657 5747 9946 4797 6012 2483 8011 7262 1207 9546 3101 4976 3934 6436 2032 331 6360 8103 0 4086 4251 7691 5102 6803 8249 7565 9282 8267 6217 9657 5180 3992 9583 4039 3997 821 7549 1439 6086 2905 5766 9300 2552 8295 4797 6502 4753 4130 4565 8153 1609 7499 438 8851 5198 7248 3491 5314 3984 5712 2327 3218 9438 9793 8712 832 4320
2971 2599 8275 5667 3573 2377 8594 2726 201 9013 4271 256 4023 5589 8181 7740 1232 517 1376 7731 6932 5647 8925 2347 203 3379 7918 8985 5881 6133 4495 5571 43 7119 6875 3635 5168 2876 1888 5064 5689 2995 3342 7361 4522 6883 1723 7740 8850 4863 46 4086 0 5665 1918 8435 6391 2093 3972 158 2750 4391 6972 2260 7806 9097 1912 5819 4759 6066 6250 719 2560 1968 8575 7201 852 4227 1365 162 5918 751 8946 4485 8737 7403 1967 1785 8012 2221 4012 1524 2117 8977 2839 1652 4694 7120 9213 9947
940 8167 4175 3428 4347 7151 3349 1168 8080 2858 6082 4949 9593 2763 4834 2969 5224 2327 1411 4552 4043 6193 3221 9799 5738 8894 4134 6420 7226 1534 9707 8726 4680 9569 4734 9565 9742 6616 4363 781 9256 5650 8324 2205 4289 4371 5936 1698 9177 3739 3376 4251 5665 0 4205 5652 659 8478 5765 8556 1818 5906 5066 2810 9094 8548 5228 6970 8528 8652 3895 5749 8114 1567 2428 2663 3679 8481 4151 9147 8008 974 4573 877 8586 5436 1260 7730 7277 2786 1190 9518 6818 1521 4290 1302 1612 6844 8138 7843
6125 2604 799 8150 794 6771 2769 5714 7904 7823 8737 8782 6450 4068 2200 9560 1753 6990 2879 6894 1241 849 893 9465 7294 7501 9124 9440 846 2536 7023 4350 690 3948 1245 918 3557 644 5638 9329 4124 7738 3938 6333 8285 5976 6951 1189 5108 4455 3360 7691 1918 4205 0 7026 7055 1596 6143 6437 577 4431 678 8911 6673 5191 7866 8398 3337 1243 1977 2225 3443 3552 8350 4663 3314 5995 3506 9144 9693 855 778 2656 8297 5475 130 8438 9058 9529 2174 5695 2358 1407 5572 9179 7622 4311 947 635
149 5337 4188 9071 8660 452 3036 7109 6164 7945 8118 4189 4533 720 5593 3147 4863 8238 1563 7363 7853 3738 9658 8123 2400 8916 2900 6558 730 4607 3051 7453 9692 2621 3706 2013 3921 7496 5388 8362 3312 4575 8451 7041 6507 2292 5428 778 4716 5421 6898 5102 8435 5652 7026 0 9322 5241 1559 8141 6117 7782 916 7914 4804 9416 4306 1386 3 2682 5586 5953 3291 6136 4043 8395 6261 8912 3755 5137 712 1223 5839 1647 554 6616 7800 260 6499 1004 2805 5188 830 62 8980 5200 2260 6427 9859 95
3904 9144 7314 9304 9890 5012 3997 4158 9443 901 2412 8955 3317 1659 9416 4609 3735 5643 8801 5464 6242 6144 6363 7942 6463 4375 2070 3348 665 2918 8928 4293 7308 829 1011 3741 8419 1736 4104 6015 6409 6422 5164 8814 2778 255 6958 1288 1280 748 6970 6803 6391 659 7055 9322 0 9278 4145 288 1477 8549 3593 2949 5815 2839 6970 7087 3575 7760 3958 4201 3650 3521 2661 6902 3661 841 2748 6542 2043 5169 1949 7080 8869 539 6012 336 3003 9980 6271 5430 5511 3927 5434 1017 5370 3672 402 4637
3353 4044 1946 9786 7172 4382 9194 1456 8347 6015 4390 4263 6888 9208 4022 4608 6294 8322 7627 4161 4433 3419 5005 9167 5829 566 6357 779 40 4605 8100 4093 2886 4302 4431 5796 7804 2869 7794 2827 4425 6944 6305 3531 4260 4389 5099 8745 7057 1686 750 8249 2093 8478 1596 5241 9278 0 6702 1602 6351 7686 2966 7862 9966 9979 2809 5050 6282 247 2925 9882 3641 9897 2579 9605 5467 9283 8321 8299 8721 6331 9950 5197 3292 9046 4610 8516 409 1957 7137 3776 7149 8230 885 6395 4010 8874 7851 8812
9020 9389 2705 6408 8607 5425 5183 5395 9740 664 1472 2580 2383 4372 2927 4123 5290 5833 220 8283 3717 8480 7550 9055 8848 2807 4645 5530 6799 8959 5726 970 6753 9862 8822 8905 6399 8628 3871 9138 7211 2270 4500 8863 3853 71 926 5168 711 454 7212 7565 3972 5765 6143 1559 4145 6702 0 8150 5312 9046 3177 5196 5992 6072 8715 6080 3283 4720 918 4156 9629 5827 8043 6950 78 2891 2834 9976 287 1265 9367 3607 2199 6323 5157 7686 9772 7358 7046 9924 2232 4872 9570 5769 1382 5806 1121 5276
5480 8431 8360 2377 38 400 8007 3998 6733 2274 5597 8754 4510 4 7476 6911 7829 7686 8250 7416 7408 6141 8233 1692 1760 4010 4229 4719 6026 5213 1429 9633 6570 9466 3287 7364 7781 9386 5175 5087 8679 9445 5508 6124 7100 5864 369 7842 9395 5432 4389 9282 158 8556 6437 8141 288 1602 8150 0 1581 8959 7222 2138 1659 8926 2605 3480 5503 374 5007 1812 3398 7053 7512 4962 4214 3551 9527 5768 8643 7678 3873 5870 2380 2733 677 1699 8523 6785 6043 2242 2044 1966 196 2675 490 7427 479 6503
175 5314 3955 8216 7801 8926 813 4558 4760 6168 276 4565 1192 659 7946 1433 933 3977 6938 1836 3977 5277 4801 8695 6659 9957 9319 3179 3724 9944 3299 925 1885 8739 6378 1230 9225 5212 5917 6572 9387 5784 8347 7105 7217 9556 6627 7410 2884 4651 4838 8267 2750 1818 577 6117 1477 6351 5312 1581 0 2621 2827 9731 2901 9665 9407 6418 5885 5281 3001 9374 3109 1426 9462 5166 9931 2453 6702 7552 6248 1815 775 156 9463 8851 7658 1715 2967 494 3564 6513 2398 3912 4275 8099 9556 4278 1336 310
5264 2064 5402 8598 8819 5588 1574 2028 671 7066 1319 5456 2102 3756 9218 4435 8846 8161 9109 115 8905 5614 7318 7113 9110 2284 5884 3469 214 7542 2490 3725 9431 5466 608 786 6705 4035 791 3838 8409 7296 5668 763 505 4670 8112 6600 2064 8981 546 6217 4391 5906 4431 7782 8549 7686 9046 8959 2621 0 4366 1306 6134 4632 8999 8527 5573 950 9831 6204 6947 6196 8232 8720 6256 767 589 5552 235 699 7925 5147 828 8846 1 9526 9657 9284 434 1995 3900 1377 1290 4406 4841 9756 7393 619
287 225 8746 4522 9758 2154 5842 1640 919 1442 2022 5876 4202 6136 5004 3651 3835 6455 6712 849 5630 259 5131 3207 480 5099 9677 8835 655 7179 1263 3118 2305 7198 3716 2899 1288 4633 6801 9270 9065 5940 4302 4683 8716 7661 8053 9926 3296 529 8426 9657 6972 5066 678 916 3593 2966 3177 7222 2827 4366 0 7654 6444 1169 1627 4594 970 6922 3670 4378 7063 5758 7878 3232 3179 1210 1976 1299 3760 917 2153 3436 9457 8208 2756 2744 9267 9023 1638 3308 3287 1021 1603 564 6524 3990 3304 2220
5678 7261 5768 3112 194 4081 5263 3962 6807 6397 4727 8772 2737 4779 4242 2657 8206 7313 28 5203 4198 1655 271 4721 8932 3870 6956 7435 4716 844 8713 109 6503 9697 8373 417 283 339 1751 6352 3100 2619 2819 5299 3451 6014 3007 4884 6918 2673 7503 5180 2260 2810 8911 7914 2949 7862 5196 2138 9731 1306 7654 0 6848 3459 1191 9169 5825 58 7353 7768 7147 9060 553 6652 9898 9723 4054 8727 8122 1831 5133 1746 5477 9680 1612 9419 934 9408 5731 1841 173 71 2023 1469 6931 7886 6268 5307
607 322 2604 8771 1462 4831 2027 2301 3889 9021 5236 5485 158 9327 9026 2023 6363 9145 2549 9950 9668 9741 7407 6639 2854 4365 9305 2233 7285 8320 3531 4356 988 8806 8284 3059 6153 3958 3373 4182 1093 317 7889 6751 8697 7442 5630 5736 2747 5536 6400 3992 7806 9094 6673 4804 5815 9966 5992 1659 2901 6134 6444 6848 0 2229 7211 793 5688 1346 2174 435 1535 9563 860 3922 9360 274 7550 2287 4454 3356 8381 9003 7091 9561 3897 6646 4744 6571 9731 3501 1572 5145 4457 2887 6844 9818 8096 7700
7717 8944 147 2386 4443 242 7535 5526 773 2081 957 900 3720 7698 1572 5970 7814 5086 3959 7766 5967 2594 1320 8873 7299 2340 6129 5532 8037 8142 5313 551 8513 4774 2062 3127 5376 2794 5957 1655 292 648 8957 6191 537 5245 2318 8461 6421 9635 8287 9583 9097 8548 5191 9416 2839 9979 6072 8926 9665 4632 1169 3459 2229 0 4683 9733 2676 6592 7555 1052 1668 4229 4337 172 213 2103 9086 5708 9660 8148 5038 5894 3367 1393 1803 3358 4746 3141 261 4533 1854 4306 5954 865 9927 6668 6996 1427
7656 6947 9533 121 3192 9571 9171 8240 9995 9774 1425 584 6436 6062 9010 5929 9826 8260 2714 8396 5714 6155 5024 6497 5869 481 6484 5699 6350 8658 2796 6684 5994 8681 9826 9061 9124 6674 2792 96 4764 6670 1865 3217 8297 4360 6991 4045 8539 608 1525 4039 1912 5228 7866 4306 6970 2809 8715 2605 9407 8999 1627 1191 7211 4683 0 9795 1187 654 1265 2482 657 6439 7053 1241 8313 2620 5018 5540 2952 8096 6587 4791 9406 4383 7583 9953 2115 4546 8889 6527 9994 5203 2176 7006 6911 1088 8913 8544
8536 2075 2047 4704 6881 1935 1671 1216 3069 83 5029 4287 2494 6629 6141 8595 2753 4164 8724 2463 6610 6771 1112 9284 1067 5740 4187 554 4783 5677 770 7389 8123 4546 4929 8149 1447 3904 8228 5611 6721 5988 3108 3361 2848 1088 3978 7655 2912 8725 8272 3997 5819 6970 8398 1386 7087 5050 6080 3480 6418 8527 4594 9169 793 9733 9795 0 5568 1739 6239 7341 4349 6994 6495 7808 4044 6024 7469 1326 8006 7019 9360 3773 8662 7341 4157 1163 7240 4568 1143 3171 7144 9009 2411 7672 2463 7357 9456 3910
7523 1295 7248 9605 725 2262 6606 3346 3562 1153 7352 2774 1960 7251 9765 4653 6909 9008 1885 5420 9748 3058 7865 1215 2163 796 8352 972 6061 2225 8445 4193 6349 114 9580 3200 2650 8062 4042 8120 2417 8253 7357 2628 6686 4011 1606 6721 819 1011 2141 821 4759 8528 3337 3 3575 6282 3283 5503 5885 5573 970 5825 5688 2676 1187 5568 0 7674 9452 8969 2405 2024 6519 7406 466 9617 3479 4171 9603 8927 6374 9959 9107 4942 1951 5603 5312 8467 5381 8645 7467 3703 2197 9075 8660 1017 669 1365
9478 980 6149 3928 477 4544 9057 7959 1520 3932 8462 7304 1617 2791 8348 1144 7453 246 5972 1713 8674 9188 400 4686 1707 5528 2718 2470 1945 941 3077 3643 1959 9322 6330 254 5000 4495 8381 4978 4080 3499 8337 5440 5120 5019 4653 5980 5765 9616 3069 7549 6066 8652 1243 2682 7760 247 4720 374 5281 950 6922 58 1346 6592 654 1739 7674 0 3190 2927 6733 37 2485 5127 289 8720 118 9478 4290 2070 7065 2479 7541 726 5312 8677 6172 6934 2102 6930 7678 4622 2290 4198 3556 8196 3256 2044
9317 3460 5124 4858 1472 8587 8225 6324 736 2689 1265 2776 6575 1245 8499 5627 1535 8723 9426 5852 1797 7552 8382 9780 6365 3522 4007 5295 624 4771 9357 3877 4978 5721 1654 866 1033 6277 1927 7134 8057 2966 592 9179 5102 7460 9783 3526 8960 924 4299 1439 6250 3895 1977 5586 3958 2925 918 5007 3001 9831 3670 7353 2174 7555 1265 6239 9452 3190 0 1348 7208 6464 172 2825 3790 7414 7749 4777 4475 5476 8814 3639 2278 8669 5834 248 9253 4399 2504 5926 320 9510 9211 610 7576 7078 5888 933
5098 8613 7401 2432 6874 2264 3229 660 7475 6907 4273 8619 7603 8459 477 8684 3192 8972 4076 4625 1913 3576 1369 5830 2691 2324 5549 3587 5546 3824 3865 7879 6063 975 3966 3796 2309 1042 5149 5121 2094 720 5766 3864 5985 6734 7052 7030 7007 7094 9321 6086 719 5749 2225 5953 4201 9882 4156 1812 9374 6204 4378 7768 435 1052 2482 7341 8969 2927 1348 0 5685 8407 4343 2411 6078 3937 3971 1290 4616 965 2487 8513 1716 608 9923 3421 8377 2708 7793 4638 9661 1005 9056 8076 4386 9758 5965 3110
1006 5484 4677 5120 6776 9164 5940 2058 1243 9467 3395 5152 3126 2073 8256 3561 1668 1377 7570 7125 5139 5144 2143 406 6637 2855 5989 4372 3916 3104 6551 9433 9930 8916 7533 7181 1713 3953 377 5006 5435 4790 6193 5721 584 7666 2260 7467 5100 9400 432 2905 2560 8114 3443 3291 3650 3641 9629 3398 3109 6947 7063 7147 1535 1668 657 4349 2405 6733 7208 5685 0 6548 4395 3558 3509 8089 8090 6390 7889 4726 2940 5813 5093 8385 3127 1066 6124 2392 415 8125 4138 2002 8929 6096 8163 8409 1706 471
7460 836 7044 249 8675 7039 8855 4583 3294 22 2497 1998 1173 3137 645 806 6389 359 7969 4732 4220 8409 8832 8655 6527 6042 1392 786 6975 3189 5780 6506 842 5986 474 1595 5735 9064 8637 968 7161 7718 1015 8851 9409 9829 5348 3713 5428 3561 5728 5766 1968 1567 3552 6136 3521 9897 5827 7053 1426 6196 5758 9060 9563 4229 6439 6994 2024 37 6464 8407 6548 0 7124 8361 5331 5949 4964 3851 2614 7938 2124 648 8603 2079 4047 2480 1088 4036 2050 5805 6006 3626 8534 9304 1353 6133 3227 438
9502 7187 769 1270 7091 4206 5767 3248 5805 3793 900 4364 7909 9083 3791 4655 4511 5112 8120 2768 7296 2603 7882 2264 4809 6922 7075 948 2430 6063 2985 5489 1159 753 6600 5780 7543 7129 5164 2058 6331 165 5792 2500 2794 9269 7681 5458 5530 6000 5430 9300 8575 2428 8350 4043 2661 2579 8043 7512 9462 8232 7878 553 860 4337 7053 6495 6519 2485 172 4343 4395 7124 0 8556 2651 6956 3174 6253 5016 1281 2115 2728 5562 8730 6278 4391 6062 3730 611 4565 7113 5592 5075 5834 4689 530 8730 4574
1436 7185 8602 5832 1722 9753 6232 7370 7072 4084 3679 712 5952 8244 5824 9132 9593 8587 8394 9603 4612 2949 4061 1503 8621 8493 5414 2589 2639 1057 2083 280 5030 3450 6666 7376 4415 7886 7251 9717 5988 7818 1931 2593 8114 5533 2884 9556 1081 4440 517 2552 7201 2663 4663 8395 6902 9605 6950 4962 5166 8720 3232 6652 3922 172 1241 7808 7406 5127 2825 2411 3558 8361 8556 0 37 4172 896 4603 9027 4806 485 1041 9585 7511 2853 6380 2932 7011 7160 3264 6119 7908 7096 5847 2197 8019 313 451
2021 4188 2652 7931 4854 324 7725 4131 577 9075 5126 6068 6968 3959 5302 9970 8259 7828 9691 2408 108 7861 3773 9566 9078 5107 2773 3323 3943 317 7751 9908 1300 9306 1645 9206 2785 3386 9682 2792 5846 2311 9902 8074 1801 4424 4265 8737 499 5917 5731 8295 852 3679 3314 6261 3661 5467 78 4214 9931 6256 3179 9898 9360 213 8313 4044 466 289 3790 6078 3509 5331 2651 37 0 9852 4559 6452 5024 7684 5783 5084 4533 7411 2627 4796 1991 9394 140 3028 5144 1960 1317 6626 4753 9488 5038 4149
1326 5345 5500 4816 9918 2655 8568 6307 2161 7281 2156 9787 6832 5468 3866 9360 6017 3989 6003 360 9595 437 2259 9565 6006 1609 5881 1456 9869 8929 4224 8122 8334 7222 6568 4511 8846 7761 7606 5016 6476 372 8233 5543 6699 1047 7779 1850 5911 1884 3490 4797 4227 8481 5995 8912 841 9283 2891 3551 2453 767 1210 9723 274 2103 2620 6024 9617 8720 7414 3937 8089 5949 6956 4172 9852 0 9294 2406 9762 9679 1799 9340 6036 2162 6084 7173 1194 9606 2102 4885 2063 322 4529 3773 4875 171 3702 1343
4941 1181 3568 3955 3765 147 8085 3251 9980 8586 1124 4666 8639 7114 2038 6976 5942 8330 464 276 8140 4115 8053 2519 6869 8584 160 2571 2975 4181 9246 6791 3503 2949 4738 5550 7610 4539 415 6920 7585 3622 1505 5582 3363 6603 4810 5227 1040 9797 4264 6502 1365 4151 3506 3755 2748 8321 2834 9527 6702 589 1976 4054 7550 9086 5018 7469 3479 118 7749 3971 8090 4964 3174 896 4559 9294 0 9545 7838 3293 3574 2382 8471 2023 4195 9416 243 9021 1055 6598 930 8990 62 9824 8524 9819 7304 8457
4550 2430 4984 1309 8130 5376 3123 5558 5340 9932 6028 4110 7765 2759 3312 6858 7435 3433 2417 8926 9778 5973 8164 7440 6520 3213 7206 4239 8394 9924 8543 8136 6482 5340 6181 9721 5405 3860 4755 2442 3512 7743 2357 7204 9471 2625 7340 2221 2623 3049 8686 4753 162 9147 9144 5137 6542 8299 9976 5768 7552 5552 1299 8727 2287 5708 5540 1326 4171 9478 4777 1290 6390 3851 6253 4603 6452 2406 9545 0 3047 547 6556 2865 438 6807 3286 2442 6641 5956 5482 4448 6208 6970 9817 7994 8872 2958 1847 9688
4401 2573 637 6716 4718 1194 9305 6576 3770 4228 1097 8333 8899 3142 8821 2109 3715 8199 116 6629 7589 3304 8466 74 1306 5669 805 3523 3311 8795 8762 753 4564 6633 1264 2154 868 9714 5707 437 2006 8243 6377 4898 4200 7516 331 8181 371 5509 1471 4130 5918 8008 9693 712 2043 8721 287 8643 6248 235 3760 8122 4454 9660 2952 8006 9603 4290 4475 4616 7889 2614 5016 9027 5024 9762 7838 3047 0 2235 5773 9565 7196 3042 4193 657 9007 5193 1049 3192 5487 2069 6403 9705 8603 80 7177 3608
783 6239 300 6754 8940 5004 1942 1674 2470 6823 6518 2369 9388 5682 9287 9767 6284 8706 2848 4828 5531 4411 4625 9272 8374 8192 1613 9305 1245 7741 9120 1127 7287 1780 4258 3198 124 8568 8493 7043 6841 7811 5844 4512 2749 4940 266 4521 6868 2690 4591 4565 751 974 855 1223 5169 6331 1265 7678 1815 699 917 1831 3356 8148 8096 7019 8927 2070 5476 965 4726 7938 1281 4806 7684 9679 3293 547 2235 0 2448 7934 7399 3118 9426 6413 1070 2490 358 2171 5153 8987 2226 1974 1900 5266 564 6933
