100
0 7085 7459 5492 9871 2259 7683 4474 5081 1420 1703 6277 1289 7707 7340 9591 324 6053 8039 8026 9308 3914 8388 678 3172 5393 7849 7299 42 9670 9918 8395 7464 3988 300 6645 1418 9131 2625 4922 6996 4931 90 8726 1383 324 2051 7847 8088 3909 561 8736 901 3863 5330 5125 1237 9229 2004 5583 9806 240 1156 3914 2753 4354 3932 1587 4214 2261 1929 5113 7739 4113 5262 8344 6862 3370 1526 1302 6877 9901 8218 5815 8908 7536 7997 687 2292 6134 780 3321 17 7685 1479 2888 3798 8982 5315 4301
7085 0 3624 1098 4333 7401 8422 8717 662 4515 9854 8234 9152 7233 7764 3685 8448 8417 6609 3512 6416 1937 5919 8149 109 3558 9039 4978 1512 6616 1035 5044 1534 7357 447 1363 4296 9557 3751 1988 1452 3629 4154 6841 4707 3631 2898 476 2864 2377 8696 2920 5275 8718 6461 7971 3457 2191 4791 9828 1870 6403 6514 7858 8615 5768 3547 9374 9703 1923 6875 6929 542 7158 9128 4215 2980 5421 3161 805 7950 8306 2225 9455 3838 9889 975 857 6961 9800 8333 2302 500 1369 6857 2672 2317 6740 7225 6926
7459 3624 0 6935 240 2970 3639 4400 524 4416 7231 3788 5757 3186 223 2816 6623 7211 3409 3354 8269 5667 2001 9313 279 5959 7069 5388 7459 6423 9395 7519 798 7042 766 4858 6132 9074 2267 3586 7493 3720 7997 9328 5716 8066 8167 3949 7288 6428 1824 1174 4027 5271 9022 3971 7964 9912 3609 7490 3617 5655 8053 4188 2336 6616 1058 2183 4958 2503 7709 8699 834 9822 8135 3978 562 261 8576 2868 6840 3983 6211 4881 9530 9786 1235 7592 4859 7596 6031 8600 94 7512 7496 2953 8132 516 7552 5754
5492 1098 6935 0 7769 6585 3776 6139 5159 232 595 4016 723 1299 5860 668 3351 7536 5734 7804 5175 8154 4673 1926 7922 4451 565 9172 4578 2916 8627 2123 7185 6585 7301 8301 1821 3106 5356 3480 7081 2905 1295 6581 8426 2084 1906 3703 4152 2171 2033 5449 191 5541 4328 3277 1214 2350 468 8060 7927 1084 1286 9065 1118 146 3114 9900 3498 6509 7796 4139 434 2842 4497 895 6109 8737 6646 9488 1533 3940 5917 8655 2758 795 3075 7641 111 6282 584 3381 7456 6504 1328 6463 8547 8861 2410 6258
9871 4333 240 7769 0 7314 9889 6809 1769 6921 4457 6104 5617 9023 7171 5170 4478 368 7145 306 4436 3549 9023 1655 8572 5434 1929 4409 729 2910 3343 2739 4686 11 5963 7615 3286 9884 6181 4382 5965 8915 1008 9011 6488 1876 9582 3106 1506 2594 1384 3468 7093 8839 8117 3359 2803 8803 8484 5611 3344 3240 1054 8740 6018 3779 2938 3249 2308 4663 771 5298 3347 2555 2323 576 9581 8969 3362 9560 2408 5098 4875 7505 9511 951 6450 631 8878 5056 1897 3738 85 6014 9557 5455 5591 8869 711 7051
2259 7401 2970 6585 7314 0 288 6653 6783 7354 957 8411 3154 9622 4498 7909 6012 6708 3331 6974 60 6006 8027 8837 1630 7599 2123 5842 2248 6149 1435 2877 6870 7555 2770 1999 9732 9786 5429 3025 9126 1719 6099 7332 7025 1171 5253 3697 7708 5696 9611 3005 5622 7040 1426 6067 6887 9644 6696 8811 57 7147 6506 2691 8270 1441 10000 1120 8252 1762 4917 9571 2766 881 4283 9846 4392 8930 3222 5748 7054 4610 6645 9112 5542 3266 1830 2790 6698 1477 3366 6563 3733 2624 1373 6101 2068 6612 6030 7854
7683 8422 3639 3776 9889 288 0 4143 3130 2109 769 1809 237 62 2648 6699 6399 1266 6390 8019 8112 9371 4325 3206 2538 628 6583 4031 236 3736 5063 8437 3370 2744 3577 8916 8876 3227 9800 4301 595 4537 4221 7205 4433 8079 1198 1480 1026 7958 690 4762 1262 4322 6649 3077 9714 9778 6567 4080 857 5254 1916 4716 9650 3110 5765 2149 3196 2153 3380 7052 9396 1531 3603 6022 2153 3502 6793 1834 1198 4753 1223 472 5014 4789 1475 739 6581 6189 6180 2051 5570 4556 6922 7764 5037 6408 2890 9670
4474 8717 4400 6139 6809 6653 4143 0 2275 7328 7015 4168 2683 6167 68 9627 2331 293 5453 1743 1378 6717 8827 7834 2532 8079 680 8533 116 2865 8007 4071 4593 1346 2054 6202 9387 798 4181 5344 5659 8506 6032 136 2436 6410 1024 6399 1645 8163 3631 3426 2055 5598 9829 9656 545 538 1229 5572 3914 8213 9729 6254 4521 3520 4257 8890 3398 7360 611 2321 5026 3820 6762 6018 8508 4800 2358 2765 1511 8954 5994 7557 7829 2804 6826 8168 3528 2828 9646 3112 8815 8492 4325 6034 2169 8422 4720 4256
5081 662 524 5159 1769 6783 3130 2275 0 3042 1695 9581 5065 8738 1485 6355 6652 7 7077 4482 5353 9474 2492 8812 6118 7183 6545 5817 7332 8009 3592 7513 1969 9217 2606 6991 1197 224 6228 5708 4103 6826 3871 1734 4347 7742 1815 7043 6133 6764 8949 521 2849 7889 8438 8273 4174 9680 1382 6940 8899 6338 6954 4634 8873 3029 5511 5143 4259 9947 1659 9595 573 116 5526 2956 2968 2894 3873 5954 4530 5804 4930 1928 1453 1707 6313 3187 6534 7618 5939 7639 8286 9455 577 9033 9625 118 4999 5269
1420 4515 4416 232 6921 7354 2109 7328 3042 0 3188 8506 2594 5559 753 8503 9471 6852 4757 993 4989 3468 3368 3847 9864 3829 3563 8818 823 8626 2977 453 9545 8025 455 8839 6260 2653 776 4675 9986 9856 5087 2721 2427 7829 3987 4641 4259 8590 2103 1186 5306 1219 4415 5067 8277 6461 9295 72 1358 5294 523 1006 5868 302 326 1790 1458 4184 7129 9013 876 1545 9202 5227 1675 1729 1325 2137 1036 5940 8993 6172 4555 8627 5392 4320 2675 6750 3684 9636 9955 3113 8926 9114 3862 540 3414 2891
1703 9854 7231 595 4457 957 769 7015 1695 3188 0 307 8301 7759 9787 11 676 3367 1565 2920 1881 234 5848 9755 2817 4960 9240 7080 859 4820 7423 3019 9637 3405 4754 4178 3397 358 2881 1594 9732 9781 7064 5048 8710 4122 3546 5269 153 4085 3951 6215 8516 4937 2347 6458 3164 5692 6635 5588 3037 1756 6906 4116 6195 1759 5984 494 945 5904 2120 7095 1749 9925 1620 3211 544 1671 4963 2367 2596 1498 7395 4996 1587 3158 3305 2849 2317 1498 3105 7288 4586 4880 2352 554 2024 1615 4013 5254
6277 8234 3788 4016 6104 8411 1809 4168 9581 8506 307 0 2808 6358 5839 8813 6233 6261 8921 4054 6771 4306 8047 4389 2983 6982 9388 8230 4871 4148 7136 4299 3300 7702 8271 3765 8955 4881 8631 7696 5552 434 7319 1430 5457 6878 6535 6808 8386 6079 4064 8312 5570 9752 9602 8565 4247 3218 4218 5092 8807 1702 9906 3181 6375 6602 1920 6951 1588 7642 183 5514 1056 6641 6164 9202 7243 9251 4739 1113 1426 6 8191 9627 5738 5263 4186 548 1484 2235 998 8637 8241 2005 2870 4383 9259 7789 6585 1020
1289 9152 5757 723 5617 3154 237 2683 5065 2594 8301 2808 0 5952 3215 7156 5154 8139 4206 3356 5009 942 9332 9530 1648 2179 2182 166 7896 7189 1845 6199 1475 49 5744 9199 8183 4014 5856 1733 2273 1916 5190 1981 5443 5487 7745 8257 4701 9964 8421 8528 9068 7503 6777 7989 1928 2278 926 5371 6782 1080 5654 118 5979 3006 8051 3897 2244 9895 3496 9683 6531 9297 5905 6723 798 5263 3681 113 1215 8192 2927 2204 7275 5165 775 6249 7998 4771 868 1507 2052 5206 8336 3313 7084 7979 5639 8349
7707 7233 3186 1299 9023 9622 62 6167 8738 5559 7759 6358 5952 0 2361 9523 4267 4593 641 9965 9277 7075 5165 1124 1202 6704 2476 6257 9419 2694 190 3224 897 472 6794 468 709 9085 9029 2640 2656 4006 5138 9046 5082 771 3909 5055 9575 1167 9940 2276 2760 8974 3219 5084 4929 1601 8779 6827 1435 2056 6994 6643 7150 339 4607 8841 2283 3682 4080 1201 3077 6729 7501 1842 9081 7559 8933 8585 5221 2533 4774 3897 1883 2804 3282 5969 1655 6012 1344 819 7881 8668 2478 362 5069 6743 556 5196
7340 7764 223 5860 7171 4498 2648 68 1485 753 9787 5839 3215 2361 0 7500 2120 3882 5668 2962 3316 3030 6558 1770 1468 2140 9421 8829 177 4675 8613 3979 7765 1188 5278 2421 2166 742 893 5372 2752 4291 5590 903 9060 2875 5668 2386 9362 9174 460 2437 7512 8673 8984 4254 4607 5468 691 5599 4132 5059 5805 869 6335 8674 2326 1212 6893 365 5223 2545 1497 6848 3581 6367 6911 9180 8391 6236 2072 5265 4033 5106 7513 5235 4660 2323 3484 3363 9311 423 5582 5216 7866 4252 6928 3377 3988 7764
9591 3685 2816 668 5170 7909 6699 9627 6355 8503 11 8813 7156 9523 7500 0 4498 6994 9566 9147 3180 1241 8366 1475 1344 7405 6604 5903 1817 5377 6586 3976 3571 2824 2542 5252 2063 9261 4039 2194 6646 3685 2398 1649 6563 9164 6861 4559 8871 7243 5467 1327 1550 367 8783 8388 8805 2752 9224 5279 4761 7672 144 1410 1740 7977 463 3616 4626 3471 4174 9625 8009 3636 4872 194 3014 9871 3211 861 4364 9102 6625 2425 8704 9892 7084 4469 992 3520 7981 7968 7028 273 3501 1531 7741 9446 900 5314
324 8448 6623 3351 4478 6012 6399 2331 6652 9471 676 6233 5154 4267 2120 4498 0 3433 933 4224 3714 6930 9178 6737 5652 7512 1499 3570 6478 2609 23 7396 7543 2307 1185 4699 8830 3201 2049 5921 6040 1795 3969 6955 8856 901 3502 6028 4881 6107 9942 3384 565 1475 6207 3014 2370 4430 8820 8073 2541 6185 1756 9330 4057 6210 3361 7230 5744 6577 7468 6664 7106 8119 7762 7532 7432 5692 1762 3900 8600 9489 2630 3358 5975 4058 3519 3437 2168 8194 4302 9609 510 1164 1280 6144 2755 344 4247 6981
6053 8417 7211 7536 368 6708 1266 293 7 6852 3367 6261 8139 4593 3882 6994 3433 0 2526 8073 6753 7143 3728 6508 8025 6146 1468 8006 9829 853 7143 9017 6771 6506 7110 2742 493 6928 3306 5252 3065 7496 5163 4652 4644 8204 4292 7164 2265 436 9697 2667 1596 807 126 4833 7891 6451 196 622 5590 7142 8610 5707 9293 1409 6386 8766 1662 8046 8648 6582 1826 7390 2940 563 2318 1062 1739 178 5569 558 4418 4476 186 4858 9653 521 491 4046 3302 7146 3647 5345 1257 5084 692 5044 1982 6100
8039 6609 3409 5734 7145 3331 6390 5453 7077 4757 1565 8921 4206 641 5668 9566 933 2526 0 2846 3119 5555 2670 2468 1309 2790 164 4064 3128 1152 7212 1652 7194 9968 4684 4897 3988 6515 6167 4035 303 6982 1776 3701 3327 2396 5867 2284 331 9490 3596 438 3635 2022 9053 6653 7068 3325 8013 5572 2753 7891 5963 3527 2141 1299 1855 5807 5992 9007 3193 2315 4999 2438 5732 1217 9274 4100 3424 8780 414 763 4965 2900 2306 2603 7055 5524 8020 6000 1310 2373 6313 1629 100 3766 4222 3724 2344 2848
8026 3512 3354 7804 306 6974 8019 1743 4482 993 2920 4054 3356 9965 2962 9147 4224 8073 2846 0 9178 7460 660 5118 1070 9160 3583 5725 291 6991 8371 7129 6782 9413 6341 5186 8315 3863 2444 6776 7154 339 5893 7690 2534 3345 9375 8345 3773 5014 544 7435 2114 2962 7342 1504 7989 9679 506 9976 5866 8648 2410 8704 5445 424 3447 4615 2731 9621 3449 6777 2876 3406 3729 7038 8825 9677 2676 2795 9244 4039 8719 1260 9718 6554 341 6230 9143 4780 2043 2644 2967 8081 3565 3990 8875 4122 9615 7930
9308 6416 8269 5175 4436 60 8112 1378 5353 4989 1881 6771 5009 9277 3316 3180 3714 6753 3119 9178 0 7103 7473 1876 8590 6989 1958 7131 9788 9376 5389 5861 4200 2804 6393 9535 5322 8194 5114 9657 9909 6959 8434 5359 9900 2130 93 2529 8210 5032 6501 2632 1713 3140 1577 9406 6839 553 9904 9935 8701 556 822 6228 1801 1268 2440 4527 6072 6184 6720 6467 1782 5959 3671 6310 6997 7611 9895 5718 3862 3251 4875 7976 3261 7000 918 8346 7710 7517 8682 1743 3129 7638 4140 3551 8592 6293 3292 6061
3914 1937 5667 8154 3549 6006 9371 6717 9474 3468 234 4306 942 7075 3030 1241 6930 7143 5555 7460 7103 0 799 3922 8433 354 2767 1777 5497 967 266 8724 8125 7571 3368 2253 7552 2937 6665 9025 5924 6920 1947 8945 9102 7786 7861 444 4093 5750 1922 277 4858 5283 5346 8370 2536 7761 8591 2305 7564 4126 5671 7551 32 6076 9925 3512 8943 6280 3793 30 8661 2065 785 4908 4671 1424 2019 3716 1779 210 4427 3115 3056 7399 1747 9198 434 5319 4227 6189 2815 3851 9827 2741 4363 2587 3398 7753
8388 5919 2001 4673 9023 8027 4325 8827 2492 3368 5848 8047 9332 5165 6558 8366 9178 3728 2670 660 7473 799 0 3510 6768 7614 8479 1645 8194 3794 96 2338 3309 9950 7412 4759 7782 6658 2420 7857 9824 9130 2142 9009 860 6822 9233 8803 1030 1014 2344 456 8063 5738 4304 6425 1962 7723 6755 5522 412 8153 724 5447 6785 6115 5634 9218 6525 8902 6771 2912 796 2940 385 5774 1804 7136 3323 9142 9529 6578 3262 5493 9642 6844 6906 7881 7452 896 3895 1504 893 8382 1042 5920 1934 2816 5154 1907
678 8149 9313 1926 1655 8837 3206 7834 8812 3847 9755 4389 9530 1124 1770 1475 6737 6508 2468 5118 1876 3922 3510 0 6785 266 5201 260 6618 641 4323 1184 8476 5229 6598 9587 9112 7887 1164 7559 2261 8916 9163 4611 3603 1940 7017 610 7262 6960 1567 3535 4962 9492 1511 4507 1974 1180 2238 1878 436 2937 1256 7180 1294 5719 7229 8103 6967 7997 4594 5110 6216 7492 5928 4006 6763 1155 2792 4065 1413 3990 3760 9534 8803 8530 9424 4039 8914 3749 155 4113 7473 5549 4607 4423 7361 8317 1263 6307
3172 109 279 7922 8572 1630 2538 2532 6118 9864 2817 2983 1648 1202 1468 1344 5652 8025 1309 1070 8590 8433 6768 6785 0 6607 883 8262 5530 487 4796 214 2789 5656 2430 9096 605 4635 5290 7305 3429 5218 8513 2354 8806 2913 8644 905 8541 1955 2661 3837 4178 7369 4192 846 7817 3863 3521 4750 5483 3838 1817 5824 1835 4586 8739 2009 7770 9838 2922 106 5950 5452 7918 5154 3443 2955 3051 8546 6629 4498 2985 8395 6625 510 5430 3474 401 5241 7772 8751 2061 5303 4670 2491 1834 3693 7201 5085
5393 3558 5959 4451 5434 7599 628 8079 7183 3829 4960 6982 2179 6704 2140 7405 7512 6146 2790 9160 6989 354 7614 266 6607 0 5680 3727 6143 9358 9944 5321 778 6246 6374 9502 7576 1003 2532 6810 3590 5570 886 7627 5666 4046 8403 5805 6904 41 1012 91 2468 6080 6533 8011 8925 1990 7413 6494 250 3762 5419 4669 9425 6892 982 2270 6641 4932 3021 523 782 1766 86 5968 9183 5436 9678 717 6921 2597 923 4648 8805 2470 6738 698 4843 2111 7600 6138 8427 6072 6852 688 115 3146 4098 4444
7849 9039 7069 565 1929 2123 6583 680 6545 3563 9240 9388 2182 2476 9421 6604 1499 1468 164 3583 1958 2767 8479 5201 883 5680 0 8979 5266 3925 2207 9083 9386 7141 1251 4585 6380 3799 8332 6130 1489 2989 48 7155 6612 783 6289 1668 1138 6179 4556 6785 9381 4079 3534 5468 2745 1430 3896 8505 3265 5719 4036 4819 7838 325 9204 5906 380 831 1379 71 2209 2290 31 6216 706 1999 8212 1545 4527 3034 4375 6332 801 6871 2105 2370 1585 5271 6863 913 6583 7152 5902 9376 7557 4839 5943 4616
7299 4978 5388 9172 4409 5842 4031 8533 5817 8818 7080 8230 166 6257 8829 5903 3570 8006 4064 5725 7131 1777 1645 260 8262 3727 8979 0 7134 8781 6808 4590 1654 6849 8046 6158 9623 6288 2179 939 8765 9307 7286 7621 8949 9966 5664 6913 9280 8671 6369 1944 9095 8775 8941 1768 7088 7215 8602 2968 4098 3974 1585 7421 6859 1042 9985 3071 4226 6086 4798 6072 7452 8680 2186 9731 4118 1206 4345 8209 6850 3696 9943 7741 7119 8950 6904 3137 3308 6824 273 2261 5965 516 8915 4801 5470 9849 5739 225
42 1512 7459 4578 729 2248 236 116 7332 823 859 4871 7896 9419 177 1817 6478 9829 3128 291 9788 5497 8194 6618 5530 6143 5266 7134 0 8720 9853 4322 2320 4585 3440 1044 7293 5260 794 6308 682 1193 910 8552 4057 6326 5886 7867 3254 2556 2445 2262 5975 9210 3377 5960 2900 8371 7186 9376 7350 2092 9281 7892 8617 1336 2608 7829 2500 1947 2883 5822 2075 6127 8239 3591 1677 5437 150 4874 8426 9811 7562 7201 3278 6577 7635 4496 9010 8931 8272 5240 2523 6842 6197 3306 1272 7781 5699 340
9670 6616 6423 2916 2910 6149 3736 2865 8009 8626 4820 4148 7189 2694 4675 5377 2609 853 1152 6991 9376 967 3794 641 487 9358 3925 8781 8720 0 7363 2142 8775 2412 2020 2642 7886 1342 5689 3256 9777 6797 2525 8421 2130 7026 508 8329 515 8544 3370 5054 1441 1326 4489 9492 5075 2700 8539 1399 8465 6903 116 4148 7240 398 9347 8188 7404 1486 4183 1233 2085 8429 8035 2315 5678 3945 2929 2002 7647 5201 6786 9528 419 7941 9200 7341 2493 8830 3095 9620 7272 7772 7945 3027 8333 9546 2304 2101
9918 1035 9395 8627 3343 1435 5063 8007 3592 2977 7423 7136 1845 190 8613 6586 23 7143 7212 8371 5389 266 96 4323 4796 9944 2207 6808 9853 7363 0 8569 8859 5523 7745 5896 2330 9554 3983 858 5135 4492 5488 6138 163 6944 962 9928 2974 5041 6353 8595 6623 8758 9588 3746 7087 350 439 6662 8361 7163 3003 278 1293 9745 39 4828 5695 9217 1852 5801 2550 7716 6525 4913 3657 2516 9772 1291 1583 2762 7630 114 916 8936 8564 7630 7106 1270 9278 3749 6598 7252 8958 1752 3758 1790 132 9910
8395 5044 7519 2123 2739 2877 8437 4071 7513 453 3019 4299 6199 3224 3979 3976 7396 9017 1652 7129 5861 8724 2338 1184 214 5321 9083 4590 4322 2142 8569 0 8153 6146 1442 5240 6446 1434 5999 586 5901 760 5183 3975 9814 38 2909 4186 8355 2278 1456 8996 7211 3779 7332 5280 5941 963 5855 5037 8511 663 7327 9718 4973 7252 1267 4498 4501 1167 3117 9151 9549 8057 3937 7386 5466 385 631 2681 3723 4409 6027 8062 6023 2266 6595 8034 3897 7980 1378 876 7852 1656 3689 1775 5995 1876 4534 4034
7464 1534 798 7185 4686 6870 3370 4593 1969 9545 9637 3300 1475 897 7765 3571 7543 6771 7194 6782 4200 8125 3309 8476 2789 778 9386 1654 2320 8775 8859 8153 0 2077 1083 2817 251 264 9095 1402 495 9740 6321 3673 9179 490 7629 1168 6941 7893 5030 7997 3633 214 4120 1920 9971 545 5113 6813 6340 9848 3053 5357 276 5961 4076 3474 4560 4449 4333 197 1643 977 4871 1843 1015 2761 4919 785 4247 9803 2886 9841 9272 4436 2764 315 179 7714 1638 6511 8047 1513 3789 3844 1797 783 689 8159
3988 7357 7042 6585 11 7555 2744 1346 9217 8025 3405 7702 49 472 1188 2824 2307 6506 9968 9413 2804 7571 9950 5229 5656 6246 7141 6849 4585 2412 5523 6146 2077 0 690 867 8987 9906 518 8719 6729 9716 9494 1310 7048 4958 6881 1452 4753 8907 1586 8522 2048 2719 4731 3598 3529 815 2865 4577 5219 4908 7914 1364 4810 2238 3001 5042 6452 1023 193 7080 8314 4950 5224 7700 7961 8529 1212 126 5092 7455 5336 7834 6711 3188 1331 868 8812 1763 8300 498 2736 673 9494 5120 1951 3021 3300 100
300 447 766 7301 5963 2770 3577 2054 2606 455 4754 8271 5744 6794 5278 2542 1185 7110 4684 6341 6393 3368 7412 6598 2430 6374 1251 8046 3440 2020 7745 1442 1083 690 0 8007 5970 7261 9286 3729 4253 6801 4529 3331 7704 5956 6580 8964 4495 7874 7484 6231 4732 7585 8784 1314 9177 3957 7655 5719 5928 9058 553 2639 1691 2493 4668 6994 4394 1818 3753 3413 7655 6277 5218 1192 6564 4300 2204 9817 8661 8971 4685 9024 1105 6620 1978 2136 3525 9112 4034 148 2974 4168 4555 3062 9751 3065 9628 9392
6645 1363 4858 8301 7615 1999 8916 6202 6991 8839 4178 3765 9199 468 2421 5252 4699 2742 4897 5186 9535 2253 4759 9587 9096 9502 4585 6158 1044 2642 5896 5240 2817 867 8007 0 1520 6075 5924 156 9838 7365 7049 2980 4360 6721 7837 2304 803 5884 3382 4463 3868 3222 2148 6837 4347 8801 2042 5029 1907 5589 7139 4441 9966 3325 2910 2656 2094 8973 2283 1363 3468 3165 2498 5636 9978 9036 9041 8674 9502 9150 7977 556 1744 939 830 5470 2531 2674 3841 6317 5191 6213 5099 7805 6856 90 582 7904
1418 4296 6132 1821 3286 9732 8876 9387 1197 6260 3397 8955 8183 709 2166 2063 8830 493 3988 8315 5322 7552 7782 9112 605 7576 6380 9623 7293 7886 2330 6446 251 8987 5970 1520 0 5094 1744 6815 6655 5060 2474 3114 5043 9534 308 516 8171 7314 1207 5219 1553 2912 5950 6334 5209 1230 2682 5485 3991 9906 2237 2601 9741 1096 6534 3197 6321 4434 8456 1456 434 5054 8637 84 1351 9494 4172 8892 2159 446 3946 5973 410 3560 4754 2239 8566 5246 3323 9704 3993 6661 3516 8182 2590 9809 7746 5679
9131 9557 9074 3106 9884 9786 3227 798 224 2653 358 4881 4014 9085 742 9261 3201 6928 6515 3863 8194 2937 6658 7887 4635 1003 3799 6288 5260 1342 9554 1434 264 9906 7261 6075 5094 0 9548 2124 6330 2323 6929 5009 214 1019 6892 5906 4553 9018 2892 9100 1985 9603 7054 6375 5172 5399 6439 7683 9320 540 779 2113 7420 7431 9601 1098 9232 6981 6994 4023 277 4089 2269 7395 3834 9209 5922 9127 76 1353 5066 532 1992 9922 4584 9945 9141 5647 1627 3728 7791 6434 7336 3826 221 6683 1781 8212
2625 3751 2267 5356 6181 5429 9800 4181 6228 776 2881 8631 5856 9029 893 4039 2049 3306 6167 2444 5114 6665 2420 1164 5290 2532 8332 2179 794 5689 3983 5999 9095 518 9286 5924 1744 9548 0 20 3655 8528 2957 4770 6269 4656 8740 3752 9692 6995 4354 8981 9716 2214 7266 8956 5001 8612 3851 3973 1325 9277 8885 874 5920 3563 459 6891 6853 753 30 6716 9220 9525 8803 6600 1034 5890 9084 9160 2045 2068 5075 6259 5016 1149 7927 9054 5925 5000 1699 2014 8628 680 4847 8406 9661 2730 500 3708
4922 1988 3586 3480 4382 3025 4301 5344 5708 4675 1594 7696 1733 2640 5372 2194 5921 5252 4035 6776 9657 9025 7857 7559 7305 6810 6130 939 6308 3256 858 586 1402 8719 3729 156 6815 2124 20 0 8296 2657 3461 4516 2328 413 1185 8265 8245 9634 2449 2562 5493 3002 376 3678 5835 544 8627 8030 5044 4847 8568 9067 7872 7822 1110 5184 1424 4950 715 5873 5720 8022 246 4738 2148 6193 5364 2033 7045 4909 2006 8019 9937 6865 414 1132 233 1722 8692 3489 2109 8277 2670 6109 2704 1038 7614 5779
6996 1452 7493 7081 5965 9126 595 5659 4103 9986 9732 5552 2273 2656 2752 6646 6040 3065 303 7154 9909 5924 9824 2261 3429 3590 1489 8765 682 9777 5135 5901 495 6729 4253 9838 6655 6330 3655 8296 0 2744 3405 5363 3214 2661 1380 2824 3910 3661 5059 8208 983 5265 2255 7735 1836 6372 5545 3552 3217 8201 9147 9342 1453 4126 4345 5397 8275 4301 4433 9356 1897 4703 464 6330 71 6792 5080 5874 467 1186 5534 5528 434 4358 2680 9365 8320 5192 9943 6689 1434 4448 2187 7945 819 312 3991 6596
4931 3629 3720 2905 8915 1719 4537 8506 6826 9856 9781 434 1916 4006 4291 3685 1795 7496 6982 339 6959 6920 9130 8916 5218 5570 2989 9307 1193 6797 4492 760 9740 9716 6801 7365 5060 2323 8528 2657 2744 0 2349 8010 7396 8264 7833 47 7115 2456 2407 6367 9375 4643 9514 3116 4575 6671 7571 2559 3423 4618 2301 1005 3094 3546 1907 4366 3052 617 7401 4884 1893 8515 6290 121 4211 4277 7744 4288 8781 9360 6044 9108 7387 8782 3231 5369 9508 1450 6889 7110 3054 4030 7570 8115 6832 5603 8114 9337
90 4154 7997 1295 1008 6099 4221 6032 3871 5087 7064 7319 5190 5138 5590 2398 3969 5163 1776 5893 8434 1947 2142 9163 8513 886 48 7286 910 2525 5488 5183 6321 9494 4529 7049 2474 6929 2957 3461 3405 2349 0 736 3708 6296 437 3279 5215 7091 6762 8369 2328 6567 4255 610 2499 3432 9204 7148 5796 9747 7066 6909 1074 4012 1106 9867 531 5322 6756 2716 6133 9929 2735 3626 6169 9028 6342 5328 6728 677 6801 5914 2994 6347 4685 688 2059 3625 140 6632 3619 1902 8725 9656 90 5755 4897 6495
8726 6841 9328 6581 9011 7332 7205 136 1734 2721 5048 1430 1981 9046 903 1649 6955 4652 3701 7690 5359 8945 9009 4611 2354 7627 7155 7621 8552 8421 6138 3975 3673 1310 3331 2980 3114 5009 4770 4516 5363 8010 736 0 1671 4815 5241 3808 1286 7910 6138 3124 2611 5357 8272 8533 5213 5694 6174 1981 1867 9573 350 9470 5640 5143 5882 5188 2765 5551 4550 7837 7274 1737 2397 1960 5849 4120 8953 7952 2723 5234 6612 9427 9555 809 9970 189 77 2756 3090 358 2150 1545 7415 4912 5302 3894 3562 3807
1383 4707 5716 8426 6488 7025 4433 2436 4347 2427 8710 5457 5443 5082 9060 6563 8856 4644 3327 2534 9900 9102 860 3603 8806 5666 6612 8949 4057 2130 163 9814 9179 7048 7704 4360 5043 214 6269 2328 3214 7396 3708 1671 0 4899 2527 9694 4325 44 6264 3506 2517 2967 5594 4775 5437 5386 1522 682 4167 3154 1376 911 4705 8501 9833 9093 3943 8151 4030 2100 60 4640 8761 7268 3564 6894 4704 3742 5338 672 2547 3879 1582 8126 7653 9942 9985 9009 9104 3105 891 9129 1566 2213 2208 1187 2190 2451
324 3631 8066 2084 1876 1171 8079 6410 7742 7829 4122 6878 5487 771 2875 9164 901 8204 2396 3345 2130 7786 6822 1940 2913 4046 783 9966 6326 7026 6944 38 490 4958 5956 6721 9534 1019 4656 413 2661 8264 6296 4815 4899 0 6086 6379 174 7664 4915 1929 775 2092 3749 3342 8007 3765 6606 6826 1323 6098 7348 7634 2257 5510 7779 1269 5594 7758 5126 4801 1679 2470 4739 6478 4214 2271 7437 5745 4485 7185 6969 186 563 3774 3133 2251 8989 9473 4370 8211 7335 6969 2786 4055 5635 6086 6066 4858
2051 2898 8167 1906 9582 5253 1198 1024 1815 3987 3546 6535 7745 3909 5668 6861 3502 4292 5867 9375 93 7861 9233 7017 8644 8403 6289 5664 5886 508 962 2909 7629 6881 6580 7837 308 6892 8740 1185 1380 7833 437 5241 2527 6086 0 9855 4520 2707 9785 6652 7237 9002 8135 1687 7004 3885 9062 8785 4470 9736 7070 3178 1574 3237 3075 6482 4986 8107 7823 4763 6502 6162 5458 6898 4594 9709 4199 7287 2688 9163 1389 6681 6783 5625 3977 2791 8524 7620 551 6441 3876 1362 7810 8767 9874 196 637 5857
7847 476 3949 3703 3106 3697 1480 6399 7043 4641 5269 6808 8257 5055 2386 4559 6028 7164 2284 8345 2529 444 8803 610 905 5805 1668 6913 7867 8329 9928 4186 1168 1452 8964 2304 516 5906 3752 8265 2824 47 3279 3808 9694 6379 9855 0 5163 4391 8907 7860 8988 9529 9146 8949 7705 6792 450 8431 1923 6288 1033 4629 9322 6155 5981 3736 710 6406 6697 2625 8668 512 401 188 5563 7414 6077 484 2921 6844 2884 8757 9618 2387 8597 8634 1398 795 6433 8714 56 8731 1182 1635 1673 9728 204 5566
8088 2864 7288 4152 1506 7708 1026 1645 6133 4259 153 8386 4701 9575 9362 8871 4881 2265 331 3773 8210 4093 1030 7262 8541 6904 1138 9280 3254 515 2974 8355 6941 4753 4495 803 8171 4553 9692 8245 3910 7115 5215 1286 4325 174 4520 5163 0 1621 9952 3055 2890 6027 5950 556 1026 3998 1702 5061 7099 6695 4304 4262 9298 9755 3689 3067 1029 5705 1605 1914 8066 4006 1328 8451 3033 5542 4654 9284 9369 6534 3173 7749 8269 2834 4685 7119 3244 1384 6228 4025 6522 5718 3333 2773 1394 1246 7116 9390
3909 2377 6428 2171 2594 5696 7958 8163 6764 8590 4085 6079 9964 1167 9174 7243 6107 436 9490 5014 5032 5750 1014 6960 1955 41 6179 8671 2556 8544 5041 2278 7893 8907 7874 5884 7314 9018 6995 9634 3661 2456 7091 7910 44 7664 2707 4391 1621 0 2523 8305 4852 593 1547 8269 7258 9474 7180 1853 3862 3908 8601 8308 3993 4509 7047 9698 5765 6548 7958 3995 5200 7326 2534 8257 956 1753 3031 8202 482 9596 5531 1981 1497 5617 538 9304 6177 2125 6701 225 9409 5376 2634 4525 7825 3479 6456 3000
561 8696 1824 2033 1384 9611 690 3631 8949 2103 3951 4064 8421 9940 460 5467 9942 9697 3596 544 6501 1922 2344 1567 2661 1012 4556 6369 2445 3370 6353 1456 5030 1586 7484 3382 1207 2892 4354 2449 5059 2407 6762 6138 6264 4915 9785 8907 9952 2523 0 7029 9427 4260 4476 849 85 6455 1569 2319 8839 433 3194 1367 6585 5053 154 9446 6919 5820 3620 6344 3136 8049 7801 7382 7393 4466 5225 2887 422 7935 1993 7636 939 49 6102 3428 3920 678 3136 7349 4525 2249 299 1756 1616 3712 2048 2714
8736 2920 1174 5449 3468 3005 4762 3426 521 1186 6215 8312 8528 2276 2437 1327 3384 2667 438 7435 2632 277 456 3535 3837 91 6785 1944 2262 5054 8595 8996 7997 8522 6231 4463 5219 9100 8981 2562 8208 6367 8369 3124 3506 1929 6652 7860 3055 8305 7029 0 3802 3721 139 9394 673 3957 2757 9752 2402 2341 6270 8711 9071 8813 3276 4460 4949 559 6387 8106 6461 5669 5136 7828 413 8612 5994 9812 925 9759 4604 9357 4223 6597 9567 3997 3813 6534 7972 2723 3158 4777 5644 7295 6899 874 212 9993
901 5275 4027 191 7093 5622 1262 2055 2849 5306 8516 5570 9068 2760 7512 1550 565 1596 3635 2114 1713 4858 8063 4962 4178 2468 9381 9095 5975 1441 6623 7211 3633 2048 4732 3868 1553 1985 9716 5493 983 9375 2328 2611 2517 775 7237 8988 2890 4852 9427 3802 0 195 2045 4257 9987 2324 2182 4816 3633 2333 8870 8818 2707 4010 7136 2200 790 8426 7705 8463 8879 4363 5791 8714 8725 4913 4355 7081 5543 2153 7476 9112 5136 8779 7503 8050 1396 3430 7112 4206 2349 138 7292 9636 8761 507 3236 782
3863 8718 5271 5541 8839 7040 4322 5598 7889 1219 4937 9752 7503 8974 8673 367 1475 807 2022 2962 3140 5283 5738 9492 7369 6080 4079 8775 9210 1326 8758 3779 214 2719 7585 3222 2912 9603 2214 3002 5265 4643 6567 5357 2967 2092 9002 9529 6027 593 4260 3721 195 0 9586 5303 6204 2972 7905 560 6827 5619 1136 2845 5061 135 8138 9836 9378 9078 5312 1549 1295 5250 9209 3330 6241 1363 9510 3474 22 1316 6288 2755 3379 3795 1388 3426 7724 9422 6976 6552 7658 4090 9219 3007 5109 2877 423 6931
5330 6461 9022 4328 8117 1426 6649 9829 8438 4415 2347 9602 6777 3219 8984 8783 6207 126 9053 7342 1577 5346 4304 1511 4192 6533 3534 8941 3377 4489 9588 7332 4120 4731 8784 2148 5950 7054 7266 376 2255 9514 4255 8272 5594 3749 8135 9146 5950 1547 4476 139 2045 9586 0 600 2749 7166 5876 8026 6893 7755 4231 5919 9051 6969 4647 3881 141 462 6112 7684 3686 2933 3303 532 3947 1520 5673 5646 8696 4058 4113 8477 7911 9386 831 9596 4852 1075 9264 5250 576 59 1203 4620 1556 6748 2676 6676
5125 7971 3971 3277 3359 6067 3077 9656 8273 5067 6458 8565 7989 5084 4254 8388 3014 4833 6653 1504 9406 8370 6425 4507 846 8011 5468 1768 5960 9492 3746 5280 1920 3598 1314 6837 6334 6375 8956 3678 7735 3116 610 8533 4775 3342 1687 8949 556 8269 849 9394 4257 5303 600 0 1904 8546 7596 3550 3387 4957 6024 3744 2144 1603 1342 1864 4101 3451 2447 8513 7067 8429 5485 9239 6090 6615 9557 9892 6978 2466 1659 8967 2661 7651 4120 1025 5571 4014 2131 7206 8415 3966 7825 8832 632 2150 5296 7741
1237 3457 7964 1214 2803 6887 9714 545 4174 8277 3164 4247 1928 4929 4607 8805 2370 7891 7068 7989 6839 2536 1962 1974 7817 8925 2745 7088 2900 5075 7087 5941 9971 3529 9177 4347 5209 5172 5001 5835 1836 4575 2499 5213 5437 8007 7004 7705 1026 7258 85 673 9987 6204 2749 1904 0 1312 1655 9151 2729 2551 5267 9950 9453 7985 9932 5558 7894 8709 3540 5108 3716 1640 1789 2023 7444 5414 3761 4420 9887 627 7724 8914 9905 1496 3888 156 8402 6542 108 7313 9289 3852 9137 6021 5264 5551 8194 7569
9229 2191 9912 2350 8803 9644 9778 538 9680 6461 5692 3218 2278 1601 5468 2752 4430 6451 3325 9679 553 7761 7723 1180 3863 1990 1430 7215 8371 2700 350 963 545 815 3957 8801 1230 5399 8612 544 6372 6671 3432 5694 5386 3765 3885 6792 3998 9474 6455 3957 2324 2972 7166 8546 1312 0 5365 5445 1957 8241 8124 4934 8959 473 6089 8325 2115 674 6420 301 1315 7915 6858 151 9628 3137 4479 9423 8231 9438 7043 1361 5705 9944 7894 3994 506 1260 2886 3399 4796 7399 706 7371 3001 3818 3207 8891
2004 4791 3609 468 8484 6696 6567 1229 1382 9295 6635 4218 926 8779 691 9224 8820 196 8013 506 9904 8591 6755 2238 3521 7413 3896 8602 7186 8539 439 5855 5113 2865 7655 2042 2682 6439 3851 8627 5545 7571 9204 6174 1522 6606 9062 450 1702 7180 1569 2757 2182 7905 5876 7596 1655 5365 0 4907 7524 4987 4992 9401 8606 7958 3470 9430 5963 5616 9262 6405 5107 9179 5611 4513 6273 2502 3455 4925 8317 795 4636 1060 2110 7028 1522 9491 1437 2 7412 8515 9247 7660 8283 1295 8864 1681 9160 7678
5583 9828 7490 8060 5611 8811 4080 5572 6940 72 5588 5092 5371 6827 5599 5279 8073 622 5572 9976 9935 2305 5522 1878 4750 6494 8505 2968 9376 1399 6662 5037 6813 4577 5719 5029 5485 7683 3973 8030 3552 2559 7148 1981 682 6826 8785 8431 5061 1853 2319 9752 4816 560 8026 3550 9151 5445 4907 0 8554 1061 8205 8336 1284 9209 4301 1343 1772 6340 1340 8710 2436 888 6232 9568 1053 9133 6073 5233 2956 3227 6961 6436 9359 2103 7312 5098 3061 7878 9560 9521 1689 6173 7805 4702 3149 6007 7251 4131
9806 1870 3617 7927 3344 57 857 3914 8899 1358 3037 8807 6782 1435 4132 4761 2541 5590 2753 5866 8701 7564 412 436 5483 250 3265 4098 7350 8465 8361 8511 6340 5219 5928 1907 3991 9320 1325 5044 3217 3423 5796 1867 4167 1323 4470 1923 7099 3862 8839 2402 3633 6827 6893 3387 2729 1957 7524 8554 0 180 1928 5 4666 3585 3205 6710 194 9733 6647 1138 4984 9026 6224 988 9826 239 4288 4513 1522 7735 3556 6858 7477 9935 4305 316 32 5069 5192 3632 4083 8207 917 9662 2149 4969 1230 7206
240 6403 5655 1084 3240 7147 5254 8213 6338 5294 1756 1702 1080 2056 5059 7672 6185 7142 7891 8648 556 4126 8153 2937 3838 3762 5719 3974 2092 6903 7163 663 9848 4908 9058 5589 9906 540 9277 4847 8201 4618 9747 9573 3154 6098 9736 6288 6695 3908 433 2341 2333 5619 7755 4957 2551 8241 4987 1061 180 0 9733 3524 3745 9913 6439 5333 1138 4273 10 3418 8809 6936 8867 6270 8191 1434 7461 5009 6634 5961 767 2087 8071 7492 1963 9390 126 4745 9076 7486 6972 46 6074 7226 5021 9387 5458 4784
1156 6514 8053 1286 1054 6506 1916 9729 6954 523 6906 9906 5654 6994 5805 144 1756 8610 5963 2410 822 5671 724 1256 1817 5419 4036 1585 9281 116 3003 7327 3053 7914 553 7139 2237 779 8885 8568 9147 2301 7066 350 1376 7348 7070 1033 4304 8601 3194 6270 8870 1136 4231 6024 5267 8124 4992 8205 1928 9733 0 7957 9148 8503 7905 3901 7803 8738 9566 1488 9287 4634 1029 309 4739 7342 4790 7676 2317 8271 14 111 8877 6601 7555 4924 8972 1644 2413 2616 1045 184 2250 5745 5904 664 9702 5436
3914 7858 4188 9065 8740 2691 4716 6254 4634 1006 4116 3181 118 6643 869 1410 9330 5707 3527 8704 6228 7551 5447 7180 5824 4669 4819 7421 7892 4148 278 9718 5357 1364 2639 4441 2601 2113 874 9067 9342 1005 6909 9470 911 7634 3178 4629 4262 8308 1367 8711 8818 2845 5919 3744 9950 4934 9401 8336 5 3524 7957 0 6857 8166 2154 6420 5867 3510 4133 4895 2362 3521 4933 8429 7839 6800 9198 6401 6345 1808 997 3434 9365 132 8346 5635 5780 9040 6880 2169 1927 6735 2312 149 4547 6762 5739 6810
2753 8615 2336 1118 6018 8270 9650 4521 8873 5868 6195 6375 5979 7150 6335 1740 4057 9293 2141 5445 1801 32 6785 1294 1835 9425 7838 6859 8617 7240 1293 4973 276 4810 1691 9966 9741 7420 5920 7872 1453 3094 1074 5640 4705 2257 1574 9322 9298 3993 6585 9071 2707 5061 9051 2144 9453 8959 8606 1284 4666 3745 9148 6857 0 7414 7577 678 4197 5040 5841 5773 5998 4077 8312 5139 4530 3316 9399 2459 4656 4153 7765 5142 6992 574 6465 1156 9858 2986 6881 4758 4043 4880 1904 1603 8901 7206 6465 6655
4354 5768 6616 146 3779 1441 3110 3520 3029 302 1759 6602 3006 339 8674 7977 6210 1409 1299 424 1268 6076 6115 5719 4586 6892 325 1042 1336 398 9745 7252 5961 2238 2493 3325 1096 7431 3563 7822 4126 3546 4012 5143 8501 5510 3237 6155 9755 4509 5053 8813 4010 135 6969 1603 7985 473 7958 9209 3585 9913 8503 8166 7414 0 5049 4413 8117 9226 9096 6218 839 8844 1399 1277 6447 6844 7785 8407 6054 4008 2427 3135 7445 292 7162 7453 7216 3582 6767 231 5205 7690 9300 123 2484 3945 7554 19
3932 3547 1058 3114 2938 10000 5765 4257 5511 326 5984 1920 8051 4607 2326 463 3361 6386 1855 3447 2440 9925 5634 7229 8739 982 9204 9985 2608 9347 39 1267 4076 3001 4668 2910 6534 9601 459 1110 4345 1907 1106 5882 9833 7779 3075 5981 3689 7047 154 3276 7136 8138 4647 1342 9932 6089 3470 4301 3205 6439 7905 2154 7577 5049 0 8943 3367 1160 2995 1939 5741 8061 152 4271 8876 4867 6106 9000 2954 4326 6876 2318 8004 3733 13 7997 3087 2499 4651 1979 3680 6915 7868 3349 2667 1650 9575 7188
1587 9374 2183 9900 3249 1120 2149 8890 5143 1790 494 6951 3897 8841 1212 3616 7230 8766 5807 4615 4527 3512 9218 8103 2009 2270 5906 3071 7829 8188 4828 4498 3474 5042 6994 2656 3197 1098 6891 5184 5397 4366 9867 5188 9093 1269 6482 3736 3067 9698 9446 4460 2200 9836 3881 1864 5558 8325 9430 1343 6710 5333 3901 6420 678 4413 8943 0 9825 1524 659 8959 3087 6801 2267 6337 7874 6905 2202 5874 9815 744 7644 3199 8215 6713 5649 9929 1721 1105 127 8831 5094 20 3357 9900 8383 2215 4954 5508
4214 9703 4958 3498 2308 8252 3196 3398 4259 1458 945 1588 2244 2283 6893 4626 5744 1662 5992 2731 6072 8943 6525 6967 7770 6641 380 4226 2500 7404 5695 4501 4560 6452 4394 2094 6321 9232 6853 1424 8275 3052 531 2765 3943 5594 4986 710 1029 5765 6919 4949 790 9378 141 4101 7894 2115 5963 1772 194 1138 7803 5867 4197 8117 3367 9825 0 2763 2012 473 8967 3563 8308 1639 7001 5892 8114 8974 8849 8606 2389 6580 742 1505 9223 9421 2794 7909 6795 1766 3395 7668 48 1644 2057 1393 5905 1072
2261 1923 2503 6509 4663 1762 2153 7360 9947 4184 5904 7642 9895 3682 365 3471 6577 8046 9007 9621 6184 6280 8902 7997 9838 4932 831 6086 1947 1486 9217 1167 4449 1023 1818 8973 4434 6981 753 4950 4301 617 5322 5551 8151 7758 8107 6406 5705 6548 5820 559 8426 9078 462 3451 8709 674 5616 6340 9733 4273 8738 3510 5040 9226 1160 1524 2763 0 3784 4353 5595 9139 6198 5059 431 8722 1154 4415 7437 64 3702 5404 9797 5351 9761 7960 3585 9688 6038 4347 4373 9647 3782 6429 4652 8027 9140 5318
1929 6875 7709 7796 771 4917 3380 611 1659 7129 2120 183 3496 4080 5223 4174 7468 8648 3193 3449 6720 3793 6771 4594 2922 3021 1379 4798 2883 4183 1852 3117 4333 193 3753 2283 8456 6994 30 715 4433 7401 6756 4550 4030 5126 7823 6697 1605 7958 3620 6387 7705 5312 6112 2447 3540 6420 9262 1340 6647 10 9566 4133 5841 9096 2995 659 2012 3784 0 6894 5741 869 5 6913 8798 3067 889 6704 7235 6718 9142 9871 7334 3271 5427 9531 4507 8261 6028 7456 7026 1695 414 5502 6886 3396 8129 9926
5113 6929 8699 4139 5298 9571 7052 2321 9595 9013 7095 5514 9683 1201 2545 9625 6664 6582 2315 6777 6467 30 2912 5110 106 523 71 6072 5822 1233 5801 9151 197 7080 3413 1363 1456 4023 6716 5873 9356 4884 2716 7837 2100 4801 4763 2625 1914 3995 6344 8106 8463 1549 7684 8513 5108 301 6405 8710 1138 3418 1488 4895 5773 6218 1939 8959 473 4353 6894 0 9110 1287 5107 3785 9975 4400 4986 2401 9061 3277 1193 5620 8686 4 9660 2411 5417 6364 1527 967 8266 6932 3918 8232 8655 2652 1464 7293
7739 542 834 434 3347 2766 9396 5026 573 876 1749 1056 6531 3077 1497 8009 7106 1826 4999 2876 1782 8661 796 6216 5950 782 2209 7452 2075 2085 2550 9549 1643 8314 7655 3468 434 277 9220 5720 1897 1893 6133 7274 60 1679 6502 8668 8066 5200 3136 6461 8879 1295 3686 7067 3716 1315 5107 2436 4984 8809 9287 2362 5998 839 5741 3087 8967 5595 5741 9110 0 8976 8286 9929 4622 1020 4196 2608 1863 8613 288 4874 3207 8698 7138 972 8770 273 5235 8834 1841 3774 3177 6895 3891 4420 5293 6241
4113 7158 9822 2842 2555 881 1531 3820 116 1545 9925 6641 9297 6729 6848 3636 8119 7390 2438 3406 5959 2065 2940 7492 5452 1766 2290 8680 6127 8429 7716 8057 977 4950 6277 3165 5054 4089 9525 8022 4703 8515 9929 1737 4640 2470 6162 512 4006 7326 8049 5669 4363 5250 2933 8429 1640 7915 9179 888 9026 6936 4634 3521 4077 8844 8061 6801 3563 9139 869 1287 8976 0 5429 1591 3617 6386 9792 1772 8439 6031 4709 4224 9059 5866 2598 5714 947 7304 1547 4435 5920 2049 2835 6218 4170 5067 5745 4145
5262 9128 8135 4497 2323 4283 3603 6762 5526 9202 1620 6164 5905 7501 3581 4872 7762 2940 5732 3729 3671 785 385 5928 7918 86 31 2186 8239 8035 6525 3937 4871 5224 5218 2498 8637 2269 8803 246 464 6290 2735 2397 8761 4739 5458 401 1328 2534 7801 5136 5791 9209 3303 5485 1789 6858 5611 6232 6224 8867 1029 4933 8312 1399 152 2267 8308 6198 5 5107 8286 5429 0 7828 5982 8407 1927 7045 4558 1798 1580 6031 1752 651 6693 8446 4164 8601 5949 9872 502 9435 5760 350 6287 5720 1586 1610
8344 4215 3978 895 576 9846 6022 6018 2956 5227 3211 9202 6723 1842 6367 194 7532 563 1217 7038 6310 4908 5774 4006 5154 5968 6216 9731 3591 2315 4913 7386 1843 7700 1192 5636 84 7395 6600 4738 6330 121 3626 1960 7268 6478 6898 188 8451 8257 7382 7828 8714 3330 532 9239 2023 151 4513 9568 988 6270 309 8429 5139 1277 4271 6337 1639 5059 6913 3785 9929 1591 7828 0 8950 671 4342 8080 4421 555 3869 1903 5073 6458 4276 7364 326 4967 2498 1849 7645 9586 3573 1626 500 2990 4672 5250
6862 2980 562 6109 9581 4392 2153 8508 2968 1675 544 7243 798 9081 6911 3014 7432 2318 9274 8825 6997 4671 1804 6763 3443 9183 706 4118 1677 5678 3657 5466 1015 7961 6564 9978 1351 3834 1034 2148 71 4211 6169 5849 3564 4214 4594 5563 3033 956 7393 413 8725 6241 3947 6090 7444 9628 6273 1053 9826 8191 4739 7839 4530 6447 8876 7874 7001 431 8798 9975 4622 3617 5982 8950 0 8970 325 6537 7184 7866 2116 883 3436 1183 9891 8389 3756 833 8253 8268 2581 922 2143 4918 5039 7647 811 7543
3370 5421 261 8737 8969 8930 3502 4800 2894 1729 1671 9251 5263 7559 9180 9871 5692 1062 4100 9677 7611 1424 7136 1155 2955 5436 1999 1206 5437 3945 2516 385 2761 8529 4300 9036 9494 9209 5890 6193 6792 4277 9028 4120 6894 2271 9709 7414 5542 1753 4466 8612 4913 1363 1520 6615 5414 3137 2502 9133 239 1434 7342 6800 3316 6844 4867 6905 5892 8722 3067 4400 1020 6386 8407 671 8970 0 6324 4141 6778 8095 5304 7686 2759 8201 8773 6073 3820 6796 151 2343 7458 8640 6209 6825 8222 3770 3443 3840
1526 3161 8576 6646 3362 3222 6793 2358 3873 1325 4963 4739 3681 8933 8391 3211 1762 1739 3424 2676 9895 2019 3323 2792 3051 9678 8212 4345 150 2929 9772 631 4919 1212 2204 9041 4172 5922 9084 5364 5080 7744 6342 8953 4704 7437 4199 6077 4654 3031 5225 5994 4355 9510 5673 9557 3761 4479 3455 6073 4288 7461 4790 9198 9399 7785 6106 2202 8114 1154 889 4986 4196 9792 1927 4342 325 6324 0 6044 3474 5100 6402 1599 1472 923 3510 8244 5532 6780 3259 6001 9574 2715 1172 5746 2068 9259 4543 693
1302 805 2868 9488 9560 5748 1834 2765 5954 2137 2367 1113 113 8585 6236 861 3900 178 8780 2795 5718 3716 9142 4065 8546 717 1545 8209 4874 2002 1291 2681 785 126 9817 8674 8892 9127 9160 2033 5874 4288 5328 7952 3742 5745 7287 484 9284 8202 2887 9812 7081 3474 5646 9892 4420 9423 4925 5233 4513 5009 7676 6401 2459 8407 9000 5874 8974 4415 6704 2401 2608 1772 7045 8080 6537 4141 6044 0 1210 5907 4457 6655 6694 1795 104 2500 2745 8864 7783 1111 8182 8225 2069 92 1667 3277 6216 9971
6877 7950 6840 1533 2408 7054 1198 1511 4530 1036 2596 1426 1215 5221 2072 4364 8600 5569 414 9244 3862 1779 9529 1413 6629 6921 4527 6850 8426 7647 1583 3723 4247 5092 8661 9502 2159 76 2045 7045 467 8781 6728 2723 5338 4485 2688 2921 9369 482 422 925 5543 22 8696 6978 9887 8231 8317 2956 1522 6634 2317 6345 4656 6054 2954 9815 8849 7437 7235 9061 1863 8439 4558 4421 7184 6778 3474 1210 0 3975 4682 3733 7175 644 3081 6741 2964 1394 9527 4032 1728 7282 8299 4862 3385 6256 3931 7872
9901 8306 3983 3940 5098 4610 4753 8954 5804 5940 1498 6 8192 2533 5265 9102 9489 558 763 4039 3251 210 6578 3990 4498 2597 3034 3696 9811 5201 2762 4409 9803 7455 8971 9150 446 1353 2068 4909 1186 9360 677 5234 672 7185 9163 6844 6534 9596 7935 9759 2153 1316 4058 2466 627 9438 795 3227 7735 5961 8271 1808 4153 4008 4326 744 8606 64 6718 3277 8613 6031 1798 555 7866 8095 5100 5907 3975 0 3750 3598 5481 4279 3212 9619 1817 4098 7748 6682 3501 7092 3270 9568 6014 6026 9291 675
