100
0 7306 718 578 2208 2963 1330 3634 2222 9014 2046 2478 7454 5890 3269 1811 6533 9112 873 3425 1976 5757 1160 6791 7560 5769 1057 7319 1283 8012 3823 5780 1212 1919 5797 9784 3554 5845 3206 9511 9779 4982 4432 1832 6818 7785 8848 56 9876 5713 9510 5461 3360 9843 9567 720 7224 5751 6183 1877 3710 6992 5097 798 2808 2639 8575 3003 8581 8095 6493 6210 9331 9622 4280 7509 4028 8318 7673 8879 6290 6784 8137 9484 7901 4964 3621 7998 8252 6089 4505 4463 7206 8552 836 244 1066 8574 9558 4142
7306 0 3316 329 876 1451 7036 3509 132 6010 938 5255 1304 6314 604 2794 2105 3300 1774 4468 5402 3838 8933 9416 6850 3511 2018 3320 2053 1675 1752 2849 3809 2104 2091 1432 6645 1809 1953 8623 5828 4417 6080 7659 7368 5615 1551 6733 911 4404 9311 9851 3791 3123 3818 2569 8320 4594 8411 4700 6211 1030 8076 5641 9902 2345 6615 4907 2623 3683 9847 3892 5784 5202 6639 9745 4853 9248 6685 7024 460 7996 5592 8429 4047 4775 391 8740 9821 2538 8304 1898 9879 5892 4793 5189 188 1606 6619 8999
718 3316 0 1473 8182 3398 2540 1082 5444 6241 259 1580 6039 2203 8480 8722 427 7647 777 405 9450 4337 4905 6714 2131 5172 1427 1458 9480 4849 9158 6242 362 9662 3054 4964 8304 4576 9671 9461 8448 9483 7342 2644 5314 4673 3665 1887 7619 3287 7648 7617 3343 8993 8427 8052 7057 9439 9891 9974 4982 2615 4513 2691 9233 2650 411 9484 7421 3538 8012 4284 1938 3742 7543 89 3485 2409 5140 2848 8201 4748 6234 7152 4337 1133 6532 5478 9237 7194 3147 3302 3258 2984 6169 6642 6739 7088 993 654
578 329 1473 0 2892 5075 2889 4959 3960 5700 1880 4268 6473 8040 7581 3932 9358 1231 558 339 8718 370 7314 6716 6513 4546 5035 913 5023 2503 7129 9408 2300 9594 338 3851 1766 2825 9166 1782 2540 5455 3611 2286 8551 1586 8553 3865 9679 7684 3567 4613 4759 4910 9062 1130 8631 3963 460 6444 1653 5279 5851 8459 2968 7562 9792 4912 589 940 6697 5468 6337 8529 7551 1185 4489 3229 1440 188 9332 637 3338 1979 846 6332 578 2727 5214 9711 3725 4641 9165 664 7147 4359 7450 3163 988 7323
2208 876 8182 2892 0 2766 6596 8226 1179 4 3155 9335 4023 4705 7758 1495 7880 2804 4619 7110 4772 4517 2698 6376 8983 3114 1189 1119 1225 4501 7142 8598 3055 678 8136 4251 2160 9436 9986 8934 7376 5075 1670 7730 676 8384 264 5739 170 5306 3553 8917 8418 5647 482 3747 5181 3158 2961 6452 3450 8482 7675 8247 7150 1679 9803 1955 7511 1382 4148 8236 3897 6913 4824 1783 1922 6653 9987 7785 9733 5149 3634 5379 4428 1408 33 3500 2563 2801 9974 5238 8400 1823 4325 472 680 8792 1682 259
2963 1451 3398 5075 2766 0 2451 4640 544 653 826 7557 492 3341 4382 1712 241 3274 9099 3237 2528 9973 4436 8010 4870 1072 821 4506 9441 6094 9419 8725 813 495 117 9921 9104 4207 4794 1093 3537 8428 5698 3516 9913 8684 5344 3489 5603 7266 9280 1335 4393 1964 129 518 8564 2920 2634 5240 3419 3571 8815 9101 8558 5449 330 2314 4015 5440 4885 8164 7246 8910 637 1837 1078 3072 1925 1032 6565 2775 2702 7895 7617 3043 7108 9006 6783 3169 8204 7342 233 4627 6936 2494 9726 7659 1469 8189
1330 7036 2540 2889 6596 2451 0 1754 4075 662 2158 6214 5213 4897 2294 594 883 8085 4541 3719 7141 3814 7093 3246 2050 890 6612 9707 7163 7376 9050 7168 489 6900 7137 8937 7301 5960 7189 8639 1630 8491 3201 5099 2297 8900 9400 1270 9327 1491 9647 9117 658 552 4062 1571 5336 9350 7256 67 3539 5073 2997 1477 1661 8914 6692 5200 7451 8250 8811 5094 2162 8591 3357 1155 4560 5944 3763 5937 1898 8090 8579 6857 9604 1164 2457 2085 8311 8293 6362 4779 1898 9522 7847 831 9721 778 8569 4493
3634 3509 1082 4959 8226 4640 1754 0 2922 7985 1542 8271 8735 2189 3078 1332 6318 7336 6209 2758 1870 4627 3974 8392 6759 6816 9619 556 4835 8685 3433 9630 1625 5293 1013 8244 6138 4136 1944 649 8626 5485 2179 7453 4160 8121 5610 9606 7134 2949 1405 7832 2811 2734 6143 5723 9491 1278 9775 8031 2784 1947 5045 7017 782 5378 4374 6405 5396 6097 8291 7771 1746 7619 9704 5754 3510 2926 5357 8517 7263 9361 37 309 9643 943 6940 662 9513 4924 574 1275 8996 7055 5694 349 1986 1615 9861 9124
2222 132 5444 3960 1179 544 4075 2922 0 1039 594 8028 2076 6714 477 3099 5942 9916 5201 6679 7180 667 7548 9497 1396 6590 3251 261 9 430 5106 3574 4024 62 209 2187 2306 3903 5019 9139 8606 4278 907 8971 3791 7998 4217 5287 7222 5916 3794 8848 6198 5026 8959 4484 8611 4167 6361 1863 516 9377 359 5009 843 3649 2892 2481 1465 7427 183 6011 5400 789 908 3766 3618 8341 2394 5842 9159 8657 3403 466 7098 3510 9028 4565 2579 5071 8631 4298 6249 4632 4111 1833 8200 755 7983 6083
9014 6010 6241 5700 4 653 662 7985 1039 0 4091 4146 3710 2189 374 6542 3072 9253 6112 9208 5428 2883 3507 7566 3771 6512 6869 3721 6751 7241 7079 651 2380 7002 1552 6293 2664 1784 8916 4552 2950 9558 1654 2787 4898 4769 1327 3168 2409 3007 3842 8103 7466 8741 2933 3914 1660 8299 7200 2512 7267 1575 4892 1273 4052 1070 5416 8652 8007 2059 747 3096 6232 4335 8021 3276 9094 8772 9072 239 8669 2649 106 1678 4518 1778 3028 2243 2177 349 932 6353 877 8470 1900 6230 5645 7620 6870 3039
2046 938 259 1880 3155 826 2158 1542 594 4091 0 824 5068 1983 2350 6626 4447 4395 9463 1590 6886 4513 613 4579 8814 972 3528 2441 6362 2200 2188 207 9071 4080 1955 6205 6031 9927 6248 1861 276 9293 7327 9337 7181 5593 5803 10 9114 698 4068 4358 2371 8948 2466 1846 877 5334 8526 7301 9838 1082 5393 6487 7259 6218 5198 8962 2045 9100 546 891 5477 5479 1249 7223 234 4012 7383 5069 3181 7221 4644 6280 3640 9962 8215 812 8130 1600 9631 4236 8953 9587 7234 7510 8029 1034 7161 5421
2478 5255 1580 4268 9335 7557 6214 8271 8028 4146 824 0 7536 7313 8233 2052 8760 1308 2065 8483 7082 5470 8791 5534 6648 6805 6184 7947 6744 3643 7944 774 9610 4238 2439 4127 892 3189 204 9382 1858 2999 106 8759 4159 109 5153 8263 9651 7895 3954 1426 3918 2575 2218 7179 26 3245 4358 2886 2929 965 1516 4613 6439 2302 4442 2398 5067 1544 7481 9254 9907 847 3679 5645 7536 9058 396 7736 2031 3705 1599 6130 6847 1990 1191 6510 8947 7449 1868 8610 7906 6898 2046 3753 672 6408 3944 686
7454 1304 6039 6473 4023 492 5213 8735 2076 3710 5068 7536 0 774 926 3552 7171 7362 3141 9854 6785 1881 331 9205 7901 2558 7908 5721 5178 5556 1569 1639 9080 5375 1303 3877 1913 5091 9301 7957 1976 1827 5527 1700 1938 7999 5216 3808 4170 2532 4920 1249 7165 2118 2835 6023 7015 4155 936 3310 2759 2468 3383 1963 7110 9830 7348 2534 3370 7343 8026 8045 1172 3007 4631 7931 2415 9631 4108 3705 1490 4826 2437 8457 5995 8393 1344 2319 7968 140 8180 909 9928 9534 6621 4541 884 6449 7586 6984
5890 6314 2203 8040 4705 3341 4897 2189 6714 2189 1983 7313 774 0 154 3515 3188 7010 1995 7416 6269 704 1478 9205 1997 3751 5656 4381 5946 3722 6035 5301 7194 8223 1562 3583 6673 3518 4708 2764 4519 1222 5738 8393 3426 8693 1703 2820 9557 1067 4166 4410 550 2665 9512 5558 3790 372 9249 9769 5972 141 1685 3079 3135 836 8598 7478 7993 3642 5505 1615 3543 3776 9634 7880 248 904 4175 7705 1170 6688 3806 3365 461 5025 5432 4383 5531 8882 5701 9410 4204 8562 8315 4255 2207 8759 9612 8011
3269 604 8480 7581 7758 4382 2294 3078 477 374 2350 8233 926 154 0 9649 6901 7340 6862 3103 2971 9426 7135 7555 2022 5199 1213 5598 7179 531 3126 1730 9294 2557 6985 2091 9346 5965 5167 3084 7678 6549 8879 7405 4395 9633 3524 9109 7076 6584 6770 2206 1038 9375 1578 2473 1371 6420 8542 6886 1814 4176 8455 3606 3569 1124 4136 2892 7400 3292 1034 1094 3405 8310 9503 7811 4830 7275 8548 5500 2616 1496 1803 3903 7804 7475 1411 3527 2227 7724 1668 4200 4930 5895 6670 1059 9560 8186 353 4630
1811 2794 8722 3932 1495 1712 594 1332 3099 6542 6626 2052 3552 3515 9649 0 3131 8751 9384 7963 8713 6261 3266 144 6631 1520 1735 5902 4570 7912 8101 5005 6806 3334 4584 9791 2276 6665 4138 7470 3810 6653 4998 5112 878 9929 4283 2192 6990 3223 4398 8798 1786 2534 4706 5443 8189 5683 4478 8682 5557 1545 6184 6724 9109 7232 3006 3302 2460 5452 8971 4261 2265 5107 325 1352 2719 9410 886 8626 2540 2114 3352 5687 7664 6769 3306 2435 6459 771 4091 7720 5381 593 1516 8008 4424 1027 4461 7419
6533 2105 427 9358 7880 241 883 6318 5942 3072 4447 8760 7171 3188 6901 3131 0 4235 1820 4643 6113 3649 5040 3555 2676 6113 9754 5283 8136 1827 9533 756 4481 8444 6694 9655 1268 3098 4212 1508 3716 7454 2354 4740 8312 6109 5792 5365 3357 7058 5034 3864 8101 9770 853 3949 7652 9833 4436 7467 7293 8978 7390 5734 8815 2400 176 9077 7583 4459 8209 7782 5206 1696 5504 2661 7396 2990 7401 8883 642 3849 5232 1923 6079 9162 8458 6839 3018 5520 8182 3003 6191 6800 4532 6590 6578 8529 8361 9161
9112 3300 7647 1231 2804 3274 8085 7336 9916 9253 4395 1308 7362 7010 7340 8751 4235 0 5978 8745 3644 5183 7327 7638 5427 4234 4643 8542 8051 481 1288 9971 6535 1344 2978 2370 6814 7758 1669 3291 8257 2559 235 1231 9017 8771 792 6488 8485 5541 6056 5973 3339 6938 5974 148 8918 889 1618 7465 9002 2353 4981 6465 6663 4283 6001 4147 9915 355 1632 3492 1746 2483 2822 271 2878 9345 179 1183 9405 6029 2127 7963 3139 2967 1653 4765 8122 3502 2061 4978 4680 4264 3863 3881 2805 7996 9124 8784
873 1774 777 558 4619 9099 4541 6209 5201 6112 9463 2065 3141 1995 6862 9384 1820 5978 0 3623 1121 9860 6778 6652 1873 6645 7984 8266 9224 5042 6783 2650 6327 393 431 4784 3332 4189 6885 724 5848 3262 9347 9548 2201 6245 6324 9779 6747 7676 1654 7795 26 4203 6537 6130 8284 5464 4291 15 3642 4170 9441 7264 2688 9630 5700 2854 4688 8170 2316 5600 695 3259 1336 3076 5572 10 8683 4301 3394 6492 2422 7950 9747 7100 7305 6864 8483 504 259 8890 8211 9677 521 3493 7217 1665 4 4088
3425 4468 405 339 7110 3237 3719 2758 6679 9208 1590 8483 9854 7416 3103 7963 4643 8745 3623 0 2609 4537 6717 3409 7857 301 1221 5259 7883 1827 7707 3522 8691 3964 3532 7581 265 144 3541 7608 734 1609 5029 3692 9914 5235 2383 9162 5925 331 3022 7991 3426 3379 1086 1910 2092 5743 4789 9706 1776 484 2160 6664 8436 9805 386 6502 6473 1059 1022 9436 160 5736 6579 3876 3531 3069 9767 2139 1043 1837 5127 909 609 6997 8339 8805 1444 2151 7941 8544 901 436 5594 1845 5651 7478 6211 3044
1976 5402 9450 8718 4772 2528 7141 1870 7180 5428 6886 7082 6785 6269 2971 8713 6113 3644 1121 2609 0 8683 7842 4514 9960 620 2369 9426 371 8198 4897 9981 9240 777 665 8918 2337 1073 1349 894 6177 7121 4662 1360 1021 7251 5882 530 9401 2287 805 4284 4385 100 5222 1832 2070 7504 3752 4385 9635 7748 9001 3662 277 4098 6920 4189 4545 6019 1539 9519 7702 6645 3543 13 2766 7632 8948 3040 441 1100 8034 1989 7183 1672 8561 7094 7585 2977 1769 1615 1599 9119 1398 649 6843 4537 769 8808
5757 3838 4337 370 4517 9973 3814 4627 667 2883 4513 5470 1881 704 9426 6261 3649 5183 9860 4537 8683 0 1245 3117 4267 7053 4292 9519 6057 7198 5404 1719 5205 9373 8922 2480 2815 9309 2269 5272 199 2307 7104 2020 1660 8398 8845 7577 194 78 1282 1747 8160 3871 1558 1502 2880 7832 1498 9498 7908 9032 9236 4185 8877 7325 4671 9035 6469 252 8767 122 4923 7064 1560 2423 1538 9249 5966 2299 5813 5726 1752 359 5009 9681 8750 2094 9543 8686 2085 4189 3289 9287 1677 7204 8506 5003 961 4325
1160 8933 4905 7314 2698 4436 7093 3974 7548 3507 613 8791 331 1478 7135 3266 5040 7327 6778 6717 7842 1245 0 6769 5263 8950 3677 4806 2027 2404 5772 6385 2367 4302 4403 4362 1373 4429 542 6003 710 331 7589 8830 5837 6950 9989 2630 8146 4568 3857 1005 6598 6771 8651 8297 403 2015 606 3330 748 9489 3356 3164 4643 1646 9222 6824 1534 1573 9604 4113 5564 3191 8762 2965 6955 703 5198 1356 7349 1261 5859 8304 8186 8970 3798 3117 3416 559 763 5044 9137 8208 1998 833 3120 6038 1627 5673
6791 9416 6714 6716 6376 8010 3246 8392 9497 7566 4579 5534 9205 9205 7555 144 3555 7638 6652 3409 4514 3117 6769 0 9876 997 3966 6087 5947 5416 2810 8960 6619 8427 9612 8835 6130 9901 3149 3156 6942 3665 2942 9332 2746 319 4842 7513 1443 4463 2070 7669 2839 1724 8472 1717 6848 6882 2354 1396 126 8053 3015 2215 4513 7109 3224 2109 7944 5096 7372 7271 291 9308 8081 1828 6831 8874 3819 2478 2244 5442 6853 313 1886 4843 4110 1875 994 3958 6499 2661 2609 4656 5775 1889 9942 372 5623 7731
7560 6850 2131 6513 8983 4870 2050 6759 1396 3771 8814 6648 7901 1997 2022 6631 2676 5427 1873 7857 9960 4267 5263 9876 0 1302 6231 1584 2918 7539 1671 6209 6951 8675 1228 8228 6323 8958 4202 5478 5242 1177 399 6338 3967 9329 2097 517 1209 2484 1026 758 4504 9396 6266 2044 5473 247 4249 5123 6287 457 2791 2534 458 8147 8141 7579 9386 606 3990 2605 1778 5607 3528 6034 2066 5886 1111 2578 5808 8505 4740 7546 997 7717 4097 7512 846 6002 2438 6619 6899 5789 9239 2533 2267 2239 9331 8585
5769 3511 5172 4546 3114 1072 890 6816 6590 6512 972 6805 2558 3751 5199 1520 6113 4234 6645 301 620 7053 8950 997 1302 0 6745 7901 8542 5508 2275 9002 3476 9817 1987 6658 7565 5260 6922 8698 7984 5706 643 532 3606 4505 9869 2159 575 576 8301 5935 9719 6469 4427 7209 8460 6023 6020 4410 3321 2669 1089 5199 7458 9380 4506 7822 7673 9585 9094 4161 7658 7873 1567 3872 6505 2378 384 3055 3220 2854 6703 5415 5495 7454 9888 4633 6463 8101 4 7889 2079 6082 1143 9290 8431 7555 3635 2089
1057 2018 1427 5035 1189 821 6612 9619 3251 6869 3528 6184 7908 5656 1213 1735 9754 4643 7984 1221 2369 4292 3677 3966 6231 6745 0 7 7616 6865 7027 9616 3395 7875 2849 5399 2952 3136 5649 8795 427 9046 2886 575 8738 746 5318 1746 9420 5969 7539 1433 2617 5312 6808 2149 9820 5133 8852 9571 6276 3435 2987 3112 3004 6966 2678 5224 9970 9658 2624 7425 8735 8930 5727 6848 3891 2005 5264 372 9706 7335 9381 9161 2126 465 6008 8595 690 5214 2138 4807 8290 9347 8267 3819 7625 7325 6431 2534
7319 3320 1458 913 1119 4506 9707 556 261 3721 2441 7947 5721 4381 5598 5902 5283 8542 8266 5259 9426 9519 4806 6087 1584 7901 7 0 7393 3271 2474 4367 9872 100 6653 5754 7250 5323 5344 540 1989 1321 3366 6291 3765 3532 4768 7421 1844 8885 8195 615 7609 6854 7370 3981 6238 8588 5168 3107 7668 2514 4222 5363 2293 9232 3221 3121 2610 7556 8267 280 5371 9814 2666 2041 9176 9207 4968 5814 2167 774 557 5500 8789 8641 9808 9988 4261 4441 9561 5315 6053 7220 1625 5323 7561 9906 8073 8552
1283 2053 9480 5023 1225 9441 7163 4835 9 6751 6362 6744 5178 5946 7179 4570 8136 8051 9224 7883 371 6057 2027 5947 2918 8542 7616 7393 0 8912 1344 9061 4703 2426 4659 9548 9111 4531 2899 336 6895 1861 8367 8672 6487 5645 517 137 7499 7331 5133 2522 4471 8822 9406 6203 7913 5766 8374 430 8649 1985 7310 7533 4424 2962 9314 6807 4411 1285 1456 4189 6399 78 7216 3857 4996 1385 8989 4086 5864 4023 3682 2361 1185 212 850 7161 5530 2203 6988 2001 1320 220 191 1679 6 1496 3698 5692
8012 1675 4849 2503 4501 6094 7376 8685 430 7241 2200 3643 5556 3722 531 7912 1827 481 5042 1827 8198 7198 2404 5416 7539 5508 6865 3271 8912 0 7530 495 3112 4608 8315 1056 9677 2791 4162 5064 2709 5966 1838 9230 4768 1697 7002 3334 841 3184 5871 7807 9957 7654 3382 4456 9309 9324 3502 8252 7974 9633 2904 5935 6925 287 9706 2116 9336 5370 9860 8613 1917 3974 5192 2171 7638 5219 2788 4412 8495 37 2391 613 8506 3173 9918 6583 5249 7585 1527 2383 7315 8185 6786 4703 5891 1179 20 1787
3823 1752 9158 7129 7142 9419 9050 3433 5106 7079 2188 7944 1569 6035 3126 8101 9533 1288 6783 7707 4897 5404 5772 2810 1671 2275 7027 2474 1344 7530 0 6767 772 1220 217 7259 9831 3368 9438 5085 8531 3155 3759 5668 4141 5685 8209 3418 5555 4843 3236 3084 2567 1440 568 9953 5000 3409 5136 7965 8923 1101 6270 8671 7506 8615 4699 3754 8304 7616 879 8516 7400 6371 4817 4584 5581 5915 3597 5749 6902 1942 7109 5472 9853 3347 8245 6703 7916 4719 599 1970 7352 6021 4885 7976 5421 2786 3343 5086
5780 2849 6242 9408 8598 8725 7168 9630 3574 651 207 774 1639 5301 1730 5005 756 9971 2650 3522 9981 1719 6385 8960 6209 9002 9616 4367 9061 495 6767 0 4830 3802 8376 6722 9891 7955 3622 5352 9741 9916 4438 8380 579 5659 414 4100 7674 7377 9698 9714 4258 6199 3724 4118 9374 664 3661 5689 3916 8130 9691 1978 7551 8725 6257 2265 4795 5516 78 6945 7940 2216 108 5569 3121 2560 1284 3768 5141 2515 3805 1223 6261 706 540 3013 6388 8443 4046 6419 4097 8414 3692 5470 3002 631 8072 5790
1212 3809 362 2300 3055 813 489 1625 4024 2380 9071 9610 9080 7194 9294 6806 4481 6535 6327 8691 9240 5205 2367 6619 6951 3476 3395 9872 4703 3112 772 4830 0 6723 3844 4935 889 8415 1003 737 5730 3793 5494 9648 6093 8577 3014 2052 7865 4316 238 4370 4584 9888 1000 9499 7395 4426 1182 1459 7565 4307 5246 1688 2463 3941 6396 1468 9732 3764 3972 9591 9639 9532 1266 3529 9556 4577 5937 2662 9219 2620 927 4610 8857 2229 7750 3030 510 5176 4060 2328 5042 618 9849 5279 7751 9548 5586 3055
1919 2104 9662 9594 678 495 6900 5293 62 7002 4080 4238 5375 8223 2557 3334 8444 1344 393 3964 777 9373 4302 8427 8675 9817 7875 100 2426 4608 1220 3802 6723 0 9521 4439 5573 7072 7628 4294 5630 263 1681 2468 1530 9701 5073 6758 6038 7134 8642 8041 9628 7711 2820 7605 4933 6176 2166 3564 3049 8766 9960 287 6680 8398 1068 5064 4780 524 4664 9444 994 1273 7664 3138 8456 718 4158 6144 8319 397 5754 7131 7493 4226 6289 9823 9380 8589 9421 6094 5514 3611 3158 8234 1437 7737 8817 5438
5797 2091 3054 338 8136 117 7137 1013 209 1552 1955 2439 1303 1562 6985 4584 6694 2978 431 3532 665 8922 4403 9612 1228 1987 2849 6653 4659 8315 217 8376 3844 9521 0 5250 5227 7161 5236 590 5742 3270 8235 4490 5611 6996 964 9822 4544 9998 704 5135 7568 4 9062 3530 6915 6023 7693 4034 2095 929 6826 2229 3198 6509 8981 7676 5219 5076 6540 5606 1657 3149 8890 4074 3548 6792 6339 9917 8889 8977 822 4494 9151 4251 7536 3477 9326 7546 7233 9731 4267 1490 5986 5627 4596 9323 1064 8167
9784 1432 4964 3851 4251 9921 8937 8244 2187 6293 6205 4127 3877 3583 2091 9791 9655 2370 4784 7581 8918 2480 4362 8835 8228 6658 5399 5754 9548 1056 7259 6722 4935 4439 5250 0 3798 6889 9809 1607 1272 5111 5795 1266 3404 9664 6257 9450 1363 3659 112 7979 4051 7892 1367 4784 5422 9716 5765 2269 6322 291 4932 1508 3783 9501 4030 5599 8214 5361 1315 3233 4528 2705 9088 2592 4970 6352 3573 1989 3185 5997 5211 5242 7600 8602 8714 7183 2120 8447 9835 2845 7618 4053 7446 9875 1614 4374 359 2700
3554 6645 8304 1766 2160 9104 7301 6138 2306 2664 6031 892 1913 6673 9346 2276 1268 6814 3332 265 2337 2815 1373 6130 6323 7565 2952 7250 9111 9677 9831 9891 889 5573 5227 3798 0 7711 7865 9781 4699 2169 1642 4769 7420 9291 108 7604 7725 6004 3780 9481 7245 3072 1312 2685 1626 8266 9369 6987 8212 5897 1628 5568 43 9761 5246 2856 8629 2708 4667 7443 2821 8319 6134 5816 6981 316 9990 846 5179 3296 6780 5771 7829 9849 3937 4175 5043 5403 7280 6384 7060 1278 7187 889 4027 6317 4797 7542
5845 1809 4576 2825 9436 4207 5960 4136 3903 1784 9927 3189 5091 3518 5965 6665 3098 7758 4189 144 1073 9309 4429 9901 8958 5260 3136 5323 4531 2791 3368 7955 8415 7072 7161 6889 7711 0 4756 4155 6805 4681 6677 8209 6494 1781 6537 7146 4217 9188 5245 309 6986 9459 6665 9829 6272 9408 1320 841 361 5146 7267 8485 5252 9214 4902 64 4682 5466 6366 4973 2367 6487 4229 431 2244 6274 8184 1188 3824 4685 9586 2630 7327 6806 5920 4314 7619 1125 4246 9042 1401 3799 2040 5060 2785 2223 3690 6822
3206 1953 9671 9166 9986 4794 7189 1944 5019 8916 6248 204 9301 4708 5167 4138 4212 1669 6885 3541 1349 2269 542 3149 4202 6922 5649 5344 2899 4162 9438 3622 1003 7628 5236 9809 7865 4756 0 8261 2759 9026 864 4574 9081 5588 5638 7838 9004 9913 4135 1423 7563 4278 2664 4745 9990 8350 3328 895 6587 3497 6473 9267 4535 4417 6049 956 8828 6200 9584 6893 4125 6199 250 5198 7827 2324 7611 2628 2470 5292 9139 3159 9488 2515 4478 4573 8440 5033 3179 7005 4136 1521 475 4600 1373 9066 7264 3837
9511 8623 9461 1782 8934 1093 8639 649 9139 4552 1861 9382 7957 2764 3084 7470 1508 3291 724 7608 894 5272 6003 3156 5478 8698 8795 540 336 5064 5085 5352 737 4294 590 1607 9781 4155 8261 0 1629 4303 1516 2564 1489 5589 4461 1030 5847 1543 4946 5875 4348 9443 9637 8407 2855 4886 2473 4621 1320 959 8985 4121 4442 6993 2426 9211 1368 6040 4949 7207 2644 3222 8834 962 1177 1726 9733 4027 3233 1870 3656 6028 1382 2890 1164 3914 1485 4478 9404 2602 3624 9083 8801 3841 3418 130 1288 2388
9779 5828 8448 2540 7376 3537 1630 8626 8606 2950 276 1858 1976 4519 7678 3810 3716 8257 5848 734 6177 199 710 6942 5242 7984 427 1989 6895 2709 8531 9741 5730 5630 5742 1272 4699 6805 2759 1629 0 9939 297 362 7848 9898 7835 9031 50 4189 9236 3244 1030 4933 8317 389 8072 5315 9236 4746 6417 9521 9377 6149 9361 6055 3754 5585 458 1370 1135 4207 6894 6329 6510 2860 7281 863 4726 9354 5622 792 3450 332 8672 8428 9802 6673 6346 1637 1577 2198 4610 9120 8353 5596 7664 8234 9007 6856
4982 4417 9483 5455 5075 8428 8491 5485 4278 9558 9293 2999 1827 1222 6549 6653 7454 2559 3262 1609 7121 2307 331 3665 1177 5706 9046 1321 1861 5966 3155 9916 3793 263 3270 5111 2169 4681 9026 4303 9939 0 8945 5682 8773 8458 9242 3581 8940 7547 3916 1369 2181 3676 3781 8128 3947 4815 375 4455 6820 9039 8601 7324 7013 57 6951 4061 332 9820 725 445 477 4613 283 1374 6129 7382 4231 4406 9026 2451 9067 8975 8152 5055 5186 6270 4371 3292 5572 7210 4062 2418 6841 4672 9645 7840 2405 9425
4432 6080 7342 3611 1670 5698 3201 2179 907 1654 7327 106 5527 5738 8879 4998 2354 235 9347 5029 4662 7104 7589 2942 399 643 2886 3366 8367 1838 3759 4438 5494 1681 8235 5795 1642 6677 864 1516 297 8945 0 732 2084 5331 2810 6076 9574 9562 1057 7369 6117 5257 6986 239 3001 6186 3664 7495 768 2206 7069 9129 1601 4186 216 2406 5767 5095 2251 3823 9955 7279 8793 6571 7365 800 4758 7930 8531 549 8439 4427 1852 8060 6240 4373 6370 1249 5696 2951 809 8275 8751 3664 5495 130 4427 7923
1832 7659 2644 2286 7730 3516 5099 7453 8971 2787 9337 8759 1700 8393 7405 5112 4740 1231 9548 3692 1360 2020 8830 9332 6338 532 575 6291 8672 9230 5668 8380 9648 2468 4490 1266 4769 8209 4574 2564 362 5682 732 0 5880 2969 10 5141 3647 9439 7123 2857 8308 7834 8884 3653 1202 7488 1590 3226 6493 7908 212 4328 1313 7698 3820 7945 8767 6539 6531 2336 7236 7224 7216 4765 3510 1123 6189 4175 5264 4239 9005 4141 592 708 7229 2773 3380 225 8388 809 2892 6012 3786 6445 5271 5962 6044 6207
6818 7368 5314 8551 676 9913 2297 4160 3791 4898 7181 4159 1938 3426 4395 878 8312 9017 2201 9914 1021 1660 5837 2746 3967 3606 8738 3765 6487 4768 4141 579 6093 1530 5611 3404 7420 6494 9081 1489 7848 8773 2084 5880 0 3724 5883 9758 8447 6222 8789 6515 6679 9020 1821 1563 4994 8045 9992 5727 3880 3528 2415 4355 9911 9520 151 3234 3702 5745 7844 813 9863 8767 4571 9393 3950 7295 7817 2405 554 7710 7575 3091 5255 9290 5807 1769 5113 5499 3228 3627 1350 6631 4188 5036 7475 1708 8015 1915
7785 5615 4673 1586 8384 8684 8900 8121 7998 4769 5593 109 7999 8693 9633 9929 6109 8771 6245 5235 7251 8398 6950 319 9329 4505 746 3532 5645 1697 5685 5659 8577 9701 6996 9664 9291 1781 5588 5589 9898 8458 5331 2969 3724 0 1855 2573 7557 1764 4972 3615 4718 9425 4763 3336 6703 5326 2763 5222 9922 9919 7456 1023 1600 3871 408 2971 3370 9839 87 5181 7354 8289 735 351 4202 8968 9508 3555 2221 2758 928 4832 8389 6179 8936 5940 642 5700 718 2701 7755 8641 3188 8939 4737 6655 8078 1998
8848 1551 3665 8553 264 5344 9400 5610 4217 1327 5803 5153 5216 1703 3524 4283 5792 792 6324 2383 5882 8845 9989 4842 2097 9869 5318 4768 517 7002 8209 414 3014 5073 964 6257 108 6537 5638 4461 7835 9242 2810 10 5883 1855 0 675 7828 1622 2291 8171 5980 228 1603 3847 9660 3181 7572 1702 3570 4236 2251 4254 2008 7765 1884 8997 2805 3101 5890 5343 8528 4127 7945 9505 6647 2740 1306 1141 700 6355 7093 4616 9328 4910 8517 1047 3441 2796 5072 2159 4257 4912 6407 3264 9650 8640 7341 3628
56 6733 1887 3865 5739 3489 1270 9606 5287 3168 10 8263 3808 2820 9109 2192 5365 6488 9779 9162 530 7577 2630 7513 517 2159 1746 7421 137 3334 3418 4100 2052 6758 9822 9450 7604 7146 7838 1030 9031 3581 6076 5141 9758 2573 675 0 7313 753 2206 1447 2028 6850 647 8115 5956 3211 8477 6096 4757 1933 5887 9098 8666 6034 3606 3143 5714 3308 6342 1613 6159 1591 2135 5186 3609 3993 646 3408 1805 9695 342 267 3645 2653 7552 1121 5898 7911 7360 120 8510 2235 4120 3958 1162 8378 5549 1002
9876 911 7619 9679 170 5603 9327 7134 7222 2409 9114 9651 4170 9557 7076 6990 3357 8485 6747 5925 9401 194 8146 1443 1209 575 9420 1844 7499 841 5555 7674 7865 6038 4544 1363 7725 4217 9004 5847 50 8940 9574 3647 8447 7557 7828 7313 0 9356 6391 5824 3102 3070 3387 9617 9558 1766 2151 8112 8039 8261 4057 7369 6851 3765 5465 4089 4136 9935 6476 3617 9316 3745 7642 1376 8948 5943 5971 6789 2969 3824 1335 1587 6109 4317 228 1246 4261 5249 6649 7700 3805 8475 3621 3867 6074 7703 7957 7960
5713 4404 3287 7684 5306 7266 1491 2949 5916 3007 698 7895 2532 1067 6584 3223 7058 5541 7676 331 2287 78 4568 4463 2484 576 5969 8885 7331 3184 4843 7377 4316 7134 9998 3659 6004 9188 9913 1543 4189 7547 9562 9439 6222 1764 1622 753 9356 0 7686 8405 6758 2403 7250 9639 9865 6644 1897 1284 462 2665 4851 4642 8711 8114 8494 9338 911 5386 3668 7280 128 7083 6832 78 1274 1038 809 4633 9066 4966 811 8191 8155 4155 2001 233 3686 3567 4544 1601 7922 4295 7934 4893 2072 5758 4484 485
9510 9311 7648 3567 3553 9280 9647 1405 3794 3842 4068 3954 4920 4166 6770 4398 5034 6056 1654 3022 805 1282 3857 2070 1026 8301 7539 8195 5133 5871 3236 9698 238 8642 704 112 3780 5245 4135 4946 9236 3916 1057 7123 8789 4972 2291 2206 6391 7686 0 866 8228 8259 5761 3444 3281 6793 6134 5316 3260 2244 5192 9782 4289 1591 4665 4751 4456 4787 4222 8993 6897 3632 4487 5947 7517 6528 3446 1006 3984 520 9862 6395 9899 952 3609 344 3994 7413 3032 3536 654 386 1614 4772 8487 8319 2798 2626
5461 9851 7617 4613 8917 1335 9117 7832 8848 8103 4358 1426 1249 4410 2206 8798 3864 5973 7795 7991 4284 1747 1005 7669 758 5935 1433 615 2522 7807 3084 9714 4370 8041 5135 7979 9481 309 1423 5875 3244 1369 7369 2857 6515 3615 8171 1447 5824 8405 866 0 5865 3653 7941 3299 1627 5852 9334 1570 2394 56 1512 6700 6572 4249 782 3716 2491 2547 9277 1844 7988 3436 7140 8690 1606 5110 8497 1869 4556 4535 3313 2554 3140 7784 6421 5753 4942 2645 8111 1481 7210 4684 9228 6341 1325 566 8423 2948
3360 3791 3343 4759 8418 4393 658 2811 6198 7466 2371 3918 7165 550 1038 1786 8101 3339 26 3426 4385 8160 6598 2839 4504 9719 2617 7609 4471 9957 2567 4258 4584 9628 7568 4051 7245 6986 7563 4348 1030 2181 6117 8308 6679 4718 5980 2028 3102 6758 8228 5865 0 893 9546 600 4644 9148 9250 4141 7760 2145 3613 1965 6120 9900 3126 1277 7133 4594 6909 7508 2636 8289 4943 2624 981 6106 6405 9641 6572 6210 2387 3050 2652 7375 6866 1317 9188 9396 8388 8204 1803 7508 653 8654 4582 5464 2631 5574
9843 3123 8993 4910 5647 1964 552 2734 5026 8741 8948 2575 2118 2665 9375 2534 9770 6938 4203 3379 100 3871 6771 1724 9396 6469 5312 6854 8822 7654 1440 6199 9888 7711 4 7892 3072 9459 4278 9443 4933 3676 5257 7834 9020 9425 228 6850 3070 2403 8259 3653 893 0 4334 1680 3039 9331 8059 4480 7107 7482 3516 13 9751 8234 387 1268 4674 5618 590 5933 3892 3316 5717 8228 7081 3846 357 4080 4959 3659 9485 132 4066 8523 5853 5971 1865 9922 7463 6547 8953 5498 4813 9700 1096 2932 3618 3492
9567 3818 8427 9062 482 129 4062 6143 8959 2933 2466 2218 2835 9512 1578 4706 853 5974 6537 1086 5222 1558 8651 8472 6266 4427 6808 7370 9406 3382 568 3724 1000 2820 9062 1367 1312 6665 2664 9637 8317 3781 6986 8884 1821 4763 1603 647 3387 7250 5761 7941 9546 4334 0 8418 4550 487 8668 2811 4339 7066 8716 628 2989 6474 5719 3992 2619 2778 1484 5567 252 5682 2451 6548 8692 5406 2 3114 496 9489 7603 4232 1812 7431 9222 5069 6171 1319 2840 4681 9411 4511 6680 4850 2051 2364 4541 8839
720 2569 8052 1130 3747 518 1571 5723 4484 3914 1846 7179 6023 5558 2473 5443 3949 148 6130 1910 1832 1502 8297 1717 2044 7209 2149 3981 6203 4456 9953 4118 9499 7605 3530 4784 2685 9829 4745 8407 389 8128 239 3653 1563 3336 3847 8115 9617 9639 3444 3299 600 1680 8418 0 4124 574 8237 1367 2277 707 4287 7893 2999 3802 6207 8743 5595 2440 8557 5779 2116 5296 7509 1380 6132 8711 9262 8508 8515 3075 3793 7367 9790 2932 9504 3373 5093 4765 8339 1340 9662 5616 5707 3413 3799 2617 5313 3234
7224 8320 7057 8631 5181 8564 5336 9491 8611 1660 877 26 7015 3790 1371 8189 7652 8918 8284 2092 2070 2880 403 6848 5473 8460 9820 6238 7913 9309 5000 9374 7395 4933 6915 5422 1626 6272 9990 2855 8072 3947 3001 1202 4994 6703 9660 5956 9558 9865 3281 1627 4644 3039 4550 4124 0 7583 8169 8268 1893 5919 5743 226 804 448 732 8327 5045 685 398 3781 2666 4053 9661 6838 3104 7153 8274 3474 538 6129 8991 8180 885 9219 5529 2148 9756 8082 4807 1085 1626 8024 3576 5648 757 7561 4564 3713
5751 4594 9439 3963 3158 2920 9350 1278 4167 8299 5334 3245 4155 372 6420 5683 9833 889 5464 5743 7504 7832 2015 6882 247 6023 5133 8588 5766 9324 3409 664 4426 6176 6023 9716 8266 9408 8350 4886 5315 4815 6186 7488 8045 5326 3181 3211 1766 6644 6793 5852 9148 9331 487 574 7583 0 4057 9065 744 2791 8409 8650 2946 6487 5217 608 5197 3597 1936 9661 4010 7859 4402 4025 6441 7566 8520 5746 311 8379 7317 3621 7386 8045 6249 7898 1248 8640 5735 9905 7219 5410 9520 782 6019 4720 2300 5192
6183 8411 9891 460 2961 2634 7256 9775 6361 7200 8526 4358 936 9249 8542 4478 4436 1618 4291 4789 3752 1498 606 2354 4249 6020 8852 5168 8374 3502 5136 3661 1182 2166 7693 5765 9369 1320 3328 2473 9236 375 3664 1590 9992 2763 7572 8477 2151 1897 6134 9334 9250 8059 8668 8237 8169 4057 0 3218 6257 2871 8043 8850 5676 9703 1490 6775 7074 7335 5540 3876 3003 5317 1766 3149 6250 3693 7772 5957 3890 945 5180 6960 3158 1442 8049 2269 7409 3896 683 229 3773 9400 672 9936 5085 1964 4477 7842
1877 4700 9974 6444 6452 5240 67 8031 1863 2512 7301 2886 3310 9769 6886 8682 7467 7465 15 9706 4385 9498 3330 1396 5123 4410 9571 3107 430 8252 7965 5689 1459 3564 4034 2269 6987 841 895 4621 4746 4455 7495 3226 5727 5222 1702 6096 8112 1284 5316 1570 4141 4480 2811 1367 8268 9065 3218 0 9548 9470 3519 3662 6756 9263 2280 9351 6232 3084 6511 8718 9302 2643 3877 1615 6980 1189 3491 3133 2169 9335 4965 5920 1076 8292 1230 827 2385 4289 7850 2201 5860 4913 8089 5890 8647 9452 7184 918
3710 6211 4982 1653 3450 3419 3539 2784 516 7267 9838 2929 2759 5972 1814 5557 7293 9002 3642 1776 9635 7908 748 126 6287 3321 6276 7668 8649 7974 8923 3916 7565 3049 2095 6322 8212 361 6587 1320 6417 6820 768 6493 3880 9922 3570 4757 8039 462 3260 2394 7760 7107 4339 2277 1893 744 6257 9548 0 4787 1564 7040 9277 4873 3223 5913 700 669 6935 7606 3135 9998 3012 6528 5646 718 1891 3057 2636 2481 5827 1171 3448 310 1012 6554 3884 790 5767 699 4944 5957 8211 6975 5522 896 1614 4401
6992 1030 2615 5279 8482 3571 5073 1947 9377 1575 1082 965 2468 141 4176 1545 8978 2353 4170 484 7748 9032 9489 8053 457 2669 3435 2514 1985 9633 1101 8130 4307 8766 929 291 5897 5146 3497 959 9521 9039 2206 7908 3528 9919 4236 1933 8261 2665 2244 56 2145 7482 7066 707 5919 2791 2871 9470 4787 0 2994 8798 739 946 4092 332 4297 6204 3675 8570 1595 1995 5289 3970 515 9342 8171 619 4691 8546 2831 8324 80 6357 3666 5597 3639 2422 8401 339 1832 2827 5961 1560 4182 6673 2974 6393
5097 8076 4513 5851 7675 8815 2997 5045 359 4892 5393 1516 3383 1685 8455 6184 7390 4981 9441 2160 9001 9236 3356 3015 2791 1089 2987 4222 7310 2904 6270 9691 5246 9960 6826 4932 1628 7267 6473 8985 9377 8601 7069 212 2415 7456 2251 5887 4057 4851 5192 1512 3613 3516 8716 4287 5743 8409 8043 3519 1564 2994 0 6831 1168 5593 8944 1917 213 812 371 6890 1081 1226 2417 9124 7656 9025 2442 384 2852 529 7702 2324 9891 1977 9971 8592 3529 1485 7653 7246 1379 7087 4551 6123 8750 1416 9739 975
798 5641 2691 8459 8247 9101 1477 7017 5009 1273 6487 4613 1963 3079 3606 6724 5734 6465 7264 6664 3662 4185 3164 2215 2534 5199 3112 5363 7533 5935 8671 1978 1688 287 2229 1508 5568 8485 9267 4121 6149 7324 9129 4328 4355 1023 4254 9098 7369 4642 9782 6700 1965 13 628 7893 226 8650 8850 3662 7040 8798 6831 0 2593 5798 7964 6193 6163 6520 7847 2012 7527 1634 5839 1178 4006 3982 1473 6389 4778 2229 3346 4236 8402 3766 2510 4572 4609 8483 5508 1289 6800 1381 4084 7863 7376 5055 9026 5132
2808 9902 9233 2968 7150 8558 1661 782 843 4052 7259 6439 7110 3135 3569 9109 8815 6663 2688 8436 277 8877 4643 4513 458 7458 3004 2293 4424 6925 7506 7551 2463 6680 3198 3783 43 5252 4535 4442 9361 7013 1601 1313 9911 1600 2008 8666 6851 8711 4289 6572 6120 9751 2989 2999 804 2946 5676 6756 9277 739 1168 2593 0 7683 206 6863 2063 3740 6061 7902 1689 9201 7788 6366 8880 2373 8765 8922 6526 3011 207 7887 7216 1602 8237 2660 6638 8975 1910 135 2397 7979 8853 57 6708 2498 546 8586
2639 2345 2650 7562 1679 5449 8914 5378 3649 1070 6218 2302 9830 836 1124 7232 2400 4283 9630 9805 4098 7325 1646 7109 8147 9380 6966 9232 2962 287 8615 8725 3941 8398 6509 9501 9761 9214 4417 6993 6055 57 4186 7698 9520 3871 7765 6034 3765 8114 1591 4249 9900 8234 6474 3802 448 6487 9703 9263 4873 946 5593 5798 7683 0 1741 8042 6881 5044 8131 2364 7130 3596 3023 8053 4205 5262 2281 2235 106 4436 2063 4259 3679 3875 7644 2849 4798 4462 8132 2445 8709 1606 9716 4623 9809 5248 2634 429
8575 6615 411 9792 9803 330 6692 4374 2892 5416 5198 4442 7348 8598 4136 3006 176 6001 5700 386 6920 4671 9222 3224 8141 4506 2678 3221 9314 9706 4699 6257 6396 1068 8981 4030 5246 4902 6049 2426 3754 6951 216 3820 151 408 1884 3606 5465 8494 4665 782 3126 387 5719 6207 732 5217 1490 2280 3223 4092 8944 7964 206 1741 0 1838 9091 5161 7988 6843 4929 706 8776 1766 9505 3845 6376 1214 4781 8459 4310 7051 4056 8036 8524 3252 1067 8242 2681 6011 4082 6859 2408 5652 1024 4169 9271 943
3003 4907 9484 4912 1955 2314 5200 6405 2481 8652 8962 2398 2534 7478 2892 3302 9077 4147 2854 6502 4189 9035 6824 2109 7579 7822 5224 3121 6807 2116 3754 2265 1468 5064 7676 5599 2856 64 956 9211 5585 4061 2406 7945 3234 2971 8997 3143 4089 9338 4751 3716 1277 1268 3992 8743 8327 608 6775 9351 5913 332 1917 6193 6863 8042 1838 0 4855 9372 642 7934 5240 6893 7335 5485 4783 7399 2923 5378 1878 5160 6149 6318 962 943 6408 4365 3533 4793 7528 9373 2979 5764 611 9327 2649 4345 3426 4277
8581 2623 7421 589 7511 4015 7451 5396 1465 8007 2045 5067 3370 7993 7400 2460 7583 9915 4688 6473 4545 6469 1534 7944 9386 7673 9970 2610 4411 9336 8304 4795 9732 4780 5219 8214 8629 4682 8828 1368 458 332 5767 8767 3702 3370 2805 5714 4136 911 4456 2491 7133 4674 2619 5595 5045 5197 7074 6232 700 4297 213 6163 2063 6881 9091 4855 0 9361 8434 5351 3863 1059 7737 5592 205 4087 7195 4452 5363 4260 3876 4030 8430 8362 3239 3107 8100 3256 4239 9239 4773 2365 5294 1554 9341 9422 6021 58
8095 3683 3538 940 1382 5440 8250 6097 7427 2059 9100 1544 7343 3642 3292 5452 4459 355 8170 1059 6019 252 1573 5096 606 9585 9658 7556 1285 5370 7616 5516 3764 524 5076 5361 2708 5466 6200 6040 1370 9820 5095 6539 5745 9839 3101 3308 9935 5386 4787 2547 4594 5618 2778 2440 685 3597 7335 3084 669 6204 812 6520 3740 5044 5161 9372 9361 0 1231 9929 6340 7263 1796 1925 8353 1376 3571 5736 7215 6102 3686 193 2761 8337 4248 4067 2656 3683 5546 8072 4339 790 6309 7160 4648 2352 5859 7847
6493 9847 8012 6697 4148 4885 8811 8291 183 747 546 7481 8026 5505 1034 8971 8209 1632 2316 1022 1539 8767 9604 7372 3990 9094 2624 8267 1456 9860 879 78 3972 4664 6540 1315 4667 6366 9584 4949 1135 725 2251 6531 7844 87 5890 6342 6476 3668 4222 9277 6909 590 1484 8557 398 1936 5540 6511 6935 3675 371 7847 6061 8131 7988 642 8434 1231 0 9297 3674 1475 6236 2815 2596 3652 2220 939 1126 2476 5310 3620 7407 7942 8560 7022 9005 2625 5085 1022 4285 4653 1055 1554 4404 9104 2908 3418
6210 3892 4284 5468 8236 8164 5094 7771 6011 3096 891 9254 8045 1615 1094 4261 7782 3492 5600 9436 9519 122 4113 7271 2605 4161 7425 280 4189 8613 8516 6945 9591 9444 5606 3233 7443 4973 6893 7207 4207 445 3823 2336 813 5181 5343 1613 3617 7280 8993 1844 7508 5933 5567 5779 3781 9661 3876 8718 7606 8570 6890 2012 7902 2364 6843 7934 5351 9929 9297 0 1295 9553 4372 9075 4105 9640 8408 9822 9880 429 1890 463 1216 2942 5199 1759 230 66 3590 3912 6649 1252 4670 4643 9585 3444 9723 801
9331 5784 1938 6337 3897 7246 2162 1746 5400 6232 5477 9907 1172 3543 3405 2265 5206 1746 695 160 7702 4923 5564 291 1778 7658 8735 5371 6399 1917 7400 7940 9639 994 1657 4528 2821 2367 4125 2644 6894 477 9955 7236 9863 7354 8528 6159 9316 128 6897 7988 2636 3892 252 2116 2666 4010 3003 9302 3135 1595 1081 7527 1689 7130 4929 5240 3863 6340 3674 1295 0 3155 7930 1326 4081 8015 6341 2629 1384 4679 9686 3430 1712 6001 9453 7639 3074 8640 9435 1560 1442 3824 8926 7102 7569 5763 41 8220
9622 5202 3742 8529 6913 8910 8591 7619 789 4335 5479 847 3007 3776 8310 5107 1696 2483 3259 5736 6645 7064 3191 9308 5607 7873 8930 9814 78 3974 6371 2216 9532 1273 3149 2705 8319 6487 6199 3222 6329 4613 7279 7224 8767 8289 4127 1591 3745 7083 3632 3436 8289 3316 5682 5296 4053 7859 5317 2643 9998 1995 1226 1634 9201 3596 706 6893 1059 7263 1475 9553 3155 0 5097 7695 6858 175 6177 52 6991 1583 8029 7827 4995 9738 3258 628 7588 652 6312 4662 6813 483 7028 6079 4028 1081 2064 4697
4280 6639 7543 7551 4824 637 3357 9704 908 8021 1249 3679 4631 9634 9503 325 5504 2822 1336 6579 3543 1560 8762 8081 3528 1567 5727 2666 7216 5192 4817 108 1266 7664 8890 9088 6134 4229 250 8834 6510 283 8793 7216 4571 735 7945 2135 7642 6832 4487 7140 4943 5717 2451 7509 9661 4402 1766 3877 3012 5289 2417 5839 7788 3023 8776 7335 7737 1796 6236 4372 7930 5097 0 8490 8171 4467 8352 2153 2229 2363 827 1271 6819 9612 9021 708 9882 4288 9581 950 8098 3750 6184 5204 2679 5508 3754 2226
7509 9745 89 1185 1783 1837 1155 5754 3766 3276 7223 5645 7931 7880 7811 1352 2661 271 3076 3876 13 2423 2965 1828 6034 3872 6848 2041 3857 2171 4584 5569 3529 3138 4074 2592 5816 431 5198 962 2860 1374 6571 4765 9393 351 9505 5186 1376 78 5947 8690 2624 8228 6548 1380 6838 4025 3149 1615 6528 3970 9124 1178 6366 8053 1766 5485 5592 1925 2815 9075 1326 7695 8490 0 2243 8648 8469 3576 9249 5772 2618 3452 9674 289 4423 5267 3158 2181 2345 3806 224 3380 6108 9938 8697 2820 8438 8434
4028 4853 3485 4489 1922 1078 4560 3510 3618 9094 234 7536 2415 248 4830 2719 7396 2878 5572 3531 2766 1538 6955 6831 2066 6505 3891 9176 4996 7638 5581 3121 9556 8456 3548 4970 6981 2244 7827 1177 7281 6129 7365 3510 3950 4202 6647 3609 8948 1274 7517 1606 981 7081 8692 6132 3104 6441 6250 6980 5646 515 7656 4006 8880 4205 9505 4783 205 8353 2596 4105 4081 6858 8171 2243 0 7399 6086 5229 2631 5968 1250 8260 7531 7767 5304 4758 1832 9301 6687 2476 5642 7282 7756 9649 4330 5913 3988 4906
8318 9248 2409 3229 6653 3072 5944 2926 8341 8772 4012 9058 9631 904 7275 9410 2990 9345 10 3069 7632 9249 703 8874 5886 2378 2005 9207 1385 5219 5915 2560 4577 718 6792 6352 316 6274 2324 1726 863 7382 800 1123 7295 8968 2740 3993 5943 1038 6528 5110 6106 3846 5406 8711 7153 7566 3693 1189 718 9342 9025 3982 2373 5262 3845 7399 4087 1376 3652 9640 8015 175 4467 8648 7399 0 5524 7668 9902 4758 1116 4601 7372 3296 2077 8214 1349 5177 8443 4937 7576 8405 9656 8114 9198 350 9583 3814
7673 6685 5140 1440 9987 1925 3763 5357 2394 9072 7383 396 4108 4175 8548 886 7401 179 8683 9767 8948 5966 5198 3819 1111 384 5264 4968 8989 2788 3597 1284 5937 4158 6339 3573 9990 8184 7611 9733 4726 4231 4758 6189 7817 9508 1306 646 5971 809 3446 8497 6405 357 2 9262 8274 8520 7772 3491 1891 8171 2442 1473 8765 2281 6376 2923 7195 3571 2220 8408 6341 6177 8352 8469 6086 5524 0 4324 1095 6354 226 5243 5939 6656 953 6526 1594 4676 8505 7157 916 5246 2885 2177 675 2749 8282 6488
8879 7024 2848 188 7785 1032 5937 8517 5842 239 5069 7736 3705 7705 5500 8626 8883 1183 4301 2139 3040 2299 1356 2478 2578 3055 372 5814 4086 4412 5749 3768 2662 6144 9917 1989 846 1188 2628 4027 9354 4406 7930 4175 2405 3555 1141 3408 6789 4633 1006 1869 9641 4080 3114 8508 3474 5746 5957 3133 3057 619 384 6389 8922 2235 1214 5378 4452 5736 939 9822 2629 52 2153 3576 5229 7668 4324 0 9562 7728 9315 1850 6885 258 2426 4632 2351 2875 7473 6425 5317 6614 263 1233 5810 9604 9677 2075
6290 460 8201 9332 9733 6565 1898 7263 9159 8669 3181 2031 1490 1170 2616 2540 642 9405 3394 1043 441 5813 7349 2244 5808 3220 9706 2167 5864 8495 6902 5141 9219 8319 8889 3185 5179 3824 2470 3233 5622 9026 8531 5264 554 2221 700 1805 2969 9066 3984 4556 6572 4959 496 8515 538 311 3890 2169 2636 4691 2852 4778 6526 106 4781 1878 5363 7215 1126 9880 1384 6991 2229 9249 2631 9902 1095 9562 0 8257 7628 8470 3074 1834 3759 6188 8796 7763 3283 2565 5839 4524 4896 2265 320 1415 7739 6086
6784 7996 4748 637 5149 2775 8090 9361 8657 2649 7221 3705 4826 6688 1496 2114 3849 6029 6492 1837 1100 5726 1261 5442 8505 2854 7335 774 4023 37 1942 2515 2620 397 8977 5997 3296 4685 5292 1870 792 2451 549 4239 7710 2758 6355 9695 3824 4966 520 4535 6210 3659 9489 3075 6129 8379 945 9335 2481 8546 529 2229 3011 4436 8459 5160 4260 6102 2476 429 4679 1583 2363 5772 5968 4758 6354 7728 8257 0 2289 9179 7655 5943 1819 4580 3669 3969 7703 9949 1171 9283 2526 5974 703 4155 6471 8908
