50
0 6134 758 7030 3698 1019 4049 8022 6147 9182 4342 2509 437 8052 9952 4294 69 8867 616 409 947 1383 5228 2065 7294 4970 9646 5916 241 2406 369 2332 8675 3313 3553 5372 7679 8403 9215 8643 9899 247 5383 1250 2300 1218 1561 7378 7192 4308
6134 0 8911 3423 4350 9992 7052 1981 7075 5989 8015 4340 7558 8132 1420 9437 7948 1659 575 9979 1316 8510 3390 8377 7602 3452 4815 1915 9804 9583 2811 9552 2640 3653 3161 8742 792 2521 5966 8464 8535 1947 2420 9248 5213 8722 1013 628 6789 6845
758 8911 0 5585 2596 7615 3318 3201 7807 2856 500 3176 3092 4813 6259 3480 7089 5493 5870 8258 7907 7635 1897 5623 5565 3397 3682 7501 1405 1587 3099 8855 2305 5115 6457 6589 5470 1586 6326 5754 6330 3582 6353 3627 4665 3171 5694 348 8224 6170
7030 3423 5585 0 123 5876 1270 2967 6837 6305 6470 823 1797 408 4196 9066 646 1923 8389 6142 5740 1561 4796 2104 6009 7163 3197 9893 9785 1629 4528 8921 5754 4702 3459 4802 5554 6154 9035 6894 4178 9916 2657 25 6360 8625 1236 5483 1038 4287
3698 4350 2596 123 0 4218 8623 9861 2920 5234 1873 2858 203 730 4642 2714 1915 2024 3898 9314 1888 3023 6410 4689 1313 851 7450 1262 1805 5006 7377 3737 260 6726 1661 5953 2647 7950 8151 8902 9639 7578 4183 8039 1130 3762 1728 3473 5415 9677
1019 9992 7615 5876 4218 0 4641 2229 6658 9722 7830 7268 8571 5330 7400 2027 1299 367 6927 389 9082 7735 2683 2703 8549 2795 2530 967 8797 1910 9440 9318 9284 9634 9904 328 8909 9185 9961 9451 1649 8302 488 2244 1933 2674 6359 542 7591 7608
4049 7052 3318 1270 8623 4641 0 4002 6021 1480 9633 4936 7793 7920 5464 3641 1954 3254 4395 2970 6211 9017 4563 5839 6241 7246 235 3354 8789 6673 3405 1886 5239 1437 1127 1120 7666 2708 548 7769 3911 2000 894 2630 8973 9490 7824 7042 7878 9388
8022 1981 3201 2967 9861 2229 4002 0 3919 3395 572 1697 3785 2967 8702 7963 1628 116 3427 5723 6432 7939 7763 7533 4120 8970 583 5816 3549 955 3394 633 1009 3415 5334 6177 8950 3368 4745 2584 5594 8198 7761 3939 3704 8378 7041 3430 8091 1842
6147 7075 7807 6837 2920 6658 6021 3919 0 6272 8604 7025 4689 5687 2676 7498 3251 5457 3357 6218 95 5258 2926 5790 6433 3290 580 1792 1973 3569 8050 7503 2887 93 7318 6648 8601 9932 733 9546 4530 6825 6523 1306 3770 3893 4030 5626 6299 5213
9182 5989 2856 6305 5234 9722 1480 3395 6272 0 7566 426 1758 2735 2979 2572 1247 6559 4989 3346 2274 356 9470 6158 6355 5185 1230 7492 4583 4537 6999 6094 1597 3286 8917 5453 8958 6523 1678 8951 206 8832 1171 3055 644 7340 1137 9895 3574 2563
4342 8015 500 6470 1873 7830 9633 572 8604 7566 0 4195 1935 4342 7788 9578 9693 2391 8453 7733 3500 3607 2727 5309 291 2661 5675 1743 407 1758 4977 9908 4548 4686 721 2000 2297 5622 2913 9032 7269 5574 8290 6287 7703 8968 7322 708 2657 8892
2509 4340 3176 823 2858 7268 4936 1697 7025 426 4195 0 2646 2280 5183 9631 75 5317 8662 412 5688 1723 5084 5622 6802 8661 8537 8008 8897 5380 7832 5794 1792 7415 5636 9119 5335 6559 7133 5075 3744 360 336 9511 3850 8940 2328 4346 7262 6006
437 7558 3092 1797 203 8571 7793 3785 4689 1758 1935 2646 0 4978 3184 2185 604 857 4671 8168 6596 5304 3537 5167 3867 5399 398 65 8338 3653 5165 5033 6635 660 5399 6673 9300 8138 1201 3926 6357 3283 4931 4444 8956 3540 4049 7217 6605 4834
8052 8132 4813 408 730 5330 7920 2967 5687 2735 4342 2280 4978 0 6980 3012 6033 7184 8472 5475 5942 4184 339 78 1339 5152 8883 1576 688 8265 9139 1244 5312 190 7262 3634 7054 9106 1617 2302 8061 3673 3913 6613 2647 7274 56 6460 2755 2548
9952 1420 6259 4196 4642 7400 5464 8702 2676 2979 7788 5183 3184 6980 0 9550 9754 1743 5609 5326 6177 752 4784 9435 9971 6049 9471 2707 1448 1127 9576 9765 2207 7035 5415 7163 2904 241 1833 5554 5237 1872 8874 7169 1917 3818 6110 1754 7204 5821
4294 9437 3480 9066 2714 2027 3641 7963 7498 2572 9578 9631 2185 3012 9550 0 6045 53 1351 9452 4124 2754 4156 5937 4983 922 7926 587 4074 4298 8987 4657 7452 9549 504 1682 8476 7165 8019 511 805 2572 5891 6442 3485 1531 4786 728 8542 6754
69 7948 7089 646 1915 1299 1954 1628 3251 1247 9693 75 604 6033 9754 6045 0 7525 7919 8899 3935 589 8215 5920 8852 2658 2094 7879 6560 8742 9911 1692 898 7375 1509 4097 8123 8464 4043 9311 7731 7143 5609 7020 8257 2206 3871 8172 5238 5497
8867 1659 5493 1923 2024 367 3254 116 5457 6559 2391 5317 857 7184 1743 53 7525 0 2270 6059 2965 5830 2306 4080 5882 6735 1724 7871 8678 121 6368 691 5327 5849 4356 4618 8725 4603 8188 3972 2325 4651 7272 7977 7345 6464 6217 509 255 6942
616 575 5870 8389 3898 6927 4395 3427 3357 4989 8453 8662 4671 8472 5609 1351 7919 2270 0 5745 7688 6595 5467 8424 2129 9418 8465 6057 8986 1172 6335 2345 6278 5225 4813 4603 2296 7188 6513 2218 2118 60 2765 5271 5190 6148 3513 8332 1460 5382
409 9979 8258 6142 9314 389 2970 5723 6218 3346 7733 412 8168 5475 5326 9452 8899 6059 5745 0 5805 4398 8748 8415 8958 9052 571 5466 373 4122 1092 6308 3084 2343 6456 817 2391 5147 1382 499 385 3084 1326 9180 4679 3490 3173 4865 7969 6900
947 1316 7907 5740 1888 9082 6211 6432 95 2274 3500 5688 6596 5942 6177 4124 3935 2965 7688 5805 0 2537 9634 3665 7712 6616 2392 5159 8583 4716 8012 8505 7204 7221 95 6123 9865 454 284 1913 3423 9931 670 2962 2469 5467 4690 2352 9134 5881
1383 8510 7635 1561 3023 7735 9017 7939 5258 356 3607 1723 5304 4184 752 2754 589 5830 6595 4398 2537 0 7765 2183 8137 4900 9053 7379 8000 8934 5252 9840 5002 505 268 9946 2325 2521 5003 4998 9673 7724 1764 4705 8640 2617 8692 509 6174 928
5228 3390 1897 4796 6410 2683 4563 7763 2926 9470 2727 5084 3537 339 4784 4156 8215 2306 5467 8748 9634 7765 0 4752 4985 1178 2533 3371 3578 8281 3609 9967 6459 1862 667 6496 9419 2886 7793 378 9528 9091 9597 3686 5908 8774 6659 3730 2210 5224
2065 8377 5623 2104 4689 2703 5839 7533 5790 6158 5309 5622 5167 78 9435 5937 5920 4080 8424 8415 3665 2183 4752 0 8309 4921 3329 8659 7006 803 405 1669 7247 8662 7165 9939 498 1361 220 5628 8252 7049 2760 4085 8374 4554 8321 7794 1681 173
7294 7602 5565 6009 1313 8549 6241 4120 6433 6355 291 6802 3867 1339 9971 4983 8852 5882 2129 8958 7712 8137 4985 8309 0 9228 8984 2421 5067 3507 8147 2914 8963 3934 2683 6306 5439 2764 3265 8629 7310 8304 3356 6572 402 5978 4865 9196 5894 8758
4970 3452 3397 7163 851 2795 7246 8970 3290 5185 2661 8661 5399 5152 6049 922 2658 6735 9418 9052 6616 4900 1178 4921 9228 0 1456 6025 5808 2456 8240 4607 5351 6008 2581 5498 3465 5169 7117 8396 6321 135 7954 2668 6401 7811 7109 7647 8831 9288
9646 4815 3682 3197 7450 2530 235 583 580 1230 5675 8537 398 8883 9471 7926 2094 1724 8465 571 2392 9053 2533 3329 8984 1456 0 5307 3479 4758 6186 6501 9601 1075 793 1434 6529 3636 3420 9502 1350 7392 7721 7987 3616 9967 2235 1538 8761 4305
5916 1915 7501 9893 1262 967 3354 5816 1792 7492 1743 8008 65 1576 2707 587 7879 7871 6057 5466 5159 7379 3371 8659 2421 6025 5307 0 6731 843 9495 9473 8287 4453 9059 7397 4412 5775 5965 8789 4429 3148 6000 5333 5859 7052 8911 6006 4952 4415
241 9804 1405 9785 1805 8797 8789 3549 1973 4583 407 8897 8338 688 1448 4074 6560 8678 8986 373 8583 8000 3578 7006 5067 5808 3479 6731 0 4673 7334 2825 1655 9173 7908 3768 1124 9526 3708 5622 409 1752 2368 8605 6928 1973 3279 9722 1531 4676
2406 9583 1587 1629 5006 1910 6673 955 3569 4537 1758 5380 3653 8265 1127 4298 8742 121 1172 4122 4716 8934 8281 803 3507 2456 4758 843 4673 0 6001 5555 9893 7832 9964 3006 2481 7915 1559 1045 1441 1255 3105 6389 9220 64 2039 9406 9614 7266
369 2811 3099 4528 7377 9440 3405 3394 8050 6999 4977 7832 5165 9139 9576 8987 9911 6368 6335 1092 8012 5252 3609 405 8147 8240 6186 9495 7334 6001 0 8012 2815 6828 7355 4181 7700 5878 3571 4494 431 7939 2367 7973 8626 7078 1052 8272 2067 8997
2332 9552 8855 8921 3737 9318 1886 633 7503 6094 9908 5794 5033 1244 9765 4657 1692 691 2345 6308 8505 9840 9967 1669 2914 4607 6501 9473 2825 5555 8012 0 1406 1528 5479 5860 8948 7070 5185 7836 5727 8383 1661 553 9236 6494 3308 1526 327 7131
8675 2640 2305 5754 260 9284 5239 1009 2887 1597 4548 1792 6635 5312 2207 7452 898 5327 6278 3084 7204 5002 6459 7247 8963 5351 9601 8287 1655 9893 2815 1406 0 3277 7249 278 9992 9488 4143 4998 2254 4569 4630 4229 24 31 6146 9192 4631 7371
3313 3653 5115 4702 6726 9634 1437 3415 93 3286 4686 7415 660 190 7035 9549 7375 5849 5225 2343 7221 505 1862 8662 3934 6008 1075 4453 9173 7832 6828 1528 3277 0 1426 1395 750 8697 6120 3880 5896 8988 8304 9879 2243 1716 4591 8127 6013 6907
3553 3161 6457 3459 1661 9904 1127 5334 7318 8917 721 5636 5399 7262 5415 504 1509 4356 4813 6456 95 268 667 7165 2683 2581 793 9059 7908 9964 7355 5479 7249 1426 0 742 9411 9272 3415 8105 2163 8964 8319 7824 1715 9266 2313 3273 5570 8051
5372 8742 6589 4802 5953 328 1120 6177 6648 5453 2000 9119 6673 3634 7163 1682 4097 4618 4603 817 6123 9946 6496 9939 6306 5498 1434 7397 3768 3006 4181 5860 278 1395 742 0 3816 8506 5688 4363 6503 1398 3775 2928 4532 6955 4560 5232 2133 643
7679 792 5470 5554 2647 8909 7666 8950 8601 8958 2297 5335 9300 7054 2904 8476 8123 8725 2296 2391 9865 2325 9419 498 5439 3465 6529 4412 1124 2481 7700 8948 9992 750 9411 3816 0 5391 875 2728 8745 9310 4196 7469 9658 7753 3581 7761 7824 1834
8403 2521 1586 6154 7950 9185 2708 3368 9932 6523 5622 6559 8138 9106 241 7165 8464 4603 7188 5147 454 2521 2886 1361 2764 5169 3636 5775 9526 7915 5878 7070 9488 8697 9272 8506 5391 0 832 3748 3659 7457 5418 8970 2036 113 6035 2766 5328 5453
9215 5966 6326 9035 8151 9961 548 4745 733 1678 2913 7133 1201 1617 1833 8019 4043 8188 6513 1382 284 5003 7793 220 3265 7117 3420 5965 3708 1559 3571 5185 4143 6120 3415 5688 875 832 0 9241 7151 5512 192 7455 6306 1974 8886 1370 2203 142
8643 8464 5754 6894 8902 9451 7769 2584 9546 8951 9032 5075 3926 2302 5554 511 9311 3972 2218 499 1913 4998 378 5628 8629 8396 9502 8789 5622 1045 4494 7836 4998 3880 8105 4363 2728 3748 9241 0 20 799 9551 2680 6180 3228 9283 1424 2594 2699
9899 8535 6330 4178 9639 1649 3911 5594 4530 206 7269 3744 6357 8061 5237 805 7731 2325 2118 385 3423 9673 9528 8252 7310 6321 1350 4429 409 1441 431 5727 2254 5896 2163 6503 8745 3659 7151 20 0 7096 7762 4091 3989 4686 1305 4992 1234 8785
247 1947 3582 9916 7578 8302 2000 8198 6825 8832 5574 360 3283 3673 1872 2572 7143 4651 60 3084 9931 7724 9091 7049 8304 135 7392 3148 1752 1255 7939 8383 4569 8988 8964 1398 9310 7457 5512 799 7096 0 1059 2047 7231 9255 6705 6583 1313 1130
5383 2420 6353 2657 4183 488 894 7761 6523 1171 8290 336 4931 3913 8874 5891 5609 7272 2765 1326 670 1764 9597 2760 3356 7954 7721 6000 2368 3105 2367 1661 4630 8304 8319 3775 4196 5418 192 9551 7762 1059 0 627 6065 4483 2933 4123 2653 4621
1250 9248 3627 25 8039 2244 2630 3939 1306 3055 6287 9511 4444 6613 7169 6442 7020 7977 5271 9180 2962 4705 3686 4085 6572 2668 7987 5333 8605 6389 7973 553 4229 9879 7824 2928 7469 8970 7455 2680 4091 2047 627 0 6321 9845 7806 27 4931 8143
2300 5213 4665 6360 1130 1933 8973 3704 3770 644 7703 3850 8956 2647 1917 3485 8257 7345 5190 4679 2469 8640 5908 8374 402 6401 3616 5859 6928 9220 8626 9236 24 2243 1715 4532 9658 2036 6306 6180 3989 7231 6065 6321 0 51 1897 5162 229 1696
1218 8722 3171 8625 3762 2674 9490 8378 3893 7340 8968 8940 3540 7274 3818 1531 2206 6464 6148 3490 5467 2617 8774 4554 5978 7811 9967 7052 1973 64 7078 6494 31 1716 9266 6955 7753 113 1974 3228 4686 9255 4483 9845 51 0 9403 1353 8308 1460
1561 1013 5694 1236 1728 6359 7824 7041 4030 1137 7322 2328 4049 56 6110 4786 3871 6217 3513 3173 4690 8692 6659 8321 4865 7109 2235 8911 3279 2039 1052 3308 6146 4591 2313 4560 3581 6035 8886 9283 1305 6705 2933 7806 1897 9403 0 759 254 9371
7378 628 348 5483 3473 542 7042 3430 5626 9895 708 4346 7217 6460 1754 728 8172 509 8332 4865 2352 509 3730 7794 9196 7647 1538 6006 9722 9406 8272 1526 9192 8127 3273 5232 7761 2766 1370 1424 4992 6583 4123 27 5162 1353 759 0 7446 8206
7192 6789 8224 1038 5415 7591 7878 8091 6299 3574 2657 7262 6605 2755 7204 8542 5238 255 1460 7969 9134 6174 2210 1681 5894 8831 8761 4952 1531 9614 2067 327 4631 6013 5570 2133 7824 5328 2203 2594 1234 1313 2653 4931 229 8308 254 7446 0 1111
4308 6845 6170 4287 9677 7608 9388 1842 5213 2563 8892 6006 4834 2548 5821 6754 5497 6942 5382 6900 5881 928 5224 173 8758 9288 4305 4415 4676 7266 8997 7131 7371 6907 8051 643 1834 5453 142 2699 8785 1130 4621 8143 1696 1460 9371 8206 1111 0
