200
0 5907 6960 6887 8172 3852 5187 4893 9739 3587 940 9300 7372 6903 6466 114 817 1595 6244 9545 9016 7713 2669 1742 4709 5697 9054 5999 539 5413 1889 7715 2868 7890 8912 1521 7205 9023 7768 2371 8633 1526 7623 5115 9011 100 5565 8103 587 9952 704 5369 4622 7153 8416 7419 4758 3764 5113 6656 6679 3057 221 5580 5459 80 3521 4474 1596 2847 5637 8630 5259 735 4717 7861 8545 29 8094 9118 4878 1155 64 1638 6428 7744 1725 3661 2506 6404 5646 6522 2690 887 9289 2440 8559 8604 4481 2578 9212 2842 328 6180 9125 6906 8425 7424 1233 4491 176 1788 4001 350 8118 7752 5301 6172 3093 5906 2915 4752 7315 2208 3406 9156 2613 7474 456 6087 6358 7532 8901 3597 874 9326 3940 1926 8874 3590 6710 1568 5258 5461 3355 5718 8795 8157 897 6531 915 6556 7232 6924 8291 3091 4503 6549 611 4021 1342 6853 8237 8116 2307 9990 3540 8515 5152 2691 225 4807 7 5088 1513 2486 7943 2718 8886 377 6133 2992 1728 7974 5564 8243 6049 8406 4830 1747 2524 3988 5285 6787 3125 7251 4627 5068 4380 8299
5907 0 4514 4799 5981 7906 1240 8262 9787 8949 5675 3642 7548 1467 8013 7189 1724 6276 2809 1704 186 3730 8849 4914 9912 7600 9048 8057 5597 9921 2138 8667 6882 835 4364 8234 3478 7722 7993 5732 9374 9964 7275 9263 1993 9720 3917 549 9459 1439 7919 5690 5992 1790 2712 7272 8575 5298 1690 8161 4699 5608 8293 1363 2543 6799 4021 9487 7756 8964 1923 3885 7660 3700 5259 8381 3346 408 3557 2828 6458 526 2168 9832 1112 144 9763 8199 7789 4509 3156 955 7124 2318 2663 495 2157 6847 9228 7440 2506 3445 8195 560 8678 7930 7982 3116 5874 9001 9374 5626 4916 2639 468 1793 7806 3887 3714 8513 8676 9766 4815 5330 4213 2971 2242 7890 5499 8067 5613 7739 7469 2947 6363 1552 3 1444 9659 4857 5244 5396 7458 4188 6686 2516 1987 9465 6847 2521 1752 94 4739 2244 9285 336 7279 9605 5698 5536 204 958 4436 9134 2888 1772 8037 2443 8940 328 6663 9751 6961 5489 6809 2641 4603 5583 1804 2142 8659 4407 5441 2894 8378 7916 8044 4375 9739 593 9015 9941 1319 7974 2436 6526 5465 2212 6918 2695
6960 4514 0 6262 8802 5059 8091 8030 4498 6513 6944 6892 4686 6906 8119 3317 3915 843 1361 7213 5611 3051 5937 9678 6557 5867 2499 8849 5857 9981 6465 1096 4350 654 7603 5648 9682 7117 3840 9687 2724 5280 7225 9323 9346 7785 5389 382 4969 1618 6299 2561 7622 1670 627 8426 3030 7327 841 97 8227 283 8269 9876 8440 5074 3462 4022 6894 2278 3254 2336 6172 3091 9692 8889 9768 594 1325 3551 3986 3269 1146 8163 1425 2826 985 4378 3338 8803 3870 6882 5609 432 4123 9036 7616 7576 5960 7993 4984 8423 7935 1970 9900 5784 4603 8697 6897 4235 8574 8238 5929 1137 6937 6494 7549 6111 3045 8530 1440 9605 2450 2644 2546 6696 6014 5878 125 2382 1608 9542 5126 5335 3300 9671 7744 8425 4794 2372 2830 643 1095 9589 8930 9559 7698 3820 7806 178 933 4145 8120 4833 5455 8058 380 9168 4603 8424 737 8598 2984 914 1250 2395 2252 8168 5819 3659 5651 5749 9924 5109 5777 6646 7632 2140 5173 124 8832 9145 5548 2816 1015 1796 5190 6831 4801 2572 5346 1575 273 5496 1402 9743 8989 3661 3055 3700
6887 4799 6262 0 6350 9145 931 1229 2219 2345 8916 206 2784 572 6535 3256 8217 2536 3821 1166 8389 1098 4857 219 1883 3810 8384 9219 1378 6483 7199 7815 7809 1810 9873 231 2857 9039 456 8481 8750 8520 2507 5945 5646 3406 305 2044 9141 5668 8599 6804 7712 752 9875 8335 5684 5384 864 7273 8625 8901 2063 5473 5769 8391 5464 6470 3693 5228 8283 120 6292 3671 2862 6386 5454 1302 2261 5056 2710 8075 454 8953 8131 3547 5226 8956 3385 6399 1757 9522 6439 9535 2650 1585 7980 1927 6775 919 9588 4749 8060 214 4359 5003 1908 7593 6772 8805 5545 1508 7542 5871 6084 6892 9827 6459 6365 4665 8556 4478 6638 3887 999 8225 6783 1366 4908 7723 1578 674 829 6326 6462 4785 9440 1450 2077 7972 5661 6402 4826 9832 6521 2606 4772 4736 8629 6822 6803 1335 6982 4981 705 3280 6384 4221 2676 9423 5712 4673 7496 1337 3507 5572 8737 6722 4589 3868 9203 9559 6375 8822 5991 7668 660 6606 6223 6388 8479 4812 803 7165 6852 7793 2730 206 1056 5249 1510 5161 5606 1505 9191 2639 8383 3352 7276 843
8172 5981 8802 6350 0 4144 9704 351 9022 720 4882 1695 2720 7975 3954 4633 7315 5814 9731 8151 7852 8244 2602 5655 2798 7155 8810 350 9013 7877 8558 898 7079 656 1265 8663 9587 480 736 8055 9191 3808 9373 1763 6462 3060 5210 644 8717 1568 928 6114 9822 9129 4530 2037 7141 6585 7980 6152 8047 4776 8243 6035 6781 6502 9121 1201 6571 6067 2868 923 8809 6838 9171 8480 6428 1708 3594 523 6732 3564 2551 5728 7589 6263 9465 9930 1583 2937 5158 5479 654 5295 6685 1685 5065 9903 7171 6010 2354 3920 220 5251 5795 5240 1632 3741 8896 5171 1781 3655 7764 3933 8170 8026 6978 5282 7112 3067 7981 723 3118 7486 4687 8298 224 2779 651 1976 2933 6757 7441 1033 8968 944 9121 8846 5469 1714 9668 122 9520 4960 4430 1002 1288 3244 9804 427 9023 2131 155 7488 4637 5302 3924 8824 6448 8693 8020 167 3541 9449 4756 2470 945 1813 4854 4596 5948 9976 5588 3580 3624 1964 5110 7021 4919 4311 9421 8892 2178 5760 9745 6960 8900 3321 9830 3683 2345 136 1565 3351 2997 4439 5003 1596 7811 5116
3852 7906 5059 9145 4144 0 5703 8822 6499 3833 9046 5049 3494 4157 4411 9515 3873 3702 6779 5000 6158 6513 2072 7613 3017 7168 1736 4283 251 6566 6762 9765 1949 9647 1410 5138 1771 3730 1169 4689 4355 7714 5854 9177 4659 8599 331 3634 3124 2744 6429 520 2643 6179 647 4095 7132 6648 9353 7789 2102 10 575 7434 8236 2041 4047 1014 7715 6366 9675 4830 7246 4881 8683 5664 3276 228 6011 1522 2188 4782 4245 1601 9272 3990 5199 3299 9033 3605 3266 6104 3368 7743 1044 5075 4259 8460 182 8074 468 6491 2482 4743 3684 6288 9478 5359 1701 8870 7980 5866 3808 5102 3394 3557 262 1462 2855 5899 7720 1370 741 5416 6851 3233 209 1031 9666 4792 7745 864 1479 5413 4443 6214 5383 9885 4727 332 4734 7865 9323 7603 6023 4611 2530 4218 5559 201 9853 8621 432 3948 4433 100 5726 4903 8812 257 7797 6455 5367 1912 6132 8075 6626 7459 6251 3552 8139 6345 3480 6800 9819 5734 4258 7366 7824 8141 1466 3045 9294 1815 1216 1455 3998 4464 4897 3906 3643 2246 5278 9227 7246 9691 9908 4895 6436 2065
5187 1240 8091 931 9704 5703 0 5852 4160 4961 4843 554 4566 5525 9475 278 4075 9075 4421 107 5241 5752 8592 333 6616 8994 679 197 4101 2080 1129 9996 6948 7249 7217 8815 2731 4054 3507 9421 2815 3915 1679 7165 6549 1898 5709 393 1363 3266 9941 7721 3686 1234 5822 2649 6079 1934 229 4627 5682 3153 9818 5827 6234 807 7917 5327 7393 6040 8572 592 463 7687 4283 7350 7520 8455 6497 6109 2327 9629 4371 7483 3836 3611 1156 3155 3140 7375 4872 7331 568 8395 784 2128 7352 7185 9377 1471 5213 3261 5045 9866 9384 2347 2951 3512 1479 9282 7180 5201 6087 2112 8062 2396 794 3848 3798 9071 9721 468 1501 4648 9459 6560 7954 9608 381 9949 1696 74 584 9979 9359 939 5522 9604 1842 642 4753 2560 6708 1489 7963 4631 1018 2899 5414 8542 3303 2303 3631 3667 9706 2982 6924 3335 9024 3520 377 4228 9405 781 8501 194 6655 7245 3374 5955 3799 3660 1253 4256 8396 3758 6304 579 9640 8019 9324 3536 1557 3502 5436 8588 2259 1564 1270 9181 8350 3236 5286 5412 9961 8813 8448 2510 2721 4841
4893 8262 8030 1229 351 8822 5852 0 2334 4073 3651 7979 6819 6359 2461 6684 5264 246 6573 6613 6861 371 117 6213 3752 1428 4404 414 1862 9034 1032 8682 9554 5076 1494 7699 178 8104 4633 2397 7091 6078 8270 5585 9174 3520 1390 7916 1778 1551 665 6833 1454 1529 5853 4558 7662 5534 8354 9147 1414 1240 4515 3149 1289 8702 5446 3324 7988 818 9624 8597 3862 7949 9917 4336 5914 3510 7037 8788 4072 1318 1567 9094 5857 6793 7761 505 5288 8378 9950 5284 1334 696 408 66 9262 4028 1219 8486 6952 1385 2116 4761 5236 5339 6706 1275 2884 8771 1825 167 5967 3249 4291 1268 302 2488 102 5486 6345 9100 7270 5685 5577 5169 3562 7216 7396 5403 1496 6464 6162 4674 7503 2183 4476 4890 2563 9178 3709 365 3101 3030 8628 6088 5059 4664 5387 517 5230 3731 775 7426 1425 1770 9674 632 1102 1694 8809 1008 2195 2459 4454 3233 6095 2186 736 9338 1441 5553 9792 4964 8988 5748 4248 7021 99 7774 2049 4975 7890 5191 8658 3446 7867 1497 2393 16 6912 6890 8311 1643 982 8112 1308 8679 6684 7093
9739 9787 4498 2219 9022 6499 4160 2334 0 4964 7047 8223 4391 9228 1600 1512 3562 3333 4821 3644 3114 2465 1504 7548 3237 2406 5083 1291 2665 1429 687 9583 112 8353 9604 7312 7794 3912 860 1914 0 2269 4757 6138 9477 808 5393 3497 6993 5064 2471 6363 3379 3714 369 2183 3946 697 6967 1593 8253 3545 8696 9799 6780 6261 5120 2853 1622 7005 8193 9082 947 9466 8219 3318 5719 723 2461 3226 9333 1196 4832 3504 5333 2503 3800 6988 1611 9226 4222 9544 8864 1557 3743 6051 371 4403 1296 9515 4325 7511 342 4113 9591 8731 3917 8430 4850 3437 9277 7607 5637 8527 7374 6501 8779 2139 366 6075 7431 1269 5484 8647 7258 8770 864 3101 297 365 8331 6830 623 4126 2510 1924 9922 3612 3015 7012 3845 9736 8837 9609 9092 8548 3965 4182 5477 2555 4108 3251 4111 3700 936 4641 4063 6449 2971 3594 215 7816 5336 1543 7789 9320 2928 9348 5184 4473 1806 4114 1133 102 1096 5302 9449 5384 7747 5026 2375 9380 3659 5105 8189 2818 3331 6729 823 3860 9570 2438 4466 6027 5501 3359 4955 3872 1764 1368
3587 8949 6513 2345 720 3833 4961 4073 4964 0 9989 3210 2269 3193 2134 2725 3658 1499 8436 2162 2435 1965 322 8703 371 641 4811 9696 1509 3368 2797 4827 1664 5810 6141 8227 5724 3744 3705 5959 3064 2811 1941 8311 323 8490 7685 2364 3347 7619 6025 6005 564 6332 6204 3623 4008 3373 1160 3263 2685 7821 972 4295 3197 609 4616 545 1742 8883 4635 9940 8424 5200 689 8223 7221 5006 9402 4416 2280 4345 5464 3744 4233 4083 1801 8134 8418 7448 8669 5390 3198 7005 4760 539 874 3353 6271 3520 1120 638 8692 1524 3046 1445 9592 1683 2804 417 1291 972 9756 8046 542 8671 6039 7704 2803 5250 3433 7498 6474 4866 2412 219 4880 1011 7231 4502 6897 2570 6546 7288 5732 2089 9 1580 8206 2845 8243 7177 4851 5492 76 4393 7418 4886 2997 553 26 7145 2799 6581 8492 7498 3799 45 1435 1558 5167 8812 6487 6899 1557 6626 566 3553 1136 3234 580 3336 3128 8906 3208 8919 9965 4456 951 299 8486 5875 9663 9366 4769 974 3454 4789 1347 8735 8475 217 6112 9438 3 5775 6340 2108 6193 9139
940 5675 6944 8916 4882 9046 4843 3651 7047 9989 0 3638 9889 9273 5348 9494 5231 9856 6993 4720 3188 8045 6298 7227 2800 2265 5919 3273 1963 4956 1010 8846 728 9672 6531 3696 1570 670 75 967 6497 9549 8388 2713 6901 8562 1435 4669 2612 8490 3646 2387 5856 6458 7624 2282 4220 4065 6774 8007 2187 9847 2649 8431 1160 7513 6828 1713 3935 9965 1024 8407 3618 1307 1542 6338 403 9669 8780 8632 6020 8880 7918 837 1689 363 731 8668 830 3986 7434 8405 536 1817 9294 5952 5103 9923 3654 1836 682 4365 5419 9754 5369 8448 4027 9490 6523 867 2487 6144 3379 1896 8697 9925 5459 2276 2748 8262 4287 2973 7662 314 9225 7167 3175 7930 7903 6461 7332 9102 6718 4332 1163 6660 1992 8094 7952 6852 3342 2753 7869 2226 3641 6463 2375 4033 7657 4486 250 7826 5889 5347 9001 4164 2606 545 5614 9409 2827 9388 4237 3037 2520 4956 9158 4490 8919 9849 7819 3023 8018 9462 127 5106 2161 7699 7153 4881 3190 4572 9453 207 2390 6877 6728 9110 7865 6472 7995 2561 1326 3468 9795 2319 220 6076 8466 2845
9300 3642 6892 206 1695 5049 554 7979 8223 3210 3638 0 8568 6918 8783 6106 3716 1316 5653 9329 1504 2517 9985 4787 6174 5622 5677 571 85 9255 6173 1784 9967 6505 2257 4366 2238 5968 2839 1168 7858 2459 185 33 7461 1133 670 7837 4136 1095 5094 118 267 3094 6891 5363 1122 4125 4003 5985 3887 6520 149 6722 8493 2944 658 2450 196 6402 1214 7684 6195 9541 2193 3200 4997 4415 2428 8798 7819 4993 2823 2775 3525 4250 4791 8230 7551 8821 6336 6568 2052 191 2908 9445 566 8149 3762 5099 9817 4946 6144 2744 1600 5194 5072 3474 8826 8076 99 9746 6770 1112 1207 5637 4355 7531 6607 3021 1671 7926 3094 1630 5721 7471 4772 9766 4969 6186 9990 6226 2588 6310 4771 2998 8329 8036 6842 1048 9362 1440 8847 5714 5060 7702 7387 5721 247 3201 3369 3767 9557 2549 5284 934 3636 6389 5901 2386 9598 7913 9671 8103 9804 6515 1725 9381 3719 6583 7804 5698 9280 2807 3656 4460 7154 6466 1239 2586 9042 8436 6481 9472 3034 5455 2827 4973 6686 2803 1758 3696 1791 9126 8334 9016 4224 8963 7450 8194
7372 7548 4686 2784 2720 3494 4566 6819 4391 2269 9889 8568 0 9757 2245 5614 5626 254 1993 4190 235 677 7325 7989 5168 1948 5214 6179 7008 3567 5603 6932 7838 446 3807 5789 6826 353 9429 4668 6368 7684 8656 9116 4403 5508 4031 9749 8080 1271 5568 8212 3558 7090 6234 7715 9224 9821 6986 8696 6930 2732 9532 9915 985 5325 741 339 503 915 3146 2933 2926 3446 4974 9045 4108 4704 1420 5945 877 3691 7981 1431 7656 8378 8131 7737 7108 6542 5428 6542 9335 6127 9733 7623 6867 7024 9878 495 1507 54 7075 3676 9236 6683 7622 6266 6454 1785 9411 5755 5736 1869 3724 6537 8568 5655 8515 2270 5952 1645 520 7306 9510 6221 4011 4259 3938 3847 6450 1153 2283 4413 1884 3212 4767 932 9544 6330 9708 4929 7681 7884 8490 6043 5922 2934 3827 952 1822 4022 710 5340 500 1626 5795 6607 9759 4887 6585 6799 6412 4737 5460 2653 9564 8424 9938 3171 5053 2805 9380 1329 435 5326 3197 2310 8102 7316 3068 9736 8334 9941 8575 6139 1656 2746 5619 9163 9519 6556 4532 8998 5123 3135 4189 445 6021 6009
6903 1467 6906 572 7975 4157 5525 6359 9228 3193 9273 6918 9757 0 6566 7152 8846 5575 622 7781 4330 9614 1751 7990 5059 9757 1321 5169 941 6841 999 4173 1972 3541 2596 5897 1817 3083 9344 4884 4891 3030 1641 6809 6654 5012 5743 5923 6437 7415 4466 3836 8873 2523 2216 3875 2017 7391 8601 1674 1446 303 1045 4463 2891 6248 4517 470 6153 9095 484 3176 4074 1598 4646 1847 9508 4002 8162 3128 7641 4719 9228 2649 5904 1850 2009 7457 1030 4900 4914 9310 7856 9197 7172 8923 4863 6742 2729 3041 162 6862 9375 5719 5442 2566 3239 5491 2607 2349 204 1929 3829 7134 4185 4793 3219 6476 7892 9721 1003 3560 208 4033 2252 4852 6460 8567 5712 7527 9970 760 5208 1176 9325 4398 7795 5748 6770 8200 583 7520 5338 8175 9700 5254 2782 9277 3055 8621 8327 2154 1076 7703 8533 3414 9712 6463 5931 5780 2389 2012 9987 6713 7573 6185 9906 9337 5029 2928 9671 1756 6256 8028 2447 6781 4051 5981 7967 1523 2023 2734 3335 9814 532 1291 6045 8892 7855 6284 5296 6547 9136 3474 7166 4265 5689 4596 1623 9626
6466 8013 8119 6535 3954 4411 9475 2461 1600 2134 5348 8783 2245 6566 0 9041 6192 5112 6657 8339 9010 7275 9751 7311 6194 5614 6490 3689 7209 5158 5228 1486 4539 5107 4658 7510 219 1093 3404 2945 9196 8922 8652 8623 7381 4395 482 7057 8809 9134 6650 8322 5684 9391 7080 7192 8006 1931 1224 7487 4494 8962 57 8322 5393 9966 7903 3736 973 2030 9877 6013 8275 9234 3205 4266 7740 7697 1349 7288 2080 663 4579 5330 9645 743 6688 3444 5542 9663 6395 6132 6225 3334 9158 2949 293 1853 5304 1794 2995 4182 1180 1768 8326 6903 5887 6703 8378 3023 5647 972 6857 9778 6778 8909 6033 2939 1350 402 9399 2892 9810 8463 9429 729 667 2352 1236 9545 9916 2067 5176 3557 3413 9493 2933 6587 5145 2871 9740 3109 9067 6412 4191 8426 6043 6934 1149 2468 9139 9323 4898 1089 6960 8250 2604 4772 5300 7012 3956 7678 5844 1824 5738 1903 1395 1860 5156 228 5297 7926 2003 9732 2696 8115 8433 3466 5267 2408 6849 10000 5079 6152 3007 2600 3422 6422 9734 934 7474 5296 4917 4097 5147 36 8260 5397 9839 3223
114 7189 3317 3256 4633 9515 278 6684 1512 2725 9494 6106 5614 7152 9041 0 1400 5914 1833 892 2943 8199 4553 8373 8669 8705 887 9072 2996 531 1032 1482 3148 6864 7302 6276 4256 9714 9653 8374 784 3475 4447 1680 5645 2645 5930 3595 691 3234 7793 5044 5424 3655 865 2169 3781 8767 3428 4332 6343 4960 331 4191 4007 4500 3751 5218 3023 9559 3286 6663 5289 5084 8110 4557 1833 6053 9127 7587 2349 5173 1580 7533 8622 4305 3869 971 9223 1695 9542 6592 1793 5554 1273 7509 6812 4118 3766 73 6407 9206 9216 1518 459 3657 6107 2222 5744 1564 7333 3309 9156 1566 3498 6879 5514 9301 3163 1378 4666 3024 2263 6123 5767 5538 7102 9234 2827 9288 9232 1646 1823 7852 3327 6446 2788 3082 2143 5952 2164 8285 1642 3823 9698 2780 7092 8234 4533 1550 8132 3737 1919 649 6229 4806 9723 4391 467 3640 7429 5600 2851 2784 2957 2496 3557 1121 7173 7471 2371 6244 9900 7867 2750 251 4198 2058 7274 7069 1752 2039 4242 273 3295 4026 2883 4920 8 9779 477 1891 474 4687 1651 3832 7360 7843 464 3315
817 1724 3915 8217 7315 3873 4075 5264 3562 3658 5231 3716 5626 8846 6192 1400 0 1250 2073 8151 5710 3049 8951 817 9488 5836 914 6497 1239 8841 6845 8847 383 6858 7881 4498 8310 2966 644 9754 3297 2578 9051 4981 652 5458 3315 9607 3757 6906 336 7199 6439 1181 2903 2811 5968 4088 3062 2625 8865 1443 9893 6312 4407 7421 3222 537 127 3805 6256 7002 9775 9664 4694 9813 4506 1421 4130 6428 1302 4086 822 4844 9640 8840 493 9944 7360 4201 4524 5925 7769 799 9022 4714 1931 2115 2230 2071 53 932 6068 3837 5146 2788 6210 7415 1564 3980 2047 1411 5859 3804 6015 7271 6265 3965 1827 71 5584 6519 3870 4868 3634 6865 3883 8579 1259 355 8223 2030 6676 9847 9627 6606 8024 8884 5653 2013 9725 7217 4255 1713 4816 8939 8599 5376 3672 2240 4009 219 2800 8701 9079 2698 1475 7432 4830 2720 3438 7898 5047 2543 4620 8404 4564 1144 4422 2169 5681 6991 2167 2542 553 315 1761 933 9162 3411 904 849 6260 2165 2953 4883 8840 8745 9710 2855 8224 2597 6084 6664 1700 4610 9604 4768 4088 8800
1595 6276 843 2536 5814 3702 9075 246 3333 1499 9856 1316 254 5575 5112 5914 1250 0 4971 4609 2664 4665 411 441 8273 512 4160 7777 6777 7192 5136 1089 128 3330 3484 1120 4721 169 3732 8960 1713 2195 4118 492 9076 2401 7021 1556 7802 4143 9746 6161 9496 4462 5275 5895 8330 3117 9367 7087 7272 3946 7474 2920 4495 2791 5912 7360 1574 8292 8659 9074 180 8127 1226 6391 6833 4809 5742 2676 8087 2900 5025 6106 6395 3096 7969 1078 1936 1389 6960 7180 9080 1026 1663 2767 2140 1898 5510 9564 3917 201 8272 9269 6098 7797 3664 1591 4061 8199 4572 1907 7347 6048 6015 1812 395 6433 8144 9048 7615 1034 9192 3686 438 1929 9590 8599 9105 2536 2526 7977 7514 2012 8853 7924 3177 659 9720 3563 1690 1695 3953 9093 2459 321 2541 7809 6325 5832 7382 1521 5499 6558 6723 4656 9963 9431 9219 3009 708 7119 1008 8496 5543 3722 2540 8710 4817 7214 9441 2893 7787 4282 7452 11 8153 32 2986 6906 9964 1002 3505 1516 6809 9193 2734 844 3087 6470 6983 7013 7597 4102 157 2365 1885 6764 6625 2141
6244 2809 1361 3821 9731 6779 4421 6573 4821 8436 6993 5653 1993 622 6657 1833 2073 4971 0 8740 19 8176 5633 863 9361 7734 7543 9742 4969 6950 8405 209 515 1624 4 4656 2688 4880 3988 7841 4474 944 4747 5168 9909 6117 9196 8763 9088 2755 3147 1391 8763 9145 477 3949 7126 5775 607 7684 3741 8794 6369 9791 8576 9082 7297 5819 3213 9232 281 6359 4593 6870 1637 5725 6681 5365 8023 8157 493 154 4783 7283 3909 9817 5776 9589 9748 6432 2164 1590 8188 8372 532 1769 6882 6740 5260 4138 8560 5810 1911 5517 2481 3676 7074 1242 9529 6489 5376 872 8361 1876 2711 5740 2184 5312 5537 4522 5365 9196 2783 9854 8107 6173 769 5508 5786 4122 2918 9039 6248 9493 5630 2269 5134 4495 1319 4658 6014 7135 8050 8280 1527 2117 9757 3433 2597 9315 3033 9989 4271 5975 4643 4317 7984 479 9126 5106 9190 4030 6920 3222 3531 9328 8481 9365 1476 7581 9323 5667 4914 503 3391 5593 1551 7520 4024 916 8921 7698 7672 2482 3837 6764 2044 4066 7126 2544 2710 3264 4328 1282 4491 3562 7557 5509 5334 5050
9545 1704 7213 1166 8151 5000 107 6613 3644 2162 4720 9329 4190 7781 8339 892 8151 4609 8740 0 4643 937 7779 1080 3894 4122 5837 5614 3771 3779 7671 31 650 7771 9376 9385 8042 4753 5640 8 3140 1016 5612 385 1093 2682 9961 7869 6078 6908 8012 3528 9197 3661 6875 5031 4427 2096 2020 6992 7165 1222 3192 1503 3625 1207 2496 4092 9775 9871 5703 4550 5793 1514 4575 3603 7245 9046 1731 7691 9980 1694 3911 8438 2621 4483 8062 5769 156 8581 610 1213 1883 4623 9754 2217 4266 6799 3143 4011 6887 6034 1766 5536 8593 5974 6744 606 3267 5783 8866 2686 9044 5845 4980 1388 5906 4573 6913 7565 2503 8862 979 9903 2924 6718 8772 6651 5632 8664 3697 2523 7265 6181 3991 3730 1244 7979 8292 2957 8542 7001 942 2993 7285 2973 549 3792 1742 1459 9057 9015 4487 5023 5541 5370 1807 5072 9625 8703 7699 4982 9455 1685 4143 8624 3823 6214 1106 2911 2890 3364 7620 1636 4824 3644 220 8904 4697 8331 7932 938 3609 3644 5793 6574 1809 6667 2769 8812 1410 8604 2515 2642 9678 7586 6485 6102 4374 8342
9016 186 5611 8389 7852 6158 5241 6861 3114 2435 3188 1504 235 4330 9010 2943 5710 2664 19 4643 0 5392 8859 4167 9482 5333 744 5181 1490 2841 1948 5511 2268 7464 4587 5865 9061 1641 6572 4060 7970 4423 9357 941 8961 125 5841 4917 4793 4827 7220 7174 6254 3069 6504 5659 2176 4681 6894 9715 1728 1174 2023 6572 3859 4248 4691 1027 2293 5186 7206 1810 981 1642 5196 9731 7044 6301 1226 2396 5699 7226 4569 4524 3776 2579 3703 9548 121 437 6965 5909 3986 2383 3531 5718 2907 641 3623 7154 6756 2608 3956 3767 9288 5456 9864 9990 9206 8706 2824 3758 7728 3034 885 9020 2310 6971 409 7826 4255 2889 9173 1747 3047 1600 6515 7909 1063 4394 667 1304 9683 4917 9754 824 5085 4371 2772 3142 9955 440 6645 3029 5790 2913 3407 3893 5968 5880 3678 2712 1666 866 3568 6748 1316 7187 2777 464 6844 9689 5954 8545 8699 3154 4786 5676 2528 6931 2056 5068 6854 1722 7410 5390 8159 9862 7535 1190 5450 6520 7756 5807 2503 7117 7313 4945 8718 6368 6836 7529 3155 269 5258 9066 3733 209 9739 9950
7713 3730 3051 1098 8244 6513 5752 371 2465 1965 8045 2517 677 9614 7275 8199 3049 4665 8176 937 5392 0 223 2795 9704 7618 9903 1552 4747 9217 2865 1946 6584 3183 2889 2998 604 1913 4967 2005 4438 2214 4580 8785 7974 1386 9161 2828 5061 2678 5622 1605 925 5115 521 3850 1197 992 7918 6940 4486 9236 766 6667 791 7405 2325 6825 1653 6938 2416 4754 6170 5680 8152 6776 6905 8430 2169 5187 8342 65 9276 3939 8676 4973 9076 1041 5962 7316 1339 2846 7433 8462 6137 8304 9665 4144 9051 3306 5850 5026 5643 8129 5148 8622 9662 6861 5538 9137 5953 7599 3121 8773 1462 7117 4400 6455 679 6070 3896 9919 822 9036 8562 4408 519 7332 1905 7727 3496 123 5895 1807 2702 9831 1420 1630 9948 9566 8964 1467 3092 5615 7574 4540 4485 4149 5535 7239 2581 3783 8441 4767 3412 6077 1918 7064 6853 7569 1431 8740 8454 2340 4943 229 9526 7879 9670 1130 8389 1133 7683 7115 8813 4118 6647 7495 7135 3431 6389 8315 6369 9759 7478 566 5922 9863 4881 9709 9460 9190 2567 1802 8855 9929 3947 9245 5833 2421
2669 8849 5937 4857 2602 2072 8592 117 1504 322 6298 9985 7325 1751 9751 4553 8951 411 5633 7779 8859 223 0 2316 9842 8867 7996 3100 2389 8290 5757 9165 1581 1618 7558 1544 4940 3201 9199 4260 7021 5289 5028 2603 414 6938 9882 6010 4951 7990 7926 9723 6586 2609 3626 4115 3365 9857 3991 9590 7684 2412 5502 6437 2432 3951 6482 7501 2424 4666 502 7149 4573 4454 8337 7314 3552 343 3117 458 1224 9262 7239 6188 4143 5206 4343 8846 3540 6498 2484 6575 8522 4604 1873 2443 2800 7650 5132 9003 8446 1042 2658 6606 8555 3871 47 14 1233 6583 6107 1513 7097 7990 3453 5334 6680 6625 2454 7609 4949 8713 8764 4035 8971 7367 7527 4297 1902 5612 68 6421 1632 4981 358 7857 4943 1228 556 5715 2020 7891 9374 5326 7858 6401 5202 4204 7960 9970 5903 4084 453 1948 1226 3358 9766 8375 5500 781 2626 7304 2951 6166 2027 5029 8614 9590 6273 6942 8616 1066 3915 8994 1353 8424 746 5014 7128 6088 7823 1021 3323 5965 1815 8974 1502 189 3882 2737 4993 1253 6884 3231 1525 504 1988 2634 3810 3161
1742 4914 9678 219 5655 7613 333 6213 7548 8703 7227 4787 7989 7990 7311 8373 817 441 863 1080 4167 2795 2316 0 4278 4074 121 9793 7199 5946 2455 935 3704 7072 8384 8105 7434 228 6555 1076 211 585 2637 4231 1170 6304 2913 3107 5309 7037 9194 4675 872 7387 1215 5911 6477 9204 2461 1912 6529 6986 4215 8947 564 6206 7961 8933 6371 3320 212 5742 1289 4905 5204 2876 2897 4778 4703 5016 2277 1039 258 9915 4314 7069 4200 9472 5808 3918 2078 3220 7295 7279 7152 5991 1664 3031 7838 9530 5938 6831 7922 3994 6390 3789 4829 7019 8122 3595 6016 6986 2291 5713 5711 2919 5669 5093 3279 668 7474 2387 3984 4870 4921 1402 4831 7093 730 6865 6240 4817 3386 5682 2870 720 6589 7810 5431 8940 3757 791 8847 6422 9378 4062 7922 6856 5907 4465 2340 1517 7697 3672 3262 1082 6434 8882 9517 6357 2855 4699 5579 2033 4922 8299 4848 4236 4691 4847 1584 5991 3273 5865 463 8064 6089 3461 6282 4577 3153 9317 1571 3588 1393 7302 4411 7832 1240 2189 5529 6065 9631 3016 9065 7214 6331 2876 9363 7048
4709 9912 6557 1883 2798 3017 6616 3752 3237 371 2800 6174 5168 5059 6194 8669 9488 8273 9361 3894 9482 9704 9842 4278 0 4725 2936 3931 9053 8113 3294 7047 5533 1365 6249 8896 6131 7777 9604 6679 9867 2804 9021 2659 7346 1976 3537 7429 2258 5379 7549 3903 5789 8420 44 3564 7374 9935 3912 920 3771 1460 9430 3395 4289 8291 1366 6896 398 5755 2163 1327 9463 6370 3265 5267 4576 2532 9711 8425 3219 7939 3406 3477 4303 996 547 6097 799 5234 2202 4648 8862 6233 6285 692 5984 1266 9970 5232 4594 8938 8298 4803 9905 6450 8236 1789 9347 5003 350 7519 6681 5479 4651 9209 7920 8045 1420 2105 7863 9619 1844 4147 6400 2793 2971 2685 1586 6470 9163 4429 2762 7717 5692 2992 2574 7220 7362 3847 6978 7431 8927 2501 3597 1214 2844 9167 1859 948 3059 4968 9257 1817 7295 2588 8039 2522 5418 1986 4069 6706 535 8848 2534 1831 3315 9163 743 7436 59 7221 4039 5737 4511 4720 9029 3575 8883 5149 3752 9712 5289 8081 8232 9325 1098 4649 6515 6844 219 6916 95 2863 4658 5182 5588 3389 4511 1048
5697 7600 5867 3810 7155 7168 8994 1428 2406 641 2265 5622 1948 9757 5614 8705 5836 512 7734 4122 5333 7618 8867 4074 4725 0 5092 3115 6277 8132 4941 5406 5649 8793 356 8176 4601 7146 3507 9697 9734 5686 5967 393 2754 7117 980 5686 5708 5766 177 7197 8743 7873 574 9967 6266 2041 2550 968 3631 1167 4684 3331 8811 1666 1957 1849 6525 7836 6975 285 3537 9174 8863 1506 8245 7381 9924 8923 3878 3371 6805 6223 4144 5103 8055 4495 5575 3278 1871 9607 9476 6858 2785 2538 3604 7521 1506 6855 9576 3822 1671 8765 7393 7996 8298 7685 8228 4064 9804 1651 8905 6938 7412 5127 5032 9151 4632 1518 9079 7677 7823 1798 3797 2564 3276 1027 6199 7318 1582 7130 535 6527 7935 9218 8377 3052 5582 7474 2190 1804 6372 8846 2895 8830 8152 3684 2298 8985 3627 5100 4080 1640 1938 2344 5692 6764 5562 1330 7820 8410 4354 5123 8544 2148 7386 1516 2224 5374 7879 8185 2272 36 2085 8153 5209 393 9130 4769 9778 9086 9556 6439 5568 1259 7464 8160 9366 621 6668 9743 8787 2615 5567 2482 752 8693 7227 9257
9054 9048 2499 8384 8810 1736 679 4404 5083 4811 5919 5677 5214 1321 6490 887 914 4160 7543 5837 744 9903 7996 121 2936 5092 0 2964 1217 3139 5177 534 1410 9028 7567 6447 5530 7229 1103 1168 5720 3104 1251 38 255 1199 7233 1400 7738 8680 4635 3677 6049 318 3498 5199 9780 5168 1236 4199 966 4197 9649 5943 2832 5215 1179 4527 834 5807 4997 6392 3572 2389 9233 6597 1619 7333 2619 8415 13 767 665 1445 5026 4675 7502 6038 9878 58 8197 9621 9272 4999 5425 6587 624 2401 495 9370 1102 1252 9032 862 3081 2157 9085 1503 5659 6760 1596 4915 6729 2136 6978 7776 6230 8338 5210 2325 5103 2516 3250 8121 7992 8989 6259 3865 5319 406 8609 858 6292 2001 5353 9530 8898 7792 5334 8895 5911 860 811 3351 7328 2007 3441 9610 8243 176 9781 3202 2422 8509 9678 173 6698 9293 7944 2831 1148 2666 1915 6824 3260 803 6827 5908 6041 4941 4901 2513 8327 6874 8310 4994 9812 994 1500 7312 2925 993 5669 654 6049 5404 7563 437 4154 4291 8597 4912 2339 8144 7642 2486 8312 8057 6459 6282
5999 8057 8849 9219 350 4283 197 414 1291 9696 3273 571 6179 5169 3689 9072 6497 7777 9742 5614 5181 1552 3100 9793 3931 3115 2964 0 2690 8099 7527 5911 7952 5610 3947 1306 3752 2151 1246 3803 1956 926 604 6174 2109 1474 4236 2622 1576 7022 394 4031 5382 8445 8253 909 5662 4176 6588 938 9174 3833 3693 4693 6238 6262 7836 2445 1859 2951 7334 9902 3603 587 5656 5495 4246 2735 3646 8827 6115 9039 9571 2457 4091 9485 7197 3255 248 7809 7256 6163 9808 1874 6953 9572 4142 173 6876 162 5981 8557 7711 5716 9931 1158 1773 2477 7593 7941 7739 2771 2035 3055 24 9197 2658 6178 5857 251 6167 6838 2780 1104 1536 5961 9101 7124 4463 5653 9744 8230 5819 2564 2610 2680 9239 2764 8634 1737 8652 1648 9220 6987 4420 9127 2343 1434 995 700 6715 485 8088 7363 2885 2709 2038 1517 4790 4733 4242 2380 7021 6015 911 6880 6902 9586 9902 8507 9848 9150 6314 2235 313 5247 1978 4273 4580 4013 2678 1888 8318 9006 8500 2911 2846 33 5213 415 6442 4406 1955 9681 4120 8561 4977 2502 3349 2891
539 5597 5857 1378 9013 251 4101 1862 2665 1509 1963 85 7008 941 7209 2996 1239 6777 4969 3771 1490 4747 2389 7199 9053 6277 1217 2690 0 299 7270 989 53 1601 4921 5781 5763 9950 5004 3087 9787 4815 1396 9734 3019 8638 5003 9629 9690 9897 1711 3388 9285 9710 8300 8505 3489 8345 7041 8904 749 8629 9360 7647 7915 7275 2800 6933 8596 6110 9952 2688 2446 9015 743 2033 6002 9147 6381 3038 1150 8211 564 447 5163 5772 8803 6175 6263 4449 9155 72 5307 2759 1983 3830 5703 131 1604 7507 9163 8406 7931 6060 9963 5722 966 9669 660 2456 7384 1800 8268 1171 7694 9104 2811 7831 1525 3658 5513 8981 245 59 3863 1098 7329 5078 1755 4326 4797 2411 7943 4153 4304 4844 5460 7634 5370 9326 9550 6400 5053 8399 7172 9967 3844 7542 5997 2637 3293 7391 8003 5553 545 7626 8255 5760 640 5102 5888 3896 8007 1606 5718 6898 3760 7110 6997 9479 2206 2222 3532 7158 9626 3660 3040 2573 721 2575 5323 6280 6638 959 9047 5241 827 6634 9349 4765 49 6134 8021 7597 9058 5099 3074 2495 4204 8863
5413 9921 9981 6483 7877 6566 2080 9034 1429 3368 4956 9255 3567 6841 5158 531 8841 7192 6950 3779 2841 9217 8290 5946 8113 8132 3139 8099 299 0 6104 8116 7674 8971 7496 1189 7261 5754 5955 1020 1536 6774 5282 6389 3166 1253 2874 2781 2673 8208 3429 4033 3323 2310 6496 9268 2006 1837 1849 4519 5766 3637 4083 2691 3883 9993 447 4828 5182 7828 7889 9423 2593 1714 5824 7177 5373 3420 2494 3185 5797 8959 1139 5044 6179 499 446 1953 3142 8793 6616 4959 7209 4286 1837 288 8948 7756 8828 2284 9811 6913 1164 9432 1394 5346 7918 3121 2595 667 4050 8764 8427 9624 86 1924 8776 2966 8723 162 2601 3181 838 4762 2157 3190 1173 1884 7935 5100 6933 3549 9276 8947 4622 5312 8677 2403 7924 6838 7406 9205 224 5513 2463 6302 5941 1978 6499 4807 774 24 6637 5599 9229 9051 9619 3430 6172 2285 7824 680 7203 1586 7841 2334 6450 4253 3030 45 5534 3427 4860 6452 8044 2942 331 2493 8437 3049 84 3307 9920 3196 8992 9223 6408 405 5615 8546 8216 9456 4838 9116 1923 5512 789 9062 6042 5857
1889 2138 6465 7199 8558 6762 1129 1032 687 2797 1010 6173 5603 999 5228 1032 6845 5136 8405 7671 1948 2865 5757 2455 3294 4941 5177 7527 7270 6104 0 7709 5458 209 8882 8345 2737 6675 1472 6831 3884 9629 5738 616 392 8577 6514 4007 5045 6366 4782 1929 2659 9679 6643 3814 6364 5750 4707 9166 350 5945 2613 3100 9917 2265 9715 4450 2616 3879 3650 7961 8952 344 5534 5075 4541 5925 3634 9585 5704 4099 2975 9964 7493 230 8497 3999 871 4500 7493 5714 5232 7462 3044 5485 4494 9914 6555 6596 3731 9455 9593 7131 6945 480 6018 8045 3054 6237 1707 7310 5641 4925 6715 2964 4368 3190 507 1837 2068 3446 607 1642 5944 8000 35 9215 8626 9047 2435 2935 1505 2354 8824 8305 854 2338 4445 7004 134 4355 4973 8953 9465 5085 4789 2994 7286 3 5485 9390 5499 7799 9923 2298 3122 2719 1537 4149 6814 1517 216 5338 9852 1736 129 3669 2207 299 6134 8854 4643 2150 6468 7130 8122 4188 8806 8769 3966 8383 2554 968 4896 9794 8762 9150 6422 1647 990 7217 5539 1537 4187 8585 6545 6885 3306 2171
7715 8667 1096 7815 898 9765 9996 8682 9583 4827 8846 1784 6932 4173 1486 1482 8847 1089 209 31 5511 1946 9165 935 7047 5406 534 5911 989 8116 7709 0 4661 6238 1164 399 7415 8112 2231 9494 4910 3313 3335 4001 663 7661 6201 4756 6763 710 598 7976 4420 3998 7658 2676 6634 1848 5162 6386 1976 3408 8238 9522 806 5036 5924 9775 5173 5351 8588 25 8823 5634 1968 5471 2567 5840 458 7186 1706 1529 3197 1111 2795 9627 3181 2404 2200 8809 9095 7029 7573 7282 2031 6406 3061 9512 7494 3700 8722 3448 6655 6521 5268 7758 1396 9497 4912 1350 4017 5421 9701 2968 6536 3044 7833 1201 7593 3835 7121 3416 5149 4834 7831 580 2838 7418 8599 7179 339 3684 4162 3765 8024 2758 4677 5946 7019 1252 6443 9342 5984 8523 6801 4974 2366 2137 9119 9258 6818 5160 1790 4377 7038 6480 6192 7439 470 4249 8110 6188 2769 9702 8576 2958 8420 1691 5127 3375 165 9366 1540 5161 5566 6052 6743 8221 3536 8289 4990 9793 2121 9779 4117 9395 435 2663 6127 1537 5494 7493 6486 5180 3515 7687 6009 8076 5185 365
2868 6882 4350 7809 7079 1949 6948 9554 112 1664 728 9967 7838 1972 4539 3148 383 128 515 650 2268 6584 1581 3704 5533 5649 1410 7952 53 7674 5458 4661 0 8997 2153 8084 527 7053 7859 3523 3151 3528 9643 5105 9480 4669 6373 4946 1649 4361 7952 3574 3851 463 3186 4909 1849 7313 5754 814 5361 9337 2566 666 83 7786 2199 6421 2067 1930 3105 1286 1766 8655 4961 2350 3693 8261 8591 3969 5960 7565 4559 1473 6433 1906 1072 7332 8459 6392 806 6031 783 4146 2643 8454 7909 2585 7094 2331 7877 6925 5799 8000 8546 4706 8391 1866 6624 7316 7280 4321 3267 4382 2938 3148 14 7521 3923 40 3725 2078 1503 6032 447 3468 1854 4120 5239 2732 9090 1638 2469 5483 2042 7941 176 4214 4879 5355 8422 8178 6775 7281 7606 1303 9198 5223 5441 9008 418 3839 3808 8056 646 7161 7061 6083 8265 7302 5093 8952 7910 5096 4788 1831 3892 4095 4629 8560 9578 7191 8739 9807 8614 5365 7117 4033 5980 1051 211 8955 3305 1810 8151 655 4686 9940 9500 7589 7333 5823 9812 579 2196 6766 4309 1878 459 1798
7890 835 654 1810 656 9647 7249 5076 8353 5810 9672 6505 446 3541 5107 6864 6858 3330 1624 7771 7464 3183 1618 7072 1365 8793 9028 5610 1601 8971 209 6238 8997 0 2474 7980 5747 6239 894 7189 8929 9695 9339 6037 4074 5466 9997 7914 3864 2559 5588 8488 9976 9751 400 6614 6154 7281 2101 9303 6924 6356 6202 8430 2739 3803 9268 7659 5857 1996 8329 5258 2923 6949 322 6808 3106 5420 3085 5023 828 5794 3591 4744 7563 9455 3846 9042 3705 1262 4673 7086 1491 3003 2020 9404 2821 2225 2360 3574 7055 1864 4016 8526 2790 8062 9260 1087 6267 5517 8032 2745 2776 733 3559 2571 9752 1808 1687 8222 9770 8141 6101 5165 8276 6379 1640 6636 8895 2671 8418 6171 7413 9066 9388 634 7195 3867 1753 1304 7441 6237 6545 6091 6760 633 9678 959 8020 132 2262 6046 6820 8297 1046 6003 1713 7064 7242 7743 5652 115 1528 1713 7629 3840 3811 5287 7824 1959 4116 9507 476 3038 2940 6479 5532 6168 2880 5726 6237 6735 5034 564 5914 4958 7959 2092 7078 357 1152 8274 9975 6963 9763 1143 5477 203 1070 9635
8912 4364 7603 9873 1265 1410 7217 1494 9604 6141 6531 2257 3807 2596 4658 7302 7881 3484 4 9376 4587 2889 7558 8384 6249 356 7567 3947 4921 7496 8882 1164 2153 2474 0 9276 1687 5020 5239 9695 8145 8756 9300 9618 1432 7359 7567 490 2943 1720 3038 4158 5122 4176 5433 7064 9035 9774 518 5142 7420 9015 6166 1772 4858 3073 9177 6405 8953 7998 1437 4546 6198 7487 392 4424 1655 2474 2202 3041 1145 6241 8921 5842 3641 3096 2944 6915 6592 8146 2741 2518 1940 2991 8338 5313 3508 6312 5577 732 9727 4478 9254 4560 2473 1166 7058 2946 1062 5975 4631 4245 5750 1322 9046 6811 1116 8907 2088 3247 6780 7001 673 255 172 1987 4774 6927 1357 605 129 3757 4264 7950 9565 5192 9894 8919 562 2400 4772 3110 8196 7113 23 1751 416 3565 5730 7761 2084 7665 3299 9734 4358 9541 5934 531 8460 8537 3456 5703 9448 7994 8531 3358 3387 2263 198 6097 2426 3666 258 6107 6096 3426 7598 7383 8849 6915 8826 8165 5055 6208 7136 3556 6439 8820 5526 5347 1620 2924 1027 4456 1445 6446 6178 3111 3760 8727
1521 8234 5648 231 8663 5138 8815 7699 7312 8227 3696 4366 5789 5897 7510 6276 4498 1120 4656 9385 5865 2998 1544 8105 8896 8176 6447 1306 5781 1189 8345 399 8084 7980 9276 0 604 7232 1960 496 7953 1594 6528 2310 2406 5589 4072 4292 1460 1123 9119 202 384 7001 2421 7737 9589 4147 6834 4516 9619 8703 5890 9389 7466 7116 8107 9240 131 7527 7253 5397 2386 3115 4515 8101 7291 2851 1441 4252 7606 1245 923 7975 2506 8463 4790 8587 9867 5458 8563 3935 293 6665 6567 2635 4710 2806 507 7557 7366 1242 4436 7375 2198 1717 3042 5265 4342 252 7165 3354 5230 4703 9565 1975 5477 760 824 8502 7046 6932 4917 3254 4817 7039 5197 9994 9095 4806 878 2891 819 2371 5506 3900 8752 4874 3546 4030 2919 5051 9553 9651 5602 5482 1423 8001 6562 5958 536 1919 1303 9795 9516 6097 3842 667 9926 9710 5882 6755 6101 8173 5346 6935 1736 2654 2982 5656 7668 6954 9541 1862 5181 5335 4262 8681 4223 3206 9890 7980 3146 1482 7438 4624 5959 9438 7885 3460 2119 3943 2946 5594 1036 1386 9149 1670 4882 1350
7205 3478 9682 2857 9587 1771 2731 178 7794 5724 1570 2238 6826 1817 219 4256 8310 4721 2688 8042 9061 604 4940 7434 6131 4601 5530 3752 5763 7261 2737 7415 527 5747 1687 604 0 4547 3734 2855 8282 2434 2979 4006 4040 3811 8763 3053 8624 7119 9689 6026 1733 4898 4230 7598 4906 5849 1589 5896 6444 1231 4527 6335 9376 6609 1542 9085 6320 2705 2617 7068 5151 557 7490 9748 2135 1082 8647 191 7414 5841 815 1275 5022 4773 7941 614 3753 2311 1349 6323 351 4676 5881 5040 5037 3553 5179 3937 9106 7493 4103 9291 8777 2224 9792 3595 3170 7427 2384 914 2742 388 9090 1888 7097 2099 1492 4561 6241 212 9685 8548 1450 4129 4441 182 2291 9882 5060 1275 7693 436 3776 9346 7588 684 7446 946 9498 8710 8406 2775 8033 9083 6247 6472 4037 4167 5091 7265 5765 5824 9925 404 2332 4998 249 9355 1634 4531 2850 6412 7060 422 5238 1454 628 646 5755 392 3095 5054 8781 8922 1264 4351 9616 4780 795 7309 9017 8879 374 2971 8501 348 3456 1206 5091 9780 3371 5427 9250 2472 103 6829 6233 8607
9023 7722 7117 9039 480 3730 4054 8104 3912 3744 670 5968 353 3083 1093 9714 2966 169 4880 4753 1641 1913 3201 228 7777 7146 7229 2151 9950 5754 6675 8112 7053 6239 5020 7232 4547 0 192 7045 6121 9480 8307 3867 2274 4791 3037 6914 7730 4103 4801 8841 4113 5234 8698 8410 1597 7029 2085 5114 4215 1015 3541 3033 8167 2823 1576 7621 9203 7539 4609 4149 6739 9156 721 8680 1068 9566 9386 3749 2390 9541 9787 9969 7101 7474 3786 9072 6486 1898 7344 772 7183 686 3850 8137 2665 5032 3807 1214 9936 9171 2108 3326 7874 5784 806 6714 6201 7206 6107 2799 6585 3653 9702 9663 7339 5890 6555 4460 9079 5007 9938 4854 4369 1450 9569 4351 3019 1603 6922 5534 8801 5572 8178 2084 743 3526 3786 70 4425 2410 441 3339 6689 9037 3384 5009 9982 3355 6718 6611 1457 6867 432 1500 8944 3608 5474 2614 2490 76 3198 6870 9339 2978 9260 7524 9875 3444 4006 8338 4127 8550 2778 7488 4368 5997 5055 5319 1141 1403 676 5013 6639 7735 6443 2139 6086 3377 9264 4098 8013 6632 6158 8871 1262 8925 4376 9982
7768 7993 3840 456 736 1169 3507 4633 860 3705 75 2839 9429 9344 3404 9653 644 3732 3988 5640 6572 4967 9199 6555 9604 3507 1103 1246 5004 5955 1472 2231 7859 894 5239 1960 3734 192 0 1837 221 4834 2299 5558 6579 7101 8958 9907 5576 4467 6970 5113 6419 9229 6905 3155 9522 3263 1569 8627 244 7945 3217 7861 4742 810 8445 4662 7200 5688 3320 5103 7987 9600 5100 8792 3294 3541 5044 1049 4436 5612 2176 9046 2768 8941 4182 9837 7264 6736 4578 5317 3927 6489 5262 3963 5637 2153 3746 6320 9544 5363 1209 1186 7001 7068 5168 1003 2399 7060 2920 9325 9611 148 2039 8032 5363 3301 504 5483 5549 9386 9358 4382 2428 2100 7236 3746 3282 9890 8658 6604 4848 6376 3089 2071 5397 9590 8524 5368 7683 9414 838 3253 5661 5582 1623 5532 2975 84 9779 7813 8725 8358 1689 1539 2196 6018 5870 5875 6479 4552 4794 8094 2675 6893 5374 7478 1330 3073 5012 6523 9527 9078 6143 5424 8671 3006 771 8206 1728 9038 9762 454 3827 322 8647 4515 5005 6200 2094 227 7374 8040 245 9936 2716 8992 7327 2369
2371 5732 9687 8481 8055 4689 9421 2397 1914 5959 967 1168 4668 4884 2945 8374 9754 8960 7841 8 4060 2005 4260 1076 6679 9697 1168 3803 3087 1020 6831 9494 3523 7189 9695 496 2855 7045 1837 0 6405 927 3086 4463 112 9274 8672 2570 8879 7093 8179 3216 9373 9820 8792 485 9792 750 3339 5615 5228 3263 1875 4660 1687 6040 4771 3025 5277 5770 80 9093 6488 8874 2855 1297 7235 450 5829 3430 8574 6855 827 1730 3792 3985 329 136 3606 6935 4359 9350 7054 4268 9656 7015 6885 4319 1891 6414 2601 3828 8443 3957 2861 9695 9389 9120 2521 897 9579 1668 7304 704 1947 4069 841 7563 4886 566 1313 9131 4227 4157 2168 6288 796 541 8503 8948 9629 5055 3732 3437 2549 4428 598 6764 838 9952 301 7509 5996 5598 9229 3150 8453 4451 8968 6211 3783 2790 449 4232 9626 7278 4992 3721 871 9210 1671 5091 333 3971 6358 3334 2321 5104 4709 7407 9270 1770 2665 2417 5010 1743 2347 4720 1901 3743 9279 4770 3750 1421 9933 6647 8667 563 3670 9568 4538 5933 1265 4920 8518 4838 5102 4465 6355 7064
8633 9374 2724 8750 9191 4355 2815 7091 0 3064 6497 7858 6368 4891 9196 784 3297 1713 4474 3140 7970 4438 7021 211 9867 9734 5720 1956 9787 1536 3884 4910 3151 8929 8145 7953 8282 6121 221 6405 0 3215 9357 8565 9891 9398 9533 4962 9772 5219 8393 446 4190 9445 3258 779 1843 5361 4285 7242 4347 9499 2223 2116 5985 5068 5439 8856 7925 5114 5444 7385 1204 2445 4961 2423 2023 4646 8980 2376 2188 107 2497 6961 3253 5662 3819 7855 6054 3274 7572 9134 3702 9356 5398 9051 7915 7148 9753 7179 6489 1806 6017 4669 5891 5186 4097 6440 7497 4221 5099 2103 5329 4884 637 1497 8983 9100 5686 4388 784 5880 3495 8859 386 662 2922 7181 5250 6608 2532 7470 10000 3137 7850 1828 3167 4953 1206 2990 3668 289 6810 6781 3514 7760 7757 7397 4895 4227 7984 9362 4030 4344 8132 671 9164 7786 2153 7051 471 9697 5476 5329 2327 6303 7677 6206 2267 1531 2063 2968 3980 5575 7561 8519 3212 469 6015 8062 841 2533 1258 2921 4901 9094 6017 9555 9468 5712 3241 6885 3358 3753 4742 1983 1795 1656 9029 1886
