50
0 366 7479 2612 8674 3694 6385 3846 6420 7407 1974 3576 1601 7211 795 5504 4923 8179 5051 4963 4506 3837 6723 6630 5659 147 3024 3717 8506 5200 5209 3190 5481 1348 6738 7853 5893 9747 1504 298 6745 7988 8756 3955 6397 9173 4237 2871 8163 5307
366 0 8194 1247 898 2833 747 9134 374 776 6630 357 3952 2932 8011 2278 3130 5534 3478 817 4936 2815 5719 1144 10000 8189 5969 6330 2397 3242 6922 4846 585 3754 8582 5589 5405 9544 8986 7983 7283 5789 8924 7909 6032 5309 8174 7055 2297 7381
7479 8194 0 2876 6317 9741 650 5402 2988 8443 7453 5790 9948 6029 8518 2850 8885 6213 5638 1707 3931 7035 4277 7389 1788 7487 1914 9889 3747 6064 4330 488 8808 6249 5337 433 6976 1689 93 4971 8080 2940 9448 9598 7468 7553 7690 6135 6776 3059
2612 1247 2876 0 2935 8822 7633 2204 5035 4004 3937 7372 6691 2907 26 8079 9154 7835 147 687 8400 6990 2585 6534 3788 8094 2843 9311 8639 5317 9667 3070 9552 891 7574 17 6677 9522 9003 45 8496 478 4585 466 8798 5517 6381 982 4259 2463
8674 898 6317 2935 0 8827 8613 7928 1989 7287 9648 1515 3250 9575 3871 3331 5348 9777 815 1825 9932 4881 1949 1725 4604 6566 2596 4151 2686 8752 77 5365 647 7815 6387 9533 635 4349 1258 8779 3538 8762 735 1312 7134 1950 2918 7932 6184 4782
3694 2833 9741 8822 8827 0 328 4112 1816 8103 44 9058 8888 8808 4702 3011 3634 4157 4948 4040 4430 6576 2764 3383 4166 734 2109 542 8463 6428 6028 9119 3625 8802 236 3693 1958 3596 7697 9988 7465 7675 1989 8883 6801 8292 6702 1065 1229 5971
6385 747 650 7633 8613 328 0 1773 2206 365 1360 8370 7889 3875 9070 8867 2332 6177 8785 3068 7207 1519 4703 7729 8870 4739 3180 437 6474 1810 5981 519 5891 9048 4189 8325 9928 8196 2199 4662 9997 3376 5475 2925 6751 9906 8816 3480 2492 6873
3846 9134 5402 2204 7928 4112 1773 0 2251 9703 1205 5605 4459 6196 1492 8969 3919 4441 6247 7220 7488 9702 9889 6698 2651 5806 5542 1513 8851 2399 6565 8252 5367 922 514 5241 9089 1161 5264 715 8398 8240 1361 2288 5930 1046 9145 5349 7114 2614
6420 374 2988 5035 1989 1816 2206 2251 0 756 8890 4122 8320 9506 1782 97 7235 34 8341 1631 6382 8668 2410 3267 2380 3982 5155 3775 9756 7046 5750 680 5000 2428 6009 6756 754 5905 5494 76 5881 6975 6235 9327 5487 6544 3946 33 9488 8388
7407 776 8443 4004 7287 8103 365 9703 756 0 5199 5045 3243 4127 6327 8964 6885 2344 8192 2218 8137 8757 2659 938 9844 8081 6692 3414 1701 9626 3377 7187 2424 8162 1159 2972 7065 21 7143 5455 1845 8725 7297 5428 7971 4595 6634 9148 8655 6372
1974 6630 7453 3937 9648 44 1360 1205 8890 5199 0 7975 6965 9779 1135 9628 5778 6112 1219 5636 7953 2846 3295 7302 9873 345 1684 3153 2739 2571 8771 4495 4954 6989 2428 4471 8704 7941 9801 5911 8759 3448 5666 1859 9358 406 4287 8181 1399 4685
3576 357 5790 7372 1515 9058 8370 5605 4122 5045 7975 0 8468 8261 8680 8964 6394 8432 1981 1398 5041 4254 442 9219 1850 3553 6201 7290 8492 3507 5109 8889 5332 1860 874 4113 1635 6413 7549 7586 6603 7493 1290 8521 2430 5641 30 9342 8683 1109
1601 3952 9948 6691 3250 8888 7889 4459 8320 3243 6965 8468 0 5834 6882 1437 9635 4344 4200 9093 4019 2235 6098 6700 9048 7713 6307 375 893 9293 957 2702 8183 1499 6881 2568 1590 5951 1547 7541 9677 7063 8324 7702 5546 1904 2421 1120 6710 8226
7211 2932 6029 2907 9575 8808 3875 6196 9506 4127 9779 8261 5834 0 3598 8285 9135 4083 4078 8475 7437 4660 879 5557 6557 1982 1092 1976 9095 2386 7533 5073 2573 6442 9448 4252 261 722 2716 6563 5833 9540 73 9376 8010 641 4998 3823 7551 6729
795 8011 8518 26 3871 4702 9070 1492 1782 6327 1135 8680 6882 3598 0 9698 5436 2531 2902 476 324 2810 2386 3199 3356 2022 9191 9517 1193 515 5153 8852 6076 5900 2142 4102 6070 7285 8735 6685 9621 1377 873 8845 3800 4628 8489 5092 6147 8133
5504 2278 2850 8079 3331 3011 8867 8969 97 8964 9628 8964 1437 8285 9698 0 9231 5869 1689 5669 7631 9379 1054 6910 1978 1475 5813 1341 3987 9804 4406 5651 9416 5991 6995 5462 3626 7546 5015 8428 654 1112 4387 5755 3831 688 8409 9760 8073 5027
4923 3130 8885 9154 5348 3634 2332 3919 7235 6885 5778 6394 9635 9135 5436 9231 0 7855 6400 6492 7448 9883 3011 484 4976 9249 1784 1855 5781 496 8456 3884 946 7713 5342 8211 9253 9752 9395 7614 7777 3361 556 7476 7067 3316 3550 1676 9865 9419
8179 5534 6213 7835 9777 4157 6177 4441 34 2344 6112 8432 4344 4083 2531 5869 7855 0 797 8856 3060 2963 555 5043 9784 1665 6872 8088 1363 4667 8402 9375 3120 2692 7484 8048 7699 7920 4545 3088 7402 7625 2644 2978 9172 7644 6446 3491 3028 8673
5051 3478 5638 147 815 4948 8785 6247 8341 8192 1219 1981 4200 4078 2902 1689 6400 797 0 6230 4562 1994 2259 2219 9163 2935 8507 1240 7322 4257 4105 2772 2744 8994 1383 7808 6710 5066 4952 4722 2201 3473 8044 2068 1923 2105 2544 2456 6534 4845
4963 817 1707 687 1825 4040 3068 7220 1631 2218 5636 1398 9093 8475 476 5669 6492 8856 6230 0 4826 4073 4164 9783 192 2641 296 2171 4727 2138 239 9916 5985 6625 6982 3002 7173 5988 9749 7749 8199 102 4099 5161 7438 1247 7355 6199 1433 9000
4506 4936 3931 8400 9932 4430 7207 7488 6382 8137 7953 5041 4019 7437 324 7631 7448 3060 4562 4826 0 6959 3913 7926 3029 8496 7758 3416 1360 1850 2251 6729 3037 7092 5321 9421 7036 2910 425 4616 9589 6493 4976 2352 3878 4733 6539 6673 4908 9450
3837 2815 7035 6990 4881 6576 1519 9702 8668 8757 2846 4254 2235 4660 2810 9379 9883 2963 1994 4073 6959 0 9627 2994 7667 7351 8308 4657 3747 183 4260 3617 8489 1181 6104 2603 2676 1476 4600 7293 6776 4534 9814 5652 3423 4103 9458 1028 9823 6093
6723 5719 4277 2585 1949 2764 4703 9889 2410 2659 3295 442 6098 879 2386 1054 3011 555 2259 4164 3913 9627 0 796 6313 8567 1991 9794 4154 3062 6735 6148 9176 5188 4192 7085 5142 7845 6252 2732 7649 2298 4198 6556 6663 7154 4667 2707 2368 4801
6630 1144 7389 6534 1725 3383 7729 6698 3267 938 7302 9219 6700 5557 3199 6910 484 5043 2219 9783 7926 2994 796 0 3109 4448 0 7525 7572 6157 2907 1150 446 1065 5018 2170 1608 7035 1029 1478 2847 1889 3329 1808 4000 3356 2644 9349 6020 4406
5659 10000 1788 3788 4604 4166 8870 2651 2380 9844 9873 1850 9048 6557 3356 1978 4976 9784 9163 192 3029 7667 6313 3109 0 2041 9977 7083 4763 3330 2416 3150 6156 1344 1475 5883 4624 9057 1156 9217 6989 8174 4992 4843 1288 9455 6607 2594 6358 3465
147 8189 7487 8094 6566 734 4739 5806 3982 8081 345 3553 7713 1982 2022 1475 9249 1665 2935 2641 8496 7351 8567 4448 2041 0 4947 8043 2801 1402 2282 7570 5892 7068 3139 559 829 4955 9376 5418 8201 9511 3695 4975 5762 4591 2356 1829 4597 9651
3024 5969 1914 2843 2596 2109 3180 5542 5155 6692 1684 6201 6307 1092 9191 5813 1784 6872 8507 296 7758 8308 1991 0 9977 4947 0 8199 9431 6362 4778 7849 7808 8909 2411 9537 9776 1923 5391 9267 8304 2407 4760 9722 7413 2270 2691 9083 6273 5531
3717 6330 9889 9311 4151 542 437 1513 3775 3414 3153 7290 375 1976 9517 1341 1855 8088 1240 2171 3416 4657 9794 7525 7083 8043 8199 0 2215 2142 7743 1080 9999 3186 2088 8583 9263 7346 6018 9378 6401 7775 5759 9059 6083 1875 8988 869 6653 5731
8506 2397 3747 8639 2686 8463 6474 8851 9756 1701 2739 8492 893 9095 1193 3987 5781 1363 7322 4727 1360 3747 4154 7572 4763 2801 9431 2215 0 1952 5099 553 3712 3420 94 3055 3466 6229 3492 662 1284 390 6368 8645 3300 8737 5528 4254 738 2974
5200 3242 6064 5317 8752 6428 1810 2399 7046 9626 2571 3507 9293 2386 515 9804 496 4667 4257 2138 1850 183 3062 6157 3330 1402 6362 2142 1952 0 5662 5483 453 2236 7860 271 2632 768 3366 9883 6695 775 1956 7349 1736 1830 6288 4828 9601 8443
5209 6922 4330 9667 77 6028 5981 6565 5750 3377 8771 5109 957 7533 5153 4406 8456 8402 4105 239 2251 4260 6735 2907 2416 2282 4778 7743 5099 5662 0 1012 8381 3063 3483 2501 3337 6171 9014 3852 1985 8183 5919 9134 1212 7496 4424 1081 6561 3626
3190 4846 488 3070 5365 9119 519 8252 680 7187 4495 8889 2702 5073 8852 5651 3884 9375 2772 9916 6729 3617 6148 1150 3150 7570 7849 1080 553 5483 1012 0 7969 9146 8029 7451 4036 6437 4763 6027 675 5807 7714 7552 9681 2522 7409 2774 9460 9403
5481 585 8808 9552 647 3625 5891 5367 5000 2424 4954 5332 8183 2573 6076 9416 946 3120 2744 5985 3037 8489 9176 446 6156 5892 7808 9999 3712 453 8381 7969 0 994 8027 8526 5803 9614 7872 4882 4618 8716 7916 4898 9860 2916 4998 6932 792 5571
1348 3754 6249 891 7815 8802 9048 922 2428 8162 6989 1860 1499 6442 5900 5991 7713 2692 8994 6625 7092 1181 5188 1065 1344 7068 8909 3186 3420 2236 3063 9146 994 0 4757 7429 5626 8956 829 4691 5280 1790 3973 7552 5884 15 8203 2207 5518 4350
6738 8582 5337 7574 6387 236 4189 514 6009 1159 2428 874 6881 9448 2142 6995 5342 7484 1383 6982 5321 6104 4192 5018 1475 3139 2411 2088 94 7860 3483 8029 8027 4757 0 9078 1789 3801 8392 6484 3467 6726 8567 2701 4217 8264 7082 8650 2113 5091
7853 5589 433 17 9533 3693 8325 5241 6756 2972 4471 4113 2568 4252 4102 5462 8211 8048 7808 3002 9421 2603 7085 2170 5883 559 9537 8583 3055 271 2501 7451 8526 7429 9078 0 6779 338 2465 2444 5426 4709 9524 2395 1489 3492 3569 3770 2237 7469
5893 5405 6976 6677 635 1958 9928 9089 754 7065 8704 1635 1590 261 6070 3626 9253 7699 6710 7173 7036 2676 5142 1608 4624 829 9776 9263 3466 2632 3337 4036 5803 5626 1789 6779 0 2844 6905 9107 4001 7549 6351 3660 9560 6291 7369 5376 7274 1822
9747 9544 1689 9522 4349 3596 8196 1161 5905 21 7941 6413 5951 722 7285 7546 9752 7920 5066 5988 2910 1476 7845 7035 9057 4955 1923 7346 6229 768 6171 6437 9614 8956 3801 338 2844 0 7907 5849 6826 1567 5504 8385 2825 5263 324 2357 259 5157
1504 8986 93 9003 1258 7697 2199 5264 5494 7143 9801 7549 1547 2716 8735 5015 9395 4545 4952 9749 425 4600 6252 1029 1156 9376 5391 6018 3492 3366 9014 4763 7872 829 8392 2465 6905 7907 0 3138 3624 966 8674 7117 1148 2501 617 9023 5673 209
298 7983 4971 45 8779 9988 4662 715 76 5455 5911 7586 7541 6563 6685 8428 7614 3088 4722 7749 4616 7293 2732 1478 9217 5418 9267 9378 662 9883 3852 6027 4882 4691 6484 2444 9107 5849 3138 0 39 6203 7484 2270 9866 1848 9719 3993 5862 4244
6745 7283 8080 8496 3538 7465 9997 8398 5881 1845 8759 6603 9677 5833 9621 654 7777 7402 2201 8199 9589 6776 7649 2847 6989 8201 8304 6401 1284 6695 1985 675 4618 5280 3467 5426 4001 6826 3624 39 0 2781 1313 7743 4743 1041 5772 2553 8499 8762
7988 5789 2940 478 8762 7675 3376 8240 6975 8725 3448 7493 7063 9540 1377 1112 3361 7625 3473 102 6493 4534 2298 1889 8174 9511 2407 7775 390 775 8183 5807 8716 1790 6726 4709 7549 1567 966 6203 2781 0 3487 8825 471 335 9004 788 1750 1087
8756 8924 9448 4585 735 1989 5475 1361 6235 7297 5666 1290 8324 73 873 4387 556 2644 8044 4099 4976 9814 4198 3329 4992 3695 4760 5759 6368 1956 5919 7714 7916 3973 8567 9524 6351 5504 8674 7484 1313 3487 0 2606 8147 1999 5538 3853 698 7803
3955 7909 9598 466 1312 8883 2925 2288 9327 5428 1859 8521 7702 9376 8845 5755 7476 2978 2068 5161 2352 5652 6556 1808 4843 4975 9722 9059 8645 7349 9134 7552 4898 7552 2701 2395 3660 8385 7117 2270 7743 8825 2606 0 803 1484 2057 3540 3969 6131
6397 6032 7468 8798 7134 6801 6751 5930 5487 7971 9358 2430 5546 8010 3800 3831 7067 9172 1923 7438 3878 3423 6663 4000 1288 5762 7413 6083 3300 1736 1212 9681 9860 5884 4217 1489 9560 2825 1148 9866 4743 471 8147 803 0 444 9030 6539 7048 4330
9173 5309 7553 5517 1950 8292 9906 1046 6544 4595 406 5641 1904 641 4628 688 3316 7644 2105 1247 4733 4103 7154 3356 9455 4591 2270 1875 8737 1830 7496 2522 2916 15 8264 3492 6291 5263 2501 1848 1041 335 1999 1484 444 0 2010 2730 1221 1937
4237 8174 7690 6381 2918 6702 8816 9145 3946 6634 4287 30 2421 4998 8489 8409 3550 6446 2544 7355 6539 9458 4667 2644 6607 2356 2691 8988 5528 6288 4424 7409 4998 8203 7082 3569 7369 324 617 9719 5772 9004 5538 2057 9030 2010 0 5688 447 6795
2871 7055 6135 982 7932 1065 3480 5349 33 9148 8181 9342 1120 3823 5092 9760 1676 3491 2456 6199 6673 1028 2707 9349 2594 1829 9083 869 4254 4828 1081 2774 6932 2207 8650 3770 5376 2357 9023 3993 2553 788 3853 3540 6539 2730 5688 0 5735 5411
8163 2297 6776 4259 6184 1229 2492 7114 9488 8655 1399 8683 6710 7551 6147 8073 9865 3028 6534 1433 4908 9823 2368 6020 6358 4597 6273 6653 738 9601 6561 9460 792 5518 2113 2237 7274 259 5673 5862 8499 1750 698 3969 7048 1221 447 5735 0 9090
5307 7381 3059 2463 4782 5971 6873 2614 8388 6372 4685 1109 8226 6729 8133 5027 9419 8673 4845 9000 9450 6093 4801 4406 3465 9651 5531 5731 2974 8443 3626 9403 5571 4350 5091 7469 1822 5157 209 4244 8762 1087 7803 6131 4330 1937 6795 5411 9090 0
