250
0 8335 1642 9637 8952 2467 275 9399 7065 4571 5966 9870 9653 5196 2152 2946 4033 4709 7290 4176 9933 6831 666 6542 8038 32 6062 2180 1284 7136 3724 2518 2485 3789 8850 6874 6375 3392 2169 7014 9909 2356 1336 9738 1374 3334 1087 8911 8855 91 1743 5343 6352 5463 9156 533 4029 9829 6288 5641 9139 8528 8833 7766 9264 9088 4132 2415 3495 3429 6454 3753 4543 5272 3125 4422 7186 6581 7745 8042 9262 6026 6903 3178 107 9477 655 3313 1228 7070 9077 6710 4422 5880 4225 3992 5752 4270 5304 6604 9366 3221 3899 9353 3276 8697 437 3033 2532 3238 7366 974 6259 1528 7140 1912 5289 8862 9048 7738 1006 3299 2216 3853 3512 9133 5948 1455 367 9043 8219 927 9308 957 5582 4986 5396 7842 3333 2324 2008 6441 5184 9343 3642 3089 3327 8567 7882 5211 824 9380 7955 1669 9702 6043 8063 6264 7286 9581 3086 9263 2407 6070 8035 913 9219 6887 1787 3975 4299 3135 9660 9465 8318 9118 3231 2589 5852 2724 574 9399 4217 569 8197 7427 2143 2669 7764 4752 3526 4596 3484 2733 8044 3643 7753 2912 562 13 223 4486 2503 8590 1765 8236 8452 9242 9252 6951 3479 5977 6192 5402 1811 1963 2106 2902 2632 5985 4947 2696 5700 5246 1567 2920 4736 5939 4364 7186 2451 6741 9529 1345 64 4523 6132 1442 7096 6167 1004 8129 9124 4740 3511 7292 9786 6276 6685 7573
8335 0 4852 3944 4520 7720 6471 6960 1994 1902 4650 4832 5580 9347 859 9592 2922 3027 5422 5258 9800 6680 2664 4940 6805 682 2191 4319 8838 3750 3421 446 3195 183 7879 6043 2893 2038 187 9262 1173 4224 3476 9325 302 7287 7541 1778 5011 8831 5677 7616 5530 13 6729 7920 2963 1914 116 2028 4470 2864 8517 2685 841 2263 7552 6113 9292 116 9720 7854 3149 3721 226 4496 4839 5587 3965 6950 3917 2925 2705 6947 5452 9671 9723 7424 7240 4047 6442 2106 1048 1080 2862 8205 2168 5992 9492 53 6820 9810 133 3451 675 9340 7200 6097 2883 8618 9943 1387 5397 1963 3140 9096 4738 2511 4466 9043 7455 9084 2993 3638 5834 5612 3590 2793 3032 1129 6485 8189 1387 7114 5155 5022 9674 4958 7653 6786 8295 868 5575 710 3954 6451 5345 8971 8719 9324 5427 137 8515 5141 5549 9054 3803 3804 1908 6917 810 4788 4854 6141 1436 2399 9498 2779 4479 9768 891 7771 7879 8993 9007 5766 1188 3608 9322 7480 8327 712 3461 3567 3263 8048 7626 1471 7840 9584 9577 1137 7552 6801 9187 3458 6064 2856 4487 7093 9277 5523 283 1970 3554 1556 133 7153 4681 5897 1780 8872 2776 2232 3209 2468 5924 7063 3794 6568 4861 1522 2620 8033 7296 8996 2089 5377 9828 4516 4760 8518 3236 6069 4690 1716 6485 2469 9459 8114 7255 9979 3958 8033 8663 1290 1719 1643 9369 281
1642 4852 0 3682 7454 9511 1880 1107 7640 5363 1997 8561 821 5872 732 9420 3397 9226 3672 8846 407 8883 6627 1213 9710 1775 10000 3292 6655 3846 2095 8933 9978 3287 9618 1168 3433 8380 7965 3373 8356 9430 668 4186 3851 461 3912 1885 9398 4867 4416 9106 4082 5942 3341 5330 2530 8513 6759 1317 3006 9815 9704 2302 1375 3667 3985 8662 8971 6493 230 8833 9873 3265 4702 254 2212 2048 6141 3478 7046 8750 8002 8340 5618 8950 6685 8064 1213 4126 6842 4423 2891 7017 5940 7000 7451 6521 1415 1491 6693 3305 2872 4664 4926 3032 6788 9780 9062 5727 8786 5218 9759 8967 7841 2960 8887 4389 5032 3870 9485 2128 8531 3382 9820 6657 9279 9633 1160 8075 3370 697 9880 8799 8322 4650 1051 77 7695 6227 1022 8963 1023 4355 1004 390 1755 4019 1279 2928 9123 7536 7570 8786 8963 5920 1398 1561 9440 5834 833 5189 9944 5192 3843 4079 6049 292 2200 5794 7893 1290 6290 3313 2135 5153 4437 3786 7656 5664 7930 7393 4576 1364 8865 9933 2986 1195 9285 4838 9229 4357 6465 5405 8370 1710 5035 9164 2881 9857 1062 4276 282 6937 238 6452 8685 3305 2888 4849 7862 6110 997 787 7494 7450 5256 269 1310 7874 6477 9363 7571 6445 1508 8978 1094 6669 6421 8078 8352 4845 7168 7240 7857 4008 6891 8574 3582 2740 8679 1875 2336 7804 4999 1688 6785 726 5659 3290
9637 3944 3682 0 2189 1363 9148 901 9854 2013 445 5525 7157 5255 3801 5507 8185 204 6236 7362 577 2944 4101 4274 6683 4495 3752 1051 9169 9003 2494 5475 5459 1272 3121 9464 7927 935 4665 9468 6142 5248 6140 1273 8346 3374 7238 6573 9007 9408 3891 3882 6994 4014 1045 6956 842 5279 4149 9215 3333 2740 21 9587 3268 2766 8432 9266 195 4752 6889 2758 319 6027 1940 2406 2625 3281 5714 3443 2106 2966 2879 1722 2718 8528 6309 1824 4227 7662 254 3101 4327 8598 821 9370 8043 6219 8642 5851 3904 1838 5577 470 9655 4432 2852 1155 4652 1289 203 817 1767 9771 2320 1025 2461 5865 814 9137 4003 2530 1568 1566 1941 6156 3293 6187 5731 5469 8202 166 3814 9937 947 8241 6499 3320 1401 8770 549 7350 4040 2943 2229 3777 4042 7920 4899 1469 7776 1552 877 9600 3964 6950 2654 5003 4454 497 5626 5722 418 5603 7541 1221 8110 8772 1667 9576 3894 9175 1734 9822 5978 6951 3506 8057 3038 8351 5939 8195 3165 565 664 8603 6910 8185 719 5831 9536 510 2652 1616 9344 4790 4419 7518 2344 269 8983 8896 2224 1720 8175 7181 2493 7180 9981 2249 7567 5231 3043 4033 273 5527 2499 140 7876 634 8074 5410 6213 3539 4478 5033 5190 2143 7755 1096 2383 3898 8901 2011 9956 258 9083 8581 1609 2383 7379 8321 8349 7758 9083 2619 5717 2996 6200 8951
8952 4520 7454 2189 0 2356 7632 8027 2519 6866 9781 4027 1691 6942 4532 1044 2507 4593 5549 5589 3131 3402 7454 5387 8744 7927 395 3937 8612 1107 1751 8120 3446 9553 4636 5606 703 404 5161 6851 8357 1541 2482 726 6812 719 7740 7775 744 2183 3610 495 1448 4950 8851 7244 5797 9313 4755 5259 4812 2196 4047 5229 9134 5504 3187 5479 3600 4340 1057 8421 9045 6970 2064 422 8032 2195 4894 9492 3960 9069 779 3304 9868 3193 4700 2252 9968 3467 3442 3352 1639 2442 6054 4210 8580 761 9036 8127 7638 1574 6222 124 226 1208 2236 6043 8058 7092 2311 6269 8072 6338 9095 2411 9933 3916 1467 3984 2607 3148 2259 69 5260 5713 2451 5909 473 1024 2446 2025 5152 6220 6313 8390 7446 638 3877 5602 1871 1556 1157 9381 9094 1577 272 5557 360 6505 7035 7624 1225 6906 4090 9598 6056 9171 7996 3026 1752 3039 6273 5011 5642 3089 8572 2490 5147 3462 3869 8517 2444 7096 2442 7936 3172 8757 8915 5094 8225 427 7212 1156 8409 5397 6637 5491 9995 8627 4219 2508 929 6464 7767 448 8517 955 9594 1725 7082 4138 8549 9961 8794 7807 1251 6934 4942 1336 4936 3240 5015 7348 4082 8990 2749 1525 2045 5817 7799 7017 9259 3006 4035 4447 2479 5174 8829 5508 7377 3733 8652 5830 5682 5383 8959 369 8426 7499 838 7854 8766 4252 3768 5600 562 8315 8868 7504
2467 7720 9511 1363 2356 0 9657 5928 3041 106 930 1947 5141 4362 6538 4701 3293 1087 7922 2285 4555 2420 2375 1106 3344 6201 4322 5375 4277 619 7858 650 5976 9923 1066 1430 6155 3576 3193 6099 4992 5260 2431 3209 2096 2912 9655 6467 122 726 7707 2954 6493 168 1858 2400 871 7012 7643 6098 5888 6299 1130 3293 7130 2784 256 3801 7297 3014 512 3595 8524 9754 1628 770 5036 8287 4551 6777 6617 2148 8359 4533 5600 4527 6972 8519 126 4052 4129 5064 3040 6799 3002 1730 1279 6954 85 3869 2737 4868 8339 1138 6380 4285 8818 9242 822 9043 4897 3256 6308 6395 1505 2159 7809 4322 3179 9569 564 6528 9626 4224 2449 7150 2509 9938 75 6360 4341 9379 9478 2809 466 9850 6786 7515 2794 7493 6170 9765 863 1623 1460 6160 6987 2584 5083 9954 2091 2844 3647 5832 1133 8970 357 6344 2615 805 3315 7377 5580 1509 1874 659 5490 4526 1589 6601 2843 1295 9660 1441 8153 7626 5745 3852 9383 9740 3969 1628 5077 5432 1074 9592 4918 4999 1939 8475 4565 946 6490 2828 215 9541 2524 6947 4145 9860 1135 8952 2868 2060 8428 248 2857 8360 9776 513 8548 4420 682 4712 8920 2301 6434 8286 4514 8080 3075 3289 7861 1199 8683 6299 3592 252 8685 8953 7822 2823 9976 5939 6072 4490 3231 3914 339 6165 6023 9699 1024 2532 6387 6964 7795 7903 1225 4422
275 6471 1880 9148 7632 9657 0 6545 4512 1594 7614 3885 3996 6114 4988 9418 6922 7367 7453 854 702 1454 448 9748 6589 7886 9015 7787 4005 9478 7826 7803 9164 5016 9296 7243 8748 7458 4945 1078 7903 2235 5949 5294 6449 7088 9251 7795 2601 3959 5474 6814 517 9710 2709 979 9891 3356 3961 7989 395 1574 8650 245 3892 7839 8605 1850 4705 3637 5369 5890 6159 6019 3866 1736 3551 1027 5164 6060 5383 5985 6300 1780 2896 8633 264 2504 2139 8900 7117 3314 5914 7221 9877 1612 6836 921 9068 3253 8471 3523 9026 5930 262 410 2852 7375 3331 4255 4298 5099 5535 6843 1641 9262 1713 2912 9056 2775 5834 4543 1943 8528 5229 6314 1532 1969 6616 2259 3532 2542 9300 2772 7288 5963 7263 9360 3939 1004 1918 6085 567 224 7522 5342 5584 8143 9847 7594 8683 3464 7568 2981 519 1592 8608 1660 7491 2691 9744 9992 4429 406 7901 2457 6346 7166 8008 7357 3096 6699 2368 9180 652 6659 5501 9019 8074 4911 2072 3726 7202 3806 8771 3502 3269 126 1962 1945 4963 1863 6100 4998 4560 1554 209 6592 4474 3357 1953 986 4947 3604 2581 2238 6869 1723 8128 4227 2440 2927 986 3283 5560 2389 4167 1213 9411 1610 1062 5354 6186 6932 5942 6621 252 8411 2437 1133 8136 305 2811 8033 3715 7557 6857 3037 7531 3772 3106 6098 1056 2762 2197 6251 8453 7248 3377 8577
9399 6960 1107 901 8027 5928 6545 0 5318 5145 6511 6215 4922 2392 5387 3897 9229 8827 6787 2831 7352 6151 2891 181 5315 4368 62 5853 9026 6739 3126 3557 1517 2062 4840 5274 3457 9911 8563 1353 1406 7153 2005 6247 4873 6319 1794 4319 5351 1602 9922 573 1668 6048 2266 7280 8931 2896 1509 1344 8821 7281 1808 5722 8515 3464 7782 7470 8519 9222 9273 3734 9214 2821 5810 5462 2153 2070 6461 4926 4203 3992 1323 3231 4788 638 8153 9327 5196 1561 9067 805 2435 6991 5579 2568 3834 1917 207 440 5540 9282 3242 8359 5785 2831 1968 2161 5995 4202 1503 9410 2074 3786 4497 5217 74 4788 4477 9043 1328 4101 3525 1049 5971 8923 3653 133 6535 7424 7464 1562 9951 9228 7035 2643 4390 7743 9525 7722 9997 5 9171 6334 6916 4423 5331 6498 6393 9656 1744 903 4049 9312 5096 8287 2793 524 96 3519 6914 4771 7023 4705 4801 5223 8688 3893 7049 8734 3943 7144 2029 6580 3341 3906 9697 3136 9818 8412 6063 4002 9510 9071 923 8660 2417 1666 2285 4788 6918 51 2349 9468 6598 896 1714 3524 7651 6348 7997 824 6645 6619 5080 3109 254 3511 272 486 6029 3544 4633 6441 142 8022 1163 5148 8108 5079 1693 1591 8937 1428 6184 4450 2157 7661 129 1891 8337 5549 7481 4349 7233 9502 1043 9237 9605 3602 9905 6001 5959 6660 3731 3877 2863 4100 3287 5963
7065 1994 7640 9854 2519 3041 4512 5318 0 9287 8442 11 3792 3671 7226 6835 9516 983 6072 4667 8454 8836 8330 7951 5526 7878 2393 7692 41 894 6543 2889 9536 9276 3488 9531 6060 8398 443 5149 1308 6552 9146 6254 6925 7696 9979 7063 3167 4861 7520 1632 8915 1915 3586 6803 5180 1713 5032 5947 9457 2850 311 4741 8064 7238 2994 4009 4474 8035 4685 228 5800 3613 6960 3898 130 2569 4392 7171 5200 430 4593 5151 8666 4399 9998 3312 539 9978 4546 491 5102 112 7824 5916 1112 3761 7239 3763 2762 4761 6018 8262 4111 9630 7013 6788 591 1581 4229 3621 6079 966 7342 5143 1167 6210 5923 2323 2228 4285 8494 5162 9552 7805 8835 5779 5561 5280 7775 8618 1663 3012 2962 9732 2980 6483 1099 1198 8051 4950 7413 1839 8161 598 2865 9750 3666 6902 9779 1016 8495 4469 733 2617 83 9840 9673 4211 4673 8633 8633 9805 9471 6672 5585 1052 2845 2674 3964 2917 5899 8017 7785 3584 5689 9994 9741 3657 3885 6952 5932 3506 6760 881 9461 2803 3249 912 6671 9702 6654 6315 1470 8268 8865 9712 6037 2212 9926 8375 1771 1529 5265 3339 3953 5238 4387 1018 6897 3623 3765 9891 360 8135 1386 1359 7518 3241 3186 4822 6608 9715 6253 8827 451 8329 2778 1219 6093 8325 8235 9849 3761 1967 9838 1148 8273 1909 2199 1754 8523 3430 8232 1805 8133 4691 7888 8607
4571 1902 5363 2013 6866 106 1594 5145 9287 0 345 6453 1522 2103 3339 3862 4205 8475 3006 2288 2618 5988 9285 3650 5125 8751 5130 1511 8762 1084 1707 8662 3263 7296 4165 507 1855 3116 7656 8637 65 1676 6695 6704 2450 791 2546 3398 5532 6515 9344 9422 6311 7730 3173 3515 5441 8899 1028 7666 765 6614 1349 1725 4523 7321 7700 4807 2686 9928 5923 6537 8595 2373 9412 6683 701 897 6233 487 5710 3423 8298 7046 6252 508 8720 817 3714 8419 7185 3838 5979 64 8755 6758 5601 4016 6921 6453 4014 1137 6207 9079 6813 5151 2761 2716 3236 132 9543 3022 4106 3627 8132 9872 2005 7065 8208 7386 6802 5487 7615 5014 1927 3963 8083 8677 1980 6019 8025 2235 8232 9087 4232 2507 937 8753 5256 6374 4508 2683 9752 5669 1321 7459 4045 8523 3299 2267 4962 6102 5692 8280 1742 9435 6411 3073 9802 3157 6916 9533 1985 2895 2693 9000 3623 5619 9045 3779 8084 3436 4318 9544 614 3641 364 1001 638 8056 6871 429 649 5184 8842 7528 1210 4797 163 279 4195 6701 7373 1722 9811 4723 1523 9323 8440 779 7754 9169 2095 4833 661 7693 7621 1834 1825 336 8951 4865 7247 6768 4225 3945 9540 1223 7305 4456 1892 7230 2028 5876 7308 7192 5947 1803 2193 293 4382 7891 1275 620 2257 3829 6990 4220 3518 4917 7071 8187 3448 4294 4629 8941 6204 1805 2800 3906
5966 4650 1997 445 9781 930 7614 6511 8442 345 0 2834 383 9704 2260 8626 9474 8648 1906 267 5541 2412 4790 5467 3604 3581 1496 2652 5767 2930 4005 8608 3278 5847 4213 3061 9302 1657 1988 1122 2812 2409 6351 7512 2819 2595 1105 1859 3595 5069 7038 9277 3170 4346 5239 5630 5445 5845 5152 6996 5500 6928 2531 4674 1235 2974 3720 2017 9527 259 747 2976 6810 3079 93 707 5296 1752 8098 3474 2114 8276 7167 5643 2792 7288 6789 8963 7754 1765 5496 2190 6781 2333 4900 8246 346 929 5227 5437 8579 4094 3856 7951 1829 1285 6446 3245 4287 3738 4176 8484 5123 136 4468 7618 1018 9561 1523 3884 7466 6037 8865 8964 7240 6893 6330 54 1029 7456 5075 8260 2097 3230 2308 2160 4473 7672 1882 3341 5125 4681 9911 3603 9535 4706 3235 4551 4266 3051 2667 7284 8329 2644 4817 1302 8036 3724 9527 6320 8569 8971 4793 2236 9124 9104 4016 1143 7572 3127 7299 6723 1363 6491 3871 2190 9291 2168 3926 4093 3000 7210 5640 7911 3817 2981 3680 3482 3904 6928 2774 3101 171 3223 3357 7004 1174 8946 8818 667 2602 8917 4707 9997 1703 7442 5296 7843 6181 2125 1895 7955 8363 7963 1174 9094 2078 6556 1736 1189 7476 4345 1488 7915 6156 8581 9830 9466 9703 2196 7442 135 2961 7360 5820 9535 8945 8689 6600 3649 6724 7763 9588 7873 756 3601 3751 8623 8221 5443
9870 4832 8561 5525 4027 1947 3885 6215 11 6453 2834 0 6642 8242 7855 3154 2878 726 569 2252 160 9910 1440 2494 2024 9314 1081 7002 6785 4858 7586 7660 8290 8653 2666 3089 9129 8361 6514 9472 5774 4826 6840 5934 2624 3918 7677 8442 7144 634 2558 3561 9487 6784 3796 386 5425 7296 5190 7932 4703 4511 7929 3516 3254 2930 4387 1899 3343 976 4734 1035 8974 6256 1807 6923 8568 9675 5260 3260 7260 4995 4111 849 6125 1754 5867 2152 5532 4906 6369 6870 7248 9847 2101 1783 8498 1833 6205 4035 3838 590 524 1510 1607 7045 5122 5906 2532 573 1204 4748 2871 4578 3643 6282 3199 6209 3599 9129 7443 5849 1103 2848 24 306 8646 4835 9922 5459 2870 9778 8183 3929 5015 3655 1613 4664 3574 881 752 8228 4876 9842 1529 2303 5205 8548 2577 567 179 8385 6972 2353 3824 5025 1083 5592 1647 686 1084 8163 7886 8151 7725 7235 8232 4394 1579 3604 1205 8802 2763 3821 2230 4604 664 4454 6131 5428 1826 9449 4378 8684 8233 585 6401 1284 6410 4720 5958 7021 1071 2309 6972 652 3005 5467 6521 2920 1852 1673 5383 5981 9501 6422 3523 1802 8055 6646 8391 7865 1632 2780 1030 7720 1589 8905 1534 1206 8662 6252 3376 984 3500 2655 567 8278 4581 6236 9820 8232 9257 9352 7653 9090 120 8305 6913 5599 4597 7813 7608 1873 9178 4606 6442 3377 3568 1730
9653 5580 821 7157 1691 5141 3996 4922 3792 1522 383 6642 0 9499 3039 7786 6707 6645 583 3646 6635 1680 7125 8220 7395 7179 7699 7857 768 9183 8004 2400 9030 2466 7007 8355 1135 5813 9123 1695 7189 9086 8521 3866 6878 4651 8250 1231 4501 3533 9228 2999 9111 1291 9201 8054 9715 6142 4734 9959 7238 2720 3787 7295 2545 9847 8023 3321 6209 9337 9239 1389 2031 1750 1660 871 9971 4543 3112 9871 5041 6954 5131 6864 4051 4626 4432 4142 8917 5727 5514 4445 5741 6854 7420 8131 8232 679 2763 12 6453 1905 4371 4469 7679 4507 9518 2513 5078 5572 6327 5018 3659 5942 4074 1099 7294 7476 6136 946 9509 7775 1926 9431 4930 8416 4435 9558 1246 5693 9489 9812 9622 7069 1885 6182 3690 5452 6044 725 6365 3948 5673 955 5406 6872 1095 6773 1920 1939 178 8908 2243 5007 3513 5554 4376 5830 7580 308 2014 7816 1605 7269 1664 282 5557 8624 8466 9910 1459 2522 6866 7485 3219 3947 3697 3710 8908 6697 2370 6709 1107 4924 451 9905 8369 3089 1515 8590 6293 9864 7892 8710 5070 8230 2976 5233 8979 6221 8649 7799 7747 3510 1523 851 377 6973 6178 6849 1048 2091 460 1502 6010 5625 9982 6318 1511 5734 4628 145 6943 8513 9165 3012 9601 1149 5075 6634 335 5042 5203 5792 2004 4881 3861 3799 7335 9788 7906 3383 6560 699 4647 6428 1376 5768 9967 8293
5196 9347 5872 5255 6942 4362 6114 2392 3671 2103 9704 8242 9499 0 7461 7484 4860 9485 2469 7356 4083 6614 9452 1579 3581 5246 1436 38 2157 8189 1318 9261 1732 8978 7450 5140 4992 5781 4639 1668 4712 8138 6639 6150 175 8648 9133 9181 7340 4711 3142 2309 1441 762 2176 9974 4207 7453 7517 8254 851 9048 1226 9088 8949 5072 6711 9660 9421 1196 3644 662 9608 1139 4517 7064 7590 526 7367 6726 7937 7209 2359 1639 7966 462 1919 1479 7062 8624 1856 5856 1121 5188 4310 4781 6756 7312 7601 4699 1855 9186 9071 4452 5966 9620 4924 6507 5587 5813 7960 4038 1995 6591 6666 3199 5729 4610 2936 5327 9237 9930 6187 3534 9814 2161 6256 2278 3930 4514 9678 4519 6941 6349 7366 439 9734 1737 8554 9325 7852 7342 1670 8550 9282 410 6949 2831 2328 272 681 1892 734 1061 6693 9021 7473 7907 6381 2893 8405 3185 6829 2369 1159 5181 2339 9894 3444 6214 7545 3422 5124 2148 4690 7018 9207 9440 2222 3952 6147 7680 3794 6861 5405 2870 9148 9581 1455 4367 6833 5336 8632 9163 9663 6542 5602 4817 8241 3709 3974 14 2081 6046 9699 4426 7649 5377 2884 865 4244 280 2896 9217 6069 2249 5292 6401 7306 1161 2367 8682 8962 892 6920 6674 1940 2702 6319 3549 9306 1533 3460 3667 839 3203 6991 8286 7468 3699 9347 2180 7361 1844 7809 6738 7989 2844 3664 1698
2152 859 732 3801 4532 6538 4988 5387 7226 3339 2260 7855 3039 7461 0 3841 5946 8963 5440 6483 6110 1076 6890 6660 9881 9634 1502 9445 5338 70 6664 4144 968 8784 9413 2851 6633 9549 2362 268 6988 8063 1626 423 9342 184 473 7447 5320 8898 8604 4893 3156 2791 9443 9693 9669 4795 6929 9732 1344 6404 7537 8990 4397 1994 3013 6634 9148 308 1897 5074 6688 9432 6362 4664 734 8665 6294 9065 6421 3690 1454 1614 7859 1736 7991 6605 5691 176 4229 258 4089 6409 3066 2680 6668 8438 5104 6698 5303 4676 9039 8355 3439 6268 6681 487 5031 741 2720 4812 9027 1840 8536 5946 5559 7425 6077 1173 1788 7477 2164 1139 805 7479 4413 256 3660 8343 6150 5091 4101 9686 9925 6418 7032 7920 1517 4164 2556 6549 7236 4189 7762 4484 1042 1066 2607 4642 2454 5309 1619 632 1291 7518 74 3615 3950 3071 594 481 3673 3343 4637 5160 2682 4963 8597 823 3295 331 8653 8217 1661 9866 3884 3805 8105 6259 9983 2833 7504 9636 2507 2753 1574 8959 7741 544 7473 6878 1692 9087 8284 548 288 7528 1600 1717 9875 955 5151 3052 463 3980 8411 6716 3046 1668 1902 3731 2017 4 206 4192 1226 2187 4724 1417 8766 517 8901 7013 1765 1826 3295 3535 3670 6002 7143 8378 3254 189 1842 7527 185 9807 9228 7608 1182 5422 326 6043 2606 1478 2685 1156 1348 6257
2946 9592 9420 5507 1044 4701 9418 3897 6835 3862 8626 3154 7786 7484 3841 0 2314 5699 8304 2229 7558 8413 3218 1296 4664 7090 5694 6650 9477 1058 6163 4205 4720 6908 212 358 4923 9332 3348 9105 469 1940 3421 8216 8022 2949 1375 7902 2036 4419 5500 8238 195 70 1316 7420 6125 2399 3396 2345 1365 3350 2991 2531 6314 5898 4654 3271 4669 8123 1808 8478 7403 6781 7405 4418 7036 6751 379 2168 7527 2842 7886 8999 3752 7413 6651 5297 5586 258 2943 3339 7759 9494 1645 7039 988 2337 7323 1683 9517 2933 4372 1108 2474 4538 6119 2053 814 6539 8860 6024 7931 494 7357 241 1449 2618 9740 6306 6464 8118 7162 7714 5780 1199 7565 1922 4789 3406 9308 9474 3502 2656 1309 1087 9720 546 4528 1930 5020 3632 1244 815 791 427 3212 8733 5856 5373 109 1517 9795 7282 9263 784 6963 935 2665 1603 1912 6308 5412 2372 649 6758 6659 7193 1272 9794 6588 1295 9975 7188 4210 5826 1403 7979 9437 8535 4736 8418 1130 5847 1642 6752 5640 800 3188 2729 5981 4862 9880 8957 3961 5963 1316 8871 3550 3925 1230 9101 4651 2652 209 3344 7124 6504 3288 719 587 3641 2449 2693 1352 9546 4503 718 4615 8095 2450 3976 9325 2660 8552 8165 4 4602 5161 4664 7128 8182 2067 8402 7169 5402 4837 1982 6805 416 1520 7328 4216 990 7208 6048 2520 5732 194 7138
4033 2922 3397 8185 2507 3293 6922 9229 9516 4205 9474 2878 6707 4860 5946 2314 0 3103 9096 5023 5636 8182 2814 8071 7321 9497 554 9240 2867 9466 4386 8231 7263 7872 3137 8373 9781 1200 2793 4950 7390 1514 8394 6056 9475 7444 5967 5621 2644 9563 9999 5614 8842 9378 6318 7565 8301 5917 661 8800 5616 7055 1903 4889 2551 1031 3765 5426 4655 1619 9311 9816 2920 9486 3159 447 1778 9638 9329 1568 6589 8900 7709 7993 1383 3762 6095 5238 616 4765 4989 16 1717 6413 9256 829 6325 9319 1426 6479 9132 5753 1506 6737 4994 833 5875 4248 4853 2302 7446 6219 7010 8003 7482 6005 4398 3735 8668 9433 1859 3316 6595 4583 1846 4775 7793 5327 5168 6046 9745 8331 5066 8434 3333 1730 7608 3613 5535 1801 479 5125 5378 9696 2226 5834 6953 1221 3303 3004 3407 8199 6455 1790 4382 8803 5867 5713 1176 2278 3659 6491 9752 8702 8186 3214 2017 6135 6126 7531 6093 8118 7939 6918 8883 16 9220 107 3426 7643 6639 7156 3849 9936 2122 4835 8428 1576 7343 9702 1617 8617 4860 5003 1718 8483 2120 5804 1839 1566 2293 9201 7752 9533 3762 1489 6326 9734 5584 328 1516 2596 7314 9960 4576 223 6200 8893 1000 5226 7457 5660 3558 5285 6818 3940 7982 9508 3091 8032 1901 7336 6886 2261 3236 1168 9346 6426 2560 4845 6304 6830 7559 6339 2685 3679 3024 5426 6964 4519
4709 3027 9226 204 4593 1087 7367 8827 983 8475 8648 726 6645 9485 8963 5699 3103 0 3520 3921 1747 5952 5626 5740 4189 1471 109 632 8434 6007 8095 5818 765 9689 4456 1050 3278 8311 4137 1678 2951 6659 444 5405 2616 8883 215 1162 9381 1671 8547 8635 3032 8530 102 8283 3467 1555 2176 8189 8148 6227 8846 2369 5543 2233 7572 9884 4152 7347 1056 3221 9622 1143 9594 7052 6015 2588 7257 4744 9918 4552 9691 9600 6840 5804 913 4698 6201 6939 9167 4312 2230 4131 6402 1943 8287 1683 6286 7340 7352 9772 6457 9774 3701 520 9443 9750 5751 6430 5256 6534 7008 5718 4346 1676 1977 4924 845 8753 442 4572 5528 8978 6034 9037 7697 3435 9667 923 977 1669 2509 9024 949 2299 844 1088 3977 803 3676 804 5815 274 544 2505 5746 9899 5022 7255 6785 1504 561 5680 6991 9082 6530 5163 8918 5451 9017 5973 6092 133 1577 5041 9375 108 7112 4918 6686 3503 1130 1815 1689 1897 2886 2569 8456 6538 5255 3092 5563 1704 5378 1703 6225 7922 2169 1894 206 7830 6711 2444 895 3713 9496 2025 6545 7458 6701 9913 8634 4735 2255 9997 5459 9570 4197 4856 8210 7933 7223 4830 1995 8931 1139 1899 6820 2415 3266 8599 6948 6422 6894 2543 6455 7913 3226 3057 3708 9689 975 7634 3736 9236 297 6713 7465 667 666 2714 4518 5921 1504 3990 8701 989 6523 4649
7290 5422 3672 6236 5549 7922 7453 6787 6072 3006 1906 569 583 2469 5440 8304 9096 3520 0 83 2769 6822 6981 6535 3732 2918 4234 6837 6128 7548 7202 5414 4100 3456 891 9454 9776 8089 8903 5142 5891 7374 9018 7551 2255 394 5451 747 2065 1642 9638 4832 3719 1872 342 1132 3546 6172 7814 3368 7769 9976 3422 6995 4483 8972 9379 6564 9035 6436 1912 1258 8212 6708 2720 4720 3130 7931 1840 7219 6064 7375 9575 1449 4562 8300 7000 7986 5663 5387 9910 2373 9264 2838 2846 171 4290 6925 6682 2276 1116 5132 8296 3330 9302 6251 9163 9990 8096 2586 5886 8217 7272 9579 6845 8599 2669 8436 8812 44 287 5701 9545 2190 2676 6353 5795 4215 8461 9980 4552 3922 6589 8171 1818 7816 3144 5732 1798 4921 2287 6209 8986 5757 9544 9747 6491 1306 7817 5473 7489 9309 4433 3977 5127 5497 768 3779 4931 4091 1843 2398 2534 4749 3870 1605 7843 7021 8567 4795 5943 346 5946 370 6716 9373 98 9206 9733 9614 1927 7809 5491 8815 2531 3868 7367 1752 3471 5477 3600 9651 4542 4344 8400 1800 3629 9508 371 4821 8659 8958 9530 9826 4431 3538 1118 9889 8499 2700 367 2777 5814 8468 7508 2935 8388 6340 9566 2506 2931 4094 6156 8432 5135 4615 4181 5038 1600 4156 8390 117 7155 8288 6518 2553 2855 9197 7169 7686 2404 7119 6243 7737 4141 2587 1262 7961 3891 5232
4176 5258 8846 7362 5589 2285 854 2831 4667 2288 267 2252 3646 7356 6483 2229 5023 3921 83 0 7777 5881 1046 1696 1594 3192 6848 7732 3814 4076 6758 492 1844 1970 3452 6349 3138 4591 3285 9410 3346 689 8292 7838 5929 6601 5209 6549 3691 6709 6217 7990 9684 5381 7924 9225 3767 7965 257 3778 5739 2354 2823 5657 5648 4325 7076 2832 6249 5758 5994 6489 3664 3462 8548 2004 1303 7487 5301 731 6254 1828 3983 1532 8148 744 717 2586 9814 4624 2664 9679 1643 9744 6944 2577 3846 3930 4666 5918 6742 2808 1265 7460 700 3287 9109 7980 5388 19 5654 9020 1042 1560 2762 3770 9062 6451 670 4434 4302 4804 4919 4630 145 3711 9801 4893 2892 563 4691 6296 8199 2443 8206 7240 9666 1196 9026 4702 4497 5143 9047 2143 5892 9535 9574 4890 7587 8974 7062 775 6370 969 1094 1361 4496 5289 1328 890 6523 1876 9717 3374 1405 6443 5387 9155 1349 8177 3632 7146 6445 1422 6973 2279 9933 7875 7567 8248 9311 4408 7750 4510 8175 6228 7513 9737 3704 6671 76 8725 6903 835 213 9114 1008 3801 3038 1450 5895 2458 7571 5009 5013 3032 1827 9539 7773 7822 4997 5443 5648 9603 5141 5649 5021 9189 4146 7402 1470 9640 1667 3482 6152 5651 7407 5136 5086 4090 2641 3569 793 3870 8590 2964 4938 2781 8053 3735 5773 9364 5398 1718 6976 8558 1016 6950 3616 9669
9933 9800 407 577 3131 4555 702 7352 8454 2618 5541 160 6635 4083 6110 7558 5636 1747 2769 7777 0 5994 9093 3194 8344 8561 487 3911 5338 6914 2962 8427 6648 8915 9212 4193 2351 6082 6532 6865 8997 360 2021 2628 5721 6782 4340 1884 5155 1090 8031 4891 1337 4887 1742 1423 7414 3349 8495 5069 8567 3441 7092 4703 4237 8023 5831 3557 6460 7429 7378 2107 2531 5689 5678 7208 2101 4379 5739 2119 6569 1810 7550 2612 9116 7477 1277 9008 4356 1173 1191 810 9719 3794 3290 1956 5452 2176 7830 9282 9713 6882 3891 5434 2618 5500 1637 2017 2843 3909 377 2471 9954 6708 4317 7464 476 2221 4439 2389 2522 7264 2409 1901 2094 8972 7147 6399 6426 9473 3821 8194 8971 3801 9919 2434 883 9216 8033 1392 6647 1103 5269 2581 4585 6912 9430 5984 23 6212 5653 4942 9910 2537 4155 2283 6409 1639 7050 6408 9779 9962 2452 7086 1635 3537 4960 7743 4001 1281 9351 6997 992 5842 1109 160 1647 5970 8334 3599 1286 9586 6107 7194 5157 9481 2896 1806 1045 914 4600 6771 7165 6973 1829 7896 1626 8762 4555 9845 6620 6876 347 5729 3563 2547 4626 4625 8821 566 2574 8895 8945 7870 6226 570 8206 6368 4502 58 4269 6 1283 1327 4290 6424 6933 77 7071 8349 9149 7163 486 2314 4596 5374 7312 8561 3758 8849 6784 4599 613 6736 2464 4952 7791 1675 2375 3446
6831 6680 8883 2944 3402 2420 1454 6151 8836 5988 2412 9910 1680 6614 1076 8413 8182 5952 6822 5881 5994 0 6169 7288 7939 2186 3575 5047 1785 1903 7495 8656 4496 6721 7291 3064 1728 3376 2065 2681 2983 7 9013 2249 5050 2160 6040 7519 2991 2449 9421 9846 1500 7226 9524 2830 2746 8185 3476 6447 3336 4785 4394 9349 1565 1693 5191 820 8962 9470 1458 8980 7557 1949 6420 3353 3474 5351 2481 7002 3352 8119 7124 2048 8046 887 5396 9068 1855 7443 7743 6528 7144 2713 3029 4325 1265 787 7213 213 6423 8856 5714 1636 92 2314 6703 1627 7946 6784 9139 949 635 9378 9570 5412 4757 7399 6407 901 3874 9206 5983 7801 8001 2764 1939 7113 8105 4969 5539 9138 639 4467 9300 7032 355 6206 516 3463 3019 2392 4691 4388 7093 1347 9616 9040 7428 9948 6126 1675 2463 1366 3161 1822 5626 3296 1784 3981 2973 8181 2018 1003 3189 6544 3000 9231 2697 2731 7131 4402 2736 7033 5987 8117 3976 3872 24 4233 6485 2763 9820 2568 4991 8839 1644 3557 2905 4248 8153 712 3756 5139 2148 7016 3118 7328 3536 730 3579 5013 1539 6079 6105 1944 388 4465 8719 4422 9291 6799 4379 9705 252 1684 6702 5936 3763 4369 6434 3403 9392 2301 3081 8355 1961 3322 2473 882 6443 1600 9395 6051 3606 7716 8616 1081 7780 1236 4814 6250 1949 927 7357 1054 1159 5693 697 9441
666 2664 6627 4101 7454 2375 448 2891 8330 9285 4790 1440 7125 9452 6890 3218 2814 5626 6981 1046 9093 6169 0 2605 223 1163 878 8159 608 829 1803 337 4769 5907 2535 6374 7165 652 930 5384 429 9933 2381 823 3262 6716 2480 6314 4249 7121 482 6845 2121 183 4604 1610 5318 398 1830 9843 9804 6549 5858 3188 6690 2615 474 3012 4988 916 1550 2170 3972 4705 8525 426 6166 9347 3973 7313 398 379 3572 3537 1839 5061 6670 498 2901 8637 2442 1625 3086 8487 4019 216 6264 7428 7060 3608 4795 7808 3527 9269 9455 8403 4464 2486 145 7718 591 5456 5041 2584 1273 2059 8598 1289 8364 6455 6757 4307 9631 7002 9508 3799 5805 752 1739 8089 5207 4747 1258 8193 4062 617 7722 1436 7945 1898 1126 9737 3060 2157 2928 1045 1876 7325 8565 499 6386 6325 8384 1457 2196 2616 6821 9443 9617 2305 8312 9514 7616 5045 8093 3654 8796 7029 9882 5469 5029 9913 4158 2321 1360 9897 9497 7260 2180 3434 5932 3460 4602 436 8838 2925 3615 4210 6299 1165 8784 1218 420 3757 4367 6290 54 9335 4259 2926 9673 6185 1751 3036 1714 9863 5455 3389 1055 1956 7725 2575 4418 5489 9843 4847 5339 6314 2024 272 8583 471 2180 2647 4564 7027 6913 2544 4859 3486 5630 9412 2846 2617 4712 2944 6288 9039 2403 2092 1883 7334 6628 2644 9298 6535 8188 1193 6850 844
6542 4940 1213 4274 5387 1106 9748 181 7951 3650 5467 2494 8220 1579 6660 1296 8071 5740 6535 1696 3194 7288 2605 0 3132 7652 4854 4168 2798 4232 583 8884 6133 8210 800 1616 3028 2768 2688 3286 2695 1932 9946 6208 1254 2192 5068 3527 9265 5004 3371 4914 6579 6192 754 5827 2616 4167 8444 3760 7321 6916 8877 6614 9973 5111 7120 7127 9124 6972 8967 9109 398 8701 8587 163 7981 6867 5315 4356 8066 5135 5884 4341 4327 404 9936 6170 5391 5764 541 823 9896 7542 7525 6745 6339 7071 6834 8271 3718 9652 5776 1920 3807 2207 3712 3983 8187 9199 2434 1093 2504 7726 636 7420 1525 9155 2456 1588 6446 736 9044 3783 1289 537 8903 2815 2672 1844 556 5295 3051 1721 1370 7423 7041 1290 6728 9327 4959 7998 9415 7966 1585 9128 5168 4185 4518 9042 9426 9611 5461 8659 9106 4694 8873 6698 5937 1402 3169 7876 1434 730 9594 9125 9753 5701 3422 9275 5696 1777 8470 9643 3863 1347 4169 2879 1203 3315 581 936 2416 285 8259 4020 3938 1344 8192 6597 8144 3216 8662 2376 6732 4616 6337 1404 1554 5344 1175 4572 6392 101 9115 7360 7654 2042 9820 3454 7728 7375 9287 2466 815 8449 8577 8727 9130 2978 1659 6429 8789 9613 9373 388 9171 9858 1912 8081 3228 136 3880 6748 3686 5895 8385 4366 8004 4947 771 7733 4787 972 5106 3088 7107 317 4296 5195
8038 6805 9710 6683 8744 3344 6589 5315 5526 5125 3604 2024 7395 3581 9881 4664 7321 4189 3732 1594 8344 7939 223 3132 0 490 2256 4440 3021 7640 8183 9276 8685 6190 4174 3229 9386 6653 9231 3173 8580 5556 6385 6135 7568 7751 1598 2237 9445 4375 5057 2261 6270 9864 8894 8890 2902 3477 9384 6497 7972 6069 950 681 1535 1267 1444 7794 3659 20 2357 3182 7123 2828 7623 9673 5516 3046 5706 1625 9388 2048 381 7960 6126 6186 9760 1021 7527 8156 5562 3010 4055 7069 7676 2307 1138 1830 2355 5672 8287 7744 6468 5700 1290 7670 6868 6906 586 5633 2982 332 9709 8529 3123 7014 6076 8816 4845 1058 695 1894 3606 9374 1883 7975 1222 2160 9299 6979 6916 6865 6174 3877 235 6848 5588 336 5946 4432 8813 9526 8897 4312 8268 4279 4397 178 5173 4307 3866 301 6034 2435 6127 5767 2397 2830 9760 6801 6502 4454 6012 3987 6054 6876 9746 7815 3651 6441 8759 6283 8378 2078 7962 2445 5724 6993 1980 4610 3871 1336 7120 9638 6377 514 7704 2857 7865 3189 1177 5846 1759 6527 3669 4097 7204 8388 435 7749 9580 1111 9820 2466 2763 9316 250 346 2722 3433 3603 3153 7238 5966 7415 9169 4965 7467 7429 7556 1140 1533 1790 3428 6984 8442 3553 6915 5294 8834 6992 7339 5642 2492 5048 4853 4721 2580 8446 9804 6616 30 4141 2129 1967 3668 1962 1548 466 7301
32 682 1775 4495 7927 6201 7886 4368 7878 8751 3581 9314 7179 5246 9634 7090 9497 1471 2918 3192 8561 2186 1163 7652 490 0 6715 7668 6732 1138 6383 2568 9609 7510 3044 2371 125 3059 996 9132 3028 2404 791 1734 2711 704 1807 8936 359 1899 7965 3176 5741 4812 8672 7716 8672 5615 3360 6367 8504 5539 4590 9700 8156 5708 3906 5889 6600 2804 1086 5207 1693 8818 2619 9388 6090 4316 7302 4482 6815 3505 4464 8469 7260 5592 1582 2018 4705 4286 3690 7982 8302 8067 8244 3647 5939 8218 9478 9784 9992 8377 6367 7814 678 2386 4796 9656 4441 5998 1942 7669 6360 3028 5474 5955 5734 3673 8282 7493 1121 2997 8850 9115 8634 9752 258 36 9417 953 8266 6408 3084 9895 9797 2100 8496 6116 8587 1581 5208 9530 5164 6572 1801 1450 2336 5509 8063 834 9859 41 2139 8511 8780 7077 4166 3120 8347 9057 2747 9344 1407 4160 4573 8201 995 2130 6930 4887 732 4872 781 763 4638 2634 7440 1947 9430 2563 3300 9913 4378 8765 8365 7975 9633 767 658 4582 7534 9523 6101 2154 5178 5021 1424 5288 8907 9155 78 1563 4140 2445 5699 1356 2744 615 1321 5354 9101 2666 9550 4547 7093 9028 5123 5456 408 2213 1891 8776 6606 7812 261 7970 1049 1741 3609 29 8790 7300 456 2151 5899 225 3644 3348 3595 9488 3004 3051 8879 6566 2360 8109 2601 6069 165 6297
6062 2191 10000 3752 395 4322 9015 62 2393 5130 1496 1081 7699 1436 1502 5694 554 109 4234 6848 487 3575 878 4854 2256 6715 0 1646 4264 4159 4432 769 2492 5332 1800 6390 3065 3072 5142 5066 7861 8372 6326 6015 3614 175 6087 9110 1239 6713 1649 8564 1561 8244 2514 9384 8446 2073 602 4656 1966 9637 672 5704 1380 8887 3210 6803 2035 7093 5580 9659 2351 1391 9947 8726 1699 3340 7491 6808 1049 6365 5634 909 8146 3474 3158 558 8183 3231 6895 5900 2233 4162 9365 2634 2010 736 6377 587 8447 1894 4083 1315 856 6737 9839 6399 8774 143 8529 6521 9806 196 5177 8909 1548 1776 6553 7351 1187 7179 9601 6168 8556 7836 2438 2471 3630 9917 6420 4650 964 8086 7996 6039 9665 5688 5323 8303 571 8903 4657 2681 7902 6488 7020 537 4913 6733 2069 8375 3506 7726 1875 7611 2057 3253 1076 2841 4365 362 1952 9581 6283 2730 8642 4326 7271 3086 6071 6475 9022 1031 7139 8322 3216 5865 2274 6455 6961 2556 108 7096 549 4981 7355 9980 4398 6905 7033 1581 1180 6092 9733 5264 8799 2105 8468 5133 491 6358 8465 3392 2643 1837 4435 3378 5585 3197 6324 437 3976 5483 6541 6981 6575 2250 2249 7586 6735 6283 383 2290 81 3341 477 2765 6058 1665 2858 5103 3123 2534 7853 1383 9689 9630 7986 3841 6173 7591 8569 1939 1039 1174 4093 5202 5024 2922
2180 4319 3292 1051 3937 5375 7787 5853 7692 1511 2652 7002 7857 38 9445 6650 9240 632 6837 7732 3911 5047 8159 4168 4440 7668 1646 0 4252 6360 9453 8391 5493 4 7008 3807 6488 6850 1243 9597 5928 3519 8845 3067 4773 4574 6968 1541 6419 7546 2875 5226 3901 9141 1217 1121 8809 7342 8397 1313 6168 9847 6705 9936 8587 114 3013 6906 2580 9107 572 6758 2650 4245 552 298 6349 7444 3265 1933 5328 6455 2053 3082 1369 844 348 5973 9620 6906 4039 3465 9475 6731 1817 9490 2903 2100 9635 936 8915 4349 1320 9887 6488 1556 3796 1934 8932 116 8530 9273 3794 195 796 1726 8445 3895 45 592 5389 7689 9366 2931 7081 8086 2677 2038 3158 7890 86 1967 6187 7913 2783 226 5926 8693 1142 9251 1407 5819 3767 1877 493 6100 3801 7518 299 3935 7130 6125 8240 257 9413 9164 3678 3426 2912 5149 2764 7312 1238 80 130 8423 899 4219 2660 9795 1740 7328 2838 662 827 857 9804 585 1962 19 9831 8893 4879 2323 1065 6972 9236 3165 1990 4043 4772 5438 5079 2508 5234 3489 5460 858 2289 5588 2446 5269 5744 856 5576 1268 3491 3208 6801 1276 942 6991 762 6817 2970 5323 1833 2670 2127 2185 8625 6332 9522 870 9434 6084 4378 7996 4393 3925 2753 4551 7746 192 2400 5938 3967 2139 6356 2993 7461 2156 8644 1851 2020 4369 8017 5201 3415 8661
1284 8838 6655 9169 8612 4277 4005 9026 41 8762 5767 6785 768 2157 5338 9477 2867 8434 6128 3814 5338 1785 608 2798 3021 6732 4264 4252 0 8100 4441 2520 2403 6289 1672 4860 6288 9464 2581 5270 4102 7514 7091 8364 9697 7782 9790 9410 383 7396 3028 9688 4586 1866 4305 6551 6238 5933 2133 9686 1931 9437 473 4878 9131 3938 4092 2119 8845 5429 3083 7416 194 6076 6421 9127 313 473 7921 8250 563 7293 7538 8093 1968 3898 9159 5121 287 1443 6459 768 6942 6651 2864 8684 6000 6992 9875 3238 2058 568 856 4627 15 3824 473 9862 8969 2959 1051 5477 5225 9120 9036 3876 2395 9639 2375 1084 6381 7754 3561 7234 9836 3482 2585 8652 9667 3340 2455 8719 5515 1079 6261 7376 4958 2538 6327 6390 3489 1156 3535 2011 8281 9057 4346 9978 9489 87 3813 2506 1365 7329 391 419 3502 585 3482 9515 2427 7946 2021 5885 3137 6475 5460 8876 3786 8930 8534 2914 123 9390 9959 2807 5646 1780 2965 5127 7788 7384 3639 5696 1812 1463 5082 7418 36 4666 2139 2170 4660 5025 5069 5332 21 4469 7227 4217 2003 9261 1911 3281 5963 3 3366 6154 7964 551 9689 7671 1512 5381 8737 1282 6558 4394 1417 1664 4328 406 6444 1390 8426 5540 7788 7586 4598 7429 8443 8195 5534 673 6236 1846 6306 2335 4239 5993 4749 7628 1768 8326 9979 6094 2638 8282 1562 9205
7136 3750 3846 9003 1107 619 9478 6739 894 1084 2930 4858 9183 8189 70 1058 9466 6007 7548 4076 6914 1903 829 4232 7640 1138 4159 6360 8100 0 7401 8415 4684 2619 5454 7522 2995 3393 5217 8587 5095 4750 9427 3061 7318 7919 5363 5192 4282 2616 9102 6671 4369 3474 9206 1932 1264 5120 1941 7072 4103 5660 822 3045 6029 7952 9295 6043 8298 6820 837 2182 8908 1009 7339 6806 9378 7722 7097 2505 6324 7006 6111 1437 3 5262 4958 9533 3121 8568 848 7674 9055 9868 486 1378 9856 2061 5759 271 5407 7034 6869 1205 7254 7007 4986 2760 9137 4633 8823 5121 905 2025 7392 8625 9194 3640 5949 4080 7140 3551 6313 8509 2293 4500 3758 9085 9660 4917 1968 1131 9357 324 5341 9878 9710 1926 3162 6945 1625 7284 1852 9143 6704 8676 1824 4914 1636 7345 2642 2668 4962 6224 5501 2748 2280 7939 9805 3854 8308 2716 5545 4557 5871 6273 2963 8339 8171 9954 230 7348 6419 9962 9358 4186 7514 7412 6106 587 8839 8026 1935 312 3184 9509 3024 1372 7832 7930 9179 9421 2387 5249 6979 226 4387 4343 788 1819 7059 9387 7528 5377 9629 1056 334 729 4585 2807 6807 1297 4766 410 651 3275 1837 2881 2965 2952 19 5636 1267 6399 9476 9545 4195 5600 9152 1285 5416 626 306 1515 8641 9747 2389 2130 3403 3038 1587 1276 1621 6241 2352 5598 3528 5785 2616 4890
3724 3421 2095 2494 1751 7858 7826 3126 6543 1707 4005 7586 8004 1318 6664 6163 4386 8095 7202 6758 2962 7495 1803 583 8183 6383 4432 9453 4441 7401 0 2270 4173 6423 4173 5115 6930 7199 7590 5474 4966 2699 6963 5568 7802 989 3769 3321 9112 1931 7489 5734 2529 3135 7116 724 5837 9192 3193 7246 1023 1277 6192 4129 3765 3777 1038 5930 7491 6144 7270 3482 5404 2703 2833 6543 7440 3951 6 2394 5800 6244 1013 4761 1349 1006 5126 823 7658 810 6223 6916 2748 3097 5766 8179 9137 2460 8462 2108 1657 7611 1942 5458 8903 4943 9720 4 906 9473 3695 2969 846 8389 6274 1837 2645 688 2796 6402 7891 9228 8650 4896 9226 8053 7638 4173 7670 7410 3449 4203 3685 7317 9003 7534 8778 1440 6571 9521 7678 7244 1855 2111 9054 2468 515 9446 5049 6071 6932 5789 9261 8196 1615 6145 2372 605 6836 5012 3538 4289 1461 3160 9872 1348 210 1216 1667 2269 2397 9599 812 7077 1787 4622 2496 1747 9833 7559 2414 2698 9944 1868 260 1411 736 7300 6716 6100 7226 4469 8251 9625 3607 9176 4022 8574 625 5262 2831 813 6708 7961 3940 1097 8588 2554 1219 9519 3573 6818 7713 790 5933 141 1799 2772 1536 4330 3543 5449 6253 3557 1558 9444 7859 4793 200 5547 3416 6206 9185 7967 7894 6713 6196 1907 1098 6838 7464 6912 5383 5980 6906 2880 1411 9286 909 9669
2518 446 8933 5475 8120 650 7803 3557 2889 8662 8608 7660 2400 9261 4144 4205 8231 5818 5414 492 8427 8656 337 8884 9276 2568 769 8391 2520 8415 2270 0 9204 140 1849 9840 369 2119 6560 2313 4185 9982 6173 2613 4452 2631 474 2910 1887 7413 5788 2506 748 211 4047 4286 212 2504 5831 3135 1821 4127 7733 9760 7922 1106 2570 8543 2648 2284 7266 7022 5685 9932 9038 4556 5669 4406 114 6749 7421 1459 390 7870 3827 9574 749 9728 8288 7113 6172 8854 1843 7514 7943 9571 5302 5075 8469 129 9097 2539 5860 2318 9217 4751 408 2107 6125 2020 2297 2115 9521 836 7521 804 9590 9590 2134 3304 3006 7394 5366 369 7286 8529 6163 8581 9024 86 999 4161 9180 4964 6515 6994 1628 2094 4956 7122 5932 9135 9999 9709 3207 7180 1554 8496 5747 3581 9472 6986 7452 6412 4072 3238 5478 9255 7159 9628 3983 7870 1557 1092 8135 2532 7561 1695 5084 4181 3340 2829 6823 1117 3695 9312 8943 3752 82 9373 3638 3006 1880 507 2375 2857 9423 27 3505 5462 9025 1607 6387 101 9580 4491 7935 5509 163 3809 8114 6277 7889 87 1469 6838 6940 3320 3840 4850 7592 3048 8027 527 4825 6346 7484 7828 6899 6173 4949 5986 5927 827 4268 7380 9038 8497 9850 3353 2729 1262 5780 436 1266 2040 9792 43 1491 8298 7790 1788 3952 3033 753 4818 636 9882 2826 7791
