50
0 890 4283 4670 9213 6640 203 5651 7368 2439 9852 3607 8928 3723 9873 5088 1759 9139 6970 3644 8842 3625 7173 5462 4901 3141 9456 6071 5280 4811 9800 1654 934 5079 1730 1831 8605 8086 2139 8646 4651 5175 2024 7288 1139 4238 4265 484 8741 3854
890 0 643 464 7917 1890 8773 4052 9832 1498 3811 7079 339 6172 8324 6303 6063 8152 4602 7569 2609 9883 1248 6751 8870 8598 4090 3073 7270 8690 2661 1300 4947 5156 354 2478 8568 8213 2191 1339 517 3463 2107 3308 4625 5787 1145 416 605 227
4283 643 0 2267 6540 1729 5698 7719 7358 5342 136 2667 173 8926 6378 8477 1237 728 6850 2088 4515 7801 3744 9153 7531 5867 191 3582 4374 3051 8635 1495 887 253 1204 1832 8376 3434 2269 6237 9179 8828 3896 4898 8628 3663 8586 4236 202 6847
4670 464 2267 0 9789 5743 1515 7685 9597 9707 6960 9002 9291 314 7828 7310 473 3157 5310 4005 7909 9584 189 7201 4526 1899 4894 4382 9790 4105 8235 1874 3647 9631 7969 878 5429 4872 8754 2523 6968 9334 4752 1082 6984 3107 7376 9289 6949 1262
9213 7917 6540 9789 0 8531 6871 7436 1981 6106 2927 9095 9587 9877 6295 5735 2133 837 7306 9733 7224 6206 4579 4762 3565 3193 2003 6030 8706 6130 8495 6554 171 5952 8538 1837 3267 3603 5742 577 8479 2122 8228 4223 8021 150 7430 8095 4249 8893
6640 1890 1729 5743 8531 0 8334 1975 1043 6765 9745 5558 3706 3803 3726 7970 8668 2542 4800 8030 5975 3694 6002 4130 2209 7113 2774 5892 3207 1783 8353 208 4665 1555 6031 9033 3022 4397 7215 7135 7599 136 9440 3910 8892 3666 3903 5465 2178 9995
203 8773 5698 1515 6871 8334 0 9422 2555 5902 5229 4307 3847 1690 401 4900 743 5195 112 3905 8225 8316 2592 5340 3397 7834 924 2776 3292 5113 1546 2682 2463 3345 9232 2163 5144 8975 6138 6451 8654 1929 1211 7702 1435 1919 5359 7513 2861 8389
5651 4052 7719 7685 7436 1975 9422 0 3008 7354 6533 7950 6936 7565 3339 9657 5158 5085 5556 4101 242 1488 3266 6330 4368 1612 542 9570 3150 3329 5248 2974 2584 244 7464 858 3276 1261 2340 9776 1559 3958 4687 2372 5376 8405 620 9109 5335 2024
7368 9832 7358 9597 1981 1043 2555 3008 0 6193 1500 2702 1327 3816 8762 4906 2518 5920 5518 8383 8780 5448 8767 7683 1213 8973 6899 7283 4179 4999 6807 1218 6003 3648 8189 1431 9161 6181 4894 8371 905 8112 7900 1895 5404 6981 8817 9211 8516 5201
2439 1498 5342 9707 6106 6765 5902 7354 6193 0 7242 5118 8639 9359 543 793 2438 9013 5267 3518 2079 9521 2879 48 2507 3649 3178 9051 5218 7948 613 5499 2643 1957 4381 953 4329 8168 8179 1009 6992 8117 9528 5519 7092 1054 278 766 8274 3308
9852 3811 136 6960 2927 9745 5229 6533 1500 7242 0 2532 3370 4024 7566 862 6931 2928 9451 6491 5711 1038 9007 5223 5272 8877 6545 8425 2878 2362 1702 6191 3258 2010 5707 243 5081 6744 1061 7074 3144 8666 8263 7122 2495 884 7046 2743 6639 7569
3607 7079 2667 9002 9095 5558 4307 7950 2702 5118 2532 0 8290 316 2885 643 8886 1295 2150 7786 6909 4081 1774 9025 4811 2437 881 7842 2750 2115 2573 6917 7593 2415 216 8121 860 6022 8751 9775 3715 8153 9335 4397 7575 4104 892 6592 7720 3561
8928 339 173 9291 9587 3706 3847 6936 1327 8639 3370 8290 0 5610 8026 9178 5493 5164 2864 1922 2750 1677 3465 1600 8856 1134 1457 1662 5864 3586 5599 5765 6159 6040 4072 2483 7934 3729 2908 7225 4270 9975 2395 8389 9035 5299 9505 5815 5161 6788
3723 6172 8926 314 9877 3803 1690 7565 3816 9359 4024 316 5610 0 8993 8700 2758 2500 5354 1499 3830 6436 8425 255 6982 3715 6084 7770 2473 4939 8030 6239 3430 5298 2396 6120 9717 6032 355 8363 4135 4945 8771 7563 1887 635 9099 6967 8955 3237
9873 8324 6378 7828 6295 3726 401 3339 8762 543 7566 2885 8026 8993 0 7658 4818 8005 4424 6525 280 3756 5392 8256 4143 7111 316 3501 1799 1230 5569 903 3437 9041 9320 2922 8676 2462 8767 5140 7685 5778 7141 4365 3303 1316 8810 9548 6933 4065
5088 6303 8477 7310 5735 7970 4900 9657 4906 793 862 643 9178 8700 7658 0 782 1342 3059 8755 4774 2107 8794 4203 4435 7662 3183 2588 6573 9858 9598 8000 4388 856 5710 7980 6569 536 6510 9504 6198 4505 2301 581 5031 8492 4254 7060 349 8236
1759 6063 1237 473 2133 8668 743 5158 2518 2438 6931 8886 5493 2758 4818 782 0 4953 2651 4389 2043 9152 7430 4992 5858 7728 6173 9551 4167 9718 2053 8946 3437 7931 1255 1765 9665 7313 4021 1741 4855 4476 7019 7932 9622 8997 591 291 1823 1278
9139 8152 728 3157 837 2542 5195 5085 5920 9013 2928 1295 5164 2500 8005 1342 4953 0 3276 3808 1432 5940 2659 7284 2716 4047 9607 8023 1367 1594 8518 683 9767 4789 7608 8596 5273 9098 5215 9340 933 1076 3818 8573 8985 1613 8234 6513 3101 7073
6970 4602 6850 5310 7306 4800 112 5556 5518 5267 9451 2150 2864 5354 4424 3059 2651 3276 0 5687 8293 6015 2647 4712 546 3595 3041 9989 3134 4063 1215 4021 1836 869 2299 8603 1126 1766 2338 960 273 9778 330 9544 39 212 8174 2462 1290 774
3644 7569 2088 4005 9733 8030 3905 4101 8383 3518 6491 7786 1922 1499 6525 8755 4389 3808 5687 0 6669 854 5277 3146 2858 9952 1712 667 5947 2352 909 2119 3227 8870 4366 7389 2338 327 8997 1905 7072 9572 6306 6535 1035 4870 8951 8910 5489 3923
8842 2609 4515 7909 7224 5975 8225 242 8780 2079 5711 6909 2750 3830 280 4774 2043 1432 8293 6669 0 352 6275 9520 9765 8089 6227 2744 1028 7500 7444 7769 2295 2501 247 970 2290 2830 9232 1147 4633 9687 4663 1737 1002 3389 8400 3744 3060 6739
3625 9883 7801 9584 6206 3694 8316 1488 5448 9521 1038 4081 1677 6436 3756 2107 9152 5940 6015 854 352 0 8228 9802 3229 9360 9684 4374 3929 2462 9560 1757 6973 154 1702 9443 6630 9475 7612 9072 3078 3446 412 9584 6611 8179 9396 8272 7656 6081
7173 1248 3744 189 4579 6002 2592 3266 8767 2879 9007 1774 3465 8425 5392 8794 7430 2659 2647 5277 6275 8228 0 994 3531 8037 882 3296 3251 8138 3089 6293 7241 2605 3045 4923 4985 1164 6047 5191 8949 1730 7720 3371 6996 712 7369 2283 9575 3674
5462 6751 9153 7201 4762 4130 5340 6330 7683 48 5223 9025 1600 255 8256 4203 4992 7284 4712 3146 9520 9802 994 0 6841 947 4942 2955 3550 7629 5496 6879 1021 9662 2670 634 6751 5441 6255 9423 7087 5583 7660 4092 7628 7840 6818 4340 2862 3704
4901 8870 7531 4526 3565 2209 3397 4368 1213 2507 5272 4811 8856 6982 4143 4435 5858 2716 546 2858 9765 3229 3531 6841 0 2723 4895 5790 5942 8595 6541 7967 5901 2114 2157 6625 3860 553 7629 7347 7961 4234 7615 6334 3317 5013 1117 2252 9423 7027
3141 8598 5867 1899 3193 7113 7834 1612 8973 3649 8877 2437 1134 3715 7111 7662 7728 4047 3595 9952 8089 9360 8037 947 2723 0 8635 5979 839 345 1774 7029 801 7789 7689 6998 4404 8774 3124 9778 3690 8419 7028 1862 3892 8247 616 4364 2643 8022
9456 4090 191 4894 2003 2774 924 542 6899 3178 6545 881 1457 6084 316 3183 6173 9607 3041 1712 6227 9684 882 4942 4895 8635 0 4998 7708 2174 3499 6118 4850 3189 1505 4442 8086 3133 9162 4758 9929 9051 2593 9785 5562 6273 5025 3899 656 9833
6071 3073 3582 4382 6030 5892 2776 9570 7283 9051 8425 7842 1662 7770 3501 2588 9551 8023 9989 667 2744 4374 3296 2955 5790 5979 4998 0 4156 4407 9419 19 8370 8465 3317 6451 408 4169 7441 8902 9788 126 7465 5972 3083 6575 3301 7440 4921 848
5280 7270 4374 9790 8706 3207 3292 3150 4179 5218 2878 2750 5864 2473 1799 6573 4167 1367 3134 5947 1028 3929 3251 3550 5942 839 7708 4156 0 2557 7950 1681 750 7814 4898 2739 8330 2315 3243 2718 9504 5787 7381 9820 2322 1937 6861 2576 566 8836
4811 8690 3051 4105 6130 1783 5113 3329 4999 7948 2362 2115 3586 4939 1230 9858 9718 1594 4063 2352 7500 2462 8138 7629 8595 345 2174 4407 2557 0 24 4458 2592 3736 1903 8094 8384 3001 274 3167 1581 1183 5263 439 3967 4934 2833 8004 3104 9847
9800 2661 8635 8235 8495 8353 1546 5248 6807 613 1702 2573 5599 8030 5569 9598 2053 8518 1215 909 7444 9560 3089 5496 6541 1774 3499 9419 7950 24 0 5973 1078 773 3017 5124 6555 3647 4922 785 4203 3248 1401 6914 6221 9095 208 4441 2243 7288
1654 1300 1495 1874 6554 208 2682 2974 1218 5499 6191 6917 5765 6239 903 8000 8946 683 4021 2119 7769 1757 6293 6879 7967 7029 6118 19 1681 4458 5973 0 9851 7419 418 9589 131 3683 4218 7915 6461 818 2390 220 4182 941 9529 3119 9086 6868
934 4947 887 3647 171 4665 2463 2584 6003 2643 3258 7593 6159 3430 3437 4388 3437 9767 1836 3227 2295 6973 7241 1021 5901 801 4850 8370 750 2592 1078 9851 0 4740 6138 5475 5158 2767 6631 6781 9499 8876 1799 3184 137 7243 5682 9332 2955 4695
5079 5156 253 9631 5952 1555 3345 244 3648 1957 2010 2415 6040 5298 9041 856 7931 4789 869 8870 2501 154 2605 9662 2114 7789 3189 8465 7814 3736 773 7419 4740 0 896 419 7011 5469 6198 6915 9946 7228 7193 7922 5384 3192 8753 9323 7548 779
1730 354 1204 7969 8538 6031 9232 7464 8189 4381 5707 216 4072 2396 9320 5710 1255 7608 2299 4366 247 1702 3045 2670 2157 7689 1505 3317 4898 1903 3017 418 6138 896 0 9362 2652 3590 7056 1473 8594 6476 5985 4842 1248 9079 1097 9779 3567 9935
1831 2478 1832 878 1837 9033 2163 858 1431 953 243 8121 2483 6120 2922 7980 1765 8596 8603 7389 970 9443 4923 634 6625 6998 4442 6451 2739 8094 5124 9589 5475 419 9362 0 2726 3810 3619 5359 9372 3842 3814 2615 6380 4173 3854 8208 6460 651
8605 8568 8376 5429 3267 3022 5144 3276 9161 4329 5081 860 7934 9717 8676 6569 9665 5273 1126 2338 2290 6630 4985 6751 3860 4404 8086 408 8330 8384 6555 131 5158 7011 2652 2726 0 5272 5249 4358 112 2205 4160 7793 4982 6120 3116 6962 1248 7736
8086 8213 3434 4872 3603 4397 8975 1261 6181 8168 6744 6022 3729 6032 2462 536 7313 9098 1766 327 2830 9475 1164 5441 553 8774 3133 4169 2315 3001 3647 3683 2767 5469 3590 3810 5272 0 918 6558 3848 2302 837 1898 7424 2206 2807 5227 823 4837
2139 2191 2269 8754 5742 7215 6138 2340 4894 8179 1061 8751 2908 355 8767 6510 4021 5215 2338 8997 9232 7612 6047 6255 7629 3124 9162 7441 3243 274 4922 4218 6631 6198 7056 3619 5249 918 0 6262 3960 8336 287 255 9734 8897 6005 495 7975 2334
8646 1339 6237 2523 577 7135 6451 9776 8371 1009 7074 9775 7225 8363 5140 9504 1741 9340 960 1905 1147 9072 5191 9423 7347 9778 4758 8902 2718 3167 785 7915 6781 6915 1473 5359 4358 6558 6262 0 1900 1661 3009 9454 7656 3479 4781 501 5206 2970
4651 517 9179 6968 8479 7599 8654 1559 905 6992 3144 3715 4270 4135 7685 6198 4855 933 273 7072 4633 3078 8949 7087 7961 3690 9929 9788 9504 1581 4203 6461 9499 9946 8594 9372 112 3848 3960 1900 0 557 7621 9413 5045 960 5646 3832 6569 9265
5175 3463 8828 9334 2122 136 1929 3958 8112 8117 8666 8153 9975 4945 5778 4505 4476 1076 9778 9572 9687 3446 1730 5583 4234 8419 9051 126 5787 1183 3248 818 8876 7228 6476 3842 2205 2302 8336 1661 557 0 1932 8732 9305 1068 2713 7795 2651 914
2024 2107 3896 4752 8228 9440 1211 4687 7900 9528 8263 9335 2395 8771 7141 2301 7019 3818 330 6306 4663 412 7720 7660 7615 7028 2593 7465 7381 5263 1401 2390 1799 7193 5985 3814 4160 837 287 3009 7621 1932 0 5260 4931 975 4916 7040 8375 9754
7288 3308 4898 1082 4223 3910 7702 2372 1895 5519 7122 4397 8389 7563 4365 581 7932 8573 9544 6535 1737 9584 3371 4092 6334 1862 9785 5972 9820 439 6914 220 3184 7922 4842 2615 7793 1898 255 9454 9413 8732 5260 0 1879 509 892 6573 4133 3892
1139 4625 8628 6984 8021 8892 1435 5376 5404 7092 2495 7575 9035 1887 3303 5031 9622 8985 39 1035 1002 6611 6996 7628 3317 3892 5562 3083 2322 3967 6221 4182 137 5384 1248 6380 4982 7424 9734 7656 5045 9305 4931 1879 0 9587 948 396 6887 5386
4238 5787 3663 3107 150 3666 1919 8405 6981 1054 884 4104 5299 635 1316 8492 8997 1613 212 4870 3389 8179 712 7840 5013 8247 6273 6575 1937 4934 9095 941 7243 3192 9079 4173 6120 2206 8897 3479 960 1068 975 509 9587 0 8426 6153 2736 1518
4265 1145 8586 7376 7430 3903 5359 620 8817 278 7046 892 9505 9099 8810 4254 591 8234 8174 8951 8400 9396 7369 6818 1117 616 5025 3301 6861 2833 208 9529 5682 8753 1097 3854 3116 2807 6005 4781 5646 2713 4916 892 948 8426 0 1332 533 6854
484 416 4236 9289 8095 5465 7513 9109 9211 766 2743 6592 5815 6967 9548 7060 291 6513 2462 8910 3744 8272 2283 4340 2252 4364 3899 7440 2576 8004 4441 3119 9332 9323 9779 8208 6962 5227 495 501 3832 7795 7040 6573 396 6153 1332 0 5310 8972
8741 605 202 6949 4249 2178 2861 5335 8516 8274 6639 7720 5161 8955 6933 349 1823 3101 1290 5489 3060 7656 9575 2862 9423 2643 656 4921 566 3104 2243 9086 2955 7548 3567 6460 1248 823 7975 5206 6569 2651 8375 4133 6887 2736 533 5310 0 8748
3854 227 6847 1262 8893 9995 8389 2024 5201 3308 7569 3561 6788 3237 4065 8236 1278 7073 774 3923 6739 6081 3674 3704 7027 8022 9833 848 8836 9847 7288 6868 4695 779 9935 651 7736 4837 2334 2970 9265 914 9754 3892 5386 1518 6854 8972 8748 0
