300
0 6271 3886 29 9782 611 8016 3132 8934 9169 9598 71 527 593 215 7551 416 9192 3422 2326 1422 273 4496 4976 8421 706 9056 163 7273 9578 1291 1132 931 1781 3004 8449 6313 5363 118 4226 1900 3224 1354 5161 4512 2726 2207 3016 1401 537 2004 5521 4988 2130 5452 9859 9857 2981 819 6451 8057 2756 2547 8350 4597 6943 3798 3375 6720 9863 4930 1634 5895 4627 8984 6122 6567 8134 6682 5289 1153 96 5811 7756 7387 7451 7915 9310 2286 646 2767 4706 2385 4196 201 8694 786 2150 1992 5608 1131 9589 1403 5636 8278 4186 8741 5978 4265 4615 9658 3886 512 4383 71 2238 4235 2337 378 9742 5506 443 4053 4733 876 1101 1549 5101 4159 198 5562 4718 4955 2830 85 3741 2908 1938 4358 4430 1367 3401 5373 2493 601 8524 8194 8762 8307 3952 5518 80 6860 2738 578 4206 2228 6223 3863 7925 6171 8995 589 3384 7580 1024 7003 3577 2850 2483 5814 4005 9533 1168 1568 691 7752 2647 75 3586 4615 7282 1031 5726 5727 4111 5607 4082 8353 5829 7785 3770 8451 4574 8002 3136 1036 9318 6876 1089 8547 4651 2545 4437 5654 255 7361 160 4372 397 5640 6615 5166 1217 8227 4559 9027 8560 2359 3834 2107 9180 4099 7143 4171 6211 758 4084 6483 7197 2321 4350 6815 6959 8954 2145 7909 6414 2114 8731 9417 5781 8325 9796 9225 6601 4498 4501 1614 6115 2588 5365 9010 7715 3749 4335 747 6927 7204 749 7516 3415 333 6646 9756 7004 8815 8843 109 3579 9124 9658 917 5021 6115 4543 7217 561 1332 5790 9054 9001 2129 1650 9383 3214 5461 448 7608 4467 6238 9094 9255 1447 9286 7593 5211 2764 5614 3160
6271 0 4245 1654 3270 5623 5362 2143 145 6527 1348 5817 1426 3016 6426 6589 2405 8400 6222 4199 1700 4086 963 3580 2247 9707 2502 8458 910 7019 9574 9033 9598 8118 6901 8101 6069 546 7857 815 9489 504 9305 9043 5918 739 2511 7762 7683 609 7156 3995 5337 3276 5760 8958 6188 9433 7265 8163 1487 3436 374 5868 7600 4601 6285 2851 6959 9057 7009 2753 771 2768 24 3290 9715 3369 6591 2551 8365 1651 1037 3034 4557 6762 2779 5880 2095 5612 5285 312 5687 1132 2589 7578 7486 5350 1881 317 434 9090 2568 287 4610 108 1339 313 4709 2460 6974 3884 8744 1447 5026 8682 2328 4761 9218 2328 609 6476 1735 4060 3541 2938 9022 704 3926 898 5237 8310 1892 6121 4033 5828 3815 2752 4077 5489 6551 9960 5058 4427 3821 5513 3875 5428 8517 9962 3917 4524 3387 5220 5508 5162 7260 6863 6084 1626 4924 9359 4027 7624 5701 9790 4823 7838 7132 8389 2028 444 9183 9137 860 5584 5595 5759 2891 6811 5422 418 1114 4487 770 7556 439 5291 1327 1541 646 8825 8301 5695 2566 5298 8566 1646 8046 449 2245 1991 4447 7749 8474 386 9557 4799 4197 7375 3810 3301 1210 2071 5201 7886 9091 9246 2835 9109 3953 6069 3217 1615 7823 1627 7188 815 5457 9283 1679 6192 2904 822 5321 6922 9187 4838 2333 6641 3548 9318 3625 8366 6946 2745 6571 5004 4414 9405 5474 5737 7752 8035 9826 9370 274 2910 3902 4026 2152 353 1210 9147 9771 3781 5631 3784 1291 2608 8514 2891 4168 4045 6696 9101 8490 8823 2297 5133 4648 2462 7474 5731 3115 4396 8939 9991 7941 6756 970 6270 3224 4599 2993 8979 3005 6973 2381 9298
3886 4245 0 635 5365 1086 2832 5266 7535 4642 1146 2647 7102 2305 7435 9550 6480 10 9743 4679 215 351 2573 1738 5024 145 3653 8445 471 235 774 1471 8271 8685 3108 7129 280 4685 6608 8020 5567 9392 5372 807 8006 3162 8187 2746 4832 3781 5791 8527 1902 3788 5153 8633 3182 9321 3114 324 8804 166 7128 7131 8540 107 4982 3964 1181 3929 8907 596 2420 7738 8085 2135 75 5478 2056 4595 9737 601 9878 2768 5472 5619 5325 3014 9869 6547 6741 4882 9618 5544 6761 2410 7397 6593 3548 3322 2788 3608 4112 4134 9144 9881 8880 3314 1980 8292 9760 3892 7859 6230 8319 9623 5781 1840 552 3824 9139 4725 2859 6697 1577 5619 8663 9286 6212 9691 94 9443 2634 99 7915 4722 8409 5329 6360 4968 931 2973 6476 910 4281 4460 7024 3824 2459 4524 6795 4655 3788 8704 9460 6555 3388 4806 5907 120 9225 4720 6924 7304 8191 2649 9805 7096 3464 8511 2260 7150 9628 3982 3324 2118 2386 9368 1916 4708 1993 3697 7566 5633 7357 6160 4655 1310 3907 8039 6713 6863 5485 2357 8273 4324 3141 6397 2041 7264 5832 6421 3034 8436 3291 5690 920 1793 3396 6814 9427 9551 5661 2326 1425 2747 2739 6837 2681 4189 3150 9107 3741 7336 4255 20 9422 742 666 9751 2163 9067 5755 4061 8219 7222 11 9528 6017 4085 9210 2111 8966 1213 3745 4684 4402 3775 4224 9329 2240 3068 5610 1279 6508 967 4717 7691 5272 1598 9002 4247 3009 9609 666 8262 9394 8097 1358 9848 4062 8672 8064 8161 5572 8690 8969 9544 6240 5190 4933 8045 2855 4030 9732 1465 8840 3000 5110 9857 5028 3134 3002 8405 824 9866 9560 2677 6785 8
29 1654 635 0 2775 7792 6313 7713 496 8668 9364 2947 8230 8069 6545 7006 608 8932 130 2291 8856 2723 492 8747 2179 1388 9254 6038 8372 6724 145 4296 5887 8029 8349 9996 2242 3123 8127 7057 2926 9575 9316 3003 9755 5415 2198 8687 2559 6717 2866 2080 6744 4812 7837 1848 6862 8121 8260 3111 5057 1154 3261 384 950 3743 5946 1775 557 6933 4049 8071 2033 190 1908 6766 6683 754 2291 5404 4328 9674 7308 4442 2397 857 3243 8323 5092 5423 1792 7153 4873 3619 90 5586 8440 3759 1117 6745 7929 4552 4114 8830 2714 9204 2210 1748 9606 9650 3748 5717 9466 7332 1982 1678 8961 3768 2635 2308 8075 2777 3797 2380 2289 3871 6086 1215 5701 5919 8297 1391 1846 5139 7429 635 7441 7681 1501 7032 1328 1633 2874 6910 5008 5160 1306 4202 1653 5301 3851 1310 2802 3517 8662 9391 7228 8638 3732 3295 939 5904 1844 6431 4077 3041 734 3086 663 4901 598 3100 8289 9547 4385 7756 339 2357 4690 9947 9489 9729 3473 5799 4654 539 8226 8042 4979 4779 3388 2835 6524 2418 9234 2143 6819 4003 7006 6649 8012 75 54 3931 5536 8459 6036 5569 1547 3372 7067 9083 2361 5225 6984 1785 8095 2842 9559 6993 963 1970 6591 7991 9002 6880 1404 531 3690 8923 4517 9305 9474 5618 3159 1490 2300 5631 7896 8670 4363 3828 4990 3952 4998 5158 5155 8078 9962 2296 9297 7591 9357 7709 5874 3392 7735 9483 4696 1876 1065 8782 8310 4820 2598 7081 893 8618 1358 2534 4911 8880 427 2604 3873 3891 3397 4372 6597 3847 1951 8198 1447 3196 555 5092 2325 6805 6132 9515 5104 6955 8490 634 1264 6794 8085 4341 1265 6617
9782 3270 5365 2775 0 7737 2061 4327 8929 3141 7358 4799 7281 5316 1877 2776 3399 9248 1280 5811 1286 6454 3422 1385 7978 1759 9487 5318 4681 428 6584 5539 6970 1907 3516 4191 1467 3302 7362 1332 6757 9471 8169 3757 1511 2666 607 8652 7517 8206 9889 6540 9120 2425 8174 696 4167 1647 1168 6946 9913 8667 3055 1931 6768 4076 2179 5181 9957 7114 961 5523 543 2468 1210 1807 4653 7619 8328 9764 3798 8321 7019 8646 2234 488 9080 4082 2584 2088 4642 2669 4993 8814 350 9999 4520 5734 8325 9996 7789 6048 5499 7749 1128 4769 4771 8553 9696 7310 1087 6295 9289 8975 8059 365 4392 2602 5529 9874 8018 7725 2535 6254 6339 2946 7588 9783 402 9893 1300 4953 6024 4028 9982 5061 7644 8922 7031 6400 277 7290 3064 3045 7331 6208 9218 5160 5649 4571 8429 1023 9460 2593 9162 4741 6902 937 4444 4716 3918 7853 4813 8633 6412 1950 1527 2098 6791 6827 1719 3161 8955 1323 9853 4778 5079 1141 4857 8305 3001 1923 8782 933 1863 11 6010 7715 9391 8662 6163 3767 7410 2884 7958 332 957 9562 9609 5679 1676 3198 9622 8201 182 5324 3807 8356 1006 6001 277 4282 9124 8358 3210 3001 6393 6446 6953 2791 8512 7505 3871 4873 1904 1298 6125 8754 8359 3766 7526 7360 1028 3933 5993 1523 6524 5712 5605 6092 6345 1300 6972 2087 2485 2097 3918 8889 7692 1081 4890 2501 2318 285 1120 4478 903 7904 7085 7242 8065 4861 2681 3733 5106 189 4004 9409 9954 1255 3823 351 1629 7539 1624 6229 183 1733 8734 4860 9032 2736 1343 4461 3755 9616 919 4414 9806 3457 5845 6766 9959 5263 8870 3588 7556 3649 8313 8974
611 5623 1086 7792 7737 0 5921 7880 5247 2808 9467 115 4117 6722 2565 9287 1541 5405 5454 3383 556 9705 3877 24 3291 8999 3093 2165 4137 7283 4269 8139 7387 8784 2116 3281 5866 4094 1253 6338 4728 6161 3519 1128 3087 319 3465 4637 3728 9776 9492 6072 5138 9409 245 96 1217 6534 6344 7641 1947 6553 2808 8758 8878 3662 7414 7712 4334 904 4189 5895 898 7698 7170 3902 3743 5318 4478 7817 7007 6586 5671 708 7435 824 4941 28 4753 3931 8103 1239 6169 8827 3117 196 6688 842 1589 1900 5675 8624 5846 8313 2211 8412 8454 8977 338 793 401 8417 7140 7212 4208 207 6536 97 9580 124 885 9701 1934 2689 1679 2965 8922 8737 366 5338 1520 7616 8417 6960 1811 5182 8907 2693 2565 7180 5412 8410 9522 7067 5841 7504 8435 6150 7184 1772 1351 9933 3503 6357 3902 3160 3212 3458 2687 1522 1863 4872 3165 7763 1579 6625 2592 1871 4606 5602 8603 8999 9915 4741 111 8994 9368 5780 5800 743 3513 8501 9700 2924 2986 1187 7941 2427 530 4674 285 7233 1354 7017 9279 6330 3914 6475 8103 6396 992 6295 5978 7818 8023 5845 4785 5258 5624 2310 9962 7379 343 3234 5771 7793 5946 8308 5309 4101 8310 4436 2158 6817 1023 5089 8151 1273 1991 9924 4599 3632 8404 1744 4529 9431 2424 7465 9163 9761 239 9633 5127 7971 8191 4032 2709 3840 1964 9925 4546 9909 1110 6681 3827 7871 6310 1752 6588 2519 4380 6091 939 4693 8066 9593 203 6725 1530 2743 2192 5657 2539 9000 2225 3511 4744 5643 365 8248 1571 1620 745 1723 3898 4453 1421 6788 3880 9485 8767 3941 7418 3126 9993 4796 4510 2474 7431 1588
8016 5362 2832 6313 2061 5921 0 1013 2786 8844 1098 7632 8204 93 4190 7039 8680 1117 8409 3447 2032 1992 5358 4399 8565 2376 202 723 1553 5087 9189 6536 8490 3704 2888 1042 6343 749 7388 3987 5637 6086 3265 4786 830 9319 9489 6148 3569 5390 7113 8900 8726 1733 588 9338 9222 5421 1860 5272 2966 976 7821 3620 7649 6581 3923 8856 3767 7638 9716 3389 6440 6892 2916 5198 83 4741 9318 1368 171 5727 5240 6506 6840 7284 9325 840 3021 5415 9724 1590 1434 8204 2188 6801 1800 8045 304 1155 2971 9551 2734 6469 2379 6977 9583 9376 8287 9940 7116 6908 2263 3333 6607 9797 9807 6983 4153 3812 1389 3055 4342 9852 5766 514 2315 7771 3154 1199 2905 4739 6201 811 133 1934 7652 6374 6070 3020 7501 4375 2553 1971 6788 5146 5480 7688 8141 6704 3857 1422 7394 2552 7187 1234 9755 5408 5767 8769 7607 1003 3581 5855 1385 1651 273 6666 7000 7812 5916 874 1907 7527 4105 3869 3706 9435 7569 7938 748 8645 1829 4137 5970 7270 8195 7837 2369 6697 3025 3031 577 9212 4882 1878 8254 4092 4448 1917 6709 6030 8249 9494 4111 5327 7456 7601 1263 8559 2466 1418 5764 8881 2497 3773 7234 1886 6054 2086 288 5585 2226 407 9378 822 6927 3926 9762 6400 864 7991 673 3855 2163 5823 4451 5234 7286 455 7729 4410 9369 5360 2250 284 504 9023 7665 7486 5980 6902 2397 2884 8556 6522 9142 6798 2354 8410 9902 9652 6049 7031 1927 3228 9940 1920 2115 1831 6509 91 8434 5301 1738 858 9142 334 3388 4622 9681 6919 7771 8804 8729 308 8953 8953 864 2214 7964 1875 7239 5355 6640 1727 6528 4932 3770 3793
3132 2143 5266 7713 4327 7880 1013 0 3086 3137 2192 882 1881 4343 8232 3841 5193 635 8223 9295 8457 6426 7025 8517 7915 2020 9899 4229 4240 3625 2931 5385 253 1766 5197 2432 1923 9722 4484 762 2271 8968 6655 6247 3336 2671 261 5310 1794 4473 8592 5186 7435 6253 2455 2785 4506 6012 9580 2622 2792 9656 2033 9228 7292 7898 9167 8919 2864 9345 985 6196 2942 9010 9965 7650 2570 3368 3248 8812 3072 9641 8605 7046 1109 7843 7825 2844 5381 9367 3166 3717 9114 5883 8525 1446 8574 7069 384 8734 6021 7143 6928 2580 7769 7797 1856 4009 7948 1193 5397 5708 415 3910 5524 109 5253 3176 5170 517 8466 2598 8293 9828 9457 7980 7380 8551 9647 1631 1963 7859 851 6252 3515 7942 3230 8797 8831 3349 2893 3429 2416 6283 6086 8147 346 6879 9844 1094 4103 3004 6869 5146 6854 6859 1582 1693 1616 6147 439 9621 8637 9429 1185 3799 6317 9678 6321 6811 7780 8474 3318 1553 1561 7382 5327 9486 905 5723 5866 7011 2983 5347 2132 567 90 6844 7145 967 6094 9475 5899 3367 9253 6905 451 1268 7442 3610 9013 849 1132 1767 6539 530 6707 4193 6612 8860 4450 7794 9210 745 6150 2279 9908 1834 2229 7586 283 5386 4456 3031 9374 6621 1323 7831 5597 5377 2451 458 2018 9176 7243 3657 6207 4534 1046 1936 8732 3474 6628 5046 661 7098 4718 1124 1654 3835 6096 3661 7478 2031 8492 7348 4603 3047 6729 607 5002 548 1211 9391 2062 9254 4632 8430 4888 7954 2392 3116 5134 4912 4474 3639 295 8982 26 3023 32 7594 6447 7968 4011 7460 5495 1614 3203 6346 1605 3071 9817 2786 5009 2886 7512 8059 208 571
8934 145 7535 496 8929 5247 2786 3086 0 620 3790 9689 8670 6435 7973 3534 8654 1974 7084 3008 2367 1155 1513 1371 2960 2270 5245 6221 9854 8423 1558 506 4109 2822 2454 2696 4098 2178 8098 8550 9512 3567 1728 1345 6836 9971 7046 5998 9220 751 6326 6578 2678 2012 5876 5185 5064 8513 1636 346 6112 5554 3269 2117 5497 1470 3251 5701 8437 3304 1654 8732 5942 4811 7030 3589 3952 2198 5637 2426 1826 8135 596 5214 3759 9053 4960 204 6450 1105 1671 4018 5665 4460 896 3431 536 2852 5991 7671 5131 5242 1150 2154 9293 7891 3133 5096 317 3751 4566 9433 9798 7949 5317 6771 1525 6092 6866 2009 4290 1169 7952 3134 1077 2362 6077 824 1085 1997 271 5733 1083 4546 8763 8596 7682 8207 6695 6845 9136 4378 1020 6160 4328 4942 8205 9899 746 9851 3994 9914 4784 5535 3408 7020 6337 1749 6467 6361 5616 3623 3679 1447 6144 3121 4935 8400 7967 9865 3566 7900 8996 1927 8274 5001 2204 7378 6065 5584 2218 6959 1724 9065 887 578 5030 6740 5034 5873 7534 9363 1311 9998 6218 5335 3854 7109 1079 6944 9408 5283 5146 798 361 5271 2329 4172 882 2057 2161 7044 9785 5801 9126 3609 4985 7234 2225 5530 7309 7361 2247 3623 9553 9485 5023 1732 5188 1929 8444 5902 2845 6853 3840 3825 8093 5429 8393 3772 3849 8081 1749 7000 6122 9338 3326 8474 7710 4729 6587 1910 1114 582 2588 2907 9411 9783 2236 2899 7328 2317 3724 8716 4737 2826 3350 9923 743 7576 532 7882 814 644 1666 313 4990 5064 9768 25 5162 9662 9439 2796 462 3479 580 1414 9064 5222 4375 2787 3192 9998 561 1203 3302 5598 5025 7964
9169 6527 4642 8668 3141 2808 8844 3137 620 0 7380 4788 3039 3136 1669 5237 7603 2844 4773 842 1940 9072 612 6864 6258 103 7236 9570 3821 1734 7207 9420 9498 1593 7689 3141 9812 294 9104 8526 453 6633 7396 6086 5009 9679 3420 421 7176 3309 9004 4365 2802 6169 1976 2477 9124 7278 5160 7236 6180 4322 6657 9739 7866 847 7681 6854 7515 8452 3795 9528 2552 5357 9695 8182 6529 5048 5451 8161 3823 4272 7270 6378 7897 4001 4545 6537 2002 158 3792 381 7255 8435 2496 7870 3546 5449 1111 5231 9466 7987 5504 1504 9849 5857 3065 8133 8077 2096 3218 6953 4273 4252 3703 5301 884 3747 7505 236 7837 7513 6039 8402 6310 150 596 4929 8584 9946 2439 8409 1831 3239 3210 6926 1807 3518 8146 9912 8891 8225 9785 4301 6456 8790 9485 2281 3122 6769 2676 5265 9677 6832 2142 7414 1645 712 9168 3056 2520 3411 2912 6544 3966 7075 9089 3826 508 2983 3961 2982 769 2483 773 9301 9193 5593 5781 4480 364 5780 9820 9393 5998 986 5947 9821 8749 9194 8332 5967 2249 9816 1213 2795 3169 710 6587 950 1475 4878 1396 9582 2768 9871 196 6197 4376 7280 4839 7736 6956 5329 1959 4052 9211 8671 6911 3184 2025 8939 7699 385 4500 501 3384 3180 4776 9729 1025 6677 5926 1392 6332 5305 7202 7413 8381 116 374 4429 9458 7732 3488 5748 5237 5184 2013 1027 6886 9468 956 2868 1148 1885 997 894 5218 9963 8201 8574 6682 2717 7358 5983 4211 3235 8426 4582 4216 413 5343 1815 9860 3222 3405 1486 1311 1213 4259 8311 6514 4963 4169 9549 2766 9506 4284 7219 789 1889 4707 2936 172 240 9547 5860 7419 9279
9598 1348 1146 9364 7358 9467 1098 2192 3790 7380 0 4576 7847 6996 6567 39 773 3038 4614 6501 9970 3606 3420 7781 5905 6350 6549 925 9194 6392 9203 6482 3784 6523 8361 5103 2384 1667 5881 4947 7279 5475 3139 1012 7446 3087 6591 340 8791 7589 5804 3236 5398 1030 7756 3488 7695 4606 5740 915 6174 6476 4523 8418 3652 4759 9263 1167 1947 5529 5265 1406 7966 1324 4332 1780 6970 6654 5320 4106 213 8800 4505 873 8297 3378 9861 9600 631 7998 5648 6564 6511 7157 8167 3903 9566 929 3506 6379 1346 4785 4482 9680 8360 3344 6965 993 9018 2773 7054 1330 940 5458 2263 8246 8513 2796 2467 1880 2062 8920 847 270 2691 3548 8562 1081 508 997 8925 6345 191 6491 3499 5563 6270 7296 4501 4856 7667 6691 7695 661 5380 1600 4352 3435 2371 2527 4495 2104 6389 3815 7474 2595 6471 7841 6523 7550 8413 931 2017 8023 5506 6076 9695 1241 6889 1659 3237 97 9798 5410 9044 9097 1511 731 3170 2184 8866 9409 6810 96 3897 9879 7190 9573 1223 3704 9777 4201 637 2682 8130 383 5341 5804 6823 5973 8536 7142 8981 7855 9815 5290 245 3790 6005 3495 2852 716 5164 7227 5817 2406 5648 5247 4705 4301 1982 2383 9805 6640 24 3021 7082 3093 8298 4129 5091 3328 6405 5442 9499 1120 6960 2946 6771 7005 657 9076 4419 4583 8723 9134 2429 9615 2243 3687 805 1110 3375 7854 9405 96 6033 1775 6173 5306 8541 5532 5934 8626 449 8581 8633 1610 2410 9936 4434 6120 2752 8902 8438 5478 5323 5713 7953 2301 7029 8124 6983 9707 8883 7561 9935 66 2481 990 9131 7788 8134 8576 9940 534 572 1516 6010 4104
71 5817 2647 2947 4799 115 7632 882 9689 4788 4576 0 7323 4863 155 5251 7021 5628 3802 7171 1885 8973 2194 5484 4337 2171 6543 6326 9978 9438 9384 25 9851 3461 9030 7931 783 457 5038 7467 3509 6780 1406 7642 3993 6419 8189 2321 9226 7391 3944 720 814 6699 6572 777 1539 6464 6584 2064 9380 90 7810 2558 3402 8177 5313 6344 6051 3408 9523 7600 8551 9147 932 1575 7845 6657 2979 7397 6781 2927 6054 5183 4516 47 4270 3745 8704 9806 1939 7892 6021 156 57 1311 7406 6186 4343 7362 423 794 5326 8049 5067 5318 336 7527 1622 5017 5175 510 8151 4645 9084 2428 1741 9087 4402 3205 3567 6887 3840 9498 8113 8545 7122 2579 6589 3024 2721 8091 1201 3599 9926 4426 2219 14 7847 5058 8583 758 4088 3485 2736 6435 3248 6442 1616 5055 8723 2644 7947 1418 517 2521 1503 6419 5535 9926 8117 9743 3092 8607 3972 3498 9974 6887 3223 7977 8085 1691 2478 2986 9154 1610 4114 3681 8916 4317 6765 1233 7222 5977 5162 3340 7816 8286 3830 7659 580 2740 9240 4266 8557 8056 2135 1301 3982 9034 7390 5604 6582 7704 89 1607 3498 3955 7277 8401 8974 2486 4315 617 1711 8198 3127 1865 9582 2894 2734 9100 3522 6186 5212 6242 9312 5820 9945 5374 6331 5239 7213 5188 1785 9664 4916 4555 1289 783 6865 2553 9153 1900 9895 6180 5157 1711 5694 510 8338 4701 871 3447 6437 5808 2656 1457 3145 7624 7307 7417 723 9764 6991 802 1582 3681 7872 8036 3295 4700 3371 1537 7966 2637 3522 2455 4196 1763 7012 5514 4973 3391 1417 9509 3020 4651 5506 7767 6972 332 8796 1514 9911 1714 2990 3306 9009 3179
527 1426 7102 8230 7281 4117 8204 1881 8670 3039 7847 7323 0 2544 6236 1943 6412 7920 2059 3928 9043 3901 4847 2668 4121 1501 2163 3201 908 7297 758 4899 8049 3552 8357 6873 2043 932 6051 9885 3525 7656 2735 3353 7873 7850 3604 8468 8384 6228 1234 339 270 3862 9984 2463 6025 4839 6476 6174 1564 8109 8714 9450 4990 6116 7996 1659 8721 4232 9474 3408 8616 8954 6765 69 6699 5840 7233 477 3500 5816 5449 5907 9701 1750 8697 1917 8569 1173 6237 7617 6425 1030 205 6960 8924 7232 4263 1582 4710 9857 9642 2662 5863 83 3343 2092 9768 3546 7975 4615 5282 848 5422 7510 3260 1010 6815 2316 5402 4571 7127 4942 4522 2824 7863 1482 8693 1967 8448 923 2572 4689 6690 2109 9635 5816 9318 5704 2850 4904 1961 3904 3171 5303 643 9961 5211 1998 7977 9069 9626 8238 6493 7244 5589 1381 8528 9499 4455 2269 5556 6241 3727 8038 1894 9642 7954 2327 9651 157 6230 1751 826 5762 3406 6456 9820 1351 8930 1492 8677 6365 2373 2813 9608 1231 5603 2028 2975 4093 1392 6205 8556 5377 5458 7220 8291 8373 4813 5595 4238 8839 147 438 2563 9423 662 56 3769 9783 2250 6442 9973 8276 445 6651 552 7257 8626 6682 4684 7080 6018 2643 9688 4824 6457 1770 9840 4797 1341 8317 4208 5118 7705 8281 647 1395 8240 491 6844 5682 4210 8936 7521 461 3749 4303 3461 7448 2968 1608 990 9988 3741 4220 3162 4899 5997 2567 5129 4661 2983 8939 5394 9849 1776 7932 8630 4115 6404 7989 5673 117 9672 7614 8393 8548 3324 7021 6980 800 6693 4693 7170 3242 4844 2392 3081 1171 6983 2596 4311 6008 7071 4435 1950 8657
593 3016 2305 8069 5316 6722 93 4343 6435 3136 6996 4863 2544 0 4172 2872 7381 545 5618 9271 6053 5257 4872 9873 5180 9316 1859 4357 4750 673 6095 2200 8638 8858 9188 8820 8055 9250 4247 9618 4468 26 534 8236 9831 3789 2939 7387 8745 2138 8784 7280 3510 5796 9747 3488 8773 5051 502 9379 3868 9576 6728 5893 8747 5970 7854 5004 9027 1425 3597 8421 2523 9870 8016 4663 6522 4465 8876 7213 7376 4034 2635 3238 7485 5318 2956 61 9333 7613 181 4181 9511 2332 4232 450 3852 6495 9383 1991 6786 7650 1055 5234 3297 7708 9245 8382 2029 607 5003 1066 4339 3835 1064 3359 1049 3100 1123 2462 8285 3842 6882 2566 652 8486 573 6153 2369 7875 5051 3638 1450 7785 3941 1301 2536 6003 9606 2265 8165 5374 1195 9577 2762 4901 8300 6288 8087 3213 4996 4655 5112 4216 4119 649 7618 4387 7894 6467 9918 1852 2861 1816 8771 7669 7855 5354 7243 3386 863 7152 7418 3805 2978 651 7436 3737 3404 6521 7687 3133 991 7353 5745 7714 4344 1231 817 5900 1514 7323 1402 6565 4471 8391 3640 549 6612 3272 9493 9462 3557 9780 5666 4053 1110 1415 8208 360 1824 5372 1965 553 3669 7762 1908 8646 8074 9461 4543 7987 3776 6930 8685 1123 5262 1815 8981 1106 8479 415 5845 3252 1617 3613 8204 561 8389 2249 9556 8604 1546 517 9816 9317 2211 826 2419 4601 826 1933 8869 4450 2747 8439 8755 3875 8624 1978 7212 9890 7486 8163 408 1769 9907 2224 1679 2708 9635 6327 6998 507 3974 7368 8293 2032 1387 1592 3583 8529 4720 1689 2486 985 5157 1341 1309 7636 5546 9092 7405 657 4890 8067 2715 355 4094 5828
215 6426 7435 6545 1877 2565 4190 8232 7973 1669 6567 155 6236 4172 0 1187 2872 7706 2513 6454 2788 1889 9661 3548 9832 186 7722 5753 3800 8020 8563 1771 316 460 5275 9323 1000 7808 322 865 3609 2260 3404 8918 4063 8158 5562 3361 4344 4729 7467 2092 9760 503 7426 3085 4656 9295 2422 4356 5220 6981 3130 901 4353 9809 5530 1292 7990 707 3355 3337 7667 8348 5215 6258 7452 1579 9007 8773 913 35 3712 8654 9235 4316 6337 8619 2233 3750 400 8196 9291 4342 8259 9812 1326 6665 9034 464 7127 988 6323 5298 521 5330 5324 5069 4946 4210 4165 7227 5635 1496 8460 1621 6198 9312 497 2359 8795 2569 3299 4275 1086 6905 4961 7587 7764 4734 1198 1490 4879 474 1461 9783 5385 861 3804 8737 8516 5112 2813 4139 5167 2214 1401 7637 7002 8262 9842 3490 9538 6481 3276 1443 7874 5659 3983 3542 9865 14 7695 9599 3566 9223 8901 378 9272 3884 5897 995 8242 3442 8247 4134 6913 8212 7697 5836 8241 6018 8161 1298 7513 3863 1476 4041 6138 8900 4140 2858 6533 614 52 7142 2386 7458 5097 7436 8122 9203 799 9723 1389 1122 1075 3166 6727 3839 5754 8255 1709 1647 1208 3202 8596 8622 6312 7920 5402 2835 8474 9989 4142 624 7044 8074 6154 1843 3090 2202 7615 8922 8691 2482 265 508 2987 2773 2845 3087 883 3026 3474 9554 735 4678 2 6769 7982 2083 9433 5881 458 1922 4034 3701 6076 8937 8737 6540 8919 2690 2650 5782 666 1756 2360 9596 6439 6561 1074 7222 8886 742 5344 561 1887 4673 2422 7140 6106 3910 9263 4602 6975 5446 3207 7747 8629 1173 8196 2358 3232 3777 7587 2 1845 6365
7551 6589 9550 7006 2776 9287 7039 3841 3534 5237 39 5251 1943 2872 1187 0 1445 5349 2540 6007 1913 7419 4549 3839 1087 3120 3355 9379 6893 3323 4970 7937 2549 3503 4307 4200 7105 8982 4115 7783 5278 711 2967 7634 8633 3356 5426 2463 5588 1278 6499 7657 8565 8503 8490 8735 7620 9425 2795 5898 1400 7301 1477 7873 3398 3390 1775 4861 9825 5232 9038 8985 7340 5546 8122 7292 2499 189 7049 1702 6720 824 2488 8365 4033 761 3432 7985 4413 2610 3721 2602 8628 7663 5854 2072 4690 6029 3497 6380 4031 5756 6106 2595 3804 7230 2556 4288 3903 8251 8035 4820 8938 7383 5426 9264 3746 1087 2157 329 723 5916 6939 5626 2684 2587 607 6807 6638 2724 2205 8506 7207 1718 4411 128 8957 8682 8814 5216 7486 6823 7278 6430 5618 6675 177 4262 8326 4333 2467 3757 8167 404 9191 7748 5839 223 3905 8549 7895 67 1099 1138 5662 10 4986 1771 6530 6286 3599 4896 3118 3944 7993 5051 5209 4999 4002 2051 5741 1934 8083 9984 5098 1128 5792 4498 3329 7287 9177 3666 2795 1719 570 7800 2425 7814 1812 9205 864 2379 1521 4961 5144 8640 5951 5467 3606 7201 2939 1977 5258 6549 4649 9593 502 7666 2040 2459 9649 3384 3874 870 9604 6976 5453 1862 154 2834 6563 9030 609 7887 3819 6105 7954 7679 9412 7806 6004 1255 243 9126 4653 2310 2355 4755 6122 4021 3092 7136 201 4369 4219 9882 6776 1070 1739 2625 8481 883 6576 7671 7052 8994 7336 7396 5274 5984 4030 1533 1821 7535 2771 860 3799 6574 4874 4551 8827 7198 6252 5004 9488 1085 8990 1439 7815 9922 8101 8739 642 3006 5618 4722 742 7900 824 9531
416 2405 6480 608 3399 1541 8680 5193 8654 7603 773 7021 6412 7381 2872 1445 0 1381 2675 7602 9978 4024 1517 284 1717 5306 9679 6085 9784 5016 640 6859 507 6572 2552 7070 9658 3292 5651 7979 7372 5368 1781 1912 2853 5089 8202 9750 1455 2109 2388 7095 2654 7734 7696 7158 6432 3539 2098 4475 7964 9975 1105 7714 6729 5456 7206 1150 1130 983 3620 753 5385 8112 9418 2316 8327 53 1049 1622 9613 9274 3909 1712 8039 7878 4871 5813 4105 9615 4341 9791 3789 7665 5732 4263 4712 9912 1408 5428 6469 8094 7327 7242 4436 9548 6299 925 6661 1480 6364 7711 6677 8432 6625 4912 1536 24 1666 8795 2794 1770 3815 2395 9911 107 3828 1411 2396 6852 9418 8075 1657 7547 3810 6124 5916 4011 7046 7307 7866 497 6499 5227 3737 1411 5860 7562 7522 1119 3724 4174 9660 5290 5890 2374 9880 5858 2536 9714 7773 5995 960 5531 2369 4744 5964 6458 8387 4731 6991 6335 4344 9184 318 2737 1961 1534 5164 8380 9961 4839 7988 3223 5103 1435 3262 1454 6118 4444 1225 2282 4434 9661 9720 4621 3477 5526 4130 3116 6220 215 8139 8744 8230 4843 9271 9761 1977 168 2846 9821 7126 7286 1801 6609 7279 4806 3938 6471 7509 5791 7922 6608 9335 3865 5268 5512 1924 3929 8208 3673 7970 894 2487 8963 2599 7320 3414 7642 8681 191 9703 9927 8212 59 7239 4704 769 8403 831 5449 3508 3620 8492 2676 8014 6034 2432 2675 5806 5398 5277 8707 107 5938 9665 4332 3277 5328 1712 299 5138 8134 6587 1187 1220 3719 5578 7515 3402 6510 6658 6724 8855 2378 2611 4792 1764 588 1269 1461 2013 9739 9490 6324 7978 4060 560 3604
9192 8400 10 8932 9248 5405 1117 635 1974 2844 3038 5628 7920 545 7706 5349 1381 0 712 3809 9141 9954 4398 6076 4086 411 6962 4482 1745 3704 9655 4075 1728 7591 4459 564 6752 9307 9607 9245 6263 8840 221 7651 7092 7491 2213 6262 4696 4699 4846 2749 2330 8376 6409 9972 4644 1610 6458 2015 7944 5078 9901 9630 4699 3723 4351 8174 7688 56 362 629 8882 1158 3425 2950 733 1576 5847 3980 4579 3524 6569 9154 9875 5388 2673 4495 4430 215 2939 1244 4300 9039 3922 2641 1915 1243 4113 9048 5800 9367 1196 1484 3239 5675 1936 4395 2192 1739 8388 8423 1432 5417 9395 802 6080 149 7148 3473 2294 1471 1895 742 1753 4796 4161 4651 2499 5306 9855 8924 8889 187 4405 6876 5520 6358 9886 2562 7193 3947 6713 9159 3747 9880 8827 6820 8059 540 681 9105 854 6802 6564 4251 1059 839 7552 8156 7567 7526 6342 998 8023 7724 41 3967 2904 7001 5556 7248 131 7685 6150 1470 3382 2629 2452 9152 5666 3086 3832 7679 1495 4638 4921 2072 1583 1728 6580 4901 9327 1892 4009 3196 4822 2642 4792 3929 8331 7073 5315 8658 9010 3581 9872 3448 9794 4938 4146 5065 8177 2187 762 4322 2890 3405 2948 6550 6809 7616 7455 7685 7703 5471 796 9186 2929 5889 8904 4130 8168 1960 1100 6289 747 7485 4306 7776 2437 2815 1864 6617 2909 4722 4392 84 1022 4215 6214 4327 7515 1418 1636 5384 6037 2080 9843 6742 4503 2001 173 7358 373 898 1839 986 1276 4791 9670 7184 1460 3250 2544 8732 9733 4184 4216 661 2669 5022 534 7528 9411 4122 2690 7067 437 2733 8059 8674 6798 2403 9884 1799 9682 1787 9252 2242
3422 6222 9743 130 1280 5454 8409 8223 7084 4773 4614 3802 2059 5618 2513 2540 2675 712 0 3540 4543 9121 1941 1096 883 2539 4981 8275 7855 4038 1603 5903 2191 5207 1650 3858 774 5256 5812 2669 8849 560 3266 5672 9586 7816 9677 6759 3633 4962 5419 8578 3002 2260 7573 6649 7180 5248 3231 4848 8528 154 3201 6440 4962 3119 1341 4541 3925 6878 7483 5523 8269 8923 3340 3854 8678 6445 5929 459 4576 5623 8 2090 6923 20 6138 4048 9205 8532 9680 4912 2661 9126 8807 8581 4497 1454 3195 2549 9357 5330 872 9483 5709 9444 5398 7609 3239 9291 2712 8755 2313 3174 7778 8958 7564 7882 4409 8563 3684 7117 9572 5662 4053 8862 2123 6953 1044 666 6284 4934 8969 7243 3053 5273 2829 7269 7323 385 6886 2163 5140 6254 3210 7677 4755 8718 2890 8552 9265 6670 8985 9861 6252 2011 1976 805 7389 2869 3527 6396 6748 3879 2537 3027 170 6342 4735 1126 2008 9065 2206 7217 803 2337 4906 3548 212 5598 3388 3905 1366 5414 1452 2902 3050 6276 6514 7185 6462 5254 926 4813 3851 6343 8565 8210 4263 4399 9650 131 2024 9454 53 6008 2272 147 4212 9566 7455 2379 7528 7475 1295 1414 2053 4250 4559 7352 33 8965 7075 3022 3459 9636 4100 1846 6611 8718 5212 7653 4787 9570 3527 2549 1937 699 1124 251 1451 5408 2803 5287 168 3482 8178 6787 267 8720 7598 3871 9354 321 1691 178 145 2362 5349 7681 135 6574 1911 9692 7024 9756 2367 5026 1346 4928 8761 6738 9738 5101 6420 8820 6825 7988 1839 2870 5062 5585 6366 9799 8824 7352 3217 3434 7462 7674 1140 1000 7171 2494 4244 4526 9711 5720 7864 5640
2326 4199 4679 2291 5811 3383 3447 9295 3008 842 6501 7171 3928 9271 6454 6007 7602 3809 3540 0 9800 2884 3026 9129 5676 5474 9465 2739 1982 9355 4437 9167 6641 6322 3358 4205 3934 4046 470 9286 3200 1471 2358 338 9136 3803 2511 5114 4053 4307 1355 9056 6563 4720 6493 1958 369 9198 3721 5407 1554 8618 3359 2495 1604 8062 7574 4066 6384 9902 9623 7730 3317 7179 6525 149 2640 3464 853 4636 3852 9983 4245 8547 7093 7315 9724 8351 2096 8660 8320 4945 1035 2366 1899 1287 2387 776 1864 5646 1078 9864 6671 810 5534 9460 2697 1425 958 7852 1922 8688 5151 8765 128 6397 4985 7789 2467 7381 953 6138 3329 7772 6181 6390 2437 5090 7148 585 1425 5304 3709 5191 958 5984 8766 7002 7571 7353 1194 256 6498 6707 3512 2199 4645 9314 2302 370 1870 584 2943 1989 5015 310 8290 2762 2920 8343 834 5430 3404 7890 3168 2939 2311 2219 5469 9658 759 4920 9768 2765 8878 4731 8136 3386 7081 1562 4964 8768 3486 1916 6807 477 5569 5962 6358 3741 3593 5908 2948 9640 6330 6976 5187 5668 7445 8090 4840 6320 9703 3956 3657 7216 4268 5827 2104 6780 4810 5019 8494 3332 4259 2001 3361 731 6850 3441 421 2769 2140 8582 4924 6924 8397 973 6449 8627 3822 93 5953 8790 588 4132 3468 6633 3709 4148 7637 8955 9904 9331 530 1787 6492 540 4508 1845 2608 8376 596 3120 5101 4290 6246 5033 5944 4899 8458 5167 6813 1306 3080 4645 1289 3191 8890 3390 3851 4018 1984 8605 6318 8649 7069 8517 1903 4818 4349 5129 7502 5500 7706 2859 1039 8446 9926 8144 6438 1268 3732 4572 2159 4761 7015 7981 8516 9327
1422 1700 215 8856 1286 556 2032 8457 2367 1940 9970 1885 9043 6053 2788 1913 9978 9141 4543 9800 0 4426 6454 5088 195 3311 3475 1727 7266 6728 8246 531 3163 5463 178 1560 3153 5010 5092 5943 9354 6983 4195 7401 759 900 4354 799 877 2880 7878 3635 3225 7435 3250 5944 1790 825 4936 7280 8128 706 939 743 237 3888 310 5586 2130 132 494 2584 2444 7357 8468 7656 7954 2748 2549 3829 3258 7542 6035 3696 8377 3990 3590 5069 8370 5274 5527 3028 340 9498 3979 1236 2285 5840 7739 5643 6018 3138 8517 5654 3196 9298 7373 574 9401 4063 1223 7017 1259 7784 3151 2230 1708 1173 9979 241 4037 5380 2814 9423 1734 8202 5332 8967 3690 3792 4804 2509 4077 2585 5438 4769 6053 6206 9075 8006 2689 5194 932 4082 74 2589 659 7120 5814 4382 1469 7075 2653 9383 5260 2992 6382 8764 1847 270 8621 8753 5234 3547 670 3314 4144 8360 6794 3112 2368 6356 7064 6719 1645 6299 4277 8718 319 916 3547 1891 4452 4615 727 1345 6644 4648 9662 9617 8193 471 3106 1019 742 3051 7021 3911 2492 3324 4581 6905 334 3666 2654 7095 9100 3174 9097 5876 1641 3217 8374 6399 6942 5054 7795 6408 7381 1300 287 6899 5415 1283 7807 8089 5187 5611 187 9987 2833 6122 5005 5300 7556 5019 596 8386 4032 8239 3495 5298 4299 1671 2344 1172 9602 4829 8780 994 5384 3931 2868 4903 5278 907 645 2598 8390 4525 4812 5938 9726 126 5175 4997 8075 8921 7083 6078 8803 8269 3435 8862 6980 2494 6872 4755 1287 7379 1698 8545 6622 9591 3448 3118 1614 424 505 3179 2031 7210 7309 3250 492 7280 4635 3886 9796 7507
273 4086 351 2723 6454 9705 1992 6426 1155 9072 3606 8973 3901 5257 1889 7419 4024 9954 9121 2884 4426 0 7880 7433 4696 6743 7013 2724 3345 5313 9271 90 1357 1971 1205 4461 164 4468 1742 6490 7768 1849 3095 5458 687 5141 2455 3544 3772 2725 5872 9168 903 5345 2843 51 8783 9293 2751 5795 5513 2963 6900 4933 4067 8383 3089 9037 755 9992 6645 5821 3759 248 2822 9571 5575 6459 760 7285 1964 5450 1009 8228 9890 4086 5753 5878 4463 9185 6192 1812 8437 9235 2907 4979 5918 4391 3007 1868 2252 9654 1557 7589 7677 7472 8237 5911 8191 9646 3556 4481 4809 8336 8796 785 5806 9208 6336 995 262 4478 9636 6167 7006 1173 7473 9995 8189 8760 4467 6843 6023 9825 2762 5875 2173 9449 9639 8159 3503 5557 3928 2579 3954 8300 6868 4484 3996 9703 2549 9676 4638 3577 9702 9338 1224 8658 896 4050 529 2163 3845 8990 156 1018 9903 2495 4307 5167 6174 7298 4820 6836 8910 4870 6302 210 5805 1883 4940 1147 5941 3863 2785 1779 7170 3559 200 6020 3652 4021 9452 8102 2827 2239 4411 7889 1313 2968 2708 296 2949 7032 5735 33 297 7749 8175 8529 2779 1780 7683 9948 3762 5184 6259 3252 2789 2579 574 941 1017 3327 5606 3042 727 1041 5721 605 7916 5056 5525 8963 712 1461 7404 9843 2406 6061 5111 5886 5479 81 455 3864 4743 3966 5866 912 2723 2748 2597 4194 3704 935 6049 1187 8918 8515 8299 913 2085 8947 7577 283 6519 6748 4422 9817 2642 4694 3370 6392 7681 8683 8480 1315 501 3671 1694 8863 1120 5058 5219 7127 2484 4643 3594 4642 3203 3997 2711 437 1783 8927 8424 3181 2683 7740
4496 963 2573 492 3422 3877 5358 7025 1513 612 3420 2194 4847 4872 9661 4549 1517 4398 1941 3026 6454 7880 0 5375 9389 7990 9875 9439 4880 383 3209 1988 1456 6882 6699 9042 2060 8536 3017 9988 4615 4133 9981 2870 4033 5111 8877 8155 5749 898 8717 3923 9748 7612 1167 5724 276 2317 8127 1816 9923 807 475 5457 6051 2590 8644 3555 6915 3642 8071 9990 6113 2715 8700 8720 9536 9512 2843 9043 2514 2967 9886 5552 864 8047 2162 9335 3818 7709 9668 4808 5693 5557 3896 9852 3373 6609 4436 3299 2327 1840 5682 7048 6696 198 1494 3706 5142 1935 6326 1911 7265 2942 4105 1088 1975 2246 2687 6099 3005 9948 7313 7594 6799 4423 4177 184 388 2206 6531 6443 5986 911 3895 598 6400 3181 5189 7268 4016 3783 1724 9979 547 3359 8701 6958 5127 4862 3396 8329 7055 4908 8643 6068 7578 9621 91 3878 8472 8204 2717 4905 2739 1904 5439 6746 3875 6521 1795 6545 6072 747 3529 3802 6503 7736 9955 1098 5173 159 1530 9319 9983 7310 5063 3576 7761 4417 5191 3740 1163 2923 9523 4938 3455 2235 6900 574 9402 1833 4886 7368 98 4518 7110 4013 9987 8275 2728 6624 3825 8132 8861 692 3887 5784 6675 2288 2899 3815 3985 4189 8715 4516 4466 1648 3996 8316 1953 454 8561 6627 9812 6055 7672 7710 903 9178 2083 5611 4335 4401 7453 4357 3535 1512 2668 32 7841 6611 6854 479 4445 5108 6780 4390 7056 9794 7582 2602 7132 1930 2470 342 8549 2677 5180 4116 8647 8411 7880 1348 2877 4381 2663 5162 8498 3008 1943 364 4573 4671 615 9509 7713 5780 4954 9793 4081 539 1667 9739 735 1673 5426 7834 6033 1614
4976 3580 1738 8747 1385 24 4399 8517 1371 6864 7781 5484 2668 9873 3548 3839 284 6076 1096 9129 5088 7433 5375 0 8970 3108 7745 1231 9684 6138 2405 3915 6875 5813 1689 263 9226 8769 2018 5370 1047 672 9447 7677 2682 7950 6675 5464 3019 4629 9955 2845 795 3472 9448 2358 7985 6204 2324 6904 1787 853 5417 5226 6786 5397 9182 5876 6368 128 6543 2916 6630 181 1523 2373 7770 1274 698 7663 4957 3730 1964 8428 6903 3607 6898 3985 611 7138 8634 4319 9000 6326 8578 3483 857 5389 8359 3120 8893 4760 927 4503 8739 7870 196 6050 5067 5189 8171 2763 2426 2179 8714 5883 3574 5545 3057 4389 9036 9036 5026 8407 5078 9351 7031 6290 1641 5678 8407 281 3462 5616 6797 6827 95 7986 5165 9255 9 5118 6061 752 5062 6326 6379 3509 3684 3621 7196 5343 8482 9733 8403 2055 635 7960 1327 3315 9602 2044 5871 4721 9950 7108 1867 4276 4707 8129 4408 2745 837 7893 4159 7136 7740 7351 636 5552 8159 4609 4066 6813 4551 7136 8677 7233 1890 7695 8362 9163 869 2224 8588 2219 5998 7980 1772 7857 438 5693 2967 4351 2877 7368 783 7887 6151 2538 1080 5851 4669 9080 3718 4466 7366 9997 1248 8266 9447 7358 2477 8863 7927 2441 4459 5323 754 3729 1784 8193 1751 7807 9593 6858 7959 1785 9120 9158 6497 8708 7100 6438 9984 5046 3392 6063 8513 2674 1022 5574 6362 7285 1939 9022 776 8301 5063 1067 2 5771 885 5514 9251 2826 2421 3917 4270 3776 5606 1728 9563 2642 5883 8402 7137 2786 6224 563 4541 3870 1357 4230 2163 7927 344 2986 6856 4736 4200 75 9265 9576 6296 7923 3486 863 5976 4109
8421 2247 5024 2179 7978 3291 8565 7915 2960 6258 5905 4337 4121 5180 9832 1087 1717 4086 883 5676 195 4696 9389 8970 0 5244 7239 686 3077 9388 1489 5195 3570 945 1493 3041 3383 2594 7697 7355 7519 3414 2602 5771 4561 4249 830 6469 5628 8148 1333 4784 549 7134 727 553 7940 2636 7581 4699 2115 8589 4074 1652 9570 2461 2840 5534 1444 4459 2072 4405 4534 8149 4268 7905 7209 3286 6087 6387 2924 2230 899 7210 9241 5192 2606 5596 5624 3154 9900 1723 3749 6785 3412 9960 7392 3442 7075 9392 9184 2706 3323 8292 3688 567 792 8505 2328 200 6931 7874 6803 5468 5186 8774 1780 3052 1635 6456 8028 2078 1606 9751 1022 7962 6484 9217 4574 4202 5544 6954 4597 8748 8987 9755 1153 2425 1754 7909 8096 8914 2969 1923 5159 8204 2689 6386 8646 4902 2814 8982 7647 9562 8790 4334 6060 7379 4405 8868 9804 2103 6654 4067 21 1580 5337 8934 7126 9734 976 8689 6206 8731 3239 4433 4367 5365 1860 5319 5182 1769 9794 6481 3004 3726 6438 712 2066 423 9547 7056 3000 2649 9471 341 1158 3703 6595 182 7687 623 9465 9593 4862 1857 5738 2940 8904 7267 9003 7066 7927 9133 2208 395 9076 8216 7672 2148 6008 1168 3357 9029 4661 1486 8915 584 4264 1399 6877 1423 686 4942 2245 8749 7735 1190 2606 3163 1815 2668 5987 2187 5406 8970 7440 9389 4885 5883 5533 3658 119 6546 1824 2046 209 8388 3074 2231 7357 6675 4107 6180 9620 916 3671 1652 7102 8991 181 6571 7112 6153 2606 837 6022 2204 2949 4562 2650 2046 9128 5432 9666 936 2049 5466 9764 3538 9459 8831 5823 200 8090 783 5756 2736 6009 2899
706 9707 145 1388 1759 8999 2376 2020 2270 103 6350 2171 1501 9316 186 3120 5306 411 2539 5474 3311 6743 7990 3108 5244 0 6054 2045 8960 8166 5566 9528 4055 3198 4148 8073 2664 9072 1750 2030 1841 9961 5195 2455 5297 3169 9799 4388 792 8475 2883 3568 8407 5506 549 3261 9272 4170 1225 202 10000 348 5055 919 1869 170 8479 1582 7316 25 606 6411 2483 391 5014 9656 573 7156 353 4400 6988 494 1512 943 760 405 6853 5557 3075 2409 1630 1487 9674 2398 1001 8000 8935 4870 905 9773 3664 8737 6334 432 8497 551 8393 6207 4021 6097 9205 2941 9176 9598 2534 6152 2261 3855 4202 330 441 5951 6925 2053 7512 3646 7772 31 1819 3493 9718 6422 8286 2729 8453 1981 649 7517 6749 337 8132 4163 5164 8492 6739 1553 2397 3947 5985 4768 2856 4526 4757 8096 5884 7967 4806 7381 8458 9022 7294 4224 9359 4119 5892 2804 7469 3148 6087 9211 803 5263 3536 1941 4308 8124 3472 83 5440 9783 4175 2346 9759 3627 8327 9944 7548 8157 3734 6857 4772 3255 2678 4158 8010 7468 7936 7844 2717 2099 7638 9056 8700 1422 8914 8689 270 403 3823 1253 2056 5492 4555 7993 2091 8983 6091 8212 6467 5037 3675 8335 8953 7682 4855 2954 6127 9943 9826 7638 7373 5708 5458 1318 5089 3064 6111 2004 1481 5872 4318 8242 8477 3497 2287 121 6415 7791 7317 8283 335 166 1115 6166 178 6280 2435 3685 616 1961 5912 2092 2620 9555 9983 5172 9432 511 5481 1521 2651 83 8212 3811 3181 5926 1789 3927 1241 4826 618 7673 2833 2200 1673 7649 7930 2131 3135 7588 4396 4221 8310 9193 7065 7333 4333 3802 5039 2602
9056 2502 3653 9254 9487 3093 202 9899 5245 7236 6549 6543 2163 1859 7722 3355 9679 6962 4981 9465 3475 7013 9875 7745 7239 6054 0 5156 4542 8437 9236 4844 4440 2943 892 3521 3519 8299 9708 1255 6338 4948 6412 7020 6744 3921 9747 7538 7500 8782 98 7147 5513 6473 1698 4407 3747 1753 2788 3615 5926 4173 906 2728 4974 5454 8015 6649 1020 8162 8389 392 9391 4153 7006 266 8525 4513 196 8496 4765 6230 6199 3890 5312 5803 8361 9381 2773 1504 7439 8142 6198 1761 7727 6517 2710 7750 7281 9428 8907 6256 409 97 8303 7650 5763 3677 2713 9971 5952 4087 7203 8806 8474 4999 6662 291 2169 4501 9297 2594 7322 7088 8905 1793 8780 193 4479 952 4477 9123 8229 5464 5320 1023 7244 7054 2258 4606 7088 2732 304 3772 661 8766 6112 3512 8192 8211 832 7606 5830 8764 5637 6528 7338 8432 3572 3653 7107 920 5343 5473 6992 7375 2759 9904 2223 3101 2180 6666 2637 2367 1698 2283 13 5852 1758 442 4796 8654 7749 5028 8709 6068 9802 6057 7045 1898 6372 3519 6685 9472 3694 5709 6692 8808 5171 1098 4940 5210 5211 9946 8071 9744 882 5497 9108 8469 3211 3120 9349 7553 7336 5070 3739 6231 4849 7559 9629 9509 8775 6477 5779 1068 16 8874 6044 1829 9674 164 8112 6280 3540 3870 8296 4430 7238 7235 4412 555 786 1321 9994 8792 7215 6338 3486 5799 9615 1600 1038 9847 1005 9735 7484 5185 96 8820 2671 8251 9928 837 697 3441 2000 4598 1325 7664 5227 4937 9264 9903 5535 662 4840 2393 164 7056 6269 7279 4719 1765 1537 5970 2085 4956 1017 6276 8439 1991 1576 7404 8181 7843 5117 6964 2320 4471
