200
0 8860 2900 3694 7790 3752 9823 6054 4703 5933 5910 1294 1428 2722 9302 6850 548 6815 9633 5991 1596 996 4755 5345 8560 6410 9590 8907 4327 3513 759 1588 3806 2146 4423 5530 6213 6378 6104 1259 9994 4572 7802 4480 9748 4968 1672 5954 5751 773 1873 8994 1841 6941 7996 4756 8280 3914 7666 7350 9735 1085 5920 419 1770 6387 8279 814 8840 1134 4453 405 4157 1179 2207 6552 3519 145 7525 6552 3259 9804 590 4731 2998 3301 8442 2766 8445 5707 6286 6323 9045 2917 7624 448 5494 3755 7653 7924 7261 9534 2166 8549 1666 9060 1936 824 7867 2664 7059 1707 39 5472 7181 8917 140 4466 9031 3512 5154 7840 520 9823 2083 8460 5827 6886 2784 4750 8038 6549 9178 7882 6141 845 3064 4725 7264 2132 4517 7341 5406 2335 4608 8665 2391 3764 6816 8731 557 7367 4007 4838 4330 8761 8778 6361 6614 11 3363 5484 8733 7780 3796 9447 5837 3924 9106 3132 1143 8384 3654 6233 7733 4741 9871 6670 9125 1647 4572 7524 3913 4733 9985 5934 4917 9404 4515 2850 347 3806 9415 3966 8266 3445 6675 2645 2364 9208
8860 0 69 1851 296 6130 4258 2194 7362 9965 1603 6807 8901 7081 5169 6615 4497 2453 9058 9946 94 1264 3872 8489 4420 4730 5851 3884 148 7440 6337 986 7803 8411 621 546 243 9598 254 5498 2677 3475 8954 4240 9545 7123 9870 7239 2818 523 6483 9333 6175 6436 2683 8126 4951 5607 7946 5738 7916 1156 9845 4454 3421 8288 1381 3677 6460 9261 9639 530 6712 7204 8570 7651 461 9795 4028 7856 1435 332 2296 7431 333 5253 4619 5341 125 2302 5127 4719 6355 4004 5032 7797 8188 5157 6709 2528 4765 4750 853 5175 8856 1261 1652 126 418 5697 6582 3677 255 3939 4978 1799 2213 4187 7076 2195 6022 8015 4665 4592 6513 2170 5387 2860 2928 42 6683 8167 5310 9826 3448 4392 8947 3625 8815 43 7187 8954 6959 4084 1819 1391 7041 1437 5098 6000 8611 1512 6421 1062 781 8050 556 5548 4705 1167 4242 6804 5560 2241 5272 6294 1694 2242 466 2554 7909 6071 9261 5708 4871 3237 8345 9861 4514 4191 2227 6034 6017 8895 1408 6116 633 7430 7127 1484 3978 6474 1108 1788 8668 8344 2620 7928 7063 7470
2900 69 0 791 9452 1897 4096 5418 8104 968 9978 5530 2123 273 9719 8295 9954 7908 6507 569 9988 1075 9204 7862 7605 2106 4950 8329 6964 6526 9494 6228 3357 1650 5065 8733 346 3169 3510 8839 2397 779 3992 9246 4316 2026 2243 4276 1645 3036 7230 2864 8443 2892 4568 2386 9816 1626 3779 3272 1566 8682 2573 8335 6203 177 458 5427 4867 6989 3218 500 2679 8210 2966 4821 9788 57 6155 8751 5763 2926 2212 7793 8463 3478 2383 4102 3812 4782 5459 6745 9924 6055 3218 4231 2274 4993 238 752 8061 2674 2827 2944 4539 5391 365 8794 8940 8116 9974 1934 9522 3596 6835 3556 7555 5004 2149 4153 7188 2430 5525 7110 1005 8955 2833 7405 4817 9600 7369 478 7253 9052 6774 3046 7049 2332 9588 5861 9063 2567 270 3688 9616 1646 7697 5720 2598 3195 1527 793 3850 4249 7945 8903 5321 4099 2630 2575 5975 8238 1234 841 267 4671 2109 7148 1017 7292 9160 9927 6788 9519 2182 643 3360 9768 1159 6834 6142 4572 5582 7714 8264 263 1680 3628 9373 641 3217 272 611 9347 8581 5786 403 1455 8853 8277
3694 1851 791 0 7745 6552 9871 821 8412 4684 3380 5712 843 5235 5511 6186 738 3305 3590 2049 4173 9606 7008 138 5637 4468 1962 10 2735 423 1199 9836 4117 2850 8783 9303 7312 4578 3459 8252 1094 2502 9373 6797 9980 7860 6826 6646 8570 2444 3091 2340 9093 8630 2659 598 969 1329 5344 5014 5068 755 6443 6013 3697 2490 9144 934 4737 6423 3895 1470 4973 2637 1613 7613 328 6983 1269 7560 1562 5878 6674 1330 1056 6303 9954 9657 5367 8886 4958 2712 5885 7857 7965 7648 2276 9209 2154 3905 4953 5919 2699 4962 6708 8966 4416 9565 2125 133 2865 3192 7593 6947 8706 2646 777 8135 8565 8057 3531 2816 7579 4984 7781 4658 9173 764 2618 7546 3453 6497 4983 7011 5128 8687 2195 1847 1880 4418 1185 1072 2710 2153 8029 3841 5174 4773 505 1658 315 4167 1183 7131 4442 9238 3754 9258 9967 1267 3453 5723 9979 9642 8913 7417 5563 3690 5208 2552 5545 9712 7427 2546 2900 992 355 4034 8139 7897 1598 828 7820 6521 3504 6213 7485 3431 8743 8205 2027 1112 9682 5367 7331 2748 4838 8666 9264 3926
7790 296 9452 7745 0 6979 7766 1701 4412 1539 7128 5681 385 7515 5045 6884 4249 6767 6511 5163 4928 6868 1012 8320 8500 1616 7945 1568 3272 6562 1118 9379 6467 6911 3047 3797 7340 881 8190 7176 920 4980 6202 5676 9167 3115 3003 3138 1869 9306 6759 3936 3658 1552 9401 6498 164 5035 5628 2135 6684 7981 4287 8953 2467 5076 7161 8751 9799 7988 9340 6950 6584 1587 6004 4383 3286 4425 2008 6013 7415 947 1742 2519 9753 1926 2799 9953 216 3007 2400 6945 2079 2283 9482 4635 9893 1394 7891 223 33 2736 3064 1305 6875 1407 6189 6799 7378 4999 3549 8261 5352 3885 3485 99 54 4063 3965 431 2671 7017 4822 4712 4311 3492 3840 6079 136 9814 1553 161 355 8809 7462 1602 5318 7860 6030 7512 484 9085 5596 6355 201 1029 492 1878 9238 4326 3271 8446 7200 4880 1067 7779 2453 1140 5702 3975 4249 7837 6643 9233 5994 3415 1844 5859 1029 4540 3430 8456 6121 9040 5925 9404 5811 287 3584 754 5993 8545 6472 9061 9408 4586 3770 2863 500 211 7351 1074 6448 5597 1131 4763 904 4989 5173 1710
3752 6130 1897 6552 6979 0 9009 4049 9105 6252 1901 8617 3871 3780 7468 1072 3156 4946 5483 3817 7125 9298 4979 399 231 1608 6121 1776 4363 5367 9137 1799 1340 6374 874 9794 5007 3686 5646 887 8113 2886 6585 1731 9280 1573 9201 3995 2996 4112 5355 1667 1780 4227 2081 4230 4201 356 3879 7761 2524 7442 2588 6734 5240 8189 6667 4099 2724 4873 1600 8748 4609 2777 8829 133 9327 1897 4299 8614 9138 3270 5281 4607 616 8179 2552 5798 2038 7277 3901 7045 7153 7459 1490 8244 4651 4436 4981 4093 603 3111 4037 6616 6841 1416 5605 4027 1002 2666 885 5228 1546 4327 4833 6418 2616 6023 9953 7390 439 6156 5188 2369 9117 108 7299 8334 1435 4288 8064 9458 1846 9552 8638 1328 6097 748 9761 6599 6974 1817 5539 2631 4967 7036 793 4386 9570 7078 8216 1728 2147 2965 3204 7378 1359 3150 8900 1023 6275 5025 6406 2413 5640 4975 8237 7810 4331 3524 1173 8819 4762 5079 8630 9302 6590 1277 9306 8006 4836 5659 9887 3845 1404 139 3856 8163 8901 9288 2675 5344 7518 4365 1667 2876 931 7914 8815 1
9823 4258 4096 9871 7766 9009 0 5418 1989 9537 1934 295 2759 6937 1002 1563 5269 2657 1671 7657 4533 1679 2843 1832 6902 8293 1396 7739 7270 857 6151 2256 8655 4112 2736 702 7670 1692 1596 6585 3251 744 4481 1851 4094 127 6613 902 3401 6715 3711 4869 8395 1065 1450 2990 5406 2216 405 9503 8714 6712 4549 2543 5905 9453 4547 1289 9256 4197 1756 6919 5932 7486 9259 4469 6461 7343 2755 5913 6680 9569 379 3185 3852 6907 8166 8704 165 3610 1889 2179 3825 165 9358 1870 8431 8490 3429 6487 3776 5505 4501 2535 9661 2911 9126 8198 1899 562 4115 8682 7634 6954 9912 61 2291 6141 679 7019 8778 6488 1114 2393 5054 2298 405 3166 998 8861 1239 2411 6936 6207 5693 3741 8911 3589 8681 7917 2076 1665 9265 6237 3844 2955 7849 2078 1194 7630 1563 3570 5143 5731 7281 1503 5127 1366 2309 7220 7927 6441 3357 6836 9212 608 5874 9108 3645 7166 3823 8792 7109 5906 7258 6057 8281 340 9192 4886 6251 8401 3043 5879 2568 1035 3501 8580 5861 4251 3285 5956 4938 6650 1039 9031 9635 4986 7586 5126
6054 2194 5418 821 1701 4049 5418 0 2022 366 3505 2912 1234 6249 8186 720 1555 326 3441 5409 1808 9004 8428 7077 7156 4099 9440 8291 9345 8972 214 7474 6919 9573 2222 4462 5960 6540 8690 4958 3295 8957 2185 3700 9551 2574 889 6377 6396 5397 3724 3082 3375 8252 2839 8091 8149 5831 3257 5127 5025 7031 7621 255 2822 6970 6781 4682 7846 5738 8427 745 7482 8362 1499 419 3783 379 6436 2847 7730 8015 668 1937 5644 1554 4740 479 7830 7782 2414 5046 7934 304 2128 4914 3400 2704 1163 1682 3857 7978 7119 5452 6829 7742 8158 5431 414 2361 2365 8600 3614 4424 5048 6546 1255 1815 7340 7127 6829 4751 5267 501 3409 9986 294 4285 9899 3851 5982 8835 6108 4684 3798 9355 1982 4467 1799 2388 2778 2266 3749 5691 5104 1712 4966 8453 9505 9959 4470 8956 4024 2346 2560 89 881 7728 4899 2420 7990 1803 1040 353 610 6697 7720 2413 3755 7888 7033 615 2201 8951 4975 3428 6847 903 5164 3299 9935 2005 3622 3010 5226 270 4925 1539 1542 8653 5843 5793 8554 1390 2903 6579 7884 5508 1538 2173
4703 7362 8104 8412 4412 9105 1989 2022 0 4917 6562 5513 8137 3900 8355 8122 8665 3316 3337 8134 4575 6971 4479 3142 4219 634 7723 4979 4875 9123 7188 1041 3792 9725 3065 4910 94 8703 9024 4741 495 993 157 3758 7717 7918 7336 7284 1616 9985 3181 6901 7002 922 1780 6404 6126 2581 3217 3753 2485 1209 101 2185 4837 4571 6387 4018 9381 2528 488 2125 3353 4342 1819 2015 1624 3277 6979 3631 2318 764 2864 7140 9135 232 5511 2498 622 6006 3417 3458 2942 4323 5305 304 5357 5692 3621 3618 8899 2262 7457 2723 2272 9954 7414 1164 6200 2988 1747 9844 6350 314 3818 6434 4041 3670 3059 3170 7751 8342 9533 248 5925 6030 4270 5695 5315 3251 2892 8821 8151 6529 559 771 397 1455 3135 1129 3496 3755 8582 6188 9177 8803 1322 3393 6632 6173 1736 9257 3346 5136 6469 8703 5201 1576 6577 6910 291 5310 1122 6313 8551 3339 1147 1319 7946 2230 9768 1614 2749 3621 9710 6161 6697 3850 1871 4593 681 1381 2102 7322 6315 5013 3146 16 8759 7474 4840 9131 7695 8340 7641 5042 3255 8153 6745 7211
5933 9965 968 4684 1539 6252 9537 366 4917 0 6904 1213 715 2361 4588 9160 756 7217 1240 9476 4109 7417 366 4583 527 373 287 865 2112 6370 3170 3941 9599 4519 6505 8669 4497 3023 9121 1095 9292 8177 9611 5547 4652 911 9495 7640 9540 4188 3587 768 2283 7680 4595 9753 9379 1892 7811 3513 9295 5010 1629 504 5093 580 7332 5042 7647 3689 8315 4457 3964 9276 6195 2128 2799 8355 4123 1047 1336 4131 3830 2849 9472 7608 34 2483 4307 8355 184 1112 3720 6478 3297 9443 6388 3919 5065 7435 3575 8697 4048 8212 6260 8426 8375 4419 4304 8830 7389 9551 2330 4900 6098 3172 5421 320 162 4183 5186 6603 2063 1841 1856 5016 6854 6264 6174 9437 5179 4236 2698 3153 7693 6902 1352 3953 3240 1893 7301 61 24 7970 3933 6651 3206 364 3041 1014 8760 7456 8599 6328 8592 2036 8886 6297 441 4901 7009 6067 7684 3492 6103 9288 104 9211 7359 6829 6744 1994 3379 8764 5423 8195 9475 6667 9632 3370 409 1616 2817 4009 1675 2671 6544 6898 797 4033 5061 603 9909 2231 4304 3839 9290 9389 1848 7345
5910 1603 9978 3380 7128 1901 1934 3505 6562 6904 0 3031 9249 4011 9380 2136 7047 5526 6359 2068 6181 4593 979 6889 2282 7445 4078 5649 7984 591 4549 1056 4568 3451 5247 317 1166 1146 1177 5949 1108 2688 9277 581 4003 8404 4478 6991 3906 2354 5630 9721 8544 483 7805 1670 615 493 5316 1848 1421 821 7503 8059 3398 360 5461 1019 2624 4156 5139 4682 717 3131 5116 4393 3438 5687 7120 9801 5488 9439 5439 2146 2022 3609 4425 3933 1076 1999 7843 4197 697 9889 837 2787 7769 997 4787 5413 5981 8821 5173 1961 1317 4992 4441 3654 4173 1607 649 3544 1763 8140 2949 4507 1439 9440 7474 9600 5335 9802 6561 4578 1602 8551 605 3196 1054 1805 2503 4678 3635 7791 4863 3625 8302 8742 8990 4434 68 9951 518 4026 2700 601 8794 9983 8600 7385 4412 8109 9695 2178 4857 2613 4563 6049 5012 8291 5911 8411 4918 5494 654 3083 7303 857 2611 6272 153 9692 9744 6356 3508 2659 1746 1124 1619 6514 969 2415 187 8168 524 7325 2727 9178 2665 2664 9341 4606 4732 8715 924 8311 4300 2527 8422 2381
1294 6807 5530 5712 5681 8617 295 2912 5513 1213 3031 0 9664 4100 8386 4011 4824 7022 1581 3132 9097 1017 3445 4966 8180 3521 833 9622 3397 7167 121 4714 3230 1302 1870 8905 4767 3931 5032 9449 482 8785 4773 3532 9862 7056 1817 7783 7803 5081 7997 8185 4171 7196 6730 7841 445 7081 5812 4716 1738 7883 7524 9244 4990 174 7704 8763 1905 2524 390 4650 4580 2855 1508 9085 3511 3559 3274 6339 7236 7075 4820 6885 49 7309 6344 5389 132 7784 7817 7526 4819 893 205 9652 8747 4174 7121 5961 7094 2537 6579 6750 8644 3883 5296 7413 1585 5359 9170 9455 3217 9843 1016 4253 1811 3433 5805 9471 3876 8051 4944 9123 1892 2462 9985 3159 2815 2732 2537 494 1315 5118 1510 4257 6161 4082 3913 1299 2436 7145 9928 5574 35 852 3222 2388 740 1388 4475 8893 82 9407 7597 3347 2805 6381 5640 7215 7471 2381 7227 8243 991 1468 4575 2577 1670 3136 9237 7961 5575 6940 1267 3133 6132 892 9348 9324 9659 3817 7050 5472 6443 3830 6084 6610 6702 1097 296 4167 5142 3084 3216 6312 2230 9258 6047 4141
1428 8901 2123 843 385 3871 2759 1234 8137 715 9249 9664 0 2345 2874 7638 2603 8035 1573 3790 5436 779 154 4590 7790 3327 8798 4975 3155 8461 9972 8270 2647 1726 5918 2758 3213 1874 6489 5401 2022 2728 893 6580 817 9634 9977 7977 3740 7305 5465 7250 3977 9786 7476 2023 5961 2210 9124 9279 9760 1215 8607 4003 8629 5474 4676 4520 5878 3333 8599 6455 657 3828 4970 8595 9298 7038 2006 6229 8763 2893 9085 1434 8473 7245 5786 2472 2079 6903 234 3582 2912 8441 8192 4698 8462 4828 6980 1969 3266 3444 3738 5365 425 6210 5198 5326 8649 6828 4078 2883 6476 3430 5793 6238 8995 6418 6256 8737 7386 3625 7291 4492 3137 4036 6712 1903 3803 8920 5339 9857 5313 5073 1372 1501 9491 7131 1916 6716 3935 4422 5972 292 6275 4530 9138 3902 8234 8882 9849 3551 2670 9676 7058 7315 4362 1477 5681 142 8631 1126 3259 360 4232 963 8015 2692 5235 6326 544 9028 5785 8754 7532 3062 346 7063 2730 2705 516 9135 2498 2978 1232 1975 6860 296 8438 6424 581 319 128 9829 5932 3434 6624 7698 6531 6344
2722 7081 273 5235 7515 3780 6937 6249 3900 2361 4011 4100 2345 0 9217 9996 2374 7550 5335 6623 8678 2015 4383 3286 6039 5482 6481 6524 2071 1896 4218 4922 1258 971 7548 4825 3974 486 9592 3095 9837 2857 5139 9196 9878 5910 3147 1728 879 590 3734 7822 488 9912 1931 2217 2908 3464 810 9627 198 8114 5679 6840 8982 6846 53 9553 7008 3911 4838 478 2112 1327 9758 2531 2016 5459 7048 4714 2203 6793 381 223 2908 7105 6652 4023 4145 7053 6351 1237 3274 2107 6928 844 8046 2594 8108 5734 7771 2741 5814 837 4611 6600 2070 9456 5375 7304 3114 7262 5101 9820 4500 5346 3538 6192 4230 1672 2072 4558 760 1411 2883 5204 1852 7339 6707 3928 3626 1797 8714 7969 5365 2532 6629 1491 4992 8891 3745 966 1029 128 7415 9016 7210 5100 8875 7979 1919 9138 9208 7250 6289 9631 8997 7602 1836 4405 1219 3582 2126 723 286 7933 8160 5505 2479 6288 5881 1323 8050 9596 916 2740 1210 8949 9840 5363 3042 7207 223 4496 2942 6940 1185 2577 4152 9824 2733 9013 9527 8660 9537 1047 1279 8483 4594 5058
9302 5169 9719 5511 5045 7468 1002 8186 8355 4588 9380 8386 2874 9217 0 4797 255 7332 9088 7336 6013 2778 6338 706 7138 9718 3671 9323 211 6509 6711 8123 233 1900 360 8017 3397 6994 8641 6529 1672 4011 2203 5010 155 5095 5165 4803 2460 2171 9378 503 1554 2655 4150 6532 1411 9520 9183 7389 6937 9400 6871 7462 7716 1410 6131 7628 7742 1571 7299 5064 1237 9501 4079 28 3335 510 652 6184 3216 7812 6324 5409 1493 8934 2240 4966 7639 5078 2664 823 759 2675 9659 3455 393 9189 5481 1373 6260 9030 4242 938 6270 3538 5562 1328 3434 1087 941 9828 8038 9833 1973 1523 2770 20 7598 6523 9087 6751 5617 186 5808 1537 10000 9728 2909 2546 818 9189 4091 5621 2126 8122 6362 2274 3980 2355 573 4723 6039 6958 1173 8989 8612 4836 1598 6907 1394 1662 9754 9510 3385 1544 5236 8922 7437 3281 9921 4700 4171 8535 4816 2181 2161 4608 4361 1403 6430 7850 8461 6513 5916 6867 683 8805 7666 1965 5640 3558 3134 378 917 3278 3847 266 3376 9701 3554 8350 673 7700 7326 9163 6764 1284 6061 7321
6850 6615 8295 6186 6884 1072 1563 720 8122 9160 2136 4011 7638 9996 4797 0 9862 6104 5654 9483 1350 729 5294 4331 2904 6949 986 1104 1444 4002 511 5216 1730 7633 9971 4243 5230 5779 4657 4746 9887 6533 1022 1304 6378 4908 9938 4100 693 5630 8419 2712 3002 5114 7924 624 6924 9997 9929 5220 7198 4801 4941 7517 1403 4567 1313 8252 6578 1514 8013 6170 2682 234 761 5765 4644 2000 6976 1007 6654 1448 2042 1237 6068 472 7071 1920 631 3922 9695 7564 5865 3672 8982 6104 5939 5309 7048 1148 6499 2025 5402 7561 576 1566 6068 9183 723 1943 9758 3300 9013 8298 9976 3589 6539 867 517 5475 6181 2651 1020 1486 7109 6362 2815 6165 1409 2921 8363 9361 3686 8434 1434 4641 7717 2162 1313 2200 1504 5522 7783 1083 2829 7696 3569 4298 4704 5511 1598 930 8745 2840 8972 8316 6914 3507 6752 3725 5569 9791 3281 5757 3662 3326 1772 7413 3498 9613 563 6726 4452 394 7309 7849 4045 1744 5704 1605 1989 6944 6706 8738 3987 9099 7672 5611 2696 8122 4626 1145 7262 4004 6843 8250 1989 3682 2703 902
548 4497 9954 738 4249 3156 5269 1555 8665 756 7047 4824 2603 2374 255 9862 0 5116 3541 5571 624 1499 2719 8063 3945 1576 8912 7855 2667 4293 5503 6237 9484 2672 7963 1018 2822 705 1196 4084 3281 9085 3588 7985 8409 4994 1566 300 6965 7656 3820 8992 176 439 882 1036 8440 3523 5313 4234 620 5580 9031 2842 9456 907 8654 8093 8930 3155 6320 8323 3411 4696 5055 2337 2544 261 5686 3229 5306 9919 9089 9733 6206 388 5285 5709 231 593 8283 1057 2995 8684 2361 11 2839 5008 9083 4827 3219 8071 7331 3755 6918 6779 7526 3691 5588 1307 4891 3728 5033 6132 1134 8887 2140 1608 7587 4188 3000 300 9600 3146 8198 5399 1311 2172 712 2200 3148 6842 7986 9038 1457 5383 2442 6766 3604 5487 1944 2377 5170 9074 6379 6168 8031 8464 1188 3986 3082 7860 5040 5954 9241 6881 7133 7647 3833 4345 9069 1652 4443 988 5316 6398 4698 9035 8508 1810 1517 5334 8971 2764 2258 7127 1039 442 7879 3471 63 5161 3950 3139 4248 6103 1426 3779 2008 389 5340 7692 3722 8322 9838 3209 4613 8981 7694 2171
6815 2453 7908 3305 6767 4946 2657 326 3316 7217 5526 7022 8035 7550 7332 6104 5116 0 857 800 4017 7017 8321 4810 9983 2604 8349 5005 9843 2228 5525 9049 3599 7713 6174 9061 6807 6346 3451 3887 3379 1851 463 9059 343 1182 5516 4930 9361 7771 5965 1643 301 2388 6674 153 7318 9831 8173 82 4393 7147 5942 5702 5882 9442 4484 1450 4403 6085 2489 9428 9966 8184 4615 9244 715 4881 8298 4497 8221 6130 8404 5486 6815 9310 2858 5284 9127 227 5552 456 8407 2049 6929 6220 9542 1758 7323 2125 6724 8974 3347 5494 9871 7108 1971 2131 2835 5342 453 6056 4085 285 8744 5346 5695 2861 9411 6560 1767 2433 1425 5664 4915 3943 6488 8397 5268 7311 581 4254 2307 9359 2563 2351 9809 7184 9828 7145 554 5066 843 1078 9800 5176 5088 7534 5200 9582 2660 4737 9766 2011 514 439 4339 582 1253 2542 4279 7451 7882 700 4092 7225 6432 2530 7412 9876 4044 9636 1509 7726 4027 9997 6623 9297 1956 3435 1503 1595 4997 4780 3693 8831 7995 3022 8641 2040 3067 4801 4409 418 1175 5449 7555 6364 2290 4501
9633 9058 6507 3590 6511 5483 1671 3441 3337 1240 6359 1581 1573 5335 9088 5654 3541 857 0 1982 986 1665 609 9076 3743 9532 3333 8735 8345 5143 9582 4439 9803 8754 6615 707 9055 3834 3388 3812 435 9575 2397 951 6971 7279 5924 6119 1647 1618 1250 5204 588 8307 4430 6277 2600 9392 6733 4892 174 3978 2453 3841 8122 6290 5090 996 5959 6030 1672 6178 6281 632 6 7517 8879 7683 203 5932 2787 6998 3392 6270 6603 8730 5659 6502 8234 2203 9781 1242 7043 380 1336 7257 7541 7992 8769 909 8380 174 3141 4338 1656 9696 771 2880 5880 3964 2696 1017 6634 5051 3562 601 2556 9210 8120 1075 7678 8894 9141 2798 6909 8636 5948 4756 5496 1537 8639 4116 3338 3173 7629 3698 2246 743 1499 9284 98 4480 2673 6634 6828 947 2103 9104 523 5288 7431 4516 4996 2692 1935 8648 9273 810 7739 1326 6206 2510 8791 1004 7673 5730 5116 8465 2437 8009 4630 2126 687 8503 4630 3067 7286 300 367 6065 7840 7385 5874 1868 6647 3648 8886 9301 8315 6627 1165 4394 8800 6639 6192 4655 1553 1567 636 3468
5991 9946 569 2049 5163 3817 7657 5409 8134 9476 2068 3132 3790 6623 7336 9483 5571 800 1982 0 1382 4535 6398 9718 2948 9865 9954 1737 1136 6751 1645 9285 2951 1600 2132 837 450 168 3639 3974 7291 5836 9389 3158 9685 7039 3641 5756 5313 3874 2890 2551 4397 8044 7629 2468 171 3188 1934 5703 3249 8762 1321 1969 692 8145 2483 8199 3279 7750 2746 7532 6447 828 2338 1006 7087 5777 5870 4671 2523 556 1732 6801 9046 9374 5206 619 9681 6296 5594 9099 6182 5757 9606 8746 8490 7711 1187 9525 7696 9306 7378 7949 4199 3334 7252 6494 403 4731 7711 1483 5873 1789 8274 6689 7247 2956 8972 5616 6994 3235 6653 5021 6928 1567 274 4765 5090 4046 3604 6481 5948 2332 9883 3855 1187 8428 7143 5581 7830 9786 9535 2581 259 886 8068 1040 1992 773 1019 8216 9300 8511 9847 1652 9161 2496 4142 7957 8132 644 7816 5840 7802 7092 2019 3968 1479 1390 747 9569 2614 3822 9346 2140 7470 4720 5631 9263 9143 3019 50 7286 8793 398 6620 1633 9110 661 8424 3706 3492 1723 967 5847 8600 4713 4876 9715
1596 94 9988 4173 4928 7125 4533 1808 4575 4109 6181 9097 5436 8678 6013 1350 624 4017 986 1382 0 2985 6095 7060 5936 6015 3123 8379 5443 2116 8491 378 9486 1926 9125 9994 377 6291 1637 3856 8459 7813 567 4563 5816 4301 1424 7108 2109 2195 4514 1987 3822 3905 4486 5393 2360 4278 500 4227 8950 23 1345 8386 2451 1680 7960 7832 6642 9054 1134 3880 3755 7561 5534 8428 6287 4231 8788 2202 3263 5773 5846 9711 1119 7785 6557 5240 6231 8308 8842 7570 1769 1048 7594 7416 3199 3311 3632 178 7443 9635 2461 761 4624 5821 9816 1930 9519 2004 2110 8977 2069 1138 8683 7805 2646 2760 4192 3959 2384 9470 63 4091 6251 9909 6575 1077 2448 3989 4662 6294 8869 6953 6139 7042 9787 644 3300 9384 9529 9908 9178 7434 8401 3244 4695 5915 9620 6193 5895 2993 6448 6039 1043 236 5571 6018 6061 3003 8676 1774 1238 9891 834 163 7121 7959 7119 2914 5989 2143 6115 7758 146 2999 1066 2204 2218 7974 1824 4986 6145 5858 5024 2991 2560 8347 3689 1370 8696 9558 3927 7207 3001 6484 7734 8582 6350 9872
996 1264 1075 9606 6868 9298 1679 9004 6971 7417 4593 1017 779 2015 2778 729 1499 7017 1665 4535 2985 0 6565 4490 3380 6421 8784 1487 5223 2290 2591 8855 8038 4850 6937 4351 5031 9726 1235 1008 3390 3061 6456 2535 2681 8991 4759 9108 7821 7157 7530 2940 9423 6599 2449 1371 9110 386 906 2599 4018 7089 4530 1105 2641 8699 6658 2800 1822 3397 8281 6870 5269 2772 8640 3192 401 3687 6387 5169 8317 9260 3655 4091 4535 7192 8694 8004 9246 2093 2191 7658 5759 754 9490 3645 5790 5957 4229 2179 712 9434 4216 5448 357 8640 1816 8840 2764 8602 1051 2230 570 439 2688 4124 9662 3503 8136 2076 1341 9115 5235 6663 5607 2034 2130 2463 5497 9920 3367 4732 3495 7151 6209 2673 6025 2487 5566 3734 3803 3073 9445 9123 1168 7155 3114 1360 7629 7894 652 3223 3425 5966 2674 2781 4375 6025 3935 4455 8684 5428 1989 6932 9674 5383 8414 155 4166 3374 7880 8220 1586 1074 4313 1339 3061 4909 7968 5282 4446 9547 9255 7737 2922 6118 4983 3173 7181 9784 9388 5928 1366 2482 4443 9798 7921 3490 2688 7826
4755 3872 9204 7008 1012 4979 2843 8428 4479 366 979 3445 154 4383 6338 5294 2719 8321 609 6398 6095 6565 0 7047 4679 2480 127 5975 8372 15 4559 9297 3368 7196 9215 3245 773 966 5433 9722 7775 5122 3256 5597 5160 4784 1056 2380 5756 560 3847 3692 2947 6440 2591 142 9539 6686 1770 9489 5203 5692 2316 7735 5140 8532 3418 935 9993 2883 6482 8838 3850 2624 6309 5849 8528 4113 9552 4117 5799 8369 2851 6423 5004 8957 9706 7953 5821 703 8301 1078 7596 5359 7115 9361 8024 716 2564 2094 4073 3728 470 9601 920 5938 3198 2746 7426 9651 2035 1919 8477 1025 1795 4125 1880 2378 7617 4818 540 8639 6849 7290 7286 9981 5840 1008 704 9705 2232 4960 4886 8030 6741 2516 6195 4482 8874 6319 6628 2076 2218 9887 1533 9927 6622 5195 2937 8217 2069 680 6197 8417 4384 1945 4770 8732 7735 8812 1857 7630 5303 6753 9089 8186 7865 761 5807 4259 9435 6456 2956 1299 7718 2207 8991 3602 3810 3267 3013 2687 3377 7983 2772 3744 5765 6122 6882 6207 9265 5846 7394 9527 9607 2779 9630 578 6546 8270
5345 8489 7862 138 8320 399 1832 7077 3142 4583 6889 4966 4590 3286 706 4331 8063 4810 9076 9718 7060 4490 7047 0 5978 4181 5878 7749 2392 829 1213 2216 9242 7377 122 8284 7532 5223 8765 2055 5331 1030 7757 1562 6388 2147 6914 1477 2490 7906 5666 1947 6249 3657 2971 7557 7068 4911 2911 8606 8122 879 4637 8305 3094 767 1120 4587 1856 4781 2177 307 2088 820 3709 336 6926 9528 7699 859 4252 2936 3598 1380 9046 8941 7753 471 2448 7826 508 1408 1523 7888 4334 9681 7906 6872 643 5454 6373 3835 4482 2671 4896 8664 6516 9351 6022 3571 1285 3890 3352 6429 382 9231 7472 106 2584 5863 2999 1272 5942 310 1541 8225 8393 8404 4104 2980 9886 948 1879 2297 2938 4414 1367 4294 613 1051 2376 6885 930 5881 8345 1571 9905 2141 8125 5143 9886 9393 9813 1122 3209 6940 3342 4506 7061 8227 6376 5791 5907 9400 5864 6287 9636 5133 4018 7104 4598 9567 5587 7857 6519 9410 2988 2030 88 4563 9610 9603 7843 3073 6824 7229 7221 6304 4631 5548 2951 4859 6972 2219 3590 709 1987 815 5198 9157
8560 4420 7605 5637 8500 231 6902 7156 4219 527 2282 8180 7790 6039 7138 2904 3945 9983 3743 2948 5936 3380 4679 5978 0 6914 4674 9382 7719 8080 3682 7771 3802 4989 6856 8005 7424 6580 6478 2252 5251 370 7772 8335 6477 2949 7634 6451 2162 2323 4662 2349 5206 1337 1854 520 7834 6861 7194 3943 4889 232 5780 595 2936 645 2808 9854 5629 9604 2615 1841 3663 6705 860 9004 973 4671 3779 9313 2265 1566 5498 2944 4656 7889 4036 6801 678 6905 7842 6818 9553 2296 6242 7417 7373 5256 236 3732 7279 2269 9282 1167 4004 3287 7307 5233 9725 6041 8557 2982 6113 5817 5511 3858 2087 2622 3673 4560 8065 1096 3413 9152 2600 933 5292 3121 2085 1055 9019 775 8346 8945 5778 5735 2244 3474 1833 5404 1719 9461 5959 3014 9372 1048 8690 1871 796 9510 1100 9956 4814 3579 3556 5846 7400 4023 8653 6156 101 5465 2751 7712 6193 7691 2989 6139 3280 2134 6000 8585 5986 8530 3487 6251 1388 120 3559 8163 5626 5204 2878 7686 2860 2848 7057 1977 8166 8405 3110 8338 1352 9058 6374 170 2247 3080 1717 8110
6410 4730 2106 4468 1616 1608 8293 4099 634 373 7445 3521 3327 5482 9718 6949 1576 2604 9532 9865 6015 6421 2480 4181 6914 0 2923 3787 5207 3941 5399 7287 5537 210 7390 4389 7917 6081 8572 5904 4470 7610 6167 7767 1333 122 2598 3272 1488 5287 8856 3014 949 2627 4044 6896 2488 9324 4694 6096 3754 3292 7531 5311 6000 8411 4509 217 2 8584 6468 6503 2277 4568 9391 258 7757 9325 9620 2140 9226 6040 5770 5003 3717 2653 2255 5767 1578 11 9969 4139 5595 6117 5747 7232 2060 2165 3070 1041 9315 7387 149 8437 5577 1126 8899 8400 8612 5747 8113 1994 9335 8627 9798 1668 3146 3785 4158 25 6343 3284 7125 5282 3396 7570 2254 6922 7714 998 1726 4998 1306 5193 5489 6634 7532 2160 808 3991 5779 3682 3113 3224 8296 935 8254 7835 6753 7027 9890 7598 6255 2945 4173 8676 4411 2430 6033 380 3130 8795 6882 5849 2432 5520 4202 3045 32 607 9995 1159 3718 9087 2930 3946 6269 1017 2003 4954 977 1265 1145 6035 1821 4050 6552 7929 7394 4785 811 5318 6451 767 1651 4801 5849 7118 2199 4246
9590 5851 4950 1962 7945 6121 1396 9440 7723 287 4078 833 8798 6481 3671 986 8912 8349 3333 9954 3123 8784 127 5878 4674 2923 0 3218 4022 4299 3065 6122 2506 7740 7982 169 9060 966 435 1630 3925 8776 9422 4035 9224 3683 6591 2353 6986 1563 3679 1598 7425 3206 811 913 9400 3833 8020 7339 1201 9514 9559 6560 6562 5850 6645 888 3982 7788 3040 4005 6767 7145 4611 5376 9382 4393 8472 7527 6143 1413 4003 8756 7258 460 7874 6901 895 2790 70 5781 3106 8291 5387 4408 2064 9719 9563 3047 6937 295 3076 2871 126 7393 6589 9658 2236 3236 4830 2045 7001 2205 9232 1198 320 7579 4560 3871 9714 1030 1864 8094 6643 7063 6767 7551 5808 7282 8632 4913 96 3311 5353 2972 8664 4867 4200 8042 9292 7271 2428 6331 1344 595 464 9145 1442 6159 485 3229 6472 3262 4272 5972 8475 3686 20 6553 5569 78 4948 8146 7047 6600 6501 7644 3217 3212 8068 7437 1710 2707 573 689 9488 8703 5990 3887 3315 9056 1158 3271 3971 4596 9538 7265 8780 6671 2090 3649 6945 2981 1725 2905 7045 9800 4950 3550
8907 3884 8329 10 1568 1776 7739 8291 4979 865 5649 9622 4975 6524 9323 1104 7855 5005 8735 1737 8379 1487 5975 7749 9382 3787 3218 0 324 9096 2980 312 6009 7275 2027 9262 3899 5740 4572 5516 6032 1928 5361 5456 8142 6356 1845 70 6403 258 6507 2840 2828 6630 5263 1645 9802 917 2002 9743 9920 3734 9123 6900 5316 27 9060 8673 9075 4008 5234 4957 1760 6878 1216 2206 3035 4181 5990 8394 9290 2362 5525 7110 2345 3182 113 7599 8259 3255 8702 6067 9952 7926 9593 3549 2496 585 396 7897 732 2883 9811 7885 1389 4752 3074 2237 7402 3651 2421 4289 2550 9162 4537 7193 1534 11 1275 4 7509 7655 9729 874 5587 6248 7516 6215 7085 5005 1567 5504 1695 8010 3981 8778 8753 2457 4805 7053 3947 6129 7833 8112 9735 8467 2508 4835 4697 6479 2203 9475 2702 4613 2944 4904 9356 2364 4536 8500 1373 1379 6575 853 2964 5781 7799 456 6752 5870 9475 9016 7729 9083 7290 9716 1832 3407 5497 8088 3608 4828 5839 2522 1511 8816 1467 4705 1592 1474 6333 1758 677 2964 5543 9595 2329 697 5630 9856
4327 148 6964 2735 3272 4363 7270 9345 4875 2112 7984 3397 3155 2071 211 1444 2667 9843 8345 1136 5443 5223 8372 2392 7719 5207 4022 324 0 2251 3313 4405 6364 9218 4731 9944 8940 6918 7821 8104 7283 3079 8860 4592 3002 5977 8658 7506 1072 7268 8999 1752 824 1414 4869 6124 4387 5902 3993 2379 3528 2906 7261 8916 3600 1014 1035 4579 4233 4002 3527 5599 3573 2331 9876 7469 6152 3705 7216 7228 300 2063 3753 5673 861 6027 5500 5882 3714 464 8280 4708 3483 7407 5312 5467 5523 809 4274 5894 5058 8801 6894 8525 7786 6260 2961 6621 2459 1548 1773 6854 2861 4609 7555 7168 9952 1642 231 7202 4287 6559 7108 4449 2910 2904 4763 3408 7440 4148 1001 6460 5546 3142 2391 6039 3078 7326 4389 8130 2688 2114 7632 8475 609 1653 5340 4374 3895 8608 3342 9983 630 6621 8846 7802 9810 1441 9704 6005 8239 3763 9174 1411 2636 8028 7898 2389 9486 4452 5264 1037 5192 6589 3085 7820 615 1190 5961 2430 699 2000 1489 6506 5587 9046 633 308 8467 4963 4510 9579 9708 2815 7422 5817 2827 2835 8281 2785
3513 7440 6526 423 6562 5367 857 8972 9123 6370 591 7167 8461 1896 6509 4002 4293 2228 5143 6751 2116 2290 15 829 8080 3941 4299 9096 2251 0 4678 1553 6709 3193 103 3312 824 8308 3897 5569 1544 2294 5874 8459 5389 6978 7923 969 5623 2362 3199 3802 9802 5934 7111 8390 1510 6538 7983 2448 1286 6005 9054 2973 636 5072 5938 1605 9054 4721 7459 5455 3619 933 4960 3440 5226 8187 9367 4155 9490 6996 7237 1226 5152 3082 6021 9491 7769 797 7348 9660 3667 8118 490 6848 8349 7227 9607 7169 5934 6257 6240 469 2688 1551 867 2044 5920 3266 3230 4726 770 122 871 3267 1508 5648 7039 7551 4457 3514 2511 9030 5855 6264 5901 520 7442 4931 4209 6642 2851 8916 5258 203 6612 2158 784 5610 9165 7231 6009 5596 8502 6906 6873 7797 6504 1390 96 4933 87 9304 9939 1640 3485 5200 5832 6206 826 257 3675 5885 2526 2151 5392 8488 2229 9513 8763 774 3407 1630 9541 9061 5948 1209 8874 7141 6356 5255 8700 8885 5797 3429 2890 482 1689 9168 7719 3830 5480 9308 8406 7868 8547 8952 5115 2211
759 6337 9494 1199 1118 9137 6151 214 7188 3170 4549 121 9972 4218 6711 511 5503 5525 9582 1645 8491 2591 4559 1213 3682 5399 3065 2980 3313 4678 0 3844 415 2433 2722 6832 8101 1600 5568 1186 4178 4627 9641 3597 4513 1708 9075 642 2384 2899 5098 6806 2054 2989 9552 9319 9614 6022 1773 675 5206 2744 9123 1141 4150 8225 2683 215 1355 4363 4793 7618 7893 7749 720 9791 6620 6572 8339 1360 6134 4312 8348 4364 9058 7075 9106 7664 7595 3797 7003 7231 9906 4906 2802 5743 5429 9463 668 6800 2373 9642 1919 376 7282 2416 3302 504 919 7325 8410 2980 4702 4637 4535 7080 5840 6813 2658 1609 7477 7408 6928 2046 3142 3936 1735 9493 2138 9696 1957 4020 1307 4102 3989 7083 2893 7117 5024 8965 560 1974 2307 8244 1390 3892 7321 9984 1138 6755 2043 7647 7589 6427 4630 7016 4385 8612 7585 4408 8949 6285 9407 7686 871 4645 1624 4738 5745 9860 5221 5813 1260 5659 7770 1418 4168 473 6784 6805 8281 5453 6763 6802 1040 1602 762 2685 8493 469 6123 3961 7224 6252 6887 700 4317 7047 8328 2510
1588 986 6228 9836 9379 1799 2256 7474 1041 3941 1056 4714 8270 4922 8123 5216 6237 9049 4439 9285 378 8855 9297 2216 7771 7287 6122 312 4405 1553 3844 0 9479 8379 3693 349 9365 4285 8191 685 8167 9268 3375 461 3265 7021 8812 5878 4516 7935 630 6630 1974 9099 444 4679 8384 9813 8136 7043 9552 9230 9410 3719 2476 6140 5646 4168 4259 7819 4531 4848 1952 4316 7198 5126 1086 2810 8932 3933 7869 6000 518 9594 4819 2483 2443 1002 7179 5234 7309 2878 604 3788 255 7098 7423 6119 3092 8286 9287 5079 4083 8608 7372 7790 7387 4814 7198 8845 5176 7732 8852 831 91 7336 5737 3797 996 7235 911 8081 4472 9142 8522 1501 3012 3717 9583 5264 3195 6467 2741 2438 6243 3905 7375 3579 4806 7999 3173 4193 4718 102 6344 9569 7233 1210 465 6813 2693 2362 228 1180 7411 7551 7956 6665 3067 8897 6939 4158 5759 1145 7751 5705 2729 5864 9650 8460 7523 9391 9237 4770 3161 5418 2089 7230 6035 9415 6724 2980 9358 7214 8823 1837 4286 8572 4925 1691 1764 9789 4887 6639 6022 2618 2405 1955 7933 5640
3806 7803 3357 4117 6467 1340 8655 6919 3792 9599 4568 3230 2647 1258 233 1730 9484 3599 9803 2951 9486 8038 3368 9242 3802 5537 2506 6009 6364 6709 415 9479 0 5542 7039 9166 9295 3104 4588 5276 4041 7952 8219 6412 6267 9174 4582 1901 4497 3838 1488 176 2082 9488 3453 4551 6005 9117 4024 650 1001 4892 4823 6614 4285 3399 7448 1479 7776 2513 5551 3245 2356 8210 578 8323 4028 8119 2687 4581 9164 1006 6157 3840 775 2022 536 1979 3655 6671 4128 3728 2957 8435 1247 1116 4768 3685 648 1487 6861 3747 2644 1986 9169 4758 7887 9541 7925 1454 5785 6341 7875 555 2663 1993 4776 2299 3425 1617 2800 586 9159 1985 9102 9766 2630 348 2871 1038 2553 3062 3330 7966 6045 2623 5682 7564 6844 2712 1511 9493 4322 3893 4374 2115 219 6511 2776 3390 3267 5564 8513 7658 9335 3330 3028 3792 886 6422 9024 7417 5595 8723 9692 9454 5022 7260 2002 4580 1617 8660 6419 5295 2557 9998 2276 1600 9117 8522 6997 5427 5138 4948 3994 5590 9075 6628 1932 2308 3486 3806 8755 8958 2267 9108 3788 5679 7621 965
2146 8411 1650 2850 6911 6374 4112 9573 9725 4519 3451 1302 1726 971 1900 7633 2672 7713 8754 1600 1926 4850 7196 7377 4989 210 7740 7275 9218 3193 2433 8379 5542 0 3882 7808 4568 3701 4728 9657 9410 5745 4784 6227 7227 5604 6757 8094 5817 3320 6229 7168 3203 9876 9367 1764 5869 2741 1092 2476 5555 7336 9278 7050 9056 6500 8312 9392 8085 3339 4696 7793 2966 1641 7486 2989 2672 8777 1102 3787 9831 6352 622 1618 3025 266 5081 7479 2073 5149 7028 4930 5925 119 6539 3085 4374 4866 57 7909 6826 4557 9892 506 1249 1530 9460 8889 5046 1716 8485 962 1813 1308 1454 6257 159 6514 9799 7475 4859 7207 9736 193 6121 295 2833 3433 8460 5459 8978 1611 1312 9598 8 6958 9252 4872 2025 9658 4327 1509 5963 1484 3244 2328 8098 8454 9716 4721 5697 6224 278 1878 3882 6447 2645 1404 1985 6314 8194 2743 9445 1840 3759 2159 5595 4370 7369 6008 7924 6981 8063 728 2449 3777 6200 3016 8501 123 6054 9779 5651 9531 6848 9842 3960 3096 6331 444 5682 3309 5172 5348 164 866 968 5844 748 2137
4423 621 5065 8783 3047 874 2736 2222 3065 6505 5247 1870 5918 7548 360 9971 7963 6174 6615 2132 9125 6937 9215 122 6856 7390 7982 2027 4731 103 2722 3693 7039 3882 0 7806 6808 8017 1707 2505 707 5979 1646 9134 108 9444 1884 7974 9323 458 9323 2961 8903 3470 7069 7182 9106 2567 199 5411 6539 6752 5115 6319 1181 8823 8712 394 4454 2269 2897 6426 4011 2793 9753 8902 9764 6295 4434 6198 2234 7809 1846 772 2314 211 1150 4744 1522 3685 7889 2928 6437 3303 1567 5991 7634 2012 6999 9599 6808 7249 5299 9525 7071 6536 7626 1733 3990 4308 3397 4866 7424 3029 8056 7821 1132 9666 9354 8863 5693 1883 8369 9606 6105 947 8779 1075 7000 2753 7117 6910 3267 1117 6858 8568 6021 4513 5295 1040 2364 4945 8478 499 8661 4457 1752 9050 7075 9497 9771 7700 8059 8856 8887 7641 924 1122 8080 9698 233 5139 734 7012 5770 1333 9423 7295 459 9836 4989 6085 1399 6586 5300 9306 7969 3492 8696 3055 782 3532 9819 1169 1415 5698 6146 8701 8255 1309 6201 6718 6868 6169 8640 2201 8114 6575 8110 8516
5530 546 8733 9303 3797 9794 702 4462 4910 8669 317 8905 2758 4825 8017 4243 1018 9061 707 837 9994 4351 3245 8284 8005 4389 169 9262 9944 3312 6832 349 9166 7808 7806 0 3562 8572 3262 5276 5713 7114 8906 6732 1253 6922 3352 220 9583 7152 3854 456 6952 8713 2879 3231 1967 3644 2067 6763 330 8903 5747 2300 7856 5763 5092 3766 5741 8856 6669 3177 2813 3845 1778 6993 1004 1520 7931 8925 2369 4539 510 2438 8021 5405 8512 4520 9589 5399 6515 5435 3420 1056 9993 4451 9699 6506 580 1145 9105 8671 715 3484 7365 3021 2837 9328 3114 7518 6331 7942 1688 263 3649 6124 3536 7168 8624 129 3020 1098 7143 1052 808 7802 581 4246 8259 3045 5494 9403 2284 9548 2007 8918 4360 8743 2527 3711 6345 959 1801 7068 6445 5212 5557 836 8609 110 7769 9626 8481 7561 3601 1457 6447 8510 9015 5106 7683 9437 7177 9760 9973 6332 9637 1255 3752 3941 9285 7051 9234 1207 1914 804 1466 5858 190 5174 6896 4382 3953 589 9635 3702 7310 3785 4193 8725 1043 7926 2589 3610 1597 1090 9931 1804 1407 8079
6213 243 346 7312 7340 5007 7670 5960 94 4497 1166 4767 3213 3974 3397 5230 2822 6807 9055 450 377 5031 773 7532 7424 7917 9060 3899 8940 824 8101 9365 9295 4568 6808 3562 0 711 525 5237 4619 5188 2967 5783 4123 5582 198 6050 4379 1750 9145 8778 6705 9683 1750 1669 2300 3058 1760 1441 4796 6372 1885 3796 6887 9961 9703 7402 4843 1915 4857 9848 2925 9753 3906 5475 7148 4167 4517 2325 8027 9607 1177 9094 8868 5076 1014 7916 754 3226 8194 5633 2494 2523 9258 4256 8934 3938 6624 6618 8308 1867 1809 3770 9622 1446 176 9987 102 7034 8234 6339 1662 2944 3840 4570 2345 220 6093 8186 2432 6678 8782 9777 9420 7848 485 5556 4636 1510 2709 7044 9750 6554 6726 4380 6522 4926 7248 5221 8178 8596 8962 297 7159 7256 5636 6743 24 178 5438 7797 6129 5532 975 4501 2371 1586 6638 7556 8070 6922 145 3922 6853 8082 5765 7713 1626 8700 4189 4982 1515 3682 7542 5256 3399 5689 6254 8954 4015 3836 781 5698 860 1001 5358 1955 6387 438 6135 1621 2391 3128 3073 497 3212 6101 3345 4199
6378 9598 3169 4578 881 3686 1692 6540 8703 3023 1146 3931 1874 486 6994 5779 705 6346 3834 168 6291 9726 966 5223 6580 6081 966 5740 6918 8308 1600 4285 3104 3701 8017 8572 711 0 7558 3918 9343 1376 6281 4424 5325 9746 4194 9722 9900 9968 9654 4308 3098 3776 1813 1826 7086 8232 1069 7324 1518 9783 3601 5146 5640 515 9266 1312 9225 6318 9820 5826 3623 8653 7186 8688 8897 8211 2586 9527 5421 2905 4377 4534 4751 7927 318 4852 1101 9350 5742 8673 993 4709 1980 5879 1583 9957 200 421 3205 8309 4130 7408 751 6119 8987 7459 3287 1715 3319 5936 6446 1841 3909 1591 4081 4291 9800 4079 2889 4161 5675 6218 9289 7318 4119 175 6885 2281 5531 4063 4074 9684 9195 9113 7285 5146 2978 70 1040 6316 1594 4985 7497 6113 799 798 4996 3415 4132 3403 4512 5830 5388 872 4549 4281 9880 3429 9980 7312 7522 9775 196 5384 3115 8529 7141 9714 3998 761 3994 4905 1991 1854 575 598 9883 4656 6902 6980 4715 9052 9213 858 8562 8739 3018 5136 2580 4295 3652 87 8903 9916 5247 8266 6552 1459
6104 254 3510 3459 8190 5646 1596 8690 9024 9121 1177 5032 6489 9592 8641 4657 1196 3451 3388 3639 1637 1235 5433 8765 6478 8572 435 4572 7821 3897 5568 8191 4588 4728 1707 3262 525 7558 0 7296 4127 7851 5017 3286 9032 9808 6599 8391 4465 6142 3460 2869 634 7014 1130 5815 5535 8623 4938 4109 6567 2622 7493 7651 2676 2527 6897 7677 7698 9313 975 3146 2936 7345 737 8229 4769 144 5911 5323 1987 3619 7666 2577 8556 2597 5511 6912 5935 6978 6712 4306 4894 3354 2544 7780 1141 6325 8560 5325 8761 5478 2320 3522 3784 9936 5456 9138 6016 9058 1600 17 6749 1743 9409 4171 6363 9139 4713 9321 8317 6396 6490 1484 2820 1604 8985 9555 6519 2059 5090 12 2543 898 4862 1301 7574 4330 5207 9002 9611 4221 5106 5070 3782 476 1397 9053 749 420 3426 5010 9993 8600 9516 5756 1792 2757 7577 3478 9750 2544 7958 2466 9601 4868 1123 2889 622 8994 8363 3168 8457 3958 8394 406 4356 1120 342 416 2134 1198 9757 1162 8479 247 2469 250 1065 5537 6231 7288 398 6641 8002 20 3559 2494 9088 7168
1259 5498 8839 8252 7176 887 6585 4958 4741 1095 5949 9449 5401 3095 6529 4746 4084 3887 3812 3974 3856 1008 9722 2055 2252 5904 1630 5516 8104 5569 1186 685 5276 9657 2505 5276 5237 3918 7296 0 1915 5628 1257 6875 1724 6652 4381 198 456 7947 4525 5635 4716 9552 3278 5974 5484 5260 5136 5349 2026 8368 4750 9566 8058 2679 1660 2990 7609 6623 9181 405 2758 5373 3677 2991 8983 2085 111 5717 8256 4268 5347 17 7659 9135 3426 8089 9521 7438 4598 2011 9023 2960 7016 5225 694 9267 6503 9464 5766 2702 7809 2101 3376 1395 961 1930 719 2207 1344 7400 2288 7256 6593 9240 1406 268 4625 149 6300 220 4275 8624 5444 1346 7434 4748 2247 2659 3076 8175 669 5972 4100 8294 1910 3915 8790 1676 8390 277 8811 5173 4622 8755 5433 8251 9127 903 1324 2131 9616 7791 8386 3877 2797 6634 2244 9964 6298 3195 4097 4074 2319 7820 1502 5470 25 2052 8410 9385 7606 9470 8046 7 6769 8877 4244 6020 5047 595 3113 5210 5456 9890 968 8111 794 1597 6609 1378 1610 1215 4606 5874 6011 3995 7290 3152
9994 2677 2397 1094 920 8113 3251 3295 495 9292 1108 482 2022 9837 1672 9887 3281 3379 435 7291 8459 3390 7775 5331 5251 4470 3925 6032 7283 1544 4178 8167 4041 9410 707 5713 4619 9343 4127 1915 0 6712 7353 9717 5965 2642 6441 603 5316 7450 2563 8308 4452 3603 7381 2335 350 2381 2628 147 5644 7708 7919 1617 6797 6163 9589 4969 4852 3145 8972 9542 9975 5344 270 302 3874 8900 3784 8820 7698 8076 9694 6940 2913 8945 6980 696 1966 3966 223 755 9296 3922 4541 843 5580 5942 2226 4904 7078 1049 982 9873 2845 8533 9940 6530 705 8658 1479 4992 3549 4379 8589 9543 8021 4657 1507 6529 1969 4775 4115 7502 2657 3153 2043 8414 2797 1442 9081 4292 3341 9985 9419 3218 8428 637 5333 2671 8602 3320 5048 3929 2317 94 1743 2901 8293 1344 4998 3425 4471 7678 4893 4869 1605 3482 4224 7810 6588 9841 2615 7966 1409 5628 9131 509 6686 7653 2087 6200 7534 1912 7808 527 8832 613 671 2198 485 7298 2955 8186 2300 6317 9357 4889 6568 9275 4635 7638 6610 3599 7279 3104 5744 7977 6305 799
