200
0 1753 9421 7159 246 1442 8271 2288 2405 148 9505 6048 7878 2028 7579 1988 9902 130 4681 5583 3721 2923 8665 8488 1526 6915 7039 4279 9905 6918 4448 2791 6995 7832 5265 6962 3036 4683 5068 2375 9438 7142 3293 1036 758 732 4598 7540 9235 7094 8626 7104 3118 2309 1887 328 9771 3095 4504 7339 6110 4778 4284 7722 1376 3166 7304 9282 9489 5228 8322 7768 7827 3992 8281 6415 9394 8569 972 5292 2765 1454 5776 4047 4320 9098 2633 2930 4235 8700 74 5601 3451 1734 1789 1570 8895 1658 167 6844 7482 7384 7589 1343 9855 6247 7421 8181 1073 9773 6233 5479 5799 8333 1933 9369 8866 5807 8080 178 5915 2458 5976 3602 3406 3555 2286 771 2794 7991 1189 4746 8390 9087 1906 7812 2023 5003 3122 795 3058 8703 1776 513 8007 4276 2632 3260 8994 6098 1108 2929 8131 1097 7662 4893 3700 7097 3427 5261 8218 6354 3362 1690 4551 8102 4910 4630 8988 6629 9950 8550 2831 2694 3388 6698 3830 8602 6389 8368 2194 6163 4952 2404 7175 4301 4108 7517 6789 5984 1276 3347 8453 6480 7772 7436 9429 8228 5660 3819
1753 0 2626 278 9116 5775 6375 3746 595 7252 2544 1012 5651 3302 650 2554 4161 9075 1471 7642 5572 1539 8149 3966 3907 144 7173 7134 2602 3069 2858 1270 1162 2270 201 3739 7443 6297 8539 2396 3583 6201 9376 1628 1577 9451 5990 8742 2160 3452 7684 9604 2572 1703 6553 2171 4406 6477 9591 9709 179 2564 9344 3205 4190 3508 8009 9272 1566 2614 1031 9289 900 7590 8086 3264 986 1287 799 4658 2721 3300 4541 8930 9374 9363 5132 1396 6273 4552 7476 4938 3765 2995 254 3583 7522 1346 2372 1059 2017 6917 2527 5165 8363 6092 3050 4985 5357 4333 2026 3498 2091 6260 6988 9392 3697 2649 7630 1147 3092 2180 1859 4416 6282 4801 9860 1415 2018 2075 7309 1733 5574 9302 6806 9241 8053 2502 5081 6488 8977 6962 3271 5230 8855 3801 2552 5102 1421 6774 7810 333 4396 8522 1092 6014 4082 7525 1346 8641 4236 4957 9915 947 9785 9922 7548 7756 2 7427 1253 8523 7280 8079 9519 676 6296 4093 2956 1826 1174 7882 3722 718 1531 8934 1445 8215 5481 9725 2087 2351 4318 7086 1185 9927 2328 5201 167 585
9421 2626 0 5702 3031 1133 634 1073 3551 144 3996 2263 6394 966 4585 4767 4466 5858 7928 6173 5020 2411 2101 7853 5316 7752 4286 2174 6979 6366 49 4765 6573 5106 1396 5331 9173 7631 2550 90 9932 8191 8574 4368 3702 7467 1825 8109 7234 710 6618 2975 5567 21 8046 1411 6343 144 7977 6758 5189 8221 1762 2152 4426 3988 1566 4152 9847 7648 5363 5109 6393 2926 2402 9692 4801 1169 8466 5206 9522 9781 2565 4093 388 9624 527 3709 4332 4082 8506 7118 7681 2650 8558 5917 7230 2006 2797 5627 7509 9663 1793 7806 7624 5183 7657 2517 7313 6151 2741 9480 3999 3975 334 1292 3286 5727 377 4494 7557 950 1519 9420 529 8074 9968 3524 6849 951 228 1943 4942 8096 1148 1708 7655 3662 8275 4029 5037 2451 7639 4574 2771 4085 5309 5027 2237 7551 8582 2781 6381 9586 1868 5614 7538 5887 373 8875 7123 3974 5831 7557 5017 8929 5287 3157 2763 1584 2507 9706 9041 7158 4552 3898 5857 4457 3816 998 9390 4549 1739 9233 7000 6385 929 3138 7514 151 2807 9738 6531 7310 562 8260 1704 9174 6330 5787
7159 278 5702 0 759 2572 9830 6281 4262 9713 939 3493 4577 3519 6761 4871 6572 7804 9640 2546 3628 167 4131 2558 3488 6159 4557 4832 8157 4261 2036 7997 9750 9714 5150 7677 3726 9641 8850 1540 7111 2475 6793 642 5876 1863 603 1581 1078 5693 5714 3007 3023 4440 861 7949 2306 8084 9616 7336 5317 9117 6074 7012 706 6586 4560 6606 4158 6414 4594 5003 1961 2641 7398 9841 1654 6115 4265 4403 856 1921 129 3996 5629 3074 8221 6702 5463 5700 770 2423 9161 1960 9658 3004 7448 1682 1598 6932 6619 6943 2948 9791 1706 8930 5983 1086 1857 8727 8346 4211 3742 2449 6645 3875 7902 7930 1661 1546 9818 9571 5384 2142 3614 4261 6955 9904 5894 1433 497 6999 7407 993 5403 2793 9409 2317 8356 3452 1789 6463 1411 1885 3496 8919 9897 5740 167 8652 4644 3820 2266 8068 8058 3547 7925 7411 1025 5994 589 8714 8465 578 8586 1055 7664 6533 9812 8878 8891 2824 5964 7013 8488 5835 5038 4880 8766 6905 5035 7166 6306 6305 2896 2122 8862 846 7117 4850 3393 2877 1203 106 2353 9564 3392 8758 2357 5757
246 9116 3031 759 0 7135 7896 6500 9422 6026 1308 2777 205 8044 2803 8828 1011 3313 4759 9270 9227 8349 2858 6945 2760 5443 2823 6743 2263 8640 728 5092 1907 1808 42 1306 6279 8424 3764 3534 3119 4150 1948 3783 2607 9201 6454 1395 585 9819 1120 281 10000 9603 2353 4413 1027 9191 4867 8097 7921 6449 9743 7935 6874 5239 8202 1773 5550 1437 1117 3735 2827 5506 6827 8343 181 342 11 9287 9558 8601 8103 618 2915 8219 1788 8824 4671 4054 6059 4176 6391 5388 1541 3249 2817 9238 5381 8986 9244 6003 6466 8332 9116 9595 9660 7 8767 7600 7932 9181 5943 9153 1810 6037 4301 1814 7425 6372 5074 2431 2981 6801 9038 8545 6650 6859 4816 202 3386 3798 7304 7185 683 1953 9725 1696 5189 3097 9734 9693 7483 2852 5669 7215 7653 4586 5984 7281 4016 4675 2788 9231 5676 981 8640 5844 9904 8119 4533 8348 3077 232 6250 8043 2292 6164 1821 8839 9810 1430 7985 1730 9573 6510 6387 7327 5780 4557 3079 8746 6851 1863 935 3948 8730 9297 3537 9976 6064 4162 6750 6371 8162 1855 728 1472 2533 9359
1442 5775 1133 2572 7135 0 977 2865 1157 2225 739 2406 9487 1672 7937 4677 4391 4423 1756 3912 7655 7778 1255 4030 4367 3170 9209 4417 8557 9174 6956 7014 3391 4287 2021 2778 1281 4853 731 9172 7055 5811 2053 215 9360 1099 5066 6281 2945 6400 2054 4323 5320 2295 2553 8949 3309 8672 3577 4342 1256 7548 5692 9349 8690 9450 5234 8214 7601 5143 2756 5372 1540 8832 6772 4941 402 3977 5310 7302 3965 8955 8577 9834 9633 8503 1775 4881 5995 5093 7481 224 7517 489 9918 2329 9252 8990 6850 545 9423 1330 7080 1050 423 2384 1981 4572 4014 5530 3567 8868 6341 8292 5725 7575 911 1010 8752 4673 2902 561 8787 7230 5212 2549 3172 3148 3779 525 289 9325 5505 9562 3195 1665 3160 6548 3293 3865 5903 9398 1592 3684 4634 7857 4188 4841 6249 3124 5187 9928 3272 573 6950 4025 8675 9044 2974 2538 8471 9864 6431 972 8515 8694 6956 8764 78 8806 8393 5902 2826 3974 6514 1961 6925 6266 3293 7375 7478 6803 8945 134 1324 1352 5523 3633 7961 8931 8713 921 5123 8936 8891 4947 6238 7858 2108 5212
8271 6375 634 9830 7896 977 0 5955 8082 6429 3128 9817 4022 5855 9547 2683 4998 1876 3543 3070 7716 3877 8494 346 8999 6946 5975 6415 6780 2272 585 9660 2559 3727 3302 8654 6291 3275 9439 8679 3231 6564 2173 2965 703 2120 8538 2049 6336 4171 8316 9517 4613 8114 1706 7133 7951 2927 2903 7207 2155 7085 1944 2258 4535 767 4802 5916 2575 4258 2021 3181 3377 6086 3892 4892 815 9163 9970 8544 412 9979 5088 3663 1313 9814 476 6802 3414 3034 3452 3231 4749 1354 4536 7640 5809 7531 2146 7969 7880 247 6578 7920 1760 5613 3255 5551 1129 2879 1841 9228 6010 8750 8921 1677 626 5053 2647 1650 6199 1813 3091 7585 3011 5108 9044 8038 614 6421 1109 4534 6013 2005 8453 2261 1683 452 5488 8130 1757 7687 1943 6806 7890 2804 5186 11 9403 4196 4306 9449 625 47 9746 5947 9417 7274 6008 8279 6776 3795 2917 9932 8977 7505 4075 9669 1337 4029 554 3467 9150 2396 2926 9840 653 2784 3898 7367 1353 5029 9655 992 6826 4306 6466 6103 3120 4478 4277 1671 6470 9841 9145 9690 7394 7416 5177 8117
2288 3746 1073 6281 6500 2865 5955 0 5031 1026 4648 4984 2641 4091 9300 6857 8057 9960 5508 9982 2031 795 6364 933 7401 2924 1025 736 5233 8880 292 8787 5974 623 3575 6700 9442 1130 1745 7528 6481 9809 9904 988 7479 1667 7268 959 5033 1930 2047 2696 3371 6575 2446 3945 3630 9136 4759 7395 1072 6344 7956 3687 4297 9744 7635 3395 5247 5494 9009 1335 3315 9452 9558 3015 5958 2649 8803 3032 6240 1045 8489 8290 7125 3094 4971 4737 331 8529 9891 1350 3332 4802 8276 1240 6954 5331 7215 5512 3196 6938 9846 1220 9606 7788 6019 7390 2637 4925 198 679 7721 850 746 5090 1706 1416 2644 7111 5145 999 1216 8898 4781 1733 918 2217 6963 2376 6558 5453 7927 2990 6560 5698 5286 4973 9422 3543 8695 3768 4286 3687 2033 4620 2316 7078 5076 4620 5509 6769 9214 5085 3952 3761 827 7322 6927 4784 1124 1946 6928 1307 5738 5187 8320 2557 6028 7616 5352 9047 2660 558 3237 5982 8456 2118 3928 6897 548 4204 4689 7010 9519 9519 4741 3280 8250 861 8565 5639 5649 6883 8843 3855 3337 6655 881 2844
2405 595 3551 4262 9422 1157 8082 5031 0 8669 8231 6436 106 7607 1214 1944 633 7643 6638 3191 9955 673 3554 4952 8264 189 7453 5112 3020 8043 4465 8138 56 8758 4008 2587 2884 207 2510 9563 1335 1662 1677 2851 5168 3936 5505 1738 999 4355 3222 1408 1130 8957 761 8903 8505 9375 2590 8906 8866 1958 4614 1988 9990 6079 4829 2847 9637 5118 5651 3876 6029 1335 2018 7159 3701 8552 7326 7376 1078 6393 8808 7981 4634 5691 1813 3444 6689 7791 2952 7556 1874 2367 9087 211 5051 8289 3447 4563 1213 2226 3101 4355 1415 6221 2810 860 184 6459 5157 4613 7775 15 4165 7209 1387 9072 1706 8047 1946 6506 9282 820 8719 1166 8788 3153 9136 7723 3273 7806 5959 1465 7850 8116 9304 3096 466 491 2654 6591 742 8605 9943 505 2953 8106 1880 6260 9747 271 3781 4789 5235 4654 8561 3825 4906 1760 5155 266 8253 3342 1381 6219 9101 620 727 930 8847 442 6283 2851 4934 1440 1734 9804 8059 676 5256 9693 8313 4287 9948 8906 759 5864 2275 4880 8703 2104 9971 5112 2792 52 1769 207 7114 7743
148 7252 144 9713 6026 2225 6429 1026 8669 0 3017 8767 1660 5006 9640 3867 5211 6495 1292 8341 8729 4045 6466 823 6614 4351 7164 264 2542 5574 6603 6572 7834 5541 2483 1123 2360 7470 9135 9205 4057 482 9269 5405 624 2875 7429 7866 501 8974 5864 799 6334 6305 4374 7701 5382 5363 865 8293 5181 792 3377 719 591 9149 2809 9257 9658 818 9158 4117 7287 5910 8203 4214 8591 3629 903 5617 2217 539 9916 1555 4295 631 59 4818 8623 8005 4077 2793 1690 1882 6733 3804 6681 6929 1853 1609 9061 7706 7619 7693 9009 4280 2930 9036 8943 2656 5514 4748 790 6911 5698 4823 9580 6244 8255 2934 7084 3549 1470 3062 8581 7786 3973 2692 3477 5648 9402 3258 2278 5677 8120 5130 1554 9269 5710 457 8942 8742 8052 60 643 7787 5440 573 8589 3331 8820 8081 1212 8543 8608 6142 889 5400 8928 3514 9922 8150 1916 780 4224 9263 9826 9106 178 5846 9246 6398 7704 1852 7445 4957 5054 7184 6922 7004 429 1626 9937 8612 1491 6374 4547 6667 9280 5672 8332 9537 3646 3474 3744 4050 6928 5105 4116 4744
9505 2544 3996 939 1308 739 3128 4648 8231 3017 0 6177 6254 3632 9062 2224 742 8982 7441 5009 9313 5968 818 786 7961 6542 8656 1645 3903 6098 9516 7698 8510 5028 774 3125 4596 1540 8100 9759 5035 8687 5403 2837 1126 5331 1256 3576 7197 7135 8348 835 7511 1041 7490 4388 8203 7499 8315 5183 5855 1242 8429 7974 1335 7658 9858 719 1748 4472 795 3579 1358 9115 982 607 8369 9933 3995 3454 3541 3132 7210 2500 1269 1507 9674 7000 8361 780 4863 5361 1727 7481 1910 3282 1131 8854 6482 4120 8438 2493 2387 3785 8292 6288 291 4516 122 4548 6242 1841 8397 4036 5045 8503 8388 8509 7703 1095 880 7827 1633 5778 2542 5346 5678 7744 6223 3749 7705 2620 831 2751 2169 5706 2714 2217 5285 3752 686 7698 486 3479 403 9323 2163 8678 1425 4582 5355 5713 4427 3453 330 6388 3271 9392 7074 7131 6835 90 9806 5720 5928 4689 7078 3577 5401 6896 5783 1377 605 4741 4067 5301 1218 7944 250 9086 1911 113 791 9201 3756 2932 8000 5564 7501 6290 1154 3389 8219 6564 4884 3973 2532 1765 4753 1427
6048 1012 2263 3493 2777 2406 9817 4984 6436 8767 6177 0 4467 6344 5532 512 867 5444 6039 7255 6946 3420 9780 1897 6936 9319 2016 8284 7941 3280 8296 530 5098 2502 2759 3412 3737 3081 4295 2204 2230 8994 4957 1370 8434 5300 283 9746 9723 2028 5202 7043 4824 3298 2333 6774 7827 5022 9851 9299 1782 2966 8111 4231 9179 6254 5463 3044 218 5400 8390 4817 9561 3500 1612 2063 2880 7410 2015 6958 419 1496 1497 3542 7418 9541 2598 9029 5169 9901 8374 7163 294 2370 3644 3590 171 6500 706 3362 1678 12 8060 5025 3501 728 5816 2593 2292 4841 7950 3373 8073 4988 1301 7962 4516 1421 7138 1195 1671 8936 8163 8526 2734 4838 5221 2636 9220 8214 646 7343 1618 711 9455 7440 3753 6248 9431 4086 9269 5695 1811 4707 1085 8817 9811 3946 5868 6281 7711 6227 9154 1465 1745 9326 3850 9800 900 5888 6525 6730 7052 8646 9866 1351 6959 9141 6457 9185 5673 4278 832 1415 2876 9580 6331 3690 6183 6520 7249 8887 2961 6584 658 3045 7414 5549 468 3453 9646 6830 8407 5657 3522 9225 202 4714 5813 5866
7878 5651 6394 4577 205 9487 4022 2641 106 1660 6254 4467 0 1574 1096 3205 3951 5656 1719 2760 7275 360 2803 1288 9027 5486 9616 7987 6654 1834 1411 3572 2809 5089 123 9306 4483 3448 8733 3203 5590 6022 7474 3361 9524 6695 6070 4940 9875 2015 6832 9617 2128 43 5413 516 8471 8998 9294 1809 5902 8091 3865 4943 2637 1232 6391 2828 8371 3467 2939 344 9433 6750 7159 5681 3256 8532 704 9904 9185 5210 3390 6780 2094 8857 779 5094 4900 5401 2237 3655 9218 7078 7688 5188 6813 4387 6042 4222 387 9086 7100 9924 5183 505 3894 4496 8022 2501 1201 9868 9229 6976 287 8084 6861 5782 9828 4740 6109 111 9678 3390 5967 2134 8941 5340 7615 4215 5416 9362 4694 2535 888 1432 6185 5524 4215 1819 2626 3975 5277 2164 8501 5856 2356 2032 3442 6485 9572 9649 9781 7121 9866 9460 8843 9199 8868 1465 6949 5206 7249 4340 612 653 8281 1993 7915 1436 5137 1515 4369 8970 6844 8924 229 8198 3420 3764 9986 1557 7083 1742 8480 6856 1262 9475 4890 8994 6910 4871 155 9844 7989 5599 9182 3070 7827 8117
2028 3302 966 3519 8044 1672 5855 4091 7607 5006 3632 6344 1574 0 3965 9883 1946 7487 4842 1623 1302 3587 5610 8493 8396 6484 926 8606 4053 1900 3387 3211 9751 5156 9887 3890 4411 9719 3631 4125 3315 1862 8625 6917 8789 436 6211 4596 8138 8820 5704 3215 7891 2743 6657 7061 1602 3009 2506 6729 2197 8599 4534 8687 7364 8950 9408 2554 5583 3559 934 8753 5424 6743 5563 3669 3549 4402 8133 8152 9921 7781 5708 2990 405 9483 9829 4699 3391 940 9316 8142 6295 5226 8503 1114 6812 8806 7640 5049 4213 6005 2256 1880 6599 2024 102 6695 5365 8549 7222 6633 9512 7651 8647 9145 2852 6823 9208 7580 1611 7901 3625 9873 5975 8063 4952 9825 9440 4520 8581 9863 6338 885 6336 970 9549 6470 6213 3385 1604 3793 36 8460 1671 8930 2938 5779 7726 7536 5305 1103 2909 9585 9822 6108 494 1401 3138 7339 6424 9516 7858 7332 1652 9872 6443 4901 302 7376 9442 8469 1298 3707 3265 1652 338 4413 5884 1924 7833 2137 4041 3974 171 2276 6712 3121 8602 9922 6566 365 7465 4109 6160 9757 7760 4332 5390 2670
7579 650 4585 6761 2803 7937 9547 9300 1214 9640 9062 5532 1096 3965 0 5732 9395 6611 2617 3628 376 8843 7027 7151 1689 6314 6321 1293 9246 1059 8145 8823 9999 8216 9048 7384 7492 1503 6612 473 2757 1279 1776 7960 9834 8633 6798 4473 9576 6771 5328 4211 7357 157 3640 1843 9478 3148 2517 6288 7412 4606 1557 8276 2062 8276 2530 3749 1047 7784 3347 1275 1885 9672 616 483 7458 402 1836 9904 341 2714 176 5989 5486 6617 60 6345 8716 7194 1522 9194 2908 3817 7273 4768 647 9360 8843 7856 184 7211 9499 7692 6869 8259 1168 2379 1216 5940 6219 359 6789 1710 6505 1062 6524 299 5827 1979 4798 9441 3508 713 9802 5555 2586 1554 3910 7788 7427 8681 7314 4642 9886 7321 6469 1028 9733 1370 6433 2904 1335 3631 4395 6843 4146 6836 6585 9449 3205 7894 7924 8674 1727 8628 3736 2693 1080 2544 8107 5166 2946 5909 4418 1355 275 6047 4219 7547 9185 78 835 791 1634 4640 6387 1934 4305 6914 1012 7622 607 9024 9934 156 4603 1599 6871 8090 3064 1399 9094 6375 8647 6634 733 4357 73 243
1988 2554 4767 4871 8828 4677 2683 6857 1944 3867 2224 512 3205 9883 5732 0 6178 4334 7800 7948 3789 9493 3538 7966 8125 2200 1149 5811 8449 2212 3215 1158 370 8343 3569 4301 7571 2627 4619 457 9484 3745 8418 6272 6118 9766 7528 8187 3825 1352 9683 34 4592 3745 2888 621 2054 1501 8266 1573 1300 5449 3521 1438 4604 8954 6038 7834 6118 133 5796 1932 8975 6330 7839 2561 1633 3917 6735 8664 4039 5693 3417 3907 2497 1103 6416 1802 6894 4927 8372 8520 3349 7971 2151 516 3604 2124 1341 8756 1807 1989 7071 5699 6428 473 5090 7426 7410 3331 8129 4292 7754 7197 5892 4953 402 9800 1164 5942 5988 9036 474 7194 9413 2569 5156 782 9885 8316 6110 2394 7905 6103 9813 6666 9090 3136 9852 9795 8738 5445 2699 6188 4757 8922 3591 4498 9753 6481 6419 1577 5955 4914 7603 5184 7223 6074 5786 835 3218 2546 4155 1462 1464 8287 9349 3886 4465 5102 4584 781 3385 9470 46 9918 7445 1174 6803 6898 2681 4578 1196 6060 4252 6457 1426 7876 1789 230 559 6908 3778 8010 4022 2006 2085 3308 4870 7427
9902 4161 4466 6572 1011 4391 4998 8057 633 5211 742 867 3951 1946 9395 6178 0 4333 9857 9613 5424 1622 9518 7226 5770 5949 2725 417 839 199 6589 1157 1061 6150 6768 7176 4027 1786 9433 3576 4445 9083 192 9455 5341 4881 1972 4547 5028 1029 1519 2700 7828 9824 7 5511 8674 228 8341 2515 7038 2536 3946 6536 9915 9320 8433 3642 3254 7737 1721 3507 5368 9213 5966 8702 3138 3504 1202 2984 5804 7385 8727 5051 5832 8916 6702 5775 1873 6383 6899 370 8561 3238 5328 2639 3276 5649 4509 3740 8456 5245 6959 1577 5258 678 1959 6651 448 1692 5024 5509 8831 4195 6612 1918 1469 8712 6075 6080 3614 7796 1560 4888 3871 2327 4671 2141 2671 6831 29 719 4957 246 4 3146 3837 9168 9117 6739 3615 7036 5408 3978 6442 9393 5222 1181 2230 9144 786 5243 8946 5495 8719 2870 1727 4868 9173 2279 760 3242 2377 2841 9648 5735 8578 4459 9916 8448 6924 8433 2065 2592 7368 7412 7243 9514 9815 4348 5524 2128 8877 5234 2640 1608 4492 9263 6778 8638 203 3764 4198 1750 339 4170 1804 6983 1560 903
130 9075 5858 7804 3313 4423 1876 9960 7643 6495 8982 5444 5656 7487 6611 4334 4333 0 6571 8369 6779 974 1463 1628 7014 6881 4057 9413 3320 6775 5280 9215 5957 1055 3691 1009 1672 1745 7097 438 6737 2105 1989 5713 2166 8874 2497 1078 4704 6406 9947 709 1533 5416 6017 5681 2848 7444 497 6824 602 8247 6164 4145 8572 5446 4008 8869 6123 2162 5071 2841 3432 3750 1853 8345 7991 7369 7529 9861 1196 876 488 9012 7145 9246 3594 1447 506 2902 2167 2914 3561 4734 117 2818 5858 2526 6428 1977 7521 7397 6065 5760 6355 7731 9081 9583 8578 1938 6762 1071 13 4659 167 9151 470 7662 9748 5591 229 7591 2499 386 2124 3439 8187 6911 9534 3694 9131 9736 5158 8423 2010 5216 881 5165 3223 6493 7914 8586 1475 2074 832 5965 1248 901 3067 276 1560 5363 6365 4015 7370 8122 520 2078 5397 6849 3597 4716 9282 4467 587 392 6186 6758 4402 8513 5253 9808 6261 958 8009 5701 2365 8050 5638 4238 53 9988 5444 8519 4268 4511 4892 8899 2767 3870 6531 1158 6542 567 4168 208 2135 3475 9148 3885
4681 1471 7928 9640 4759 1756 3543 5508 6638 1292 7441 6039 1719 4842 2617 7800 9857 6571 0 6321 1256 60 9625 4137 2130 5289 8416 5518 1856 7092 5390 6536 4516 7910 9694 4396 5993 3657 1594 4933 3022 822 8332 3620 9996 108 6280 4189 9375 4229 9448 2448 956 1109 727 6595 5801 507 5599 8629 9122 7689 2463 5209 4196 9540 3054 2579 6502 1308 5848 1137 5561 4767 1026 69 8953 5508 6346 1512 3956 622 9031 7836 9027 4036 4935 8423 4194 1556 4491 2509 5564 6740 7825 8055 410 575 9715 4239 349 6161 2719 3888 8622 9759 8521 8211 2768 1051 7026 7494 8992 3381 3893 7790 2822 4845 6623 7441 4246 2642 712 7469 2844 568 8087 8647 3255 2647 8918 209 4612 2742 6420 3714 5375 7200 1727 1020 6768 6201 9198 2778 657 7853 8849 7310 2306 7367 659 9780 6824 1133 7576 2518 2913 8978 9014 9870 424 8877 4841 3404 4585 657 2024 7101 3051 9864 4855 8649 3696 7045 8471 9632 7631 7696 3949 5421 7033 7505 9972 5466 6727 6838 7133 8010 9825 4509 2107 8328 5822 9013 4580 7226 4625 8120 9392 4266
5583 7642 6173 2546 9270 3912 3070 9982 3191 8341 5009 7255 2760 1623 3628 7948 9613 8369 6321 0 2360 9516 264 5960 994 3731 7293 729 103 8506 2570 4515 7789 9199 7640 3168 5439 5333 9734 8528 7127 9654 8451 5246 778 6005 8910 7570 422 7066 1975 3966 1346 1220 1707 9065 8608 4435 5852 238 5597 5236 6588 102 3090 838 6923 3059 745 5626 140 6108 6965 272 4297 1030 7261 1572 163 7726 5084 6564 38 8659 7761 4011 8794 2963 5970 3551 3878 4830 777 731 770 3402 76 9381 1329 4835 2781 5245 8113 9978 668 1653 5849 1084 9264 5445 9822 1836 5706 7698 5839 2657 1433 9576 2784 692 7853 8984 1546 4284 8906 3575 9068 4234 8140 8161 6389 6669 9310 9447 6660 1180 1405 669 3044 2091 9476 9727 9948 8363 7784 5413 7743 4016 5582 8544 4259 6404 6882 5328 6938 5414 9651 7331 4310 9 7280 6400 6013 1366 6128 6579 9124 8592 6618 8797 7945 9372 9897 5465 7878 4707 188 6949 1203 2523 689 2776 5288 82 2470 9110 9653 7120 8795 40 9036 341 2151 8895 367 6126 767 5746 3130 750
3721 5572 5020 3628 9227 7655 7716 2031 9955 8729 9313 6946 7275 1302 376 3789 5424 6779 1256 2360 0 9164 1382 6769 6155 3865 3715 4791 9631 9477 4708 2765 4262 738 3060 7115 3655 6471 659 1766 4581 1259 1679 2483 5417 8700 8258 5002 3477 2740 1037 4677 875 9830 8411 7437 2143 2083 3301 1544 9837 9722 4415 8747 4482 4017 6140 6025 9566 9058 5701 1293 8728 1953 2491 3953 863 119 1955 6172 3612 471 9164 491 6838 3630 6194 6071 6696 5419 2766 167 7319 1454 2442 3823 1915 1885 8811 1703 6956 5992 6278 9367 938 3078 7823 3358 5581 3693 638 498 6738 281 6423 923 8048 2209 1504 6252 8414 2088 3672 7859 2125 9371 4770 6523 6621 3546 775 211 7823 8252 2958 9180 5693 5981 7753 9431 5499 7144 9839 7628 3009 7960 8758 9355 8606 685 571 9382 7576 8436 5702 5485 1958 985 5150 2399 5700 7613 6667 3017 5196 3090 5005 6265 6823 8497 6311 5829 394 6570 885 8805 7781 6728 5080 8460 1756 4893 7275 402 1288 2416 8549 1584 7313 6778 3813 6378 2930 272 1907 7334 4721 7162 5480 3396
2923 1539 2411 167 8349 7778 3877 795 673 4045 5968 3420 360 3587 8843 9493 1622 974 60 9516 9164 0 5156 3676 382 3240 448 4937 8127 1531 539 9344 5332 484 1936 4349 3937 5578 1729 4665 8425 2674 6276 3274 6154 1309 2504 2997 7642 8530 7724 8188 2301 8263 880 4728 8830 8547 8699 9102 6532 1831 8824 9876 5637 4630 9123 626 5420 4358 2924 3894 5174 918 2571 2505 2366 8426 7921 408 4732 6697 6921 2257 9973 4652 6849 3231 5868 8510 6485 6122 5077 2308 7902 7358 1352 2809 7643 5053 498 9549 2634 859 3799 8632 2496 1213 2098 8790 9371 8213 3151 2934 7855 83 7334 4797 1951 9792 7410 399 4693 3420 1001 4649 4781 716 3578 392 8060 1165 8231 8216 2599 3133 2677 9141 5976 3038 1219 2879 9114 8093 4855 2090 8028 9819 2538 2675 7158 3829 8965 9127 9711 1708 3264 2525 8350 8463 414 1598 571 5656 3443 6624 8197 9541 201 9377 644 9901 3351 7300 6362 2451 2089 7719 925 3050 2669 7428 4064 6418 4850 8126 5304 4501 9377 8750 8713 7008 3120 689 5128 1221 4088 9660 7612 2840
8665 8149 2101 4131 2858 1255 8494 6364 3554 6466 818 9780 2803 5610 7027 3538 9518 1463 9625 264 1382 5156 0 6988 3429 6399 7666 4895 2564 947 8986 2714 4943 6454 9487 9443 9366 8572 7731 6459 330 257 2637 3042 6181 940 8687 4100 8498 4428 996 3307 2031 5940 9083 9682 1166 7265 9041 4388 8009 2762 5466 2760 3393 8777 6393 308 6107 3362 6308 926 1340 4513 3994 2310 1879 5629 3490 1507 8140 1957 1197 9254 5571 6982 898 1886 5011 7182 4456 149 8036 8073 5010 6677 6313 1015 1992 2983 3104 8427 8782 1883 3034 6926 1512 6686 1511 476 696 4295 8653 5799 101 831 2705 1077 6173 1281 4979 7840 9192 7966 2307 517 5228 8129 7508 9162 9643 5789 2534 98 3168 6665 3772 9066 155 414 383 4033 5404 8384 7677 2792 3098 144 1494 4162 1650 8086 3068 3755 9823 5428 8438 8692 4797 4480 6393 7332 743 5769 1537 5932 6589 873 8139 9951 8702 48 9190 6170 9220 9572 8632 7241 1508 6012 6260 7434 2491 1604 3383 6662 1113 3231 9649 1223 3676 1928 4596 5141 8782 2784 3544 233 9689 9870
8488 3966 7853 2558 6945 4030 346 933 4952 823 786 1897 1288 8493 7151 7966 7226 1628 4137 5960 6769 3676 6988 0 5356 4611 3639 2791 5870 8854 2012 1526 3261 4777 5970 8076 8832 4450 495 6819 6751 7814 5546 6195 8401 8591 9215 9142 4234 7572 2904 361 9986 9674 3765 516 1891 4024 2897 8517 6334 6210 3789 7970 179 9290 2060 3279 1956 4906 1086 1918 7307 4331 4179 7130 7085 9378 4895 5610 813 2493 7748 3629 7217 3980 7556 8525 5600 7613 5696 9571 6694 1466 1666 1687 8580 3447 2760 3277 3512 3209 7627 6014 4652 9376 7933 9034 4647 4176 6464 9319 5904 6557 6383 422 9199 8613 3288 3423 1195 3077 7304 3168 9718 7275 8161 9822 5749 2168 922 7760 5400 5882 6142 9728 8194 7396 1439 7332 1902 9386 2918 5973 6196 9517 3531 6969 8074 465 4995 915 3161 1103 6376 1161 3113 1775 1339 8416 6091 2023 9656 7416 6960 8546 2203 9572 7281 5298 9694 3376 57 3463 6033 1208 1851 7753 9310 8404 2437 8650 3170 5407 9034 3183 6232 577 7462 9910 2276 2479 5788 4235 4432 5272 1553 1863 8070 2821
1526 3907 5316 3488 2760 4367 8999 7401 8264 6614 7961 6936 9027 8396 1689 8125 5770 7014 2130 994 6155 382 3429 5356 0 6467 466 7055 1510 8112 183 7714 3744 5416 1142 6568 3434 9170 953 4618 9621 750 1598 5382 9421 8644 4640 7585 6209 5289 8468 4336 1751 9967 1181 3464 6399 9394 9142 2929 7444 4598 5239 7216 3074 2497 4968 4781 5678 216 239 8797 236 7127 7260 5879 8585 3092 728 5099 5281 6537 6588 242 8094 5096 584 3456 2555 4072 1357 6632 8061 7461 2811 4530 5725 9400 7461 1930 9576 9585 283 8856 5053 5280 1960 3584 3716 2288 9693 6674 992 3016 3955 401 8272 5211 191 1904 6519 8231 647 4996 9238 9466 3271 6429 8855 1929 215 9697 3311 5109 9969 15 7368 702 8651 7804 1523 2095 9771 1776 2906 2403 5396 1381 3756 2959 3143 8822 8637 277 3601 1520 1335 6198 2916 1521 5551 364 1068 4100 2847 8375 1413 4489 5096 7142 3641 6206 5224 1837 8749 1456 558 2861 9241 600 4292 5475 8266 8724 8438 9470 4940 4913 5651 2208 5030 1954 3866 2123 1694 1844 5444 4358 838 4127
6915 144 7752 6159 5443 3170 6946 2924 189 4351 6542 9319 5486 6484 6314 2200 5949 6881 5289 3731 3865 3240 6399 4611 6467 0 9184 6340 5668 3852 5065 1722 3340 4604 8882 1013 7470 2504 4986 6522 3742 9627 7289 1895 5817 4612 2034 7286 8302 579 6138 9568 8767 6086 1497 4010 8326 8757 9209 7842 725 755 9951 9280 1587 4361 854 1286 7327 1751 5560 8378 3633 3327 3554 1862 472 8621 2810 583 3970 2311 4014 5702 9338 8089 8975 2520 5727 1072 5500 4167 3471 1944 3575 8678 7527 8663 8495 5494 4490 5103 6153 8738 6803 5664 5146 8068 105 2928 104 2726 6041 6289 6032 9071 926 909 8028 214 2634 4979 6448 1321 6296 8455 2808 6339 7566 4633 5378 4223 2808 8084 4587 4980 219 1121 4196 9689 2191 7630 2050 7698 5326 8015 1600 6116 2875 4422 1721 8601 3864 1556 1671 7234 6368 2397 4241 6049 950 9909 6264 8994 8516 1831 2810 8880 5595 1677 9547 6304 829 720 8754 2202 8828 5799 8729 4838 3738 6508 4636 7721 2088 5904 8611 614 8882 7605 3274 3861 4896 3092 4845 1680 1843 6269 4284 6564
7039 7173 4286 4557 2823 9209 5975 1025 7453 7164 8656 2016 9616 926 6321 1149 2725 4057 8416 7293 3715 448 7666 3639 466 9184 0 966 368 5684 5517 81 5260 4449 5482 7229 5776 8287 3784 2599 2750 4143 9392 6471 9236 7449 891 1000 1045 8122 8379 4274 414 4114 5446 9885 4287 5202 7083 1565 568 952 1886 8685 3547 9311 615 4603 2907 5756 9526 1174 5495 5292 4449 7809 9079 3269 2344 1872 8907 3013 5318 2051 6788 2169 4887 9066 6456 7475 9600 5610 86 9615 2552 8058 580 9154 449 5187 9078 223 366 5275 7879 8127 3620 557 4798 9143 3100 2916 2184 833 6531 6778 8437 9827 9897 8503 1137 6552 8433 5873 6439 3750 9536 4291 7905 4474 1754 4178 7720 3630 3863 8848 5547 2746 8635 3053 5105 6781 4519 6656 365 3829 1894 6482 3367 7271 7954 5591 4139 123 2388 2808 3208 9764 6981 5207 413 5774 2637 4544 9148 3472 2844 4585 2672 2764 5416 6465 2119 5396 6019 1794 4365 1654 8659 4519 6453 8273 2848 2865 6117 4558 2127 2278 6015 3742 3785 9032 877 204 2342 224 5263 7780 2350 7490
4279 7134 2174 4832 6743 4417 6415 736 5112 264 1645 8284 7987 8606 1293 5811 417 9413 5518 729 4791 4937 4895 2791 7055 6340 966 0 3920 9883 4730 9702 5431 8131 7608 2764 7949 2202 5719 9149 1972 5783 1216 1501 8813 7334 7962 6336 7386 2356 4198 2750 497 1576 3193 5035 6570 8924 3238 8750 1895 4495 8172 8652 548 7992 2117 6392 1844 9766 7096 3977 3738 4338 8349 4263 3688 1083 8448 5362 6721 6203 6220 7656 5944 9031 8236 3952 1796 1859 1161 2648 3698 565 3903 9966 8476 8638 5321 885 1955 7352 5517 7263 4598 3733 1892 5239 9976 8190 1251 364 6701 6104 9460 650 8539 6706 8839 6892 6697 3681 3887 838 2296 6243 2711 2433 879 919 1040 1796 6395 4464 1323 7672 3196 1359 3150 1343 9649 5808 8115 3436 502 7313 2017 3836 740 837 3544 1403 5313 480 248 2833 9857 4463 4620 4084 9550 4592 6341 5109 8847 8176 4205 8901 1708 9794 6473 5458 8161 7168 3147 5850 1669 6116 8257 1217 7372 7974 5377 7452 6663 2582 1352 7484 2075 2788 3852 8417 4051 8624 2465 1341 2785 4878 3599 68
9905 2602 6979 8157 2263 8557 6780 5233 3020 2542 3903 7941 6654 4053 9246 8449 839 3320 1856 103 9631 8127 2564 5870 1510 5668 368 3920 0 4236 3093 3644 3566 7013 2917 9817 379 5577 8238 6840 240 5606 8349 4682 6152 709 8305 5379 5794 1202 7347 307 3690 5732 2061 8085 2480 6201 3828 3020 2933 2432 2703 1406 2958 8360 3322 7198 6316 3094 113 1825 2153 6422 1089 9404 5978 6909 3836 3193 5707 6182 2464 3886 6445 8480 8607 2567 1824 6814 7940 4066 639 8894 7335 4155 3010 4297 3771 7968 8282 5214 1316 1527 8675 2405 3247 1553 4396 5466 8700 4350 4026 9532 4492 274 5599 6205 8171 8417 9663 790 5762 955 249 7090 7035 7550 4828 1704 9730 912 106 3598 7663 3486 6825 66 7235 3783 7790 3641 3401 304 1980 4662 6045 3889 5681 3923 7174 755 6198 4345 1104 1118 8184 7389 6144 3347 9668 7701 6417 3754 3196 6925 829 405 1717 5396 7414 2610 7207 8018 9246 5915 8564 1487 9420 228 6521 5315 4126 672 284 4009 798 7673 8875 1547 9583 6465 9205 7783 911 4623 3542 5067 2369 5796
6918 3069 6366 4261 8640 9174 2272 8880 8043 5574 6098 3280 1834 1900 1059 2212 199 6775 7092 8506 9477 1531 947 8854 8112 3852 5684 9883 4236 0 4403 2090 8405 8396 6711 9080 3822 7925 8260 9229 1151 6917 3278 1785 7075 6134 6000 2 9819 4143 1631 7398 4818 3854 3414 4407 8537 7826 1447 2977 8670 2943 178 5492 9787 9098 7250 7565 1551 9064 9689 6679 6994 6646 4775 2916 1823 1970 886 2549 4642 6438 8182 7292 9798 771 9861 886 5774 5028 9584 1308 6984 2577 5740 8495 4582 5151 9249 2232 141 3183 3080 8711 4971 6869 3662 5081 7037 2071 3866 8950 1472 9195 8284 7647 7925 53 3970 4293 8228 9216 7811 4562 1788 8943 2435 8759 7506 9235 2996 2587 9832 5078 3629 1279 7714 3552 3174 9477 710 8771 6685 4948 6675 9206 9460 2253 8362 5890 9547 5563 1177 8613 9817 936 6820 3988 9296 5412 2538 3238 1346 8733 5357 3046 5215 6176 2084 1887 4067 626 2808 6261 9576 7716 2400 9444 7756 2732 877 7069 9375 6393 5733 2793 4536 4175 1271 4377 2676 8967 2143 4940 3968 2030 2959 4249 2148 5005
4448 2858 49 2036 728 6956 585 292 4465 6603 9516 8296 1411 3387 8145 3215 6589 5280 5390 2570 4708 539 8986 2012 183 5065 5517 4730 3093 4403 0 6213 9257 6651 4195 6300 6810 8552 5728 8773 1883 8773 6166 9140 2744 9342 448 3036 2060 9789 4457 6093 1726 8817 8127 4382 6893 4898 1867 7914 1511 4578 2785 9220 4692 1127 5397 6818 6868 8256 5621 2100 7610 1519 8389 9044 9195 7438 7827 2495 6221 9453 107 7062 1846 6619 1388 6903 9474 5290 6752 3580 5428 9591 260 6785 3217 3298 4085 5120 6427 7344 7639 5927 2808 1338 9659 3032 9002 2983 8755 2750 4407 7208 6217 964 5222 466 2592 6120 3897 6900 1115 9186 9350 5981 6617 4281 595 6364 442 6000 9530 6122 4767 9222 1602 6460 119 8112 672 3279 4542 386 2946 6715 3505 9759 5692 4617 4949 301 1839 4004 3473 4508 2819 958 2927 6548 601 2112 6658 1587 8539 414 6565 1213 2492 4569 8514 8857 8399 737 3835 2915 7906 7032 7184 1966 6200 2832 5450 398 3929 7491 1998 2062 3812 4430 4588 6813 300 1843 1889 385 3508 2182 2968 5655
2791 1270 4765 7997 5092 7014 9660 8787 8138 6572 7698 530 3572 3211 8823 1158 1157 9215 6536 4515 2765 9344 2714 1526 7714 1722 81 9702 3644 2090 6213 0 1615 5639 3859 6505 8587 8031 2228 8917 8795 1105 9096 1449 8631 4737 8321 7284 5744 6296 4381 4326 6762 9405 1146 4068 3502 5072 8104 2201 2698 5710 672 489 4261 8536 991 7948 4586 5653 5703 3239 6045 8843 7767 1512 8588 8019 9410 2196 6532 5659 502 1115 2145 3646 9363 1964 2099 943 7239 7557 8977 664 1868 8371 4482 5259 7320 824 5925 8290 5752 7240 2758 7241 1849 9717 4146 6857 3395 7183 6410 8836 5280 6043 7092 326 6690 1522 8833 6745 9570 9050 5555 5261 2946 2862 6979 7169 1078 1620 3383 9073 7932 8509 6188 8291 3849 8314 4872 6746 2028 6355 2911 5309 4659 3709 7266 1532 9531 1977 4615 5763 9010 6145 4252 4103 1121 3028 178 3646 564 7326 7201 9283 3170 9222 2249 3539 3833 4171 6197 4187 8527 8617 3802 7569 4929 6648 8277 9102 5091 7494 8715 7792 9490 9624 6120 5237 8831 4731 150 6904 1234 8237 952 5202 1592 8351
6995 1162 6573 9750 1907 3391 2559 5974 56 7834 8510 5098 2809 9751 9999 370 1061 5957 4516 7789 4262 5332 4943 3261 3744 3340 5260 5431 3566 8405 9257 1615 0 6562 3745 5589 7151 5606 1369 5213 6002 8763 5442 3117 154 8212 2439 3342 8579 7545 4793 2678 7419 8553 6708 3242 5194 7758 5188 3187 3332 8834 6077 2596 3988 6450 9127 9092 3961 7654 881 5714 6787 9217 2091 9435 1249 1232 7487 8834 1478 7914 2263 7987 9524 9536 1472 9249 9361 1055 1860 5473 8371 4185 875 8588 6453 7662 6333 8427 7800 2559 5713 7778 1822 6963 3128 6990 9622 89 1409 8804 6701 5200 5278 416 4240 7662 6232 6356 602 1242 5547 2292 827 929 6025 4088 5808 8198 321 492 2770 74 1979 2842 704 8677 3281 467 3096 3252 9206 6361 6567 6304 6155 2552 2702 9870 4505 8560 744 908 8155 7270 6433 3359 5363 4745 5065 9299 287 212 8 6493 4277 3542 2667 8538 6863 3017 7025 3418 8893 6189 8713 7542 7612 6493 1662 9463 1206 6769 5160 8754 3813 8827 3930 648 8302 8646 5616 7260 1362 4917 4021 2794 5529 936
7832 2270 5106 9714 1808 4287 3727 623 8758 5541 5028 2502 5089 5156 8216 8343 6150 1055 7910 9199 738 484 6454 4777 5416 4604 4449 8131 7013 8396 6651 5639 6562 0 6937 6498 6951 8577 3729 2689 6395 4816 4287 7586 8230 9592 7536 7770 9524 6272 3501 9620 7471 3099 5447 3730 984 3133 1244 6189 5952 6225 7947 1084 2092 5028 1900 5294 4539 5468 3609 695 7859 1630 4316 2924 494 2910 710 6013 9918 2166 7583 2559 7504 6915 9195 2991 194 570 1088 4814 2898 986 8158 2155 479 691 9112 1904 1774 1506 1346 1509 2993 2024 1166 5504 6309 1139 1481 9780 8050 5856 3003 5107 2891 465 7916 4691 108 7620 18 3110 7938 7399 2515 6536 3626 3312 8398 3546 2369 7670 7848 26 6264 4901 3270 8908 6292 1685 4046 9142 4980 311 2282 1111 6613 8203 6333 937 7688 4492 2088 4075 8408 260 42 3571 3357 2373 9389 3270 3630 7370 3698 9977 1063 3748 1219 8433 6242 9898 962 8753 9081 6377 8902 3044 5864 4918 3679 5127 2295 3629 315 796 8749 3678 6910 8384 7010 2695 8948 7533 3252 841 5935 5905
5265 201 1396 5150 42 2021 3302 3575 4008 2483 774 2759 123 9887 9048 3569 6768 3691 9694 7640 3060 1936 9487 5970 1142 8882 5482 7608 2917 6711 4195 3859 3745 6937 0 6285 5487 8910 7698 1067 5455 7037 6250 3028 1335 9165 1272 1078 3569 5072 2143 4463 5885 3829 8761 5865 4261 4948 394 9541 7951 9438 9963 395 8114 5258 6011 8556 4909 9135 9454 5763 7738 8113 4149 7976 1119 2891 9250 4125 5031 8950 1728 7566 627 5551 2654 9094 9382 716 5281 6026 1167 1524 90 8645 8329 2134 448 2649 6145 5241 8313 7317 8863 5019 7442 5816 5336 1984 519 4090 5227 1241 9003 1583 8483 110 1160 4137 8648 6721 8394 1410 7545 8579 8378 9581 892 3097 9925 5553 4042 2039 363 8409 5594 2991 3201 304 6590 620 1716 9449 7377 1572 9013 2826 3188 9426 4201 2819 3552 7331 9072 2237 9564 1065 2157 6265 8253 8639 2954 6350 5218 8334 4937 3490 7276 9623 6436 198 7618 592 9244 9444 8191 892 7046 8530 7382 6988 9424 9970 4362 3575 1507 1856 8086 5055 9825 9054 5648 1235 8666 8941 8129 4387 2761 9186
6962 3739 5331 7677 1306 2778 8654 6700 2587 1123 3125 3412 9306 3890 7384 4301 7176 1009 4396 3168 7115 4349 9443 8076 6568 1013 7229 2764 9817 9080 6300 6505 5589 6498 6285 0 7881 5449 9723 8314 1386 1391 6648 2947 4414 7706 6977 5286 1310 5762 5608 9225 8090 8549 4168 3323 5125 596 7865 2379 5699 6385 4268 4577 5864 7408 8055 7966 6027 1294 6296 2038 4335 6376 2813 5745 8918 2407 9985 1657 9352 5551 98 6624 2911 5837 8752 5566 8432 7194 9267 3035 2719 9911 7861 7101 3384 328 7707 4244 318 3455 3082 1492 6812 6597 356 125 6672 2157 1069 6523 662 1662 5109 8834 9870 9141 2550 7379 55 8896 9919 4650 3506 5816 128 5075 2476 995 2400 5931 2870 7516 4503 2656 1487 2100 3586 5121 3842 9178 451 2998 137 7234 6320 922 2085 6413 4621 3531 4304 6567 6590 6892 1609 4394 9732 4511 4054 422 7973 3426 7571 2387 6782 9582 4490 4682 1669 9403 5651 8585 7254 8704 3551 418 7672 7027 7342 7675 1773 8015 4816 2300 1088 2616 4206 2843 656 2480 3141 1769 3522 7391 4814 9157 4667 2902
3036 7443 9173 3726 6279 1281 6291 9442 2884 2360 4596 3737 4483 4411 7492 7571 4027 1672 5993 5439 3655 3937 9366 8832 3434 7470 5776 7949 379 3822 6810 8587 7151 6951 5487 7881 0 2773 3639 810 2144 9803 8019 5394 7537 7503 9594 8491 1957 3967 2634 2236 3043 8609 2069 6664 1623 4812 7897 2943 6504 329 8638 373 8806 869 3606 9700 6216 7419 8225 327 6828 5979 7091 7627 5947 1297 9776 6953 1189 1150 5837 5412 6379 937 6175 9324 6026 7844 1062 1855 988 7074 7987 240 3365 8233 303 2186 3184 6066 2936 4226 1601 5954 6494 3118 9748 8780 8554 4839 1366 3803 3983 3823 3493 454 1121 6699 5458 3418 2717 6360 357 2110 1728 2056 7724 7516 5926 5930 9167 6356 4579 3322 4590 438 3433 1911 1387 483 8429 4582 7161 8267 6508 5926 1816 7218 881 8857 740 8761 1387 5007 3330 8838 9744 1912 3068 2293 2455 7191 4665 3498 5045 8088 6591 2735 8460 6485 5962 7484 9934 5378 8861 9687 5757 9968 1807 6156 4019 4006 8154 2931 1295 477 7832 3226 312 2859 7477 7176 2383 5644 7870 7038 6400 5773
4683 6297 7631 9641 8424 4853 3275 1130 207 7470 1540 3081 3448 9719 1503 2627 1786 1745 3657 5333 6471 5578 8572 4450 9170 2504 8287 2202 5577 7925 8552 8031 5606 8577 8910 5449 2773 0 8272 8725 8238 5474 9641 8245 9389 9520 6529 4113 8202 8943 680 4517 3087 7858 5581 5619 7056 4530 2761 9082 3955 2333 2938 2014 3596 6782 7356 6111 4385 7798 6407 3087 9294 6766 4789 5474 5589 5645 546 9469 6467 8645 9351 6513 3156 8789 5806 7023 12 4084 6274 3709 744 8250 8342 6377 6677 5326 7184 6393 6260 9269 7656 2257 3642 118 7382 8237 7887 8798 9024 9627 8383 2734 7958 9837 1179 996 4508 6655 6426 9641 6722 5365 5267 7324 3242 735 2960 3446 7390 2731 8451 3345 9981 9111 9412 4015 8398 5602 629 9373 208 8920 2792 7071 4467 1042 5949 6408 2414 1075 2697 2717 3107 7996 4071 2721 8289 9465 2815 5159 1837 2616 9225 9942 680 9689 2354 8077 1128 9098 6688 5775 8858 9578 317 8401 3436 1507 3002 4758 5058 4986 4557 1046 6180 7151 946 7699 3456 7800 12 3946 5592 1607 1622 6723 9088 2872
5068 8539 2550 8850 3764 731 9439 1745 2510 9135 8100 4295 8733 3631 6612 4619 9433 7097 1594 9734 659 1729 7731 495 953 4986 3784 5719 8238 8260 5728 2228 1369 3729 7698 9723 3639 8272 0 8496 7968 1948 555 3836 1206 3568 8507 2207 2999 2817 8826 8685 7720 9039 9135 7949 6570 1775 6091 8880 360 7684 4832 2346 276 6630 295 8357 8965 3075 3687 5428 8881 2722 4040 7706 9491 6157 1426 9074 8284 4039 809 2314 6308 8968 6100 3025 4785 3339 9065 2415 6071 3906 4691 3683 4153 2073 2658 166 6225 8932 1563 4117 9914 1936 8486 9739 3824 8133 8483 8567 8543 3083 180 9381 5720 1102 9558 3952 8380 7697 5649 7438 3224 3808 5869 41 7905 2228 2335 8354 8360 4410 4604 7426 4448 8552 6300 14 4417 1757 2246 5782 3582 769 8660 8034 6444 7041 9180 2627 9990 2265 9257 1842 4963 6256 9459 4328 1044 5390 6610 333 5721 7691 7922 2307 7941 7260 3287 652 5691 8229 5552 1878 7231 7188 174 8879 1304 4205 7074 4327 6008 8561 4578 4336 3021 4014 8330 3520 2601 4049 43 8167 1618 7314 5959 8552
2375 2396 90 1540 3534 9172 8679 7528 9563 9205 9759 2204 3203 4125 473 457 3576 438 4933 8528 1766 4665 6459 6819 4618 6522 2599 9149 6840 9229 8773 8917 5213 2689 1067 8314 810 8725 8496 0 3703 4740 8233 1923 5588 8665 7327 249 413 1885 7942 5930 8085 414 5812 1573 3596 4740 9818 4025 1204 761 5336 559 4418 7865 9062 2286 278 301 3365 3248 7770 218 6472 7065 6155 8542 5222 9687 9965 234 6663 1155 4291 8514 7376 2303 4606 3474 7993 8780 5824 1297 3830 6169 6725 1142 3489 5140 3581 6818 8072 861 1652 8140 2678 5507 2326 515 5590 5710 6679 3394 4140 2009 3634 299 6419 4300 6337 1037 8953 6915 4494 5303 8539 2042 1640 6492 7148 3701 246 3882 7266 9846 2492 8318 1870 2772 86 1694 3828 4940 8598 4435 7780 3667 4796 9816 8797 5487 2671 124 2751 4134 9829 2182 7406 3769 9853 6860 2321 1841 3396 3809 2544 7320 6133 9598 8935 5612 6479 8809 7107 511 8096 3522 5374 2586 9752 4536 5338 3500 8022 7989 8038 812 4381 1626 2199 7023 9988 3934 6220 9992 8698 3373 5740 957
9438 3583 9932 7111 3119 7055 3231 6481 1335 4057 5035 2230 5590 3315 2757 9484 4445 6737 3022 7127 4581 8425 330 6751 9621 3742 2750 1972 240 1151 1883 8795 6002 6395 5455 1386 2144 8238 7968 3703 0 7035 4244 4076 8301 9092 8065 1369 3634 5852 9614 1817 2962 5947 4467 2423 3867 7287 3559 6942 861 3117 8592 7935 227 4677 8948 4562 1148 2214 1130 9596 8908 2065 700 7567 4469 307 8072 8599 2145 5920 4547 8727 1277 8083 7586 8106 6949 1038 6739 6361 2810 8161 6310 7767 6646 8725 7897 5236 3932 5792 8415 3820 6155 7645 6392 7115 8908 6339 2827 5852 4527 6586 9914 1511 7008 2406 9282 1064 6255 917 1525 3524 9334 4955 4093 69 9394 9983 5690 4341 9005 8810 4391 9886 6698 9802 5089 1555 3897 203 1348 9296 1369 9798 3021 7458 9286 5679 3711 8695 8816 3097 9989 2069 9125 7140 382 2277 760 1945 3239 9761 6194 3092 7723 8361 8120 9991 1745 7009 9523 1552 2409 6025 1788 269 4751 255 1396 243 7494 8582 9407 2354 2131 7880 2199 8418 9398 7767 1193 4240 4482 5891 3125 1749 481 6210
