250
0 6054 9998 7998 3450 9093 4256 3033 5325 4425 5492 1451 7566 5707 840 2182 8458 7200 1211 7692 9687 1246 4722 6892 9851 9165 8842 1014 773 1079 6240 432 4284 5873 7420 3717 8549 5445 6886 8683 176 3704 326 9058 4424 8064 6008 580 6521 4476 6576 3329 1331 7054 3844 511 4724 6300 8931 9653 9666 7668 5132 9934 88 595 8174 4697 2540 8646 9938 4690 4447 4515 9428 8462 3699 9911 8171 7165 9749 8134 405 8754 3336 3716 6391 1758 5967 7957 9214 1814 9073 7257 2053 623 9066 9400 8913 1684 6476 8841 1610 9202 7382 9626 3536 1342 1777 2480 6047 749 4722 5289 5454 3885 3254 5280 4647 2405 8221 9569 4566 953 6369 7579 2108 3239 5731 1897 4826 3778 2125 839 3863 9220 9086 523 9090 9742 3517 1655 3790 2802 4395 4163 2000 9956 4641 3107 9114 2637 7715 339 9975 8159 2202 3579 8049 3529 9471 3530 7598 573 1468 6874 2746 283 1298 1999 2119 812 3977 2399 7910 8372 9067 3379 3416 2277 6173 4902 3525 8459 1778 9871 2963 5869 378 8811 7630 7051 624 4870 7863 1569 7240 71 6872 6185 6867 1382 7082 5067 6539 935 9761 1290 4836 2333 866 100 3640 1582 2870 9093 1827 9509 245 8823 810 1737 4510 5245 9508 8275 4295 2032 4714 9236 6754 118 2452 5983 195 3085 218 9550 7487 2825 9587 9472 3499 912 7673 1509 5127 7334 9042 2411
6054 0 1448 1596 5416 7696 5005 7497 4389 1333 8657 8576 2877 4177 5478 4813 9668 44 5357 6302 3126 7738 9183 3990 3015 9361 7047 8568 5195 3249 3722 9863 2485 8447 8975 2639 123 1868 364 7692 2265 6341 3841 7952 4886 2474 4199 7989 2349 2964 4637 3274 3872 2196 3989 7058 6916 525 1375 9921 7537 6257 5502 1970 6410 6050 73 9312 8085 6870 5776 3847 1935 4583 7481 7423 9001 8780 8123 2282 3074 3733 2846 483 615 8777 6752 8476 8456 9810 4207 5650 3287 1267 3978 3696 328 9649 302 2301 6845 4105 5970 8103 7199 4019 4763 8046 4956 3350 4425 6528 6095 2825 5179 3365 8996 8985 9052 9042 3315 2362 4180 8106 9096 1916 5425 3743 5754 7215 33 2915 7437 9162 7897 3888 3172 8720 4053 6948 6075 2478 9985 2800 7804 1035 1741 1330 3175 9413 209 5926 7871 3385 9756 3353 8469 8968 7381 584 2533 7339 3430 9853 2486 7500 4155 2532 7212 7198 1783 7553 7041 3666 7430 4096 5973 8179 1353 3988 4994 4362 6786 1949 8779 2684 5696 9410 2817 6941 7042 2497 5419 8409 4815 3208 2190 2603 8964 2639 7283 1534 2825 2341 4551 2161 6105 3187 3686 7431 4596 4281 2128 7489 6395 3856 5148 9455 5840 9318 1663 3497 3579 6400 2530 1564 3596 2007 9433 5556 1757 5416 3615 4402 8702 9152 2628 2809 6079 6654 2151 7658 2274 3850 2883 2066 5630 8862 8770 1657
9998 1448 0 3163 4603 1794 5505 6057 9202 1064 2670 9577 4362 2660 2331 7572 5488 347 5056 696 5943 689 7847 6816 8208 6967 2619 4138 6749 4928 3477 9389 6743 722 1698 3295 9401 6300 2693 3282 6695 7369 8129 4634 8503 4349 4835 9911 4339 8314 3662 5800 9281 7726 7212 6007 3546 7417 6450 1280 9783 2289 6857 7809 3133 5680 9094 1239 917 463 9989 2027 8082 5420 1292 3154 793 3962 3729 5354 1390 7083 6633 5580 8398 437 2114 3136 3088 6861 7563 5110 3606 6811 7327 9993 5718 8532 8582 3249 5049 7243 4060 5640 908 2037 9331 4505 7832 4481 6821 5561 4567 7915 8635 4586 8879 6439 7601 3119 1199 4502 1095 1583 1625 9541 7860 848 9688 5130 8245 9811 8323 2428 5387 1277 7140 8744 3810 7811 2550 8421 7256 9424 4468 5407 7653 2779 9171 9109 755 3164 9257 1527 9756 9871 4240 9395 333 7796 7319 1685 4492 4755 8719 3701 9615 236 4101 6593 9565 6977 5217 5015 4701 8022 9442 390 4504 5437 6936 393 9712 7682 3036 3311 2477 464 2118 7973 7201 8765 7050 8603 63 6003 1705 8296 4416 2282 6801 2480 4886 6932 5473 8759 4426 9667 5710 9145 2398 7727 4107 7008 8193 3880 8122 8219 8083 6145 1020 5180 9587 4797 5820 1598 1988 2532 7759 2860 2226 7007 9630 5387 4890 582 1454 1076 8258 7960 2484 1871 5552 9653 2836 756 126 8245 1891 2167
7998 1596 3163 0 1919 2814 3787 4171 8778 8078 932 4077 8631 5762 1279 2555 3858 3569 5916 2352 548 7233 1826 2292 8434 7377 5702 2098 2473 4282 2881 7018 5062 4644 4509 490 8402 2400 9720 2308 5482 2971 845 5895 175 5907 7193 7705 2551 40 1262 2838 4443 6828 3583 4747 5684 5350 7146 8398 7434 2462 9977 6347 5007 21 8695 9583 732 5093 2552 17 8787 7976 5491 4724 9676 7462 713 3075 6218 2534 3269 9893 4403 2047 4490 239 2614 5150 2019 7782 9487 8814 4412 5627 3447 6338 9472 5895 1589 2434 8676 4745 9902 9594 1364 7165 689 1787 9720 7096 8994 7853 9593 9184 8347 8532 3894 7571 9588 5146 381 6575 2072 1140 2356 1531 5122 3288 5000 6302 589 3682 5637 3067 9072 345 1829 356 3455 6974 6118 3508 3449 2071 1162 7817 8479 1012 2902 7923 942 1643 8741 6599 4024 4657 1918 8210 1084 3721 4944 6188 5394 1688 466 6539 7962 5071 1807 7802 5255 5784 4586 5369 5497 1605 9339 6144 3446 9786 101 4898 7584 2740 7764 246 308 382 2470 2859 5067 9376 6065 6412 5089 3691 3983 2568 537 8610 5680 8997 1382 4390 8229 3949 319 6157 763 7866 7939 3761 289 9746 1817 7016 3556 5188 6278 6242 3464 8794 3907 7609 6844 8517 4329 5138 2834 9507 5182 3380 1427 6861 9715 4422 2594 6793 2865 570 8182 1045 2978 7367 3515 1541 41 8064
3450 5416 4603 1919 0 3941 1330 2218 3426 1479 1621 6820 9853 9316 5942 6097 2369 8406 5148 6073 8718 9098 4055 6929 5071 9051 5959 4852 6269 7350 1405 7286 7256 9756 9523 2027 9938 9307 5885 3793 1767 9800 5744 9133 3748 3955 5705 6089 7108 2573 9898 2277 2436 1635 9142 4751 1607 5373 3207 2889 2849 6845 35 4776 8430 4734 4991 3340 8223 7763 5596 1565 9518 2547 5894 2400 7483 2292 7554 7728 6928 8484 7174 9288 7415 2206 6512 7234 8118 2970 3750 1222 7889 9911 2631 8674 6394 7425 4477 4194 1043 332 6071 9181 2685 116 7563 7275 2039 1331 3086 1975 9755 6784 3718 4125 6629 9757 3908 8109 2910 8903 5945 843 9532 7786 6118 8921 2984 1381 5080 8857 8838 7950 7548 4704 8332 1220 4473 1914 2522 9821 2705 7088 9646 7762 1856 5792 1583 2970 1839 9056 2554 8522 8238 1494 6444 1689 162 1564 2876 7939 2065 9286 5752 9447 4758 8192 1974 5548 9889 941 3100 80 5175 4754 7068 2175 4519 8700 921 7992 6305 9782 3141 6318 9938 8253 3542 2558 9988 5004 1826 2387 5433 4041 4262 4696 5411 1466 7993 5175 8405 6672 3141 6723 1559 2002 7135 2498 5196 8251 8674 5926 1629 5619 9353 727 8900 9161 6842 638 1820 7149 134 3954 4543 3160 175 7757 5111 4101 3371 4516 9938 6544 7149 2811 496 179 616 8578 9468 2212 1292 6492 8711 3596 3403 6019
9093 7696 1794 2814 3941 0 9481 5827 5476 488 8423 5384 9195 3613 5477 9347 7145 897 2259 5609 186 392 6274 5045 7119 1095 1449 653 815 6520 4522 723 5076 9337 1858 9993 5035 1625 399 7557 5380 653 6912 6258 2024 8705 3405 8505 8576 455 8748 2538 2455 3099 8725 4367 1098 6742 8003 5321 2158 9152 4773 2161 506 6413 952 2181 763 2669 3613 7996 4068 4494 9334 9056 5649 6268 9234 1924 423 1574 9730 9719 4578 6593 6681 3051 5343 3739 5978 9159 786 5592 8 1017 7847 9068 6417 974 2330 556 9146 1493 9734 8834 5271 3291 8057 5460 5985 6476 5946 6585 4624 3600 7907 8874 6774 7128 2565 691 6234 5224 1774 6867 7002 3547 2635 5461 1487 409 6188 2210 1147 5599 8925 3365 2055 6176 1135 2341 7710 3146 8961 1173 2854 302 8598 4719 2944 3705 9872 9602 5433 5413 5481 2861 2803 4740 4453 7977 7679 7420 4510 7167 2682 453 3029 2536 7024 2901 5976 8910 4023 8891 4773 9162 107 949 6343 5343 8425 3175 3226 5876 8665 8891 6491 6582 2482 7234 1000 7417 1247 7694 4969 3476 1752 7086 9123 9761 4618 8495 1719 1198 2871 8676 3928 6469 6524 63 3574 3324 6684 8717 7382 627 5585 2064 3191 7679 8752 9559 4884 5517 8720 3767 6738 3360 9810 7355 5779 9625 6250 7872 3399 3833 3567 7766 8338 7571 3008 2674 3230 6466 6269 288 4116 5614
4256 5005 5505 3787 1330 9481 0 5510 7219 5765 9324 8706 2250 1521 6767 5353 1679 5772 3033 6161 261 614 5737 4945 8649 3363 7467 5916 9526 323 6618 7786 576 7057 8290 4393 6406 8954 6440 9538 6449 2283 2566 2 9890 692 4808 3713 9191 6231 9798 6844 3914 6685 387 7250 3461 2213 2644 6877 2923 7072 9742 5964 6196 3063 9311 9958 4747 6088 2758 8148 4556 1487 1030 6623 3992 3859 623 9773 4068 3768 3946 7908 9744 1610 6274 5999 2082 3116 8878 7199 8225 476 8498 1440 6281 6921 8977 759 4855 4661 787 1834 7703 2048 1904 9274 7317 7555 7760 5566 4052 3076 6431 5216 1409 3225 6127 9603 238 3794 8057 4222 295 8285 3314 8807 6112 3824 1554 9808 2256 6464 9725 7757 2451 5814 8 3529 3923 2475 77 370 8100 6468 5088 4434 4383 9262 7806 3854 3887 1870 6180 4439 1355 4681 4898 5710 6326 8065 1671 6785 3660 4000 372 1051 9085 7319 3818 1631 2954 8620 2118 6147 5239 4703 931 3937 8971 5309 8606 3797 3312 2102 4708 712 4165 5216 1651 1745 266 4204 7952 6690 5328 9778 7373 2474 4672 5871 5026 7104 706 2603 108 1673 9227 6209 9687 1278 4645 897 1209 49 7282 9273 6117 523 4695 9572 6072 6783 6161 5307 6373 8996 2876 2292 967 7383 3258 378 5789 9519 7019 6159 8323 3158 4234 4243 3806 9405 2442 9989 5112 697 8476 7705
3033 7497 6057 4171 2218 5827 5510 0 2250 9954 2406 811 1622 6963 1816 254 1693 7663 4135 7123 9642 2617 9108 9141 2330 7353 4634 3977 8340 3839 4776 5377 8125 5523 531 3279 2625 5736 6034 4497 6289 5899 7582 7879 6765 9915 5634 4125 244 9464 2383 6666 8776 2916 3807 4085 6653 7092 8741 418 2177 9236 4248 6467 726 5914 7593 655 4912 6772 1648 7760 4544 6002 6236 1345 336 1005 6197 1553 4621 5958 7163 162 712 6326 2483 69 1251 5712 6692 5184 5915 8690 3457 8043 4794 5394 3775 2290 2878 9010 8380 4958 6616 200 7995 4511 8186 1890 9942 8168 9802 732 4016 2196 4809 3364 4068 4205 3889 211 1243 7934 3684 8843 1729 4926 7543 2603 1148 482 5110 4382 12 3691 1347 6846 1138 9492 9432 6434 9267 3565 9025 2856 9426 8583 2139 4447 6237 5293 7577 9965 8402 2868 1358 1871 942 1432 8832 4321 4129 1393 1178 8097 9476 459 4410 3648 4340 3887 2872 1106 4475 5770 9521 267 7846 8395 8856 5996 611 1309 8252 7838 1908 2286 4660 9586 3501 2010 4339 1672 6818 4938 7329 400 513 199 4478 2804 571 4991 4696 629 6710 18 8073 9826 7800 8808 327 8518 8050 4930 649 5862 4583 3135 6757 9301 1332 88 6074 8412 3663 651 3494 8860 3480 1391 7504 6086 4865 4052 9512 3244 2682 6571 3005 6413 28 6613 9763 6208 8922 4192 9516 12
5325 4389 9202 8778 3426 5476 7219 2250 0 8972 1384 2108 9727 1905 3209 1602 3504 9492 9890 3184 8020 4903 3567 4386 5407 3449 3318 2819 1583 3742 3464 6068 6010 7709 9171 6196 8281 4564 9690 538 6400 2946 4296 2156 9092 3563 6758 7884 1990 3007 2778 7093 8207 8092 9423 5814 9901 6638 220 1776 6254 3791 4346 2744 2149 259 1414 4078 4679 9239 1714 7915 8104 3077 7395 450 9248 4434 9632 5683 8505 3387 1893 6327 7345 498 1325 3734 7740 9120 4375 4938 7929 2123 9253 2048 5252 1024 9202 6474 5613 9615 3330 1840 1890 8576 4121 4566 2022 1054 4601 9586 953 4135 3296 1805 8945 4491 1107 8918 7580 2629 3942 9571 5872 8871 5082 3944 7453 3353 9883 3855 1614 8100 1249 6725 5469 5704 2581 6482 2412 5211 6665 4557 3585 1952 2018 3453 8761 1210 5559 1603 9851 8172 6083 5430 2229 3018 2272 2760 338 6151 2336 4771 8573 500 9339 1556 3407 6501 1422 3130 7189 3545 7910 9318 4513 5639 7969 3217 7257 2475 6616 5101 5116 3132 300 5396 4276 6070 3653 1484 5617 5687 147 8796 4012 398 2605 5036 595 3036 3120 7781 4950 5449 4113 6477 1928 6767 9463 6027 5884 9749 6501 3687 5397 262 6372 8842 2719 7855 8464 5217 5916 4338 8995 5965 547 5936 82 7223 1360 6545 9992 6604 9211 847 5855 2720 3838 230 807 5362 8464 8045 4213 4723 2377 2374
4425 1333 1064 8078 1479 488 5765 9954 8972 0 1905 662 4284 8575 8879 8537 2069 6573 2546 8947 6734 8648 6786 5607 1509 1687 7649 8110 4170 5154 6047 1429 775 7958 4957 8288 3871 7482 6925 4246 7987 6947 8390 8206 9205 8903 5233 2506 2536 8664 4003 2191 2643 325 2035 1135 715 9167 1308 5588 2288 3192 6695 7437 6163 3415 544 7763 4133 4593 2943 609 6796 8266 4528 6464 5449 9571 4381 3320 5430 4907 1411 7128 792 7421 400 4446 4071 8601 2750 8264 6535 6961 2884 840 8142 5023 9391 5689 7799 6284 199 5979 7237 4641 7068 8043 6889 7565 6465 3328 8422 5340 8532 9269 4028 8151 7846 7027 4334 9266 3421 5898 9140 7788 3041 5043 7212 6430 9079 1006 1439 6834 1661 9185 3720 4056 7945 8838 6484 672 7817 6350 3130 7462 7224 593 4165 5484 4585 4871 3822 8554 894 424 5970 5939 5288 708 210 712 6608 2641 2265 1842 1459 1303 9811 356 1861 4141 7291 5716 7742 6808 8236 9596 2262 7253 1799 3395 8038 5156 20 4004 141 6311 5981 395 7989 6355 328 4676 3275 7922 9090 7934 9464 143 2142 797 6415 8514 733 4872 3610 308 6515 8007 1699 6074 2199 6821 500 1864 9388 8222 4535 3610 7197 1097 6469 9414 8129 6532 5111 5373 9884 8036 3629 5626 375 4197 2601 529 1011 562 2310 9285 9403 2288 2760 1883 5083 9055 4750 4301 3344 118
5492 8657 2670 932 1621 8423 9324 2406 1384 1905 0 1655 9313 7661 3802 54 2156 8075 4415 4769 8279 6989 7991 6653 3790 6692 1193 1160 5948 5205 3465 3451 4008 7589 3017 4173 6947 5375 8406 608 5646 4768 8333 1468 5955 4819 70 2630 9250 405 6155 1979 5851 3011 3678 2276 1804 4681 3024 4853 2579 7748 518 3974 4849 7010 9843 8695 8411 4690 3644 2905 7807 3152 6335 729 8765 6519 1417 2222 1523 505 3131 6871 8153 6460 3135 8866 5097 6868 6307 7684 9652 4332 6835 9870 4264 3245 5348 8242 9761 5155 8835 2405 980 9225 762 5358 8234 5367 6566 5044 9349 6453 2828 2377 3771 2479 7733 6248 9926 3684 708 9006 447 6329 9652 1567 4625 2679 8431 2462 5041 6029 7840 4717 4466 1114 7602 4661 6474 2207 9831 8315 6152 886 9499 2494 9226 6795 1486 3396 255 9079 1763 2209 7626 8426 10000 7571 218 859 8688 7835 2415 1765 1243 5040 6924 7512 3133 2197 5973 6206 5098 8200 9757 4152 3607 9163 1096 3948 7221 3231 2815 3980 2069 9068 2917 4264 6164 7575 8164 2496 387 3410 3070 815 105 6729 5269 679 2067 4398 7658 2041 1942 5871 3900 443 3788 8361 6380 4815 801 7834 6140 1532 8068 9281 3640 2360 6718 6985 5036 2862 8985 6036 1870 8764 1768 7405 1142 8914 8873 8502 2369 5695 7145 6572 8905 5728 2096 162 8168 190 5372 6006 2864 9156
1451 8576 9577 4077 6820 5384 8706 811 2108 662 1655 0 1572 4236 8990 3082 8457 5011 8442 7942 8836 6820 6594 8752 2231 21 692 7759 2375 5319 7500 4190 2356 939 6798 8045 3095 3844 8259 1603 5240 481 6161 5292 7890 4461 8266 9216 6152 7971 9454 7383 9819 16 5431 652 3899 4041 5030 9987 8997 5280 1907 387 3005 1165 9215 1563 9369 9936 7456 761 7396 938 952 12 2935 3849 287 8594 4277 1323 8622 3641 5818 5558 2525 739 114 4149 6048 6051 378 3928 5958 123 7516 4435 8104 6134 4813 9162 7266 8181 9843 2446 5626 4286 6610 3685 3522 4106 1867 3607 8682 8934 9366 4159 2937 5595 135 8166 6831 1526 922 5719 8044 2816 6332 2699 9477 4501 4156 5852 8930 3009 6522 4547 9494 4035 6958 2637 7943 607 5331 2780 8722 3579 5813 3565 6827 8224 4891 1103 9997 4558 330 8721 4053 8610 8859 2404 9532 716 4110 5384 1930 3757 3052 4215 6764 9509 2014 6062 4375 4546 6269 5840 2288 7097 3622 8651 7373 428 5180 6090 891 4583 3222 2253 8461 9426 3564 192 1842 6297 547 9072 4954 3693 320 4593 2523 965 4710 8417 2348 3641 5077 2400 3371 2405 7310 3497 1988 3182 1205 7447 9662 5373 8974 6306 1090 4356 3159 5177 7405 19 4030 1217 2275 8192 3986 8010 498 8978 3817 5692 9114 3460 3370 496 3556 2255 2008 6254 7593 5686 566 1380
7566 2877 4362 8631 9853 9195 2250 1622 9727 4284 9313 1572 0 6086 3712 4330 7494 6010 343 1282 1388 9939 5443 3433 8258 1184 5142 6330 4302 1867 1894 804 3752 5424 1186 1890 6765 4175 7487 686 4900 9741 6487 5859 834 3862 9425 5242 6059 3085 7378 4837 3642 3492 3999 6146 6887 6060 4099 9313 466 3920 1378 8911 1417 357 651 8016 5572 4793 5922 965 5518 5087 2609 1517 2798 2383 4605 7368 7368 7375 6463 8770 5514 2584 3672 9403 2839 385 8707 6008 1727 1255 3777 9527 9798 6079 7186 3873 7628 8099 7632 9999 306 1770 1066 3267 4091 2779 3073 4453 276 3691 773 8187 4097 5349 3819 2733 7384 5377 4363 1898 7099 8773 8911 119 3530 8869 9387 958 4360 9772 4344 9027 1739 3709 7382 8709 95 7812 2813 7159 821 6345 4669 1090 8561 4009 2072 200 7903 7616 3450 610 2362 6753 6385 9389 6895 5906 3918 90 8256 8662 8095 2979 4682 1699 1991 4239 7718 1840 1954 5271 791 745 9410 1637 6693 5198 9768 7424 7265 7113 3015 9394 9540 5133 5776 3669 9091 7852 7481 8625 9876 876 4547 5356 7119 7270 1662 526 7628 3533 7243 4250 1828 9291 3312 16 669 9961 9428 1746 7038 7304 1430 998 837 5691 3700 3180 2011 2906 9237 2187 736 8765 5781 253 2390 5750 4973 8305 809 9459 2085 4390 4067 9691 1924 3394 7580 566 7158 3251 4906 357
5707 4177 2660 5762 9316 3613 1521 6963 1905 8575 7661 4236 6086 0 5293 1469 8173 2372 1373 7399 8741 6616 1767 4427 1876 2504 1598 9047 3410 2222 4933 43 8098 1031 6966 5833 2478 743 1752 2253 9504 1059 9389 8128 3583 7126 1754 7554 9877 8881 3197 6940 3836 1534 9832 6805 9609 3962 292 4495 9566 2128 6483 5285 8288 4796 7703 7060 727 8384 7541 200 4386 5733 1752 7790 8919 9053 9610 2133 6305 9088 2238 5462 7310 5565 8881 7147 9836 9352 6711 9504 2283 6680 6150 6728 2540 4846 8098 7435 1928 1910 9565 5563 9956 1637 5670 2847 1764 9952 1979 9629 1433 9559 5550 7127 8483 243 3718 8749 1703 8012 2208 1184 8445 7947 8488 3911 5055 2454 486 1487 8897 595 5830 7339 6592 4592 1179 9085 5479 3684 7780 2141 3922 8489 5600 1767 4803 3006 481 4720 845 3649 7922 1584 8139 3058 4348 3584 6864 3580 2173 3779 6475 7046 9580 5139 4764 3760 3696 4442 5073 8417 6647 209 936 670 5602 8236 7018 363 1278 5279 7875 2772 9530 931 4328 8907 1673 4937 3522 6866 6332 5223 6887 9761 1315 7025 6901 4130 390 1969 1787 1298 4674 8830 6076 6671 9504 3156 9087 8044 8511 2943 7715 7657 2553 3841 2012 7819 8318 6365 8635 2322 3830 2663 7805 3007 2544 1616 9541 5729 6420 147 967 4266 5048 726 1019 6880 9898 267 8822 2471 647 232 164 8311
840 5478 2331 1279 5942 5477 6767 1816 3209 8879 3802 8990 3712 5293 0 5495 1936 4349 1318 1882 8879 8092 1833 5769 5473 3402 3741 9256 4792 1782 7241 7153 8931 3651 9571 2417 2431 1573 2052 5953 3616 7540 8888 4314 1117 5261 3686 6064 3597 4186 3431 5068 5666 6183 7703 3740 3571 1342 2132 138 7291 5043 5205 2384 9407 2839 3918 5271 2957 5723 1565 8873 4793 7415 5464 9000 3997 6939 1312 9246 3587 7430 7614 2979 7974 6880 2432 43 7321 9428 386 6758 885 4595 4733 6031 4429 2788 5707 9994 982 1876 8695 4628 7952 5770 1060 7294 420 509 7953 7649 1982 2935 6916 491 7561 2379 2709 206 3623 2930 4252 6515 2944 7985 6566 7728 2185 120 5322 7317 9595 7459 8558 4410 1014 5617 4896 3658 9940 7873 7212 3456 6259 533 5625 4328 7470 9116 2835 4051 5064 1911 5529 7847 1797 2925 9746 5786 7685 5637 2747 1740 9902 181 7270 898 7801 3178 6219 4984 7466 2863 6984 3672 6099 9024 7290 6813 6824 6265 3144 5047 8765 1921 1115 7747 3670 7747 9555 7665 6898 3904 7686 2951 3922 2889 3154 2718 8586 2236 7828 9132 8674 7990 2276 3079 192 611 8746 3394 5941 2669 8961 1817 1136 5532 8304 6182 5792 2999 9595 4819 3470 3959 2856 6654 5273 2388 1992 7879 1931 9952 5677 7013 6478 2992 9386 4721 8178 3405 2521 7067 9922 8839 7148 1464 1660 8037
2182 4813 7572 2555 6097 9347 5353 254 1602 8537 54 3082 4330 1469 5495 0 8615 1459 2638 4256 9985 8783 8215 5584 7063 9082 3510 7010 439 1202 6557 9791 2727 2973 3914 7369 5141 8878 5914 9881 6326 4049 4021 2881 256 9396 6852 6238 3769 4636 2039 2150 7150 5612 7719 2128 7908 2233 7103 8043 7000 3716 6418 3485 6200 1140 7523 9151 5377 3360 4050 8807 6610 4953 3176 6102 9704 6119 164 4396 1153 2177 69 5865 3897 1244 2461 3288 8404 5451 8839 9629 2199 701 3718 1897 1370 3644 3855 1868 7387 8798 7832 1935 3305 1482 2734 1199 3658 8556 4681 5795 7762 6057 5674 7686 9416 3724 7036 3443 9700 695 8657 6413 6286 2756 418 1064 9853 8193 4441 2530 4839 2641 8710 8073 9439 2786 2763 2234 2488 5785 2050 1116 1136 5473 7908 1666 866 819 5736 905 352 1729 2135 3895 3238 7686 1397 1903 8117 1078 933 4239 7410 1512 5728 3929 6828 6400 6259 2715 9272 7976 301 9321 2685 9450 2746 4568 3878 6163 3274 9710 2836 570 3584 577 6918 3307 7251 4205 8253 2480 112 6088 8429 6515 9093 2258 3022 7629 7701 4276 3931 4395 6587 1668 1278 1931 1964 6176 2412 3512 2764 7297 1545 2208 1607 8120 998 2005 491 7039 4057 7778 1267 7680 2487 6896 1579 7122 4691 5635 5503 6852 2200 733 5406 3324 9552 2931 7746 6979 3713 4183 9707 4064 9064 1372
8458 9668 5488 3858 2369 7145 1679 1693 3504 2069 2156 8457 7494 8173 1936 8615 0 4698 691 5659 5482 1225 940 8937 4021 4662 6447 5980 6921 5734 9554 7920 970 6183 279 2682 4087 8914 250 7455 1921 901 4882 5539 5915 7929 4457 11 1144 6308 4196 8673 2245 2959 8394 1826 7932 8457 8956 2000 8481 187 7210 9960 2216 9530 1618 574 9773 5243 5805 9873 4727 1038 7921 1718 6548 6025 7335 2308 266 7191 2320 4084 4771 283 7190 8573 7411 7921 8001 8832 4899 7150 5292 8905 6774 8894 1852 1190 996 3361 5776 8731 5098 1742 970 4892 9293 5177 3138 9507 4142 4149 9434 2739 5203 1073 985 9547 5122 4965 7381 8218 657 9393 8334 2978 851 6985 2307 4909 7376 7452 2882 2625 4455 2438 5377 3163 9663 6382 9083 5154 8394 5202 8149 5519 2948 9820 1023 6580 7300 7473 1107 3733 6080 7527 7484 953 4798 5419 1940 2106 4208 5295 4076 5728 1253 7168 6256 9516 2258 10 8436 215 2872 2461 581 7007 6237 8332 9695 1152 9077 4993 9590 929 6507 4472 7098 6199 7917 7577 5880 1637 444 5886 2427 2600 3292 3292 6843 8951 7592 7030 3062 6275 3954 1435 2551 6415 5414 5282 803 1486 7112 4150 946 1067 3575 4882 6337 4494 791 2280 1478 6731 1950 2993 4259 645 7510 197 5311 1754 639 7208 7065 2075 4010 771 706 7690 9559 3258 3444 7332 7056 2106
7200 44 347 3569 8406 897 5772 7663 9492 6573 8075 5011 6010 2372 4349 1459 4698 0 5514 1963 1476 9993 5591 6146 9044 3023 6023 6002 3797 8553 7362 8091 7135 1029 8698 6797 6677 3825 1925 4964 644 7058 445 5215 9011 5407 6085 8375 751 3828 5518 8942 3653 7565 7821 5309 2452 8330 8219 5763 8968 3984 6842 1606 8955 8473 1880 9053 8598 3687 7016 7094 7530 5022 8310 5930 8357 4342 9041 5902 3937 8783 5307 8094 5441 3475 6604 5102 3417 7676 3471 7161 4863 3007 5156 3486 9510 9143 4743 5505 9006 6597 959 5669 5040 8100 1765 3805 5967 5970 3402 1157 1986 6830 6249 5016 1879 4153 434 7971 235 3143 5162 8508 9231 3750 4958 4681 4579 7981 2851 1910 6919 1543 3533 4654 5750 455 3416 1720 7299 4577 8974 6143 7754 3452 3960 530 2461 5360 326 9566 255 585 332 7046 3586 123 6432 1687 7350 4622 8819 7070 4307 2246 1372 3269 9002 4381 6735 7198 7264 2782 9378 7956 5005 7163 5489 8203 4485 9213 5875 1936 9275 7447 5473 5975 3018 7111 2302 8532 3456 6328 4672 2297 3946 4987 1266 6900 6316 4882 6221 5770 7613 3241 9705 6471 8091 4882 3612 8681 9077 1125 4714 4379 6420 3780 5702 8285 478 4049 9780 3125 128 5782 5655 4435 8566 2922 8855 3243 4863 84 5603 9191 5729 8285 3082 4477 6333 4236 1095 3146 5584 1296 7840 5849 4264 4190
1211 5357 5056 5916 5148 2259 3033 4135 9890 2546 4415 8442 343 1373 1318 2638 691 5514 0 3738 2918 4002 1323 1976 9125 9594 3009 5726 5614 7164 6691 5689 9815 7736 4300 2781 3272 5455 5296 5594 9585 7009 9507 1911 585 19 6257 9716 5909 5773 3421 314 5164 7591 6729 2053 3968 1043 1516 8738 512 2300 4510 8008 8623 6191 6125 3152 3563 1599 5013 6581 8060 8445 8753 1429 5479 3717 7455 8739 8895 548 6495 2094 564 6822 9407 1759 3495 9665 2020 2202 3392 8322 7987 4319 5298 8730 6878 9490 6594 4466 6071 755 7124 1613 925 4776 6938 8038 2008 1678 7002 6875 3910 2278 4098 6363 424 5071 4330 3624 2998 6558 2540 9399 3798 116 1141 734 7912 415 9308 4114 2703 9030 8535 1277 6528 2540 5339 354 4009 773 3833 6832 7541 2269 8302 8211 6301 3899 1840 4828 7241 4700 1288 847 8530 4981 9019 2655 6830 3506 7360 9255 4407 7772 8691 6679 7788 9264 5027 8006 7818 7177 931 1339 877 9016 4621 1762 8912 3800 3623 885 4686 3295 2821 6159 2679 9184 8862 6916 2424 8822 8017 251 3326 6882 1790 8674 4629 6690 1602 3418 4999 1754 8567 908 4900 7659 8504 3282 4075 1388 4512 5764 9838 8139 9393 8872 7905 8757 5539 355 4255 1647 81 5427 2074 8075 2832 6228 4932 4084 170 1898 6821 9620 799 6530 4172 3801 8835 4557 3731 6279 9931 3723
7692 6302 696 2352 6073 5609 6161 7123 3184 8947 4769 7942 1282 7399 1882 4256 5659 1963 3738 0 5205 8098 4593 6350 1102 7077 7940 7056 4537 8849 8826 3560 5644 8120 9442 8137 327 7635 766 2419 6738 9850 565 1906 7645 1729 5245 5129 7424 982 1449 1578 8344 9853 5849 1450 9690 6194 3987 1030 5843 2011 1581 588 6779 3797 7435 4815 6178 2754 2636 6762 8840 2528 9091 9860 4579 404 134 4113 5352 2268 1348 4695 6022 1933 548 3532 4807 5767 4421 1773 2978 6630 3563 154 2211 3760 136 5541 849 6253 4364 1210 5433 3586 3970 2856 8987 2966 2158 5595 7109 4694 6524 7755 525 2085 8715 8013 6816 5995 9273 6981 661 127 8071 5885 4250 1042 2218 9917 8602 9675 4988 5158 878 1176 9725 8879 5015 3199 4789 3368 3500 6539 2535 40 7420 3043 7264 2894 9672 7 8175 1875 5218 987 7668 4687 9035 4169 6235 691 8647 4330 6612 5683 4090 9616 6391 8277 1631 1 3465 3796 9563 468 6455 1029 3184 2937 6775 8273 5371 1729 3439 9994 952 9237 9546 339 4655 6077 7125 6038 9876 5892 2965 9209 9988 8316 6191 1330 3892 9658 838 4338 3605 2491 4378 9350 3006 4865 3710 7047 7000 979 6848 8449 6572 5122 3314 292 7259 2596 4254 1039 8450 675 1538 1356 7065 9807 9356 1480 9616 2134 6848 9554 6272 3645 2585 1465 37 2409 2048 6265 2016 6152
9687 3126 5943 548 8718 186 261 9642 8020 6734 8279 8836 1388 8741 8879 9985 5482 1476 2918 5205 0 7381 1764 4772 580 6420 7324 1603 4406 8143 8547 5372 574 6648 516 3776 4892 2765 4904 8228 3650 2449 8994 335 3853 9023 1315 3734 8154 3397 3484 2815 2086 1499 7153 8747 4555 938 350 1263 5553 5290 2680 3653 4114 7432 4721 8124 8696 8490 3778 3396 6391 4298 2965 1036 8444 4383 6269 2161 6296 8868 6781 7359 376 14 5748 5574 3982 950 4435 1990 6370 1103 8600 4519 997 1566 3567 720 6754 3881 5777 2389 1779 3218 1358 9058 5059 3876 2075 2551 9992 7401 1927 2862 9258 8740 9174 765 8411 9492 199 2317 9210 5959 8714 7921 5344 7910 7669 1968 9225 3348 5494 7843 794 3126 1882 5048 6688 1753 8736 4131 659 5524 4592 7907 9963 1362 2236 1277 4100 9965 9510 3512 9871 3860 7813 620 4561 1709 5641 8385 5030 9005 2791 9134 1628 5035 7582 7481 4492 386 8860 9233 740 6369 1466 8019 6299 8989 72 4226 1935 481 3330 3342 4702 214 9576 2264 4189 5439 3838 2678 3531 3375 6869 4306 8296 2956 4932 8590 9487 1159 5825 6873 6106 3851 6790 4564 2367 3603 9352 4045 1969 436 9987 8727 4317 6144 6216 1609 3661 9606 387 4202 3054 1650 9150 5166 3805 7758 4929 9021 22 2298 7884 6886 7293 6052 1613 8738 851 7161 9314 3228 7924 2538
1246 7738 689 7233 9098 392 614 2617 4903 8648 6989 6820 9939 6616 8092 8783 1225 9993 4002 8098 7381 0 9644 7658 2644 1114 4818 8391 9746 7161 6674 9908 3170 6065 2900 6651 8475 7405 8940 9449 8848 2556 7006 8451 4401 4778 2302 8126 1158 5208 1705 6671 1522 6696 3981 8284 1265 1889 5990 5178 4280 4448 8784 6029 5956 1160 5224 4090 1655 7748 1699 9783 4519 4035 3360 9522 3891 1353 9558 904 6497 8615 725 3317 3749 7711 7760 9542 5398 2907 1106 6802 2721 8809 3995 3767 6600 6189 7271 169 3334 7971 8417 6797 4537 1161 1898 4508 3177 562 8427 3114 916 863 6448 9388 8055 1747 2562 9203 6053 3218 5393 1898 4058 4948 9396 3415 7849 5702 2869 3801 1098 9656 9164 3503 6547 4931 7884 8222 4746 2381 4056 916 3926 9606 1485 5021 4975 1851 1655 3843 5866 629 3648 3176 3824 8824 7289 2448 7832 9163 1239 4033 7421 4836 5447 422 9303 2996 1283 8642 1341 7912 349 9486 1072 1418 5503 3431 4384 1354 8827 3714 1266 8501 1834 7730 806 5834 9483 6640 736 8057 3818 791 4657 8474 8309 9391 6177 4835 6060 1671 3976 1766 6460 2201 930 1656 1311 5869 9281 2342 7356 6620 8509 7337 6455 4165 5126 1973 3950 5108 5771 3995 1356 8622 8214 7745 4749 4354 6330 3892 7500 110 5909 5493 4240 2060 4025 2673 7578 4769 3017 7502 59 3723 6900 7109
4722 9183 7847 1826 4055 6274 5737 9108 3567 6786 7991 6594 5443 1767 1833 8215 940 5591 1323 4593 1764 9644 0 739 8443 1521 7408 6590 4924 2046 2757 6285 2468 3919 6830 4119 7050 528 6331 7966 1807 4515 4226 3519 1520 3709 5199 6405 1761 1205 8344 1845 6219 7158 6373 2999 1702 2243 4185 7045 8931 6602 7077 3550 8945 7875 1923 4042 1380 3386 2270 3138 7519 2724 6648 4128 9784 6941 6469 2665 9938 8980 9950 331 9940 6449 6387 583 2784 96 4116 6606 9215 4485 610 7016 895 1370 4338 9005 7890 1941 1674 617 9032 5180 7662 7708 6445 7571 5560 4978 1097 7009 1375 7422 2481 7049 9219 5741 8654 1413 1193 8149 9750 655 9362 2722 3766 284 4240 1183 236 9766 1984 6255 2778 4019 6862 6262 7223 824 2394 5135 214 4081 9967 2152 8597 571 1400 1471 1235 8105 6853 1759 966 4804 5361 1763 8426 121 3412 9037 2220 3086 8574 792 8702 7570 3906 6734 2085 6205 3556 9080 337 4261 5301 3138 601 6956 8047 3086 6766 5052 9261 4964 2734 5423 5963 5235 7299 462 5739 8031 9852 5281 573 9703 6083 1941 2563 5131 2214 4967 9899 6565 3697 8561 8131 8479 7895 3575 1035 1399 3422 305 5793 386 2111 8490 9371 1191 7521 6502 5367 9307 3456 1754 4045 2430 8209 1136 1047 9544 5752 6370 6035 8433 3641 7895 8966 5914 4613 581 4891 732 3368 7240
6892 3990 6816 2292 6929 5045 4945 9141 4386 5607 6653 8752 3433 4427 5769 5584 8937 6146 1976 6350 4772 7658 739 0 6485 3335 4095 136 6610 2622 5564 9939 5627 3851 9611 2926 1417 5520 5581 2086 9792 3384 5879 2963 342 8410 7944 6010 8164 4682 69 8913 1649 743 6520 6015 9059 3594 6975 1454 3726 8777 5226 3095 1627 3254 1141 4906 6880 1066 7632 8859 823 456 3034 3040 6622 9007 1588 9392 5489 5790 1217 8558 6676 304 7085 6762 4458 9002 8925 4241 3095 4276 3790 6326 7241 32 3329 3271 4347 5892 7516 152 6061 733 174 25 1281 2942 332 2766 6073 9273 2129 6508 6840 1952 2729 4847 9647 2791 5073 4979 8756 6380 2707 1287 6785 6659 7117 1149 7603 9710 3116 54 908 2916 3549 4660 4752 5812 3124 2570 2950 9517 8807 3474 1453 5863 7032 2034 1765 9529 6489 4615 9237 4139 3795 9375 1453 6297 5449 7065 612 6273 7120 2068 6073 2416 1817 3941 3608 3815 5783 5592 3156 5908 2297 577 3642 3390 4279 9422 5583 7746 7801 5239 464 7309 8071 7683 3394 8956 3692 3907 4963 646 5437 6640 5118 2326 2652 9136 6395 5648 2184 7513 6726 1841 1006 8396 1375 4838 1322 1887 2331 9231 8440 185 6675 6461 2270 3804 1395 5356 6936 1280 4107 6252 7227 3396 4326 8107 106 5578 8443 8815 2631 1026 6484 2813 6430 1138 6757 6926 2562 8148 1024 5476
9851 3015 8208 8434 5071 7119 8649 2330 5407 1509 3790 2231 8258 1876 5473 7063 4021 9044 9125 1102 580 2644 8443 6485 0 8389 6807 8842 5917 2185 5667 1464 9758 659 1959 3825 331 1940 7200 4294 5432 2492 3852 3055 8213 6263 2487 9818 6105 544 3892 270 6744 736 4740 2026 5396 4861 6356 4245 8049 214 8883 7871 9719 7579 1521 3252 4461 5983 1967 5015 4110 9589 5840 7639 7937 4626 8117 3926 6314 2757 2324 760 5744 2305 2827 3340 3136 4785 9931 279 1502 3112 7751 7796 4685 8868 6451 4223 8558 9405 2668 2042 9013 1849 2934 4441 1935 2660 551 8942 6672 4721 3604 2200 984 8605 4368 5345 7433 2008 4707 4378 3703 1752 8577 6035 5465 3918 2198 3253 9900 5832 7626 951 652 8718 6616 9837 497 8292 3645 2457 52 2185 2620 9021 7941 6564 4365 322 254 2657 2945 8295 4697 5154 6788 1050 5292 736 7518 9792 979 3912 5785 333 2523 2561 3518 2443 2957 8412 5118 6254 1517 5183 7217 4617 8802 9551 1154 4256 3362 3687 4089 7667 9385 5723 2645 8959 3562 4665 5320 8187 9690 6807 5350 1914 9186 7498 4658 465 7134 3893 3521 4381 8361 1082 7864 7300 1158 3863 8304 3740 1846 9201 6126 6675 7286 3530 7760 7378 2328 9598 982 221 8012 6244 9993 1800 4312 7741 3095 6594 507 9083 1681 7256 4427 921 241 8486 2486 8498 5728 3500 1635 6267
9165 9361 6967 7377 9051 1095 3363 7353 3449 1687 6692 21 1184 2504 3402 9082 4662 3023 9594 7077 6420 1114 1521 3335 8389 0 5409 5245 5012 358 2557 5528 4345 3482 5831 6496 6615 4141 8465 8894 2893 521 644 4365 2113 9766 7803 2818 7295 1918 7382 9668 2174 2603 6555 7466 1509 8360 9676 2317 4054 6429 499 2637 9039 1670 8957 9691 6197 1621 4770 6868 287 5556 2582 998 6138 437 1821 8835 6229 1728 4487 6241 8845 6158 1405 673 959 1319 8231 6975 8324 1373 881 3482 8881 807 3528 5802 7073 4630 9410 2771 8954 8297 162 5698 6925 1902 3409 2580 3130 7423 9836 9689 4093 4113 6984 1197 9325 6281 7307 4004 2824 6789 7650 5588 8753 4496 1424 1802 5828 6199 5863 5850 437 4556 5411 1061 9209 9479 7034 8565 1198 2072 1800 2588 1072 5075 9693 1814 2267 799 638 3944 4803 8413 3170 342 9528 6479 2742 8559 5004 3918 379 5192 8217 494 7327 4276 5951 7522 4895 7094 2731 9971 2372 8906 9681 999 3401 7966 346 3987 8396 9586 1688 4678 9191 2517 9632 6234 7129 8010 5111 4045 6506 4124 649 4540 2519 2345 3220 5832 7603 187 7937 5549 582 4630 608 5254 2869 9802 347 4045 4703 90 561 1243 2717 8712 3993 1039 6535 5367 8587 2172 9620 6616 2529 5903 3314 7314 9495 5646 5430 4082 8503 6102 7519 3536 8572 3541 247 4571 4217 1445
8842 7047 2619 5702 5959 1449 7467 4634 3318 7649 1193 692 5142 1598 3741 3510 6447 6023 3009 7940 7324 4818 7408 4095 6807 5409 0 7211 6233 8046 9964 7402 3290 8604 3254 8512 1885 9428 4124 2496 1431 576 7610 4879 3277 2163 3023 3816 5322 6716 7029 3618 4332 8480 8687 9051 1207 3518 9869 5604 6393 9647 5580 872 4399 6029 3806 7777 1896 8133 9523 2700 1829 2329 6738 1338 7105 6256 7774 7130 1292 1373 1252 9679 9230 4167 278 444 363 9271 7881 538 9687 5108 7643 9416 4578 6673 8294 2831 1795 4131 7862 7637 2732 6049 6308 2966 1283 6551 9814 9194 7348 7832 5211 5293 4583 1267 2813 6296 7904 645 5644 7260 2173 4464 1488 1353 9651 6290 1009 4258 2378 1839 1276 8070 5749 9076 7083 4474 9433 2997 2806 2458 7095 7034 7806 7560 5995 9384 5650 3020 4429 1046 7785 7205 6943 3749 4249 630 8153 8026 6842 8586 506 8337 4152 7944 3321 7902 4486 8338 9811 2684 4010 465 9858 9936 4742 9858 2955 2489 7305 5871 3646 1167 9780 4798 4663 7684 2616 2844 8662 4425 8630 2390 3358 1171 6132 4813 6306 9828 174 8480 7460 4863 6208 8963 4950 9233 9125 6874 1794 2515 1409 5252 9375 5090 6684 1707 4785 5890 7387 2132 3194 2038 1272 3496 7001 255 2069 5747 7836 7938 4756 9176 4105 6812 1262 1031 6837 1071 2038 9043 5647 7043 8066 389 5210 9769
1014 8568 4138 2098 4852 653 5916 3977 2819 8110 1160 7759 6330 9047 9256 7010 5980 6002 5726 7056 1603 8391 6590 136 8842 5245 7211 0 7710 122 2 6090 3959 3123 8662 312 6965 7923 6014 976 4754 4613 2052 5783 1669 1759 4412 1105 7933 850 1880 6453 7477 7285 5927 6945 4772 5202 9727 4318 6614 9131 2393 1985 7239 3700 5167 2335 8725 5196 4075 962 421 8735 2766 3183 6753 5871 2022 4079 883 942 7928 6798 5040 4217 1809 9672 3234 9888 6621 6607 9907 6447 8351 2863 4368 275 5697 9154 6419 5003 3890 8900 3262 3178 6405 4749 4252 643 6438 1377 6521 1340 5190 3334 115 3640 5615 8226 6997 2911 8654 9959 2707 5445 8322 6555 6680 6743 4651 5161 2379 3279 9420 5869 5859 1449 9837 7053 4955 3640 5678 3531 1741 2825 6183 6955 1521 3143 4219 6252 2633 7075 4972 9843 9228 2625 2326 8197 3272 8358 5933 3317 7862 9205 6358 3910 3505 5464 8031 5510 1092 4036 4161 5888 6650 7193 2869 7625 1263 6058 5415 3060 1743 1286 7623 9491 3068 5694 1346 5425 2812 9921 6877 2435 5584 5842 2140 5483 8946 3314 6331 4542 317 5969 3950 4492 9701 4556 8059 4580 7520 1907 7533 9869 1291 6381 8901 5995 6822 5772 9605 5998 5685 4969 3520 2351 3783 1851 4512 7773 8970 490 3857 9718 4118 7104 1173 2374 1157 4884 3834 5399 9453 9628 7274 7389 2037 6294
773 5195 6749 2473 6269 815 9526 8340 1583 4170 5948 2375 4302 3410 4792 439 6921 3797 5614 4537 4406 9746 4924 6610 5917 5012 6233 7710 0 5496 1113 9397 4507 6047 3416 3451 5532 8179 8345 8327 7596 6144 6533 2149 9734 7444 8956 4366 1775 274 5050 3667 641 5209 2529 1069 297 6750 5324 873 6704 8689 6964 3009 9497 7010 1090 6544 5508 5170 5799 3338 4050 8900 2370 1215 2180 8341 819 2634 875 4095 5467 5947 7213 7547 8071 2602 2576 7520 2925 8114 9834 1739 1696 1203 7493 9896 8462 8050 9454 2408 2185 3409 1863 862 5794 1269 800 6573 7982 9122 8824 1420 5458 670 4510 9569 7975 8985 2513 9942 4534 4540 3357 7952 4983 7103 7696 2908 5917 8853 2720 7637 7591 652 2710 4814 9685 3795 2495 6627 2487 7653 2709 3103 9975 2038 501 1746 4898 8380 4026 2902 5147 9058 3939 1591 945 1558 8771 9359 8703 9566 8110 3628 2246 5263 2464 8910 75 7221 3614 2176 3773 4008 1851 37 2747 5356 1423 9793 5746 717 1712 7136 4842 8772 4379 9339 9342 1626 3621 5631 9482 1545 44 4121 5710 2121 2211 1189 5777 9418 9783 6395 7947 1571 5223 5085 3058 6584 4287 9474 4226 8948 3230 7629 5305 1875 9632 4275 8648 4420 9156 678 3714 3137 4193 4169 9092 1978 5745 3421 7336 7910 9006 4809 2900 1745 9520 2124 6596 4617 2691 4990 3062 6749 9328 4069
1079 3249 4928 4282 7350 6520 323 3839 3742 5154 5205 5319 1867 2222 1782 1202 5734 8553 7164 8849 8143 7161 2046 2622 2185 358 8046 122 5496 0 8313 444 9482 7635 849 5091 6241 3067 7647 4109 8386 4455 4804 1208 9711 3929 3538 1359 8834 903 2520 924 853 222 1999 996 6842 1769 1521 1924 6333 7237 1019 1699 8321 1008 9977 105 649 6579 2174 8220 2370 7781 7147 2243 362 6248 799 9925 8309 2817 4125 4502 8003 5984 5963 2864 7797 9532 9358 3668 8119 5255 5697 3383 7190 1504 9003 2045 7110 7957 9550 3825 2790 2356 3026 1356 9334 1474 2811 5324 8529 1272 1828 8008 3318 7439 7108 1385 4240 4035 3192 171 7988 5380 24 5936 514 6994 1152 3394 206 7870 6910 3604 6224 156 6135 3651 3497 1393 4900 5 7714 5868 8400 1212 4344 6022 9151 7422 4389 103 5056 6559 6025 6956 7169 6014 5657 1967 5580 9125 1671 2829 1813 4576 9112 1679 9588 3987 4283 1853 5737 3015 8393 7651 3 7108 5165 5713 4320 213 3632 7263 136 3304 1982 8693 510 9036 1314 2281 688 4753 9969 6040 5519 6910 898 2540 2257 2112 6465 8198 5808 4814 5570 1449 8552 1488 2686 1727 4591 2160 5079 6816 8467 5987 5898 3617 7277 6507 9322 7640 3348 3892 4627 1824 6146 8826 87 6748 1953 4878 2318 7407 1804 3412 378 7260 8460 8174 4084 1417 8949 6243 63 9668
6240 3722 3477 2881 1405 4522 6618 4776 3464 6047 3465 7500 1894 4933 7241 6557 9554 7362 6691 8826 8547 6674 2757 5564 5667 2557 9964 2 1113 8313 0 9325 4018 7216 5112 8547 4088 5577 9873 9332 3842 4960 7927 3976 7193 1095 8735 5498 3541 1540 8717 9309 365 6389 4579 987 5198 8252 4137 7559 9310 4345 1985 2349 5840 5264 1112 2115 9953 17 3840 2123 3328 5727 1915 2945 960 8209 4944 9655 3866 8522 1532 19 8638 9937 1083 6657 812 2769 3802 7614 7182 726 9021 2421 642 1299 609 5719 5888 9228 7903 2564 9906 5509 4210 8299 1715 4554 4225 4148 1482 4470 7139 4794 396 4116 1230 5294 1486 6336 9060 9915 1075 3574 4391 7948 4305 7124 6429 722 4616 2843 9089 1483 7844 6170 8756 1628 4171 8984 9094 2607 9142 1162 3325 3747 66 6954 2176 4626 6135 7821 4611 4681 5441 784 5491 9069 6785 5129 1412 20 9040 7120 1565 4976 2319 9838 1691 729 9478 6843 398 2010 546 7794 9471 7557 8721 2986 5595 1640 186 807 8947 3796 2192 5726 203 8641 2376 2197 1468 7780 5297 7768 604 3580 2703 390 8165 4138 9339 7957 9252 5217 6097 7760 5537 1357 9619 1033 2179 6269 3597 3172 1416 88 9502 7082 8490 1874 4283 9614 1840 944 5054 2489 3578 1374 8549 1529 8202 595 4592 2728 3342 3888 9169 5662 2446 9770 621 4716 5346 2067 6670 6400
432 9863 9389 7018 7286 723 7786 5377 6068 1429 3451 4190 804 43 7153 9791 7920 8091 5689 3560 5372 9908 6285 9939 1464 5528 7402 6090 9397 444 9325 0 9736 8563 4173 7397 140 5048 5352 7779 3438 6144 8890 8051 2396 1437 6557 3405 7111 6158 7234 6220 5119 4828 1993 6361 6699 6413 9559 2205 2513 7688 3619 1622 3868 1367 3489 7315 5413 4597 8142 8365 1542 7589 2288 4081 4452 8573 6528 74 6291 304 7094 1621 6895 6276 2603 8543 4657 6666 319 7539 5417 7359 2810 3465 1486 3068 3051 2845 3569 560 2174 7514 3498 4650 3035 7000 687 2854 1641 8226 7990 4017 4865 5450 9403 778 1297 3431 6897 2020 5582 1722 7693 411 1354 2742 3653 9470 918 8909 2392 991 2242 1681 4144 8592 9256 8267 8257 7847 6742 327 8495 5339 5123 163 5053 9601 3601 2302 5731 8226 3092 7292 1014 8874 1402 2182 8410 432 7379 38 6371 1155 5917 3168 3455 6827 4951 4532 160 7786 6915 5081 7249 5203 9247 8 8988 6326 1601 8059 7450 4032 18 2886 3228 3481 4163 8359 2183 2061 2217 3329 6695 6784 7362 9344 8391 1670 6279 4711 333 524 6323 6880 7024 9163 346 6177 7237 6895 2150 8372 3327 4682 1420 3631 6074 635 886 460 3613 7854 2106 2728 8921 8335 2081 4004 8218 9933 8832 4748 8263 2133 8684 4444 1832 4638 3125 1707 4050 6082 299 4204 953 2621
