100
0 7507 2592 68 1440 2440 6700 539 360 9908 4700 452 7193 6540 30 4244 3472 7800 2481 9884 9930 923 9445 8843 5476 1810 2968 5095 9556 3106 4705 6455 78 963 2088 225 4514 7654 3841 4191 4397 4884 7934 1455 6927 418 9475 7879 3602 5784 4698 8244 7336 2307 3414 9179 509 9405 8677 1193 5027 7155 8836 4811 5278 1304 3292 70 3706 92 459 6066 4335 8112 1651 9265 137 3848 6239 1008 2911 4839 705 260 1256 9459 1240 7797 9642 3843 5135 3201 7009 4888 9860 1501 2855 9552 7296 2272
7507 0 8532 4805 1241 4381 4651 4271 8882 280 4627 9930 3776 2774 4479 8465 7532 1036 6027 7003 6225 9556 3953 3244 5732 2666 4537 5192 5850 9031 3321 9476 1249 3103 1889 2318 857 9248 6773 8690 9618 4880 3478 4678 6391 8413 6543 3557 1848 9914 167 3420 3942 7974 4499 3501 373 1648 2585 7557 6738 1431 8818 1772 6609 5079 7521 3852 1986 3539 4692 9815 3066 3925 2425 214 910 5950 2181 3369 9634 3566 7695 7827 3797 5677 1912 8223 3152 1757 8624 2171 351 4598 4042 4222 3489 2170 4775 5219
2592 8532 0 802 6685 3931 7748 6769 3226 2816 4309 9187 9966 6731 1850 8049 6775 713 9822 7791 5627 2969 9041 8094 963 2803 6177 486 5209 9139 1351 7580 7688 7600 7009 8224 411 1779 4426 2721 3329 5432 6424 9957 2887 6360 9468 7650 8919 2215 1691 3123 106 9041 8477 9492 8718 1279 1952 2091 7126 7897 3778 8328 5575 9973 250 9920 412 1383 3210 8454 5724 9619 7205 5102 4143 1164 368 7402 3560 979 289 8077 4716 5368 2335 9891 478 8315 5562 4548 2656 6179 5328 1725 6313 3944 9366 6249
68 4805 802 0 1997 2797 8241 3072 7281 3333 233 2374 3694 2277 5866 1382 5875 5304 9173 9342 587 3439 3281 2869 5535 4639 8755 8171 320 128 7435 8715 375 468 9775 5371 1807 6614 8001 7548 7360 3711 5463 3462 1263 1319 5206 1327 6601 1213 8026 6022 5345 2700 3189 6373 6351 181 9860 2809 6990 9779 7446 6163 9231 6234 5071 2407 1702 909 2217 4919 8238 6440 8870 4597 6227 3628 7434 9637 9538 592 4779 1051 7279 5735 6131 7987 842 3738 1184 5516 6953 1002 254 6510 6988 5479 2329 7291
1440 1241 6685 1997 0 2521 2627 5069 7432 5403 5434 9833 5116 2780 6610 7658 1142 354 9535 83 4217 841 7544 7697 5718 7020 9064 4472 7079 6825 7630 8728 6238 2289 1704 3748 5546 5444 9392 2497 5533 5659 8190 7313 1439 3269 2919 7112 5796 553 30 9490 1521 4919 6270 8860 8592 4444 2847 3798 2316 1711 806 6602 3114 2034 1984 4231 5173 3837 9870 4744 1976 3181 4163 7592 9637 2780 2087 7141 6440 5757 1849 9134 1626 7545 2914 8208 6043 1348 2371 56 383 77 2731 2358 9736 9579 9022 4737
2440 4381 3931 2797 2521 0 2722 8431 6655 483 8628 2310 66 2968 9376 401 3964 5780 5239 6585 7114 6943 129 9053 8029 6203 6431 2828 9591 6983 2279 4240 7425 8372 4831 8095 908 8253 6702 7356 5834 2803 7149 2768 2061 8431 3872 1113 3056 2281 8447 7271 6445 6568 2539 6240 134 2486 4514 21 9403 1566 5059 6826 7944 7228 2268 7056 2492 558 730 5441 833 1201 8726 7543 5190 155 7381 7541 6698 5427 3907 7523 4200 8464 8616 787 2383 8496 5052 6997 5215 1757 6505 9779 5180 4966 7724 9614
6700 4651 7748 8241 2627 2722 0 7687 6417 3183 4932 9892 5716 2150 5733 9873 2325 4802 9663 5414 3680 6091 1076 9761 6889 688 1299 3797 4811 2619 6918 9009 6798 1820 2615 7991 5154 1785 1275 736 7139 5551 6976 6538 800 3151 7532 5803 4792 1959 22 2775 2264 4590 6029 458 8988 5358 6698 8856 5693 3275 8858 87 1636 2373 8007 9631 7573 2796 4884 4886 5830 3247 3163 7027 6546 8113 1984 108 5997 1450 851 7557 1194 8382 7262 492 1428 8130 3696 6714 2984 5715 4256 5665 2155 1464 3515 256
539 4271 6769 3072 5069 8431 7687 0 5442 3875 6962 9325 7920 7206 1617 7042 778 2506 1544 5263 560 211 6185 6292 3938 3655 6154 8362 4644 4677 2083 3374 177 399 3330 8690 8336 7667 5978 734 546 8930 2748 8272 5746 1184 3825 4904 7895 4600 2930 8275 7041 500 8183 6681 7552 1059 6523 772 3841 1116 3621 9966 2485 5146 7749 2028 3211 3768 2268 7174 7760 5772 3026 1236 9297 7727 5806 5903 7291 7423 4632 6754 7807 955 4558 1238 4850 2970 1218 9289 822 1451 2228 9295 5744 3361 9411 3294
360 8882 3226 7281 7432 6655 6417 5442 0 4076 676 7686 3498 361 702 5906 6864 4875 9385 2888 9693 6691 8481 3478 8735 4758 3535 2219 6384 1080 296 1075 5006 3915 6016 9150 9923 2528 9362 4834 5344 1125 5440 9283 8772 6064 5996 180 6941 131 7854 1095 8961 6151 9170 635 6107 616 1729 8483 3724 633 7637 5966 6649 2204 1718 2264 1258 4594 4213 3353 9705 7619 1215 521 598 5616 5727 5937 2203 8870 2605 1302 4493 4066 2242 1519 2212 2872 2984 8210 5384 5212 8306 5525 8919 355 6170 1075
9908 280 2816 3333 5403 483 3183 3875 4076 0 634 1367 6335 7251 6833 1169 1445 2937 2019 6122 5464 7531 6025 7841 5022 3662 4750 4613 764 668 8583 6867 6512 7636 6721 5518 8317 2509 6251 2574 1571 7013 3217 1791 6784 1030 5266 6627 8814 2179 9007 3989 2223 9888 8107 3970 1679 8965 3390 9541 4588 5149 4338 5669 1346 8988 7016 4759 2340 8091 2442 7633 6262 6847 2828 224 8598 1526 4815 7344 2504 3273 9258 4750 3090 7345 2612 1137 5614 8072 7300 1292 5052 5124 2867 5818 5976 2916 8056 5263
4700 4627 4309 233 5434 8628 4932 6962 676 634 0 1287 2751 4607 432 6002 3562 9021 7879 5188 4782 4796 1438 948 1697 3794 8909 9464 3561 8952 4277 9010 2158 5465 594 4778 7436 1984 1984 7635 6858 7953 7961 4618 1339 6170 4227 7295 6581 7835 6197 5530 9795 1293 4276 4315 8271 4347 3371 9659 7364 7084 1480 3938 2485 6673 459 9556 4980 6821 9239 6812 7640 3512 6644 9252 9961 5258 5894 4347 6821 2028 1801 3575 377 2007 7199 6421 4480 9158 7314 360 5168 797 8004 6295 5164 9628 5258 3116
452 9930 9187 2374 9833 2310 9892 9325 7686 1367 1287 0 1168 1094 2170 4069 3754 7422 9479 8058 6411 5745 6331 8417 5983 2547 924 1992 7697 1678 750 6412 7052 9307 5926 8046 3984 4843 1032 2259 6217 1294 7874 4600 7093 1620 4904 4443 8747 3906 882 229 5117 7970 3800 884 7385 4435 1038 4850 4706 4706 1576 3627 9422 7598 3299 2639 2058 386 4934 3295 5725 841 4940 1586 2680 8618 9935 6204 4233 4254 696 9513 276 4482 7303 8195 1900 6013 6411 1693 4789 7278 3675 9824 2586 7641 8826 7620
7193 3776 9966 3694 5116 66 5716 7920 3498 6335 2751 1168 0 9152 6407 9099 8467 6602 3268 6640 1697 6745 508 5944 6267 1376 8511 1852 8428 5536 4423 9540 2420 967 3974 6655 8355 5920 4786 9149 25 5161 2749 7575 4527 5918 4758 2056 1934 258 9177 3555 8495 2800 9310 2873 5727 8649 7702 609 6925 2853 1038 2619 8863 9448 1518 4775 1930 1622 5501 8513 9204 3505 622 4033 4708 9850 1558 8615 3827 5371 5512 7606 6023 9716 463 9840 9954 5867 8384 4171 693 6461 3202 1911 8527 9165 4541 2827
6540 2774 6731 2277 2780 2968 2150 7206 361 7251 4607 1094 9152 0 5278 4733 5202 2397 3883 600 7246 30 3502 8594 3048 5083 8992 5212 7489 7640 1118 6015 9191 5225 7739 8901 2818 8540 9902 2044 2546 5717 9907 8989 8050 6165 1040 4498 2657 5398 5909 4844 7232 8103 4202 1692 9613 4463 9098 5517 9249 1259 3475 1133 1228 4925 6349 9441 2073 7730 2786 6194 7401 4257 3123 5489 4194 7602 4607 4568 8943 2976 8150 5363 5650 8038 2013 8296 6504 1944 836 1612 9474 6652 5241 1093 823 5869 9803 8255
30 4479 1850 5866 6610 9376 5733 1617 702 6833 432 2170 6407 5278 0 9636 5385 8087 1473 9381 9760 3392 3983 9151 6449 8779 4767 3493 9832 1456 9743 7389 9691 8958 8971 5990 1175 5491 9866 2422 1409 2072 121 7544 8925 964 7796 6931 1081 8868 8734 753 8114 2484 1494 8872 7517 5839 5935 6472 2928 3968 102 3670 4073 2671 6456 8565 3392 8744 164 6243 1152 43 8066 640 7323 3689 5673 2851 391 161 3214 4416 2568 2094 9090 2155 2414 1847 7781 3453 9957 4266 1468 7161 9555 9560 8471 4776
4244 8465 8049 1382 7658 401 9873 7042 5906 1169 6002 4069 9099 4733 9636 0 8883 1848 545 7951 7887 8667 4092 646 4961 1249 4771 4347 6559 5733 7988 3078 3073 7877 5650 1018 9256 7961 6931 3581 6010 9762 4509 9252 4239 3491 2147 6471 5580 5949 2554 5445 8411 4917 6465 68 1031 7722 944 6935 5611 9606 254 58 8649 5642 6150 9214 1629 1138 9700 5865 6020 8250 8706 5296 7719 8129 1561 9675 3446 9518 1282 4908 2487 3198 7597 5496 7905 6370 4320 8987 4915 9615 4120 2124 2153 1646 6015 6279
3472 7532 6775 5875 1142 3964 2325 778 6864 1445 3562 3754 8467 5202 5385 8883 0 2773 1892 9343 9627 1441 820 9170 2083 5204 7283 592 5831 9577 253 5765 5867 2617 2853 5531 4979 3838 93 1995 1193 6761 6956 9658 8425 6709 3667 41 270 56 7825 4494 8181 5172 4909 9978 8911 3938 3778 6535 6187 914 8598 4707 827 2418 5856 7054 1349 1410 7706 6561 900 5294 8206 4760 8443 8997 4861 8298 721 8966 8582 1229 4136 4864 8985 8361 3739 1227 3659 1810 5744 643 2062 8631 2559 5378 583 9987
7800 1036 713 5304 354 5780 4802 2506 4875 2937 9021 7422 6602 2397 8087 1848 2773 0 9016 3545 1652 8019 7342 4609 2636 5842 536 7450 5764 3348 1851 7544 6538 3974 4466 7630 564 6435 6921 7467 3004 7892 1668 736 3055 7285 2977 4723 7630 466 7340 9239 7029 9379 6898 6638 4063 7916 2627 3186 7847 9575 6941 4070 1578 8502 4655 1359 6570 6860 6863 8760 3643 3518 6159 3988 6758 9085 3000 9242 2051 1044 1799 1856 2506 1131 1851 9866 3497 3990 5934 2486 8638 9566 8365 8536 9845 5120 1975 9240
2481 6027 9822 9173 9535 5239 9663 1544 9385 2019 7879 9479 3268 3883 1473 545 1892 9016 0 7515 9174 4279 380 3248 5342 8587 6670 7192 4627 2429 6832 9284 4831 6130 1365 5326 4528 4447 5248 4584 4833 3558 715 6278 6749 8407 7657 6364 2108 4580 1879 8233 1816 521 9666 8301 1663 9080 855 2927 1713 811 7876 2127 2952 130 9721 5394 5344 2571 2119 2886 3549 2347 7863 1472 6553 2422 7379 8579 5550 1781 4803 1908 4771 1032 5479 5958 3428 4601 8640 8647 498 9806 1095 8193 9242 8956 8111 4238
9884 7003 7791 9342 83 6585 5414 5263 2888 6122 5188 8058 6640 600 9381 7951 9343 3545 7515 0 9148 2454 2049 4168 8587 2661 2864 949 3516 7949 787 9947 8842 825 5710 7310 2259 9228 2073 5916 7638 5926 417 4619 3460 536 9461 713 994 8823 995 5552 1132 452 995 9682 7915 6915 9332 113 9047 222 7006 4774 9771 1047 7641 536 6956 3488 2716 36 6601 3612 6313 5273 3978 7987 7501 2520 5172 1609 2764 8589 6179 3320 1543 9683 3709 9265 6703 5609 999 7359 712 765 5920 3529 6844 6150
9930 6225 5627 587 4217 7114 3680 560 9693 5464 4782 6411 1697 7246 9760 7887 9627 1652 9174 9148 0 2047 2767 3652 1543 5557 3522 7720 7925 5467 4795 9012 4537 538 4474 2673 7868 9279 5276 9507 7946 7980 1944 1524 5082 186 6517 6613 5841 9004 7535 5930 7675 2965 8344 5362 6921 6494 2969 7317 1314 8983 2214 2901 3531 1065 737 5009 9118 4434 9164 1786 8915 5541 1633 1161 4109 2186 6093 403 2641 2879 563 3457 2264 2409 5912 671 366 5729 6303 8196 3465 8900 4879 4757 6759 6199 5605 299
923 9556 2969 3439 841 6943 6091 211 6691 7531 4796 5745 6745 30 3392 8667 1441 8019 4279 2454 2047 0 2808 2621 390 2208 1165 5817 4401 9494 4508 6374 831 2142 4056 777 729 9970 3723 9452 1051 3763 6362 2035 9336 4737 5746 9729 8841 4214 5019 2140 656 1172 5980 2968 3417 2578 1864 7335 2995 3157 5130 6018 815 3730 2330 3380 5780 3809 8816 7826 2230 5652 7154 9119 8878 5366 4106 5264 846 959 1084 8573 5528 167 448 9481 8865 1373 3817 3121 2363 3977 3339 1183 5947 5654 4251 2124
9445 3953 9041 3281 7544 129 1076 6185 8481 6025 1438 6331 508 3502 3983 4092 820 7342 380 2049 2767 2808 0 3934 7364 6852 3651 5608 1314 6260 7241 5839 4763 6798 303 7790 8458 6393 3624 3304 5507 2649 1296 4515 3856 341 8501 9095 2514 6336 8028 7125 3542 5905 9682 9236 4210 826 8812 7606 4729 7998 4271 5200 3741 8089 1383 6885 5524 8422 740 719 8488 4810 841 8186 2407 2668 285 5646 5777 2032 445 1116 7421 6551 9278 2893 6266 360 209 4815 2554 7169 8174 2949 8678 5109 1469 9150
8843 3244 8094 2869 7697 9053 9761 6292 3478 7841 948 8417 5944 8594 9151 646 9170 4609 3248 4168 3652 2621 3934 0 7876 3216 7548 5011 8325 7723 3238 3570 7168 7375 1832 3441 441 7527 3550 8170 9730 5979 7760 3249 1894 8821 4230 5113 8793 2957 4895 2532 5262 7911 717 967 4690 9953 8543 9402 6155 302 1324 4424 1417 91 4085 4942 1539 4836 1099 4303 135 8498 9235 8834 39 264 1932 8472 8706 2011 8943 3300 939 2646 8663 5485 9805 8070 504 3309 2586 1653 4569 9898 3847 5285 8988 3237
5476 5732 963 5535 5718 8029 6889 3938 8735 5022 1697 5983 6267 3048 6449 4961 2083 2636 5342 8587 1543 390 7364 7876 0 5380 4451 5476 5228 4335 4874 3982 4750 4273 4489 8687 164 4010 5372 4594 3270 675 8574 5224 5544 8121 9394 5813 1841 2716 4649 4090 8123 3325 6284 5843 9545 5356 6092 1843 1074 4897 9298 1611 1589 2559 8137 5304 1293 7228 539 5936 5495 2459 273 4295 1284 591 1146 9139 5071 3057 2479 5740 689 4238 6544 1917 4981 9748 3942 4467 26 1625 6821 5450 526 2342 8985 7872
1810 2666 2803 4639 7020 6203 688 3655 4758 3662 3794 2547 1376 5083 8779 1249 5204 5842 8587 2661 5557 2208 6852 3216 5380 0 6706 6023 703 718 4224 4894 383 3311 5992 9448 5651 8570 5234 4693 7473 2075 7952 4026 837 8159 4224 6928 8575 6392 1384 9087 2299 8814 1399 3471 4251 9405 3274 3011 1990 8419 4432 3513 6876 2735 9110 3630 892 678 5282 9353 1221 2138 683 6001 6825 9563 5756 3123 629 3448 8893 4393 6489 932 2650 9756 7443 1320 1908 3925 2658 760 2426 3309 3831 1309 2672 1745
2968 4537 6177 8755 9064 6431 1299 6154 3535 4750 8909 924 8511 8992 4767 4771 7283 536 6670 2864 3522 1165 3651 7548 4451 6706 0 7436 7109 4055 5328 4802 9871 3901 2313 5448 4312 7353 5538 4970 8636 3868 2767 2386 713 767 9306 4918 4288 6866 500 538 5084 1456 635 11 9100 5703 3265 2767 2367 3901 4569 3270 7912 6505 5366 1764 8971 1315 9432 1857 780 2987 1061 9619 4611 8474 3114 8028 1407 6809 5185 1206 2165 2782 4178 8904 8308 2776 7982 7929 2814 416 3895 6551 7326 8783 3161 8568
5095 5192 486 8171 4472 2828 3797 8362 2219 4613 9464 1992 1852 5212 3493 4347 592 7450 7192 949 7720 5817 5608 5011 5476 6023 7436 0 3471 1217 5801 1428 312 4347 4209 6672 2133 8529 7854 5472 1525 2740 9641 3934 71 4767 6180 3528 6115 4052 272 7269 5222 3572 2196 8462 5730 9880 4893 1602 2712 9907 8495 6722 1244 4008 4442 1112 8384 4533 1401 1938 5750 2609 6866 1673 3528 5066 3492 8572 7172 4045 2862 7759 3908 2431 7664 4624 820 1900 2133 1874 8132 3609 3403 5695 7612 3856 6559 1664
9556 5850 5209 320 7079 9591 4811 4644 6384 764 3561 7697 8428 7489 9832 6559 5831 5764 4627 3516 7925 4401 1314 8325 5228 703 7109 3471 0 6731 7171 1791 7277 4997 1889 5270 6890 4174 7343 3446 8447 5771 6787 2178 1883 3228 8498 1710 1904 6418 4780 3319 5939 8012 5220 1514 8795 3713 4382 6110 1109 7903 5472 8259 5049 1634 3163 8407 2875 8584 629 8992 1731 2303 2250 2422 8985 1165 548 4011 4990 279 1982 4968 6179 6198 1251 6843 2141 7528 6526 3495 5357 581 3485 3012 4057 3188 1221 1126
3106 9031 9139 128 6825 6983 2619 4677 1080 668 8952 1678 5536 7640 1456 5733 9577 3348 2429 7949 5467 9494 6260 7723 4335 718 4055 1217 6731 0 1673 7110 943 6440 6395 41 7422 3755 7500 7068 645 237 4430 5688 4490 8701 1951 4711 636 1342 9989 6685 7924 327 3030 6301 5148 2446 8757 8359 1966 5887 4325 7554 7172 8050 8773 5581 4228 2670 3190 5807 5859 3340 2494 2557 9194 8497 9079 7388 2990 9370 5788 9157 9199 7894 3414 9334 6974 4741 2474 5707 2019 209 7939 2116 7707 3002 6417 5853
4705 3321 1351 7435 7630 2279 6918 2083 296 8583 4277 750 4423 1118 9743 7988 253 1851 6832 787 4795 4508 7241 3238 4874 4224 5328 5801 7171 1673 0 8240 9198 5651 759 5940 3739 6027 7124 4483 8735 9958 4191 4483 1407 9676 7851 9570 5615 7911 7203 1882 4226 2745 9510 5500 365 7070 4080 76 9860 561 8601 2950 3135 7137 7278 6386 5408 8028 5924 2441 7581 2461 2520 1589 3226 7534 6414 5878 5814 2845 6412 3583 286 921 3613 6778 9989 4383 1574 7697 3585 6019 2101 4454 4349 956 2378 2732
6455 9476 7580 8715 8728 4240 9009 3374 1075 6867 9010 6412 9540 6015 7389 3078 5765 7544 9284 9947 9012 6374 5839 3570 3982 4894 4802 1428 1791 7110 8240 0 8258 8685 6059 8807 3676 1876 87 1109 2767 7582 5840 7709 5869 3707 5013 1216 9899 4902 9354 2597 8387 3503 4224 8934 7325 1911 153 7380 5054 9851 392 2172 4184 7964 3481 8911 1814 5017 4299 7362 207 8676 7001 9733 2261 3254 7620 4409 5469 344 555 6616 8788 3325 919 5 1995 2088 2858 1784 8766 7285 6404 3033 7759 263 3105 6252
78 1249 7688 375 6238 7425 6798 177 5006 6512 2158 7052 2420 9191 9691 3073 5867 6538 4831 8842 4537 831 4763 7168 4750 383 9871 312 7277 943 9198 8258 0 7248 7672 5122 6802 7340 9400 4801 7724 5184 1363 1526 3248 4675 8171 6626 5405 2193 4054 9984 3022 4980 335 6832 7372 1066 8415 189 4233 8572 2510 7486 1497 7003 5216 9217 6331 684 9170 8777 3499 8739 1093 6511 7365 6884 8372 9549 1882 8288 7192 5724 9701 2312 4610 3474 496 8261 2510 551 3533 9474 3752 2267 2474 9699 6574 7466
963 3103 7600 468 2289 8372 1820 399 3915 7636 5465 9307 967 5225 8958 7877 2617 3974 6130 825 538 2142 6798 7375 4273 3311 3901 4347 4997 6440 5651 8685 7248 0 3403 523 8361 7044 30 4278 6082 1916 3527 9549 5123 8483 261 2516 7454 8795 4596 2187 9673 6506 4698 9173 8051 5741 2391 2150 6434 2272 6893 6227 1824 8054 456 3044 9934 1610 5277 7358 9872 4830 5118 8153 5198 7961 1289 4316 4017 4821 8213 1017 6756 2435 300 9337 7813 140 1182 1903 3585 906 1348 3604 5841 2540 7473 1164
2088 1889 7009 9775 1704 4831 2615 3330 6016 6721 594 5926 3974 7739 8971 5650 2853 4466 1365 5710 4474 4056 303 1832 4489 5992 2313 4209 1889 6395 759 6059 7672 3403 0 5357 2760 8855 6351 6124 9689 3932 6061 3732 7566 7076 8122 6420 3243 2427 4211 697 3468 699 8102 8059 9140 2103 6272 5088 1230 1053 7802 7744 1831 7394 351 2377 58 4360 1076 5373 9095 6538 6352 9047 2256 6623 5805 7187 5821 9498 5436 8046 3607 346 5111 8113 1707 5040 410 5926 3608 8465 9497 8647 2784 9639 4343 8861
225 2318 8224 5371 3748 8095 7991 8690 9150 5518 4778 8046 6655 8901 5990 1018 5531 7630 5326 7310 2673 777 7790 3441 8687 9448 5448 6672 5270 41 5940 8807 5122 523 5357 0 8194 9906 9377 7805 1662 3082 3470 2704 140 65 9273 9888 9164 2426 5758 5934 9103 8658 2102 9992 1925 2000 8746 1244 6101 1152 8454 1228 884 2350 6483 2277 4381 8242 9770 3561 9684 6228 9510 4500 4414 2312 2309 1754 7737 8494 7552 4712 8653 32 671 5761 7549 7644 2821 1503 6697 5892 6313 1705 431 6415 5237 8176
4514 857 411 1807 5546 908 5154 8336 9923 8317 7436 3984 8355 2818 1175 9256 4979 564 4528 2259 7868 729 8458 441 164 5651 4312 2133 6890 7422 3739 3676 6802 8361 2760 8194 0 5254 4156 7193 5727 6418 3755 6669 2539 9363 5590 2495 9291 4580 1194 6202 2729 3692 1963 3329 1999 8999 4715 6487 1563 7887 6918 6406 4162 281 3243 4701 3201 9141 4770 2015 145 128 1215 9852 781 5539 7408 3021 1 9507 5519 4018 4533 2026 2974 501 2447 7144 2074 5765 9797 6729 5276 2930 2678 6753 6538 736
7654 9248 1779 6614 5444 8253 1785 7667 2528 2509 1984 4843 5920 8540 5491 7961 3838 6435 4447 9228 9279 9970 6393 7527 4010 8570 7353 8529 4174 3755 6027 1876 7340 7044 8855 9906 5254 0 3640 9169 9725 9103 7529 602 4392 8150 5416 4700 1785 684 8205 7301 6935 2227 6098 1729 3868 2404 3794 5341 3641 1006 7451 4030 6251 2917 3079 4259 243 7682 972 6437 1477 6197 3019 2719 1340 3915 2988 7931 4010 4364 9207 4009 656 7284 1056 6100 8323 2849 4539 85 7099 1626 9767 953 9446 1776 7739 6884
3841 6773 4426 8001 9392 6702 1275 5978 9362 6251 1984 1032 4786 9902 9866 6931 93 6921 5248 2073 5276 3723 3624 3550 5372 5234 5538 7854 7343 7500 7124 87 9400 30 6351 9377 4156 3640 0 8299 2144 986 8601 9607 8402 2740 4297 4151 2109 4968 8766 9694 1497 4872 252 8819 1994 4360 1308 7125 7660 6722 1200 6755 3717 5940 2396 3804 7052 1824 3950 2925 6318 5937 972 3562 112 5769 3208 7177 6607 5947 6234 9121 6767 4102 9674 4871 5068 4889 8874 9833 7617 6775 9022 9305 1845 1589 1046 4806
4191 8690 2721 7548 2497 7356 736 734 4834 2574 7635 2259 9149 2044 2422 3581 1995 7467 4584 5916 9507 9452 3304 8170 4594 4693 4970 5472 3446 7068 4483 1109 4801 4278 6124 7805 7193 9169 8299 0 5633 17 3647 3221 9437 6075 9954 6275 1777 8592 7666 7341 4256 4308 1847 7883 8578 1427 8885 2460 3184 1413 1970 1381 4798 3555 7041 6551 4995 6694 1611 3898 4496 1239 2947 4400 4082 6943 9662 6381 9916 9302 7492 7166 4644 2186 8930 2255 4442 9471 6465 680 6109 3386 6445 869 5589 6296 949 6045
4397 9618 3329 7360 5533 5834 7139 546 5344 1571 6858 6217 25 2546 1409 6010 1193 3004 4833 7638 7946 1051 5507 9730 3270 7473 8636 1525 8447 645 8735 2767 7724 6082 9689 1662 5727 9725 2144 5633 0 7260 9030 2983 3459 3383 2728 5215 9008 9342 1028 4982 7686 1518 5758 7498 9630 5615 1504 4318 2886 7070 4704 2252 6348 5419 722 10 422 5942 8848 8826 8243 3269 1214 6400 1177 2539 7832 6396 5087 8946 1332 7328 3762 3526 2457 3237 5114 6261 267 6839 5895 6794 4786 3115 7963 979 79 9426
4884 4880 5432 3711 5659 2803 5551 8930 1125 7013 7953 1294 5161 5717 2072 9762 6761 7892 3558 5926 7980 3763 2649 5979 675 2075 3868 2740 5771 237 9958 7582 5184 1916 3932 3082 6418 9103 986 17 7260 0 4444 3907 601 6 1322 1163 1574 2682 9598 8913 5436 5752 9876 1576 1247 9006 3904 1955 2170 6001 1986 8391 4374 7243 5526 6449 9838 185 1633 3029 8849 9004 9418 1204 8601 9612 6704 6464 7925 1759 2411 9649 2802 8998 8271 6288 5379 7048 3978 8892 2419 6293 7845 6628 3476 8771 893 2793
7934 3478 6424 5463 8190 7149 6976 2748 5440 3217 7961 7874 2749 9907 121 4509 6956 1668 715 417 1944 6362 1296 7760 8574 7952 2767 9641 6787 4430 4191 5840 1363 3527 6061 3470 3755 7529 8601 3647 9030 4444 0 1543 334 310 1286 4536 1268 4287 4978 5781 9002 2114 9572 1611 4888 8732 2201 1341 9653 1719 6563 5302 4541 4346 1966 4452 816 2909 564 679 4832 4055 4966 8242 2471 8091 7828 761 1683 1464 6033 4094 7340 1196 1352 9939 5757 3904 6010 8041 4590 2405 1285 1463 4110 8675 5177 7055
1455 4678 9957 3462 7313 2768 6538 8272 9283 1791 4618 4600 7575 8989 7544 9252 9658 736 6278 4619 1524 2035 4515 3249 5224 4026 2386 3934 2178 5688 4483 7709 1526 9549 3732 2704 6669 602 9607 3221 2983 3907 1543 0 9521 3507 8830 8330 4280 1255 4888 1075 7851 5567 2410 9942 1615 6161 2788 5713 3792 3980 8949 8265 2993 8154 3190 5738 6139 8162 4704 6938 5038 4912 4812 6788 8224 9501 2545 8381 2981 231 6595 6066 7526 3528 1172 9426 8914 9446 1511 7097 1697 8049 4109 7533 7173 1208 8787 3150
6927 6391 2887 1263 1439 2061 800 5746 8772 6784 1339 7093 4527 8050 8925 4239 8425 3055 6749 3460 5082 9336 3856 1894 5544 837 713 71 1883 4490 1407 5869 3248 5123 7566 140 2539 4392 8402 9437 3459 601 334 9521 0 6145 7435 9059 3724 3232 1863 2340 1 2061 6703 3466 6899 2548 4948 4582 9245 3605 1222 4688 5032 9510 2089 7453 2557 7232 45 5298 8097 1422 6764 3417 2013 7815 7040 7950 803 6479 813 5971 9282 2871 417 5565 3027 5086 7775 5002 752 3482 9652 4329 2077 6410 3480 9374
418 8413 6360 1319 3269 8431 3151 1184 6064 1030 6170 1620 5918 6165 964 3491 6709 7285 8407 536 186 4737 341 8821 8121 8159 767 4767 3228 8701 9676 3707 4675 8483 7076 65 9363 8150 2740 6075 3383 6 310 3507 6145 0 935 9297 9015 1677 6713 4829 8268 181 4917 7682 8137 2657 4319 5837 3555 350 2962 8830 1497 9042 9580 2958 2513 7909 5060 667 195 3455 8519 6368 9229 4117 4091 9750 8452 3451 470 5212 791 7701 9246 1839 6318 8166 1085 2016 15 2541 41 1255 8927 7110 9909 4230
9475 6543 9468 5206 2919 3872 7532 3825 5996 5266 4227 4904 4758 1040 7796 2147 3667 2977 7657 9461 6517 5746 8501 4230 9394 4224 9306 6180 8498 1951 7851 5013 8171 261 8122 9273 5590 5416 4297 9954 2728 1322 1286 8830 7435 935 0 878 222 2391 2001 7456 6271 4017 4549 7115 3913 2096 8688 8684 1282 1809 3163 1621 7899 4666 1266 2678 4314 4589 7752 1120 1827 7381 2435 7375 836 311 4533 7444 4943 4842 9816 4911 6386 2966 1424 4501 3922 1783 155 3634 19 1592 5432 1776 1217 7066 699 4668
7879 3557 7650 1327 7112 1113 5803 4904 180 6627 7295 4443 2056 4498 6931 6471 41 4723 6364 713 6613 9729 9095 5113 5813 6928 4918 3528 1710 4711 9570 1216 6626 2516 6420 9888 2495 4700 4151 6275 5215 1163 4536 8330 9059 9297 878 0 8139 3385 9506 7408 5615 8999 2789 9329 6873 6879 8839 7186 7300 2248 1664 9507 8260 495 5130 758 1379 3238 5938 8256 2849 4201 6959 1977 2991 9254 4339 574 398 8311 3648 6389 5679 4985 7691 7556 8064 7705 2211 1440 3381 7506 2899 8565 7781 3407 2710 1467
3602 1848 8919 6601 5796 3056 4792 7895 6941 8814 6581 8747 1934 2657 1081 5580 270 7630 2108 994 5841 8841 2514 8793 1841 8575 4288 6115 1904 636 5615 9899 5405 7454 3243 9164 9291 1785 2109 1777 9008 1574 1268 4280 3724 9015 222 8139 0 1634 2977 9135 8235 1009 319 2864 5876 5263 9715 6882 2681 7629 3875 8255 7730 6875 3335 2444 6938 6592 7530 2125 3321 8056 848 2896 5051 832 3610 7075 6864 4500 1420 5490 1328 5087 3028 470 5140 573 733 6692 6373 8949 5081 7720 5562 467 4147 8179
5784 9914 2215 1213 553 2281 1959 4600 131 2179 7835 3906 258 5398 8868 5949 56 466 4580 8823 9004 4214 6336 2957 2716 6392 6866 4052 6418 1342 7911 4902 2193 8795 2427 2426 4580 684 4968 8592 9342 2682 4287 1255 3232 1677 2391 3385 1634 0 1816 5737 1018 1210 749 5456 4061 7559 8640 742 7437 4909 2159 3863 403 5385 5825 419 4972 5107 656 5167 8575 4132 7635 8698 3814 4660 8603 9089 1523 976 8614 7531 1880 5313 561 8582 285 3236 3454 3323 5483 2719 6727 7117 2168 9301 3980 7580
4698 167 1691 8026 30 8447 22 2930 7854 9007 6197 882 9177 5909 8734 2554 7825 7340 1879 995 7535 5019 8028 4895 4649 1384 500 272 4780 9989 7203 9354 4054 4596 4211 5758 1194 8205 8766 7666 1028 9598 4978 4888 1863 6713 2001 9506 2977 1816 0 897 3808 7788 4944 9499 4740 4029 8099 693 5040 2386 2398 4414 8067 2205 9604 579 9695 7273 5714 2000 6887 6549 7215 8853 9294 7260 9541 6399 8328 7110 7875 1924 7773 8545 3022 5782 9566 3318 3017 4968 6788 1753 1231 7539 2355 5546 4521 7434
8244 3420 3123 6022 9490 7271 2775 8275 1095 3989 5530 229 3555 4844 753 5445 4494 9239 8233 5552 5930 2140 7125 2532 4090 9087 538 7269 3319 6685 1882 2597 9984 2187 697 5934 6202 7301 9694 7341 4982 8913 5781 1075 2340 4829 7456 7408 9135 5737 897 0 3417 4713 3903 2261 8815 725 7649 8248 2350 7768 9306 2729 6652 9176 4498 3204 2556 4086 9293 1103 6815 4627 1494 5447 9336 3676 8392 9631 2845 9638 4517 4274 1726 4620 1572 4252 4868 290 1405 6796 1191 5072 8834 9551 1742 3808 2691 3307
7336 3942 106 5345 1521 6445 2264 7041 8961 2223 9795 5117 8495 7232 8114 8411 8181 7029 1816 1132 7675 656 3542 5262 8123 2299 5084 5222 5939 7924 4226 8387 3022 9673 3468 9103 2729 6935 1497 4256 7686 5436 9002 7851 1 8268 6271 5615 8235 1018 3808 3417 0 7381 516 4706 7794 8808 2134 7910 82 4773 6938 8166 9901 3616 8930 9209 7676 4145 9628 3894 8555 2293 7264 1122 5125 4223 8328 2663 1095 8673 6852 3177 9413 3755 4028 2129 131 4862 7900 2428 7018 9427 7411 1304 1605 3940 8212 9813
2307 7974 9041 2700 4919 6568 4590 500 6151 9888 1293 7970 2800 8103 2484 4917 5172 9379 521 452 2965 1172 5905 7911 3325 8814 1456 3572 8012 327 2745 3503 4980 6506 699 8658 3692 2227 4872 4308 1518 5752 2114 5567 2061 181 4017 8999 1009 1210 7788 4713 7381 0 8919 7502 10000 491 7596 6345 8877 6734 3934 6898 7476 2759 4547 8248 4697 6335 9986 8551 8545 8207 7707 1288 5622 6275 6342 8020 5737 4188 990 4175 6237 9370 5006 6626 7744 700 8405 22 1307 1171 7318 9892 5881 7390 2600 2586
3414 4499 8477 3189 6270 2539 6029 8183 9170 8107 4276 3800 9310 4202 1494 6465 4909 6898 9666 995 8344 5980 9682 717 6284 1399 635 2196 5220 3030 9510 4224 335 4698 8102 2102 1963 6098 252 1847 5758 9876 9572 2410 6703 4917 4549 2789 319 749 4944 3903 516 8919 0 9078 8096 7660 2849 9841 9203 8113 9010 8174 4928 8960 3947 5057 7341 7101 2840 8166 4995 7633 2327 9421 6869 80 7463 3140 1576 8970 7833 6965 5712 8040 3403 7477 6794 5522 4826 1173 4131 2140 9914 2265 8142 2190 7163 2991
9179 3501 9492 6373 8860 6240 458 6681 635 3970 4315 884 2873 1692 8872 68 9978 6638 8301 9682 5362 2968 9236 967 5843 3471 11 8462 1514 6301 5500 8934 6832 9173 8059 9992 3329 1729 8819 7883 7498 1576 1611 9942 3466 7682 7115 9329 2864 5456 9499 2261 4706 7502 9078 0 8814 8802 6882 1518 3044 5827 4961 1166 6862 2760 8993 8744 2231 3742 2728 7622 5418 8307 7878 8915 3889 603 7014 4777 8047 8694 5899 7777 8310 6896 8507 3618 7429 6644 1389 3101 6392 8406 5897 4727 720 6633 8004 7386
509 373 8718 6351 8592 134 8988 7552 6107 1679 8271 7385 5727 9613 7517 1031 8911 4063 1663 7915 6921 3417 4210 4690 9545 4251 9100 5730 8795 5148 365 7325 7372 8051 9140 1925 1999 3868 1994 8578 9630 1247 4888 1615 6899 8137 3913 6873 5876 4061 4740 8815 7794 10000 8096 8814 0 6054 3218 8129 6364 489 4158 1165 8706 303 6734 8321 1162 5172 5707 8083 6435 7891 9221 8381 756 2765 7443 6524 2121 7244 9191 7213 5734 7849 4034 666 6316 2454 4591 8634 5700 4919 5870 8649 3600 4144 4321 7874
9405 1648 1279 181 4444 2486 5358 1059 616 8965 4347 4435 8649 4463 5839 7722 3938 7916 9080 6915 6494 2578 826 9953 5356 9405 5703 9880 3713 2446 7070 1911 1066 5741 2103 2000 8999 2404 4360 1427 5615 9006 8732 6161 2548 2657 2096 6879 5263 7559 4029 725 8808 491 7660 8802 6054 0 328 6788 9524 7819 1765 1926 8192 3627 1582 7562 7020 6760 4857 6795 794 8280 6559 7495 3115 5377 1542 8777 9634 6656 1965 5819 5439 307 1928 1193 4558 6228 5315 2111 8122 8933 5888 8665 792 8531 1741 6667
8677 2585 1952 9860 2847 4514 6698 6523 1729 3390 3371 1038 7702 9098 5935 944 3778 2627 855 9332 2969 1864 8812 8543 6092 3274 3265 4893 4382 8757 4080 153 8415 2391 6272 8746 4715 3794 1308 8885 1504 3904 2201 2788 4948 4319 8688 8839 9715 8640 8099 7649 2134 7596 2849 6882 3218 328 0 1315 803 4610 6085 7838 4035 4048 9586 345 9779 3609 9535 8809 962 2106 2805 388 5685 791 3705 4822 1841 1405 3446 4762 1332 5826 63 1191 5020 2274 5345 5490 6314 4435 9196 7074 7970 6163 6111 1842
1193 7557 2091 2809 3798 21 8856 772 8483 9541 9659 4850 609 5517 6472 6935 6535 3186 2927 113 7317 7335 7606 9402 1843 3011 2767 1602 6110 8359 76 7380 189 2150 5088 1244 6487 5341 7125 2460 4318 1955 1341 5713 4582 5837 8684 7186 6882 742 693 8248 7910 6345 9841 1518 8129 6788 1315 0 2842 4026 3355 889 7834 4964 3095 3495 9811 2689 8804 7250 14 8711 8128 468 7675 6021 7194 7142 2752 7639 5384 6195 7053 1153 601 7339 6217 4168 4459 4627 4776 4092 1843 9308 1417 5437 9372 3340
5027 6738 7126 6990 2316 9403 5693 3841 3724 4588 7364 4706 6925 9249 2928 5611 6187 7847 1713 9047 1314 2995 4729 6155 1074 1990 2367 2712 1109 1966 9860 5054 4233 6434 1230 6101 1563 3641 7660 3184 2886 2170 9653 3792 9245 3555 1282 7300 2681 7437 5040 2350 82 8877 9203 3044 6364 9524 803 2842 0 8738 5682 3254 5257 4993 8906 2162 544 1378 3017 4931 6514 3263 6815 8946 9083 8489 7634 1652 5558 548 1025 3405 3252 6488 1200 4116 9753 4191 1081 7925 8829 8328 4624 9073 7270 1326 9059 5109
7155 1431 7897 9779 1711 1566 3275 1116 633 5149 7084 4706 2853 1259 3968 9606 914 9575 811 222 8983 3157 7998 302 4897 8419 3901 9907 7903 5887 561 9851 8572 2272 1053 1152 7887 1006 6722 1413 7070 6001 1719 3980 3605 350 1809 2248 7629 4909 2386 7768 4773 6734 8113 5827 489 7819 4610 4026 8738 0 3655 3215 21 206 3591 777 1291 4789 8946 4966 3989 1561 6933 3624 4419 9871 3569 6746 2179 7960 2632 178 5682 2811 909 6070 96 5285 3949 8917 2890 7100 2426 6897 3266 8690 8102 5644
8836 8818 3778 7446 806 5059 8858 3621 7637 4338 1480 1576 1038 3475 102 254 8598 6941 7876 7006 2214 5130 4271 1324 9298 4432 4569 8495 5472 4325 8601 392 2510 6893 7802 8454 6918 7451 1200 1970 4704 1986 6563 8949 1222 2962 3163 1664 3875 2159 2398 9306 6938 3934 9010 4961 4158 1765 6085 3355 5682 3655 0 8123 7038 6830 9435 1613 8116 8772 9047 4352 9011 4180 5415 4823 4922 6156 6860 3389 6513 978 9737 1723 9666 4068 5538 9336 5951 1061 6710 1433 1908 6201 8357 8714 8425 9719 239 2862
4811 1772 8328 6163 6602 6826 87 9966 5966 5669 3938 3627 2619 1133 3670 58 4707 4070 2127 4774 2901 6018 5200 4424 1611 3513 3270 6722 8259 7554 2950 2172 7486 6227 7744 1228 6406 4030 6755 1381 2252 8391 5302 8265 4688 8830 1621 9507 8255 3863 4414 2729 8166 6898 8174 1166 1165 1926 7838 889 3254 3215 8123 0 1722 440 1859 7134 7979 9027 1772 6088 6390 2124 7774 440 3380 6591 8792 3823 854 9347 493 9484 6566 760 7949 6251 4949 1209 5894 7255 498 6612 7330 4719 4701 2552 3497 4824
5278 6609 5575 9231 3114 7944 1636 2485 6649 1346 2485 9422 8863 1228 4073 8649 827 1578 2952 9771 3531 815 3741 1417 1589 6876 7912 1244 5049 7172 3135 4184 1497 1824 1831 884 4162 6251 3717 4798 6348 4374 4541 2993 5032 1497 7899 8260 7730 403 8067 6652 9901 7476 4928 6862 8706 8192 4035 7834 5257 21 7038 1722 0 5325 1692 4273 8628 2569 679 3143 759 6049 2754 8193 9985 9486 5389 7280 4929 7226 917 7645 460 2073 625 6198 4323 1393 971 6355 4645 8179 811 9739 2143 903 9556 9418
1304 5079 9973 6234 2034 7228 2373 5146 2204 8988 6673 7598 9448 4925 2671 5642 2418 8502 130 1047 1065 3730 8089 91 2559 2735 6505 4008 1634 8050 7137 7964 7003 8054 7394 2350 281 2917 5940 3555 5419 7243 4346 8154 9510 9042 4666 495 6875 5385 2205 9176 3616 2759 8960 2760 303 3627 4048 4964 4993 206 6830 440 5325 0 7360 1570 2872 5751 7221 1178 5094 7682 886 5494 5190 9969 2210 5183 3671 9562 1983 1725 5254 1232 502 3945 1777 4784 1442 9408 8618 6631 2038 4402 5574 8517 2207 8070
3292 7521 250 5071 1984 2268 8007 7749 1718 7016 459 3299 1518 6349 6456 6150 5856 4655 9721 7641 737 2330 1383 4085 8137 9110 5366 4442 3163 8773 7278 3481 5216 456 351 6483 3243 3079 2396 7041 722 5526 1966 3190 2089 9580 1266 5130 3335 5825 9604 4498 8930 4547 3947 8993 6734 1582 9586 3095 8906 3591 9435 1859 1692 7360 0 8141 2145 2554 5626 2352 7014 8052 2915 2578 840 6174 1363 3028 5667 389 4582 5344 7147 3804 4220 1263 5001 302 1863 4026 5590 9698 1480 5521 6155 7103 7425 4454
70 3852 9920 2407 4231 7056 9631 2028 2264 4759 9556 2639 4775 9441 8565 9214 7054 1359 5394 536 5009 3380 6885 4942 5304 3630 1764 1112 8407 5581 6386 8911 9217 3044 2377 2277 4701 4259 3804 6551 10 6449 4452 5738 7453 2958 2678 758 2444 419 579 3204 9209 8248 5057 8744 8321 7562 345 3495 2162 777 1613 7134 4273 1570 8141 0 6385 2334 7506 4998 718 3898 7103 5049 8418 3782 3534 3909 3927 7010 4235 2319 1715 9828 7624 2042 4322 1815 7740 6529 8571 7109 4029 3612 8773 6219 2539 911
3706 1986 412 1702 5173 2492 7573 3211 1258 2340 4980 2058 1930 2073 3392 1629 1349 6570 5344 6956 9118 5780 5524 1539 1293 892 8971 8384 2875 4228 5408 1814 6331 9934 58 4381 3201 243 7052 4995 422 9838 816 6139 2557 2513 4314 1379 6938 4972 9695 2556 7676 4697 7341 2231 1162 7020 9779 9811 544 1291 8116 7979 8628 2872 2145 6385 0 9027 5338 7816 1964 3755 1599 3285 1338 3522 1635 4145 8530 5301 1759 1028 2498 1849 5710 4917 5634 2137 4499 2636 5754 1815 1582 4518 7925 3307 9261 2320
92 3539 1383 909 3837 558 2796 3768 4594 8091 6821 386 1622 7730 8744 1138 1410 6860 2571 3488 4434 3809 8422 4836 7228 678 1315 4533 8584 2670 8028 5017 684 1610 4360 8242 9141 7682 1824 6694 5942 185 2909 8162 7232 7909 4589 3238 6592 5107 7273 4086 4145 6335 7101 3742 5172 6760 3609 2689 1378 4789 8772 9027 2569 5751 2554 2334 9027 0 4969 3486 4519 1878 459 4392 1932 6977 2113 9575 4287 1624 6289 7723 3642 1802 1045 1969 9325 3768 9630 9660 5586 9904 4349 1897 7819 3666 3606 8110
459 4692 3210 2217 9870 730 4884 2268 4213 2442 9239 4934 5501 2786 164 9700 7706 6863 2119 2716 9164 8816 740 1099 539 5282 9432 1401 629 3190 5924 4299 9170 5277 1076 9770 4770 972 3950 1611 8848 1633 564 4704 45 5060 7752 5938 7530 656 5714 9293 9628 9986 2840 2728 5707 4857 9535 8804 3017 8946 9047 1772 679 7221 5626 7506 5338 4969 0 5870 4355 2861 8471 7544 9957 1806 6516 899 7039 7572 6499 8556 6100 1531 1580 4735 4787 1952 5477 1943 736 2509 6196 6599 8323 1528 8919 1852
6066 9815 8454 4919 4744 5441 4886 7174 3353 7633 6812 3295 8513 6194 6243 5865 6561 8760 2886 36 1786 7826 719 4303 5936 9353 1857 1938 8992 5807 2441 7362 8777 7358 5373 3561 2015 6437 2925 3898 8826 3029 679 6938 5298 667 1120 8256 2125 5167 2000 1103 3894 8551 8166 7622 8083 6795 8809 7250 4931 4966 4352 6088 3143 1178 2352 4998 7816 3486 5870 0 7374 8872 7722 8965 1872 274 9824 5896 8643 8297 7075 1721 4611 7459 2479 4921 7867 7066 3873 4858 7391 8186 6844 5709 7199 6480 601 7999
4335 3066 5724 8238 1976 833 5830 7760 9705 6262 7640 5725 9204 7401 1152 6020 900 3643 3549 6601 8915 2230 8488 135 5495 1221 780 5750 1731 5859 7581 207 3499 9872 9095 9684 145 1477 6318 4496 8243 8849 4832 5038 8097 195 1827 2849 3321 8575 6887 6815 8555 8545 4995 5418 6435 794 962 14 6514 3989 9011 6390 759 5094 7014 718 1964 4519 4355 7374 0 4346 4874 2488 3268 5330 7832 6368 3918 3238 6915 1489 4626 798 9963 9077 9795 654 9548 57 5121 4974 8603 8645 1762 8373 6121 1352
8112 3925 9619 6440 3181 1201 3247 5772 7619 6847 3512 841 3505 4257 43 8250 5294 3518 2347 3612 5541 5652 4810 8498 2459 2138 2987 2609 2303 3340 2461 8676 8739 4830 6538 6228 128 6197 5937 1239 3269 9004 4055 4912 1422 3455 7381 4201 8056 4132 6549 4627 2293 8207 7633 8307 7891 8280 2106 8711 3263 1561 4180 2124 6049 7682 8052 3898 3755 1878 2861 8872 4346 0 3026 4616 6787 194 8499 8326 4839 8436 4999 4267 2676 5584 5328 2003 504 4890 10 3882 109 2457 1225 8363 8871 8036 1987 6491
1651 2425 7205 8870 4163 8726 3163 3026 1215 2828 6644 4940 622 3123 8066 8706 8206 6159 7863 6313 1633 7154 841 9235 273 683 1061 6866 2250 2494 2520 7001 1093 5118 6352 9510 1215 3019 972 2947 1214 9418 4966 4812 6764 8519 2435 6959 848 7635 7215 1494 7264 7707 2327 7878 9221 6559 2805 8128 6815 6933 5415 7774 2754 886 2915 7103 1599 459 8471 7722 4874 3026 0 7654 8389 2725 2310 1215 9236 6320 6658 3361 1689 3360 6544 9565 3838 9169 882 4636 7332 6155 5571 930 9261 2156 7086 9199
9265 214 5102 4597 7592 7543 7027 1236 521 224 9252 1586 4033 5489 640 5296 4760 3988 1472 5273 1161 9119 8186 8834 4295 6001 9619 1673 2422 2557 1589 9733 6511 8153 9047 4500 9852 2719 3562 4400 6400 1204 8242 6788 3417 6368 7375 1977 2896 8698 8853 5447 1122 1288 9421 8915 8381 7495 388 468 8946 3624 4823 440 8193 5494 2578 5049 3285 4392 7544 8965 2488 4616 7654 0 2232 3055 1721 9234 5813 4712 2850 8068 3056 5379 9728 968 4164 6348 9651 6324 480 283 5565 7168 4107 6452 5578 9929
137 910 4143 6227 9637 5190 6546 9297 598 8598 9961 2680 4708 4194 7323 7719 8443 6758 6553 3978 4109 8878 2407 39 1284 6825 4611 3528 8985 9194 3226 2261 7365 5198 2256 4414 781 1340 112 4082 1177 8601 2471 8224 2013 9229 836 2991 5051 3814 9294 9336 5125 5622 6869 3889 756 3115 5685 7675 9083 4419 4922 3380 9985 5190 840 8418 1338 1932 9957 1872 3268 6787 8389 2232 0 7504 3502 4103 1762 6074 8128 6262 8793 6378 7073 9082 2962 7310 4289 3549 5564 897 2178 2172 274 8250 889 2765
3848 5950 1164 3628 2780 155 8113 7727 5616 1526 5258 8618 9850 7602 3689 8129 8997 9085 2422 7987 2186 5366 2668 264 591 9563 8474 5066 1165 8497 7534 3254 6884 7961 6623 2312 5539 3915 5769 6943 2539 9612 8091 9501 7815 4117 311 9254 832 4660 7260 3676 4223 6275 80 603 2765 5377 791 6021 8489 9871 6156 6591 9486 9969 6174 3782 3522 6977 1806 274 5330 194 2725 3055 7504 0 9674 1815 5738 3039 6922 3294 1805 3220 9575 7680 7565 2212 7507 9391 2489 1562 2330 7978 2154 5440 9786 5206
6239 2181 368 7434 2087 7381 1984 5806 5727 4815 5894 9935 1558 4607 5673 1561 4861 3000 7379 7501 6093 4106 285 1932 1146 5756 3114 3492 548 9079 6414 7620 8372 1289 5805 2309 7408 2988 3208 9662 7832 6704 7828 2545 7040 4091 4533 4339 3610 8603 9541 8392 8328 6342 7463 7014 7443 1542 3705 7194 7634 3569 6860 8792 5389 2210 1363 3534 1635 2113 6516 9824 7832 8499 2310 1721 3502 9674 0 8760 5457 4305 3318 2854 5663 1301 6593 724 9505 8048 2374 8695 2120 2309 357 8153 8949 124 940 3208
1008 3369 7402 9637 7141 7541 108 5903 5937 7344 4347 6204 8615 4568 2851 9675 8298 9242 8579 2520 403 5264 5646 8472 9139 3123 8028 8572 4011 7388 5878 4409 9549 4316 7187 1754 3021 7931 7177 6381 6396 6464 761 8381 7950 9750 7444 574 7075 9089 6399 9631 2663 8020 3140 4777 6524 8777 4822 7142 1652 6746 3389 3823 7280 5183 3028 3909 4145 9575 899 5896 6368 8326 1215 9234 4103 1815 8760 0 4754 2050 1882 1256 2306 2172 491 5814 7092 3876 8503 7861 4930 3096 703 4875 7417 2275 7590 8347
2911 9634 3560 9538 6440 6698 5997 7291 2203 2504 6821 4233 3827 8943 391 3446 721 2051 5550 5172 2641 846 5777 8706 5071 629 1407 7172 4990 2990 5814 5469 1882 4017 5821 7737 1 4010 6607 9916 5087 7925 1683 2981 803 8452 4943 398 6864 1523 8328 2845 1095 5737 1576 8047 2121 9634 1841 2752 5558 2179 6513 854 4929 3671 5667 3927 8530 4287 7039 8643 3918 4839 9236 5813 1762 5738 5457 4754 0 6040 1091 5795 6202 2128 6534 176 6430 2280 8101 8334 8079 7183 7833 8875 8009 6192 3118 251
4839 3566 979 592 5757 5427 1450 7423 8870 3273 2028 4254 5371 2976 161 9518 8966 1044 1781 1609 2879 959 2032 2011 3057 3448 6809 4045 279 9370 2845 344 8288 4821 9498 8494 9507 4364 5947 9302 8946 1759 1464 231 6479 3451 4842 8311 4500 976 7110 9638 8673 4188 8970 8694 7244 6656 1405 7639 548 7960 978 9347 7226 9562 389 7010 5301 1624 7572 8297 3238 8436 6320 4712 6074 3039 4305 2050 6040 0 9512 9460 5827 6771 1848 9536 4553 6249 4524 8423 540 3073 2348 8671 4908 7117 4773 8074
