150
0 3424 8774 9731 9165 5756 2044 7377 3463 8232 6724 465 4348 6244 3722 8624 8814 3295 3482 1725 6140 4245 3240 8830 335 8779 8702 3502 2597 7745 2571 436 1437 8360 8819 7978 976 7719 7709 5949 607 9540 5589 8149 497 6834 4413 7456 5489 72 5643 4605 3219 7452 6424 2421 7611 3085 9095 2930 7122 3685 8208 2699 3264 1609 1372 6475 289 2839 8822 3279 4974 8533 8887 3584 7695 4965 6199 1988 1166 6056 6021 8512 4125 6493 2372 8520 2818 5797 8375 6100 1418 739 8838 6588 6545 1473 9260 9316 8792 8148 3929 6693 446 2697 6340 6703 9195 3802 9624 2694 928 4834 3073 6111 5110 8964 291 4975 2347 8175 7361 6083 3807 8040 9493 4843 5585 3847 4415 9975 1016 7811 4781 9131 6226 3722 1391 7635 760 3112 5365 335 8123 8277 7611 1126 337 3904
3424 0 6012 8252 6946 892 275 5124 6256 19 736 4298 2044 3709 2097 3786 4632 2446 2961 1753 8438 6949 1863 2231 1711 4585 7377 1732 2551 7449 5636 1282 6301 272 2818 7221 6284 4507 8003 6398 4658 9724 9331 4023 3929 4599 1109 2013 8467 1001 1992 1715 6659 6309 4576 5895 6133 8151 2483 5114 2972 7110 5776 1325 1983 6542 6169 987 8001 658 3792 5187 4724 8567 8187 4906 9415 4170 7800 4670 8858 9266 6725 1781 872 9267 7627 3626 3172 9640 5337 3654 4774 241 6362 9878 6477 6505 476 5473 2425 6896 1553 404 8765 7667 504 8612 9790 8915 881 5648 6433 3476 187 73 5559 3678 1462 1704 6266 1433 2477 3450 6588 3040 189 8518 9771 485 7169 9688 4928 2262 3437 374 9331 6817 3208 4271 8709 4524 2073 6419 806 4497 5664 1479 168 7130
8774 6012 0 1264 3497 8565 1366 8880 2359 4382 5904 1726 6121 4882 373 9369 7021 2578 1726 8110 3339 5375 1801 6542 1144 5956 5639 7789 7366 47 9537 3209 204 5960 3789 2229 8020 2923 5054 5736 1543 5614 4206 2040 1733 3170 7283 7922 9648 1897 8528 4858 949 6474 5017 8090 9028 4802 5406 2310 4652 405 1472 2129 2239 4953 6734 3889 1884 1917 3991 2997 2923 2205 738 843 6777 4006 9755 6447 8005 59 7131 7021 4874 6601 1138 8687 7256 6688 5450 9554 9428 6100 5115 2397 168 7445 419 308 9516 200 6257 9900 7914 8395 5061 4330 1892 382 161 7645 479 1755 6643 7710 1504 8097 1394 75 4806 9250 3188 1218 2892 5575 3203 256 726 4774 2621 6831 8934 3712 3053 2529 6082 8276 8419 3007 5120 8759 1916 8633 8318 2251 543 2380 4770 2648
9731 8252 1264 0 6755 4148 3119 5742 621 2081 9581 2144 339 342 8181 1822 5760 9081 1150 3202 7622 6559 3614 2939 4997 2492 6911 3097 2821 4288 5542 1214 582 9013 776 7167 4860 1301 70 8701 4664 5837 6458 0 2585 2690 7461 767 4845 7518 3709 5415 3659 108 9384 4658 4729 3557 6929 8866 4379 588 32 5391 5172 7687 7843 4011 4783 8285 3473 9347 6138 5468 1592 4026 7532 6626 2456 3380 5946 8165 7606 8939 5095 179 2980 490 5721 5337 7110 5322 6741 2214 2580 6787 2503 2546 305 9467 9712 5447 1628 4840 863 1500 4557 923 9494 7547 8703 467 5338 9875 7971 7630 7646 9209 7340 9287 9352 5401 5629 805 9611 7809 4911 3129 5685 4324 4324 108 3321 8389 1480 7860 8086 34 8536 1460 3906 5149 5754 9307 3210 3573 1768 3178 7874 2308
9165 6946 3497 6755 0 3002 3092 2221 7322 8202 8284 8841 3045 5568 8923 2707 5825 1693 7900 2931 1547 7496 6971 8020 9668 3632 1126 9277 7162 9931 1089 8872 121 1724 6695 9868 6100 1163 144 444 9578 6919 4110 6169 6068 4839 7699 1894 3979 8886 2160 917 6195 9858 2375 6508 107 7273 4107 9753 2042 6892 7676 5001 2366 8828 2021 9848 6183 8888 1832 8206 3974 2211 3252 4650 7767 9348 534 2433 7235 1281 2219 6234 726 9275 3544 6656 725 1881 8032 7110 8123 4898 9018 7930 9054 1424 9368 8436 7083 7705 5794 1655 8073 7496 163 6876 6487 7921 128 9934 3083 8964 5747 5907 189 1454 3584 6557 8326 782 5454 9376 7488 5662 5865 2794 1935 2366 1619 6551 4042 7198 7775 6131 6211 6841 2317 9585 6800 8685 6250 6341 248 1117 3079 4192 7741 7488
5756 892 8565 4148 3002 0 5676 2207 8219 8325 3643 8657 7748 678 3411 9009 2469 5107 4728 2874 5497 4043 6512 5055 6914 1762 1297 7275 7756 8759 3956 6283 1769 8180 8760 4432 4456 1857 6405 1553 2561 2287 6454 1513 8142 9853 5996 3685 112 4777 4368 6760 4538 6262 3483 3557 4479 5301 5115 6526 6681 2465 3973 4986 7963 535 2155 8784 8844 6591 3855 6545 7093 306 9932 4801 8359 6284 8519 5545 6473 5682 2082 754 1891 4107 1266 3151 6521 2260 8282 7967 6670 257 5832 7001 6485 9032 6068 8350 9900 7705 3846 1193 2087 741 9410 5226 6840 244 3998 7146 8082 109 3551 4890 938 4915 6048 5356 1054 3314 1387 5871 4394 87 8573 8581 3591 3713 7508 2001 8359 9057 32 3419 7346 7478 4107 5772 1402 7167 5502 7370 2058 9420 8133 7963 6644 5642
2044 275 1366 3119 3092 5676 0 6474 9719 4328 4682 5371 5226 6143 1788 5114 668 1109 7605 9505 8240 9898 5354 1971 6811 640 1628 4797 8584 9451 1362 2139 1612 5498 4913 5114 2690 5256 2524 6645 3520 8237 6980 979 647 3452 562 1428 4658 5887 2519 8147 1706 1232 2136 6163 5555 1724 1847 4587 7603 5388 9531 5035 3122 3486 5920 9538 3195 9073 2237 7108 6717 2193 4922 6795 5659 5736 9754 9203 4119 5657 835 6874 43 6196 4785 3957 3207 933 6428 6578 305 1121 757 8132 2898 5619 4403 4534 9062 6316 2874 9033 1883 5344 8319 5233 4927 47 1728 7083 6736 3379 4048 9303 2222 7541 5357 1432 3188 1193 7033 7621 2124 5969 1449 4032 5310 3944 8450 5737 8111 1815 8770 1534 831 828 3356 5482 9632 6804 6622 48 9611 2992 8568 9524 1181 5802
7377 5124 8880 5742 2221 2207 6474 0 6177 5524 9611 7199 2816 4202 1106 1475 3409 6354 8704 3521 3258 9726 5206 9187 8398 301 9200 3016 547 6202 1416 461 6898 380 3496 7230 1463 1696 5150 8080 7022 3687 5010 7821 1194 9858 8555 8261 7142 6283 8860 4841 5968 3899 1758 4289 9085 5952 7962 1143 9126 8451 422 7444 4074 8114 9210 2962 3001 8035 3835 6588 2004 5592 4457 8055 3626 5818 4611 9446 6612 7633 4787 4216 2318 4743 1708 8772 8502 4091 8515 1151 3187 5052 67 7480 5726 140 2243 3015 1907 9495 5120 2916 8550 1381 4171 65 3887 1698 8588 8251 4850 3769 5429 7514 1226 5122 5204 708 9286 221 976 8947 9402 3083 1826 9993 5994 770 1872 280 2843 4808 2513 8920 1916 7935 8710 1916 2307 1413 4130 543 1360 5239 5943 2005 540 2862
3463 6256 2359 621 7322 8219 9719 6177 0 3842 3705 3903 9976 4486 9463 6672 9023 9603 60 7637 7329 9459 1351 234 1789 7553 3129 3830 5144 3193 4881 2453 5816 5085 6967 9423 517 9103 3593 9180 4497 4511 6219 1320 3167 3012 3830 248 1436 106 3509 7903 9622 67 4023 714 3870 6798 8361 6254 625 8151 6776 1833 2233 6625 7860 2694 5752 9953 7890 8866 9112 8842 7577 1175 9771 1879 5777 8893 7200 1027 4833 2739 4685 7510 8048 9318 7222 806 6014 8137 6403 413 5270 4148 9144 5950 6629 7535 5657 459 2761 4354 2386 2793 4107 3295 1359 824 6522 725 7783 1575 1392 7771 8007 684 7259 8985 7262 2422 5027 9024 1650 358 5116 8401 7626 8728 2001 1130 9282 5734 330 5780 7002 8540 4763 7416 7233 8949 7380 6286 2414 9735 4138 1758 8510 3685
8232 19 4382 2081 8202 8325 4328 5524 3842 0 8814 3670 9514 7496 235 8289 310 9746 1735 8688 4286 3708 4139 2164 9707 5988 5762 2737 3293 2528 9699 2444 6876 7598 5745 8754 9563 6480 9350 7539 4381 9080 7064 9505 4191 1805 711 8848 3510 6031 8644 705 3121 767 3775 4313 8549 1242 4934 808 5197 6965 3857 5735 6668 1011 9523 9161 2676 3085 1987 5162 6461 2350 4467 1761 9596 8731 9713 5677 2906 882 6803 2208 4289 5425 3018 4406 3330 7551 5792 4123 4972 2549 311 70 6136 2755 3924 5081 5534 6971 5566 8019 6189 3303 3663 2169 8130 1518 7152 7621 8140 8909 4995 7975 8043 2602 7538 9244 4508 1819 4796 1815 2807 6301 9154 8712 4215 7369 2787 2002 4376 7493 6001 3626 4643 608 6613 9424 7564 1330 2449 5420 367 636 6634 1395 1194 1429
6724 736 5904 9581 8284 3643 4682 9611 3705 8814 0 2345 1506 2085 4402 9383 7297 8321 6797 3130 457 3863 7293 7685 664 4705 6077 8275 5988 5924 8692 8382 7615 3654 6741 8817 711 1375 8690 8002 1855 964 2027 9590 7453 2587 8083 8823 4989 2906 8280 3634 2018 6958 1402 816 2524 2369 6158 3269 4459 3654 9536 1082 9634 7452 9659 8074 1789 2760 4312 6466 4350 3223 5980 7028 3659 4391 1698 374 1652 6354 848 5147 6065 3608 2901 6949 4384 9076 3715 9553 5298 4417 2960 362 7710 9694 3449 2247 7136 129 1495 6930 9755 9229 3413 8463 7667 7066 161 1046 1322 4457 1292 2645 1561 6268 9941 3259 4644 7059 8712 7683 9168 8993 5090 8820 5930 2856 2230 1934 2025 6862 6579 9028 6219 5417 5207 8375 1551 3183 4146 1141 2528 2161 2232 4893 1509 7993
465 4298 1726 2144 8841 8657 5371 7199 3903 3670 2345 0 1428 5871 8990 8635 7325 8948 2900 7220 5332 8454 5479 6693 9249 3389 843 7577 4940 1525 3198 5304 4310 6823 447 1972 4091 5092 4381 4769 8892 49 8490 7266 1566 6572 7374 3399 6941 7861 1389 3393 1629 3251 9561 9246 5351 4639 5880 9362 8897 6012 1648 3864 2567 5254 4435 1305 9073 4058 2113 1756 2993 1152 166 9203 69 7050 6988 7202 69 4308 9025 28 3730 763 8984 7045 2353 3615 1712 3187 5378 6783 5244 3153 767 9142 9211 256 7778 379 9535 5504 9603 7829 6096 528 1188 5334 577 5830 5579 3665 2974 3113 8329 739 918 5775 8429 7040 1182 4288 4664 1838 8982 7966 4215 893 4530 7072 7249 5365 876 662 9940 9530 9664 1585 2062 1218 4556 7028 8574 1699 620 9229 2323 8675
4348 2044 6121 339 3045 7748 5226 2816 9976 9514 1506 1428 0 756 9466 2389 8262 7583 6720 50 2466 4447 4480 8605 719 4525 520 9100 5944 7848 7919 6359 1891 1456 9250 2324 5750 4889 1449 2654 2735 9362 38 6553 3216 9168 3542 9178 6678 5136 804 7073 8156 8303 4501 775 4918 9994 2957 746 9534 9522 3267 9745 6883 1083 3017 4942 834 1546 2427 3529 5958 2216 2491 1516 6485 3475 5173 8644 4930 8330 2414 6648 3238 7689 9497 9658 1795 8367 7350 8860 3481 5444 8138 510 1422 2114 2618 9088 962 5808 2152 472 5947 5036 2812 731 5391 9574 4403 1819 5816 7765 2427 3749 538 195 8463 617 7742 6211 4194 6543 4013 3269 9353 8993 8197 6160 1092 9442 6956 9092 1337 6057 3657 3408 4645 7020 6098 1367 5477 6 5095 4941 3841 9483 8566 5762
6244 3709 4882 342 5568 678 6143 4202 4486 7496 2085 5871 756 0 9507 4234 9858 2898 35 9100 6573 9614 201 307 1592 6670 3148 6007 5283 6337 8765 1668 5719 3127 1400 1963 8350 6499 1502 4393 2094 8636 7237 247 535 7485 3858 3607 5035 1282 8208 4013 662 3576 9444 5898 1622 8394 6295 8014 1996 9821 1304 5444 8627 3908 9341 3921 9898 4792 5696 4309 7202 77 4867 912 4557 3514 7929 9627 4623 8268 7929 1035 9539 6238 728 4794 478 9170 5984 5323 3638 7511 210 8684 5797 8416 3923 812 1982 7785 5512 8084 2687 585 8712 440 4407 4035 3501 5831 9214 3499 1753 7378 5122 5273 8385 8986 1769 1171 3241 3439 5378 6426 1699 4111 6971 7782 2440 2178 7512 2991 7286 8071 4632 7385 5219 343 3919 7795 1024 5904 978 7590 3378 8687 8050 9637
3722 2097 373 8181 8923 3411 1788 1106 9463 235 4402 8990 9466 9507 0 4042 4169 2142 6479 9770 3506 6589 6128 1735 2795 1194 9218 107 8492 8072 9935 8595 1931 4679 5975 5504 1434 6496 5056 7063 4391 5890 4010 6404 4102 1734 3347 4212 3525 7894 4998 5870 8114 4100 8916 6628 2215 3231 5759 2186 4042 6803 4536 2932 2898 9867 2744 1081 4384 5995 5301 8294 6921 1467 4865 5560 1749 3736 8478 6567 7035 8650 4650 7066 5274 8061 505 1427 4351 767 8077 2684 91 3891 2633 5450 4845 724 2554 4568 3965 2482 829 4288 5500 1104 4363 1504 2718 8768 3381 9570 1030 526 696 3315 8862 7282 1467 6212 8408 9966 6938 6004 5665 9250 7717 6109 200 6687 180 8470 3555 486 5817 8085 6692 1561 3098 10 9263 5042 2367 5816 568 3218 2766 3901 9411 5794
8624 3786 9369 1822 2707 9009 5114 1475 6672 8289 9383 8635 2389 4234 4042 0 9936 4561 29 6841 6863 3348 7887 9102 4820 3163 1782 2049 3137 5203 3149 4736 254 9807 5892 5571 1495 8762 8325 7507 1916 6979 5004 4075 402 2591 3992 9359 1859 3452 625 1594 3577 2683 1795 2368 6984 5972 9774 9075 6407 7937 4411 1655 7809 5187 3061 6031 3139 9827 1687 3071 706 5871 6743 5506 2957 4427 2753 4641 2122 8370 745 3367 5144 7071 3120 9220 85 7997 4666 3973 5002 8309 6867 9574 5332 7910 2129 447 5829 2168 1645 8604 7785 3347 1752 5962 6072 5284 7067 6077 7862 2993 3695 7492 9289 7107 2635 7372 1308 4763 6418 3337 7433 2877 9664 6494 1092 8698 3271 9246 3564 5181 8251 1777 1916 5153 5667 8099 6462 3027 3708 5454 6936 2862 8865 2188 1087 8398
8814 4632 7021 5760 5825 2469 668 3409 9023 310 7297 7325 8262 9858 4169 9936 0 4592 5978 7358 9359 7067 8456 326 7684 7436 9109 143 3756 9559 7008 1448 3038 7638 9342 2708 5900 2969 6875 9977 9116 7928 6301 2204 4782 25 6206 4477 9685 4080 673 4949 8195 7575 1440 5947 4618 1374 5693 537 7945 3794 2162 7447 802 6051 1712 3867 259 9899 1979 6262 3314 2926 1565 3935 8311 3547 6498 7554 9598 8100 9148 6697 2757 2644 4950 3594 1029 2858 170 6459 5195 8076 6542 3519 8747 9792 1138 3271 3562 4093 7768 2392 731 6784 1652 9397 3964 9851 1951 1257 8449 9722 787 2864 1157 7902 6521 8510 5619 4248 623 6122 6678 9709 3419 9250 1977 1446 561 4213 6635 3022 7432 2694 4128 4838 9897 7832 2833 506 164 9154 7325 8355 1290 6076 7208 6466
3295 2446 2578 9081 1693 5107 1109 6354 9603 9746 8321 8948 7583 2898 2142 4561 4592 0 8508 49 3049 7770 1665 7469 2352 901 7310 9172 7294 1636 137 7506 2320 5720 6115 5931 5948 4661 8976 6228 9306 9744 2541 6368 7762 7216 7743 6470 4395 1298 7597 2497 9988 4998 3292 9826 291 3423 7747 7132 5973 4083 4273 8866 1881 9180 1299 2452 7828 1838 3157 7229 423 4157 460 8467 8094 2832 5680 8769 8152 5152 3758 7261 7636 3788 5153 4148 1433 4071 1278 4173 3374 2555 7049 5125 9440 1143 4360 4693 5103 5793 5609 807 2582 4808 4061 5694 6144 2777 6547 8727 7436 8472 2982 7798 6023 7154 7235 9504 4852 6741 5525 9282 4380 4613 4992 3184 7139 7668 7122 2226 2560 217 5025 1163 1595 3698 771 147 6980 7 1079 6549 6302 4865 3786 2428 4120 8251
3482 2961 1726 1150 7900 4728 7605 8704 60 1735 6797 2900 6720 35 6479 29 5978 8508 0 2754 8910 1215 4920 3787 2975 885 9259 6657 5273 4238 1448 354 1578 6773 362 4486 1461 3431 3315 9970 7434 1257 9183 4819 6133 8180 1538 4042 9646 4809 5891 4770 7763 9736 6235 9186 9772 8077 7044 2765 5859 1213 1955 3529 6343 9384 6707 8731 6482 3808 4476 9300 1356 4308 1446 2691 6082 4356 9450 9696 4432 6547 8890 8569 7675 6121 1565 7262 114 536 7315 4525 1356 8 230 7101 7273 6902 2422 57 8222 4548 2330 2446 2869 7511 7764 250 4189 7441 156 570 6017 1317 2725 4268 8925 4278 3997 6201 8520 5800 4219 7720 9388 2177 4738 1962 6940 3556 4414 2410 6770 7280 7980 1576 5689 2782 4477 8878 6544 5249 3309 199 6657 2576 2158 6392 4203 1537
1725 1753 8110 3202 2931 2874 9505 3521 7637 8688 3130 7220 50 9100 9770 6841 7358 49 2754 0 9452 6279 3133 2330 9834 2830 3376 6985 5475 2038 7702 4783 1966 2249 5824 909 1501 9456 6640 8593 4263 723 2410 6441 2797 9282 2480 6315 7714 7183 468 5850 1115 4454 4934 2628 988 3584 878 6720 9917 4199 4124 4037 2761 4673 5026 7342 693 8108 7231 9227 7380 3142 3121 5365 2203 2530 6178 6850 4763 2652 7037 5872 6393 1198 5674 6232 3610 6627 5802 2880 7376 9822 4374 1208 5171 7293 7890 6573 3124 8468 4973 1486 1862 3084 8783 7344 5163 1910 5468 2694 6553 6628 9575 8023 8669 1158 6105 5198 4755 856 4140 3194 6236 8959 1411 8584 7514 7079 8186 4768 6491 7485 4662 9849 9853 1781 208 1390 5098 2036 9384 2469 9767 4826 4341 6216 1587 9765
6140 8438 3339 7622 1547 5497 8240 3258 7329 4286 457 5332 2466 6573 3506 6863 9359 3049 8910 9452 0 9175 4842 486 6810 7017 6219 8524 603 9393 1563 1152 1925 8592 7201 2332 9222 7295 8313 2595 1139 1260 7711 5293 1015 6241 5399 6183 114 6365 7276 1017 4052 399 9671 8966 2861 3312 6120 3485 685 996 3481 8697 3354 7958 6387 7617 2661 1795 3466 2719 699 752 6999 8282 4745 3923 308 126 6205 4778 840 4653 3806 9057 6306 4316 8475 8415 2360 6917 1642 7605 8448 8095 8036 8358 4223 548 4166 6281 6390 5857 207 3048 5387 7359 9598 9714 4521 5808 3589 3450 589 6405 4501 6608 839 660 7257 4174 927 9832 3801 3727 3375 7748 1730 8561 8338 5006 222 6150 8123 3485 3076 9927 1364 5932 808 6976 6705 4937 4185 9047 5659 5187 7814 4202
4245 6949 5375 6559 7496 4043 9898 9726 9459 3708 3863 8454 4447 9614 6589 3348 7067 7770 1215 6279 9175 0 1192 7007 8162 5271 5021 1500 3153 5000 8980 8358 3304 516 6445 3125 4774 5172 6056 4299 24 2315 7240 974 9450 687 1957 8019 2268 7189 9351 305 2845 3726 2843 3589 8363 3862 6450 1475 9218 9403 182 9100 4808 7958 3017 3432 862 3928 6967 6174 3088 1356 3991 9108 5590 2098 7989 2565 5356 3211 4149 1320 1246 2194 7486 2011 4751 7836 6950 4682 3940 754 4761 7835 2272 6894 1517 720 5273 2683 5542 9609 86 1366 5239 3293 5092 6740 2427 8331 5476 4576 7981 1169 4355 9610 1691 8268 8126 1956 2898 9829 7142 3006 6806 9665 1713 6002 117 1383 6387 6816 7798 9135 1032 9222 9778 8518 7864 3558 3204 4415 6507 8926 5978 4031 1362 51
3240 1863 1801 3614 6971 6512 5354 5206 1351 4139 7293 5479 4480 201 6128 7887 8456 1665 4920 3133 4842 1192 0 8705 4052 9324 7033 5307 3881 6922 9942 8542 8878 7481 5190 9601 3171 5734 4990 7719 4000 5550 4348 6626 5204 7762 6094 6529 6539 618 2198 8452 6532 7560 3626 1632 5775 2316 8768 7681 9327 6733 8443 7342 3017 5340 7396 3297 1347 2908 6742 1564 7714 4720 9355 8136 6329 7399 5977 1922 6272 1112 431 8307 8838 1082 3584 7102 8043 2089 7037 7781 2164 3799 4407 6894 6716 6017 8538 4426 769 3723 7538 9442 3141 9887 6354 4195 5370 7880 2221 9043 4255 8705 2553 1792 9383 9113 5401 7805 5829 23 5298 8278 179 5076 6841 3463 7196 607 32 5230 9403 7647 8611 6295 9937 1864 657 3264 4752 9801 6582 868 926 4239 7760 6912 7674 9035
8830 2231 6542 2939 8020 5055 1971 9187 234 2164 7685 6693 8605 307 1735 9102 326 7469 3787 2330 486 7007 8705 0 7522 2438 1005 2983 7520 1830 8296 8442 7519 3162 74 168 2278 2449 8575 2097 7357 2714 3291 6261 5326 3980 8443 443 522 5462 2973 9468 852 6896 2878 3712 1054 1330 3154 1172 9910 2572 3675 904 4670 8494 3310 1496 9272 1321 9202 8509 7550 5941 2717 5189 523 6663 7879 5692 3623 6813 3119 6543 3279 7951 4136 7614 4067 5636 6168 9902 5839 9820 666 2012 4598 1122 9071 4402 2191 8964 1989 9562 5180 2640 1098 6051 2296 8850 1563 104 2129 7501 2918 231 6860 4656 7185 8728 6494 1947 190 1897 2171 1712 2661 7563 8588 6216 9735 7257 8575 1898 12 2748 400 6384 5901 6188 7282 1593 3894 3690 7256 4802 1733 3937 5918 5279
335 1711 1144 4997 9668 6914 6811 8398 1789 9707 664 9249 719 1592 2795 4820 7684 2352 2975 9834 6810 8162 4052 7522 0 6841 2973 553 9075 9008 6846 8896 4089 8281 154 6561 4116 9470 9881 3520 671 166 6479 5127 576 7456 5312 2875 1920 9549 8333 2504 3567 5459 159 5155 477 3013 7442 3162 7920 3070 1536 4377 5097 3239 4837 2195 8751 3958 3168 4661 7053 4353 5977 5874 1445 82 7590 1926 5618 3201 9684 5330 9972 5992 6426 9436 8610 3484 2326 4233 5475 5666 9818 6543 6046 6552 8715 9118 3860 1180 8085 7225 9063 8538 2761 1745 6608 1384 2234 6676 3410 9639 10 6945 4920 7756 2906 4274 3409 2932 194 2219 6699 638 2817 573 4179 2718 5469 3027 6007 5146 521 7412 4377 2198 1560 7447 3555 5696 9339 743 6729 9863 8560 2005 2775 5298
8779 4585 5956 2492 3632 1762 640 301 7553 5988 4705 3389 4525 6670 1194 3163 7436 901 885 2830 7017 5271 9324 2438 6841 0 7343 7935 5470 1617 9594 5422 3648 7307 5248 3192 4901 6043 2290 9468 6963 8183 8896 9637 5191 2756 5199 1289 9009 5471 4355 458 9927 3962 7741 5565 8991 4373 785 420 1046 4753 3955 1280 4068 7332 6004 7621 9620 5095 6461 2078 129 9179 7659 8176 6772 1695 894 3219 6413 3421 2568 3344 8675 2626 4242 2735 6389 6904 3253 1193 1339 6487 1673 9147 6858 3462 7882 7936 3863 1263 6750 6316 7033 2143 3715 1554 8224 9337 2983 5232 7190 2426 5665 5207 2062 1398 6463 7552 3228 6781 5117 1240 1113 4954 86 9915 2720 9271 9833 7168 5621 3312 4228 4705 3457 478 1086 3241 5269 2376 5080 6674 8061 461 2711 4988 728 7033
8702 7377 5639 6911 1126 1297 1628 9200 3129 5762 6077 843 520 3148 9218 1782 9109 7310 9259 3376 6219 5021 7033 1005 2973 7343 0 9606 809 2373 9768 9663 2499 4972 1188 6075 1955 9440 1273 8268 7685 7979 4236 6264 9763 2904 8126 7269 9692 3820 2528 146 2335 3218 1601 2177 1375 4397 9068 2547 8875 8917 439 5982 5848 5522 2764 7362 1763 7094 8458 5487 2278 5383 2730 1138 8608 2904 3497 972 8234 4099 9051 1944 9311 1480 5921 622 3309 9073 7747 8325 7491 8701 5118 5926 558 7913 2855 3600 1038 9392 6145 5533 7509 2447 6320 374 6063 5193 2041 5241 6813 9800 9242 6468 1480 1574 9544 7286 7155 3227 9939 319 3505 2679 5831 1300 3875 1441 7696 4559 8603 6422 3126 8599 5150 1879 9079 1684 140 5786 5916 3586 5581 7198 7896 2115 2262 9053
3502 1732 7789 3097 9277 7275 4797 3016 3830 2737 8275 7577 9100 6007 107 2049 143 9172 6657 6985 8524 1500 5307 2983 553 7935 9606 0 824 2815 3497 393 8213 3078 6794 9804 6434 2738 8824 8519 4206 5388 1958 2979 8939 1838 4694 1477 4512 211 616 7595 4107 1945 3550 2158 1366 6186 1923 2334 1062 7017 3337 4854 5826 6222 221 3889 5893 1470 5722 813 9078 454 846 2069 3527 7565 4859 7086 5385 3812 7462 4535 8394 5896 7816 1772 2082 4586 5892 3155 1399 8207 8919 9270 213 4540 4577 356 1312 9223 9412 1615 9 3340 9540 1085 8038 3288 6655 7972 5585 484 5985 8326 5482 6427 2927 3902 8932 7042 2691 8876 6441 8898 7725 188 9901 3692 2187 8780 3297 7127 6444 9901 6569 702 4476 5413 9510 3342 6984 8538 7692 1690 7614 7045 1129 7917
2597 2551 7366 2821 7162 7756 8584 547 5144 3293 5988 4940 5944 5283 8492 3137 3756 7294 5273 5475 603 3153 3881 7520 9075 5470 809 824 0 1124 142 4607 6251 7865 5599 8572 2511 5772 7667 2038 8154 8061 4024 3204 2565 6813 5925 4488 3475 9272 8886 5894 469 3685 6813 9730 7339 5413 9346 7103 6337 7408 949 1143 297 4958 6054 9754 8610 756 8280 2246 6031 657 5874 7645 7940 2566 4894 3251 7968 386 3210 8363 4251 4822 3804 2859 5948 9578 649 3738 4295 1608 422 7917 2322 4734 980 2110 1176 9206 9348 6433 7834 8053 6978 3929 2936 278 8121 3018 4628 4639 3183 1100 9562 3747 7809 9065 249 9660 5572 5782 3345 2892 6267 7403 5911 4504 5862 1070 1076 5459 5227 3191 2253 595 8625 8512 1560 358 8936 1264 8265 1747 3460 3803 6481 5110
7745 7449 47 4288 9931 8759 9451 6202 3193 2528 5924 1525 7848 6337 8072 5203 9559 1636 4238 2038 9393 5000 6922 1830 9008 1617 2373 2815 1124 0 5521 3190 3694 5213 4661 6237 5853 978 2218 9887 687 4856 7316 8683 6652 3328 3498 3119 1771 881 7240 3350 9754 2643 9301 5019 9728 7704 982 5609 454 7382 4961 9882 4035 3252 6161 2726 6521 7022 4321 6833 2323 7824 1956 2757 9225 2010 8447 3273 9442 5497 1092 3002 4638 9995 9253 8145 1379 8591 4544 7279 3315 7839 4871 2871 6106 3041 1160 7913 6437 686 4769 7803 3090 354 4765 222 9922 2403 1223 6216 5827 5724 3454 9874 4474 883 7325 6749 1583 3251 8628 5076 1580 6033 5757 7531 1617 5349 9971 3742 3808 9295 3728 2021 5883 6609 5979 9686 1928 6280 2733 1944 869 3667 1300 274 1401 854
2571 5636 9537 5542 1089 3956 1362 1416 4881 9699 8692 3198 7919 8765 9935 3149 7008 137 1448 7702 1563 8980 9942 8296 6846 9594 9768 3497 142 5521 0 7620 1996 4881 1045 8991 2755 2543 4163 8454 1586 3140 9426 348 4311 4389 6082 4059 742 5262 1491 9919 1120 7003 6039 8167 1704 610 8636 2713 9543 7186 1635 758 1032 2792 7748 4785 8280 7110 1918 4905 6019 519 8358 8491 6706 2488 8690 9263 2480 6042 768 4311 2011 6294 7438 9518 2662 3103 5442 8086 5576 9609 7513 2814 1133 9641 2538 3521 2721 1824 9166 6976 2568 7164 2255 9898 3300 7507 7739 8425 1177 7974 5105 6725 3830 7612 8079 4576 1082 5694 1059 2562 9770 106 8776 3823 7189 3562 588 4314 7776 8627 7378 3094 847 660 2639 1558 5727 9176 1122 1805 1180 1644 8645 9284 7393 4887
436 1282 3209 1214 8872 6283 2139 461 2453 2444 8382 5304 6359 1668 8595 4736 1448 7506 354 4783 1152 8358 8542 8442 8896 5422 9663 393 4607 3190 7620 0 8008 3115 2232 2721 3007 5807 7301 2329 3380 3030 8335 5817 1292 4208 4045 97 4692 2555 4023 9417 3603 1865 3363 5061 5969 5943 5177 3952 2794 76 5588 4987 2310 6836 3386 7391 2147 7547 6638 4510 8981 9129 3815 5882 8895 9229 8505 1299 131 6210 834 1590 393 8736 4291 8678 7651 3367 4886 5040 2543 9076 3840 1517 1228 4102 349 9443 2561 3894 2072 8845 1612 4469 6709 5752 547 8320 9567 7312 5922 5822 73 8529 196 9409 4164 9838 502 117 536 9307 4719 8384 1860 2283 767 6883 6974 7809 9882 1898 9236 2995 9072 2469 6287 7339 3313 9719 2914 5821 5004 633 3233 7016 6382 5242
1437 6301 204 582 121 1769 1612 6898 5816 6876 7615 4310 1891 5719 1931 254 3038 2320 1578 1966 1925 3304 8878 7519 4089 3648 2499 8213 6251 3694 1996 8008 0 1551 7042 4793 3997 8535 6259 9158 6721 4526 7618 8249 281 8665 8907 6942 8730 7084 6116 4982 6726 4192 9862 5374 9939 840 2373 6694 1064 2581 6146 5591 2089 4932 7707 6040 6756 6186 5067 2131 642 2235 155 5380 5813 8412 2914 4561 3321 2437 516 9119 2272 3226 1739 5500 4189 4290 3964 9788 5060 6701 9809 5190 4094 3260 4026 5086 7142 6264 4456 8248 4301 7683 8544 6183 9556 8286 3956 1913 7722 3868 998 7364 7532 3278 4770 2850 7513 5031 2952 3537 2012 789 7214 5957 7405 5383 3473 6586 8136 5717 4013 5343 4417 1511 9386 6996 6460 7030 9655 7227 7924 4966 6555 6085 1035 109
8360 272 5960 9013 1724 8180 5498 380 5085 7598 3654 6823 1456 3127 4679 9807 7638 5720 6773 2249 8592 516 7481 3162 8281 7307 4972 3078 7865 5213 4881 3115 1551 0 6379 517 970 725 6661 8251 5521 4739 7904 797 324 1673 3383 2369 6788 9701 4925 6310 7580 5327 1901 5250 9352 4176 9293 4366 5923 2473 8533 4978 7714 840 9185 432 8740 6550 8577 8402 2958 6891 2506 5177 2575 1567 81 7969 1720 2961 7317 2446 3040 7041 9242 7277 8766 6301 2326 8573 6079 428 5351 5645 2792 4345 6009 1267 361 6889 582 4693 2952 2912 13 8834 9690 3971 6156 5135 9715 6212 5910 7591 2557 9871 1530 8438 8023 5454 2857 3805 9734 5357 6769 7355 7690 624 8910 5582 7850 9682 5978 7432 4207 8657 9242 5474 9411 7735 4325 3855 6901 1036 3635 736 9889 2438
8819 2818 3789 776 6695 8760 4913 3496 6967 5745 6741 447 9250 1400 5975 5892 9342 6115 362 5824 7201 6445 5190 74 154 5248 1188 6794 5599 4661 1045 2232 7042 6379 0 2540 857 5981 4441 9797 1419 1119 1085 5446 9461 4105 6063 4604 7894 1221 2991 3839 282 4964 4542 587 5580 5005 4609 4873 2 783 6472 594 1484 33 3675 4672 1099 8794 4182 991 838 7143 8326 7300 4407 1006 4332 4775 152 7845 5707 8999 5040 3907 8953 1329 9344 4190 76 2134 8060 6327 4116 5876 3780 1086 8038 6293 6636 6922 3900 5005 925 3107 6877 7192 7743 5572 9113 7383 4959 5475 7598 2015 6076 8087 4131 1789 1531 1396 263 1949 2788 591 5920 6727 1281 3437 1036 3085 22 2812 1312 3782 9504 1604 7833 2134 8806 8021 1456 8388 4971 2231 2146 6097 8894 3229
7978 7221 2229 7167 9868 4432 5114 7230 9423 8754 8817 1972 2324 1963 5504 5571 2708 5931 4486 909 2332 3125 9601 168 6561 3192 6075 9804 8572 6237 8991 2721 4793 517 2540 0 6014 8096 1126 7307 2245 3380 9166 4284 9570 7192 8858 6084 564 4692 3847 3325 3513 3413 5607 4071 1428 1633 2733 7955 852 2885 3370 8188 9846 8370 6270 2045 6211 7165 1222 8422 4523 4732 1461 282 4173 5075 3105 7563 710 9081 9198 1694 3758 143 4112 2942 3542 8851 3902 4994 3939 8775 4144 5056 7255 791 4821 4575 6497 8838 5158 5570 7356 2755 5986 2046 7977 8740 9055 9628 5857 5403 6066 8625 1080 6794 488 9575 6695 3698 3237 1435 5028 9264 5582 3310 6304 9512 2896 2652 2398 9781 7692 4148 8525 9995 7106 1280 6920 1312 8359 668 4891 4910 3400 9670 4400 8457
976 6284 8020 4860 6100 4456 2690 1463 517 9563 711 4091 5750 8350 1434 1495 5900 5948 1461 1501 9222 4774 3171 2278 4116 4901 1955 6434 2511 5853 2755 3007 3997 970 857 6014 0 3272 7064 5890 1136 6776 4058 4509 8827 9482 3606 8288 8252 3632 1025 7518 1581 6911 9368 9181 7919 1988 6830 2312 2779 79 9203 13 7614 3987 1889 5528 4035 6727 2960 5144 1328 7022 9281 9158 1452 4861 4662 9622 322 6602 4848 6775 9372 7181 216 3070 3254 6423 7774 5326 671 3995 9036 1388 1372 8666 5282 5346 753 8009 9654 7295 9115 807 4630 5136 5924 1036 7987 392 9856 4380 9657 5881 1650 1739 9288 7608 1052 5081 820 5867 9027 7278 8458 8468 7305 6370 3964 8262 67 8824 2945 9101 2218 5260 2166 9009 2447 4767 1844 178 1081 7502 6563 5327 5370 6778
7719 4507 2923 1301 1163 1857 5256 1696 9103 6480 1375 5092 4889 6499 6496 8762 2969 4661 3431 9456 7295 5172 5734 2449 9470 6043 9440 2738 5772 978 2543 5807 8535 725 5981 8096 3272 0 8399 1785 4030 8459 7136 9788 5045 9263 4641 3119 7060 3578 2421 5197 3909 4939 3989 7394 2528 5686 2597 421 2868 7341 7624 1786 6780 3242 4330 9872 3683 4422 8556 2196 2825 3860 3344 6224 5913 3186 1757 8134 9299 4820 307 6040 1160 6791 9602 5074 7471 9018 9289 303 6690 9979 6339 9676 521 6133 4045 8507 4272 6750 7454 9740 1993 2598 7528 4485 5856 7601 1175 9835 1831 8437 7999 1749 4226 6663 2925 5286 2943 6410 1383 6932 6495 1112 2711 6939 7458 825 6961 5072 5680 4063 461 4067 1086 7437 7197 8393 2147 6904 6492 6262 1548 3117 1673 9322 4356 2867
7709 8003 5054 70 144 6405 2524 5150 3593 9350 8690 4381 1449 1502 5056 8325 6875 8976 3315 6640 8313 6056 4990 8575 9881 2290 1273 8824 7667 2218 4163 7301 6259 6661 4441 1126 7064 8399 0 8820 1756 1290 3906 7533 3205 3834 7361 9038 3592 8086 5880 8640 1592 5559 1928 5248 374 6060 4362 5919 9275 7910 2925 9492 3483 6880 9670 3254 9379 142 7735 6892 193 3190 7250 6629 4758 555 9565 8703 522 640 6673 5826 8912 8484 2704 638 8743 4289 6068 8558 5709 3519 7736 4745 7665 5650 4505 2562 4641 8972 8063 5284 7926 1772 2043 5813 4669 6262 5302 7979 9251 1162 3680 1557 9498 7966 6707 5559 1679 1134 3934 8264 1969 296 3551 4154 2799 7095 7333 468 5783 771 2006 9017 5418 1889 9927 407 9812 8939 9017 4486 6459 128 8651 3687 8391 7991
5949 6398 5736 8701 444 1553 6645 8080 9180 7539 8002 4769 2654 4393 7063 7507 9977 6228 9970 8593 2595 4299 7719 2097 3520 9468 8268 8519 2038 9887 8454 2329 9158 8251 9797 7307 5890 1785 8820 0 2251 9998 5361 813 7157 3255 9702 5436 7342 9781 2607 4587 3810 8454 4724 8141 2812 35 9382 8894 6862 7847 6666 4196 1537 6814 9263 745 5278 745 8506 7691 6067 1398 4785 2439 8757 1324 2269 5417 724 8678 297 7511 6812 1921 6671 2293 9610 1387 2965 2594 2782 1908 1336 6359 5563 72 4263 6107 4664 3843 4057 4290 5628 6322 2938 161 9909 736 4117 7251 4809 8204 3075 3333 2986 9682 3598 1528 8392 3382 7149 8294 9632 7331 458 5992 3691 1763 1856 1406 4396 6267 2216 3182 4055 8859 7528 8682 5063 2704 2901 4805 7531 8102 2066 7605 6156 1610
607 4658 1543 4664 9578 2561 3520 7022 4497 4381 1855 8892 2735 2094 4391 1916 9116 9306 7434 4263 1139 24 4000 7357 671 6963 7685 4206 8154 687 1586 3380 6721 5521 1419 2245 1136 4030 1756 2251 0 6399 2540 5061 6116 899 2340 1180 3952 7739 888 2554 2996 358 790 2384 9642 6650 7272 5145 9767 2015 5339 460 7619 863 2780 5833 4016 1964 5973 420 4278 6640 454 5467 9877 3221 73 9233 9643 3985 1625 7869 4556 6841 5889 1428 7525 1340 2960 6468 8700 2774 9938 7790 1691 5793 7979 5327 8432 5100 5756 8014 6968 6767 5088 1393 7754 9443 9323 4632 7034 6639 7684 2878 9093 8261 1964 7102 2777 470 5486 8173 7756 6716 3558 5725 4447 5063 8164 9717 7827 3435 7158 4979 4217 9481 687 739 4627 2993 7289 3276 1248 4501 2050 8806 593 8457
9540 9724 5614 5837 6919 2287 8237 3687 4511 9080 964 49 9362 8636 5890 6979 7928 9744 1257 723 1260 2315 5550 2714 166 8183 7979 5388 8061 4856 3140 3030 4526 4739 1119 3380 6776 8459 1290 9998 6399 0 6464 1258 4819 9505 4762 8525 5452 3973 2815 4862 4633 9797 9913 5226 3395 3499 9154 3948 8205 3951 890 2557 4852 4067 3699 2659 2990 2436 6636 8755 531 932 4332 376 6417 7749 448 4172 9883 6087 2252 7157 7897 7867 7272 2674 5728 5179 8323 5117 9691 5053 3159 5861 5846 9335 3804 9840 8836 8738 3872 7148 3284 2948 1160 6238 409 6060 8850 8971 9716 1672 6604 9940 4814 1732 3866 6718 7269 3430 9424 7457 1172 1739 1311 5936 4369 8873 3531 6703 2064 2022 9785 4908 8711 1281 9089 7486 874 1320 9885 3854 6241 5966 6334 4969 1205 1213
5589 9331 4206 6458 4110 6454 6980 5010 6219 7064 2027 8490 38 7237 4010 5004 6301 2541 9183 2410 7711 7240 4348 3291 6479 8896 4236 1958 4024 7316 9426 8335 7618 7904 1085 9166 4058 7136 3906 5361 2540 6464 0 2549 3037 7176 2703 7847 1241 2744 1294 3613 1115 3909 2560 2007 3378 5038 1331 5557 3502 7718 7907 8428 3224 3792 6641 4836 4661 4757 4353 1159 1152 11 589 8584 1798 2115 8700 7644 9069 7365 2693 9184 8324 9914 9289 8321 1036 4322 455 9413 198 8398 1653 3711 958 6299 2831 6683 3027 6127 7216 3078 4835 4541 971 6382 4094 8493 4375 739 3430 7884 2358 7545 960 1193 5552 9758 5089 2305 1901 6097 4619 7583 1718 7751 1379 4920 7835 6413 7683 1487 6089 2245 6285 6806 7456 2428 500 6469 7846 9699 8767 3673 2329 2852 9547 1662
8149 4023 2040 0 6169 1513 979 7821 1320 9505 9590 7266 6553 247 6404 4075 2204 6368 4819 6441 5293 974 6626 6261 5127 9637 6264 2979 3204 8683 348 5817 8249 797 5446 4284 4509 9788 7533 813 5061 1258 2549 0 723 2425 8284 6211 5931 4129 2839 5302 7405 9316 5696 5228 7057 6072 2080 5174 5568 3834 5089 7639 5046 611 417 5454 3273 2340 8112 315 9227 7074 1881 8282 6589 1465 6841 2107 3014 9135 7862 9350 9415 1828 1905 6761 7605 5196 8465 6603 9288 6447 2794 992 1052 4247 1818 7979 6449 2090 9877 9074 5613 5198 7202 5319 3592 4497 905 5229 8519 9465 996 4160 5728 4779 554 4735 8716 3801 9520 6376 6464 9299 237 1407 711 6587 4716 1049 4938 8512 4181 8705 7930 2268 9828 3791 3711 1965 9811 7205 3284 6655 3818 5380 5571 7374
497 3929 1733 2585 6068 8142 647 1194 3167 4191 7453 1566 3216 535 4102 402 4782 7762 6133 2797 1015 9450 5204 5326 576 5191 9763 8939 2565 6652 4311 1292 281 324 9461 9570 8827 5045 3205 7157 6116 4819 3037 723 0 7464 2385 3461 6587 1531 1635 7896 2259 2263 8518 8129 1912 6531 3726 3710 4458 8362 9888 5307 384 6991 295 2128 8939 9428 4595 789 2779 1289 9830 1577 6225 6941 4912 5676 4980 2154 5912 4312 7266 8361 2164 6137 3141 1491 1658 7184 5308 5415 9670 5961 6961 8649 5023 8550 2034 4088 4827 5557 9265 7649 5830 4940 5756 1104 7606 5767 9151 6656 326 2347 4942 3534 7313 2075 1186 7730 3419 2621 9310 2542 6956 921 7322 719 6678 8357 745 5344 2646 5817 1005 1950 6159 7433 5717 7411 9500 8950 2280 4979 8823 9519 9961 972
6834 4599 3170 2690 4839 9853 3452 9858 3012 1805 2587 6572 9168 7485 1734 2591 25 7216 8180 9282 6241 687 7762 3980 7456 2756 2904 1838 6813 3328 4389 4208 8665 1673 4105 7192 9482 9263 3834 3255 899 9505 7176 2425 7464 0 7586 6934 4817 4783 3858 6958 4889 648 4345 8549 1066 3948 3503 2400 5281 7696 7762 7353 2161 4820 5985 3050 9754 4677 7523 3023 9624 1031 7543 7708 3768 809 6246 9201 4125 9338 6664 2639 9996 7484 5889 5519 3706 7813 3235 4749 829 8641 4982 9860 7994 3738 5176 5518 4441 5919 1688 5917 3366 790 8910 9969 2160 1912 7562 8636 689 2618 9508 5100 3566 8973 2030 478 5106 5014 6881 4102 5109 1686 6269 4321 1807 7635 7030 2412 7246 2398 995 4237 2743 824 1264 3025 6225 3562 146 6659 7777 8020 9876 4068 2769 6971
4413 1109 7283 7461 7699 5996 562 8555 3830 711 8083 7374 3542 3858 3347 3992 6206 7743 1538 2480 5399 1957 6094 8443 5312 5199 8126 4694 5925 3498 6082 4045 8907 3383 6063 8858 3606 4641 7361 9702 2340 4762 2703 8284 2385 7586 0 7245 3717 258 6023 453 414 6312 215 8878 2169 1027 7832 9722 537 5520 9896 548 2646 3285 4846 843 6563 3321 2658 1802 6006 2838 8202 1105 4582 1121 8627 3458 8452 364 1800 1419 4650 2480 4876 6409 5356 4236 3576 975 5242 5394 1464 594 3227 9859 7079 8926 8519 2290 1886 6565 9339 9510 5572 8266 9209 5765 8587 5548 8114 4480 2336 631 296 7346 5187 5630 9317 165 4641 3389 3615 3729 1525 5774 8466 7726 3443 8425 4825 1229 7766 5875 6696 1083 4486 3629 827 8344 9881 6990 6010 2229 3916 3826 2471 2197
7456 2013 7922 767 1894 3685 1428 8261 248 8848 8823 3399 9178 3607 4212 9359 4477 6470 4042 6315 6183 8019 6529 443 2875 1289 7269 1477 4488 3119 4059 97 6942 2369 4604 6084 8288 3119 9038 5436 1180 8525 7847 6211 3461 6934 7245 0 8204 359 4337 4800 8133 1161 2905 7298 2454 5854 2815 9985 8893 4675 4120 9598 2187 6593 5900 6566 8227 1405 1441 7205 6996 5040 571 3454 736 1538 7707 2279 1948 9714 9576 8452 1708 923 1714 6847 6151 414 6286 2650 6686 1901 9509 1298 9749 8109 5036 7510 5813 1183 3589 1402 2423 406 6832 9205 5200 6591 5173 2239 4941 7198 7765 7548 3890 5042 5108 899 8433 6798 8550 6912 6380 4252 8868 2914 4386 167 5225 5000 6895 5886 8857 5419 9287 8428 799 1197 4728 797 8656 2673 6180 7574 3076 6982 9849 8794
5489 8467 9648 4845 3979 112 4658 7142 1436 3510 4989 6941 6678 5035 3525 1859 9685 4395 9646 7714 114 2268 6539 522 1920 9009 9692 4512 3475 1771 742 4692 8730 6788 7894 564 8252 7060 3592 7342 3952 5452 1241 5931 6587 4817 3717 8204 0 7875 6771 9110 1243 1097 1741 3549 3838 7124 642 361 6294 9803 9861 9942 758 3063 1943 2890 327 7056 6249 6453 9357 1146 6478 5710 9626 4930 1758 5286 6398 8308 3066 1939 1262 5505 2735 6543 5238 7379 4479 5973 4459 3760 6581 8214 7260 7521 1965 2648 8521 6534 3685 9331 9170 1369 4698 5662 2208 2590 5339 8202 132 8072 6363 6724 652 2963 8494 1382 8604 8239 3307 2322 4277 2331 9144 4371 1035 8412 4714 4935 9290 4343 5340 5194 6783 3991 2363 6974 4859 1664 1430 6821 3217 7026 2701 8190 7199 6839
72 1001 1897 7518 8886 4777 5887 6283 106 6031 2906 7861 5136 1282 7894 3452 4080 1298 4809 7183 6365 7189 618 5462 9549 5471 3820 211 9272 881 5262 2555 7084 9701 1221 4692 3632 3578 8086 9781 7739 3973 2744 4129 1531 4783 258 359 7875 0 5380 8729 519 8051 8362 890 1789 1742 5535 2989 5759 7180 5665 5405 6257 3812 3602 8117 824 1833 385 5119 2710 5733 7087 5744 8155 6483 2142 7960 919 6682 5025 6469 6279 6867 2285 6650 3929 1405 9545 3174 8629 1029 4734 2823 7359 8626 4285 618 9941 9505 3554 6347 2889 2709 8216 2278 5668 5704 1096 4498 9591 2590 7151 2315 5863 1330 6987 2741 6627 7647 551 9245 2378 6903 1807 6463 1423 2861 6730 2031 8294 621 1025 8738 1567 4012 8065 6286 4472 6574 3167 3762 6106 7391 9655 2313 1204 5936
5643 1992 8528 3709 2160 4368 2519 8860 3509 8644 8280 1389 804 8208 4998 625 673 7597 5891 468 7276 9351 2198 2973 8333 4355 2528 616 8886 7240 1491 4023 6116 4925 2991 3847 1025 2421 5880 2607 888 2815 1294 2839 1635 3858 6023 4337 6771 5380 0 2960 3240 3859 3203 3689 3751 4625 5771 3962 6287 3616 5504 7955 3244 6759 279 4639 8234 8462 6615 8952 2295 3014 4021 1793 4584 6737 8505 4688 8799 9060 5397 9905 6102 7639 6412 9149 9946 225 6383 1386 9277 1561 7483 4310 556 1348 8133 8774 8288 748 9920 5550 6637 7953 8963 9785 5752 462 643 7954 5270 1848 9164 4658 2612 8145 3729 1929 9958 1699 8366 8595 2494 8988 7747 2534 2385 234 441 2281 3088 1833 8297 9874 8308 1417 4409 6969 1151 2658 1944 8600 5264 2888 8410 3287 4124 5083
4605 1715 4858 5415 917 6760 8147 4841 7903 705 3634 3393 7073 4013 5870 1594 4949 2497 4770 5850 1017 305 8452 9468 2504 458 146 7595 5894 3350 9919 9417 4982 6310 3839 3325 7518 5197 8640 4587 2554 4862 3613 5302 7896 6958 453 4800 9110 8729 2960 0 2781 7395 1287 8671 6509 381 5167 299 2772 7295 6766 2743 93 5416 1347 4026 5484 4878 6226 3399 1601 9400 8710 484 6295 896 6628 2960 6877 9911 3608 9275 4905 1445 2179 9055 1386 4512 8335 3532 6386 9593 2810 538 6089 6386 1964 3216 4489 7146 5387 6945 7458 4403 7025 5265 9756 408 4946 3426 4977 9612 2766 6376 3185 8261 3982 8628 2002 6645 3255 7965 8701 495 7945 8227 3646 4357 2825 9328 51 7385 7530 3760 4807 5923 2182 8572 9180 6439 4102 7093 7655 2920 9354 5106 9924 2370
3219 6659 949 3659 6195 4538 1706 5968 9622 3121 2018 1629 8156 662 8114 3577 8195 9988 7763 1115 4052 2845 6532 852 3567 9927 2335 4107 469 9754 1120 3603 6726 7580 282 3513 1581 3909 1592 3810 2996 4633 1115 7405 2259 4889 414 8133 1243 519 3240 2781 0 8307 5709 683 1004 6439 8120 1536 4531 8144 1340 1671 2643 9589 7733 9027 4356 5764 2343 2580 4881 7203 5376 5412 2195 4664 9667 1314 6948 6093 1645 8006 9398 6280 3437 4004 3037 698 7460 852 5229 7374 2647 8956 8979 5611 9011 3420 3220 704 6636 2249 3017 9671 2271 9198 8795 1002 2956 5726 2533 251 9470 4649 6194 2092 2876 3074 8408 4726 5275 4351 3974 4914 5410 9533 7560 5285 8677 3980 9678 2093 6517 9270 3169 4183 7164 770 8709 456 9841 652 7846 7326 5179 1743 2553 7525
7452 6309 6474 108 9858 6262 1232 3899 67 767 6958 3251 8303 3576 4100 2683 7575 4998 9736 4454 399 3726 7560 6896 5459 3962 3218 1945 3685 2643 7003 1865 4192 5327 4964 3413 6911 4939 5559 8454 358 9797 3909 9316 2263 648 6312 1161 1097 8051 3859 7395 8307 0 7200 3333 2692 3718 3595 2246 4967 9771 5875 1218 2613 1103 7292 1216 8099 2123 5340 9528 9378 3470 9483 6405 5443 8850 5715 3845 8029 5879 4246 9857 1799 4808 4042 3344 3924 2318 7344 2201 8951 5439 4790 5751 4650 1116 7047 800 9076 8841 3874 8091 5840 3812 7372 1069 1812 4338 6250 3400 5273 4440 7444 5659 9589 6023 4149 5783 6294 6650 819 3922 9182 3454 6457 1296 5866 6790 8560 8960 8765 6136 4731 9061 2094 1382 5551 572 3430 2853 4980 8963 6279 1891 8111 3109 8597 395
