300
0 1185 4299 9106 8395 3861 3819 3921 4361 9205 4237 5793 8138 5279 3225 4602 9768 5555 926 2722 6373 9444 2623 4987 6857 3347 7021 91 7965 272 5902 9867 6575 4688 4847 2352 6951 2291 663 3216 5019 6940 7511 922 5037 3683 1013 1911 3789 5833 6842 2784 5707 2644 760 6351 5391 6126 7092 3781 4604 776 6662 7673 6089 1594 7715 3408 9945 1891 1542 3709 7499 3556 1839 3850 8151 3013 7166 211 5865 2612 5787 9240 9522 9231 1517 1228 8422 486 5469 3688 2238 3476 5388 4985 9482 7698 2015 8666 4131 9050 4141 6860 7428 4793 2568 6363 2166 5994 5981 9523 2137 4471 9748 1345 4772 1844 4518 2533 9063 8681 9267 1427 5964 3235 6170 9916 4063 8336 3879 2922 3381 9421 7817 1621 234 5713 1519 4588 5283 3296 6306 3490 4877 7957 5712 3755 6580 8129 3027 5819 987 5594 3151 8142 2939 5672 1338 6972 4728 4847 789 3801 1092 1828 991 9777 804 225 5313 1575 4210 5469 5270 8465 6806 3995 7661 4117 7782 1821 2868 4497 7278 8702 994 5193 4132 7475 5305 9951 192 3800 7821 2881 1632 7173 6995 7422 9772 7736 9032 3472 5558 2590 2361 6919 708 3022 5840 860 22 4170 5263 8437 9717 1316 7816 3846 3441 1641 8074 3286 5979 3701 3136 8764 1046 7415 3057 6734 3046 4732 4025 562 3777 6298 4764 8414 2916 5335 3676 4610 3486 837 7504 574 1361 9857 2149 2470 328 741 3466 5398 7 3383 4969 2053 1629 1046 5963 793 8000 9984 9020 5301 884 103 4319 9505 1473 8670 4704 1284 592 8464 6866 2501 4855 6300 4883 1910 2470 6750 574 6867 4450 9177 8614 9669 4112 4488 1783 1246 5980 6697 4462 6922
1185 0 6245 4664 7110 8209 4764 972 5192 7906 7002 6326 4629 1404 5671 8991 4985 8116 1574 2239 898 3344 5908 5432 1877 9990 3356 9395 620 7143 9554 9890 9462 5215 4396 8625 3041 6025 165 4067 7482 6802 1715 4734 7559 9641 7659 4975 3739 3227 645 7170 2264 2837 4949 5761 8815 662 4253 4462 9417 2576 9164 6617 1546 8576 1474 1827 6348 2535 9134 7278 6771 9166 3589 9117 386 3333 9119 3678 3764 7557 3280 9989 2327 6288 3689 2771 6464 3806 7323 4550 5537 8527 5718 209 7744 2711 3959 6677 6678 7821 6237 7840 4181 5659 2372 9039 5011 7000 5014 1804 9616 9437 493 2998 3350 2232 5967 649 1964 2758 8570 2310 4285 409 4469 1479 2838 1138 5627 1571 9307 986 4401 3443 8025 8580 7403 4177 6689 1237 461 9352 7342 5332 5399 6809 7624 1324 2685 8387 7950 6747 2626 8624 2450 4887 3472 5995 2636 5787 3593 9228 5169 1867 4493 7465 5668 215 8215 1332 6112 3701 3488 1964 897 2552 3596 9796 6754 9010 9379 3191 9480 6869 7122 3465 6682 7630 8340 7870 2203 8366 3267 5261 4698 5250 2276 9656 2675 2200 2512 4443 7138 3125 7620 712 9299 6803 3932 6689 6791 5624 7586 873 7132 9265 1184 8170 4381 9120 6274 2657 9389 444 5200 4936 3617 1157 9461 7837 3739 7890 4754 7794 6916 4643 711 5518 8031 1004 8178 5519 6786 9 5766 4279 5582 1160 4939 1341 5696 461 64 9687 3860 647 4165 637 3175 7601 9683 3832 6576 5894 6092 6567 1043 739 2567 6951 4792 8890 8824 9628 1618 8037 4157 5614 8657 7387 4876 760 5121 585 6855 3085 5255 642 2640 2082 4108 1329 575 9025 4965 7959 9023 2925
4299 6245 0 8153 5834 2853 4414 9926 9937 7633 5215 197 846 2636 9115 5851 5135 7891 5954 7098 3112 5465 7862 9359 9117 4736 6506 6019 7578 5222 9048 9818 1852 4030 9438 3445 601 2105 9522 6365 7174 6665 5016 2857 3755 6948 6450 6621 1180 6597 2094 7654 4023 2890 263 5927 8238 2516 8496 5172 7494 6982 7629 7789 8869 7760 185 1620 3742 2734 8021 4798 9178 5179 3501 942 4183 4273 5025 620 116 9500 2097 2957 5359 6879 140 2300 6361 9599 8140 113 1410 4097 2853 7809 1853 2853 5338 6055 7761 5121 1676 1243 5951 9288 6083 9689 1060 8769 7063 371 4614 4599 5177 2814 1898 5351 5842 6411 4589 7212 5347 7562 2793 6110 6523 583 3724 3290 3248 5695 9761 8013 2747 4645 5921 5026 210 9128 6994 9584 3191 4425 5969 4179 792 7314 8122 3493 3700 7563 8372 6778 3549 7588 308 6698 168 5009 6741 2322 8517 4831 1141 6195 2550 830 7335 7980 2614 5929 3509 2355 174 902 5698 2949 5911 9431 5477 344 4685 2399 207 7471 3449 7154 3039 1961 8939 4215 1307 4508 5020 9823 9118 7882 2502 8521 3155 2445 977 7185 5202 7212 2709 6217 913 9962 8393 7141 909 242 2009 9832 8162 5030 2884 6200 9527 8896 6014 640 3644 2771 4706 5291 9463 4990 6202 2213 1690 7685 9258 9 1294 6542 3772 1377 6407 2547 8941 3772 4524 7953 8252 3132 3206 846 3138 7056 8832 6800 813 5305 3199 8275 6343 5020 9508 6064 3711 4320 2517 3469 8994 1864 9976 8725 4906 8369 6628 9528 74 3641 582 8358 3068 8473 5020 1690 7314 6116 4683 8478 4044 4094 6497 5814 9538 331 1534 6690 7912 868 339 7688 1347 2163
9106 4664 8153 0 6595 8152 646 6054 4387 8701 8447 1312 3169 5787 324 1523 3491 3479 4615 7905 2724 9338 7501 4097 3931 7486 7117 6381 9427 3058 8470 9530 907 2434 8594 6146 450 1689 6133 6109 8117 2134 3091 6749 3750 6285 8075 7779 8261 9642 6908 5461 4564 5383 4007 8266 6595 9620 7625 4841 4748 7866 6654 6896 4116 3622 7309 5469 2809 90 8444 576 5452 6428 3447 6970 2221 2067 3728 572 1793 9598 3508 1610 2271 7944 2474 1263 9738 2616 9882 2922 7450 5211 4807 5609 6685 8007 9616 612 653 8201 9215 7584 7447 6256 8129 8335 1188 2784 484 9410 6287 5792 9319 742 5837 3964 1920 8857 8784 2166 583 7859 6277 7561 8071 1107 6456 5366 2583 2161 2785 7566 6586 1240 838 8516 4443 6552 8252 9501 4407 7137 4738 7926 2725 2513 942 2171 8620 9861 8349 7007 9711 413 9625 1741 5733 3012 5121 9652 182 5876 7789 6562 515 4495 7022 8453 331 7550 856 7781 4301 4554 8131 7438 4261 8043 9393 7654 9376 6235 1777 5108 9001 7768 647 5244 7350 4715 4606 4245 9410 6879 5725 8031 33 6625 5873 412 7995 2305 2586 603 8835 7255 10000 6444 381 1918 5177 6223 6789 7817 9434 5783 9025 7171 9174 7033 74 3164 7017 3560 4530 5195 4584 2660 812 6493 7322 7072 2553 8376 4105 4452 6725 4688 8453 8259 1965 1417 2277 7557 266 7247 8081 4905 179 168 3417 1967 3043 6660 968 9228 4458 7866 6501 6934 2339 3583 992 7550 7068 166 2071 4969 9146 8156 8223 4856 9228 4076 4405 6878 1151 9353 535 1441 9586 5717 9969 7119 7438 7843 1883 7404 7352 1019 5671 2903 8108 8190 2461 3948 590 2864
8395 7110 5834 6595 0 5416 4475 2335 4198 4472 894 4915 7565 2662 5982 4906 9891 7871 4104 8913 594 3714 22 9849 6626 1775 814 7746 588 5049 1674 910 8160 3320 7687 3909 4324 9928 3686 879 9179 8824 7559 9633 816 7509 9256 1246 2417 4841 9467 6447 6333 2338 6094 902 1678 848 8534 9892 2431 6577 8544 8582 6852 7964 7392 1624 1285 8762 7592 1288 9504 9745 8463 4784 9312 538 9413 8109 1364 8413 1941 446 2899 1912 7138 3506 8714 7550 857 2357 9559 1818 926 8259 1374 6268 3995 6187 8011 5345 7931 2027 1625 2138 7441 3824 1597 1833 7709 2642 1454 3687 6657 2001 996 7670 9522 8465 3220 5782 4563 3841 1558 1811 1289 7017 4992 607 8595 6985 1762 8776 6935 6948 3985 7783 6463 7728 7599 8721 2506 8203 1502 2953 184 1645 3846 574 7052 6782 6981 5179 3699 1838 4302 3834 8525 8776 2574 6459 7867 2044 5806 3040 9136 8183 722 2068 3253 3632 427 7417 8791 978 1643 8593 5650 8329 1229 2374 7488 2330 8049 9970 1525 7310 9843 9075 9297 7779 88 2470 5926 2292 4245 6401 864 1886 602 6861 219 5903 2241 2420 8490 6723 9454 558 3855 9113 4044 4567 634 3885 6063 4944 1126 9787 1054 291 4258 5692 7699 4762 5500 6320 8369 229 6401 9189 2055 9454 250 8096 1105 5093 1576 5366 3156 7937 2508 8874 7721 4175 5895 3796 4519 1117 3722 8986 3888 4418 3047 3255 9033 5291 9088 4863 155 5347 2028 7987 5624 6311 8206 6086 2236 1602 8345 6017 6254 661 1700 4815 4485 9 2109 1176 6181 21 3574 4485 1606 1744 7529 3952 6144 5786 78 8921 2414 3776 9696 8138 754 8947 8158 8254
3861 8209 2853 8152 5416 0 8652 575 5374 6734 526 8825 6504 1480 4444 4547 1138 972 1498 2670 961 2427 2233 1971 1951 6342 4454 208 799 8643 8174 1985 4308 7035 455 3152 948 283 2068 4255 2405 2187 3343 7355 9602 4252 6232 4280 2257 3864 8789 3546 3341 8453 2845 7837 2823 6216 2527 5945 2587 9931 5148 4458 8190 3034 9777 114 214 1357 3321 6591 1957 2393 7112 3034 6392 6431 8374 2378 2047 9358 4828 7511 7261 8962 4744 7093 4359 9676 2778 9241 6160 3301 4087 4077 5782 8183 4958 1539 625 7137 3374 8653 7845 5096 9618 2953 1811 9593 779 6999 292 46 1390 3314 409 4430 4111 5391 3111 1439 4884 2925 7771 4323 4160 8286 2112 3089 4174 5538 2679 5247 6601 6442 8979 7242 9132 3610 5835 9873 2888 5900 7852 28 5837 5359 1800 9172 4635 3063 7084 1653 3866 1669 4764 44 4108 8813 8417 2687 9866 4755 4927 2373 5094 9443 6521 3383 9675 6847 6344 2515 3218 5608 4679 8275 5450 7401 3917 5768 5537 7470 259 4962 3926 784 230 2121 386 8335 8387 5130 747 2806 4074 2270 3142 7269 7629 7996 6192 9233 7023 8218 4732 6319 71 3602 8503 2380 2723 2514 9612 9674 1975 7320 6168 4041 2193 143 7474 9846 4965 625 2987 9892 5845 3545 9130 1532 4626 7166 4402 2699 2640 9493 6585 9167 4817 8790 3306 4422 4811 1831 9782 1746 8930 4931 7157 8118 2769 6345 2984 6428 5940 4567 6568 5560 8580 6925 9589 6226 6566 8789 2853 5042 9115 8369 2470 4301 2795 8834 6395 220 6025 2272 9498 3799 6714 4972 435 4850 1521 9820 4218 4715 1651 1070 5743 7981 8727 338 245 1494 137 9110 2196 3325
3819 4764 4414 646 4475 8652 0 3911 9647 111 8224 7120 9280 4667 6482 9147 1883 2204 1621 2587 6927 7790 8454 4020 3689 6962 2610 8866 8612 4041 2284 6258 3299 9725 2263 2521 138 4653 2837 2538 7352 4592 7473 2817 7670 3460 5299 3343 2814 874 2845 9915 3391 9581 6426 481 2896 2976 6597 7875 2243 6280 2275 218 5035 3370 8562 4226 3034 3635 5779 2106 2912 6417 2628 5430 2406 7104 9667 8025 1742 6865 3769 4913 4738 4268 1541 2612 3917 5902 2724 9545 9307 6100 9118 9173 2057 1153 3362 3128 6691 5341 9677 189 8966 5673 209 5426 9551 2208 7429 8010 367 5056 5555 1745 3579 8789 2841 9945 4946 8513 5897 5388 4980 1105 985 9131 9425 595 7670 7681 1843 3655 3434 3107 3160 1782 5492 1127 2947 6159 1339 9055 1446 4974 5737 7171 503 302 4444 4193 3094 8092 366 9866 9110 958 3260 948 4591 5168 7394 9401 768 747 8705 2782 9021 6822 6907 5761 6033 2612 4084 1280 1770 4006 8658 486 7660 617 1042 6187 9004 99 4644 4915 2952 214 3823 2827 3859 8602 9770 6472 88 9357 4583 1577 4278 7524 5160 3788 4371 2127 4173 491 7958 6257 8659 2763 6972 2303 9581 2594 9932 7878 2282 6926 6376 6915 2726 926 2326 750 9165 7502 4328 9654 5624 7883 4744 832 5933 4421 4452 9724 499 9105 97 7023 3068 5599 1009 6069 7518 646 9342 4522 1633 6873 8641 6357 8020 5710 7713 8287 8917 1388 3 4834 1039 2862 7021 1968 9068 5102 8631 7705 5558 9843 4886 1865 5032 4627 6562 1741 9495 3101 4697 6381 5162 1282 456 9441 2191 1675 4227 1674 442 2918 7052 1323 1529 2984 1188 4418 6979 2767
3921 972 9926 6054 2335 575 3911 0 1503 9839 365 8543 2153 573 7770 4313 7417 2200 3822 7465 402 2931 5055 7419 8573 3422 6521 519 5750 488 150 2180 2073 5923 150 4615 4302 5693 1930 7103 3220 7401 8028 4265 5485 7382 1636 4662 9736 1228 6203 9684 8879 1603 3849 1744 7956 8794 4088 675 6353 8837 2829 8042 6987 2713 6926 9757 7873 818 215 7405 3934 4052 3974 6232 2457 8331 5485 3448 440 9097 1298 7752 225 521 6218 6120 7113 816 5094 5027 4515 7638 4589 1401 4212 9518 3344 5230 3200 3888 4012 5719 7605 3326 9030 5355 4695 4397 273 7025 1185 189 4186 7440 2064 2971 6164 2084 9273 410 9478 6618 8968 1480 3054 5035 2889 636 7065 2206 5076 2889 8421 5491 3644 3115 5611 9750 4391 6367 6223 8612 2633 673 383 1761 8090 6459 7970 7594 3181 1077 5017 3811 6393 9375 3602 6704 4556 9466 8936 9408 8460 559 1412 3022 696 2876 4163 9721 4551 2007 8125 3100 2350 5558 7117 9850 5536 3228 5570 6122 1166 7388 8826 6778 568 1843 5843 1656 4914 4614 2930 7255 3467 6663 4279 3692 1104 4892 6896 9925 6671 3299 9574 3340 9542 3380 2419 8561 9264 2057 5624 779 2231 9707 8406 6294 356 6006 1274 2185 2542 3465 2467 255 2835 6500 771 1813 311 3317 7386 4981 6489 1425 5782 5739 9694 5667 5239 4055 9162 4795 1280 6981 1565 6712 2766 9017 7730 8697 8298 5657 4999 5795 338 4778 6504 5231 3603 2629 7526 4384 7320 7376 2736 4199 9783 1097 5626 6351 3570 9110 8275 194 7742 5935 3456 1803 5452 7649 8766 1823 5490 980 9828 5265 6436 3875 316 2296 61 5517 3525 9258 962 2163
4361 5192 9937 4387 4198 5374 9647 1503 0 2910 1250 5728 6241 6888 2289 5220 4139 942 6662 7458 3702 1698 4480 922 1609 9506 3395 6873 1665 8758 3000 2872 8078 7647 2011 3395 1327 4507 9861 7159 8192 7307 632 5190 7702 4086 5665 8522 7727 2674 4568 6059 9605 8088 4705 7624 8830 1856 2375 4327 3426 5706 7177 3179 9453 7180 2270 9458 2040 5650 7269 1111 8190 2158 7784 2157 5443 1610 7110 6148 8226 9379 6370 2295 365 5370 7281 9101 3043 95 3847 7672 6559 3131 8299 4108 4405 755 8271 9076 7152 2306 1402 1119 6293 3640 4181 730 1654 8336 4542 3998 740 4971 273 3037 715 3977 4742 3080 9028 2382 6389 4690 6595 5003 326 4201 9737 4602 7413 7716 9562 2907 3 6881 3643 6847 3628 2712 1942 6511 7159 2849 5738 3073 5896 978 7946 1336 6345 5015 4482 7728 7834 9050 2612 2420 9119 3388 1900 8819 3913 9216 7690 7230 2477 509 1460 943 6377 4234 7301 5157 5130 3829 5650 3448 40 4493 4784 4725 4325 9289 5199 9248 9260 3280 9410 750 6418 4950 7597 9168 690 5488 6410 1235 2200 424 5771 1074 4415 9239 1705 742 2288 736 7879 3343 2234 6727 5637 5322 358 6558 9438 5594 6208 7741 9413 8691 280 8411 3427 1432 3742 2283 6494 1262 4797 4015 4741 8917 8340 1157 7984 6688 8154 6623 8744 2947 2971 1454 4244 4653 5701 9839 6377 2481 6190 2851 4798 6045 4653 9158 1052 5992 8112 8462 3589 7011 4617 9964 3090 1438 553 7941 2203 2464 5334 6131 3685 7895 2697 4749 5182 2107 510 557 5444 118 6830 340 5278 1507 7463 9785 5549 5173 8538 4145 6480 4823 7854 5949 9626 5866 8544 3126
9205 7906 7633 8701 4472 6734 111 9839 2910 0 7623 2097 9237 4631 4405 7223 9996 4266 6170 204 443 9751 272 9512 4780 1359 6550 840 3480 6679 3156 952 6987 4940 2974 7804 9294 4120 9626 8100 1363 8752 1369 3230 8720 6975 1216 7079 516 610 1114 9690 5856 9472 5982 9925 64 7840 2260 3801 5188 3268 8808 6953 9203 8629 5155 3699 7502 787 5494 7656 4252 7191 899 7043 6849 9401 98 9236 1800 5221 1010 8686 9118 4386 699 918 8432 1668 3292 8905 7910 8048 8210 7312 1410 740 3272 7573 5206 4087 231 9886 4515 7541 1278 5261 5965 7551 59 7091 1754 1819 8526 5927 7425 969 9345 7480 8217 1762 6050 5364 8354 5710 6450 6556 3830 9824 3999 8960 5658 1396 7121 3661 1948 5724 8558 1314 9629 5729 439 2267 9538 856 4662 6439 285 5664 9698 6940 6799 2470 4709 2719 2352 6747 199 3745 9473 8097 3603 4534 3352 4051 6433 5726 455 9547 8467 3938 2318 3599 2975 2211 6398 8730 5475 7623 1259 2493 9690 220 5965 2083 626 7100 7479 5870 3688 8367 7152 7311 8915 7388 5150 6252 606 7177 4286 9876 2352 3511 6784 1929 8784 3588 5167 8666 5202 9691 9174 3076 7916 5975 5899 1994 6665 7336 912 2537 5326 5053 5245 2025 7033 313 4272 6012 501 3772 2073 3189 2866 4108 4105 6730 5542 3261 7497 9275 4934 5684 2644 1807 234 3125 6075 3290 606 6540 5325 6931 5236 2529 471 2626 1925 3082 121 188 3003 8365 285 767 6137 1009 2372 2694 5151 8293 2917 3864 1152 6141 1548 7129 9657 4490 1975 5407 927 1123 1976 2954 9094 9216 3972 2160 7431 9415 4126 5662 3010 7047 5827 8759 553 5551
4237 7002 5215 8447 894 526 8224 365 1250 7623 0 7529 8919 6177 4546 2824 5980 2549 8586 1671 9583 7888 7357 254 6878 4473 8244 5471 4647 5134 4117 7320 6903 3485 8318 9461 9532 774 9681 6346 9018 2675 8263 6577 659 8859 4868 4442 9021 8902 7728 5355 8620 8058 6894 563 7757 2344 521 3260 7733 5873 8261 1919 5101 7909 4237 8700 6250 5981 6259 6016 3997 5036 4264 9791 3725 9185 2208 9363 3219 5585 799 6843 1893 4208 1241 2860 1126 8393 6388 2416 8392 8922 3419 3602 4346 1565 3467 4600 5548 5301 4697 8127 9734 2025 5386 5028 9935 2800 7915 5946 1838 4535 175 2123 7807 5344 4907 6135 1557 3006 4450 2098 7206 3763 9445 9888 3987 6049 8183 7842 3453 8575 3911 5561 3790 626 1075 4049 8028 2373 4165 1055 6670 7742 924 4395 9802 9638 6463 7932 7381 445 8361 5641 4304 7391 6951 6315 6623 9899 5407 6158 4467 778 7143 4794 1247 9435 6081 1084 8302 6037 5661 4317 5883 7217 5643 8741 4511 6106 6029 4959 3166 7321 3441 5166 5624 1722 4115 7450 2018 23 733 8464 6345 1475 8552 1971 640 1117 8907 3817 7127 3690 8067 6224 3941 3649 9862 7476 361 8636 8128 8629 5310 3051 744 2379 3692 8370 5977 9308 5961 6384 3128 4052 4773 110 2337 6535 9049 3654 367 6984 5924 7902 4801 7193 2506 2536 6953 7232 1510 7146 6600 4819 3389 3518 7463 3036 8816 9964 1143 3075 7643 9826 7972 427 7272 781 4554 4053 690 5972 2142 9081 184 3767 6905 568 5411 5130 9111 3507 945 6384 9688 3019 1367 3752 7514 1727 6956 5325 1269 8010 9315 5397 8330 6969 3159 8169 1771 5885 8387 6138 1078 9843
5793 6326 197 1312 4915 8825 7120 8543 5728 2097 7529 0 1318 8205 7728 1513 3775 6015 9973 8287 577 9572 9347 375 5604 6040 6504 8901 1594 4534 4001 277 5260 5570 7800 8442 3590 8784 7185 6740 5643 4713 4689 9996 9988 5139 9694 330 5718 7550 3656 812 4773 5596 6981 6077 1524 8423 4724 6031 6848 1418 8642 3268 256 5231 7017 5138 7887 6337 4898 1867 5562 8491 1645 4911 1517 2559 3011 3020 7655 7853 5640 146 2476 8646 5466 850 2859 9476 4142 8014 1867 3763 4925 4322 22 5010 9781 3128 8774 698 3198 5436 5054 1447 2311 5674 4919 2339 1197 4562 2713 8030 6737 1176 6376 539 6015 5307 6466 4915 3222 7000 1768 9768 2711 1370 1059 913 386 7423 4374 3621 9137 229 6450 9128 8586 3595 6773 2649 4384 56 8290 29 7714 1449 2875 1926 6083 6300 5543 9144 3604 583 7346 9896 4369 3134 993 864 5454 9038 9026 1719 726 7220 293 84 8552 9388 5613 7166 4935 4244 163 6419 4328 2677 6810 4593 9026 8363 6329 6162 6102 8931 9586 2980 1722 5591 901 6 3264 1645 885 7132 406 3312 7167 4074 9887 452 5164 6457 3568 8903 2613 2805 7287 3720 7729 9232 1252 7326 5375 4406 176 8920 6438 2641 3810 2082 7806 2493 2230 1600 6277 9534 5381 4012 6963 1977 5419 9094 8884 6206 6227 2915 7019 9531 4292 1134 7114 1567 788 5797 9569 2126 4739 3156 4748 4587 7112 8249 1171 9090 230 3910 945 9887 1640 4690 662 3942 3376 8400 7599 4338 9047 186 2376 3379 4993 9068 9892 791 4787 8875 3736 1913 4400 5976 4720 7382 3667 1813 3483 6192 9397 5661 2120 9434 9725 5747 3498 1993 9655 5855
8138 4629 846 3169 7565 6504 9280 2153 6241 9237 8919 1318 0 6448 1430 5528 6800 6473 6928 9071 1380 2305 5600 4617 1676 7253 3286 2384 2750 2137 4317 8034 324 5118 7409 7575 4041 8443 4132 7692 3775 5443 2692 6581 5754 1839 8711 3214 9886 3948 238 2866 8746 4093 3460 8219 9952 1304 4788 9066 3690 8042 247 661 4855 9089 9500 2242 9209 6297 1752 7051 240 1365 9376 7637 3793 5036 6316 1079 2554 6552 5380 8375 9457 541 996 706 7616 9196 128 4989 359 5159 3419 5666 4491 9683 4691 5552 3743 3723 6628 6980 2171 266 3272 4680 463 6462 8597 386 8158 8235 1339 7751 6527 3214 5426 8009 5911 2034 635 4398 3326 9493 2840 3146 2188 9894 353 1205 8752 4943 1657 7916 7590 134 6657 9590 8340 4679 3389 7608 3024 3561 5163 826 4364 3490 4512 7370 9719 9056 8050 9908 5990 5364 5795 6161 6442 2301 8991 5735 7322 8639 4446 7964 5934 320 9265 9946 4227 7544 6850 8131 7088 5425 4218 3403 1510 6144 9602 1411 5294 5613 2654 3117 9441 6606 9796 8608 3650 4150 8908 1136 7307 3207 7146 4394 3739 2179 8421 7197 965 7737 9326 2601 6396 5001 5343 9 8124 1177 1267 563 1101 5948 5727 8602 7406 2035 2566 276 2336 8236 8583 1123 5581 2229 1966 7331 6109 695 7296 1010 9238 4936 6945 877 9304 7903 2982 7001 5695 9525 1209 751 9732 7489 5886 7697 8711 1734 1505 5628 9118 7614 984 1209 6857 5244 5870 4319 2383 3421 5209 2237 1182 7150 856 8028 6199 6564 6684 8100 395 5883 6908 5495 8743 5800 8574 5327 8403 8776 7654 9947 7709 8102 4971 7511 6756 2401 9267 9830 2785 7909 3704 2567
5279 1404 2636 5787 2662 1480 4667 573 6888 4631 6177 8205 6448 0 7027 24 476 1981 6804 5788 7397 3968 7133 759 3904 1514 4907 9228 9414 4641 9644 7452 7937 3218 1257 6642 3679 5226 4953 8289 1436 7150 2758 2087 2118 5622 5516 690 1439 95 9404 7569 505 2015 1255 306 260 4116 4664 5504 3801 8312 2073 1980 4734 7456 520 6311 4772 9219 8937 8424 2697 4566 8977 3441 2537 2791 4450 5100 6073 3946 674 4591 5686 6949 8879 5721 6444 4705 4164 8820 1762 964 7030 6268 8270 2182 4614 7849 9988 2176 3665 7934 8816 7866 7370 9878 7309 236 475 8903 5013 416 371 9766 2673 9244 9385 7348 9774 5659 6842 2477 1202 2371 8985 9505 1579 8202 4571 6732 9810 2132 531 3563 5520 1013 8665 8960 9067 9651 9740 8604 2397 6850 5429 9204 762 1994 8129 3901 5437 1283 1173 5141 4936 5094 7444 2943 23 5796 7964 875 2628 3393 7627 7622 8569 9264 3944 6460 1105 9302 8925 2690 996 1245 7368 7424 7461 6339 8111 2 4255 1383 8750 6175 5429 6999 4580 5801 1494 5764 295 7071 5752 928 6404 1750 7185 3127 2861 8470 3217 5401 1153 1559 4655 6996 233 8814 6349 1530 7551 6447 5123 6684 3763 7706 6040 6484 4770 5798 3735 3559 8760 2634 2026 4048 8345 4447 2369 1787 7229 323 5860 4342 4079 9013 217 8145 4232 610 6290 7698 6106 5767 3382 3697 4928 7057 9359 9866 3361 9903 6135 5980 5411 3399 7541 4536 7894 2246 4654 9496 475 5276 3942 7872 7292 710 9087 5142 3976 6799 3206 838 9839 1258 9536 1890 5892 1300 444 5251 5326 3686 6664 8281 6604 1528 1526 1463 2690 8452 9252 5688 6332 5770
3225 5671 9115 324 5982 4444 6482 7770 2289 4405 4546 7728 1430 7027 0 4917 8610 2487 7588 1924 3298 7546 9625 9851 5469 2999 4582 746 9878 5945 3517 6711 5964 7949 5889 8776 9278 5772 7311 671 9926 5584 4285 4970 3890 390 0 5702 603 8755 2934 6560 7881 6994 1632 5582 6602 6699 7022 3366 5362 3629 2411 5438 5553 5647 8865 7310 8857 856 8865 9638 1415 3286 4091 1739 133 5717 4739 8876 5243 8188 8154 7455 5565 9045 9089 5950 7624 3885 8897 3001 7632 6824 1123 922 8506 4274 713 1068 6788 290 2759 3003 9981 7148 2030 1599 5107 1695 7422 9850 1920 5723 5284 1440 2538 5084 9405 7379 8466 7056 7066 2369 8560 1885 9202 4807 9268 3482 6845 9638 9868 5240 1049 8622 7133 5721 3051 8083 795 7070 1197 9780 724 9886 624 9013 5056 8117 548 6480 4328 390 8748 8203 8606 4483 1838 783 4034 6664 9251 1303 7795 5045 9420 407 6398 3847 3781 1121 4757 1161 2906 3704 2785 335 7778 3396 6232 7323 976 2519 6240 6127 1197 8604 4796 6678 6206 1286 2371 2197 1741 6233 7354 2307 437 5400 7984 9975 5988 9323 9488 9418 6487 4044 3993 1065 5919 2489 8964 5504 2001 4294 8913 3549 3647 9041 4659 1639 9503 7577 2071 2769 5143 9334 2874 8392 6739 8704 8691 7452 1297 9709 3336 3890 2245 7508 8872 4610 5495 1757 5479 6182 9500 8076 7389 2522 609 8655 9731 8441 167 3782 5901 861 8026 8117 892 5730 6930 4870 1620 2733 3868 8402 3998 1385 9537 823 9731 1658 8373 4608 6950 1687 3889 8137 4301 4559 5308 2186 6848 8234 5182 2145 5895 5330 274 2846 3002 8101 7266 5836 8562 77 4394 8132
4602 8991 5851 1523 4906 4547 9147 4313 5220 7223 2824 1513 5528 24 4917 0 499 8265 3703 7536 1464 6216 2754 4061 9043 5957 584 6805 8766 7479 1098 8819 6816 6965 5073 9997 4641 6352 251 4925 4456 936 3882 7086 1865 6795 855 8164 6171 3144 9650 4802 1637 3861 8967 2276 7358 4155 7400 3562 4446 3156 1628 2331 5942 3903 7254 8920 1440 3908 1702 8058 2331 9309 2209 7017 70 4037 4094 8971 7914 7321 8477 1502 9584 5037 2844 979 3805 6948 2480 4062 1920 2491 9442 6346 2641 6620 7589 349 728 4095 9104 9692 8112 322 1711 6410 6113 1305 1307 5649 9448 992 663 3091 3716 6535 4540 6090 7795 8689 4219 4846 192 6292 5494 1092 4256 9532 9501 9349 7346 6976 8491 7147 1370 4581 163 2189 8116 5079 7470 8598 2860 1261 3326 5894 1639 4031 1705 2507 2774 6880 2661 1324 3777 2759 2102 9089 6153 5015 5605 9348 7489 8456 3186 2671 8395 638 8966 392 6316 4937 6094 2431 9763 1964 7984 1844 4174 1633 4711 8861 9449 1666 4007 6552 7942 4552 4406 1976 6740 6815 7327 7014 3152 7953 3400 968 8561 3165 9761 5035 5469 6401 4825 4305 5796 6216 8247 1842 8708 9864 2392 3921 6127 8849 8232 7244 9129 808 2260 1875 4266 8444 7677 8289 8869 9951 3025 643 8937 7979 476 5464 8539 278 1781 7138 6304 4737 6835 713 4121 7528 2528 4901 4473 8353 4854 3108 2908 2012 521 2678 5437 4872 2591 6632 7214 637 1536 8678 967 5226 4947 6562 1328 3368 6301 3455 3151 8770 230 5063 3473 2214 4073 5399 8678 4469 6726 116 1472 7744 9737 2585 6465 5571 5632 258 9135 6604 6364 1557 8629 4881 1277 8660
9768 4985 5135 3491 9891 1138 1883 7417 4139 9996 5980 3775 6800 476 8610 499 0 5800 6785 8828 6260 9780 8530 7843 9049 5255 4490 3188 4717 3123 6227 1126 3525 6857 9060 9928 8881 3471 7495 5768 3486 1353 1768 9134 8478 7629 7776 4882 5792 7023 9162 7706 9646 8722 1 6431 8126 5527 277 2512 8364 9463 2595 4383 8369 371 334 6843 1289 4414 8654 4522 4433 8724 9289 4580 1049 7132 218 7428 23 7495 8529 6941 2824 4953 2754 4519 3771 4057 9212 3379 8999 9074 6447 4107 2672 5752 1914 2340 6583 2631 2285 6458 2371 5076 5486 6948 665 971 6138 1115 2020 6506 2792 6829 7539 3161 6711 4658 8664 8936 8883 4285 2001 9019 8608 9148 289 6795 5620 2280 2068 5032 7265 212 7992 9357 6478 7066 4552 3291 5002 9001 990 494 3423 324 8774 9101 8927 2425 2653 7325 2506 5076 3348 9754 2991 4193 9995 4918 3558 6287 6346 8366 6403 771 5346 9696 8949 4342 568 6958 3274 1230 4932 4317 1125 2 454 2016 8199 7341 8465 4139 1527 5286 8880 862 3155 5231 7890 7733 9146 3946 4786 6375 3627 5543 842 8984 2963 6950 4510 1602 7103 5195 3006 943 2480 6371 8479 8596 4150 7614 5273 4253 5790 8767 1170 98 8371 4195 6465 4179 522 9841 9294 401 4009 2593 5868 3273 7800 6649 3655 5129 8547 4507 1819 8743 4591 1271 5424 3699 2771 1106 941 7150 4857 9421 607 9360 1442 6673 156 7654 3664 934 7177 1155 5116 4700 377 6344 704 245 1184 5016 2103 3217 4735 9280 6978 3820 8628 9206 3809 7463 1100 390 78 8648 697 1379 5106 4645 7160 3562 790 1256 9484 458 9135 7142 7355 9200 6622 4700
5555 8116 7891 3479 7871 972 2204 2200 942 4266 2549 6015 6473 1981 2487 8265 5800 0 6542 3288 1939 6337 811 4880 8300 3786 120 3053 8275 3973 8018 4488 6585 4422 587 6642 7812 23 3035 7338 2426 5677 2524 4056 1639 1425 6624 1225 8310 8809 5984 7999 7669 2340 8301 8883 6367 2667 8294 118 128 8439 5768 564 9068 9673 9151 7791 5705 8475 5668 7348 3715 9516 5768 3499 2763 9824 1515 7837 5734 6500 643 9494 3349 999 3717 3125 5123 2 6294 6249 1951 4837 2988 7729 2976 4627 5020 9094 2639 2771 2423 5186 8402 1770 599 3456 941 991 1074 1066 7952 9188 607 6094 8252 3854 917 3319 2272 8286 5516 3448 4028 3077 5644 5978 3461 3554 2844 6656 2039 4102 3547 4878 9974 7562 4181 8396 9873 7530 8635 8998 7315 9300 5488 7520 4823 4461 7480 7942 5146 2223 6517 288 1676 9281 4331 3801 5204 4647 524 2550 5843 244 4863 4111 2063 2667 2448 3257 7256 3766 4691 5251 9957 3915 4123 286 9870 6127 6488 1393 2097 2992 5492 5555 4259 5582 917 4254 5535 9206 2070 9925 2722 7506 4002 8139 2329 8173 887 5501 9214 8664 8113 4796 4654 1154 5520 5536 386 1962 7625 5976 1393 10000 7040 8260 4511 3645 4483 4494 3430 9825 5394 1067 2880 8871 9405 7783 3872 1269 1446 1089 2708 6416 7039 6992 3913 6169 7927 881 529 2807 6728 4730 4851 8627 569 1305 9830 5396 8657 8163 9864 9833 7797 2210 2528 2757 1103 1454 945 5933 4384 5513 2013 8222 8500 7519 8464 9116 892 1409 2636 853 4758 6489 5959 5872 339 9953 2450 6011 5974 7020 6548 5724 7648 3041 7293 4052 318 9050 3018 3542 6604 5887
926 1574 5954 4615 4104 1498 1621 3822 6662 6170 8586 9973 6928 6804 7588 3703 6785 6542 0 3137 7354 8019 8937 5645 4315 6697 4225 6855 4903 694 8892 867 5011 3730 9208 6376 1282 8006 8168 6691 2519 9051 5929 3277 3699 1848 1481 3796 3752 3407 8349 84 9983 5220 7975 3726 3269 436 3390 607 4485 1469 1035 1195 8408 2271 6844 6907 7007 9304 3437 9901 4168 577 8772 5430 1340 3129 8286 11 8191 9300 9782 3353 7200 3522 9185 2239 8815 570 686 2830 3513 5561 1793 9421 4893 4163 8479 4899 7952 5336 8385 5522 910 5586 7813 3442 4610 1451 4356 2704 3529 218 7577 8020 865 5482 6594 5523 6772 9865 3670 7499 1966 7961 7726 6402 1125 5966 9799 3118 3947 9398 7364 4218 1908 4303 6521 4355 1056 1238 6591 4234 3332 7357 3096 1019 8300 1180 1093 2876 8973 7367 5046 5011 1459 427 6159 6598 7716 1862 9428 1060 9816 7492 6107 3271 9511 3541 2085 3408 2470 9433 9052 216 8667 2808 1221 2949 5253 8880 4320 9048 9340 5920 6751 2233 2304 6510 5240 3749 8493 262 2180 1085 5078 6087 6234 5111 9586 8123 9671 8182 2732 3863 3023 4493 4673 9647 9265 220 144 2533 5366 3212 9465 8039 4825 2741 5746 4518 1225 6503 6961 3355 6411 7575 2480 9372 843 7671 3338 7393 43 7673 8707 1989 3924 3658 5426 4144 5337 8245 9442 2694 7299 873 4476 6818 8305 5672 9683 6769 9942 4428 6547 2955 3185 3630 1526 4926 3075 6515 2243 2958 9328 8090 9273 868 4315 1308 1413 3831 9324 6565 3717 9738 101 8909 4138 2965 558 496 8626 9055 8268 2892 1380 4742 9764 1567 3796 9848 4011 3258 5610 9015 299 1409
2722 2239 7098 7905 8913 2670 2587 7465 7458 204 1671 8287 9071 5788 1924 7536 8828 3288 3137 0 9848 8081 4036 2169 5570 9489 950 512 5331 4122 3202 9305 2787 3451 575 3828 6047 3937 8011 5159 9758 6891 3770 9491 5747 4055 4532 3819 6726 7667 3651 9303 7829 3895 7232 4939 4399 6003 7935 7022 4192 9532 8382 8222 4695 8258 2103 690 5294 4716 9843 5851 7750 8295 515 837 4116 3726 2003 1892 2221 7993 6648 5352 1706 8684 1708 7008 1928 7201 4966 2928 7120 6592 2871 6919 3709 5814 8493 6849 4202 4852 3810 3550 6758 7299 8909 4478 137 974 4763 6200 7169 3890 9477 5839 4053 7969 1243 7530 2232 9883 253 4189 9779 3609 9500 1927 1224 4719 2983 7262 4340 5629 2693 6747 2123 1867 9193 3012 9982 679 4467 3954 6459 3778 3984 2832 749 6056 7257 422 3715 6598 4744 3941 1356 3584 5355 5922 5913 4712 4453 757 9380 5125 5469 1359 9585 516 7685 2166 4211 3721 3246 9052 1247 8049 1881 729 810 3047 2651 4704 757 3196 1978 8317 7417 3561 4986 274 6095 3136 2265 9585 3125 6476 3729 3344 7207 484 4536 5755 7869 8180 2679 5412 2142 4315 2666 2733 1312 208 520 742 8001 4677 903 1650 5661 1125 7858 3045 5864 8282 342 4435 6678 8102 1574 4318 1958 7341 1846 1572 6550 6072 1214 7125 2659 8129 5489 6975 1637 5863 4525 481 8808 8863 5953 8357 2875 1083 3163 6251 1570 5276 1513 7201 3021 2718 7628 606 8193 3653 5608 3600 2798 3385 8416 7481 1052 2198 3331 6787 2683 713 8957 1040 3205 6351 3155 3207 5359 213 1324 7599 2129 9270 1616 4853 1576 4115 9544 5981 1620 7112 5903 3819
6373 898 3112 2724 594 961 6927 402 3702 443 9583 577 1380 7397 3298 1464 6260 1939 7354 9848 0 1476 8407 9757 3688 8723 9574 4305 3555 8721 4145 3683 8541 1767 9389 2207 1339 3672 3596 4303 3094 2251 5614 5892 3760 7532 1449 2956 383 7994 2830 3103 3691 2395 2499 5548 719 2727 3846 5131 6989 72 4078 153 3882 6507 8128 3674 1369 3888 1015 9433 7847 4026 9667 9783 5661 4772 4995 8278 6530 5419 4149 5863 8150 1203 7906 657 8629 9276 1173 5663 7553 9610 5917 8092 5860 5419 3241 7735 4522 7898 6811 8826 2349 3826 6119 2298 6137 5281 3228 6383 2464 535 9531 3995 370 5025 2308 2426 8743 4750 1836 6746 554 3867 1031 7714 6544 540 933 3637 4215 4361 8302 5420 7126 4948 8955 9785 1098 2780 4390 1124 1504 5069 5078 4676 7865 7169 4880 9854 2099 2888 1022 5549 9891 7653 9361 680 4431 9749 4056 9711 3110 1899 3976 7307 7977 5301 7765 3916 7547 7455 4650 8823 2455 1345 2820 8256 2677 6590 6341 9323 6669 5086 6608 2921 4527 1522 1700 5142 8175 7274 5629 7466 8034 983 1970 6000 5354 4361 5096 2683 1614 5008 6153 12 1602 2474 739 955 3637 3845 2457 1265 7338 9804 1492 6844 1054 6655 4933 9131 9416 5044 9271 1432 467 3901 6356 1774 5663 3156 5352 9729 5149 749 956 6971 5437 7606 5894 8788 2920 6175 2383 3858 1907 5716 5471 3876 3996 8630 7450 4355 9212 9950 8387 7979 658 8827 9706 1704 9842 9681 4345 8142 4465 8473 7264 8297 1252 5208 5473 3988 5382 6305 7036 3442 8987 3557 1816 1708 5573 2170 3152 9584 6151 6319 9368 5041 4933 2526 8294 8078 115 9852 5091 5437
9444 3344 5465 9338 3714 2427 7790 2931 1698 9751 7888 9572 2305 3968 7546 6216 9780 6337 8019 8081 1476 0 7936 3938 9113 5958 9524 4865 9315 6754 3837 8898 3434 7077 3278 4717 1465 9084 7875 4253 5591 9116 5710 1110 9951 3808 6594 296 2655 2191 6244 1792 6841 7395 2355 4193 4164 4057 2359 8130 3712 4730 5435 1097 4694 4464 1777 9411 3739 1252 3644 9570 1480 3622 9337 988 701 6813 5451 9978 2985 3048 1069 9013 1622 7881 7527 5620 8831 8553 7181 2046 6612 9654 5082 2457 3066 1524 3216 2521 3939 576 9438 9110 6405 7815 7470 921 592 8216 9845 1254 3498 610 3010 3474 3725 335 345 2566 6987 192 247 8316 4736 5342 175 2915 2922 896 3556 8524 232 2494 30 7610 9048 452 9629 1464 8120 541 5271 9136 760 1181 3573 6783 3893 3693 7000 4452 7000 2460 4379 316 726 4620 4267 6150 7653 8144 9299 6420 5305 8322 2692 2676 9472 6618 3805 7933 2720 819 6238 9029 2429 400 3871 7490 5381 9553 2622 81 8108 3198 95 5654 6853 4418 6502 5718 7749 6878 4734 7254 5540 9877 4261 7330 7592 4731 9088 1055 3129 2617 891 3381 7725 9121 62 7231 608 5166 8203 4403 5227 1301 7191 5646 5831 832 9774 8960 1070 6869 7180 5726 7871 7865 5674 5620 6176 1681 8892 3655 4123 7960 4862 5666 5714 2393 341 6003 398 7119 8212 1304 9552 3405 1860 5982 7305 2871 9972 8859 3624 6130 1719 5399 223 821 2051 4208 8141 7197 2302 9484 6817 6077 5357 1178 1713 1544 1752 7509 3838 6323 5409 6448 3655 7792 1874 993 1000 9873 269 1851 8685 6288 8611 3799 4060 9111 9926 9891 8857 7808 7279 1023
2623 5908 7862 7501 22 2233 8454 5055 4480 272 7357 9347 5600 7133 9625 2754 8530 811 8937 4036 8407 7936 0 8345 6242 4954 1144 7540 9235 4474 5790 9987 1430 1240 3013 1509 9674 7144 1235 5058 6593 2157 5055 2151 7897 4083 1268 617 4426 6378 2860 9626 107 5135 8444 9052 208 1201 4783 8740 3450 2883 2642 9987 766 3885 2899 884 5937 2100 1040 4100 3501 999 8243 4135 8633 3687 9391 5214 4874 4366 1030 5010 6509 4650 5497 1026 7550 8473 334 5127 3000 3291 3738 1787 3779 6346 7725 1428 836 6849 4169 543 8449 4860 4551 7610 5692 1817 5885 1614 6291 8276 6045 7236 7905 1784 9528 8832 4729 1262 2968 7802 5889 8056 7206 6566 4554 3058 3949 2995 5960 3211 9034 8580 6068 4855 4589 4807 1571 3098 6927 4031 8973 2295 9404 866 8691 1500 3620 7651 6197 2838 9093 885 9608 3883 687 6453 219 1412 8905 2900 8114 7198 4892 1476 1798 3139 8869 9911 3072 4452 3532 3638 2985 6717 176 3970 5003 7703 174 6780 8973 1650 1098 8009 5897 8257 6129 1082 9798 2834 9442 5412 7061 3568 6925 9050 4640 8849 4585 8305 7067 2493 7850 1021 5208 2445 2670 2712 4835 6981 1142 4538 8314 1279 8555 7810 248 5357 4647 5093 3040 7285 9608 5414 3697 8754 4867 8982 1106 5164 3790 8674 3416 5815 3771 1892 9964 1557 2356 9090 2148 3694 8451 3487 1932 3102 2564 826 3118 3640 1326 7791 6289 5191 4611 1891 574 9265 8792 1713 7329 2523 2214 1213 2608 5006 8984 5743 6334 6773 951 3731 8350 3763 2149 4194 3886 65 4364 3073 2639 2754 5353 6568 8195 4870 5323 1494 1704 3297 2617 253 6095 7572 1953 565
4987 5432 9359 4097 9849 1971 4020 7419 922 9512 254 375 4617 759 9851 4061 7843 4880 5645 2169 9757 3938 8345 0 202 8231 933 9435 7988 1959 8061 807 7023 9625 2200 9691 5623 5327 1964 1803 2420 9260 4498 8441 2821 3823 6190 6586 2867 8987 2791 9191 6243 7188 5445 9980 51 6058 1891 4585 9017 7820 8743 4353 7273 648 457 4760 3634 4897 5431 9215 4966 9286 4542 9016 4895 4889 5226 6608 4486 6081 5846 2460 3570 6238 2597 5882 2743 6774 8380 1502 6052 9567 1418 6418 3121 8236 4832 9670 4811 6524 5629 5694 7986 2117 5267 579 1704 8702 3574 7597 6167 125 8318 9508 9871 8217 8459 4306 323 8703 650 7337 9227 7807 6138 3551 2798 4741 847 9331 4806 7074 9947 6283 4136 1809 7089 504 3993 7025 7661 6265 4654 2805 698 3817 7536 1939 9032 2619 2147 1098 5178 118 4850 1091 265 6741 2624 618 6233 1060 4945 4965 6843 8629 4566 9700 7997 6423 912 5181 7650 3957 4450 8738 4233 6727 4284 8809 6724 8880 2333 2408 3799 4425 5856 7137 9859 3337 5890 350 3652 2020 8408 1858 7538 5377 4246 5317 9847 9151 9963 236 8814 1758 6185 5637 2581 8411 4379 7756 8518 3717 4650 8219 376 3270 1621 2436 9276 3016 9325 4525 2623 2930 6716 7679 1642 4738 9594 5350 5479 2235 9587 5869 1036 4093 8243 8955 4929 1028 4473 210 1859 7420 9535 2325 4317 6768 8448 8483 1159 7835 6385 92 3195 3903 4472 9158 6189 345 7039 1616 1898 42 3644 2765 9490 2329 5020 9617 5618 1395 5021 6448 2658 905 3625 2148 8329 8466 6946 5156 9461 5025 511 7696 5279 134 7720 4308 3679 829 2085 3193 3666 2837
6857 1877 9117 3931 6626 1951 3689 8573 1609 4780 6878 5604 1676 3904 5469 9043 9049 8300 4315 5570 3688 9113 6242 202 0 5001 1797 4309 6918 5239 1285 8844 6231 6283 2616 1618 5353 3843 2059 4154 6868 6477 1968 2788 4798 1179 2634 1076 2317 6521 7580 7873 256 3653 7772 1605 5567 8406 830 6690 5247 1092 2625 3588 6425 4294 6669 6234 8354 8055 9606 9484 3080 5374 9706 1460 1070 4415 7133 6261 5784 6962 7716 5780 3973 8861 2178 3492 9943 6755 8168 6607 9688 9522 2206 6582 4930 9698 6320 9181 1572 7004 2563 3948 797 8162 4120 7016 7867 8936 5518 9803 6611 9342 9868 5792 6105 7869 9392 141 6342 7283 9882 7876 4463 3016 9322 6478 6811 2390 8084 6548 1892 4969 3203 3677 600 5542 5975 7692 2321 9571 2817 664 9440 870 1300 8365 4748 655 5049 4700 6053 454 2842 674 742 8294 1636 3534 4448 7755 8344 2540 9945 889 4847 3389 7579 8595 9283 998 5728 3365 3810 1358 6566 8317 9360 9162 804 397 4388 8118 8323 7884 933 3106 1022 4039 1828 5539 8066 2222 4980 831 1554 9141 7813 5950 1520 5959 2599 2114 5641 7437 5136 5134 5715 1835 3631 8411 7695 2197 8310 7261 7328 2056 2166 8553 5421 4765 3898 4175 2191 9658 7812 6421 1734 8429 3148 4640 4554 9670 1572 3038 7330 8853 3826 9709 7159 6117 7606 3673 8152 4708 8266 300 4786 4498 1016 4504 8410 6109 7015 5380 4923 5558 6830 6803 8724 7762 332 4677 6821 7285 6320 2369 8835 5331 7931 4207 2356 6114 4843 1503 290 6259 1429 3835 9957 2760 8407 830 8013 7804 2701 5820 924 3706 609 4949 7838 6737 8054 8907 8010 8784 9961 563
3347 9990 4736 7486 1775 6342 6962 3422 9506 1359 4473 6040 7253 1514 2999 5957 5255 3786 6697 9489 8723 5958 4954 8231 5001 0 7891 3291 1423 6720 5951 9228 4670 8470 491 8062 9499 1201 1817 3113 7480 1102 822 8425 3545 3494 820 4869 746 6315 4518 7481 1709 6246 9336 9089 7034 8433 9533 3892 8825 2374 8360 2190 5469 7067 2627 3000 2639 8961 2408 221 4835 1632 345 524 7080 2569 471 4754 583 9505 4849 7264 5916 230 4138 8137 3193 5102 5810 3283 3458 5681 9095 2846 2158 3270 7359 3849 5893 5074 5907 2410 9457 343 4098 4191 453 5442 8973 4895 3522 2608 3515 9185 9384 9710 2440 9988 3280 1598 3249 4526 4823 4851 5680 9447 5471 8845 5753 2537 5127 1664 5775 7835 2798 463 5127 3138 5058 8530 7824 9288 3612 2353 6541 6880 4528 3811 1995 243 9949 151 6573 3281 3028 473 1822 6822 2569 3755 1410 8144 488 6579 9452 538 3896 6687 175 5841 2165 9849 1448 4287 337 7930 9358 9716 1335 2555 5889 4417 9043 1511 3718 4021 2215 8987 6561 5858 5631 3966 7141 9436 5099 1482 6172 594 2017 8440 1853 6488 2452 4596 8752 711 2149 1886 2973 9589 6193 5145 4552 4358 7798 5888 2360 7858 9892 520 5004 996 3960 3387 8131 3579 7723 9428 2738 9925 2620 7060 5052 6461 9966 8461 3143 4649 8698 9325 2997 6827 2930 4735 8996 961 3183 7296 4053 9683 4212 6200 1079 1814 9692 282 680 7165 3519 676 5707 4730 4037 9889 8005 3807 4119 2816 1647 1873 6449 9773 5716 5201 9581 135 8526 1011 528 1152 2788 3225 9861 1428 1833 3403 8780 9526 1265 303 7114 3000 1770 3805 2903 179 1101 9841
7021 3356 6506 7117 814 4454 2610 6521 3395 6550 8244 6504 3286 4907 4582 584 4490 120 4225 950 9574 9524 1144 933 1797 7891 0 34 2847 167 4445 3606 8258 1053 1162 7414 8333 664 5633 1961 4862 9769 5159 9041 2342 2701 9389 5918 2098 9726 9768 5817 9656 4493 5780 7398 2628 9243 4861 7156 6760 1727 7027 3581 1547 2699 5051 5120 8892 151 4066 963 2174 8455 3866 1277 2358 1832 9170 5854 1754 1304 5578 5702 6041 518 9547 1887 1604 6818 263 6919 489 5123 3461 5410 7783 9143 9387 2123 5565 7104 1507 4470 5105 6852 8839 4068 9916 147 6835 3336 215 3017 2890 3853 5636 1133 8193 3870 1182 6804 7192 1322 8712 7682 3202 2616 6248 7564 606 3558 3479 4769 876 7533 9115 5266 8551 9163 2086 4224 8957 8989 7357 1250 4665 6045 8828 3914 8307 5037 3108 2498 1622 8802 9648 5360 3291 8519 7930 6953 225 6406 95 7822 3402 3855 7921 7631 9004 2158 8246 4744 6633 7367 5222 9622 5912 254 1175 398 895 3302 145 5762 8685 6204 4755 7944 499 7965 443 3715 2241 3916 7762 5346 8489 5738 4542 2348 6434 289 258 7872 3874 7858 6388 5507 7499 3858 8700 7979 6651 6823 6289 3353 3200 6225 3027 7920 2408 1751 7100 3325 8501 619 5354 6528 2838 1258 1055 4680 7730 4291 8201 690 8198 6400 4769 2360 4945 7546 3509 1731 6547 586 7844 6678 9524 8638 5069 8217 7053 1721 6382 1488 9065 6882 3002 1547 9353 3273 1958 6434 3215 6279 7520 6991 4033 6161 6318 5022 6161 9337 8681 4488 8353 3295 6631 9397 3737 7557 2774 7415 508 4592 3177 368 798 8661 6981 4605 2782 1532 4681 9749 1154 7616
