50
0 7867 3366 1664 4752 7593 7088 5844 2337 1156 4305 7444 8829 4811 2371 513 2838 5802 187 2903 1899 603 3077 9213 6825 1492 9314 1 5458 1067 3627 3649 3844 6656 8930 1694 3149 5881 2908 869 6613 3787 5669 4050 5646 8451 7700 6725 7338 2743
7867 0 2665 9749 159 7952 3320 1224 5424 7686 4781 9015 4182 7727 3738 8026 6905 5293 8350 1732 5012 6597 5170 7045 2262 8583 4028 3487 483 7621 9622 5481 4024 9310 9898 2408 4946 5367 4356 5310 3781 4593 9309 295 9163 5502 3401 3154 1150 4985
3366 2665 0 7077 2827 5018 1525 5441 6714 4896 503 4565 7948 60 7568 1495 9995 8438 3270 6501 8388 1899 2153 7342 3171 880 7256 894 3913 2524 7647 3944 7774 3571 3799 9724 2869 9212 8189 7409 3 6288 2148 5331 6659 8315 3119 1486 8626 3373
1664 9749 7077 0 7926 9359 794 4553 9558 1715 9204 6830 9138 1410 9418 5184 388 4444 8449 5978 2112 254 4125 8859 8344 7267 6929 2403 3152 4401 7165 2632 3039 9452 3327 7836 1799 5264 9241 5632 695 2607 3470 5732 9114 6458 9737 9048 3929 8089
4752 159 2827 7926 0 1911 76 826 986 5390 2469 5145 7462 7851 3895 5483 4737 445 8354 1813 8824 1608 3298 463 1221 5516 1037 7637 9431 7644 1761 5608 8883 8374 9625 985 3800 9682 7548 9227 4987 9999 5642 9333 606 7865 2763 2702 3562 4505
7593 7952 5018 9359 1911 0 1414 8058 3507 8700 3373 7913 5050 5945 5130 6011 2509 9042 7035 5608 3172 7521 1946 460 7802 3979 1135 1612 7262 7581 2312 7796 5791 2149 2891 3987 769 9892 8313 9594 2591 2342 1110 5021 6534 9249 2211 4682 8828 2267
7088 3320 1525 794 76 1414 0 6065 568 9366 4965 4172 2550 42 1069 3170 7250 8030 2259 3718 9179 1734 8833 2435 7989 1866 545 4050 8751 1651 6106 7792 1787 2640 1987 5167 9064 5306 8792 8898 2352 8856 1265 3500 4155 1394 8353 9082 7534 2283
5844 1224 5441 4553 826 8058 6065 0 8329 7047 2971 7151 1652 8424 8084 7260 2386 239 9171 6151 6901 3425 8611 1129 2465 3306 9279 1560 1334 3405 1449 8243 4978 9955 3196 1124 5561 7335 3908 2832 3547 4363 546 155 6090 3858 9710 2388 2616 1456
2337 5424 6714 9558 986 3507 568 8329 0 1546 783 3924 6377 2139 683 509 7574 539 7339 7184 8555 9915 3330 4854 4502 7858 9950 6540 6819 7486 8281 8701 6014 5532 9733 7158 4925 4636 3410 7624 5590 7483 541 6906 8002 7561 8225 8331 6560 4958
1156 7686 4896 1715 5390 8700 9366 7047 1546 0 3098 2197 1049 7184 7579 2277 9369 1640 5865 5053 6214 3619 9761 5539 1378 3460 166 4755 436 8953 1084 6519 6120 605 3073 495 779 71 1375 7838 9513 2507 970 144 7346 8183 3517 1613 9619 4452
4305 4781 503 9204 2469 3373 4965 2971 783 3098 0 1715 7472 629 9753 1716 4885 4326 9367 5667 8368 8044 4831 6287 7350 274 8495 584 8638 8884 7260 7010 2774 7374 6952 4773 6213 1393 7755 4616 5481 1144 5702 3726 8221 8293 2234 4814 8883 1535
7444 9015 4565 6830 5145 7913 4172 7151 3924 2197 1715 0 8233 8445 8251 4524 4586 8484 2870 3349 1115 8601 1844 6978 5239 9319 6486 5400 2979 7782 4791 3945 3070 8106 359 292 5838 3102 1816 6433 9550 3580 2882 2421 2201 288 7803 5181 9195 236
8829 4182 7948 9138 7462 5050 2550 1652 6377 1049 7472 8233 0 3484 8535 5145 5301 3283 5182 7807 588 3769 8612 5984 2030 4772 6076 7163 6207 1965 3789 4159 5717 3982 637 8202 9068 5793 7209 1972 7433 2550 5210 3805 6297 7256 5502 5015 6029 7635
4811 7727 60 1410 7851 5945 42 8424 2139 7184 629 8445 3484 0 5246 7675 6929 957 1762 7991 1302 435 1610 5376 9957 6810 908 633 3973 701 5786 7754 5468 5185 2467 711 37 4885 8622 5175 5372 5785 9249 8572 7092 6344 2385 926 3004 7076
2371 3738 7568 9418 3895 5130 1069 8084 683 7579 9753 8251 8535 5246 0 1709 1589 3674 4179 8041 3038 3245 3368 6671 4615 4130 4529 4143 7596 6961 5536 7002 2881 8626 2010 2866 5199 9606 2968 4619 8005 2498 7977 7444 1611 345 8317 8637 7345 1646
513 8026 1495 5184 5483 6011 3170 7260 509 2277 1716 4524 5145 7675 1709 0 5989 592 1922 6735 2367 1850 2006 7833 503 9409 6910 4406 5778 6309 6755 100 9929 3322 920 7111 9237 602 6889 8757 7199 3504 3702 7650 8248 9862 6377 5217 1293 3436
2838 6905 9995 388 4737 2509 7250 2386 7574 9369 4885 4586 5301 6929 1589 5989 0 7605 5669 938 8780 3640 9245 9841 1631 2231 6358 2982 425 5316 7142 7951 3833 5267 277 1561 8327 4126 1180 5987 9202 7848 3793 6490 2421 5108 8511 1411 1350 6286
5802 5293 8438 4444 445 9042 8030 239 539 1640 4326 8484 3283 957 3674 592 7605 0 1426 7118 5214 962 8674 1394 6321 4818 9390 599 4336 9727 3698 1294 2184 2395 2526 8376 7594 8522 2542 1882 199 2426 6113 4374 690 9175 421 4983 9802 66
187 8350 3270 8449 8354 7035 2259 9171 7339 5865 9367 2870 5182 1762 4179 1922 5669 1426 0 4275 1284 4705 5322 6765 6954 7355 5805 2817 9927 2787 8166 9585 9614 848 1261 9865 5920 3394 1432 1833 2866 7592 6500 7949 8248 5362 798 6568 4857 8123
2903 1732 6501 5978 1813 5608 3718 6151 7184 5053 5667 3349 7807 7991 8041 6735 938 7118 4275 0 5297 7880 668 4842 25 5764 970 2023 958 4724 4793 596 9968 4662 1254 8368 4220 9324 4486 9493 3552 9583 9848 7325 488 4183 8222 1493 7747 2461
1899 5012 8388 2112 8824 3172 9179 6901 8555 6214 8368 1115 588 1302 3038 2367 8780 5214 1284 5297 0 1186 2825 6536 789 9829 5255 8471 2281 6429 8868 7326 3365 759 6105 7173 9975 2289 8827 5581 4865 3574 9587 3666 5508 673 9333 900 1142 700
603 6597 1899 254 1608 7521 1734 3425 9915 3619 8044 8601 3769 435 3245 1850 3640 962 4705 7880 1186 0 2113 7626 7220 765 2723 2386 9043 6177 1508 9750 6407 5037 1442 8419 910 867 6168 1034 3809 1264 6717 7244 8684 6836 3463 383 3316 9023
3077 5170 2153 4125 3298 1946 8833 8611 3330 9761 4831 1844 8612 1610 3368 2006 9245 8674 5322 668 2825 2113 0 6754 353 4120 537 3566 2478 1505 3777 9958 6893 6312 9545 6288 2660 8843 3733 2309 8320 9043 3738 1435 3495 2280 635 9213 4161 4066
9213 7045 7342 8859 463 460 2435 1129 4854 5539 6287 6978 5984 5376 6671 7833 9841 1394 6765 4842 6536 7626 6754 0 9664 5197 8725 9556 2382 2647 4049 21 8423 4426 6830 6341 6159 8008 944 3910 4989 2438 2985 9362 1784 4487 8592 3494 8350 5765
6825 2262 3171 8344 1221 7802 7989 2465 4502 1378 7350 5239 2030 9957 4615 503 1631 6321 6954 25 789 7220 353 9664 0 5073 4254 4480 2693 3648 1200 2393 4831 2758 7503 811 8071 1863 5442 3141 4635 4780 8674 1394 7248 4007 801 9882 3636 2971
1492 8583 880 7267 5516 3979 1866 3306 7858 3460 274 9319 4772 6810 4130 9409 2231 4818 7355 5764 9829 765 4120 5197 5073 0 7348 82 6133 1915 7893 501 6301 3781 6265 7854 7704 1788 8220 7595 2765 6852 205 4166 7460 3421 8152 9021 2474 2638
9314 4028 7256 6929 1037 1135 545 9279 9950 166 8495 6486 6076 908 4529 6910 6358 9390 5805 970 5255 2723 537 8725 4254 7348 0 7061 6984 6830 4845 6849 954 5829 235 9157 586 2220 2311 5731 3629 1283 658 1922 8403 9003 9996 477 381 8977
1 3487 894 2403 7637 1612 4050 1560 6540 4755 584 5400 7163 633 4143 4406 2982 599 2817 2023 8471 2386 3566 9556 4480 82 7061 0 3919 421 4444 6082 349 5921 4560 6751 8370 7109 9894 3568 1437 7687 8557 227 5589 430 8923 9989 6600 2277
5458 483 3913 3152 9431 7262 8751 1334 6819 436 8638 2979 6207 3973 7596 5778 425 4336 9927 958 2281 9043 2478 2382 2693 6133 6984 3919 0 9055 7828 6051 4947 1596 7501 496 7385 4535 4387 4303 2838 7450 896 1552 4277 7732 8742 6867 4803 3420
1067 7621 2524 4401 7644 7581 1651 3405 7486 8953 8884 7782 1965 701 6961 6309 5316 9727 2787 4724 6429 6177 1505 2647 3648 1915 6830 421 9055 0 7776 9128 8226 4572 1075 9484 3318 9199 3652 306 3028 5238 3048 4861 8606 6544 8907 9162 8287 8131
3627 9622 7647 7165 1761 2312 6106 1449 8281 1084 7260 4791 3789 5786 5536 6755 7142 3698 8166 4793 8868 1508 3777 4049 1200 7893 4845 4444 7828 7776 0 5311 4870 4143 1691 573 7410 9167 1257 874 5585 5494 6465 3587 3045 5125 4999 6439 8239 2117
3649 5481 3944 2632 5608 7796 7792 8243 8701 6519 7010 3945 4159 7754 7002 100 7951 1294 9585 596 7326 9750 9958 21 2393 501 6849 6082 6051 9128 5311 0 3982 2758 4750 4205 8108 790 5899 3270 4573 3403 6323 8121 1207 7946 1982 7912 3700 1742
3844 4024 7774 3039 8883 5791 1787 4978 6014 6120 2774 3070 5717 5468 2881 9929 3833 2184 9614 9968 3365 6407 6893 8423 4831 6301 954 349 4947 8226 4870 3982 0 1955 9792 1508 7696 6328 4143 8031 5864 4058 2382 6450 7640 8677 4750 5643 2131 5870
6656 9310 3571 9452 8374 2149 2640 9955 5532 605 7374 8106 3982 5185 8626 3322 5267 2395 848 4662 759 5037 6312 4426 2758 3781 5829 5921 1596 4572 4143 2758 1955 0 8048 6685 6571 8658 1943 2905 282 7010 2727 6201 1106 6663 9313 5681 580 8671
8930 9898 3799 3327 9625 2891 1987 3196 9733 3073 6952 359 637 2467 2010 920 277 2526 1261 1254 6105 1442 9545 6830 7503 6265 235 4560 7501 1075 1691 4750 9792 8048 0 1775 1993 141 6844 9032 5311 1225 2655 1828 1271 3977 3439 2358 1903 2282
1694 2408 9724 7836 985 3987 5167 1124 7158 495 4773 292 8202 711 2866 7111 1561 8376 9865 8368 7173 8419 6288 6341 811 7854 9157 6751 496 9484 573 4205 1508 6685 1775 0 2804 7144 5211 6048 7294 3392 1564 9510 9493 9899 3794 1243 770 135
3149 4946 2869 1799 3800 769 9064 5561 4925 779 6213 5838 9068 37 5199 9237 8327 7594 5920 4220 9975 910 2660 6159 8071 7704 586 8370 7385 3318 7410 8108 7696 6571 1993 2804 0 9905 3645 5275 8684 8057 6141 4554 9302 3870 9479 2588 126 9747
5881 5367 9212 5264 9682 9892 5306 7335 4636 71 1393 3102 5793 4885 9606 602 4126 8522 3394 9324 2289 867 8843 8008 1863 1788 2220 7109 4535 9199 9167 790 6328 8658 141 7144 9905 0 2264 4873 3657 7415 5177 2079 827 7949 5811 7014 9236 3921
2908 4356 8189 9241 7548 8313 8792 3908 3410 1375 7755 1816 7209 8622 2968 6889 1180 2542 1432 4486 8827 6168 3733 944 5442 8220 2311 9894 4387 3652 1257 5899 4143 1943 6844 5211 3645 2264 0 6863 7312 8208 112 8796 7079 986 4638 5236 169 959
869 5310 7409 5632 9227 9594 8898 2832 7624 7838 4616 6433 1972 5175 4619 8757 5987 1882 1833 9493 5581 1034 2309 3910 3141 7595 5731 3568 4303 306 874 3270 8031 2905 9032 6048 5275 4873 6863 0 8658 1796 3150 7866 1002 3021 4908 7400 2952 9684
6613 3781 3 695 4987 2591 2352 3547 5590 9513 5481 9550 7433 5372 8005 7199 9202 199 2866 3552 4865 3809 8320 4989 4635 2765 3629 1437 2838 3028 5585 4573 5864 282 5311 7294 8684 3657 7312 8658 0 4760 1991 6768 7437 146 3004 8370 1683 5437
3787 4593 6288 2607 9999 2342 8856 4363 7483 2507 1144 3580 2550 5785 2498 3504 7848 2426 7592 9583 3574 1264 9043 2438 4780 6852 1283 7687 7450 5238 5494 3403 4058 7010 1225 3392 8057 7415 8208 1796 4760 0 3143 7296 666 1294 2217 1291 2709 1641
5669 9309 2148 3470 5642 1110 1265 546 541 970 5702 2882 5210 9249 7977 3702 3793 6113 6500 9848 9587 6717 3738 2985 8674 205 658 8557 896 3048 6465 6323 2382 2727 2655 1564 6141 5177 112 3150 1991 3143 0 1041 6047 7580 9548 294 1723 3312
4050 295 5331 5732 9333 5021 3500 155 6906 144 3726 2421 3805 8572 7444 7650 6490 4374 7949 7325 3666 7244 1435 9362 1394 4166 1922 227 1552 4861 3587 8121 6450 6201 1828 9510 4554 2079 8796 7866 6768 7296 1041 0 2178 6565 1974 9998 5675 9688
5646 9163 6659 9114 606 6534 4155 6090 8002 7346 8221 2201 6297 7092 1611 8248 2421 690 8248 488 5508 8684 3495 1784 7248 7460 8403 5589 4277 8606 3045 1207 7640 1106 1271 9493 9302 827 7079 1002 7437 666 6047 2178 0 4260 3121 5657 7750 6137
8451 5502 8315 6458 7865 9249 1394 3858 7561 8183 8293 288 7256 6344 345 9862 5108 9175 5362 4183 673 6836 2280 4487 4007 3421 9003 430 7732 6544 5125 7946 8677 6663 3977 9899 3870 7949 986 3021 146 1294 7580 6565 4260 0 1426 1351 4546 1054
7700 3401 3119 9737 2763 2211 8353 9710 8225 3517 2234 7803 5502 2385 8317 6377 8511 421 798 8222 9333 3463 635 8592 801 8152 9996 8923 8742 8907 4999 1982 4750 9313 3439 3794 9479 5811 4638 4908 3004 2217 9548 1974 3121 1426 0 3054 244 255
6725 3154 1486 9048 2702 4682 9082 2388 8331 1613 4814 5181 5015 926 8637 5217 1411 4983 6568 1493 900 383 9213 3494 9882 9021 477 9989 6867 9162 6439 7912 5643 5681 2358 1243 2588 7014 5236 7400 8370 1291 294 9998 5657 1351 3054 0 8532 5352
7338 1150 8626 3929 3562 8828 7534 2616 6560 9619 8883 9195 6029 3004 7345 1293 1350 9802 4857 7747 1142 3316 4161 8350 3636 2474 381 6600 4803 8287 8239 3700 2131 580 1903 770 126 9236 169 2952 1683 2709 1723 5675 7750 4546 244 8532 0 4734
2743 4985 3373 8089 4505 2267 2283 1456 4958 4452 1535 236 7635 7076 1646 3436 6286 66 8123 2461 700 9023 4066 5765 2971 2638 8977 2277 3420 8131 2117 1742 5870 8671 2282 135 9747 3921 959 9684 5437 1641 3312 9688 6137 1054 255 5352 4734 0
