200
0 7106 1785 1956 2924 4740 3404 5363 973 2395 1054 2467 9032 6837 9393 4480 1026 6658 8496 6372 5988 4467 4724 5510 8719 4914 5522 131 2821 4728 7128 262 6524 6218 3731 7969 7071 7466 3708 9293 4094 4012 391 6064 4743 5609 3908 448 1492 1128 9924 1433 9896 4406 3873 9420 8640 4785 9155 960 1856 3256 2462 1212 1318 2028 2508 3801 1801 2977 8413 1879 7614 7405 7571 7728 7648 1309 2427 6685 4459 5241 6584 3721 856 6946 7747 7968 5835 265 8041 7031 7613 9833 8224 5573 1943 7671 6558 4774 3519 9018 7527 9545 8827 7460 2458 8564 5987 249 5074 6634 4436 5306 5824 9110 3003 5317 9377 3580 7938 5127 7910 1012 5749 3994 523 4350 2116 6366 3526 7661 5347 2423 3181 3977 5904 1599 9254 3617 5632 6875 804 6067 3461 6328 1560 5851 7443 335 8365 7775 8411 9213 3689 377 9153 5576 6341 4843 9973 3803 7246 391 6659 9592 4377 2800 8032 9341 3235 9271 2657 4153 8545 6547 1988 3678 5501 2161 5447 4441 4862 294 2338 7444 74 3956 7934 8686 6001 7897 9784 1497 6682 7993 1958 1366 1614 19
7106 0 4501 7365 8174 6488 8961 4136 9732 8673 2223 8046 8879 6118 2155 994 2577 1118 1504 6453 3886 1656 218 3806 7477 8969 479 5773 651 1309 7358 7910 3099 1513 7026 7805 6309 9068 7497 1811 5152 6120 4526 8560 3438 4700 1258 2829 5313 2788 3899 4678 4197 7047 4541 9134 4276 1670 9549 9897 243 7028 8067 34 1721 4821 6805 9249 2313 288 3262 973 6855 1572 1314 179 4631 1747 5503 5558 4223 5948 6183 5909 3932 8400 5605 1214 9566 1908 8518 6128 1927 6749 2914 7075 3905 5393 7060 3037 9660 1856 3111 6918 9921 487 7845 4147 4990 6197 6778 8429 3141 7488 9251 2452 8193 9614 8879 5305 6226 134 9701 6623 8522 3616 7447 7621 3607 3733 3474 7844 9663 3186 4799 2173 5024 8215 1134 6053 8799 8897 2660 1141 8975 4226 6938 4009 7947 5754 9237 9674 425 508 6088 709 1686 4322 8224 7494 7686 9809 9498 6217 4412 4519 8239 5283 5411 577 8625 8780 407 3572 4926 7024 3867 5290 4473 6159 8138 9876 3722 8749 5335 1228 6486 3328 13 5142 3317 3161 9841 5309 1720 6405 4699 1444 4871 9640
1785 4501 0 2234 8074 8579 1937 8264 2384 7147 5418 8244 7288 7623 4283 6153 2220 1805 8672 2200 3147 4532 7301 9811 7465 9815 5676 169 9261 1572 1984 5362 769 2417 1246 4640 3214 3239 1018 1550 534 4563 9330 3009 3848 4541 444 8471 4784 1614 7871 184 9541 2597 3295 50 2832 2050 7075 6209 5837 8413 9590 4971 427 7501 309 5650 7478 8510 4449 3835 7289 3945 5397 3536 3445 7105 3846 8831 831 482 907 2710 6186 6418 6126 8223 3486 4784 1091 9377 6371 7998 8230 4566 1906 208 3927 7480 677 3836 7355 1150 1723 8198 9788 9224 7429 7612 7639 5500 2832 346 6015 1433 6971 1871 2790 1620 4428 1105 3364 5283 8237 8745 4276 4634 4026 8900 9580 7901 432 1464 9585 2954 1669 4361 3089 8243 1964 1091 8540 4617 1258 7898 358 725 3770 921 4515 6717 546 6436 8896 914 4108 6221 1276 1020 7562 5295 3078 14 4034 7693 4746 4550 4975 8224 7116 2067 6464 6185 5450 3121 1007 749 968 9571 8145 4546 7490 3646 949 9061 4767 1576 6160 1227 4308 3762 1728 9898 3045 2990 5081 5508 5792 5718
1956 7365 2234 0 6121 9490 8829 4656 67 4457 9828 9460 2504 1871 3707 3520 7316 3950 2339 6091 155 6961 3822 8607 389 5208 1823 7347 6103 7998 6498 5965 5877 7374 7949 6788 9571 2313 2490 6758 2650 200 1979 1725 5260 250 1159 5871 1760 4597 5049 8864 6540 1262 1009 8902 3542 9400 8361 3493 9018 6332 3113 6887 1991 1352 1891 5181 3107 3050 3661 9997 7959 5583 1452 3210 4161 287 5013 5833 2797 1252 9916 6537 5760 7458 8297 9351 5817 2510 9435 1884 5731 5235 3211 3184 707 3442 1827 4854 4755 7967 2544 5303 3791 7663 8993 4706 2434 4857 6139 5338 1871 7141 8326 6370 8071 6302 4343 1716 6933 4588 9372 78 4867 5175 4517 3135 9552 9160 4691 2380 5252 9383 586 639 2312 2988 5363 863 6433 258 818 9647 7968 6156 6700 4009 1613 1231 7313 3496 4462 2185 4265 1601 8928 3684 4461 4348 1499 9384 3516 8128 3526 2728 2704 6547 3392 8044 6109 4572 5123 7769 2129 308 7195 522 577 4976 3307 2223 4437 6652 2795 1526 9802 7950 4763 3533 9464 6658 8685 5828 8590 2024 5053 2421 3594 407
2924 8174 8074 6121 0 4503 2282 9372 1086 3615 1675 6183 2921 4481 3494 6987 2835 5799 1230 4101 5546 749 5183 8535 8512 8121 2189 8956 8162 1683 7890 8402 9492 4011 342 6232 2689 3583 3787 6340 8734 2048 6530 5581 4166 3674 5516 7981 7397 4966 81 5705 5875 3142 3479 5515 4416 9165 6861 8790 2032 8770 8924 9936 4039 4174 3739 8351 1819 1105 1275 8342 486 1797 6293 6806 5429 7112 3641 4069 5915 9160 7888 5174 3993 5503 3407 6501 9630 1781 1664 2846 8997 7213 1513 4699 4388 5104 3796 9842 7770 5117 6774 7917 4761 6781 2897 6599 9179 4817 7041 8262 4211 58 9553 5953 3991 5911 1964 3822 8445 1488 2655 2051 6244 6735 9177 1872 408 5538 7577 3599 3629 1773 8452 4211 9850 866 4561 6397 6593 282 429 4555 4839 543 8782 5536 2136 2932 9915 3317 95 9461 3210 7911 1623 3729 885 2877 8250 3386 4970 4008 6765 6806 5393 1467 7165 7826 9172 7709 7754 9295 4969 1877 6586 7338 6346 8580 2568 3807 1788 9294 4363 5750 4415 5533 5619 5343 407 3761 3798 7707 9713 7263 2352 1214 5710 416
4740 6488 8579 9490 4503 0 6766 756 6364 2477 5594 6747 2081 6316 183 1859 1601 1706 2875 6628 2707 3038 7118 7735 7820 3414 7085 2246 7048 30 4677 4008 7323 1481 5740 8314 285 826 2079 7448 8478 6804 478 7818 1323 6131 4891 7584 4661 4208 7326 5457 121 9352 4566 2569 584 5333 2318 111 3719 8894 1746 9862 6816 730 2383 4779 4470 9388 9888 455 4178 8048 5972 7554 9707 4814 8015 5406 7334 5955 9111 5004 9984 6022 9739 5260 9005 5820 2576 7191 7210 3488 5112 7120 4984 7613 8882 9224 1553 2931 9508 6388 8538 9489 1647 3830 9553 1615 7232 7640 8497 6450 7512 5936 4268 4938 2964 9418 2069 7600 2864 7907 4776 8905 7072 1655 1029 9865 5734 8691 634 9303 7073 3529 1284 3953 2972 5730 2756 8175 9636 903 8157 336 7247 7007 4872 1637 807 4137 8085 5196 9003 9122 8079 2849 2418 6656 7498 3114 6587 7079 9582 5339 8514 9365 7226 6002 777 7343 2057 6957 6457 1602 6197 3366 9724 8982 1016 2569 4035 2789 2633 1494 1074 3969 4987 8800 2250 3979 4672 4504 102 9746 7867 3075 3290 8066
3404 8961 1937 8829 2282 6766 0 7229 9374 8750 6161 9508 2823 4569 8311 6803 5824 9375 1332 2302 9885 4963 9052 8266 9033 1346 3710 2178 2765 4641 6309 7358 8764 3512 8567 9151 3920 5793 8336 8278 5365 8370 6084 1173 8458 9280 1071 335 3499 4065 7137 6818 8204 229 5502 7919 4334 8529 3631 2213 187 3246 7746 4948 7918 5816 5504 8609 6589 7285 1271 904 5363 8431 8246 4945 9116 6817 1078 7805 5837 8230 8895 1281 9645 2504 6423 2928 3086 6326 9563 1909 9101 8234 7898 6719 2071 8479 97 6994 4565 3882 4605 3231 3691 5969 5787 2452 2795 1600 3813 3856 3069 6232 710 3625 2146 6337 6160 4859 647 6393 1336 3720 4951 8009 4211 3880 7883 8880 4690 1148 94 7484 7361 2487 1220 3270 6720 4346 9579 1055 2051 7590 1690 6627 6852 8468 341 5700 8120 2441 977 4436 8496 2108 8177 4534 7172 892 110 8323 2848 2926 9278 6746 3263 7865 5093 6251 4560 9873 6175 4105 4327 8006 9941 6209 1686 2849 3520 8796 9554 2701 2341 7584 2946 1414 5017 9194 7759 9040 6377 1780 2881 1111 7924 9232 3750 5451
5363 4136 8264 4656 9372 756 7229 0 9718 9951 4235 2773 3191 6630 591 1459 2723 1155 2633 3169 8922 1905 2155 6638 2925 4631 7221 2167 5172 6196 7914 1545 1890 3099 3604 1132 5720 280 7205 4578 9128 5977 2086 5261 147 2488 6470 4767 5820 6544 7647 9907 752 9048 9748 536 3623 2460 4672 2401 3724 8279 1006 5336 5651 4214 3034 7584 4294 2888 5344 4361 678 804 4708 6162 7092 1940 115 9885 2301 5675 6951 8208 8923 8595 956 9434 1621 8058 7335 8599 7407 7910 2566 4932 8559 8547 9835 7776 6331 6268 8668 2870 8280 3462 9281 9817 3809 3218 1650 5944 4180 8199 3576 704 6334 868 9813 1485 233 1601 9431 514 6717 4952 72 6858 7955 4765 2505 1842 1233 1607 2534 7492 639 3110 6400 6809 8794 9836 8846 2086 3538 2415 1027 4888 3294 2837 1444 3763 3053 736 7762 7169 3300 2285 3479 5549 8740 1166 5456 1529 5973 8765 7859 3331 695 9140 2007 5400 4688 8137 4471 3454 1580 7710 6642 5370 1052 3057 18 8880 1934 7711 5107 2628 2596 9903 3458 6119 1114 6044 7340 9307 8702 6603 7456 4602
973 9732 2384 67 1086 6364 9374 9718 0 8976 5074 4587 8570 3660 4796 8144 5556 1424 9166 6183 9405 6547 7504 3054 4219 9856 6249 8268 6654 2618 2517 6923 445 6405 4014 4908 3223 8889 3769 5485 5658 3566 7203 7102 5015 1407 2290 974 5128 6120 534 1120 4905 7205 7670 6513 213 1960 9461 1135 4383 4963 2611 5965 97 7797 7891 6950 7384 5413 6992 9153 3475 9430 7158 1632 5608 7938 2680 1828 2917 3014 8232 3002 6121 4672 9556 1314 7354 1451 9634 6654 57 243 9856 3816 8136 7341 8425 2007 3056 4504 3649 5207 5384 9613 4879 9286 4488 7841 9463 3900 6873 5890 4679 9892 5101 2202 3013 9210 1503 4088 1265 3733 8658 1617 7487 1855 6846 4097 3188 8797 3440 928 4137 4759 4002 1590 3826 973 7303 4756 2537 9686 8150 9627 5499 4139 5844 1739 2483 3408 7430 4074 8819 1243 3122 8159 3982 5276 4039 2384 8989 7132 9913 9356 169 6147 6828 7535 8144 5599 9841 3100 1597 9699 3675 6656 3054 6392 5165 3127 6374 7555 1471 6762 9986 2790 1803 6346 8353 8494 1768 2945 1791 8923 551 2089 182 9153
2395 8673 7147 4457 3615 2477 8750 9951 8976 0 9294 2210 2488 8196 5879 2543 6057 5607 61 238 3436 3730 4618 9859 4844 3898 9571 8016 5137 4769 8848 5717 3130 9534 3587 924 7841 5 4883 9065 7876 198 8699 6309 9234 5970 8310 2179 155 9762 1767 4077 152 6071 214 7682 9863 4461 8489 2653 5105 7797 5960 766 4313 1793 6528 1037 2654 6386 497 4170 1072 7047 6866 2570 5977 3168 4017 5183 943 7774 5311 8141 8502 694 3029 8529 8311 5234 6643 2357 7388 4610 8981 1024 9407 1644 847 714 6823 8291 7960 7912 2194 4086 3358 3923 6418 2585 1673 6662 3287 4348 4063 7786 9156 5878 3591 1070 6834 4367 7067 3626 5581 2706 6914 5654 1072 6126 3995 9092 1686 7439 8668 6896 5988 2094 2065 8884 893 9458 8389 2657 5479 5959 7711 4546 5228 8570 8533 1070 4485 4874 1696 4788 3047 3756 7539 6586 2433 1180 5086 4142 9628 811 3177 9733 3020 8198 6270 8851 2923 9714 7803 6012 4320 1809 9286 3969 8895 3354 232 6924 9312 3719 4721 7699 4626 3047 4461 1181 4924 7521 9090 6758 9673 3256 904 8511
1054 2223 5418 9828 1675 5594 6161 4235 5074 9294 0 1819 4844 4547 5669 7706 7684 6038 7911 6831 5056 4230 7703 2409 1462 3406 7052 5608 8404 5070 4525 3322 3986 2111 568 6213 6623 9660 5661 5505 6369 3891 2744 117 2633 5725 5645 8436 9377 6677 8104 3228 5049 1473 6327 7502 7884 2510 7946 73 2038 4168 3932 2897 5649 6655 2060 4758 4687 6008 2019 3325 3685 4441 7865 3440 2087 7451 9101 9282 2475 3521 5659 2941 1183 3829 4126 4425 6637 9192 1975 2662 9895 9870 5421 4313 5534 1227 1469 7797 7438 9719 4812 9374 2491 672 861 901 4845 3503 3274 2564 7736 2149 9235 9415 6304 1784 2455 4265 9700 7467 296 6958 6893 4670 6498 6961 619 7138 3979 9811 1085 5852 3100 5046 3353 7386 65 1902 9187 1188 6100 1492 8385 8961 8531 439 6453 859 4050 5802 4369 3472 3366 5910 7504 1664 796 8407 9981 4550 1248 2870 1669 4707 4051 1458 9019 4378 4776 2888 3790 7018 7871 9264 7632 8205 7083 1614 9067 1277 5520 1238 1782 5400 8399 2046 9038 2390 6452 4635 4035 8410 5873 6188 7594 9292 3863 5968
2467 8046 8244 9460 6183 6747 9508 2773 4587 2210 1819 0 6608 17 2653 3536 9644 5585 2541 7277 498 5851 7505 5837 8039 1435 2770 2399 5217 1159 2975 5874 6344 6438 562 5441 7287 7747 2272 7216 8627 5 6863 9103 1113 7754 5045 283 9326 8956 9039 6721 5395 8029 4984 592 3305 4047 1386 1671 6857 1246 5255 6638 1572 1613 972 1997 6488 5646 9236 5940 5425 775 2283 1827 2949 1049 7907 8902 6414 704 8553 7169 2576 4126 6405 7830 2078 9309 9558 8922 6328 7307 2953 2073 9002 3864 9350 7156 8079 3401 2960 4196 6108 5603 8089 2422 7620 8005 3335 1673 8428 2027 5562 9467 6635 8570 7407 9872 8768 2892 4767 5245 9942 9419 7689 4762 7799 2655 8353 4499 3711 7270 4186 582 6218 351 7824 1216 1132 2695 8429 7096 8438 4325 2725 3677 2082 2471 5443 4762 3688 401 2731 5944 2261 9583 3317 8374 4852 9174 6651 67 6687 7495 8874 901 3424 1760 2321 8155 5010 1858 6099 4477 7883 9256 259 6511 592 9377 7156 9803 5518 4131 7491 6182 2226 6958 7216 6058 3392 1908 8559 3766 5689 8680 5528 2513
9032 8879 7288 2504 2921 2081 2823 3191 8570 2488 4844 6608 0 184 8193 6729 9183 682 1516 4355 4845 6198 8430 6099 991 5365 5823 4867 9702 7342 2384 8267 2145 7083 2500 9572 6892 6699 2980 5898 9413 9339 9538 1419 3301 6345 4832 339 7952 763 1244 7206 6580 9474 6408 6028 1139 9022 4368 1966 3718 6630 4135 2825 5248 7063 6902 1203 3761 2268 9974 431 3694 4110 7101 8252 4984 4570 8180 5120 6201 3826 2128 1139 2441 4742 8150 962 5060 3936 7747 2049 1926 783 3016 348 9883 7276 8508 3773 3242 115 3494 350 53 4322 9923 4578 5988 2488 35 8840 9706 714 5251 9415 462 68 4884 1813 5948 9606 7451 2939 5852 48 117 1705 9713 829 994 8241 6688 8657 6439 5449 6383 6622 9292 3713 4147 5010 2425 935 633 6250 8458 5396 4665 2086 4811 2376 454 820 806 7021 1095 5296 6435 9228 1568 5789 1000 7532 2713 2367 7718 9777 9937 2859 2709 5126 3563 2418 3195 8869 83 2317 4056 9749 9792 4504 602 5203 1797 8137 2783 3185 5687 1243 1154 37 8141 4990 4461 8409 2398 4064 8720 3798
6837 6118 7623 1871 4481 6316 4569 6630 3660 8196 4547 17 184 0 6371 5678 7123 7777 3861 2855 4109 8653 6752 8629 7004 825 8274 8906 9476 8555 6441 6583 2810 6756 3631 4468 3938 7335 457 5531 2422 3204 6429 2146 7044 8519 9479 6229 6774 4487 6977 9310 1234 2340 8529 3456 823 7237 2184 7666 5870 7896 8392 8601 3382 7100 2821 9082 6816 9486 16 7573 8625 1167 6448 8879 8415 2963 3695 2340 6222 2980 8638 6976 7302 6555 7606 9525 2379 7807 1785 173 9203 903 4866 2189 4839 1459 9424 7525 6374 9356 272 8773 2443 5210 9498 3067 4489 2647 3690 6185 7029 821 3932 9497 4043 7774 4756 1400 9241 4530 9565 3854 8299 6979 1746 3814 2914 3054 3973 77 4773 2375 3326 4112 3504 4579 7434 2314 8511 6594 834 6888 7563 8178 174 1012 4286 5772 2232 617 1208 6785 1695 6140 1564 6966 3863 5507 2244 1254 9988 7803 94 890 9020 885 6355 7014 9717 3633 1468 2616 4168 1727 1864 3805 7426 2162 9630 6216 7160 6557 3418 602 3376 8143 2708 8001 3411 5988 9709 3959 3420 6977 5434 6203 3225 3483
9393 2155 4283 3707 3494 183 8311 591 4796 5879 5669 2653 8193 6371 0 1881 2308 2920 981 2038 4763 8169 7055 8704 1530 774 236 8636 6187 2202 9471 4083 1278 7252 544 9166 5149 6321 518 975 3661 5198 4568 1925 1726 3412 7917 7487 9717 7308 7887 9116 880 1135 2581 8487 1404 9102 7781 5219 853 9391 6074 4828 8960 251 7041 8393 7706 2448 4160 1898 673 5022 3823 5537 2250 4092 9437 2438 3744 3713 8615 3954 4843 5213 747 7431 7000 4875 6656 1180 2083 4027 9297 7343 9910 4804 6050 9521 7803 9261 3230 2097 9256 9322 833 2717 2066 2709 2019 195 474 5983 7075 6701 330 2764 8829 1189 4000 1035 6151 8274 8010 1713 3681 349 7 3178 7293 1762 7081 8878 5815 4192 4880 3804 3972 8954 6180 441 5935 8805 2150 3041 5962 3139 5045 6019 3345 1469 5168 615 9394 4268 8430 8911 258 8979 4882 4 5075 6670 1 7882 1488 8040 6433 9818 1595 1870 872 7310 1484 1034 5743 4769 3135 9666 1938 4515 1831 6926 3889 5372 9226 8493 1021 9268 3439 8990 9178 1065 8139 5158 709 4833 1501 4743
4480 994 6153 3520 6987 1859 6803 1459 8144 2543 7706 3536 6729 5678 1881 0 4946 7788 654 1719 5019 9112 5988 4782 9876 8249 3952 3485 5829 4700 6069 355 789 5289 4404 997 7237 9466 5810 6668 6875 5935 8405 280 8640 840 9692 2636 4088 7614 1593 7341 1818 7425 3417 29 448 7745 8562 3547 7193 8518 8291 72 2449 552 8043 2306 4531 2916 2346 4275 9640 1991 6753 6552 9291 650 9256 7792 4924 6027 2557 3992 9363 4008 8909 217 3979 325 1626 9913 7504 9803 9218 9006 2036 4544 240 120 129 9501 8030 7871 1563 360 2443 4398 566 5015 4249 6003 5590 1380 35 1743 9749 755 4776 3113 1175 439 5109 1771 5909 5849 5081 2240 1532 8103 5376 6856 5593 5374 3080 8882 519 2269 5615 7500 8053 489 6478 4534 7035 6719 1481 8891 7563 5125 6625 6069 8488 7343 554 9145 8122 8148 8993 226 4595 5177 1369 3758 9888 1060 9629 3554 3145 5794 647 595 697 7318 6606 3625 28 8146 8087 4305 6329 7571 4309 6833 6574 5100 1497 1821 3454 8541 2293 7212 3956 481 866 3114 3289 2295 2265 4980
1026 2577 2220 7316 2835 1601 5824 2723 5556 6057 7684 9644 9183 7123 2308 4946 0 9464 9152 354 1600 2448 4037 669 7169 6848 6099 7670 7524 7705 4407 2929 2464 6198 8540 4738 6720 2456 6434 2439 1334 4439 5662 1007 898 5633 9342 8472 4945 3237 6998 5843 2766 2258 6489 1425 2882 8574 9351 5323 9091 8291 8447 2440 1714 5731 4689 8736 8749 5729 4345 3910 5744 5855 4030 6396 3225 668 5743 8192 6176 9857 543 6592 9145 4719 1086 4231 5201 8074 1700 4017 1480 9504 7724 105 9496 9073 9334 2472 1613 765 7692 2854 9626 693 900 4069 4153 5064 202 9595 460 3835 2690 2005 5705 1361 4835 6849 5558 2658 2943 8042 8291 3488 2845 3266 6749 6832 3551 6144 4778 4665 229 647 1561 7751 4476 3779 4983 850 6119 6791 774 5686 7515 2147 6792 1395 9490 8535 5545 7387 5718 6066 7679 8768 2173 4308 687 5506 5374 2429 9352 2491 1937 1530 5613 9765 4880 5436 9810 8779 3992 3030 1025 9644 1218 4415 9864 7685 3858 7874 6189 2212 2420 4737 2202 4258 6303 4328 3288 3361 6106 346 569 4127 4362 635
6658 1118 1805 3950 5799 1706 9375 1155 1424 5607 6038 5585 682 7777 2920 7788 9464 0 2944 9077 2366 7007 5095 9165 8843 5652 3568 82 2579 5790 429 7609 7840 8975 9924 8842 5594 9793 1893 9362 9893 3520 9045 5249 5077 912 9166 8607 6663 6187 1500 692 1995 1634 4678 2315 921 2999 1035 5470 3149 6669 3729 8432 2070 8072 6281 3619 6993 6030 7922 9585 8799 2625 9960 7082 9073 8449 2935 2206 5668 1060 4829 8545 9016 9099 8622 2614 3453 459 8260 3803 4361 1413 1797 5866 5071 5147 9766 2394 6371 4724 6459 5949 9561 9997 7706 6094 1113 7968 332 6035 153 9881 7463 4405 6340 5402 9592 8060 806 3089 7556 9575 4839 4936 940 287 284 1424 9916 6089 1509 8762 4856 5759 537 3433 2820 6846 9649 9181 4279 294 2137 2764 6231 4486 2541 949 1920 6568 279 5036 9897 3347 1558 623 6801 4117 7169 590 6379 4453 9305 1600 7271 4569 4461 2606 2624 7643 7055 177 3219 1436 3120 8876 7228 7564 5431 2015 6928 6603 3237 3210 5818 3875 6578 14 9726 19 2237 4995 7968 7998 25 1686 1859 1652
8496 1504 8672 2339 1230 2875 1332 2633 9166 61 7911 2541 1516 3861 981 654 9152 2944 0 6494 1613 7509 8315 9695 5605 7862 3786 6355 3855 7946 4041 4534 6321 631 6957 751 8521 7295 3067 1292 8897 7412 135 8176 7312 7424 3784 2687 4773 8017 8438 5896 5366 4105 4290 5821 837 2144 5341 5822 2318 3935 8186 8062 5773 7996 2549 4826 3890 7762 8908 1977 767 1263 9490 4864 6294 7751 2623 7859 9682 4042 6195 998 3541 3658 7944 7731 6200 1817 3573 815 6898 2710 9253 5156 1763 4148 818 2081 8708 1096 5721 1598 9316 3752 8258 8609 6483 3691 3944 9328 4144 3122 772 6368 1695 8613 9302 3925 2454 390 4687 9128 9371 9966 6729 69 3817 5678 4000 8372 3394 4786 7612 8934 6789 9949 713 9382 7820 5465 6046 5198 9514 7070 6520 2599 1120 811 7732 2663 6398 7422 1090 1888 780 2926 5864 5786 3105 831 5096 9239 169 5461 1036 5222 9029 4542 4172 9566 1350 2859 1502 8855 3859 5010 5589 1960 9150 4790 824 3500 7243 3140 3017 1225 6213 3788 5200 8219 5202 5027 5733 1702 6188 2706 9392 9710
6372 6453 2200 6091 4101 6628 2302 3169 6183 238 6831 7277 4355 2855 2038 1719 354 9077 6494 0 7141 8042 1727 2842 1801 2142 7298 4767 6755 6637 1635 8571 4517 443 1038 7451 8819 373 9643 5614 4216 9734 6537 4938 7792 598 9661 8018 2425 2246 7670 1220 8950 6755 4281 2846 6435 7643 7287 2643 5066 1395 6055 2383 6192 6420 4008 1972 91 9369 4551 3321 9916 3882 9117 5812 9856 8248 9935 4218 841 7196 3974 3965 7996 1564 5550 6005 3984 9319 2093 9484 6583 9454 7741 7263 6116 6826 9016 4306 7785 3745 6077 1048 5860 8666 2653 2588 1646 98 4660 4210 7534 7928 1631 9294 36 6187 9185 4704 7717 3709 9050 8476 6516 2951 2557 5860 9416 7165 6205 8444 5380 6540 1102 4407 9032 6124 2047 4118 8253 9482 2813 3140 9870 7178 8258 7882 9266 167 6014 6103 2694 2942 7370 3404 9698 3115 2134 2870 4898 6919 7627 8152 7835 6776 8822 333 8563 6252 7468 1116 6469 6016 1262 143 1951 2640 6495 9872 1865 9886 728 9442 8781 6904 3378 4165 9444 3670 6198 7702 1150 7065 6733 6287 3398 6450 4743 9792
5988 3886 3147 155 5546 2707 9885 8922 9405 3436 5056 498 4845 4109 4763 5019 1600 2366 1613 7141 0 5389 4830 6340 9285 8967 244 8035 1999 7413 6366 600 994 8955 6054 1559 9828 4141 815 438 587 139 5995 6417 1436 6995 6689 3093 7530 8398 2231 4917 3443 8738 9775 5716 6295 159 4894 1807 920 7923 211 8500 5701 2022 9859 5528 9334 8122 9002 2583 6658 3475 4446 2712 5672 5868 2886 8257 2809 7623 1441 3683 8616 1587 5445 8469 3383 4759 1916 5216 7443 1864 8881 1260 7625 1924 8581 3223 4809 1937 2929 7360 6498 5865 6368 4368 2556 249 629 7017 5210 1281 3618 5002 6618 6000 6973 2889 9373 9235 9073 2402 2070 7925 1480 1658 2732 7019 9334 1669 4401 2177 5740 7796 1500 4167 2638 5940 8137 5913 8761 1046 5987 2928 8730 6187 3433 5999 7088 5446 1729 524 2657 1429 4545 2425 1263 6742 5912 2454 762 8783 5796 2179 6672 6645 8487 2665 1119 2282 733 7330 2532 852 2967 3603 8310 7486 2257 9114 5684 7616 1487 2767 5248 8918 8025 9770 6554 6492 7041 1875 3573 6318 3050 5548 6039 4738
4467 1656 4532 6961 749 3038 4963 1905 6547 3730 4230 5851 6198 8653 8169 9112 2448 7007 7509 8042 5389 0 6636 3513 8330 7775 1055 1979 8680 743 7363 8051 174 5900 6167 5874 8923 9550 1044 9961 8603 8033 4156 9423 101 3454 8471 526 843 4844 1224 7317 7447 1430 1048 764 6817 7501 4939 3190 7229 8313 3926 7957 8720 5542 5196 3723 2470 759 3514 9050 9575 830 3244 7979 2976 6252 6763 1806 5220 7076 106 9290 3083 1647 8486 828 1573 8710 6056 7632 498 2437 9438 5283 5507 6704 204 3508 8973 8885 4165 6253 4842 2006 7124 9671 5671 9817 4712 1750 2230 1520 6631 7254 9104 7595 1387 6774 714 497 2132 5703 3398 8683 4862 8588 7428 8123 5003 5040 5690 5416 6813 1760 3592 2031 6742 8299 4395 1082 8275 1754 1516 3716 4833 2095 4503 5213 6318 5813 7741 8826 3095 857 5861 173 1270 7043 8118 1425 7591 4286 875 9801 5637 323 9726 4219 4942 9713 5941 3990 757 6039 7682 1505 193 9612 4246 1185 9850 3357 4656 1084 6960 5273 8574 7583 5062 8832 111 2700 1193 6455 2567 1019 5300 9545
4724 218 7301 3822 5183 7118 9052 2155 7504 4618 7703 7505 8430 6752 7055 5988 4037 5095 8315 1727 4830 6636 0 4292 8969 1641 3960 4590 6144 443 4531 5645 4093 7515 1968 1051 1939 6329 1667 7224 2861 7816 4951 5812 5425 1653 8996 2489 3500 8920 3535 1920 5861 1172 5201 9099 2668 2155 4153 3520 2518 6008 9356 5328 3630 6714 4369 1601 2164 2978 999 8604 76 6383 2875 5690 6192 8989 5905 1671 6408 387 4527 5039 182 294 7382 308 7125 9081 308 950 2774 36 507 1066 2796 5341 8146 5217 9797 5845 1687 4646 1654 5480 2369 7227 1302 3848 3982 2039 1230 5331 1218 5910 9726 6270 7706 7981 2635 1520 4552 4067 6320 2387 9463 9905 2015 5165 9368 2815 8385 7139 599 7388 6244 175 6981 3139 7440 1594 8867 4304 1213 5375 4377 3170 8623 8464 9862 5447 753 3282 9119 8836 237 110 3626 8841 1852 8029 4897 2600 1369 9613 5704 8321 5368 3384 768 6015 1511 6186 677 6691 3440 688 9219 9784 7774 3309 4462 1091 4117 9208 5288 6103 7252 6961 9985 8518 4804 4880 6094 6150 9432 9594 1545 1339
5510 3806 9811 8607 8535 7735 8266 6638 3054 9859 2409 5837 6099 8629 8704 4782 669 9165 9695 2842 6340 3513 4292 0 9929 3088 6447 8680 4126 3789 9951 8830 4563 1956 1869 2839 1139 9410 1083 8120 1382 9270 3302 6150 3508 1519 6 7848 9291 4541 7997 1681 5068 1144 1481 9058 386 5778 6556 9019 3449 7200 234 8917 119 4991 6653 9332 9960 8711 7886 6285 1405 5296 1497 8734 6825 8504 5902 418 2647 7262 1525 2843 6488 6185 4663 2244 9494 9380 2233 6115 4212 1987 408 9298 9156 9891 737 1300 4149 3948 2862 7028 4863 5341 5379 3179 8155 5558 1564 607 6873 8109 8805 8953 8541 1049 9663 1082 2038 4439 4542 2080 3655 4747 831 2412 1158 5107 5324 5629 8534 439 350 2292 4129 8856 9606 5233 2933 9021 7598 5480 2534 5113 5086 6677 6201 202 4615 504 6555 3272 1755 4589 9694 1985 796 9467 4498 4681 238 8108 4889 7439 1198 4768 6549 7815 1760 132 3121 6125 217 5000 3626 8494 2787 3365 2583 9039 1695 8071 449 5980 8752 5323 4240 5525 3604 6187 3333 7560 2181 2448 854 3435 2193 3522
8719 7477 7465 389 8512 7820 9033 2925 4219 4844 1462 8039 991 7004 1530 9876 7169 8843 5605 1801 9285 8330 8969 9929 0 6083 2696 6210 1691 4533 5365 4822 8814 4365 2771 3951 1432 4680 3135 8085 7607 1164 6473 633 2233 7918 3344 3407 1919 8331 6310 9437 5012 479 2604 6017 931 8992 9093 1806 2054 9959 1477 9143 9376 3775 5977 6117 7328 2650 6933 7303 2593 907 4067 4258 7904 9041 7039 8396 7577 2755 6316 2969 4010 9742 9697 5924 1532 6392 9639 1674 3325 3746 6448 2786 5886 3923 5164 6201 9264 6350 7349 4062 5137 1642 2662 3857 4695 6151 8560 3622 4032 2881 6603 6869 9 7592 7554 6948 529 4624 9456 639 3413 4156 906 5339 3055 2011 2819 8172 149 3745 2549 5412 7659 5204 4134 1285 5107 2625 5750 1243 7614 1537 7151 2987 9636 2728 253 5701 6242 6098 7753 1903 9942 1464 8540 2795 5536 4774 1386 6214 6474 9551 5290 1829 4162 1963 1371 4069 3732 6169 7340 2735 7950 450 9164 1973 1009 1103 2222 2163 3462 7354 9482 4966 5086 3045 9429 8442 634 1706 8350 60 1736 453 3803 113
4914 8969 9815 5208 8121 3414 1346 4631 9856 3898 3406 1435 5365 825 774 8249 6848 5652 7862 2142 8967 7775 1641 3088 6083 0 2882 875 6008 9084 487 8176 4476 9688 6919 3195 9056 1060 1256 433 936 6891 6134 6973 6613 1176 4776 5072 4517 4797 5844 4164 8343 3502 2533 8788 6801 2032 1360 5625 6515 905 9296 2520 5390 2350 5763 8369 8729 6812 2491 1802 3845 4048 9942 7347 1005 278 9514 7840 3522 9506 601 1687 5391 4837 4890 5325 3919 2016 1110 6465 9269 5991 4021 5530 9781 6994 5485 2117 917 706 8561 6087 1845 8729 2035 1142 3293 404 1373 7857 7808 6827 6522 8070 2799 2451 7718 3677 4402 9103 6685 295 555 2169 5766 1666 1736 7143 4344 8503 902 1035 6046 1196 4085 2851 5963 8477 3841 50 5096 3346 2259 8832 8839 1573 8033 3677 8004 3456 4953 7101 7696 6359 3637 761 7464 5560 9420 5656 502 2433 3269 1915 2064 9358 9230 9620 7000 4277 3322 9902 9401 8597 3508 765 3974 9828 6397 8028 8727 6269 4565 3417 1793 525 48 1527 1139 6379 6057 3220 2108 1378 7341 2989 75 7794
5522 479 5676 1823 2189 7085 3710 7221 6249 9571 7052 2770 5823 8274 236 3952 6099 3568 3786 7298 244 1055 3960 6447 2696 2882 0 4681 4816 3469 5666 6372 9947 6528 5974 3882 6691 2867 6634 4185 4509 7259 7967 827 6340 4908 3208 3799 4413 2574 8017 2227 5253 1498 6536 1761 8418 3654 5070 4185 9645 4215 6215 2061 8318 3673 3014 4162 8626 8056 4185 6174 5565 3832 5569 1624 4537 1094 5103 4316 2584 9170 485 3150 6401 9528 3585 3202 6394 4125 4983 9687 2714 271 1144 4120 2873 2986 8950 3839 9537 8377 214 3972 2278 2240 3617 3452 1243 8233 3401 9787 6141 189 5591 8701 3448 7515 9020 5579 6649 6505 8053 9294 123 6731 1368 6082 7949 506 3611 9081 3935 2644 4497 4089 3414 5480 364 8232 5859 6952 2527 4330 3609 5460 4624 4053 3600 5852 1599 8469 6481 8839 8215 5481 2277 7272 7703 4845 127 8641 4473 2159 2718 1954 5448 4493 6532 1394 8463 8072 9435 623 5428 7154 4753 9344 6448 6078 4502 4067 7985 8300 2641 3417 2958 4568 6278 4928 5577 4897 7113 9363 6900 8271 4633 2132 7451 3842
131 5773 169 7347 8956 2246 2178 2167 8268 8016 5608 2399 4867 8906 8636 3485 7670 82 6355 4767 8035 1979 4590 8680 6210 875 4681 0 7308 6328 8706 4983 4696 1949 59 3877 303 4780 9258 233 1367 8832 8755 6463 5456 5216 3246 9820 995 5248 9981 9450 2566 3181 6395 6970 7906 5533 4254 4401 8836 5899 1430 9622 6578 4281 5893 7352 3385 5701 145 2630 6979 1291 4203 3018 9504 317 6710 7400 2044 664 289 8997 7055 1990 2689 9019 6001 9916 683 222 6627 8569 4497 5345 4844 2502 9738 9584 4485 4918 1147 6300 894 5019 9856 352 9727 9996 2460 2169 3204 303 4901 9781 5063 3887 1726 3163 2026 3505 8273 8174 9108 7515 2208 9150 5479 2566 8516 9561 5240 5759 3068 9918 9726 6354 8383 7512 5311 9750 6918 1923 7764 7963 1994 7963 9506 4909 1835 5222 852 798 735 4357 4687 8569 9544 4734 5538 7371 629 9281 1887 5981 1971 8417 9820 1989 9428 1801 6043 9847 9799 4905 6413 1181 8746 9315 1368 3147 172 4443 8266 132 139 5702 5640 3320 4021 4428 9201 5866 5265 6889 2599 2509 8160 6764
2821 651 9261 6103 8162 7048 2765 5172 6654 5137 8404 5217 9702 9476 6187 5829 7524 2579 3855 6755 1999 8680 6144 4126 1691 6008 4816 7308 0 6255 1844 9325 3537 7091 7153 756 2559 7924 7812 9146 5305 1559 8364 6500 779 9604 2214 4447 6720 3934 2489 3499 6654 7670 9898 7258 6645 1460 4756 3733 9891 9286 1826 5632 8967 7980 8217 1945 5833 6803 9745 1797 4737 4579 8483 1855 2243 4358 1027 4876 6655 7569 8371 87 1110 5624 3699 9780 8735 4632 3329 8569 5679 470 2290 4385 5693 2590 545 5016 3942 6270 2691 8544 3958 3619 2487 3041 9283 5054 8445 6533 4683 8167 284 9029 749 2302 1688 748 6456 322 4231 1764 3308 9883 8416 601 7546 3507 4648 5692 2104 1550 6835 960 1286 3370 5766 6368 8132 4650 4113 9110 1982 8313 2661 2799 4019 3533 2417 8517 5513 816 4328 4176 8412 2266 1252 7716 3429 2880 1652 8787 3586 7025 5577 5541 923 6693 5648 3964 2183 6827 2202 8806 2518 9784 855 6494 8752 4635 434 5747 3340 7163 9491 8739 5508 2086 4964 4719 8253 3248 7568 8198 9161 9116 8713 7064
4728 1309 1572 7998 1683 30 4641 6196 2618 4769 5070 1159 7342 8555 2202 4700 7705 5790 7946 6637 7413 743 443 3789 4533 9084 3469 6328 6255 0 2053 7493 4079 3314 4302 3289 7586 4529 8672 8377 5720 7125 5850 3946 7389 8573 733 5281 7154 4269 5865 5775 6160 3570 7485 7054 3152 8294 5782 2025 8638 7920 4399 713 4670 6796 495 5485 6728 9063 2654 3134 5715 146 5768 5793 6911 6127 2405 7644 5049 2759 7423 2716 5635 7371 7432 842 6448 929 8892 4920 1009 3544 7162 4655 380 2512 6377 1251 4501 5932 668 2435 2511 251 6674 9458 2182 86 8893 1296 2458 7979 4473 7764 2276 664 3560 8502 539 1119 4472 9031 5783 7503 5674 1987 390 761 4911 4059 5296 4445 1499 6343 1477 1826 3016 5350 5634 2932 6455 9391 3794 1203 6763 6516 9664 4708 4569 6412 1613 5860 5089 554 3276 2672 4502 5372 3032 4195 3261 2657 9650 7471 2291 88 442 2272 9492 7008 2035 3763 9777 2766 163 6310 9786 3119 8470 8945 6103 2096 3989 3144 7778 4756 9807 5980 9443 968 150 9044 9269 4577 2443 671 2774 5948
7128 7358 1984 6498 7890 4677 6309 7914 2517 8848 4525 2975 2384 6441 9471 6069 4407 429 4041 1635 6366 7363 4531 9951 5365 487 5666 8706 1844 2053 0 3698 7735 5635 8041 8613 3488 7305 330 4132 350 8113 2117 7006 7693 4677 4249 1488 4660 1997 3459 4367 7267 8545 7325 231 5682 8540 3978 9131 6980 3175 343 277 9838 8372 1416 9350 5276 5195 1 7067 767 4360 1280 2090 9392 4472 1020 3314 6476 2707 8548 8670 2935 5205 9101 5587 3005 9982 8354 8891 4392 7933 2107 5076 660 6919 3021 4305 5434 1250 7981 7569 8798 2261 657 931 5940 5632 9156 107 7420 6029 3664 7398 6009 5131 2739 9965 8854 1841 4892 1388 8717 2798 2420 7656 3964 6660 9280 5271 1593 891 8200 7401 3737 7901 6496 7234 4135 6639 721 53 5038 7502 4997 7215 4825 9054 4400 9518 4996 4210 1165 4883 6731 418 1408 2506 703 1555 5802 959 6815 9995 7 7909 8072 5169 1021 4694 3897 8602 4348 3233 4479 6780 2971 9819 2950 5061 9061 1633 3158 5522 8233 3400 9181 2149 3884 4220 1697 9527 7167 7377 7935 4211 2879 3711
262 7910 5362 5965 8402 4008 7358 1545 6923 5717 3322 5874 8267 6583 4083 355 2929 7609 4534 8571 600 8051 5645 8830 4822 8176 6372 4983 9325 7493 3698 0 6761 2412 3511 9531 1883 7923 1303 7849 8641 3027 8303 7005 2681 2817 7125 9734 2755 1854 3315 4710 6366 6969 2563 9022 2719 359 9926 66 7719 6165 2372 2659 4105 9263 6989 3824 1986 7673 1673 6714 4722 7457 1855 3150 6054 8047 2075 2719 9955 75 5588 4856 5618 1609 6181 168 3132 4305 8096 7073 8974 5393 4973 9355 5020 4933 3774 3713 1860 4298 1789 4579 6028 3807 5593 4183 1755 5260 7093 1447 6960 6167 1046 6226 6781 742 7589 5051 3516 390 8157 8680 2927 8031 7389 5082 5655 3728 6717 3645 6732 6998 8308 9530 9514 3169 6682 3631 6029 3193 2123 2736 4047 9437 3918 3744 6274 4486 2384 463 9985 1201 1792 7338 1197 3066 4347 3605 7572 1204 3801 2709 3151 9316 589 5707 824 7540 6559 2261 3340 7775 1709 2058 576 4058 8158 7244 7083 5930 4281 6288 974 2469 3333 4213 5371 4063 7856 1418 1487 6981 1328 5307 4134 6657 4622 3451
6524 3099 769 5877 9492 7323 8764 1890 445 3130 3986 6344 2145 2810 1278 789 2464 7840 6321 4517 994 174 4093 4563 8814 4476 9947 4696 3537 4079 7735 6761 0 6528 6158 3001 5451 2173 5747 5591 5793 7993 296 7733 4505 7327 1935 9282 227 3052 3797 5345 6710 4771 3025 6378 498 3375 3479 3192 4796 1405 958 4549 1959 1595 9565 3646 5107 2900 1028 4968 2358 7658 1264 4425 6844 4855 1986 3486 1774 3286 3246 8202 5463 8396 4469 3529 7404 4465 9479 8650 2772 4093 3893 1051 131 447 8088 68 7098 8167 2706 9709 6287 8418 5708 3002 762 5476 5705 5056 2779 1364 4947 1149 2037 7802 1406 8399 1169 259 2814 2263 2689 2125 2062 6159 314 2557 1624 5778 8793 8824 5211 8357 4250 2499 7368 8758 4003 6291 1621 7708 5423 3684 1370 6238 3656 1620 9483 82 984 3905 8073 5752 2152 457 6478 6170 1540 8734 7166 1200 8809 1690 1249 7443 9275 6626 4381 7705 7311 4022 3915 455 8870 7531 2245 3795 1851 3295 3759 9843 1556 9910 3100 1424 7665 5802 5275 2625 5530 6318 7054 4334 70 8530 3980 9676
6218 1513 2417 7374 4011 1481 3512 3099 6405 9534 2111 6438 7083 6756 7252 5289 6198 8975 631 443 8955 5900 7515 1956 4365 9688 6528 1949 7091 3314 5635 2412 6528 0 6166 4041 9556 7767 2775 911 6177 7790 934 4488 8252 9054 5238 6295 2640 4131 4091 8271 6632 1140 912 8962 5746 6124 5481 987 3972 2557 1355 5465 8165 2707 3957 3514 6516 4545 6291 4328 766 4425 9619 3802 129 822 2013 9373 3800 9895 222 3441 8612 634 8074 1064 7153 8130 8659 6509 2600 3717 4105 9262 3926 2917 5102 8576 501 5877 1499 7620 1322 8097 9777 7585 7840 355 8722 8707 2736 3437 5236 6142 1316 674 7306 309 7368 1783 8814 6343 1892 9982 4629 2615 1320 782 9503 6108 2465 8130 8869 3631 1059 970 277 637 7906 9053 918 2899 6979 9319 4020 6060 3943 8180 7245 8056 5575 7025 1658 149 4002 8785 4858 6888 547 3888 5082 3128 8401 9835 3047 6763 4980 9475 4847 5620 8241 5466 5362 4499 9876 1142 5158 8606 6954 6667 8471 4465 8315 410 5003 310 5346 1382 6741 6743 9877 3444 6705 740 1047 8031 6168 4605
3731 7026 1246 7949 342 5740 8567 3604 4014 3587 568 562 2500 3631 544 4404 8540 9924 6957 1038 6054 6167 1968 1869 2771 6919 5974 59 7153 4302 8041 3511 6158 6166 0 4809 42 2992 9602 651 7732 8346 265 8163 8136 1008 7358 3946 3328 3245 8202 2120 6224 4131 7868 6772 7905 3783 6294 5009 2157 4736 7503 7650 3319 4576 677 6234 4484 128 2879 222 2974 4670 9296 2726 8360 3446 5109 7223 4034 9301 1360 7652 7417 8363 391 6184 3777 2272 3367 8759 6120 2714 9284 7162 9250 9589 12 9310 1922 532 4232 159 300 5704 6134 5021 4806 1400 868 913 3704 6103 4066 1231 3102 5287 582 7415 3967 3090 4574 3232 8465 3833 9670 6674 1159 224 5538 534 6154 3805 1064 8405 3627 8702 1564 2983 374 6533 5790 4884 7607 7587 9830 5227 9685 1523 669 9699 2518 9027 9437 5724 8828 102 3103 1727 2110 5650 6160 5527 1135 4091 8850 3988 2036 2587 124 7656 5500 7354 8977 359 9795 1106 7385 9357 7514 4422 6984 3181 5280 2901 4097 3707 8790 5839 4699 5948 3644 7185 8559 4511 5045 8751 1958 9776
7969 7805 4640 6788 6232 8314 9151 1132 4908 924 6213 5441 9572 4468 9166 997 4738 8842 751 7451 1559 5874 1051 2839 3951 3195 3882 3877 756 3289 8613 9531 3001 4041 4809 0 8458 2028 2340 5732 5414 4795 9360 9707 3357 7852 1796 2312 8271 3438 1675 5747 9605 9760 8898 7788 1346 7922 3393 7311 4848 975 1623 4721 3056 8835 2500 6486 8527 9936 3366 2069 8967 9819 2506 1157 2434 5424 9113 2762 2107 3536 3959 2260 9930 1783 645 1896 5740 9713 4368 5137 6887 9251 9215 964 3273 2245 9162 4702 8368 2632 8838 2152 8434 7338 1832 2538 2250 6174 126 7355 8799 3659 3035 7463 2756 1322 7420 632 9365 7085 9181 2164 4836 166 9226 3770 6600 2576 9744 3903 1697 6617 7123 7520 2137 7511 3347 2440 9441 5642 2921 1688 985 2982 5880 7792 4402 4400 4011 5314 5914 2385 5588 7618 229 8155 1812 5484 5820 7808 6335 8200 5889 3972 8990 3235 2186 1075 7185 8342 9295 4639 4975 4343 3088 894 3199 9396 8297 7466 9132 9329 4814 1144 2495 3464 4553 3522 8801 9265 5464 4585 9944 4240 7104 580 7054 528
7071 6309 3214 9571 2689 285 3920 5720 3223 7841 6623 7287 6892 3938 5149 7237 6720 5594 8521 8819 9828 8923 1939 1139 1432 9056 6691 303 2559 7586 3488 1883 5451 9556 42 8458 0 590 3209 8031 5745 8227 8272 9374 5990 2157 8326 6264 383 7291 1106 8839 753 9066 4820 9537 8135 3025 7392 5681 6590 9839 7957 4765 6850 6792 6188 3363 6822 4843 846 3621 2746 8004 2071 1916 5199 9561 1971 8806 6525 2199 5991 8199 1038 9707 1420 9540 636 1795 3393 5166 5371 969 414 4505 1829 1946 830 9384 2770 1167 378 737 5090 2959 8717 5025 3040 1066 8159 2091 3507 945 1262 8102 9264 752 5859 9392 2798 2108 8349 6799 4455 2242 2086 9374 6412 4336 5304 1928 7442 8641 9510 1290 8424 4586 6814 1875 5116 4766 9625 2505 8977 3115 6384 6563 9403 9538 1743 4317 6117 4802 3345 7577 945 4758 3892 5438 183 1820 2894 5046 2675 7562 8590 6412 2439 4556 8272 2854 5710 3047 1730 502 5130 9129 2227 3230 6212 1444 8950 7282 2638 9468 8789 6744 9625 4191 2175 2719 3185 2656 2552 2905 5228 5980 3114 4773
7466 9068 3239 2313 3583 826 5793 280 8889 5 9660 7747 6699 7335 6321 9466 2456 9793 7295 373 4141 9550 6329 9410 4680 1060 2867 4780 7924 4529 7305 7923 2173 7767 2992 2028 590 0 6672 7543 4607 3638 18 4147 9688 6605 431 2005 5929 4071 5106 2308 9133 7427 5484 9921 6190 114 2398 1486 4302 4014 5246 5786 7013 4019 7662 9523 9474 2716 7320 6572 4093 6678 4447 7153 3496 9614 9912 1100 8583 3917 8579 3753 2761 5386 3310 9155 2053 86 5325 8170 2900 5126 9800 7583 9799 959 2871 5559 5492 6904 4704 2220 8193 6845 5055 3798 8719 2326 5812 9069 8813 1718 1240 1709 4587 7158 5895 4157 5203 7307 859 8446 5169 3025 4370 3237 100 1104 9965 1182 3033 7710 506 9400 9687 9479 2995 1695 7575 6134 2005 4799 3772 4803 4226 4982 4203 9059 2230 4104 181 3434 6353 787 4781 3740 9863 1191 6475 8725 8374 5802 4951 9934 7293 8990 5656 3609 5815 9625 9694 9376 1671 2878 4514 523 1051 9350 6620 2084 926 8274 8013 4012 8878 8779 2635 464 1047 4419 1971 3268 312 515 9192 3149 9900 6782
3708 7497 1018 2490 3787 2079 8336 7205 3769 4883 5661 2272 2980 457 518 5810 6434 1893 3067 9643 815 1044 1667 1083 3135 1256 6634 9258 7812 8672 330 1303 5747 2775 9602 2340 3209 6672 0 3686 4573 656 3439 5569 9189 3180 2961 4555 179 2025 1249 6234 7222 4462 1801 117 7117 3024 3205 9944 4739 2871 3923 3219 2561 1518 5102 6205 5815 9054 6615 7984 9787 1557 295 8669 2448 9888 8737 5944 9682 3978 1382 7471 2244 3864 6586 2033 968 3060 8728 6924 9588 3797 6380 8873 3443 5277 9841 3251 4582 9462 6284 2232 5233 6664 4582 1063 2026 8695 9125 6515 8314 2381 2317 2101 8912 7022 3337 1700 7909 4320 8710 5015 5387 3274 3239 2165 356 1490 323 6899 9027 8664 5924 7157 4298 145 1443 8154 2971 9717 5144 1565 7612 9900 9247 2881 9273 9712 6012 9996 4923 6306 6950 1770 4550 439 9304 3197 3665 1346 5570 2418 3949 7880 9599 1288 923 4891 8119 3446 1809 9825 1471 2124 9559 3323 8694 9077 7393 6974 2799 283 4391 5857 3066 6888 9312 4532 5337 5082 7384 9860 2530 6398 9951 2413 513 3217
9293 1811 1550 6758 6340 7448 8278 4578 5485 9065 5505 7216 5898 5531 975 6668 2439 9362 1292 5614 438 9961 7224 8120 8085 433 4185 233 9146 8377 4132 7849 5591 911 651 5732 8031 7543 3686 0 8686 7562 4720 3708 8102 6517 6195 2026 2564 3026 1618 3039 653 7156 1919 8854 7345 7454 5181 6749 8873 9086 9838 4149 7530 7528 2523 5568 4781 5401 7905 2461 609 4744 7281 3405 7924 5520 7006 2158 4425 7333 3203 3789 7189 6478 571 4318 7827 7967 9731 2943 6882 5756 1197 4044 9900 4749 316 8598 8355 8595 6439 154 6679 7713 824 6612 4068 7666 319 1654 4132 2266 9231 3065 2002 8395 2387 603 8606 3007 4712 6900 3550 1545 3510 8015 319 5747 1877 5208 1008 4812 3440 6101 4278 5877 5244 2521 9132 4469 9879 6629 3398 7296 1790 2748 5789 2632 4836 3837 9703 1775 3067 2169 6299 7991 4837 8835 2371 7001 2337 7537 6691 6578 8543 6976 971 4258 8798 9283 8861 7096 8506 4227 68 3611 4848 2143 4831 2222 7548 1274 331 1701 5334 4758 2666 3465 2187 5436 9837 7188 4717 6794 6499 3379 7142 4231
