300
0 7455 9498 8378 7567 502 4932 7584 9548 4740 3956 5237 684 4826 991 4457 9813 4126 761 7061 4159 3716 6619 1907 7943 3187 8826 5152 5361 9181 9843 5749 3989 6416 7424 8419 9619 7616 5100 8045 4378 5167 4388 6311 8852 5080 9803 6323 8922 2371 2704 3242 521 2163 3808 5450 5891 4393 7560 347 7220 6993 6071 7649 3108 90 7719 6658 7157 1682 1127 1086 3784 442 4917 5971 4459 3745 3543 2850 5855 5755 9683 6414 5775 5276 6838 447 240 181 2160 1767 5266 1001 3644 3722 6039 7064 6472 9009 5861 5253 8944 7384 9019 7207 6706 750 8045 5422 3112 2136 3379 5959 8433 7950 9597 9590 5725 9509 9588 6136 4131 2496 3115 5008 7853 9639 3083 9485 7404 6912 2009 9771 6963 684 3224 9043 6692 3610 3252 2682 6283 5517 9646 1610 3786 7163 1516 243 3291 594 8521 4313 409 3667 3026 6357 233 2195 2565 1895 2695 6763 9960 5320 6572 7303 8326 6417 3243 9620 1498 8674 5598 2326 2202 5250 6019 5422 8530 1605 9571 4844 6261 8001 8870 7181 4871 762 5899 4776 5550 9294 7249 2633 4740 7548 419 5872 4256 3069 9428 5144 6141 9491 6759 8985 5649 990 3100 3483 5643 3820 688 3336 2702 8185 8275 559 8722 2876 5391 6538 5880 4617 6950 9645 8273 439 6448 2340 6285 6808 4183 1580 9046 7664 2569 4871 2260 3312 5462 4067 5038 5189 6847 7786 4543 6826 320 3015 3918 9539 2179 9747 7210 9099 8900 7261 339 5389 193 596 6642 8614 6564 1260 4939 6530 8850 9719 2145 1548 2954 7091 4592 3234 1614 6754 3805 2524 9567 6362 8215 9923 7239 4505 8093 6324 1868 3263 3832 383 2878 6453 1223 2309 1792 5698
7455 0 6420 1721 6470 2098 5014 5184 6083 7113 451 790 5678 4287 5516 1921 8738 3046 1552 377 6651 3379 9031 8546 8424 9941 8269 5764 3095 8281 9929 869 1484 1904 1872 2390 3800 7717 9785 3939 8603 6812 3433 2053 5208 2360 3572 4538 1563 297 9757 7843 7140 905 1467 974 8778 6791 9343 345 1039 5479 6791 9863 4589 4867 8336 8560 2843 9121 5786 9897 8910 3869 7924 8592 4912 3099 8239 2177 2938 5621 3436 6857 5037 8250 2233 2171 1002 6093 8431 5853 9561 4563 5446 1153 6338 5538 6473 242 3479 6650 4436 5297 1636 5790 1026 6782 3138 5574 604 9875 2982 8890 6173 2286 8991 9172 4386 4383 7880 9954 2788 9574 6080 3912 6010 7130 5690 4841 1811 2235 2886 6029 8479 8055 9222 4376 106 6592 9972 8094 8932 7748 9196 8396 4875 9255 6198 7787 9830 7392 8749 2871 3774 5953 5822 1134 9609 3274 3076 6884 9210 2496 9788 9568 8300 8110 580 9214 1473 113 9946 2156 3285 3446 1223 3429 220 9252 6753 8594 1661 9791 8619 193 2636 2057 666 5466 5619 5178 7523 1432 1818 6075 6638 5024 251 3974 7296 3233 5147 814 8227 1581 1218 4873 8680 2318 3113 4110 9869 6164 7332 1256 8629 2696 6199 741 4845 7415 8722 8993 4759 4422 1819 1860 2332 1488 336 6910 6461 7900 7828 5443 781 7758 8922 635 5443 2872 9227 2899 9993 7073 5549 7751 3286 682 8977 2306 2845 1182 2372 5483 1704 2473 4758 5896 1070 7036 2598 9436 690 4421 4416 1069 3247 9568 5911 3847 795 7112 8773 4243 2088 9793 3819 3574 4919 3696 5200 1391 6976 1756 8517 913 2959 5835 8970 6371 2840 1037 8370 9917 919 8942 2675 4326
9498 6420 0 2175 6740 842 1530 546 7781 697 1445 6480 9058 7895 4879 3295 6686 8115 5459 1851 899 9311 9676 99 7415 7127 3988 5053 6140 5006 6263 1328 4018 7 2749 7666 5586 5325 2156 5131 4452 357 420 9780 8384 1493 6705 1273 3098 5250 5013 6899 7012 2825 282 9416 9925 357 3090 4322 9537 7602 6201 5600 355 1882 7801 6950 8230 8625 5154 5217 8203 2385 3375 7781 3320 5121 1245 3006 8998 3193 944 6794 1246 7999 523 7162 5813 2615 496 2545 855 2737 2182 2565 6507 5516 6063 3960 4767 6588 6471 9637 8577 9968 1356 8261 5682 5567 7332 7118 3320 6604 9539 5806 8567 3044 7168 6506 8188 7737 1032 7688 6856 9930 958 7436 8408 1836 3782 3195 288 8132 1248 3069 7978 2803 658 8204 8562 2351 2880 6657 6368 9057 6769 6473 3459 310 4884 6343 9099 8875 4091 3087 2428 8865 8567 1363 2851 9718 7484 877 890 8064 7401 5115 4815 8877 2466 5353 9654 6580 2183 1884 89 3298 7278 832 2565 7974 110 1614 5775 3122 8568 5516 8238 2580 2738 7656 6819 7534 9564 7881 5388 4265 4631 6670 7494 6934 66 7976 7634 6585 4870 2980 8479 5440 214 9249 2033 3987 7878 8092 8116 7931 4865 8028 3643 5531 5939 255 6681 6386 8098 3505 7369 4985 5778 2546 470 7486 8046 9149 7093 4975 358 7438 1671 9864 809 8265 2795 2515 8741 5411 5486 6141 5355 4994 6476 5987 672 2956 3584 5250 5438 4712 5950 8515 5772 7299 2047 7678 1856 4773 1664 9661 20 9854 2591 4665 2122 1537 6219 8429 2447 2943 9051 6523 3242 2223 8133 1713 7174 39 6705 6234 3153 383 5799 1013 8240 242 2936 1859 1791 5099
8378 1721 2175 0 5437 5941 5466 2796 2192 4729 8175 4142 5018 8260 1776 1537 963 5605 9463 115 1470 414 4499 4489 1740 4681 1741 9543 7464 7943 4870 8676 5756 6158 7850 6472 2796 7489 7007 56 8272 9228 8006 3737 8600 7348 139 6476 4708 4166 2840 7499 6942 4020 9695 2426 5988 5571 3472 6660 9489 8552 5698 104 3874 7319 9426 4060 3203 7747 7797 9022 3529 6622 4780 3018 6902 954 9070 810 3727 9765 9296 6583 7802 5879 655 3793 3165 5264 3907 6114 1528 7810 4102 955 3241 8778 5539 20 939 7321 6373 3428 8286 6694 9929 1254 2955 5948 9099 4405 9473 326 2786 1815 3664 1271 3565 7718 4683 6209 4349 2062 9739 7670 8706 181 9066 3674 3220 7100 9574 2102 4915 3646 5275 5608 1928 9049 2215 8351 2283 4622 5170 5880 1079 917 672 2866 3900 9367 7014 2770 195 1207 7864 763 8219 2928 338 7374 5689 518 9525 9178 9918 9663 6637 5347 6166 5384 3536 286 1273 2038 6691 1788 8780 6823 9197 3958 2282 2449 2784 9625 3471 7169 2721 1076 3149 1430 4880 7244 9718 9811 6673 5015 1462 3340 3382 5047 8567 1309 4867 3126 2698 3788 1522 9969 7442 8205 995 326 3173 6569 3305 4859 1338 3782 7683 1918 3074 9434 2060 9998 3536 6333 1064 5150 8947 7776 1139 6669 736 3045 3233 1422 282 2384 4301 500 7461 4182 3700 4064 8273 1165 1939 2406 1287 1472 9950 152 5874 8694 6663 8547 9771 7812 2435 7066 7182 1417 4497 2079 775 9699 5320 2495 5950 5174 7805 145 9430 7273 1997 6202 8481 6147 9951 3627 5420 7409 2376 1906 6042 7789 3348 3490 4811 6098 2930 4970 624 9321 758 877 3250 366
7567 6470 6740 5437 0 4668 9731 7247 8393 9458 8232 578 6927 1291 6801 286 6144 7141 2524 9460 3939 7696 183 2187 9080 9962 9675 4607 7638 6136 6723 8245 7791 7107 2808 883 4124 337 7799 5687 8209 8509 4337 8331 1559 8538 3778 9821 4672 9074 8973 7601 670 2901 287 2114 1371 4323 1462 9371 727 5443 221 4855 6100 2896 8666 7263 3900 8308 5025 967 3272 186 3180 5443 8027 9571 594 6712 4822 1990 9320 4785 2462 951 2605 2971 9034 1066 9530 1722 4113 9918 4190 1830 1098 1594 2155 5372 9597 9003 4188 3703 9323 192 2368 5641 4760 4662 5616 2841 2915 155 8898 1915 1449 7475 2122 9508 7589 3704 2828 3068 8184 5040 213 6966 3050 9377 9420 5987 96 6851 5459 1840 7140 3159 965 3704 8223 4504 5683 4830 5770 7167 36 1483 3553 2492 7690 3273 9120 9539 2730 2626 5387 7399 8167 915 5330 8158 4518 7837 3706 395 5070 2326 8919 8763 2303 6885 5378 6870 8929 7925 828 8231 2845 2552 5572 4151 2603 657 7899 1761 3259 148 5619 4144 3060 2094 4817 9685 746 1300 3122 2843 5928 5541 5560 3707 5808 2678 4234 9934 3526 6638 968 2994 142 6445 3454 6768 4573 7940 1719 8016 339 5720 7628 2031 6558 2365 5523 5661 9735 367 7675 9802 5513 6997 7700 383 6748 2185 231 866 6179 8195 9248 3441 654 6454 6823 2240 897 6852 1533 1467 9744 296 7513 3312 8075 3000 9826 4885 7491 5140 3601 3638 70 5217 562 9105 9255 6950 6410 3844 7545 6353 5793 343 5195 4697 8349 8799 5119 8966 8675 2350 3555 2861 3306 2856 2637 9241 1039 6887 2331 9535 2587 8269 3328 361 4720 1549 6256 5630
502 2098 842 5941 4668 0 9962 1808 8544 1007 61 2323 6454 8045 3304 3688 9537 829 6334 8598 2720 9946 8461 7411 3834 3160 6977 8087 4339 4576 8160 7485 5315 1363 2481 4778 3416 5185 7112 2718 4675 5736 1364 3480 8168 9516 7330 8500 2442 8878 1301 7535 1856 5680 9382 4536 4895 1465 6170 3454 7048 2061 8742 5069 4055 4771 2358 7661 3010 1416 5369 8137 7409 9258 496 2982 612 8370 9491 7744 206 9139 8906 6980 210 9415 4256 6848 8418 6106 6188 3075 6821 8012 5331 7315 4647 2921 8028 7157 6813 4049 2403 9397 6885 4888 8163 4336 3250 682 5840 1656 3508 3487 6490 2122 9506 3573 2680 5683 2018 2370 5533 7052 3797 591 4608 7557 9326 4245 8334 8446 4945 5369 5175 6840 2062 7850 8187 3165 9485 765 5400 4722 6776 6399 481 900 1636 6292 7554 1056 6866 7142 3675 5393 6809 4420 4332 3770 9247 7743 9433 5277 1660 3879 517 3316 3334 2081 5550 253 2280 698 6042 4034 4711 9925 9211 3412 8199 6574 9714 6292 6538 6489 936 3087 5910 3767 9441 1398 5111 3006 9468 8019 1874 3572 4901 8527 9473 6814 6909 3330 2203 3006 6423 6015 4313 1542 4158 5575 1780 1230 3676 3839 509 2541 8624 9400 3966 2796 8553 9548 3394 6289 8295 8435 6761 3188 9152 423 6864 9423 8127 8582 1738 4636 2111 9304 2268 1170 3354 4476 7194 8105 3769 9986 8973 3103 1420 5562 9720 6234 2319 8593 903 8074 7569 8061 1161 1706 2988 4287 44 7004 3181 6282 6080 1212 2667 7961 2404 6856 8091 8343 2684 1870 837 8977 9396 8606 5654 9459 1117 9093 7793 7595 2711 7952 8845 5034 9377 3392 5091 7777 7338 9469 6286 4245
4932 5014 1530 5466 9731 9962 0 8258 8279 2500 5916 5529 3483 1500 1883 6763 8123 5272 1654 2409 6960 6987 2692 4183 3777 8160 388 3849 9202 2951 8003 2908 3129 6393 9464 199 264 4416 3488 3687 3271 4276 8351 7887 3010 9022 6894 8781 7422 3571 1058 4778 1512 588 7202 2326 7323 3858 2753 3571 298 7429 5453 5965 8528 9756 8147 2193 7792 960 5569 8195 2279 8978 4073 1042 8328 83 5322 2635 2484 2996 9755 4496 1525 3013 7111 3645 2239 9324 3941 9431 1543 2972 7171 8984 8243 9578 5539 1420 2284 828 6831 9201 1387 1200 3429 2272 2047 7786 2762 8732 5479 998 3099 5608 6058 8541 8537 1859 3722 6054 16 7455 254 8658 3347 7384 7713 1744 5012 8415 5526 924 9756 6936 4119 2923 371 7099 603 9617 3469 8448 9035 4968 6125 7158 1197 344 7683 7137 6141 5308 7836 5452 1642 6211 5507 7456 3139 9016 7404 5469 9853 1187 436 5384 4361 5336 7438 2838 1414 1891 5454 2931 6319 8579 9655 7900 2862 1218 4402 7943 7009 8314 7000 2546 7886 5520 2739 583 6005 5920 285 9910 9872 799 5159 9115 8438 2732 1811 1782 6903 6703 1668 521 349 1090 3789 489 4992 6480 1953 8087 7293 7936 1479 2872 331 3880 6368 6085 1574 5838 7308 4207 8706 8694 6186 1731 6958 6484 2690 4772 6472 4584 3468 4733 9939 2425 5644 5777 4355 7000 2911 6362 5737 7305 1505 3885 6631 9982 6303 9741 2279 668 4025 3636 209 5455 7332 1968 7465 4589 8378 1832 5786 2688 6535 4659 9331 8980 7431 3541 7869 4404 2378 8567 9856 5759 2578 7916 3238 1493 2239 646 5475 2064 37 5032 9524 8354 6174 9201 4939 8429 8438 4576
7584 5184 546 2796 7247 1808 8258 0 6811 9196 8416 6015 996 8358 2239 7471 9676 8172 4868 6142 6596 4930 5773 6518 9603 5262 3213 6524 678 7223 5263 1030 9300 3567 8686 3053 1467 3139 1079 9349 6832 392 1097 1287 3529 8991 5575 8767 5941 1375 8367 5523 1956 4469 5034 8088 7512 2634 6009 8912 4882 4297 4992 939 1442 7708 7557 1110 9285 4388 1014 9979 5382 7477 6209 4660 9114 3263 7165 2965 2082 8028 1846 3194 2141 8154 3669 7178 9657 6356 5418 2747 6537 6125 6477 5513 6543 3524 8848 7745 6824 3961 5524 3697 6737 8150 4225 165 4807 5906 4340 5013 4517 8975 2307 6088 3925 8150 3008 5646 9837 9016 6680 126 8424 626 5109 365 4952 616 11 5593 44 5547 5585 2420 5545 9577 9267 5035 6557 7795 7212 812 360 6982 7286 2101 6108 8856 1489 9775 9230 3429 286 5982 2826 1792 2572 9708 5106 5136 4079 1255 3039 117 7334 1494 5704 9873 8887 5074 4616 2261 4806 4854 8785 1526 4974 4169 2318 1404 499 3172 6964 8213 2052 4759 5979 9800 8463 9169 8443 8102 5179 5753 4396 3404 7984 3599 8907 8066 7231 2427 1587 9927 580 9860 4230 3779 9819 9528 7912 9674 9269 3357 8557 7369 1912 5077 6063 700 1757 3222 9601 5141 2145 1420 8869 2917 307 9060 4556 8586 1188 1309 8788 925 2428 7066 6910 8116 48 6535 5080 1570 1781 68 8459 7502 1681 2157 7018 682 4706 8461 3984 3923 7204 9775 9213 9905 8407 7749 6053 6355 3685 7469 5963 297 3822 4312 6042 9434 5819 3461 8237 5026 1327 9473 8954 9623 803 6699 4153 7662 7388 2337 3499 3569 8910 3461 8016 5640 3489 3448 2506 4079 5126 5261
9548 6083 7781 2192 8393 8544 8279 6811 0 9393 8481 1875 3021 3690 8218 2521 7941 8986 2366 8203 3771 8955 7092 8703 9040 6951 5111 3207 9532 1641 5635 1321 6177 1831 7575 6826 2681 7248 2511 2459 8244 3138 2790 7741 587 7756 7928 5104 5382 7449 7499 9332 5619 5549 7780 3885 5794 9344 2999 1091 8360 8032 9740 6666 6234 6540 5322 2443 6543 7423 7279 7677 7702 179 6133 1492 8995 8524 8711 9460 2480 2863 4204 6279 9584 6052 1829 4424 289 1247 7675 4145 4574 3502 1400 4853 4504 1387 362 3011 5036 7916 1837 9693 2288 707 194 2240 4033 9668 9421 7133 4420 3367 2421 8900 6722 863 6244 3628 8895 3178 747 8352 2256 901 3368 6719 6853 6961 9358 2787 7913 1268 5780 6337 1472 5240 3101 168 6552 1081 3706 1305 8373 2553 5047 3709 2304 3335 3488 1594 8728 6700 7653 3821 5833 3315 1791 8495 5433 1890 2039 5387 6458 5827 8878 7073 3357 7967 7128 8450 9833 8157 8930 3406 1947 7079 4571 7150 3415 7994 7318 9052 4860 6827 8071 8651 4756 2545 3500 7966 2297 5662 2931 6990 8300 9942 9424 9266 956 4763 684 4060 1557 8913 3200 7397 1269 1262 4287 7134 3487 8467 4617 7304 7512 4335 4511 8536 4516 5656 5265 698 5556 4382 9913 2892 2401 1017 3461 4817 8457 1658 4011 1567 2387 1416 4281 5743 3201 32 4463 2812 7469 4516 9765 1412 3554 4967 3777 9078 3275 2950 1864 8205 9440 9148 8036 1736 3669 807 7355 4161 1986 7741 2829 550 8178 2332 1779 9634 3854 3767 5175 5408 9171 8844 5114 4652 7029 3811 152 2376 7856 110 3067 9454 8439 9926 2367 4029 7164 353 2450 309 9675 5918 1520 2211
4740 7113 697 4729 9458 1007 2500 9196 9393 0 540 5906 6576 3801 933 1905 976 1074 3068 3256 7954 1945 6704 7797 5500 3838 6578 453 1436 7467 22 4618 251 710 5142 7892 353 214 9798 6901 5373 4344 3840 202 1784 3342 9395 2959 125 6999 3962 602 8201 1774 9287 7797 1629 8348 8393 3453 9557 6590 9179 4679 3072 1981 7784 8208 59 2871 8746 4345 7302 9985 2863 8258 4132 504 9123 2470 9336 6461 3847 4800 2874 9456 7102 7461 4117 9704 3219 1064 2259 9669 2780 8161 5920 1605 7294 9040 2643 2086 6059 2883 7850 4756 6438 7848 8209 9962 8652 2399 1331 7393 147 9383 8948 133 1197 7742 6695 4445 9433 991 1006 1022 3656 5912 8970 9043 1722 6606 8825 5834 4750 464 2889 5119 2891 9302 9637 7522 3865 8557 9738 4636 9617 4844 459 851 4142 6575 7656 2934 7988 433 7824 3772 8716 7188 5847 6351 408 3202 954 7721 1482 9028 1693 5361 9985 4595 6253 2178 3449 4353 10000 3294 2725 9722 1429 9109 4846 5700 4665 6491 9653 4651 2202 6121 6857 3571 9735 6859 3427 1774 3223 1923 940 8611 6443 1444 6638 7500 8467 5096 9739 6661 3221 3574 2778 9478 9200 6409 6735 2199 9035 8872 1127 5215 6186 5115 2568 2137 4810 9352 4983 1775 1679 6710 7073 709 6615 1806 727 8096 3443 618 8300 1711 1649 1515 3621 2997 5187 9450 9846 7066 8308 6051 4437 9804 6595 825 165 9233 95 9994 7685 1486 5153 5022 2994 4410 7436 9527 315 674 2730 7109 7026 6641 2484 5357 6684 7035 1591 8008 7023 1513 3004 7937 3717 1044 3075 2517 6879 8243 7435 3001 2276 9835 7598 4365 2035 966 8958 403 9487 2193
3956 451 1445 8175 8232 61 5916 8416 8481 540 0 6557 2421 3001 2440 3553 6684 1664 7739 7413 8847 9212 1786 1972 1439 2243 9950 1167 9868 6197 2996 4892 9939 7894 5877 2787 2095 2766 8604 4417 9672 9853 6663 7218 3716 2469 9430 9510 3863 4183 9681 7996 8715 5305 2579 6857 386 8012 5891 4407 2647 9150 4417 2377 1700 8819 4547 7604 8398 9896 523 6812 6436 2804 5425 361 4535 9199 1242 9406 8813 3058 8977 8725 8685 2934 4871 5241 3531 552 202 4250 862 8674 492 1678 3406 2648 9530 7340 4816 622 5450 5145 6667 5120 3030 1257 8896 9248 3956 5151 451 9775 199 8899 7579 2065 2095 5496 8381 5922 6673 3227 6872 6298 2732 4537 1204 6047 9408 5193 4514 7594 2748 1560 8484 5309 7008 5057 6142 103 1102 6595 3872 6951 3891 8068 1020 194 6114 2060 5935 1073 3066 2589 3531 2171 6152 3665 9934 2562 7653 8207 710 6097 4916 2457 571 4769 5958 4319 732 4430 2627 4370 847 2303 435 6927 6150 497 956 6437 30 3686 889 2917 3872 9576 3269 6650 1429 7165 1979 2336 3051 8857 5911 4969 889 371 73 3220 4504 9376 6843 2554 121 7927 6457 8267 9610 1785 179 3738 1479 5726 7259 5616 536 8882 2653 7225 9450 2536 1010 1656 8074 5283 9717 3671 8422 4921 5533 131 5653 3546 6268 4576 81 8346 314 2855 3626 2474 6554 2290 5981 5475 632 4670 4245 4611 856 6641 2176 197 2338 1962 6777 987 99 9334 4237 9386 1346 7038 23 6550 2290 1547 6119 4127 3725 1593 8681 109 2013 3380 1004 4221 7614 179 4778 7179 8242 831 9744 3557 3612 3693 5428 5282 5218 1798 2169 9958 527 7064
5237 790 6480 4142 578 2323 5529 6015 1875 5906 6557 0 8430 657 6940 7849 7163 8375 7999 8219 1103 6489 6222 7877 7257 1231 9826 6003 7503 1365 7091 4537 1139 2195 2014 7968 5400 6134 2073 3368 5103 7092 6987 1713 6596 7955 7818 4546 9420 7858 4955 8986 3542 3077 9060 6177 9437 9616 1075 1257 7125 902 2495 1095 3958 3027 4654 5515 5512 3801 7769 2069 9297 9202 5396 5156 3039 2965 8760 1413 246 514 6966 5522 961 8471 7388 9111 4026 6858 8406 3388 321 4353 9164 4496 4341 4462 2285 2737 2664 9805 4807 3477 1364 646 3464 4173 5485 407 3629 1968 6930 39 5976 6301 7077 6820 7092 1651 5451 7838 7746 5763 3356 3676 1779 5594 1653 7895 3667 2849 973 7011 3254 8597 1365 5843 793 3760 6580 5680 6216 7630 4805 9509 5158 3878 4693 5046 4702 2991 2609 6173 4715 1667 6379 2268 9234 4735 5342 4871 7960 4250 4570 142 8722 1988 1420 3157 8581 1440 2860 3723 5510 4728 6433 9499 9538 3420 5881 2213 9636 5239 7192 2456 3042 9107 3158 8038 4117 6329 8310 1071 8437 1839 7016 6482 4959 4164 2755 4916 6628 2052 5098 6645 1786 3188 7794 8051 4806 4140 9100 2398 5360 1244 559 2316 3957 3940 6211 8762 6842 4494 790 6724 6827 8185 3238 7718 348 5074 9860 7144 1896 9943 2463 1037 4694 1900 3208 5307 4404 4826 1173 8648 9158 7949 3626 9679 8585 4822 6070 9106 9243 5739 9095 5769 2848 9496 8900 1999 5075 2363 1197 2777 1385 8524 9465 1479 3097 8575 7991 6255 5738 3800 6795 9274 806 719 5165 4867 3300 7306 7972 5187 6352 7373 6668 6837 2118 7562 9341 6318 7490 6281 9049 2234 8887 9446
684 5678 9058 5018 6927 6454 3483 996 3021 6576 2421 8430 0 4827 6534 6619 1916 6423 2714 4412 6056 4095 990 9944 8183 4793 989 2393 6621 1076 789 1472 7321 4931 351 2343 8669 6049 8684 8022 9503 641 4221 6046 5033 7813 2794 9855 7560 5266 6817 9298 6042 6466 812 7139 4848 2856 7980 130 8987 2154 1724 9880 6827 922 5651 6039 8118 1157 6789 5049 9461 1408 2247 686 2372 1797 7322 4174 5095 8666 2550 5326 7519 7252 5546 7432 9685 1645 974 2512 6458 3258 4985 4550 6036 8973 7145 3108 944 5506 4859 4095 928 2283 9325 3780 8148 6232 9235 5652 9721 1516 994 7200 7461 6005 9008 3160 347 3813 9981 4972 7074 4645 5124 7808 2031 4762 1929 606 406 292 9869 2339 9256 9177 6069 1029 6034 2224 488 9407 4948 397 5331 915 7851 5871 3428 7937 4431 5093 3532 518 7883 5295 8609 8194 2822 6980 1122 1094 3255 3746 6789 1730 2106 4950 8341 6975 4232 6404 902 1497 8098 5893 463 4600 5442 6065 4069 1989 3878 830 4561 2671 8828 6474 6959 8719 602 5836 9923 1960 1710 8339 9723 9140 5884 8259 875 5152 4928 6831 7811 8917 7524 8350 1197 2346 7107 7977 9469 8676 4798 2977 1400 7994 3078 2601 4695 1044 6580 3616 8198 9134 3592 9632 9628 2656 7552 8686 7318 7980 1078 904 7256 172 2263 8235 4589 4816 1890 7631 5486 438 776 7563 8871 4309 5434 1478 6908 9956 5561 6920 6880 406 6065 6620 5884 3499 9728 9380 1873 6460 8724 6116 3328 2103 3559 9509 6342 3775 574 4005 285 4581 7925 5191 7230 912 7521 694 7844 8921 8487 5441 8366 1309 4974 9065 1703 2840 493 2728 7225 2297
4826 4287 7895 8260 1291 8045 1500 8358 3690 3801 3001 657 4827 0 4323 4279 6280 8848 3763 5797 8829 6094 9187 8131 3036 1246 4377 8505 5626 5171 3038 2068 549 4196 7711 4633 9963 6994 4707 3013 9143 3723 1809 21 7868 2385 8246 8597 6602 9520 6141 1463 896 5530 4192 1168 6941 6051 1774 3412 9064 405 8644 8521 337 2436 3464 6582 9583 1333 1951 1881 8287 7645 2812 8457 3078 4537 1525 5429 1918 7722 219 7318 7361 6720 9193 663 5772 5486 5785 6888 9604 4940 4374 7900 2098 6577 1982 7102 8299 7851 1706 7050 1113 388 4191 9681 880 6739 8067 7520 5494 1293 3368 3968 9181 3066 7372 1842 6502 8664 968 1639 6496 5089 6695 1628 9489 3730 7140 7299 1863 9935 7546 1739 1895 3085 8325 4680 3297 9756 170 9932 6706 4137 9434 569 6594 4035 6137 7841 594 317 1080 8211 7322 5145 5843 6973 1449 744 7647 4380 6640 8391 7187 4665 204 3813 7550 1844 7262 8530 1237 7730 9760 5042 9946 7903 1 5499 209 5771 1342 929 7882 89 8624 6727 8271 3765 16 4434 8048 1318 8046 3944 395 8244 3345 2032 9474 7001 7125 3294 2580 5041 7723 2504 8905 1979 1047 8782 1104 8885 7239 321 7944 2756 8329 8339 2667 7190 1101 8264 7110 4349 7914 8042 7284 5878 1461 5576 7216 6573 6095 8500 2845 2174 3653 5164 3787 2320 103 2160 4190 5021 4947 7009 7656 5386 7096 8382 7766 2741 608 5406 9794 9520 502 9410 6087 9840 6041 2239 5944 9874 566 7230 6729 5893 7709 5473 8095 3580 371 4142 7372 909 8607 7312 3592 1443 3824 6702 2242 6594 8324 3836 5273 3943 4373 8576 3779 7829 1074 1250 3133 785
991 5516 4879 1776 6801 3304 1883 2239 8218 933 2440 6940 6534 4323 0 1932 1024 1749 6504 565 3446 6473 3181 1981 8751 1119 2931 9439 715 2745 6778 189 1244 5204 1975 6280 1270 6946 652 517 7093 2374 7386 5289 7143 436 4358 4896 2368 9852 2701 198 675 1057 8111 2257 8752 4384 577 5025 9745 5135 2727 5341 4442 1621 2733 4710 8167 5875 8238 3266 3121 798 6700 6052 5662 4424 4910 6703 9552 3726 3584 6425 1758 9768 9810 1546 739 1652 1534 9307 1022 9080 967 9955 663 8629 5366 208 8985 1153 5287 888 508 1621 9393 4444 3569 8116 1058 9235 7079 4555 2332 6951 4993 3987 3683 815 7634 6933 5655 4216 6399 6615 8795 917 8905 1828 5429 6639 5929 7770 7474 3760 4033 3508 2736 4927 7948 1084 9994 7879 9273 8372 8006 431 1475 2286 6305 9819 1013 6988 8672 275 520 1506 132 994 4921 4951 6820 4248 9595 9936 5391 4604 8184 2228 8379 5451 6551 3514 9269 7439 576 5104 8544 5872 2146 3042 1700 4377 4962 1539 5553 5470 4586 2941 4935 8776 5597 6889 1776 5465 8363 457 9917 1340 117 4280 8936 3858 8010 3297 5244 4483 347 7652 9023 2175 4334 8841 843 3857 3721 6363 7551 3997 609 988 305 4823 5268 8296 6486 9915 1916 9839 8062 204 1911 6198 9685 5373 4197 3849 2703 5308 3257 9138 7493 7370 2637 7706 2539 773 6230 8474 7591 440 3578 1290 9083 8308 4935 2470 9914 9289 4659 4785 9933 5136 437 2743 3474 9216 9793 5703 6909 840 3963 9981 7067 1592 7778 9182 8651 108 608 37 572 9505 2471 5478 6887 1784 6020 692 5736 9149 8372 1312 6864 1388 3094 6509 6935 9575
4457 1921 3295 1537 286 3688 6763 7471 2521 1905 3553 7849 6619 4279 1932 0 5686 7991 4548 7490 4655 6472 759 6383 5798 9960 1737 3951 7653 8872 207 275 3161 4831 1033 3906 6513 3640 9722 2036 4170 1858 2925 925 4943 830 3021 1057 9819 8562 6805 1645 623 6800 2706 648 9501 7260 962 683 9799 9397 183 2452 3218 1945 9502 9883 8651 7203 7946 7679 9195 6184 9674 3440 6486 8396 6638 280 2093 2234 7402 4261 9224 9862 6205 2523 9242 9520 6709 1389 3748 4571 3427 6035 8528 1784 665 7776 4109 1558 1240 3327 9936 1760 5871 9607 3660 2641 909 2383 1101 1004 1749 9730 7703 6832 7242 6976 4333 6055 1665 9919 498 7015 7893 3331 5733 9354 3189 8692 6449 2458 8356 8304 8838 6892 5744 3850 1358 7099 8816 7715 1565 2352 6247 825 1543 8607 9142 469 418 5050 9512 5996 4813 3445 4744 2206 116 3826 6462 9245 3537 7053 8287 5802 3741 1479 9071 8729 5385 6819 9682 1945 9450 8716 6581 6260 2106 8395 4375 5695 2952 3218 3020 7582 22 9620 2349 9179 3730 8731 9751 7458 189 164 6916 5110 4214 5916 9479 4953 3389 3750 1099 9105 9027 944 5154 1511 6314 5996 2232 2877 4573 4422 1885 3518 4114 5078 8784 5523 2335 5860 481 4756 1251 8958 2887 4030 7954 5115 3258 304 4224 8846 5503 162 2339 3938 9138 7985 8550 3209 3500 4538 4034 8186 407 7412 6145 1517 6015 9920 32 3555 9899 5615 9059 7680 4026 2938 1844 5648 5685 6795 8576 2501 7354 5257 4529 9517 652 7536 2528 1799 3739 4980 8777 1304 8157 4096 6790 9653 481 9510 8711 716 5529 8302 4951 9132 282 3902 3453 7317 1156 9792
9813 8738 6686 963 6144 9537 8123 9676 7941 976 6684 7163 1916 6280 1024 5686 0 8306 6117 5981 5847 1289 7284 9946 2574 2136 676 6421 3385 574 1830 5207 3027 68 2222 7436 9499 5148 1364 9913 1331 299 9055 9432 4155 4564 3142 1634 8189 5614 3296 3063 32 6874 6563 2419 1065 4264 7023 5870 1882 6883 9031 3774 4250 6125 9983 7861 2244 7682 9034 3873 7193 1904 4160 3120 4428 3050 7567 1353 7252 25 8199 8967 7099 6732 9284 9097 1804 2500 6140 7884 8249 8954 6057 4655 2474 7258 430 8519 6839 7988 5055 1230 7983 7261 6302 7401 3216 1285 4687 6376 8201 7577 6769 9863 2086 1215 5057 57 9194 2184 9369 6479 1009 8789 1856 4167 3179 8141 1776 5594 9963 3198 9846 1766 9694 6327 2362 2169 8944 3307 2999 79 6976 3882 3796 1882 8553 3223 7602 2370 7880 1315 3140 9588 7596 6115 3518 7177 1906 1610 2164 2322 9079 74 5732 6412 4889 8321 8663 7099 9058 6193 2518 8519 5287 7803 592 8127 7279 2786 6422 5505 5032 7079 7702 2858 8141 6673 2346 257 6190 7606 2810 1276 9030 7999 1070 6708 5319 472 2171 5050 8055 8955 4298 9306 8606 9677 3930 6329 1248 4380 3332 8021 6643 294 6181 7174 5954 8421 9498 4883 8939 5380 4510 7742 6914 9216 7438 1245 3540 8517 1685 3954 6318 7036 178 2069 3538 6019 9494 3918 9519 1849 5113 676 4932 5734 5001 998 5101 7474 741 5575 1666 5548 4005 1775 4420 3475 2356 3614 6659 8248 7357 5084 5936 3827 3091 7789 7486 8206 7374 7718 9095 696 5454 3560 9962 9872 6359 1987 8269 1912 7874 2344 1789 4198 2042 3427 5966 3349 7057 4381 1593 120 7766 1174
4126 3046 8115 5605 7141 829 5272 8172 8986 1074 1664 8375 6423 8848 1749 7991 8306 0 2228 4090 3854 4289 3249 8479 3685 2280 5855 4002 5055 4208 8314 6270 4005 6557 9056 3033 5088 9221 1712 7381 2907 4288 3133 5558 8737 2700 5086 1373 3796 2028 5063 5381 3969 7561 480 3346 2385 761 3856 7120 4956 3136 2276 1898 5597 2728 7747 8924 2089 2212 5694 7733 9707 5086 2370 1230 5628 9620 6887 7861 2657 7790 1187 4457 6228 1272 102 7158 5864 6495 7584 6058 118 7927 4817 2319 631 6687 417 9848 8320 7161 7021 6104 1417 3807 82 2695 7034 8212 245 7393 7705 5188 2240 5867 3260 6053 9697 6416 1368 6586 7167 7503 6082 7355 4292 9584 8045 7429 3730 1358 4210 8854 4196 1165 3263 6515 1847 2014 3145 3507 1793 163 7267 480 5621 6690 9840 5677 7025 9460 599 2684 9773 5520 9000 5497 4681 9070 3657 4280 9718 8868 4592 6252 9449 3931 357 4081 2427 2061 716 5630 8188 2959 4119 4022 5396 3232 9726 252 2998 2177 3951 8671 9434 7400 1534 196 1345 6860 4553 6352 2034 9774 1100 3937 6001 7074 3661 5971 2487 4262 2270 5550 8872 3559 8046 5106 565 5375 5457 4799 7759 5321 306 2269 5551 158 7858 3320 5484 7477 3643 8918 7008 8140 4981 3134 3045 5438 1189 2856 912 4815 6620 41 6686 3599 4737 6890 8783 414 6814 9831 6775 1556 4570 9197 6085 7039 2308 1791 5230 2246 2148 528 937 543 4548 7492 8872 8167 7430 7375 8479 9661 6515 8308 314 6969 7767 2890 6312 9052 4680 8065 123 4888 3280 3810 4680 8361 5658 252 9961 7648 4110 1390 4038 3533 27 1336 1455 499 3867 1075 645 4184
761 1552 5459 9463 2524 6334 1654 4868 2366 3068 7739 7999 2714 3763 6504 4548 6117 2228 0 9227 4733 7762 6914 9418 7678 69 2499 7130 9261 9841 5690 6929 2348 4189 307 5007 2453 902 2999 413 7285 416 6908 2487 6283 1326 6446 593 5629 2504 3125 9663 2136 2139 2191 7727 2617 7918 9226 7174 646 2755 9653 5304 7339 4611 1865 2377 3915 5972 2134 4337 7934 6131 2401 4102 8902 310 5688 1116 5066 9127 180 1380 6655 1517 1932 9206 4541 8991 9036 5160 1901 9879 7937 8390 2213 9683 5052 9841 1155 7735 5498 3268 3565 1137 5729 9114 1492 6117 18 1624 443 9197 8303 7905 1949 3207 5817 6759 9628 3592 6165 9951 2799 8980 8732 2645 9097 9510 2602 5702 32 6025 171 1974 5528 6665 1027 6744 2818 8788 4151 6834 7411 730 7994 1397 4563 2389 2512 1339 3202 4447 8751 4476 2111 6540 9004 6183 1896 6516 5280 3456 629 4288 8437 1933 4970 1345 4787 1846 4832 1783 4352 8633 7735 1526 2158 7801 2440 4896 7024 7373 7575 1874 7908 6236 6495 4390 9699 898 9375 5405 136 6945 2854 5521 9853 4248 8681 9651 4699 4125 4265 7713 9520 6379 3273 2894 8629 9375 386 3419 3871 7290 2242 5513 6988 1930 4658 2753 361 1782 3766 6794 2064 1880 1445 5911 7247 882 1545 3458 9149 5807 1614 8165 5864 9464 973 3090 5830 9811 3093 2661 1162 4409 1505 6612 6443 742 8346 5520 3710 1705 4403 9290 88 8198 1332 7115 5588 8279 2636 1265 604 3206 8365 4428 2583 4771 2172 2593 5220 2998 7686 6263 2177 7510 2591 467 9949 3698 9862 5869 248 4320 7369 2949 7967 3078 716 7987 1742 2376 3006 8280 3435 4257
7061 377 1851 115 9460 8598 2409 6142 8203 3256 7413 8219 4412 5797 565 7490 5981 4090 9227 0 6241 7979 8996 475 6283 3574 7412 1228 8896 9546 6636 6790 6323 1620 8595 3125 2165 1258 2129 1473 9903 5235 4971 3811 9117 4332 6986 4496 9088 6841 5751 8082 6138 9506 1434 8829 9211 9846 8759 1218 5817 3859 6263 1292 1967 9855 7937 5892 6440 2650 5951 2635 8378 6753 829 7940 5005 5358 3390 5807 1996 8053 4514 9878 1674 2250 5436 3994 5499 2041 8640 1104 3229 6593 4147 2807 8499 708 8278 6498 3776 7164 5663 6429 489 7095 9938 6722 6661 4925 324 6674 8355 1223 5963 5648 7506 1282 1147 5378 5212 5875 6870 5349 8323 2685 2483 5851 7503 3816 7511 4992 34 3000 9327 444 4150 7886 6171 821 3739 9292 5297 6948 4399 2301 7430 9274 5305 7893 9592 1016 9107 1011 8948 2284 2747 8882 5156 4527 2166 1998 7885 7545 3414 5648 7838 2180 3319 2045 2846 7705 5734 9286 6318 1274 2983 124 4471 9324 2922 577 4201 8798 844 4771 7543 5042 3541 248 9977 3332 681 5572 1494 9221 8768 2629 4814 5024 2351 6949 6977 4794 7682 6035 1823 5181 283 833 1168 2717 2784 47 4775 3229 3475 4239 4235 3926 6854 804 6513 4157 1662 2808 7105 7439 5327 9796 5533 7551 2073 8894 9315 3482 6899 3819 9870 7101 7493 9509 153 7441 3083 8037 9929 7468 988 477 108 1867 4389 5491 6324 247 6241 7797 1808 1090 7506 5960 349 6586 9217 8091 3919 2640 8720 2329 2857 2369 4704 5207 7166 6788 2248 3685 6393 4574 1055 7724 73 8508 867 3605 3672 1970 7106 400 1419 7754 3581 7512 4800 928 7207 6189 4632 7244
4159 6651 899 1470 3939 2720 6960 6596 3771 7954 8847 1103 6056 8829 3446 4655 5847 3854 4733 6241 0 9400 6909 6541 210 6235 9913 2900 2670 1423 5838 928 3665 52 405 1518 5623 4539 3315 6943 2131 8920 9713 1645 6607 8445 3005 5782 6712 8564 7240 9587 4436 7177 3975 345 6320 1120 373 9592 3268 6305 1869 5904 7171 274 9053 3334 3428 7807 5228 2374 4143 3521 9424 7462 8746 4721 238 4550 4920 4938 33 3512 2851 6014 390 6416 5073 3564 757 6378 8622 2475 5084 9079 8882 3069 6967 2129 3872 1453 5574 6075 144 4168 8870 9856 4491 8007 6918 3901 5259 1027 4804 3357 8175 2642 5126 2168 6425 7982 6529 8498 7215 874 2115 647 4280 127 2400 8262 3043 7137 1950 9525 2439 417 2985 4870 541 4143 8359 8713 9121 928 3644 2551 3757 7230 5839 2069 4180 9216 8082 715 3320 2045 4798 1394 6864 7527 2706 9380 161 6135 7376 5699 7448 1842 8369 7643 9589 1236 3623 2596 6637 7736 4740 7334 7855 3732 6239 1319 9382 7167 7254 3617 9691 720 3756 2781 5320 3866 2049 9439 972 2353 8772 1567 7794 8976 7739 3987 6151 9759 2219 4527 3246 6693 5217 8677 309 7160 5335 5621 5291 1458 1703 6142 1929 2751 2813 5666 6103 5000 9971 9410 8649 2236 3795 4883 8886 4848 4379 6917 4668 8949 8039 3496 7726 2174 1633 3367 8518 5390 1210 7121 9322 5159 647 7471 2725 9462 7977 9617 1443 1246 4697 8710 7965 3327 4110 7682 5494 6418 4286 744 527 4309 2107 658 5208 5838 6042 9885 9420 8805 1480 8410 2084 1520 6577 6082 6982 579 822 6302 755 1026 8596 4344 152 5135 6736 5647 4745 87 6781 9095
3716 3379 9311 414 7696 9946 6987 4930 8955 1945 9212 6489 4095 6094 6473 6472 1289 4289 7762 7979 9400 0 2136 3018 7621 7628 8750 7495 4188 937 9408 1368 5666 6712 7062 3120 2021 7204 2267 282 4823 4402 9456 6632 2161 6439 3759 8072 8592 6679 7454 2480 3254 5132 8808 4204 1951 2962 9097 6385 5188 6757 1573 4306 334 6876 3018 4530 4270 7119 8188 5743 8727 3089 7791 2584 3151 1823 1825 4978 60 3911 9054 8345 6462 8327 4434 2753 3129 1110 778 9091 6507 3776 2122 4129 888 934 5426 1528 301 3351 8534 1392 7037 8483 2758 6950 692 8430 3867 8600 1550 8114 9273 1281 8382 2683 1053 2348 5177 1997 8812 1793 1369 9581 4836 2213 9061 687 6805 5455 2241 9183 2970 6504 655 3705 7160 6484 9482 8208 4250 1900 64 5296 2439 9435 9464 4740 7036 4803 2083 7164 9946 6045 9315 8423 2934 9958 9792 2128 9590 7988 248 173 7295 9634 8342 1147 7822 2299 7762 8951 3614 3808 1479 8035 4772 9050 1099 148 246 8016 7606 7889 8184 748 7761 8585 3075 9876 7878 8202 8860 5751 615 6391 1577 1371 9451 1410 385 4728 9261 5017 9149 2040 4660 9751 9348 3999 621 1193 7974 4892 8965 2799 4146 8195 6757 6167 5594 3221 1242 2912 3464 3805 4826 9632 2250 4184 1953 490 7312 3618 5804 2050 3647 5456 8216 1778 8875 7129 2322 916 2308 8900 5368 4636 8185 1538 1747 319 8012 1298 1177 4261 4810 4321 6244 1425 1458 2097 4891 4102 2765 4953 3538 3596 4789 3697 7596 408 7136 5023 268 3912 8923 1651 4357 9648 4837 1403 3457 4513 4999 2748 7381 4187 7063 1434 4294 119 7113 4117 4785 9137 4823 4940
6619 9031 9676 4499 183 8461 2692 5773 7092 6704 1786 6222 990 9187 3181 759 7284 3249 6914 8996 6909 2136 0 7244 6084 6428 4522 3431 7039 2793 8937 7451 6773 8751 2768 1131 2058 9912 4427 4366 8417 1022 9990 6134 4929 5456 1404 3050 3098 328 6190 8552 6568 9445 5706 5869 5355 1665 8946 2410 663 5184 9730 3461 6536 1380 4078 5007 8716 2952 2197 4552 9275 2477 3506 8140 7135 5828 3249 1765 9328 1891 5270 3724 4397 9729 1037 4536 8206 9875 7408 6625 8178 3905 3370 345 5470 3297 7082 4227 1753 5838 9144 8503 5607 2403 4656 4401 9232 9831 886 6102 4378 3527 4989 2288 3400 4044 7451 6846 6216 3501 2124 1362 2712 1834 6378 2578 5058 789 8871 7468 1088 1727 8742 4487 6708 2122 462 9347 7472 6090 3130 7378 3563 1668 3455 213 6256 3688 1592 6015 3539 7701 5137 1097 8979 1820 7837 1737 6725 2011 3566 5599 3933 7615 9649 2298 7502 5233 39 9818 2544 6450 174 6203 5512 1094 3807 2260 7721 1743 5411 986 387 6654 8270 2229 517 7266 7529 4531 6087 2329 798 2262 7554 532 1193 4513 3402 1213 1762 8411 4951 6208 6968 7402 4419 5143 7031 3254 9881 4147 8871 7576 3230 5379 7016 9249 4127 136 155 1469 1279 8214 1612 3490 7404 9474 4447 937 2522 5851 1825 5363 6311 9416 3408 2113 4487 9040 2558 7058 952 9720 3284 685 730 1454 9311 574 8370 5686 7595 6108 3138 5053 3985 2127 481 9889 4505 7629 8375 1236 7906 7487 5187 4436 8724 2070 6015 989 7910 1772 2194 949 9246 3847 9667 3814 6831 1265 7009 2165 511 4138 414 5984 525 1176 4958 6033 5597 2162 9001 7063 2557 7805
1907 8546 99 4489 2187 7411 4183 6518 8703 7797 1972 7877 9944 8131 1981 6383 9946 8479 9418 475 6541 3018 7244 0 2718 6620 3473 7331 7708 3378 6822 8642 3205 9895 3551 1123 5686 762 4694 7957 330 5112 2290 5794 8701 6814 1775 1493 3103 4147 1294 7815 9606 4415 1778 8866 9408 1100 601 1713 3805 6906 3971 6066 891 8678 2726 6797 7565 8515 9137 7512 1956 3048 9386 4896 980 2797 1518 7797 6874 6595 9941 8735 6879 2333 9790 7459 8085 1808 9987 9760 6135 9736 9872 3907 4256 7351 4858 4520 4453 2709 7670 6205 2601 2145 2027 3358 2104 1641 5087 2666 6734 3072 8065 5529 9604 1386 2706 30 6796 2094 5264 2045 4241 4749 6229 263 4765 6795 2 3229 9479 3935 68 8780 7444 9587 6127 7174 7000 2246 6294 773 7085 6587 5027 4373 5102 827 85 670 4758 8485 2811 8224 5293 5349 9264 428 2041 8134 7561 5247 2104 2058 3819 1182 1516 5211 4264 5892 5005 6400 2035 4383 3208 1640 8433 4490 3784 7772 7845 6152 1336 5419 5726 8707 1179 2016 7597 3572 8152 4528 230 4116 579 6292 1488 7323 8861 5136 918 7412 7847 75 9299 3834 4738 4916 6248 9517 5133 1645 450 7491 5958 4794 4463 3669 1692 6950 4420 4089 9248 2003 6427 4437 8852 885 9266 7654 2658 5777 4977 7924 642 6578 5408 9557 6910 6418 8170 6637 8952 2212 3524 9081 1610 4473 8869 3066 7419 1273 9262 3523 4274 5061 3237 4645 16 8826 2264 9322 9726 993 1356 6276 4334 8968 3711 181 720 2497 2463 9941 8986 4651 6650 7986 6402 7864 9154 1131 6291 8787 7409 1605 8736 6593 9062 3079 2012 1829 3883 2021 4359 942 3287 1157
7943 8424 7415 1740 9080 3834 3777 9603 9040 5500 1439 7257 8183 3036 8751 5798 2574 3685 7678 6283 210 7621 6084 2718 0 6841 3376 9596 3575 9126 394 5707 63 4519 7018 3001 1126 1087 1926 6170 8217 4563 9294 7945 1968 5606 2582 7648 7481 9710 3362 9953 9550 4681 4954 2618 9894 8984 6 7588 4142 8775 1345 7335 2588 2726 3875 9333 9673 7890 6324 9915 4993 3811 2157 4984 9896 7539 9029 9522 247 9405 2792 5809 4388 4749 9824 5514 8629 9856 9109 7597 6246 4616 4729 2304 5515 7384 6773 9645 7765 8956 8490 4682 2791 3282 1425 1276 2711 6079 5629 786 3838 7533 6825 7440 4464 6308 5774 3094 6419 7585 7979 2904 2980 8413 1800 1926 1819 2317 4140 2147 2739 4988 376 8426 9788 621 4850 7282 3524 4632 2469 4705 9320 8843 8416 3130 7798 7989 6286 1333 3307 3897 9279 5197 4015 2667 5347 9818 6107 8155 3652 7412 8617 1830 7931 1871 7035 342 5074 1443 7035 1980 1988 7816 9525 8946 2505 1614 337 7975 9648 852 4550 247 5738 9148 8813 4903 6945 4536 8938 503 4948 6264 303 6124 2240 2678 2478 5226 1051 8187 7068 2550 1474 7512 6817 2198 7234 7193 9392 4502 7270 8007 1635 5024 3395 6213 8710 18 7971 1577 7353 9496 5347 3979 619 6632 2256 8196 9662 3423 8153 729 1518 1711 4613 2734 4698 5818 7258 8548 1952 4722 7985 5450 5329 2412 3791 7499 703 9702 7051 9832 9098 6938 3676 863 7073 1968 3059 6973 6308 3188 3104 1957 7407 6388 1666 2420 6311 5305 2947 278 8778 7917 5317 6037 8920 4809 3540 6555 7476 5149 1182 8408 4479 2938 3607 4654 5614 6357 4706 1494 6319 9382 5546 2215
3187 9941 7127 4681 9962 3160 8160 5262 6951 3838 2243 1231 4793 1246 1119 9960 2136 2280 69 3574 6235 7628 6428 6620 6841 0 6508 5319 9698 4279 1283 5739 9873 3965 7633 8427 240 8420 4693 261 1601 2099 6837 6410 5311 9817 1182 2618 4895 7710 2744 300 7614 6073 8385 9033 5261 9245 1834 3903 8697 6190 9746 6910 7847 7612 974 9896 2739 4594 3323 2466 3540 1744 4968 5868 334 3020 3585 1721 2346 6394 7432 3662 2189 6255 1844 7077 8433 7386 8904 2729 1951 6531 3608 5202 8342 7376 2429 2161 7117 4800 1290 6399 1894 5290 2319 4995 5380 692 6448 8923 6767 1657 7916 7978 8456 6520 7341 6196 2745 5372 1418 1143 6573 7812 7613 5577 5137 4173 8315 4666 1063 3151 864 6576 525 2359 2749 7096 329 8440 2419 5614 2065 1943 8156 7904 1024 7539 76 4617 5285 6606 7931 5775 4535 8554 4177 4093 7494 3458 808 4409 9212 273 5578 8338 9517 6690 6898 4056 3273 9196 3950 9627 8625 9614 3261 8095 9570 2116 2505 6390 4548 2257 3626 9167 8310 3687 9719 8896 6543 7687 311 5626 9312 1455 5687 9116 7732 9294 278 2793 9278 709 6112 2407 9042 9376 918 6944 6577 7793 565 6064 5807 5497 4552 5059 4494 1951 3624 7609 3024 6479 4439 9297 1611 4676 1526 7783 2492 9311 2846 2968 7762 2304 5835 7094 5941 8546 1335 7526 9418 7238 7855 8420 8321 5940 3906 2626 1657 6748 9341 1946 4367 3648 100 7055 5068 9937 8494 5262 4805 2601 7034 9950 2812 8396 8386 3696 3461 3654 8862 4573 2257 2658 2591 4920 7299 7991 2949 9506 6039 6906 2972 6141 7761 8308 5119 108 1192 7298 3678 562 2428 5872 3695 9527
8826 8269 3988 1741 9675 6977 388 3213 5111 6578 9950 9826 989 4377 2931 1737 676 5855 2499 7412 9913 8750 4522 3473 3376 6508 0 8081 2163 3087 2922 2181 7397 4912 7774 7227 5497 2246 6617 351 8416 5702 7105 5791 8773 1374 7606 6891 908 1317 4594 2317 3382 1393 4836 2043 2560 7155 8857 9790 7923 9253 547 2212 8329 5985 4137 5295 1340 6342 4498 6951 1638 7556 777 805 6983 8218 9558 650 651 8260 1034 3273 2566 378 145 1631 3678 2293 4075 7332 1076 5540 9186 2534 682 4166 9044 6813 2337 8685 3097 4574 1752 7576 1931 610 5775 6324 6008 849 3920 6976 3306 435 6238 1788 5943 944 325 8903 2564 5897 3696 8834 9078 9933 7634 5389 4543 3581 5355 4397 4331 3985 8050 7911 8624 8215 1655 6554 6913 5479 1010 6844 2829 9225 2567 5214 9786 4252 7694 537 1084 6042 6776 3201 5519 5868 5651 6721 5352 9957 2849 4825 1926 7351 5631 1927 8630 2084 6244 4541 9627 5110 7515 3564 6423 1106 4420 2025 7435 9726 6107 6309 9134 4372 8746 6431 8612 3786 1523 1085 8570 533 1309 9350 9645 5378 7456 6137 9112 4073 6823 1621 8036 3372 8747 8542 4087 3026 5844 9099 9314 3486 981 4805 6791 2493 8261 6248 6138 7536 3931 1993 3573 4884 1056 696 7123 5388 5766 1528 9956 1329 9368 6291 1312 5038 9931 7270 3143 6830 342 7293 6219 307 6417 3711 7197 4638 6713 2273 2105 3323 6704 7170 7211 2937 1878 647 155 7649 5936 1239 2645 8640 6280 1062 7412 2315 5794 6135 7824 6070 1853 2503 2721 5234 2236 861 7500 5950 8755 5955 6158 7340 7725 6215 8197 2588 138 5952 4179 450 6554 2564 1603 8340
