150
0 8467 2899 6658 7800 4971 5726 2236 1560 7311 3172 8182 7096 8796 2984 509 8409 4931 2390 1401 1282 7223 3098 5553 8019 211 9404 3563 3129 9862 312 7233 3722 6592 6613 3381 7332 1966 6369 1529 5198 6350 713 5955 703 8957 4538 4176 5323 1214 936 9627 2230 9270 2566 9662 2049 216 3109 7852 2594 4665 3396 8568 560 3595 6785 7137 7796 6426 6212 8813 3532 6412 8783 7993 5698 1723 7296 5098 2062 7726 22 9737 6625 3420 9489 5565 6473 1721 3669 52 1754 7688 4703 3596 7991 2951 7261 9730 3097 1963 1598 40 9900 7839 4985 1541 3360 2881 9249 14 3149 4347 3889 3398 602 1079 7515 9012 3849 1755 1811 7179 6990 5054 1935 6282 3852 7765 8907 2321 8739 3125 7745 4382 8715 813 7792 457 9113 3809 8095 8829 5810 3216 8913 6015 4498 5628
8467 0 7260 5371 1160 9339 2045 3947 8950 2601 579 4445 5825 1925 9 2700 9587 1056 1286 2720 449 7083 803 9307 5523 1505 189 4434 5009 3723 1900 2702 9599 4852 8613 8742 6478 4978 7506 1622 9078 7501 8752 1712 8316 3510 8795 9485 4255 8965 4412 5935 6023 9838 3222 2609 4521 160 4101 3317 9755 1066 2738 8922 3664 3147 4259 1677 3709 2873 241 3158 1667 6120 2752 5594 7740 5545 4128 9565 6878 5050 9853 4660 9320 137 5525 4854 2951 9629 6271 7779 8618 8445 7746 3372 4860 4239 9384 2978 4356 9101 4356 8496 1340 4917 5465 6444 1789 6994 7760 7804 1531 387 2758 6281 431 1243 8056 8825 4820 5244 3717 9272 6992 6791 104 9090 5787 9115 9281 7604 1136 2676 9053 2723 5860 3582 7086 7838 5815 4461 30 3977 8988 4421 8195 4853 4074 7944
2899 7260 0 2256 7706 1526 2739 4484 500 4622 7974 8958 1763 5019 3411 6067 3596 6695 9388 8696 6641 7282 9563 3485 2499 9787 4415 3282 6550 6059 1915 3075 7997 7164 9408 6693 8212 1812 1923 5117 3967 4693 204 9142 5607 3812 5497 7077 1261 8338 838 1151 9737 7197 315 9546 3370 8403 4152 6878 4720 3344 6664 6169 826 3222 1912 182 1631 1266 4032 1427 9655 7158 7483 9686 3112 9089 7612 6451 9134 6312 8981 224 450 9192 9646 1567 9007 7345 8173 2022 3415 4360 2804 9467 3820 413 2852 6380 1424 8056 9227 6236 6748 8500 6870 4104 1769 8080 7194 8174 379 3287 7591 6628 7684 741 7807 8535 9268 9598 4407 8496 3270 980 4775 4603 1975 9129 2458 3429 7827 2805 7946 5868 8559 5030 7008 7729 1907 8614 8639 8605 9418 305 2037 8583 544 5113
6658 5371 2256 0 3169 2657 9308 8579 3560 3903 7429 1749 2670 6419 8502 4084 3911 6660 6867 4969 9944 1171 6057 8962 4167 4668 2204 9946 9264 9891 5499 8022 2806 8828 5516 4373 4394 2089 9003 85 1864 7868 6091 7003 9298 4325 1635 6723 9001 9659 8273 9232 510 9018 993 9962 9706 8381 6221 4137 7884 7502 1415 3565 3125 2451 3969 1758 7821 9077 6720 9927 5767 8751 3588 9407 5023 3025 9253 1360 9736 9108 2599 4356 1385 1821 2310 693 3754 6690 304 7507 1431 4877 134 3680 7114 1168 1946 6115 9839 6268 9411 3789 8585 6280 7634 4317 3273 8168 3814 8339 9120 4592 5996 1855 5719 7659 255 1586 8684 2997 2938 9672 8041 9956 8285 8119 6809 8631 9556 9583 9719 6418 737 6899 215 2097 7195 1683 8316 2982 2196 1377 6456 8039 5289 728 7409 1768
7800 1160 7706 3169 0 5510 6973 3316 2151 807 2465 642 6794 5167 6500 3992 5674 6939 8512 2152 9095 7693 4381 8808 7596 3959 5050 9310 8924 9233 9266 4664 1044 2325 4786 8984 1407 6043 9090 8960 4265 5077 4332 2719 8945 209 256 8263 7627 345 3438 5853 1954 9987 3525 8323 4842 1894 5648 6540 2119 7491 7265 607 8157 3236 5207 5445 1307 5648 5306 6677 126 3137 6331 4174 5918 9551 1409 6217 3557 7877 577 2459 1319 2062 6585 7597 8497 3680 4466 2774 1767 9078 691 1395 1050 2838 5465 7525 942 4289 5545 6055 766 5353 9204 2389 8767 2202 7036 1535 2403 5597 8793 8622 384 7576 7422 3262 8143 7106 2469 2919 438 1647 2374 4254 2262 403 8463 1142 1248 7016 9070 3544 5081 4611 2397 874 7866 2241 1301 2102 722 7606 90 9924 9248 7716
4971 9339 1526 2657 5510 0 9944 6965 285 1536 8016 3521 8671 5320 9096 8173 8829 6073 5781 635 9688 2088 879 4648 1612 4098 3133 4031 9962 5873 1180 839 8738 5058 1258 7328 6383 1440 415 8864 6257 1840 8118 3398 5017 7562 2605 4807 9829 558 585 6688 5655 6370 9800 758 1882 7975 2660 5888 8217 7124 3289 8435 6760 7544 2266 8808 6078 4383 5156 6232 8583 1373 2932 9088 2119 2525 7858 8821 3823 5144 4191 1249 1226 7734 2241 2498 6863 5894 4648 670 8449 930 8280 4032 220 6860 5925 618 6889 508 3822 543 5406 5228 2989 9483 1778 5675 4276 4852 6464 6200 7546 2041 8934 8365 323 6691 4869 7017 1645 794 8306 107 4939 8866 7080 5237 3788 5926 2407 1554 881 2017 1706 611 2446 2020 8085 6309 352 9800 5303 3482 5432 7640 5218 6387
5726 2045 2739 9308 6973 9944 0 514 2683 1267 1973 1094 6848 7984 2675 6895 866 5175 7347 4403 5841 8146 7889 9232 5494 3929 165 4152 7841 6447 1525 38 9431 4835 8240 9042 7573 5287 1671 4456 8411 6020 3435 9276 9016 811 9507 5872 554 9659 8711 4828 3203 7973 3036 7835 8819 5798 6213 25 1072 2991 1256 9873 3628 3164 1492 5127 2555 670 6463 3033 5587 5321 1397 6426 7606 8474 5588 3391 740 735 2684 4573 4152 6432 8990 1298 7520 638 8656 1397 305 8084 6545 5833 3508 8663 5771 3444 587 8163 3690 5552 4930 5899 7724 6873 9908 2621 6938 8420 1989 4254 8266 579 5731 7165 1704 955 2983 960 4230 5153 7807 4973 1893 8920 1788 3188 5946 5122 1605 3738 3423 8211 862 5560 8054 3592 9072 6951 889 7479 8958 5862 5903 7342 9011 9457
2236 3947 4484 8579 3316 6965 514 0 3165 3385 4212 8150 2288 2483 6424 2950 6825 4499 8547 2040 8359 2022 5167 4898 2843 3866 3314 1871 433 6509 4391 573 8786 2627 5526 2071 9066 7421 6302 7039 2422 4117 2230 9630 4200 1154 6310 3517 8091 2487 6303 9836 3200 3273 5979 5940 8048 9009 6616 3441 6746 9983 5724 3639 8619 5199 4552 2235 3769 5772 7604 5809 2839 8368 4283 2852 667 3145 1864 1924 2162 4252 8265 4790 7407 5632 8986 9295 234 5838 9321 8585 4527 4332 1503 4295 8981 6795 2102 8293 6768 1001 7187 7121 4845 3183 4638 7838 5493 6293 3963 656 5062 3079 3255 7772 8446 1398 7342 275 9079 1669 7307 6953 2189 2324 3629 4732 2772 5598 423 8783 8803 6704 6152 401 5888 3523 1808 6738 1595 4947 183 2541 5673 1587 2233 8147 6699 973
1560 8950 500 3560 2151 285 2683 3165 0 4365 7906 3359 6176 7194 8978 2708 6518 1816 4762 2577 8805 2720 1429 4760 1018 6080 2480 4817 2993 9735 9557 1052 9069 2386 4692 7456 2817 2646 3494 9535 6210 9986 5743 8522 5687 1360 4591 1423 5593 5830 5560 384 8917 8020 2376 6955 4895 3227 338 9729 4604 5485 320 59 4570 1996 6588 3447 3999 1808 5538 3520 920 6153 9224 2342 62 6976 3471 1845 7635 1945 1614 1176 6240 5860 151 8602 9886 6410 1626 5909 8029 3945 295 9384 5637 9519 7159 3357 6737 7168 7405 8224 9394 2569 2840 371 4196 8810 1045 4296 9952 6777 4655 9325 8674 2832 953 9087 4802 6537 9946 6232 6211 3272 5342 3274 2 6892 9394 1218 3475 8824 5174 3360 5066 5331 6749 3668 7936 6112 2210 3038 1656 7244 263 1286 984 4638
7311 2601 4622 3903 807 1536 1267 3385 4365 0 8103 6730 2895 4491 2539 2885 9028 4996 8080 1880 2752 3412 7871 1653 9752 3391 3127 181 4645 4241 2778 3949 7708 2831 103 2980 5605 8139 4084 2566 1523 2194 2213 5307 23 8478 8531 5766 6205 224 1403 3761 6253 6422 9359 3299 2699 4605 4469 2608 5806 8413 5131 4923 4901 6408 2142 5340 4533 423 4972 6046 2103 8782 6039 7087 3293 5794 4955 5394 2473 7232 366 1874 7571 7966 2829 5400 7455 2683 1583 5776 7529 2190 6493 2465 6162 8061 9374 1514 8438 2071 213 9912 2307 5747 4226 6086 9660 9200 595 722 234 8607 90 1116 2276 1547 7427 5193 2382 5439 318 8788 7396 8464 1428 1642 5420 2293 2240 4518 9168 3630 8829 9029 5378 4429 8203 9634 1453 1466 7059 1055 1109 5205 364 6238 3919 7210
3172 579 7974 7429 2465 8016 1973 4212 7906 8103 0 6545 4418 7953 6828 930 1092 267 4512 6825 9835 4071 4508 7210 9828 3225 1919 1850 4847 1338 6443 3511 8191 2216 9097 3713 8983 8829 2007 5623 6024 5932 6019 1842 5728 5527 2414 5949 3480 9903 9699 6048 8721 566 8699 5946 5218 8892 5020 954 5932 8015 4105 8909 781 7279 8773 4588 6479 1143 6199 4196 1407 551 9940 4217 604 2831 8209 25 3885 1534 4325 721 4563 5499 7584 8595 2992 107 6578 877 4084 4411 1378 7379 173 9283 4509 9732 299 4154 1636 2724 317 4513 5823 3428 7483 2549 378 4510 6862 356 6422 9172 9426 65 6624 9964 1357 4255 5744 8516 2747 5065 5052 6662 6029 9195 7264 8564 5164 1190 4915 1522 9877 3797 1430 2774 15 8552 7844 1638 6035 5542 7283 5607 1619 3652
8182 4445 8958 1749 642 3521 1094 8150 3359 6730 6545 0 9174 8173 2165 1717 2701 9234 5938 2092 7584 3458 247 215 132 2627 2088 713 6317 3993 5291 8305 2586 578 4431 1854 4373 8386 9832 1806 3374 3052 842 4952 2513 5908 5835 4790 1714 3808 2016 7196 3211 9660 8154 4312 4515 2851 8386 2547 3021 9408 797 6009 7522 8777 6408 3561 969 7256 1367 1811 6392 6276 6061 9373 7181 9689 1271 3386 4706 6916 4266 7356 7147 4403 3599 3041 6338 5510 3872 731 6308 9675 4710 6479 9732 22 4441 1175 9021 1619 3472 8363 8571 9471 4032 2212 3110 3928 3173 6310 7756 6567 4556 9751 4876 1086 5642 6840 1952 3319 4967 5419 4324 1402 191 6048 8865 6522 2057 5226 1705 107 101 9203 2831 8002 8639 6842 3749 4635 1816 6322 4914 4317 7082 1333 791 8286
7096 5825 1763 2670 6794 8671 6848 2288 6176 2895 4418 9174 0 3575 6440 3016 2953 1810 413 8584 1859 444 9903 9413 2078 3599 7969 4188 5306 9446 2730 1132 7161 4391 441 7699 2981 5119 7867 8239 8399 5723 9729 777 4506 6519 5455 2731 4002 9394 2580 8614 5025 1275 7551 2586 7389 8956 1171 5048 7711 9383 1541 7465 7196 5972 3999 1693 6324 9021 7333 4606 3498 1648 5753 2960 4573 1694 9329 6693 5467 7983 7131 3469 8364 5194 581 2853 7605 1629 1325 5907 4661 2502 644 3225 8165 2485 3317 3840 8805 2668 7259 8599 1642 7464 5724 1508 85 1671 2248 9147 7677 2102 6930 1361 763 8232 4183 7521 4723 1480 8706 8056 1224 4747 3388 3822 4749 4684 5094 8510 5704 1380 6782 6497 5107 7935 5819 9809 9311 8910 6709 7908 4614 9665 3372 5824 3096 2255
8796 1925 5019 6419 5167 5320 7984 2483 7194 4491 7953 8173 3575 0 2041 9624 6797 1283 713 9984 1490 306 738 5600 4837 5183 5259 3592 9814 8147 5300 831 7514 5505 9129 1715 7929 8740 4970 5964 9934 4276 8313 885 9940 8514 2285 6407 551 891 3292 605 5907 7939 2595 7786 9021 4744 6897 2995 9633 5409 7915 6938 9692 581 33 8644 2423 5156 591 6530 9607 8768 63 3792 8996 9412 4936 87 9065 9687 9177 7451 5476 4960 3942 1108 1297 7051 4147 1444 6028 1209 1348 7604 1997 1033 1345 4670 7272 6969 8459 8382 7988 4208 9643 4444 7388 1145 8533 5533 3371 4691 2016 3330 41 6347 748 106 1890 5589 7769 2942 6228 4833 1165 7339 8786 7501 9523 5110 9964 8599 2486 7528 2224 631 4746 5478 3175 1471 3892 5177 9387 2656 3123 5936 7414 8594
2984 9 3411 8502 6500 9096 2675 6424 8978 2539 6828 2165 6440 2041 0 2077 1273 2075 6080 7695 879 6814 3311 2277 2969 9631 1779 6565 7167 5339 8227 3239 6452 931 7840 6250 9315 2070 4139 8944 3219 9209 8921 5901 9488 9032 5099 4946 6665 2996 142 5654 4707 2148 8852 4610 6300 7136 850 6038 4000 5860 2359 1983 5163 1276 4065 1972 2901 9890 6761 3875 2257 7429 3425 4808 3414 2395 4160 6001 6560 5345 2131 8045 5538 758 9270 2292 3380 4677 6299 8864 7247 5872 8183 8659 6713 4554 6701 6898 4546 8205 2813 9797 7657 8756 4683 9088 8189 3045 2568 5909 1686 9839 8121 6410 2338 5897 4459 3172 5823 1310 5046 9100 3165 3076 66 4574 5589 8666 9276 5433 2583 7823 9611 1040 8515 4311 729 862 1243 8267 1552 4307 4188 1524 5965 8913 1710 3499
509 2700 6067 4084 3992 8173 6895 2950 2708 2885 930 1717 3016 9624 2077 0 9385 3815 5228 4162 8744 6499 9722 754 5655 4337 9976 4252 5897 4708 4274 4328 9004 1403 697 9964 4720 8182 499 4208 9505 2818 6579 7119 1349 9627 2405 5867 9438 9106 6022 2004 1613 3302 6910 1228 27 3665 4815 1717 9139 5308 3075 8865 9697 4013 7198 360 4862 6392 8372 2085 7543 1822 327 7643 4887 754 1332 671 8753 10000 5762 899 9742 680 3993 824 6986 6917 7524 390 469 5842 862 3227 3577 5687 8825 8493 7117 8020 3650 14 5822 6456 2499 1293 3257 6774 5837 1852 9405 3760 7563 445 5872 2727 8498 8707 7292 5380 1689 8004 446 3411 3761 1728 4374 3223 2709 9767 8366 2202 9258 4219 993 156 8629 9807 2321 1698 4500 9184 6836 1467 9882 5320 2125 8011
8409 9587 3596 3911 5674 8829 866 6825 6518 9028 1092 2701 2953 6797 1273 9385 0 9671 7370 8995 662 4204 7915 3841 8049 8908 1750 5993 5643 4026 3863 2981 6321 2823 9275 3499 7560 1225 1009 9194 5496 6250 8158 4935 294 270 9509 8554 6596 210 5194 5030 8754 2894 864 3041 541 9977 9103 5197 6994 6486 5588 8320 4156 2924 5065 1638 3156 3234 7069 8108 3745 5664 8673 8839 740 92 1352 2127 1619 4881 1654 4936 2615 9821 3777 6099 9681 4140 4226 8946 2453 6160 682 6244 7672 5365 5131 8570 2000 2532 4984 2796 990 2128 1587 2956 5079 3005 1122 2239 7261 124 349 470 721 1282 9845 7759 9115 5098 8607 7262 5668 5883 2119 1491 470 8843 3502 3958 8795 9336 3938 7294 8428 4365 8086 3154 9485 9792 451 409 796 8115 5693 4886 3840 765
4931 1056 6695 6660 6939 6073 5175 4499 1816 4996 267 9234 1810 1283 2075 3815 9671 0 221 7739 5423 5248 7708 2696 3493 2671 8910 7077 1227 8675 5951 5691 8027 7453 5083 5209 6774 9721 2706 3885 5055 1820 3483 4818 432 1531 3726 9012 7737 893 7890 3725 4264 1095 9400 2651 3927 9283 6564 1583 7951 890 2450 39 4144 9255 7929 1492 1529 487 8220 8016 7123 2412 2124 2791 2191 3336 4639 6876 6410 8438 8247 3818 8452 2680 7423 4286 3184 7926 1242 3167 9246 2093 7932 7457 2884 9989 6444 6583 9315 4301 7367 1267 4837 8683 9800 9229 5334 2180 1349 5452 6483 6856 796 5587 6112 5966 65 189 5870 9356 30 6734 958 7300 8464 690 8062 2728 1507 233 1248 3433 6292 2667 6889 7713 1421 8369 2835 5539 9128 8073 762 9005 9627 6579 2083 3846
2390 1286 9388 6867 8512 5781 7347 8547 4762 8080 4512 5938 413 713 6080 5228 7370 221 0 8850 2362 3726 5360 5603 193 3509 2387 7467 2852 9161 7668 7582 3365 9512 4311 3909 9955 2696 3170 4338 6795 6616 9353 4578 8614 3786 4725 5749 5760 1131 8032 3843 7189 7809 1083 9556 8536 531 9347 9236 4682 7985 1958 707 4664 6693 6448 1189 8637 6923 9194 6477 821 7438 493 4743 640 4571 9440 3287 1142 9566 3076 7348 4848 1656 9133 5177 2506 1413 1170 227 6273 8390 1381 1345 9403 6040 3967 8557 6527 8338 1904 9439 1387 7302 707 2639 9492 5921 8736 8749 4303 4217 7365 1924 453 8694 8284 9258 681 1128 2974 3304 2826 3243 7808 9067 2445 1689 6821 7076 140 7312 1927 1134 4742 1145 3920 5434 2744 2149 3256 3191 3722 7422 3774 5181 5859 5700
1401 2720 8696 4969 2152 635 4403 2040 2577 1880 6825 2092 8584 9984 7695 4162 8995 7739 8850 0 1061 4690 5054 4853 3835 4228 8236 7020 92 5447 8825 4556 3569 4574 1135 5101 7935 9693 3998 4097 378 7865 6386 7461 5970 7969 9293 7237 9208 5061 7258 2993 771 1537 4046 9583 4788 6569 4202 3894 2172 6408 6424 5986 8748 763 5686 5147 7848 4851 2007 6502 2025 4608 6565 8483 2552 1582 138 475 1771 6977 8588 4490 6358 8720 5604 2630 6006 6516 2592 4901 5217 2550 7864 9526 6791 669 2134 2634 4748 9470 6735 4894 1259 2607 2607 2667 1499 4305 7551 1313 1238 3751 4029 4061 9646 1651 6851 6740 4546 6653 8109 1382 1297 7022 290 8211 6872 1314 2538 9896 4338 7692 1242 808 5239 3461 514 7743 7239 953 2899 8799 2600 7623 430 988 5 7515
1282 449 6641 9944 9095 9688 5841 8359 8805 2752 9835 7584 1859 1490 879 8744 662 5423 2362 1061 0 4247 6503 5992 5927 8806 3773 686 5710 4583 5659 7283 4240 5733 9802 2209 584 7180 8357 1817 7724 4260 2355 7476 1069 7666 7937 7330 8356 280 3697 8538 5668 1337 7590 7482 1376 7708 9100 2988 677 1400 104 1817 9642 8876 4357 5428 4038 8541 9031 1493 8846 7170 1634 6283 8896 626 1058 6169 5510 160 956 2643 7524 9924 9924 3894 3843 4490 8607 8540 3600 4396 6058 8033 8952 4309 4140 7648 792 1197 9745 605 6065 6264 14 9876 308 6985 4065 4293 9724 4581 3721 3575 670 8282 9381 7441 2224 4474 2955 9357 1151 3568 6754 6813 2478 6051 9623 3450 1531 4991 4699 1488 5472 2538 875 6540 3929 4578 9860 6457 7499 7809 6070 1996 8267 9143
7223 7083 7282 1171 7693 2088 8146 2022 2720 3412 4071 3458 444 306 6814 6499 4204 5248 3726 4690 4247 0 5806 199 9112 410 3150 9046 2393 1841 6018 4007 4073 1810 3907 4459 8843 7215 8558 5108 8995 3243 5075 3528 6705 1702 4636 7318 3839 3528 6850 6418 1964 2692 9873 6349 7986 8292 7502 9139 997 2112 2799 7332 2051 9535 1465 9706 7643 9558 5414 9154 6862 3669 5206 1462 2760 2641 9781 6556 4759 6943 3721 2043 6600 6730 8221 1698 1268 425 1783 6262 7728 8206 1098 3152 4939 8489 7513 7427 6483 7145 3906 7540 2465 5726 1218 3674 303 1567 1365 1399 909 6761 8609 5417 3991 1743 2094 1715 7365 7241 1194 7519 9262 3158 3116 7607 841 2464 5614 4779 4639 2998 1935 914 6993 8560 2939 1340 134 2157 1296 5246 2673 7065 6245 3555 3766 61
3098 803 9563 6057 4381 879 7889 5167 1429 7871 4508 247 9903 738 3311 9722 7915 7708 5360 5054 6503 5806 0 2763 2741 4681 7775 9962 9123 118 103 4716 9039 4652 5991 9069 5066 4022 3253 942 1711 4775 8352 1289 7945 4650 4543 1786 3729 6970 7166 4388 8027 4894 5989 7695 772 6363 5384 4083 2249 9199 9454 3151 9143 1201 3001 8001 6190 4868 6353 167 1611 7778 4755 2207 6736 7323 5260 3854 4291 3883 7090 8162 4951 3845 2276 7956 5912 2681 5575 6097 8941 3366 1285 8898 3453 3830 1031 7569 9516 5749 5539 8065 9050 7586 4240 911 6379 7582 7034 7647 254 6113 6172 5528 489 2238 584 857 7244 7814 7303 1389 7041 8133 4627 7146 9805 7590 8760 6313 1678 126 1156 8249 3851 2849 2356 1160 2780 9413 5262 1547 9502 9656 1648 8123 7700 2887
5553 9307 3485 8962 8808 4648 9232 4898 4760 1653 7210 215 9413 5600 2277 754 3841 2696 5603 4853 5992 199 2763 0 7615 5842 6646 451 7796 2943 7589 4205 6506 5976 2619 1806 9992 2802 2341 3628 5997 8081 1697 659 3289 3871 1600 3968 5805 5667 4989 728 2857 6567 8633 3864 8976 8947 6686 4181 5831 6934 1042 888 5375 5527 6372 197 7459 4805 9316 4310 3354 6770 4207 5628 2792 4783 1682 3400 6464 9361 5986 6897 2445 9099 9194 7445 4552 2691 7262 1700 7489 120 4302 420 4992 3586 86 7983 2257 9910 5900 3439 7608 4129 7767 4459 5115 5933 1537 374 9250 8500 3205 505 779 2295 4580 9816 7825 5736 7699 6491 674 4136 9623 3445 4487 9148 7036 8466 8360 6202 5072 3748 8172 7978 984 102 6196 4886 60 6283 1404 8579 1909 8812 3333 9976
8019 5523 2499 4167 7596 1612 5494 2843 1018 9752 9828 132 2078 4837 2969 5655 8049 3493 193 3835 5927 9112 2741 7615 0 8475 4988 6583 6081 614 3589 1325 9900 2445 5749 9320 3703 9777 9295 8789 3455 9213 7058 569 8057 169 2164 4058 8062 6129 2881 9926 6163 6514 455 2015 830 7306 4042 3424 7386 5884 7160 657 4142 4111 9544 4259 9422 5250 6199 2589 3577 2696 6541 6679 6212 5192 83 135 6767 5366 922 3927 3526 7046 294 2501 7783 300 4139 4714 5564 8067 8634 724 1672 7359 5942 4514 4682 3977 110 8478 4701 4620 4268 9369 8163 7345 5613 999 4352 1075 9108 49 8054 2084 7975 2663 1416 4093 5540 1091 6367 2576 880 7483 7896 8590 5051 7376 8370 4345 4718 5920 1674 305 9915 2155 5634 4386 6430 8487 9630 5952 1367 9041 1719 6079
211 1505 9787 4668 3959 4098 3929 3866 6080 3391 3225 2627 3599 5183 9631 4337 8908 2671 3509 4228 8806 410 4681 5842 8475 0 3773 2670 1 476 7082 2423 4164 5350 2975 836 2134 8773 6897 8844 22 5762 5497 5367 4680 1229 3630 4519 5037 8210 6164 2958 35 7740 4718 9295 9207 4990 3817 7913 8019 2512 6120 2625 8507 7200 5613 4720 2299 9005 4134 2215 58 1277 1209 4135 7760 9256 8104 5404 2051 8622 4472 2593 6356 9253 9021 8912 2874 3237 9471 2559 7291 6083 5664 4633 2008 4385 4661 9665 5766 38 3455 6621 7705 8501 933 2278 3535 8100 1856 7538 4737 9049 7306 3407 7810 8725 7278 800 166 1701 3364 8720 8508 7631 3958 5525 4570 3112 2369 2502 3087 9007 895 9021 8140 7762 7752 2046 3751 8712 7774 5505 2729 3432 4126 1836 7895 3507
9404 189 4415 2204 5050 3133 165 3314 2480 3127 1919 2088 7969 5259 1779 9976 1750 8910 2387 8236 3773 3150 7775 6646 4988 3773 0 3760 7904 5384 4678 3470 4431 5719 6715 2276 9229 4105 8216 6963 1900 3988 3748 5974 1132 1057 9437 4041 5789 8350 6711 5650 8192 9366 6297 630 7316 854 2930 8523 6342 7255 4895 7107 7679 7571 1327 8271 1129 4009 5138 7914 4716 3831 3400 7061 4524 9174 1212 714 4412 4474 9969 2382 890 7663 4555 432 1724 2183 762 3999 7878 1452 2466 5760 5263 6077 5163 78 6053 7359 3880 1752 8893 9827 6984 8053 9948 8499 3154 7426 1810 2113 5388 5392 9743 2564 6617 8553 5701 7948 7443 3418 7618 9140 6267 627 5781 5159 1163 4041 8361 3950 4721 5304 8989 8659 8472 7482 2633 5712 6378 8228 8841 4855 819 6708 9515 9575
3563 4434 3282 9946 9310 4031 4152 1871 4817 181 1850 713 4188 3592 6565 4252 5993 7077 7467 7020 686 9046 9962 451 6583 2670 3760 0 2454 6878 7964 8957 9557 6866 670 7914 2759 419 6556 1453 8486 822 8893 2041 2981 9700 7657 5116 1315 9482 8682 4437 4421 6693 8532 2623 645 3004 717 1299 5649 4392 5768 9948 4946 7410 5998 7879 5253 8030 1344 4076 8986 4512 8196 3297 4463 8162 2966 3345 6376 4067 8601 3531 1583 7322 8579 9369 3740 3365 3971 5401 4486 1095 1663 2606 6757 9273 2208 4527 1069 5789 9871 4857 7218 1612 6958 9346 9763 8536 3029 4467 9643 5967 5858 1282 2084 2207 6414 9245 7129 3625 7551 896 2149 3827 8443 5303 1913 3928 5613 3464 5519 9482 1752 487 9204 1639 9272 7546 6338 9258 8612 8101 4860 4733 3709 2758 9999 111
3129 5009 6550 9264 8924 9962 7841 433 2993 4645 4847 6317 5306 9814 7167 5897 5643 1227 2852 92 5710 2393 9123 7796 6081 1 7904 2454 0 4614 2550 1149 9623 7131 5807 7325 6543 3578 6945 6277 3394 9734 8265 5489 1767 7347 6386 878 2840 5402 6647 6972 5013 5721 5901 5366 9639 5016 2015 8720 8697 6257 6103 4207 5135 2880 7288 5956 7214 4478 1828 9077 2900 7194 1640 864 1169 3489 6909 8327 5356 2179 741 7673 1609 7080 5096 3942 3588 4725 3447 4876 4001 7923 1998 5809 7021 1158 7545 3324 5166 4263 7165 3954 3246 3124 8664 7751 4782 8151 4516 5756 3161 6396 8746 5875 3073 6369 9928 8660 4706 4248 5350 2117 5030 6108 5926 5684 5298 7083 4283 6680 4679 4507 690 3026 6492 8520 7863 7876 2676 385 6933 3720 559 8695 176 6300 2247 9135
9862 3723 6059 9891 9233 5873 6447 6509 9735 4241 1338 3993 9446 8147 5339 4708 4026 8675 9161 5447 4583 1841 118 2943 614 476 5384 6878 4614 0 2359 2072 241 8430 3143 3817 3428 4565 1674 4085 5326 4776 5534 7412 8019 697 6375 4232 5604 5326 1818 7733 6486 2744 1414 6431 3289 4225 8707 3646 2017 4702 3549 3752 1395 4503 2055 3432 5704 5443 8207 2884 1194 2080 8441 6815 4139 2543 9860 3111 4047 9043 8132 7917 9591 25 5585 8906 295 8012 5278 209 3398 4725 490 5807 8222 8904 401 5261 6351 3129 855 5336 7393 281 4223 9603 2099 9419 4771 6430 7021 1718 1064 9081 5459 8207 6391 6377 7291 9580 8081 360 7333 8039 6055 6442 2308 5758 392 7460 6166 5417 4494 7298 1138 4388 4348 3046 2490 1559 6562 4760 173 4821 7284 681 9431 3789
312 1900 1915 5499 9266 1180 1525 4391 9557 2778 6443 5291 2730 5300 8227 4274 3863 5951 7668 8825 5659 6018 103 7589 3589 7082 4678 7964 2550 2359 0 96 2961 3967 7213 9613 3886 4240 2605 2710 5255 7545 3998 2788 7041 2358 6204 6562 6946 9813 7022 6676 2551 6046 315 2889 8506 5700 3096 8189 262 1289 916 6092 2281 6443 9121 3739 3740 2983 5595 1010 7542 5340 272 1338 7561 2459 3910 8110 3444 7518 4403 4970 1183 5202 4096 2171 3837 4309 540 1806 2875 9481 2574 2168 6575 1092 4924 6270 5292 7061 488 7195 8415 6965 6844 5879 391 1954 7508 8839 753 8506 6122 811 3423 8678 9915 6463 5465 1485 9949 534 6069 496 5881 6824 7854 9769 328 8543 5892 4970 9566 2013 8853 658 7164 3896 5117 861 2544 8063 1723 7766 5203 6680 4626 6019
7233 2702 3075 8022 4664 839 38 573 1052 3949 3511 8305 1132 831 3239 4328 2981 5691 7582 4556 7283 4007 4716 4205 1325 2423 3470 8957 1149 2072 96 0 4655 8404 1956 1204 5452 2076 9938 3651 4423 8094 9587 9702 9070 2066 7941 5192 4894 1818 8803 3556 5464 8004 7733 335 1123 6578 5567 8624 3633 3092 5828 2335 6791 8490 4071 5900 1740 2205 3068 4131 4900 3487 7921 3262 5254 9157 3398 4854 5383 6240 4557 3460 2240 9431 298 3011 8438 7484 8385 929 4897 8923 8378 5218 7157 4071 6009 3507 5622 7238 6331 2951 9810 6599 3307 7225 3428 4274 5683 6882 9086 7539 410 7960 2554 7530 3713 7865 701 9222 5663 9496 7517 2223 1883 3531 7707 4796 336 2657 3149 3219 6506 5605 9101 4301 7594 5617 9568 5395 8578 3239 2010 4126 5625 3927 3478 8744
3722 9599 7997 2806 1044 8738 9431 8786 9069 7708 8191 2586 7161 7514 6452 9004 6321 8027 3365 3569 4240 4073 9039 6506 9900 4164 4431 9557 9623 241 2961 4655 0 3068 7166 9237 4359 1382 7365 8358 8226 7645 6144 1106 8256 9623 994 7744 4717 1672 1448 8359 4461 2039 3688 2577 9997 3843 6608 4154 2158 7063 3775 7287 4376 6327 5074 5474 2863 7516 799 6322 9866 1701 9357 8131 5378 3653 6163 9196 5583 7183 3677 6369 5090 1117 7331 318 7955 4509 2889 3193 6064 4251 4839 9260 8546 878 9598 6706 8949 2011 4316 4868 2371 3332 1110 3530 6075 9015 5986 265 1719 6190 6719 9886 5113 6242 1505 2773 6546 6419 8753 344 9986 5636 6086 4959 3866 9731 9457 3636 156 8330 6848 938 1828 8130 8717 8966 4978 8615 2148 6598 1944 735 8130 7117 3637 5037
6592 4852 7164 8828 2325 5058 4835 2627 2386 2831 2216 578 4391 5505 931 1403 2823 7453 9512 4574 5733 1810 4652 5976 2445 5350 5719 6866 7131 8430 3967 8404 3068 0 4749 245 6934 4907 5091 5398 2760 2065 7233 7318 4770 4098 3745 2947 2462 2449 7674 651 3311 7768 2180 5593 3651 5814 8503 9669 7308 2103 1850 6550 1909 63 5837 2669 7572 6453 7049 9774 7707 5373 960 2813 8707 2575 9333 4172 5766 8121 5111 1983 6908 7567 442 1154 1877 1830 2350 571 3452 6003 5026 2681 4834 9398 5860 4580 166 6371 5121 8574 1916 6715 7291 763 7725 5730 2069 60 298 3200 1095 5955 7303 982 1109 6952 9480 8258 5841 838 5282 7143 2516 9080 7631 5441 7404 6118 947 1815 5594 7736 2761 5175 5687 5824 8487 7927 6860 334 7044 4389 1194 1191 4401 6026
6613 8613 9408 5516 4786 1258 8240 5526 4692 103 9097 4431 441 9129 7840 697 9275 5083 4311 1135 9802 3907 5991 2619 5749 2975 6715 670 5807 3143 7213 1956 7166 4749 0 9373 4880 1375 9555 8743 6191 4430 2929 5868 5429 4258 4807 59 40 5796 6017 1056 8440 7450 4772 8352 4254 4155 9239 9536 1107 8291 3266 1339 8823 5946 2915 6927 4711 1833 4840 8611 9437 9808 4085 524 6830 5898 3259 7238 9767 9632 4450 1416 8752 6670 1961 2273 2317 9278 8135 5499 5868 5919 439 6811 7394 5353 2032 5914 8738 7026 3812 2983 6519 1644 1284 3857 9564 4760 6295 1366 7905 2002 9027 2338 8680 8673 919 4964 3276 6993 9723 6021 5167 8621 9017 8453 6589 4494 3699 1572 5885 9250 4183 8158 1351 7673 3376 1876 696 426 2868 8584 6291 521 3163 3031 4004 3917
3381 8742 6693 4373 8984 7328 9042 2071 7456 2980 3713 1854 7699 1715 6250 9964 3499 5209 3909 5101 2209 4459 9069 1806 9320 836 2276 7914 7325 3817 9613 1204 9237 245 9373 0 3054 2127 5244 2486 9766 9178 6994 7691 9750 4777 928 5167 8456 9240 9601 8401 3890 299 579 1402 6965 2792 3978 1011 7302 5089 5 9509 558 9081 4952 3068 7430 749 3056 6217 3145 8973 5649 4150 3813 9656 4680 3433 4385 1549 290 4921 16 677 8299 1232 5708 37 8557 9157 244 977 2780 9125 6228 530 4413 2548 4542 9091 688 1863 6829 109 5202 8981 3699 51 5250 486 2427 4209 1698 6594 4713 2727 7860 1704 3613 1895 428 7919 4552 8134 3678 7503 269 7399 8354 6036 1560 4628 7219 6596 6566 5671 281 6141 6097 9127 9001 5167 1832 3839 4126 7938 4413 7876
7332 6478 8212 4394 1407 6383 7573 9066 2817 5605 8983 4373 2981 7929 9315 4720 7560 6774 9955 7935 584 8843 5066 9992 3703 2134 9229 2759 6543 3428 3886 5452 4359 6934 4880 3054 0 294 2519 183 6001 2815 6671 3896 9147 9349 5418 7292 4249 3985 5740 3534 8793 308 4003 2760 1749 6773 8270 5255 3016 5188 4769 743 1952 3754 4597 7229 3498 7205 9859 3824 7073 9130 9063 2061 6193 7200 3097 6479 6255 2894 2979 6785 3609 5835 5028 8951 4999 6454 7286 1245 2586 9195 7255 9704 7484 3197 1793 1411 1697 1273 6157 3769 4760 5008 5832 8451 2097 5402 9023 5178 822 8180 5573 9786 6843 3105 9662 406 1778 6664 9502 6108 1350 9324 9269 9097 4826 5463 201 9238 8929 8601 4107 9218 6079 6075 7340 7727 9105 7391 8110 8979 237 9918 2814 4012 4416 1391
1966 4978 1812 2089 6043 1440 5287 7421 2646 8139 8829 8386 5119 8740 2070 8182 1225 9721 2696 9693 7180 7215 4022 2802 9777 8773 4105 419 3578 4565 4240 2076 1382 4907 1375 2127 294 0 828 6083 7833 8264 7169 4579 5905 7906 9647 3247 4203 3195 9998 1401 2674 1266 2365 9854 1861 2681 996 5666 5996 2349 1412 9651 2825 6571 4061 7979 4130 187 35 9683 8235 7297 5549 5638 8281 1508 9013 5308 8020 2039 2133 3352 8625 7034 7814 6012 9812 143 1008 4573 7478 5631 611 5832 553 4769 4829 8687 9095 994 3418 1485 1978 3885 3263 1312 7522 7139 4711 7903 4227 5389 4049 4762 2743 4640 3569 4199 2942 672 8597 3201 2587 1509 3568 9267 8920 4640 2729 7572 2235 7430 1986 3544 9484 5118 6801 4240 7987 7204 7882 2091 9446 8696 1260 1184 5505 9134
6369 7506 1923 9003 9090 415 1671 6302 3494 4084 2007 9832 7867 4970 4139 499 1009 2706 3170 3998 8357 8558 3253 2341 9295 6897 8216 6556 6945 1674 2605 9938 7365 5091 9555 5244 2519 828 0 1522 4421 6957 365 9052 1443 8354 4359 1555 7510 7027 9007 8817 7226 7099 9775 3315 1107 4242 9658 9226 7959 2547 1102 3078 1478 9645 6953 2519 8354 1923 6522 5081 5933 271 9746 5414 9916 4060 2404 5120 5609 7433 4715 1808 1032 2475 8095 9323 5791 1590 9923 9879 3486 4503 1009 5677 6491 9966 5719 9507 9820 8704 6926 6265 7860 9539 594 495 3114 8019 6078 8677 726 9266 4529 3462 8992 4727 8137 2156 1108 2707 1850 7624 1120 4110 2629 3291 2724 5867 5195 1437 1693 1793 1238 9839 8213 7571 6960 6944 4830 9101 7789 2278 8361 4107 7504 1425 9910 7299
1529 1622 5117 85 8960 8864 4456 7039 9535 2566 5623 1806 8239 5964 8944 4208 9194 3885 4338 4097 1817 5108 942 3628 8789 8844 6963 1453 6277 4085 2710 3651 8358 5398 8743 2486 183 6083 1522 0 3637 9289 7603 5235 282 2176 5472 7632 7285 5254 6045 7587 2793 5769 6406 7002 9819 4260 4069 906 7601 3339 1762 1300 7269 339 5556 7197 4263 58 1857 5788 126 1405 193 4091 5629 7304 3183 8476 9567 562 944 9449 4752 8709 5490 3920 3362 4822 6116 1757 620 5539 4673 9621 4113 7540 1272 4591 9120 6770 9910 6842 9356 7029 5070 2178 645 3965 6976 7248 2275 5440 7968 680 6671 4234 5195 9738 2428 2421 7988 6177 2341 4172 4683 87 8726 7888 1753 171 1818 4567 6431 1409 762 4478 2089 1390 7679 807 9831 4195 2100 6720 3800 1188 4074 2290
5198 9078 3967 1864 4265 6257 8411 2422 6210 1523 6024 3374 8399 9934 3219 9505 5496 5055 6795 378 7724 8995 1711 5997 3455 22 1900 8486 3394 5326 5255 4423 8226 2760 6191 9766 6001 7833 4421 3637 0 9849 7850 4329 9977 5690 6277 2585 3698 4641 1823 7265 6393 1601 780 2899 2917 3626 1228 1165 7793 9735 3170 3115 537 2201 968 7965 4120 2155 3460 9086 5849 9104 5642 1532 389 5681 37 2624 1726 9199 7602 7277 3122 6879 1789 434 2505 202 1926 2908 2686 5338 7908 8201 3241 1717 1188 1903 972 5799 5190 8018 1631 3966 5662 3165 5952 9399 909 9075 8022 5473 7444 577 5380 2089 9427 7787 1956 9659 1690 4511 8007 7331 6222 7534 6701 5560 7774 5041 9399 8284 8614 8680 2654 7472 5411 3845 7157 6107 7206 7227 5417 3419 7163 2683 7038 5075
6350 7501 4693 7868 5077 1840 6020 4117 9986 2194 5932 3052 5723 4276 9209 2818 6250 1820 6616 7865 4260 3243 4775 8081 9213 5762 3988 822 9734 4776 7545 8094 7645 2065 4430 9178 2815 8264 6957 9289 9849 0 4266 1392 3698 8465 9304 8245 4032 6869 8166 5922 4260 1864 318 9510 9932 711 9001 9273 6662 2967 2401 2813 9365 6398 4132 5308 8005 3610 3124 3844 2798 3180 2322 8435 3006 9058 9960 8780 9628 9047 5834 3417 7521 7454 9307 9656 2277 2822 7634 1742 377 4503 880 895 2252 1787 5395 6593 8699 1999 2903 5753 3535 8806 6940 6701 2125 2341 1730 7807 8445 612 7630 1281 7900 9483 1797 9544 4194 3518 1073 1049 3274 2946 1319 2368 1093 6495 2298 293 8405 4889 2519 5197 3930 4146 1261 5682 2288 4859 1148 968 246 9034 8050 1800 7944 5111
713 8752 204 6091 4332 8118 3435 2230 5743 2213 6019 842 9729 8313 8921 6579 8158 3483 9353 6386 2355 5075 8352 1697 7058 5497 3748 8893 8265 5534 3998 9587 6144 7233 2929 6994 6671 7169 365 7603 7850 4266 0 8987 7988 279 8543 4269 3294 3712 8123 8116 387 9053 2867 5724 7753 3041 8421 3265 2901 5050 5323 9021 8787 2267 2263 314 4812 6320 3100 8070 5158 2245 2329 7566 5425 1903 8159 9505 4445 1815 6876 8506 6306 1119 5088 2027 5158 197 1542 8126 815 8930 4907 5090 9061 1073 5431 362 6043 8388 94 6914 3263 3689 8206 2253 7025 4257 1153 6030 5076 9644 3558 2196 1170 7776 1414 5551 2723 786 2211 8199 7697 7003 3065 3257 6096 2717 9971 5581 4750 8822 2789 876 4425 816 3421 537 7897 5662 9179 1308 9536 9930 777 7729 5539 6863
5955 1712 9142 7003 2719 3398 9276 9630 8522 5307 1842 4952 777 885 5901 7119 4935 4818 4578 7461 7476 3528 1289 659 569 5367 5974 2041 5489 7412 2788 9702 1106 7318 5868 7691 3896 4579 9052 5235 4329 1392 8987 0 6155 5150 9593 6364 9662 2898 7225 1182 3288 4684 2827 9860 7401 8754 8606 8551 9104 390 6156 9459 3587 8399 2391 8817 5032 6580 6537 1129 173 2891 4547 6921 8882 5058 1797 9192 2093 4993 5670 1065 9388 2522 6350 5247 2362 2959 9811 4351 201 3482 2531 3307 81 9828 4155 7831 7188 9162 4902 2932 2536 2080 898 8548 5796 980 2892 3316 949 9273 6463 8959 1731 9923 5900 6873 4770 9335 1002 3335 6693 3720 9636 3342 9081 5274 8622 433 5914 3600 1879 7674 9267 5550 1172 4327 1322 7722 3452 2544 5211 4024 1881 9279 7565 5010
703 8316 5607 9298 8945 5017 9016 4200 5687 23 5728 2513 4506 9940 9488 1349 294 432 8614 5970 1069 6705 7945 3289 8057 4680 1132 2981 1767 8019 7041 9070 8256 4770 5429 9750 9147 5905 1443 282 9977 3698 7988 6155 0 5797 6792 3383 7181 1655 2038 2574 4909 2677 3883 8548 8635 66 7577 4814 2395 2514 5590 7848 3797 2900 6527 3173 7201 7882 1431 2361 5158 2777 8505 8819 6015 2461 1204 2091 9920 928 4118 6873 7347 9061 9712 1313 6485 897 4259 7511 4599 9911 5088 3470 9754 7813 4368 4059 2508 6450 9313 2552 7150 3355 8039 8663 272 5687 7490 775 5548 5784 6707 1218 1489 1676 8910 9868 667 9495 8362 108 9682 6692 1659 9056 3336 2995 1405 8752 5174 3116 1203 6058 5431 6504 4300 845 146 1903 5066 4415 2867 1421 8366 2389 6538 4068
8957 3510 3812 4325 209 7562 811 1154 1360 8478 5527 5908 6519 8514 9032 9627 270 1531 3786 7969 7666 1702 4650 3871 169 1229 1057 9700 7347 697 2358 2066 9623 4098 4258 4777 9349 7906 8354 2176 5690 8465 279 5150 5797 0 1000 3480 7723 1219 9163 4098 3175 5659 8694 5811 7629 3179 4184 6853 4405 1150 6671 479 2636 8646 8587 4085 1360 6693 1395 8722 3011 9847 763 447 6916 7057 1281 9704 9046 4458 2628 2273 9994 4053 4201 5691 8501 6218 475 6907 8702 7190 2975 2087 2826 4744 2516 2696 6098 7259 2087 537 4244 871 138 4650 7789 9102 491 1589 7906 380 5531 5107 8711 3503 2344 7556 9863 3691 4539 4043 4656 1187 6537 3283 6820 1551 9247 5892 3959 8715 6641 9149 9018 4280 4352 2097 4903 5500 5762 3180 845 7297 7104 1786 7573 787
4538 8795 5497 1635 256 2605 9507 6310 4591 8531 2414 5835 5455 2285 5099 2405 9509 3726 4725 9293 7937 4636 4543 1600 2164 3630 9437 7657 6386 6375 6204 7941 994 3745 4807 928 5418 9647 4359 5472 6277 9304 8543 9593 6792 1000 0 4904 1736 5405 6226 268 6415 582 4884 9020 6389 9321 4420 1703 115 3675 5417 6282 760 749 4901 4541 1085 3412 9382 9821 9682 9357 4833 4086 512 4508 5284 4503 9065 1875 731 7315 2411 6027 8229 6251 3832 8595 963 9588 6073 2265 8276 1882 5612 9764 2427 8235 22 2387 157 3466 2935 5748 8478 6990 3086 5719 1858 1722 6195 94 5648 7456 739 2462 291 3933 4560 8466 6228 1642 2071 5397 4908 2107 4915 471 5412 6367 5789 4423 1643 438 1482 4502 1159 2647 6294 7988 7911 326 892 5787 8478 6088 1374 6609
4176 9485 7077 6723 8263 4807 5872 3517 1423 5766 5949 4790 2731 6407 4946 5867 8554 9012 5749 7237 7330 7318 1786 3968 4058 4519 4041 5116 878 4232 6562 5192 7744 2947 59 5167 7292 3247 1555 7632 2585 8245 4269 6364 3383 3480 4904 0 3923 5914 9221 2057 5800 9813 4177 4299 3953 7811 6807 835 7362 7251 1396 6844 9586 2317 1182 1040 4689 6033 1099 639 8258 5113 5720 2211 9780 1447 6223 5747 6689 7 2169 9474 8938 4489 8822 5684 6771 6522 1562 2513 2446 1747 3581 3163 4479 7123 1208 7765 328 5387 9320 3662 4427 6724 7131 1088 6695 3293 1385 8901 3549 1292 8190 3294 6432 2773 9962 2538 5920 4981 1084 815 4721 6589 5530 7930 4336 4713 128 8188 6119 123 8843 784 7381 3696 7096 9602 3908 5610 4555 5831 649 1623 242 6409 5365 9135
5323 4255 1261 9001 7627 9829 554 8091 5593 6205 3480 1714 4002 551 6665 9438 6596 7737 5760 9208 8356 3839 3729 5805 8062 5037 5789 1315 2840 5604 6946 4894 4717 2462 40 8456 4249 4203 7510 7285 3698 4032 3294 9662 7181 7723 1736 3923 0 988 7552 4453 9978 909 9848 8324 1919 5214 5710 9376 631 5254 8836 1865 221 982 8716 6589 9593 6067 2615 5287 7276 3685 9787 6796 9229 9051 6927 4147 2810 7461 1719 1332 9592 7886 3673 6103 2858 5861 4486 7923 5818 4960 7999 1696 5611 3873 5539 7731 3820 7072 7465 3629 7966 1557 611 1483 3216 2151 2332 4979 7322 5442 6225 8362 7620 2247 3171 8827 5826 4769 5591 8174 565 8685 4944 534 893 4259 6597 555 2685 2076 6525 1845 5449 5802 1375 8926 7956 9373 6643 9834 4139 9146 1585 2333 3797 2499
1214 8965 8338 9659 345 558 9659 2487 5830 224 9903 3808 9394 891 2996 9106 210 893 1131 5061 280 3528 6970 5667 6129 8210 8350 9482 5402 5326 9813 1818 1672 2449 5796 9240 3985 3195 7027 5254 4641 6869 3712 2898 1655 1219 5405 5914 988 0 4980 2323 4055 1899 9561 7792 119 3548 6335 8662 3369 5759 8382 8614 364 1578 6267 9235 6155 2256 7765 6392 7690 9245 3215 277 2011 3119 8779 2368 8261 674 4858 7913 1716 1025 4699 7762 9459 8934 1168 625 3564 9448 2327 637 6426 4778 3776 2736 48 5315 5473 7065 2980 4433 4053 5959 7094 8840 4261 7649 4055 6284 6643 120 4253 1908 3410 7084 148 3083 6322 9298 4748 8962 9508 2775 2638 821 8986 5113 9301 4943 5165 3849 7424 4545 3732 6534 715 786 1494 5538 9287 4903 6041 3400 5316 6108
936 4412 838 8273 3438 585 8711 6303 5560 1403 9699 2016 2580 3292 142 6022 5194 7890 8032 7258 3697 6850 7166 4989 2881 6164 6711 8682 6647 1818 7022 8803 1448 7674 6017 9601 5740 9998 9007 6045 1823 8166 8123 7225 2038 9163 6226 9221 7552 4980 0 6255 271 5749 1064 8616 4277 5494 8521 6635 7513 4087 5818 5129 170 1641 2132 2202 1035 8534 2379 1643 4271 8435 9026 5776 4728 9159 2478 9972 8265 5442 7623 1378 6031 8959 557 7496 1730 9484 9029 2801 8914 5799 8315 4297 2353 8274 1674 711 7083 4773 5257 7781 4053 7321 9415 1680 4889 7927 5385 154 1883 8942 8592 3384 1507 6469 5183 6683 2058 1657 3088 2707 9225 3789 1154 1201 6102 4560 5847 8665 2908 6702 9826 1281 7812 854 5708 6362 8053 927 5980 4955 4380 8704 5601 5494 9215 8875
9627 5935 1151 9232 5853 6688 4828 9836 384 3761 6048 7196 8614 605 5654 2004 5030 3725 3843 2993 8538 6418 4388 728 9926 2958 5650 4437 6972 7733 6676 3556 8359 651 1056 8401 3534 1401 8817 7587 7265 5922 8116 1182 2574 4098 268 2057 4453 2323 6255 0 7172 7118 2994 14 5545 1392 5238 6860 2050 1099 9935 8933 8083 2803 4853 9901 378 2101 7590 3389 6823 9999 1584 403 1093 279 2357 3184 7882 4684 5118 2503 8112 2235 9443 5326 3089 770 6669 92 8710 4433 8069 2310 4632 4385 7639 6025 137 2241 4717 7705 5657 4837 1837 1467 3942 6029 1318 4343 7815 967 1744 2891 5163 269 1641 3806 5262 3428 3130 4002 612 4151 1616 4457 8134 4126 808 2459 5839 3697 1489 1463 7533 6421 1870 929 2482 1770 2844 9908 2391 8534 9299 6431 1097 1457
2230 6023 9737 510 1954 5655 3203 3200 8917 6253 8721 3211 5025 5907 4707 1613 8754 4264 7189 771 5668 1964 8027 2857 6163 35 8192 4421 5013 6486 2551 5464 4461 3311 8440 3890 8793 2674 7226 2793 6393 4260 387 3288 4909 3175 6415 5800 9978 4055 271 7172 0 7368 2246 5694 46 5092 1199 2042 7120 499 1651 323 2481 9249 6135 5925 365 6832 1862 449 8438 3501 7021 3420 519 2190 4802 158 253 1564 5460 4011 1485 1613 4899 5316 1485 8044 2438 3873 2059 2810 6402 6052 4447 2012 6737 1796 2005 8952 6528 6159 7975 4251 1743 776 9018 3730 4260 6829 5686 4837 2830 4010 4871 7376 4902 7779 9824 1020 8152 2676 5575 8258 6002 4256 6868 6150 5336 8867 2457 3539 3663 5271 6909 2497 6750 6101 8501 5837 8071 6870 5022 1119 52 1745 3806 1002
9270 9838 7197 9018 9987 6370 7973 3273 8020 6422 566 9660 1275 7939 2148 3302 2894 1095 7809 1537 1337 2692 4894 6567 6514 7740 9366 6693 5721 2744 6046 8004 2039 7768 7450 299 308 1266 7099 5769 1601 1864 9053 4684 2677 5659 582 9813 909 1899 5749 7118 7368 0 7413 4049 5649 7311 7328 2026 1479 1661 9685 8281 1297 8429 3598 66 7762 6367 8064 7444 2323 6850 1200 1304 8217 6034 5718 8327 8008 3944 8436 9127 1114 4845 6225 2439 9341 1699 5448 8748 341 7871 6614 2523 1301 915 397 9350 5513 7443 9183 6158 6889 4494 6208 7079 8893 292 7629 3700 8611 9481 6982 1453 7935 5481 1824 5188 791 4771 1557 1527 5846 1351 8877 7105 6103 1803 1301 1606 131 5899 2611 4034 8685 9791 9450 344 5266 9142 1864 6720 6673 2084 8188 7199 1419 4889
