100
0 816 5853 5865 1094 2203 6835 2288 6774 4975 6208 2482 2232 7559 9271 8938 9920 1185 5111 2121 3599 8255 5410 5138 3993 765 1880 1745 4088 5637 6891 1291 2802 526 4329 2048 6507 7240 5986 6960 9130 8383 1218 6078 9299 1244 9914 2709 3533 1351 7728 4011 2020 1445 6916 2799 3989 8497 279 3220 3686 971 8608 8293 9800 729 4748 2914 9468 5856 3402 8769 480 5253 156 923 7013 2063 1108 3781 7947 2380 9852 8031 1333 8205 9456 284 9691 622 6071 5723 113 9392 7322 2130 4355 5749 9406 321
816 0 8064 8926 7746 4877 2382 4971 7130 2564 823 1139 6197 1589 1892 9013 2921 9308 9994 1242 6659 9263 5483 6670 2371 741 4319 4944 6209 15 5668 8064 8420 1973 925 7092 8387 7530 4611 737 5561 6813 2553 3443 5142 9949 3158 384 4654 6842 4970 8995 9678 3598 4848 2513 7896 8351 1133 1823 7237 9734 313 6503 6768 2043 3401 1905 4126 2363 4128 7855 4041 6378 878 4490 3974 9486 8669 8071 2996 1295 6582 4442 1170 3539 7276 7261 3694 2702 1871 7475 4953 7520 3999 4519 6623 461 3246 2315
5853 8064 0 1659 1211 3476 4866 9974 5403 9963 6218 3174 4872 5929 3109 7911 2242 1293 6109 7853 9528 2976 4842 2633 1770 4321 5444 4472 131 2310 6847 9791 9247 3007 4244 5363 8276 7304 4299 117 8681 5675 8922 7060 7748 9258 2910 4551 9448 1235 9134 1852 5179 5238 8701 6550 2063 9804 6031 7462 8206 4357 6461 7955 8228 2709 4730 777 9749 8695 7357 3776 9791 1399 7803 4202 3527 967 8631 698 6520 6022 6781 599 4485 6839 7671 5693 5197 7180 2449 4944 6222 8684 1450 8975 1748 7584 6306 8346
5865 8926 1659 0 8932 6219 7602 8116 1699 536 8557 2036 9242 9032 1906 5192 4816 9598 9876 6069 5662 311 8176 7589 9603 6214 8422 3297 9554 5760 2202 2522 9986 6420 7716 2330 4437 6774 9731 7082 3796 6626 2738 3776 7901 9923 7711 4875 6374 7308 5257 1859 9435 9521 9282 295 8691 7699 5450 5942 3598 2932 5722 201 3815 8410 6437 9290 5702 9526 362 7427 4063 6154 5520 5163 2585 5011 3718 7436 7000 7454 5362 8108 1198 234 4379 4213 4406 4171 9074 479 4347 6850 9286 5307 938 4942 8326 3679
1094 7746 1211 8932 0 8076 7441 9172 78 882 4752 4538 1112 5930 4459 5792 4814 7931 7172 1378 8596 3564 5010 7395 1167 8709 1141 7988 9929 5821 6643 1740 2043 7622 3084 429 9690 8912 4216 7370 736 9799 875 2041 3881 6967 1797 7413 6046 6287 9967 6869 3427 7525 9463 8362 488 712 6110 3549 669 3782 4855 9173 577 5077 8023 5705 3285 530 5036 7922 611 5634 8185 5878 5923 1560 6123 345 6911 450 2464 5279 8452 2226 9310 2208 4524 2796 388 8913 7040 9120 7685 5282 3428 8313 3352 4679
2203 4877 3476 6219 8076 0 4589 956 9147 8381 2276 3040 4244 1300 5702 4193 282 7341 1155 9507 8899 1938 8343 3950 5037 8367 4903 9886 4719 3151 1662 1502 4056 6505 2413 2183 562 993 4749 8375 677 7688 1056 5104 7701 9908 5031 9262 9591 3064 7179 4449 2507 3701 7724 3488 2533 519 6783 3748 7520 7655 3806 5492 6746 8546 638 5908 2636 1315 1691 8747 8569 9973 4396 7106 3035 609 1435 6615 42 4387 6709 37 7960 8971 3020 2210 9080 4763 7774 467 4598 2961 1833 8173 7176 3869 7693 6036
6835 2382 4866 7602 7441 4589 0 7099 177 3259 8640 1434 4437 5452 350 2692 2125 1091 7526 7543 1833 6007 9560 8277 233 9637 9726 3779 123 2046 4028 9138 9139 9676 8955 5220 9992 2150 1708 7493 5178 6650 9585 1291 5844 5538 1169 5648 5817 6069 2152 2505 7623 4252 9259 3797 1873 9973 6097 5079 8501 6256 6121 2694 9608 7917 2723 3152 7046 5459 405 5792 1813 5120 4635 118 7270 166 8942 9931 6305 2008 4103 7033 2438 396 5717 3375 1680 2532 8257 9759 3660 3378 570 3774 7012 6322 9237 3410
2288 4971 9974 8116 9172 956 7099 0 9643 7890 6869 7167 5688 2233 1794 3492 6048 9905 6726 130 9742 1154 5560 786 6478 2701 6010 141 9978 8618 9476 629 8011 971 4861 7135 5034 606 4360 5347 8037 5878 9561 1890 5149 6438 3721 3179 471 6414 4282 5100 2127 2521 1163 5542 8202 1242 1677 9392 1940 1990 6298 3091 1412 8332 7048 4089 2677 7833 4494 4896 2979 1495 5330 9757 3994 1908 6271 2895 2144 393 3240 3225 7714 5712 5714 8236 1357 7956 313 3676 3062 7056 6326 6901 1655 1464 7907 2656
6774 7130 5403 1699 78 9147 177 9643 0 7105 1082 4019 5177 7158 7282 6964 833 8284 4420 3074 3046 4574 1703 2196 4450 7894 1842 3586 4663 7428 268 7566 7955 3877 2326 3828 9886 9777 9253 5187 5542 3630 5986 1693 5909 8444 1506 5649 1893 5167 872 5950 6875 6141 9886 7383 2687 727 6442 8207 6173 7670 4100 1753 8204 4142 3713 195 9960 4582 2490 2341 3657 8973 7327 5305 7028 8868 6986 8005 4174 8847 2389 1267 7084 5948 7095 1856 8225 2167 697 5628 7390 7395 7236 8925 2348 6752 7376 7704
4975 2564 9963 536 882 8381 3259 7890 7105 0 4971 9593 8417 7540 7641 6751 3697 3916 8170 9685 4454 9913 9315 8712 4394 7915 7483 2748 7378 1193 3975 1904 3976 3542 1107 1459 4841 5932 6908 9951 5625 3877 4022 7070 9498 7602 2405 5338 3259 3254 2348 3271 9166 4473 9447 2077 5950 5625 4187 7763 8406 2686 1585 8700 9541 7579 3443 8829 6194 1521 131 3022 1010 7520 5902 5268 4729 4499 682 7801 6802 9942 7279 9372 9031 569 7392 3800 7012 7997 9497 9782 3267 3668 3242 2425 2730 8485 7899 1875
6208 823 6218 8557 4752 2276 8640 6869 1082 4971 0 4279 4989 3167 198 4156 7754 8843 4921 6006 410 7204 4356 1255 2013 6877 9148 3112 97 521 6758 5784 4914 368 6243 78 858 346 7111 9496 3520 6028 4872 9595 1947 8366 9910 178 9188 547 4282 3912 4856 6002 7339 5903 7637 5472 7121 3710 4347 3977 4021 8240 7298 4233 5030 5247 7349 8096 9037 5128 4568 85 8863 3611 7198 5637 6063 1338 4829 1257 1798 4473 8447 1404 5500 9047 9112 3534 2590 7467 2453 8543 5266 2351 7021 6573 6983 4036
2482 1139 3174 2036 4538 3040 1434 7167 4019 9593 4279 0 7419 6302 2056 3791 389 2820 459 2932 2102 1010 5886 3091 8478 1600 3901 2988 4059 416 5146 2099 7712 3252 4354 6101 2141 5860 5240 3533 3945 6956 6246 2739 742 2441 5627 9547 762 600 3709 4168 571 6521 6572 7736 2139 5955 7804 3079 385 3682 9092 939 5253 324 6232 5347 6692 8317 739 7809 1384 2785 6028 5164 1438 7253 2086 3532 2646 2321 3646 6959 1446 5383 136 2559 8325 3679 3180 1922 6762 4654 8649 4607 4322 4744 3625 4845
2232 6197 4872 9242 1112 4244 4437 5688 5177 8417 4989 7419 0 2221 1283 2015 2276 1118 1435 5060 8519 2061 5278 7147 1313 6606 7481 9536 1400 489 7952 5299 88 3399 631 1668 9409 7817 7635 4478 3799 5994 4415 5320 1744 9215 278 8916 8383 7163 7287 330 6232 9548 657 5623 7959 2959 8529 8948 2528 8710 9119 4952 8044 7781 3959 7467 3061 2152 2181 8066 8875 3745 6402 3264 20 8163 4900 5210 2443 6686 8652 1022 8358 3950 4406 4431 6442 7750 1014 2318 3685 1761 8312 3228 8938 1569 4884 9665
7559 1589 5929 9032 5930 1300 5452 2233 7158 7540 3167 6302 2221 0 4971 6392 5784 846 7042 3393 4070 6687 8810 7486 2419 6678 1652 9881 6467 6678 9792 8070 1198 8038 1492 3998 5518 1717 7170 6761 9947 4025 981 192 8551 9689 5261 4063 7730 2702 8981 8918 5841 1729 5822 1078 1432 5555 5136 2310 8246 9969 5023 3405 6445 2171 9950 6476 1273 7719 4508 2973 7443 9161 1720 512 7659 9681 6654 2804 3308 2522 8326 263 7962 8011 7232 2770 1905 5645 4513 6922 1127 776 6391 8422 6976 3083 6062 4320
9271 1892 3109 1906 4459 5702 350 1794 7282 7641 198 2056 1283 4971 0 7739 9626 2290 2839 7808 8007 2713 9912 7231 246 6061 7607 1931 2143 3640 3415 4319 2663 4652 7794 6800 395 3038 1969 1577 2468 5733 9745 2063 8044 953 650 2891 2656 7657 1905 8879 7246 4785 9294 6438 3107 6230 9605 1323 7441 5527 2798 8942 8150 8028 236 5519 1021 339 3812 3828 4252 5124 7731 2359 876 470 8735 8421 4467 9073 3249 1793 6010 2830 4785 2316 8441 1390 5155 1098 9335 5554 6682 9999 710 7310 343 3107
8938 9013 7911 5192 5792 4193 2692 3492 6964 6751 4156 3791 2015 6392 7739 0 128 7579 3024 2438 7151 5533 1877 7274 9346 2387 5981 4957 1122 2935 7317 5476 7316 947 8961 7480 6080 2359 3806 133 1120 8811 5588 7189 464 5788 4284 2724 8248 8709 3014 8896 9234 1117 3435 2560 4115 2571 7068 2913 5037 1086 1948 782 5442 4077 6362 412 3533 55 2099 9101 7060 4994 9709 3490 6167 4675 8205 362 2276 5810 1188 6913 574 1570 4652 1579 4042 5826 717 3590 1928 7725 9612 9735 3031 5906 140 4849
9920 2921 2242 4816 4814 282 2125 6048 833 3697 7754 389 2276 5784 9626 128 0 8191 2375 5551 6043 7250 7116 866 3883 8287 8093 9986 3142 3856 6321 1176 8630 4650 5501 1538 3676 3798 5005 8717 1509 943 5579 2296 4128 4579 1129 6505 337 1402 3860 4823 9512 7190 7842 4455 7396 6806 5685 6441 7759 1871 2385 3353 9455 9546 681 8379 369 2003 7274 8875 1528 2059 7106 658 5595 9117 2236 3867 3975 7626 1710 6699 8256 9835 2990 3595 8916 7478 3679 4685 1134 1313 5652 6217 7659 1090 3281 6820
1185 9308 1293 9598 7931 7341 1091 9905 8284 3916 8843 2820 1118 846 2290 7579 8191 0 2327 7163 2496 392 9872 2078 2352 7939 101 8671 255 8721 1382 6374 3906 7508 8639 67 1323 8765 3090 3600 6649 7976 6475 5991 4903 6844 1725 6081 5535 6521 9353 7334 2851 6575 6162 9540 2369 3117 642 5925 9150 4787 3546 6710 1057 4198 9900 1172 2255 141 7352 4861 5285 6071 1637 6167 9825 9979 5134 5521 9686 7513 8520 3833 4384 888 841 1016 9854 2817 2475 9409 9187 2431 5233 7502 9472 2460 9251 4416
5111 9994 6109 9876 7172 1155 7526 6726 4420 8170 4921 459 1435 7042 2839 3024 2375 2327 0 8704 9468 6234 6216 2545 28 7720 175 2374 6497 8716 7340 6500 5363 6082 548 9482 8000 2088 9461 1293 9510 4820 8487 8908 7989 1356 5237 820 2602 4176 5721 7032 3310 1130 7820 6924 3986 7308 6030 8829 9697 3611 7692 2393 5 5747 7131 6430 2171 9381 9684 4714 5822 1107 9476 7267 513 2102 5209 666 4085 9669 8184 6111 1475 799 2841 9745 8892 9232 2250 8627 9301 4044 6560 54 5950 9307 9929 5080
2121 1242 7853 6069 1378 9507 7543 130 3074 9685 6006 2932 5060 3393 7808 2438 5551 7163 8704 0 974 2954 9083 9630 3198 9014 8811 2160 8739 8380 2341 6374 6168 1510 4928 7054 8618 8560 9649 4496 3646 1461 7810 5304 3346 199 4951 5208 2621 5894 827 4117 9909 4774 7689 3826 5349 7253 7471 2083 2839 7100 8977 742 727 5553 5431 4381 5807 8763 9326 1842 5789 4303 7366 155 5357 4421 5349 993 7002 6032 8491 8654 2391 1886 5141 1982 3255 5424 6858 3518 4142 3400 4761 3334 222 7876 9584 3845
3599 6659 9528 5662 8596 8899 1833 9742 3046 4454 410 2102 8519 4070 8007 7151 6043 2496 9468 974 0 5379 9049 1977 6441 2527 9220 2495 5202 9650 4103 9849 2625 8785 3701 1644 7706 658 526 1305 8637 4511 5267 1292 7266 2898 9311 4280 739 7806 3006 6724 4153 6061 1893 3960 5809 9368 8 803 1382 6240 2917 1734 1374 6995 1003 9083 1212 8380 5076 5752 2035 4265 8261 4598 6889 8211 5810 6351 2790 8713 9313 7287 3130 9685 2821 2412 8057 5714 6041 7214 1269 1243 1217 2480 538 7456 7218 9083
8255 9263 2976 311 3564 1938 6007 1154 4574 9913 7204 1010 2061 6687 2713 5533 7250 392 6234 2954 5379 0 1809 6012 6564 290 4408 868 5459 3691 2241 5691 9606 8753 140 6582 796 5250 8908 9809 6464 1616 6382 3897 645 8690 5280 375 4893 9073 6014 4374 7834 7775 7220 7312 9314 4908 8584 9568 8605 1028 5725 118 21 274 4531 6702 3300 24 3040 8568 2004 3646 7025 8348 8299 1543 8809 1451 7838 9251 7372 6097 7247 5106 3015 3759 3999 6073 7944 6066 2023 1356 3867 3808 3212 2942 8763 2794
5410 5483 4842 8176 5010 8343 9560 5560 1703 9315 4356 5886 5278 8810 9912 1877 7116 9872 6216 9083 9049 1809 0 136 5721 3906 149 9550 9354 7915 2882 6138 7041 7764 5343 2178 6945 5743 9060 150 8690 5598 9643 1376 2270 8799 231 648 529 8520 9147 1875 8673 1948 4142 2367 1961 3885 7742 5219 6780 1375 8733 256 4474 8823 7683 7771 1662 3732 5817 6249 5204 1988 646 4276 1570 5875 2200 28 3214 4138 451 451 9458 9613 9295 8797 9965 7904 5254 9989 8245 7496 9415 6100 672 8703 946 4005
5138 6670 2633 7589 7395 3950 8277 786 2196 8712 1255 3091 7147 7486 7231 7274 866 2078 2545 9630 1977 6012 136 0 48 3193 7550 9796 8051 959 2081 6780 2749 7867 9963 5595 9705 2273 5997 4283 2931 2145 5660 4054 5897 4630 8929 9390 7649 6044 8695 3067 7224 994 7505 176 2105 2658 7962 2064 325 5404 6281 6210 7025 309 9249 1605 3275 1077 3022 9060 4418 7921 8534 7412 4795 2950 2068 7619 5449 7677 4601 4541 4118 9240 3720 2604 3586 2527 2910 7464 7503 6619 2775 946 66 9571 6267 8145
3993 2371 1770 9603 1167 5037 233 6478 4450 4394 2013 8478 1313 2419 246 9346 3883 2352 28 3198 6441 6564 5721 48 0 5588 8977 9537 3862 5820 2331 823 2298 9116 7459 7016 2346 7337 6148 9418 2835 271 6778 8479 2606 9715 9060 8620 7709 3968 8585 5372 310 1904 3281 371 2100 4926 2942 3408 7322 9400 1742 671 7968 9368 3401 2696 8097 5236 8994 6014 5421 120 2293 1921 4239 5257 3649 6799 9989 2881 3141 5563 8267 228 6439 3609 3977 7359 2105 4570 5606 5872 5189 920 2401 1327 7402 1686
765 741 4321 6214 8709 8367 9637 2701 7894 7915 6877 1600 6606 6678 6061 2387 8287 7939 7720 9014 2527 290 3906 3193 5588 0 2601 4399 4166 1327 2901 500 3143 7531 1159 3029 2343 4383 5298 5795 8292 3400 1785 147 5939 926 2211 128 5716 6228 351 6510 7244 631 5919 4921 9725 6500 6727 1940 3285 2832 3802 9350 9254 1708 3188 5722 8315 3369 5475 7626 7230 6368 1252 1328 335 2043 7661 6666 7074 9810 6373 4211 9214 1231 6787 7062 4817 6333 1949 444 4432 4919 8867 8818 4476 3797 3691 9171
1880 4319 5444 8422 1141 4903 9726 6010 1842 7483 9148 3901 7481 1652 7607 5981 8093 101 175 8811 9220 4408 149 7550 8977 2601 0 1518 3771 183 1227 7369 6520 8410 8785 622 2611 8353 5525 4474 7683 7737 5227 2520 1787 7564 2893 3203 9080 8575 6041 2321 6502 8185 3570 8568 1464 5541 1187 217 5574 6888 7113 5417 9133 776 5897 3259 4236 3956 4127 4632 286 5907 2775 9152 5892 5167 4889 8311 1237 1397 4149 4167 2578 2329 5034 9429 6277 7407 8044 6636 6318 6793 1546 6320 8486 9481 5066 9480
1745 4944 4472 3297 7988 9886 3779 141 3586 2748 3112 2988 9536 9881 1931 4957 9986 8671 2374 2160 2495 868 9550 9796 9537 4399 1518 0 910 4695 3170 5355 1156 5690 9547 920 2419 2819 8895 6422 6789 9483 3040 3898 1249 3661 5550 2201 6682 551 7516 4266 4200 8691 445 1153 5073 3664 2070 7219 9797 4959 2323 419 6905 8145 4681 1585 5986 3275 148 9228 3120 2645 174 3986 9047 8013 8588 3962 2008 247 6289 4040 8473 7097 4530 2440 9816 1104 747 4303 1926 419 1523 4853 6199 373 244 3185
4088 6209 131 9554 9929 4719 123 9978 4663 7378 97 4059 1400 6467 2143 1122 3142 255 6497 8739 5202 5459 9354 8051 3862 4166 3771 910 0 4533 9579 5087 8820 2388 1406 1399 7533 4786 6371 4737 7071 5809 6519 124 6223 8239 9322 7173 2719 8496 6174 473 7765 7556 1688 1191 9998 5227 6122 8419 4313 256 8031 4502 9984 7821 7618 4740 8464 6835 3764 9933 1524 3846 1569 8490 7108 9971 626 9833 3563 3212 3927 3046 3674 1025 577 9691 5067 1258 9250 2130 7641 4009 7551 8290 7126 9182 3022 3804
5637 15 2310 5760 5821 3151 2046 8618 7428 1193 521 416 489 6678 3640 2935 3856 8721 8716 8380 9650 3691 7915 959 5820 1327 183 4695 4533 0 1676 7184 1454 9437 1429 3654 6971 7290 8691 1548 5990 7298 1780 471 2715 9595 9261 9028 4546 9325 3250 7599 6413 6962 1883 6740 5206 8252 4765 1497 4316 105 4472 9624 8476 1573 7754 4108 9846 1448 7767 3174 6068 4009 4630 2427 5176 1884 3159 5773 7555 2904 7897 657 3763 397 4492 2445 2560 6387 1603 3609 1395 7089 5952 3867 9765 9538 5695 9062
6891 5668 6847 2202 6643 1662 4028 9476 268 3975 6758 5146 7952 9792 3415 7317 6321 1382 7340 2341 4103 2241 2882 2081 2331 2901 1227 3170 9579 1676 0 6362 3600 7167 3796 1421 6619 9151 9605 1270 9702 3364 9917 5136 4584 986 4299 8744 113 9632 459 5673 3216 2686 9925 1361 1168 3342 9322 7843 2134 8254 1990 6243 2328 1767 1270 1939 4699 8046 9352 3099 1684 1231 1640 7380 9928 684 8499 9637 1578 4117 2878 2526 8387 579 3078 3476 2117 8785 840 1124 1147 2036 7516 5622 1681 265 7252 5593
1291 8064 9791 2522 1740 1502 9138 629 7566 1904 5784 2099 5299 8070 4319 5476 1176 6374 6500 6374 9849 5691 6138 6780 823 500 7369 5355 5087 7184 6362 0 2887 7597 2740 181 8586 9211 2130 4286 6772 478 9707 3933 89 8809 111 5403 8762 6552 9136 2608 5617 7235 4393 6220 4615 7838 3310 7761 6755 268 3259 3016 790 2632 9680 1176 2934 5232 1770 1354 128 4743 122 3860 7733 6432 9765 9321 2354 4989 8574 3311 7759 8488 6459 1234 2664 3172 3834 1112 3212 8822 4168 1791 1238 7098 6764 2324
2802 8420 9247 9986 2043 4056 9139 8011 7955 3976 4914 7712 88 1198 2663 7316 8630 3906 5363 6168 2625 9606 7041 2749 2298 3143 6520 1156 8820 1454 3600 2887 0 9264 3789 4096 655 2532 5952 9341 7474 83 6595 1591 2757 4927 7793 8733 6182 2035 4770 9465 1568 8570 4984 2444 3788 9752 6276 7756 8278 7623 7600 7069 141 6514 5964 1086 5574 5495 5873 5097 6103 2454 3665 4865 4009 3804 8108 7776 7599 793 2402 1212 1140 6701 7358 4839 446 1210 4790 601 2231 9476 5652 9190 1012 4494 7511 9359
526 1973 3007 6420 7622 6505 9676 971 3877 3542 368 3252 3399 8038 4652 947 4650 7508 6082 1510 8785 8753 7764 7867 9116 7531 8410 5690 2388 9437 7167 7597 9264 0 5609 4906 8773 148 191 5757 154 6420 2196 5653 810 8091 8827 9738 8971 2133 3274 647 7480 8117 1982 2022 7014 5461 7860 3559 1117 6460 6069 4233 7050 2292 4519 3359 315 7467 8097 3356 3918 481 712 7006 2155 8137 1978 9009 3220 1849 5464 518 4262 1262 5276 4434 7274 6036 1228 8424 3468 7061 7409 3790 3908 9757 5110 2098
4329 925 4244 7716 3084 2413 8955 4861 2326 1107 6243 4354 631 1492 7794 8961 5501 8639 548 4928 3701 140 5343 9963 7459 1159 8785 9547 1406 1429 3796 2740 3789 5609 0 9902 359 4838 1197 913 9559 5592 1480 9534 9422 9420 1567 8866 6331 77 466 5212 8763 5836 6929 8154 2784 5295 4538 7696 5072 1001 1249 590 8195 2708 8743 1031 1836 7967 8409 5887 461 2713 2703 193 1073 6795 7036 5150 2372 2822 707 9821 9928 3256 2378 3081 6380 9546 1122 9023 3355 7349 8712 384 3798 2900 8879 8726
2048 7092 5363 2330 429 2183 5220 7135 3828 1459 78 6101 1668 3998 6800 7480 1538 67 9482 7054 1644 6582 2178 5595 7016 3029 622 920 1399 3654 1421 181 4096 4906 9902 0 670 2394 5415 7582 2211 6190 5843 5912 7629 8824 4605 612 1569 9536 2661 6725 4619 5522 7532 4996 8897 4217 2361 856 7317 3264 5096 6609 6084 9796 9030 6807 5737 6716 2048 6622 5466 9704 9246 9207 2836 6800 1120 9459 7356 1112 9637 3923 6419 5363 3397 4130 1456 787 4170 8568 9776 3282 9084 5213 4906 714 8806 2269
6507 8387 8276 4437 9690 562 9992 5034 9886 4841 858 2141 9409 5518 395 6080 3676 1323 8000 8618 7706 796 6945 9705 2346 2343 2611 2419 7533 6971 6619 8586 655 8773 359 670 0 8822 9556 14 4554 1367 482 3777 6508 3402 193 3984 5548 7520 352 5038 8376 7080 4812 4754 4532 3068 5121 9997 469 4491 3356 4341 9520 7854 7372 5057 259 1393 192 8500 1309 848 5893 4594 2220 7039 3495 4258 9567 3196 6903 4209 1433 9707 6760 2185 1019 3160 4254 4397 7355 4820 8689 3299 6381 7645 9013 6846
7240 7530 7304 6774 8912 993 2150 606 9777 5932 346 5860 7817 1717 3038 2359 3798 8765 2088 8560 658 5250 5743 2273 7337 4383 8353 2819 4786 7290 9151 9211 2532 148 4838 2394 8822 0 3329 5865 1770 2924 1525 4049 1306 9011 4556 309 1210 1693 6969 9741 8489 622 1509 7991 4884 742 7690 5072 8467 4700 5835 2216 7932 9780 858 1217 7256 639 999 4365 4247 1040 5567 6745 6410 1710 10000 2079 7394 7367 7225 7885 1621 7557 5988 6606 2139 341 1751 7247 3172 2908 7543 1400 8870 5275 2336 6288
5986 4611 4299 9731 4216 4749 1708 4360 9253 6908 7111 5240 7635 7170 1969 3806 5005 3090 9461 9649 526 8908 9060 5997 6148 5298 5525 8895 6371 8691 9605 2130 5952 191 1197 5415 9556 3329 0 974 3174 9151 618 4365 4069 193 6685 5609 8330 4366 6536 5895 1658 3914 8932 6542 4800 5982 5120 3923 9483 6425 7721 2695 8784 7721 1336 3055 4090 3354 153 1008 4366 4594 6123 1254 6119 4795 9254 8919 763 1923 4086 7057 442 3437 8511 6607 2198 8756 5118 8471 8337 5423 8712 1052 265 9707 1802 1997
6960 737 117 7082 7370 8375 7493 5347 5187 9951 9496 3533 4478 6761 1577 133 8717 3600 1293 4496 1305 9809 150 4283 9418 5795 4474 6422 4737 1548 1270 4286 9341 5757 913 7582 14 5865 974 0 7352 1135 5427 1645 7502 8504 9008 3802 1986 2262 6312 3186 9985 5896 9397 5303 1880 3326 6620 5026 9962 2889 8858 267 7710 8414 1865 1219 636 2885 4438 5702 1175 2544 1460 626 4831 5002 5171 2079 1215 3911 9676 2798 5558 1431 4272 165 4274 8933 2833 949 1822 5765 7388 310 754 8152 9294 229
9130 5561 8681 3796 736 677 5178 8037 5542 5625 3520 3945 3799 9947 2468 1120 1509 6649 9510 3646 8637 6464 8690 2931 2835 8292 7683 6789 7071 5990 9702 6772 7474 154 9559 2211 4554 1770 3174 7352 0 1306 9386 8596 9622 4690 5318 2212 1225 8137 2893 5409 6454 8297 3273 3876 2209 4599 8203 5672 9492 3775 6011 4781 7591 7203 7496 7131 8090 9394 6264 8639 6199 3691 4761 8140 4044 9960 1786 5200 5677 1863 955 9582 9229 799 3560 5380 174 9042 4769 8397 5569 7032 4083 6521 9898 8986 5708 8851
8383 6813 5675 6626 9799 7688 6650 5878 3630 3877 6028 6956 5994 4025 5733 8811 943 7976 4820 1461 4511 1616 5598 2145 271 3400 7737 9483 5809 7298 3364 478 83 6420 5592 6190 1367 2924 9151 1135 1306 0 2954 3233 6314 9865 8439 3916 6595 472 9567 4665 4421 9077 5618 9163 7267 5168 527 194 513 7051 4790 8861 1315 3500 1072 2217 440 38 4352 2366 5238 6541 9381 6152 3265 1380 8670 1532 3482 6168 5434 2308 2218 2070 8871 2403 7446 1648 6739 3603 4712 1772 1496 4297 7592 7071 952 4001
1218 2553 8922 2738 875 1056 9585 9561 5986 4022 4872 6246 4415 981 9745 5588 5579 6475 8487 7810 5267 6382 9643 5660 6778 1785 5227 3040 6519 1780 9917 9707 6595 2196 1480 5843 482 1525 618 5427 9386 2954 0 4417 7086 5087 9826 2861 4068 6543 6333 7863 5711 5581 1700 4460 5619 1949 1683 7473 2467 4290 5593 2315 9193 6672 1684 9692 9321 3627 3527 4429 1026 8476 6058 4621 7126 8392 8463 4711 8571 2667 8180 3227 2423 4603 8970 8785 6598 1814 8539 6911 2229 9906 1600 2536 423 97 2253 3114
6078 3443 7060 3776 2041 5104 1291 1890 1693 7070 9595 2739 5320 192 2063 7189 2296 5991 8908 5304 1292 3897 1376 4054 8479 147 2520 3898 124 471 5136 3933 1591 5653 9534 5912 3777 4049 4365 1645 8596 3233 4417 0 9643 4393 4569 4124 8669 5890 9581 6465 7080 8747 4433 7043 1742 9327 9223 9843 6666 7045 3454 3520 2141 791 49 6839 5633 9186 9816 3729 5744 7205 1747 7981 4340 8830 1435 4230 9566 1147 644 2863 6619 4623 6210 3382 9269 7462 8532 8423 8980 7166 4408 6548 4291 2357 942 1926
9299 5142 7748 7901 3881 7701 5844 5149 5909 9498 1947 742 1744 8551 8044 464 4128 4903 7989 3346 7266 645 2270 5897 2606 5939 1787 1249 6223 2715 4584 89 2757 810 9422 7629 6508 1306 4069 7502 9622 6314 7086 9643 0 7707 2357 499 3010 1260 8430 4419 8469 928 422 5385 2519 3652 5706 5419 326 1349 9597 7156 1316 8226 1520 968 1787 2220 9905 1761 746 2030 1810 3603 1009 2096 3892 4041 8283 3745 6426 9845 1023 3649 8793 4271 6924 2916 7217 1837 7264 6105 6394 5948 5146 5424 4166 36
1244 9949 9258 9923 6967 9908 5538 6438 8444 7602 8366 2441 9215 9689 953 5788 4579 6844 1356 199 2898 8690 8799 4630 9715 926 7564 3661 8239 9595 986 8809 4927 8091 9420 8824 3402 9011 193 8504 4690 9865 5087 4393 7707 0 8185 1117 8668 2381 6588 5883 471 9884 9038 4757 9023 4785 8333 5499 1327 5924 2412 3664 8891 2071 7880 9813 5502 9610 7931 5379 6867 9002 5593 8958 1959 4439 7137 2967 9679 652 6784 8224 2246 9872 352 8103 9802 2049 6409 6888 7511 4074 2884 1156 261 3900 141 8588
9914 3158 2910 7711 1797 5031 1169 3721 1506 2405 9910 5627 278 5261 650 4284 1129 1725 5237 4951 9311 5280 231 8929 9060 2211 2893 5550 9322 9261 4299 111 7793 8827 1567 4605 193 4556 6685 9008 5318 8439 9826 4569 2357 8185 0 1030 2118 6647 7113 1842 7913 4026 299 7979 3010 8514 3000 4897 15 5949 812 1593 3983 3753 8912 8842 2792 4855 1518 5869 4385 9534 4970 9992 550 2610 9327 4368 4396 6036 3072 7323 7253 558 5277 9430 6539 2607 4718 3396 7582 9337 4562 2687 5124 7914 6809 2796
2709 384 4551 4875 7413 9262 5648 3179 5649 5338 178 9547 8916 4063 2891 2724 6505 6081 820 5208 4280 375 648 9390 8620 128 3203 2201 7173 9028 8744 5403 8733 9738 8866 612 3984 309 5609 3802 2212 3916 2861 4124 499 1117 1030 0 2242 2929 6562 2500 4299 1479 3617 923 4391 2588 846 227 7785 126 7640 2069 9229 7357 8266 5273 7289 1435 5285 8406 293 6739 5591 1750 9205 8427 7681 1069 9828 2829 5086 9780 1324 9929 6230 6296 7590 348 5358 572 1231 3927 6763 3944 6679 7533 1234 4778
3533 4654 9448 6374 6046 9591 5817 471 1893 3259 9188 762 8383 7730 2656 8248 337 5535 2602 2621 739 4893 529 7649 7709 5716 9080 6682 2719 4546 113 8762 6182 8971 6331 1569 5548 1210 8330 1986 1225 6595 4068 8669 3010 8668 2118 2242 0 8196 7667 1865 5332 6196 5941 1783 4517 4784 43 111 1828 3282 1937 4718 1617 3661 7953 8465 9170 2353 4898 6528 3529 7435 3663 8335 4920 1309 5130 7810 2723 3222 1377 5627 8051 2039 6420 7297 1905 7693 8706 1164 9033 5887 4825 7961 2675 3238 8841 56
1351 6842 1235 7308 6287 3064 6069 6414 5167 3254 547 600 7163 2702 7657 8709 1402 6521 4176 5894 7806 9073 8520 6044 3968 6228 8575 551 8496 9325 9632 6552 2035 2133 77 9536 7520 1693 4366 2262 8137 472 6543 5890 1260 2381 6647 2929 8196 0 5318 9483 8705 8076 8189 8084 2124 6103 3212 6275 9443 9205 9106 9486 6091 7453 9403 4708 5826 8366 5031 4461 2254 3429 6303 8834 7138 7659 2710 9246 4773 7525 4013 9919 758 8769 821 7475 3215 6963 8524 1307 4457 8914 9884 8630 1355 2384 1036 2396
7728 4970 9134 5257 9967 7179 2152 4282 872 2348 4282 3709 7287 8981 1905 3014 3860 9353 5721 827 3006 6014 9147 8695 8585 351 6041 7516 6174 3250 459 9136 4770 3274 466 2661 352 6969 6536 6312 2893 9567 6333 9581 8430 6588 7113 6562 7667 5318 0 5637 7845 2670 3043 1074 6225 5567 6560 5005 4626 4509 5461 1153 7972 7620 3328 389 4825 2083 354 7977 4852 8438 575 8769 4383 1342 804 3718 3244 4368 289 6728 9396 4172 8049 5790 3539 8147 7040 8433 9820 5223 1055 6777 2473 1124 9208 7560
4011 8995 1852 1859 6869 4449 2505 5100 5950 3271 3912 4168 330 8918 8879 8896 4823 7334 7032 4117 6724 4374 1875 3067 5372 6510 2321 4266 473 7599 5673 2608 9465 647 5212 6725 5038 9741 5895 3186 5409 4665 7863 6465 4419 5883 1842 2500 1865 9483 5637 0 9844 9733 3092 7397 5811 2075 4642 145 6276 2548 5527 3198 3525 2609 470 9196 8726 6530 2355 240 3306 660 6953 25 3097 5607 7210 8838 3488 7065 1261 8425 8757 7609 5997 5630 4497 2322 208 3686 6026 405 4612 5417 5182 2995 2850 2861
2020 9678 5179 9435 3427 2507 7623 2127 6875 9166 4856 571 6232 5841 7246 9234 9512 2851 3310 9909 4153 7834 8673 7224 310 7244 6502 4200 7765 6413 3216 5617 1568 7480 8763 4619 8376 8489 1658 9985 6454 4421 5711 7080 8469 471 7913 4299 5332 8705 7845 9844 0 7245 8975 5488 6277 1877 176 4034 5034 5132 594 9968 3505 1726 4856 9957 8910 5706 305 5549 1763 4622 7355 3324 3797 9459 9669 6926 4139 2080 5030 8324 1784 6402 5503 9955 4565 3155 1606 2437 4565 4921 2533 6378 5416 6373 3908 8637
1445 3598 5238 9521 7525 3701 4252 2521 6141 4473 6002 6521 9548 1729 4785 1117 7190 6575 1130 4774 6061 7775 1948 994 1904 631 8185 8691 7556 6962 2686 7235 8570 8117 5836 5522 7080 622 3914 5896 8297 9077 5581 8747 928 9884 4026 1479 6196 8076 2670 9733 7245 0 942 3426 4470 436 2454 9492 6416 4546 1177 6242 3699 370 6610 2797 8652 2862 7904 6049 2407 8524 6146 2363 6020 4288 22 5013 8363 2361 7966 6441 4895 6816 4685 6491 6945 8768 4740 1309 911 1965 170 2193 7770 8311 7357 8928
6916 4848 8701 9282 9463 7724 9259 1163 9886 9447 7339 6572 657 5822 9294 3435 7842 6162 7820 7689 1893 7220 4142 7505 3281 5919 3570 445 1688 1883 9925 4393 4984 1982 6929 7532 4812 1509 8932 9397 3273 5618 1700 4433 422 9038 299 3617 5941 8189 3043 3092 8975 942 0 9629 310 9965 6602 4391 1838 5388 1048 6966 8020 4905 1603 9867 7046 9174 3571 3943 3242 6115 2946 282 6982 3395 5041 2750 3567 6850 4170 1873 2622 4635 2328 1772 3413 9366 9121 384 9565 146 9648 3731 4742 8952 3730 9812
2799 2513 6550 295 8362 3488 3797 5542 7383 2077 5903 7736 5623 1078 6438 2560 4455 9540 6924 3826 3960 7312 2367 176 371 4921 8568 1153 1191 6740 1361 6220 2444 2022 8154 4996 4754 7991 6542 5303 3876 9163 4460 7043 5385 4757 7979 923 1783 8084 1074 7397 5488 3426 9629 0 6640 1412 3370 9511 4281 1488 5148 6018 1134 7157 1042 8877 1243 8431 1721 2355 1900 4691 183 2414 8918 7135 6385 2396 9128 397 42 6354 2975 7891 3688 9782 8655 4559 9165 2982 9869 7193 3463 4184 7796 1895 2545 431
3989 7896 2063 8691 488 2533 1873 8202 2687 5950 7637 2139 7959 1432 3107 4115 7396 2369 3986 5349 5809 9314 1961 2105 2100 9725 1464 5073 9998 5206 1168 4615 3788 7014 2784 8897 4532 4884 4800 1880 2209 7267 5619 1742 2519 9023 3010 4391 4517 2124 6225 5811 6277 4470 310 6640 0 5131 8484 3715 9785 6732 3891 7332 2619 4220 2129 5095 4440 7457 6667 2301 7366 843 1030 9607 8488 6900 9599 1896 6930 792 621 6231 8219 9604 1914 6675 5984 3370 6464 8221 7577 6161 7469 691 5295 4024 8503 2184
8497 8351 9804 7699 712 519 9973 1242 727 5625 5472 5955 2959 5555 6230 2571 6806 3117 7308 7253 9368 4908 3885 2658 4926 6500 5541 3664 5227 8252 3342 7838 9752 5461 5295 4217 3068 742 5982 3326 4599 5168 1949 9327 3652 4785 8514 2588 4784 6103 5567 2075 1877 436 9965 1412 5131 0 1747 2177 8028 9595 2844 5944 8110 8294 4629 9584 8573 9506 7356 9173 9415 3577 1514 5011 9948 2591 8240 9561 9780 1982 9288 8524 8633 5146 9346 1640 3902 9282 1498 7509 4313 3679 9692 2673 6753 6528 8230 2136
279 1133 6031 5450 6110 6783 6097 1677 6442 4187 7121 7804 8529 5136 9605 7068 5685 642 6030 7471 8 8584 7742 7962 2942 6727 1187 2070 6122 4765 9322 3310 6276 7860 4538 2361 5121 7690 5120 6620 8203 527 1683 9223 5706 8333 3000 846 43 3212 6560 4642 176 2454 6602 3370 8484 1747 0 5600 9340 6396 6268 2715 3991 2451 7431 6954 4028 3339 6440 7301 63 4586 5083 8891 844 6393 9803 1440 8847 5303 7358 5598 3644 136 2043 5895 5577 2981 7635 8342 6836 2516 9948 8098 5253 9696 6643 962
3220 1823 7462 5942 3549 3748 5079 9392 8207 7763 3710 3079 8948 2310 1323 2913 6441 5925 8829 2083 803 9568 5219 2064 3408 1940 217 7219 8419 1497 7843 7761 7756 3559 7696 856 9997 5072 3923 5026 5672 194 7473 9843 5419 5499 4897 227 111 6275 5005 145 4034 9492 4391 9511 3715 2177 5600 0 1449 6885 31 8752 4577 9379 372 1712 9264 5102 4604 2330 3596 857 4212 156 6085 533 4295 730 3037 6686 735 4463 4298 9792 89 5000 62 5249 8617 3018 6959 3795 3405 391 2218 1194 1528 9734
3686 7237 8206 3598 669 7520 8501 1940 6173 8406 4347 385 2528 8246 7441 5037 7759 9150 9697 2839 1382 8605 6780 325 7322 3285 5574 9797 4313 4316 2134 6755 8278 1117 5072 7317 469 8467 9483 9962 9492 513 2467 6666 326 1327 15 7785 1828 9443 4626 6276 5034 6416 1838 4281 9785 8028 9340 1449 0 5186 3110 953 5909 9624 4834 1173 5620 7115 7760 8253 7668 185 7230 4074 2435 4260 3679 675 9015 8154 3853 1342 7155 4420 5815 3003 6313 336 3919 13 9605 7143 7590 7016 5608 8055 1704 7935
971 9734 4357 2932 3782 7655 6256 1990 7670 2686 3977 3682 8710 9969 5527 1086 1871 4787 3611 7100 6240 1028 1375 5404 9400 2832 6888 4959 256 105 8254 268 7623 6460 1001 3264 4491 4700 6425 2889 3775 7051 4290 7045 1349 5924 5949 126 3282 9205 4509 2548 5132 4546 5388 1488 6732 9595 6396 6885 5186 0 3367 8715 3271 4057 5531 9084 2075 4233 5279 6444 3984 1188 9780 1974 6163 1881 4238 5063 7463 635 7972 164 2721 396 2157 9928 1790 4980 7583 6056 3577 4169 3916 1858 465 6043 9411 4217
8608 313 6461 5722 4855 3806 6121 6298 4100 1585 4021 9092 9119 5023 2798 1948 2385 3546 7692 8977 2917 5725 8733 6281 1742 3802 7113 2323 8031 4472 1990 3259 7600 6069 1249 5096 3356 5835 7721 8858 6011 4790 5593 3454 9597 2412 812 7640 1937 9106 5461 5527 594 1177 1048 5148 3891 2844 6268 31 3110 3367 0 5314 934 472 7079 8633 2929 6696 4052 3523 3694 2511 4266 6908 4377 1460 8282 4079 1474 978 6945 5594 5934 3299 6233 426 1276 2641 2059 2898 8139 8181 3205 5176 3701 2793 1753 3149
8293 6503 7955 201 9173 5492 2694 3091 1753 8700 8240 939 4952 3405 8942 782 3353 6710 2393 742 1734 118 256 6210 671 9350 5417 419 4502 9624 6243 3016 7069 4233 590 6609 4341 2216 2695 267 4781 8861 2315 3520 7156 3664 1593 2069 4718 9486 1153 3198 9968 6242 6966 6018 7332 5944 2715 8752 953 8715 5314 0 3351 4154 2570 4529 9980 1355 154 4937 6291 8465 7476 6505 4147 1018 3470 5253 9726 2830 913 7964 6620 3300 9868 939 9414 6129 3007 5192 6702 4792 6464 6552 1872 291 8230 2009
9800 6768 8228 3815 577 6746 9608 1412 8204 9541 7298 5253 8044 6445 8150 5442 9455 1057 5 727 1374 21 4474 7025 7968 9254 9133 6905 9984 8476 2328 790 141 7050 8195 6084 9520 7932 8784 7710 7591 1315 9193 2141 1316 8891 3983 9229 1617 6091 7972 3525 3505 3699 8020 1134 2619 8110 3991 4577 5909 3271 934 3351 0 4260 2492 5469 1932 4083 1083 1898 1105 4561 6148 8649 9259 8190 8259 6095 1353 2348 2046 5936 1523 6340 6661 4207 8961 8650 8194 8036 1312 5474 1963 9321 1649 4594 7749 4914
729 2043 2709 8410 5077 8546 7917 8332 4142 7579 4233 324 7781 2171 8028 4077 9546 4198 5747 5553 6995 274 8823 309 9368 1708 776 8145 7821 1573 1767 2632 6514 2292 2708 9796 7854 9780 7721 8414 7203 3500 6672 791 8226 2071 3753 7357 3661 7453 7620 2609 1726 370 4905 7157 4220 8294 2451 9379 9624 4057 472 4154 4260 0 9239 5207 3748 7230 2258 6587 8350 2887 6246 6845 8735 7784 9120 8864 617 2737 8686 7123 6221 8826 3845 466 6535 7606 5118 2556 901 4886 5143 2726 6912 4648 646 3710
4748 3401 4730 6437 8023 638 2723 7048 3713 3443 5030 6232 3959 9950 236 6362 681 9900 7131 5431 1003 4531 7683 9249 3401 3188 5897 4681 7618 7754 1270 9680 5964 4519 8743 9030 7372 858 1336 1865 7496 1072 1684 49 1520 7880 8912 8266 7953 9403 3328 470 4856 6610 1603 1042 2129 4629 7431 372 4834 5531 7079 2570 2492 9239 0 381 465 5324 7297 602 3231 4472 7695 2345 4634 5030 7123 9329 1264 2636 5143 8918 5420 2224 6336 7111 4551 3396 702 3777 5589 3299 1781 5752 4765 4876 8984 1124
2914 1905 777 9290 5705 5908 3152 4089 195 8829 5247 5347 7467 6476 5519 412 8379 1172 6430 4381 9083 6702 7771 1605 2696 5722 3259 1585 4740 4108 1939 1176 1086 3359 1031 6807 5057 1217 3055 1219 7131 2217 9692 6839 968 9813 8842 5273 8465 4708 389 9196 9957 2797 9867 8877 5095 9584 6954 1712 1173 9084 8633 4529 5469 5207 381 0 6801 3506 9498 8914 2589 3788 4479 524 9703 307 9941 1696 6329 6713 6958 3628 1110 3803 2761 6432 5576 3962 7761 9217 9025 7848 1492 2682 7535 166 8254 6438
9468 4126 9749 5702 3285 2636 7046 2677 9960 6194 7349 6692 3061 1273 1021 3533 369 2255 2171 5807 1212 3300 1662 3275 8097 8315 4236 5986 8464 9846 4699 2934 5574 315 1836 5737 259 7256 4090 636 8090 440 9321 5633 1787 5502 2792 7289 9170 5826 4825 8726 8910 8652 7046 1243 4440 8573 4028 9264 5620 2075 2929 9980 1932 3748 465 6801 0 6207 5438 4736 9730 4794 9456 6044 1073 4349 8542 7342 5826 94 5992 1953 458 8298 9043 1417 3797 136 1274 6179 6128 4878 1973 713 9031 7884 9193 4238
5856 2363 8695 9526 530 1315 5459 7833 4582 1521 8096 8317 2152 7719 339 55 2003 141 9381 8763 8380 24 3732 1077 5236 3369 3956 3275 6835 1448 8046 5232 5495 7467 7967 6716 1393 639 3354 2885 9394 38 3627 9186 2220 9610 4855 1435 2353 8366 2083 6530 5706 2862 9174 8431 7457 9506 3339 5102 7115 4233 6696 1355 4083 7230 5324 3506 6207 0 5682 4878 5056 4518 7462 8907 4857 2051 5711 5280 1558 9245 4941 7391 5737 8949 6529 6519 3131 112 7940 3229 9415 1166 75 9596 224 5087 9162 9249
3402 4128 7357 362 5036 1691 405 4494 2490 131 9037 739 2181 4508 3812 2099 7274 7352 9684 9326 5076 3040 5817 3022 8994 5475 4127 148 3764 7767 9352 1770 5873 8097 8409 2048 192 999 153 4438 6264 4352 3527 9816 9905 7931 1518 5285 4898 5031 354 2355 305 7904 3571 1721 6667 7356 6440 4604 7760 5279 4052 154 1083 2258 7297 9498 5438 5682 0 8588 9743 9183 1532 8381 4596 8515 2266 5208 7371 7726 2058 4902 8286 6268 5942 3461 576 8134 7853 4058 5294 1118 4436 5580 6979 8813 1364 734
8769 7855 3776 7427 7922 8747 5792 4896 2341 3022 5128 7809 8066 2973 3828 9101 8875 4861 4714 1842 5752 8568 6249 9060 6014 7626 4632 9228 9933 3174 3099 1354 5097 3356 5887 6622 8500 4365 1008 5702 8639 2366 4429 3729 1761 5379 5869 8406 6528 4461 7977 240 5549 6049 3943 2355 2301 9173 7301 2330 8253 6444 3523 4937 1898 6587 602 8914 4736 4878 8588 0 3111 1360 2558 4387 9823 2010 3700 1189 5110 7880 6806 4546 1255 9905 8066 9465 8816 3644 3805 3243 7430 6577 5069 1444 7145 4650 1694 7564
480 4041 9791 4063 611 8569 1813 2979 3657 1010 4568 1384 8875 7443 4252 7060 1528 5285 5822 5789 2035 2004 5204 4418 5421 7230 286 3120 1524 6068 1684 128 6103 3918 461 5466 1309 4247 4366 1175 6199 5238 1026 5744 746 6867 4385 293 3529 2254 4852 3306 1763 2407 3242 1900 7366 9415 63 3596 7668 3984 3694 6291 1105 8350 3231 2589 9730 5056 9743 3111 0 4211 3380 5031 3766 7920 8987 7722 4394 3115 4820 6942 6569 9589 7614 7174 1576 6623 582 2121 1821 6296 3503 365 3465 6682 8691 3501
5253 6378 1399 6154 5634 9973 5120 1495 8973 7520 85 2785 3745 9161 5124 4994 2059 6071 1107 4303 4265 3646 1988 7921 120 6368 5907 2645 3846 4009 1231 4743 2454 481 2713 9704 848 1040 4594 2544 3691 6541 8476 7205 2030 9002 9534 6739 7435 3429 8438 660 4622 8524 6115 4691 843 3577 4586 857 185 1188 2511 8465 4561 2887 4472 3788 4794 4518 9183 1360 4211 0 5865 5151 1433 651 5344 5523 1889 7857 5578 206 6921 4412 5426 5513 2373 3739 798 3692 281 5292 380 4344 5256 8635 2369 7539
156 878 7803 5520 8185 4396 4635 5330 7327 5902 8863 6028 6402 1720 7731 9709 7106 1637 9476 7366 8261 7025 646 8534 2293 1252 2775 174 1569 4630 1640 122 3665 712 2703 9246 5893 5567 6123 1460 4761 9381 6058 1747 1810 5593 4970 5591 3663 6303 575 6953 7355 6146 2946 183 1030 1514 5083 4212 7230 9780 4266 7476 6148 6246 7695 4479 9456 7462 1532 2558 3380 5865 0 3632 8327 4369 29 3875 257 7089 7112 3631 5298 3645 4863 8401 6693 8610 5196 7894 5441 6868 7068 1759 9112 2350 7956 9557
923 4490 4202 5163 5878 7106 118 9757 5305 5268 3611 5164 3264 512 2359 3490 658 6167 7267 155 4598 8348 4276 7412 1921 1328 9152 3986 8490 2427 7380 3860 4865 7006 193 9207 4594 6745 1254 626 8140 6152 4621 7981 3603 8958 9992 1750 8335 8834 8769 25 3324 2363 282 2414 9607 5011 8891 156 4074 1974 6908 6505 8649 6845 2345 524 6044 8907 8381 4387 5031 5151 3632 0 6386 5056 8000 7725 1000 5934 7845 89 3462 2411 4748 5478 4151 4442 2245 1817 9847 669 4662 6938 3474 4314 6190 4746
7013 3974 3527 2585 5923 3035 7270 3994 7028 4729 7198 1438 20 7659 876 6167 5595 9825 513 5357 6889 8299 1570 4795 4239 335 5892 9047 7108 5176 9928 7733 4009 2155 1073 2836 2220 6410 6119 4831 4044 3265 7126 4340 1009 1959 550 9205 4920 7138 4383 3097 3797 6020 6982 8918 8488 9948 844 6085 2435 6163 4377 4147 9259 8735 4634 9703 1073 4857 4596 9823 3766 1433 8327 6386 0 5222 7366 3359 1949 7776 5751 224 8984 2432 5960 8668 3252 3501 591 1228 8222 2241 7872 7007 4670 1849 9236 4840
2063 9486 967 5011 1560 609 166 1908 8868 4499 5637 7253 8163 9681 470 4675 9117 9979 2102 4421 8211 1543 5875 2950 5257 2043 5167 8013 9971 1884 684 6432 3804 8137 6795 6800 7039 1710 4795 5002 9960 1380 8392 8830 2096 4439 2610 8427 1309 7659 1342 5607 9459 4288 3395 7135 6900 2591 6393 533 4260 1881 1460 1018 8190 7784 5030 307 4349 2051 8515 2010 7920 651 4369 5056 5222 0 3936 4539 6908 5452 4065 8631 8041 128 6402 7110 9948 2571 4810 883 8859 9099 2965 8457 8512 2390 5426 7712
1108 8669 8631 3718 6123 1435 8942 6271 6986 682 6063 2086 4900 6654 8735 8205 2236 5134 5209 5349 5810 8809 2200 2068 3649 7661 4889 8588 626 3159 8499 9765 8108 1978 7036 1120 3495 10000 9254 5171 1786 8670 8463 1435 3892 7137 9327 7681 5130 2710 804 7210 9669 22 5041 6385 9599 8240 9803 4295 3679 4238 8282 3470 8259 9120 7123 9941 8542 5711 2266 3700 8987 5344 29 8000 7366 3936 0 3838 3992 4846 9834 8945 9747 4706 6928 4836 3709 1633 1330 9392 2775 2819 8788 7062 3496 2308 6773 6703
3781 8071 698 7436 345 6615 9931 2895 8005 7801 1338 3532 5210 2804 8421 362 3867 5521 666 993 6351 1451 28 7619 6799 6666 8311 3962 9833 5773 9637 9321 7776 9009 5150 9459 4258 2079 8919 2079 5200 1532 4711 4230 4041 2967 4368 1069 7810 9246 3718 8838 6926 5013 2750 2396 1896 9561 1440 730 675 5063 4079 5253 6095 8864 9329 1696 7342 5280 5208 1189 7722 5523 3875 7725 3359 4539 3838 0 6713 819 7019 661 8245 9594 2417 8279 8992 8864 4681 8989 2668 8311 2810 6711 1060 6724 9936 7336
7947 2996 6520 7000 6911 42 6305 2144 4174 6802 4829 2646 2443 3308 4467 2276 3975 9686 4085 7002 2790 7838 3214 5449 9989 7074 1237 2008 3563 7555 1578 2354 7599 3220 2372 7356 9567 7394 763 1215 5677 3482 8571 9566 8283 9679 4396 9828 2723 4773 3244 3488 4139 8363 3567 9128 6930 9780 8847 3037 9015 7463 1474 9726 1353 617 1264 6329 5826 1558 7371 5110 4394 1889 257 1000 1949 6908 3992 6713 0 5618 9426 6768 404 4530 6408 1994 2496 783 7600 704 4047 7036 2352 7688 6955 9307 1518 6310
2380 1295 6022 7454 450 4387 2008 393 8847 9942 1257 2321 6686 2522 9073 5810 7626 7513 9669 6032 8713 9251 4138 7677 2881 9810 1397 247 3212 2904 4117 4989 793 1849 2822 1112 3196 7367 1923 3911 1863 6168 2667 1147 3745 652 6036 2829 3222 7525 4368 7065 2080 2361 6850 397 792 1982 5303 6686 8154 635 978 2830 2348 2737 2636 6713 94 9245 7726 7880 3115 7857 7089 5934 7776 5452 4846 819 5618 0 6667 184 7222 8907 1692 3405 7253 8950 7138 2947 4847 3640 1934 3055 2839 638 9011 1278
