200
0 5933 3613 3664 6554 6593 747 5974 6769 6665 860 9781 2687 257 8807 5746 5445 450 8246 2616 7210 9847 553 9704 8611 3896 8761 8325 5699 9926 2430 326 9069 9556 147 5903 8850 5270 6681 2059 2056 2179 7307 5113 7326 1519 7111 165 8923 3728 1929 5941 551 250 5595 6170 8154 4035 2613 7346 1619 8917 6463 3534 7915 9399 4493 7046 5491 444 7827 7513 7656 5711 3530 4923 2214 1641 5086 3670 681 8613 1643 4466 4270 8670 1802 6585 9565 7196 3515 92 3742 5696 4651 3245 141 8780 3639 1962 8087 6224 3510 9840 5187 2920 2232 5186 3007 5463 8615 6923 955 9137 2753 4168 6331 852 8698 5972 1116 6158 4244 6275 2743 2835 7974 5099 7024 4534 833 1907 1170 8027 1564 3767 7747 956 5434 8051 8799 8026 1616 2663 7668 9514 8697 5631 3388 7447 8867 8953 2070 9884 2769 8560 9812 2720 7622 4857 688 480 7003 5390 1703 6046 7826 9568 2983 8534 898 1355 5052 1649 9733 9229 3062 6512 4229 2151 7504 7999 1115 3047 2574 6043 6020 7972 9076 4395 2344 584 9584 578 4474 633 4777 1256 7073 9789
5933 0 1243 9326 5676 1012 8113 9288 3573 188 9645 8558 954 8615 1570 9828 7328 620 8935 9728 8456 9862 569 471 6667 6508 3210 6563 4859 4421 110 7911 5388 2917 7536 8504 5544 6110 3150 3005 4656 3587 1753 8542 1340 3973 661 9281 4754 6334 9894 1169 3180 8969 3289 2080 7170 5862 901 5167 1354 9734 764 8200 9543 162 5920 7981 1735 6170 4808 7872 8617 3986 605 9386 1802 8252 5712 7698 9720 7946 9103 3326 5305 3737 5672 2247 3824 1617 8186 786 4235 7780 1321 1044 9640 5586 9215 1384 1231 4348 6340 7457 6074 2060 2999 7744 85 3724 1247 5795 1493 7886 3035 1603 6801 3238 4760 6585 9318 6229 850 7445 3967 5423 871 3014 7616 8773 6348 5301 5790 6791 6159 6679 3957 7077 750 3394 1641 8384 3751 1939 1661 1618 8822 7 5348 3884 888 1696 4085 7814 4041 8956 7870 1128 826 7343 9573 8961 4044 9497 9533 2250 2574 9279 8758 5581 775 5973 9801 8035 9066 330 5993 6107 9249 5294 5404 4660 5453 9708 9280 6896 9507 3157 954 7297 821 3321 7032 9792 3729 8712 9450 6491 4027 386
3613 1243 0 1235 7273 9310 5846 5389 4942 9437 9947 6067 1153 1840 2230 5356 615 2271 9418 5204 9634 3861 7931 8508 464 9871 3802 3642 2144 9199 4212 281 7454 4368 8045 3256 6601 3632 9621 5646 7734 4204 7797 8710 4019 5833 4569 6607 2024 9994 2490 4648 9291 575 6378 3119 6712 6922 7424 8236 7849 7 7002 899 8500 9773 7038 8679 8143 3754 8326 15 3378 728 5891 7196 4976 195 6499 6039 2830 2736 8269 687 2357 4815 1179 7242 6844 4014 7513 7782 8792 5676 5533 615 5140 5524 438 9592 4400 9046 4378 631 3578 4831 5941 7439 4925 4027 9965 7675 6860 9779 836 933 9341 5594 3755 8103 7749 4826 4302 6347 3452 8386 1534 9086 789 1447 4840 5447 8552 9669 2055 8681 4371 2152 4574 6741 4628 3851 3017 5028 4508 1601 4128 2770 2436 4695 5039 6635 8566 6904 9528 7502 5205 284 7641 2166 7623 9329 7252 2136 7104 1056 9343 4989 5527 4064 8441 2945 7607 7989 5497 5809 2058 4752 6294 7679 4421 1906 8416 6280 7679 4530 9014 4430 4402 4561 4692 9829 9551 5265 8801 5951 2877 9161 3798 5389
3664 9326 1235 0 8879 7220 1143 1521 4888 8879 3318 1976 8053 4758 7482 5430 1585 2362 8015 3535 5017 4806 6848 8300 2912 8532 1636 9881 698 4196 7498 5163 1259 8040 4369 3524 7557 2531 8037 4464 6221 9707 7748 5922 4553 5195 9559 1506 8650 5174 6105 4377 7727 4612 2959 7990 846 2641 3334 7398 7642 9578 8498 5756 2973 4739 8833 4006 531 7404 7103 9442 4933 1335 3927 7711 6347 6947 9440 4092 885 3744 9743 9139 9948 3655 8523 3883 1280 2651 2159 6538 2501 160 978 9566 4214 9535 1864 7014 7842 2784 1273 4777 7575 2241 1931 1043 6602 8236 7168 3804 5578 8136 1297 7279 5954 2848 8090 6801 7668 2243 8662 4801 6740 6512 1719 2591 3973 1261 6506 6177 2437 7291 7990 300 7542 519 6427 9899 1203 2700 7992 3149 1268 6386 3572 9399 7766 5531 7123 5041 8776 4675 6940 4912 2747 7135 2725 5767 7193 643 3915 1427 9371 9789 6119 1693 9062 7017 6964 5709 5420 6564 237 5511 5773 1021 9619 1222 3501 819 6349 9930 7876 6420 6064 1686 9812 8402 8035 6270 1316 6493 1908 8520 1487 3354 9744 9979
6554 5676 7273 8879 0 4218 5804 132 7807 3788 8187 6475 5321 183 3775 6858 5871 8508 9079 2666 4498 9842 7200 1222 4813 9542 5196 6705 7987 779 6246 9340 9520 74 6678 6463 8448 4937 2480 1747 1211 3926 6695 3873 3844 8903 3553 6400 7996 7574 396 3920 6233 8184 6519 1664 6731 8239 1151 7267 5043 9531 5606 8073 1747 3046 9929 7680 9255 3030 626 3723 5127 1916 6577 8407 2455 5948 7759 2942 5600 1390 2738 8330 541 1529 7836 4502 3769 4310 532 1467 4309 2255 9293 931 8328 6895 9148 67 5962 4596 7398 2796 6373 3548 83 1691 5368 9145 2790 1611 9658 6422 3146 6744 3661 9632 4072 3806 1186 5632 2444 1657 1238 4441 3276 2168 9005 358 1383 8672 2211 2569 5987 3069 153 3402 2316 6362 4365 8733 786 5637 8872 5592 1567 7829 8549 5373 7859 4576 6045 732 9415 849 1921 9692 4520 4408 6643 3317 662 453 1762 4214 2632 1382 7716 697 1485 7250 8516 5278 2176 4778 4945 8581 8286 2979 6483 4736 3517 7343 8154 6109 4049 9393 6528 4917 2339 9921 8928 5597 914 1884 2641 4591 4026 5485
6593 1012 9310 7220 4218 0 3183 5327 4866 9823 6553 6563 5713 5371 3155 7731 5002 164 8496 7004 4179 2468 4371 6341 5141 7859 8052 8658 8895 4259 6681 2951 3565 963 169 6840 1831 381 7261 8547 934 3451 2627 4077 1494 8427 8658 1409 1474 5397 4805 8541 2977 9031 211 7584 4361 9829 2816 7152 4771 1406 5124 2433 8307 9329 9285 1483 6275 6656 9485 4616 5292 5831 7957 7447 8880 8988 7266 2104 2751 7776 6644 4046 362 1609 7675 5890 8943 6322 1504 4553 9924 7357 4939 8830 9366 6645 5034 8118 7403 246 3988 7346 5202 4056 3852 4993 9712 5955 5250 4580 5168 5639 9883 2230 4917 3738 5148 4825 2524 4487 1763 6741 7813 7369 8837 5307 7474 4749 2339 5402 3599 9711 3850 8372 4943 2033 9885 6100 2484 4045 1323 6687 182 5655 6208 5577 3420 2197 2992 548 670 5399 509 7700 5414 9015 7691 5540 5971 7780 2926 9713 9523 3218 9322 4583 4218 8025 3389 4187 1015 7347 1041 7338 352 6088 4285 889 9380 5892 6232 6713 1876 1861 9993 3741 5048 8332 8432 1844 7086 2172 473 2111 835 2060 3183 1141
747 8113 5846 1143 5804 3183 0 463 9023 5563 5855 9043 9978 9662 6737 394 9344 931 6984 8280 4783 5198 8303 8622 9089 7935 694 1058 7302 5119 8787 9561 9769 2711 9001 5693 6045 8207 4812 1756 2276 7350 7940 5571 4901 7578 8008 9974 968 1030 4165 6052 1744 6458 8263 564 315 8242 5927 1163 6404 3321 776 7775 5247 5068 4364 1775 4824 5356 3623 1523 6969 3197 8466 9146 6746 9434 7957 9386 1556 4936 5129 404 8467 8360 472 7272 1588 6493 4886 1053 6475 3515 4677 6219 1692 2328 3855 6229 7060 6184 348 9090 8603 3324 1270 6557 4758 2931 8695 5837 4650 1799 3287 6235 5153 1550 3561 5669 3153 1052 2466 1566 8862 9224 8517 1885 1488 7387 8644 6472 3854 8862 6953 148 5807 1945 1824 1632 7426 5829 5007 1113 905 4841 578 9051 4459 538 5654 7637 6422 1400 956 7373 9406 1759 8251 4226 9379 8114 2876 7685 2913 8454 1157 7850 3316 2639 7722 7664 9534 6265 7117 9224 7325 8039 8513 8901 295 6176 7575 781 8114 5258 8541 5076 6368 9709 7819 8800 4809 4180 9887 980 5979 6412 5431 5153
5974 9288 5389 1521 132 5327 463 0 4187 1271 4135 7146 6378 7366 4641 9374 1458 7482 1137 3339 8234 9955 2355 5499 3521 5560 7803 3969 3536 6323 2875 372 3164 6631 8612 6659 3754 5044 1749 7927 3786 4481 5879 2456 3943 3421 9584 6889 7752 1798 1343 3515 6365 3642 1768 7031 315 421 9950 8306 9402 6089 7650 9689 5282 5048 6249 6433 1977 404 6062 2403 5734 8371 3720 6584 4778 391 8697 8785 7537 4045 1244 477 869 816 6908 2182 6751 1697 5291 5226 7086 5233 6362 6273 1982 6961 1816 6555 9539 4445 8294 9827 9635 6594 2930 2394 5718 9837 7230 8478 8762 5270 5157 2946 2654 3267 9540 8334 3307 3641 9692 7544 2738 2605 6702 2425 9090 3698 4714 3268 9242 7065 4747 1028 5484 7909 6335 4684 1332 9795 2701 5863 7592 4453 1715 3709 5274 6735 2980 5842 5741 7709 6119 7501 4030 6771 4367 1856 8552 4428 5463 8756 9659 3139 930 7437 720 2866 3256 9301 3310 3239 9609 8926 2423 8876 7784 4328 9841 7616 4761 3941 8081 8552 2584 9614 2177 6706 1990 2085 5890 7375 5150 9132 3010 2597 616 3058
6769 3573 4942 4888 7807 4866 9023 4187 0 9406 9045 4428 8561 6950 2065 2984 6147 2150 3294 5136 8539 7921 2172 8355 110 5759 9878 2216 7388 4616 9680 1298 7641 5925 6661 6050 5540 8866 8113 5827 5087 8115 8762 5869 8785 3888 1266 5887 4770 4978 6197 8009 6777 9406 2712 4410 4916 385 7805 1001 8392 4322 8659 1877 9166 6891 3601 3875 7619 6779 3953 9080 7748 5246 3048 8594 5078 2709 7670 1093 26 233 3491 9342 6269 3313 6998 1769 9021 632 8557 1477 4781 3437 1111 6822 227 1586 2182 9763 2361 4275 9964 3228 5206 8112 5425 9895 4621 6093 5621 680 3017 9338 5348 8240 1359 512 9102 4368 5834 9636 4919 2619 9493 5537 154 7401 3844 249 7761 411 5624 2264 8862 32 5382 373 1040 5374 9794 6028 547 7928 7654 9090 9896 1605 7812 1022 8450 9228 9957 1592 5026 2835 5865 4745 4022 9167 3087 6314 3180 6650 3230 2645 7492 7997 8054 4918 1007 4627 6161 885 4355 5583 3658 4160 6675 2286 9197 762 6622 7850 6753 6641 978 5883 9868 2288 3285 4035 273 4368 2241 9894 5098 9830 1628 3668
6665 188 9437 8879 3788 9823 5563 1271 9406 0 2875 6917 2482 1921 6931 6384 3306 5205 754 7920 7088 9364 601 9386 5729 5043 5208 3367 4816 5003 4134 1389 3703 5175 5690 9468 7532 4755 4019 3752 6366 3412 9547 35 360 7455 621 518 8533 2348 4178 9560 5210 1261 9905 6216 6968 3493 7797 7494 8352 1206 7163 134 4438 736 7673 3835 8434 1553 7831 1765 7576 9080 2317 2132 1045 3055 1430 8557 5789 6488 5096 8212 458 9588 468 1238 3566 4110 1062 7801 8527 4443 577 1456 1430 3867 2893 3196 7498 7246 1186 112 3265 3243 7113 3527 1104 7546 9610 9804 7912 1958 7609 3683 4913 6071 4415 7842 336 9876 1008 70 6479 8153 5224 6156 8792 5007 4307 9697 345 4559 7699 9141 5255 1880 516 5633 7890 2881 1666 3769 3535 4888 9615 3674 7149 6582 5030 3014 1898 6548 7071 2349 7795 2895 3258 4094 8152 207 799 7668 1801 1291 391 3806 813 9307 9291 5179 934 1719 8208 3785 8858 2598 7197 8383 360 7331 4571 6741 6452 3941 2274 6083 4790 2221 3156 9837 3449 1101 5695 6293 8248 299 1459 2480
860 9645 9947 3318 8187 6553 5855 4135 9045 2875 0 9697 9033 6466 1215 5107 7284 8917 8280 2175 250 8796 5728 6758 7067 9775 1037 9362 9716 4941 9423 2958 6455 4424 4331 5287 7351 7197 7095 784 1788 7386 6463 9902 1378 6966 7461 1803 3598 4200 4583 9837 9293 106 9449 1361 8111 8876 4872 4479 6501 3462 8988 3308 3632 1432 2911 3850 4851 6784 4203 1468 8031 323 7994 8539 668 8524 8469 2167 7317 2579 5186 6384 1647 9381 8629 8268 8821 3192 9098 4466 9771 6650 1394 4410 919 3068 8909 1954 5341 8211 9956 9655 1948 3347 5203 8425 8755 7836 3705 1363 7607 9298 9844 2920 6114 5328 4459 9777 6061 7035 7770 5824 7940 4660 9669 3478 6939 2926 2840 5874 7340 2066 8891 26 9525 3642 5631 8961 9195 4786 584 8374 432 856 3046 4856 7619 8181 7697 767 6151 9970 4588 5670 1805 6517 2009 9679 3461 236 1245 1390 6367 2145 7100 9428 739 7495 3893 265 6007 3527 9118 7813 9186 784 7014 1363 3989 6115 4518 2575 2573 7843 5831 6449 137 4679 9532 4091 1367 116 2352 3119 2247 1250 3449 8857
9781 8558 6067 1976 6475 6563 9043 7146 4428 6917 9697 0 4658 487 5841 9612 6420 5847 5212 8976 9505 3407 8795 8741 1700 6158 2683 9205 8932 8644 6045 8688 2261 8773 9041 8846 282 5795 6589 3329 5769 3296 1472 2748 4321 3676 699 3601 271 1363 9699 6635 3285 759 6749 926 6148 888 9656 1758 1447 6174 3732 8685 5211 7542 9858 7695 4266 1835 4542 5232 4186 669 877 588 185 6367 9536 7379 5199 9446 1067 9539 6090 3254 7246 9792 7893 9991 3312 9087 7671 613 2619 4023 9717 3554 3952 6966 2034 1638 7415 6428 1558 9364 3836 3169 9647 812 5975 7494 2480 3715 5959 1746 4821 9954 1191 9671 6509 1807 6743 1816 6184 1986 2832 9643 7101 3144 6418 1389 3852 8417 6155 2588 4696 4065 8811 5859 9962 3660 9095 998 7112 9507 3658 786 2390 1903 4944 5461 1484 2320 613 4285 4004 8262 8025 6563 2478 3562 858 9445 7180 1781 4624 8286 2894 7256 6988 877 4156 849 3285 4370 751 851 842 9845 5704 2406 6134 9884 2056 2363 3880 4561 9385 2625 4308 3009 6413 5349 4400 8527 8513 5305 5077 7937
2687 954 1153 8053 5321 5713 9978 6378 8561 2482 9033 4658 0 4763 9844 6929 809 859 91 1409 9938 7090 4184 1027 2130 1078 1796 8131 4761 4028 8321 7697 7252 3942 9860 1956 6483 4948 5742 8102 260 7162 4640 1609 1912 4578 831 1567 117 832 2305 424 7452 9399 9408 9503 5862 887 2177 322 7715 8865 1608 6017 9526 5942 5905 5389 185 6501 7765 1385 7208 1138 5212 652 3430 8649 8309 6029 2016 1810 9090 6153 7619 6005 8625 4483 776 6533 3637 5407 3723 7553 9404 4139 7642 8942 2970 994 449 8452 4053 4019 9201 7531 8330 6133 6211 4987 1882 8654 1335 1825 5316 2270 5324 3318 319 773 9465 1388 2013 7719 4072 7884 9228 6040 793 7431 1355 5832 2878 9277 3367 6293 3352 2848 6480 5099 4427 4659 1115 4034 5123 2842 1741 3554 6229 4298 8774 7963 1532 8761 2409 7804 5192 2305 1328 1268 463 9119 2225 3044 7015 7927 2398 8083 9624 1137 7032 9714 5943 7053 2740 977 7023 4692 501 8798 1918 8011 9199 3279 8265 1683 2135 2895 375 3995 2026 7391 6071 3867 9268 5588 5323 6563 3640 9237
257 8615 1840 4758 183 5371 9662 7366 6950 1921 6466 487 4763 0 6905 410 8960 457 5272 3326 6557 3443 5647 9150 2192 9573 8186 7410 5939 8640 824 3015 7439 2677 7799 2063 7086 7546 3359 651 3215 9728 1858 6279 1160 7125 6972 7168 4966 7485 4783 5882 6269 9905 5166 4485 2623 825 6410 2806 7728 882 66 7778 6819 5512 2606 627 3563 4901 4935 1436 9983 1764 8909 2904 3943 979 3640 7536 9995 7083 245 8213 3165 4751 1793 6626 826 9317 4642 260 7508 5020 1939 6707 6345 8963 3771 5229 4102 423 5926 6439 9939 4209 3498 8154 8105 2053 1513 4155 949 3040 3059 9121 1365 6223 4004 7495 1450 2510 7814 4440 5555 9092 3739 3408 7925 3171 8248 534 8415 5044 3633 6733 8700 7331 3801 2394 9897 6384 9960 4325 9982 776 3816 710 1478 9662 816 4179 5973 829 1161 9421 2634 8202 1326 9233 2686 9456 6940 9370 3416 8826 9403 3637 4435 1287 534 4083 6347 7165 8303 2785 8875 7507 7638 288 111 9659 7921 2918 5244 1345 8774 765 3393 7845 1071 6925 3068 3791 569 1758 6123 3262 7539 1442
8807 1570 2230 7482 3775 3155 6737 4641 2065 6931 1215 5841 9844 6905 0 3529 5354 2828 8100 8354 5390 2893 6857 3807 4676 2775 2824 6392 7589 1215 5740 9007 3460 4900 9398 8403 4092 7436 2179 7406 2553 1490 9436 6212 3406 204 5910 4672 689 4689 1257 207 519 8660 8759 309 5266 6607 8887 1451 4876 7048 1958 2716 4720 285 2155 3531 8859 3925 4175 2295 5405 1561 4163 3079 829 3672 4860 8352 9421 7169 438 2876 990 1180 1374 927 3994 9188 3639 5352 6784 4719 5624 8738 8172 2542 2057 7731 6149 3935 4488 7736 6781 3482 1384 8165 6080 517 8928 2524 8393 3673 673 8026 6440 7714 2838 6316 963 7846 8476 9967 8382 1338 5950 1917 2764 1704 6644 4969 8967 7931 3042 4341 7683 3567 737 5320 1505 2355 5968 1409 6491 2311 4663 8881 2410 8117 6177 124 3411 8671 2349 2756 8038 6062 4915 9796 3726 528 5107 5190 3521 9150 1002 6128 334 1778 2980 7051 1934 1004 4907 5168 4923 2490 5990 8568 9568 9464 3184 8741 9 1640 4784 9396 3584 4160 5155 3030 7856 9742 3955 5737 396 4973 7843 2606
5746 9828 5356 5430 6858 7731 394 9374 2984 6384 5107 9612 6929 410 3529 0 1048 6178 6974 8781 2656 3080 4478 7081 3412 2925 3347 2750 6184 4997 7910 8806 1005 2856 7320 6262 1433 1056 6274 3277 717 530 8229 6620 7692 8094 5272 4810 6095 5033 5156 8021 5562 5779 7155 5216 5742 5727 5652 7805 6944 4897 7279 4155 1256 8500 3193 7495 1687 4942 5910 3689 4355 3583 3746 9928 8050 9697 3413 8129 6343 6537 4827 3625 6753 62 6224 1411 2272 9830 1228 770 2055 9880 9101 4296 5019 3010 3896 9061 8503 2681 7360 5193 7262 7 7429 3339 5605 1441 9014 3616 6115 1580 6569 7029 2502 6055 4619 8892 4383 4361 6258 7087 1003 655 2265 5388 2827 5539 7091 8273 2797 2104 4354 3196 5324 4248 8565 3473 3881 6506 7606 422 6559 1350 8716 2746 4831 2025 8154 7917 4397 3583 763 6283 9299 467 45 2484 7885 5555 6950 1539 2799 4696 6522 9061 1446 7352 9978 8304 5408 7239 3868 6634 7181 1782 8835 2016 2341 4544 5920 8272 4196 3040 597 622 2836 343 8606 9294 9209 4098 6666 4351 2318 6564 9581 4274
5445 7328 615 1585 5871 5002 9344 1458 6147 3306 7284 6420 809 8960 5354 1048 0 3611 3299 4725 1301 660 5056 1871 7897 9005 2924 9715 3105 6507 2389 9520 8756 3929 8037 7571 2573 3896 3350 4565 212 6133 5409 8898 9589 609 1221 2592 3098 1475 7312 5640 5736 5273 7883 7779 5748 9811 4533 1066 5948 5428 5181 5748 5903 2330 3945 5913 7125 2998 2879 302 8906 5901 3599 933 5792 1650 4300 1245 9384 2544 4632 4427 6020 7475 9600 6027 4977 3091 28 113 6610 437 8569 2899 5176 5498 6073 1356 2724 2906 7353 8986 7394 7945 671 7138 9428 141 6346 8233 2705 310 6325 2226 1330 4566 9381 5234 2878 2999 2425 5577 6678 5031 8789 9829 9548 9890 2589 517 8895 3287 7565 3046 8587 5649 2741 2490 2236 8164 2984 1757 6701 2391 6934 6757 7059 396 1069 4283 1445 1738 7429 3900 5810 5689 6298 8482 729 8649 1479 6365 7415 8729 1756 7068 6519 2845 1759 8376 7563 1025 4543 2403 1669 2502 7601 6500 1327 1827 4119 9896 5795 2041 8300 5073 8887 9333 1589 9660 6408 6321 91 2311 3288 6033 1301 8257
450 620 2271 2362 8508 164 931 7482 2150 5205 8917 5847 859 457 2828 6178 3611 0 6589 8776 8631 5505 9047 3873 2131 7020 8789 7971 4217 2462 1876 2776 7286 8705 2274 34 5083 1064 2072 8119 4866 9096 6964 6547 9513 6480 1984 8178 5277 7355 8197 606 4032 9777 6018 4814 100 2202 6254 4059 7022 3199 8575 8863 7164 5381 7102 5774 8281 4704 6574 9884 8435 9233 2027 9633 4671 9023 2098 6747 2030 6739 3761 2952 8664 3726 8069 2599 6400 8540 7105 7099 8051 5959 3953 8444 1044 9965 702 5076 1494 4759 2909 1777 1156 6830 9986 5637 5983 4460 8892 7047 4197 55 2803 4362 1968 5035 7515 8611 8355 4095 3415 9501 2396 3803 9005 3537 5138 144 1774 9464 3506 776 5363 1475 1925 301 7382 1332 7706 9871 6355 6262 5586 3025 1365 4068 4587 8340 7565 416 4070 1550 4991 7412 8621 4804 2579 5113 7697 5239 7116 4587 2978 8965 500 4879 8089 5338 8229 5151 9648 2344 2955 404 7835 7797 6895 7818 5450 1111 8417 4527 6377 6337 4335 1575 6014 3124 2637 6549 406 9061 7452 8394 205 5637 8293 3665
8246 8935 9418 8015 9079 8496 6984 1137 3294 754 8280 5212 91 5272 8100 6974 3299 6589 0 9074 7438 9224 6782 3265 5971 4464 6100 1777 2624 9066 3562 2160 4611 3797 4529 4613 9794 7269 917 4322 1278 5901 1080 2946 9568 4852 6171 7967 5563 9513 5455 9668 6305 4344 6574 1839 1996 3831 1344 4978 4647 759 1896 2683 7685 5518 7693 1285 7443 4261 149 4684 1460 3476 3655 8782 6429 8193 6568 7013 3962 2156 836 8602 1879 8362 1900 5317 7484 3494 8853 4483 6264 9726 4125 1240 9705 2814 6631 3375 5909 8076 8225 8090 3744 5518 398 8287 2629 9862 5125 7900 1467 8320 6578 8363 8260 4934 4247 3708 8271 8007 7133 4327 7912 8625 3603 7034 8605 559 1600 5070 6382 6271 4826 5164 9185 8692 5713 5879 597 1777 4119 3036 2164 8426 5482 6890 9839 7242 7552 2580 8028 1515 9794 4874 8427 1114 4578 2311 4199 4208 1978 6079 64 5505 8284 495 244 8187 4801 1158 9764 365 695 3064 2265 1753 517 8756 1878 6231 8180 8028 8679 551 5021 7529 339 4424 3982 5288 9557 6042 8119 3711 3271 4887 8770 226
2616 9728 5204 3535 2666 7004 8280 3339 5136 7920 2175 8976 1409 3326 8354 8781 4725 8776 9074 0 6412 1906 3234 9479 1925 8892 9315 9963 2370 3302 49 5452 734 800 2897 3699 2053 1333 125 7760 2524 4010 7091 2830 2598 3282 7616 3784 8233 1022 6340 9446 847 6291 8680 778 9155 2808 5338 9382 3147 5064 1349 8801 2119 6199 1169 683 755 9429 2285 5208 3504 8309 6596 9116 8894 5672 2764 7887 3500 5912 6023 7568 5748 5983 7518 7047 5678 1255 1845 6867 3677 1332 5527 4444 1895 4223 9833 7800 8141 2994 54 9204 1112 2494 8206 6307 6981 5616 2791 7441 2060 9791 2693 5137 2248 558 277 6209 148 6105 4278 2672 3027 449 1501 8966 7990 5232 4973 8444 2241 1727 2888 9993 1440 3168 4263 6575 2181 6473 5681 2772 4711 1494 4270 1434 9027 7163 7543 3255 2390 7819 7534 6880 961 1154 8173 5770 6240 3351 2642 6698 9336 8511 2316 7600 9378 8023 4127 4028 1737 6305 6520 8226 719 7109 3291 9347 487 3883 3564 4469 9705 4608 444 719 6880 7843 5587 2471 1763 4558 9915 77 1125 5133 9241 771
7210 8456 9634 5017 4498 4179 4783 8234 8539 7088 250 9505 9938 6557 5390 2656 1301 8631 7438 6412 0 1077 592 7483 9013 3265 8843 8873 8742 9291 9642 3498 5757 9619 4081 4960 5769 2406 2504 8498 27 6734 1219 9837 5907 8012 7798 81 2689 2844 9036 331 2754 1328 8583 2969 6233 5331 4228 7358 8460 9857 5197 4499 4010 6655 5530 3212 179 3163 4275 3242 1693 2046 9350 9254 6356 1612 8682 8706 1595 8055 2060 6300 8046 4724 8375 1501 3612 4267 373 9915 3697 9899 1931 3796 8983 6310 8169 8678 8664 4114 3409 1842 7450 1059 280 8487 6271 7904 6958 8293 9901 4886 6481 539 5892 2455 5792 8294 3612 9141 7025 8842 7400 6171 844 2914 402 2812 3714 6927 2303 6598 5953 7541 8748 4558 6903 1871 4435 9410 5025 5290 9385 7047 6084 1291 932 7250 4604 3353 6376 8574 4726 5260 9775 261 276 9320 7121 4484 1204 3443 7735 9355 3277 5719 4585 4716 7522 8520 6585 6202 3178 7781 9516 5975 5803 5913 8279 3844 1650 9512 6228 4129 6629 7713 626 3169 2276 6195 6030 5379 7477 1952 6411 4225 1282 8554
9847 9862 3861 4806 9842 2468 5198 9955 7921 9364 8796 3407 7090 3443 2893 3080 660 5505 9224 1906 1077 0 7733 514 7394 1006 3054 2375 7553 2047 4742 1542 3319 6296 3723 387 9578 2791 1041 4977 4498 3560 4442 746 6164 8625 5239 1335 101 9392 3317 2775 866 7629 2945 7221 8411 9436 9864 9957 8161 4617 4414 3124 8695 8934 5834 7151 5689 6764 8531 4759 5566 3017 1693 7377 6042 9728 3259 2121 1019 4404 9918 5958 68 555 9638 5003 4273 605 9115 3181 151 7333 6904 1613 7451 3639 6802 6175 9823 7611 766 7882 6215 6106 2667 7580 2181 219 3039 6022 4469 1592 3661 62 3526 2195 6460 6662 9524 5136 7445 1071 885 6234 22 3026 1190 2663 8734 4605 5267 1307 4251 8422 3766 8393 3682 1809 6578 7917 4724 940 1562 5351 68 362 1334 3342 2551 596 2957 7754 3061 3031 5344 9514 4625 2973 2954 5902 7290 4178 7060 2203 6279 1373 9857 5532 937 7363 2273 4120 7473 4901 5045 2718 8180 1398 3089 6216 8784 9054 3888 767 910 2680 8898 7092 7984 858 3744 5369 3601 4992 6631 5044 9700 3338
553 569 7931 6848 7200 4371 8303 2355 2172 601 5728 8795 4184 5647 6857 4478 5056 9047 6782 3234 592 7733 0 9012 287 3403 2975 5380 751 486 3082 4018 1991 8655 8258 5820 3327 5397 9276 3632 2411 9494 3387 8009 4643 9154 1086 8516 5231 6691 981 7534 5223 973 6902 9237 6843 925 7738 5803 6284 5090 7464 3732 1609 7526 8726 8383 1722 831 7730 4375 9878 687 5061 9423 3296 5640 9422 6775 2142 151 2453 6130 2590 4542 478 4756 6309 1249 4477 1190 585 223 6148 3477 8589 3500 4782 1684 6285 7595 3827 8513 3920 9037 3121 6805 2233 4077 6111 4662 8440 3785 5485 2014 8115 6714 2740 8518 9063 670 3822 9857 2613 2538 2500 8183 3420 3253 1208 2429 6478 2419 1148 9769 8863 4775 2381 7090 2732 9765 9285 9207 8824 7432 5322 2209 4648 1357 2219 6610 6379 9068 7576 1933 7024 802 7068 4281 4266 9936 9929 6570 8968 7919 737 2566 8772 486 4848 601 2462 8696 5991 7005 5679 6319 2754 5963 7324 4350 4628 9608 4177 6925 397 2821 9221 6154 1831 9683 2966 7741 949 214 3023 4806 674 2517
9704 471 8508 8300 1222 6341 8622 5499 8355 9386 6758 8741 1027 9150 3807 7081 1871 3873 3265 9479 7483 514 9012 0 9484 8276 5603 667 2714 1000 6940 6010 6435 8525 181 5700 4392 7246 5806 4228 6451 1953 7489 4626 2562 8398 1898 7349 2011 5886 2399 5778 9345 9498 9254 1636 7251 4125 3312 207 6003 8407 4732 8770 9265 4890 7362 123 59 1892 5665 5835 9052 9697 5026 2876 4719 855 3753 9049 2634 118 702 7495 4725 103 5559 9716 978 6563 3284 1708 4566 8228 4723 4797 5220 9002 9541 6961 8852 1785 6422 3502 3521 6449 7376 4546 9955 5733 6993 3767 4179 6841 7644 9305 8086 9809 7555 7079 5414 7652 808 2926 3770 3694 7485 813 4820 335 5279 9357 1702 9692 5783 4814 2285 4353 1314 7578 7828 2453 8547 2764 5315 8084 4422 3494 4941 2745 2295 2142 8833 3329 9697 7995 8031 5665 3725 4341 2141 5229 4555 8641 5413 310 5374 7504 3190 910 7238 4956 2957 5918 2682 6977 5934 5166 7826 201 4758 8724 493 222 6822 5916 3564 186 4538 4707 3273 1024 1693 9935 2497 4543 6789 4523 904 526
8611 6667 464 2912 4813 5141 9089 3521 110 5729 7067 1700 2130 2192 4676 3412 7897 2131 5971 1925 9013 7394 287 9484 0 1967 7680 3295 4384 8833 3153 4607 5905 8893 8185 4461 6542 1459 8618 7922 2402 9245 4076 5529 7590 2777 1368 6101 9741 9352 7899 7599 7379 5937 3578 4074 9295 1354 8754 9308 7530 2575 6563 8205 1467 7495 5275 6231 3821 3834 530 1667 5486 4621 5868 3043 6414 1763 6501 1326 5628 9615 2655 3485 6059 4238 4875 6626 4696 9551 5905 6673 2347 3391 7302 5989 4948 1726 17 8823 4945 252 854 9309 4130 2468 12 9350 4681 6101 8826 5743 9602 6956 5856 3588 6772 3075 7417 2237 5895 6051 7706 1302 7186 856 6973 6733 3197 3571 9794 7084 8168 9933 6741 9496 9211 2553 4173 828 8890 9366 963 9174 9831 8415 7931 3232 7302 3058 4327 8642 1445 806 4512 4400 8940 5667 8064 2935 7777 7076 6491 7865 9196 8922 8026 938 8728 9644 147 9943 3257 6183 9296 2704 7968 5765 9748 5592 9326 3286 6519 2560 3506 3379 9476 3557 9212 5240 8054 7568 4369 8503 7407 2167 7010 6115 6039 5693
3896 6508 9871 8532 9542 7859 7935 5560 5759 5043 9775 6158 1078 9573 2775 2925 9005 7020 4464 8892 3265 1006 3403 8276 1967 0 4426 4492 325 3950 7839 2172 9980 3070 1876 5141 4109 7418 5121 5893 9598 6714 3079 9904 8208 5290 8817 5854 4892 7578 7771 7774 183 3220 4738 2277 7160 1618 8410 4954 9363 9543 1854 6059 3154 8229 7595 7766 5514 8753 8161 2769 528 3120 7409 8210 3411 8199 5188 8995 2304 7323 3124 4060 5615 4679 4140 1348 7550 5561 5575 6424 3624 5074 8269 5300 8399 7377 3329 5014 33 7246 9564 4437 8823 5082 6197 8172 6627 9120 8506 9646 5160 8496 3786 2662 7252 7661 2701 6807 5668 2242 4511 8223 99 5406 141 3639 7678 9448 6967 3606 6913 7631 5755 7588 2842 6812 6037 7983 6397 3930 574 5257 7090 5985 3294 4042 9151 814 1934 3192 8181 7017 3771 406 3150 6089 5371 8687 6291 1478 9961 1806 826 8018 8029 210 217 5665 6513 2850 6104 523 3791 1864 9022 2423 7539 4029 1227 6420 282 629 4063 6251 6990 3291 7685 2429 3530 6117 7259 1962 9698 7313 5429 4219 235 2956
8761 3210 3802 1636 5196 8052 694 7803 9878 5208 1037 2683 1796 8186 2824 3347 2924 8789 6100 9315 8843 3054 2975 5603 7680 4426 0 317 3732 3358 66 3258 3307 6818 3539 129 3779 7003 6341 6832 4031 7712 3246 4162 7217 6021 4671 4691 9222 4659 9723 4988 4950 6619 9407 2020 2637 6615 9660 3264 493 8857 125 5326 5323 729 3497 1410 2322 1722 8392 8354 9986 6513 3013 6610 9636 8538 3133 2914 4714 7476 1532 1143 9560 2797 9613 6217 2168 1366 2677 1751 2413 2632 4229 3979 3272 6976 6967 9116 6127 8875 8886 3139 6489 6722 7973 924 383 4918 4096 1397 8614 4367 5552 4291 5475 5149 775 6734 5592 6745 5778 2198 4754 8447 1420 625 6501 5884 6104 8745 960 4070 6390 974 9860 292 3042 4031 5163 1916 9049 9201 9103 3480 4161 4466 4279 4854 7387 1835 4884 6629 3392 5001 6060 9736 4374 2063 1258 5187 1166 4482 9854 4061 1279 10 4549 5901 6609 7219 8793 4176 8688 8794 6656 2633 2853 8847 4632 2542 7805 4156 2069 2206 4410 2513 5776 6869 9813 1867 686 5548 7212 8689 8213 4982 3791 1512
8325 6563 3642 9881 6705 8658 1058 3969 2216 3367 9362 9205 8131 7410 6392 2750 9715 7971 1777 9963 8873 2375 5380 667 3295 4492 317 0 3148 6683 1576 492 2918 9035 4672 8965 1130 4282 272 6250 1836 1190 1991 6228 8804 5594 1089 4328 5732 9372 4149 3767 3184 8930 2544 4972 5832 7112 8832 229 7047 6337 1547 7507 1250 225 2637 2743 7682 7072 7826 6545 1557 3590 5852 941 9906 2067 1949 8229 9103 4537 533 831 2276 5515 3695 4358 4086 517 9448 2790 9169 8978 3372 3714 8113 1803 6127 7527 9933 893 7973 7154 9540 3588 5024 300 9063 7415 5309 2350 3615 4300 4962 6870 3766 7982 2618 2860 1337 9321 4468 8850 9912 956 8056 8128 1690 9497 9390 2405 8189 4357 8242 4842 4980 5925 5645 9718 3987 5508 8448 9523 9335 3037 3276 1029 4761 1020 2176 7106 5472 4441 5225 8872 733 8168 3401 515 5720 3186 6936 1853 5712 700 4462 4844 7428 1537 3917 3620 2533 9135 3379 177 9975 8264 1448 384 6615 8457 3367 8499 7693 5386 9807 144 1788 7681 1898 33 5395 6736 99 2439 21 1999 2219 1898
5699 4859 2144 698 7987 8895 7302 3536 7388 4816 9716 8932 4761 5939 7589 6184 3105 4217 2624 2370 8742 7553 751 2714 4384 325 3732 3148 0 7074 3174 6583 7388 8996 1738 9668 864 299 3829 9919 4631 5345 8402 7500 3785 7410 8708 8939 402 6319 2292 4810 6548 3703 6686 7646 2619 3266 8425 6674 7641 8341 7948 5097 6013 6787 9360 7471 7342 2571 5176 233 1415 461 7724 855 4037 8528 820 8248 5585 8246 5342 489 5132 5904 148 5265 9313 2858 2475 9570 9025 787 3256 195 171 1178 4943 3953 4747 6041 4869 7473 1958 2804 7943 7825 2612 3621 9598 8366 1000 4531 7889 441 1378 7303 6552 3325 9645 6075 7488 6556 9722 9354 1015 4136 3788 3980 2162 1379 3670 3831 718 9257 4837 290 4578 2812 2321 1522 2456 7 6628 5968 4046 1835 8134 3665 9475 70 9618 2046 3741 1022 8621 1207 2441 4251 7876 1979 3148 5501 94 9927 8346 1634 9244 6267 2409 9527 7979 1515 417 9109 809 9367 9095 503 3891 2361 6119 3059 9127 2520 6239 4971 4033 4548 8952 4197 8187 8624 7042 7337 9009 5315 5596 2754
9926 4421 9199 4196 779 4259 5119 6323 4616 5003 4941 8644 4028 8640 1215 4997 6507 2462 9066 3302 9291 2047 486 1000 8833 3950 3358 6683 7074 0 9897 7581 7851 1851 4053 9972 6258 2155 2815 9079 128 9684 7052 9432 9566 1377 9916 4389 805 3962 4851 110 139 8072 5125 7962 2516 6399 1035 3920 2810 5090 9495 6131 1016 1041 3222 3501 752 8697 1383 7199 2626 7037 9930 106 9553 9563 1407 5519 4963 7059 5823 6740 8505 5829 7958 3461 3740 7038 9997 233 3354 2216 4355 2957 940 1233 1547 1123 2726 2226 5823 5535 1450 4538 9948 8388 6194 5218 6653 6006 4141 7285 1196 9710 9673 6431 4382 5751 7430 4824 42 22 87 6465 1339 2279 6206 8843 3392 412 7175 2378 3036 9758 6101 476 2840 7045 770 973 4320 4536 1071 6494 3318 1737 808 1782 5697 5419 370 3261 7471 9442 6735 9951 5568 2281 7954 848 8075 4165 5962 302 1693 5201 9849 477 9091 272 5141 8327 534 4679 3655 2538 8811 960 3767 5790 6125 2136 7802 1888 156 6211 4516 2047 8671 487 9343 1451 7832 8258 4107 2087 5964 5063
2430 110 4212 7498 6246 6681 8787 2875 9680 4134 9423 6045 8321 824 5740 7910 2389 1876 3562 49 9642 4742 3082 6940 3153 7839 66 1576 3174 9897 0 9066 9876 4833 8036 79 3833 1268 9287 264 8749 8646 7294 338 6149 6122 4750 3157 3723 2911 8911 1450 2830 6734 3942 9633 1711 2463 4052 9380 7329 4573 3856 798 7563 318 9279 1258 5317 4730 245 8963 3748 2936 4475 7026 4705 6868 4770 1638 2638 6605 5110 6438 8465 2992 5964 4947 6640 41 9074 6939 1259 6046 2473 2220 1471 1753 295 254 5360 4062 464 395 9930 5400 2823 772 2632 7599 6723 7944 9240 1014 1429 6610 6265 2359 3563 1463 4160 9696 1854 4039 9095 4273 5022 8239 6543 1825 6097 4846 8758 528 1751 4199 1443 880 6718 8360 6786 4272 92 1169 2310 9431 5271 2380 2511 8555 4243 5682 6720 3403 2285 2874 7579 2832 1273 120 657 5769 2554 3611 7400 6283 9132 3500 5401 265 3473 7394 9629 8205 1196 9566 399 6157 7230 9617 8253 1885 2883 8150 7361 7040 4367 1991 828 5244 8716 6768 764 4867 1754 7888 4596 288 1830 5452
326 7911 281 5163 9340 2951 9561 372 1298 1389 2958 8688 7697 3015 9007 8806 9520 2776 2160 5452 3498 1542 4018 6010 4607 2172 3258 492 6583 7581 9066 0 5758 7098 9183 9353 5599 48 9619 632 9878 3709 6971 625 9291 1071 8145 3083 783 9129 1911 3716 5812 7383 9572 1410 418 852 574 6095 1577 4184 8258 1586 2809 1131 691 7318 5499 5200 6295 8644 3874 282 6628 2525 4807 9338 4233 309 8286 6700 8662 7465 9413 6619 6764 1517 2270 6275 3309 5931 739 304 7836 1197 8071 9942 1547 1695 9438 8167 1374 761 2273 3258 3738 1740 7878 2652 9337 6961 6774 9252 8749 6109 9292 7321 3594 7763 5147 488 1442 2798 5402 2940 3209 6564 9214 5116 1873 1984 7940 4971 5915 8014 3337 3687 1593 9994 3412 5445 9911 1194 199 6357 1110 1147 7842 2115 1087 9658 833 3903 1741 2799 8321 548 1580 3395 1176 5501 831 7517 967 9647 7389 8415 8278 6053 4348 6752 6715 6332 28 660 9724 3223 7169 3437 7569 1895 8796 6659 6450 3705 5782 3044 6120 3138 1731 699 8363 3767 58 3320 5960 3088 4678 9967
9069 5388 7454 1259 9520 3565 9769 3164 7641 3703 6455 2261 7252 7439 3460 1005 8756 7286 4611 734 5757 3319 1991 6435 5905 9980 3307 2918 7388 7851 9876 5758 0 1825 7542 732 4770 9900 9915 9212 6016 1468 6400 9170 4491 767 1726 7854 8696 2755 7495 7943 5198 4075 5798 9067 9354 9613 2536 7168 2978 1714 2337 3151 2534 7132 2601 3229 9120 5340 8441 7219 8287 7955 5696 5229 6339 8994 2102 2711 5366 7409 9628 1849 2362 5736 8596 3037 8922 3120 7818 6887 3847 2677 135 5983 9055 5712 9025 189 731 4838 934 8991 9986 9111 7019 1836 2663 2151 6573 4426 172 7118 3673 4840 5532 1629 383 2402 413 1668 402 6415 3589 1117 7629 8011 9533 100 2180 2825 2289 6065 7260 1602 4253 2600 1769 1105 7480 2172 4972 4835 6423 6819 8825 3233 2645 845 4745 6858 7301 8450 5005 5469 6920 1152 7023 6748 2719 2381 2496 3480 5794 591 345 9310 4465 5072 4875 1662 1584 2960 9378 7085 4931 2456 4959 7007 2320 9987 897 7575 9669 216 4672 7214 8540 6601 4448 7524 5707 8943 6960 9804 9567 1616 6729 4848
9556 2917 4368 8040 74 963 2711 6631 5925 5175 4424 8773 3942 2677 4900 2856 3929 8705 3797 800 9619 6296 8655 8525 8893 3070 6818 9035 8996 1851 4833 7098 1825 0 6633 4116 3720 9540 2350 3364 5944 9011 2101 113 6941 3485 5692 7079 7093 7884 8322 1137 6514 4534 4313 6391 8632 4174 1811 9681 149 6053 3180 3710 231 1406 1791 956 3696 9376 8994 1828 1313 5123 881 5715 4157 3789 1066 1758 6807 3328 3513 3975 1840 8583 3080 1130 7912 734 3691 7584 8450 5869 1118 3440 9410 8438 8699 5290 6404 9952 5139 2443 6982 4474 6777 7926 4265 590 6030 8004 4458 3852 3010 3073 2112 880 985 3470 2442 4062 6344 645 3534 3145 6001 8320 6902 611 9540 1226 4098 8389 652 1434 3053 566 6416 4585 8660 7702 4973 3239 8508 2159 9703 6428 2568 2799 9728 8663 7456 3443 3988 2999 8400 1233 3123 6845 4774 3410 8273 5950 9442 2942 2058 5458 3619 1145 1429 2028 3901 967 2487 5270 6517 2433 8928 7793 9654 4159 8118 4228 9960 6309 6521 518 5539 1510 7962 1357 7035 8477 2895 180 3171 8720 6731 9313
147 7536 8045 4369 6678 169 9001 8612 6661 5690 4331 9041 9860 7799 9398 7320 8037 2274 4529 2897 4081 3723 8258 181 8185 1876 3539 4672 1738 4053 8036 9183 7542 6633 0 5483 5643 924 6964 9821 2004 5285 2543 3586 9326 5377 4680 1663 8919 5411 6854 532 7120 8524 448 6916 1288 1044 1279 6374 5169 5685 6971 1826 8237 7035 6804 108 479 1646 5447 1843 4919 1911 6661 8937 945 793 2373 7445 9076 7588 8796 8286 187 9843 3063 7459 3879 9288 6074 6472 655 5154 3712 1062 4697 5020 8834 8943 3496 3606 1092 1855 5014 6799 520 8258 9503 8807 7247 9583 4142 3941 5292 2618 5071 8631 5714 9813 9760 6036 9786 7332 5980 6308 9570 5058 3309 2646 611 523 3703 8093 4836 2418 791 6979 8919 5861 3289 5825 6213 2299 5242 1699 2662 2189 3521 2024 920 9389 8471 8558 2348 1939 23 7342 1167 9527 6073 1561 110 5956 3633 2692 3722 9501 6543 7349 114 1587 2514 6955 7472 8912 460 8548 2536 8211 1329 7788 9230 6928 2887 7745 628 988 1063 7769 7494 1058 1593 1663 6366 2000 1196 3712 4978 5531
5903 8504 3256 3524 6463 6840 5693 6659 6050 9468 5287 8846 1956 2063 8403 6262 7571 34 4613 3699 4960 387 5820 5700 4461 5141 129 8965 9668 9972 79 9353 732 4116 5483 0 7184 510 7858 2714 3535 1552 6809 3110 5159 9213 7752 3892 8706 6553 4825 5988 7456 3137 7156 6032 5136 520 5791 5039 9561 2715 4642 140 6441 3688 7774 6981 1763 3992 3779 4509 8818 3513 8772 8246 2563 8935 4820 7482 3989 3157 4260 9434 7856 1008 4941 4493 5454 4964 5778 1883 8074 7121 5358 2337 8076 9549 6011 675 9106 7976 1521 8204 9089 8943 328 2118 2976 9867 8999 6677 6588 3164 4955 1011 6569 7789 421 3553 7007 3593 2124 508 5419 3099 7577 4621 8210 5084 7159 9248 7704 2973 4603 5812 3103 8995 9092 582 9146 9264 9819 7603 6982 1621 7369 5066 2172 6229 5654 8081 9446 561 2557 7439 3938 1817 6464 7049 4024 7484 4753 2225 4437 4396 2403 9911 7217 5530 5869 925 3041 5710 1720 9636 8651 8222 202 7857 6823 6035 4609 7504 6400 2341 2511 5442 7329 7013 5545 4572 1076 700 8586 3761 9183 763 9813 2140
8850 5544 6601 7557 8448 1831 6045 3754 5540 7532 7351 282 6483 7086 4092 1433 2573 5083 9794 2053 5769 9578 3327 4392 6542 4109 3779 1130 864 6258 3833 5599 4770 3720 5643 7184 0 1238 3897 5860 445 2533 9907 1163 8595 9207 6446 6104 9195 8021 9795 1104 452 8860 1882 5450 7013 817 1696 7764 4320 975 9808 5213 4061 6436 4105 2634 3432 5668 3037 6875 1684 2359 7864 6701 4108 4019 3009 2367 6682 4831 9923 8115 7382 4779 165 5418 9943 7729 9971 1866 2819 7882 3164 2653 8083 7863 1925 6073 2985 9060 2098 9905 8857 6479 8310 3265 4355 1866 3443 2127 2855 2215 5316 7392 7550 2332 5019 2524 1267 7761 1456 3785 8497 1355 1517 1531 7120 7167 9948 9199 4065 1003 913 6650 9877 9147 140 7143 7617 8666 4961 336 6474 4925 6514 7011 9826 1025 6968 1415 4018 4590 5071 795 6140 9862 253 5452 8401 8948 1751 3978 7935 2100 6756 3395 7300 3501 4504 5145 4556 8338 1136 2937 5034 6260 6280 6606 2097 1205 5388 1231 1219 4957 3491 9162 4101 4582 7845 9313 1466 4444 874 9614 7470 9375 3872 9203
5270 6110 3632 2531 4937 381 8207 5044 8866 4755 7197 5795 4948 7546 7436 1056 3896 1064 7269 1333 2406 2791 5397 7246 1459 7418 7003 4282 299 2155 1268 48 9900 9540 924 510 1238 0 7281 4749 5843 297 3279 9219 9364 1065 3934 6530 8598 7612 6057 947 7014 7651 7011 504 5861 6846 612 4829 5269 9286 7927 7337 517 4284 8361 673 9228 7175 4102 8142 9421 9869 2071 9243 6287 4761 904 612 637 178 6238 6088 6881 3180 8894 4866 6929 8309 2933 9152 7676 9372 1755 1672 4101 8792 1035 1725 4822 2508 3403 9077 4191 2160 5950 1820 1473 1774 7804 9372 888 1566 8891 1726 5907 4186 2603 7062 9632 2162 8825 6023 8008 5281 5108 744 3809 640 2073 9262 4369 9432 6032 8449 3000 7099 4012 2126 3364 7495 2575 8856 2832 746 8346 816 5118 2867 9114 2877 2314 8385 7579 4415 86 572 6987 9137 2082 1694 8744 7591 7036 527 9277 3471 4531 7986 133 5075 2193 4133 5284 3988 506 8717 3827 3503 1717 9811 4219 1583 2828 6021 9049 5528 9460 9348 3303 6701 5219 9151 2086 8680 5923 7804 9958 1951
6681 3150 9621 8037 2480 7261 4812 1749 8113 4019 7095 6589 5742 3359 2179 6274 3350 2072 917 125 2504 1041 9276 5806 8618 5121 6341 272 3829 2815 9287 9619 9915 2350 6964 7858 3897 7281 0 8188 3803 7263 8683 3951 4194 6554 4118 928 3081 4361 7780 5966 6132 128 2117 4031 3670 4692 6354 9158 6529 5461 8494 3559 3207 9451 3279 537 4845 8354 4079 5051 42 6701 6115 1508 6576 7311 4646 8851 1528 4676 8319 4088 5390 3276 3594 6728 4943 1742 4299 8399 6741 9019 3673 6572 4013 4660 9919 3093 8577 8320 2792 3026 8794 128 6759 1470 3069 7000 7175 6577 8172 6566 8975 436 9287 5066 6490 5331 5320 3836 3824 6996 7191 9474 5307 8441 2161 5741 6221 5946 8865 3479 1518 3120 7597 8384 1990 4887 9993 7919 1354 664 5162 8150 5476 5689 2399 6652 3282 4075 574 7761 9035 5616 8134 2271 3296 750 4829 227 4768 6531 1398 7653 6911 7563 9142 4349 779 6826 4349 1464 8773 9424 3494 6096 738 4488 7374 5473 6514 9337 8404 2709 923 9540 7354 3229 3427 2585 5740 5183 8104 2929 7825 377 9443 5814
2059 3005 5646 4464 1747 8547 1756 7927 5827 3752 784 3329 8102 651 7406 3277 4565 8119 4322 7760 8498 4977 3632 4228 7922 5893 6832 6250 9919 9079 264 632 9212 3364 9821 2714 5860 4749 8188 0 3316 7986 7001 8446 3971 919 591 9075 8621 7724 3548 3399 723 1971 7624 2483 6089 819 6098 2714 8588 885 8242 6478 1135 3320 368 5944 8978 4527 193 6379 5392 385 4469 5439 1710 893 8071 1432 8560 8265 2615 5690 1324 7876 8779 9075 6810 3454 9778 2151 2682 4533 6964 1237 630 5753 1783 135 3069 223 1926 7534 1051 3876 3291 456 3235 7981 7640 9192 5444 2799 5876 8449 551 2925 2741 3643 80 1526 1632 7278 3141 9701 5426 292 2315 4155 1632 9446 1936 5765 9105 9282 9902 6014 7344 85 4721 3135 6239 7262 9080 9296 5721 9151 3043 9327 1153 5867 5504 4549 4072 2321 1604 2883 6567 2124 7736 7309 5694 7098 9534 9939 6943 9154 475 2509 9421 1821 608 6853 9376 3920 4848 1646 3454 9260 58 1775 3029 8785 2477 3680 4687 6701 8062 8255 6410 8317 5070 9919 9949 6211 1483 3846 3445 2960
2056 4656 7734 6221 1211 934 2276 3786 5087 6366 1788 5769 260 3215 2553 717 212 4866 1278 2524 27 4498 2411 6451 2402 9598 4031 1836 4631 128 8749 9878 6016 5944 2004 3535 445 5843 3803 3316 0 6488 6561 3466 824 2865 6777 4973 9468 8128 7227 9726 8718 3931 6355 9649 6045 735 3129 2479 7361 2424 6231 1485 6472 3998 8382 8542 2500 2677 2910 6491 5381 701 3194 8767 6949 2607 1553 6698 6356 6599 6950 8574 1518 8094 5353 6077 4817 8157 5154 9455 3055 1179 8541 3069 8068 9838 4142 1584 9787 54 545 6394 2682 4862 9200 7347 8731 4366 6072 8136 2558 7280 2290 8963 6661 1620 2194 1576 9189 2981 7749 2821 7936 5416 3466 2541 6307 579 9545 4399 8821 6279 6166 2890 7390 4718 3906 1559 6152 8481 1725 67 3026 1997 1227 614 1401 9964 7091 6498 9061 2065 269 3495 8346 9960 635 3623 4665 9693 8998 8499 4089 8642 8364 7382 9955 2424 7015 5596 8352 6090 5410 5245 2097 748 2526 9864 758 1924 5559 6191 1061 5429 9678 8348 2049 1073 8982 5122 8995 3172 9819 4868 4101 2328 2427 2525
