200
0 7316 4969 8422 982 1924 1275 5189 7277 8899 8409 5998 6480 192 53 1912 1939 8981 2527 1276 831 4423 7574 4159 7720 2397 1786 8356 2112 1775 8462 6649 8013 135 5936 9512 4223 8142 8565 8531 9585 9386 2648 1935 6199 8570 3093 9154 4243 1287 9439 4221 8247 2510 1117 2405 6489 1533 8273 4060 5943 3085 561 2741 2744 1277 8026 4250 1389 599 9474 2589 894 7248 9495 6374 3205 9235 1269 8584 7361 3599 8544 7291 758 3949 5818 6762 8518 4733 7949 1559 3841 3222 373 574 1308 3835 9089 9406 2522 4846 6834 9154 1198 3362 788 7178 9230 5360 1322 3174 3905 8218 7248 2070 8805 6984 627 6681 5673 4727 1660 2995 788 5 5136 6639 4018 750 3599 1477 9945 8450 1986 5530 9556 1925 4237 6653 8559 7979 6279 2049 662 3142 1939 3838 164 3714 8054 5710 8126 3641 2318 1383 3086 6305 1743 4995 5236 9708 5359 171 2256 3061 6866 4308 933 3247 5884 5055 962 3503 1907 4738 8262 39 5993 7404 3626 1075 9030 9953 111 2189 9740 8845 3568 2697 4884 1609 8530 4611 5871 5441 4818 3749 7628 8361
7316 0 1377 416 9456 2973 7405 4318 4424 3644 635 2727 8141 8888 2922 188 2202 3112 6480 3288 3931 1306 8712 4788 5842 7473 1263 9616 429 7076 6280 2921 6110 4144 1417 57 846 5892 6963 4857 5737 8198 935 2660 4808 2447 3507 6542 1452 3354 6575 3969 17 7545 2874 2117 19 2035 8224 4179 2960 4368 7037 2940 8182 7707 3007 4534 1439 1399 7486 5279 7781 7646 1468 2760 2473 2647 6594 8470 6122 3903 3277 2697 7173 2018 8960 6401 797 9516 8477 1380 1971 3949 6155 1746 494 1809 3251 6356 8470 6728 5924 4219 5579 1498 1839 4025 381 4104 5928 7549 1432 9628 1154 2279 4853 9953 6058 483 2663 5730 3504 3 6481 6156 9904 8864 2747 3563 3679 6808 465 3873 8313 6681 2721 9520 4349 2975 2996 1953 1540 2742 8148 776 2209 6916 5156 5853 205 9502 9987 4328 8141 2073 6677 9061 6336 88 5653 8654 4935 4784 5083 650 7867 7665 4416 6566 1087 4193 6672 478 5517 3232 3706 9841 1376 3764 4659 7417 8666 5683 5231 3868 6187 8965 976 374 9185 926 7298 2002 4016 2056 3297 8333 3623 9225
4969 1377 0 256 6355 6271 8474 7473 3883 9353 499 2630 6445 4321 715 2693 5692 925 3319 3931 2582 4809 7267 4000 1766 359 5479 4024 9263 4541 1980 3168 5252 6098 3172 6366 9951 2762 8243 3884 9448 9780 3413 3425 7050 7463 411 603 1708 2343 1160 4140 6277 4391 5376 5062 9041 1964 9084 7398 8507 6281 8604 7875 9925 4698 2177 1780 876 585 5304 5682 3323 5891 6811 1420 5929 6387 2132 876 982 9705 1440 9105 4337 4440 9916 4602 8322 7232 1846 1219 664 6392 6760 8710 5834 5965 933 4026 7065 4156 260 2559 6399 5586 1042 8203 2732 5909 9060 8956 1345 892 2513 902 8633 4587 7493 1313 1127 5393 8256 3605 5084 5103 3007 739 4246 4949 4643 3328 98 8970 839 6969 1511 5652 9244 9369 2306 2297 7265 5055 9048 4910 8690 8264 5216 1335 5079 9236 6767 390 3 2040 1927 1844 5898 2316 4369 1689 4229 4544 1284 7806 898 1550 368 6900 7568 3822 9254 9121 8788 6515 8288 8285 2079 4550 5947 8319 8711 8221 5621 3221 7750 8092 5995 2973 1708 937 2641 1916 9282 1864 7041 7715 8842 7118
8422 416 256 0 6309 186 8575 656 4812 590 2614 37 6087 6659 1806 6722 2612 2575 9605 2646 4541 8614 4301 7702 8724 6359 1461 7361 7097 8143 3086 974 9584 7051 6457 3199 1587 9540 104 6223 4711 3884 5081 1940 1832 8865 603 442 3263 2340 5435 9625 5548 594 9089 266 1286 2760 6203 250 490 3147 2281 3447 6844 4848 2528 9283 7933 940 9650 8054 1828 725 9188 9580 3945 9737 8673 9892 1629 3858 998 114 1158 4140 3937 1521 7393 4079 277 8549 1684 3454 6121 4484 9575 4355 3864 8322 8184 7498 640 1419 5580 5271 4354 6825 1263 1863 7875 1108 7969 2106 5901 996 1519 905 2100 9203 478 6667 703 5803 6047 7511 1061 2837 6727 8704 8627 6440 4175 526 5055 4662 6349 8595 8700 9598 4691 1516 8474 4727 2423 3214 9114 8735 6312 3137 502 2519 8204 2978 3755 4658 8280 9019 5910 8309 5234 9423 9792 1704 3378 3458 3732 5370 5158 9757 9875 4639 7847 1105 5836 1906 6419 3511 5297 7506 6031 4546 6380 9119 9751 2584 8422 6523 8542 8612 8815 9910 2518 8552 2594 9933 2619 1666 2085 9550
982 9456 6355 6309 0 9049 4578 6583 9771 1826 1175 7830 5034 6143 2957 8715 5740 4886 7603 9810 472 1959 9856 7033 4850 5490 4443 7863 4806 1638 3538 4202 7572 2736 7748 9479 8451 1575 7557 6863 1498 8851 241 6493 6057 5209 7313 7137 7738 6000 1809 9715 4510 9849 9588 24 6072 1460 1125 6079 3868 9950 833 743 9195 3097 2029 8260 8113 1169 9173 7772 6099 5289 1333 75 2462 3423 2650 9045 2901 2813 9356 2293 7280 3871 6534 313 1654 4850 1261 38 6538 2155 4806 4988 8511 2629 4409 6347 7125 9081 6595 6697 1557 8248 1811 8559 5467 1277 6173 5921 618 8237 3190 6528 5450 5694 7358 4315 9802 5348 2444 2738 5878 8853 6536 6938 6984 6290 8556 7801 8445 1951 1087 3200 2131 9408 8479 4532 1716 4850 3549 4350 2124 5222 2040 2775 6255 2255 6389 7942 831 3422 1404 7055 216 1384 613 5339 7632 5086 6913 2861 8661 4033 7215 4363 5367 3949 1183 7656 5027 3841 1976 5470 2987 5196 5573 7162 3636 7743 2084 5372 9640 6600 3518 5969 2449 3062 2121 8702 4518 2981 7918 6611 7372 8539 4234 2101
1924 2973 6271 186 9049 0 7599 4382 9238 167 8229 4320 7316 7701 3105 8954 2792 1187 8120 8726 2202 1343 5876 2465 4836 3316 8182 3173 1366 6459 4178 6043 8212 4043 9339 761 227 3399 1489 7454 9082 7 954 9563 3245 8946 1864 3582 1794 2922 6193 5347 3248 963 8371 7137 9741 1161 5466 425 5689 586 4392 8239 9171 2796 5835 1452 6921 3566 4085 9984 992 6815 949 1404 4205 4794 672 9957 939 8230 9963 4570 7441 4588 7976 6193 6324 6412 9529 5302 898 4597 8991 2373 3219 5918 4323 5911 3285 8371 1213 8830 4531 9289 8281 4974 308 2225 3437 8779 8522 5363 495 6595 2036 5748 5265 7976 410 4836 1145 2991 2789 7681 4601 2622 2176 5150 6033 4506 7269 9974 8754 4320 3426 3685 8156 7631 2166 6039 9026 1377 6606 9533 2598 4475 8816 1961 5879 5612 4236 4169 5243 6011 7013 3114 7533 8593 2034 5221 7966 3989 2773 5366 2815 2894 4037 627 5654 7877 541 4290 6529 4152 7613 9051 4105 6365 2242 5832 7408 4937 9278 9332 3974 7801 9005 9798 9632 229 4085 6664 9511 5406 7816 2153 8411 4585
1275 7405 8474 8575 4578 7599 0 8005 469 602 2358 7338 1495 9348 2742 9424 4010 3597 7918 8684 8869 2877 825 8294 2734 8289 3151 1845 3162 1631 49 6193 4728 3383 9822 7063 3979 8242 6012 1476 5237 4207 3733 4313 7667 8930 4652 7787 8007 7890 6548 7788 9045 9766 2675 4219 9115 4879 5403 6723 3599 1641 766 2080 976 264 5919 3912 558 2876 609 6386 1477 4490 5423 5113 4754 3308 8528 734 7311 1877 326 7983 331 8394 5286 9708 6072 3861 4823 2781 8890 7902 427 202 1440 9206 2662 27 1535 3185 7285 505 4512 2006 4018 6554 9105 4545 2584 4786 4437 6295 7294 1742 9991 1001 2677 2575 9173 3659 3178 4654 4935 595 5573 7830 6317 931 6436 7490 6609 7497 7472 1902 3100 9252 9062 4782 6084 3541 7262 8846 3510 6732 5237 3755 6110 2122 5336 1316 235 3984 2093 6931 986 7569 3761 2745 6625 3383 8835 7554 7698 6780 7528 5816 8539 6624 6437 1173 8572 8881 8510 8205 8363 2197 2688 5945 3174 8537 8482 9480 3801 3965 8402 621 9876 808 3129 9300 1906 9006 4933 3722 6154 1409 3259 7953
5189 4318 7473 656 6583 4382 8005 0 2677 5907 4432 9471 6252 3870 5456 3823 4086 4093 6922 843 1999 5565 1948 314 8266 2220 5390 941 647 3572 7402 5896 5748 3188 7829 1029 2512 3599 9140 1851 2666 3979 2130 9676 4315 1712 5125 3249 1845 6257 8460 3236 5133 6689 9394 3725 8329 2971 3986 906 7124 1605 7042 8075 4890 3121 7201 4897 6528 3311 9507 6868 7872 7817 9295 3538 4828 3455 9057 1901 1323 355 9041 9008 8331 620 9656 9706 9382 9324 96 1935 6905 3835 9713 4829 4214 8176 7051 2760 6726 4781 443 85 5401 7183 507 3657 6962 9523 8653 8783 773 5052 7762 6627 608 4850 2280 25 6081 152 4979 6635 5465 8559 7646 7124 8066 4622 1688 7266 3086 8727 6601 3580 9556 5416 2158 3256 7339 708 8606 270 5242 9544 2126 8481 3303 5771 3860 2473 5549 9579 1134 3371 6831 6199 9814 8361 3832 3843 5189 1624 7642 7049 9807 3417 2763 7573 49 5427 3572 1819 5354 8837 4667 8420 1323 887 9951 532 892 109 892 5338 7759 4749 5818 8931 6683 5477 3994 3954 4779 4193 9180 2128 1448 504
7277 4424 3883 4812 9771 9238 469 2677 0 940 9472 1852 5873 5773 4497 7302 2913 7890 1180 4731 3249 7604 8428 1700 6773 3191 4444 2307 3243 1212 5330 1666 5813 2297 6964 6743 7258 9503 5175 2913 7038 1973 7271 6719 7705 9119 5174 5703 2258 1122 9409 8223 2623 7919 8504 1270 6912 5121 3571 7618 6480 6549 2556 3377 4835 1469 7229 5449 2694 1709 3878 744 9411 8094 4731 885 1037 7401 6550 4649 8097 2332 1619 83 9850 6990 6458 6781 9787 4328 4286 9851 1432 8923 6798 331 1636 6308 354 4250 3832 585 539 6538 9057 7091 4204 6093 7659 2680 5859 354 9383 7983 756 7588 521 5237 7086 9037 1192 2387 1943 4936 9815 3960 5747 1499 1653 2916 8619 946 6830 649 9069 7699 9288 7638 2384 9057 4780 5320 7635 6520 6335 9580 6651 9655 2261 6464 4429 6362 2809 3579 839 3097 3004 3069 8603 9819 5334 7585 6947 3349 415 7479 9008 9466 1020 2063 9866 1929 6140 5257 2103 4487 8396 908 3414 9836 7825 6105 2323 3680 2184 6678 5293 6628 9544 9283 4464 1522 4470 8080 3018 342 419 1561 9631 2246
8899 3644 9353 590 1826 167 602 5907 940 0 449 1341 2522 9732 5422 9675 9229 8214 9588 6060 2840 9985 4933 6623 4575 1537 1873 261 4002 5407 345 4618 9007 4906 1205 1114 410 8268 2347 2654 9682 4451 9489 2756 3217 6867 6437 2677 1399 4666 3498 1673 6000 5917 7486 2905 6977 8801 924 4915 3794 1061 4212 9008 2062 7146 4801 8834 8589 6176 8326 5304 3250 9342 9506 501 6927 440 9593 2394 6860 8993 5601 7228 9627 7665 4782 1618 1423 4209 2640 6306 9223 230 3501 5272 3627 5256 8133 6239 2356 9045 9657 6439 2296 136 3512 695 3128 3431 1745 1624 1420 2476 8509 1071 4193 2865 9996 7795 3300 1973 9517 1119 3988 7982 7052 6765 9767 6942 7579 8095 4739 2961 2384 5273 5863 1347 8923 917 8805 1241 5231 7892 8008 9753 6031 6412 785 1942 9329 4430 6685 1261 4965 3920 4207 4062 1407 5976 7955 9397 1143 9498 4683 103 7849 8493 1354 7896 3407 4633 7948 323 3752 1497 6234 960 6980 412 661 335 5110 6276 4842 1081 2401 6517 4249 9044 8636 9814 2291 5533 4964 2709 2869 2051 345 2948
8409 635 499 2614 1175 8229 2358 4432 9472 449 0 7956 8866 4783 6935 4628 1921 7095 7858 1131 1052 3926 7086 5374 1738 2893 5039 3523 2020 1338 8959 1430 6071 4203 4043 4128 8073 3816 7323 3828 4031 9314 2412 1709 608 1070 8655 7740 885 7323 434 1117 3900 7116 4290 3392 6293 9486 3709 6255 9578 4827 9192 3488 6552 1492 2710 3153 7888 4039 7500 4198 4557 5345 4145 7566 5832 9666 9038 7686 3064 7994 2911 2161 5359 7662 4859 101 7519 1105 1197 9032 9228 5557 3777 6837 8187 9909 9646 1360 1515 5612 1792 3406 3605 8264 6091 2213 4059 7473 7792 886 7147 5757 4182 6488 5382 4366 4391 7868 5283 4445 9597 9161 2963 2593 6344 7134 9440 4617 3012 702 7790 8287 3083 1599 3185 2329 2736 4589 9180 6316 3712 4614 4855 2190 3027 2170 7502 3072 4175 6971 495 2434 7749 6312 1600 6139 3921 2431 1981 3277 7172 5533 1270 5458 5741 5884 7349 7394 5238 6968 1250 6193 1242 6261 7907 4710 1730 4285 8630 5604 4223 4364 4598 1567 6629 2762 5891 5896 7109 3727 1216 5468 3761 6600 7633 8975 8757 8803
5998 2727 2630 37 7830 4320 7338 9471 1852 1341 7956 0 6484 4941 2327 952 7012 8947 6579 6439 5690 7805 5567 2276 8381 7011 5629 3880 1686 1670 4520 271 7946 3585 5574 3634 1094 9807 2754 5181 318 7442 1215 5924 5357 1752 5480 2290 6633 903 5156 2348 7732 8054 7876 6796 2112 5554 5499 7401 8030 2219 6111 1968 9040 7324 2128 7742 425 7351 3071 313 8826 3818 8252 7584 6560 7137 7832 2348 7119 5319 1261 8932 854 8268 2833 1889 3991 3824 5825 2801 2643 7029 4648 5782 5600 4438 5533 7883 1035 4446 5813 716 1078 5745 2137 5312 9665 3857 7020 3622 341 3927 9429 1260 4098 1573 710 2318 3577 3191 9056 4533 5559 450 2874 4544 9677 8928 344 759 5036 6266 4694 6170 6970 2785 1911 3367 3512 982 185 2342 5516 4442 6389 4959 9173 5264 6956 887 2400 2057 3620 3351 3874 5472 4063 4534 9288 4433 6319 5056 3577 5972 283 8649 8714 5227 9805 8937 8052 4023 9328 3495 9731 6536 2892 8124 5020 4823 5804 5664 6658 8913 2245 4985 9979 1900 5676 7706 786 8033 7824 4503 2810 2514 5338 4853
6480 8141 6445 6087 5034 7316 1495 6252 5873 2522 8866 6484 0 5280 4101 7701 2103 58 3039 2608 8728 1620 5051 2051 4083 3883 3599 3281 1688 7009 4956 919 9233 3810 5597 1378 4274 6971 8346 7517 6845 40 9508 6698 3602 3189 9207 6960 5284 4411 701 8341 5020 5981 474 1250 2217 9652 1654 3268 791 9595 606 9269 3791 424 8748 4228 1359 8828 1693 4372 5086 1579 3741 3550 9868 8083 1946 7742 6556 9567 4507 6952 5392 4221 1569 2457 1609 6882 675 5781 3589 6044 1453 7424 4609 484 733 6302 524 9426 4788 7491 3150 7294 2703 7148 1990 8906 9542 5369 6560 9079 9779 4077 6318 1068 8838 4000 6032 4195 7337 2161 2547 4974 2966 8348 2646 2166 9768 9183 7953 670 3396 2403 6779 7843 3271 3010 4259 2519 7562 2477 3291 4142 167 5738 7579 1186 5536 4709 2630 1734 2972 5892 6905 9146 764 6862 1024 721 5148 8685 5574 1593 9987 8367 8080 2138 4532 9368 8133 4394 883 5891 3647 1915 6533 4039 7672 7105 860 9402 5740 9522 8417 3932 9268 3709 8765 9731 7881 5180 8351 4681 277 6660 4750 256
192 8888 4321 6659 6143 7701 9348 3870 5773 9732 4783 4941 5280 0 8956 9289 99 5524 9518 894 9893 2162 5009 6140 2901 2447 5785 998 7833 9768 13 1661 4240 4193 52 1353 6269 3539 1450 5833 398 5213 7652 7731 4193 7132 5536 887 9597 1755 1248 4257 3313 5961 7345 3087 9567 9821 7373 155 5884 2313 8667 4827 5015 1630 6606 2352 4669 989 9813 6347 4619 2438 3834 7368 8173 610 6606 2785 7565 7350 1771 8709 46 2336 682 4771 7563 9659 3615 254 6389 8735 2890 6241 5954 9825 6062 4126 6319 5919 2584 5816 4352 8074 6474 1247 7331 497 4446 901 796 4357 5520 2486 6959 1395 1997 2378 4383 5276 134 121 9033 1254 8436 2904 5996 5726 5308 562 1754 6887 4437 9873 8799 6751 3298 681 1663 2674 3436 6055 8283 4457 4579 7754 8990 531 8723 1813 3324 5019 6892 4150 9440 4294 8408 7897 8634 6358 1008 6603 3929 468 9647 6294 8590 6463 6263 8882 2056 9606 8825 2514 8447 4394 884 8423 4420 5417 3817 6993 234 6784 6908 499 4473 8860 3790 9758 5261 6937 5693 2704 6974 1843 936 1320
53 2922 715 1806 2957 3105 2742 5456 4497 5422 6935 2327 4101 8956 0 3283 4641 6389 7190 4451 8209 8461 2436 442 8638 9946 8064 6943 5033 3917 9535 4427 2041 608 5301 2282 3621 6729 4095 8790 4753 3873 4440 6578 9775 4410 2302 2787 1676 310 2560 9708 5802 4593 5489 1851 8712 4518 1460 9999 7756 1543 6354 2669 2090 2102 2305 3790 7730 4270 9586 2307 547 8731 137 2005 3439 7043 2817 373 2215 6146 5262 2767 8265 6105 5308 6378 1509 4513 2060 3246 3975 8264 7229 6564 9582 3698 562 1183 9700 7631 5255 1329 5088 5536 1476 7189 8171 1698 3847 9271 2522 7486 2485 8863 870 2417 6883 2172 190 9387 9188 520 8283 5910 7642 7181 1457 3150 3871 2963 2336 3870 2196 4296 6423 8823 6276 876 3379 3499 392 4883 8792 8901 2909 5066 145 8414 1971 3751 7660 2103 6933 111 6589 4045 3301 4452 1082 7260 7359 8617 2377 3838 5379 5981 4236 8915 1177 58 778 7302 475 2029 3075 5607 7474 2467 1409 9945 803 8283 6406 788 5822 6004 4175 6413 6938 4318 4552 1927 2670 8788 5694 3326 1259 5671
1912 188 2693 6722 8715 8954 9424 3823 7302 9675 4628 952 7701 9289 3283 0 5709 5234 8191 9311 2647 2007 1908 6096 5396 9996 6919 8082 82 7085 412 5065 8564 1136 7426 2322 6202 4214 151 5750 1064 7443 8536 7030 8062 9349 406 4538 5312 9970 8697 1603 4403 6256 8714 237 5321 8922 3485 4664 5625 5375 2693 6962 4553 2272 5923 1317 5311 5305 3319 1005 3297 8073 3105 4779 2949 7679 8875 9259 9770 7743 5634 1917 8787 5627 4047 4066 4100 5013 8008 6968 2385 9024 2879 8684 8820 1484 4615 771 8381 8469 5186 5865 4756 14 650 8955 72 9741 9830 1921 9053 8234 650 913 8016 6885 2921 784 6699 5557 2261 3724 731 6335 963 8950 9768 3173 1068 9448 775 2047 686 8793 8762 9104 5690 4039 4891 123 6835 2860 3648 2289 4899 1284 5841 5279 9971 4470 5061 1372 5197 9264 9187 699 8416 5937 3373 4306 3080 8997 1771 3785 9142 2542 6641 74 3863 1820 7710 3472 4659 7313 2969 8388 6357 4418 4374 6468 5606 7321 4360 4291 1798 2913 1997 2725 8396 2441 1265 5439 2045 4992 3523 6286 9098 5509
1939 2202 5692 2612 5740 2792 4010 4086 2913 9229 1921 7012 2103 99 4641 5709 0 4371 8712 9483 190 5707 7031 5393 6887 5933 1837 5700 898 1865 7300 8726 5350 164 9056 7404 6871 7339 8557 2340 5080 6418 7290 8141 769 4531 2374 583 23 9100 3874 8032 8662 4559 7792 5687 5253 8729 8736 3000 1323 2705 6436 9225 7140 5596 207 2648 7122 6715 9593 6548 7185 4387 8548 168 339 8482 1438 1743 6452 7668 7011 5057 6117 7142 5081 8822 2554 6749 457 2511 4706 6285 2815 7432 816 4192 8176 2586 6219 1698 2857 6176 7998 3650 8014 8251 1186 5458 3915 4827 9853 6747 9090 3823 7813 9988 5624 1374 8751 7667 888 4083 7640 905 5725 8741 3609 6099 7588 5980 4763 3185 6639 9873 1638 5098 3384 5627 4504 581 1287 6614 7644 4051 6125 3462 5113 8349 2679 2506 3401 9487 3628 3485 6274 2768 2782 7733 5396 851 7996 5393 5512 2778 3661 8669 257 6248 1652 9424 3936 3199 7386 7703 1768 2166 9561 197 5485 9053 7407 1800 4971 6914 714 7466 5542 7342 8459 4168 1307 248 4272 7423 7667 3421 2543 9572
8981 3112 925 2575 4886 1187 3597 4093 7890 8214 7095 8947 58 5524 6389 5234 4371 0 6904 4084 8767 3676 2709 5936 6131 3478 2481 9635 3804 5550 6964 643 2754 943 7277 8696 8325 2327 6489 2562 2914 3500 252 8578 9962 2029 625 5264 1539 2251 22 1132 9462 8877 6887 8797 303 6565 4458 118 8875 2246 5458 4344 8119 7728 6506 195 7781 791 9438 2688 7524 6921 7066 6148 5815 4980 6064 8577 6696 1518 2743 9860 9828 7956 1134 2039 6435 221 7225 2107 8790 8421 3787 9854 7172 8185 8385 174 419 6950 7911 2767 9785 8180 9446 423 6516 3912 9807 6264 1607 5050 4481 1835 1246 4080 8164 2245 9065 6173 517 6467 7364 996 5712 5842 2815 4811 1033 1286 5541 1186 5156 814 4870 37 8430 2489 5271 7970 5916 6304 5026 1988 4071 8662 6390 1654 7145 4447 5846 5261 7346 6345 4841 5464 8289 2263 635 6939 4355 9441 8142 6410 8749 2493 6397 3377 2527 3465 3432 9838 3968 4089 5466 9628 216 1267 7207 6260 2991 1374 2363 5054 1803 112 1981 7014 889 6282 4238 2883 3594 4492 1317 8312 736 8082
2527 6480 3319 9605 7603 8120 7918 6922 1180 9588 7858 6579 3039 9518 7190 8191 8712 6904 0 4812 6137 8414 7706 1554 2924 7582 6677 3873 9064 751 9985 8762 1986 884 7865 7906 9338 9384 5893 6992 9092 5905 9636 4957 7981 3480 612 7601 1440 8758 410 3882 3170 6193 1869 5111 8717 6168 1717 6047 1509 5574 2200 8918 8461 1437 6783 4131 432 9910 3345 9773 3309 1727 3903 8066 5983 1080 2621 7134 8861 401 5034 7626 6057 4149 1417 1466 1511 6234 6055 813 1566 4720 9011 6644 6531 40 5236 710 3658 1066 1660 3334 9244 9598 144 6032 1268 3561 3377 8202 2031 1469 7505 5347 7171 3265 8682 9364 3863 9893 1010 9575 5528 1395 9122 329 708 8216 6081 6101 907 3942 775 314 6438 2635 4251 7036 6541 962 2584 3598 9070 5169 3669 728 5874 6270 7410 5245 2806 1082 2257 6859 5208 2149 4875 6589 67 5577 6819 8939 632 3135 5350 2899 2942 3893 4122 7338 945 3992 7469 7590 3942 5929 2002 9947 7676 2720 2620 4728 772 6974 9507 1917 4630 4789 4150 9063 1835 7708 7262 8260 979 962 5822 4094
1276 3288 3931 2646 9810 8726 8684 843 4731 6060 1131 6439 2608 894 4451 9311 9483 4084 4812 0 5449 5989 4342 290 9615 3116 4534 784 5149 5956 4850 9308 4867 6138 4758 3816 1623 8368 444 4887 7973 4088 7379 3670 2651 446 212 1511 8308 6782 6414 4908 2516 9387 7262 8261 6766 9372 7976 6381 2856 5510 578 8774 8969 3054 535 1235 9279 1821 2392 6036 5671 3608 5271 6397 8866 1125 7541 1302 5727 8746 8721 6719 4174 7384 861 4893 5275 559 1535 5779 7269 3616 4742 3565 6444 3517 4860 6715 6360 2765 6580 2885 754 466 2037 6441 2403 9688 4027 3300 4279 3898 1152 4322 9215 365 8840 6613 3782 6562 9662 4689 5414 5405 6904 2215 2087 4123 7269 7509 1106 1658 9456 5932 8142 4495 8860 5844 430 3404 1819 8479 7630 7092 9874 8598 5164 2898 3858 8849 6242 9863 2914 6154 9127 5926 2597 2195 6403 7129 3045 223 8408 1254 9853 1119 3254 7437 2344 1288 8416 8144 992 8988 6133 8153 143 740 3877 1787 3332 9010 4982 609 9917 185 4475 4129 3246 5457 2545 2537 8457 8620 7682 2253 8228 755
831 3931 2582 4541 472 2202 8869 1999 3249 2840 1052 5690 8728 9893 8209 2647 190 8767 6137 5449 0 6953 8642 5303 8583 8519 3756 3007 3729 3630 9283 529 7409 5102 2011 9051 9003 4029 3154 2439 9335 8013 4573 8519 7615 8026 4630 4316 3899 8826 5707 3519 5260 780 2949 3486 6500 9232 7322 579 1962 386 4820 5900 249 1109 3763 8944 8487 9618 6890 1215 4244 2476 2118 5578 3763 3471 980 9074 8492 2821 9628 5786 7467 7297 3345 2894 6062 6106 4259 8463 7932 5484 3742 442 3036 4199 9031 5947 508 1617 6474 5219 6190 9137 1071 8217 7486 6383 916 1620 2903 7647 3585 2479 8514 7490 7701 390 2909 1954 1578 2315 2729 6648 3641 3749 189 4604 308 4328 1512 8998 3604 8303 3201 112 4080 2586 8206 9298 9730 3841 7379 2164 1086 9588 2676 1171 9487 3986 3629 1391 4159 5214 890 2625 4642 3554 2831 7266 3763 2023 8016 9218 5056 3599 5948 1211 7521 2472 1557 2999 2618 5588 1410 820 4117 9760 9839 2924 3296 4491 5692 956 5773 861 6754 2009 9276 5248 5728 5367 4269 9365 665 3525 8399 154
4423 1306 4809 8614 1959 1343 2877 5565 7604 9985 3926 7805 1620 2162 8461 2007 5707 3676 8414 5989 6953 0 332 9630 6087 8013 2759 1935 4451 360 7079 5669 3584 8250 5018 464 1730 3106 5501 5050 9548 8166 8596 2822 2913 9103 8903 6003 3728 4130 1839 1549 1113 1636 5142 3009 4673 5484 9326 9363 8885 3998 4269 8125 2515 8443 5063 2592 3134 3360 2277 3894 4488 1397 3429 4032 6333 9833 9773 1168 5141 584 6586 6113 4570 8527 8146 3021 4750 8758 4814 1891 2510 1854 662 9311 678 4528 595 6478 8768 6421 7349 3913 3777 422 2118 9656 5644 3082 5532 2063 9571 7117 346 3392 4061 8406 9727 6430 2200 3027 2831 9179 7077 2962 9877 7433 7224 5994 923 5541 3561 7870 9804 7392 6555 2907 7452 9205 5365 679 4243 4702 3888 9053 5741 1052 8299 3968 5873 8821 418 617 9046 7329 1801 6586 9992 1292 9755 2229 1762 9472 1421 6873 1949 3767 3652 3945 9890 3641 9657 5579 9357 8774 1710 5449 5503 9929 819 4664 4901 1850 5361 7819 8362 533 288 2657 7558 648 8843 568 5317 6730 1687 3300 197 8397
7574 8712 7267 4301 9856 5876 825 1948 8428 4933 7086 5567 5051 5009 2436 1908 7031 2709 7706 4342 8642 332 0 6258 1632 7884 3263 2915 7389 490 8447 4864 7805 6606 4838 2642 8831 7352 6849 256 3347 4460 4071 8442 7459 8896 8380 2700 9396 522 6606 1934 5331 1581 4703 7844 9307 4300 6065 8404 9712 8228 1774 2613 2387 9943 9576 3366 6857 1716 8864 5178 5848 22 6740 3097 8702 417 7852 8805 6259 5152 3215 4288 8422 9318 6677 6164 8310 1398 8973 977 2869 9654 516 7247 7778 9537 315 5509 5892 3254 1525 1649 4350 3304 7741 1466 8075 7601 6879 5327 8123 1808 935 2554 6571 7874 1079 7243 8325 5142 8253 5599 2644 2261 1296 4354 9298 6703 8613 379 9952 6300 3427 1240 3176 7211 3028 5892 7070 3377 6118 4160 7863 6546 2118 3171 5154 4208 5964 9387 9223 287 7715 3084 3933 3419 4891 865 6427 8964 6333 7055 1933 6125 260 4169 3974 521 7520 2075 1420 3707 2174 5379 2191 2382 9471 3940 7204 1192 4664 1378 7248 1563 3851 5059 509 1011 5553 5103 1849 9495 7965 3221 9703 3788 1433 3155
4159 4788 4000 7702 7033 2465 8294 314 1700 6623 5374 2276 2051 6140 442 6096 5393 5936 1554 290 5303 9630 6258 0 6193 9021 3094 641 2490 3934 7155 4254 4620 3868 5939 4709 5164 6635 4137 737 4910 2205 4089 5127 6128 6616 9574 6943 662 346 7688 2408 5989 5749 2670 8805 4388 8944 2264 7796 8518 4447 9142 344 212 9940 7726 292 8806 1892 608 9836 332 1641 9053 9204 861 1307 5756 3596 6484 2148 4914 402 1552 8554 6190 3095 4102 3951 2804 1935 4965 3925 3148 3357 2187 5357 5847 364 4045 8216 3514 6021 2621 2088 6657 2359 4835 1048 4657 9710 4732 9454 680 3997 1369 7971 2108 2366 9227 7054 8680 9328 5632 6642 5789 600 9262 5583 1287 9573 9362 9794 297 5847 1665 8207 8118 5348 8664 7142 2875 2233 3950 8861 2312 4069 117 2434 1576 1969 1340 6409 2002 7646 5989 9 3656 974 9688 6743 3293 1612 4801 1918 1703 5999 9240 8744 6829 6255 4644 8467 2397 8697 6488 8986 3802 3415 7546 4807 1187 4917 7914 663 9876 1636 4414 6447 3407 5174 9776 3596 1362 317 692 6735 8793 4282
7720 5842 1766 8724 4850 4836 2734 8266 6773 4575 1738 8381 4083 2901 8638 5396 6887 6131 2924 9615 8583 6087 1632 6193 0 3299 1923 3206 1247 9338 9083 5351 1446 5145 1736 3709 2399 8441 2661 139 5841 6097 118 9549 3597 5709 931 587 7357 7679 8790 11 3452 5667 540 5201 7339 145 7448 3624 3357 7373 8730 8310 1553 2940 2707 3515 1514 3337 2061 9255 9797 4082 3295 2771 6871 6845 6668 4258 2763 9202 9763 3374 13 722 7896 1141 1328 6096 7757 8529 6306 7789 4406 9960 6316 9242 1047 2636 5774 1197 4018 2710 1364 3704 2984 744 3812 9794 5274 8280 4298 3674 6817 2311 4764 6907 2645 4072 9860 2221 9544 1796 6172 516 979 893 1742 2350 2689 4090 5897 1257 4487 4505 966 8544 7036 2731 5767 2282 4029 2470 9107 7942 16 6078 9755 1002 3799 2200 9674 1927 9168 9549 8798 280 9307 9451 7031 5188 1573 4904 428 1754 3254 4959 1435 2646 4806 3260 6439 1635 7121 5774 8681 6048 1661 689 9522 5831 4087 5129 9055 513 4898 2634 4189 1067 6639 6200 1604 5972 2356 6171 4296 9278 2982 581
2397 7473 359 6359 5490 3316 8289 2220 3191 1537 2893 7011 3883 2447 9946 9996 5933 3478 7582 3116 8519 8013 7884 9021 3299 0 9566 6692 7130 270 6897 8274 3574 7852 679 1007 5160 6262 2734 4441 2544 6436 6360 5526 3576 1289 2808 7983 7884 786 7414 8096 3042 4961 3160 7083 4341 2293 8606 61 1330 2641 4962 5493 5854 7072 802 3636 9528 3833 8229 1332 8356 3589 7976 6271 3806 8392 5825 5671 6306 3171 2720 1416 3397 2735 9997 2444 7959 7228 7977 5790 842 4029 850 9555 2005 902 3403 7888 2996 5755 1356 7517 9206 9217 8666 6473 459 2918 3093 8170 1943 9113 2450 4628 3873 2697 3934 1153 8287 1760 60 1857 5098 2797 3132 4009 1982 6243 1721 5244 6286 27 771 847 6960 7935 4643 8969 255 3017 2650 6768 7506 8965 4170 3767 9818 6197 242 5268 3899 3546 2467 3094 7294 967 111 3503 1690 9196 6793 9559 6811 2973 513 2117 6759 323 6017 1669 1775 8101 3080 2265 846 1343 6920 3198 5546 3969 6192 9183 9921 6344 5115 2930 9122 1031 9581 6184 6295 2441 9425 349 3914 8378 7294 4808
1786 1263 5479 1461 4443 8182 3151 5390 4444 1873 5039 5629 3599 5785 8064 6919 1837 2481 6677 4534 3756 2759 3263 3094 1923 9566 0 874 5258 6674 5019 1537 1260 179 2420 7961 2560 8664 6556 1141 7392 8858 6911 6114 2801 8679 3584 6673 7373 4910 8312 477 5484 5515 9819 3310 3327 5749 5029 8322 1644 5317 5591 5870 232 4808 2743 1417 5957 6799 3838 3296 1890 5941 3748 2030 7957 3600 2208 3050 3702 6835 2626 5450 8296 1194 7918 2602 4189 7154 9158 1742 2183 7046 1748 7097 858 1494 5764 5602 3170 173 4052 1893 4349 7239 8984 593 5832 9476 1587 6666 6299 4291 5875 7129 8642 7716 6144 2579 8158 9646 7133 1041 2742 261 4864 9803 6376 5855 3825 7302 4912 7544 3664 7037 7752 4313 9073 1748 9403 2506 2538 1136 5934 2383 2693 8605 9323 5575 2495 2337 6464 3228 9692 6318 5411 8936 3818 8998 7601 1208 1212 5739 9877 8245 3607 5970 1849 4825 4691 2991 8944 2243 946 4447 4570 6562 1896 4491 6455 3045 2765 7257 5877 6650 2971 8858 3923 3687 7751 7931 5650 4317 6553 6429 8252 5640 2812 7291
8356 9616 4024 7361 7863 3173 1845 941 2307 261 3523 3880 3281 998 6943 8082 5700 9635 3873 784 3007 1935 2915 641 3206 6692 874 0 8629 2044 9669 4733 2900 8311 7425 4103 7757 7580 2227 8092 9900 8774 1908 6426 278 1749 3973 3229 3480 9794 3317 3861 1249 268 5297 1912 2407 6847 8731 4860 5322 234 6176 3167 3030 4063 6444 3901 2693 3111 8560 7455 5818 5043 8868 2043 7314 7344 3173 4436 1519 8470 3266 9484 96 6618 7574 7625 5122 8353 4545 9767 4684 4759 1854 2348 8120 5686 2276 5313 6187 9409 2974 6421 3890 7137 271 6695 9234 4803 4505 424 4219 2264 2746 1327 2128 2554 3849 4945 379 7173 2929 8437 3750 3413 2784 5552 9204 3012 6010 9149 117 6921 7657 8750 2228 8913 6129 1350 4420 5790 1442 7726 4168 2441 7231 1912 7784 9743 7281 1700 8792 254 6595 2256 9159 7471 7518 2098 1346 1894 7979 2368 3562 9992 6086 8605 5958 8483 8116 5563 5018 9488 3825 4422 2759 5975 4916 6184 2926 2545 4304 183 6442 3859 1000 1004 999 3824 7579 4167 8235 575 6530 433 6381 2688 5115 2177
2112 429 9263 7097 4806 1366 3162 647 3243 4002 2020 1686 1688 7833 5033 82 898 3804 9064 5149 3729 4451 7389 2490 1247 7130 5258 8629 0 419 3325 9242 1356 7767 4691 2057 8419 1975 5077 9099 9950 9932 2074 7696 683 4742 5504 4182 4716 487 2994 5632 9438 6558 6230 8786 4232 314 1623 2155 7017 3221 1923 9126 1305 7357 6543 4276 6257 2370 2855 3106 2529 3755 2833 6380 6819 6642 8068 4038 5740 8770 3422 6759 3910 6784 8108 9635 9940 1718 8012 6160 759 2840 2723 667 3078 8723 4949 7849 3635 486 1029 6839 6746 8171 5122 8676 4620 6822 8773 4870 3361 9396 9838 5687 8313 3136 9944 2433 4169 1456 2568 2080 1769 6920 7156 3760 1595 2545 5677 1515 3055 1549 8821 7856 1787 7922 3239 9272 7519 1325 1046 5683 3301 1049 7984 108 1324 475 5486 2647 2149 1518 7664 4598 4604 6845 4455 9530 8894 5446 860 5282 3480 4389 5050 1140 4252 2484 9452 1104 8220 1517 6931 1563 5051 4894 1518 8677 2083 8280 9858 2665 8498 5836 4735 4955 4669 8653 1806 6356 9311 3605 7049 8420 1161 4512 4511 8725
1775 7076 4541 8143 1638 6459 1631 3572 1212 5407 1338 1670 7009 9768 3917 7085 1865 5550 751 5956 3630 360 490 3934 9338 270 6674 2044 419 0 3186 4825 5169 7530 9762 8526 3052 6231 7623 1235 2254 581 5398 2453 3595 4913 4716 4565 5777 8122 5943 3788 1643 460 1489 4023 9324 1384 5634 2698 2832 2024 4501 877 512 8050 3586 6233 5452 9416 5169 6167 7147 2137 8767 9877 5399 8791 7877 8433 2935 6287 7471 5224 6833 415 9719 1846 9271 1379 79 4225 4882 6700 2435 5044 6573 1923 5116 9666 1956 1076 6666 3822 4070 8683 682 5023 1352 1493 4474 835 740 6372 1083 5369 4835 6678 1423 369 8539 1478 7256 8649 725 1844 58 3254 1847 8511 2035 9950 5976 7502 9635 9745 8786 7020 5772 2384 7928 1098 3515 1518 6930 713 4297 3806 3523 3229 8050 8899 351 7682 1535 6330 7641 7450 6254 9721 3389 4667 4825 7788 3448 9826 4583 1759 4463 9765 7432 8157 1820 4453 9492 2634 7020 2636 2836 1547 8773 7789 257 7116 9401 8231 583 326 5721 1763 2585 4155 6669 5770 6262 6193 6201 3662 7673 371
8462 6280 1980 3086 3538 4178 49 7402 5330 345 8959 4520 4956 13 9535 412 7300 6964 9985 4850 9283 7079 8447 7155 9083 6897 5019 9669 3325 3186 0 3536 2438 8756 1723 6227 1858 2834 644 5714 1878 6119 7621 5678 2601 6130 1428 9064 6597 1756 244 1208 3794 1800 197 8661 5921 9788 5638 5079 9473 3580 3785 2550 8295 8652 3123 1180 8992 672 3960 852 2987 8053 9603 5800 8544 2051 1171 7584 2982 9211 3927 1641 2086 1185 3594 678 1847 3583 6604 6738 3395 9197 3790 2609 1659 5129 2914 9329 5827 9561 9915 1559 8057 7142 8990 8213 651 2859 6272 7822 9147 5014 7790 1053 6613 4244 581 2584 5441 5209 8583 5590 119 7022 3372 2100 8330 2826 174 1782 5507 7086 9491 1081 9134 4761 7350 9293 3763 2125 5859 1015 6323 1180 7450 419 7514 8657 7808 5221 92 2284 4519 8322 9853 4035 7457 2831 6817 1885 5328 4933 6164 8512 3055 9646 965 9884 1593 5860 4202 2259 6587 7289 5326 3827 5474 718 5434 2225 1826 834 5182 2616 1425 8423 2222 6008 3936 525 6365 8576 3984 7159 321 1810 9261 4662
6649 2921 3168 974 4202 6043 6193 5896 1666 4618 1430 271 919 1661 4427 5065 8726 643 8762 9308 529 5669 4864 4254 5351 8274 1537 4733 9242 4825 3536 0 9240 4456 5534 402 1766 3481 9057 2112 1493 6141 2442 3761 7104 1526 8196 4201 3808 5081 8569 8403 4026 8597 1129 7630 6426 5574 2941 7318 8306 6218 3247 1195 593 9640 52 2937 5651 5653 5561 6637 2696 5927 9877 6447 946 822 1104 8810 4571 8299 3401 5513 4253 5298 467 5435 1495 6137 4768 7635 1715 8183 1527 9954 7683 7739 9814 3930 5277 4724 9762 2128 4813 4136 9219 6672 2509 1145 8683 5796 7965 3933 5622 371 8319 5539 7466 7266 2705 4846 6946 1690 3912 9769 6976 9377 8038 4377 488 5095 3900 7408 5264 4953 7543 9240 2192 4186 5320 6652 5690 7620 5235 7317 8326 5064 2485 5951 6656 2379 4592 4889 3202 1212 5555 9338 2787 5043 2843 730 940 7381 232 3428 7433 9237 8789 9128 8600 844 6371 4962 5187 4214 6429 8671 7291 1826 2745 2417 1596 2324 9660 5992 8936 6100 3401 146 9025 8950 7658 8592 4917 3884 609 5351 2099 6815
8013 6110 5252 9584 7572 8212 4728 5748 5813 9007 6071 7946 9233 4240 2041 8564 5350 2754 1986 4867 7409 3584 7805 4620 1446 3574 1260 2900 1356 5169 2438 9240 0 3167 4367 4090 7798 878 2034 9795 7153 2212 3479 4379 5236 9521 9761 8697 3625 3219 8956 6904 6829 7126 1842 497 505 405 5538 8585 8861 8235 2727 6330 682 3144 3004 5952 8228 8003 4431 5723 9226 6493 8831 5317 3506 6442 2341 2668 2534 9685 6488 6745 4931 5926 3473 1561 6743 8071 3168 6759 3006 3888 3361 530 2236 4013 8109 4528 6349 2545 5895 3967 6502 1104 5969 252 4902 8936 8097 1381 7808 7779 226 3476 8962 1841 223 4381 8779 7065 422 9714 755 7864 293 9733 8974 1883 6642 2729 2771 2086 5049 6577 6496 4252 8824 1161 4253 7544 6496 3229 1737 8131 5258 6660 5641 3237 5398 1131 9333 9251 4053 7420 7524 4959 1625 7944 957 5572 1787 7863 7011 5117 4247 7778 711 5128 3517 1988 2960 5346 9961 9726 7084 9542 1648 9207 3807 2575 330 4664 4064 8325 9125 8155 7899 586 2463 6844 1265 1367 3777 6694 5008 8222 1265 5266
135 4144 6098 7051 2736 4043 3383 3188 2297 4906 4203 3585 3810 4193 608 1136 164 943 884 6138 5102 8250 6606 3868 5145 7852 179 8311 7767 7530 8756 4456 3167 0 1620 1314 2076 6692 777 7811 8568 3399 3364 6729 3119 3466 1403 3351 4296 5051 6368 3559 5835 4767 2620 350 2751 8930 8718 2423 1571 455 4307 107 5574 915 5796 6776 8050 1322 6116 9155 339 4555 5986 3976 9973 5733 4175 3170 2504 8318 6884 8445 8275 7485 6544 548 7189 7160 264 9205 3308 5943 8803 9002 413 3440 1952 9764 7579 6341 5443 5043 1317 8511 2896 3176 2961 3472 9814 3825 7403 4407 3125 616 3242 4689 1379 6104 566 1824 4019 2107 8189 5294 3078 2154 3246 3835 7315 250 5321 5755 932 8942 2062 6546 713 690 5038 6548 2073 4477 9302 1960 2365 2878 317 9926 2057 4772 5244 674 9458 3033 1075 3778 7605 7153 8237 4155 7510 342 9071 2025 7204 2316 2493 5274 8332 3807 9306 3676 1687 3261 82 6209 9610 5535 5307 8934 688 8045 8557 3140 3066 566 9470 6866 6953 3978 916 3600 6557 8105 7238 830 1674 1455
5936 1417 3172 6457 7748 9339 9822 7829 6964 1205 4043 5574 5597 52 5301 7426 9056 7277 7865 4758 2011 5018 4838 5939 1736 679 2420 7425 4691 9762 1723 5534 4367 1620 0 472 4917 2355 1933 8463 5487 6586 2711 8899 7768 4620 3743 8720 2515 7835 8488 3908 5427 8890 9305 5015 8669 7036 999 6016 926 1566 3390 3306 2557 345 1710 3154 719 4560 6407 5170 5403 6051 7320 6562 8980 5148 133 151 5981 3972 8231 9052 7980 330 7248 6260 2957 1703 4976 5859 4995 4080 6627 8572 1087 9584 6588 3316 2774 2352 8937 7363 7304 9481 1447 3395 2640 9301 7542 6311 7093 1918 4508 3190 7231 2772 1322 1043 4584 5263 4997 8121 6030 4090 6833 6010 2084 9134 9918 6117 4825 2625 655 1020 9745 4541 608 9039 5383 9504 7328 1221 8057 8090 9659 1598 4464 3685 462 7790 8346 6894 5279 1663 737 538 4011 7053 3796 7561 9831 1563 2699 9434 7709 4969 5861 1165 1857 6661 7353 1403 1225 7460 235 4401 1825 6356 57 5937 1268 4361 2862 5649 6373 8740 2567 1040 3767 6951 9112 4537 2896 6517 2687 3403 5769 2198
9512 57 6366 3199 9479 761 7063 1029 6743 1114 4128 3634 1378 1353 2282 2322 7404 8696 7906 3816 9051 464 2642 4709 3709 1007 7961 4103 2057 8526 6227 402 4090 1314 472 0 6041 2446 2580 6136 6415 7169 1409 9118 6842 9434 8529 9223 2630 7471 386 8978 6306 1744 926 6194 7896 8289 1600 4483 1782 7054 9407 3307 8511 6110 2027 3383 7009 7017 6377 6490 5100 7618 168 4246 3898 3096 1601 9334 2484 3387 7352 6458 6218 192 43 9125 7224 532 9501 70 1718 7901 7844 2001 5903 9095 4020 6581 453 7380 733 6147 5297 9252 9411 3370 5306 6199 2896 5037 1844 3459 5139 2060 3562 1896 5170 7830 4051 9123 5090 6167 7979 4991 5346 2535 6 3294 67 2520 1703 718 6156 9603 2178 8894 5887 4552 3804 2021 7107 4615 3099 3750 2553 5069 812 6009 6829 6198 1122 5631 6783 998 128 2680 5326 7972 9093 2252 5757 8449 2827 699 5077 4463 1356 9953 274 790 6024 7909 6236 4250 5120 1056 7190 192 3691 1201 2794 3114 1256 380 7445 5586 5319 639 5986 8412 9395 3809 6853 8577 8768 8470 8128 2223
4223 846 9951 1587 8451 227 3979 2512 7258 410 8073 1094 4274 6269 3621 6202 6871 8325 9338 1623 9003 1730 8831 5164 2399 5160 2560 7757 8419 3052 1858 1766 7798 2076 4917 6041 0 632 7421 2596 9205 7587 6348 1246 3134 6631 194 8874 4504 7992 538 9348 8277 4488 935 968 335 1455 8219 1070 7292 7885 2961 4820 8392 3224 1515 5056 5119 6650 1194 179 6043 110 560 6385 9003 9056 9046 1592 8825 5393 8430 8484 7315 7694 6175 5217 5777 37 1152 1084 8837 7965 9187 4082 1488 5587 8271 8084 1672 268 4495 6449 3721 3965 3977 1850 6053 1981 2399 9184 4949 3110 7122 5503 5520 5139 1643 3849 2868 405 6163 8065 7115 8149 4392 3478 8466 5750 8664 3200 2065 1546 5548 9168 6162 540 2424 7243 99 7487 2352 1360 5715 9262 1541 2958 9938 2852 4115 9255 5761 2119 7244 1420 6754 1332 7252 1218 5704 2156 8797 5841 2858 6089 3726 3953 3990 5267 2465 9855 8769 3309 5157 6766 4426 9770 7550 9332 9881 5044 8958 5541 7083 9215 7844 9782 2368 5698 8238 651 2164 8420 3581 82 9759 9869 6467 8009
8142 5892 2762 9540 1575 3399 8242 3599 9503 8268 3816 9807 6971 3539 6729 4214 7339 2327 9384 8368 4029 3106 7352 6635 8441 6262 8664 7580 1975 6231 2834 3481 878 6692 2355 2446 632 0 1809 8339 8815 2049 3216 7464 5558 1365 6135 4898 7484 4620 349 1896 4922 1579 8599 1663 7735 1773 7911 965 7508 1241 6707 6827 533 8421 4059 9141 7025 147 3537 9972 8287 3669 6409 5390 7538 2134 2009 7456 2711 7165 6832 6532 4387 3567 1285 9100 9345 5589 1308 724 9312 1771 7965 1989 99 1679 3806 206 9789 709 6651 3519 5521 5605 999 4580 743 4454 9285 9747 4313 8419 8112 116 4374 3024 1647 8878 4880 6922 9475 8106 6315 7298 1554 7752 1997 5104 3309 3471 7755 9815 8891 4898 4256 6068 5893 4016 368 5072 3256 3860 1653 9244 9909 9370 5474 3464 8252 5307 9496 6936 7044 6962 9871 9728 9087 402 5857 2066 6008 204 7369 5967 8856 468 2175 3186 4818 5261 6788 1024 5 446 1400 4244 1062 6952 8846 6395 7669 7031 3307 1420 7449 8482 5480 9406 8626 6599 3496 6080 8665 9939 5432 5902 8280 9358
8565 6963 8243 104 7557 1489 6012 9140 5175 2347 7323 2754 8346 1450 4095 151 8557 6489 5893 444 3154 5501 6849 4137 2661 2734 6556 2227 5077 7623 644 9057 2034 777 1933 2580 7421 1809 0 296 9724 9365 3626 2723 306 6013 144 4742 4390 9702 6659 4693 1415 4708 7942 4382 623 2774 4308 4314 6381 3176 329 2671 5909 1564 1472 9321 500 7177 3778 5789 1573 7745 3278 1801 2735 8259 2337 9713 2194 2210 282 8662 5310 412 1964 703 8085 1643 7647 5155 2253 9332 9347 7747 5864 79 8057 2930 8797 8297 9886 755 5822 1789 4096 8106 7901 1665 129 8179 4317 3479 8878 3717 5262 5132 4627 7313 8867 7714 2366 5112 3661 5156 6467 3285 5517 7308 504 3320 7337 1057 6268 8588 4750 6077 921 4429 1927 2066 2327 199 8153 937 1899 6663 6226 3270 7971 7151 3991 8212 1155 6049 872 3437 8669 8272 1979 4089 6399 9712 1238 8209 4360 4326 393 4238 3463 5740 8189 449 787 7307 6197 3877 6586 5843 5025 3838 2829 4647 8503 8402 6926 3869 235 3832 3613 9640 3650 8548 1855 3844 1454 3492 1897 4820
8531 4857 3884 6223 6863 7454 1476 1851 2913 2654 3828 5181 7517 5833 8790 5750 2340 2562 6992 4887 2439 5050 256 737 139 4441 1141 8092 9099 1235 5714 2112 9795 7811 8463 6136 2596 8339 296 0 2792 3356 3682 2514 4478 4684 4002 6762 9007 4363 8440 8589 644 248 53 1237 2453 1659 5148 3556 1121 5498 7868 2032 8253 5225 5421 4210 5465 9450 2500 7123 9356 6027 9484 6992 1710 5815 4224 2334 7925 1048 7820 9698 9249 9528 2492 7543 3666 9625 7348 7676 5183 1980 4129 2889 4565 3673 5629 1724 6798 7825 5704 3307 8409 9377 5578 9045 3688 8600 2243 6793 4975 8 345 3298 4894 2296 617 3566 8238 3464 1074 9455 7551 3683 8241 5442 8781 5965 7273 1593 4660 8602 9037 9550 7818 2876 7542 6978 5804 8957 3460 2364 6783 8056 5549 5001 6368 5739 8947 5816 9843 9397 907 3978 5920 2091 2308 280 367 2485 8608 8036 7798 4702 7825 4178 8690 8219 4826 1521 66 1512 8869 9472 6634 9575 2405 8617 2656 1218 9234 1649 5318 6701 6272 9677 4229 1146 474 7669 8665 4061 4543 276 3451 9893 4442 1617
9585 5737 9448 4711 1498 9082 5237 2666 7038 9682 4031 318 6845 398 4753 1064 5080 2914 9092 7973 9335 9548 3347 4910 5841 2544 7392 9900 9950 2254 1878 1493 7153 8568 5487 6415 9205 8815 9724 2792 0 869 8470 7869 4684 6302 5436 1819 741 4202 5403 3549 8985 1856 7604 8748 1911 7465 2472 6752 9388 5088 5872 4246 5069 4663 8299 6990 4252 430 2586 7987 9283 7272 6890 4679 6586 8215 8341 2287 4564 9583 4234 5816 8710 8736 741 8347 4902 8287 7914 2187 4316 3083 2170 7543 8533 2008 3761 361 46 6650 874 5685 5572 3488 8825 9385 629 6181 2145 3962 3421 2815 6515 4579 7622 2583 3820 6643 7971 8883 600 2212 6691 9010 4593 964 1148 2857 5540 974 855 8285 1165 5965 4560 7423 2783 1790 4552 7456 447 7291 8296 8967 5365 8097 5453 5979 4311 5875 4900 4892 3196 6301 3441 1911 3271 4901 378 9019 2313 9235 8619 4824 9673 6913 5502 114 763 1301 6462 3899 6582 4413 9799 3813 143 3634 3741 552 3931 6281 733 8134 6959 5726 9052 7120 7072 62 1906 7971 3022 1874 6156 8572 4329 6786
