50
0 3268 2784 4534 9614 3663 901 5267 8721 9545 9841 8468 6612 8634 748 2804 6861 9790 6239 5580 6857 3668 8550 6155 1603 2422 1472 6612 9858 7511 6360 1211 3356 2847 1979 7211 2515 3404 3284 7918 862 9801 9571 1263 9948 4851 6558 2379 6677 4856
3268 0 2538 6382 3269 1013 3033 3976 291 6378 250 3816 4121 7431 5988 3969 4938 8491 805 1800 3639 4329 815 3256 3406 5464 6850 4255 1606 202 5001 4269 6909 8150 967 3009 9389 846 115 5523 4421 737 3615 3641 9715 3396 9352 9316 3940 1609
2784 2538 0 6789 8815 1856 1526 7266 7491 8562 9648 2091 8645 935 6767 4145 3915 1739 6510 2212 7373 2766 3337 8628 5943 123 10 9673 8643 7088 3577 8665 2958 1950 760 4060 8118 1400 9641 6468 3846 4788 6289 6252 8388 656 1606 640 8681 2467
4534 6382 6789 0 4460 2777 5158 2618 3748 7737 7593 1385 6517 1731 2393 1648 5096 8411 930 2694 6187 6151 403 4585 2780 1318 5937 1716 5831 3470 5347 5549 8256 1677 6907 9436 3128 4181 1211 8560 7511 1708 745 6585 1752 1970 3508 7885 7602 6466
9614 3269 8815 4460 0 2076 4403 9688 560 5086 3405 5012 1183 6340 24 637 301 3896 5502 6536 9883 4508 9301 5813 8847 8069 9702 9692 3372 1502 4085 5703 6136 75 9995 4105 6614 7591 7498 3314 2350 6544 9238 1716 1256 5036 4249 577 7103 8317
3663 1013 1856 2777 2076 0 4165 2030 181 1402 1075 7586 265 9745 5297 3714 4316 7090 8625 8091 2195 9832 9616 5043 6661 3120 4582 1790 2747 6079 305 8726 7715 2889 6211 2906 9808 4699 3804 957 6809 3462 5684 8797 832 8575 7928 6329 570 9283
901 3033 1526 5158 4403 4165 0 158 4393 4384 4758 5572 7574 1671 8274 6382 7592 376 3649 9584 1877 1773 5791 1454 4403 7088 9537 8297 5741 7362 8444 4059 2921 7553 8446 9827 2775 1022 6937 1462 210 96 2096 5061 9928 6868 4197 7520 8026 4424
5267 3976 7266 2618 9688 2030 158 0 4786 2793 9945 8650 5541 9621 1651 5305 7520 7366 1541 7308 7619 5084 8227 1137 9648 3623 9529 938 7361 3747 7414 9007 2055 626 14 2496 4038 1972 56 3038 4549 9043 7558 7485 5297 2289 5172 7753 9838 9662
8721 291 7491 3748 560 181 4393 4786 0 6302 1065 7433 2724 982 8974 5673 799 5777 3600 8670 7706 6457 9403 2650 2356 5919 6194 4961 5645 7512 249 3830 1135 301 8659 7267 6071 2176 4993 8673 8662 7071 4494 6858 2636 9904 655 9268 5080 7207
9545 6378 8562 7737 5086 1402 4384 2793 6302 0 4516 3112 7884 4682 6126 8863 2873 7339 831 5514 2205 6862 2674 5035 4338 2693 1600 4343 8161 5423 6013 3742 1838 5911 4198 6261 132 1600 8917 9266 1025 1267 2034 3845 9318 8647 2813 48 4790 5550
9841 250 9648 7593 3405 1075 4758 9945 1065 4516 0 6094 4260 9911 6464 6790 8835 4659 9190 8534 3357 9830 7343 3733 875 1583 5802 817 8235 7128 6180 8885 7842 2039 9662 7443 7796 1440 4562 7301 885 2865 6688 357 33 5972 7593 3685 8481 4234
8468 3816 2091 1385 5012 7586 5572 8650 7433 3112 6094 0 4480 4733 5449 3562 8043 2631 3703 2957 5302 6279 5239 1672 6643 8263 4156 279 9707 4040 7107 4860 2236 8324 4151 2187 9158 1772 6221 8152 4331 2974 8757 277 4179 2977 2621 410 5546 8466
6612 4121 8645 6517 1183 265 7574 5541 2724 7884 4260 4480 0 316 3821 7534 6271 3465 1640 6829 8155 2877 2542 7122 1727 2906 6645 8687 8590 1629 457 3168 9230 143 9543 6879 2886 7905 8743 6807 7999 9039 4519 6253 8912 3676 2387 908 2828 8272
8634 7431 935 1731 6340 9745 1671 9621 982 4682 9911 4733 316 0 7178 2414 1473 1116 3416 2139 99 3572 630 4754 2015 6914 5254 4980 8426 9265 7855 1888 1999 8224 4539 6420 1833 7721 9533 7073 8587 7430 2093 7057 2188 1443 3735 4044 1310 8280
748 5988 6767 2393 24 5297 8274 1651 8974 6126 6464 5449 3821 7178 0 2404 4160 8381 6544 8422 9015 9381 7511 9797 1749 2294 5152 1300 484 7835 4591 801 4562 1766 522 1664 6888 3388 4258 4726 9911 5853 9513 7114 6144 8071 2720 1512 5117 5585
2804 3969 4145 1648 637 3714 6382 5305 5673 8863 6790 3562 7534 2414 2404 0 4625 5800 2983 2022 7744 863 3294 3275 863 3223 9452 1414 64 1766 3719 3643 6056 689 5535 2116 529 1157 5314 2245 1495 6713 8886 8196 9087 1504 7537 6319 7879 5362
6861 4938 3915 5096 301 4316 7592 7520 799 2873 8835 8043 6271 1473 4160 4625 0 5167 2673 3192 1223 6027 3575 1569 2973 3440 3280 5411 2361 1160 1951 3730 5670 9071 7209 1196 9833 8463 5942 2831 1913 7743 5460 8597 7895 6508 3991 1622 2116 260
9790 8491 1739 8411 3896 7090 376 7366 5777 7339 4659 2631 3465 1116 8381 5800 5167 0 968 3164 5119 2669 9858 4145 1264 314 8406 9913 3399 1341 8292 4750 8841 9348 1751 4557 5529 8204 7024 7541 724 5952 9655 4263 6180 7478 3432 7243 6341 8895
6239 805 6510 930 5502 8625 3649 1541 3600 831 9190 3703 1640 3416 6544 2983 2673 968 0 5306 7045 5215 5545 4934 282 3336 8732 3417 7906 5503 3144 705 901 1508 7217 7183 4634 8547 8264 2784 1990 1430 936 1033 7282 301 4901 2774 6433 9956
5580 1800 2212 2694 6536 8091 9584 7308 8670 5514 8534 2957 6829 2139 8422 2022 3192 3164 5306 0 1788 8544 4264 1958 1955 6707 8048 2439 7942 6052 520 854 357 1348 50 6975 9420 6335 1198 9993 9013 4251 4910 5831 4993 2983 6022 8278 585 9466
6857 3639 7373 6187 9883 2195 1877 7619 7706 2205 3357 5302 8155 99 9015 7744 1223 5119 7045 1788 0 696 4081 5729 1637 1428 2111 5241 6974 9557 5880 8218 5054 1986 9014 9015 1831 8758 9025 481 3158 8826 9005 3516 2445 742 5331 2755 9271 8299
3668 4329 2766 6151 4508 9832 1773 5084 6457 6862 9830 6279 2877 3572 9381 863 6027 2669 5215 8544 696 0 1635 7310 5604 8749 8485 1194 4896 5189 2611 5775 6409 928 8614 7256 346 7307 4905 5416 5150 2328 382 1210 1164 2230 6279 4018 3923 8679
8550 815 3337 403 9301 9616 5791 8227 9403 2674 7343 5239 2542 630 7511 3294 3575 9858 5545 4264 4081 1635 0 6999 529 2607 6109 4707 2859 4623 8390 4463 3035 4855 1188 5283 177 508 1172 6056 3392 1878 769 2574 4108 4811 4126 2100 6821 9592
6155 3256 8628 4585 5813 5043 1454 1137 2650 5035 3733 1672 7122 4754 9797 3275 1569 4145 4934 1958 5729 7310 6999 0 732 3194 5350 7189 2292 5992 7907 1292 1069 7304 6569 3633 1078 1739 4850 2892 6426 2482 825 6230 6864 4552 94 525 4479 9362
1603 3406 5943 2780 8847 6661 4403 9648 2356 4338 875 6643 1727 2015 1749 863 2973 1264 282 1955 1637 5604 529 732 0 7274 5380 6989 5547 2549 7096 6987 2598 7 826 1678 9707 5511 8622 3931 639 4334 6459 3307 1798 4695 2466 1741 4298 7050
2422 5464 123 1318 8069 3120 7088 3623 5919 2693 1583 8263 2906 6914 2294 3223 3440 314 3336 6707 1428 8749 2607 3194 7274 0 2034 703 5825 2760 4077 7947 8957 9938 8161 6308 3734 1814 9380 2011 8577 8521 5671 5524 6490 2213 3552 8069 3792 4404
1472 6850 10 5937 9702 4582 9537 9529 6194 1600 5802 4156 6645 5254 5152 9452 3280 8406 8732 8048 2111 8485 6109 5350 5380 2034 0 3979 7961 3265 3777 9994 5800 4137 6838 4308 9601 3741 7782 5294 8416 4060 948 4490 4972 2867 385 7106 858 5096
6612 4255 9673 1716 9692 1790 8297 938 4961 4343 817 279 8687 4980 1300 1414 5411 9913 3417 2439 5241 1194 4707 7189 6989 703 3979 0 6018 8967 5427 4439 4000 1057 5433 4368 5739 8913 3976 2612 1472 8263 9061 1403 2419 7163 576 4836 1597 8046
9858 1606 8643 5831 3372 2747 5741 7361 5645 8161 8235 9707 8590 8426 484 64 2361 3399 7906 7942 6974 4896 2859 2292 5547 5825 7961 6018 0 735 8381 2369 4063 6306 5829 540 2376 5110 8190 5788 7309 9072 2448 8694 8636 6084 5638 640 3683 664
7511 202 7088 3470 1502 6079 7362 3747 7512 5423 7128 4040 1629 9265 7835 1766 1160 1341 5503 6052 9557 5189 4623 5992 2549 2760 3265 8967 735 0 5501 7218 8620 6989 9472 8382 2002 6060 2079 631 8111 9880 700 8782 9680 5628 1205 3182 5747 3933
6360 5001 3577 5347 4085 305 8444 7414 249 6013 6180 7107 457 7855 4591 3719 1951 8292 3144 520 5880 2611 8390 7907 7096 4077 3777 5427 8381 5501 0 4588 2478 9334 7261 4306 2816 1336 3824 8428 11 6440 9733 5305 8434 8778 4970 2615 9321 7822
1211 4269 8665 5549 5703 8726 4059 9007 3830 3742 8885 4860 3168 1888 801 3643 3730 4750 705 854 8218 5775 4463 1292 6987 7947 9994 4439 2369 7218 4588 0 8775 6573 4711 8805 8017 2804 6928 4156 1773 4510 8229 1077 3664 6221 6564 3531 2885 633
3356 6909 2958 8256 6136 7715 2921 2055 1135 1838 7842 2236 9230 1999 4562 6056 5670 8841 901 357 5054 6409 3035 1069 2598 8957 5800 4000 4063 8620 2478 8775 0 1489 4933 7934 7196 7963 5491 3299 7698 8296 178 8442 3112 5655 8331 528 7039 5485
2847 8150 1950 1677 75 2889 7553 626 301 5911 2039 8324 143 8224 1766 689 9071 9348 1508 1348 1986 928 4855 7304 7 9938 4137 1057 6306 6989 9334 6573 1489 0 7319 6968 8380 4284 9358 9051 30 3739 268 8410 7822 3212 7901 1242 2941 323
1979 967 760 6907 9995 6211 8446 14 8659 4198 9662 4151 9543 4539 522 5535 7209 1751 7217 50 9014 8614 1188 6569 826 8161 6838 5433 5829 9472 7261 4711 4933 7319 0 9569 3317 5179 5929 2738 646 6343 4160 4888 3168 4803 4058 7361 7358 9118
7211 3009 4060 9436 4105 2906 9827 2496 7267 6261 7443 2187 6879 6420 1664 2116 1196 4557 7183 6975 9015 7256 5283 3633 1678 6308 4308 4368 540 8382 4306 8805 7934 6968 9569 0 8761 8158 3949 949 320 3130 5425 4029 3485 2997 3074 908 7968 1071
2515 9389 8118 3128 6614 9808 2775 4038 6071 132 7796 9158 2886 1833 6888 529 9833 5529 4634 9420 1831 346 177 1078 9707 3734 9601 5739 2376 2002 2816 8017 7196 8380 3317 8761 0 9644 7828 8669 5108 8499 1886 6485 7705 7592 5791 4305 8089 837
3404 846 1400 4181 7591 4699 1022 1972 2176 1600 1440 1772 7905 7721 3388 1157 8463 8204 8547 6335 8758 7307 508 1739 5511 1814 3741 8913 5110 6060 1336 2804 7963 4284 5179 8158 9644 0 6091 1577 8675 6346 4988 121 1010 5914 8541 4714 1543 1360
3284 115 9641 1211 7498 3804 6937 56 4993 8917 4562 6221 8743 9533 4258 5314 5942 7024 8264 1198 9025 4905 1172 4850 8622 9380 7782 3976 8190 2079 3824 6928 5491 9358 5929 3949 7828 6091 0 3667 710 8559 1129 7341 3511 9379 117 2572 7503 9275
7918 5523 6468 8560 3314 957 1462 3038 8673 9266 7301 8152 6807 7073 4726 2245 2831 7541 2784 9993 481 5416 6056 2892 3931 2011 5294 2612 5788 631 8428 4156 3299 9051 2738 949 8669 1577 3667 0 7108 4017 4741 8676 1520 6179 703 3115 4958 6794
862 4421 3846 7511 2350 6809 210 4549 8662 1025 885 4331 7999 8587 9911 1495 1913 724 1990 9013 3158 5150 3392 6426 639 8577 8416 1472 7309 8111 11 1773 7698 30 646 320 5108 8675 710 7108 0 1124 2006 3294 9458 3481 9344 2976 5213 5797
9801 737 4788 1708 6544 3462 96 9043 7071 1267 2865 2974 9039 7430 5853 6713 7743 5952 1430 4251 8826 2328 1878 2482 4334 8521 4060 8263 9072 9880 6440 4510 8296 3739 6343 3130 8499 6346 8559 4017 1124 0 4714 1822 5168 3739 9179 1439 1691 6773
9571 3615 6289 745 9238 5684 2096 7558 4494 2034 6688 8757 4519 2093 9513 8886 5460 9655 936 4910 9005 382 769 825 6459 5671 948 9061 2448 700 9733 8229 178 268 4160 5425 1886 4988 1129 4741 2006 4714 0 873 665 6278 8763 950 479 5250
1263 3641 6252 6585 1716 8797 5061 7485 6858 3845 357 277 6253 7057 7114 8196 8597 4263 1033 5831 3516 1210 2574 6230 3307 5524 4490 1403 8694 8782 5305 1077 8442 8410 4888 4029 6485 121 7341 8676 3294 1822 873 0 413 2182 1592 1117 3403 5480
9948 9715 8388 1752 1256 832 9928 5297 2636 9318 33 4179 8912 2188 6144 9087 7895 6180 7282 4993 2445 1164 4108 6864 1798 6490 4972 2419 8636 9680 8434 3664 3112 7822 3168 3485 7705 1010 3511 1520 9458 5168 665 413 0 3538 187 2680 2318 3212
4851 3396 656 1970 5036 8575 6868 2289 9904 8647 5972 2977 3676 1443 8071 1504 6508 7478 301 2983 742 2230 4811 4552 4695 2213 2867 7163 6084 5628 8778 6221 5655 3212 4803 2997 7592 5914 9379 6179 3481 3739 6278 2182 3538 0 762 5811 2468 3329
6558 9352 1606 3508 4249 7928 4197 5172 655 2813 7593 2621 2387 3735 2720 7537 3991 3432 4901 6022 5331 6279 4126 94 2466 3552 385 576 5638 1205 4970 6564 8331 7901 4058 3074 5791 8541 117 703 9344 9179 8763 1592 187 762 0 3179 4467 2028
2379 9316 640 7885 577 6329 7520 7753 9268 48 3685 410 908 4044 1512 6319 1622 7243 2774 8278 2755 4018 2100 525 1741 8069 7106 4836 640 3182 2615 3531 528 1242 7361 908 4305 4714 2572 3115 2976 1439 950 1117 2680 5811 3179 0 4524 244
6677 3940 8681 7602 7103 570 8026 9838 5080 4790 8481 5546 2828 1310 5117 7879 2116 6341 6433 585 9271 3923 6821 4479 4298 3792 858 1597 3683 5747 9321 2885 7039 2941 7358 7968 8089 1543 7503 4958 5213 1691 479 3403 2318 2468 4467 4524 0 7282
4856 1609 2467 6466 8317 9283 4424 9662 7207 5550 4234 8466 8272 8280 5585 5362 260 8895 9956 9466 8299 8679 9592 9362 7050 4404 5096 8046 664 3933 7822 633 5485 323 9118 1071 837 1360 9275 6794 5797 6773 5250 5480 3212 3329 2028 244 7282 0
