150
0 4022 5386 1616 2978 8952 5182 5288 5802 3779 5855 7407 4394 6197 1685 8673 8928 9284 778 3133 3908 3602 6886 1886 9397 4303 8505 7989 5906 6119 444 3853 8506 3879 8504 654 4348 7089 294 3212 548 4484 928 8251 4338 393 4133 4232 5928 1409 9289 8949 1635 8252 5464 8695 750 7709 1770 3518 7668 8048 460 2156 8855 2408 5925 3087 6988 7397 4676 3965 1275 992 966 3710 1506 9763 7736 2016 9896 2349 5490 8798 4899 2590 6469 5272 7554 6659 1763 9667 983 6238 175 1439 4768 5126 8308 4422 7439 6135 1986 6116 6311 5180 2410 6977 4430 6008 2579 5503 822 4298 5504 1354 587 68 5747 2617 3275 4079 7955 420 9947 6316 6805 683 4908 1550 1617 4456 8481 5251 9437 9220 2986 3238 9662 3248 5265 1626 1640 9478 4509 9119 790 9510 2226 9524
4022 0 4874 4483 4114 3777 3341 3010 67 898 8972 5632 7703 2746 3608 8304 6319 9260 2718 5363 8217 7293 7108 9789 1937 9808 5239 7069 1613 6309 3305 5598 2225 6770 6647 8739 9269 4458 8507 5491 7266 9052 4081 9550 7028 3608 1920 7089 6239 4613 9618 7951 37 8071 8778 8061 2559 1187 9533 3079 5451 1720 1882 9156 6169 8632 444 3606 7577 3501 5713 659 327 4388 4702 2072 609 5661 2246 9091 1213 6779 1680 4712 8998 1045 8926 6537 2132 5871 1808 1864 5120 387 4461 4863 9797 614 2614 3113 2365 198 3905 5875 4125 4257 4913 74 6495 7875 6746 6107 2445 7399 8372 6345 7048 7812 1009 8821 6786 2446 7316 5782 6363 3738 7251 2997 3231 3956 2955 8907 6939 8082 6209 5211 142 3793 960 4026 7905 7298 3869 5460 6893 6826 9094 1951 2328 4028
5386 4874 0 3623 2456 6524 1073 4660 7113 4496 4547 8332 4822 2953 2704 4781 5286 9821 2772 3254 514 8551 4445 4045 5479 6465 5545 1093 1330 449 8384 9975 8320 3157 6186 5104 7774 8974 2124 9059 1839 6787 1878 7605 4125 682 9168 6678 2613 5220 5306 7168 6263 1821 4788 7757 4649 7352 3973 1941 9495 4937 9839 9830 2291 3373 7391 7442 5039 3644 9018 4527 8971 7945 7676 5214 4922 3317 9748 4760 5811 9622 5844 5176 6459 7253 13 3335 1460 9737 4287 9151 8742 6180 2818 7570 8567 7814 9525 1960 9967 8256 2182 367 9664 6089 5595 4770 3383 4527 6615 8080 5990 4853 6859 5667 5491 5337 4652 3001 7899 5439 8558 8953 1975 5844 3300 7285 7906 7120 2650 9777 7679 1604 9104 5660 6572 8333 6269 7617 8936 6110 4642 332 1286 7206 1638 1552 6971 595
1616 4483 3623 0 2818 7968 8968 8520 7106 7112 77 3105 1452 2812 4194 3752 4714 5068 7323 1602 2846 8823 6572 6474 9610 893 2221 8282 5489 1805 7204 8415 1558 1178 8169 2673 7214 6057 1478 6930 2638 7147 2540 4995 8857 3592 328 6411 4377 146 7028 4872 2969 3264 4408 7162 8601 6451 3110 5538 7748 8623 2798 3392 8990 5658 8836 3706 4232 3643 3363 10 1112 4341 1880 5169 7222 4126 7705 8359 5744 8283 2189 393 5045 6870 5907 3587 6728 8140 5139 6543 5674 7172 4011 5863 8750 6431 3402 6208 5527 6440 1469 9870 6595 1249 6 7877 5006 51 8130 2486 5209 6048 9762 4700 6468 5244 6050 372 4115 1531 7181 4428 7558 530 3787 9420 8013 6969 7548 5138 600 2795 6187 9693 6245 3555 5062 9875 4545 5383 2952 7548 3597 2975 106 4219 6228 4017
2978 4114 2456 2818 0 6353 3658 4115 2102 9814 2940 723 5883 4437 2695 1780 3839 8071 7849 9026 1068 8701 39 1158 7553 2758 7916 317 1984 1786 1142 2328 1720 8501 6746 3886 1652 8701 9116 9397 4443 542 6205 2824 7499 6136 1208 8472 7716 5292 8392 5403 9177 5593 2275 974 8479 4454 3465 327 1622 633 467 7048 4974 4938 9741 8045 2741 908 6670 9038 9248 1052 4740 7928 427 1185 9037 8440 9860 6447 9791 6420 3118 7039 1687 7953 164 6089 4805 8025 3559 5200 8279 4498 8161 8179 1943 4070 239 663 9500 4749 7160 351 8423 9896 8722 6963 849 8642 7663 2522 933 4292 1640 9928 4665 9290 6492 9057 2941 5035 1857 2746 2567 4672 318 2534 8492 7511 7767 493 4511 5315 6418 8965 188 2940 6738 5311 8950 6045 3344 3935 1908 8988 6234 7460
8952 3777 6524 7968 6353 0 8700 861 5442 6004 3906 8323 7945 684 1739 8403 7688 931 1357 4044 5148 7444 6498 2778 3519 4880 5883 7707 2110 8680 8455 6670 1444 1593 802 2677 9623 9725 5420 1179 1050 9806 2052 6081 2742 6847 8250 659 8175 5987 9466 3789 2703 9269 291 9939 703 4525 2490 9980 9630 1739 3357 2366 9444 5049 5351 5988 1299 6866 9674 5323 2123 3187 8101 1159 5623 2346 3623 2129 7573 3650 2164 1853 4325 5012 666 9790 943 7163 5094 5518 9430 2806 3839 569 7797 1651 7173 9579 2157 4122 6289 2480 9384 4460 2911 3949 1377 4709 2104 8694 3183 3745 2844 5579 4744 3488 1439 2343 7299 8172 9660 3426 1164 3233 336 7596 6103 1354 9299 1982 1639 4840 5379 1295 2661 5763 387 3935 6247 6080 799 5972 9455 7831 6215 1525 4364 7346
5182 3341 1073 8968 3658 8700 0 7199 8260 3095 5924 9592 5047 6491 7161 2594 3656 3234 7653 7344 7894 9916 4608 3252 7403 1839 6786 9487 3786 1113 4187 7928 5550 5772 8317 8752 3116 8666 5324 5958 5718 7975 8357 437 3862 5512 7779 7312 4335 3021 5948 5900 3035 8116 1903 1502 726 4759 4645 2585 1714 2275 9410 8781 7070 6334 7423 2649 9098 8134 9116 2760 8324 4363 8814 981 435 9377 5565 5067 7025 7414 62 2045 4984 5812 6217 2397 4882 8483 2960 4511 5926 1843 5456 3256 5706 4915 4140 927 1861 1676 3359 6699 4135 7906 2848 7467 8501 5988 7170 2034 3903 2103 8536 3577 4243 1309 7456 3319 2434 7794 4979 734 5705 8511 298 8843 4933 5019 5391 1353 1559 8051 8299 2046 5239 8344 5182 1769 5920 9947 768 2495 3611 2510 3105 8163 4739 5864
5288 3010 4660 8520 4115 861 7199 0 8412 2926 7053 9833 2282 8897 8504 9541 3637 952 2443 3782 360 5363 7409 3511 7305 757 8748 9696 5666 1256 4427 6228 4947 2836 2181 3938 5749 4902 1932 6536 1982 1942 4042 8945 9672 8343 6699 7819 8450 7751 5082 8997 9425 1549 5931 1529 4683 5472 5843 6202 2820 7068 2826 1961 7855 1318 7525 4685 7449 3374 2294 3737 9272 8237 2544 4166 6355 628 3953 9210 5715 3727 6309 2234 2625 1659 6871 4398 7715 9041 8369 7658 6850 7500 9726 517 5718 1590 5883 8553 689 9144 5225 1405 3100 2916 8877 9271 5138 1922 6662 3519 5304 8216 1559 1275 9812 7664 8084 4766 1345 4416 9900 1474 8291 1537 9764 9979 2952 5278 7811 9734 933 9078 9823 9457 489 285 6366 3465 3482 6944 3813 8529 8348 8935 7287 9665 7488 1869
5802 67 7113 7106 2102 5442 8260 8412 0 7405 1858 3551 3728 7142 7227 7170 6928 2374 3930 7188 6235 4507 7823 4581 7782 3433 7522 608 6841 5859 3870 788 5156 2468 5440 9714 3649 7422 7782 4488 6352 1251 8234 2225 7099 2070 3837 3821 8890 8262 7543 7145 3364 3959 2389 5513 2562 3341 1976 605 3204 30 5969 3709 9500 3270 1769 9191 6940 9198 363 6188 8757 8825 9729 1139 5513 3648 9002 5443 1389 6537 9553 9126 8146 7214 2297 8880 9702 3826 2906 8748 8072 6461 6611 4272 3603 643 9183 577 176 1189 860 8641 5797 9224 4874 7789 4692 4493 6247 1125 7394 1293 8264 4879 5969 4589 4834 9747 3610 8414 7458 1087 5815 5089 1165 6304 3114 6281 2553 3191 6372 5251 7590 2755 2594 5610 7581 2999 5220 4645 7474 6196 4019 4478 9709 353 465 2448
3779 898 4496 7112 9814 6004 3095 2926 7405 0 6231 8825 9445 9055 2200 7561 1476 639 3709 7994 7365 2226 2802 4671 7643 1244 3596 4241 2073 2333 7391 5633 5264 5135 3210 2135 7061 1957 7488 8293 4033 6122 7305 5888 5491 3908 1021 8703 4715 3815 2249 4048 5248 8382 5293 2129 8414 5173 3513 77 2564 6160 7448 8268 8538 8419 5329 9252 2033 4468 8079 9983 2572 3085 2021 2994 5796 5890 1599 847 6334 9851 611 6971 117 5480 4806 2806 4782 8884 4563 8002 1604 4994 5488 6003 6333 3827 4916 6063 1045 9001 3099 5976 1469 4980 936 8236 5668 5584 5186 9995 7260 5198 1954 2979 5094 7298 5601 8012 2506 4293 354 1217 6548 1969 4522 7974 4709 7712 2971 3426 4227 1602 7529 6615 6921 2210 1877 773 4582 9978 8532 2039 554 9946 1756 8315 3183 7788
5855 8972 4547 77 2940 3906 5924 7053 1858 6231 0 138 3650 5613 860 9912 64 7215 1570 7072 6218 8120 3262 7282 9424 1639 9258 7505 1624 5022 5025 1139 7352 3546 6214 9958 4803 3182 7804 1424 8084 6682 493 8330 182 1993 7899 3386 5964 4366 3710 5672 592 1503 5251 315 1273 751 2047 9230 3439 4559 8042 2770 9917 5466 3417 7602 30 6731 8709 4516 6506 1470 9871 5467 9465 9332 5820 1937 9136 181 759 4114 4535 8325 4617 8134 6317 7252 9855 9513 3416 5854 1462 4015 5443 5149 7475 1777 7491 5323 5631 4774 6777 1855 6153 945 9474 8793 4633 4193 3273 9699 7799 9367 2484 4707 3417 9758 663 8481 7634 5737 8452 5453 7533 4478 2632 5710 3354 9242 5322 8214 7843 6243 9084 7184 8499 877 362 360 561 5890 8334 1721 8246 8965 6180 9949
7407 5632 8332 3105 723 8323 9592 9833 3551 8825 138 0 8595 943 5153 3809 9370 3045 7206 814 4180 772 2465 4227 7128 1157 6545 3797 2077 9546 5238 139 2381 5083 9303 2118 362 3040 8543 1210 5131 6655 2642 9126 3729 296 7774 393 9057 2164 248 6421 7558 1502 5060 8895 9100 1070 4485 6964 5765 4606 4273 42 8992 8225 5081 5367 5731 3591 4407 8144 1630 3248 2750 2273 4576 9806 39 8804 4777 9629 4411 2378 1065 3095 8945 1038 181 7681 482 3411 4378 6868 2668 6803 7331 5126 5864 2976 1411 8807 4637 5825 7067 3895 267 8769 3565 2094 8277 8852 5540 1853 1642 9970 8460 8710 9473 9247 8958 6571 9585 9083 7744 7927 7080 4855 1089 2494 7344 8854 5158 8970 8108 8430 1675 1543 9355 1523 432 8347 6635 426 3800 165 5676 8987 7663 672
4394 7703 4822 1452 5883 7945 5047 2282 3728 9445 3650 8595 0 3223 957 1344 3385 2694 181 7522 2715 1672 9222 3009 6556 1562 5491 1520 7204 8217 1644 5269 7530 3693 7611 5709 1226 5758 9274 2251 7401 2625 3862 2593 5314 5414 9710 7860 794 7525 5975 8104 9205 5126 2667 9879 6160 739 4047 9801 1304 5168 9471 3557 2509 8363 3501 8336 452 8939 2715 2519 8701 2090 1459 9550 6493 3823 2471 4476 3037 6516 2626 8077 2884 7755 6152 6305 8560 4420 5511 5947 4945 8382 9068 6294 7623 9479 4950 7725 5939 3613 2094 3249 9405 860 9940 9079 248 2836 8774 5693 1126 6958 3625 2215 3492 6477 8257 3560 7262 2641 5169 4871 4215 7550 2962 8653 5265 6312 6800 4096 9494 1450 4057 2501 8922 9888 9317 6515 1579 2923 6207 2076 3663 6892 5703 7939 1721 6945
6197 2746 2953 2812 4437 684 6491 8897 7142 9055 5613 943 3223 0 3890 8769 5001 5364 6471 8710 3525 4188 8875 7476 5093 3729 1232 3555 4476 3632 9879 8452 1355 5560 1869 5315 2213 8595 9463 7787 1725 4761 7309 1193 5924 3692 8132 2196 8575 599 1883 4446 6939 2742 462 8253 2561 8084 4168 1684 2914 4482 2485 624 3061 3679 9368 2477 8526 8381 4685 3844 6404 4107 6771 3666 956 4690 9838 9811 77 9622 5815 5047 3906 3832 5426 6546 7509 7755 4908 8401 6770 3261 8728 7734 5797 1162 5438 772 2945 3294 9818 1144 9976 9036 2878 1937 6662 8081 9102 1767 2215 5055 3157 4128 3553 6205 5928 2539 4896 9838 4017 4245 4387 2680 4750 5030 7069 842 4480 2524 9006 1975 1754 3181 7553 6651 8858 8388 9392 4891 990 5112 8204 586 8925 5183 7609 5684
1685 3608 2704 4194 2695 1739 7161 8504 7227 2200 860 5153 957 3890 0 2337 8092 6315 3206 5237 755 5941 1278 2338 1580 4301 577 4322 1097 1736 528 4613 1794 8110 7380 729 3650 4021 4764 8720 4508 5775 8862 8037 6548 6457 4346 5990 6323 9953 9077 7775 1549 557 7398 5278 933 8773 9588 8073 5966 6657 1746 826 1679 942 7108 7888 4289 9130 273 60 4948 5419 7584 4856 1372 6063 7689 5647 3446 3344 6457 5878 9954 520 1070 2940 3632 8370 1299 5598 6922 2435 1916 855 1020 1398 551 8281 4267 950 5940 2455 4123 2647 7129 6302 9459 3627 345 5567 1598 3972 3199 2524 4833 2865 4712 7381 4306 577 4527 391 8130 7566 1669 5988 3588 1663 2563 1358 5921 2796 4286 4984 9952 7139 6546 3568 1337 166 7929 3581 4427 3682 6463 7572 7848 2912
8673 8304 4781 3752 1780 8403 2594 9541 7170 7561 9912 3809 1344 8769 2337 0 8687 7262 2050 167 3648 7388 7762 1508 7755 2384 9554 6563 4386 2811 626 5295 5197 2211 2869 983 771 7243 151 2957 1576 7307 7485 2233 8740 4008 7144 6665 7055 6423 1531 4698 343 6319 3734 9116 4998 396 5514 580 5091 3480 6247 5782 835 6493 9455 5716 4322 3609 7915 67 2136 6053 5593 9327 8999 2515 7867 3131 2511 9597 2303 3932 5869 5774 214 7439 7071 1288 1262 4320 1798 2767 9047 9891 533 6889 5444 9008 9629 646 7086 5884 865 4711 451 5154 531 7203 7042 4183 7128 8728 8788 1550 4679 5148 3360 1655 1489 81 643 7005 3813 4018 8501 6425 5691 5273 136 6222 8332 7565 7035 96 6241 9787 5691 8792 9045 886 5146 4149 1178 1497 9798 8192 2953 5584
8928 6319 5286 4714 3839 7688 3656 3637 6928 1476 64 9370 3385 5001 8092 8687 0 7194 6019 1484 1402 9778 1216 652 8939 2844 220 5177 7767 1891 286 4405 3917 3682 9762 9722 5728 4975 3548 2075 8154 5834 7952 8696 7788 2605 2379 4438 2703 7815 1505 4867 4674 827 357 7100 2272 4259 3351 8886 791 6248 6913 2869 2843 3112 2681 7865 4281 4610 6746 6723 5358 654 1546 1056 7367 5065 8659 792 4030 9540 7141 9658 7440 1016 2606 1823 5277 2357 4002 9412 9643 872 9035 4406 4605 5053 1977 2320 5607 4548 1380 145 1128 3134 9783 9480 4886 2886 1211 9971 7036 1220 4432 5919 9524 9005 934 921 3951 1998 3939 5064 1509 8313 3679 1412 3796 8539 7314 6971 7640 7596 8008 330 9388 8080 7364 205 5048 3911 9177 8685 4381 8903 2761 4178 6513 895
9284 9260 9821 5068 8071 931 3234 952 2374 639 7215 3045 2694 5364 6315 7262 7194 0 1306 6764 6269 1186 1881 4327 2026 7425 6304 4007 9352 3715 6947 2062 4511 8077 7941 5987 32 7341 7163 8528 1000 1612 3508 1440 4261 7364 6964 4665 2743 5920 7110 4792 8075 7604 6338 3282 4783 738 9629 4566 2723 6175 6472 7309 514 4999 4152 6860 828 7028 1686 3173 3520 1949 3238 5258 4910 3899 1610 4214 378 4662 2766 4440 1372 3703 7211 4391 5548 2925 9431 9299 6623 2583 3642 1729 6529 2877 5506 7163 2943 2418 1969 1872 6628 2874 8547 6340 782 7769 8556 3417 5363 8294 8624 4620 692 4439 426 1454 9114 4224 2830 7344 2474 7175 5962 7330 4356 325 4335 8041 5330 1182 8589 1251 5884 6554 3835 3428 9931 1238 9841 8350 8480 4842 2842 877 6840 7136
778 2718 2772 7323 7849 1357 7653 2443 3930 3709 1570 7206 181 6471 3206 2050 6019 1306 0 6489 4517 2949 2552 977 269 8732 9630 8525 8820 1374 5617 2625 5958 2211 1348 8335 8406 484 6962 7084 3739 5973 7183 4531 8463 6890 9796 3528 4867 9222 8927 4843 1020 1008 2133 9605 6891 5197 587 319 1428 7396 7802 7733 6347 1981 7505 8464 9186 9821 1153 9609 4172 1864 7912 7377 3694 5231 8442 9022 9686 3212 3107 3816 6702 7700 2492 4149 7619 1809 407 654 1972 8049 8185 2668 4814 4537 5318 8176 9820 5894 4827 2753 7250 782 3141 303 9185 3164 1550 5129 6003 7641 8137 7752 3382 5346 8185 7337 9733 5288 6686 1529 6057 3019 2456 1052 8290 4807 1761 3393 364 2469 4668 4987 6404 7494 529 3749 3961 7008 2505 9128 5890 8203 2204 26 1293 395
3133 5363 3254 1602 9026 4044 7344 3782 7188 7994 7072 814 7522 8710 5237 167 1484 6764 6489 0 3484 3636 7400 1118 2088 270 9067 5745 1470 484 222 9781 7186 3278 8813 2070 5196 3164 9415 1609 3091 1257 8214 9372 6343 3138 4082 4286 7666 7973 3923 1271 8163 2755 6095 8848 7952 5943 877 128 3551 6209 3954 8546 4356 4036 1245 9585 9279 921 1401 7390 2781 7787 9969 5763 8693 6700 2137 5567 9328 8131 1560 3893 6696 9431 927 893 4985 6433 1814 2238 656 4350 1085 2178 2858 6567 9166 1791 3417 693 1178 9932 8111 2835 3924 8438 7920 2777 9774 3330 5847 5657 7984 4996 3272 8267 7917 69 1551 4056 2954 5463 7204 6173 283 1573 7346 3066 9302 1064 3317 5467 1717 2276 6261 1283 3425 9195 4066 7861 1120 4184 2209 7639 8188 6847 2810 852
3908 8217 514 2846 1068 5148 7894 360 6235 7365 6218 4180 2715 3525 755 3648 1402 6269 4517 3484 0 6616 3472 5249 9881 4993 6041 9974 538 813 1799 2724 1823 8079 5632 3727 7061 2107 7704 8312 7982 4473 3854 8060 1320 6128 6641 6944 5515 4014 4940 771 112 789 3592 2092 6005 4041 9595 3494 7544 931 6989 1092 9904 9187 92 2566 5260 5791 9118 9780 3193 1026 8065 5290 2037 6266 3904 7633 804 8912 9316 1687 1682 1570 8432 819 9950 6863 7482 6801 3461 1897 1539 6311 2905 16 6938 253 2264 2435 9560 4403 3653 9415 3981 1653 7873 3878 4387 5687 1523 7804 1515 15 9038 110 1639 1329 2200 4179 9557 7308 4025 5525 9105 7235 2743 4618 6735 7932 8697 6020 5011 1660 5121 7095 1343 8449 8863 8855 9845 3636 6677 2416 7345 187 345 964
3602 7293 8551 8823 8701 7444 9916 5363 4507 2226 8120 772 1672 4188 5941 7388 9778 1186 2949 3636 6616 0 9232 6893 8528 2480 3622 8009 5594 4307 9195 3125 3671 426 4253 4804 4774 634 7306 4280 4647 555 7024 9241 5167 150 6359 9925 4267 212 1422 7678 2595 8417 1625 3101 3680 6413 5456 2480 1932 9721 4054 3357 5204 3870 8807 1132 8651 904 7355 8881 1100 8439 279 6861 706 3888 1989 2502 8523 1279 3481 1691 8049 9540 9276 8963 6973 3263 5933 8153 546 6485 3451 8192 2181 7044 6925 3569 2891 6587 5641 5782 7157 9673 6842 8346 3524 1093 9975 82 6192 7449 3654 9012 7550 2956 6485 8819 4153 398 455 7332 5043 1875 4907 9506 5879 4274 9172 4379 8587 9707 8633 2133 3589 3675 6954 2 7721 472 5619 9928 9091 2481 6686 3487 6979 3736
6886 7108 4445 6572 39 6498 4608 7409 7823 2802 3262 2465 9222 8875 1278 7762 1216 1881 2552 7400 3472 9232 0 257 9027 4426 696 4196 8487 8736 2135 7663 4992 7776 826 3123 4964 6043 7062 5148 8178 2097 19 1375 1268 2341 2108 2023 4040 8440 1029 6788 1782 2522 1360 2328 8448 1152 6940 7494 5733 9965 6338 481 8548 1664 7791 5264 2051 6384 4595 9973 7157 8792 579 7197 1468 8339 7289 1769 3186 557 8909 6973 9636 2391 4346 6025 1886 503 6857 3800 5244 1417 6615 7760 3123 7318 3983 5855 2089 3216 5545 7155 134 9846 5514 1081 854 4120 7637 1538 6411 9835 5141 3888 4942 806 4865 3242 2089 843 7740 3590 1271 6629 2159 8156 7652 9319 5804 8568 3705 4777 8676 3964 491 7199 5865 2356 3752 6888 6989 5078 9070 7155 5170 1794 5687 9015
1886 9789 4045 6474 1158 2778 3252 3511 4581 4671 7282 4227 3009 7476 2338 1508 652 4327 977 1118 5249 6893 257 0 2192 5710 395 1044 9447 5436 3091 1258 9735 7634 2308 3098 399 4802 3669 9421 8096 9131 9433 9744 3148 478 9877 203 9106 7766 8378 9687 3136 4440 4568 7356 654 1562 4143 1414 9220 4595 5151 3251 22 9996 3347 9839 179 5075 4207 8845 838 2641 3989 14 6776 4750 3258 573 1147 1841 7768 8934 1394 9676 9131 5450 5666 4490 7508 6496 371 9701 6080 3829 8754 6198 5115 873 5593 9724 8051 8650 1008 7352 4219 7794 3789 5549 4124 6619 7673 8830 505 4086 7600 5401 4437 2880 6588 1262 2079 5295 6882 6623 167 5417 1270 2680 2409 5262 1135 8731 6585 3489 4766 7564 327 2228 1003 8227 9291 4472 7355 807 2420 4575 5877 4796
9397 1937 5479 9610 7553 3519 7403 7305 7782 7643 9424 7128 6556 5093 1580 7755 8939 2026 269 2088 9881 8528 9027 2192 0 8953 5288 1533 3061 5527 9365 5697 6023 2673 5530 7284 9956 8464 1731 6780 6304 1964 5568 853 4377 7429 3890 149 5900 5498 5135 9142 2914 2608 4906 690 4367 3587 5634 1665 2450 8509 4869 3423 2637 4343 1748 6668 7984 4663 8744 165 4906 7908 2611 5902 9640 2146 1640 9780 4718 6620 7986 4286 8279 2794 3172 3015 5460 105 645 3527 1144 8960 5004 8612 9036 6329 7199 3000 3339 3543 8096 5164 4482 3621 5161 3131 904 8241 9995 9498 9362 2991 95 4369 757 9327 5254 2273 5436 5977 1269 7847 7083 2629 7757 8161 3590 5279 9047 4337 2293 5834 7272 1855 1834 7225 3246 4368 7721 1286 1983 5085 9217 3660 2067 4707 3733 164
4303 9808 6465 893 2758 4880 1839 757 3433 1244 1639 1157 1562 3729 4301 2384 2844 7425 8732 270 4993 2480 4426 5710 8953 0 5364 2874 8337 950 7779 6728 989 6806 6057 4785 7992 4639 2570 1917 2776 4979 7803 5197 9761 7326 314 9673 3534 1613 2048 1157 7332 7085 4939 3441 8675 4196 3163 3966 395 6936 76 4181 2023 1909 631 4417 2126 4759 6621 8883 6673 8512 6934 5404 5343 3011 2956 1572 8382 3198 2164 8507 3616 9700 1715 3945 6599 5406 9073 1511 6675 220 1691 6475 4231 6377 983 1209 3792 6982 8459 3956 3825 7079 3066 5292 8250 2828 8239 5951 7159 6618 6749 3212 7757 1346 2927 6730 1246 8258 3398 7714 5923 5972 2820 7414 5526 5775 7979 414 789 6837 4849 1557 4813 9538 850 2779 1910 8087 8785 1020 9414 6779 1007 7089 2390 9664
8505 5239 5545 2221 7916 5883 6786 8748 7522 3596 9258 6545 5491 1232 577 9554 220 6304 9630 9067 6041 3622 696 395 5288 5364 0 1648 3819 7953 4094 8606 9163 8334 7117 5404 4760 3707 7471 7150 457 9299 2039 6096 5575 5424 8525 4836 3278 7133 4569 790 8354 3474 8364 4259 9054 9434 8054 2631 3642 2322 5809 7029 3209 1060 6888 5805 123 738 1833 2280 2694 9635 1729 5356 3743 5879 7313 9901 9292 4195 6115 9614 1187 1121 6253 9398 7790 4702 782 4534 2781 1574 6495 710 42 9349 6158 474 6624 6050 7599 9108 7753 4967 7400 384 966 2765 949 5978 1408 8783 1771 8566 6819 1096 728 205 4552 9967 7148 6238 5513 5277 1606 3549 3257 5196 669 6206 3873 5648 7091 4519 3161 3353 7786 8697 541 4470 3225 511 5732 4348 9117 8611 120 1650
7989 7069 1093 8282 317 7707 9487 9696 608 4241 7505 3797 1520 3555 4322 6563 5177 4007 8525 5745 9974 8009 4196 1044 1533 2874 1648 0 9282 8181 9614 4770 3524 5947 2498 6486 6486 2099 725 8751 9220 1444 9285 8097 4349 8570 6821 8839 4819 2907 6783 8221 2749 5256 9088 3037 7857 7461 5017 7809 5173 6784 1720 4032 580 9667 3343 9992 8320 8351 8205 3116 6181 2192 8301 5736 5601 4290 8419 5379 8939 6005 641 4084 9612 8041 6086 6305 9268 8289 4832 1276 5718 9981 4833 3815 3886 9487 9113 9492 825 5787 5380 6492 1861 1531 551 3043 4256 9156 921 2807 4972 2986 6972 167 4371 20 8955 6365 5705 7957 5615 2320 6404 9510 4077 8497 4610 8814 5890 2933 6153 6612 3392 2419 7791 4678 3812 1054 2665 9669 2971 7776 8645 790 5063 8112 5987 6131
5906 1613 1330 5489 1984 2110 3786 5666 6841 2073 1624 2077 7204 4476 1097 4386 7767 9352 8820 1470 538 5594 8487 9447 3061 8337 3819 9282 0 4866 9345 2667 4062 8732 3376 8773 1441 1685 2493 3889 2692 1365 3875 4662 4194 363 8008 8845 2150 696 2901 7058 8722 6132 2415 3380 5415 736 6655 3249 8147 7528 3778 9524 8124 2227 1701 9184 1262 3962 455 9533 7097 3185 3620 9194 2925 2094 8977 5733 2112 9858 1799 2243 8683 5530 6525 1988 7355 8074 8019 6257 3047 8564 4631 2530 3675 4588 8050 7029 1978 8552 548 4469 6560 6845 9230 3223 1338 6104 1400 8478 4887 3122 5318 6316 2431 3694 9593 704 4689 3062 5275 4224 5779 8078 9282 5551 168 6381 6358 2426 8239 4560 6288 6595 6362 5226 5283 5095 6021 3869 6993 2960 8869 4098 9272 3627 6309 7131
6119 6309 449 1805 1786 8680 1113 1256 5859 2333 5022 9546 8217 3632 1736 2811 1891 3715 1374 484 813 4307 8736 5436 5527 950 7953 8181 4866 0 756 1628 1684 3329 6962 9358 1926 509 4853 9894 6971 3340 9849 3825 1392 8776 6589 6997 4319 4839 8274 676 7178 4598 1206 4011 9823 4215 1360 9113 5240 1396 8424 1553 3990 5062 9264 3709 3797 4581 4281 2456 7943 444 5115 3424 2904 8134 5866 5592 207 2947 7839 8999 1115 5165 9919 5292 5391 3720 9754 4103 283 1077 7366 8515 6257 4435 6325 5090 8129 2348 6470 9900 5946 7107 6671 6252 3367 3428 1176 1144 919 9217 4698 7203 6180 643 7523 2044 604 3364 7270 9568 3561 5706 7908 3118 2847 7247 9089 1488 6847 4378 26 7038 1167 8681 5538 4177 5209 637 7801 3325 3782 7900 1587 8696 599 4816
444 3305 8384 7204 1142 8455 4187 4427 3870 7391 5025 5238 1644 9879 528 626 286 6947 5617 222 1799 9195 2135 3091 9365 7779 4094 9614 9345 756 0 9464 1765 6358 4675 7029 3534 1021 2644 4033 9006 9402 4425 3725 9783 5747 6542 1643 785 6983 4390 8627 2715 2028 5927 8506 555 8176 8252 7478 6123 4348 8249 8437 5921 7789 3233 9882 9973 6236 2289 6430 550 6825 7679 9560 599 9417 1795 5869 6357 5625 8805 6736 8181 7 4735 4463 5006 137 2697 8304 465 410 9655 1933 8154 3318 8647 4178 5521 2014 3514 1297 7222 1008 7520 7239 4761 5560 2204 7720 650 7095 1909 591 269 89 5352 6872 2512 4904 2557 5196 2931 5073 8867 9417 2738 6743 8734 2183 5829 442 8098 1945 1330 6472 9759 556 5474 5981 1043 1081 1442 2319 1655 9325 3477 3612
3853 5598 9975 8415 2328 6670 7928 6228 788 5633 1139 139 5269 8452 4613 5295 4405 2062 2625 9781 2724 3125 7663 1258 5697 6728 8606 4770 2667 1628 9464 0 6942 2958 3242 3636 6105 6981 2750 8261 8869 9195 5852 6218 2757 8002 9758 9442 6276 473 1102 1573 1957 1696 3474 8803 7812 9968 7759 7811 4455 8359 5643 6188 2842 4920 2614 8889 251 3247 1772 1201 2026 3528 1106 9825 3467 575 833 9417 8457 9420 2411 1763 2408 5704 4359 4193 4064 1855 7087 211 9211 9585 4177 7755 6844 4203 609 5749 811 2781 4694 9411 8726 3694 428 6129 8198 4772 7366 784 9986 3498 330 4251 7907 6353 5453 6355 6134 1238 3000 8268 1465 2440 9425 2176 2678 3602 7852 313 2855 3605 4715 9165 5537 8829 8969 4962 4611 8318 8393 5519 7208 4938 5399 7577 4390 4127
8506 2225 8320 1558 1720 1444 5550 4947 5156 5264 7352 2381 7530 1355 1794 5197 3917 4511 5958 7186 1823 3671 4992 9735 6023 989 9163 3524 4062 1684 1765 6942 0 3520 3267 2350 8716 1300 1503 8020 9760 7208 7800 8769 4769 8384 7940 1312 4087 6006 9534 5037 6620 5476 7502 3443 4581 5191 2950 8943 8459 8118 429 2064 3823 4184 3228 5192 9388 5210 5867 2166 6167 2075 1180 7319 6813 8216 215 3227 4091 3551 471 7273 1015 4740 275 6212 7176 7971 6903 6891 4133 4255 3639 4677 718 6826 7693 8890 4722 5073 7603 7609 739 2150 1231 5848 115 3626 2071 4398 7760 1125 4508 1751 1571 3658 1221 4602 5752 4754 9078 2176 9488 734 3205 7677 8673 8374 974 8985 3977 9183 6315 3019 1803 4312 8155 1707 8296 9306 6569 1544 8292 3568 2614 7881 923 3753
3879 6770 3157 1178 8501 1593 5772 2836 2468 5135 3546 5083 3693 5560 8110 2211 3682 8077 2211 3278 8079 426 7776 7634 2673 6806 8334 5947 8732 3329 6358 2958 3520 0 7262 3559 6254 9966 5421 4265 1944 2251 4073 9947 7579 2382 3822 5155 4739 9889 2104 6946 7111 3591 6043 6317 7564 2648 239 5923 4225 9084 432 4257 1989 6861 332 5875 7867 2126 4873 5827 509 4915 8321 3961 6594 5745 1931 9041 7710 1889 8285 8237 1940 2102 1354 6728 6363 888 7741 9092 7269 5212 4272 5393 5277 8970 5343 4404 1642 5866 1846 8718 504 6502 3072 9591 1669 4063 9774 8120 3227 8556 3257 1664 8302 2540 3083 4573 3649 8447 6575 7107 5492 9732 383 8807 2348 4112 679 8347 4906 2562 4765 8025 40 3948 2959 1829 2949 3899 3598 7298 1472 610 1436 4403 9098 7272
8504 6647 6186 8169 6746 802 8317 2181 5440 3210 6214 9303 7611 1869 7380 2869 9762 7941 1348 8813 5632 4253 826 2308 5530 6057 7117 2498 3376 6962 4675 3242 3267 7262 0 8442 8255 4299 3865 2211 1990 5206 4876 8175 8344 2297 905 6555 2098 3675 6832 8922 2213 581 8908 7094 5561 6594 2364 4944 1119 9043 5334 6990 9268 3116 1785 4462 182 2508 8648 9258 1589 8179 7559 4735 5434 8913 886 6856 8837 2462 1127 8959 4524 8936 5851 3486 6864 2571 275 3372 3523 2991 8502 6860 8674 7460 3459 1159 2927 8481 2341 2156 9343 4234 6077 7893 6699 6905 9503 1218 8009 6298 8620 3211 715 1213 8432 9971 7475 5586 6635 8923 4262 3646 2582 584 994 8393 4355 1622 8519 5820 5459 8764 3238 1435 1006 2707 368 5966 7515 8521 8184 3178 5035 802 627 5400
654 8739 5104 2673 3886 2677 8752 3938 9714 2135 9958 2118 5709 5315 729 983 9722 5987 8335 2070 3727 4804 3123 3098 7284 4785 5404 6486 8773 9358 7029 3636 2350 3559 8442 0 5142 4246 6050 8370 9637 9122 9341 8928 615 4754 1844 4179 4449 6014 5976 6407 4196 6536 7251 1914 8030 1896 300 2421 1754 8633 364 2704 8184 8694 6556 5915 5503 3656 7273 4849 3737 7149 8561 6513 5826 732 6253 8643 1982 3569 1529 3962 47 8836 5332 8942 8293 3273 4927 3482 4972 5322 6117 5344 2530 4902 5881 1952 3847 5436 9533 3499 8008 3977 6850 298 2800 9749 1831 3907 1429 7894 639 280 5385 5055 7454 748 1336 7100 6890 9929 3596 3837 9411 475 5430 9492 9592 5202 3550 2280 6694 4555 7708 7574 3641 2133 4430 6614 2673 5378 240 8690 461 8711 5770 9068
4348 9269 7774 7214 1652 9623 3116 5749 3649 7061 4803 362 1226 2213 3650 771 5728 32 8406 5196 7061 4774 4964 399 9956 7992 4760 6486 1441 1926 3534 6105 8716 6254 8255 5142 0 3040 4120 843 8779 155 7470 1241 9725 2466 7891 37 3068 7131 7128 2911 3518 7662 2301 5165 1810 606 2458 7576 3352 2616 8278 5140 5619 1562 8933 2027 7584 639 5134 4911 927 188 4495 3393 3037 5776 4316 6782 7378 4483 4821 6878 5469 9366 2040 9186 622 6252 3128 3067 7182 5244 9590 1218 2848 1030 6023 4642 3960 465 8755 342 2809 9804 7185 5242 4922 583 9673 2031 2727 7365 5035 7055 7429 6404 5117 2595 6816 1273 2595 2402 4917 7587 2015 3838 2098 4674 5479 1370 3097 3359 4600 5650 5193 163 2068 7799 9336 9941 6486 918 1596 1376 2843 2309 2846 2326
7089 4458 8974 6057 8701 9725 8666 4902 7422 1957 3182 3040 5758 8595 4021 7243 4975 7341 484 3164 2107 634 6043 4802 8464 4639 3707 2099 1685 509 1021 6981 1300 9966 4299 4246 3040 0 566 5710 4675 6571 9025 1503 1965 5024 5218 9695 941 5527 30 4363 935 5504 7024 1013 9213 6788 899 3968 2794 8909 3137 7886 1964 9066 4525 8262 7944 7176 8567 743 455 89 163 215 2072 4755 1356 8171 7587 5705 8534 6712 4367 9796 5614 3685 1619 6003 3621 5735 2043 9293 3326 9429 7573 719 9937 7187 8040 8018 7518 3036 1543 1164 1061 4084 1219 3526 2383 4134 297 6684 2641 8650 1376 2771 1926 3350 1460 814 5155 548 6934 8213 7886 6497 8375 74 1619 2140 3519 2814 664 2708 7576 7862 7773 4305 1769 1376 7930 7686 9742 7361 1940 3845 8808 2156
294 8507 2124 1478 9116 5420 5324 1932 7782 7488 7804 8543 9274 9463 4764 151 3548 7163 6962 9415 7704 7306 7062 3669 1731 2570 7471 725 2493 4853 2644 2750 1503 5421 3865 6050 4120 566 0 429 8435 4624 7493 9989 8240 6625 5697 7798 3876 1882 9595 7117 6306 4794 8581 6571 2287 245 9978 1545 7715 2225 4672 2480 5863 6602 4774 763 2115 6722 5415 9858 4232 7065 2782 3690 3419 4981 9444 8062 0 5606 5466 3446 6816 340 2000 3199 7331 4949 8800 4279 6723 7431 3400 2376 4293 1463 9513 6434 7305 1034 4885 2383 362 3221 4722 6336 4264 6578 6005 2900 4500 4142 8806 3132 2268 649 7890 7313 1570 7370 971 9007 3603 5658 6540 2943 706 1214 4170 5634 5982 8582 9217 2325 3000 5404 1118 2692 3130 5465 2670 5710 5847 373 6640 9829 9262 2907
3212 5491 9059 6930 9397 1179 5958 6536 4488 8293 1424 1210 2251 7787 8720 2957 2075 8528 7084 1609 8312 4280 5148 9421 6780 1917 7150 8751 3889 9894 4033 8261 8020 4265 2211 8370 843 5710 429 0 2599 5172 2602 2778 2019 4658 5346 8465 2331 9963 7849 9259 8897 5166 6704 8832 2365 6112 3822 5478 4290 5950 1057 4654 7057 5029 4031 5248 7664 6173 5747 3800 7640 7215 4029 775 9568 1651 3218 7527 2193 1539 6882 3167 4630 5224 623 9166 5435 9463 2322 5550 1179 9325 228 7592 1362 7670 4232 1857 1934 3605 84 2456 4222 2625 1312 1121 2928 6699 9089 7852 8802 4279 6421 4683 5157 1418 6741 4916 6664 1617 1727 7319 6310 1241 4962 829 3520 7934 7712 9931 5115 1858 4822 9360 7109 2103 2774 9580 3803 2621 6382 7013 4436 1054 1418 9092 9750 8267
548 7266 1839 2638 4443 1050 5718 1982 6352 4033 8084 5131 7401 1725 4508 1576 8154 1000 3739 3091 7982 4647 8178 8096 6304 2776 457 9220 2692 6971 9006 8869 9760 1944 1990 9637 8779 4675 8435 2599 0 7325 1097 5879 9706 334 1059 2899 4176 3604 9828 2245 9067 3039 7969 4352 3261 404 3145 4103 6757 258 5514 5930 3342 2143 4900 5298 5024 9217 7087 9613 5875 3934 231 4154 9606 1550 8526 9234 7763 1775 2041 1461 2546 9894 8511 3085 8750 1013 4620 5860 8729 6638 4852 3966 4568 1203 338 7633 6525 8557 7009 7267 167 6583 7906 9354 8360 4066 5378 5471 8249 849 1249 2490 1110 7828 7862 3428 556 9446 7562 1919 9974 1527 8470 5211 8287 736 7417 1382 8387 8746 5787 7769 2934 5491 483 8424 6709 4170 7255 716 8520 9760 6381 9286 1232 4399
4484 9052 6787 7147 542 9806 7975 1942 1251 6122 6682 6655 2625 4761 5775 7307 5834 1612 5973 1257 4473 555 2097 9131 1964 4979 9299 1444 1365 3340 9402 9195 7208 2251 5206 9122 155 6571 4624 5172 7325 0 2375 232 6323 6642 2616 2106 7863 2 8273 1105 9608 9481 8539 7648 8784 1678 919 4616 1506 8024 597 8931 8062 8113 5171 3994 8264 3638 56 5374 6103 7939 6002 5431 8754 1191 1048 368 8261 6827 7628 9025 1857 2954 3608 8822 102 1570 1205 8887 5216 2108 3156 2087 5117 5959 5698 3728 9166 3081 7059 1397 8133 3341 6435 880 4090 3816 9343 1235 5523 6036 3805 972 9602 4256 4138 907 8484 7653 6497 949 8004 1029 109 884 4187 5765 8632 2724 1622 4382 8977 338 765 5879 567 6980 8269 8877 3602 7981 4165 3277 2566 6708 4863 1498
928 4081 1878 2540 6205 2052 8357 4042 8234 7305 493 2642 3862 7309 8862 7485 7952 3508 7183 8214 3854 7024 19 9433 5568 7803 2039 9285 3875 9849 4425 5852 7800 4073 4876 9341 7470 9025 7493 2602 1097 2375 0 5057 6970 5789 8776 1664 5139 4972 4412 7870 1781 5976 1486 8000 6871 1313 8961 6348 4796 1189 2816 5619 5409 269 2019 3143 4347 2345 9832 4706 4967 1242 792 5899 9532 3723 8699 1783 6819 5930 5932 3288 1482 9069 2514 8556 2892 9763 660 7932 6738 2279 5602 1930 3114 9465 7689 5258 4339 7550 6420 3271 3659 8670 3210 7701 7273 8437 6147 7430 4759 4511 4553 219 1558 2958 8891 3144 6904 24 566 7774 2295 9736 1370 2532 1056 6767 3820 926 4510 955 1174 1878 235 536 9502 6442 3062 8713 9367 4536 1168 2386 4971 3732 1479 736
8251 9550 7605 4995 2824 6081 437 8945 2225 5888 8330 9126 2593 1193 8037 2233 8696 1440 4531 9372 8060 9241 1375 9744 853 5197 6096 8097 4662 3825 3725 6218 8769 9947 8175 8928 1241 1503 9989 2778 5879 232 5057 0 1347 8511 2675 7309 7235 5235 2186 9417 8221 2799 1872 7631 6982 2258 838 8491 6079 1161 6798 4165 2052 508 122 4372 1837 3358 9403 6930 5769 1520 1081 2802 2867 9515 4082 1707 8587 823 5482 9735 904 4267 4210 338 9590 4040 8265 8214 7687 5705 5548 6013 7646 2633 8505 7041 6223 4302 6479 9887 1787 8794 6075 3920 2448 8025 5799 2387 8070 9138 4707 2281 4828 6393 932 7081 7950 4294 5132 727 5958 3714 906 6518 7583 1430 4152 6567 2560 9100 1774 4307 930 5773 8256 7991 1423 5613 3752 1818 6513 5838 6815 2279 9243 456
4338 7028 4125 8857 7499 2742 3862 9672 7099 5491 182 3729 5314 5924 6548 8740 7788 4261 8463 6343 1320 5167 1268 3148 4377 9761 5575 4349 4194 1392 9783 2757 4769 7579 8344 615 9725 1965 8240 2019 9706 6323 6970 1347 0 9386 3264 674 4834 1412 1072 3430 3353 9526 8038 1290 1971 5612 3049 3740 5324 8480 5880 8007 6565 3487 3821 25 9840 2324 2785 4026 5805 7542 30 6438 3350 7031 2009 1508 32 17 4147 9252 9900 2564 5520 9635 5918 5721 7066 1768 9978 9697 5288 1524 1426 3823 9429 6107 2671 3252 8024 4194 6939 4653 5860 8770 3546 2496 7462 4531 7823 2051 4264 3559 877 8384 6560 1210 2122 9648 1840 2497 4214 3503 3922 4478 266 4795 6205 3223 2331 3065 5039 8759 5240 3156 3821 10 9367 9240 7574 4750 83 6582 2725 8288 4393 6645
393 3608 682 3592 6136 6847 5512 8343 2070 3908 1993 296 5414 3692 6457 4008 2605 7364 6890 3138 6128 150 2341 478 7429 7326 5424 8570 363 8776 5747 8002 8384 2382 2297 4754 2466 5024 6625 4658 334 6642 5789 8511 9386 0 9721 5798 8233 6808 7222 5986 9153 2840 1643 7206 1846 1775 6875 4888 7756 5755 5077 8810 8209 5762 8095 7870 2562 2976 3423 5756 3268 4108 1554 6829 2067 3756 6297 4038 6960 8343 1084 5216 3811 5409 8232 9062 3088 6879 4837 2343 5603 6498 6265 6274 3793 9677 4191 9304 8810 6777 6403 9614 8585 6682 821 3246 2911 465 318 5623 704 1887 7763 2375 3072 3255 1870 7146 499 1452 6766 76 2704 5966 7564 9423 3647 6468 7065 4167 8363 5745 5917 8731 5725 5159 6932 6949 7829 6470 9211 3026 3738 3738 8807 9281 4141 7060
4133 1920 9168 328 1208 8250 7779 6699 3837 1021 7899 7774 9710 8132 4346 7144 2379 6964 9796 4082 6641 6359 2108 9877 3890 314 8525 6821 8008 6589 6542 9758 7940 3822 905 1844 7891 5218 5697 5346 1059 2616 8776 2675 3264 9721 0 1605 1110 2007 8657 2143 7723 2979 7846 4298 9252 1892 587 3331 1223 6284 2148 4136 8872 8322 5642 547 6122 6261 7986 336 464 3970 1716 1828 1500 5522 4628 3085 5866 4308 608 3289 5310 4735 7752 6412 6499 365 5660 5111 6805 8217 2227 3606 5228 481 2704 9716 4480 8148 5279 8799 8691 8354 1747 8144 8635 5248 4778 3964 9001 8401 2718 2495 6064 5176 351 392 5366 8777 3699 4445 1300 2941 3821 4528 6281 7329 100 9042 1595 7113 7569 6222 4937 7334 3426 6795 1725 105 9221 7126 5241 2132 3216 4583 4839 705
4232 7089 6678 6411 8472 659 7312 7819 3821 8703 3386 393 7860 2196 5990 6665 4438 4665 3528 4286 6944 9925 2023 203 149 9673 4836 8839 8845 6997 1643 9442 1312 5155 6555 4179 37 9695 7798 8465 2899 2106 1664 7309 674 5798 1605 0 9926 741 4386 5400 6728 1497 4731 8874 9347 8147 1868 7865 2546 271 8443 9935 9006 4494 1771 8774 6652 3516 527 7900 1268 2646 9346 4552 7855 3381 3939 3718 9526 9803 8359 2203 3960 4398 223 5392 1382 1881 2788 2208 5761 7091 87 409 7924 116 4451 3404 538 6951 4975 108 1413 8462 4066 3805 6884 4974 2661 3617 9711 2522 4088 8187 1548 5149 4431 332 4067 9989 8 7362 9698 6707 9810 9920 6062 4063 6645 5400 3133 4074 4044 8660 2538 6900 6376 7441 3466 6001 775 427 8589 9095 4983 9204 6899 6797
5928 6239 2613 4377 7716 8175 4335 8450 8890 4715 5964 9057 794 8575 6323 7055 2703 2743 4867 7666 5515 4267 4040 9106 5900 3534 3278 4819 2150 4319 785 6276 4087 4739 2098 4449 3068 941 3876 2331 4176 7863 5139 7235 4834 8233 1110 9926 0 1270 4051 9626 759 562 6160 8395 5878 3049 7572 4399 2358 4566 7191 4400 2787 3311 5073 7412 5599 1166 2042 2393 1699 6731 6251 2733 3212 9906 7040 4053 4938 7896 1969 9640 6429 4736 2590 3739 1901 5412 6066 5652 57 3482 5825 54 5502 9823 2527 3765 3648 7940 582 7770 1138 969 3359 470 1069 8230 332 7784 9533 1698 7637 5631 7424 9256 2290 3014 7101 5214 8970 7522 6699 1738 2164 3257 7848 3627 5728 6900 7245 7858 3967 518 763 9073 9116 7201 1248 2003 9903 3418 7474 4366 5767 673 5780 2897
1409 4613 5220 146 5292 5987 3021 7751 8262 3815 4366 2164 7525 599 9953 6423 7815 5920 9222 7973 4014 212 8440 7766 5498 1613 7133 2907 696 4839 6983 473 6006 9889 3675 6014 7131 5527 1882 9963 3604 2 4972 5235 1412 6808 2007 741 1270 0 9201 779 4282 4569 9082 8698 5918 2991 8402 9114 8895 8283 1591 201 9928 3035 2958 7752 3021 9032 4698 9611 1202 8729 6592 8550 9209 3781 2029 5803 9505 5746 1085 2206 5525 6830 713 7006 4096 5538 5986 834 5036 2180 3290 2971 9348 8125 9503 3694 7706 2582 7990 9487 5032 1970 4788 2534 9658 2598 4511 3089 9280 3654 5623 7917 4450 4465 8980 1340 3165 7372 1823 5894 5533 1395 467 9780 4400 3366 7225 5027 4411 8645 8987 6023 7047 3066 1546 7233 2712 4888 2917 889 5752 1803 3354 7490 9113 9803
9289 9618 5306 7028 8392 9466 5948 5082 7543 2249 3710 248 5975 1883 9077 1531 1505 7110 8927 3923 4940 1422 1029 8378 5135 2048 4569 6783 2901 8274 4390 1102 9534 2104 6832 5976 7128 30 9595 7849 9828 8273 4412 2186 1072 7222 8657 4386 4051 9201 0 397 8461 7703 9096 2155 2628 8947 1697 7321 7710 6203 2531 1167 5128 1318 716 8490 7943 2487 3685 6283 5842 1958 3172 3736 7944 210 3530 3706 8801 3795 7278 1590 2333 2865 4512 8724 1604 5951 2281 3957 4145 7589 3259 8298 9105 6507 8844 9619 5280 8630 7369 2570 7795 7841 336 5233 6793 6006 3426 5956 6902 7506 8426 4011 9841 6864 2956 4863 2544 6334 1975 5729 6043 7912 246 4279 7191 4633 238 8031 1099 7577 4120 3841 9453 9308 1819 2175 389 4651 1196 2337 1468 9578 4485 134 5716 1414
8949 7951 7168 4872 5403 3789 5900 8997 7145 4048 5672 6421 8104 4446 7775 4698 4867 4792 4843 1271 771 7678 6788 9687 9142 1157 790 8221 7058 676 8627 1573 5037 6946 8922 6407 2911 4363 7117 9259 2245 1105 7870 9417 3430 5986 2143 5400 9626 779 397 0 3821 3689 181 6801 4540 913 9316 5515 4276 2082 7621 9389 4118 255 7306 2045 8679 1085 5096 7949 2506 1892 7527 9531 1571 7757 4057 1078 7816 4819 7155 829 2339 2059 1964 5274 5877 8536 432 3046 1740 9218 1169 93 9437 9359 8354 3386 5476 4297 1047 5714 5400 3577 4995 1579 789 1558 2538 6227 6766 3453 6972 4624 9775 8186 7732 6083 4203 2812 4870 2005 9115 705 8925 3019 1503 7143 9763 4380 9665 1737 4774 5317 6043 8896 8687 9324 7717 8262 249 5299 4956 4000 7601 8105 8919 3962
1635 37 6263 2969 9177 2703 3035 9425 3364 5248 592 7558 9205 6939 1549 343 4674 8075 1020 8163 112 2595 1782 3136 2914 7332 8354 2749 8722 7178 2715 1957 6620 7111 2213 4196 3518 935 6306 8897 9067 9608 1781 8221 3353 9153 7723 6728 759 4282 8461 3821 0 8074 6725 3674 3967 2430 7100 1483 6456 3523 9656 2682 7204 7669 98 6944 2905 7450 261 8026 2358 6375 5403 8403 5572 3319 7794 8126 5500 5721 1479 3176 3101 7400 5891 4749 6490 3599 8307 8942 8836 1689 2946 1261 5586 352 9572 3077 6333 4735 1836 6811 8486 5376 3102 6286 4978 1885 7931 4234 7762 1223 5731 2631 2418 1197 1876 1344 8077 4475 2828 9108 7500 9872 7306 5727 993 3440 5233 4148 1544 4228 1495 1519 2863 6098 4304 1313 8257 5792 640 8418 9978 733 987 2680 1531 5336
8252 8071 1821 3264 5593 9269 8116 1549 3959 8382 1503 1502 5126 2742 557 6319 827 7604 1008 2755 789 8417 2522 4440 2608 7085 3474 5256 6132 4598 2028 1696 5476 3591 581 6536 7662 5504 4794 5166 3039 9481 5976 2799 9526 2840 2979 1497 562 4569 7703 3689 8074 0 804 8433 8787 2659 5384 6609 7584 6736 247 2859 9318 9916 9790 5903 9 7647 9977 2881 5586 9691 1215 1578 4536 4126 2705 4798 7652 6942 5507 7061 4004 9099 3966 4773 7764 1308 676 6508 6276 6910 471 4590 512 5448 7470 3011 5197 1728 8302 641 1100 5462 2179 1396 9361 7251 8171 9182 783 2005 5203 512 5567 1533 1000 3495 1642 5549 4619 455 6389 8092 8542 4745 5824 451 3746 342 4722 9267 7960 7147 8874 5419 8041 335 3510 975 3033 2647 5411 7802 7950 3124 695 6546
