100
0 6063 7150 2729 7520 3817 7192 2185 20 9581 8309 2731 6779 5999 9194 3693 3158 3660 2847 3667 5066 8390 5025 2634 6227 6463 4148 9685 4967 9179 2398 9433 9957 3523 1731 5091 5222 478 5958 747 6747 9074 7287 1305 7156 7371 6921 9866 445 9073 9062 7632 2326 5765 4438 3242 1714 1107 2451 1776 6097 7641 5539 5452 7269 3942 6271 8025 8977 966 2009 2665 5747 4930 8126 3089 1707 6488 1216 3505 6427 5692 9707 6777 6555 7866 908 1168 8282 699 585 3995 8589 1810 3788 9013 1168 9675 5034 1561
6063 0 121 696 2315 8961 5155 1024 7179 8371 6431 9647 9597 324 151 7694 2010 1923 651 9294 9220 7346 223 5688 2357 9405 4767 9034 3533 4003 206 5644 248 9626 237 9230 8046 7132 3117 1534 5108 2131 9249 3285 9794 7695 8648 6286 7972 1131 5802 1349 52 4185 1429 342 1644 602 708 670 766 9810 8083 6420 5060 9298 3328 600 9371 2030 7788 3464 5294 9194 3049 5552 3138 3615 9892 8596 1427 4876 1253 8760 8450 3286 7297 9522 8463 2242 3670 9201 7710 3038 6419 1802 9032 1243 6050 9269
7150 121 0 7750 6043 7412 9518 813 6772 672 7808 744 7044 1758 5078 7781 2153 75 3663 6444 4577 6886 3136 8896 8033 8994 6959 8119 825 4970 1357 6336 7431 7169 5956 3737 528 3867 4326 9213 3181 6693 2127 4681 5210 5738 2479 4392 4989 1739 6047 4949 3508 1510 5145 9953 2615 6096 7159 5814 1063 2255 4543 3747 9529 2923 6506 2568 3168 4728 1410 3040 9626 1481 5304 8449 74 2390 2030 477 1716 1474 1704 5320 4971 5198 7921 7696 3866 2708 1108 4170 705 3907 4977 7574 5209 4137 9951 122
2729 696 7750 0 8492 7160 7706 5658 349 2199 7794 8944 8542 6686 3023 3141 97 2855 8468 1813 6113 196 1943 2220 8587 930 1058 1056 1931 8303 8626 3701 4168 1187 3444 18 9643 895 8209 2520 9946 7793 4173 3283 2478 4895 489 9901 8423 6378 8407 1898 6635 8515 8193 6966 5865 4087 134 4937 1773 8583 2015 4991 2865 5411 9033 2934 5587 6799 500 1491 8276 2575 6517 5445 1330 6681 6183 6819 6234 9072 1086 6486 1457 7061 4585 9416 4846 230 8037 1738 3343 9668 2786 9122 9094 9685 7702 6273
7520 2315 6043 8492 0 3587 7987 9907 9345 1447 2649 2006 5439 4589 120 2711 5324 7297 4565 6101 6964 2943 6212 9579 5740 277 8444 1074 5249 7756 1866 2313 8896 7120 6090 4631 2298 1705 4588 2340 3714 8757 4816 4469 5892 5042 2875 283 9495 1286 3672 4851 8286 8095 4351 1246 8793 5326 7942 8264 6842 9406 2054 4477 6751 9259 6760 2335 9409 3109 8714 7758 8716 8410 8555 5173 8140 3225 9481 1087 5923 3568 9586 5183 9442 779 5178 3058 3416 2475 310 3138 7335 6625 791 9175 9987 9959 5527 3535
3817 8961 7412 7160 3587 0 9050 1731 5913 5744 5841 7945 454 2360 3714 6522 7600 7591 2812 6671 5717 3105 5231 5935 1792 2706 6784 1001 5990 5074 5014 949 6072 4591 5292 7181 9780 1948 2480 8692 7799 8339 228 5718 5483 6268 6373 6187 8691 9270 3320 1037 5321 3452 2652 388 5784 3806 2167 9178 9556 1562 9746 3960 8932 8974 8309 8850 4021 3278 2134 9353 9242 7149 5800 8590 1784 2990 73 6218 8602 3258 8493 5235 4565 1146 5859 3339 4021 4521 8086 7451 2637 5041 1494 3717 7317 7519 5906 5070
7192 5155 9518 7706 7987 9050 0 8371 1339 17 8081 2706 8811 8875 8110 3519 4086 2011 9704 9896 6640 722 9242 110 8692 5272 9607 558 8428 2993 718 3099 1850 3344 2444 3124 6481 939 3177 2725 6866 5715 8866 7743 2778 8925 2747 351 5515 5228 1405 3683 3252 190 2093 4432 7278 1468 6539 4022 7635 3197 6438 4822 4290 2083 2823 7723 5689 4781 8684 4847 7444 9378 5768 2071 2194 5688 2649 1531 9598 4081 2347 987 1658 1080 1154 4660 877 7076 6490 3963 6852 1518 7974 5326 7390 445 9772 584
2185 1024 813 5658 9907 1731 8371 0 5876 6082 1877 812 4038 3216 1911 150 3462 5537 1665 1598 3829 6713 7135 6392 4121 2682 9916 9802 2356 9956 842 6505 4010 5710 9463 5794 5636 2375 96 1308 4166 2221 4687 8600 7845 3473 9877 3917 1536 2241 5436 8622 6035 1623 4126 606 4299 817 5902 7030 7170 848 406 6910 901 6689 612 1136 6075 3785 4494 5348 2527 6559 3677 8741 3718 7073 8051 2611 9790 9000 1445 8544 9318 1359 7475 9395 2435 8849 3880 3419 1375 2718 3282 3235 2885 871 642 5358
20 7179 6772 349 9345 5913 1339 5876 0 2116 1208 8522 3257 967 5238 4858 5629 912 9052 7019 3659 7800 2456 9926 4849 5146 2295 8288 91 5007 5030 8664 4619 1002 541 5346 9600 7127 8240 7954 4418 7086 2654 3332 1275 5041 8536 3005 5781 8411 2022 643 4768 7721 2158 6940 8876 8098 7722 6642 7518 1212 1380 1034 4569 883 4761 763 5076 5333 223 8187 1565 2332 9452 9356 4763 7469 3687 4537 6043 3864 7846 9917 4077 3640 1011 9154 4456 7046 5757 771 282 8384 3954 7368 144 2073 8862 5298
9581 8371 672 2199 1447 5744 17 6082 2116 0 8865 7060 776 1893 4813 6105 2216 8053 4377 8799 9722 6705 4409 7186 9734 3214 6792 3775 8546 7185 7388 8885 6616 4965 2554 192 9952 1628 8516 7274 6298 246 9280 6218 9893 7260 1402 7796 5909 6433 3508 1816 8246 8531 6223 1754 4999 207 2597 1004 1517 3743 4881 9319 1531 2763 2812 2074 3740 5577 8373 668 5186 6975 8101 9803 6604 5641 5706 8248 3877 684 359 7883 7067 1299 8471 3822 2987 8430 7437 6753 7889 3127 4150 2459 8869 8811 8445 4108
8309 6431 7808 7794 2649 5841 8081 1877 1208 8865 0 6276 2401 1997 9622 7063 8654 2734 4736 5875 349 4065 1542 8756 5848 8982 2387 314 9506 8578 2720 3460 8063 9844 6941 1088 4411 9392 7324 7644 2135 1261 9786 3351 938 6957 9812 2056 6659 1419 8431 9096 437 4638 7689 1479 3393 919 1491 7351 9507 1376 4079 6059 6515 9055 5514 2860 3040 1249 4113 7622 7535 9914 1237 8410 2210 4241 737 7307 1321 9503 8423 8456 2798 3969 3259 5210 7564 3675 7976 9606 5429 1821 8947 2799 1993 5795 4029 1364
2731 9647 744 8944 2006 7945 2706 812 8522 7060 6276 0 1160 5286 418 6482 3172 8460 6395 8628 2481 5384 2580 1011 183 7963 1659 617 7501 7611 307 9415 9357 2083 1808 7639 150 2188 4261 7748 7800 3989 9459 2886 911 6953 4341 9916 2399 4724 599 1251 4502 8123 2470 3094 2858 6904 3412 8022 3767 868 9571 4609 3055 8040 7258 3930 6347 6374 3561 6954 8424 6289 3048 9553 9035 2209 6191 3238 5094 5993 1395 1378 3715 5096 1888 3627 3357 3886 1963 9927 5281 5913 7112 5811 8052 4211 9814 7598
6779 9597 7044 8542 5439 454 8811 4038 3257 776 2401 1160 0 7207 3513 3357 6449 6758 4333 587 3361 6692 7244 9981 2447 1702 5303 446 67 2013 2687 5602 7228 950 3868 8123 4831 8408 5500 4862 1232 9842 2803 9194 7926 3860 4919 1388 1863 8319 7918 9525 467 3231 5022 3569 6644 5912 2617 1923 9918 9400 3626 2033 5830 1365 6589 1743 6267 276 5498 6998 7938 2066 2409 4633 2410 3595 5334 8606 8064 9239 2117 2712 8005 548 2076 7784 5434 7122 8552 917 2147 8676 6610 3202 2241 6491 2079 8443
5999 324 1758 6686 4589 2360 8875 3216 967 1893 1997 5286 7207 0 4496 7770 6473 1917 3691 1467 6012 7431 325 6461 8096 4670 7657 362 1838 7923 5993 512 9837 8584 3418 8560 5019 3790 4624 6071 9333 3421 562 1482 3400 2019 4380 6792 3708 5192 7415 2010 8719 5415 811 1612 7222 2605 1081 1109 5523 5629 8980 9791 2498 4540 3074 9686 4968 7267 7276 9987 4989 1554 4263 5659 5040 8215 3980 4750 3376 7362 9991 152 8023 2260 6729 8796 9922 9472 1473 5626 5842 5102 5374 421 883 2093 427 517
9194 151 5078 3023 120 3714 8110 1911 5238 4813 9622 418 3513 4496 0 5287 8453 8374 7151 5359 4749 8394 6262 4908 6161 5630 5441 2043 7093 4216 3615 2280 2072 714 4526 8564 5995 9162 7736 2574 9395 7521 1908 4213 612 6432 6320 2847 3443 681 799 7397 262 1279 6770 9170 1284 402 8000 9322 3763 3870 2206 7508 1443 3406 7040 1342 32 2090 9344 1233 6088 1230 5098 7193 338 7655 6020 9448 6921 5811 6100 2695 3818 2054 3863 7181 3060 616 5196 1129 4732 6922 8753 4271 7400 6835 6113 4075
3693 7694 7781 3141 2711 6522 3519 150 4858 6105 7063 6482 3357 7770 5287 0 7828 7884 2195 4858 7647 5134 3284 5355 5799 8381 4766 3632 4402 8877 3563 9681 1782 7183 7850 9736 8782 4749 7415 7329 1877 2013 396 2104 7414 8328 8287 2096 9222 6397 9904 9996 2299 5498 2981 8479 2264 7533 8187 797 3975 947 1872 161 4233 2029 8117 1219 4493 2830 7820 3275 6820 598 4491 8519 4151 8152 7867 3406 8577 5667 8685 6717 2853 8079 3191 7077 6059 7145 9008 6319 3951 1778 475 3267 9270 3103 903 4065
3158 2010 2153 97 5324 7600 4086 3462 5629 2216 8654 3172 6449 6473 8453 7828 0 4671 1805 7440 4420 8316 3673 9775 2864 1518 8984 5668 462 3439 9608 85 5245 8894 4802 2204 9462 8754 1821 4759 1955 8021 59 5249 5595 2743 1640 6277 4755 3952 1807 5809 9779 1311 5572 719 106 9642 2559 9821 2641 295 2458 6200 3486 7488 9233 3247 1598 5730 4821 2145 5326 8792 8475 9025 6562 7052 3795 9539 8468 9752 7145 8554 541 5502 3035 56 3276 9561 2848 4547 4469 118 5253 8223 6126 9847 4740 5729
3660 1923 75 2855 7297 7591 2011 5537 912 8053 2734 8460 6758 1917 8374 7884 4671 0 2024 3145 5374 1025 9829 4833 9331 5991 4348 1000 9319 948 9896 7636 2097 4758 3643 1041 5786 897 4755 1306 9979 6394 4918 822 9290 2691 9982 1213 8633 9452 8081 2882 8564 8719 4684 8210 3296 2757 9949 7098 6142 1662 180 1987 5150 4463 4933 360 7486 735 1541 2164 8029 9384 518 8001 6634 4889 5638 3640 6439 2524 8217 5902 6330 1678 5593 7653 9589 2668 4379 5343 4879 7242 8115 6852 799 5665 2512 9971
2847 651 3663 8468 4565 2812 9704 1665 9052 4377 4736 6395 4333 3691 7151 2195 1805 2024 0 3939 7914 9407 4550 3115 5485 9318 6398 3844 5231 1003 1440 8178 8146 5516 6448 702 9178 2760 4909 7469 8260 8804 3199 197 3740 7543 287 7010 9770 500 880 7626 9876 2755 6517 1587 4446 3540 7064 756 5760 2730 6850 8766 5404 5261 7368 3430 8442 5300 335 358 8170 481 9393 4406 6962 5140 1066 6130 1508 4306 7966 9215 9461 462 7017 8483 4963 268 4796 4517 6291 1926 7982 9085 4476 1777 9360 2975
3667 9294 6444 1813 6101 6671 9896 1598 7019 8799 5875 8628 587 1467 5359 4858 7440 3145 3939 0 6164 6961 4963 3870 3036 1074 7082 4846 642 7186 343 1392 7540 8702 1654 122 7500 3281 4433 3905 8820 1601 1579 9694 6434 3173 6571 462 197 9367 7956 9726 1855 50 8359 1340 2647 2194 3654 8949 561 607 9616 3767 6727 1993 3873 6032 4683 2009 246 2929 2472 4383 5851 6802 656 4369 6289 6089 9578 4935 5228 9823 3581 8889 1645 1557 9040 786 974 8515 6716 2713 6208 3943 8909 4091 2937 7211
5066 9220 4577 6113 6964 5717 6640 3829 3659 9722 349 2481 3361 6012 4749 7647 4420 5374 7914 6164 0 9129 1075 6381 4369 1005 9759 7234 7800 928 278 9469 5686 2941 8171 819 676 9819 3831 8160 7776 6507 5497 7261 4485 7369 9046 5987 4910 2025 5633 8144 1404 8544 1800 8159 5374 5274 952 2214 4343 2712 8559 7841 1690 8542 954 57 7505 9119 5544 2922 6697 5350 7386 2474 5627 974 2508 2102 4673 9259 8721 7958 4012 3057 12 1549 6905 2333 1583 1084 5333 7061 9003 1351 745 434 107 3316
8390 7346 6886 196 2943 3105 722 6713 7800 6705 4065 5384 6692 7431 8394 5134 8316 1025 9407 6961 9129 0 7698 6786 6126 6862 8441 4637 8842 9598 9344 802 6833 1154 5910 1918 2370 6363 2178 6274 2826 3647 8686 9554 9707 1522 7115 4079 1305 2481 7742 6779 4088 204 5066 6387 2461 317 769 446 505 7173 3036 7205 5402 5356 6112 2334 9576 5008 8879 2313 1086 9561 9778 4236 5983 8397 5925 1260 5404 9243 4469 369 2130 9240 4634 9451 3516 940 5352 1573 6899 9464 8020 6961 1927 6664 4017 6384
5025 223 3136 1943 6212 5231 9242 7135 2456 4409 1542 2580 7244 325 6262 3284 3673 9829 4550 4963 1075 7698 0 6515 2466 5521 7881 1793 87 4398 1170 4364 9731 8961 5394 7247 221 1784 6368 2842 3954 3938 6098 6857 4724 255 4752 6409 9475 9706 3910 1707 3678 754 7596 3358 4288 7956 9075 1983 574 6455 9843 3982 2293 2447 4464 3684 4869 2529 1360 2614 7839 2666 2693 4021 4138 1272 266 3215 3372 5879 1993 3314 7068 6233 7823 6514 9879 4245 495 7873 1193 3660 8845 7544 3414 3434 5022 9380
2634 5688 8896 2220 9579 5935 110 6392 9926 7186 8756 1011 9981 6461 4908 5355 9775 4833 3115 3870 6381 6786 6515 0 8756 8725 3632 9826 9764 7346 932 9185 8361 9395 3160 5130 8759 5046 2495 9086 2939 4003 9774 2268 7256 7823 9848 3366 1833 8372 5617 6644 9156 2713 5454 220 1670 2126 5960 6506 4127 5031 5248 117 1435 9217 2826 4329 3598 6653 9067 5439 6419 2193 2955 4820 4326 2438 9886 8632 3449 3770 9009 1510 9723 6967 5308 2600 907 2722 2971 6471 4778 4080 2888 1722 374 8273 7115 2640
6227 2357 8033 8587 5740 1792 8692 4121 4849 9734 5848 183 2447 8096 6161 5799 2864 9331 5485 3036 4369 6126 2466 8756 0 352 4609 3649 608 9333 9387 2648 5828 3300 6880 1158 5969 8591 5478 5603 204 475 7718 3084 6228 7302 9352 9389 2018 6323 8999 7579 3721 9235 3206 4824 9788 9807 3034 2484 481 1992 7984 4486 9063 5162 9117 8025 2616 297 2068 9174 6138 1796 6444 3825 1004 3063 279 9488 6055 107 4019 9870 4950 1865 9797 2968 505 7983 9502 4653 6741 4203 2001 1266 7351 4578 4235 5408
6463 9405 8994 930 277 2706 5272 2682 5146 3214 8982 7963 1702 4670 5630 8381 1518 5991 9318 1074 1005 6862 5521 8725 352 0 967 1294 4110 860 564 1005 6876 4073 7919 4324 1870 6620 6442 291 9226 6603 1427 2875 858 872 2034 3953 8649 6204 3449 4107 644 4621 7825 3799 3519 8696 1059 7909 6814 8598 5914 9925 2115 3632 9593 1462 8080 6267 8622 111 4754 3067 1382 1214 1284 4455 5212 3382 8572 8601 398 149 5403 8213 6475 7355 2857 1653 8053 7408 9150 7588 8189 9337 3476 4200 4930 1770
4148 4767 6959 1058 8444 6784 9607 9916 2295 6792 2387 1659 5303 7657 5441 4766 8984 4348 6398 7082 9759 8441 7881 3632 4609 967 0 4567 189 5381 172 5281 4939 290 7965 8099 9759 4556 4124 7223 4874 9284 2728 1742 1636 5174 4199 9841 4018 7979 7768 9340 3009 1185 444 5993 4177 1984 9139 3601 9134 1082 5728 4502 8587 2280 2858 3361 4329 4233 3222 6912 6734 3145 7577 7426 8084 6605 2713 1261 6396 1602 5574 6403 8998 7480 5375 9263 2017 2863 5686 5188 3204 4200 3366 6692 4945 2490 8918 2799
9685 9034 8119 1056 1074 1001 558 9802 8288 3775 314 617 446 362 2043 3632 5668 1000 3844 4846 7234 4637 1793 9826 3649 1294 4567 0 9267 5294 4496 1935 4516 6938 6101 2159 2511 2475 8505 6198 7039 4882 6908 7514 1643 9606 1463 877 1502 1385 2683 3352 2530 1599 7617 8186 1751 7453 7984 2407 977 1212 3178 6836 547 1696 4119 6946 2732 4038 1141 978 5207 5046 6846 6469 8639 992 9598 3230 6230 4099 6342 9918 1901 7796 5968 5044 1614 6279 8469 9551 1711 8909 7466 9816 5817 2868 8253 4723
4967 3533 825 1931 5249 5990 8428 2356 91 8546 9506 7501 67 1838 7093 4402 462 9319 5231 642 7800 8842 87 9764 608 4110 189 9267 0 4597 9458 4185 6179 1068 4525 7095 8982 2572 5332 2473 447 5809 2392 7829 4555 8348 6628 5855 5575 4495 4235 7098 3367 337 1702 9953 2156 509 7839 1336 7597 6183 3059 6783 2133 8320 9016 6690 7058 5951 8519 5634 9197 7667 3670 5009 4935 6089 9833 8014 9034 5725 6181 2195 408 1427 4365 949 7782 9777 9166 6117 2037 6662 6758 3547 666 4467 2977 5070
9179 4003 4970 8303 7756 5074 2993 9956 5007 7185 8578 7611 2013 7923 4216 8877 3439 948 1003 7186 928 9598 4398 7346 9333 860 5381 5294 4597 0 115 1045 3268 5369 4267 5179 3296 7200 3037 7482 7618 3267 1050 3357 708 3969 2272 8259 7282 6957 4781 6953 5036 1646 3945 3820 1159 5746 4009 8305 5654 5457 3649 9010 1454 8506 6504 5461 650 8658 1916 777 2154 2624 3973 3648 4167 3161 6469 3444 2969 5203 7319 9468 3669 8506 7591 1061 9162 8104 4456 1650 777 6646 1853 1400 1389 7954 2614 6798
2398 206 1357 8626 1866 5014 718 842 5030 7388 2720 307 2687 5993 3615 3563 9608 9896 1440 343 278 9344 1170 932 9387 564 172 4496 9458 115 0 2692 4895 5841 6868 5777 4000 7917 1398 2846 4237 7309 1473 8885 578 2764 4912 4780 1869 9195 4379 7632 9523 8976 2402 8456 4628 7716 5108 9135 1227 102 4481 4818 935 6969 5114 5709 4897 8926 5998 6757 8955 6249 3849 8606 3562 7501 9660 1563 2267 5477 6659 5454 1374 751 5265 7879 403 8086 5778 5483 9 4796 6122 1143 3340 6890 6898 6344
9433 5644 6336 3701 2313 949 3099 6505 8664 8885 3460 9415 5602 512 2280 9681 85 7636 8178 1392 9469 802 4364 9185 2648 1005 5281 1935 4185 1045 2692 0 9365 9871 2181 312 9918 2419 6796 4205 9617 8093 6262 1580 1868 7180 2655 6667 2098 2612 2042 141 7918 1558 3688 9939 1470 5664 8326 5606 4387 9452 3619 4530 7884 1997 6009 9045 6935 1737 6659 2097 7251 2844 7794 2555 8294 1210 30 8760 6596 5613 3613 1377 5918 1242 6971 9299 2441 9038 4984 6891 665 8398 9111 8899 6622 355 5061 3793
9957 248 7431 4168 8896 6072 1850 4010 4619 6616 8063 9357 7228 9837 2072 1782 5245 2097 8146 7540 5686 6833 9731 8361 5828 6876 4939 4516 6179 3268 4895 9365 0 7215 893 132 3738 4579 5024 1388 2964 4129 7352 9044 9554 306 3473 1140 8414 3800 7356 1485 4107 4591 7476 5177 995 10000 6887 8871 2468 3565 5036 8715 6178 5097 3967 9981 664 2044 5379 3277 4174 8461 157 4444 1036 5794 9374 5669 9841 5485 1602 9046 9915 169 5667 4251 4792 861 1641 4915 4841 3529 4997 1642 4638 1115 4970 8327
3523 9626 7169 1187 7120 4591 3344 5710 1002 4965 9844 2083 950 8584 714 7183 8894 4758 5516 8702 2941 1154 8961 9395 3300 4073 290 6938 1068 5369 5841 9871 7215 0 6914 1832 1574 8432 9494 9335 1527 1100 278 1345 2539 4953 6430 2183 7072 2006 5892 6817 96 9476 8249 927 4295 372 9225 5692 6913 8056 8430 7524 9287 6359 59 8622 8696 7232 1824 6338 4906 3462 1941 9211 2177 3170 1426 3965 3392 1144 8546 7229 7795 7250 8425 6242 912 9837 4732 6586 6721 2136 2569 9372 3114 5621 7681 3892
1731 237 5956 3444 6090 5292 2444 9463 541 2554 6941 1808 3868 3418 4526 7850 4802 3643 6448 1654 8171 5910 5394 3160 6880 7919 7965 6101 4525 4267 6868 2181 893 6914 0 8459 1975 1538 5414 2367 4650 3176 9460 6599 4972 9790 9425 3055 7715 4937 8262 2062 6204 9581 7565 793 1326 1465 7480 7734 7322 979 7652 83 5618 496 148 4722 1575 6677 9714 2573 8376 7523 8850 3500 1814 5300 4257 2146 6234 1672 1080 7057 2100 7854 5970 1231 1427 4828 8324 5910 9252 7112 3991 4876 9100 1596 4830 4452
5091 9230 3737 18 4631 7181 3124 5794 5346 192 1088 7639 8123 8560 8564 9736 2204 1041 702 122 819 1918 7247 5130 1158 4324 8099 2159 7095 5179 5777 312 132 1832 8459 0 2865 9614 2347 3126 9659 9933 9870 4682 147 8393 3261 4841 3347 3624 4413 3664 4910 8080 4579 2527 4403 1550 3996 3834 4427 8680 5356 4944 3929 401 3229 9551 9594 4393 6858 2319 3549 2783 8998 5847 2511 7638 9242 1580 5594 3213 3258 3528 1857 9430 9632 920 5056 1050 1494 3029 9307 8075 9495 6745 9368 8955 8364 8526
5222 8046 528 9643 2298 9780 6481 5636 9600 9952 4411 150 4831 5019 5995 8782 9462 5786 9178 7500 676 2370 221 8759 5969 1870 9759 2511 8982 3296 4000 9918 3738 1574 1975 2865 0 182 9380 4295 9757 5813 3474 6639 592 2028 432 8560 3569 2334 4296 7521 1775 2852 6894 7450 6140 7777 6267 2479 9152 3189 7229 1658 9594 8309 6121 8047 2714 1007 9067 3788 6141 8944 1226 6068 3445 2272 2774 1309 584 2906 2567 7357 2185 9183 4337 1804 573 7736 2344 566 498 2084 818 2375 5352 7797 8914 2714
478 7132 3867 895 1705 1948 939 2375 7127 1628 9392 2188 8408 3790 9162 4749 8754 897 2760 3281 9819 6363 1784 5046 8591 6620 4556 2475 2572 7200 7917 2419 4579 8432 1538 9614 182 0 401 2332 651 2523 5639 6015 5383 8564 7412 6984 8677 5144 4240 8158 8197 2172 9713 8451 7155 9870 2299 3490 6828 5860 9523 9789 7886 5088 6275 8217 9264 3311 4898 976 4035 5618 8525 5818 3354 5398 1150 2387 210 2292 3162 1812 9244 3882 6781 6421 5974 1403 485 2973 6987 7782 5264 9808 2600 2856 626 8158
5958 3117 4326 8209 4588 2480 3177 96 8240 8516 7324 4261 5500 4624 7736 7415 1821 4755 4909 4433 3831 2178 6368 2495 5478 6442 4124 8505 5332 3037 1398 6796 5024 9494 5414 2347 9380 401 0 3228 2819 2450 3406 9396 7448 5661 5113 5972 9982 4914 5985 9842 1382 2519 3044 6133 6972 5149 5711 3960 3808 2882 2779 3436 5466 3316 5517 1439 172 8226 4252 4605 2786 9753 6319 4138 6730 8991 7428 8775 1175 9256 3839 9763 3944 9223 8318 3227 3072 5880 9012 620 7214 8918 9654 4981 5011 1976 3347 3293
747 1534 9213 2520 2340 8692 2725 1308 7954 7274 7644 7748 4862 6071 2574 7329 4759 1306 7469 3905 8160 6274 2842 9086 5603 291 7223 6198 2473 7482 2846 4205 1388 9335 2367 3126 4295 2332 3228 0 7788 7777 2826 4878 9155 4392 9255 5884 9473 8328 9251 1723 2334 611 7599 7074 3328 4905 2779 9842 7936 3503 1540 5548 4334 2375 6578 3839 2746 3987 5150 378 1204 1022 6313 9791 9653 7044 2203 9488 859 9281 8606 1617 9214 5798 2924 643 9079 7155 8998 8285 9339 3725 3357 3220 6197 3123 9884 9653
6747 5108 3181 9946 3714 7799 6866 4166 4418 6298 2135 7800 1232 9333 9395 1877 1955 9979 8260 8820 7776 2826 3954 2939 204 9226 4874 7039 447 7618 4237 9617 2964 1527 4650 9659 9757 651 2819 7788 0 4835 5337 7911 8821 1172 2149 1050 9992 541 2367 7027 3770 3813 6481 9785 4895 4429 5396 2173 1815 4429 7810 3476 2081 3980 4103 2890 6775 3738 3399 2001 6807 2398 525 4051 9155 4553 5815 8557 1527 443 2521 4621 7192 9299 4152 8022 9452 1836 1237 8206 2866 6029 6855 1853 5378 3972 9690 1756
9074 2131 6693 7793 8757 8339 5715 2221 7086 246 1261 3989 9842 3421 7521 2013 8021 6394 8804 1601 6507 3647 3938 4003 475 6603 9284 4882 5809 3267 7309 8093 4129 1100 3176 9933 5813 2523 2450 7777 4835 0 4302 123 987 7461 5559 8298 9900 4986 1203 2350 6059 2074 4517 5400 1449 9346 9782 4514 8173 2115 1146 7587 6359 9031 7618 6922 5238 8163 1077 6428 3762 3167 9408 9007 4025 4189 6576 2540 5624 2814 7584 8785 9091 88 9768 2920 6315 8866 266 1610 4088 6831 5761 4535 9892 9695 5242 2022
7287 9249 2127 4173 4816 228 8866 4687 2654 9280 9786 9459 2803 562 1908 396 59 4918 3199 1579 5497 8686 6098 9774 7718 1427 2728 6908 2392 1050 1473 6262 7352 278 9460 9870 3474 5639 3406 2826 5337 4302 0 7195 4868 3639 6651 9307 5338 4320 7287 9659 172 7442 4184 8942 7163 9100 9123 8740 6416 8182 5534 5900 7589 1195 7347 962 3382 5459 7930 5790 9815 3298 5519 2821 5827 4205 7442 413 264 5972 4596 8506 2720 9757 6125 6906 7298 5957 8401 2758 8346 4641 1940 7820 6715 2470 7395 445
1305 3285 4681 3283 4469 5718 7743 8600 3332 6218 3351 2886 9194 1482 4213 2104 5249 822 197 9694 7261 9554 6857 2268 3084 2875 1742 7514 7829 3357 8885 1580 9044 1345 6599 4682 6639 6015 9396 4878 7911 123 7195 0 7802 971 4499 245 6292 9723 5507 2807 5263 2204 2420 5794 772 8282 7335 1541 1663 9847 4102 69 6877 8848 779 3757 4496 9275 9148 3431 2220 4327 6082 293 6486 4035 9254 1343 783 7897 316 7783 4483 8731 1752 977 2722 6613 1273 7443 3929 5153 1210 8712 2294 6660 5628 5400
7156 9794 5210 2478 5892 5483 2778 7845 1275 9893 938 911 7926 3400 612 7414 5595 9290 3740 6434 4485 9707 4724 7256 6228 858 1636 1643 4555 708 578 1868 9554 2539 4972 147 592 5383 7448 9155 8821 987 4868 7802 0 7719 1132 3767 7128 7302 5364 62 4117 6430 4502 5715 7236 8276 5122 7317 6804 8432 8909 5140 5478 5070 6990 1538 4096 9997 5251 6580 4406 5368 8657 4620 2480 6033 8472 5637 6646 8537 7946 8251 6343 4285 9197 2963 6123 6624 2934 8262 5277 2142 5086 7217 7602 9739 1588 9118
7371 7695 5738 4895 5042 6268 8925 3473 5041 7260 6957 6953 3860 2019 6432 8328 2743 2691 7543 3173 7369 1522 255 7823 7302 872 5174 9606 8348 3969 2764 7180 306 4953 9790 8393 2028 8564 5661 4392 1172 7461 3639 971 7719 0 3337 6557 3510 4678 1922 7919 809 3912 1340 5693 813 6697 9505 4366 1341 2376 9244 7637 2390 9071 7478 2905 6465 6986 4091 6811 8082 7899 3189 6784 6910 2290 8242 1579 629 8862 2644 2620 3712 5540 3374 5526 767 6011 5398 5804 8259 7113 826 285 3963 4304 4936 3835
6921 8648 2479 489 2875 6373 2747 9877 8536 1402 9812 4341 4919 4380 6320 8287 1640 9982 287 6571 9046 7115 4752 9848 9352 2034 4199 1463 6628 2272 4912 2655 3473 6430 9425 3261 432 7412 5113 9255 2149 5559 6651 4499 1132 3337 0 9294 537 9816 8342 1923 7354 6231 1187 9772 4515 7901 610 4470 3849 782 6012 2988 3464 8435 7066 8056 7584 9036 1319 5933 7211 6112 8559 9272 9176 2666 5812 3101 6578 4730 4410 7781 7234 9062 8288 1679 2727 5693 9409 1272 1971 6880 4155 1399 126 1254 3354 3368
9866 6286 4392 9901 283 6187 351 3917 3005 7796 2056 9916 1388 6792 2847 2096 6277 1213 7010 462 5987 4079 6409 3366 9389 3953 9841 877 5855 8259 4780 6667 1140 2183 3055 4841 8560 6984 5972 5884 1050 8298 9307 245 3767 6557 9294 0 2216 3296 8950 2697 7626 1485 9645 3042 1467 6165 5446 4032 4436 9993 3072 9482 3325 5580 6967 7013 549 2173 1890 7165 7750 2738 3370 7168 7270 8492 4176 6171 1594 2830 3196 8563 7009 6628 6491 9309 9240 5347 5873 7931 19 1604 4775 1988 4265 4079 6171 9858
445 7972 4989 8423 9495 8691 5515 1536 5781 5909 6659 2399 1863 3708 3443 9222 4755 8633 9770 197 4910 1305 9475 1833 2018 8649 4018 1502 5575 7282 1869 2098 8414 7072 7715 3347 3569 8677 9982 9473 9992 9900 5338 6292 7128 3510 537 2216 0 7843 4265 129 1208 7822 2330 9044 8713 634 8613 1900 331 489 5266 4131 8516 8280 3754 4532 7206 7599 4932 9216 9813 4168 4856 8699 4948 4088 5776 1852 5927 3023 1494 8835 2753 9815 223 6670 2332 2438 2765 1882 357 7455 7575 8467 4555 7238 476 3551
9073 1131 1739 6378 1286 9270 5228 2241 8411 6433 1419 4724 8319 5192 681 6397 3952 9452 500 9367 2025 2481 9706 8372 6323 6204 7979 1385 4495 6957 9195 2612 3800 2006 4937 3624 2334 5144 4914 8328 541 4986 4320 9723 7302 4678 9816 3296 7843 0 1104 8994 7722 4942 2038 6929 8647 9073 3339 9784 2181 9121 6385 9615 256 3949 6991 9105 2456 8906 1291 3016 4585 5867 1212 1509 1147 7281 997 5588 8024 4897 4711 1875 4288 9891 2902 1518 7538 526 5780 7953 2493 4242 8375 2734 2265 2398 7537 6506
9062 5802 6047 8407 3672 3320 1405 5436 2022 3508 8431 599 7918 7415 799 9904 1807 8081 880 7956 5633 7742 3910 5617 8999 3449 7768 2683 4235 4781 4379 2042 7356 5892 8262 4413 4296 4240 5985 9251 2367 1203 7287 5507 5364 1922 8342 8950 4265 1104 0 2657 6152 7797 7880 9201 4833 2008 7596 3868 1777 8843 1854 7693 5950 3835 8205 4707 2477 7305 7868 7786 3640 8650 6501 7566 1864 6881 5351 6261 3422 4672 813 5472 6018 6958 6671 9334 2956 119 293 4857 78 1805 3237 2531 283 1216 4367 5376
7632 1349 4949 1898 4851 1037 3683 8622 643 1816 9096 1251 9525 2010 7397 9996 5809 2882 7626 9726 8144 6779 1707 6644 7579 4107 9340 3352 7098 6953 7632 141 1485 6817 2062 3664 7521 8158 9842 1723 7027 2350 9659 2807 62 7919 1923 2697 129 8994 2657 0 6396 5916 6718 3574 4252 7694 9317 3572 3492 2342 5803 3663 7996 1662 208 2647 2847 7908 8415 8333 6932 808 7226 1924 7773 6652 5978 3105 7340 1124 8230 5478 2122 6966 4845 4713 8586 2212 8177 4468 1948 2606 6753 540 5759 2390 319 7952
2326 52 3508 6635 8286 5321 3252 6035 4768 8246 437 4502 467 8719 262 2299 9779 8564 9876 1855 1404 4088 3678 9156 3721 644 3009 2530 3367 5036 9523 7918 4107 96 6204 4910 1775 8197 1382 2334 3770 6059 172 5263 4117 809 7354 7626 1208 7722 6152 6396 0 9404 8633 2825 2805 3473 8460 752 9328 5114 99 4536 3133 1682 3523 4252 2572 8666 9808 1863 6717 2376 7067 9147 7939 8561 2822 352 4847 4046 9842 5923 2090 9676 4274 9396 8263 938 6719 3599 684 1903 2156 3215 8428 8221 4562 575
5765 4185 1510 8515 8095 3452 190 1623 7721 8531 4638 8123 3231 5415 1279 5498 1311 8719 2755 50 8544 204 754 2713 9235 4621 1185 1599 337 1646 8976 1558 4591 9476 9581 8080 2852 2172 2519 611 3813 2074 7442 2204 6430 3912 6231 1485 7822 4942 7797 5916 9404 0 2039 8206 3018 3068 7508 5182 4886 7882 3476 1129 5677 4290 9786 564 9859 263 1253 8188 1578 4487 9181 4615 602 7651 8061 2148 8751 1457 1795 360 7271 5925 8602 9825 4007 1292 8872 794 1524 8525 7996 5755 3347 3846 2484 6971
4438 1429 5145 8193 4351 2652 2093 4126 2158 6223 7689 2470 5022 811 6770 2981 5572 4684 6517 8359 1800 5066 7596 5454 3206 7825 444 7617 1702 3945 2402 3688 7476 8249 7565 4579 6894 9713 3044 7599 6481 4517 4184 2420 4502 1340 1187 9645 2330 2038 7880 6718 8633 2039 0 5263 5654 4960 5426 6692 2457 7531 6477 7189 6442 8352 1360 9573 960 463 3329 6486 4205 9673 5081 6759 5463 3538 1721 9592 3467 6733 7448 5991 840 3491 4197 633 5035 1141 169 3740 3964 6812 7450 4820 8590 9396 9803 8042
3242 342 9953 6966 1246 388 4432 606 6940 1754 1479 3094 3569 1612 9170 8479 719 8210 1587 1340 8159 6387 3358 220 4824 3799 5993 8186 9953 3820 8456 9939 5177 927 793 2527 7450 8451 6133 7074 9785 5400 8942 5794 5715 5693 9772 3042 9044 6929 9201 3574 2825 8206 5263 0 6936 3668 4494 5385 5299 2240 446 4619 7962 4898 639 4945 1978 235 1218 3819 8850 8559 276 1847 7915 2608 7385 7741 8018 9458 4336 4267 4113 1805 6594 1854 8349 563 3254 5265 5727 2638 2664 1416 291 9949 462 8896
1714 1644 2615 5865 8793 5784 7278 4299 8876 4999 3393 2858 6644 7222 1284 2264 106 3296 4446 2647 5374 2461 4288 1670 9788 3519 4177 1751 2156 1159 4628 1470 995 4295 1326 4403 6140 7155 6972 3328 4895 1449 7163 772 7236 813 4515 1467 8713 8647 4833 4252 2805 3018 5654 6936 0 9127 8312 3542 1572 3007 6446 5828 2254 9680 9248 8877 3490 371 3227 6649 2974 3015 6805 86 3534 4322 9522 8688 564 9498 9278 3941 6622 357 9831 3338 9573 1048 8228 6500 2382 9293 9289 1844 3060 3930 4516 4275
1107 602 6096 4087 5326 3806 1468 817 8098 207 919 6904 5912 2605 402 7533 9642 2757 3540 2194 5274 317 7956 2126 9807 8696 1984 7453 509 5746 7716 5664 10000 372 1465 1550 7777 9870 5149 4905 4429 9346 9100 8282 8276 6697 7901 6165 634 9073 2008 7694 3473 3068 4960 3668 9127 0 727 3955 4014 5919 7177 6698 3589 2073 6048 2866 3662 3017 8834 3388 3246 7426 2228 8331 8481 6209 6303 550 4995 4970 4172 7366 9289 7769 8886 3431 6489 1799 7005 6724 9652 4961 6620 8254 4353 7038 2174 2690
2451 708 7159 134 7942 2167 6539 5902 7722 2597 1491 3412 2617 1081 8000 8187 2559 9949 7064 3654 952 769 9075 5960 3034 1059 9139 7984 7839 4009 5108 8326 6887 9225 7480 3996 6267 2299 5711 2779 5396 9782 9123 7335 5122 9505 610 5446 8613 3339 7596 9317 8460 7508 5426 4494 8312 727 0 8089 1437 3235 3090 6615 4628 3133 7033 2811 5907 7849 4400 5766 6728 6579 570 6451 723 998 2888 1719 3836 656 7007 7203 5849 1918 8072 3765 3143 2809 5701 964 4950 5135 7 4023 2335 1544 1084 8319
1776 670 5814 4937 8264 9178 4022 7030 6642 1004 7351 8022 1923 1109 9322 797 9821 7098 756 8949 2214 446 1983 6506 2484 7909 3601 2407 1336 8305 9135 5606 8871 5692 7734 3834 2479 3490 3960 9842 2173 4514 8740 1541 7317 4366 4470 4032 1900 9784 3868 3572 752 5182 6692 5385 3542 3955 8089 0 5996 9916 5607 8933 1644 7838 857 3859 6596 3786 8053 2107 6480 2620 6255 607 5827 1394 1780 3211 8251 6338 8703 6339 5641 5403 8748 3798 6195 5658 2264 8653 4645 7550 6318 2334 677 8019 5992 4569
6097 766 1063 1773 6842 9556 7635 7170 7518 1517 9507 3767 9918 5523 3763 3975 2641 6142 5760 561 4343 505 574 4127 481 6814 9134 977 7597 5654 1227 4387 2468 6913 7322 4427 9152 6828 3808 7936 1815 8173 6416 1663 6804 1341 3849 4436 331 2181 1777 3492 9328 4886 2457 5299 1572 4014 1437 5996 0 7651 6805 1270 9449 4063 758 6887 2642 1285 9090 7615 1389 8441 816 314 1825 9760 3639 8988 926 9861 2025 3034 7741 5319 5462 6340 6642 1904 7938 7524 7714 3530 5060 6207 2218 8198 8599 1458
7641 9810 2255 8583 9406 1562 3197 848 1212 3743 1376 868 9400 5629 3870 947 295 1662 2730 607 2712 7173 6455 5031 1992 8598 1082 1212 6183 5457 102 9452 3565 8056 979 8680 3189 5860 2882 3503 4429 2115 8182 9847 8432 2376 782 9993 489 9121 8843 2342 5114 7882 7531 2240 3007 5919 3235 9916 7651 0 7171 8666 6999 1654 4773 5850 1565 5891 3871 8791 5184 5855 7488 8739 533 5464 5049 4334 6197 6247 3822 7416 1314 8904 3340 2523 6947 6827 9154 9274 7936 9508 3835 9141 4812 4013 650 1952
5539 8083 4543 2015 2054 9746 6438 406 1380 4881 4079 9571 3626 8980 2206 1872 2458 180 6850 9616 8559 3036 9843 5248 7984 5914 5728 3178 3059 3649 4481 3619 5036 8430 7652 5356 7229 9523 2779 1540 7810 1146 5534 4102 8909 9244 6012 3072 5266 6385 1854 5803 99 3476 6477 446 6446 7177 3090 5607 6805 7171 0 3254 4879 4543 835 2276 8866 7784 7481 7807 6055 3241 9046 9844 1596 1641 3759 4057 4483 2446 1654 4938 8204 189 9346 6435 4385 3766 2584 5746 8943 5226 1668 4583 4312 8681 5887 3948
5452 6420 3747 4991 4477 3960 4822 6910 1034 9319 6059 4609 2033 9791 7508 161 6200 1987 8766 3767 7841 7205 3982 117 4486 9925 4502 6836 6783 9010 4818 4530 8715 7524 83 4944 1658 9789 3436 5548 3476 7587 5900 69 5140 7637 2988 9482 4131 9615 7693 3663 4536 1129 7189 4619 5828 6698 6615 8933 1270 8666 3254 0 151 4748 3799 9496 3845 9698 7231 5002 8746 5167 1672 1908 8644 9860 5944 1149 2765 2172 5988 2580 4397 7728 1691 3749 7866 5704 6736 4340 8920 7736 1786 8993 543 5741 7980 8151
7269 5060 9529 2865 6751 8932 4290 901 4569 1531 6515 3055 5830 2498 1443 4233 3486 5150 5404 6727 1690 5402 2293 1435 9063 2115 8587 547 2133 1454 935 7884 6178 9287 5618 3929 9594 7886 5466 4334 2081 6359 7589 6877 5478 2390 3464 3325 8516 256 5950 7996 3133 5677 6442 7962 2254 3589 4628 1644 9449 6999 4879 151 0 7730 3891 1143 6544 2291 9148 9945 5217 3059 3902 3427 5586 4777 3891 5676 9674 3278 9412 8752 8388 7312 8714 4302 2438 3854 5529 379 3155 9009 159 9383 5079 3259 9726 9642
3942 9298 2923 5411 9259 8974 2083 6689 883 2763 9055 8040 1365 4540 3406 2029 7488 4463 5261 1993 8542 5356 2447 9217 5162 3632 2280 1696 8320 8506 6969 1997 5097 6359 496 401 8309 5088 3316 2375 3980 9031 1195 8848 5070 9071 8435 5580 8280 3949 3835 1662 1682 4290 8352 4898 9680 2073 3133 7838 4063 1654 4543 4748 7730 0 3049 1122 8660 2083 3755 8743 7853 4754 3342 8110 7363 2337 8936 1854 4347 3286 4558 5544 4511 3061 8749 6950 6414 5087 4453 9796 6666 4529 88 1234 3718 9881 9480 206
6271 3328 6506 9033 6760 8309 2823 612 4761 2812 5514 7258 6589 3074 7040 8117 9233 4933 7368 3873 954 6112 4464 2826 9117 9593 2858 4119 9016 6504 5114 6009 3967 59 148 3229 6121 6275 5517 6578 4103 7618 7347 779 6990 7478 7066 6967 3754 6991 8205 208 3523 9786 1360 639 9248 6048 7033 857 758 4773 835 3799 3891 3049 0 7736 1209 7416 1208 1918 1987 5140 419 1997 7022 5567 9460 2917 6842 5936 4581 6755 114 5677 952 7504 1207 9401 1017 7092 6100 199 4889 5270 6968 9841 6801 6620
8025 600 2568 2934 2335 8850 7723 1136 763 2074 2860 3930 1743 9686 1342 1219 3247 360 3430 6032 57 2334 3684 4329 8025 1462 3361 6946 6690 5461 5709 9045 9981 8622 4722 9551 8047 8217 1439 3839 2890 6922 962 3757 1538 2905 8056 7013 4532 9105 4707 2647 4252 564 9573 4945 8877 2866 2811 3859 6887 5850 2276 9496 1143 1122 7736 0 289 3319 8480 4669 9881 3867 4619 699 2138 9302 2995 2116 3552 8046 4291 2310 9697 6619 5822 4337 3783 9250 649 3282 3447 916 8003 4926 207 1675 3708 1843
8977 9371 3168 5587 9409 4021 5689 6075 5076 3740 3040 6347 6267 4968 32 4493 1598 7486 8442 4683 7505 9576 4869 3598 2616 8080 4329 2732 7058 650 4897 6935 664 8696 1575 9594 2714 9264 172 2746 6775 5238 3382 4496 4096 6465 7584 549 7206 2456 2477 2847 2572 9859 960 1978 3490 3662 5907 6596 2642 1565 8866 3845 6544 8660 1209 289 0 5818 4670 4961 3937 6504 1647 2869 2054 4442 5889 3000 2165 2583 6236 1192 880 4886 7641 1719 7372 7128 7828 1364 2178 7673 2355 3451 5736 8789 2751 5549
966 2030 4728 6799 3109 3278 4781 3785 5333 5577 1249 6374 276 7267 2090 2830 5730 735 5300 2009 9119 5008 2529 6653 297 6267 4233 4038 5951 8658 8926 1737 2044 7232 6677 4393 1007 3311 8226 3987 3738 8163 5459 9275 9997 6986 9036 2173 7599 8906 7305 7908 8666 263 463 235 371 3017 7849 3786 1285 5891 7784 9698 2291 2083 7416 3319 5818 0 4086 1790 325 9654 1532 8210 3242 193 8974 1143 3742 7360 3409 5597 1136 4990 1781 4306 7435 8008 5544 8076 9668 2984 9774 3565 2263 1763 1094 4635
2009 7788 1410 500 8714 2134 8684 4494 223 8373 4113 3561 5498 7276 9344 7820 4821 1541 335 246 5544 8879 1360 9067 2068 8622 3222 1141 8519 1916 5998 6659 5379 1824 9714 6858 9067 4898 4252 5150 3399 1077 7930 9148 5251 4091 1319 1890 4932 1291 7868 8415 9808 1253 3329 1218 3227 8834 4400 8053 9090 3871 7481 7231 9148 3755 1208 8480 4670 4086 0 6201 1122 7756 7536 7243 3666 3449 8687 2952 1193 7476 7595 3757 6400 6843 4136 2865 5286 6607 1930 2942 409 7851 4358 4448 5859 2034 2285 1592
2665 3464 3040 1491 7758 9353 4847 5348 8187 668 7622 6954 6998 9987 1233 3275 2145 2164 358 2929 2922 2313 2614 5439 9174 111 6912 978 5634 777 6757 2097 3277 6338 2573 2319 3788 976 4605 378 2001 6428 5790 3431 6580 6811 5933 7165 9216 3016 7786 8333 1863 8188 6486 3819 6649 3388 5766 2107 7615 8791 7807 5002 9945 8743 1918 4669 4961 1790 6201 0 3608 7953 5264 4190 6299 3549 7167 3031 8427 9446 4583 8547 5704 90 5381 1872 5555 4482 9791 2367 481 382 4815 7937 1350 4293 9395 663
5747 5294 9626 8276 8716 9242 7444 2527 1565 5186 7535 8424 7938 4989 6088 6820 5326 8029 8170 2472 6697 1086 7839 6419 6138 4754 6734 5207 9197 2154 8955 7251 4174 4906 8376 3549 6141 4035 2786 1204 6807 3762 9815 2220 4406 8082 7211 7750 9813 4585 3640 6932 6717 1578 4205 8850 2974 3246 6728 6480 1389 5184 6055 8746 5217 7853 1987 9881 3937 325 1122 3608 0 106 6170 9161 2244 2980 7569 417 3775 7427 9928 3311 6104 3201 6909 2239 2548 1026 1143 1016 3771 4686 8407 1037 8920 7702 3561 3086
4930 9194 1481 2575 8410 7149 9378 6559 2332 6975 9914 6289 2066 1554 1230 598 8792 9384 481 4383 5350 9561 2666 2193 1796 3067 3145 5046 7667 2624 6249 2844 8461 3462 7523 2783 8944 5618 9753 1022 2398 3167 3298 4327 5368 7899 6112 2738 4168 5867 8650 808 2376 4487 9673 8559 3015 7426 6579 2620 8441 5855 3241 5167 3059 4754 5140 3867 6504 9654 7756 7953 106 0 9069 1602 304 8907 602 3559 7506 204 1665 3019 1435 1778 75 9113 5298 6617 5124 1607 7187 7627 4495 8172 1267 2994 4838 2383
8126 3049 5304 6517 8555 5800 5768 3677 9452 8101 1237 3048 2409 4263 5098 4491 8475 518 9393 5851 7386 9778 2693 2955 6444 1382 7577 6846 3670 3973 3849 7794 157 1941 8850 8998 1226 8525 6319 6313 525 9408 5519 6082 8657 3189 8559 3370 4856 1212 6501 7226 7067 9181 5081 276 6805 2228 570 6255 816 7488 9046 1672 3902 3342 419 4619 1647 1532 7536 5264 6170 9069 0 8735 275 6797 140 2065 9212 3526 8245 5993 6897 5011 4528 2651 4485 7680 2721 9721 1471 9201 8644 3021 6907 5452 178 6300
3089 5552 8449 5445 5173 8590 2071 8741 9356 9803 8410 9553 4633 5659 7193 8519 9025 8001 4406 6802 2474 4236 4021 4820 3825 1214 7426 6469 5009 3648 8606 2555 4444 9211 3500 5847 6068 5818 4138 9791 4051 9007 2821 293 4620 6784 9272 7168 8699 1509 7566 1924 9147 4615 6759 1847 86 8331 6451 607 314 8739 9844 1908 3427 8110 1997 699 2869 8210 7243 4190 9161 1602 8735 0 5950 4754 3767 6824 7503 7995 3339 7231 411 1319 901 3756 2592 6878 4104 2098 3124 9715 8496 7946 4645 513 1160 969
1707 3138 74 1330 8140 1784 2194 3718 4763 6604 2210 9035 2410 5040 338 4151 6562 6634 6962 656 5627 5983 4138 4326 1004 1284 8084 8639 4935 4167 3562 8294 1036 2177 1814 2511 3445 3354 6730 9653 9155 4025 5827 6486 2480 6910 9176 7270 4948 1147 1864 7773 7939 602 5463 7915 3534 8481 723 5827 1825 533 1596 8644 5586 7363 7022 2138 2054 3242 3666 6299 2244 304 275 5950 0 7911 2950 2100 9796 9784 6612 5799 548 8743 5373 7249 5756 4060 8327 8692 1577 4127 8164 3951 3298 5823 7770 2737
6488 3615 2390 6681 3225 2990 5688 7073 7469 5641 4241 2209 3595 8215 7655 8152 7052 4889 5140 4369 974 8397 1272 2438 3063 4455 6605 992 6089 3161 7501 1210 5794 3170 5300 7638 2272 5398 8991 7044 4553 4189 4205 4035 6033 2290 2666 8492 4088 7281 6881 6652 8561 7651 3538 2608 4322 6209 998 1394 9760 5464 1641 9860 4777 2337 5567 9302 4442 193 3449 3549 2980 8907 6797 4754 7911 0 9815 2936 8251 5087 2014 7232 4428 7633 4259 2891 6441 7289 7330 9167 595 4061 7808 2782 5511 2359 6974 1535
1216 9892 2030 6183 9481 73 2649 8051 3687 5706 737 6191 5334 3980 6020 7867 3795 5638 1066 6289 2508 5925 266 9886 279 5212 2713 9598 9833 6469 9660 30 9374 1426 4257 9242 2774 1150 7428 2203 5815 6576 7442 9254 8472 8242 5812 4176 5776 997 5351 5978 2822 8061 1721 7385 9522 6303 2888 1780 3639 5049 3759 5944 3891 8936 9460 2995 5889 8974 8687 7167 7569 602 140 3767 2950 9815 0 2176 7981 2740 3332 6456 456 6121 4419 4142 2795 4673 7228 2428 8410 8743 1234 8959 4870 7595 4324 874
3505 8596 477 6819 1087 6218 1531 2611 4537 8248 7307 3238 8606 4750 9448 3406 9539 3640 6130 6089 2102 1260 3215 8632 9488 3382 1261 3230 8014 3444 1563 8760 5669 3965 2146 1580 1309 2387 8775 9488 8557 2540 413 1343 5637 1579 3101 6171 1852 5588 6261 3105 352 2148 9592 7741 8688 550 1719 3211 8988 4334 4057 1149 5676 1854 2917 2116 3000 1143 2952 3031 417 3559 2065 6824 2100 2936 2176 0 211 2158 5726 5850 4141 2398 2021 3652 3561 8456 7728 9090 3510 4063 7582 5311 3297 2809 7938 7389
6427 1427 1716 6234 5923 8602 9598 9790 6043 3877 1321 5094 8064 3376 6921 8577 8468 6439 1508 9578 4673 5404 3372 3449 6055 8572 6396 6230 9034 2969 2267 6596 9841 3392 6234 5594 584 210 1175 859 1527 5624 264 783 6646 629 6578 1594 5927 8024 3422 7340 4847 8751 3467 8018 564 4995 3836 8251 926 6197 4483 2765 9674 4347 6842 3552 2165 3742 1193 8427 3775 7506 9212 7503 9796 8251 7981 211 0 1860 9550 6593 2679 7036 8141 2697 1781 6438 8159 6815 6282 9429 1337 9692 9348 4749 5043 8230
5692 4876 1474 9072 3568 3258 4081 9000 3864 684 9503 5993 9239 7362 5811 5667 9752 2524 4306 4935 9259 9243 5879 3770 107 8601 1602 4099 5725 5203 5477 5613 5485 1144 1672 3213 2906 2292 9256 9281 443 2814 5972 7897 8537 8862 4730 2830 3023 4897 4672 1124 4046 1457 6733 9458 9498 4970 656 6338 9861 6247 2446 2172 3278 3286 5936 8046 2583 7360 7476 9446 7427 204 3526 7995 9784 5087 2740 2158 1860 0 4488 3516 7021 4583 486 3207 3484 7754 7551 4068 9344 4601 342 9190 3318 274 1550 9193
