200
0 4621 4372 559 5693 1823 4534 3282 1772 9349 8352 8021 885 6385 9605 0 6237 3995 1282 5006 7909 9994 735 836 1626 3123 8199 7912 1109 8866 14 708 5869 3622 3842 6431 5287 394 4105 3314 828 4787 3629 7582 612 7817 6526 6387 7871 5230 9963 401 9770 8087 8982 9031 4030 2386 8306 5437 2447 8034 2582 3752 1373 1596 4446 1921 3822 609 4933 7302 7822 6065 9335 9734 3712 7040 4007 1160 7166 2937 3533 6964 1054 6253 8827 6365 330 2106 1857 7610 7234 45 3761 4366 1284 3358 8216 5255 609 557 8343 5595 625 5615 6572 1365 7079 9403 4703 1959 6225 1590 4465 2158 1967 9373 306 8061 3748 368 7099 8385 5913 5821 314 3925 1083 2181 6620 4374 237 1057 9245 2898 9456 2830 5355 4685 6162 2402 7600 2981 658 1322 8018 6375 8624 5833 5443 320 2478 9809 94 3976 66 5588 2083 9425 5327 3303 8323 7336 9058 1860 5136 5105 8724 2952 8539 1930 3888 7226 4392 3303 713 668 4793 1205 9084 8128 3018 4766 7871 477 2873 2792 746 1193 4066 7985 3336 7264 2738 9687 7386 7680 7604 5278
4621 0 7540 7907 6619 1352 1495 6398 9020 5678 1361 5421 4893 2996 7150 6777 9255 4382 5191 3296 8523 5526 9687 8016 8157 6611 8682 3852 7240 2923 4167 9399 4999 7864 3773 7896 3000 1331 6146 9853 3720 4478 9480 8692 5451 7101 2032 6594 1422 6886 4734 2172 700 9734 3393 6425 6990 7286 9412 3383 2843 5169 2687 2945 2001 5318 1055 4284 2289 9404 2992 7677 4796 1415 8531 3006 4536 5913 3355 4961 807 9787 1283 7718 797 9665 8826 1357 3321 7986 6601 2171 1053 7137 7592 2232 1452 1665 6307 80 8047 7764 2174 9588 8407 6620 946 1768 2897 6623 3263 7778 3908 5201 1692 3986 1241 7811 2218 8608 2281 1431 2232 3291 8072 6877 6763 9818 5798 3159 7120 9034 8424 6308 45 1272 8538 9343 1757 7841 8517 3155 7143 3884 7698 1728 8370 3916 1796 5843 453 555 3599 8525 5056 8776 4606 6324 1902 2872 6573 7346 4450 5097 3451 4593 4740 5138 7305 896 6901 849 2163 5388 9392 2156 6638 7772 7244 7275 6081 2321 1833 2680 4684 8976 2109 7414 9216 9845 6103 3658 4500 5821 7258 3917 9071 2389 4144 385
4372 7540 0 8112 553 1742 3205 9199 8786 4822 9125 758 8712 4938 4701 1831 2622 5846 9849 1134 9076 6269 8145 8336 7016 3725 6713 1607 5745 7950 5702 7478 6347 4437 1018 6207 5749 9536 5649 3863 6397 9365 1513 9963 9209 8776 8583 7853 2034 3775 6212 7194 1783 8327 1742 5806 2083 880 5264 9941 812 1655 5917 3816 1790 107 6665 666 6899 4313 993 2967 2437 171 5436 7848 2808 9508 3807 3173 8620 9754 362 569 7928 2833 9635 224 6597 9912 6668 9497 5208 8247 8175 1453 4607 9879 1812 5212 4071 4192 8228 4464 8503 9379 2001 7988 7588 9658 4144 1093 7935 7815 5 2620 9038 141 7829 888 1527 2998 5392 5158 3119 7707 7837 7540 927 9407 1191 1748 5661 9593 9158 7795 8229 1038 9063 2257 9582 825 671 8290 6677 1156 7931 9052 599 4717 8545 5923 6086 1528 2048 4865 5161 1851 3681 4171 3155 8576 7983 937 1771 4383 2217 9841 8380 6321 4654 8236 4171 4166 5071 8472 3872 4021 7817 8562 1544 571 5543 7171 3842 4393 7389 3802 176 4054 6697 8717 7387 3936 3585 32 6922 3297 961 3536
559 7907 8112 0 4479 4690 7921 9823 7467 4070 2928 5780 5455 3415 8593 8551 5596 4165 1988 6278 138 4118 5410 5919 7598 9369 505 8904 2666 3278 1269 9257 4665 2422 8825 4676 5262 2664 3123 1268 5754 2074 9498 3816 9993 4287 1757 9938 5219 7259 6742 4896 3868 190 173 7036 1650 2874 8882 6498 4467 5049 7485 8420 7062 3516 429 4541 7599 579 4444 5150 308 340 2019 4100 7694 5960 9263 6005 361 7511 3832 8690 5150 2780 9949 3487 865 3236 7281 9747 101 8363 5370 19 8033 4257 3395 3894 3394 8322 4453 1602 5822 948 2855 3778 2241 5350 7999 2944 9653 9400 9490 4699 9348 846 3419 31 5082 3644 1572 5927 6348 3468 2644 4788 7940 8177 8391 8306 8773 5676 6869 2025 4604 7341 1418 7989 9686 5514 8196 219 8949 75 9821 7444 7776 138 4283 7385 6826 3085 6331 1176 4070 2371 7746 1485 9198 455 99 7663 7651 7797 2386 9961 92 6991 5123 2948 1428 1251 8396 2237 6031 8486 3789 7252 6150 592 672 8622 9647 1810 4659 1793 9204 9549 7096 6843 5275 524 1576 9849 1252 8976 104 3909
5693 6619 553 4479 0 5845 5284 5159 2233 9726 2063 7128 6251 4119 3961 7728 7202 6192 6821 5376 9407 5918 8810 6615 4747 2234 693 8150 4952 1026 9089 2498 8976 2438 1012 5535 1454 8219 8307 2345 7528 6915 4041 2482 8717 3129 4783 6584 1840 6056 3956 7357 2839 7294 5181 1300 1095 6421 7100 5614 8605 1683 5489 2480 9637 6717 9659 7521 9679 2646 6826 6222 1971 8905 303 2065 472 8228 2304 4880 6686 8527 3925 5207 2877 3424 1264 7538 2839 8950 1069 5274 5262 3913 1576 3882 4537 8729 9893 1401 4776 9020 8519 2994 5046 5023 6973 143 4272 3124 7604 2647 1048 9503 2683 3021 5235 6144 4390 3516 7857 6096 3997 3586 8632 4560 5087 6432 5275 482 8994 5419 5375 5522 4564 4640 150 898 6860 4211 6134 5891 1564 1303 7733 823 9067 5897 4822 5291 8153 3355 5901 8037 1314 2439 981 4450 1665 8404 4173 2684 6917 9320 5025 5504 5776 7724 3188 7447 6227 4293 6651 1280 1820 9758 7580 7513 5965 5768 9941 478 1674 1414 7243 7821 3452 1543 9816 5944 4960 7347 909 1591 5317 6747 395 3459 1567 7981
1823 1352 1742 4690 5845 0 1619 7132 1440 5817 7907 591 5343 8377 832 8853 2258 4301 3376 132 5922 8795 603 5424 7022 2942 1410 6311 6503 5456 5970 5545 7746 1811 7899 196 8704 5131 101 2045 303 1868 7872 5678 8110 1833 7659 2154 4284 9303 475 2777 2503 8822 978 6088 5099 1578 3077 6775 4436 2501 3913 8864 4 1653 706 8388 850 3368 3157 1759 5724 8741 9809 1755 2468 9524 8341 910 8347 6337 9157 2552 5268 4116 1097 4852 4378 909 1983 2791 7118 2733 8955 1016 228 1270 9839 843 3685 4467 9215 5730 634 3209 5889 4771 1087 2889 3465 8161 6667 7742 1955 1207 1978 9678 5798 1381 7880 2813 9242 2404 8409 2635 514 964 52 2792 2094 2930 1184 9710 5614 7260 406 1655 5263 9255 5692 9070 8533 1780 173 3020 5610 358 9060 2357 7238 2104 2865 8485 2701 5064 275 193 8381 9199 7121 4284 922 4364 2500 1403 1470 1736 6513 2854 9955 8452 1128 3714 9101 4978 3396 9574 2667 9479 9007 1739 1097 9928 9784 7579 2285 3782 7016 1510 2467 4655 4003 1435 6616 9038 5610 3128 1042 7607
4534 1495 3205 7921 5284 1619 0 9145 3370 4523 4384 1544 420 9692 4603 5823 822 2498 9966 6690 1123 3770 6756 4773 2273 8401 1780 3635 150 8398 6906 2301 5191 8653 3439 3809 630 9276 2337 8832 4313 7136 1309 9344 673 6737 9400 5724 2072 7406 5034 5104 2864 1001 9196 6135 6993 3125 1550 6709 9991 4761 4284 3860 3652 3134 8776 974 4177 4249 1211 8812 8716 1116 4214 3644 6446 7754 3040 2025 8198 6413 9811 6696 3181 4206 5715 7913 818 9299 1590 4061 7948 6983 102 3411 400 9242 8480 200 9986 8096 896 9073 4132 6332 6395 4218 8132 2175 8225 3300 5712 5472 8326 1189 6286 8861 3791 4473 4697 6788 1434 4480 3481 2848 1869 7386 6706 2386 2157 5457 5101 412 1788 1522 79 4753 9163 9782 3851 1603 515 3607 562 3349 7342 6474 8351 6221 1335 1443 170 2202 1556 6662 8731 2130 7645 3945 8095 8223 5124 8262 7553 9013 6559 8096 2097 8329 2456 3857 4862 3153 2449 9975 1179 1183 2725 2876 6552 6776 6036 8149 8638 1501 4343 517 8352 7333 574 2962 901 654 9285 5732 3839 8371 8712 8181
3282 6398 9199 9823 5159 7132 9145 0 4652 1239 9069 1695 178 7399 7651 7639 4802 1124 2671 3012 364 6426 3706 9080 9960 8387 1637 7676 9798 3570 9973 375 8341 2464 6577 8746 1906 4830 8858 4463 7161 9572 4932 3451 5950 6767 3233 6411 9147 2276 7730 6576 5191 1509 7213 3294 1512 1530 1281 6583 1053 4851 5968 9597 6117 9694 8478 6920 5728 1276 656 5937 3696 5723 7887 1267 7248 8255 174 2581 5802 6656 5210 4989 5713 7288 1861 5396 9843 1586 5919 3085 9880 8310 8058 7239 2441 699 4133 673 6573 2662 4117 7607 5746 1155 5093 66 8426 2012 9738 6528 3864 2198 3380 2095 2770 2118 7865 9118 5937 9657 4725 9883 5010 9135 9022 7023 991 2843 9693 5787 5039 5206 4635 5685 6409 6443 7459 422 2825 7185 6395 779 6341 4617 8379 1803 9011 8389 3439 7092 1961 3924 6829 8639 1409 4867 5865 488 4235 9202 4462 885 7267 7291 1570 5810 803 3227 9654 9872 1877 2727 5841 403 9520 1815 7302 2292 6571 6755 3190 7108 8474 3261 5798 8211 6202 4058 5888 7599 6914 7808 859 3106 5280 4956 2431 8314
1772 9020 8786 7467 2233 1440 3370 4652 0 5535 4765 6208 5720 8965 9235 1929 8310 1030 5618 0 9181 2925 3206 1358 9951 7531 1694 6896 2758 8198 7342 8651 9041 6710 2668 2882 2225 2643 3393 5254 3839 2744 4769 3629 3474 8667 5601 6246 3506 897 716 9126 3540 4278 8122 2849 8904 5408 8035 536 8481 8718 6708 4952 4709 1963 6890 3880 6807 9178 3209 3035 7245 5042 1721 3548 6785 4342 2380 936 8207 5905 9607 8748 8978 1918 5476 6552 1545 5132 1097 9465 7858 1555 8341 34 9959 8291 6581 5599 2305 1763 515 7505 98 1972 838 7704 9192 7368 4976 8387 1899 426 831 3572 8204 1881 7843 8749 3063 886 1222 7631 8138 3683 8980 8438 6146 8265 6702 3260 259 9403 5842 3118 5746 5926 2269 2141 5895 410 3438 8602 2217 1515 1749 2680 4331 1415 7483 1793 6503 1292 1798 474 807 9289 6590 1692 3145 1176 638 9618 1967 3207 2586 4938 1495 6379 427 870 2752 5754 5455 6739 7179 1900 2148 8416 2613 1175 4285 71 2534 4605 5594 2899 9203 4971 3046 5879 1882 3990 2149 3047 1118 4292 5397 825
9349 5678 4822 4070 9726 5817 4523 1239 5535 0 2973 2473 2264 3917 455 7206 4256 5864 4465 39 9888 6660 8451 2716 3921 1614 4521 3974 9600 8856 4183 1975 4503 8926 2241 7086 5770 2257 1595 3219 9146 7368 903 7506 4300 2318 3391 2719 9607 4565 7243 5212 3617 2695 1823 5532 1059 3409 4110 170 3253 6193 1095 2576 246 7950 6952 7304 4823 1982 6826 662 4884 8382 9059 3417 1508 1525 8985 706 5659 6786 4282 7014 8164 6995 9198 5474 4054 5769 7124 8119 9498 5850 1213 9958 6807 1225 3561 8664 4133 8489 2218 7295 5990 3540 7351 4029 8768 3863 7275 7602 9077 1065 9113 2684 1402 200 2242 504 4357 8182 7562 5425 4220 8732 8738 1271 2325 8935 629 1340 6063 4026 8819 8010 1085 3816 5110 988 600 605 7154 3120 349 8409 659 1637 7819 228 2754 7913 2854 4435 4093 7992 2131 7657 9317 8013 1320 6170 3410 2494 4128 8245 2574 7795 1339 5205 4079 678 7368 19 8536 5157 1611 1317 2886 878 8310 2272 6458 6033 8549 2469 5576 4712 7855 7347 9988 9434 8105 7377 8343 1671 1193 5981 4255 2039
8352 1361 9125 2928 2063 7907 4384 9069 4765 2973 0 3883 8290 5212 4388 3277 9633 3392 6641 3813 7886 4102 8572 6042 6302 752 7115 1130 1235 8140 6606 1942 9941 5433 6598 1075 9468 9485 6936 6816 9373 7562 6887 6443 711 7939 4265 5519 2777 6449 1398 9001 4814 8080 1709 2529 8600 6382 5532 1679 5844 3870 8281 7296 7025 4360 8705 5143 3435 1769 4787 9620 1036 9907 4655 1005 2706 9425 9977 1691 48 5074 8339 4871 3546 142 229 1605 4014 3902 7763 1887 6736 7666 880 2685 2152 8758 7173 160 3908 8799 897 7298 6683 2972 5062 8684 2208 4812 8797 3408 9140 8753 4860 9147 8456 3797 6390 5639 9437 1949 216 6676 5788 6215 2237 9773 1435 9575 615 1246 5380 3136 3263 9771 8762 6956 5217 921 8510 2839 4795 7168 5488 4983 493 4576 767 7399 4208 6085 5180 9695 8675 604 8923 2703 4727 5992 3343 951 8716 3828 2474 3731 5477 2593 6709 357 9996 8434 4755 2531 2240 3700 9219 979 3303 5014 8200 7958 2652 9018 8802 2220 3243 999 1141 7164 6475 2417 8988 8445 5602 8791 1299 4795 1032 1943
8021 5421 758 5780 7128 591 1544 1695 6208 2473 3883 0 1109 7553 1241 9224 667 4025 4780 5778 6005 9963 5054 4903 4150 2924 6733 6315 8466 9055 2884 5187 8362 5272 8993 3298 7104 6083 6171 1502 3455 5477 1155 2050 3377 5812 8665 5581 8347 5473 7797 9590 918 4571 4152 9927 9051 4474 201 3146 5543 5719 7101 8256 3795 335 7794 3458 1878 3040 1952 8281 6030 56 8631 7551 7291 7865 6248 5182 6845 1348 4007 8130 6143 2866 2 1454 1784 275 6490 2035 7238 2704 6636 5298 9730 6179 2995 2738 3374 4591 4639 7069 4032 7415 2026 8968 5722 5482 2744 5061 9173 9703 5271 6329 3962 1603 4485 2720 1649 1315 5450 8710 383 3205 1799 5121 4086 8025 3808 6144 5250 6193 2361 6038 628 7140 1093 9213 2574 2936 7113 6833 1842 9462 2764 1754 66 2973 7016 3532 9323 3734 927 4726 934 5823 9524 7615 236 7746 9769 9705 5659 6468 5365 1161 3314 8450 7837 1363 4590 8711 6576 2884 1934 465 4645 300 2271 9264 3236 9643 9273 5096 9580 2217 9643 3838 4263 8656 8057 5095 6633 4902 9956 3386 8774 3212
885 4893 8712 5455 6251 5343 420 178 5720 2264 8290 1109 0 2308 2018 4733 542 5618 1758 5075 3648 2390 7512 1297 9854 7660 387 743 6369 813 4479 4060 1411 4967 9156 6251 756 2449 6310 7184 6773 1612 595 5342 2192 1212 4226 1533 4711 3740 967 2527 3291 7385 6833 9566 7227 8358 1451 7897 3227 2530 7050 9741 5982 4237 2959 1380 1211 4969 3865 3433 711 9903 5150 2839 6401 3005 8947 3629 4404 8763 8367 66 826 8987 523 4043 9249 894 933 484 8794 5491 2014 1604 9417 11 4324 6424 7015 4146 2229 4103 1334 6244 7883 3298 2317 6568 3912 9226 2805 7946 8102 3509 4838 3594 3407 403 9662 9620 3327 9962 9901 7772 7320 9184 2163 8763 2205 1851 3740 7470 4760 2911 8249 8859 4386 8504 2926 5997 6813 2347 7583 4865 8093 8162 6470 855 1177 2153 9581 329 1021 7085 2186 8781 6687 6522 4140 5561 2405 3167 7254 4165 9402 4209 2588 4303 7071 8789 8970 9027 5786 3996 285 8722 5224 2267 6562 1372 3557 1311 316 8418 7723 2253 5588 9559 7885 7111 6555 8131 1459 514 3413 7573 1043 5893
6385 2996 4938 3415 4119 8377 9692 7399 8965 3917 5212 7553 2308 0 2323 9872 6796 2903 3066 9188 7325 4605 5166 6353 8457 8505 4083 8387 1294 596 9562 466 7187 149 7502 3118 3204 5530 8311 3324 5012 6755 322 8716 8073 7838 4942 3845 2002 140 44 1044 7118 44 3776 8814 1462 846 629 4190 3003 5935 5873 1433 2945 4903 9745 2785 2399 3364 7948 647 6222 3455 7482 3131 3365 9085 7608 7227 8436 8018 2682 2718 8284 6583 6593 4649 9942 3926 5824 3710 4276 7882 8932 8969 1121 9190 200 3937 7389 5263 9486 4561 9173 2093 1439 9547 7339 7923 1775 2082 1902 2397 3512 4074 9914 4294 7799 8844 3805 5846 6703 8903 2336 7464 4499 9129 3356 6611 5015 8481 7330 2634 9037 7189 2877 7840 8557 819 4636 9206 9155 6005 2564 6452 4229 106 1136 869 4694 8303 3191 4694 4814 6320 1261 9948 5715 5355 4668 4702 9025 2199 9716 3009 4341 852 8811 2387 5454 6295 4441 9250 2671 8 2396 8772 4379 8905 2187 9116 7534 795 5723 5386 178 1233 9397 1252 8 5877 7150 3460 4201 5672 6421 9215 5169 6477
9605 7150 4701 8593 3961 832 4603 7651 9235 455 4388 1241 2018 2323 0 5147 7198 9102 8926 6123 7262 5391 2916 9890 2042 782 1659 9646 6809 8418 8840 4660 3744 1529 5737 1535 5924 4572 5796 6942 6095 8430 7921 3006 9929 730 3766 898 7026 2801 6986 5743 7960 8511 3847 2097 4540 1503 2458 5272 9258 3262 8959 2355 3965 5099 760 5599 3690 8173 3944 3721 715 4772 9679 4054 7991 1672 8356 5355 9619 4443 5899 8721 6723 6609 5248 9766 6314 5816 4201 6919 8768 2398 3415 5437 8709 7541 638 9707 3792 5849 20 3526 9527 9533 8854 6857 7283 7958 7510 7169 1013 3038 1877 6798 2254 2133 7304 4625 4626 5694 6784 5264 3779 6482 7470 8792 5528 7039 6082 6405 5596 338 2183 3171 4439 1833 3710 8356 9179 9930 8553 4393 3374 9288 4967 9637 798 6372 4674 725 8336 5830 1099 9470 6004 5101 7538 622 4134 9756 6475 9588 2041 9631 3556 1212 431 4512 8836 7906 715 8240 9330 6866 2293 6556 561 9081 8715 83 4646 8084 2431 2141 3725 4439 9336 6390 3539 3748 3323 3853 9222 7174 1624 4063 1431 5039
0 6777 1831 8551 7728 8853 5823 7639 1929 7206 3277 9224 4733 9872 5147 0 9367 7180 6611 4902 3208 6840 913 6859 8379 7580 9078 5741 6178 6802 9372 3096 5920 457 8500 8841 2075 6432 9776 4301 5529 1608 2294 4732 8813 395 3778 6795 9937 6563 2256 6593 2715 7165 8574 9264 4116 1763 7299 7843 1242 8440 9977 3813 2222 8464 2079 6376 9652 8786 4930 7520 6197 5587 5240 9694 2742 8129 839 5399 5637 438 7146 4703 769 1927 4704 5741 8489 5355 8837 9092 4408 2402 1198 9759 8027 4022 2608 1505 3600 8546 1720 1109 4566 5924 6351 4812 7006 5524 3362 8123 2300 2284 6171 7202 5583 2724 7501 4825 9763 5329 7035 4027 6776 4205 52 7337 2143 8409 4072 1007 8138 6351 1706 1802 1629 1558 9858 4722 5693 4055 7195 4024 2149 6758 3565 5708 3547 1000 4841 9730 6512 598 106 8882 4701 9009 2181 9037 1455 5026 6494 7535 9056 4530 5278 2831 4802 5042 1388 3953 9607 9690 6184 9360 6678 4148 6678 5211 8059 9029 5653 1060 5044 3512 3666 2637 7451 5947 9131 973 512 8352 8680 7514 4306 2444 3334 275
6237 9255 2622 5596 7202 2258 822 4802 8310 4256 9633 667 542 6796 7198 9367 0 1674 6987 3401 714 8970 7332 8031 1973 4926 7278 1600 6354 856 1679 533 6450 9660 3476 2715 1752 2302 7304 3616 6754 1375 5001 6634 1470 3653 3549 3088 9466 2933 9825 6754 531 3491 4038 4418 707 4883 4477 2838 5488 1910 5047 8212 1656 7116 4337 8393 7962 8599 4145 7649 9336 2076 2027 3965 5380 1681 4050 8073 4719 7052 3408 2821 9530 6022 6830 7307 221 8934 9975 5285 3333 9666 336 9140 5712 2903 656 2651 1907 4047 9644 5518 6569 6877 5775 5376 1861 4340 9338 87 1926 4200 6264 7996 307 4617 2754 145 7143 1763 1824 3184 4591 4128 490 3327 1532 429 4482 4153 4203 9720 7274 9552 9018 7752 7792 8143 9490 7001 9524 3080 958 609 1137 2758 1658 8217 9195 6062 2613 7745 4976 1328 4840 5676 4721 4561 3242 9600 1949 9753 6419 2364 9668 2532 4463 528 9250 8657 7567 2171 1010 9066 8025 3274 4043 7774 1661 2930 2872 553 6412 3517 3683 4780 1233 3795 277 228 984 4832 2805 717 1376 3959 9820 2813
3995 4382 5846 4165 6192 4301 2498 1124 1030 5864 3392 4025 5618 2903 9102 7180 1674 0 8396 3610 5748 826 7326 8471 5212 8522 8207 290 7861 5240 5852 9487 9839 5098 5593 3237 3215 4603 866 564 9770 3497 841 2686 8843 1379 4752 4039 5558 7945 1037 1463 5218 6624 2447 8637 5057 3348 1532 7613 8393 1914 8925 7996 7859 2217 7209 5566 9652 1878 2328 525 6378 1139 7466 8342 1354 5826 8178 4632 5653 3104 6020 2423 2567 823 559 6682 898 2375 9242 4449 6519 1777 5384 8365 55 8857 7156 5401 466 4354 6727 1472 8810 6906 2442 759 3150 1945 144 9174 124 9210 2966 6006 3400 9679 3509 9365 1587 7405 3752 148 6526 3881 3904 6423 2239 4830 9568 4233 8913 8100 3508 3434 1089 3708 7201 3713 2199 1916 1069 2269 6001 7426 3404 2103 9787 5293 4784 6654 3169 8745 5715 4625 977 9975 4567 5363 7601 8127 2168 6440 9711 8377 5833 7479 7341 8663 6699 9708 1036 4008 9120 9255 5843 2995 9036 921 5567 3992 1097 4491 8761 8643 8625 874 678 5850 3647 6439 5390 5405 1786 2875 6924 1521 7883 7747
1282 5191 9849 1988 6821 3376 9966 2671 5618 4465 6641 4780 1758 3066 8926 6611 6987 8396 0 6795 7561 5812 6469 4938 2878 7009 9937 4321 8882 5721 9523 7023 1539 638 9339 1478 9227 3696 9687 3026 1783 6119 9495 5954 7581 661 6778 6037 9120 8737 8080 1752 1061 3844 9491 1577 4073 4501 7558 9593 769 6380 7434 9400 7670 6493 4976 2950 1599 7537 6459 4226 4753 9585 4142 1012 6956 3538 6354 9017 1536 711 6150 1877 8612 1250 813 7397 4420 8877 6256 3812 7323 5994 615 9655 6267 6486 3178 712 8951 7820 7677 584 8474 4033 5094 5445 5335 1081 4329 4396 8626 4116 7647 8452 5636 786 5454 875 7505 701 5379 8900 9062 6732 3357 9953 6170 2838 9939 863 5013 8253 3968 7536 4557 3732 6268 6648 1415 4020 9854 6680 9746 7885 8057 1241 132 818 785 1833 7124 5745 3273 671 7799 1727 3632 7663 348 2170 3810 644 6915 2945 3594 3282 4114 1065 8513 3838 5487 5636 6906 7765 407 7486 2197 1278 2220 3816 9835 1807 2616 537 3762 5472 3760 1207 9041 398 6139 5699 6955 629 6092 1570 7686 1657
5006 3296 1134 6278 5376 132 6690 3012 0 39 3813 5778 5075 9188 6123 4902 3401 3610 6795 0 3192 7386 2550 2372 3370 9660 9039 4114 3205 6443 3244 2722 7878 6102 7578 1294 7135 6598 9891 6251 6485 1520 5616 8711 1227 2418 8352 3151 7162 2401 4322 1913 3070 1431 196 9630 2431 8789 1043 9217 1512 2954 5934 434 8984 1386 4057 638 627 3227 9361 1745 5950 442 395 2915 7543 7807 557 3062 5035 7671 9233 1411 3153 8383 4841 9456 2030 3542 5252 8088 2351 9191 974 4629 207 9109 4870 4167 9845 3177 3747 946 719 9386 9707 4681 758 508 280 6504 8221 5370 1698 6796 8751 1615 7646 9656 5007 5409 3629 6897 4676 3036 9323 4651 1135 4666 5526 5225 7500 6055 4642 2527 2658 145 668 3545 8089 8422 5014 3498 5714 6457 6256 9522 9844 7140 1868 7778 2364 7123 2066 7387 3453 3707 4538 4731 86 6433 5955 4110 3408 8380 491 4561 9518 8870 9461 3434 7049 3541 827 2943 2308 2410 6956 352 3572 1864 7225 5438 3070 7011 4825 1427 2353 7778 1367 9172 7369 5089 5615 4976 3094 4775 8608 8572
7909 8523 9076 138 9407 5922 1123 364 9181 9888 7886 6005 3648 7325 7262 3208 714 5748 7561 3192 0 504 4127 5897 8099 1953 6069 334 9066 3620 9445 9393 721 4756 9491 8375 9026 8295 9288 5957 730 150 6134 5390 3731 2042 8208 5634 6401 1257 6007 9322 2261 7369 3575 1446 1118 9665 3947 5462 4582 8180 2152 8248 8465 2683 9472 6702 3535 4574 5430 8447 6817 98 1643 1190 3749 1896 2235 1881 2641 6976 3115 5107 4028 5892 4065 1098 5013 6836 1715 5157 5219 1324 7969 4838 7539 140 7980 5486 6804 4015 9005 5630 6019 4987 6423 1906 6767 2356 6187 5218 4619 9167 8928 4263 7954 3173 4816 7027 5320 2027 9087 1113 8797 376 7299 820 8242 596 3834 1937 4808 4408 7678 5961 1532 87 3028 3522 3885 4993 2544 1164 4109 9471 5512 5998 8242 1028 1628 8273 4534 542 2666 9286 2061 7837 5075 1118 1319 4353 813 7798 9935 9850 2526 4113 8992 6209 9402 5417 2503 4393 5177 4767 9302 4601 902 555 512 877 4592 4012 5410 5757 3328 828 9583 5118 9952 3376 9136 5238 366 6679 4592 6867 4724 7815
9994 5526 6269 4118 5918 8795 3770 6426 2925 6660 4102 9963 2390 4605 5391 6840 8970 826 5812 7386 504 0 5456 3072 9221 3819 1372 8646 4055 371 6712 6891 4016 9459 1272 3008 311 9512 1835 5440 4109 7123 7874 157 4652 298 3182 6923 1522 4221 5230 5848 7602 8186 5047 1887 1141 8857 4956 5158 4669 4790 8670 1632 5116 9009 9414 1665 8638 3538 4834 9267 4143 2115 2468 592 9768 2115 3144 5469 8589 1188 9161 6722 6179 6123 3184 1552 1181 8859 8354 5182 3934 4806 6023 4128 6641 4292 2133 7743 8239 8694 4430 8871 1723 9907 3125 9698 4845 9763 5446 2691 1289 9738 4825 7160 1283 6600 8850 7972 6429 2805 6245 9912 8524 7913 1188 5760 7868 4957 1039 2892 9720 2654 6378 4588 4703 832 8275 6150 2773 3554 591 4827 5136 5992 4076 1696 7387 5826 7374 7886 4241 5648 4004 700 5691 6128 1514 1915 1835 2205 1380 533 9093 121 6481 7877 8113 9813 9491 1462 9725 285 9328 8016 7676 4611 7143 3635 1967 1309 9466 5526 4251 4564 3609 7048 2658 4911 7012 1513 1267 5671 4256 8989 2228 6312 338 3169
735 9687 8145 5410 8810 603 6756 3706 3206 8451 8572 5054 7512 5166 2916 913 7332 7326 6469 2550 4127 5456 0 2131 9708 7260 1932 831 9514 3231 5888 7824 6335 1349 8018 3809 7401 8628 5211 9983 9992 6817 6801 5842 8989 3022 1804 4079 928 8403 8023 981 101 468 5794 691 2237 1666 9178 1904 5728 2795 622 6653 4179 7186 3607 7375 8905 7795 9764 9639 810 7851 1764 6485 2079 2248 7126 8006 8658 9708 9747 1290 1496 1647 5335 2430 1756 1465 1055 8385 7152 6532 1479 87 8949 3393 5659 2511 2682 448 7828 9869 4754 8554 8349 3886 9922 9935 1161 1828 8723 6727 4475 4213 9777 6282 1327 7525 7649 8833 5313 6495 6394 6924 8682 9312 7954 1020 5814 6655 1335 1071 978 5720 5716 3326 2546 7181 7993 7160 5068 8518 7924 9589 6253 1047 6191 2346 5635 3949 3143 4664 4157 6791 7880 6602 5474 2551 6512 993 9987 2234 735 3110 919 5725 3901 820 1723 2962 8518 2448 5443 8644 8440 4929 9426 3602 9874 7537 3252 8223 7720 9262 7383 5225 3819 5669 6637 1316 8036 3313 8415 3500 4347 3928 7185 8043
836 8016 8336 5919 6615 5424 4773 9080 1358 2716 6042 4903 1297 6353 9890 6859 8031 8471 4938 2372 5897 3072 2131 0 3345 943 84 6232 3494 9450 6629 6256 9852 1216 9299 2782 9783 3941 2047 3986 9034 1922 9127 8023 995 6351 6597 6250 3631 8676 9824 1431 1632 8301 9375 6779 4941 9772 6670 2271 5116 43 1559 8651 3125 6085 4081 7256 262 4577 193 2880 5723 2515 5341 3193 1193 9735 2943 3678 5161 5954 2334 3686 5108 1106 176 1293 5835 5769 418 1955 9411 2136 1043 2447 7914 9083 1899 9230 8240 6636 997 7716 280 3366 9796 5484 283 9605 3233 2878 814 3268 9730 2691 2922 5741 7687 7857 5983 5753 5295 6050 6631 2382 1473 7740 2499 292 5432 8979 1162 2699 1235 6037 4835 5424 8320 2711 2465 9828 688 8367 3961 1102 4190 3047 4536 2541 9247 2097 7978 440 1159 4387 7029 27 9279 4614 2797 102 1277 3795 3715 688 1908 4242 2318 2513 9655 7826 584 1392 3859 5279 1524 8760 5625 7352 9597 6834 6005 5664 4923 9974 5326 5213 6774 6008 8903 8131 7092 8315 5267 3310 8886 1505 8279 5801
1626 8157 7016 7598 4747 7022 2273 9960 9951 3921 6302 4150 9854 8457 2042 8379 1973 5212 2878 3370 8099 9221 9708 3345 0 8825 3287 607 4117 5129 3171 3047 7616 7403 1136 9507 8412 7220 555 180 2177 3367 2342 8318 3646 7074 323 1288 6213 7293 764 627 4226 1527 7032 7634 9283 8070 1546 982 17 3243 7846 4574 8176 7359 6635 9137 2527 4204 5723 5937 3972 1931 7815 3681 7758 6529 376 8435 2193 286 990 774 1059 1581 4521 3031 5090 3952 1416 242 9089 9471 8627 3329 2699 6353 4895 4267 7884 6006 4774 8556 5431 5007 9389 2892 7227 1325 2389 9573 3170 377 6118 3230 3311 8418 585 3498 9834 2842 4719 6962 9410 9297 7514 1374 763 6737 3021 7208 3398 9324 1150 3355 8172 4788 2020 8333 3916 8280 5010 192 9652 5025 8231 662 9844 9200 5003 675 8537 5384 9148 1349 4749 1405 4313 6611 2214 3122 2054 9936 1885 3188 1331 6979 1989 176 3215 370 880 431 6265 4461 3748 200 1343 5497 9269 1713 4020 8918 4497 9429 1807 2618 1457 1707 6929 9186 7199 6691 3325 870 7261 5150 3674 8872
3123 6611 3725 9369 2234 2942 8401 8387 7531 1614 752 2924 7660 8505 782 7580 4926 8522 7009 9660 1953 3819 7260 943 8825 0 9788 9713 3089 9210 2790 3864 6774 4161 972 6853 5676 8912 6011 8747 6506 5311 6273 6167 3904 2593 8257 86 8858 8590 7836 9473 3641 267 8301 976 3031 78 8845 7474 2573 5589 6342 4131 7341 6048 8277 5075 4541 3735 9112 57 4326 5404 407 1606 6422 6030 688 9653 5356 3219 2890 6891 7056 1561 8061 1460 6932 5944 536 5868 9784 263 2926 2725 6280 7721 2120 1167 7718 3736 5429 5232 6861 4335 3333 8515 2415 2289 2515 7328 9673 3508 1527 1786 5624 990 1785 1344 3360 4802 8197 8699 3549 5685 2495 4916 8172 6811 1902 9710 468 1976 2701 6834 5668 1835 2270 1517 3359 3359 7722 6178 1655 400 560 8779 4951 9044 8323 6244 5067 5111 4029 1396 3764 2638 2710 3751 5039 7115 6919 8359 1653 8060 7017 6759 3448 3130 5 1313 5324 8850 5549 9834 2383 7118 8303 5921 9848 3860 2730 660 5203 933 4950 6322 4014 1083 3148 2877 1241 9046 3247 2189 7039 8088 9988 9044
8199 8682 6713 505 693 1410 1780 1637 1694 4521 7115 6733 387 4083 1659 9078 7278 8207 9937 9039 6069 1372 1932 84 3287 9788 0 9408 1518 432 1827 2222 7863 5112 9914 7142 1036 1179 8618 7082 9560 4038 2078 3809 5745 2897 359 4609 3059 2877 2248 9355 9107 8610 1811 7990 1971 202 9818 6247 1257 3361 8840 5406 249 3222 8119 321 3663 6788 616 4151 5308 4558 1861 5677 6590 5449 3254 9275 1975 8162 9463 7996 58 8772 2868 4684 7297 2031 8052 1128 6820 3642 3128 9901 7017 3613 2575 1344 8347 54 7838 1278 5776 491 7127 4552 6660 3780 8171 9090 619 5133 3366 6291 5326 5352 5075 2511 5839 8729 5932 8313 9952 7824 8034 9059 4632 5101 4258 9407 4572 5463 1443 4019 6608 9268 5578 1497 5694 8368 3735 3042 5219 5933 1575 485 8822 6992 3663 6843 3093 2693 880 9322 7394 7575 935 1637 7548 4009 5208 7392 9494 2309 367 8957 2464 1195 320 1136 5637 2794 590 4737 6922 6267 1512 4627 4567 9565 3879 308 7111 9874 7394 9701 8224 2844 3208 4191 2092 5089 8630 2836 2477 2279 5886 6314
7912 3852 1607 8904 8150 6311 3635 7676 6896 3974 1130 6315 743 8387 9646 5741 1600 290 4321 4114 334 8646 831 6232 607 9713 9408 0 5847 8536 7716 7135 1119 1469 9909 404 9540 6470 4060 5832 7356 4092 4893 9204 1321 2576 9769 4578 6503 979 1963 8653 8858 3220 4622 8238 4592 6028 6694 7537 3946 5183 9973 4446 2966 2311 5268 1143 4272 9719 5734 5664 3861 6846 6972 1089 839 9809 3176 1985 3822 549 2693 8910 6665 2949 9558 2660 6152 6476 5414 6096 430 3033 9406 8792 8767 7779 861 2359 5381 585 5407 5224 1767 9470 6797 8328 6868 9654 5407 9587 6054 394 2098 817 9454 6928 3290 9119 6319 4433 4746 1313 7484 4887 8617 2583 571 9842 942 1944 6980 8414 9766 2156 9308 9366 7475 5535 4719 5083 787 6618 6770 3324 5603 9873 3660 3458 7052 4169 3243 2146 6924 801 1565 736 9603 7570 8483 3966 4826 4069 673 6834 3153 6104 7991 1791 4148 1454 5063 3238 6598 5208 8042 5080 2937 7829 9385 2576 1115 4674 8228 4204 4673 5009 6093 5677 7445 2006 2267 9315 7192 3364 5459 3856 3055 1616
1109 7240 5745 2666 4952 6503 150 9798 2758 9600 1235 8466 6369 1294 6809 6178 6354 7861 8882 3205 9066 4055 9514 3494 4117 3089 1518 5847 0 6059 3515 1618 3501 8022 1525 1255 2319 9611 8 5744 5048 8437 7343 5146 1357 4438 4026 2922 6878 5773 3608 690 4143 5716 4422 498 3201 9306 962 2090 9644 8245 3916 2961 3772 3511 8857 7358 8718 8185 3291 6014 4883 4709 8676 9281 9945 5673 6029 4540 3508 2787 6348 5602 5682 2800 4231 5349 6561 4855 2318 7510 9546 9164 6412 7250 5002 8335 37 5503 5976 2488 7536 4943 6362 7072 21 5108 6072 7058 1516 5593 6003 9611 4651 4603 4915 4508 3391 3987 3611 7426 9342 1295 1058 797 7580 347 3313 7293 6594 1047 4368 7434 1977 5594 3487 4570 7972 711 287 8309 4875 6117 4207 7304 9839 6709 7240 8399 6775 7247 5352 2753 7395 1116 8007 6461 3614 8068 8133 6385 4245 1884 5148 6245 2311 282 1018 1718 844 5534 1210 102 7159 94 2360 7878 9452 7977 8935 6129 7386 4126 2023 4255 7829 3949 6454 2397 211 1454 2701 2227 3462 7813 2139 877 3213 6699
8866 2923 7950 3278 1026 5456 8398 3570 8198 8856 8140 9055 813 596 8418 6802 856 5240 5721 6443 3620 371 3231 9450 5129 9210 432 8536 6059 0 5195 4020 8539 5361 2449 320 2159 97 8368 2572 4230 3313 1849 7872 4631 9659 3840 6558 8692 6063 8496 697 1690 2135 9248 8872 3793 9868 8167 9719 3385 6206 1180 8190 570 1831 633 5686 5096 4134 1557 2565 4572 8620 7471 8106 1115 9187 1708 6383 6 7972 9156 5658 260 1997 4792 225 6124 6411 4315 2781 1349 7723 4228 7923 2921 2890 2764 1152 5165 3994 4633 9533 9325 1336 7245 7213 9952 1486 9236 3576 9445 6028 2314 1580 6340 3065 7402 4004 2874 4619 8372 7001 8998 8773 8769 2900 5494 8684 2837 1181 6 2137 4935 5852 6417 2003 6249 4425 9021 5234 6590 8151 9467 7163 5773 4342 1604 2074 5090 3582 7934 970 6198 9354 9810 6158 441 1190 4395 5053 516 7998 9859 3502 6236 4632 6599 5842 3518 3663 510 3495 6430 5653 7374 7849 5439 8156 3422 1619 2412 8987 3645 1183 6620 4870 4463 8272 8943 569 1578 8418 2617 4147 1678 870 6861 8510
14 4167 5702 1269 9089 5970 6906 9973 7342 4183 6606 2884 4479 9562 8840 9372 1679 5852 9523 3244 9445 6712 5888 6629 3171 2790 1827 7716 3515 5195 0 3162 9643 76 4677 7547 3741 8302 1346 4940 9647 5167 5666 9321 7001 4868 6073 6995 9246 3901 6392 8878 2587 858 2273 8312 3005 7778 5572 5850 9769 4923 8863 9708 7187 8373 7832 5197 2053 4169 1391 5237 8705 4360 3030 3667 9951 173 1119 4955 1971 8618 525 1095 8674 8967 6950 3992 4605 7345 7370 7551 7113 4893 2643 8718 256 2763 1839 2678 6985 3190 6603 7619 4969 6568 266 3690 7860 4554 1604 6178 846 5116 559 428 2591 3288 2080 4027 8934 2868 9696 7168 3501 3560 6178 872 2925 10000 9267 7470 9266 996 7788 8899 6621 1317 8078 5509 7174 2555 522 2684 1660 5125 2687 4259 9553 9338 3642 5803 3693 4779 1020 5496 4823 3926 9925 7009 8976 8654 3580 1551 1088 1273 5495 2981 4236 3044 4064 3804 7598 1646 1099 2716 5687 5415 3179 1836 2532 8733 1604 5257 1412 6244 9370 7277 8607 5222 6970 4578 5924 5719 4718 7416 627 3739 2944 2611
708 9399 7478 9257 2498 5545 2301 375 8651 1975 1942 5187 4060 466 4660 3096 533 9487 7023 2722 9393 6891 7824 6256 3047 3864 2222 7135 1618 4020 3162 0 4060 6705 784 6372 6651 1926 7924 3315 6903 4885 6562 4590 3499 4746 5329 4567 7004 9935 3518 9342 2853 1223 1232 123 6514 3387 3696 8554 4876 6735 10 3056 2530 3307 338 1721 3160 3002 3915 2684 5332 837 2943 4024 4190 3425 656 2435 3691 4469 5300 2396 9628 4862 8949 2054 6546 6013 9589 5587 595 5014 2373 4527 4135 2023 5078 2671 3996 5436 9410 9091 2667 7667 5917 8240 6580 5705 6727 9183 9563 822 9707 2704 6789 4443 6818 3518 4588 8486 650 392 1856 5265 6944 392 8012 1989 4716 3817 565 6450 6328 1797 8024 1564 8043 9384 6854 3083 3560 3261 9317 692 7031 6462 5244 1603 496 1703 1825 2630 3082 2464 332 7331 2010 8830 9877 1609 8000 2281 4707 9145 2363 1556 5997 7822 3207 5438 614 625 3617 5414 8235 41 2349 899 6002 5334 7390 6072 7255 1306 2107 255 9789 369 402 268 9643 4551 2554 8682 8872 8798 9514 9938
5869 4999 6347 4665 8976 7746 5191 8341 9041 4503 9941 8362 1411 7187 3744 5920 6450 9839 1539 7878 721 4016 6335 9852 7616 6774 7863 1119 3501 8539 9643 4060 0 4345 2043 9677 3084 2945 9954 8411 7043 7578 2404 4256 6158 9812 5923 4999 8255 9280 3977 3291 6791 7088 9674 9225 7235 9542 8890 2236 9658 779 1254 9186 483 6232 5462 5321 3453 2344 8972 8169 268 9739 3132 1724 3528 4522 4326 8354 7750 5801 8810 482 1198 8457 2428 9494 9949 7509 1091 869 5158 4973 1330 4026 5460 2224 1986 7989 5746 7665 2300 7620 8764 424 8122 2409 1264 7706 8616 7551 1324 5994 6469 1144 5629 4852 2641 8718 4014 4264 9951 227 1518 2899 9500 2693 7315 9104 4149 1636 3442 4574 6734 6623 7602 6909 9469 3652 3094 8675 8320 7942 6481 491 6565 7434 6635 2172 3402 8043 2227 3019 248 293 2444 2903 6245 4002 7051 8854 3544 6611 8076 5109 6762 6017 2222 785 9015 1181 7514 3077 7454 7218 5820 9120 9360 2301 2511 3509 7647 6643 162 7726 8614 4293 7038 1643 4987 7790 32 8550 8652 560 9380 4895 8133 5755
3622 7864 4437 2422 2438 1811 8653 2464 6710 8926 5433 5272 4967 149 1529 457 9660 5098 638 6102 4756 9459 1349 1216 7403 4161 5112 1469 8022 5361 76 6705 4345 0 2382 7735 2069 3742 8735 5885 3703 9412 4868 9248 3181 7304 1031 9871 6120 6173 6737 1209 3476 9270 2849 1986 482 7670 3276 2689 7611 6454 3713 8336 4415 6343 7063 86 3744 9984 3760 9684 528 6854 302 7130 2008 1672 2967 3626 2984 474 8096 8053 9736 428 110 9356 993 3994 4580 8321 5761 6333 9261 1004 3182 2485 2262 4185 4059 1075 4213 6558 5159 8800 9443 6538 6529 2356 6200 8342 2727 6019 5877 2162 8362 5233 2534 6634 7035 8952 7999 2007 5275 5290 9182 7811 5514 2752 6239 7932 9531 8348 6517 1293 6256 7533 4567 5478 713 3795 3209 6879 3688 801 1297 877 6468 3361 6960 1668 8851 9306 3708 9305 8085 494 970 9894 7645 1004 5949 8195 1856 9253 6607 249 5725 2430 4740 4207 4305 1299 2243 1330 7555 1714 8823 1088 9866 4797 6226 5907 9026 1284 7144 3150 3617 9268 2623 9134 7051 8473 1150 7685 7711 6035 7570 5162
3842 3773 1018 8825 1012 7899 3439 6577 2668 2241 6598 8993 9156 7502 5737 8500 3476 5593 9339 7578 9491 1272 8018 9299 1136 972 9914 9909 1525 2449 4677 784 2043 2382 0 8279 5102 2181 1557 9389 7519 8705 7381 812 5120 7412 8203 282 6379 8860 384 799 4534 7304 1012 5040 5377 6035 451 5820 2707 8966 7499 4618 3164 7654 113 5538 6821 521 8935 2201 8321 9540 1102 7988 408 1080 7110 4108 9170 9165 5365 355 1823 5751 7165 7233 8986 5815 8587 9506 6676 1728 8825 6517 5910 3755 2198 1646 8047 9007 5106 5131 5450 6466 1798 2069 7789 5405 9775 5085 9226 9726 5170 8111 6833 8476 8046 3509 4118 1564 9016 110 6652 5972 5118 3419 5795 3573 1444 6907 3198 4223 2842 2491 7768 6988 8744 7296 2549 9016 2074 8691 6624 3080 783 7287 3746 7347 3378 5503 4834 9824 9733 5702 1563 5847 2475 1460 6376 9241 3636 592 4927 910 4792 6683 5296 4007 6903 120 7058 5127 4036 9079 2153 9054 4476 813 5674 5706 3156 9412 2576 3985 3282 4115 2622 791 3860 2928 3356 1717 7993 3511 4786 8635 9847 5188
6431 7896 6207 4676 5535 196 3809 8746 2882 7086 1075 3298 6251 3118 1535 8841 2715 3237 1478 1294 8375 3008 3809 2782 9507 6853 7142 404 1255 320 7547 6372 9677 7735 8279 0 7540 7 576 2532 1314 2275 8438 3707 2963 6107 5360 7117 2785 2598 5560 9629 8666 4023 8374 3419 7129 4128 8083 9526 6391 8893 2325 7834 798 6663 7721 4806 9945 1096 6435 5597 9962 2173 2791 9384 6074 1191 6172 7025 6951 2859 6537 2768 9973 7768 1433 6295 2026 9663 6746 2779 1798 2941 8463 2669 2676 5375 4837 806 8204 7994 5410 7749 1264 7009 7037 2613 8149 4419 2772 5169 9514 5762 3234 1374 2317 9495 648 3332 2364 8378 7059 222 7770 966 1683 742 8430 153 714 66 7661 422 8709 4563 2784 9598 9388 5036 5170 1903 45 9664 7342 4472 4820 9544 670 664 481 32 6607 4224 3365 1662 2895 305 471 1952 9625 2553 2637 5891 3530 9280 1510 3167 872 5727 6135 3142 4140 7518 8770 2201 7988 1009 5110 8337 7450 3451 6399 892 3589 2457 6034 3209 4628 1561 5314 9126 885 9792 5565 279 935 9767 7401 8014
5287 3000 5749 5262 1454 8704 630 1906 2225 5770 9468 7104 756 3204 5924 2075 1752 3215 9227 7135 9026 311 7401 9783 8412 5676 1036 9540 2319 2159 3741 6651 3084 2069 5102 7540 0 9801 7115 2200 481 9282 1734 3157 2578 7631 4227 3759 2039 3606 479 906 7277 5074 9404 9849 188 6319 1580 4568 3984 8873 7270 2523 9035 2355 3407 4157 3623 3575 2278 4297 7433 6206 2987 4412 9108 5486 9220 4817 7629 3858 5369 7236 5038 2901 9395 9767 7746 2358 6083 667 8326 8625 6215 3221 9190 7217 9951 254 8730 7502 711 6376 2153 9680 4248 6343 3454 232 9897 2529 406 157 1087 8444 6360 9765 953 7595 1306 9149 7679 6433 3648 4079 9973 7557 3571 5642 3673 8789 8302 1489 6248 3869 2382 2512 9712 8922 7922 1337 3255 4757 4822 9193 7370 8820 767 9163 3582 1051 9164 2761 7908 5263 881 3456 205 9671 8441 3955 3177 9961 8219 4589 8662 9761 2287 6947 9268 5891 2314 9540 6994 6993 8360 5470 1129 1568 7782 4221 9497 9216 7560 4633 2174 1412 153 8233 3572 9700 6674 3950 8681 6498 9200 7660 5217 7175
394 1331 9536 2664 8219 5131 9276 4830 2643 2257 9485 6083 2449 5530 4572 6432 2302 4603 3696 6598 8295 9512 8628 3941 7220 8912 1179 6470 9611 97 8302 1926 2945 3742 2181 7 9801 0 904 2808 9343 1940 6021 9664 3694 8875 4986 5204 3493 8522 4553 4938 9909 4837 827 177 1377 8415 7515 2334 410 4609 4513 1707 3398 3160 9458 4133 7803 8260 8575 680 3070 6687 938 8518 4172 9292 7476 3331 1126 2852 5200 550 2387 1165 142 2946 8165 1363 1129 1071 4999 710 8952 4702 3835 6187 386 3261 6415 8069 4691 4579 5664 4814 422 3778 8445 7336 2038 7847 3095 8054 7074 9381 3531 1633 8616 7626 4711 8559 5385 9497 9747 1851 9381 326 2063 6013 3019 534 1548 2553 6415 6162 5275 3224 1302 9280 178 8486 7697 7388 7899 982 1583 9891 8442 6095 8815 3206 8988 2779 3129 5647 5268 7808 1505 4100 6997 4494 6185 4809 6724 9995 163 4288 4489 1050 3944 5896 2289 7768 1184 8467 2208 4421 307 4055 5769 3924 9076 1399 6990 1390 4996 8530 1111 2001 7910 874 9161 1272 9821 4813 1108 2702 3133 9295
4105 6146 5649 3123 8307 101 2337 8858 3393 1595 6936 6171 6310 8311 5796 9776 7304 866 9687 9891 9288 1835 5211 2047 555 6011 8618 4060 8 8368 1346 7924 9954 8735 1557 576 7115 904 0 9702 9436 9481 7971 4271 1953 7199 4425 5563 9041 6046 1986 7294 9839 2963 9059 25 9999 3579 6747 5395 9726 4950 8255 2332 6937 3382 8939 1721 5652 1082 703 179 8899 7198 7973 8586 1112 2842 5433 4982 9603 3479 6484 6270 7438 4790 5260 6282 4647 4010 9899 5341 7391 3192 3774 2585 2458 1285 3344 269 5922 4525 1757 4618 7019 6560 8749 6769 4490 1547 9900 7751 1616 9873 4814 9382 5039 3697 4484 3510 212 9415 4566 4108 3240 3035 5618 8927 5498 3689 4142 7987 6549 5684 1799 5658 4847 4058 5722 9374 8478 3630 6168 7612 5151 5463 5368 6649 4372 8088 9837 6380 8588 3246 8058 3583 9469 1923 1736 1376 9066 894 2869 3085 3123 6129 8202 9324 7156 9325 425 4164 7514 2860 4378 6033 3575 804 3503 5917 7426 6652 4584 652 2882 5316 3396 5678 3786 3886 9607 1720 8136 1327 8597 332 1094 356 1471 8626
3314 9853 3863 1268 2345 2045 8832 4463 5254 3219 6816 1502 7184 3324 6942 4301 3616 564 3026 6251 5957 5440 9983 3986 180 8747 7082 5832 5744 2572 4940 3315 8411 5885 9389 2532 2200 2808 9702 0 1995 6215 4194 9730 7863 3026 6600 2050 7349 1167 7152 151 7363 7428 6865 4504 9421 6293 9389 9334 5429 1520 706 1056 4597 8307 6576 2265 7882 3796 1498 8132 19 562 1071 2006 3493 2126 2707 1753 7628 7179 6669 1519 4995 3309 9820 9579 281 7878 4841 1729 6148 2014 6549 3631 1526 2146 3419 4618 1058 5194 8909 1589 1117 6378 3675 932 9712 6616 2367 3748 2209 5508 2724 3168 3011 8350 1452 31 8390 7901 73 462 1765 5256 7430 8284 6273 3324 4117 3276 8767 2224 3855 4295 4542 6831 3489 4122 6972 3969 5198 4965 4678 2423 2484 8687 2334 7860 2699 9283 5847 1973 481 3132 517 7771 6770 1351 1139 5002 4158 4520 4597 8702 279 1613 5250 7402 2906 9395 832 9609 9146 3022 3486 3288 7616 5295 7145 1206 4759 1853 1962 6247 7276 7707 8322 6379 9566 8233 9398 8844 1970 9945 4360 68 9416 9510
828 3720 6397 5754 7528 303 4313 7161 3839 9146 9373 3455 6773 5012 6095 5529 6754 9770 1783 6485 730 4109 9992 9034 2177 6506 9560 7356 5048 4230 9647 6903 7043 3703 7519 1314 481 9343 9436 1995 0 1991 3692 8718 9648 5605 7019 8702 1660 3416 6168 6843 6758 3912 3484 6716 8767 3255 5050 8448 8685 9412 1854 3973 5348 803 3452 1979 4429 2869 1542 825 2871 7838 8618 5338 1829 7489 534 4839 4385 8828 6671 8030 9551 7525 6049 9152 730 5553 1039 8458 2655 7056 9436 198 7865 4986 9806 3521 6014 9285 6093 8667 8351 1955 2729 775 5052 8077 2776 340 792 332 7735 1674 6990 6743 2996 7124 8765 6283 792 3 609 4495 1758 5216 8669 4860 8093 1466 1554 2271 602 7691 5598 7756 1867 8458 3649 1915 7445 1828 7698 5020 9931 4582 1609 7013 1225 6965 3929 9466 1374 5707 1967 1701 8323 1824 3320 8699 5133 9002 2596 7312 8257 8070 2473 4023 9613 1822 3270 4045 7504 2864 5006 5794 2952 6576 5721 2271 888 1763 361 9572 4539 8991 1597 5225 2452 6462 6013 1931 4391 5170 671 1547 1995 9297
