150
0 6676 1303 4776 1114 413 3012 4475 6706 4464 6590 829 7276 5057 7397 514 591 4468 4422 5091 3412 9193 3955 9735 739 8191 4715 8246 2932 4087 4490 3697 6000 1393 7569 6446 1167 9744 8451 2028 2099 7985 228 8227 1168 6939 5492 5683 183 91 9250 2357 6491 8511 270 2415 352 9983 7798 594 3063 2932 4561 9800 720 3598 2081 2245 9124 3887 9206 6157 1079 8611 4993 4068 4249 6316 236 4889 9136 5351 7085 903 3142 9632 3976 3067 4751 2474 671 2355 348 6185 9660 650 4650 8100 6710 6767 8052 3019 5426 2860 4160 2348 9280 7409 5799 5247 455 9884 3651 2256 2872 5778 6719 7980 3023 2170 4407 1369 1066 9434 8362 2450 4850 5007 8137 9387 5330 638 8790 9726 8294 9318 6296 5516 1612 7287 3423 7325 5742 8021 5057 8132 8989 6196 5095 2672
6676 0 6090 2303 7783 5164 1338 1165 6426 7037 5687 1006 3266 7812 7323 8308 8366 8478 4886 7667 3726 2973 4616 7935 5552 1155 661 5795 1106 5470 2159 7373 2856 7418 4059 3187 6863 4598 4510 3338 6746 9628 7003 8614 8017 9776 8988 7343 9409 2138 5778 4750 326 9412 8141 927 7361 5813 2529 1895 1580 9608 4978 598 3932 6037 7941 2582 6786 7176 9431 4095 6207 8795 5913 4933 5158 2491 507 6215 3956 4771 1153 8658 5797 5397 6078 2401 5719 8715 1216 7020 7932 2151 7632 8360 5731 9305 66 1223 7891 6691 2713 3240 606 8365 5477 7433 6341 4320 562 7047 2823 7556 582 6068 6463 8494 311 5749 4539 6844 108 2422 427 160 653 8552 1555 2310 492 2466 254 7605 8867 6590 4715 7379 655 7706 6818 1930 8471 783 7106 9164 5377 7138 7004 8424
1303 6090 0 6631 212 6240 6456 4502 5058 5184 8881 1855 2682 4820 3254 9004 1917 4190 8450 4901 6915 7152 6871 5310 4476 1956 1520 7927 4044 5157 4235 1143 5362 7147 114 4985 1412 7325 2451 7467 4864 46 2714 6278 419 310 303 3678 5258 2469 6645 1923 4125 5819 7872 9869 1951 9172 2552 61 6808 7344 3183 9550 1035 473 1665 2282 1251 3471 5826 4853 9931 3375 5386 5300 1934 3100 9850 8324 2996 5939 4671 3069 403 4711 1491 352 2018 7569 1619 7917 5889 6155 1956 4980 1274 8141 9377 4762 9426 374 7218 1282 2365 1184 666 7573 7447 5448 4466 9826 3557 8081 8392 5188 6932 2359 6208 1678 3746 513 5775 5566 4013 8061 2866 7632 6474 5055 6472 4351 1795 9028 5907 3460 7578 2750 6019 4382 2384 2152 4566 6501 2986 4230 6122 6530 334 2158
4776 2303 6631 0 6815 2412 5585 5715 4559 8159 2242 884 3603 854 8901 7627 229 9806 3337 9073 2506 418 7189 1367 8796 1637 3656 3912 2478 4575 3649 9438 9733 3373 633 6259 2848 4249 5761 246 5139 8209 2118 2244 5270 734 8510 1766 876 5433 5559 8179 5758 7092 3840 9706 4894 1779 8793 2511 5868 3057 6429 2210 2232 4422 2169 6837 1264 1420 4768 576 1321 7924 3636 4008 2419 489 8648 5799 9272 8595 8076 647 5570 5016 1970 5265 1110 5548 4195 7564 7766 6863 3653 6404 1858 8277 1708 4338 4392 9552 5025 7838 4484 9626 4672 2073 7057 1726 4351 72 5601 4650 5487 7383 4951 7496 2007 1832 2928 6370 7862 1510 7253 3976 8397 3707 1089 5226 5816 1236 2919 886 9763 4226 1954 4669 8752 9244 4041 8104 3915 513 1672 202 8875 3648 8043 3998
1114 7783 212 6815 0 8642 6182 4656 7640 2112 3703 9783 7234 8799 1197 3610 2853 2524 1505 3921 8694 4123 87 7589 7166 1781 9513 6894 8871 8290 5608 8449 2771 8047 9709 9718 5723 4405 1876 4279 6423 8471 5669 642 1615 5881 3829 5795 5625 6890 1617 517 6625 9836 5431 523 5599 6403 6045 4223 5888 2436 3343 739 6714 9390 8137 2188 5195 9073 9723 6940 4116 5063 6228 7524 7961 1488 1936 3095 4755 1214 5231 9611 1666 2943 6204 7824 1593 3998 6816 2331 2097 4487 5893 707 7023 2109 1814 8197 7818 685 6715 7115 3412 3100 342 2284 3898 1909 1873 7846 684 9341 3984 1674 9532 6938 5543 1490 760 4978 1331 2412 3771 7357 4688 2170 8616 1915 7497 2751 9237 3397 525 7238 3511 7263 2226 9226 8818 9632 415 4257 544 7991 5126 8671 9969 774
413 5164 6240 2412 8642 0 5732 5913 9919 6373 2446 8287 3376 3229 6544 9362 7277 1349 3183 205 3848 1364 8796 9374 9388 7843 9077 3295 364 747 8008 1477 2535 3161 2779 6160 6651 736 648 4916 9769 8225 2010 5683 9309 2996 8140 3091 2310 3525 2571 6608 8641 1851 9817 8439 1008 1115 7901 5109 7040 1980 4247 1733 1308 9152 5577 4242 3166 9183 8269 5937 9516 3120 1191 4718 6203 1280 7607 256 3303 4912 337 4365 7057 2513 1039 3424 9940 3701 9792 6270 6797 3078 9531 5693 7908 6565 5222 6167 9427 635 2247 9289 5804 6792 458 4656 3514 6662 3595 1800 7253 8635 7151 9389 3787 406 4469 9652 1111 7930 1132 5571 9385 9323 4441 2511 3021 8017 1104 8268 834 5907 2168 2756 2589 6698 5934 9073 3145 3452 2937 3187 3660 5167 8986 8046 4987 2566
3012 1338 6456 5585 6182 5732 0 8423 3881 8308 52 7719 5705 3306 2129 6930 1986 1144 2125 8471 4872 2452 6068 261 8284 1302 8404 736 1132 3454 8427 8707 2150 3841 3025 4848 989 7826 1886 2883 5700 8211 4925 4608 3669 66 930 8725 3588 3266 6631 3587 3666 7924 4454 4913 8000 5031 1963 5296 3948 830 3989 8236 9637 7137 705 8156 2538 5639 2523 7330 1888 4134 5065 3114 1799 1994 5587 5937 2124 7072 2313 1628 6177 3476 5696 1471 7642 8398 3367 8512 4392 6964 422 1247 9175 3841 4419 5623 6421 2067 4002 2869 6393 9983 8382 1510 9399 3678 6909 6630 6455 925 3015 9921 2577 9653 12 7939 7529 3550 9504 6158 5937 9216 9562 9200 9911 1309 8614 5318 3460 2040 3694 6522 9331 5327 9922 2041 8373 3697 6073 1964 9425 5854 2421 4811 2868 3459
4475 1165 4502 5715 4656 5913 8423 0 1036 1023 1874 6795 7084 7053 3856 5316 792 645 2883 29 1176 6847 9163 1979 1978 661 5188 5503 5595 3156 6929 776 5614 726 9821 7751 6178 8622 5015 9642 2776 8192 2332 6776 2426 4812 5574 2115 5306 1401 620 9543 6397 1673 5812 1660 7501 9831 2302 189 3902 4381 1554 7782 4620 8933 4257 3745 5989 7146 7749 6464 5118 6860 5232 2399 8029 1107 5740 8712 8914 9381 9513 3547 3248 2115 3469 6495 7263 987 3650 465 1787 3944 3942 8251 5015 3935 6758 1700 7197 488 3688 4122 6557 9313 231 2729 7589 4458 2658 6959 2804 606 8565 5712 5742 7570 8425 4868 2730 5576 3000 2809 4925 572 1276 3922 3936 9987 3723 7478 4064 7334 4447 3523 8572 9123 3407 3641 813 7428 1754 4640 4478 1587 2896 8722 4120 317
6706 6426 5058 4559 7640 9919 3881 1036 0 2925 6629 6123 9596 4008 2005 6924 750 2049 2493 8612 5415 2484 5979 6970 605 6197 5094 737 1760 1363 6179 7031 1707 6709 955 4248 7141 5277 5122 8679 3484 3231 4647 5104 5839 8496 9019 6443 9713 996 3909 4287 9797 6066 599 4327 8590 884 4863 1174 6904 4555 7920 1464 4640 5131 5384 4655 9604 8396 7398 7286 2117 7538 9372 3441 1815 8050 596 7393 1081 9279 3728 223 3976 5800 8566 3681 565 2831 6683 7502 9232 3823 1418 2171 7409 8181 4973 8492 891 5301 8319 9255 1234 6075 9478 5931 4403 1723 4787 1882 2721 7781 9127 2444 2214 1033 2351 6160 3245 8707 5280 1318 8196 2005 1185 7353 4106 780 573 7889 5423 8244 290 8965 2145 788 13 579 1588 5955 512 8696 4787 8678 3496 8666 281 3111
4464 7037 5184 8159 2112 6373 8308 1023 2925 0 2481 7510 4459 6953 7072 6540 2309 524 5922 8369 6627 313 8873 4802 1233 8404 4441 8796 722 1538 4566 3981 2119 5037 1913 8751 3484 4397 9626 5548 2155 591 8916 7506 9801 2689 1346 3561 5128 1968 299 5426 5350 3179 6677 2799 7739 5435 5514 9537 8467 2953 7825 4683 1865 550 5670 2102 1469 2338 4550 6446 1117 2847 2920 3156 5915 4559 6622 3611 3032 7428 2624 5736 899 4884 5094 8052 6951 3236 5255 187 3606 8491 2355 355 2793 3688 2113 9544 3148 9422 8590 409 161 7738 2359 3297 4240 7016 4150 6483 4261 370 1182 3694 1330 2885 7929 9303 3959 9944 6188 7525 7850 1251 3642 232 3125 9695 24 639 4768 9117 5731 6696 6452 5394 3345 834 8272 249 4647 4605 5980 1588 9295 5159 3883 3985
6590 5687 8881 2242 3703 2446 52 1874 6629 2481 0 3120 682 6150 3508 7483 2974 7018 6039 1618 5172 4511 6010 8725 3430 8341 1846 2960 4894 430 2084 9764 6122 4091 2545 4570 9481 9697 7432 2408 6559 9018 2963 4938 3123 4861 7622 4638 9818 7934 7029 5682 6065 7294 7443 1856 7679 8515 1693 8793 8599 7431 6224 8744 9438 5028 7860 751 2995 1079 909 1038 2078 38 2833 8937 2770 8829 9980 5606 6285 2655 9619 1830 3799 9911 6152 4962 1988 5760 470 5054 5793 6245 2859 3389 7929 4529 6940 7420 5146 1281 4704 3416 6005 5105 2186 4465 5666 7519 4029 988 8195 6915 4984 5846 1968 4847 5783 8870 5878 6483 6358 1491 151 3037 7790 3595 1048 4574 3027 6988 6307 898 9396 9009 1079 9104 9960 9175 2405 7135 6545 3360 8565 6071 9765 545 7544 2048
829 1006 1855 884 9783 8287 7719 6795 6123 7510 3120 0 1822 7818 8627 8244 5938 2472 2742 5423 1256 6850 6264 3057 7629 3373 1042 9984 7682 4056 8772 4207 5474 6396 2512 5042 8399 7488 8311 8405 6927 5943 158 2519 7085 9406 9671 7236 5360 7157 2931 1295 1382 3052 4079 6393 2744 3155 6637 5398 9311 2782 9773 3496 8499 8543 2585 7660 9743 5914 6799 7486 7306 8941 8924 3739 2959 1405 5858 2841 7263 3785 4030 7215 6797 1928 3436 1077 7716 2761 3351 7697 6053 4147 7127 4637 2709 3233 7319 7518 636 8161 6350 1952 6547 4688 4736 2172 5219 1919 8423 1997 1590 1059 6376 5454 658 5084 8050 7755 5205 3070 2689 9555 3331 4395 5101 7130 6451 1271 8428 8272 5434 6300 5054 8844 8812 7439 3891 4301 7012 4653 4504 680 5291 6522 2506 2408 3558 8234
7276 3266 2682 3603 7234 3376 5705 7084 9596 4459 682 1822 0 2856 8073 770 8449 5772 5689 3816 7711 6221 3148 5347 6215 8717 8177 6117 1988 9189 2262 7349 740 8005 8463 7467 9318 8815 388 4511 8920 2714 168 7901 8988 3084 644 3743 4277 2777 6785 8798 308 9062 1971 9078 2291 8339 2764 1709 8809 8986 5598 6883 8473 7176 728 2698 3513 6438 5329 7946 7847 9047 598 8016 2070 6646 3106 8641 4765 5849 134 2251 3336 4504 8925 3605 6922 6465 1836 8969 1985 700 5377 8962 2021 581 1186 5061 3239 6148 4066 4063 7479 6761 5494 8551 9914 327 905 7264 3679 1592 7189 7955 3578 2293 8042 2485 3835 6617 8334 4499 1638 394 9649 2177 3164 6427 5301 8796 7557 1278 5233 5619 9475 9179 4522 5677 757 9696 4435 3189 5201 6496 5373 1404 5681 3892
5057 7812 4820 854 8799 3229 3306 7053 4008 6953 6150 7818 2856 0 1961 6144 1840 8258 8426 3416 9723 8310 4199 9021 5038 9982 9401 7404 7894 4632 8489 9006 6034 5967 5732 413 7401 825 9932 6371 2675 3385 2725 141 1028 7842 2988 5287 6180 8325 212 8180 1028 9398 6454 6037 6607 9916 9844 1781 8033 9147 7643 4998 2635 3156 5345 9280 794 7769 108 2625 6873 9535 6115 2588 3904 4069 5904 2612 5815 8458 2247 5245 9864 689 1805 3668 9782 6114 7853 996 2605 4054 1254 3644 2291 2275 8588 3064 9420 4338 9073 6485 5711 4921 7415 8463 6969 9513 1660 2703 6710 2678 7517 1315 8334 2372 743 9183 7959 129 5072 8145 6852 455 7125 6982 2478 7354 5571 8172 8042 3034 8997 5785 4975 1160 1017 236 6313 8731 1289 939 6643 6447 1823 4475 9634 2291
7397 7323 3254 8901 1197 6544 2129 3856 2005 7072 3508 8627 8073 1961 0 7526 1907 4307 8500 3198 395 2030 9171 2548 1456 9042 1347 5129 9928 4946 2115 4884 6171 8704 3975 5903 8712 4008 8284 2163 5800 5497 2790 7596 8002 3953 296 5128 855 1146 1415 4875 1027 5727 1056 1629 1989 4728 7825 1392 2229 593 8404 4606 2568 3697 1995 2397 2576 2346 5328 6134 1992 8508 8797 5180 883 9908 8308 4379 3159 7198 7147 5402 2816 4044 4097 5559 5187 9466 691 404 4925 2967 8385 5835 8750 3132 4476 351 8045 1263 5532 6237 6292 9734 9391 8583 8473 9487 1797 5768 7142 4864 204 8045 6187 1234 6236 4841 4111 5296 5271 5624 8220 7704 6597 4016 2617 1582 5179 7914 2621 5951 8512 8269 7273 4650 2714 3392 2825 8269 1709 3808 1181 8939 8405 1315 981 5996
514 8308 9004 7627 3610 9362 6930 5316 6924 6540 7483 8244 770 6144 7526 0 4440 4771 3596 5335 8945 6414 8330 7548 6784 6399 6943 6873 4586 7329 8567 1871 5010 1616 6269 4572 9291 2834 6119 4232 8579 8750 9541 953 3541 6313 8812 8934 5753 8594 8246 8599 5677 7301 2937 402 2910 9716 2778 3032 5011 6011 5219 2312 4000 5506 3577 87 8868 1401 6452 5535 8545 3262 8848 3995 6157 1870 7355 450 2815 8690 4892 4161 1177 1644 6956 7620 1079 3848 8718 7101 2030 7506 5948 5693 663 3430 3413 1864 4479 4106 9432 7559 2694 3959 3321 9732 6220 6612 3694 5503 679 1713 867 3091 7745 2768 5970 419 4530 2091 252 7920 9873 116 3686 8248 7315 7935 6347 6154 7762 649 856 870 8908 4130 3556 3023 7851 3219 7051 5906 8412 9021 3006 2524 6057 5740
591 8366 1917 229 2853 7277 1986 792 750 2309 2974 5938 8449 1840 1907 4440 0 5580 9673 4432 4378 1967 6664 4243 5072 4717 2702 2064 6809 6922 6034 7046 9637 3357 5555 9915 5561 2918 3643 1398 2348 179 5782 9355 6511 5975 7646 1917 3746 1846 7624 748 7885 5956 2544 8298 8450 4661 7865 2438 7584 9393 3456 6938 6976 3838 532 4645 6159 6529 1241 2681 7867 3633 6361 8897 4670 464 2330 5008 9012 2005 52 4969 5185 3740 9999 2051 5294 3716 8924 2591 2859 6497 0 4146 6816 3923 4284 3041 1716 2033 3036 2989 5397 2100 9263 5228 1794 9471 9116 642 306 1849 8492 6688 4746 7234 189 3454 1484 7450 1127 4665 8007 5589 7310 2440 3902 3928 8608 6704 2257 9783 5896 9488 8379 5136 446 1529 7001 8522 6433 8960 3039 3078 4126 8358 4607 4571
4468 8478 4190 9806 2524 1349 1144 645 2049 524 7018 2472 5772 8258 4307 4771 5580 0 8186 5646 6394 2038 2174 445 455 503 6426 4688 3934 1452 5904 6697 1562 2078 6453 6316 403 7460 572 9537 7645 1818 560 8637 4283 6346 9667 2467 1739 352 1235 1571 9372 5223 2512 8024 8670 5086 7453 9638 5303 5237 6963 4612 4696 846 978 6121 7452 9452 7375 2156 552 9908 2500 7724 9916 4667 37 7665 3852 4500 8653 2770 345 3165 893 2691 387 4571 7227 89 9096 2333 5184 313 2879 2001 4172 4761 432 6759 3494 4863 3032 1997 9589 6486 1601 5164 6120 4938 5120 1569 8617 4607 6522 4835 6125 4526 7870 4314 3710 6895 2496 3528 5622 5798 6877 1480 3773 7814 7511 8245 5306 8060 9311 2191 3860 8943 3712 57 1296 7132 4489 9030 7733 4056 2937 5329
4422 4886 8450 3337 1505 3183 2125 2883 2493 5922 6039 2742 5689 8426 8500 3596 9673 8186 0 5454 7689 476 4684 5349 2800 6124 894 4217 3443 5887 3041 1643 9858 5652 1831 9080 599 3679 6919 4038 9787 8886 4520 6900 6117 8035 9774 832 3137 1867 718 6669 3151 5875 1816 6990 265 2658 2046 5067 6402 9193 5008 9793 1866 6942 2519 3247 8363 3353 1446 2275 7824 3958 2339 5937 3183 6779 390 6026 3441 9321 4075 4281 7211 5197 9939 6663 4886 4826 6955 2050 4005 3664 4622 4619 6920 4334 5012 7576 2809 6201 8319 7302 4389 4225 809 8290 3129 9825 5031 66 5906 4511 5052 3895 136 7594 2651 6462 8285 7564 9815 8639 3487 943 9051 9595 6939 2819 8085 4510 4315 3403 1295 1915 1009 6169 6554 5610 1377 3327 5304 5519 3872 1318 2657 8167 431 9174
5091 7667 4901 9073 3921 205 8471 29 8612 8369 1618 5423 3816 3416 3198 5335 4432 5646 5454 0 1261 9938 9675 9950 9250 6886 1821 185 7550 178 4353 3322 619 7462 916 3901 2785 2738 799 2535 7782 7256 5876 6159 8234 4161 7394 5115 2484 8702 4089 6611 5457 6645 8048 8596 7718 3907 3815 6983 3329 3575 6448 4064 8009 5644 8574 7285 8371 6165 2623 8920 1685 7529 4878 7103 2307 9037 6396 1481 2941 4003 5232 8427 9157 3505 8053 8265 4508 8191 3457 9279 3962 6497 6179 649 1293 3103 781 6345 479 3057 6491 7229 9225 9600 1796 7054 9064 2830 8506 440 8216 6438 1684 3046 5362 9634 8325 2493 9841 1867 6924 9918 8161 5215 4400 6172 8751 3115 6056 1093 2891 3792 8314 8886 732 5418 4207 7856 6910 3588 1265 6362 7623 6237 5741 9248 228 795
3412 3726 6915 2506 8694 3848 4872 1176 5415 6627 5172 1256 7711 9723 395 8945 4378 6394 7689 1261 0 7722 9916 4918 4064 2700 6372 7027 3262 3600 1079 3118 5426 5448 36 1382 4239 9111 6173 5587 7642 2341 2761 5804 8452 5785 6448 5229 154 5035 3916 6211 228 6774 9314 6619 2163 1088 2697 4625 7410 6985 972 7223 2468 5374 6674 2026 7245 9757 1281 9162 3402 1846 4127 1824 983 9104 1470 3841 3648 5949 1831 1832 8168 1764 6089 8766 9564 7085 3936 9355 7580 676 1029 9108 2866 146 7447 8803 4618 8005 9652 9864 9040 1907 3991 5285 6142 8428 254 8931 2153 9139 4705 1407 4543 4292 7979 999 7896 8502 2234 8799 7932 1720 6268 691 5777 7664 505 1086 4794 1433 5006 8066 452 8252 430 9567 4881 4867 1605 7620 6720 4609 4670 3380 320 6086
9193 2973 7152 418 4123 1364 2452 6847 2484 313 4511 6850 6221 8310 2030 6414 1967 2038 476 9938 7722 0 5796 6525 3928 4735 6824 4434 5426 3381 7605 4906 79 5364 3617 42 7914 6884 2936 2256 2474 4948 1991 6881 7853 3079 7474 8112 2701 7560 7399 2228 2330 867 8792 2611 9607 8065 7826 3160 2107 1314 6547 834 6821 471 202 4561 5421 3114 2473 9537 515 6611 234 7321 1968 3717 6176 919 6689 336 6851 9430 8360 639 3141 3858 2955 9925 2506 9364 775 1626 262 799 4018 2719 7003 540 7759 5799 1414 2162 5506 3973 2513 4660 8468 7260 8963 6790 1559 5660 6471 9402 7450 9814 6321 3051 8082 8946 4486 5049 2778 8146 6036 5677 6907 5063 1980 7224 5321 7793 3956 8094 998 4298 1606 5969 9602 1829 3247 7949 7215 5182 6813 3172 79 2729
3955 4616 6871 7189 87 8796 6068 9163 5979 8873 6010 6264 3148 4199 9171 8330 6664 2174 4684 9675 9916 5796 0 6660 3625 4643 3455 3448 3767 3531 9939 6162 6807 4800 4182 4409 9476 7007 2769 5525 3479 7683 4066 3818 8417 1683 120 674 1870 4916 2146 2739 5737 1654 2233 6538 8672 5630 2092 1837 2506 2268 7211 8383 1577 2713 5448 2260 5902 9932 2222 5261 3198 6422 8803 6699 2034 3900 3815 6243 8841 5737 4157 3957 3236 8310 7178 8449 3081 2882 3151 6963 4958 2462 2563 302 8234 478 8121 9798 8399 5247 8413 8149 876 4950 7916 4198 4696 938 7652 1532 2712 8189 4413 9824 4353 905 5728 5328 2544 2716 5260 2348 4739 97 541 2152 8122 4596 5256 1357 2164 9401 1934 3977 9873 8582 2058 8345 3753 2681 2233 2265 570 1714 3002 8894 3517 6320
9735 7935 5310 1367 7589 9374 261 1979 6970 4802 8725 3057 5347 9021 2548 7548 4243 445 5349 9950 4918 6525 6660 0 3274 7317 2599 6543 7090 614 1928 5273 6118 3771 7530 5209 2198 7171 5394 6356 687 7980 4872 4771 1685 5336 8001 3459 1350 3820 8797 6086 9693 9557 144 3602 2094 8109 9386 2268 4383 8444 2114 805 8692 5622 3727 4616 3127 2748 7882 4232 7372 4047 3102 9368 8640 1794 449 3398 3188 6686 2512 778 5685 4186 5925 2190 5192 4475 4604 7455 4487 4085 4563 7920 5214 4486 1319 1080 7041 6612 1913 9167 8998 8524 3509 4871 4108 6369 3273 6080 8733 5420 6753 5138 1500 1272 2699 4842 4881 8210 6968 8645 2814 5210 3102 7356 1897 3111 9286 1140 4313 5408 4796 7179 6989 1178 4887 1875 3190 7988 9073 810 271 6633 8772 4440 1946 3720
739 5552 4476 8796 7166 9388 8284 1978 605 1233 3430 7629 6215 5038 1456 6784 5072 455 2800 9250 4064 3928 3625 3274 0 3260 5640 5994 8996 2439 5328 1141 5300 8575 3983 5176 3773 1831 6718 8453 3244 9915 7109 5766 9911 8639 4548 3884 467 7626 8396 1476 3452 2306 4180 6508 3475 6715 991 9982 3094 4659 8341 529 2470 9995 8744 905 2304 7099 7797 6764 1615 4194 504 2760 7317 576 3287 2281 6773 710 1375 9899 7447 7511 2325 1259 1005 7103 6224 5552 7947 940 4745 3018 891 2407 8179 4312 7460 3655 2590 1592 2552 2729 6495 5198 6217 6436 57 135 9356 9137 2034 9004 1490 7256 3755 6378 2127 8260 2339 7276 9086 1237 3163 658 9236 1014 3812 344 1722 9367 5980 5654 5246 8695 9156 2150 7853 9581 2485 7214 6616 770 9279 7444 8980 1630
8191 1155 1956 1637 1781 7843 1302 661 6197 8404 8341 3373 8717 9982 9042 6399 4717 503 6124 6886 2700 4735 4643 7317 3260 0 8704 4190 3722 3302 986 586 4530 3723 5844 5577 6782 5336 801 2711 8362 7089 1400 4166 219 2286 3057 6703 3256 4862 8749 7243 9738 2202 9213 3009 1073 3837 6035 6554 6928 6159 8509 2861 5853 1658 6072 4575 3228 3266 5093 9611 1805 505 6723 9600 8320 7317 4710 7116 988 7675 6547 3271 2046 4643 8998 3662 4587 701 5715 5231 3292 2507 4189 7628 7134 9516 2278 3164 4028 4434 5417 561 4062 4836 8265 3500 2924 557 805 4496 6082 7275 7299 1359 7233 8567 3926 8500 416 4957 5273 6962 2435 7311 4456 1270 6310 1311 9751 2294 1736 3653 8803 8005 2846 5931 7851 3759 1142 2343 1913 6078 1413 8655 6050 8645 7934 2400
4715 661 1520 3656 9513 9077 8404 5188 5094 4441 1846 1042 8177 9401 1347 6943 2702 6426 894 1821 6372 6824 3455 2599 5640 8704 0 9253 90 9854 245 8294 6250 6767 5879 6792 5811 3524 8675 5947 3437 987 8331 1766 5627 1960 205 2160 1253 5553 3265 5794 5665 3326 6374 4651 9648 1306 2367 6684 7133 6816 366 7486 7710 9763 2284 5061 5691 4457 8727 5634 2630 559 2057 4227 3604 6877 7329 2706 8221 200 6076 2820 7579 9325 2296 9146 3679 5738 3468 8796 1800 6225 8190 3355 6981 9477 8746 7958 4 3958 4950 6070 7243 2106 1508 173 2113 2983 9145 2443 3788 5348 1941 2755 7232 8320 5556 8840 5852 8590 9345 9173 5424 1261 2309 5998 1028 55 7326 1784 8864 9365 5312 9813 1216 3984 9857 5298 6627 9919 7676 9729 4616 4608 329 3017 6060 7588
8246 5795 7927 3912 6894 3295 736 5503 737 8796 2960 9984 6117 7404 5129 6873 2064 4688 4217 185 7027 4434 3448 6543 5994 4190 9253 0 1158 9828 3660 627 570 8934 3716 7720 2018 5355 705 9371 2712 8806 3778 1198 9489 910 8435 4488 97 3060 3539 8214 2086 7790 2227 8277 3397 6652 8293 6242 5421 9861 918 935 2815 5395 3563 5973 1442 4100 4068 3440 2155 1154 9088 918 3634 2484 8743 8377 4618 1529 6231 1436 5693 7334 3408 6895 5730 1544 8820 5451 4961 8213 3694 5859 8551 4914 9358 2898 3330 113 4943 3347 2288 3627 5320 7528 941 138 6647 684 1257 1240 372 82 6290 5971 9018 9993 2778 1694 5543 133 2703 5200 5312 9543 1661 2162 147 1149 4397 7722 3525 7506 1003 2245 6629 5495 2932 5249 7226 9048 3323 1346 3733 1341 5307 5518
2932 1106 4044 2478 8871 364 1132 5595 1760 722 4894 7682 1988 7894 9928 4586 6809 3934 3443 7550 3262 5426 3767 7090 8996 3722 90 1158 0 7338 8945 6454 1549 6601 8624 1247 6352 9860 3473 1938 6142 6481 2476 4175 7407 5182 571 9627 9207 5419 5026 4105 3780 8862 3828 5421 5513 7424 3423 8027 3021 4637 3556 9054 4377 1261 184 8781 8376 2788 2900 8876 9385 9158 7664 3591 8279 7466 7471 3391 4320 5808 6002 460 9212 3556 7612 432 6973 6707 120 2577 2093 2188 3005 7569 794 7961 34 8774 3602 1968 3867 855 2182 3244 4227 1163 273 9478 7137 9154 3648 2314 917 1555 9681 1734 6979 1312 7497 3402 9642 4116 8011 6677 7483 4271 1052 3400 1261 955 6816 5606 5495 4057 8411 4622 2468 2634 8149 8866 1234 4239 4428 4006 4001 6755 5967 9554
4087 5470 5157 4575 8290 747 3454 3156 1363 1538 430 4056 9189 4632 4946 7329 6922 1452 5887 178 3600 3381 3531 614 2439 3302 9854 9828 7338 0 6340 7997 9550 9965 2761 6776 7819 7483 8526 7911 6030 3389 3191 7573 3767 100 6556 3999 2994 9425 5072 4120 9899 667 1623 5719 9874 84 3533 2912 3371 2131 6541 4736 581 7398 2630 1031 3571 8828 8628 4508 4078 1952 6209 8628 3303 4917 8690 8683 5622 4470 9179 8226 2284 3878 7053 6064 8147 9979 6232 2586 9218 9778 812 259 5140 5028 2869 722 6605 9911 467 1730 8827 2314 3617 3955 3916 6037 8150 3678 5774 3929 1655 1905 1811 8605 5049 3388 9471 9151 424 6181 2966 6065 2378 388 803 1875 9812 5128 9078 117 7026 643 1801 4986 6638 1873 145 7792 4734 8105 573 8195 1553 1340 1170 9096
4490 2159 4235 3649 5608 8008 8427 6929 6179 4566 2084 8772 2262 8489 2115 8567 6034 5904 3041 4353 1079 7605 9939 1928 5328 986 245 3660 8945 6340 0 700 4352 1762 4145 9314 9809 1023 3969 5944 1913 9226 330 6885 7447 8289 4928 2695 2958 9524 2854 1671 1327 7755 692 9790 6324 6009 6108 7005 1167 4105 8387 6961 5678 9225 3639 7980 4045 7362 3093 3669 5351 8234 1969 7544 4202 6683 6440 7082 7252 2141 9307 3338 9187 2819 1780 3189 2223 2170 6131 4092 4054 7185 8505 4353 4322 4472 1400 5468 3084 3762 8841 8026 3726 5599 5283 9759 8366 7921 6992 9560 3912 9648 1367 5003 3773 7516 5098 5156 8372 1796 3879 4821 6270 73 1232 2596 5508 2352 1986 2226 9686 5346 362 4911 2331 9551 1225 4144 7606 3856 2758 6190 7981 1134 3109 8031 9650 7331
3697 7373 1143 9438 8449 1477 8707 776 7031 3981 9764 4207 7349 9006 4884 1871 7046 6697 1643 3322 3118 4906 6162 5273 1141 586 8294 627 6454 7997 700 0 2395 9133 3803 4906 6594 837 838 1710 6309 2934 6863 3576 6044 8239 4710 4307 2458 9106 1418 4160 859 8380 7968 5972 2861 8263 1707 9051 6687 2725 4500 9099 6004 4902 9841 6652 8361 6363 239 9564 410 7946 5660 4999 8162 6889 3580 5302 6555 9354 7255 7619 2508 2909 3087 3968 3980 52 9810 3417 3312 3166 289 4915 414 8667 9654 958 2169 9725 7025 4680 2001 188 671 7381 199 6708 9088 4719 9741 4968 8753 9463 4157 4169 8902 2674 9465 5961 222 4098 4777 9743 1213 9291 6209 2492 457 9933 9019 5126 6113 8520 4003 6836 9966 3663 9673 5868 5101 2712 6392 6450 8589 226 4670 671
6000 2856 5362 9733 2771 2535 2150 5614 1707 2119 6122 5474 740 6034 6171 5010 9637 1562 9858 619 5426 79 6807 6118 5300 4530 6250 570 1549 9550 4352 2395 0 4228 5675 2838 3495 4427 5935 1870 6379 2929 2406 9814 3864 9804 1789 7432 7689 5325 2844 4696 9689 659 3669 8818 1078 793 420 872 6241 7599 2325 4008 8861 1156 9402 6677 1664 1998 1099 3455 9260 9933 6878 6604 6195 4906 4761 194 5315 3028 6029 4791 6734 8504 1056 3305 6518 4267 218 7188 6378 2317 7054 4892 6263 298 9929 8181 6548 7480 8640 8295 4050 7223 7884 9251 2401 6292 9703 9279 2524 7865 4269 3163 6769 8597 2158 1099 5508 8798 9895 3315 7219 245 266 7453 3471 1135 2622 734 2596 8164 6852 194 1847 9278 8635 1284 9423 9222 202 8610 2156 7084 6994 7607 9637 745
1393 7418 7147 3373 8047 3161 3841 726 6709 5037 4091 6396 8005 5967 8704 1616 3357 2078 5652 7462 5448 5364 4800 3771 8575 3723 6767 8934 6601 9965 1762 9133 4228 0 9175 9048 3008 2653 7755 9280 566 175 7443 2247 1260 66 9896 4054 5975 8218 4178 9745 7525 9346 3054 3605 8710 4821 8740 9806 9830 8357 5295 1246 5485 4679 4986 5847 4633 2308 3806 8724 6599 4102 8562 4335 7097 8852 16 5837 8159 3443 9254 1779 4501 3141 8523 2457 8049 8522 7947 4074 5714 7830 8985 3232 7995 1177 544 7376 373 7992 9357 9202 1707 5948 3707 8284 169 2233 8232 1992 972 4424 8969 6708 9180 4713 800 7926 4806 2077 6959 1772 9180 6332 205 5239 8111 1191 1573 3842 2389 2389 4101 4589 3600 21 1552 8688 4260 2772 2432 3026 7189 4359 5920 9712 4740 4897
7569 4059 114 633 9709 2779 3025 9821 955 1913 2545 2512 8463 5732 3975 6269 5555 6453 1831 916 36 3617 4182 7530 3983 5844 5879 3716 8624 2761 4145 3803 5675 9175 0 1827 790 6959 6598 1413 2311 9348 2482 510 2635 2593 6553 8350 4771 8942 8959 1358 9473 6493 7028 9284 9381 4138 5554 2030 5379 8189 6197 2507 4813 3386 519 6867 4661 7161 7420 5745 2584 7598 6751 7470 4480 9537 4022 2574 7814 2067 7868 3390 5473 3082 2745 6751 7893 5342 4710 1172 8169 8610 9576 5269 9144 597 6016 9708 6763 4692 530 9482 3488 992 8641 7133 637 142 5964 9500 9909 6643 7608 8303 239 847 898 8619 9290 5694 878 9015 3205 6991 2523 2598 1648 8344 9482 379 5411 6396 9221 7208 8780 1040 4434 5600 9302 587 7561 4702 2231 9585 6467 3916 2252 3464
6446 3187 4985 6259 9718 6160 4848 7751 4248 8751 4570 5042 7467 413 5903 4572 9915 6316 9080 3901 1382 42 4409 5209 5176 5577 6792 7720 1247 6776 9314 4906 2838 9048 1827 0 4575 1570 1686 6878 7652 8966 5072 2049 7208 8682 514 5327 4360 3636 3563 392 864 3496 6600 6899 7270 5363 633 2329 3520 1675 208 6318 4335 8917 8603 8082 7552 716 3248 9354 3712 992 2043 4747 5946 683 4322 6422 6858 4481 9016 6818 9064 9108 1344 4401 1536 3852 1075 9710 5956 1566 9688 8035 5751 5934 6905 65 5606 1239 1893 7167 2246 684 5356 9891 1118 8430 8771 9010 8390 163 7998 2740 8242 1758 7254 5749 347 3262 6575 2024 1157 6941 8602 145 2789 1532 3258 1539 5312 9032 3653 9166 7703 2168 2213 3768 4011 1197 2716 9610 3574 8339 9402 4665 8427 1745
1167 6863 1412 2848 5723 6651 989 6178 7141 3484 9481 8399 9318 7401 8712 9291 5561 403 599 2785 4239 7914 9476 2198 3773 6782 5811 2018 6352 7819 9809 6594 3495 3008 790 4575 0 3106 2062 1154 1765 2039 2624 5285 2885 794 486 4356 7672 3868 2042 5256 359 4248 8915 9314 6527 1058 6852 8671 6970 3750 538 4322 288 987 2226 4049 551 8136 3512 7687 2419 1316 9147 6139 5712 3599 5744 2967 4505 9124 2940 161 2704 2621 1306 1570 479 9018 3141 3485 3637 6116 8084 9376 828 538 9143 2360 3351 1077 5344 7414 5495 8425 4711 4025 7255 5156 6387 3150 1312 6238 7781 1303 2332 3907 904 8656 2488 580 9602 7299 7636 9765 2644 9407 7125 8705 8705 2239 9044 527 452 4622 4361 8178 1974 7189 637 9279 3932 5561 1962 2042 9715 8436 5080 4844
9744 4598 7325 4249 4405 736 7826 8622 5277 4397 9697 7488 8815 825 4008 2834 2918 7460 3679 2738 9111 6884 7007 7171 1831 5336 3524 5355 9860 7483 1023 837 4427 2653 6959 1570 3106 0 8663 1709 7541 1356 4411 6634 6614 16 4299 6727 2226 9786 1501 3445 6749 2646 7950 9140 8344 8804 4916 9314 8034 8466 6563 4647 7385 531 4589 6814 3849 2434 207 6638 807 1463 864 3412 1410 6412 3788 5731 1833 7265 6022 8042 7014 5810 3061 6656 154 4581 2957 5976 717 7938 9199 5090 6910 6127 2926 8008 3567 961 3852 2158 332 4281 2584 9365 574 808 6434 1026 3866 3578 1265 6914 5942 9700 8175 5920 5712 9198 905 2245 4337 9850 7640 8375 4667 1244 4995 6051 2726 2870 1503 3 1795 8070 1768 6376 1518 8241 6938 7148 9017 139 8008 643 2674 5561
8451 4510 2451 5761 1876 648 1886 5015 5122 9626 7432 8311 388 9932 8284 6119 3643 572 6919 799 6173 2936 2769 5394 6718 801 8675 705 3473 8526 3969 838 5935 7755 6598 1686 2062 8663 0 6001 9192 9740 4565 9239 4289 7195 2617 2106 9332 2057 8075 2689 3368 6014 7696 8489 8915 1196 1200 6317 7766 1842 1902 7168 2887 5538 9721 8551 5413 5701 2263 2646 7167 6181 9313 2575 7997 7291 5206 9278 746 7586 7011 9308 9962 5465 129 877 4111 7813 5381 7720 3064 8894 9599 6496 1119 3067 8695 5487 7409 5239 6174 9214 8116 8503 3751 7359 2435 2834 7856 2511 79 4686 9564 4693 3927 211 1229 4949 6611 4355 6622 9889 6208 2112 418 1038 977 1647 9094 7104 4531 9089 9486 4118 5712 7060 862 4896 6749 1167 5364 6280 5300 8388 7968 9011 7373 4630
2028 3338 7467 246 4279 4916 2883 9642 8679 5548 2408 8405 4511 6371 2163 4232 1398 9537 4038 2535 5587 2256 5525 6356 8453 2711 5947 9371 1938 7911 5944 1710 1870 9280 1413 6878 1154 1709 6001 0 9493 8718 3582 2349 96 7521 1706 8607 2858 352 1762 4691 3291 781 4475 2808 5981 9919 1457 8171 7348 8489 8990 7067 6065 4196 8899 1841 3765 5005 3261 8782 9785 808 4386 9805 1745 8324 7166 948 50 8547 9575 162 531 298 2536 7373 9708 3836 5900 2249 7159 1282 7155 6234 7980 7855 9181 4602 8848 8211 7656 393 7136 2352 6445 5113 3471 2752 492 1323 3405 9471 5476 8458 6443 7310 9457 5460 5546 3084 7765 7438 7608 9177 2377 1272 1831 7221 4123 5698 8169 2957 2585 9795 708 3652 6704 7803 6222 8975 7633 8462 7872 5296 8071 4703 9050 8754
2099 6746 4864 5139 6423 9769 5700 2776 3484 2155 6559 6927 8920 2675 5800 8579 2348 7645 9787 7782 7642 2474 3479 687 3244 8362 3437 2712 6142 6030 1913 6309 6379 566 2311 7652 1765 7541 9192 9493 0 2172 55 4780 7322 1532 9382 4057 8083 2323 3293 573 9761 7914 3543 4104 7206 3933 5041 3276 684 9814 1564 2895 8441 2974 7874 5009 6794 9676 4103 6540 1461 9677 3266 9329 8544 7509 6593 376 5173 8946 8824 237 1834 70 2027 8937 5186 8802 2435 2010 8392 6926 7739 3390 9056 5962 6354 8064 4804 5683 2699 9950 8121 2664 4504 8705 7683 8834 4743 9710 6866 2573 8798 4891 6970 7503 5631 5328 371 7773 3141 5534 1860 7938 3406 762 4491 12 9018 7764 6907 1922 8488 8178 8122 144 7189 2401 7312 9311 186 6459 4847 9948 3223 3743 9531 1369
7985 9628 46 8209 8471 8225 8211 8192 3231 591 9018 5943 2714 3385 5497 8750 179 1818 8886 7256 2341 4948 7683 7980 9915 7089 987 8806 6481 3389 9226 2934 2929 175 9348 8966 2039 1356 9740 8718 2172 0 8157 7302 1742 7969 144 9847 7658 7886 8913 2916 8438 5114 4012 7108 2014 7477 4836 5508 2509 2412 5999 7273 4409 5468 8867 7376 8487 2801 3008 6566 3657 8255 5551 786 864 3934 5545 7906 6727 4041 4421 6980 1146 1430 5183 5787 7352 7473 6699 678 9721 3769 1652 278 9398 9485 5991 8025 9089 9234 7927 4823 5205 5244 7374 8269 6736 9203 3604 3287 8982 2733 6295 3574 2092 8617 5021 1589 9084 170 5820 580 9966 3104 4944 145 5662 8430 792 1385 5893 7022 8629 4601 3553 2382 2263 8052 1011 1437 9071 5742 4179 1662 4027 7053 7936 3114
228 7003 2714 2118 5669 2010 4925 2332 4647 8916 2963 158 168 2725 2790 9541 5782 560 4520 5876 2761 1991 4066 4872 7109 1400 8331 3778 2476 3191 330 6863 2406 7443 2482 5072 2624 4411 4565 3582 55 8157 0 4043 4942 9361 5264 6874 7528 7804 490 9168 7082 574 2961 9109 9471 1630 9072 1117 4460 4565 1326 7929 1727 6488 7146 8502 6421 4771 5549 9481 2244 7241 8405 5733 5849 9279 2151 525 1840 1602 7543 6164 8432 7046 6999 8825 6809 6566 7432 8404 6634 9948 7289 2602 6682 8623 7318 8491 2064 3880 2278 2656 7281 55 7690 5811 5981 2982 5378 5621 5613 5688 4304 7509 1701 8387 4911 8632 758 5015 498 7500 8030 3678 8777 7063 6289 9952 8937 4147 6518 5404 5147 4431 505 2829 6904 6534 1607 6331 7462 9126 5763 8175 2712 2690 2955 6183
8227 8614 6278 2244 642 5683 4608 6776 5104 7506 4938 2519 7901 141 7596 953 9355 8637 6900 6159 5804 6881 3818 4771 5766 4166 1766 1198 4175 7573 6885 3576 9814 2247 510 2049 5285 6634 9239 2349 4780 7302 4043 0 9224 8104 6957 7349 316 3551 8549 3952 7383 2369 7875 7531 2515 6427 6418 2685 8746 7599 4758 2923 9437 4694 4516 6750 1964 7931 488 9140 9816 4037 5406 2785 6017 1681 1390 8998 5560 3085 6998 8525 611 1506 7444 7991 3965 2491 7094 5196 7293 2395 7039 4092 7549 1701 7495 6398 9546 4556 2775 1461 5928 2787 207 7214 4910 2108 4813 3697 8186 7047 852 3327 1377 2111 8478 3158 1795 3305 4648 2300 5810 8845 6405 5905 9450 4294 7148 2997 7422 4602 4465 3036 5902 9390 3839 8881 6740 9053 8796 9500 8926 2617 9693 8291 7014 6337
1168 8017 419 5270 1615 9309 3669 2426 5839 9801 3123 7085 8988 1028 8002 3541 6511 4283 6117 8234 8452 7853 8417 1685 9911 219 5627 9489 7407 3767 7447 6044 3864 1260 2635 7208 2885 6614 4289 96 7322 1742 4942 9224 0 186 8327 2571 351 8934 351 889 4897 5372 7847 836 4164 317 9667 4208 9742 3920 2391 8462 547 6943 7359 1549 819 2642 998 9938 1274 543 6676 7060 5540 5943 1534 404 8578 2430 2975 4258 1941 1267 6508 7136 5709 4225 8967 2097 2890 9906 8436 7863 2677 4803 8701 6006 6698 1473 826 2800 9734 1573 6460 8728 9339 4075 7011 7554 7636 8118 9293 5562 8045 5051 2821 1902 5106 4751 3573 8179 6490 3194 3008 7127 7538 3819 74 3375 8191 4956 9047 5412 1054 7325 4144 128 4629 6878 5002 8711 7991 7995 5735 2148 1374 4129
6939 9776 310 734 5881 2996 66 4812 8496 2689 4861 9406 3084 7842 3953 6313 5975 6346 8035 4161 5785 3079 1683 5336 8639 2286 1960 910 5182 100 8289 8239 9804 66 2593 8682 794 16 7195 7521 1532 7969 9361 8104 186 0 2754 3475 6745 6178 4027 8103 60 7279 7888 1396 6427 2578 7990 5381 9966 464 3574 6433 3182 5120 9281 9337 6929 6414 3269 2610 9923 1808 6041 2583 2049 8917 7074 308 6007 1888 1912 9844 2413 2619 6491 8677 570 1358 6010 5043 2976 1581 1376 9221 261 7837 5531 7033 2504 4891 8496 760 5700 672 7246 7340 7153 8895 1410 1706 9046 9509 942 5933 4872 5300 4590 7832 3856 541 7451 1868 9161 9459 7943 274 7733 7 7709 2731 5755 6265 9817 9054 4659 662 5110 8312 4564 1392 2429 5407 9734 8874 7384 7932 8321 1950
5492 8988 303 8510 3829 8140 930 5574 9019 1346 7622 9671 644 2988 296 8812 7646 9667 9774 7394 6448 7474 120 8001 4548 3057 205 8435 571 6556 4928 4710 1789 9896 6553 514 486 4299 2617 1706 9382 144 5264 6957 8327 2754 0 7806 1404 5811 8284 7595 8441 1714 895 5193 570 8284 401 8396 6794 2040 3796 2821 5967 6954 9929 4528 9516 4518 7299 7710 2463 5626 7314 4405 5982 9053 3405 6748 5964 2846 1006 9752 405 5774 4478 7529 7580 5222 8870 4567 3879 4732 6616 2086 7347 4837 2347 3294 7514 6747 4246 3687 9656 2248 2459 9638 803 38 4600 4475 7981 4697 735 6157 1766 5951 9211 6595 772 9950 6327 4913 737 504 4918 4507 122 1476 4037 2532 8190 3010 8136 7671 8617 1939 256 2444 3036 3 5908 6208 7197 7565 5011 5973 817 1776
5683 7343 3678 1766 5795 3091 8725 2115 6443 3561 4638 7236 3743 5287 5128 8934 1917 2467 832 5115 5229 8112 674 3459 3884 6703 2160 4488 9627 3999 2695 4307 7432 4054 8350 5327 4356 6727 2106 8607 4057 9847 6874 7349 2571 3475 7806 0 4686 8248 374 5859 3828 6241 9495 5479 909 651 7644 2950 8870 1029 8831 4138 8349 436 6212 6741 1088 5854 9227 9896 102 719 9025 8170 8531 2853 6218 7859 4816 5260 3371 6517 5699 3699 6362 9846 1761 9448 742 9148 4875 72 2444 5338 6705 7067 8803 1357 6759 7556 7849 6411 653 5650 3127 8217 9536 564 6212 8779 9178 1022 6434 4362 3619 7798 2125 9699 138 7484 3411 4613 1694 2031 2451 5787 9086 2798 582 3061 5778 7423 4860 9904 6570 1894 3511 8073 5803 5239 9530 2566 3903 6894 5932 1035 1403 7704
183 9409 5258 876 5625 2310 3588 5306 9713 5128 9818 5360 4277 6180 855 5753 3746 1739 3137 2484 154 2701 1870 1350 467 3256 1253 97 9207 2994 2958 2458 7689 5975 4771 4360 7672 2226 9332 2858 8083 7658 7528 316 351 6745 1404 4686 0 6493 4076 3491 6662 4722 3289 3531 1622 3726 3332 4432 5629 6203 5985 3698 9553 6952 3204 7505 9716 5156 5246 3481 9909 6212 3504 7334 3610 7700 1693 8834 7991 1218 7246 5959 7693 6570 3077 8749 4739 3599 9440 3340 4333 6202 3531 5437 4711 919 1813 8144 4890 8236 8672 4126 6540 623 1843 3841 2956 3146 52 6533 1637 1613 2823 1361 7923 9839 3352 9056 1695 5624 194 3022 5928 3581 4784 6509 9685 4075 9163 176 7172 405 4345 8251 6766 8793 2298 8891 9043 8348 7885 2993 145 4172 3456 5057 4478 8035
91 2138 2469 5433 6890 3525 3266 1401 996 1968 7934 7157 2777 8325 1146 8594 1846 352 1867 8702 5035 7560 4916 3820 7626 4862 5553 3060 5419 9425 9524 9106 5325 8218 8942 3636 3868 9786 2057 352 2323 7886 7804 3551 8934 6178 5811 8248 6493 0 7818 3854 6143 6324 5794 3005 7359 1085 7010 6242 5521 1653 1439 1784 6445 7366 9896 4717 2663 5580 2271 4369 6895 2635 9576 9313 2674 3929 6053 2112 7159 3323 3631 1118 3844 458 6124 7061 155 6153 3863 3186 2265 4360 325 808 2353 2948 1788 3954 2832 5676 1276 2039 8125 7425 3746 4510 7927 402 6010 4510 1793 6026 7797 501 2073 3787 6629 3748 876 6857 6844 633 4991 8571 9989 560 4851 2050 9965 584 9739 1562 8106 9505 1058 6851 7884 2505 9257 6850 1618 1857 2881 860 8010 7774 5834 6439
9250 5778 6645 5559 1617 2571 6631 620 3909 299 7029 2931 6785 212 1415 8246 7624 1235 718 4089 3916 7399 2146 8797 8396 8749 3265 3539 5026 5072 2854 1418 2844 4178 8959 3563 2042 1501 8075 1762 3293 8913 490 8549 351 4027 8284 374 4076 7818 0 3425 9349 2684 1233 3313 5554 4912 1656 3660 2536 5291 4233 9229 8781 2035 4748 694 7092 6100 5434 2339 9718 9234 3361 2549 4548 3569 5168 4407 6253 6009 4415 8 434 9747 2055 1027 7033 2716 4959 8940 9521 2680 9829 1789 5944 2322 6399 2530 1627 331 6815 7701 1004 6279 4964 7763 5391 5619 4350 2513 5377 3192 9928 2191 1412 3429 6880 2689 5902 5259 6056 1463 243 4525 317 8251 1968 326 7722 808 2900 6354 6912 1823 8611 6387 8773 4058 140 8643 9993 8538 7826 4034 1929 3978 9772 6009
2357 4750 1923 8179 517 6608 3587 9543 4287 5426 5682 1295 8798 8180 4875 8599 748 1571 6669 6611 6211 2228 2739 6086 1476 7243 5794 8214 4105 4120 1671 4160 4696 9745 1358 392 5256 3445 2689 4691 573 2916 9168 3952 889 8103 7595 5859 3491 3854 3425 0 5416 6042 8063 660 9537 7730 5069 401 6443 1403 8465 4589 257 2307 7280 1665 3828 5633 7967 7871 8040 6295 4125 459 6948 3336 7255 842 9695 9779 2451 3649 3210 8070 2336 5147 5863 5789 5650 5136 9239 4958 2488 924 9444 2892 1305 4486 3439 1626 2471 1414 2379 2592 5462 8881 2083 5495 6156 5528 3023 9413 8838 6087 1838 7838 3042 2507 9886 8996 430 6647 6757 4447 4495 1029 5949 9887 4633 4778 7698 5317 5614 5807 6748 3171 2007 8218 8833 4502 9790 4794 4490 193 5799 4383 5847 1992
6491 326 4125 5758 6625 8641 3666 6397 9797 5350 6065 1382 308 1028 1027 5677 7885 9372 3151 5457 228 2330 5737 9693 3452 9738 5665 2086 3780 9899 1327 859 9689 7525 9473 864 359 6749 3368 3291 9761 8438 7082 7383 4897 60 8441 3828 6662 6143 9349 5416 0 1919 2604 7257 3250 9952 3159 7741 5465 958 6412 9788 8900 1335 3547 4360 4038 167 6600 5924 7396 8676 2646 7958 2026 7672 2534 1536 3520 5914 9669 783 3297 9471 397 2239 2599 8126 2284 9693 5708 3370 2308 5406 9185 300 324 1110 3979 3301 9490 9569 9588 8847 9406 5012 7873 8310 4590 8720 3405 8314 8407 9074 6034 2332 2157 6988 1025 9804 8398 4411 1026 1388 9342 927 9346 1091 2609 7763 9395 8090 2528 2627 5241 6092 8043 2385 1930 2517 4530 1141 7940 2415 2860 5917 6428 7211
8511 9412 5819 7092 9836 1851 7924 1673 6066 3179 7294 3052 9062 9398 5727 7301 5956 5223 5875 6645 6774 867 1654 9557 2306 2202 3326 7790 8862 667 7755 8380 659 9346 6493 3496 4248 2646 6014 781 7914 5114 574 2369 5372 7279 1714 6241 4722 6324 2684 6042 1919 0 6397 5011 1367 4688 9869 7794 8131 7504 4081 4310 5209 9939 8469 8162 7796 7324 5012 5603 9729 3529 8627 2609 8847 8744 2897 3431 3975 4360 4275 4143 1807 8372 6631 59 9355 9361 538 7976 5982 3393 6981 1059 9751 1218 4276 585 9537 354 3215 6252 7337 3134 4139 9821 2794 9917 9613 4067 9446 1945 3076 5450 2062 215 3311 486 270 1089 2464 2794 2006 5659 8830 1140 2440 4927 35 239 3113 4375 365 5007 9989 3332 3450 7064 7819 6958 2011 1032 9198 9354 8913 5432 4194 434
