200
0 3132 1874 4709 5609 6707 8164 8623 122 8728 1027 7297 1955 8371 6548 5928 3570 7505 7842 2075 2981 4586 5895 7558 7520 1519 6413 3714 184 2055 9497 8894 6488 1481 3763 522 7019 6599 7066 9788 8934 9120 4105 6342 242 2071 5605 3831 5874 3429 2405 8066 4233 1707 6223 7886 2262 7447 2817 7358 9179 2297 1706 3949 6663 8009 622 2697 6972 2460 72 1904 3107 6273 2175 6676 9142 9905 667 1771 8511 5844 9768 9312 7248 607 3819 8352 6839 4106 7296 632 5348 4980 7239 2090 2161 8329 2361 3920 9919 8429 9830 3402 4176 3080 848 4974 7448 2649 3202 18 5043 643 5371 6835 4275 3952 7513 2910 1388 7255 3053 5406 1943 2465 5811 6825 9334 2737 5021 3129 8650 9323 941 7065 736 2645 3407 7490 6168 8273 7773 4058 3908 3583 7462 5039 1952 3990 786 5826 7252 321 985 3004 3106 1316 4028 8534 1585 7026 714 8786 6830 7872 1224 7913 7129 4729 7669 4358 1248 8471 8060 750 1299 8850 2431 5644 4262 7205 7281 5271 394 3447 2295 8562 5535 3651 5696 6678 1944 5261 4558 6809 9742 9754 87 3099
3132 0 98 3822 2260 9548 2029 8757 2676 1054 308 5496 6087 4062 83 1127 9663 595 8038 2176 8678 780 8667 6437 6842 3676 562 9702 5525 7512 4088 5796 7142 7387 5819 8213 5439 6827 4450 5150 3686 3857 3328 6263 449 3137 8186 1079 4468 5966 1819 5170 5441 7928 5441 6122 3517 2458 3197 4839 7358 9128 6154 5995 37 213 4591 5704 9770 6053 2624 7900 5331 9373 5165 6308 8486 2599 4471 8022 6269 8293 8367 1933 7225 896 608 1339 7671 747 5028 7231 427 6119 8648 2774 7504 5041 8390 1444 6613 2600 2015 7882 5365 3850 5620 7522 8936 2151 1630 4331 8063 5517 9820 1308 3205 3337 7250 1205 163 8610 8553 6433 2959 8724 2369 7318 9835 3694 2175 3778 8175 1378 2214 384 6468 8691 5963 2463 1996 1917 5955 7510 9566 3130 4397 3305 4874 3481 7667 8799 8172 8345 8270 6165 1965 7861 780 7144 2213 4699 5477 7886 5792 4019 976 3064 5660 6503 4297 5436 6090 5900 6852 5655 2237 4115 7205 1189 2847 504 6248 5050 2047 1828 527 8897 4071 4783 190 9408 5632 4241 8548 1301 257 9309 428 2255
1874 98 0 8843 6684 7074 3819 8621 8938 1041 6541 1878 554 8623 5504 2502 9329 1258 3899 6709 7823 7447 1351 9710 2826 1843 739 5813 8166 3121 6957 7718 8215 3607 3736 8182 7687 9682 7043 3820 9601 5340 7493 3810 3515 7675 2272 979 9632 9381 1475 9733 5457 1676 7091 6941 814 9940 1956 2607 5221 9788 7312 9197 2576 1423 6083 628 3331 1590 8302 4557 4137 9456 3752 7015 3062 5509 4234 3507 7058 5439 8968 1062 6423 3624 7439 6428 6483 3445 1402 8438 6854 8275 8938 546 2219 657 52 7663 1273 538 7858 7746 6838 4549 7090 4579 2815 4482 3760 9298 7699 5754 5896 4128 7365 4587 1537 9065 2930 1615 2286 3653 5293 1619 8201 6795 8819 5474 598 1407 3840 5502 7973 6781 7093 4469 3302 180 9459 2792 3081 3368 1395 6736 2142 358 1026 2426 5915 4380 9549 3115 3580 2252 1454 5225 3009 1134 4870 7349 2239 4412 2330 6523 974 6211 6801 7119 618 3656 3901 1273 8931 4042 2818 8616 4493 9495 7250 7762 9060 8780 2180 3381 7340 8859 8175 9279 9824 9603 9297 3176 9700 204 3215 3515 6966 6459
4709 3822 8843 0 1500 7316 1379 485 8920 9450 743 9459 5459 1734 8115 5485 8800 9962 1516 5223 6890 4569 7939 4325 9976 962 560 385 2040 1712 6568 1469 7858 5063 2304 3307 7434 8272 3602 379 7247 4298 4407 9685 9293 7119 3528 8964 6313 9254 1450 1197 442 2893 2112 4709 4974 5385 8097 9827 3036 6015 8469 5949 7299 4899 5703 4487 5703 457 3931 2272 5176 5828 5671 7851 9725 4419 5855 3868 3081 2469 509 8814 6250 832 5390 2419 5757 6640 616 5480 8720 5599 7435 1485 7127 6407 3566 970 5149 7043 5293 909 9081 9624 4065 1194 8585 2676 2415 7651 8599 4292 5158 9347 2873 1119 7779 8777 2952 9876 5478 597 1665 7540 9234 9584 9467 6688 6797 1875 5592 3554 1551 7539 6180 7002 582 8499 406 3708 9290 1782 7130 4586 6932 4704 9100 2759 1833 3237 1747 8036 7318 8093 3831 6983 1133 2331 7699 9775 5945 9478 5234 3777 3354 7245 2086 6710 4405 154 6590 8566 5839 6060 9151 3073 5101 9082 8167 3569 9601 1620 211 7775 5824 4147 5332 435 4402 3998 3364 8336 9702 4542 755 7996 1700 1364
5609 2260 6684 1500 0 7903 6400 6681 9001 6634 2946 4389 1936 9838 3471 131 2248 8385 2487 117 5831 566 6693 7410 8896 1188 6183 1356 6692 4814 9472 8300 4568 4495 3343 7431 4002 6106 4649 2029 1830 5863 4975 5256 2587 6838 8286 2859 7097 1475 7732 5354 9769 3861 86 3672 2166 968 6784 7862 6301 4341 7477 1852 5325 3570 9030 6448 4883 3244 6089 3963 516 9325 299 4307 7356 5494 1296 7350 2615 9482 6892 8133 709 7652 7484 6719 3885 5948 6250 9458 5027 3256 8494 5525 2521 1279 9171 6078 9430 7741 5331 2859 8354 5884 3925 5158 2274 5676 1420 3484 6879 3834 9814 2008 3020 3850 52 5379 2091 4869 9207 792 6732 1232 4775 7880 359 6589 8106 1555 35 1579 1639 6796 6669 5752 1222 6416 1353 7242 4817 2089 147 2695 4137 7094 9294 4414 9154 7365 338 6413 5266 3865 1886 7826 8144 7873 4146 5279 1818 7067 1018 5529 6579 4634 6668 43 97 7456 1502 9152 2909 2724 3331 1402 4929 3125 1983 6796 2400 2761 9999 5111 6616 9906 7990 1727 3313 9917 3297 5622 8369 5056 3922 1077 2314 2265
6707 9548 7074 7316 7903 0 7135 6252 2628 8693 4422 1078 8450 510 8759 7095 7290 7614 5290 25 8739 1445 6523 3474 6433 2917 4428 9829 2914 1352 5377 9601 1105 6051 570 3083 181 5526 8210 599 6471 8525 4672 6803 4898 1618 4299 304 9912 5440 8417 1003 5174 9547 2663 7126 3332 6299 7215 6414 5442 1813 4510 6253 1329 7070 2122 8100 6730 3251 370 9540 3563 458 4547 3351 4649 4492 6194 4160 3352 1537 1294 7702 3992 1794 3777 9007 8262 7131 8789 9078 7799 4063 5838 5593 2068 2219 4527 5188 8811 2162 5501 1618 823 7589 705 34 5541 2066 4672 7567 1971 823 3466 1960 1991 7670 7582 5046 7942 9576 8527 405 7317 3671 2287 8834 3434 5595 6878 8624 2090 2226 728 3397 5644 2411 7702 2716 6806 2198 5460 3885 8735 3051 6630 419 1502 3120 759 2851 1437 748 2712 6881 9718 9687 4935 8480 4642 2057 6464 5442 1044 4217 8539 7305 9355 5069 1106 6144 9981 8665 894 9888 9195 7205 2537 4972 6022 5720 5353 2779 5410 4905 4916 3462 7961 896 3760 2278 3394 6752 3612 6120 6947 1782 4344 6872
8164 2029 3819 1379 6400 7135 0 1365 9644 3127 187 4674 6052 7503 9493 5624 6976 7012 427 8318 5728 7933 7705 3830 5221 9325 9608 1689 8660 192 2108 6332 4923 7631 3875 3414 1111 354 1723 2401 4811 6246 8819 8145 8954 8650 4585 9633 5814 2339 3467 3223 2496 6338 2023 1848 9247 5712 521 5565 1579 3193 2791 9550 3979 2609 96 1854 681 4596 6728 1657 8060 8120 4149 2733 6268 1909 1979 9404 1276 3265 230 9883 9193 8658 4605 6322 2067 418 2265 5063 8368 2756 6698 6723 7465 7974 2943 5235 8236 9458 6534 309 2994 2582 9660 3634 7038 5758 8747 8642 2516 5565 4654 7940 2524 3626 14 9412 2441 2866 2933 9742 8012 826 8614 7247 1182 9618 1959 5780 8361 3675 2542 31 175 9254 8768 3309 2265 6531 4241 9229 1799 7649 8358 3992 9487 6612 391 7022 6778 9798 6118 3057 795 4745 9443 3208 4214 1894 5502 6573 9608 5709 7579 8224 1020 1647 3132 8275 3254 4974 6378 5312 1480 512 7944 9098 8563 2249 216 3294 4552 7303 7081 7827 5813 2969 4070 7229 4470 1200 9734 4135 6381 4723 449 1328
8623 8757 8621 485 6681 6252 1365 0 4712 5005 411 6049 3440 6588 9676 1615 1235 2977 8485 5203 1129 9913 2537 4957 623 1170 7022 5333 7033 8353 9660 3959 1785 9513 1118 3900 7447 667 3812 6452 2250 3226 1470 7066 7034 637 2998 6461 7389 5029 8448 1265 2481 6846 8051 6213 8761 6838 8699 7929 5559 3272 3119 5283 3129 3949 1454 2283 503 2172 5940 5247 1388 8136 5301 8401 2733 130 6923 8599 926 7207 5591 1638 4927 7478 1547 6584 3237 9258 9963 6904 639 4009 8169 6988 7440 8714 9763 5985 7569 6800 3109 7098 6858 5014 9475 84 8301 7954 1971 9769 5829 7333 9959 6008 5660 9813 2279 3079 4583 2981 2943 2402 3499 591 1148 2740 6370 557 1777 8895 3702 8134 3107 5368 4061 6453 7183 6516 3196 6126 7259 9909 6644 5623 2097 5964 3026 2434 6949 8234 7874 7206 1210 758 2832 6297 6304 8875 2805 33 2519 8071 5946 3133 1641 878 5160 1700 3328 7678 8086 5781 5574 7459 7286 5575 2259 1320 3707 8626 8621 5425 3941 3471 9490 5178 7375 9170 9923 5245 6844 3849 3354 1502 4494 6359 8883 8997
122 2676 8938 8920 9001 2628 9644 4712 0 816 1294 9629 8839 6879 2022 5413 3081 1037 7489 2856 366 6383 6638 8979 170 9425 9712 1793 69 7867 488 1266 9894 9372 7198 9128 9473 737 7174 4233 7930 9760 1978 749 2878 1004 6768 2998 1663 6846 7439 8823 7088 4352 8734 9223 7497 5652 1294 4394 3570 9349 138 7511 3661 9646 6754 6944 6479 8873 5847 8909 8530 8231 608 8908 309 1590 6050 8767 425 5016 8696 3881 9465 9986 5332 9027 7984 5103 3691 7380 9248 6436 9143 6950 412 8339 9748 5369 2346 8452 2514 527 4134 9334 759 2340 4770 2849 699 841 4606 1927 6481 3321 3008 3405 6545 8520 8014 6765 5885 4313 1973 2649 5544 4673 1844 9069 9286 4457 7659 6046 2480 6983 560 9255 6161 3303 4821 3080 5828 7981 3087 1093 2006 4658 4673 2351 4658 1593 5350 4272 7919 1967 4760 3025 4161 7624 3841 9679 4430 8001 4663 8744 4330 4564 9797 8394 3359 391 5268 6218 9552 4262 6544 3273 7441 6567 2953 1651 315 1199 8832 9245 3920 3700 5057 1745 5156 2033 6669 1763 7919 3040 9459 2229 3237 3792
8728 1054 1041 9450 6634 8693 3127 5005 816 0 3653 6833 3809 4673 8303 5816 2196 3455 2105 8285 2739 1259 9394 9400 8022 3941 2307 6923 5490 7605 9620 864 6964 3381 7469 7977 7780 6539 6714 64 9710 1944 5190 7118 140 3982 2952 3972 2083 7794 9551 1865 3479 6009 4290 9507 3741 7644 4489 6451 3928 5201 6238 6211 7168 22 6572 200 1482 929 6628 8907 1719 7609 4251 3203 8671 74 9946 621 4950 2477 3519 5233 9368 8831 2998 485 812 3496 5957 4035 8996 2152 224 621 4515 6216 9680 1334 4921 5967 537 8977 5527 3724 2900 9182 8691 9455 3737 8344 5696 3938 6206 5157 4468 2699 723 9137 165 2299 7885 7233 606 481 586 9426 8999 2691 2976 5826 447 2009 9520 2085 6288 8624 3014 1793 3481 3638 9689 4605 2636 3991 784 7192 8198 800 6817 5802 5816 8977 7350 1062 9291 8495 4988 1229 4070 7754 4777 6806 4402 3009 5306 9694 9041 6799 9248 6295 219 9674 2936 1654 3831 5515 886 7701 5455 5983 8675 4134 3254 888 3385 4941 2332 224 7713 7412 10000 2458 8115 1620 5039 9447 193 1756
1027 308 6541 743 2946 4422 187 411 1294 3653 0 4861 8552 3077 3645 9968 6199 1533 3457 7602 7338 4940 8068 287 7732 4633 5871 8904 3474 6822 5182 340 7521 2421 1623 6868 2464 4176 7349 1596 3923 1170 1717 7666 4390 9420 7340 4040 208 3699 4663 8461 3331 9364 2521 6130 625 2168 2250 7013 9892 2271 3720 9343 9726 2762 7704 5175 238 5883 7908 8576 2827 1244 2471 8051 5198 3210 8714 9611 7929 9957 7440 796 4616 479 304 6658 4890 2678 9077 4411 9180 1780 8118 8268 6326 9424 103 4010 9965 695 9742 6142 1363 5959 7060 7738 8924 6718 2718 1366 146 2600 4479 2422 6981 492 9533 7139 2249 2557 1633 4724 7601 3126 5748 3348 6037 6040 7385 8544 1730 4340 2859 4058 8180 5863 6969 4656 5253 1807 9350 524 2313 8607 4506 3937 861 9670 4337 9868 2970 4579 1611 5160 4971 1206 9643 2266 8675 3773 2924 5526 9103 6863 6447 6761 4268 9534 5084 5040 3600 3986 5833 1225 1658 6858 9538 685 6240 5400 8330 2856 4382 6665 1350 975 5396 1406 3525 543 9893 1000 2758 8711 6587 2827 6257 6077
7297 5496 1878 9459 4389 1078 4674 6049 9629 6833 4861 0 9639 5263 128 2228 3169 6769 4854 7160 6480 5111 8386 2533 6018 437 9445 8722 5857 9835 5165 3586 6881 1587 3737 6289 604 503 789 9065 6452 793 6799 9740 8709 5138 8007 1469 8096 6274 7224 472 3328 2858 4538 838 4966 6597 6166 5018 8441 3623 8770 6359 3425 7500 448 4972 9599 2660 45 5320 4323 7879 2620 408 9450 4951 1299 1311 8249 8210 6177 344 5961 8127 193 5678 5243 2449 9978 5353 9605 5749 1954 1708 771 5258 2205 2465 9416 9701 9678 9122 4470 2730 6528 7330 4701 2029 5789 2945 1308 1884 7365 987 7719 8133 9354 1036 1695 2095 5924 1735 3529 4593 3634 9415 1140 3715 8725 1807 6205 3200 9210 899 5510 5061 4529 6725 5064 3061 8349 5655 1270 791 983 8126 2530 2800 4984 8813 4757 2688 4914 9630 2844 9291 7132 4112 3119 7609 5645 9943 9947 85 3108 7177 754 1747 2429 3621 4371 9035 2546 5799 4033 8381 1859 9344 1729 3760 7096 6085 4038 2230 666 9282 5347 9637 9251 4247 2674 6316 9113 2092 8878 2684 2337 1404
1955 6087 554 5459 1936 8450 6052 3440 8839 3809 8552 9639 0 4900 7466 7845 1121 8993 7388 6776 9501 2938 4354 7758 530 8866 9313 6498 739 9449 9838 2474 9948 1209 1686 8056 3030 3267 4982 4742 675 9731 2156 9125 9436 8340 300 9686 7142 601 965 6502 97 5102 6384 2279 6529 8858 1993 4040 4914 6052 7045 3835 2874 1540 8271 3894 3641 303 8825 8045 6592 9902 8521 1570 5366 7349 9780 7524 1926 1699 8817 1587 1819 4374 1971 6598 4106 4206 8727 4867 1610 243 3350 4066 6613 8496 515 9445 7309 5925 6481 3859 3981 2271 7322 2128 6164 9400 1494 6783 5938 9320 9948 4223 8594 2669 9070 263 7070 9594 4077 7170 8525 4798 3336 1352 148 4226 8252 3624 4671 1349 1950 7873 9594 568 2406 8592 243 4428 3966 4977 6500 918 8334 1039 6363 8080 1713 7940 1432 3686 2062 1670 6733 5377 3025 2568 5921 3012 2852 1620 745 7885 3849 5789 5797 228 6503 9100 6061 9334 3032 9296 6072 9322 4232 7854 3359 3271 7775 4747 3275 8113 6917 5361 7643 2171 3268 1406 5377 337 8890 6564 3670 8238 1357 591
8371 4062 8623 1734 9838 510 7503 6588 6879 4673 3077 5263 4900 0 3352 1442 3279 7775 9611 5126 907 4060 7840 959 7422 2103 4843 4215 8240 4388 1585 4075 6449 6985 3069 3864 269 1753 7895 7422 7377 6748 8781 7665 4710 6575 4520 3438 1834 9720 857 9485 8248 5844 6044 4790 4334 8013 4716 301 2429 4892 6799 7882 446 7449 5589 8161 4123 6530 2986 9882 7774 250 13 1626 8850 18 4791 8321 1614 4134 1365 1290 1782 9863 7713 3484 8826 2112 9629 7043 3055 2105 9754 1949 305 4158 1243 3031 5716 8951 8217 5248 5461 2154 9519 3481 1181 7682 770 7008 4417 2080 4143 7463 9956 2729 8568 5380 197 3862 2069 1539 8307 9346 828 4057 9865 67 816 6324 262 8983 350 3685 5177 8171 7098 5208 3244 7745 1436 2062 567 5288 5194 7304 4439 6997 3446 3173 6760 445 3039 6126 7486 5031 2741 9614 6087 1078 5367 335 655 4743 7880 8261 2840 773 2814 1586 3868 2360 5623 44 8298 6803 8514 5020 3299 6462 7388 5802 839 9372 3158 926 1461 9868 5142 788 2856 4212 3293 5717 1167 1769 6252 4725
6548 83 5504 8115 3471 8759 9493 9676 2022 8303 3645 128 7466 3352 0 5357 1593 3637 224 8180 1067 806 8635 589 5935 7130 4905 4178 2570 9158 4108 6808 3516 7762 7929 930 2176 1277 1252 6166 2805 4071 4618 1764 8091 2168 5399 2923 515 9055 1978 4587 9521 9219 9329 2187 8173 232 540 7005 7394 9989 3253 3893 4262 8649 3303 6568 1256 9147 3440 1768 1459 8336 7371 4088 1846 1943 2539 6699 6413 2263 4337 6771 1355 6458 6686 7164 6283 9432 8119 9466 76 2828 4255 7179 9411 254 6596 9034 2758 3400 2105 2015 7835 304 653 6364 1001 9317 494 5204 6852 9817 5872 6211 2009 6565 3524 487 8421 1017 8892 5246 1179 8977 7332 1284 6877 5116 7997 8485 6428 6687 7885 7381 2197 1773 5962 6320 3458 566 6733 6328 7372 6738 3313 3620 8499 3551 6970 6847 9730 2575 5566 3463 6269 118 7851 5406 7513 1679 9237 3132 9959 307 8877 3791 9053 9069 5425 3773 6395 8661 9706 9575 8775 78 9384 3699 261 838 605 821 371 7382 2056 7859 6214 3826 9660 4574 6786 4547 9508 1591 5074 5953 9180 2806
5928 1127 2502 5485 131 7095 5624 1615 5413 5816 9968 2228 7845 1442 5357 0 4606 4201 3350 7439 2628 5288 4663 7639 2795 5875 4752 7361 7687 9101 9869 1413 3993 3183 3931 1469 9135 1464 5713 5146 1891 3115 4758 9593 680 6720 5682 4997 1289 7947 5483 1639 5270 7197 8385 4094 581 4702 9870 9771 753 8772 3847 3833 9658 7901 8362 4474 2326 1125 1591 2981 3892 4609 3490 4611 2450 5945 1711 4682 12 7806 9788 1639 3671 4600 4555 69 4369 8081 6451 156 3058 4868 3141 6639 7718 9978 1563 8514 4875 9920 9727 3884 5058 8326 2526 3431 5159 2354 5159 4311 4131 8977 7715 4025 223 195 9992 1105 3372 3618 9909 4047 8764 6484 3938 9476 2256 8245 7939 6610 7815 1229 1256 1687 9676 8588 4865 4898 5368 8693 1598 5491 4877 6114 3394 636 3531 9825 6918 9909 9113 9223 9690 7816 3027 1612 9733 190 3068 4821 3408 5930 3893 5455 4002 1021 1486 7929 231 5008 4870 4137 8955 4737 5053 1786 3565 400 9926 3618 7712 354 8519 589 5590 1457 6308 7835 8243 9428 2572 420 6250 7594 4423 2021 8790 6501
3570 9663 9329 8800 2248 7290 6976 1235 3081 2196 6199 3169 1121 3279 1593 4606 0 7224 1072 868 1896 4902 5518 3961 9636 6348 8836 5613 6838 7589 7771 2421 5565 2047 7713 8314 1240 7435 7347 7250 6333 6011 2735 982 2253 1999 7029 3472 2252 2188 4395 6681 7370 8423 5878 7524 3520 7549 1093 4932 5211 8669 2522 1604 5990 6831 2617 2096 5737 43 5372 4893 8772 5074 1578 6256 7757 6574 572 1019 9630 8981 7337 9385 3020 5441 105 1679 300 480 1858 7575 8966 4254 9447 7050 3653 5257 9932 8941 2942 237 3385 3645 1354 7307 1816 2045 9029 438 1248 6892 2614 7146 2051 371 8548 3230 2845 4438 8468 2046 7835 6392 3355 9522 887 8265 9322 3664 65 2091 8803 7275 7428 4295 7635 1610 3616 8451 1936 4821 2878 5368 9054 9487 9932 1793 4612 8248 9470 3356 3551 452 7772 6172 1781 8226 2822 3122 8711 6624 4009 9993 8081 8607 8454 8640 7104 9687 8391 1201 5751 1595 1024 3576 9858 6892 2206 2390 1587 9651 1508 4792 4507 8541 2629 4297 6101 9480 4673 359 7968 1227 1022 4709 386 2752 3804 2831
7505 595 1258 9962 8385 7614 7012 2977 1037 3455 1533 6769 8993 7775 3637 4201 7224 0 9169 5716 2821 9770 7450 5219 3115 928 2493 6232 7448 9682 4576 1868 1705 2115 4475 9929 9385 7582 1190 5480 1797 9837 9544 5843 9171 7493 122 7840 1955 9381 6851 3062 7945 5610 1782 9933 5713 6565 6373 1469 3780 8917 6026 5305 1757 1847 6241 5716 3975 852 2827 338 3791 4117 7923 2083 4747 7024 303 4137 7036 1651 822 1596 3741 3421 5648 1485 257 7886 9554 6083 5774 3839 432 4493 3649 7280 5173 9862 3738 1488 593 6381 3215 4931 4315 3255 7494 4165 2371 1520 8469 5900 4557 5419 1567 1384 7440 7498 9934 8035 3501 6657 7990 9359 4278 9452 6023 6672 6671 4191 6065 8716 7206 4666 4109 3405 7601 1227 366 4276 3124 3033 6017 1690 7627 565 6903 2008 4521 9564 7522 1830 4778 3162 5093 7485 5205 1085 2036 517 1401 7443 4264 964 750 9863 1291 5861 5248 8915 1600 9261 5178 6035 1742 3144 2173 7229 482 6329 453 8556 1865 8742 8947 2530 4637 3634 3948 7347 8537 340 9774 1819 5123 4452 7858 2763
7842 8038 3899 1516 2487 5290 427 8485 7489 2105 3457 4854 7388 9611 224 3350 1072 9169 0 302 6337 3760 5847 5450 9979 3263 6418 4329 9347 3138 5846 4228 2336 8830 5386 1814 4252 6863 9264 3544 7764 240 6092 1521 9992 7805 7217 8995 4272 1084 3611 854 7709 7488 4038 859 9319 1826 2864 6019 1182 9201 5890 6586 9968 5305 1537 3813 5873 4726 3504 1288 9665 3239 6698 6742 6620 1659 6649 8552 1647 8121 9154 4148 2789 5443 5783 9201 6218 4788 7044 738 8191 6096 624 1163 5987 1685 9333 7109 5647 7809 2178 9057 8451 9673 7695 1618 5776 3410 7298 9523 962 6221 6845 9125 9949 577 2601 9068 6398 6424 2107 2026 9346 2997 2834 7131 9843 770 9916 2913 8962 1378 3262 8603 5559 9451 9969 1597 3767 8453 5878 7852 4418 780 1117 8699 1271 2184 2251 4883 4264 6977 4955 4472 5324 1031 8770 2188 2594 201 5958 8504 2321 4953 7689 9262 985 2174 3174 7360 6868 2398 3191 2997 4839 2032 881 765 1242 3152 6525 9356 6102 9426 7652 747 9057 3689 7387 9679 2831 2667 6951 5400 6968 8253 2500 9003
2075 2176 6709 5223 117 25 8318 5203 2856 8285 7602 7160 6776 5126 8180 7439 868 5716 302 0 725 5195 5304 2827 2382 5599 6237 7688 8250 4937 7 5555 8715 2614 3234 7954 6428 8002 8271 955 6392 1298 5865 593 9412 9524 8042 9915 1887 9650 2168 3436 1912 2557 8552 4174 2145 1716 9933 6003 2125 6194 735 1235 5089 5291 8886 6512 6748 8011 9542 9508 4142 7105 7381 9064 1940 4829 1293 5692 2750 8052 9898 6792 409 2918 1753 630 3546 7072 8300 8281 5288 5642 6268 3122 6487 5963 4974 3203 684 2998 7653 2345 1434 49 1014 8564 6066 376 2615 5407 3623 2802 3885 8051 7528 6129 6923 5989 9191 5809 1288 6947 7815 5869 7799 1086 3321 2462 5316 4065 1157 4764 5262 3332 5156 5010 4600 8699 9703 6790 6381 5684 3810 1601 3313 4500 8445 6338 759 3300 8290 3758 9699 1705 1245 2635 5839 9268 4752 4233 8791 9430 8450 4032 6858 2754 6254 8111 1188 6840 6682 6020 2291 7230 6331 7710 9093 9853 4859 4750 3646 8036 3018 8556 135 3055 3566 743 2254 7784 2344 7308 731 6014 6043 2600 9155 4698
2981 8678 7823 6890 5831 8739 5728 1129 366 2739 7338 6480 9501 907 1067 2628 1896 2821 6337 725 0 2283 2878 2577 8341 5403 9441 1533 4337 5388 8388 7552 6092 1743 8799 994 3629 9880 5011 4365 3993 9777 9029 2877 1172 6545 293 9400 4638 6944 9421 5648 7125 7221 4429 2373 5175 3077 8011 4257 1250 7365 9530 7945 511 2432 1192 7825 5413 9058 2029 815 6972 8775 7075 6090 3581 9058 3746 1099 2692 6484 6059 298 79 3515 8458 6422 4300 6066 2192 9102 2697 3630 1457 9536 4942 9003 298 3870 9853 574 9455 860 1051 1744 4809 9998 2332 7565 4868 765 9397 7350 8219 527 3203 6578 7639 4107 4667 9231 5709 2966 271 5356 274 6479 9650 5359 7818 5248 7647 8978 1867 2746 7217 3157 338 4236 3276 8198 435 8366 6606 6480 1561 8813 3880 7571 2386 2757 8684 6047 6368 4437 7991 4767 1494 1073 1238 2451 3905 108 7291 3773 4072 4227 4044 2340 3707 3671 510 7921 1220 2036 6139 6419 1709 7700 4790 3754 9093 3363 5860 440 8944 6707 9115 735 1958 1063 5454 903 5428 3085 8589 1796 2601 3620
4586 780 7447 4569 566 1445 7933 9913 6383 1259 4940 5111 2938 4060 806 5288 4902 9770 3760 5195 2283 0 2446 2253 240 8915 553 4413 9582 916 9624 691 7303 8574 2909 5705 9326 8547 9447 9903 9288 1150 196 9640 5116 1516 3464 6240 3424 631 4807 8464 6865 816 3018 1378 1589 6713 6942 2314 1545 5135 3732 2508 9107 3906 5134 1882 6334 6652 3813 504 8836 2567 2227 1641 6500 6013 7561 7968 5769 9450 3972 2651 9292 615 6138 6700 1219 5397 7745 2026 5446 4148 5059 2728 2011 3610 242 7426 5683 1592 520 8167 4891 3718 1039 1550 9274 8629 2510 7041 5474 334 538 778 728 7430 3874 170 4482 9462 8325 1353 2097 2291 4076 7599 225 5929 8950 9911 9096 2822 3341 3635 2185 8525 9595 1771 3663 711 431 2462 8124 9924 7089 2974 7958 5877 5886 5356 6727 6546 3910 4 1296 9352 5148 2953 3450 1871 8718 3194 5863 1797 6252 9009 5351 7096 4505 4039 7374 7895 4081 3899 6731 9059 2567 5183 562 4651 2114 1405 2728 5817 8560 6883 5977 8460 1989 4488 5701 693 8672 4758 6291 2051 4566 6566
5895 8667 1351 7939 6693 6523 7705 2537 6638 9394 8068 8386 4354 7840 8635 4663 5518 7450 5847 5304 2878 2446 0 2843 9114 1045 5795 6426 4783 7727 6292 8496 2425 3206 3919 8549 6868 717 6460 2983 5011 7805 7640 5235 8578 8502 3087 5179 8326 2187 4040 5582 4139 303 1613 8090 8434 331 7777 855 3227 3126 8735 3393 7457 3072 5252 344 5444 8449 2502 1606 9022 1733 8675 9721 4684 1905 1404 9930 8579 5191 4907 1473 3021 8799 3422 5743 7276 6135 8903 2860 3600 905 3149 7741 958 618 101 2594 9856 554 811 7025 2612 6540 8792 8318 211 3354 6610 5588 2357 7285 8442 4093 1303 7263 7176 7052 1837 3295 5596 8704 3346 7666 4875 9566 7596 1077 6889 633 1649 4009 3626 1645 5621 8678 7690 2549 8607 4109 1762 8121 4782 5944 2849 4846 706 359 3922 4844 3394 7675 5729 8662 9040 8803 2631 4928 870 1875 5576 8707 3464 9586 1112 1514 1581 9175 4639 3456 9590 7446 1381 8827 2780 2482 2748 7099 3782 712 3530 3799 9331 6952 8898 373 6217 1356 6354 979 3820 7030 6588 6506 3838 5120 2447 8037
7558 6437 9710 4325 7410 3474 3830 4957 8979 9400 287 2533 7758 959 589 7639 3961 5219 5450 2827 2577 2253 2843 0 4453 3159 9871 467 9488 3939 4720 2197 9762 7322 8028 5284 8585 1333 8242 7652 7602 3200 6735 9664 2033 2602 6130 7398 6956 4380 1923 2108 8340 564 9023 1902 1478 1668 3835 6025 1833 8140 2810 834 7467 6178 1922 9445 1569 7249 9411 4661 7772 4696 301 4538 4768 2285 4984 3797 7136 3809 9131 1513 5318 9642 8877 9236 7923 4843 2241 8994 2256 7411 8655 3931 1643 2607 5552 2352 8553 3847 7487 68 2065 5002 568 9483 2932 275 1756 5459 9239 1512 6358 443 9109 1244 9701 5990 2005 3217 2268 6507 7366 9229 436 5831 7784 6910 2373 9680 3668 2000 1228 3632 5675 362 5091 967 5985 7404 1322 7667 9768 8817 2571 8949 2767 9990 5283 5484 96 9273 1984 617 5627 2774 481 8565 2764 9520 1138 9413 4390 3830 4342 3269 7181 9705 246 1041 6814 5060 4219 9800 8681 425 6668 118 5614 9538 6434 2924 6897 5372 5413 9441 5037 9926 9474 3147 32 1143 2622 4881 7286 2698 2004 810
7520 6842 2826 9976 8896 6433 5221 623 170 8022 7732 6018 530 7422 5935 2795 9636 3115 9979 2382 8341 240 9114 4453 0 1551 7559 8418 7446 503 7378 8402 1925 7070 3342 1642 1632 272 2959 4951 7399 9921 4637 3382 2107 7713 9482 3873 6067 7660 5585 4856 1562 9256 3555 221 448 9979 9688 8751 9083 1454 7407 2976 781 8935 1665 6334 3922 3309 3970 772 1181 841 7876 1833 3266 4212 4983 4468 5435 5572 3524 7046 9003 5093 5796 10000 6168 5806 3085 775 735 7953 8679 4373 180 8767 6219 8581 7996 2916 4556 7054 5063 4551 7566 4337 9616 2652 2902 7666 2872 7287 5136 5255 7672 2410 3949 7148 3050 7537 6631 4863 7642 956 819 4857 9205 2142 827 2531 7280 6051 8436 3445 3166 2240 2592 965 1795 5594 833 907 4944 6807 3427 8227 3172 1801 3227 2336 4771 9798 9944 7882 2472 6459 1606 2662 4440 354 9893 5149 738 1016 3600 4979 4192 8534 455 6048 6323 6822 2051 5666 10000 8978 5466 1402 1711 6204 7402 8272 5255 5160 5791 8816 1653 8725 4289 287 1231 1315 9014 860 4097 4617 4923 6288
1519 3676 1843 962 1188 2917 9325 1170 9425 3941 4633 437 8866 2103 7130 5875 6348 928 3263 5599 5403 8915 1045 3159 1551 0 8438 924 4198 2848 9791 397 4231 7377 7176 6062 5421 8114 3528 1193 2857 1182 8187 2317 6009 2645 657 3913 4685 9815 696 817 887 8421 4801 3378 8578 476 466 902 9220 830 5383 2262 4978 1616 1684 7023 4856 1354 7898 8053 1019 9784 7329 6510 4025 4071 8906 4434 5501 5748 5671 9982 2053 1476 834 6369 373 1445 4551 1987 9245 2500 9134 1645 9334 6674 1272 9272 9963 3652 4297 3474 4346 8070 3016 9428 7194 6062 6920 9753 8994 2018 5105 9544 2081 4325 7530 9326 4850 4935 6156 5707 4637 4964 3199 9217 1522 5487 402 8002 4656 5717 7504 1170 929 4549 2612 7515 8995 7858 6370 2893 9085 4049 4394 5552 1554 9554 6991 1140 1655 8235 8263 4322 7208 4638 5873 7972 6319 9168 1974 4413 7510 7834 4799 7557 8058 1087 2043 8785 3768 4368 2594 8419 101 7617 4787 9770 4582 3530 1367 9139 4264 7829 7695 183 2352 9071 6076 5199 1662 2956 3720 100 8048 7953 8211 9869
6413 562 739 560 6183 4428 9608 7022 9712 2307 5871 9445 9313 4843 4905 4752 8836 2493 6418 6237 9441 553 5795 9871 7559 8438 0 1067 3936 3195 8875 7441 1506 4635 3889 2547 7751 3271 564 752 5520 5024 7273 1210 9458 4997 2470 7956 6832 1839 1106 2595 3142 5836 2732 2185 6042 560 8278 4764 6086 5508 8528 1389 1739 770 1836 9772 9251 2658 6694 8580 9503 1783 3202 8443 7786 8564 8821 2880 1028 2396 2769 3079 6909 7347 9208 812 6436 6542 4943 6255 3126 2462 3242 3988 477 9159 4969 8166 5869 214 5933 1715 418 861 1092 6731 8624 1792 6570 1313 9063 3022 765 6127 5156 4737 9640 8183 4573 9254 3962 7739 8517 7240 7212 5765 3512 5860 8408 1595 5503 2299 4518 9200 8127 6515 1310 2485 5080 8905 7772 5896 397 276 1676 3616 8492 8971 2203 9498 5121 5858 1430 6534 2694 5315 9660 4175 4586 2548 9639 189 1384 6479 8961 4081 8879 4379 6074 8593 5145 5101 4186 454 750 7129 2969 9326 7615 9731 6554 4642 6346 6462 1637 9514 4026 4737 2745 2958 3544 1562 1990 6540 5710 154 4149 2232
3714 9702 5813 385 1356 9829 1689 5333 1793 6923 8904 8722 6498 4215 4178 7361 5613 6232 4329 7688 1533 4413 6426 467 8418 924 1067 0 3447 2070 4822 5832 8695 1901 8217 4111 6106 7430 8117 3091 1737 2765 8670 7079 253 7975 8387 9735 1846 4961 1605 6638 7708 4422 7900 3341 6740 7594 5808 9573 4872 227 6910 6280 2129 515 5342 7562 5113 2456 9172 6867 5614 4784 8364 5551 1582 359 4216 1436 6812 4605 7809 7444 9374 9685 637 694 71 5712 5700 4713 5235 4792 41 1828 5024 7106 1256 3692 6400 2160 4960 6280 9436 7054 4424 7176 5270 5929 3730 3497 2411 1584 3892 3784 1078 2026 3097 1090 9691 1862 3397 5466 8072 7479 9839 2022 3949 4106 6403 4159 8056 2040 1773 9011 6400 6578 5329 6915 1137 7110 4666 496 217 2361 1532 6318 5385 8146 8943 99 1128 7549 6615 4505 1451 6026 744 3839 4089 3135 1579 402 5674 3596 6451 446 41 1639 1927 6783 3562 4010 9264 4102 2060 9131 4410 5261 9255 7971 7502 7128 292 7782 3470 5314 1070 5511 8413 2390 3305 4869 1040 1383 4245 5438 3870 2528
184 5525 8166 2040 6692 2914 8660 7033 69 5490 3474 5857 739 8240 2570 7687 6838 7448 9347 8250 4337 9582 4783 9488 7446 4198 3936 3447 0 4526 4922 5829 9441 5310 1894 4600 6908 9322 7975 2951 8066 1940 9547 3139 6587 4240 9372 8550 2188 1087 4024 5961 2148 6400 1914 8185 8717 9916 903 8885 8015 4708 969 9718 8624 4816 2708 426 2431 5149 8400 9604 7047 1550 3529 71 8766 5408 686 9680 2384 8467 996 8683 8301 4238 8230 6291 7223 815 9357 5815 398 7912 9012 3208 4633 4012 4656 9296 1033 7197 5248 5329 5750 2710 3268 714 1943 803 6771 4716 5573 4727 7261 9686 519 7089 9306 4234 7993 9878 7596 8294 4197 6810 1032 3804 1276 5874 1179 4938 5009 4980 3849 7625 3999 9919 8946 2696 1101 879 8558 5280 9423 1612 3917 911 2012 9304 7740 3287 8187 3956 5181 9006 5704 1219 2239 1834 3667 5488 7218 6218 1147 8569 4637 1970 3742 287 551 6241 9531 5876 8483 7169 4535 9923 6696 5304 4569 5060 6616 8621 7245 4597 283 5434 1969 3058 3507 1975 132 8306 7258 9263 7224 2134 5727 4504
2055 7512 3121 1712 4814 1352 192 8353 7867 7605 6822 9835 9449 4388 9158 9101 7589 9682 3138 4937 5388 916 7727 3939 503 2848 3195 2070 4526 0 7930 2325 1708 3042 5682 2042 823 5749 1033 5324 6377 2535 7959 4235 8590 5681 9432 9697 3467 2354 458 1843 1385 5552 1846 2146 9073 5789 3147 9864 3212 4565 9223 1518 4590 5856 9272 2765 2926 4322 8768 307 1184 6230 9866 4308 5788 6559 5817 6720 2945 3126 9678 7495 8370 3408 9516 1048 8103 3091 2110 2441 9960 5663 3939 4450 4265 922 1056 6786 5953 8870 8183 4764 5244 9164 5274 7932 8526 22 4150 7297 2117 655 5093 5659 1455 2525 2642 9939 5655 7588 10000 5922 5538 1881 7171 3757 5500 310 5551 3505 6084 4695 4727 8293 99 4704 9105 1343 476 6861 8773 3907 7200 8686 6748 4127 4406 4703 2475 8955 8395 3896 4174 9902 342 3198 5288 4363 3660 2576 8208 4484 7596 5321 6526 8475 7951 1872 9391 3240 4530 8739 8271 3123 1181 1029 2356 2536 9196 5646 4286 9606 4708 3020 5018 7427 9640 4718 5178 7860 7920 241 5910 9923 968 105 196 257
9497 4088 6957 6568 9472 5377 2108 9660 488 9620 5182 5165 9838 1585 4108 9869 7771 4576 5846 7 8388 9624 6292 4720 7378 9791 8875 4822 4922 7930 0 3212 455 3068 322 4734 8248 8370 5016 5523 8442 7461 9282 5555 9523 2028 6678 4908 6125 8195 6239 7657 9418 2688 5759 6622 4733 9745 2295 1549 8127 3612 1697 8010 61 1749 4236 9391 5406 657 802 8818 3181 5861 1338 5206 7750 7201 2258 2045 3559 4815 3989 7370 3734 5932 8909 4577 1954 3705 9756 7830 8891 6225 4710 7631 2337 8017 782 1219 5514 6818 9652 205 3351 8802 8223 6286 1814 2771 6759 5164 1911 3551 3595 5275 4656 4016 8726 281 5013 159 3568 6235 1761 6411 9537 3922 3275 2829 9597 2201 1798 1864 4318 5854 4521 6651 4999 1203 9292 9274 5769 9347 4881 2975 6509 8355 5565 71 334 5814 1651 9278 6845 8528 7367 8482 4136 6555 5062 4173 4482 9679 3094 675 4917 290 6346 1330 812 8251 467 3897 4660 8816 2032 2060 7756 2775 7324 3340 5580 163 194 4962 3288 5620 3452 3284 8654 4128 6912 1721 8187 4061 1754 3546 5460 8988
8894 5796 7718 1469 8300 9601 6332 3959 1266 864 340 3586 2474 4075 6808 1413 2421 1868 4228 5555 7552 691 8496 2197 8402 397 7441 5832 5829 2325 3212 0 1489 4827 2175 7110 2180 8946 7918 9669 5846 8483 842 3553 8990 474 1302 9969 8197 5781 6946 2931 9054 4452 5115 7447 4919 4071 2677 5289 3722 5011 323 1649 5457 7967 8182 97 6709 3892 2953 4318 1539 5882 8629 7930 168 8941 5390 9967 1663 1680 4119 5406 8775 9724 632 8601 5707 3973 4767 3093 8005 5572 3749 2710 6 3404 1980 1941 5783 9474 5311 5536 1061 6042 4854 3802 2357 2853 3211 9952 6059 5725 6415 7335 6355 3427 9553 4842 8903 2845 7560 4212 407 7595 7232 8140 3212 2123 6031 7197 4992 5200 3038 7798 2853 9789 2249 6642 4250 2535 3215 4148 2853 5794 684 1329 2545 5844 3923 3259 9862 2429 6980 5081 7648 3873 6576 5119 9932 479 8719 1434 6359 2074 5434 9020 1137 1868 9530 3398 5608 2001 7075 8111 6897 9759 1766 4329 2496 3073 3359 7025 5090 1879 9109 9245 7277 2852 3577 9313 7357 1340 4644 3531 8626 494 8738 8338
6488 7142 8215 7858 4568 1105 4923 1785 9894 6964 7521 6881 9948 6449 3516 3993 5565 1705 2336 8715 6092 7303 2425 9762 1925 4231 1506 8695 9441 1708 455 1489 0 7950 8432 3139 1762 4841 4956 8901 1134 9794 4036 7653 5683 3491 8963 6786 6557 1868 2135 6708 2174 2426 7241 7621 1798 4078 1331 3305 8020 9022 1988 8231 709 9680 6662 9473 1284 3113 8479 1282 1828 5212 2603 6377 869 1978 3563 7742 9689 2417 521 9955 3229 9341 1089 3650 7277 7211 6006 9286 7206 750 8005 6002 7543 4391 8572 8758 7534 2203 9026 3684 9991 7727 2591 3456 138 2900 2129 8870 1709 7970 9638 5101 2195 6323 434 4810 532 9407 712 3167 9097 2697 7711 9444 4293 7512 4332 4911 8500 2303 6882 7088 1840 7941 6720 2200 9006 4410 9359 168 3777 371 7891 1068 9070 4480 2394 7650 5549 7673 7286 7274 6959 6254 5960 5400 434 2635 8717 1243 155 6687 7944 5602 9155 9570 5032 5886 7214 1071 1794 1629 4398 2853 7793 7620 6471 5359 2093 941 8227 6690 8077 9007 5992 2239 8213 8405 4899 4822 2151 9768 8356 1020 5037 9669
1481 7387 3607 5063 4495 6051 7631 9513 9372 3381 2421 1587 1209 6985 7762 3183 2047 2115 8830 2614 1743 8574 3206 7322 7070 7377 4635 1901 5310 3042 3068 4827 7950 0 9352 9460 8724 3438 1791 3427 6353 116 409 2490 5801 5802 5200 5269 2016 4469 3297 6870 906 3922 2970 8152 5045 459 7550 8980 7274 6818 813 3358 5820 3325 5222 5752 8215 2945 1747 8184 7313 8471 7745 5860 1072 6432 5424 9445 9034 2757 2172 7272 6662 6813 9757 584 2568 2814 9428 5040 8529 7229 5473 3863 1505 5410 4613 1094 7527 8639 1000 2837 8447 3452 853 6706 7104 5673 3104 8716 2775 5645 3057 5895 4975 8597 9037 24 9195 5983 3963 9434 9266 9058 2941 4252 7829 2223 4369 7285 3078 3200 6912 177 2713 5106 2478 8671 9617 4843 1432 3547 2312 7389 3627 1607 6875 2739 1005 980 6900 7949 1152 9046 9 3131 5312 8231 6915 8039 6051 8888 8700 7285 1979 7513 7531 7004 5853 3288 4282 1411 8823 9613 9867 835 1570 8989 1423 867 1832 1134 8381 6433 3641 1703 6093 2401 4500 8038 8985 189 6282 1353 5247 9826 7375 4403
3763 5819 3736 2304 3343 570 3875 1118 7198 7469 1623 3737 1686 3069 7929 3931 7713 4475 5386 3234 8799 2909 3919 8028 3342 7176 3889 8217 1894 5682 322 2175 8432 9352 0 2334 4497 9345 0 8191 383 9741 414 4594 256 3539 5892 6509 4879 1459 8052 4266 3838 3520 7497 2581 6811 2180 5311 9809 5286 1296 764 6427 6218 6567 3755 1278 4447 8257 5017 5254 20 3283 1719 9415 8057 3670 9443 6348 5904 126 1988 1705 8800 7108 5102 3451 6667 7135 9430 3617 9625 2641 7256 4993 2931 7420 3392 3011 5242 2298 9267 4696 5021 7932 9176 2660 6389 1317 7501 5802 5994 6853 2080 1730 7173 9520 5017 8313 4130 3602 6606 9193 313 8447 1655 1734 6271 8865 6269 4159 3095 2244 2872 1856 5583 7097 6480 7777 9314 8969 7619 331 5317 3502 5478 6480 6653 8525 7625 1587 1048 9598 2589 9828 5456 142 4338 2993 5869 8868 1487 9945 2974 8345 6945 1875 8604 2418 7085 9807 7393 3564 2474 3373 7575 831 1912 9905 1857 1505 6067 3815 6330 7748 4555 4088 8049 844 7599 5676 2085 3709 2643 8500 2268 4517 3654 8774
522 8213 8182 3307 7431 3083 3414 3900 9128 7977 6868 6289 8056 3864 930 1469 8314 9929 1814 7954 994 5705 8549 5284 1642 6062 2547 4111 4600 2042 4734 7110 3139 9460 2334 0 9053 7204 7074 5317 434 8670 4754 1158 9480 2984 1851 9028 7398 7637 9542 187 3221 1384 1781 928 9982 4676 6523 3996 2032 4685 5049 1629 5090 6958 7311 669 7858 6359 9715 5333 2881 1361 5887 4781 2682 7648 7627 5317 2749 6476 4298 5658 2173 6491 1210 8071 3950 4293 9161 467 9285 6769 221 8310 4411 8517 5893 7696 7044 2647 9805 9540 3953 763 7381 9560 5680 7350 9035 1483 5328 8858 9139 8819 6716 8567 69 6880 2360 4789 9902 2528 3674 1174 5693 8945 5790 9894 5758 1043 6166 7791 88 8305 6012 596 7811 1052 5331 9976 6615 7549 9290 1224 7092 8092 4514 6730 3114 5660 7008 8798 20 1522 3309 6663 5949 3617 4692 5769 6385 124 7154 588 2141 5448 3656 3887 5820 7892 6580 7242 5301 5161 557 8465 8793 5758 3689 7542 8932 2883 6828 8196 2877 653 8382 5996 1388 3935 750 9801 6686 9497 6435 662 3828 8837
7019 5439 7687 7434 4002 181 1111 7447 9473 7780 2464 604 3030 269 2176 9135 1240 9385 4252 6428 3629 9326 6868 8585 1632 5421 7751 6106 6908 823 8248 2180 1762 8724 4497 9053 0 6348 4450 811 3376 1742 6002 3819 1929 8422 7037 8223 2661 3158 6249 531 3566 7221 1199 798 4215 5467 4476 2562 4175 3400 7111 8861 2856 5615 5973 9639 6936 595 7333 3988 2611 324 9877 9602 8652 2052 2293 5331 2976 6860 3663 4641 1513 2310 5858 5126 3267 6181 5574 8992 3503 8264 560 7844 6176 7713 3161 9157 7868 2653 8589 878 6348 4054 1164 3696 9 9457 1609 8405 1654 4953 9186 3897 8769 9040 8300 4666 5542 8798 9603 6167 8237 861 9519 6929 7463 8939 8854 7408 6705 1205 1958 7725 1448 1554 9302 4581 8160 4851 5710 1719 6370 8311 9434 7251 4448 230 7299 7942 2822 6766 5733 6145 1384 138 4130 8299 4620 1645 451 2696 8988 2954 7088 2394 4187 7417 8081 3986 127 9941 9515 6508 5484 624 2793 4460 3998 6578 403 8678 5567 8597 6503 9748 759 37 587 436 6353 9762 1759 3699 8672 1381 1000 7206
6599 6827 9682 8272 6106 5526 354 667 737 6539 4176 503 3267 1753 1277 1464 7435 7582 6863 8002 9880 8547 717 1333 272 8114 3271 7430 9322 5749 8370 8946 4841 3438 9345 7204 6348 0 3631 6316 6148 161 9640 6216 3783 1146 1930 6246 6276 2003 4967 3928 5901 2328 9897 3921 6577 8832 2551 6991 4496 9399 7174 6846 7683 3119 3073 1785 2876 4339 6489 1612 8193 8073 7260 8949 9543 4371 6341 5157 880 7953 777 7384 3112 2107 3621 8900 2336 4796 8887 1770 8663 497 3350 201 7878 4490 4502 8965 4105 99 906 9253 5811 6461 5440 7072 2426 6867 4969 4401 5363 6389 5940 1201 2100 2548 2784 8867 3548 2796 1081 7591 8100 6644 4605 6188 9034 2512 3677 3055 9291 2900 9986 531 3321 3839 5759 7479 2575 2211 513 8132 270 2141 2597 6708 4592 1463 4952 230 9752 6157 9562 1763 3218 5022 2947 8810 9562 1657 6987 381 7634 3338 7410 4175 1010 9285 1835 1592 5755 1154 7901 3695 7472 3680 9675 7791 461 1843 6803 376 6339 7895 2397 9419 3340 7274 9017 2555 1026 9098 8389 9837 8334 726 263 7866
7066 4450 7043 3602 4649 8210 1723 3812 7174 6714 7349 789 4982 7895 1252 5713 7347 1190 9264 8271 5011 9447 6460 8242 2959 3528 564 8117 7975 1033 5016 7918 4956 1791 0 7074 4450 3631 0 6818 3763 3939 7605 1157 6 5181 1502 507 3605 7210 9179 4522 5279 9301 2437 4115 5462 8493 2405 3791 5401 119 6466 7046 7584 7996 7026 8877 981 9608 322 3026 6374 5206 9731 195 2944 6486 8725 5742 8051 7948 7413 3518 3003 7272 2642 206 8500 4387 3925 9495 3609 185 2147 1529 5827 1048 91 9750 1139 1946 2206 1439 5024 2145 9154 3576 9425 5714 1474 6548 4598 6481 7924 8234 1166 2284 2195 5367 3748 1634 9466 6670 2949 4482 8169 5833 3809 1671 9620 4581 3996 4497 8170 2829 1600 4862 5937 5913 6276 4780 5419 433 9595 5798 544 3715 9375 5675 5941 7864 4406 4727 5519 7127 6634 735 6310 8954 6009 5209 4997 109 9259 4383 7449 2098 6926 9822 4280 9245 955 6333 1274 3260 5831 9823 3601 4376 8441 4342 1429 380 4632 3627 7711 9252 2584 1316 3075 7122 3096 696 9545 9535 5504 3201 1772 1099
9788 5150 3820 379 2029 599 2401 6452 4233 64 1596 9065 4742 7422 6166 5146 7250 5480 3544 955 4365 9903 2983 7652 4951 1193 752 3091 2951 5324 5523 9669 8901 3427 8191 5317 811 6316 6818 0 4538 4372 4752 5718 2734 9481 2832 1510 9497 855 3181 3190 7280 9998 9408 9502 2528 1631 2957 1339 5909 3058 9100 4520 6568 3541 5683 3643 2828 6349 8979 2198 2731 7106 2917 6732 1114 2257 3994 5476 650 3738 1825 41 514 8968 8088 2407 5750 5783 2812 4346 3247 327 8244 8900 9668 9627 9921 2313 6903 1391 7053 3863 7349 1239 6589 1555 1332 4357 935 3187 8019 3289 8444 9855 6579 7496 7559 2509 2126 7904 4636 5525 6530 695 9317 3780 6094 1838 9365 8151 4274 681 5451 705 5662 8084 4481 7193 7463 7297 1072 6181 7593 6391 9587 7522 8717 5963 8753 7948 5599 586 2753 3609 1260 1474 7795 799 2105 5348 3990 2321 928 4416 4579 6333 5445 4349 7542 7867 3524 5327 582 6908 1494 4817 3699 1180 5533 2435 5259 5811 3883 4958 7812 9560 7661 2319 1861 147 7821 3658 5058 6561 4464 8440 4541 3171
