50
0 2339 4602 1828 4712 5810 5633 3659 108 5390 7693 960 6385 2191 7148 5283 1126 5251 6681 6979 15 9845 9705 9926 3156 3087 7780 4808 7776 4911 7361 5143 7972 3575 9880 4474 7206 4124 6253 2017 3310 3794 887 3386 9083 570 2288 7857 3309 1173
2339 0 4434 7459 2316 6052 7966 696 3170 6427 214 3895 693 7463 7520 6238 7762 295 2260 3545 9467 494 540 9505 9201 5522 1398 6636 5235 1136 3667 5711 2135 8234 3320 6840 7334 9193 4982 4314 3131 5224 3391 2856 3519 326 1686 1621 9655 925
4602 4434 0 9076 7187 4054 5298 1803 2389 6816 6740 9222 6202 7492 6179 2299 9476 2723 7532 8478 6113 5973 9652 3265 8216 1487 8681 4486 7484 2031 2882 7620 7408 9529 6952 6780 3697 9268 6100 273 6320 2795 5762 9856 4232 878 9511 1117 8318 2871
1828 7459 9076 0 1640 2825 1948 7532 7134 3254 9885 451 5249 268 2030 2733 4904 5068 6205 8270 7941 9262 7337 8082 626 260 3026 3731 6286 7705 3660 6928 1039 5476 1364 9722 2391 9915 2569 5559 7028 8451 2353 450 7511 2050 2671 6792 5489 563
4712 2316 7187 1640 0 1122 4798 8585 1049 3843 5928 1770 3003 7098 1586 5827 1594 2415 4973 3775 3968 2326 8143 6034 5691 2488 4634 3112 7609 9953 6193 9843 2460 4336 5640 2105 5335 4677 4066 6216 8457 1857 4528 7756 2820 3096 2089 7210 583 7395
5810 6052 4054 2825 1122 0 4462 9075 2630 8522 2912 2776 7090 4759 6774 749 4675 9497 5748 3428 8995 6345 4714 1006 4405 513 7086 5715 9272 8341 3182 1842 7098 7761 1709 7093 2900 6049 7023 4455 9440 7048 9302 679 7444 2666 7918 900 2188 3891
5633 7966 5298 1948 4798 4462 0 9576 5883 9425 3114 9650 370 3080 4948 3581 5695 6173 80 4169 2064 9916 4204 7968 3681 5549 5952 8783 7219 6105 9478 3816 6754 1559 4295 7821 5854 1967 4883 9115 1806 656 6981 1670 9957 801 60 3891 4949 6292
3659 696 1803 7532 8585 9075 9576 0 8305 5958 7264 8943 8836 8747 7685 7525 8483 565 7350 4260 2312 4609 5154 9416 7545 4791 2092 9933 6210 5886 4257 6903 5138 8124 1685 1584 3218 8583 4629 8328 4183 9547 526 8187 6119 7616 673 7679 3281 8244
108 3170 2389 7134 1049 2630 5883 8305 0 4277 9029 4272 5506 5197 2316 1050 9368 7721 6878 4601 5043 3707 1901 1391 5169 1765 1530 9780 3564 9368 2115 5832 8045 7938 4069 8170 2462 2158 9519 3224 6144 8624 1850 8816 4788 429 1572 1525 1346 7878
5390 6427 6816 3254 3843 8522 9425 5958 4277 0 738 5427 5852 3620 8208 9410 3502 291 5443 9185 7583 8478 5964 3503 956 1347 4387 7493 4445 3639 3142 8066 5908 84 5857 68 2594 26 3539 9007 9969 9555 7401 9199 8445 5746 2776 4559 3234 9219
7693 214 6740 9885 5928 2912 3114 7264 9029 738 0 4560 2485 2782 9492 3877 2953 5590 1593 6012 4948 3619 3738 568 5752 2242 6373 4253 8398 1729 5351 1490 3656 8990 4250 1963 4026 3872 3111 1351 8759 3326 5834 7307 1450 5702 9269 5473 8600 6227
960 3895 9222 451 1770 2776 9650 8943 4272 5427 4560 0 8109 6026 2606 7395 875 1597 8231 3822 1825 4387 2222 8297 6990 9116 3169 3256 3070 943 6558 861 5912 9131 192 6386 1390 1021 5117 3465 2864 8266 9015 2204 6040 5505 1401 6744 5296 1072
6385 693 6202 5249 3003 7090 370 8836 5506 5852 2485 8109 0 8765 1634 6723 7086 1007 834 534 1029 2971 6865 5891 3640 6361 2502 3103 6595 4383 9649 563 8926 719 7592 4529 84 6835 925 5507 8777 8779 7312 7477 2814 5675 3553 7080 8431 8370
2191 7463 7492 268 7098 4759 3080 8747 5197 3620 2782 6026 8765 0 6680 5351 2765 691 4419 5322 1433 9542 4848 4677 212 2992 3569 919 5783 5563 3409 4741 9667 4751 6799 9277 7571 9828 3800 9941 4052 6571 6920 5976 5711 7298 9355 1110 1085 8127
7148 7520 6179 2030 1586 6774 4948 7685 2316 8208 9492 2606 1634 6680 0 3305 8632 4791 3128 965 2757 8447 9997 2113 26 9405 782 7399 4880 4012 2885 7788 1321 3346 4946 9384 2131 347 3497 456 1570 4832 8140 5835 1159 3471 5743 461 1207 9846
5283 6238 2299 2733 5827 749 3581 7525 1050 9410 3877 7395 6723 5351 3305 0 7572 1072 6177 9690 7893 5496 9469 1339 2471 5258 8892 2047 294 8124 5224 9135 9699 6036 6218 2783 2813 4208 1065 2053 8151 4908 4015 415 7073 8335 3541 1056 205 7400
1126 7762 9476 4904 1594 4675 5695 8483 9368 3502 2953 875 7086 2765 8632 7572 0 1663 7354 1825 333 62 5978 1852 4525 1820 2699 7579 1110 7820 7171 5265 900 5335 6935 2474 7467 7633 7311 275 244 7599 9087 2885 4586 116 7266 350 9021 8572
5251 295 2723 5068 2415 9497 6173 565 7721 291 5590 1597 1007 691 4791 1072 1663 0 3195 82 260 1421 7954 1960 6662 4924 3717 8704 6514 6705 6182 8402 9556 4757 5605 5396 4209 6528 6321 5306 8971 6681 7826 5828 9631 606 7440 9770 8389 8634
6681 2260 7532 6205 4973 5748 80 7350 6878 5443 1593 8231 834 4419 3128 6177 7354 3195 0 1392 7717 6781 1726 2020 3382 1810 4702 9583 5379 8488 9438 789 8076 2810 5292 409 4319 9160 3743 2908 7429 9294 950 489 1210 5788 4723 9030 5348 7588
6979 3545 8478 8270 3775 3428 4169 4260 4601 9185 6012 3822 534 5322 965 9690 1825 82 1392 0 7648 5622 4880 6977 6262 4881 2126 609 9916 7982 4249 5961 7281 3814 2369 2681 991 8529 2918 9717 578 8603 9983 117 4669 5775 6139 1153 6604 5556
15 9467 6113 7941 3968 8995 2064 2312 5043 7583 4948 1825 1029 1433 2757 7893 333 260 7717 7648 0 2797 2231 9531 5707 4017 2902 9099 4011 8469 5108 62 2400 9399 8609 1806 2708 2818 3910 3919 5508 2216 5488 90 9760 509 9928 5307 3036 1764
9845 494 5973 9262 2326 6345 9916 4609 3707 8478 3619 4387 2971 9542 8447 5496 62 1421 6781 5622 2797 0 9124 8081 652 8330 3423 5801 1890 8925 4502 4479 768 2710 4504 6137 1270 5870 6270 4476 1131 9615 4756 8285 1830 3324 5754 7765 1771 8879
9705 540 9652 7337 8143 4714 4204 5154 1901 5964 3738 2222 6865 4848 9997 9469 5978 7954 1726 4880 2231 9124 0 4513 9339 8309 8038 8299 4865 8616 6511 2639 1357 5283 8482 924 1641 2033 4089 8964 4042 5323 1550 8710 3586 4094 4228 5178 1389 6954
9926 9505 3265 8082 6034 1006 7968 9416 1391 3503 568 8297 5891 4677 2113 1339 1852 1960 2020 6977 9531 8081 4513 0 3172 5766 3481 4435 9962 1063 2307 2979 930 5157 49 4061 824 3447 4087 434 5598 859 6402 4203 121 4824 6466 3755 7664 4284
3156 9201 8216 626 5691 4405 3681 7545 5169 956 5752 6990 3640 212 26 2471 4525 6662 3382 6262 5707 652 9339 3172 0 9290 2219 3335 7065 778 3196 2176 9033 5075 8468 9548 5120 5419 128 6760 9072 2067 837 3119 1737 396 4224 4789 5126 1427
3087 5522 1487 260 2488 513 5549 4791 1765 1347 2242 9116 6361 2992 9405 5258 1820 4924 1810 4881 4017 8330 8309 5766 9290 0 1398 2544 6157 3515 7944 6755 591 1486 8938 1679 269 3474 2333 7466 9899 1440 330 5396 2256 7321 8079 8520 2612 4864
7780 1398 8681 3026 4634 7086 5952 2092 1530 4387 6373 3169 2502 3569 782 8892 2699 3717 4702 2126 2902 3423 8038 3481 2219 1398 0 6371 214 2349 6940 2615 7512 9562 1884 9334 2185 6037 1539 1445 1655 4907 242 4504 1534 7800 6530 6974 8073 5968
4808 6636 4486 3731 3112 5715 8783 9933 9780 7493 4253 3256 3103 919 7399 2047 7579 8704 9583 609 9099 5801 8299 4435 3335 2544 6371 0 70 7635 8007 5572 6822 1655 3753 969 3520 8411 9618 6165 2109 3048 4847 7603 9397 5112 5336 2836 3335 1213
7776 5235 7484 6286 7609 9272 7219 6210 3564 4445 8398 3070 6595 5783 4880 294 1110 6514 5379 9916 4011 1890 4865 9962 7065 6157 214 70 0 7336 4760 699 4473 9002 521 5988 5497 6451 6519 4661 4713 9780 4738 1565 1169 6911 3016 6568 8852 3241
4911 1136 2031 7705 9953 8341 6105 5886 9368 3639 1729 943 4383 5563 4012 8124 7820 6705 8488 7982 8469 8925 8616 1063 778 3515 2349 7635 7336 0 7337 9865 2961 7121 9713 2182 9467 2469 9789 8204 1897 9317 577 2284 5776 8829 7728 8399 9688 956
7361 3667 2882 3660 6193 3182 9478 4257 2115 3142 5351 6558 9649 3409 2885 5224 7171 6182 9438 4249 5108 4502 6511 2307 3196 7944 6940 8007 4760 7337 0 1898 2102 1771 5165 3814 1763 7421 7793 1110 4441 8876 1869 9971 3546 409 3055 177 9193 6841
5143 5711 7620 6928 9843 1842 3816 6903 5832 8066 1490 861 563 4741 7788 9135 5265 8402 789 5961 62 4479 2639 2979 2176 6755 2615 5572 699 9865 1898 0 9836 5124 1303 5780 1016 2150 8788 5129 6258 1067 8768 339 4979 1023 1492 558 9245 726
7972 2135 7408 1039 2460 7098 6754 5138 8045 5908 3656 5912 8926 9667 1321 9699 900 9556 8076 7281 2400 768 1357 930 9033 591 7512 6822 4473 2961 2102 9836 0 3194 1651 1677 1049 8049 8221 1629 9320 6661 8684 7512 9096 2115 2405 9467 1590 222
3575 8234 9529 5476 4336 7761 1559 8124 7938 84 8990 9131 719 4751 3346 6036 5335 4757 2810 3814 9399 2710 5283 5157 5075 1486 9562 1655 9002 7121 1771 5124 3194 0 5424 4501 5828 7613 914 9660 2566 1075 3493 6758 8981 2270 8174 4255 1966 8761
9880 3320 6952 1364 5640 1709 4295 1685 4069 5857 4250 192 7592 6799 4946 6218 6935 5605 5292 2369 8609 4504 8482 49 8468 8938 1884 3753 521 9713 5165 1303 1651 5424 0 4491 9046 5660 3368 6120 1538 7278 3219 6799 6918 1058 1295 2576 1589 997
4474 6840 6780 9722 2105 7093 7821 1584 8170 68 1963 6386 4529 9277 9384 2783 2474 5396 409 2681 1806 6137 924 4061 9548 1679 9334 969 5988 2182 3814 5780 1677 4501 4491 0 6730 3587 7700 8393 6617 114 6358 704 4037 4142 7157 2591 9367 3917
7206 7334 3697 2391 5335 2900 5854 3218 2462 2594 4026 1390 84 7571 2131 2813 7467 4209 4319 991 2708 1270 1641 824 5120 269 2185 3520 5497 9467 1763 1016 1049 5828 9046 6730 0 1954 6037 316 5612 8679 4607 96 3384 332 8200 5559 4319 2070
4124 9193 9268 9915 4677 6049 1967 8583 2158 26 3872 1021 6835 9828 347 4208 7633 6528 9160 8529 2818 5870 2033 3447 5419 3474 6037 8411 6451 2469 7421 2150 8049 7613 5660 3587 1954 0 8852 7116 63 3543 4481 705 1997 9239 2265 3710 4951 8134
6253 4982 6100 2569 4066 7023 4883 4629 9519 3539 3111 5117 925 3800 3497 1065 7311 6321 3743 2918 3910 6270 4089 4087 128 2333 1539 9618 6519 9789 7793 8788 8221 914 3368 7700 6037 8852 0 6111 9705 136 8429 2684 8403 6273 1381 3245 7350 383
2017 4314 273 5559 6216 4455 9115 8328 3224 9007 1351 3465 5507 9941 456 2053 275 5306 2908 9717 3919 4476 8964 434 6760 7466 1445 6165 4661 8204 1110 5129 1629 9660 6120 8393 316 7116 6111 0 8088 6952 4758 819 7216 6986 2396 5553 1598 4220
3310 3131 6320 7028 8457 9440 1806 4183 6144 9969 8759 2864 8777 4052 1570 8151 244 8971 7429 578 5508 1131 4042 5598 9072 9899 1655 2109 4713 1897 4441 6258 9320 2566 1538 6617 5612 63 9705 8088 0 8083 9217 1854 9480 2518 8313 5557 2907 5064
3794 5224 2795 8451 1857 7048 656 9547 8624 9555 3326 8266 8779 6571 4832 4908 7599 6681 9294 8603 2216 9615 5323 859 2067 1440 4907 3048 9780 9317 8876 1067 6661 1075 7278 114 8679 3543 136 6952 8083 0 9103 5712 9311 5221 5472 5954 9570 1681
887 3391 5762 2353 4528 9302 6981 526 1850 7401 5834 9015 7312 6920 8140 4015 9087 7826 950 9983 5488 4756 1550 6402 837 330 242 4847 4738 577 1869 8768 8684 3493 3219 6358 4607 4481 8429 4758 9217 9103 0 6277 288 9762 1018 8522 679 846
3386 2856 9856 450 7756 679 1670 8187 8816 9199 7307 2204 7477 5976 5835 415 2885 5828 489 117 90 8285 8710 4203 3119 5396 4504 7603 1565 2284 9971 339 7512 6758 6799 704 96 705 2684 819 1854 5712 6277 0 8437 3994 7379 8210 1724 308
9083 3519 4232 7511 2820 7444 9957 6119 4788 8445 1450 6040 2814 5711 1159 7073 4586 9631 1210 4669 9760 1830 3586 121 1737 2256 1534 9397 1169 5776 3546 4979 9096 8981 6918 4037 3384 1997 8403 7216 9480 9311 288 8437 0 6612 6933 9873 5104 2484
570 326 878 2050 3096 2666 801 7616 429 5746 5702 5505 5675 7298 3471 8335 116 606 5788 5775 509 3324 4094 4824 396 7321 7800 5112 6911 8829 409 1023 2115 2270 1058 4142 332 9239 6273 6986 2518 5221 9762 3994 6612 0 8160 7596 4058 9995
2288 1686 9511 2671 2089 7918 60 673 1572 2776 9269 1401 3553 9355 5743 3541 7266 7440 4723 6139 9928 5754 4228 6466 4224 8079 6530 5336 3016 7728 3055 1492 2405 8174 1295 7157 8200 2265 1381 2396 8313 5472 1018 7379 6933 8160 0 7629 8597 1778
7857 1621 1117 6792 7210 900 3891 7679 1525 4559 5473 6744 7080 1110 461 1056 350 9770 9030 1153 5307 7765 5178 3755 4789 8520 6974 2836 6568 8399 177 558 9467 4255 2576 2591 5559 3710 3245 5553 5557 5954 8522 8210 9873 7596 7629 0 1698 582
3309 9655 8318 5489 583 2188 4949 3281 1346 3234 8600 5296 8431 1085 1207 205 9021 8389 5348 6604 3036 1771 1389 7664 5126 2612 8073 3335 8852 9688 9193 9245 1590 1966 1589 9367 4319 4951 7350 1598 2907 9570 679 1724 5104 4058 8597 1698 0 9456
1173 925 2871 563 7395 3891 6292 8244 7878 9219 6227 1072 8370 8127 9846 7400 8572 8634 7588 5556 1764 8879 6954 4284 1427 4864 5968 1213 3241 956 6841 726 222 8761 997 3917 2070 8134 383 4220 5064 1681 846 308 2484 9995 1778 582 9456 0
