100
0 4062 2858 1103 8257 5631 2284 2875 609 8034 4612 658 4321 7810 2904 2161 2985 4472 4514 6063 2595 4401 9100 5842 828 2383 4201 9341 1651 7544 791 8201 8965 2903 2764 4858 8478 9494 324 6679 1704 4050 3974 7789 7926 5174 8676 2835 5534 8954 8524 5950 2571 6397 9011 6429 3736 1372 4333 2807 634 854 674 9131 8161 26 2313 7286 161 3660 1541 6668 3074 9035 7897 6352 7271 1106 9416 7422 7669 4378 2661 8570 2759 5910 2050 8889 7446 9352 7474 680 6758 6320 6549 7871 9464 1093 6571 2827
4062 0 2014 5090 9889 8621 5534 6336 8024 482 452 521 1540 703 122 1136 65 3812 5666 1276 2341 389 295 3790 2769 9781 1379 6598 7546 957 6767 5169 4898 2803 8466 7750 2062 8609 391 8114 4578 5543 8875 2717 2130 2016 5952 8972 6157 5598 2963 285 6537 9209 1337 6177 658 254 7769 3743 2469 8381 3209 8666 9041 2150 6651 2089 7722 9099 142 864 1427 4553 8288 4614 2743 1641 722 1135 1590 6983 146 453 1741 9396 9489 3107 8652 8156 2527 4311 8076 8072 8246 2681 7170 7277 32 8533
2858 2014 0 2417 9360 2550 7866 8679 3837 9961 2840 9397 5873 9382 5837 4210 9224 9871 6707 1906 4625 1746 4353 3684 4308 3525 8790 8954 5 2575 2034 9707 6967 6686 10000 3418 1809 4161 8987 991 9057 9992 1571 4435 5336 2217 4573 6197 7208 9646 7539 9583 247 9188 7865 6252 2423 227 8974 4034 3850 8815 2408 5947 9923 185 7969 2272 4660 3705 1163 6136 4643 4962 6970 672 7906 3514 9255 9820 6290 4697 6884 3747 3300 3694 8193 8918 9750 1038 9530 8761 7998 4421 7652 7038 2564 1266 2816 2749
1103 5090 2417 0 252 9826 905 2495 4871 9627 1682 6073 6037 3129 9128 6413 4428 3850 2867 862 8074 3918 4327 5832 648 3984 38 6045 5331 9162 10000 6366 4896 2634 9226 2179 9280 6293 9795 4178 9802 7469 6019 4274 5842 3832 8791 4404 7797 2582 8879 6509 9034 2201 5275 6041 5956 1568 8701 257 356 2807 8086 7778 1631 6303 8698 9132 482 6573 3085 2332 9667 450 2382 5709 8776 9314 5655 2173 9432 3003 3629 2802 7215 1590 4497 5940 9446 682 3336 3101 5905 1842 4396 4791 2987 9346 3618 8396
8257 9889 9360 252 0 6496 3759 556 3190 7893 4417 2946 9619 9210 3064 1497 6714 3938 5003 2204 7885 859 1128 3241 5087 4430 7089 1469 8484 5130 229 3705 4207 4212 8854 1119 7588 3577 2190 304 5161 2459 6444 615 8041 3301 1086 2293 8739 3701 9212 8330 2267 7235 8167 2197 9641 671 8612 6327 4029 6922 444 6576 735 1437 1519 2714 7971 7160 8136 7940 7433 2586 1039 3487 4952 980 2794 1438 2763 8873 6055 6884 801 880 2551 3447 4176 377 5297 3446 4135 675 2973 1716 3862 9560 7661 9249
5631 8621 2550 9826 6496 0 5709 4536 9069 8947 7903 880 7809 3602 8669 2692 5731 4906 6969 901 7293 7651 8579 8059 2982 1321 1421 9319 2547 7094 8775 7936 9644 7592 6598 4488 4766 6841 6972 722 7465 1846 5834 4883 9031 6317 7644 3697 1534 3099 2820 7778 7757 9026 6105 2398 3581 582 8813 2157 2885 6228 1699 522 2071 3141 4602 9264 2559 3891 7576 4252 5144 6819 2765 7291 9000 6844 5643 2539 3277 4010 9137 7139 2061 3180 9051 8367 3489 4922 9207 6200 7573 398 3994 2680 3974 790 9912 7308
2284 5534 7866 905 3759 5709 0 5636 3356 767 6209 6909 5398 3766 4919 7027 8486 4667 8638 3245 9410 3053 2667 1053 3401 5603 4426 4334 6906 4331 8568 4462 7691 125 4338 7215 6586 4673 392 9655 9895 8872 3720 3282 1638 4934 5485 1676 8802 3816 7952 9003 2667 9756 4758 8664 817 9536 1670 3763 82 4554 6736 9286 5693 2602 4283 2673 9078 8085 5689 740 2492 8934 2999 5145 8290 1414 7706 8662 5940 190 3079 4554 2309 1500 5154 7586 1005 9766 2319 2417 6999 2369 8773 8689 3355 3751 1488 9028
2875 6336 8679 2495 556 4536 5636 0 2631 7936 6537 8718 8273 2332 6324 6855 8743 6554 4403 699 3708 5929 3142 4577 2226 2890 7118 7863 4742 3454 7705 3109 5393 339 320 7199 4098 9396 620 6065 6536 8894 9627 159 8985 2463 4156 9539 3928 5601 4644 2531 8511 4866 8633 3982 264 7623 2000 3735 287 5523 1879 8319 9211 9233 3668 5398 3972 2564 7990 5388 4312 9784 8458 2035 5338 1587 3358 3646 8784 1650 1141 736 7868 1146 9337 5685 2337 4151 1998 9509 304 8832 7952 4077 1975 562 4071 5036
609 8024 3837 4871 3190 9069 3356 2631 0 9983 8864 461 8031 1587 3722 3925 1167 3157 4332 4944 1963 944 4006 7409 8177 6025 1215 2374 7359 8937 5506 1832 1399 9943 4053 3052 8095 1190 5204 827 6304 3912 7231 1996 5743 6384 6354 317 7116 3007 4502 3521 7339 6734 5137 2466 1096 3261 6630 9540 8586 6916 4171 2014 8735 7787 6530 3546 7976 5715 7810 8154 7264 670 7853 4200 7423 9618 7169 2384 8818 2689 5315 3203 2040 9903 6354 9725 6625 9878 9365 1073 797 2279 75 2441 7368 522 1080 2113
8034 482 9961 9627 7893 8947 767 7936 9983 0 3078 7643 8612 670 4853 4809 5647 9608 8055 2101 5481 8686 9967 8430 4074 4365 7656 536 6889 7947 4066 4220 6404 4131 9228 3896 9999 8965 6088 9433 5621 5645 6648 7854 145 180 4986 5579 6056 9979 3344 8649 2816 1306 4214 9055 3087 2394 4756 4816 2097 293 2487 6008 7517 324 1443 3762 6927 1882 334 9309 1573 8772 3129 4363 2831 8557 9257 9459 1192 6533 5197 8655 8101 620 2391 1038 910 844 6550 8911 4455 2230 5323 8246 1948 9755 6904 3262
4612 452 2840 1682 4417 7903 6209 6537 8864 3078 0 4403 8585 5044 4451 4985 7036 9509 5843 7990 6771 8408 2091 273 8496 8914 9738 1525 3718 4836 1695 8286 3786 7094 3225 8871 7108 1737 6932 602 97 3203 4372 7140 4591 631 9307 2072 9827 6554 6201 2469 2902 2692 2312 5182 5940 2024 100 5175 3992 8619 3383 6900 2440 8808 68 3825 1581 5450 4121 2852 9316 2150 3916 417 9195 6930 9267 4819 6671 4133 4276 5696 4488 7974 2369 7054 4994 9993 3162 4121 5414 9613 3484 5564 3819 9641 2714 1634
658 521 9397 6073 2946 880 6909 8718 461 7643 4403 0 2680 6722 9065 8324 6318 3599 5335 1799 1969 8354 3655 2953 4272 6563 9210 6309 5637 7730 8594 659 4397 8325 83 2985 5388 7127 5421 6860 55 9477 2531 8228 421 3468 3653 8008 4669 9606 8328 8132 1701 4829 552 4419 1890 2020 2306 1874 7841 4084 8739 550 8042 5827 4910 4565 7207 4640 8692 1543 7175 1580 5674 8747 6940 9292 6089 3240 812 3715 4227 5595 7600 6667 3051 5254 9165 7460 2856 2901 7287 1163 3362 366 1171 2161 1115 7852
4321 1540 5873 6037 9619 7809 5398 8273 8031 8612 8585 2680 0 7847 2953 6079 5228 8714 3447 229 4564 6186 688 6742 57 6974 1855 2388 474 7341 499 5466 1751 8328 5785 993 812 2791 2671 2992 9201 3639 1153 1908 1140 959 7435 6500 4292 953 5534 6468 3248 8331 6691 1115 2162 3583 3897 1717 6669 4826 4593 142 8505 1153 280 2217 1984 7853 7768 8219 931 845 464 9279 4250 2224 5767 3115 3234 2917 3325 6514 2490 6624 8657 986 3182 7078 4815 736 2644 5532 7437 8325 4521 9192 2335 9351
7810 703 9382 3129 9210 3602 3766 2332 1587 670 5044 6722 7847 0 8379 6305 3120 5476 9371 1824 8864 6675 3378 4264 4870 5755 2060 2974 4252 2643 1016 1520 1402 1836 569 2626 509 3988 1112 8589 1591 5729 7808 6939 9966 3849 285 5382 9057 155 936 6760 3384 8931 6 9855 8743 6732 9594 1154 1378 7955 716 3762 7681 1290 3769 2337 5755 6853 2467 3639 8128 5282 5586 2010 6851 1008 7535 5773 9634 7168 8502 9911 5057 5049 9145 3492 6707 227 9550 6743 5330 4828 7721 4965 6452 7638 3851 790
2904 122 5837 9128 3064 8669 4919 6324 3722 4853 4451 9065 2953 8379 0 6780 8928 3765 7060 7515 124 2999 4108 6577 7793 1767 3267 2256 9841 7178 5132 1268 5980 2513 3944 6856 5022 7130 8284 1964 3294 9559 856 2433 9913 5247 5391 346 4883 5948 7162 3610 1279 7273 2168 3084 3068 3433 3458 3218 9550 3583 7928 632 4532 6217 522 5628 1230 7068 8292 4179 2783 4364 898 7106 1112 8698 9827 3366 2836 1939 3211 2642 6308 9339 7827 9901 6947 6263 1406 9464 9346 4608 4316 8335 1912 8663 7325 9613
2161 1136 4210 6413 1497 2692 7027 6855 3925 4809 4985 8324 6079 6305 6780 0 7621 3368 9432 1045 6546 6262 3281 7524 766 9113 2757 6930 2807 985 732 8847 6571 8260 5408 4822 4228 8450 2617 9858 1919 7744 6434 5757 5277 1248 7472 5751 9299 1635 6833 9464 5342 5692 7503 3595 2215 3410 778 9948 1399 4276 4635 7651 9235 7101 5391 178 7790 7021 1632 967 6669 1710 4090 9679 1013 5609 4519 4459 2832 1312 2331 637 1496 372 3426 2698 534 6242 7527 5485 6945 4581 7165 1716 6280 3847 103 8763
2985 65 9224 4428 6714 5731 8486 8743 1167 5647 7036 6318 5228 3120 8928 7621 0 5716 1780 9425 777 8878 8116 8180 6265 9141 8173 1896 2590 8966 8197 210 4759 4333 9198 1974 8908 5408 1452 4707 4899 7607 8021 9922 5358 6536 6236 4711 4107 812 1037 308 2141 2502 3463 4804 9149 608 1564 4650 1940 6945 4015 4736 7235 5222 4956 7401 1387 8932 2500 2021 1863 5863 5202 5076 4655 5608 3704 3453 98 4596 3279 1926 4737 937 1470 1177 5285 2593 2279 8263 4756 6056 2328 1323 9870 6433 6627 6971
4472 3812 9871 3850 3938 4906 4667 6554 3157 9608 9509 3599 8714 5476 3765 3368 5716 0 1219 1418 1607 5952 5899 1705 5457 5423 5400 1755 3596 4377 3615 2141 4557 7468 8043 4453 9184 3250 1624 3833 5156 1737 185 3206 1518 4302 2992 5440 7720 4784 4937 7564 9221 7002 2183 135 2240 9211 3153 9557 2708 3431 7780 6272 2295 1095 8216 9383 7437 1195 2938 1119 3174 9729 7304 1520 3246 3818 9996 9821 4065 7170 4934 2581 8343 3556 224 4527 6392 1724 5826 2696 1371 5486 862 4652 1416 3640 6206 2580
4514 5666 6707 2867 5003 6969 8638 4403 4332 8055 5843 5335 3447 9371 7060 9432 1780 1219 0 9795 5190 7681 9507 5864 8524 9635 1166 8532 3514 462 6179 5976 8000 1718 5991 5800 5152 5622 5885 790 2107 368 6669 4888 5776 5205 4856 1964 3319 3722 9097 3717 9113 4463 9424 4421 8712 8219 1071 617 4356 1190 2406 4143 6938 1215 2444 5365 4572 6678 628 5712 7255 377 8491 1465 1007 5668 3688 3668 3291 4284 7216 1469 4611 849 6374 685 779 5681 8258 7181 4679 2304 7571 2373 7356 9584 3510 59
6063 1276 1906 862 2204 901 3245 699 4944 2101 7990 1799 229 1824 7515 1045 9425 1418 9795 0 9421 2030 9049 2656 5982 514 7341 7657 1266 1938 8975 3476 4713 1612 7250 3385 9554 5415 3436 1814 4275 10000 4357 8650 8993 132 9569 7580 6285 5638 5251 2468 5183 3442 9526 4756 7906 9634 8497 6429 276 9606 5669 6499 6002 2098 259 3279 2475 7643 845 2056 1173 2107 2675 7989 6875 5395 5803 2453 9666 4259 823 6702 9153 4778 3397 5338 9172 684 9330 1378 4866 7096 7005 9288 1857 8443 8641 5587
2595 2341 4625 8074 7885 7293 9410 3708 1963 5481 6771 1969 4564 8864 124 6546 777 1607 5190 9421 0 4274 6635 9295 6786 4878 7556 4816 8466 325 9148 937 3747 6059 3139 3013 3563 7049 2613 6990 4379 5341 9408 6683 6147 6773 3683 2182 7258 5019 3374 3058 5953 5044 8509 2566 985 7306 1559 894 5871 2071 6473 7734 7252 2462 9086 983 7655 9839 6970 5225 1592 9148 9019 1861 3931 1053 2515 7437 9829 5441 7056 5822 9177 4375 8416 3881 802 9330 9416 2959 5221 1924 5389 1412 4901 2001 3606 6516
4401 389 1746 3918 859 7651 3053 5929 944 8686 8408 8354 6186 6675 2999 6262 8878 5952 7681 2030 4274 0 3795 1395 1944 4111 1940 6056 7075 605 2014 7585 4396 5787 338 6415 9340 1134 7066 4083 2611 8802 8357 7383 5671 3764 977 5964 1241 8681 581 1064 1465 406 8305 4377 4752 5003 8921 7874 1163 9725 2689 7036 3935 4189 203 48 1271 4168 639 415 3122 3991 2136 1582 7572 6349 7060 5288 8245 1903 5191 4913 6383 2712 6604 3478 8611 721 1715 7939 4576 7235 9859 8922 7464 5377 1077 7025
9100 295 4353 4327 1128 8579 2667 3142 4006 9967 2091 3655 688 3378 4108 3281 8116 5899 9507 9049 6635 3795 0 7787 2166 93 2829 3682 2423 4707 4000 2116 6706 1331 6127 3362 838 2285 4614 6257 6525 6191 6003 6218 3894 4165 5859 9170 4982 8150 4696 3611 1063 4855 1070 5125 8583 7584 6353 9114 5511 7996 9817 9624 2384 4186 2407 3719 5592 6426 6833 9228 7509 1700 4348 3090 5050 347 1528 5388 5857 6264 1864 7258 848 3559 5969 2339 1163 1099 501 5942 6354 293 2215 3541 8910 9958 6398 1378
5842 3790 3684 5832 3241 8059 1053 4577 7409 8430 273 2953 6742 4264 6577 7524 8180 1705 5864 2656 9295 1395 7787 0 1512 4752 7228 1183 8329 5633 7725 383 3915 6676 2286 181 1213 3097 5165 3997 2568 6342 1351 6714 2921 1913 6870 3079 4337 2904 105 947 725 6246 5114 1473 450 3888 7561 8851 4143 7331 390 6222 6282 692 1512 2077 7910 3484 1071 2691 6476 9668 7082 3581 6853 680 6360 4296 4437 8419 2006 7630 8614 117 1136 4182 6877 6842 9560 9515 4632 2350 7538 7645 3757 5946 6463 9168
828 2769 4308 648 5087 2982 3401 2226 8177 4074 8496 4272 57 4870 7793 766 6265 5457 8524 5982 6786 1944 2166 1512 0 4117 588 7855 9748 7932 6385 3121 1411 3184 4626 1300 9590 7426 8260 850 2394 5814 4617 1120 4229 8759 3326 2315 283 7723 2089 1572 31 4237 8561 5259 5389 3183 4890 4071 5693 2763 216 5153 4807 4524 8770 4100 7493 5734 1278 4640 547 7308 1163 9086 9516 287 2161 9046 9475 7589 523 9713 531 2872 1585 4867 2489 7153 2783 9409 3356 3455 5440 5706 4524 6499 6696 305
2383 9781 3525 3984 4430 1321 5603 2890 6025 4365 8914 6563 6974 5755 1767 9113 9141 5423 9635 514 4878 4111 93 4752 4117 0 1785 6778 8569 3066 725 2557 9333 9360 1554 5001 9252 7600 9334 3106 30 4179 7185 3992 3239 5922 9735 8557 2256 5693 9935 9016 868 8970 3337 8792 2185 4642 1677 3504 2529 1763 8906 5995 4705 2536 2489 9363 3281 4218 4540 3354 545 1572 902 3773 5030 8912 5098 2529 202 5031 7812 3861 6640 1815 1023 7903 3761 1729 397 9275 3337 4494 770 3230 4287 809 4819 7455
4201 1379 8790 38 7089 1421 4426 7118 1215 7656 9738 9210 1855 2060 3267 2757 8173 5400 1166 7341 7556 1940 2829 7228 588 1785 0 9496 9141 7376 2060 3588 1429 9137 7134 9094 490 6930 6915 6245 1824 9453 9476 6153 6740 1079 4285 7531 7384 4383 214 1919 5887 4748 2649 8386 6660 2334 6709 9087 7676 8969 2108 1040 3953 4739 7853 1682 2389 7349 8789 7872 2694 313 1714 6126 7234 9406 6044 8527 2617 2313 9536 9609 6597 7444 1278 1629 6948 8788 3186 6211 3547 8904 4399 9252 4773 950 8602 328
9341 6598 8954 6045 1469 9319 4334 7863 2374 536 1525 6309 2388 2974 2256 6930 1896 1755 8532 7657 4816 6056 3682 1183 7855 6778 9496 0 953 7560 8502 1742 8273 4267 2568 4607 1144 2341 35 620 484 2110 5401 6952 9503 505 9056 5010 7311 8866 5676 9821 2250 7008 2916 3689 2242 4372 4971 9584 898 7077 6336 3625 4646 429 6181 9354 8139 1199 5428 4871 1351 620 8880 3777 3407 6533 6462 4017 3220 4180 1522 3076 592 1682 3398 7901 9310 3744 5337 9410 8259 5688 3484 2788 1103 139 4825 3291
1651 7546 5 5331 8484 2547 6906 4742 7359 6889 3718 5637 474 4252 9841 2807 2590 3596 3514 1266 8466 7075 2423 8329 9748 8569 9141 953 0 4606 8218 6549 37 5307 2062 238 4245 4545 1798 7551 4625 9563 3070 2468 5925 4596 3259 3428 9006 4739 6062 8962 6009 8128 9978 3504 5352 2388 3760 1635 4593 4001 616 8294 3924 7703 6903 9996 1794 6458 6212 6459 8198 4021 2810 2191 1983 6125 2860 6230 6318 616 111 7461 3843 1929 5828 5351 5382 5968 5183 5671 9494 2420 4816 9083 4772 5957 915 6898
7544 957 2575 9162 5130 7094 4331 3454 8937 7947 4836 7730 7341 2643 7178 985 8966 4377 462 1938 325 605 4707 5633 7932 3066 7376 7560 4606 0 4813 6692 3382 8501 9710 5748 8408 8932 5782 6005 1194 4394 2748 939 4905 1748 4907 1861 3670 6229 4758 2034 1536 9703 9509 4229 5924 9697 7096 9003 415 2449 7092 308 746 3353 6851 9182 9213 8152 1940 1401 8150 2623 4411 1920 6221 9467 3569 8138 1588 9971 74 6745 4655 5511 9027 4570 340 7827 5312 9920 4367 4260 7606 444 3454 3835 5061 9982
791 6767 2034 10000 229 8775 8568 7705 5506 4066 1695 8594 499 1016 5132 732 8197 3615 6179 8975 9148 2014 4000 7725 6385 725 2060 8502 8218 4813 0 564 4340 3612 1017 582 5672 2666 7654 66 3165 7463 1072 5847 639 617 4558 2698 8084 6591 6330 4133 7393 955 1324 7826 7483 1938 4672 5654 3864 1930 490 1464 6020 4226 747 896 9867 5414 1581 3274 5054 5653 7319 9876 3296 9646 7447 1797 2913 6590 7900 8713 6011 9810 9509 2680 8908 6614 3224 5546 25 63 4649 747 1562 2089 3128 6582
8201 5169 9707 6366 3705 7936 4462 3109 1832 4220 8286 659 5466 1520 1268 8847 210 2141 5976 3476 937 7585 2116 383 3121 2557 3588 1742 6549 6692 564 0 8620 4641 7169 2918 9914 8222 6521 3987 9608 5014 7220 9643 2297 8673 493 4949 9843 2100 2057 6081 5242 7156 1177 5536 4375 6370 2220 6683 4742 5060 466 8959 686 6364 6680 8910 8642 8902 7552 157 9702 1994 6518 1138 7042 4711 5163 1730 593 4543 8990 6548 9693 6341 5015 934 1087 1832 7552 3643 9641 5712 6853 2644 5213 8326 3330 1649
8965 4898 6967 4896 4207 9644 7691 5393 1399 6404 3786 4397 1751 1402 5980 6571 4759 4557 8000 4713 3747 4396 6706 3915 1411 9333 1429 8273 37 3382 4340 8620 0 6562 1315 6221 5601 1614 3852 2334 8261 8200 5798 7925 1304 8818 7577 6316 6255 2624 6153 8425 9705 4762 9764 1523 7131 1867 8218 2288 8335 3915 751 3650 9740 9250 8844 4847 4405 1684 238 6491 3388 5385 1389 3495 5086 6592 6728 2993 9952 1960 9682 4867 6802 7846 1263 3414 5178 5624 5098 6804 8643 4941 2466 492 2774 5987 9024 9429
2903 2803 6686 2634 4212 7592 125 339 9943 4131 7094 8325 8328 1836 2513 8260 4333 7468 1718 1612 6059 5787 1331 6676 3184 9360 9137 4267 5307 8501 3612 4641 6562 0 2793 1692 9034 7568 3000 557 2900 3291 2519 3802 5939 8477 769 1983 3927 8988 1920 4439 9754 2226 3303 1836 7757 4541 9268 1522 9530 6877 365 2600 7440 2335 5382 6890 2303 5043 7519 5736 412 1138 4051 5216 4222 8561 4909 6762 58 9651 9254 4716 4040 6381 7014 594 1838 1748 4826 9710 7319 3386 7814 8750 4799 6254 7508 2340
2764 8466 10000 9226 8854 6598 4338 320 4053 9228 3225 83 5785 569 3944 5408 9198 8043 5991 7250 3139 338 6127 2286 4626 1554 7134 2568 2062 9710 1017 7169 1315 2793 0 1848 3252 223 9511 8654 7083 49 4272 7945 8227 7435 8544 2414 5138 3455 4848 5013 5563 7383 5791 9355 1290 1465 4714 5034 2486 8615 2280 6976 3511 9662 5953 9075 8248 4989 6162 9433 4755 871 6449 327 1515 7608 511 1016 9257 2695 6738 9726 4405 7090 1606 5264 7236 4406 9119 8537 6502 200 1883 7005 587 9837 7465 7046
4858 7750 3418 2179 1119 4488 7215 7199 3052 3896 8871 2985 993 2626 6856 4822 1974 4453 5800 3385 3013 6415 3362 181 1300 5001 9094 4607 238 5748 582 2918 6221 1692 1848 0 7990 6622 5641 5119 8946 9348 1642 1383 8098 5920 9683 6310 5032 4555 6364 383 4622 9082 9308 1917 2584 1736 2849 4164 3595 2234 5100 1750 6844 5116 3169 4253 3019 16 5924 7139 3552 4106 2639 1571 1519 3962 1867 8877 7231 6780 713 9710 3589 7259 3173 4307 5666 829 5015 2235 8192 8951 6810 5662 6719 9856 8860 3134
8478 2062 1809 9280 7588 4766 6586 4098 8095 9999 7108 5388 812 509 5022 4228 8908 9184 5152 9554 3563 9340 838 1213 9590 9252 490 1144 4245 8408 5672 9914 5601 9034 3252 7990 0 3725 6 7240 7023 3851 7226 4231 2176 5826 3429 7620 519 288 1146 3655 1099 7899 9164 1745 9764 6124 2880 3474 5066 6464 6107 4904 9364 2701 2353 4235 8595 8259 6393 6021 1162 3815 1111 3457 3136 1759 4669 9742 2418 3811 4734 4939 5868 448 796 3511 4968 4237 2468 8152 7335 4021 4955 7319 5250 6217 8870 9303
9494 8609 4161 6293 3577 6841 4673 9396 1190 8965 1737 7127 2791 3988 7130 8450 5408 3250 5622 5415 7049 1134 2285 3097 7426 7600 6930 2341 4545 8932 2666 8222 1614 7568 223 6622 3725 0 3069 5153 9478 6680 3781 9009 178 8600 9414 9246 4322 3016 6764 8484 2867 6585 66 368 3255 6845 6023 1559 1440 7241 2140 3429 315 8453 9909 6819 5985 9844 500 5308 6871 2244 5691 9072 8461 6504 4068 2367 1689 3119 744 6194 1433 9078 4963 5580 4560 3854 7123 202 9760 9179 7896 1171 9180 2402 8385 5471
324 391 8987 9795 2190 6972 392 620 5204 6088 6932 5421 2671 1112 8284 2617 1452 1624 5885 3436 2613 7066 4614 5165 8260 9334 6915 35 1798 5782 7654 6521 3852 3000 9511 5641 6 3069 0 7485 5504 8483 982 8615 5529 8482 6367 3248 8344 515 6616 3557 6522 7942 6653 3470 9357 3092 4926 1825 5508 2218 9412 4903 96 3244 8439 1458 6483 4097 3645 1486 896 1885 9496 8147 4243 3968 7954 9884 7508 1394 90 5009 9369 2367 9922 4087 5587 4022 4638 8548 7410 7579 3584 1391 2201 6986 3804 996
6679 8114 991 4178 304 722 9655 6065 827 9433 602 6860 2992 8589 1964 9858 4707 3833 790 1814 6990 4083 6257 3997 850 3106 6245 620 7551 6005 66 3987 2334 557 8654 5119 7240 5153 7485 0 3503 3207 3056 7035 9858 7065 622 568 5320 7883 9480 3366 8626 764 4363 5357 2641 2507 5446 7812 5258 6263 8525 9855 8551 8445 3549 224 9202 3183 2414 7995 6916 6634 4055 6370 3763 7232 5004 7023 1638 4743 9744 1604 7062 4808 8911 6320 6593 2596 1246 3028 7170 8220 2378 5142 6808 7412 4176 1976
1704 4578 9057 9802 5161 7465 9895 6536 6304 5621 97 55 9201 1591 3294 1919 4899 5156 2107 4275 4379 2611 6525 2568 2394 30 1824 484 4625 1194 3165 9608 8261 2900 7083 8946 7023 9478 5504 3503 0 1471 7677 2104 6859 4910 5965 6120 7214 6059 6508 4795 3539 717 1086 3824 9644 8434 2614 6982 2819 9544 3194 380 1920 1358 3795 7632 3891 4293 5028 1557 5251 2568 163 4383 5012 5233 3357 8448 6736 8566 5622 4261 1709 6240 7288 8136 9485 4948 9078 1030 211 5823 8266 2874 9568 4376 2770 564
4050 5543 9992 7469 2459 1846 8872 8894 3912 5645 3203 9477 3639 5729 9559 7744 7607 1737 368 10000 5341 8802 6191 6342 5814 4179 9453 2110 9563 4394 7463 5014 8200 3291 49 9348 3851 6680 8483 3207 1471 0 7968 906 2367 5401 8401 9168 2876 167 7823 4762 7002 4866 886 7692 5991 3041 1634 9016 5822 5747 1008 2159 5135 7053 705 4492 7612 2402 1964 6054 5983 4742 6625 782 1234 3366 675 2086 5260 4223 1205 1414 2292 3983 4311 8246 5907 2788 2942 4440 7066 9779 3767 1686 2722 6921 9536 1150
3974 8875 1571 6019 6444 5834 3720 9627 7231 6648 4372 2531 1153 7808 856 6434 8021 185 6669 4357 9408 8357 6003 1351 4617 7185 9476 5401 3070 2748 1072 7220 5798 2519 4272 1642 7226 3781 982 3056 7677 7968 0 5954 1306 9067 4387 9037 9155 5410 6507 3128 1778 5565 7661 5538 1956 3423 6132 5214 4180 106 3472 5781 6346 6584 3327 7730 8941 5096 964 5753 9671 9962 5266 5367 7153 4660 8238 4832 2069 3616 7764 4245 668 1547 1753 1071 8729 3295 8703 5955 7950 4516 4136 9147 7201 1830 4898 7870
7789 2717 4435 4274 615 4883 3282 159 1996 7854 7140 8228 1908 6939 2433 5757 9922 3206 4888 8650 6683 7383 6218 6714 1120 3992 6153 6952 2468 939 5847 9643 7925 3802 7945 1383 4231 9009 8615 7035 2104 906 5954 0 3520 9204 7853 4581 8206 8676 1931 2811 5796 4851 8302 3175 2861 5051 1841 9211 4761 1353 5663 8041 4955 1319 6980 9012 7453 528 9628 1882 751 2964 7194 9455 1172 4728 2711 8054 918 2005 8886 292 2125 1587 6266 9180 8832 348 4574 728 7121 3880 3523 8798 6721 5202 8940 1420
7926 2130 5336 5842 8041 9031 1638 8985 5743 145 4591 421 1140 9966 9913 5277 5358 1518 5776 8993 6147 5671 3894 2921 4229 3239 6740 9503 5925 4905 639 2297 1304 5939 8227 8098 2176 178 5529 9858 6859 2367 1306 3520 0 8839 5918 5299 5706 6454 5328 2405 4785 9492 6642 1403 4356 3034 1131 1629 8566 197 7386 3897 9245 4219 1619 2252 1659 6847 8507 8956 4870 8262 5457 7499 4123 8809 9090 8780 7389 7894 4397 8172 4819 5623 192 9629 3586 7400 1750 4798 8318 947 9564 3254 4727 4131 9375 3119
5174 2016 2217 3832 3301 6317 4934 2463 6384 180 631 3468 959 3849 5247 1248 6536 4302 5205 132 6773 3764 4165 1913 8759 5922 1079 505 4596 1748 617 8673 8818 8477 7435 5920 5826 8600 8482 7065 4910 5401 9067 9204 8839 0 2757 4336 7179 1446 7004 6926 6086 8005 761 1343 4644 8960 422 3895 4002 4004 5356 7274 6332 8335 9929 7818 3164 4458 8401 8424 2196 1321 1333 375 6868 172 6855 6879 1429 5573 5633 5980 8019 9197 8206 8531 558 182 5064 7624 8911 5428 5239 6017 4754 434 229 7208
8676 5952 4573 8791 1086 7644 5485 4156 6354 4986 9307 3653 7435 285 5391 7472 6236 2992 4856 9569 3683 977 5859 6870 3326 9735 4285 9056 3259 4907 4558 493 7577 769 8544 9683 3429 9414 6367 622 5965 8401 4387 7853 5918 2757 0 7040 8342 585 6449 6086 8701 7298 20 7960 5816 8881 2320 8104 530 3311 6010 4418 5012 7469 9749 531 1475 1483 8894 8010 786 4333 5516 8226 7356 7268 2937 468 6893 4352 6947 4129 1552 3868 9802 2756 8230 1788 736 8360 4887 914 7647 5670 8142 365 7620 4089
2835 8972 6197 4404 2293 3697 1676 9539 317 5579 2072 8008 6500 5382 346 5751 4711 5440 1964 7580 2182 5964 9170 3079 2315 8557 7531 5010 3428 1861 2698 4949 6316 1983 2414 6310 7620 9246 3248 568 6120 9168 9037 4581 5299 4336 7040 0 6016 1904 829 7972 7013 3649 5531 7332 9050 551 9465 6872 3539 6765 236 8111 5863 9472 1305 7197 6657 753 7229 2662 7279 2272 4156 7568 5481 4232 4918 4107 1156 2473 9095 2349 6847 5806 1803 3390 5 3349 7990 4545 4741 6624 2881 9353 4556 1550 7380 6787
5534 6157 7208 7797 8739 1534 8802 3928 7116 6056 9827 4669 4292 9057 4883 9299 4107 7720 3319 6285 7258 1241 4982 4337 283 2256 7384 7311 9006 3670 8084 9843 6255 3927 5138 5032 519 4322 8344 5320 7214 2876 9155 8206 5706 7179 8342 6016 0 6001 2404 2602 9803 497 7917 4228 2311 3962 8162 962 2823 9290 9163 664 3134 834 3253 8909 6154 505 4011 1381 3839 4424 8827 8865 1344 5089 2717 6764 5653 2765 624 5080 4975 6524 5940 4119 5337 6146 8373 9230 2947 9563 8936 1320 2095 2208 9723 9672
8954 5598 9646 2582 3701 3099 3816 5601 3007 9979 6554 9606 953 155 5948 1635 812 4784 3722 5638 5019 8681 8150 2904 7723 5693 4383 8866 4739 6229 6591 2100 2624 8988 3455 4555 288 3016 515 7883 6059 167 5410 8676 6454 1446 585 1904 6001 0 9697 2037 1773 3228 2336 4568 3721 2132 5272 9706 3767 3880 69 8202 1320 4575 3363 7055 2769 2746 1409 6413 1463 955 4431 8970 4044 6178 612 9454 2175 4445 4598 7807 5399 2623 2221 4526 5754 873 9536 8829 8082 2511 9812 8012 6540 5915 5291 2888
8524 2963 7539 8879 9212 2820 7952 4644 4502 3344 6201 8328 5534 936 7162 6833 1037 4937 9097 5251 3374 581 4696 105 2089 9935 214 5676 6062 4758 6330 2057 6153 1920 4848 6364 1146 6764 6616 9480 6508 7823 6507 1931 5328 7004 6449 829 2404 9697 0 4986 2330 7398 6026 7426 5484 8001 5399 958 7319 373 9149 546 4010 5783 253 1940 9954 6357 755 5750 4468 9122 740 5649 6500 4402 8344 3426 5166 5914 486 8322 5770 9589 9524 6496 8025 7564 858 7067 9290 7258 3090 9350 2315 2486 5437 1204
5950 285 9583 6509 8330 7778 9003 2531 3521 8649 2469 8132 6468 6760 3610 9464 308 7564 3717 2468 3058 1064 3611 947 1572 9016 1919 9821 8962 2034 4133 6081 8425 4439 5013 383 3655 8484 3557 3366 4795 4762 3128 2811 2405 6926 6086 7972 2602 2037 4986 0 6257 8031 1183 3284 3014 2297 588 8848 3114 2059 9866 9004 4841 1730 441 3514 6691 490 1022 1121 6026 1212 3672 290 8430 9269 8691 9741 9282 3600 6920 720 3178 8235 4184 4269 5935 3663 4289 4358 3706 8373 3948 4606 1004 7806 3503 4002
2571 6537 247 9034 2267 7757 2667 8511 7339 2816 2902 1701 3248 3384 1279 5342 2141 9221 9113 5183 5953 1465 1063 725 31 868 5887 2250 6009 1536 7393 5242 9705 9754 5563 4622 1099 2867 6522 8626 3539 7002 1778 5796 4785 6086 8701 7013 9803 1773 2330 6257 0 4844 6417 2062 9405 97 1363 3912 2600 7804 9774 859 2763 360 620 4353 545 9215 3871 4552 7330 6844 2279 6108 8000 6181 4534 96 4342 9703 40 208 2747 5577 9562 8819 5912 7931 6024 9585 2361 3625 1996 7915 6338 1416 4410 6951
6397 9209 9188 2201 7235 9026 9756 4866 6734 1306 2692 4829 8331 8931 7273 5692 2502 7002 4463 3442 5044 406 4855 6246 4237 8970 4748 7008 8128 9703 955 7156 4762 2226 7383 9082 7899 6585 7942 764 717 4866 5565 4851 9492 8005 7298 3649 497 3228 7398 8031 4844 0 4077 4080 6485 4063 6618 9511 8598 448 6990 4462 9574 1394 2513 2973 3361 7043 4221 6686 6347 4624 3076 7336 9933 304 7697 7383 9310 844 2140 1114 8574 8805 7637 7563 516 7693 1292 2833 3667 5829 8990 6841 2771 8245 2182 1088
9011 1337 7865 5275 8167 6105 4758 8633 5137 4214 2312 552 6691 6 2168 7503 3463 2183 9424 9526 8509 8305 1070 5114 8561 3337 2649 2916 9978 9509 1324 1177 9764 3303 5791 9308 9164 66 6653 4363 1086 886 7661 8302 6642 761 20 5531 7917 2336 6026 1183 6417 4077 0 1716 8930 6968 6706 5808 9832 7373 8780 3155 8101 2485 6355 8647 6932 1224 486 9703 3453 8879 3493 6082 3833 3863 7909 3521 5782 6923 8753 4013 3329 8501 2374 6475 8336 6807 4341 2438 806 107 584 5572 4996 6097 718 1441
6429 6177 6252 6041 2197 2398 8664 3982 2466 9055 5182 4419 1115 9855 3084 3595 4804 135 4421 4756 2566 4377 5125 1473 5259 8792 8386 3689 3504 4229 7826 5536 1523 1836 9355 1917 1745 368 3470 5357 3824 7692 5538 3175 1403 1343 7960 7332 4228 4568 7426 3284 2062 4080 1716 0 2891 306 957 8621 5327 8865 4109 5884 7095 3062 4863 3730 3793 9160 3400 367 6397 1837 8075 871 3005 3456 3903 6646 6065 159 1489 5130 2048 2063 3027 9369 7335 4262 6016 1846 4925 7473 2776 6472 2092 6547 2650 4277
3736 658 2423 5956 9641 3581 817 264 1096 3087 5940 1890 2162 8743 3068 2215 9149 2240 8712 7906 985 4752 8583 450 5389 2185 6660 2242 5352 5924 7483 4375 7131 7757 1290 2584 9764 3255 9357 2641 9644 5991 1956 2861 4356 4644 5816 9050 2311 3721 5484 3014 9405 6485 8930 2891 0 2397 5437 3835 5065 1335 1517 1643 3257 4719 6559 5715 6096 9596 3290 4140 5977 6355 5010 1666 1723 2139 4277 5758 7036 2926 5620 6299 6307 2968 8000 7541 4747 9469 5116 4696 184 1843 3803 5462 423 3876 4834 4140
1372 254 227 1568 671 582 9536 7623 3261 2394 2024 2020 3583 6732 3433 3410 608 9211 8219 9634 7306 5003 7584 3888 3183 4642 2334 4372 2388 9697 1938 6370 1867 4541 1465 1736 6124 6845 3092 2507 8434 3041 3423 5051 3034 8960 8881 551 3962 2132 8001 2297 97 4063 6968 306 2397 0 2497 1558 7247 4498 3937 9864 627 5303 2708 4405 9632 1990 8273 2115 4123 844 8993 1527 9787 3053 5024 4814 6021 7807 1292 5558 9437 4077 7797 1816 5826 3914 4298 4458 4005 4066 5818 3148 5329 918 4280 6644
4333 7769 8974 8701 8612 8813 1670 2000 6630 4756 100 2306 3897 9594 3458 778 1564 3153 1071 8497 1559 8921 6353 7561 4890 1677 6709 4971 3760 7096 4672 2220 8218 9268 4714 2849 2880 6023 4926 5446 2614 1634 6132 1841 1131 422 2320 9465 8162 5272 5399 588 1363 6618 6706 957 5437 2497 0 2925 6352 6579 3807 2820 3405 1916 7322 9105 4027 4703 1584 597 5745 2651 9141 1523 1881 4536 3045 9886 5809 3665 9213 5357 4255 4252 2814 10 6537 7567 6522 1179 2736 3218 7082 1908 2689 8252 1592 3195
2807 3743 4034 257 6327 2157 3763 3735 9540 4816 5175 1874 1717 1154 3218 9948 4650 9557 617 6429 894 7874 9114 8851 4071 3504 9087 9584 1635 9003 5654 6683 2288 1522 5034 4164 3474 1559 1825 7812 6982 9016 5214 9211 1629 3895 8104 6872 962 9706 958 8848 3912 9511 5808 8621 3835 1558 2925 0 1327 9999 7807 6931 8209 2346 7016 9191 7381 5020 6316 2567 3109 9574 6942 69 2037 3730 4991 8375 3415 3167 1340 6028 8638 142 8635 570 154 9085 9976 2457 9883 4720 6790 1540 1179 5062 7575 9267
634 2469 3850 356 4029 2885 82 287 8586 2097 3992 7841 6669 1378 9550 1399 1940 2708 4356 276 5871 1163 5511 4143 5693 2529 7676 898 4593 415 3864 4742 8335 9530 2486 3595 5066 1440 5508 5258 2819 5822 4180 4761 8566 4002 530 3539 2823 3767 7319 3114 2600 8598 9832 5327 5065 7247 6352 1327 0 3319 5593 1692 6330 5061 4344 7368 2748 7856 3765 7851 9717 236 6111 5613 1021 7822 4855 4590 595 7128 6192 2630 1466 2255 1576 9752 78 398 7169 7398 4659 2396 6946 9464 13 6221 8437 1274
854 8381 8815 2807 6922 6228 4554 5523 6916 293 8619 4084 4826 7955 3583 4276 6945 3431 1190 9606 2071 9725 7996 7331 2763 1763 8969 7077 4001 2449 1930 5060 3915 6877 8615 2234 6464 7241 2218 6263 9544 5747 106 1353 197 4004 3311 6765 9290 3880 373 2059 7804 448 7373 8865 1335 4498 6579 9999 3319 0 1404 4366 9913 711 8663 2880 617 5011 173 96 2515 7802 603 1735 6311 9670 3576 2693 6028 3059 817 1379 9093 4894 5162 8761 4873 4389 7611 5477 6579 1546 5296 9071 9627 7563 3231 7326
674 3209 2408 8086 444 1699 6736 1879 4171 2487 3383 8739 4593 716 7928 4635 4015 7780 2406 5669 6473 2689 9817 390 216 8906 2108 6336 616 7092 490 466 751 365 2280 5100 6107 2140 9412 8525 3194 1008 3472 5663 7386 5356 6010 236 9163 69 9149 9866 9774 6990 8780 4109 1517 3937 3807 7807 5593 1404 0 9485 1410 2276 1694 5961 943 4751 4906 7600 5716 1818 4430 3553 801 9411 2739 7599 5137 7689 14 9732 9351 4630 8093 7987 7510 6190 8033 7163 8454 3001 8608 5471 8814 5455 3467 5831
9131 8666 5947 7778 6576 522 9286 8319 2014 6008 6900 550 142 3762 632 7651 4736 6272 4143 6499 7734 7036 9624 6222 5153 5995 1040 3625 8294 308 1464 8959 3650 2600 6976 1750 4904 3429 4903 9855 380 2159 5781 8041 3897 7274 4418 8111 664 8202 546 9004 859 4462 3155 5884 1643 9864 2820 6931 1692 4366 9485 0 385 3785 9730 6055 2887 5999 3707 1897 4069 9819 9897 6953 2750 5435 9789 5875 8673 2237 3883 8549 3647 1793 1952 9736 2587 1032 6777 417 5693 8082 3107 1790 337 7739 5421 3337
8161 9041 9923 1631 735 2071 5693 9211 8735 7517 2440 8042 8505 7681 4532 9235 7235 2295 6938 6002 7252 3935 2384 6282 4807 4705 3953 4646 3924 746 6020 686 9740 7440 3511 6844 9364 315 96 8551 1920 5135 6346 4955 9245 6332 5012 5863 3134 1320 4010 4841 2763 9574 8101 7095 3257 627 3405 8209 6330 9913 1410 385 0 282 2246 784 2021 8702 6187 7346 6867 9430 6894 8132 82 1083 7888 1721 808 7893 6107 2260 8992 1892 2638 4768 7726 4685 9225 6027 1267 392 5266 1497 5196 4780 4748 8095
26 2150 185 6303 1437 3141 2602 9233 7787 324 8808 5827 1153 1290 6217 7101 5222 1095 1215 2098 2462 4189 4186 692 4524 2536 4739 429 7703 3353 4226 6364 9250 2335 9662 5116 2701 8453 3244 8445 1358 7053 6584 1319 4219 8335 7469 9472 834 4575 5783 1730 360 1394 2485 3062 4719 5303 1916 2346 5061 711 2276 3785 282 0 286 7418 6313 7092 3411 7478 4142 5882 2070 3023 520 6484 8740 6284 4372 5924 9366 8674 3111 8907 1429 202 6445 6198 2688 7313 8953 6619 7350 880 4317 5395 6213 9256
2313 6651 7969 8698 1519 4602 4283 3668 6530 1443 68 4910 280 3769 522 5391 4956 8216 2444 259 9086 203 2407 1512 8770 2489 7853 6181 6903 6851 747 6680 8844 5382 5953 3169 2353 9909 8439 3549 3795 705 3327 6980 1619 9929 9749 1305 3253 3363 253 441 620 2513 6355 4863 6559 2708 7322 7016 4344 8663 1694 9730 2246 286 0 4791 5519 8894 8503 8583 6262 1149 7713 9689 792 5772 3837 2497 552 7128 7935 3982 4573 6102 1303 2798 3009 5529 2132 5264 4944 5608 7779 4788 8100 6356 6370 6921
7286 2089 2272 9132 2714 9264 2673 5398 3546 3762 3825 4565 2217 2337 5628 178 7401 9383 5365 3279 983 48 3719 2077 4100 9363 1682 9354 9996 9182 896 8910 4847 6890 9075 4253 4235 6819 1458 224 7632 4492 7730 9012 2252 7818 531 7197 8909 7055 1940 3514 4353 2973 8647 3730 5715 4405 9105 9191 7368 2880 5961 6055 784 7418 4791 0 6589 1631 3438 1543 8073 1880 8758 1086 8690 8182 9508 417 5926 5875 1001 985 4715 6360 3185 958 4929 1522 4059 1487 1554 4806 8562 1819 6867 2161 6094 531
161 7722 4660 482 7971 2559 9078 3972 7976 6927 1581 7207 1984 5755 1230 7790 1387 7437 4572 2475 7655 1271 5592 7910 7493 3281 2389 8139 1794 9213 9867 8642 4405 2303 8248 3019 8595 5985 6483 9202 3891 7612 8941 7453 1659 3164 1475 6657 6154 2769 9954 6691 545 3361 6932 3793 6096 9632 4027 7381 2748 617 943 2887 2021 6313 5519 6589 0 2515 8895 2404 2999 1607 767 4210 7141 7473 5082 7729 9718 8314 9472 7169 419 1852 9534 6399 5874 1111 9678 221 2040 5739 4441 193 6276 5751 2932 4353
3660 9099 3705 6573 7160 3891 8085 2564 5715 1882 5450 4640 7853 6853 7068 7021 8932 1195 6678 7643 9839 4168 6426 3484 5734 4218 7349 1199 6458 8152 5414 8902 1684 5043 4989 16 8259 9844 4097 3183 4293 2402 5096 528 6847 4458 1483 753 505 2746 6357 490 9215 7043 1224 9160 9596 1990 4703 5020 7856 5011 4751 5999 8702 7092 8894 1631 2515 0 9181 1259 8840 6077 6347 7974 3444 4109 7445 4365 7877 4996 4469 9789 5924 1189 4170 1177 6224 9347 4561 4514 9328 1335 8801 8626 594 7366 4219 6333
1541 142 1163 3085 8136 7576 5689 7990 7810 334 4121 8692 7768 2467 8292 1632 2500 2938 628 845 6970 639 6833 1071 1278 4540 8789 5428 6212 1940 1581 7552 238 7519 6162 5924 6393 500 3645 2414 5028 1964 964 9628 8507 8401 8894 7229 4011 1409 755 1022 3871 4221 486 3400 3290 8273 1584 6316 3765 173 4906 3707 6187 3411 8503 3438 8895 9181 0 2230 1788 7892 7975 4582 692 2472 4275 3813 2918 9244 3166 4048 5139 1263 8586 1231 2348 9552 6426 6281 4591 5539 897 9555 1078 2878 2016 1168
6668 864 6136 2332 7940 4252 740 5388 8154 9309 2852 1543 8219 3639 4179 967 2021 1119 5712 2056 5225 415 9228 2691 4640 3354 7872 4871 6459 1401 3274 157 6491 5736 9433 7139 6021 5308 1486 7995 1557 6054 5753 1882 8956 8424 8010 2662 1381 6413 5750 1121 4552 6686 9703 367 4140 2115 597 2567 7851 96 7600 1897 7346 7478 8583 1543 2404 1259 2230 0 2943 3194 8219 1576 9547 3952 1148 7605 4074 4282 2442 3279 5997 1907 1939 3453 518 3150 2697 7271 1051 4764 6949 1074 2767 315 8201 6498
3074 1427 4643 9667 7433 5144 2492 4312 7264 1573 9316 7175 931 8128 2783 6669 1863 3174 7255 1173 1592 3122 7509 6476 547 545 2694 1351 8198 8150 5054 9702 3388 412 4755 3552 1162 6871 896 6916 5251 5983 9671 751 4870 2196 786 7279 3839 1463 4468 6026 7330 6347 3453 6397 5977 4123 5745 3109 9717 2515 5716 4069 6867 4142 6262 8073 2999 8840 1788 2943 0 7516 4474 5160 4590 9822 9795 4204 2456 429 8697 7135 2849 8094 1322 3035 5787 1450 8286 3956 2637 6682 6458 2180 8066 840 7021 1613
9035 4553 4962 450 2586 6819 8934 9784 670 8772 2150 1580 845 5282 4364 1710 5863 9729 377 2107 9148 3991 1700 9668 7308 1572 313 620 4021 2623 5653 1994 5385 1138 871 4106 3815 2244 1885 6634 2568 4742 9962 2964 8262 1321 4333 2272 4424 955 9122 1212 6844 4624 8879 1837 6355 844 2651 9574 236 7802 1818 9819 9430 5882 1149 1880 1607 6077 7892 3194 7516 0 3161 5242 8609 2572 2094 2727 397 3662 7546 1101 7728 9154 9964 6705 4096 7935 476 4138 4860 3565 2416 621 1342 8331 257 3458
7897 8288 6970 2382 1039 2765 2999 8458 7853 3129 3916 5674 464 5586 898 4090 5202 7304 8491 2675 9019 2136 4348 7082 1163 902 1714 8880 2810 4411 7319 6518 1389 4051 6449 2639 1111 5691 9496 4055 163 6625 5266 7194 5457 1333 5516 4156 8827 4431 740 3672 2279 3076 3493 8075 5010 8993 9141 6942 6111 603 4430 9897 6894 2070 7713 8758 767 6347 7975 8219 4474 3161 0 2907 6261 8820 178 7797 7178 7602 2375 5633 7349 4997 9695 4043 3223 6917 7224 1144 5553 5776 620 6484 6151 7865 962 2094
6352 4614 672 5709 3487 7291 5145 2035 4200 4363 417 8747 9279 2010 7106 9679 5076 1520 1465 7989 1861 1582 3090 3581 9086 3773 6126 3777 2191 1920 9876 1138 3495 5216 327 1571 3457 9072 8147 6370 4383 782 5367 9455 7499 375 8226 7568 8865 8970 5649 290 6108 7336 6082 871 1666 1527 1523 69 5613 1735 3553 6953 8132 3023 9689 1086 4210 7974 4582 1576 5160 5242 2907 0 1144 5330 3871 2840 5388 1401 8894 8956 7564 3272 8575 2477 6987 6747 1695 6493 1724 4028 8242 8059 4619 5560 8186 5829
7271 2743 7906 8776 4952 9000 8290 5338 7423 2831 9195 6940 4250 6851 1112 1013 4655 3246 1007 6875 3931 7572 5050 6853 9516 5030 7234 3407 1983 6221 3296 7042 5086 4222 1515 1519 3136 8461 4243 3763 5012 1234 7153 1172 4123 6868 7356 5481 1344 4044 6500 8430 8000 9933 3833 3005 1723 9787 1881 2037 1021 6311 801 2750 82 520 792 8690 7141 3444 692 9547 4590 8609 6261 1144 0 5850 2511 1580 7705 35 2296 1410 6472 2161 7400 1404 196 8090 1246 8902 61 2397 3259 3265 2279 8882 6507 5608
1106 1641 3514 9314 980 6844 1414 1587 9618 8557 6930 9292 2224 1008 8698 5609 5608 3818 5668 5395 1053 6349 347 680 287 8912 9406 6533 6125 9467 9646 4711 6592 8561 7608 3962 1759 6504 3968 7232 5233 3366 4660 4728 8809 172 7268 4232 5089 6178 4402 9269 6181 304 3863 3456 2139 3053 4536 3730 7822 9670 9411 5435 1083 6484 5772 8182 7473 4109 2472 3952 9822 2572 8820 5330 5850 0 226 880 7053 7324 4904 1248 2644 4784 7042 3647 4402 9445 1210 9698 8845 6862 1775 2664 2511 2000 8280 463
9416 722 9255 5655 2794 5643 7706 3358 7169 9257 9267 6089 5767 7535 9827 4519 3704 9996 3688 5803 2515 7060 1528 6360 2161 5098 6044 6462 2860 3569 7447 5163 6728 4909 511 1867 4669 4068 7954 5004 3357 675 8238 2711 9090 6855 2937 4918 2717 612 8344 8691 4534 7697 7909 3903 4277 5024 3045 4991 4855 3576 2739 9789 7888 8740 3837 9508 5082 7445 4275 1148 9795 2094 178 3871 2511 226 0 1085 6515 4607 1070 1900 9347 6787 7298 9986 8958 7599 6554 2492 6275 5545 5326 8330 6580 6014 7867 884
7422 1135 9820 2173 1438 2539 8662 3646 2384 9459 4819 3240 3115 5773 3366 4459 3453 9821 3668 2453 7437 5288 5388 4296 9046 2529 8527 4017 6230 8138 1797 1730 2993 6762 1016 8877 9742 2367 9884 7023 8448 2086 4832 8054 8780 6879 468 4107 6764 9454 3426 9741 96 7383 3521 6646 5758 4814 9886 8375 4590 2693 7599 5875 1721 6284 2497 417 7729 4365 3813 7605 4204 2727 7797 2840 1580 880 1085 0 448 1542 2488 7258 7735 1182 3514 1638 379 2792 7785 5923 8689 8699 3497 4829 5608 3404 4624 4949
7669 1590 6290 9432 2763 3277 5940 8784 8818 1192 6671 812 3234 9634 2836 2832 98 4065 3291 9666 9829 8245 5857 4437 9475 202 2617 3220 6318 1588 2913 593 9952 58 9257 7231 2418 1689 7508 1638 6736 5260 2069 918 7389 1429 6893 1156 5653 2175 5166 9282 4342 9310 5782 6065 7036 6021 5809 3415 595 6028 5137 8673 808 4372 552 5926 9718 7877 2918 4074 2456 397 7178 5388 7705 7053 6515 448 0 8652 2934 8090 2206 4204 401 1831 8943 3796 928 7010 8800 4408 9972 1820 8695 6447 5891 6762
4378 6983 4697 3003 8873 4010 190 1650 2689 6533 4133 3715 2917 7168 1939 1312 4596 7170 4284 4259 5441 1903 6264 8419 7589 5031 2313 4180 616 9971 6590 4543 1960 9651 2695 6780 3811 3119 1394 4743 8566 4223 3616 2005 7894 5573 4352 2473 2765 4445 5914 3600 9703 844 6923 159 2926 7807 3665 3167 7128 3059 7689 2237 7893 5924 7128 5875 8314 4996 9244 4282 429 3662 7602 1401 35 7324 4607 1542 8652 0 6724 9249 7344 2829 3569 5998 5453 6968 2114 1385 3734 1097 4597 6565 9296 8643 1624 2847
