200
0 976 8325 7788 7736 1827 4740 9800 7833 6414 8529 9766 4393 8517 2661 4702 2889 4934 8401 5547 5311 4645 5555 6468 5657 9923 9432 2522 4618 5518 6403 7004 9608 4067 13 3884 3123 573 5694 4090 2414 9533 5109 3407 2936 4739 4969 9748 5670 3359 7714 5481 6833 9663 397 759 12 2340 6943 1266 3064 2695 6612 1055 2945 5626 1968 5447 5538 2663 5393 2157 4931 4881 6495 7841 6130 8076 7751 4038 7197 7180 1908 9991 4760 3899 6396 8545 775 8530 5477 8458 4515 4588 5358 4209 4474 8563 1171 6290 1742 4477 7465 7543 1467 8532 6246 8460 2650 8897 950 4404 5512 7143 1476 7983 4378 2214 9286 8761 3009 3243 5549 5849 4826 9691 2118 581 8935 1596 5797 8405 4711 2217 4894 8548 4623 7506 2889 1552 9243 6428 2563 3904 2578 4348 3172 8834 9207 5976 8518 175 2080 1067 1241 9057 4325 3055 2987 6355 2346 2811 4902 2585 5802 4630 8343 5408 3480 7710 5467 6087 9624 5573 3750 3461 2891 3128 8223 4569 9106 2127 6783 9448 8012 4194 3098 1221 7760 2151 5818 7460 9071 8065 8950 6521 7444 6864 9397 4437
976 0 6352 542 925 2276 6778 2256 9881 6789 6922 9725 4763 5339 4869 1056 8039 418 702 2339 575 1870 9328 3437 1782 9861 9776 7797 5840 9714 3397 4519 4352 6538 7323 8825 7389 4448 8191 8820 6072 5816 2486 2870 8363 3191 8553 696 712 7697 3690 5030 8559 2852 1294 9557 1976 5304 2366 9239 949 6689 6624 6400 8712 2663 7805 3587 7259 3963 5301 6550 7157 9759 542 4910 7769 3531 4594 5376 8782 7964 8430 4635 7603 8553 6182 6018 1531 9982 6277 15 7983 5816 6482 3050 851 2589 57 8729 293 2933 6936 9141 1132 2202 8752 7922 9683 5921 3080 2064 7241 3794 8219 7422 3992 994 8599 5222 9131 4071 2048 791 6049 7788 9487 8592 339 2367 8288 3958 8203 3741 2158 3807 5245 4858 3441 6169 5749 3113 5694 8689 5796 3427 540 5455 835 1384 8247 1361 2742 7311 3876 2096 9860 4594 8165 9602 9695 9777 9324 2036 7894 9198 5768 8956 1403 376 4260 2074 9431 6193 3272 5977 2826 3197 6349 5646 7016 43 828 3504 3829 2911 9161 5232 3807 4936 9048 796 5986 8534 4273 9406 7510 7950 308 6813
8325 6352 0 2233 6060 5264 2912 6889 201 3117 566 4441 2770 5951 4490 2869 3037 55 9407 3167 964 7304 1110 2345 2778 4728 3974 9912 2105 642 6431 2192 9063 9584 7441 3721 7721 896 9443 7177 5462 5843 7001 2481 2899 8101 5997 7428 7286 1716 1019 9878 1591 5395 1739 810 3206 7588 3759 8917 5906 8272 8894 2327 919 1407 5251 3613 4711 4610 6951 5284 9649 9672 9804 4971 8786 9952 42 8977 9769 6863 1568 1192 3216 6339 6797 3151 4979 5410 185 6029 8490 6417 3903 4252 3287 3023 4677 5801 3201 1841 4646 7135 4114 8523 4480 4755 7339 4860 5652 2406 8699 4637 4531 2934 9591 3638 1489 3439 2075 4840 6680 8603 6999 5710 9114 1727 9828 1866 8560 8484 3389 1613 2062 6330 5647 6509 8750 5087 4204 4913 3887 3468 4845 4012 5984 6123 8173 9085 16 3625 1705 4149 3801 3027 2580 2612 733 6120 103 6005 3137 3068 6151 5207 4243 9060 6224 9781 2983 6902 8649 3247 5012 6707 243 3593 904 4233 52 5378 6640 378 2818 6173 853 42 9439 6049 3304 6440 13 2049 2513 8057 6391 2111 1249 2371
7788 542 2233 0 5474 3862 2061 2401 2206 8189 429 7784 8365 5911 6628 4166 3160 8942 2914 4371 905 7558 5144 9465 9238 8302 8623 6315 2782 8790 5757 7907 6880 423 5580 7545 9856 7090 3627 574 2462 3270 3418 9437 5305 2879 7914 2376 6790 861 9773 1980 6165 5395 9898 4087 6413 313 3931 9563 52 8494 3550 7663 8905 6032 6035 7198 7239 5109 7528 2866 8037 4229 7953 7509 3290 7278 9564 9273 1988 9615 5891 2369 843 8926 5801 3804 2253 3824 450 3786 8862 1700 4246 983 237 6649 8008 7805 2666 3991 4004 2095 1163 97 384 9365 1015 7027 1295 8554 1270 6883 1752 1600 9254 5254 493 3143 7149 9611 3115 3637 3179 5908 4251 1068 2466 5525 6701 6374 9741 6681 4017 4406 2052 8415 4807 179 6667 3055 3210 7251 2942 9764 2029 5561 7578 9287 7045 6286 3052 3517 5121 2689 651 541 7520 3224 5341 7589 1829 3162 7382 9380 3468 9326 1558 8407 496 7429 5355 1690 5229 6321 8936 8879 4942 6750 8857 3856 3182 7927 9377 2167 7251 9983 148 6374 8533 3174 7061 174 9498 5062 8140 2211 8152 7620
7736 925 6060 5474 0 9972 8421 4002 7560 6798 895 1564 9883 8767 2821 9906 5732 2848 4390 7159 1494 9598 8428 1616 5016 9411 6423 755 4464 1000 6225 6114 8442 8640 6501 6416 789 7370 6453 8775 7705 831 8647 9127 2102 4160 1484 2449 9397 4942 6367 3164 9671 8487 9860 7622 14 2226 1752 921 9513 3130 3246 9580 7903 9728 5896 2647 1496 1402 3263 6317 5918 4837 7512 6117 2013 7613 6150 3181 8810 7467 1167 566 5229 8760 6154 5102 1293 6587 950 6435 5185 5177 1113 1789 2597 2588 2446 838 5526 2332 1805 7586 3924 5543 1265 7936 5697 3801 3239 6724 4628 2317 7452 5063 2583 1868 7782 1812 5535 6424 9056 7690 2789 7544 7475 1722 3263 9016 589 5001 7916 1497 197 7573 2059 8031 3442 1448 9552 7083 4794 3534 9830 4264 2696 2839 3007 3670 6207 5248 4062 5590 3369 3338 3876 4728 1583 2221 1563 2257 4940 6203 371 8425 37 1202 4810 4948 9627 4639 3540 2348 4001 5009 6295 2112 8838 8074 1150 1631 7099 1247 183 1297 2779 1363 3528 8310 9056 7863 1308 2321 3134 4552 8037 7611 7134 8555
1827 2276 5264 3862 9972 0 5499 5184 20 4114 1204 3092 9902 7359 4956 5963 8848 9548 3399 2380 3281 861 1147 4575 7034 9632 7317 2347 5603 7085 9336 5884 6694 8645 3189 9877 7414 8224 1545 2761 4983 8614 8108 6559 6590 3123 3523 6836 9372 2760 5049 5023 3275 9080 9753 8294 6809 8053 510 2780 7853 2347 5896 9312 8705 9728 4090 6382 8796 8957 2674 901 1072 8178 5297 5046 1953 7404 5738 9040 8869 4936 8817 9573 4414 4842 3081 8049 6116 3536 2517 4006 5828 2455 572 5557 8425 3665 2411 890 8377 1286 2196 223 3215 4536 1164 7881 4396 441 2346 8703 4911 757 7968 8165 9713 3907 8059 1094 3482 351 1683 9944 1645 475 2839 6096 9218 6545 7568 1003 2757 388 4363 1829 66 6439 8841 5777 445 9199 8103 9434 4310 2802 4791 3218 5075 9679 3743 3006 884 2818 2504 6540 6308 2979 2896 5451 3826 4535 9342 2206 7445 863 2881 2081 2749 1893 4510 182 5834 6152 6136 9974 1060 3363 6004 7896 901 9653 8486 2484 438 7432 1163 6283 7326 5312 5053 8606 3763 9646 875 4295 9859 5235 9911 9961
4740 6778 2912 2061 8421 5499 0 6345 6743 8426 5423 7150 5018 8572 7938 3044 510 7612 1829 4476 8144 9392 1894 9251 2639 398 5024 5659 7998 7886 9122 9431 8720 9220 5971 8439 399 5351 4385 9815 2349 4636 5397 7506 906 5433 4270 2309 4810 153 9362 3444 3253 5954 9452 716 6298 3866 9482 4909 8063 3399 7716 1761 2441 2234 3055 1862 6044 2690 2820 6599 7529 2447 5387 9994 673 6568 4690 2850 1118 4757 6836 1064 4604 5963 6622 3838 1362 9822 368 5176 138 2805 9722 53 3654 2125 4184 4744 7682 1827 4450 2200 9418 9570 4817 2413 1947 7138 1141 7152 8769 9807 1937 1360 5148 7921 5126 6361 1889 6540 7432 4741 8126 611 4931 1625 1857 7879 4451 3595 17 4499 8082 2657 6641 5953 3973 4794 6366 191 7286 5630 7977 7972 9848 6556 7092 3915 1817 5229 4237 8180 1100 9882 5615 5910 859 1980 8861 5559 9412 6818 2021 1418 4982 4117 4776 8870 2369 6704 732 4311 2336 7024 5416 8938 8612 4143 569 8854 4828 9104 8376 9050 3502 5887 6358 5266 6889 87 801 5255 7076 7496 931 1443 2180 652
9800 2256 6889 2401 4002 5184 6345 0 9442 2466 4852 373 8553 2270 5838 9149 245 4734 1041 6382 6764 4226 930 185 2413 9579 5490 7763 9070 3501 3894 9347 1188 1390 1428 248 7346 5080 3255 3527 304 7605 8663 6564 590 4540 317 9520 233 9733 1248 7988 5395 9092 8479 9541 7076 7167 5619 8401 7050 1904 3524 5179 2231 4077 8770 307 2927 2661 4820 9937 3922 8022 4126 4268 7722 1494 9638 7582 6612 594 7476 6765 2164 8412 9498 580 2168 4694 873 8576 6536 9680 3600 1312 1203 3742 6906 1101 488 1977 6659 5146 7131 6355 41 6875 608 7691 8269 6540 2389 6464 5107 28 6999 3141 6004 9655 6520 7882 9028 7525 3586 9308 3069 7934 4730 2118 9706 9772 1558 4637 9142 3793 9636 1435 9979 9135 2373 5117 924 7563 372 5837 1022 3734 4141 7201 5117 5495 941 8386 1158 1676 35 3077 2843 3169 6302 282 9434 8920 8454 9574 9537 2912 95 462 9047 8978 9890 4063 3336 9709 7982 2476 1679 6881 4438 3788 9713 2682 157 8677 7020 6820 1105 2340 8073 8227 9481 9793 8073 7423 6102 3332 4395 1460
7833 9881 201 2206 7560 20 6743 9442 0 1555 1124 3756 6289 6307 4246 5314 5201 5947 4507 3007 8389 3107 9424 9385 666 4782 6816 7069 4965 3283 8575 4236 8545 596 5375 4626 2188 2672 1995 6640 1241 3180 8392 4757 1678 3073 1692 7233 3169 6339 2060 8064 8849 2436 3417 6833 4557 7009 7880 8209 9095 1745 7447 7697 4866 8660 3623 2330 8633 5020 994 5297 2624 8973 159 8183 1985 3210 5885 3795 9214 8955 5133 1201 2992 6301 3759 4969 327 7103 5586 2432 4512 7757 957 1691 7413 8036 4848 355 6714 2736 6870 648 1104 4831 8424 6417 1758 6613 5081 9706 4619 3678 7419 4104 716 632 3570 4759 6405 877 9880 2835 4461 614 8753 9399 4111 2007 749 5087 7791 506 3904 7888 668 4791 9969 2603 5914 4207 131 2008 5441 2733 8911 4853 4196 8308 8700 8849 2773 8202 3594 29 3458 6340 305 4060 8810 5054 4194 1891 3773 5516 4665 7968 5921 316 6132 702 8204 4686 2852 3091 700 6748 1547 7858 236 1464 5452 4205 2541 1047 5861 5455 5472 9646 4603 2563 3247 9454 1609 4311 9752 3705 6462 7806
6414 6789 3117 8189 6798 4114 8426 2466 1555 0 4480 9484 8713 8559 1769 5186 8602 8256 899 6822 6450 4264 5770 4951 5327 4722 1180 3457 1947 4302 4261 1657 249 7994 4365 1961 2001 6183 8996 9112 9469 1415 1326 6268 3770 9183 9441 6253 4880 540 1910 5034 8886 2330 3672 6540 2982 5440 9916 3991 2914 1107 2168 5838 5659 1885 8628 2701 2608 3135 8691 7909 7097 9472 3588 5910 7212 5324 7322 752 9737 1363 6076 4124 1164 4879 8861 2463 8659 1039 3797 8520 5232 3388 2012 4323 6604 619 8127 8983 1495 4028 3826 8053 5966 138 8193 3002 9762 6424 89 8696 680 717 5603 4810 5033 4600 7089 5542 8756 8875 3017 1628 6517 4895 5762 1471 2268 6176 8609 2089 7666 7088 4665 6710 2886 525 3301 4039 7719 125 8764 395 6558 6535 7392 1443 2059 8853 9648 12 3808 5190 6975 817 5976 1002 1590 7737 7435 9545 9012 840 499 1164 346 12 2647 9288 2529 9568 7151 5482 1580 275 8605 312 9115 7057 1421 5020 4113 559 9559 7115 4143 8185 7127 3997 4476 8184 3865 301 4273 5196 1130 8826 9014 478
8529 6922 566 429 895 1204 5423 4852 1124 4480 0 5031 4398 2778 6185 7408 4726 2866 8499 2431 4315 4606 2459 15 1584 1629 7640 1176 8745 5569 6792 7452 6759 6894 1645 1913 7159 9348 5210 2012 4809 8572 6439 3679 4552 9992 9132 6423 9168 8438 7245 1884 7183 4946 9921 5604 7666 5103 4791 8865 2229 4637 4673 6790 3261 1079 1978 1560 3836 5776 4877 9725 8262 1244 6777 4837 6761 184 8280 3214 2829 7182 9679 8341 9826 2361 9929 6851 7314 1174 6147 5269 8226 8087 6630 5481 4039 51 7502 961 3149 7618 1655 3766 1881 7624 4485 3813 1343 3328 7009 3808 3156 5718 158 1751 3757 7664 4193 4105 1116 4233 5400 1053 599 6314 3193 7268 1925 1049 628 2627 2825 9496 711 7201 8941 7813 1432 1118 8596 9954 4541 4817 7996 9273 5176 7782 5403 638 5905 3975 2374 6816 9453 1811 9911 3507 7945 8653 8723 9341 5255 6522 8208 3258 3407 7025 3238 6314 4851 6138 6115 7324 6409 2210 4020 8146 495 2099 8364 3331 5997 2769 161 1791 8011 8965 5525 6122 103 8347 822 5867 397 2749 867 5384 6556 3458
9766 9725 4441 7784 1564 3092 7150 373 3756 9484 5031 0 1619 664 2912 3394 441 6043 8501 5845 7237 3073 6748 7340 8439 2854 4955 3859 5540 5101 4089 2188 8677 9843 5173 157 8669 8242 8757 7962 8954 241 9012 3042 5494 8661 5510 7315 9662 7838 4954 1569 5107 1319 9161 2746 6163 1496 8357 3131 6613 6942 1463 6160 2590 7158 685 1619 2204 1038 9989 667 5609 8860 4351 9001 8619 9471 4262 5872 2620 6842 5863 7719 4519 7372 5910 5063 4347 5818 6701 5603 2967 5643 3956 9167 8008 5380 4333 8248 6884 70 4537 3911 2741 3510 7632 9328 7550 3690 7623 5427 2235 2701 7531 8949 9809 6767 9498 2271 4160 6411 6094 9593 2554 1752 798 3706 7850 933 2493 8523 9369 9971 6829 5998 3640 6844 6757 9756 4201 1889 8463 3555 2872 2662 6760 2047 3102 9878 9739 699 8639 8890 6845 3661 3606 5463 7132 4738 5563 4875 9375 9278 376 712 3287 4242 4018 9130 6116 3659 9255 5835 592 8096 5950 1138 3144 7940 0 2707 5898 1809 3980 4456 8674 2365 9857 4277 4942 5277 4375 558 4643 3097 5331 8052 9645 2094
4393 4763 2770 8365 9883 9902 5018 8553 6289 8713 4398 1619 0 2554 3609 589 7650 6207 2913 7632 7092 2882 1710 4978 7149 5048 511 4332 3469 7708 4312 496 4028 5642 8631 6797 6337 2155 4314 1753 8836 3430 1404 2429 3114 1500 7273 7346 8611 1096 9415 5312 1899 2232 940 2577 733 3041 2111 2504 4144 761 2641 358 2310 9418 2242 3576 3182 3773 4685 5509 6424 4685 5041 9490 7679 3885 7655 4279 7258 480 8747 9671 2398 4043 4982 748 8319 9389 7982 7436 5697 9883 3613 5697 8437 4157 8488 9392 9009 822 4154 6473 1490 4779 7823 7712 3247 6947 4793 6304 9387 8487 8449 8579 4224 7253 502 331 1868 1790 4047 1788 681 7379 8621 4328 6992 5011 3753 7433 8713 3208 6968 152 239 7847 2681 4177 1401 2396 7033 3004 7666 1455 1413 1751 5834 5094 3520 6124 4554 7400 2064 637 2464 2091 4262 2514 5558 4424 3257 762 4278 3817 8942 1832 9086 753 9777 6266 8535 6949 1959 7305 6336 1721 900 640 8818 8032 8570 9842 8942 3842 7240 9995 9526 1978 9033 9273 8554 10 9790 5671 9421 1023 3768 6835
8517 5339 5951 5911 8767 7359 8572 2270 6307 8559 2778 664 2554 0 9098 6672 9005 5805 3598 2587 4761 1016 8893 6868 4420 2466 8978 9184 1459 3078 2524 3086 7546 6591 2844 4518 1605 4844 995 8909 9851 9406 8704 4707 1811 4426 5924 6395 565 3493 593 4613 3656 1820 9848 9736 3489 2580 9260 6252 206 7639 2323 69 7276 4584 3456 7291 2884 8407 4031 1524 5840 8252 5121 4086 700 3028 6262 1979 7198 9265 4637 7378 4158 948 349 9670 8549 933 9344 9687 3250 1276 4134 4890 4550 5720 7088 337 3481 992 4631 6087 249 1258 7019 6255 879 1314 9291 8979 8357 7798 8892 6689 5723 3831 7356 5756 9939 785 545 7753 1240 2492 2406 1410 1907 1728 7365 5864 1859 2281 6505 2483 7235 5957 2115 2396 9066 8563 3627 600 1112 5500 8804 8582 3735 9519 9445 5629 8604 3484 5678 2759 933 5816 2908 5495 6890 9674 9988 3087 4887 9145 7885 3974 8149 565 9643 8078 4448 6241 6113 8611 6026 6801 686 5587 9651 6236 1049 7106 4752 5784 4386 2987 80 5321 2320 5331 2844 5745 853 872 3220 6492 6831 4438
2661 4869 4490 6628 2821 4956 7938 5838 4246 1769 6185 2912 3609 9098 0 2648 128 3982 9804 545 958 6285 7653 5101 4044 2333 650 5995 7031 5768 7503 4400 6998 2069 5508 2324 8282 1686 1656 9735 6647 1666 6026 2637 8996 5976 1911 9576 80 4411 9861 9840 5905 2127 8364 3471 9028 2373 4923 2200 4371 7798 8177 2648 6996 191 9616 5164 6151 3882 4020 7613 6439 668 4793 1678 9706 9704 7510 3223 7415 4726 786 8459 6017 2439 3305 6274 7265 4962 3163 2499 8930 1310 6628 2724 4139 6651 2130 7275 6471 4387 9186 867 7046 1539 2459 5851 5842 1733 4203 2837 5770 1708 1155 852 8907 2371 6329 403 797 4725 6771 791 607 7260 4397 9141 1664 4029 5319 7644 3926 9110 1195 4578 6479 4127 3169 1348 5567 7551 1676 9656 577 2051 4768 8172 8642 8543 4600 720 2413 90 4512 871 6184 4988 3133 4166 6117 4305 8585 3799 8526 8867 5117 7391 9854 6792 725 2149 518 6082 1062 3073 3819 5499 3070 4324 1718 147 2290 9642 2262 8280 2333 9271 5678 2237 5675 5080 5367 9343 7445 7668 6831 7815 5928 5922
4702 1056 2869 4166 9906 5963 3044 9149 5314 5186 7408 3394 589 6672 2648 0 3761 4456 6318 4391 1345 6217 941 185 6193 2224 4717 282 6989 9744 4303 1162 5426 2380 2599 7217 8729 874 419 4580 6377 3592 6842 9758 8246 9447 1978 2286 3287 5761 2426 4908 9898 9749 4993 6692 3535 2534 2103 8629 2170 1536 4912 3703 881 6161 9794 1882 4568 7070 7938 3286 827 2100 5259 8855 9151 4893 61 6797 7874 1096 465 4277 7033 1193 4435 9182 7832 1164 9559 4819 8983 451 3911 2874 7771 7613 2972 7617 7154 2844 5136 1192 7136 4507 4636 916 9938 4599 975 3751 1218 6705 4181 2630 6380 5879 3600 7696 7283 8078 9459 4183 920 1241 5927 4682 853 2923 5651 2638 112 3489 4760 2391 9608 8794 5904 6322 4386 6552 9715 5326 8485 3064 6240 2595 5197 7799 8176 4546 3998 4234 8777 2837 7239 5616 685 7291 7975 6923 9884 1729 9460 9162 6135 1512 9081 3099 1890 6492 8313 381 1950 6600 9946 7447 5791 6904 7040 7101 5084 490 7156 3879 5729 8066 9572 7364 2081 3005 4492 2476 8610 6163 5334 4475 788 8201
2889 8039 3037 3160 5732 8848 510 245 5201 8602 4726 441 7650 9005 128 3761 0 9126 3576 8953 2700 9540 6927 4244 3692 8986 2530 7699 3346 6080 6437 5891 616 1479 5062 8349 8455 5281 7673 8218 3814 5054 5660 6086 9911 3260 4222 6665 2044 3328 8178 7215 5501 7444 8477 5877 9630 641 5682 3798 377 6955 5388 6313 2952 2886 799 6315 4097 8376 3740 4155 4587 852 2478 1455 470 9611 7787 9124 5603 4376 7666 3393 4510 7310 6105 76 4224 6383 1538 5991 25 3612 2860 2265 5265 7164 1688 5635 1525 338 6625 8259 9304 1176 6502 3208 8673 3638 7151 4682 9549 8424 948 8039 5895 3450 4536 1630 3019 5289 4578 8663 5212 9786 8057 3822 8978 4898 1909 7491 9453 2694 324 8170 139 7121 3539 363 6309 6528 1054 3655 6794 4849 3489 8683 6199 7754 4418 5056 8049 7048 9126 8554 7911 6419 4828 2851 8140 4098 287 8926 4226 8122 7873 2507 3709 6379 9413 6861 987 9204 3723 9015 2010 7936 1339 5337 2572 2734 6889 8345 9439 7087 2791 48 6542 539 2831 7987 6725 2149 9397 1754 6085 6970 9622 3775
4934 418 55 8942 2848 9548 7612 4734 5947 8256 2866 6043 6207 5805 3982 4456 9126 0 4650 4453 5658 1248 3335 3219 9769 6469 420 9329 1456 2122 6910 8263 7941 4495 2565 7851 4421 9399 8083 1924 7554 4146 3489 9110 7983 3329 6699 9468 5220 5927 6111 2534 3993 3426 9179 7676 3042 3276 5379 6513 595 7778 3155 9940 5291 3344 8474 1264 1862 8293 7367 947 8030 6007 2641 4485 4075 4797 5579 4025 3389 4319 2636 1914 2906 5477 3220 758 7210 5944 5473 6421 3886 3840 6697 7965 1229 4540 9261 2642 6327 4053 7588 7615 5144 5029 5535 3281 9635 7707 2268 6373 17 5006 894 9927 9810 6658 3161 3717 4391 4934 2581 2266 8682 3609 603 7249 8529 5530 1962 9061 6475 3704 7483 3227 7989 2988 3658 5623 2832 673 8251 6049 795 3173 8212 6362 8543 3083 1294 7355 3977 6594 664 1654 7867 9883 3913 9124 7027 5176 3470 8335 3583 6496 968 1649 9057 260 3742 1988 9524 8726 7503 7761 4713 7449 3840 2042 9293 1245 3242 8938 411 8062 1695 5455 5224 1561 2754 7628 5783 8972 4744 4229 9474 2546 6316 7091
8401 702 9407 2914 4390 3399 1829 1041 4507 899 8499 8501 2913 3598 9804 6318 3576 4650 0 3451 3530 4144 3378 5265 7802 2526 359 3579 8267 2718 6291 2073 3383 3610 2384 682 8174 2812 8672 5539 9777 2116 9052 2369 9436 7719 8161 2723 8835 4041 9434 458 8172 6424 7037 1776 4999 464 7649 9045 1954 1551 7655 5956 1368 9435 5614 6014 5259 2275 2212 1166 4446 144 49 7370 9398 2046 4514 4398 3143 8819 9560 565 6853 8778 1036 3568 494 4422 8997 3445 4408 5780 5645 1875 7143 6868 8619 904 5215 8493 2160 6894 4890 6628 131 349 2030 4990 2075 9929 5240 6475 3758 4465 3623 9280 5203 1882 6046 8830 7859 8417 9286 43 1291 1657 3584 4402 3145 5545 2061 8635 2490 6519 5159 3621 4897 1768 9504 1413 9749 2661 4987 8674 4807 3314 2943 175 2634 808 4496 4271 1880 5341 1916 7928 9668 1653 9597 1654 3693 4554 1568 3593 1990 7390 4386 9056 3809 9426 2940 5641 6270 740 7740 6622 2797 383 662 5520 2984 9914 6246 8848 1258 5784 8780 3462 6975 6047 2919 1121 5577 9607 7859 7367 9925 2354
5547 2339 3167 4371 7159 2380 4476 6382 3007 6822 2431 5845 7632 2587 545 4391 8953 4453 3451 0 7407 426 4772 2991 7270 4133 4243 3245 8087 8434 3989 834 125 4267 3576 4807 3508 2999 8293 2650 4546 2313 4059 1161 950 4948 4366 7079 2897 4454 6639 9720 1909 7176 6617 1056 9565 4515 9221 3614 1241 4806 1121 4634 8108 6750 324 8577 3018 1516 7973 1108 4026 590 4481 7541 3064 9711 7184 8886 6617 5275 7506 9816 3855 3965 7554 6207 2381 4121 4959 7453 9701 9621 6423 3064 8565 414 1413 6552 4571 8761 2190 7167 4374 8576 4797 1499 9026 8837 8298 2737 4016 5311 7954 7206 3630 5114 8149 4514 4175 1530 7860 2519 3028 1236 5261 9606 2341 7211 7004 3080 8326 2613 4423 2949 3930 7281 9924 2505 6992 6950 1943 9604 3213 4458 1339 8017 3503 2138 3309 178 3664 4354 6483 5094 4008 1170 7883 2906 6460 5365 3703 7436 6027 5271 1229 6478 5153 9244 9613 6883 7170 3886 432 3758 484 8425 9962 1292 5676 2068 7232 1318 2619 625 3196 8781 5423 6914 94 6823 1687 66 3604 3247 6872 1350 1531 9538
5311 575 964 905 1494 3281 8144 6764 8389 6450 4315 7237 7092 4761 958 1345 2700 5658 3530 7407 0 2768 9566 8922 8848 7297 8015 2172 5874 8519 2664 4161 4769 8601 8375 6245 2540 9553 4453 9424 9494 763 7149 3881 7459 8884 9120 1955 2380 9098 7028 4518 2755 1390 8434 5790 8288 6789 7077 425 723 1231 514 7170 9517 6956 8497 8345 3384 6310 9315 2136 291 6819 7628 6170 1597 248 5566 8305 4662 4765 4319 8812 6518 9844 9158 5950 2653 2116 5485 8228 823 4589 8001 6436 8212 9997 4878 4363 1324 7381 9981 1082 3310 5069 8993 9890 756 8361 3971 4271 6838 9986 3204 7321 5955 5001 7314 8759 7450 6289 3213 6240 7281 4163 6955 1189 5213 3645 28 7762 402 8061 5733 1929 3015 4259 1761 8136 8227 3304 1206 2879 8407 6778 6494 2376 5519 582 9978 7572 9092 900 5777 109 5982 9473 3524 2057 3657 3273 1969 6990 5690 7685 7548 9033 6894 4943 7029 9776 1074 6044 7712 5888 905 5712 8603 8180 5296 4694 2424 8336 3042 8641 8192 2653 2651 6275 7067 1633 5860 8050 569 7570 5311 6427 9640 8195
4645 1870 7304 7558 9598 861 9392 4226 3107 4264 4606 3073 2882 1016 6285 6217 9540 1248 4144 426 2768 0 1666 845 9050 9345 1227 7506 8077 3748 6242 1360 4293 199 455 974 9514 2171 2167 4881 9820 8836 2823 4638 5176 6807 1406 7052 2975 333 4971 978 916 3981 5168 3869 1730 3967 9414 6302 1489 6371 6038 9500 5317 1977 7790 4545 1423 2834 7688 5745 741 8540 802 8437 6252 7888 1957 2657 7379 586 4529 1350 5183 475 79 5847 6735 7347 7232 9137 8997 5371 564 7524 9539 7017 9327 6167 7341 9621 22 4251 8290 8966 4497 3418 8366 6563 3959 9 2899 8358 6726 4284 6748 4006 6896 3127 2509 8506 1885 6221 3180 801 7708 1752 923 6845 6192 1221 5221 88 9525 7102 3282 8849 3812 7664 1332 1963 6357 596 2486 359 2319 3606 3906 6274 608 9659 3052 259 5057 6489 325 2195 1851 1903 4884 49 1391 8611 8637 8492 7281 1882 3933 8619 581 834 2248 4319 4343 5559 9183 8663 9647 3322 9955 9862 7037 1197 5236 9595 7271 7007 7875 6915 2249 1259 6670 9536 3782 4003 497 2088 5368 1794
5555 9328 1110 5144 8428 1147 1894 930 9424 5770 2459 6748 1710 8893 7653 941 6927 3335 3378 4772 9566 1666 0 7438 7372 7365 4760 1084 6460 9739 7510 1029 6701 220 3186 6375 2580 2138 8606 7058 4588 5492 7737 3590 6659 1020 8923 2788 2727 2064 6118 7372 8184 2903 3333 4387 8176 6507 23 1369 269 8494 596 8911 1081 7846 8490 176 4770 7784 6726 6398 449 8418 5388 2251 737 9017 7193 9303 5634 5466 382 3 9774 3150 8983 8444 5858 7715 6002 7804 8950 1238 9269 8653 5905 524 9001 9194 3883 9018 4420 8260 2387 7514 9323 6157 2339 287 5123 3774 1484 6669 4624 6202 8174 3848 1686 5626 1161 1190 4340 2119 6188 4303 3668 1596 290 6754 8848 529 8485 3857 2685 2990 7151 1171 619 9083 1498 3896 3435 2719 7508 4592 8014 2460 8401 8398 3864 2216 159 8123 8796 7510 9407 4638 9841 2780 9140 9056 1100 290 7629 5957 1460 2658 88 6468 7771 267 345 1773 4607 4148 6775 2095 7450 8433 8054 5885 639 8076 9730 5158 3643 9498 1585 7312 9420 570 3416 6111 3858 892 7623 4474 3058 2755
6468 3437 2345 9465 1616 4575 9251 185 9385 4951 15 7340 4978 6868 5101 185 4244 3219 5265 2991 8922 845 7438 0 9363 1939 9627 1691 1884 8862 1798 4753 4441 6436 468 6330 9349 6754 8630 1125 9795 7198 7378 6204 8423 5936 7879 4678 2824 2341 9705 940 3808 4349 2975 4035 667 9846 2683 3135 9229 1513 983 420 3701 1961 2346 4472 2489 803 930 3875 4004 9218 7480 5167 3651 5038 7041 6764 6602 2241 4264 2256 4635 1150 101 2444 2868 4855 8246 2636 175 7596 172 1346 6234 7970 1273 932 4899 5884 8881 5270 8845 7422 6322 489 6725 3695 9186 596 1207 9228 206 8848 8177 9979 9051 9458 6517 1494 7885 3312 5913 4439 1515 3675 9879 4470 2955 2725 1979 1283 7496 8147 5135 1709 5625 7997 2601 1083 5642 4227 885 570 7047 2230 1128 5871 821 9015 3686 6993 6490 512 7753 1944 5869 9598 1583 8321 6793 1923 2382 1249 4658 4366 5623 2508 2091 1877 9852 5107 5923 5490 2521 36 1013 9308 8377 6926 5273 7100 8126 9573 1086 3037 5022 5588 8471 2859 4103 5342 1706 9536 9961 9282 7465 7036
5657 1782 2778 9238 5016 7034 2639 2413 666 5327 1584 8439 7149 4420 4044 6193 3692 9769 7802 7270 8848 9050 7372 9363 0 3026 383 9450 978 4094 5662 1645 362 4021 6989 9922 6053 3435 5144 5257 3142 9168 9763 2509 9235 7170 3877 5186 1664 8396 2005 1220 2675 2435 3994 635 7396 9841 1387 6501 9232 4470 1076 9591 3822 2796 2533 3681 1363 7559 8626 9767 9916 3189 600 3938 6151 2956 4164 6177 5257 9679 5018 7690 9582 6541 3026 257 8757 1781 3248 3280 3693 7838 6990 4037 7612 6180 4629 9283 980 2217 1381 7490 9604 4088 7952 9667 4983 8417 8478 6804 3496 988 5002 2166 8230 5339 7373 106 3077 1122 2079 8570 4313 9661 2946 4469 8297 4033 4788 8945 6242 7530 9473 5353 5569 9156 4627 9758 8805 4534 4813 3502 7690 263 7699 7696 5347 4442 6538 3897 7707 7163 9189 2246 411 7232 7350 5832 2724 4050 1059 987 9793 4831 2800 1318 6960 6400 4455 4222 1268 8591 821 1110 6948 7122 1683 6497 4189 7904 9454 3448 7942 4989 9977 9645 5545 2059 843 6960 4033 8369 5507 523 9460 3474 6706 3150
9923 9861 4728 8302 9411 9632 398 9579 4782 4722 1629 2854 5048 2466 2333 2224 8986 6469 2526 4133 7297 9345 7365 1939 3026 0 2470 6140 6720 749 498 7107 5104 5742 5080 4010 8984 1287 6066 2952 4717 7999 7500 8122 556 9017 9881 4310 8175 3331 1860 6440 6810 80 3760 1647 8296 5300 6039 6964 1908 8931 153 4261 711 7772 9191 5588 3553 4200 2254 5266 7905 3398 3389 9601 9471 7754 8416 205 2742 3865 3224 562 8400 814 1821 805 4440 2363 324 4551 1950 9765 70 5342 4471 7010 2453 2155 3223 232 9562 5992 9820 4648 6061 1425 4656 4992 6863 9329 1315 1097 8542 3774 674 7397 1344 1002 6337 1766 4575 3711 9815 8586 7891 3909 6447 8309 4104 282 4377 857 4698 2619 4428 5750 3155 4256 9586 1940 9187 6942 1029 8683 3084 599 2819 7100 7279 9637 24 4155 2142 7439 5559 8336 4465 7728 1377 9678 5942 1060 7563 5762 6922 7169 2027 5713 1259 9048 1888 4670 3950 1020 3713 4357 8996 266 7443 3996 6998 6504 2756 3739 564 2384 8312 6232 9886 8579 8400 6042 5019 8015 6534 3547 1075 387
9432 9776 3974 8623 6423 7317 5024 5490 6816 1180 7640 4955 511 8978 650 4717 2530 420 359 4243 8015 1227 4760 9627 383 2470 0 4990 3927 4116 337 6063 225 1629 2521 2010 3400 8 2580 2264 8646 4993 770 8001 7048 2398 4125 2569 629 160 8342 4291 8326 1343 1186 4701 8516 3758 773 2710 1659 7781 4989 5106 4937 4333 4254 9831 192 2090 4719 414 5491 3176 9534 6915 4958 737 561 1080 2538 6121 480 6054 4337 1344 610 9095 3437 1798 145 2136 1225 1359 9737 1613 973 3074 1122 9092 56 734 7271 7032 1575 4905 3879 4431 5559 2513 5082 3263 6107 7275 5402 9011 1899 3314 2032 6398 3243 27 7134 1494 3943 8085 3148 8968 6214 6657 4739 6047 8107 2066 2868 7720 6164 1570 8420 5800 5385 1875 3603 7974 1729 292 5730 7979 5094 3310 7753 3333 4437 2852 8781 1780 8054 8270 7618 7921 5324 8512 535 5660 2560 2957 502 1566 1448 8524 6379 3844 4019 9536 8670 2017 6377 1773 3517 999 801 2656 6981 3746 2108 2974 9570 9216 4827 6892 3996 3326 4133 3118 4358 7135 9516 7212 95 4319
2522 7797 9912 6315 755 2347 5659 7763 7069 3457 1176 3859 4332 9184 5995 282 7699 9329 3579 3245 2172 7506 1084 1691 9450 6140 4990 0 9247 7275 767 1372 8008 3570 9368 8701 3546 5233 50 5860 4491 521 3526 7158 4885 2421 7414 1410 2934 9424 2464 186 8861 6071 4581 9078 2124 6438 6436 4609 8376 144 797 4290 9762 2954 1676 5331 4868 9140 8925 6854 4569 1458 1719 9405 3657 7777 6621 4395 1623 9019 4322 1345 8211 256 924 349 2334 7184 2333 392 9168 7281 9892 370 1330 1516 3534 1417 2107 4752 6314 322 5822 8542 66 6270 9065 8757 6312 5759 4435 8224 187 7490 77 735 5451 6095 3422 5514 1505 8028 2131 1162 7524 4660 2493 3616 5517 865 7713 7673 2720 300 8682 132 707 1015 6641 2859 2081 744 2639 8165 3391 5880 1313 9839 1852 4297 1869 4503 3896 2276 1832 7542 8276 186 8505 9654 9323 9197 959 6817 1894 249 7707 4395 8166 4045 6755 415 9815 9933 9225 3124 6873 2877 1813 7434 2329 4267 6844 4581 6465 1414 618 3931 7519 3476 5518 9328 1590 1951 8381 2333 86 2697
4618 5840 2105 2782 4464 5603 7998 9070 4965 1947 8745 5540 3469 1459 7031 6989 3346 1456 8267 8087 5874 8077 6460 1884 978 6720 3927 9247 0 6585 8836 4760 683 4167 8471 4493 427 5356 2766 8327 4228 6765 200 3792 722 9419 8065 4197 4410 6650 6098 2097 2473 7066 9717 8970 48 7642 9220 5776 846 7750 7969 4782 4917 6361 1171 1913 1522 1090 3544 3638 7102 6256 9012 9270 3371 3062 6616 7957 4333 6134 7955 9104 1085 3321 5294 9560 7343 4826 921 7749 5457 5442 7567 389 2856 3642 9169 8377 1912 3156 6718 7849 3633 3387 9951 3081 3149 6902 658 1124 6083 2755 1030 1037 1737 5384 1991 7396 1734 7656 7890 7749 4220 8009 4263 9983 9799 7819 4567 7097 5934 1503 6268 2846 6140 1763 927 1849 2465 7998 2370 3273 8835 209 637 7098 3530 8008 4262 8290 4246 5400 9267 9944 211 8157 511 2834 5311 76 8706 3320 3181 541 5529 3395 5494 2535 2585 4898 279 4507 3265 9444 6253 8442 340 4012 7766 564 4535 7643 5112 2597 4744 1054 6933 3865 417 5750 3996 3010 4016 9869 2026 3873 828 4134
5518 9714 642 8790 1000 7085 7886 3501 3283 4302 5569 5101 7708 3078 5768 9744 6080 2122 2718 8434 8519 3748 9739 8862 4094 749 4116 7275 6585 0 1042 6313 5468 4376 10000 4737 6784 9821 2551 353 3214 3020 7633 2482 9920 2413 2349 5014 1604 4372 6325 2615 6965 9953 5512 2777 440 9219 3108 7709 4025 1804 2013 3656 1049 4475 8158 7076 3231 8408 5642 1888 198 266 5913 3688 8833 9672 7676 243 2735 3757 9003 4043 1878 6395 1400 9915 8442 498 6018 2078 4018 5186 7520 8661 6571 8193 6378 8093 8407 821 9031 7945 4294 1776 9509 8254 6969 5862 808 357 7641 7808 2083 9390 4169 6986 5582 5151 910 4568 6709 7600 6096 2182 5139 414 54 7026 8916 8533 6184 9524 536 2569 5811 6462 1873 6073 375 1890 4273 7274 6554 5591 3092 4513 1204 611 5680 3720 5540 6009 4345 4200 9499 832 9116 752 7247 2829 7445 5731 4294 2669 8301 4942 5291 6708 2498 6837 3215 1886 2518 535 3506 795 7454 6278 4225 1451 9293 3394 7163 2065 5456 4773 9161 4366 1723 9956 7653 2378 133 9038 6845 4835 7651 4626
6403 3397 6431 5757 6225 9336 9122 3894 8575 4261 6792 4089 4312 2524 7503 4303 6437 6910 6291 3989 2664 6242 7510 1798 5662 498 337 767 8836 1042 0 5173 2603 2517 2577 3222 1032 7252 6824 8966 1642 1320 6657 3299 7279 310 5088 836 6750 7657 2672 1410 5488 4083 9513 9150 3076 3583 1226 7874 168 3741 1979 1551 170 4923 6226 8874 9069 2505 8009 3777 8424 2048 8200 9420 3854 4093 891 9119 7126 660 3126 2087 9454 5927 3240 3699 2273 8201 9204 5958 285 4294 7329 6308 1437 7931 9751 4992 2270 7979 9004 2331 8565 4000 2754 9820 3635 7200 9910 4329 9033 5299 3064 6766 319 7288 1277 7269 2106 6997 549 4828 9428 6843 706 6657 3381 1650 6728 2232 1151 1408 6364 5279 2320 9093 3455 2557 2357 5501 1769 4157 4689 7794 4373 4528 6700 4533 8707 3548 2755 4615 6386 5021 1068 1684 5655 9220 8631 2935 4422 6118 168 4225 7006 5479 9568 3340 7529 1506 8564 403 7339 3529 2678 1660 8771 6515 981 7996 6339 7844 6808 4605 6775 9159 7690 3038 4018 4443 9825 8638 7259 4132 1395 3362 7203 1535
7004 4519 2192 7907 6114 5884 9431 9347 4236 1657 7452 2188 496 3086 4400 1162 5891 8263 2073 834 4161 1360 1029 4753 1645 7107 6063 1372 4760 6313 5173 0 604 9863 9693 5379 7478 4709 2141 5056 4161 1652 793 7058 4158 5103 7551 844 8863 4491 2856 5945 3612 6581 6634 7136 8664 4158 9483 3809 36 2870 7289 5532 4095 8495 6972 725 4341 9614 5363 75 8986 1743 3576 9076 7736 7992 2902 7424 4106 5211 4774 242 7600 694 3640 7367 9588 6665 5057 441 8727 9860 2475 3347 3812 8013 918 833 91 8186 2586 3 9835 4037 7500 2907 857 3683 8451 574 4635 2298 5320 8395 6758 8101 597 6653 6715 357 2148 2237 2871 4146 5067 5788 1982 9705 971 2481 3613 8698 9006 6061 4017 6423 5637 5872 3879 5985 6646 7834 7700 4739 1264 6864 3052 4223 5252 5266 1874 2826 9525 4602 4316 2255 3234 9487 9913 3448 7867 5377 1354 9435 7106 7308 4658 7669 2181 7459 6582 987 9291 8162 7735 3181 3495 7554 2697 2398 9409 9590 838 2347 8540 2667 397 3025 6310 557 4732 7530 7301 3948 8142 7515 1785 2045
9608 4352 9063 6880 8442 6694 8720 1188 8545 249 6759 8677 4028 7546 6998 5426 616 7941 3383 125 4769 4293 6701 4441 362 5104 225 8008 683 5468 2603 604 0 6008 9844 1096 6340 2913 7223 1904 1462 2026 6244 4884 2718 328 245 4314 2705 1677 6914 3195 6556 1917 1175 5860 9600 8666 2148 676 3466 6069 2676 2118 2571 5473 1835 9538 5205 6162 8223 7354 2717 7161 9111 5587 4670 7008 7718 578 5972 6420 2375 3081 6370 8375 8901 9422 7937 6040 2562 5662 369 5412 6023 2908 8689 5546 1861 293 1319 9459 7951 1140 8881 2146 2004 9273 9659 9552 161 2990 9384 7296 6864 657 7763 8875 5420 6693 1736 1886 6983 472 4867 6152 9213 5315 3195 4727 807 1178 8807 7241 8614 7064 3967 3822 3224 1649 1119 6006 2151 1490 2546 6732 5325 4828 3793 1371 1233 4302 7536 9978 4292 8135 4322 8997 3371 3967 2637 847 1935 1834 722 3060 6858 7329 6630 6360 9858 4321 7909 117 8464 8429 3484 2240 6532 7795 24 7183 6980 7698 5224 5056 8584 4667 7939 5569 7397 7407 5812 3258 8949 8381 3522 4845 6132 3101
4067 6538 9584 423 8640 8645 9220 1390 596 7994 6894 9843 5642 6591 2069 2380 1479 4495 3610 4267 8601 199 220 6436 4021 5742 1629 3570 4167 4376 2517 9863 6008 0 9789 7653 3557 5030 9784 6207 3429 4371 323 3278 6438 7376 5243 533 8864 9735 9519 8033 1792 7924 3563 624 8965 2395 2239 7458 2249 1006 8637 2536 3374 9882 5600 2861 8866 414 9544 8783 9443 2291 9780 3380 6626 8612 7520 5482 9704 4138 19 7158 9803 671 409 4754 9896 4846 8808 1656 9401 8973 3387 6707 1032 4090 787 8171 9775 3949 4481 857 5115 9266 4227 7366 2331 9147 3046 957 1852 9482 9792 5956 6024 9658 9466 572 892 8831 5473 6057 5358 3211 2450 1545 2305 680 3823 3033 563 749 8999 7041 346 3150 3318 7957 4708 315 6829 6311 5057 3670 3622 5687 3728 9804 996 6958 2522 6298 4375 4244 4242 9167 7697 9646 2561 6983 7963 4128 1051 2124 9910 7391 4439 1256 6871 4861 5259 6600 1307 6646 6880 4394 5183 8146 4979 3451 1202 9784 1757 5110 8927 9004 3700 5181 7434 9860 9632 4515 7239 1366 633 5894 3293 5549
13 7323 7441 5580 6501 3189 5971 1428 5375 4365 1645 5173 8631 2844 5508 2599 5062 2565 2384 3576 8375 455 3186 468 6989 5080 2521 9368 8471 10000 2577 9693 9844 9789 0 1876 3880 5406 5896 4901 6321 203 6683 9154 6869 3549 2850 1438 5104 5323 3117 719 7101 2253 120 612 9821 6611 8879 1279 1921 3958 7315 1625 6693 4944 748 507 2350 1441 1955 8039 9749 3631 3648 4916 9659 6699 4292 7658 313 7907 5035 5166 4511 6409 1165 2622 7151 8732 9376 329 4416 1757 2518 8770 9121 2148 2963 3088 1453 8672 4637 4426 2860 340 9801 9844 5376 8156 5217 5918 9674 1035 2949 3235 7443 5112 3100 5631 2747 8372 2257 3132 4183 9837 1532 9944 7445 183 6218 3045 1670 6671 3029 9276 8094 3807 2720 7916 3255 8458 1667 7986 3507 5353 619 4035 9998 9638 7274 8486 3819 6198 3254 4673 6585 2331 2067 2992 1001 9147 9186 7707 2377 1631 178 5109 1164 7028 5908 1250 9057 4609 8074 6934 4840 2818 3841 4086 5524 6814 164 7845 8379 9222 651 6198 2485 6677 2383 2568 7941 9024 8034 9247 5284 5703 5962 4689
3884 8825 3721 7545 6416 9877 8439 248 4626 1961 1913 157 6797 4518 2324 7217 8349 7851 682 4807 6245 974 6375 6330 9922 4010 2010 8701 4493 4737 3222 5379 1096 7653 1876 0 5961 310 9574 6395 8612 3915 4559 851 3393 8617 263 4930 9046 1977 6492 8106 2442 5323 2563 2261 6385 5416 6954 1553 6793 8991 695 9672 1632 1416 5489 2152 5592 1243 6716 6009 3144 3076 6725 9956 1683 7045 5581 8777 3827 6507 7471 4189 2200 5165 5681 6933 8167 2490 2507 3446 309 7252 9333 9321 670 9732 3582 3776 1770 7612 5000 3524 1030 199 2054 683 7922 2581 1998 9842 8053 3089 6070 6579 949 2743 4069 768 7249 9342 3183 4969 9504 3371 4426 4370 581 6048 4162 9032 6267 7647 9822 8090 9647 166 1939 6407 9993 5744 2943 702 6018 5876 9385 3119 8055 9222 6157 8560 7376 2471 567 7073 6718 8724 4263 60 199 6064 348 9744 9056 4709 875 3398 2394 5445 2612 4873 4270 2107 6622 670 9952 593 4214 8054 6035 6197 9180 1258 5056 655 8761 3393 1351 4182 4644 2400 8953 4587 3151 9036 8987 9197 302 104
3123 7389 7721 9856 789 7414 399 7346 2188 2001 7159 8669 6337 1605 8282 8729 8455 4421 8174 3508 2540 9514 2580 9349 6053 8984 3400 3546 427 6784 1032 7478 6340 3557 3880 5961 0 9841 2840 9847 7135 57 5600 3395 6988 9482 9885 4843 2719 8229 2033 1631 3618 9357 4054 8138 3007 6070 5079 4695 7814 6274 1476 8117 8296 8521 1923 4344 7373 2916 7050 1300 1092 6481 4668 9469 322 8116 1814 9835 805 7261 3689 2023 40 2386 8006 1560 937 2318 994 6187 2450 5319 8824 3091 6987 3099 4128 7934 2718 4766 9201 5368 7642 1911 3131 7272 1093 4563 4252 8672 3674 8870 6329 2419 4594 7559 2589 3863 4123 157 1252 5253 4526 7113 7364 5291 1754 4889 8706 1016 7797 8758 8391 6326 9595 10000 8495 3474 185 2977 1246 6082 8885 4187 7251 922 6747 8653 8533 7667 8244 4545 3202 1659 2368 4720 7611 1605 7355 3728 7883 945 6483 6486 2980 4001 5834 4519 85 8132 158 4565 259 1199 3550 5036 5281 8754 9159 6416 6744 712 6656 8845 2699 7256 4675 2998 5481 2487 7791 4291 1849 1537 7221 8222 2001 3291
573 4448 896 7090 7370 8224 5351 5080 2672 6183 9348 8242 2155 4844 1686 874 5281 9399 2812 2999 9553 2171 2138 6754 3435 1287 8 5233 5356 9821 7252 4709 2913 5030 5406 310 9841 0 191 5428 9506 7298 2586 9920 4817 4268 838 1484 8265 8483 1599 2090 632 2043 5268 1270 9002 8611 8230 2371 5086 3761 2891 6023 2712 2737 4611 5416 5090 187 6122 108 6318 5755 4471 6444 3174 441 3722 624 6619 5154 8037 5530 7373 9776 8688 4741 9349 9810 7586 1771 2805 748 2273 1740 5140 187 1581 2419 1492 6131 6600 581 4049 6712 6972 2944 8483 3222 5465 2632 4930 4160 7498 3179 9498 9849 632 1541 2231 6653 6239 7561 6083 5477 8024 1714 2927 8420 4268 6718 3253 7201 5984 2988 1153 6116 1259 3020 2060 6223 54 7527 7025 626 1735 2875 5060 3574 8345 8096 9334 1991 9143 8657 3391 2124 4369 1987 5255 6569 6340 4320 1987 3771 1423 2573 5068 8130 5055 2821 9138 919 4006 2188 1180 5390 4189 8795 9231 2367 5676 9557 4940 8113 9065 5941 2765 7259 9526 4702 3709 7556 3698 5585 6509 160 7997 3845
5694 8191 9443 3627 6453 1545 4385 3255 1995 8996 5210 8757 4314 995 1656 419 7673 8083 8672 8293 4453 2167 8606 8630 5144 6066 2580 50 2766 2551 6824 2141 7223 9784 5896 9574 2840 191 0 610 8480 2769 1342 4571 972 8823 9979 9880 5644 9203 1847 8311 1199 570 6586 9596 1807 440 6967 4707 4724 1479 2929 9998 1884 4769 156 7800 6054 4477 4363 8115 8523 4100 1602 6614 4415 8364 3147 2359 1142 6249 1534 3623 428 5608 208 7937 1780 3387 6188 5843 8841 1949 809 898 8102 7489 1651 6408 2051 6970 3433 8245 1146 7759 1554 7037 5023 5867 6357 2545 8232 3954 1654 6220 9264 9711 5798 4191 3168 1649 7809 3754 1470 9967 1444 9433 2526 5753 9285 224 6316 8317 402 5327 4471 6590 340 5653 17 9633 594 4350 1203 7893 4262 3265 4831 8845 7155 5229 9471 2966 566 7678 6553 3640 9020 5211 7844 7201 1561 9815 9624 2899 373 3096 4947 6514 1678 793 2952 2180 6970 5314 409 2844 7421 5919 6799 5732 426 7306 9531 5914 4069 7094 3264 4967 1672 3481 7515 9481 9503 8343 7688 9504 9744 7798
4090 8820 7177 574 8775 2761 9815 3527 6640 9112 2012 7962 1753 8909 9735 4580 8218 1924 5539 2650 9424 4881 7058 1125 5257 2952 2264 5860 8327 353 8966 5056 1904 6207 4901 6395 9847 5428 610 0 7606 751 6756 2341 9674 6423 7942 1762 5655 1425 2744 7241 406 8792 2449 6168 9339 7105 3586 128 9932 2143 9212 8928 9509 974 8459 6025 5773 3582 6497 3385 17 6658 1913 6299 9064 9221 2448 1021 185 4521 146 8957 683 2066 5199 6484 6787 387 9879 9611 4937 7029 7043 3815 9014 574 7890 1819 8932 5708 3729 4635 3193 9030 3681 5584 6827 1876 2493 7080 3451 5943 6838 3032 3525 1026 9587 5094 9714 7436 1288 3352 9910 8349 5434 5687 3776 5610 7795 3460 8435 1219 5187 7609 3246 491 3149 6311 3303 5940 1485 8725 5705 2468 9006 6687 1311 8559 838 7305 2317 139 6041 5341 8071 4583 40 5385 7465 7707 1857 2691 4760 4404 5057 2109 9370 8543 4824 4337 7789 7794 7350 7621 2402 7674 6462 9218 9333 5895 7841 4513 5339 8568 5028 9101 4823 4867 4861 7473 5700 8161 247 7250 4623 9946 8624 1681
2414 6072 5462 2462 7705 4983 2349 304 1241 9469 4809 8954 8836 9851 6647 6377 3814 7554 9777 4546 9494 9820 4588 9795 3142 4717 8646 4491 4228 3214 1642 4161 1462 3429 6321 8612 7135 9506 8480 7606 0 2295 3218 9315 9835 122 4467 9451 3715 7775 1367 863 4195 433 392 382 8555 7195 210 9146 6376 1620 8399 6056 5532 2009 1258 888 5532 5257 121 7931 4402 5518 7441 5778 4366 5257 9066 2540 1846 9271 8640 9211 9083 8600 8671 9813 2226 3802 6253 3680 2801 4407 1556 5190 1013 202 2681 3287 9705 6090 1796 7088 4846 6017 8764 1456 8798 6277 8729 5032 5348 3663 1220 6373 9221 2166 8659 3708 7514 5801 7065 9636 7711 838 2660 9051 7430 9518 5785 66 5046 3457 1852 4936 8864 344 4220 7401 9173 4659 8682 4292 7776 2002 2498 6572 1293 9843 4975 2384 4022 9938 9444 3507 4915 4147 8782 8669 1342 1829 8374 9176 4973 6129 384 1414 6525 5451 526 5465 230 9034 6920 4391 4929 8650 9510 9701 8562 8033 426 114 99 8110 5840 2123 6320 1837 5406 1898 7166 498 3632 7911 3764 3295 9863 8271
