250
0 5301 2926 2808 6120 9535 142 2509 6128 4337 3076 3345 9516 3970 5748 2775 2277 69 3309 2210 3255 6820 6113 6300 274 1584 8598 5390 2377 3393 8514 9694 7198 789 494 4910 690 8108 7983 3396 3251 2424 2950 2558 7706 7758 5292 5030 7761 6413 7689 5325 8404 7111 5961 9567 8425 7137 1405 8780 7490 6954 7240 8229 4931 3086 6053 7959 8563 6987 3807 3314 7046 1517 9358 4703 123 7141 2211 2712 438 40 8574 3047 8308 8913 156 834 9564 337 4668 9407 9416 1398 8326 2357 1912 3582 2499 7816 2995 80 4973 6457 2627 2591 3848 8527 5045 5985 1857 3770 2084 2984 9505 673 5598 5540 9962 7009 134 5354 6817 670 6934 5540 802 1100 8185 8526 5460 8023 1734 4253 2214 1334 7373 9867 7958 6078 5474 2515 6315 2599 3741 6633 3118 4227 4639 3676 4768 1023 1678 3295 1967 6552 6048 9389 1893 7230 6663 8874 3952 9484 8252 8929 4676 858 321 5671 4762 2725 1091 3809 689 7371 2853 6769 5247 8028 2905 7471 2409 9640 7240 1740 3890 9119 5358 187 4895 1977 3995 7556 1162 4305 1103 3679 2439 7123 2698 8312 5265 1327 4799 4164 2573 7592 6516 7462 4910 6138 8356 1150 8063 4732 3399 6160 7537 5653 8744 3840 8605 346 3354 3074 1229 404 6595 5534 1999 2983 9964 3234 8420 3579 8140 7196 2108 2440 4761 3657 9378 161 2762 1295 2359 3130 634 2646
5301 0 9273 2138 1234 1212 4286 2800 9045 5039 6790 5723 5383 3411 1254 7995 2178 4404 7684 1837 9111 6370 8106 3056 1744 251 1052 9213 4043 2919 2345 2230 3678 7833 7011 4791 7100 7489 4541 7188 1538 8643 1849 9094 932 139 2646 5486 3050 7846 526 9037 201 6072 2898 4814 359 4572 8452 2020 4041 5944 3750 9821 4865 1472 9317 9743 6807 2954 783 4266 574 6574 548 1535 8573 7122 6387 789 2792 3477 1379 1407 2713 4814 6030 4075 6837 2898 140 9991 3558 2719 9849 9939 9402 5573 4709 7304 240 1251 5419 9848 9451 65 3102 7777 6741 9134 5992 2196 5186 1576 6419 310 6417 9218 7403 595 4080 5492 6080 7372 635 7560 7319 8861 6155 7358 6050 403 8703 5856 2208 8411 3907 9112 6260 4748 1259 4734 8801 5027 741 8034 9596 6044 3827 8637 6289 6258 7859 7849 9319 8703 4083 4821 7094 1640 4938 3459 7059 8089 9810 6104 7144 5116 7748 8273 4910 8436 2628 4615 5805 8995 7526 9089 7695 1823 3674 3024 3238 6691 441 9411 3656 5011 2160 4630 6091 6859 9716 9307 5132 9543 4865 5271 9727 183 5317 4105 3150 5879 4076 2627 6171 5433 863 7162 7538 6363 4053 7253 2177 2582 9179 8531 7578 8431 6508 6107 5071 3356 2510 4540 4006 1896 2519 7059 2767 3293 6393 8240 9049 3080 8342 9587 8594 2368 4840 5647 2311 4775 7828 8634 7899 6064 3067 6145
2926 9273 0 4955 9234 4827 3562 6069 2762 399 2270 9617 8466 1747 725 2152 4690 3151 9630 7941 8047 9458 6715 3895 1795 7410 1812 4598 2969 6168 7390 5893 1806 561 743 6652 3366 287 9984 450 1004 6625 8917 8700 3099 802 8870 9013 1389 4616 7713 114 6007 4536 7612 6995 4101 3320 2270 854 7716 7020 471 4208 1559 9274 1311 4326 6329 404 4707 8768 7228 461 1022 6119 2753 6537 8751 643 7779 4201 5977 4449 1851 4253 8749 5375 7043 79 9927 7235 3113 1251 2473 6948 5641 7036 3647 8602 9491 8520 74 8755 8464 7630 8062 1931 8138 4511 3349 5158 953 9217 4545 5099 888 4443 3136 1694 6401 5951 2243 3529 9958 3193 8557 7538 5525 3282 7336 5549 8448 7176 2280 8138 9255 7208 5236 6406 6424 8239 6769 4375 6264 7019 4520 9553 2779 371 3070 9238 6529 3542 9345 6285 1169 5018 9927 8824 9317 5231 9278 9348 3732 1997 5852 5498 1533 2022 4470 5728 6538 7517 4378 6924 7521 9656 754 3619 7475 78 8128 8831 2589 4199 5218 6935 6739 2122 5246 4177 6818 2119 496 3780 3168 7258 108 7432 2982 3710 5866 7562 7181 9674 3753 1717 4407 8811 5645 6917 2412 5617 1297 2995 707 8933 5919 1299 1014 6134 7791 5428 5186 1493 4674 3013 8903 3102 1339 5390 2775 2325 2387 2741 7685 3537 1266 4968 6507 7902 5132 3113 4367 1177 1673 1937 19 3631
2808 2138 4955 0 7717 5727 4009 240 683 1944 1736 5224 5668 8460 385 2390 238 3464 4704 1484 7978 4046 1868 4740 7586 9480 2973 215 1829 1665 6174 7653 6852 1727 5568 6871 1428 1552 2653 6993 2028 640 2889 1216 3940 1071 3514 5695 737 4886 7136 1235 1619 5777 3298 2775 1931 4874 855 5264 2509 6800 2854 9180 1986 2518 3447 6673 6243 2494 7318 5397 1821 2395 5567 5122 9128 7252 2913 5970 9540 534 2931 5612 5838 5355 2573 1645 389 7675 7351 9464 3749 9156 5645 8474 9411 9481 2755 1339 0 8180 1923 6307 4906 2313 2704 3232 606 9841 2168 365 4548 190 4751 6914 97 6955 3316 5251 8441 292 5181 7679 6452 1358 4502 3779 6985 219 9052 7644 1934 4860 8691 4250 6013 9905 9238 3570 2149 5831 8740 496 6672 334 7434 7249 171 1158 5152 3661 9383 5418 7560 2236 1299 5074 6701 7131 2767 8969 1409 3777 5818 4017 4842 1611 456 9122 9425 3502 8802 8974 1489 2514 3892 7289 5980 6329 4143 776 6827 4320 9071 4172 1653 4307 895 2078 2554 7736 1470 1128 3237 5408 9507 9826 2051 1049 5700 1719 6559 4451 409 8493 8701 726 3876 840 6800 5578 3861 4650 1874 6596 3399 4923 1854 2058 2758 6415 3932 4017 3276 4319 3313 983 9029 3445 7852 7606 301 7834 861 3661 7807 6660 8650 8629 8548 1986 6241 1939 7448 1939 9755 4886 1146 7138
6120 1234 9234 7717 0 3022 7924 23 5569 6123 7706 1356 1293 3493 9530 1393 5676 4428 4688 3330 7025 7901 7309 3704 2669 1123 2455 1240 8236 665 6803 3576 2833 2276 1003 4085 6369 5167 3931 1657 7538 5139 8391 6981 1594 9374 1871 6326 527 1993 1494 1559 9736 619 314 8542 8437 8208 690 9037 3334 7058 9495 6211 9895 3767 3515 2637 3443 2724 560 1952 3820 7496 5094 7358 7527 5825 1674 6533 4305 6191 5646 9550 4205 4750 2532 4638 4676 5425 2515 7879 5965 3881 5192 1120 9404 4315 6589 9091 5268 7169 6052 174 9437 5166 717 8315 1381 1454 4313 7921 3222 9780 7378 5823 7533 6294 6366 8203 8449 3753 752 6964 7669 1255 8712 6447 5427 5670 368 620 4564 9109 3045 990 4024 5892 7546 7601 3434 3424 8088 4512 8752 3155 9871 4205 1136 6104 9727 360 6390 306 1606 4525 6992 5488 5510 6808 4783 8375 3049 2681 758 6503 7215 7939 4371 9723 7429 2832 8860 2402 199 595 5363 8435 7558 7209 3400 4258 4964 2832 3760 5118 2528 3348 3623 9767 7330 9345 8414 2679 8338 9391 8512 8441 1281 6385 9785 7962 4284 6739 1884 427 8932 4837 6433 5997 2932 7648 6661 6548 432 9880 9509 3391 4913 1954 8152 2340 7250 4939 8879 2737 3498 5560 6547 5244 355 6732 164 6610 7944 4969 1822 4841 1108 5 5667 8654 4367 6507 1709 1016 7812 3969 9050 7130
9535 1212 4827 5727 3022 0 6936 6478 7478 7995 1330 1120 4066 35 8267 2703 7489 3321 899 6924 2595 7791 1450 5125 5747 1150 3135 2307 8124 6525 2062 380 1278 1958 8804 1409 5853 5208 7933 1833 1244 7463 7646 112 9223 389 1685 6829 5656 4590 6559 6923 9123 4480 4225 6588 6260 9242 2779 9610 9160 55 8981 775 7857 1998 1482 1086 987 4599 8959 1676 1162 1385 5243 627 2214 3330 6087 7016 2090 4750 9455 2029 2898 1626 7430 911 8930 3536 9377 1253 181 1292 7298 3640 3233 8825 7315 1432 9217 2273 2754 7295 9209 4747 4000 8905 9170 8600 5064 270 1936 616 7241 8038 4769 8901 7160 2765 5035 1529 9292 1119 2656 8280 5188 8177 831 3544 8638 1778 9981 2611 941 7943 5769 1411 4031 6527 2834 3294 8077 3377 1658 119 4027 4791 5835 1705 6987 6309 7444 262 9023 1606 1459 2021 3055 8939 6060 2193 4814 3391 9575 8214 6427 6085 6615 8236 5523 5104 1233 3594 3327 1330 3002 9452 7020 8543 8414 762 5104 9451 8350 9298 2548 1411 7940 3532 6368 6488 3110 8606 1388 1573 8517 3542 9352 3443 5329 7282 8091 3701 5365 5572 5619 5598 143 703 4282 8546 5906 4287 1921 696 5155 436 2662 9405 1481 2692 3566 2834 3475 933 9093 2557 6766 4013 2904 5836 3675 1447 7243 6365 1534 5987 9229 5667 745 2140 5183 195 5097 6832 7403 9606 3387 1163
142 4286 3562 4009 7924 6936 0 6745 5099 334 8583 9517 2584 7935 5956 2810 5128 2097 3039 5470 5777 447 6003 5635 9525 8130 9910 4495 811 9993 5783 3135 5012 6185 4052 5917 8184 8838 1349 7832 1855 5342 4018 4337 9124 5399 4608 2779 2741 4163 4527 6940 7664 2603 7792 3783 5473 9932 4921 3221 2867 9943 3465 5951 7457 1584 4310 5125 7666 3677 5931 4823 5505 2222 9157 9941 9094 7501 1713 383 4895 7527 2463 6439 3034 9762 6619 4334 1877 9896 4724 9466 581 5174 9469 371 187 5107 3712 3318 6419 7490 6029 6947 5395 8100 4067 2813 1118 5353 7449 3780 5500 1473 5838 7435 6986 9886 8673 3490 890 5365 3050 9628 1818 4069 6244 8624 8267 1351 2378 8622 1736 5236 3596 7193 1968 8922 2685 2289 6972 7862 3061 2734 3670 8127 1660 5643 5205 5286 4383 928 7391 908 8901 6635 6407 277 5621 6221 4438 318 2856 3179 9528 8766 5759 3086 5839 8269 4320 5722 7578 3859 4993 6507 9471 3925 1801 1003 9522 2510 3537 5759 8751 5051 8304 5060 8799 5514 6371 2326 1460 896 9932 2344 615 8373 5355 8607 1955 715 8062 8782 4292 1377 3984 8039 9222 269 9695 3401 7240 6737 6882 4784 1632 1907 7452 7094 1024 3091 9150 6318 1167 2125 964 7922 7023 8788 7917 2078 1060 3987 7408 8492 6169 3726 4479 8310 8074 7436 5164 9104 8027 1742 7675 6352 5168 9545
2509 2800 6069 240 23 6478 6745 0 9145 507 7202 426 6896 164 2490 2437 7968 3472 6959 5715 1514 6908 6772 1854 2345 2924 3010 3029 1275 3733 4443 7552 7477 9296 6994 2353 8430 3932 8693 4257 9136 2245 5893 7955 7793 4844 7696 8898 9254 5952 5831 2007 3336 5645 6917 1538 3577 2240 6144 3256 7740 6876 8014 2754 8411 3473 3615 8073 9833 9543 9480 5054 7745 6902 8918 944 5787 7108 1828 442 7253 1995 6891 662 6920 7284 4858 2155 9329 8904 9970 343 6338 848 7041 2084 814 6104 7238 4784 9285 3723 3428 9591 9957 2754 369 4892 3941 1734 1275 9360 5208 3090 587 2895 2785 9303 8222 2969 5279 4059 5644 5413 2195 319 3932 3056 1257 8383 5674 3050 3717 9979 7004 841 9061 4034 6349 2335 7851 3878 5260 5646 7406 2567 210 1923 7219 132 7507 8708 8706 6933 4698 7321 7876 4356 8100 6476 3764 5290 1480 8634 5292 2177 5166 2089 8002 5782 3312 9703 9835 339 2652 6928 9091 5480 3896 5195 3501 3088 7010 6116 251 5381 337 3662 7157 6953 7034 5480 647 1064 8818 646 3098 6143 9901 9479 79 1249 2995 7568 8265 4690 5226 7157 9699 8322 9390 5179 6605 2429 7829 6722 2409 4566 1106 9493 2926 7542 3533 5124 569 2679 1426 2433 6094 1835 5805 5336 2383 2102 2982 6170 5981 8780 4508 9792 405 5845 4021 4179 3696 4877 6665 622 2008 6168
6128 9045 2762 683 5569 7478 5099 9145 0 9628 2973 9934 5801 6684 4409 5852 6275 6374 505 6368 8635 6678 6386 8984 9114 7656 9261 1453 7431 1952 5981 9724 6437 7556 8432 395 2428 6642 6973 3995 1676 5656 7304 6746 7914 2603 4217 2602 7142 5361 7739 1208 1163 5552 3746 5131 3365 580 9924 8005 5464 3541 3886 5274 2386 1437 8833 5849 4566 5040 1450 8695 1693 7459 9684 9828 9123 8226 2229 2908 1862 1959 659 4539 2179 3862 5846 2278 8997 3999 9731 4125 2696 85 9503 3686 9768 5499 7091 9618 6702 9492 369 4170 6832 4558 4959 2824 7141 6368 2563 12 2227 2306 111 4927 5797 7133 7943 4125 3678 9422 9376 5372 8036 8594 8595 139 4571 3772 2196 2929 3686 3018 2236 713 8927 2609 3685 3355 5856 8471 853 3814 6912 9944 9846 3510 669 5942 6271 5769 8034 6318 6159 3705 6259 8867 8740 8349 261 2172 7472 6311 1248 7485 9376 7501 5384 1611 7289 9842 3131 7606 8162 2651 3427 9859 1548 9674 3401 614 6858 1549 9491 1046 8595 6964 2335 2083 4499 4773 8476 9402 4706 6743 3575 2125 3339 2799 9903 7162 482 3896 8083 8351 318 6916 7500 187 1208 9902 5821 3571 1162 4182 8321 4605 8894 9948 7284 6863 3308 263 1802 7315 2547 275 3018 8217 2267 9174 4604 4610 5388 634 8506 6392 8280 6300 1861 3207 3104 9265 1293 9352 924 9430 2842 1742
4337 5039 399 1944 6123 7995 334 507 9628 0 9779 4311 9920 8249 1561 9528 5060 2756 5950 5118 8223 5631 9885 5155 632 5562 773 2440 7189 8315 7240 2380 3569 9141 1404 9273 255 2065 5312 3494 8427 5134 852 5438 8748 985 3645 528 3957 9933 4412 6308 3431 7083 9143 1733 6136 3065 839 9471 5943 6926 899 3022 709 8653 5298 6735 6225 7 4218 5672 7203 5674 7395 7246 1070 3703 5183 4972 8219 2301 4260 227 8904 1854 7471 8824 3848 2723 534 7839 1604 6471 2089 5503 2034 4084 9157 2334 1493 1378 1107 6654 3845 2055 6676 9094 4027 928 6250 1117 4472 1123 1436 3088 790 4005 5196 7306 9795 4704 4273 6436 7055 4695 1686 5668 1868 4762 770 179 2898 9828 2587 1618 8547 3076 1826 7074 5622 2119 4834 5042 5498 2220 2850 3271 126 5549 428 1961 8289 135 2462 4398 3279 6049 2936 7980 539 3444 6597 1415 2714 5606 7296 3141 1047 5230 5931 4768 5517 7985 6519 6956 1670 5216 1051 2043 2985 2874 4671 8396 1128 2394 7152 7580 5409 8946 8782 5036 9289 8154 5445 8780 2519 7664 2689 7963 3177 6814 1133 1117 7677 4439 5353 7929 6339 7196 8525 2520 1791 5266 8298 6240 1766 6272 6598 5541 2741 7260 3709 3497 549 2432 6294 5766 796 4119 8471 5577 6251 5525 2136 113 1569 6992 2533 1027 6981 1354 1884 3686 8438 2312 8635 9639 2029 1284
3076 6790 2270 1736 7706 1330 8583 7202 2973 9779 0 8967 6893 7181 7 2030 4549 6719 5513 6257 292 2500 5497 4962 6639 2576 409 745 870 529 1664 8610 6141 4963 4819 8079 7680 792 3693 6771 2677 3642 2709 1895 4159 3988 417 5061 1884 8224 3630 1199 7065 4198 3489 4696 8140 159 6647 2056 6208 9330 7278 7803 8304 209 3723 6424 4204 1804 9886 7207 2323 7706 9177 7690 7394 937 9129 2857 4163 5888 4033 6139 4500 7450 9786 8744 9775 1139 306 6618 9820 810 8491 1170 7921 8939 278 6596 7089 5369 3962 7391 7524 3229 3196 7205 5537 274 7601 7097 2314 5542 2956 764 5966 9028 8177 8504 8828 1812 4124 8673 7203 3200 9167 5160 2016 6903 2529 2967 3673 3118 456 2290 1902 3342 6407 4980 4863 416 960 1407 8090 8442 5599 4854 4138 5429 4040 4387 2924 8416 1830 9637 3256 4214 4589 3861 6882 4807 8325 755 9167 4401 2544 5093 8506 6288 4534 4748 9123 5973 6093 2601 1563 9221 9720 4544 4538 9081 6164 4133 650 5751 9706 9167 941 6815 3265 3435 611 865 6016 8115 4463 4172 6215 5637 8243 9508 7712 4151 9256 2164 5225 204 5569 74 9184 557 8318 5524 3471 8070 3850 5431 2500 7327 3806 8163 5579 5499 5021 3993 4135 1986 8866 8605 3922 8215 3895 9114 1275 2740 1316 5728 5343 9172 6787 1260 9605 3701 4361 7968 4725 4765 4095 333
3345 5723 9617 5224 1356 1120 9517 426 9934 4311 8967 0 1159 8512 604 5669 6524 2007 4197 1500 3251 5335 2573 3406 8093 9553 938 381 4689 3136 1893 1958 3980 1951 2068 7586 8267 127 157 7931 9683 7694 2415 1836 8334 7953 4443 7330 4784 7232 1490 8185 426 2402 1060 3935 9309 1801 9003 6720 7045 2801 6383 1145 3396 8839 1911 9472 4909 7563 6756 3299 2372 5909 3422 6538 3658 8843 5920 8843 4079 3907 8016 4198 6799 2547 8732 597 7960 9240 33 299 4570 7070 4593 3929 3811 6178 7839 150 2293 8085 9305 7020 6023 4657 7145 682 5653 889 1836 9909 8406 1810 5859 2161 3449 9911 6423 4829 4039 5376 9829 1652 4517 5937 5324 4442 2232 8828 5217 9870 6357 4701 7106 1318 9085 6204 4779 3819 339 8970 8596 645 8885 7284 2635 3671 5020 9244 5582 5990 851 2583 4799 6233 6345 678 8845 8942 4958 9187 2255 3443 2323 4600 7437 6053 5969 7096 7010 3212 5893 9984 2296 9306 986 8208 7248 3164 2113 6857 8398 3597 5562 7422 3191 308 8770 7977 3564 5361 9828 9901 5588 4658 4580 5577 6601 5356 2639 9658 7427 6250 8372 9890 5641 9913 7024 551 9316 8524 2900 6608 3428 9373 5396 622 9233 6737 5347 3725 3082 3687 3643 4574 1279 6659 7012 9578 4884 8438 9818 3776 2905 3498 4048 2008 6262 8295 2740 7579 3648 5094 7922 443 3483 7236 9406 9343
9516 5383 8466 5668 1293 4066 2584 6896 5801 9920 6893 1159 0 5393 3118 6504 1282 7902 5391 438 7399 754 8467 5764 7801 1588 8289 7546 1048 3460 9039 929 6279 6764 4438 6247 4497 399 5672 9190 6091 261 3385 5542 8978 9263 5 2620 911 1629 8158 2037 8544 2935 2089 6199 6691 5949 7371 9315 3636 2560 3896 1426 1235 1303 9496 2170 3504 2742 4814 7497 6299 5151 5380 1382 5900 8664 9521 6251 1765 4869 6930 2932 823 4059 8248 6542 7490 2750 8656 4999 2120 4115 5674 8265 6300 1144 1186 8800 2565 718 6815 2919 3867 1718 8579 7244 2713 4278 4002 2874 993 9697 541 4774 4779 5005 5616 378 7583 2851 7058 1074 1684 5088 7324 5618 2877 2490 9672 7196 7181 2449 195 7593 5080 3920 2681 5967 3095 2867 527 1792 555 6533 1674 2572 5483 1808 9645 6120 7295 9420 4946 498 6491 5291 8948 1952 2192 6456 5591 8502 5367 5167 7843 219 3012 6349 3479 3945 8037 2015 1089 4387 2961 6635 6356 1040 6564 3775 8313 1889 3390 1122 2688 5194 6349 6066 6492 6462 8633 1743 5149 8049 7279 1244 9778 164 8443 6011 880 9587 3284 3533 3731 9358 2691 1740 8942 5549 3875 7140 6888 1942 1858 1738 7030 5481 9810 5196 6471 1299 9378 7007 9880 784 236 9674 1693 2515 6280 1529 4762 810 5568 8985 7605 2436 8558 1855 193 9740 4965 9245 3289 9525 2499 8846
3970 3411 1747 8460 3493 35 7935 164 6684 8249 7181 8512 5393 0 9745 5460 631 9547 188 1964 5279 6741 6796 8324 9771 8990 7880 3716 585 5757 1202 6655 2749 6684 8326 5886 6429 5503 6166 3252 297 2407 1060 3090 3068 9289 9187 2354 4575 1015 4142 2534 7081 7827 1843 7738 2662 1074 3948 2278 180 8477 8586 9020 4783 9709 9837 807 5974 9779 2763 2385 3667 9797 1576 9718 5090 4721 611 3740 1065 2347 4007 3166 6184 9595 6258 5935 3781 4118 1342 3044 7085 8450 1532 214 6831 9140 7685 7652 2178 9431 5740 8829 5234 2891 576 9142 1700 7785 1578 4238 1506 5574 4882 7881 1169 5029 9810 9610 2438 5409 8278 7758 2869 5901 334 7191 9767 8004 8928 1493 8272 8508 9022 218 4524 4947 2462 1343 4956 839 7141 4100 9844 4274 7465 2558 2361 9564 4138 7 1963 2675 2843 490 4275 4507 6201 9769 5673 6739 538 3395 7796 1018 2120 7387 939 309 3293 5053 3521 4331 862 9361 7639 9027 9133 5786 1191 7841 7536 9294 2365 2944 9619 2269 878 1186 7636 2242 7495 2636 7618 5644 8975 1539 244 7330 748 2977 3089 6608 3130 5192 9674 6122 4411 9374 9144 4011 919 4067 7262 3377 7771 906 5984 863 2227 1396 4075 3901 1121 5752 6567 1293 6196 246 2272 5080 2025 6527 3859 4433 382 3605 2701 9847 3134 458 9430 8742 2478 4313 6037 6615 44 5157
5748 1254 725 385 9530 8267 5956 2490 4409 1561 7 604 3118 9745 0 8778 654 2262 6839 6585 9581 9532 840 3874 1914 2881 8428 3039 9531 474 194 3824 9098 9655 987 4975 2054 7139 9387 9049 8222 5828 6526 6530 8296 5730 3309 5941 5212 2734 9088 3439 5560 803 8680 4580 5513 8053 465 8315 971 3508 4899 5302 2602 8698 1701 6878 2759 2882 1490 997 8424 5812 7737 5322 386 5982 7505 1462 6926 1062 6105 8331 7129 5590 7838 6191 631 3942 4469 4370 4087 156 4377 7269 1671 7514 7689 7936 3668 6756 7147 4393 3728 6319 4465 8044 6067 4630 3172 8903 3572 8781 1691 5375 3665 4339 2007 3756 9143 8807 5924 3689 4799 1216 1196 4555 5457 446 5584 7386 7444 4294 6532 641 8113 9443 8784 6113 1984 1552 9557 2946 216 6933 4521 3734 6793 1262 8551 5205 7033 9873 2702 5864 9588 1461 6859 3395 8633 1933 5292 1765 4615 8916 3635 4996 5924 1157 1796 6132 1891 2919 9209 3764 5243 5601 5930 2288 4503 8462 7538 2867 2997 1334 4731 4101 4416 6502 3281 5269 7929 5555 4853 343 8766 8279 3254 7677 6479 7534 6148 7105 2626 6649 6188 2013 1105 3454 6317 6442 2104 2437 8189 682 780 1038 3717 4007 2474 5135 9471 9091 8009 711 5025 7044 9850 8120 3923 5043 7545 4443 1883 4745 3026 2903 16 2882 7641 6053 3503 665 6913 7909 3815 7100 9041 3664
2775 7995 2152 2390 1393 2703 2810 2437 5852 9528 2030 5669 6504 5460 8778 0 6362 7978 913 9645 3890 6184 9623 7098 7651 811 7799 2370 7315 1368 9033 3781 6145 3022 4273 7411 3570 35 1607 7599 9698 8900 6291 6554 8263 1353 1315 6430 9242 6736 7924 7131 543 134 7266 2377 908 1046 6825 6377 6702 9768 1030 2806 6452 2043 6177 9402 3509 1533 4017 563 6862 5502 4992 1257 3902 1449 8683 4708 7311 5959 3719 1193 7484 1171 8555 1416 5754 4578 3267 978 5905 1358 6138 3586 4917 7712 5986 1677 3316 8566 7926 8106 6263 416 9573 2061 7147 8561 7074 7615 1599 9632 6211 1908 7957 9762 795 3022 6439 6017 9578 7308 7779 3718 5796 195 8887 5647 4619 2446 6471 5388 5566 5846 7107 6913 9711 2234 541 6652 6302 1316 2147 7699 4000 6806 8264 2002 2300 3532 6488 4473 8434 3760 8514 2050 3391 7533 6278 363 2522 5553 2302 4520 7073 6783 1709 3075 7483 8973 4980 5453 8383 8093 3520 6915 1654 1023 103 377 8336 3035 893 8086 5751 2264 4012 2551 6135 7830 3591 7499 947 2240 3490 4855 5592 9690 8677 6936 5745 2434 8071 8842 3296 1443 6615 7829 7996 3952 952 8561 339 2682 3025 1990 4500 6017 7560 7495 5904 6316 1097 6963 5760 475 8827 9655 3697 3700 5704 9739 7276 1066 8259 5240 7268 5633 3367 8253 2918 4621 9307 238 8874 2235 6726 7005
2277 2178 4690 238 5676 7489 5128 7968 6275 5060 4549 6524 1282 631 654 6362 0 8913 4688 8287 4857 466 2501 1797 3289 5931 1965 1152 4624 744 845 4517 2175 167 9170 9824 5353 7216 6909 8800 3585 6597 9859 5927 2555 8196 2571 8140 4145 6648 5560 7231 9975 9578 1993 5532 4077 122 1096 2551 4907 4616 1406 2508 2349 8179 3266 1521 3654 8933 9559 9827 4100 3913 2466 7937 8580 9340 6728 7624 1890 1321 318 9976 1663 2266 7855 7446 5977 4539 2193 1305 2511 4778 6441 6158 5732 9758 1490 3153 3969 7107 1441 7436 8987 9821 7913 6610 5532 1779 9372 2900 8345 307 9417 3043 7040 1656 2711 6940 5716 2832 1497 2805 4465 5889 6247 8108 5578 1012 8501 2762 3079 2058 6130 7023 9400 9790 4470 3445 2912 781 5496 4133 2348 5161 1239 7443 3423 8827 1951 3588 4066 3444 6267 2058 1974 6120 1996 1101 2247 9800 939 6456 9767 5936 5934 2728 4716 8866 3159 4332 1707 4584 1367 8506 3798 9289 7403 2925 4119 3553 1921 1111 9374 3403 9655 3169 5600 8395 9500 3562 3935 3624 3139 9689 5881 791 1173 8600 3498 8142 3229 3 3424 7170 9047 4971 81 8680 6230 2152 9244 4007 3826 3706 1111 1235 9224 770 6383 7675 7059 1161 4022 3412 9229 1631 1802 8094 3153 6302 9215 707 1000 9525 2400 4118 7722 7561 1523 5072 5227 8482 1284 8910 8160 896 6684 1529
69 4404 3151 3464 4428 3321 2097 3472 6374 2756 6719 2007 7902 9547 2262 7978 8913 0 3574 6164 3299 1719 9489 6842 5534 3947 2038 7411 7105 8648 8423 2562 4376 2686 2836 9228 8780 8885 2339 1219 3945 7178 9956 4018 3090 8738 21 8066 4457 7099 9242 1697 5743 7611 6805 8917 2587 100 5361 2960 6562 8752 2390 6932 1857 5153 5471 6980 6715 12 1387 5684 6437 3954 440 3940 8635 2014 5892 2396 3345 1828 8987 4986 4101 7058 6370 8815 831 9988 7936 5171 39 6789 9981 8026 4991 2096 5987 9448 4358 4365 3298 1627 6738 2444 3108 3616 8024 6074 9178 7662 1207 6909 2332 7164 7729 7203 8285 7697 1977 9296 7546 1665 6156 4990 7275 4110 4748 184 3898 5525 4436 8085 7771 7499 7656 741 5833 9042 2098 6688 3693 6845 3634 8669 2360 9053 1509 1401 5412 1768 5704 3389 6072 2478 4240 2075 1915 8374 1728 1897 1335 1026 7563 8034 4058 8837 1168 854 8939 8393 7345 3212 1129 8897 3484 7939 4665 8344 9102 2652 6346 4091 3108 7340 4626 6115 2017 8222 5027 6279 7587 357 4921 6939 4088 9196 843 349 7920 6215 2797 3725 8041 8953 9097 5441 6900 5486 8224 1729 2811 1155 3847 5469 9658 8269 4384 6646 7735 9368 9256 3596 3931 4664 8726 4878 8765 3699 320 7418 2066 2491 4049 7507 4501 2122 5511 7921 7783 3287 131 6252 410 7664 2357 8628 629 5539
3309 7684 9630 4704 4688 899 3039 6959 505 5950 5513 4197 5391 188 6839 913 4688 3574 0 1516 8037 8278 924 2559 1501 7540 4706 6378 2982 6190 4282 6285 3832 1451 2716 5755 1027 5270 7142 4 3416 904 5002 6068 9286 3113 3819 8432 16 7310 7472 2709 8250 7430 7249 4735 1216 2550 3247 2788 1193 7152 3690 298 9070 355 9396 1889 402 3607 9764 4287 4524 9255 95 4065 2959 7025 2717 9366 4875 551 6549 2782 5832 9510 4549 1398 6663 8136 673 8650 8432 9428 1946 9126 5527 8384 9047 7504 3536 3430 5203 7748 9976 3305 1469 1623 896 1499 2642 2414 1258 9813 1232 5639 6914 4797 2029 637 2418 1885 5551 3861 9462 4512 7013 208 7095 835 8004 3116 4920 2390 5370 1923 5567 453 5080 9185 4833 455 9718 412 4887 2581 9209 1226 2138 4242 5773 2622 5812 3929 59 4904 6336 8146 2360 6823 5632 4670 4344 6122 4831 795 2660 4723 4598 5687 8824 6686 7461 4520 5630 7015 1238 8635 5994 3486 7608 3655 3839 2511 7285 2242 3020 4198 5341 5501 2949 5023 2516 8770 1504 6208 9470 9094 918 8311 4043 8373 3772 4143 978 7113 9188 4446 3223 6226 9954 8967 7683 1200 8496 3529 8550 9663 296 4672 1648 4247 3475 595 8719 8292 6366 313 8508 2608 6462 3801 5965 8981 1095 1113 1575 6555 9404 5242 5928 815 924 1799 1801 6230 6586 9134 2749 1556
2210 1837 7941 1484 3330 6924 5470 5715 6368 5118 6257 1500 438 1964 6585 9645 8287 6164 1516 0 1741 7630 4365 1764 6288 3091 1550 449 668 5649 5882 7388 7644 1630 2818 2623 7523 1865 5800 8359 35 7006 8213 7101 2256 2562 729 4748 7547 1678 9573 7589 3705 6771 9670 6700 6675 446 2907 8783 1991 3436 2437 7420 2048 1289 7423 6745 9343 8268 2394 8029 9780 5229 4083 8711 1040 2375 9793 1126 7958 8692 2966 7646 5036 3869 1076 3497 5867 6095 8732 8437 103 2967 2751 2070 789 6749 2728 5555 6033 2927 5692 4614 9195 5468 6257 3183 7931 4679 5851 125 9143 1607 3089 3627 7241 1855 179 6130 8734 6555 6298 14 9992 1516 6391 7270 323 7531 7096 3389 743 1318 4312 2562 8007 8325 5685 13 7177 4359 9447 6949 1693 4329 3379 1671 9708 9493 9769 7396 9450 513 7739 9650 297 8430 8524 6901 8581 8898 4775 9400 366 9950 4841 3483 8204 8294 6822 6330 8541 8392 1796 1253 4217 6467 3559 6828 3127 714 1708 3027 6011 6676 1011 330 8948 8087 7636 7238 9602 5522 6030 4442 2667 5677 6824 4877 8187 5095 1986 3426 5330 1003 5557 9680 3645 9626 7853 5543 1690 1542 5110 1502 505 6183 7730 8248 4661 3289 4912 5864 4738 7896 7161 3105 5942 7373 871 8651 5425 7905 1932 5397 2537 602 8187 8952 6370 9976 2112 5676 5553 3455 9124 6256 4837 9821
3255 9111 8047 7978 7025 2595 5777 1514 8635 8223 292 3251 7399 5279 9581 3890 4857 3299 8037 1741 0 5462 6690 5027 9072 7554 9533 4209 5567 6800 5998 4800 4468 716 3133 7632 2634 9772 6514 3600 3171 8944 9481 4456 8796 909 5995 558 239 1772 1734 7872 3802 7810 1532 2347 5696 6089 9075 3248 6577 4363 8336 9315 9760 5379 5993 623 3423 1285 632 3433 6691 5838 3621 9027 7902 205 6726 1531 1189 5095 2936 4154 5316 5896 6952 8843 6208 2198 1163 6217 7064 1873 8127 367 1490 2892 6665 7178 8228 6290 6521 551 7183 7736 8466 3322 1773 1878 4008 1330 8906 3263 4087 910 8792 8213 4392 970 9699 5537 5149 8615 4042 8261 1402 3478 4370 8604 7543 8078 664 3644 6654 769 4964 4765 1561 1828 2504 9175 6590 4614 5441 8583 7690 8480 8999 514 2725 5970 8850 3191 6275 530 2740 5645 169 8864 9542 2220 9812 2943 3923 9837 1803 6476 598 9157 9249 4370 5339 1746 6312 2244 6232 2551 7648 133 6251 7481 7023 6377 1366 970 2209 413 5217 3287 3392 4362 9060 5273 6448 250 9002 7515 3471 3781 3255 2358 1710 8707 1649 3716 431 74 588 9678 1679 3422 860 9661 4807 4948 4407 297 0 8718 5761 5902 2808 3692 6527 275 3000 5117 6522 5713 7233 9651 1176 7343 1857 4629 1860 560 5098 8077 4976 7248 3420 4467 2530 3118 8332 3632 6753 1952
6820 6370 9458 4046 7901 7791 447 6908 6678 5631 2500 5335 754 6741 9532 6184 466 1719 8278 7630 5462 0 588 5195 8778 1703 322 9220 5392 9833 9989 311 8856 1221 5300 8354 5707 6413 8798 226 5130 5400 9304 5862 2083 3023 4333 4654 2439 3760 3221 5712 3930 4494 7067 8331 5857 3611 676 9141 1418 3910 2275 5893 8511 3973 6315 9822 7702 9442 8228 4850 1436 3815 9062 394 8544 9836 2562 502 9148 875 3229 1317 1835 7092 7588 5238 4298 1708 245 181 7438 2342 6405 848 9649 9368 8686 3661 8868 7353 2678 5146 7493 5307 8964 4374 3827 1292 833 1996 2480 7251 519 7393 416 9510 3494 5865 4257 1734 6284 5642 1173 8938 3887 9815 7653 9214 1459 9079 5248 1373 4292 9596 1586 3169 113 3671 2804 2540 7953 9469 5431 5668 4215 3245 4827 5177 877 4917 1283 9657 3294 6511 5588 4172 400 2212 6943 8672 3301 2537 7275 8177 7555 2815 7887 4250 8132 7461 4374 3800 1121 9422 5344 3856 6124 5081 116 7097 8054 9081 8093 9296 3782 3031 1530 1810 936 2604 939 4793 256 6549 9151 8311 3855 6460 5720 5115 3030 726 3192 2641 3549 5117 4223 3263 4490 8616 3067 6404 1317 7756 5701 7110 3307 8563 1260 2098 3476 5562 6897 9077 3906 4615 2477 3620 1627 5015 4360 7508 2781 7306 7211 423 1363 477 5329 6797 5046 9152 7881 5707 8843 8997 8 6964
6113 8106 6715 1868 7309 1450 6003 6772 6386 9885 5497 2573 8467 6796 840 9623 2501 9489 924 4365 6690 588 0 2824 8847 4935 3637 4337 2201 3173 5516 2345 3561 783 412 5659 3264 1792 9054 3291 2600 9190 177 9439 4946 7936 3309 7864 7063 8042 2372 1240 582 2708 7165 7581 7367 8715 9716 6223 4866 4131 1442 9625 7542 1524 1764 7967 9197 9848 2450 9233 3573 3304 9746 6905 4422 4239 9439 8086 4058 137 7494 7515 9011 4073 7399 3824 7502 230 1628 3484 4139 9252 2574 1304 5276 8913 8453 8052 4721 5590 4 8450 4028 6137 2199 7092 8076 1694 8303 2152 9650 1287 2244 4428 4676 6775 932 1509 5147 776 4138 9118 81 8213 9507 5776 2296 4395 4024 5380 6582 7463 6684 7080 626 5241 4469 934 5902 1994 622 9316 8479 2506 5964 2459 3683 386 7426 1440 2527 8658 5893 9516 9137 1953 3197 1799 5880 7461 9264 4988 998 3312 8555 5391 4857 8445 3578 2161 7346 2192 7958 7398 2280 6072 2065 9856 9574 195 7448 1603 4292 787 3649 1584 6247 8469 4364 7334 3523 7061 7987 8531 4015 8505 8258 1829 9082 7112 8263 5686 4101 1120 3332 5893 8198 3589 1805 4578 8210 1008 9412 5994 1555 6714 7874 9995 3881 3207 8638 8670 2307 1531 507 9328 2741 2978 9705 7271 3223 5237 7057 4430 6955 8893 4326 3899 6883 8097 6585 905 2335 1443 6173 2270 476 1837
6300 3056 3895 4740 3704 5125 5635 1854 8984 5155 4962 3406 5764 8324 3874 7098 1797 6842 2559 1764 5027 5195 2824 0 2708 4003 1320 9745 8210 2563 4628 6412 2146 1570 3747 3859 889 2876 8504 8738 1108 3533 5241 6664 5016 4599 9676 8013 4537 9827 8902 2814 555 3484 2405 9919 5858 5289 1721 8880 1057 4027 1067 9970 6835 7947 1685 9483 5537 6650 3367 9645 1527 779 797 7678 2706 2500 2811 8379 2156 4080 4001 9609 3549 4263 6106 4403 6100 7334 6713 7807 6028 9874 5196 9510 4529 5767 4646 7875 9065 6471 4284 2088 3671 3611 7391 6818 8150 2342 6564 2866 2486 2965 2979 2547 8298 1952 4125 1095 5034 2038 7195 5722 3725 746 9044 9808 5221 4446 6479 5786 9595 809 8591 1054 6242 6349 9162 4059 3029 4661 4540 6615 6592 6051 7606 1947 8555 9327 6315 1634 6513 7147 134 7843 517 5305 1139 7541 6217 9776 1255 9274 9088 4979 3541 5808 2717 2934 9850 3871 8315 2695 5196 4228 7416 4971 7247 6082 3281 4277 1612 7976 2575 9893 325 8406 6406 1235 4780 2449 3779 7437 2866 6990 9822 5836 8332 8292 2790 9090 2177 6423 5971 4922 3858 3576 2902 5755 749 1639 7974 3447 2553 6528 5328 4243 6819 8859 524 5102 4583 3931 6477 9370 8816 4104 8589 1675 2146 1971 3965 536 870 8044 5761 1807 6186 1609 8205 6715 5966 2518 4964 3896 200 4842 6680 4103
274 1744 1795 7586 2669 5747 9525 2345 9114 632 6639 8093 7801 9771 1914 7651 3289 5534 1501 6288 9072 8778 8847 2708 0 2984 4369 9600 5333 9192 2100 8115 1254 3761 1876 4907 4188 2171 4782 4128 2962 8219 1005 8819 6297 2086 121 82 3384 8949 8603 176 5977 5892 9315 7797 7552 201 7803 8499 1089 8163 1286 9182 881 1932 4608 648 4902 5473 4850 8251 9315 2974 2906 9435 762 92 419 4171 4470 6990 2170 6974 3681 5464 9404 5415 4241 1040 4598 86 4351 4214 7984 3921 7379 5292 7693 1516 8618 8497 6307 1663 3004 9619 4471 5247 9570 4331 907 9997 4850 1237 3554 9253 4906 5971 1561 9544 3010 276 3726 2635 4471 2064 4680 9825 9058 8232 1987 5581 8925 7368 7530 1270 977 6722 7528 173 6458 2224 2024 6247 8509 1765 2676 2815 6376 9016 754 4333 9502 4294 8789 7361 1929 2083 41 4494 5982 8983 1624 1140 5241 151 3245 3065 5951 6677 857 2860 2049 5638 1986 5545 8165 7520 7701 8321 9128 2520 2211 5229 5541 8774 1571 7747 3064 1815 8657 7344 911 6327 1355 6162 9623 8954 4524 2535 674 4417 2145 3280 8218 6751 3113 3693 1695 3598 5415 9965 1584 3991 4601 4499 7168 5532 73 5414 1075 6668 800 4842 5664 5850 3406 5850 936 8005 2082 4058 57 1776 3729 831 1194 2368 2331 2270 5766 4564 8873 9032 9124 6159 9374 4743 1409 3734
1584 251 7410 9480 1123 1150 8130 2924 7656 5562 2576 9553 1588 8990 2881 811 5931 3947 7540 3091 7554 1703 4935 4003 2984 0 5379 283 8685 6679 4664 9588 3493 7618 7545 3960 3099 2380 7208 6288 566 1967 3937 9460 7844 4506 2163 9672 1081 1535 3824 8906 7826 4224 7952 878 3186 3482 7706 1192 3496 9828 1245 6215 6662 1109 5922 6254 8140 9131 784 6976 1957 4614 851 3700 5091 7529 4556 9554 4942 3178 60 8889 3591 419 934 660 5142 5671 4091 8574 2246 6942 2693 1332 270 5322 5590 6585 5671 4406 8620 4595 6117 3385 2079 2978 3913 7221 603 9760 8199 9039 6833 6475 1225 4000 1495 4776 403 2964 5203 9773 8171 4207 7732 8899 5325 7336 1926 6852 4110 5390 457 9768 5744 6431 7577 5007 5970 5713 1884 8116 8154 2598 538 2369 8608 6888 9064 1957 682 351 6477 7036 410 2144 1177 2587 8257 6427 9038 76 7718 8290 3689 3651 6114 358 2285 7516 9378 890 9751 600 5697 22 8654 5633 7430 1301 1386 2687 663 1935 3837 5436 2400 5405 2798 354 7686 3773 315 3998 2055 7518 9547 6916 1448 6119 3344 7633 4095 8823 6680 2203 5402 8108 8601 8215 9105 3784 1090 8873 7562 7640 9255 914 6562 9843 532 23 567 4328 2953 1121 4645 4860 2924 7370 3103 2282 3757 5695 4583 7041 3807 2372 4929 3476 7335 7138 1703 7166 517 1678 575 3465
8598 1052 1812 2973 2455 3135 9910 3010 9261 773 409 938 8289 7880 8428 7799 1965 2038 4706 1550 9533 322 3637 1320 4369 5379 0 8016 237 9715 8045 9416 8419 926 5478 9785 5218 5668 7703 2028 3189 3552 7765 6085 1648 6316 7706 604 4057 6568 3473 4542 793 4502 1380 8706 6622 1573 5151 9874 2947 1040 864 5926 3670 3269 5101 5444 8914 9302 1329 4163 3064 7475 697 3093 3105 4142 4213 4324 8447 2167 9493 641 6126 637 4395 1852 7355 4315 6828 5805 3960 1905 3643 3453 233 2772 1154 2833 8417 737 7822 6391 4354 9827 7367 7304 9932 7128 4332 7192 9710 4830 1492 8951 9677 7408 5651 359 7350 3092 8831 2517 4647 410 2553 8781 2328 3511 554 8539 8598 3752 64 8243 9214 6381 1457 5010 939 1804 5653 416 9059 3964 2992 6870 5706 3419 8291 7034 167 3856 5083 9650 9010 2363 3382 7419 6053 8436 2968 5774 8896 3217 1716 8632 5808 2320 1944 9540 6493 155 1450 6759 7608 6022 3897 2919 6247 5184 4205 3470 8902 4088 8040 5050 7061 6193 2752 7693 5458 6387 5802 9849 335 4047 9059 7700 8454 9309 3616 2291 1042 7169 659 5709 1830 933 1266 5296 9401 6018 2016 8459 7667 122 8644 8066 9382 6294 137 5154 1855 4064 5462 9895 8028 2448 826 6484 7922 9219 9987 3050 6745 1848 4382 6786 9455 3260 7532 4737 572 6703 8122 3204 7209 3241
5390 9213 4598 215 1240 2307 4495 3029 1453 2440 745 381 7546 3716 3039 2370 1152 7411 6378 449 4209 9220 4337 9745 9600 283 8016 0 1209 3751 176 2095 9245 9602 3767 8009 9682 721 4899 7575 9587 9287 9366 7850 3613 9297 3074 2024 8379 9625 3732 111 7781 4172 5218 800 7997 679 344 1845 9805 8626 9094 9695 2185 9565 7846 8384 2482 4071 4475 9542 8098 1869 7612 105 5348 2630 3079 6879 5576 5890 1568 597 1186 5967 8749 4623 5127 961 1493 3283 359 1586 1634 902 771 5644 9384 1778 4036 2342 5295 218 5407 4378 3694 1234 7235 9456 101 5790 7934 4950 2256 1026 6806 4649 82 4398 9504 9506 7896 8659 6688 2419 1030 3135 9818 6785 3003 6586 5836 9042 2730 4483 2808 8892 8572 731 352 6000 6359 7154 6371 426 5644 1005 253 9688 9196 7816 6722 2040 5042 8890 9537 2094 2972 6479 8611 5006 939 7011 6475 1367 2777 735 3871 2665 8124 3820 2069 2351 2338 7344 7316 1207 164 2572 5378 4798 6010 942 5292 2352 6613 6104 5551 4147 9797 825 8932 6714 3504 1224 338 9104 2846 1976 1336 2098 1791 3918 883 8123 6067 5718 2551 4421 2386 969 7091 2044 7675 8909 3078 6571 7652 6092 2128 5693 8138 7886 9790 6464 6376 2426 9902 147 7312 3099 4809 7301 8459 4193 9101 6635 7964 4188 8729 9990 8543 2965 5807 5279 6784 1501 4554 9847
2377 4043 2969 1829 8236 8124 811 1275 7431 7189 870 4689 1048 585 9531 7315 4624 7105 2982 668 5567 5392 2201 8210 5333 8685 237 1209 0 8647 2773 1928 4611 7383 5140 8150 9984 216 1444 3633 2946 6248 6770 3688 1438 2212 5105 9031 4376 1651 2203 1799 8735 5132 7073 7622 4640 7691 1242 7419 2595 8905 3789 8901 1070 3454 6229 8896 6235 1113 1845 6627 3055 5030 6428 7269 61 3908 7360 9600 7301 5656 3072 5571 3705 4766 5058 2977 9093 628 7618 4253 9513 5947 7138 8549 753 8151 5862 4683 3372 790 1905 4226 5978 3741 1 5060 4089 3770 2861 3624 8430 2826 3089 8055 4424 400 9046 7696 3019 1411 4019 9426 573 9951 7865 4647 6548 3961 4568 3507 9856 9863 6211 3452 9551 5224 357 2029 6374 2676 1737 6046 8019 2221 9110 3329 7302 8330 5575 7282 2997 7710 9218 2814 1255 904 9579 6419 8071 7507 9429 2859 9408 5113 9959 6617 8215 744 829 9780 1679 2754 8337 6545 8821 8048 9977 7259 288 8089 3391 5478 2599 2951 8129 273 1327 9171 3108 943 2217 3248 5034 5592 3794 2822 6851 2895 7714 7723 358 2961 9716 8824 5231 4852 3131 8363 4386 9591 9338 9580 3498 239 2980 1459 3081 7927 1299 6553 7115 7093 9044 2799 2411 2027 3035 864 2851 6578 5539 3839 3923 2638 9331 8620 6669 2813 8665 8903 3772 7272 5994 2781 7517 2217 8208 2549
3393 2919 6168 1665 665 6525 9993 3733 1952 8315 529 3136 3460 5757 474 1368 744 8648 6190 5649 6800 9833 3173 2563 9192 6679 9715 3751 8647 0 1892 2954 9934 5725 5118 9023 4686 6795 2130 779 788 2615 6473 4317 190 4367 1042 3734 3599 6059 562 4365 4948 4697 7140 1706 521 4959 1892 2817 9865 7950 934 9125 6473 1637 879 4971 6232 8076 9031 2429 4448 9972 1133 9676 4833 2716 7136 7968 2577 2645 9371 7607 3711 3394 6668 7756 3888 3359 2597 7473 545 517 8697 5937 6747 2671 8644 1124 7081 4471 2318 6959 6150 3953 6572 7100 9607 5284 9317 4067 7638 323 9612 3225 7584 2022 5190 5006 3758 9112 8192 1552 5645 231 2589 2050 4435 704 8265 1542 7954 8562 7477 7585 4964 3086 5391 2207 9477 6303 9739 4871 7067 8863 9305 3876 707 6238 12 8576 4143 6783 1722 8587 6670 2052 5636 7195 8421 7434 7740 1765 8020 8314 3795 2162 5446 9093 3353 8046 8183 5479 6418 1542 1833 8960 1576 9221 7217 9109 4881 3081 7313 8246 4006 1279 5361 5198 1738 9980 9118 5036 6327 8998 8090 1654 2088 3405 9923 7061 6690 4723 7198 7013 6306 5573 6867 2539 4946 1177 5827 3839 358 6217 9965 8026 8999 345 9750 1602 5310 1027 4622 6868 7693 3949 4762 2313 1914 2361 5773 6398 892 8508 2960 5802 471 4412 2877 7506 4375 2038 6634 6938 5804 5791 7448 4908
8514 2345 7390 6174 6803 2062 5783 4443 5981 7240 1664 1893 9039 1202 194 9033 845 8423 4282 5882 5998 9989 5516 4628 2100 4664 8045 176 2773 1892 0 2100 5684 4935 7374 2718 9009 7013 245 1167 8768 1007 8722 7553 6739 9871 511 7106 5641 1660 7707 6516 2542 714 9567 7715 939 8656 2063 9052 6946 8898 4537 1089 9386 29 1042 3121 9379 1008 8585 4975 4985 2287 249 452 9291 4532 5592 1902 7807 9780 2952 6115 544 5747 4072 2093 2604 4782 2579 2396 7431 6203 2834 4794 24 1044 3327 5015 3248 2040 3143 3297 6169 140 1409 1893 8285 8464 2082 262 1588 7982 9523 962 4675 3762 4831 2086 6944 116 7087 4379 1471 8988 2388 4458 3485 9498 9099 5230 2713 6805 7502 2651 6931 7031 5397 8967 6577 377 6785 9128 3856 6421 2612 2194 8086 9236 3424 2712 1650 7431 4767 5496 8614 8135 9120 5754 3834 8079 4661 7630 2619 33 3943 7955 9545 1345 4799 4733 1354 8264 1545 950 3763 3897 2428 55 9332 7778 9025 7126 8620 9033 8403 302 4359 2182 4792 6566 9035 6619 6223 9761 7994 2791 7617 6650 1250 260 8653 271 1775 8236 4711 2140 344 8296 3144 143 1224 8116 3596 49 3444 652 5160 5475 6945 932 2940 7174 1032 3173 674 8524 7307 6698 2182 5974 8011 8589 5069 7211 8829 5147 8712 7982 6283 9709 5064 3698 3067 5865 7741 631 4620 1198
9694 2230 5893 7653 3576 380 3135 7552 9724 2380 8610 1958 929 6655 3824 3781 4517 2562 6285 7388 4800 311 2345 6412 8115 9588 9416 2095 1928 2954 2100 0 4108 7254 1931 8063 7334 4257 910 6064 1847 5347 4327 6451 9171 2893 7598 8113 6034 6017 6206 6528 8991 9592 4587 3742 2690 2911 8391 3620 4130 7814 8908 1381 9969 6944 4795 5387 8848 4416 1110 848 8713 9684 6473 2632 6316 7983 1764 765 1646 4009 6828 9706 2488 5247 2239 6573 8739 8899 4227 3320 2535 2156 1022 6269 3430 1031 7505 5881 6288 7881 9468 4408 9702 5886 3711 6008 5486 5442 1925 9057 9130 404 4663 3962 1536 1041 6881 8325 267 9046 1080 3178 876 7816 1183 4197 6859 8413 7608 9836 2324 2000 714 9225 1424 4271 193 5561 9175 7762 1175 7987 2166 9480 2612 7723 9075 4644 6042 1336 7546 9908 9577 2554 1225 1035 6108 6899 6582 9946 2898 9820 2027 4477 8725 1136 3760 6834 1046 9151 6197 2315 1636 4648 3889 5063 2307 9829 5289 7397 4229 9797 6236 8840 1302 4198 7788 7691 2507 3600 8765 3533 3063 6470 7528 6000 3326 8719 6387 7797 5073 8018 7190 4986 9211 7775 5467 7508 1926 2297 8581 759 8718 6234 5476 7564 9898 2791 1835 3551 1894 8938 7864 6857 8116 8622 3112 7335 9038 4136 2944 6540 439 8600 2516 2921 4061 3690 6804 9979 6976 2784 72 5714 2160 4491 2898 6500
