100
0 4599 299 8840 9420 4328 116 2947 4236 2283 8558 5996 914 3227 5760 35 2206 6456 9219 6256 6472 4143 8190 6605 6036 31 8736 5671 3764 7584 3870 7899 1840 9770 9469 3482 1031 5126 5158 6544 3637 2312 1763 704 740 7596 8134 7156 8900 7070 8751 7537 1361 2846 1386 9956 8974 6921 5898 2665 2399 7892 2708 3759 2592 4517 5662 8503 523 7571 9652 7253 9137 5255 8234 2140 1439 8487 5731 6423 8831 6311 9916 2762 5494 9058 5997 7463 2174 7495 9575 9669 9005 5260 6399 7421 3725 8858 912 6528
4599 0 7734 2790 8584 6427 853 7326 2562 7232 4067 6500 7269 4173 3176 6234 8029 2527 6729 5002 8971 799 2918 3374 6820 7010 8554 2783 5673 9803 8867 6275 5307 6883 5814 4364 6354 1628 3568 843 5307 5040 829 7095 9459 3464 652 4919 2496 513 4589 1279 5238 2335 5219 1007 8177 2836 6618 6384 1328 4883 9748 7340 4017 2851 1464 3899 5850 4729 7209 4267 5481 3367 3142 9174 273 1843 724 7524 2577 4646 3929 9264 9934 1228 6063 980 4225 216 9011 8601 8281 604 5622 1178 3062 9980 7475 9770
299 7734 0 6227 7892 6569 6230 8596 5041 660 6408 8091 6944 3740 9275 2872 1630 5353 6937 9773 1796 9492 9596 3647 6149 1450 6657 1412 9949 6968 88 1043 4401 9509 6047 4211 8208 8734 1523 4702 2092 6835 4470 8010 8945 5696 6570 7745 9277 8918 2366 4437 4700 9555 1465 2854 9325 9588 2635 7206 7340 9893 9381 7224 1520 3449 6724 3158 1845 3959 7573 3867 9791 168 5639 2740 6115 393 2792 5786 6926 5428 7869 6985 388 7950 2608 3312 7063 3486 2008 4928 6013 8599 3798 6063 1113 5776 8463 4435
8840 2790 6227 0 2832 6952 6973 3078 4064 5268 7968 8253 9872 9344 321 5597 6524 9218 2417 8977 3091 2991 5199 3314 2832 7655 3348 576 323 7828 3922 2109 700 4726 4716 124 4892 1741 9902 681 409 5208 7048 7500 6590 1840 6939 6460 2652 1911 2183 9173 1311 666 4224 4032 260 6503 5425 1469 3172 2634 9626 9799 7176 9856 8442 8590 1188 6661 1455 9501 1526 616 5395 961 7055 3480 2244 6548 6095 7067 9134 5451 9171 5449 493 2411 6836 3776 4041 4254 93 1030 2571 8809 4773 7411 1952 6883
9420 8584 7892 2832 0 8608 3487 4990 6422 9628 2569 5960 6602 4717 2171 5814 6823 8941 7483 1138 7594 2703 6538 6909 7733 8586 8588 598 7813 3809 5242 9775 6034 8547 9190 8195 7736 9816 4097 418 4875 9585 361 9131 8765 3444 9159 1257 9568 1666 152 8280 1869 7638 5516 1849 1644 2935 72 7806 9869 5654 6800 5521 9671 3702 1946 6721 9870 8288 1467 4522 7718 681 878 3067 1700 4282 3132 3922 1020 334 5763 9527 6833 2976 9924 9360 3617 8907 7822 3661 8475 888 3593 2904 3293 5981 1931 7203
4328 6427 6569 6952 8608 0 5627 4110 2266 8194 9992 8537 5043 2655 6838 508 1730 831 2099 4270 2578 3484 6120 7218 822 6948 1871 5276 2510 6601 6432 2028 4853 346 8154 1869 1798 5815 8735 2144 1173 2832 8712 4442 3480 5458 8993 1839 386 7929 3814 8058 3967 7783 3818 996 7583 8541 9678 3865 9978 9502 2714 9717 742 4419 8403 544 6817 9793 7937 3841 6881 8847 6650 5642 6076 1578 2242 438 4627 948 6093 318 8134 9482 932 8979 8160 1123 1205 6522 890 4253 8907 6009 6246 2890 2858 4007
116 853 6230 6973 3487 5627 0 3667 9774 8938 1098 45 1880 1261 6496 1309 4152 2361 3101 4077 4397 785 7052 2316 90 6329 9104 6023 7745 9007 5989 993 8184 4969 9747 5829 5618 6165 5268 5149 2650 6258 3644 2795 5623 3762 2849 844 2689 7391 1615 6228 454 3305 2325 8667 467 6032 6682 3039 3768 749 3748 1335 657 7461 8522 1572 2960 92 9730 6218 8138 8153 9496 2196 2995 4409 8457 9002 9951 8895 561 5382 7449 6645 5166 1306 6022 8795 8071 51 6318 4160 6135 9651 6548 181 934 2665
2947 7326 8596 3078 4990 4110 3667 0 195 3247 9654 361 6816 8638 9915 1484 170 6823 3258 1561 1338 8574 3851 176 4304 2862 3953 1198 5490 8137 4831 1923 1652 4233 1234 7768 9777 415 1961 617 6955 3609 1326 2589 1790 7457 3063 2895 7414 3925 3516 4262 2352 3481 4487 2817 4419 6141 2182 2979 6666 5 6232 7628 2364 6194 9393 6868 4784 4140 772 1174 4857 89 7956 9239 3638 1625 1921 7819 6640 2499 6752 6924 7988 1818 8682 5316 4015 1139 7370 4403 927 3463 1487 2833 9943 2674 2639 1970
4236 2562 5041 4064 6422 2266 9774 195 0 5644 2559 4333 2974 4136 9984 2036 5898 1898 3612 9663 3892 1838 3696 6590 7826 1446 1306 1168 3684 6269 3594 4731 7034 275 6894 1763 7078 2867 4911 4337 2798 2785 1920 4602 8002 3204 8125 2990 2140 2479 3687 4007 1335 9500 8346 2320 7477 8620 8719 3841 1548 5159 8769 387 8927 3340 9808 8896 9019 2354 3467 1264 2444 9030 7748 679 2555 8606 1569 9970 2162 6034 2586 5970 3363 3083 8136 5708 5215 5251 8674 1896 4350 7082 1549 5328 1975 2482 9666 2925
2283 7232 660 5268 9628 8194 8938 3247 5644 0 4848 4641 123 7283 9864 3492 9014 7490 6205 6272 3295 5206 2051 5821 9904 5352 5964 8723 7329 4798 5511 5816 506 4347 2264 2373 4951 8062 7914 2819 1710 4911 7195 5969 3548 1551 4211 6809 5458 6173 4896 5670 5562 8429 8603 5142 3310 4442 5684 2214 2364 4298 6749 3177 8175 586 9511 8037 5922 6896 8997 7913 8382 9115 8176 2383 5781 384 6680 6916 6934 9414 6252 3360 8910 6440 8086 6880 2534 1206 2658 4026 708 1865 3331 7357 2222 9356 980 7408
8558 4067 6408 7968 2569 9992 1098 9654 2559 4848 0 1878 5603 8758 5318 6212 1224 8637 5507 7255 8386 9129 5846 2277 4513 6280 143 8760 2410 4658 8871 6663 9882 2075 6690 4660 3215 299 2792 2874 5097 2866 3587 2700 1257 6003 4922 1023 6358 5970 5065 5252 5090 127 6094 485 4487 8014 4260 9979 562 4615 3179 357 8878 5841 1957 7419 1034 1483 4068 7538 9470 2692 433 1806 6115 9973 5442 473 4765 1763 6613 935 2175 3034 1317 6202 8503 9647 8453 5452 6699 2352 5240 247 8225 4091 5029 6039
5996 6500 8091 8253 5960 8537 45 361 4333 4641 1878 0 8377 576 2982 4962 8682 2841 2278 3883 9663 5565 2417 937 4673 2927 6605 5635 6642 7080 5247 2595 871 1484 1188 2264 2394 5082 5679 2861 6185 9020 3703 6437 2375 9103 2323 8030 8146 2814 1739 566 9796 7776 4161 334 6299 3290 1055 2218 287 9688 2853 566 355 3680 1825 6428 1614 5909 544 201 3495 6444 1343 3933 4994 634 1979 3891 8664 3256 7313 112 5260 3780 3912 9226 8609 6404 4454 7240 7856 4185 4898 7934 7061 9977 5660 7093
914 7269 6944 9872 6602 5043 1880 6816 2974 123 5603 8377 0 4194 3073 3267 8814 8917 7058 5807 2391 1963 1489 2576 1586 5591 1150 5383 9444 6943 2144 6099 9092 4220 1945 4689 2789 5695 2025 9452 7501 8704 6842 8915 3520 5318 4472 3496 6979 9828 9101 3182 3552 1434 9453 1828 1443 4704 4886 7547 1699 4109 321 281 9679 4631 5694 2231 8496 6603 1273 6682 6399 8810 6669 4111 3498 1015 9066 8509 3273 9541 8747 9545 5014 1310 870 6458 3701 686 1587 5415 577 403 7976 6076 1045 8418 6664 3258
3227 4173 3740 9344 4717 2655 1261 8638 4136 7283 8758 576 4194 0 2917 1324 5560 1425 4405 3587 5447 978 7642 6404 6399 3200 3814 3525 5119 2242 8882 8059 6066 3286 6224 1831 6675 434 5206 7930 4707 6654 9754 7484 7261 6853 9590 3698 4059 94 4059 4665 2247 14 1206 8722 1098 1967 5468 2528 4340 3352 8013 3171 6352 7032 9752 4094 6495 4694 8532 9942 7648 4699 6600 9603 4363 4515 6441 7169 3815 1709 7491 4291 3028 7314 6217 1388 5957 5951 473 5068 1534 608 5359 7502 5600 7028 7730 9711
5760 3176 9275 321 2171 6838 6496 9915 9984 9864 5318 2982 3073 2917 0 1033 8968 8732 5400 7074 855 4086 3291 5510 3931 9798 2149 10 4914 831 3592 1922 4066 9651 8313 5624 5206 7476 1907 7931 1683 5544 7868 4741 7575 5195 3984 6117 3919 9227 2250 4615 1342 8794 1574 4831 1102 8299 1506 6776 3293 4668 7094 1143 8966 8057 896 7496 2028 6998 5267 2459 8056 6335 5129 1327 5935 5482 1268 6973 1887 5540 7030 6073 3398 3668 1120 5418 5602 2357 7997 1245 5641 8807 8303 8674 8292 2307 1949 5213
35 6234 2872 5597 5814 508 1309 1484 2036 3492 6212 4962 3267 1324 1033 0 1549 4459 7346 4420 6078 4779 8217 2246 1475 144 9471 6918 788 4976 9710 1521 5834 1683 4367 8941 8094 7420 2383 9060 8262 4819 4187 3038 367 7777 9362 1414 6192 3151 8885 7110 9587 8310 999 3107 4763 8263 9766 4210 79 7180 5676 8328 719 4990 7348 6669 2889 650 1369 4996 1930 9100 490 337 3975 5337 6585 315 5801 8603 7366 1156 2965 8134 5644 3928 3616 7057 8709 970 6419 2274 4006 421 9434 1291 9973 2355
2206 8029 1630 6524 6823 1730 4152 170 5898 9014 1224 8682 8814 5560 8968 1549 0 2150 9005 1735 8965 7466 303 1473 6188 7779 2035 5685 3351 2996 6593 6413 6007 3499 7836 282 5198 3213 3132 1227 341 3631 9687 5311 170 3266 8046 63 5178 2479 5023 9470 4555 5409 7486 8543 4085 1770 4797 558 5826 9229 4494 2031 9413 4714 919 5336 5964 6615 4422 1032 5023 821 7004 8816 9803 6524 7374 681 6697 2615 5927 7794 3668 3429 8599 945 1443 12 8412 3683 440 2160 6554 7297 1389 8435 9969 8108
6456 2527 5353 9218 8941 831 2361 6823 1898 7490 8637 2841 8917 1425 8732 4459 2150 0 1799 2963 8570 6103 4148 5651 4195 7801 1497 5618 2893 1070 5963 5240 979 4220 1821 562 4776 1584 9031 3334 9064 8670 4666 2288 5949 123 6864 3744 6629 5596 1020 7613 9435 9847 5779 3347 2960 8670 3143 3013 2204 6759 5938 5527 1351 180 184 911 5844 5463 5429 8443 9348 183 1773 5583 1535 5678 3054 2361 2892 8751 6211 8246 8510 6882 7949 1875 6991 9334 2248 4366 3470 7186 9671 5155 1370 9168 9341 455
9219 6729 6937 2417 7483 2099 3101 3258 3612 6205 5507 2278 7058 4405 5400 7346 9005 1799 0 3776 7351 9559 5646 5928 926 1103 2354 4898 4703 1347 532 2025 5202 3420 6441 8764 8342 156 1760 4474 6558 6371 7307 4783 1387 8227 5787 3067 478 1117 5475 9433 4636 9842 7551 5397 8674 6328 1376 3146 8564 3144 7187 3445 9866 99 7096 7789 9974 4543 7693 149 9518 7570 7661 3949 2734 1205 5126 6010 7123 2724 3444 7808 6005 3422 8742 5681 7349 5459 8179 8647 307 2434 5205 6973 5563 8710 1585 4686
6256 5002 9773 8977 1138 4270 4077 1561 9663 6272 7255 3883 5807 3587 7074 4420 1735 2963 3776 0 5020 4991 1666 5992 500 3829 2611 3820 7177 5824 1646 2430 4798 3441 5282 5662 5955 3824 8255 4564 3823 737 4967 1886 9293 1676 3589 4796 6245 3772 308 3147 368 8946 3475 7984 6754 9142 5162 4919 1972 7212 9049 5322 778 2271 9410 8803 4707 8205 1379 3461 1564 2157 2575 7127 4140 4783 1990 7283 9549 1580 2456 5377 5381 311 520 420 5292 7621 9343 1938 9978 3658 5514 856 1948 555 7687 9742
6472 8971 1796 3091 7594 2578 4397 1338 3892 3295 8386 9663 2391 5447 855 6078 8965 8570 7351 5020 0 1047 2287 6195 3545 4239 1506 978 120 7634 9898 5348 5713 6052 5311 6658 7477 6794 1036 647 7482 2168 9501 8750 3475 6263 7602 2719 470 6538 308 9918 3704 1480 3141 8512 9553 3111 2365 3074 1020 4019 9202 8048 3163 9305 8590 2543 9219 4076 7104 581 7896 4559 6806 7785 3712 3390 7080 8648 3021 1493 9677 6733 6877 7397 1000 8395 9983 3084 3236 4481 5053 7212 3088 6297 8999 2576 4073 3292
4143 799 9492 2991 2703 3484 785 8574 1838 5206 9129 5565 1963 978 4086 4779 7466 6103 9559 4991 1047 0 9436 5200 8997 477 7395 1481 1747 7044 7111 745 8250 6425 8862 1168 2737 4717 3330 7476 7302 2550 1948 2287 7114 6851 5726 8889 3980 784 1920 7684 2373 8544 582 2543 4 6394 5460 1017 9332 8426 9877 4667 1856 1910 8009 4654 5240 5136 6618 6588 4931 5445 1837 1569 3696 7261 1862 2660 9678 5044 1382 7739 3098 9879 2758 3370 7926 8321 7748 7282 3445 6332 7989 4723 662 1170 9601 3484
8190 2918 9596 5199 6538 6120 7052 3851 3696 2051 5846 2417 1489 7642 3291 8217 303 4148 5646 1666 2287 9436 0 7040 7448 4398 9532 4438 3496 5308 4434 4431 1340 9472 338 4628 5481 5845 7907 5842 5049 9513 2958 1378 8292 5880 3106 9374 7287 6070 9582 7758 4431 5275 635 5910 5544 6488 4819 9210 2391 2134 1222 8379 411 1712 8806 1395 3716 5125 3757 3974 9658 208 1381 8015 9637 9854 9885 4965 4977 1231 517 3854 4436 3200 242 3364 1400 5519 4015 526 6911 4208 9147 581 5178 2187 8404 2642
6605 3374 3647 3314 6909 7218 2316 176 6590 5821 2277 937 2576 6404 5510 2246 1473 5651 5928 5992 6195 5200 7040 0 2901 7375 2930 5593 5638 8487 6843 1744 7143 9814 3490 8616 6587 674 1752 9881 5235 5851 2747 6806 4848 5449 6116 7421 3787 5787 8255 4516 9801 3579 2768 6907 4017 7964 8484 9444 4092 4255 3441 124 4904 8090 5494 6875 4804 2860 7367 7773 6847 3506 5896 5742 7411 9112 6855 518 2720 1538 4555 9648 9308 4161 3353 7962 4200 5598 1709 8806 4660 6213 1133 4571 8766 3416 347 7717
6036 6820 6149 2832 7733 822 90 4304 7826 9904 4513 4673 1586 6399 3931 1475 6188 4195 926 500 3545 8997 7448 2901 0 7401 5108 6834 9717 7361 4937 815 9507 6776 1936 7032 3504 6197 7717 9303 1171 1612 7650 4548 1409 9492 5024 9913 5655 7693 1919 6436 964 3719 7566 4743 654 9815 6754 4310 2161 5409 5207 6291 9820 4336 2056 2741 9413 4408 7659 6137 1681 5650 7837 1535 9732 4048 3207 2805 1758 408 9629 4110 9023 7343 5725 4604 3963 2035 3251 3728 8457 2570 7493 7521 4866 4109 5892 3587
31 7010 1450 7655 8586 6948 6329 2862 1446 5352 6280 2927 5591 3200 9798 144 7779 7801 1103 3829 4239 477 4398 7375 7401 0 7008 8338 3609 8241 2823 78 7892 6017 4440 9466 7468 9646 4945 2504 1842 2752 704 9590 4575 671 4998 3118 3504 7622 2907 3744 781 1291 723 1637 2358 8800 9050 6638 5347 1534 3207 4711 7666 4486 3768 7868 3087 4429 1003 3195 1785 4482 6914 19 2539 6167 1638 9535 9861 3980 3801 7526 9410 3053 1040 8876 3260 285 1127 9123 2504 8877 8640 7459 7518 6674 3679 9379
8736 8554 6657 3348 8588 1871 9104 3953 1306 5964 143 6605 1150 3814 2149 9471 2035 1497 2354 2611 1506 7395 9532 2930 5108 7008 0 7797 7465 971 8301 1699 1839 2864 3100 3785 9754 7243 5380 6141 2833 6834 4039 6901 3607 1371 5773 8006 1970 4184 4249 260 6270 4790 323 2492 5717 9889 3109 482 9989 5859 3236 3054 1814 963 8421 2701 7649 1872 6983 6238 2512 7922 6088 5244 9964 8067 7656 849 1903 281 5839 9256 5953 1208 3911 8399 6697 6478 1724 7207 4484 6343 1477 9220 3515 5765 5753 6167
5671 2783 1412 576 598 5276 6023 1198 1168 8723 8760 5635 5383 3525 10 6918 5685 5618 4898 3820 978 1481 4438 5593 6834 8338 7797 0 3499 4681 3827 1985 2353 6929 4585 1887 3219 8604 580 8940 3649 8273 2808 6490 4824 2029 9131 8536 992 7349 4844 5813 9882 3744 3105 6819 798 7316 8230 511 494 1645 4273 4865 1324 8407 4685 8193 753 2617 5507 1146 4034 5369 7730 2124 4895 1526 346 4004 5417 7146 9101 5663 4640 1349 1485 5935 3474 6690 8038 4713 5191 7236 3592 5324 8273 4732 6186 1954
3764 5673 9949 323 7813 2510 7745 5490 3684 7329 2410 6642 9444 5119 4914 788 3351 2893 4703 7177 120 1747 3496 5638 9717 3609 7465 3499 0 2253 2256 9312 7331 9189 1859 323 4708 660 6398 3365 2135 2758 7243 4461 9302 9673 2725 2004 6250 8985 4853 924 2826 8102 4366 1150 1679 8863 3300 1990 4776 8480 2738 6707 5966 5220 7330 7216 1275 2127 3082 4328 5613 1950 6364 9571 8172 8059 1090 2316 5387 3441 1490 7105 5330 2387 4493 1892 8513 8561 7487 2669 2598 1613 3213 4334 7236 77 1193 7545
7584 9803 6968 7828 3809 6601 9007 8137 6269 4798 4658 7080 6943 2242 831 4976 2996 1070 1347 5824 7634 7044 5308 8487 7361 8241 971 4681 2253 0 2587 5789 8129 7868 7481 8965 9279 9849 3945 4996 9712 8287 6177 4838 866 1913 1243 6852 5180 6497 2463 2227 1792 973 9497 2168 8536 2055 413 4474 3536 6509 8859 9871 8627 3440 837 9121 1354 544 2518 8231 4215 1093 6780 644 8456 7813 4783 3487 3375 6839 6024 9130 1971 3561 2524 2979 3565 280 6331 2724 8388 1065 6970 2932 4676 8123 2580 5715
3870 8867 88 3922 5242 6432 5989 4831 3594 5511 8871 5247 2144 8882 3592 9710 6593 5963 532 1646 9898 7111 4434 6843 4937 2823 8301 3827 2256 2587 0 9044 1324 2015 7385 4015 8945 9318 5801 651 7141 6939 9754 6716 3480 7790 4752 4825 8859 3301 688 9457 9663 9360 9713 7072 2397 4038 7778 5993 8992 8567 227 5346 294 6591 912 6528 5112 3234 6524 3710 7933 1323 1494 6590 434 6304 8377 2869 7973 6168 3294 4007 1202 6425 1593 575 6291 5831 6494 4454 3142 1273 3967 4362 5559 6289 2427 5898
7899 6275 1043 2109 9775 2028 993 1923 4731 5816 6663 2595 6099 8059 1922 1521 6413 5240 2025 2430 5348 745 4431 1744 815 78 1699 1985 9312 5789 9044 0 6777 714 7153 7131 587 4262 4103 1156 6566 4101 3215 7221 9990 8113 5179 5696 4930 8182 9224 9568 3037 7227 2347 9682 6688 5230 6770 4100 1598 1785 9658 4150 6852 8265 799 7660 2542 9154 657 6331 6439 5429 2000 8523 2479 2767 7760 7157 8388 3454 227 6248 4458 8184 8042 5102 9366 8054 862 3109 3468 5179 3037 3843 3076 150 8615 4797
1840 5307 4401 700 6034 4853 8184 1652 7034 506 9882 871 9092 6066 4066 5834 6007 979 5202 4798 5713 8250 1340 7143 9507 7892 1839 2353 7331 8129 1324 6777 0 7732 9391 3654 8778 8792 5354 9876 464 4826 6149 4531 2704 9578 5327 5868 5219 8461 228 4828 2179 9511 9117 4421 4273 992 3883 9747 6182 1680 8879 1779 8481 8742 1383 6458 7840 6860 4047 6662 2537 22 7482 438 4043 7665 7335 9179 5512 1593 8574 6711 392 8517 8757 3397 4291 953 5753 2924 5418 2759 5853 3567 6539 1185 7265 7195
9770 6883 9509 4726 8547 346 4969 4233 275 4347 2075 1484 4220 3286 9651 1683 3499 4220 3420 3441 6052 6425 9472 9814 6776 6017 2864 6929 9189 7868 2015 714 7732 0 8948 1155 4100 4638 5637 1818 7448 3882 1979 5889 3400 2313 9821 9238 7891 8882 7664 4633 5912 5029 9636 9737 8898 8018 396 6711 9109 1985 5046 704 3102 9569 4081 7320 2863 1953 1459 1078 1432 1030 4744 8031 917 9591 2769 5945 9454 9733 9961 7006 1238 3864 6923 1223 9642 4495 3147 1926 5039 2499 6747 7426 9179 8852 5546 607
9469 5814 6047 4716 9190 8154 9747 1234 6894 2264 6690 1188 1945 6224 8313 4367 7836 1821 6441 5282 5311 8862 338 3490 1936 4440 3100 4585 1859 7481 7385 7153 9391 8948 0 4072 6855 4371 3316 6439 2615 5999 9945 3088 4822 8497 6766 6260 8022 6501 387 9779 8984 3058 6835 79 4053 4831 4745 9475 4974 3729 6267 4266 1456 7026 4194 3897 6157 174 7926 9373 9605 9372 8014 7214 4254 8485 7535 1734 8894 6294 8838 2986 7580 5110 4380 6285 940 9949 6718 6206 4047 1985 7745 3367 9794 8652 4983 2634
3482 4364 4211 124 8195 1869 5829 7768 1763 2373 4660 2264 4689 1831 5624 8941 282 562 8764 5662 6658 1168 4628 8616 7032 9466 3785 1887 323 8965 4015 7131 3654 1155 4072 0 7788 7828 4549 7700 6469 5889 179 5865 9418 46 6982 7432 3330 3879 5287 4265 1582 3382 4147 1149 4223 6130 6704 1260 6090 2223 5949 5417 9502 8899 4197 7146 171 3974 1948 5165 3645 1492 3895 5613 6911 8480 4362 8063 1311 5974 3737 4591 8082 1680 2441 3977 5276 9307 5767 3169 5331 1564 5772 4440 626 1685 4031 9328
1031 6354 8208 4892 7736 1798 5618 9777 7078 4951 3215 2394 2789 6675 5206 8094 5198 4776 8342 5955 7477 2737 5481 6587 3504 7468 9754 3219 4708 9279 8945 587 8778 4100 6855 7788 0 8437 8530 9638 4971 7542 5756 4023 5653 258 1002 6967 114 8580 7896 2963 2532 9397 6596 3107 5883 7995 3744 7243 572 57 2062 2271 2969 8589 1821 8997 5587 9992 7808 5349 1370 4362 778 137 5758 8393 6795 7439 8968 6827 7503 6777 9121 1712 6825 2680 9985 2728 7384 2202 5655 7928 3454 9084 1231 7590 1372 3513
5126 1628 8734 1741 9816 5815 6165 415 2867 8062 299 5082 5695 434 7476 7420 3213 1584 156 3824 6794 4717 5845 674 6197 9646 7243 8604 660 9849 9318 4262 8792 4638 4371 7828 8437 0 1554 2913 6345 1377 8249 931 3022 2879 5587 5299 2941 7765 2526 1704 7465 1461 9354 2796 1150 4044 5763 5527 683 9647 7652 6844 4032 5860 7415 7653 9997 4208 1391 3556 9297 3696 5044 5670 2844 5052 1270 8545 6417 9004 8319 4468 4475 8943 8229 9715 6538 1055 9329 9043 2228 9889 8467 5717 6848 4671 8616 7203
5158 3568 1523 9902 4097 8735 5268 1961 4911 7914 2792 5679 2025 5206 1907 2383 3132 9031 1760 8255 1036 3330 7907 1752 7717 4945 5380 580 6398 3945 5801 4103 5354 5637 3316 4549 8530 1554 0 7383 5137 7991 8089 4317 8704 8720 7055 8433 4613 6094 5965 8426 1932 2637 5424 1298 2707 2943 3685 4091 7847 7083 6079 5284 7443 8241 7327 9656 5114 6282 4280 3991 4713 4937 1144 2418 5573 8051 3919 5667 4474 5279 2679 948 3387 8890 6726 5220 3506 7650 9109 7580 7308 354 648 5292 4303 6972 959 4632
6544 843 4702 681 418 2144 5149 617 4337 2819 2874 2861 9452 7930 7931 9060 1227 3334 4474 4564 647 7476 5842 9881 9303 2504 6141 8940 3365 4996 651 1156 9876 1818 6439 7700 9638 2913 7383 0 6127 6602 7445 422 1786 1893 1475 4677 9842 5479 9356 470 299 2224 403 5429 9580 4815 7623 9511 5802 9699 6193 728 3811 2372 3171 166 3524 7162 3727 2016 904 6796 3352 9558 7657 6376 6049 9335 7678 1013 7160 5615 7029 203 16 9787 7097 4922 1602 7439 4112 5139 7021 3246 1923 4564 9682 5169
3637 5307 2092 409 4875 1173 2650 6955 2798 1710 5097 6185 7501 4707 1683 8262 341 9064 6558 3823 7482 7302 5049 5235 1171 1842 2833 3649 2135 9712 7141 6566 464 7448 2615 6469 4971 6345 5137 6127 0 2315 1514 3620 4147 711 508 2900 3848 5005 9549 3435 6446 1629 6808 557 3055 2106 6573 4362 6568 1728 4631 8482 1645 7199 9102 2717 1610 8744 7596 1545 3669 5221 6567 149 2306 8838 7196 2141 6877 4799 2942 3578 18 6902 8026 5957 6904 5476 3289 4376 477 8688 9149 9151 7986 4503 8405 4193
2312 5040 6835 5208 9585 2832 6258 3609 2785 4911 2866 9020 8704 6654 5544 4819 3631 8670 6371 737 2168 2550 9513 5851 1612 2752 6834 8273 2758 8287 6939 4101 4826 3882 5999 5889 7542 1377 7991 6602 2315 0 4941 2813 9453 5477 532 6858 5814 242 8463 6389 5261 305 5538 6252 7904 5062 6870 3724 3107 4987 8712 1818 8544 2320 4931 7030 7083 2573 4405 4604 3987 5127 4588 4666 260 7779 4742 357 3251 7736 5394 2120 9403 2473 2292 6887 6277 3626 4490 9197 6408 4229 5566 5322 3541 5779 5881 1150
1763 829 4470 7048 361 8712 3644 1326 1920 7195 3587 3703 6842 9754 7868 4187 9687 4666 7307 4967 9501 1948 2958 2747 7650 704 4039 2808 7243 6177 9754 3215 6149 1979 9945 179 5756 8249 8089 7445 1514 4941 0 6284 9665 3668 3818 9008 9388 828 4516 560 4765 9395 7494 3816 6707 6185 7339 2112 8832 8987 320 351 6957 7400 317 5197 7662 1753 7279 3646 121 272 1061 2740 3911 4853 9088 3841 7279 6843 2988 5623 6890 7045 7637 8454 7808 6893 8343 5150 5236 4671 3291 5155 1467 4679 4325 4270
704 7095 8010 7500 9131 4442 2795 2589 4602 5969 2700 6437 8915 7484 4741 3038 5311 2288 4783 1886 8750 2287 1378 6806 4548 9590 6901 6490 4461 4838 6716 7221 4531 5889 3088 5865 4023 931 4317 422 3620 2813 6284 0 6532 6509 2852 9399 4998 9711 7564 5838 4669 5406 4100 9898 6248 9906 1403 5341 5122 8351 163 7653 8625 2455 3791 3482 8670 6695 2602 1431 8153 6460 3787 6835 2929 2240 5343 8725 2600 4668 216 2344 430 449 2189 8319 4245 4049 1832 6321 3717 7111 4764 4739 945 4744 7756 8623
740 9459 8945 6590 8765 3480 5623 1790 8002 3548 1257 2375 3520 7261 7575 367 170 5949 1387 9293 3475 7114 8292 4848 1409 4575 3607 4824 9302 866 3480 9990 2704 3400 4822 9418 5653 3022 8704 1786 4147 9453 9665 6532 0 5682 540 6930 9477 2949 5290 4220 9715 9836 4428 4544 5817 7449 6645 1734 9726 6243 2808 7094 3374 6867 2794 2301 4877 8652 6015 8534 7812 5225 2437 8987 9372 1881 231 4357 5455 7001 3923 6845 4653 6761 8945 7079 9735 5660 8311 2637 1569 2289 2371 4128 3577 4764 6545 556
7596 3464 5696 1840 3444 5458 3762 7457 3204 1551 6003 9103 5318 6853 5195 7777 3266 123 8227 1676 6263 6851 5880 5449 9492 671 1371 2029 9673 1913 7790 8113 9578 2313 8497 46 258 2879 8720 1893 711 5477 3668 6509 5682 0 4970 3415 8816 4938 5606 9074 1228 4687 9356 2364 1635 539 2233 7802 4484 7295 6672 3806 4976 6935 8901 6766 4343 8263 9430 5332 221 2753 3022 4476 6442 422 4892 2885 6858 3616 7953 8278 9707 1684 2553 9298 4385 8190 4333 739 6087 8992 4603 7893 9588 7641 5946 7364
8134 652 6570 6939 9159 8993 2849 3063 8125 4211 4922 2323 4472 9590 3984 9362 8046 6864 5787 3589 7602 5726 3106 6116 5024 4998 5773 9131 2725 1243 4752 5179 5327 9821 6766 6982 1002 5587 7055 1475 508 532 3818 2852 540 4970 0 7478 461 7913 3148 1270 3744 2076 1626 6191 9856 381 2273 1438 2250 4010 6096 1666 2388 4540 7118 8246 1339 7916 9428 5927 1573 6822 7258 6608 5545 4216 7961 4306 8315 6825 6805 3406 9719 4603 9070 7489 7728 5396 1122 6811 2657 6609 6954 408 6545 6599 3405 7364
7156 4919 7745 6460 1257 1839 844 2895 2990 6809 1023 8030 3496 3698 6117 1414 63 3744 3067 4796 2719 8889 9374 7421 9913 3118 8006 8536 2004 6852 4825 5696 5868 9238 6260 7432 6967 5299 8433 4677 2900 6858 9008 9399 6930 3415 7478 0 7477 4860 3748 5934 7707 2787 3866 9145 8951 1805 6418 4334 1223 5257 9832 4785 1174 8671 2197 4979 8698 9498 9182 354 191 7237 8033 8807 9204 7781 8737 3978 4284 715 7071 745 6382 2814 3337 2858 9355 7611 8964 6394 5338 8207 7794 5750 5611 1014 6617 1939
8900 2496 9277 2652 9568 386 2689 7414 2140 5458 6358 8146 6979 4059 3919 6192 5178 6629 478 6245 470 3980 7287 3787 5655 3504 1970 992 6250 5180 8859 4930 5219 7891 8022 3330 114 2941 4613 9842 3848 5814 9388 4998 9477 8816 461 7477 0 3598 9271 4610 5197 636 1723 3783 3727 9604 1700 2719 8133 1527 4014 2026 8902 1998 5069 4740 4699 2471 8177 2493 4150 4624 1232 2221 1044 9766 8320 9271 2321 8567 6655 7615 8082 957 4115 6818 254 6015 9181 4281 1585 3979 7196 3991 4233 4577 9971 4443
7070 513 8918 1911 1666 7929 7391 3925 2479 6173 5970 2814 9828 94 9227 3151 2479 5596 1117 3772 6538 784 6070 5787 7693 7622 4184 7349 8985 6497 3301 8182 8461 8882 6501 3879 8580 7765 6094 5479 5005 242 828 9711 2949 4938 7913 4860 3598 0 1289 3644 6120 5238 4741 845 587 7954 2080 433 5087 4550 2090 5987 8287 2612 4897 8994 7940 5849 3398 8669 8910 4257 2033 3167 4280 9411 6992 9879 9648 3228 9739 8173 4545 3123 8341 1367 587 8003 864 514 1828 7486 6255 5205 6794 2856 3074 972
8751 4589 2366 2183 152 3814 1615 3516 3687 4896 5065 1739 9101 4059 2250 8885 5023 1020 5475 308 308 1920 9582 8255 1919 2907 4249 4844 4853 2463 688 9224 228 7664 387 5287 7896 2526 5965 9356 9549 8463 4516 7564 5290 5606 3148 3748 9271 1289 0 9189 8990 2663 4320 1175 6556 7382 2219 7574 8709 8892 6604 6412 5395 4073 9025 7738 2102 8651 1377 7189 5693 6255 1423 4960 3093 8874 639 7111 3392 5893 5565 7872 4106 4598 4945 4350 3936 1969 7553 6503 4843 748 3014 4279 9735 8321 183 4950
7537 1279 4437 9173 8280 8058 6228 4262 4007 5670 5252 566 3182 4665 4615 7110 9470 7613 9433 3147 9918 7684 7758 4516 6436 3744 260 5813 924 2227 9457 9568 4828 4633 9779 4265 2963 1704 8426 470 3435 6389 560 5838 4220 9074 1270 5934 4610 3644 9189 0 298 4845 9926 4200 778 627 3118 8676 7679 3774 8928 847 264 7050 1638 6361 8778 1413 5035 1585 3926 3272 5308 8294 8903 7972 3497 8271 2877 1196 8659 9603 7017 5141 3369 3381 6105 1950 8151 7543 9073 3248 1349 9743 5077 7214 7968 6349
1361 5238 4700 1311 1869 3967 454 2352 1335 5562 5090 9796 3552 2247 1342 9587 4555 9435 4636 368 3704 2373 4431 9801 964 781 6270 9882 2826 1792 9663 3037 2179 5912 8984 1582 2532 7465 1932 299 6446 5261 4765 4669 9715 1228 3744 7707 5197 6120 8990 298 0 2754 8381 7779 4199 251 2385 1223 6841 9196 3518 4176 7886 9196 5639 3315 1448 5122 7241 5537 7566 9879 2809 9549 5487 8608 3820 4936 7986 962 3381 7155 4756 2798 9702 3056 8465 4321 4675 9355 7878 3095 9064 6903 9788 1964 7589 4302
2846 2335 9555 666 7638 7783 3305 3481 9500 8429 127 7776 1434 14 8794 8310 5409 9847 9842 8946 1480 8544 5275 3579 3719 1291 4790 3744 8102 973 9360 7227 9511 5029 3058 3382 9397 1461 2637 2224 1629 305 9395 5406 9836 4687 2076 2787 636 5238 2663 4845 2754 0 1343 5601 3576 8328 6141 6511 8227 7979 9392 6992 5051 2047 1480 1315 6048 957 241 5625 8811 8283 6782 3815 2829 7593 1941 6509 8150 388 4654 8354 6876 5655 5485 9667 2402 6976 5999 8384 1142 6102 7588 7862 5445 9944 2011 3438
1386 5219 1465 4224 5516 3818 2325 4487 8346 8603 6094 4161 9453 1206 1574 999 7486 5779 7551 3475 3141 582 635 2768 7566 723 323 3105 4366 9497 9713 2347 9117 9636 6835 4147 6596 9354 5424 403 6808 5538 7494 4100 4428 9356 1626 3866 1723 4741 4320 9926 8381 1343 0 2309 9618 6686 3008 4359 655 972 8939 5676 3691 3879 7175 2334 7275 8872 5048 4650 1222 6725 1239 8238 8752 6490 4607 3504 216 1569 9284 3370 7941 2575 2792 6793 5482 983 2594 4539 8938 9634 5892 3372 6179 6791 1685 5711
9956 1007 2854 4032 1849 996 8667 2817 2320 5142 485 334 1828 8722 4831 3107 8543 3347 5397 7984 8512 2543 5910 6907 4743 1637 2492 6819 1150 2168 7072 9682 4421 9737 79 1149 3107 2796 1298 5429 557 6252 3816 9898 4544 2364 6191 9145 3783 845 1175 4200 7779 5601 2309 0 9447 6146 6267 383 1815 9627 8145 727 3105 9610 9993 2492 3993 3596 1191 2838 640 9538 6999 9546 3236 9668 7111 5556 3922 7241 8462 2489 1092 3673 3611 9420 6222 3163 1190 377 6001 8501 9744 127 5523 4728 14 5525
8974 8177 9325 260 1644 7583 467 4419 7477 3310 4487 6299 1443 1098 1102 4763 4085 2960 8674 6754 9553 4 5544 4017 654 2358 5717 798 1679 8536 2397 6688 4273 8898 4053 4223 5883 1150 2707 9580 3055 7904 6707 6248 5817 1635 9856 8951 3727 587 6556 778 4199 3576 9618 9447 0 2883 5799 960 9272 9332 4013 4051 4031 2106 9529 929 172 8859 6742 4570 607 5877 8968 7979 2342 6632 9837 3721 4808 2085 6650 3394 1098 9279 9108 9525 4757 2043 4577 5568 5636 6591 8520 765 4534 9754 1928 7518
6921 2836 9588 6503 2935 8541 6032 6141 8620 4442 8014 3290 4704 1967 8299 8263 1770 8670 6328 9142 3111 6394 6488 7964 9815 8800 9889 7316 8863 2055 4038 5230 992 8018 4831 6130 7995 4044 2943 4815 2106 5062 6185 9906 7449 539 381 1805 9604 7954 7382 627 251 8328 6686 6146 2883 0 4362 6048 7014 2616 1344 6413 2740 851 7718 6056 8298 5932 1576 2852 4441 8130 5632 884 8038 4618 4170 2935 9751 9941 4217 5968 494 5007 2991 3114 7974 2903 8311 5955 4737 7543 3151 550 274 2152 8718 6785
5898 6618 2635 5425 72 9678 6682 2182 8719 5684 4260 1055 4886 5468 1506 9766 4797 3143 1376 5162 2365 5460 4819 8484 6754 9050 3109 8230 3300 413 7778 6770 3883 396 4745 6704 3744 5763 3685 7623 6573 6870 7339 1403 6645 2233 2273 6418 1700 2080 2219 3118 2385 6141 3008 6267 5799 4362 0 4133 8003 3392 4437 598 3933 5353 9271 4138 4122 7354 1968 8248 5492 8746 1924 6359 9042 5555 5480 8218 96 1125 6234 713 520 9654 3594 6012 5971 7348 2681 8356 108 7329 7382 2344 3916 9942 9193 1790
2665 6384 7206 1469 7806 3865 3039 2979 3841 2214 9979 2218 7547 2528 6776 4210 558 3013 3146 4919 3074 1017 9210 9444 4310 6638 482 511 1990 4474 5993 4100 9747 6711 9475 1260 7243 5527 4091 9511 4362 3724 2112 5341 1734 7802 1438 4334 2719 433 7574 8676 1223 6511 4359 383 960 6048 4133 0 8169 9430 8164 1786 3704 1064 3628 1569 4811 794 2173 9785 1298 5610 5209 470 2546 2915 2097 7981 8265 6519 1192 81 6600 9509 2418 9850 2315 1545 2887 4504 2787 2485 9604 5550 8065 439 2735 1947
2399 1328 7340 3172 9869 9978 3768 6666 1548 2364 562 287 1699 4340 3293 79 5826 2204 8564 1972 1020 9332 2391 4092 2161 5347 9989 494 4776 3536 8992 1598 6182 9109 4974 6090 572 683 7847 5802 6568 3107 8832 5122 9726 4484 2250 1223 8133 5087 8709 7679 6841 8227 655 1815 9272 7014 8003 8169 0 1120 738 9448 1440 7195 8309 1503 2109 4585 8259 3117 4084 8426 9817 2539 689 1586 3563 8680 1480 5073 9978 6064 3679 7691 2864 5319 1109 5609 9747 9877 9499 3237 7605 7510 4453 2125 4464 9665
7892 4883 9893 2634 5654 9502 749 5 5159 4298 4615 9688 4109 3352 4668 7180 9229 6759 3144 7212 4019 8426 2134 4255 5409 1534 5859 1645 8480 6509 8567 1785 1680 1985 3729 2223 57 9647 7083 9699 1728 4987 8987 8351 6243 7295 4010 5257 1527 4550 8892 3774 9196 7979 972 9627 9332 2616 3392 9430 1120 0 6386 4912 5778 870 6730 9401 4239 6844 6279 4268 5828 5526 5256 8 3402 3400 1866 2281 7166 2784 9225 1619 2244 1080 1552 1674 8255 343 933 2179 2102 6895 2615 9275 4649 953 5632 5284
2708 9748 9381 9626 6800 2714 3748 6232 8769 6749 3179 2853 321 8013 7094 5676 4494 5938 7187 9049 9202 9877 1222 3441 5207 3207 3236 4273 2738 8859 227 9658 8879 5046 6267 5949 2062 7652 6079 6193 4631 8712 320 163 2808 6672 6096 9832 4014 2090 6604 8928 3518 9392 8939 8145 4013 1344 4437 8164 738 6386 0 8079 352 8488 1180 9021 1610 944 1009 4180 8585 4962 8077 776 1241 5658 2680 8159 3659 1591 5902 9470 1277 2579 7982 5049 5472 3846 6518 2751 1002 3612 6258 5898 6734 6724 122 8683
3759 7340 7224 9799 5521 9717 1335 7628 387 3177 357 566 281 3171 1143 8328 2031 5527 3445 5322 8048 4667 8379 124 6291 4711 3054 4865 6707 9871 5346 4150 1779 704 4266 5417 2271 6844 5284 728 8482 1818 351 7653 7094 3806 1666 4785 2026 5987 6412 847 4176 6992 5676 727 4051 6413 598 1786 9448 4912 8079 0 4648 3175 3420 4227 2428 9745 5457 1484 4846 6208 3854 1965 6461 6117 4776 2876 4401 6051 3500 8880 6236 8133 5616 8240 5174 7152 110 783 2121 8360 1937 5249 3605 4965 2027 9910
2592 4017 1520 7176 9671 742 657 2364 8927 8175 8878 355 9679 6352 8966 719 9413 1351 9866 778 3163 1856 411 4904 9820 7666 1814 1324 5966 8627 294 6852 8481 3102 1456 9502 2969 4032 7443 3811 1645 8544 6957 8625 3374 4976 2388 1174 8902 8287 5395 264 7886 5051 3691 3105 4031 2740 3933 3704 1440 5778 352 4648 0 8282 8178 8984 671 9470 8756 1124 1168 3171 9541 7395 8198 9443 2126 5556 972 8976 7424 4281 355 6930 6667 4169 8974 3833 1582 2762 3902 8794 3040 1986 1595 4 8940 3111
4517 2851 3449 9856 3702 4419 7461 6194 3340 586 5841 3680 4631 7032 8057 4990 4714 180 99 2271 9305 1910 1712 8090 4336 4486 963 8407 5220 3440 6591 8265 8742 9569 7026 8899 8589 5860 8241 2372 7199 2320 7400 2455 6867 6935 4540 8671 1998 2612 4073 7050 9196 2047 3879 9610 2106 851 5353 1064 7195 870 8488 3175 8282 0 9916 7969 5563 8839 4844 7439 8577 8545 7046 4626 3444 6800 8221 3218 3532 3288 2951 3673 8916 1843 6787 6658 7531 725 1205 4893 1964 7553 6172 5190 2028 7744 1082 1452
5662 1464 6724 8442 1946 8403 8522 9393 9808 9511 1957 1825 5694 9752 896 7348 919 184 7096 9410 8590 8009 8806 5494 2056 3768 8421 4685 7330 837 912 799 1383 4081 4194 4197 1821 7415 7327 3171 9102 4931 317 3791 2794 8901 7118 2197 5069 4897 9025 1638 5639 1480 7175 9993 9529 7718 9271 3628 8309 6730 1180 3420 8178 9916 0 335 1008 9827 7345 7080 3302 2695 1579 504 6368 5408 5024 8659 9335 3216 1018 4813 1593 7010 7062 7601 812 4839 543 6668 9935 3340 2368 7885 1660 8760 9733 8717
8503 3899 3158 8590 6721 544 1572 6868 8896 8037 7419 6428 2231 4094 7496 6669 5336 911 7789 8803 2543 4654 1395 6875 2741 7868 2701 8193 7216 9121 6528 7660 6458 7320 3897 7146 8997 7653 9656 166 2717 7030 5197 3482 2301 6766 8246 4979 4740 8994 7738 6361 3315 1315 2334 2492 929 6056 4138 1569 1503 9401 9021 4227 8984 7969 335 0 525 7544 6625 5519 5872 7883 8113 6312 9853 1426 442 9926 9158 2252 7882 3150 6993 4349 1649 811 5270 1122 1583 3267 3542 8199 8440 8221 2946 8092 7209 6052
523 5850 1845 1188 9870 6817 2960 4784 9019 5922 1034 1614 8496 6495 2028 2889 5964 5844 9974 4707 9219 5240 3716 4804 9413 3087 7649 753 1275 1354 5112 2542 7840 2863 6157 171 5587 9997 5114 3524 1610 7083 7662 8670 4877 4343 1339 8698 4699 7940 2102 8778 1448 6048 7275 3993 172 8298 4122 4811 2109 4239 1610 2428 671 5563 1008 525 0 3207 2445 8971 4604 7735 5387 2428 1309 1284 948 3161 1732 2250 4689 5929 8936 1040 8302 4126 134 5409 9458 6809 6024 2352 2294 76 1149 4004 3347 9209
7571 4729 3959 6661 8288 9793 92 4140 2354 6896 1483 5909 6603 4694 6998 650 6615 5463 4543 8205 4076 5136 5125 2860 4408 4429 1872 2617 2127 544 3234 9154 6860 1953 174 3974 9992 4208 6282 7162 8744 2573 1753 6695 8652 8263 7916 9498 2471 5849 8651 1413 5122 957 8872 3596 8859 5932 7354 794 4585 6844 944 9745 9470 8839 9827 7544 3207 0 8877 5368 3069 8623 2188 6903 6235 8793 5995 7410 4325 7797 2731 9779 83 9722 2016 2529 5118 4206 2743 7739 2438 6474 1800 6607 3197 924 6393 8234
9652 7209 7573 1455 1467 7937 9730 772 3467 8997 4068 544 1273 8532 5267 1369 4422 5429 7693 1379 7104 6618 3757 7367 7659 1003 6983 5507 3082 2518 6524 657 4047 1459 7926 1948 7808 1391 4280 3727 7596 4405 7279 2602 6015 9430 9428 9182 8177 3398 1377 5035 7241 241 5048 1191 6742 1576 1968 2173 8259 6279 1009 5457 8756 4844 7345 6625 2445 8877 0 5700 8843 2165 3093 1446 5720 6226 7965 1985 293 9163 8423 4201 5733 4794 3323 8206 6838 4001 2109 6591 5313 5474 6581 5857 7179 3054 5849 4336
7253 4267 3867 9501 4522 3841 6218 1174 1264 7913 7538 201 6682 9942 2459 4996 1032 8443 149 3461 581 6588 3974 7773 6137 3195 6238 1146 4328 8231 3710 6331 6662 1078 9373 5165 5349 3556 3991 2016 1545 4604 3646 1431 8534 5332 5927 354 2493 8669 7189 1585 5537 5625 4650 2838 4570 2852 8248 9785 3117 4268 4180 1484 1124 7439 7080 5519 8971 5368 5700 0 552 5425 7261 2709 9792 4746 7516 618 2999 5338 3069 2388 7251 1816 9791 3424 5879 2280 2952 6169 8386 8963 3754 6324 9339 4073 7339 4017
9137 5481 9791 1526 7718 6881 8138 4857 2444 8382 9470 3495 6399 7648 8056 1930 5023 9348 9518 1564 7896 4931 9658 6847 1681 1785 2512 4034 5613 4215 7933 6439 2537 1432 9605 3645 1370 9297 4713 904 3669 3987 121 8153 7812 221 1573 191 4150 8910 5693 3926 7566 8811 1222 640 607 4441 5492 1298 4084 5828 8585 4846 1168 8577 3302 5872 4604 3069 8843 552 0 4665 9257 4611 5018 4166 6214 1891 7811 4731 3611 3060 4761 9816 1718 5755 5073 9614 9866 5842 6292 3481 4619 5765 8222 1760 9723 609
5255 3367 168 616 681 8847 8153 89 9030 9115 2692 6444 8810 4699 6335 9100 821 183 7570 2157 4559 5445 208 3506 5650 4482 7922 5369 1950 1093 1323 5429 22 1030 9372 1492 4362 3696 4937 6796 5221 5127 272 6460 5225 2753 6822 7237 4624 4257 6255 3272 9879 8283 6725 9538 5877 8130 8746 5610 8426 5526 4962 6208 3171 8545 2695 7883 7735 8623 2165 5425 4665 0 1519 4736 2345 958 462 8049 9 8169 3045 4008 6759 255 4013 7730 714 9779 5426 1448 4859 753 6708 9937 3118 104 6369 1169
8234 3142 5639 5395 878 6650 9496 7956 7748 8176 433 1343 6669 6600 5129 490 7004 1773 7661 2575 6806 1837 1381 5896 7837 6914 6088 7730 6364 6780 1494 2000 7482 4744 8014 3895 778 5044 1144 3352 6567 4588 1061 3787 2437 3022 7258 8033 1232 2033 1423 5308 2809 6782 1239 6999 8968 5632 1924 5209 9817 5256 8077 3854 9541 7046 1579 8113 5387 2188 3093 7261 9257 1519 0 1190 6677 8376 1113 5964 9415 6622 7885 1341 2743 4202 6307 245 8181 8985 2928 4254 7341 7100 9733 7591 712 9242 8340 4406
2140 9174 2740 961 3067 5642 2196 9239 679 2383 1806 3933 4111 9603 1327 337 8816 5583 3949 7127 7785 1569 8015 5742 1535 19 5244 2124 9571 644 6590 8523 438 8031 7214 5613 137 5670 2418 9558 149 4666 2740 6835 8987 4476 6608 8807 2221 3167 4960 8294 9549 3815 8238 9546 7979 884 6359 470 2539 8 776 1965 7395 4626 504 6312 2428 6903 1446 2709 4611 4736 1190 0 7477 6398 1829 2158 9725 4247 1044 803 9871 446 8797 703 4738 5554 7513 20 6726 8542 6935 6015 3431 7919 2694 9783
1439 273 6115 7055 1700 6076 2995 3638 2555 5781 6115 4994 3498 4363 5935 3975 9803 1535 2734 4140 3712 3696 9637 7411 9732 2539 9964 4895 8172 8456 434 2479 4043 917 4254 6911 5758 2844 5573 7657 2306 260 3911 2929 9372 6442 5545 9204 1044 4280 3093 8903 5487 2829 8752 3236 2342 8038 9042 2546 689 3402 1241 6461 8198 3444 6368 9853 1309 6235 5720 9792 5018 2345 6677 7477 0 4668 6045 220 8564 859 3321 6159 6456 4916 2218 3054 1301 3933 2998 654 6149 183 3890 1342 7012 3976 5988 9822
8487 1843 393 3480 4282 1578 4409 1625 8606 384 9973 634 1015 4515 5482 5337 6524 5678 1205 4783 3390 7261 9854 9112 4048 6167 8067 1526 8059 7813 6304 2767 7665 9591 8485 8480 8393 5052 8051 6376 8838 7779 4853 2240 1881 422 4216 7781 9766 9411 8874 7972 8608 7593 6490 9668 6632 4618 5555 2915 1586 3400 5658 6117 9443 6800 5408 1426 1284 8793 6226 4746 4166 958 8376 6398 4668 0 1898 7130 7732 1544 4709 6259 5730 6269 9336 3156 5916 7146 4059 9263 1592 8782 9502 1206 7462 3420 7975 3009
5731 724 2792 2244 3132 2242 8457 1921 1569 6680 5442 1979 9066 6441 1268 6585 7374 3054 5126 1990 7080 1862 9885 6855 3207 1638 7656 346 1090 4783 8377 7760 7335 2769 7535 4362 6795 1270 3919 6049 7196 4742 9088 5343 231 4892 7961 8737 8320 6992 639 3497 3820 1941 4607 7111 9837 4170 5480 2097 3563 1866 2680 4776 2126 8221 5024 442 948 5995 7965 7516 6214 462 1113 1829 6045 1898 0 9303 5765 8941 8804 2328 266 6988 6016 5832 6158 289 1529 7198 3280 7068 2889 751 6007 1754 1885 6616
6423 7524 5786 6548 3922 438 9002 7819 9970 6916 473 3891 8509 7169 6973 315 681 2361 6010 7283 8648 2660 4965 518 2805 9535 849 4004 2316 3487 2869 7157 9179 5945 1734 8063 7439 8545 5667 9335 2141 357 3841 8725 4357 2885 4306 3978 9271 9879 7111 8271 4936 6509 3504 5556 3721 2935 8218 7981 8680 2281 8159 2876 5556 3218 8659 9926 3161 7410 1985 618 1891 8049 5964 2158 220 7130 9303 0 4121 2378 1345 6504 9889 7119 816 555 5367 8542 5835 589 6332 2939 4150 9471 8054 8383 9805 7230
8831 2577 6926 6095 1020 4627 9951 6640 2162 6934 4765 8664 3273 3815 1887 5801 6697 2892 7123 9549 3021 9678 4977 2720 1758 9861 1903 5417 5387 3375 7973 8388 5512 9454 8894 1311 8968 6417 4474 7678 6877 3251 7279 2600 5455 6858 8315 4284 2321 9648 3392 2877 7986 8150 216 3922 4808 9751 96 8265 1480 7166 3659 4401 972 3532 9335 9158 1732 4325 293 2999 7811 9 9415 9725 8564 7732 5765 4121 0 5622 7444 9243 8618 2740 2234 9401 9725 1129 508 687 7631 6965 1590 6412 8008 5169 2255 5460
6311 4646 5428 7067 334 948 8895 2499 6034 9414 1763 3256 9541 1709 5540 8603 2615 8751 2724 1580 1493 5044 1231 1538 408 3980 281 7146 3441 6839 6168 3454 1593 9733 6294 5974 6827 9004 5279 1013 4799 7736 6843 4668 7001 3616 6825 715 8567 3228 5893 1196 962 388 1569 7241 2085 9941 1125 6519 5073 2784 1591 6051 8976 3288 3216 2252 2250 7797 9163 5338 4731 8169 6622 4247 859 1544 8941 2378 5622 0 8257 613 4400 2953 188 406 7863 4130 2575 7414 4280 1342 4459 3717 5253 9654 5169 306
