200
0 8024 3983 1991 2227 3098 2199 8160 9860 3575 8090 7197 641 7858 7544 8510 8627 31 7057 4926 5217 4215 8367 5794 4716 4290 4796 5873 8866 7152 4306 2635 5521 6959 3876 7880 2710 9008 5706 8898 5876 9752 1196 3023 1143 5095 25 7494 4343 2973 9641 146 9422 4234 4851 8354 3335 4122 5812 6211 765 5276 5956 8754 9026 6388 7856 3773 1409 897 147 4617 5939 8867 4248 5789 2575 1353 7444 734 8899 7214 7162 1960 2886 2838 9014 968 1535 6484 7526 3214 9478 536 9952 8663 9499 3186 2323 5238 1451 758 4977 6385 1145 9872 8953 4298 2849 8496 100 9741 1982 6039 6794 874 3681 7690 3353 6787 5216 1154 9305 4143 5754 8877 2500 8208 2473 9547 6355 9195 8845 7810 8095 288 3217 8642 3323 9916 1106 6346 2710 6462 9353 5696 3672 1412 1098 5125 8274 9093 5463 618 9674 4217 5940 5159 6007 8286 1604 1378 8949 9187 9718 420 5559 7962 1645 3144 7998 9114 5363 5096 5651 2907 4880 5334 6498 3743 7656 6828 176 5627 679 2420 12 9456 3396 3245 2409 4794 9085 3136 3321 9260 7623 8153 5563 2070
8024 0 9745 6029 7107 7073 9758 713 6553 6094 3510 4424 4803 9831 4777 2954 4840 7223 7155 2703 8421 6057 3608 5046 6458 1314 2810 1178 8838 1781 541 139 8654 5440 3963 9965 3576 6846 7065 9276 2429 2627 904 351 7002 677 2764 5382 4596 6821 4782 9938 2688 1664 1018 4114 3855 8209 4322 5913 4932 5558 8594 4139 2005 4614 871 2225 2045 8291 8825 3589 7756 591 7504 2672 215 3963 949 8453 8560 63 6362 7633 1548 9697 8669 869 7703 4716 855 7013 7952 6887 8587 2691 1722 8684 399 2850 220 6477 5170 9453 4534 118 6780 1613 1006 5719 2916 2720 4242 7325 7360 3334 725 1032 2507 1643 5538 4794 1905 4665 4123 4951 6205 7428 6797 2423 2191 5441 4580 5021 1790 7521 4473 7470 6248 5723 4147 9485 1966 3723 461 6193 6621 3594 3354 7998 7422 5426 5857 6842 8695 8969 8053 5222 8532 2770 1934 9793 6579 2315 1642 7466 8507 545 469 2461 2072 8009 4617 5564 3674 9553 9126 1672 3548 9999 3353 1092 7020 2645 2623 6383 8291 4917 2060 9350 3146 876 7213 693 7446 111 6484 1863 3063 7780
3983 9745 0 9176 5580 737 2399 5235 8433 4455 896 7612 4471 1700 67 5506 5276 9011 7145 2505 5323 3913 1378 5067 7273 2403 4845 7291 2148 2161 4245 2211 7984 5254 9771 6405 4327 4344 5338 9023 5862 7122 9206 1577 1288 8109 5225 1188 3987 8378 9176 7375 520 4636 9644 2346 618 654 9930 5343 1950 5894 3122 3272 907 5445 7662 9535 1719 2177 9122 5187 3193 6866 1139 6437 5868 2678 914 7784 4086 9806 2378 215 2876 2668 4284 9084 3517 9344 5670 5371 5811 8882 954 6716 8578 4459 4445 7646 1277 8831 4917 6942 2617 6745 5862 2918 2481 9422 8088 151 8608 800 615 353 8180 2195 1703 5433 3686 1231 6007 9942 9130 5805 5511 4544 2076 5379 9851 1606 7472 4381 7986 4043 6292 4163 8669 7319 6655 8237 4992 9112 9775 1382 6134 7404 5033 741 2612 7682 6601 2395 567 5882 2077 7506 5887 9127 3514 9897 8094 9793 2248 3143 9589 5090 3058 5238 526 1002 4292 9317 5717 7263 3059 4199 5485 6934 5252 6323 4699 1598 3689 5097 4555 1254 6384 3454 6990 4835 7747 7200 7870 874 6671 8221 5131 1353
1991 6029 9176 0 974 1075 2363 5550 5358 2481 1898 3166 3008 5393 9197 4353 6745 2118 6772 1000 2989 4434 4158 8480 2805 6056 4962 9691 2664 6308 3432 2847 7107 8240 6356 2190 160 895 6612 7704 2174 8297 6569 255 7307 1579 6251 2061 5920 1482 6494 4310 6983 5467 6617 4769 961 3175 399 1027 623 5420 4087 5319 6188 5573 9165 2867 4145 5562 5503 6908 6132 2844 5689 2290 4785 7729 607 4496 8916 4443 1114 4960 4069 1865 8080 8627 3900 8731 7588 1192 3410 9707 8922 7604 9972 9608 32 285 3949 2471 9562 1171 6936 4522 3260 1612 5391 336 328 9098 4279 5832 2816 9825 255 2908 6853 5069 4123 7398 9033 6275 1570 5695 2505 4670 2200 562 8929 1637 1897 2261 1905 9158 6880 8634 8384 4917 9917 5051 8387 4278 1062 4951 8784 3101 3441 6606 7113 8539 7535 6407 1432 5888 3365 7278 540 1388 8791 4453 519 2145 9023 2745 7717 9291 482 737 5488 4023 9300 5138 5058 5011 3803 6636 6250 314 7025 2239 1313 6082 6647 2460 675 7502 156 3815 6023 4108 9993 9066 1616 4025 4854 4868 1527 8062
2227 7107 5580 974 0 3334 5491 7183 7060 8626 5574 3345 9921 7615 5086 5349 1259 8714 3664 9209 1208 6398 1555 3647 2356 2939 9500 4042 4966 6421 8906 3856 7271 4191 4936 7102 8787 9409 9032 5064 4829 3932 3727 4317 7261 367 2327 417 5586 9991 6324 1899 7541 4703 6934 7483 5567 1177 7130 5333 3243 9789 716 8482 8686 6121 6329 7271 4108 7064 4115 263 5744 8225 8235 2187 4044 3801 3731 5716 4012 1418 6817 1445 5490 9725 3046 6450 1496 7748 6648 2911 7931 1798 7815 7542 5280 9609 561 3148 9288 9329 2048 2252 8420 2930 2720 5521 5760 7296 392 1851 294 9504 8667 2998 3969 6982 6597 2789 1828 3116 1067 8365 8779 4196 4505 912 4669 5894 5267 373 3521 1689 5279 2766 5806 6293 6816 2294 8678 5854 8597 1536 7924 3914 7916 2377 5854 4248 8982 8991 2682 2871 3116 6565 386 8072 5143 7672 1233 605 7267 223 2583 8794 6271 2835 7626 6943 6867 6412 8249 5988 9155 2098 9223 1124 934 5389 5784 7384 7273 7012 9243 479 4601 7434 1890 7050 6523 7712 3882 9333 7768 2919 8994 4343 2604 5955
3098 7073 737 1075 3334 0 7385 5541 1579 1997 4937 6373 4672 1187 9342 7266 8042 9744 2364 6102 9629 9403 3088 6928 6344 9228 3946 6024 8951 3036 6753 5381 3902 263 2333 6597 2331 6559 2483 3565 5348 148 6833 8876 5998 9434 8807 321 3135 1767 1180 192 8037 9507 3867 2854 7955 8344 9521 7832 7865 6570 9019 2171 9126 8406 8968 5126 4697 459 4070 5296 4269 3473 3006 3450 2497 3481 8929 2325 2862 3785 5284 1243 5226 8074 5593 4852 2594 4766 5884 4548 7376 7657 4472 2191 3974 4952 7769 482 9855 7736 5062 9401 3822 9034 2141 5167 2480 7410 1943 3067 7023 8526 4401 1894 5122 8629 9144 4600 3795 4460 6011 5734 2710 387 4293 1410 8878 5453 3884 1870 5154 4905 2507 6578 738 808 957 5327 3087 4934 4392 7454 5263 3172 4226 932 3727 872 5669 3588 2572 1835 6100 1521 7127 4385 4225 6899 1248 4549 6295 4988 4675 2893 6549 9383 4084 1089 6037 3111 5264 641 8726 6923 7729 9439 4270 7378 8492 9259 8030 338 3664 3884 7046 303 3989 7438 3018 2972 3198 6790 7987 1728 2512 4584 636 8431
2199 9758 2399 2363 5491 7385 0 3851 3312 1317 2210 8585 639 7346 6506 8314 3760 3990 2972 2061 5106 898 4105 4083 12 5289 3203 9746 2311 4992 2940 8033 3697 3853 7691 9708 3906 9397 5081 8536 3091 8998 1942 4363 9775 358 2345 5245 2068 1355 4030 3004 5291 3710 324 8889 250 8010 8760 2090 2032 8462 3222 3884 3051 5947 7037 1064 7115 5068 2215 8626 2073 8706 9656 4589 312 4443 4266 9459 5283 1342 4652 5629 6 2021 6107 3324 6013 37 8114 5124 2373 6229 5573 8973 8966 7048 7276 1902 7249 2326 6208 9877 3477 5649 5733 3505 1031 6400 2081 6662 6617 4083 1317 6470 187 5376 5459 7619 4679 983 4870 3457 7075 8835 5481 3553 894 3429 1823 4399 2321 3925 5098 3631 8758 5578 8367 5918 1379 2095 7048 8924 8437 1089 4239 489 1094 9706 6597 3205 4261 7744 1592 6033 9493 1061 3053 1555 6802 2143 7890 7172 7920 2278 1390 6582 8368 8482 7899 1073 3519 1084 4117 3758 4778 8059 4616 6560 2165 21 8300 2580 8520 3695 9304 2430 1155 8142 5745 1638 7391 267 5171 9179 812 3244 5324 2037
8160 713 5235 5550 7183 5541 3851 0 7334 8458 3203 1401 7181 8784 5394 7140 1236 1499 5773 3409 7749 792 3320 9303 4073 1035 118 216 8785 6474 3321 2590 8719 6409 9141 1700 1215 7346 7264 3703 6505 2042 4205 3791 53 8545 9679 3985 8997 1344 8281 6154 9750 5257 5857 7976 6888 1690 685 8374 4098 2149 2597 5913 3000 9891 6096 2104 4103 5241 8066 6259 5710 2197 8945 3735 9341 4833 9430 3852 8669 4498 2084 8805 7407 2048 3417 5752 8929 408 5807 3001 2224 4781 1837 6983 8929 5425 4595 8609 9927 9060 4494 7438 5659 1095 7894 4689 7416 6984 313 3646 9566 6568 5231 6255 2876 5959 5784 9429 6898 3789 4221 1932 9420 6013 9161 3490 8395 1189 2608 3066 2206 5739 4029 1262 9877 8047 6661 1224 8855 2960 8388 6622 5725 3341 7172 5458 2630 2034 704 610 2754 3978 182 2793 2916 8167 4189 7666 7550 9885 5867 6733 137 429 1594 5540 9089 9998 7893 3043 9491 5918 2822 4509 8470 2302 2826 2824 2174 2495 7740 2669 7374 5597 1307 4873 7349 9027 7061 4591 6745 9860 9164 2523 110 235 9449 4674
9860 6553 8433 5358 7060 1579 3312 7334 0 5938 3369 8783 8188 6871 6839 7269 1119 86 9733 8736 9980 8414 6239 6353 7371 5779 8222 8226 4995 9397 5318 33 8348 2973 9010 6678 3447 7817 8508 4745 8294 4781 9155 9865 86 5655 1675 355 8986 4450 721 1839 2838 2523 7792 7435 6055 1952 1955 6927 8249 6741 2932 6059 6096 1255 84 6710 161 3588 7903 4033 1352 1083 6195 9672 6485 9615 2995 6676 9649 1263 7038 9150 6144 3295 6545 5095 2138 5358 7654 6766 3477 6202 2547 4515 7681 7953 7251 4122 665 1873 9541 3471 417 2026 7401 5281 5775 4321 7109 3014 5850 6496 1949 8790 3631 3466 1942 7901 6312 7128 9710 6217 9940 4891 2292 7198 3551 5560 830 4108 7912 1008 6369 731 3560 3854 4121 7852 5096 5020 2137 4813 2926 54 960 3065 5518 9760 3512 4596 7844 9327 2113 7871 3584 5815 5404 8335 7224 840 6014 1820 7782 4562 6481 4585 4361 1376 4766 3102 9209 3450 3900 9945 5444 7593 6771 9856 3956 7831 8293 2946 3920 6370 2786 8459 9403 2001 4145 6602 3954 8076 5527 2700 2948 1306 7995 812
3575 6094 4455 2481 8626 1997 1317 8458 5938 0 999 9237 4133 5416 1914 6705 6419 569 5705 4332 2614 8234 9434 4546 334 2269 9159 4043 6925 1611 928 8780 4968 3312 9017 2257 4219 5490 6000 9260 5182 6722 5485 6732 3609 8687 5183 6519 8516 8387 2653 1637 4670 1770 7293 9357 3506 41 860 5675 5137 6908 2055 3081 375 5320 5777 8825 3249 7634 9929 6388 6857 7988 5284 5705 352 1017 4551 8620 5160 4755 1579 8626 7349 4936 4875 5967 8950 4966 372 1270 5518 4088 6659 713 786 6749 9155 7736 8777 5526 7913 925 2258 8674 313 3430 3319 8718 1767 6837 6813 3536 4764 9214 761 7429 5227 5716 1717 5123 8964 7164 6254 863 5339 7526 5534 1850 3930 6753 148 871 231 727 2348 1909 2658 3512 2127 4352 2530 1070 9491 2050 8900 3389 3341 783 7702 8707 3032 2685 9854 8672 2534 496 1372 6460 1821 3194 8522 9462 6817 4786 389 9672 4588 1827 402 8528 5278 3642 1561 9097 2651 8919 6427 82 9279 3626 5336 6003 8974 7553 5296 7540 5747 2523 5169 2028 6708 7182 5603 4755 3379 2509 6328 550
8090 3510 896 1898 5574 4937 2210 3203 3369 999 0 8174 3929 5905 1150 6623 5436 3891 2190 9103 495 8137 2836 1746 2400 9162 2497 3884 8607 3737 1313 3765 4847 6267 2410 6963 2340 5170 9690 5900 7739 7198 3982 3021 1196 7470 4807 213 4453 656 5828 8087 5470 6514 4593 8790 7262 7064 4459 6785 9383 8078 1833 7659 8625 2772 181 2068 8223 3430 1573 7052 9799 2413 2792 5333 2534 9484 3301 1047 7720 4529 8840 3391 5982 1303 4389 6236 6499 9632 9211 2117 5427 8827 6197 7904 6058 3132 8189 8398 335 4216 1815 1060 1150 8644 5791 9957 191 6276 4362 7123 9308 8704 3323 2065 4050 8584 4060 3904 2203 5788 1271 2365 2242 410 7188 3735 5633 8521 883 6765 8867 9438 5264 5434 6786 2190 6321 4936 2786 460 2491 5315 8661 3800 6001 3057 4693 856 9965 5961 3349 957 2329 9779 4074 8256 579 6725 8427 8724 5927 5606 8574 100 2533 2024 1020 2357 7668 6432 5914 8243 6929 9458 5244 3673 379 677 4827 3873 1774 3412 9209 1012 7254 9044 5111 108 9177 1297 307 2058 4300 3228 1941 7014 3397 5100
7197 4424 7612 3166 3345 6373 8585 1401 8783 9237 8174 0 2770 6697 3194 8800 4190 7655 9350 484 8247 7627 6107 1205 8826 1974 3654 6844 7401 9203 9174 4195 4407 6041 3907 6623 25 690 603 7857 5053 1904 1003 8311 5378 7706 5003 6104 9896 9686 8135 6615 4692 7365 9479 1487 6525 8220 3125 3935 5710 7695 5833 116 6245 8016 3236 4319 118 6388 1272 7039 1782 3342 4023 6255 6550 3602 9174 6873 8029 8035 6594 3289 4620 8960 4315 4540 8990 7662 6575 9884 1687 7637 898 8360 1674 2939 2401 1949 4388 5049 9864 1563 6436 5720 4301 9564 2218 3590 4957 2013 7010 8269 7168 9250 5141 3170 5824 3302 8416 1996 9649 905 7929 3756 2753 8839 1591 4695 9089 444 7706 1170 4697 5651 5989 7193 566 5706 1627 4562 7801 7904 8293 3909 5146 4300 5127 432 2509 5989 9438 3752 5685 4659 1731 1681 1523 1928 4547 3244 2846 453 1519 177 5060 9197 1369 2676 2614 4356 7617 6109 8556 398 7154 6725 4987 8592 5730 5965 5645 8937 8933 3425 3198 4901 4234 5542 8337 9400 3293 9202 9106 9127 6651 41 5614 5508
641 4803 4471 3008 9921 4672 639 7181 8188 4133 3929 2770 0 7249 3004 2972 5983 8740 2355 2180 325 8210 3214 8128 9199 5365 586 9010 9088 1759 804 9188 9570 8622 7654 1292 9647 7891 5388 7788 7135 6108 4680 488 3690 7817 7245 9069 7428 7327 3461 1579 7773 2304 2277 2603 3164 4643 641 6557 5645 98 5827 9404 1824 4430 616 6437 9829 5318 1508 2641 6567 3865 7041 4670 5816 5128 4445 6413 3876 8492 4761 1657 4568 5769 9401 1530 8791 1006 2584 4151 1071 7996 6328 4142 2181 2007 7796 7941 136 8064 2188 7587 7858 1894 4509 3317 8090 9136 6173 794 9008 2518 7426 6607 88 4117 6747 5397 6738 2808 7870 5754 8080 75 5344 3480 6481 7561 743 251 6301 5401 5798 3676 6132 8850 8645 2965 3949 831 5505 7348 4717 6765 6210 9647 1156 5821 7435 2906 2545 8796 5061 8152 331 6896 2311 2843 4857 7819 1593 8641 1505 966 6594 7030 7290 7295 5362 7399 4590 2541 1927 3446 8793 7384 7479 4933 2411 570 9862 7015 9212 2082 1055 5520 2303 8875 1322 9871 1317 2540 4820 1375 3053 8974 6143 309
7858 9831 1700 5393 7615 1187 7346 8784 6871 5416 5905 6697 7249 0 6926 7471 6603 9088 7828 59 2737 8378 2603 348 917 9748 6075 6405 4276 6909 2460 1893 1164 2391 5047 1210 737 7352 174 900 5710 3598 7129 7515 7846 9579 178 4857 2753 3421 7643 4753 7382 1151 7125 8692 3281 8277 4822 3963 579 2381 288 8012 1065 2892 605 1734 5975 9311 8901 4536 359 4434 477 8411 1249 876 6337 9622 5290 9063 7413 4908 7534 1672 2317 1354 7799 5689 3293 8717 8543 1236 9031 985 8762 8230 6263 4240 3062 3484 8947 7610 2214 3943 1471 9348 9734 2427 5144 2257 4707 6536 1747 1392 8948 7899 7635 6450 8709 2646 8291 8876 4315 2234 6474 4725 7423 9197 4072 2635 9351 7850 7466 6114 2068 6769 1671 937 7298 4023 8954 6704 7351 1635 1159 9152 500 6521 7766 4144 2999 1430 4423 3909 6103 9512 3604 2173 5777 7099 9939 7069 2850 5040 7255 5154 9256 1045 2244 1301 4862 2007 9112 4198 6518 1516 5019 7292 1631 9389 5182 4577 9817 5456 188 3185 7682 5694 4992 1307 303 4599 2699 167 5726 7134 4569 8438
7544 4777 67 9197 5086 9342 6506 5394 6839 1914 1150 3194 3004 6926 0 8629 2383 1652 8422 9464 3314 7692 6408 6046 5814 4591 9803 8302 3085 2479 7761 4808 5856 8904 1346 3448 9963 4173 4454 4994 5106 7581 2451 7749 5705 8249 4578 970 4052 4101 7632 8827 6743 5080 3948 2155 9353 4378 2302 6618 265 2555 4578 984 741 9039 4508 1126 8544 4043 4495 7505 6477 6871 4771 6684 8837 7198 158 9169 8197 7500 9902 5450 5610 7838 4000 7143 5141 3389 6460 4623 9620 5739 6291 3444 578 6704 4454 4214 6548 3362 414 1552 4928 152 4598 69 9128 4058 5266 3646 3389 1840 1276 7685 3516 5530 7627 3366 5957 8325 3962 5857 5255 7882 5822 9880 4255 5296 8672 824 6590 7271 5586 8039 1899 333 9174 2085 4260 6770 5041 1755 8632 7985 7334 8186 9896 4640 6178 142 2309 2856 3434 1420 8675 7292 3069 3850 2932 3231 4239 3768 3470 3249 7098 7094 2192 2458 7383 8880 1 115 5958 298 7756 5486 1431 8078 4833 1269 6715 7551 6566 1032 1381 1227 6242 5703 389 9416 6908 3703 6885 5072 3216 766 5269 6260
8510 2954 5506 4353 5349 7266 8314 7140 7269 6705 6623 8800 2972 7471 8629 0 9202 4245 2353 9336 3206 9774 8698 4522 8765 5443 2990 3380 1666 5281 2787 6432 2194 2518 2988 5796 8591 809 3737 2798 1223 8541 4289 1942 9467 140 6786 9090 5588 2819 1409 5823 8292 966 1134 7334 3582 6777 4120 7865 6596 2735 3693 9774 6215 1479 9834 8486 3663 162 6485 3221 152 2984 232 2499 1857 7442 7082 3855 2810 8410 5726 6706 1328 727 8529 1308 9899 9147 4447 2052 5685 1196 8086 5570 1272 8515 7120 977 1984 2514 6570 8949 1114 8132 2552 9211 7362 9584 8449 3705 2195 1627 9579 7195 4905 3404 268 488 2632 2203 4404 3331 5207 4474 8913 3488 9935 3644 799 5204 2610 3477 9437 2720 8579 5230 1609 1410 1638 8972 7584 9114 4819 5661 5688 9139 4988 6366 8016 5366 4111 1990 7294 2820 3671 4202 9491 6805 9877 8552 7995 9929 1703 5547 992 702 9211 5052 9601 8585 7967 3925 9122 4912 2650 7075 4922 7402 2108 9724 696 9631 2664 6177 2451 1168 9103 2717 3396 1276 8482 4878 6456 930 5920 4805 8783 8364
8627 4840 5276 6745 1259 8042 3760 1236 1119 6419 5436 4190 5983 6603 2383 9202 0 1076 3953 7052 6909 7687 6009 1835 2405 5242 8321 6100 7983 679 9738 6304 9411 3269 3850 3855 7519 9004 3730 5436 5305 6448 5652 1712 6198 9572 3263 8708 6771 4494 4965 8424 5137 9760 4708 3828 8546 1137 7934 4365 6189 2126 6368 8338 9031 1914 6053 9976 7821 1950 7028 8110 1046 8199 1643 4194 5964 3328 1361 8076 7069 6461 3121 6524 2834 2710 451 9491 1928 8326 2382 9878 8014 3087 2780 1300 4565 5794 6247 2030 2378 5269 4300 5654 3523 1050 3321 6035 5455 7626 4989 8074 7738 156 6671 6282 5343 2866 5471 7967 1379 4442 1036 5668 1388 7236 4510 592 7703 1170 7850 4992 3682 9165 1947 7158 2380 9667 4452 3221 4718 3962 9879 8898 7033 9914 1569 8028 7868 6148 1416 6528 3399 1927 9108 5328 6957 4607 6193 8318 4852 6135 3542 4678 3045 8611 8261 6931 8826 9702 3409 1055 1618 1788 2289 6965 4890 4027 8157 9875 4835 3389 1951 7765 6556 7094 1594 2690 428 365 6497 2289 7093 9136 6866 4939 5890 1763 9383 9569
31 7223 9011 2118 8714 9744 3990 1499 86 569 3891 7655 8740 9088 1652 4245 1076 0 1971 5006 3497 2055 9916 2590 9335 2046 2013 2360 5862 4532 5658 7040 2630 9754 9061 6516 9452 2852 9301 8511 8316 4133 3966 7837 5581 2595 5092 5051 5227 9609 5977 3610 1502 5030 3595 5486 7324 3160 224 6157 7793 948 3017 5941 5892 8920 1573 3999 7743 3575 6959 2401 9443 19 7037 4572 2294 6493 192 7705 339 9620 1608 434 7929 8268 9453 2001 8064 166 2136 4152 455 9074 8138 8767 8428 6381 788 4984 7141 1538 3565 8203 6812 3017 5117 1787 3627 9451 1438 9369 1231 921 8743 2536 191 6754 1213 2800 1125 4638 5319 6268 3405 998 2581 7109 1423 8283 3093 6211 9050 6688 6938 505 3130 3776 7401 3133 7829 2588 8439 1062 1994 799 8231 2979 5555 827 9724 9424 583 4399 4091 3031 9388 4908 6623 2881 5012 2616 3708 6198 2862 8603 9490 9327 998 6124 4630 5620 9340 2515 2083 5084 2506 2328 2735 4598 7394 8835 4760 3508 541 3202 8107 1006 7494 3392 8163 1335 7090 9284 7681 4868 2289 5874 3668 5129
7057 7155 7145 6772 3664 2364 2972 5773 9733 5705 2190 9350 2355 7828 8422 2353 3953 1971 0 7716 7529 4783 8832 289 1379 8415 3796 9783 2748 5669 5649 3924 4560 1572 1640 992 2538 5534 8843 6517 4322 3680 7724 1183 4876 3184 593 924 2541 6174 8193 7699 6541 60 7394 6001 2381 3192 5161 6182 7469 4620 4556 330 1758 7556 5003 8219 6105 3367 2509 6964 5899 9122 1940 6972 9385 4337 4201 3236 4321 4551 1159 6902 5538 283 7003 9720 2779 1377 8070 6320 3540 9175 6118 7010 2984 7915 8437 8155 9914 4390 3141 4063 2326 6125 9364 2796 931 4545 5908 1278 6004 6523 5204 9753 7613 9708 1070 1511 8357 8480 7846 3108 3831 5141 3895 5549 1228 5586 2880 7414 3481 3443 5596 9653 9755 5825 4964 3351 3350 7464 5214 8981 1938 595 6396 6459 4440 4989 7731 3423 2071 7717 2542 3701 2048 9950 4857 2999 4164 4500 9127 6985 8616 1513 9963 3128 8637 6388 1011 3224 6383 9661 902 7900 4629 8745 1189 1777 7660 4057 188 5170 5355 6397 1857 4159 7651 2402 2433 4443 4879 5604 4290 5786 9973 7041 3528 5147
4926 2703 2505 1000 9209 6102 2061 3409 8736 4332 9103 484 2180 59 9464 9336 7052 5006 7716 0 6123 5400 6629 6836 2645 6601 4197 7490 6982 2833 2184 9318 6140 3912 6395 747 2638 4849 3543 9018 9928 3764 2706 9883 5792 8452 7198 8779 4449 7569 3783 4627 2074 9728 8760 6605 506 8970 9985 5731 4033 7348 9760 3080 5524 6096 1051 3002 7022 4747 2935 3130 8123 6735 4161 7624 8490 7907 9874 821 255 1912 2146 9877 6042 4296 5515 7826 241 5163 2178 6073 4919 8077 3163 9805 2437 7208 3163 4407 431 9310 6757 7518 9931 5162 684 791 5274 5638 8391 7656 3712 2359 8857 7768 7087 6077 6505 2078 1143 6089 2190 8627 5706 5473 8486 865 6148 1156 8779 7997 2468 9289 9500 7724 6932 3368 1067 2071 4734 4447 5570 309 6774 2153 3675 3254 2585 8424 5754 4114 5356 3521 1615 7148 4604 8365 8787 3701 2693 217 7726 7140 9665 1482 7302 6473 268 7317 7298 6863 8578 3588 2446 2615 561 8131 9162 6723 7772 7296 1565 3773 2946 3624 8098 7833 7647 2558 4564 4786 9315 5212 315 5638 6587 6068 7597 808
5217 8421 5323 2989 1208 9629 5106 7749 9980 2614 495 8247 325 2737 3314 3206 6909 3497 7529 6123 0 2634 4839 1734 3914 1056 1447 8122 6765 4497 5337 3513 9723 9089 9166 7775 8413 8848 2688 5830 7639 5473 2478 1229 2064 8008 7259 4427 6176 4225 1017 4238 8549 7615 1235 8734 3845 5872 7644 9886 6559 4804 7896 8638 3892 7056 8173 9584 9579 8218 633 971 2206 641 8340 9600 7313 3742 4624 5620 3177 1496 3560 1867 3996 8048 4953 21 889 7019 9555 7658 2180 2837 1245 8680 7854 1083 3725 699 3693 9557 3408 2923 649 9624 6477 2459 4594 1754 7427 9254 3949 1459 3741 3127 4461 3431 9949 8469 7663 643 3295 3173 4715 3289 5368 4519 6286 5027 9875 8586 1838 782 900 469 4615 5936 4205 3697 8297 6784 9827 6874 7505 8936 1706 9007 1530 1443 3656 3982 9650 293 1539 3826 1287 4872 524 7271 44 2655 1354 8746 7262 6163 9362 668 8307 1048 9706 7268 5842 7518 4766 8064 2911 2950 8627 2799 5906 6751 4169 4156 3602 2841 6355 7543 9141 6825 9140 1207 6788 8506 6506 9450 7826 4480 4241 3949
4215 6057 3913 4434 6398 9403 898 792 8414 8234 8137 7627 8210 8378 7692 9774 7687 2055 4783 5400 2634 0 8111 6696 6892 2758 9061 4744 3748 5831 1190 4863 6917 4388 695 8734 1599 4370 5618 7643 3511 4215 2640 7642 9660 4127 3824 6851 4175 3645 5552 6919 630 4144 1854 259 8151 1410 9104 3591 9250 7844 4017 7856 4168 9703 8240 9304 8612 9253 8218 2502 8716 7512 4264 4575 1038 1310 3548 5027 8491 895 983 1311 2202 1785 7668 1970 6705 9512 9669 7517 8817 3608 2542 9179 9487 2996 5550 4440 8147 9426 2954 4790 9229 2850 1387 6199 6347 4335 9753 6804 7064 6071 8609 189 9378 5895 2620 7637 7803 8856 7949 4123 7682 9536 7128 8525 489 7117 3818 3898 5702 8133 1656 9024 1968 6393 8593 3964 1926 3913 2232 5027 1190 8645 6091 9430 5199 9853 1281 2925 1499 1573 3535 180 5842 6460 2128 2452 528 2470 6235 6299 1817 5195 7981 1481 7866 5752 5397 7700 3370 8941 9181 2998 2742 7525 149 5854 615 1253 432 814 8481 5100 200 5269 3392 6177 6449 6981 4124 160 4788 8663 6800 6190 3174 7851
8367 3608 1378 4158 1555 3088 4105 3320 6239 9434 2836 6107 3214 2603 6408 8698 6009 9916 8832 6629 4839 8111 0 9510 1492 9726 4294 3971 8167 7047 5939 6476 40 4596 122 5938 9616 7359 6741 5437 5071 9143 8203 7329 3799 4717 3449 8753 1128 9464 8255 2578 8345 4907 9138 2537 4027 6674 8548 3498 150 3235 9019 9311 6921 4348 8834 6688 3180 2553 2764 9129 408 1843 7477 611 5316 4237 9002 6692 1322 763 9215 2736 9799 3123 4227 2514 5945 9071 7703 5796 9206 3055 3897 6017 390 1804 3673 9686 5478 1702 7989 9000 7817 6611 4267 2748 1716 1223 15 6292 9112 3432 3329 6325 7809 9486 1584 1429 8955 6872 3833 9908 6433 8934 6951 4146 7294 986 7359 5880 1574 2856 7293 546 6288 9478 9789 7321 6097 7485 4271 7398 679 4701 9061 2292 2210 4067 8660 9250 895 4241 5324 9716 4539 7299 7314 6621 9652 6591 8527 892 6528 512 9793 5302 4707 3332 1234 7165 7702 1958 3701 3905 7285 3360 3530 9440 7771 1444 5290 2297 1603 3671 4072 333 5850 5782 1660 958 6406 8144 1004 5747 708 3404 5310 628
5794 5046 5067 8480 3647 6928 4083 9303 6353 4546 1746 1205 8128 348 6046 4522 1835 2590 289 6836 1734 6696 9510 0 5909 617 996 1542 9038 4550 3054 3671 451 2196 8927 8282 7003 3433 2788 2012 5247 1254 9231 582 7947 3027 4412 7375 88 6225 4393 8687 1486 404 7225 6567 8601 6429 3321 1400 2861 3723 6648 5584 7833 5207 1325 2590 9436 1375 882 6459 1096 6254 3115 2547 1409 3702 7051 4056 9276 8002 9056 5164 7170 6066 405 9055 5108 8761 9765 6988 8153 9429 1738 5767 6545 6204 842 4376 255 2390 4951 5970 1762 7579 5548 5566 1613 171 2824 9557 247 4039 7962 8357 6309 408 9210 2910 7144 6364 9569 6149 751 784 4031 4049 7383 2584 4647 1412 1919 8833 8110 2580 3384 2763 2743 5076 5081 5279 5758 6437 7912 192 6019 4939 7679 2338 1602 3683 9225 6316 8845 6731 4270 8660 5880 6742 3365 7572 3824 6387 3361 5679 5547 1212 4895 4295 2467 7403 6429 395 3256 5880 1783 7184 213 9562 2308 8403 6185 5618 2445 3853 3875 2172 8540 6715 8674 6369 7556 7643 1578 5916 4683 928 4065 8059
4716 6458 7273 2805 2356 6344 12 4073 7371 334 2400 8826 9199 917 5814 8765 2405 9335 1379 2645 3914 6892 1492 5909 0 3630 1092 5793 8795 4942 5774 4837 8077 1113 6257 4904 7297 5496 1163 8008 7102 6801 2145 4110 2030 6944 7768 8347 4632 645 6254 2108 8214 2598 5249 9887 8859 884 9420 3508 1383 1624 6480 7335 9949 1826 8547 9944 9337 6256 3362 6558 7197 821 6519 7850 4084 5130 8564 306 5531 2590 931 5035 8778 2890 7938 5831 7640 8179 7579 1165 332 6834 5968 8614 2293 2826 6399 273 8038 9968 6689 5331 1489 3116 9880 2607 4034 452 383 8661 3278 3526 7723 2687 5326 1107 9792 8011 7580 1063 6505 3286 5750 1622 3346 8882 7969 621 671 4322 9089 2541 3678 6469 4683 6151 998 2169 2612 8510 9072 4205 9742 7963 4232 1187 5600 4220 633 6316 9468 4799 811 9486 7059 6371 9132 2114 3412 950 3384 8134 1399 4100 3911 6845 4064 6377 3621 632 9566 379 673 9743 9207 3855 3899 5406 4828 129 8121 9911 5225 6221 7156 4793 4762 8386 9077 6470 7656 7146 7852 4368 7122 223 9081 5722
4290 1314 2403 6056 2939 9228 5289 1035 5779 2269 9162 1974 5365 9748 4591 5443 5242 2046 8415 6601 1056 2758 9726 617 3630 0 5144 9039 3248 6894 7366 7574 121 1945 1424 3383 2349 3478 6770 2644 3771 1387 1778 8621 5670 2424 6037 3855 531 2006 7984 7570 9349 3587 4040 9508 8111 7511 4353 1296 5555 7867 5227 9098 2006 8959 6134 815 7095 8034 4148 5939 2800 3343 3290 4522 8063 3299 5355 7791 5480 7872 7541 3560 1234 4654 3052 6373 2017 8512 1666 2348 617 8008 4302 3052 7204 3114 1871 3953 1698 6784 1145 590 998 8184 7380 2560 9261 1302 5278 4265 4562 4206 2680 960 7485 8932 8368 6613 4217 2717 5489 2589 4891 4822 8921 6572 1101 5296 2801 5240 6948 7692 2576 7426 1422 9074 7700 6698 2724 9763 9235 7102 5501 3935 8134 9218 2657 1357 8101 4030 8642 118 3069 1844 4307 2296 193 9470 3290 571 764 7038 5976 7270 8193 3088 4810 3749 940 5084 880 1122 409 373 9558 1916 4688 5165 6028 3008 4909 6011 2560 8635 9681 5065 1054 1968 1050 3210 9635 5894 2806 3617 3133 4209 979 2893
4796 2810 4845 4962 9500 3946 3203 118 8222 9159 2497 3654 586 6075 9803 2990 8321 2013 3796 4197 1447 9061 4294 996 1092 5144 0 2349 8058 6238 6709 1157 2865 8704 8893 7962 983 8802 4968 4257 4264 7601 9044 6820 8624 1107 9626 9935 8247 1876 8860 2176 6395 5898 1378 2717 9488 2215 6355 2878 4471 8207 2214 9200 3834 7593 8016 3515 1723 8525 5555 7118 4966 5479 7006 2293 8330 447 757 3200 4417 2648 5391 8912 3844 4844 8532 4 6488 7067 3094 7802 3356 5213 3478 6293 4710 7033 3207 298 9429 5680 2823 6357 3096 1098 1172 1653 8334 8973 984 5138 5783 5111 8973 3295 6051 4463 217 3213 5978 3086 299 3716 825 4523 8565 1144 1229 7750 3140 5373 844 3517 2187 8488 2094 848 8774 35 4200 8604 3287 1600 4451 7908 434 7602 8074 8081 8396 7209 7918 147 4848 2210 1901 579 1846 2750 3016 7952 1295 2659 8310 5993 7259 7590 4838 2642 710 4946 2916 1264 6518 4833 1074 1756 460 4469 3710 1568 1155 9583 9450 4123 2864 4593 3951 9950 6541 5511 1951 1184 9022 2086 8603 8600 9273 80
5873 1178 7291 9691 4042 6024 9746 216 8226 4043 3884 6844 9010 6405 8302 3380 6100 2360 9783 7490 8122 4744 3971 1542 5793 9039 2349 0 515 5604 6012 8878 9537 7007 8131 3854 6018 1740 7043 6916 7669 8001 6163 2990 7727 8781 151 915 586 5510 9608 274 2186 1367 4728 6653 465 3774 5335 7177 7328 2997 9987 5587 247 5338 2020 5892 3698 5594 206 4392 1680 8595 5403 913 1001 6585 799 7959 9049 4447 1213 9089 3127 5074 1804 223 7986 2649 590 8185 3206 4136 2668 681 2834 3966 6867 463 9958 9585 384 5118 7565 6000 7221 8767 9495 8519 6694 8102 9165 7305 5928 6969 5452 6138 5970 3972 9857 8986 570 1722 6299 5958 5347 1521 1672 5068 8886 4182 8835 5156 8540 5006 8147 2473 4482 3467 4139 3735 7751 1120 5045 7160 5627 6812 518 1847 501 6050 4187 7239 8472 815 799 7221 9967 9010 6720 5312 7242 4855 1363 5755 5224 9315 2005 8357 3748 827 2447 3378 8748 2749 1764 559 7663 8212 9292 1953 9989 2631 7789 8810 6605 8733 9400 5249 2728 4805 3014 8455 2686 1205 9956 1393 7983 2931
8866 8838 2148 2664 4966 8951 2311 8785 4995 6925 8607 7401 9088 4276 3085 1666 7983 5862 2748 6982 6765 3748 8167 9038 8795 3248 8058 515 0 437 1229 7491 4880 570 2044 8754 8750 668 5482 3645 4699 3060 4531 9397 4570 9989 4467 6705 929 9995 6339 6149 9772 4505 2356 8240 7397 3583 3963 9420 8778 3698 2410 9878 8660 254 4033 6844 6501 3622 9637 3461 3080 6252 9347 6744 3479 6116 9926 9983 9897 4960 5620 947 845 3649 9513 5190 4136 2554 2037 771 1003 2627 9197 7203 4230 5380 5002 2654 3653 9918 3700 4199 7840 940 543 9880 9817 8107 5679 9134 5941 3189 3452 4789 2883 3103 9165 5436 9093 3927 6386 7153 2119 2833 4671 2338 6271 1150 8226 4223 9849 9063 5609 5916 9281 6488 5418 6508 5891 9060 9407 7276 3646 2224 4362 3247 87 8622 2056 3701 554 9281 2200 2524 7942 9256 4644 5460 8670 5561 3665 8736 9874 236 3152 8191 2802 2357 4447 2479 1243 7449 1222 5950 9621 4532 5194 2497 4222 8142 8871 5783 2497 3161 9214 1781 7135 4609 3084 2041 6906 3800 9331 9810 2621 2508 5222 3853
7152 1781 2161 6308 6421 3036 4992 6474 9397 1611 3737 9203 1759 6909 2479 5281 679 4532 5669 2833 4497 5831 7047 4550 4942 6894 6238 5604 437 0 1919 8484 4973 3061 4157 3236 5901 7827 6666 2353 7744 5653 5443 9113 8907 9263 4629 1213 7018 2292 8900 5479 837 3016 8867 3372 5222 9044 7878 2820 1552 9786 8 307 8842 9128 7675 1128 3162 4521 6749 1561 3453 5835 6149 7070 8830 1960 4604 3104 1561 6341 8784 5239 1167 4413 8431 6695 8677 4493 9550 6528 9400 121 5026 5621 7149 4542 2086 8678 4305 5244 9840 3810 5932 6057 1433 5476 7786 6316 9160 573 2381 646 9122 7030 1159 2037 8544 4862 3074 1131 7082 5600 5669 8523 887 5140 6195 5099 9017 5942 2712 990 1537 4793 9125 5967 5337 361 6573 1681 7736 3294 4331 111 2584 7745 8756 9010 4813 1393 6723 976 178 3869 9986 1614 4518 7907 5349 8969 8867 6873 2467 9557 223 9730 8258 4160 6145 9210 2041 7753 8156 2439 9353 4868 4795 4684 253 1029 6441 2293 7269 3897 132 7567 919 8691 5688 297 96 3810 3222 8366 3590 4861 8679 5161
4306 541 4245 3432 8906 6753 2940 3321 5318 928 1313 9174 804 2460 7761 2787 9738 5658 5649 2184 5337 1190 5939 3054 5774 7366 6709 6012 1229 1919 0 6927 7793 7732 673 225 665 1501 3813 2268 7885 7159 1677 5419 6688 4098 907 8907 5762 1950 5166 3883 7745 8478 6055 6196 1385 4588 1849 9716 7453 4356 3661 5898 7251 6455 5861 3568 8123 2998 4349 5806 661 1586 9111 8508 5334 7401 2183 3991 8633 6851 2545 716 6233 7616 2809 6936 8316 387 2201 7310 8648 3045 708 2927 4721 6590 5902 3405 2188 1964 8193 6208 914 3904 3755 9912 4510 1721 5538 2125 9237 7419 361 4719 6727 5409 7967 5802 1896 2130 8910 8059 4096 33 3013 1189 4122 5776 4052 4673 7532 8062 8886 835 8127 6536 32 2320 346 4965 6708 8224 4369 9458 1159 1062 4966 1416 5422 7492 5419 3728 3060 19 8091 3913 4100 9986 2450 1554 3789 4436 5368 2296 7988 2908 5850 4051 4806 4053 5762 8988 8413 8061 7824 152 8610 9755 9859 9847 2482 9067 6872 1559 1640 5922 2673 2480 434 5473 3593 827 9806 5037 7921 4699 7416 3408
2635 139 2211 2847 3856 5381 8033 2590 33 8780 3765 4195 9188 1893 4808 6432 6304 7040 3924 9318 3513 4863 6476 3671 4837 7574 1157 8878 7491 8484 6927 0 2291 5641 4546 6541 8165 3698 4080 4045 3725 1450 4522 8535 3607 2183 5725 2734 4237 6279 8996 4512 7339 3942 4052 8876 508 7773 5177 2572 5732 8858 1175 1539 9102 1254 2762 8494 9254 6678 1742 7532 8054 1050 388 2639 1327 315 9829 3219 3326 5347 6054 2700 6964 8592 1024 1549 7713 840 1774 6882 771 5143 6771 5414 2535 5349 9621 8069 846 8048 8243 2260 9222 3091 5094 6546 7918 19 3781 6493 8540 3850 6082 2657 5705 5032 3877 9632 5604 9895 4323 660 2607 2339 155 545 3917 6156 3516 6278 9154 5310 6023 6192 9787 9 3672 3203 9110 4950 9590 3593 5233 4607 2710 3484 4374 2098 6950 7163 4861 2858 3207 5604 7558 5659 7956 9344 6502 193 7326 9394 6444 8245 4000 2718 2968 5039 8357 5173 7313 5016 4614 7116 2475 7581 7068 4714 3405 9303 317 3213 1218 3495 2591 6552 6493 499 8047 4910 7239 3675 175 8874 3067 1221 7912 5128
5521 8654 7984 7107 7271 3902 3697 8719 8348 4968 4847 4407 9570 1164 5856 2194 9411 2630 4560 6140 9723 6917 40 451 8077 121 2865 9537 4880 4973 7793 2291 0 8925 2834 7954 5421 3936 5758 1420 4150 6287 5799 319 7840 5494 3381 7473 9116 3324 130 5739 9924 7116 4617 3319 9649 7303 4348 1488 3822 9063 9239 1978 569 7036 3314 2804 8526 5717 1506 7535 2740 3224 315 496 3403 9744 6118 7576 3930 6430 1766 6037 7408 9159 601 8794 3656 5944 3516 5414 7034 1078 7908 4660 3599 9657 1 456 1686 7396 4165 9757 9197 3818 7984 8587 1991 9487 3873 9253 4694 7437 9324 5824 4207 7284 3481 6857 9836 7642 3204 4887 4217 7809 8259 3322 4572 9844 5941 605 6397 3048 317 9711 3408 5180 723 9933 44 1491 2722 422 6443 5505 4998 4840 782 3431 6333 5691 2234 101 3857 7593 3726 5137 605 5715 6858 1622 1883 2970 4869 902 8130 9417 8695 7812 7457 7092 4654 9132 4644 9284 8764 608 9742 2888 9271 5846 2046 7211 2965 1571 9927 9575 4423 5345 8555 2034 1011 1102 4444 2649 4927 3404 6904 2510
6959 5440 5254 8240 4191 263 3853 6409 2973 3312 6267 6041 8622 2391 8904 2518 3269 9754 1572 3912 9089 4388 4596 2196 1113 1945 8704 7007 570 3061 7732 5641 8925 0 607 3143 8167 5406 43 4722 7364 1201 728 4526 9739 2985 724 3227 1487 2021 371 5845 8600 7175 5696 8423 1540 8549 2241 4515 9585 6248 168 4293 4741 6732 9055 5638 2274 8641 8884 7863 5482 4541 503 1764 8853 6673 6369 3766 2721 9558 4980 9474 7632 9031 9036 5476 2263 341 4774 813 311 5065 9039 9637 3976 357 5912 7881 2635 2964 3194 4974 9049 1986 1729 9374 3519 2575 7010 4476 9040 3246 8663 3825 5587 1346 319 8760 2184 166 6256 3014 4648 6600 5502 1274 5259 5072 6378 9327 2926 6232 6586 3260 949 2261 3072 3023 4246 8254 1605 6383 5680 7272 292 662 3310 1842 642 72 4271 9253 2277 807 7523 6903 1253 3563 2780 4139 8674 1983 754 8853 2935 186 5730 5275 7340 5959 6307 9134 8231 4958 4920 3789 9854 8502 6664 7526 7169 465 1863 2860 5932 5315 1298 10000 236 4963 4303 5532 3481 9328 2139 9504 7645 1760
3876 3963 9771 6356 4936 2333 7691 9141 9010 9017 2410 3907 7654 5047 1346 2988 3850 9061 1640 6395 9166 695 122 8927 6257 1424 8893 8131 2044 4157 673 4546 2834 607 0 7059 965 2084 9312 2986 5375 9143 2160 3323 3114 2138 8030 7501 941 5820 7267 8651 2509 6069 1508 3291 6177 9359 1748 5965 9451 795 284 6527 155 7486 926 989 5456 2733 312 3884 4537 1664 4160 4088 4536 6689 192 3029 1850 1626 6190 830 1655 8806 755 3475 1502 6193 5987 1528 6665 2282 5592 3558 7753 2769 3357 7154 2103 4490 814 789 4104 6075 3415 3256 8732 5638 3600 4979 8774 2895 7573 6405 2460 5518 1238 2068 9278 2762 4385 8935 5014 358 3340 3559 6291 9280 4745 5815 2042 18 8097 5846 1878 5212 1406 5074 4068 4892 8550 5744 8521 3762 3831 1142 2849 7000 4799 9705 1812 7039 5927 8214 6576 136 7205 5134 5349 1573 8325 8440 1979 4568 8166 8285 2495 2551 6792 2475 9519 8910 4836 9941 9473 3767 7754 7269 5675 5047 3320 9755 8003 5722 283 4615 4693 162 9395 526 1977 2353 1855 6628 5208 5344 9688 7246
7880 9965 6405 2190 7102 6597 9708 1700 6678 2257 6963 6623 1292 1210 3448 5796 3855 6516 992 747 7775 8734 5938 8282 4904 3383 7962 3854 8754 3236 225 6541 7954 3143 7059 0 7755 5117 4902 4959 1497 3617 5215 4779 3525 9688 8511 738 3471 5465 2711 2922 1337 2066 4906 1097 3538 9984 1310 377 5330 2506 5197 6278 6259 1007 9779 4216 2376 3246 9260 9920 2363 3816 9627 8247 6874 2831 6454 2833 4491 7104 4563 5885 2066 6968 2393 4631 8473 2425 3441 1802 2854 3835 2320 9155 9852 8733 3249 9316 2239 7095 655 4425 3499 4312 2076 4525 834 9982 763 5033 7027 2449 5959 8925 8641 6014 4882 4167 876 3342 9280 7241 8582 588 9629 7143 7953 7163 7920 5577 7312 3836 3338 8629 9071 6201 8940 6868 3847 4437 8032 4020 4755 1784 5261 2391 2393 4675 2634 7728 9391 3040 7358 912 3100 8030 7647 2182 934 4738 1249 9563 1866 8441 2592 3008 6355 1253 1644 1189 9942 2143 1292 6686 945 2901 7186 4475 9108 606 626 914 5770 7292 989 8058 5484 928 6505 3527 8035 4062 6373 3929 4894 8928 1048 5774
2710 3576 4327 160 8787 2331 3906 1215 3447 4219 2340 25 9647 737 9963 8591 7519 9452 2538 2638 8413 1599 9616 7003 7297 2349 983 6018 8750 5901 665 8165 5421 8167 965 7755 0 833 5786 7407 6611 8464 5871 1316 772 8388 4252 2329 4472 6782 343 8534 5923 3933 2195 5066 4266 8193 4289 9420 2828 9766 1173 5331 3318 1500 3609 9394 5475 7984 7417 1022 9229 113 712 5111 1526 7464 9215 6216 8996 9142 3851 8707 9954 1895 6952 8312 7858 470 4184 413 1287 7221 4472 2177 8533 4921 495 4614 48 682 6369 6931 6589 9355 6777 3557 480 2957 8715 787 3947 4471 7476 1114 462 8503 7656 487 6812 2097 4344 9474 7027 8516 7440 9551 605 1905 1860 4939 6793 5854 8302 9713 8532 9609 6139 502 2128 8025 2692 4604 3417 4065 9382 7955 2584 4575 5241 4932 4355 2070 9285 9497 4225 3256 7590 183 1049 5100 9323 325 1603 4045 9459 9505 9176 5412 9090 6961 3324 8487 1655 5559 749 5739 4291 1038 6776 1614 1106 965 4297 848 4515 8677 1123 5450 7531 2737 3780 6488 2972 2272 3701 5337 1763 956
9008 6846 4344 895 9409 6559 9397 7346 7817 5490 5170 690 7891 7352 4173 809 9004 2852 5534 4849 8848 4370 7359 3433 5496 3478 8802 1740 668 7827 1501 3698 3936 5406 2084 5117 833 0 3715 7138 6678 4322 8396 4488 4223 7655 6101 1912 9923 1430 2249 618 7092 4644 4451 7315 9019 269 1533 4459 4580 485 5831 5421 4745 6239 7152 4701 2981 1616 4234 7894 4712 6756 6059 8250 9310 7932 8076 2473 7269 8021 3685 2099 5673 7947 6932 9419 3280 7295 1948 5696 2919 9885 4555 1520 4050 6493 8762 1134 8142 6890 234 2723 6910 664 7604 9484 8674 9602 5756 6968 2042 7684 6734 8077 8703 6629 2986 3852 998 165 9764 4213 6801 1573 1101 29 7501 9815 1643 8286 7429 5240 6438 1405 6813 3914 5982 8693 3030 4858 4463 7772 977 1021 2878 8236 979 6235 3605 25 8231 8045 7782 4477 9694 6619 9696 8862 9931 2898 6762 8915 1623 7182 5966 9167 142 5783 5052 9471 7692 7869 361 8107 3452 6912 5509 325 2430 3272 2958 6776 6050 4793 194 6262 1428 9014 1986 2670 6294 5198 5920 3890 29 4177 381 5031
5706 7065 5338 6612 9032 2483 5081 7264 8508 6000 9690 603 5388 174 4454 3737 3730 9301 8843 3543 2688 5618 6741 2788 1163 6770 4968 7043 5482 6666 3813 4080 5758 43 9312 4902 5786 3715 0 7667 6948 1260 4586 9034 5807 4436 6420 651 5992 7240 8947 2043 8937 8893 1226 7870 3695 7220 7897 1883 1109 7608 3280 1476 5771 8664 7649 1550 2269 9012 2341 9326 6908 8106 6852 4039 1010 2752 7875 8940 8954 3438 6020 333 4208 3406 8284 9642 8892 8154 3745 5341 9277 5332 9590 9184 2197 1094 1554 4499 6232 8348 8660 4057 3319 9981 9282 6697 7290 918 2883 8454 3783 5181 2986 2296 6034 4738 208 5687 1577 7450 2024 4900 8777 4795 659 58 242 5367 8263 8793 5402 9253 1373 9478 6839 8123 6749 5150 432 9956 3216 6556 9058 9879 3110 6904 1471 7237 9960 2379 2558 5666 1782 5936 4669 5860 8781 9015 3659 8296 172 2830 3687 8424 554 8983 9892 9815 5433 204 2435 7369 8132 4963 3375 9982 9954 4961 5805 476 8327 7206 2470 1561 9088 8482 7201 167 7638 2763 6764 9764 6651 749 8951 6444 5225 9935
8898 9276 9023 7704 5064 3565 8536 3703 4745 9260 5900 7857 7788 900 4994 2798 5436 8511 6517 9018 5830 7643 5437 2012 8008 2644 4257 6916 3645 2353 2268 4045 1420 4722 2986 4959 7407 7138 7667 0 3613 5621 2606 5192 8199 1033 1143 4606 4876 1300 276 8172 2471 917 7954 61 3910 6268 9539 4818 4176 9117 9805 5928 1424 6486 2993 3495 3796 3301 9403 3648 997 5808 2256 1977 7486 2276 4858 158 4974 5359 8340 7042 8726 9050 9665 2102 5810 3363 5784 8243 5331 7781 8303 4823 1734 3501 4572 4972 4605 9631 7543 8396 9964 5044 6585 8163 4058 2689 3810 4895 4549 1189 1093 1560 8376 1715 6993 2631 1634 766 7049 8617 1144 394 9113 2151 916 3297 3612 5005 2199 3710 2862 4252 4432 9671 3212 6996 8829 9530 8911 4607 9618 5051 4038 5561 1804 3465 6254 2027 5977 1016 5643 6149 9770 4235 4467 5596 4731 5727 6756 1632 9606 5418 6227 6562 6415 8717 6583 5952 4596 9728 9127 743 2196 1999 3315 4816 7474 8859 7789 3067 5476 123 5044 2418 8292 4731 8099 4465 8461 2450 8160 9983 8488 7528 6394 3091
