250
0 7906 5270 3204 8573 17 6240 7238 613 1162 7003 4461 9583 8463 5270 8926 4623 7537 2863 2364 7784 8954 7712 2623 5820 3595 4255 2187 8637 4458 1405 3510 9358 4453 1156 3282 374 8346 5664 8512 9517 4013 8559 782 9065 9479 2161 4889 5233 9382 8802 4519 2304 4914 1223 5219 586 2505 834 2713 8590 8451 1145 326 50 5168 4164 269 7876 3693 16 1772 2214 7237 1773 6080 4044 6450 2574 9143 4123 222 9127 4351 7293 9754 1733 524 3022 9168 2328 5967 6160 3546 8988 5415 1693 2702 1344 1556 729 5155 2528 9545 5356 9667 1221 1818 7194 928 6026 9313 8442 4280 9543 5628 846 3246 1330 9873 4731 2040 392 309 1868 7484 2543 9532 2608 2138 7570 9773 1324 8326 8551 6391 2452 8332 4280 3526 4931 4270 6604 9475 3651 7650 6491 4894 7001 8469 7594 5766 3119 9486 3304 1024 9893 3993 1037 5168 9141 6586 4556 4876 5401 1467 2476 7326 7003 6257 5310 4884 4717 7285 3694 8368 1909 7796 4174 8746 3518 2202 2292 7799 4738 7243 9359 48 1517 6781 9037 5314 7527 7448 4571 1212 4320 4622 8142 1394 6036 1303 507 6229 5392 7174 4184 3732 7047 1464 6409 7491 1143 1831 7890 3760 8995 5230 6988 1669 2642 2138 8884 9909 8063 7548 6274 7409 5747 2848 6330 1168 5452 8059 6061 5712 610 5928 6560 6390 1471 2279 8825 1962 4040 325 9418 4227 9641 3649
7906 0 2539 6957 5419 3285 1663 7512 5492 9766 9339 826 2919 3741 7104 1224 8858 5751 5634 1938 1002 1472 1922 104 422 4198 3591 4817 6993 6135 5399 3001 8851 6508 1920 5538 3549 189 53 9618 904 8471 2766 8199 340 4630 6597 9739 5486 6411 9316 12 571 4794 8406 7264 30 2875 4924 4276 2208 6977 1225 4455 2541 2039 9874 1448 9628 3593 3742 4428 1831 9951 5262 3530 2023 6625 3658 6355 4489 642 3294 4147 7992 5489 3203 2598 5435 5983 7780 7794 8664 8672 7071 8500 8635 5375 688 4255 820 825 1097 4187 3304 3665 6576 3996 3345 9263 5505 49 4914 8918 9342 241 8526 9704 5337 727 9036 1110 3444 2571 6901 742 4288 2793 6527 5704 8599 3161 3853 5805 7933 663 2271 4950 7142 9736 8055 4419 9686 2450 7731 9895 9875 5351 3306 2417 1769 4004 3533 8939 4895 2510 4719 8001 6211 1910 9063 5485 5011 4462 6564 3225 2185 82 1831 7473 8062 3258 4194 6949 7267 1063 4533 2519 9193 9201 8123 3115 4656 7646 3466 779 9812 5092 7823 9285 4800 7889 3915 1093 66 2366 6163 6709 860 3977 4928 9117 6336 2648 7852 643 9370 9257 5775 4209 9893 1607 7326 824 1647 4005 5656 4586 8080 6802 1164 9854 2878 9182 9886 3153 9044 1626 4026 7630 1739 9188 5646 6968 2376 4117 8881 4480 6412 2647 3190 3040 8383 2634 4698 3580 2585 9459 2785 1877
5270 2539 0 5211 6967 7278 3711 9497 3534 2644 6885 4705 4616 4173 9247 7268 3541 5209 7969 3491 3225 3698 4672 9516 6738 2148 7317 2093 5976 8886 337 9460 3669 682 211 2936 5818 7376 3278 433 3549 4295 8775 5493 2646 8040 6508 8806 7511 5103 7724 1714 2630 7171 4563 7539 34 1638 8387 6536 8344 3188 141 7477 4762 4846 3521 2809 1476 8455 9080 5644 220 9370 1712 4756 3394 1864 7994 6657 3377 6667 3352 6478 2086 5553 9793 5414 6547 226 2971 3360 3374 769 7595 9931 5427 1317 8279 2277 5693 4171 4891 6904 1331 5785 5757 9334 3128 4379 5604 473 8492 829 398 4438 5918 5619 305 7468 8296 1619 5033 5487 6858 217 3092 3034 2788 7085 4340 6737 7202 9812 4449 6585 3903 4278 6561 8954 8393 5673 2338 9874 1884 4875 7521 2128 3595 5147 2787 3719 5681 3660 4881 3912 9523 9243 9397 7920 9294 7832 3904 4161 3894 7347 7053 5965 4905 4828 1597 5803 9982 2225 9750 3687 9482 3398 7398 7288 4061 2956 1577 8877 889 3568 2449 6102 6722 3719 3496 4602 7185 4552 7715 7203 5840 2994 8005 8835 8028 4180 6993 5856 2568 2450 3450 1396 5541 8012 2642 967 3679 1374 8820 1951 5168 1019 8858 9092 6467 6878 3735 2362 4633 2159 7860 6695 2048 470 9095 2917 6920 9160 103 7297 164 7641 4579 4300 1842 8280 6230 5971 7749 7658 8928 4360 6550 5993
3204 6957 5211 0 2309 9284 8425 1392 8573 2979 4949 3824 6548 859 3368 7240 8569 747 9833 7367 8557 178 5317 6717 8090 1448 4407 4841 3792 1083 212 2978 3257 4205 4273 5761 3336 3958 6961 3050 5891 7787 7705 6252 4845 7891 237 5637 2170 9545 5858 3265 1932 4024 8750 2084 7079 5988 3011 6720 1840 2339 3437 2638 1520 1120 6801 3851 4084 6776 817 7907 6426 9954 1733 2832 1890 9105 6723 6488 2296 3921 3633 2137 8384 8614 1920 6692 2082 5318 8659 3219 7246 4277 5609 6416 405 8088 1967 735 9353 1442 8944 5498 7380 3941 8709 9328 9138 8142 5649 489 6679 2707 4426 2992 7029 9491 5500 5635 1626 3550 1637 2232 8507 7179 6100 5556 9863 451 2838 1070 5554 2028 4018 2854 4761 9660 8972 4850 9599 3111 8168 6071 2506 4499 9813 1592 4037 3639 151 386 8874 8578 9330 2532 1875 8135 2622 18 8151 7791 3058 1941 4929 4194 573 9943 9362 2540 3019 1363 9383 7662 2943 7823 8755 987 6114 4262 8333 3280 8214 662 1663 5788 6956 9298 3162 9275 9191 1758 1859 6133 9704 6089 4557 4578 4264 1756 1594 6926 8229 2684 9334 7846 2433 4646 7575 6915 6077 1353 1320 4952 2152 3099 2529 2198 6753 4740 9302 8823 1494 5459 1270 4846 2775 2977 9618 2549 4470 6056 8526 522 307 3511 9574 6719 227 2047 7751 3181 5417 5419 7961 4638 6226 4819 1527 8683
8573 5419 6967 2309 0 6264 6720 112 2571 5131 1302 7844 7427 402 8792 4684 3115 981 6449 2536 760 3989 6514 3816 370 4518 1376 43 3585 3345 3050 5875 9254 5679 5502 4898 2235 18 4599 3579 2401 4812 1753 7859 6048 6460 8882 4490 1149 2755 7240 4676 991 7886 743 1187 4347 6732 8942 55 9101 2885 3508 4751 7071 6081 4017 3164 9088 2377 8698 3917 8714 964 9818 8607 3725 875 3970 155 5625 4166 4323 9589 1930 7110 6775 4067 6514 9998 7602 5544 9226 5170 4111 8080 6302 9334 4950 7058 7944 8001 2305 9942 3957 5905 2375 1025 1805 6871 9210 8234 8939 1590 2452 3148 9016 3074 3920 2339 5702 8822 5039 7000 1141 3820 5562 5944 8806 1527 6161 1160 1489 4054 2532 9433 8092 1313 6665 3698 6248 7623 6569 2908 4093 2976 835 9247 3758 7051 6926 1114 2211 2639 1234 1259 8544 7595 6200 9437 6082 1257 3541 2567 1709 5165 5046 4059 7314 6334 6755 3415 8991 3278 8080 8899 2444 9402 2762 4888 3056 4858 6957 4372 2874 7311 4856 3043 8229 156 2640 4775 324 240 3568 3616 1670 6777 9261 5104 96 7675 8431 1300 8232 9954 2787 7332 8285 3834 4500 7469 2841 9758 8477 6289 5095 4033 1213 8872 1059 2677 3383 6150 8897 7890 9687 4409 9130 4840 5140 2473 7978 1208 4866 6435 9393 1253 5622 8073 4182 9081 663 595 9506 9036 8764 1122 2827 3439
17 3285 7278 9284 6264 0 3749 6249 5892 8373 4839 470 5170 6504 5968 6413 3266 6749 5929 464 1067 393 403 3874 5790 85 4744 5451 672 2902 5961 7834 3093 9322 9547 6025 8807 529 909 507 6720 9776 9043 7080 1641 9562 7409 9088 4025 5445 595 7705 8846 5875 6056 7806 5896 9415 7916 4705 9046 8608 8681 1920 4025 5475 7187 596 5926 5934 6159 936 4018 4098 8257 6924 3708 6649 6494 5988 5011 6120 6870 9312 1579 5650 1042 7634 4154 275 9246 6622 2040 1085 4227 6066 8701 8991 7208 233 1767 4326 3108 4125 6860 4766 975 2296 2697 2121 9018 4778 7694 8751 4894 6432 5071 7875 5937 1013 2102 6093 3408 1881 4040 2516 3429 1068 7752 6434 5540 4268 7246 2509 7051 2365 7045 4008 8475 3306 559 4530 9376 8350 8727 8539 6110 1441 1252 8667 5085 8673 7171 5348 8739 6129 4061 3267 5070 8303 1153 33 7370 4381 6524 5987 3519 3032 3634 355 7255 4531 4111 248 7914 5996 378 1499 3515 7873 3272 5797 6263 7791 8184 2931 1317 2523 3655 8223 5563 7125 2923 5670 4720 643 2557 9103 9267 4330 3241 8642 2909 4020 2088 4908 7006 4902 7983 4056 5374 2563 2152 2546 9266 564 4350 7186 4168 1268 4130 4332 3384 8162 6445 1284 2367 5650 554 9883 3541 7239 7331 1036 9324 6101 3522 9465 4601 6073 5691 9172 4786 2955 9730 3022 3397 7119 3088 806
6240 1663 3711 8425 6720 3749 0 5978 248 8502 4801 5284 1 4336 1496 7543 4010 7118 3125 8031 4126 3280 6871 9223 4304 8035 5416 4187 9931 1312 8969 5938 2243 1584 3118 2619 6520 612 2162 5637 2743 6583 7827 3325 7356 1669 9253 2646 5473 7280 9547 3357 8859 2214 4924 1007 4878 8783 6098 988 1821 3203 4098 8580 4588 1020 7844 9048 748 6412 5588 9576 2671 6022 3336 9770 6755 7390 3381 4202 899 8733 1139 1313 2483 6856 2612 948 2066 3691 3272 5377 5716 772 9777 361 5919 2877 6966 6543 5247 3693 62 5245 2400 2418 3525 3579 817 3517 1526 8180 165 9645 145 9723 4492 8250 6124 4120 4847 4558 4609 998 1396 1694 2892 8589 1895 6542 8298 8579 9860 1006 1780 7192 2721 5227 9366 1320 9494 4347 6309 7386 2087 6699 7035 9550 715 6868 2069 3901 2804 7108 6037 1395 3977 5659 6443 2015 5561 9392 7522 3110 8772 311 5130 5011 8832 3632 4897 1974 6750 2672 3085 7055 5277 5481 5771 5549 8379 4793 2729 3314 7065 578 2489 5324 4941 4221 3107 3672 3726 7864 1173 1184 9668 4492 3050 6198 9043 8888 3949 5716 4955 4164 8278 6697 495 5144 9276 9013 1630 1345 3147 3704 1998 7881 6485 6904 7639 297 6279 4742 6300 1834 435 9348 2555 5672 6526 6864 4591 885 6790 8757 8485 765 4963 9633 4449 7155 1754 6796 7565 1578 1615 6406 2696 3567
7238 7512 9497 1392 112 6249 5978 0 3292 2059 9606 6345 9528 6345 831 9725 5830 6604 1192 6882 1820 1750 1668 5185 6708 9555 7478 1214 6129 5330 2925 9390 6278 5207 5938 8504 4912 9969 2916 5133 4625 9645 1519 5981 5751 7752 6456 9292 4038 5529 399 1477 9674 3776 472 112 6475 5368 67 7676 974 9877 3115 7482 9857 9686 4800 6178 3135 1374 6253 9515 4811 5418 5583 1573 2669 795 3332 6911 3152 1349 628 4751 6635 2006 1541 7483 129 5974 4524 1102 8362 9671 4990 5766 1965 2497 9785 9504 2237 2716 2543 9858 5789 5136 443 8273 6570 3317 7669 1009 4943 9638 6721 5824 417 6627 2160 9663 1770 2509 7335 7640 3401 1527 859 686 2587 1174 4923 5919 239 7999 239 4052 9086 1760 817 5233 7544 4892 4570 3259 3086 960 2557 4630 678 3456 4785 7464 1873 7669 7481 5167 3938 5647 5148 5334 132 7381 3396 7999 9549 1665 9560 506 5746 3085 7604 986 7773 2221 1897 8072 4172 3787 7048 9929 7505 2262 3516 2511 1752 2913 834 2350 3367 2523 9004 3437 7668 1655 620 4995 7006 2451 2030 9054 4071 4408 8942 5769 7557 8113 1119 5279 2583 6565 9226 4404 9307 8494 4166 5838 7442 2546 8554 873 6025 5452 2678 7990 5629 4802 3635 2436 8720 713 7390 4567 4856 8505 1727 5432 933 4406 3342 3693 6096 64 213 5624 4066 8010 779 1085 6152 5858
613 5492 3534 8573 2571 5892 248 3292 0 7110 180 2006 164 733 9716 7450 9389 443 595 3984 7574 6257 5329 3915 6587 4924 8553 3979 3219 9690 6391 932 9226 690 7561 1814 6295 2598 9709 8578 7443 1613 5303 3060 4275 7379 2290 8287 6789 3463 9433 8070 9776 3079 8896 581 5405 6603 7488 3191 9423 1011 7844 4263 3480 804 9128 7348 6017 5693 5317 1798 7689 6856 7672 642 2925 2449 6600 7380 646 9495 5358 8984 1923 1472 9496 6229 4209 6332 3387 8795 2848 4169 1147 140 69 3737 2937 6339 7221 7699 8875 6070 9685 158 7263 6625 2720 4390 1163 4876 5014 6944 285 4241 4636 7206 5231 8174 247 1394 8647 3401 3883 1080 4082 6153 1498 8029 1432 7650 6077 9996 2555 3658 760 9928 3571 5508 595 6036 9653 656 6938 5822 4001 9776 8478 7825 2475 1505 4468 9269 7250 7026 831 7589 6306 7384 8958 6149 8447 6988 7909 2401 5666 8309 4357 3108 8472 9943 4912 9769 7194 8405 9980 538 4503 793 7028 4259 311 5581 7759 3839 7377 1274 4475 8570 6881 6723 3209 3001 8838 3875 1515 1565 6657 9455 5090 2544 1781 7098 5375 1716 5421 778 8645 9887 2829 6634 3858 1743 4018 3311 9712 4378 6958 5926 1722 1632 9639 7656 4109 8474 263 4071 9610 1034 7612 844 5171 9492 6513 7322 6060 9927 9895 9880 8444 976 3713 3528 7590 5886 2812 4543 6562 9423
1162 9766 2644 2979 5131 8373 8502 2059 7110 0 6915 9668 7147 2648 8589 9671 2747 4664 1580 3586 6403 8614 7267 6765 874 7635 9252 5820 621 4047 6773 3831 2207 735 2972 6101 8249 548 6886 4262 3624 7741 4630 7785 3758 3077 9612 9319 3591 4732 1610 7541 5907 8526 5344 8633 4736 5715 4488 9781 8204 1999 7825 980 6809 2113 3428 8674 7026 2296 2924 3127 6002 7731 6124 3282 739 9123 6186 4152 9988 4015 9910 5442 1356 371 584 3553 8870 9359 4346 2083 5949 7929 2550 233 6873 5511 7901 755 3100 6525 5147 2085 4268 1824 890 3432 4323 7838 4550 4474 1553 7333 4783 8438 7214 1965 6917 4414 5678 4912 2837 4488 6419 807 6417 1678 2831 2876 9987 5193 687 8784 7200 9889 7169 7692 4451 9777 2681 1161 7999 3712 4219 182 8522 6254 8486 4841 670 6643 6604 4028 8096 2937 7578 6662 1410 1792 7561 5714 4860 7104 8630 4120 4417 8571 8051 8392 9459 3541 2318 7789 2637 5254 5659 5711 7177 1156 4232 2110 6056 1542 5608 6875 5856 3687 6063 1987 4703 132 6550 6855 1596 8833 3721 5135 2695 2226 1835 5887 9775 7397 503 9384 9861 6360 6487 1436 1219 5949 6629 44 2256 9423 2258 4895 5948 3429 1839 5349 9644 286 3468 2196 1109 5601 2924 1717 748 1734 7918 1939 3084 7212 9498 4058 485 6798 9768 3554 6783 82 7622 7475 2529 1342 9415 4722
7003 9339 6885 4949 1302 4839 4801 9606 180 6915 0 7438 8521 758 9647 3047 6116 7187 7412 9727 7265 3398 5293 8339 7893 1305 4160 2818 5050 9036 5397 1062 5795 2647 3834 2012 323 9618 7210 231 903 6339 638 5570 5277 5907 4904 5326 3343 3554 5167 3751 2923 8356 3376 3905 9636 3301 3668 9165 2885 7214 427 628 544 1649 356 6268 1067 61 4643 3350 753 5334 9297 9442 2716 4987 5118 4071 7191 2843 8932 5506 8733 8817 5923 3449 379 1898 5523 2463 1589 9100 8656 3709 1590 2774 8434 1758 9106 9330 2141 836 190 8631 7514 4339 3085 2244 8286 8443 1529 6566 849 1183 5446 3720 2189 7106 3279 94 6828 2935 2124 5923 6354 4472 1579 5532 304 761 5299 7506 5708 16 8205 1388 7316 9799 1399 2241 4171 113 9919 774 8933 8633 5569 2444 8355 6649 688 860 4646 7299 8917 5786 6969 6145 6025 6613 2959 8 675 5200 7169 5753 5623 429 8818 932 7032 9545 8040 1957 4046 3260 4940 5657 6362 5094 3306 283 5729 3180 5924 4331 827 6978 9370 8757 28 9322 314 7558 8078 353 889 9585 4247 1715 9995 4618 7773 3413 168 3173 5854 740 5005 6918 2463 9210 2664 5309 7862 2437 3879 9311 9484 7826 9847 7414 3807 5852 4448 4280 9036 373 9287 6224 8425 2633 1624 2806 9738 5449 6611 3970 9572 6701 3314 1521 7046 6284 8428 2682 7795 2693
4461 826 4705 3824 7844 470 5284 6345 2006 9668 7438 0 4123 3465 5162 1910 1987 1822 959 5344 7593 2415 5676 8983 557 7519 6295 2940 7958 53 9970 8156 3312 2022 6616 5542 5165 1030 599 6911 484 2458 1627 2361 2417 5893 3152 4299 9526 8311 6356 7339 9603 6904 9598 5686 1666 6398 7476 9100 7231 8513 6088 76 7501 1483 8129 6566 982 484 6856 5670 8308 2871 741 5206 4307 7179 5968 9233 3907 4760 2801 8544 7101 138 8821 1595 4543 2033 4976 3135 8468 9028 9974 7620 8670 7346 4356 3180 5800 6095 8787 7510 6553 950 5405 9550 5601 2532 9809 7796 3553 5532 2687 7065 3722 3829 122 3733 687 5345 9815 1814 6241 4070 7899 8471 9072 8673 1198 6235 2414 1867 5404 2652 2260 3850 7313 1094 1093 8160 5195 9360 7356 7164 5259 9619 3825 745 405 1448 705 5893 9328 1567 9625 7645 6699 1061 5685 7640 5858 7858 5908 8387 9470 7600 4189 9739 5881 6586 7683 2606 7231 6502 2518 3150 4397 5614 335 6599 3320 8344 8972 790 2096 6136 5857 1302 5663 728 1573 7043 6417 6191 4827 6308 7867 3749 5617 2783 7184 6819 1086 718 2836 5288 9969 6206 804 7466 9641 1897 7395 2806 4266 2333 1268 2284 418 544 9670 8379 3148 6661 3051 8924 4005 6223 8622 9336 6662 2030 2554 2606 7927 8660 8272 5474 165 4828 9372 1446 2360 9140 8303 8266 2115 4737
9583 2919 4616 6548 7427 5170 1 9528 164 7147 8521 4123 0 6370 2206 4500 6576 4057 2095 3486 8520 4549 4429 977 8732 1480 8271 9982 7188 8863 9029 6127 1397 3315 8768 5304 5851 4238 3214 8291 8256 2613 2711 462 532 6608 9681 635 7606 5808 1652 1630 9738 5249 2097 3880 764 594 2002 5939 5371 154 342 8581 6132 386 8652 8130 3150 7342 6947 6292 4659 8284 4352 4021 4393 6397 7019 194 5697 2139 5731 751 6528 4276 7726 3564 3188 9417 5927 5765 7817 5101 6810 5660 5942 5051 2977 1764 1067 5167 2026 7863 4064 6969 5653 8495 3098 8009 652 355 1102 8659 1719 2374 9710 7608 9365 7675 3806 6455 2871 9159 533 3777 7240 187 1358 1945 2236 5358 4273 6049 2540 905 9935 3523 7425 9723 7164 4539 7526 37 236 758 5966 6753 628 1928 9151 554 289 9020 2869 9953 982 8798 381 7029 5964 4383 6188 9438 4206 7507 6258 225 4512 6836 658 9105 2706 5795 5123 7555 330 8474 4419 6126 8410 4733 62 9660 9569 7736 3431 8270 7657 3243 6937 9535 3040 2568 3495 9917 6306 4958 4534 4828 9658 7088 4063 4239 6846 8192 4976 1634 4838 4234 2147 1950 2458 3853 3023 4944 5211 5419 903 6863 9511 863 8918 3246 1497 2627 1157 5322 7699 3516 923 8246 7028 2325 2636 9526 6028 8723 9969 740 5182 5145 4557 8831 6412 1747 6748 3632 2206 3454
8463 3741 4173 859 402 6504 4336 6345 733 2648 758 3465 6370 0 9579 7622 2965 5155 4897 3821 6316 9356 8386 9306 2277 2667 7164 7558 1508 3701 5237 769 5877 536 6568 1462 1190 2285 4416 6560 9504 284 9123 9319 468 1826 9305 4109 8538 4486 2159 2763 4263 7289 7266 4709 1896 3936 4203 1257 2720 7322 1096 3413 1261 4834 6500 2072 829 5688 8068 1898 2784 6232 7156 8741 9718 7351 9378 1544 1505 9380 2542 6300 2249 914 8110 3440 6481 6918 5692 5264 4845 5568 4650 1355 737 8623 2063 4484 4464 6483 9439 1240 7755 4320 1354 3570 5819 7176 5164 2348 5065 8542 8297 1062 9900 1637 843 6668 1745 1629 3848 7637 9343 1422 7791 8785 1854 7457 4830 7748 2441 1505 3849 3422 4778 29 9177 8771 390 9449 7457 3460 8125 2119 2887 7943 2462 6316 3956 9355 4722 175 6154 7529 9785 4005 5939 870 8443 5213 854 5851 4462 8251 8070 6178 5730 2490 8725 3421 3786 7848 5354 3378 3074 6047 218 5941 6618 7587 7110 8428 2358 1133 5451 2819 5204 3813 4162 4487 3558 3867 1620 4108 5825 3350 2438 1992 7957 5000 7939 160 7244 5831 6678 2796 1843 2210 2387 4316 9903 806 2347 701 1455 314 4035 7259 6875 9618 7736 7905 5362 8811 6615 0 4539 4300 9004 5023 3754 835 6893 3393 8271 966 9037 5350 7678 10000 4506 5581 424 5992 8422 2912 6180 2441
5270 7104 9247 3368 8792 5968 1496 831 9716 8589 9647 5162 2206 9579 0 7583 1271 1145 4539 9920 6456 2886 8278 7215 7706 7950 3542 9387 6388 995 7333 4643 6056 8195 6225 3542 1663 8330 443 3937 8447 21 7635 8487 2531 5756 6239 6152 9160 4408 776 6854 6814 7092 6454 4221 756 2983 6556 6708 2294 3772 2646 1816 8742 3961 4091 9993 5530 2969 6812 5869 3054 4886 8055 7486 7294 8479 8565 4486 5914 4197 4500 6096 7103 9593 6281 9609 6800 7536 506 6651 7923 8415 7367 9049 2227 6708 2507 2839 6781 7169 9179 8597 8646 2129 3438 150 1815 8311 7278 1397 6013 9787 6875 5256 644 3856 4373 9093 1749 6493 562 1728 2623 6271 8451 960 2634 3329 845 1132 638 6935 1034 9852 8230 771 5820 6447 6767 174 1766 7479 7055 2971 6475 2239 9753 5645 2595 9024 2124 8407 5019 3388 5498 740 359 6323 406 5148 5677 2956 9515 1867 161 5744 6381 6521 7573 9897 5828 5319 9593 7276 8290 8808 2508 6447 1903 4911 2047 8732 9488 2480 693 3039 2886 7879 4500 28 9073 7398 8028 8453 7060 5030 5162 7823 7200 3818 4841 3669 6494 8179 6807 8545 8434 951 4679 230 9754 4439 3294 8910 2120 3673 3158 5230 5595 2579 7099 5276 9762 2179 592 8824 2575 7029 4991 479 9127 7252 8399 4006 8969 4539 9088 739 303 9089 3549 8619 2589 2031 5371 4868 9376 669
8926 1224 7268 7240 4684 6413 7543 9725 7450 9671 3047 1910 4500 7622 7583 0 7256 5263 1881 87 4344 9698 64 5660 7023 9019 337 9997 3888 9592 7191 7611 2491 2812 9760 7117 5390 5786 2253 3797 9429 714 2521 7156 533 3135 8122 6422 2942 8538 1882 1030 6238 2573 1081 770 5061 4171 3141 3505 8478 1313 5923 9421 9361 2131 7808 2414 3618 433 7059 99 5882 4750 122 3294 2039 1101 2754 2477 491 6316 278 606 8853 736 2119 2939 7334 8444 8885 3147 3859 1693 6016 3974 6664 33 1712 8296 7157 1817 3195 5396 9940 1503 8338 9938 1627 7019 4754 9370 2433 833 6296 3241 9375 6203 530 5555 3984 4541 4475 45 5217 5709 2293 105 2141 863 1169 1929 7499 8313 3568 6917 9713 2689 5211 6705 9848 9632 8373 8674 169 3968 2116 7951 6549 9605 6788 8580 6147 3291 4175 6609 8017 122 6974 356 4063 6993 9915 2566 4720 809 269 6569 2658 1580 2173 1136 4375 5978 2596 3248 8822 1471 3164 4079 135 5548 5532 8169 7534 8041 9204 8859 3151 223 2316 6390 5198 4084 6559 8919 5570 9095 9695 8018 1728 2912 9901 6439 3835 8236 8689 1613 251 956 9089 5423 367 6201 9761 3056 2151 3125 2895 3525 4338 4481 8647 2621 3485 4014 420 102 5693 1508 9338 4626 5614 2372 9538 6443 3430 8292 8863 4972 7071 7896 4936 6320 9074 8514 1109 8542 5173 5760
4623 8858 3541 8569 3115 3266 4010 5830 9389 2747 6116 1987 6576 2965 1271 7256 0 9636 1654 5151 5886 7740 7513 357 1252 4701 33 265 9071 8423 631 2601 8970 7020 8135 5980 2964 9527 9728 6913 8893 8726 5124 72 3171 6819 6822 8874 2411 4006 2450 4589 6919 6837 3825 4385 3302 3104 4847 5395 9933 7568 9706 6964 6955 6929 913 8690 3148 4784 1419 1994 5806 5549 8144 8644 5230 9615 3018 7923 4104 4915 1870 9198 676 5300 2660 3942 8682 93 2032 2493 4408 7464 9879 2725 1335 8264 8915 8948 9588 9799 9093 1186 1956 5986 3339 7908 95 9231 3564 669 3605 6172 7168 9872 1141 1293 2250 1647 8426 9055 7732 869 7732 4669 3107 4504 6649 9449 1348 3790 391 9177 7085 1448 3611 5129 9110 9331 1448 6056 7737 8611 8071 597 2075 868 9832 201 2287 5955 799 9121 1606 7315 2761 4620 7131 9476 8399 8325 8735 5518 8613 8100 6994 4273 7818 3561 4407 6626 4921 7700 4293 667 672 8991 3292 5751 460 9996 4063 5291 7097 1472 8320 7334 5113 8066 3816 5970 9561 2196 3827 5465 98 3974 8230 3054 4493 7998 5751 7840 2872 7194 5432 7664 3064 4728 3889 5506 2399 1354 3466 2697 7831 8524 9804 9688 9015 5898 1024 2616 9706 2248 1007 8175 3987 5347 5153 6557 9055 1422 7304 3482 3668 7814 4526 6394 7079 9427 2159 6406 6080 6634 8159 1330 5788 3399
7537 5751 5209 747 981 6749 7118 6604 443 4664 7187 1822 4057 5155 1145 5263 9636 0 7234 3973 6858 7527 9897 3920 1488 5574 5631 4432 8126 5015 3929 4902 3036 3189 4099 5412 3293 4264 8768 9014 3613 7288 3452 8305 9112 9922 1616 7990 4630 1583 7184 8241 8060 4900 9394 2546 3990 7881 565 514 172 883 7586 9022 2270 5398 3070 2251 4024 3060 3323 3960 3165 9646 1395 3938 8449 2744 1669 782 5336 9766 5565 3806 644 2415 8162 8192 9225 58 1869 8771 4148 9061 6289 501 8191 6988 9371 2652 7583 2903 8502 4188 1043 1937 1766 5590 8244 5922 1045 4049 188 2536 323 7871 9843 3433 2797 3312 8654 3985 5632 9095 3035 6216 9967 3425 3628 5789 6083 9326 4970 9323 6341 6477 6936 386 7177 1008 5891 7968 9712 834 7274 4711 1675 4284 8028 207 1082 8282 1482 4653 1480 4628 5376 524 1613 6899 297 7424 1324 701 9554 5850 8443 9915 5488 2997 5695 6420 7254 1895 3453 3277 7164 7410 2392 7232 5801 2588 1747 2521 3725 7865 8586 9177 8882 1855 3503 4509 1959 163 4663 8846 9524 6228 9553 1783 2838 6904 1500 9657 8842 4327 3819 2910 6203 1413 5572 1382 9781 4225 512 3349 1011 3900 3197 9984 4173 5390 2581 5504 2848 4740 7149 1057 4252 5497 916 1814 4020 2568 6024 1189 5061 2329 6711 1909 2654 4888 9263 9647 6904 6380 432 2159 4914 2156
2863 5634 7969 9833 6449 5929 3125 1192 595 1580 7412 959 2095 4897 4539 1881 1654 7234 0 9278 5220 4248 1647 3124 4402 134 2295 2939 1491 5054 9385 6705 6065 9945 8682 4926 2449 1580 1485 8398 2821 7895 7637 9569 8764 1310 6239 6935 8008 3091 2113 9732 6277 3016 1824 2158 6986 2735 2556 2037 3991 8625 15 4343 3307 5855 3905 9815 2232 8969 3353 6766 6248 8124 7437 5703 3209 8839 461 6154 6070 9325 5034 8321 98 3103 1586 7802 7139 7747 8950 8654 8768 3800 79 1176 9149 5323 853 9725 5203 2566 565 8191 2593 3217 4544 3719 8824 7385 7479 7803 8889 576 2127 2388 2933 2113 5279 5634 2033 4324 5094 2674 9651 8961 8062 3105 5610 6442 4932 6365 786 3018 4079 3156 3342 6730 600 2128 9655 7261 5246 4251 1348 2426 6169 7405 6977 9347 2355 1899 5249 6032 4371 2642 3060 1941 2583 4754 3350 4425 4638 3643 323 7615 4187 7983 2555 3211 3288 7375 986 2099 3544 7100 3664 1535 5167 1154 2311 9391 4747 6059 5250 9180 4964 2854 799 1537 71 8812 5036 7820 5838 1992 2062 2781 1305 3620 6965 900 4262 5927 1897 707 5186 4735 3385 6406 1264 3804 9001 3605 697 6235 6835 204 3815 1264 1941 5223 2462 8098 4152 2666 537 8778 9863 8379 9936 2963 5548 6549 5973 4121 5622 6154 2939 3202 2002 8509 4286 8584 3426 4474 5422 6889 7196 4931
2364 1938 3491 7367 2536 464 8031 6882 3984 3586 9727 5344 3486 3821 9920 87 5151 3973 9278 0 2498 1076 3420 4798 3076 1810 6858 7432 6620 806 252 2616 3614 452 9922 400 6079 83 8771 4449 2291 1187 2389 4858 464 4007 4955 6997 2835 4970 7184 9227 7591 1875 2426 2453 4527 7546 1203 4146 5781 3562 7728 3305 6319 8429 6458 4686 8718 9564 9809 8639 3224 6044 4531 1118 8635 1714 8628 712 6408 6839 8692 5447 6959 5785 3179 5767 307 5760 5076 1309 3506 625 8543 3982 954 4001 1275 8182 7458 8726 6141 2403 4470 8684 7511 1344 2070 237 4194 6574 7234 4666 2837 9458 5793 3149 8082 8598 1602 1202 1378 8312 2319 9930 4661 9858 656 7596 1826 4450 9753 9922 7883 5509 9858 3421 3198 2382 743 9552 1469 8226 7715 1093 5328 237 2972 2222 2542 7027 3286 1798 6714 5913 8630 9691 7413 3352 6235 6758 8660 6988 7675 6922 4391 9832 1013 833 1645 3538 2982 5921 180 2957 12 9963 6924 2087 9039 6104 5083 5262 8448 3888 818 5921 2315 9986 3677 1031 8250 2649 5524 2445 720 2702 5729 5033 5738 8729 1483 2351 2488 1878 7647 9792 4612 1213 5965 9473 8082 3319 314 5716 1420 4544 9697 9790 5455 3873 5280 1734 4005 1635 2220 7404 2844 580 2047 2499 5652 4633 260 4584 9122 3185 8419 9978 8688 1608 5915 9823 8469 2339 3319 6556 4081 6724
7784 1002 3225 8557 760 1067 4126 1820 7574 6403 7265 7593 8520 6316 6456 4344 5886 6858 5220 2498 0 2650 3869 9564 3404 7866 9671 1774 5474 2396 9137 2217 6360 107 218 1238 2029 9202 7378 1147 3049 8121 921 6825 9401 6558 7749 5118 9730 1466 1304 4450 6826 9368 8954 5057 8860 7391 1526 9940 4631 2384 4581 2535 1161 5403 6995 6398 9233 576 8201 2613 5540 378 9528 4478 2358 565 1754 4348 9255 8227 2566 2253 1120 9189 8590 3388 6696 7004 47 3810 393 6879 4182 2173 4414 824 3885 1375 5410 557 9515 8332 2127 4497 3158 3413 2291 3769 5179 1572 5010 1889 6205 48 4842 6536 7900 6069 2353 7016 646 7129 8529 255 4433 1205 892 2851 8859 7455 2276 5824 442 635 6278 2154 5210 9667 5820 7791 7924 4998 6024 5150 5183 3963 484 1844 556 9335 9227 4791 908 1612 1817 9956 1052 1729 5841 8857 6480 572 9446 5135 8822 5477 1352 3482 6197 6875 4791 8669 7336 3696 5869 9964 1164 1739 5676 758 2231 1775 7822 2372 9590 6380 3313 7957 3517 8379 8618 5021 2511 5421 14 2470 5383 8104 4061 2582 3463 7212 3514 2217 8539 7216 3109 6714 7856 2676 5636 9336 2066 8840 850 7772 7369 3240 7484 7737 5432 5957 6809 8662 7080 4917 3459 5155 33 9565 3143 633 6062 6702 3474 9975 3336 3001 7430 420 5080 6204 7427 5805 8211 4929 7114 7509
8954 1472 3698 178 3989 393 3280 1750 6257 8614 3398 2415 4549 9356 2886 9698 7740 7527 4248 1076 2650 0 177 5824 2963 605 5602 7926 5847 2729 4151 8704 9401 4485 4147 2920 806 6850 8215 9737 967 538 2128 7159 702 9207 9292 2232 4293 4307 4863 6923 966 6945 8024 2236 3504 5825 8505 116 1869 9950 5085 9380 1280 3743 7425 3579 7026 6721 8310 9890 777 2477 2102 4803 7823 7606 6356 5544 8124 6235 7860 2698 9754 4998 4298 3758 1330 2472 127 542 1228 4150 7248 2751 7074 8397 7691 942 937 9304 2458 1750 6683 6904 6975 6181 2094 9616 1818 6696 8510 8135 3324 9743 3704 1744 8321 2166 9969 7307 8479 7124 8308 9996 2705 8659 3460 5831 7408 1899 240 7638 6864 1692 4912 7402 6206 5219 8896 3508 7156 1418 2834 7881 1792 1517 4030 8035 4845 4422 5491 100 8282 2589 64 5087 3743 8507 2979 1417 8056 5933 896 9861 6783 6383 1265 9491 858 2350 6025 9023 9916 2400 1705 6633 3686 1501 909 3326 568 4602 5802 3896 3775 8561 8686 8781 840 3565 3787 6966 4083 7304 8690 5363 8096 3213 1453 5978 4399 9822 2627 2466 2690 5012 2589 6985 2417 7638 1785 5475 5056 8143 6817 826 7092 9770 7660 1924 5222 5581 3124 8192 6491 1745 130 42 8669 9287 8571 3842 5113 5796 5616 9918 6419 8829 3937 3857 6939 8581 4414 5734 3749 4560 8889 8449
7712 1922 4672 5317 6514 403 6871 1668 5329 7267 5293 5676 4429 8386 8278 64 7513 9897 1647 3420 3869 177 0 799 4185 4189 1856 1657 279 722 1721 3466 4866 816 8478 7615 5414 5659 2682 4822 1578 2104 5085 4355 5913 9454 5282 3310 7733 6714 3155 8955 8926 4733 3953 2683 404 6019 415 8085 8508 5221 1679 3599 9925 6463 213 2992 540 679 8455 2231 5050 5419 7638 7813 3744 8249 8772 5707 7151 1870 1433 6224 4437 5334 461 8668 3915 5065 4549 6179 3329 7290 4623 7201 5935 1409 3813 2297 8070 6228 8511 9819 1423 1611 8690 3688 3805 6527 5851 507 1485 5538 9264 5762 4383 912 2217 4423 8034 7133 8790 3970 348 6853 9528 7757 3197 2907 4217 2325 5061 4571 5210 1395 9213 6943 7458 1092 3270 1214 1644 9798 7675 3731 8670 2602 3549 7172 3163 7935 9743 7041 6272 8027 6712 6219 6485 9984 1711 4882 5797 5126 924 8337 1656 9082 8748 1043 7755 5587 1052 9647 6780 4662 3568 843 1465 7663 6396 158 9181 715 1508 8531 776 3374 8136 3074 5769 5810 1325 4267 6904 8983 5992 5369 2308 2342 3264 8113 4109 695 4209 2902 6804 6130 6566 9059 2515 4877 3540 3962 4088 6149 5030 3992 3638 9876 2308 2971 3874 4721 2213 8326 3619 4069 4597 5915 9972 9352 4904 3691 4611 8496 8900 784 9457 2402 2911 5356 1702 6500 3964 4325 6284 8420 4737 7583
2623 104 9516 6717 3816 3874 9223 5185 3915 6765 8339 8983 977 9306 7215 5660 357 3920 3124 4798 9564 5824 799 0 1450 9869 210 453 2490 1830 905 654 5424 8401 8597 1309 8799 471 5774 8062 3702 9287 4130 832 5516 9934 2578 8371 3818 2993 536 7145 1226 5163 8086 8244 339 3724 2403 2671 3401 3359 8984 1801 2558 3880 2524 6576 9633 6768 6760 1938 6785 5066 1296 2150 1214 335 8657 3668 2174 3441 5592 1898 5019 926 333 4079 4771 937 8604 1708 43 8593 7384 3976 4919 8896 6320 9617 2936 2529 2001 2983 5155 4406 9698 817 3070 661 278 2848 9631 7463 5944 9068 9555 6937 2580 5956 2020 1369 7151 6981 3965 9636 118 3518 2128 6625 9894 3043 5100 9625 2020 5265 5772 9078 3590 5706 7089 2302 18 1755 7603 9198 3833 5437 8877 2752 9186 7133 2249 3292 3356 7207 1453 1393 8418 6625 894 7516 1689 1980 4891 3259 7163 9755 9512 7080 1879 5362 1956 33 486 5720 4458 9770 7339 3948 8798 5322 8250 7644 2552 1957 6824 9893 6015 4619 9752 7183 8611 2134 1453 8396 9524 9678 813 6752 5998 6607 2040 665 9710 9039 5327 6601 6533 8839 8488 5005 5931 9574 6166 5850 9859 2261 6944 9300 4668 370 9084 6619 868 9989 9137 2138 8052 7495 3036 4696 4726 3936 7642 1735 2247 8710 9173 8097 9584 1298 9945 858 1979 4845 5660 4480 8336 7655
5820 422 6738 8090 370 5790 4304 6708 6587 874 7893 557 8732 2277 7706 7023 1252 1488 4402 3076 3404 2963 4185 1450 0 7320 9306 2243 3621 4064 4104 2416 8769 6680 3781 832 575 2555 2758 7146 9549 6789 4695 9085 8655 9055 6607 8893 9235 339 9960 3709 7886 2120 4686 1217 5848 9741 5062 6905 733 485 4009 8911 2591 4016 1316 319 5376 3903 1657 4634 7596 2588 4194 6850 8983 6071 3724 863 8888 3799 7061 1401 9528 346 8834 6607 9149 3398 9710 6182 2446 9329 5817 1841 6406 4055 5097 565 7037 9567 8034 1315 2116 2064 766 3562 8223 2237 3469 3884 2562 9249 489 2001 5360 3860 1085 3625 5805 9131 1987 925 1963 3418 1686 3601 1340 5199 2675 9069 368 5371 8673 626 2032 9621 9308 178 7820 2154 5946 7558 6815 6176 6240 5684 559 1043 1896 3913 6000 3992 4992 6295 7045 4081 7584 720 5055 7346 9027 3462 1558 7543 5022 8012 8349 6258 9693 1591 4097 5485 6425 5156 7728 7865 5224 8305 3514 2425 6429 5196 9141 873 657 1930 6978 2775 9433 4763 8848 2886 6532 18 4508 2279 4817 2372 4276 2834 174 7879 7262 8253 9142 3300 1105 7230 8411 9396 4556 5799 2636 4775 5719 6751 653 964 4813 2110 503 7289 8395 9578 5115 1590 419 1585 7368 2701 7293 8347 9163 5599 1551 8534 9195 4398 5628 6286 4780 3057 4558 7865 8085 782 7126 6988
3595 4198 2148 1448 4518 85 8035 9555 4924 7635 1305 7519 1480 2667 7950 9019 4701 5574 134 1810 7866 605 4189 9869 7320 0 5281 9686 5865 8646 3049 5318 9526 9331 7786 9679 8724 6376 4414 6352 270 5152 1820 3956 2872 5659 8108 4327 4747 4823 6903 8411 7165 3065 1966 999 1526 3166 1696 5587 2584 1332 381 8504 6330 2222 877 4203 148 2278 5225 4050 1693 7572 4964 2154 6727 1771 1519 227 4827 7026 4955 2759 7449 5600 16 9704 6494 848 5544 8392 1023 755 6513 2752 3165 6844 9342 9007 6093 3300 4816 9672 6132 920 4067 532 7796 686 5904 4597 633 4224 6516 4546 2372 4759 8795 2360 5292 6603 4865 8044 271 6204 1406 9382 6979 4572 3365 6421 4980 3417 4773 2481 2329 8561 8189 5060 1153 4624 1569 8145 2584 3416 9634 7710 1771 1444 7490 5769 3427 7876 7964 7282 1589 1691 8260 7682 9024 9415 5415 1852 3600 531 8667 5872 7573 2908 727 7871 1344 813 754 9543 4262 1085 117 1969 1746 4593 850 5312 4856 1283 2845 5416 9919 6092 8409 8077 1125 6222 894 9735 4530 4338 9647 3398 941 3609 1000 973 3382 1382 5552 9673 5387 1595 2649 5916 6204 1024 4946 331 6782 2013 6636 5553 6631 684 1181 7610 2033 4996 2936 843 3417 2599 9101 1915 5086 7221 7504 7547 7456 721 3638 4328 38 5809 2286 6592 5162 887 2745 3092 95 9593
4255 3591 7317 4407 1376 4744 5416 7478 8553 9252 4160 6295 8271 7164 3542 337 33 5631 2295 6858 9671 5602 1856 210 9306 5281 0 1813 8148 1432 9680 1896 8557 8457 9278 9900 1300 4558 9569 1691 3819 6835 4861 7163 1663 7061 1826 3530 8 3289 4892 9079 6339 6951 6273 7958 2 9257 9251 885 9860 5272 5385 3089 1372 3054 5288 7437 6845 4373 7255 8460 7745 4799 7786 1440 15 1215 8520 7763 3015 7716 3664 4375 6446 3418 4935 2161 9829 9946 3621 8643 8766 3761 8884 7848 1985 6100 2719 4359 7509 7815 2270 2516 2254 9478 8035 8401 3543 2634 2440 3404 1239 5101 1606 7243 4872 6499 7128 6138 7226 635 8691 1974 2121 8487 4254 6162 4466 5717 5442 3312 9883 2279 17 7060 6002 1703 2387 8665 6714 3707 4815 4637 5886 2077 7386 6260 1583 1258 7581 2981 4708 4504 7382 444 7244 5430 9306 3737 6059 3044 9636 1676 9100 9143 7774 3138 7083 6084 1858 2435 6109 4751 3559 3917 7784 9895 9212 5493 565 250 9644 5680 5663 7983 9573 6985 2668 8867 5516 3067 7117 9252 8814 5925 2148 3535 939 7245 9144 1347 2646 2984 7458 8723 5674 7996 326 1033 52 717 7082 6884 9803 5784 1712 5250 2891 7472 9067 9831 6953 333 5477 3301 3572 8559 4954 4573 7806 1584 8485 2102 8227 9159 6464 2859 4844 4267 5422 2563 8598 839 679 6685 6931 9612 1784 6430
2187 4817 2093 4841 43 5451 4187 1214 3979 5820 2818 2940 9982 7558 9387 9997 265 4432 2939 7432 1774 7926 1657 453 2243 9686 1813 0 522 7276 7536 7928 7492 2530 3501 1682 1828 3803 4029 8134 5225 2261 987 3283 5463 8782 8980 6504 9320 4564 2729 6832 6046 6838 5065 2804 4733 8626 6919 4539 9718 6500 2895 2216 878 9456 1266 8590 371 5836 7586 5658 6413 926 7324 4879 2236 6862 7452 4994 7295 1669 6642 3977 735 7741 8088 2552 4649 6248 2721 6422 6956 4548 3416 8139 1832 659 524 4551 2610 7691 8900 238 3402 9597 5263 8819 4950 4923 7785 9432 6402 9524 7293 3671 9066 3269 3875 7246 1756 775 2472 1042 1124 9443 9981 3385 2678 1523 208 2429 3997 7600 121 3210 533 5160 3356 9180 6556 267 5377 897 7234 3423 9018 3327 6177 930 1605 917 537 9443 4660 7094 8794 9333 3043 6430 2468 2152 8040 4257 7522 7787 1622 9841 4386 7680 4376 6645 8281 9017 7103 792 8470 9634 8574 5917 6435 6009 6290 7504 7171 3670 9558 7710 6225 1521 8165 8679 3447 5984 3596 7278 3002 2697 4203 6801 155 8940 997 3342 8722 6578 3817 2009 2289 7660 3294 9950 3744 5722 3852 1764 5261 5367 2129 9249 2551 535 1562 265 2737 9832 7603 9425 209 5364 8411 1399 794 4151 2800 4442 3525 6129 1602 8768 3491 2909 6115 1062 8256 9605 3597 9963 4911 8565
8637 6993 5976 3792 3585 672 9931 6129 3219 621 5050 7958 7188 1508 6388 3888 9071 8126 1491 6620 5474 5847 279 2490 3621 5865 8148 522 0 4613 1689 3193 240 7976 3705 8090 621 2217 1010 8162 2477 5861 1747 3109 6914 4930 2470 7559 4663 6652 5125 2767 4902 5028 449 9835 6660 146 5981 3483 2034 1381 5847 9322 3385 3114 2572 4259 6679 8481 8841 2199 2514 5339 7818 7759 4186 9347 3203 7085 980 8673 8519 7267 3175 2329 822 7348 6278 607 5965 3972 586 6283 6574 3654 949 3265 44 8178 4245 5915 8911 5302 7112 3367 6677 6176 859 6938 9546 1646 712 3104 5328 2306 6542 6807 4474 8178 6514 5645 9922 9219 2290 9658 3863 5562 6976 3048 9811 1540 9276 4145 3497 1206 9239 5561 6552 7371 5997 9209 7601 8611 7498 6565 1797 1381 3834 9283 4613 4283 537 1977 4406 5940 196 865 5158 1912 1066 8373 9840 6842 1849 6205 6633 894 6671 4854 8440 5342 3838 3784 5212 310 8865 90 4831 3290 5557 1015 5193 3607 6762 4801 7532 7861 7248 2473 1506 6332 4343 2186 1489 637 7050 2976 3926 1446 5905 6314 6336 3170 9910 9671 8522 2148 266 1746 3216 9377 9382 4819 2582 1672 6443 889 4078 8757 2269 541 9631 9051 8381 5731 9036 1436 7275 1309 1101 7871 9008 8184 5434 1974 973 1107 7509 7510 8938 5776 6737 3246 3373 8044 7820 1166 5449 3376
4458 6135 8886 1083 3345 2902 1312 5330 9690 4047 9036 53 8863 3701 995 9592 8423 5015 5054 806 2396 2729 722 1830 4064 8646 1432 7276 4613 0 4839 403 3102 6666 9194 2423 6897 9403 1741 1495 2222 1548 3789 6155 5257 4047 4651 8671 8368 2655 9520 7056 2274 5005 515 9759 6502 7775 1721 4754 864 5299 3575 7307 979 4867 926 6529 1895 3896 2584 8057 1543 6921 3363 3299 1706 8261 233 6677 5253 9351 5921 8351 4835 9182 4555 5183 4459 7550 1765 2240 8585 9419 2136 1578 1896 3553 3859 6524 4442 4788 580 1311 671 7022 9397 6197 1667 4067 6774 8927 6406 6738 3274 2452 9707 1764 6892 5541 2319 9136 7295 2219 5414 8293 2395 2885 3374 6752 8132 7081 6529 8370 9686 6021 4611 4589 4247 7062 2563 6541 886 7694 1699 8200 8327 9599 6032 9701 3070 6544 4086 3014 6240 2018 6940 2645 3033 3807 3157 6035 7965 8922 8977 6080 4412 2634 6117 3705 9603 3047 920 7818 914 9327 4212 8862 8490 2564 1267 6934 647 5131 739 9245 8735 9944 2419 6825 9026 1392 9474 7594 3116 7690 7764 3860 4771 9521 4380 4917 7955 6561 8019 1151 5708 1173 2714 844 7991 7324 8661 8693 7941 42 8634 2444 601 2612 8429 8498 6717 47 5243 4794 7798 6852 4182 468 3112 4957 3510 6045 6319 5379 9965 8994 7215 6064 57 2504 7602 1119 5674 1718 8254 3517 7567 8538
1405 5399 337 212 3050 5961 8969 2925 6391 6773 5397 9970 9029 5237 7333 7191 631 3929 9385 252 9137 4151 1721 905 4104 3049 9680 7536 1689 4839 0 391 4915 9471 4506 2259 1282 1159 5307 9050 1420 208 518 6945 1204 7084 6875 2256 7907 7944 2438 9143 9745 1661 9368 6499 8065 9686 1689 8858 256 1484 5249 7544 1288 6624 4427 3004 5769 8198 4825 8957 4037 7080 7567 4722 4963 6048 277 1115 604 9512 3634 2402 7179 4590 526 229 4041 4523 6140 4567 2884 2823 2024 5203 9814 2925 3383 3842 8659 3664 4251 8081 8698 9506 6667 2741 7344 477 618 3447 6993 715 6831 6663 1150 7930 4149 7945 7360 5040 4164 5919 6544 9755 350 6663 199 279 6275 5518 694 1627 5246 8869 2505 4609 1156 6609 2938 7773 4834 8161 6471 1497 9234 7815 1146 1679 1398 1829 5679 9538 7886 2833 9877 6878 6870 4979 1245 1828 2373 2876 4536 1425 1470 496 3902 830 5135 423 6001 2187 9664 2989 258 6304 7826 5801 6429 1215 5846 6290 9965 7005 3572 8711 7199 6528 8979 546 5630 6904 958 5420 415 5895 7204 2574 7065 5004 924 5992 7235 7058 5198 2168 2627 2817 4075 319 728 8671 4334 6261 8674 7568 2727 1201 3430 1926 239 8857 6496 4818 5879 5160 1288 9930 4025 3054 8634 8690 7555 7659 139 5069 8850 7558 2904 1803 2696 9826 1380 1831 7767 5351 8069 9458
3510 3001 9460 2978 5875 7834 5938 9390 932 3831 1062 8156 6127 769 4643 7611 2601 4902 6705 2616 2217 8704 3466 654 2416 5318 1896 7928 3193 403 391 0 4465 1788 9560 4473 7598 3466 498 7682 3427 4182 9342 4448 3004 227 8487 4314 2658 1480 6406 6580 9904 7419 8986 4101 2492 2313 6683 4998 8496 8550 1354 5893 6392 6481 5542 992 8147 1744 4266 8447 9625 8687 7801 9928 2682 4800 7711 3958 4325 5878 1810 6759 2538 2245 4593 2623 5027 6483 4699 7317 6902 9858 91 2643 6892 6466 9600 5667 7874 7116 2767 6494 3604 4681 3178 5574 1874 3205 4655 3310 5910 6869 9702 8182 3549 9211 833 8546 1559 9855 5791 7616 3559 3348 7027 1069 9228 7099 7651 5729 6141 7840 1109 6577 6160 4309 8737 840 5614 4766 4533 4002 3482 2241 6048 4751 8100 1514 1576 759 286 4087 6494 7281 4571 8685 6175 711 1113 6095 5477 3058 2048 190 3513 1794 9592 4859 912 4368 161 8352 107 4694 7740 6582 4721 6268 6977 414 5417 3530 7112 8075 5665 8238 4087 6128 9997 7310 3860 8543 8245 1112 3350 3794 9755 5152 6873 587 1950 6635 6933 9065 6015 5152 1639 9835 8031 1738 6037 5436 9401 554 5518 2507 3088 5092 893 7456 4849 2906 1806 8194 9275 5070 1178 6897 9357 1754 741 9007 3145 3040 7668 1603 9215 6276 2883 8276 9405 5562 8312 3562 8076 4797 1996 3834
