50
0 6768 929 2520 4190 6487 9536 5646 1923 5203 982 4075 6936 1039 8634 9601 5409 4177 3167 5736 2533 9774 5673 5175 1804 1488 1026 3197 7953 8873 1259 3884 1266 5744 8488 7479 7428 4943 2073 2788 5610 9385 8762 1718 2851 2557 6134 9812 1326 4958
6768 0 4915 7316 7835 831 5862 7130 5484 4657 1157 1931 4326 9025 3912 5850 7604 5622 8602 3197 9348 7745 6243 6733 6532 3559 635 5754 143 7462 7524 5394 7582 4108 3044 9168 8210 1487 6004 1982 6419 1734 9038 8899 448 6582 5423 3990 7581 1692
929 4915 0 9615 6442 4090 6528 5002 8455 7930 6845 5819 4669 5200 5892 2228 4225 3667 1186 6180 1861 5978 853 1737 2344 7328 4103 9833 2194 8398 7538 9594 1807 5724 5175 6888 9997 37 1076 5831 7899 2163 1906 4241 6368 5341 9059 6824 8321 3239
2520 7316 9615 0 3976 8627 8426 8422 3701 4848 9145 804 6355 5115 8143 8698 9266 4371 1285 6519 1303 7941 1268 1438 7569 4229 2734 3764 5019 1853 2321 6652 3970 316 5115 4892 4212 7575 454 1856 1270 4717 5366 7050 4012 5601 2060 5403 6981 5377
4190 7835 6442 3976 0 7936 2930 7187 214 1878 2966 5290 8735 7495 695 1759 2323 4909 4207 4668 4463 6828 3420 6422 4562 3191 256 8889 5420 7977 5017 20 454 9873 394 3818 6655 6661 2506 332 4891 8284 7679 3836 2500 3934 8488 1502 15 6577
6487 831 4090 8627 7936 0 2289 6549 1986 9050 3755 9148 7630 3295 1534 5509 4949 9872 4994 17 9381 3168 2047 6492 4804 9801 438 5851 7051 4397 3290 1217 4301 3799 9784 1286 1073 2686 4587 8665 136 3235 1352 5220 8436 3457 4604 907 1369 7168
9536 5862 6528 8426 2930 2289 0 4815 917 4498 7223 1817 7138 7377 1489 7360 4328 1337 1144 7158 250 286 1874 6172 9594 2495 3864 8639 3432 9939 158 179 8308 5444 3565 6891 207 2720 2014 4690 2589 2772 5108 6130 1712 4235 4550 1012 6438 6261
5646 7130 5002 8422 7187 6549 4815 0 9687 8008 3694 1295 125 7577 9904 836 7581 7801 2521 4112 6974 831 5993 3215 406 7992 6335 3220 9333 6574 824 1599 5921 9609 9778 3049 2932 7573 1440 2276 9658 5536 2107 9354 5613 9392 2945 6012 3043 763
1923 5484 8455 3701 214 1986 917 9687 0 514 9041 3909 6775 1664 1504 6985 3208 7843 2843 98 1405 7994 5504 8988 7279 570 7823 4592 7767 7123 9959 8953 1128 7496 9578 672 6698 2892 4366 1637 5605 5907 4292 660 2524 3294 2242 2345 7050 5140
5203 4657 7930 4848 1878 9050 4498 8008 514 0 6698 2039 3926 8945 9074 9180 9284 5424 5884 6706 6780 1987 9842 1173 8673 1061 7637 7464 721 80 8141 9042 7453 9305 1929 8133 546 9139 4970 1823 8717 8332 86 3765 5099 4740 7824 8632 9529 7127
982 1157 6845 9145 2966 3755 7223 3694 9041 6698 0 5496 9501 5779 3243 7623 2624 5479 9627 8147 9258 3502 7170 5039 7773 9944 3652 4655 5057 5840 1070 6173 8203 5622 7266 8052 8363 6651 1203 5977 4101 3124 5439 8553 7570 7768 8465 1661 4857 8046
4075 1931 5819 804 5290 9148 1817 1295 3909 2039 5496 0 2171 1820 7939 240 7940 4005 6020 6130 2217 8437 5464 4169 8723 3096 8585 9228 6285 4170 1494 8420 8256 1790 4310 9480 8574 6856 2550 1407 5932 2985 5896 9936 3750 5306 4309 435 276 3276
6936 4326 4669 6355 8735 7630 7138 125 6775 3926 9501 2171 0 4514 1172 4706 4784 8451 5583 2226 5234 8145 5391 293 5852 7046 5230 7621 9680 2901 2573 8050 6673 5131 8589 5501 3006 2514 3897 1717 2724 2243 4643 3863 1405 9485 6085 1897 1976 8142
1039 9025 5200 5115 7495 3295 7377 7577 1664 8945 5779 1820 4514 0 4647 3125 2880 3056 5929 8100 5779 179 1735 9567 1517 2035 8237 7293 1381 6920 7636 2470 6940 5554 2748 5178 2859 4077 3248 3145 7109 9819 4491 3122 1541 9421 1358 1987 1319 467
8634 3912 5892 8143 695 1534 1489 9904 1504 9074 3243 7939 1172 4647 0 1502 8012 3236 7411 9216 3978 1036 5169 9461 930 5167 7614 2809 6531 765 8029 6585 8087 8006 3574 8075 9313 8179 9652 8996 8908 5419 7902 6286 6548 3368 9416 8370 4105 6424
9601 5850 2228 8698 1759 5509 7360 836 6985 9180 7623 240 4706 3125 1502 0 120 8766 1141 5372 1018 8712 7425 2998 8569 7443 3447 93 4137 7922 3603 1462 4599 5547 1712 5916 8566 5726 5761 8649 7580 5921 6171 1819 1347 5764 2329 4783 7819 2980
5409 7604 4225 9266 2323 4949 4328 7581 3208 9284 2624 7940 4784 2880 8012 120 0 8392 9992 1909 9417 283 3046 8540 2013 692 5731 8998 4195 2280 3893 4367 1174 928 5637 8021 6847 5798 8837 4075 9885 9515 3342 4527 4220 1736 8519 8819 1273 914
4177 5622 3667 4371 4909 9872 1337 7801 7843 5424 5479 4005 8451 3056 3236 8766 8392 0 3594 1007 1295 3125 2012 4878 5674 8811 7363 2097 8315 2362 3247 2380 2768 9897 9987 5306 3634 3559 1206 4602 5943 6689 655 3336 5060 6642 5901 8325 4778 1958
3167 8602 1186 1285 4207 4994 1144 2521 2843 5884 9627 6020 5583 5929 7411 1141 9992 3594 0 4178 5845 8498 7939 3850 875 4417 3046 4451 4074 2612 1622 2583 3678 4233 5673 4582 500 2596 1184 549 4674 8094 1382 9989 2949 8783 7832 1522 9522 8453
5736 3197 6180 6519 4668 17 7158 4112 98 6706 8147 6130 2226 8100 9216 5372 1909 1007 4178 0 9883 7337 2823 7159 9048 5512 5445 177 2259 5893 7260 9909 1447 949 4873 5046 3573 2683 7293 9148 932 4731 209 7214 2263 5803 4656 3928 3497 176
2533 9348 1861 1303 4463 9381 250 6974 1405 6780 9258 2217 5234 5779 3978 1018 9417 1295 5845 9883 0 9762 2838 811 9982 3231 7137 4610 2087 1405 7860 2493 1224 5256 7532 4240 6733 7722 9304 2977 5886 9443 2546 5504 6433 1666 1241 4714 286 7492
9774 7745 5978 7941 6828 3168 286 831 7994 1987 3502 8437 8145 179 1036 8712 283 3125 8498 7337 9762 0 4623 7595 963 1970 450 430 2109 1014 5569 9513 4747 8610 4695 227 1416 9847 4615 467 4361 1882 172 4055 8479 3156 7204 9879 6365 3928
5673 6243 853 1268 3420 2047 1874 5993 5504 9842 7170 5464 5391 1735 5169 7425 3046 2012 7939 2823 2838 4623 0 8121 9879 3094 4502 5574 4024 7184 4843 278 7405 3008 3175 8408 272 217 1643 7286 8224 4195 2111 7260 6070 8812 2291 8778 4420 8274
5175 6733 1737 1438 6422 6492 6172 3215 8988 1173 5039 4169 293 9567 9461 2998 8540 4878 3850 7159 811 7595 8121 0 8279 1842 9979 9126 7373 8431 4364 7633 6388 8147 8793 1382 9223 432 903 5831 5734 231 3771 9317 3374 9629 814 7244 4197 4745
1804 6532 2344 7569 4562 4804 9594 406 7279 8673 7773 8723 5852 1517 930 8569 2013 5674 875 9048 9982 963 9879 8279 0 4615 2024 8643 6660 7340 6872 3011 3511 9239 1334 17 6460 7976 559 8263 7505 8436 2706 640 2846 8098 2858 8668 6137 9760
1488 3559 7328 4229 3191 9801 2495 7992 570 1061 9944 3096 7046 2035 5167 7443 692 8811 4417 5512 3231 1970 3094 1842 4615 0 7068 7412 8976 9730 488 9398 5248 6131 3042 8709 2639 3261 5121 1844 5513 9391 8450 3945 882 8974 711 4229 3867 5229
1026 635 4103 2734 256 438 3864 6335 7823 7637 3652 8585 5230 8237 7614 3447 5731 7363 3046 5445 7137 450 4502 9979 2024 7068 0 2191 5965 765 1421 6243 4607 6975 3086 1510 6882 3779 1333 9027 3171 6145 6125 7208 5214 9062 4679 1835 9224 8319
3197 5754 9833 3764 8889 5851 8639 3220 4592 7464 4655 9228 7621 7293 2809 93 8998 2097 4451 177 4610 430 5574 9126 8643 7412 2191 0 1879 455 7138 2195 6267 4756 6738 5835 1636 2380 142 9856 3270 9779 4633 7660 5375 8220 5294 7343 7770 4648
7953 143 2194 5019 5420 7051 3432 9333 7767 721 5057 6285 9680 1381 6531 4137 4195 8315 4074 2259 2087 2109 4024 7373 6660 8976 5965 1879 0 9444 6003 2405 8782 3038 1898 5038 117 6045 5903 990 1234 3332 8747 5456 2671 6744 5390 4809 737 6398
8873 7462 8398 1853 7977 4397 9939 6574 7123 80 5840 4170 2901 6920 765 7922 2280 2362 2612 5893 1405 1014 7184 8431 7340 9730 765 455 9444 0 8495 2306 6180 9049 8095 6845 6332 1680 8151 8682 6661 2125 3055 9164 866 8789 2138 9233 9811 8679
1259 7524 7538 2321 5017 3290 158 824 9959 8141 1070 1494 2573 7636 8029 3603 3893 3247 1622 7260 7860 5569 4843 4364 6872 488 1421 7138 6003 8495 0 5770 2786 7556 7586 193 9958 9216 7668 5504 51 4954 2694 6703 2289 3594 423 7357 2968 382
3884 5394 9594 6652 20 1217 179 1599 8953 9042 6173 8420 8050 2470 6585 1462 4367 2380 2583 9909 2493 9513 278 7633 3011 9398 6243 2195 2405 2306 5770 0 9022 721 3078 1161 9527 9241 8646 3097 4124 338 1584 3239 6576 7869 4027 6573 128 3611
1266 7582 1807 3970 454 4301 8308 5921 1128 7453 8203 8256 6673 6940 8087 4599 1174 2768 3678 1447 1224 4747 7405 6388 3511 5248 4607 6267 8782 6180 2786 9022 0 1464 3452 3777 5557 8368 4948 1585 4446 1624 5146 6724 1790 3648 7170 5534 2011 8174
5744 4108 5724 316 9873 3799 5444 9609 7496 9305 5622 1790 5131 5554 8006 5547 928 9897 4233 949 5256 8610 3008 8147 9239 6131 6975 4756 3038 9049 7556 721 1464 0 3565 2775 4598 5839 6188 7139 4534 4826 7861 8643 2410 9465 4559 9688 7271 8579
8488 3044 5175 5115 394 9784 3565 9778 9578 1929 7266 4310 8589 2748 3574 1712 5637 9987 5673 4873 7532 4695 3175 8793 1334 3042 3086 6738 1898 8095 7586 3078 3452 3565 0 1708 9988 6907 7713 8730 7136 5351 6777 7505 7080 5749 9458 7183 2572 9020
7479 9168 6888 4892 3818 1286 6891 3049 672 8133 8052 9480 5501 5178 8075 5916 8021 5306 4582 5046 4240 227 8408 1382 17 8709 1510 5835 5038 6845 193 1161 3777 2775 1708 0 6398 9238 6028 3686 2385 8062 7237 5442 3716 2926 1752 3985 92 4572
7428 8210 9997 4212 6655 1073 207 2932 6698 546 8363 8574 3006 2859 9313 8566 6847 3634 500 3573 6733 1416 272 9223 6460 2639 6882 1636 117 6332 9958 9527 5557 4598 9988 6398 0 5430 1055 9724 5457 8821 3622 5996 4535 9577 9300 3065 3304 2617
4943 1487 37 7575 6661 2686 2720 7573 2892 9139 6651 6856 2514 4077 8179 5726 5798 3559 2596 2683 7722 9847 217 432 7976 3261 3779 2380 6045 1680 9216 9241 8368 5839 6907 9238 5430 0 6196 8160 1898 1613 3872 682 3706 7567 2357 429 9216 7288
2073 6004 1076 454 2506 4587 2014 1440 4366 4970 1203 2550 3897 3248 9652 5761 8837 1206 1184 7293 9304 4615 1643 903 559 5121 1333 142 5903 8151 7668 8646 4948 6188 7713 6028 1055 6196 0 9942 6428 5335 9350 418 6989 9771 8533 3740 3213 4564
2788 1982 5831 1856 332 8665 4690 2276 1637 1823 5977 1407 1717 3145 8996 8649 4075 4602 549 9148 2977 467 7286 5831 8263 1844 9027 9856 990 8682 5504 3097 1585 7139 8730 3686 9724 8160 9942 0 7439 8248 5192 3494 2315 7986 8479 7107 6423 7246
5610 6419 7899 1270 4891 136 2589 9658 5605 8717 4101 5932 2724 7109 8908 7580 9885 5943 4674 932 5886 4361 8224 5734 7505 5513 3171 3270 1234 6661 51 4124 4446 4534 7136 2385 5457 1898 6428 7439 0 620 5859 7670 7097 8261 4389 191 9842 1048
9385 1734 2163 4717 8284 3235 2772 5536 5907 8332 3124 2985 2243 9819 5419 5921 9515 6689 8094 4731 9443 1882 4195 231 8436 9391 6145 9779 3332 2125 4954 338 1624 4826 5351 8062 8821 1613 5335 8248 620 0 9866 4633 6800 7557 7266 7631 2516 2378
8762 9038 1906 5366 7679 1352 5108 2107 4292 86 5439 5896 4643 4491 7902 6171 3342 655 1382 209 2546 172 2111 3771 2706 8450 6125 4633 8747 3055 2694 1584 5146 7861 6777 7237 3622 3872 9350 5192 5859 9866 0 3241 1342 5214 3785 6802 1530 1565
1718 8899 4241 7050 3836 5220 6130 9354 660 3765 8553 9936 3863 3122 6286 1819 4527 3336 9989 7214 5504 4055 7260 9317 640 3945 7208 7660 5456 9164 6703 3239 6724 8643 7505 5442 5996 682 418 3494 7670 4633 3241 0 3310 694 5584 667 6729 4664
2851 448 6368 4012 2500 8436 1712 5613 2524 5099 7570 3750 1405 1541 6548 1347 4220 5060 2949 2263 6433 8479 6070 3374 2846 882 5214 5375 2671 866 2289 6576 1790 2410 7080 3716 4535 3706 6989 2315 7097 6800 1342 3310 0 3476 3504 2720 4976 397
2557 6582 5341 5601 3934 3457 4235 9392 3294 4740 7768 5306 9485 9421 3368 5764 1736 6642 8783 5803 1666 3156 8812 9629 8098 8974 9062 8220 6744 8789 3594 7869 3648 9465 5749 2926 9577 7567 9771 7986 8261 7557 5214 694 3476 0 2217 3487 3993 6966
6134 5423 9059 2060 8488 4604 4550 2945 2242 7824 8465 4309 6085 1358 9416 2329 8519 5901 7832 4656 1241 7204 2291 814 2858 711 4679 5294 5390 2138 423 4027 7170 4559 9458 1752 9300 2357 8533 8479 4389 7266 3785 5584 3504 2217 0 2552 3001 8474
9812 3990 6824 5403 1502 907 1012 6012 2345 8632 1661 435 1897 1987 8370 4783 8819 8325 1522 3928 4714 9879 8778 7244 8668 4229 1835 7343 4809 9233 7357 6573 5534 9688 7183 3985 3065 429 3740 7107 191 7631 6802 667 2720 3487 2552 0 1040 8406
1326 7581 8321 6981 15 1369 6438 3043 7050 9529 4857 276 1976 1319 4105 7819 1273 4778 9522 3497 286 6365 4420 4197 6137 3867 9224 7770 737 9811 2968 128 2011 7271 2572 92 3304 9216 3213 6423 9842 2516 1530 6729 4976 3993 3001 1040 0 1066
4958 1692 3239 5377 6577 7168 6261 763 5140 7127 8046 3276 8142 467 6424 2980 914 1958 8453 176 7492 3928 8274 4745 9760 5229 8319 4648 6398 8679 382 3611 8174 8579 9020 4572 2617 7288 4564 7246 1048 2378 1565 4664 397 6966 8474 8406 1066 0
