300
0 6038 8459 4523 7590 2872 7618 7244 2211 8498 6972 9716 8860 4361 3574 9201 6257 7683 2162 1248 3878 4968 8233 1478 6498 5749 8368 9797 5905 6208 987 7127 5855 7220 6921 4166 9924 6928 4842 7557 1233 9460 8164 4347 7427 8598 2422 1055 2492 7484 9697 6006 1490 7002 9099 9885 5045 3957 6830 7660 1509 2956 2011 1231 7901 7394 9630 5096 1555 3039 1036 6054 9876 5526 8957 9328 8863 7158 3406 5142 156 3592 7695 5443 8903 4804 3830 856 33 2727 5119 8391 2252 804 4764 8594 3082 4403 7600 5446 4735 3507 6224 8023 895 9198 1647 8222 8642 8486 9345 2370 223 3330 1046 9487 4246 7667 104 622 3451 8057 9861 2349 3391 786 1353 1039 9416 4365 7836 8757 1178 15 3994 3844 9659 670 4640 3304 2987 7352 2260 1732 3269 1686 8396 229 8148 8492 1378 773 5508 7432 6506 5609 2367 7223 1994 8754 5165 7761 3841 4497 7356 2072 7872 7242 8124 3386 1486 9064 6528 8604 5918 787 5620 3665 793 6732 614 5168 6707 3682 2304 3834 3471 5106 1885 9617 7159 309 7923 7794 6052 440 5639 2692 29 5637 1032 8835 7742 8439 3360 5421 352 1117 3878 3936 8996 6131 2127 9095 6502 3486 7974 1226 2931 423 8474 5256 9272 8296 868 7707 189 1889 3090 1632 177 8267 9077 8437 3352 3466 8531 6088 1610 6458 3299 470 6099 2933 6450 2820 6657 9524 2777 7999 3824 7446 3755 8054 9946 504 981 620 9790 709 4466 3269 1078 3066 1340 1484 8858 1744 1148 6206 4938 5527 6542 8665 466 3043 685 1473 1087 8111 3693 2308 7985 4975 6975 9340 7122 5112 9119 2695 5064 7314 51 6272 9160 8971 2126 8569 8511 2794
6038 0 3007 6936 9017 3944 1662 2390 927 6179 4508 9672 8193 2233 8057 8844 6441 7912 6981 3678 4751 4519 5743 8619 1022 5304 5504 9687 9392 9807 2188 2522 482 6099 8695 8723 2476 45 2458 8953 8853 4097 6133 9857 4671 4138 7728 8963 8252 6965 4364 2244 964 991 3839 8558 2726 7095 9954 6423 3965 8966 7880 9690 9068 3724 1583 8234 9505 8796 3699 2738 2982 1077 6370 3631 1608 1539 7888 9289 2675 1776 218 5391 1813 5479 4860 8309 4544 4424 5927 2181 3183 6331 3548 9824 9320 6023 9061 5337 7186 2787 324 6114 8105 7778 206 3381 3606 5278 1428 9167 1849 3194 3562 415 1243 4323 2996 2752 4739 3232 7965 4584 2208 1016 7147 2910 6324 7362 4064 5253 1797 4011 8851 8871 6559 399 8358 7347 2006 7796 4684 8354 8469 5876 2374 7170 9078 2774 908 5918 3858 6532 8809 6634 5559 956 2368 582 7637 8338 9236 5531 3577 690 9053 8919 586 2508 3274 7949 5122 5291 4406 8830 9476 4180 98 2691 6238 7738 9897 6567 8932 4307 2695 7740 3973 1141 5127 4591 6933 8204 9804 9878 2291 864 3681 4243 1538 5118 991 1487 3532 6773 9084 5208 9604 5241 2815 3494 7915 1941 7465 3270 7488 5377 4260 7230 9986 2888 9737 4328 1774 2226 3747 3275 5719 728 3465 7456 8231 459 4673 9040 4728 1701 6829 7491 9398 2927 887 4948 3621 997 6111 3661 842 5819 9857 5077 7102 3174 7647 139 677 5980 7022 9572 4032 5144 5882 8583 9644 6908 9773 8530 4956 4885 1798 3573 6075 1231 4488 4762 6409 2209 3523 1693 6136 980 8203 8976 8142 1065 6607 2632 6825 4271 7337 9667 5120 9352 460 4315 714 9100 1117 9883
8459 3007 0 151 9934 7257 359 5582 5112 1688 4265 2489 968 7627 9606 6234 9100 5879 1432 7668 2065 1433 4413 671 6414 6848 9640 6972 9868 6556 736 1159 1806 7940 823 6383 2692 3820 981 14 3633 1383 700 2833 6693 497 1311 9793 8239 7654 7215 6941 6898 4696 2451 1271 7669 3627 5827 5279 9288 5290 2480 4753 3806 8954 9300 7934 5689 6866 3844 4118 1802 4710 3490 5350 5461 76 2362 8285 1678 4570 2773 9091 3167 5206 2919 4717 2877 8694 7831 5321 2908 5263 6531 4128 324 9270 5794 1262 9950 2716 3959 9808 1566 155 2024 2514 8709 1027 2085 6861 6687 9384 5660 7625 2098 4138 6143 6618 7292 7636 9495 6776 4756 7971 7388 9126 4776 9083 4524 7244 7598 3858 3323 7269 6898 4426 3770 5793 8087 7991 5245 5857 3248 4812 212 391 4896 6233 9005 9827 9901 3978 5884 8346 8244 2473 6689 9191 4820 4969 1865 6616 9580 1955 9148 2284 6587 8244 2673 1429 2820 864 115 8894 5771 2992 8289 982 167 1181 8375 132 6673 278 4586 9952 8912 1725 7410 5617 8038 9807 5330 2959 622 2126 197 2376 5065 1417 6331 817 1483 4960 3053 9780 7673 4700 979 4823 1792 7746 7475 6938 9790 1176 1381 2156 2511 4343 5585 6447 3044 4307 384 3262 603 5054 4985 451 87 313 8231 8985 2301 214 1854 4474 6237 2220 7818 1506 8748 9672 8260 920 2074 5875 2694 4974 8269 8917 8756 9518 9039 37 5889 3444 5467 3280 1951 8823 9284 4195 850 5980 9727 2594 4665 558 6985 4487 9890 8580 1753 4432 718 4943 4880 5177 1553 3296 5595 3822 2700 9692 8619 1788 3313 7669 305 1224 8793 8351 9228 2953 3458 489
4523 6936 151 0 6610 8154 8478 7987 1288 1477 367 9292 3417 4715 2580 8231 7875 7285 6490 6210 8280 6509 9094 9989 105 9761 2976 5823 840 3668 2603 1294 1695 9682 2706 1003 4475 9290 3125 6398 4582 981 8072 8717 4065 2182 7308 6440 472 5066 7663 3646 527 6841 4504 7046 3187 5540 6153 1567 8489 4082 675 3509 3256 5243 1154 5924 8096 7169 226 6393 218 5755 7179 1064 9452 8976 4973 5408 9993 7097 2932 8731 873 422 1263 1774 6288 9056 1159 9975 117 7296 7896 7052 6015 9438 8477 1478 5567 9147 7158 4914 2060 67 2854 6393 1732 9865 3087 4027 7215 5178 6307 4407 7829 1019 9933 3891 1141 4589 2948 520 4683 6939 5826 1740 5649 8502 3174 6512 3745 8139 8864 1882 8106 4913 7246 7874 121 2392 1822 7735 7769 2545 983 5530 3943 9475 7908 5302 7522 7420 9505 1041 1692 4286 7242 2029 5694 9073 8312 9373 4225 1709 8714 4230 8604 2257 6277 3682 1411 1426 2776 3267 966 1065 4481 8252 2097 6366 7161 8967 5905 4051 263 9965 3580 9270 6498 5273 3033 9394 8216 7401 1847 2176 3674 6767 5797 2852 67 4850 1970 9614 8707 7244 7978 8987 9244 7236 622 6285 4948 8331 5965 1207 1205 2875 2027 450 5422 9157 311 5281 1717 8300 2459 701 7127 5212 1971 222 4284 6911 3172 3460 6032 9971 4748 5419 5340 5929 2178 1539 3850 8532 6145 5406 2212 52 4863 3774 3642 5220 8647 3897 3088 9338 6375 4648 2446 5982 1788 7760 3734 763 5242 7157 8130 2061 6677 7742 5622 701 5633 1384 3658 6427 9467 5124 388 3567 8422 7130 613 5038 2266 4209 1774 6125 6939 1632 8211 1383 8134 6026 510 5628
7590 9017 9934 6610 0 4866 7901 6702 4074 8479 9748 212 3971 8264 9108 223 141 7459 3294 8214 6522 6973 9902 8975 8101 8426 7683 5836 7130 9010 3889 1329 4071 224 6033 2629 5355 522 2407 4605 9876 7777 3930 7622 3753 9013 5407 9290 8274 5887 6595 2191 4128 6658 1487 6848 6153 723 8881 6441 8491 5098 707 1823 7453 9447 3424 7721 3509 6091 3584 9093 7054 3511 5638 3158 9520 9537 3778 6616 1330 7597 900 4388 9898 1256 7028 9806 4002 1360 9065 7990 765 2435 3590 346 1799 368 4450 5096 6289 4080 4471 6393 3636 705 1612 1496 4562 305 4256 5439 7314 6435 7233 1887 3395 3396 4600 9724 2203 8405 5252 7131 9810 1469 5919 9471 8183 9167 2495 2528 2350 6532 3412 2551 8251 2723 8451 7136 8070 3256 7724 6149 6535 261 7307 4923 3631 9280 9533 3202 1207 624 5913 9540 9900 6006 5644 7297 834 3696 453 4946 9270 4554 7318 850 1436 3569 221 4454 9561 9262 4119 603 3149 6338 739 1833 952 242 7623 6206 711 2949 4735 9929 7813 2874 6184 4081 9175 5213 2001 7353 4228 7130 2675 3560 9416 679 4987 8805 1241 5598 7966 3019 8428 3992 9563 6252 5866 8838 951 3470 5700 1655 7848 9401 9523 1389 2066 2232 7739 473 9896 9477 337 6429 2645 9874 1591 3730 8241 3682 489 6476 1016 8054 918 2981 9864 3145 8142 548 9427 7885 3996 3761 5870 2295 8633 7204 3319 6079 4255 8201 7074 7780 4187 5059 561 8312 2986 4981 9487 5596 5477 2083 4226 7927 1651 3597 8963 9815 1701 8430 1350 1684 5061 5771 5003 8345 6382 7267 3002 555 9064 1158 484 5194 9376 2391 7787 759 994 8348 6498 9349
2872 3944 7257 8154 4866 0 5914 1855 6180 4773 4406 4745 8144 8043 1 5558 1224 4327 5290 6269 7304 8148 6655 262 594 3142 8485 7997 7678 5569 911 6230 3861 279 2523 4765 4593 7480 1926 6270 9555 1331 2455 519 1228 5095 433 7513 9850 7187 7381 6125 3270 2309 1408 8353 5422 1147 2630 1234 9688 8259 3147 6549 2703 6442 1860 432 7045 5336 9850 6072 8223 6180 9392 9663 3930 7259 748 6051 2166 7520 5413 748 417 9945 2138 8381 2779 5799 4278 3895 8784 9732 5978 1371 766 8292 796 8815 5090 9341 8759 9392 3446 247 4210 459 9041 9901 8263 5106 157 4011 619 6537 9022 2351 4438 6127 5203 4259 6483 1970 5720 9499 3392 3338 6872 7302 7197 1236 4165 5914 1980 1100 5465 3278 4002 6710 4925 4373 2625 8446 1225 5391 6310 287 4255 4280 2884 8819 4129 1768 6369 9870 6360 9039 3044 4047 9517 2539 1909 5510 9863 4537 7204 1730 551 6341 8117 1805 661 3789 4515 9906 8489 9149 8511 4104 8050 733 6878 7837 840 6665 2883 784 8862 346 4175 5291 8613 8741 1201 8990 1201 7930 3555 9635 616 5883 2284 3010 3207 9704 1923 3709 754 8322 7640 1761 5904 3364 2228 3907 3461 8026 4099 5898 1092 6321 2740 720 2599 9276 3024 7601 6751 792 7627 2478 5222 4052 4693 9114 3442 2542 324 5838 7396 1637 54 7802 7176 7483 183 1568 8755 181 4047 7011 6035 1099 687 8990 8579 4950 3626 7822 1298 9104 8667 7428 2719 8759 7836 9274 5837 4394 5384 3855 9895 1961 7420 3220 7902 3215 7904 7071 8387 124 4254 7164 2888 8730 2274 21 6644 806 1183 6369 8837 5824 131 1669 2977 7433 7421 6721
7618 1662 359 8478 7901 5914 0 9711 4228 5416 9562 6304 2489 307 5004 7314 3953 9132 8731 8490 6722 404 1602 6994 867 6662 3636 730 5927 3230 5793 2044 9188 1054 1253 1215 6300 4644 8427 7746 3035 3557 3061 5672 8104 419 5111 1018 5448 265 9213 8725 3678 6507 9195 4270 3766 8028 3502 978 9328 3134 6563 7640 6192 5921 8872 9293 8623 5290 9080 2792 3029 8278 8804 6054 6441 8399 9731 8624 9820 3350 1458 2338 90 5207 9658 583 3148 3945 5547 5317 3105 6782 2320 5233 1119 3023 857 1930 1231 7414 6852 9586 7306 5971 5247 6827 3255 1266 1097 3085 8991 53 1400 5073 1789 1357 3048 7445 8857 4625 9074 2888 2134 7837 4440 672 7848 5322 5804 7520 846 1861 8057 5893 7338 202 708 7181 85 8638 6890 5999 1801 5186 5257 400 1438 9590 6248 1997 8745 5250 219 5458 6597 4846 8360 5565 9533 9286 9704 8155 5071 5600 2285 6704 5072 79 7698 822 6470 5301 4178 3004 1960 9699 4700 1488 8387 3550 8818 4117 5194 9706 3451 6224 6885 6339 7476 9951 7322 3568 9553 2754 5698 6948 6260 216 3392 8117 9345 3172 3116 4084 3183 3665 6229 8191 7576 8491 5165 3223 5682 2253 5806 2261 9717 4071 4899 9359 4231 2850 2392 5191 3939 8650 7321 6517 3811 187 7601 5122 6505 753 3949 8870 6158 300 2288 8943 6350 5523 7880 47 8535 9744 1661 8148 7480 487 8773 8484 6945 8981 3706 5350 3255 7489 6656 4146 6975 1259 1861 2507 3379 9289 8059 948 7166 6805 2059 6061 4396 2522 8686 303 8151 8047 6835 2860 1042 5956 4743 4228 1576 4016 8062 100 6675 9292 9798 9701 358 2583 913 9144 1249 720
7244 2390 5582 7987 6702 1855 9711 0 2599 182 8392 6211 333 7003 4150 2900 2402 761 1375 3573 3694 5220 2200 4816 3602 6967 4204 1660 3657 3717 9770 1858 7906 5858 269 5016 2534 8182 3732 5880 4425 7799 5603 6127 5004 2024 2963 3935 8751 9411 9628 3603 1427 6694 2750 5705 9775 6860 7458 9028 7494 9637 93 6226 9906 1090 324 9335 3018 2819 1242 6125 86 4693 6450 1769 3829 6062 9252 4873 8726 6970 3446 9769 9584 6818 7011 3694 5118 4801 3342 8800 4120 1246 4886 7192 3481 946 6160 6012 6847 5138 9617 9021 2916 4589 3130 6496 5224 5363 3649 8156 7558 7473 8897 5374 7854 8847 9402 3369 6734 6012 4220 6361 3095 2884 8365 247 3574 7021 8660 5553 4914 9762 3443 9628 4304 6005 9078 6976 4560 7457 8997 2419 1081 8905 8133 5073 1735 7713 1621 8593 3381 526 5442 1477 4947 5449 4810 2303 3476 9243 3014 5629 271 3005 3463 528 9441 7844 7194 424 5867 8102 406 5722 1638 3574 286 2353 6501 5479 4734 428 6306 1844 8258 5843 5132 7214 1662 7474 5294 5198 4954 7885 2018 4188 310 4040 4326 5056 2098 2396 4766 8422 944 2140 6092 1511 9693 7831 4724 2942 8905 7588 8337 1026 619 2331 8276 8620 6099 674 8551 7374 1820 8480 7664 6254 4625 5960 8544 2089 3575 1207 8137 420 3149 9703 6019 1457 8284 9135 5800 4865 8056 6400 1206 629 85 2862 5064 108 3356 6229 8059 5567 1259 2111 7274 6813 2227 1994 1393 6347 2019 9786 8991 651 6199 6194 3863 9327 3408 1218 274 9850 2076 953 8214 9893 5628 1117 6769 7673 9726 5302 5183 9097 731 613 8743 8693 8917 7102 878 5272 3792 3123
2211 927 5112 1288 4074 6180 4228 2599 0 4305 4705 7949 8686 3857 1191 4733 3962 9565 7712 3832 9707 5713 1609 3911 1953 663 9132 5578 958 4473 1651 9136 6794 3786 556 9537 9356 8509 3462 721 9735 3805 3129 121 8167 1416 1481 9380 7968 4139 5224 8281 1507 9703 8614 926 2398 9327 5407 1014 5143 5480 6706 4718 559 8596 9389 5415 2907 6139 1389 388 1924 5978 5313 9447 6487 5570 9949 3402 5169 1656 4039 6591 7325 5565 2354 8296 7929 1655 3295 4190 4711 557 295 7331 465 789 8586 8585 4407 74 7294 7443 7591 4679 4410 8569 4720 4559 8032 7481 4077 9896 1055 39 8774 7833 9265 3190 5643 220 3295 2977 3344 7715 253 8131 701 4470 2489 5216 4572 7883 8915 9859 8871 6940 2844 5653 4775 4166 5821 1833 1509 1102 8555 4464 5979 6123 5810 1659 9676 1275 2708 2029 5700 7931 2692 7315 2081 7419 8378 8511 1626 651 3563 3560 354 3844 6425 2060 2945 3483 7933 7371 4287 9526 1813 9710 8204 1667 91 2987 6200 1832 7842 5691 2609 6236 550 3951 2111 8822 2216 9422 7300 1586 1474 3323 5754 9950 3362 4726 1961 9052 5517 8312 3592 4233 306 5113 9193 2628 555 3815 7676 503 7597 8202 9287 9777 869 5103 1428 5504 5094 6276 3420 4771 9288 7500 3320 5485 8241 2532 6313 6103 6139 4896 5715 1409 9254 2140 6197 6690 3315 1766 5170 5077 4822 1036 3594 1139 8485 8589 31 9519 4332 1247 637 6409 278 301 6492 2254 7937 7132 1741 115 3260 498 6089 7339 805 2840 7677 1740 9067 2377 6250 8811 782 4098 7095 8100 9034 4952 4181 1620 5700 2878 2282 1787 4928 6722 5139 7017 7328 9425
8498 6179 1688 1477 8479 4773 5416 182 4305 0 8108 3896 788 7369 9792 9437 3132 1521 8801 7759 4466 7696 5429 178 3571 3615 346 5435 6319 5581 2632 7845 3925 4395 5627 7410 4662 4036 1224 4471 9592 8046 2937 8858 9024 349 4566 2921 9107 9091 3678 7848 8928 9582 9630 7795 2851 268 575 8694 5606 3687 6310 4958 4808 2431 4895 5368 9625 8815 207 683 4069 30 9114 1517 9681 9403 890 4878 658 1836 1248 3773 1009 8594 5482 5106 879 6276 9092 7464 2456 9784 4109 4170 6131 3447 9915 2983 9688 893 6140 1780 683 8718 8365 4427 1836 5968 591 4112 9214 8929 8420 6207 3469 2385 3337 1541 208 7414 5 3832 9272 4147 6605 6417 3133 7361 7100 7771 2531 4703 5752 9776 3004 6727 7975 5659 6624 8207 9462 1139 6040 1710 711 4491 6965 4360 7429 1382 5557 5152 9678 293 4508 4565 3067 6365 7212 7360 6016 8554 4405 8120 6806 5972 8417 2511 9306 3558 2858 4018 6701 5609 4979 3398 3619 7239 4312 432 2778 102 4203 1207 837 1697 4269 5092 2883 6663 6777 3142 1347 4428 1623 3217 7140 9480 2256 5496 8366 4380 616 3262 4278 5910 3261 4020 9436 499 8787 5880 2844 2403 3247 8289 3052 5789 4100 6108 5452 6645 2769 2296 3906 6892 6982 8115 6982 1616 8326 960 1527 8089 3542 5372 7307 556 8044 3892 9946 3656 6010 5753 3748 3736 366 6937 853 218 5832 1321 977 2902 8545 5267 2889 2585 561 3974 5199 5196 6241 787 6036 9415 599 8995 51 1466 3658 8785 8322 7878 2986 3568 3801 5914 8699 8841 4356 5542 5062 4525 5249 5233 5665 4656 1543 3788 1587 9059 1812 5106 5591 119 287 7792
6972 4508 4265 367 9748 4406 9562 8392 4705 8108 0 9842 6562 2466 2675 1680 3324 1717 4591 7857 4830 5180 2797 6532 7664 3862 4396 502 6907 764 6339 543 2266 7108 3606 5995 3752 5003 6803 6734 7443 910 3447 2794 2454 5658 6296 4743 4989 2300 7256 5348 7274 7573 9402 7861 3503 8527 8185 7435 8258 4157 997 8006 4238 6370 3695 2338 1726 597 6280 1361 6910 9956 7348 1414 987 8650 1725 3144 5910 7218 5410 8608 1246 7203 7480 5585 3985 3640 5418 6889 6907 7749 1510 1669 7760 4975 2235 1022 8296 3881 4202 8211 9212 3180 6828 6132 6673 5642 8269 8866 4328 4570 4561 1253 6205 8091 5803 888 5769 5268 380 1356 5287 164 3688 6307 8910 2908 740 3025 525 2404 7837 7641 3006 7979 1464 7738 9986 9191 1461 101 7049 2546 7588 9376 7980 2660 1267 8700 7353 2802 5193 8047 6573 7789 1801 9746 6005 4204 7832 1795 4903 757 4289 9922 3461 8459 9543 4973 5421 8153 674 831 5065 5921 450 8258 6796 9500 9456 5380 490 1911 7099 2547 8410 1189 2468 1523 2613 9227 4189 4043 6396 6361 9724 3960 4808 6547 467 4308 6752 4145 3192 5967 8211 8556 6925 63 2170 2037 1350 1212 2708 8886 6140 8042 220 6256 6812 8453 3747 4596 1575 8986 954 7445 2319 3648 2653 3347 9298 9793 4984 2645 8971 1422 1709 8689 9220 781 7776 3640 3529 6888 3294 9132 5507 2818 9705 6583 106 3027 689 5045 9929 9216 645 7564 5555 1704 2540 2727 3576 7723 4252 4894 7770 686 5263 2585 8849 5381 1311 368 7225 8267 8621 7234 3311 8818 4793 3534 633 5335 8490 4594 2131 1106 4494 9941 2509 1178 990 5465 4298 5777
9716 9672 2489 9292 212 4745 6304 6211 7949 3896 9842 0 6753 752 7359 4192 1749 5082 2900 7565 1908 6100 2484 6033 7199 6450 3664 6623 2717 5618 8234 6785 4887 7753 6071 539 3114 678 8126 5080 5546 8295 7666 2619 6770 3854 8745 3763 7561 7499 8806 851 5680 4676 3755 6940 6428 1190 3747 8125 8856 7764 2914 927 9466 3117 2605 1870 7419 1105 2664 4577 6678 3220 3842 7639 2344 9539 5339 2823 2769 3681 6554 6579 2668 1013 180 6396 3111 9823 8770 7114 2220 29 605 5051 7564 9309 5467 8468 4052 8918 5731 5670 3613 9913 9358 5802 9267 4896 669 1163 6925 7702 7407 8343 5697 7515 5633 3711 6077 6206 4224 2468 2972 5278 4442 1806 4427 5698 6195 9226 5252 450 3027 7708 6206 8817 2324 1126 6718 180 3331 418 3528 2722 7603 6059 9482 8808 2624 5316 3408 6355 7749 9268 2629 6771 1664 8804 1814 1058 1396 412 1545 4105 1951 1366 7264 6146 2974 1758 891 8094 8941 8971 2478 3545 1640 193 6902 9478 8389 8614 5135 3443 4904 2382 6874 9180 7029 4051 58 7303 5991 5217 5831 1827 4654 6886 5019 7859 6251 1818 1108 5725 8396 4283 7837 75 1821 9695 7650 1500 740 6541 850 7629 2729 7830 8320 1622 3092 4494 5450 8717 2672 6501 4485 372 1220 8045 4081 4656 5124 969 2168 1982 954 5063 666 2882 4550 9880 3609 3424 7112 9862 8354 9279 707 7827 9618 6247 8319 2986 41 2028 2688 2112 723 7293 718 5347 8210 3725 947 5939 3866 5334 1530 304 7754 3819 7061 2152 3122 7551 8724 8453 5647 8912 1431 2785 9390 8765 7671 5461 3710 1715 2724 5433 4679 7386 5353 5989 2836 2127 6487 5139
8860 8193 968 3417 3971 8144 2489 333 8686 788 6562 6753 0 5444 7979 2089 2828 7439 6205 9891 7243 7243 6312 3689 9954 5803 2778 5532 4680 7340 9552 1096 8482 2566 876 4977 29 7789 5752 8709 7341 7167 8719 4704 7238 5892 6861 9205 849 7227 3207 3934 3707 6235 8517 3882 4370 5891 981 7529 8272 4747 5839 5603 8013 7481 1515 2704 3042 4592 5883 9325 3410 7578 5459 8154 3771 9602 8305 4058 882 5503 7574 8660 4979 3229 1183 9442 3036 6160 9503 2296 771 2117 964 7262 9929 3386 5994 6943 699 7924 2520 4577 8098 7416 2786 1940 9671 2573 824 4150 4575 4204 5620 8168 4799 6460 226 1107 1286 9652 4756 4247 8780 2468 6871 8396 3307 9479 3590 7592 4369 6480 1687 1828 4711 5337 8795 4351 7196 7792 5141 387 1524 9371 5713 7825 7443 3732 4188 4754 3993 239 1433 8327 2591 5784 2164 8878 8110 2191 153 4909 1391 8609 8779 5310 5222 1124 140 4959 3349 8600 8343 6230 6173 7995 5246 5437 9547 7339 1928 1042 9364 807 6131 4258 735 2584 4215 9921 5822 7060 5609 479 3409 8925 4592 6949 2784 8151 7020 7393 1503 6583 9708 7661 637 2104 7333 8447 1058 1313 9781 6198 6899 3553 5784 8689 2013 4208 4768 2703 3105 4781 7964 4202 2710 7913 430 7366 2993 2618 9870 7704 8545 9166 454 2773 1076 6172 634 2080 2157 2344 3081 295 1897 8243 8843 9376 2557 4177 6449 6423 8161 2915 799 1367 6041 3644 106 906 8242 4035 3841 5295 2727 6818 7011 2376 2243 905 1119 5860 945 6664 8050 5673 6565 6876 7599 4630 1148 3897 8877 720 2291 4508 8055 5058 194 5376 7274 9896 2624 6967 2387 4031
4361 2233 7627 4715 8264 8043 307 7003 3857 7369 2466 752 5444 0 6201 2103 1576 7756 7828 3371 6095 8308 8840 2753 6218 776 6570 5586 8101 4111 5569 1731 690 1442 5315 7021 9971 9062 78 8775 9863 1814 9539 3578 6191 531 6571 3156 5063 1018 2845 4555 1058 8172 520 320 3885 3314 4329 7615 191 3363 7703 5737 5464 4103 3921 6935 6066 6839 9723 1709 7080 7056 886 1771 7104 5646 5548 3466 2662 8114 341 2460 1286 1820 310 1610 6229 4486 4938 8146 8296 9778 9295 790 4570 5007 3308 4059 2301 5478 3425 6973 9334 3872 6289 3741 894 3154 9896 3840 1340 7435 5906 5147 1249 6487 9739 5561 3805 3089 1300 9312 467 4401 2748 5391 3115 8165 6478 2790 626 9451 8888 4164 4791 8367 1630 7174 9863 5516 4619 8712 2616 5487 14 7938 4308 1599 5646 5333 5469 1281 5181 9097 7874 4778 1806 1860 8374 7040 5379 8198 2916 1321 2442 1979 4805 8720 9025 8284 9941 5442 1423 8328 2998 7924 9232 2265 7019 9315 8288 2791 2869 4182 9010 8830 9502 7950 7059 7214 3234 5805 9246 841 5079 9842 1399 9125 1786 7076 4262 4033 684 5233 2523 7589 5654 4796 6737 2069 8546 6261 5812 9318 8664 1327 5872 3865 4775 4022 8057 7686 802 6140 3260 9414 6265 1747 6699 7955 3091 5721 1406 6570 3860 7527 3377 9223 8147 3890 8168 1323 1131 6463 2953 7239 2275 1133 7738 7363 3192 6071 6608 5939 2738 2593 2034 5120 9514 8070 7616 2789 7657 9868 435 7021 2523 6042 6556 2415 3435 6253 1393 2750 787 779 7744 6249 624 7982 1608 6987 3860 4965 8497 8100 5496 3390 789 8240 5629 2805 594 358 8557 9297 1575 2052
3574 8057 9606 2580 9108 1 5004 4150 1191 9792 2675 7359 7979 6201 0 561 4330 3805 4164 2765 9492 6894 9876 6987 5649 6053 910 788 2149 2233 9796 7294 3219 3338 5141 9383 3667 7684 7353 9424 6916 799 811 4558 3218 1874 343 5429 1249 2821 9552 9643 8767 7297 9899 247 121 4635 7494 2187 8282 3570 3045 5616 7702 5766 4669 5441 7993 1328 2241 2955 9620 8469 4926 8039 5571 6268 1643 408 1029 8206 614 4328 891 9148 9635 4697 4540 9855 678 2661 2081 8077 7359 2238 4413 8910 415 4330 7118 4030 4640 3346 955 334 4114 2326 3334 4524 6426 861 2927 4893 1655 6568 4193 4550 8065 1223 2327 6596 402 6982 9631 2921 7638 6753 3315 8992 1175 7674 2669 3161 9097 5379 4910 4372 1285 7724 1278 8569 6166 5040 1988 6201 1094 1586 5096 9034 7484 2311 9516 7501 3424 4058 1584 4728 4680 442 9957 7380 4217 8353 1955 358 8977 2644 4821 9331 2162 801 6904 1527 4943 7566 4282 2295 9161 3866 4053 5370 2392 3249 4335 9656 7184 3639 3834 2894 7035 8898 5451 5918 8401 2301 462 6519 9844 9138 277 5303 2521 1093 2113 1869 6539 6823 6377 1738 5122 8669 8432 9679 8857 1129 4840 8226 2299 2730 977 3632 1212 5435 1613 9773 4747 2196 8083 959 2884 6611 4643 8722 4978 8257 4643 7829 32 4288 1008 5785 6707 1926 818 5857 5506 7866 7684 1955 3828 6082 6719 7283 6651 5672 6677 9024 2906 9723 9232 9837 4341 256 3450 9255 8538 3497 8078 6227 6087 5076 7466 84 9054 796 443 7805 7907 1948 5142 4100 1033 2989 447 7351 871 7944 1880 1225 3941 7819 5913 2844 9796 877 6799 7387 1394 4386
9201 8844 6234 8231 223 5558 7314 2900 4733 9437 1680 4192 2089 2103 561 0 5604 4881 138 8775 3305 6821 5775 7168 5854 9444 6349 5861 2427 4418 6072 2434 7804 349 4038 6573 4456 7382 5106 1535 2000 1434 5389 2106 1577 138 7667 7907 2348 3015 8491 2191 7711 6455 6108 9281 4954 7621 3415 8433 9596 3794 6061 5973 8105 395 2059 1126 4932 6038 4873 5384 3762 9307 5347 6060 9366 3830 6956 4186 9107 715 2196 7802 9921 3046 7824 2155 4934 4808 1217 553 8257 3933 7591 8281 4511 5147 6068 8734 4220 3319 2017 8915 2665 3121 3633 8091 1239 2784 676 2415 6687 9176 9631 6770 5287 8441 1807 2981 8542 5459 9161 8521 7316 3817 6177 780 6378 2655 1875 2301 7806 9927 2640 8860 5354 8511 6647 2253 5461 3519 6293 4042 4846 5889 359 7036 8711 5023 5602 7407 6675 7619 6263 5961 8732 6231 3239 9493 7558 4019 8742 2517 3392 4473 4800 7803 5565 7165 2838 4249 3143 4678 7880 5170 2218 2569 5386 4566 3291 5579 3822 7729 8051 9092 5349 7742 6613 2145 5226 7954 4633 7445 2564 6255 3241 7117 6331 5705 8016 5952 5515 6820 8443 1050 1871 6397 7492 2722 7458 3618 1398 9660 5322 6065 7840 6770 1320 9355 5750 747 1304 1415 1877 8232 3624 9789 2912 9837 3511 6523 2016 1686 8374 6715 4253 7224 2132 5697 959 2902 1753 4241 2192 6375 10000 4490 985 8149 6067 7943 8827 2592 9056 7191 6872 3290 7475 5478 573 7978 4992 2906 8649 7961 3863 3627 6829 8613 1390 7645 8666 5318 5893 6435 5265 5972 4689 5400 1020 6113 9426 2411 6552 4865 5212 9000 5392 7095 7087 996 9169 9957 9472 8698 7025 3941 6576 9687
6257 6441 9100 7875 141 1224 3953 2402 3962 3132 3324 1749 2828 1576 4330 5604 0 725 2782 5293 9544 4653 8051 8060 8492 1577 7084 5938 9637 1886 9588 7012 2685 2811 3952 8371 1870 9699 2550 32 709 5178 6931 8057 4167 7746 1376 7760 2050 4902 1823 2653 8357 8093 7821 5353 1958 998 1407 4658 6481 6173 2953 5273 505 8487 5112 4235 1748 2954 646 3742 9020 6379 7969 3431 3375 9150 5916 2514 4518 4080 1704 7319 9380 4368 769 6954 6492 9949 5340 2614 8707 4682 1276 3052 949 2237 5545 4655 6205 2746 4150 9566 8730 8478 5133 8078 3165 3121 6637 1039 7968 9427 6069 7257 339 8562 7451 8616 6049 1283 3098 6321 1119 6757 5296 8781 9103 865 7549 8377 8246 3072 9270 7448 2450 9876 9638 7380 7033 4508 128 6250 6665 2325 1590 2868 2659 526 5777 1502 3762 8143 7458 5252 829 1528 3084 2612 7295 4740 4305 2819 633 3269 7488 6647 4943 1406 3788 9361 853 7455 3934 3615 8721 9659 5506 1111 1743 265 351 7908 629 5704 9374 5005 7484 865 8956 9960 3495 1131 9681 4087 8781 2201 6707 9052 9484 1817 2210 7787 2109 7213 9950 5171 4792 2646 523 701 48 6245 3463 9197 9959 5154 1682 535 3884 7929 9098 9980 9109 5567 3745 8820 1133 6278 5790 3379 1841 2842 9882 1054 7816 3234 4663 7926 4492 6481 9303 1604 6943 2172 9260 6296 633 4810 3343 5959 7809 9290 6512 6347 1780 2223 5915 1229 3478 6097 3825 5199 2831 3855 6360 4869 4492 4678 1421 5905 2592 7604 8863 9718 2879 7259 1353 8644 9413 4481 4853 2127 2033 924 7507 7921 9725 8301 6155 3861 1054 2863 2150 6528 8421 990 462 9742
7683 7912 5879 7285 7459 4327 9132 761 9565 1521 1717 5082 7439 7756 3805 4881 725 0 9356 9791 6821 5632 9688 3719 2768 7257 2222 1654 1929 6783 2576 5206 6618 3564 1489 623 9188 1369 1228 2516 9507 7467 4258 18 3482 7862 6268 7210 5802 2579 3843 6128 2742 4458 6193 928 8673 5814 1812 9399 3490 5704 711 4008 6986 675 1966 9631 1484 7849 6210 6230 3838 5070 8655 4329 9372 7300 5868 9131 7534 8569 6611 5325 4152 2040 4217 1124 4778 6190 879 315 7953 6953 9487 1852 2975 6944 7174 2846 6688 8662 1963 3595 8910 7671 9035 3103 4084 316 5595 5843 3664 6912 9546 1856 2321 3583 8711 5559 9668 3445 4226 9818 8249 5970 8411 7984 7403 156 3735 9372 5042 8384 4819 8165 8845 3231 8805 5743 5815 4888 1934 685 6762 1772 519 1021 675 7707 8713 9494 1473 5765 8450 7318 9381 7939 4565 436 9701 3969 9118 9953 4503 8241 2930 3562 7713 7050 4383 3570 2662 7441 4480 4975 7147 1505 1589 7559 4650 1787 1742 6236 9371 642 6367 7166 4626 5463 4752 7668 9454 5283 2994 3227 1015 9480 1266 5176 2168 8028 6220 2549 5811 3647 2928 4345 92 6859 7359 9821 6243 9823 238 1399 3940 4334 5891 4419 576 464 6430 7974 1791 9397 4182 767 3810 1986 4352 7178 8757 980 2903 9432 449 5166 394 7481 1053 8870 3037 2919 2135 9396 5453 1671 2946 6101 1337 5817 1837 4541 6302 2410 3655 1018 3993 5083 2893 1984 5560 2681 6154 2288 975 4739 1525 4209 4022 906 3021 3489 2029 1358 2571 3974 5445 9468 2346 6775 2942 3464 5253 1488 2130 9650 9115 7729 677 5627 2478 1617 4364 1973 7171 8530 7701 8336
2162 6981 1432 6490 3294 5290 8731 1375 7712 8801 4591 2900 6205 7828 4164 138 2782 9356 0 4387 9708 6558 8782 9268 6204 6052 9552 5457 9422 914 406 149 5968 4417 9966 7820 306 4903 7491 177 1634 325 2856 349 794 8540 8259 3659 5231 9987 5654 4573 8900 9968 8026 2828 6605 9166 5855 4406 3978 798 7174 4936 2290 4354 7964 444 6160 9543 1621 4605 5463 9608 7786 3956 4127 2026 2573 5177 5173 6920 7113 4328 137 6847 9773 2297 2964 5430 3651 3496 5894 4015 4004 2463 725 4089 6617 6731 7144 1506 8713 1162 1579 7210 4081 5788 2163 3146 3200 5841 972 2357 9587 3869 5330 4215 9776 4922 6566 6510 5053 8823 917 655 403 1189 5982 6141 4360 5731 4831 1256 2845 1067 1580 2933 3219 1793 5953 7256 5283 8168 2020 1201 9189 277 3013 4120 5881 5482 872 52 456 2168 9334 2139 6014 4718 737 5705 9241 7419 6913 6779 7184 6530 2926 7945 3702 4578 5067 2100 1503 2196 8469 9810 8583 2303 4911 6157 5145 1595 7924 1871 3793 5619 5560 7127 2322 7581 5814 4743 6353 2848 9961 3478 352 4777 3427 8773 9333 1181 9082 5682 2557 949 7376 2531 8623 9237 8628 8256 8008 5290 9087 8477 2629 5272 9746 2297 3256 8989 3618 5301 4519 3773 7782 2712 5936 9099 8701 7221 922 6561 5185 5677 4218 4815 4289 3980 294 7418 2002 3954 2352 1747 1415 7852 924 3535 5028 5910 4991 1401 834 9920 4412 9049 6168 3403 1496 5106 7052 2529 4358 1140 6289 175 2907 3391 5265 3908 9339 3010 4602 346 4486 1444 6921 1435 8303 8433 1323 145 5730 6195 7628 2115 9198 9064 7979 1604 4642 3606 5660 6823 4606 458
1248 3678 7668 6210 8214 6269 8490 3573 3832 7759 7857 7565 9891 3371 2765 8775 5293 9791 4387 0 114 9918 1188 9027 2896 6567 4087 868 7898 5030 6903 1321 3205 7637 8973 6126 6341 4160 9151 3072 5987 5514 8312 2860 6193 6948 1527 9193 2263 7076 1133 4763 6927 5169 4969 6745 4062 4654 2521 3283 2411 8003 8255 7558 6649 5461 34 7475 2557 2639 8189 7813 5140 2801 1430 3256 1141 3598 2819 2748 4597 3231 4409 7004 1088 7935 6065 3570 1794 3687 8716 8354 6610 2524 7671 8359 3894 2749 6211 1408 9102 203 8354 4856 1199 1672 6629 8243 190 7003 9657 6427 8221 1192 7633 2873 9141 673 6749 8937 753 7433 2590 6423 7755 5382 3815 4984 1387 250 3925 4096 6879 5289 8729 287 7434 3419 1493 7513 3208 6846 7676 8536 5555 8282 3736 7384 129 6237 9081 4611 3744 5061 9047 7704 7989 112 1667 1081 5556 6829 7961 8737 6239 29 1100 5449 6549 6611 8008 6969 1241 8741 6459 3243 5078 2913 7995 2656 6263 2927 4312 4064 3693 9941 4215 3841 1272 140 7215 2318 2660 4472 3491 3486 984 6147 6000 4889 9491 7736 7677 1121 1633 2610 8018 9438 884 7706 6090 4335 3632 2512 9679 3540 400 9377 4827 3028 1849 6616 5749 6184 9662 654 4433 4665 1636 5782 8798 5913 2009 1081 2263 4082 8475 4186 6749 9156 7589 8933 8868 8530 5739 4538 254 5508 9864 232 3945 858 4290 3050 7978 1859 3659 6899 7145 227 1447 892 5394 7674 9972 9312 5878 6930 865 6584 4752 7772 5654 9786 6694 5722 108 134 4444 7503 5895 5529 5432 7142 2407 5190 6622 7493 574 9900 980 9761 3685 6189 3021 7866 4178 4186 7342 650
3878 4751 2065 8280 6522 7304 6722 3694 9707 4466 4830 1908 7243 6095 9492 3305 9544 6821 9708 114 0 5889 1155 3220 661 6656 8623 6892 237 9424 2632 4416 2959 8649 1035 5158 1379 2481 8300 1179 7982 7564 6622 3905 2306 123 7966 2108 8086 2294 2525 9795 3748 8530 3195 1530 9569 9422 5233 4921 7795 9161 3660 6181 1999 3011 8008 2075 7655 6985 1360 9025 3480 3583 2087 781 3495 1741 5594 3767 4087 4272 3310 386 7988 9518 6607 4611 2255 35 8032 2988 5904 6377 9369 5733 8438 4557 9485 4066 3879 2037 9991 7052 4023 5905 2430 1566 7344 8640 2705 6665 916 8159 8409 8935 2377 3052 1667 3249 7973 8782 8942 6132 3648 3402 9850 4886 7535 3552 8504 3489 6514 8890 5801 1190 3244 5135 1956 8924 2537 4467 2723 7088 614 7989 5194 1618 7647 264 8828 5029 6603 2421 2768 649 9218 9195 9580 9117 2058 1966 7954 7805 4774 5256 9816 337 6653 9560 6080 4682 208 4905 4816 3462 9070 4028 7076 2749 8932 3437 9653 8344 6028 139 4938 1398 7767 8941 6516 6317 4480 5220 2138 976 894 3150 3751 699 2654 9387 7809 2903 682 7282 5235 2185 4389 370 2306 6661 5345 3753 600 9789 6137 9820 6540 597 6361 9443 5239 7892 4290 2484 2737 8760 3838 8495 7436 9520 9190 3399 1816 93 9806 6769 234 8943 9821 8759 5273 4291 5414 4317 8443 2882 5559 2211 7678 5750 1966 1745 2423 7544 4579 4327 2377 1727 913 6313 5946 7581 1530 2325 4334 2607 6134 1079 3930 3140 8766 4949 8636 5687 9128 7765 3963 6380 4948 2796 8525 175 1094 2758 4095 3944 1784 9297 3276 8098 9332 1259 7145 7377 534 6805 6076 6349
4968 4519 1433 6509 6973 8148 404 5220 5713 7696 5180 6100 7243 8308 6894 6821 4653 5632 6558 9918 5889 0 4957 145 5924 1814 3304 833 2354 9377 809 919 4188 565 7695 1247 7020 4487 3455 9343 7654 2811 3785 3362 6485 4503 4436 9632 3961 7039 8720 3062 2726 1856 8101 2198 2059 3831 8097 2523 5444 1360 8564 2267 2422 2263 2855 6914 8417 7523 1890 505 9693 1427 8812 5907 9732 8897 2695 2404 605 4122 6416 1434 9179 8805 4995 9927 4609 9122 3004 9050 4662 8504 9903 179 1104 3925 6654 5139 1457 3191 3335 5860 4371 6460 2498 6632 938 5204 6023 8058 5237 5562 1083 6014 5785 9087 6948 8328 3453 4605 2815 8333 2402 5887 5371 6710 3703 3639 3133 8327 9452 4374 2250 5568 8899 4764 4116 8161 2171 6212 4519 6806 1842 8563 7036 6859 2806 1155 5886 3485 6432 2122 2668 4978 6800 9461 1720 1051 1294 8106 9413 1197 9421 3672 6760 1111 3696 3293 9975 4930 112 9800 3644 318 4636 6827 2163 5848 8538 7840 8936 962 7601 2322 5863 7658 1168 1572 2847 348 3442 8983 5494 6994 3792 4858 1068 8936 5497 206 1513 7449 952 8016 3163 2072 9102 6470 2292 9861 1810 8386 1236 3019 9433 837 4184 2962 8937 7497 221 7607 7477 1212 4157 9490 1608 1206 3077 3211 4680 9764 4091 4416 9045 9970 5872 2618 8264 1714 2716 5420 9805 8721 7350 1263 6424 1364 8280 7240 6524 3418 1962 4405 4211 4515 4204 8757 9607 4670 9292 3299 9448 9344 9852 8087 8404 3759 2440 6474 6751 231 65 4169 4725 4768 1652 8226 9535 2410 1243 4103 4888 4827 5573 6463 7463 2124 6441 7596 8008 7840 597 3757 3643 5254 7910 4334
8233 5743 4413 9094 9902 6655 1602 2200 1609 5429 2797 2484 6312 8840 9876 5775 8051 9688 8782 1188 1155 4957 0 1616 1278 2962 5574 7931 7884 9780 7211 4374 6746 4166 7243 3099 8793 6441 81 8684 1359 2620 568 2303 1550 4522 8219 465 5488 2257 9223 6386 8683 2429 1857 7298 3760 4067 5275 4202 6473 3105 5348 8905 4238 5913 4521 4124 7967 7165 9092 5121 7402 8466 5744 8400 3746 9926 9674 2558 5407 2657 5798 4375 244 2135 779 20 1543 2266 8788 8028 8120 4599 2571 3425 7883 6628 1432 2364 4857 1785 513 3062 277 9533 7589 2852 210 5043 2475 6414 4912 9361 4197 6081 7710 9543 5790 8923 6670 6639 8955 4631 4050 4527 3930 8722 2086 8631 2974 5467 7218 444 1796 625 2682 4469 2192 6469 3843 4125 4690 9936 6660 8000 7931 4294 3184 5153 4961 8121 3775 3122 6038 6715 4818 502 1455 9865 1085 8026 7214 9892 7024 4726 8884 454 4824 89 9980 397 5492 1652 4709 550 8271 9750 883 8577 6346 4857 6330 2719 4391 5498 4193 262 9300 6299 8519 9971 21 7574 5606 5728 4419 6384 4042 135 7489 7020 2673 2213 7605 7400 5585 9486 7887 9023 684 6596 5491 6021 36 2028 9620 4449 2719 3999 2115 7811 4291 8281 2495 6797 1139 1997 6447 4022 9368 8571 8776 515 8915 1702 5133 5367 4774 1802 4132 9443 3644 3322 2863 6991 804 8199 9767 8685 4790 1236 2018 6406 4240 3292 5934 2975 1159 9057 1133 7774 3469 8355 5899 4494 4430 4517 4198 2380 1357 2022 3474 4537 115 9954 5393 3493 8240 6224 2962 6348 8741 8830 5600 1537 9922 7892 6593 13 2999 6484 8083 3829 3016 3075 5868 804 3780 2786
1478 8619 671 9989 8975 262 6994 4816 3911 178 6532 6033 3689 2753 6987 7168 8060 3719 9268 9027 3220 145 1616 0 4746 7388 7557 1183 3461 2005 7201 8512 7916 3602 6301 3148 9539 7163 9533 993 445 8819 9600 1570 2991 8731 6550 1711 5738 6446 7551 3831 8087 2243 4465 696 7692 6458 2033 1039 489 5856 7592 9804 7416 9061 7131 3600 8419 2240 2284 3431 5232 3473 7371 4733 3592 1985 9808 9781 1828 4492 6375 8309 6225 5060 8488 6782 1502 333 9485 8468 3539 906 8352 4588 4919 7005 2119 1503 2065 1125 7233 8037 4778 4183 8741 3873 8410 140 2177 9105 8869 7962 6256 9348 7893 5611 5206 4556 7925 1365 1526 6835 6956 835 7106 6301 9592 2524 4347 1957 5140 3459 9208 225 5227 8630 1945 6981 2120 6849 9319 4323 8395 9545 5971 551 462 2903 4230 5988 4043 8475 6963 1884 8315 6590 5405 5173 9858 6221 886 6342 7025 6640 5055 7549 665 9378 4425 5713 1969 8697 4397 6340 5346 8572 1818 4761 517 999 1995 3882 3131 791 2328 9383 5550 7239 4300 5773 1590 5578 2982 4019 4567 5668 1563 8057 2477 4955 1731 3417 6309 8801 8628 8561 158 5413 5978 1411 9496 6197 2265 8079 1638 3725 8108 5090 293 5719 9319 9176 281 873 8516 1566 4614 2183 8251 4774 5055 7774 113 1644 7736 9845 9415 2212 378 6298 3164 617 1436 8781 6617 4199 3239 2952 7796 6256 9247 4757 2322 9134 1015 825 959 7700 4317 9715 3047 6594 6488 5929 6245 794 5035 8092 484 6256 8893 2425 5250 9452 8370 6166 9378 9090 3763 217 1565 1122 5566 6161 8923 6902 1994 7283 6855 7061 6207 2998 4553 9806 8537 2282 3135 268
6498 1022 6414 105 8101 594 867 3602 1953 3571 7664 7199 9954 6218 5649 5854 8492 2768 6204 2896 661 5924 1278 4746 0 5435 3449 926 3629 1739 3210 3761 3052 3801 355 9384 2306 3418 7154 2259 4025 6725 9089 2826 7162 9930 9455 8845 4329 1043 2598 4110 7400 3947 7604 5645 2115 7134 8060 1244 8366 7459 250 3542 6416 501 9077 3295 9908 659 2498 3192 2335 8119 8845 7589 8745 1486 1692 2353 7072 9929 4726 6448 1677 6240 8581 3760 8694 5991 567 3827 1575 2799 620 8486 5047 9956 1237 561 8614 1601 4259 5676 1846 7973 637 6550 200 8688 3023 4810 5348 9741 4409 8722 3043 610 9625 9163 7752 1987 3351 552 7818 6031 6282 3140 4364 349 876 6111 8684 9054 7070 9156 6639 5086 7775 8723 2546 3407 1784 1814 9772 6119 2243 7285 2561 4814 4200 5595 4044 598 8473 1043 5415 4239 744 8786 8739 218 1559 664 4395 2422 9664 1839 3385 875 9825 6143 6638 4939 6786 3476 2549 5449 4662 4018 532 253 3120 7370 9630 393 2239 8565 2635 4633 4799 8260 2569 3266 5962 2002 253 8560 194 1917 5547 5083 8139 5763 7967 9622 4074 5308 1316 9146 172 228 2622 8777 4968 8395 5525 7013 880 7238 6919 9325 8242 620 2387 8247 5364 850 8417 7697 3932 7421 2294 2919 4881 8250 4950 5330 2768 3499 4558 4520 6604 1097 716 2060 7029 2509 7033 4612 5198 406 6263 71 2204 8087 5964 3847 242 5017 1297 8852 6281 108 9359 6661 1631 7785 4543 7652 6260 7040 9586 9868 7985 251 6811 213 8698 3831 473 293 5747 505 5304 8900 1255 5492 3636 3566 2982 7960 9154 2720 9877 9094 7382 7116 3724 7716
5749 5304 6848 9761 8426 3142 6662 6967 663 3615 3862 6450 5803 776 6053 9444 1577 7257 6052 6567 6656 1814 2962 7388 5435 0 8606 2540 1059 4107 5590 7366 4497 9319 164 2425 8560 6658 3546 2561 2343 5310 9821 9665 1894 1883 982 5369 2230 9398 228 5497 904 2515 9826 1571 3071 6749 9867 6682 7154 1635 6854 6074 5300 8683 655 5006 9309 1306 3189 876 1058 3343 7418 6597 7447 2852 4719 828 2280 8393 1869 3963 125 4712 4599 8846 8017 7419 3909 6907 5764 6304 2099 533 1898 1913 8761 1417 9700 5011 6475 6139 5270 9987 8965 937 5571 2081 2838 534 2551 395 8393 203 8694 2927 3355 9815 4665 5875 3731 6018 9571 6061 427 4695 7808 3453 1224 5406 9126 6333 3324 6940 173 8600 1516 5051 1003 1371 2226 3665 5513 9761 7007 7401 5279 646 9734 814 5961 1968 2514 6548 7785 5569 9082 1663 378 5992 6245 9645 804 714 5698 1164 3289 3253 2954 1786 5575 3146 9863 1496 4758 737 9757 4679 8912 8181 1779 8804 6618 5119 5978 6573 231 3347 4212 8807 3201 1945 4704 7532 3302 4476 6216 8954 6630 5622 4139 3215 1709 1298 1279 4562 7925 2850 7147 1516 3343 3993 3896 4360 6650 1242 2918 9166 1026 1944 3267 3241 5507 9582 8757 3092 5886 8472 4743 5406 7926 460 6694 9136 8665 8119 4204 1425 8850 9704 7768 5299 5409 9720 7802 3881 9159 9605 5506 25 8855 3713 2026 9018 3765 1172 3897 1806 9977 2191 29 1859 9857 2384 4150 8811 2189 3682 9677 5915 5868 2842 4369 1393 4368 7370 3032 9503 598 9200 808 2337 4637 3421 5456 5286 9598 6797 5097 9633 9653 892 5013 3608 5329 868 5788 6418
8368 5504 9640 2976 7683 8485 3636 4204 9132 346 4396 3664 2778 6570 910 6349 7084 2222 9552 4087 8623 3304 5574 7557 3449 8606 0 9495 8492 8512 8251 6884 5326 6156 4519 3936 2922 6512 7668 6716 8707 4622 9071 1637 6260 5133 14 8847 6888 5454 5554 1200 5483 2760 5149 7140 4100 1105 8779 5176 4180 8412 8271 9234 9839 3281 5301 8441 7120 7179 7290 4389 8989 2269 5028 4812 6644 7363 3420 5364 4460 1646 6750 2206 84 7898 9708 5736 8350 9862 8058 355 954 3263 3366 1775 1445 6809 7275 3263 3768 8937 1358 4189 4491 3308 1627 6846 8758 7094 1550 7755 7389 5433 2405 9559 7775 9888 4602 6875 704 5704 9200 6963 6883 9146 7406 6111 509 2778 5770 719 7181 9631 4148 9756 4041 627 5127 9032 8197 1167 2774 6248 7384 8532 4013 1371 1730 2413 4325 7703 2353 6306 5376 2303 1399 8275 7256 3970 8433 9908 7875 2691 5961 8827 1946 477 8271 7081 2967 2491 2374 1124 1141 4812 6011 9479 8243 2558 5209 729 7455 2705 2851 1480 8748 9783 2991 107 4173 5233 9071 8395 8161 9368 2900 9121 5080 7727 6293 9441 804 5455 3870 8546 2709 1246 9179 7464 9971 7637 8562 4882 779 783 1748 1722 781 5937 6914 7244 8685 9874 9812 655 2859 1899 7395 4297 7153 15 1571 2245 5863 349 9233 2321 931 926 4073 3020 3117 3001 7633 9760 8710 5865 3480 6050 5359 8704 786 3912 1280 9755 4013 2536 6395 8010 5192 2092 7260 6938 564 7826 1043 4372 3401 6905 7396 7394 7379 2786 8721 3846 2624 1207 9402 5401 3347 6253 5653 2876 2991 9036 1500 544 8143 1868 3054 7179 5873 6833 4554 7942 446 7782 2634 3136
