250
0 8457 1718 6048 2200 9486 518 175 2274 1688 5759 8439 608 919 9551 8904 8200 521 8903 6371 4972 3373 65 8304 8198 928 1092 8010 8736 248 6876 6185 6048 6246 7165 8090 7656 579 2605 7763 332 3088 1489 3165 2188 2377 663 6878 9328 1809 485 436 7371 8984 3764 72 2349 7079 7757 4738 1614 5594 163 9292 3932 3555 2397 9523 4324 4974 7863 5587 331 3484 4805 4494 8558 2070 9419 4518 5256 6342 4474 4454 2460 8229 161 3789 4666 3333 9925 9000 562 127 8707 7616 8819 5028 1015 4783 9098 4492 4919 2411 9605 2021 507 1489 8399 2985 5969 8727 7867 3799 5819 2352 8683 3877 6055 4642 9178 8145 6290 2960 8253 3643 1808 3106 4328 2368 4814 4586 6333 2505 585 7097 2650 3451 9845 6515 1075 8996 2658 4010 8580 3397 1448 903 3214 2365 1179 7462 3940 7650 4517 3226 7063 5069 4828 1827 6729 2512 6560 8630 4376 8724 7726 3960 1225 6153 1886 482 1166 2592 6299 4026 9604 6407 2922 8077 2162 482 9016 7683 474 5465 9554 5370 9460 3182 9483 5579 1134 9107 6754 8217 1744 6944 4132 1636 8644 2913 1701 4092 3397 750 2030 7213 7756 6642 4974 884 2942 146 7589 7651 2046 754 9254 9149 9436 209 2560 7660 854 1277 8208 4753 2050 2096 8187 3547 2010 6916 4417 6582 4902 8464 8649 8014 8800 6709 122 6343 4033 4216 5195 8800 9393 7132
8457 0 5299 4637 6638 9709 3342 8986 474 7091 8055 860 2521 3845 7577 3713 2241 251 8032 157 1961 4879 214 5017 1729 113 6231 387 979 9312 9770 6050 3623 3888 2829 6761 8770 2430 3998 3163 1128 6710 9935 4805 8572 4036 183 6722 8988 903 4415 910 814 2868 8555 575 7980 8679 4282 6431 8242 2219 5418 3638 2686 5971 3899 5911 6132 7274 1079 2585 2777 5612 5699 5086 3397 2742 6457 7233 5814 244 3802 2617 1265 3281 8735 7804 9052 3735 2327 2777 6119 8990 9076 987 6516 2601 5688 1366 92 5168 4846 1550 728 4724 8992 3035 8993 5714 9634 3593 8618 8738 3819 5862 3262 6241 500 3935 3035 4094 6887 8254 1152 5453 6193 7285 6001 6042 8156 8863 6865 325 5107 7343 7475 6142 7547 7127 6780 8048 1465 7380 9871 8177 8472 2234 6471 4779 8591 3799 1534 450 590 2968 632 9853 9979 4635 3029 1158 1644 7722 9975 9682 2162 7335 9853 6747 4052 8192 7438 3089 3857 6600 4433 4372 3179 5589 3896 9307 6357 6368 2705 7060 9079 2482 3318 4749 7612 2019 7285 937 9403 7415 5002 299 3024 9247 5161 1752 1273 7661 8702 4410 8835 6023 1412 3650 5369 3358 3886 9791 207 8986 8955 8631 3428 2007 3154 4939 572 2616 6205 1009 5806 4643 6325 2174 8352 9110 1145 6612 851 2978 7692 3649 6470 3237 5385 9201 4467 8205 687 3070 2415 2812 3563 356
1718 5299 0 7148 9253 5715 7033 4756 3673 4158 8407 7081 8371 1808 2183 2935 336 140 7833 8191 5806 8124 6750 8076 1816 6849 4961 2427 1700 5003 953 481 8362 955 2793 759 7374 5497 1787 2855 9729 3896 6604 5480 1104 1602 2711 7279 6668 3712 3503 8785 9518 3266 8250 6702 6313 5660 9603 2809 3014 9986 5103 8924 9534 4837 6581 2848 1930 499 7879 3661 4285 4403 7178 6149 6227 3994 9522 1775 5264 5248 6211 3715 6718 2004 3332 4100 3017 7162 2150 1296 1099 6672 6075 3009 2946 8209 1932 6983 2857 5763 1654 4541 2086 6978 2759 3200 3233 6242 3245 9300 279 9168 8911 2844 8382 3328 9106 5744 3044 9126 6468 1303 3187 5640 5286 4779 5322 9674 4553 240 6213 830 8233 2976 3370 8475 1418 6021 4080 1716 5421 4871 5189 6519 9102 7152 2698 969 1324 4324 1498 2352 6161 14 3565 3894 4014 5592 5205 3761 8904 3017 282 2252 1919 445 7874 6912 171 6262 5172 2154 8225 2750 8209 3499 4608 2919 4696 3898 5358 6909 5951 3367 9235 614 8808 6520 62 4444 1378 4203 1905 8250 4639 18 6701 6214 5316 3918 2424 29 9604 13 9419 244 7629 9524 5764 1819 6100 6598 5574 1517 9577 7330 4878 8872 3021 8690 6098 5895 7259 9445 8332 1964 1560 5827 4924 9510 1512 3753 8756 5349 8741 5143 3475 7362 4075 5660 1675 581 9099 1844 8511 2555 1965 5939
6048 4637 7148 0 1459 4906 8684 6958 7243 2614 1515 8985 4537 7729 4975 6585 4835 8439 5098 6219 7304 4175 4762 4737 5400 8418 1296 9079 5486 9049 9888 1609 5208 7783 7459 3459 539 1676 3566 8496 9154 7159 5375 5473 8448 8455 6031 2612 3999 7762 6383 2705 3123 8709 1131 8469 1536 2582 8926 3946 4138 8124 9522 6256 3504 5823 1253 3636 3434 5657 3625 65 9807 7942 4818 3175 268 3213 6884 5258 3053 583 26 8870 1538 4030 9828 825 8006 8445 8669 4430 825 2747 8380 2676 1835 3830 6428 8232 576 2702 3891 686 6850 8815 7872 7884 4191 9229 1972 5259 8781 9998 3475 4093 3649 6361 9848 2957 543 7657 4423 3668 1618 6157 7350 570 2809 3103 77 7790 1633 8688 7089 6972 5152 2908 9959 3562 6314 9474 590 6616 6778 5312 8612 1087 4392 313 9085 7334 5165 882 7210 5903 3098 3618 7934 4955 7890 7463 2039 2000 9868 6255 9831 7201 8041 7036 4826 1340 7691 8877 2391 4741 8835 3529 263 1223 9579 9076 6363 8049 4416 6757 8300 8676 6516 1665 4821 3078 1505 6998 5218 1152 4204 7288 7933 5168 3901 6433 3177 4551 6293 5351 8994 5820 9015 6819 2361 3461 3776 4173 9282 7678 7594 1204 7853 8475 7959 86 5980 3567 7694 7700 2750 4808 6799 5958 1303 6640 8635 6710 124 9027 4675 1453 8317 5461 636 2982 4705 4204 573 5942 9066 5984 1452 1421
2200 6638 9253 1459 0 1236 6644 4064 5041 9680 5666 1531 4188 5741 1255 7299 9223 8578 4757 1163 1958 5578 2001 6567 224 1726 3884 4552 6947 4417 6194 1874 2647 7388 8132 6388 767 5153 7527 5482 2945 363 6528 4609 4057 5818 8696 6305 7065 2322 3962 7376 315 2458 9209 6066 7754 3315 4627 5125 4327 5249 289 5252 8985 8051 329 4636 7277 822 9655 7503 536 7657 9527 3642 4979 128 1469 7230 4930 7756 8367 1779 7913 7270 23 8312 8679 1080 4644 1362 8383 171 3955 2110 5053 9858 4957 2901 5096 6141 7486 7228 8701 6432 1756 9640 3646 7832 2762 6203 5935 4170 6410 8340 2815 4598 9682 969 3479 4733 7289 4975 1225 1446 9033 132 505 5030 6095 9612 3474 3753 8546 785 4944 1781 1394 3361 2218 5834 463 6332 8171 5733 7301 4278 961 9741 8826 5572 4030 6542 8218 7540 7675 970 4437 9527 686 9796 1336 896 1261 8316 4023 5060 1591 8592 130 5125 5895 1829 8179 5923 6789 455 8091 7585 3050 1486 8820 7653 6707 3967 2697 8955 5866 960 3795 3823 36 1840 225 2935 5532 6577 3914 2052 1696 346 3542 1235 4073 6176 7258 8031 1192 2021 9459 4238 1573 4495 5664 1799 1081 6954 9317 6375 8799 11 7965 3910 9708 4392 2180 9930 2165 2706 5747 8151 3280 8721 4733 4625 2130 1225 5112 7457 1973 2084 11 6996 3792 2929 2735 3113 6430 490
9486 9709 5715 4906 1236 0 2092 7921 7229 3326 7850 8476 277 1316 374 3419 1626 9595 2605 9682 2264 8312 9291 9470 5745 301 3654 8448 8204 6750 4190 8510 1557 4561 1241 2285 5533 2589 4156 1154 2051 5898 7031 3686 3129 3330 8234 9632 9178 9532 2109 2011 9307 6656 2087 7295 9193 1251 2183 50 1942 1551 3412 8015 3961 1826 3286 1648 3603 4314 4943 591 6344 4089 774 6126 4447 7333 893 183 8704 8228 6734 4476 989 7029 8138 5637 4303 7736 3778 4040 8981 5190 4975 1285 1840 2230 2154 4808 6467 5328 3559 9306 905 5710 6443 7894 5660 7546 4332 6681 2152 9012 1666 8874 7670 3897 3970 7942 2756 600 9840 2504 3373 2830 7213 2075 7229 197 8054 8769 158 8114 7520 8375 4235 3451 2320 9566 1093 5170 2781 4321 4634 1589 507 2333 899 6433 6347 1687 2262 9683 2400 2249 5451 8375 9592 2738 2901 7190 798 8079 4998 1658 6374 8620 6693 4762 4150 5211 5489 9907 9234 6381 6036 7661 6243 2748 9523 9942 3240 2411 432 2160 4808 9673 5744 6246 5148 239 6919 1947 8880 8282 1900 4465 8337 9797 2161 7853 3521 1853 9037 8460 9174 1374 532 5082 3832 745 5133 5841 4244 1419 4560 8676 7447 512 2948 7073 9295 8771 3724 7564 537 9225 5049 6493 3878 3557 2060 9614 1121 7942 3913 5981 5755 2105 8997 5808 2759 2789 3289 2029 6470 4419 7951 9508
518 3342 7033 8684 6644 2092 0 6486 9828 7306 6870 8375 1973 3187 3371 1421 5802 8215 7238 3010 2330 497 9571 5127 8171 931 5057 10000 4793 6853 4821 5502 7565 3763 1994 3704 4980 6885 3654 3637 4542 353 2828 4364 6253 911 9842 8083 5189 7173 2294 5002 8050 2233 958 1772 4963 5734 4020 3798 8353 4157 2253 1395 6069 3332 2106 4707 909 8096 9956 2937 647 9059 4474 2323 3987 65 3834 4049 8438 3901 1951 9638 8002 1431 450 4376 5388 6172 8220 6686 5668 9319 4128 5665 259 5615 6030 170 8621 530 683 6440 9766 3382 77 805 332 6744 6543 4950 3869 8236 3079 4094 697 8949 9859 3818 6367 4736 6252 6239 1774 4736 6159 4587 3876 6749 8350 6472 5212 2733 9502 4429 5789 5935 3114 4171 5511 9816 3968 9320 9235 7124 2958 8093 7856 8920 7540 7458 1680 9522 7492 6330 9618 5313 9845 3733 3155 8151 8217 4801 6297 3010 7986 7884 4171 473 3138 633 3838 1037 7588 6322 1142 3686 1648 9725 9321 7401 8462 6866 5690 5569 5368 4642 3090 9517 5080 9552 2453 8640 737 5192 8043 3422 4788 5966 6778 5980 9945 4854 2337 5505 5581 3009 4717 9315 9373 6683 8696 401 1945 7302 3351 480 900 3597 4630 6473 88 1214 2326 1722 8234 4756 2961 2277 2444 7581 1663 4311 498 8060 7169 3229 198 9785 4923 311 2970 3684 5633 6934 2363 7567 2225 6076
175 8986 4756 6958 4064 7921 6486 0 2182 9231 1745 9026 8763 2547 7086 3151 6042 9077 9698 3533 2711 3549 6919 3189 1255 4056 4586 4449 5258 4601 5722 2312 575 2866 6699 4522 8466 8004 5334 4982 787 2871 8627 3196 6876 7803 826 7742 4100 281 2298 2440 9194 4833 3151 3050 2946 8555 9906 7666 9095 1505 4456 9576 2420 9611 990 3031 5311 986 2194 934 1495 3464 4205 3763 8522 1311 6270 9419 4645 3256 9312 627 6111 2280 7735 3244 9360 3056 8921 9945 2902 3079 241 1399 2600 4570 605 454 548 9974 8015 7500 1094 5332 9460 8779 3203 3985 8759 4743 9696 1214 9274 3033 8870 5761 7257 3959 9448 1270 3236 7438 9549 2262 6385 7762 767 4561 8214 8243 4396 35 8384 1054 1508 3338 8254 6198 6481 6867 1151 6504 4063 6401 5714 3562 8177 6779 6425 9597 1357 794 9249 1755 4751 5153 6981 4553 8352 2914 8037 3625 193 6501 1071 9389 5882 4342 2821 780 2513 625 9652 2007 7360 3470 728 5392 5155 5235 6191 8568 5626 2998 2578 3528 5274 5056 5799 9007 7456 1681 7597 3131 5242 1980 3117 1215 9694 7419 7850 7470 4843 2571 354 1850 4517 693 986 7600 1624 2105 7815 678 2106 3077 2979 3568 8411 2938 2042 9687 1896 3887 7774 9667 8072 2567 1026 4974 8798 7416 368 6544 2527 8459 2558 9595 3415 6510 8705 654 9671 2097 4066 246 3053 3936
2274 474 3673 7243 5041 7229 9828 2182 0 1919 4549 5823 5107 8685 415 6088 9986 7465 314 4913 143 2830 1303 5874 9381 9230 2721 8613 4035 1961 7247 9755 1994 9295 6046 1573 300 9304 6789 8426 846 6628 3382 640 4095 6261 7335 8885 4448 3374 7326 9966 5357 9803 3642 7448 3009 5562 3317 8546 6305 8275 3301 2433 7935 5330 9957 9000 4180 6694 6570 6091 9728 468 3948 7262 7979 9029 2597 3108 5896 4726 5652 7983 1305 1724 5307 3698 3271 387 4291 2897 7917 6011 3954 1836 3885 1585 5610 6149 4917 2963 7081 8847 2113 1509 2218 703 8581 2391 9932 6973 1060 8698 6770 4221 5392 9899 6381 4944 8779 1204 7421 6334 7151 9338 1303 506 4955 3501 6112 7964 9170 7189 3767 663 2719 4600 6963 353 2477 7836 4495 6561 4973 1932 809 2401 6115 8993 1929 2861 9543 3782 6160 4827 8064 1238 1785 7211 2532 3673 4527 5849 4050 5949 7237 928 7915 8904 5578 9883 8834 5915 5748 5224 3801 1083 399 775 2162 1223 7324 9732 9048 8504 746 9113 3711 3001 6464 4256 2165 3998 9076 8320 2900 1781 5472 3841 1681 749 3362 6760 8428 1919 8571 7066 8001 4413 4732 7453 1051 2197 3045 7528 3399 5870 2167 6452 9323 1239 5032 3405 2163 4861 5373 2927 9917 2578 6716 2242 1819 3776 6898 2302 7333 6918 3464 7966 2056 1337 9055 4348 6300 2198 4639 4692 4585 7861
1688 7091 4158 2614 9680 3326 7306 9231 1919 0 2514 1681 6169 8102 5711 2216 7298 6771 7162 1421 5128 5975 1124 4813 3581 8857 9055 6624 7178 6782 4537 8694 1174 9798 2212 9825 9885 2723 290 8476 5930 3809 2756 9571 8676 7682 2579 8811 2556 9069 8468 6017 7937 2608 9443 645 1851 2035 9695 6712 3586 8798 4715 6736 6796 7683 6371 8125 2988 5014 4087 1448 760 8938 3456 9150 6475 7190 3737 9019 9799 137 143 9345 3998 7417 1695 5071 646 4123 3653 4766 1153 1447 2272 6668 5537 4356 7427 9356 7197 9413 9404 215 3698 3807 3160 8393 6647 3478 6832 7514 5071 8951 9503 5815 496 2277 6257 9472 5205 1719 9765 3789 918 3963 781 8863 974 6684 5163 7866 3579 4236 9393 7494 7046 1010 8987 930 8936 8365 4608 9706 2848 4526 6222 7264 3161 4466 6274 2783 9092 3741 3119 7269 4677 4237 2223 6725 9109 6092 1196 6313 6387 9401 7187 6563 5168 4438 3820 7749 8941 1556 9924 937 3614 7461 7989 4107 263 5163 3925 9148 2268 1512 303 561 6637 3814 3486 4712 6205 4842 8719 7549 2980 2873 4686 2060 291 9498 7041 4072 3118 4726 6701 2405 8615 2261 6696 8155 2217 6178 4616 8548 3716 1808 1476 4081 7784 5949 8278 271 3682 1065 5776 1515 8681 3692 4649 7066 4246 3721 7701 6965 1920 24 3620 5982 3488 3122 600 615 2394 3012 4886 5042 8480 9571
5759 8055 8407 1515 5666 7850 6870 1745 4549 2514 0 2772 1414 2962 632 9542 6951 368 2821 1422 2257 9225 742 2043 2875 7264 5113 9068 5579 7443 2072 2624 5191 6873 9228 9332 7198 2624 9690 947 4801 5025 1746 7861 2026 2260 8656 1831 1408 46 653 7861 3476 9658 7235 9578 2823 3248 291 3801 3314 222 7567 4913 3269 2858 9205 298 648 7885 9052 7630 5247 3326 1289 7405 8697 1961 6990 2220 5847 7837 8315 554 5304 9105 2886 61 32 258 8292 163 9037 9187 4803 1414 5439 2029 3516 9667 7036 4355 2426 7391 5961 1958 1566 5081 6137 4039 5622 5424 4590 9596 580 1744 2481 9681 2616 7615 5643 4832 7567 63 82 2716 1089 600 2240 3305 1015 8814 4457 9914 7998 6282 1361 8779 6529 6201 1075 8857 7559 975 2763 8260 9805 7235 9483 4857 5839 6971 6078 6182 4505 6642 1819 5106 9145 8273 852 8227 9407 9106 9541 249 7046 3661 1129 4386 1060 3543 2296 1423 4376 1527 1530 1990 4885 824 1080 9130 3021 6541 3672 3594 4820 4221 2374 2362 2738 8991 9533 6875 4254 1574 3311 7765 4043 6907 4930 8660 3566 3332 6330 8162 6282 8157 9760 4337 9086 9904 1252 1867 3481 1671 7795 1498 2765 673 3262 9859 8659 3013 1280 9120 1323 2320 3143 1989 1603 2949 3674 6799 6352 163 1819 1370 3894 2819 8082 9841 1464 1820 8354 8536 3852 3886 9467 1177
8439 860 7081 8985 1531 8476 8375 9026 5823 1681 2772 0 1563 6543 8360 1741 4799 1746 5659 6430 3852 1263 2521 8782 335 2939 5388 473 1397 309 8283 5291 4645 4836 1802 2219 8293 5655 1197 2166 9159 1277 2505 3779 4879 3926 3953 4782 1195 685 5875 3313 1497 9369 369 2048 3759 167 409 6572 2341 1223 4124 1250 3623 4289 9000 6003 7706 5553 5839 4846 8597 8523 5376 1532 8864 3012 4238 226 44 7305 1325 5635 5704 8034 1790 1286 465 8658 6515 3473 9885 3781 1780 3421 4325 5419 2850 447 3379 5592 6669 3261 2893 6120 5520 455 2388 3589 3129 88 9692 4397 5660 6853 676 7052 2176 2547 6024 6946 5347 4266 8617 4098 4436 4961 5089 4253 5554 3502 4353 1594 2583 5263 5698 3634 6925 4260 7250 8635 4280 6594 25 9027 2079 6274 4515 8784 7108 5008 1966 95 1201 3369 1096 8102 2528 5585 2268 7674 8953 4410 14 4239 8521 7534 3612 3022 4128 7678 5496 2153 8456 2827 926 7553 4282 8785 4948 7847 3752 5879 8254 6014 1522 6772 7470 6598 1574 3277 3942 2929 8184 2153 356 6452 218 8160 2477 4101 393 5886 5544 1404 418 3814 8762 3983 1799 519 8803 1930 6556 6996 9279 573 6662 3532 7031 6717 8553 1282 6424 7430 7968 8434 8632 5552 2007 5145 2809 8849 6630 2084 3137 453 7400 4768 5616 8705 2537 9044 7068 7441 2226 8348 8125 5852
608 2521 8371 4537 4188 277 1973 8763 5107 6169 1414 1563 0 1022 7893 3982 7955 5818 7425 6948 4316 9206 2985 9567 4323 304 7157 3275 7620 4199 260 4161 8233 8663 7568 7226 9457 7547 2268 6923 1211 6711 2586 6233 6531 9922 7409 6042 9750 5360 5758 220 407 2525 6394 9746 7087 2994 6914 5923 9046 2496 5160 3533 7513 7188 7007 1838 991 5908 8421 4044 9502 7120 1002 1108 9699 8427 637 2877 7291 1251 1131 4715 7889 3139 5771 9509 6099 5538 9761 3787 2753 8735 8493 7446 9363 5176 9412 6743 717 4492 1722 2146 1441 764 6626 7548 4578 6294 1406 8509 431 4050 2388 7058 2806 5697 840 5051 8679 825 4281 9881 4612 4497 4984 8061 7937 6501 3301 5737 6433 1282 7406 1707 2940 1015 284 1803 3848 8638 2820 4097 5085 1779 3701 5582 4163 9215 223 4454 7090 5269 6949 3219 5915 9842 7045 3316 8262 7734 7426 6076 7522 143 6954 415 8668 3409 4216 7747 9800 2417 9518 2144 7770 8836 2896 2073 4100 3725 8038 8320 8123 2650 4201 215 4015 6818 6196 3397 8429 1667 6365 8282 6801 3032 9079 9481 2259 6929 7529 7351 2577 9824 3340 4654 3920 7770 3251 3513 7300 64 8577 7993 662 7925 1690 6988 4492 880 807 6778 6954 5743 4631 9032 1698 3574 1460 14 5818 6792 2793 3988 5344 878 7414 2627 6099 1544 4831 3441 5426 8895 8594 4591 4611 7539
919 3845 1808 7729 5741 1316 3187 2547 8685 8102 2962 6543 1022 0 1467 1624 70 6303 6774 9205 8794 7891 271 1566 8632 2192 1252 8103 8357 1459 9558 4321 6887 3371 5521 4356 7253 8497 8784 4466 3611 6380 7068 8247 7325 4937 5208 6231 8122 6714 3818 4881 7174 1521 6657 6970 3781 7185 5697 7951 1222 1298 6329 5355 9486 2041 6858 6187 9371 9876 2845 6656 3618 9946 9370 8378 8807 7706 3003 2349 2028 8349 9289 5512 1312 3237 8281 8446 2185 2560 8363 6716 2913 4231 7239 1229 101 8234 5721 708 5601 2152 9544 1959 3229 9426 3236 3801 6271 2224 4866 6486 8596 1232 6834 6050 3874 5030 8796 1659 3132 5740 3549 6345 9690 70 1597 4766 8049 4755 8015 6937 5282 8573 9333 9645 2704 7423 5580 7606 7982 2244 2760 9260 5514 4273 5038 8619 113 1289 2639 4541 4160 9996 1046 7945 2631 8185 3935 2642 714 515 1194 9114 6994 2564 6031 5485 1094 6836 2440 1581 7447 4742 5200 2760 4594 266 1901 7880 3183 8807 2678 1332 2265 1654 4960 7854 8195 4366 4501 7498 610 8712 6557 5727 9920 6885 9083 4605 8860 86 2278 681 8149 232 639 2290 7603 3834 2291 3702 7555 1195 669 902 477 3917 1767 4391 7069 9221 1108 9804 5498 9896 6900 8660 8233 7326 9904 7337 137 833 6561 3021 1801 6877 3242 1463 9675 3955 4901 7724 5759 7482 1977 8303 8511 8696
9551 7577 2183 4975 1255 374 3371 7086 415 5711 632 8360 7893 1467 0 5463 4023 9762 7207 9719 3653 5223 9836 101 7277 7308 1368 3577 7335 2594 3532 8971 7667 1340 6864 8452 7708 7695 3153 1441 8947 8701 7299 9600 1927 7738 7671 1790 3278 2896 8437 7162 7240 1688 7834 2373 676 5732 1353 9234 6918 7695 3867 7472 6162 4251 7911 2944 4451 9378 7569 9936 7473 3890 9114 5911 433 1291 7389 2963 3037 4788 8878 9032 2159 9514 3393 9839 1872 2930 4525 9686 5837 8276 2819 8088 5559 5067 3480 3208 1324 6657 1730 9011 2411 7061 9332 1323 3270 4531 8563 3489 9971 5453 7643 5421 5733 4695 3773 7519 3897 695 5156 6147 2668 1355 1474 9021 3719 1106 2533 4668 589 7713 3210 4096 1106 6731 4930 8313 8659 4041 6763 1426 6784 6650 5354 6720 1159 9290 2231 8037 2281 3788 6960 8457 8500 8370 7375 7176 9669 9620 4148 7370 847 1404 7237 7128 5253 9121 299 9654 9729 7232 6330 9192 9422 5200 6687 4732 2001 6142 5645 8674 4726 5329 727 5273 3527 5391 9013 6878 867 2421 8067 9620 8001 2179 3726 9964 6421 2901 4046 1037 6140 5170 5572 9155 8699 4832 4813 8939 1356 9519 6433 6766 3939 5533 5036 9075 3677 9439 3511 2296 4132 3013 1825 2101 143 7288 5930 7666 8835 9760 609 4640 6431 8188 6248 4457 6618 8967 3059 5922 4155 9047 7675 2510 1888 999
8904 3713 2935 6585 7299 3419 1421 3151 6088 2216 9542 1741 3982 1624 5463 0 5094 2464 2791 6840 3045 5411 4586 2218 1661 6698 6341 4529 2845 8523 1488 7559 2076 1495 750 727 6347 6340 2790 1473 2978 4786 129 3107 7507 3325 2640 1753 3730 9798 7682 8984 5026 6995 6536 996 5922 2112 8089 792 3680 4511 1531 3498 2877 9984 2907 449 2155 7394 7303 2524 5814 8490 5759 355 6442 5965 4680 7462 9758 5439 2033 261 4600 4176 9627 7747 6862 5480 968 241 6723 5677 7199 80 160 8087 6311 5697 5772 5537 3175 3016 8490 1142 6278 6364 1601 5495 9572 603 9288 2980 1109 6360 8510 4464 6698 2708 2463 3232 3379 345 8077 1915 4850 4155 8667 3605 2116 6814 9891 9889 4520 1141 4571 3645 7924 2393 210 6912 2257 2292 8031 8474 4083 7535 7406 9902 2442 7443 7089 6464 3235 6662 4433 473 6337 6871 8244 7748 9605 5610 7113 17 8863 846 2433 7538 9225 7282 4256 7539 8064 7536 1394 741 5880 8700 8771 1896 4188 1482 1642 1906 146 2379 6764 1263 5649 3476 7595 8631 5568 3508 207 301 4228 3894 7542 9799 4753 8989 9883 736 8011 6777 4252 1035 7059 5442 7251 6859 4477 7618 2147 8466 6914 4213 2537 4234 9702 9417 2466 7680 5665 1208 1440 9160 8497 5953 6738 9514 4935 5703 8539 428 928 9031 4928 3161 6346 967 8795 3959 3002 5314 245 729
8200 2241 336 4835 9223 1626 5802 6042 9986 7298 6951 4799 7955 70 4023 5094 0 4991 9962 5499 7448 6385 868 6479 3231 3100 8001 5453 8387 4655 6214 4889 8447 3487 9444 1298 8247 6607 8670 24 6186 7775 3303 4945 1809 8267 7901 5993 2115 3333 1244 8166 4042 550 7449 4358 398 2446 9517 4574 1559 403 6344 7068 1934 7606 8130 1498 3146 6530 473 916 8765 6994 6870 3424 7489 6494 2568 7553 2852 6988 3518 5397 8239 8544 3454 1363 1804 5100 9517 7111 2072 3197 9186 3117 6916 6132 5229 7639 1098 4847 2134 460 9531 7769 211 196 6343 5546 4565 3317 3808 8947 4457 1696 2549 8383 8302 771 3169 8139 216 405 9896 6610 3444 5879 8393 2255 1037 4536 4520 6723 1897 6063 2617 2181 7445 9705 3483 5103 431 5969 1214 6508 7617 3533 6307 1520 5381 9579 8745 3382 257 5218 926 1486 9255 2220 9522 506 2375 5981 5472 6840 834 8135 814 4477 805 593 9933 2631 8819 6777 949 8948 2342 3124 9488 2280 5083 5587 7261 2466 6434 2007 4763 4640 1660 4823 6734 6955 2123 4145 4962 586 869 6094 3192 5954 3356 3167 4845 7871 6236 9904 2951 2472 2487 2182 9049 7509 6153 9651 4142 4846 7059 322 894 4903 5077 9668 6274 8470 4940 5328 5246 3369 5528 8996 2445 1463 7579 6715 2491 4661 955 7518 548 5108 6714 4085 6159 1117 1787 4411 842 3501
521 251 140 8439 8578 9595 8215 9077 7465 6771 368 1746 5818 6303 9762 2464 4991 0 9390 9353 2660 1480 4853 9675 8071 5894 759 5533 5476 4217 224 2424 2809 2677 1728 6361 1743 1138 9395 391 2175 8203 9728 7244 5232 7980 5786 6703 7976 8293 1498 9656 5150 7193 107 3712 4616 9322 5275 7960 9777 6863 9282 1836 9318 7743 1292 8205 2055 5930 4689 9374 9706 8461 3933 2160 543 1470 4694 5430 9244 8790 650 6601 5815 3396 5671 717 1523 1156 7881 8353 7324 4773 6279 8091 2155 6140 1360 2243 3005 3554 4015 9702 5538 3899 6948 5693 6590 6237 5546 3400 3055 1385 770 2884 3214 2529 9530 8041 1992 7406 5353 8395 5180 3059 4937 5771 6092 5040 8694 2865 6078 1792 8571 3594 7075 4588 3679 242 7174 613 2999 9170 70 2766 1034 5936 2647 1966 49 4078 3278 6624 1427 3179 5303 8382 6458 8234 6186 4830 2094 940 1165 9230 6988 1139 8038 8709 307 4770 732 9634 2625 1754 4155 5119 5795 2503 7335 1736 5770 2392 9461 4713 7821 4065 3127 9937 7604 8179 3604 6848 7070 7336 4801 4233 8688 2422 5816 2894 6621 9556 1019 8928 8887 4272 9233 69 2279 6159 2260 4121 9526 8526 2550 1442 9997 9104 7505 5821 9637 238 8234 4075 6388 725 5295 3733 953 9118 3138 7579 3315 1611 1085 9882 6573 5348 1444 7694 5937 7656 7466 4897 4608 7732 9761 9367
8903 8032 7833 5098 4757 2605 7238 9698 314 7162 2821 5659 7425 6774 7207 2791 9962 9390 0 8214 3499 3928 3761 8254 5868 5337 3391 7162 9405 1277 1784 722 5401 6334 1733 2238 4165 765 6433 9950 7466 838 5554 3039 9002 9820 8905 7020 2913 9957 4602 3849 9995 742 5675 456 7862 3857 4038 8092 1032 9742 4416 7142 2611 6353 4256 3569 9350 4501 8619 1952 8842 9816 6889 1500 8904 3938 4756 8752 6967 1307 7394 8427 5204 700 7994 6697 2071 7610 8059 7708 9211 7958 4563 6198 9690 835 5918 7247 1523 6717 6340 5546 8831 1094 5462 520 1443 4803 6412 6976 788 6467 1537 9260 5147 4769 7415 8909 3188 2735 4087 7824 8144 3109 6418 2170 9301 9281 4610 8939 2580 4748 5045 1524 7784 9273 2692 4355 9197 3406 9508 5430 8911 5257 3344 163 1045 2089 2114 4161 3322 1600 6037 2324 6311 354 9397 825 3902 6492 6385 4976 3598 7028 2613 2664 1390 6368 4130 5636 2107 9833 1866 7161 9979 5648 3063 2360 6551 8020 7031 607 3694 4535 6836 3417 850 871 2022 6801 8852 1553 3577 2180 3928 730 7593 7789 3686 3497 5879 8102 8906 4536 7427 9660 398 3227 2406 6892 9989 2487 2986 4956 4075 1639 1870 1758 8242 1421 2956 723 1564 1983 2134 1849 445 7188 4009 5637 6061 3669 7234 4957 9318 4147 7815 323 1632 2260 4574 102 7879 7778 807 1477 9656 15
6371 157 8191 6219 1163 9682 3010 3533 4913 1421 1422 6430 6948 9205 9719 6840 5499 9353 8214 0 7494 7634 4163 9324 6590 4787 132 2122 4989 1948 7291 7009 7731 9063 9684 1205 9784 7607 3256 5220 6887 9122 8308 5314 7678 1905 9569 4259 9278 1727 3966 4676 4885 6134 1795 8045 8182 7449 6573 2007 6932 3856 1493 5254 6664 642 3100 6142 8627 3784 1097 8618 8826 8124 8917 2737 1848 2398 7405 2182 7990 1880 6975 1786 1060 8439 6001 5339 4868 3316 8639 3917 7649 234 3071 2340 1729 6593 3135 6060 359 4475 4564 450 4283 1122 9885 6746 6048 6445 4921 699 664 3652 673 8280 4033 764 7741 4283 4726 9359 2335 2647 1014 3662 6554 8446 9507 7038 7842 1156 133 42 7833 6607 1229 1106 1970 8962 2665 3485 5005 2326 1620 3071 6064 7229 8024 2014 4318 4748 3168 9250 201 8627 3485 1791 5204 4174 9323 5279 3066 2593 6948 3263 5560 9963 9308 9479 8624 7598 2573 2567 8334 9404 6700 7523 7751 5842 5558 9876 4108 6671 4215 8084 327 7781 1689 2771 5538 7607 2952 5177 5491 1437 3320 638 2793 2648 7463 8722 7014 1199 8289 8089 8621 7147 1802 5600 1396 9305 3918 772 9261 1736 4331 6358 6833 9190 4384 3549 3270 5844 3992 5048 5155 1513 9941 1747 4843 4964 1643 6601 5051 9062 4213 9888 323 8355 3063 1843 9409 9894 1727 2922 9860 6633 3712 1238
4972 1961 5806 7304 1958 2264 2330 2711 143 5128 2257 3852 4316 8794 3653 3045 7448 2660 3499 7494 0 5927 8029 9447 6735 7245 2433 6956 1092 125 3394 1442 7742 4414 2060 8499 3570 617 3880 4809 1715 884 9394 3975 3194 9972 6908 7714 7684 4699 4353 5584 3837 2787 4978 6575 2770 6443 4913 5811 5967 8014 8198 7805 7676 6304 6683 7408 5635 505 8641 2297 1075 8816 4526 5567 4755 2311 4645 9115 8131 6447 553 2098 2331 3342 9329 4825 8135 8197 649 8884 1687 1136 8025 780 4846 2753 5389 5265 1154 6923 5469 3473 1411 251 4683 796 4739 8498 5196 8143 5879 7533 459 8152 9485 5787 4265 558 6648 7023 5308 89 7286 7472 6235 5028 8368 8866 4727 8749 531 8517 2889 3661 9066 789 4805 5459 598 6396 907 6658 9157 9569 4763 5207 5558 9819 1005 7666 8252 8903 6829 2697 9433 8041 4682 4952 1000 7425 4967 9288 5208 329 2433 3927 9229 5114 62 3141 6033 7248 1914 6642 824 2453 6783 66 4128 7224 2798 2142 9022 4164 9932 9660 4507 7070 4572 3138 7375 2065 9957 122 491 2517 6110 4346 3451 9750 5153 6115 3841 3400 2765 6345 4923 8364 3486 8366 3797 3089 7284 3370 3113 7428 1273 4137 2185 4387 3839 2922 8836 7823 1047 4903 9400 7668 1775 8469 4311 4930 1678 9094 2298 1663 264 3196 9047 5511 4345 4243 7834 853 2371 2089 8952 9470
3373 4879 8124 4175 5578 8312 497 3549 2830 5975 9225 1263 9206 7891 5223 5411 6385 1480 3928 7634 5927 0 1664 6296 5773 306 5033 3829 1709 1559 3302 6849 364 5704 3023 449 5614 2669 6390 4137 3244 8002 2695 6775 6044 9801 4166 158 4092 9313 7014 3884 9783 9582 4367 9769 5961 1403 5363 4367 2023 5133 9120 7960 7097 7721 6698 6660 3538 4245 8822 8140 7180 1563 5264 7720 5894 7674 3275 5562 4566 4396 7447 3489 96 3074 6306 8037 231 721 8771 7889 4320 6195 4369 2367 5843 4350 9145 8735 2294 4094 6097 9212 8346 1020 6755 3247 757 5548 5552 9588 755 3214 3739 8107 7133 3537 3519 9529 2271 2348 1590 8466 2889 5727 5863 5309 1528 1455 1208 9799 7610 1194 9858 6283 8650 1617 7746 4048 5314 8128 2787 7431 1193 8255 6788 9956 2027 5417 8505 4122 1633 3361 2695 1747 5041 1854 6129 1551 8492 4315 2335 6438 8254 4650 4523 7917 1271 6013 7123 2264 2447 6599 9199 2987 7610 2073 359 3771 4371 8442 7502 5683 6624 6108 9412 1785 3481 4041 167 9867 8518 6007 6241 69 3072 3918 7697 3453 8423 5361 5045 3331 711 1086 901 2675 4681 3153 8825 7782 7400 7642 4723 9601 1706 3957 7053 2266 3026 4706 8969 8906 5352 5879 9680 552 8061 892 9363 2231 7529 6541 2982 8325 9819 134 4843 7203 6886 1503 6379 4495 1941 9686 5865 2607 8238 997
65 214 6750 4762 2001 9291 9571 6919 1303 1124 742 2521 2985 271 9836 4586 868 4853 3761 4163 8029 1664 0 9057 5047 7955 1793 3282 8023 7814 7476 6813 1378 1782 4405 2179 6112 4849 1057 8451 8266 5917 6542 254 4377 3616 4353 50 415 3559 2060 7811 851 6434 1743 9736 2229 6850 6809 192 7318 6534 5163 7158 7240 7749 4765 964 9551 7137 7421 5969 7431 8339 298 9393 1561 8087 2757 5207 9120 3866 3270 1268 7428 7532 8817 7308 6741 2954 2503 6829 466 2778 1530 6256 9897 5670 4852 1195 3527 8959 3349 7044 818 9068 7614 6092 7187 131 3519 8225 8479 6244 1227 6654 6491 3507 9477 5318 8678 6237 3574 9039 5976 2129 4149 1682 3481 9987 5001 3029 2980 9919 2697 9095 9376 394 9894 6810 9258 4366 6986 6571 4998 9897 7908 2057 2672 8017 2583 4034 774 56 296 1335 1980 9613 9520 5126 7697 1342 9165 8302 9254 6542 4163 3969 6967 1635 5237 8252 9995 1566 178 8634 6747 7288 4891 4408 8543 1158 3015 9289 3831 9355 4491 3384 4395 9849 1286 6584 6831 3537 3079 7155 1328 7283 9373 7635 9793 8769 3104 3169 8605 587 5004 3581 8334 2199 3006 2533 1679 6918 846 4415 4460 7058 8608 2156 7605 9016 9337 9729 4057 9813 8987 9383 2827 397 5518 5726 9833 4823 710 4478 5060 2844 860 8336 1456 1856 8877 9766 7704 8846 6524 7322 552 3019
8304 5017 8076 4737 6567 9470 5127 3189 5874 4813 2043 8782 9567 1566 101 2218 6479 9675 8254 9324 9447 6296 9057 0 3524 8794 2859 9416 5367 6550 8675 9012 5300 8892 5588 8863 2641 7094 7619 1887 6947 1265 2594 4237 9482 9475 7040 6149 194 288 1115 5730 438 7671 5238 6991 9131 6530 280 3543 8661 8379 5611 4923 9834 6274 6030 4304 7532 1137 3591 25 3838 6219 5021 8681 9408 9233 9424 6119 8579 1356 4227 5640 5936 680 1845 2243 1109 5697 5567 8323 9593 6775 3945 3413 712 5330 2097 8446 3510 6844 1215 1718 8655 6927 4452 1403 3129 8026 6976 7472 2368 7329 8936 1584 3366 158 8357 2414 6265 1735 266 9774 1016 8209 2437 2712 2639 7085 3934 3934 986 781 5283 9618 6895 2435 2164 6296 5419 1595 7360 1179 2085 3092 5415 4249 2778 5170 2046 8943 1969 9033 4180 265 1309 7426 6157 2057 5067 8449 1961 988 2219 4254 2723 5383 4275 621 2134 8780 9260 912 256 5105 7964 30 2953 2589 9456 1866 5875 9982 393 9704 8253 9730 9590 2130 8501 6249 5682 2814 2781 2113 1913 4286 6608 5746 4013 9020 3161 3806 7542 9649 1214 4699 6145 2825 9063 3907 5436 7768 7142 4300 394 6955 4686 1625 7560 5947 5284 70 1332 8287 7876 989 5700 900 7428 2456 7562 1689 520 5086 9725 1009 2578 8046 4820 3319 4662 7289 4392 7431 394 438 6355 8720
8198 1729 1816 5400 224 5745 8171 1255 9381 3581 2875 335 4323 8632 7277 1661 3231 8071 5868 6590 6735 5773 5047 3524 0 5805 1543 2245 1777 1972 3221 7376 3917 183 2611 1822 9427 4591 2166 1633 8618 7350 1996 5773 2644 7043 7821 7473 7951 7535 4471 771 6625 4131 809 1418 8272 8485 9993 6047 845 674 4598 5378 7106 9770 1810 1980 1492 6340 9267 2647 5730 4256 6719 7871 8797 8218 8975 6111 1180 9293 3509 4907 2137 1853 245 9635 5617 8010 7555 1017 7512 154 8881 66 3108 7491 9949 9737 345 7144 4346 9994 7231 2736 313 9417 7945 8914 4242 5726 1739 6305 3366 1477 3287 7944 857 5775 7332 3165 983 7716 6038 8650 3111 5664 2069 3549 1597 7941 7466 8354 4969 9689 1272 5893 4483 7295 1299 2041 7143 214 1892 2388 5845 8023 2873 5642 6682 308 1850 8951 3024 4645 6524 1509 5477 9149 5784 630 3057 2682 3218 1975 2892 6111 4456 6288 3620 5980 6183 5432 9803 5047 1738 195 3996 3837 1893 9087 6633 2223 3904 9423 1788 2712 3507 9131 6473 6540 4199 8368 3365 4084 1064 9177 6569 4010 1569 9938 4822 4698 9425 8692 9491 4175 130 7922 5438 5806 6892 6603 6518 4165 4682 4448 3384 3050 9558 8931 5821 9371 2767 8323 1153 5256 5752 4010 5161 896 3977 8965 392 6828 4667 295 9654 3695 9822 6032 3779 522 3293 2178 5390 2002 6917 8962
928 113 6849 8418 1726 301 931 4056 9230 8857 7264 2939 304 2192 7308 6698 3100 5894 5337 4787 7245 306 7955 8794 5805 0 8295 7077 4662 7040 9762 5868 7108 5549 4044 256 208 9948 7898 6386 2195 5162 7574 3323 8025 3116 2813 3052 9861 7067 3642 7338 8639 5261 5159 7782 9323 3119 943 624 3875 3875 8559 1170 9119 2494 2959 8504 8659 3883 5933 3778 8511 4541 274 5105 3330 2738 7658 6066 3218 7765 2905 5485 7940 7406 1471 9817 3426 8300 2377 4112 2122 410 8443 5989 7207 6212 6396 9798 3362 6416 8792 9292 3541 8753 2796 2522 6283 875 4289 4338 1116 1601 7535 6904 6818 6936 7908 3917 6854 6195 9751 5474 1661 3080 4527 5686 7924 1690 6022 8776 7562 333 7987 9481 4120 5656 9831 6452 7629 367 9266 9179 7850 6803 563 2269 3098 49 7844 4923 7559 2134 66 6154 2309 3268 9747 6757 3592 7581 9715 654 1106 5795 2349 6175 1592 4578 9132 3651 6438 8403 1947 1350 7556 9013 3728 6974 850 1822 9015 948 1303 6398 9922 1056 1359 3685 5297 5276 8391 4104 4284 4429 2709 6247 8962 5826 3571 3343 6441 4052 9080 3068 6822 7893 7122 9119 3298 5864 3694 6950 4344 7508 6874 5786 229 7546 9470 9058 4877 6942 176 2515 5650 1911 3264 8903 3408 3768 7248 1849 7982 2575 8349 2572 156 828 1672 7497 5287 7297 8182 6696 6432 9431 3065 5931
1092 6231 4961 1296 3884 3654 5057 4586 2721 9055 5113 5388 7157 1252 1368 6341 8001 759 3391 132 2433 5033 1793 2859 1543 8295 0 5381 9547 3491 9734 4978 595 812 2112 1285 7907 2723 5138 2028 8931 3072 7524 8264 9904 7039 1374 9787 6203 273 9048 3414 1083 2703 9838 7669 4384 3768 3776 8685 2018 8047 2128 9180 6142 5903 127 2476 3807 4927 7704 805 437 8922 1453 9163 1787 190 8387 5490 522 7947 2465 9150 4144 4715 6181 38 2772 5490 3725 4086 9976 2704 3128 398 5604 5038 9836 1114 238 5612 9049 9671 2595 6553 1094 4267 9769 1044 8147 649 5291 4109 9436 1072 6198 6516 372 5183 8377 157 7325 8212 6883 4429 9334 7970 8615 1838 2599 7005 3245 753 1987 9490 5610 5530 9205 2295 190 2807 2305 5390 3482 1812 5761 1434 9341 3618 3132 7482 7095 3841 333 1383 900 6891 789 7934 8951 8340 9412 1935 6217 2492 7349 9872 7226 9877 3573 6120 6251 3927 5178 3756 877 8600 9287 8799 4483 2113 829 3200 7840 6444 3876 6987 2308 9750 6805 8907 2306 3327 3224 7761 6767 4952 985 6896 3371 3116 2931 7108 4539 3190 7280 7788 4411 7319 8441 3240 8594 9283 1258 8676 4124 2451 2266 2704 9648 2590 9394 8271 7172 753 6217 3017 4544 566 8613 6598 1827 3719 7465 5836 3272 939 9233 4404 9233 5398 6697 6362 5923 1457 4290 8869 555 564
8010 387 2427 9079 4552 8448 10000 4449 8613 6624 9068 473 3275 8103 3577 4529 5453 5533 7162 2122 6956 3829 3282 9416 2245 7077 5381 0 9157 9970 6778 1745 299 9715 1760 3150 5607 8948 790 4995 8756 7157 356 2921 1228 9060 2441 1462 4281 7122 5369 6922 7173 5542 1595 5828 3230 3734 6598 2578 4578 7612 9139 4350 8446 6168 188 571 3609 123 418 5778 7388 8697 7198 6949 5771 4680 8865 6264 7190 5808 4446 1894 4963 3108 252 3619 9016 1916 3029 802 8369 1137 2715 3510 226 1524 1101 9920 7382 522 7108 927 9567 6894 3070 7226 4962 861 6406 4388 4758 4669 1542 7632 4978 2742 9139 3968 3626 8750 9024 8031 3000 5688 9841 5378 6921 9470 2099 7411 3392 9047 2941 5237 6574 5687 285 679 5008 5880 7447 8480 8458 3492 9081 69 5631 29 8685 6332 3525 6333 8049 6543 1146 9090 5548 9571 7007 1784 1397 2537 997 2844 6421 544 7613 2519 2850 3478 7329 8139 9512 5120 563 7477 2250 7234 1696 3312 5442 5480 1964 6259 2738 1614 6879 6850 7591 8880 8171 3285 572 939 9681 3026 6037 5159 9515 9861 9646 540 5472 2239 961 6546 4412 1131 2828 1473 522 7680 6169 419 8502 130 7861 1381 9646 6837 6800 1511 9853 1917 7619 825 641 6477 6668 1896 3928 9230 1602 1197 3632 7907 7091 9344 6303 2799 9524 8734 3759 3323 3580 3322 3767 3360
8736 979 1700 5486 6947 8204 4793 5258 4035 7178 5579 1397 7620 8357 7335 2845 8387 5476 9405 4989 1092 1709 8023 5367 1777 4662 9547 9157 0 3802 5030 2800 7320 8651 1708 5508 8784 1751 1787 8961 3962 5530 1746 2460 1710 998 5266 3293 3202 6750 1941 7810 5545 3474 8375 5451 9516 7779 5924 9257 8419 4536 3863 9756 5736 1049 6584 6559 4502 630 5495 5947 1368 4452 6938 2141 6752 6161 9543 8948 5989 9130 557 6147 764 3848 5143 9062 3937 3756 4316 3545 6378 5462 4449 6098 7204 9073 1180 3255 4581 5742 417 3983 9691 9281 5850 7537 7281 1167 2807 8285 8174 800 1594 3949 3299 4391 6787 4026 6443 377 8171 681 4148 5380 4515 3264 8898 2408 2222 1569 9773 1031 9561 6632 8237 605 8663 1877 126 5821 1158 9925 7687 3556 5511 322 4912 9372 7031 4022 360 1217 9408 9769 8288 8301 381 8433 9706 4653 109 182 6878 3358 2570 8380 7722 6841 4089 9498 9486 6972 2273 2755 7224 7409 8980 9690 9196 9171 6081 7911 1892 5321 1591 5958 6261 170 6956 1498 4762 1169 153 4236 7480 105 4024 2501 4381 8091 2401 2861 9518 674 9937 5005 805 5646 6042 1914 4317 4423 4861 7080 1692 4876 6224 312 7875 4399 859 5454 8290 4688 6135 3682 7884 9487 1978 2697 7556 7749 5688 1043 4562 1767 5719 5372 2550 1277 9011 3061 831 4809 6860 4406 8019 6777
248 9312 5003 9049 4417 6750 6853 4601 1961 6782 7443 309 4199 1459 2594 8523 4655 4217 1277 1948 125 1559 7814 6550 1972 7040 3491 9970 3802 0 8673 8864 1011 3920 2632 7697 1548 4431 6240 936 3447 8010 1295 7966 8897 5496 8867 9045 8605 9044 9661 4720 382 4262 570 4898 4874 6019 4032 8065 9770 1641 5002 8652 4503 840 4440 1488 9308 6142 1165 5766 3982 9407 8346 1706 2200 4827 2301 142 2367 1593 5893 5575 8295 2928 9048 9503 8428 6687 8946 8046 9961 9466 1771 6033 8689 8491 7564 7566 297 7705 8699 9239 7391 9384 1899 8247 4604 3307 8949 9872 6823 7287 6718 9889 3616 4888 6822 9780 9744 7990 1572 7246 4609 3809 8257 1899 7265 6747 7206 9569 5930 8623 7281 4935 7043 3224 4725 3518 4383 7389 4883 5006 1359 5867 5826 1805 2444 1459 1903 795 6122 5440 4876 1569 8276 6780 984 8666 7553 5762 7337 3481 8213 5691 1463 9641 3511 1810 2277 8338 9691 5106 444 2471 8973 5705 5185 5768 1092 6357 1133 9620 5071 2285 1969 7717 7602 5521 5458 6803 152 2320 7225 1332 4907 6728 3366 7854 5400 6860 5835 2692 1625 7106 4760 8319 3512 6374 3721 4488 6504 6061 4202 5807 3502 6228 5397 5465 7946 5619 8136 6328 6621 2362 3523 6515 3322 3508 9073 6781 2255 4043 5286 8366 8310 4511 4515 5571 9259 1895 8639 6437 2061 1580 7392 1706 211 8848
6876 9770 953 9888 6194 4190 4821 5722 7247 4537 2072 8283 260 9558 3532 1488 6214 224 1784 7291 3394 3302 7476 8675 3221 9762 9734 6778 5030 8673 0 6793 4284 6336 7291 9453 2437 6430 5747 1179 5809 6925 3915 1236 7996 5591 1702 2761 7223 6707 9689 280 8082 906 1464 3715 1905 9679 7629 8696 1586 6226 5242 9004 5275 9337 3106 9366 2341 3160 9697 4915 9362 8371 7190 3332 1015 1671 2883 443 2982 6746 4287 5702 1243 1749 1781 7361 8250 8546 3753 1252 9491 9842 6123 7038 1464 2164 9306 54 2260 6265 6855 2346 8842 5856 6623 280 8768 5250 5434 5940 5377 5996 8196 6702 6177 4777 2919 9671 5300 3360 8465 6054 9694 6957 3146 5779 555 7463 7145 3835 8080 9007 7961 8200 7183 4881 3467 7333 574 109 6888 2901 2108 5864 1211 7254 8608 2224 3700 6009 6984 1843 2249 1838 8644 8927 5880 828 2773 8524 7355 6379 759 1694 14 1316 7502 3387 2676 9864 1224 7080 655 5122 3185 3285 8885 3241 6079 8318 4867 7109 6704 4375 33 8445 2039 7078 1194 5810 8326 6636 3461 5826 3740 4758 1523 8166 4169 7922 1218 3064 7420 152 1277 8022 7373 7424 7750 3541 18 1732 5524 9918 5527 5713 5760 6278 5496 7327 5120 93 6743 7727 4190 5154 4766 4253 1578 6795 8660 9738 8855 3902 320 3586 7892 6564 7857 4304 4298 1882 5476 1372 4864 5280 6980 4985
6185 6050 481 1609 1874 8510 5502 2312 9755 8694 2624 5291 4161 4321 8971 7559 4889 2424 722 7009 1442 6849 6813 9012 7376 5868 4978 1745 2800 8864 6793 0 7160 951 9300 4849 5797 7300 1117 133 4749 2521 8902 5657 7112 4424 280 6753 8227 5758 4357 5460 6768 7589 9192 7681 3824 2120 8837 2307 3942 9128 2855 9660 9896 4701 4241 9814 800 6226 5639 8939 4535 2701 5090 4529 1511 8927 9864 6422 9783 8959 785 2873 9097 1956 5185 7928 9359 4777 5922 4069 8393 515 6237 1913 580 2134 1906 498 2464 3391 6681 3914 8947 7166 7963 7486 6693 8180 6584 3002 2803 6750 4241 9708 6880 6200 9497 6077 3571 7209 5979 1556 5263 3637 1104 4915 9697 9573 6636 5433 2864 5794 4939 1251 8513 7744 8340 646 6140 145 8230 87 4134 6493 9443 3810 8246 3037 3248 4046 7546 8780 6324 744 4506 3232 7406 5372 6868 9222 6321 4599 7053 3387 5181 2692 2910 9059 966 2774 6439 4484 906 5853 1639 3177 724 6087 1439 8858 5335 1027 4479 7543 2307 6514 2882 5100 2891 4361 848 9178 548 5984 9395 9448 8939 6496 6697 5302 9096 7204 7181 6032 1471 46 6163 1417 2644 2627 3667 264 1807 428 6683 3360 8613 2482 1788 8018 8617 3643 3393 772 2728 415 1022 2331 455 5036 3568 4410 9061 2485 5477 796 6987 7669 4641 131 534 4449 2912 4104 6851 2932 4927 6537
