50
0 4662 4231 8849 4869 5460 3029 364 3308 2318 2583 1061 5177 5582 2375 5471 2680 8096 2849 8518 127 1960 2574 8513 7604 739 6127 8826 9814 8792 2916 8603 2635 1440 7765 4796 6166 1671 5895 8004 3026 233 4754 7870 7843 4387 5090 9674 752 6354
4662 0 5338 1099 8102 956 3733 7672 5362 7922 1450 8716 9523 3732 5924 6906 9661 57 6428 167 6809 1721 2295 1213 6172 1105 6514 5374 3829 911 357 9173 3959 5264 1796 8935 5679 6823 3675 1782 3125 5818 5547 9931 4244 783 9020 4969 6651 6931
4231 5338 0 9688 3772 3436 5666 9557 4435 7715 5960 3631 9882 996 9406 7654 6020 5844 9222 8904 2185 4237 6454 9317 5984 9227 9927 8933 4648 438 3115 3539 2561 8256 7761 7684 8394 8995 2230 8699 7856 4996 7891 9403 9771 13 1958 5408 1936 2199
8849 1099 9688 0 3048 1594 7151 4465 709 6166 5506 159 6107 4822 3605 9926 8615 8677 596 641 6190 5954 8891 6129 2662 3156 8489 41 8226 3403 9580 5289 8779 6732 4906 5503 2684 6775 3618 1110 5266 3322 9005 7083 9692 7060 4671 8612 5031 6570
4869 8102 3772 3048 0 5202 5458 737 6479 30 8505 8254 414 540 7095 65 9796 5037 9039 5707 7845 9760 9338 187 241 8907 9541 5123 8124 9335 9652 4783 6273 8439 8482 6819 7449 2376 7705 6110 6226 3754 9410 2591 4960 4219 7318 3875 4253 5995
5460 956 3436 1594 5202 0 6740 8695 6144 5750 488 2444 6113 9166 9455 7764 7286 8641 7299 7136 697 2453 8118 6483 8941 8457 932 6257 9141 3680 8074 99 9154 6484 2560 1882 5605 3498 91 1718 2251 3737 8351 9412 659 2659 8889 4465 4048 1843
3029 3733 5666 7151 5458 6740 0 5913 5323 565 7691 6386 1 6382 1899 3988 9384 7807 8468 5854 3685 7936 472 172 2745 6807 8259 484 669 179 2958 8179 5504 518 7551 8752 1348 2910 2823 2334 7634 8275 2643 484 1029 2171 368 1018 831 3102
364 7672 9557 4465 737 8695 5913 0 1866 1976 177 6572 843 983 9895 5628 478 414 8756 6532 9500 1846 7929 3978 1957 2036 1408 5407 9770 2545 561 2132 484 9261 3210 1308 2226 8090 1661 123 5710 8967 3849 9224 8644 2089 7000 3511 272 760
3308 5362 4435 709 6479 6144 5323 1866 0 3176 8063 7552 3341 70 7276 905 9799 7743 2525 2606 7985 5275 6792 7539 7056 8341 8556 13 948 3999 4898 2460 9541 3205 782 4761 6807 2770 8303 1301 7591 4329 924 8451 4805 6383 1574 6573 9322 1268
2318 7922 7715 6166 30 5750 565 1976 3176 0 3756 7164 6501 598 611 2441 1809 643 3949 4770 911 9955 5503 6466 8417 211 361 1833 2304 8756 4818 495 2218 658 8451 1857 102 2657 4250 5617 2211 3395 6745 6865 4915 5328 4731 582 6831 1744
2583 1450 5960 5506 8505 488 7691 177 8063 3756 0 3380 6892 4070 4985 7119 2131 6070 305 567 3534 5998 4529 8270 4206 4131 3316 7787 2658 9244 339 208 4976 7461 7608 4176 9219 1338 1348 4233 1897 1515 3104 1376 9863 5284 60 9256 1418 674
1061 8716 3631 159 8254 2444 6386 6572 7552 7164 3380 0 5132 4377 5686 1535 1831 2581 5950 6837 2139 6439 5009 2258 2288 352 9200 8043 3726 5973 995 2316 8162 3608 4014 6736 1559 2608 1055 6997 1675 5848 6843 1009 2960 8986 4978 4549 3757 903
5177 9523 9882 6107 414 6113 1 843 3341 6501 6892 5132 0 1778 9365 33 6205 329 9881 1234 7773 7703 3135 7122 9846 5285 5812 529 7644 1072 9494 2142 92 8323 4975 6946 4290 2952 6354 3238 1916 3112 2150 7437 9354 525 9918 8498 7477 4240
5582 3732 996 4822 540 9166 6382 983 70 598 4070 4377 1778 0 7826 3628 7441 5388 3165 7156 8679 3130 5270 6113 8946 1728 7159 4355 951 3633 5881 8903 4439 2972 9563 7874 9370 9903 5225 2985 4468 7439 4179 9904 8138 3214 3045 7767 8855 3806
2375 5924 9406 3605 7095 9455 1899 9895 7276 611 4985 5686 9365 7826 0 9093 5966 8411 2631 5564 3581 9052 9380 6990 4780 5040 5480 117 4167 9940 8162 9496 6332 1564 7537 9755 2999 7520 1855 4963 5577 6100 3359 3080 2920 594 8844 1912 2784 5586
5471 6906 7654 9926 65 7764 3988 5628 905 2441 7119 1535 33 3628 9093 0 2923 7750 7936 6231 2619 6960 474 1283 1951 4314 6560 4452 2086 2223 9621 8693 2526 1655 61 9272 1334 7253 4961 9219 9524 6090 1921 1781 9878 9740 1161 5277 3451 4785
2680 9661 6020 8615 9796 7286 9384 478 9799 1809 2131 1831 6205 7441 5966 2923 0 8724 4866 1291 5576 3345 4587 5235 7422 2116 2985 4236 1957 8110 1851 6638 9342 1817 239 3923 7759 6762 7214 8594 5124 943 57 8587 1968 7355 681 415 5883 1398
8096 57 5844 8677 5037 8641 7807 414 7743 643 6070 2581 329 5388 8411 7750 8724 0 4436 8697 3822 8513 9203 7215 3675 736 2206 2396 4495 6918 1285 6399 1853 7096 7872 7501 8936 8872 648 7848 9961 122 9416 7970 2620 710 6077 407 2509 2688
2849 6428 9222 596 9039 7299 8468 8756 2525 3949 305 5950 9881 3165 2631 7936 4866 4436 0 7710 6191 6425 656 1323 4993 3347 9562 8658 5021 1267 3680 4163 9019 7765 7075 294 5288 8056 8770 9510 8455 5810 9067 2551 1121 9937 3239 6587 9092 7591
8518 167 8904 641 5707 7136 5854 6532 2606 4770 567 6837 1234 7156 5564 6231 1291 8697 7710 0 4284 4191 8805 3213 9781 1136 1340 4762 9018 9122 4274 9620 5441 7095 5095 4739 9820 1730 1271 7705 7700 3057 3841 6687 1712 3029 1156 6013 1388 7142
127 6809 2185 6190 7845 697 3685 9500 7985 911 3534 2139 7773 8679 3581 2619 5576 3822 6191 4284 0 7183 9534 5976 4490 617 7136 7611 4531 8620 8904 7121 2852 5644 6929 2969 848 5096 8055 6422 5307 3300 3488 3875 8731 9820 6710 9806 8572 9527
1960 1721 4237 5954 9760 2453 7936 1846 5275 9955 5998 6439 7703 3130 9052 6960 3345 8513 6425 4191 7183 0 6044 6735 5352 7007 1685 7311 7719 5077 1964 6131 7696 4680 3238 6105 5889 8027 6731 6780 6506 3562 8251 7026 9840 4408 4569 8836 7982 4718
2574 2295 6454 8891 9338 8118 472 7929 6792 5503 4529 5009 3135 5270 9380 474 4587 9203 656 8805 9534 6044 0 1489 6906 2838 4349 950 4946 1325 1577 148 3888 1261 6862 8186 4099 3434 9855 5785 4430 1374 7896 9993 5629 9069 3036 6396 1615 7450
8513 1213 9317 6129 187 6483 172 3978 7539 6466 8270 2258 7122 6113 6990 1283 5235 7215 1323 3213 5976 6735 1489 0 3339 5350 6475 3794 8540 1379 1701 5514 4405 6534 311 58 3292 2368 9543 404 1476 8280 3273 5936 8968 8976 1651 4850 5146 9550
7604 6172 5984 2662 241 8941 2745 1957 7056 8417 4206 2288 9846 8946 4780 1951 7422 3675 4993 9781 4490 5352 6906 3339 0 9342 2577 7496 4994 5503 9176 6887 8937 666 5225 6746 3148 1271 6120 951 9784 4137 1487 9940 1653 6414 2455 7684 7498 8312
739 1105 9227 3156 8907 8457 6807 2036 8341 211 4131 352 5285 1728 5040 4314 2116 736 3347 1136 617 7007 2838 5350 9342 0 4998 5180 120 4092 4699 5909 4596 2495 4341 2317 4658 4338 6235 9133 3747 9639 2023 8486 9251 1689 6128 239 1070 6392
6127 6514 9927 8489 9541 932 8259 1408 8556 361 3316 9200 5812 7159 5480 6560 2985 2206 9562 1340 7136 1685 4349 6475 2577 4998 0 9597 2158 8482 9160 8175 6508 1589 4089 3227 3328 3708 3276 890 8808 6010 8170 6642 9674 5426 3554 3062 2526 3867
8826 5374 8933 41 5123 6257 484 5407 13 1833 7787 8043 529 4355 117 4452 4236 2396 8658 4762 7611 7311 950 3794 7496 5180 9597 0 8512 8745 3912 7602 1060 3981 4509 589 9935 3893 3862 9317 3363 1041 7633 3540 7805 3254 3538 6608 1173 656
9814 3829 4648 8226 8124 9141 669 9770 948 2304 2658 3726 7644 951 4167 2086 1957 4495 5021 9018 4531 7719 4946 8540 4994 120 2158 8512 0 7174 618 2961 2583 3651 7500 6408 2377 4027 1075 6605 3702 6091 9934 9490 3851 6405 672 7912 7327 7815
8792 911 438 3403 9335 3680 179 2545 3999 8756 9244 5973 1072 3633 9940 2223 8110 6918 1267 9122 8620 5077 1325 1379 5503 4092 8482 8745 7174 0 7588 4094 4420 6170 9184 2513 4572 1935 3942 7072 2638 5312 9237 6855 676 9557 6354 9346 57 4307
2916 357 3115 9580 9652 8074 2958 561 4898 4818 339 995 9494 5881 8162 9621 1851 1285 3680 4274 8904 1964 1577 1701 9176 4699 9160 3912 618 7588 0 4759 8214 9953 7676 3485 2836 4748 1286 5022 9014 9796 4796 6877 3993 1149 662 358 9065 8375
8603 9173 3539 5289 4783 99 8179 2132 2460 495 208 2316 2142 8903 9496 8693 6638 6399 4163 9620 7121 6131 148 5514 6887 5909 8175 7602 2961 4094 4759 0 4843 9352 2878 6057 8057 4044 5387 4920 4862 5325 7114 4026 1695 8125 2238 6193 2483 3915
2635 3959 2561 8779 6273 9154 5504 484 9541 2218 4976 8162 92 4439 6332 2526 9342 1853 9019 5441 2852 7696 3888 4405 8937 4596 6508 1060 2583 4420 8214 4843 0 5280 7068 342 9754 1662 1039 8164 2810 4196 6861 9275 4356 7245 8795 9616 1966 9047
1440 5264 8256 6732 8439 6484 518 9261 3205 658 7461 3608 8323 2972 1564 1655 1817 7096 7765 7095 5644 4680 1261 6534 666 2495 1589 3981 3651 6170 9953 9352 5280 0 1513 9006 3578 5184 2389 2880 9243 5455 6859 2440 8852 6674 1499 588 4949 407
7765 1796 7761 4906 8482 2560 7551 3210 782 8451 7608 4014 4975 9563 7537 61 239 7872 7075 5095 6929 3238 6862 311 5225 4341 4089 4509 7500 9184 7676 2878 7068 1513 0 3535 697 9028 7250 2714 6324 6189 5624 4972 1649 731 4604 2799 2981 8197
4796 8935 7684 5503 6819 1882 8752 1308 4761 1857 4176 6736 6946 7874 9755 9272 3923 7501 294 4739 2969 6105 8186 58 6746 2317 3227 589 6408 2513 3485 6057 342 9006 3535 0 8743 8852 9152 4709 2152 1926 8267 9783 2992 9113 4433 4295 8340 1095
6166 5679 8394 2684 7449 5605 1348 2226 6807 102 9219 1559 4290 9370 2999 1334 7759 8936 5288 9820 848 5889 4099 3292 3148 4658 3328 9935 2377 4572 2836 8057 9754 3578 697 8743 0 691 2977 3433 2963 2562 2287 7740 6023 2447 6855 8925 5881 8043
1671 6823 8995 6775 2376 3498 2910 8090 2770 2657 1338 2608 2952 9903 7520 7253 6762 8872 8056 1730 5096 8027 3434 2368 1271 4338 3708 3893 4027 1935 4748 4044 1662 5184 9028 8852 691 0 1014 3435 3551 936 450 5480 2030 6848 4673 3534 1807 3549
5895 3675 2230 3618 7705 91 2823 1661 8303 4250 1348 1055 6354 5225 1855 4961 7214 648 8770 1271 8055 6731 9855 9543 6120 6235 3276 3862 1075 3942 1286 5387 1039 2389 7250 9152 2977 1014 0 6739 9617 2175 6751 8269 3961 8404 5688 1942 617 3284
8004 1782 8699 1110 6110 1718 2334 123 1301 5617 4233 6997 3238 2985 4963 9219 8594 7848 9510 7705 6422 6780 5785 404 951 9133 890 9317 6605 7072 5022 4920 8164 2880 2714 4709 3433 3435 6739 0 7816 2472 2350 733 3418 3378 6970 4516 6397 5712
3026 3125 7856 5266 6226 2251 7634 5710 7591 2211 1897 1675 1916 4468 5577 9524 5124 9961 8455 7700 5307 6506 4430 1476 9784 3747 8808 3363 3702 2638 9014 4862 2810 9243 6324 2152 2963 3551 9617 7816 0 926 7703 920 3756 381 6494 5081 7168 8750
233 5818 4996 3322 3754 3737 8275 8967 4329 3395 1515 5848 3112 7439 6100 6090 943 122 5810 3057 3300 3562 1374 8280 4137 9639 6010 1041 6091 5312 9796 5325 4196 5455 6189 1926 2562 936 2175 2472 926 0 7551 9042 4153 2778 2576 9518 3154 1711
4754 5547 7891 9005 9410 8351 2643 3849 924 6745 3104 6843 2150 4179 3359 1921 57 9416 9067 3841 3488 8251 7896 3273 1487 2023 8170 7633 9934 9237 4796 7114 6861 6859 5624 8267 2287 450 6751 2350 7703 7551 0 4250 5350 9151 7810 2096 1555 380
7870 9931 9403 7083 2591 9412 484 9224 8451 6865 1376 1009 7437 9904 3080 1781 8587 7970 2551 6687 3875 7026 9993 5936 9940 8486 6642 3540 9490 6855 6877 4026 9275 2440 4972 9783 7740 5480 8269 733 920 9042 4250 0 6020 5493 130 2932 3887 3787
7843 4244 9771 9692 4960 659 1029 8644 4805 4915 9863 2960 9354 8138 2920 9878 1968 2620 1121 1712 8731 9840 5629 8968 1653 9251 9674 7805 3851 676 3993 1695 4356 8852 1649 2992 6023 2030 3961 3418 3756 4153 5350 6020 0 2659 4743 8662 3972 8842
4387 783 13 7060 4219 2659 2171 2089 6383 5328 5284 8986 525 3214 594 9740 7355 710 9937 3029 9820 4408 9069 8976 6414 1689 5426 3254 6405 9557 1149 8125 7245 6674 731 9113 2447 6848 8404 3378 381 2778 9151 5493 2659 0 6529 7858 3904 6731
5090 9020 1958 4671 7318 8889 368 7000 1574 4731 60 4978 9918 3045 8844 1161 681 6077 3239 1156 6710 4569 3036 1651 2455 6128 3554 3538 672 6354 662 2238 8795 1499 4604 4433 6855 4673 5688 6970 6494 2576 7810 130 4743 6529 0 470 3383 7635
9674 4969 5408 8612 3875 4465 1018 3511 6573 582 9256 4549 8498 7767 1912 5277 415 407 6587 6013 9806 8836 6396 4850 7684 239 3062 6608 7912 9346 358 6193 9616 588 2799 4295 8925 3534 1942 4516 5081 9518 2096 2932 8662 7858 470 0 5723 4258
752 6651 1936 5031 4253 4048 831 272 9322 6831 1418 3757 7477 8855 2784 3451 5883 2509 9092 1388 8572 7982 1615 5146 7498 1070 2526 1173 7327 57 9065 2483 1966 4949 2981 8340 5881 1807 617 6397 7168 3154 1555 3887 3972 3904 3383 5723 0 8233
6354 6931 2199 6570 5995 1843 3102 760 1268 1744 674 903 4240 3806 5586 4785 1398 2688 7591 7142 9527 4718 7450 9550 8312 6392 3867 656 7815 4307 8375 3915 9047 407 8197 1095 8043 3549 3284 5712 8750 1711 380 3787 8842 6731 7635 4258 8233 0
