150
0 4267 7971 9468 8511 2256 7678 1635 1631 8526 1505 620 683 9877 1440 8707 7746 824 5639 3106 3803 4344 70 9528 4233 784 229 8519 5816 9442 4421 356 2724 7938 9343 9745 7420 547 3241 9604 9422 1628 585 6991 4944 3232 499 2386 600 9551 983 5848 560 8900 557 2445 634 1423 9018 3613 2343 2161 5293 2478 3260 1850 1084 5222 899 5815 5980 4485 1858 3524 6248 7870 4294 4885 9602 6447 5503 3980 8506 143 3705 9391 7291 4881 9988 2619 4251 408 3376 3312 3520 7765 4834 1569 9282 6629 5744 302 1288 1797 6147 8356 1962 365 9592 2184 7021 7967 9490 2699 934 2343 1895 8986 5932 1175 4687 6321 7742 4139 2070 1854 3295 3932 4513 5073 9531 4462 5178 654 7393 6580 4729 9499 1388 5300 3727 2349 7854 5586 3496 5983 504 4170 4016 2134
4267 0 3512 1019 5783 8254 7296 5741 3964 929 5397 3129 311 657 7031 4981 1703 247 940 3637 6407 2786 4950 5231 7761 234 2257 8371 1996 6358 1494 8347 613 6728 7849 9610 1638 9192 7220 8261 1360 109 2664 4195 800 8899 7549 6083 8618 5394 354 1746 1938 5222 6741 7960 9652 8887 8071 3591 1811 2468 1912 2626 9025 5715 5519 3703 7709 9451 9276 698 3964 2029 9993 7089 2880 6174 2275 7470 8889 4895 971 646 1746 4815 6924 6113 2744 6553 8902 6764 7149 4256 1470 4919 6313 1372 7964 2643 9994 3731 2819 4915 4814 5730 1875 5614 7914 5329 6576 9028 1921 8280 6370 6519 7187 8677 4953 5831 3544 8446 5526 803 7484 8586 1322 6409 9196 3477 5186 9533 8013 8994 6251 4049 5027 5167 4569 8620 3529 7404 2014 1611 1701 7719 1912 3778 6648 8836
7971 3512 0 6310 9616 6896 602 3079 2282 3931 2888 6497 3241 9871 3016 1661 8143 348 5218 3753 7817 4278 4710 3966 3476 9317 4302 6277 385 7590 6390 7976 106 6128 887 826 6447 5069 8690 3383 9527 9042 5301 2549 8801 8195 4377 5974 7710 2650 3582 9533 9111 2271 6365 3619 4862 2443 7827 4090 2253 421 5449 72 7483 8063 9924 9768 5129 2949 4212 1708 5315 4389 7788 2568 9495 5519 5743 4458 5664 7901 7368 2275 3864 2573 251 1004 6182 7918 9929 4059 1202 1832 8987 837 9348 2530 6784 2349 2815 1680 4131 2792 7125 9693 5394 283 8055 6976 7899 1236 4795 4437 1590 6966 9766 4150 2179 3827 5314 6628 4488 3469 1403 7474 8688 3665 5138 9085 606 2330 2311 4358 6068 5021 911 5090 2394 5361 7051 7566 2505 8087 463 9116 9419 46 8082 4598
9468 1019 6310 0 3229 5448 1439 2108 7645 3208 1739 4339 5080 591 8765 7983 4368 3488 5611 9020 3451 869 3379 1419 1765 4064 702 2445 4394 4809 3058 2046 4777 3035 5857 2444 428 906 4062 7993 7483 5208 9026 3350 8730 1971 2808 6659 1040 6973 8839 5507 885 4832 6342 8406 211 7701 2960 8186 5589 1072 2055 5934 7073 6641 6947 9024 32 5541 1733 6759 5586 724 2250 7630 1517 3016 763 9712 3942 1769 8637 3139 2017 441 114 8897 7020 7004 32 384 1135 5308 6461 8221 1149 8268 4315 6221 592 2611 2096 1648 4019 4234 2327 7907 6730 2332 8505 4299 3047 6776 2297 823 7500 3217 3981 6797 2293 2108 7160 4654 4184 7317 3204 3993 343 9195 4819 1784 4562 4475 9236 9912 1126 3059 2300 6025 8689 7811 8852 2798 3588 5850 6305 6254 5258 8831
8511 5783 9616 3229 0 6296 617 2595 5841 3778 6438 6789 9562 7069 5556 4407 531 333 4266 574 536 6788 5823 3239 1340 4527 1125 1934 8628 5434 4340 2359 4182 5063 2814 4191 2175 4846 5245 6456 2343 1022 2129 8371 2253 4911 8088 5628 5074 9970 6869 4606 5947 2597 1406 4989 2606 2208 664 8611 6894 7517 4640 4367 8288 9269 4230 9597 4769 545 2522 561 3440 2123 124 9000 9653 444 1485 1562 6815 4384 8451 1219 6251 525 9821 9443 4457 8464 5277 1705 4116 8505 5511 8508 6352 2814 2005 7538 8690 6277 8534 2145 2311 6330 7754 7894 564 1092 8971 711 1968 4552 1512 3678 5172 805 2501 1879 6799 8389 2503 432 3994 1693 3269 3609 4242 6169 7152 6456 4653 8184 4730 8847 2796 988 214 7841 8116 9470 2900 4550 8629 7514 3866 3914 2560 261
2256 8254 6896 5448 6296 0 3875 9483 9270 2985 2272 3981 591 8272 5534 6378 940 2744 1255 7127 9221 9810 9871 6857 3858 1417 9455 7613 612 2017 7775 9991 1854 312 8828 2406 4223 8366 8684 3986 9931 1519 844 5956 2346 1559 2363 2743 3989 2897 3629 3510 694 2416 8039 7028 8054 5195 9642 641 9914 5931 9561 4563 6674 1361 4037 2981 4410 3933 2534 518 5535 7151 5191 4311 6688 6721 7510 506 3529 1617 2267 218 3802 8382 9887 4437 861 8961 460 8102 3952 6997 6245 8854 4340 9970 5617 4309 4691 1950 2524 8453 1490 9914 4835 3492 3174 1245 4805 1654 8560 4004 6688 8234 788 1242 7932 3067 1755 9734 3136 8273 1288 78 729 4194 4676 9174 9305 2012 8084 6473 8057 6744 2419 68 4460 7915 8851 6601 5567 1329 182 7728 9495 247 7778 1978
7678 7296 602 1439 617 3875 0 4830 1068 3491 1940 7709 1890 3446 7608 557 1511 4328 5253 3467 8513 7477 9062 3456 8488 8720 5272 2445 3505 9485 510 5367 2302 7350 4907 407 6254 2255 8427 7284 7299 7524 6045 1471 658 3406 9362 7129 2389 4036 1824 9787 2293 9506 4998 4809 29 393 4372 393 7344 8074 7586 1802 4353 4130 629 6187 5828 7668 2202 5410 6837 9755 2690 837 206 740 9281 3771 1660 2586 1123 5565 3274 8712 5423 8726 4057 2620 7372 7496 4158 4024 9660 8099 4521 9414 9878 2203 5329 8885 3684 898 5181 1655 3966 4080 529 4211 3655 9428 411 2713 3093 536 1343 4822 922 2997 9939 9875 656 4550 3945 3535 6607 6324 9797 2995 1514 9677 7307 2346 9179 893 62 7735 3284 146 1436 4332 6069 1685 3664 4001 2566 1303 1684 5195
1635 5741 3079 2108 2595 9483 4830 0 436 4425 4257 17 5524 5862 9929 9468 5220 1296 1613 7713 5078 4345 9499 5881 1969 1633 647 6162 2495 7637 3780 9078 9392 3921 1153 6925 4991 2756 4477 9637 3050 4260 3244 5387 98 4387 1433 8416 1803 3809 227 3876 5884 2078 5203 3971 1589 5504 2533 6862 6327 6810 8480 8781 2371 9415 4994 9479 7082 2315 1285 8156 4785 7347 3068 1835 2711 7477 127 1943 7473 8024 1761 1364 9605 5121 9423 813 8538 763 9167 9536 5200 8991 199 5770 9174 6626 532 7719 201 5872 9510 3518 7250 8636 5071 408 2968 8096 8193 3172 1911 6408 357 8699 9203 7739 8270 1361 998 2379 6614 1111 6720 7306 6736 1978 7218 3608 5253 9071 1878 6607 4272 8975 4133 1598 6898 8362 4441 1115 428 2222 6878 7900 3071 5950 4078 5126
1631 3964 2282 7645 5841 9270 1068 436 0 7533 4631 2390 9903 9239 703 2964 1645 8635 2633 1378 3058 8718 7936 3880 9484 4147 8589 3236 293 7310 4712 5757 1409 922 2540 5676 7793 8723 2354 1768 672 5049 6140 2428 8457 5459 4317 1319 515 7662 3045 5861 9781 2964 702 775 9822 2830 8327 2668 910 3767 7842 9861 7525 9581 2724 9824 2205 4498 9291 1486 714 1576 8583 1524 3941 8239 427 1277 9614 4672 9472 2374 1530 2991 5626 5065 5803 1058 7532 3184 3065 9596 150 2376 5323 6706 2607 120 4698 1466 8878 5822 7079 2937 9798 6168 2711 6356 2951 3494 4544 6477 9675 907 2837 7781 8940 7287 4662 8573 6828 8561 7765 8603 639 4002 2214 9337 563 8559 4420 2000 2183 4937 3127 591 4736 2895 6923 8286 8829 4255 5455 9960 7490 3435 9268 2530
8526 929 3931 3208 3778 2985 3491 4425 7533 0 6535 2050 711 5033 5709 3389 3881 5718 9279 8209 3689 1308 4975 1619 7312 6521 8514 3968 5462 9420 7150 3031 324 5234 9756 257 4906 3297 453 7588 6447 3128 3868 4518 163 1805 367 8792 8880 2596 1426 6368 1449 7241 6509 3639 9557 5782 3981 2445 4944 2946 1583 719 8643 3682 8283 938 9382 5108 6597 3350 5436 6103 2376 1787 7058 5337 5029 1561 4240 5728 3207 6123 6943 9758 4766 3710 267 1511 6186 3382 8133 9437 768 6450 9990 4791 8293 5180 1098 4963 8423 5975 4402 1132 6745 1066 5555 1647 2439 1329 3599 5090 2835 121 1870 9460 7524 376 6054 9474 9559 8195 3136 1927 2742 206 2964 4982 1862 4849 3257 2968 3347 5920 7394 4173 7443 4776 4186 9486 8666 9967 6390 9387 6128 1892 4189 3772
1505 5397 2888 1739 6438 2272 1940 4257 4631 6535 0 1180 6817 3191 8695 5251 3970 6950 131 1913 9474 7686 1432 657 9990 3010 4952 4838 7339 2247 6915 5250 3393 9225 4668 7159 1913 4950 4530 7392 8908 5675 7194 433 2728 9582 847 4058 4090 5538 896 4929 7471 371 7046 6207 9194 4691 1360 3698 1011 2449 20 160 9051 7691 3936 1309 9841 8698 9640 8801 1043 1078 1761 327 9385 4456 4461 7818 511 6699 3430 7460 7476 2928 7721 2007 5348 716 9462 4565 436 1304 5722 2910 1503 547 1805 1783 865 506 4096 1168 1432 8749 5941 3633 613 8489 6827 3526 1993 4999 1793 7552 1640 4408 9775 9422 4665 2391 1079 1883 8593 480 4090 2187 6551 3431 2666 4982 2444 3239 5801 3415 4482 2505 1266 3072 9164 919 1482 3131 7234 5848 7165 5017 5223 6129
620 3129 6497 4339 6789 3981 7709 17 2390 2050 1180 0 5255 413 9468 3497 59 2054 3030 5148 9357 3551 9938 4786 4111 8384 9952 242 8480 1053 815 1080 9331 9745 4277 3250 2402 1767 167 321 3562 6747 3101 7262 4577 1062 7585 8549 6442 3852 7590 1134 5715 6663 9091 6479 8580 6639 5017 6132 4011 76 5644 5305 5319 6669 6153 2010 835 1601 6445 4727 5832 1814 6292 1639 7638 5964 4287 9978 4842 1354 7935 2990 8994 3504 521 292 8854 3148 9620 1751 8550 5175 2985 5428 7772 4928 5091 3837 6833 9446 3215 4172 9145 3425 2709 3420 1045 8155 9501 1472 1532 7877 7374 2080 4708 7715 7474 4570 9768 4840 9138 5899 8415 190 3004 985 4023 4571 1343 9572 1183 1415 7390 5729 5739 5299 9657 5497 8828 7269 378 5210 8101 6785 98 6055 8723 3330
683 311 3241 5080 9562 591 1890 5524 9903 711 6817 5255 0 558 829 9330 5252 6734 6831 7745 885 6920 185 5474 5286 3180 2090 5252 7447 4448 6069 1288 5715 2805 1293 9933 888 3437 1290 845 197 4381 1319 4235 4157 1572 8070 8869 6263 9729 656 7081 9905 1715 3880 3147 1583 2229 1435 3805 5262 8797 6017 7952 5422 9018 6869 8664 2579 3895 4054 5811 3446 9706 6694 5157 3933 1915 3556 1699 6728 3614 6590 8151 7625 559 9772 837 4033 1941 5247 9072 9657 7268 2633 7844 7453 7739 191 5768 9976 4317 3873 5875 1261 9377 9704 5106 5500 6502 1761 3708 1004 4892 2201 8990 3237 3473 7505 4665 416 4248 5932 7265 6716 6512 2093 3541 8900 7966 4553 2247 3512 940 6680 8713 4297 8284 7464 8129 8862 4793 6229 7798 9707 1318 7722 4345 855 7434
9877 657 9871 591 7069 8272 3446 5862 9239 5033 3191 413 558 0 9762 6608 885 1030 2458 3566 7542 8960 9386 9981 7870 6812 6758 2858 5829 5640 6980 7232 4388 230 2504 4721 7932 1247 2522 8186 6349 9883 7691 6113 4456 8026 7339 257 2637 5954 2006 9930 5097 7166 4988 5043 2940 3522 6973 8420 3313 8766 9165 2969 3359 1661 7452 4595 2966 2068 7976 4254 4058 358 7802 6170 8676 9928 6519 6228 3499 5949 1638 9016 5138 5083 1279 7583 6783 8234 9282 5793 3746 4713 9317 2466 1460 1668 8385 7154 5897 3654 91 8090 4131 6880 3130 5529 5870 8162 6616 9311 6711 105 6199 4412 6779 7812 5034 6000 7017 3825 180 4822 3777 6184 6740 3894 1721 1639 430 37 6117 4301 6864 1604 8870 8025 9740 6220 7800 5281 6280 9221 7231 5546 1705 5203 5415 2037
1440 7031 3016 8765 5556 5534 7608 9929 703 5709 8695 9468 829 9762 0 8464 5086 6552 4302 2402 3817 3281 8136 3799 8713 5836 8313 4289 2163 1152 2030 4995 5339 8471 9702 5232 9120 2670 5596 7505 4695 1285 333 1566 6663 7850 8032 8934 189 2384 3917 4980 6028 3137 2661 283 5857 4777 1811 7333 5049 8525 7460 7823 3878 3486 9107 3521 6036 8319 3803 8260 1179 9184 793 9174 2207 2456 5906 5126 6969 6131 1406 2032 6463 2104 1838 3335 4993 6209 6904 4941 1040 2914 113 378 6993 9050 7770 4121 6428 788 4887 9176 4454 1961 487 3063 6212 7571 7815 4042 5850 1050 8221 6451 9602 5165 4117 3454 9320 5868 7265 2883 7052 1917 7682 5514 1690 2289 9616 106 8460 3090 6319 7965 6789 7505 4210 1651 9261 3978 9833 1096 7258 5601 4835 9443 845 8881
8707 4981 1661 7983 4407 6378 557 9468 2964 3389 5251 3497 9330 6608 8464 0 2436 6244 1012 350 2664 5907 3799 7826 6009 2616 4388 5776 2444 1251 9263 4804 520 6408 9480 4704 9230 1851 1833 4249 6557 1014 90 462 3743 214 6642 3788 7265 2118 9944 2223 4665 3168 848 7019 6567 8786 9266 7712 7 5642 4289 6137 7918 5312 8709 1500 7310 3244 6631 5877 6945 6257 7598 3402 2068 3085 9606 6457 3528 9464 64 7721 2714 1127 4327 7052 7987 6947 1051 7487 7599 4903 2839 8775 7447 4104 8422 1942 2499 6723 4251 3907 9754 1784 1917 5719 1684 6122 2574 8235 4315 5094 3523 5187 8265 218 7095 6574 7356 1824 8937 1487 7846 4773 3309 1971 9061 8200 4660 3024 3272 3614 444 6437 3007 2422 6105 924 3247 338 5860 4795 9295 3022 7662 3957 5286 4668
7746 1703 8143 4368 531 940 1511 5220 1645 3881 3970 59 5252 885 5086 2436 0 5337 6198 2389 4740 7151 9547 6691 9480 122 149 3982 5311 6548 760 9946 9335 3986 5337 1804 7438 6144 6093 7089 4227 6206 1415 7996 7627 6063 9073 3057 2648 1533 7963 2600 3304 3009 683 808 8591 328 495 7124 5763 7783 3733 9338 7213 5824 8848 133 8764 5533 9029 1296 1707 6508 9607 2255 548 9249 5146 5213 1016 4792 928 2016 4830 1761 5210 1228 1562 8286 262 6399 4066 8954 5946 5262 3310 2566 171 4807 4675 1562 1089 8235 3515 9546 4813 4308 6612 8271 9705 9186 2065 2105 3729 7752 4497 7593 5646 9080 1831 7267 7041 2977 4516 967 6434 3543 302 2310 6133 1240 871 9169 3525 380 1913 7619 1628 7148 3296 7242 311 7052 1423 7380 4829 4627 2735 133
824 247 348 3488 333 2744 4328 1296 8635 5718 6950 2054 6734 1030 6552 6244 5337 0 4610 7701 5033 7647 3935 6298 1955 8491 948 8249 8044 8506 8520 7959 1013 8098 127 2831 3585 3732 7712 7022 6839 9878 272 9282 5035 9426 5764 4340 7901 4893 3683 6271 4628 4578 9148 3676 3942 9509 3101 4344 7839 1468 583 1376 3239 5062 7632 9705 4101 1940 3619 6596 3857 7349 8264 5410 1167 8080 8436 261 3677 8854 6367 1459 2119 2974 4051 5287 4222 7151 8500 8082 6880 6838 1836 3922 7177 7777 8115 445 622 369 7895 1662 54 4205 8789 3687 9364 1124 180 4839 3678 3 4409 3061 8276 2156 5879 7338 7934 5122 8013 8346 136 5797 2621 313 183 6726 3636 4613 2966 2649 1113 2326 7320 4665 9722 950 5217 8237 7250 3225 341 3000 2657 9886 4299 4352
5639 940 5218 5611 4266 1255 5253 1613 2633 9279 131 3030 6831 2458 4302 1012 6198 4610 0 1519 1897 9531 260 817 6284 9748 2357 3900 6496 1872 181 3698 6273 8295 2716 922 3131 4257 3549 9041 2012 4751 9021 9000 1766 7722 8574 4 2215 6804 2969 6841 9681 2459 3840 7083 9413 4080 884 3160 7010 2579 3915 145 5251 1719 5600 5753 4214 8352 3870 1791 6168 6953 2249 5195 2739 5316 9580 181 7400 6547 2928 8141 9527 6983 7945 4836 3587 9409 7616 806 4552 6451 4452 7813 4218 9025 6918 5774 9152 1087 1439 5583 5673 5819 3835 5097 6255 3062 7503 6894 546 8314 6213 9254 700 144 5525 2566 2032 7384 1502 7344 8183 535 7096 8126 1843 2870 5039 152 6275 2791 8485 1027 2508 5023 6019 4799 7971 8321 3395 1584 840 8907 1657 1865 6485 8320
3106 3637 3753 9020 574 7127 3467 7713 1378 8209 1913 5148 7745 3566 2402 350 2389 7701 1519 0 3874 5906 6058 2457 6865 6152 3365 8255 5578 4642 8946 1519 1073 2058 6015 7967 1791 3412 2742 3149 5659 6929 3546 3681 8719 6948 8868 3071 5735 2979 3711 7262 7330 2520 4769 9620 122 2232 2554 2081 4639 7976 390 9418 9390 173 1870 9088 2711 4087 1066 9710 8541 3776 3671 7255 7728 4857 1492 571 6326 7101 1971 2536 2437 6355 5958 3484 93 4965 1142 2287 8699 1410 7280 6692 1640 6555 1246 4348 6122 8478 1646 5170 8867 7624 3648 7031 5937 4308 1996 284 2883 3368 4577 9689 8963 7953 4371 7119 9355 286 2595 5988 2207 3227 5590 1240 9029 4322 1758 570 2626 9380 7231 9608 241 9671 5209 5087 3275 6621 7855 5787 5860 9339 9892 1409 6881 7084
3803 6407 7817 3451 536 9221 8513 5078 3058 3689 9474 9357 885 7542 3817 2664 4740 5033 1897 3874 0 943 1190 7391 2769 8463 6189 4904 3473 3785 5107 5481 8381 503 5541 8962 504 8610 5417 6554 3013 2375 6681 1818 5410 798 7585 1829 6178 2349 4835 4776 3911 107 7551 3560 302 16 9086 5705 1751 9535 3269 4388 9459 5094 1445 3804 8429 4525 4950 7427 4002 5515 8039 8061 4576 7131 5545 6147 5266 5665 6656 2107 3792 1123 493 6928 8722 360 1050 9676 3115 548 9637 9895 9565 646 3828 63 7546 4976 5009 5225 6889 1942 7643 1127 9728 8821 2217 5800 2118 480 2755 4097 4100 8672 1669 4525 7314 594 2959 2329 6040 4898 4467 3060 5961 6762 5272 4705 99 5753 6727 2310 6222 3868 2509 5345 9940 696 6145 6091 2160 6224 2651 2216 7845 4307
4344 2786 4278 869 6788 9810 7477 4345 8718 1308 7686 3551 6920 8960 3281 5907 7151 7647 9531 5906 943 0 7163 6219 6876 9844 29 7749 8175 2396 2748 4237 6185 3921 2851 2870 7964 5846 3194 9092 2125 8245 9273 1155 5192 8828 3067 6164 2715 712 9554 9637 2558 4303 8046 4022 2269 196 8725 5363 9808 8483 7593 7352 3991 243 65 5551 6720 8801 2653 8176 8931 2930 9064 7080 8775 4870 8853 5839 6113 8784 3845 5134 6678 4987 6969 7633 8152 5408 604 1291 8575 5030 3673 9586 2777 5470 6068 7064 6789 7445 40 6998 6582 3454 3925 9797 2476 6716 6239 7222 2750 3325 6943 3140 4428 6085 3126 1118 9128 2387 185 1830 3028 9954 4130 7221 6444 4652 4536 1766 2736 1695 1156 7772 9237 3281 4521 9265 9000 3101 8317 4599 3530 939 1085 5483 438 6077
70 4950 4710 3379 5823 9871 9062 9499 7936 4975 1432 9938 185 9386 8136 3799 9547 3935 260 6058 1190 7163 0 3609 791 9131 4388 3492 6954 4986 8298 3041 4544 4310 2451 7388 6530 4032 4435 9066 5085 2407 6587 6054 5517 7178 1947 2373 1672 8445 2817 8645 7351 2500 5352 3774 8884 9948 5300 4952 7674 986 6974 9833 4242 9238 4879 277 2740 3152 3586 3912 224 6435 6264 8580 781 5458 6255 9247 5379 5251 5989 4468 9746 2681 8158 6499 2413 1390 8266 6939 3859 2891 3691 5816 4337 5510 7921 2942 405 5884 4758 7118 5055 9623 531 6443 5894 8303 9875 9233 8591 2010 4276 9441 534 1870 2216 1166 3551 2524 4322 6522 6078 7575 3288 7738 7893 6133 8546 7425 7453 4023 6532 6918 113 1938 4720 187 7400 9278 5244 3065 5913 8633 5078 8285 5876 7596
9528 5231 3966 1419 3239 6857 3456 5881 3880 1619 657 4786 5474 9981 3799 7826 6691 6298 817 2457 7391 6219 3609 0 9938 4950 2204 9620 9302 7383 1456 5627 7709 6594 7229 218 1099 4442 5386 8352 1035 9261 9644 7135 5987 2623 1679 9916 1442 1307 5859 4256 4980 7989 3859 454 2904 4332 2635 3745 4421 1370 6439 5328 2113 1316 5375 3657 7747 205 6089 6787 6041 2292 8701 996 2999 5995 3425 6198 2191 2353 5379 6641 6561 9409 6462 4222 5604 8775 7905 1321 9813 9969 4829 9166 5001 3812 1706 5774 8938 1030 5709 2181 4516 5648 352 2127 5248 3346 6537 3337 8339 990 9768 1678 264 251 5198 6371 5594 130 1762 5315 1594 3695 623 4177 5230 7814 4128 6825 331 6327 2374 839 9815 3866 804 6193 2938 7652 2568 5426 562 7955 2641 8110 4508 9161
4233 7761 3476 1765 1340 3858 8488 1969 9484 7312 9990 4111 5286 7870 8713 6009 9480 1955 6284 6865 2769 6876 791 9938 0 706 163 1310 4364 8186 8083 9221 3002 6842 8282 5801 5866 3912 3426 3229 7179 1849 8321 7638 837 5427 4064 3060 5058 3430 8424 9581 7681 3559 2660 2695 6424 4910 3422 4202 5998 8282 6479 6424 1523 6673 878 8287 3088 9668 6050 1908 2583 7198 4938 5782 7316 7480 8720 337 1145 3382 1145 4401 4577 4271 3664 5684 2928 6978 5195 8170 3878 4348 5238 9983 5538 3395 8592 7651 7216 3061 3611 4668 4735 3462 4021 1275 5927 3771 3614 1535 9436 1972 3006 4359 8350 4494 7181 6474 1992 9540 9119 9514 199 8095 1066 9865 6417 7833 1646 9724 4280 1676 6316 6222 782 5468 830 3202 4990 3642 4656 1174 8433 7813 7340 2164 6028 4757
784 234 9317 4064 4527 1417 8720 1633 4147 6521 3010 8384 3180 6812 5836 2616 122 8491 9748 6152 8463 9844 9131 4950 706 0 8387 8140 2254 7164 6085 8624 4800 7904 3857 7481 7125 5783 5117 3509 4513 9015 1819 4070 4043 2123 5097 3523 5868 762 2484 6381 668 2566 9515 1065 1852 5535 6708 7828 1131 5260 4866 9306 7941 5808 3094 53 4620 2244 7941 3504 3253 4171 7013 2879 9937 8271 7679 2752 814 7597 6858 9098 5295 3176 3775 3560 2924 4 6180 4930 2894 9383 1022 8056 9539 2412 2976 6459 2578 6405 8341 8792 9594 212 3335 6078 7836 5085 6728 636 801 4001 8048 2264 3779 5279 9525 1644 4004 8724 7375 734 8152 5470 2413 6334 2534 4556 1552 260 2477 4103 2274 1883 3013 9374 6605 7677 4122 4198 1180 6270 3851 1340 3472 9073 8580 3906
229 2257 4302 702 1125 9455 5272 647 8589 8514 4952 9952 2090 6758 8313 4388 149 948 2357 3365 6189 29 4388 2204 163 8387 0 6861 2349 439 8750 9939 9207 3609 9257 7262 1061 8957 4539 266 556 5675 4620 5015 4490 1244 1793 1250 141 6944 3396 7222 6614 7566 357 1183 9089 2301 988 4904 1384 9133 719 2858 1269 5121 7381 2946 8531 1773 8349 2743 1934 3013 4537 1781 7613 1250 6321 8931 204 2592 4544 2949 3417 2020 6388 6793 4484 9294 3564 2848 8225 9775 1150 6202 732 6140 2004 3235 555 5426 6021 9368 3458 5061 5160 699 1152 927 4153 9651 5125 3758 8743 784 3057 1385 2754 2629 2655 6614 8041 6311 5516 8532 2812 9455 8714 6051 5924 8086 8775 3652 7152 462 5870 3258 9711 6458 5554 4528 6210 7898 4495 898 9527 7752 9330 2317
8519 8371 6277 2445 1934 7613 2445 6162 3236 3968 4838 242 5252 2858 4289 5776 3982 8249 3900 8255 4904 7749 3492 9620 1310 8140 6861 0 2719 155 4613 3906 9590 9087 9 718 3979 7334 320 9639 2636 5232 3789 7219 8199 2176 5461 6385 8038 4002 3028 6976 7606 7371 8716 8057 5085 7981 7452 8260 2042 4018 696 68 932 7683 2697 3383 8222 6131 6883 2334 3343 6545 7340 2814 5915 9688 7772 3637 1176 3734 3181 7961 4214 7007 4559 1710 7092 1233 9510 1273 259 4512 4110 9859 7542 2454 9589 4328 7947 2407 4592 1788 7747 5277 2046 611 3381 9743 4764 597 4182 5034 33 9862 5486 5647 9033 6576 5509 4572 4346 3997 2100 7360 7796 5592 8674 5886 2710 103 8667 6345 4245 1724 8336 2486 7929 4867 9712 7146 3836 484 8732 203 8891 7149 9541 24
5816 1996 385 4394 8628 612 3505 2495 293 5462 7339 8480 7447 5829 2163 2444 5311 8044 6496 5578 3473 8175 6954 9302 4364 2254 2349 2719 0 6518 1117 9581 9390 9209 8105 4998 8885 4369 3773 6723 9029 2658 2076 9593 2271 3835 7277 4773 2398 8971 7498 9413 9121 2242 7009 2690 5175 8756 2288 1869 5686 1077 3202 9930 405 3834 6244 9816 983 5296 1458 8895 6951 5675 5701 2693 3569 6020 6209 4050 4441 7467 1629 5402 7410 5169 4384 7865 5006 5351 9105 4465 3067 4481 6963 3740 2760 3767 3352 5417 80 5656 5382 2457 6863 3941 2944 8978 5943 2308 9124 135 7159 7085 6032 9931 4672 175 1805 1825 8441 6256 1392 7123 7200 1623 5322 9519 7016 9537 1352 8623 2776 1439 3048 2980 2372 6157 8354 8484 8745 3095 7413 3194 9839 2553 346 93 4600 1640
9442 6358 7590 4809 5434 2017 9485 7637 7310 9420 2247 1053 4448 5640 1152 1251 6548 8506 1872 4642 3785 2396 4986 7383 8186 7164 439 155 6518 0 2458 5004 8362 7744 1707 5857 4114 9852 5465 4110 6175 2916 4646 6172 7594 1413 857 7892 885 8067 1982 2026 2774 4703 7046 9613 5219 5358 3180 2693 5765 2641 5360 2419 1432 8574 2319 5309 2333 3641 5188 7230 9972 6821 7309 1790 9640 6519 3654 8491 1113 5521 2036 7056 2536 9272 5126 3442 3562 9587 5593 6045 9890 7714 6159 8459 250 7541 7434 9399 5826 8394 9872 9168 7677 2439 5875 3037 1452 6847 1840 3515 6449 6362 3877 7054 8089 2911 6798 1536 6143 8282 2327 725 3577 6914 2641 2293 9367 3873 7764 273 7906 7880 8974 2640 5592 1259 5425 2260 6841 5361 5138 2266 7053 4242 9942 670 363 3707
4421 1494 6390 3058 4340 7775 510 3780 4712 7150 6915 815 6069 6980 2030 9263 760 8520 181 8946 5107 2748 8298 1456 8083 6085 8750 4613 1117 2458 0 6507 7330 5175 104 2772 2625 6861 8302 880 1108 3055 6930 2178 1973 7060 7514 9660 3207 7356 4076 2807 7333 5632 4402 7944 8064 7467 1294 1209 3123 9529 9241 5756 8507 361 7666 2646 6705 8614 2396 9721 9757 2311 6170 6982 6095 9246 27 6360 4125 5810 8135 5352 1692 5330 1547 1325 5956 5870 1248 7571 8258 8747 3931 4212 2050 4170 5821 6348 845 5121 1535 5400 2830 1162 7748 6028 1196 9409 5336 9502 7145 3013 5176 5884 5711 116 5138 9176 3879 8840 4344 9620 5670 1169 6818 2018 7234 7535 3171 8047 9384 4897 6004 1837 9007 6875 5289 358 1759 1447 6851 6885 5790 8078 3351 6933 2946 2446
356 8347 7976 2046 2359 9991 5367 9078 5757 3031 5250 1080 1288 7232 4995 4804 9946 7959 3698 1519 5481 4237 3041 5627 9221 8624 9939 3906 9581 5004 6507 0 6770 8242 2099 7909 5111 7825 2963 7813 2311 621 9624 50 2426 2756 3245 1876 7705 2374 1615 4409 5040 5707 2846 5972 3709 812 8034 7826 9597 6601 3573 8710 9139 5594 2842 8532 7114 7884 4878 7235 8851 3249 235 8236 2284 1742 7031 8139 2987 7794 5002 755 4674 4348 1739 3746 3635 714 5800 2323 2778 8757 2905 6925 3590 5186 901 5073 4175 6290 8862 6229 3865 6274 1741 5731 6582 9608 3874 752 7727 4390 4878 7943 7437 7649 4143 9405 3488 5364 9291 8164 3325 8097 664 614 1449 3412 87 6636 3304 1721 4366 314 9079 4380 1277 7695 3911 7500 4256 2647 7760 8685 3791 5909 872 55
2724 613 106 4777 4182 1854 2302 9392 1409 324 3393 9331 5715 4388 5339 520 9335 1013 6273 1073 8381 6185 4544 7709 3002 4800 9207 9590 9390 8362 7330 6770 0 9433 5463 8774 9846 6949 2808 715 1591 5757 7130 7122 6318 944 1029 1766 4813 4401 9021 356 1522 6558 7120 8798 5080 3124 7477 8532 3955 7757 2688 5130 6662 3489 6805 4169 8594 5887 7005 3173 835 1806 5263 241 8841 3540 6787 4945 5116 6134 77 379 3095 9404 1429 3875 493 3883 9341 557 9337 2250 1273 6776 1509 4912 7344 5486 296 2835 1905 7021 5438 8987 7203 4620 1410 3124 1439 181 6736 7901 9713 844 6012 1298 542 6525 1611 9704 575 8861 3959 8195 9462 6640 3280 6011 198 8 8725 4305 8273 9041 8887 7650 4774 277 1319 787 6471 5588 8119 6352 2364 9787 208 7155
7938 6728 6128 3035 5063 312 7350 3921 922 5234 9225 9745 2805 230 8471 6408 3986 8098 8295 2058 503 3921 4310 6594 6842 7904 3609 9087 9209 7744 5175 8242 9433 0 8518 3659 1205 4367 4718 7378 9865 6613 5406 5792 3022 2847 6563 9569 9884 1897 5382 6995 1821 8484 9959 668 5051 666 275 5038 1842 1023 5373 2632 6892 5801 3098 4368 940 4661 3140 8534 9665 3136 4818 8312 9750 1534 8377 5648 6698 442 4259 8849 462 920 7928 8082 586 8510 9281 3651 2956 980 5513 8103 8003 4359 6507 1048 3004 5998 6105 7609 5058 2238 6736 6090 3777 5897 6958 7954 4876 8305 1571 1783 4967 3820 8383 6099 3188 8445 5883 2198 3442 2430 5452 5917 2607 9706 4616 3204 9832 4853 4051 5345 1535 845 5651 7835 8994 2785 4490 6549 2112 2200 6103 3160 9756 5673
9343 7849 887 5857 2814 8828 4907 1153 2540 9756 4668 4277 1293 2504 9702 9480 5337 127 2716 6015 5541 2851 2451 7229 8282 3857 9257 9 8105 1707 104 2099 5463 8518 0 9941 3809 4937 2196 6821 8800 6876 3613 1686 828 436 2307 4304 4334 1544 2902 8182 8552 8956 1077 609 6714 57 1395 6773 1981 8126 7772 314 9366 4582 9875 4601 1975 633 6764 2008 1025 7573 5922 9863 9536 1112 5104 6574 7268 9506 496 2231 4657 3127 4521 9524 3643 9003 526 3361 9083 1716 7637 4344 7019 8999 4236 1340 9460 2293 8973 2257 7637 3650 314 6886 8288 66 8456 9108 1923 4967 3329 7762 2771 4004 4776 7475 35 4134 9950 4404 4035 7662 9284 131 543 2151 4144 3361 6261 5262 418 5605 3196 5024 594 7233 4201 2238 9815 4553 7811 3856 6252 5540 4502 6319
9745 9610 826 2444 4191 2406 407 6925 5676 257 7159 3250 9933 4721 5232 4704 1804 2831 922 7967 8962 2870 7388 218 5801 7481 7262 718 4998 5857 2772 7909 8774 3659 9941 0 1261 7419 1865 3770 6048 3320 6807 5665 1330 1258 1413 8302 5839 1555 8737 8802 7235 3298 4911 6635 4382 8384 9131 3799 7244 8073 1171 2914 4367 2691 1578 7954 973 8835 716 5685 3056 5948 2392 9172 5901 5179 4068 4435 1984 7787 7145 7521 5967 3170 1749 8815 1926 8331 8821 6739 6184 7544 7545 48 758 4939 5518 1944 8679 2260 1216 6143 1734 2034 5300 8472 8044 1630 7729 8291 5074 9096 1943 1163 6169 3565 5612 3606 1148 269 9452 2234 8914 2116 3198 6844 2739 850 2975 6207 8933 5151 2877 1921 6004 3057 59 1562 3794 5171 2115 2343 3254 5105 4211 3979 4158 8289
7420 1638 6447 428 2175 4223 6254 4991 7793 4906 1913 2402 888 7932 9120 9230 7438 3585 3131 1791 504 7964 6530 1099 5866 7125 1061 3979 8885 4114 2625 5111 9846 1205 3809 1261 0 7761 7220 743 2655 230 3331 8990 4687 3852 8659 4418 5096 1847 5671 4104 6144 7060 7380 8771 3763 3127 1106 6718 4950 1419 3009 1914 6335 5557 6463 6247 28 7002 7114 4491 5968 8099 4788 8381 4663 9418 2479 16 3132 6770 994 8490 7335 643 9432 1301 4883 198 3291 6411 2304 3596 2752 1811 5379 8670 9513 7867 5774 4287 567 5049 3439 9364 2516 2930 6060 1226 6504 4686 6128 3384 9993 2427 1586 8017 5567 39 786 1472 5329 5844 3656 7057 6368 2169 5956 2782 1436 7201 3747 2419 3878 4945 6775 492 7751 6200 6934 3636 1401 9611 5202 7829 6995 5744 7140 6987
547 9192 5069 906 4846 8366 2255 2756 8723 3297 4950 1767 3437 1247 2670 1851 6144 3732 4257 3412 8610 5846 4032 4442 3912 5783 8957 7334 4369 9852 6861 7825 6949 4367 4937 7419 7761 0 6453 1494 9996 2745 4359 6782 4626 2480 7202 1602 6592 6571 6873 9686 9666 3705 7162 2281 2199 3687 1028 609 4625 4850 590 4919 3627 5703 9006 8908 4570 6707 4555 858 4943 895 848 3617 813 4738 9763 7010 1241 8390 6509 5972 8946 860 1997 8348 1455 4562 4144 1023 8106 1286 5834 5601 9536 3963 6409 6542 9634 2089 9243 3174 9424 5230 5454 3499 7228 6141 643 3867 3198 6932 3883 715 6164 5037 1987 4946 8969 2536 8875 4558 8727 2155 1299 9675 6867 446 757 604 3703 8468 1558 2842 7848 3112 215 3531 7052 2025 2837 3315 2213 7604 9867 8850 2808 3163
3241 7220 8690 4062 5245 8684 8427 4477 2354 453 4530 167 1290 2522 5596 1833 6093 7712 3549 2742 5417 3194 4435 5386 3426 5117 4539 320 3773 5465 8302 2963 2808 4718 2196 1865 7220 6453 0 7611 6057 9984 5722 5552 6855 3845 1683 9642 3778 7447 5683 4815 5544 6960 1870 8869 9808 4391 5568 8818 7059 2294 3773 4758 3181 7472 5956 3285 7156 1494 5954 923 4047 2080 7700 4017 1731 1916 6759 8429 8731 2161 3952 9199 4850 6793 7316 919 2486 8125 3711 8368 2193 9811 4773 5670 3230 1205 251 6887 7085 663 6054 1467 223 4953 3897 6006 6936 2999 1299 9747 1434 8829 6803 4904 8339 4612 2987 6302 391 4822 533 6530 9812 1061 1861 6486 8308 7936 1025 1922 9085 3630 9944 4644 7536 9327 3568 8846 5860 9703 1885 5515 8889 90 8354 1367 4394 3262
9604 8261 3383 7993 6456 3986 7284 9637 1768 7588 7392 321 845 8186 7505 4249 7089 7022 9041 3149 6554 9092 9066 8352 3229 3509 266 9639 6723 4110 880 7813 715 7378 6821 3770 743 1494 7611 0 6855 8900 3971 9134 8753 4447 4281 4451 8921 7546 4812 4357 3241 5088 3114 5067 7970 6187 9759 1026 3717 3216 1484 5446 9569 4478 9075 730 177 9409 622 6551 8067 9084 2215 3539 1336 2196 2812 133 4310 7926 7787 8392 2824 5684 63 5543 2193 3531 5143 4679 7867 51 8754 5720 6425 126 810 8760 1487 5071 7606 3362 4190 2068 2768 5792 6297 6492 6112 6936 9595 3679 3937 232 1441 5950 4664 1755 5066 4675 8181 6011 9382 5430 3214 5164 4762 5909 7412 4798 5423 8336 6044 4134 2004 3497 4904 1542 884 9642 7797 3776 7008 5809 7776 2102 6816 4480
9422 1360 9527 7483 2343 9931 7299 3050 672 6447 8908 3562 197 6349 4695 6557 4227 6839 2012 5659 3013 2125 5085 1035 7179 4513 556 2636 9029 6175 1108 2311 1591 9865 8800 6048 2655 9996 6057 6855 0 3655 2376 9052 1847 5569 5456 2357 3727 2791 1203 3846 8668 7280 287 1580 5974 8179 4739 7014 8936 9409 2714 4044 2534 7724 1935 9050 8443 4922 7565 8498 4737 3253 3364 360 9094 1945 1012 7556 9004 7876 2992 807 543 9519 3855 6903 9881 8171 8496 2531 4819 4582 6420 3165 2185 8101 8555 823 3934 3946 4816 3380 7889 1047 7834 6376 9122 116 5158 9459 9424 6637 6528 2395 1666 6655 9118 8841 6217 7982 4032 5614 2117 7571 137 6748 4244 4834 7862 872 9989 3301 8824 2393 3194 3780 5642 1213 6359 2329 7934 5490 4662 9931 8431 348 2130 7067
1628 109 9042 5208 1022 1519 7524 4260 5049 3128 5675 6747 4381 9883 1285 1014 6206 9878 4751 6929 2375 8245 2407 9261 1849 9015 5675 5232 2658 2916 3055 621 5757 6613 6876 3320 230 2745 9984 8900 3655 0 174 7001 2185 9814 7799 2407 1696 183 6351 140 9736 8120 1434 221 8409 4792 961 9416 3537 1523 9257 8898 9510 3411 7876 1371 5070 6832 3641 6063 4983 3007 2072 3701 4881 3505 1673 1682 5852 521 340 9954 1390 5508 2732 967 8244 4092 8850 2652 6381 6516 9296 7050 202 152 2582 1003 8244 3581 1485 3891 3917 1791 9979 7773 8782 2345 5622 5134 8376 4615 7850 4385 5899 4973 7635 3092 2585 8358 740 4752 8301 890 1502 3008 6073 7936 1840 2341 1779 8403 7290 9231 2424 3627 807 4916 5768 9650 5113 5162 8846 2439 4888 3318 3718 5206
585 2664 5301 9026 2129 844 6045 3244 6140 3868 7194 3101 1319 7691 333 90 1415 272 9021 3546 6681 9273 6587 9644 8321 1819 4620 3789 2076 4646 6930 9624 7130 5406 3613 6807 3331 4359 5722 3971 2376 174 0 9833 9785 8867 6797 5503 8553 363 2537 7686 8916 4178 2093 5609 9376 5056 8630 8499 7755 9020 9737 8509 4772 1455 4009 2747 354 2485 6930 865 8853 7435 8912 746 8037 5990 9344 2314 2899 9766 8141 1403 7610 3293 8323 3911 6934 4791 6231 5638 809 3594 6776 61 9332 8229 9173 5703 9935 130 7523 2170 9662 9181 1694 9702 1705 5280 6132 7455 4380 6835 5804 6024 3809 2249 7724 2886 4742 7646 4475 7242 7422 2546 2318 7734 2480 3208 6572 8582 3929 3582 5896 3336 511 7541 5649 2017 8961 4716 3145 555 7897 8823 6142 3109 8181 8481
6991 4195 2549 3350 8371 5956 1471 5387 2428 4518 433 7262 4235 6113 1566 462 7996 9282 9000 3681 1818 1155 6054 7135 7638 4070 5015 7219 9593 6172 2178 50 7122 5792 1686 5665 8990 6782 5552 9134 9052 7001 9833 0 5014 9013 3885 1803 4398 827 5747 7697 4711 5476 6128 5079 3408 4941 8506 7235 1668 9446 8597 6710 1591 5012 6317 4196 2170 8034 9163 2909 4910 6533 4204 2826 7210 8568 2987 5776 620 7193 8123 9950 7434 8276 2887 8877 3822 1279 3356 3623 9009 5372 3088 510 210 1524 940 9315 9046 7524 6553 730 155 9833 5886 5380 6794 7806 1427 7938 6934 6709 6302 7655 2223 5884 1714 4302 2106 7430 4713 4159 4969 9201 7265 396 4636 5534 9690 6744 786 1449 3647 250 4344 8377 4625 8136 6323 7066 7120 9131 7229 9308 6373 9775 9198 2470
4944 800 8801 8730 2253 2346 658 98 8457 163 2728 4577 4157 4456 6663 3743 7627 5035 1766 8719 5410 5192 5517 5987 837 4043 4490 8199 2271 7594 1973 2426 6318 3022 828 1330 4687 4626 6855 8753 1847 2185 9785 5014 0 3089 8556 2329 2411 6601 8663 1391 2614 2421 6994 288 2634 2522 1323 7795 2141 9302 9340 1395 2305 9322 2055 7837 8683 1032 3020 9173 755 9905 801 8949 6136 7697 9754 4919 2674 3106 163 7043 7123 4540 6475 8791 1230 655 8040 8848 2942 5567 3754 8206 9530 6548 7348 6559 1310 6380 407 7126 9059 3113 2264 6085 8333 4557 7837 7093 6205 8274 3150 4903 4874 9357 2003 2599 3146 6655 1337 75 163 1788 1822 3590 6548 7850 2085 228 6887 7809 3252 8072 5072 1497 2211 4264 4908 580 1261 4209 6950 9982 3753 9905 12 1091
3232 8899 8195 1971 4911 1559 3406 4387 5459 1805 9582 1062 1572 8026 7850 214 6063 9426 7722 6948 798 8828 7178 2623 5427 2123 1244 2176 3835 1413 7060 2756 944 2847 436 1258 3852 2480 3845 4447 5569 9814 8867 9013 3089 0 4818 2180 7839 141 3066 561 3052 5612 1752 6541 3717 9561 8328 292 7657 7171 8020 122 8733 804 2781 1898 4777 3100 5613 670 4931 8639 8896 5273 864 3308 85 7039 9627 5869 2044 6368 516 8591 200 2730 507 3906 6927 3398 4641 8287 5739 1911 1101 5585 5132 634 3131 7216 6162 5308 1334 4111 3664 9204 9309 5317 6667 5883 1439 4492 8658 3435 919 6940 148 552 3313 6846 2155 7833 1658 8289 9681 723 2825 846 6539 263 608 1723 8827 1287 3212 716 3523 5782 6981 9416 7485 8262 8696 3624 4369 2150 6206 2258
499 7549 4377 2808 8088 2363 9362 1433 4317 367 847 7585 8070 7339 8032 6642 9073 5764 8574 8868 7585 3067 1947 1679 4064 5097 1793 5461 7277 857 7514 3245 1029 6563 2307 1413 8659 7202 1683 4281 5456 7799 6797 3885 8556 4818 0 76 7228 9154 7176 4764 1427 6963 9093 6007 3799 1759 107 2885 6854 4073 1211 6118 6191 1272 9406 4216 9530 716 281 9943 1793 4998 3795 2856 2405 6647 9376 1112 3997 83 9727 1921 2394 6287 3041 6900 2377 7429 4427 2959 9123 2724 2275 2695 4590 7631 5268 1078 1404 9223 1818 1029 773 3957 9842 6901 5327 2007 6001 1713 9282 4872 8334 2828 448 4822 4207 5970 3829 9081 1629 3515 3554 137 554 4206 9061 7910 3494 1174 6514 2730 734 2783 6022 7246 3588 5088 4889 4958 52 1865 2285 5310 5539 8204 2101 2755
2386 6083 5974 6659 5628 2743 7129 8416 1319 8792 4058 8549 8869 257 8934 3788 3057 4340 4 3071 1829 6164 2373 9916 3060 3523 1250 6385 4773 7892 9660 1876 1766 9569 4304 8302 4418 1602 9642 4451 2357 2407 5503 1803 2329 2180 76 0 2755 4575 8341 7693 2813 3485 5873 7597 8906 6823 4944 6935 5530 9703 1613 1372 6648 4286 6293 7017 5104 6782 9816 4163 3411 9814 1436 9222 3599 9030 9387 8621 9200 5053 4675 3840 168 6954 1966 8675 8463 9383 6129 7367 4873 4302 9360 7912 1219 2648 5853 9321 1440 4197 318 2835 8207 3888 2927 392 268 1302 8025 1088 7544 5221 4861 5689 1219 872 1795 7479 9933 4296 7432 2434 4783 2987 3233 3215 7647 3114 2488 5847 7277 2638 2041 5678 8442 9074 1177 3393 533 6998 3930 4379 86 1785 2008 1565 4641 8514
600 8618 7710 1040 5074 3989 2389 1803 515 8880 4090 6442 6263 2637 189 7265 2648 7901 2215 5735 6178 2715 1672 1442 5058 5868 141 8038 2398 885 3207 7705 4813 9884 4334 5839 5096 6592 3778 8921 3727 1696 8553 4398 2411 7839 7228 2755 0 9667 6879 2670 8050 3403 9861 1788 7080 1083 5494 7631 4249 5016 8185 2292 8472 8400 3003 4513 963 210 8412 4707 6 1538 104 2008 8079 9081 4146 1472 7773 2783 2280 8449 8952 3230 6188 9912 5615 4439 5062 9932 6535 9692 9656 7585 8274 5128 188 6938 5165 3540 5081 8486 9390 1073 9625 1913 2661 6036 2150 6082 2853 9052 7813 250 2314 2545 9072 3501 7642 2291 4564 1694 5229 7265 5042 4845 5764 4714 1318 6705 6398 6007 3405 7095 9502 175 8345 6227 2244 9861 8853 7777 3345 286 971 5709 2468 4898
9551 5394 2650 6973 9970 2897 4036 3809 7662 2596 5538 3852 9729 5954 2384 2118 1533 4893 6804 2979 2349 712 8445 1307 3430 762 6944 4002 8971 8067 7356 2374 4401 1897 1544 1555 1847 6571 7447 7546 2791 183 363 827 6601 141 9154 4575 9667 0 5529 5969 616 7151 9478 6708 6332 2079 3046 4148 800 9057 4946 6597 384 3377 7457 7931 1629 1623 2169 3920 5363 9169 3317 8 9991 8072 3871 2859 3617 7096 840 883 1397 2583 6893 5594 2102 2283 3593 9606 9872 8499 1712 7231 3639 6535 3237 7177 5626 3162 7440 461 2869 2798 2440 4421 7264 6771 481 2432 1232 5152 7712 5301 573 3649 9827 6349 3632 1613 6123 797 7404 5380 4176 9326 328 6602 9294 1307 2899 2518 120 4397 3507 9667 4742 6412 9163 188 158 440 3048 9446 6919 2327 7077 6784
983 354 3582 8839 6869 3629 1824 227 3045 1426 896 7590 656 2006 3917 9944 7963 3683 2969 3711 4835 9554 2817 5859 8424 2484 3396 3028 7498 1982 4076 1615 9021 5382 2902 8737 5671 6873 5683 4812 1203 6351 2537 5747 8663 3066 7176 8341 6879 5529 0 335 6338 7907 8841 6187 6067 4169 8382 3842 2110 4389 6481 8422 3778 2909 9939 6608 5413 2076 9422 3744 638 7669 9704 6198 1904 8598 5250 6686 2509 402 2865 2238 3130 247 1944 8157 8234 8610 740 511 1532 8115 3895 5871 7851 5993 9029 3897 1916 6246 9341 8815 7393 7267 9653 3761 775 7727 8454 9423 2085 7676 8860 5140 4888 7043 3572 2205 3182 7988 5942 1921 5473 5897 6930 4905 3717 8206 7877 3690 4152 3946 2853 8703 2613 9518 6530 3146 4731 2984 2824 9066 4439 3228 5355 6097 7016 4062
5848 1746 9533 5507 4606 3510 9787 3876 5861 6368 4929 1134 7081 9930 4980 2223 2600 6271 6841 7262 4776 9637 8645 4256 9581 6381 7222 6976 9413 2026 2807 4409 356 6995 8182 8802 4104 9686 4815 4357 3846 140 7686 7697 1391 561 4764 7693 2670 5969 335 0 3061 9372 1283 163 8828 8706 2194 7929 7849 7551 8946 1677 6556 7757 7155 3504 1303 8301 1110 2675 4580 3070 8329 4645 2203 8600 897 239 6225 4174 2042 2601 5229 2867 3899 3155 8191 9974 304 34 1217 6700 5558 1368 4067 8268 8217 7200 6009 8427 3002 5666 9439 5019 4620 5005 6936 2629 211 3823 4502 4733 5685 615 6565 5707 5556 9433 8778 8179 4187 915 7991 3490 8409 1586 4385 56 8563 8575 71 6992 5139 440 5297 5393 3719 4238 791 4002 3540 8618 5459 3469 5672 1346 8054 1126
560 1938 9111 885 5947 694 2293 5884 9781 1449 7471 5715 9905 5097 6028 4665 3304 4628 9681 7330 3911 2558 7351 4980 7681 668 6614 7606 9121 2774 7333 5040 1522 1821 8552 7235 6144 9666 5544 3241 8668 9736 8916 4711 2614 3052 1427 2813 8050 616 6338 3061 0 6845 1233 9042 7251 6224 9488 2074 6390 698 4705 1377 9897 2565 299 3594 1004 5163 7347 2894 7215 4838 8643 5680 4568 9249 4788 1449 1764 5170 2114 9548 4601 589 5050 3992 8952 1962 8341 6990 734 8266 4236 7883 419 5297 4519 4215 1959 3143 8539 1608 5711 7218 8740 8513 3931 706 1881 1684 3206 5003 3218 6561 7092 5196 2220 920 3486 1263 1892 9943 2371 3376 7207 4119 7055 792 5096 6270 2006 4678 4119 8246 1770 7352 3434 4429 2852 4375 8737 9552 3676 4471 2067 8467 3691 6365
8900 5222 2271 4832 2597 2416 9506 2078 2964 7241 371 6663 1715 7166 3137 3168 3009 4578 2459 2520 107 4303 2500 7989 3559 2566 7566 7371 2242 4703 5632 5707 6558 8484 8956 3298 7060 3705 6960 5088 7280 8120 4178 5476 2421 5612 6963 3485 3403 7151 7907 9372 6845 0 8235 5128 5059 5717 2479 790 207 6720 4806 3862 5367 4874 7526 9083 1254 2266 3551 810 7480 9674 6352 1990 7386 8287 7404 8031 9367 5612 7610 4831 2988 574 9573 4136 6011 1288 3948 9737 1616 7041 2914 5364 3125 3069 1444 4361 1988 7954 951 4227 5617 925 95 3023 8594 4018 7017 8419 6564 3285 2131 5067 3544 5716 7628 6852 4706 407 3622 8696 4454 842 8183 2301 9495 6696 1743 4736 1173 5807 1034 9894 7714 1865 9198 6257 197 7262 1806 1306 3891 4034 6462 5615 877 5639
