300
0 8385 9582 6882 1378 8689 8349 4818 2825 5305 5810 8821 8486 1323 4743 2192 1404 4529 5683 3478 7399 3704 2348 5878 6953 14 1805 4586 1403 700 3641 5871 6759 476 6977 3833 5833 5227 9872 8837 6007 3958 9628 6652 8379 4147 8162 7928 2392 1828 8880 6454 9792 6590 4454 1483 5702 916 6667 8254 2280 4040 924 2177 1976 2866 9830 7342 6442 7364 1837 9675 4611 1989 4893 2709 1243 2684 7989 5344 5907 1847 3978 6554 353 8969 5544 9811 4377 9186 2969 5580 3957 3343 4444 8293 6608 1040 4900 5590 6249 9719 336 3786 863 1589 621 1832 6639 6383 6296 2169 2381 8513 396 7639 3633 8591 4255 8377 2651 8652 976 6601 3020 7801 1358 5464 8498 4531 3080 4490 49 3286 8319 9209 3414 1668 826 2947 7469 2823 2468 7665 5073 3233 4501 3682 9616 3539 7480 500 3323 5378 4456 7482 623 4576 8611 5804 3184 8301 7476 3813 5746 3051 5800 6150 1623 1515 5495 3569 1874 3671 4541 9512 1208 2148 7731 2560 3610 5378 4420 3731 9134 422 1014 6304 1399 2267 3093 8011 2486 6815 9323 3133 8687 2300 1317 3836 8784 6236 7933 6218 4530 32 2515 7309 5145 9737 7396 5542 3860 3879 7989 7113 2355 7958 2063 7841 3424 6820 2005 6571 5049 2596 4181 5479 6829 4110 560 4302 2897 2855 5039 8874 5235 4933 9124 8299 9632 6032 2134 49 4654 8112 6830 3364 6892 1499 2084 2572 3219 105 2825 8129 2516 4079 4785 2243 3986 3097 9967 2020 3530 5480 2415 407 7312 2358 5915 8654 822 4343 5558 4771 8619 895 1776 390 7426 3285 4050 4339 1673 9203 1958 5590 9370 8465 9489 2667 6993 8408 1346 8365 7081 2840 7981 8557
8385 0 7240 4557 7628 6221 5154 9127 1309 680 1597 9969 9521 4684 9754 2963 7631 2884 1070 3892 6677 6291 1169 6090 7836 4106 5195 5472 5999 4754 3814 8532 1120 3807 8432 1815 6256 9291 1763 1865 6507 2015 7788 722 127 6174 917 3776 5961 8396 9191 8054 8837 6247 5382 4648 3402 3184 114 6685 7523 6642 4937 2753 2268 1728 5971 4618 6275 4149 5265 5515 341 6942 2023 1216 5970 5352 3924 925 1367 5532 9342 6813 5514 224 299 6098 8508 8629 9154 8674 8264 2977 3497 7779 113 3893 2074 7410 7258 792 4206 4661 5743 1155 8977 8147 652 9374 1029 1489 6575 9990 9218 9556 170 7720 2403 344 2913 1308 5980 1131 7177 6846 6463 5636 2911 5346 2469 1983 3223 9711 8949 8037 749 253 861 3189 8401 3001 681 5783 6036 249 2680 2392 1435 3213 4411 1279 9852 2366 8734 8382 176 9550 7512 2352 4077 3433 1350 7830 2108 5316 6705 1569 8903 338 1639 8097 3019 8649 5145 273 7203 1365 5972 2390 1737 8814 3632 8970 1480 6206 3380 6957 1505 6649 7958 4978 271 7611 182 8642 6993 8367 4740 2681 2727 5477 1025 2373 6980 5551 587 7204 1510 5070 8740 5717 4237 3846 2946 6229 5729 9363 8046 4584 4525 7777 7151 8893 6756 9462 7849 1421 9234 4895 5120 7045 3509 3416 9007 9980 5159 324 5390 8848 8683 8604 6670 5794 8649 9312 1174 5581 6351 5633 8099 1938 1991 3251 7053 917 366 7756 5868 7802 5081 6627 3752 3452 5733 5992 5797 1793 5622 2112 7172 5898 3870 4552 8372 1733 6955 1450 1561 1080 668 52 2644 8833 4277 2170 7807 2393 3104 8304 3750 2872 4568 7347 3203 898 5902 4142 4560 1642
9582 7240 0 6214 8506 4620 7590 5371 6299 6841 3685 1945 100 883 3032 7984 8971 959 4913 4586 2067 9579 8993 74 6473 4958 3175 2385 468 4323 4256 7009 3729 9834 9651 8877 213 3631 6392 3176 3573 4245 322 7450 1291 5659 1372 5474 712 3263 7664 2196 6168 2031 8612 3498 4636 1271 3704 616 9508 7650 837 3007 2957 458 5529 1204 4565 8066 6097 971 1426 4455 7430 3859 7511 9299 7837 5374 1239 570 9614 7490 9515 3048 8079 2762 7203 4878 2612 4994 5414 2997 7773 7700 248 3534 1967 3888 5588 5505 6475 7999 6475 2289 918 8052 3083 2384 9237 616 6614 4848 261 8521 7704 6096 3038 4712 6219 8692 9658 9989 8931 9926 6463 1590 4347 3652 8272 9118 2024 4841 2604 1010 2 6463 5952 9908 209 789 2128 9988 3567 3218 3189 4410 5562 3246 4635 6032 7700 7033 2879 3688 1815 9227 2628 9107 7141 4279 7053 1327 6669 2510 8021 1548 4389 7738 9511 6042 9465 3180 2052 4685 2504 694 7493 6340 1495 3457 310 3111 3691 3637 1315 2549 3341 5949 6722 414 7189 5445 484 7833 1771 3698 3617 9733 747 2793 244 5789 5986 6668 5211 9163 8512 1364 2247 1690 4051 6233 8361 8186 2368 6618 591 3737 5531 4215 7675 3589 6079 8924 1075 2735 8049 6793 3901 1562 319 3310 7852 1833 6099 2914 29 8045 4407 5452 2884 3679 2977 3099 2603 6950 4089 8163 935 9299 6467 501 2010 9676 5709 5915 6327 3286 5212 8670 8418 8965 3890 494 2168 3603 5947 8287 5584 9337 1675 1318 7231 7580 2641 9125 2911 4369 2549 2572 1200 7224 5642 6954 5543 2523 2786 3913 497 5822 4311 5340 241 8614 6568 4926 4022 7676
6882 4557 6214 0 405 3311 7597 6361 1621 5879 6888 9379 594 4936 6538 6114 9260 1122 987 86 4152 4611 1163 7970 5072 8520 4178 3123 41 8836 5704 5680 163 4167 3536 5558 3570 4408 3177 3840 3640 2532 5895 7228 5075 69 6444 5852 3648 4695 719 3587 1403 1298 3611 3789 5269 3677 1065 162 6869 2831 7491 6965 4931 7582 7953 4804 4786 5353 5944 4629 3720 7606 8301 8585 4919 1883 1495 3346 791 9438 5488 776 6463 1189 6812 1895 6556 6140 8386 3163 1043 9456 8153 5304 6957 9030 205 3707 1152 9754 7008 1937 5246 9049 7705 155 4013 7454 116 71 3023 8153 8408 609 4158 7482 6248 2179 7372 3147 5897 654 6127 6018 38 750 9597 5649 5805 319 4047 624 9482 4662 9202 4416 735 8276 3349 6761 7626 1927 2034 2716 6535 3257 7622 9234 1184 4023 9622 3959 3442 3176 1174 8153 6536 6824 256 4249 6506 2822 2637 3916 8353 2763 2781 7131 8960 1916 8960 1456 5027 9390 9642 9014 9628 4994 6284 9892 5717 36 3418 5482 7075 6341 7731 490 6496 6174 7111 2600 6670 1599 3888 7215 4329 1181 8023 6103 7911 9814 424 4152 4703 4306 9523 5072 8322 4408 182 4255 3031 4936 2992 8604 5717 2046 5727 7360 2705 1891 1099 8336 3291 5735 2796 9666 7857 823 2252 3913 9049 1180 4077 7500 8203 6988 6406 5259 8062 2542 4258 8235 5375 2578 1296 1666 3211 7588 6457 3034 2680 6358 2287 3337 2877 3553 1825 286 3034 1163 3489 5889 7197 5735 4068 4748 8896 1300 5207 893 3064 4414 8708 6988 1640 2828 4814 3906 2715 5325 683 7181 6344 7075 7045 4194 6152 4314 4520 8827 1523 5007 585 6946 5839 3853
1378 7628 8506 405 0 4062 2304 9634 1589 9428 2088 2847 8430 8657 3147 9396 6951 6100 6924 1793 6271 2611 2294 7933 6652 5309 7930 9132 6200 9463 7529 4651 6215 2005 9064 57 381 5747 556 9652 5555 362 6816 785 1113 8853 7975 3976 6388 1807 9924 3133 285 1372 9323 2455 8928 8128 3540 2810 5848 6662 2174 5328 4591 2828 3835 5389 3036 4346 6971 3987 4830 3034 2888 8040 557 2022 4876 8805 8686 7104 2802 2239 4134 4381 7695 1437 3788 1170 2715 9439 8404 9257 2219 1675 2176 7893 4170 7111 9554 7603 7528 8089 8804 5699 9807 605 4455 8186 5286 2858 6033 3118 8528 8299 5602 7644 416 5994 525 6092 6733 4367 4149 1080 4356 4927 2424 31 2105 7590 950 4206 7216 6996 6808 2239 8231 9329 4466 7267 4167 3581 3284 2374 8931 3615 6387 1532 1965 1260 7385 169 8170 8074 9418 9494 7104 7027 3369 8218 3443 3051 6545 3914 7210 4889 5109 6609 4548 5490 6777 7106 2319 9901 4640 5443 6653 7399 7245 3874 9420 4941 3296 2157 5202 3517 137 2406 6049 3543 1717 6588 6028 835 2261 8524 7111 9143 6197 50 5924 1473 1499 547 7886 614 9319 9868 5247 265 3640 5255 4189 5366 278 7007 6883 6988 1591 2898 3842 784 748 6112 5486 9197 522 7869 7374 3026 8744 9416 4595 5958 8254 1497 6818 1365 8199 7340 6094 5828 548 2270 1863 9534 9713 9397 8723 2850 5925 2988 7107 4980 2558 3879 7244 5915 2643 3301 782 1930 2381 2070 3192 1641 3006 3790 317 6487 7117 7608 9758 4474 9136 2249 7819 3198 7974 9102 7062 3121 3761 2108 1248 3015 6399 3462 7167 5056 7636 4473 8833 6062 1154 1619 560 7952
8689 6221 4620 3311 4062 0 2207 2776 1064 5488 6325 6195 1016 7944 1705 7393 2996 2116 4376 1588 6631 8282 9495 2027 7659 320 1194 7974 3144 7632 7026 7757 7216 9307 623 5998 7330 4141 9748 2105 3573 8017 5502 7902 8690 4696 462 9518 4240 8760 3504 4097 3751 7719 4978 5680 9786 9794 387 2972 3879 3807 2253 9907 3992 2202 3951 5076 3844 9250 2169 4540 8851 6815 5808 5214 5582 6651 2293 1328 3041 3735 7886 5442 2816 2569 3492 1256 6569 7786 4908 9012 6213 4878 6028 9313 1482 5545 5948 650 2795 4012 9923 8369 5261 910 6756 7294 804 3869 4052 7935 213 541 1896 3777 7366 5248 8518 8247 7661 1893 2816 9725 2301 3230 4152 6673 8468 822 5187 6741 4804 4793 1059 1561 631 4369 1696 234 5489 6062 6613 5846 395 9834 6079 2475 1594 1246 9140 8713 6696 1088 9879 9069 6672 6819 3195 1493 8220 5303 2885 4070 4037 6599 413 5236 8878 3352 9377 6396 3155 7729 597 3629 22 1613 372 5015 9780 523 5945 1458 901 3999 8690 260 8524 9681 7369 7015 5963 4751 2391 8491 6975 2453 9400 5946 2055 5911 8425 8969 8054 4108 6651 4578 10 7517 4108 2319 9672 1067 6949 6869 6308 5355 2863 2883 8164 4440 3121 5364 5809 196 262 9443 6983 9651 6713 8348 7839 6488 262 4485 6465 3553 1585 1843 6621 1913 4875 6122 6083 1479 8572 1907 7732 2531 9649 4675 9916 4305 4103 5049 8165 8322 1381 3915 5404 8529 2564 4154 8546 820 7406 9102 2970 9979 936 1620 2045 6072 1383 9583 7009 9522 5433 1424 4684 6309 7006 4357 7022 2144 8623 2214 6506 5405 8295 8791 3912 4834 7323 8309 2401 8042 9942 7625
8349 5154 7590 7597 2304 2207 0 5450 5497 8430 2305 3967 2157 8200 8627 8092 8828 6028 4236 2798 8532 2575 1884 7945 2179 7435 2906 4132 3056 5625 6798 898 3134 6122 261 1675 8427 3525 5442 3120 7004 1141 9279 1447 879 8413 2457 9192 722 4468 8827 5078 5476 4271 3267 8848 799 1245 1262 6610 2268 4532 1330 8940 3907 4224 520 8428 5959 7176 4511 7286 7535 7342 1193 4676 4339 5992 4382 4687 5589 2256 5031 3743 7404 6023 9159 7849 8508 3072 4526 7841 9578 6363 5557 6737 8088 4645 4014 1295 6010 5053 3302 493 1243 5834 9160 4142 590 554 1560 741 9036 9740 3092 931 7242 603 4296 6008 284 2764 651 8289 9278 6274 2629 5230 8787 660 3958 7989 4067 5387 4855 7904 3167 165 8771 4301 8945 6458 3577 4206 4129 5390 1508 7077 6574 9527 7815 7348 1424 1418 5436 9742 4825 9096 931 5487 961 3255 6283 1053 4612 367 5537 9145 5459 8037 5490 317 514 9810 6736 4111 4357 7383 2188 7303 7830 7189 7180 240 1633 7899 5266 8670 8433 9749 2075 2364 358 127 5712 8471 4325 3426 5412 5902 9929 3955 6488 5805 6727 3729 8920 520 4615 180 3479 9449 2524 2906 6933 9940 3327 853 2333 6831 984 355 6829 7053 742 3236 2961 7167 5837 9980 223 6495 4377 1098 3615 7841 8852 9066 6090 2724 2202 6885 8256 4829 4734 6566 2106 5258 2376 8780 8373 3733 8371 8544 7107 6065 377 9638 196 5384 9851 4597 4818 4620 8767 4830 9410 3127 3374 3742 5168 2329 1568 8679 440 8666 2686 2054 7509 9650 5061 3907 1282 8105 6112 2124 9653 6818 4511 4758 9492 3977 9085 3777 6031 4620 8385 8768 442 5282
4818 9127 5371 6361 9634 2776 5450 0 7110 5033 5299 3027 2743 8347 4639 6560 2266 1275 7006 5816 3132 6184 8539 2354 552 8576 5781 7809 6074 4894 8992 801 9849 2528 4837 5946 2555 838 2652 4370 5989 9629 3247 7798 5052 756 5142 7952 5715 2993 2696 896 9784 9197 2256 3097 85 4214 8500 2198 3785 5083 8336 5825 3558 5031 8779 3366 953 9829 3628 3173 5141 3517 693 1290 6271 4454 2466 2079 195 7357 2077 6186 1537 7208 8686 1988 2442 9339 3292 4547 7217 4719 9743 9928 1487 4240 3797 5514 8355 8409 8910 4800 1043 9520 3403 1193 3328 5473 5013 7148 5975 9716 9825 9462 5672 2260 9437 4641 4823 8279 2325 632 5593 2202 9947 4959 3356 4618 7919 9444 107 99 7777 4968 6786 7470 4020 1635 8861 5904 6070 6665 7512 6479 7890 9478 2341 3397 9963 7348 3047 7485 1086 2359 3997 7040 5911 8192 4582 8126 2541 6530 2979 9737 8936 9526 2633 6761 4834 4022 5306 114 9282 8519 9622 394 1668 5145 1810 3842 4728 3548 9123 1214 6913 2342 3540 9849 1935 3519 6739 9262 3094 9749 1170 7841 3087 1115 679 6322 7050 9880 1393 4229 9526 3233 4048 3771 7958 4166 5441 2691 2609 5356 2360 6485 7829 5015 9187 6397 6979 1066 6416 3789 7487 7477 6929 7512 6544 1121 6419 1126 7602 566 2763 7140 7048 569 7972 8970 8436 8957 2229 4428 7249 937 7860 5674 2350 4626 9441 4312 5067 9452 9516 9274 6840 3673 6766 9162 2506 374 9090 6039 335 5121 6752 4026 1550 9093 6607 6316 8296 762 5705 1330 9015 3085 5613 9148 227 295 6192 5864 4489 8179 3640 4024 2251 266 3958 5622 7164 529 7084 5842 2981 83
2825 1309 6299 1621 1589 1064 5497 7110 0 2046 316 493 1408 6004 9159 5025 4462 9150 6446 1993 7327 7129 5380 6207 3691 6844 609 4285 4200 3933 994 3919 1362 2751 9916 7084 6734 9898 2112 3921 848 9205 8558 219 5862 9395 3472 355 4390 3572 3466 6451 3043 7329 4392 8141 1233 4210 6415 6209 9485 2160 5213 1107 8487 545 311 37 4498 4272 3653 9845 8877 822 9333 3910 7861 824 884 8799 1453 4992 3784 4668 4154 9739 7880 5545 3815 1019 1729 9448 5361 3018 8910 9739 7278 6587 6143 1988 5304 6998 1160 8058 9441 6970 2914 2730 9443 9416 7117 1306 9282 4461 8205 2285 9112 4513 8293 2361 5342 8698 4140 7506 1858 6803 4638 2095 9408 7194 8039 992 4117 5657 9696 5504 8705 7800 2352 564 1982 1742 3462 1626 8364 6988 1685 9961 2519 2386 5099 1034 4935 5797 5525 9570 3685 4917 6738 3958 720 4360 610 7455 4002 9749 9398 6980 1190 2966 3430 9090 7759 554 7195 1832 8083 4441 5775 7683 4372 8686 4022 7117 3984 7728 5482 8132 8351 3152 7994 2883 1495 3735 6841 1056 3137 9628 7438 4193 4288 8742 5442 5567 741 8492 4412 2568 2633 3670 8283 3297 7191 4037 7920 95 8388 8553 8454 7371 8722 9591 1788 2981 1271 119 9413 129 2103 3682 7238 3883 3237 4619 6974 7458 7361 2013 8943 4451 8824 5845 2998 1496 9447 3191 7694 1816 9769 4245 5053 2104 968 9946 760 6358 3892 2816 258 9859 3187 9896 9533 1760 8341 2178 1185 9420 6342 5067 5931 8213 2714 3181 4386 946 6932 2184 1430 3361 2887 4569 3953 1870 6486 5559 3995 5362 6398 3082 3394 6393 4438 5049 8460 7687 1098 9910 6060 5330
5305 680 6841 5879 9428 5488 8430 5033 2046 0 8124 4116 3545 7987 4378 3316 8679 8582 3968 3026 9439 7334 4673 4832 6501 3888 4140 1538 8108 6412 2337 4745 5026 1255 2710 6312 8286 6267 1060 7841 2807 3312 4974 9055 4923 6819 4210 2515 3960 6050 1412 2154 4711 6991 9448 9920 3688 9004 9553 7789 2408 423 6005 3769 5607 2733 5884 270 2934 4462 418 8797 7092 6748 7011 9132 8825 2662 9020 9670 859 5892 6091 3110 7383 1755 9747 4894 5219 4045 35 5508 7569 3272 3476 6077 3953 6333 290 293 4135 9289 6426 4005 1123 7409 706 2592 5882 9149 5635 2426 9176 8020 7539 7861 1801 0 1568 9470 3381 4688 8385 1697 8382 9346 5507 4855 1881 4130 4251 525 28 4858 583 8987 8528 6547 9082 9743 7345 53 9704 616 6071 5991 8195 6031 1888 7052 1550 5828 2407 6408 1454 2743 621 1015 4336 5106 2641 9135 8418 9426 6441 1874 1266 9199 8674 3690 701 4104 5502 8735 6263 6771 6063 1582 3399 5215 8654 4906 2933 894 2812 2627 9778 4705 8801 8998 7503 455 8941 4024 3139 2978 9144 9697 1334 7468 2389 2818 948 4959 4 5370 628 8348 3771 2960 3560 8228 6325 6918 109 2891 6063 8664 9631 1882 3732 7714 6349 3416 8746 8664 6209 5680 5168 5356 3886 4292 1918 7302 5242 542 9864 2468 3243 7801 7446 3025 6609 7756 3834 9005 9928 2827 700 8252 9685 5306 3033 2440 3723 2006 8404 9579 9129 8750 9525 9441 1014 9299 2718 2518 1281 1276 7426 3006 6721 4993 967 9319 3020 2990 545 6537 813 4504 5028 7413 1117 5822 1327 4369 9572 2774 8733 8469 3248 3684 7723 3314 4738 3759 7564 378 2308 4711
5810 1597 3685 6888 2088 6325 2305 5299 316 8124 0 9736 4713 2095 1263 819 2668 3236 776 276 5398 8627 9753 1877 7176 6505 9515 7512 6188 7587 6840 7045 2548 5591 4942 5146 9490 4910 8047 1554 8563 2260 6482 4712 8238 8151 826 5684 7489 8835 1902 5133 8535 222 8093 8869 6575 4469 331 5957 442 667 6427 1954 855 4807 7470 7178 7231 5523 2827 1937 6380 3433 6561 9112 7416 7535 7755 2883 8312 7138 6235 1801 3412 404 8858 6080 3585 5434 7568 7335 6671 1398 7600 1460 7662 1978 5343 2614 9229 8659 1166 7590 1812 6513 5628 3477 596 5117 6706 1462 1601 8329 9271 388 3679 3518 5148 5551 7830 1805 1587 856 6076 7841 423 6344 5203 7089 2004 6307 1151 8939 4240 3489 6754 1674 34 4416 3654 6517 2141 7151 3572 2625 8628 7620 7893 3104 351 1075 2931 2952 6517 3699 6044 9275 399 4941 7726 9959 1372 6413 1024 8141 6666 1901 3194 5553 3786 2932 7642 1219 1240 4254 9555 236 597 5744 9967 4083 3717 9794 5529 7072 2812 6125 6240 5861 9403 4945 5861 4179 3057 4203 6131 9497 3505 504 6616 470 1153 1444 6346 7056 7211 6563 6046 4275 9611 5587 9798 3550 6275 1792 7592 9802 1748 3795 7143 912 1726 1329 7589 8034 3335 1545 8439 8768 8632 9973 9882 4907 2683 9485 6467 3547 9331 7113 6465 286 3647 4518 2083 722 3573 4167 2588 3849 6441 7850 1219 3145 7862 6051 7606 5187 3534 5821 616 3799 8347 9929 3602 3437 6554 4067 8884 2161 5394 6507 4325 4705 6902 2823 9008 3256 4168 1797 3754 8858 7941 6262 7570 8326 9470 5208 4678 4743 8596 2579 2793 793 1909 9184 75 5714 4736 1259
8821 9969 1945 9379 2847 6195 3967 3027 493 4116 9736 0 1075 9968 8367 6974 9888 4073 1717 8539 5495 2754 9454 692 9520 3277 9982 9298 2000 5877 4803 4116 7969 238 6195 9621 6486 5658 3264 5007 378 9838 9072 9442 9835 935 3985 7020 7236 3492 9935 3259 6884 4304 4539 9505 7309 6164 3650 506 7429 5192 5895 3543 7885 3086 4351 2895 4893 4956 6127 5248 2683 3866 8140 5934 3897 5855 5136 7361 8391 3336 1389 8892 9313 5479 2286 6352 3511 7245 1003 1006 8960 7656 2345 3191 5943 7216 924 893 7969 1444 3234 1723 8271 1424 5101 1995 3064 4981 912 3075 9096 8276 7968 5598 9221 6723 5658 7484 2177 1691 747 376 6908 4800 2960 5538 1213 5935 3788 2624 9683 6208 2833 5387 8060 9960 1463 5811 997 3380 910 1092 1149 5313 3619 108 4836 2845 4121 1559 4864 9231 9074 2772 266 8406 9492 6230 2965 1763 324 9800 930 7147 6192 4325 6870 8431 1256 6552 1365 3185 468 5567 6582 8077 5179 9065 1009 1097 9356 5346 732 2988 3532 824 4304 3867 2970 9020 9082 6169 676 9525 7476 3817 710 2622 4450 4175 7638 4699 3956 6451 375 5610 1307 3021 1241 9228 6050 8008 3938 9678 2807 3385 7128 567 4004 9193 648 233 671 7680 7681 5198 9036 363 6296 2756 9931 9131 3345 1506 3676 1467 8096 5423 5942 4445 9650 3178 8775 7428 1826 8388 5083 9723 7731 4179 1837 1483 6067 6699 8032 6742 7644 7063 2234 1969 8091 2878 8782 9572 6699 6856 1990 2864 1996 6443 7251 3679 9234 8875 483 1779 5893 2253 5181 8573 6665 9232 5548 2292 2722 1458 2711 313 8561 4640 6800 5023 2809 680 7793 5580 8555 3976
8486 9521 100 594 8430 1016 2157 2743 1408 3545 4713 1075 0 4835 5174 5187 9029 1524 1552 394 7207 8175 1555 8840 602 6172 9252 1309 8298 6474 6314 5681 1120 8219 9679 638 8820 9267 6125 1075 26 9820 1055 2993 8754 5981 8468 9634 4710 6772 4620 4793 5673 2781 9662 5199 1206 8004 2724 5731 2850 8609 5244 258 8970 6481 8537 8444 7451 3839 759 407 1269 8905 2458 9164 2232 6788 1172 2714 701 9188 799 2225 212 3427 1530 6552 3059 4113 5513 5332 8942 64 7070 3306 7034 5228 1454 8997 1763 7111 3760 8131 5857 2861 6634 6396 536 4153 3080 2588 6526 6023 8527 5788 7974 2375 4445 2714 7284 2657 4954 5957 8109 1233 8109 6746 6096 9347 9821 6218 5044 1297 9804 4343 6457 8658 9067 775 9333 4085 3551 1681 9810 4613 7134 3110 6209 1781 1493 7880 7874 8227 2372 5968 9196 9331 3968 7045 399 8870 7180 8181 1089 8336 6751 8686 542 6420 9848 516 3517 9272 9425 6758 9992 2708 4732 5846 7411 1045 1849 6362 3182 9895 3683 9531 9813 9945 2451 1212 6137 1272 7532 5699 3804 3269 9169 1505 2374 9419 8653 6894 3979 2958 9779 6564 1065 4772 3020 8280 1730 4659 1421 742 4219 8826 8700 5247 9638 403 1758 9488 3808 4740 5664 3398 3070 4155 1818 9776 1702 269 8635 883 699 4451 8300 5350 1750 3808 8886 8521 2648 5606 9290 6572 3267 8397 2874 4124 6549 6295 6930 324 4770 6695 1877 5313 7404 3800 5822 2880 5666 2772 7629 1388 8839 1716 9879 2421 4463 3963 7170 1845 5395 3162 1396 9558 9418 8784 3264 3558 5928 1253 9358 992 3804 9737 5384 4723 7432 3299 1034 8191 7312 9546 9559 1654
1323 4684 883 4936 8657 7944 8200 8347 6004 7987 2095 9968 4835 0 7169 8780 3971 7499 9008 2311 218 7557 6389 9426 9674 8945 2177 2028 467 945 3979 9307 4050 7695 8862 172 4365 4256 5042 6773 5426 1944 408 9099 5297 8886 6582 9016 2834 8730 3566 8128 7491 262 3610 1172 5583 2223 1508 589 6141 2566 5403 2067 2619 3069 7971 15 435 8077 8799 3182 2276 8674 3860 9256 1019 5501 5025 5190 6554 2392 8127 7117 3119 6194 6204 1997 9718 3595 2365 8784 9861 2810 4613 5128 8494 1312 7979 7073 4247 3996 9727 1297 7707 111 7394 8352 4504 9784 9438 9911 579 2731 2694 7034 6788 427 9114 91 2800 2420 61 3049 124 8134 3528 8364 8853 3780 9087 112 5217 7630 8656 4805 1731 4034 5603 9813 5742 6488 8717 4731 6447 225 8056 4336 3454 1223 9908 2653 233 7822 2573 8622 7345 5527 9357 5970 9731 9562 180 898 9579 9822 4470 9480 8158 8612 1563 3006 7658 1151 4347 3399 2152 957 478 1909 5064 1485 1596 8058 1290 4566 3652 3358 2477 7744 1500 1101 9732 5572 8730 976 9167 1607 1074 2526 1047 6024 6198 5839 8494 1300 2174 5751 1062 1754 1713 6084 2431 6076 55 2040 8301 254 9009 5523 3426 604 7920 318 7793 2691 9754 7898 3273 2575 523 3072 2297 5188 7773 8074 3916 1366 5539 2888 5706 4758 1328 312 3294 8710 6470 5653 3976 110 5316 9345 4494 7425 9586 3614 6612 480 7674 6630 9032 1787 8865 8197 84 5784 9550 4629 7476 6165 8297 3249 3457 453 6040 2218 2347 565 4470 5859 7664 2492 1644 4658 4139 3619 3050 4771 5163 8680 1424 4836 5868 4940 2962 3204 1850 9619 7031 9882
4743 9754 3032 6538 3147 1705 8627 4639 9159 4378 1263 8367 5174 7169 0 9299 948 7952 2022 2433 2491 6518 7548 2148 3533 7398 2398 7848 1363 4888 6599 4978 6145 1115 6356 6978 4252 6120 7999 2047 9504 1597 5768 8091 4342 6051 4553 3542 4979 9982 4122 4392 4942 3530 6032 1385 6149 8613 1273 8566 4767 5745 2700 9864 5239 6342 7366 9045 9919 3198 7052 4212 3260 6829 3835 6498 5080 2593 2760 6401 6668 6206 9459 2559 4707 6522 3127 4745 232 6059 6343 6284 2537 7816 7045 3561 7316 4571 7546 2541 1490 3747 6561 1346 7346 3933 4979 3177 5154 103 3025 1209 4012 1254 3215 2210 7380 504 5788 1160 3455 388 7959 7915 118 6497 1939 4133 2667 2253 7189 8817 2602 2112 2135 9440 9890 4112 8161 3747 1653 6500 1846 9216 815 8996 9829 418 3656 357 6413 4572 2860 141 785 8270 5919 4228 3567 9638 8160 3631 4903 6347 1380 7401 9912 2513 2641 5834 3125 3086 5998 4734 7889 7820 9237 1023 4936 1171 2791 9153 1320 7522 4769 109 6037 6732 8931 4833 5417 5497 2381 1685 9093 7229 1064 8117 1270 2094 6858 8402 6608 846 6255 8306 5277 956 5861 4273 2339 8194 3435 4193 2746 9975 173 8964 4753 9850 3937 7715 1993 9641 942 7909 6730 3888 4420 5446 7910 6634 8005 1848 2934 3979 6135 4397 2521 2574 8967 9747 8968 2148 5807 5893 4177 5160 7304 1435 1843 9566 4190 3748 563 8869 4313 7412 9817 4348 5968 8452 1864 8853 2796 1422 7207 5681 9080 6847 4653 3403 8284 8403 443 5995 9525 5269 6309 2660 3249 2953 7618 6033 8661 8941 3080 1544 79 9165 9430 8136 7059 1306 7407 617 4893 6462 7091 4164
2192 2963 7984 6114 9396 7393 8092 6560 5025 3316 819 6974 5187 8780 9299 0 9283 9594 2389 4637 1086 9601 3927 5878 1886 1833 2158 9808 7601 1088 3493 1447 4530 1687 8024 4288 8537 9794 4493 5134 7023 6409 1639 3696 7567 8680 2205 5274 8875 8133 3814 6804 131 1701 9919 7968 5985 296 1789 5751 6235 4829 4650 935 4809 3996 3450 7908 9186 6187 534 7992 734 8995 8665 1504 1822 2785 2086 1578 7001 770 532 699 3807 1032 4404 8920 2056 1501 8385 5797 364 9112 932 4802 1452 980 6077 8854 1211 6483 9813 6930 3736 2379 381 4825 1541 7030 2333 8389 6254 9161 12 4752 5053 8658 7712 7035 2432 3120 5666 5206 8283 7537 4629 1912 2615 7588 2880 777 3706 568 2532 2733 3716 7625 7837 6295 9618 6663 1398 7773 4394 9169 6031 9205 5933 743 8802 9465 4626 2323 3281 1968 4624 686 6189 3884 6513 6293 9426 4404 6231 9596 2319 4509 3736 1260 5425 7314 7969 4527 4731 9570 1420 2309 2986 743 638 2647 8389 6728 9059 4523 7333 4252 6267 8283 4318 5557 2902 3343 5406 4503 8374 3295 6329 3089 8387 1766 8070 9086 1428 5547 2651 233 5423 7263 5200 1996 5728 7358 6250 4852 2 6693 9415 7294 4171 5334 3864 614 8471 6959 9023 2670 9498 7299 7578 4782 9776 5905 3500 2807 4243 8260 9285 6309 512 8586 1201 1848 8482 557 15 926 6459 9151 3674 4063 9243 9937 9607 8045 6826 2034 6078 5426 1592 8686 7815 4062 680 1713 1014 2209 9405 4139 2346 5525 4502 6174 5841 3387 9067 7424 287 2423 1562 2210 7319 3034 3931 497 2824 533 7018 431 4798 5070 89 4152 5993 9262 9951 4843 9600 3507
1404 7631 8971 9260 6951 2996 8828 2266 4462 8679 2668 9888 9029 3971 948 9283 0 8657 5840 6192 1175 2317 4055 1078 9078 160 7665 8743 7296 5338 7271 8493 3751 3159 9448 4726 750 5152 3987 6247 2488 6837 2869 2821 3075 3526 3055 1761 6154 912 5680 163 7327 6310 1285 3263 6314 1937 2741 8639 1022 9103 7517 5397 1260 4755 1352 8136 7857 5240 6406 999 6495 4161 9540 8333 6208 7467 7462 5706 3962 8221 9978 8137 6514 4350 6796 4658 9414 5258 5682 1242 6256 4520 1786 3900 9019 6440 2553 9396 9940 4553 7697 2780 4800 5905 497 1580 6768 3360 369 1932 7013 7024 2279 193 8853 8726 4698 8115 1102 2215 3415 6447 7920 7963 3633 3145 7 7642 293 1003 3902 1997 3553 570 9229 9166 644 6852 1155 4982 5773 7562 5513 2423 6678 5714 5060 6464 7592 1969 8821 438 2240 4100 891 7674 287 2283 8648 482 5575 3413 8881 1581 2988 9322 4477 6803 7337 8593 6834 2099 6215 1067 3495 8554 2047 365 2097 2283 9279 4609 1843 9000 2669 1352 2667 5632 3743 5655 7641 5694 9098 8902 3083 3773 7580 2708 7862 6601 1275 2972 2443 7919 6539 6422 6953 2549 2489 1814 5972 7021 7999 2855 7144 5461 139 6988 9799 4803 4428 5718 5190 541 3990 5682 8579 4114 3717 1501 7729 9151 5300 622 6629 7028 6661 8581 831 2486 7452 1901 2791 7336 6469 9031 8955 7789 9993 8880 8564 1840 4287 5609 543 9975 4458 5260 9042 2943 3609 6031 3270 9941 937 6230 5058 9485 7922 6969 8630 6930 3070 7514 6731 7487 4504 6284 610 8971 7275 8690 2700 6040 9574 4582 2367 8420 876 409 4678 7578 9649 1284 6248 5895 1903 6448
4529 2884 959 1122 6100 2116 6028 1275 9150 8582 3236 4073 1524 7499 7952 9594 8657 0 152 4034 5203 1891 1788 6112 8352 1913 5835 5709 8227 1892 895 928 6757 2063 7996 3217 9318 9630 7959 5220 4045 3642 5724 7623 8365 1579 7304 1312 3388 6455 1880 7099 6953 9863 9768 9120 5444 4252 233 1934 399 613 3637 3676 3370 3949 7035 8910 5710 2954 9831 7397 6343 3183 4558 2559 4525 7716 7364 8069 9617 4970 290 6123 4355 7074 1639 2447 3719 258 3121 5374 4367 7165 9945 1292 4835 4475 603 8113 9209 4131 7525 431 2812 8734 2628 6629 9701 8143 4335 758 887 2536 4606 4477 4245 4946 9639 3524 1015 4854 5613 6186 1160 9048 115 6462 1758 7286 7668 6736 7771 3471 909 1077 8776 6399 6163 3574 7823 7973 9946 3216 5419 3101 8954 2620 5715 284 8200 6484 3486 703 2049 1947 8428 4890 5106 4911 9260 8820 7447 6590 8718 5245 9169 5451 2757 4002 417 2278 1629 4344 9690 9032 5864 5268 5134 153 4382 1084 4199 4936 5880 3569 3832 6006 9548 7515 6546 4876 3849 775 5291 2427 3645 8848 231 3498 8795 4711 2448 8502 4027 1554 1025 3798 6171 9501 7428 2433 3313 3986 4102 2156 6475 3519 3132 9219 1682 8243 3781 23 1505 4853 7683 9682 3321 4025 3523 2517 9835 2381 6226 8428 1067 9307 2184 6546 510 8822 5021 5521 3613 2962 7026 5480 412 9763 1606 5481 39 444 9645 4237 4700 1321 5404 6430 2545 8334 3918 5588 8119 3792 1703 1467 8615 3149 6574 6913 8990 6206 9684 258 1961 3804 5598 7936 6157 2280 7669 8586 244 7190 4660 1427 8924 4619 8067 568 3228 9845 8913 8832 2678 5584 9972 8854
5683 1070 4913 987 6924 4376 4236 7006 6446 3968 776 1717 1552 9008 2022 2389 5840 152 0 8218 9801 5569 2122 5830 5160 1219 9946 1867 6400 832 8706 7908 4703 153 1293 9532 7403 192 2252 9854 8963 9758 4825 4246 2866 6205 7019 4368 2601 6993 3110 6275 1290 8718 1268 8553 9754 3486 9211 1928 8679 8901 660 5097 9474 3548 5216 8566 9822 1434 9097 6335 9932 5314 8733 638 4280 4669 691 8275 8228 3884 3949 8987 2076 2726 420 428 7198 6674 2917 9092 2959 2001 6436 7967 4462 5085 3131 3847 1068 9548 3086 4011 6643 537 3287 3738 1399 3661 6925 7625 1940 8423 4822 650 8598 1864 5136 5016 4185 198 2185 8297 7362 6860 6187 9376 1747 5345 4364 9717 8993 3169 1880 953 9543 2218 9299 9233 5406 2608 7359 1082 9017 2352 8839 1575 9149 2703 6470 1832 1682 1249 1075 6898 9882 9190 7039 9281 3832 2054 9023 5349 8795 7111 4574 8509 4820 4702 7069 7127 3711 1138 7735 75 5400 6728 7735 1793 7414 3228 7499 9429 4012 2803 4008 7289 7466 3163 1427 7883 3952 6556 2594 9226 1850 3406 7779 7334 3306 5345 8674 4025 7784 6074 7077 9688 1345 1008 5267 4909 2223 7796 4552 9802 9157 8769 6368 319 9105 3560 9908 1589 3109 6978 7180 1453 5839 2072 7248 556 2687 5480 3051 2843 1789 5375 7338 7712 9809 2606 1159 8029 6264 8235 444 1 951 5148 6155 6248 276 6340 6118 3480 7308 1729 6718 712 6827 443 3491 1349 3410 243 7079 6879 5450 1705 8406 9625 6955 8478 9351 7953 388 9221 5442 4195 2272 3530 713 3855 8338 1471 7720 6899 6422 294 2267 2507 7865 2048 8263 31 1238 7621 6134 2818
3478 3892 4586 86 1793 1588 2798 5816 1993 3026 276 8539 394 2311 2433 4637 6192 4034 8218 0 2637 9477 3535 9214 6764 7396 1815 2366 8373 2075 6052 9135 4625 5993 2938 7687 7092 5376 600 7614 8280 1074 7114 2544 8240 4289 514 6082 791 6272 8347 5161 3996 7362 7196 7927 6123 7825 5877 368 3163 2064 4888 1425 6788 6949 8458 6937 9688 655 2312 8946 3683 920 2589 3765 8944 9134 7399 8477 2172 5974 2347 5836 3057 6906 7009 2424 282 2731 1633 6982 6653 4345 776 2150 9889 4976 3869 8712 2796 739 117 6793 2974 2368 1318 6597 6992 9283 1578 8585 8916 4273 4327 2615 7496 8843 1131 3475 9085 280 2834 4476 6413 1208 1077 9653 8377 115 3201 7078 7162 5495 4442 9161 2624 8751 4091 6096 5288 230 2625 5597 1879 2036 8616 9282 4933 6467 2052 3474 8844 3022 3243 3109 6808 691 9857 2562 9289 2683 7071 4605 8431 5252 4871 461 5174 7089 4514 4146 7687 1081 47 6261 7064 4514 3727 31 5427 3653 5362 6428 3468 2395 8581 6442 5644 9727 5395 2246 3918 1035 3520 8807 1101 1189 1906 7770 8376 8685 201 6652 9050 3381 5475 6317 8948 5585 1922 7631 6826 437 1353 2928 2573 4538 5746 9186 8616 7701 6269 9397 9051 8681 5440 1220 110 1809 706 9128 1805 7841 2408 191 5890 2227 6889 3011 4471 813 4154 7351 1789 73 9234 8666 2917 5230 5086 5497 2017 5827 9579 1492 3780 9801 3605 4801 7334 4279 6738 7390 646 7657 7707 2589 4339 6152 4274 6245 3370 1247 7541 8914 6297 5793 3784 2779 894 8695 2814 8024 3653 7056 8164 2870 9024 3076 8299 3541 1913 9971 1794 274 1596 4361 4658 9625
7399 6677 2067 4152 6271 6631 8532 3132 7327 9439 5398 5495 7207 218 2491 1086 1175 5203 9801 2637 0 4422 3187 442 1042 9679 9786 3229 4149 9685 4694 9139 7133 8323 6170 6308 1003 2403 6538 8323 1893 2214 3278 4394 9556 4983 6541 1293 3725 9533 3024 5973 8145 5441 970 7635 6659 3615 4472 5903 3496 6993 2460 7370 5022 6395 9042 3849 758 6822 9446 3723 8435 5101 9702 2939 5073 6127 8898 7568 7164 7333 6879 323 878 5412 2706 7702 1341 9462 6616 56 2947 8838 823 8172 469 684 5173 6506 5572 4836 1972 8150 9703 1145 5819 8528 8878 5439 5360 7739 3948 8749 1186 7949 5750 8054 6420 7640 1277 4181 5810 6143 3973 7268 141 9378 1777 1705 594 4101 3101 8577 5115 6084 3192 3876 3046 3616 8784 4891 9683 4571 7603 8908 3369 8864 5896 8919 6069 1836 1353 5888 2589 7157 66 4306 9325 8279 5980 5981 9690 128 8757 2732 5596 5689 9846 6823 7917 1646 5363 3264 9187 4841 9040 9553 4193 6417 218 7813 3870 9413 6173 6119 4664 3300 8825 7614 2356 3685 3359 3749 525 673 7149 927 5306 8982 8728 5813 2116 8524 4587 2343 3739 2583 6355 3189 691 1306 5980 6077 978 2902 324 3330 6815 1131 6940 268 2025 8098 1892 4444 6086 4812 9734 4869 1182 6190 2610 4111 5619 453 8824 1230 6388 3410 5748 4559 3172 6772 9184 5604 8004 7996 946 5080 9073 2197 3790 1414 7460 773 8759 9744 2731 9004 2003 2587 6695 7908 4737 3666 96 6057 1377 3823 5655 169 4785 3130 2298 4330 1918 34 4884 5469 1435 3785 3049 2858 5659 9690 6245 3636 4304 3873 6488 9323 6930 3289 9257 6072 5075 8202 8470 7763
3704 6291 9579 4611 2611 8282 2575 6184 7129 7334 8627 2754 8175 7557 6518 9601 2317 1891 5569 9477 4422 0 1813 9324 956 2601 5379 3826 9976 1839 7206 9964 6497 4687 5946 128 6923 4837 1970 6149 900 4182 5568 9855 3628 5923 7817 9076 7638 1823 5230 669 9107 2739 8756 1826 6121 4113 9970 2654 2574 201 4501 4471 8951 7454 3572 7739 2283 1797 967 4125 862 1759 7750 1573 295 2241 5369 8706 4751 160 5335 9357 6590 1056 3767 1405 4201 7814 197 5615 7625 1066 7118 1101 4061 5832 5617 4688 431 8235 8673 3405 8705 7868 3134 8230 9171 8785 4047 4311 6162 7518 4726 5354 6775 7138 6108 9615 483 2998 5504 1503 8990 8544 695 4708 2584 6846 1038 5173 6413 9420 9283 2977 1970 7949 3031 4153 8106 1766 4920 5309 1923 7097 2613 7586 1006 4758 5553 9871 2129 4404 2516 241 6758 9930 9879 1932 5075 3520 4204 2344 7652 4756 5752 8176 7774 4564 1853 2044 2310 1901 1171 8340 5929 1063 2054 8879 2566 3040 2157 9613 6942 3022 1673 1785 1347 54 5132 6888 3013 36 2058 6593 1798 1054 1211 2149 3236 8239 5674 7081 9896 9160 5488 3808 834 6640 2721 2175 5186 8136 7903 5303 8961 5175 1125 1570 7128 638 3381 4932 1492 4355 2985 9808 2385 9007 8636 7009 4576 1445 6311 764 7749 154 3316 1685 7172 5578 7867 1240 3950 850 1979 9360 561 9519 5846 9591 4715 4586 4368 1766 2616 1249 6144 7963 8442 1407 3230 7031 5463 1977 433 1292 7002 5548 1923 2107 4663 67 3440 183 7560 618 3659 6880 3941 1651 5515 9580 5961 8820 4282 4816 1737 9876 7530 3697 8452 7487 6454 3816 6098 234 3468 9011
2348 1169 8993 1163 2294 9495 1884 8539 5380 4673 9753 9454 1555 6389 7548 3927 4055 1788 2122 3535 3187 1813 0 4964 5398 8618 3227 9510 4566 6389 6304 16 6570 6884 7859 1750 3248 5870 3305 5691 6713 7697 392 469 4836 429 6089 3637 9210 6454 4226 9092 3103 9027 7485 6600 9177 1058 5528 8129 1124 4324 4733 1824 6897 6009 6899 1920 3710 325 5508 1685 4298 5007 8290 872 6471 5253 7436 5512 6720 7791 7630 377 76 2189 4464 8869 1279 6532 9111 4512 9221 3434 9703 8255 7674 6156 8266 2318 7054 2364 6945 1990 7119 9839 1456 9792 2561 3061 1792 1620 2467 774 9765 7031 3150 177 6734 8357 7623 139 2240 826 7060 5 3268 4347 5575 1923 6162 9722 5877 1014 2724 8484 2700 5155 85 6592 6793 3126 270 1313 5524 7491 5068 2754 1580 9272 8836 1673 8907 3507 2308 6109 7396 6503 1675 9318 7388 5901 4273 283 1093 7401 5542 8714 4933 2622 7368 7671 2084 9073 1510 7558 888 6855 6840 508 2390 5719 9508 7306 9864 3492 9425 8007 4928 4946 1894 5968 6932 9943 4429 5962 5041 9417 7933 5368 9424 4284 9663 7160 6100 4818 200 6828 5984 3784 9553 1728 582 6882 9019 7630 4344 762 1048 4411 4883 2874 5651 3983 4723 5037 7068 6401 6874 7804 6343 4966 1099 9156 17 327 4635 6384 7893 8802 2838 9358 540 5178 3555 8842 4271 7592 57 2213 6658 8360 861 4891 2783 6200 1839 8648 9264 4850 8924 3982 4049 8670 1929 2306 8389 5212 6036 1064 5578 5774 2470 1113 2850 7256 2950 3574 2944 7678 7213 7409 6926 1413 8416 5277 4561 7148 8544 2098 9772 9217 834 6081 593 2525 9934 3092 6902 7759
5878 6090 74 7970 7933 2027 7945 2354 6207 4832 1877 692 8840 9426 2148 5878 1078 6112 5830 9214 442 9324 4964 0 2181 9545 3273 6305 4757 7730 4065 7005 2019 5054 3031 9506 405 7830 3935 1631 2025 5842 4025 3150 2633 4496 4176 2103 4414 9520 8442 3299 1480 8594 3236 6415 6947 6093 4691 4433 1163 7746 5399 1230 5390 4976 6667 8881 6783 3834 6092 9885 4267 272 4757 9207 7123 9553 1622 7478 8460 4999 4444 5214 57 6697 4581 7398 8469 4840 5580 2644 4196 3482 3219 6387 8524 5242 7399 1620 9279 1956 5818 6387 9575 6795 8550 8459 4035 8622 2233 1133 7261 8653 7318 2413 2440 6995 122 471 6504 1635 5373 148 9154 2136 4520 45 8145 9771 2442 9516 361 6146 5577 2060 5514 2014 2113 6722 8178 8696 732 6092 7562 2801 5448 7999 9470 6277 7522 1208 5232 5456 1602 2823 2266 1498 9214 6162 4600 6843 114 8442 9018 7083 8719 3154 9682 4368 4962 6687 1394 1542 8980 9864 5053 8962 1799 8076 2378 4750 1251 1994 6733 665 202 4453 6087 6905 1363 3662 961 1116 9692 1847 2227 44 1169 2304 4017 2641 3368 1003 3458 2710 5846 9596 3631 9301 2076 7388 9299 498 5795 5635 2793 7958 2037 7225 1577 6227 5463 9439 8193 5095 1348 5216 5964 9143 5607 2509 3370 7905 9506 1598 3029 817 7254 2674 9547 7293 2824 5425 1683 1875 3304 4270 8220 8072 6295 3995 2376 1727 2295 9705 7205 7775 4286 2518 9144 1163 1233 2608 4826 9515 8818 7524 1449 6056 349 8065 232 4741 2332 8284 2931 4144 1453 2811 1425 3772 6799 8114 1010 8964 8546 5266 7639 2505 7109 1989 4156 6074 2883 8371 289 3491 8500 5581
6953 7836 6473 5072 6652 7659 2179 552 3691 6501 7176 9520 602 9674 3533 1886 9078 8352 5160 6764 1042 956 5398 2181 0 4430 946 8003 7074 5856 326 6020 1285 8612 935 5054 4467 8117 8837 4536 3927 8470 5368 7838 4476 7667 1243 2366 9760 7379 5426 3774 5711 1773 7243 1597 6749 2724 2378 6656 4595 788 6039 6089 4572 7258 6157 1261 7576 5029 4962 395 6022 7078 3185 3962 921 9876 3360 568 7402 4429 8400 824 6257 2277 7959 8137 8136 4508 5447 2723 5321 7107 3978 7136 137 2935 5823 4992 7214 5118 935 9142 3927 2603 696 3042 873 4227 161 8145 1391 9383 8096 4231 6591 174 4673 7179 6528 7282 3003 6986 9685 3521 8969 8505 6908 707 7960 3473 4359 9209 1970 1725 9992 5048 6548 7175 4227 2060 1730 1544 8675 2651 5939 5270 3598 8932 3225 5736 7677 7566 7681 1841 1373 5338 7810 584 7947 9611 1657 6571 8238 3769 1103 8097 4979 6137 6535 8610 1395 6708 6852 3323 3432 3216 4570 2713 4599 3323 761 315 391 2098 3574 629 7408 8518 444 139 8465 6999 7129 1510 1438 4286 9552 6684 5587 2263 5406 6552 7626 6802 3624 7821 5169 6015 5225 855 8394 4253 4022 6518 379 3694 2630 5643 6890 6760 5982 7993 3474 2038 593 7009 813 9588 4913 7389 3581 1769 5700 9927 9645 741 3640 5278 3168 154 7352 8105 8955 7224 9554 7624 6936 1686 6015 9704 3649 7778 962 4504 7588 1802 9952 506 1811 3603 4997 6495 409 62 6061 181 6354 6200 6503 7878 536 3941 1271 4031 9422 5579 6977 5630 4833 1394 2474 4764 2348 1160 6121 5360 778 1284 8415 691 2480 9584 5549 8954 4002 3501 2840 4473
14 4106 4958 8520 5309 320 7435 8576 6844 3888 6505 3277 6172 8945 7398 1833 160 1913 1219 7396 9679 2601 8618 9545 4430 0 3831 4423 9516 1348 3057 9297 6666 3525 9420 7890 666 8881 7117 2685 3887 8114 5280 8520 2506 8838 7886 1940 194 3258 942 4236 2958 7907 1863 8848 5879 474 4721 2076 1254 2682 5731 8065 2962 9915 6916 7809 2090 4925 6094 8654 3627 4737 2628 5813 7267 9770 5338 279 5376 1788 4794 148 1121 9809 6014 6601 474 5006 1413 9020 1684 8431 3241 6012 8535 2050 1081 1632 2773 610 7312 107 1889 2575 6981 2067 7962 2404 4253 7583 5363 3111 3555 2153 7451 7106 3860 9943 3321 3354 5497 8895 9380 6159 7216 6227 6526 7171 3932 8371 1869 5744 7103 7600 7824 8519 8479 7250 6346 6359 4529 7912 356 7596 8571 2174 5009 5511 7809 119 6187 842 952 4342 478 1281 2432 6893 2126 7110 6786 127 7704 6398 7163 410 6136 9062 9564 1812 5175 3759 4955 9870 2502 8707 3013 2384 5029 1143 1316 1153 5977 1600 1829 6401 9200 4347 4177 4845 928 7554 9376 6291 7396 362 600 313 7191 8860 6123 1338 4557 7681 9436 9851 9609 1099 8796 7208 9111 2606 6126 2847 1421 7246 8045 2067 3396 9939 5476 8183 3645 8912 9218 5586 9929 6803 9571 1315 2060 192 2911 4535 999 4101 5622 5115 5651 5915 4891 7113 9201 3988 1463 6465 7068 5753 6925 8807 5247 9512 2687 9694 9400 9387 6873 5826 1728 2568 7793 2687 3197 1411 9236 4126 7358 7112 264 8824 1738 4868 761 5654 2453 7257 5318 3840 2787 2072 5016 2134 6241 1144 6409 9629 525 6718 956 1872 3890 7051 9269 8013 8257 5296 380 5054
1805 5195 3175 4178 7930 1194 2906 5781 609 4140 9515 9982 9252 2177 2398 2158 7665 5835 9946 1815 9786 5379 3227 3273 946 3831 0 4294 5451 5709 2245 8355 6219 4759 1395 6632 1332 9578 9763 2506 3112 4686 5473 4352 4253 4309 2642 7129 7432 1780 9518 7915 707 4743 9646 1657 7529 8491 3056 8038 7576 3824 2875 4188 5036 8577 5955 8049 8072 2936 5355 9835 2459 4387 1894 5338 584 792 8896 9048 4053 8445 2524 2674 8936 9583 8965 2519 6525 8893 3421 1740 2005 1573 9753 7454 5402 4012 8315 2016 4156 4616 3338 59 2620 2222 370 8877 2825 995 9125 2094 1709 5197 8286 8795 191 1885 2514 3352 7291 8932 9144 2203 8602 8605 1925 2603 4399 3065 1409 1993 6595 21 8916 6574 2233 22 9054 3731 2626 2240 467 3285 3672 7525 8934 9910 2355 2526 1882 7672 4239 5187 3686 4123 4287 5936 9562 4074 910 243 341 7959 7374 3524 988 8109 7213 3542 8415 6136 8588 7785 2472 8293 9329 8634 8941 9499 5332 4134 3642 9590 4850 3457 1138 2674 1122 7748 291 3414 2872 5244 6128 7972 3768 7524 2215 9065 6951 9260 8269 314 4201 4895 3940 7319 3937 8401 3301 9907 3379 3953 2477 3024 409 5392 8699 7728 1441 1986 244 2230 2878 1127 5257 5218 4925 754 6097 4425 4999 7290 9931 70 5201 5216 6774 5035 3882 1045 9021 2477 8917 7769 3542 2997 392 103 9061 3191 5007 5148 4672 3083 240 7090 8275 777 144 7610 6054 859 215 5236 1581 9786 9701 42 9846 3778 5369 4971 92 6241 8363 7993 8656 3554 3938 3819 1520 1689 7481 561 7682 509 5727 9930 6148 6497 4816 4956 3887 1685 1300 4026 5963 4490
