200
0 4024 1880 5402 3491 5129 6903 2976 4200 2692 9936 6165 7003 2242 8010 8918 6171 968 9861 1071 9088 5129 7848 3842 3502 4332 7816 6362 911 4984 3183 2716 7881 4331 3697 7260 1904 8303 5192 384 2814 9293 7357 1270 3794 8167 2089 2135 6312 9250 2590 5850 7468 2618 771 4427 7117 2380 5745 4410 1053 4087 3245 1779 3337 6798 224 7638 9046 6672 7257 2522 7015 4534 5948 684 3267 17 5479 8223 5234 8597 49 8514 8357 9350 6383 864 5722 3391 5855 5676 7663 5415 6763 9109 552 2827 7895 1201 6162 6162 3981 9497 4100 9965 4459 9335 7675 3585 2877 8651 8220 7912 2676 2177 3209 9556 7339 5156 6460 760 522 417 3377 2028 9852 657 9073 8811 338 6337 921 8562 2218 9796 6322 6398 9450 6421 7649 2695 9198 695 3561 9236 7672 7227 2034 4986 6541 3716 6112 5389 8206 7423 8618 6486 2760 4662 4042 6066 4306 461 3767 7113 9741 9403 6839 805 7091 4127 442 7830 9405 6481 7605 9975 4746 8748 6559 3063 5884 4255 2713 4776 6392 8185 4907 6523 3252 5626 171 9395 6225 2515 6667 327 5565 6718
4024 0 1231 4061 3175 9703 2067 1659 2352 5788 4307 9611 2961 2601 7694 5594 7282 7098 8175 6453 9783 510 1529 488 4812 3871 8378 8571 7692 5625 2872 5533 1891 2441 432 3008 7100 8234 2226 3808 9515 2901 5333 2482 4111 3847 4394 9879 7493 926 1865 7467 2315 7197 5143 9037 6066 4589 1754 3137 9365 2996 2358 6598 6110 9976 367 2470 2361 5207 6784 8190 7933 9732 9873 4105 6266 6512 8296 7423 8536 325 8926 8217 4275 7131 4754 9082 9338 3065 7231 7421 8338 2732 9892 8474 9584 8794 778 7833 1293 108 6286 6792 8784 437 3221 2652 968 4404 3512 651 759 6067 8246 3213 5760 4119 8492 4837 6280 1412 4744 7764 8601 8097 8832 9179 7541 855 3971 5456 7394 5475 5193 8858 4493 3207 1908 3834 5098 4688 8426 2178 6119 8987 3852 5738 4164 7381 9059 3794 634 997 2708 8974 4754 183 3433 7867 3511 4264 1420 3162 2595 4215 5591 3783 6399 9465 5807 9263 7694 4639 1498 8468 2111 5718 1628 1853 694 8602 8149 6110 1908 7990 5778 3089 864 1700 8495 7127 878 5185 4273 1018 7388 8589 4705 324
1880 1231 0 8624 9571 1168 8569 1230 5695 2401 5871 6285 6166 6256 5351 3746 549 9786 6094 4077 7714 5534 5808 9409 5807 7889 9212 3500 5589 8930 2663 5865 9096 3428 9657 1352 7096 8200 8801 4790 6106 8562 4192 5901 5894 8967 8172 2176 7783 9450 7621 4210 7753 8098 9113 9159 9661 286 100 911 3710 569 8687 5586 9003 5033 2377 7974 9186 4911 3443 3893 7675 3823 2486 4085 824 7604 9892 7336 358 3763 9671 4231 5602 9706 8950 9101 7445 5406 877 2610 7701 8795 1427 1 3248 6798 3924 1492 9322 3049 7232 2228 8861 5602 2505 7696 1242 3898 4649 1344 6569 6656 8658 7798 3839 1644 5183 9174 7084 6528 6698 1820 8313 8836 3431 52 2733 6163 1200 2082 211 4178 9914 4559 3375 8677 7912 9655 6970 7635 3107 3782 4759 7027 9670 8962 1210 7687 5523 3275 6770 465 1003 3631 1884 2807 149 3303 5871 6554 191 3391 4472 2582 4082 6713 6687 9305 5616 1201 478 6753 5983 8397 6847 5357 2427 5851 2200 5169 5208 19 3664 9505 9399 819 1202 9074 6248 1059 6533 4806 5140 294 5225 1169 8130 9598
5402 4061 8624 0 3812 9815 3074 8185 2086 5218 6269 7689 2874 7934 2705 7229 4809 1562 9947 9370 3786 7691 5193 3701 216 3112 1375 5561 9509 6411 4177 9204 9669 8946 8796 39 711 9683 3097 3323 7465 6033 1407 4542 6513 2023 3633 1595 1654 8624 7273 4344 1940 2540 7298 4860 5356 2140 9404 2364 168 6541 7820 5616 2908 5626 7385 1267 638 589 1848 224 6047 9091 298 1984 3919 3341 8866 2272 827 9776 1925 141 3916 7305 4466 5849 6149 2270 2466 4933 2721 5460 908 9469 375 9820 9650 2228 9317 7345 9056 6592 9473 1662 3526 8273 6851 1688 3080 9276 2876 1740 4498 7883 2535 9781 8 2399 3934 1461 8403 5467 6798 2011 6118 9320 3835 1347 641 2956 9501 9099 4199 2356 1188 2341 9213 9004 5982 5665 148 5222 5956 7857 4720 2483 6972 6825 2999 1974 8441 5936 6414 6059 2949 4717 489 2530 936 3547 335 6523 3810 452 6097 9454 6259 5256 9079 1367 3935 4926 3260 883 3111 5771 6933 4566 3951 5418 9281 6620 8110 5586 3287 5028 1828 5980 9158 755 879 2825 1864 5921 9408 7405 8314 1785
3491 3175 9571 3812 0 1821 3415 9065 1992 5179 19 5676 481 9863 1488 7573 9941 8008 1263 4050 5413 9224 9549 1934 8585 7462 6864 6797 9300 4451 6262 1749 1994 2024 9389 6628 6317 190 4445 5136 4126 6670 7644 9183 252 2039 9805 7424 5142 3124 983 8562 3779 1313 7578 8213 8027 8607 6782 4009 5381 6405 7357 7699 9902 5340 4359 8333 3462 5541 9715 1329 3247 8364 8193 270 4570 4170 9877 569 3963 1479 6737 3865 9387 5589 722 9369 9534 210 8144 6939 4602 2166 4708 940 16 0 7968 208 7597 7455 3534 9895 8102 1177 8325 8462 9624 7541 1221 4984 4551 7248 3169 7 7205 4287 1777 2923 8495 2022 5427 1400 2367 7154 5324 5118 3300 3654 575 8912 7548 6570 2318 4967 2862 277 2849 1608 2510 5566 258 9825 5588 5275 4872 7493 3299 6928 9201 5901 3460 2184 4823 1310 67 4745 3872 9013 5332 82 6187 4497 5090 4753 2048 3569 8104 1560 597 4470 2138 8806 1645 5441 243 8825 4300 7746 7404 2215 6997 941 3217 7992 7077 8147 8653 9230 6766 2485 7987 7191 6429 2435 9333 7018 5741 2286
5129 9703 1168 9815 1821 0 9278 7118 3336 8627 1784 6568 4520 84 3876 6313 548 3227 9507 2980 2558 767 9175 9100 8500 2492 6190 2833 5582 1172 5250 9014 8219 4541 8013 6093 7936 5667 373 3449 3830 1532 9269 5013 6958 2798 69 6360 5717 7837 2772 1095 5363 2598 2684 3893 9044 7248 7496 798 469 4285 1026 1614 8179 3461 8679 2029 5628 2489 5493 9385 2525 2709 8963 1910 5816 7202 6425 6393 3726 5888 8118 8253 4999 5066 9519 1764 7638 4703 8812 3641 6712 9410 2480 7652 7240 2130 4897 8720 6313 6081 851 6305 8619 7502 9783 9292 325 2996 517 7593 6507 5336 5459 5296 5396 6113 7805 5918 7756 5750 3339 6766 7951 1379 9256 475 6734 1125 9279 8662 5655 7886 2059 8262 8146 412 7471 1634 218 8348 5653 9263 4496 883 5318 5667 9634 8708 3459 1354 1315 9980 384 307 8124 5373 899 7885 7234 8846 1646 6860 1958 8308 2618 8975 6648 9878 1144 3854 1803 3827 5898 2740 8289 1526 6574 5121 6010 3240 5282 3670 3930 8166 2498 5612 5972 426 7453 1533 4959 7141 7858 2815 5460 1238 3466 5178
6903 2067 8569 3074 3415 9278 0 2810 9583 8517 6370 8171 908 9458 8424 8716 2874 6695 1633 1999 839 2714 6056 6087 5391 6242 7724 5505 2193 3778 9381 9637 803 2741 422 5821 5058 8400 2034 9111 9294 7242 6829 7817 5915 5575 6136 5190 4334 630 7111 7364 3230 3308 627 4478 8070 7121 6918 2813 3432 6171 1231 211 3664 777 6109 8310 3684 9408 9843 167 60 5707 3224 3676 5448 3920 3969 718 1800 3392 1386 560 3800 9022 6140 5414 8852 6174 9035 5582 8460 422 5456 5862 7958 5781 2353 5902 4169 3325 6948 6193 9896 1976 1164 3994 2131 504 7626 362 4176 7461 4505 7486 9268 4680 3083 3870 3586 9067 1608 2932 3578 6174 9824 5430 6994 5824 9861 9846 6627 4740 1553 3477 2402 170 9360 805 1674 9301 7400 5058 1951 8330 8107 1638 3777 4065 997 5583 9533 8487 9921 2402 4341 7541 7562 376 4450 7610 3246 4467 9110 2274 2559 106 2978 7177 6002 7638 2971 2327 4841 9241 5595 9499 4394 6267 7319 5117 3501 8319 1739 8206 4877 8995 3141 2196 2022 587 5351 3064 4140 8822 7611 3845 6201 860
2976 1659 1230 8185 9065 7118 2810 0 1610 1717 1808 8798 9293 4387 1849 5704 3965 13 9071 1090 303 8499 5551 8114 5491 8300 3057 9366 8620 3550 8787 2045 4796 8663 8344 622 5159 5322 3077 610 2452 901 7246 4604 3570 5525 335 7215 6586 4963 90 7470 4073 5436 5786 4281 2450 839 7451 5196 343 6784 121 6913 3471 7320 2419 3844 225 6024 1257 8838 4840 2113 2332 8495 867 7441 8313 9786 9489 8486 8664 3145 5088 9200 8695 2703 570 4503 933 1544 3636 2094 552 5220 5072 6416 4639 220 9123 6849 1485 7703 2548 2695 3209 897 409 6062 9373 1538 9856 5641 2275 5901 5095 3491 6534 3308 4981 8434 2489 5843 9997 3977 5413 8549 7568 122 1743 7301 2904 5543 802 9761 2254 9139 533 9752 2583 6411 1846 3391 6200 6645 4614 8270 4196 8699 4557 2162 2569 7211 6262 3349 9071 3653 4773 9220 5117 333 1037 2608 5553 2938 2958 3706 9400 3267 2814 8815 7379 5628 8012 6772 7926 3437 8109 1179 3743 7874 8865 3624 3537 4245 599 6228 2950 2098 7689 8874 586 3318 8273 9119 5328 6588 3453 7860
4200 2352 5695 2086 1992 3336 9583 1610 0 3060 8550 2391 403 2463 2079 6215 8862 3389 5217 9751 5402 446 9862 6058 1584 9611 2045 7815 4572 7937 7891 105 9292 6972 3074 2329 8005 9101 651 3419 7184 4797 1234 207 8594 8774 4661 5615 1751 8855 739 2491 2615 9016 7585 2912 1459 8113 1596 1135 441 2877 7833 3443 6289 2864 3000 4462 4052 3766 1805 9426 7425 966 4827 2540 7913 2273 7670 4486 1726 5981 1835 2785 7362 2503 8320 9271 5264 7579 7238 3798 8738 415 9329 2371 693 9983 1325 3195 1758 1075 5193 2393 9947 5103 6728 6261 8490 5822 5901 4305 2463 451 8813 9321 7899 234 3153 8132 9893 8977 5481 2861 1307 6604 3324 5316 8191 5383 5315 9305 930 312 3698 1276 5924 6593 4073 3574 3060 4918 7097 4370 9831 7518 8551 2220 5409 370 4114 8382 8480 93 3956 4597 6170 8047 9170 6480 6714 9419 287 2155 8003 9051 8858 8793 8718 2086 8841 65 7651 357 5816 5455 3278 2965 1560 7470 3591 3831 2525 9966 8795 528 2843 2738 4668 528 3145 384 3108 3814 5820 6738 5040 214 3547 654
2692 5788 2401 5218 5179 8627 8517 1717 3060 0 5418 9837 1714 3463 6634 3135 852 3880 9542 634 752 8373 6723 8186 1870 6104 1020 4004 5527 4499 7112 4360 8276 7767 5768 9792 7024 1811 574 4207 598 2704 119 6513 554 4623 3538 5074 5211 1574 8738 3019 5194 2303 6979 4644 6039 3622 9047 3839 3989 4761 7629 3445 4663 8388 9869 2011 3433 4241 2731 1882 1523 1565 4495 5851 9277 5925 9757 5965 7556 9441 6405 1176 3869 6018 4725 2951 2110 9904 5554 2924 9481 3827 1103 9033 6017 1829 9699 6168 9802 1958 3814 369 6589 9760 8494 1496 5453 152 7643 4131 6118 7298 1666 4022 3083 6407 7242 4154 8551 3677 226 6034 4465 9066 299 4093 9501 1438 2242 9075 7185 6134 1492 519 2695 885 7252 8491 602 2048 9589 5144 2585 9270 5305 9974 7190 1309 283 9793 5794 9652 5440 347 5644 4926 1669 1881 6780 2859 7831 9622 4625 7734 2220 631 5306 6735 9894 6342 1646 4630 5688 6081 883 2632 9496 5425 6899 8590 8214 1370 6494 1087 3444 683 8769 1923 7523 4847 7673 7492 8711 830 3236 5237 2493 4041
9936 4307 5871 6269 19 1784 6370 1808 8550 5418 0 4998 9879 6326 4708 3013 2941 8279 9559 7471 4560 9613 2257 8070 4301 9388 1929 4817 4573 3887 4316 9425 2983 5722 4507 3494 8106 7237 3282 7501 366 1066 1760 2898 2875 2640 7549 5913 7658 4437 1908 8663 8370 1431 7506 2528 6245 8299 2609 4310 1776 3534 2762 6133 6459 3605 1440 141 8777 796 3259 3692 4727 2049 126 5945 948 513 6512 9310 7550 4781 6174 4769 4288 5697 7707 8779 3085 2731 436 5567 1485 1838 6963 4976 1070 2371 521 9327 3708 5517 5554 4626 1429 6320 4612 8331 9731 9549 2645 3966 8377 2545 9889 9113 8063 7287 7354 8454 6753 5258 4442 451 799 1465 2921 476 7300 8115 2903 5752 5025 4409 2085 2387 5563 8881 906 3355 1305 8293 7779 8709 2071 1551 5941 4446 3882 4405 9175 4541 1569 5239 1962 762 1266 9093 8004 7030 347 6144 4980 4432 3983 7418 4451 6186 7429 1999 1323 7683 5344 3136 5808 6265 9348 6231 7150 3114 569 5346 3625 1056 8576 9704 9157 4075 6001 5675 3470 3168 6957 739 2017 9833 1103 2692 3959 1449
6165 9611 6285 7689 5676 6568 8171 8798 2391 9837 4998 0 4415 2256 7205 8862 1981 3300 934 8551 9773 5867 287 3709 1349 1710 9027 4298 4968 1353 7047 4919 711 9803 3634 9789 6124 3800 1470 5243 1994 5638 8688 2510 8392 234 8473 2651 3292 7575 1805 6018 9478 2636 8933 5008 6369 2564 236 2706 154 3808 9194 1484 7041 3843 9325 9424 9544 3916 6973 3675 133 6479 729 4224 1473 5467 6142 525 8635 5854 9733 4294 6944 1690 8110 4367 5745 9462 1069 1220 2133 7945 6075 7154 2789 83 6491 6603 488 3405 8477 1224 1816 4491 3625 183 5169 1304 6004 6842 3638 3975 9431 9013 1227 494 6010 810 3437 6656 7635 321 798 1600 4576 585 5665 8744 371 2139 6585 7994 6312 530 6870 90 3902 864 3257 2049 919 9730 1190 1739 1693 7848 4290 7612 9843 4412 4922 966 6667 8197 3833 1514 5898 856 3451 5351 1187 9250 7649 8018 6932 1233 6999 4285 4964 6497 8591 6070 8034 2689 6132 451 8084 5464 8722 6334 8740 3540 5775 3422 7474 540 8126 4659 2313 5231 897 5633 8985 1590 6139 5589 1969 1709
7003 2961 6166 2874 481 4520 908 9293 403 1714 9879 4415 0 9444 6017 2426 2333 5487 1830 2743 7421 4215 6680 8468 1861 6630 8753 9896 4098 6964 8795 2493 4339 6278 1689 2362 9639 9087 2177 1925 3603 2103 8467 7390 8176 8629 2090 983 9515 6079 461 6800 1873 2208 2570 7511 2529 7795 7085 198 2258 2719 4924 8425 8908 4285 5803 3391 346 1510 4460 3605 7579 8145 2787 5516 9199 6693 8660 3532 295 1483 7522 5313 813 5465 4540 6134 7294 2523 7583 7906 1109 5349 3829 3326 4972 6263 2479 7965 2816 4102 663 6175 3113 8939 6021 4166 1631 6005 7627 2999 4029 2866 778 4057 3719 8392 177 129 1166 5960 5237 1306 8511 4612 7807 525 7314 4126 198 4948 9981 1064 1344 894 1498 5648 4845 9603 9440 9523 1801 262 5685 4107 3809 7709 6573 6047 750 2570 4926 717 3983 6303 5155 6564 1619 8840 2397 2460 7138 4342 9046 5883 3708 9468 8057 620 3657 3134 971 9550 7621 682 773 3105 8282 2165 4873 108 2997 6755 2203 2908 4220 473 2458 1544 4039 8635 9809 3862 7376 4839 3987 8056 9443 8915
2242 2601 6256 7934 9863 84 9458 4387 2463 3463 6326 2256 9444 0 9440 3448 3894 4288 4729 4034 790 6244 8409 6019 3577 3227 3235 8470 6543 6627 4328 2699 4346 1639 2040 3260 4352 7469 7582 6406 1155 5132 3842 8940 3659 474 2038 7594 9278 8250 5437 986 7715 5099 8342 2728 5066 5696 4400 6388 7869 9393 9712 5678 6355 1997 7947 25 9278 2325 7350 1075 6152 5261 4336 5038 7616 5774 9318 7415 6963 7843 2300 5825 5231 1435 5841 7660 2986 2722 5001 8872 101 6777 2513 2593 3981 3521 9639 8114 9195 4501 7914 8219 4418 5063 3592 9677 1248 4258 6778 8785 9133 5012 8022 3156 3615 1978 8190 9349 7055 3473 804 8576 1305 142 3271 8756 5690 1539 3122 3303 8360 5113 3830 9299 2515 9235 7844 7673 5059 2785 5949 3223 6435 9384 1071 9272 956 84 1276 9227 6190 8774 9336 2650 4708 764 4219 7466 7628 527 3966 2167 8982 8095 539 6636 2175 1724 7740 3120 9998 3963 2035 4208 2212 8801 5493 6229 4440 2345 1803 8005 942 8806 2370 3783 3728 5146 4217 537 3345 9767 4206 7186 1922 5062 8755 2596
8010 7694 5351 2705 1488 3876 8424 1849 2079 6634 4708 7205 6017 9440 0 4346 2586 9952 1608 1961 3686 5772 6970 3933 1940 4772 4662 3612 2099 7474 9659 9312 881 5811 5966 206 3116 1954 5197 8173 6585 6594 7417 3103 8374 9634 6555 7603 5885 7432 8693 2882 971 5981 482 9763 6453 6008 8902 7246 8285 4226 4964 7823 9818 9522 9382 7361 2363 3364 7642 7544 3522 8266 6399 8735 3207 6333 7105 2267 5815 1455 3837 287 5962 2409 7315 6315 1443 2954 5335 6387 9168 8721 4302 3087 3736 8664 6408 161 7569 825 2072 2947 3264 1328 2373 78 6358 4963 4653 7804 6421 5293 8387 8402 169 2587 8545 553 1314 1655 9175 586 7199 3624 3406 2450 9924 9968 760 2136 4932 1598 9339 7861 980 5094 841 4265 1208 3194 6871 3540 674 1878 1638 7238 8030 7247 1596 9958 2104 4569 1077 8720 9831 8030 7519 4194 3281 5622 8096 2623 8719 5566 1775 8854 8397 5717 587 3972 93 9192 874 1778 4513 4035 8173 2559 8660 1053 2215 3736 1042 8167 342 1123 6250 2464 6939 8141 787 8150 2576 7298 5195 704 9700 7195
8918 5594 3746 7229 7573 6313 8716 5704 6215 3135 3013 8862 2426 3448 4346 0 5273 2178 2358 1496 3658 3499 1366 8280 5408 9535 3702 8421 2921 9591 9095 1968 3802 3805 8188 1589 1724 5141 1228 4542 1151 5842 4936 7717 5385 4228 3798 1886 5952 4401 1739 6526 8897 9515 7225 9644 9286 4326 6653 9735 1269 604 4531 4184 6672 4755 5338 9023 7762 9810 1280 3891 7049 2201 2736 9669 7443 2822 7232 5618 77 5670 1354 2614 7913 360 6344 3878 9602 6797 6957 1632 5913 4770 9126 3851 2660 568 8108 8340 1739 9026 6579 5379 219 7082 9270 4367 8364 2165 3642 9660 155 7323 9685 4914 4198 7598 1090 639 1515 9961 1399 7130 7430 7229 6704 6038 620 6036 4986 8843 1858 3973 6005 7528 8812 7927 4578 2865 4685 2829 5054 1090 2083 9778 8354 2346 5712 852 5941 4660 2230 1072 5756 8084 5664 6466 2625 3426 6972 1477 5337 9814 8462 5464 8082 9226 6282 5506 2127 1751 8481 845 9943 8258 9074 1946 1630 5253 8245 1589 3834 2438 4378 3553 4576 1515 6968 3958 9178 7577 1045 5047 8110 1308 9998 8437 2171 6454
6171 7282 549 4809 9941 548 2874 3965 8862 852 2941 1981 2333 3894 2586 5273 0 6152 1437 5316 4380 2930 6798 8396 8507 9369 5303 1353 1221 2174 8394 3545 6985 261 5187 2587 9361 7856 4534 4746 6274 5913 8893 1978 2481 7851 3604 3393 1955 3851 7014 2616 6586 338 3208 1886 2121 7532 6319 1034 2755 632 2905 7394 5762 7983 2985 3766 6954 8313 967 1636 2690 4950 6081 5918 9164 182 5881 2772 7603 4362 4688 5701 467 2368 7425 2174 7779 2247 7972 1852 3167 9536 47 1297 2598 218 6082 213 5419 4439 9287 6685 1064 2553 1399 6707 5741 2915 2671 1960 3525 9635 1981 5012 6511 3484 2193 454 2283 5452 397 8082 8087 8956 6551 3643 3537 4178 3552 5819 990 7942 7835 3263 8416 1633 6159 3866 3648 7750 1033 4629 89 6879 4501 1551 4488 2315 9598 4285 2734 1418 7054 5087 9670 476 6017 7480 8025 5364 3808 7819 8094 9934 6750 4060 5860 5655 3169 5809 7578 4743 1054 2026 8238 9779 5070 877 6117 5990 349 5789 5656 5851 8418 2882 8804 9233 7502 8212 8418 4970 2360 7692 4151 6920 7047 8739
968 7098 9786 1562 8008 3227 6695 13 3389 3880 8279 3300 5487 4288 9952 2178 6152 0 9576 3685 7869 4107 1362 6130 9890 1670 3942 8207 1785 3245 6314 1480 2582 2067 645 7818 7939 7343 3119 5950 9964 7733 6202 1957 857 5348 2986 7 637 8422 7726 333 9982 676 7994 1219 1623 1861 5259 3949 3182 9263 2003 2488 8931 717 885 8456 4614 6443 311 7295 2739 3970 7549 1590 572 9774 7677 9382 5344 3273 7130 9589 7411 6450 5229 5464 2643 2564 6145 3081 5024 6631 8192 423 6697 9948 3215 2264 9764 4336 5040 7868 5942 652 151 5170 8381 4101 4914 7010 8409 6005 1875 8998 6754 2464 5271 9056 9452 6833 7339 8977 9529 2060 9894 4998 1136 3668 8947 6749 404 1279 6574 1729 2128 9016 2452 6270 6537 4624 1897 4959 9331 1605 8740 9831 3237 1052 213 5299 7290 181 8749 5874 2632 3357 7196 6627 2337 390 2320 7122 3215 4607 2720 6415 5384 9571 3820 9651 2562 9427 9462 9287 5004 8936 5924 8277 9519 6161 169 3662 56 3338 9916 257 6093 2868 5585 4221 2991 5988 4647 10 3157 4588 2246 9787
9861 8175 6094 9947 1263 9507 1633 9071 5217 9542 9559 934 1830 4729 1608 2358 1437 9576 0 2605 7933 5439 209 2006 2825 8792 806 2745 9733 4564 5091 7731 7792 7792 2169 5109 7116 6925 997 1156 9356 3139 1437 3983 2530 4804 5048 1787 9314 2938 9834 1454 9181 8833 1221 1016 9770 6056 674 6140 6381 1150 2232 6998 8312 9150 8055 8190 6279 8633 7745 5400 5380 4096 1160 3795 6448 367 9558 9997 72 5363 3583 2079 5457 3186 7230 3403 862 8733 1854 984 7655 4940 8790 2358 2628 6068 2143 5805 642 3416 7121 5120 9228 474 4166 4327 2804 1115 8979 3146 4904 596 7620 7887 8438 4074 7469 6681 8353 542 670 2811 4597 6215 308 5960 782 5898 1036 2879 1763 89 9041 5632 1972 4927 9232 9180 5130 8320 6422 1871 1357 2685 6348 9278 3731 6354 550 2481 9994 7084 819 4852 2967 3517 1286 3512 1102 3786 9380 8496 3130 4256 6904 1062 6643 8043 8486 3787 8800 6680 9751 1310 9125 3 7114 7795 8431 452 5628 3098 3569 1502 1052 5558 8412 1084 6098 137 3751 3610 38 3335 1380 4927 5817 6232
1071 6453 4077 9370 4050 2980 1999 1090 9751 634 7471 8551 2743 4034 1961 1496 5316 3685 2605 0 3841 5587 5646 9907 4127 3388 5416 1615 4686 6092 1888 5292 8146 9495 6595 7198 53 7319 3661 3216 3381 6279 9994 9160 1392 9786 6610 7863 2707 5760 4101 2806 4957 258 5240 6195 1223 5771 5030 3651 2472 1194 5560 1999 1940 6672 4605 2915 2135 7693 200 1587 8188 3 2466 398 9149 5275 5742 2999 4701 4683 3063 3398 8459 9067 7274 8199 4231 846 89 5612 8171 7534 1674 5322 2270 1415 1817 7782 8637 5265 1165 5752 9428 404 9057 7999 4876 5588 9697 6151 2510 15 3511 198 2510 3536 3864 5875 2981 7221 5687 5561 5631 1237 1546 1134 2849 6161 8341 2030 9573 7455 482 2676 6648 6822 9573 2033 5393 8024 5146 4279 8802 6559 285 4377 8363 1678 930 5877 4059 1736 6002 1172 2909 555 178 8988 3484 7415 3413 4687 3902 3922 784 312 4762 5744 9603 6388 5495 8189 2397 1916 4798 3170 8678 5185 6590 1628 816 30 8096 3174 6764 9000 381 6462 3952 7531 3421 1385 1507 8123 6707 7099 8431 9075
9088 9783 7714 3786 5413 2558 839 303 5402 752 4560 9773 7421 790 3686 3658 4380 7869 7933 3841 0 2654 7733 5828 5538 57 6104 3727 9916 7455 6318 448 6433 6293 312 1996 7794 7973 5156 9713 8291 8528 9323 4080 2048 2900 558 804 3271 6510 6273 5417 1614 1203 5571 5786 1626 197 9108 3239 4916 3553 1679 5739 777 1513 8804 9106 4521 3422 5276 5403 3857 2704 5464 8461 5614 3445 628 2363 167 4017 3227 1155 2784 1475 2456 7351 405 617 2770 7426 4605 9897 9756 1927 7984 4874 6427 1121 4456 2093 6928 7187 7330 4906 5444 4327 1424 1813 4774 1868 9245 2749 712 4746 4924 5682 5331 258 7337 9784 9516 8942 5066 2166 4694 395 715 4067 9447 9104 4718 5491 6521 221 7545 8305 370 937 6106 7676 884 6037 7897 7003 8411 8269 7520 8625 5383 1337 5829 4418 4538 4484 1980 5273 5505 7488 5062 8758 3648 8159 7319 1951 7845 3064 7301 5913 8146 1480 5948 9826 4381 9157 7127 8518 5770 2646 8989 4325 611 7666 7369 1947 3472 310 4660 2670 8999 5008 4123 3011 3750 2342 4773 1867 495 1209
5129 510 5534 7691 9224 767 2714 8499 446 8373 9613 5867 4215 6244 5772 3499 2930 4107 5439 5587 2654 0 5517 9548 9239 8986 3237 1246 9075 92 1048 436 8278 2282 604 7680 1016 3903 783 5457 482 7964 8666 5395 6669 4974 4390 7150 5681 6160 1434 8865 3047 4524 4636 1126 6217 6171 5715 6066 1059 6396 1839 7457 8221 6496 8206 2025 1787 3797 5516 999 9051 4869 445 7939 9404 1252 5347 6351 7838 8746 3362 6867 556 2484 3675 5810 4279 2498 8722 9953 895 4470 2248 8327 1766 7326 7613 1997 4894 8816 8012 3423 2906 5346 9752 4299 1226 5192 9197 5650 8405 1172 1130 1092 8396 5444 1134 2692 3051 3346 4026 7997 3135 1602 1097 8731 8500 455 3037 1104 9648 5848 5003 6765 2746 8524 2530 8347 1619 3056 5217 5150 1150 5321 3303 7639 8135 6772 449 814 1114 1863 5229 7376 8480 854 549 7241 7791 3352 8412 3461 8187 5524 7629 8918 8250 1869 5276 610 3669 7472 2908 9894 4147 8342 2587 1499 8900 779 2916 8877 9240 1296 940 2863 3107 6040 8901 9043 5318 8038 623 8542 9608 7910 3413 5550
7848 1529 5808 5193 9549 9175 6056 5551 9862 6723 2257 287 6680 8409 6970 1366 6798 1362 209 5646 7733 5517 0 7319 2072 3827 4614 7330 4267 6369 2812 193 7580 7372 1421 2895 7378 259 799 691 2953 3346 6294 2803 7027 3567 2204 3602 8142 3833 4678 3881 240 7254 4207 5979 2546 8635 6504 8128 6461 9936 4445 7207 9904 7290 1497 153 5805 7149 3475 6855 5948 8868 153 2572 1119 1020 4932 3304 2237 7863 6031 954 8311 9682 6790 4453 6243 7188 7054 6297 8561 2212 7168 2706 1669 7334 1306 5775 6881 8124 8178 8291 2983 5121 1375 6307 1811 3002 8828 1168 2872 1249 4084 298 6343 4722 7422 247 6392 5689 5075 5235 6354 2995 7221 9292 3727 8390 4003 666 1863 8148 1923 2545 5365 6833 7258 172 2001 5363 8526 789 8747 9507 2514 8140 2448 5879 524 2850 4547 8380 9725 3947 7177 8564 3508 3574 6199 4930 6478 7386 2460 1101 4900 3551 9666 8633 4006 7802 5396 9175 820 9555 7304 726 9468 1860 1617 2074 1531 9532 5409 9335 703 9049 468 3019 1333 1026 5084 8144 6533 7425 1605 1147 1387 538
3842 488 9409 3701 1934 9100 6087 8114 6058 8186 8070 3709 8468 6019 3933 8280 8396 6130 2006 9907 5828 9548 7319 0 158 9816 7648 9606 8127 3741 8585 8852 5221 3915 6495 9978 5992 6618 2351 6643 7263 7544 3649 7941 8357 8163 2756 486 2250 9372 7945 1431 6527 139 1715 785 4575 7486 7532 5151 2874 5225 6945 5718 3354 2346 8766 667 7800 1229 7900 4034 1188 6190 9738 1303 8057 9527 4947 2820 1331 6609 3452 1910 8204 3861 8945 2857 617 4794 8952 1449 5455 730 8433 8399 1104 3529 8991 8401 3777 1881 7487 7996 8179 3514 8869 9463 6300 5680 787 7876 9068 1669 4076 1514 5637 4610 4493 3894 9025 6573 2814 2539 8350 8980 882 2803 2680 9951 6012 2767 8743 4226 6123 4719 9882 8904 4855 5003 1141 9575 1625 8817 1844 4746 4411 975 9748 5431 5174 5601 1561 2049 8313 3090 8378 8606 1731 9251 1348 9107 8491 5627 4100 9853 5570 7042 4829 3153 8481 6818 6323 3950 6374 6681 5340 6326 2041 6690 4240 6937 9687 7136 2752 6685 3130 4135 1657 2390 9949 2102 9831 7269 2317 6865 8054 5172 5236 9167
3502 4812 5807 216 8585 8500 5391 5491 1584 1870 4301 1349 1861 3577 1940 5408 8507 9890 2825 4127 5538 9239 2072 158 0 5060 107 6291 3407 1124 3700 4558 4435 3891 6993 6770 9380 4422 8244 6055 6977 2581 9068 3283 3011 9173 3862 5968 2335 917 4621 5868 5700 6242 3792 5841 4412 8160 7550 3657 4248 6519 3969 2617 4327 4917 2206 2222 6973 5482 3328 9443 3632 7578 172 838 8484 9743 638 3975 576 1837 3185 3891 2186 293 9421 0 5920 8803 3959 3397 6112 1428 2094 166 1124 211 8788 4828 3064 7920 832 7344 5635 4231 3762 2181 3245 8090 790 7327 4407 4848 895 4036 7882 7561 5090 3993 6784 8888 8549 9666 4494 7507 1029 8421 9298 1511 4542 6343 6558 3370 5810 7648 291 6223 6300 6289 1753 8082 532 857 9082 6708 1507 1143 8671 386 1756 8861 7118 2196 3585 7245 5467 3500 8387 7863 5090 6314 8310 3538 3882 6092 5687 3247 2296 9681 9012 3043 3226 1318 2783 2100 5822 526 349 1681 3326 2290 1939 3440 3829 8252 4523 4568 2911 8110 1643 6550 4194 5831 5572 7821 2159 488 525 9031
4332 3871 7889 3112 7462 2492 6242 8300 9611 6104 9388 1710 6630 3227 4772 9535 9369 1670 8792 3388 57 8986 3827 9816 5060 0 6683 9237 1230 6233 7208 7617 9297 2633 4713 4215 5018 3366 5240 1187 7714 5393 9766 9018 465 1492 3591 50 1970 5895 3096 5333 179 4353 433 3860 6653 9352 9427 4139 7090 1811 7260 4323 4979 4585 83 6283 2711 3790 4683 5247 1070 3594 5499 2656 8234 1283 7594 677 1693 8505 2378 6019 1405 1663 101 6764 733 3202 6334 413 3933 6631 6422 1676 1991 4609 4222 1497 8915 2144 3466 1495 7165 7029 1029 6108 23 2076 1758 2508 7624 4473 2572 6178 2804 3452 7153 4844 9655 8419 9112 4621 4994 6210 2296 2374 8741 1174 1227 2782 6888 317 2303 7601 4653 4869 1216 8848 9050 2016 1421 5677 9357 7022 6514 6955 6304 2395 164 4055 3694 6244 2119 1767 5102 9981 4633 8524 798 1813 3858 8176 152 2724 7714 8735 3653 7792 7089 5578 6710 3525 181 2911 9908 5086 3907 5416 4776 8555 6975 6184 4851 9346 1092 1799 1560 3384 9657 3420 7781 7288 770 710 9506 5834 8019 9137
7816 8378 9212 1375 6864 6190 7724 3057 2045 1020 1929 9027 8753 3235 4662 3702 5303 3942 806 5416 6104 3237 4614 7648 107 6683 0 2347 7789 9172 3304 4246 5705 3284 1473 6616 4925 6666 1517 2527 9802 7878 4490 202 8733 5169 4497 8973 3502 7481 7737 8334 4204 8252 8212 2026 8857 1729 6092 540 5486 7638 4209 4821 2177 3381 6376 8935 2345 3161 1057 3510 5844 3213 1055 4352 8793 9909 5983 4021 6745 3357 206 229 9785 8453 4906 4593 8422 9104 29 3797 3614 4568 1112 3254 7802 7431 7873 1966 9701 8426 7388 2988 104 1793 1623 3000 5584 1609 6156 6981 4925 9245 3699 6149 107 6413 5421 6919 3074 1321 7109 8802 8189 6995 5830 6016 9061 9791 1195 6099 391 2932 7682 2813 4507 6958 2792 330 3787 7602 6993 4592 986 4885 3154 4815 9063 4154 9459 4903 5044 748 1518 6618 3181 6059 8301 510 5183 3664 1685 8118 6542 1082 5894 3785 2399 1913 657 3107 1692 1461 7575 13 4405 5492 9211 3085 358 3861 5674 8954 9973 3827 8355 9851 8122 2380 6319 937 4391 2418 3484 6955 7410 5785 5304 3597
6362 8571 3500 5561 6797 2833 5505 9366 7815 4004 4817 4298 9896 8470 3612 8421 1353 8207 2745 1615 3727 1246 7330 9606 6291 9237 2347 0 1670 5206 5899 2799 3595 1803 175 7097 1196 2433 6085 854 3953 555 6204 8164 1955 7798 2728 2277 3471 1086 1438 1040 5547 5771 5788 4765 783 1910 4342 2865 5508 6781 5617 3234 6614 8423 9313 5044 8872 6942 6035 4715 5306 2815 7906 1100 1133 3810 2137 1589 3437 8840 1652 3392 8936 2859 7359 2435 5831 5030 2610 7791 6817 4128 1778 4210 7963 2053 5940 4710 3913 2326 2925 4582 612 5609 1857 404 2994 5002 6683 2882 8782 2067 760 8116 2601 8849 6952 5811 8595 6082 8448 5824 6765 6015 5300 42 204 1772 1576 3916 4967 3608 9079 9976 5209 4445 602 9756 7841 6036 9685 5196 6632 858 3641 5411 169 8057 7644 7218 6832 2382 7208 1231 3407 6460 9733 9455 1651 3213 7278 5361 7401 5736 3864 9401 8761 5158 8581 3566 9823 2087 5860 8997 592 3355 5518 8654 9924 7904 5450 7884 8085 1568 9778 4146 6968 2187 1097 9725 5862 6326 4695 1489 2713 4895 8027 8350
911 7692 5589 9509 9300 5582 2193 8620 4572 5527 4573 4968 4098 6543 2099 2921 1221 1785 9733 4686 9916 9075 4267 8127 3407 1230 7789 1670 0 9611 8499 9245 9189 4480 8465 436 8516 2437 7198 5468 4659 226 5398 8564 9939 1000 4486 4862 9222 149 5147 4917 401 30 5829 1293 4626 1767 5968 8023 5715 3326 2212 6896 9689 5758 7222 7058 2703 1644 2890 8802 2854 6652 3456 8502 567 4883 6839 2427 8000 554 5963 4970 3599 6833 9974 5289 5675 9642 2424 9151 3033 3296 1583 4833 3844 7848 270 8752 3373 7970 111 5225 7251 5629 3148 8334 1649 2091 1603 5450 7115 4357 6464 2986 9844 3670 1933 8888 9856 9422 2471 2998 7634 6458 1351 9989 5908 4566 8997 4175 3765 2454 3219 8120 8514 8249 9922 8746 562 8765 6030 3571 8183 8439 6177 9013 8346 9726 1635 1708 376 6933 7881 7136 8264 5358 9664 2592 3225 4702 1414 568 6850 5152 3336 6251 7271 7566 7722 1428 6000 1729 8339 9069 6439 9877 3938 8504 2322 3566 5363 3079 3877 473 8700 5198 222 2146 7384 6143 3803 365 6660 3651 4055 9786 2579 7479
4984 5625 8930 6411 4451 1172 3778 3550 7937 4499 3887 1353 6964 6627 7474 9591 2174 3245 4564 6092 7455 92 6369 3741 1124 6233 9172 5206 9611 0 5262 2688 9031 7266 9704 8161 8519 2739 9461 7484 3929 5965 3589 5534 7180 9713 5707 4907 2379 8103 1219 9418 2841 4539 8472 3399 329 8653 5740 9448 1865 330 125 1750 9726 6331 565 4854 114 8392 2201 2705 1566 3798 333 4899 4305 4062 1095 2073 8375 8970 5878 2238 3942 8162 5672 942 8622 7893 9751 9991 6530 5028 9344 1594 9483 5097 9267 9716 8984 3276 9075 6658 2639 9281 7486 2127 5144 8629 8162 9279 3214 9974 470 5232 3263 3212 770 3090 1859 4174 6493 6874 3438 6250 3137 1029 5251 8640 1805 4460 5028 7167 2739 9501 812 8738 4024 8034 5124 1170 1027 8563 6117 690 9711 274 7221 701 1548 5970 1996 4331 3480 635 5804 4922 2233 9231 349 5785 1252 4123 2667 8941 4578 7574 972 2913 6606 7895 258 7461 4210 4491 411 9184 7877 885 5757 1644 5905 7024 6145 6809 2951 484 2883 3669 3749 2694 291 8791 9685 9233 9163 3079 6030 3626
3183 2872 2663 4177 6262 5250 9381 8787 7891 7112 4316 7047 8795 4328 9659 9095 8394 6314 5091 1888 6318 1048 2812 8585 3700 7208 3304 5899 8499 5262 0 9493 3169 8029 4244 8114 9581 7784 1467 5080 9661 3137 405 2321 6155 1613 3881 9354 2183 6000 6640 4018 9701 237 4303 2024 8380 5880 6062 7912 3287 8001 5762 3098 5235 1499 1663 2464 3471 9401 493 9792 5516 8088 6849 8428 7102 4490 6185 8034 2684 88 6603 8930 3090 8573 7588 867 1956 3445 9768 2603 1195 6504 6163 3294 6386 1115 6240 2486 8652 347 9222 2434 6915 4436 3004 6855 220 1977 7426 9162 962 8641 2892 8681 454 1887 174 4817 4430 6966 6041 5314 5778 1848 4602 5498 7159 3133 9838 1560 2259 5691 9289 4846 4282 9018 6120 8952 6912 9671 2568 4624 7235 9878 6791 2109 7277 2970 4615 8769 3806 3357 2289 679 7245 4385 1976 8738 9132 2670 3965 1316 1600 2621 1892 5849 6719 554 7091 7477 6035 7792 2717 2579 2947 1072 2000 6486 7713 6006 3801 3694 3613 5254 6476 7363 7110 374 9083 8689 696 1049 2173 1206 7347 7013 854 771
2716 5533 5865 9204 1749 9014 9637 2045 105 4360 9425 4919 2493 2699 9312 1968 3545 1480 7731 5292 448 436 193 8852 4558 7617 4246 2799 9245 2688 9493 0 6517 8452 5351 9503 9762 3306 385 1913 9821 7200 6773 2673 3338 5022 7031 5687 4785 389 3897 8061 7403 3738 3970 439 459 755 531 2938 1301 7150 7498 2180 13 4095 2697 2727 559 8548 6734 4955 9233 829 5187 7119 8360 2073 7531 2410 5799 9855 1560 4086 3 6561 7028 2316 1399 3466 22 4672 820 195 3422 8765 329 2653 9932 9643 2338 309 2370 2110 6919 1798 4535 594 7480 9575 6302 8916 985 2876 31 1012 7630 1557 743 4173 600 347 3880 9805 7919 5484 7296 3356 7052 3456 5351 3948 5939 4954 6164 5286 1464 9210 4361 8295 6293 7575 2999 623 9200 2818 9263 5465 237 6324 1842 5087 676 4471 3481 2272 9305 1855 6782 376 4781 5610 9903 6493 8576 1667 6823 4131 1639 9006 7796 3344 837 2749 5730 244 353 9936 9528 4579 6150 9947 1330 475 4077 5196 3615 3495 7599 2934 4987 4606 467 1370 2033 8054 6505 6054 7795 7384
7881 1891 9096 9669 1994 8219 803 4796 9292 8276 2983 711 4339 4346 881 3802 6985 2582 7792 8146 6433 8278 7580 5221 4435 9297 5705 3595 9189 9031 3169 6517 0 6116 7984 6290 7945 2612 3462 5503 9567 1358 2250 2097 388 7677 7002 9920 397 7745 9924 9429 7915 2789 2895 1050 6965 1645 8618 9142 9271 2983 9818 4672 4760 9409 4677 8462 9826 5757 8196 7964 2840 2202 5279 177 8169 1486 9615 858 264 592 1733 5222 3536 1807 9583 2301 472 234 3926 2465 5551 1217 5116 9595 8029 8246 7520 7945 110 7832 6549 5785 3146 4747 6094 7837 115 2172 3922 5679 3599 8954 4866 4359 6927 3295 9109 5505 8702 9145 1822 9580 4342 739 4739 8770 1011 2779 8920 8411 2385 9894 3964 5239 4860 6451 8914 4927 244 2735 4595 7849 4635 3116 9965 1376 2365 9281 7977 4025 5767 9886 8208 1522 7676 1624 767 7918 7273 2988 5172 8146 1430 1891 7183 4934 2926 9016 586 7700 8700 9818 4835 6422 6663 8515 4620 416 4300 3492 4517 9177 3319 2081 9088 7344 908 2033 1746 2946 5588 7704 8216 6134 1388 4059 6916 6826
4331 2441 3428 8946 2024 4541 2741 8663 6972 7767 5722 9803 6278 1639 5811 3805 261 2067 7792 9495 6293 2282 7372 3915 3891 2633 3284 1803 4480 7266 8029 8452 6116 0 1225 4980 412 6778 7348 6974 6423 9743 2286 4783 1702 2451 8308 9353 7685 9920 3229 9523 5338 2183 1250 5282 5535 3040 84 4271 1621 6644 8157 8028 8137 9109 8570 9424 303 3037 1093 3243 4819 1250 4335 2763 3816 969 700 2130 886 4141 1467 6694 4773 5668 6128 6963 475 880 9723 3802 9324 4095 4701 4293 9217 8011 1253 586 1491 8012 3496 2518 2062 9327 4240 8872 9392 633 8012 6015 1486 2871 8170 2875 2693 758 6923 4082 7406 9734 4205 6047 8469 8573 2628 1894 4731 6218 1642 2318 4037 3957 7175 2159 3464 104 1119 2008 4601 1803 9090 1649 3108 4379 7942 4615 2550 4174 1009 1660 6004 8434 8582 5793 3130 7184 4834 8673 8066 4397 4624 9050 7409 4749 78 4904 1370 1800 2784 4842 3612 7429 4456 6793 7360 6932 8462 2632 8969 4000 4607 3548 1268 4774 7218 7352 7039 9400 1313 1773 7936 3262 8242 3262 9159 5876 4464 3872
3697 432 9657 8796 9389 8013 422 8344 3074 5768 4507 3634 1689 2040 5966 8188 5187 645 2169 6595 312 604 1421 6495 6993 4713 1473 175 8465 9704 4244 5351 7984 1225 0 6226 412 625 3202 712 384 8351 2304 9515 1601 3108 9493 4732 2848 2386 1469 4617 167 6496 3645 3730 6226 3084 303 8281 4501 3561 3164 8690 7587 9781 4358 6130 2634 6039 2727 495 1293 6260 9928 3875 4880 7880 4749 9886 422 5778 2996 833 3763 9692 8422 9358 8419 5100 5778 7509 992 3995 2057 6017 242 6242 8424 6931 9471 1854 9461 1215 6584 4034 495 8458 1527 5663 3400 269 813 7576 9280 5786 1609 5860 6001 7156 3194 2496 3470 7161 4587 9956 8016 6181 3415 6919 696 9264 211 3092 3698 8112 9541 1898 2874 8699 9334 8333 3189 8750 7077 7021 2734 8095 1772 2235 5716 6919 7286 1513 6923 4412 6586 2164 9640 5053 893 1993 1711 7200 8919 1866 6952 3731 512 6633 7888 7378 9506 9839 6325 4138 5478 7047 901 3401 2741 4704 3625 141 4996 3946 6055 1124 6081 7753 2534 7651 3008 9964 7921 1315 5915 2381 5111 9378
7260 3008 1352 39 6628 6093 5821 622 2329 9792 3494 9789 2362 3260 206 1589 2587 7818 5109 7198 1996 7680 2895 9978 6770 4215 6616 7097 436 8161 8114 9503 6290 4980 6226 0 440 1434 7415 8506 163 7811 6038 3943 6219 7458 9164 9981 1288 7697 5230 9397 5333 1288 2361 3689 5624 3324 9072 4617 5778 7878 9080 1270 162 9439 8028 4301 9170 6123 936 7218 9339 6540 3507 1936 8627 9996 606 8737 2286 5372 3539 1773 8658 6160 9816 3499 8399 2368 4393 7812 5332 5216 3238 9596 3127 702 1579 8275 1154 2555 4028 4187 6944 1289 5458 1954 3925 9982 5438 5565 9129 484 8508 6054 252 2340 3496 5572 9002 1083 273 2315 580 9010 1929 8913 8287 1040 2740 3240 7046 6160 9674 4971 8979 8030 7535 4129 6487 7985 330 8430 6563 826 112 3113 8333 7216 9696 342 9669 6833 2651 7970 9398 849 4709 966 1660 8864 7253 2115 584 138 7810 9077 709 5187 5952 3828 1167 2971 1066 6800 4601 7164 6388 6363 2331 3233 158 3828 2003 3446 8031 4061 2703 2288 9894 7561 9677 3295 8493 857 3785 7828 9798 2913
1904 7100 7096 711 6317 7936 5058 5159 8005 7024 8106 6124 9639 4352 3116 1724 9361 7939 7116 53 7794 1016 7378 5992 9380 5018 4925 1196 8516 8519 9581 9762 7945 412 412 440 0 7340 7328 6160 3886 5641 4702 7324 5673 3694 5811 4332 8928 9787 5310 9537 6863 8592 6857 8628 5738 4871 852 3776 9592 1725 3707 2809 2810 8486 710 761 1243 1502 4622 258 2804 3852 9002 2807 7512 4321 9697 4576 542 3936 3161 7688 9916 8407 2339 3846 1918 5639 8454 4868 9704 9229 6800 5235 6830 3060 8197 4638 3317 2829 4376 2166 5469 5928 3562 4447 907 1775 8189 4444 9539 3387 9552 225 2231 2609 2873 9781 8579 1611 7460 9846 240 4596 6431 5076 3233 4719 7599 467 4445 7089 1165 7854 5907 7800 4711 1354 3504 2593 4143 628 5598 9437 8522 9035 9942 3814 4583 2897 1437 9395 6150 3252 6813 1449 5575 7344 10000 9191 6647 185 2335 7212 9933 1054 6709 8723 5582 9737 360 4058 6975 1656 4534 5339 3871 3754 2769 8311 3904 7183 8430 2715 2903 791 6558 2132 3172 6293 5334 1312 7023 894 8897 5132 7719 3029
8303 8234 8200 9683 190 5667 8400 5322 9101 1811 7237 3800 9087 7469 1954 5141 7856 7343 6925 7319 7973 3903 259 6618 4422 3366 6666 2433 2437 2739 7784 3306 2612 6778 625 1434 7340 0 588 6230 2824 8343 639 8323 9884 1505 8664 8734 166 2171 1771 3285 8678 4266 5541 703 1039 906 3322 9629 7225 1496 4971 4040 3271 8130 5589 1461 1494 9109 6353 1319 1704 9988 3510 6017 8506 527 6353 2528 122 6235 9713 3807 1998 748 997 5142 7420 708 7522 8085 1027 6590 3934 6223 6142 3696 7992 6152 5251 8766 7784 8388 1525 1629 5902 1684 8934 884 4404 8201 6139 5897 5706 3527 8342 5701 5300 1642 552 6189 8173 6544 6114 3336 1242 1499 9260 6192 8200 7025 8132 4441 5282 6241 8105 9996 6202 4113 372 4813 6065 5169 9077 9439 4817 1154 6015 9483 4733 1359 8702 2133 9577 7375 9904 6257 5729 6275 9533 1877 9531 1178 7154 7909 5607 826 3916 6068 573 1369 2209 506 4753 1374 7395 2550 519 1988 2754 8329 6982 6341 4238 563 3878 5575 7857 7673 4205 2909 2640 9942 8494 8382 42 9748 2670 2211
5192 2226 8801 3097 4445 373 2034 3077 651 574 3282 1470 2177 7582 5197 1228 4534 3119 997 3661 5156 783 799 2351 8244 5240 1517 6085 7198 9461 1467 385 3462 7348 3202 7415 7328 588 0 958 5145 1570 694 5376 9238 9405 7036 4827 3051 341 5385 7457 2055 5049 2714 7516 6199 3932 3638 2487 7014 4495 1462 3660 6783 9539 9472 6468 3130 1504 4249 1898 9863 3235 8640 1983 2705 5309 697 6294 6487 2718 8150 2786 4769 4677 3202 3321 2762 3279 2143 8423 9561 9470 4694 2700 2476 8481 4414 6254 5187 7732 5457 4003 5787 4057 1831 3963 3668 4159 3250 3848 3851 9532 4162 1182 3518 3482 3887 2957 5080 640 7210 7067 6562 3243 5531 4316 2485 9217 6322 5438 9278 4370 6123 6534 6147 6128 4739 904 534 9288 2546 2997 768 8083 5373 6436 4400 4461 5542 2604 8840 4616 3950 3639 4049 7385 8909 141 870 9828 8792 8342 1896 593 9259 9624 937 4996 7163 5080 3324 2690 8204 533 3096 2568 5299 3797 9527 7233 8983 691 6495 9302 3235 5617 553 9206 1093 1394 5997 2944 7618 1464 5541 8721 2834 8768
384 3808 4790 3323 5136 3449 9111 610 3419 4207 7501 5243 1925 6406 8173 4542 4746 5950 1156 3216 9713 5457 691 6643 6055 1187 2527 854 5468 7484 5080 1913 5503 6974 712 8506 6160 6230 958 0 8814 9724 5553 556 9368 4860 2007 1797 2480 4519 1658 6158 934 1426 7985 8525 4921 4331 4355 7487 9074 2935 5984 7279 4310 5239 2586 4291 9866 8487 8778 5087 7169 4152 2356 1606 5670 4305 7128 4310 7976 6732 6132 4119 6855 7670 9497 4909 6427 2078 5720 1439 8936 4251 209 4988 6433 792 9067 4495 3649 4183 6101 3163 4740 4226 201 4160 8255 8359 4526 3293 3645 779 555 5772 6273 3152 7159 4913 8823 7105 7462 7246 9620 6019 7363 6026 690 2303 7796 4131 5478 8471 2783 1361 4141 7982 5946 6655 880 40 3760 2846 1414 3145 3178 7018 7079 8007 5584 3409 4130 4728 4319 8067 3108 7914 3871 2225 722 3258 5185 9171 5764 4520 1221 9178 7155 1381 4201 3315 634 4216 8565 8566 4590 3021 5209 5776 6002 1560 4614 6345 2832 2171 3419 7506 5211 5605 3567 9687 20 5495 7374 4006 2161 596 180 7716
2814 9515 6106 7465 4126 3830 9294 2452 7184 598 366 1994 3603 1155 6585 1151 6274 9964 9356 3381 8291 482 2953 7263 6977 7714 9802 3953 4659 3929 9661 9821 9567 6423 384 163 3886 2824 5145 8814 0 2464 9447 4707 598 913 5615 2735 2790 5448 7677 3552 3615 8714 3327 9678 3182 8642 2537 8285 1283 7846 2587 3461 5614 7188 7919 155 7524 4804 2614 916 7054 753 695 2272 2811 2083 5567 9866 4068 1437 8368 7745 4434 2182 5143 4598 5515 5757 4492 9846 7645 6270 7691 8533 5995 5996 4755 2893 7822 3710 7062 3230 8580 1809 168 7680 9844 8436 6994 3028 6726 5735 1573 8803 5008 678 3017 8217 1674 774 8 6569 5258 8724 8167 6005 7895 2598 711 1772 2962 9338 3282 4962 1677 7140 9922 1376 4120 4221 5813 1711 9831 5926 4123 1259 476 8635 4305 8907 8558 1936 7439 9173 2137 9047 2531 3487 4409 1419 2490 1847 7591 4665 2698 5768 3814 7044 8276 3639 3014 9940 2111 1643 5313 2980 2530 6583 7454 1863 214 8513 9907 1550 7803 5462 8429 1859 8197 2508 8065 2476 4345 8078 7849 2469 8013 8015
