200
0 6555 7928 8244 1277 6442 8433 194 9579 8159 8790 188 2980 2405 4583 9336 3851 3252 4702 4555 3672 3797 8065 4238 2088 2429 5115 7423 4449 4936 1112 377 6873 8503 2164 2415 1932 2446 6522 5893 1157 5910 7600 5055 9749 4772 4200 6675 8102 2828 382 1568 6452 221 83 8717 2227 6416 5993 2565 5428 863 6095 1625 3674 462 9470 6783 2400 5723 6438 6889 7719 7507 5369 3552 8082 2820 391 355 220 5413 7437 9161 7776 6432 5569 4301 5153 635 6026 2887 8264 3927 5853 620 6106 7982 9525 4699 4032 8970 9825 2543 4698 8143 7482 22 3394 3227 6344 2873 7629 9661 9215 3924 2065 5514 9943 1776 6167 9916 8791 311 7216 5632 4432 7095 2027 2362 6332 9391 3165 6444 7275 5647 3343 2910 3329 5663 3457 250 4987 3415 7554 7486 3594 3739 1945 3232 1319 2953 2190 9585 5161 4149 2657 5947 5078 8108 7977 6950 2988 1678 707 8951 7973 7931 6712 6250 8251 7466 31 583 3564 6573 9032 9687 6717 5636 8321 534 8462 3585 6362 8481 1673 6808 3493 7416 9994 3941 9378 5112 651 3923 9851 557 7767 8877
6555 0 2710 3736 4285 9420 3757 5722 8024 3575 1035 6641 6479 6897 8719 6289 5804 4623 4762 3141 5681 9881 4735 7210 740 1610 7794 3958 9991 5585 6189 5873 3943 2243 4679 7309 3507 256 27 9532 459 6840 417 1492 710 8881 358 1632 501 7750 7467 7952 902 5683 871 6687 2340 673 2141 121 3343 8700 3664 5571 1028 5673 7464 3982 6300 7755 8076 6097 6888 2588 9070 2345 6399 6584 1174 9290 3031 8846 1310 8495 5071 767 907 2334 9304 5843 9651 327 3833 41 2291 2445 6960 9879 7677 4804 6771 8222 2545 3313 2945 1726 5491 3460 8878 4178 9482 4817 9651 441 7441 1090 9944 6500 368 6970 9711 8683 3086 329 8791 1404 2253 8047 7177 5408 495 2132 2814 5235 9131 5612 8623 9121 6012 2443 9355 1698 9423 1752 2150 9685 2954 2192 9621 3723 1978 2670 5925 645 1975 4052 4409 9685 6371 2315 4056 2292 7348 6188 4775 6872 1288 6793 9881 3002 117 2274 2648 4650 7843 1515 2605 3602 5326 8087 8221 2095 9265 2025 5501 8175 1610 4387 7990 3100 630 3776 7370 3835 2520 1753 5938 6320 2335 4501
7928 2710 0 5790 4103 8401 5959 565 3532 9368 214 4707 7268 4877 7504 7485 2008 1374 1132 298 9647 459 6783 3273 9277 7674 7158 418 5160 3816 8611 5572 3501 8694 9609 8946 8645 9188 9666 4594 7893 4007 3147 9427 74 2556 6348 4154 3095 7060 2554 5582 130 225 8023 4277 130 2970 9369 3929 3040 6190 428 9267 5016 3827 1422 8925 6946 8514 7976 9797 2062 7914 5632 8783 9489 1617 4888 5421 5195 4780 1171 7876 3899 9718 881 9004 5724 6627 2874 269 2007 7335 3328 6734 7883 5963 8304 1741 3075 1141 1481 7028 820 9554 9160 4930 1265 3260 756 4995 9516 848 2551 7294 1317 5456 9750 5968 6175 4982 1018 5011 8168 4016 8836 110 3162 8869 8198 5072 2214 4450 999 1864 4452 5223 9075 865 6094 6001 6632 9182 8391 575 1995 6517 1931 5861 2730 576 479 3315 4277 9106 1745 6181 4920 1413 5393 3671 6699 7631 109 3389 5834 2916 9526 7852 1512 275 9803 6436 8605 7684 3124 3478 4036 2287 4049 7279 3077 5969 3695 4937 729 7470 5794 4471 6893 9937 6017 7197 885 5923 5592 5048 972 1427
8244 3736 5790 0 8693 8411 8076 2182 8193 559 7853 5193 3807 9702 558 8309 1622 1681 3253 9302 4278 7868 1907 8913 5408 2417 7134 8236 5535 2800 3900 4501 3076 2819 5946 8314 6841 5856 4629 824 1348 7619 8366 1679 9813 3213 9189 1303 7584 6545 2160 5577 747 1603 7740 721 8803 1115 1104 3281 5322 6243 7409 5641 326 144 3194 4364 157 9557 6694 4252 943 8131 8735 5601 7146 8310 2133 9994 8658 8138 9980 6066 1945 8533 9690 1724 4597 2497 9127 1295 4914 3746 9895 115 4616 9566 6367 248 4320 7864 1664 4590 4810 2495 8126 709 1698 4987 5871 941 3354 4378 8430 665 9441 2454 9733 1877 5501 160 2895 4795 9849 6134 2269 7062 692 9988 2441 6254 8516 6217 7975 3022 4602 2568 442 8069 9423 8145 6705 3447 8419 285 1100 6650 3669 4275 2028 3412 4809 398 5279 1856 8187 8669 4375 5429 7404 2744 9475 482 1276 5767 4307 9312 8549 635 5603 675 2756 8752 5727 7521 8291 9197 5565 675 1233 1791 3809 3641 7114 9375 1120 386 6676 6330 1704 5468 2537 584 8475 8785 8621 7978 102 2824
1277 4285 4103 8693 0 8634 4995 6591 7243 17 4925 3591 5407 4155 442 9952 3858 1439 3892 7238 819 1651 4529 9635 3682 9298 1307 2996 5570 898 678 3158 8653 9519 8095 9362 2581 7941 9808 564 2939 9379 5727 2921 9298 7732 8139 5610 5333 3480 4499 6818 9204 8888 7126 1930 2302 5720 9763 5896 5492 4404 231 3960 7598 4477 9644 7567 9748 1271 8521 9252 2491 6552 3982 2192 2288 7806 2560 6185 9100 5996 1050 6264 8480 1649 4721 7387 4468 2132 433 6176 6537 4202 2729 5470 5425 642 381 1655 5743 8752 562 8278 5572 2285 1984 481 1999 8257 1136 390 7210 6861 7230 1497 7426 8517 3995 7676 3265 7561 8263 2199 839 5044 7962 4472 1061 343 4083 7008 6762 7745 2685 3208 6420 8656 8642 2133 108 3433 5744 7008 3055 6368 7530 2422 8387 1696 100 8106 1137 9314 9570 467 6678 2749 8414 5855 1878 6954 9669 1347 2932 3917 3034 7891 8429 1344 9747 4070 7407 6057 1186 1976 354 3042 1153 2824 4550 1452 7417 78 7133 6374 9595 1819 8917 4935 7663 3264 1275 6565 9685 3754 2567 5757 6812 8015
6442 9420 8401 8411 8634 0 8361 1046 6010 8730 4188 5314 6902 2794 7815 1786 8379 9252 7320 7804 5953 6262 3461 4440 1259 9082 4643 8947 811 3387 9816 8150 5585 7498 1905 362 6481 4785 703 3824 5504 8934 4566 3986 4540 7413 4588 7593 6491 5384 4133 7994 4817 6565 2352 7668 1452 5964 8606 1888 1975 4238 3261 989 7329 4964 2650 5565 9536 4598 1203 4182 2111 154 6071 5323 6317 670 5077 3441 2550 1060 8481 4716 9365 4807 4072 189 4436 7050 3126 6891 6313 7414 4382 1745 1000 8695 283 575 5925 4988 6715 3684 7766 7029 1245 1742 5492 3698 3371 7961 5839 3892 742 2754 8017 7840 870 5337 3548 4009 1518 3067 4487 5608 1745 9735 3494 5970 6754 470 5880 8791 1182 9875 4291 4833 1951 2433 4800 3897 9781 5368 8329 9970 4645 3623 2084 3123 6816 4222 5819 3713 4568 8191 272 8462 7611 8173 9596 7874 265 2717 4706 5700 6981 7478 3289 7478 9966 9197 3501 2567 894 3679 470 4968 2724 4492 305 1976 8890 3335 9199 3451 3765 8297 3670 687 3921 9089 3016 2273 954 2845 1827 3606 4413 8188
8433 3757 5959 8076 4995 8361 0 3280 3491 4583 7098 4781 8766 914 5865 4815 6403 1026 4453 9923 3051 7190 4200 4250 5090 1645 6114 656 815 1528 5820 3537 509 8879 948 1390 9149 9596 2097 1225 2894 8892 2303 5922 3849 4055 1499 4095 8803 4258 2938 5863 5173 5651 6661 856 9667 8393 9726 5246 1464 8013 5955 8494 4944 7829 1024 4553 3731 639 1208 7932 2051 3014 6605 111 3440 9124 1636 2702 1643 3665 9401 2919 9158 3493 6394 3648 1929 4971 6014 6269 8312 4351 5829 4437 3679 9651 8223 628 5152 5143 203 3413 2753 650 2626 6427 1196 6337 5929 1276 5420 6904 1458 3999 1418 8435 5287 1902 7010 169 2819 9457 2767 5139 3362 1518 3935 4234 1861 5877 3740 5740 6760 953 7616 542 293 3358 7440 3916 4338 6377 5146 5686 8506 6209 4928 5211 1221 3644 4624 4752 1421 3049 4286 5441 2578 2585 8647 2965 6791 1638 4419 1570 8069 9573 8358 5408 8770 8815 2062 1882 7650 685 1585 8920 5566 4950 7413 7818 4770 5453 6987 7053 1237 7085 8601 2883 61 8502 6100 6229 5795 6826 3635 6268 687 6222
194 5722 565 2182 6591 1046 3280 0 2187 7070 1893 7817 1384 6019 7079 9902 1555 2517 5618 8267 8359 886 7518 2580 7456 7892 8891 7200 3651 5410 7517 1745 4652 8484 1948 2448 4932 4822 956 9958 7525 3510 8368 9223 3024 8324 9397 8227 8313 3960 7949 285 2194 9215 5719 3175 6643 1679 7977 3643 2407 9740 954 6018 21 7376 6646 3678 3380 5031 575 9506 9174 1946 2545 171 2152 53 9399 5720 9036 2557 2055 3741 8295 2053 9892 3184 9188 9562 5788 8516 4896 7868 9215 3161 4389 7053 1191 4824 1635 5670 3796 7610 9104 3185 1364 7208 8711 7633 5620 8845 2327 1964 9312 6571 7898 9351 5394 8790 2117 6990 6295 9202 8207 5570 2169 390 3990 8943 7663 9760 3914 6542 5009 774 8965 7151 5266 8054 1963 5855 5206 5272 5761 9581 8538 7835 4746 1549 7157 6373 9327 5916 4989 9912 3260 4127 6471 7813 6290 4515 1911 31 4663 5205 4266 4753 5695 5709 6845 7827 3970 5583 1428 9060 9592 7921 7521 8438 3603 7914 9865 305 8965 6757 2669 9535 4887 4835 5172 1004 6961 2490 7850 692 9011 6038 1956 636
9579 8024 3532 8193 7243 6010 3491 2187 0 6498 7258 7017 1275 5783 1678 2963 6938 1754 304 5344 6131 2761 3169 6060 7700 4319 6459 755 3963 9568 9121 2428 1624 1754 4524 5991 7328 1828 2871 4793 9039 311 4982 8626 8955 9979 2139 6043 472 4501 9349 1292 9046 9033 7046 1491 2835 5104 9744 2436 9428 1105 590 3458 2018 8401 8970 168 6018 1386 8527 9318 194 936 5935 6961 3485 6589 6875 5964 7592 4627 6125 692 2248 1583 71 1807 1958 3893 2834 9865 4238 4617 3088 3921 4800 9210 3155 76 5702 2547 5131 5643 116 3998 6321 5765 2176 5919 8660 9697 2051 2054 711 5397 681 2611 7900 1625 6732 4300 9318 8830 3278 2107 3952 2327 3068 1884 9655 84 8614 535 2489 4069 8257 6592 5319 2724 9825 484 5846 8512 2129 1283 9422 3272 9218 357 4261 3048 7195 9079 6565 472 8198 196 5267 7700 7106 3353 5526 3240 2364 108 1636 5753 3706 6438 8311 5854 4206 2413 7453 2881 8598 4715 65 7076 5782 6907 1668 8479 385 1465 9674 7895 8489 9430 9324 9062 9703 3991 8183 8327 2826 6271 6021 2412
8159 3575 9368 559 17 8730 4583 7070 6498 0 3034 3873 6221 2594 9551 4625 3396 8550 8699 4872 9497 2146 6613 6128 9721 3104 2110 1006 2140 3804 6133 7734 4350 4918 2496 4428 1570 2450 8093 4160 5868 7113 3217 7621 7243 1393 2032 1129 9194 8195 1767 3081 916 5286 9234 339 3080 1933 565 7269 1027 3824 5558 8154 4366 5049 153 9530 4973 2875 5182 9783 444 3566 3330 8772 8717 6560 5915 2507 2476 4499 6967 8660 2958 8828 6858 8323 9542 9513 5354 4317 1801 6703 6822 2562 9384 8795 5622 9880 5921 6168 6346 8492 3353 6038 2105 8898 1012 3287 6624 8444 5503 4907 9932 8921 8695 2895 774 5900 992 7900 892 5867 1050 2927 2144 9615 7885 1471 4191 9122 301 9902 5148 8006 3305 2206 1466 8703 3877 3100 1182 6538 4252 63 7430 2166 8756 8849 7469 436 1123 5692 3295 736 8647 9673 8490 9890 9111 39 6946 1046 2307 1159 9230 4967 9753 6326 1689 8214 8410 7223 4624 305 8205 8759 6067 840 2856 1588 5944 3447 2431 9834 5385 7274 1492 1419 5651 5265 8150 1988 6921 6379 8747 129 5969 8282
8790 1035 214 7853 4925 4188 7098 1893 7258 3034 0 3371 7793 376 1186 4658 5269 3636 3747 2186 4224 9099 2012 7270 1446 395 3869 8699 1520 7388 356 2607 938 2002 6374 6969 3872 5201 7561 314 5283 5327 7895 2027 788 9243 8895 1641 724 9587 5363 6948 4875 5564 8417 550 9383 6846 7368 5340 7232 1089 8741 4877 9879 8189 5245 7201 3950 9774 6800 6224 8407 8830 8350 7737 6848 5787 2863 9843 2747 7400 1816 2360 8566 3382 3620 4832 8560 4575 3554 8783 228 7340 4076 3198 3368 3535 4882 3841 8453 9152 6259 827 2728 9629 7726 8438 8565 1919 636 9084 215 5311 9390 1550 6367 9121 995 7988 1952 1858 3465 951 8646 7902 8589 4282 4357 6085 6304 3019 4243 6359 1752 3670 4280 4131 105 4514 4566 1894 3573 8904 3610 9744 7207 3447 8302 775 5398 4545 6772 6025 7406 1047 9296 3474 7226 9092 5130 4029 2485 3151 1194 7166 2051 5005 2351 8673 8924 900 4489 3715 4633 5914 7059 3038 4470 6698 4288 4395 1184 586 4566 4689 6975 1409 3167 2216 5970 5083 4068 1078 7192 1073 3084 1388 818 4239
188 6641 4707 5193 3591 5314 4781 7817 7017 3873 3371 0 5665 7598 4856 601 4220 8647 933 6760 8227 8926 3730 3627 9433 6741 809 9759 9348 442 8181 4759 2169 5438 4663 6408 7875 1288 9804 5262 1893 7356 9158 176 7215 9196 37 4967 1472 121 3066 7389 3086 4484 3397 5444 228 5998 8240 8714 7757 5422 9401 4920 954 106 4234 866 6048 7846 3999 8750 6901 8533 4261 3736 5688 9502 4850 4112 285 7797 5137 1179 2512 6806 3628 5368 3256 6843 5070 9857 5365 343 8555 9870 6783 6051 2322 8439 4568 8646 5541 8385 1570 8632 8838 2378 2276 1880 1070 531 5974 4093 7013 9339 7331 9938 7653 1980 8005 5308 5451 4930 419 1250 4864 2896 3325 8802 884 7940 2666 8349 2538 1791 8897 4053 7913 3606 6563 1952 6145 5974 8063 7933 3267 3093 8799 46 4562 6037 3298 7379 7962 2716 2976 117 2018 9740 688 1231 7510 1123 3380 7596 6063 290 4058 7643 5001 1330 9410 2675 8611 8581 2925 4380 1976 7161 6877 2905 9371 1836 2618 7739 5813 546 6922 5299 7239 7659 4270 8809 1321 9371 8522 338 5979 6423
2980 6479 7268 3807 5407 6902 8766 1384 1275 6221 7793 5665 0 7712 4991 9476 4703 1974 4504 8964 3559 4788 771 3196 3602 4664 5853 654 3435 2404 9188 2328 8686 3363 3157 2754 1996 9039 4738 4652 7580 1346 950 6726 3946 617 235 6500 4174 5493 1108 8561 9773 7219 881 1564 5928 1675 7307 3339 5969 1610 9876 3429 2897 4270 8500 843 5076 5646 5731 80 5505 153 2682 2606 3757 3014 6451 2406 6904 2011 6409 8207 5615 9148 3488 8040 5009 4312 6055 7626 5341 2691 6751 3139 3242 8666 962 761 1815 8149 9575 3795 199 7493 7885 8845 9161 9055 8849 4604 4215 7665 946 5760 746 8586 9435 1918 1579 1400 6602 6317 1035 8209 7718 1852 8846 8748 6358 8988 903 867 7716 4394 5863 8417 7403 1141 8949 1461 3705 8085 1558 4391 7924 5915 6779 7930 5517 82 1577 7593 1222 247 678 7241 1386 3547 5603 3859 3687 4526 8994 5038 4021 7816 1789 9330 3657 7729 5993 1147 4228 811 7950 7490 3966 6167 4578 2772 1407 4608 2603 4543 1976 6821 4798 5007 1388 4084 5786 5029 610 4311 816 1022 7742 2681
2405 6897 4877 9702 4155 2794 914 6019 5783 2594 376 7598 7712 0 2442 8637 9988 5499 9018 8890 9863 9644 5699 2196 7953 5812 6014 5597 218 1767 6220 6574 7608 3699 4802 3632 309 7545 6472 455 8235 8885 1153 8836 4475 657 3670 2274 6484 5732 2500 1429 404 4524 4834 9521 3975 6146 7545 1814 7608 41 9599 476 3418 3803 7521 4856 9506 5038 2049 7618 6376 9966 7352 4175 9326 7529 9582 3213 3958 2402 20 7421 3183 5302 3851 8745 829 6619 6527 7167 3872 6464 4817 3178 4437 2453 5921 6724 7865 8035 2924 2705 2993 5448 8902 5261 8687 4608 9974 7179 2664 7203 4349 316 1403 2695 3637 3183 4632 2632 9330 9855 5587 2381 6953 9069 5594 6709 5919 2722 8672 1608 2591 2415 7586 7585 6651 5330 1277 3778 493 2515 9408 9032 50 6925 593 3282 5721 6596 8557 9119 4348 1827 6830 2264 6347 1787 2500 2371 975 6235 158 3025 5221 9540 2711 4741 1970 514 7328 8226 6473 3139 2976 797 9631 3891 3201 4098 4363 9511 7654 3386 4986 7669 4478 4675 5635 9919 4506 4951 7610 2068 3322 46 9892 3687
4583 8719 7504 558 442 7815 5865 7079 1678 9551 1186 4856 4991 2442 0 5381 3055 9534 558 44 2610 4809 7085 709 4332 1973 5616 8634 8182 5566 1888 416 3422 2387 4495 7412 3325 9085 6095 5710 2566 208 2619 5141 6152 5877 1518 8530 9372 2846 7701 3113 6892 1480 6533 5794 7194 7027 7334 9736 8583 1353 5973 759 426 2207 3055 2034 6169 8029 1189 7145 231 3270 494 4625 4707 5828 4419 5048 7989 5998 7444 5086 6905 2487 8354 1545 4674 9262 756 7756 9140 7915 8125 6877 3031 2357 4278 4714 1965 8281 9860 3417 5163 8041 211 3060 5790 5171 9387 563 320 4395 3541 4386 79 6499 3116 2439 2528 1342 546 3510 6271 9386 6483 261 6706 3627 2087 2246 5506 4908 5985 6401 7176 6332 1740 3921 6895 6100 4599 473 3484 6469 6660 2527 5518 3012 3727 6343 1235 22 3886 1867 1738 7139 8286 7363 2795 7268 9305 4751 5862 1959 5208 7963 4459 4053 4839 6773 8386 6237 3953 8104 8417 4509 2717 5650 154 398 9993 6868 178 9276 6793 5916 7312 8465 4616 2168 7706 5428 3819 938 135 8717 1079 5522
9336 6289 7485 8309 9952 1786 4815 9902 2963 4625 4658 601 9476 8637 5381 0 5046 2358 3632 2313 4054 1707 7027 6369 8340 9740 972 5632 5708 1120 2023 4756 2766 303 2862 5706 896 6903 351 7649 6845 1046 4543 6047 6965 1305 8242 6891 5136 7383 9453 7209 6577 2820 8317 7832 1646 4380 2597 4977 7480 9924 5369 4578 200 6055 1455 3908 5654 5482 1455 800 9716 3969 9520 1392 2562 5695 1318 2225 3640 5654 302 6738 9666 9766 9563 3691 8050 3227 1404 7135 9609 903 3252 6020 599 9579 4370 4135 2727 2434 1186 391 2514 6167 7212 6565 5667 4195 7509 6095 2160 6114 4415 6516 1795 7851 1155 1645 628 1782 6181 946 5064 2983 6792 6870 1990 4743 9509 3503 509 9115 4323 1876 8387 8036 4211 7276 986 8920 6139 5520 4284 9711 5528 5427 7217 4254 1344 5359 2888 2705 1180 992 1198 790 5767 7562 1089 3954 482 6063 2126 1413 3945 536 713 1848 4006 1278 7731 8024 7045 9945 296 492 2732 6685 5549 7103 8069 8148 5032 3175 6318 9722 3170 8353 1476 7118 7891 535 4700 3548 6883 9640 9274 9948
3851 5804 2008 1622 3858 8379 6403 1555 6938 3396 5269 4220 4703 9988 3055 5046 0 2929 9582 936 4185 158 1071 983 4451 2658 7009 9509 4840 4696 4586 3125 834 5523 669 2665 598 4569 3837 307 7516 3092 7776 9806 6155 5995 3008 1144 1981 2462 5313 4284 9740 6515 9529 3239 3043 4119 5419 4330 3163 2493 581 4061 7798 2563 3180 3485 2016 3647 1209 526 7834 6957 199 4679 6439 4129 4213 3048 5630 7494 4132 108 7700 7737 1032 511 4154 7096 2410 3835 8455 8253 3415 718 8136 8188 2063 3034 6180 8162 665 7826 8631 1600 926 2081 1725 2244 7899 7601 437 2549 1157 7418 3172 4045 8138 6481 2061 3781 10 1822 8398 2155 1456 1021 1108 7103 9674 9468 1850 963 968 4126 2862 2014 4738 7540 1379 9168 3912 9373 2980 1025 9108 6836 7456 9723 8195 5635 1482 9866 74 9328 2251 5470 1303 5162 2895 8459 6032 4972 6063 923 4566 6731 5452 9170 1626 6863 2731 5200 6612 7605 9861 4541 2253 1946 1081 1353 7162 1040 9599 3484 928 7322 7844 1132 5538 4209 7641 4894 5965 2934 8512 8448 2201 2756
3252 4623 1374 1681 1439 9252 1026 2517 1754 8550 3636 8647 1974 5499 9534 2358 2929 0 3736 5296 6632 2085 9349 6835 4163 8822 2159 3321 8967 3220 8870 4318 4082 9920 9449 5109 4922 3806 1860 4888 3925 9480 6719 6769 2548 4130 5489 675 2844 8464 7812 7593 594 8550 8599 9806 3956 1109 5051 3490 4525 6927 5823 1940 7033 7418 2762 9270 5657 4516 3511 7496 5560 4015 5172 914 2249 6254 1075 4588 3155 9536 4082 3722 708 2560 9494 4012 1718 8697 1199 5905 6879 6149 2201 7376 9892 3248 2066 6382 3011 6186 9137 1742 2472 227 5172 8507 5647 6723 8782 2977 5756 8586 6746 4864 6005 5104 2904 1488 2082 4633 1249 1319 9395 9918 1667 9912 3755 6795 4951 1864 7171 9715 5532 2158 8346 2376 760 4559 5969 9680 7565 2891 7263 8157 5805 5962 4378 8291 1923 8344 1835 1304 8557 6147 4776 821 9061 4047 9453 8151 3228 5694 4444 7899 5193 3411 2746 6046 6339 7043 4063 2062 7607 882 611 2386 765 5508 8527 4031 5368 369 4994 4642 9568 2714 2793 5225 6865 429 8855 6765 7550 3711 8729 4135 340 1250
4702 4762 1132 3253 3892 7320 4453 5618 304 8699 3747 933 4504 9018 558 3632 9582 3736 0 5817 3522 5290 7439 3888 6221 5498 671 2646 7583 9574 6819 6067 2199 7607 7506 4210 8124 5822 87 8645 9089 7382 4694 5991 4835 1939 252 9344 7366 645 4752 643 600 5254 9441 9469 1059 9505 8003 3692 4409 94 3020 7879 5616 921 2961 6202 2591 765 3006 5235 7068 1366 7300 7101 736 2826 1304 5022 6903 1296 8233 7181 5998 1928 3146 4327 1471 1078 7091 6377 5825 1533 4075 4407 5990 9249 6123 6715 4566 8031 8810 1770 5908 7062 7258 6132 6583 2692 113 9654 2763 6153 60 4627 8929 4171 5799 2932 6248 9667 8184 4666 8004 1046 2426 4146 2037 6190 3290 8911 1125 8441 2166 61 6047 3085 4868 9811 7679 6135 7452 665 6941 630 4776 1968 7592 4592 8861 8482 7081 2965 2950 2193 8420 5364 671 8466 1876 5439 323 8859 8469 590 6757 6908 9583 1655 2088 4000 1947 1839 8873 905 1392 5697 992 5423 7205 1099 6464 9885 9775 9216 124 2337 5644 9963 7288 9404 743 6129 5395 7729 7770 8882 9389 2268
4555 3141 298 9302 7238 7804 9923 8267 5344 4872 2186 6760 8964 8890 44 2313 936 5296 5817 0 2067 1926 8684 1209 877 4802 4604 9520 7469 777 4104 6477 8983 7457 3571 4352 4398 2836 8098 1846 406 13 7660 1660 2091 7344 8420 9016 1649 6966 1966 1207 7293 9749 7267 2061 9820 8286 9644 7743 8676 5090 2952 9319 6997 1273 7869 5863 7442 487 9808 3385 9003 8283 5246 2477 145 6973 2746 6611 8391 8007 8331 5510 8107 3834 2334 7133 5140 4110 9332 9529 5369 6525 3135 9238 5667 2909 1098 4085 7472 841 2873 1332 9462 9959 8346 416 8758 827 5894 8874 3877 1162 2611 5764 1537 6266 7529 8894 4261 3480 2057 7 976 7278 2003 9859 5706 1928 9794 8274 5510 1421 3565 8090 5072 3133 4271 7836 4207 3407 7534 9925 997 7517 4762 4861 7127 5044 331 6602 9568 5134 5610 8960 3680 8328 1653 6733 2282 1361 1886 5199 3851 6190 1903 2274 2025 823 7949 2606 9761 7954 2851 5615 7770 7529 1378 2715 169 2810 511 4650 2102 6826 3416 6916 6138 2334 9240 1369 5973 6559 8296 8654 4414 5581 1112 2853
3672 5681 9647 4278 819 5953 3051 8359 6131 9497 4224 8227 3559 9863 2610 4054 4185 6632 3522 2067 0 1161 5109 1555 4310 9460 8240 3697 2885 6675 9679 3796 136 9865 5027 1844 2069 6728 6849 1120 9554 2490 4609 2883 1835 7486 811 5979 6013 3008 2787 4452 3006 6253 4596 9880 8824 723 7487 2141 8450 3409 8233 4803 7437 2773 260 4096 9571 7723 7473 4099 2073 2877 7042 5901 4556 8322 8136 1650 152 2373 7809 1049 2097 9570 3922 5926 6280 5837 1902 9798 4387 9923 4710 3573 8574 2342 9178 8151 4421 15 8990 4800 257 4836 6606 1110 5258 9624 3910 1782 1571 9213 4042 740 8365 200 7905 4468 1335 6352 6167 4916 3353 313 2645 1497 8163 9325 2843 7457 8320 8951 2754 8265 6319 9629 5890 2150 3851 9414 6579 8361 1685 393 4231 1249 6223 207 2550 6359 6859 1498 1908 8820 5110 822 8275 2717 2747 1784 425 6976 2074 5646 4937 6740 584 6131 4704 8687 3039 8651 7961 1279 1406 1896 6549 1309 6477 379 217 7848 1204 1958 878 8168 8759 2976 6818 598 4523 8561 5146 6933 1187 6116 5169 1319
3797 9881 459 7868 1651 6262 7190 886 2761 2146 9099 8926 4788 9644 4809 1707 158 2085 5290 1926 1161 0 2089 4309 7377 1028 953 7726 948 48 8629 3081 5260 2005 5387 1458 9998 218 3772 9584 5339 9451 3135 6066 2460 2042 6716 7140 6096 8458 5713 9526 1669 5054 8490 2328 743 939 5273 8976 7991 4002 8596 1429 8702 2982 4196 5885 2825 1000 3475 69 7976 4709 3470 6941 534 4608 7968 9511 7394 3745 8388 6030 1274 6091 8723 7890 7795 3553 9828 6857 6639 2395 1202 2016 6323 5549 9506 3530 4650 2016 5342 3189 7058 7724 37 5214 6556 910 3972 4181 4715 5440 333 8130 4955 7204 9737 2566 7904 7008 784 6436 2662 8619 4927 4245 9297 854 4269 9010 515 8125 4776 5146 4439 3058 4017 8564 8089 4690 1923 7585 9283 7430 4036 4383 4389 2033 5213 2137 339 3047 4819 7456 3196 129 9022 4964 8590 6256 1932 4699 1800 928 9528 2056 6005 6222 2469 8309 1347 846 5523 7973 4033 4776 8349 6940 6031 5478 6863 6049 3217 9452 5671 8894 8731 4505 8347 3644 8820 6024 102 1152 7148 3132 1386 5775
8065 4735 6783 1907 4529 3461 4200 7518 3169 6613 2012 3730 771 5699 7085 7027 1071 9349 7439 8684 5109 2089 0 3399 7889 6941 851 9953 4245 6818 1673 8187 758 9589 8878 2013 3691 4534 8031 9887 3653 3162 4780 5390 2921 4154 9227 6774 2713 1494 1729 9913 4773 680 8461 636 6300 6622 1318 1370 9362 9784 8044 9929 9007 9599 9701 158 1700 7844 9093 3315 307 8954 7090 4667 684 3878 1731 2460 6452 5680 3550 5528 2281 2158 8397 2761 878 3867 5381 8431 5330 2851 5552 6561 712 6564 1291 9869 2342 1346 1549 774 4362 2600 6959 2871 3860 737 6519 9257 4345 2208 4094 4100 1695 1622 7187 4384 9760 6614 5484 659 9253 2937 970 4431 2278 4852 7719 3942 1974 2888 3463 3146 9460 7350 8278 992 1600 6622 9875 7870 2659 2589 4700 1750 5065 1578 4925 6700 7352 9845 2397 1882 4849 7594 879 3126 3343 2274 8379 4975 8110 4001 3803 82 6120 3415 7693 2573 6541 3919 2925 4467 8025 5700 4686 1876 8510 2854 4209 3368 8604 4386 2394 5781 1732 8366 5929 3466 2433 3125 9271 2527 5869 3831 1136 3632
4238 7210 3273 8913 9635 4440 4250 2580 6060 6128 7270 3627 3196 2196 709 6369 983 6835 3888 1209 1555 4309 3399 0 4630 4439 2034 7144 3290 5845 7429 9900 5246 6909 253 5195 421 2899 4783 9337 5577 1732 6800 2482 4821 1120 8027 7563 3746 1118 3306 1320 2849 7658 4938 6623 5718 1271 3479 7924 2961 2143 7454 4913 5476 4917 7394 2532 3626 353 6119 5945 5071 886 7805 3530 5718 3093 1055 1622 7963 5496 3538 4749 1044 6263 5548 3153 8785 6363 475 6406 2001 7226 8451 4473 6780 9512 1148 4696 4473 7927 909 8552 5301 9087 2603 9620 9507 9212 5547 9212 9242 8182 6890 5077 5683 8150 5649 4345 681 633 782 3956 6338 7695 1915 9101 913 1419 3703 5062 6081 1134 2615 3781 8618 2647 50 441 8027 9494 6061 4553 4387 1246 6694 816 4967 1501 418 2620 9881 379 8767 1856 3330 2396 4379 5703 7196 7843 7335 5474 7484 8733 9820 4335 2563 5242 7186 7228 9864 9123 191 7088 6676 939 7954 2039 2216 7729 499 4189 3661 2421 5185 1618 896 7151 6685 6879 9298 4216 5538 6559 5241 3572 4348 6825
2088 740 9277 5408 3682 1259 5090 7456 7700 9721 1446 9433 3602 7953 4332 8340 4451 4163 6221 877 4310 7377 7889 4630 0 506 3528 802 2615 1419 2375 6018 4301 3490 6100 1114 4668 4650 6201 5803 7198 784 9551 5888 4889 3224 1321 8521 7183 3670 136 4336 322 9614 9556 8506 2224 4612 8702 3740 2072 5928 5547 8638 8366 6786 6241 5890 1077 3528 5033 5311 9007 8783 939 4951 31 2094 1957 9286 5587 7784 6261 1991 6407 6882 6622 9616 6113 4928 4218 9435 4033 378 8626 3376 5888 5538 2043 8836 5365 8429 2785 9654 8451 4538 3705 3750 1173 5491 9152 7396 4053 5781 8951 1653 5239 6181 4127 2148 6615 1683 6616 2184 4786 1609 5882 6105 9667 582 204 6659 2451 4864 35 145 8093 9030 2124 806 3550 6003 7972 7234 3498 178 6825 6113 137 9288 9992 8310 5015 5858 762 3779 279 8671 4138 947 4046 2744 9272 2096 6848 5467 1808 3081 3339 5039 9910 7147 6067 547 1542 3295 5212 552 1650 7321 8373 9511 9172 351 6103 9962 1677 8524 9169 3101 7861 57 5302 6395 8634 1534 9861 2156 2982 5868
2429 1610 7674 2417 9298 9082 1645 7892 4319 3104 395 6741 4664 5812 1973 9740 2658 8822 5498 4802 9460 1028 6941 4439 506 0 8770 8622 6666 8247 3672 3068 2869 1228 7415 8768 1202 8523 225 2220 4914 9507 7799 9022 7909 2306 3341 7806 2072 260 3399 8651 6892 3364 4092 9372 3244 2979 5816 5356 9371 7911 2555 6430 8852 1134 2769 5212 9314 3232 7788 8144 5417 917 4074 8786 9475 8812 79 9550 1056 8119 921 2883 8940 7389 9259 7130 4598 9771 3506 7396 3175 7312 5584 7684 6447 7616 2178 3707 9017 519 4194 7651 88 1766 1866 5666 1964 86 3163 9836 4436 6428 9564 9685 3042 4204 2873 8579 4656 6326 7012 8274 1179 4359 6935 8332 4806 4640 4408 7889 2072 692 7809 1512 5675 726 1110 5103 4527 4253 9231 2993 7145 9861 9881 8874 8244 2780 35 9633 9382 7329 141 8186 2239 4533 6770 7726 9776 6181 2432 3319 7395 7342 4397 8021 1312 1951 7595 7589 5672 4247 452 8009 1757 6027 1501 1049 8936 6528 7779 9997 2357 7725 128 7482 125 5246 3703 507 2257 5956 5431 7190 6215 5687 5556 8938
5115 7794 7158 7134 1307 4643 6114 8891 6459 2110 3869 809 5853 6014 5616 972 7009 2159 671 4604 8240 953 851 2034 3528 8770 0 7191 4122 3998 8131 7627 3237 2440 5705 3080 5408 5434 9798 3746 4350 8532 1244 4452 3159 2222 843 3988 6189 5391 8874 7802 4815 3811 2644 7782 4048 6660 2515 9179 9538 5288 4273 5262 5869 7696 9311 7980 5511 1313 9149 7418 6684 7366 5610 2180 6642 7239 2516 6472 5330 2542 4508 8212 3293 7761 9510 6689 9572 6871 2542 8813 5203 7426 2939 84 9891 6693 9266 2496 6434 3551 5917 4523 7558 305 6768 8290 1955 4808 907 2166 9474 9311 895 8459 337 6058 9298 5185 2327 1133 4790 3047 2399 9537 9116 6617 9370 8244 6524 7858 8189 1770 4313 4238 8318 4074 1898 4093 2878 2568 3353 8776 3197 6755 1475 9213 1271 1973 9807 1221 4975 1032 3025 5285 2664 3070 8021 2750 9266 3498 6136 1776 1392 6194 8064 1120 423 9939 8295 2409 5934 1593 1057 4061 7350 7788 3918 5124 9853 3553 1972 802 8855 9738 5343 5444 7697 2162 3604 4106 521 2507 3828 1513 9971 3072 5002 6971
7423 3958 418 8236 2996 8947 656 7200 755 1006 8699 9759 654 5597 8634 5632 9509 3321 2646 9520 3697 7726 9953 7144 802 8622 7191 0 1100 4964 4162 2476 9684 9424 9760 1052 8023 9674 3821 7541 9425 6633 2874 5113 4711 6408 1554 3366 1589 5529 553 5378 9324 1972 8608 2247 3790 5070 8600 808 5512 8209 4762 2011 767 4983 895 336 880 6143 5995 5909 3682 6370 8335 4490 4133 2597 2649 8460 8779 9751 5485 2881 5027 4209 5032 7869 8488 9856 5217 3075 8906 6355 6284 9364 79 4983 5762 9031 6953 2826 3462 3803 1535 4714 5944 9224 989 8805 2741 6293 4585 5330 1890 5517 5311 67 1324 8559 5312 9439 2711 4109 2384 9663 5171 9534 2787 2703 5020 6824 3304 4691 4893 1800 7705 1638 329 9264 9532 1274 4467 1609 2126 5438 2416 1942 7733 5363 8889 1078 5800 3003 7341 6026 9494 6009 1438 6521 9834 3818 3858 5833 9933 7953 6369 5300 9253 9319 2547 1997 4228 2261 1699 4735 7369 8477 3524 3636 8384 7511 5525 3034 5215 2460 1319 6512 6440 9976 511 8379 1463 2127 6660 7641 617 5898 8084 2643
4449 9991 5160 5535 5570 811 815 3651 3963 2140 1520 9348 3435 218 8182 5708 4840 8967 7583 7469 2885 948 4245 3290 2615 6666 4122 1100 0 2909 8858 3194 1545 1631 7670 1925 8674 7664 7375 5389 8820 7808 4291 755 7819 8776 2579 5007 4987 6276 8177 6852 7983 7570 4554 2235 5931 838 6068 7133 803 232 3617 7377 7794 54 4665 2723 1512 6681 3259 9253 9173 1206 8069 656 825 4769 4311 9452 3023 8192 2310 6639 2372 1921 2839 7824 6622 3579 4787 1875 2511 7280 6772 470 4608 6501 9713 3337 1746 3740 4787 7885 4057 8345 7933 8725 1284 941 4360 7465 2676 772 1479 5924 6091 1227 6932 3430 307 4647 4489 35 3276 3021 3567 8725 5557 3734 7511 5289 5096 757 2901 1189 6420 770 7864 3535 7153 1989 1483 7240 5258 3670 6903 3298 864 9622 3810 8355 3191 4360 1881 5740 5064 6283 2712 3456 6915 4714 3195 9148 9260 4296 9137 1770 9446 2768 4602 9396 6929 1305 5556 3793 2530 5133 7846 4911 9165 8595 4594 4697 6916 5763 9562 849 7945 598 8968 9708 4956 2787 3831 7795 7356 3137 128 7364
4936 5585 3816 2800 898 3387 1528 5410 9568 3804 7388 442 2404 1767 5566 1120 4696 3220 9574 777 6675 48 6818 5845 1419 8247 3998 4964 2909 0 1738 9904 8538 3463 3672 9689 3415 290 4026 3281 2928 7771 255 7801 273 3650 6649 5496 4218 6347 9307 59 3793 3419 9975 1080 1081 4981 7620 3683 94 9546 5217 321 4709 852 7899 1876 6795 8908 4796 7570 6128 5310 1491 8693 6600 588 5270 351 6198 5290 3739 3388 2179 3233 4803 786 3463 8093 7755 3693 5583 4520 4717 7290 1603 4963 8185 9505 1506 1002 9398 374 3277 4044 4688 5535 7464 3344 1670 8039 1432 4986 8397 468 7776 7078 667 8351 337 2568 9665 49 5303 9130 6386 9958 9180 9261 5423 4860 4135 7284 2290 4572 5060 4976 6977 3090 7001 8117 416 9550 6753 3641 8221 1018 6281 1736 2837 5871 9781 247 9868 2328 6208 3994 5792 5591 4590 2063 8075 9950 3935 7748 549 2351 4556 7213 5702 1063 9920 2420 7293 4688 8167 7593 4121 9356 3301 7104 3384 6938 2030 8474 6729 3675 2129 8495 9748 8705 8695 8743 5494 2054 4867 8605 177 3407
1112 6189 8611 3900 678 9816 5820 7517 9121 6133 356 8181 9188 6220 1888 2023 4586 8870 6819 4104 9679 8629 1673 7429 2375 3672 8131 4162 8858 1738 0 403 2851 1443 9909 117 3039 674 8414 9840 6387 5085 8296 7785 6256 5395 9785 2897 8432 8 3380 6439 6595 810 4967 4044 8812 117 8958 2066 8651 2227 1815 4362 6552 3208 3472 3945 7251 8931 3567 1701 1966 8949 8436 4845 4571 3068 3771 7623 3697 2956 7599 1307 5498 9811 6196 335 1439 8653 4076 2047 5591 8530 4452 4568 5057 3789 6223 7419 1234 5624 881 613 2795 3406 8697 8470 2471 4510 2124 1847 2127 6656 2854 4405 9751 974 6164 3156 616 7917 6277 4054 917 9521 7301 366 5645 1181 8631 8232 9374 2859 4344 9123 6852 2270 2346 7977 2908 2587 5973 6794 3777 1722 2341 2401 2435 809 8940 8048 8081 7916 8584 5709 4303 9630 2912 6477 7170 6289 4075 3532 3940 7919 3703 9334 1194 7777 2133 1345 5977 7354 9624 5316 9840 5552 4697 9223 5074 5306 546 5180 6190 2784 865 8568 5669 6247 7440 9760 8607 4239 7618 9032 5232 6325 6715 9418
377 5873 5572 4501 3158 8150 3537 1745 2428 7734 2607 4759 2328 6574 416 4756 3125 4318 6067 6477 3796 3081 8187 9900 6018 3068 7627 2476 3194 9904 403 0 3409 7503 68 6409 6332 4076 2414 2773 6415 9564 3801 3967 172 536 5066 4536 330 986 9880 8373 6967 2866 778 2108 9995 3573 507 8825 882 2058 4606 2120 722 6581 3347 2086 7356 9216 4688 7855 5029 5379 7269 1398 7898 452 3429 3666 6099 450 6031 1513 3526 6423 4802 9524 2897 7148 1971 5471 5523 7694 860 1895 4489 593 8245 2376 1247 7831 7605 4684 5274 4791 7858 6155 8644 4010 107 2402 4506 4423 6323 5234 7129 3888 2303 4994 1913 4785 4198 7445 5938 5160 6332 6645 2332 2951 9609 8030 2191 8285 3710 426 1868 5465 3096 4665 4149 1486 413 7354 4774 6909 6939 5573 5257 8044 6628 8934 5515 1953 7968 2183 1366 351 5131 9868 9613 9629 6744 265 4585 604 3606 8595 888 2843 5783 9547 9219 7387 4804 2341 2925 7280 383 3891 6 2933 7761 5281 9679 1262 1991 8517 5228 7793 9872 5317 9304 3482 9934 277 1412 3171 4638 7762
6873 3943 3501 3076 8653 5585 509 4652 1624 4350 938 2169 8686 7608 3422 2766 834 4082 2199 8983 136 5260 758 5246 4301 2869 3237 9684 1545 8538 2851 3409 0 7576 930 5803 2246 7516 6788 7595 482 8208 8420 6958 1992 5360 2858 7736 4603 2328 7870 3005 9566 8240 1191 6005 925 5473 8899 2728 3414 8536 2747 8536 7895 4260 8567 4478 1105 9980 9431 770 3186 1438 9275 6794 4924 4791 2185 4948 1791 7407 1511 7472 6339 1326 2547 117 5653 4350 8341 844 4434 8123 5271 4124 9403 1077 9436 6929 5226 3486 7601 8706 5708 6053 838 6036 7329 5044 2219 9176 9889 6275 9940 2218 8261 1698 1025 2757 9081 9824 2268 339 2475 9409 8380 2648 7480 528 4450 7611 7705 8106 5184 2228 7190 2932 9113 9962 644 4206 4825 6162 8039 9707 370 3183 6767 4668 6056 9580 3644 483 3794 8720 2683 3323 9434 1076 4363 8563 3235 282 4442 4779 8138 2296 9230 9235 9227 9835 8856 844 2644 8985 6344 9621 9454 3951 6749 284 2059 4152 6233 918 82 1755 137 4212 9906 7092 4333 387 1846 1994 6687 6978 1074 50
8503 2243 8694 2819 9519 7498 8879 8484 1754 4918 2002 5438 3363 3699 2387 303 5523 9920 7607 7457 9865 2005 9589 6909 3490 1228 2440 9424 1631 3463 1443 7503 7576 0 5492 1385 4394 7659 9886 9869 215 5130 4218 1390 9686 5401 9029 6464 9548 645 1638 9358 32 8490 7599 3899 8104 6823 4109 2905 9291 4277 5608 7465 886 1283 177 842 3886 449 1985 8308 6013 2714 9999 4289 5103 9326 8231 5513 1822 3883 8944 9150 2217 2846 3491 6972 9605 3216 8155 4139 7177 7248 6694 2801 6030 7136 8699 6490 8656 407 6699 8035 2881 1915 7383 383 2243 5166 7070 4862 2846 1707 1784 5676 7869 243 7749 147 1045 3541 4528 2281 1338 5614 1080 2531 7824 3432 7986 8282 2106 8177 9489 1773 9377 5275 3599 1681 3829 305 8941 7730 8369 2560 735 3238 4618 9711 7524 8774 8973 2463 5081 8473 1986 7121 4323 8952 2607 6803 7155 5853 8677 3242 8610 5212 9165 6882 7124 2031 7884 3026 7603 2662 8481 3180 3506 1214 5585 5162 695 7044 4597 1418 485 7298 1802 1584 9870 4109 8383 3372 8512 9717 757 9261 3637 7641
2164 4679 9609 5946 8095 1905 948 1948 4524 2496 6374 4663 3157 4802 4495 2862 669 9449 7506 3571 5027 5387 8878 253 6100 7415 5705 9760 7670 3672 9909 68 930 5492 0 3477 4426 2072 3978 4066 1007 5042 6003 8687 784 2179 4513 1554 8157 804 4379 8038 7520 7482 9608 4782 3656 3992 326 9050 9325 1439 2612 3048 1717 9190 425 5654 5295 3418 5758 1822 3695 2149 6021 478 5596 3194 9196 872 1752 2379 9375 5521 1352 5515 6532 9621 6138 1854 538 4337 3902 5924 3615 6155 9529 2014 2987 7046 3809 2428 8806 2987 4162 3303 9079 6118 7021 8777 3005 4552 6454 592 5436 1037 9862 3821 4913 8171 551 718 4525 1416 5740 9745 5719 5452 2897 1216 9209 980 9521 7666 4681 8518 8753 8253 7362 8648 5544 3292 4975 1920 1856 948 2003 7161 9686 9860 7552 2113 3913 1325 5019 3483 4267 4839 5533 4264 2154 637 4039 2542 7831 7538 6485 8849 5430 3069 4817 6398 9562 3291 8143 730 8054 2558 7010 4772 2839 3709 5548 3471 5699 9034 5609 4644 1445 609 7765 4659 6830 5938 2535 4787 7171 4147 5451 4802
2415 7309 8946 8314 9362 362 1390 2448 5991 4428 6969 6408 2754 3632 7412 5706 2665 5109 4210 4352 1844 1458 2013 5195 1114 8768 3080 1052 1925 9689 117 6409 5803 1385 3477 0 6848 7725 2297 5959 855 1549 9157 8197 5994 6491 874 42 2074 594 3910 6352 8387 9680 9143 3015 1868 4012 3211 7314 4555 1800 650 4517 9309 204 5994 1245 8980 4151 4491 1581 9060 6788 7046 2964 7682 3334 5338 3445 3976 1351 7547 8501 9645 1597 3138 6245 4079 1034 4475 5804 6995 3892 4522 1508 8112 9991 9834 6642 5535 2894 2131 4723 8894 4266 3036 8262 8575 7251 5969 5463 2437 2844 7959 294 7283 9817 3405 3376 6114 5730 8819 3462 626 3164 4994 3751 7769 8199 7643 4374 3614 2428 1828 4259 5891 9841 1977 9024 6089 1446 7923 7899 3560 770 7189 1044 7072 1113 826 6425 6168 1485 5317 9717 5031 1152 4101 4189 728 6472 7183 4966 8144 2390 8820 730 5933 4909 778 883 5269 4014 703 1693 7810 9360 5972 32 3359 5801 3845 4655 4379 3764 4534 5779 6312 2096 2041 7894 5233 598 3581 5799 3031 45 9694 5789
1932 3507 8645 6841 2581 6481 9149 4932 7328 1570 3872 7875 1996 309 3325 896 598 4922 8124 4398 2069 9998 3691 421 4668 1202 5408 8023 8674 3415 3039 6332 2246 4394 4426 6848 0 5084 8791 6665 49 963 848 5168 6247 7533 761 6567 7002 7025 9480 8175 3413 4877 1387 7577 3866 2844 9024 2713 9324 8453 1844 7042 4423 9212 4397 4322 380 1852 8668 1789 227 9612 8160 9296 8329 2914 6099 367 8035 3159 4963 6488 1492 378 4010 3822 6710 3347 7184 7840 9807 64 3851 3259 7279 4786 4088 3330 1118 6802 2641 5114 8964 8978 5986 4225 2478 2194 826 6920 4436 3442 2612 4807 4718 4 1427 6660 5863 6523 5582 8754 8307 1476 8012 3836 8696 4451 7677 9921 5062 5574 3430 8103 1562 5641 9179 7784 7879 1115 1136 1620 268 1316 750 3590 5368 1496 7548 7377 7662 8943 6005 2685 8894 418 4048 4620 771 7998 9997 6249 9578 1194 8520 5776 8478 2226 771 3461 5828 6682 9019 7734 5373 6721 5678 6711 9417 2269 8336 1707 6212 9326 5623 1182 379 7328 8849 2964 2983 4925 7907 1164 5461 4711 3717 4622
2446 256 9188 5856 7941 4785 9596 4822 1828 2450 5201 1288 9039 7545 9085 6903 4569 3806 5822 2836 6728 218 4534 2899 4650 8523 5434 9674 7664 290 674 4076 7516 7659 2072 7725 5084 0 3167 235 573 8033 6199 1034 8206 4539 1130 9589 7361 9069 9493 3581 4398 190 4862 894 9960 9008 932 256 573 3503 4018 7846 7836 5440 6666 9006 313 345 9124 7907 2092 4582 2792 7058 7538 8563 2744 692 3836 3416 958 531 2521 6289 1975 264 133 9750 4964 5385 4116 5088 813 7708 9793 4073 4629 1126 2332 8785 6768 6573 3650 1990 8042 7615 4996 6493 5044 5999 1892 4307 2988 4196 5393 8657 7477 295 6640 1310 1287 8218 5970 7749 1600 6350 306 614 8629 4393 4077 2867 5855 4667 1266 261 2439 6643 5102 5582 3405 5221 7677 5144 3060 669 2917 5961 2672 42 9475 6057 935 2663 9585 1280 2095 1828 6876 5105 5467 5767 1050 522 3812 4564 4235 249 7218 3724 298 249 1615 9547 1693 580 1636 8366 6199 6921 2773 1792 2483 6112 3089 2879 6041 3839 5642 9166 1470 4437 3226 76 5254 6556 5439 3064
6522 27 9666 4629 9808 703 2097 956 2871 8093 7561 9804 4738 6472 6095 351 3837 1860 87 8098 6849 3772 8031 4783 6201 225 9798 3821 7375 4026 8414 2414 6788 9886 3978 2297 8791 3167 0 8534 3956 2315 1854 6056 5518 7655 9339 4035 2437 7652 7982 4048 661 8736 6649 8498 2390 1926 306 2290 8597 6523 1712 2701 9940 7659 8615 6793 6674 3023 5110 4298 1187 3023 6898 2506 9511 7477 6560 7583 5998 1590 5697 155 6531 6021 3946 4705 1963 3623 2312 871 3458 3282 737 8004 4898 2906 4945 6138 5189 9499 1425 6558 762 3256 7950 6222 6475 369 4053 1744 2330 6230 3475 7540 1281 1307 4878 1031 1178 5509 332 8773 1629 7230 7412 815 9203 664 1085 8406 414 4749 7593 9035 5490 9639 7240 3050 9817 348 2445 9034 1584 6185 1796 7285 7225 7213 5451 8502 1020 4592 7214 5952 3634 2378 7952 3749 1755 8416 5596 9859 4310 4520 1411 8576 4912 4760 4124 7625 5480 4205 1818 7064 6514 878 2956 189 279 2538 2234 5191 3115 6269 6388 7065 727 5828 5032 7563 8320 4132 2616 4156 1627 5720 8975 6741
5893 9532 4594 824 564 3824 1225 9958 4793 4160 314 5262 4652 455 5710 7649 307 4888 8645 1846 1120 9584 9887 9337 5803 2220 3746 7541 5389 3281 9840 2773 7595 9869 4066 5959 6665 235 8534 0 4560 2276 9952 3625 4709 8800 3166 1329 2764 5212 2097 9017 7660 8654 7546 3569 614 8260 4025 9684 3739 428 1617 6864 621 5709 8573 3614 434 1182 2310 2321 4739 8897 7269 1182 2022 5700 5787 4321 3874 9996 3534 2748 3853 5473 2123 3769 3638 5621 4709 4825 8687 7735 7931 4936 5636 3781 8697 7814 9293 1082 5598 4574 6868 3724 8213 2321 3929 8840 7946 6952 2997 3017 3626 1833 5694 780 2759 1516 420 8475 1475 8283 6840 5558 4494 2830 9274 1135 5966 2541 538 8785 6570 5599 5156 880 4319 5650 1261 629 8205 6625 9053 8832 7892 5628 7684 3625 4662 3828 2647 3555 473 1935 4179 7928 6424 3204 4082 6623 7923 7829 9760 3498 218 8602 3240 2844 991 2544 4664 7587 5657 8983 1037 9960 456 9242 8535 9038 2710 6973 79 7192 4927 976 3838 9940 8643 9748 9256 4277 1244 6176 1121 7117 1008 7176
1157 459 7893 1348 2939 5504 2894 7525 9039 5868 5283 1893 7580 8235 2566 6845 7516 3925 9089 406 9554 5339 3653 5577 7198 4914 4350 9425 8820 2928 6387 6415 482 215 1007 855 49 573 3956 4560 0 3601 7760 8751 4271 7118 6075 4042 1480 3990 3845 1496 8596 2536 199 9170 1853 5593 6164 4657 568 4757 3239 7655 5133 2703 6747 6727 1470 6597 9825 7294 3936 4870 7687 802 271 5666 5654 2528 5862 1721 3328 151 2752 6614 6952 5633 7912 9037 3656 4702 3564 9004 5154 500 7377 1015 5033 2527 1492 3302 173 4526 3683 75 4512 5075 1137 4314 7914 4974 1133 3925 4215 6303 1171 3273 6788 4441 6040 7979 3619 1554 2669 7330 5253 3068 7052 9668 3207 7182 8298 7893 935 2113 9857 9917 929 8477 7906 6227 8537 6563 3339 4051 6110 2648 6050 2033 1129 3855 4159 9149 935 6080 9205 1611 6493 8339 4617 739 4267 98 3563 6983 9329 2122 9848 9919 9237 1485 2402 9985 8056 5663 5712 115 7592 4309 3040 6339 8945 9245 8919 6637 4665 3517 965 1060 6005 8247 4208 4 1359 7593 8748 8566 8162 7454
