150
0 193 269 7767 543 834 2861 4412 4948 7160 5744 6537 6779 4462 5505 3965 4625 2505 8954 8203 4559 212 7425 7903 7155 3531 6356 7028 6161 4986 2988 4273 8200 2725 4891 8149 594 4538 3465 2725 7289 4970 2587 7024 8160 1983 4445 34 9829 9092 1357 5816 3574 7359 8320 925 1598 8737 2417 6326 6651 7551 873 4441 6755 2803 5901 5166 2702 5883 3015 789 9962 4878 1225 2047 3749 9935 9976 2535 5594 3781 8082 9472 3485 2656 2356 6052 8657 3161 861 3178 989 9492 9226 6160 162 9521 5694 4107 9203 2811 1398 6757 9325 2560 4473 1507 7081 2334 6287 3578 3656 7781 177 9621 7322 4114 7657 7412 2023 9941 8474 5792 2369 5961 4287 1832 9749 1392 6812 9561 1543 2519 3784 8215 3181 6916 3179 5883 7787 1687 3866 4765 1576 4866 2073 1892 2761 9358
193 0 5966 8423 8903 5956 4085 1414 7416 4306 1528 8245 9507 8073 3022 9869 8995 8858 5384 4005 4931 5882 9235 8295 4631 9343 5010 163 1214 706 1413 1820 7865 8744 3620 5312 4218 9135 9836 916 2879 9169 7860 8475 4896 8517 2084 9295 6661 7572 8909 5795 9734 614 6538 5662 1351 9917 9641 6179 4299 7496 782 5370 6568 5901 2999 4394 9765 8920 2601 9795 5545 9670 8210 8161 6741 2381 9286 1766 6139 9738 3433 9318 5445 2171 4625 9108 733 5065 3396 408 9629 3897 9194 3329 5096 849 6544 1179 7647 6599 3246 2241 6390 9267 1277 1384 8528 6209 3143 3035 954 334 1678 884 1514 4254 3623 5598 7470 6235 7365 8728 5609 5502 7396 2179 8927 3641 1198 6790 2474 7856 7192 1240 2527 9350 7082 697 1876 4430 9900 4235 4496 5806 634 1674 524 9470
269 5966 0 9704 9832 9364 5762 1602 2725 8728 9207 888 6979 1228 6242 2184 9675 2883 7857 4297 8871 6074 8789 7704 4712 5993 2662 4619 7307 2312 3322 3803 6694 9144 3636 1794 4524 4904 6622 8633 8947 2329 6597 1125 6625 5886 6454 3337 4606 2691 8621 1593 2312 7818 5075 8906 5586 4896 6712 8123 993 5931 515 8624 3303 1486 4372 3977 9410 2479 3853 4202 4555 8719 9130 9426 5122 6247 4077 7264 5712 7350 5499 6436 2747 9381 5783 2147 9717 9221 9572 2219 2127 3245 3881 5299 549 7305 6376 4136 6292 882 9969 9767 1563 5062 6802 2714 1630 9160 9882 4293 5238 7147 2595 9666 7144 9019 7031 6666 7379 3648 4680 735 8881 7204 1679 5381 3562 8361 2670 9897 6494 6764 4946 2449 1623 406 236 5054 1824 3170 106 3113 3734 7756 2273 48 6829 7527
7767 8423 9704 0 6340 7226 3937 5875 6121 4130 5414 3714 8164 5106 1606 7622 1544 9663 1577 9318 6965 7481 3431 2699 8330 5269 8731 3841 5096 5198 3220 5072 5899 1729 4567 411 6990 8936 6767 6393 6325 3441 8711 9529 4907 9479 1835 1134 7938 3080 6283 2649 373 1094 7762 7137 4687 4688 6910 3386 2188 6638 1130 691 7645 2094 583 8038 2079 6956 6378 2663 3953 3633 4595 4255 3556 6704 6016 464 661 2159 2001 7877 6297 9607 6643 7856 3410 6602 8127 2307 2128 3003 3047 1915 5545 5718 5122 3558 6400 179 7476 4061 6521 1383 7017 3172 8090 9143 5240 5937 7662 3349 3674 8845 5095 3354 5120 2184 5988 1814 4291 9440 745 7024 4806 3910 3182 8781 3243 407 9394 1643 9036 1516 6336 3276 122 4954 3736 1937 4728 2006 1328 6136 8137 6962 2285 9066
543 8903 9832 6340 0 2026 4179 7673 6225 2098 7968 2294 1271 8960 9836 2863 8185 3103 8892 7523 5703 3938 8721 7047 1650 8791 4823 5659 616 6882 4256 6952 3920 8357 8220 2023 8040 9055 5938 1623 3609 104 5284 3520 4183 7966 5165 4930 2235 8715 7046 6844 1476 8147 168 4626 913 7907 8663 8377 9823 3136 6529 8300 3430 2588 2739 9489 9039 284 572 7610 7196 2593 3290 9188 7714 9489 5373 3888 1656 920 5999 7886 7456 6422 1613 875 6399 4697 9857 4960 5130 92 443 4308 3280 6912 168 8923 6484 9297 771 3879 3391 6567 3307 8215 3256 9692 5115 6749 5613 5590 5886 8921 6171 5555 4880 223 3326 9032 9531 2015 5028 74 9440 495 657 488 5681 206 2548 6956 450 9779 1083 6161 4392 6870 432 8245 1560 5132 1951 763 9664 5108 5369 5493
834 5956 9364 7226 2026 0 3009 1168 6207 2226 2629 2180 8605 8246 4176 1415 7996 3404 5390 1276 6783 2331 7732 6383 9613 7617 3648 3009 7088 7516 2900 9479 5062 7167 8488 8151 7905 5274 1244 8947 8702 5846 1290 9026 4607 374 9603 2161 5763 5758 614 8825 1912 8259 4099 6123 4801 6561 4620 188 9559 5439 1590 846 1132 3965 4156 4652 1587 9 1591 7764 7172 443 9199 9070 9506 7277 5246 4680 9056 6967 5103 9748 6119 834 914 4806 2197 626 1051 9216 6942 2626 1727 4385 3509 3159 9634 1557 9603 3892 1770 137 776 435 5244 458 8531 2592 9634 5448 560 5585 1871 6833 7836 414 9646 8490 2308 9530 6564 7288 3095 7678 1983 3727 9055 1674 4023 9676 845 1846 2367 8344 1770 6491 7131 5792 5248 5955 9506 7153 6960 7390 7965 5188 7893 9878
2861 4085 5762 3937 4179 3009 0 2868 9508 8323 8873 7607 1886 3936 2480 2041 9299 1353 6615 6592 1004 5516 9057 6732 2910 610 9351 3666 3098 3728 6902 97 47 6538 5683 2209 1845 9933 8877 3636 5017 5830 9806 2691 4786 5995 165 3186 9523 8896 1167 9792 2950 6379 9386 651 3498 9159 1337 9015 6084 5893 2576 8872 8327 1777 2106 8880 5116 1833 7985 3194 9656 5499 7580 8485 226 626 2521 3550 9870 958 5224 1174 8523 7495 9465 4809 3191 3358 5681 5879 5662 3035 1384 3688 8600 247 211 4195 8399 5106 5115 2830 4071 6975 7571 1352 292 4828 9194 1849 6998 7019 342 7142 3783 1392 9027 6081 6108 2608 8188 9896 2400 7649 2281 2946 7126 7795 9836 6493 3749 2730 8000 1956 8920 7187 5074 5186 8901 6935 500 6975 1719 3733 2148 7663 2010 3363
4412 1414 1602 5875 7673 1168 2868 0 9355 4959 2914 365 375 3216 6132 4434 2152 942 4721 4657 8904 6514 4676 1236 8111 129 149 1017 974 1893 9362 4792 1559 6463 7755 7406 8786 1334 8058 5553 7632 7571 6494 5025 1217 715 8771 5246 5019 314 7466 7479 9647 9240 3764 7045 1286 2155 2177 1436 9959 6886 4768 4478 7967 3932 1729 6803 6403 5862 4324 3440 2034 5619 5920 7035 6292 2026 2097 8849 480 2689 3031 9660 2048 5629 8062 1405 2087 7562 3123 5058 2658 2427 1934 1422 7709 1921 8626 2401 4113 7950 1000 8394 3085 8257 6528 847 8593 3989 5578 4118 5876 6365 5931 7525 4815 1544 5786 8179 7520 7721 9905 7823 898 7290 9027 8127 4061 160 7961 7472 8657 1181 7648 2708 7533 9050 6631 6199 1756 5887 11 556 565 107 3861 7455 8539 6362
4948 7416 2725 6121 6225 6207 9508 9355 0 5336 4606 1503 708 8826 3937 912 2741 5278 7074 2901 3643 2155 4730 8296 7058 952 1594 9223 6655 633 963 1398 8114 6592 2031 8762 7 5092 1702 5372 8998 2486 4649 426 5880 7982 8725 4031 5109 5090 2735 2537 4798 5116 8668 8597 6481 8897 5336 8006 1649 1924 6749 1824 3425 4499 2927 9593 2081 9860 4795 8627 8915 3198 1948 7687 3917 6107 7355 8036 2356 988 6668 9868 9976 2739 8452 4540 3684 5945 6225 7153 7765 6628 1204 4468 1119 4131 1358 123 1613 7919 2494 5068 5673 7152 4790 2987 3552 9089 5456 8739 645 2324 7242 9407 4014 1020 9109 3728 9180 4549 3470 976 1480 4662 2876 8705 4082 6862 9379 7588 4897 5998 2874 7551 6365 274 5042 1017 6187 7973 7830 7737 8899 2955 5118 2368 4293 5716
7160 4306 8728 4130 2098 2226 8323 4959 5336 0 9991 6365 4915 500 9472 2607 3102 489 5405 7280 2149 2265 6841 4298 409 7375 97 9000 9369 358 9119 7804 7884 9865 970 4748 8111 1075 7181 5208 207 4747 9537 9386 6674 5079 138 4651 7339 2561 7669 3549 7639 4933 6732 7331 2394 1358 6826 510 428 2206 3901 37 3657 1836 9080 836 6559 2085 8789 50 7175 9220 1822 8717 1428 7467 7425 1267 5298 8431 2711 8723 6996 5481 7136 7954 599 9941 3719 7102 8546 8161 9238 9079 9020 9668 272 8579 1742 7466 4757 8388 6335 7169 9015 3504 115 8925 8308 324 2844 9926 3401 6536 7385 2674 5797 4596 290 6988 9585 7373 9616 2810 3931 3481 4322 4630 800 1092 5167 1532 5317 9899 5587 6242 194 6503 718 6712 4349 664 6394 6331 624 6884 3869 9990
5744 1528 9207 5414 7968 2629 8873 2914 4606 9991 0 9084 2620 852 3367 46 3186 1146 8505 5236 7102 8561 3541 9134 3466 3826 9855 1213 4294 58 995 2219 862 6763 1346 3302 8096 3846 7194 7787 5225 9961 4946 6298 2716 4955 180 6830 3851 619 9019 1248 1646 8588 3478 322 5433 3505 3457 3059 8629 48 1225 1569 3544 177 9582 7066 9982 9365 5064 9076 2980 3974 4471 638 8869 8346 4833 3797 1878 6949 9965 5511 4909 5904 8611 6430 2841 4805 4973 9869 9817 1116 3251 1194 6940 2430 3592 1433 2214 2022 8507 9922 6164 4610 3631 6879 8519 6844 3405 8352 316 9262 2824 7129 5041 289 7364 1520 4288 2297 3065 5318 5635 8040 340 1976 5868 9044 7371 5875 4865 815 2491 6304 3851 6332 3133 4052 3127 28 4511 5204 5908 2384 6597 4915 6615 1988
6537 8245 888 3714 2294 2180 7607 365 1503 6365 9084 0 5316 2822 4369 5026 9908 491 1276 6778 8359 2102 6208 623 5952 3129 1110 1429 2249 5611 1702 308 2697 1851 131 6414 5380 1375 9147 2008 9034 3999 3941 439 2572 5179 5549 2975 6577 1261 8237 1611 6370 3140 7922 1036 4110 4517 220 1275 4564 5660 1522 3297 8023 4684 8646 3965 4003 459 7365 7311 2075 6011 3738 8634 8547 5414 5839 3981 6098 6659 1789 9306 2140 854 1538 3834 148 6264 3767 9053 5200 4079 7133 8226 5779 6307 913 6679 4459 1461 7851 2850 2007 8093 561 760 1690 7543 3403 7114 6953 9077 8773 862 1851 2232 2912 7403 1802 5013 4019 955 293 5473 7525 882 1123 2576 9348 8961 9228 4645 2196 3086 9536 9753 9079 7856 1123 1699 4879 5697 2487 5319 7206 2638 1067 4853
6779 9507 6979 8164 1271 8605 1886 375 708 4915 2620 5316 0 6053 1119 3322 6201 3901 218 422 480 4295 4854 5094 6015 5912 181 2438 2133 1314 9765 6618 1290 7506 2477 6811 6616 7497 2241 548 5386 8744 6438 2408 5769 2101 8401 4352 1336 8460 9616 5785 8796 941 2250 4410 8392 6512 7086 1026 1408 7208 4254 8660 1558 7040 4235 7604 4386 1622 6915 3213 9776 7906 682 3775 2065 7259 3769 7507 9254 7569 3788 2468 2660 7266 3272 4600 2645 9289 1101 5322 9968 311 5404 1293 1635 612 2929 1244 6918 6258 5166 1471 2995 9381 5371 7362 9290 222 7338 7274 8420 3699 2824 6097 9684 5286 5990 3788 7540 697 4184 1869 9958 1011 4198 2018 9953 6706 9468 447 4720 8761 4994 3492 5750 2533 1213 2149 3119 8006 7390 2700 1430 4594 8448 2745 3334 2242
4462 8073 1228 5106 8960 8246 3936 3216 8826 500 852 2822 6053 0 2233 2268 6888 3168 1400 6354 9913 5827 6221 5347 1169 4074 8718 6507 5615 7764 2568 674 4759 7742 3722 2799 300 3075 4768 32 1199 2639 7908 6688 2735 1808 7012 7318 4100 3735 2350 9680 2414 5309 1527 4285 7824 1237 6004 5034 9003 9051 6351 8538 1849 5824 7819 1828 3430 7846 3733 8049 2581 3962 9367 5210 9606 7654 9219 5788 9508 5014 8502 8186 271 7510 5587 1309 2046 522 5888 4756 9803 2963 4266 3112 7714 5033 3000 9376 8311 686 8013 9371 3037 5443 1034 6127 7021 9193 2632 8012 2442 9300 7409 3879 6761 1032 8681 8443 4748 9325 7184 5967 8735 5916 4866 2233 635 5418 8431 7191 2833 188 2199 1948 3762 8620 76 752 5996 3964 4740 3376 5716 5168 223 4824 3422 5171
5505 3022 6242 1606 9836 4176 2480 6132 3937 9472 3367 4369 1119 2233 0 450 5219 6441 9395 7297 4597 3466 4343 4714 6590 5588 9652 9269 5642 2474 7605 4042 1828 9170 1813 9667 2426 3639 6660 7847 6876 9359 5874 9277 6825 121 5866 5627 7604 5777 5944 6919 8885 9356 2071 5977 6195 512 9523 2311 1396 9387 7035 5192 8542 9337 8148 2014 6776 1770 7854 2108 372 3925 2735 4690 9883 2081 3193 2608 2965 5906 6819 4310 1235 4015 635 5876 8078 1994 360 6123 5369 815 4650 8839 4852 2501 1418 5944 5614 4550 4907 8103 3649 1630 1015 9042 763 7806 9905 500 4960 296 2417 2412 9999 9094 382 9591 2982 1279 5270 5003 7490 2814 3060 8691 1867 7461 3790 1298 9380 3845 6878 2525 2778 3894 7002 1359 3040 1855 6711 2339 1522 59 5873 3508 8452 8133
3965 9869 2184 7622 2863 1415 2041 4434 912 2607 46 5026 3322 2268 450 0 8998 9763 5819 2974 4370 9238 7696 9588 8361 6132 8253 5071 4794 6407 831 679 821 1100 3258 6515 5857 6457 7248 3454 9897 1829 3246 7574 1040 5155 9738 2829 534 3434 4573 6600 9302 9986 5370 3471 4183 5557 4455 5996 9340 6544 8189 6744 1988 5105 3763 4549 2210 9222 5794 7294 5858 3208 6017 7893 8241 6377 663 6923 2871 2899 8955 1615 1421 2060 7485 8793 9867 2851 3084 7728 7927 4666 4931 1018 1745 5302 2793 1302 5216 4187 7616 3318 6930 7518 1417 9887 6353 3994 6908 940 1678 817 4830 4362 2364 5933 5275 5291 650 6919 11 5513 9602 1709 1363 4542 3157 2547 9443 5017 1720 7187 1089 8517 2076 539 4663 9736 7730 9467 1259 1548 2800 6517 58 9061 3543 4279
4625 8995 9675 1544 8185 7996 9299 2152 2741 3102 3186 9908 6201 6888 5219 8998 0 2607 3637 3229 8851 59 8807 4896 408 6467 2868 7859 5144 734 2866 7580 738 320 2874 8816 8280 449 9135 9591 5255 1497 1407 8541 1807 8964 779 5650 7742 5864 4857 5146 502 9742 930 5348 5576 148 8199 3980 4028 2204 6372 4874 8612 4309 1519 3891 3179 521 5865 2596 2429 6869 2787 7621 9803 7235 2178 4592 2951 6580 1504 6469 5658 1052 8187 7359 937 3674 3882 5910 3294 9032 9670 9663 7741 1185 8591 824 7126 5215 671 1392 8293 9167 1429 8015 6321 5009 7745 7043 1313 3103 4687 8578 9450 239 7785 5514 5032 2578 4866 3320 6220 1052 6985 9040 9274 7570 7590 9402 5253 6940 8876 2852 229 9187 5312 1439 1284 8838 9335 9295 5632 4877 7851 3952 5442 5862
2505 8858 2883 9663 3103 3404 1353 942 5278 489 1146 491 3901 3168 6441 9763 2607 0 4299 4690 8769 9024 107 6459 7024 3314 4894 8058 1024 1042 5634 3014 8853 5528 1605 545 739 6812 5149 9543 6170 1281 8677 7106 6168 2786 815 2744 3493 5429 1064 8587 8316 5708 839 7655 2822 7434 7928 2847 5080 4460 6057 555 5502 7245 3096 213 4535 1346 6062 3119 5072 7214 1375 6773 8860 8828 8222 4676 2123 2859 1457 1529 8154 2918 529 1921 6645 2222 9064 7298 5672 1584 2009 9398 4624 2540 8123 6102 4990 1821 3573 9996 7709 2359 8588 2626 7581 9440 3557 7144 4006 1778 7355 2587 3303 7103 562 4434 3342 6832 7878 1035 1297 9172 2662 8840 1530 8566 6880 1821 7693 1760 6474 2513 5092 3086 942 8167 6825 5075 6309 1675 5018 354 283 7537 7795 1379
8954 5384 7857 1577 8892 5390 6615 4721 7074 5405 8505 1276 218 1400 9395 5819 3637 4299 0 4692 485 2583 1351 3771 4696 1394 9581 2991 5373 2203 6763 9022 1320 8170 8387 2863 9265 68 1041 5175 9857 819 3165 822 5113 9750 9390 4783 4116 2572 1530 5034 7247 2653 5119 5684 5405 3593 8860 4846 9694 7675 1917 487 5563 7008 5820 8093 7416 6533 3084 1239 9912 112 1469 6679 7340 7959 5762 3524 3541 7383 8534 13 6729 2597 5024 9537 7904 2078 4117 8433 1627 7724 1639 4527 233 4040 7113 2651 2834 7863 6177 8482 5448 9978 3767 968 8276 4843 3724 5326 9795 6824 6973 4622 9329 6401 1062 3109 1006 7313 1094 4254 5230 7968 967 3855 6905 9804 5710 4065 252 3126 4515 8390 2668 3278 8903 471 1047 2184 2723 4970 1908 340 8841 4337 7904 4369
8203 4005 4297 9318 7523 1276 6592 4657 2901 7280 5236 6778 422 6354 7297 2974 3229 4690 4692 0 8101 3063 674 416 6758 5151 1566 8128 2915 5225 7465 6513 2721 3110 2152 1271 55 9698 5505 5172 5561 3178 4781 6725 6649 4892 3611 6290 9177 5972 7468 8012 8190 2137 157 7741 3714 3112 6555 4132 5504 8019 7959 2728 8005 795 3397 1401 8999 8059 7561 5495 9915 8779 3526 708 1478 7896 6976 4722 5527 1981 5387 3039 8637 8814 205 3347 7158 5193 8554 9631 7695 3901 5589 1331 8597 5378 9549 3726 8366 8330 9335 1570 1162 5068 8536 7891 8561 3401 2089 5695 3136 7558 2092 6082 4846 3458 8024 1483 5698 3706 579 7636 2752 8275 3641 6984 8167 5822 16 1476 4595 7679 7530 8561 8776 840 7556 9540 7876 2556 1182 8131 8489 5663 2690 6071 3512 4355
4559 4931 8871 6965 5703 6783 1004 8904 3643 2149 7102 8359 480 9913 4597 4370 8851 8769 485 8101 0 6356 7711 8489 5826 9560 6741 402 2338 5872 882 4322 3841 9009 6960 2370 1425 2140 9940 6907 3365 9364 7642 5037 8989 8180 8630 4925 9085 1387 8697 7808 8238 5953 2733 4492 534 4779 6045 5301 7655 707 9661 5931 8409 9556 8544 9490 1413 7703 6667 2091 8933 8656 3848 2870 5148 5397 1648 9480 6299 912 5431 6130 2487 1897 5779 4913 4094 7360 4129 2826 6336 931 9828 9215 2322 6519 5922 6238 503 7229 8188 5248 9847 7760 462 7759 2427 8654 9572 4620 9897 1468 8891 2917 6582 9792 8201 4221 1456 9811 9070 343 8515 3678 8282 6255 2944 2006 9158 4034 8668 6820 6118 1576 6915 6547 2733 4102 9146 7582 5726 1642 2547 6214 977 6687 6265 9519
212 5882 6074 7481 3938 2331 5516 6514 2155 2265 8561 2102 4295 5827 3466 9238 59 9024 2583 3063 6356 0 3642 7770 2329 9381 935 4942 7141 9468 7530 1856 5782 5335 9484 1526 6842 4453 1121 6451 5491 6027 3182 4066 1224 8203 5926 9819 8635 4841 5546 8676 8957 1667 9816 3755 6987 5845 4195 5471 6067 3072 9571 5150 3957 558 9556 1335 8575 1837 2470 2794 491 7671 1190 7451 861 6256 9480 2510 9932 6858 8204 8278 2459 8687 8185 9470 71 9749 6955 4357 8813 156 9864 1999 1021 2535 2972 2187 7985 5834 180 4943 6075 7261 8913 6665 5474 8427 3922 2815 35 7691 5354 9579 972 9378 392 8597 4508 9056 4979 3267 7017 308 9548 3187 8136 7886 36 2817 359 7420 6742 6363 4490 4950 3700 5509 8057 7616 8919 2048 171 8193 8730 2618 2550 2253
7425 9235 8789 3431 8721 7732 9057 4676 4730 6841 3541 6208 4854 6221 4343 7696 8807 107 1351 674 7711 3642 0 2735 6821 7840 5689 1117 1163 475 3995 2869 6025 5698 4711 967 4425 7721 2692 5875 9615 6781 8446 6286 8103 115 6653 8137 119 9807 1992 4250 9773 8984 2417 1837 8422 497 536 7373 8716 4412 8746 7860 281 1665 8424 1192 9245 2768 7710 3559 7527 9687 3563 6866 8616 1721 6955 2044 9150 1698 3885 5414 6648 5109 6512 9627 728 6825 5795 8143 9630 3738 8418 9259 506 1493 2845 9409 2508 63 5026 3073 7370 9031 3698 7733 7069 5853 9390 7227 8479 9578 9787 9482 3097 3850 1925 9716 1626 9580 4951 6037 3802 5375 9919 9882 3609 3700 9412 154 1449 4021 1604 4109 8212 6076 915 9100 9374 5199 925 9118 830 9306 5250 9498 4586 9211
7903 8295 7704 2699 7047 6383 6732 1236 8296 4298 9134 623 5094 5347 4714 9588 4896 6459 3771 416 8489 7770 2735 0 972 613 2037 9178 2114 6977 2738 9283 5362 2970 2034 3121 4259 9682 6123 9128 1698 7236 2451 2245 9404 1778 3718 3407 7661 7737 8791 1427 1621 5456 3 9941 169 86 4169 7744 6237 5703 195 9163 4677 2762 5061 3775 2786 6365 9944 7134 2870 3933 1886 9507 2446 3643 9184 3982 6600 3803 1241 5882 6721 8859 5701 6853 2105 3635 6990 2625 8146 6399 6126 9992 6714 5089 1126 5648 4480 6815 5580 2573 8677 2672 3162 9593 3010 1915 7551 8312 3317 610 3623 9912 3234 3187 118 9560 9171 8369 1096 4850 9624 2700 7162 2103 4053 579 793 8474 3288 474 6404 2513 2515 7843 253 8396 5275 9552 3676 7264 8258 8755 2377 5979 5504 7209
7155 4631 4712 8330 1650 9613 2910 8111 7058 409 3466 5952 6015 1169 6590 8361 408 7024 4696 6758 5826 2329 6821 972 0 8403 4213 2060 3534 9957 446 6972 2344 1959 550 4768 8464 8827 3394 9834 3176 6600 4685 5299 7659 626 4153 4591 5540 5547 7137 5281 2672 3804 9987 8710 8943 2892 5286 1967 1250 7948 1774 9777 8807 2783 8673 1206 498 2370 6257 3438 7528 2522 9802 7318 4693 9670 6430 4640 7925 6860 4775 2999 9864 2780 4819 1151 9537 3802 3641 4582 8479 2469 1180 5739 8553 227 4005 420 5630 4236 5114 49 3734 4670 8936 7346 5096 8509 580 8109 4482 1462 2108 1345 6091 684 8358 5454 4820 4210 3290 4113 9119 8223 9063 7766 5133 1352 2333 2736 1336 3357 4649 8008 2688 873 759 4145 3902 4496 605 2905 1080 2954 2528 5829 8279 2751
3531 9343 5993 5269 8791 7617 610 129 952 7375 3826 3129 5912 4074 5588 6132 6467 3314 1394 5151 9560 9381 7840 613 8403 0 6242 8408 9452 860 5399 1743 667 5265 5692 7339 4137 784 5233 5817 580 7779 4875 5838 6252 674 3487 7573 5701 514 2336 4854 9939 9616 8646 7653 5547 9254 7767 8850 5750 4774 7529 1964 1390 2410 2744 1491 8342 6201 2680 8567 8720 4754 9077 8985 4077 6851 6430 7352 4067 2752 4067 5992 8379 4302 9211 4339 7025 5635 6142 1204 3761 6827 8714 7204 3981 1868 5944 7336 2062 3374 1394 2952 5172 506 6002 689 6495 1696 9751 7187 4898 3916 8226 8066 1535 5721 542 872 8274 3903 6960 7716 7662 7399 6332 4593 1745 5278 3161 4480 6262 8104 8602 52 1279 9943 4334 7153 8132 7395 6047 2694 5630 6460 6392 2849 8410 4707
6356 5010 2662 8731 4823 3648 9351 149 1594 97 9855 1110 181 8718 9652 8253 2868 4894 9581 1566 6741 935 5689 2037 4213 6242 0 7461 6225 1286 2642 4458 5920 5332 4820 7246 1118 7222 1243 728 669 8251 3742 5519 4470 6003 1443 1469 3360 2546 9234 2698 2445 8589 559 4000 6811 2512 9332 8949 3494 6264 6920 6390 5554 7339 7959 6519 5693 3826 2200 1577 7713 103 6025 2515 2861 2684 7993 9360 6736 1794 1827 5712 3860 3988 7061 7542 4452 4110 2916 8423 5925 325 2171 8944 798 2093 941 2221 6949 5129 6878 1071 5368 4253 5794 3136 3140 6426 4623 8943 6250 8530 7826 6699 5567 8203 6630 4899 7359 9688 1520 1450 3516 1415 215 3517 3936 2069 3277 9442 6318 2167 8926 9772 6920 1101 5138 9564 8592 8401 6796 2171 8568 7639 2162 4331 3542 7574
7028 163 4619 3841 5659 3009 3666 1017 9223 9000 1213 1429 2438 6507 9269 5071 7859 8058 2991 8128 402 4942 1117 9178 2060 8408 7461 0 8331 5575 2465 4890 3204 5737 8457 6603 7732 2398 8881 3069 1593 494 549 1234 1577 2015 3670 8378 9899 5949 9339 6747 9774 5786 973 1501 8481 3094 5919 4336 2243 5349 2195 6318 8717 8524 443 8165 911 3767 6944 3819 8656 165 1847 5660 8231 1694 5168 2675 2511 9795 3880 3706 2086 988 8424 980 3743 6403 9311 169 1906 7680 8871 6401 3895 5991 5374 6302 9337 3590 7903 1275 7645 550 108 2425 3914 4330 7298 3616 3183 164 7442 4713 9975 211 6830 2104 8314 4994 9157 7855 3641 9800 3568 6373 3091 8878 9953 6843 4671 3130 5496 2194 4921 6719 8798 291 6395 3890 5418 4320 7559 8259 2063 7219 8644 8789
6161 1214 7307 5096 616 7088 3098 974 6655 9369 4294 2249 2133 5615 5642 4794 5144 1024 5373 2915 2338 7141 1163 2114 3534 9452 6225 8331 0 6599 2793 8400 9001 9788 8589 9173 94 5161 3419 5145 8079 6558 1041 5596 4980 3214 9459 8068 6494 3400 848 808 8067 9024 2907 1088 1799 8363 6029 1173 3505 3566 2853 1473 3516 622 3233 4703 1338 4589 7649 7380 1456 1294 3364 3691 4937 1460 6658 9645 6614 7394 5739 6588 5933 4319 5849 741 5527 4464 380 2921 2111 4674 4447 8324 5264 2121 4258 1240 3378 6382 8068 7191 5918 8564 4109 4391 7601 504 3944 4551 83 1361 6474 8831 6243 6031 4447 2879 553 6925 6272 6712 344 2346 9811 4475 9668 6327 7465 6500 444 9950 4642 6415 1402 5847 1322 5852 6092 7309 941 3474 2535 8542 6566 9195 9352 9170
4986 706 2312 5198 6882 7516 3728 1893 633 358 58 5611 1314 7764 2474 6407 734 1042 2203 5225 5872 9468 475 6977 9957 860 1286 5575 6599 0 7220 9339 7476 4705 3787 9874 4373 4549 2098 6461 7057 5486 9842 4087 2826 4971 6114 9825 5475 4829 5324 9446 6319 2461 5226 9420 7377 3090 4171 5663 8126 3314 8156 1642 8532 5435 1380 9239 1982 5608 3110 2231 6591 6411 4212 1517 6622 4394 63 3716 5058 5443 6015 6036 6636 5379 8934 9677 4895 2313 8014 2580 7342 8187 9565 2205 2125 803 1743 2015 3807 1698 3128 881 2284 5286 588 3501 4675 2227 8241 2392 2957 7821 1351 3304 7679 9896 5407 8485 429 7610 7651 194 6147 1041 6109 9045 5259 2923 6755 5375 1847 10 2191 2244 1002 8807 9695 4355 574 7403 4114 5897 6203 8256 8296 7366 8458 6127
2988 1413 3322 3220 4256 2900 6902 9362 963 9119 995 1702 9765 2568 7605 831 2866 5634 6763 7465 882 7530 3995 2738 446 5399 2642 2465 2793 7220 0 8385 1891 3118 1509 9821 3428 8625 4421 9415 818 6129 6495 6870 5042 3798 8692 3990 8261 71 4990 6498 4536 2211 8578 398 575 5003 1624 4592 9978 6063 5120 2336 7621 1011 6593 8001 885 9856 9946 1253 8936 6182 3159 3949 9476 6568 4812 6551 6511 6626 2200 1658 8258 590 4403 1249 6334 3017 9695 537 4543 6462 6522 1277 2298 8414 833 7285 1876 294 2641 3884 2211 4603 4793 5005 6536 2972 6080 3162 1179 2583 8912 6992 8792 8978 9155 4786 311 802 805 8390 8687 337 8113 5827 8522 1056 6427 3738 8125 7566 3617 5435 668 19 11 4219 3193 8712 9890 4444 969 304 884 7451 7159 7795
4273 1820 3803 5072 6952 9479 97 4792 1398 7804 2219 308 6618 674 4042 679 7580 3014 9022 6513 4322 1856 2869 9283 6972 1743 4458 4890 8400 9339 8385 0 2572 3995 4941 1951 3481 627 7187 5204 5702 4173 6645 4254 4918 9389 9318 7612 6568 9828 674 5088 6355 7794 8614 2732 2317 9449 3949 1775 4408 6689 9330 8943 3734 1695 3031 5077 5200 7132 4486 8355 8571 4965 5338 431 6774 9236 7841 8062 7491 6843 5802 265 1176 9985 1515 1147 8641 640 9607 2717 2468 3802 4116 4042 7098 9892 4522 6163 5740 985 6024 4441 9858 2232 4580 8395 9502 7232 7315 766 1564 9941 3084 3138 3635 4027 631 792 9646 639 4036 8651 8205 8553 2351 7168 1896 5746 6610 4539 9800 4509 5059 2379 6935 8815 1505 7061 8394 8024 3549 3226 3419 429 8150 1780 8894 1126
8200 7865 6694 5899 3920 5062 47 1559 8114 7884 862 2697 1290 4759 1828 821 738 8853 1320 2721 3841 5782 6025 5362 2344 667 5920 3204 9001 7476 1891 2572 0 7497 8445 3466 7177 2180 1369 8172 1132 728 8844 4223 8055 4666 5864 6617 527 1748 7349 2993 627 6949 7976 8951 3988 1750 8205 1194 9673 8727 504 1712 6272 2342 6463 8694 7025 204 1461 1228 7677 1047 2060 1850 6430 6225 3472 4156 497 1416 2301 6925 5973 5043 6140 3028 6504 6598 6849 5088 5124 1897 3959 1847 4522 579 8043 6508 8699 6150 9884 8512 1352 4457 3274 5747 5477 1905 8275 8271 6249 5881 1551 9416 2858 8532 5560 2737 3940 9709 2243 3858 3535 2852 1732 2912 4195 1785 3789 8448 8593 5529 6622 108 8252 6070 7708 9891 4192 9975 1667 5878 9790 4861 3518 6306 9907 5661
2725 8744 9144 1729 8357 7167 6538 6463 6592 9865 6763 1851 7506 7742 9170 1100 320 5528 8170 3110 9009 5335 5698 2970 1959 5265 5332 5737 9788 4705 3118 3995 7497 0 8108 7031 4626 3794 8587 6399 436 8578 5285 6667 4548 7983 788 6346 4117 8474 2466 9547 5305 7895 4981 3569 584 7511 211 7322 1514 7078 1057 2187 8283 5110 7103 6350 9702 8513 4829 8939 2090 9603 8990 5179 439 3315 6381 2752 6751 2195 9727 4104 1224 7143 2714 9002 4971 3065 722 750 8797 7235 6917 3110 3202 6654 3525 2017 4401 4176 5958 4862 5483 7888 6523 5321 8814 2630 8139 6156 8963 7438 337 7422 2276 1701 2192 1266 2366 1142 9957 5263 2259 4218 6882 595 8214 7369 1492 7370 2276 366 4072 7179 1913 7096 4859 5827 768 153 1728 8594 8973 8175 201 1597 4778 2295
4891 3620 3636 4567 8220 8488 5683 7755 2031 970 1346 131 2477 3722 1813 3258 2874 1605 8387 2152 6960 9484 4711 2034 550 5692 4820 8457 8589 3787 1509 4941 8445 8108 0 2472 4647 5471 8146 1857 126 4694 8272 8504 9246 5603 2392 1189 4139 5576 4410 1042 7236 9985 8269 9413 314 9159 6588 4254 6329 5490 6905 4308 3604 187 5898 4588 5303 2502 4704 2609 6852 4271 7036 6871 8712 2578 7231 3464 4502 5362 7876 2369 3367 7707 1188 956 1147 6519 7798 179 4392 7550 7405 3536 3748 4753 5555 2642 4492 5010 9401 3907 5779 8147 8351 1757 4819 5558 2916 2237 6322 1007 3327 3630 2168 2970 1060 2299 517 7666 8901 1010 8757 8900 6048 3124 334 1284 2645 2899 5177 8174 7880 1633 8387 7777 5505 3812 412 5194 4291 8648 2353 4203 2967 4701 9349 8334
8149 5312 1794 411 2023 8151 2209 7406 8762 4748 3302 6414 6811 2799 9667 6515 8816 545 2863 1271 2370 1526 967 3121 4768 7339 7246 6603 9173 9874 9821 1951 3466 7031 2472 0 3995 5926 247 1220 7683 6431 7546 486 5193 7868 5717 8712 8358 2240 8077 6259 487 5836 9391 3338 4826 828 3461 8246 5022 7470 8257 1370 9409 9442 3896 5373 519 9458 8143 5942 8280 9104 5021 9599 4488 8885 5907 9168 4926 7155 560 977 4429 6015 2429 1419 8411 6563 4263 537 5429 825 1330 3577 9456 8273 4019 4990 5268 7514 2305 7447 378 63 5223 3933 1011 8838 7285 442 9623 4220 1030 7988 6646 2823 528 7170 3582 3174 7485 880 25 9102 300 543 9442 8427 1075 7974 7152 6478 2959 1974 678 96 8910 6474 9978 7454 8943 6522 5010 325 284 760 633 5970
594 4218 4524 6990 8040 7905 1845 8786 7 8111 8096 5380 6616 300 2426 5857 8280 739 9265 55 1425 6842 4425 4259 8464 4137 1118 7732 94 4373 3428 3481 7177 4626 4647 3995 0 4261 6242 5557 57 9313 3576 8233 8769 1467 4534 8424 9599 1001 3518 4002 9250 5782 28 864 3203 7043 7147 9526 742 1272 1519 3149 6006 1759 8225 1103 333 8096 1896 756 1092 9094 9845 81 5324 2487 589 9970 9360 157 2978 9214 4622 6960 1049 3804 4961 1411 8089 1178 3420 3279 2227 5641 1493 2044 5993 5700 3617 5837 5308 4602 1263 9714 5838 2107 1206 8495 8127 322 9556 5221 8496 3501 1698 2204 5037 4450 8369 5102 3664 9477 69 5571 6369 7880 5604 9878 6639 7418 2959 38 5358 6122 7910 954 4914 4956 5796 1196 8148 5336 840 7832 4186 1841 5433 5068
4538 9135 4904 8936 9055 5274 9933 1334 5092 1075 3846 1375 7497 3075 3639 6457 449 6812 68 9698 2140 4453 7721 9682 8827 784 7222 2398 5161 4549 8625 627 2180 3794 5471 5926 4261 0 6166 4663 5239 490 3995 412 2353 980 6099 3352 8017 3286 3246 2894 9409 7205 9476 7060 2637 5780 9235 5576 4342 7872 8358 1602 4223 4134 548 1075 9758 391 3789 923 2196 427 8454 5220 3272 8695 2482 8604 2209 4046 9564 1501 4246 3925 5891 9820 2960 2444 5894 7226 7206 1897 1604 1463 6185 5018 5958 6957 4498 7599 832 7978 645 9876 5501 4059 9798 9111 1315 3611 4269 3175 8304 8453 679 8970 2157 2195 1484 4456 6370 6109 9239 2619 8301 8564 9085 3106 8167 7410 5771 2907 6211 4932 1790 6665 8914 2532 4370 7003 1623 216 4497 7955 4813 6597 984 9387
3465 9836 6622 6767 5938 1244 8877 8058 1702 7181 7194 9147 2241 4768 6660 7248 9135 5149 1041 5505 9940 1121 2692 6123 3394 5233 1243 8881 3419 2098 4421 7187 1369 8587 8146 247 6242 6166 0 6263 1768 2189 1762 9370 5305 7482 4377 1890 8610 300 9441 6445 265 1352 5207 6893 7155 6392 2026 2969 5156 108 4835 1326 5995 9061 6379 4533 3763 1044 9266 644 549 9190 3560 314 9978 9895 6324 4417 3068 3540 1548 8390 7414 847 2146 9622 2666 5027 7233 1722 8771 9485 7333 4815 4129 2 7026 3108 1477 5256 2874 8670 4560 4700 3487 7364 7680 6491 6749 2904 8215 1219 1826 2895 7801 4616 6129 3981 3776 5688 7371 8796 401 7123 2127 496 8936 2669 266 2185 2880 469 1902 4639 4556 238 5576 7204 2734 1491 5108 2626 2072 8810 3134 6149 7692 699
2725 916 8633 6393 1623 8947 3636 5553 5372 5208 7787 2008 548 32 7847 3454 9591 9543 5175 5172 6907 6451 5875 9128 9834 5817 728 3069 5145 6461 9415 5204 8172 6399 1857 1220 5557 4663 6263 0 4132 2341 5009 6858 1778 9957 8139 2877 4167 9439 2816 8733 4731 6616 4996 2686 6400 1669 1179 8716 1796 6076 634 5324 9729 6970 2087 7467 8261 6871 2743 263 876 1997 7262 8389 4465 5527 5949 2331 1666 2253 5474 685 217 7035 5289 9477 529 9877 7383 665 5067 9738 671 4443 862 8458 7541 3925 1918 6776 2750 8193 1063 6555 5558 3546 7308 8599 8662 19 5522 921 8605 9642 1059 1958 3939 8485 2051 9342 4773 5258 9467 9334 8889 2222 5645 2193 2461 1937 8321 4067 3134 7402 8106 7147 5194 1915 6828 2116 5558 8584 1537 298 142 7295 7056 7467
7289 2879 8947 6325 3609 8702 5017 7632 8998 207 5225 9034 5386 1199 6876 9897 5255 6170 9857 5561 3365 5491 9615 1698 3176 580 669 1593 8079 7057 818 5702 1132 436 126 7683 57 5239 1768 4132 0 9003 9333 5878 9086 9769 8341 826 1772 2019 8980 1782 9120 6417 8125 8712 6674 4209 3863 1023 1883 1795 599 9030 5300 4904 1925 1897 821 9210 2947 7581 2949 7515 7808 9727 9554 7250 3185 3021 1961 645 1355 3182 2173 1733 3559 1574 3335 7659 664 3768 7754 9132 735 2696 9267 34 8104 7232 2879 7670 8291 6692 4271 7544 4472 6236 8541 1516 2443 7142 1458 3106 9094 6895 9041 1931 9738 7965 4573 6674 7219 3439 455 7633 5646 433 9883 7641 3790 2268 4934 9342 6618 9613 1634 9918 2490 3665 9382 7995 7878 9872 7253 1513 407 8641 4121 9014
4970 9169 2329 3441 104 5846 5830 7571 2486 4747 9961 3999 8744 2639 9359 1829 1497 1281 819 3178 9364 6027 6781 7236 6600 7779 8251 494 6558 5486 6129 4173 728 8578 4694 6431 9313 490 2189 2341 9003 0 6816 7308 8598 1884 7105 8093 5789 384 2637 6142 317 4692 8544 3867 8056 6871 683 9974 1580 595 3607 7163 2263 3590 826 3482 4023 8582 3264 6200 2518 1862 4437 8894 5846 2407 9039 2860 2955 5824 4253 3630 5809 6682 9109 44 5876 4994 9093 9659 6566 8669 7261 9544 4972 8880 8034 1454 8122 1655 9635 8054 3905 8747 7112 119 1575 3088 4094 8325 69 3998 3717 2121 4720 3081 1450 412 7175 5337 5529 8315 4714 9113 4183 3582 9821 6717 9540 2428 3501 674 6893 2210 4542 870 954 3242 6339 3069 4552 8542 8418 7374 7752 3728 6750 6355
2587 7860 6597 8711 5284 1290 9806 6494 4649 9537 4946 3941 6438 7908 5874 3246 1407 8677 3165 4781 7642 3182 8446 2451 4685 4875 3742 549 1041 9842 6495 6645 8844 5285 8272 7546 3576 3995 1762 5009 9333 6816 0 9970 6140 8192 2203 9749 436 2407 9667 8670 2307 9053 5043 9572 9636 2301 4646 9860 5201 1821 748 6080 341 5549 9723 9314 7753 7392 981 955 5027 8511 4332 3377 3051 4001 8219 2590 8700 7458 2514 6022 8152 1549 8776 3620 7224 6873 7769 620 7876 7747 6046 8865 7611 9367 8817 1136 5536 6485 6883 618 5848 2182 4017 7431 8850 5450 9264 334 5324 3827 7235 7159 6680 9804 6660 5898 6452 9110 6063 3811 9624 4053 5333 3264 7802 9247 9956 41 673 3955 3934 721 9248 2984 8887 1624 5034 8414 3701 6569 6225 2853 2556 6252 6527 7243
7024 8475 1125 9529 3520 9026 2691 5025 426 9386 6298 439 2408 6688 9277 7574 8541 7106 822 6725 5037 4066 6286 2245 5299 5838 5519 1234 5596 4087 6870 4254 4223 6667 8504 486 8233 412 9370 6858 5878 7308 9970 0 9701 2440 7106 4330 3701 5607 3765 981 5232 9475 2137 7827 1774 9245 890 8523 4138 4415 9653 3753 8554 8825 6743 9341 3344 159 6517 9466 7315 936 5421 6566 8564 3136 6493 4030 9455 4791 7748 8345 1281 1488 4095 5867 7774 6108 5878 1067 7241 5125 1475 7387 5911 5749 4975 3062 5115 2725 4727 2821 4175 1320 8435 4069 7905 9192 2333 5351 9797 8489 4318 5899 3133 3229 8338 4105 3072 6204 5157 9237 7746 6516 2000 8483 9309 245 3648 8130 8825 1821 3799 2069 6659 9213 9364 1152 5008 4577 371 9127 8697 3633 3444 9722 9543 8353
8160 4896 6625 4907 4183 4607 4786 1217 5880 6674 2716 2572 5769 2735 6825 1040 1807 6168 5113 6649 8989 1224 8103 9404 7659 6252 4470 1577 4980 2826 5042 4918 8055 4548 9246 5193 8769 2353 5305 1778 9086 8598 6140 9701 0 8145 6463 2076 5232 5421 6896 1559 6515 5752 2388 9603 1474 1807 6153 6516 7950 9722 2740 3498 7797 5791 7796 67 5161 2368 4044 240 3820 1372 314 1170 4922 954 61 999 4600 3664 1683 7273 112 5048 8065 116 894 9212 8300 4221 5615 7631 8061 4719 1543 4785 2386 3863 7850 1019 7085 6483 2788 1229 2575 3538 2366 4890 9562 5305 1430 3278 1978 4600 7548 1344 4294 9535 8643 9591 3836 1428 4530 7201 1111 5324 1424 367 1089 4416 721 6669 8519 9511 4031 3459 7549 5089 2630 854 3125 1449 472 1029 7403 190 2074 4202
1983 8517 5886 9479 7966 374 5995 715 7982 5079 4955 5179 2101 1808 121 5155 8964 2786 9750 4892 8180 8203 115 1778 626 674 6003 2015 3214 4971 3798 9389 4666 7983 5603 7868 1467 980 7482 9957 9769 1884 8192 2440 8145 0 9051 5385 3753 9009 3114 2541 3656 5540 5381 7234 573 1119 5719 3094 4983 7952 8298 3874 3385 8049 2932 576 5110 3842 7696 9220 312 1334 4404 8992 2497 9391 3849 8346 7387 7750 3220 2673 9043 1650 7549 3477 3583 2198 3131 2408 5518 120 45 3779 5183 8904 7101 6197 1969 2474 5121 4857 4247 7 6097 6635 595 9192 2736 951 1883 9704 6542 3743 5811 4587 8021 3177 560 4161 8243 2625 6851 4071 8297 9412 4140 4435 554 4188 1957 7527 4499 347 7692 9132 6515 9418 7558 920 7806 7042 1357 6059 2157 4853 766 6380
4445 2084 6454 1835 5165 9603 165 8771 8725 138 180 5549 8401 7012 5866 9738 779 815 9390 3611 8630 5926 6653 3718 4153 3487 1443 3670 9459 6114 8692 9318 5864 788 2392 5717 4534 6099 4377 8139 8341 7105 2203 7106 6463 9051 0 5752 5752 3054 9300 1780 7573 9561 584 9708 8789 9448 3811 4895 6987 4679 8108 8210 4810 8978 969 9886 9068 3679 6475 6734 568 8991 4106 5017 9581 4863 4075 2606 2376 9507 3648 8767 1185 3306 6826 9744 9664 4095 3473 9892 1365 6441 4252 535 6184 6812 5718 4589 9800 5729 8972 2767 6432 2361 762 625 1476 9685 9058 693 2077 9732 8882 9187 9102 9417 4183 8682 2639 4868 5898 4111 5061 1815 1637 5298 4051 9404 9790 3486 3159 7389 2975 8296 1442 4079 6892 9431 9421 8848 1030 9933 7859 1643 856 4701 8451 4341
34 9295 3337 1134 4930 2161 3186 5246 4031 4651 6830 2975 4352 7318 5627 2829 5650 2744 4783 6290 4925 9819 8137 3407 4591 7573 1469 8378 8068 9825 3990 7612 6617 6346 1189 8712 8424 3352 1890 2877 826 8093 9749 4330 2076 5385 5752 0 116 3847 6343 1348 3357 4486 7987 8000 1652 3883 6089 9144 677 1090 840 1801 8954 7623 6140 2776 2730 8425 4357 7878 5027 9088 6500 4769 6616 570 1311 5606 5946 1261 7626 8285 3162 2118 7176 4730 6729 7504 7444 4248 1418 6688 7917 7307 6395 2254 1111 1363 9129 5667 6910 4777 8630 7713 4201 9600 1976 4264 1927 4383 3924 4848 5229 6859 3344 6075 1649 5614 825 5123 5954 127 8197 4658 8928 1822 5548 8086 7322 4549 9104 4542 196 2522 9338 1448 7251 9693 6345 3409 8461 3607 4694 8528 3404 2341 9503 6827
9829 6661 4606 7938 2235 5763 9523 5019 5109 7339 3851 6577 1336 4100 7604 534 7742 3493 4116 9177 9085 8635 119 7661 5540 5701 3360 9899 6494 5475 8261 6568 527 4117 4139 8358 9599 8017 8610 4167 1772 5789 436 3701 5232 3753 5752 116 0 4787 9989 4803 8448 8934 2812 7851 7777 3837 4410 9813 7950 3312 5911 3352 4805 6996 2225 2519 1862 4721 777 6873 5401 3698 1733 7447 3509 2587 5784 1862 2183 8590 407 7899 2090 2356 6073 6169 331 27 9929 2581 372 5247 8797 8350 1424 2832 6874 6823 9894 5429 7096 1192 5190 9293 7004 3788 3583 1545 9787 4752 8010 453 8289 6564 6337 5968 3509 9429 9508 581 8793 4186 4208 5259 4827 7831 4273 8776 2897 1653 3737 7023 5850 5748 4296 4913 7265 8225 747 7176 1453 3140 4077 8077 1844 5043 6143 1149
9092 7572 2691 3080 8715 5758 8896 314 5090 2561 619 1261 8460 3735 5777 3434 5864 5429 2572 5972 1387 4841 9807 7737 5547 514 2546 5949 3400 4829 71 9828 1748 8474 5576 2240 1001 3286 300 9439 2019 384 2407 5607 5421 9009 3054 3847 4787 0 9967 6766 7638 3160 5544 511 6436 6797 2727 5457 6359 2269 2125 1585 7654 4045 5991 5670 3373 518 6970 6 7510 7485 2680 7773 5795 2205 8363 2822 8417 7139 1678 7701 4108 6546 2020 2776 834 6928 4932 7696 5575 1078 5749 5474 6111 2327 1440 1154 1996 2054 2922 4091 4918 7724 3840 9386 3268 7098 3991 9693 6477 8922 3999 9927 7328 319 2471 4519 9456 6128 3365 3671 413 3572 7088 9196 472 6219 5348 7611 9588 4889 4603 4128 5867 4233 6466 695 8967 7965 7338 2340 1151 8209 4713 7803 1253 5317
1357 8909 8621 6283 7046 614 1167 7466 2735 7669 9019 8237 9616 2350 5944 4573 4857 1064 1530 7468 8697 5546 1992 8791 7137 2336 9234 9339 848 5324 4990 674 7349 2466 4410 8077 3518 3246 9441 2816 8980 2637 9667 3765 6896 3114 9300 6343 9989 9967 0 655 3682 4773 6374 5608 7034 6347 6503 2162 3755 2029 2201 4095 1137 2846 2253 376 7729 7511 7392 1992 6184 8634 5470 4383 2537 4719 4314 2141 4699 8173 6538 7680 6125 2417 8152 7997 4952 9831 6647 9783 5271 841 5983 5807 2611 4443 6918 6402 5677 8279 4740 1921 9501 1490 3296 4245 7656 4930 7259 6000 4033 6119 3856 1894 4554 427 145 4455 989 6291 6656 1702 3673 2472 7841 379 3817 816 8305 4616 9361 1427 9865 9425 7277 4420 9997 4756 1928 5051 7293 6515 6932 2696 8422 3852 2971 4911
5816 5795 1593 2649 6844 8825 9792 7479 2537 3549 1248 1611 5785 9680 6919 6600 5146 8587 5034 8012 7808 8676 4250 1427 5281 4854 2698 6747 808 9446 6498 5088 2993 9547 1042 6259 4002 2894 6445 8733 1782 6142 8670 981 1559 2541 1780 1348 4803 6766 655 0 827 3735 3923 573 1178 3514 8683 6154 5746 9898 5118 1435 9779 95 3315 9326 3608 7334 3062 2631 4804 1046 8644 1522 307 1733 6437 3863 1775 6687 141 3136 4404 3707 7843 4915 6806 9848 8972 3840 32 2708 9954 388 8037 9025 3480 8393 5905 9202 9040 3602 5626 6805 7029 3560 9082 5500 6484 5936 8883 7767 6057 5359 4563 973 9724 8958 5641 1801 5111 7178 4818 3887 4678 207 8293 8190 1099 5678 1920 7761 7503 6677 1764 6099 3441 4220 2914 8066 2045 2562 9401 6905 3132 372 1376 2751
3574 9734 2312 373 1476 1912 2950 9647 4798 7639 1646 6370 8796 2414 8885 9302 502 8316 7247 8190 8238 8957 9773 1621 2672 9939 2445 9774 8067 6319 4536 6355 627 5305 7236 487 9250 9409 265 4731 9120 317 2307 5232 6515 3656 7573 3357 8448 7638 3682 827 0 9317 5013 1601 5742 8246 9228 4498 2897 1252 7663 277 47 7553 2746 7616 1271 5695 7672 1195 6795 4304 1413 430 1469 4102 1444 4465 5335 2891 6944 4735 2187 9546 2344 3778 4979 446 822 2064 3793 9907 8367 360 2415 908 664 6835 5263 1247 7176 8473 5378 3076 643 2133 3915 2051 332 9270 7173 7390 49 9836 5005 4279 6308 8591 6738 2296 5959 4286 930 6239 7708 1448 2164 8754 6353 4485 4245 4096 1559 1597 9088 4872 883 2099 5309 1931 1644 9431 3943 1986 4873 1099 5597 2062
7359 614 7818 1094 8147 8259 6379 9240 5116 4933 8588 3140 941 5309 9356 9986 9742 5708 2653 2137 5953 1667 8984 5456 3804 9616 8589 5786 9024 2461 2211 7794 6949 7895 9985 5836 5782 7205 1352 6616 6417 4692 9053 9475 5752 5540 9561 4486 8934 3160 4773 3735 9317 0 9541 8464 6509 6975 3681 299 2678 5912 2226 4314 8482 15 6908 5818 7917 609 5697 6265 4001 7275 5534 8905 7727 5769 3988 997 764 490 7748 1358 8530 7942 2778 4691 1404 5968 3653 7280 6308 9196 2140 1044 5760 9706 3681 8720 4354 1935 1126 4201 7302 6429 4328 9466 3286 9136 4244 9153 7546 9466 216 5456 6896 9723 1425 7808 1264 1778 8544 9171 502 2340 6654 2957 1552 9510 8985 8774 4721 2585 6114 8032 9653 7191 6451 6973 8345 3661 3590 8271 2057 6351 1459 6466 9868 8539
