150
0 8754 8712 216 5788 8927 184 7225 9330 5091 5360 8427 7752 3401 5114 4264 5519 4227 4162 6823 7447 6645 9845 1846 6025 9093 9795 9809 7746 6733 3452 1195 2860 3736 7931 888 3805 6090 9259 7823 9827 9306 5081 7611 2706 1041 2442 8842 1752 9979 2976 8430 6091 7647 6506 9999 7643 953 1777 2438 8304 8163 323 253 5257 2372 8656 7218 3585 9376 4126 8091 6498 5043 2805 788 7987 4262 8887 4048 605 2784 1759 9440 7072 1130 6545 1367 8451 4029 8277 2300 9689 3585 5463 5234 2514 9819 4801 4093 7795 8441 6940 5438 6334 6630 8433 935 7113 5681 9127 1733 250 9872 4739 2406 9591 6171 4969 2509 3623 1473 7887 4672 445 6857 6332 7067 1970 6381 3832 8664 4370 1006 7349 417 3654 8499 6167 1906 1165 328 6241 2044 1159 3984 5108 3024 3560 1926
8754 0 4306 4634 8528 4100 6746 5680 402 8348 579 317 44 8656 1247 4786 7321 3356 3699 7379 8711 5826 5863 1830 6757 269 9357 9059 364 1863 3591 2925 1246 5005 834 7988 4015 8069 6133 3521 1635 8845 7447 2351 1780 862 9388 5499 1792 9103 210 3886 4463 1414 318 5997 2129 6450 5182 1042 1067 3699 2866 8655 489 6183 781 5628 7688 1037 9767 7551 8633 8017 957 2204 3801 1769 7211 919 8694 5312 1014 4091 397 2635 8664 3500 6730 121 6007 1372 9753 1721 1731 1291 8186 1259 5149 2893 2991 5284 6912 5387 7497 8326 1691 706 7023 8834 3617 5468 6424 6251 3022 486 180 6729 1745 2963 8019 1468 3408 5257 9260 4727 1341 4764 6954 4567 7840 2440 193 4596 3989 5339 4058 2595 7912 7099 7479 4904 2422 9423 7696 8892 9337 9574 2457 2607
8712 4306 0 1337 7217 8046 5273 9706 2487 9841 3302 1614 5053 1011 7681 9615 7885 170 5465 4755 7544 7283 210 3911 8995 4460 6797 1363 8496 2207 8777 7211 7360 393 9812 969 7693 3227 1716 804 6830 2974 2240 3108 9310 7945 5668 6136 1137 5034 5469 8656 3934 9415 6719 1674 2724 1059 8754 9867 2580 6442 2861 1391 5033 1063 854 7017 6301 781 4113 4093 2224 7621 2734 3266 6361 2685 7236 1645 6558 8263 106 9942 9051 1345 1363 4482 1354 3741 3180 8738 857 8883 3296 7101 3460 7406 3212 7337 7524 7188 998 4883 3756 238 4105 9126 7270 4601 195 5822 1946 4241 9835 2313 4370 4591 4381 3490 2020 3169 2787 7839 2504 8254 5528 7942 2728 8878 5966 9532 6099 7634 4223 9507 8090 422 5165 5553 3454 2118 4078 1104 8465 6758 7689 2584 360 5947
216 4634 1337 0 7478 2017 2372 1271 1084 9812 3779 6099 7478 6430 2052 2615 9482 1471 9220 1892 3524 3520 6887 7489 76 6625 3980 4538 5867 1512 7354 9650 9030 913 9810 5389 7752 8884 8451 6394 8905 9816 9400 6486 8659 487 9851 4014 9997 4086 9175 7478 9812 8744 2841 589 5424 3549 9059 9654 6977 7124 7964 6725 5533 3679 7573 9269 5291 1192 3129 9670 3262 868 6513 881 4201 8644 3533 7701 8556 6656 7930 3867 5517 661 3097 2711 2338 2350 9431 5174 6697 8783 6243 5612 415 3134 7002 9582 1197 4835 6891 8323 4874 8506 5663 2002 5264 5346 6181 4327 4091 1061 2772 3702 9942 4777 6976 560 4907 9434 6378 259 5796 207 909 166 6495 8722 2093 6250 1694 7211 9237 6358 6866 2425 1795 9573 2112 4915 7543 7732 2039 2911 1155 5139 8251 258
5788 8528 7217 7478 0 1030 4999 2574 9064 6271 1426 9169 4631 6524 4249 1912 5754 5428 3888 3521 4487 7614 9977 1320 1136 6466 65 6972 7333 4466 9149 8707 5523 74 1177 6202 8049 4430 4994 5880 3248 5377 9279 278 6840 686 3455 714 5029 2584 2673 6066 3679 3891 499 4881 5627 8544 4692 9403 1956 1313 3906 152 9171 236 1137 6607 4106 1197 5795 8554 532 33 7375 5120 3781 5605 5324 4998 9111 2424 9972 9298 5342 5434 1206 5724 530 7932 9152 3148 7227 2763 4622 2917 456 5293 8285 7853 9409 8461 3644 4343 790 3671 8252 6506 1634 2543 9019 301 6425 983 4597 2761 1743 2587 2669 8070 1499 6390 1113 4376 2548 1075 1476 1147 517 7301 5506 4521 4816 5974 8528 7505 1027 645 2881 8908 8418 3370 7477 1970 6136 5173 1410 3731 639 632
8927 4100 8046 2017 1030 0 7265 4091 1848 9955 1297 4901 5178 3358 4007 2057 5800 4460 5109 6374 8909 7920 4652 2945 9717 9317 6332 1480 2685 5593 1965 1718 248 2688 9208 9302 753 2324 5634 5591 3358 9071 3123 2225 9482 2366 156 8490 3194 1247 9300 5005 2251 3126 2133 1834 4195 7772 5697 1261 5442 5090 8415 3883 1012 8011 4641 9486 5294 2758 1125 2966 9544 7744 8599 5453 2053 2040 6442 6134 1377 6587 2589 7959 4465 4394 5856 1984 8102 334 8979 9760 9018 9585 2164 9572 6653 3180 7433 6976 4706 5015 2924 4484 8259 4893 522 5103 9981 2338 9302 7943 7953 4981 1381 8998 1629 1502 6308 5838 8566 5483 7175 1579 9043 9975 5914 4983 3675 3016 1535 6565 4222 1323 7271 1654 7177 5951 8278 5817 4323 4212 743 698 5993 1255 7773 9535 4121 8410
184 6746 5273 2372 4999 7265 0 7429 2464 6598 8254 1503 7799 4687 3561 2459 3217 5159 7192 5736 1486 2765 9880 3894 1247 2367 7883 2365 5358 3755 3449 1498 4748 9683 7657 5739 2911 4802 2354 784 5788 978 9251 434 5525 5886 339 3031 7031 1676 5275 6075 1716 9132 6561 7280 5569 5511 8461 8723 6317 7670 9814 1204 1512 7968 6559 5359 9745 5557 6327 5223 2996 2096 3204 6758 2384 7477 1015 4918 9777 5879 6824 4077 2301 6433 1108 4970 3074 4926 2935 5700 9074 5607 4030 7548 4680 6457 4708 6796 5502 873 2975 3279 740 563 5945 9570 388 4528 4682 7499 238 4087 1319 2677 3795 5812 6885 598 8471 4119 1897 6498 8333 8807 9616 9316 6651 7369 3573 3483 4165 3247 6947 5310 338 1209 4937 1509 8658 8048 8658 4492 3694 6980 6720 1395 8520 8725
7225 5680 9706 1271 2574 4091 7429 0 3381 9321 5132 3001 4794 5231 1195 7120 7012 5421 5801 955 2208 9352 7563 9224 3553 2389 4236 9109 5697 6298 2370 2750 4448 378 2009 2399 9195 6200 4217 2737 7844 9289 460 9877 8234 1073 1542 8024 4648 2676 118 7463 109 4531 4582 9415 985 3660 1008 8011 7638 1650 751 6841 816 2249 3138 4335 7932 8244 8032 1939 2664 3873 5911 9868 6938 7852 4798 5543 4428 8219 1346 5936 1166 1897 6389 6934 8711 5453 5683 3025 4636 8698 7066 4728 7557 6913 2388 4343 7926 4106 1306 2416 6042 6205 8212 7660 2315 2746 2296 7806 9312 5032 6234 9855 7319 5229 4472 8065 4749 4469 8970 838 638 848 9892 8191 5469 288 3126 7028 6721 6611 7960 3038 3358 5312 7457 4529 8986 1267 8005 5859 7584 206 3313 3452 9391 1659
9330 402 2487 1084 9064 1848 2464 3381 0 472 4890 1300 9481 4790 5415 4039 2705 4 7342 9069 1329 6642 2308 1543 8568 2726 7170 9399 6435 4488 6181 262 2962 2259 7237 9638 4342 2944 9206 5539 5913 5969 4493 758 127 8888 8839 8367 8617 6240 2291 7918 2292 4873 5319 288 1801 1647 3641 5297 5741 2618 3039 6920 8525 7256 7148 6263 5957 2701 6377 3267 4150 235 6975 5933 7966 4693 2558 5517 6715 1956 3299 3785 5273 125 4760 2592 4344 8388 1456 6637 3551 4937 719 6626 4761 4420 5275 6588 8179 9064 5160 5620 7299 4458 2432 8978 7369 251 7542 314 7610 2723 3842 3879 6938 8240 2468 5438 3394 6074 9053 865 2650 8177 2544 3387 1733 5619 8325 5346 1104 2930 1152 6287 9666 6444 3259 5574 6536 7023 8335 3879 4383 8533 7712 5654 4011 1863
5091 8348 9841 9812 6271 9955 6598 9321 472 0 1687 8752 4561 9392 2020 467 7945 9725 6782 9574 5147 9978 8504 176 2257 7020 1582 5980 8845 592 7390 6584 6945 4044 6509 2373 6771 6710 2130 4064 2477 3880 3761 9941 4366 6210 7632 6508 6847 8017 9997 822 2887 868 983 2696 2643 5598 5993 6518 4194 3993 7898 9590 2206 2749 9781 5119 2892 4440 2970 5305 436 9510 9568 1570 6851 3993 681 7491 6397 9004 5121 9055 9987 8534 9076 501 2996 828 2844 8554 4418 4948 2480 7497 2688 4425 2570 4714 9854 7662 2628 7182 558 9405 7749 1752 7166 8454 6531 377 1134 9192 7740 9016 2659 6595 6659 5991 1552 1228 2151 3958 9206 9064 8540 5894 3000 1640 2099 9716 7404 728 8118 4555 495 2522 2917 2434 5939 1891 7842 5737 2095 4145 9434 8925 8737 3884
5360 579 3302 3779 1426 1297 8254 5132 4890 1687 0 2113 8544 7264 6472 9034 8471 4855 9148 4969 2884 9966 2106 5525 8139 643 2706 5263 4587 9995 3879 899 6251 9264 8599 50 1207 810 2684 8674 4363 7108 1582 7540 3044 4367 6311 4631 6624 2097 53 6657 302 4661 64 5542 8322 2014 7665 9852 2712 8656 9880 3953 5537 6365 8868 8599 8654 7201 6440 4362 4173 4917 5446 7179 8179 699 2869 7407 1020 4509 2770 9997 3048 6914 2739 9263 9691 7146 5966 8677 9015 3903 7459 8974 2019 6322 9730 2175 7664 614 4848 4944 5587 822 2631 769 6193 4552 9281 173 4612 784 5394 9743 9359 1371 3142 7869 1203 3180 5261 4158 9606 6950 7179 9216 7185 1383 3980 2854 5650 7734 8044 3442 4637 5226 5145 9678 5685 7437 3746 4124 9518 8993 4441 5383 3320 8639
8427 317 1614 6099 9169 4901 1503 3001 1300 8752 2113 0 2344 9165 3179 7226 2456 8819 3795 7259 7606 9733 9110 2903 8373 3557 3768 6505 7903 7945 8019 9347 2204 7016 457 7763 3007 4106 7936 6727 8643 5214 1651 8138 1457 365 23 7341 9305 3178 5261 6451 8137 557 5990 714 1594 4270 4616 2105 1889 3284 2508 8971 4331 3166 8357 2597 6320 8348 2918 5956 2394 1618 1097 3031 2517 2882 8404 6327 9527 7201 575 1995 4125 2352 4650 5122 1455 9314 6261 8320 2331 6355 6671 4766 7033 7237 5129 5711 1543 2342 9991 5223 450 3177 9151 8777 3689 7887 9279 7067 6674 3734 7009 3035 4370 443 8268 6310 7364 4024 1963 5088 1610 906 8343 2391 7304 7310 8846 372 5641 3391 7618 4156 6907 8322 917 280 7855 2187 9164 4948 2840 693 2822 1652 4478 8036
7752 44 5053 7478 4631 5178 7799 4794 9481 4561 8544 2344 0 9994 2887 2330 5481 218 2643 1990 2737 5239 3426 4740 8727 7607 9187 8324 6224 2399 2206 9655 4752 7472 9923 8575 1244 292 3856 1971 9986 5090 8002 9485 2440 1006 2460 2150 6514 83 8074 2167 8383 4806 2992 4430 8819 4273 4441 6751 75 1318 9469 9069 4980 309 3416 7207 1518 3636 5274 4060 3568 5838 9062 3356 850 1113 5583 6998 2136 6639 3246 716 4633 8396 5142 5068 5747 2430 4177 6716 5163 6781 8075 421 5927 9384 9613 4420 2851 676 8796 9322 6298 4361 9119 426 958 8934 2300 109 3527 2658 9702 187 7771 8977 4059 2392 7399 9898 952 8882 7247 4298 4368 6838 5213 2736 5137 2670 2859 6882 7636 7492 4698 8001 6405 1063 6125 420 1759 8409 5955 2113 8978 6340 5277 50
3401 8656 1011 6430 6524 3358 4687 5231 4790 9392 7264 9165 9994 0 4930 10000 6864 9755 1236 7363 9574 1057 8533 6465 4240 4084 1762 5121 5021 9567 6381 5269 6707 6440 8577 1603 4005 3083 8688 5088 5351 428 5199 7539 5599 3691 9334 8628 9661 5953 857 5451 5288 3323 2695 6513 4467 1637 3590 2093 7466 8243 4148 8540 177 2885 7651 1618 7696 8256 1851 5989 7524 6388 8678 7719 9591 4554 7490 6877 7415 8764 3224 9250 8774 9703 2150 8309 2023 8002 5677 6820 317 3281 7540 552 7370 9849 8102 9954 4959 7520 5464 6101 7137 1439 4231 2938 8799 1623 2738 8589 5411 4409 624 6801 7653 9283 787 4026 2260 5691 8566 7468 2774 9030 5638 5007 8946 3604 2689 6083 4828 4323 2026 7483 2898 3351 2806 876 9926 5242 1930 2386 953 9468 8949 2072 6401 6023
5114 1247 7681 2052 4249 4007 3561 1195 5415 2020 6472 3179 2887 4930 0 948 5823 1357 7406 3719 3767 4476 2276 4567 2565 4596 5087 6629 9413 5957 531 6558 3436 3495 2738 9959 2315 1136 7938 3981 2700 3403 4297 9572 4897 599 8498 7814 9300 4942 3576 6994 7873 2036 747 5035 7926 61 9897 6098 296 523 6015 8151 2906 8126 4212 1878 1649 542 5322 1826 7342 8837 5631 9775 63 7083 171 5096 4708 8748 9307 6044 8515 3513 1850 5702 5133 6713 5512 2158 8631 3004 6779 8947 2266 385 5279 1316 9812 1261 7949 5516 2826 9091 8969 7735 4885 4393 2720 3486 3013 55 1281 1255 725 9864 7104 2089 7294 9923 5838 2342 5567 420 7303 4275 7863 1106 9646 7908 9101 8338 1091 5316 3872 70 1037 1022 4947 8371 8770 1557 3417 7043 629 137 592 5273
4264 4786 9615 2615 1912 2057 2459 7120 4039 467 9034 7226 2330 10000 948 0 2995 865 3712 4326 5807 761 7651 8926 4139 294 7998 1912 2165 688 6696 8779 978 615 5237 4537 4783 6693 5706 6720 4480 5759 6374 3907 3333 7941 9974 8486 3370 8231 4568 334 2458 3791 7663 7959 8584 1937 8252 7034 2677 3025 751 7108 7312 7251 82 7645 6405 8324 8475 3740 5136 5972 8695 3477 4855 8793 4006 226 2602 9921 9719 967 7393 6252 8296 8461 6888 5688 3524 7609 472 4377 2422 4431 2254 6000 6146 1245 2462 6736 2867 3843 3898 7238 2513 9416 398 8995 1151 8951 1273 2010 6508 7909 801 9861 4336 545 4706 1804 4449 1461 8120 7139 5433 5408 4043 1123 2048 1758 8914 1787 7122 3207 6056 4267 9506 8395 7962 9923 9143 993 8958 5473 3298 4018 6634 5567
5519 7321 7885 9482 5754 5800 3217 7012 2705 7945 8471 2456 5481 6864 5823 2995 0 4273 6519 1943 2677 1918 164 6042 2345 5721 8192 5870 1335 1060 6541 2540 9894 636 1248 2560 9748 6354 5665 8349 9004 138 6680 9514 6870 2343 4048 8527 931 7583 3031 9523 4303 5401 5754 5043 8104 6370 4674 6673 46 4807 8541 9789 8715 2586 5136 4281 4704 6267 6504 976 9980 4282 4131 6771 258 5847 9615 5554 712 2997 3933 1974 8799 3379 32 4550 883 5608 6311 3625 8761 7504 7960 6284 3286 8017 1682 9960 7155 8096 8728 7725 1586 9697 5427 2673 1639 5835 3870 2178 4948 7368 9514 7389 9721 2361 4489 3722 7852 3791 8177 5457 8559 9788 8648 2215 3445 5985 2958 2050 9056 1438 8142 5659 1918 6073 4664 3197 1642 5789 8943 6960 2641 5514 2210 6773 4317 3592
4227 3356 170 1471 5428 4460 5159 5421 4 9725 4855 8819 218 9755 1357 865 4273 0 1995 4454 3793 2594 1719 4482 6493 9609 1582 6638 5222 7912 3223 5533 3437 4334 9691 3450 8522 4660 5516 4599 8741 539 332 3192 9072 6702 1025 5428 8697 730 8143 2327 1717 3706 7236 4480 7574 4992 3909 6653 929 6957 6404 8927 2717 7011 9765 9768 9149 370 4329 4848 5882 2512 1828 3660 8392 4271 3589 6666 3705 1888 4593 9424 6972 5494 9229 862 9652 6971 8745 8953 2938 7516 4825 4525 689 2806 7663 5301 8268 7135 6435 1970 2871 7796 7534 2339 7340 6250 2237 9991 1078 5399 3893 3954 3144 8954 2339 5244 2669 1241 8801 2096 5860 7466 250 4072 837 4068 2345 3674 5858 4841 4485 5505 2110 7622 5610 1488 3677 8463 3859 4487 9759 3395 6127 3238 8701 2988
4162 3699 5465 9220 3888 5109 7192 5801 7342 6782 9148 3795 2643 1236 7406 3712 6519 1995 0 3010 6595 7332 5824 4984 6116 8463 3642 8491 9648 9588 5889 2024 3344 5176 2718 3006 1610 4903 2084 9583 5870 3348 1315 6613 9922 5863 5561 9767 1164 5823 6192 606 6270 6166 7851 3801 2715 1390 3944 1614 6283 3251 5859 3293 7497 9240 8096 8696 7906 337 8983 6547 8559 9990 3881 4989 8282 3820 4158 511 4135 6446 8354 9398 3193 5069 1326 4048 998 7411 637 7229 5651 6664 5144 8558 867 9928 8670 3861 6746 2212 376 6715 4593 6586 7789 4280 2411 7202 9116 3307 3650 3751 9721 3169 1399 3176 6640 475 2415 4056 2333 9150 710 2388 1506 9876 6011 4373 9751 6676 9182 4325 8982 5470 4603 8248 6159 561 2416 8831 8226 3917 3451 1593 1528 3399 6483 7928
6823 7379 4755 1892 3521 6374 5736 955 9069 9574 4969 7259 1990 7363 3719 4326 1943 4454 3010 0 402 9552 8066 5862 7134 746 6192 4427 4906 8541 3944 533 2816 3542 8035 6035 9829 3492 6535 8093 4704 9331 2286 696 9064 400 6011 9059 4841 3904 8980 5673 478 3563 6388 4021 6812 3256 1374 4004 7524 7679 9481 2603 4836 5967 8693 4899 396 2555 2026 4907 1418 5546 5392 7732 8280 483 3421 4369 6513 1556 7471 9396 2759 1876 839 4251 1148 1910 2403 272 4543 1183 9673 563 3023 3430 1371 2939 1643 5426 6139 9319 9235 3317 5051 7280 7792 102 7047 7558 5885 9387 2802 7177 1034 667 248 3729 4119 1557 6757 6102 6547 6625 888 8163 4555 5323 3983 2956 9170 3796 8608 3942 5622 5426 3325 8649 382 7130 4074 5234 7473 1758 9097 3638 642 3095
7447 8711 7544 3524 4487 8909 1486 2208 1329 5147 2884 7606 2737 9574 3767 5807 2677 3793 6595 402 0 2468 1384 1818 8164 7677 4289 8529 2244 2732 6054 8287 9257 8693 658 6464 3348 2947 5821 2907 4153 4641 4013 1711 6945 5268 8373 664 9047 1701 6741 745 3282 1180 4214 1224 7439 544 6219 7177 663 8395 3798 395 1486 3127 8219 4362 3755 1160 6136 9677 772 3643 7167 3907 6482 9560 7838 744 8286 5876 3688 3134 6312 6226 2613 9044 1955 2230 4136 4556 6821 6120 3616 7809 1082 1945 7840 1683 130 1321 4284 8422 9222 5308 4680 8041 4111 7063 5728 258 5231 4902 3098 7389 9548 9147 1180 5900 6762 8715 3355 9587 1468 5425 2385 3511 7070 2671 8475 9141 8735 2763 7655 7770 137 5745 6251 8592 1475 3999 4281 4646 8149 8190 3294 8626 5620 3824
6645 5826 7283 3520 7614 7920 2765 9352 6642 9978 9966 9733 5239 1057 4476 761 1918 2594 7332 9552 2468 0 1409 1528 3528 8459 4945 7346 3601 6886 1224 2795 7071 5387 2074 55 938 5654 9710 528 2854 2117 4495 4468 6804 2725 414 306 2820 3779 6620 7659 5042 2385 15 9607 3879 5192 3129 6034 7697 9996 706 4961 2816 8518 5438 8778 1974 6520 1415 7621 6359 204 1832 1047 972 6525 8759 4935 6394 5223 4708 1854 801 4173 86 1967 6157 5282 7091 7908 4247 4187 4913 3447 3072 7174 2714 5300 508 9405 9843 9418 2282 354 4587 1715 1064 6229 5082 1964 6836 9279 6736 6608 3625 9662 8024 9692 7487 408 9465 325 615 6838 9150 1068 6895 5397 3331 3006 1001 8025 3849 9674 3814 8565 1492 5206 9379 3776 8685 2736 3144 7757 168 4709 1646 4703
9845 5863 210 6887 9977 4652 9880 7563 2308 8504 2106 9110 3426 8533 2276 7651 164 1719 5824 8066 1384 1409 0 7517 8581 3939 8303 9705 6443 6036 9828 6427 7429 8633 9075 2618 1548 9347 3367 6109 8625 1304 8450 7344 5865 8126 6772 6008 7013 147 1197 8680 4246 5238 8694 2257 8475 9717 7210 7475 5572 2983 278 1308 7693 1909 7263 6530 2991 838 9400 1670 4120 391 8035 5244 8443 1529 5316 9961 1939 3735 2000 266 7331 5824 7135 2636 6504 6231 3093 4278 3103 1370 9084 3035 5171 550 3864 9975 4627 994 2038 3545 1382 6425 6200 5301 9794 225 7522 3942 7216 4380 1521 5575 2649 9223 2231 6044 6760 7209 7308 7303 8013 9811 7031 923 4651 477 9661 6882 8058 5284 6844 9725 2566 7014 7733 7309 956 8987 422 4307 6226 6488 189 4801 1394 6526
1846 1830 3911 7489 1320 2945 3894 9224 1543 176 5525 2903 4740 6465 4567 8926 6042 4482 4984 5862 1818 1528 7517 0 3995 9997 6896 957 4375 5524 8835 2894 6591 5521 9524 859 4997 3225 7380 5421 6202 4213 3958 1079 5292 459 8521 7356 7793 8441 2718 4144 5089 1810 8216 139 3337 8064 2093 6804 821 4870 2605 6053 7010 864 1479 8944 2132 4033 4901 9407 4202 6421 9675 7740 9730 5152 9109 7578 4928 1634 6362 2816 7979 1025 5148 6337 8737 8604 3982 126 8815 8423 5671 1838 2670 5557 8756 5884 216 6663 6806 2318 9014 9346 1152 2314 1832 4407 9147 3913 7689 9516 6464 9363 5815 4313 4456 8916 1650 985 3467 1445 7635 9481 9670 3852 2534 3516 5874 2409 462 2606 716 3309 7428 3636 8033 4968 7630 4629 6380 1769 865 2857 7101 5492 1335 9720
6025 6757 8995 76 1136 9717 1247 3553 8568 2257 8139 8373 8727 4240 2565 4139 2345 6493 6116 7134 8164 3528 8581 3995 0 2994 9718 3929 1000 3699 1304 7265 6869 3904 9538 7852 1597 1788 6908 6857 4119 4038 493 6297 3295 2807 6659 1921 9095 4009 4262 590 20 9697 3290 6061 2608 6678 1532 9929 3518 6006 6298 7799 4012 9889 7345 1610 3076 4404 68 7813 9238 8103 5013 2667 904 3434 8344 8619 6496 3392 795 4615 769 750 1614 9500 999 3836 7522 4899 4676 8915 2617 3459 518 2113 7879 4870 5759 3718 1789 658 3692 6814 9995 7512 6651 2558 3151 1278 3150 5133 9049 2434 2492 2990 2502 4850 2623 2607 1280 2146 4757 892 9374 9882 9373 9031 1776 5650 461 6819 2463 3180 1087 7948 1060 484 1624 8733 2365 8523 4911 8130 8836 7307 7039 4239
9093 269 4460 6625 6466 9317 2367 2389 2726 7020 643 3557 7607 4084 4596 294 5721 9609 8463 746 7677 8459 3939 9997 2994 0 4128 7003 6010 9414 3405 1866 6729 1253 2903 3462 7848 5987 7791 9234 6163 3930 1411 9058 379 7393 7166 6856 7306 6658 6200 7267 5670 2932 988 3209 2723 9253 5969 5127 1483 3188 4205 6177 5971 2795 8306 4280 863 1343 8779 5210 2356 5033 2638 470 5155 3623 3904 1369 7367 1632 4419 8922 2649 1057 289 9919 5057 6160 2381 7391 6289 5681 3439 3569 8362 9509 2005 7092 8789 6742 3610 4599 40 1978 6087 582 1613 1539 6408 725 3320 8455 9878 503 3645 1793 2144 1420 1956 4922 1202 2829 4086 6830 1697 4205 8656 2779 7512 5316 8818 3465 3524 8697 3512 9311 209 2966 2192 7536 229 2424 320 4867 4335 5413 6388 1196
9795 9357 6797 3980 65 6332 7883 4236 7170 1582 2706 3768 9187 1762 5087 7998 8192 1582 3642 6192 4289 4945 8303 6896 9718 4128 0 2205 1082 7601 4306 9580 8768 4523 9652 4257 2919 9788 5826 3839 9984 9800 827 5177 2508 3282 1697 9850 10 6325 996 5387 2578 774 5588 4324 9192 9150 2704 5 8633 8568 18 4141 5086 7368 751 4096 8568 1084 6107 2475 7638 8118 6021 2983 1812 2586 4872 191 4295 906 5130 4244 7386 6142 7084 4365 2170 9493 3048 9414 9092 7309 2631 4817 4825 5398 8189 1641 7158 8123 383 9076 1832 3241 1413 4258 129 2092 8481 7313 5156 2519 416 9661 1384 6225 9710 2389 4223 3009 8704 6513 2727 6715 7097 5106 7907 9911 7430 6515 8331 5765 8180 4748 3215 673 9780 2105 4982 5403 3263 8196 6755 6584 2507 9476 6016 5254
9809 9059 1363 4538 6972 1480 2365 9109 9399 5980 5263 6505 8324 5121 6629 1912 5870 6638 8491 4427 8529 7346 9705 957 3929 7003 2205 0 7787 1037 8451 3964 6494 7262 7242 290 8302 6699 5438 2708 8083 7084 973 8035 6422 4394 2970 2030 9225 3803 8351 5592 6599 8864 490 8586 9012 8316 9546 3628 5062 4104 1406 6575 1932 154 5798 6146 2267 424 2205 3683 8533 1317 4866 358 352 7351 8145 1693 6436 3697 1683 6316 9677 3488 5102 7611 4044 6916 6313 3604 7792 9494 1711 7782 6592 522 3476 2601 8660 5302 239 9006 8053 7919 9621 4125 5901 7331 6594 925 794 9755 827 8225 1581 2416 8810 3533 1297 979 3306 4460 2643 3807 8830 8886 4040 421 6846 5271 7975 3139 9429 8907 8057 8031 4985 719 7500 3410 9051 325 2999 4647 8374 6545 7405 9641
7746 364 8496 5867 7333 2685 5358 5697 6435 8845 4587 7903 6224 5021 9413 2165 1335 5222 9648 4906 2244 3601 6443 4375 1000 6010 1082 7787 0 6694 7072 1411 8367 1640 9163 128 6197 3277 3130 3791 5793 3991 1990 9018 1090 8898 2008 6587 1629 5093 9172 3486 9667 8228 954 3099 3225 9537 8926 7254 2543 9675 710 4829 9484 6571 9635 3204 7191 4788 8512 6204 3307 4218 5332 4747 6091 1557 3662 2529 3152 8910 5735 5638 1917 2737 2521 2834 4693 1237 855 9108 2115 965 2448 3639 864 2236 8816 121 2632 3697 9227 976 2638 3403 6978 8803 9621 1317 7880 5258 3359 8316 8140 2098 3146 5816 4808 9948 8831 1576 6970 7364 5933 6917 8894 4581 2571 9750 6216 4416 5104 5523 7225 7664 2488 8884 680 5680 9480 3512 1667 9520 3860 3968 2840 3467 3155 1899
6733 1863 2207 1512 4466 5593 3755 6298 4488 592 9995 7945 2399 9567 5957 688 1060 7912 9588 8541 2732 6886 6036 5524 3699 9414 7601 1037 6694 0 3265 7887 9208 2316 4989 4709 3315 5363 5975 3663 5160 3168 8765 7565 1546 9729 2745 6050 3376 3928 6998 1738 3499 8694 9284 4654 1929 6195 6651 1589 4369 3197 6592 9569 8571 2842 441 5795 8598 5515 5299 2877 3706 2705 9086 7114 9766 3706 7115 9003 5107 6444 8246 5947 6823 9024 9481 3058 357 2986 4194 9216 8907 1379 513 8267 7714 9886 135 5320 4228 1743 2175 5341 7736 6901 9286 5021 4360 7424 4541 9269 672 5816 8975 3543 2004 2423 6026 5449 5335 2148 8371 2295 5878 1922 4009 522 4196 8666 954 9022 5185 5393 3618 2400 8665 6682 4230 5504 6886 4758 2417 5857 7108 8612 8501 6709 9159 6895
3452 3591 8777 7354 9149 1965 3449 2370 6181 7390 3879 8019 2206 6381 531 6696 6541 3223 5889 3944 6054 1224 9828 8835 1304 3405 4306 8451 7072 3265 0 3310 5154 6613 955 6837 2077 9809 6083 9492 618 5596 8382 3160 427 933 6784 2749 9200 3266 7468 5766 248 4081 9377 7038 7823 988 4964 1151 7666 534 5155 430 3390 246 3129 1572 3962 8312 9334 173 2822 3663 4444 4563 6021 3007 3060 7072 6205 2037 7129 3075 1394 2722 6261 3017 5939 6265 7815 9125 725 6079 5219 7457 9017 4384 717 8828 1771 2004 263 2965 7020 6616 3168 6583 8842 9698 51 421 1062 5316 354 6607 9305 6689 4344 7924 3197 8294 2053 5404 8067 5136 8698 9726 764 8758 9223 8504 2962 4148 5879 551 2620 5731 1469 8075 3486 4578 6281 9377 7471 3904 9433 1669 8186 6533
1195 2925 7211 9650 8707 1718 1498 2750 262 6584 899 9347 9655 5269 6558 8779 2540 5533 2024 533 8287 2795 6427 2894 7265 1866 9580 3964 1411 7887 3310 0 3169 9190 7350 4796 9855 1337 3532 7179 5573 7878 9044 1594 3454 8255 6498 7553 8675 4939 2168 3857 417 3484 3861 394 5859 6851 156 9538 69 6690 9217 8283 9891 9022 152 8529 56 506 500 690 4337 7362 3801 4121 6234 8733 9487 1636 1698 5546 5445 7594 9315 8081 4966 3553 2428 9479 9667 2736 2585 4207 9186 240 8829 7686 9411 4501 503 5923 2613 1363 347 5077 8073 8798 1800 8099 3073 5281 1523 2668 7496 3828 1689 9551 2365 8373 651 214 7307 5783 4338 3236 692 5056 9054 2547 6651 1478 6660 83 9884 6052 1604 66 3658 7969 8235 3056 6676 3652 5361 1382 6253 9890 2838 1347
2860 1246 7360 9030 5523 248 4748 4448 2962 6945 6251 2204 4752 6707 3436 978 9894 3437 3344 2816 9257 7071 7429 6591 6869 6729 8768 6494 8367 9208 5154 3169 0 2690 8088 4788 4939 5108 1653 3752 7007 9264 8427 5469 3311 8615 8837 8295 6645 3695 1703 5248 5777 6982 6888 9797 6261 1228 8131 4365 5895 3923 5282 4720 5349 6210 1328 5421 7014 1376 7898 6479 1810 6718 7721 3603 3358 4567 1767 793 280 4968 7051 5165 27 9892 5611 6520 7705 9118 4130 4619 6070 2094 2262 4838 1063 3838 8676 2290 3653 2858 642 8538 5053 7725 8083 3561 9824 8783 9488 5846 1691 9921 9473 6897 2326 9238 7007 2112 1763 2725 1570 9192 2979 202 8888 9283 7130 7583 3319 9479 7394 6401 9169 6644 5173 9984 2183 1916 8699 4491 6796 1291 5845 1281 9841 9457 1363 5423
3736 5005 393 913 74 2688 9683 378 2259 4044 9264 7016 7472 6440 3495 615 636 4334 5176 3542 8693 5387 8633 5521 3904 1253 4523 7262 1640 2316 6613 9190 2690 0 78 3396 970 6557 8361 9702 9008 5197 2754 7965 9903 1429 3740 5162 3502 4394 1512 6940 8126 8358 3230 4889 9006 6661 4319 8879 7041 8610 3184 3017 8790 4413 3387 9956 3748 6556 2715 5750 5894 6023 8559 4565 1061 2768 6942 2573 2593 459 7903 1300 6388 6902 141 3144 9808 6509 908 3009 1016 6483 7858 6485 4223 2021 4785 7201 1208 5869 5098 1767 9857 1232 1258 3966 3889 5830 9137 2474 2933 9817 7136 3486 8136 3496 6994 9860 5466 6345 534 6624 1265 6024 846 5060 9174 2818 5505 2167 4709 2001 5035 7140 4712 9064 1724 871 3428 7202 3235 8363 6860 7577 871 6907 4734 935
7931 834 9812 9810 1177 9208 7657 2009 7237 6509 8599 457 9923 8577 2738 5237 1248 9691 2718 8035 658 2074 9075 9524 9538 2903 9652 7242 9163 4989 955 7350 8088 78 0 5268 2032 4889 9135 3791 2449 6129 6965 6214 3888 7467 6381 162 6366 1870 9563 7456 6651 9902 3346 57 9366 5443 2150 6044 9366 7974 8347 4714 5747 2799 6192 618 7519 5866 742 231 1193 3302 7331 2482 8238 5837 7585 7040 1747 3545 4793 4117 1300 3982 6437 2497 2417 5130 8977 3991 6510 7983 3436 8873 9120 3696 4365 2122 6063 8500 8428 4595 7522 6703 2962 7491 1032 5376 9580 4401 8293 6105 2369 8779 5602 6503 4540 3802 9870 4661 7266 8207 6286 5245 3694 4031 5877 82 8391 481 297 8426 9720 3604 1769 2290 3740 3375 152 5801 2386 5161 8569 6841 8772 9747 9547 8345
888 7988 969 5389 6202 9302 5739 2399 9638 2373 50 7763 8575 1603 9959 4537 2560 3450 3006 6035 6464 55 2618 859 7852 3462 4257 290 128 4709 6837 4796 4788 3396 5268 0 5350 2136 7669 2554 6350 5526 9918 58 4056 3429 6582 3163 4961 986 645 6679 9864 4804 4955 4988 9017 3922 1855 2231 3036 1984 9160 2555 377 7723 9656 9410 5712 1410 1016 5776 9595 7679 6095 8976 2645 8245 5074 5467 7815 1221 19 3380 4510 7070 1312 3724 373 7694 8276 6725 730 948 1243 6183 6197 8034 8412 7310 9410 9092 6330 5222 1879 5141 8173 190 6758 9488 6176 3732 4418 1155 2770 8302 9463 98 9484 3451 2235 5258 4893 6716 7997 8682 8282 4473 4004 4156 9750 7195 7270 61 6279 5265 2467 1886 5011 8762 3754 960 4051 7089 1310 9723 1605 1108 6684 1822
3805 4015 7693 7752 8049 753 2911 9195 4342 6771 1207 3007 1244 4005 2315 4783 9748 8522 1610 9829 3348 938 1548 4997 1597 7848 2919 8302 6197 3315 2077 9855 4939 970 2032 5350 0 8175 4706 1622 6549 7829 242 8375 1249 6807 7047 9009 9122 9913 2809 6028 7613 1255 4347 1026 4324 5598 5930 729 7572 5828 8374 3332 1932 3206 5137 8065 8750 7955 3956 1366 4266 6499 6935 8134 6136 2763 3592 6114 9688 9929 3358 2188 3263 4213 6047 4135 8417 382 9993 2089 5184 7932 3064 7765 4230 5991 7180 5295 4488 3525 6483 5263 9432 9988 8308 3511 9822 344 3488 5727 9989 6532 7282 1005 2706 7278 1797 7565 7885 6694 1105 425 7609 9201 2370 4899 7493 8068 7271 7875 3008 7481 116 1080 3264 9400 9182 6924 867 6309 6783 3244 7362 8916 8740 1032 8032 7059
6090 8069 3227 8884 4430 2324 4802 6200 2944 6710 810 4106 292 3083 1136 6693 6354 4660 4903 3492 2947 5654 9347 3225 1788 5987 9788 6699 3277 5363 9809 1337 5108 6557 4889 2136 8175 0 7244 5516 6246 8008 702 4477 3758 4098 3469 7665 24 2213 7513 7105 2172 1569 7653 2318 7711 7903 2920 9959 3907 4011 7361 7749 3720 7313 3120 204 8481 8415 491 6117 8894 5945 2128 6422 4760 4300 4049 8444 4340 7723 1333 3335 8814 7092 5853 6382 3812 1658 8059 8315 9100 6965 4308 4156 5977 3924 8049 2616 2721 9080 5744 2293 3916 2734 1509 5209 4482 7235 6868 7416 26 1413 8330 340 1269 7382 9101 7577 1974 1330 9789 1229 3374 2056 1338 6029 6349 308 9368 2767 570 5601 1398 5109 3547 2759 6370 5181 6631 936 742 4516 1619 1505 7833 9700 4450 5337
9259 6133 1716 8451 4994 5634 2354 4217 9206 2130 2684 7936 3856 8688 7938 5706 5665 5516 2084 6535 5821 9710 3367 7380 6908 7791 5826 5438 3130 5975 6083 3532 1653 8361 9135 7669 4706 7244 0 8149 4138 9322 8488 3291 935 8981 3927 8387 6707 9897 2648 7467 9373 4514 2696 2460 9931 7307 6727 5079 2527 7112 684 9929 211 8463 4272 6803 6607 1135 6214 9268 3378 5568 9642 7281 6056 8649 4 1564 6974 4333 2764 9689 8052 774 9704 3680 3964 2169 8227 2156 608 4273 9391 8404 9504 713 1124 2666 3070 9616 8607 4245 5925 8692 9566 1761 8185 1920 9424 5364 6490 8384 3563 5136 5792 578 9372 2610 4236 6959 9848 2571 2601 6392 7803 8028 9643 8036 3823 1077 7333 7561 2449 8912 7227 317 4872 910 9810 8718 1875 9578 7335 1943 6313 9271 6928 959
7823 3521 804 6394 5880 5591 784 2737 5539 4064 8674 6727 1971 5088 3981 6720 8349 4599 9583 8093 2907 528 6109 5421 6857 9234 3839 2708 3791 3663 9492 7179 3752 9702 3791 2554 1622 5516 8149 0 8517 6476 3566 2717 7127 3083 5527 7194 1616 9329 6473 8050 5152 818 5564 8445 5937 7472 7295 5281 4623 1286 9426 2039 1064 5256 8533 4368 6616 4658 4099 5208 8833 3418 8568 9821 3894 6382 2258 9210 7181 2904 8357 8863 7088 3819 9715 2877 4379 1826 7718 9475 4359 8 4519 9360 6870 1183 8410 3676 3370 2632 3420 5983 4913 4565 3103 1768 7368 5807 7374 5930 3615 9152 1783 6992 5114 510 400 1477 2103 2782 6355 9697 1062 1283 2420 6503 2744 762 3331 252 6712 4198 5194 3985 9731 4702 9029 7421 3104 2230 9580 5003 5945 1113 4411 4394 6104 6129
9827 1635 6830 8905 3248 3358 5788 7844 5913 2477 4363 8643 9986 5351 2700 4480 9004 8741 5870 4704 4153 2854 8625 6202 4119 6163 9984 8083 5793 5160 618 5573 7007 9008 2449 6350 6549 6246 4138 8517 0 5837 8556 9058 1901 4579 335 7244 9008 8879 2117 7838 3272 5280 233 4347 5903 3737 9997 6431 6956 5087 8950 5238 4079 486 5023 8937 3361 8413 9759 3671 3538 176 7654 1737 422 3120 4004 7934 3952 3461 8984 4977 4089 4204 1932 6855 3565 7357 1041 1366 1799 3800 4661 169 2298 7094 6096 2097 2769 5857 4358 4490 4219 4947 4537 9947 5668 8062 7135 3318 6973 2414 9734 930 5228 6321 4980 7587 2128 6497 2879 664 4887 3458 565 4163 5310 1580 3980 6869 5487 3849 3674 7253 6843 9752 4412 36 7272 6559 1232 5970 2190 2579 3627 8257 5432 8078
9306 8845 2974 9816 5377 9071 978 9289 5969 3880 7108 5214 5090 428 3403 5759 138 539 3348 9331 4641 2117 1304 4213 4038 3930 9800 7084 3991 3168 5596 7878 9264 5197 6129 5526 7829 8008 9322 6476 5837 0 8406 720 6500 219 4161 7793 1834 7585 1486 7706 6450 3466 2785 9585 1473 6155 1957 516 7146 2911 8844 3072 4686 5091 4173 6552 3919 1695 426 9349 7986 4668 933 210 4974 4530 3990 4549 7592 67 4652 1990 1373 8608 9659 2094 9408 7530 7412 7117 1296 9578 1711 9342 1029 9668 2947 6861 1305 4785 7520 5522 5277 8232 8719 4497 9621 6281 5296 1275 1702 4661 6974 9039 5383 9025 5965 3303 4176 2509 4618 6461 90 8832 8592 3735 3376 7732 1501 2914 142 4888 7745 5205 2682 1322 2210 7272 7579 8251 3615 1655 5086 2408 2135 9270 9118 1767
5081 7447 2240 9400 9279 3123 9251 460 4493 3761 1582 1651 8002 5199 4297 6374 6680 332 1315 2286 4013 4495 8450 3958 493 1411 827 973 1990 8765 8382 9044 8427 2754 6965 9918 242 702 8488 3566 8556 8406 0 446 6419 3710 7144 9289 247 1785 5316 2167 8713 4067 8766 1441 8537 5882 6581 1993 8839 7581 6935 3864 4654 9450 3539 3308 2423 2592 1212 6263 8761 2792 6996 2940 8888 5786 8652 3688 6705 9485 9046 733 9370 8014 7814 7535 9742 9123 9457 9014 8795 1240 2470 3730 6402 2736 630 8088 3924 8865 6427 7430 8805 8008 1187 9738 9861 4157 4848 863 2192 5436 1951 1648 5033 659 625 8857 5352 7788 4116 6970 9990 2569 9929 1126 6559 148 9196 8606 5657 7560 8661 6324 9884 5304 5838 8913 7659 6123 793 6618 7871 2635 2111 2328 7451 6630
7611 2351 3108 6486 278 2225 434 9877 758 9941 7540 8138 9485 7539 9572 3907 9514 3192 6613 696 1711 4468 7344 1079 6297 9058 5177 8035 9018 7565 3160 1594 5469 7965 6214 58 8375 4477 3291 2717 9058 720 446 0 7539 2134 7568 349 7044 2654 8820 1642 9190 7243 2780 490 7271 7976 3220 9299 7848 8120 318 6133 4251 4045 6432 4634 9258 5694 4838 9388 8584 4161 853 4923 8556 2277 2021 7921 8734 4272 4528 2728 828 2019 5045 7866 488 7392 8838 5561 7253 3913 6857 7310 7872 6091 9271 2617 9725 1783 4899 3762 3542 6344 3903 4674 2627 7464 6543 1986 9740 9593 266 8862 4898 725 4020 5287 3590 397 7271 8223 7031 6381 9409 1645 8374 7844 1168 6903 4330 4880 4653 4044 7648 4825 8192 5452 5694 4772 5818 5953 4507 1476 8899 1266 4425 4635
2706 1780 9310 8659 6840 9482 5525 8234 127 4366 3044 1457 2440 5599 4897 3333 6870 9072 9922 9064 6945 6804 5865 5292 3295 379 2508 6422 1090 1546 427 3454 3311 9903 3888 4056 1249 3758 935 7127 1901 6500 6419 7539 0 2152 172 6451 7737 6007 404 9156 5157 4662 9580 2275 3322 309 2631 4856 1973 3501 3594 2498 9665 2748 3193 3318 3962 9246 447 753 2197 5910 8100 6983 7825 3949 5048 844 3858 2088 8458 458 7786 7758 2395 4920 3071 8227 4688 7617 4157 4638 3239 7074 8628 9551 1076 7645 6532 8507 4656 4418 9112 8705 3222 3819 9883 5868 3155 8660 939 7 3809 6356 9949 838 8417 4547 8012 1240 4545 7771 5106 773 337 4823 8620 3969 6674 6510 1496 5565 4254 2544 6019 2563 8340 2516 3959 4626 1281 8720 6607 4707 5570 3630 3033 2797
1041 862 7945 487 686 2366 5886 1073 8888 6210 4367 365 1006 3691 599 7941 2343 6702 5863 400 5268 2725 8126 459 2807 7393 3282 4394 8898 9729 933 8255 8615 1429 7467 3429 6807 4098 8981 3083 4579 219 3710 2134 2152 0 8601 7907 3475 5535 343 9201 4712 7855 4628 8294 1604 5501 7316 5629 7302 8071 7085 8242 1506 5165 6863 4590 6826 603 3076 5624 5525 6460 7714 7129 2824 894 9786 9996 8175 5381 3424 2895 2794 2707 377 4553 5970 3237 2549 6646 6182 8188 2403 858 3881 8372 5488 3885 5637 561 6298 6975 5482 3163 3681 8594 7389 922 576 1612 8832 8599 7718 3599 9811 180 4374 9129 689 4327 9376 8299 4132 5741 7038 590 2932 3894 3495 8912 4367 5235 1823 6154 5380 8246 6477 8788 1438 2177 529 5385 2666 1228 608 6781 2459 3124
2442 9388 5668 9851 3455 156 339 1542 8839 7632 6311 23 2460 9334 8498 9974 4048 1025 5561 6011 8373 414 6772 8521 6659 7166 1697 2970 2008 2745 6784 6498 8837 3740 6381 6582 7047 3469 3927 5527 335 4161 7144 7568 172 8601 0 402 7373 9812 2985 3563 4267 6656 7119 9976 6271 2216 4657 7877 2090 3427 3757 9578 9000 5539 6106 2564 4020 406 2115 64 4272 5953 455 9329 443 9602 7499 1066 182 5725 6894 313 8216 2609 2669 688 8710 5181 7666 6379 7765 195 552 2406 741 6271 2442 7328 1244 5196 154 5077 1825 176 8208 3686 9538 1163 5346 8798 9538 3785 9333 1211 2528 739 8102 5025 3354 8820 8782 8914 724 8483 4666 6931 3770 4671 5318 8458 5372 9234 2906 4064 7331 3643 8503 2130 2391 9373 7577 8847 1319 3304 902 2 4139 4327
8842 5499 6136 4014 714 8490 3031 8024 8367 6508 4631 7341 2150 8628 7814 8486 8527 5428 9767 9059 664 306 6008 7356 1921 6856 9850 2030 6587 6050 2749 7553 8295 5162 162 3163 9009 7665 8387 7194 7244 7793 9289 349 6451 7907 402 0 4748 3784 6920 8574 5146 6534 2375 7764 1754 7890 43 2338 4598 4518 4011 9450 152 9245 5896 5996 5020 7578 9185 197 1822 8319 9948 541 6271 8373 7442 6131 5144 3099 1278 8385 8871 4171 10000 6283 430 8875 6748 8892 3216 5901 994 9445 5210 3125 4027 489 699 6705 986 9214 9967 3045 9142 7512 9210 3851 496 8301 6336 1032 7331 4940 7318 199 8223 4726 9474 9563 8083 4968 2918 9810 124 8634 7088 1505 9731 7954 533 9156 3143 3568 6012 2495 5734 633 5592 4162 136 2781 5949 5957 2136 1248 949 1609
1752 1792 1137 9997 5029 3194 7031 4648 8617 6847 6624 9305 6514 9661 9300 3370 931 8697 1164 4841 9047 2820 7013 7793 9095 7306 10 9225 1629 3376 9200 8675 6645 3502 6366 4961 9122 24 6707 1616 9008 1834 247 7044 7737 3475 7373 4748 0 1369 1108 7400 9216 7703 6018 6048 6395 9268 2079 4311 8818 337 9644 8340 1110 5341 2151 8366 9439 6661 7793 8621 8226 1138 9613 1229 3363 4064 9255 2019 1580 195 2440 1169 4086 2758 4929 2083 5221 23 5140 376 5818 3101 1136 7897 2247 9720 597 9293 9234 975 7704 2867 3568 6296 9367 4133 170 5819 5266 4466 9125 3681 3613 1985 9316 3751 2267 3519 1182 2767 9076 1000 245 3709 7859 5249 7547 1552 2986 9371 9333 3300 5741 1831 9301 6810 5587 8678 7383 3843 1054 1308 1060 6386 5172 3110 5970 6452
9979 9103 5034 4086 2584 1247 1676 2676 6240 8017 2097 3178 83 5953 4942 8231 7583 730 5823 3904 1701 3779 147 8441 4009 6658 6325 3803 5093 3928 3266 4939 3695 4394 1870 986 9913 2213 9897 9329 8879 7585 1785 2654 6007 5535 9812 3784 1369 0 23 3696 1320 9428 9832 6289 3785 3199 8129 8854 3613 5987 201 1306 2398 9314 2505 7382 5331 3254 741 2581 5213 9094 4662 952 2826 1465 2216 1905 7141 5269 1161 7926 5476 5124 6985 795 4153 173 5737 6172 5856 8702 566 824 5764 7942 2126 6038 8203 128 2502 1558 4517 4425 3911 9094 6373 6084 7147 1729 198 171 3926 8778 3960 3956 635 5038 3330 6988 1212 2816 9334 1539 6568 3114 7309 6082 916 5441 3830 5761 9588 5780 1815 5636 4098 1685 7294 2331 273 145 3149 2821 2880 9229 9969 9488
2976 210 5469 9175 2673 9300 5275 118 2291 9997 53 5261 8074 857 3576 4568 3031 8143 6192 8980 6741 6620 1197 2718 4262 6200 996 8351 9172 6998 7468 2168 1703 1512 9563 645 2809 7513 2648 6473 2117 1486 5316 8820 404 343 2985 6920 1108 23 0 8774 3578 9882 6470 7779 6017 9992 8711 5350 6943 5440 5992 7205 2250 8557 9647 7860 9966 5744 1273 3101 3677 2311 3352 3126 9172 6020 9598 5990 2078 838 5612 3873 4531 3240 2580 6856 5651 7630 9906 8238 9452 9585 6970 7435 2213 2457 197 9549 1793 4752 7452 2308 4089 2524 2980 557 3896 1425 4932 7566 6457 6913 4505 3544 5175 2226 3769 2406 1011 4844 9803 8644 2448 8172 1921 6306 1875 4883 8232 1133 1999 9258 7298 564 8873 7719 3147 91 5917 5894 141 1694 6909 5350 8447 3633 8992 8209
8430 3886 8656 7478 6066 5005 6075 7463 7918 822 6657 6451 2167 5451 6994 334 9523 2327 606 5673 745 7659 8680 4144 590 7267 5387 5592 3486 1738 5766 3857 5248 6940 7456 6679 6028 7105 7467 8050 7838 7706 2167 1642 9156 9201 3563 8574 7400 3696 8774 0 5287 8610 4528 7395 1365 9004 3724 1902 2975 9771 5929 1858 9162 7149 3213 528 9440 2291 6497 1158 8005 8083 303 5862 6997 6017 9413 3069 1880 957 9902 5018 3492 638 9062 5182 7377 4516 9655 6427 463 8292 3888 3280 2712 9951 5528 7331 7129 6494 9671 8536 2113 5856 2974 9918 2576 8035 1046 2904 4136 9476 4374 7751 4434 768 2622 1839 463 5062 2047 6570 4743 2371 8312 518 7183 2925 7899 569 3888 3400 8886 7152 3574 3151 9992 3530 7966 2270 538 1807 5502 5747 7163 1607 6085 5221
6091 4463 3934 9812 3679 2251 1716 109 2292 2887 302 8137 8383 5288 7873 2458 4303 1717 6270 478 3282 5042 4246 5089 20 5670 2578 6599 9667 3499 248 417 5777 8126 6651 9864 7613 2172 9373 5152 3272 6450 8713 9190 5157 4712 4267 5146 9216 1320 3578 5287 0 3209 6880 2862 7257 985 9861 3803 5769 1553 975 567 7978 257 2549 8029 5194 2357 6623 885 6893 9832 6112 3074 3350 8655 945 2163 753 7155 6651 1607 8609 5479 5326 54 4373 9108 1357 473 8284 4474 8329 4014 539 3573 6990 2957 1791 8807 170 5880 5429 1962 291 6511 7151 6685 8402 1034 6021 2851 4432 4464 2703 8673 7349 1071 3602 647 8568 6138 728 3097 8716 3219 5934 1427 764 3937 1631 9836 3097 6994 425 4331 9657 5444 1684 7034 2261 7261 1074 4719 9416 7539 3585 7410
7647 1414 9415 8744 3891 3126 9132 4531 4873 868 4661 557 4806 3323 2036 3791 5401 3706 6166 3563 1180 2385 5238 1810 9697 2932 774 8864 8228 8694 4081 3484 6982 8358 9902 4804 1255 1569 4514 818 5280 3466 4067 7243 4662 7855 6656 6534 7703 9428 9882 8610 3209 0 7914 1732 8837 5798 8841 9598 9468 6384 7544 8701 1547 2137 6576 5002 2114 8886 9920 9880 7204 8460 8052 1368 3966 7796 8080 4991 6992 6369 2916 6782 4367 2420 752 8398 3789 2702 2448 7954 2366 2193 7987 9354 3020 8441 828 8689 7273 5963 5683 2565 1169 6859 7032 7876 5930 6408 4940 3976 3752 9619 4367 1819 3081 8046 8866 9443 4470 7703 1513 8402 7135 6328 3682 8424 8666 4769 5744 9440 2630 5350 4404 6821 3016 407 4426 7209 7633 343 2597 853 7024 3740 4885 5715 5885 9697
