250
0 6934 8367 6257 1875 3348 5163 2328 7095 6733 6176 5428 1008 9537 1786 1082 9041 1332 3418 5172 5931 7156 6212 7670 5095 4515 8038 1381 2060 6728 4667 1317 5247 3852 2489 4027 4090 3951 8263 4133 7349 5869 3212 9783 2643 2929 5115 3354 3882 2792 5190 1116 4177 3373 5318 5570 7395 2601 8587 4493 3838 5060 569 2851 1744 6831 8090 6258 5506 9754 2470 9937 6640 138 3533 9698 9769 7509 523 8358 2086 2239 1431 4460 7812 5897 7809 5934 2028 4454 8448 5763 657 8424 6368 2212 2349 1886 1556 6223 3092 5112 9587 7364 5736 2056 2679 912 4046 4109 8249 219 6817 7120 7942 6509 8352 8313 3700 1930 7399 8331 8645 7338 4235 4894 7213 5601 8288 8969 3517 5656 4658 3824 1341 6500 6396 9903 7625 2134 889 3830 516 4735 7821 6896 9023 5939 9436 2360 4293 2485 1132 521 2350 2033 940 9171 9812 3708 9921 488 6490 1764 6315 3773 4508 8631 6155 684 8676 6600 3545 9116 795 2092 4821 7409 8019 7048 2041 3055 3740 6600 1909 2694 1697 3480 5639 7435 1491 7571 8203 3870 6549 1937 6636 4845 5669 7696 7790 1857 2809 5145 9653 2710 8480 6012 1126 354 8515 4008 3936 2162 7603 7032 1106 5415 2353 5558 6299 8312 8169 4719 4771 635 3566 5677 8974 1508 8467 3513 9283 9337 3859 4945 4688 5228 3065 5426 8537 4405 9522 1156 2933 5661 7090 9401 4021 3021
6934 0 3501 5018 6662 6327 1475 143 4253 2464 4844 9194 3980 5722 7405 4040 9926 7345 7847 4702 633 6799 2003 6202 3731 1501 8576 6626 1636 6170 2418 3389 4953 6649 6520 1898 6688 1093 6537 2493 8141 2692 5134 7139 2834 4987 8910 7932 2740 3984 9552 2294 2631 6652 4971 4062 8466 8948 3186 3212 3145 3307 2578 5560 8346 5622 9038 8127 6443 4076 1083 8326 4021 5839 8695 4641 4364 4118 1528 1206 5449 3353 5328 1473 2070 6483 6272 2904 5438 8193 9822 1203 6826 7678 3052 4304 2339 3837 4000 4517 7989 2695 8249 9584 1831 8993 1754 813 5770 7104 5313 7109 6084 1829 6358 7729 2955 3647 2557 3315 9056 9610 8851 8291 9098 1531 217 4027 7595 4575 5919 6906 6855 9878 867 2604 3950 8326 4107 8685 9425 6652 8329 7122 4731 5112 3058 6633 8826 4122 8692 8256 1622 6365 7576 1219 2836 1003 203 70 3201 7939 6406 2842 4314 6594 3733 9418 7527 1153 4698 7293 8628 1352 3900 9217 1414 4238 8510 1832 3058 2427 9088 7290 4782 1736 4034 5783 2432 5042 6430 169 4786 2534 1128 8260 4395 4113 4704 1326 7448 587 925 5966 3065 7710 3299 1869 6156 2759 3276 251 9106 135 6102 2946 1417 5130 6926 3444 6405 5492 2902 1549 5386 3779 1726 7908 2981 9661 8394 4865 9292 164 5685 509 7530 314 7780 6605 858 314 3468 7223 1620 7344 5875 4152 6503 7959
8367 3501 0 3027 8628 2052 1828 4405 2150 838 6351 5531 5343 7975 1993 9381 9979 9949 6073 9160 4828 1791 806 5362 3967 9540 9363 2897 6622 676 2056 4925 5914 3478 6629 7260 2091 6194 4440 1396 3136 501 8095 6181 7990 5893 4681 9105 2801 9176 6143 9294 7213 5400 1568 9171 7448 305 2084 3931 952 1435 1163 7379 1386 3323 8173 5867 3160 7270 4623 8367 1923 5292 7642 173 7256 4782 2079 6842 6058 7616 1602 8805 7015 2735 2776 338 206 7605 1301 6755 230 4144 5846 7399 2926 5481 575 2387 6858 5046 3977 224 2191 6897 3106 2211 4562 4814 6081 7190 501 8448 7068 7912 9588 7914 2377 7743 820 377 6515 157 3616 6451 7732 3759 1940 1651 9291 6007 1027 2430 882 466 6186 8406 7049 9121 5477 6050 542 9468 706 32 2696 6899 6442 4165 7347 6097 8544 5940 9337 9390 3086 6444 1918 4370 6808 4054 2367 2560 5366 4211 7514 8717 8436 1970 29 9070 4961 5159 4725 4321 5637 3851 7332 4866 7694 4558 5049 5289 7322 3362 4032 3430 7771 7985 4431 8306 553 2130 2979 2317 7777 4726 8 7195 5122 3085 5467 4547 9855 4511 7868 5473 7955 9543 7148 3950 2901 9522 2786 48 9473 2899 8363 1344 6855 8954 8904 7130 3702 571 8292 2966 6017 2022 7382 3539 4645 1950 9153 1014 4056 1945 9157 9126 4740 888 3054 8716 87 2836 9302 5546 9381 7048
6257 5018 3027 0 8443 5344 957 9608 9176 3559 8700 5663 1096 4136 317 697 9749 3047 9045 1114 7717 4442 9966 4759 6912 8817 4584 6715 1131 4680 3299 8779 6394 4443 1675 2354 2431 6029 3505 7574 8606 1749 126 9192 7055 4836 5901 143 5527 9160 9618 3624 7942 3526 1976 1222 4408 7898 1002 1410 6124 1895 1427 3039 6225 8352 5680 5195 9546 4240 8359 4942 5222 4256 3720 1651 7226 1498 8028 8852 3133 8427 3011 7932 8511 7499 5342 5936 5725 3638 6798 5587 8700 5929 8942 6762 4335 2623 6499 3324 2216 6886 4586 2065 1214 3408 9741 6061 1924 8144 5887 4991 5378 8726 7449 7442 3057 3065 6552 2580 6462 105 4572 8353 1807 716 2045 829 8948 6814 6893 4404 9320 5747 7689 9093 9344 7579 9060 8083 7940 2223 3601 4694 6474 1142 4854 3259 488 5830 8591 2933 630 5277 8572 9001 3800 9455 3609 5033 5104 8139 4796 1607 9358 6265 93 6197 5645 8805 5611 1528 9660 1257 906 7403 8596 9717 3206 3565 6018 3620 5974 2447 6700 2345 1891 2315 1336 4433 118 8617 5010 9335 3982 3151 422 6778 9951 3423 9628 3028 9384 9995 5558 6232 6746 7976 2452 1918 6583 2736 3723 8505 485 929 3006 9905 671 1427 2592 2346 4301 6178 355 8406 5128 244 9460 4945 1653 8875 9761 8591 6569 5227 2120 2082 4581 3585 733 560 1939 9665 4252 4891 8315 3663 8219 8072
1875 6662 8628 8443 0 9634 5058 5325 5927 504 214 7600 5688 9656 3448 4262 1762 5625 9440 9397 9433 794 364 6767 8869 5654 6537 8103 1584 316 6257 7538 8286 8367 7904 4704 7265 3869 4541 9769 9626 330 2996 6646 8442 8746 2215 6505 1038 387 3096 7233 773 3764 5598 9796 2705 5536 2291 8441 1172 3081 5841 6156 1366 395 4895 3800 2564 1308 4194 2236 5313 5111 8594 1393 6407 6997 103 3461 78 3499 4717 4892 5857 1103 1004 7125 1730 1749 29 4835 6110 6167 2851 8841 4269 4086 5062 179 5024 7945 8241 5867 425 3444 470 1829 4830 2534 7625 6527 7993 5235 7356 2944 9057 9827 7260 4031 9926 5353 5503 1029 885 3878 8009 6561 2144 552 6319 7000 4417 7939 6047 5645 9928 783 1282 4005 1193 5827 7110 7203 6401 9488 164 4874 2949 3679 9842 3597 6699 7377 5314 1319 5183 7047 4662 6277 8758 1621 8259 786 3239 2535 2933 3278 4838 7398 13 1386 4870 6673 2803 7580 1871 5994 7136 3744 688 3559 7347 1674 2036 4555 7043 2020 3308 558 7034 9960 7791 7106 7415 910 6043 4780 9978 3515 5742 3118 5843 5903 2141 4678 2535 9356 9169 1337 66 2756 7153 3395 9086 3290 9074 7081 4832 8503 2631 3686 7302 3305 8871 9890 3898 9679 8016 710 3561 5854 2498 8230 4366 213 7345 3645 9895 1659 9343 4282 4716 3493 1260 7923 2045 5013 1181 4513
3348 6327 2052 5344 9634 0 8237 2325 3930 1321 8184 4473 9021 4507 6230 9907 9237 4914 2136 6847 3356 2371 8495 6826 697 3435 1241 2641 2062 4971 2860 723 5677 1413 7848 1152 9721 7009 2446 282 5344 5949 6841 326 5321 5369 514 5205 4077 3419 2896 4054 8780 2656 3196 3190 6541 1051 9595 4048 6009 1431 8635 1962 3851 8963 8790 6829 5160 4748 748 2904 1251 1518 7424 1391 9189 4757 9084 6538 4391 7167 8387 101 9025 188 5416 7452 6188 3561 4829 3789 6925 472 5951 8245 7706 6793 7795 5375 318 4640 6485 7127 6351 5771 4778 6561 8199 3936 3476 8332 3422 2780 2343 3174 8472 3255 6643 9730 2836 695 608 255 1224 9839 8211 5996 7176 3584 2089 5470 62 4730 8549 2943 5507 2958 7607 4257 5535 8298 2159 1994 2395 7966 1966 2802 203 9083 9265 1959 6445 2768 2905 6439 9580 959 4546 8240 8221 2037 7510 6416 4367 9501 4681 6498 2832 4139 2946 4498 9408 5181 9708 8668 9358 8825 7772 293 1321 9295 5214 8182 1561 6305 3253 5368 805 3034 8318 3141 2028 4305 2786 6913 4908 2093 6757 6081 5773 773 4657 1196 6058 2957 6148 8931 8073 8155 1403 3540 4158 1720 9703 8384 3882 7897 7720 4500 4737 9943 7536 1814 8352 5438 8931 7403 9769 4408 8859 3622 6590 2383 689 7197 3096 6289 2851 907 8088 9879 401 210 2675 4416 2804 4713 881 9176
5163 1475 1828 957 5058 8237 0 3989 972 1452 2799 4449 9953 569 3968 8254 3777 455 4390 7307 526 9434 5783 5613 6292 9658 9879 6653 4295 9287 1691 934 2246 1530 2571 7375 2115 6227 1932 9628 1789 9057 9055 1327 5685 6355 9553 6098 6654 1017 454 8049 6276 7104 8799 4230 8547 523 4474 1381 9644 3361 2309 8606 2978 6404 9064 9262 4447 7649 1385 8148 6678 7369 4541 1491 5873 4738 7301 7728 4984 2120 4887 9187 7952 5232 9448 962 7849 3976 2013 8568 5309 8270 9070 2530 5818 9598 5351 2251 7136 2419 2445 2098 5212 4215 3868 2000 8520 8314 825 4709 7442 2583 8056 8790 6523 231 5122 3696 6352 7545 5317 5274 3617 2931 1191 3261 2674 3151 3872 3539 7100 4522 5194 8540 6558 1181 8549 6651 8293 5476 1849 2674 9473 5298 1588 9723 7483 8588 8506 5667 8121 726 8742 1250 5404 9299 3259 2869 6599 3048 6615 8918 9287 519 1919 8578 7378 5542 9830 9633 5763 3268 9907 2792 2435 7848 4961 933 1551 6353 1352 2088 3592 8915 6929 336 1060 8109 3852 4522 9037 604 163 2120 8315 1531 5164 3027 2435 6484 1980 5554 3871 8261 1544 7392 6643 7773 5187 415 9070 7740 3589 339 524 7289 1403 3898 9034 3966 7394 3253 784 3549 2675 1383 4937 7516 1028 1367 6294 4487 4262 836 6014 5352 5925 6284 1360 2939 8122 4162 4352 5344 1972 3033 7267 748
2328 143 4405 9608 5325 2325 3989 0 4900 9140 4725 7574 7359 3385 9910 2562 5124 483 266 3746 721 1018 872 4859 2386 1186 7740 9437 2140 3632 9763 8780 3811 3349 3674 7441 8415 5751 2791 1594 6475 7365 6482 2055 7901 8815 7684 8411 3783 8767 1357 5619 7760 2750 3980 9021 3967 5906 7088 4156 2471 4351 9229 9399 9870 2525 2382 4283 4802 2512 8982 8054 8487 2718 3728 4378 1112 9254 2642 2403 7332 9683 2872 307 3359 3218 5540 8079 844 6934 9658 4807 244 1240 1308 4121 6410 4567 1006 5656 1821 9116 966 1786 5262 9985 6078 8590 2841 2646 3017 3135 2545 9042 6906 6713 4656 8550 4160 3302 3333 2051 7149 3643 6426 9890 3147 4257 4901 8691 8725 5053 5762 9614 3338 160 402 9623 5914 3148 3095 8455 54 1771 8951 5892 4053 2673 72 6584 3788 8975 5349 5707 1490 9744 6922 3748 9881 235 3327 6977 5968 5988 6823 5838 9702 8690 7237 2525 2851 4201 2301 2762 1348 8263 777 1475 9286 4924 2970 3063 8410 5090 4600 2648 3294 3405 7880 4424 1176 6834 5811 8205 3894 2828 5510 8088 2800 4496 449 5006 4049 8229 8523 8119 8597 1333 1701 2426 933 2192 6225 3920 8826 4799 2 1983 8005 3295 3799 5453 6904 8898 3301 4802 96 2069 4976 5218 671 5331 9554 5803 6089 2440 4874 8727 537 2796 6698 7388 215 6017 2992 5967 244 7169 3441 395
7095 4253 2150 9176 5927 3930 972 4900 0 5004 1548 9030 3869 6228 9243 40 930 8655 5223 1803 1897 7286 9249 457 9122 8865 2655 843 1987 6868 3077 3616 3371 1494 697 4855 7487 4154 9719 8423 4206 9563 5390 8918 1513 2829 4586 9562 7823 6612 9713 4725 8143 9670 9074 405 8828 4946 6251 8659 5106 8355 9785 3654 3409 5019 1205 6203 6846 8472 1829 6473 1742 6481 1113 7842 7438 2805 9548 5580 3954 4801 1613 3968 2506 9228 8705 2300 815 8570 1155 3122 642 9919 6233 8745 8344 780 7156 3458 9900 6559 2444 1273 5840 8455 2119 4592 7146 6670 7906 287 3125 566 8646 473 2804 2332 2644 4389 4285 3314 3983 7258 8895 964 8378 6751 4320 4671 1730 7347 7536 2002 7149 235 8565 4769 6892 4253 4805 3337 9097 7618 3950 7868 4674 8846 9305 2960 6765 8574 7429 9424 399 5943 9133 6562 2022 7578 8823 6576 9483 9019 3686 2537 4425 7967 4733 8228 3526 6637 8206 7557 4768 6525 2926 8332 8664 6680 3713 895 3164 8785 5561 496 7302 8967 1541 8467 5269 2604 1261 4125 268 136 9292 4638 291 6932 3760 117 6546 2619 685 1765 6569 4445 3190 2978 665 3057 2608 1603 3327 2335 911 3087 4791 1969 4615 7697 5753 4943 4019 4478 8952 9897 5679 7571 9264 4258 2221 2337 2540 422 6444 9476 1030 1673 1652 944 3560 9847 2486 3917 5911 3412 4447 3009
6733 2464 838 3559 504 1321 1452 9140 5004 0 3392 8137 9365 6851 7689 6627 4549 1155 182 757 4797 606 8002 3736 9097 4175 1532 3954 4032 592 6323 6154 1133 6259 140 2937 3004 9729 984 499 4545 9432 9930 4145 8573 24 9052 9096 1931 9055 8437 5490 1910 9454 1938 6730 8130 9966 5050 7346 6571 4207 8108 2911 9424 6016 3090 7070 5838 1682 4606 1072 6559 4411 7918 2895 5485 1511 1487 3809 4117 5096 9938 7002 6641 1285 9322 1504 4243 9808 792 8648 1208 4741 2591 1643 689 117 7203 8295 4153 2411 8697 3180 7619 8998 7098 7973 6941 5210 9127 4973 1502 4527 8911 5496 7114 7056 564 1032 8164 4495 2720 7879 1731 7810 3334 3101 3594 3958 4069 1196 1762 3337 9855 8686 2374 3308 6181 7971 3409 6084 4237 9615 6176 1155 7419 5476 1429 3792 7387 1262 7508 106 3662 1411 1476 3140 6287 8246 5060 3025 1368 6125 9762 2482 3468 9840 7547 86 9218 9669 3590 9729 6039 3821 1259 9750 8844 1170 5106 6016 7900 7624 1042 8715 3318 2937 7515 9062 1852 4653 1304 208 7526 1470 4597 938 3836 6412 9838 3800 2230 4038 3431 3847 8807 8798 1146 8127 8199 102 5564 4816 4825 3699 9166 8319 1323 6502 4033 2319 1670 8982 1235 4100 8385 7381 9896 120 5882 3992 7165 6085 4010 6686 9902 3115 3850 3615 5191 8817 2661 1579 5 8595 4492 4352 2438 7508
6176 4844 6351 8700 214 8184 2799 4725 1548 3392 0 6821 2774 3525 3241 7329 8439 291 1781 7487 899 8810 2584 5352 1159 379 4187 5300 5304 5672 9784 2491 8424 6146 6735 6581 1408 9389 4605 5432 6643 2658 4362 7649 3410 4896 6820 4276 4804 5459 8986 7089 6916 5951 5800 2503 7747 284 4535 6801 9879 2990 218 6464 7332 382 239 8989 4709 1338 3673 8994 8459 204 8775 9171 2609 4674 3043 7341 2799 252 326 3684 7562 863 8585 1738 4862 7825 4926 1539 6810 3985 8193 6594 3303 7777 4187 9687 8826 5407 9399 6103 3435 2700 571 2531 5226 6759 8144 9534 3722 3889 6391 9489 9960 5391 2104 9871 6104 7408 2126 7308 8315 5024 3970 1494 5007 5181 8526 811 7245 2243 7692 6664 102 7741 4824 7150 3456 2318 4042 9627 5037 1785 5189 5990 165 2387 5007 5614 7829 1544 8138 9187 2521 2946 4364 993 2295 720 3635 5163 2920 2442 9517 3480 6058 7637 1261 1989 3694 2956 5193 3800 3312 4514 4598 3824 1831 3682 2168 1517 7723 2308 9076 4232 8525 3178 8401 6410 4228 6615 3630 1340 3986 7217 3959 9613 2422 256 735 3643 4067 4025 2683 9974 4695 4800 757 1156 9823 5430 4415 5631 8719 1436 9821 2630 9183 7002 7902 8679 5147 7453 4049 1479 5044 677 9660 8519 2262 6945 9025 5217 7571 1386 1511 3124 7679 6265 2054 4264 4698 8385 6272 763 2767 8332
5428 9194 5531 5663 7600 4473 4449 7574 9030 8137 6821 0 4738 9978 9918 6901 5730 1340 384 8097 9947 1418 4521 5984 1075 9260 2771 7138 5890 4994 3659 4514 2073 2464 5948 2692 1308 3025 9475 3911 7316 7437 9450 2282 5903 4161 6304 740 3098 3789 6584 9508 2261 7056 518 9074 3519 9492 501 4358 6101 2075 834 511 6994 8155 7398 2737 4788 7326 8738 9296 5998 7143 3409 3982 2113 7549 3216 4630 8249 4702 4974 9207 8341 7780 7480 5639 654 8149 5896 5260 4492 250 567 5263 3192 7927 1566 8337 7962 5215 8559 5061 3688 2290 9157 4137 1977 4716 164 1620 4610 3261 2041 580 6508 7044 1149 763 7003 4642 7128 6279 6240 3267 2278 2223 2330 9662 2509 5722 1892 3292 2866 9441 5434 5791 8028 954 3980 316 6184 4116 7437 4135 7615 3889 9176 3017 8932 1878 6766 7441 5810 3635 8539 3824 4362 1236 78 2931 9083 3014 291 7152 6375 9518 963 1208 9941 8500 8999 1756 8418 2087 493 7489 2486 5380 4819 1062 3782 2726 940 6323 9405 2371 7903 3924 4933 9922 3802 6001 5183 9958 8415 6206 3696 8701 656 6901 2447 6571 9000 4832 7549 4802 2737 3464 4760 8135 274 7954 2044 7547 6019 3827 2813 5106 5838 3367 1410 8650 3192 2216 9770 8269 7663 9980 1524 5755 7538 3331 1787 6772 3600 4878 5793 7765 7876 2948 2257 5598 6216 3611 389 8775 1170 1886
1008 3980 5343 1096 5688 9021 9953 7359 3869 9365 2774 4738 0 6544 2709 7084 7252 9828 4088 608 7836 2336 1428 6374 7885 9417 1093 5236 816 3035 7307 1749 1584 5549 9982 7724 6089 8819 850 6514 9277 6495 9007 6454 8452 5901 1648 2599 7839 2325 3029 6254 2980 7386 2788 1308 4245 7719 7110 1632 7424 219 3755 775 8197 8739 4977 3126 3910 919 6932 9802 6552 2221 9728 2502 3322 6312 5512 4232 2027 4435 1868 1322 7170 701 6468 2024 8157 9470 7086 3924 7912 2821 4404 1550 9405 7928 8520 2252 9921 8550 4724 3925 7547 5037 8622 1819 4361 8774 1941 7791 4965 1783 6631 3215 7332 514 9882 1253 189 4363 607 4832 2870 3889 4072 1283 762 1313 9638 9145 5998 7804 2893 5518 6989 8194 8401 5908 665 8545 2781 5739 5813 2605 7424 5427 9910 290 2901 3783 7765 75 7093 431 1760 923 7130 4516 6937 8711 7638 3234 3664 6518 6585 3750 4812 2318 8944 3511 196 4548 1453 1462 6615 3564 245 1842 292 8282 3575 2241 3974 825 1518 7195 6637 3826 5319 6628 2355 946 4102 1725 4633 53 2634 3493 8867 1029 3351 832 2608 6903 1328 2416 6776 8392 3364 8831 5298 4969 3393 8952 4317 5773 2352 829 6225 7127 4798 6981 7547 5614 9209 1878 1466 6922 826 9277 8054 1141 8033 4030 1990 7285 5802 662 6230 5166 5535 2267 9999 4945 9032 2497 4316 7873
9537 5722 7975 4136 9656 4507 569 3385 6228 6851 3525 9978 6544 0 3159 8526 1631 1206 6864 6939 7762 3098 4751 9974 8374 2155 3236 1855 7380 9843 6904 9747 9116 3868 9995 5628 4324 6574 3330 9753 1349 1811 7108 4994 5596 4623 7158 932 9367 2472 8672 1546 7184 72 4733 4353 6165 5191 8145 7717 6457 4237 1655 3895 3144 8231 1189 9649 9945 6267 9070 8923 1238 9368 1460 6993 1553 9377 4805 3179 7306 8635 8425 7175 3102 9335 387 4328 6742 8334 4856 8004 1049 8587 1489 6498 4108 2449 8546 2019 1717 6815 5843 4575 4246 2810 3282 1756 5909 1616 9431 8361 3166 5447 8938 7240 1786 1154 9566 4436 5913 2596 1364 815 7603 1827 5640 4663 8830 2793 3664 9433 7164 8025 4955 9637 2887 1723 374 5958 4219 5210 2625 3581 3518 1245 7252 1613 2460 793 5287 9291 8545 2434 2088 5217 7197 7800 3645 7590 6572 7378 1633 5851 2862 6946 6574 4964 3147 1243 4928 2715 4850 4772 469 8658 9427 212 4628 244 5272 4638 5460 2800 3226 4737 7612 3736 2177 800 126 8010 5167 5871 6643 2848 9962 2775 4233 2184 7572 9816 2544 2191 3886 7248 4647 4589 511 4629 3066 3128 5052 1888 7667 6055 246 9821 5615 2781 2825 3216 2934 8206 2656 7635 5643 4083 5396 4231 8583 9609 9919 3034 9937 3468 615 1677 2415 382 4000 1836 2368 9540 903 2965 2691 2153 3691 2736
1786 7405 1993 317 3448 6230 3968 9910 9243 7689 3241 9918 2709 3159 0 547 657 1679 3496 5407 9984 1172 8698 365 5256 1525 3924 7246 3322 9764 7155 1405 7463 5121 8898 6446 9760 7880 7882 2787 1912 9207 1730 1099 795 3252 4313 491 8254 1942 4860 9346 4801 6364 5764 1746 4962 7645 4157 6598 6874 4434 6201 4003 3450 3796 8019 8007 3447 2742 6058 1745 9163 226 4864 7465 8853 3905 9835 7693 9260 2663 4919 107 5902 2737 397 8452 8626 8336 8128 2565 8561 9990 3809 9188 8173 1025 9858 9487 7111 4910 6222 5255 4309 6571 6403 4320 6353 5471 9391 4418 2814 5910 3368 2429 6433 1372 1537 1394 8127 7390 4030 4296 9404 2687 1776 3407 6798 5382 521 2481 2567 3594 6801 1225 7141 8997 1091 1871 7037 8169 2660 964 4479 7835 9112 8578 2324 5606 4545 747 2486 2424 1611 6247 2019 6934 5723 9527 3925 5705 8190 5900 8218 4768 1977 39 6893 9152 2373 6586 5663 5860 1714 1103 2716 4508 725 1815 3801 2388 6989 5329 6094 29 3167 8169 5048 5020 4510 8928 7979 3935 5056 1348 4286 2674 6224 2412 1650 4983 8069 4144 7744 2289 1971 4302 2873 2565 7957 1933 1939 9493 3026 8249 3414 1143 2912 3361 5182 35 8939 4205 4557 1227 5972 2261 3269 599 8506 8274 4500 9158 8628 5808 4133 5281 3442 6965 7560 4870 1949 616 8726 2865 9564 7849 5975 5878
1082 4040 9381 697 4262 9907 8254 2562 40 6627 7329 6901 7084 8526 547 0 9601 3885 7089 9268 1419 3241 5317 5771 2871 9223 1778 6862 5253 7994 6413 1434 4933 2753 4450 9468 4534 7065 3574 9429 748 998 3741 1565 3588 2871 2066 3258 8596 3501 4996 7630 106 9678 9645 692 9673 6681 3998 7140 8452 3029 4392 2527 8334 4857 5492 4587 2237 2010 2019 1770 3374 7304 5398 805 210 1456 5043 1778 5554 3576 1500 4403 5251 6268 9948 7094 1508 289 2201 8146 9367 5795 5181 8352 195 7102 6116 9820 4807 9207 3998 8035 2094 3937 4383 7492 8308 8221 8985 7376 4154 4306 2459 8667 9558 7431 7076 7758 9474 6783 508 5288 2400 7202 4227 8538 5266 1916 7916 9867 3378 2658 5291 9712 7912 8404 7542 361 9609 8749 5555 1716 8863 3272 4531 5465 3755 4816 6784 1698 2388 458 943 2176 4181 8611 2830 4809 3273 3311 784 3261 2163 7863 5386 3954 9754 9340 9884 6754 3067 4731 3292 8107 651 4516 7467 8643 8768 1017 567 3155 1119 9154 540 4193 1730 5200 684 251 4884 8814 7337 1821 7646 1554 5205 9794 4474 3711 7827 8225 9264 8814 5725 4882 3004 4748 4756 4571 4504 3046 5685 5154 2678 9891 9013 5491 6981 9871 3033 8353 6774 4680 4300 9153 328 6984 6431 2756 9490 8370 4291 6295 296 2516 5373 4007 1636 4912 6686 1161 2549 8213 7974 431 9822 2925
9041 9926 9979 9749 1762 9237 3777 5124 930 4549 8439 5730 7252 1631 657 9601 0 5499 1230 5048 6359 229 8337 2110 2479 9713 7999 3589 3489 8961 2950 6916 660 2864 501 6834 2316 2190 9874 6783 7589 869 5153 8772 1851 7744 9060 1268 8089 8632 3923 9558 3926 6817 6145 3671 332 2239 577 4694 7105 6795 1251 1040 5969 4306 2639 839 7277 6946 5858 1984 7299 6678 1754 2701 9852 8098 343 545 857 7396 3785 2672 3999 3704 8613 4089 330 9887 8035 4640 5680 8286 8927 5395 3708 5084 5476 6285 9640 1909 3980 7675 6302 2341 9406 6333 4235 8380 8848 3397 9420 5696 298 3381 2992 4332 9116 1178 9522 8241 6936 6972 8104 1266 5292 6236 7775 9750 1942 1849 4956 2937 7256 6433 1755 6727 4580 4812 8623 9347 7893 5772 702 8418 3860 3335 3156 1317 3914 2014 3681 2947 6088 6453 9876 3516 9286 5032 9979 6664 7330 477 2146 1783 9375 8390 1960 5007 1211 8007 4548 2016 5442 7623 8389 3761 6464 1288 8499 9087 5087 1047 4570 2778 3823 6870 4701 282 4700 3876 1066 5303 481 7184 4808 3708 2675 3412 2985 7198 6612 1851 3034 6760 2604 8701 2221 9583 193 4894 2390 4618 1193 5792 5945 6167 9688 8279 3145 8040 3205 5820 3054 967 8794 8277 5073 3464 8207 9683 4577 4919 5323 2680 7143 4246 7739 3308 5956 3059 2989 2160 6267 8792 3964 370 7912 215
1332 7345 9949 3047 5625 4914 455 483 8655 1155 291 1340 9828 1206 1679 3885 5499 0 4452 4644 6928 742 3391 802 2898 9152 2842 1952 5761 2893 229 9610 228 8316 5869 9427 5922 6582 9387 6953 8600 2809 4761 6590 6992 2656 4956 8911 485 325 5701 4487 5752 4117 9815 936 3209 7044 2112 6885 555 1645 9376 6482 1955 4140 6162 9117 2973 6908 6325 4678 4641 2246 2094 6287 9137 3906 3757 3650 6856 6790 9615 4871 9905 7490 7865 5912 8835 1404 9196 164 9303 102 8081 1708 5543 2819 9387 8419 7329 1657 1007 4124 2485 1587 2753 2137 6710 6502 5292 6005 977 7429 3491 5752 8513 2645 9236 317 9920 2148 4103 1313 4757 1442 2568 9728 9901 9091 1607 509 7304 5596 5784 3422 6963 9834 5918 4425 6688 7030 7784 486 5705 667 892 3360 8791 7598 821 8009 5402 871 2624 5673 4402 7012 4054 1431 7977 7917 4190 3448 4674 9130 5519 4992 9793 7296 7279 2125 3559 2935 9302 3893 4769 4366 184 7976 63 4109 8523 6381 3163 5617 3373 6190 2734 520 6905 3153 159 6424 8985 4266 1168 3701 1398 6718 8656 3195 4424 2311 4963 5333 5074 3603 9649 1492 5064 3653 7562 24 8338 8341 857 1152 5353 481 1479 700 5858 1017 8389 4838 7710 6051 4974 680 7260 6814 5416 7616 9425 8829 695 5420 1792 6323 4578 2021 3994 8249 2456 8021 6532 8425 4403 7298
3418 7847 6073 9045 9440 2136 4390 266 5223 182 1781 384 4088 6864 3496 7089 1230 4452 0 1093 990 1542 7096 8908 1844 5648 5517 257 5684 9083 2504 163 9988 731 2100 4943 1574 3021 2164 365 4171 621 6180 583 26 5126 568 3559 3149 470 5852 6929 6299 92 6450 379 9226 7614 7214 9786 570 8113 2789 8083 3541 5919 2833 9631 8386 8077 8931 9167 4064 6103 4658 1694 5942 6088 5196 6667 1143 6913 2512 8198 4832 9646 2509 184 1706 6995 6982 2850 4 8997 4443 3539 5491 2440 3196 6541 1263 2172 6066 3069 844 4589 891 4737 9690 1385 4278 4138 2669 3985 9751 8544 3067 3618 5420 3028 7454 8513 5724 9278 9431 6577 2085 1928 7276 4606 8709 6244 1013 9069 8455 9644 1574 7612 3397 355 4311 5274 5992 6098 780 7292 8568 9690 9181 3012 9760 5262 103 6581 5116 4120 8142 2652 854 9067 8823 9119 5643 7325 6861 3160 69 1003 4938 3244 6056 9721 9632 5387 8448 5770 4633 8557 5916 5686 6019 9373 5472 5073 4103 9590 1587 2369 2973 9465 2850 8717 1038 2055 5247 5215 9135 9584 6920 5399 3117 5543 5337 8563 2968 6588 7158 6468 2285 3815 4744 8772 493 6353 9824 1887 7588 8229 4926 2834 3362 9304 6426 3571 4339 2915 5004 8386 7912 6726 4452 5435 3569 4878 4108 6790 1201 9095 2638 4434 4171 5552 6901 5401 2369 8464 8125 3938 1666 4921
5172 4702 9160 1114 9397 6847 7307 3746 1803 757 7487 8097 608 6939 5407 9268 5048 4644 1093 0 9009 4961 3772 244 8965 2956 6029 7276 5411 3230 53 5066 8145 8217 7842 3571 5736 661 3310 1836 7072 527 9856 8356 5437 7593 6538 8374 9362 2059 2349 3364 7710 9054 7418 823 9609 5677 1433 433 117 3500 570 2939 5237 33 1946 6400 8285 239 8306 2094 8454 8044 5214 5596 8368 4977 7616 2261 2846 6103 4896 5378 3685 5967 4065 874 4942 1841 1420 4670 8004 8293 7670 4509 8622 567 6794 3410 3476 3566 8422 1601 4813 372 9793 3478 1887 498 4083 5927 7190 6168 2083 8088 1357 4037 3791 3922 2933 763 1064 1388 3386 8024 5767 8706 7179 7421 5846 1768 3407 7406 7863 8912 1334 3096 7164 5131 6643 3630 9159 668 7390 472 9133 7616 6236 5852 4156 2485 768 7232 3563 4873 5739 4413 8789 3861 7138 7098 5124 7345 4488 565 8638 1982 6092 3497 7206 7221 939 8814 9757 5863 1204 9512 472 1306 4095 3217 1714 4475 2093 4803 7539 255 7148 5113 1561 7127 8612 4489 5285 4818 7396 6058 9064 524 6012 6611 7369 175 1102 2510 8284 7755 346 6850 8725 1571 4022 9254 7595 7253 8596 7827 3886 1510 1781 9951 7010 6796 3268 4829 6544 2357 9547 9307 9906 4179 924 3621 634 9144 8433 6633 6423 7003 2508 2311 8680 2500 6105 5163 9773 9042 5469 7558
5931 633 4828 7717 9433 3356 526 721 1897 4797 899 9947 7836 7762 9984 1419 6359 6928 990 9009 0 7697 1093 7860 9907 4534 2561 9942 6939 4792 2665 2824 9516 6305 1212 9886 354 6813 2082 1488 8817 3718 4451 4760 1872 4148 1425 1305 2797 1079 8687 2430 228 7032 9153 8787 6472 3395 6861 5374 5567 6142 2860 6031 991 3065 5259 6010 2648 1127 8257 4333 5141 9430 6005 9625 3282 1196 2786 1409 75 2877 739 2232 3894 4925 2711 6790 1780 9840 3446 8123 5111 6127 8692 5684 6193 6442 4294 4021 1360 9788 4324 3079 8094 6029 7496 5938 9313 6579 8576 7059 2734 7796 7223 1412 3232 2912 7998 7564 2352 2049 9731 4734 2205 3465 9859 6091 246 7744 1259 5684 7551 5432 1615 4857 767 3725 1425 3775 6197 5842 3734 9086 3476 923 1729 8919 2082 4150 6016 5614 7870 6016 124 8341 374 5346 5764 716 2817 2776 5701 8595 7409 9039 9354 7314 5888 3109 4399 8717 1480 4136 2009 8038 6067 2361 4753 635 9080 111 5200 9485 721 1320 1150 5163 3436 8496 9699 2105 5202 611 634 5530 619 623 1358 95 74 6152 5177 9532 2713 7715 3957 2153 1654 6998 7078 8123 6995 3698 9939 2796 3059 3614 7599 8950 6804 8804 6508 8985 6279 9440 5379 4011 6363 7992 4538 503 6644 2909 1335 7328 7284 3924 3274 2307 7148 5078 5946 26 819 937 1364 2525 4847 3628
7156 6799 1791 4442 794 2371 9434 1018 7286 606 8810 1418 2336 3098 1172 3241 229 742 1542 4961 7697 0 7560 7129 1004 4674 3709 449 2610 5294 2390 8544 830 7025 6626 9200 7571 7572 5373 6377 1663 4616 6282 6120 6985 3264 6124 9079 2056 401 4502 6387 3852 2631 9785 5504 259 9744 7588 1387 9151 2296 6370 3533 9098 1425 3642 4505 7740 3959 2222 802 2445 2589 9386 9004 9038 1875 8989 2489 5966 8293 2551 5667 8185 1194 386 958 1989 8861 3794 1930 7482 9400 5334 3240 5764 2490 4330 9260 1660 2199 3783 8208 8883 1635 7456 5027 4021 5438 8760 6128 4684 8014 4533 5167 5919 1028 519 3597 3260 5883 2101 7178 8658 92 1194 9814 2651 1581 8910 2854 3513 4501 4995 5680 7266 1881 2866 7472 2264 5669 2221 4745 7207 7959 4539 3100 243 3928 5777 7786 8274 5212 2885 8858 8298 59 3365 633 8326 502 2131 1705 9592 7957 2769 1067 8640 3244 2073 5998 5783 9967 6400 5732 2219 8816 9907 855 7386 8229 2657 9947 8886 3169 1127 3408 6260 6499 3313 3850 266 1595 9246 7427 7750 5953 8929 5528 5171 1399 3945 2376 7256 551 6201 4680 9097 7559 3166 8076 4682 5049 3742 7168 2420 7063 2024 7612 8245 2542 8799 2970 5465 9577 1846 1538 843 5697 6993 2621 4912 7380 6586 4276 6779 1440 2962 8050 6562 1995 450 36 4645 8366 1796 1124 5157 7684
6212 2003 806 9966 364 8495 5783 872 9249 8002 2584 4521 1428 4751 8698 5317 8337 3391 7096 3772 1093 7560 0 589 3855 6806 178 1985 63 8474 5354 7150 4021 4988 399 8609 3201 6168 5936 889 8446 2916 6882 8124 3873 4417 1640 2051 6792 3914 8943 9034 295 6567 2296 9667 5316 3425 2238 9229 2286 4433 9853 1861 143 7554 3885 7072 4111 4627 4411 5356 2691 7094 2626 1171 6806 6412 9951 5469 5097 9672 3852 9829 2158 366 8935 3264 7006 967 897 9272 9251 2590 6370 8853 9934 4224 8322 3192 4692 7388 5054 3730 7833 8404 4677 9927 135 4164 3733 1721 3509 1728 9881 6485 6823 7877 2787 9744 4854 2031 7463 5564 6336 1875 2310 6601 9821 5915 4762 7688 263 3830 1777 3018 2703 2082 1739 7581 2019 2020 5731 6120 3162 4532 2053 3426 9914 7524 1584 3459 1211 1119 4020 490 2212 4047 3571 6661 3525 7050 1671 8170 8297 6450 5518 6416 1041 7756 9814 9382 2582 5024 9200 2299 647 5136 5072 8402 7464 2492 798 5229 2897 5397 6077 1279 4106 1014 7832 1611 7752 6073 9819 3776 6541 520 5577 620 2090 8902 5385 1959 6812 3331 1499 2697 7608 2927 7814 3386 1539 3001 2932 1702 3140 2293 1745 9672 712 3131 9240 2877 2762 7958 7008 8161 7876 5006 9693 3445 3463 5250 7464 9549 9428 5210 4277 3572 4918 2238 9982 9135 3457 9183 1950 949 4164 7414
7670 6202 5362 4759 6767 6826 5613 4859 457 3736 5352 5984 6374 9974 365 5771 2110 802 8908 244 7860 7129 589 0 8476 8061 3665 6475 3781 7829 5226 1087 639 3328 270 5364 9626 3412 5257 101 8499 6098 2890 247 7549 1868 6705 425 3084 5740 2514 1559 1719 511 565 9386 7666 4882 2861 7735 4524 8418 7176 5495 9753 4862 8083 2442 4600 8773 7427 399 6959 1534 6137 9082 6318 7017 1573 6072 4526 1105 7349 920 4423 696 9684 7880 3978 8551 8831 4432 5886 2 3310 2395 4488 1838 972 4239 1940 9747 3303 4164 4667 8358 4627 7783 8988 8619 2285 998 7528 1744 7006 9626 3150 7220 3992 9664 6630 5946 5085 2337 1836 2692 4242 8160 1435 513 5277 7493 5649 45 1678 1783 9926 4462 9992 6627 8215 6192 4273 2382 2725 5742 5105 5766 6286 5967 324 1085 4328 7844 4928 4950 9249 3835 9477 6492 1629 4282 2336 6207 1046 9107 2566 9974 7479 2646 2509 8089 3029 1283 2005 5470 9884 3848 4257 382 7173 7746 2955 6752 6080 2448 5528 3692 9895 3267 8579 7543 1578 5140 117 9393 4536 7088 1146 2404 6171 2883 5843 9477 5798 1619 9723 9762 6303 4682 2306 2731 5019 1581 5189 8698 4006 2460 1120 5617 6973 1806 4725 6329 3702 7249 9226 6667 4020 9614 4795 9921 869 1048 6699 2249 2706 7877 39 9790 5715 4992 3277 5932 6759 7886 8539 2013 1925 6400
5095 3731 3967 6912 8869 697 6292 2386 9122 9097 1159 1075 7885 8374 5256 2871 2479 2898 1844 8965 9907 1004 3855 8476 0 845 8578 1199 9204 2346 2123 1923 8862 6157 597 2504 6709 1995 3263 2556 6291 5483 4284 7683 2171 6714 2349 4066 4898 2540 7946 1309 6739 59 9343 4921 4577 4102 5648 1767 2166 8161 4447 3662 631 5071 5029 6575 2562 6482 1296 6216 9340 4545 908 5324 5100 1313 6704 3434 9973 7274 2665 9687 4548 662 525 9045 9380 787 4442 6476 9270 9739 8615 9852 4752 9280 5791 3773 6644 121 3781 3551 9144 4064 7340 8837 7401 1833 7405 245 1966 2518 6654 1563 3682 9393 6452 5673 4883 7676 5992 9107 3902 4929 3079 8683 3333 3706 586 3797 9093 4175 2526 4255 1882 8382 435 9650 8366 4259 5295 3048 6559 3824 6426 1281 5347 9745 7767 4020 3076 8913 7996 8223 3565 8626 8627 8390 6634 6610 7543 5156 7559 4474 1098 5412 5589 1304 8897 9798 7683 8413 7552 928 8280 816 6712 624 4892 3496 8880 231 9237 6128 7949 3902 9326 6408 3162 7600 2114 3215 7966 3190 5888 3286 8431 4480 4558 3299 2179 6670 2934 6508 9377 4863 5517 6150 1827 9090 1558 7003 1288 7421 5205 3515 448 6689 7605 2124 1493 5718 7872 6715 8082 1305 8923 7349 8071 16 7910 1645 2306 8195 5430 1932 8466 4811 5766 4650 994 1738 3199 355 5676 8486 5991 2900
4515 1501 9540 8817 5654 3435 9658 1186 8865 4175 379 9260 9417 2155 1525 9223 9713 9152 5648 2956 4534 4674 6806 8061 845 0 1649 6212 3374 4139 2090 4788 3926 6645 2386 8481 2296 3204 2438 2214 5682 3818 4020 652 752 8116 5250 794 3883 4489 9762 2900 5821 1999 5076 1762 7103 1087 99 5637 4783 4213 6371 9974 6994 9752 5443 9965 2911 8685 8209 6506 1972 2650 7599 760 1312 2388 3119 1569 3587 4527 4122 4513 2494 1299 1746 267 4374 3643 54 3470 6543 567 4387 8658 7629 1936 6316 5571 8789 987 260 2238 3306 4600 958 4345 5322 5963 9624 909 5254 8716 6376 5604 2531 1611 1329 6523 1592 7990 6981 1824 7893 8584 7729 5834 6033 6528 6132 6365 727 3771 3083 7319 3486 6186 7443 6665 6837 9031 4046 8958 9012 1597 5648 3442 582 6428 1518 2423 6485 943 9872 112 5381 3702 9467 1637 6804 7381 4732 1435 9636 7157 5061 8477 5744 8534 8129 5122 9254 5890 8803 7 3223 9750 2855 2849 4516 6658 8191 9102 8784 2024 439 9123 5571 1799 7621 7275 417 6836 4571 6735 7628 8431 6878 3485 9931 4594 584 3727 6872 6986 8966 5119 3447 1588 5562 5544 7852 9596 4870 8358 1424 7686 7568 888 7533 1031 316 2043 1321 1782 8347 1418 954 1642 7025 8629 8463 4560 2656 7906 8463 3889 4944 1772 9919 920 8276 2492 2000 4594 2170 7995 3551 6746
8038 8576 9363 4584 6537 1241 9879 7740 2655 1532 4187 2771 1093 3236 3924 1778 7999 2842 5517 6029 2561 3709 178 3665 8578 1649 0 6277 1324 9079 1630 2313 4920 8031 5807 372 8539 3527 8061 5538 4668 5651 3556 9242 2445 6654 2019 6684 5775 9761 8806 9200 8662 932 9105 3775 2414 1313 7493 9319 5730 6346 8249 9622 803 9161 8665 1031 9981 3248 3233 8730 780 718 5608 1494 9843 1563 3391 7961 2282 9886 7194 7029 9945 8109 1402 2465 6303 661 7178 3479 2465 3081 9909 363 2384 6392 3053 6245 7569 1085 2635 3602 1583 8511 7606 5650 8995 5243 6259 412 4364 6689 5478 1413 1607 7984 2071 3664 6459 4144 8369 3211 8864 584 6131 767 9564 429 2755 6047 5025 2330 4154 4310 7455 5173 348 9821 5132 833 8828 1470 4454 1295 4629 3960 2701 559 1529 5771 1202 5638 5741 6397 2771 8658 5322 4233 260 100 3985 1422 4395 1365 9597 1994 9156 9592 4863 3832 9468 137 9311 5613 2975 8614 8387 1602 2662 5579 8473 510 402 6889 7011 1735 276 4262 37 378 8278 1003 2767 6035 6583 3294 2916 9495 9971 5796 517 3546 1670 6552 28 642 3012 9717 2717 8859 8812 5845 3772 9459 3259 5665 8737 1186 6900 7145 3402 56 2652 8155 5009 982 8382 3052 9941 5457 2747 2724 3435 7018 6414 8628 5839 5041 5999 7563 4199 8418 3718 4876 7412 1491 2427 9410
1381 6626 2897 6715 8103 2641 6653 9437 843 3954 5300 7138 5236 1855 7246 6862 3589 1952 257 7276 9942 449 1985 6475 1199 6212 6277 0 1322 3860 1137 8997 631 6223 6938 447 3810 6233 265 8601 5778 1149 9004 5439 6055 8460 9748 3913 5026 8302 9834 3965 116 910 7418 6088 1434 5930 8438 1567 3482 2258 5738 7587 5628 8221 7184 9066 1820 3884 6585 7617 3674 5102 7485 145 6594 8897 7537 5048 6711 3411 290 7682 5564 5627 1480 9586 2292 5200 1245 8936 5656 3997 2800 9507 1279 4385 361 4036 3714 586 7997 5438 4031 8136 8067 9080 7644 209 1856 112 2618 8955 440 8591 7935 5559 1553 9473 7504 2413 4331 9594 6905 5642 669 9655 1492 3613 5183 5171 2942 9508 7797 8544 4614 7756 2279 9185 383 3100 9660 8412 1352 9068 9993 5553 6387 8164 7677 9886 9515 2181 4958 7353 6390 8537 3420 166 6946 7024 1806 8159 9029 4554 8798 2869 9209 1291 2918 1711 7301 7643 5735 6766 1582 397 4859 8216 4965 6321 802 7559 2496 5512 2232 8096 818 1730 620 7847 7876 8640 8202 4047 8431 2055 8066 8171 8232 6627 3307 5807 3718 8996 6186 1361 2507 9711 6469 7354 8718 1218 7638 8534 9749 7564 8420 3925 2096 5880 2371 5786 6745 2292 8939 3702 6719 4105 53 5131 3969 5899 3914 3754 8640 9823 9038 6758 1775 4195 9640 7137 3414 200 8771 5642 9322 7982
2060 1636 6622 1131 1584 2062 4295 2140 1987 4032 5304 5890 816 7380 3322 5253 3489 5761 5684 5411 6939 2610 63 3781 9204 3374 1324 1322 0 2911 2360 8840 4988 7727 4584 9959 6127 1908 7690 6386 2026 1517 8283 6084 6428 1050 9911 5826 9025 2787 2422 3373 7956 4915 3196 3781 8640 6030 9595 8775 2134 6427 9223 5984 411 8348 7862 5396 9610 4958 258 7416 2141 2384 7351 2524 4993 9708 3763 4764 8029 3916 9148 3707 8514 6569 6297 820 3823 5040 9398 9520 7429 4789 4879 8396 6911 748 3310 7145 1397 5568 4385 3135 8049 9638 6130 3700 6667 997 1862 9939 1971 4346 8571 979 8352 1530 5432 4933 3023 665 9928 7185 2909 9984 9522 2469 1639 8792 2816 9360 2906 881 3127 1902 6916 4724 21 3489 7387 1144 642 9347 9491 2777 9486 1488 8929 8673 9911 7962 7186 4291 331 7336 5906 5512 8535 7073 7321 3467 6107 9086 7643 8128 1006 6703 9009 9577 306 7707 9577 8745 4708 5495 4321 6175 9398 9178 9701 7102 6882 7436 5712 8053 1176 9631 4730 2828 9139 9213 5657 7103 1796 8961 5665 4042 3416 7569 8747 2077 3868 2245 3227 139 5209 9315 2734 2982 5398 1164 6790 5642 7616 9805 5519 2049 1699 419 8508 5873 970 3243 8007 5503 8011 4116 8025 8684 2907 5674 1886 3592 4338 7892 5486 4280 9143 6335 3476 4480 2905 9396 9121 264 3786 6323 1657 5522
6728 6170 676 4680 316 4971 9287 3632 6868 592 5672 4994 3035 9843 9764 7994 8961 2893 9083 3230 4792 5294 8474 7829 2346 4139 9079 3860 2911 0 8417 5910 1992 1863 3458 3362 5565 4996 6931 9773 7472 1027 6142 5688 3425 8858 9055 7925 1389 6485 783 2969 9331 7908 7863 378 7190 6456 5168 8440 1563 48 2800 5142 5035 7947 7018 6565 6624 8835 9872 4764 6075 5715 9299 7727 2313 3970 6388 5258 5223 8405 9964 9622 3875 251 9491 2622 8325 7641 1821 2647 4554 6930 5548 9043 9901 5137 3436 3996 7772 540 9336 4345 1867 437 5288 2319 8623 5704 2078 5741 1997 7251 2725 2099 2677 8923 9099 4340 5702 1395 4415 182 6753 8468 901 663 4280 4804 9129 2488 5589 5994 7641 3801 2662 6980 5141 7559 9780 5610 4020 7998 5517 8122 3333 618 8945 8301 763 8902 668 8062 2930 5366 7980 8439 8926 8944 5482 2664 431 4908 5087 2705 9672 6954 5001 3665 3364 8375 941 8093 8912 8060 3392 3603 9985 3477 4380 1177 2502 6473 2771 2634 3437 9995 8480 251 8100 1654 9880 3055 4323 6663 9312 9948 3139 3365 8551 6729 2733 4832 7069 7740 2619 4307 4942 2096 9247 2766 6372 2552 8390 946 5395 8594 1756 5921 6204 6475 7168 3880 4737 3246 748 4124 8195 1450 8057 8277 2975 610 6445 9582 8058 8472 3009 4863 6255 7488 1810 5199 5333 9618 4608 8391 4021 592
4667 2418 2056 3299 6257 2860 1691 9763 3077 6323 9784 3659 7307 6904 7155 6413 2950 229 2504 53 2665 2390 5354 5226 2123 2090 1630 1137 2360 8417 0 4172 935 4373 5191 9570 9190 4523 749 6515 7066 2125 205 5675 5618 4031 6813 1200 3527 9942 7367 249 6940 7902 4175 8548 6026 3771 749 5575 9799 4671 2684 8289 9350 2665 3994 1910 3426 8880 7551 138 1894 7157 2757 6173 2332 3023 3274 3089 9070 9982 2557 6170 1572 3283 6652 8990 2097 5646 9237 4086 7049 9897 4863 752 5469 8733 992 2546 3467 5160 9739 332 1844 8704 7763 2738 9360 4917 2002 227 6622 1838 6008 325 2251 6805 6364 6645 2171 5543 1569 7492 7848 1045 8319 4741 8557 9826 2196 7773 8850 9073 3012 227 6225 3472 4917 8773 9440 4106 3269 2438 9594 233 3425 3910 5391 3781 5845 3365 9185 430 4014 4393 7910 2367 4780 1712 6591 9516 585 1085 2167 8724 757 1530 4772 7630 2740 5108 5469 9643 1034 3533 1078 3902 6746 4870 307 5460 1520 9892 1637 2493 925 8218 1264 7254 587 4748 4834 9511 7380 1817 7169 2454 9609 3259 1159 9121 2310 3470 4685 5058 4658 399 8755 7119 7872 3153 4512 1230 7253 8915 5603 6889 307 3313 3680 8133 554 7575 4575 808 4784 7188 4910 3367 9000 4075 8113 9889 1917 3306 1764 9840 235 7871 4592 3270 3090 4427 1229 2872 5972 875 4666 7557
1317 3389 4925 8779 7538 723 934 8780 3616 6154 2491 4514 1749 9747 1405 1434 6916 9610 163 5066 2824 8544 7150 1087 1923 4788 2313 8997 8840 5910 4172 0 5281 9594 8126 620 6947 5846 5996 1740 9930 8191 5530 6749 1187 423 9426 4888 626 3791 2257 1869 7134 5239 2443 7788 9439 714 7047 747 2995 3153 5468 4705 155 6720 9908 4809 3353 4435 8512 5828 7483 9987 2465 4309 16 4255 5663 7047 1344 5314 5239 5408 2748 2046 5494 3455 9723 8336 1463 6047 8983 16 3569 32 261 5684 2338 1435 5983 6117 7521 2013 5221 4634 2175 4237 5668 749 2321 8043 4433 9732 4117 38 1576 7174 6913 1187 502 5975 7078 3312 2879 1983 6934 6004 7214 6589 5944 2416 1539 4125 8270 7364 5837 7575 1286 1594 3582 4300 18 992 8092 9343 6454 9624 1440 46 8210 1074 2263 8573 6707 4203 3848 6593 6850 3456 5924 6215 3524 9306 1669 1590 173 1230 130 8205 8322 5909 9425 1004 1049 7016 4345 1111 1703 3429 7046 7221 5033 8916 710 3881 7911 191 3180 4348 45 4410 5904 8482 2701 2798 9536 2289 5810 5184 7886 1270 3486 5329 9493 197 5553 3781 5434 9158 9610 860 1918 9329 8602 8169 1565 8853 6200 814 3729 100 7155 757 1460 6182 4705 2815 3267 4799 1379 749 9477 8532 4474 2914 879 4295 172 5082 2244 9718 2509 1472 3332 3708 6679 9501 2669 9248
