150
0 8437 4939 943 7287 517 7131 4450 370 4837 2602 7014 9436 1890 1462 3416 3232 3768 6228 979 5480 948 1349 2316 741 2374 7724 1295 3928 1688 3241 6037 5985 6354 3905 8293 2864 1424 9598 7611 2381 5055 9422 2762 3699 4027 2393 9743 7119 8972 8379 1084 3003 8277 1508 7546 4280 9160 8988 9400 6729 8763 2144 797 1147 7131 9675 9792 1977 9406 6706 1472 4605 3146 7764 1534 7282 3668 4342 5577 675 649 626 2883 7619 7691 9199 4904 7718 4095 4522 8459 7455 4923 2244 4972 3981 3827 7381 9674 6194 86 7983 293 3062 691 8406 8340 6563 5051 3382 617 6114 8731 9027 1612 3161 8800 5229 1196 137 4539 8208 2384 6802 3963 7508 7546 4835 9617 7423 5919 6413 6299 4690 6395 6795 3447 7644 7153 6426 9461 473 5916 6916 8285 5633 3080 2645 2664
8437 0 5279 2433 4103 1087 1343 2295 9670 1288 2684 5884 7659 2193 7919 9565 894 5049 3169 3081 8085 5182 2592 2577 5332 2548 114 8029 5888 8823 4153 9358 7885 3004 4111 4418 167 5347 2947 2397 8215 9204 1093 8121 9642 5761 4819 694 1459 7751 968 5141 2383 9325 9017 829 6835 9278 5095 9913 4846 1912 9225 5147 7335 6402 5608 422 3506 4295 7777 1554 3029 808 8453 446 1239 5284 8181 1115 2462 9236 2387 6208 4601 5986 9968 7384 1273 3594 3847 1644 9683 6453 2158 7947 1331 7715 8310 7201 2841 8134 3006 544 8148 7860 6251 8501 9489 1183 2863 2125 2345 3253 2222 4308 4567 4370 9412 1814 5108 7557 35 3190 1699 6455 5687 9094 2812 2582 3271 1837 2630 4389 6293 8958 4313 8429 4197 8085 4997 7139 498 8300 7260 7594 322 9572 5921 7370
4939 5279 0 7187 505 1306 2755 8618 1856 8239 9094 4935 8415 5707 9490 8743 1445 6558 1338 4208 9635 3454 360 7977 529 3285 9201 3021 4301 6648 4141 1443 4773 5842 4764 7715 7735 9656 9083 2498 350 2009 3990 6853 3107 8435 3295 1788 1788 8252 4074 7980 2196 9484 2126 30 2207 1252 7751 1735 4561 6463 8789 9894 913 5301 4199 75 4392 8856 8391 349 8416 4828 8628 2123 9611 688 7945 9774 1100 5832 5821 6106 6603 6695 739 3412 7997 8307 3332 6062 9797 4529 1251 6994 2150 254 5397 9877 4457 5772 7365 8265 6580 7749 4247 3623 4768 1765 5388 9093 9027 704 3961 768 1229 2159 884 8497 8473 8639 7213 4550 6110 6064 5792 1471 2833 2725 8298 3168 9265 7148 7345 5233 8165 6936 9122 8402 9554 5188 4020 271 3017 3010 4027 180 9500 8380
943 2433 7187 0 7589 5648 3196 6026 6253 7260 8317 9634 9539 167 1731 2072 449 3944 3294 8012 5336 2174 1415 4091 8114 7206 7552 618 8478 1689 2750 8312 7546 9796 6287 6257 6853 9047 3801 3975 3354 2830 3450 6226 9508 5708 6364 943 6607 4883 6181 8691 7330 9420 5405 9201 4089 2205 6500 217 3844 3286 4011 8566 4871 4452 994 1377 8738 6236 4149 8219 5122 575 8260 6199 944 4201 5657 3566 749 183 8970 7540 2360 5473 2230 5134 272 9273 5955 4620 2573 5743 239 6282 8353 5178 8266 7184 4549 8701 201 6371 8800 2031 3946 3803 8956 9734 6214 3091 8568 4044 2077 1753 7214 3361 2948 7611 2815 852 4435 7238 9997 9542 3234 4187 3206 3922 8269 9747 6097 4795 5373 3375 1903 2243 6298 7221 5212 6024 4820 3372 499 8214 5834 4828 4350 2445
7287 4103 505 7589 0 7394 9155 5196 8222 7384 9906 4873 8468 1259 3068 5910 2751 5235 6373 9449 8845 5741 1893 4677 1065 1603 2569 8076 2733 1197 4293 3083 5708 695 274 8098 3612 7250 2701 118 2346 290 9501 4025 591 1157 3479 8074 3672 1622 5518 4366 1662 5924 4640 6726 3145 1793 3712 293 3597 2006 4616 5281 9093 4221 3615 3285 526 4988 9632 6676 7736 9383 7323 6692 8310 4646 531 1611 4466 9959 3243 2642 2013 6293 2566 3712 7620 9175 155 7747 8822 5673 6256 3377 8563 9186 7008 2430 3986 7745 2013 1697 4060 7247 3520 8173 3238 170 616 4223 206 7968 8098 287 8415 2882 1344 8939 9166 3373 3528 3442 3163 5521 9233 4915 2920 2405 7773 3458 4792 3916 2012 8544 5333 6952 8264 1248 63 6305 4572 9878 4186 9512 9981 9014 6200 9122
517 1087 1306 5648 7394 0 9253 9842 3770 9329 1446 6001 3704 1696 3560 3683 2095 3137 6567 6113 9714 4451 7791 5272 8430 1248 6714 7807 5076 9959 2773 398 4454 7957 5250 5751 5165 8587 1199 8319 2175 1889 188 7486 859 6039 2589 6165 5123 393 1541 2259 2635 2293 7328 6853 7494 1062 5568 48 7834 8941 4508 1750 1462 1509 3036 3784 6244 5881 9689 3635 4009 2305 8771 2129 2847 9805 5619 3899 3349 4811 5113 6607 2983 3335 294 1099 7404 2986 7989 4394 9013 6299 1207 8162 4229 6509 7278 9882 812 8152 6875 5928 532 1737 3995 3378 1742 4365 3589 3451 5612 7914 7531 5208 7993 6613 5633 7847 9310 4312 6919 8620 9424 200 5555 6872 1257 307 4854 3911 5918 9007 8506 5832 3739 875 8980 6870 9042 968 1933 2564 211 1632 7933 7946 6223 7
7131 1343 2755 3196 9155 9253 0 7868 6343 2744 9214 137 3752 7078 3862 7120 7297 3620 6705 8829 6973 1971 7391 1817 6664 8075 2535 1272 305 5399 1182 7405 1528 7574 6132 7034 2435 1619 8825 3208 3932 6948 7422 7136 2373 5579 1128 4656 8957 5028 483 6709 1192 9567 6553 5342 8563 9020 543 3276 5131 5702 1134 9440 2314 529 4429 1472 7391 719 2830 878 4560 3606 214 5301 4898 913 7712 3212 8566 2442 516 6802 9009 7750 7910 7527 8200 4985 9484 7088 742 421 9986 4780 9396 1764 6101 5330 9234 1014 3617 9934 2354 676 6260 2419 8150 5946 2032 2686 1378 8513 7242 3154 6273 9840 1035 6298 197 151 2954 2515 3823 953 5445 7220 6752 1882 328 4061 4262 1739 9086 2462 3577 7552 4635 5484 5222 8440 2487 1274 5228 9964 6038 8099 1964 9815
4450 2295 8618 6026 5196 9842 7868 0 3157 2511 4142 5654 4151 5143 5456 9120 8325 9042 5250 8184 2912 838 5195 8378 1168 6852 3186 1886 1997 5903 2390 5590 5105 3382 8495 8597 2927 2908 5549 5160 3982 227 1972 2631 5466 7576 9162 3667 7497 9496 7126 4545 2604 8541 3868 225 8170 47 884 6072 8284 649 5253 9935 2471 4365 4762 446 7171 9325 5208 921 3404 4521 9604 4438 4104 591 374 3501 6284 4536 4345 3724 9377 6267 5045 1134 2947 3762 1311 4148 9536 7027 3832 8630 1570 1780 6164 624 5671 6238 1544 4391 3521 6859 938 2778 9266 8104 1016 7913 3157 4459 7986 2110 4659 1310 9660 2399 1839 8135 2134 4263 1224 4476 1648 6691 2911 3454 972 2606 490 1590 1311 302 5258 4317 3636 614 836 4497 4960 3062 4462 5959 5598 4613 677 5052
370 9670 1856 6253 8222 3770 6343 3157 0 2893 8716 5574 7835 3228 7349 2515 2708 9170 1189 7243 6993 3113 5954 4295 4716 8841 1551 4120 2199 7147 7588 1026 1118 7925 3863 2174 8250 7340 4493 5935 658 975 3459 3147 885 3254 9516 1456 71 4292 3983 8872 4068 1046 1746 3842 5411 8732 9709 1052 8814 4575 1489 9965 1220 6108 5990 2784 4817 2985 8050 1073 7953 2241 9541 8801 7653 8624 4452 5303 1597 178 5772 6275 8829 5051 1851 3625 7206 1548 5800 7704 8681 6087 4784 5291 9734 2408 1816 5843 2943 208 4603 5352 5653 1958 3293 900 4372 5215 2902 6349 8427 33 567 3594 2126 1548 4229 4731 8890 7755 3914 6711 9412 3579 164 280 5772 5638 2233 9966 3107 3754 4776 3328 4527 7143 4398 9761 7128 6811 3176 3958 1801 7431 759 421 8673 2039
4837 1288 8239 7260 7384 9329 2744 2511 2893 0 2852 6942 7026 1717 9634 1526 9039 719 3103 9148 9734 7480 1023 5259 6373 4241 774 4010 7323 4404 2516 9790 7136 2525 1045 8380 5163 5957 3661 9375 8150 9202 9136 3976 8636 3720 9336 986 8289 871 5518 3905 9584 5868 162 9716 4079 9550 3419 3515 1144 4062 8893 6548 5817 5302 2788 3560 9780 6980 9395 2275 9110 7621 7710 5601 126 4578 7303 5349 5773 5937 9293 8301 1191 5733 8101 9500 4555 1156 1007 7701 1984 4305 5878 6611 9953 5084 1873 8090 4483 7041 6915 7388 3225 2808 7134 1444 4126 4374 5982 4622 1376 8855 5306 7645 2378 7075 8702 1598 897 5665 6115 3119 5467 2442 4690 6941 3009 8015 9138 7794 7293 8214 8374 742 6361 9850 2210 8248 3747 5615 9104 8963 2009 7067 1994 3247 6287 8053
2602 2684 9094 8317 9906 1446 9214 4142 8716 2852 0 4492 8675 3956 4096 4244 9156 3076 4885 5723 8285 7989 8192 4073 5640 8449 8920 8114 1233 5481 2093 3133 3687 4718 695 4561 2313 2719 4683 5917 1962 5451 5130 9092 8256 3598 8971 7915 8067 3473 5804 1076 4227 1548 9031 6528 265 4146 3749 3328 3800 8539 5224 5303 3762 6331 4636 1497 6149 6089 8422 9187 264 9945 8515 4043 407 4349 7856 9519 9020 4475 4745 8365 8881 1931 1248 8906 5093 1889 4104 4907 4347 9167 8892 5243 8361 1780 9356 6103 2660 5741 6188 184 2144 9255 9368 4739 4478 9894 3095 5653 8201 2777 7241 7363 1722 3424 4052 4833 2699 4632 6266 4357 8778 6123 8105 9060 8664 8089 5517 3374 611 2814 6294 5562 3125 8826 6641 5099 4725 5617 3980 5650 8621 4471 7090 5036 6290 6681
7014 5884 4935 9634 4873 6001 137 5654 5574 6942 4492 0 6109 7062 9236 4064 4116 1248 4524 8660 6706 2454 9843 7672 9724 9726 6338 1550 9559 3290 2566 1104 3356 2790 1456 2794 4025 5025 3933 1790 4917 6030 3144 8036 8801 2609 2343 5860 6738 3269 4823 398 1374 6992 5056 1111 5949 5743 4153 7541 9379 4550 2532 6742 8010 2389 4933 9833 3547 4643 8908 95 9676 6682 4613 2838 9612 8004 8061 7135 5390 1717 8747 4762 4940 5006 521 472 9530 1870 2958 2174 2254 4124 7907 4950 9132 3951 9414 1982 8580 6965 1410 2610 8827 153 5644 4671 6702 668 2207 6971 1421 401 8009 946 2154 2243 274 3073 7181 4731 5975 5271 177 8953 2641 6665 8895 6771 5703 6329 2900 6038 2883 971 3251 5353 100 3332 4340 5049 652 7049 5759 1548 7389 6517 1886 616
9436 7659 8415 9539 8468 3704 3752 4151 7835 7026 8675 6109 0 2007 5687 6041 5284 3601 5889 2142 9774 6090 5278 8236 9554 4263 4774 1311 8276 8238 1864 3643 9207 5795 975 9040 9729 9632 3880 4515 2423 1623 8325 3459 439 7807 9299 9878 6374 6178 157 1719 31 6142 913 7535 2755 611 4337 1109 1477 6877 6891 8905 6835 1351 4266 3894 4602 6805 1693 201 6796 5448 5166 6083 2454 3322 4102 6779 3341 7365 8319 9392 3765 7280 2899 6343 3601 789 4498 5740 4411 7817 9364 8522 9101 9303 3179 5822 3752 3767 2994 7292 2622 4312 353 7806 3943 6806 8830 3355 9674 6012 5998 5065 3052 7930 5590 3671 5550 4812 8869 9124 5053 7019 4388 8106 6499 9745 2481 8261 2934 8200 630 3089 4471 5628 4841 4762 593 4868 1656 3241 8748 8542 5314 9184 31 6359
1890 2193 5707 167 1259 1696 7078 5143 3228 1717 3956 7062 2007 0 7225 395 3902 3372 2974 669 7294 150 4627 2724 8942 9269 1223 9077 8732 5074 7000 9356 8307 7204 2293 2154 6439 8825 9061 8726 2490 3245 7275 625 8026 221 596 3466 7398 6937 1990 6320 4037 3788 9556 6595 5290 1761 669 7368 3915 670 9809 9606 7973 4454 1997 3313 7114 5971 1390 5651 4381 2712 4092 2966 9402 5513 5368 2972 7494 5014 9449 1893 2592 3067 2842 5099 7335 9232 1070 398 4941 4936 54 7846 9716 1044 8383 5488 7568 5708 2951 971 3364 9688 9513 9119 4103 8212 2432 930 4397 827 2103 230 1302 8527 8323 8807 880 3115 8795 7124 4004 4056 9180 8159 4122 6132 402 5518 1700 9337 2039 9941 4337 7517 141 689 9551 9404 9468 3264 5828 2576 6251 158 6889 4432
1462 7919 9490 1731 3068 3560 3862 5456 7349 9634 4096 9236 5687 7225 0 1637 9312 7874 1381 9259 4133 2736 8996 9845 3109 5413 1943 542 2774 611 3108 93 9602 2561 1245 990 2002 9108 2021 2749 3729 7196 7584 1100 3574 5486 732 6986 1381 3093 6422 1185 824 7789 8363 19 1859 7292 8356 1361 9561 100 9222 6234 4968 7618 1236 3593 750 7805 2893 4886 2804 1985 7670 9710 6040 8628 8128 7423 9103 3727 2137 3950 3813 3950 5892 5320 2406 2295 8736 6122 1183 9492 7585 143 379 3039 7297 1852 7718 4764 2581 5945 668 4637 6020 9553 9090 8954 5773 9385 8984 948 4017 276 818 4222 152 5653 6206 4128 4432 6594 6378 5957 7279 5773 1978 2676 8881 7952 975 6032 2710 7957 4542 3068 6849 6049 7098 2458 2375 7929 5265 5048 4258 8936 312 4637
3416 9565 8743 2072 5910 3683 7120 9120 2515 1526 4244 4064 6041 395 1637 0 952 8263 2700 8219 7147 1075 4790 816 7074 3549 3566 2943 6632 9039 3282 1392 7746 7849 2330 8707 8706 3705 8372 7139 590 1604 6999 8516 9960 1563 2656 9 8043 7939 7808 4933 3473 749 3566 2270 9681 4859 6190 4096 7878 7772 3293 8495 1259 1326 4363 9976 6705 1511 6121 9215 9615 2397 2643 5689 7925 8062 7615 1525 6253 6392 598 9293 5222 414 71 9729 3229 8433 5958 9443 592 9337 2508 8821 4215 2910 2248 6430 4967 5705 8754 2291 9025 953 228 7858 6684 3360 61 4698 9363 8938 4064 3345 8331 1184 1158 7751 1000 6929 4801 939 3873 7052 9075 8952 9935 5840 6311 7254 3221 4923 6013 3702 6008 9185 5790 1096 6715 5358 4804 4736 7927 6634 4984 8316 5078 3960
3232 894 1445 449 2751 2095 7297 8325 2708 9039 9156 4116 5284 3902 9312 952 0 9964 4711 6327 7739 9391 5239 3025 7498 3345 9318 2884 2261 836 6483 6102 508 5350 1071 6480 9318 908 7226 9856 6583 8006 4383 5249 989 4797 6694 9374 151 7279 2874 892 6921 3355 7924 9783 7559 9351 8228 4483 3148 3410 3435 7805 9685 527 5466 6632 2312 3421 3043 1765 1747 5463 9251 5531 1101 1514 8599 9493 9637 3401 4269 8949 5863 8566 1241 6160 5361 5994 8833 1591 9880 3190 7403 6134 907 5522 149 4455 1677 1026 951 302 2945 7994 2372 849 8976 8530 7463 2923 3130 1552 5039 9938 6724 3853 8628 1037 8591 5507 8758 6064 5771 4864 3902 4217 7638 9598 8711 8683 8988 6859 2604 5852 7531 4249 9205 7551 6159 4610 7858 9353 7447 5763 2124 7080 3389 4565
3768 5049 6558 3944 5235 3137 3620 9042 9170 719 3076 1248 3601 3372 7874 8263 9964 0 1069 1100 3805 1260 4893 9106 2598 9583 8563 5204 1035 8368 8330 1594 677 272 9111 9399 4699 5486 3509 4151 6947 5678 8166 1421 4641 4972 3036 2304 5151 3830 7091 2855 5550 7492 4638 6152 1692 2356 1714 1037 47 9152 1804 1528 9677 9596 2289 7515 4425 5424 9812 7680 4314 5550 2543 7962 1757 6546 550 4118 7075 4349 4017 7852 5202 6348 8582 480 3032 8011 8803 7065 3339 3856 3917 2676 9403 7125 6287 8739 4745 6447 5956 5218 8347 2665 2540 6662 7114 1679 3597 8983 5724 2559 8759 7936 8388 4025 8460 6725 1787 1482 6302 8815 7922 4579 5550 4048 2761 8478 5800 6607 3556 5904 8966 6710 5057 3140 6666 3534 7916 8717 9132 6399 4127 107 7596 7392 4329 9085
6228 3169 1338 3294 6373 6567 6705 5250 1189 3103 4885 4524 5889 2974 1381 2700 4711 1069 0 398 4873 4028 2413 6918 8352 822 4377 4772 5383 7604 336 8872 6053 8306 2962 4045 6921 6616 953 845 2348 9286 4869 4773 8878 2175 4087 158 2393 3897 9428 9216 3552 2361 9477 2421 1421 4621 704 1020 6358 5541 1063 1558 9587 2055 8441 6415 9736 6562 820 339 2121 7258 1420 8480 2946 7589 7975 3933 4467 9471 8356 8140 2700 4064 4056 215 5407 7037 3549 2768 7885 2245 3024 1688 5320 5020 8553 5173 2929 4100 7894 8690 7396 2055 9321 9475 7458 2417 1446 1036 5313 6446 9849 4422 4686 1540 7263 5746 6359 5135 8778 6801 7244 8440 4591 1852 3657 5736 791 9065 8986 7769 4179 9184 9340 3082 2316 5892 5914 6568 9401 5420 8992 5183 4416 3253 2442 2193
979 3081 4208 8012 9449 6113 8829 8184 7243 9148 5723 8660 2142 669 9259 8219 6327 1100 398 0 286 7298 2186 1961 6542 794 653 5438 4641 6708 6660 7220 1938 2144 1662 629 1968 401 4407 9296 1101 4993 6257 7077 7460 865 2002 7281 2885 2433 2143 1617 3848 1072 4951 1046 4275 829 6424 730 8577 9495 3896 2420 7510 7084 734 2947 4090 7531 5227 3660 2256 247 5753 7512 3385 8439 2260 1568 5640 1901 7635 9072 8205 3626 5879 3351 6584 6147 556 6403 2512 3495 3568 7815 6701 7526 1831 4495 9735 6456 4216 8518 9442 326 3469 5776 1119 3902 5399 9100 5358 736 6655 2678 9967 3238 6057 8256 2006 9045 8426 6953 9257 267 6647 4188 6966 9424 5934 6209 2820 5515 2212 5705 81 1693 7083 7254 6291 7342 7511 4828 429 8741 8119 3291 9330 9499
5480 8085 9635 5336 8845 9714 6973 2912 6993 9734 8285 6706 9774 7294 4133 7147 7739 3805 4873 286 0 3806 7102 3850 3711 6676 7818 5017 9849 8106 3766 1674 8393 9397 4508 8186 1389 3032 8902 1269 7906 5454 4593 344 8779 1349 6351 2819 3255 7003 5241 6334 7683 4318 8933 6057 3918 9153 7454 5904 8138 4874 474 5789 3198 7356 641 2968 4789 9220 9472 5960 6879 5116 2840 762 3469 325 6087 659 9070 1142 3585 8928 5658 226 9880 6040 9423 4636 6249 1020 248 6289 5920 2924 6308 993 2343 6963 5413 5861 7407 2235 7470 9221 8394 6330 7764 5241 9333 4692 5673 3265 9800 9111 3901 2547 1614 130 9420 2578 4362 6434 2376 1631 5745 2022 1412 2674 9424 8848 238 1956 530 289 4541 1808 2073 5426 686 8323 5484 7228 6570 8807 9330 9872 6628 9363
948 5182 3454 2174 5741 4451 1971 838 3113 7480 7989 2454 6090 150 2736 1075 9391 1260 4028 7298 3806 0 4687 6686 3053 5814 4760 9059 4648 406 3458 4242 8170 8330 8748 15 9729 4012 7786 8281 7636 4451 5246 4812 1684 6883 2263 8568 7565 1942 2720 4702 3755 4358 4646 2859 5306 6983 3227 2976 5801 2376 9752 4588 614 8413 815 9249 8903 7026 1588 3804 88 9302 7199 614 204 463 3978 7795 149 6211 8409 4923 4934 7907 5743 6522 5798 5929 8060 656 7791 7662 5828 4204 422 9251 2024 7119 2851 1166 6212 1306 3479 9352 6637 7408 1666 7828 5182 7702 6159 303 9833 9376 3055 6289 2856 4244 385 5534 7106 7012 316 2869 5861 7912 4089 3886 2929 4624 4374 663 3270 5189 4947 2669 3667 7065 5057 7908 9866 2438 3907 9832 1704 2270 8625 373
1349 2592 360 1415 1893 7791 7391 5195 5954 1023 8192 9843 5278 4627 8996 4790 5239 4893 2413 2186 7102 4687 0 8144 6124 2498 7638 7691 6841 8791 3240 8670 546 5293 3083 116 1696 8292 4695 9092 3970 932 6412 6370 7440 9443 4457 3420 2659 2190 219 6769 378 4319 6705 7641 3660 8597 4884 7298 9606 2992 4117 8554 7033 6454 3863 73 8551 941 3403 3880 966 2266 3428 8882 6387 3284 4089 3231 4071 9832 9161 4228 3753 3683 3304 5536 6608 925 6163 9081 8636 6025 1698 2466 5629 1615 1010 6573 4457 2241 2775 2645 3386 9521 8303 9505 3662 6613 5529 909 5337 8525 277 5731 1700 2643 8855 2075 444 2079 5167 7989 1191 9788 7601 4224 8749 2124 4881 2135 8334 5999 1796 3332 5434 9814 281 4043 4451 2115 835 6130 8363 1345 6138 7252 2246 4288
2316 2577 7977 4091 4677 5272 1817 8378 4295 5259 4073 7672 8236 2724 9845 816 3025 9106 6918 1961 3850 6686 8144 0 6963 7927 472 9829 4150 2723 270 4676 5436 6511 4260 9627 2175 9302 9751 7397 7302 9213 9042 2078 333 2967 6092 7798 6263 3322 9731 8813 213 917 4394 6835 6650 8641 802 1501 2445 2774 938 5966 5883 8194 593 1903 2807 1870 294 8171 1282 9055 9745 7657 8775 2363 4369 2957 5553 973 9187 9616 971 4392 3851 7097 2066 8614 4290 9039 7708 6209 6291 2490 1655 4765 4139 5724 662 2376 5212 3248 1485 6348 5782 6073 1078 317 9857 9311 4662 1743 3539 8905 7083 1034 2843 9762 6438 8023 1929 5816 9443 7676 5539 7574 614 7843 1804 2650 6452 400 5475 291 1796 3504 9591 1682 9856 4513 459 2019 1958 5395 6331 2417 8950 768
741 5332 529 8114 1065 8430 6664 1168 4716 6373 5640 9724 9554 8942 3109 7074 7498 2598 8352 6542 3711 3053 6124 6963 0 7528 825 2662 5764 9220 8677 5332 2678 1323 8722 8680 5508 8660 9355 4860 938 1506 5348 8890 8704 8033 311 576 6513 4921 1846 2432 8252 933 6829 141 5762 4414 8612 7084 5765 9887 7078 6588 1119 1734 5218 320 3412 6900 6493 361 8422 82 8869 5901 5404 2225 8274 1699 7304 4218 341 9721 6229 5908 1345 2351 7657 5185 8029 4639 9755 5161 6723 8069 9357 4711 8062 482 2899 279 8346 7373 1372 5303 8346 4578 8317 8904 8534 1598 5405 3940 2805 6625 3221 2635 976 4002 9238 5958 3011 2128 1659 3109 5282 226 3330 6885 3411 1643 4192 6753 4340 9148 1477 2417 6543 342 5149 2366 5769 792 6783 4550 3588 6579 7148 7028
2374 2548 3285 7206 1603 1248 8075 6852 8841 4241 8449 9726 4263 9269 5413 3549 3345 9583 822 794 6676 5814 2498 7927 7528 0 7877 4677 7401 1088 3414 9951 5249 9372 7156 6370 7851 2482 5499 8765 9976 2586 7173 7366 7534 6114 6484 2665 2835 8074 7145 8587 2765 3601 8458 273 7667 2168 1477 6439 4242 1641 2997 4456 4865 1304 9809 3376 5501 4162 9121 9475 1017 8996 1911 8357 4146 6717 185 4944 8609 3827 9098 7511 7583 1650 724 581 1398 1200 1214 4870 3930 7112 7013 9967 8310 4209 5349 8689 4516 6651 5053 5274 5803 779 4995 6500 252 9777 4314 7245 8589 9271 1529 736 4005 8711 1388 2839 3073 7653 4436 3097 7100 7690 6036 3432 829 1487 3466 8342 1012 7954 7560 6570 169 5606 1657 8073 5540 3224 528 6491 2099 8510 5056 9483 9244 5845
7724 114 9201 7552 2569 6714 2535 3186 1551 774 8920 6338 4774 1223 1943 3566 9318 8563 4377 653 7818 4760 7638 472 825 7877 0 7183 698 9756 7039 6095 5915 8559 2836 9255 3656 8305 2799 6469 7209 9069 8497 2542 3125 4185 3828 1907 9360 9982 7632 8186 3151 3538 5683 2709 3535 8231 574 8441 1250 5202 3642 9605 114 9600 5483 3398 3043 5279 7581 366 2025 6072 1778 6367 3504 8895 4291 7080 2270 5703 1921 3086 9079 3728 1435 1982 5919 6489 6397 6182 3893 6947 63 9211 1531 7929 5865 1767 7590 4269 7475 2610 5910 5916 4048 5493 9107 8645 3682 9867 8161 535 5371 1856 5674 8942 2863 73 5476 8081 4847 7300 2397 355 8638 5102 8897 3089 3698 4566 5389 494 7492 7189 7322 5215 6523 3784 4800 9400 1313 8239 6438 490 8973 9785 7334 8353
1295 8029 3021 618 8076 7807 1272 1886 4120 4010 8114 1550 1311 9077 542 2943 2884 5204 4772 5438 5017 9059 7691 9829 2662 4677 7183 0 7523 5748 3160 8447 6545 7407 4917 5130 5952 2115 9564 5340 2165 5727 8508 4469 3649 7731 7576 7002 3569 2959 8489 5961 8255 6866 4577 6539 7528 3600 2516 9430 4508 1281 2545 9942 5333 8372 6151 3540 4964 8658 1281 2103 1789 1682 9884 4472 6516 9788 8885 3000 837 1156 4113 9889 2713 48 8259 9818 9498 432 9366 2134 3432 7524 1041 7783 5400 740 4716 3444 510 4113 4780 352 8247 977 9421 9560 3688 4930 1473 8401 8639 7949 1968 7540 6787 2730 3400 2276 9704 6923 169 529 5255 6600 9155 4655 4465 8347 5988 7977 3508 2073 9254 101 4555 4462 4443 7881 6876 1736 6538 5471 4833 6894 9884 1008 3734 1527
3928 5888 4301 8478 2733 5076 305 1997 2199 7323 1233 9559 8276 8732 2774 6632 2261 1035 5383 4641 9849 4648 6841 4150 5764 7401 698 7523 0 9633 1378 60 7850 8151 2051 5858 6534 526 5680 5099 1232 1832 4926 9486 9369 3433 6519 8721 2591 7621 8031 2222 1511 8719 5741 5115 1979 2580 3454 759 1187 7144 5614 8112 2202 9983 6684 224 7765 8410 4564 7117 6468 4241 4926 603 4230 2946 1582 1163 9885 838 9012 1104 9967 8678 2320 6789 7018 2922 7194 3662 4891 524 4234 6611 3714 3101 4791 8100 1698 891 6874 3144 7499 69 7102 8038 1224 9505 5705 2370 7301 6861 7946 536 2976 130 8593 1213 4960 477 5437 4240 871 5407 544 7041 5517 2293 1852 7335 1667 198 7004 2865 9390 3163 5925 3723 5510 9724 6442 8373 6482 5449 1333 9027 8285 7721
1688 8823 6648 1689 1197 9959 5399 5903 7147 4404 5481 3290 8238 5074 611 9039 836 8368 7604 6708 8106 406 8791 2723 9220 1088 9756 5748 9633 0 8062 8009 7244 7762 126 3788 6983 768 7214 8685 2391 9692 5436 8566 3949 1557 9815 7984 4201 5306 4565 1543 853 7690 9512 7132 8124 4366 3239 2893 5703 7044 6164 535 1491 6822 9919 9543 7155 7954 6915 3755 4311 8242 4975 5589 7283 7629 9231 4649 5792 592 572 4747 1583 7814 4149 3509 9997 6041 4573 6772 1793 8964 1293 9413 3218 4056 4597 7947 3117 4963 1195 9523 1920 9592 2275 7914 1370 7767 9176 5604 7340 9645 9481 9761 9714 4244 8703 9841 4346 4910 4526 738 6246 8746 5041 505 5763 724 8409 2051 6243 5682 8226 2180 7721 2763 4294 9099 776 3695 2455 5820 1159 8550 4370 8816 3415 391
3241 4153 4141 2750 4293 2773 1182 2390 7588 2516 2093 2566 1864 7000 3108 3282 6483 8330 336 6660 3766 3458 3240 270 8677 3414 7039 3160 1378 8062 0 9357 7303 8279 6281 97 6609 8958 419 9999 2238 7653 1083 808 4807 1974 2343 4804 2002 3529 1488 6773 8114 867 703 156 1119 673 3518 5056 2812 2874 3314 7330 40 7648 6640 7922 6345 1015 7227 637 4118 7552 5798 9948 1718 8158 2561 2930 7941 9033 5953 8428 7577 8789 7114 9613 3307 9083 8448 6886 6697 3124 3037 5989 2028 2854 9131 7367 7538 4071 3650 6518 4593 4136 2306 4349 8828 6408 7244 3749 8986 7765 7433 9435 7344 2548 6626 4834 2488 4886 4898 7672 8762 3980 4934 2085 4810 7885 4923 2915 2907 945 9067 8525 6679 3761 5498 4317 5885 889 2198 1031 6223 9531 2421 9727 3396 8079
6037 9358 1443 8312 3083 398 7405 5590 1026 9790 3133 1104 3643 9356 93 1392 6102 1594 8872 7220 1674 4242 8670 4676 5332 9951 6095 8447 60 8009 9357 0 6775 1922 4921 7243 9516 117 6947 9709 5612 8044 6678 1743 1618 5108 3494 5048 4554 9398 4684 4352 8199 9293 3574 5544 3604 8978 8505 1212 9589 1885 6719 3821 3987 8367 3654 5388 3006 5994 6919 4733 2850 7659 9488 771 9804 5585 6509 6670 4670 9503 804 277 1791 7611 2125 8196 2624 6164 8188 6327 786 3743 3164 5763 3594 2913 2995 2683 617 5214 7643 1174 819 1682 3712 57 3177 8963 7725 4726 973 3463 2516 9406 8276 6513 9192 2332 5262 6063 6315 8439 5841 8051 3927 126 2822 9895 6754 7574 3166 7046 4849 1975 9579 8115 8597 3100 2463 6126 6003 3828 9076 2552 5930 7280 7656 3135
5985 7885 4773 7546 5708 4454 1528 5105 1118 7136 3687 3356 9207 8307 9602 7746 508 677 6053 1938 8393 8170 546 5436 2678 5249 5915 6545 7850 7244 7303 6775 0 6827 4496 7693 1034 7209 6183 942 2531 8289 9723 6597 8802 7975 7840 3138 7988 3728 840 4053 2858 6755 777 5519 1458 3455 7644 7803 5022 6489 8243 1408 8759 1878 7584 212 9543 419 9079 306 6507 6427 5600 6225 4410 483 4265 5442 2702 9496 7101 1910 3598 8637 1684 3214 9269 4463 3321 3757 9234 5205 4146 5737 6461 2990 8994 455 4992 5370 7252 7693 686 5252 6331 8721 7985 9248 6510 7753 7818 8738 7608 9224 3448 6710 1825 6348 344 529 83 3024 1229 3950 4561 3965 1099 3190 9475 1761 3497 4331 2319 4444 5578 3858 390 1852 1867 1137 6574 5704 7161 9218 6964 4136 7348 997
6354 3004 5842 9796 695 7957 7574 3382 7925 2525 4718 2790 5795 7204 2561 7849 5350 272 8306 2144 9397 8330 5293 6511 1323 9372 8559 7407 8151 7762 8279 1922 6827 0 6320 8084 8388 5178 6443 8906 7587 9463 9862 6707 4761 5748 4750 1658 7147 4338 5387 193 5773 4687 8944 8111 9620 3629 3088 1330 8411 2825 3137 8688 9983 9493 1084 5999 8244 9474 5705 9957 7652 455 2986 371 4563 6759 6894 3882 3757 2170 8203 4368 6701 6780 6700 9499 7852 6785 6745 9066 1995 9788 8767 6520 9825 5143 2632 7290 9951 4493 5417 7665 4030 6963 7473 2967 6102 8409 4226 1034 4195 7092 630 3135 7629 8755 4352 8786 8051 2697 5728 8219 5331 6131 9582 3319 3013 954 6213 4481 105 3380 8001 3664 887 3590 2833 7373 2607 687 9866 5981 962 8025 1442 9391 6124 2221
3905 4111 4764 6287 274 5250 6132 8495 3863 1045 695 1456 975 2293 1245 2330 1071 9111 2962 1662 4508 8748 3083 4260 8722 7156 2836 4917 2051 126 6281 4921 4496 6320 0 8732 309 5783 4187 4504 8679 8790 7876 7659 4712 1618 2075 4530 3964 2125 6827 3263 174 9075 3038 8869 933 9991 4881 796 8006 896 4749 6102 619 7325 1547 669 7187 1860 7663 6141 4448 3962 1000 1400 8538 2967 2510 2603 8773 7917 3256 3412 6194 9133 9905 1674 9698 7103 1750 9279 3898 4423 1729 7308 1773 9474 672 3074 8658 7212 9673 665 9756 1414 5824 3183 8982 5601 5547 9619 1385 4826 3941 197 94 4377 7650 9858 7674 4006 5876 6882 4924 4133 5117 3366 2943 1053 7374 2480 6304 3599 8058 5025 584 9445 5100 2972 5166 1482 7866 5256 4472 2963 6806 4466 6553 1634
8293 4418 7715 6257 8098 5751 7034 8597 2174 8380 4561 2794 9040 2154 990 8707 6480 9399 4045 629 8186 15 116 9627 8680 6370 9255 5130 5858 3788 97 7243 7693 8084 8732 0 6481 8016 457 9685 3828 2644 4276 9225 4473 4389 758 4294 6643 2679 375 5013 8068 1315 2526 9486 5651 1175 2714 1301 8509 251 1206 769 5775 649 684 7085 4525 1133 5766 9577 613 38 8251 4482 4589 5995 403 9296 9097 4461 2236 3785 5671 3506 5129 9262 1428 1635 2891 2757 4458 6589 7293 6291 3140 8236 69 5345 1441 6128 5969 5238 5660 3739 6284 5025 6106 2442 4081 9177 7100 8777 3062 4481 8295 7355 1935 7595 977 7955 5595 7340 2996 3824 1086 9629 638 799 1631 5533 5346 5877 6582 8085 5563 7891 1927 811 5080 8247 5328 145 95 630 3628 5239 5134 5783
2864 167 7735 6853 3612 5165 2435 2927 8250 5163 2313 4025 9729 6439 2002 8706 9318 4699 6921 1968 1389 9729 1696 2175 5508 7851 3656 5952 6534 6983 6609 9516 1034 8388 309 6481 0 2097 4653 8058 5502 50 2467 5231 6682 8238 8474 901 825 8433 5706 2840 9316 7533 3717 719 8702 9579 9531 3279 3306 6234 6230 7080 7358 6 3535 4782 7759 1311 3476 4643 9564 2809 1741 6233 1469 8429 2070 1596 5997 7410 4173 3456 1024 426 5375 5607 3548 8018 5241 6110 1426 2026 7359 2939 9824 917 2809 5128 8253 24 682 6444 1270 2849 6359 3478 4468 198 5136 7549 1255 1641 5402 6120 2512 7369 7354 3797 1762 6329 1672 4719 2148 2263 8525 8444 4884 361 5198 1377 919 2042 7873 2809 5065 8510 6272 6365 9692 2503 5922 2841 9603 9020 185 1205 5455 9188
1424 5347 9656 9047 7250 8587 1619 2908 7340 5957 2719 5025 9632 8825 9108 3705 908 5486 6616 401 3032 4012 8292 9302 8660 2482 8305 2115 526 768 8958 117 7209 5178 5783 8016 2097 0 2167 2323 7184 2891 6975 312 6766 6988 7387 6066 4227 7465 3691 2558 3465 9954 5761 9344 8141 4116 5210 136 5441 3842 8057 2400 3336 1799 4651 9004 3598 9590 7552 5381 4460 6980 3524 2763 8178 719 1284 2811 393 6822 6129 262 7920 4900 5389 5027 1467 6500 5490 4429 1035 8461 4078 4117 4668 7422 5034 8589 3349 3101 4477 3607 7942 4492 9807 8936 4340 8406 6608 6528 1463 41 4847 2391 8612 9263 2163 6883 5822 5229 4589 8749 265 8301 6996 820 8976 8728 5206 3916 4371 9983 2619 1092 417 5 1686 5064 2131 3243 8547 3336 8435 6986 4605 7862 8064 3654
9598 2947 9083 3801 2701 1199 8825 5549 4493 3661 4683 3933 3880 9061 2021 8372 7226 3509 953 4407 8902 7786 4695 9751 9355 5499 2799 9564 5680 7214 419 6947 6183 6443 4187 457 4653 2167 0 1130 220 537 823 5303 2558 3260 5417 3335 5860 7372 8570 4056 5821 2171 6986 5898 4137 7419 2656 7787 8565 9122 8958 9610 6535 3385 8345 1764 8345 1238 3217 8990 8951 3859 6334 7153 9234 3205 162 7296 2797 2499 4850 1136 2030 2177 77 4893 7192 6422 8518 5460 3655 9026 8583 2684 3411 4248 3869 6441 7452 2749 6875 9031 3038 7326 1665 7021 5595 2369 2385 2771 8879 7569 3923 1728 2525 7155 2267 4874 1960 5200 6472 3749 7999 4152 6997 2058 8932 8821 5272 5490 5947 6938 5727 9185 2017 8491 2561 6854 3989 6822 5132 4297 3713 3025 814 94 9204 6782
7611 2397 2498 3975 118 8319 3208 5160 5935 9375 5917 1790 4515 8726 2749 7139 9856 4151 845 9296 1269 8281 9092 7397 4860 8765 6469 5340 5099 8685 9999 9709 942 8906 4504 9685 8058 2323 1130 0 9294 522 9062 6753 4916 8466 2769 3518 7837 2653 7110 4981 8879 1987 1285 8547 4750 5186 9098 2336 6513 8538 9867 4184 6543 6180 3527 5067 3542 5659 5450 4274 2976 5775 8897 4180 6943 8455 7726 9617 8511 5632 9821 4834 6209 197 4422 3993 9379 6463 6742 8015 7346 2889 655 6820 5087 4240 2748 3755 8681 7421 6715 6355 2755 3961 2837 3448 6000 9707 2786 8590 3731 4788 2114 9795 8680 7735 5145 2495 7067 2968 7966 2895 6601 595 8538 6335 9124 3772 3441 9692 4641 1030 2156 4530 8950 6092 5363 5520 8148 8671 4596 2276 8968 3135 4916 6647 9667 3890
2381 8215 350 3354 2346 2175 3932 3982 658 8150 1962 4917 2423 2490 3729 590 6583 6947 2348 1101 7906 7636 3970 7302 938 9976 7209 2165 1232 2391 2238 5612 2531 7587 8679 3828 5502 7184 220 9294 0 3257 4586 4721 8243 8880 1343 6878 923 892 1330 417 1906 8656 5097 5849 3202 6167 1582 6440 4555 2238 2143 3515 8227 1495 136 7079 1733 7174 5138 8097 2714 5281 1228 9557 6276 9186 5395 1184 8670 3776 44 1618 2507 7647 6645 6971 6 5986 2606 7690 4212 2996 9800 2847 4842 16 8884 9590 4646 6709 2024 451 2294 40 5176 4409 1168 6897 3827 6326 7413 5477 9632 2817 870 7264 7234 2081 9230 4624 2789 6793 2623 6132 9842 7437 8774 8403 1839 1670 172 9214 8653 6365 1388 592 9009 8295 5134 1280 3063 1391 9840 8427 4261 6054 9022 6662
5055 9204 2009 2830 290 1889 6948 227 975 9202 5451 6030 1623 3245 7196 1604 8006 5678 9286 4993 5454 4451 932 9213 1506 2586 9069 5727 1832 9692 7653 8044 8289 9463 8790 2644 50 2891 537 522 3257 0 7997 5970 485 5916 637 4236 1455 7678 9919 5780 8924 7043 6057 9906 3908 8922 70 6503 8013 3807 1299 7415 1777 1118 7687 8390 4726 9367 4627 7894 7178 4864 6900 7614 4163 686 9763 9689 375 1673 6077 3291 5709 5599 4731 4170 6739 8148 9829 5200 3611 9759 2125 6148 2409 220 3814 2531 2950 7933 3327 972 288 3148 1543 161 2318 8410 997 4525 1154 607 7990 4899 4660 6136 3025 6694 4259 4074 9027 1789 4850 1926 1377 9233 3319 2468 9973 5611 4325 6069 7976 2510 8509 730 2108 9965 4589 836 3707 2095 4511 4673 3024 4191 3901 219
9422 1093 3990 3450 9501 188 7422 1972 3459 9136 5130 3144 8325 7275 7584 6999 4383 8166 4869 6257 4593 5246 6412 9042 5348 7173 8497 8508 4926 5436 1083 6678 9723 9862 7876 4276 2467 6975 823 9062 4586 7997 0 1155 4527 6739 1702 714 4393 9308 5001 3811 3206 9006 16 5967 5219 7269 7099 4790 119 4735 6882 3516 6842 1397 1009 7203 1483 7344 5082 4051 9172 6327 2076 6780 6152 3881 2123 672 323 4295 9201 9800 891 2808 1755 4048 2365 8254 359 7008 5481 9443 9248 3799 666 6259 4913 3241 7782 8643 2007 7753 1729 23 8091 1391 3677 2758 5513 4567 1269 5113 4756 5654 7240 6159 9884 5419 1612 8062 9497 8229 9709 3913 1013 5357 4851 1992 3522 633 3709 7681 6886 315 1158 3198 8364 6461 5818 3966 5183 5513 8082 910 6668 4915 4678 3909
2762 8121 6853 6226 4025 7486 7136 2631 3147 3976 9092 8036 3459 625 1100 8516 5249 1421 4773 7077 344 4812 6370 2078 8890 7366 2542 4469 9486 8566 808 1743 6597 6707 7659 9225 5231 312 5303 6753 4721 5970 1155 0 8932 7132 3947 8311 4218 7901 6575 7318 3320 1201 6500 9062 7757 6916 3960 585 7100 1646 5057 9840 351 4096 311 6838 5756 9465 2158 8702 6145 5009 646 5177 3953 6227 6224 3443 3167 824 4790 1912 1315 7949 5875 4841 3908 356 3005 8503 624 6862 6331 6552 1299 4467 1317 4321 5226 1276 2990 4845 1685 4880 9712 1794 5860 4947 7787 2590 1080 254 1633 1687 9055 7610 9554 7213 5067 6256 4871 9103 4922 8705 720 5024 8385 6350 749 859 6365 2093 8162 8639 79 8356 5243 3218 8713 2777 3223 2500 2667 8025 402 9403 2494 5876
3699 9642 3107 9508 591 859 2373 5466 885 8636 8256 8801 439 8026 3574 9960 989 4641 8878 7460 8779 1684 7440 333 8704 7534 3125 3649 9369 3949 4807 1618 8802 4761 4712 4473 6682 6766 2558 4916 8243 485 4527 8932 0 1292 9637 6505 4808 2674 5473 390 6704 6373 7548 8652 8110 7505 8860 7160 7009 2216 5793 4778 1190 6629 593 6362 6615 9191 5545 522 3330 2994 5307 8816 9707 5551 3091 8159 6261 5574 1170 4523 1719 9895 5042 8017 714 2744 5410 9119 8400 8098 4263 4971 4800 72 2169 1444 5970 4301 313 5311 5373 9383 3149 7666 870 4829 9662 7472 8661 3065 2767 9345 8339 5957 6799 7506 5859 8163 3746 2204 5191 8040 3426 5922 5402 7265 1789 7577 2858 8373 9067 1105 6858 105 2521 8625 6497 949 3666 1110 758 8741 2054 534 7308 1912
4027 5761 8435 5708 1157 6039 5579 7576 3254 3720 3598 2609 7807 221 5486 1563 4797 4972 2175 865 1349 6883 9443 2967 8033 6114 4185 7731 3433 1557 1974 5108 7975 5748 1618 4389 8238 6988 3260 8466 8880 5916 6739 7132 1292 0 2820 7148 3883 5672 3213 2726 128 7396 5354 8719 8134 8794 1403 9116 3243 9081 9344 3802 5586 4628 2491 1089 287 9357 9226 5596 6928 7467 1070 8389 510 4485 8658 4998 6244 9318 4073 1657 2798 5949 7442 9913 212 3959 5660 8343 8457 3597 8297 57 1614 9633 9435 5410 6652 9662 4317 7680 7441 8536 387 4601 7221 394 2926 8552 6609 3218 2635 8174 4441 8118 8013 8293 7295 3093 6618 969 4371 4994 2625 9099 7931 6306 6944 1302 31 3178 5498 3427 4981 4598 3935 4501 7060 2171 9245 1678 6897 5034 3796 2623 3581 6660
2393 4819 3295 6364 3479 2589 1128 9162 9516 9336 8971 2343 9299 596 732 2656 6694 3036 4087 2002 6351 2263 4457 6092 311 6484 3828 7576 6519 9815 2343 3494 7840 4750 2075 758 8474 7387 5417 2769 1343 637 1702 3947 9637 2820 0 9902 3680 5992 3158 1450 1438 9513 6833 1581 2160 8457 7988 7852 8965 2249 5324 1607 1742 1145 2935 5971 9706 6571 7632 3668 2738 7714 4061 3184 6781 7564 5121 2965 1711 4626 5468 9841 6383 9607 6202 1959 520 7066 5462 8080 9393 2714 3954 7863 6819 9620 4152 8972 3756 8634 4697 5072 8634 7721 5955 3269 6244 9213 7072 7141 8666 7010 4788 6195 3933 6189 1624 7090 9600 3829 3022 7784 1057 290 6419 7570 8013 8323 2920 176 4199 3457 9384 6986 3540 8958 1838 259 9151 1495 8442 6983 823 393 3961 1918 5606 2771
9743 694 1788 943 8074 6165 4656 3667 1456 986 7915 5860 9878 3466 6986 9 9374 2304 158 7281 2819 8568 3420 7798 576 2665 1907 7002 8721 7984 4804 5048 3138 1658 4530 4294 901 6066 3335 3518 6878 4236 714 8311 6505 7148 9902 0 6984 6409 6704 4919 8335 6848 2929 5176 6507 9443 1128 2428 8142 4567 1610 7989 4502 7147 2358 76 2615 5958 8907 1815 6531 9945 2750 5800 9518 9526 5754 4252 8869 50 1835 3008 1583 4187 4732 8821 4396 3870 8816 5924 9523 3040 7805 5619 3763 9452 6078 5128 9497 1571 3592 5436 1583 6211 3084 6951 2996 6542 2775 6501 3765 9587 1490 1299 776 7490 4279 236 272 1065 1518 9614 8010 4178 4116 5338 267 701 9604 7126 7660 4684 1613 5084 6994 8425 6544 7344 5370 6487 4014 3098 8120 7381 1113 2899 6837 7953
7119 1459 1788 6607 3672 5123 8957 7497 71 8289 8067 6738 6374 7398 1381 8043 151 5151 2393 2885 3255 7565 2659 6263 6513 2835 9360 3569 2591 4201 2002 4554 7988 7147 3964 6643 825 4227 5860 7837 923 1455 4393 4218 4808 3883 3680 6984 0 4613 5470 432 6594 4591 9890 8968 7836 1759 2622 6746 1316 8860 7228 9441 6579 5958 5076 5358 2262 7456 2890 5171 8698 9313 6009 5252 6082 481 8954 2147 2846 6716 4345 8377 2613 5591 4046 9714 7747 5169 1000 6562 8357 107 1905 4946 7334 5966 297 5650 1403 9257 8903 1258 7725 8723 7701 5483 1287 1595 1046 323 5460 1791 7211 1285 5719 2871 9421 64 1634 9091 7948 3645 9413 7750 5982 6628 4943 190 8582 4421 3166 5375 6764 1865 8500 1969 4909 5119 6628 6545 9770 9211 7846 9110 84 5986 6756 5790
8972 7751 8252 4883 1622 393 5028 9496 4292 871 3473 3269 6178 6937 3093 7939 7279 3830 3897 2433 7003 1942 2190 3322 4921 8074 9982 2959 7621 5306 3529 9398 3728 4338 2125 2679 8433 7465 7372 2653 892 7678 9308 7901 2674 5672 5992 6409 4613 0 7964 7756 5439 9215 5163 7478 9067 1484 7232 9844 7490 9213 5147 1837 3614 3123 1775 8231 2359 6203 8946 6947 7586 2719 6094 5661 6324 5468 7486 5605 280 9521 5086 5592 7495 3678 3393 326 5982 7959 2554 1868 3104 6920 8879 5416 1393 380 7141 4366 6269 7236 6222 3298 6559 259 4753 770 7583 3269 8899 3715 1657 8274 7462 3552 655 1052 1137 3127 1346 4877 7454 4405 4643 2636 5461 6432 1760 2078 8258 4324 6 5457 4802 6253 7737 320 2012 8573 9111 8941 9830 9846 801 7689 3304 6592 8487 9676
8379 968 4074 6181 5518 1541 483 7126 3983 5518 5804 4823 157 1990 6422 7808 2874 7091 9428 2143 5241 2720 219 9731 1846 7145 7632 8489 8031 4565 1488 4684 840 5387 6827 375 5706 3691 8570 7110 1330 9919 5001 6575 5473 3213 3158 6704 5470 7964 0 8461 5308 495 283 4309 1533 4243 6917 2200 7486 9421 5918 5947 8870 1003 9428 9339 6339 8846 6299 1360 4837 5247 431 6575 6093 1892 8505 4829 6035 7818 266 9355 775 2171 6376 9019 3232 2851 1917 5382 6908 7206 8249 2389 6692 9986 3189 6682 3097 8141 109 7978 1922 9833 6042 2844 6443 3149 7617 5018 6143 4389 9031 7880 741 2859 2912 3979 7901 2477 356 1621 506 2404 1281 3937 364 1351 2998 550 8838 9480 4676 3101 920 6008 3588 5625 5709 2305 3362 2557 1901 9688 7993 347 2656 5490
1084 5141 7980 8691 4366 2259 6709 4545 8872 3905 1076 398 1719 6320 1185 4933 892 2855 9216 1617 6334 4702 6769 8813 2432 8587 8186 5961 2222 1543 6773 4352 4053 193 3263 5013 2840 2558 4056 4981 417 5780 3811 7318 390 2726 1450 4919 432 7756 8461 0 4804 234 2651 7555 2653 7875 2034 1012 7933 802 1768 7829 2183 2807 6268 2084 7914 2779 1423 93 192 5331 7605 1218 1421 9219 5723 1834 5412 1508 7949 4162 9505 3127 6370 4000 4973 9196 6176 5972 6992 6827 3679 52 114 6432 1206 1113 2054 2596 7381 6770 8919 2275 8699 6576 5811 5823 4933 7673 992 2662 331 3246 2990 1269 3335 2970 5897 9905 2175 7895 4365 4934 2852 8942 4616 5250 6580 5302 9854 2547 4289 6569 7543 1400 212 6501 5290 7584 5023 469 1885 3773 2382 905 2088 2021
3003 2383 2196 7330 1662 2635 1192 2604 4068 9584 4227 1374 31 4037 824 3473 6921 5550 3552 3848 7683 3755 378 213 8252 2765 3151 8255 1511 853 8114 8199 2858 5773 174 8068 9316 3465 5821 8879 1906 8924 3206 3320 6704 128 1438 8335 6594 5439 5308 4804 0 7437 8988 4299 6678 9973 9605 5662 2718 9815 3853 4002 2948 3401 6039 1676 2516 6191 5103 1018 1128 3964 2663 8434 4004 7617 5006 7168 3135 6909 3483 2537 4898 2876 7038 3876 5226 2314 8705 5366 1159 9867 1718 504 6429 3019 8308 7920 224 2676 3423 5593 5502 4791 1791 5916 3677 2990 7950 9549 5601 6725 8520 6462 380 9117 6726 2217 2889 9786 6947 2450 2065 7668 5123 3617 7062 9656 2279 6125 2621 773 4966 7862 5161 3152 7276 17 2794 8851 1089 3269 7799 5357 3247 28 1700 7875
8277 9325 9484 9420 5924 2293 9567 8541 1046 5868 1548 6992 6142 3788 7789 749 3355 7492 2361 1072 4318 4358 4319 917 933 3601 3538 6866 8719 7690 867 9293 6755 4687 9075 1315 7533 9954 2171 1987 8656 7043 9006 1201 6373 7396 9513 6848 4591 9215 495 234 7437 0 3575 166 7 3971 3954 2336 2764 3224 9995 1501 4392 4202 3201 3775 9766 4507 1665 7237 7398 3646 6188 1613 1760 1261 8927 308 7787 7324 4098 7691 9623 7629 1353 4134 2728 6494 1339 1549 2132 5938 5485 9277 1801 478 1378 3686 4070 3690 8151 6308 8061 3049 8601 8330 3534 9806 1354 400 6638 2089 1866 2741 9542 3594 321 7267 8035 5477 5206 859 5053 6513 1449 5954 2565 6410 8649 9892 8908 8336 8401 7212 2774 750 4075 5595 7065 8348 1758 8941 3508 4659 170 103 2685 5988
