200
0 3331 372 3046 8696 9842 865 3629 6176 728 740 1957 2071 9788 83 9369 2674 2373 6472 5562 6822 4631 8572 396 9344 9244 9112 4466 6344 5376 93 6081 4743 3117 2729 4268 3537 2107 9634 6821 3435 6767 7726 6184 627 3078 5466 9952 1575 7596 3359 5620 444 5482 5712 6292 668 4316 5654 2380 8010 8022 5209 6901 1663 6196 6727 3191 8593 2090 5564 2291 9084 8297 366 4847 7976 9345 7694 8325 344 1311 507 7703 8983 7450 5137 5980 5720 3135 2583 3833 6000 5112 2182 5118 3124 8659 349 9384 8301 616 9522 7595 7274 2327 7451 2583 9977 6077 4853 1793 61 8149 9149 8124 3634 7292 4955 6841 7354 3999 917 6323 129 899 9582 8891 9492 7417 1897 9145 1837 9340 8611 729 1198 321 5732 48 3198 2839 568 9919 4778 9191 7888 6873 5476 7953 7042 8071 4957 7495 4320 6316 5788 1326 3729 6972 575 2358 3615 2921 9708 7256 4414 5570 8566 9904 6110 3061 2355 5002 2328 9215 5669 7944 8882 4385 1773 3736 8315 9932 4799 215 4664 8363 8599 4605 6996 7428 4593 5887 2128 9214 1653 5922 2718 9250
3331 0 1424 5024 4833 5031 3487 8388 7998 4488 8106 1598 5675 1265 9904 1499 952 2697 4146 3861 108 5709 529 6720 162 8034 8503 9250 541 9902 209 5298 455 6859 862 8061 525 4688 3024 3371 3099 4627 9600 2890 3347 4190 5692 9076 196 5066 8894 876 6055 4910 2601 7956 6121 7549 8969 9178 7382 6355 4336 4339 9887 8843 5200 1973 2147 9558 5432 918 3060 5367 3721 2020 4265 7459 9064 1370 7962 8278 5569 8582 209 3992 8405 3671 5614 3039 8636 4062 3087 3044 4143 6380 3280 3798 8720 3925 4248 402 6174 2019 1392 1701 492 8787 8474 9288 3582 9357 5627 4699 397 799 3292 5379 2378 5951 8198 2379 5075 5301 4081 5252 6456 3800 5425 4316 2611 1585 3058 2967 3876 2966 226 1325 6122 3042 5726 3181 2681 7941 8688 79 2415 9234 7341 4430 2764 9043 260 989 6611 4966 6286 2419 5966 5461 6386 3849 2659 4369 1907 5738 6967 3902 551 5949 6324 945 4771 4032 2095 6796 9909 2143 3876 7196 6718 5086 1777 3274 5254 8044 2991 3545 6628 4605 7865 8325 4377 3357 5604 5475 1187 9495 895 8806
372 1424 0 9062 535 4612 2332 1349 2134 2621 8931 7708 849 1698 6935 8442 9890 5493 4743 1905 1817 6162 3615 4948 7012 3875 6016 4914 9093 4758 6824 7564 7602 3562 5492 2983 4413 9204 492 9105 8803 4003 5117 3824 6839 8682 7802 4327 9655 6401 8759 9010 4787 5716 5236 1765 3989 8652 7271 6825 2798 7486 1241 6067 3215 8990 3244 6907 8900 6390 4963 9065 2225 1454 3736 6250 9331 2101 2826 9593 5341 5934 8606 2804 2843 5029 8609 2237 7938 1531 4395 6278 5182 5201 1845 5498 6308 4964 9723 2501 9328 5562 2688 2927 9997 9 5697 9902 5272 5643 534 3419 9243 988 6478 4172 3779 2481 1232 7187 1509 8130 6978 4687 3034 7213 5903 8654 6595 1257 8854 6132 2715 3293 508 2341 4739 4099 1152 9626 7667 476 879 6037 7269 5520 9030 9371 7888 1809 5101 5685 407 1827 6801 4543 8717 3299 5392 4166 5559 2127 9006 9474 8934 9464 3089 6077 8033 9280 5195 5959 4289 2982 7001 5647 1093 4383 8227 9705 8317 8955 3311 7423 1951 6498 5667 2338 6926 4197 8900 1000 7237 441 5933 5947 2077 5578 9479 6639
3046 5024 9062 0 3168 8000 9546 8517 3679 9111 8627 6114 3993 1144 5604 3203 3906 6830 2778 6375 5427 7114 8869 6680 6885 9831 4771 8300 2592 8056 6066 163 9304 4521 2340 7684 9725 1950 3168 2044 735 7774 2546 1543 9703 3987 8305 6969 6275 1731 2249 8014 2528 5021 409 4817 8928 925 5879 5257 5294 4173 4579 3023 6225 610 7093 3742 7504 3784 9637 5724 6894 586 9402 9720 8339 8050 1742 6520 6264 2124 2114 6544 4302 4269 7713 200 4208 9474 5131 634 7355 9494 5359 5443 99 7791 7782 5696 8077 8641 9612 7836 6168 6686 5324 1770 1562 7264 6153 8101 3249 7929 9564 5092 4441 7236 5483 4588 3144 9354 4458 7924 8788 3430 7549 3388 2420 412 3280 3853 878 8796 2817 2547 4400 8835 18 6240 5169 1456 8403 3408 1548 3379 9480 8872 3705 3049 447 2567 7916 5093 6119 1714 7429 7310 8302 6733 1503 1389 2986 1381 8833 1978 9373 3858 3034 3531 2515 9423 4171 196 8053 794 3318 3592 5878 321 7652 2334 6573 8429 2590 5050 325 3993 7852 4096 5897 6588 2276 3628 4968 1709 9208 4204 6107 1139
8696 4833 535 3168 0 2029 5836 3978 9455 2025 5422 3068 5672 9396 5257 6225 6162 5286 5492 6531 717 3824 8649 6821 3026 2911 4135 6237 9972 4651 4934 6985 4371 9638 8729 6684 765 7782 2487 1951 248 4519 8385 6004 6638 9864 4986 2633 6018 6548 8997 6512 8211 1837 9706 9833 5183 1080 4817 2166 4353 1905 6038 9627 4200 9209 4291 2939 8897 2174 7245 7391 6072 4291 9775 9326 5180 4047 9680 3541 5237 3886 5305 5577 4545 5661 8289 8241 9225 1553 9802 5321 3072 2401 1228 8210 3771 1622 4629 8835 2394 231 7627 753 9402 9315 331 5457 7063 3913 8223 4026 676 1814 8135 3302 2161 1876 7058 8599 5886 1984 3438 1068 8940 3249 1172 8687 1180 1427 1561 6433 9556 8448 1042 3623 1686 7407 3200 1259 2088 479 5545 871 530 1365 9358 2159 597 2158 8559 4444 6560 9050 512 5851 6439 3478 8360 203 606 8802 2878 5790 2162 1759 6592 1971 5311 8125 9069 1842 1453 4536 2113 1387 3892 6058 3792 4344 5066 2692 7876 7951 500 8025 8085 2812 6226 4358 6105 12 4158 1446 3328 2756 6011 2323 9592 5388
9842 5031 4612 8000 2029 0 9800 6143 4928 9127 1761 1459 9161 5120 4048 8103 412 7696 119 1691 2559 6463 862 5740 2345 470 4443 5948 3573 674 5791 8652 6080 1336 1181 6793 2688 559 9121 7109 677 6067 6449 197 8040 951 6663 7143 9328 6957 9713 6481 4231 6574 6035 8667 4755 7390 8672 2288 3745 3219 8394 7384 9141 3019 9211 350 2578 1001 787 5198 9350 3981 1317 9181 1930 2149 8952 1285 9416 2072 8717 1046 4796 693 6808 9165 7460 2781 894 1041 2780 3402 4291 6044 9817 4948 5734 6356 8016 6027 7853 6186 5589 6249 6597 3028 9304 6378 2302 7323 6502 8326 4015 3 6999 8921 4290 4510 7382 5108 4193 9959 7925 9779 437 404 8362 9602 5986 5317 8005 5791 3856 6751 1124 1966 9338 9428 7226 1543 3808 733 8126 7002 3414 3251 1709 8284 2379 9953 8875 6593 2186 7315 2409 1156 2076 1373 496 7086 7120 5712 5559 3964 7981 31 3354 9870 2601 4814 7329 2607 9614 1464 9287 1501 4202 9334 5476 9564 5749 7818 5210 880 8998 1592 4455 9090 8064 5343 9216 3303 4094 637 3679 4197 3823 8619
865 3487 2332 9546 5836 9800 0 756 7003 7252 3641 4478 9851 6913 3994 2459 9509 191 5163 4262 8329 1178 6648 7676 2652 3442 5764 3953 4299 8011 842 1056 5004 1052 1021 737 9051 6760 9599 7668 7121 7793 4102 4867 3582 1017 936 2337 4149 9275 1377 7311 5564 7095 5485 9192 2455 3058 1907 3961 2407 2507 8164 22 2145 5602 2783 5369 2202 9241 2095 2590 1930 533 1680 3109 4471 1111 6398 1999 1657 3565 3523 8328 7757 9650 9066 7884 8349 9840 8584 8945 4979 2459 4044 3522 7904 2945 4404 6019 5042 3622 1006 1033 2096 9786 6146 298 3322 1621 4107 8510 189 7537 834 5380 7889 2109 8848 9440 4034 2196 610 7880 7099 4411 2883 8001 6971 8235 4172 4542 6234 4680 1697 3570 4749 8699 5979 7647 6829 4465 7406 6832 2965 4697 8753 6066 9669 6282 4648 485 2120 8275 3200 888 821 5432 2423 2055 3061 3112 7827 8703 8214 3436 3504 4270 8748 9176 35 5050 2760 9693 8213 7976 5526 3629 2860 78 916 3189 3171 1154 7984 1942 1788 3411 6474 2103 3058 8643 631 2595 3831 3700 5943 4551 2009 2383
3629 8388 1349 8517 3978 6143 756 0 3122 1926 2909 4766 5124 5554 3524 2572 239 8402 4867 5940 5627 9836 1064 8801 6010 6677 3919 9554 3770 6270 3157 4752 1993 7085 5548 8293 1048 8994 7748 6593 5344 3551 2876 3207 2661 5938 1742 162 7540 35 3795 3410 7556 9221 7606 7710 5926 3125 6323 2675 6520 9084 863 2490 3914 1887 7932 562 4085 8622 6703 3009 5781 5545 6374 5511 6657 9990 65 5988 9277 5352 1026 1974 7470 225 6660 7818 3426 6375 6434 9484 2046 7721 3035 1734 680 6120 7095 683 8488 3525 4237 5495 2445 780 7172 6830 9863 9491 7631 5704 1496 7738 6887 1582 2613 2487 3989 358 7377 4747 4272 2778 1234 3086 8312 3671 7303 2672 1863 6023 1092 1467 3710 2815 8367 1134 9665 5515 757 886 321 592 281 5397 5769 7540 7660 2947 5908 9778 4392 6158 4751 5198 3227 3340 6396 5802 1157 6080 1478 5074 4236 2889 8182 2815 8601 4605 1750 4178 2435 5855 513 9749 3871 9164 5286 6146 9318 5236 4955 2891 3335 2904 9857 5229 869 9769 3872 6544 2091 1911 4107 671 6067 3557 5990 7814
6176 7998 2134 3679 9455 4928 7003 3122 0 2071 1975 9084 1868 8262 2082 5684 3141 2187 4898 5419 8570 5845 2990 7996 2183 2944 835 4884 7163 5850 8487 2989 7768 4568 6029 504 4564 3176 7527 4409 6519 7868 2597 5243 7470 8398 264 7977 1993 6807 4089 9474 8987 1067 5832 9459 7837 8897 4833 920 2054 1007 5966 2972 4480 6987 9143 4694 8150 8808 2350 6892 6396 9596 4619 6489 4152 4046 5592 9660 8459 4721 574 5099 9998 1420 426 9841 5635 2865 1922 431 1542 4769 9251 3282 2011 5290 4388 2169 3647 9651 1657 6040 6844 796 8103 430 5434 7502 6143 911 6798 3204 9268 4270 7645 7870 6275 2111 5395 8879 7337 3541 3054 8361 8676 1169 6507 1350 4295 2393 8224 456 9208 8605 9309 9663 1745 6817 2723 7711 260 1886 6018 747 4907 8883 7560 6252 6488 8340 5609 4635 5649 3059 6185 535 5837 7474 1629 8262 7484 2341 1920 9421 5180 5418 9414 1208 4867 3777 983 4820 5378 6261 9748 7265 9287 1175 5105 4110 7251 6651 7942 6242 9463 5142 6090 3142 3013 9102 6861 1895 2622 2691 6641 2958 6473 3245
728 4488 2621 9111 2025 9127 7252 1926 2071 0 6734 4276 1688 9007 4442 3179 974 3326 1147 7169 2276 4160 312 3354 7151 8047 9662 7158 2691 3854 6944 7755 8019 9183 772 1997 3274 8123 2295 4611 2626 7709 4864 9804 1060 8813 5593 2416 6003 9889 3027 678 9841 6848 5612 59 4881 1782 6838 9713 3171 5380 3459 3940 8783 4676 4355 5187 5334 1329 6361 8980 5692 7082 815 8934 252 3667 606 9148 8427 3471 1172 1897 4100 5491 3001 1673 1524 5647 3535 3539 7508 8203 8301 1059 3871 9774 2899 4986 5490 6869 2849 3188 1335 5126 4399 6458 1453 5536 713 8237 2904 9151 7344 5942 3088 1736 4246 2662 32 4823 8035 7815 9727 955 5687 5290 6252 2209 230 7200 4522 9969 6591 2953 4456 4412 3004 5200 1668 8849 9982 1303 4137 6330 5953 2471 260 815 5457 2209 5630 3423 4760 262 8005 455 1740 5642 4527 9822 4796 8466 6987 3570 7111 7381 3775 9846 5669 5837 2492 5719 7953 8894 1362 4422 5789 7731 6648 473 1626 3847 7125 2246 1401 6414 5985 4356 9609 3970 2851 5994 9061 2929 2872 7393 7069 8384
740 8106 8931 8627 5422 1761 3641 2909 1975 6734 0 6458 1533 2285 5594 9110 2450 1033 7885 8157 8162 2513 838 1444 5302 6748 2922 8322 7171 5697 9980 3067 7184 6062 3663 9140 1656 6913 924 1839 3919 8977 2160 7400 7664 7040 950 2367 646 2587 7018 1729 6091 612 466 5482 3879 803 8542 4036 1892 2778 3617 2377 674 4594 5827 5584 7276 9312 7975 2752 6763 5139 3262 6948 2339 1230 8066 3274 9164 3271 3974 6203 557 9166 4344 7663 7369 6985 7116 9987 9040 3980 7927 4681 8393 6761 8251 7575 7371 9805 4006 7796 2451 5417 4912 5768 2483 8997 7511 8195 9327 8381 305 2396 1241 8796 243 3559 4658 9167 2906 6707 5381 4571 6339 994 9073 9843 328 6727 6589 6877 5332 3177 1824 3493 6904 6192 7152 7380 8134 3182 9904 5956 8930 3523 1330 8925 97 4206 6282 9721 5350 9534 7959 2220 4651 2164 7875 1302 1253 892 5116 2267 109 8858 4328 6214 2154 3460 3052 3458 1192 2981 4805 9816 4030 307 7236 472 5842 7197 2090 1375 5582 3846 8313 8044 7301 5495 6999 7961 8364 2503 9259 1898 2389 2381
1957 1598 7708 6114 3068 1459 4478 4766 9084 4276 6458 0 2455 9166 4751 7536 4717 5346 7616 1715 9704 7729 6976 8299 5748 5111 6423 4704 6101 9095 5425 4941 5586 4860 2454 7878 2018 7219 7031 8378 9845 822 523 9167 2616 6339 7297 9893 5482 2294 812 8524 1632 2557 5661 3469 2968 6286 9189 6281 7028 4365 1282 8056 2749 6565 4538 3821 503 6202 2730 6273 5239 6423 4610 4687 5941 8050 9533 7612 471 4178 9143 6696 5075 8411 9453 2202 5564 3872 1479 8984 2924 6925 9039 1055 6729 6192 5309 7819 6352 9427 4175 1727 2345 9561 9786 8626 2687 4677 2979 2602 823 9968 9118 2113 1761 1950 1225 4553 3223 8100 532 3800 8213 3296 1468 8823 5395 6106 3669 9537 4308 7029 6863 8526 7501 8946 7133 7784 4760 9258 1077 4130 9702 6823 9341 918 3430 9661 3170 7424 9718 4587 1191 4691 9935 1089 5112 1480 4176 4008 8396 5566 8303 3934 192 2305 5200 4940 5828 9739 7393 6271 5400 2938 3549 6627 5851 6789 108 7000 9599 2309 1670 8548 6223 557 357 3968 6288 1550 2167 9108 4783 2457 6121 7736 9341 6479
2071 5675 849 3993 5672 9161 9851 5124 1868 1688 1533 2455 0 294 1007 410 9060 8101 1865 6361 3426 4026 9613 8579 9958 7968 4235 1815 4511 7628 5732 5601 6704 5803 9831 8097 2882 7459 6423 532 6985 9126 4285 8748 8259 4296 4298 9538 2491 6138 4376 9448 6244 8246 5389 4209 7196 2718 8461 6308 8474 8830 7547 8899 4542 7537 589 1065 8226 5459 6357 7763 8615 489 9724 2726 6140 4294 7317 8235 3646 8946 6046 2344 8266 9741 2744 6713 6601 8143 9946 6447 2803 5526 2889 1782 9900 899 3088 2985 1559 5086 4675 1679 4994 1356 3893 9999 6952 8946 8256 6363 5585 7542 7196 5998 3520 6564 7284 9346 3298 5890 8650 7090 8991 6101 3909 1946 2414 3707 6732 7780 6154 1404 819 7872 9358 4337 6440 3187 2776 7499 1203 3273 6251 1865 9368 2638 6082 2962 1385 9750 1730 962 3298 8205 2447 5210 6555 1953 3815 4449 1371 7504 2863 1555 1961 4585 8967 6074 3813 7301 507 6202 8255 105 7934 2975 7449 8922 2931 773 9711 31 1752 8101 7886 2900 8804 809 4002 4536 6616 474 7431 3154 9481 5304 8885 8220
9788 1265 1698 1144 9396 5120 6913 5554 8262 9007 2285 9166 294 0 795 9931 4561 1832 4358 7736 6916 2713 6492 2692 1700 792 7931 9214 7195 1070 6872 3353 4903 1670 5718 9818 8238 4901 6262 2413 5918 4082 6765 329 6601 1746 4169 2348 344 2589 7418 9923 4766 9428 9195 2909 4375 7171 1622 6421 4471 217 9777 577 9927 2694 2809 7509 8087 7915 9195 4257 7027 7373 1570 8660 2369 2980 1823 334 8645 3556 1626 3363 9227 8041 5716 5802 2514 4508 1545 2690 3652 865 314 9809 50 3886 2643 8054 6564 6300 3832 543 9438 663 9668 7664 2758 7571 3382 3984 9625 4837 3127 2880 8370 2125 2921 8343 1084 8192 1490 9887 2259 3863 5673 3629 5527 2866 6122 5865 1131 850 6906 1527 507 4231 9976 8023 575 9778 3195 3717 4192 9933 8159 1981 3690 3487 7931 6672 9221 8266 2195 3523 3040 1474 1042 4407 5997 1591 3876 4450 9435 5577 9598 4334 8303 7265 2301 7729 6810 9246 2012 3717 672 2200 2302 3315 4464 7973 2030 3511 3148 5186 6858 1018 2855 1238 2278 7235 8318 9348 3372 6481 31 2305 9949 8253
83 9904 6935 5604 5257 4048 3994 3524 2082 4442 5594 4751 1007 795 0 5228 981 1519 8806 5380 433 297 3191 7733 6838 2337 7731 6730 8000 3453 7612 7319 22 537 8960 9832 1008 2221 9270 8737 218 6070 325 3277 4843 2009 9957 7922 4470 2853 5927 2401 1681 9652 5221 6424 1310 5678 8397 3890 7469 9844 1419 8502 5739 6238 6204 7876 6723 6101 2354 2948 9491 9278 321 1716 4058 4717 1674 4477 4332 2967 1374 4334 1798 317 427 8851 9641 9410 9794 1141 1356 2428 7897 8633 9887 4434 8476 8782 5941 7889 6223 6438 4603 9893 5185 7982 3096 4838 1423 1884 2075 6032 7275 4210 555 9882 6178 9244 1893 4868 7683 1144 3686 9709 4094 9693 5251 5060 8491 1572 2869 2734 241 5287 2483 1892 1121 8801 9292 8715 637 5668 6171 7619 691 4482 6122 4282 7806 9388 5949 6531 6015 3098 9610 4206 201 5676 7751 6366 9523 810 1712 4682 2063 3989 1997 4891 6143 5944 4676 3822 1812 3913 9431 308 8146 9158 1554 1783 9009 3185 6148 509 9306 1026 1113 9093 5716 8319 1098 7599 370 5190 4534 7391 294 9432
9369 1499 8442 3203 6225 8103 2459 2572 5684 3179 9110 7536 410 9931 5228 0 9341 951 768 6347 9644 5816 5766 9321 9424 201 5968 8788 2957 8647 9179 3656 346 403 8873 2189 953 9660 4844 6478 8874 7253 367 9320 8242 6317 6114 3570 4894 4051 6643 2960 4760 1357 8343 343 5145 5939 4538 5158 5533 8229 7201 6361 8580 9005 2365 1466 8242 1823 2995 8874 5405 8656 315 1510 4945 5683 1442 8660 9927 936 4012 9389 700 4473 9728 5709 4198 6355 884 7147 8693 2196 347 7951 5742 9075 9649 7707 405 2175 9508 7285 6754 2269 8124 2316 2965 3050 5409 7641 5438 8248 9628 9989 6348 4590 6316 2398 7990 8550 5674 2763 4688 5023 7823 3731 999 1797 1784 8623 1764 5320 5663 935 7990 1363 153 1403 2141 5543 5811 3801 3586 8601 5089 937 811 7666 6696 6239 7931 5287 774 8601 3287 693 4865 5344 8355 817 4703 2538 7338 6826 9593 5951 352 8560 2524 7767 1965 6054 4688 864 3684 5017 628 4543 2429 2848 5750 1635 700 5876 3879 7915 2067 7383 5352 9611 1750 6511 5804 6451 2367 4372 51 6639
2674 952 9890 3906 6162 412 9509 239 3141 974 2450 4717 9060 4561 981 9341 0 5544 8971 4306 1965 6701 360 1858 3872 169 4878 5106 9053 4671 9876 7236 5948 4478 6935 4473 3038 1560 5035 8369 7908 3949 3643 9651 8645 3946 867 6280 3282 1177 4272 5160 1908 7086 78 7995 5389 8962 7563 5486 500 7098 8886 5949 1354 3986 7191 4105 3975 5343 2822 7854 2136 9520 2931 9506 3226 6130 7880 9996 4435 6076 9571 6128 5307 8527 5363 8743 9760 1917 1343 9421 8559 1828 5947 3390 1175 6932 9155 9736 2665 6466 1729 8099 8499 3915 4373 7951 6944 6366 1935 5896 4554 2471 7038 8772 8016 3754 7393 5017 392 1872 9762 512 6775 3448 7348 4409 6205 677 1904 101 2607 7959 5743 3898 3894 8845 8474 9616 9631 3711 4992 8988 6487 6680 8451 2995 3 9309 8616 6592 3241 7490 6247 2088 1436 3582 6962 530 2953 8325 244 934 595 1381 1702 1859 9516 6274 7991 7388 4917 6896 4588 9453 4295 521 8934 6510 8620 2304 9893 4336 8036 4371 8432 5386 3981 4194 6288 3496 2918 2102 7896 4870 1944 2082 2052 9884
2373 2697 5493 6830 5286 7696 191 8402 2187 3326 1033 5346 8101 1832 1519 951 5544 0 9556 2475 2161 8764 895 9058 9946 713 1992 246 3069 6248 4443 2751 4294 2898 7854 66 8740 7960 4718 1082 7248 8884 8390 5458 5935 6870 320 7614 4255 8870 481 9298 3534 3059 5904 993 5321 8680 2619 9868 1091 6703 2274 1748 3772 1266 718 9706 8746 9404 8164 611 5733 8109 8359 2640 9089 2120 4729 9960 8670 5645 324 3596 4611 926 4100 1903 5639 4673 202 7243 1008 8175 1092 403 5644 4372 9598 7241 5996 599 9956 514 3031 3065 2919 7321 5571 5226 4446 1335 8332 7112 8530 1327 3255 1487 7671 8686 3360 1549 4848 6078 6639 8860 6043 2809 2555 512 1543 4108 5144 6099 8937 5591 3008 6402 5641 4584 4677 1751 349 2584 837 2776 9046 477 21 6531 788 491 129 152 8251 9284 6457 7063 9273 5014 2394 9623 5024 54 2587 1990 6378 4426 3534 3390 7354 9878 7967 307 3980 7554 8351 180 5518 1853 4347 8929 1667 8633 129 3760 4125 1631 4976 7742 2253 719 550 7266 9624 8529 7334 1348 3273 295
6472 4146 4743 2778 5492 119 5163 4867 4898 1147 7885 7616 1865 4358 8806 768 8971 9556 0 4631 2620 6517 2397 4726 3255 7908 8616 850 5558 5259 859 9407 3658 89 1873 2667 9850 220 4463 9611 8604 1063 6100 9869 9651 1744 1894 8685 8828 3264 2591 5385 9505 9434 3428 5442 8772 5433 4300 1565 3991 7519 449 9902 5639 6004 8681 213 5114 4222 9743 887 7936 1942 5941 5242 4123 1254 10000 2721 5429 3480 2486 5440 7665 1876 8994 9703 4371 3442 4221 8254 8966 3477 673 661 7476 4547 2426 9624 1713 9652 6865 3252 4905 1707 2054 1264 3371 3579 7804 3454 2812 4417 604 2430 7192 1317 5534 4278 2664 8012 6280 1994 5249 4998 1948 9023 3614 2546 2248 6394 551 2205 2148 1498 9295 6381 2577 5933 3680 6350 8320 9024 8042 7372 1796 4073 8537 3424 1799 8602 108 560 7965 4232 3324 4333 488 4688 7210 2375 2309 2491 4087 921 5279 9922 5840 2207 3694 1323 9680 9098 1674 5212 7781 7746 1468 8951 9982 2421 760 8210 8468 631 1907 973 4815 2211 4502 4175 7613 7895 9630 2927 7029 9199 4105 7521
5562 3861 1905 6375 6531 1691 4262 5940 5419 7169 8157 1715 6361 7736 5380 6347 4306 2475 4631 0 463 8466 7795 4435 2468 9131 1619 1552 2972 3310 9820 9488 9702 3680 7449 2112 9121 1617 5569 3229 6557 5324 6439 6401 4408 3602 8749 6011 1738 5528 1319 6049 2324 6180 4962 3082 151 3467 2912 571 1636 6197 2077 8485 1775 3709 3430 2337 7411 9468 9706 8350 145 2397 4677 7317 2054 7606 9838 821 4212 3823 2304 3231 5529 257 5688 3302 60 8344 5958 8396 5860 7623 9891 2674 1290 5742 1461 3952 3671 2041 7279 7040 4343 6051 4447 7618 8189 706 2741 4887 6076 1212 9362 5894 3334 7211 2967 1095 4900 4186 8779 2388 2590 6241 7668 6807 872 2475 1803 6114 5814 6901 368 4444 1850 6704 4196 5061 3593 1005 3075 1654 1910 6718 6238 6864 5953 9755 305 5237 1660 4608 9872 9699 2283 6949 287 8338 3384 1118 2015 9195 5431 1900 7800 8930 8972 8193 9792 2518 741 9601 9058 610 3269 2576 8768 8043 4475 5975 3969 5668 6145 6919 6329 107 7199 5797 2529 3818 7192 9220 1530 582 9558 8027 5182 279
6822 108 1817 5427 717 2559 8329 5627 8570 2276 8162 9704 3426 6916 433 9644 1965 2161 2620 463 0 8104 8178 5287 4203 2495 3133 3720 628 1198 8838 7770 1272 4049 9377 731 8090 9103 695 8512 664 4491 7163 6351 4734 1424 1897 8296 1663 2491 8509 6665 7137 444 4203 4648 734 6143 6216 5408 1957 7601 7531 1484 5243 5694 7337 2802 8900 3858 2347 6890 1013 4813 830 2563 1456 7887 1412 8032 3823 3088 3273 7609 7968 8350 5642 2470 231 7516 8769 2841 9322 7936 3033 6520 812 5214 1899 1600 8617 3412 4965 8931 71 9049 6291 5471 538 4002 8314 4740 3581 1563 4482 6028 9185 8176 7997 7499 1104 8782 7991 8065 1851 6003 8942 3286 4216 6392 6910 9700 816 3586 8939 7839 4677 9817 5955 8853 5521 6578 2401 1413 2772 1778 8830 9571 1519 7841 6978 6167 1990 1305 7958 8155 6859 2965 5470 3154 5961 3620 5708 5943 9161 3507 418 3669 9381 3037 8893 650 4776 8363 7003 2466 5506 9427 6066 42 425 6794 7410 6457 3213 3778 7761 5502 7309 3562 3828 4115 7419 6695 7795 6155 542 2310 177 7957
4631 5709 6162 7114 3824 6463 1178 9836 5845 4160 2513 7729 4026 2713 297 5816 6701 8764 6517 8466 8104 0 4565 2854 3728 7859 2000 1616 2401 6238 8968 8813 5373 1088 6488 6586 5783 4084 7227 333 3848 4962 2822 6678 191 7460 7157 9554 2709 1622 6716 3888 5305 2168 6874 6212 9780 4786 7775 681 952 3815 5522 2188 9622 4385 7100 5657 2903 4120 9585 4701 3303 1409 7451 8767 6207 1273 103 3787 3910 6602 8117 7348 7815 6270 4285 5942 1562 2870 4495 9331 9764 2696 8935 8522 7748 7235 6880 3728 460 9287 4770 7152 1266 6804 7960 975 9431 4826 1221 7048 420 2246 7833 4648 1256 9340 2138 3108 107 9034 535 9451 7732 4570 9843 5830 2175 7263 9678 7479 3828 4553 53 5434 3802 6809 8249 9130 6306 2971 4822 3964 4236 3237 2364 1091 1451 3899 7377 1786 5340 9456 6265 3319 8236 1432 844 9928 5354 1217 4807 8053 8864 7971 8554 6129 9244 6551 7540 6962 7016 8491 4322 4391 7987 691 7891 8063 236 7982 9753 7463 8875 8833 171 2358 8739 582 8641 9228 7646 7914 763 3394 5027 2957 1819 9502
8572 529 3615 8869 8649 862 6648 1064 2990 312 838 6976 9613 6492 3191 5766 360 895 2397 7795 8178 4565 0 8659 5328 722 8502 1678 5972 1936 3242 8766 5028 6698 7183 7649 9130 9676 9789 6012 8035 4364 4791 8371 5650 7192 4912 7292 6916 2379 1131 3107 9155 9795 803 8817 3922 2829 3425 2843 5946 2818 6171 3709 3383 7085 7877 956 2356 6743 5703 8056 6596 4516 5754 4698 4563 4399 4540 4280 5649 2905 4951 3383 4858 4843 2556 4598 9836 1280 8960 4053 1746 8333 5003 3901 3580 2905 7490 4485 9280 7839 75 5288 1594 2030 6401 3734 9499 7323 1777 3286 3296 374 9774 1042 3309 7531 7865 5992 4288 7629 3097 5305 3110 3206 8117 9408 4827 2519 9230 6615 8914 8451 5133 7110 6954 1858 8200 4429 7192 7403 2669 4542 2344 6826 6560 6235 9273 9005 7340 533 6923 1620 6711 7555 4622 3156 9156 2874 6183 6330 6375 296 2462 2904 540 404 3859 6899 9797 9103 3101 4609 5531 327 341 1515 478 6519 3937 5535 7742 6346 2780 1235 613 4277 4129 140 638 6799 2504 8087 3224 378 3932 8673 6934 3608
396 6720 4948 6680 6821 5740 7676 8801 7996 3354 1444 8299 8579 2692 7733 9321 1858 9058 4726 4435 5287 2854 8659 0 2591 7715 8273 6380 3497 9359 3581 2100 662 5468 439 9151 9690 1814 308 59 2185 9172 67 7756 7640 3482 8135 2249 176 4104 3490 2657 5636 6743 1706 6689 439 3084 9402 8124 4663 6021 5536 1645 4382 4791 6323 9860 2737 9982 9805 8652 8103 5514 915 9095 8660 2755 9254 589 9959 6007 6459 6848 8812 7701 6558 8560 9958 8433 1132 8566 1938 5508 7087 8766 4077 3871 4868 5007 7834 413 6474 7516 3539 8555 5592 1592 8576 1624 2327 7482 5501 5225 863 7451 7949 3502 4991 62 5823 1452 9745 1424 9151 5434 6923 665 6617 5011 2762 428 2507 3506 8470 2155 3529 6319 4541 2677 7106 4845 9504 8796 5226 5357 3426 3769 3623 6174 7947 1222 1518 665 6308 2936 4189 2023 18 114 608 7748 6261 4700 3915 2179 5739 8639 5765 9540 9844 8393 1414 657 5309 516 9620 5247 7765 914 3395 4428 3061 7870 2543 9348 5903 6033 2990 9701 5095 5156 3590 3163 1706 83 857 7436 3974 5028
9344 162 7012 6885 3026 2345 2652 6010 2183 7151 5302 5748 9958 1700 6838 9424 3872 9946 3255 2468 4203 3728 5328 2591 0 2727 5804 1494 2421 1906 1222 2277 2084 4123 3926 5983 2781 3541 4237 6103 7132 6246 7517 9529 2089 3628 6594 7367 6879 6106 5980 5139 1672 2880 5278 239 7066 7134 6548 2006 7051 7100 8413 917 4314 5082 3903 5292 2174 9070 764 4717 459 7730 5674 8251 5538 5065 5893 2252 976 7136 2269 7382 9224 2783 8272 928 1837 4354 2436 8081 2068 8569 193 5165 5930 8067 386 36 5216 2176 7525 8245 3382 7806 3928 3906 9665 9316 2221 1447 8402 6276 3767 8771 239 206 6535 852 256 4120 8833 5577 769 7235 7262 1696 1744 5623 9310 7305 950 9334 1820 1154 8799 7439 379 506 2440 1334 1305 5617 8133 5630 4963 7501 3417 734 6072 3587 4361 8294 6125 6680 7314 9564 3703 9141 3055 7731 9363 6009 7762 6984 1705 4155 5216 7254 7938 5399 1155 629 412 6331 1103 6414 3017 6344 9745 27 5164 1546 7579 5860 1825 2442 1342 582 308 8102 9086 8174 4933 7356 6398 242 1959 2003
9244 8034 3875 9831 2911 470 3442 6677 2944 8047 6748 5111 7968 792 2337 201 169 713 7908 9131 2495 7859 722 7715 2727 0 6850 9611 1909 166 9943 4732 8404 5241 8181 2912 7325 7154 5775 6970 6736 4023 575 1578 4903 9113 2252 3094 2041 8016 7789 3815 1049 924 2520 3238 9892 6792 495 1498 2254 5010 6578 6294 6539 4079 8857 9801 1682 9424 7110 603 9622 3964 7765 8987 3522 6065 3959 4069 9992 6578 4544 2677 7147 5978 4072 5872 8507 3350 3725 3862 3143 6936 5111 2200 8587 8929 3443 3306 6730 4609 8491 7823 7177 2847 3764 6780 5443 9100 2565 4676 3415 7091 6632 4128 3582 9637 5023 8869 241 9907 7712 8037 8632 6094 906 3791 8824 3277 3399 8665 9969 7745 7037 3243 8940 9380 8384 4596 8324 6455 9581 2101 9188 71 5098 3822 2421 7376 3029 2207 7096 9920 6458 7567 3618 8332 6804 5646 1227 3795 9217 3282 8100 3097 9655 8755 9813 2415 9070 3684 6505 7405 2262 2007 4898 4624 8913 9857 3205 3898 8605 4037 887 6939 2425 137 2769 883 2498 3560 7541 3900 340 7165 4034 2436 9307 6872
9112 8503 6016 4771 4135 4443 5764 3919 835 9662 2922 6423 4235 7931 7731 5968 4878 1992 8616 1619 3133 2000 8502 8273 5804 6850 0 3362 1190 4436 5297 1270 6882 5564 3294 8448 5036 1935 6870 6881 4334 4348 5160 5998 5822 2330 9780 1872 549 9662 1173 806 4555 7350 7334 3144 8756 78 3899 1180 5408 308 555 1084 5537 3275 3548 8893 3643 3165 4350 7007 5979 3176 6976 7379 5312 7369 7060 8057 1707 3970 3152 5542 3671 2613 297 3601 734 4358 505 9230 8457 2663 990 6138 9567 9962 1542 7608 6720 8133 5540 7335 9822 3682 8095 9018 6571 2299 963 3890 8343 526 6189 4554 1563 8726 7941 5738 8791 772 1248 5718 6318 6804 6452 6143 1022 1624 226 40 6496 2822 489 7251 4194 2472 4094 2956 9333 7840 2571 9247 9084 6882 431 9747 8716 8548 8131 6137 9159 8620 7476 9625 780 1483 2396 5898 324 1990 3384 8241 1348 1992 8630 637 2899 8636 6322 5570 647 5412 3984 6872 265 3422 5782 67 6141 7924 3075 7294 1368 9908 8296 5737 515 9958 697 2497 7841 5883 3812 9068 2530 9213 1691 7991
4466 9250 4914 8300 6237 5948 3953 9554 4884 7158 8322 4704 1815 9214 6730 8788 5106 246 850 1552 3720 1616 1678 6380 1494 9611 3362 0 6667 8954 337 8860 8294 4094 9112 1101 3919 757 6939 4717 8159 8685 8817 7376 336 5893 8864 9842 4715 6743 9696 3647 5793 6197 4400 2545 1627 1591 4393 685 1424 2680 5823 4106 3915 3486 6796 4105 8850 2920 9053 8074 2128 6090 2402 6347 9885 8714 9260 6415 2622 8256 995 5781 7797 1310 2945 9423 9598 7532 6679 3857 6397 7143 5229 1109 5224 3613 7933 6067 6709 173 8330 3901 5228 8434 2068 7490 2179 7958 7055 1439 6678 2526 7839 6030 3536 4723 1867 6398 7657 7166 7132 4322 9233 3905 2810 8264 5088 9403 6468 9287 7128 1160 3219 6297 803 477 6150 3273 9956 7494 7152 8403 3747 3256 8694 1246 5395 1060 4645 4439 8433 2130 1112 9773 2582 6030 9055 6485 5309 3186 1192 4991 841 8320 8776 5109 3320 7633 5448 1377 3462 7327 4844 8605 3027 6857 9622 315 8140 6244 5568 6342 3032 8732 3947 8779 3456 380 9737 336 5104 1032 5923 7813 6730 9506 4841 9409
6344 541 9093 2592 9972 3573 4299 3770 7163 2691 7171 6101 4511 7195 8000 2957 9053 3069 5558 2972 628 2401 5972 3497 2421 1909 1190 6667 0 5789 1873 2086 6471 1425 1480 1316 2256 5795 1308 9555 3281 4274 5796 5853 517 2810 2490 4391 9924 1056 2797 547 3197 4142 8921 5800 6943 1505 4137 6190 9444 6904 8149 2897 9260 7774 3335 9882 3651 4798 8304 2569 1203 5111 1551 1904 9704 5165 5945 8351 8849 2232 6215 153 6802 7965 2117 3734 2337 3171 7082 4841 499 6923 6924 8182 1302 3718 7201 469 8853 4372 2694 7229 2354 1321 5864 9187 3513 1043 8472 6139 1833 3853 775 3878 2146 6292 6304 169 5154 7591 3835 105 9809 3939 2365 3383 146 2077 5214 8828 613 39 7746 484 3756 4606 6999 5538 4323 8308 422 4474 2463 4517 6977 4762 2326 7281 2901 2358 7414 1306 367 4112 7938 2763 4626 312 5774 5225 4913 2896 382 4171 5413 4455 2240 3745 152 3381 6660 3012 744 4946 2988 3555 7025 1057 5103 8282 1067 9570 2719 342 4443 6152 4418 622 7175 5244 7666 1341 5230 9172 8528 7330 1747 9148
5376 9902 4758 8056 4651 674 8011 6270 5850 3854 5697 9095 7628 1070 3453 8647 4671 6248 5259 3310 1198 6238 1936 9359 1906 166 4436 8954 5789 0 3738 7892 2771 7562 9057 6600 6383 7805 1705 425 2841 173 708 8198 8707 4503 91 6658 3650 241 1907 8048 204 7403 7396 6881 4426 7482 1228 3893 7469 5729 4590 8620 7448 3846 6434 2244 7657 3110 9510 3773 1115 4265 3137 8997 1565 1648 6429 2720 473 9940 6222 3962 1410 1593 9374 8018 8294 3401 5152 4405 3220 3749 5971 3649 9645 5304 8854 9663 6450 7200 3676 2580 7066 5555 9982 3086 1352 535 5901 4496 2355 8966 6232 1187 6568 3045 6771 241 484 2798 7729 9011 1821 6317 5454 3814 7581 8644 5258 131 4075 4735 1955 9270 6897 1730 2481 8327 8648 1811 105 2516 2836 3959 6684 4017 5614 9655 2842 7564 922 1798 2475 1969 3814 9602 3519 3066 7902 8841 4602 7752 4194 9167 9274 759 9350 3352 179 8531 1843 4074 4357 3794 5446 7329 4101 1331 70 5461 3388 8927 4837 5157 3280 9977 6399 6188 3004 3910 2305 4270 2390 3697 6416 3382 4034 4140
93 209 6824 6066 4934 5791 842 3157 8487 6944 9980 5425 5732 6872 7612 9179 9876 4443 859 9820 8838 8968 3242 3581 1222 9943 5297 337 1873 3738 0 5643 4387 6695 2695 8426 9346 5915 4146 4056 111 8279 4367 8432 3472 5668 2048 1779 1132 852 9519 4043 7411 7742 9102 1505 7503 3311 7553 9720 9427 7420 5914 3270 7947 6340 8507 924 3890 151 166 634 3678 5636 9446 6711 3126 9987 1173 434 9572 5253 6694 2210 7779 1642 1137 6290 8393 4473 3685 1146 7296 988 4234 4389 4830 4257 4421 3937 741 223 3385 2765 5013 1089 425 6801 5986 6823 7324 5146 1993 2128 9876 6179 6188 4818 1710 9959 8973 8988 1398 3282 6917 9382 2908 6195 9568 1869 1530 5440 1959 139 1660 9217 3540 2083 2129 6917 171 6696 1333 5730 9711 3274 8450 3454 757 7450 4911 3307 9573 366 9042 4034 719 6353 9258 6968 6982 4051 8181 7496 2324 501 6050 9103 8451 1964 8448 9438 1315 4729 423 9733 4131 7331 3879 9236 4840 6221 3352 2037 1635 987 2201 9586 7964 5065 485 5006 3383 3524 2657 21 7015 2361 7527 8316
6081 5298 7564 163 6985 8652 1056 4752 2989 7755 3067 4941 5601 3353 7319 3656 7236 2751 9407 9488 7770 8813 8766 2100 2277 4732 1270 8860 2086 7892 5643 0 866 6008 9412 1562 8167 6318 6043 4669 7262 8095 1090 4008 5210 4074 1842 1917 136 6929 1305 1689 9723 4040 9975 5704 8689 5833 4167 227 3979 9909 1552 4060 9970 7046 9281 2827 4104 3949 602 5300 4378 757 6155 8911 9955 3596 397 2309 1062 5666 5436 5030 2541 9491 7209 7875 3232 8763 4042 3909 4904 9372 1842 439 1234 9241 2621 5062 420 5403 1561 3953 1136 7260 130 4695 5729 2630 3071 5617 8159 1223 1734 9972 2660 5166 3272 293 9104 6978 5394 7047 2255 355 3694 5407 220 7381 6364 9844 6222 2944 5714 5493 5499 2022 8528 7381 8582 5083 985 1357 7571 2517 7050 569 4971 8372 9985 6785 3079 38 8188 3351 4606 3024 2401 9555 5932 5163 3841 362 9173 785 1712 4808 2726 6627 5117 1930 4880 7587 5946 6476 322 9062 6113 6435 9466 1275 8158 5244 8160 6692 6487 5683 9565 6916 2201 4374 554 6893 8642 3618 9969 2277 3184 1474
4743 455 7602 9304 4371 6080 5004 1993 7768 8019 7184 5586 6704 4903 22 346 5948 4294 3658 9702 1272 5373 5028 662 2084 8404 6882 8294 6471 2771 4387 866 0 3496 246 4786 3033 1316 1666 9147 8358 1777 2468 9613 3003 8178 281 4411 6543 3871 5393 5077 1924 9582 3922 9846 7299 5798 4719 961 3770 2987 9780 1635 8630 6461 8665 9997 4034 3553 6499 1058 9161 8051 8608 3569 7884 8368 5 2510 1080 2018 6206 6033 2735 7263 2950 1741 167 2579 9213 6756 395 4151 242 9467 5075 6800 7045 669 8091 6657 5952 2476 1514 666 600 5296 9373 7416 3784 8778 6473 7641 1235 8566 4425 8990 7376 4706 1206 7065 4899 3900 316 8826 787 480 6607 9683 2086 2658 6404 8588 3241 6217 6372 500 8131 9006 4653 3201 3002 9291 1648 6761 1969 3137 9822 2941 8835 4376 8672 2612 2731 9256 8923 9807 4639 6096 4608 9605 1510 1071 8618 1332 8453 7183 3402 3858 4006 5522 4922 5730 5859 9483 421 7006 347 7665 1553 7408 8831 5196 93 3818 6502 3875 9679 508 5151 1962 2375 1522 5286 3548 9604 1399 3952 2233
3117 6859 3562 4521 9638 1336 1052 7085 4568 9183 6062 4860 5803 1670 537 403 4478 2898 89 3680 4049 1088 6698 5468 4123 5241 5564 4094 1425 7562 6695 6008 3496 0 5558 158 1358 6863 8625 6864 8366 12 1091 3735 6603 8676 8506 7715 6567 3262 3600 9828 686 5558 2600 8591 3802 8707 3210 2653 9338 8025 897 6010 2701 4320 3266 1531 6614 9494 8426 1361 5867 9430 5878 7582 1245 6487 6087 5517 5982 8550 4657 2430 9323 4276 7051 7252 918 9607 2241 4673 7485 3728 3361 6890 9107 6954 1462 2849 2980 1393 3307 198 9856 163 7562 7870 9568 5423 3667 1142 1572 9686 9469 506 2825 4975 4377 7752 9942 896 1661 2212 1183 7856 2474 6496 3774 3746 1785 6219 2849 7375 4517 9366 4678 9245 7279 9814 4634 7429 5389 3992 3822 7769 5940 6685 1737 3576 9744 9434 4460 3440 5711 3304 8515 221 8774 779 8550 5231 7212 1825 643 3477 1683 5551 7237 3143 813 5720 1133 783 9423 3081 7907 3920 8068 4798 3772 1599 5908 2510 354 5062 4182 6531 2819 6424 3392 2748 1386 8064 7060 9585 3041 9959 1943 2617
2729 862 5492 2340 8729 1181 1021 5548 6029 772 3663 2454 9831 5718 8960 8873 6935 7854 1873 7449 9377 6488 7183 439 3926 8181 3294 9112 1480 9057 2695 9412 246 5558 0 418 3956 338 6163 547 1526 7673 2523 3598 6350 4582 4877 8742 4440 4480 9373 2784 1639 2391 9466 9176 6084 7864 599 2207 1839 2976 7496 7262 9024 3699 8717 5712 6215 5273 5826 9639 705 9690 8216 9642 5123 2112 8917 4281 1271 4825 5359 6369 8499 7298 7163 3133 3714 9063 9751 4734 7672 3097 5767 9281 3719 9268 6474 2500 9371 2313 3082 8349 8569 3738 8471 1787 3419 8863 7729 1504 6351 4620 8821 9140 9995 487 6353 5156 7396 8360 4169 365 8924 5086 3907 4607 3523 8401 9406 5492 205 716 7794 8460 3568 9880 2174 3786 3380 8719 6812 1387 7014 2048 1299 2433 2555 5814 4555 6671 3362 5391 5061 9244 623 5204 6887 5626 9690 3413 8883 1685 4712 3874 659 8208 7048 4129 6182 7805 4625 5733 6714 2867 7387 637 5094 8413 6916 7935 44 1284 5533 8158 9910 2140 1559 5816 3932 8536 8076 8382 4922 5423 8823 6270 7705 5373
4268 8061 2983 7684 6684 6793 737 8293 504 1997 9140 7878 8097 9818 9832 2189 4473 66 2667 2112 731 6586 7649 9151 5983 2912 8448 1101 1316 6600 8426 1562 4786 158 418 0 8079 6127 6120 24 1666 9439 2119 93 5744 2045 1186 1331 5966 2585 4132 3821 8499 2197 1136 7222 1104 7378 6842 505 2412 7282 5975 5106 3439 4196 7165 8249 4456 4960 5288 4228 1302 2683 5670 826 1365 4400 4883 9369 8353 5286 4590 6977 1838 8943 6688 2820 6559 5387 3381 3876 1298 7185 2411 1714 6628 8910 9848 9816 437 9473 6845 8939 8384 3512 25 5192 5654 853 3356 9485 3372 6385 4972 3193 421 4107 8989 7134 2550 6589 8547 5029 2903 2652 7100 3069 9184 124 8231 4756 7391 7572 8696 9282 6230 7590 2474 5292 9688 6612 6770 7310 9742 8695 2973 7452 489 5394 5716 757 9576 1488 9246 9397 5447 9961 3418 9300 6227 6068 6913 5106 8355 8130 3749 9513 8086 1635 3369 9615 4956 908 6308 6694 6764 7760 8298 6100 7703 2594 3746 3923 6432 3258 1760 3742 3545 5465 5750 6402 4194 1613 4124 6763 8926 2031 2211 7143
3537 525 4413 9725 765 2688 9051 1048 4564 3274 1656 2018 2882 8238 1008 953 3038 8740 9850 9121 8090 5783 9130 9690 2781 7325 5036 3919 2256 6383 9346 8167 3033 1358 3956 8079 0 1610 9401 6398 2042 7519 1651 3270 4323 1398 6997 6280 2872 3324 4172 8547 3244 8473 1255 9852 994 1211 2757 6546 9750 3771 1592 1561 3698 1601 3790 8355 1357 7851 1305 4878 5407 5911 5353 8093 5433 232 3841 3163 8792 446 6418 1073 9238 2549 8522 3091 6066 6810 8981 2386 3509 149 4352 1336 6309 7277 1053 5669 4159 899 4050 2536 5458 5679 6377 5282 703 613 8508 1995 5952 298 7271 148 5709 7416 9531 936 6702 2923 3393 3897 5426 5986 5296 6281 2091 9184 4257 4705 1109 2425 9291 1689 8365 5916 6544 8179 9309 5018 7881 8444 8485 6008 7771 2326 7110 5712 3338 3211 4362 4631 8551 6542 6666 9691 9452 2606 6236 9120 8663 537 9360 3805 789 2648 2543 7914 3645 3906 6986 604 8109 8764 3191 6361 6066 5938 7540 7016 7727 3896 1857 4049 8452 6426 9492 5133 8774 2031 3593 7410 4275 3120 5150 3631 5431 8890
2107 4688 9204 1950 7782 559 6760 8994 3176 8123 6913 7219 7459 4901 2221 9660 1560 7960 220 1617 9103 4084 9676 1814 3541 7154 1935 757 5795 7805 5915 6318 1316 6863 338 6127 1610 0 4445 7133 8735 4977 1078 3995 6213 5226 745 3814 4224 571 8650 2967 5146 1745 6780 8494 6560 7883 6305 8647 5805 7181 6890 1793 5309 3493 3790 6070 6203 9666 9629 6664 2329 5662 2693 4055 7731 6862 4427 7133 1235 2637 181 5169 1689 3710 1861 1758 6215 3773 1723 2348 6495 2322 1014 7192 6171 8627 4071 6734 2550 1082 22 5028 9093 3984 4779 2535 165 8970 1261 2873 5034 3356 9989 2154 2525 7584 6817 7729 2228 3111 2202 570 8494 6947 1108 2842 356 6329 5031 4142 1687 9398 7383 5265 7964 2146 3868 1096 3985 4226 8610 5389 1245 5835 6931 4664 172 2325 7147 3230 1913 1656 6118 1570 6242 5663 1620 5138 9111 1592 1 2338 6314 8322 552 8158 3146 7177 5811 8425 54 1454 584 9054 1859 4507 329 8648 8909 1703 3973 7785 5059 2685 4454 4448 7444 6397 7858 7051 9803 8599 720 5954 6924 843 2434 3836
9634 3024 492 3168 2487 9121 9599 7748 7527 2295 924 7031 6423 6262 9270 4844 5035 4718 4463 5569 695 7227 9789 308 4237 5775 6870 6939 1308 1705 4146 6043 1666 8625 6163 6120 9401 4445 0 1642 4384 3240 607 9341 1015 6868 9950 116 5969 4211 4409 2979 9537 3605 4950 1363 3096 6880 2622 6085 9631 6531 6350 6917 2710 1600 9565 5632 1700 404 4004 1531 1610 5025 9032 5977 2151 8721 1580 6702 5582 5007 617 5325 7410 5894 9447 8952 882 3901 11 349 4650 3901 1326 9078 7856 5239 4681 7941 2664 3766 5608 8436 8680 4151 5033 4806 3309 514 7278 5296 8675 6059 4442 3194 4238 1768 5882 9563 6184 6729 3868 639 4877 7872 361 104 1882 825 1470 5656 3050 9879 5140 6172 518 232 7010 4422 3848 501 4397 4413 1545 3368 1729 7179 4290 7248 3522 6548 7734 1590 7477 7100 2422 6567 8557 7632 367 537 3591 3348 6928 9940 8187 9740 3127 3328 2754 5329 5713 2563 9339 200 3612 2888 6138 7312 4180 8474 7852 4650 5083 4017 5865 8639 8655 2282 2088 3201 2171 6942 1086 38 7961 6336 8317 3929
6821 3371 9105 2044 1951 7109 7668 6593 4409 4611 1839 8378 532 2413 8737 6478 8369 1082 9611 3229 8512 333 6012 59 6103 6970 6881 4717 9555 425 4056 4669 9147 6864 547 24 6398 7133 1642 0 9887 8488 2541 9449 2764 5247 1284 8150 8405 1956 1577 601 3333 1551 5888 2215 4752 6232 4023 4934 1560 5196 7684 9417 809 8583 8318 7764 6341 8699 4566 1246 810 7471 8069 9484 7362 5957 3517 5422 4119 6340 5929 9471 874 4680 1247 4144 8141 9947 3593 6090 6628 910 9770 6542 930 2596 2664 2043 7861 7052 688 2887 3405 5360 2509 3399 1140 1980 2837 2435 7705 5866 8713 7202 1105 631 9444 8205 1131 4784 9286 6781 1340 8954 1539 7521 5341 7366 6740 2605 4142 7922 629 4649 3269 7927 1553 2366 3394 1665 3651 4545 109 1041 5362 1084 751 6991 957 9298 110 7875 5097 8245 9468 8839 9325 6502 615 295 5740 8136 4361 344 7729 1157 1013 3223 1750 2792 3719 4547 2510 370 4339 2772 4658 1896 3751 7285 7855 6779 8419 3964 3709 1018 250 9634 2979 3651 5707 4826 3170 7291 7278 3936 7865 7139
3435 3099 8803 735 248 677 7121 5344 6519 2626 3919 9845 6985 5918 218 8874 7908 7248 8604 6557 664 3848 8035 2185 7132 6736 4334 8159 3281 2841 111 7262 8358 8366 1526 1666 2042 8735 4384 9887 0 5873 9704 3938 8903 6020 9301 6176 456 6665 3895 2341 774 3113 6068 1498 6722 2055 7078 173 1997 6140 4711 5793 9345 7218 5750 1510 1404 391 6259 9010 6007 7926 6455 9229 7770 2511 759 6823 1925 8203 9609 2398 1936 3801 428 7181 2804 948 4338 2444 2379 5309 2089 6317 6755 8246 1187 5117 9978 1274 6678 3059 6724 1642 8570 941 8543 2063 6929 3085 887 3258 8359 5301 5935 1614 87 9154 6587 5834 2376 8153 4238 7166 6816 1398 2118 5233 6208 6002 9595 1777 2239 7645 4256 3203 9163 7202 585 4044 8509 95 7952 4274 2394 6001 6760 1824 2038 4243 8292 2346 1293 5129 9488 7280 8060 9125 4163 1030 8448 7033 8866 4529 9834 6267 1029 5379 8958 4112 4648 2546 5363 719 8141 2692 2882 6202 8775 1162 5085 5963 4492 5666 2744 324 5564 7072 1652 9489 2800 910 9183 9018 3981 653 3117 4109
