250
0 3265 2735 3936 495 5200 625 3303 8511 4583 7066 6679 1387 6990 3220 9678 8967 541 4316 2581 1786 1029 6093 3648 9180 5445 125 5829 108 44 2137 5007 4330 4951 4798 7850 5881 4981 9633 1036 9236 1388 3367 2750 1254 5470 1143 8505 4959 8783 4317 6583 1991 4042 8261 744 7624 1816 2957 2890 4996 382 5986 3409 8287 5689 4640 5470 8116 1107 4035 7439 6118 3416 7087 3420 1592 3029 1466 2626 5897 7428 3502 378 7465 6796 989 5946 7383 1300 2805 4839 9716 2203 6150 377 6059 1189 3356 9069 5286 3993 9303 5179 7643 2149 1073 3286 3551 7848 2763 8092 4477 9216 7747 5877 7712 3739 409 9569 5319 3230 4564 5478 197 3529 4851 7297 7418 8632 7110 3469 4786 5203 4273 4580 3992 2877 5005 6532 3435 933 7783 1351 7243 9207 489 9177 6574 6281 420 3548 906 7371 9009 4718 1530 4979 8566 5397 4495 2731 3970 9277 1742 3928 1402 3932 724 6200 9132 8065 9245 9513 3154 3892 9508 3668 4313 7668 6785 472 6353 4452 8660 3032 6124 858 8060 4404 8862 3577 1721 6787 2715 8236 5826 3172 4992 497 3708 1843 4411 753 1647 1044 1077 5914 2010 8390 1683 1781 8548 2219 3001 6431 7097 4202 2065 3373 2951 6740 9693 4567 4197 2798 3257 653 5994 8877 4458 1350 1268 216 8029 9644 1683 2301 5032 4730 1076 8356 2074 7184 1525 2388 3865 4122 3468 4502
3265 0 9876 1120 6116 5802 4992 8142 6746 3875 2883 9688 4433 2277 9089 1267 7375 1672 5721 4179 6501 2379 3357 2096 7917 4012 707 1979 5397 5083 4423 5376 2123 1528 2350 9737 9019 3101 2230 8907 3802 2145 1284 3499 5591 6092 9519 64 7317 4307 5799 3500 3284 32 2784 9418 2296 4698 1224 8567 5976 3051 8343 871 697 3208 2487 9237 8692 3570 9171 2129 2347 174 8660 7776 8934 5709 2608 5833 8908 9258 6202 9638 7684 3217 9531 5068 6588 5934 3909 5318 8180 2512 4612 6042 1418 6938 9866 7546 2723 3819 4228 363 1852 188 1895 8887 6902 2057 6230 2858 9743 4005 8127 5342 9154 9838 1603 4154 9096 2563 6783 3441 2739 7013 768 9465 3135 5302 869 1563 3999 1247 879 4109 5999 3687 7005 9612 1516 9055 7835 9070 7986 1530 4871 7214 3357 9161 1957 8298 6924 5166 5367 7511 4918 1209 8649 5302 6457 3499 8746 4451 1580 1210 2754 3668 3611 9465 8773 1971 4091 7807 6217 6134 1767 8773 9211 6373 2525 4282 2524 881 77 8524 2858 7594 3836 1800 6706 1506 1329 779 468 3179 7484 5845 9508 1975 5943 7646 1818 3321 6537 8953 3277 6635 1711 5671 2856 1762 8062 5581 1431 3678 5576 6332 6251 1905 9471 2340 7956 5458 3519 1048 5577 2548 9305 1906 1506 8254 8849 2092 2493 4524 7606 1786 942 4505 8044 4501 2473 9096 7659 38 4824 639 5751 7911
2735 9876 0 4725 9596 5448 2520 3102 1136 761 9939 8648 3738 1377 368 8298 3118 5540 7640 6994 6390 2336 3185 7358 9484 9066 8711 1180 4017 2329 5882 7412 5181 6780 582 1879 2694 7453 8378 121 4715 8764 6146 8270 8532 2621 1284 5419 5977 210 9912 6999 6923 2292 3572 6364 6992 6704 787 1261 5211 937 8803 7508 5988 9398 8137 1201 9397 7475 919 6478 3759 6771 3382 2531 3534 4101 9097 692 5224 4722 9837 1337 5716 4070 6736 6767 692 2255 9639 6712 5739 3524 6910 7370 636 8854 8598 8565 5605 894 8761 5122 4512 2609 6097 7121 9249 634 2094 4274 5170 7129 9929 9589 7644 3903 3395 9335 1779 7439 7516 2491 746 1503 5459 2726 3874 5350 2582 1096 7144 8000 6874 5838 7925 5772 632 5177 5608 782 287 1857 1347 1742 5246 5675 745 7495 5580 7566 8021 1846 3426 4642 864 7360 4419 6987 1416 1537 9432 228 415 5958 4533 6507 2717 5063 8610 5957 6317 8759 9545 4278 8285 6083 2454 4222 640 799 4680 9478 8032 5320 7239 724 8239 6648 4263 1767 6212 2421 670 1593 1570 7118 8989 9817 8269 4318 8429 3175 6000 7100 3820 6103 4713 1694 1264 6622 8118 9888 306 3973 8164 6189 8820 6627 1007 8410 7768 6701 382 8050 2082 917 9273 3057 3018 5136 457 6547 3585 848 4394 6620 6954 974 8651 8286 5790 2708 9410 490 7112 6384 9828 2192
3936 1120 4725 0 2102 3374 7976 2713 1141 4081 9520 8278 4583 8706 2539 7423 2749 2235 5962 4983 3212 5237 8545 8758 7965 2067 2984 5268 6788 5537 2870 9511 2301 5339 605 7331 7595 1686 7663 9443 1508 2971 6895 9924 271 90 9433 3138 1238 8315 8158 7130 3042 6606 2677 3432 7881 1260 6997 9056 2366 1857 2964 8706 2164 5093 6415 5225 4685 9633 4747 832 9421 9381 348 5221 2258 5526 4457 4937 6438 8539 4226 3975 6469 4752 2579 7556 6550 9696 7640 3638 6519 461 9245 2184 712 5097 7988 3589 5188 1705 120 8812 2376 1553 6521 869 9995 5081 1534 3945 5517 330 7702 1112 6683 2752 4131 4101 6791 1819 3020 8081 7827 1353 7989 37 656 535 290 4150 1068 7978 3092 3786 4067 2700 8427 6794 9490 4265 457 386 8995 2049 7111 6376 257 5911 7491 3042 9769 3313 1325 5120 957 5351 8010 5291 245 1628 3572 9533 1528 4276 2113 5555 9857 8184 8760 5313 8674 1047 721 9247 3746 7498 411 7795 4640 8112 8176 2326 2985 1480 910 1898 5747 9859 2289 6140 2656 5727 4758 308 7253 3269 5495 3217 2262 4347 4814 1096 2497 602 7627 7467 9776 5179 16 1095 3799 617 4689 280 6191 2740 1707 2102 7212 8070 843 5434 2760 3605 1351 6743 1300 2411 4914 1046 6619 7234 4786 7917 4458 8859 2404 4725 239 1593 524 7278 468 8954 8982 5641 8732 6552
495 6116 9596 2102 0 263 8854 8228 4591 4945 4312 468 508 5747 1770 2518 6935 2571 1363 7471 8034 5349 5768 322 9922 9875 3942 5836 2340 3647 9108 8486 2256 2953 6267 8257 5127 7938 2642 5006 7440 4604 2132 1151 8041 2214 4442 8220 3013 2413 4632 6551 5208 9810 6554 9004 490 8142 2578 1436 5938 2970 8500 357 5099 8582 5429 9786 5119 300 8669 3784 9696 811 7911 8093 4644 8777 9998 8471 2563 1917 6861 1805 8443 979 9647 7265 1187 2867 604 2369 9945 3413 1499 2368 6454 4873 7582 6093 3197 2102 9175 1112 7963 9470 8236 9336 2698 1693 8437 4641 2554 9632 7555 1733 2167 9489 7284 3487 4711 5368 6069 8015 2798 2235 4616 7756 8416 7968 8651 6078 8467 78 1886 9910 9984 8325 3569 2368 4363 5745 6926 5738 2269 1121 7696 4061 9358 9935 5745 755 2191 9165 7576 5130 2835 3656 9775 9930 1298 2567 9878 1649 12 3968 5553 6173 8143 3546 1036 8962 2625 2569 5700 878 8363 1365 4911 1837 5976 8674 7470 7608 7447 909 8339 8999 5524 854 1313 7273 3825 2213 469 8442 9956 5660 1509 1009 4235 3791 7243 2607 1453 9367 6482 6390 6341 5870 3571 4972 4517 2585 7159 2182 1374 4930 6855 80 7992 7390 1721 9828 6867 7039 9147 1440 1566 9868 3083 6571 1003 3247 2022 6254 3525 8924 8078 5288 2807 5342 2342 3745 7453 7239 520 2290 789 7603
5200 5802 5448 3374 263 0 7575 895 9563 5388 9432 9871 9470 4997 795 7336 759 3343 5776 1015 5550 5917 559 1917 9455 8417 7335 1617 4352 6815 2741 4651 1408 3173 817 2185 3758 6599 4443 9155 8976 5771 1344 5014 3198 2420 5274 364 7023 6771 6091 2318 741 2955 6019 2275 125 5875 4434 753 1615 4251 6591 6094 7376 2041 3543 6886 8670 4329 8511 6181 241 9671 4504 3327 4219 368 7362 5951 9563 2190 4955 31 4172 4648 2512 6068 5313 9223 5794 7389 4188 1223 5191 3475 6187 9166 8146 3689 2290 8360 5245 6943 5441 909 1960 2566 4781 1992 2047 4012 4586 7198 4839 8998 4407 152 8364 7762 8418 1861 4265 988 668 1964 219 9404 9247 5861 6315 4419 5641 4202 2511 9343 9619 9550 9135 4564 5823 6266 8759 4771 534 6060 7454 4691 6635 2129 3166 1241 8386 3866 4712 4160 9747 2875 9768 1437 5070 6304 631 7953 7933 9641 5553 2816 9165 4431 4384 8672 4297 5116 7321 4535 1440 9386 3054 7234 6453 9215 6569 4384 27 744 2730 1673 7709 9536 5110 5547 7267 4137 9578 1070 5705 5448 4013 3452 8230 7868 169 4850 7146 579 6754 4026 3269 5299 6010 4907 5498 5649 418 5018 5654 8186 769 178 4590 61 6033 8705 4054 9340 3755 9493 9770 3762 8969 4124 1507 9976 837 6869 6994 6522 4624 3868 8974 9283 8496 340 397 1000 9588 8919 9778 6074
625 4992 2520 7976 8854 7575 0 7543 7210 7950 4602 7767 4997 9062 391 1873 7389 1251 790 6926 1527 7714 7679 1315 4643 3426 8524 1366 6967 2151 2290 3199 1515 2765 1251 7483 5910 8143 5947 3671 3540 8359 1117 388 8806 9550 3348 4714 8021 1699 86 9591 1351 2549 2783 2820 1950 989 1758 6636 2186 4697 3069 7468 3451 1102 2523 4454 3811 5691 8283 6474 684 9512 660 1081 9478 2179 5188 5463 5903 8407 4894 6262 579 7740 495 8013 698 1841 7366 3536 9039 1378 3823 24 5072 6056 2521 4130 3759 9419 1597 8101 3887 9200 2646 3439 2854 2716 7003 139 6811 2763 6527 6687 4009 2775 8630 7034 7047 3049 3824 683 4973 6881 3312 6080 3329 2281 8488 7361 8892 4556 7396 4620 3872 1394 5075 744 1726 8797 7562 6999 8357 9712 4313 501 4319 6288 149 7160 5390 2360 2317 6368 5130 9980 4885 6776 2821 961 2576 2704 8675 5742 9630 6482 7213 1121 8422 814 4409 2989 9182 6731 7783 3479 4214 9986 1367 2560 3270 7642 2744 631 187 8158 6020 3018 1602 4348 9919 5338 7972 5047 4547 7247 8684 9576 912 3539 3013 7546 2622 88 2723 3007 5534 2006 2800 5358 9644 4874 233 9517 5573 9387 1087 7445 6559 1820 9736 329 1285 4279 2543 232 1905 8499 6661 7828 9396 8088 4248 6525 3375 7002 6197 2889 3500 2350 5497 1885 421 7350 7864 841 5582 3655
3303 8142 3102 2713 8228 895 7543 0 9048 8823 7344 4309 1013 5718 9338 6602 9470 1346 531 2847 9729 4495 3225 2392 6214 9990 7129 7818 4252 1567 8821 4083 8954 9754 5144 6178 3477 509 1129 1675 6038 4497 8483 9430 820 5879 7231 3941 4623 8365 6417 4507 8065 8382 4059 9316 236 3215 2405 795 7898 2118 5040 5532 1389 79 9208 3248 4612 2997 5900 1641 2528 3456 714 5746 2013 1650 8630 5217 8715 2191 3464 7533 9404 3932 55 8573 4954 4196 6980 3084 7229 5518 2156 226 5595 2960 6041 5853 6443 8117 6313 3537 6778 6812 7768 6111 3793 7229 1492 9866 9772 8779 2926 3168 6274 8410 9298 7208 6805 8929 7180 9570 4900 8393 6847 8530 4871 9990 9820 5453 8939 6971 2460 6258 7293 8077 5522 4392 3095 1073 3730 9889 7117 2056 5261 47 7091 5785 9497 7076 2276 4902 9570 6177 9041 9186 96 5102 9021 855 7857 4697 4208 2297 5190 3257 454 3080 3488 2067 3516 1701 1957 5841 7558 9899 1096 5309 831 1161 637 9665 7045 4957 2459 1578 7595 9199 9851 4762 7149 483 4254 2799 8192 9851 6865 3531 3900 6632 4652 9076 7982 7300 7144 2155 8203 8669 6433 8892 9641 6653 194 8672 4848 2804 3000 6826 6737 9308 1300 2916 3741 2773 299 1547 382 5785 9849 9847 2051 5026 3544 5853 5347 3639 5665 713 107 1461 6322 9062 1864 2542 7066 3588 112 605
8511 6746 1136 1141 4591 9563 7210 9048 0 4854 6941 5260 2731 4284 5141 508 475 3472 3199 214 6463 9308 2775 6116 4979 3568 59 3081 3228 6653 9237 3992 4311 4641 7351 5867 7599 730 6896 3072 9657 2905 9484 1255 7470 8484 7834 9663 6251 4083 4524 3 8362 1133 7684 2254 269 5824 6097 9763 5969 4796 138 9059 8516 4670 5582 7279 7955 6204 5521 6843 2037 9578 7308 1140 8830 6774 1043 4643 8145 4300 1178 6841 2046 5266 8396 3643 7074 1004 8619 6091 9262 2794 7124 8240 6118 3564 8957 5631 6251 8256 3724 8463 7367 9346 2098 1926 2679 7010 8915 6790 7677 6976 1821 8698 4808 9598 2128 9302 1365 1770 4899 7173 7830 4328 1086 9545 4180 3997 9375 5354 4048 8408 6588 6874 3813 467 1030 7519 6061 8946 8822 5824 6693 6272 5809 9169 1054 821 3265 8275 6443 4444 4144 2739 243 8036 9967 636 5121 9085 6251 2425 9521 8589 1595 3317 6220 2945 1793 1588 4185 3839 4954 8459 5088 3152 4800 6032 4372 5421 1207 6179 8058 4939 9326 1326 3274 3086 3103 8932 4362 138 1707 184 5747 7075 2225 2850 7385 5876 4169 6333 1323 0 1312 2854 3248 7154 5384 204 7259 6448 6274 7190 3170 1788 1277 3991 2451 2714 1843 2928 6636 7408 3955 4899 5412 1804 2889 2713 3717 3825 6770 6714 6298 7529 3376 1693 1565 5363 139 7917 1391 2269 4808 6461 3013 4583
4583 3875 761 4081 4945 5388 7950 8823 4854 0 6695 3803 7767 5428 4789 1383 7749 1130 5656 7447 656 8391 1763 9262 5347 6996 9929 7991 264 1165 5941 5639 8133 2331 1496 2526 3115 9521 7 5586 9415 2668 3598 9063 8097 4046 6454 1443 2138 6059 6732 6696 5392 226 8401 3795 1398 7918 4017 7112 4256 688 3504 423 1681 9020 4532 1028 9913 7273 5304 3318 8619 8567 3453 6771 6481 9753 9720 9729 3190 5331 7815 7290 1515 1961 7286 300 3397 4510 1141 2889 9405 239 6790 5907 2125 2823 2755 7110 5331 213 9579 5645 9992 2448 8097 8410 6132 4813 5149 6270 6164 5300 8698 8758 9875 2957 5557 9592 7356 1108 6133 9927 854 9242 6052 3310 9446 9167 2595 1965 6056 7595 9621 2055 7367 532 5328 7535 7297 27 1150 5157 2713 5770 2210 8955 6244 5759 9246 620 4076 6502 3529 1919 6232 3526 9603 1852 2079 831 4501 5426 8625 9597 3093 9702 5288 3916 4736 44 1610 4108 847 4823 2018 9017 4333 9502 2822 3357 3659 21 662 841 3723 9377 4232 3877 3527 8421 8002 4807 3316 6441 6929 5873 2678 7491 637 6864 5704 9337 733 8284 718 938 5384 6148 8967 7225 8154 8921 6010 8513 5730 1113 953 2544 85 7198 3284 9422 3114 6227 4658 9427 3387 1022 9867 4783 5657 6295 7298 3399 1055 8189 5958 189 5488 9193 3490 1084 9129 8697 8063 8713 9314 3349
7066 2883 9939 9520 4312 9432 4602 7344 6941 6695 0 8203 3175 4222 1541 7067 39 1370 1575 679 207 5408 7763 5106 5007 9403 8765 6827 3060 2384 3112 9552 5199 1517 8621 6292 1357 7024 5329 5566 5882 1463 5304 4486 2479 9662 2908 9873 9460 2396 8117 4984 4219 8148 7441 7904 2535 7872 4620 3536 2100 1117 1425 8409 5643 6687 6343 2486 5181 2185 8984 9009 8720 7545 7787 508 3154 7547 2677 780 6458 449 9760 529 4131 1267 5361 77 6430 2180 6822 625 5137 5432 2101 2907 4567 9100 6865 3807 9828 1815 5437 2936 9748 6989 9705 6945 8145 8478 3819 5437 3582 9599 2464 4131 899 3203 8666 2695 4583 2485 1369 673 4789 5942 8882 904 9481 5324 6955 6570 3118 9275 9675 641 5753 7523 8830 5944 3651 2441 551 4561 6268 6973 3221 6516 5006 5651 314 6070 2908 2663 6136 6216 4397 9184 9459 1708 5939 5746 4768 1626 7434 8826 2754 5682 7444 5954 4827 5647 6331 697 8277 2197 453 6905 3556 301 7805 3155 2739 9176 2266 8925 7723 9456 7152 4212 3753 7549 7546 8542 8645 7425 7476 5147 4831 9051 396 481 7060 5766 2032 8339 7718 616 9395 5556 3149 8419 2284 4523 269 9461 612 9963 5172 9481 9016 58 7726 8014 8599 3880 4598 9230 3352 8813 5527 763 5613 9924 6948 839 7543 608 6490 9869 5032 7444 763 1180 2031 1341 8537 1582 871 5533
6679 9688 8648 8278 468 9871 7767 4309 5260 3803 8203 0 5168 4315 3600 85 6462 3200 4601 8007 3740 7868 5335 2296 1236 6311 5023 4488 5928 3315 7354 7655 8287 6415 5864 9374 918 4138 5869 8445 5121 2012 7361 1824 7435 5720 2695 9673 6749 4951 7633 5970 9514 2602 7313 1681 559 1866 6014 9166 5550 5009 6667 5399 1605 4934 1666 7762 2659 9165 1391 4597 5671 4608 6853 7809 243 7715 6274 1969 7685 8622 8770 1015 7242 2516 406 2445 9999 548 7434 1189 6189 7384 671 8227 2021 6082 148 7282 146 5796 2634 2327 5 7004 7126 2499 3267 6605 2026 1021 3158 1402 3915 6760 5744 2089 7042 2490 6403 6181 7028 9714 3756 3825 8670 5811 9419 5310 470 2904 4958 152 6781 162 6267 3079 5986 9221 3459 2717 2717 3528 3953 8845 7140 8607 1487 3141 1187 9086 2116 3476 2196 9796 4265 644 9987 7948 8162 3100 6652 2461 6767 7296 7508 3068 7292 9636 2215 5587 4781 1521 2233 233 9436 2642 5877 8884 8576 5108 5615 6344 7144 9516 9266 3941 3883 3433 7210 6976 8231 2686 7858 7361 5641 9206 2620 97 4512 6165 9959 9347 3480 5855 1070 8851 8214 3374 9853 4148 8989 4211 6485 6524 6856 6275 2456 1561 4357 2367 7754 6666 3870 4379 2501 6109 5587 4748 370 7828 8560 6448 3359 409 554 2088 8170 6661 5742 1101 1528 7761 1122 7397 4637 9460 8611 7449
1387 4433 3738 4583 508 9470 4997 1013 2731 7767 3175 5168 0 319 3878 8000 1334 5871 5563 5508 3812 9627 7602 5649 4403 7512 8406 5354 9728 9651 4210 6865 4110 6469 150 6544 1286 4779 145 3137 721 8948 2400 3908 2778 4360 7740 5861 827 4005 5439 2099 9560 2714 2151 3638 8489 7055 4967 7173 8138 834 2048 39 874 9391 2911 4630 5226 8645 3062 5247 2391 2767 9021 686 860 4909 3375 4993 933 879 256 9189 7206 6330 5669 2472 8079 5874 1716 2125 8835 6415 4994 6100 9012 46 1553 3989 6212 5341 1961 1497 6330 458 3485 2683 5229 2450 2347 9520 9591 9690 7194 9052 5053 8012 6021 8608 6468 7868 7596 790 9310 2540 2821 7131 3436 6573 7814 7009 2772 131 8531 410 4429 2806 6998 3272 3284 7358 5829 9809 5552 7097 3375 5341 3624 8354 6036 2275 4926 8213 1559 1976 976 4961 8474 6115 9167 7405 7666 9884 9464 7734 5712 2760 4204 4386 9210 6918 9259 6079 4287 7327 3532 9203 6079 167 7923 4636 3438 5887 9715 5918 4303 5846 5566 3019 5020 2507 8921 8168 9917 9552 3414 8561 8552 4052 5995 9008 4020 6394 7669 5761 2370 6014 7011 5999 6323 1373 4827 7762 7316 2458 3160 3536 9801 49 8475 1173 2879 7649 5517 5079 1991 4703 8899 5373 3052 9201 8185 4692 883 7993 3962 6226 822 2895 6797 2854 6783 2857 7926 4198 5013 5900 3986 1529
6990 2277 1377 8706 5747 4997 9062 5718 4284 5428 4222 4315 319 0 5921 8782 5232 2122 8754 8518 5083 76 1189 866 9454 5056 608 7247 3780 6802 4822 6303 7149 6130 7370 4704 8179 9256 721 6137 3139 6146 7003 6832 4099 7741 5002 8333 3515 9802 2945 8204 6984 8264 9364 3759 5777 2678 7511 9435 5488 599 236 6665 6087 2375 7339 8232 6738 6973 5178 7095 6418 834 7780 3634 5121 3610 3531 3194 2979 9746 9186 7781 5237 5488 880 8996 3374 2161 736 8589 5955 4154 2949 4560 8730 64 4086 4286 8094 6983 7260 6445 5609 6169 5924 2085 5964 9013 881 2587 7406 3670 3971 7335 6849 994 7173 3122 1852 5211 6212 9170 1006 8689 4799 9312 1452 9451 5445 2167 6994 9361 3667 6638 4990 2018 8800 8525 7544 1486 8533 8090 1115 5136 1112 7062 787 4682 9926 6479 2516 3894 5529 884 2778 8638 2085 9267 3658 2567 6518 2911 5481 7671 3609 3627 8147 6051 7048 9585 6104 2472 7284 3469 9930 6829 9904 3580 8376 5028 2281 8259 2644 3285 8735 923 1870 4014 9007 5176 1129 4898 5714 835 7099 3500 1269 6751 1931 8962 3112 7663 6819 9277 6169 832 2193 3911 2531 4875 9365 7487 7788 5384 6882 7141 5826 5945 8879 5431 6933 446 2275 7939 4609 6450 6057 3943 8439 4612 7787 1356 8986 9942 6299 4555 1971 2623 3299 7230 5200 664 8532 8570 4029 893 3930 5969
3220 9089 368 2539 1770 795 391 9338 5141 4789 1541 3600 3878 5921 0 6681 1977 607 1653 5181 6547 5761 1465 7741 1854 7911 5987 916 1130 7318 6574 7006 332 1244 5896 2718 6213 8267 5549 6492 4410 179 5502 5772 3223 833 8414 3580 4912 1765 993 2020 4757 9099 7005 7527 6362 682 5506 1572 6989 8008 6018 4956 765 5787 1083 955 4887 7963 2216 5620 392 3089 8650 7232 4894 8748 8647 2846 4938 7580 6721 1659 4168 8630 7811 8436 9127 9052 1328 2778 3379 1350 3327 3489 7111 5732 2070 8059 5985 255 894 4584 7227 6258 3983 2368 8138 2368 7099 1544 2460 8061 5936 956 8442 9232 9463 8999 5995 2743 3674 1460 7249 9545 5555 7397 2317 3802 4918 6264 3586 3238 9882 3121 7295 2703 4276 2337 5111 6962 9069 4602 2743 5101 5653 6312 499 9093 6172 9566 485 2014 1598 7180 1697 3366 9486 9529 9174 8611 6395 1474 8290 6431 5057 9780 2754 4771 105 6212 3341 1554 9218 9940 8522 5817 74 8269 2140 525 7753 8222 950 5442 3815 2465 119 4810 9100 4428 9024 9449 666 3565 2088 3693 3301 7020 4383 1569 6192 6358 5328 6723 8246 1768 6549 354 3652 754 7756 7599 3326 7258 8204 8371 711 4036 579 6851 6266 2672 5670 4598 9956 2367 9974 1148 5936 2354 7708 5252 1171 3901 2366 5835 1684 9090 5367 533 5654 9624 7925 2177 3910 5291 2501 7520
9678 1267 8298 7423 2518 7336 1873 6602 508 1383 7067 85 8000 8782 6681 0 575 5463 9396 750 7028 1966 3001 4076 7749 3418 4251 1878 9932 6412 2639 3461 8915 9260 7640 7221 703 4335 3978 4733 9209 5350 8856 7724 8684 9761 6877 469 8349 8474 7887 5750 4569 3915 1248 1914 8919 1406 9983 1498 5659 7851 2252 6364 704 6170 229 7039 7103 9149 6355 8421 170 9190 4597 6336 7063 6625 9595 6786 5857 9153 7074 7466 244 5542 1400 5396 1303 4902 2938 4839 8069 2784 4831 1521 4401 6385 730 1358 8573 5121 1661 1851 7127 1345 511 7224 8757 823 4106 1386 3470 4365 5507 1265 2692 6589 3980 7190 1394 8738 9834 7922 129 5511 6009 5571 3218 9701 8857 8404 7468 1684 2632 7653 8556 6915 9077 8320 6847 2234 5169 7125 4583 8872 522 8770 9228 1190 6422 2697 9000 8551 8878 9043 4544 874 5466 7565 130 8071 6734 8061 9511 5166 1053 6471 4874 3357 7084 8421 8888 9895 6196 1489 8502 4052 5409 7053 3281 2645 3352 92 3660 8711 2885 4078 196 3010 4128 7218 9831 8220 7032 8301 8791 8525 3205 7266 2344 710 5952 7048 8089 7953 4288 2487 1232 7536 1776 3616 6075 4780 6485 7706 9552 186 578 4274 1015 7550 6993 3806 8716 3433 6245 1759 1707 6907 1703 7650 4925 3432 2523 7243 7406 7244 2933 9621 1679 5774 4390 6504 6586 6292 2162 2149 5561 5472
8967 7375 3118 2749 6935 759 7389 9470 475 7749 39 6462 1334 5232 1977 575 0 7220 2655 4599 4447 7836 6787 3791 4137 2082 1720 4259 4825 3248 4259 9390 671 742 1803 4348 4081 9160 8591 1306 8304 438 4641 8815 902 1591 9786 1388 2621 471 5272 7221 3986 5086 6489 4993 921 9527 8414 1674 5090 9047 4952 3296 6444 5951 7101 8897 7616 873 3626 1165 837 1369 3452 4671 5358 3529 8024 1207 8145 2281 224 2256 1984 5492 9244 6505 4545 4399 153 6362 9984 4261 8926 7779 9737 4781 7490 2895 2411 1060 3890 9826 2528 512 3476 8250 1570 7125 1266 6115 2319 9179 5708 139 3312 2266 9574 9494 6903 6652 6724 9062 5156 910 7815 5158 8897 2615 433 5108 8725 9731 4474 6718 7393 4091 5759 7764 8515 1280 8686 3768 3807 886 3879 636 7211 8226 4932 7262 1785 1698 2449 752 450 1244 9153 657 2480 1509 4187 6987 7398 9374 3538 3506 8031 2910 8073 8776 1750 4348 7619 5559 3797 2177 9991 5577 877 8644 2739 789 8662 4286 6393 749 8800 1884 1048 1299 904 9404 7212 6292 6942 6271 667 2567 996 3164 5992 9148 5583 9299 6127 4669 805 64 9553 7621 2766 1756 7017 5530 19 6453 940 3572 4451 2866 6215 1460 3416 1018 8839 8941 701 7167 3757 6382 5405 6230 7473 6001 3562 137 6461 125 6667 2232 9099 3466 3018 963 5245 7767 8090 6608
541 1672 5540 2235 2571 3343 1251 1346 3472 1130 1370 3200 5871 2122 607 5463 7220 0 4588 3005 6990 4572 5862 1930 5017 3494 3863 2428 6309 5392 9380 6783 1794 6723 4937 2382 7645 6357 2461 1394 9376 1491 6807 9825 9571 613 7141 178 7680 1435 6321 7899 4125 4626 803 6159 5862 8090 3509 5647 7218 6814 2778 2259 2768 7587 5645 3435 6431 7909 5294 9773 8321 7772 6182 4394 8307 8186 5200 6034 2617 7950 5515 4087 2964 3585 6988 2143 4072 1843 1969 8308 9627 6006 1621 8437 9687 7884 8488 5893 2860 3927 8110 5454 4698 8457 8270 7857 7737 5409 6601 3076 9056 3614 4501 8207 9625 2466 4972 7077 9467 3200 4900 5588 7716 1600 9566 1718 4473 8470 8705 5815 4586 9123 4657 6264 9709 4161 2652 4930 4726 860 7684 2882 8351 7973 1560 2865 9666 5708 1697 9055 4434 4848 3816 2252 3213 5877 8393 1051 7477 1189 871 601 2426 3806 5178 8642 5141 4342 8542 8535 6392 7179 8510 885 4811 1704 6961 2855 5007 8176 1320 980 4060 6348 3544 7479 9732 3585 1912 9316 1765 9283 7467 6052 742 539 3062 8945 1597 8395 6830 7285 4421 9516 6431 3851 2317 307 5928 4573 8180 2447 2886 1222 1672 3683 1284 4384 3378 7130 5872 7978 2242 9116 2657 2654 7628 8575 9041 3557 5433 5104 5923 9243 1135 2215 7176 9041 6722 1691 2060 1374 369 4592 4581 2705 7099 5461
4316 5721 7640 5962 1363 5776 790 531 3199 5656 1575 4601 5563 8754 1653 9396 2655 4588 0 8628 9233 7198 2069 7656 4185 3099 1693 5783 5501 5560 3041 7377 5714 3932 9418 550 8384 1947 4901 1286 1120 3787 245 1415 669 3086 9860 6634 6633 185 6853 3563 2768 8592 4403 7681 9739 8012 3532 6773 3509 6627 503 3098 6260 1525 5112 7376 4861 3083 5795 7699 8703 799 508 3980 6838 4538 8968 3472 2847 3360 3603 3070 6538 8915 4541 1049 6830 5960 2046 2655 9248 8270 2090 796 3116 5258 5813 8533 9240 9224 1983 9731 6961 2100 4850 9343 3621 1135 4226 8554 8608 4523 5568 2155 5855 8838 6480 7923 4874 6825 4355 1280 3291 7772 121 7653 7487 9517 7568 1252 627 2415 1364 9091 7903 5889 8398 978 2550 7495 9604 3221 8076 9959 9073 8374 1024 3563 2425 6666 335 4896 2891 9650 5369 6210 5534 1306 943 3141 3370 6568 1805 5459 4746 1338 1286 3299 493 3265 1998 3326 8533 1569 6493 25 6982 4856 4154 9462 5244 9105 1486 1961 3860 8562 7547 6118 7902 4505 7346 2422 6848 4937 5856 2205 8251 6961 9272 6324 7113 9135 5469 5148 6993 8961 7400 6664 2532 7984 2744 7451 9066 3386 5588 8280 441 636 4895 8311 2219 5422 1850 7384 7105 7673 9658 1737 4216 9351 6554 7862 9405 7882 8585 9376 4376 1387 7842 4295 4627 3231 4216 2879 9866 83 7609 250
2581 4179 6994 4983 7471 1015 6926 2847 214 7447 679 8007 5508 8518 5181 750 4599 3005 8628 0 4881 499 2772 4977 1171 6190 5819 4757 5309 8510 8125 2819 697 6359 8660 1545 2859 3010 1497 8876 3326 4598 7258 2128 1429 4304 3157 8538 9110 3186 2599 1535 1847 2920 325 9681 8476 8481 3686 9496 9576 2011 5183 7363 8165 3705 2402 1809 4239 1637 3195 6669 9013 2055 1782 7908 3804 4933 2492 2432 820 400 1370 4153 7720 427 8381 7490 723 2193 7044 3993 628 5166 298 8499 7016 7867 482 7204 3070 6195 4378 9182 61 4633 4954 4139 2679 7822 4543 2329 9023 7872 4202 3326 2337 6699 7040 2273 9732 4905 1907 7550 308 1312 9946 7584 4186 3500 8859 2513 9866 4848 3233 1252 1116 2633 658 7737 2999 7869 8258 1012 169 7127 4635 63 7205 2745 6609 5974 8704 69 2573 4362 2623 2870 729 9931 5549 885 4459 9163 7186 5371 1969 2494 760 7692 8019 6563 7055 737 5383 378 4795 1256 9154 5937 3879 4983 982 941 9822 8019 7527 9014 4840 5149 8887 2555 3529 7601 5164 7439 2657 2657 5649 7706 1813 7769 7805 9289 5977 558 5902 1646 757 606 6072 3489 1602 5632 9273 6384 3943 49 5346 5665 7181 5081 2513 9436 3055 2455 8846 5836 6837 5951 1425 2988 2548 4475 7255 7065 4338 7334 2874 2717 3263 7793 2598 6269 6585 8185 141 837 1970 7331
1786 6501 6390 3212 8034 5550 1527 9729 6463 656 207 3740 3812 5083 6547 7028 4447 6990 9233 4881 0 3671 1028 9920 5738 7154 2228 2847 5350 5971 8372 986 7142 9509 7998 5883 4411 3841 1319 944 4039 9209 2380 3407 8706 8162 6769 882 4299 4117 4118 6616 5610 7953 2134 5930 3224 4766 6957 2850 3031 4654 8687 1035 456 8513 7894 4025 5830 5060 4172 795 8215 829 4208 5438 6307 9452 1847 1872 3792 779 6426 4050 5223 6728 4833 3095 837 6506 2661 1011 3038 2198 9724 1014 4260 1430 7451 4091 2727 1773 5174 4982 3918 6619 1279 498 7152 3820 6091 9591 8942 1352 317 6478 6339 8966 8753 3754 808 9568 8496 5678 2691 287 6607 6847 2253 2448 9707 5407 5446 1030 9307 4285 6321 6034 3363 8238 6604 5413 4507 5606 3465 1491 7621 1961 8095 2023 4600 3100 9305 1094 5341 1877 7990 5177 8928 4433 2455 8069 9578 6312 9419 1764 5118 546 8578 5182 8660 3032 8440 2798 9983 6140 1485 798 8977 5075 9592 8535 5861 8690 8611 7329 9852 3599 8418 3257 1158 5997 4528 715 1512 8624 1455 8728 6109 3857 4610 2336 3971 1626 783 1886 1328 6662 2387 4158 979 8265 4251 2610 2418 6336 380 4880 928 3683 7875 6031 7209 1605 328 5861 7501 2077 7628 4218 5010 9172 1969 4819 4123 7477 122 2680 9182 8248 4770 5678 5815 433 9448 8258 8545 9127 9684 9440
1029 2379 2336 5237 5349 5917 7714 4495 9308 8391 5408 7868 9627 76 5761 1966 7836 4572 7198 499 3671 0 8603 5599 1247 2069 7206 5103 4883 4562 8074 6941 7349 9335 6565 905 7353 1695 4230 3751 2202 7958 4071 7275 8681 1195 5501 6952 9344 2425 6706 2054 6062 8170 7474 6289 7176 8968 5260 2414 3910 7219 5167 7099 2591 763 2312 5229 4260 5829 9217 9204 4016 6364 4888 1301 7395 4351 3665 5480 6295 4831 4650 7125 3634 5625 3096 1071 3100 7562 8130 5027 2630 1414 9801 1080 8047 6963 9126 5319 661 1209 569 3927 24 5249 8165 8985 3089 77 1455 6225 8532 5348 2702 7789 6345 5558 5941 8894 8690 1632 5036 6299 6654 1542 8734 2813 5503 8236 8974 3632 8663 7543 1222 226 7991 2433 6392 594 1938 3676 2054 6203 7284 8170 6738 251 7379 2810 7239 4157 93 8134 8134 7513 2088 4872 5824 8359 8696 2533 6597 5951 8724 29 3650 1964 2674 9210 9291 2498 1880 2976 1040 9268 2004 8230 3856 5760 325 8825 6502 3471 4996 1090 4883 9872 285 4760 3770 159 9748 4451 3816 9899 2969 3261 7261 6433 3971 4220 768 352 6239 910 7956 8170 6950 8121 8874 1608 57 9216 2723 7368 6781 2458 5580 5987 6829 5528 4255 7782 856 1176 3025 9795 462 2161 5137 4679 843 4248 7419 7581 5411 6216 8536 3353 2116 4397 4698 7326 4680 4675 8189 3304 1787 7978
6093 3357 3185 8545 5768 559 7679 3225 2775 1763 7763 5335 7602 1189 1465 3001 6787 5862 2069 2772 1028 8603 0 2222 5438 8722 7970 4881 1070 3613 3013 2973 6862 828 3391 9398 281 8392 4015 7583 6038 3661 3880 1551 4071 7465 5297 6661 42 5215 6596 8045 9508 3188 1083 9726 4215 7028 530 408 1172 2141 5876 2866 4124 9938 4950 6842 5454 437 599 7369 6516 7393 9362 1651 4341 6223 177 1231 4303 2836 6338 5444 3554 3698 7499 1155 320 1803 612 6517 1473 2520 6804 4805 9713 8172 9886 5974 2639 6125 3144 7415 6302 8524 3945 9616 4542 6957 957 478 9543 1422 4444 4281 8868 5055 4419 5933 859 3213 3746 5162 9120 1887 3820 6913 9719 3097 5564 4593 1641 9377 839 3309 9233 7830 2056 3861 969 1850 1249 4971 6155 3157 5060 4190 1344 8062 8707 8734 4108 3309 3247 7869 9076 5935 5415 105 9198 3516 1496 2990 9654 9070 5170 8106 7036 5844 5764 5349 8107 7218 5475 3826 4657 6750 1117 4274 5550 8467 6872 8462 5024 1615 4014 1854 3569 7704 6777 7565 6580 3586 5787 3834 5440 7111 4010 8308 2486 6323 5587 1416 3298 7544 7543 2758 8889 4999 6029 5422 8028 3819 1183 9308 1629 9517 4432 672 2304 1991 1397 481 359 183 4466 654 9016 6875 967 8692 1984 3732 1636 1408 4226 20 6199 9962 6801 3031 3637 2941 901 8276 639 7228 7367 5048
3648 2096 7358 8758 322 1917 1315 2392 6116 9262 5106 2296 5649 866 7741 4076 3791 1930 7656 4977 9920 5599 2222 0 7154 5991 7591 9105 4003 8474 5116 6801 613 3302 3952 409 6154 2723 8011 6713 6498 7312 4545 7236 8897 1699 2986 830 4698 451 4593 2634 9483 2230 2337 3900 3048 3102 5709 1830 5328 6697 8474 9273 5668 9128 5943 8404 8957 6084 7743 5877 5125 877 3489 8080 6867 983 5226 3031 4907 6391 668 811 673 5074 3505 61 3275 3091 7069 1937 2015 5924 8399 5641 2080 8563 4876 7257 264 815 9010 4132 7407 7902 924 7627 6431 6648 3670 8021 8722 7010 9059 1829 2682 4462 2135 4504 5808 6896 7462 4090 4523 8047 991 5541 2282 5899 1387 8549 1591 3542 3404 3431 1070 6070 6079 9955 3690 2347 2990 6863 4176 9561 6399 5771 4219 5889 4385 9740 1502 8893 9654 9129 461 7223 6994 4342 5327 6475 7718 5365 4037 8200 3216 9654 8526 9112 29 8348 2707 4851 9013 5759 6027 1902 3474 797 9652 4850 7060 2007 4521 6949 9080 9615 4854 1431 8178 1199 6830 631 240 6569 9466 8700 9736 1062 3910 3321 6549 9802 6393 2949 7283 379 5925 6084 4143 4721 5503 3444 6236 7495 3795 2163 8 9406 158 9827 1539 6766 6159 4278 3994 9030 9715 2087 3872 4040 6026 5457 1213 469 4924 6844 2926 5117 5807 649 7669 7980 7012 3379 3480 8237 7116 9610
9180 7917 9484 7965 9922 9455 4643 6214 4979 5347 5007 1236 4403 9454 1854 7749 4137 5017 4185 1171 5738 1247 5438 7154 0 4893 4614 982 394 1261 7255 4340 7508 9230 330 9163 8660 1950 7066 6831 5219 5298 5770 2519 794 3668 646 7115 3434 8592 7008 147 9845 8810 6356 8537 5730 3734 9133 6439 1659 6634 5992 7758 6680 7626 9293 3959 4134 8821 7877 9683 1234 5103 6650 5353 9078 4560 7960 188 6874 172 3179 1155 6489 7833 8865 1148 772 2192 2611 5443 8734 272 5211 9274 8049 3452 6210 5905 650 8542 864 6958 8846 4791 6615 323 6512 6132 4711 8853 6239 5154 211 9456 4544 4460 6340 8943 3807 1226 6669 1518 7745 9034 9091 4382 1413 3856 7391 9517 2050 3668 8683 5481 8132 3216 1234 8374 5872 6284 1197 5437 3714 6111 3640 5644 2267 4087 4389 5228 2622 913 4632 9918 8241 7817 891 9060 5625 65 4325 9107 9765 906 163 3032 481 5050 9833 6103 9868 1750 9176 6765 115 9503 971 917 8640 9302 8499 6791 5356 9598 2772 9034 5041 9241 409 9759 8574 8336 7016 5682 5705 3773 946 8984 5244 9766 1120 5878 8709 2878 8272 1751 8515 2844 7593 2207 712 3715 4638 565 274 2175 4455 9753 304 9704 3790 4699 2760 5950 6137 9068 4003 4429 7977 9204 5332 47 6709 7139 8343 1145 1229 7226 4654 5131 2080 7485 6633 4713 2513 2908 6194 5104
5445 4012 9066 2067 9875 8417 3426 9990 3568 6996 9403 6311 7512 5056 7911 3418 2082 3494 3099 6190 7154 2069 8722 5991 4893 0 5803 7746 4920 4646 9280 7878 5785 2471 4813 8039 2998 2504 3477 7129 6346 4514 5553 459 7589 7305 8928 4877 271 6801 1497 443 9048 651 1138 1514 6121 8895 3648 610 6349 4774 6960 5578 6136 2915 3575 9144 9125 4934 6283 4334 4702 6717 3824 9508 660 8212 3785 7517 486 4506 8458 3585 1434 4282 738 4175 2885 3928 1691 3329 67 5690 1365 5554 8400 8968 2037 3569 3361 7685 8706 3740 7997 1653 2847 2956 281 6100 614 9212 2736 6692 9807 2364 237 1310 2359 974 5659 4776 2729 3142 7737 8689 1253 4752 1382 2414 4120 3472 6476 847 8631 5928 3041 3865 1053 2617 472 8263 7721 1716 1632 8279 3130 3574 3549 4990 1487 9629 8553 7968 6176 5617 1496 2344 7156 3440 5554 8205 8074 5660 4430 5405 286 5402 8116 9676 1928 3519 5685 6251 6795 3732 6921 5136 8581 1422 3357 349 6678 1505 2398 2878 6187 4914 6439 6697 8663 953 628 2665 1760 9868 6666 7074 6992 3839 3192 2018 2096 4940 9619 3241 8951 9334 6801 6428 1217 1949 3290 8977 2401 6694 7578 4887 4515 4547 612 9094 4058 2172 7455 7412 4018 5964 2206 8416 1180 1810 5391 3898 336 8992 2769 9553 7851 1569 5908 4511 2463 3245 536 4999 2091 6346 7510 9512
125 707 8711 2984 3942 7335 8524 7129 59 9929 8765 5023 8406 608 5987 4251 1720 3863 1693 5819 2228 7206 7970 7591 4614 5803 0 6772 1902 1750 1478 6711 8478 3605 614 4614 5053 3223 6826 8397 3499 4496 2456 3169 9659 9407 3544 9630 3214 878 2981 8940 9871 3130 4250 2014 6493 7231 3854 6703 2358 9383 6310 3496 1867 3831 746 2221 5405 3677 3549 7064 3183 628 3940 4097 9588 6884 8818 3797 9296 6409 7031 9940 5044 1245 1783 3308 8923 6819 5441 2090 1871 670 4559 6796 1856 3716 604 6920 8171 8041 8742 2798 4631 3314 3563 9590 1651 8768 1661 4228 1815 1461 438 6323 5624 3791 6536 7981 7375 99 7403 214 1125 2822 876 824 3482 3761 4951 5876 50 6475 4796 9154 8740 5993 7852 5219 6039 5658 6022 7536 7793 4604 8749 4436 1992 8304 950 9817 2803 7726 1954 1218 4552 4362 4860 1175 7372 6771 5058 1250 2750 9710 3037 2059 9572 3489 7495 611 8995 5654 6119 8663 3746 5656 735 4016 8164 1227 929 1039 1230 5052 4064 628 9215 1945 3664 1261 7683 1775 4309 6498 6664 9475 4707 9471 9307 4724 2269 811 7508 2394 4664 7464 1591 2932 4996 5852 9027 7331 8920 5064 293 8556 3628 4197 9673 6716 6832 5368 9546 2181 7296 7234 9136 1294 2972 6259 2284 1857 2325 6905 781 68 138 8620 2689 7035 4588 7216 4480 7878 5404 6432 2977 1551
5829 1979 1180 5268 5836 1617 1366 7818 3081 7991 6827 4488 5354 7247 916 1878 4259 2428 5783 4757 2847 5103 4881 9105 982 7746 6772 0 7878 3298 4949 8185 225 1188 1625 3407 3467 426 784 2320 7551 6089 519 358 8965 6545 3489 9476 4049 9066 2707 5146 3739 1046 1868 6526 1705 9876 3407 4697 5986 499 3319 2018 9939 5810 983 2403 741 4620 8846 3664 7027 4668 5794 47 6530 1743 495 4038 4722 787 9279 9285 6689 2292 169 3829 4803 3751 8125 6233 704 287 9351 8925 5543 4974 5676 2334 6946 1368 6295 9382 1482 4825 1781 3671 2226 2245 6469 5990 9633 418 2193 5698 4024 5641 8876 995 9101 6511 3643 6546 1295 6414 8892 2645 2967 7993 9331 8156 9761 8598 5085 7334 9691 2674 2846 7037 3321 2270 477 302 3243 2626 3167 4213 8540 8144 4203 961 9748 5029 6380 347 6542 6093 2120 9695 205 4759 1470 756 2456 4581 8235 7916 6484 8424 2073 8337 2218 8869 3720 517 3943 1058 4676 542 7972 9446 6135 4114 2524 1771 3005 2005 4429 5898 2487 1072 5770 1911 6761 6871 7207 2676 1114 8887 2259 8926 2779 2828 8145 924 6554 4485 7528 5320 7248 306 1263 6889 1965 6294 7622 168 1819 8205 2146 286 994 3855 7718 4028 9948 238 6377 2619 7572 795 5063 9377 7141 2767 5551 5373 2061 6618 9482 5667 1428 8615 24 4778 8398 7506 5193 499
108 5397 4017 6788 2340 4352 6967 4252 3228 264 3060 5928 9728 3780 1130 9932 4825 6309 5501 5309 5350 4883 1070 4003 394 4920 1902 7878 0 4750 9237 2586 5692 5054 3579 4218 6584 1033 3805 2443 9342 297 3726 4240 5428 6696 4410 3436 4438 5492 895 6203 2873 5622 9857 9689 9328 9434 2353 6459 2088 3942 8433 3723 9275 8854 3000 4113 9049 1427 6032 1174 8138 5126 2733 4289 4283 4343 6216 8848 1165 5251 1469 2264 5234 3749 3262 3811 5145 1130 6722 2769 5714 9854 2592 8340 6001 9223 2194 3604 2387 8770 1567 3481 1502 5749 5664 3255 5811 5252 21 2421 2481 6004 5257 280 270 6797 9307 5891 5844 3372 2138 9491 4819 6045 3379 5463 6127 5985 1356 6075 9695 1795 2284 5516 1010 5868 6724 215 6383 1164 8719 7300 5384 6231 7717 5516 1145 8456 5764 375 37 7564 2751 7274 9752 6554 28 7578 7807 9381 8231 2109 4239 2141 4093 1745 2136 7618 7693 7034 1605 1810 285 9191 3423 6892 8829 2705 486 688 709 4176 3247 401 3079 5345 5980 2882 7646 3699 8947 4082 1162 4068 7725 7882 5737 2935 4820 9628 1261 7978 5472 6307 8349 862 8552 2111 2051 9748 6436 9841 1945 8787 8820 7229 3934 6949 2596 8723 1319 6077 6789 2955 6284 4472 6376 3949 9648 6501 3821 5087 2405 2194 8572 924 3862 2802 3512 9778 1575 9144 9480 452 5451 9947 1001 2518
44 5083 2329 5537 3647 6815 2151 1567 6653 1165 2384 3315 9651 6802 7318 6412 3248 5392 5560 8510 5971 4562 3613 8474 1261 4646 1750 3298 4750 0 6769 4262 1386 551 1186 3647 4757 9288 6976 9263 619 8363 7106 966 4281 4929 385 7180 4157 2182 3575 8196 3292 1655 4879 1703 3018 6309 4021 4402 1622 9898 9364 3507 1746 3977 2031 4688 2084 215 815 8139 6749 8592 9351 3399 5732 9712 427 6889 5324 6463 8966 6598 696 6479 1809 693 2402 1842 2373 4896 6253 5995 7136 8969 1814 2186 1687 2374 4960 7364 5795 9417 310 1703 104 2656 2608 3427 9629 6515 1251 860 4166 9620 7390 8633 4203 2173 9811 5655 3824 4137 7772 859 6582 4890 3145 8172 2168 7360 2882 9817 3356 1222 9245 3569 9991 8778 2810 1588 3756 1212 1045 8605 7483 4352 6880 9385 9590 9261 2493 5116 1425 233 9132 2270 3983 5270 3705 8095 8955 2261 5847 2944 4318 8891 9789 4706 6022 2495 1842 4938 3962 7285 4083 6192 3635 5675 5105 2077 5468 176 9197 7555 4057 6043 9961 3514 3218 2092 5193 1711 1785 8183 1521 7372 1693 6506 1980 3825 6473 171 3794 3636 7898 758 2164 7617 6694 8339 8296 8300 7206 7643 9489 8531 622 5734 5572 7268 8127 5287 5494 7660 6225 6760 3160 6898 1890 8621 5446 4431 8726 8076 6724 9612 4063 9866 9799 9451 7315 3445 8884 4181 7519 6848 4389 4458
2137 4423 5882 2870 9108 2741 2290 8821 9237 5941 3112 7354 4210 4822 6574 2639 4259 9380 3041 8125 8372 8074 3013 5116 7255 9280 1478 4949 9237 6769 0 7721 4829 742 7283 8442 4199 1063 5636 4128 950 1929 5760 8295 579 1401 7855 6396 8133 8293 3711 574 3579 9139 8085 2500 9390 1686 9973 8999 9096 192 6934 9240 9755 2587 661 6422 9997 6025 4611 2313 2118 6566 2750 7166 9277 5527 3460 1168 505 3000 4597 2813 1430 5567 7784 3557 3125 6578 4953 9332 9316 6722 3189 6893 7319 7936 8382 6346 8215 7219 9320 8133 2320 227 9720 5597 5317 2160 9800 5976 5072 1638 3299 9930 7297 8710 8294 1983 834 5105 1275 5127 8370 6529 2195 9178 6960 520 8896 1307 4148 3665 8326 9670 2267 4740 5697 1096 7829 2014 8428 947 6729 687 1749 2830 9222 4791 7808 8703 5729 9337 2033 5651 20 6407 245 5742 3980 6898 9847 6752 3673 1665 2050 1769 2645 1291 5562 51 6599 4156 4418 5399 1299 4386 9362 8532 9729 3270 9506 1461 2258 8473 7631 9733 2692 5285 7633 8060 9553 7662 241 3955 9054 5634 1671 5998 3101 1907 2753 5567 5746 4154 3 1324 7948 7541 8563 884 7124 2225 3004 4087 6813 8145 2974 3910 8789 8931 341 320 4690 8889 9838 7041 7014 945 817 527 6698 2816 9622 5843 9561 9251 1835 3604 6685 8054 2085 1182 9962 5915 6169 2734 1434 5170
5007 5376 7412 9511 8486 4651 3199 4083 3992 5639 9552 7655 6865 6303 7006 3461 9390 6783 7377 2819 986 6941 2973 6801 4340 7878 6711 8185 2586 4262 7721 0 7606 7168 7732 711 3347 1740 2788 8867 2219 5309 4878 1836 2901 7892 7627 8570 9622 2539 1805 27 2905 8306 9774 3591 4753 9460 2085 3272 1666 7258 5681 9567 9367 171 1684 2032 6051 5522 9112 2528 6063 9273 1589 4355 6725 551 1291 7025 3649 3181 1288 2821 9307 8773 437 8068 4210 9258 1472 5218 562 5633 9970 7334 7262 7817 6298 6418 1422 8211 3276 8652 1563 1435 2870 2578 4364 841 8528 8180 6969 7405 7004 8997 361 6975 5236 2873 6303 3314 6333 677 3557 5112 6861 7182 1268 4869 4252 4180 5311 3019 6350 6034 1816 6858 4813 1133 159 1135 2091 8869 9916 1512 6071 6211 1936 2062 7347 4397 6873 5028 9846 1089 4844 9886 3095 5304 5843 8053 9771 8322 3650 989 1269 8667 5831 6350 1883 4985 8018 251 3538 8422 2513 5792 8778 1023 8949 1149 8234 6648 4874 246 8619 5676 1132 6925 5537 3111 4248 825 9154 405 9810 2842 2899 4498 2711 8943 3022 4539 9566 6915 8187 3500 1404 5237 7862 2625 790 6840 8478 4761 960 7410 8027 3757 3950 1515 2666 4502 9740 4147 6719 3855 5484 3287 6805 4810 4783 6920 2228 352 5899 8082 5416 1842 5240 5786 4207 8411 7832 7210 443 8491 6532 4674
