150
0 3262 6612 5551 7312 1601 8437 8064 8661 4553 7133 9890 9106 3704 9762 952 3024 4428 373 7035 3186 3095 9175 6055 140 5861 5548 6437 2219 2774 2182 9435 6698 3238 9336 3725 9067 3527 446 7796 5394 5670 2667 952 6974 8584 550 5999 9126 2263 7097 6456 2423 7056 2703 2328 659 9466 2645 3890 121 866 541 5077 5814 9315 8190 7470 4403 6857 9986 5817 8196 3803 8191 5832 1171 8115 5962 9368 3064 8058 6176 2376 5464 4379 4086 4438 8506 971 2751 1258 9375 4737 3612 3555 3009 5386 5387 1982 8547 4237 8961 6090 4716 2897 4225 5900 1332 896 6132 8899 7161 9329 6746 784 1867 3268 9920 6106 8734 4418 9008 4986 895 359 8645 5699 3442 6487 3604 2973 3169 6337 5983 3386 1087 5303 8742 6637 3132 727 9074 2166 5318 8008 2888 8858 9377 7400
3262 0 6297 3297 2474 3779 6001 4593 4898 4648 7671 4874 6019 5625 555 5640 9241 8309 4218 1805 8436 665 913 7533 1693 9343 8431 6321 1950 2510 7572 7503 5922 7694 1908 4157 2561 1783 4066 9617 195 3906 7482 8611 6277 3775 891 2558 3194 916 8316 6077 8648 3836 3996 4243 9256 6844 3359 1555 4640 258 6230 8011 6792 6996 8196 5776 119 5355 2827 2566 8022 6929 8982 4258 3584 4874 525 2641 8770 2724 4808 708 3161 2020 5618 3546 1291 5236 4760 9683 9095 499 4745 6579 2519 2127 131 2876 780 2046 3902 888 7742 8358 1232 5402 564 98 3436 7107 4035 8925 7954 4389 2012 3660 4322 2698 9972 944 7837 6177 1604 9007 3208 2398 8673 3357 3041 9608 9511 2866 5831 680 4498 2486 6977 7441 2035 8168 5998 8856 2364 7502 5326 8873 1703 3230
6612 6297 0 8735 8291 6023 7689 2377 5699 3250 3359 2611 5934 8271 7768 3478 6400 2436 2058 6747 753 8339 5160 897 557 5632 4706 826 3441 2924 1950 1930 4188 6062 7937 5637 116 1096 7639 4517 7133 6705 5806 5153 4107 8677 5445 7814 8227 3733 6316 9592 5089 1311 7992 8985 7023 2124 4196 5768 4578 9070 3469 1143 8148 5385 791 367 9627 8171 6846 473 1498 7877 5200 5399 1534 3158 8069 9318 2086 6267 5592 8228 1544 2977 1633 3259 9178 4393 5194 5081 416 8953 8878 7497 5827 3443 9116 3684 1089 5470 1393 4271 5557 2482 4643 6458 880 8594 8397 5762 2716 4390 2624 5155 2180 4265 6572 3788 1830 9035 8538 7289 1153 5198 4876 2343 9004 494 9099 7415 9829 388 8466 3123 7198 9463 4077 6890 2221 6755 6437 7862 3554 2180 6090 4424 2991 7218
5551 3297 8735 0 7135 925 9590 7572 4453 680 927 1299 148 538 4845 4305 5737 6842 9367 7722 7078 3532 538 3735 1557 4486 7981 2841 8684 9840 7635 1395 8090 9353 2453 253 1596 4394 6351 5114 8663 5311 9348 1089 5518 4698 3087 3071 7661 8023 2946 1703 4476 1276 7999 1323 1813 2818 7811 2549 2134 6371 1049 1909 2875 9954 9892 6870 9799 268 8375 6673 6243 2580 7864 5755 4931 6830 7021 7406 2523 6269 9017 8567 6959 9359 9722 2668 4643 8673 1759 9631 1348 6038 6457 4497 2476 2896 494 7488 4660 4626 8403 2501 3089 368 2367 3232 8335 1459 6470 3273 2719 4009 7257 6091 6642 5968 6021 4179 7002 1542 8517 3713 2811 8795 8008 7166 4625 2950 6201 8116 5972 7 4434 5911 9961 187 5245 6156 2084 4529 2485 4464 9160 7167 3726 5782 1890 2425
7312 2474 8291 7135 0 9133 4643 7517 6080 1685 5957 5185 8800 6825 7228 3882 6896 6273 1173 6206 2766 2204 3045 5343 7259 5641 3538 2717 5191 5622 3989 5936 9306 9276 125 6001 8816 1990 6645 6514 5363 6189 4148 7861 4365 2133 4897 5153 8724 9711 662 6469 3223 4681 5804 8883 3107 7467 6002 8610 4516 9673 8302 8395 7942 1372 3073 8928 6887 899 5058 1605 1851 4522 7059 8773 5523 9659 5036 9509 894 908 6976 9284 6727 882 2801 7835 4590 6271 2906 4181 3664 315 4300 976 7161 8339 7124 2022 5281 6272 1434 4430 1106 629 2369 3101 5367 1831 4030 6417 9927 4527 9410 5549 2459 3261 5678 6048 383 2930 6002 4744 4598 9817 9317 1551 5646 2091 1809 9437 1383 7333 1488 5354 8124 836 6301 7535 3138 2155 4241 3431 9360 527 4023 6048 6357 4988
1601 3779 6023 925 9133 0 8196 9333 8769 6054 842 3652 9873 9011 7433 8750 4902 6197 9942 4060 1677 6042 9574 4142 2401 78 9958 2212 1729 7392 7203 1432 3850 543 5889 9558 3314 222 207 2855 7782 6391 9115 2569 4998 1877 9403 1764 9057 3721 3039 7276 1923 3270 1276 3271 2729 9397 9975 9874 1007 6871 4267 4205 3653 3359 4784 2784 3367 8489 8215 4952 7310 1823 9994 7452 1204 8974 3896 8090 5335 9910 8235 1610 2983 6205 6183 5302 4570 3732 1635 2174 3542 1656 9335 334 7691 1149 8464 964 2015 6192 5417 3730 8553 1383 374 1630 4475 2667 8089 3125 6833 2251 7236 3484 6258 2932 9852 6953 2916 6907 5123 3109 1830 5732 798 9602 1673 2543 9838 8151 2964 6034 7891 4662 5175 9947 2257 6290 9994 9903 3305 8875 3637 8786 7304 7001 4512 1929
8437 6001 7689 9590 4643 8196 0 4246 9446 6037 903 7137 2019 2078 490 3281 3937 814 8515 9088 5306 3150 2802 5160 2938 1939 4162 7152 7294 6413 546 5533 8606 9823 443 1619 3193 4477 8529 7893 6504 167 2900 5310 4493 1449 3368 8384 2904 1867 9464 2014 886 5850 7637 3509 7375 2475 4787 9537 3183 1217 5510 9066 420 2485 2623 4558 880 7734 8727 9498 5505 6599 4773 3753 1652 3426 3015 2724 4944 4464 9990 474 8161 8735 9476 5145 8992 7627 4873 7818 4310 6054 2038 7790 7027 35 5076 7967 9866 6707 5047 1355 2196 3452 1418 4154 5444 8575 8504 6813 2986 9074 8785 9623 2860 2491 999 9361 5685 7667 315 2826 330 4947 1927 6128 1367 6907 7338 6568 6193 9959 5273 500 3627 6910 2682 8585 8405 5007 9050 3928 8225 6130 7596 6253 9651 3607
8064 4593 2377 7572 7517 9333 4246 0 5748 4698 9692 2472 1482 8277 8918 6083 4027 6604 4735 3965 9172 603 9106 5527 9585 5642 2520 9394 8252 9569 2167 6800 4209 4333 8934 3575 4397 7346 1712 810 7911 6420 9912 2984 21 7536 6174 6715 2058 3242 6 2638 7566 7764 8634 7266 4489 5832 2431 2813 3602 7858 5148 7917 921 3977 1462 2344 4074 9128 6329 8153 1 5767 8970 6510 7909 340 6417 5951 5930 7811 6636 2063 5650 5745 2236 381 3730 6808 3406 9310 5137 8753 1451 4444 545 693 3106 1315 7619 7083 3120 1460 5777 6088 2077 2738 3576 9497 6363 2549 2962 3357 8820 8648 3639 9833 1795 2477 4053 3697 4769 4051 1729 1253 3121 1504 424 9228 8986 8230 2071 4459 6929 9568 1189 6929 5900 8402 8275 6741 5356 539 3339 7569 1553 1180 9497 5572
8661 4898 5699 4453 6080 8769 9446 5748 0 7432 9557 3278 3456 2064 3856 9664 6171 2969 1366 2836 3371 6916 4410 506 6958 3374 8254 2285 43 8822 7907 4324 3429 2077 3013 7414 3199 1790 1235 2454 7728 1288 3680 4593 1456 1105 6599 5622 6196 9277 60 9228 9861 8338 9639 6276 2348 9915 1457 3946 9478 4099 5961 3364 6729 6878 9809 9568 3548 7008 9376 5147 3012 3390 5697 885 5153 1120 7872 4041 4836 8033 4151 2737 9440 1169 8772 9766 4745 8998 1738 7128 8921 5717 9967 7363 2211 527 2844 3358 3484 6889 9726 9988 6924 5773 3695 4548 8679 3617 4008 7057 522 3697 6246 651 9658 861 4122 5447 2058 2757 9906 5545 2892 8995 9811 6722 2623 9270 6582 5057 8766 806 4853 7972 925 5446 5577 5183 3485 6909 9501 525 6932 2704 4431 5790 9256 273
4553 4648 3250 680 1685 6054 6037 4698 7432 0 7634 1866 8337 8688 8069 3180 9695 3427 3099 1516 7427 187 9547 4058 6063 7439 4607 5653 4962 9859 8261 9558 2015 5470 1771 4195 6358 4542 4639 6442 493 8355 5893 6821 6804 2476 1587 9776 8306 7097 7011 4706 3175 7655 117 9526 271 7526 7932 715 4602 8986 5491 7637 8271 7306 8783 8567 8176 8480 3479 4114 3797 4523 6017 7035 5904 2129 8336 3004 4816 7804 6729 5077 7657 396 6766 8855 9058 7645 6864 7584 5353 1855 1473 7763 1171 5789 1093 5147 5590 2217 7356 90 2641 6257 4032 5599 6497 2087 5434 7374 8446 4103 551 1579 8573 7109 7304 6243 9209 2656 6334 7035 8955 3640 5844 5323 9372 7677 2801 8991 8872 1480 8593 3463 3242 462 5732 7678 2642 9389 2128 4955 562 8145 5618 8408 746 2351
7133 7671 3359 927 5957 842 903 9692 9557 7634 0 1468 5111 1127 2022 1358 2945 4197 6213 7903 180 2873 407 9500 7364 7679 7115 2995 387 3448 4702 9260 9949 2433 3959 8469 2211 6562 2483 2292 51 6001 3122 9683 7686 774 1196 6803 9428 9503 1280 9858 1538 1592 8560 4919 2749 3333 114 9637 1446 6746 7477 3421 7832 2050 8493 6468 2165 10000 3094 1675 9927 9131 9981 7091 3206 790 8581 5419 8920 1244 6826 8884 6769 826 8292 864 6163 8479 3224 5442 5610 4353 641 6981 3222 1453 9878 2772 3402 2074 9468 1838 2378 6261 7393 3115 2778 6038 5157 6041 9732 8957 189 6010 2357 4082 5530 3178 8723 1620 1520 8804 4867 4564 6500 3062 6835 3088 5530 3453 8985 6884 3867 5699 4222 6169 6424 4642 9747 8754 3562 4975 392 4858 9727 8039 359 2933
9890 4874 2611 1299 5185 3652 7137 2472 3278 1866 1468 0 830 493 7190 7702 2865 9322 1525 3900 7906 9862 1994 3542 6786 8662 972 3254 3556 1467 8812 9704 3743 7471 5414 3790 7259 4321 5999 7352 5514 5783 8277 739 7152 2211 1089 5005 7068 5890 0 9075 4995 4493 4355 5095 2928 2605 8086 7469 4225 3180 4149 2960 806 6799 5045 213 4182 8374 7741 4133 9681 1613 1947 5400 4656 6174 6954 6316 9249 544 3594 3735 239 7836 4949 5769 3745 2914 9298 6198 4433 4660 5996 7845 1527 9754 7467 3102 745 4688 199 9211 0 2332 2627 5437 3145 3177 3608 3943 3651 9899 4234 1245 3008 7121 3512 5153 9876 310 7722 3865 4064 8314 6693 1737 1834 8424 7590 5306 8748 2919 1142 799 4906 9894 2807 9071 9499 702 3065 8720 8868 2976 1734 8348 6522 3199
9106 6019 5934 148 8800 9873 2019 1482 3456 8337 5111 830 0 114 4748 7910 8312 9181 3985 7087 7413 162 2339 8181 8495 4673 9091 1114 8758 7931 9901 9140 934 508 3976 7258 5039 573 5217 574 3229 5618 5940 2896 2730 5424 497 8678 4538 5341 920 2859 1474 6959 2120 7880 3137 8738 3727 3963 6447 8055 5600 6454 7206 1692 7019 4753 2027 6006 2635 9683 8812 7481 8234 1190 3573 3196 5898 9488 854 6197 6411 6797 4919 9353 9743 5434 3247 4298 7106 3727 7732 8393 2228 2321 4664 4512 7410 6145 1898 661 6076 7457 7624 2828 5871 4048 84 1146 7333 624 46 6250 6611 8475 3163 6053 6067 7591 8220 9766 9348 8599 5774 4443 3258 8333 6183 5852 345 9675 3871 8886 6272 4685 5697 3905 7098 4152 2858 6612 6386 7776 8863 7740 530 1339 2431 2045
3704 5625 8271 538 6825 9011 2078 8277 2064 8688 1127 493 114 0 7139 420 1024 8086 2070 8482 4150 8759 2577 3523 6945 9955 9785 6249 6273 883 4940 3561 2229 2671 3105 7877 2092 9645 8581 5695 7206 4743 2035 6990 6344 4019 8721 7011 6910 544 1178 4669 2878 9582 4487 7948 727 390 5320 6035 8462 7785 5389 681 1936 6466 6523 7792 6625 1741 7917 4852 9122 5358 4280 5413 7122 6232 9965 8172 7634 5426 522 5423 2784 8055 2461 3615 169 3577 4152 747 7641 7190 7095 4944 5652 428 2799 7996 1967 8970 7901 1234 9065 1102 347 2245 92 287 9876 9712 348 4482 1301 4287 7781 3089 298 6715 8252 1434 5814 5107 491 10000 5470 6409 1868 2581 5959 7013 642 3239 2436 2958 7684 3760 3740 3056 575 8631 241 2585 7668 6806 8498 2904 5496 382
9762 555 7768 4845 7228 7433 490 8918 3856 8069 2022 7190 4748 7139 0 3703 5756 2327 6878 8496 5128 5281 8235 7607 4950 7109 2388 7884 8266 8325 7717 6663 4523 6598 2309 7765 4992 798 2776 1330 7235 913 8215 6935 2248 1817 6243 3086 4422 9211 3469 9052 1518 1995 9083 3011 3408 7515 1570 3530 3213 9064 1661 4605 792 9148 5861 8853 3237 1166 2590 5160 6295 1001 7321 538 6600 1144 3533 9857 3038 7887 4515 6142 6400 8041 6717 2610 2922 3005 8772 4821 5927 9964 547 3717 7363 3377 511 1775 3485 8437 2344 1941 8373 6958 7866 6471 9002 8221 4452 8293 3964 7606 2869 4610 7867 2967 8695 1779 2511 4819 3919 6775 3892 5302 3682 9177 8227 7042 7879 5216 780 4375 4896 3113 2674 5718 144 6762 4271 1945 763 706 4177 9908 8726 5295 4281 9636
952 5640 3478 4305 3882 8750 3281 6083 9664 3180 1358 7702 7910 420 3703 0 5791 8499 5204 3395 456 8954 9209 7914 6939 7121 5998 1562 2481 5632 9923 4981 430 7312 5584 3307 7410 5420 8813 9042 3012 4431 1322 6766 1835 2478 4489 2146 2755 4729 8104 5105 9328 2432 4551 6535 8613 3026 9724 6411 4830 4353 5146 4599 4759 5903 7742 1256 2977 2659 175 9163 3433 6473 1437 3632 3741 6237 2313 9225 7446 899 6665 6339 5824 1595 2215 388 7939 8202 9618 5707 2587 2063 447 7836 9748 1213 2870 67 4040 9411 8582 1582 2175 5420 6124 3834 6143 5430 468 2319 6344 8605 4940 5808 1385 9495 1092 7662 4406 2831 58 6551 6071 1982 3285 756 5205 9022 76 7485 7449 83 1339 1050 9442 1354 9536 1753 3025 3857 5261 9052 3779 3585 5642 5511 6769 9361
3024 9241 6400 5737 6896 4902 3937 4027 6171 9695 2945 2865 8312 1024 5756 5791 0 8500 1619 7245 434 7525 9052 4289 5699 9032 4752 680 1143 5167 8143 3167 3299 8808 9284 8275 9851 786 3258 1854 8704 9283 5878 3919 3452 1837 5842 5893 3832 2006 5819 8176 394 5831 5139 9862 1687 697 8160 9783 6043 9956 496 4382 1216 9974 1469 9716 324 5455 1207 9054 8912 4412 3031 9991 4148 9097 5334 9393 7056 3802 861 131 7302 8991 517 695 3525 7838 3563 2051 2731 8194 4396 9215 3148 3351 3423 3423 9797 9517 2018 9794 1590 8344 4092 4236 2814 3565 1437 6396 7280 4832 7784 7868 5254 722 257 5690 153 1381 9776 8020 4914 3535 3518 3409 6680 8996 5521 4694 890 316 5226 8880 4503 253 8062 8987 7931 4729 8116 8832 2959 125 8880 2007 6629 923
4428 8309 2436 6842 6273 6197 814 6604 2969 3427 4197 9322 9181 8086 2327 8499 8500 0 6844 9453 2168 9115 9817 6667 1965 1875 1197 1725 3135 6993 6002 3498 9647 9047 787 6451 1881 571 7654 8518 9164 1794 8279 6985 7748 1903 3870 5234 578 7807 1666 2493 8557 7524 1008 3358 9774 5643 6705 6115 6493 7965 1855 4688 1002 7914 7204 8887 5219 4086 6714 9807 8927 1895 9540 3755 396 8338 7179 3021 4273 6606 6472 8278 882 3721 8777 1605 6318 1148 2095 3772 2276 2348 5764 5046 6898 14 3435 9792 5175 8115 4437 3948 7247 9113 6144 6283 189 8606 8360 8432 3656 740 2514 5152 1472 7997 9133 7777 7157 3098 9333 2172 759 8519 6791 1320 6879 2655 5639 9465 1757 3234 2068 2452 9205 784 5875 3363 5139 6158 5639 5915 3213 3517 6813 8427 2551 455
373 4218 2058 9367 1173 9942 8515 4735 1366 3099 6213 1525 3985 2070 6878 5204 1619 6844 0 837 6026 2984 6090 8561 8805 4281 7767 6199 2233 4001 3395 3031 2142 4518 5375 1476 9690 5223 6272 5149 8901 967 5017 7848 4823 4183 1740 6189 7127 5187 8338 712 2892 5725 1238 3391 5856 1548 4579 9493 8689 5276 8370 6528 3801 2416 3174 8812 5069 5176 3508 4104 7922 886 5148 9829 5341 4890 8816 6592 7627 1223 6058 281 6061 1601 5607 6328 4238 2600 3209 1814 6817 4051 4822 1672 1195 9607 9145 1864 9679 6185 1814 5708 4527 503 7572 209 852 77 5869 5769 7531 4375 4829 621 2707 6066 475 3662 3426 8601 9352 7590 8160 3433 2885 5514 2243 2811 4926 5398 8489 9373 3026 5279 4191 3309 2210 7467 9935 2854 7815 6500 3716 8908 8435 9836 1191 7270
7035 1805 6747 7722 6206 4060 9088 3965 2836 1516 7903 3900 7087 8482 8496 3395 7245 9453 837 0 4812 8136 8514 6031 9379 2781 2261 3642 3245 2433 392 1980 1725 308 6250 1550 2738 7816 8446 9708 3130 7478 2432 1729 9809 1050 4894 7587 844 1367 6537 1997 4657 8491 7362 5284 3129 8617 1314 320 685 1651 8593 6512 4113 6817 1046 5933 5037 872 4297 9026 2825 2498 2387 5231 4793 4018 3206 2461 5701 3539 195 8007 3486 3884 6640 3131 9566 4395 5071 6831 1146 239 6430 7214 1495 8206 7095 6174 4469 5787 9934 8997 1189 6422 2246 1886 6880 6592 3814 4743 2220 3035 1431 9961 5616 2567 7384 7859 708 4472 8869 5601 3411 703 4915 4882 7499 2600 3592 4807 6714 9969 9118 4835 4350 8850 3840 2662 9921 5073 3513 9571 4248 5292 7928 8462 3071 560
3186 8436 753 7078 2766 1677 5306 9172 3371 7427 180 7906 7413 4150 5128 456 434 2168 6026 4812 0 3905 8773 3948 3400 2130 1970 6434 4774 4724 5241 3765 8765 9930 386 7002 1029 137 3465 9934 306 2049 124 7492 621 691 941 147 8787 1088 1555 9913 6529 6471 2215 4859 524 9081 1826 5518 458 8156 8606 9493 4772 2031 4442 867 4175 4106 403 665 4331 9215 7255 159 2605 5288 1193 5884 2053 3987 5634 8591 3724 7426 8573 7053 3263 8356 4694 3411 2028 7550 204 6992 3357 8161 3464 9473 1919 4083 6850 9523 572 2961 1914 6873 1149 574 6742 775 1663 1206 3368 1760 5066 3809 2523 857 985 7845 1268 9826 4393 2775 5559 2824 5087 2677 6749 7735 170 2534 5444 5875 6167 102 8511 7717 1119 972 734 7281 5635 3502 9009 2825 2844 1813
3095 665 8339 3532 2204 6042 3150 603 6916 187 2873 9862 162 8759 5281 8954 7525 9115 2984 8136 3905 0 130 1657 8502 8016 7559 2999 2852 7622 7865 4670 9679 6323 4334 6273 2562 9328 3708 3400 7366 4213 2989 6781 6358 665 6869 662 8237 204 2808 1297 952 5013 3914 6887 7612 1162 8727 1553 5182 7142 9634 9881 9234 1894 1968 2023 1112 2652 7730 4065 7539 8026 6115 8276 9284 9723 8177 9444 2654 2775 2917 7103 4961 1406 3485 3026 533 8842 7797 7800 9546 2457 2878 4703 3076 1472 7377 2654 6019 6660 853 8099 3918 5393 2685 9724 5305 6179 9226 6499 8917 1093 7723 4484 6380 650 2115 7735 5663 212 3398 2295 4912 6679 6947 5141 4550 2795 6903 4165 7587 7008 9264 3086 4663 5783 5062 8182 1620 6046 3528 9615 256 1199 1054 9156 5087 7653
9175 913 5160 538 3045 9574 2802 9106 4410 9547 407 1994 2339 2577 8235 9209 9052 9817 6090 8514 8773 130 0 2807 5623 9648 3963 8808 157 6750 3842 6265 2781 6545 5457 9980 7213 646 2091 7465 4599 9158 9489 279 6695 5900 7934 589 7845 2059 1353 2225 4528 6397 8787 410 3888 10 8946 3067 1800 5287 1533 2208 7249 5761 8886 3386 611 6626 6898 6595 406 5055 3603 5480 3338 8 9019 9719 3311 9872 2604 190 8324 9230 6583 5801 6616 4268 6348 1947 7370 4851 955 2739 9130 4430 8165 5612 5975 7058 2543 6557 9848 394 377 4146 9224 2734 4004 9563 9782 1664 8057 8514 1691 4775 8888 3265 9103 4593 799 7522 4396 166 1212 2578 1665 6798 4666 5047 2451 2221 8016 7733 9127 7945 9767 3375 5146 3078 4799 9877 3411 595 4269 7427 1186 1312
6055 7533 897 3735 5343 4142 5160 5527 506 4058 9500 3542 8181 3523 7607 7914 4289 6667 8561 6031 3948 1657 2807 0 7334 4773 8946 872 8242 8327 1271 5043 1408 1854 7322 404 6022 2864 5817 623 9934 121 4311 4743 9354 8561 8105 5863 4133 3387 7229 765 7966 4335 7118 3202 9100 3918 2604 7968 9027 3528 7751 2547 5752 4602 1678 9909 4354 6445 1595 4293 7584 956 9344 5707 2415 630 5239 7270 1512 846 5666 5321 1353 7016 8610 4330 9300 1263 7228 1313 8642 781 5744 1788 8175 4740 1092 7871 1066 7278 129 8931 7885 1409 1939 3250 5226 4872 4448 7234 7571 3871 1624 2153 5282 8447 4946 9068 5244 6822 2080 247 3881 3394 1503 3746 5053 6218 5021 7782 7411 2031 7329 2898 631 9145 5593 6847 4320 7067 4119 6750 838 573 1187 8930 6567 4810
140 1693 557 1557 7259 2401 2938 9585 6958 6063 7364 6786 8495 6945 4950 6939 5699 1965 8805 9379 3400 8502 5623 7334 0 3737 1315 965 9466 8679 5953 8771 1822 337 9294 7499 8237 2595 7415 872 9529 9579 9318 5755 7238 1568 8256 4092 8419 4400 655 8072 8587 707 7892 2834 8353 4125 464 1823 5755 2062 6734 3849 6797 335 2810 9126 467 78 5400 3284 6607 7889 2702 5478 991 8037 4004 953 5928 2920 1096 1686 8156 8780 9054 5233 8587 1215 877 7638 6507 1395 8261 9705 1904 3410 3297 3464 9755 3075 4466 467 679 4886 1253 1265 64 2756 7802 7808 9809 9596 5789 5389 2399 8149 5819 4848 9139 2687 9196 4460 5816 5033 8455 4234 2235 5946 1335 5491 6973 9396 7349 5875 9793 576 2655 7686 2907 5650 3134 5754 8581 9164 2537 3534 1362 3647
5861 9343 5632 4486 5641 78 1939 5642 3374 7439 7679 8662 4673 9955 7109 7121 9032 1875 4281 2781 2130 8016 9648 4773 3737 0 6984 5658 6124 8869 8805 7451 6391 2710 304 1265 2362 5344 6209 1248 1142 5169 1259 7608 8883 8532 7076 5997 564 9262 7375 727 7325 4032 3718 7853 8897 6803 784 7604 6346 1343 7911 8059 1842 6193 7042 8231 5267 6423 6368 5422 5900 8291 1952 2551 3571 6755 3632 9117 7123 7316 4950 8598 4255 1082 6930 135 8356 5746 9575 2977 933 3926 3673 5665 9771 5406 4124 8706 2270 7794 5819 1525 8611 7572 2726 3260 6422 83 9108 6889 4563 1324 7126 9708 5136 5904 8981 7092 6311 4789 5502 8459 7193 3224 2295 287 2449 6755 5760 2344 6054 6165 1530 4271 1031 1822 5536 4300 5053 2359 9262 9256 1983 8683 636 3140 6089 6334
5548 8431 4706 7981 3538 9958 4162 2520 8254 4607 7115 972 9091 9785 2388 5998 4752 1197 7767 2261 1970 7559 3963 8946 1315 6984 0 9932 9484 5230 6235 7332 1421 9891 9275 3423 8564 5287 8831 5210 6477 771 5970 9750 7776 6772 212 9235 7841 5660 1871 3361 5303 7286 5210 8374 7969 5423 5295 1582 501 8661 3211 6885 1810 9025 2855 1337 2878 6135 1639 4768 2525 2443 3612 4391 2595 3056 1962 2834 91 5394 3162 2838 1652 1844 7487 2045 1883 3214 2673 9601 9558 1560 8878 5602 463 208 6943 8966 2529 9039 7796 4808 6853 3567 1182 3588 6435 1896 6847 4823 9886 3532 6536 4209 5232 9202 1525 2132 397 546 6981 6484 8639 4648 1001 3792 4659 2169 5460 5462 6247 9124 4857 9048 5365 6634 4043 7961 372 7858 7326 9894 1165 6104 1222 3888 6584 7021
6437 6321 826 2841 2717 2212 7152 9394 2285 5653 2995 3254 1114 6249 7884 1562 680 1725 6199 3642 6434 2999 8808 872 965 5658 9932 0 2569 5811 7934 977 4400 5446 2855 8041 2311 2235 2023 25 4779 7548 3229 7460 6776 5417 125 9445 8476 6006 2891 921 9741 7933 2707 5177 7972 7853 3266 7307 594 1778 7795 8548 2732 6584 3019 6762 3151 4896 6995 6425 3635 4972 6042 7327 7048 8721 2764 8056 3993 7357 7854 2787 9096 9631 3594 580 619 6751 3028 8716 2392 5612 2951 6479 3852 5181 1906 7995 6495 559 5010 4362 2633 8740 8741 2862 5941 4956 5181 2298 8538 9181 7759 9209 2264 3697 5110 9692 383 1855 8393 7441 5467 8149 875 7415 1107 8138 1146 7162 3687 3805 7598 4671 7996 486 5672 8826 8216 3365 4845 2453 1981 2365 7777 2894 859 9025
2219 1950 3441 8684 5191 1729 7294 8252 43 4962 387 3556 8758 6273 8266 2481 1143 3135 2233 3245 4774 2852 157 8242 9466 6124 9484 2569 0 8735 5293 5244 5555 9544 5957 1201 7751 6582 7620 9606 5938 5193 9439 6579 2642 8149 5815 2067 3079 6153 7163 5745 7184 9205 4278 451 8474 1249 684 5362 1713 7954 6066 8502 6054 1896 7323 4486 4089 8292 6229 8906 9034 1791 71 6080 3282 7721 863 6866 5896 7311 2167 5815 2629 7263 8530 5430 2654 8640 7064 2901 9772 5445 8253 1349 225 1564 7240 1358 7104 7510 4679 7843 5909 521 9643 1148 8089 6267 8582 1349 3733 9327 3965 3050 1255 3802 3666 3604 5465 9290 9233 836 6399 615 4211 1421 6737 6328 2559 4219 5440 7210 2103 43 4206 8803 623 3195 3755 3000 3121 1163 2372 7907 6914 9592 4032 6725
2774 2510 2924 9840 5622 7392 6413 9569 8822 9859 3448 1467 7931 883 8325 5632 5167 6993 4001 2433 4724 7622 6750 8327 8679 8869 5230 5811 8735 0 7605 3859 2504 9102 9805 7558 9209 6975 8675 4386 7696 505 709 8842 455 1617 7666 7314 8506 4996 1800 7995 7375 1348 406 6493 3697 6015 4133 1564 441 8128 5963 241 1814 716 4447 6275 2915 1785 5972 4372 5721 1556 6186 7009 5781 4043 3556 9973 6235 5025 1073 6895 3449 8455 407 4264 2605 9895 9362 7028 8609 3962 6920 7721 3579 9651 4245 2765 8252 7744 9204 2208 8344 3202 364 1151 1880 4746 9607 8773 8581 5869 6327 8792 5400 2624 4877 8761 9786 2619 478 1703 9549 8254 2229 1593 7573 663 6239 5640 5951 5110 46 7510 5669 8798 683 2221 3406 4647 2556 3764 9978 3837 9220 1414 6088 3527
2182 7572 1950 7635 3989 7203 546 2167 7907 8261 4702 8812 9901 4940 7717 9923 8143 6002 3395 392 5241 7865 3842 1271 5953 8805 6235 7934 5293 7605 0 5370 9518 2431 7314 8132 7058 9791 4360 627 481 2325 9044 8080 6814 3376 2346 8389 3143 4533 2728 4837 4915 4972 328 2286 8596 1789 5091 8751 9267 9792 5280 7746 5265 7244 2587 5954 1648 5253 1961 203 7469 2067 40 5672 8090 5926 4209 6848 9337 7681 5940 9749 7940 5261 2931 140 2968 4782 2774 2383 5782 2298 3843 9393 6190 4682 8697 4561 2672 1550 2738 1687 6747 926 9167 2500 8307 756 3895 2449 9190 2432 493 2237 9999 5913 5983 9446 7691 495 3189 7654 4011 6592 1568 8546 353 8387 2977 1447 1120 5574 1310 1556 9409 5312 4835 4301 142 1044 233 1948 4985 7894 4167 2085 9577 7994
9435 7503 1930 1395 5936 1432 5533 6800 4324 9558 9260 9704 9140 3561 6663 4981 3167 3498 3031 1980 3765 4670 6265 5043 8771 7451 7332 977 5244 3859 5370 0 7576 7396 742 3894 7045 6686 2438 3963 6497 57 6134 7398 9581 8741 2195 4998 2615 3020 2621 7669 2731 1991 8194 2968 3914 6774 9530 3326 9892 1808 7210 6754 3943 383 7708 2246 9820 6030 1973 6818 8814 3926 2218 7552 3014 6567 4927 5144 2155 648 7525 1208 1099 6596 2764 5848 7751 5694 6106 8227 7950 7729 2022 4616 8046 1160 9690 8341 6917 7469 8948 5191 7209 6675 1013 9962 5525 3423 4512 6692 2396 2129 8121 75 5627 6103 1969 2888 1463 4377 5997 4567 9975 5047 5929 5433 8544 6042 1228 8028 8802 9496 331 2938 2689 594 1776 7254 6052 9048 785 7935 8311 8289 8485 8928 35 8723
6698 5922 4188 8090 9306 3850 8606 4209 3429 2015 9949 3743 934 2229 4523 430 3299 9647 2142 1725 8765 9679 2781 1408 1822 6391 1421 4400 5555 2504 9518 7576 0 6433 1498 2818 9573 1795 6669 3138 4819 1021 4102 3692 1657 5290 872 6200 697 4285 6944 5824 7924 3166 9760 7529 9910 1613 3482 7626 3246 995 868 6202 8881 2246 1489 5276 9897 6369 7348 1848 4182 6117 8633 3433 9893 4854 444 364 6695 572 5677 2986 8618 8586 4228 7104 788 6090 8134 8723 4785 8403 3935 6042 6273 9646 2561 7405 6612 2366 9626 669 8397 7858 7062 1775 2395 7770 7207 1369 5674 1074 4489 5827 3940 5241 7972 6496 1964 5728 5276 5060 4111 8915 3811 6300 7053 6691 5964 2103 887 6758 7014 8489 3961 6006 4122 3822 8238 5388 5754 4023 6634 9822 9337 8853 8898 4236
3238 7694 6062 9353 9276 543 9823 4333 2077 5470 2433 7471 508 2671 6598 7312 8808 9047 4518 308 9930 6323 6545 1854 337 2710 9891 5446 9544 9102 2431 7396 6433 0 4416 2787 5880 2708 6679 4398 2059 9881 241 9807 2887 8338 1424 9627 9320 6022 6223 6823 7785 9037 9695 2323 6935 6612 6475 1759 7148 2901 2653 1785 53 2657 2112 4043 2074 1712 900 2933 595 6094 4416 6931 4314 7213 170 7637 9613 6256 5139 5865 742 4303 5109 6264 973 4550 6632 937 7647 4090 8275 6166 883 3958 5590 5608 9071 5839 1586 6965 2615 5275 678 4377 2771 3930 697 2837 8639 243 5531 8559 750 4223 8000 8076 1249 5708 3828 4011 2240 3035 7748 4651 5020 6504 4044 690 4574 6407 6365 1498 1220 3067 1057 9289 243 3109 1244 8567 8205 5338 2418 568 6203 9915
9336 1908 7937 2453 125 5889 443 8934 3013 1771 3959 5414 3976 3105 2309 5584 9284 787 5375 6250 386 4334 5457 7322 9294 304 9275 2855 5957 9805 7314 742 1498 4416 0 5257 3483 9683 6077 5761 9703 341 1925 4299 5461 3036 2284 1278 8471 9920 6269 2215 1587 3713 5768 4911 6441 7044 9120 2113 9347 4127 9171 7707 6630 6721 9618 1989 9993 8787 5702 4830 7182 5578 6255 1359 7692 2757 705 7444 7214 1451 3160 6865 3355 4285 4568 3801 3103 9839 8389 4323 1269 3610 4450 6335 5748 4329 9465 8910 8412 3952 4184 7138 1739 4259 6277 2962 6985 9217 4187 3463 9946 4991 7912 3861 6369 7270 2127 2630 4470 1768 2455 1237 6933 8468 9191 7730 7068 9568 1960 3369 8007 1642 9400 4924 6489 4926 7418 3082 9224 8531 1096 6388 6284 1284 2147 7642 8906 2397
3725 4157 5637 253 6001 9558 1619 3575 7414 4195 8469 3790 7258 7877 7765 3307 8275 6451 1476 1550 7002 6273 9980 404 7499 1265 3423 8041 1201 7558 8132 3894 2818 2787 5257 0 4628 477 814 812 1087 3883 1616 3660 7253 2895 7328 9847 2559 7204 1816 1970 6430 9379 4700 4189 2753 9795 2151 6927 1722 4578 9452 2217 8196 3007 588 3194 6289 238 4630 2631 8605 3885 9434 1347 7908 5404 7231 1000 135 2493 4357 5218 7789 2846 9902 3068 9653 6002 6749 2094 8588 5202 1395 7116 3068 4655 2256 463 8084 5737 3540 4926 5211 3177 5082 8378 2187 1282 5486 7449 9713 7298 2001 7686 8154 1487 9512 4153 1519 4568 227 5582 6594 9395 879 1950 5947 9631 3554 9347 8996 944 6539 4924 9349 1742 9968 7839 4675 6613 8211 75 4029 7653 8336 3897 8344 3416
9067 2561 116 1596 8816 3314 3193 4397 3199 6358 2211 7259 5039 2092 4992 7410 9851 1881 9690 2738 1029 2562 7213 6022 8237 2362 8564 2311 7751 9209 7058 7045 9573 5880 3483 4628 0 8756 9228 2598 8893 17 4498 9204 4354 8100 7662 597 609 8315 9201 3507 195 6450 8782 2898 2376 6797 5093 9932 5587 576 1290 1983 4383 5370 1918 8263 746 7954 6748 5220 4445 3206 8453 814 7182 6465 2133 9531 7918 9921 5994 9148 2815 1536 6962 7357 1723 3321 1927 3922 489 5457 7654 7332 1341 2928 6119 2010 656 1544 4162 5841 2744 3338 6646 4815 5352 4670 4062 4546 6679 91 2762 3116 385 4881 9608 8155 837 7354 2650 1743 5628 6862 4770 3619 4874 6488 966 2085 5962 9694 9265 7847 8436 4371 7253 8037 1804 3505 4281 3206 3159 1626 120 7666 7388 2938
3527 1783 1096 4394 1990 222 4477 7346 1790 4542 6562 4321 573 9645 798 5420 786 571 5223 7816 137 9328 646 2864 2595 5344 5287 2235 6582 6975 9791 6686 1795 2708 9683 477 8756 0 4746 5289 2989 3545 5624 5420 5968 8973 6650 6823 9209 9816 8179 4599 12 4725 7378 3895 3418 8789 7998 293 4706 9275 7735 9445 6873 3590 5489 5428 21 7180 2029 4714 9359 6292 7239 8677 4871 5614 2361 3363 6441 1804 4542 6583 6744 6503 1572 9778 4385 6524 8543 1553 1362 923 2985 6266 3964 9288 1515 5015 5992 2550 8482 9372 1721 9857 4969 8532 1729 4499 7997 7863 9878 5419 1762 9981 7066 694 5649 9872 608 6814 3992 933 3423 4886 8176 8991 9904 4640 5482 4301 5559 9286 8701 2318 128 5132 5367 3988 6527 2966 9446 9080 5223 3704 2695 4554 5747 8589
446 4066 7639 6351 6645 207 8529 1712 1235 4639 2483 5999 5217 8581 2776 8813 3258 7654 6272 8446 3465 3708 2091 5817 7415 6209 8831 2023 7620 8675 4360 2438 6669 6679 6077 814 9228 4746 0 1672 5075 8020 3570 1498 4302 3222 2751 2317 6565 7446 4314 6721 3028 2599 9511 8075 9980 1452 3792 5484 4409 8974 3608 3488 9099 7057 7120 8755 2005 6407 8049 3476 1108 2520 5621 1751 5137 3424 2988 269 657 7489 5879 6480 9559 5295 2521 1971 1420 9897 2752 4325 110 2161 4922 9430 727 8749 598 5180 6600 808 2410 3313 720 6041 3095 6372 9706 4535 8413 441 7991 4365 81 2057 9111 4795 376 7444 2439 7990 7658 1545 3146 7097 4828 4301 8141 6941 4622 1723 1574 3432 8359 4333 2406 5495 7681 9046 6348 8120 9647 2925 2173 5301 2800 2664 2364 5281
7796 9617 4517 5114 6514 2855 7893 810 2454 6442 2292 7352 574 5695 1330 9042 1854 8518 5149 9708 9934 3400 7465 623 872 1248 5210 25 9606 4386 627 3963 3138 4398 5761 812 2598 5289 1672 0 4160 9561 9122 7392 5245 3221 6060 3900 1456 6260 7687 429 8791 4394 7001 9581 3064 5345 9255 3879 3514 6260 7904 8163 6992 4644 5213 4981 3092 1097 9704 8524 793 31 8218 665 57 6603 2812 4369 8478 4692 2051 5939 1846 4702 1850 2603 1259 1247 5336 6534 1888 8838 1947 1469 6542 3116 405 1893 5301 1440 1960 9171 3492 8949 4749 5930 6645 4313 6130 9795 6960 1413 4564 7537 6762 1187 2867 2858 3811 5909 1417 6525 6218 5526 2611 2488 4030 4943 6952 6932 1227 7184 6773 3067 7391 7529 6783 5985 5979 7790 6567 4972 8946 6875 1969 1159 4942 5623
5394 195 7133 8663 5363 7782 6504 7911 7728 493 51 5514 3229 7206 7235 3012 8704 9164 8901 3130 306 7366 4599 9934 9529 1142 6477 4779 5938 7696 481 6497 4819 2059 9703 1087 8893 2989 5075 4160 0 233 2908 9421 95 8530 276 5559 4619 1806 3799 1471 570 4702 2247 6749 8940 1704 4888 1809 7532 586 3519 1039 3046 1502 5825 6857 2178 8426 191 8994 8180 2353 1015 9409 809 5694 2084 3673 9684 9438 5910 8942 8656 1161 8193 4213 9818 8925 792 5817 1464 6724 7558 7447 2022 262 3308 1287 292 3060 2149 5732 8332 5854 8285 7948 2657 1165 3407 8791 9965 7272 254 2108 3086 4406 5199 8280 1727 2660 3615 2669 6998 4142 5215 5711 3719 6902 5803 484 3349 5920 4909 6077 8727 9 602 9448 2993 4638 3490 9852 9417 1254 8542 6946 2042 1741
5670 3906 6705 5311 6189 6391 167 6420 1288 8355 6001 5783 5618 4743 913 4431 9283 1794 967 7478 2049 4213 9158 121 9579 5169 771 7548 5193 505 2325 57 1021 9881 341 3883 17 3545 8020 9561 233 0 8557 9070 2995 53 3138 101 1956 489 9693 1025 1658 6631 3944 3790 8172 1319 6999 3105 186 6639 7601 7277 3518 1210 4507 4915 2014 531 5460 8305 9969 3754 3906 1863 2297 1739 9733 1377 632 5604 3142 663 5212 2486 1300 99 9620 7556 5252 3369 2191 5125 6111 2164 6004 7289 4505 3760 5972 4634 7578 6074 2535 8371 1008 1265 6080 3861 3757 8746 7341 5347 165 5525 2364 354 8006 3783 2827 2421 780 7102 9543 3828 4669 683 6608 4605 6088 7737 7460 4999 2506 9590 811 3505 5869 8760 1286 9644 3363 9980 9643 7178 9947 745 8625 8908
2667 7482 5806 9348 4148 9115 2900 9912 3680 5893 3122 8277 5940 2035 8215 1322 5878 8279 5017 2432 124 2989 9489 4311 9318 1259 5970 3229 9439 709 9044 6134 4102 241 1925 1616 4498 5624 3570 9122 2908 8557 0 1226 7348 519 7837 9954 4061 1929 7844 2215 2077 3760 6297 3197 8913 8683 4200 6388 3322 964 7401 1187 8059 9838 9468 6733 6045 3464 2267 817 3836 850 9996 349 9757 6614 6846 5843 193 5827 8522 1467 5436 5624 2805 9871 4337 9216 6287 6684 4896 5409 4148 3046 8797 646 4920 2460 2000 6885 8107 5970 1496 6383 3426 2516 4615 4923 4241 6913 8427 5567 5003 617 121 7652 9122 8356 8686 8428 6311 8716 7590 7677 5144 4092 8175 6368 2095 1691 2615 4350 887 6072 3028 2853 4230 9733 3329 2877 4152 6715 9685 8036 4094 524 8101 2976
952 8611 5153 1089 7861 2569 5310 2984 4593 6821 9683 739 2896 6990 6935 6766 3919 6985 7848 1729 7492 6781 279 4743 5755 7608 9750 7460 6579 8842 8080 7398 3692 9807 4299 3660 9204 5420 1498 7392 9421 9070 1226 0 8347 4966 5 905 2231 4996 6403 9736 9736 6868 4725 7547 9357 5600 8338 9698 4938 8862 2861 6837 467 3286 1093 6266 7784 4021 5552 9569 3145 3841 1763 1022 3071 9918 2540 8326 999 6103 9466 3831 990 1259 6267 6886 125 6752 8595 9060 111 5543 4236 2694 5986 1095 2591 7149 1072 3138 3511 2740 9715 9041 5328 4040 6970 3868 2668 3891 4894 6302 4981 4143 6122 9127 4133 5836 9367 7600 1237 7594 2237 77 9491 839 3144 2810 2468 5943 4478 7040 4936 2645 1364 8482 6971 6012 8276 4719 9746 7119 7020 7999 5037 7835 13 2163
6974 6277 4107 5518 4365 4998 4493 21 1456 6804 7686 7152 2730 6344 2248 1835 3452 7748 4823 9809 621 6358 6695 9354 7238 8883 7776 6776 2642 455 6814 9581 1657 2887 5461 7253 4354 5968 4302 5245 95 2995 7348 8347 0 1737 4604 2019 4897 1883 7516 8645 4059 1067 4586 5162 3829 4876 7754 1886 202 5474 9259 1535 3700 8182 4456 3370 8798 9163 2192 4114 3516 7870 3317 6179 1843 3775 3657 3367 6629 9937 7530 8282 2695 6744 2003 4584 1827 5379 4899 6874 3571 7918 2380 4288 1395 8564 8544 68 4404 8249 1777 3011 7214 2643 4997 4277 425 6105 4570 4254 3025 8370 2731 3039 6767 194 8291 2382 6287 2177 1351 5132 7880 8195 1039 8357 2909 9660 5761 5519 2581 1343 231 6577 5474 6956 101 570 1417 7130 8003 8756 1503 3345 6429 7997 1570 9032
8584 3775 8677 4698 2133 1877 1449 7536 1105 2476 774 2211 5424 4019 1817 2478 1837 1903 4183 1050 691 665 5900 8561 1568 8532 6772 5417 8149 1617 3376 8741 5290 8338 3036 2895 8100 8973 3222 3221 8530 53 519 4966 1737 0 2620 2092 2251 8975 968 2338 2899 9568 2832 1437 7196 1453 1363 721 5898 6705 6510 9613 8864 8673 6447 298 5117 4603 9210 4870 9179 9608 9585 6615 9939 1464 4951 5070 4178 5183 8357 909 7563 1676 5696 3711 9030 7819 1747 8775 1014 8653 4564 497 9588 6212 8871 2453 9115 4980 5298 9445 2819 2500 523 5983 2410 1679 9018 1906 1189 4131 6937 5121 4874 8058 51 926 7945 2124 4344 8264 2704 4545 643 9248 4425 5077 6686 249 9117 6118 921 4711 3797 9037 7384 9312 3109 771 6849 3442 1970 3895 4028 4147 7161 6507
550 891 5445 3087 4897 9403 3368 6174 6599 1587 1196 1089 497 8721 6243 4489 5842 3870 1740 4894 941 6869 7934 8105 8256 7076 212 125 5815 7666 2346 2195 872 1424 2284 7328 7662 6650 2751 6060 276 3138 7837 5 4604 2620 0 8818 9577 7498 6054 486 2251 514 3192 8380 627 531 6501 1422 6344 3604 5339 3150 6369 4679 8809 6396 866 4155 489 7602 6403 2631 1774 5655 3820 8404 2363 7047 4971 7778 2907 1334 307 4750 1729 4688 4924 9192 7285 2962 2770 111 9286 8999 2979 7166 303 1113 4097 5575 888 2150 1027 2376 9784 3554 1511 9640 3511 2618 8009 6774 9390 3813 4933 7013 5892 7410 9824 744 4931 2267 3827 6351 9786 3792 5473 8992 4664 2109 9930 5760 1067 5916 138 2540 8872 4673 3095 165 4932 342 1089 6172 7810 701 9985 2566
5999 2558 7814 3071 5153 1764 8384 6715 5622 9776 6803 5005 8678 7011 3086 2146 5893 5234 6189 7587 147 662 589 5863 4092 5997 9235 9445 2067 7314 8389 4998 6200 9627 1278 9847 597 6823 2317 3900 5559 101 9954 905 2019 2092 8818 0 3047 9668 8265 4701 8520 3626 1213 7772 8653 9481 7800 4060 8597 3672 7030 6350 1245 6643 4843 8303 8213 2905 665 5335 6628 8379 5936 5447 6906 373 3118 1547 300 985 2943 4063 1908 615 5509 890 960 6508 3470 6570 3829 1013 4703 7912 3626 8994 6778 2109 696 3212 6450 4869 2182 8275 3997 9898 1088 9757 8927 9878 7008 559 1526 8335 3729 4320 2627 8939 941 878 6976 8487 2726 4881 2661 3982 7685 7179 521 8464 304 933 1218 5136 1760 4948 7874 923 131 1613 6278 7645 1796 3210 7292 8402 6414 2589
9126 3194 8227 7661 8724 9057 2904 2058 6196 8306 9428 7068 4538 6910 4422 2755 3832 578 7127 844 8787 8237 7845 4133 8419 564 7841 8476 3079 8506 3143 2615 697 9320 8471 2559 609 9209 6565 1456 4619 1956 4061 2231 4897 2251 9577 3047 0 535 7109 369 1477 1213 8008 6152 5874 9347 272 1807 3694 1626 2488 8960 318 3849 6322 8111 4400 1354 9693 5804 3645 8234 7808 3811 1552 6364 499 4067 7732 4181 8979 4757 2616 3114 6493 9494 5270 8940 5914 3290 6335 8257 7552 3846 5486 4640 315 6168 1686 3266 526 4304 66 8209 9952 6835 2427 3719 4265 1559 4695 3600 272 9860 7605 9408 4443 9110 2463 2112 2412 6611 2407 3923 3196 2165 7479 3831 3533 3058 1185 3652 5015 3348 2708 7702 4826 6207 6025 7037 7593 5333 6030 1868 1789 6558 5920 7097
2263 916 3733 8023 9711 3721 1867 3242 9277 7097 9503 5890 5341 544 9211 4729 2006 7807 5187 1367 1088 204 2059 3387 4400 9262 5660 6006 6153 4996 4533 3020 4285 6022 9920 7204 8315 9816 7446 6260 1806 489 1929 4996 1883 8975 7498 9668 535 0 4723 7000 4134 3686 8195 3827 3272 8967 3547 4612 181 6659 2574 7362 2632 58 7118 8726 4641 9433 7651 671 4488 9987 1357 2898 1403 1871 7820 2945 8757 383 9706 8242 3569 735 7075 9942 3809 6204 6837 4811 8684 739 6 3688 7317 3202 65 4341 4573 7049 9497 1254 7834 480 8348 5924 2632 6996 6496 7852 629 581 7974 4421 4289 5527 4190 7147 1671 2328 7509 9668 1988 1600 3985 4616 1650 5544 8566 9605 5329 2816 6591 7434 974 4277 1820 483 6921 7866 7454 1164 8796 7918 5654 2559 3541 8563
7097 8316 6316 2946 662 3039 9464 6 60 7011 1280 0 920 1178 3469 8104 5819 1666 8338 6537 1555 2808 1353 7229 655 7375 1871 2891 7163 1800 2728 2621 6944 6223 6269 1816 9201 8179 4314 7687 3799 9693 7844 6403 7516 968 6054 8265 7109 4723 0 3766 6478 9415 8044 1943 8119 1754 9835 826 9404 8774 2753 4494 8056 6589 4545 7631 48 7745 591 3655 3799 2953 1956 9235 8164 4370 45 7918 5456 16 604 2218 4911 7187 4116 4390 3678 8843 7119 7523 532 577 2725 9832 9196 985 9968 4097 1567 2531 5910 7864 7305 5566 541 4287 3603 3318 7317 6512 7326 5302 5633 5651 5203 51 3508 5721 3765 181 6553 7531 3526 5941 4667 6152 7565 1314 7434 3188 6183 6647 3931 2117 6638 2079 7678 652 4687 8353 9868 2904 953 6622 5031 1492 7545 1806
6456 6077 9592 1703 6469 7276 2014 2638 9228 4706 9858 9075 2859 4669 9052 5105 8176 2493 712 1997 9913 1297 2225 765 8072 727 3361 921 5745 7995 4837 7669 5824 6823 2215 1970 3507 4599 6721 429 1471 1025 2215 9736 8645 2338 486 4701 369 7000 3766 0 4654 7589 5123 384 8151 1725 7871 3848 4813 2257 4563 6412 2936 7643 5557 1151 528 2898 8364 1551 3160 9280 7242 2103 9623 3309 6773 9044 7273 120 435 5888 5260 5589 2937 9114 2060 6700 8199 6726 9341 5492 4127 5369 4212 2362 8021 6583 6281 4609 3770 1 4871 2855 1528 9800 4271 2164 5456 7663 7073 3827 2390 7370 1186 2102 9716 1145 984 9350 2915 5336 633 424 6570 588 5930 1978 8634 9448 1963 8385 3586 385 1658 8388 8216 1962 6626 4747 6097 6396 2434 3649 2280 3258 5621 7285
2423 8648 5089 4476 3223 1923 886 7566 9861 3175 1538 4995 1474 2878 1518 9328 394 8557 2892 4657 6529 952 4528 7966 8587 7325 5303 9741 7184 7375 4915 2731 7924 7785 1587 6430 195 12 3028 8791 570 1658 2077 9736 4059 2899 2251 8520 1477 4134 6478 4654 0 5904 2569 4074 8072 4976 1749 2500 6676 6393 1913 3336 6126 3521 4428 8870 1619 2292 48 1629 6116 6177 3795 2614 4754 9310 1655 3522 7537 4851 2027 8417 1298 908 8721 1975 4673 8796 860 6429 8836 4485 9308 9294 3984 372 1996 3820 1026 5848 2989 7844 954 6594 8807 772 2195 8896 4025 8485 3390 5435 5054 8133 2785 6780 6868 2843 5723 9481 5157 7224 4322 1962 4323 3862 5887 930 859 7490 6100 3070 584 9072 7272 8494 8776 5552 5796 9843 3506 6359 4349 9478 8599 9333 8255 4138
7056 3836 1311 1276 4681 3270 5850 7764 8338 7655 1592 4493 6959 9582 1995 2432 5831 7524 5725 8491 6471 5013 6397 4335 707 4032 7286 7933 9205 1348 4972 1991 3166 9037 3713 9379 6450 4725 2599 4394 4702 6631 3760 6868 1067 9568 514 3626 1213 3686 9415 7589 5904 0 1592 5447 208 1020 8899 2580 4490 6052 5898 5278 2059 7284 7681 1621 4650 6330 481 2696 8440 7339 11 2206 3259 4368 6249 6937 408 6111 8167 8147 6773 9831 1346 6053 7549 6480 8030 411 1425 1557 6009 3800 6607 7017 9728 1449 7286 1801 211 4701 5857 1309 6227 2195 1105 8679 9086 6612 7915 179 4578 575 63 2167 3374 3134 3514 2718 4640 6836 9207 8950 1424 8348 134 3991 9290 1406 5933 6793 1115 9168 1768 6297 4966 3671 1625 4988 3696 2455 232 3811 590 3404 1844 9079
