250
0 7666 5268 3131 8709 8738 8504 6419 6268 2762 806 5400 2805 6487 6086 4004 6042 4202 2181 5933 8691 2615 3912 3786 5429 7111 284 5368 4689 3710 8763 3919 4052 9156 7023 8466 172 6305 3869 6556 9821 7669 6754 9249 2721 7960 3336 5405 9802 9039 4790 1878 6067 2257 8707 9499 2642 5530 8693 3958 5785 6835 1848 6004 7544 1906 1197 3648 700 1134 2656 524 5949 1428 6430 9338 3232 5551 5315 3964 9635 3968 6485 8035 6306 8268 5954 233 8257 453 3139 9653 6574 4908 6046 2985 4487 5515 8478 5763 9758 6664 5677 8332 8660 1566 1400 8188 9943 5592 6726 6060 6860 6919 713 8726 8709 6317 6489 4159 8518 2388 3374 267 3941 9130 7615 2903 6549 9417 3768 6241 9080 6271 866 2492 6557 4301 1161 4745 3283 440 2170 9432 185 9240 4469 6353 1225 3913 4347 2206 4834 6260 9965 8308 3040 7722 4881 6626 3827 2649 5074 9489 1941 9866 9490 145 6357 1562 9334 2317 3214 4877 8278 2338 522 8543 7852 2893 2565 5156 1128 6521 3554 7415 7596 4575 8353 4176 1699 7645 9194 3585 2254 367 1896 378 8273 5295 3166 7822 6539 3165 9306 5449 266 7425 3531 418 4633 8310 7912 8454 899 5022 7883 7533 4522 6190 1850 205 3255 5272 3545 2368 4831 3096 8386 5171 7846 9346 9182 688 6834 1981 5266 4645 7187 5645 8613 1398 5517 5231 5170 7255 7689 4275 4626 5450
7666 0 3767 3186 4919 8180 3393 9364 914 7933 8891 1397 3346 404 5690 6299 4696 4759 4194 4161 847 7052 6095 8009 8314 7050 3413 364 6766 6934 8658 1118 9502 3447 9834 306 6792 9273 3641 3539 5245 5684 2586 8745 4874 4619 7012 8207 4698 2005 2232 7933 6988 8987 6805 7702 4262 8902 1124 3971 6219 4302 1483 5561 4571 5475 8625 6310 8604 4641 1268 2760 3039 3118 8591 6640 8491 8062 2581 8806 4864 8669 1740 7386 4021 2395 4974 7402 9541 7132 1631 2499 3671 4781 2442 8316 2160 4557 9036 3493 5784 8408 5639 5133 2056 5848 2577 5595 4460 9985 5104 5699 9893 8633 8863 326 6163 8610 6169 2670 6266 5997 9632 5126 2915 1121 7023 8445 92 2338 7639 6009 5367 4280 5081 5812 2240 5382 177 2715 6565 4176 7182 5646 4711 7552 9485 1752 9860 3564 3775 6330 6179 2563 9694 6080 8468 1418 6722 5245 9511 2878 9636 1997 8956 886 8850 3822 2078 3828 5772 7255 1785 8022 3123 3463 8011 9993 3266 7018 3791 1678 9915 525 5212 5501 4194 2811 8328 4145 2218 568 3594 2774 8318 3690 6185 9955 3660 7147 749 4365 8757 2816 2335 2120 2417 8900 9768 2424 9284 152 2060 3835 5602 3471 8696 2543 4691 2050 8898 9929 4793 4270 7603 4078 1002 5820 297 9592 7285 2362 7928 5356 6707 4009 3909 3042 4650 2815 882 9388 4076 5412 3383 2674 7218 2452 7722 841
5268 3767 0 3804 690 8493 3055 9953 3159 3527 1613 5716 7249 5123 6808 4182 5447 1636 8730 483 4542 6112 8564 5540 8250 2294 5887 9479 9202 3143 2497 1591 8554 9792 4200 9890 3097 2427 6779 1146 3473 3563 591 7533 6489 6800 427 6004 2503 8263 2539 6657 373 1247 5612 7625 2755 5068 5503 6649 5365 5001 5967 7439 5100 6945 9286 4583 263 2164 478 5130 6449 1224 2410 578 6877 1905 1310 1835 3102 9072 6918 3860 7588 275 7131 6339 6979 2896 1695 6816 9474 8202 3923 4096 3833 5393 6129 3143 3491 600 6019 4767 3213 5311 1711 1081 2275 30 9724 4004 1619 5243 9792 9535 6096 472 4477 7878 3462 1908 8511 5166 4582 5897 346 5127 5114 1115 6044 2899 7027 168 3669 5409 4859 4502 187 484 1656 7536 1354 9608 8231 3204 8949 1927 6514 122 5179 9255 2849 5918 3558 13 6564 2324 9398 6985 7397 2635 4636 3680 1736 7268 8883 9606 1571 6177 4670 7205 3399 8090 7851 9903 6020 7950 2263 2481 968 3104 1537 6094 9053 6421 5618 7037 5265 3219 9842 2002 4188 4705 4251 9974 4977 7323 9521 5737 5987 3988 3348 9135 5555 9334 6893 3154 4650 1999 125 3608 109 1740 9377 2734 8753 3566 1507 9296 8743 3473 3424 2859 684 3772 7466 1897 6579 7105 1314 1231 6143 4746 3488 1871 5197 5285 7162 5102 304 8727 5491 9782 6363 2087 142 8067 6626 5546
3131 3186 3804 0 1141 7469 2907 1070 6444 1826 9272 9875 1203 994 7406 9304 4849 6073 4348 1504 6354 2720 2660 8113 91 3381 2629 3835 4696 2513 4472 5306 4945 1690 8194 2975 1810 4299 4545 1228 2124 4973 5615 7038 5296 3623 9448 662 3404 1295 7612 4403 9937 2100 1201 6582 6430 1215 6098 9391 1983 860 6065 8285 2132 3290 2100 7399 6492 3632 652 3441 4358 8156 2676 1181 7496 2109 4683 5589 9929 4371 7752 721 7691 7147 1504 9043 7676 9106 9771 1201 3657 5157 6765 6060 5368 3132 7211 2592 3900 7299 8607 4356 1613 8978 1031 167 4291 1182 799 8112 844 7746 4454 5607 7222 7583 952 4037 2928 9301 9151 7776 439 2702 4630 5953 2326 8495 3201 6757 8570 2593 9937 1277 4516 2899 7265 4151 1691 7377 3671 2765 6666 3720 7648 1873 2255 2832 2511 7704 3948 4440 8559 2717 9658 600 4584 2787 6205 957 1178 1889 703 9851 9322 4095 6111 440 484 3774 6162 8060 1264 1863 7522 8444 7273 2646 575 8970 2089 4007 5846 1505 9699 6621 8561 9869 663 2896 7505 380 3412 7428 3642 1696 2098 1706 5799 8992 2547 7795 2329 9072 4299 220 5696 5100 3297 93 1882 5683 2817 6195 5863 4470 9071 217 3119 3515 8299 7948 7840 5558 6835 6616 9535 6630 4527 2236 1199 5886 6428 5532 9035 2327 1853 3158 2720 6168 9958 1812 6867 5066 6398 2366 1164 637
8709 4919 690 1141 0 3486 280 3476 7002 5445 8549 4621 3469 9323 7555 4657 1002 5368 8725 3103 4093 8246 5860 5305 3107 7328 8627 5659 9497 6021 677 1019 1558 8078 4610 4123 8433 9937 3762 4387 9691 2630 9992 6350 9680 2709 1788 3452 34 3935 3020 5455 1352 7256 4897 2933 2418 4297 2900 6125 9528 188 8478 6179 8348 5098 4285 7943 5045 6743 2128 1483 3936 540 5179 8235 515 6110 82 7916 212 9706 4162 1049 4546 3424 1624 2358 4238 4054 8641 7957 2310 2534 3578 8466 8460 4684 9721 6543 773 3996 2934 9878 7324 2857 6752 8424 1908 4431 169 4115 5471 9050 7291 3218 4964 2480 3050 984 9782 2433 4316 9440 7467 5164 6490 4013 5273 3840 641 6695 434 5663 9908 4795 2021 4391 7647 2341 1214 1188 2840 3358 2669 5722 2178 9572 9618 835 1563 1562 5904 5285 2922 5099 9975 334 8237 8586 5911 9728 3118 7668 6610 3866 8137 8429 1869 8878 9884 2547 3454 1773 1092 8753 1730 5334 1056 5124 3352 3976 9379 5698 1703 8523 3817 9942 1697 7514 8146 2952 2556 9421 2326 9719 459 1334 3895 1729 6108 355 3179 5260 8569 6383 8632 6477 8533 7540 486 3280 5825 727 2530 1501 7005 8265 4243 2569 3549 6030 2848 2597 9986 2244 9247 7873 3286 8956 9814 6904 6247 5548 3747 3239 2732 9324 4090 2649 2089 6117 6799 1442 1042 6829 5591 8027 7845 2312
8738 8180 8493 7469 3486 0 6733 5343 3788 9039 3334 8836 3025 7537 3094 1945 8519 103 8395 376 3386 5327 3134 9644 3869 8979 8383 1747 604 2953 2694 2937 903 2549 2135 8794 6901 4596 6749 8023 2358 4780 7911 5551 3685 7379 4487 2901 5932 2264 7395 3679 4553 3403 8240 4066 2059 4227 5192 9295 1536 3017 9565 4546 4790 300 3962 9075 5672 2349 5547 36 7052 1187 9544 5455 2411 6983 2910 9478 569 194 1198 8203 6457 7453 5486 1835 1233 2066 3949 6099 9989 1414 5957 4139 4937 3273 1524 9780 2804 2910 1231 2982 5793 8239 6563 4685 5667 3352 6371 3362 8335 1663 6475 8243 1474 6696 4057 2700 5379 4238 5763 8293 4282 2495 2622 7304 1587 7865 1852 3314 2492 1407 3586 7256 8593 1458 8393 7282 6561 8325 583 2735 7296 1460 3239 369 5810 140 3461 2492 9401 4520 6336 566 6946 1741 4937 5162 7648 7275 6057 5031 3024 4619 6170 4471 7342 5492 6745 7021 8664 2804 9787 4319 8473 1284 3361 2639 4150 5628 7586 9225 1307 8141 3471 512 1086 861 3715 3068 9837 9955 1753 7933 2036 9082 2437 150 1638 6540 8140 1582 9884 2807 1129 8701 5329 9927 4214 1935 8851 7768 9580 2439 6939 8341 9402 525 7977 4877 5578 2589 6938 4238 5885 987 3926 9468 6222 5965 2854 9023 7749 5192 9028 3913 9120 7702 2852 9417 6174 2070 9130 3030 452 6830 3035 4346
8504 3393 3055 2907 280 6733 0 9713 3594 6481 9714 3934 3786 6084 6431 1988 1083 1685 2919 7289 334 7023 1178 1120 3260 2376 6214 7742 4620 8849 6877 3543 6336 1378 6601 7837 3683 6476 6860 9279 7044 2649 2215 737 1802 1873 8426 5895 4472 5868 9537 4363 4414 9083 3603 6899 1606 6984 2849 7888 2641 1537 4545 450 6291 203 2506 5293 4884 8517 1101 5227 2089 8679 4741 4445 7319 5061 2665 7159 4859 7141 4706 8078 2605 7968 405 443 7316 8554 1705 4734 1585 7876 6897 5076 8365 498 9627 1694 5468 7705 6036 3601 1513 7576 7964 4015 7015 5575 7678 6671 6199 4011 8587 1910 3087 6081 9541 4907 2462 6203 4048 1667 9640 6894 607 8118 7727 5193 2615 7481 4175 6789 6459 862 9283 314 4555 7370 7631 6900 1239 8227 4135 4916 4729 1849 3247 2186 4742 9934 794 5247 5678 2697 5974 4733 8224 1581 1509 7282 6728 4848 9789 4643 1569 6868 446 3661 5350 6525 4256 8356 3881 6308 862 5991 7852 3944 5567 7620 1040 5070 7815 1458 5667 5210 2902 6387 9945 7811 7681 9187 6911 663 1778 277 4444 5394 9669 8233 7211 7902 3267 8838 4702 8149 3038 4799 5139 6848 3999 5682 7425 376 818 8487 7278 5126 3761 8012 9849 9918 1095 4772 227 4585 3344 6252 309 5776 3441 7131 5816 2952 7869 8170 6648 4310 4716 5783 905 3227 4837 2618 9499 998 4319 3890
6419 9364 9953 1070 3476 5343 9713 0 4946 942 1978 8121 4693 5432 909 8841 3446 3173 2679 9322 9237 6788 9894 7842 4058 1239 7708 2577 2005 3019 4893 4378 534 4826 5161 9485 1388 7509 6840 7469 7897 9579 5821 6515 4118 6776 6170 1097 8723 3709 7057 8054 1821 6803 5532 9268 4614 8113 552 1733 7941 1973 4021 8592 3076 9760 2735 1071 2211 522 3192 1120 285 2272 7933 8953 1817 243 8072 3267 9811 6320 3883 9487 4435 7130 5777 3058 248 4352 3742 5355 4541 8436 6255 8752 9565 1666 6039 4201 1218 8220 3270 3526 3411 9826 1673 1456 8784 2218 5161 6404 5800 6424 4267 8498 489 1577 436 3711 6242 5637 8043 8805 5990 1884 9077 7869 2172 13 3316 8424 3215 1104 6297 6297 5328 5850 7151 9526 8192 4815 8043 4668 104 6982 4098 112 9015 603 9921 9570 5213 3283 7481 8297 8358 8620 1144 577 4061 4642 5088 3415 4763 7424 7422 9441 1914 3604 8633 3490 8189 9670 6332 770 4304 8868 1519 6103 7149 2065 398 2746 9507 261 3874 8252 1790 5477 3423 4252 8517 615 2312 5221 7048 2265 3838 452 5324 9653 6334 204 3796 970 9342 8409 2095 1074 4549 7640 4934 5087 4031 1151 132 4542 8753 8284 49 5566 2126 7571 7952 690 2559 6664 3655 7918 7685 429 9145 3362 7618 3635 429 4736 6417 1017 4267 897 6884 9466 4626 2960 4541 5678 7646 4229
6268 914 3159 6444 7002 3788 3594 4946 0 665 7696 5727 3650 2109 2055 6889 7368 783 4483 2121 596 5270 6182 9020 8160 1435 8758 852 6338 6376 5852 8251 4222 8997 2498 9771 8788 1148 9360 9043 5896 4256 1361 89 3834 5750 8338 115 4287 7488 3774 596 7456 5743 3822 6147 6173 9222 1573 4117 8011 6355 1279 3372 9777 2070 2332 7179 9672 3627 6417 4984 6819 2118 7643 7628 9314 9366 7745 3193 5748 9719 5324 1163 4805 5196 9759 9263 9612 6490 6154 6911 3970 2269 3199 3131 619 7302 6613 6265 84 3586 5633 4406 2064 2700 6020 7738 7338 3585 4303 1212 991 472 4195 3368 1546 2186 7172 8905 5741 6951 1166 7436 1849 3369 9110 9102 5485 0 8635 7203 6135 8022 5782 3161 5462 1020 908 9356 8541 4503 9957 2917 1644 5073 1389 7761 2296 4015 9371 4958 1556 9749 9812 9154 9049 1614 6310 8213 9188 47 1216 149 757 5337 5954 8894 8560 2064 1362 2386 8902 7435 6905 5762 845 8688 6201 7299 9308 8965 4210 3019 2697 2596 600 7423 1847 1646 3419 4229 6280 8321 271 4785 4826 796 716 2272 7828 7157 9296 5265 5374 540 7070 7189 2239 9982 5817 6217 4794 8019 4354 1957 4164 6135 8623 4263 2747 7475 307 5255 1954 8686 1310 7435 6859 4704 5783 1368 9172 8236 7057 8093 5991 9183 1867 9549 6102 4469 1702 7341 5599 9859 5188 9875 2308 4197
2762 7933 3527 1826 5445 9039 6481 942 665 0 5995 6397 5842 9006 1241 8649 2239 8070 8911 8152 2159 4967 6982 5178 7369 410 4425 239 1236 5670 2347 7904 3884 259 6695 8308 1365 5216 9366 9999 1158 4462 2415 2943 7470 6914 2760 5837 4649 3653 4280 457 8706 700 1489 8295 4852 2748 6123 5749 1112 3319 8517 8950 4537 5279 5413 8217 7953 2612 170 2588 3834 6939 3930 1163 6448 8422 7615 9542 1107 4146 7826 5308 4990 9746 6837 6707 2581 2205 9477 6449 2805 4917 2461 6416 5010 9468 1617 1717 2320 4219 5141 9717 1433 5416 7916 830 4952 3191 4914 5820 2145 480 691 6589 503 1362 7659 7076 9216 4069 8565 6334 8111 7580 6077 2911 1915 6796 1196 3589 8289 5062 4018 4557 1497 4607 4609 3237 3594 2646 367 647 264 3959 2895 201 1793 9304 2619 8694 2524 1875 6294 6084 8916 5921 6353 9695 6224 3647 9507 1476 2718 3190 662 6269 3405 638 1992 5830 1537 7949 6919 4688 4758 2823 4813 2268 3966 2723 6327 9831 4214 1413 8915 7310 7903 7713 729 7404 9335 9129 9341 8425 4832 8531 2084 9820 6334 9128 7710 2576 5021 8813 8827 6515 2912 1965 4935 9496 7688 1074 9835 7406 7250 2880 3861 1762 9301 750 6365 1714 9668 7644 5470 5534 185 604 8928 6589 4788 3989 2502 547 1669 3368 303 3220 5750 6145 9080 6507 2406 3223 6559 6192 10 5550
806 8891 1613 9272 8549 3334 9714 1978 7696 5995 0 6123 2507 9475 1314 2419 345 5233 552 2077 4790 3015 7139 6995 5670 4364 512 1543 2073 5643 3633 6763 8046 3800 7861 7719 7236 3848 1210 1682 2981 2221 7269 2409 5903 9488 5681 3242 5057 1867 7819 4796 573 4854 8047 4423 2839 7191 1026 1787 4047 9578 895 6873 9068 7266 7872 3510 2654 7627 9596 5554 2720 4395 4495 4146 8376 8917 3517 4034 2023 4510 9442 845 7599 4874 9930 1969 7038 2221 5083 2819 8338 7059 3160 4392 8304 8999 4326 6298 2394 9718 6167 872 8858 3728 3201 9937 1197 4069 4996 5771 697 9932 7203 1092 675 7458 4169 6139 990 511 5271 5095 3706 4537 5879 674 2012 8380 4837 2194 7212 144 74 5044 5358 4450 8404 5654 730 1716 522 5463 7285 3809 7013 8782 7059 4955 4584 1569 9327 5453 3555 5088 8975 384 1552 8838 7254 3344 5356 8692 7641 6629 547 106 5230 8017 5539 5866 703 64 3255 7609 2487 3581 8156 9404 9452 5509 1938 9109 531 29 9371 7200 8631 3350 8043 2262 8368 7899 823 8358 7998 1192 7389 6663 6733 9822 9555 9986 2032 466 3635 1252 187 8708 9453 1078 572 4021 6397 8506 695 9478 9407 380 1919 5593 3845 8666 916 2621 8923 660 7942 7272 9976 6677 3698 9181 8069 7383 5849 483 2969 4166 3158 7017 6708 9448 6128 723 413 2365 7184 3293
5400 1397 5716 9875 4621 8836 3934 8121 5727 6397 6123 0 8672 3949 3415 406 6460 1573 2166 2836 8169 2827 158 4984 4133 9068 2281 8569 4480 9939 1663 3441 8685 4503 7479 8887 7168 7074 1600 9489 5801 3910 7551 8627 5037 2062 9743 4391 1263 2752 9087 673 5193 3562 592 5834 2897 1926 1315 9238 6077 7491 3169 1398 7292 1644 2660 595 3189 9912 3427 6330 3250 6366 2124 3762 3155 3297 6853 2950 9127 8541 3792 1425 9993 7151 1379 1007 6690 8626 1375 4112 2594 9060 8868 4211 5976 9598 3368 8262 4176 5440 2285 9207 3531 1884 4774 6708 1733 5329 7604 3314 3408 9710 6596 5704 105 5281 3995 2497 1119 9451 5090 3438 4873 7341 732 1047 1798 7851 7968 7242 2824 7900 6629 1676 6198 1223 6296 8679 4755 6657 2608 5199 9574 8827 1083 6514 4552 7605 5722 3608 3484 7140 1985 6121 8037 9800 6118 4321 7050 9702 6045 2707 4769 1529 374 8808 465 6455 9242 6265 1186 7182 2947 102 3791 8022 6179 4623 9336 7344 515 4539 3087 6629 704 349 8560 2327 4838 3892 9556 5763 8122 8828 3617 7504 6821 7910 3664 3358 2718 7798 1726 3782 8743 4135 4049 2915 8385 4606 8458 207 7287 7264 4878 1349 5703 3550 9395 833 7136 6768 2140 2237 3052 7465 6648 2870 612 8966 9154 2580 3798 4159 6725 6257 2361 8825 5214 9473 923 7336 824 4425 2069 5277 1450 7708
2805 3346 7249 1203 3469 3025 3786 4693 3650 5842 2507 8672 0 8601 3288 7 277 8102 9017 1095 2600 4899 7753 1695 7157 2745 8469 5133 6977 5843 1446 9122 3660 9422 5351 4680 7167 3612 2917 7205 8819 3917 3558 6162 4425 1918 452 2898 1644 2196 6145 6153 2339 6191 7769 6637 1714 5079 2403 3446 2133 9216 5222 3617 1541 8980 8602 3349 333 1024 4833 6517 4910 381 8453 2955 2614 8477 6409 4664 1302 4712 1082 6332 2768 3786 4551 6119 8511 4517 988 3529 5298 445 9613 9567 8117 7565 2422 5175 3330 5783 7215 5072 4853 9897 8847 1926 1608 2273 6176 8359 679 7139 4029 9570 3933 7592 3741 9937 2502 8224 6529 6883 4965 8761 3451 4148 9841 5948 9140 5402 7840 1785 7104 5469 2035 5140 8238 7723 2724 5840 2595 8701 9301 1156 7004 2279 7956 6826 8780 1810 5091 9104 6494 1606 2748 2988 1433 9439 2647 6036 9526 6138 6780 3663 5435 1243 7215 3975 6578 4858 3626 9797 3237 3699 9640 5905 628 6623 6103 8039 3466 5752 3355 7529 3421 2609 5711 6193 5218 2535 3423 3952 3123 1464 4709 2082 2420 2726 921 2098 3230 9482 9487 9779 4877 1100 6074 3637 9248 9547 9756 6570 3709 9313 6570 9642 6386 9854 3980 4594 6547 8144 2667 7097 5996 3768 9569 720 5451 6884 5970 1048 9131 8653 4886 7315 2886 9909 533 3677 4168 6767 2714 5233 7794 6187 4746 5744
6487 404 5123 994 9323 7537 6084 5432 2109 9006 9475 3949 8601 0 7729 2104 999 5794 998 1390 7882 4001 952 1041 1164 7440 1525 1171 4961 8397 4364 5109 9263 4256 1028 9517 9719 2002 6752 8228 7087 7815 4755 8331 3505 6155 4889 1905 3890 634 8145 6766 6381 2476 4626 3965 6070 1845 6924 5388 4014 9220 5011 699 5204 6722 9458 8998 8133 6790 6306 9819 4302 3085 3925 9863 925 3501 1227 4258 4156 21 2407 3804 661 4674 8163 3765 8273 263 526 1434 9782 9121 472 5445 7718 6385 867 4187 5402 7939 479 4995 1042 3297 9124 6333 5695 718 696 4332 6599 2726 5091 6091 8643 1017 5403 9020 4121 4488 4381 9616 5808 3190 6263 9319 3435 3449 4864 8601 8759 9136 9519 8584 6845 573 5742 3010 3606 4840 1325 2297 9606 9513 4934 2313 4668 5780 9541 9485 797 4149 6916 8139 1968 5717 6893 8869 1648 4170 9044 107 2499 4227 7879 1392 4690 4796 968 6563 576 570 2812 9490 7288 5064 4370 8276 690 8847 8527 1527 8276 7304 2296 8191 9387 7866 1696 407 6673 4221 8391 7048 3987 1539 6558 3868 4369 7243 5656 9268 878 167 5310 8983 5069 8892 6460 6097 6362 1102 3819 6308 2566 6055 7184 324 1067 3254 3895 2648 770 4339 5101 6029 9756 6816 9410 7071 9583 604 1286 1136 3636 2077 8164 3925 4853 9731 3482 7339 2101 3028 7775 6197 1669 1576
6086 5690 6808 7406 7555 3094 6431 909 2055 1241 1314 3415 3288 7729 0 307 569 6347 5773 458 4424 4216 5533 8268 7169 8487 932 9502 2175 658 6219 1364 775 7458 8993 9414 3201 2931 5789 5631 6779 6391 2134 4963 870 9966 8327 6738 2455 6993 5561 857 9249 7939 9721 822 5251 7050 5129 414 303 4765 2317 518 4046 1001 5480 9842 8399 7081 163 7985 2994 2055 991 7916 2369 726 2584 9613 2525 8923 9937 9624 7273 8718 5279 3869 5750 299 2652 61 8 6551 6161 3479 3105 7117 4499 1634 3664 4316 3767 5459 5148 5608 7935 443 6748 2551 5263 7594 2475 7592 1110 733 8968 9489 9441 5991 9553 699 7493 3479 2095 8344 9104 5150 1341 1439 3045 2817 6147 1972 2240 7618 2944 4549 9007 7236 1319 6874 3384 1700 2020 7421 4126 8884 9053 4112 2581 4637 121 6324 7032 3182 1715 6403 5327 7739 8011 3506 246 4410 9882 9874 5640 5471 9628 8706 1652 7484 3515 2374 3611 1097 8923 7722 4346 2005 2565 33 256 6260 6283 7457 3979 8180 4516 691 2317 1710 1962 8462 9712 8588 3981 7508 7614 3308 3892 8568 4963 5688 2187 9443 8914 1357 3149 5546 1631 5251 3527 5595 8233 7255 9650 9474 5540 4785 2219 7946 3729 8086 2845 9689 6099 9761 7023 7905 1326 9978 6305 7322 1642 1366 934 3648 1945 2533 2702 6056 5369 4744 624 2603 7067 8215 9943 9572
4004 6299 4182 9304 4657 1945 1988 8841 6889 8649 2419 406 7 2104 307 0 1944 1004 56 467 8138 2223 7703 3810 4378 4042 7908 7100 4366 2332 258 1829 3412 3674 1533 6309 7503 4356 9824 9891 2127 7062 5517 1439 2840 5370 3237 6464 3321 912 7205 3219 6656 5556 141 1318 5876 4731 7738 7055 1558 6184 1388 2968 4553 6767 9880 8233 7634 5315 9458 3235 711 8388 3024 7644 9574 4507 8164 9567 606 3898 8197 6815 1124 9146 7915 2404 3505 2530 5893 8025 60 9239 3757 4210 9615 7291 1535 6529 3213 3030 2816 2286 1434 628 4661 7538 3527 5014 6025 8865 2315 9351 1870 3403 5960 948 1881 9212 7758 3670 6262 6319 642 2849 9648 9511 2426 2932 9933 254 6967 5034 6609 1954 7161 207 7001 4953 3369 211 3759 4337 700 2335 2971 454 984 6049 5424 725 2560 6401 1694 5269 8541 9068 4217 6811 7203 5807 2508 7377 956 1080 1027 9953 9927 9235 988 9629 9775 3614 124 2434 801 4306 3406 3546 5488 6067 1294 6380 8669 7830 3276 4970 5933 7764 1996 3943 7650 7110 5475 7677 9454 1262 3591 6359 8440 3095 9718 3302 8931 3999 2758 4979 5780 942 9731 3337 543 1370 6784 9297 8042 2343 1917 4815 2063 7361 2189 9990 5421 1031 9754 3594 1273 7748 6190 9819 4690 2224 183 5375 5753 5638 65 9641 480 9649 4263 4358 878 3950 5773 1327 8113 1208
6042 4696 5447 4849 1002 8519 1083 3446 7368 2239 345 6460 277 999 569 1944 0 7855 8385 6984 3822 3911 7832 6155 6565 7857 6162 3700 5663 3173 7407 6259 3180 1233 4498 3427 1559 9471 7137 5304 6780 2907 3726 203 9912 7469 4210 7940 7597 486 8377 9223 7179 1268 6104 79 1478 3172 6069 6909 3760 9025 2266 737 4252 3202 9974 7094 9203 9412 3363 6257 9080 3004 5343 8572 889 9193 8688 6835 9843 6317 963 7421 3789 9029 683 5107 8987 5013 4622 1659 9976 9471 9089 7667 2840 6635 587 9936 4042 7682 4318 492 6985 1528 4540 1331 8140 7929 6919 810 8100 283 494 1577 3627 3690 9195 4906 6533 7876 1010 7336 3635 8490 3297 5920 3293 4890 6035 2008 7871 7872 4137 7747 4634 2874 9928 8210 6381 4007 8129 3966 1030 8122 1866 9972 1889 3882 8659 1416 6937 2634 7360 6068 889 927 2255 5011 8568 9258 9445 9789 6988 9137 1526 8096 8530 7522 1050 8501 8814 7869 4272 2613 4743 5846 4113 4583 5908 6811 4087 6780 7248 6865 9463 5364 1005 5014 3826 6103 4714 7974 9280 9463 2291 2910 1399 590 1421 6865 258 4565 4266 4905 7197 4074 3310 3663 4821 9056 670 6321 2300 7034 1131 7828 1722 5120 8674 8286 5271 3233 4770 4966 1952 7894 597 5486 7358 7751 2544 8752 4058 8037 3373 591 8780 4851 4155 2425 8699 6378 2083 4485 9115 9308 7340 8308
4202 4759 1636 6073 5368 103 1685 3173 783 8070 5233 1573 8102 5794 6347 1004 7855 0 2178 4104 1953 340 2774 5511 4414 1530 7021 468 8362 4381 5777 7857 9533 1920 4620 8569 9685 2895 3042 2304 661 1894 5993 4442 6776 269 5922 3989 4610 1476 2880 3518 9550 1433 7653 3044 8479 6286 3608 3595 695 8021 8986 2321 7782 5323 3265 9861 9454 1066 5212 6704 9276 875 7760 1122 8825 5532 8102 8693 1249 9004 5026 2712 2626 5536 8177 5795 8079 8920 399 8992 8182 774 1980 6160 3882 8534 5933 9123 2535 6300 2515 528 5034 6233 4182 1552 639 9901 1691 3393 2936 1650 8789 8342 1427 9634 7863 6107 205 5084 3615 3748 3382 1300 3514 768 7259 5024 3417 6645 6957 4755 3842 7901 7532 8694 2109 3997 2370 4965 4822 3375 8227 4152 4772 7003 1637 4175 1994 2078 1464 9245 177 3336 1726 640 202 3697 2063 6097 5635 5291 1544 2794 634 9585 2938 415 2519 9918 9293 723 2534 6899 6052 891 1177 4785 779 1740 4520 2411 5939 6665 8341 6203 9382 8904 6992 133 3037 8545 8173 837 751 3035 199 4092 1950 3126 4939 6839 2550 6619 580 5914 4847 7064 8851 1926 6800 2303 6627 480 3197 2722 2870 8456 3628 5304 8413 5782 5328 4134 1312 652 4894 4546 5001 1691 5814 5491 8129 1503 8200 9830 3532 5867 4677 6308 6714 1924 6265 7847 1018 1873 1815 1058
2181 4194 8730 4348 8725 8395 2919 2679 4483 8911 552 2166 9017 998 5773 56 8385 2178 0 1244 8366 4634 4792 5303 2529 396 8510 6220 2908 6631 9351 9422 5684 5088 8739 3339 4648 3297 2725 8742 44 6094 4713 9027 5086 4978 8127 5296 9227 780 4333 4587 7151 3012 1578 9264 2169 8363 4717 9294 7604 5557 2637 1757 8415 6221 2016 7420 6864 4113 284 4342 4946 319 5023 8478 7492 7843 5745 5283 2437 7735 701 702 435 5755 8565 2324 2009 8194 1337 8146 7730 8213 2890 70 1388 7382 9088 5877 414 2856 1307 9975 8687 3783 1289 1187 1587 1670 304 6995 3298 1278 5428 7049 6505 7992 2497 4760 842 2354 8877 9652 946 2272 8770 6406 1744 2890 4006 3353 8327 8865 9363 7590 5360 4932 392 7009 7345 7246 3812 4857 5896 5278 4196 4018 8022 2533 842 3220 8845 211 9033 3666 2712 9852 122 265 4011 6834 2507 2338 4529 1569 1720 822 7672 9379 94 1228 171 1180 4919 2755 2466 4245 2129 990 5324 8021 4557 3573 8526 4129 6971 8393 2225 6712 6562 645 4214 7736 4122 7270 7809 8791 909 7988 1348 6669 1876 4753 7581 8735 6275 2509 9681 1617 8620 101 713 8929 6344 6353 4894 1424 7612 633 3878 5352 8849 903 4387 352 8258 7408 4648 7989 2621 9149 3906 2896 8916 461 1229 6725 1381 210 4937 9231 4062 7583 4640 6763 2875 1959 7293 56
5933 4161 483 1504 3103 376 7289 9322 2121 8152 2077 2836 1095 1390 458 467 6984 4104 1244 0 9276 131 6605 1163 5643 4173 6006 9259 3256 8382 6691 3026 8005 5328 967 7979 8167 4847 241 5379 1785 9583 2774 4682 6341 4185 7779 6805 1351 7102 6921 7972 1173 4638 3242 4989 371 9862 4658 3792 331 9731 3794 8463 7557 2537 2572 6738 1000 1085 9920 5090 6379 2121 4447 5473 6729 9857 8052 8516 5864 6681 3091 3326 4246 8910 755 7045 2135 6130 586 7574 308 9605 5135 1153 6330 4288 8578 6500 1083 9096 966 5247 2591 1184 4112 9815 5505 3915 7475 6994 5150 1186 8362 3197 5976 3618 8241 3834 7005 971 1209 5278 5885 7983 9749 4875 7338 4337 4864 7517 3431 323 3489 3840 5559 9429 6184 329 7396 7914 6341 5086 5350 9725 7778 7471 598 8582 1752 9945 8473 5144 1799 5357 9707 5804 5914 5560 84 6720 6235 2023 5715 15 2384 9812 8871 3333 17 6040 9337 4200 3618 6057 5758 5159 1835 6191 4384 4384 2642 6426 9587 3118 7384 2969 4395 2183 1873 8946 5679 5365 4967 5807 3642 7586 6724 1661 5010 4331 7781 3937 1821 7710 6530 936 5849 3473 5915 3301 1396 1338 4985 6534 4508 9817 8175 9536 9833 9940 8233 4542 7818 3195 9152 3821 5709 4914 7108 9404 2307 947 1732 1323 1436 3692 6836 2090 3780 4347 1876 406 2505 6027 4768 675 7486 1990
8691 847 4542 6354 4093 3386 334 9237 596 2159 4790 8169 2600 7882 4424 8138 3822 1953 8366 9276 0 56 72 1016 3146 380 8254 8758 9078 6051 3854 5626 1891 5218 7085 3473 3889 6775 5955 5666 9182 4387 5047 6210 2427 4886 5206 9536 6469 2949 5209 8271 6774 6205 5088 7720 8607 600 5929 4618 2862 6900 1972 7063 2055 1158 5071 5219 3667 8487 728 2090 4740 3357 5718 1938 6694 9591 3205 1430 572 8205 9374 3939 6669 2392 8096 6735 1789 3337 3216 7012 1741 2312 5789 4976 2794 1885 8788 7434 8542 9696 9056 2181 3184 6582 9563 9186 139 795 9967 6965 5952 3755 8145 6112 2005 8279 6319 9569 8516 8162 1428 6089 752 6590 1487 9600 6246 7912 3164 8669 3320 3471 1680 3993 7731 1 7140 8368 4221 2800 2334 3341 9849 526 1246 9827 1105 3314 8628 6687 7097 4570 741 4545 7328 6586 2432 7427 9085 6274 1141 513 2626 8360 508 5580 4703 9116 265 3643 4101 1287 7100 1571 4278 1615 3543 2836 9339 3499 7883 9025 5989 836 8022 6062 1896 5274 3449 1950 3066 6016 3546 771 5232 98 2698 8520 960 4124 86 2938 234 9737 8011 4910 4210 4923 3763 8965 1165 8325 1359 7305 6649 554 2140 943 243 4500 7117 560 801 2996 8992 9939 1853 1329 8722 6517 5313 7036 1160 9868 3652 6994 2077 443 9994 3111 3746 3086 6595 507 3877 7742 1721 8656
2615 7052 6112 2720 8246 5327 7023 6788 5270 4967 3015 2827 4899 4001 4216 2223 3911 340 4634 131 56 0 5837 9918 4063 8225 9755 2693 5765 3494 3486 3682 1492 4749 3234 7068 5683 485 5872 4635 2474 745 64 6707 6422 2338 6074 8449 7747 8080 9303 3062 7174 8727 7464 2275 2823 3455 2233 2711 8414 5104 3517 1190 7962 10000 5156 5593 5237 2621 9636 8143 7902 7342 5920 126 9884 6451 5807 2639 7021 6865 1594 5838 7675 7278 2408 4564 6779 6609 6060 348 9298 750 250 6395 1146 4981 1658 6292 1773 710 7046 694 1643 7119 1742 4979 6611 2998 5534 2034 8980 2983 838 9021 2427 2065 6799 8354 8437 9452 9011 35 10 8537 1495 1657 52 1381 6363 5793 142 6967 855 8827 5194 7089 3752 6317 5904 7869 1933 9323 2367 544 4671 6901 7462 2249 4123 2525 1854 9043 1550 878 9173 4434 6315 1750 3357 9994 4788 8598 9637 305 3778 6784 5 1858 6255 5964 7763 8598 8215 5595 6449 6522 362 9354 8122 5823 5047 4709 1934 9945 6564 6841 2312 35 4716 470 3790 247 4900 8251 5428 7193 4582 2965 5594 9168 3971 1838 3180 2436 7348 5741 4709 1481 4025 6092 7817 2808 8367 9381 1905 8880 2392 2536 243 3958 5770 2626 2155 3448 3171 5005 9626 4260 9620 6696 5473 4402 7772 2362 3295 1825 5157 7366 5319 1615 4649 622 7456 6472 309 9694 8794 7328
3912 6095 8564 2660 5860 3134 1178 9894 6182 6982 7139 158 7753 952 5533 7703 7832 2774 4792 6605 72 5837 0 3566 5396 6491 4215 1973 7338 70 7122 5699 222 1323 1782 3674 7937 8230 162 4677 1478 3282 4529 5743 5739 6393 6067 2737 9864 93 2790 59 8041 2549 1233 7388 1662 6783 3951 9726 1813 3356 1054 9440 5815 4486 4452 6320 1278 7031 5343 9822 7866 9245 6137 9836 9478 1044 2984 706 7510 4519 4369 5301 6558 2539 6609 2468 7287 8749 756 2439 9356 2871 3423 629 501 2948 3957 3897 4637 1445 4146 2516 2608 6008 4994 5342 4168 8487 6349 4160 967 1523 3138 6695 3322 8958 3707 8845 5929 356 7202 7993 2204 6587 5778 8325 3126 4959 7792 5531 3876 6905 7919 1658 4602 4269 4177 4484 8378 8687 1276 5465 9530 6841 5931 8451 6427 4033 9583 5941 4773 9211 1655 4671 5454 8602 8178 4127 1338 9501 7282 4779 1638 753 7609 8180 1322 7361 3532 9572 4718 1320 6612 6302 4681 9042 1195 9378 4803 9800 5619 886 9388 7867 2754 7767 7829 3267 5381 7141 1146 91 3597 8586 8274 178 4180 4450 7672 6524 6576 7749 6615 3797 5543 1333 8220 9463 507 2730 9411 2308 5081 5310 6901 7082 6425 3297 9359 7508 8913 6091 2551 9895 6370 8428 6108 826 6152 4964 9917 8109 8622 2109 7662 2276 1405 4908 6628 4048 3496 981 4577 8452 7206 5412 5337 3360
3786 8009 5540 8113 5305 9644 1120 7842 9020 5178 6995 4984 1695 1041 8268 3810 6155 5511 5303 1163 1016 9918 3566 0 4387 209 7917 949 2972 6720 8688 1428 6240 9398 1048 8700 1573 6930 4807 5596 3285 6944 7705 7274 5835 9812 3243 3518 335 5703 9217 9901 3747 3220 3938 7330 6375 9740 3616 1322 9667 9029 2491 8365 7756 1756 5702 3006 6359 5361 7199 8770 9855 2830 5073 3910 8209 4112 5303 3060 4625 4104 1 2782 1698 6432 973 6744 7895 9068 6437 9568 5338 6201 2530 8788 6377 8517 8660 6408 2402 8719 4406 8939 7478 5441 4382 917 7019 3124 532 4597 4947 7691 8624 4460 4088 581 6110 502 1356 6781 6245 7020 1755 1038 8021 7266 4742 2782 340 6979 8568 5205 9184 6949 981 2688 2323 5980 931 5569 5002 557 8812 809 8666 2198 219 2373 4792 6127 4492 1721 9807 315 913 9430 8584 598 1402 194 4292 6731 9498 5334 9355 5947 7672 2453 7367 7133 1542 6007 8194 5206 279 1850 6691 3118 789 4483 4720 4964 2465 8354 5313 382 1816 8592 709 7168 404 4519 8350 3188 5302 2499 8829 3022 9462 6599 6080 6951 2640 5457 9348 3226 2957 8677 9262 7356 9713 4676 8081 1481 3875 8261 1519 4466 3933 8695 4041 9129 600 5412 5957 7694 4894 8125 3875 3043 6951 9649 3417 3750 43 8861 8184 4744 5384 3524 9199 6565 482 9824 3334 9611 3443 5585
5429 8314 8250 91 3107 3869 3260 4058 8160 7369 5670 4133 7157 1164 7169 4378 6565 4414 2529 5643 3146 4063 5396 4387 0 9712 7719 3387 5789 8121 384 8785 3488 4582 2362 906 3286 6003 5598 8458 9789 7579 4563 595 4867 8927 6263 5286 8856 4484 3683 8696 7572 5270 5677 2144 156 4444 4658 1384 103 8673 48 8418 7699 9000 6232 9544 5060 4171 2992 3269 5049 6770 1821 4201 8748 5389 7700 2754 2378 9368 8564 8559 4665 2360 9754 6809 396 7102 3050 9939 5606 3256 1814 1317 7456 5000 8309 2084 2154 118 1667 5493 5692 8336 5025 287 5287 6661 9482 3017 672 8168 2531 4780 2788 241 9730 4953 6237 6142 3472 3780 6 5767 7988 2232 6608 1738 6379 3969 8894 6310 922 5349 2574 603 3737 8025 4972 3887 8950 6388 8234 5155 842 3243 7127 465 288 6587 3667 6819 4073 664 6511 695 1540 8575 6951 5948 7331 2986 7609 9919 5198 8913 8213 5658 5491 411 2879 4644 779 7837 7388 7765 7653 1848 2834 4234 4175 6941 4825 9227 4752 8175 3443 8586 4991 9088 4411 1482 6418 3211 4741 6860 3047 744 8356 842 7456 2068 1724 3940 6257 2090 2234 7932 7990 4580 6393 8882 8359 7743 9273 6589 5550 4215 1820 8489 6735 9894 253 4708 5444 9394 8979 9881 9552 9307 8330 8278 7365 2060 8076 7023 79 135 853 9883 3537 9510 8718 7494 16 5078 2571 4212
7111 7050 2294 3381 7328 8979 2376 1239 1435 410 4364 9068 2745 7440 8487 4042 7857 1530 396 4173 380 8225 6491 209 9712 0 8877 5625 4990 2862 8909 4792 597 9014 8661 7252 9711 8490 3695 8271 5059 1246 9818 7097 6263 2496 7277 8570 8055 7404 3045 9066 2698 1135 293 4383 8377 8099 1948 1751 9054 657 4304 2847 8417 1134 4619 5286 2952 9377 9319 3434 8712 5155 3022 7703 370 5108 5902 5615 3561 8660 2157 7703 3169 580 9241 8936 8740 9218 7963 5532 5457 7461 9830 192 1157 653 5897 2632 6417 6420 3617 5486 9838 301 1598 6672 1348 1668 6992 2013 7128 2255 1879 6088 4917 3647 1020 5544 5916 1484 1463 458 1068 699 4869 3529 5454 1 1293 7379 1178 4531 1523 3985 600 738 553 4984 479 1435 6999 1725 1551 7019 373 2998 5696 6299 2179 2196 7243 2967 7434 8318 4354 9730 7567 8109 2424 9261 5964 2355 9126 7149 1063 7504 4529 2589 6179 8798 79 2718 9064 5523 3151 5742 6201 6849 8559 806 1589 3965 3852 7505 2370 3127 4336 5192 5497 6028 467 5037 833 4262 3186 8029 1530 2862 1505 6333 6809 1130 2216 2559 6686 9208 2761 3380 4308 7073 1818 8117 4396 9717 7804 2340 2447 5363 5562 9359 2174 9064 3867 4294 6622 9226 1180 7846 9828 8805 1715 2814 1659 7469 4697 462 4183 612 6162 5541 3053 6154 4657 8202 5304 2243 8824 4925
284 3413 5887 2629 8627 8383 6214 7708 8758 4425 512 2281 8469 1525 932 7908 6162 7021 8510 6006 8254 9755 4215 7917 7719 8877 0 4450 2493 3002 2661 126 1389 643 5841 850 3406 8743 310 9156 1832 3841 9047 4306 3034 5269 1853 3973 6705 5978 5159 3354 7316 5171 8102 799 6801 4617 6941 4456 3008 7844 7937 6357 2755 1763 7771 5757 603 6798 9553 9348 652 9785 4480 1428 4081 3326 494 3957 9353 3 6056 3731 2869 6550 5716 7833 9897 1163 7415 3904 9579 6335 3415 7650 3285 1290 125 5355 8887 1463 6091 8097 2437 3737 9723 138 9892 5646 4652 5143 1677 7162 7732 3459 8330 3594 4939 7627 3022 389 5089 5033 8901 5095 5236 9450 5561 7520 6590 8492 3852 4771 6220 1472 8690 6205 9399 442 833 786 5634 5812 8716 8193 7763 2344 8181 5808 1252 85 8804 1422 6811 5723 8142 7296 7999 5764 7788 2867 284 7769 2823 1236 8676 6752 6740 9583 670 2141 8897 5301 9343 9172 1 5119 2617 5277 132 9260 4918 3074 1679 2724 4857 1235 2641 7124 3723 1156 9041 1865 5347 1917 1011 388 7335 7062 9153 9671 4323 2794 1381 9986 4858 7481 9753 3374 5109 827 6579 7614 5437 4594 9878 5540 5794 5042 5137 8025 1688 1431 3902 6337 9444 7565 8950 2200 7365 4678 6950 2933 6831 2058 6856 6572 2745 417 8746 5881 3739 613 6408 9286 5570 2438 380 8808
5368 364 9479 3835 5659 1747 7742 2577 852 239 1543 8569 5133 1171 9502 7100 3700 468 6220 9259 8758 2693 1973 949 3387 5625 4450 0 3589 8665 9948 5366 4339 7386 2534 6110 9483 5793 7529 6397 9825 1223 4448 9418 4751 9474 2321 2518 6821 5970 2811 9603 7746 2711 9018 7058 3922 2921 1676 4878 3530 6197 8611 1364 9005 1870 8794 3797 7971 8476 5017 5702 6150 9037 2131 1663 3510 6892 5768 8616 1589 1544 1877 4484 5231 6133 4228 7933 7086 6344 4024 4814 6099 1500 7599 2772 395 7433 7695 5902 1298 8647 8201 6357 5199 6185 2715 7192 4909 2919 2520 907 6020 7810 1102 7963 4855 3380 8298 6574 7092 4701 6481 3867 9355 9300 498 8516 49 5083 4192 9566 3186 7511 8016 7517 6328 3983 2611 4668 7851 8972 409 3148 1456 5394 7358 9752 7523 1358 3168 9615 4712 6338 6775 925 6357 5413 8431 1437 4654 4548 4311 8015 1663 3421 5641 574 9847 7261 1827 2010 7974 8604 4984 1796 5563 8393 4550 2291 5397 5337 2583 7783 4589 8738 1491 9134 7158 9903 3792 9862 5108 1662 429 194 668 3092 4650 2198 677 3486 8821 5062 3237 109 4367 2050 3245 820 2323 2201 2983 1452 4868 6026 8276 2704 1410 6766 9789 2573 7806 2738 6420 5228 2916 7873 9331 3315 1683 4261 7500 7115 4813 8024 4213 594 8815 5465 7494 9210 5961 9298 7755 4248 1880 5418 68 8460
4689 6766 9202 4696 9497 604 4620 2005 6338 1236 2073 4480 6977 4961 2175 4366 5663 8362 2908 3256 9078 5765 7338 2972 5789 4990 2493 3589 0 3906 7038 6056 8734 5755 8153 2151 2272 5700 8952 8492 439 79 7626 3509 4454 857 2144 4280 8810 458 1042 5283 3689 1542 8521 4307 7186 2731 387 1808 4039 6955 3331 1169 4382 6156 6904 342 1239 4754 2017 8870 5183 5696 8903 8880 9902 5541 8439 1548 389 1276 4636 5424 8558 3002 6182 8271 873 8603 4491 4676 312 4568 4578 4956 1180 5636 7859 2679 2923 9258 2722 6326 8823 3972 8958 4908 4970 9813 9842 8496 5520 3020 7342 9063 1415 8133 3577 8958 7361 5876 2363 1059 6679 2206 6894 3032 8373 3326 496 1755 6305 6732 7629 670 9002 8576 8245 765 1213 744 5292 8360 3867 7073 7269 5208 2186 6208 8529 9444 6945 6423 2867 8992 1683 1219 6434 2619 2541 5836 9872 1715 5193 4020 1362 1339 4028 728 7659 9229 7157 2436 7461 5793 1974 2293 6658 9052 2835 9283 6589 4427 8419 369 4630 9726 7983 5183 8543 7363 6285 249 8647 682 833 2902 1799 3579 4425 744 5041 8278 9377 3595 7007 2282 6986 9346 3535 5663 7519 5295 2230 5359 1528 6908 4824 7724 7305 4898 5866 9917 8476 6588 5213 8682 7241 7707 5654 2674 6442 7368 9169 3874 3157 9231 776 8041 7414 3847 9074 8517 3194 6575 9266 9331 7969 5147
3710 6934 3143 2513 6021 2953 8849 3019 6376 5670 5643 9939 5843 8397 658 2332 3173 4381 6631 8382 6051 3494 70 6720 8121 2862 3002 8665 3906 0 7938 6359 5894 4121 5246 1080 8164 5712 3421 8440 7348 3219 7256 2846 6790 9253 2410 2973 8347 2707 2990 8781 7053 3090 153 6959 3952 8589 5994 5956 9634 9647 2805 2408 5823 6803 7486 1866 7709 4480 2062 6053 7151 7872 1740 822 5958 1794 6094 2938 2118 9027 8893 3548 1647 8854 317 6491 4460 5514 9379 1286 601 8955 7401 2380 2481 9774 872 7944 412 776 7758 4346 3089 3908 7779 4272 8297 9732 5819 6448 4191 9755 4904 1261 2018 4248 5604 9724 9299 4556 5880 1837 6233 4025 9119 7580 9461 3734 9497 1640 6524 8403 7917 8703 776 5095 7559 8307 7308 955 2665 3307 86 9159 7658 1770 1781 6270 4777 6050 853 950 6154 1099 3586 9803 5886 2463 9600 340 2949 626 3781 3232 4476 1009 734 7875 5315 40 8780 2449 481 4136 9999 9058 7990 9304 7193 7599 2198 5523 1373 527 322 64 359 9691 5308 2367 88 279 9151 1325 4997 7390 5962 5158 3764 345 2975 2623 541 9222 2201 7789 9567 6234 6271 1497 3203 1268 7110 2090 8189 3993 8842 9625 5288 8238 3601 2616 3357 8059 2248 9048 4367 3986 2753 5060 984 937 844 5257 5225 9817 1382 8136 6235 9009 8097 3305 9438 8187 7367 6403 5098 546
8763 8658 2497 4472 677 2694 6877 4893 5852 2347 3633 1663 1446 4364 6219 258 7407 5777 9351 6691 3854 3486 7122 8688 384 8909 2661 9948 7038 7938 0 3752 297 66 413 9206 5969 2850 579 6665 7647 2270 2312 9473 9459 2508 8563 8835 7529 8072 3652 4773 2422 3985 2048 6657 5206 8480 8295 6832 2019 3273 9933 3304 3199 4357 6881 7218 5286 4314 8335 7156 8775 4740 8159 4728 4719 6095 6455 2306 9332 7888 4846 5382 3190 996 8708 9161 5737 6575 9368 2810 8203 9326 5297 1111 4632 9842 2383 5834 3632 7680 7838 5137 125 6027 8418 2404 3428 5452 2276 972 3611 4846 9086 3034 9643 860 7149 3202 6863 6075 1486 1209 8453 5357 1276 909 4033 1759 5239 4676 2122 8092 8361 1893 7372 7986 2499 955 3630 7026 2153 1816 6362 5218 5825 1602 9145 6755 1699 9445 8207 884 6443 5879 3855 6155 6707 5915 6723 5890 84 919 556 8779 4334 656 6215 5716 68 2984 3119 817 8863 4584 4892 3603 7479 1954 4701 7119 2665 3340 7895 6978 2075 1180 7060 5890 219 2751 2980 3304 8499 6021 9070 3266 8069 3273 889 4619 2595 4872 7460 5299 5067 7751 104 1342 5844 5240 7258 2751 1410 5176 5240 3249 3222 5729 2909 5822 2678 9718 366 6281 1427 2323 9724 438 9097 9671 7836 5678 2050 9880 7973 4365 3414 2555 9523 4034 1928 5677 1140 5278 4122 6282 186 4955
3919 1118 1591 5306 1019 2937 3543 4378 8251 7904 6763 3441 9122 5109 1364 1829 6259 7857 9422 3026 5626 3682 5699 1428 8785 4792 126 5366 6056 6359 3752 0 2577 1496 5237 499 5205 4801 4383 8048 2609 1305 6079 5417 5051 4677 8881 1660 7596 8548 2494 3403 8986 1459 658 4317 3119 1531 5869 3716 9197 3125 2196 5040 152 1704 8292 3977 7448 8647 1820 6154 7454 3329 5073 2984 9419 8114 5133 9086 6701 5124 9653 6430 2941 4905 959 4591 6958 5507 1700 9612 4877 4341 7892 9174 4106 4696 6187 3102 1485 638 576 1442 5286 9463 4636 6823 8690 8256 5063 2429 6719 9008 1203 1968 5561 9938 2167 6188 6335 2038 1754 4535 1602 9374 3875 5518 2280 1382 231 9593 5545 6116 7957 3951 1975 1871 4976 2376 5790 3416 2545 5912 1046 1974 393 7859 7729 6381 9994 29 7352 7153 182 5466 4915 1684 1974 813 2196 3960 6136 2155 1300 5877 8907 535 8031 7261 2009 3804 9851 3834 4531 1141 544 7495 5593 4933 4539 636 143 9941 5230 1425 2387 4568 4249 6539 7463 4907 4346 8430 9726 1871 9943 1663 7655 7396 514 8170 1304 4407 1688 122 8661 9608 3257 5257 5400 8379 6452 859 4403 9267 6158 9359 6190 7063 2319 4888 9612 5619 6869 2773 7193 4301 829 6901 9799 7855 4561 1178 6056 9658 6556 8811 6482 2860 3601 2991 3936 9506 2568 3928 2621 1419 4876 1927
