50
0 766 659 563 4354 4479 8884 586 1646 4105 1993 8524 223 7105 3877 645 4710 1852 5003 5694 2735 1972 988 9736 8417 4397 1384 7641 9670 8746 2431 7208 2030 8382 2152 4810 6660 9459 4723 4491 3987 1439 8950 4704 7440 9993 9341 3630 6334 3296
766 0 8987 6009 7551 8978 4975 7829 7683 5087 507 3969 5466 3630 3093 8395 8944 6277 9595 6495 194 5777 2659 3908 5307 9120 5332 8051 4422 4666 3541 4841 932 356 2597 9029 1094 9927 5701 7208 1016 8470 6355 7207 5801 1789 8534 3689 2531 6828
659 8987 0 5521 5774 2299 3317 4534 8483 1557 7786 4402 2085 6767 1693 70 6724 9010 9598 1924 8157 6512 9370 2451 6847 4576 9950 1819 6218 7410 7502 4719 5777 4799 5782 6400 8619 9098 9755 6299 5275 110 8184 6236 7275 4915 3018 8796 4981 2375
563 6009 5521 0 7137 9427 6176 9528 3800 1440 5408 5306 9962 3975 5338 3347 6986 175 419 777 4203 9255 8148 4912 8789 5118 8822 7162 8477 8474 7046 6381 7606 5860 667 9743 5752 7423 170 1118 8605 3756 1621 6709 6134 8206 6568 9196 9405 2526
4354 7551 5774 7137 0 3083 6901 7974 6580 7211 9624 5624 8685 1511 2797 5942 5211 6007 1230 5089 8398 2876 1810 4831 5625 8337 6895 2562 8586 4750 8382 3404 8272 3081 6754 2988 985 9256 9881 1746 5786 9336 693 6740 175 45 5025 9059 64 4988
4479 8978 2299 9427 3083 0 6513 1613 9604 252 483 3221 2870 8156 9064 9290 4358 8707 8426 2354 9412 3252 6735 9858 1990 2381 2568 8493 8347 1747 475 1640 1247 2794 8560 8035 7659 7055 1017 204 9483 5289 2358 3903 5797 4512 2775 538 4368 1629
8884 4975 3317 6176 6901 6513 0 9539 1032 5716 3140 7370 6318 320 895 3605 6487 9546 719 7203 894 3904 4085 3651 720 2611 9617 2843 5157 100 7461 4975 6854 9872 4128 8119 1106 3980 6386 9581 3627 6774 5065 6530 7936 367 3987 1433 2842 2784
586 7829 4534 9528 7974 1613 9539 0 5871 6209 3056 125 4762 6488 9200 5946 1882 5488 8744 6317 5503 6605 1072 2019 6918 5754 9074 4013 6346 3132 7651 4646 5643 3885 7136 572 4573 414 5593 2554 3961 2127 1517 3216 4418 8927 2093 9092 7263 7652
1646 7683 8483 3800 6580 9604 1032 5871 0 3935 2608 6027 5782 3546 6638 6175 9514 3408 4870 7798 8271 3349 3723 7416 2145 4272 9764 7214 9626 6029 8759 4034 6621 9964 8359 3482 2056 2011 8405 1498 8889 4430 6304 470 9300 2376 5091 245 6388 1409
4105 5087 1557 1440 7211 252 5716 6209 3935 0 2900 3793 5259 3085 1785 1115 9207 5922 8197 4865 3159 1079 5099 1440 3709 4727 2066 6536 4626 5831 6608 7609 2165 4530 2890 484 6006 5757 6759 413 7578 4070 6562 5769 1600 2976 4775 1887 4438 9976
1993 507 7786 5408 9624 483 3140 3056 2608 2900 0 3591 662 6629 655 9970 2654 7056 3245 4965 2559 6238 642 9049 5094 2943 9249 3729 9341 8157 8532 4173 7125 9425 5718 15 1832 4691 703 9586 9951 775 4005 1821 608 5219 3442 5663 1411 6835
8524 3969 4402 5306 5624 3221 7370 125 6027 3793 3591 0 6449 3617 4606 8639 1473 5718 6946 7250 5575 8242 7418 8333 889 3374 7018 8386 2091 8020 3101 715 9160 4279 2859 8952 2681 3866 8911 4264 4090 972 2753 5862 5689 6744 1516 3299 5088 2247
223 5466 2085 9962 8685 2870 6318 4762 5782 5259 662 6449 0 2237 7969 7909 3897 3960 96 8444 7291 2180 5758 4904 2185 2324 9626 9228 3944 5465 1932 8982 6957 2772 2536 9808 7555 6653 3380 1875 4740 202 5906 7972 3382 711 988 4601 4979 3229
7105 3630 6767 3975 1511 8156 320 6488 3546 3085 6629 3617 2237 0 1811 5061 7340 1851 2643 5316 7292 7678 9325 5946 4743 2754 9134 1176 746 177 7676 7954 1375 5434 9234 4332 1782 8009 7114 8001 3109 8897 5272 136 5886 1490 4685 4119 4030 1280
3877 3093 1693 5338 2797 9064 895 9200 6638 1785 655 4606 7969 1811 0 2271 453 414 6476 2377 4854 6027 3043 8608 2760 1674 5084 5352 6215 3023 5836 5245 3772 6037 2233 9029 6050 4154 3921 945 675 1756 9287 6606 828 3546 8099 6930 8184 2580
645 8395 70 3347 5942 9290 3605 5946 6175 1115 9970 8639 7909 5061 2271 0 4908 9873 9521 1314 2324 3727 2681 2265 7261 6576 1469 654 7200 7854 3126 3576 6102 45 524 8376 6970 2345 4640 1179 906 8431 6901 5548 1027 7187 144 2888 2694 6206
4710 8944 6724 6986 5211 4358 6487 1882 9514 9207 2654 1473 3897 7340 453 4908 0 4845 68 7260 9230 5703 9298 3201 7681 1393 8891 5303 8466 7544 7018 8760 2529 6575 9979 1334 983 5431 9980 4866 9257 9357 6899 6039 7876 2242 4903 5626 8690 456
1852 6277 9010 175 6007 8707 9546 5488 3408 5922 7056 5718 3960 1851 414 9873 4845 0 3094 3645 7329 1396 2407 9487 6095 9091 9515 6821 5898 8683 3936 9253 7231 6493 4277 1871 3723 2957 3323 8980 1839 3625 4153 1555 3072 8696 4121 8016 3719 9077
5003 9595 9598 419 1230 8426 719 8744 4870 8197 3245 6946 96 2643 6476 9521 68 3094 0 7506 3711 8867 9383 1851 8408 9641 9287 1314 6685 1203 7201 2200 8243 9020 8310 1877 8440 1672 7536 6421 8917 2805 3139 9224 7784 1525 2241 6117 942 6624
5694 6495 1924 777 5089 2354 7203 6317 7798 4865 4965 7250 8444 5316 2377 1314 7260 3645 7506 0 3881 773 6100 683 248 9737 3491 7531 4914 1974 2221 6979 1436 3303 9223 1879 5810 2752 6012 5593 190 4188 2010 3920 6111 8407 8596 5848 8011 712
2735 194 8157 4203 8398 9412 894 5503 8271 3159 2559 5575 7291 7292 4854 2324 9230 7329 3711 3881 0 9892 5790 1632 5828 8992 5363 9880 1850 559 3972 4171 5805 3164 7319 348 9525 7206 1860 343 7996 1809 1208 4233 3035 2461 9080 4751 6239 2363
1972 5777 6512 9255 2876 3252 3904 6605 3349 1079 6238 8242 2180 7678 6027 3727 5703 1396 8867 773 9892 0 9638 4100 8821 4402 7275 226 405 5609 2472 7981 8221 7929 518 580 1222 2986 9829 6431 7794 2593 7349 6445 3755 8470 1243 5913 5394 8655
988 2659 9370 8148 1810 6735 4085 1072 3723 5099 642 7418 5758 9325 3043 2681 9298 2407 9383 6100 5790 9638 0 3544 5099 2145 9653 715 3463 2780 5914 7663 5429 9454 7674 6355 5794 5150 98 5496 9488 7920 5468 3712 336 4075 7526 9972 743 2389
9736 3908 2451 4912 4831 9858 3651 2019 7416 1440 9049 8333 4904 5946 8608 2265 3201 9487 1851 683 1632 4100 3544 0 2353 4467 6298 4478 1040 8192 4293 5846 9321 9396 8653 9575 2278 558 9185 1560 3264 6983 9367 1621 5945 4613 3900 2312 1180 4980
8417 5307 6847 8789 5625 1990 720 6918 2145 3709 5094 889 2185 4743 2760 7261 7681 6095 8408 248 5828 8821 5099 2353 0 5595 5941 8337 4017 5741 9023 6651 5479 990 5524 5295 7888 8253 6017 3988 3847 5721 2470 2221 3364 118 7424 6635 7299 6489
4397 9120 4576 5118 8337 2381 2611 5754 4272 4727 2943 3374 2324 2754 1674 6576 1393 9091 9641 9737 8992 4402 2145 4467 5595 0 9318 4954 2767 9614 1086 2356 4939 5054 4130 9369 9032 5578 1204 3116 9557 1311 9583 2928 4984 9510 5791 7665 5848 7016
1384 5332 9950 8822 6895 2568 9617 9074 9764 2066 9249 7018 9626 9134 5084 1469 8891 9515 9287 3491 5363 7275 9653 6298 5941 9318 0 1109 7938 5230 2871 4519 4219 8953 378 2696 4391 3881 328 3576 781 6546 7338 3282 9877 4630 8223 1631 3222 3960
7641 8051 1819 7162 2562 8493 2843 4013 7214 6536 3729 8386 9228 1176 5352 654 5303 6821 1314 7531 9880 226 715 4478 8337 4954 1109 0 930 2113 9847 796 1299 1203 9428 5589 2239 82 3083 4434 8797 245 5290 451 3477 5268 5353 443 7967 6640
9670 4422 6218 8477 8586 8347 5157 6346 9626 4626 9341 2091 3944 746 6215 7200 8466 5898 6685 4914 1850 405 3463 1040 4017 2767 7938 930 0 9990 5534 2859 941 6787 744 1428 5480 8099 9795 6546 4210 7591 222 421 5191 9242 5135 917 6801 5393
8746 4666 7410 8474 4750 1747 100 3132 6029 5831 8157 8020 5465 177 3023 7854 7544 8683 1203 1974 559 5609 2780 8192 5741 9614 5230 2113 9990 0 2567 1531 304 2559 3448 2337 8675 1472 5862 5926 6934 5637 8825 9641 9093 2513 9856 9420 5420 3768
2431 3541 7502 7046 8382 475 7461 7651 8759 6608 8532 3101 1932 7676 5836 3126 7018 3936 7201 2221 3972 2472 5914 4293 9023 1086 2871 9847 5534 2567 0 4224 7824 518 5066 9002 7424 9163 4559 5920 8574 8677 4488 2160 4143 148 9144 7794 1634 5939
7208 4841 4719 6381 3404 1640 4975 4646 4034 7609 4173 715 8982 7954 5245 3576 8760 9253 2200 6979 4171 7981 7663 5846 6651 2356 4519 796 2859 1531 4224 0 2467 3738 6567 1473 457 2197 2002 985 8900 8222 3357 9097 2978 4245 9929 5990 2446 2907
2030 932 5777 7606 8272 1247 6854 5643 6621 2165 7125 9160 6957 1375 3772 6102 2529 7231 8243 1436 5805 8221 5429 9321 5479 4939 4219 1299 941 304 7824 2467 0 2655 8658 475 5747 3974 7234 8174 3492 5639 6373 7538 3474 5305 433 1766 252 1072
8382 356 4799 5860 3081 2794 9872 3885 9964 4530 9425 4279 2772 5434 6037 45 6575 6493 9020 3303 3164 7929 9454 9396 990 5054 8953 1203 6787 2559 518 3738 2655 0 6583 5745 982 3737 9243 6160 6716 6153 3671 503 4127 340 4297 7107 3962 3790
2152 2597 5782 667 6754 8560 4128 7136 8359 2890 5718 2859 2536 9234 2233 524 9979 4277 8310 9223 7319 518 7674 8653 5524 4130 378 9428 744 3448 5066 6567 8658 6583 0 5804 3329 5341 6973 4565 4889 8169 3548 9331 2567 7821 4379 2236 4916 4629
4810 9029 6400 9743 2988 8035 8119 572 3482 484 15 8952 9808 4332 9029 8376 1334 1871 1877 1879 348 580 6355 9575 5295 9369 2696 5589 1428 2337 9002 1473 475 5745 5804 0 1448 5431 64 7955 4091 2647 5239 9998 9790 7422 3474 9490 854 3437
6660 1094 8619 5752 985 7659 1106 4573 2056 6006 1832 2681 7555 1782 6050 6970 983 3723 8440 5810 9525 1222 5794 2278 7888 9032 4391 2239 5480 8675 7424 457 5747 982 3329 1448 0 5904 756 7193 2986 7123 2290 4875 400 1827 2489 154 2185 4959
9459 9927 9098 7423 9256 7055 3980 414 2011 5757 4691 3866 6653 8009 4154 2345 5431 2957 1672 2752 7206 2986 5150 558 8253 5578 3881 82 8099 1472 9163 2197 3974 3737 5341 5431 5904 0 2470 8235 5761 1598 2764 7610 6507 1478 6786 5563 6499 5499
4723 5701 9755 170 9881 1017 6386 5593 8405 6759 703 8911 3380 7114 3921 4640 9980 3323 7536 6012 1860 9829 98 9185 6017 1204 328 3083 9795 5862 4559 2002 7234 9243 6973 64 756 2470 0 539 9589 3843 3299 251 620 2209 8270 9751 3795 9418
4491 7208 6299 1118 1746 204 9581 2554 1498 413 9586 4264 1875 8001 945 1179 4866 8980 6421 5593 343 6431 5496 1560 3988 3116 3576 4434 6546 5926 5920 985 8174 6160 4565 7955 7193 8235 539 0 7053 1718 326 791 5185 1057 1807 1973 7984 2225
3987 1016 5275 8605 5786 9483 3627 3961 8889 7578 9951 4090 4740 3109 675 906 9257 1839 8917 190 7996 7794 9488 3264 3847 9557 781 8797 4210 6934 8574 8900 3492 6716 4889 4091 2986 5761 9589 7053 0 8608 7020 42 2932 3668 8854 2423 8937 8203
1439 8470 110 3756 9336 5289 6774 2127 4430 4070 775 972 202 8897 1756 8431 9357 3625 2805 4188 1809 2593 7920 6983 5721 1311 6546 245 7591 5637 8677 8222 5639 6153 8169 2647 7123 1598 3843 1718 8608 0 1840 8682 5792 8130 1266 5725 3524 3669
8950 6355 8184 1621 693 2358 5065 1517 6304 6562 4005 2753 5906 5272 9287 6901 6899 4153 3139 2010 1208 7349 5468 9367 2470 9583 7338 5290 222 8825 4488 3357 6373 3671 3548 5239 2290 2764 3299 326 7020 1840 0 1186 4472 2903 249 4335 4407 1129
4704 7207 6236 6709 6740 3903 6530 3216 470 5769 1821 5862 7972 136 6606 5548 6039 1555 9224 3920 4233 6445 3712 1621 2221 2928 3282 451 421 9641 2160 9097 7538 503 9331 9998 4875 7610 251 791 42 8682 1186 0 707 3218 8335 784 6686 9119
7440 5801 7275 6134 175 5797 7936 4418 9300 1600 608 5689 3382 5886 828 1027 7876 3072 7784 6111 3035 3755 336 5945 3364 4984 9877 3477 5191 9093 4143 2978 3474 4127 2567 9790 400 6507 620 5185 2932 5792 4472 707 0 5941 4377 173 5336 678
9993 1789 4915 8206 45 4512 367 8927 2376 2976 5219 6744 711 1490 3546 7187 2242 8696 1525 8407 2461 8470 4075 4613 118 9510 4630 5268 9242 2513 148 4245 5305 340 7821 7422 1827 1478 2209 1057 3668 8130 2903 3218 5941 0 7434 8912 4622 8991
9341 8534 3018 6568 5025 2775 3987 2093 5091 4775 3442 1516 988 4685 8099 144 4903 4121 2241 8596 9080 1243 7526 3900 7424 5791 8223 5353 5135 9856 9144 9929 433 4297 4379 3474 2489 6786 8270 1807 8854 1266 249 8335 4377 7434 0 5419 6723 4400
3630 3689 8796 9196 9059 538 1433 9092 245 1887 5663 3299 4601 4119 6930 2888 5626 8016 6117 5848 4751 5913 9972 2312 6635 7665 1631 443 917 9420 7794 5990 1766 7107 2236 9490 154 5563 9751 1973 2423 5725 4335 784 173 8912 5419 0 6541 6913
6334 2531 4981 9405 64 4368 2842 7263 6388 4438 1411 5088 4979 4030 8184 2694 8690 3719 942 8011 6239 5394 743 1180 7299 5848 3222 7967 6801 5420 1634 2446 252 3962 4916 854 2185 6499 3795 7984 8937 3524 4407 6686 5336 4622 6723 6541 0 5214
3296 6828 2375 2526 4988 1629 2784 7652 1409 9976 6835 2247 3229 1280 2580 6206 456 9077 6624 712 2363 8655 2389 4980 6489 7016 3960 6640 5393 3768 5939 2907 1072 3790 4629 3437 4959 5499 9418 2225 8203 3669 1129 9119 678 8991 4400 6913 5214 0
