250
0 2558 4109 5068 5546 1288 4485 6818 7785 4352 133 1651 3826 7412 4148 142 7240 9827 5897 246 8278 6160 6490 3819 7277 8925 9815 4768 6871 86 3125 5564 3537 2614 6179 395 6514 8263 5525 7571 7200 8422 7474 548 5404 5812 1282 3397 7905 1173 9210 3577 7666 3372 4757 3588 8999 3195 5626 1805 3200 250 7097 8728 7946 7196 4229 6100 9700 8098 3630 6967 182 3983 9764 770 9386 5076 3218 5773 4071 2917 4959 660 7640 3341 4645 5245 2719 654 6809 8716 4579 9068 2441 190 847 3923 7234 1082 4373 7742 7694 104 8496 7626 3831 8208 431 8143 4678 5601 1117 2540 579 2554 8306 5702 2449 8113 5649 9027 8253 6501 4307 9634 6460 5744 6882 221 1408 5271 6963 5358 5023 2569 7856 2518 5976 4454 2716 6336 3613 5830 4725 4257 7551 6828 8695 1152 5886 7691 976 6727 2203 4217 6987 6522 3428 6218 7269 5665 3575 3862 540 2789 7612 6845 1841 9366 4922 2087 21 8050 8932 5056 4255 9892 4989 6743 2855 9293 505 7884 6793 8274 4402 5739 6336 5035 169 6229 2501 1040 2484 9663 8706 6407 1168 814 7866 9508 4778 4022 6542 7501 8242 2145 5934 3671 7973 5835 3146 2214 2819 1714 876 5438 184 3331 352 5512 9559 1506 6626 4808 1643 740 4129 3646 1315 7901 320 4237 1814 859 3354 8572 9447 6882 7986 3614 2380 2996 8990 803 6931 2512 1493 1472
2558 0 1014 6647 8931 7187 1626 2857 9025 8470 4657 2958 9123 5162 6997 7297 8727 9035 2095 120 7139 2902 6704 6713 5744 5644 9216 1778 4384 4085 5749 9688 1722 3838 6349 5909 4915 2280 1719 6844 4900 5464 7442 851 5710 8372 5408 5805 7764 6585 129 7408 2028 2802 1564 72 8464 9962 6604 4583 8483 6022 1406 7283 6982 5282 7363 1703 2425 9337 582 7637 954 7543 1793 2947 3769 6726 6612 3678 8020 2862 860 2553 6385 5321 182 2990 6464 5720 5799 6607 9794 8725 2965 2443 7331 9358 1609 2733 833 7604 1186 5819 3162 2920 1297 1646 6379 7628 1454 8812 831 2905 8675 361 3183 7084 4374 95 7842 8471 8359 380 2478 5026 1022 6347 4544 4821 8506 8324 7377 6358 4976 1752 2837 1986 8300 279 222 6778 3643 6743 9290 3459 4949 7436 2583 8904 4770 8148 6338 7808 9102 8712 7214 9281 3773 6906 671 6435 4908 5521 6709 3748 9543 5138 5231 4775 3703 9015 1217 544 6127 7473 3119 2981 8219 9547 884 5220 3040 3488 6018 1685 2552 9019 290 5340 821 4497 6516 8053 6010 8701 4363 9809 6964 681 22 1674 5031 1547 6920 4859 2768 4791 3800 3957 1865 8369 8191 3001 6302 1477 6671 4550 6776 7561 2748 606 8917 9897 3196 3579 1191 5555 9766 9150 7546 3668 4972 219 8460 3563 8764 952 3165 9800 4218 2613 1839 4278 3495 4089 2924 9762 2076 2906
4109 1014 0 9621 4431 5906 1372 8668 6049 1077 5646 989 3408 2801 9414 629 5574 9792 9067 134 2192 5668 3423 5068 2099 9763 2809 5706 7691 1510 2252 8114 84 8015 4095 7299 7247 8514 6373 7575 9101 6599 7280 9124 6114 1745 1593 2854 7279 7824 9531 7372 9887 1965 5955 1488 2270 4742 6266 5751 3314 46 2130 3831 9637 2704 8947 5007 1695 5712 2005 1701 5342 5432 2518 8965 8227 3063 4234 3269 2360 3935 5292 1302 3696 5174 9792 659 551 3409 2174 5119 7544 2789 9448 9944 1681 951 5482 2894 9852 6690 5032 8082 3658 226 9612 5731 1429 5981 7951 1501 7151 9118 6306 5898 5342 4848 3699 81 7425 1221 4084 2134 1804 2617 3034 2545 7713 1577 4297 6530 8729 3927 4877 9441 7862 2930 9486 4766 2086 6838 3630 579 4752 5514 5681 4349 9596 421 6297 6127 5741 2770 6146 6756 7731 8698 2744 5719 9297 9791 4898 2494 539 3035 2542 1354 5376 6463 1268 5282 1377 9201 3325 63 4191 1798 3365 1360 9136 7594 411 3330 5959 7748 5071 1911 5285 853 3355 1911 5545 2095 5246 6325 4021 5429 3676 1136 1036 4750 6680 1520 927 3289 6143 704 3614 5885 6677 3593 7481 3307 7444 250 7419 8213 9939 2311 5561 3208 9982 8885 2177 2365 3321 5990 5669 5052 5137 8781 965 914 9531 6461 3222 9844 147 2426 5084 8948 9273 3424 854 6284 8197 9425 3638 9777
5068 6647 9621 0 2045 9347 1040 5431 2147 1410 9704 6429 5697 9837 7746 1175 6114 8777 2493 437 7332 7634 8277 8457 5066 943 6869 915 3848 4847 9746 8457 6154 7466 7535 9148 2300 8716 7348 8201 9936 9046 3560 9435 2798 131 3788 9493 3033 6793 5177 9118 8640 2835 8603 7544 2206 3670 4312 1471 7079 4090 8789 2950 3783 4405 2931 9293 953 106 2940 3226 4924 8040 4187 250 6985 3265 8391 4616 3799 4458 2637 6463 4085 8213 5255 3718 6736 3480 4179 2186 1953 168 9891 7196 6054 2576 4593 8813 7016 7556 3488 3092 8798 4344 279 5567 2580 5107 5330 7370 1698 1214 8184 7919 9294 1971 3401 9145 4679 9800 8427 5818 5753 8783 3198 1098 4716 1483 3349 4693 8717 889 3210 5803 7733 7325 7273 7331 908 8017 8694 7194 7677 6103 8355 5917 1771 6305 5482 1989 3981 9765 7232 1809 3431 5817 9225 9631 2585 2402 5562 3439 5939 4103 7370 302 2879 2676 1051 69 7516 2355 3601 7362 2241 3845 7270 8942 8048 6967 7978 7278 9452 697 4902 2871 2049 9659 1404 4386 6584 2533 4516 8748 3188 7019 845 758 6388 6696 6505 2469 5287 7738 4460 7082 9287 5296 4655 8364 4982 2282 1339 4272 3484 6364 8877 6447 6087 8983 3141 3808 5452 3234 9498 5572 1833 4416 2032 3298 6546 4140 983 9843 887 1575 7259 245 1400 141 2770 526 117 9885 3624 6977 5743 6407
5546 8931 4431 2045 0 2193 1912 1778 1128 2699 2360 3759 7217 4784 1 9452 191 2683 2458 1629 8516 3126 9617 2288 6749 856 3541 9331 5115 7569 1017 9251 2737 3390 9840 3617 3961 2603 3607 9107 3124 3761 2370 1655 7531 8506 462 6282 4013 5743 1650 3607 1931 1009 3313 5326 1077 6045 8173 2693 3303 1253 7050 3939 2881 9240 1475 68 9279 9930 1657 1272 1637 9780 460 5368 6532 8996 1429 3735 1508 735 1823 5340 4666 5390 5889 4578 9751 6641 3358 4347 680 9012 5967 3934 8903 8068 5167 5676 4071 4137 8069 1099 3611 1014 4333 3399 9829 1783 1729 4006 4120 806 6996 4195 877 9328 4831 3531 311 1672 1306 6850 2642 7906 7117 7557 8177 6244 5520 4158 4616 5493 3798 5972 9811 6471 1057 3009 2590 5586 6797 5222 9470 5368 7611 9611 5120 5565 1855 6889 4467 5216 8605 980 8850 2400 4963 8739 7495 784 5778 6044 8520 1819 3285 4514 5483 7298 1538 2825 8609 2166 2718 2597 5890 9613 3063 3630 1960 8451 6146 8931 1254 7378 305 6462 6871 5833 7024 4867 4653 1838 7051 7306 4425 1384 3053 3400 8989 5507 725 569 3064 6379 6304 1454 6989 6687 9644 9714 8366 9582 8369 7350 3430 8168 8740 2514 2363 589 991 3702 6426 9938 7059 5242 9443 9671 9562 7275 913 8558 8206 1394 7405 7455 4688 88 2379 3580 9238 2014 9509 1909 6849 1841 6652 3707
1288 7187 5906 9347 2193 0 1827 3733 3622 5621 6128 8962 7448 1305 4530 6544 9095 2639 1751 969 3969 7431 2774 1550 7631 4744 6888 3733 8410 5229 1227 2263 3818 1189 9197 8766 1552 7500 412 5942 8097 3739 1039 616 9434 2615 6039 5600 7138 4403 60 6739 6742 7493 3074 1009 1047 9460 4713 1146 802 7403 2616 3618 1721 4078 4006 2030 4462 5192 9281 812 4596 4001 2201 5131 1087 1312 7654 7416 5484 7894 6341 288 8979 8056 4072 7260 9240 3233 532 5676 9357 1644 5936 2389 6725 7796 4781 9868 3372 6564 4823 9871 2019 2233 8358 1093 2184 7673 5169 4071 2069 4832 5285 4829 81 3829 6411 2193 5236 1637 5705 4476 9368 8954 6299 44 7807 8932 3809 9776 6487 9546 7031 9852 2309 9154 9966 127 8427 5060 3549 7002 8543 5956 5395 1222 3763 6297 1597 6011 4024 5181 4517 989 7729 246 7360 8632 8974 2080 1728 1995 775 1657 8373 5005 5020 9201 295 6662 7457 9618 6263 4002 6328 2675 8286 2878 1831 700 8256 5623 5756 5037 6162 6150 8060 6099 7920 6120 9146 7253 9030 5689 4127 6845 3584 6586 3738 1348 5336 8368 4467 1602 5490 4543 122 9061 4283 7850 8433 3410 1866 2317 6712 712 8766 9288 1589 6450 3444 9441 3066 5100 0 904 3217 188 6005 754 7365 7699 9087 751 7780 3962 8065 6381 2251 3342 551 6854 9868 483 7547 4353 2661 5452
4485 1626 1372 1040 1912 1827 0 7098 7498 8377 5207 4599 911 8121 9310 9269 4119 544 4007 1579 2101 3956 748 4751 8244 1112 6289 2454 7180 3989 100 4167 6906 8487 6708 54 8190 5434 9154 5168 9358 1096 524 4350 8017 9442 2686 3276 2231 911 2338 7549 822 4501 9755 4391 3010 8368 5585 8859 1106 23 6385 6390 2433 8105 5218 1977 4615 8992 9750 5457 7666 7245 8390 3809 8954 288 900 4405 1158 9817 214 9951 4110 4997 7526 1299 2916 5174 7309 4974 8620 613 161 4329 4328 1963 8647 7418 2491 3960 4374 5650 7196 3179 6157 8026 4341 7027 6788 5025 6075 1935 2998 4204 1359 6765 1246 1506 8954 9774 5151 6162 7838 5563 9609 2786 5497 8605 5982 2254 1212 6447 7319 5885 1860 4390 3135 8038 1509 1416 1125 4660 8439 2278 4713 5711 8857 9721 2037 2533 9415 5490 2331 8712 881 6987 2995 4125 4705 1212 4802 4844 9731 8457 6912 6344 3867 5631 6762 9891 1471 525 3239 5062 2912 6263 687 1142 9966 6784 1370 5258 9189 5466 521 6691 5577 5830 5133 407 6234 4517 8787 7371 9719 9176 3226 5636 5757 5033 3878 2923 7827 6765 7198 7643 664 5822 2025 2211 4667 2550 5047 9253 6676 6768 499 4136 9830 8295 6738 5218 8274 3375 5047 6501 3421 2697 7677 6666 4184 9719 4648 5002 347 197 6609 3406 1270 5955 9103 4391 5896 5040 1805 8261 6269 8918
6818 2857 8668 5431 1778 3733 7098 0 7326 6159 6164 1151 3058 165 4780 4030 1407 8984 7708 9618 6450 183 629 2966 4974 3051 695 6988 2293 177 112 743 4575 1572 2294 9350 1865 4095 5598 930 2832 5796 7436 1171 7561 1297 5637 2440 8771 8333 7866 9682 3674 9456 2857 433 8795 5422 3796 1976 9645 3427 9099 2125 7031 9086 7112 8793 8866 2349 1377 6159 1715 9437 7864 7612 6414 5451 1616 7910 33 3660 2397 4918 2042 7753 7600 905 2960 2405 3581 7826 5273 6234 5156 9088 8948 4629 1506 7232 8363 2694 7140 8392 608 5146 3188 5690 836 2553 2948 2898 4400 7190 5680 6715 7887 2974 4603 8347 1901 5770 6915 7919 9942 8708 4488 8923 9301 2618 258 8278 9930 3872 3314 1791 4160 3037 3681 8191 6654 5765 3110 476 805 7441 3317 817 4810 4553 3335 5702 6084 1488 216 7534 8926 8826 2267 8594 7299 9492 6566 6049 3890 9554 1205 7057 7548 2432 4140 9425 3355 8385 196 7281 6556 496 9580 8798 3059 8743 2057 4217 8471 7310 8881 7807 1535 1905 3695 7603 1312 7085 2715 886 8450 6329 9865 7926 6305 4628 4804 1699 5466 3982 2563 5456 9583 5568 1071 4722 4988 8291 3000 8726 9662 7913 8908 2708 5584 5950 7294 4553 2534 1622 298 2283 8811 6529 8864 5199 6208 4928 6958 7330 8009 5553 9839 5930 5789 1792 9601 4296 6701 4500 7707 8182 8330 8643
7785 9025 6049 2147 1128 3622 7498 7326 0 1728 4323 4545 4908 2755 2982 2823 3124 4646 154 8372 2633 4157 7324 2103 4930 7206 1786 9029 7234 1799 7375 8494 6846 9119 506 9001 1094 151 941 5072 6950 107 8014 308 2427 4920 8444 4719 9101 5699 3595 3431 3092 6955 8356 1576 9430 4424 3657 8304 1178 1351 1726 3649 629 7564 604 5722 4302 2062 6092 9731 3633 6228 8677 4139 5347 8819 664 8437 7288 4850 6222 2453 931 5857 6139 2893 1213 448 1678 8211 4309 569 9111 482 9565 8959 1681 9307 4131 4848 9691 5994 9111 7195 1918 2130 7810 8206 6885 1150 3924 8913 1784 752 3727 4705 8264 5232 1849 9110 7025 8558 2952 6116 1699 9959 6892 9136 8369 934 892 4472 186 9373 5087 1645 2548 5422 59 6476 6412 5286 2397 636 2664 3915 6985 5050 2390 290 8963 7805 840 4973 8243 9354 7223 1536 1744 1473 2862 9489 2715 29 5379 212 628 3923 5734 5840 9720 2846 6876 9656 7144 9411 8210 122 2993 2145 4137 474 5299 2478 8697 2769 4540 8097 1726 5757 638 1816 2067 1980 8642 9150 4663 8200 7414 6358 4967 2874 184 1312 5047 9450 1053 2476 7334 5793 6650 7189 7724 9044 1187 5951 1861 4946 5570 3606 4180 8977 3278 362 902 1989 2767 934 4226 6356 9944 539 3369 6822 556 7733 5546 2180 7905 5834 5404 6588 5288 5282 4971 1764 6418 6682
4352 8470 1077 1410 2699 5621 8377 6159 1728 0 6056 3674 1952 4845 9415 8205 5578 7317 6753 8331 7077 159 5027 748 9760 8103 8700 707 6096 1083 4463 3167 6781 6187 3068 9123 6513 3787 3063 1004 1269 1707 2945 4782 9660 3976 8016 3332 1613 9780 8019 4339 1823 7912 5780 1524 3421 5375 3971 5332 8190 1989 9065 7335 6029 8708 7237 6500 6467 461 261 7117 360 3789 356 1989 1332 8220 9379 8805 2871 8935 2782 8151 8576 3763 3101 3436 295 7852 311 6756 6093 2481 7642 9389 9889 2009 6620 8952 261 8199 9788 3595 1636 5001 9394 8352 2535 8164 4830 8164 9987 1218 3052 1592 5675 3342 8340 8478 65 8371 9217 7002 3404 3587 2757 3694 8202 6090 6686 1796 6933 2531 8702 7172 2313 3561 8189 2290 1431 3766 7830 4763 2121 5003 5378 7693 8412 9444 4142 8297 8738 8236 7909 3113 3458 4586 1867 7354 1626 7373 2637 3534 2037 7835 7019 4317 5626 347 1421 6941 3341 9769 4847 9717 1587 5747 8785 9831 7259 9895 9283 3549 2349 2056 632 5404 6212 4043 537 7292 7707 6604 7370 5161 990 8238 2736 8100 3812 492 8930 7996 6355 1707 3445 2596 6832 6089 991 2631 9673 5621 2186 9872 6558 8488 8837 6405 3085 2214 5548 1598 1537 7981 5933 902 5666 5219 5594 1458 7576 153 681 4954 3088 9575 9130 1678 3695 5487 9090 2858 5027 450 6730 358 979 910
133 4657 5646 9704 2360 6128 5207 6164 4323 6056 0 8185 2346 3894 8876 9738 4649 7863 7099 9347 9373 1168 8379 115 8218 8911 571 6474 7273 4472 7797 1442 8656 4518 6977 6711 8514 314 9092 1328 523 4323 9267 1367 6995 954 4561 7313 188 9803 5070 8139 5414 2299 4903 9302 2078 6162 6223 8544 6174 6306 8490 3377 2700 5624 2256 1444 8410 4808 5826 8913 4877 1606 6152 4315 3538 8046 1857 2957 7205 3789 1279 8636 2524 2635 1524 5238 2807 1479 32 6482 7140 470 8132 9332 2594 2367 1780 40 9132 4245 801 7478 2108 496 6888 4940 8332 2019 5532 9559 4019 1937 6937 2091 1490 3028 7633 2802 3622 2492 4167 6829 669 5717 1046 5153 7490 8552 6958 7289 2969 5005 4412 8059 3596 2252 4383 6005 8182 3592 9020 790 6567 7185 4184 6909 527 3158 9443 8386 7982 6486 9887 4277 5704 3361 7704 1620 964 3215 1419 8420 352 161 7317 1738 2356 211 4598 1934 2790 7534 7417 1304 8130 9909 1393 3675 278 9140 2967 6698 8460 4860 9771 1579 517 7024 8776 4947 2259 1809 6862 7000 7662 4172 6972 1809 8260 7481 6531 7567 5339 4739 7177 9815 9002 8224 6239 952 4917 2940 1370 2350 970 6762 7085 7258 9929 2650 5202 5117 9631 6464 9861 4596 5683 3566 8776 6930 9832 2230 8077 304 7572 7282 7083 5317 871 8578 7615 4493 3093 5886 1559 7042 4818 5429
1651 2958 989 6429 3759 8962 4599 1151 4545 3674 8185 0 4080 149 6642 6543 865 5757 6348 3907 4785 2199 5253 8880 8247 7016 2729 1270 9621 1906 2610 7423 7499 5565 7623 5088 9016 1603 1628 6578 7873 8930 5388 4405 187 3680 5877 7129 5158 7531 9932 6452 1472 6612 4518 8500 6664 6330 8854 6078 1805 7191 7454 7498 74 1667 6609 5745 4115 9501 4980 1025 3728 9269 341 2107 5390 9563 6422 7460 7532 1785 378 9627 4622 5286 6114 8851 9665 4764 3819 7100 2722 5675 4972 9301 8766 7666 6184 4102 3960 5934 4617 6655 2320 8118 736 9386 4402 4337 2381 4245 8658 8197 4798 8277 4444 4361 6879 3271 5272 7903 2859 5728 2780 459 1472 4529 2811 7412 1615 5038 2125 8816 534 4228 6468 5903 2212 5840 9454 6567 2268 3683 3186 1910 2197 6004 7877 7887 4387 9542 5314 7872 4055 8811 2415 2821 9611 4212 6119 2484 4497 1502 432 258 3286 4020 9402 604 3424 2906 5664 9170 9910 3911 8086 2744 9536 2105 3789 1219 6466 6395 6451 4371 3299 845 3364 5456 1824 3472 2658 9453 4730 746 9597 530 3898 346 7686 1299 9315 6990 2908 3784 4999 8894 5728 9261 8762 8608 2508 357 2042 9581 8254 6453 9522 7256 6725 1721 4985 1682 2382 5387 2697 5012 30 3213 2589 8762 6077 6112 5014 3834 8938 3228 3363 8385 7988 8819 3298 4339 712 9820 9016 1547 8624 3639
3826 9123 3408 5697 7217 7448 911 3058 4908 1952 2346 4080 0 6026 6108 6090 2927 3409 5741 490 2043 1271 4288 4349 9903 9458 9234 5749 3750 2483 1182 3215 8880 1082 5087 8817 3244 1847 6746 1167 6567 8736 3234 7391 398 1232 113 5999 1376 1932 5160 8078 813 3944 5827 1234 1418 86 9684 9235 8295 6991 862 4601 3029 7770 2837 7224 8017 6944 9256 8723 9598 5835 5819 7564 3371 6587 2780 412 9057 2079 3698 4404 5090 6878 538 3190 5163 4429 4466 6142 5880 1894 8618 948 8287 7449 8713 7751 4733 9571 6096 4667 4601 7537 4681 5735 1664 7018 9791 4632 8177 4700 7629 4006 1609 7817 1361 8979 4444 7830 1092 7953 5944 4523 8028 1998 1862 5121 516 7887 5451 7411 6577 6696 9656 9536 2174 1207 5894 1765 5102 4318 2403 6935 8439 5986 2205 9329 342 2665 9065 5391 2018 1117 8090 7364 215 7506 2620 3478 5940 899 2758 7171 9884 689 4387 9906 8072 1900 9925 4584 688 3439 9550 9437 5699 410 6996 6699 9077 6160 8918 435 2387 4276 8947 5958 8243 2206 1517 605 1365 2157 9934 1490 7889 8687 8823 6062 5462 511 140 9327 9909 2247 9742 862 9223 1366 7833 2904 9913 5565 8634 6306 9337 184 5283 5186 8314 2060 1198 625 2662 7455 3681 824 9059 575 9358 2582 471 1765 7009 8767 5305 4668 4563 6480 1924 464 2517 4293 2994 1654 5633 9762
7412 5162 2801 9837 4784 1305 8121 165 2755 4845 3894 149 6026 0 4595 9488 4762 2315 7725 4185 1369 4944 3731 9137 7168 609 8406 907 723 2105 4856 1509 6754 1387 6167 7672 3034 7305 3480 6216 6017 6539 1650 2459 2114 8027 8103 7246 8709 960 3014 7491 6351 6430 3347 9111 4063 5167 1615 9076 6887 2049 9513 8926 4773 1317 7598 8527 712 9757 697 3114 6829 9129 1194 4128 9955 6564 2465 8862 2731 3606 7719 4339 3374 3911 6459 5811 5950 5545 8590 175 7215 1809 6305 1317 9732 6646 5636 1837 5674 1528 2863 4948 6932 1066 307 8006 186 6270 8129 5383 978 5629 1925 2998 9372 2605 8855 3058 9087 8349 9141 6929 5751 946 9007 1394 5487 9105 7636 7010 6399 3195 4377 7486 6036 2527 6679 6877 791 5107 1282 5304 6775 5493 6827 4114 1071 1414 9504 2415 1892 1383 2630 2816 3049 1309 7861 3681 6868 677 443 6409 38 4859 1616 4295 3881 130 4416 2059 6973 1491 2492 8637 3484 5551 2479 5504 5901 4379 9080 4683 6401 920 65 5497 279 2706 5696 2214 8227 9918 34 1962 3809 6690 945 1556 6917 1600 7510 3873 3113 597 5217 8788 410 1392 3460 8954 4916 9496 6952 3431 3121 1571 772 5235 8941 6143 4051 7477 2477 6252 4520 3078 4348 2500 2405 7851 7626 4852 8054 8356 9605 4523 1634 9910 1062 9122 6548 8976 4262 6253 9959 1021 5218 8602
4148 6997 9414 7746 1 4530 9310 4780 2982 9415 8876 6642 6108 4595 0 7948 1313 8131 3678 6735 8349 8463 5888 2898 9914 9824 4709 7656 665 2113 9419 6630 9512 4418 9925 5426 5289 7088 6202 7985 5624 8650 7720 264 6872 2139 8428 6504 1194 5457 2952 5437 2861 4846 7977 2299 8473 54 1359 4447 4563 9674 2238 9664 3154 1261 1134 9091 6705 1730 1336 9022 5446 6382 800 6902 5397 3727 2286 8919 6641 2260 7469 3366 3172 6707 6319 9888 9566 323 5142 3491 6853 9716 5171 4617 7700 5868 2840 1967 6596 5193 9785 9017 9532 3120 911 7970 2101 3977 8225 1001 4120 4364 8882 8950 876 7573 7830 8680 7398 8138 2470 6652 681 9905 4768 7073 2166 5696 9133 7365 3880 7566 6503 7446 1522 777 1261 5885 8697 5650 5259 197 331 4556 8446 9446 2987 3191 2324 4016 4553 9349 9939 4897 6569 943 9197 6492 7316 1951 5291 8508 5132 1873 6594 2210 3505 3771 2387 7747 649 4062 729 1099 8208 2610 5174 1215 1508 4455 8218 6252 6491 5915 7168 3984 1090 7668 8274 6701 1060 3745 8537 143 9902 9162 451 9928 351 4236 6303 3182 6833 589 3779 9754 7277 5862 1532 642 3451 5942 895 4506 7850 3784 9897 1288 5135 5332 6953 9387 1650 3415 1746 3088 5892 3082 865 8902 644 5775 8992 9650 5923 2709 2507 8318 7134 5289 1740 9015 3411 1415 5184 791 6136 3183
142 7297 629 1175 9452 6544 9269 4030 2823 8205 9738 6543 6090 9488 7948 0 4368 6120 5852 9731 4345 7911 434 2341 9893 3883 4039 7721 6577 9973 2266 8471 8585 7257 9421 5044 3968 4709 319 5842 5254 2468 8980 2756 2802 9598 3697 4966 7088 1807 835 6470 2366 6885 4579 9526 4240 5336 3519 1681 710 4213 9815 289 7187 5000 5921 5235 4886 4852 2287 3924 5484 3249 5140 7398 2972 4104 3921 4048 6331 2480 3840 9759 7394 739 1636 9899 4396 7117 359 5568 1406 5302 2480 6581 993 3583 391 6594 8468 64 5012 1698 7163 2414 8533 9481 5429 4933 9404 4215 8625 266 9515 692 2191 4140 9383 9825 2640 6233 4093 7461 656 2216 2877 2948 3104 2890 3788 5474 1447 1986 5819 3849 6965 4825 5840 6315 7916 9158 2191 8772 8352 2021 5452 8949 3230 9469 2541 3766 9086 8879 819 7040 1326 3863 2976 265 351 3589 1454 9038 2062 7400 7206 3176 4862 5486 5437 9067 9635 1709 2434 7429 2690 7499 548 5600 4628 8086 8241 2599 1818 2641 3558 5833 1007 4808 8486 8139 7648 3575 4759 473 330 9948 9679 7416 8735 5683 8887 8695 9721 6969 1069 7152 5716 3102 3934 9825 5585 1551 6798 2121 9220 4465 4558 6268 5143 2074 2628 2936 1038 3686 1763 1858 865 2844 1498 6845 7627 6240 7378 734 8815 6421 9519 9462 565 1382 7239 4777 8832 6070 7276 5188 1454 94
7240 8727 5574 6114 191 9095 4119 1407 3124 5578 4649 865 2927 4762 1313 4368 0 2116 1148 3750 1370 6055 8970 7008 3241 2633 5635 9216 9986 1971 3228 6859 9357 9843 1699 1740 5146 3751 8055 952 7707 9448 9307 6185 6821 6968 3520 7570 505 7733 2876 5417 1698 1183 2079 1420 9415 5710 2395 7465 8418 442 7971 5658 9930 7863 4844 1059 6882 2568 2862 7390 1165 5230 3098 7196 7013 1726 4705 5868 6524 4531 7901 295 2065 4470 2155 695 5767 6009 4813 3187 7818 6668 6516 4850 2578 9734 748 3774 6872 5532 4964 5907 2412 5052 1477 65 1067 2176 5785 2312 527 2336 6564 3543 917 9643 8396 2713 3025 214 1572 2177 7156 2416 3019 8243 4373 3711 5940 1541 5124 8038 8619 7769 9657 9703 3561 2267 3642 3297 1167 6354 4847 4068 6430 9426 7990 4530 2013 9106 4138 8359 7538 5699 1284 6379 1726 7611 5875 1820 1462 1360 1162 6281 6547 9989 1676 7457 1986 2677 5988 1544 7803 9332 3369 5941 662 2545 6879 6175 5716 9807 8479 1778 4375 1023 3876 9547 8137 9058 7733 7220 5403 9245 2405 3742 4337 3307 3215 919 7860 9931 403 1455 2989 4345 1492 9508 5547 5566 5503 6164 4432 1446 8413 9744 4038 7314 3400 2637 9068 2066 2001 3877 6693 1640 5927 6939 4860 618 2883 4682 4502 2935 6232 4449 5609 8630 3914 2611 8564 599 7 9055 145 4403 5237 450
9827 9035 9792 8777 2683 2639 544 8984 4646 7317 7863 5757 3409 2315 8131 6120 2116 0 6646 291 9923 8224 1581 1923 5511 9385 8198 1646 2990 6862 6533 7796 9005 1285 5810 3146 269 4957 1556 9661 5421 3835 6060 7319 7947 5770 2463 5797 115 5281 6795 8637 5350 7014 527 8228 7989 6393 8782 6493 9098 5128 2338 7017 7015 5078 458 8552 2683 1656 2524 2027 7023 1433 7771 519 9819 636 4281 1497 3577 2698 8776 1528 9712 4722 507 4323 653 4945 8227 7911 9411 7386 8255 2997 387 812 2857 58 1704 3482 7278 4379 6156 3971 6790 2693 5460 9994 1841 5610 7887 4292 9137 6177 5267 6422 8681 3633 1311 4750 2020 128 558 2525 5045 3606 6752 2057 3884 5223 8172 1333 7160 523 8489 1825 3566 4885 7245 8314 1046 6029 259 4561 7064 8841 2555 697 2747 6781 5066 1013 8334 4850 3690 6248 3623 2509 5619 7520 5378 3291 8187 5249 3011 9698 8567 2565 70 9593 9919 1629 6735 2663 5081 9761 4864 5334 9440 2543 3907 7768 2897 3500 1846 4309 723 1538 2322 2790 1889 4804 9194 5689 5544 2276 6602 3333 752 884 4523 9707 9885 2340 9438 4083 8299 8609 1168 9457 7718 782 1073 5075 6288 2887 7025 9120 1539 2769 3989 372 6620 4228 2130 1681 3893 7629 2830 4214 7095 5810 1583 6238 3945 7336 5739 6859 2432 888 115 7779 5993 4770 2809 9200 2743 2726
5897 2095 9067 2493 2458 1751 4007 7708 154 6753 7099 6348 5741 7725 3678 5852 1148 6646 0 9291 5871 2708 8780 938 7926 8123 1112 4681 5574 8192 8418 2665 9044 1034 7413 8312 2362 9670 9767 3823 3532 1983 8808 8915 6203 5348 2933 6424 9088 6183 5423 1434 736 3687 897 7801 3360 6451 9931 6456 3427 3689 7617 5158 3116 9313 2910 6313 4801 622 6286 3733 4677 3007 4763 2144 936 6309 7917 3657 9764 5258 3549 8512 3846 1428 7691 8336 7949 1143 5890 8529 2537 2972 8459 6992 7446 6302 1024 9162 3688 3645 1534 2719 7996 4817 21 5229 9222 2252 5051 5466 7835 1826 8044 7202 3976 6764 9293 9547 8425 7658 8719 5953 5006 2170 3103 1695 8 6998 112 2833 8071 8835 1574 1290 8513 7040 1377 4516 2520 1274 1455 207 2454 8459 4829 3115 664 2575 8868 1642 7039 2192 9142 9813 9259 8225 1255 4318 8217 5431 9712 4388 741 6061 8108 6575 4296 9016 2811 64 2994 4267 4436 3288 2665 8932 7433 3287 291 8821 6314 3649 8430 9801 3199 6134 8751 2477 2923 9926 2652 3675 9167 1278 4665 3134 5466 1799 1513 8041 5967 2301 4967 6013 9595 9992 6128 9027 6718 575 3368 230 1151 4337 6327 2826 3279 2892 5857 592 8469 2136 7395 1666 7247 2218 1031 9547 2228 9550 4259 2918 1151 2783 641 2042 8319 9070 8492 8740 2336 5869 4336 1007 9234 5711 2954 4495
246 120 134 437 1629 969 1579 9618 8372 8331 9347 3907 490 4185 6735 9731 3750 291 9291 0 8026 4126 1747 971 8793 9128 1515 1524 8464 2605 9978 6207 9107 912 4921 7640 1465 2275 8723 9175 2460 8648 4875 5558 7181 2412 3137 7798 8044 5629 5223 1181 2206 9064 7490 5850 3889 8792 7034 9062 9979 8140 1450 3903 10 4333 1593 5407 1149 5035 6989 1584 7647 6549 9256 9966 4467 1171 3672 3308 7901 7422 3961 857 8899 8264 4626 6854 681 6309 4092 2560 8826 4199 8379 1245 6406 8599 2067 3913 587 1744 462 571 5141 7562 8972 3952 5223 4635 8661 3626 8941 3785 591 3261 1267 3029 2918 3709 6050 1283 591 1733 2982 4783 2617 8973 8981 9281 6006 2530 8771 3837 5781 8873 7836 9593 1938 2827 806 4980 8162 794 8535 1477 7279 1568 7716 9151 582 3503 2345 2923 7296 146 7460 5725 2842 7975 3449 8576 7883 7527 1442 2347 4496 4325 1493 8854 4536 6885 6268 3030 743 8311 2628 909 4099 6260 8673 4698 8218 4107 1900 6489 3859 716 7394 261 5203 7471 7229 2502 5073 4560 8105 5546 156 4152 4884 7436 1678 2077 933 418 62 5425 4649 1998 7061 6732 7173 3350 9727 8996 4715 2923 7225 7779 146 6050 9868 6258 7948 2116 235 3228 5290 2874 4772 6072 119 8900 9585 1154 8047 827 7244 9327 3165 6393 81 6514 7553 9327 6840 9388 3503 9823
8278 7139 2192 7332 8516 3969 2101 6450 2633 7077 9373 4785 2043 1369 8349 4345 1370 9923 5871 8026 0 4094 9085 4957 5565 1927 9565 9965 4131 3880 2311 4532 7773 2217 8360 9259 6807 6320 7001 2014 9864 1464 6804 3870 914 6504 2277 6533 7916 1444 5798 3122 3044 1826 4734 7208 7169 5600 7373 4934 2628 5021 4754 9431 4280 3442 6223 409 8815 3489 6501 3984 7154 38 8197 3961 9754 195 1447 2618 7364 8682 6697 9460 5531 5431 1001 843 1409 3183 3046 4538 2591 3376 7947 1566 8837 3199 4621 1665 5837 1445 2218 9121 5478 3091 7497 3280 6169 4464 9797 9457 4760 2056 8830 5612 3446 7375 8810 5596 7153 8801 2105 1183 9235 4539 1986 6115 9969 3785 7545 385 3319 3203 920 4986 7281 645 8723 6204 3766 7271 5778 1589 6480 1246 9542 6455 157 5015 9247 675 5061 2750 3670 1437 1109 8488 5999 5849 4965 8354 1291 4014 5522 1235 4402 4686 5214 8229 1715 8386 9434 9653 911 9557 175 8456 5598 7023 8741 5003 8506 6083 3063 4281 9722 2984 7995 7025 9449 1279 8871 8783 5606 4713 9681 8623 4928 2174 8637 306 7670 549 9801 2057 680 486 419 6599 6921 9378 7055 8036 4893 1973 1349 8523 2676 9022 585 2857 8822 4585 8868 407 9549 2000 5365 7900 2057 2382 5104 7058 2924 1967 177 6746 1583 4515 3376 9256 1777 8093 1136 5744 9447 8334 6293 461
6160 2902 5668 7634 3126 7431 3956 183 4157 159 1168 2199 1271 4944 8463 7911 6055 8224 2708 4126 4094 0 867 5975 7920 971 9181 5124 8180 8269 9123 8386 6055 3040 5873 2380 8734 9591 9826 7480 5889 4138 1054 8175 6845 1104 2980 2652 5164 9005 4322 8628 2625 5352 5073 8799 8276 8742 2777 9735 4093 2610 393 76 3779 632 9489 9335 2584 344 7181 823 4310 1700 4485 2054 8428 2506 8895 1109 4061 132 5602 2725 1011 8642 8819 9454 1617 895 4520 5270 6884 4835 3512 8382 2508 8189 6896 2904 1422 3806 3179 4720 2284 8908 5615 5475 5375 3219 9265 6187 4394 8164 614 5032 1420 1710 8355 2111 3845 7871 6646 7110 7948 8897 1904 2511 7286 8921 779 7719 4900 9962 8682 9399 4521 8622 6348 6790 4174 8732 134 9558 9008 7375 3068 5445 1398 2962 2149 6583 9588 4103 638 4251 1992 1484 9043 4432 1500 179 6375 7247 1581 7523 8037 59 915 5483 5568 5144 2940 9208 2282 615 7785 9939 3241 8555 2273 1065 5365 1043 9952 6231 8444 3876 2361 7924 9182 6020 9658 9698 9978 618 7039 275 4504 6247 5705 5958 8259 2032 9179 155 6200 5461 9323 9105 2685 5270 9839 10000 7939 6912 7780 5021 4455 5940 3458 7066 111 653 3801 1552 8586 7652 5072 928 5816 7130 3575 4631 7 4100 153 1007 7849 2716 2550 8821 5374 1689 2104 4630 3489 3459 4766 7978
6490 6704 3423 8277 9617 2774 748 629 7324 5027 8379 5253 4288 3731 5888 434 8970 1581 8780 1747 9085 867 0 3050 1529 8056 3456 4498 7980 7725 5286 7821 6724 2234 1880 7929 6970 1609 9248 3051 3580 4275 3523 8520 8044 788 758 9559 3134 5099 313 5548 9642 335 8577 2270 5257 1125 7940 8683 8895 7339 674 1106 7040 4913 8932 3270 7636 9804 4033 3059 5152 2596 2169 573 3865 6102 2551 8485 5786 220 8221 3668 3153 1240 6179 2689 9940 3928 8765 3561 1920 5488 2822 5273 9166 6801 9389 6463 5476 2483 442 6714 75 5598 7008 4275 6404 9413 8845 3797 8730 4769 1561 874 4409 1517 6001 3803 8394 4985 6896 1887 1309 4230 9177 3996 2452 7754 5656 9719 7456 5294 6121 2543 1139 8496 8551 5195 3964 8479 8986 3268 9543 5834 7134 9204 7851 3406 7597 592 7681 6729 5436 5493 1902 6878 6491 5118 8727 5459 4623 9389 9062 6878 1694 7830 6638 7887 4327 3595 4112 415 644 9 9279 9353 3278 4334 9435 5503 5429 8852 4736 9970 2458 104 3720 2715 3837 1743 5011 2625 1838 1305 7279 1289 9900 798 3488 9404 3297 1516 2518 7411 1183 6648 3770 4412 8344 2987 7084 7378 2817 2547 3667 2215 6826 2468 9371 567 714 1553 6520 4633 3006 9576 9931 8231 8702 4798 8755 9631 6699 8254 5477 7632 3355 5728 959 728 4213 6416 787 9836 5119 2941 7114 3713
3819 6713 5068 8457 2288 1550 4751 2966 2103 748 115 8880 4349 9137 2898 2341 7008 1923 938 971 4957 5975 3050 0 296 6984 1674 8680 6311 8458 4343 2193 4026 7594 4628 9630 6734 9379 1809 2158 5093 8125 5900 8039 3562 4510 2346 1527 6544 5851 3272 1561 3373 5895 2666 5659 6352 1176 8597 4030 4085 9496 8313 7983 4413 8643 7279 668 7269 8289 3928 9732 4868 2476 3125 340 819 6331 5927 1566 1409 1132 7499 4420 3429 3622 9934 2893 7298 643 135 1660 516 3745 6353 7766 7175 5144 1561 4703 2899 3378 2011 8772 5911 9985 1763 122 264 679 9002 3026 5935 3917 6651 2426 4529 4428 445 5021 3709 3217 664 6535 6749 6754 178 6368 877 3262 4989 31 739 3941 4454 8013 5080 3626 4319 2638 4701 6228 5348 1453 2439 6980 26 8834 7309 701 2594 4445 7957 3085 5148 2878 6283 9047 6207 3549 4400 7102 5119 9151 4844 7683 7906 4951 9122 5083 6615 4321 2046 3050 5926 8188 5398 8609 9486 4844 5884 2659 572 9561 8169 6856 5654 2560 7907 5382 4886 9782 1219 5390 9360 4201 2321 5187 5344 881 5786 8642 1439 137 2627 3082 4118 8685 9182 4615 4976 5226 9000 9926 9721 1210 6728 1619 7413 9021 4702 7356 295 317 2504 5141 3382 3928 6789 9629 3918 5171 7336 1936 407 9562 1713 639 5810 6656 4103 1726 1462 9220 6404 1142 9462 6559 3164 3292
7277 5744 2099 5066 6749 7631 8244 4974 4930 9760 8218 8247 9903 7168 9914 9893 3241 5511 7926 8793 5565 7920 1529 296 0 1089 3965 7482 4877 4557 4445 6500 886 4248 2745 4246 7255 8240 1475 1253 8603 9684 3025 7738 2902 2060 7303 4184 6628 5835 3640 8607 7064 6815 5297 3878 7476 686 4380 3811 1733 3417 7038 2164 6625 685 1995 5247 62 9837 8546 764 8052 6539 2161 4746 7052 2218 6631 435 8404 9800 8413 8149 5334 5369 9500 6405 2675 8405 4020 4586 7030 6092 7740 3030 3859 3127 5226 137 8086 5503 5317 9185 9655 3286 6274 4931 9761 6004 4501 5928 4927 7710 7649 2121 3887 8979 9633 1230 1439 6114 6745 1725 7893 7977 1820 3558 6901 1395 6358 8252 181 266 2712 3659 5417 9451 9792 3487 6102 7710 5351 7329 7845 8211 7185 369 4913 7825 2668 5498 1263 2131 3919 827 3062 2679 6696 6977 2021 3736 7949 9126 6396 3594 2204 7248 1976 2693 257 3941 7431 4702 7811 9909 5984 5882 8929 1595 1105 5360 7862 8136 217 863 9919 8028 6334 18 8025 8986 3546 2755 7216 6237 229 5708 2731 8041 3819 2673 854 3986 5759 8639 6141 8264 6675 7879 8287 2073 8493 4044 2016 2859 9763 3012 8268 9309 8816 6428 1074 444 5909 4516 8909 3028 4378 6589 434 291 1157 1140 5820 2415 9815 4242 1560 7387 5160 2535 3446 2172 6510 7614 4991 3295 745 6841
8925 5644 9763 943 856 4744 1112 3051 7206 8103 8911 7016 9458 609 9824 3883 2633 9385 8123 9128 1927 971 8056 6984 1089 0 7784 5911 3645 3444 6296 5585 8257 1923 6229 746 2868 7875 2493 2282 4198 8826 2635 2212 5038 3938 4915 7797 4927 2179 7589 6893 5935 3444 9213 8059 8642 8341 9329 3935 5939 8079 531 9492 788 6173 5240 3578 6505 9512 8425 7026 6578 1185 3351 818 3868 8437 6815 1748 2456 8217 4592 177 2296 2839 515 4665 62 5428 5725 9679 3531 7973 962 3719 6028 1486 6089 1433 4452 1 7604 9618 4811 488 645 6452 4041 585 4346 3487 5230 3718 7877 9057 3658 4229 208 9155 3081 1651 9627 7451 1801 8156 3652 158 7258 9399 7862 3079 4345 166 6184 8808 8914 9878 8814 6735 8883 88 2777 7815 2826 5435 7485 8714 4627 9215 2371 969 426 4630 9215 1377 8924 3236 6315 5825 9080 3462 5766 6447 7648 6982 2848 2396 2233 3719 2714 6955 4020 7998 7204 4945 4651 678 3168 5895 1201 2998 2162 5662 2588 9472 7768 2890 7957 6361 9203 1280 7593 537 4509 1228 3981 5894 5719 2031 671 8235 3529 45 8157 5639 2683 4929 7976 2511 7085 7688 3441 984 8729 2327 8072 6605 8805 2086 2961 8229 8203 5218 4367 8953 2368 3595 5401 3464 4303 541 3576 1434 4010 5713 9031 4524 6181 6630 2490 2817 3137 3601 3740 9574 8120 1135 7278 3770
9815 9216 2809 6869 3541 6888 6289 695 1786 8700 571 2729 9234 8406 4709 4039 5635 8198 1112 1515 9565 9181 3456 1674 3965 7784 0 7641 1591 3985 8333 2116 5795 8814 3649 4073 257 9317 4024 8912 5852 1949 6198 2447 8224 9819 9540 7326 705 6290 25 6486 919 5694 6679 9378 6810 9757 7063 1992 2931 4245 6648 5369 3452 1248 6310 6321 9398 1154 7761 5042 6097 6387 8252 3720 6230 5571 2386 3186 7937 5692 5521 1066 3782 6871 3020 1756 8299 5507 3161 9579 7009 7292 5793 8924 3399 8029 9549 2470 7991 2746 5603 515 1172 5560 1618 63 8078 5358 5044 2789 5622 5578 8296 3212 6739 2204 8956 7887 8550 1477 1692 7512 7579 624 8739 1271 4709 6697 42 8482 2747 392 4222 9934 2342 8697 8976 2936 2319 8515 8356 1702 4431 3233 6244 1275 7389 2311 5112 9190 2402 8575 4886 7412 5176 3837 8969 4676 2319 9404 6772 4307 9321 9492 9978 7144 8562 2810 531 2651 1613 4306 9990 4348 2417 9483 8367 5348 6795 3560 8379 2049 3615 2497 1163 1454 2447 7502 8480 1621 8258 4004 9895 6044 5820 1140 1986 1445 639 3685 9492 1626 3010 1024 4671 8372 7296 4727 3372 8723 9288 3677 4471 3281 378 7888 8634 1910 1407 4035 3275 1902 7702 866 4383 4904 9415 568 7269 525 7082 8449 1578 1184 5800 2660 7985 6669 5750 863 7126 4584 8634 4506 7643 4636 7126 9971
4768 1778 5706 915 9331 3733 2454 6988 9029 707 6474 1270 5749 907 7656 7721 9216 1646 4681 1524 9965 5124 4498 8680 7482 5911 7641 0 713 966 3792 9170 9033 8597 5617 7178 9134 7826 7130 8637 9902 6210 2276 4545 1910 7642 4272 8344 4487 6774 9526 8724 9529 7829 9597 615 414 2925 4411 6159 5650 7676 3333 5077 7591 4451 2195 5553 7735 7072 9656 8429 9747 1115 5763 4191 5341 534 1404 7633 5296 4158 670 4761 1956 8907 709 9777 1142 3067 3940 1059 4924 7118 8766 1313 6363 4197 9113 7507 3441 9439 592 8443 8015 7139 1527 447 2050 2122 3909 8586 2186 4957 1131 870 1351 807 5706 9382 7620 7970 886 1391 9864 4306 3597 6790 4057 5640 4231 3833 810 7150 4136 7060 5830 9759 7350 7620 8963 5230 288 8023 8085 172 5387 9113 1229 9566 403 7954 5125 1747 9457 9964 1206 2483 7562 8414 8462 3023 2866 7413 4461 6118 6485 4905 7141 4580 4476 7869 2658 155 807 5605 3936 8152 7390 9782 2689 9006 4650 7710 18 9635 8703 7593 8683 9178 7293 1597 7772 9033 7292 238 4380 7537 4034 329 2242 9808 3276 462 7795 1467 9497 8104 9365 9400 4573 9005 7174 9876 9243 993 386 2548 3578 9635 7088 425 4787 1196 2507 7495 495 6624 2907 5492 6490 5219 8912 971 9221 1110 4678 1816 1019 5149 5665 508 2290 1329 8969 7033 5638 6201 4895 706
6871 4384 7691 3848 5115 8410 7180 2293 7234 6096 7273 9621 3750 723 665 6577 9986 2990 5574 8464 4131 8180 7980 6311 4877 3645 1591 713 0 7813 2793 8455 8283 2809 9225 4409 5977 9832 5468 2878 408 8288 2011 3664 4508 8878 3168 6651 26 8695 7549 5199 5377 6480 9109 3835 3706 3452 1347 7212 5252 3660 193 9343 772 3807 9010 9778 4664 1015 4010 3610 5509 4538 7396 9427 7246 6924 117 9974 7137 2672 1690 3844 769 3678 3461 4361 5491 7376 4216 1264 3639 3389 6805 612 2287 7704 464 7061 9523 3765 5289 2061 4597 7273 3002 2670 9474 6479 8395 8303 1843 2183 2275 2556 6964 4533 7485 7121 6862 8490 5819 6646 5935 9681 1100 2978 7894 8261 9330 5839 3304 8961 7571 2964 2952 6526 7069 3947 3215 8260 9879 8063 6009 9830 1839 5004 904 3008 2701 3282 7423 1831 6791 6497 1168 4139 7656 7964 903 9661 2772 4046 9390 5646 8781 9339 1723 4291 3849 5644 8426 3551 7650 2220 1684 2358 9755 6460 9662 8217 3858 4022 3157 1913 9606 6725 7623 6142 7329 2970 5433 439 3418 9586 4479 5013 446 5472 8461 9070 9658 5942 556 1863 1118 3905 9136 8463 6200 8346 5023 1707 9162 3273 6521 8411 2064 4538 5938 2983 6814 5181 9221 8631 8547 9862 7250 3191 1310 8726 1143 6121 6525 5000 5189 9432 2302 4656 8067 717 2290 1976 2010 9323 8417 1308 9331 4210
86 4085 1510 4847 7569 5229 3989 177 1799 1083 4472 1906 2483 2105 2113 9973 1971 6862 8192 2605 3880 8269 7725 8458 4557 3444 3985 966 7813 0 1153 8484 3001 9374 1247 105 5642 4862 7988 9837 9635 6526 9923 5367 1622 7411 2635 2798 5760 7293 5938 9264 3258 900 4312 6295 1784 4853 8051 4534 5245 9771 2194 2621 3662 1166 4747 3495 7214 9153 1451 344 7751 2108 994 3308 9929 2475 2189 6175 6712 1739 2665 4774 6941 4959 2075 386 2827 6439 41 3519 4200 4729 1641 9352 7075 9549 6127 1073 9922 8480 6375 7287 8382 1997 8952 1336 3932 4501 139 5999 3842 4099 1970 755 8678 9365 8059 6039 8816 8114 3041 5749 6427 7184 3374 9707 4915 7431 7485 7958 4676 3394 5029 3986 5952 8975 9052 7511 3492 9672 4265 7392 3927 3576 8392 1854 2219 4898 2491 7049 7317 2504 1606 2634 5591 4184 2362 3906 4783 5333 9219 1858 8305 5218 7286 4449 7644 7601 6489 7026 3014 9321 7344 1358 9178 3015 9994 5450 8172 4559 4232 9535 2226 9889 1516 2523 1570 4350 5187 5032 9674 8388 4200 8701 1688 5617 6198 5200 7444 5969 1189 6853 3590 8325 5642 2209 985 5636 6596 2339 8308 6771 1389 6765 8788 5958 3127 1189 2366 3049 3337 2449 1601 417 4423 9231 4994 1983 4891 8211 494 7038 5145 5761 9629 8620 3505 2490 5622 9636 4005 7821 85 8375 2707 2747 7024 98
3125 5749 2252 9746 1017 1227 100 112 7375 4463 7797 2610 1182 4856 9419 2266 3228 6533 8418 9978 2311 9123 5286 4343 4445 6296 8333 3792 2793 1153 0 6548 2228 3857 8317 375 2817 5093 3237 1143 9471 595 8856 4634 9831 7691 5902 8010 9530 5477 4992 7841 7977 1995 4005 6269 9901 5648 9637 8758 7607 3487 8203 986 5184 1600 4816 8816 7404 5225 6085 6272 3315 8521 9726 6156 5845 8787 1859 2195 2697 7355 3357 7727 8952 969 253 7083 2347 9114 1771 1767 1687 488 8661 2868 1268 6645 7457 1776 3214 625 3187 1192 4843 9688 8705 2191 1904 9771 2490 4415 2875 4299 5334 46 8846 362 5035 990 488 5310 4143 3250 4238 9905 3642 521 5598 8558 8852 1066 4565 6941 6069 6084 1144 8836 3201 8669 7750 2932 783 1359 1224 5498 1492 3921 5894 4407 6381 5831 4033 4541 9154 426 6900 3666 3852 4664 6294 8595 9145 1984 5258 7982 3640 334 7512 280 2008 944 1455 8479 830 3486 7902 2671 398 7101 4460 6354 5453 5540 3730 4156 2865 1697 1195 5643 1750 910 782 6148 281 2853 2432 1825 5858 8860 8644 8474 6946 2382 2774 8670 2206 6688 3061 7268 6261 6253 1528 7966 8727 2167 1805 1316 2247 8197 9367 2989 7897 230 9543 6565 987 4471 4822 6593 6032 3647 5032 5097 8398 2429 3118 9089 6837 7622 6811 7128 1532 5628 2695 3965 4381 1870 3450 7194
5564 9688 8114 8457 9251 2263 4167 743 8494 3167 1442 7423 3215 1509 6630 8471 6859 7796 2665 6207 4532 8386 7821 2193 6500 5585 2116 9170 8455 8484 6548 0 5329 2021 1618 6526 2460 4975 8831 3224 9733 6176 5271 7508 7216 3010 9358 4755 4577 5782 2327 9556 2022 4481 1921 5450 6495 7468 3725 1778 4873 4773 2838 7736 3530 4695 4543 9284 4867 3978 558 8791 6398 9516 8568 4777 7431 5616 2252 7698 1787 2738 8636 3297 6182 7546 864 8064 8147 2218 6866 4432 6391 7842 1092 1386 561 9062 7022 600 2844 2499 3112 9729 9735 2458 4311 7870 7577 411 7702 3971 8249 9046 5009 9710 1859 692 6636 3005 4808 7203 4939 6648 2357 3612 8772 8613 3665 8969 6278 8556 5199 6404 6543 7353 3874 3687 5535 4886 4533 2247 3499 5185 3277 6979 8235 7569 8610 3655 5795 9913 2175 4864 6331 8682 5291 3793 99 4713 7527 5043 1048 2214 1799 3412 5498 3506 6362 968 6568 1052 1045 881 6045 304 2673 9171 9780 7572 7719 8651 4910 3294 8569 6524 6265 7453 241 1781 6559 7444 8221 8439 3513 8897 2094 7959 9138 4548 2517 9669 2169 8385 9278 1037 7572 4755 5586 1177 5010 668 7868 367 6280 1404 6516 5031 3929 728 164 8562 4195 9845 2791 4609 7991 5325 1122 323 1944 8990 6030 1046 9865 8988 1082 3446 7708 3523 2788 8074 6491 1914 7153 5445 3702 4231 3084 9227
