50
0 8250 7181 2928 382 57 8019 7623 3854 7320 7508 2942 7753 6559 1754 1099 2104 5874 7054 5985 1502 7241 8263 8358 667 666 2134 1347 5140 8380 1310 889 8256 6190 2231 423 1087 1795 3173 2156 8058 4716 2705 3622 1073 5749 4132 2601 5305 4505
8250 0 7477 2352 4164 8228 7866 3413 9697 4306 8290 3889 5227 6099 603 3259 2983 6610 2641 4557 5371 6174 2764 4330 1885 8695 795 5894 7422 9096 8543 9503 1713 4129 8776 6459 6086 4337 6156 6044 9459 2395 5902 5420 1333 7246 3769 2895 791 4855
7181 7477 0 8455 4155 5080 9598 5122 29 553 3631 2447 4767 7081 6843 8399 5965 782 2163 8001 3723 746 365 891 42 9291 5815 4976 1742 8570 5851 8750 3674 6770 9561 4934 9651 2190 3345 6000 7780 2598 2207 231 3990 2446 7386 1569 1043 2370
2928 2352 8455 0 4419 6585 4329 188 919 9213 5739 9743 9477 7270 9861 8480 8074 4071 2704 6 720 1008 8708 413 6651 3041 3893 2608 956 1718 202 9026 3231 2330 6769 3268 8491 9962 8305 6803 2861 8332 5068 1044 4919 794 7830 8821 104 6146
382 4164 4155 4419 0 7154 7622 1318 7413 2873 3701 1724 4283 3805 635 2019 5497 4313 860 4357 9073 7144 8572 4346 4843 3555 1399 8313 249 2781 4265 3868 3322 2608 5355 3144 6368 5383 9850 3918 6216 8787 7692 7735 8693 104 434 7163 3831 9344
57 8228 5080 6585 7154 0 5042 3472 6415 9590 1274 9260 2810 2369 539 440 1833 1747 2651 5650 2323 470 505 682 2267 698 1111 764 1077 9674 5954 3265 8747 1080 6288 1754 4039 3370 3328 1834 554 564 1433 4708 7817 1636 2173 1603 3358 4824
8019 7866 9598 4329 7622 5042 0 5228 5513 6942 4278 342 5749 4205 4630 793 6029 5256 9863 8253 7800 4712 507 6765 511 7150 8497 1610 5681 7683 788 8812 9274 3548 1489 9413 4704 2791 7144 21 8577 3310 4724 884 71 5698 8041 1567 8052 3023
7623 3413 5122 188 1318 3472 5228 0 8103 9708 5688 8440 4269 9470 2603 4648 3517 3793 8164 2716 1800 1325 8032 9195 1713 5351 5826 1558 6574 6465 1411 6916 412 6094 3377 4966 4312 7013 8928 8211 2803 6214 3826 7551 2078 8708 9733 9918 555 5709
3854 9697 29 919 7413 6415 5513 8103 0 9528 5352 8548 2544 7377 9072 5297 2777 7588 7189 4214 9489 3785 2065 5473 7569 3898 8318 3138 4382 4939 2532 2555 4056 5350 9877 8555 5711 2636 3870 5375 3101 4238 1667 2696 1665 3201 6295 2473 2430 4949
7320 4306 553 9213 2873 9590 6942 9708 9528 0 4872 7125 4486 3214 1790 1750 4600 3382 6362 7600 555 206 6537 7152 3644 8199 4853 7590 362 2323 4214 9891 6630 90 3969 7045 9404 9624 6900 3744 9564 3745 2973 2035 7436 7086 5128 4256 1603 6874
7508 8290 3631 5739 3701 1274 4278 5688 5352 4872 0 3971 6555 2563 4096 6939 7909 7457 322 6706 8491 2999 5374 174 6368 8025 1742 624 4116 8902 3569 2635 3273 8506 5705 1656 9413 7483 8864 3358 7794 8391 263 6060 8547 5617 6723 7486 3442 3011
2942 3889 2447 9743 1724 9260 342 8440 8548 7125 3971 0 6430 8417 2005 5824 927 4136 4495 6256 6548 1007 218 1231 6858 6890 5769 9505 4344 1790 3677 4972 6561 8635 3586 6421 7571 3473 2695 2118 1128 3164 7686 9208 3702 2396 5785 6771 7669 4822
7753 5227 4767 9477 4283 2810 5749 4269 2544 4486 6555 6430 0 8982 2050 7690 5812 3775 4381 6162 4154 6981 3045 7890 44 4607 5865 4013 4945 5248 7856 7944 7020 1399 5938 2502 4967 6309 934 1397 9250 5319 2300 8694 5654 9542 245 188 3436 1179
6559 6099 7081 7270 3805 2369 4205 9470 7377 3214 2563 8417 8982 0 4800 4096 9964 1663 9477 2338 3827 3041 7404 5676 2501 3416 6594 8757 2751 9986 9967 1481 8986 4866 3233 8101 3491 8696 1288 7185 1916 9094 1940 4333 6865 3836 2282 7753 8078 9129
1754 603 6843 9861 635 539 4630 2603 9072 1790 4096 2005 2050 4800 0 957 7935 7652 2366 8050 4039 8162 2697 8839 9823 108 2627 5254 7667 9217 8152 4863 7631 6143 6976 6861 1235 2957 5904 467 336 9988 751 5414 1539 8366 7932 7940 2367 555
1099 3259 8399 8480 2019 440 793 4648 5297 1750 6939 5824 7690 4096 957 0 3495 6809 2079 5547 1547 5999 5592 7774 8610 9078 3452 4655 7130 5602 6920 4121 9077 863 4737 4798 5819 8089 6614 5467 8253 4451 8297 5649 3334 8064 1932 5421 3150 5195
2104 2983 5965 8074 5497 1833 6029 3517 2777 4600 7909 927 5812 9964 7935 3495 0 4902 2090 9608 1434 656 6535 9081 6652 8935 9405 814 6528 4921 1777 101 760 3111 7783 9972 985 8205 8907 6161 2409 9769 1359 3481 646 7501 2849 1660 2970 605
5874 6610 782 4071 4313 1747 5256 3793 7588 3382 7457 4136 3775 1663 7652 6809 4902 0 6907 1648 219 6043 2272 5068 9209 4227 4948 3027 6910 561 5217 334 7056 9278 9474 894 8155 9298 8554 645 1947 6898 9426 6629 7314 1101 231 6342 9729 9698
7054 2641 2163 2704 860 2651 9863 8164 7189 6362 322 4495 4381 9477 2366 2079 2090 6907 0 2544 7789 6757 8991 1671 1358 7736 3477 2486 254 6995 78 152 1993 1444 3575 1988 2113 7738 291 4512 9322 3969 7385 3070 821 5994 2372 1381 4802 9133
5985 4557 8001 6 4357 5650 8253 2716 4214 7600 6706 6256 6162 2338 8050 5547 9608 1648 2544 0 8160 7546 4162 862 523 186 992 241 1305 6372 5096 5119 9832 2719 7968 9977 979 5181 6022 9420 7188 7697 2727 2374 1912 5951 2687 6847 7814 6319
1502 5371 3723 720 9073 2323 7800 1800 9489 555 8491 6548 4154 3827 4039 1547 1434 219 7789 8160 0 7417 4456 9286 5470 4790 4585 993 9828 5440 9925 253 2475 9849 5056 9579 7021 4032 6171 6346 6163 9859 3839 7393 4641 27 5267 4309 4391 6922
7241 6174 746 1008 7144 470 4712 1325 3785 206 2999 1007 6981 3041 8162 5999 656 6043 6757 7546 7417 0 2576 9611 692 4727 2304 9370 2408 4486 8975 8191 5682 8758 1393 8847 9071 7942 6254 3283 3834 5070 9943 943 6479 7623 3384 4173 9607 153
8263 2764 365 8708 8572 505 507 8032 2065 6537 5374 218 3045 7404 2697 5592 6535 2272 8991 4162 4456 2576 0 6307 7532 8856 1436 8784 5818 1026 3815 6523 9496 8536 4252 8550 5259 7808 8293 9655 3307 3099 3484 3150 1510 2960 4748 5944 9467 9247
8358 4330 891 413 4346 682 6765 9195 5473 7152 174 1231 7890 5676 8839 7774 9081 5068 1671 862 9286 9611 6307 0 5880 6594 8474 2441 4035 730 8081 6128 1738 6089 7592 1339 2558 5173 9784 497 5651 4596 8510 9947 337 1541 550 3352 9264 7967
667 1885 42 6651 4843 2267 511 1713 7569 3644 6368 6858 44 2501 9823 8610 6652 9209 1358 523 5470 692 7532 5880 0 9612 9292 3499 4286 4584 6978 1591 7321 9717 9973 2144 4161 620 5551 3293 2961 6196 1370 450 835 570 9132 6056 7508 7976
666 8695 9291 3041 3555 698 7150 5351 3898 8199 8025 6890 4607 3416 108 9078 8935 4227 7736 186 4790 4727 8856 6594 9612 0 1051 9798 6510 1964 1473 4213 5221 9248 3820 1471 8298 6440 2992 7345 2616 6077 3852 3632 2820 632 4192 5767 971 9057
2134 795 5815 3893 1399 1111 8497 5826 8318 4853 1742 5769 5865 6594 2627 3452 9405 4948 3477 992 4585 2304 1436 8474 9292 1051 0 455 770 4225 8410 7920 913 1655 2372 5204 94 3259 4895 9663 9690 7229 1727 7712 5307 6089 4210 6390 2033 6143
1347 5894 4976 2608 8313 764 1610 1558 3138 7590 624 9505 4013 8757 5254 4655 814 3027 2486 241 993 9370 8784 2441 3499 9798 455 0 7885 6220 2761 7231 3906 2345 206 7666 3196 590 2571 3613 1274 6112 2289 7327 1589 6309 356 1231 7411 5566
5140 7422 1742 956 249 1077 5681 6574 4382 362 4116 4344 4945 2751 7667 7130 6528 6910 254 1305 9828 2408 5818 4035 4286 6510 770 7885 0 5284 3831 7823 1894 5997 2339 5439 3631 929 2953 7395 9066 2370 7192 2447 4364 6852 6746 4042 2550 416
8380 9096 8570 1718 2781 9674 7683 6465 4939 2323 8902 1790 5248 9986 9217 5602 4921 561 6995 6372 5440 4486 1026 730 4584 1964 4225 6220 5284 0 4441 9355 4858 5480 2749 4270 8044 1789 5211 7474 7904 1870 2512 8412 931 3459 9174 7822 4689 1952
1310 8543 5851 202 4265 5954 788 1411 2532 4214 3569 3677 7856 9967 8152 6920 1777 5217 78 5096 9925 8975 3815 8081 6978 1473 8410 2761 3831 4441 0 4223 3303 5968 7078 4284 3910 3901 1598 6392 4741 6809 2657 941 4809 2365 262 7243 8319 5585
889 9503 8750 9026 3868 3265 8812 6916 2555 9891 2635 4972 7944 1481 4863 4121 101 334 152 5119 253 8191 6523 6128 1591 4213 7920 7231 7823 9355 4223 0 8368 2296 7258 31 8627 4692 3044 5899 7131 664 6700 3576 4535 9360 2960 2262 2951 8546
8256 1713 3674 3231 3322 8747 9274 412 4056 6630 3273 6561 7020 8986 7631 9077 760 7056 1993 9832 2475 5682 9496 1738 7321 5221 913 3906 1894 4858 3303 8368 0 3775 2877 3222 9841 1298 1432 9970 8117 4487 2872 3375 2245 3148 9550 5046 3314 164
6190 4129 6770 2330 2608 1080 3548 6094 5350 90 8506 8635 1399 4866 6143 863 3111 9278 1444 2719 9849 8758 8536 6089 9717 9248 1655 2345 5997 5480 5968 2296 3775 0 1076 8512 6686 907 8494 5695 5492 4616 8077 1479 253 6709 7808 2183 4362 4068
2231 8776 9561 6769 5355 6288 1489 3377 9877 3969 5705 3586 5938 3233 6976 4737 7783 9474 3575 7968 5056 1393 4252 7592 9973 3820 2372 206 2339 2749 7078 7258 2877 1076 0 3048 9226 6014 600 2678 6081 9419 9746 76 5835 8516 7303 8448 1168 1978
423 6459 4934 3268 3144 1754 9413 4966 8555 7045 1656 6421 2502 8101 6861 4798 9972 894 1988 9977 9579 8847 8550 1339 2144 1471 5204 7666 5439 4270 4284 31 3222 8512 3048 0 5844 4009 5258 6248 9442 1002 4776 1764 8106 7314 8410 420 8691 8803
1087 6086 9651 8491 6368 4039 4704 4312 5711 9404 9413 7571 4967 3491 1235 5819 985 8155 2113 979 7021 9071 5259 2558 4161 8298 94 3196 3631 8044 3910 8627 9841 6686 9226 5844 0 2201 338 3990 1451 3665 2988 2750 1682 5110 4103 9099 492 318
1795 4337 2190 9962 5383 3370 2791 7013 2636 9624 7483 3473 6309 8696 2957 8089 8205 9298 7738 5181 4032 7942 7808 5173 620 6440 3259 590 929 1789 3901 4692 1298 907 6014 4009 2201 0 1580 3196 4283 289 9820 9445 7601 8567 3905 7277 1685 5745
3173 6156 3345 8305 9850 3328 7144 8928 3870 6900 8864 2695 934 1288 5904 6614 8907 8554 291 6022 6171 6254 8293 9784 5551 2992 4895 2571 2953 5211 1598 3044 1432 8494 600 5258 338 1580 0 1538 2932 740 4473 2016 7616 8087 9599 8204 4581 1802
2156 6044 6000 6803 3918 1834 21 8211 5375 3744 3358 2118 1397 7185 467 5467 6161 645 4512 9420 6346 3283 9655 497 3293 7345 9663 3613 7395 7474 6392 5899 9970 5695 2678 6248 3990 3196 1538 0 1999 1991 6646 2243 8873 9696 3726 3719 2412 9385
8058 9459 7780 2861 6216 554 8577 2803 3101 9564 7794 1128 9250 1916 336 8253 2409 1947 9322 7188 6163 3834 3307 5651 2961 2616 9690 1274 9066 7904 4741 7131 8117 5492 6081 9442 1451 4283 2932 1999 0 7570 6498 2692 303 6369 6889 9781 9876 8611
4716 2395 2598 8332 8787 564 3310 6214 4238 3745 8391 3164 5319 9094 9988 4451 9769 6898 3969 7697 9859 5070 3099 4596 6196 6077 7229 6112 2370 1870 6809 664 4487 4616 9419 1002 3665 289 740 1991 7570 0 593 6482 851 5951 5546 6565 3938 5489
2705 5902 2207 5068 7692 1433 4724 3826 1667 2973 263 7686 2300 1940 751 8297 1359 9426 7385 2727 3839 9943 3484 8510 1370 3852 1727 2289 7192 2512 2657 6700 2872 8077 9746 4776 2988 9820 4473 6646 6498 593 0 7136 9247 5253 6563 9192 877 5322
3622 5420 231 1044 7735 4708 884 7551 2696 2035 6060 9208 8694 4333 5414 5649 3481 6629 3070 2374 7393 943 3150 9947 450 3632 7712 7327 2447 8412 941 3576 3375 1479 76 1764 2750 9445 2016 2243 2692 6482 7136 0 8476 2402 5790 4084 6916 189
1073 1333 3990 4919 8693 7817 71 2078 1665 7436 8547 3702 5654 6865 1539 3334 646 7314 821 1912 4641 6479 1510 337 835 2820 5307 1589 4364 931 4809 4535 2245 253 5835 8106 1682 7601 7616 8873 303 851 9247 8476 0 5970 1786 8696 3071 1134
5749 7246 2446 794 104 1636 5698 8708 3201 7086 5617 2396 9542 3836 8366 8064 7501 1101 5994 5951 27 7623 2960 1541 570 632 6089 6309 6852 3459 2365 9360 3148 6709 8516 7314 5110 8567 8087 9696 6369 5951 5253 2402 5970 0 5314 7094 3289 8270
4132 3769 7386 7830 434 2173 8041 9733 6295 5128 6723 5785 245 2282 7932 1932 2849 231 2372 2687 5267 3384 4748 550 9132 4192 4210 356 6746 9174 262 2960 9550 7808 7303 8410 4103 3905 9599 3726 6889 5546 6563 5790 1786 5314 0 341 3694 2284
2601 2895 1569 8821 7163 1603 1567 9918 2473 4256 7486 6771 188 7753 7940 5421 1660 6342 1381 6847 4309 4173 5944 3352 6056 5767 6390 1231 4042 7822 7243 2262 5046 2183 8448 420 9099 7277 8204 3719 9781 6565 9192 4084 8696 7094 341 0 6893 6505
5305 791 1043 104 3831 3358 8052 555 2430 1603 3442 7669 3436 8078 2367 3150 2970 9729 4802 7814 4391 9607 9467 9264 7508 971 2033 7411 2550 4689 8319 2951 3314 4362 1168 8691 492 1685 4581 2412 9876 3938 877 6916 3071 3289 3694 6893 0 7433
4505 4855 2370 6146 9344 4824 3023 5709 4949 6874 3011 4822 1179 9129 555 5195 605 9698 9133 6319 6922 153 9247 7967 7976 9057 6143 5566 416 1952 5585 8546 164 4068 1978 8803 318 5745 1802 9385 8611 5489 5322 189 1134 8270 2284 6505 7433 0
