100
0 742 6545 4652 6537 7371 1474 6037 2386 1818 2829 9432 4688 8337 7237 1104 6207 4218 5595 8356 3982 6731 7113 6918 6361 3907 8932 6304 4950 8648 4290 3042 864 7800 5852 1300 1516 3376 1826 7433 4731 8010 475 459 7685 6358 1268 1926 8599 6975 6265 6683 645 5971 8874 6714 5431 602 4320 600 9970 6385 1454 8173 995 7598 3124 8539 6517 4689 1438 9645 5128 933 4029 7197 3508 1722 1537 6309 1789 9489 5395 3586 9808 3859 645 5078 2341 2454 4825 9855 7116 6369 1746 2052 210 2883 4745 3728
742 0 1148 4431 6680 6062 7139 1761 6504 6694 8471 3368 2952 9044 6102 3876 8655 754 2417 2950 2352 3228 4311 6394 9013 4573 8422 3930 6687 9612 6467 3048 2156 2587 6354 1888 1503 6828 1100 9338 5997 2507 1138 6541 449 843 9179 7585 109 1367 7765 936 589 371 2398 3049 1244 4815 3844 6850 8201 4304 6446 423 7192 8571 7329 6293 3770 78 2160 2257 2812 987 3939 1270 2046 8435 9841 4364 8460 614 8195 5324 9284 939 1809 6810 7687 1897 1591 3278 5965 1272 8618 8875 7438 422 2011 1560
6545 1148 0 9968 7814 3659 3032 8839 916 7272 9050 3722 6237 3445 6489 3548 3937 2050 6866 3084 2358 391 9758 9336 7559 9009 4624 5759 8726 7096 6610 6307 4489 2039 7717 4345 7523 2988 5325 5795 500 1769 2685 4513 9627 2223 6307 9990 7204 1272 776 7928 5744 3759 9879 8886 5756 7018 3952 6714 8356 1778 9860 2313 7754 3866 1312 8332 4143 105 9466 1436 1986 7195 7452 9540 3522 5593 4525 4786 7868 8325 1596 8528 4671 2805 2132 7909 7663 5088 813 1816 6667 9460 5770 8773 7948 8505 1516 8253
4652 4431 9968 0 6056 5504 4813 1387 8731 8823 5267 2445 4790 1833 7062 4358 1412 4410 4038 7927 411 5474 5928 8381 4409 1001 2712 8568 152 2319 2345 7189 869 8497 9084 7824 5056 7599 8943 338 7981 4423 1550 9382 7358 4253 4928 450 3835 1566 5178 8214 7940 8556 6688 3268 3382 1011 3547 3024 7072 126 1724 3710 3149 8531 4565 1898 7719 364 3966 2227 4058 8659 305 1174 7702 5674 4541 9053 5847 1110 2001 6931 8646 624 6442 3073 2579 2160 6175 1011 1666 2784 2576 3893 321 1692 9508 9585
6537 6680 7814 6056 0 3984 5128 642 3244 720 8913 1790 9875 2776 7507 4736 7927 8475 1548 6140 2753 3597 8653 802 7467 9798 1013 9267 7527 485 9353 3245 3605 2771 1104 2235 1420 6146 9623 9581 3434 6651 8390 791 4486 7877 1228 4914 8266 5282 4951 3424 5432 4772 9889 2893 688 3414 3523 9526 8174 2016 6159 7586 8354 340 5759 2873 54 5948 4472 820 2359 1787 4611 2080 1826 9342 8282 4158 3375 9339 7277 7743 7719 4782 9018 959 2369 960 9228 963 296 3185 8085 1010 1903 756 3608 9015
7371 6062 3659 5504 3984 0 5177 5322 1507 8600 2282 8044 9348 9666 6931 2548 2565 1611 5092 7647 4577 9164 7753 5439 5557 9850 5948 8982 4133 6928 1853 6922 4819 7056 9063 7946 1271 4893 7075 4434 6601 8036 4722 8414 301 8263 2261 7269 8577 1836 8259 2427 7443 7788 9609 103 6054 448 5368 9349 6388 7378 3199 4769 4212 9597 3994 6956 457 4827 2206 4296 5409 6219 614 6930 759 9738 9733 1976 1005 4735 6523 2074 9857 8066 3058 6855 9801 9315 9643 1706 5865 8151 9782 8713 5581 2812 8265 376
1474 7139 3032 4813 5128 5177 0 4153 5767 1569 5394 505 1923 9302 4216 5302 3774 1039 9431 5824 8209 3166 2161 5619 9218 7981 511 4920 7417 3719 6024 2308 1911 6022 6569 9263 4041 53 195 9756 8878 1167 8561 166 5219 2388 3316 7334 8599 5926 281 9246 8514 6128 9752 5144 3077 101 1150 8744 7866 3646 5416 1408 3278 1957 4378 9377 8514 5008 6498 7659 6092 4512 6382 7213 811 6124 9094 9389 2123 3179 1203 9780 89 2412 6442 2534 5915 1932 930 426 1186 8233 6659 1747 5443 8739 9537 4001
6037 1761 8839 1387 642 5322 4153 0 5058 4570 5695 4601 7370 4963 2051 888 1652 9928 7765 5222 1846 6968 4652 7326 659 6053 6490 1890 6270 4205 3364 9583 5353 2988 2599 3960 8290 9004 9725 3636 1038 1133 3180 2996 4201 2400 6595 9109 3140 5675 7795 4741 8519 4543 7387 4684 2778 786 7857 2537 6822 574 8165 4448 680 9135 6722 7598 9334 1317 5552 5966 9353 7369 3994 6967 3071 4630 6220 2186 4340 9654 9505 9436 7437 4263 3586 4445 6906 3652 6153 4161 2637 449 3467 675 5880 2948 7950 1457
2386 6504 916 8731 3244 1507 5767 5058 0 3542 2574 46 7972 3096 3253 9281 7390 6694 2579 3767 478 8237 5812 6544 4336 2216 9059 2345 5892 8458 2757 419 3733 2063 2909 683 7027 4352 8994 6409 297 8052 8881 194 1227 4897 833 825 9740 6499 3306 5353 7748 5997 6462 565 5544 8145 2439 3718 6431 2591 5529 6717 866 1291 8124 7190 6950 3849 9358 2837 3619 7805 8459 7099 1405 3777 6200 9355 6712 5375 4814 5014 4663 1404 4428 4966 1909 169 2376 4224 3458 7942 2035 1652 5562 2488 8822 6412
1818 6694 7272 8823 720 8600 1569 4570 3542 0 5005 1978 1443 831 9501 7530 69 5125 7202 1688 9318 4373 4016 2890 1456 9963 6318 6100 3001 7865 2702 2489 4928 8404 5135 8862 3122 587 5617 5707 5910 8777 555 2277 5851 7070 8971 5649 1433 8587 3066 2069 4799 4167 7065 9395 1482 3836 5887 6231 4456 7425 3991 1536 9419 9768 5671 4966 3019 7422 521 5826 6724 6305 1286 2867 575 530 1564 3480 3640 5536 5252 3008 3806 6026 9904 5464 6899 8597 1371 935 8123 640 3996 2196 605 3015 2773 8710
2829 8471 9050 5267 8913 2282 5394 5695 2574 5005 0 3677 8431 2211 4469 2886 310 1382 7503 9167 2611 122 2264 4773 9781 2756 3870 3562 7356 6718 9882 1350 2720 7579 77 9737 2667 1149 9167 7931 5153 3860 9767 8377 7388 1263 5678 298 7125 187 9273 796 5157 2369 6930 2461 4159 9497 5126 4777 5792 2351 3528 993 5326 5659 8203 2228 2972 3723 7813 7509 2243 526 7639 9219 2925 1433 1072 7777 7672 6868 2863 537 5419 4013 6963 9846 6615 3330 6933 1279 5782 7104 8373 2436 213 3687 49 868
9432 3368 3722 2445 1790 8044 505 4601 46 1978 3677 0 980 8197 5395 3078 8679 4446 113 864 982 6142 1026 9734 1113 714 5211 9441 7855 5360 6323 7008 3125 6355 7394 4025 3892 3291 7339 8708 7816 3740 273 38 3273 7400 1375 8200 4158 2342 285 2533 7586 5393 4976 715 7496 8426 2306 5856 1236 4150 9188 4533 6157 1641 1563 613 2563 7646 6691 5992 209 3151 3136 4945 1907 7797 2410 3624 1572 2582 5652 3186 465 5198 5889 6210 2859 8445 6189 5361 3275 6833 7491 5791 2793 3126 6930 423
4688 2952 6237 4790 9875 9348 1923 7370 7972 1443 8431 980 0 8172 5971 7933 5118 1416 5369 9968 977 6026 3357 2826 8466 6924 6454 335 2001 7502 4865 2246 6017 4962 614 8889 5472 8841 9418 1135 2882 1987 6394 3342 8315 5196 8495 4476 5273 3877 9433 8057 4606 1608 2165 8627 3094 2388 5298 9106 2306 6603 524 6190 9588 9515 5992 1276 6003 9531 3826 5740 3779 9521 8291 4509 6977 7873 5324 280 854 7151 4676 4544 2915 4645 4569 1066 2685 1181 7440 6782 2573 9338 3099 9524 3323 199 6358 7279
8337 9044 3445 1833 2776 9666 9302 4963 3096 831 2211 8197 8172 0 3122 4337 6587 1840 152 2285 9209 7798 8486 8368 7840 1369 2939 2678 4337 1302 5577 3483 5023 8744 7675 5328 9112 7632 8132 4808 5757 5974 8947 6940 9026 8847 9290 3421 2920 9230 8941 2805 5187 2680 523 1087 5077 7432 8001 6734 9036 3077 4928 3375 524 759 6101 1396 7295 1403 4786 9328 7131 3179 2902 7489 4453 5317 4298 5980 1572 4084 1336 9066 5796 9667 5832 1247 2196 5266 7527 4850 5954 6012 7225 3547 8232 1234 3781 1859
7237 6102 6489 7062 7507 6931 4216 2051 3253 9501 4469 5395 5971 3122 0 4276 7829 6605 5023 6746 4750 286 2365 3988 3959 6032 6604 3531 7165 3354 9177 1779 706 5780 1698 9779 3213 8840 8112 9961 6340 2154 5681 7400 6129 3424 973 2498 3520 8459 5289 108 4280 5220 262 6393 3436 3283 3976 9759 2888 9784 2126 2058 1824 2192 7404 3591 6975 6429 5676 8534 6653 9093 9435 4065 2528 6750 800 7455 8179 9008 8891 5508 49 4395 3144 2166 120 4604 3871 9597 8443 8854 6007 4595 3060 3674 3385 5901
1104 3876 3548 4358 4736 2548 5302 888 9281 7530 2886 3078 7933 4337 4276 0 5510 5782 3511 6400 3540 6472 330 1981 7031 9908 6709 7332 5364 2269 3728 1004 2714 1956 130 4615 1246 1074 5151 4268 9051 4034 268 6757 2790 555 5585 5264 7351 8584 9581 3204 5357 6549 5494 3752 2962 7968 5287 2952 1201 8800 6715 3899 604 1869 84 1550 2761 8216 7682 4530 6543 8246 8232 833 7747 8404 4878 1995 7475 830 1294 813 1821 7082 4697 463 723 215 178 1299 4188 5490 4630 1177 130 1606 4365 9512
6207 8655 3937 1412 7927 2565 3774 1652 7390 69 310 8679 5118 6587 7829 5510 0 7507 2951 9768 90 8063 8493 9400 4551 8840 6432 4011 8112 3662 2761 3196 2118 6795 3692 612 7117 1432 3480 1396 2467 3821 7397 1423 5081 8099 1986 4843 4604 5647 1332 2854 3805 2855 420 4856 8110 6896 5263 9924 8601 2989 5774 7161 6617 4108 6554 1915 1284 1719 5919 2893 1391 344 3728 8658 4989 1885 2479 6857 5436 5297 7616 5671 7108 8923 6305 392 2960 5693 8794 9766 9312 125 1703 3063 5573 7688 2043 9568
4218 754 2050 4410 8475 1611 1039 9928 6694 5125 1382 4446 1416 1840 6605 5782 7507 0 9044 3777 74 3649 8737 1447 1012 8682 4104 2558 5511 779 587 5719 1008 5837 5730 9899 344 2289 3378 550 4340 756 5415 5805 1292 6000 8226 1876 8532 9881 6548 4511 4439 568 34 8501 1213 2706 681 7560 8856 7069 2339 8807 2203 5021 9074 9284 2285 7147 6590 5174 198 2722 4479 3780 379 6317 5676 7977 247 3252 9455 10000 3964 6585 3022 1539 9864 6527 9481 3498 589 5743 9019 3973 8814 5414 8827 3830
5595 2417 6866 4038 1548 5092 9431 7765 2579 7202 7503 113 5369 152 5023 3511 2951 9044 0 9565 1325 2038 2083 7377 6415 4198 6528 9677 7416 32 3587 4906 710 402 1276 3188 957 7427 3390 7954 6920 456 1332 9682 5399 5315 8209 2259 1119 5100 9592 8353 1604 482 4391 4111 1925 919 7173 3467 7703 6812 8432 1639 7278 8511 8991 7359 88 1957 3065 6536 9430 6962 5279 1219 3015 5616 7770 889 4368 7269 6366 271 390 852 2897 4741 7417 8752 6884 5232 4177 7932 9787 3089 5563 7966 2284 7473
8356 2950 3084 7927 6140 7647 5824 5222 3767 1688 9167 864 9968 2285 6746 6400 9768 3777 9565 0 7231 4715 8001 10000 1288 1053 7978 414 5413 5473 908 4043 9005 9843 1222 5333 1008 5710 6186 6289 8734 3190 2055 1243 5427 8231 6767 4034 4848 6740 4529 8494 4653 4366 6406 6523 4360 6896 6421 1206 5108 5719 2483 9594 9349 450 5884 3990 4159 2606 7534 6642 1870 7341 4519 7051 8705 2329 1064 4110 3426 2108 2560 3195 7297 6942 1067 4298 3554 6372 9775 3164 5515 5590 8810 75 9533 4813 2882 9921
3982 2352 2358 411 2753 4577 8209 1846 478 9318 2611 982 977 9209 4750 3540 90 74 1325 7231 0 228 6963 448 9003 3060 9878 7665 5240 6917 6021 3846 6771 2941 4612 9391 8875 8200 5589 8069 1584 3263 4697 4614 172 8734 7698 3468 2750 1254 436 3523 9916 7177 5328 4772 4402 8800 7550 1569 9173 4222 176 2871 4064 609 8100 5049 9025 7365 3702 4582 5510 4558 7041 5803 6791 2505 9466 4561 4026 1465 7589 9093 9897 5454 4311 9512 4290 9172 9796 6585 3349 7333 1004 757 2124 8972 8934 2155
6731 3228 391 5474 3597 9164 3166 6968 8237 4373 122 6142 6026 7798 286 6472 8063 3649 2038 4715 228 0 2356 5632 9577 5203 1438 4201 5547 3363 9300 6381 8289 9967 516 1236 5934 1953 9888 2830 3679 1137 6474 1862 1553 2308 5207 842 9978 2165 9846 2926 8376 8241 3407 6964 2544 1896 3018 9761 6499 9071 1538 8085 1867 3417 8957 4698 665 6693 2713 5943 8464 736 4082 134 5659 269 9147 618 9054 2470 9809 1885 3967 6233 3299 5915 3418 9246 6590 8208 9438 6403 6151 7022 6921 9498 9250 6297
7113 4311 9758 5928 8653 7753 2161 4652 5812 4016 2264 1026 3357 8486 2365 330 8493 8737 2083 8001 6963 2356 0 2724 4310 4385 8801 8767 3298 2590 4469 2647 3846 4125 6001 7521 9584 8469 7831 8841 5736 5131 1953 2291 3972 7584 1532 4277 8797 4870 9179 7235 616 6991 3992 4664 430 2915 8508 9716 7676 7584 3279 2138 8686 4986 7318 370 6569 1010 315 2245 2931 2000 7492 8130 2014 2348 6923 915 2032 1862 389 671 195 5600 7676 3719 9732 5113 5788 797 9337 73 1543 3912 7659 7408 9199 6993
6918 6394 9336 8381 802 5439 5619 7326 6544 2890 4773 9734 2826 8368 3988 1981 9400 1447 7377 10000 448 5632 2724 0 1775 7832 6667 5835 7049 5548 730 9499 9658 1311 7649 1295 4768 5941 9989 9376 9359 7177 9263 7407 3690 7380 4750 4265 5249 4588 1515 5684 2485 7675 6851 9746 5033 7593 1053 1623 3123 471 230 1795 8520 5650 7552 4612 4646 1081 1274 7277 7553 8337 2021 4245 9679 5766 3997 4184 3584 8657 4933 5174 1756 6252 3192 9509 5611 7170 2127 7531 140 0 2732 4612 8092 2303 5135 938
6361 9013 7559 4409 7467 5557 9218 659 4336 1456 9781 1113 8466 7840 3959 7031 4551 1012 6415 1288 9003 9577 4310 1775 0 2676 223 1572 5350 4230 649 9744 4862 9439 4887 7449 5654 9041 4572 6606 3122 98 8507 8840 4162 3138 4908 923 1031 255 6121 5434 1087 5027 1127 5147 7345 9001 7127 4991 115 2890 2639 4376 6813 6440 2675 3685 6487 5962 102 6143 908 3757 8372 6885 4620 9218 7408 5266 3296 3585 9642 3243 1662 9848 8375 8534 4813 5214 5476 502 5127 372 1404 1505 9011 1411 7973 3457
3907 4573 9009 1001 9798 9850 7981 6053 2216 9963 2756 714 6924 1369 6032 9908 8840 8682 4198 1053 3060 5203 4385 7832 2676 0 6541 6623 2745 7363 5967 6617 9091 7679 691 5475 5326 2248 7509 1413 1035 1744 4781 7332 6639 9186 1628 7107 6686 1808 2624 4448 3125 3152 1519 3446 450 4207 3496 3126 8821 7955 6985 3882 7691 1134 5842 1784 6322 2330 8308 7945 1869 7427 4946 6758 9228 2938 8119 2126 419 2686 3189 7194 638 1541 9951 661 5679 6861 9562 8396 7363 1714 8475 1273 2714 6834 33 7474
8932 8422 4624 2712 1013 5948 511 6490 9059 6318 3870 5211 6454 2939 6604 6709 6432 4104 6528 7978 9878 1438 8801 6667 223 6541 0 6714 6308 4815 8591 4496 2294 2515 8138 6266 2508 7148 7784 3754 3914 9198 1833 2959 2794 2053 2455 5386 1027 5474 1382 3982 4753 3291 787 5309 7013 6862 1179 5914 7511 3993 8693 5094 427 1503 9924 6194 5285 3161 457 4177 6221 7701 101 118 889 4182 5400 7224 551 7962 2549 4907 3800 3899 3485 7180 6106 3021 419 103 9351 7223 2217 7001 2553 8369 1791 814
6304 3930 5759 8568 9267 8982 4920 1890 2345 6100 3562 9441 335 2678 3531 7332 4011 2558 9677 414 7665 4201 8767 5835 1572 6623 6714 0 2300 7624 3559 1497 9033 9378 7757 5284 791 5670 9815 7092 5327 3497 8816 9677 1879 2546 9362 4881 3201 6411 9738 7097 803 6566 4865 1747 7210 175 9763 9635 8877 423 9498 3895 6286 39 727 3440 8355 5321 926 2601 4047 6636 5055 9991 2981 1748 2589 8177 4122 8443 5718 2156 682 4221 353 2727 7017 46 8619 8236 8735 8219 4251 4369 9260 9573 6348 2194
4950 6687 8726 152 7527 4133 7417 6270 5892 3001 7356 7855 2001 4337 7165 5364 8112 5511 7416 5413 5240 5547 3298 7049 5350 2745 6308 2300 0 2033 8967 4336 9095 9758 9831 4241 8731 5005 8315 1683 8046 7277 7765 558 1734 9649 1107 4944 1843 871 7954 2883 146 9948 9939 8959 9877 796 5490 2744 20 8756 2194 4526 3904 8913 4410 2172 5775 8758 1114 2545 6201 6686 5952 8967 6574 2579 9180 5926 4357 8059 2967 3770 9120 7039 4545 9337 7952 5738 9008 5360 272 373 8519 512 5013 5553 1412 4663
8648 9612 7096 2319 485 6928 3719 4205 8458 7865 6718 5360 7502 1302 3354 2269 3662 779 32 5473 6917 3363 2590 5548 4230 7363 4815 7624 2033 0 452 8103 8323 9946 8689 4638 9801 326 7208 6460 9317 1765 2591 4426 2344 9988 5861 2508 580 873 9053 755 299 9566 1384 3913 749 71 9805 714 2210 3557 5088 7487 6434 179 6799 1643 1359 3796 6944 151 8643 8968 454 2433 8989 8665 8205 3155 7446 5914 6859 9415 2699 3463 8929 4655 5749 4758 9841 1057 6905 9805 1543 7453 7138 8108 6480 3632
4290 6467 6610 2345 9353 1853 6024 3364 2757 2702 9882 6323 4865 5577 9177 3728 2761 587 3587 908 6021 9300 4469 730 649 5967 8591 3559 8967 452 0 3088 2477 7997 8449 9715 8808 2349 3079 7998 2151 783 1082 2497 6209 603 1549 4053 9727 3887 89 2736 8544 3747 6567 4719 7915 4706 9162 7039 5990 5421 888 8220 4095 4320 8804 832 5387 3451 3022 4029 4609 634 4615 112 582 5286 261 7666 166 605 6938 7022 2666 6858 6636 4014 3893 9439 3381 9370 6683 7732 154 1548 8775 3043 4664 7091
3042 3048 6307 7189 3245 6922 2308 9583 419 2489 1350 7008 2246 3483 1779 1004 3196 5719 4906 4043 3846 6381 2647 9499 9744 6617 4496 1497 4336 8103 3088 0 7193 2197 9697 5442 4552 6477 5365 8489 8750 1957 1975 6112 8362 9755 8443 8673 6812 6607 1626 5237 6068 2774 779 7402 8904 2212 7148 8904 5897 9733 4795 6464 4577 5910 9730 9839 7764 8002 9700 911 6259 5338 1945 621 1721 3092 7924 7708 8213 2945 1067 6470 7459 3827 6870 7618 6158 9829 5151 833 632 2075 5648 7026 6644 9700 5747 3736
864 2156 4489 869 3605 4819 1911 5353 3733 4928 2720 3125 6017 5023 706 2714 2118 1008 710 9005 6771 8289 3846 9658 4862 9091 2294 9033 9095 8323 2477 7193 0 5749 3797 1787 1228 9180 5794 4903 9309 8756 9743 6606 6688 9813 6002 6333 2901 9576 2719 6077 4467 8826 399 8251 5987 7799 2658 3806 8491 5114 6825 8799 6064 7791 6333 3870 2418 7586 7373 5200 2204 7301 5785 2707 4509 908 5794 610 6166 9621 5895 2068 9408 3328 7429 9586 1057 1566 6246 4690 9498 2061 2471 5386 7388 4053 6098 1854
7800 2587 2039 8497 2771 7056 6022 2988 2063 8404 7579 6355 4962 8744 5780 1956 6795 5837 402 9843 2941 9967 4125 1311 9439 7679 2515 9378 9758 9946 7997 2197 5749 0 7298 4124 2436 9590 7093 5235 3057 3351 5569 106 7761 4333 6311 5888 6284 4271 9233 3202 970 902 6919 1205 543 4474 951 8461 5579 6113 1305 6927 1934 4256 641 8172 9810 4876 7271 83 9594 4348 3272 7317 8106 1653 9064 5363 5256 2692 3296 5894 8766 7100 2536 5865 7349 1607 1977 9653 9433 6135 1470 4104 8886 5184 6063 1209
5852 6354 7717 9084 1104 9063 6569 2599 2909 5135 77 7394 614 7675 1698 130 3692 5730 1276 1222 4612 516 6001 7649 4887 691 8138 7757 9831 8689 8449 9697 3797 7298 0 9613 1033 244 6078 940 7169 38 4044 7737 7027 1800 7685 5623 511 8842 8435 5157 765 1061 8979 1638 8531 5957 5829 1570 4998 3955 5753 5668 1225 9046 6783 164 1666 9400 5033 5260 7240 1514 1630 5077 7013 4891 4022 8076 4476 849 4070 5106 3003 4724 4578 5295 8615 6977 9250 4552 7661 1618 3174 8280 8603 2544 5748 2229
1300 1888 4345 7824 2235 7946 9263 3960 683 8862 9737 4025 8889 5328 9779 4615 612 9899 3188 5333 9391 1236 7521 1295 7449 5475 6266 5284 4241 4638 9715 5442 1787 4124 9613 0 5434 7658 227 2559 4259 7317 9715 9945 8110 5815 6331 7490 1745 5928 8095 6202 8190 3262 7610 177 5324 6805 420 5178 6060 3486 2879 4270 6608 3051 258 6551 7037 108 4983 6292 9240 8606 3568 3732 4628 324 2115 3355 3296 4847 8968 4694 6209 8053 6447 8581 4943 591 1856 7126 3215 8718 4704 4388 6551 6518 5720 7974
1516 1503 7523 5056 1420 1271 4041 8290 7027 3122 2667 3892 5472 9112 3213 1246 7117 344 957 1008 8875 5934 9584 4768 5654 5326 2508 791 8731 9801 8808 4552 1228 2436 1033 5434 0 2207 7787 3958 5811 7636 7749 1221 3312 4788 8188 1701 2469 2518 1660 6529 3507 1975 6147 115 7079 7950 8133 7533 8209 3984 2719 9147 1907 4973 2262 2032 7636 4675 6362 7094 5857 7162 6628 5733 3802 4599 7645 6117 5177 1729 9692 5 8852 2227 6216 6303 3109 6772 5296 5954 6339 3786 6831 364 1706 6479 4029 2393
3376 6828 2988 7599 6146 4893 53 9004 4352 587 1149 3291 8841 7632 8840 1074 1432 2289 7427 5710 8200 1953 8469 5941 9041 2248 7148 5670 5005 326 2349 6477 9180 9590 244 7658 2207 0 4100 9713 5727 3756 4545 4440 93 7978 9227 4053 1771 804 6141 3188 3628 8058 1452 9018 6270 7155 6120 8970 4705 329 3064 4833 9254 9895 7931 6846 9891 7176 7505 357 8105 599 6772 451 6247 4326 6763 9136 7805 9760 6760 506 1944 4060 5516 204 6303 6849 6432 5841 7205 9580 3640 5429 3822 6659 8955 792
1826 1100 5325 8943 9623 7075 195 9725 8994 5617 9167 7339 9418 8132 8112 5151 3480 3378 3390 6186 5589 9888 7831 9989 4572 7509 7784 9815 8315 7208 3079 5365 5794 7093 6078 227 7787 4100 0 1187 7434 4922 9068 9331 9010 7297 6655 1670 8867 9105 2687 6593 7162 6038 1972 9236 1039 8742 9352 7788 3935 7729 154 4299 6454 5302 5024 4039 1726 6327 5863 9512 6822 7384 9117 510 6843 6320 3887 5651 158 751 983 6904 7195 3294 4466 8248 9201 9835 7777 3990 13 8384 608 6603 7287 9107 8853 8879
7433 9338 5795 338 9581 4434 9756 3636 6409 5707 7931 8708 1135 4808 9961 4268 1396 550 7954 6289 8069 2830 8841 9376 6606 1413 3754 7092 1683 6460 7998 8489 4903 5235 940 2559 3958 9713 1187 0 7692 5651 2696 1336 7166 6724 4027 3277 8125 3289 5570 96 2895 6868 2699 4563 935 1420 2166 4359 3393 7530 1364 7208 9409 3162 2003 102 6643 5015 1020 6840 1999 5865 4803 6136 2132 6217 2153 8636 8389 9584 8405 5604 9143 7087 2704 3665 561 5403 272 9651 259 7224 2730 9213 9676 5856 4301 3385
4731 5997 500 7981 3434 6601 8878 1038 297 5910 5153 7816 2882 5757 6340 9051 2467 4340 6920 8734 1584 3679 5736 9359 3122 1035 3914 5327 8046 9317 2151 8750 9309 3057 7169 4259 5811 5727 7434 7692 0 2734 4597 9438 7973 1349 1881 2643 6285 6214 1322 9742 6899 8000 4291 6990 5801 6714 3138 6315 6030 7217 9332 7957 2672 8807 1237 20 4792 9026 7039 9020 7975 2426 7259 3630 7630 6199 5323 2318 8344 9155 6747 7555 2823 6872 8266 3649 2435 6623 7057 7679 5535 7842 2320 1423 4101 6996 7572 3057
8010 2507 1769 4423 6651 8036 1167 1133 8052 8777 3860 3740 1987 5974 2154 4034 3821 756 456 3190 3263 1137 5131 7177 98 1744 9198 3497 7277 1765 783 1957 8756 3351 38 7317 7636 3756 4922 5651 2734 0 1306 7750 9766 9195 1500 7879 7551 3065 9960 9742 8052 7732 6874 9110 8097 521 1040 8016 226 1969 2561 698 5598 2515 5904 922 6115 2268 878 4674 6512 1654 4822 9613 4290 5383 9922 2642 8960 1866 4997 7809 1169 5183 9946 8454 5337 5974 1538 9097 9795 4158 2156 1095 2630 1511 7799 9702
475 1138 2685 1550 8390 4722 8561 3180 8881 555 9767 273 6394 8947 5681 268 7397 5415 1332 2055 4697 6474 1953 9263 8507 4781 1833 8816 7765 2591 1082 1975 9743 5569 4044 9715 7749 4545 9068 2696 4597 1306 0 8051 9273 7955 8768 4325 8753 5232 3931 8773 752 1396 7627 818 6236 3073 2129 995 3327 3893 3775 4757 4278 5190 3994 7983 7569 7828 1108 7245 2305 5639 598 1672 6730 2129 1243 3740 9971 5923 9444 587 5093 6334 2369 5652 3418 5265 6617 1391 7884 3750 8990 1926 3577 4921 9989 3879
459 6541 4513 9382 791 8414 166 2996 194 2277 8377 38 3342 6940 7400 6757 1423 5805 9682 1243 4614 1862 2291 7407 8840 7332 2959 9677 558 4426 2497 6112 6606 106 7737 9945 1221 4440 9331 1336 9438 7750 8051 0 6785 6811 3849 2680 2087 5705 3657 9015 8212 3330 6884 9245 7748 4092 3666 8762 243 4604 6510 6334 7730 5967 3201 8081 8157 455 3975 7595 9555 2061 9542 3287 8167 8562 7453 4428 21 6682 413 4273 3209 1719 1599 167 2624 8034 511 938 7281 2158 6371 1087 1712 1987 6268 7663
7685 449 9627 7358 4486 301 5219 4201 1227 5851 7388 3273 8315 9026 6129 2790 5081 1292 5399 5427 172 1553 3972 3690 4162 6639 2794 1879 1734 2344 6209 8362 6688 7761 7027 8110 3312 93 9010 7166 7973 9766 9273 6785 0 3385 5779 1041 4338 9227 8600 2610 2844 8905 3486 5865 9071 2269 8669 1510 6637 2868 5894 1619 4667 6062 7198 9902 6046 7977 8100 2462 4598 8158 8435 8668 6554 5706 8808 5655 4254 8964 7073 1994 3220 2561 474 4349 5435 7379 7668 4465 6729 214 1472 1607 2606 3604 4844 3634
6358 843 2223 4253 7877 8263 2388 2400 4897 7070 1263 7400 5196 8847 3424 555 8099 6000 5315 8231 8734 2308 7584 7380 3138 9186 2053 2546 9649 9988 603 9755 9813 4333 1800 5815 4788 7978 7297 6724 1349 9195 7955 6811 3385 0 9106 3028 2339 7607 937 653 4226 7244 5536 7562 3527 5569 2119 2131 6469 8642 9130 6118 6120 3798 7289 4371 5115 4685 3399 7563 6111 8790 6826 1339 2313 1397 329 3255 7767 6426 3008 4027 8301 8341 5088 7691 1971 3492 6419 5289 9380 232 6240 7353 320 6456 5519 3262
1268 9179 6307 4928 1228 2261 3316 6595 833 8971 5678 1375 8495 9290 973 5585 1986 8226 8209 6767 7698 5207 1532 4750 4908 1628 2455 9362 1107 5861 1549 8443 6002 6311 7685 6331 8188 9227 6655 4027 1881 1500 8768 3849 5779 9106 0 1713 6346 2433 2204 4557 3871 4176 687 6570 136 5596 4591 5910 9581 8176 1788 2440 2011 4613 9719 3966 9075 3092 5329 3215 8675 6294 7827 8380 7236 3445 9414 2550 9670 2390 174 3334 5040 3730 7440 5261 1746 9087 4876 9344 3464 6650 1509 7196 8695 1963 9399 8757
1926 7585 9990 450 4914 7269 7334 9109 825 5649 298 8200 4476 3421 2498 5264 4843 1876 2259 4034 3468 842 4277 4265 923 7107 5386 4881 4944 2508 4053 8673 6333 5888 5623 7490 1701 4053 1670 3277 2643 7879 4325 2680 1041 3028 1713 0 9720 7003 4172 230 4336 265 5697 5902 7343 4532 7004 2015 3396 377 7365 3288 1883 6411 7108 696 6680 1052 1160 6459 7650 5801 1360 1451 1300 7464 7210 3911 1873 9126 2444 6024 6575 9701 7011 2531 6704 1382 9207 1481 834 3610 2974 4677 4924 2353 5399 2645
8599 109 7204 3835 8266 8577 8599 3140 9740 1433 7125 4158 5273 2920 3520 7351 4604 8532 1119 4848 2750 9978 8797 5249 1031 6686 1027 3201 1843 580 9727 6812 2901 6284 511 1745 2469 1771 8867 8125 6285 7551 8753 2087 4338 2339 6346 9720 0 4891 76 6725 3657 6246 1056 4434 8357 1971 351 9238 2004 6063 4179 1726 3964 7956 1539 3055 6457 6438 7518 3393 8300 7175 6668 9501 9964 5762 6116 5250 6658 7712 1822 7781 3179 9140 4626 2145 4820 440 1550 2945 8440 8580 1222 2547 2577 2559 6028 4360
6975 1367 1272 1566 5282 1836 5926 5675 6499 8587 187 2342 3877 9230 8459 8584 5647 9881 5100 6740 1254 2165 4870 4588 255 1808 5474 6411 871 873 3887 6607 9576 4271 8842 5928 2518 804 9105 3289 6214 3065 5232 5705 9227 7607 2433 7003 4891 0 7240 9165 5648 6000 5643 741 2267 64 9082 6155 5534 1348 9595 5369 9162 4096 4143 265 8989 3238 8759 2337 1665 6168 1631 7388 6211 6367 7735 8179 2542 1339 3266 8657 7269 5941 5908 6511 3278 1684 2216 8348 9181 7344 1032 5063 3578 6923 7020 3297
6265 7765 776 5178 4951 8259 281 7795 3306 3066 9273 285 9433 8941 5289 9581 1332 6548 9592 4529 436 9846 9179 1515 6121 2624 1382 9738 7954 9053 89 1626 2719 9233 8435 8095 1660 6141 2687 5570 1322 9960 3931 3657 8600 937 2204 4172 76 7240 0 3041 5856 3620 9508 4047 3806 5041 1071 4869 7729 6357 3693 6689 2766 2602 4368 5524 3638 805 4384 3621 6632 4125 5896 9090 571 8826 1499 558 3420 1012 8725 9660 7994 6122 4019 2977 555 1395 1354 3195 3467 8303 6381 4307 9091 4501 3286 5660
6683 936 7928 8214 3424 2427 9246 4741 5353 2069 796 2533 8057 2805 108 3204 2854 4511 8353 8494 3523 2926 7235 5684 5434 4448 3982 7097 2883 755 2736 5237 6077 3202 5157 6202 6529 3188 6593 96 9742 9742 8773 9015 2610 653 4557 230 6725 9165 3041 0 1973 2273 1695 1790 4213 6803 4238 8128 966 8437 7919 6191 6294 5618 5187 5590 4781 2079 4334 9623 5218 4919 7626 2815 7217 511 8573 7119 2647 1894 8302 4817 105 5839 9587 6258 6304 8900 9809 895 5079 2359 2313 549 7829 6542 5063 3160
645 589 5744 7940 5432 7443 8514 8519 7748 4799 5157 7586 4606 5187 4280 5357 3805 4439 1604 4653 9916 8376 616 2485 1087 3125 4753 803 146 299 8544 6068 4467 970 765 8190 3507 3628 7162 2895 6899 8052 752 8212 2844 4226 3871 4336 3657 5648 5856 1973 0 2078 6629 9140 342 9546 2827 7163 5353 3363 7352 8683 9009 2066 5512 5407 3066 1288 3113 7173 1124 3873 444 8183 8611 2820 7565 5220 6991 5232 8120 1705 4965 5873 4113 4466 5576 9751 8196 5238 3248 2808 6168 3949 7859 5597 8606 622
5971 371 3759 8556 4772 7788 6128 4543 5997 4167 2369 5393 1608 2680 5220 6549 2855 568 482 4366 7177 8241 6991 7675 5027 3152 3291 6566 9948 9566 3747 2774 8826 902 1061 3262 1975 8058 6038 6868 8000 7732 1396 3330 8905 7244 4176 265 6246 6000 3620 2273 2078 0 5738 532 6310 5047 6500 429 3101 8695 5810 6797 4889 690 3852 4142 1449 4000 5848 21 6322 7165 4262 7770 3871 5086 6619 5751 9336 2501 6098 2343 4237 1110 5156 8247 8585 4659 9578 9672 2391 341 2949 1510 8186 7445 2688 6654
8874 2398 9879 6688 9889 9609 9752 7387 6462 7065 6930 4976 2165 523 262 5494 420 34 4391 6406 5328 3407 3992 6851 1127 1519 787 4865 9939 1384 6567 779 399 6919 8979 7610 6147 1452 1972 2699 4291 6874 7627 6884 3486 5536 687 5697 1056 5643 9508 1695 6629 5738 0 6477 5406 6958 5673 6697 2008 4925 9650 5059 4199 8460 2292 5554 6203 4219 8577 9203 2015 794 6020 4393 6162 4524 6742 1788 2533 8723 8003 8016 9035 7119 1392 1518 9632 8966 3349 2280 8933 6987 2382 6612 2780 9873 4464 2479
6714 3049 8886 3268 2893 103 5144 4684 565 9395 2461 715 8627 1087 6393 3752 4856 8501 4111 6523 4772 6964 4664 9746 5147 3446 5309 1747 8959 3913 4719 7402 8251 1205 1638 177 115 9018 9236 4563 6990 9110 818 9245 5865 7562 6570 5902 4434 741 4047 1790 9140 532 6477 0 7121 7063 7325 3969 8648 6344 8266 4583 538 1819 7441 4869 6244 1428 9298 2233 4349 7549 8218 8471 2562 5959 8187 1164 534 500 4775 9837 236 4365 5312 4492 3734 9034 4453 527 2003 8327 1208 3823 5329 6580 9238 6255
5431 1244 5756 3382 688 6054 3077 2778 5544 1482 4159 7496 3094 5077 3436 2962 8110 1213 1925 4360 4402 2544 430 5033 7345 450 7013 7210 9877 749 7915 8904 5987 543 8531 5324 7079 6270 1039 935 5801 8097 6236 7748 9071 3527 136 7343 8357 2267 3806 4213 342 6310 5406 7121 0 7202 2582 924 8589 9829 4780 6680 7806 3582 2820 608 6585 1934 7365 6243 7254 5459 2199 2332 928 154 520 4600 5383 4045 1693 938 6177 3386 4000 1119 6881 4291 260 3056 3607 4540 465 5106 7878 8574 2757 8714
602 4815 7018 1011 3414 448 101 786 8145 3836 9497 8426 2388 7432 3283 7968 6896 2706 919 6896 8800 1896 2915 7593 9001 4207 6862 175 796 71 4706 2212 7799 4474 5957 6805 7950 7155 8742 1420 6714 521 3073 4092 2269 5569 5596 4532 1971 64 5041 6803 9546 5047 6958 7063 7202 0 1428 5909 9198 8321 6355 8753 1014 8084 1696 5096 7375 9117 3648 1562 1002 1755 1839 7213 842 6951 2781 4145 4160 6859 7672 3466 173 3733 9883 5445 7567 734 3106 2772 6527 9543 3847 3465 4543 6114 3323 805
4320 3844 3952 3547 3523 5368 1150 7857 2439 5887 5126 2306 5298 8001 3976 5287 5263 681 7173 6421 7550 3018 8508 1053 7127 3496 1179 9763 5490 9805 9162 7148 2658 951 5829 420 8133 6120 9352 2166 3138 1040 2129 3666 8669 2119 4591 7004 351 9082 1071 4238 2827 6500 5673 7325 2582 1428 0 3279 5995 8833 9827 6597 8202 9961 3608 7786 7266 5599 8000 6611 79 503 6846 8111 8318 9869 6478 1102 1735 4108 1093 9944 7711 3797 287 6346 4166 4720 9594 4215 2699 6212 1636 254 6075 32 3594 5612
600 6850 6714 3024 9526 9349 8744 2537 3718 6231 4777 5856 9106 6734 9759 2952 9924 7560 3467 1206 1569 9761 9716 1623 4991 3126 5914 9635 2744 714 7039 8904 3806 8461 1570 5178 7533 8970 7788 4359 6315 8016 995 8762 1510 2131 5910 2015 9238 6155 4869 8128 7163 429 6697 3969 924 5909 3279 0 2427 1894 6262 2604 2261 1386 6325 4958 3581 2392 9070 7262 6892 1752 8939 2154 3420 5892 8802 7197 787 4652 7996 7313 1721 4023 352 5831 2809 5906 8266 3576 7015 8920 5418 380 585 3379 5114 4503
9970 8201 8356 7072 8174 6388 7866 6822 6431 4456 5792 1236 2306 9036 2888 1201 8601 8856 7703 5108 9173 6499 7676 3123 115 8821 7511 8877 20 2210 5990 5897 8491 5579 4998 6060 8209 4705 3935 3393 6030 226 3327 243 6637 6469 9581 3396 2004 5534 7729 966 5353 3101 2008 8648 8589 9198 5995 2427 0 1888 7742 864 31 8450 5001 6273 7109 5461 9246 9908 8880 9896 2310 7514 6244 2389 8450 7460 4684 3554 2159 4541 6651 6395 5047 4632 7885 6420 1037 3822 3386 5896 4345 110 1308 9973 67 1534
6385 4304 1778 126 2016 7378 3646 574 2591 7425 2351 4150 6603 3077 9784 8800 2989 7069 6812 5719 4222 9071 7584 471 2890 7955 3993 423 8756 3557 5421 9733 5114 6113 3955 3486 3984 329 7729 7530 7217 1969 3893 4604 2868 8642 8176 377 6063 1348 6357 8437 3363 8695 4925 6344 9829 8321 8833 1894 1888 0 7394 4215 1998 6358 276 4706 856 8823 1125 3506 3677 9940 7312 7623 4624 4967 6822 2684 2591 9806 9306 5209 7371 2986 4497 5437 1863 164 629 2372 4734 4546 2456 1093 6992 6228 6845 9696
1454 6446 9860 1724 6159 3199 5416 8165 5529 3991 3528 9188 524 4928 2126 6715 5774 2339 8432 2483 176 1538 3279 230 2639 6985 8693 9498 2194 5088 888 4795 6825 1305 5753 2879 2719 3064 154 1364 9332 2561 3775 6510 5894 9130 1788 7365 4179 9595 3693 7919 7352 5810 9650 8266 4780 6355 9827 6262 7742 7394 0 4946 8433 7968 6730 5450 4909 1740 7301 2949 4352 6600 7590 7754 5518 5652 7605 5158 2152 8371 3673 9471 3737 4066 8207 1856 7659 6901 9202 478 4162 8748 9734 9069 5465 7586 236 8624
8173 423 2313 3710 7586 4769 1408 4448 6717 1536 993 4533 6190 3375 2058 3899 7161 8807 1639 9594 2871 8085 2138 1795 4376 3882 5094 3895 4526 7487 8220 6464 8799 6927 5668 4270 9147 4833 4299 7208 7957 698 4757 6334 1619 6118 2440 3288 1726 5369 6689 6191 8683 6797 5059 4583 6680 8753 6597 2604 864 4215 4946 0 4290 4906 4868 8692 5374 3179 5517 7500 732 343 7664 3061 6610 9214 6533 7553 5850 3550 4161 9536 4397 9196 5242 5682 8096 4341 5030 1230 1036 4005 6537 9699 7246 6300 6420 8414
995 7192 7754 3149 8354 4212 3278 680 866 9419 5326 6157 9588 524 1824 604 6617 2203 7278 9349 4064 1867 8686 8520 6813 7691 427 6286 3904 6434 4095 4577 6064 1934 1225 6608 1907 9254 6454 9409 2672 5598 4278 7730 4667 6120 2011 1883 3964 9162 2766 6294 9009 4889 4199 538 7806 1014 8202 2261 31 1998 8433 4290 0 4738 8373 3178 2277 9656 6903 1150 6325 7171 7022 6635 1068 7640 7409 6403 4843 4077 5171 8873 6124 4203 6775 7314 7382 6750 4158 9416 2956 3736 3463 6624 5930 6681 2655 3324
7598 8571 3866 8531 340 9597 1957 9135 1291 9768 5659 1641 9515 759 2192 1869 4108 5021 8511 450 609 3417 4986 5650 6440 1134 1503 39 8913 179 4320 5910 7791 4256 9046 3051 4973 9895 5302 3162 8807 2515 5190 5967 6062 3798 4613 6411 7956 4096 2602 5618 2066 690 8460 1819 3582 8084 9961 1386 8450 6358 7968 4906 4738 0 6545 8412 1265 3118 8943 3416 2409 798 3932 1950 6660 8719 1409 649 1106 9390 5652 586 4213 4114 7897 1004 8842 2531 1732 4321 6548 1365 7514 7748 1711 6199 1809 1969
3124 7329 1312 4565 5759 3994 4378 6722 8124 5671 8203 1563 5992 6101 7404 84 6554 9074 8991 5884 8100 8957 7318 7552 2675 5842 9924 727 4410 6799 8804 9730 6333 641 6783 258 2262 7931 5024 2003 1237 5904 3994 3201 7198 7289 9719 7108 1539 4143 4368 5187 5512 3852 2292 7441 2820 1696 3608 6325 5001 276 6730 4868 8373 6545 0 8212 2219 9988 4430 166 7211 7091 6922 1461 7436 3189 6354 4108 4520 513 9985 6756 2498 9344 3306 6512 9128 7131 7355 3640 7388 5790 2943 1662 702 8048 5581 8898
8539 6293 8332 1898 2873 6956 9377 7598 7190 4966 2228 613 1276 1396 3591 1550 1915 9284 7359 3990 5049 4698 370 4612 3685 1784 6194 3440 2172 1643 832 9839 3870 8172 164 6551 2032 6846 4039 102 20 922 7983 8081 9902 4371 3966 696 3055 265 5524 5590 5407 4142 5554 4869 608 5096 7786 4958 6273 4706 5450 8692 3178 8412 8212 0 2152 8011 8784 8152 9621 2948 5288 4872 3834 4671 1900 4825 7388 130 2855 8305 3370 1884 5895 7112 2677 1600 8747 4607 6901 8982 9069 2505 9906 8577 9936 7998
6517 3770 4143 7719 54 457 8514 9334 6950 3019 2972 2563 6003 7295 6975 2761 1284 2285 88 4159 9025 665 6569 4646 6487 6322 5285 8355 5775 1359 5387 7764 2418 9810 1666 7037 7636 9891 1726 6643 4792 6115 7569 8157 6046 5115 9075 6680 6457 8989 3638 4781 3066 1449 6203 6244 6585 7375 7266 3581 7109 856 4909 5374 2277 1265 2219 2152 0 3216 2016 3000 1087 1324 7789 5832 7180 9129 2533 5965 6606 8172 3715 5966 702 4506 5702 2560 3018 2781 9096 7812 4026 4087 3962 856 5111 17 4671 9174
4689 78 105 364 5948 4827 5008 1317 3849 7422 3723 7646 9531 1403 6429 8216 1719 7147 1957 2606 7365 6693 1010 1081 5962 2330 3161 5321 8758 3796 3451 8002 7586 4876 9400 108 4675 7176 6327 5015 9026 2268 7828 455 7977 4685 3092 1052 6438 3238 805 2079 1288 4000 4219 1428 1934 9117 5599 2392 5461 8823 1740 3179 9656 3118 9988 8011 3216 0 8202 404 107 2674 2506 4883 2439 5580 5214 81 8102 7287 8777 7162 3116 6412 8305 563 7089 1722 5664 7959 6037 3275 5932 2921 6173 1138 7178 3595
1438 2160 9466 3966 4472 2206 6498 5552 9358 521 7813 6691 3826 4786 5676 7682 5919 6590 3065 7534 3702 2713 315 1274 102 8308 457 926 1114 6944 3022 9700 7373 7271 5033 4983 6362 7505 5863 1020 7039 878 1108 3975 8100 3399 5329 1160 7518 8759 4384 4334 3113 5848 8577 9298 7365 3648 8000 9070 9246 1125 7301 5517 6903 8943 4430 8784 2016 8202 0 3402 310 6905 8479 3541 1957 9471 6920 6973 639 1883 7738 6879 4671 5537 9896 7022 4573 3521 7047 5698 3646 2759 4863 2134 8545 960 9550 8231
9645 2257 1436 2227 820 4296 7659 5966 2837 5826 7509 5992 5740 9328 8534 4530 2893 5174 6536 6642 4582 5943 2245 7277 6143 7945 4177 2601 2545 151 4029 911 5200 83 5260 6292 7094 357 9512 6840 9020 4674 7245 7595 2462 7563 3215 6459 3393 2337 3621 9623 7173 21 9203 2233 6243 1562 6611 7262 9908 3506 2949 7500 1150 3416 166 8152 3000 404 3402 0 7066 2161 793 602 9076 573 9145 196 8151 7593 7029 7838 2751 2436 4117 5231 7703 5913 422 1480 7912 6367 3908 353 9412 8523 7606 3962
5128 2812 1986 4058 2359 5409 6092 9353 3619 6724 2243 209 3779 7131 6653 6543 1391 198 9430 1870 5510 8464 2931 7553 908 1869 6221 4047 6201 8643 4609 6259 2204 9594 7240 9240 5857 8105 6822 1999 7975 6512 2305 9555 4598 6111 8675 7650 8300 1665 6632 5218 1124 6322 2015 4349 7254 1002 79 6892 8880 3677 4352 732 6325 2409 7211 9621 1087 107 310 7066 0 3136 2145 7349 1701 9723 6047 2678 6714 1538 8251 4274 4967 9975 7661 4472 1396 742 6786 7385 1201 6260 2952 735 3059 5279 4922 6307
933 987 7195 8659 1787 6219 4512 7369 7805 6305 526 3151 9521 3179 9093 8246 344 2722 6962 7341 4558 736 2000 8337 3757 7427 7701 6636 6686 8968 634 5338 7301 4348 1514 8606 7162 599 7384 5865 2426 1654 5639 2061 8158 8790 6294 5801 7175 6168 4125 4919 3873 7165 794 7549 5459 1755 503 1752 9896 9940 6600 343 7171 798 7091 2948 1324 2674 6905 2161 3136 0 3501 3792 3998 2825 4243 6054 4588 7290 9953 3929 4431 8896 8620 1216 7986 4207 7503 4264 2648 993 4940 1186 622 8317 5820 8546
4029 3939 7452 305 4611 614 6382 3994 8459 1286 7639 3136 8291 2902 9435 8232 3728 4479 5279 4519 7041 4082 7492 2021 8372 4946 101 5055 5952 454 4615 1945 5785 3272 1630 3568 6628 6772 9117 4803 7259 4822 598 9542 8435 6826 7827 1360 6668 1631 5896 7626 444 4262 6020 8218 2199 1839 6846 8939 2310 7312 7590 7664 7022 3932 6922 5288 7789 2506 8479 793 2145 3501 0 6923 9497 9632 6128 2581 4555 9137 1505 5007 9927 5940 7268 4627 4989 1781 4210 6425 8198 6267 5563 6762 6093 765 1796 8197
7197 1270 9540 1174 2080 6930 7213 6967 7099 2867 9219 4945 4509 7489 4065 833 8658 3780 1219 7051 5803 134 8130 4245 6885 6758 118 9991 8967 2433 112 621 2707 7317 5077 3732 5733 451 510 6136 3630 9613 1672 3287 8668 1339 8380 1451 9501 7388 9090 2815 8183 7770 4393 8471 2332 7213 8111 2154 7514 7623 7754 3061 6635 1950 1461 4872 5832 4883 3541 602 7349 3792 6923 0 3824 8623 8673 5081 3342 9633 992 3620 5801 2904 8941 7424 6352 1056 6569 1311 4262 5503 3001 5872 5555 9617 5651 8144
3508 2046 3522 7702 1826 759 811 3071 1405 575 2925 1907 6977 4453 2528 7747 4989 379 3015 8705 6791 5659 2014 9679 4620 9228 889 2981 6574 8989 582 1721 4509 8106 7013 4628 3802 6247 6843 2132 7630 4290 6730 8167 6554 2313 7236 1300 9964 6211 571 7217 8611 3871 6162 2562 928 842 8318 3420 6244 4624 5518 6610 1068 6660 7436 3834 7180 2439 1957 9076 1701 3998 9497 3824 0 4198 4464 64 8427 3373 1672 466 4367 4586 9858 558 3335 917 7678 7611 8015 5423 5988 7167 6222 2359 3646 9993
1722 8435 5593 5674 9342 9738 6124 4630 3777 530 1433 7797 7873 5317 6750 8404 1885 6317 5616 2329 2505 269 2348 5766 9218 2938 4182 1748 2579 8665 5286 3092 908 1653 4891 324 4599 4326 6320 6217 6199 5383 2129 8562 5706 1397 3445 7464 5762 6367 8826 511 2820 5086 4524 5959 154 6951 9869 5892 2389 4967 5652 9214 7640 8719 3189 4671 9129 5580 9471 573 9723 2825 9632 8623 4198 0 863 7041 1957 9610 594 1060 3388 328 810 6809 5620 224 3880 5606 1843 777 3647 8865 3437 7161 4995 7507
1537 9841 4525 4541 8282 9733 9094 6220 6200 1564 1072 2410 5324 4298 800 4878 2479 5676 7770 1064 9466 9147 6923 3997 7408 8119 5400 2589 9180 8205 261 7924 5794 9064 4022 2115 7645 6763 3887 2153 5323 9922 1243 7453 8808 329 9414 7210 6116 7735 1499 8573 7565 6619 6742 8187 520 2781 6478 8802 8450 6822 7605 6533 7409 1409 6354 1900 2533 5214 6920 9145 6047 4243 6128 8673 4464 863 0 4467 4507 4517 342 4308 797 5479 5699 5640 7006 7208 6351 6157 2339 9630 705 7594 523 370 3151 8292
6309 4364 4786 9053 4158 1976 9389 2186 9355 3480 7777 3624 280 5980 7455 1995 6857 7977 889 4110 4561 618 915 4184 5266 2126 7224 8177 5926 3155 7666 7708 610 5363 8076 3355 6117 9136 5651 8636 2318 2642 3740 4428 5655 3255 2550 3911 5250 8179 558 7119 5220 5751 1788 1164 4600 4145 1102 7197 7460 2684 5158 7553 6403 649 4108 4825 5965 81 6973 196 2678 6054 2581 5081 64 7041 4467 0 2440 2346 382 6063 9433 2290 3222 556 7171 5973 3744 8602 904 2399 6687 7823 3801 990 2700 4667
1789 8460 7868 5847 3375 1005 2123 4340 6712 3640 7672 1572 854 1572 8179 7475 5436 247 4368 3426 4026 9054 2032 3584 3296 419 551 4122 4357 7446 166 8213 6166 5256 4476 3296 5177 7805 158 8389 8344 8960 9971 21 4254 7767 9670 1873 6658 2542 3420 2647 6991 9336 2533 534 5383 4160 1735 787 4684 2591 2152 5850 4843 1106 4520 7388 6606 8102 639 8151 6714 4588 4555 3342 8427 1957 4507 2440 0 1270 1315 7684 5285 275 4888 6469 1750 2795 5250 2767 4421 740 3397 8221 2438 7361 7717 2930
9489 614 8325 1110 9339 4735 3179 9654 5375 5536 6868 2582 7151 4084 9008 830 5297 3252 7269 2108 1465 2470 1862 8657 3585 2686 7962 8443 8059 5914 605 2945 9621 2692 849 4847 1729 9760 751 9584 9155 1866 5923 6682 8964 6426 2390 9126 7712 1339 1012 1894 5232 2501 8723 500 4045 6859 4108 4652 3554 9806 8371 3550 4077 9390 513 130 8172 7287 1883 7593 1538 7290 9137 9633 3373 9610 4517 2346 1270 0 38 9110 7547 3622 7286 2472 7836 1098 4570 2540 3298 4502 3867 8741 7356 3039 7014 2671
