100
0 7693 7704 1563 5243 2788 9295 9906 1144 1038 433 7348 7298 859 227 9759 4953 5365 5117 2122 5721 7707 1485 9553 2103 5897 946 6202 634 4158 5818 6705 2856 224 142 2357 6066 47 5684 3579 2982 9833 824 8163 7202 5675 752 3433 585 291 3885 6186 9641 3474 9562 5885 5039 9903 3998 8166 4913 6573 4292 8032 3718 6734 3438 3439 4964 2427 8453 2992 5009 7321 5228 8279 2298 935 8942 1578 9874 2059 2677 8411 202 5325 3953 4105 2312 5104 7892 6939 9714 4657 65 2768 2721 6936 283 9443
7693 0 2828 1107 1727 8667 1138 8523 3450 8994 9121 2797 6787 3122 2672 3802 4379 4528 9605 9674 9524 297 3769 8962 5134 6535 6512 8617 7842 3300 3258 5162 7624 9831 7799 213 5659 5496 5365 582 7716 2662 2037 6576 8377 37 6384 9000 9581 4461 4531 4492 6074 7735 2126 8287 4114 3627 3510 8687 3776 4327 9926 6881 7782 1561 5088 6742 6704 97 6272 9839 1682 8194 842 7242 1756 6082 2508 4483 3536 9367 6036 7452 292 9629 4149 2624 7555 6950 2843 6741 1513 6763 8943 7761 4467 3156 7322 8782
7704 2828 0 4705 8306 9173 7386 5411 5732 3656 5225 2154 1158 9418 131 8210 1919 2241 6429 817 6060 5945 7071 5650 8048 3986 2089 1157 132 8293 9969 9946 7959 8430 5429 1591 7009 9708 828 4332 344 8868 1271 9868 3155 482 2842 708 1981 4866 5114 9095 6109 4062 5070 4962 6018 5664 524 9216 6243 8577 5176 936 3020 6012 4143 3577 651 9791 7957 7936 7486 8965 7711 7238 6629 1083 622 9331 1808 5393 2950 4289 1362 9234 471 8145 2967 3677 8301 4306 1826 1406 133 1264 3118 974 1116 7885
1563 1107 4705 0 2147 4839 1439 4184 9800 5674 9644 2598 2437 3487 1115 3263 5249 1798 1280 9093 9126 4329 7297 9927 8809 2272 8751 617 815 1044 4945 8858 9228 927 1935 4529 529 1842 5035 4643 5521 1975 5851 9446 393 6744 641 496 6659 9922 5390 1775 3881 3672 2235 4425 4929 6841 5171 2450 7228 306 9119 1620 8920 4168 8543 8931 2753 9215 1637 1052 9430 1987 6560 2969 9072 3067 3563 9785 4739 8728 9637 9349 2718 5605 1113 5716 2854 900 6689 1232 9315 5734 3696 5367 4195 7299 2756 5588
5243 1727 8306 2147 0 6469 5277 874 2912 283 5455 9338 3774 8400 8931 49 7103 7655 3961 8068 5899 928 4443 2417 5190 3607 3134 6643 322 8069 7753 6517 3695 8407 2594 9492 3461 3360 5498 4747 9057 5443 2880 2724 1582 7398 6984 9206 6922 1797 3427 4947 3634 8531 2458 3751 1330 7377 8899 9578 587 8900 8599 8569 136 6106 7931 5176 3473 5784 6957 8793 7652 3247 3431 454 7715 7000 3790 5942 3469 9410 7538 5500 2375 8296 7028 6580 4580 8994 256 3910 8255 4242 5518 6294 1785 5520 7260 4925
2788 8667 9173 4839 6469 0 708 1927 1544 7689 7888 286 7389 5263 8819 7571 4769 9951 9719 8015 642 3557 5269 17 6374 5868 5933 8918 6504 70 8910 5495 6556 4626 9852 5188 3947 2814 2497 4297 7629 5322 3708 2881 2173 8035 3887 1377 6809 9437 7232 2617 2905 5838 8414 2155 7762 9278 8338 2599 6725 4509 8267 980 5153 464 1958 3839 2512 7496 4693 82 4328 3667 6174 1243 3495 1632 6857 6690 1211 9238 7399 400 4705 7726 4710 2999 7116 1277 66 2068 4431 1951 8629 2547 8255 5904 592 6174
9295 1138 7386 1439 5277 708 0 5625 9519 5607 872 459 28 6709 5963 1514 6538 6159 7292 8863 6185 7431 7237 3644 8481 299 9385 2754 9040 3322 4655 8039 7994 2234 6110 2993 7903 2263 89 9823 4748 310 2824 6870 3835 9309 8141 1746 9799 80 3342 8845 4906 80 6879 7779 5929 3612 4510 4933 8353 7366 4282 4764 1276 5301 369 4137 5374 4281 3176 2495 9675 947 748 4691 9347 7260 1755 461 711 1406 893 3348 648 3312 1716 9320 9932 3503 2384 9295 7020 6632 3179 1783 9729 4412 258 6056
9906 8523 5411 4184 874 1927 5625 0 1115 4844 3144 6354 791 7950 5336 12 8781 2082 7933 8826 3986 9072 6871 4108 6894 1292 1798 7657 9181 2801 6555 9323 9931 2975 7974 6234 8667 1129 6208 3254 4808 1975 3364 4556 229 8061 5773 9933 1893 178 2292 4118 5420 2322 8214 2570 5998 1821 3845 5040 8285 3638 3578 95 7983 4658 686 2019 7784 7062 2493 9885 7272 7420 8370 4552 7314 3752 4492 1346 3657 3704 547 4177 5110 7297 6329 4615 7200 9390 3285 9810 4147 5527 1677 6708 7328 3125 3408 4123
1144 3450 5732 9800 2912 1544 9519 1115 0 9506 9052 339 2446 855 1063 918 6766 5679 5852 1059 7089 9921 1579 6195 9123 1990 1376 3544 934 3456 7405 5119 8688 7542 5207 2348 5388 2781 7535 7183 1530 4088 5616 5588 3162 8026 1438 3433 4381 5278 3071 4014 7339 7514 9301 5177 3186 1662 5497 8761 220 7974 8925 3368 1945 5659 188 8269 9004 8132 4984 2077 7325 9298 913 2508 2571 824 9502 5033 3848 803 9718 186 1000 5511 8868 5336 6889 8324 720 9096 132 195 5017 5600 5507 6208 3525 32
1038 8994 3656 5674 283 7689 5607 4844 9506 0 8932 3594 9834 7078 5509 1762 1423 2472 5553 9882 1603 1817 1556 6663 9024 7272 7976 5722 8827 2561 37 1553 1298 3674 7333 4689 4606 2930 8445 2190 6246 5864 9373 9474 8100 7963 7057 6351 5377 5743 6199 240 8558 3274 6108 6124 8117 5251 7690 7069 2434 6209 8606 1856 3104 8277 105 7020 2108 1748 1821 5681 5148 8538 2104 5151 9420 2992 4592 5568 4053 6253 3849 4562 5043 4203 7690 2081 4224 5263 2612 8449 593 9974 6732 2215 7530 6884 3636 4015
433 9121 5225 9644 5455 7888 872 3144 9052 8932 0 6598 286 3201 9839 8675 8933 8344 9976 4531 4537 5854 9945 4881 6307 4043 8462 8041 5683 1168 9373 3286 2017 8092 586 8373 8695 7818 3321 9453 6685 100 9895 7352 2956 961 8994 8632 3081 4001 2956 5332 5844 7834 3262 2613 4161 6143 8928 7142 4447 748 5587 4638 7137 6894 514 3284 8855 6091 7449 9710 4419 4249 2427 6405 3448 2525 9911 4006 7503 2991 2511 8787 6982 8442 1966 3364 9722 561 1934 2578 7160 4898 3383 9960 7687 6520 5270 2640
7348 2797 2154 2598 9338 286 459 6354 339 3594 6598 0 8615 178 2512 8230 3297 1307 6340 9425 7988 1728 8165 7768 706 3896 4232 2930 5997 8954 9284 93 8829 9507 6042 2500 5138 3636 1874 4681 1811 3393 4705 8808 8978 438 4146 4140 1827 9074 4212 2687 4551 3674 735 9950 6926 5070 3214 547 8332 374 1023 1922 3574 5013 6119 4409 5296 1435 9689 7263 152 9242 1367 5044 7909 4943 4012 808 5655 1697 5308 6556 8110 6211 2771 1980 3540 798 5008 8772 1242 3287 9932 147 5197 330 1250 7070
7298 6787 1158 2437 3774 7389 28 791 2446 9834 286 8615 0 1765 4112 4780 6389 5186 9545 2353 7933 1507 639 2696 6803 6384 8099 349 1387 473 2393 8837 2382 1546 7902 7198 8444 9685 5648 4843 1437 1074 3387 8155 8942 8584 4736 850 2217 2352 9100 2382 5764 7673 904 9350 1609 1850 3234 6810 2374 5846 1328 1869 6318 8148 2526 7511 8175 7407 2902 2750 4461 2186 1390 605 6134 3407 7741 6559 7155 8764 5054 5946 1563 1789 7789 9876 7567 4904 1501 3010 8127 9645 7334 3493 6297 8722 6137 977
859 3122 9418 3487 8400 5263 6709 7950 855 7078 3201 178 1765 0 5317 6070 8895 9022 7178 9947 1237 6673 4928 9100 662 602 8729 2782 9397 8571 1838 610 6677 8502 629 4878 2816 6059 1830 8446 4442 945 8901 1782 4368 1553 2996 489 8358 5970 4420 7811 3919 4299 683 2123 4991 961 9174 5480 2018 8138 4430 8782 4388 8770 7931 9050 9844 8103 5960 6509 9002 1076 7170 8005 7709 3507 3149 3829 5637 5484 1110 4408 8013 4791 3706 3613 7878 2943 5723 8391 7525 9021 8531 2143 2462 9885 1718 5732
227 2672 131 1115 8931 8819 5963 5336 1063 5509 9839 2512 4112 5317 0 9506 6051 8197 6717 1553 5873 1108 3215 4782 7802 3940 3823 9705 2464 2629 3390 6394 1655 4048 6636 7612 8954 7367 7508 11 6287 5326 4647 242 3450 7416 7802 720 7399 5624 3431 4537 5831 5463 9798 2364 2709 4274 8719 1316 8708 7460 3772 6328 6537 3515 9490 1604 6205 9476 1627 7204 3638 7468 870 5395 6667 1177 9836 8118 2728 2431 7779 2795 4112 2967 422 2321 762 885 4208 5054 848 8703 1593 7188 7895 5123 8028 4488
9759 3802 8210 3263 49 7571 1514 12 918 1762 8675 8230 4780 6070 9506 0 319 5934 4172 8148 1304 4149 8587 6557 5815 2863 2076 8902 395 2824 9119 8288 3629 7001 9714 8102 3244 9637 117 2823 5012 7887 6314 3031 3771 8601 5754 1808 2687 5877 1197 6144 6090 1296 9761 3465 1746 3455 4423 9344 7907 9262 3491 4534 3145 2710 5911 3887 4136 4378 3838 7764 1716 9616 4223 5675 3981 1183 930 8512 4492 7498 2807 844 5293 5759 7319 5547 228 6447 4021 4134 6945 4862 1840 7884 8806 9486 3505 5005
4953 4379 1919 5249 7103 4769 6538 8781 6766 1423 8933 3297 6389 8895 6051 319 0 5949 1583 6667 6757 6293 2404 9858 2326 1384 8826 8515 1564 2922 8461 20 9482 9162 6365 3642 6290 4165 4600 1217 6458 7409 4115 8097 6806 7877 5392 722 6816 2178 39 1246 7327 5279 6061 8817 2621 850 5655 1895 7065 6712 7571 2728 9166 922 6671 5199 2555 35 6169 4056 4215 1622 7122 6241 3340 5504 2382 1717 5862 1085 5971 5198 602 3464 160 9954 7149 9745 6358 1859 7684 6005 3550 78 40 2758 2684 1983
5365 4528 2241 1798 7655 9951 6159 2082 5679 2472 8344 1307 5186 9022 8197 5934 5949 0 9387 8963 9260 3053 5522 6931 9523 1232 8610 6681 9972 8917 5558 1545 1726 4450 9450 7151 2668 6363 4397 4967 3876 4812 9935 8293 2055 2689 5926 4082 5922 613 8148 849 3150 3671 9492 4486 610 6071 9649 3337 6157 6095 7182 7465 7390 6271 4677 7576 5890 9623 9404 4495 2267 2050 6510 6922 3854 762 372 606 7040 170 3715 9372 3670 8585 8073 3698 3633 6377 4744 4568 6369 3309 9017 4552 2412 8471 3297 1119
5117 9605 6429 1280 3961 9719 7292 7933 5852 5553 9976 6340 9545 7178 6717 4172 1583 9387 0 1365 2823 3218 613 3043 4077 4122 6407 6661 4320 6629 1158 1536 1113 1552 726 8069 709 5432 9513 7308 6263 5175 1360 6115 4709 4259 6089 5959 8839 1322 5042 2211 5749 3887 5431 8381 7735 6806 9661 7529 4182 1156 5390 2018 8473 6735 4393 4648 5274 7246 4787 3448 4878 7952 3820 2598 5387 2923 7336 7672 2255 4450 4547 8511 2532 4556 2779 8571 4448 9010 6158 7185 9205 5627 1050 8974 1774 5068 2482 8552
2122 9674 817 9093 8068 8015 8863 8826 1059 9882 4531 9425 2353 9947 1553 8148 6667 8963 1365 0 1608 3629 1160 8995 7266 378 9183 8048 6591 6258 613 6740 5339 4212 2583 4708 1516 9170 6338 5682 3281 3745 3717 4509 6634 3871 3989 7397 2651 1788 1722 2403 4430 5899 657 2491 3834 3184 3311 4981 4953 1742 3767 6622 8492 8491 4363 7692 5964 2505 238 1719 3997 4020 3894 764 9649 8943 6373 5050 1804 6825 1502 4147 4393 5368 9647 7749 6009 9355 8185 7851 858 4898 847 1483 6094 1441 1824 2778
5721 9524 6060 9126 5899 642 6185 3986 7089 1603 4537 7988 7933 1237 5873 1304 6757 9260 2823 1608 0 1591 5373 9453 7927 3108 7306 400 1743 9988 7894 2578 310 7015 708 5158 4801 7809 8466 5776 6413 7928 2458 6698 6982 6924 5241 3353 985 4157 7837 8791 5737 282 1465 6639 4153 1223 7004 7784 8375 2836 9643 7178 3925 6513 7487 1998 3118 6096 964 7113 832 4283 7973 7752 4620 6055 1137 3910 8745 5663 1136 9540 7584 9723 669 23 7828 5917 1243 4610 1424 8590 1108 2074 9221 3726 1778 2748
7707 297 5945 4329 928 3557 7431 9072 9921 1817 5854 1728 1507 6673 1108 4149 6293 3053 3218 3629 1591 0 8640 5156 6337 6131 3323 7685 3776 1334 4601 5680 7187 5429 4730 286 3600 9810 82 533 5069 2493 7737 7715 8041 7664 1742 9006 1453 7243 5012 9502 2681 3484 6255 3389 1531 5961 2621 7400 5540 639 9140 3825 350 7148 6794 9588 7324 7599 4683 6726 4787 570 9942 5858 1147 1113 6703 5501 3224 9631 8586 2357 1623 9172 3632 3826 2217 1925 3110 359 2241 4220 2891 9264 3325 5390 4402 918
1485 3769 7071 7297 4443 5269 7237 6871 1579 1556 9945 8165 639 4928 3215 8587 2404 5522 613 1160 5373 8640 0 2632 152 7256 8400 9555 6896 9348 7299 8072 5255 6414 9154 3902 7281 616 7909 9316 4367 7166 7935 8638 4913 474 117 4794 390 3036 4632 9212 149 9418 6538 3358 2498 3608 4958 3429 8921 3618 2375 530 1565 3026 5599 5970 2116 2397 5350 5347 3819 5012 5766 670 1688 6099 3478 417 2070 8515 9100 122 2120 2226 1963 2590 1307 5338 4788 2155 7695 6674 3750 7610 2176 1343 656 7345
9553 8962 5650 9927 2417 17 3644 4108 6195 6663 4881 7768 2696 9100 4782 6557 9858 6931 3043 8995 9453 5156 2632 0 9707 2698 5130 7178 5204 4144 1194 3055 6774 1055 2879 5970 7821 9952 6378 984 5635 8760 7000 3850 8590 8134 9414 7419 3935 3491 8025 6712 6365 5238 7728 7913 9192 5274 8341 3433 9831 1284 3760 934 9745 5357 1934 3650 8577 6342 766 4225 1853 3604 3116 2270 920 6341 920 2934 6870 6840 7607 9499 6837 399 3620 7648 5593 64 4348 845 7093 7996 5100 234 2991 6072 3314 3971
2103 5134 8048 8809 5190 6374 8481 6894 9123 9024 6307 706 6803 662 7802 5815 2326 9523 4077 7266 7927 6337 152 9707 0 2104 2029 5849 8536 6548 6999 9538 8126 5261 7188 6980 2743 2689 6268 3092 826 7025 7990 3896 5739 9148 271 2734 5740 2712 9715 4679 8478 7450 8505 8494 4515 3550 2319 3610 9115 307 3441 7243 4407 7466 1398 2643 9010 5278 8474 10 5484 6081 9817 494 9001 5453 8432 5560 4224 3767 6443 4447 9892 2735 4118 5927 4231 7645 7362 8409 8965 7707 4249 1112 3035 9280 5455 9972
5897 6535 3986 2272 3607 5868 299 1292 1990 7272 4043 3896 6384 602 3940 2863 1384 1232 4122 378 3108 6131 7256 2698 2104 0 2276 7569 3125 6546 7727 8459 2664 6366 9655 2214 4595 7017 9916 5499 2457 2868 4149 618 1444 4430 7625 9908 2500 511 2932 9091 8961 6857 643 781 7608 9163 1889 996 1549 3718 3884 4664 9611 7436 829 5359 175 7121 6627 3129 7154 8274 7541 3249 7799 289 5794 2948 4059 5236 5825 9498 1776 920 4021 8009 3820 3009 3109 4913 2087 198 7847 8211 1795 7188 6073 8464
946 6512 2089 8751 3134 5933 9385 1798 1376 7976 8462 4232 8099 8729 3823 2076 8826 8610 6407 9183 7306 3323 8400 5130 2029 2276 0 1351 8930 9181 4643 3447 8472 3574 7170 9052 408 8356 369 286 5693 2302 6211 7526 2313 4631 5225 5403 2303 1347 4771 1406 7999 8388 6439 3069 4095 390 1925 5874 4110 9754 9648 4659 2887 7445 1613 4476 9345 883 7459 5393 6609 246 4165 6888 9479 9938 7605 5539 3338 7960 7240 1916 5335 1408 4484 9288 4512 4588 4120 4033 9394 2464 4092 9143 9774 7144 7654 2502
6202 8617 1157 617 6643 8918 2754 7657 3544 5722 8041 2930 349 2782 9705 8902 8515 6681 6661 8048 400 7685 9555 7178 5849 7569 1351 0 6309 5863 6703 7791 6353 6894 1712 5478 3788 588 7240 7882 9679 3122 4695 7869 4895 6876 3855 2615 7322 2340 8991 7957 5384 6581 2919 6113 7020 9627 9912 6202 2691 5546 2038 8065 5287 8815 4808 4094 2344 3028 1337 7652 2739 9198 2465 1715 2756 820 962 717 5894 7852 8511 9136 531 8928 5374 998 3316 1127 1000 9930 9425 5336 6496 6841 6474 7079 901 3565
634 7842 132 815 322 6504 9040 9181 934 8827 5683 5997 1387 9397 2464 395 1564 9972 4320 6591 1743 3776 6896 5204 8536 3125 8930 6309 0 5605 1129 9257 6063 2862 1418 1084 3327 5834 6942 9705 3481 2333 7662 3040 9763 1589 6480 6213 6615 9944 6556 8700 3229 7911 5234 7125 4892 9866 3398 2597 1423 3608 3545 5787 7026 5077 5150 4218 6205 8751 2877 1788 3822 4296 9651 3886 5419 8392 1373 7016 6611 1570 6571 239 2900 1729 9605 5727 5675 5786 500 9020 6263 7006 2983 4083 5194 3830 8635 4472
4158 3300 8293 1044 8069 70 3322 2801 3456 2561 1168 8954 473 8571 2629 2824 2922 8917 6629 6258 9988 1334 9348 4144 6548 6546 9181 5863 5605 0 3918 1267 5023 4090 4920 9750 6255 3771 8665 1981 3386 5417 9176 9094 1680 6142 6288 6058 4741 4212 3396 8431 4873 44 2997 6774 2169 5040 9366 8665 7233 9736 969 3170 976 2819 6178 3632 3599 1892 5405 5818 6148 4086 2480 1382 8702 3650 7448 3902 9626 9395 9989 3641 2398 8528 5273 4445 9746 788 6187 9828 7609 9170 5023 8552 5265 3470 7655 643
5818 3258 9969 4945 7753 8910 4655 6555 7405 37 9373 9284 2393 1838 3390 9119 8461 5558 1158 613 7894 4601 7299 1194 6999 7727 4643 6703 1129 3918 0 7466 6062 1679 7016 6103 386 456 33 9403 2024 6815 5353 1866 3213 7832 1776 1450 8516 7149 1211 8947 2979 9538 2346 8658 4907 3515 8541 4712 1078 837 7878 2588 488 7501 2584 7936 7304 374 7104 7890 8326 4913 4443 7999 7044 9768 3896 451 6937 9923 7643 3018 3881 1064 6973 2316 999 5703 5492 7961 9116 9260 3450 7165 96 4363 5515 9162
6705 5162 9946 8858 6517 5495 8039 9323 5119 1553 3286 93 8837 610 6394 8288 20 1545 1536 6740 2578 5680 8072 3055 9538 8459 3447 7791 9257 1267 7466 0 6001 4699 6381 8291 6366 3214 185 6272 9981 4870 2598 1838 9857 6095 6705 824 5089 5096 6113 7624 3542 210 3402 8400 4776 6383 1398 1093 5362 4645 486 4932 5460 2196 6439 5108 9948 2870 9175 7740 8136 7687 8550 7 4957 2497 7038 9829 6113 543 3042 112 79 5654 4128 2364 2332 907 3657 1828 2225 1175 7616 4500 896 5386 2094 6527
2856 7624 7959 9228 3695 6556 7994 9931 8688 1298 2017 8829 2382 6677 1655 3629 9482 1726 1113 5339 310 7187 5255 6774 8126 2664 8472 6353 6063 5023 6062 6001 0 1729 828 7081 2920 8289 1522 2639 8691 7840 3847 7498 402 5335 2627 5716 2463 8340 8150 9883 9735 1821 7381 6557 169 861 4199 3060 8033 69 4662 5252 8341 874 3133 9632 4262 996 941 7528 4560 3086 9862 5221 6178 6489 6927 7727 980 928 5900 1061 5606 6502 9065 9738 4923 1692 1599 1568 1011 6122 9607 9826 8782 3161 3091 9015
224 9831 8430 927 8407 4626 2234 2975 7542 3674 8092 9507 1546 8502 4048 7001 9162 4450 1552 4212 7015 5429 6414 1055 5261 6366 3574 6894 2862 4090 1679 4699 1729 0 5362 9136 7954 2665 5108 243 6549 3551 2524 8410 9342 7956 8081 4632 7493 1857 7097 4282 5259 9074 4411 2683 7299 861 8049 8706 9467 5696 4199 7569 8256 9043 5592 2943 8046 1510 4008 8904 9468 2706 6067 6469 6234 1965 5361 4962 4756 8285 8915 8184 1011 6126 975 3949 3126 9138 7290 583 1213 6130 2044 4149 2747 7967 7541 1370
142 7799 5429 1935 2594 9852 6110 7974 5207 7333 586 6042 7902 629 6636 9714 6365 9450 726 2583 708 4730 9154 2879 7188 9655 7170 1712 1418 4920 7016 6381 828 5362 0 4168 9273 6779 850 2324 1081 3033 7541 6908 6086 4890 6385 7810 7133 5919 4938 746 1308 917 8428 2928 2418 4649 2033 970 8263 3635 8334 1376 777 1783 801 7707 8013 5101 7339 7423 5036 6693 3652 1288 7031 6209 6702 6532 6786 6079 3313 3436 4985 692 4704 7189 2024 7437 1398 335 1161 5151 3676 7807 5730 3521 6871 1721
2357 213 1591 4529 9492 5188 2993 6234 2348 4689 8373 2500 7198 4878 7612 8102 3642 7151 8069 4708 5158 286 3902 5970 6980 2214 9052 5478 1084 9750 6103 8291 7081 9136 4168 0 4383 7248 4840 5167 7197 7992 8462 2234 7653 4504 6755 1502 48 9211 5188 5643 809 6619 5291 2782 5611 4588 6823 4277 8110 3417 9212 10000 5754 1929 9185 3153 2043 8738 9458 6179 8269 2391 7787 1890 8422 4892 1911 3758 5365 2091 3994 7073 5729 8784 809 1473 4393 2102 1728 9948 8106 6080 407 7780 8626 8606 1712 420
6066 5659 7009 529 3461 3947 7903 8667 5388 4606 8695 5138 8444 2816 8954 3244 6290 2668 709 1516 4801 3600 7281 7821 2743 4595 408 3788 3327 6255 386 6366 2920 7954 9273 4383 0 3821 8046 713 2476 2974 252 8001 4765 4785 6441 4511 6099 9156 210 1461 6975 4155 6851 8441 6804 4017 957 3895 4172 3287 6603 9327 486 5472 5984 2144 3866 8792 4816 9889 9909 7282 3757 7096 9408 8604 857 8175 9624 3002 674 7921 6707 5846 1936 3380 509 7062 8862 3748 4523 4780 6684 8071 3682 6498 1724 5089
47 5496 9708 1842 3360 2814 2263 1129 2781 2930 7818 3636 9685 6059 7367 9637 4165 6363 5432 9170 7809 9810 616 9952 2689 7017 8356 588 5834 3771 456 3214 8289 2665 6779 7248 3821 0 4544 2624 9892 2124 9735 4878 7712 2093 2653 4461 561 6737 7958 2039 6143 8407 6649 8365 6371 2214 6775 1481 2786 9516 707 7587 5420 2591 7589 5883 7480 1338 1762 8774 7770 4751 1169 4645 1071 8211 2003 5145 6520 1863 8418 6573 2651 538 9189 6038 6512 2021 9537 3626 6547 7036 2848 803 4925 5455 7654 8191
5684 5365 828 5035 5498 2497 89 6208 7535 8445 3321 1874 5648 1830 7508 117 4600 4397 9513 6338 8466 82 7909 6378 6268 9916 369 7240 6942 8665 33 185 1522 5108 850 4840 8046 4544 0 143 5972 6793 9217 3800 3715 6391 463 762 8719 2660 5954 3521 7535 3519 3274 9244 3922 5988 4317 9790 2940 2868 4905 1700 3294 904 2702 257 2527 366 5357 5505 5371 9558 3418 2467 5672 6517 5691 5395 8962 1277 5672 4734 3694 6513 3922 2582 9792 7172 4315 5925 1951 8276 4379 2690 4171 3261 4703 3037
3579 582 4332 4643 4747 4297 9823 3254 7183 2190 9453 4681 4843 8446 11 2823 1217 4967 7308 5682 5776 533 9316 984 3092 5499 286 7882 9705 1981 9403 6272 2639 243 2324 5167 713 2624 143 0 6498 7062 7920 5551 7358 6722 1181 5748 5320 9855 1157 474 4422 2957 6862 4111 5986 7512 5364 4041 1204 491 432 8892 3061 331 9902 1539 7465 3293 8265 9754 1078 8479 8398 7086 1094 5823 3092 2524 6673 650 1897 8892 5114 8619 1121 7788 4661 2474 6866 8575 2412 940 255 5662 3824 4196 1998 5394
2982 7716 344 5521 9057 7629 4748 4808 1530 6246 6685 1811 1437 4442 6287 5012 6458 3876 6263 3281 6413 5069 4367 5635 826 2457 5693 9679 3481 3386 2024 9981 8691 6549 1081 7197 2476 9892 5972 6498 0 4543 9559 8449 4699 8360 1698 3370 2141 706 2047 4719 7843 8110 1169 6169 5787 2705 8746 4630 7077 7449 1123 6283 7474 6936 1420 3697 1486 7694 5472 9460 8324 3329 1201 2951 2719 5226 5097 6510 8251 8580 4195 5348 898 8072 4999 9710 6292 8311 3870 3728 8933 7363 4764 7270 4990 1603 5655 4717
9833 2662 8868 1975 5443 5322 310 1975 4088 5864 100 3393 1074 945 5326 7887 7409 4812 5175 3745 7928 2493 7166 8760 7025 2868 2302 3122 2333 5417 6815 4870 7840 3551 3033 7992 2974 2124 6793 7062 4543 0 7471 5059 1601 6071 3889 5963 1438 8587 942 4348 1837 1493 5329 1133 5332 162 3648 9185 3120 482 5778 643 3728 2519 7805 9782 4906 3649 5676 4000 643 2186 3345 2445 2435 1485 1397 3619 4752 5044 1732 2370 3733 6799 610 4340 990 8078 111 480 6356 8684 7202 4628 704 6771 4392 4494
824 2037 1271 5851 2880 3708 2824 3364 5616 9373 9895 4705 3387 8901 4647 6314 4115 9935 1360 3717 2458 7737 7935 7000 7990 4149 6211 4695 7662 9176 5353 2598 3847 2524 7541 8462 252 9735 9217 7920 9559 7471 0 9823 6150 3114 7121 163 9110 9266 7438 3689 602 3829 5675 4893 5393 177 8984 1290 5615 8503 1508 6517 4419 5867 3142 1817 7965 7405 4078 7603 131 2038 1235 2462 6285 2727 4840 9576 5182 1598 2933 6806 9474 3907 5800 4260 8723 7056 5795 5541 9019 1873 7007 9904 4392 8604 2811 6729
8163 6576 9868 9446 2724 2881 6870 4556 5588 9474 7352 8808 8155 1782 242 3031 8097 8293 6115 4509 6698 7715 8638 3850 3896 618 7526 7869 3040 9094 1866 1838 7498 8410 6908 2234 8001 4878 3800 5551 8449 5059 9823 0 9172 4442 5575 5592 2878 1565 907 4976 9960 1785 2187 7281 3837 4472 1587 5149 1186 3116 2700 4842 5363 5919 8474 9167 748 2288 3722 7164 9334 7788 7575 6027 3103 1920 3066 5719 1237 6494 379 9936 1228 6518 8381 5381 8080 3796 9649 7747 4820 4427 1142 869 6544 5777 5620 3381
7202 8377 3155 393 1582 2173 3835 229 3162 8100 2956 8978 8942 4368 3450 3771 6806 2055 4709 6634 6982 8041 4913 8590 5739 1444 2313 4895 9763 1680 3213 9857 402 9342 6086 7653 4765 7712 3715 7358 4699 1601 6150 9172 0 7754 495 8700 2218 7243 3303 8729 2381 1804 3881 8465 2895 5516 2697 8359 349 5030 796 4033 338 2785 8688 7247 5338 461 2793 9662 1307 1869 6641 3652 2009 7022 6896 1619 4508 6893 5136 4462 7908 913 7278 3490 3208 3181 3797 6364 4976 3417 6329 1186 1666 8268 1467 7170
5675 37 482 6744 7398 8035 9309 8061 8026 7963 961 438 8584 1553 7416 8601 7877 2689 4259 3871 6924 7664 474 8134 9148 4430 4631 6876 1589 6142 7832 6095 5335 7956 4890 4504 4785 2093 6391 6722 8360 6071 3114 4442 7754 0 1418 25 1092 7993 7175 1984 4970 7828 8824 4080 385 3289 2517 8171 3042 4469 1724 537 1882 4585 8150 1478 5840 8575 9474 7199 6032 5131 8411 2695 2737 6322 8436 1384 5529 8658 2522 7313 6844 9871 4239 8999 5494 437 1520 9236 5641 4280 2078 5186 9755 839 3728 7070
752 6384 2842 641 6984 3887 8141 5773 1438 7057 8994 4146 4736 2996 7802 5754 5392 5926 6089 3989 5241 1742 117 9414 271 7625 5225 3855 6480 6288 1776 6705 2627 8081 6385 6755 6441 2653 463 1181 1698 3889 7121 5575 495 1418 0 5395 1703 7884 2772 1238 6372 492 7064 4944 4834 7905 7194 5021 1036 1433 4485 5631 6279 5588 2879 8031 83 7230 1675 7016 840 6750 1621 6714 2953 1536 7848 9992 5436 8867 9275 2167 3173 9860 8371 7828 920 370 797 6919 3419 2444 9280 2693 732 7389 3310 6388
3433 9000 708 496 9206 1377 1746 9933 3433 6351 8632 4140 850 489 720 1808 722 4082 5959 7397 3353 9006 4794 7419 2734 9908 5403 2615 6213 6058 1450 824 5716 4632 7810 1502 4511 4461 762 5748 3370 5963 163 5592 8700 25 5395 0 8905 7301 2786 2377 2846 7430 8673 5737 9441 850 686 7667 9953 5246 9920 4824 669 4604 2853 4013 3287 5808 8805 3370 5676 8811 2057 1451 9322 4216 7670 6208 1214 2031 5279 5448 1184 3692 3207 785 5599 8249 4480 3734 6757 5973 3412 6030 6047 2916 6051 2382
585 9581 1981 6659 6922 6809 9799 1893 4381 5377 3081 1827 2217 8358 7399 2687 6816 5922 8839 2651 985 1453 390 3935 5740 2500 2303 7322 6615 4741 8516 5089 2463 7493 7133 48 6099 561 8719 5320 2141 1438 9110 2878 2218 1092 1703 8905 0 8939 7254 1214 971 6817 2123 82 8857 8257 1086 7142 8876 8767 2537 1543 1670 5974 9828 4186 34 5633 6801 1985 4279 6885 7969 4288 741 5313 9776 3618 1291 1656 4068 7086 2820 2577 7107 9522 9261 7744 8695 9853 5280 5980 3351 9484 6146 3334 5368 1874
291 4461 4866 9922 1797 9437 80 178 5278 5743 4001 9074 2352 5970 5624 5877 2178 613 1322 1788 4157 7243 3036 3491 2712 511 1347 2340 9944 4212 7149 5096 8340 1857 5919 9211 9156 6737 2660 9855 706 8587 9266 1565 7243 7993 7884 7301 8939 0 4483 8812 8570 1543 407 4808 3593 7464 3383 494 8196 873 9299 2184 9720 739 5725 3497 2536 5322 2952 2190 5721 6166 8894 4349 3474 9297 1959 5316 3750 9251 7762 2447 3892 5610 2169 5048 5352 3855 6109 4295 5393 2563 520 377 4482 360 2461 1441
3885 4531 5114 5390 3427 7232 3342 2292 3071 6199 2956 4212 9100 4420 3431 1197 39 8148 5042 1722 7837 5012 4632 8025 9715 2932 4771 8991 6556 3396 1211 6113 8150 7097 4938 5188 210 7958 5954 1157 2047 942 7438 907 3303 7175 2772 2786 7254 4483 0 1029 7010 4671 737 7514 8456 6094 7362 2185 7916 6651 9022 1658 3948 7777 7199 2049 7561 7231 9557 7442 2075 1540 5482 9514 4311 2468 3847 6732 8141 394 6888 6838 7363 9042 453 7733 2575 138 4519 2205 7925 3800 8960 2474 5289 1679 1467 5189
6186 4492 9095 1775 4947 2617 8845 4118 4014 240 5332 2687 2382 7811 4537 6144 1246 849 2211 2403 8791 9502 9212 6712 4679 9091 1406 7957 8700 8431 8947 7624 9883 4282 746 5643 1461 2039 3521 474 4719 4348 3689 4976 8729 1984 1238 2377 1214 8812 1029 0 6015 6602 2444 4180 2267 8282 7816 424 5979 3518 1965 3587 4553 6055 929 7284 3982 2715 3255 7216 5135 9553 2853 7401 6451 7817 8683 1890 4515 4033 766 912 2981 3202 2478 9871 472 4310 5025 5179 6916 4882 2200 5589 5285 1014 6991 2684
9641 6074 6109 3881 3634 2905 4906 5420 7339 8558 5844 4551 5764 3919 5831 6090 7327 3150 5749 4430 5737 2681 149 6365 8478 8961 7999 5384 3229 4873 2979 3542 9735 5259 1308 809 6975 6143 7535 4422 7843 1837 602 9960 2381 4970 6372 2846 971 8570 7010 6015 0 2410 9643 9336 9013 6292 7929 7513 8607 4830 2223 3400 3887 8516 1885 1473 6371 7612 3593 4005 9742 6611 6873 6363 9597 9515 6910 273 8394 4503 7622 4720 9543 1995 6392 5534 4936 8867 359 2099 4173 2241 8688 1645 1635 6272 6400 1491
3474 7735 4062 3672 8531 5838 80 2322 7514 3274 7834 3674 7673 4299 5463 1296 5279 3671 3887 5899 282 3484 9418 5238 7450 6857 8388 6581 7911 44 9538 210 1821 9074 917 6619 4155 8407 3519 2957 8110 1493 3829 1785 1804 7828 492 7430 6817 1543 4671 6602 2410 0 7004 1373 4162 8614 7408 6814 738 5450 117 8322 9712 1658 2907 26 1145 7682 4996 7505 2709 5626 7500 4777 6911 721 5229 7375 1337 3624 9242 3015 1341 4011 492 2847 9945 6556 6188 8173 1103 5870 8299 6397 2226 1645 6783 2975
9562 2126 5070 2235 2458 8414 6879 8214 9301 6108 3262 735 904 683 9798 9761 6061 9492 5431 657 1465 6255 6538 7728 8505 643 6439 2919 5234 2997 2346 3402 7381 4411 8428 5291 6851 6649 3274 6862 1169 5329 5675 2187 3881 8824 7064 8673 2123 407 737 2444 9643 7004 0 6191 9387 9371 7178 6065 3637 6308 5376 7803 1786 1793 4956 9980 1611 7112 8389 8171 8045 7916 4340 8779 9208 7390 5891 3889 7620 7891 9977 4679 1949 8517 9752 3097 1539 4702 4846 8007 5357 3030 5417 8573 3090 7783 9822 1790
5885 8287 4962 4425 3751 2155 7779 2570 5177 6124 2613 9950 9350 2123 2364 3465 8817 4486 8381 2491 6639 3389 3358 7913 8494 781 3069 6113 7125 6774 8658 8400 6557 2683 2928 2782 8441 8365 9244 4111 6169 1133 4893 7281 8465 4080 4944 5737 82 4808 7514 4180 9336 1373 6191 0 4464 4769 2353 2607 8016 9056 7903 2114 776 6703 6342 4964 1327 4632 1837 354 8574 2664 7274 7377 1520 4151 7343 9934 4144 1219 5611 6230 216 6272 9780 7579 7653 1261 9103 8099 3575 1119 4562 1815 9779 8722 435 6256
5039 4114 6018 4929 1330 7762 5929 5998 3186 8117 4161 6926 1609 4991 2709 1746 2621 610 7735 3834 4153 1531 2498 9192 4515 7608 4095 7020 4892 2169 4907 4776 169 7299 2418 5611 6804 6371 3922 5986 5787 5332 5393 3837 2895 385 4834 9441 8857 3593 8456 2267 9013 4162 9387 4464 0 16 9270 1071 9751 5844 2416 9237 212 714 5856 2627 2921 8788 5002 5147 2067 6957 994 9976 5723 1699 5863 1407 7116 1557 2818 6132 8319 1558 841 3113 4664 816 2710 5295 8779 7995 3424 8648 597 7425 5476 9542
9903 3627 5664 6841 7377 9278 3612 1821 1662 5251 6143 5070 1850 961 4274 3455 850 6071 6806 3184 1223 5961 3608 5274 3550 9163 390 9627 9866 5040 3515 6383 861 861 4649 4588 4017 2214 5988 7512 2705 162 177 4472 5516 3289 7905 850 8257 7464 6094 8282 6292 8614 9371 4769 16 0 87 1264 6019 2486 3117 5816 8218 4969 45 4771 5020 922 6233 8077 278 2958 4220 3360 5791 9361 3077 9945 1811 7370 2155 1990 8996 7260 236 2294 1443 6426 4547 3750 3151 3093 9577 4095 3154 2029 547 7020
3998 3510 524 5171 8899 8338 4510 3845 5497 7690 8928 3214 3234 9174 8719 4423 5655 9649 9661 3311 7004 2621 4958 8341 2319 1889 1925 9912 3398 9366 8541 1398 4199 8049 2033 6823 957 6775 4317 5364 8746 3648 8984 1587 2697 2517 7194 686 1086 3383 7362 7816 7929 7408 7178 2353 9270 87 0 319 5224 5284 1804 6530 3102 4868 2029 3758 7499 7934 6685 4919 3498 8951 9504 2321 2186 7012 3824 8913 8536 7510 8808 9256 530 1115 3651 7544 1831 9848 2934 2252 7471 5297 9885 323 9582 2264 7652 2309
8166 8687 9216 2450 9578 2599 4933 5040 8761 7069 7142 547 6810 5480 1316 9344 1895 3337 7529 4981 7784 7400 3429 3433 3610 996 5874 6202 2597 8665 4712 1093 3060 8706 970 4277 3895 1481 9790 4041 4630 9185 1290 5149 8359 8171 5021 7667 7142 494 2185 424 7513 6814 6065 2607 1071 1264 319 0 6191 1912 3904 8253 3290 69 9450 9974 3909 8082 1315 9745 6636 3622 9225 5159 6979 2206 4941 772 2761 6862 5349 6724 1194 8036 7311 3101 2062 2603 3463 289 7973 5284 277 658 7094 3593 9285 3580
4913 3776 6243 7228 587 6725 8353 8285 220 2434 4447 8332 2374 2018 8708 7907 7065 6157 4182 4953 8375 5540 8921 9831 9115 1549 4110 2691 1423 7233 1078 5362 8033 9467 8263 8110 4172 2786 2940 1204 7077 3120 5615 1186 349 3042 1036 9953 8876 8196 7916 5979 8607 738 3637 8016 9751 6019 5224 6191 0 8508 7060 4031 9136 4865 6625 5116 1759 390 4597 2943 3912 4607 6791 3776 1664 3643 1089 7834 667 671 8393 5138 788 7920 1227 3869 4206 1644 5892 8595 2375 3918 4534 5643 1282 5593 9641 7748
6573 4327 8577 306 8900 4509 7366 3638 7974 6209 748 374 5846 8138 7460 9262 6712 6095 1156 1742 2836 639 3618 1284 307 3718 9754 5546 3608 9736 837 4645 69 5696 3635 3417 3287 9516 2868 491 7449 482 8503 3116 5030 4469 1433 5246 8767 873 6651 3518 4830 5450 6308 9056 5844 2486 5284 1912 8508 0 5805 731 6509 1843 3217 4249 8020 2102 2468 6379 7454 5497 6849 8369 6216 9025 9922 4517 4291 7049 4482 9984 84 1406 2511 8089 4348 181 7733 9187 6931 3918 3212 8150 9205 4667 9339 3688
4292 9926 5176 9119 8599 8267 4282 3578 8925 8606 5587 1023 1328 4430 3772 3491 7571 7182 5390 3767 9643 9140 2375 3760 3441 3884 9648 2038 3545 969 7878 486 4662 4199 8334 9212 6603 707 4905 432 1123 5778 1508 2700 796 1724 4485 9920 2537 9299 9022 1965 2223 117 5376 7903 2416 3117 1804 3904 7060 5805 0 3622 2052 4762 3172 7100 4086 8479 9566 5450 3909 108 8552 1780 6598 6452 777 8258 8919 5023 307 7801 4513 6427 3535 8141 4716 4885 8395 9710 8114 9273 293 5899 8687 3467 5858 5504
8032 6881 936 1620 8569 980 4764 95 3368 1856 4638 1922 1869 8782 6328 4534 2728 7465 2018 6622 7178 3825 530 934 7243 4664 4659 8065 5787 3170 2588 4932 5252 7569 1376 10000 9327 7587 1700 8892 6283 643 6517 4842 4033 537 5631 4824 1543 2184 1658 3587 3400 8322 7803 2114 9237 5816 6530 8253 4031 731 3622 0 3715 4753 6041 4602 3810 7466 5322 8080 527 385 9198 8678 1662 750 7836 8339 5440 3520 2355 306 729 5317 8979 5456 6880 8731 5513 6355 501 5839 4190 969 2112 1182 1949 904
3718 7782 3020 8920 136 5153 1276 7983 1945 3104 7137 3574 6318 4388 6537 3145 9166 7390 8473 8492 3925 350 1565 9745 4407 9611 2887 5287 7026 976 488 5460 8341 8256 777 5754 486 5420 3294 3061 7474 3728 4419 5363 338 1882 6279 669 1670 9720 3948 4553 3887 9712 1786 776 212 8218 3102 3290 9136 6509 2052 3715 0 5179 733 8065 1512 6139 8121 2787 5304 2841 3733 74 39 2740 4275 1490 748 6607 9315 2867 9787 1555 7582 6569 362 5021 2287 2016 8434 9068 8611 3901 9067 184 7674 2192
6734 1561 6012 4168 6106 464 5301 4658 5659 8277 6894 5013 8148 8770 3515 2710 922 6271 6735 8491 6513 7148 3026 5357 7466 7436 7445 8815 5077 2819 7501 2196 874 9043 1783 1929 5472 2591 904 331 6936 2519 5867 5919 2785 4585 5588 4604 5974 739 7777 6055 8516 1658 1793 6703 714 4969 4868 69 4865 1843 4762 4753 5179 0 5386 1869 9997 9859 8081 3007 4985 2895 8176 3542 8333 6838 5047 1514 4305 3211 2340 3907 4223 2188 6455 1249 2346 5814 3754 2030 7908 8783 871 8095 1777 1313 7809 7877
3438 5088 4143 8543 7931 1958 369 686 188 105 514 6119 2526 7931 9490 5911 6671 4677 4393 4363 7487 6794 5599 1934 1398 829 1613 4808 5150 6178 2584 6439 3133 5592 801 9185 5984 7589 2702 9902 1420 7805 3142 8474 8688 8150 2879 2853 9828 5725 7199 929 1885 2907 4956 6342 5856 45 2029 9450 6625 3217 3172 6041 733 5386 0 5305 7063 369 4149 8608 5838 8144 2727 8258 7515 5957 7710 6296 7775 8535 4875 129 7127 3302 4287 2969 4182 9744 1159 2422 1434 137 1029 5365 5389 2160 1516 1389
3439 6742 3577 8931 5176 3839 4137 2019 8269 7020 3284 4409 7511 9050 1604 3887 5199 7576 4648 7692 1998 9588 5970 3650 2643 5359 4476 4094 4218 3632 7936 5108 9632 2943 7707 3153 2144 5883 257 1539 3697 9782 1817 9167 7247 1478 8031 4013 4186 3497 2049 7284 1473 26 9980 4964 2627 4771 3758 9974 5116 4249 7100 4602 8065 1869 5305 0 8399 2153 3181 1279 6118 291 1723 5332 2274 2987 5756 7299 8935 132 7649 4798 2899 2282 8838 8964 7010 859 7699 5210 9411 2280 7325 4987 6344 7236 6650 7920
4964 6704 651 2753 3473 2512 5374 7784 9004 2108 8855 5296 8175 9844 6205 4136 2555 5890 5274 5964 3118 7324 2116 8577 9010 175 9345 2344 6205 3599 7304 9948 4262 8046 8013 2043 3866 7480 2527 7465 1486 4906 7965 748 5338 5840 83 3287 34 2536 7561 3982 6371 1145 1611 1327 2921 5020 7499 3909 1759 8020 4086 3810 1512 9997 7063 8399 0 8259 7573 1843 4680 7031 3561 6596 6415 751 8784 7551 195 3258 4492 9689 3566 8863 4749 4545 2054 1727 9544 7507 9058 9654 1095 6380 7797 6298 1126 5594
2427 97 9791 9215 5784 7496 4281 7062 8132 1748 6091 1435 7407 8103 9476 4378 35 9623 7246 2505 6096 7599 2397 6342 5278 7121 883 3028 8751 1892 374 2870 996 1510 5101 8738 8792 1338 366 3293 7694 3649 7405 2288 461 8575 7230 5808 5633 5322 7231 2715 7612 7682 7112 4632 8788 922 7934 8082 390 2102 8479 7466 6139 9859 369 2153 8259 0 9052 6476 7095 89 7452 3206 3410 5192 4017 3602 8117 1657 3018 1579 8752 4135 207 4144 6027 9568 9195 4570 2433 7237 5136 8668 202 7675 929 5760
8453 6272 7957 1637 6957 4693 3176 2493 4984 1821 7449 9689 2902 5960 1627 3838 6169 9404 4787 238 964 4683 5350 766 8474 6627 7459 1337 2877 5405 7104 9175 941 4008 7339 9458 4816 1762 5357 8265 5472 5676 4078 3722 2793 9474 1675 8805 6801 2952 9557 3255 3593 4996 8389 1837 5002 6233 6685 1315 4597 2468 9566 5322 8121 8081 4149 3181 7573 9052 0 5888 6305 3784 8046 7561 9211 3822 8865 8397 4911 3882 6530 4315 7834 4593 3737 8929 1928 1235 5301 8143 1517 3225 2717 9022 4018 6848 509 2009
2992 9839 7936 1052 8793 82 2495 9885 2077 5681 9710 7263 2750 6509 7204 7764 4056 4495 3448 1719 7113 6726 5347 4225 10 3129 5393 7652 1788 5818 7890 7740 7528 8904 7423 6179 9889 8774 5505 9754 9460 4000 7603 7164 9662 7199 7016 3370 1985 2190 7442 7216 4005 7505 8171 354 5147 8077 4919 9745 2943 6379 5450 8080 2787 3007 8608 1279 1843 6476 5888 0 7850 4884 5636 3633 4986 7990 4528 900 3200 8726 4670 8763 5396 168 9799 6531 7027 6705 4771 8715 3744 7270 9071 298 9776 4821 9783 2854
5009 1682 7486 9430 7652 4328 9675 7272 7325 5148 4419 152 4461 9002 3638 1716 4215 2267 4878 3997 832 4787 3819 1853 5484 7154 6609 2739 3822 6148 8326 8136 4560 9468 5036 8269 9909 7770 5371 1078 8324 643 131 9334 1307 6032 840 5676 4279 5721 2075 5135 9742 2709 8045 8574 2067 278 3498 6636 3912 7454 3909 527 5304 4985 5838 6118 4680 7095 6305 7850 0 7661 9989 6003 8760 8020 4615 6879 6635 2369 202 5922 6498 2490 7675 7599 7517 8619 4915 3002 6509 8475 9352 5594 4687 6608 9975 199
7321 8194 8965 1987 3247 3667 947 7420 9298 8538 4249 9242 2186 1076 7468 9616 1622 2050 7952 4020 4283 570 5012 3604 6081 8274 246 9198 4296 4086 4913 7687 3086 2706 6693 2391 7282 4751 9558 8479 3329 2186 2038 7788 1869 5131 6750 8811 6885 6166 1540 9553 6611 5626 7916 2664 6957 2958 8951 3622 4607 5497 108 385 2841 2895 8144 291 7031 89 3784 4884 7661 0 8245 5135 9806 5971 1665 2231 8804 8911 6270 9004 5847 4164 9136 9334 4367 3457 5209 2069 604 6295 291 1040 6233 5532 1439 6311
5228 842 7711 6560 3431 6174 748 8370 913 2104 2427 1367 1390 7170 870 4223 7122 6510 3820 3894 7973 9942 5766 3116 9817 7541 4165 2465 9651 2480 4443 8550 9862 6067 3652 7787 3757 1169 3418 8398 1201 3345 1235 7575 6641 8411 1621 2057 7969 8894 5482 2853 6873 7500 4340 7274 994 4220 9504 9225 6791 6849 8552 9198 3733 8176 2727 1723 3561 7452 8046 5636 9989 8245 0 6770 3240 2491 5281 3667 3626 5298 1920 8231 9540 6352 9654 5883 2408 6460 9296 8452 1293 4434 9023 96 6689 4191 4473 9481
8279 7242 7238 2969 454 1243 4691 4552 2508 5151 6405 5044 605 8005 5395 5675 6241 6922 2598 764 7752 5858 670 2270 494 3249 6888 1715 3886 1382 7999 7 5221 6469 1288 1890 7096 4645 2467 7086 2951 2445 2462 6027 3652 2695 6714 1451 4288 4349 9514 7401 6363 4777 8779 7377 9976 3360 2321 5159 3776 8369 1780 8678 74 3542 8258 5332 6596 3206 7561 3633 6003 5135 6770 0 8978 7059 2575 3728 2567 1763 8526 784 4769 1553 1673 9343 2753 5309 4859 3997 3508 4839 4402 8832 3064 2768 2671 1292
2298 1756 6629 9072 7715 3495 9347 7314 2571 9420 3448 7909 6134 7709 6667 3981 3340 3854 5387 9649 4620 1147 1688 920 9001 7799 9479 2756 5419 8702 7044 4957 6178 6234 7031 8422 9408 1071 5672 1094 2719 2435 6285 3103 2009 2737 2953 9322 741 3474 4311 6451 9597 6911 9208 1520 5723 5791 2186 6979 1664 6216 6598 1662 39 8333 7515 2274 6415 3410 9211 4986 8760 9806 3240 8978 0 8912 9942 4762 2106 7442 4416 1119 183 1636 4005 3864 4149 2359 1284 6586 6749 9938 2930 5480 8167 1718 8193 1310
935 6082 1083 3067 7000 1632 7260 3752 824 2992 2525 4943 3407 3507 1177 1183 5504 762 2923 8943 6055 1113 6099 6341 5453 289 9938 820 8392 3650 9768 2497 6489 1965 6209 4892 8604 8211 6517 5823 5226 1485 2727 1920 7022 6322 1536 4216 5313 9297 2468 7817 9515 721 7390 4151 1699 9361 7012 2206 3643 9025 6452 750 2740 6838 5957 2987 751 5192 3822 7990 8020 5971 2491 7059 8912 0 1475 6198 1249 1406 7075 8273 4834 9712 5245 2656 455 8940 518 936 3304 2361 4879 4540 6132 58 9620 3667
8942 2508 622 3563 3790 6857 1755 4492 9502 4592 9911 4012 7741 3149 9836 930 2382 372 7336 6373 1137 6703 3478 920 8432 5794 7605 962 1373 7448 3896 7038 6927 5361 6702 1911 857 2003 5691 3092 5097 1397 4840 3066 6896 8436 7848 7670 9776 1959 3847 8683 6910 5229 5891 7343 5863 3077 3824 4941 1089 9922 777 7836 4275 5047 7710 5756 8784 4017 8865 4528 4615 1665 5281 2575 9942 1475 0 2662 6372 9712 1844 4337 3273 5844 4562 5876 2425 721 8566 639 5241 7551 2718 104 4694 9754 5012 1480
1578 4483 9331 9785 5942 6690 461 1346 5033 5568 4006 808 6559 3829 8118 8512 1717 606 7672 5050 3910 5501 417 2934 5560 2948 5539 717 7016 3902 451 9829 7727 4962 6532 3758 8175 5145 5395 2524 6510 3619 9576 5719 1619 1384 9992 6208 3618 5316 6732 1890 273 7375 3889 9934 1407 9945 8913 772 7834 4517 8258 8339 1490 1514 6296 7299 7551 3602 8397 900 6879 2231 3667 3728 4762 6198 2662 0 3933 28 7035 5967 9826 8060 7959 5490 3900 3114 891 9153 5880 8918 7772 2110 1242 1234 5241 2377
9874 3536 1808 4739 3469 1211 711 3657 3848 4053 7503 5655 7155 5637 2728 4492 5862 7040 2255 1804 8745 3224 2070 6870 4224 4059 3338 5894 6611 9626 6937 6113 980 4756 6786 5365 9624 6520 8962 6673 8251 4752 5182 1237 4508 5529 5436 1214 1291 3750 8141 4515 8394 1337 7620 4144 7116 1811 8536 2761 667 4291 8919 5440 748 4305 7775 8935 195 8117 4911 3200 6635 8804 3626 2567 2106 1249 6372 3933 0 3095 2874 3857 5216 9760 1936 3098 6643 8328 4374 7484 7617 243 3837 6476 8718 3591 2998 1499
2059 9367 5393 8728 9410 9238 1406 3704 803 6253 2991 1697 8764 5484 2431 7498 1085 170 4450 6825 5663 9631 8515 6840 3767 5236 7960 7852 1570 9395 9923 543 928 8285 6079 2091 3002 1863 1277 650 8580 5044 1598 6494 6893 8658 8867 2031 1656 9251 394 4033 4503 3624 7891 1219 1557 7370 7510 6862 671 7049 5023 3520 6607 3211 8535 132 3258 1657 3882 8726 2369 8911 5298 1763 7442 1406 9712 28 3095 0 5667 6717 5578 429 6539 3060 3155 8869 6502 5150 9631 8232 8180 3191 6503 7895 8359 4970
