200
0 5882 8478 9021 6765 8800 9150 4043 8126 1569 177 6356 130 8985 702 5105 5685 6766 817 8403 5956 8028 3515 4358 5099 7145 4597 7771 7203 370 5024 1296 5006 5173 6883 1727 3088 3055 3076 3109 6180 5455 8702 8917 5310 6920 7848 8909 1971 5033 8805 4124 848 7714 2694 5733 9060 7695 5508 140 5542 7356 6650 8731 6653 5584 5275 7951 1250 6047 6579 169 4953 7224 9288 442 2931 4222 3008 6479 6864 7015 4912 2589 5663 6578 5456 276 5606 4158 3783 1481 8243 9812 3636 9970 7006 3807 4905 7751 654 1544 7199 9425 2861 9273 3191 8417 3280 5760 6550 869 2571 1190 8158 8197 6381 2268 7680 3784 1340 2160 4548 1385 4019 3541 9482 5571 2197 6370 7698 8391 533 4332 9881 8106 1576 9100 7062 5010 8200 4894 3007 1188 6001 1714 8537 8219 3886 7406 8078 987 6115 4181 2626 6884 9423 1162 2607 5160 8005 1137 2281 8611 9884 4322 5543 7650 3358 4349 5250 8885 8167 899 2166 8030 101 9284 1723 3233 9362 6154 5715 7716 8852 3749 8958 839 9069 8345 3889 4651 9863 9646 5968 9829 1038 2937 2429 31
5882 0 3958 651 1911 9714 2894 6149 3335 9648 2469 3629 8628 9133 7863 5557 9412 9593 5541 3391 2251 7834 7914 6517 989 497 2157 7643 8973 2314 1826 8634 2322 2195 8722 3962 4771 3323 1442 1734 7216 8844 9953 7205 2447 7445 2144 8126 3498 5391 9702 2288 1105 950 2543 9318 332 7111 6355 2006 4109 6683 1787 2015 560 9857 2157 8110 4126 5631 5828 634 1147 9222 3236 5131 6409 8506 2799 5391 5711 396 9443 4342 1046 52 538 4233 7410 7755 6314 6671 3644 1425 3072 8718 8849 3845 3936 8300 9171 6524 3289 253 9235 394 9909 8566 778 9332 4908 980 8749 7996 4842 3134 6694 4483 5465 53 1052 662 4554 3626 211 2280 2218 862 3448 6378 6530 4327 3365 9833 7774 8599 799 3361 2452 6964 8618 9138 9595 4798 6819 7716 3420 6393 2085 6740 8519 5368 3283 4336 972 4929 5512 5031 9328 7349 5617 4398 7093 6540 4512 7384 1573 2925 7952 6974 9888 181 3427 5431 2693 228 2960 8641 1733 183 3439 778 5653 3931 6539 4391 4602 3898 5798 334 1210 1720 9832 8171 5548 3792 917 117 9833 6446
8478 3958 0 8247 9946 4624 4092 7931 3924 4566 5455 8098 4225 4993 4497 9209 2981 636 3791 6089 6053 1078 9687 1136 6884 1157 285 5605 5302 9989 7320 5879 8518 7072 1745 3154 1454 4606 580 6258 9052 8775 5037 7520 3529 2618 7083 9101 2223 786 5683 6546 5256 1066 9451 7462 2379 130 9095 4177 17 7986 9612 6211 1820 5275 8226 2431 9152 3810 6217 58 5115 4933 2456 9920 3462 2852 7152 8881 7573 7344 6171 1435 838 4632 806 8744 9941 3269 3425 5201 9306 8871 6024 9020 518 2635 3781 5984 7770 4070 6215 8094 5232 4532 831 29 8754 6822 1619 3677 1721 1821 3505 3465 7813 275 436 6657 6951 5530 5420 5997 8818 607 2921 2701 7269 4088 6444 9517 546 2259 6140 1594 7432 6468 9598 7716 7687 8632 8083 5141 9036 237 7335 2269 7330 1362 102 6859 6979 7596 5340 1380 7140 1654 2404 9141 3153 8444 3001 6905 5891 9525 8967 8074 2101 4165 6088 4649 9959 8296 2648 3926 1801 5894 8881 4503 5558 6723 3745 5388 6048 140 9587 8676 5924 2970 9238 5648 7021 3756 3793 7965 5805 7715 4724 875
9021 651 8247 0 8497 1482 9955 3421 4088 9191 3069 538 7259 3254 9734 4070 8000 5939 5179 5724 8945 6045 4489 6220 7987 4650 3526 3540 5053 693 3995 5901 8797 9633 4571 6405 6009 7905 870 6738 8439 1635 4065 7083 6037 4571 6365 3136 8015 1668 2218 2132 4803 7224 6201 7465 3335 4302 1142 5282 6786 9152 3041 716 3188 2619 7331 1828 7870 1809 9888 6889 632 4316 6051 5104 5426 6664 3851 9674 8952 5497 8813 7157 2434 2994 882 5941 5604 2886 1053 263 1815 694 9521 7182 9158 7041 2483 5402 5948 2442 2835 8050 5829 4984 6748 6927 7975 4220 5434 6113 7989 3991 6189 77 706 2788 3692 893 5953 7310 6715 7489 797 6150 8044 5897 9548 6556 1720 2551 1596 324 7973 1430 6087 8385 4689 337 9059 1205 7569 1624 7184 1402 6323 528 3125 1871 9082 6910 9947 9804 6230 5468 3710 2929 1245 9236 6853 3552 8249 5314 3952 9999 7101 2224 9211 9494 8444 8553 9364 2995 5570 9259 356 7534 5779 8706 4799 1725 7648 2138 7226 4378 6677 4389 1671 8422 7136 43 3953 6550 7611 5916 3001 1361 1280 7391
6765 1911 9946 8497 0 1670 2017 2811 390 3087 9714 3923 7731 2812 683 3843 2501 8846 4638 3884 9909 5000 5878 7865 6849 9144 9520 2432 1772 8673 3806 1879 7214 2089 2683 3631 5055 7232 8727 2518 2301 5947 317 7648 7962 1725 4873 8399 5087 9766 4261 4959 9225 3350 6739 3674 4423 9720 31 7796 7902 868 9375 9465 5099 4862 8872 4214 3484 8175 9387 2547 5381 3583 7590 3831 550 5539 3333 5216 6199 2932 4728 1620 4097 7063 7143 7748 4135 2901 8508 8832 4369 9612 4844 2444 1061 2653 4999 3671 2574 1888 8693 5680 1747 1842 7026 1954 8564 8664 1232 4853 6267 660 1784 3184 7756 4991 7165 494 7324 725 2857 6054 4037 1007 7539 3076 5661 6179 5813 7273 7913 948 7167 6175 3351 7599 9237 8785 4066 339 9674 5656 5034 2662 8035 745 7624 6107 3900 7566 425 2117 1658 6341 7530 1150 7324 6585 5230 7840 8580 6144 3893 4528 1612 3870 7118 9516 853 3800 852 6878 4517 1035 1105 5412 8276 2385 6083 4716 7929 2740 9502 78 4206 298 8500 924 9184 1511 7658 6139 378 4894 4633 1584 999 8473
8800 9714 4624 1482 1670 0 4201 8626 2894 8411 5703 9785 4857 2867 9858 963 7947 1717 2670 3804 4130 9591 1662 6748 8365 4553 9312 4845 2871 9724 4623 5548 4028 5464 340 9495 4984 1418 1180 2022 7990 7529 7236 1960 2632 542 424 8815 7758 8548 6442 4193 8700 652 3769 9913 9417 1640 9672 9603 4237 9050 5587 2610 3427 2058 9806 5642 6421 582 5553 8776 1805 7451 7602 5293 8436 2912 5709 3660 3507 6495 7759 8384 8535 2095 1443 9535 9632 2095 9639 5169 9996 9519 7079 6795 4784 5997 8097 1169 1658 2796 6587 818 6017 1139 9888 9897 2815 4933 5962 336 5436 8832 3996 656 5365 4533 2993 3674 3525 4061 6515 3570 4155 342 5201 3667 9133 6279 7113 249 439 3627 3408 9615 5629 52 7326 8484 8251 1576 1452 1183 2320 2939 8940 6807 4975 1378 4134 3682 1715 1967 4180 5872 1244 3070 3098 4470 418 3636 5596 849 6127 524 7590 9415 9793 6904 9689 3039 9623 8843 5799 6579 6803 6429 7582 3715 8757 5959 8034 1944 8160 4917 301 9670 7039 3610 7162 2324 6791 5722 1081 5410 5933 8252 1960 3294
9150 2894 4092 9955 2017 4201 0 4101 8320 8346 1292 7232 3229 3338 982 277 4094 8868 6521 6560 7645 6143 180 4917 5396 1890 4446 5483 4968 2097 5777 5361 5719 3961 4157 2725 6655 3482 2546 4236 6209 3905 7819 7528 2433 6316 783 6792 7051 76 5462 1119 534 3091 6149 2383 3150 1758 401 9955 9796 5443 4719 8020 8625 2402 5884 680 3031 3559 9512 7866 5586 8709 2774 2410 1854 8558 7844 7060 9164 5594 7547 1095 5105 407 7024 6908 251 2868 9738 7972 9781 8725 7356 4458 8240 6458 1955 1949 3374 6628 5873 5063 2369 2125 3829 5791 3573 9483 9080 3477 9251 4389 6377 3734 4419 772 7824 4051 4347 2035 6841 5683 4718 3594 5922 2729 8157 2223 5814 9622 937 8446 6511 8444 6238 8776 7666 5557 9045 3364 3077 7194 3769 4802 4588 8628 8953 2780 7824 7428 4772 3830 4320 3210 9219 3020 9390 4569 4666 5422 6680 700 4765 9408 142 6722 6827 7180 5182 4644 8389 6722 7881 5277 2840 8254 5008 5156 3578 1272 3967 731 4579 7522 4906 4280 7474 5229 4538 8212 3037 8155 6656 5131 5824 5627 5345 7435
4043 6149 7931 3421 2811 8626 4101 0 1555 2463 8185 2131 3747 9637 5986 5593 8272 8322 3558 5808 3049 5173 2890 397 4111 3855 1004 6319 1165 7272 5078 3371 6915 7870 7899 2627 6001 2478 4768 7689 6905 2172 3172 5585 5621 8757 4601 5945 1138 1701 3619 2783 8247 8092 4159 6617 5296 1894 4886 4134 1233 5793 3356 8896 3567 1754 6052 7639 9932 4362 944 7696 5079 2591 7715 9065 9669 4882 9844 5057 488 8846 4200 551 3017 9675 7791 4506 6550 5841 4712 2864 324 6000 1465 9208 8733 2283 7955 5132 9808 8130 7828 9585 2507 5525 1643 6650 657 2697 7462 3293 7091 4721 9609 8351 6072 1257 5569 9800 2973 1588 1397 8683 534 400 4174 9389 9927 7916 9453 5305 9826 1771 3140 8858 5394 4854 9997 8731 4813 2661 3081 7896 6748 4986 7663 1315 741 1967 3530 8302 307 9826 5733 2405 5815 1296 6151 8061 1065 1772 7394 8258 7638 6312 9939 241 1254 9288 8118 5659 4050 5468 1624 5164 587 5833 3607 516 4257 150 1553 8099 2529 4419 315 7993 2812 1384 1733 4435 7794 5872 5585 4893 9915 9739 8268 8671
8126 3335 3924 4088 390 2894 8320 1555 0 4192 6057 6295 9223 8660 5264 2090 111 7348 8711 8775 6651 1419 6994 407 8296 4208 193 2721 2001 8073 7917 9113 6471 5163 7725 659 5746 7671 2552 402 3008 9371 2874 9797 6738 1683 3626 7641 3222 3505 1497 1242 2485 598 312 4442 3202 2492 503 724 3029 5599 5001 3345 7855 7669 1274 1539 3392 9272 1375 9556 965 0 4418 2888 8454 2079 8245 7345 3717 3459 4997 1758 2031 5454 2837 2547 9935 6785 5529 654 2259 5351 1617 2510 6292 5798 1039 340 5753 167 7355 293 7 3024 594 1599 7476 4599 1227 3413 135 9268 5711 3612 862 4014 7726 3224 2509 3815 4283 5369 9409 6070 4695 817 8305 779 1061 3866 5464 8250 6680 331 2169 230 7450 447 5068 5312 6381 192 7347 7679 5826 6681 2469 4529 1343 5362 4112 3761 2721 299 9170 5692 787 2178 6016 599 25 6602 733 1790 102 8621 3097 1186 9420 3302 2452 2629 8944 6451 7461 1701 8142 5716 3240 897 317 4968 1006 4343 7884 8930 5807 5202 361 7392 469 8928 5771 2529 5375 3973 1801 5632
1569 9648 4566 9191 3087 8411 8346 2463 4192 0 9936 1369 324 9901 2800 9622 1489 1423 7795 4331 5677 1806 7447 2124 8750 9977 6429 5759 580 9633 8483 9285 1154 1101 858 9822 1063 8884 1745 677 9380 7183 2663 812 5810 6937 5817 6419 4435 6804 1183 6344 6168 1184 4134 9888 6756 8083 7564 29 2280 7166 8865 3846 7947 1342 862 3191 1914 5537 4932 288 9025 2051 7143 8908 2398 282 7924 9327 4978 5017 433 1086 3510 7991 2351 6843 5947 785 423 5322 1278 2514 5651 9379 8259 3982 4213 4781 273 1796 7627 9505 3830 8684 5107 7995 8207 2350 9457 1310 6236 1268 1595 9935 3831 6451 8930 8794 4380 794 541 144 2308 223 3390 667 19 7522 7640 5534 7907 3145 9803 6999 7573 677 5977 3928 674 3520 1276 2616 7550 62 6132 7659 7061 568 5303 3342 3215 4691 6708 2286 7067 9862 8870 4079 9533 3856 7846 977 1225 4864 7547 955 5200 633 3333 2853 6769 8657 3561 7718 7504 1849 1828 9960 4147 8140 3639 6566 8898 1348 9646 4316 3899 2239 451 4337 2229 1145 4936 1251 5564 1823 3617 7599
177 2469 5455 3069 9714 5703 1292 8185 6057 9936 0 7949 1210 8744 2712 1913 2831 6228 5195 6984 1934 9850 2076 3017 9234 36 2785 7214 8888 9498 5104 4604 4866 1682 742 2457 6168 4181 7676 6950 5817 6439 4526 8247 7328 8883 2735 26 8224 3934 7291 2748 7212 2412 1779 827 6945 444 7858 7063 4071 2349 1617 810 8736 6219 8901 7977 5460 5486 9305 3460 919 2743 6078 5414 1349 6524 4453 1782 6145 8997 1005 9952 5672 5007 4421 7330 3399 3933 9616 9989 8599 1340 1364 5237 4454 7493 1988 9058 7911 2816 3538 498 6208 1931 9398 5903 7090 3447 4387 1847 5616 5140 6882 9557 3147 3697 3544 6986 960 8489 3428 3099 918 9526 1388 2903 1055 8283 1553 5962 9196 6162 9952 6058 2283 9475 963 4185 3662 3186 8428 9280 2013 1701 6471 1350 6520 2653 8789 7293 8306 7559 3329 4468 6307 2457 5647 4294 8998 9905 3122 5986 5411 2216 3547 6910 3763 9852 5445 5538 1407 9013 3072 5577 2097 8790 5801 9897 4746 89 8328 2597 3699 349 3027 2943 620 7691 1121 2833 2710 365 2114 9660 3769 1860 9911 8553
6356 3629 8098 538 3923 9785 7232 2131 6295 1369 7949 0 426 605 4023 4743 6212 7903 4839 5098 333 8745 8159 7909 8450 7438 5284 7210 3790 4969 6617 7012 894 5144 4997 1874 9126 382 2044 2102 2197 2992 6597 8940 3000 7784 5324 7524 1778 1902 4045 8528 7304 6591 6841 5675 8699 1410 5404 4429 3953 1517 8629 7952 6759 6280 5458 2158 8386 2697 8148 5620 8592 3079 5615 3562 1717 2754 1640 697 7247 1054 8243 2203 6111 9710 9876 4019 6132 8409 1009 8440 935 7580 178 839 7475 5879 2354 9094 640 7255 646 2797 3036 1514 2044 8180 4952 4356 9235 3337 4022 2550 9946 4964 2895 9620 5701 3995 7069 8307 3356 9196 2586 6959 9626 9899 1924 6102 2602 8848 9670 9278 8603 9990 9855 8638 2133 5151 5590 5294 630 8472 3493 1099 7277 2220 4262 4818 9783 7019 9939 2171 5290 8731 2276 4189 5102 4931 5777 1311 3565 9494 8148 6454 9515 9395 1759 7058 9923 9243 5063 7145 8685 8154 530 8910 8029 8448 1604 8489 1231 5374 9146 2088 6900 5916 1239 3112 1050 4948 2947 4224 3343 3525 7989 6187 120 4940
130 8628 4225 7259 7731 4857 3229 3747 9223 324 1210 426 0 1346 4579 4084 5058 5539 8099 5486 9424 1340 1028 7692 7311 4016 7060 5588 2929 8909 5475 7612 6196 9181 5272 2983 6885 7204 7519 6182 4297 5595 2354 3717 7869 757 4885 135 3867 3606 882 3179 145 8269 2904 8504 7444 6458 2446 2633 5947 3074 2829 229 5735 8072 9610 3754 2225 4380 6453 3776 7249 8264 3187 9503 1213 2259 5579 9408 6205 4806 7415 6254 580 5312 9038 745 8565 6435 2724 6628 6293 1305 3994 6406 3469 8957 8021 6358 1699 5864 9684 4510 5869 3998 4497 5953 377 7682 244 6331 2520 4101 2890 3277 6831 7638 7509 4802 8274 4832 9054 3686 3738 7886 1047 1409 7760 1862 6948 4118 2919 4487 8241 4329 7758 242 9745 3150 1673 285 7705 749 8556 8197 3695 2724 9435 608 6946 2358 8128 3726 1328 5509 3582 215 734 2104 8924 5852 6308 4620 1243 4305 7752 8314 1409 3897 4501 3668 6657 5621 5507 9037 3108 6248 7968 7643 7717 4230 1596 3555 5776 8982 5730 5257 4801 1028 2862 7716 1532 4718 9328 4374 103 2438 670 1387
8985 9133 4993 3254 2812 2867 3338 9637 8660 9901 8744 605 1346 0 5412 5788 8634 7120 2346 9940 8714 8534 8823 654 7745 8893 2270 4732 1481 4527 7865 167 6034 4390 162 8598 6670 5028 6599 6377 1568 6607 1492 4796 8227 3551 9145 4282 4262 2606 2446 3230 2966 4499 8180 2028 1370 2543 9332 1947 8425 3266 8674 7031 5531 8766 3585 5443 9134 9669 8243 5032 2223 529 8765 8821 7233 351 8053 4612 6153 4561 2193 7698 6758 41 1095 6199 5704 6061 7996 359 9840 4541 7383 1297 6177 9916 4334 7135 9347 2121 7816 6479 9962 5519 5242 8988 7553 1857 9514 3684 2448 4799 3816 8916 7000 29 7686 9828 1141 9878 1412 4374 2330 8365 1117 8860 7087 1729 7179 1647 2019 4741 8778 6888 9796 4181 7342 7908 2889 6193 4001 9667 9822 3361 6981 9193 1173 2247 4170 1415 8217 7206 7861 6376 3794 2239 330 6492 794 3544 3046 7843 1793 3416 5863 7666 7415 6877 9930 6846 7995 9396 2457 10 5923 212 567 8830 651 4450 9309 1643 5767 1817 1253 5761 860 3982 5723 7899 966 1075 6488 8947 7893 9808 795 3289
702 7863 4497 9734 683 9858 982 5986 5264 2800 2712 4023 4579 5412 0 8091 7054 6733 2142 7534 9602 6041 6190 3269 2658 4312 3900 2290 7008 9298 2399 1922 6026 2514 5424 3872 781 1195 3765 1439 3008 3224 75 8312 3478 8631 5338 7577 8573 1285 208 4853 8543 7331 385 9951 9009 8824 101 6492 5982 1337 2925 7320 2238 7338 9507 464 8570 6806 1348 5590 317 7709 4559 9830 1013 9006 9198 217 710 6141 527 9294 8930 526 796 15 9008 1530 5564 4076 6458 4326 3823 4158 6751 6981 9432 8540 3972 5795 5012 1426 4158 9794 2897 5984 7636 5866 95 6436 2302 4003 9582 5703 9311 2266 9687 2002 1923 5100 9583 6847 9346 9655 9729 1631 5426 5069 8384 7028 1073 5127 8538 9501 6342 3697 1984 7293 8823 3324 879 6101 1761 7947 7320 6893 4225 4228 4170 6414 5340 7750 756 5290 6014 1989 2680 3607 6819 3252 1218 14 9037 241 569 1646 5869 2566 8185 3038 6849 2760 4904 5575 7949 5518 7328 8055 5935 9543 727 5362 2744 276 8104 9688 3847 9742 266 9323 782 7129 3688 5893 3186 6326 6593 5411
5105 5557 9209 4070 3843 963 277 5593 2090 9622 1913 4743 4084 5788 8091 0 4667 1219 2786 6411 622 9868 6528 2469 5122 5207 113 3383 8026 7465 6020 9313 9310 9663 8634 8800 1207 9262 2866 7492 2063 6566 1632 1434 1645 4875 8218 3241 8809 2960 6754 2542 7816 3757 5459 8340 1685 8898 3293 582 9751 4589 8410 5277 1055 6970 9209 5221 3711 4278 1834 3445 775 7719 1680 1374 4996 1705 368 7987 6558 3075 8118 3765 1401 9671 2286 8416 2201 3879 1429 7440 4386 8096 1441 7869 7802 3441 618 1234 654 8460 743 8408 9837 4725 7878 1137 8423 720 8758 8202 1951 9248 4560 5003 9992 8818 8262 8259 2248 6793 4885 5045 9828 6058 4009 7575 7325 7906 7163 9430 1942 4858 6061 3237 9543 2900 5546 4950 7375 9027 7921 4390 1099 5304 4844 3188 5690 3404 4634 3321 994 9397 9058 4577 5596 8375 8594 1316 5893 3103 7644 5258 3384 1667 5757 8987 9521 7832 563 4981 9100 8007 8637 1448 4718 4860 3272 4197 6406 9044 2460 361 8776 9887 8874 8077 4742 3414 6921 5935 6366 7807 3726 5294 8827 9920 971 1980
5685 9412 2981 8000 2501 7947 4094 8272 111 1489 2831 6212 5058 8634 7054 4667 0 8975 6388 7822 280 7190 6099 9957 8980 4204 658 6218 4656 1433 7320 115 2768 4942 2457 4407 8185 2320 6927 6113 2104 5607 3267 1572 4031 573 5522 2135 4318 6803 5958 8901 1478 91 5084 3263 6865 304 6965 8648 1148 5248 9306 8818 3526 4912 6065 6214 4022 9707 8387 2570 9602 9616 2422 8372 8877 6711 8351 1007 4764 4885 5429 3403 4732 8646 2640 9035 4676 6853 7701 159 7612 6858 4849 1779 8577 6481 4695 8185 759 2452 7475 4446 3598 7753 8259 433 3488 80 4610 1833 6145 2026 8751 4811 4326 1444 9631 8466 8282 7365 4537 10000 2118 9379 9820 7470 8802 4397 4725 8657 6736 3898 6046 4876 850 2061 435 3349 5906 6984 7297 2960 7131 6492 3021 5554 7338 1906 6435 2437 8444 1918 6341 8417 8409 2358 3383 8529 2119 4388 6884 656 8701 8642 8701 316 4430 6939 2691 337 5175 3996 9445 5856 1596 7633 2691 5535 2666 6444 6059 191 8577 115 522 4909 9292 9420 4841 2055 2463 5252 7121 8281 7391 4560 5761 7182
6766 9593 636 5939 8846 1717 8868 8322 7348 1423 6228 7903 5539 7120 6733 1219 8975 0 5973 3641 4894 746 5278 5558 636 1773 2394 7748 3217 8888 3271 1507 8092 1939 7342 1566 5993 6391 7944 5267 1641 4248 7004 558 4526 8114 9961 3789 2346 5615 5843 5302 7530 5645 7676 5805 3369 860 822 2654 1075 3335 9240 366 6463 5887 129 4749 6551 7961 2924 7568 1284 850 9103 538 7054 7529 5967 6758 4156 6917 2199 6570 157 7287 2162 5835 9682 3748 4375 3548 6041 98 5616 4467 4102 6452 8438 4108 2555 9637 6763 7122 8252 3959 316 2142 9079 4159 7095 971 4764 7815 2291 3631 1843 3119 1393 6195 1170 8636 6785 3256 6312 5094 9006 9954 5585 7922 1164 6699 855 4424 7811 9686 5343 2829 6838 4874 9034 3062 2194 7249 3406 3065 8428 7621 4145 1684 710 3030 1175 8626 2696 8230 5713 1626 8600 3797 4126 1480 8808 3612 3254 1009 5323 7685 7333 9783 4576 5375 6114 206 7276 2795 1555 1232 9863 3109 7948 7068 1646 2457 2677 3046 5715 7549 1376 7742 2261 7681 5963 6763 2846 441 2141 4730 2784 1018
817 5541 3791 5179 4638 2670 6521 3558 8711 7795 5195 4839 8099 2346 2142 2786 6388 5973 0 4677 8799 3886 4255 2623 6828 4435 1150 1963 3203 8242 8775 1985 8087 9227 3613 6934 7560 2792 8957 1766 6920 2496 4061 2599 1406 4314 9899 7948 831 3834 4236 420 6352 6308 8673 91 5031 2426 9029 7740 1483 2577 8961 6996 5552 9559 6095 2080 9128 5563 2166 780 7438 4544 8398 6661 7395 8046 846 7814 5948 8144 7019 4928 9462 3455 6560 4652 9441 5698 3844 1416 7104 6468 6241 3702 8074 6939 7828 2204 3476 5183 292 1448 328 3587 2804 3374 5902 6951 4684 2752 7322 3388 1792 2406 2217 2311 9132 6869 4638 6565 1252 4759 4237 1297 653 8465 3783 5259 3920 9069 6633 5370 8213 8048 1584 9491 520 7431 6385 9928 4335 919 6044 1749 4187 4389 6884 9846 4429 5715 8089 4027 9044 7823 569 5281 890 4839 9090 6645 7299 1014 311 1739 6587 2999 5986 9113 1108 260 7550 3210 9109 4234 419 8828 1687 6210 6519 6604 3313 1570 3953 4909 9055 582 3956 7761 5446 7201 453 1762 6340 5005 3940 1972 2150 2606
8403 3391 6089 5724 3884 3804 6560 5808 8775 4331 6984 5098 5486 9940 7534 6411 7822 3641 4677 0 124 5719 3042 9894 596 7759 3000 1744 6221 6351 9038 1876 430 7901 9207 102 1613 300 1266 3923 1591 3986 3966 2245 9023 3943 2922 1405 7035 8093 9743 1371 9553 3250 2543 4531 9774 2746 8152 2440 4472 8708 2017 9015 8169 4623 8316 4120 8353 5620 8656 6699 9778 3414 2571 268 7280 4785 9025 4129 6919 8634 2990 2719 6728 4298 3422 793 1243 736 10 5048 1409 1315 6199 1856 5326 3089 8877 6344 7766 853 8576 6171 2003 4608 4971 6677 5231 8356 2743 3485 6926 6204 2524 1890 5356 4727 1324 4406 6087 2741 7342 245 765 2767 3334 9055 2439 9979 9648 2644 2924 4989 9998 7231 6887 8855 7855 7319 3180 7109 876 1805 4524 9875 4143 7734 8561 4648 5391 3176 18 9314 6360 2535 6363 4719 496 791 996 9009 4987 2246 6939 5712 308 3164 3373 2413 5555 8150 4371 5538 5862 5579 7612 5503 8490 1461 2573 775 274 7511 4282 8046 5741 7639 3701 7630 3660 9827 8486 4259 7181 2612 2841 5320 2855 7027
5956 2251 6053 8945 9909 4130 7645 3049 6651 5677 1934 333 9424 8714 9602 622 280 4894 8799 124 0 7882 8551 3618 4292 1569 9356 7282 6209 9853 6855 1954 9080 6729 7778 1427 8613 9643 5161 4847 878 5935 2353 8750 5513 6375 7044 4617 8748 1356 8039 1730 3619 7862 3588 6376 3765 6453 5791 1948 8916 1231 4490 1795 345 7274 5828 828 6968 2188 159 643 5946 5155 8508 9392 832 4902 3124 9281 8244 663 3969 2156 6126 1969 7823 8073 1025 8553 7655 6968 2787 8288 6529 8954 7385 4685 2678 9889 7998 4651 6348 2006 6502 9181 3531 1194 1823 3372 7698 8011 442 3135 267 5491 6905 6286 7934 6074 8792 2383 3016 6812 9212 5337 4399 7864 7403 5350 8165 5166 2592 3448 7913 3190 4915 4756 994 4298 5562 1878 903 7368 8706 4585 1491 7379 2839 8999 6688 5961 355 2775 4619 8694 634 8723 6605 65 4996 7220 6166 3187 6869 1143 1538 6544 1907 4631 1798 370 5821 4000 3920 9012 7166 890 8715 5557 4223 2506 4233 5228 5474 6859 7921 786 8998 8243 9129 8216 2939 1245 6463 2274 8808 1423 7146 3693
8028 7834 1078 6045 5000 9591 6143 5173 1419 1806 9850 8745 1340 8534 6041 9868 7190 746 3886 5719 7882 0 5660 2998 6086 4338 6195 5869 3925 7357 4775 3014 1612 1060 1304 5691 6334 3404 1316 8842 8768 31 1905 9372 1515 7416 3197 6695 8000 8683 3044 5103 5555 9645 4097 7013 7934 3719 5405 1182 6078 4428 8273 2910 5329 2499 4824 7096 720 9385 2496 562 2119 3729 9198 9761 8948 5173 4 9837 6419 4520 3583 7613 2592 654 864 3301 5687 3892 623 4897 7515 5043 9480 7057 9368 9179 4045 3482 2557 8041 6117 7861 8539 2192 5767 4867 5965 8422 5357 5934 6140 9471 3476 2812 2211 3501 1187 2890 2928 615 3192 9737 5129 2226 5963 6255 7106 2392 3036 4441 9536 7319 2074 5044 7420 6068 7705 3626 8576 9672 7990 6467 6940 72 155 8441 3465 8748 8926 5249 6401 2371 2663 8731 7651 8310 6304 7514 5119 5022 9617 8829 6900 5879 8884 6876 1874 5692 8752 64 6586 8122 2619 520 4597 477 2042 1990 3246 8882 2644 7810 6578 4839 6520 9224 887 5588 8548 7772 973 3478 5458 605 9604 9858 5226 4323
3515 7914 9687 4489 5878 1662 180 2890 6994 7447 2076 8159 1028 8823 6190 6528 6099 5278 4255 3042 8551 5660 0 7083 9129 9231 482 1773 9417 1806 5767 3643 8442 4346 1830 644 8400 4805 7225 8663 6084 8920 3008 4991 317 2477 9397 2843 8970 6293 3285 3798 5284 8137 3080 9702 4032 1555 9175 2741 7877 8123 6597 4002 9890 9169 4415 686 4699 1582 9296 5552 5667 1926 3931 298 3938 9195 712 994 3446 3182 232 3803 7185 2857 9815 3781 3497 2242 2421 4127 1294 1515 8520 6216 2536 7738 3086 5663 3625 7077 7891 1761 1487 1395 962 5042 812 8192 1067 5121 5887 6687 5090 769 3020 5458 2425 2683 7478 7637 9041 3436 843 7840 9235 5622 9840 184 5928 2875 2132 4532 6043 4743 6921 9429 7085 6808 455 8993 4129 3200 3646 5724 4175 9930 9547 3228 3163 3525 2296 2094 7533 412 2152 2278 8708 7573 8731 9099 248 638 5890 4159 5490 5510 2807 3390 356 209 9289 5311 3334 4144 406 3563 7828 4206 9980 3619 7836 4569 6719 4271 4626 934 3405 623 4658 1726 4840 8503 9957 3458 9443 7432 5437 2958
4358 6517 1136 6220 7865 6748 4917 397 407 2124 3017 7909 7692 654 3269 2469 9957 5558 2623 9894 3618 2998 7083 0 5769 413 3725 3044 7380 9466 2359 8707 2577 660 3380 3476 7262 4651 8882 4543 1783 1126 6487 3945 8403 4113 8703 1729 2427 4126 4714 1937 8024 1927 5340 9462 3734 5077 5016 1291 9632 3002 4611 7439 2356 2251 7724 5466 5243 7401 6569 262 9520 2197 1089 2492 7128 3426 8028 5795 1783 9592 8134 3166 5378 8965 2705 2352 783 723 5715 500 7025 8938 9144 5123 5080 5152 4428 340 8385 7794 4911 67 3523 4561 8304 6706 3257 7 6591 9698 8522 9151 2265 7937 489 1410 6380 5771 3848 4740 5351 774 4475 8515 6081 585 5438 9291 1144 5045 4235 9194 3044 5535 447 6567 4384 2015 8906 35 4818 202 1397 5058 6126 8797 859 2454 8443 5935 1603 9053 2389 1833 6063 3863 1088 2038 7574 4199 6116 3150 2569 1921 9014 319 3197 1465 8926 3948 6824 4769 5730 98 3265 4869 8056 7305 1939 4170 3142 4592 5614 9570 4874 5061 7799 7979 251 2574 2063 9279 3806 107 3405 4750 4323 4321
5099 989 6884 7987 6849 8365 5396 4111 8296 8750 9234 8450 7311 7745 2658 5122 8980 636 6828 596 4292 6086 9129 5769 0 8773 6746 9286 7916 4778 2128 58 8243 6480 8752 7452 5729 7930 7213 4059 2219 5684 552 2173 2278 3829 3377 5469 7665 1203 6400 6152 9816 7016 5499 1408 1358 2894 1536 2123 1838 7761 3627 8081 3575 9036 471 4389 2651 5346 1232 8741 4325 8628 1814 5887 4990 6473 5741 6933 1157 2180 7637 2970 2089 8009 7527 6865 3029 1854 2969 1691 7708 802 6526 1098 3689 4281 9406 5030 878 2690 150 7850 2952 8187 1220 6690 494 4592 11 6986 7773 7299 9134 6298 6920 2284 4991 5498 5114 7389 6742 6353 8347 9348 7545 7640 3288 7217 7808 4201 5677 3807 9309 2063 4719 6712 2802 6463 4835 6779 5357 3447 4119 8344 1803 3284 7270 405 6259 5654 9165 9971 9521 9085 6133 355 9664 4660 3944 6686 3408 5702 8697 5604 170 6622 8023 5322 8160 8441 4494 3323 7272 6121 4186 2417 7005 3598 6272 9890 3712 5281 6232 1997 6566 3558 9891 5433 8380 3583 3058 9534 7807 5817 1799 6677 3808 1747
7145 497 1157 4650 9144 4553 1890 3855 4208 9977 36 7438 4016 8893 4312 5207 4204 1773 4435 7759 1569 4338 9231 413 8773 0 3933 9310 1356 954 7716 5918 4243 316 354 7502 5212 9364 1338 4233 364 7023 422 3079 7981 1965 6184 4193 7621 8462 956 6834 4860 6562 7463 1255 3684 3390 4077 2886 7475 5404 7958 2631 4788 6337 8910 9326 6853 6009 2400 8603 7151 7441 8198 1168 1868 2634 2600 8527 4246 8364 1080 3880 7218 4030 8858 4003 6939 3875 6832 8843 2934 1777 6790 7146 6240 8151 1524 7625 2441 9082 9740 7132 8118 1889 6362 6509 5362 3126 2091 2143 4296 6635 8488 7286 8347 3373 3490 3553 6190 2621 5356 498 7041 3519 1404 6793 84 6424 3076 1927 5422 7899 4329 3478 4876 9714 9093 1489 2036 5334 767 1117 9730 4785 7647 4800 1063 206 2325 3323 4632 4166 8277 7063 5526 7689 1265 3107 2833 5339 3017 9742 3550 2411 8267 2702 8415 0 6353 5370 9071 7402 3526 2106 9186 497 271 5415 6764 9800 6343 2110 265 8646 5507 203 6006 5901 5102 9895 8782 8706 4202 6230 4058 3493 5507 5726
4597 2157 285 3526 9520 9312 4446 1004 193 6429 2785 5284 7060 2270 3900 113 658 2394 1150 3000 9356 6195 482 3725 6746 3933 0 6853 8412 4096 6359 4056 8492 9861 8800 1109 5729 9268 4445 2676 7863 1753 2328 7923 80 3160 250 8957 8804 5367 5087 6040 7090 9251 5539 2549 6982 3407 36 3324 1127 5614 6488 3314 322 8120 4251 6080 3898 6502 2693 369 1974 2340 3433 1155 6344 331 2532 9248 2754 8301 7384 6363 422 6361 4945 6621 6620 585 9233 9253 7817 2280 1639 5274 2154 4353 6878 1483 3313 6478 4870 247 5132 6675 8951 8258 4916 5065 3953 320 1842 7375 8669 8403 2582 9921 7041 9182 762 2152 6304 7360 8126 9996 2021 6006 2327 3311 7314 2969 4278 8498 520 7795 6501 7209 9041 3585 3218 4194 4419 3331 9364 3572 604 23 9603 8616 8565 6105 5688 6266 8048 456 6752 7586 4316 7936 7042 9874 9406 1429 4887 5152 7483 3070 3491 6945 9607 5306 2451 4387 8793 3903 9430 2928 4656 9820 6548 1582 4368 4790 8067 1008 1283 4997 8051 3444 5628 4091 516 4929 3560 4287 7605 3264 5099 5866
7771 7643 5605 3540 2432 4845 5483 6319 2721 5759 7214 7210 5588 4732 2290 3383 6218 7748 1963 1744 7282 5869 1773 3044 9286 9310 6853 0 3116 9354 6746 7813 4351 4523 3780 1399 6023 9037 5778 7421 5055 5051 3645 1201 1272 5735 4986 5619 5419 5377 6696 6946 2923 177 909 337 3997 8162 6733 695 9931 6721 8863 4406 4507 8663 7229 5592 7280 8600 3110 7556 4709 8618 455 4404 3614 2055 3062 1659 8950 5098 1842 1797 5145 5235 8422 2224 8262 952 5657 3964 9653 347 1190 5551 9072 2882 9798 951 2410 6893 569 7777 5022 4502 1663 2725 1228 8596 4654 8151 7170 9432 9445 5073 1427 9191 3548 7457 111 9164 1651 8631 6993 1173 3908 4488 8818 8881 9788 1272 8777 181 1768 1258 6400 5595 1613 1037 1011 3409 3049 1699 926 4118 9695 9544 4616 3976 8161 6435 5115 8824 6695 641 6798 1054 5966 5350 9294 2006 3011 9017 4821 2549 5787 3692 4714 8351 1699 4031 5481 7545 8637 7967 5150 8238 9484 2380 4083 6321 1471 3669 9770 2992 9482 5922 7197 4601 8965 4993 6108 8392 6207 5345 4667 5824 8519 5202
7203 8973 5302 5053 1772 2871 4968 1165 2001 580 8888 3790 2929 1481 7008 8026 4656 3217 3203 6221 6209 3925 9417 7380 7916 1356 8412 3116 0 7229 6135 502 8998 6262 7512 7371 3970 2841 102 6054 330 1107 8701 4532 5433 9421 4299 8827 1704 2015 1937 3650 518 115 3404 4483 3923 2529 5012 5482 1453 4969 5847 3978 6799 9862 4605 4014 928 3303 2124 2180 3438 7226 6386 2274 5988 4756 2518 2933 5783 2782 1618 780 1229 9432 6167 1294 198 8475 3287 4564 7828 5661 1651 1063 1595 1780 6422 3554 2027 3563 8148 6545 5379 2980 5403 5645 6799 8261 2300 9567 7838 3574 772 4003 3278 5178 1328 4517 1526 3532 5392 1125 9247 2481 1787 310 5747 6152 5887 1917 9277 2472 7680 2309 2485 6903 2568 8663 1638 1746 7993 8931 566 6267 9985 5410 2850 1544 9936 7004 7301 9050 389 7591 9273 1128 3374 896 2936 3030 5107 2512 321 7613 5634 8379 657 5784 5877 6845 5389 7594 8486 3882 3713 2740 325 5678 7877 9016 4278 6229 9437 8556 4337 7278 9294 2401 443 4936 9131 5044 695 8378 3181 9572 1516 186
370 2314 9989 693 8673 9724 2097 7272 8073 9633 9498 4969 8909 4527 9298 7465 1433 8888 8242 6351 9853 7357 1806 9466 4778 954 4096 9354 7229 0 9200 7682 8569 9290 3930 7127 3075 459 7990 915 9834 6532 4672 9962 68 2654 7427 5896 1850 6473 8274 1352 1315 3316 7535 1038 5728 322 2182 5938 3101 5400 4 6365 5098 8533 1568 5351 9177 5485 7358 743 3415 6462 4013 8643 5496 4215 6602 5026 443 4255 2633 5779 9296 1267 9817 9333 9684 4645 5709 3818 3158 9527 3155 8568 9235 9257 9753 867 6922 101 874 1608 285 6149 5575 8263 8618 5889 6407 4004 9864 9009 7671 355 8587 5272 1846 957 9466 4610 9649 6574 8382 1265 5867 2194 6853 2770 7278 2181 3577 382 5312 7819 2988 2163 2865 9682 8751 4134 1706 3861 5416 2788 7578 4658 3400 2764 3124 2037 6261 5377 6338 6412 2380 351 4084 4231 8881 92 6027 4270 7130 1076 7137 4933 6494 2877 8285 9588 2040 5217 1732 1397 1343 4637 2008 7377 3290 8030 7887 8892 3805 6778 1119 9646 5508 7977 8996 3177 6055 2651 829 6319 5075 4512 913 651
5024 1826 7320 3995 3806 4623 5777 5078 7917 8483 5104 6617 5475 7865 2399 6020 7320 3271 8775 9038 6855 4775 5767 2359 2128 7716 6359 6746 6135 9200 0 8210 5088 2039 8168 3424 8070 8542 1917 1473 1601 6929 6123 4799 95 2317 2923 398 2788 7690 7594 7294 3065 5710 8578 3364 3466 1016 2421 378 6876 5028 63 2606 6417 8172 2317 5629 2267 2106 8454 3304 4824 8101 4220 1263 5672 4322 5403 2372 8342 4949 5328 4548 9907 9694 1477 6402 7226 231 7432 9676 1815 9982 110 1754 1312 5487 8525 7176 3304 8550 3944 9669 3091 8216 9626 62 2691 5511 7499 2595 4244 107 3491 6130 4677 1086 6596 5538 1626 7504 7830 8838 7347 3605 6088 3095 9729 3904 9051 518 3900 8070 8797 8220 4648 9645 6218 8575 1167 4042 6230 8643 7217 8813 5014 4724 1295 4632 87 3215 8704 3225 9466 4566 1354 4391 7140 3449 1777 3147 7513 9547 2501 5341 3367 6261 8094 9780 5483 9798 6515 1228 6144 7337 6191 683 7492 3623 5095 3707 786 6641 5983 1997 4283 2865 6171 510 2574 1939 3557 3545 9548 6398 8409 5310 305 3486
1296 8634 5879 5901 1879 5548 5361 3371 9113 9285 4604 7012 7612 167 1922 9313 115 1507 1985 1876 1954 3014 3643 8707 58 5918 4056 7813 502 7682 8210 0 7340 3067 7747 5350 4224 4697 5929 768 6153 9261 5169 8128 6162 5038 1981 1570 5399 6848 8243 3763 4062 9012 9185 5258 8836 1527 4182 5813 3032 8794 4985 6957 2372 6819 8238 4344 6673 726 9895 7025 4606 9856 9088 3715 4156 5752 9269 192 2086 9415 229 6211 8272 8537 1977 3165 1772 2424 8859 7455 6902 3563 4966 4370 1300 8727 4127 3926 879 1201 3188 4546 3404 3692 945 3617 8785 4921 2135 187 7373 7782 6081 5159 9118 3980 726 7762 4656 4221 8857 2657 106 5484 7431 7295 9418 6960 6738 621 2698 5368 2173 8675 3506 211 2699 6733 6030 8799 6615 723 1889 4666 1987 3507 7726 8957 8596 4336 2842 9233 3040 2350 7624 527 640 5857 4675 5281 3774 4492 5706 1347 4650 5185 495 245 7106 7728 9146 378 7413 9736 9108 5344 7631 7858 910 7932 2475 4067 4358 8299 109 9557 4228 321 2965 1963 9986 1391 6305 941 6078 23 3560 4111
5006 2322 8518 8797 7214 4028 5719 6915 6471 1154 4866 894 6196 6034 6026 9310 2768 8092 8087 430 9080 1612 8442 2577 8243 4243 8492 4351 8998 8569 5088 7340 0 313 3605 3713 5102 9848 1129 4573 4886 8614 5325 6641 527 844 7717 4672 2045 7123 6793 8346 7554 5523 7699 6727 195 6229 8511 4814 6904 7074 4571 2320 8277 6413 9040 4041 7527 2431 33 7979 4548 9074 4110 534 2438 9226 4816 569 8226 3351 9724 8248 2455 1649 8665 8007 5487 235 6542 1626 7072 2465 4086 1881 1254 3803 5743 5139 5056 4062 1431 6056 9360 5126 2350 1760 9295 1057 3561 9084 6800 8672 6573 1689 1412 7605 2469 8248 887 6492 8319 5925 3257 8080 8240 3703 6140 5368 1662 4983 252 2407 6643 4120 7658 8268 3795 9332 3476 9855 4720 9989 3512 5250 3233 8483 1632 510 9713 7515 6217 5814 4857 4301 2634 7405 2126 1441 7592 525 9187 4271 9247 797 3878 4980 2312 6514 4073 2476 9116 9739 5046 2017 1391 271 2595 5844 8996 5293 8413 105 1561 8752 1932 5165 5541 8483 4108 8223 7713 4138 5375 808 3665 4565 2859 5712
5173 2195 7072 9633 2089 5464 3961 7870 5163 1101 1682 5144 9181 4390 2514 9663 4942 1939 9227 7901 6729 1060 4346 660 6480 316 9861 4523 6262 9290 2039 3067 313 0 9840 8666 5858 2949 3903 5288 1891 2065 6780 2996 160 3603 9437 3256 4836 373 3116 8996 8731 3364 6087 2455 3683 3206 6494 7295 5422 9245 9431 4113 15 6276 2026 9398 5002 5537 2507 6872 8862 2466 9588 8122 3821 6026 9780 8194 6323 9720 5092 764 5496 6082 1071 7587 4128 5730 2941 5284 5910 3150 8424 4066 7629 9509 5817 5316 1494 5954 9582 1779 7162 4673 2259 2337 9820 1662 6255 6338 6167 4266 2619 3805 6390 3109 2252 3325 2472 3181 6428 2907 8179 877 7419 3822 5875 4758 5431 8785 2943 7865 2812 4556 9371 5311 5771 3068 559 4231 6815 4787 8176 4762 1359 5165 73 1255 6350 9376 2605 2403 615 9454 5237 5784 3240 2551 8321 3377 9398 7978 6333 6108 1347 2405 2243 3146 6136 2842 4030 1888 7676 3232 8195 6814 4356 260 5603 9228 4290 6349 4178 4497 3097 4007 4742 6606 4983 1324 507 5883 184 2239 8500 9748 3774 5605
6883 8722 1745 4571 2683 340 4157 7899 7725 858 742 4997 5272 162 5424 8634 2457 7342 3613 9207 7778 1304 1830 3380 8752 354 8800 3780 7512 3930 8168 7747 3605 9840 0 2763 2033 3929 9548 959 3845 8514 2297 2729 6256 4216 443 6112 1483 9486 4400 6498 5097 943 9557 5957 1504 1227 2449 9236 8861 8417 488 769 5935 1933 1131 9369 9591 3582 2318 736 4104 4267 6236 4377 9534 341 8499 5412 505 8072 9123 3925 6339 2680 6258 6307 6340 2931 7934 6437 9375 997 4676 6142 1027 5851 9470 9084 9890 8336 6425 1930 22 9619 2639 7417 9680 7245 401 6362 3869 6894 288 5415 7565 3154 151 7982 1377 2632 6927 2780 4710 167 3086 3183 5900 7350 3444 5341 3890 4780 7606 1174 6390 9253 3710 9776 1323 9356 5060 9445 9079 4077 2782 1305 737 7923 388 760 4159 7232 8941 9678 6955 4451 4749 2696 3170 142 7708 1359 2614 9449 4159 9245 4502 3712 122 2547 6189 286 8029 557 5601 5911 8043 1939 8610 5651 591 612 7669 5114 4289 1631 1408 4291 3547 9622 4718 5856 629 2067 4596 9328 1024 7341
1727 3962 3154 6405 3631 9495 2725 2627 659 9822 2457 1874 2983 8598 3872 8800 4407 1566 6934 102 1427 5691 644 3476 7452 7502 1109 1399 7371 7127 3424 5350 3713 8666 2763 0 515 1912 5577 6662 2506 5415 8216 3908 6439 1154 7576 2936 4898 2282 5988 606 7544 6325 7612 3850 8190 1837 7406 268 3840 7776 2531 2032 1866 3685 5154 9703 8794 8083 4671 3437 2190 2371 2367 7591 3775 9223 7174 2690 7337 5508 9523 9011 9251 3944 8496 5265 198 5779 9232 2439 9236 1403 2431 192 7864 3275 6115 1074 4841 2521 3870 3352 7070 6644 3691 2452 2155 959 736 7755 2522 8483 9634 5396 830 3959 8264 1158 8292 9674 6178 5771 4901 959 1232 1629 1876 4492 8188 9592 9895 8614 4917 7229 4014 383 8814 7116 6653 5374 5658 4063 6515 9094 5834 6298 800 2519 6527 4545 8869 7924 1152 294 8407 1174 8237 8976 9434 8088 3955 3414 3355 2955 1939 6094 5167 1005 6956 8661 3696 8570 577 5342 4429 2128 6648 9357 3338 7527 3302 8421 1423 8523 928 4141 6144 567 2299 7420 336 5983 6899 9266 6642 693 1624 7874
3088 4771 1454 6009 5055 4984 6655 6001 5746 1063 6168 9126 6885 6670 781 1207 8185 5993 7560 1613 8613 6334 8400 7262 5729 5212 5729 6023 3970 3075 8070 4224 5102 5858 2033 515 0 4627 7043 8093 4682 8125 3505 5601 6399 8051 3657 3559 7167 3911 6107 1868 5898 7402 3354 3144 5445 1480 9306 524 9154 6260 6306 8143 7090 7081 2360 7978 6523 1292 1983 8224 2429 5390 8793 3595 401 3743 959 5578 720 3138 4359 6663 6226 7173 8261 5128 8492 6253 3131 8202 3768 7367 4306 5510 971 2332 1096 7202 792 8224 966 1557 973 8574 9614 8458 947 2109 8583 8681 3310 3536 7444 5422 57 7085 7438 1723 2587 3451 8557 255 2378 2934 5458 1107 5888 3907 9376 2141 5840 7710 1386 3222 7640 5324 2220 5676 718 3279 3472 8143 1958 76 2809 2599 3585 9268 5851 2588 4375 4905 3016 3364 3595 298 5685 7613 4077 6423 8595 8057 1962 2882 7471 7968 9292 559 2070 620 360 1239 9314 894 36 6429 2293 4774 2313 8474 9535 6269 4237 1640 4518 195 2493 2841 67 4362 5040 515 0 6088 3933 2852 5733 8925
3055 3323 4606 7905 7232 1418 3482 2478 7671 8884 4181 382 7204 5028 1195 9262 2320 6391 2792 300 9643 3404 4805 4651 7930 9364 9268 9037 2841 459 8542 4697 9848 2949 3929 1912 4627 0 6464 208 3477 9116 985 8162 9239 1480 5198 6177 2577 2267 1394 1124 5270 2470 4853 6124 6999 2176 6473 613 1769 7628 6097 4294 4546 7775 5953 4955 3785 4938 4138 2263 4067 1374 3235 2255 1874 3599 6808 8425 2281 2453 8696 3567 4799 1370 9980 9049 9798 7018 8807 3111 9448 7263 1779 1765 7495 8790 6956 5254 4273 5277 6577 6033 9474 8849 5769 529 5977 661 9581 8653 4449 7929 496 611 8552 3845 3684 8189 3378 3471 1150 6777 4251 8515 3674 7371 9629 2957 4932 1639 7976 4856 9799 7144 300 74 5943 6362 941 4203 3277 200 5467 9454 5224 3385 2662 614 571 5005 2944 4672 8350 9125 8632 9919 2979 3343 4638 3723 7915 3002 7896 3508 9488 9417 208 9014 2077 7863 3231 132 6239 1633 1671 4939 2201 7951 8972 6839 4770 7715 7816 4498 3968 6368 4115 4738 354 6899 9490 3644 9101 3065 4346 7795 8192 9823
3076 1442 580 870 8727 1180 2546 4768 2552 1745 7676 2044 7519 6599 3765 2866 6927 7944 8957 1266 5161 1316 7225 8882 7213 1338 4445 5778 102 7990 1917 5929 1129 3903 9548 5577 7043 6464 0 8891 7647 7298 5036 7282 4801 5374 6355 4816 4732 7404 3218 4781 9889 519 1443 1814 664 7129 577 9560 361 7795 6109 4097 5740 1290 2396 9737 3006 9900 590 3808 7778 8463 6120 6944 1846 5214 9173 9625 2648 9952 1905 7714 1605 8384 6169 2725 151 8096 5340 2839 6774 2368 6436 1508 6631 7656 6665 1340 5229 101 6721 7994 2955 6150 9536 3859 2214 7934 1620 3328 438 1442 3087 1276 8823 1965 2025 9055 4883 7062 4726 3391 3764 4784 9378 378 6053 7247 1226 9476 8717 3660 8443 1388 4167 2873 4323 228 3399 5145 4652 2602 5471 7024 187 2511 19 6694 1396 5512 4814 3484 9321 5713 5723 1562 9503 4074 5270 4412 1065 7629 3718 1643 573 6698 3626 4574 4972 1501 7227 9364 5168 840 6189 8935 8289 9798 7809 3449 4250 5966 3596 7783 6855 7622 3382 1641 4487 1195 2737 6215 6989 4923 5076 6536 1019 1518
3109 1734 6258 6738 2518 2022 4236 7689 402 677 6950 2102 6182 6377 1439 7492 6113 5267 1766 3923 4847 8842 8663 4543 4059 4233 2676 7421 6054 915 1473 768 4573 5288 959 6662 8093 208 8891 0 2916 8439 5681 709 7746 912 7231 7512 8166 7607 6656 8471 4536 1137 2363 8869 6041 8710 3790 297 3905 613 9535 2576 2858 4080 7695 6461 1775 2595 2246 7411 9978 8683 9951 6648 1139 9674 7715 3026 3599 3000 9163 1019 3324 3775 89 3358 3162 1958 1122 6617 4999 4554 2861 6056 3144 1492 1665 8136 199 5353 5465 5168 2785 3334 533 1459 4382 285 909 8704 9370 5773 3479 2947 4259 5570 6332 8370 2693 5655 9263 372 7936 460 9254 7596 9463 7516 2671 8411 458 2612 5293 3204 3906 5364 3840 5506 1534 5706 2202 3396 4008 4043 5736 8278 5910 643 1312 1997 9549 2444 4539 426 6976 4963 6302 3701 1493 4484 8361 1843 9584 3373 3737 6196 2997 3521 3245 9745 3378 6171 8212 8274 4337 9079 8492 9351 2080 8756 6303 2021 1347 2553 7651 8087 5203 4127 8033 7524 4529 9461 7398 3224 7203 9463 2726 1560
6180 7216 9052 8439 2301 7990 6209 6905 3008 9380 5817 2197 4297 1568 3008 2063 2104 1641 6920 1591 878 8768 6084 1783 2219 364 7863 5055 330 9834 1601 6153 4886 1891 3845 2506 4682 3477 7647 2916 0 1551 5958 4307 9055 5358 9802 7844 621 1989 9031 4037 3617 117 7053 7096 722 3049 4920 2058 751 3983 9587 7403 5886 4297 5193 2366 2995 9614 3082 3976 7080 6780 763 3417 7083 8332 486 1746 8049 5773 1145 8291 1400 3769 648 2194 7266 7607 3128 1012 9087 5327 5676 4298 408 3816 5304 4481 3148 4887 1368 5363 2827 1386 6102 1560 2491 4042 8650 5163 3825 7931 1724 954 5472 4168 534 306 301 2581 210 3037 9189 165 5948 1714 2383 530 5761 7462 3285 8100 7682 1499 6211 6937 8827 6687 8319 7690 614 2238 9912 6878 516 7412 8885 2870 8663 1279 4523 8423 6458 7415 8683 5640 1098 2409 2022 8019 7594 7040 3016 9016 6932 5168 1593 2771 3565 6688 5450 320 8406 4862 4244 2417 8862 278 2803 4787 2382 5210 3770 6818 5721 5924 7895 9298 7177 4502 3535 8694 522 832 1683 5448 9938 4268
