100
0 3594 5278 5714 2404 2578 3909 6037 2086 1375 3081 2157 6771 2896 4631 1745 1041 7259 9406 6338 240 2218 8611 450 6564 232 7662 7077 7147 1702 2511 4914 3281 9176 5734 7889 3757 8551 4422 5005 4122 146 7308 4656 9950 848 1521 8237 3415 9564 9368 1631 5446 2466 7884 7983 4879 6823 2872 5687 2388 1278 2963 3170 6184 5496 1742 7105 311 2892 548 5252 5346 7990 5800 1794 8252 6940 4633 2895 2243 8886 3228 7552 4767 346 9820 2394 1866 1780 3562 9562 7655 7947 1751 8604 1397 6793 8091 7899
3594 0 3317 9550 1201 6113 1141 3437 3063 635 8109 2661 1349 6556 3229 1353 2397 8579 6726 5276 6571 4037 7682 6714 3514 6714 553 4813 5257 6720 2434 3270 8562 2735 9230 4566 1454 8445 9855 8658 5420 7733 4074 8682 4275 3623 969 8346 5821 8920 8513 1187 6993 8344 3140 2930 4905 5397 1332 8882 4753 9995 5525 9421 566 413 7128 1235 8330 818 3336 4012 3162 4840 8836 6428 7477 5590 4832 8260 3645 260 1078 2439 29 7626 3625 117 1202 1394 5867 6869 8331 5453 9023 43 7041 7539 8778 145
5278 3317 0 321 972 909 6585 638 7407 4053 5136 8217 9667 7962 783 3778 6146 600 2851 8134 1782 4346 2590 9144 2097 3479 7 9345 2508 999 9535 5101 8074 6065 3023 9115 7165 5057 9123 7597 579 422 9483 6370 7226 1689 7254 4601 8440 6760 9695 3235 7491 4562 7285 3382 2063 7419 9251 8910 2056 5863 3831 3103 1977 311 5388 1015 2569 1436 8163 8778 8514 2033 3335 1447 2710 3177 7521 9946 4615 2439 1737 3301 1738 5548 7580 7810 224 8441 2015 3232 482 6678 6561 7561 263 4987 9798 3487
5714 9550 321 0 8597 7588 1341 1493 2030 900 4197 888 5740 8695 470 804 2823 647 3081 1443 8571 5535 6490 554 3869 1183 9483 5394 3516 2855 7077 2708 3742 1767 3889 2410 8875 4758 9132 9192 7090 8773 919 3435 7399 4569 6599 3620 5377 7735 6405 8114 7645 1415 7808 5548 5257 622 4724 195 2613 7032 5804 5008 8292 949 515 4647 8485 5432 6912 5824 6990 3574 668 7987 5584 6572 774 8833 5244 5809 9797 4783 9924 4034 6910 6894 6019 5037 4186 5399 8645 6518 7728 8961 3493 6668 2502 5759
2404 1201 972 8597 0 7645 2005 9668 4353 1550 7165 5572 7129 2353 6579 6715 4138 896 6654 8678 992 2608 5032 4934 1341 9517 2224 6813 9444 3281 4289 2011 4255 6036 507 3217 6660 9556 8314 8599 5 5240 7242 4432 1680 9192 897 8978 4541 709 4698 6292 8210 491 3755 849 3699 2376 3387 9324 3112 8191 6652 7136 6886 104 4942 1519 4392 1394 6229 9364 5628 4207 2286 1851 1746 3422 3330 8155 2501 5283 6679 4434 5345 2587 5983 1461 262 1468 2336 6100 6437 5770 2679 3810 3518 2902 6828 8145
2578 6113 909 7588 7645 0 2451 8664 6856 305 3210 8872 7761 3117 2727 2528 1428 6613 9862 1856 3533 2948 6008 6482 9845 8156 5463 4705 5954 4786 2940 8210 6723 1288 4468 2599 5896 5344 301 4856 5292 7061 4437 9810 4757 2764 4254 8855 3192 3583 5277 4088 4860 4152 9883 9156 9616 2670 8208 1254 9060 5917 9466 7852 5295 8434 1971 5039 6451 9743 3448 7982 5815 8477 1973 244 6247 7932 4365 5289 6437 7008 4248 7889 2741 7431 8121 4369 3865 4547 7783 8099 6066 3168 7526 9924 6533 5262 2113 9004
3909 1141 6585 1341 2005 2451 0 248 5504 7118 2761 2814 8350 7170 6004 5479 4876 4493 500 8526 6308 1505 6476 9779 7701 853 3199 6029 8897 4360 9486 6653 368 4218 6023 2890 4201 2261 9754 456 3399 4965 5554 4340 9873 2170 3802 4703 5467 4782 4436 4325 3195 8229 7888 5158 9232 5583 6846 6376 99 4763 5040 1502 2442 246 9466 7771 2137 8542 751 6469 4614 9773 8023 9474 4467 3250 3229 4872 4082 8461 661 6946 3042 6948 795 4221 9984 323 1824 68 3877 6263 2357 8169 5923 7226 683 6782
6037 3437 638 1493 9668 8664 248 0 5465 1571 4702 1808 6366 5475 6009 5131 2977 7088 9178 6424 6822 3740 3185 2289 3339 6332 1964 9423 2192 4993 6379 8451 9723 6693 8044 6617 2259 8287 6549 6336 854 7729 7180 172 3173 2685 8650 2252 7890 5371 8940 6173 8051 5295 9955 7213 5326 8984 2636 3432 5044 4393 5371 6516 9706 7144 8422 4612 3433 8845 8353 9454 9558 8921 568 3716 622 9994 7244 5511 5810 4331 4532 6570 8098 3634 2628 6933 2216 9674 3833 1180 2240 2684 9201 5145 1766 1711 7045 1104
2086 3063 7407 2030 4353 6856 5504 5465 0 6416 8310 2927 3020 905 9000 8758 5442 4067 3891 5917 2345 9616 8214 8804 4041 690 8248 4969 959 8284 7384 8148 8680 6704 7817 5489 4735 7898 1378 413 8467 5596 2018 6586 6418 9497 7814 2328 6930 4602 9733 5675 7402 2427 3714 2999 5594 2427 3141 2294 795 456 7055 4983 224 7206 6307 431 8434 1371 8131 2512 3727 2386 195 5413 8156 2794 1048 4982 516 3202 7055 2232 9207 6981 9048 1447 7768 839 7810 1710 4751 4085 5314 5623 1802 256 3843 2547
1375 635 4053 900 1550 305 7118 1571 6416 0 5157 4698 4868 2854 2492 2141 3797 7532 9047 9906 6961 5755 1776 6277 9376 4504 8745 3056 7527 9307 6617 283 8943 8904 487 6054 9411 9165 9523 6831 463 1148 9441 6446 8662 3215 8382 8120 3796 5799 5285 7856 4507 9205 5170 1867 1238 60 9588 4373 2872 2407 7200 4526 1240 1805 9971 9726 190 2522 5077 8261 3367 2125 1279 9942 5669 8296 4331 419 6555 8926 3221 3339 8151 9425 1345 5887 9172 2138 1595 2493 7703 5892 2888 3562 8811 1648 6997 8214
3081 8109 5136 4197 7165 3210 2761 4702 8310 5157 0 5563 264 8717 2494 9715 712 2906 9744 8719 8389 554 3130 6333 8775 801 2185 7162 7327 3603 3642 2476 3585 7048 5484 6447 4445 890 71 5929 6806 350 8678 4589 9335 311 3905 2734 4318 8515 4052 6562 8674 3762 1434 1828 8107 3361 611 9020 9469 4549 1967 1934 6489 1321 2267 5576 8513 5348 6411 4186 654 3952 45 45 9194 8456 9346 8699 9508 6660 2372 3562 5540 5794 9440 1465 4843 3635 7866 5386 3768 3791 5330 5742 6571 4240 5316 1497
2157 2661 8217 888 5572 8872 2814 1808 2927 4698 5563 0 3483 5547 4171 8348 4096 8448 1826 5981 8627 6592 7076 2161 7906 4756 5180 701 5784 3147 5820 7635 7936 3027 3224 2969 7958 9070 8964 9959 197 4341 7805 6892 6510 2707 2028 4148 5678 8333 8232 9098 1517 2100 2467 9363 8743 869 8122 4454 1061 5849 1999 5997 5551 9815 3994 5546 8582 9279 4873 4702 3684 7592 4208 6176 681 688 5115 8804 4630 8710 7162 6817 8194 2479 8939 4130 6757 9024 7785 1339 8678 263 5948 2107 6320 7846 5306 4259
6771 1349 9667 5740 7129 7761 8350 6366 3020 4868 264 3483 0 2007 5421 6253 1385 3324 5386 50 3811 4523 570 2787 3016 6575 1125 1219 9805 9756 1255 1196 1906 342 5841 4712 78 5480 4124 9720 860 8986 7829 306 9461 7969 5442 5028 4267 5792 1221 4237 5231 8337 5590 9932 4725 2875 8367 2656 3215 3154 4821 8284 6272 1870 2936 350 3918 2523 7651 6318 2627 1492 6320 7154 7608 8934 4863 574 848 9215 2120 7061 7827 775 6928 1616 1667 966 3853 1066 9589 2171 4140 2521 388 4062 8072 2792
2896 6556 7962 8695 2353 3117 7170 5475 905 2854 8717 5547 2007 0 2595 2114 3340 6942 7896 6314 3938 1122 9942 206 4551 7590 2269 6005 9720 6123 9669 5219 2183 7593 9631 4704 9762 8393 5490 9399 9690 9999 366 2004 106 3511 3393 3212 4898 9459 680 6539 1493 7490 6891 3931 2901 9417 9723 1299 5839 5593 67 2871 5861 7248 5820 2725 9657 591 6005 4298 2222 760 9691 7700 9621 6018 8204 3840 5973 2066 7898 5375 7436 9785 912 7362 678 3005 8491 7442 7569 3302 5321 4871 6357 7989 80 7461
4631 3229 783 470 6579 2727 6004 6009 9000 2492 2494 4171 5421 2595 0 7831 8408 4115 273 3425 1011 7522 7944 3617 9105 9941 286 5700 7772 4927 5215 1522 9728 2157 7312 1396 1179 6789 9554 8149 9140 1235 8139 3062 447 2992 3752 3896 5938 3893 257 7915 4899 7711 3936 4017 9333 5431 8327 5942 1683 1477 6613 4782 9832 6284 2271 3093 1627 5892 558 9979 8873 5187 206 5389 2721 8618 1469 5526 3781 3511 7729 3857 8777 4615 8008 4700 814 9040 3338 1609 2949 8871 7436 361 5565 5358 6845 7206
1745 1353 3778 804 6715 2528 5479 5131 8758 2141 9715 8348 6253 2114 7831 0 717 6174 7699 7154 2001 8044 4846 5619 3220 3150 2163 3839 4446 1795 7012 5390 4612 353 6194 9335 4918 8024 3801 8754 6388 5528 4051 6667 9203 9901 4617 3748 2728 1833 8185 1628 878 4248 3580 4535 2508 7639 5007 7666 3111 831 5983 2712 8882 1692 2388 3924 9755 4726 5625 9016 3040 2066 5540 6535 6151 2307 3118 1909 7336 7105 4829 9084 6429 8932 4965 5975 6645 8505 107 7629 5860 73 3524 3391 7568 5606 6130 8046
1041 2397 6146 2823 4138 1428 4876 2977 5442 3797 712 4096 1385 3340 8408 717 0 4536 9124 6848 8164 9202 3621 5480 9847 6009 493 6043 1241 8802 9962 1493 334 8188 9194 7698 4934 6203 655 2210 2285 3979 7420 6226 6666 8499 3498 5915 5394 6204 3310 8695 1330 9809 3001 7971 7927 5264 4941 2510 6841 1132 5637 8746 1773 9694 3954 3872 2180 9535 9889 3516 7634 7379 1085 9543 7111 9062 5297 5223 9639 4357 3443 3003 3899 102 9925 9578 5607 7172 9424 6030 831 3926 5391 7587 2995 3981 9322 2371
7259 8579 600 647 896 6613 4493 7088 4067 7532 2906 8448 3324 6942 4115 6174 4536 0 4143 2352 7686 5409 2927 2542 9641 7203 570 3744 6230 8840 6071 2605 5967 9540 3620 3713 811 3140 6497 2977 1845 8085 6213 6802 3393 7278 2100 3304 9033 18 6641 7428 3700 9327 8653 9617 8742 7395 2535 868 4983 5134 6710 181 9472 1047 2887 5260 8744 3946 4657 5270 4525 7081 8750 3041 8701 2080 2688 7230 8978 1305 6956 714 7481 655 4823 3318 5782 2773 7677 6573 4214 6802 657 3828 2030 3293 4337 7190
9406 6726 2851 3081 6654 9862 500 9178 3891 9047 9744 1826 5386 7896 273 7699 9124 4143 0 5782 8386 6457 2117 9454 923 3869 9173 8172 8269 6171 2110 537 1270 9829 3453 7461 9072 349 6393 9730 5449 5600 2471 1011 1696 9753 3689 7175 1085 3077 920 5401 6764 8909 6343 7649 6588 5250 1247 6254 3239 5966 7857 2716 115 2185 5688 6940 3528 5919 2721 261 3892 8336 1859 6467 5208 9754 5035 7380 8163 2138 2924 3801 405 6859 1872 5504 1351 1335 2324 8447 1001 3794 2098 4225 439 1395 8773 2569
6338 5276 8134 1443 8678 1856 8526 6424 5917 9906 8719 5981 50 6314 3425 7154 6848 2352 5782 0 1411 5912 6131 9380 3131 8991 7471 1941 8360 7409 2218 6243 1150 5385 9127 6296 5338 3309 8090 9327 6814 2285 3410 7443 6438 4665 5579 595 2009 4513 7910 9036 2699 1286 6622 7286 1296 4874 5654 4435 9084 5131 3971 5964 343 7581 8734 3934 5001 9828 5945 2304 5225 5465 6643 8759 5198 6191 9820 671 5992 2640 6229 2409 949 4526 4414 5614 3807 1792 8238 3392 3988 1553 4591 7118 6457 2837 5865 7007
240 6571 1782 8571 992 3533 6308 6822 2345 6961 8389 8627 3811 3938 1011 2001 8164 7686 8386 1411 0 4061 8061 3309 1431 4072 3108 7097 2654 6665 5783 2571 3038 529 4597 9176 4361 6575 8412 8199 6466 2452 2157 9555 5031 1931 6840 1268 5237 1826 7275 8130 3855 3581 6859 1387 4313 7161 7825 6723 1820 669 7665 8711 9377 8604 7430 3644 6975 1551 2708 4891 2276 3556 3510 7166 5820 6427 6940 185 586 2623 3513 2317 9649 2569 2228 4473 5137 5757 3191 3156 6630 2818 2595 8490 386 4926 9724 5485
2218 4037 4346 5535 2608 2948 1505 3740 9616 5755 554 6592 4523 1122 7522 8044 9202 5409 6457 5912 4061 0 774 5439 7137 8068 6191 69 7541 6129 9277 4377 6825 6817 939 1279 8068 1538 1601 798 2659 4413 1306 1305 3253 1538 2292 3062 4260 5882 7576 2179 2342 7584 4461 651 117 7141 7504 2031 1946 3726 3414 1292 1659 1959 1557 7689 8332 3786 690 4964 8109 2746 3355 6068 2322 7145 3172 1493 5246 5241 7031 5746 6632 5835 4016 5777 1356 193 4543 3367 3220 9855 3119 3891 6449 6127 8192 9347
8611 7682 2590 6490 5032 6008 6476 3185 8214 1776 3130 7076 570 9942 7944 4846 3621 2927 2117 6131 8061 774 0 1826 4986 7637 6047 2514 6281 179 7026 9723 2195 1931 58 4792 6973 7900 7539 6298 6597 6726 4031 7643 7749 9150 7359 1081 4255 9196 7876 2720 4445 5163 5489 127 3591 9981 2396 5815 2622 3005 2641 8756 5945 2370 1451 2581 6049 866 6134 5233 7564 8310 2096 4796 4761 909 3272 1939 3337 216 1109 9171 2547 6976 8013 4654 6415 2847 6755 3816 1637 273 8493 7411 1591 3040 8599 6455
450 6714 9144 554 4934 6482 9779 2289 8804 6277 6333 2161 2787 206 3617 5619 5480 2542 9454 9380 3309 5439 1826 0 1100 4171 3303 1704 276 666 9456 7307 9827 2887 9087 2473 566 6199 8449 4608 1933 588 7093 2353 2856 1817 1973 4856 1258 7804 7843 3956 7484 2491 544 5860 952 5293 5928 4896 8955 3653 7365 1944 5110 1837 5098 340 6250 621 371 9950 247 2901 7687 6058 4254 9988 8739 5577 1810 141 531 4772 1219 2720 4952 9767 5169 6575 1056 1252 8600 5800 5852 8046 8030 671 3105 3651
6564 3514 2097 3869 1341 9845 7701 3339 4041 9376 8775 7906 3016 4551 9105 3220 9847 9641 923 3131 1431 7137 4986 1100 0 9284 8592 9589 1497 3095 6681 3501 8474 402 8846 1895 2975 6752 4229 6967 7316 47 8661 2495 3765 8647 5459 5454 3029 4910 5935 4842 865 5351 5824 500 1329 4138 58 3798 6283 7607 1996 536 344 4374 2071 2861 7269 3609 8830 629 5848 2302 8259 7567 4264 5884 1878 3577 2137 9540 6778 1854 901 6095 768 9951 4043 811 6149 9137 9653 9084 7941 4941 5403 4557 4671 2105
232 6714 3479 1183 9517 8156 853 6332 690 4504 801 4756 6575 7590 9941 3150 6009 7203 3869 8991 4072 8068 7637 4171 9284 0 7979 9006 5562 4700 1758 446 4745 9969 3153 2329 312 6416 4365 4717 8336 4741 905 5143 3346 6867 3607 7945 4027 5464 8481 5083 2727 7558 6017 4162 758 9877 7608 7236 2256 5805 2343 5759 7366 6645 5659 5957 7148 9611 9744 295 1519 2426 7523 2520 6797 4348 8342 9310 1327 2852 9844 6984 8996 6131 6422 8090 4898 1113 8943 7054 552 8283 5745 9685 4056 5569 4457 7785
7662 553 7 9483 2224 5463 3199 1964 8248 8745 2185 5180 1125 2269 286 2163 493 570 9173 7471 3108 6191 6047 3303 8592 7979 0 6556 4458 155 1886 3512 2942 7437 510 3568 3613 7597 3378 4603 3394 9765 7943 3499 8342 2534 727 344 4155 6834 3593 6371 9137 2570 9944 7057 7803 3830 9396 8597 6701 4004 4232 5492 1701 744 7087 8276 8100 350 5147 6424 4882 4304 1935 3245 1349 1572 9082 6876 1774 7570 3304 7711 8567 8361 4420 5284 4756 993 2946 8860 8916 1035 114 9884 4026 6906 9609 6027
7077 4813 9345 5394 6813 4705 6029 9423 4969 3056 7162 701 1219 6005 5700 3839 6043 3744 8172 1941 7097 69 2514 1704 9589 9006 6556 0 4250 642 9818 7097 5352 7332 7090 5213 6514 2359 9382 7015 3487 6539 4577 643 4765 333 7947 9044 7302 2825 6980 7786 3526 6133 2601 2903 6205 876 8584 7267 2485 5923 2761 5524 3946 3757 328 5526 3768 1237 767 2217 1466 3057 4866 6557 3010 6366 5164 271 1136 3741 2048 3544 7283 9664 2249 1768 9712 385 7296 2632 5260 4372 8759 5740 3499 9291 8959 4424
7147 5257 2508 3516 9444 5954 8897 2192 959 7527 7327 5784 9805 9720 7772 4446 1241 6230 8269 8360 2654 7541 6281 276 1497 5562 4458 4250 0 3088 9262 9215 8368 1104 3570 7372 1540 2711 1436 1625 4531 9705 8720 8007 7573 4336 3823 3734 1505 9787 1685 7825 1367 9076 2466 5194 9567 2672 8510 3880 1325 2789 4402 1949 2426 3799 6848 548 1499 8895 1837 470 8317 848 5802 5333 3555 8391 5942 4828 7307 5297 2776 8391 409 3748 4166 5315 4848 376 3813 1521 4419 7419 4251 8803 391 8881 5112 5446
1702 6720 999 2855 3281 4786 4360 4993 8284 9307 3603 3147 9756 6123 4927 1795 8802 8840 6171 7409 6665 6129 179 666 3095 4700 155 642 3088 0 2217 2404 7496 5719 5869 171 3365 8846 1327 7277 9623 8074 2944 2397 6549 6027 7471 7721 1618 3965 7232 1473 9330 3164 8139 1390 802 8452 5632 9095 1110 643 5879 7722 4000 5885 612 456 6631 5978 7478 903 2657 319 330 830 5526 2298 6537 4935 6190 5967 4014 1748 4990 6290 3636 299 9647 4993 5283 9428 522 7799 7851 7036 6722 4169 5822 4488
2511 2434 9535 7077 4289 2940 9486 6379 7384 6617 3642 5820 1255 9669 5215 7012 9962 6071 2110 2218 5783 9277 7026 9456 6681 1758 1886 9818 9262 2217 0 4641 9989 2638 67 9949 7805 2752 455 9433 2112 874 2884 8101 7425 4297 9693 926 7202 8722 2393 713 2844 3267 222 9350 7076 3261 6493 6622 7490 4198 7635 6064 8556 9328 2028 356 5387 8950 922 8504 2069 3696 2573 5021 2840 7546 6150 9286 6202 1085 8489 9332 202 1964 7060 3675 1985 4977 2460 5282 952 1949 878 1597 8904 8257 7800 4639
4914 3270 5101 2708 2011 8210 6653 8451 8148 283 2476 7635 1196 5219 1522 5390 1493 2605 537 6243 2571 4377 9723 7307 3501 446 3512 7097 9215 2404 4641 0 7278 5260 8254 2806 1027 8653 5817 7614 4423 1852 8828 1285 2822 2821 5164 1879 7987 453 2853 2599 2074 8639 2628 3746 3826 7348 7004 285 4308 9118 2616 8381 5040 2500 768 3496 532 1437 2437 8563 2209 4227 4174 3304 2763 7468 8873 6076 3590 586 7401 4059 5404 3757 4981 5604 862 8793 9423 9601 9616 629 4011 9655 6869 3484 8281 9400
3281 8562 8074 3742 4255 6723 368 9723 8680 8943 3585 7936 1906 2183 9728 4612 334 5967 1270 1150 3038 6825 2195 9827 8474 4745 2942 5352 8368 7496 9989 7278 0 8856 6126 8519 6803 9286 4345 5816 8462 6814 6023 1929 5635 7058 6442 3792 8158 2875 4138 4644 3183 6567 4403 7094 4110 191 2220 9352 2162 7382 413 3709 2097 1167 8102 2262 8949 7161 262 9463 5384 5158 7275 3820 7487 9651 1988 7656 2875 1853 8313 3074 3927 7924 9812 4495 9849 6866 3589 8322 1669 2625 7359 763 8438 2428 884 7175
9176 2735 6065 1767 6036 1288 4218 6693 6704 8904 7048 3027 342 7593 2157 353 8188 9540 9829 5385 529 6817 1931 2887 402 9969 7437 7332 1104 5719 2638 5260 8856 0 4101 3110 3567 5918 5242 4754 9845 4160 1114 4481 3555 4846 450 6309 9077 5440 7503 5736 2451 9268 4987 6402 704 7248 8461 6548 3290 9782 4283 5216 3687 784 7577 2472 64 8112 2964 7205 1724 4927 1053 3178 1259 8303 1448 4228 3644 2338 8499 5215 9772 647 8896 6211 325 4356 8680 3475 4312 2872 3052 1056 1053 5090 1161 668
5734 9230 3023 3889 507 4468 6023 8044 7817 487 5484 3224 5841 9631 7312 6194 9194 3620 3453 9127 4597 939 58 9087 8846 3153 510 7090 3570 5869 67 8254 6126 4101 0 3805 9129 7782 1183 7714 1996 4176 4387 3347 273 5202 9125 5235 7831 304 6973 7946 8638 4010 1449 7743 4000 5032 4365 1343 8488 9034 6997 2929 5483 3483 8528 6557 8977 3368 8581 4386 4564 1974 5670 408 7728 8184 1730 9525 7790 3231 9375 4707 9051 8917 5253 1395 272 4246 3898 4857 4373 5714 6390 5948 377 5604 6621 158
7889 4566 9115 2410 3217 2599 2890 6617 5489 6054 6447 2969 4712 4704 1396 9335 7698 3713 7461 6296 9176 1279 4792 2473 1895 2329 3568 5213 7372 171 9949 2806 8519 3110 3805 0 8598 7334 2945 6196 9399 88 8487 9259 6061 7834 424 2492 5875 2292 7746 3475 7706 4983 8097 2178 799 9864 5360 5033 1207 5670 5739 2825 4099 6148 1753 7180 2053 8415 3376 3540 8949 579 4779 33 2898 1580 5690 5478 6889 1738 2197 5588 8746 9496 4077 6424 7765 5595 1835 6411 8088 5979 19 441 7552 9433 8947 9190
3757 1454 7165 8875 6660 5896 4201 2259 4735 9411 4445 7958 78 9762 1179 4918 4934 811 9072 5338 4361 8068 6973 566 2975 312 3613 6514 1540 3365 7805 1027 6803 3567 9129 8598 0 5863 6743 9881 5937 3342 5832 2367 4867 9485 2420 6055 7460 3628 3454 8830 3212 2067 7529 3504 1086 6330 4985 6135 7910 3381 9488 1432 9364 839 9907 7909 4075 8376 5135 7750 8743 7169 9391 3590 323 4611 2959 1446 7458 7630 8388 1454 1616 2544 9764 2381 5221 5539 7229 9673 8018 1375 5813 716 6597 4832 8218 8882
8551 8445 5057 4758 9556 5344 2261 8287 7898 9165 890 9070 5480 8393 6789 8024 6203 3140 349 3309 6575 1538 7900 6199 6752 6416 7597 2359 2711 8846 2752 8653 9286 5918 7782 7334 5863 0 1454 6210 8348 3765 3312 9508 1075 2516 8591 7298 6810 7071 1199 9408 9006 1866 4908 4953 2832 3037 2031 9563 3458 1601 5116 7027 7770 4227 2179 3666 8117 9120 417 6184 9180 234 3428 3569 902 9683 5961 6819 2912 4146 2914 8561 9721 6512 8274 37 2003 8194 8580 8785 1415 5168 1836 1252 3972 2577 583 2745
4422 9855 9123 9132 8314 301 9754 6549 1378 9523 71 8964 4124 5490 9554 3801 655 6497 6393 8090 8412 1601 7539 8449 4229 4365 3378 9382 1436 1327 455 5817 4345 5242 1183 2945 6743 1454 0 2767 7728 6308 339 7914 3143 6108 9718 8141 6869 3345 371 9128 6853 6677 5108 1758 1726 9751 5604 3620 1327 4403 4636 2323 1704 8603 3449 8081 9209 4337 9054 5426 5309 1660 1203 8544 67 2338 8280 8717 4971 676 6174 9001 669 4486 3774 789 7252 684 3870 5207 6694 1189 7203 7666 9517 746 6421 4419
5005 8658 7597 9192 8599 4856 456 6336 413 6831 5929 9959 9720 9399 8149 8754 2210 2977 9730 9327 8199 798 6298 4608 6967 4717 4603 7015 1625 7277 9433 7614 5816 4754 7714 6196 9881 6210 2767 0 2592 8817 2463 76 3629 448 5901 2074 4675 5675 2138 8514 8932 149 5657 8711 6468 6513 4973 1791 9729 3668 9308 1683 1587 1620 4052 3307 2219 6570 8704 1213 3485 3756 5171 4126 1176 1650 4138 274 5104 6455 5670 7126 2491 9219 6150 2361 1225 1617 7269 7848 5665 329 2408 2821 5601 4559 2792 4754
4122 5420 579 7090 5 5292 3399 854 8467 463 6806 197 860 9690 9140 6388 2285 1845 5449 6814 6466 2659 6597 1933 7316 8336 3394 3487 4531 9623 2112 4423 8462 9845 1996 9399 5937 8348 7728 2592 0 5388 8633 342 5231 8937 6880 6710 4890 2632 4313 4068 1509 5678 45 4508 297 3436 5112 849 8744 5352 1026 5895 8138 4910 9719 3843 6181 3015 9815 6458 2198 9400 4480 1322 4259 9597 8211 9116 6735 644 1839 2349 2489 5287 690 8240 5058 4111 644 3048 8068 1703 7048 2207 1709 4541 7233 5936
146 7733 422 8773 5240 7061 4965 7729 5596 1148 350 4341 8986 9999 1235 5528 3979 8085 5600 2285 2452 4413 6726 588 47 4741 9765 6539 9705 8074 874 1852 6814 4160 4176 88 3342 3765 6308 8817 5388 0 4443 9745 5206 9775 657 3003 2828 9646 1878 791 9233 9650 7502 8603 3349 644 2343 5209 5240 9320 2896 6124 4939 737 9472 5586 6953 3335 793 9620 1829 1597 730 5697 4655 2043 1137 7351 6458 5790 3862 5259 7799 188 1172 2194 6410 5835 8054 4458 2632 1769 2110 1323 6846 5809 4527 1219
7308 4074 9483 919 7242 4437 5554 7180 2018 9441 8678 7805 7829 366 8139 4051 7420 6213 2471 3410 2157 1306 4031 7093 8661 905 7943 4577 8720 2944 2884 8828 6023 1114 4387 8487 5832 3312 339 2463 8633 4443 0 5961 1749 8881 2791 234 365 285 1781 9070 3911 3202 3415 6439 9590 1252 6898 3975 5666 2075 1915 727 5118 9347 9206 6308 1516 5434 6237 2125 8329 4746 4942 5824 8680 6157 8112 7475 3643 1149 8462 838 6076 7371 5312 9920 1705 7831 5235 4507 4056 3883 4550 2856 7859 8003 847 3602
4656 8682 6370 3435 4432 9810 4340 172 6586 6446 4589 6892 306 2004 3062 6667 6226 6802 1011 7443 9555 1305 7643 2353 2495 5143 3499 643 8007 2397 8101 1285 1929 4481 3347 9259 2367 9508 7914 76 342 9745 5961 0 6854 5211 6858 3399 2963 69 5234 877 7211 5938 3514 4489 8281 8696 8933 9948 6685 5433 8391 3437 4058 7154 7085 5194 9023 3087 334 704 8034 3476 2661 2332 705 8931 7936 9149 4303 5847 8969 8970 6918 7409 8294 1783 1630 3713 950 7553 7084 2345 7641 2838 2119 6701 3750 1402
9950 4275 7226 7399 1680 4757 9873 3173 6418 8662 9335 6510 9461 106 447 9203 6666 3393 1696 6438 5031 3253 7749 2856 3765 3346 8342 4765 7573 6549 7425 2822 5635 3555 273 6061 4867 1075 3143 3629 5231 5206 1749 6854 0 1266 3777 5599 6962 5912 4802 2759 3897 9592 4791 509 3866 4595 5148 5907 5817 2903 9690 3052 1915 1222 4853 519 5638 8767 7912 7371 6491 7581 7326 2867 5703 5820 4542 3561 5959 1748 499 5300 2836 336 1918 854 1571 8937 2216 7574 9231 4948 2085 2471 1224 3702 1869 1677
848 3623 1689 4569 9192 2764 2170 2685 9497 3215 311 2707 7969 3511 2992 9901 8499 7278 9753 4665 1931 1538 9150 1817 8647 6867 2534 333 4336 6027 4297 2821 7058 4846 5202 7834 9485 2516 6108 448 8937 9775 8881 5211 1266 0 6331 1366 7000 6968 1918 2014 5346 8289 7920 2423 6546 6421 5593 1563 7594 8515 1460 2294 2342 4598 8457 3356 4225 7982 4995 1031 8861 7469 7081 8158 6400 5060 8559 2945 8186 7078 3072 2484 7718 936 631 6755 8976 917 5979 3519 709 7871 8430 5821 7120 529 279 1180
1521 969 7254 6599 897 4254 3802 8650 7814 8382 3905 2028 5442 3393 3752 4617 3498 2100 3689 5579 6840 2292 7359 1973 5459 3607 727 7947 3823 7471 9693 5164 6442 450 9125 424 2420 8591 9718 5901 6880 657 2791 6858 3777 6331 0 9155 7452 8768 9654 7225 3597 1327 5700 5546 9818 5987 3746 3372 3559 6656 5492 4451 6941 3686 3173 4810 3473 4687 3847 6047 7712 2429 2813 4435 301 1441 4359 1867 2040 6144 5395 8552 4265 5484 4781 6997 1921 9205 521 8057 3120 1236 6261 3790 5016 4808 9870 6581
8237 8346 4601 3620 8978 8855 4703 2252 2328 8120 2734 4148 5028 3212 3896 3748 5915 3304 7175 595 1268 3062 1081 4856 5454 7945 344 9044 3734 7721 926 1879 3792 6309 5235 2492 6055 7298 8141 2074 6710 3003 234 3399 5599 1366 9155 0 511 6076 2044 7374 6659 6394 5485 8787 867 4862 650 7199 7684 7561 280 132 6498 2468 320 8227 9878 3088 4755 7379 4316 5665 5057 5519 4087 8929 2700 5477 3004 5638 7111 4977 6662 2023 5969 548 1956 4011 9199 9030 3336 1457 9136 7546 4462 531 7814 4114
3415 5821 8440 5377 4541 3192 5467 7890 6930 3796 4318 5678 4267 4898 5938 2728 5394 9033 1085 2009 5237 4260 4255 1258 3029 4027 4155 7302 1505 1618 7202 7987 8158 9077 7831 5875 7460 6810 6869 4675 4890 2828 365 2963 6962 7000 7452 511 0 3988 7184 3989 1926 6665 9860 7745 6502 3138 8593 8438 7884 5783 8796 2253 4907 2058 4359 7053 300 1608 6857 7316 6085 1812 2321 7604 4935 2133 1671 4359 3857 3235 4867 1633 4851 9506 3140 399 648 9875 8884 2365 2234 5116 6355 7023 7032 339 9195 2638
9564 8920 6760 7735 709 3583 4782 5371 4602 5799 8515 8333 5792 9459 3893 1833 6204 18 3077 4513 1826 5882 9196 7804 4910 5464 6834 2825 9787 3965 8722 453 2875 5440 304 2292 3628 7071 3345 5675 2632 9646 285 69 5912 6968 8768 6076 3988 0 1630 3559 7640 4975 5063 7732 8605 9230 8638 3083 1608 8610 3994 385 2791 7762 5927 1334 4727 7664 8557 3530 3784 678 5231 7379 3896 1890 2063 5559 6557 4366 5791 1182 2335 4081 6488 8141 4259 3855 6487 9794 443 8361 2010 283 9714 8747 1560 691
9368 8513 9695 6405 4698 5277 4436 8940 9733 5285 4052 8232 1221 680 257 8185 3310 6641 920 7910 7275 7576 7876 7843 5935 8481 3593 6980 1685 7232 2393 2853 4138 7503 6973 7746 3454 1199 371 2138 4313 1878 1781 5234 4802 1918 9654 2044 7184 1630 0 2615 6857 33 4853 3143 4650 8882 1436 8568 6244 1950 839 1579 2699 5559 7478 4184 3853 6921 7647 9979 7016 9166 4676 8887 7308 3840 9848 4372 5245 5318 6627 7193 897 1610 9582 1470 2775 8467 298 1360 4045 4415 8738 8492 8155 9895 1137 1192
1631 1187 3235 8114 6292 4088 4325 6173 5675 7856 6562 9098 4237 6539 7915 1628 8695 7428 5401 9036 8130 2179 2720 3956 4842 5083 6371 7786 7825 1473 713 2599 4644 5736 7946 3475 8830 9408 9128 8514 4068 791 9070 877 2759 2014 7225 7374 3989 3559 2615 0 1550 7928 191 6097 7070 9717 9607 6984 5620 2823 3872 8345 9973 5545 379 1483 1198 1450 9511 4397 6387 3703 2761 717 8874 6839 8655 7739 55 5080 3115 4696 4982 5271 8429 8410 7660 701 349 3071 1450 7060 7977 9579 5713 6881 3071 180
5446 6993 7491 7645 8210 4860 3195 8051 7402 4507 8674 1517 5231 1493 4899 878 1330 3700 6764 2699 3855 2342 4445 7484 865 2727 9137 3526 1367 9330 2844 2074 3183 2451 8638 7706 3212 9006 6853 8932 1509 9233 3911 7211 3897 5346 3597 6659 1926 7640 6857 1550 0 8257 6504 8460 6309 4587 1028 537 8419 3136 9740 6835 3233 3532 9858 4570 7319 9261 2612 5968 610 5050 7656 8659 7899 6159 7190 2889 5504 4156 5723 9412 5090 5860 9065 6075 2334 3136 6809 6437 5736 4797 645 7296 7248 9851 9953 1914
2466 8344 4562 1415 491 4152 8229 5295 2427 9205 3762 2100 8337 7490 7711 4248 9809 9327 8909 1286 3581 7584 5163 2491 5351 7558 2570 6133 9076 3164 3267 8639 6567 9268 4010 4983 2067 1866 6677 149 5678 9650 3202 5938 9592 8289 1327 6394 6665 4975 33 7928 8257 0 1208 4658 9428 8360 9969 5494 2889 9400 9590 6375 1940 348 1999 9258 8804 5726 9767 47 7925 3240 5555 7190 8420 5316 4345 6816 9449 3318 505 6527 4839 3115 4136 4479 6891 8492 9113 4052 3878 7385 5282 3145 5708 1419 3876 6961
7884 3140 7285 7808 3755 9883 7888 9955 3714 5170 1434 2467 5590 6891 3936 3580 3001 8653 6343 6622 6859 4461 5489 544 5824 6017 9944 2601 2466 8139 222 2628 4403 4987 1449 8097 7529 4908 5108 5657 45 7502 3415 3514 4791 7920 5700 5485 9860 5063 4853 191 6504 1208 0 375 7566 7334 2375 971 8927 3593 6045 1788 6122 1400 4428 3690 6193 9447 8125 5184 8999 5077 3488 3090 7144 2106 4892 1977 7319 9066 5756 5574 8729 3915 6359 8691 5495 3903 8924 6021 6593 6483 1045 5347 7212 4142 5011 5048
7983 2930 3382 5548 849 9156 5158 7213 2999 1867 1828 9363 9932 3931 4017 4535 7971 9617 7649 7286 1387 651 127 5860 500 4162 7057 2903 5194 1390 9350 3746 7094 6402 7743 2178 3504 4953 1758 8711 4508 8603 6439 4489 509 2423 5546 8787 7745 7732 3143 6097 8460 4658 375 0 8728 2539 2391 634 5698 8945 9155 809 9616 2133 3102 1112 7699 2664 5306 9407 2978 3825 2943 3469 9015 9634 992 3591 5297 5984 6042 9275 7283 5471 9965 4875 1774 4914 7024 5712 5451 2729 8340 2556 2772 9955 3596 7745
4879 4905 2063 5257 3699 9616 9232 5326 5594 1238 8107 8743 4725 2901 9333 2508 7927 8742 6588 1296 4313 117 3591 952 1329 758 7803 6205 9567 802 7076 3826 4110 704 4000 799 1086 2832 1726 6468 297 3349 9590 8281 3866 6546 9818 867 6502 8605 4650 7070 6309 9428 7566 8728 0 1979 8651 9251 5255 4216 2508 4540 6939 7590 4279 750 1753 2189 4379 6208 6534 7856 9586 348 6401 6884 4675 8664 6678 2257 4572 5414 3306 8834 593 2757 6836 8612 7051 7475 2076 1677 9460 6613 9975 566 305 4653
6823 5397 7419 622 2376 2670 5583 8984 2427 60 3361 869 2875 9417 5431 7639 5264 7395 5250 4874 7161 7141 9981 5293 4138 9877 3830 876 2672 8452 3261 7348 191 7248 5032 9864 6330 3037 9751 6513 3436 644 1252 8696 4595 6421 5987 4862 3138 9230 8882 9717 4587 8360 7334 2539 1979 0 8939 2013 2778 7412 8774 2179 1277 1483 557 2144 4802 9631 832 271 702 5727 8565 8783 2631 7479 8311 889 9546 323 331 1547 2932 3924 8405 7373 2738 3198 4149 3320 4793 7425 637 7090 8971 9327 1118 9116
2872 1332 9251 4724 3387 8208 6846 2636 3141 9588 611 8122 8367 9723 8327 5007 4941 2535 1247 5654 7825 7504 2396 5928 58 7608 9396 8584 8510 5632 6493 7004 2220 8461 4365 5360 4985 2031 5604 4973 5112 2343 6898 8933 5148 5593 3746 650 8593 8638 1436 9607 1028 9969 2375 2391 8651 8939 0 1320 1998 2751 3969 7421 1899 6357 3881 8012 5042 8480 3732 6109 8280 9257 5046 3081 5713 1775 7199 3480 5488 6899 77 9908 2304 5264 6822 3487 4767 5362 4700 3598 7024 8720 1446 1126 6135 8965 3584 1632
5687 8882 8910 195 9324 1254 6376 3432 2294 4373 9020 4454 2656 1299 5942 7666 2510 868 6254 4435 6723 2031 5815 4896 3798 7236 8597 7267 3880 9095 6622 285 9352 6548 1343 5033 6135 9563 3620 1791 849 5209 3975 9948 5907 1563 3372 7199 8438 3083 8568 6984 537 5494 971 634 9251 2013 1320 0 2328 8556 3732 7953 5219 6322 401 8226 9141 8228 6121 1759 7552 7264 3086 8089 215 7488 1500 7147 83 8942 4382 2804 999 8878 5852 4868 5185 3739 23 456 3283 2834 8475 9475 6191 5991 7191 5462
2388 4753 2056 2613 3112 9060 99 5044 795 2872 9469 1061 3215 5839 1683 3111 6841 4983 3239 9084 1820 1946 2622 8955 6283 2256 6701 2485 1325 1110 7490 4308 2162 3290 8488 1207 7910 3458 1327 9729 8744 5240 5666 6685 5817 7594 3559 7684 7884 1608 6244 5620 8419 2889 8927 5698 5255 2778 1998 2328 0 8383 6967 3665 8436 8086 4771 4018 3702 6274 3126 4053 8879 1487 689 4751 2341 1853 6104 3120 6465 7905 5007 3188 6200 9474 5331 6556 7998 1601 1753 4963 2233 2875 6837 2091 1903 329 9594 8876
1278 9995 5863 7032 8191 5917 4763 4393 456 2407 4549 5849 3154 5593 1477 831 1132 5134 5966 5131 669 3726 3005 3653 7607 5805 4004 5923 2789 643 4198 9118 7382 9782 9034 5670 3381 1601 4403 3668 5352 9320 2075 5433 2903 8515 6656 7561 5783 8610 1950 2823 3136 9400 3593 8945 4216 7412 2751 8556 8383 0 2585 4534 5660 2123 5231 8518 2313 3382 8592 6599 7613 8305 4669 8294 6889 5418 7486 620 1073 882 7756 2581 6321 9433 4457 7995 5448 3355 4245 8063 8117 2333 1106 727 9956 1514 1184 3953
2963 5525 3831 5804 6652 9466 5040 5371 7055 7200 1967 1999 4821 67 6613 5983 5637 6710 7857 3971 7665 3414 2641 7365 1996 2343 4232 2761 4402 5879 7635 2616 413 4283 6997 5739 9488 5116 4636 9308 1026 2896 1915 8391 9690 1460 5492 280 8796 3994 839 3872 9740 9590 6045 9155 2508 8774 3969 3732 6967 2585 0 7454 577 9652 1627 205 8259 6537 6747 2983 2786 4309 3327 1779 4220 3221 6542 8845 7434 9451 5236 3853 4610 397 239 9835 460 2382 7377 606 6817 6897 3467 6815 5374 1877 3985 4101
3170 9421 3103 5008 7136 7852 1502 6516 4983 4526 1934 5997 8284 2871 4782 2712 8746 181 2716 5964 8711 1292 8756 1944 536 5759 5492 5524 1949 7722 6064 8381 3709 5216 2929 2825 1432 7027 2323 1683 5895 6124 727 3437 3052 2294 4451 132 2253 385 1579 8345 6835 6375 1788 809 4540 2179 7421 7953 3665 4534 7454 0 6962 3442 8372 6797 2444 6778 1546 7822 9854 8556 8901 9413 6653 1594 3160 5229 3575 1241 8121 3267 834 284 953 4710 3143 9346 9173 816 2202 2386 7677 1805 9399 1163 6064 4610
6184 566 1977 8292 6886 5295 2442 9706 224 1240 6489 5551 6272 5861 9832 8882 1773 9472 115 343 9377 1659 5945 5110 344 7366 1701 3946 2426 4000 8556 5040 2097 3687 5483 4099 9364 7770 1704 1587 8138 4939 5118 4058 1915 2342 6941 6498 4907 2791 2699 9973 3233 1940 6122 9616 6939 1277 1899 5219 8436 5660 577 6962 0 1839 11 4990 4370 670 1877 1309 4987 7534 3572 2212 1638 2112 6710 2475 4162 4752 6922 5753 8784 2198 9389 517 4668 8636 9090 2095 3992 2856 1203 9654 9886 7179 6410 1779
5496 413 311 949 104 8434 246 7144 7206 1805 1321 9815 1870 7248 6284 1692 9694 1047 2185 7581 8604 1959 2370 1837 4374 6645 744 3757 3799 5885 9328 2500 1167 784 3483 6148 839 4227 8603 1620 4910 737 9347 7154 1222 4598 3686 2468 2058 7762 5559 5545 3532 348 1400 2133 7590 1483 6357 6322 8086 2123 9652 3442 1839 0 2332 4339 3500 5487 5559 9889 6819 4888 4385 5421 8843 634 9038 42 9121 4328 3996 8603 8755 6575 9114 7693 1481 1503 5897 8894 3429 3176 4933 8140 8118 765 4803 5237
1742 7128 5388 515 4942 1971 9466 8422 6307 9971 2267 3994 2936 5820 2271 2388 3954 2887 5688 8734 7430 1557 1451 5098 2071 5659 7087 328 6848 612 2028 768 8102 7577 8528 1753 9907 2179 3449 4052 9719 9472 9206 7085 4853 8457 3173 320 4359 5927 7478 379 9858 1999 4428 3102 4279 557 3881 401 4771 5231 1627 8372 11 2332 0 3404 1132 4991 1253 4350 5866 8367 4734 4462 6292 3735 1886 3463 2280 6479 3084 6652 3263 3266 6193 7512 6122 8010 4140 3624 7471 5922 7270 527 9969 7997 2396 1049
7105 1235 1015 4647 1519 5039 7771 4612 431 9726 5576 5546 350 2725 3093 3924 3872 5260 6940 3934 3644 7689 2581 340 2861 5957 8276 5526 548 456 356 3496 2262 2472 6557 7180 7909 3666 8081 3307 3843 5586 6308 5194 519 3356 4810 8227 7053 1334 4184 1483 4570 9258 3690 1112 750 2144 8012 8226 4018 8518 205 6797 4990 4339 3404 0 1659 7005 7956 9805 6095 9565 7781 6057 4214 3170 8299 447 7366 6175 5058 2942 6719 6970 5159 2701 113 80 7923 1148 3811 2941 7885 3868 8687 9928 9552 9903
311 8330 2569 8485 4392 6451 2137 3433 8434 190 8513 8582 3918 9657 1627 9755 2180 8744 3528 5001 6975 8332 6049 6250 7269 7148 8100 3768 1499 6631 5387 532 8949 64 8977 2053 4075 8117 9209 2219 6181 6953 1516 9023 5638 4225 3473 9878 300 4727 3853 1198 7319 8804 6193 7699 1753 4802 5042 9141 3702 2313 8259 2444 4370 3500 1132 1659 0 3023 636 908 271 9600 4652 6272 4202 4917 7959 5380 3678 7600 8506 4726 7841 1362 9449 5442 6673 5531 4821 6767 3424 9451 2959 70 9781 3654 3147 5376
2892 818 1436 5432 1394 9743 8542 8845 1371 2522 5348 9279 2523 591 5892 4726 9535 3946 5919 9828 1551 3786 866 621 3609 9611 350 1237 8895 5978 8950 1437 7161 8112 3368 8415 8376 9120 4337 6570 3015 3335 5434 3087 8767 7982 4687 3088 1608 7664 6921 1450 9261 5726 9447 2664 2189 9631 8480 8228 6274 3382 6537 6778 670 5487 4991 7005 3023 0 1046 6536 1334 2288 8118 6341 9772 7744 7112 8624 1632 8657 9378 1172 3982 8532 256 3446 4216 2769 2357 2538 7337 8832 9208 5885 9880 8249 7047 6437
548 3336 8163 6912 6229 3448 751 8353 8131 5077 6411 4873 7651 6005 558 5625 9889 4657 2721 5945 2708 690 6134 371 8830 9744 5147 767 1837 7478 922 2437 262 2964 8581 3376 5135 417 9054 8704 9815 793 6237 334 7912 4995 3847 4755 6857 8557 7647 9511 2612 9767 8125 5306 4379 832 3732 6121 3126 8592 6747 1546 1877 5559 1253 7956 636 1046 0 170 4662 114 7863 7162 7956 5522 5649 9877 5759 1550 8935 2770 5950 5466 9971 7786 2157 1034 3606 2952 7711 6406 2368 7335 179 3997 8181 4451
5252 4012 8778 5824 9364 7982 6469 9454 2512 8261 4186 4702 6318 4298 9979 9016 3516 5270 261 2304 4891 4964 5233 9950 629 295 6424 2217 470 903 8504 8563 9463 7205 4386 3540 7750 6184 5426 1213 6458 9620 2125 704 7371 1031 6047 7379 7316 3530 9979 4397 5968 47 5184 9407 6208 271 6109 1759 4053 6599 2983 7822 1309 9889 4350 9805 908 6536 170 0 2405 123 962 9879 2680 2397 1915 5936 2088 2098 5673 5400 8891 5140 9726 8701 4396 2151 994 9933 7458 913 6341 8003 7190 8123 7521 1004
5346 3162 8514 6990 5628 5815 4614 9558 3727 3367 654 3684 2627 2222 8873 3040 7634 4525 3892 5225 2276 8109 7564 247 5848 1519 4882 1466 8317 2657 2069 2209 5384 1724 4564 8949 8743 9180 5309 3485 2198 1829 8329 8034 6491 8861 7712 4316 6085 3784 7016 6387 610 7925 8999 2978 6534 702 8280 7552 8879 7613 2786 9854 4987 6819 5866 6095 271 1334 4662 2405 0 1457 1819 9142 9464 1480 1676 8606 1745 3960 5352 3299 4867 7098 6165 5012 2126 6705 9780 7056 2907 6222 1926 2123 4894 2683 1732 2853
7990 4840 2033 3574 4207 8477 9773 8921 2386 2125 3952 7592 1492 760 5187 2066 7379 7081 8336 5465 3556 2746 8310 2901 2302 2426 4304 3057 848 319 3696 4227 5158 4927 1974 579 7169 234 1660 3756 9400 1597 4746 3476 7581 7469 2429 5665 1812 678 9166 3703 5050 3240 5077 3825 7856 5727 9257 7264 1487 8305 4309 8556 7534 4888 8367 9565 9600 2288 114 123 1457 0 2948 9847 7726 209 5666 2689 1958 6750 9677 8671 2939 1719 5543 3974 31 322 4987 861 2968 1515 1241 3434 9114 4740 3897 9882
5800 8836 3335 668 2286 1973 8023 568 195 1279 45 4208 6320 9691 206 5540 1085 8750 1859 6643 3510 3355 2096 7687 8259 7523 1935 4866 5802 330 2573 4174 7275 1053 5670 4779 9391 3428 1203 5171 4480 730 4942 2661 7326 7081 2813 5057 2321 5231 4676 2761 7656 5555 3488 2943 9586 8565 5046 3086 689 4669 3327 8901 3572 4385 4734 7781 4652 8118 7863 962 1819 2948 0 5482 8663 1664 6068 4960 556 1119 6160 6534 3622 6422 1969 2627 8692 5985 9379 5785 3004 8292 708 9385 7609 7920 5095 7763
1794 6428 1447 7987 1851 244 9474 3716 5413 9942 45 6176 7154 7700 5389 6535 9543 3041 6467 8759 7166 6068 4796 6058 7567 2520 3245 6557 5333 830 5021 3304 3820 3178 408 33 3590 3569 8544 4126 1322 5697 5824 2332 2867 8158 4435 5519 7604 7379 8887 717 8659 7190 3090 3469 348 8783 3081 8089 4751 8294 1779 9413 2212 5421 4462 6057 6272 6341 7162 9879 9142 9847 5482 0 3671 3087 4363 3830 7075 2870 7141 41 6134 1828 4648 4037 2125 38 3891 1184 96 1375 6514 3383 1995 7662 514 5221
8252 7477 2710 5584 1746 6247 4467 622 8156 5669 9194 681 7608 9621 2721 6151 7111 8701 5208 5198 5820 2322 4761 4254 4264 6797 1349 3010 3555 5526 2840 2763 7487 1259 7728 2898 323 902 67 1176 4259 4655 8680 705 5703 6400 301 4087 4935 3896 7308 8874 7899 8420 7144 9015 6401 2631 5713 215 2341 6889 4220 6653 1638 8843 6292 4214 4202 9772 7956 2680 9464 7726 8663 3671 0 4447 3143 1346 66 3293 1191 370 1625 4125 8528 636 7612 7024 8874 5931 8563 5148 4604 9578 4544 6142 3232 6766
6940 5590 3177 6572 3422 7932 3250 9994 2794 8296 8456 688 8934 6018 8618 2307 9062 2080 9754 6191 6427 7145 909 9988 5884 4348 1572 6366 8391 2298 7546 7468 9651 8303 8184 1580 4611 9683 2338 1650 9597 2043 6157 8931 5820 5060 1441 8929 2133 1890 3840 6839 6159 5316 2106 9634 6884 7479 1775 7488 1853 5418 3221 1594 2112 634 3735 3170 4917 7744 5522 2397 1480 209 1664 3087 4447 0 7537 9852 3704 8372 7262 8117 6058 7947 4344 5513 5841 4335 6686 8761 1330 5197 4406 3173 3966 5435 6178 5997
4633 4832 7521 774 3330 4365 3229 7244 1048 4331 9346 5115 4863 8204 1469 3118 5297 2688 5035 9820 6940 3172 3272 8739 1878 8342 9082 5164 5942 6537 6150 8873 1988 1448 1730 5690 2959 5961 8280 4138 8211 1137 8112 7936 4542 8559 4359 2700 1671 2063 9848 8655 7190 4345 4892 992 4675 8311 7199 1500 6104 7486 6542 3160 6710 9038 1886 8299 7959 7112 5649 1915 1676 5666 6068 4363 3143 7537 0 5451 5506 8901 5109 5569 8063 7321 4419 6586 6946 8850 3589 4197 9335 4305 3500 2247 5174 7460 185 8828
2895 8260 9946 8833 8155 5289 4872 5511 4982 419 8699 8804 574 3840 5526 1909 5223 7230 7380 671 185 1493 1939 5577 3577 9310 6876 271 4828 4935 9286 6076 7656 4228 9525 5478 1446 6819 8717 274 9116 7351 7475 9149 3561 2945 1867 5477 4359 5559 4372 7739 2889 6816 1977 3591 8664 889 3480 7147 3120 620 8845 5229 2475 42 3463 447 5380 8624 9877 5936 8606 2689 4960 3830 1346 9852 5451 0 2900 3342 1060 7297 1032 2532 8957 4845 8582 5003 83 905 8018 3597 1715 6337 8340 3547 5477 6229
2243 3645 4615 5244 2501 6437 4082 5810 516 6555 9508 4630 848 5973 3781 7336 9639 8978 8163 5992 586 5246 3337 1810 2137 1327 1774 1136 7307 6190 6202 3590 2875 3644 7790 6889 7458 2912 4971 5104 6735 6458 3643 4303 5959 8186 2040 3004 3857 6557 5245 55 5504 9449 7319 5297 6678 9546 5488 83 6465 1073 7434 3575 4162 9121 2280 7366 3678 1632 5759 2088 1745 1958 556 7075 66 3704 5506 2900 0 1484 391 7512 9099 8051 778 7941 6336 8440 6270 1215 6136 2976 3992 3263 8819 3611 7124 8070
8886 260 2439 5809 5283 7008 8461 4331 3202 8926 6660 8710 9215 2066 3511 7105 4357 1305 2138 2640 2623 5241 216 141 9540 2852 7570 3741 5297 5967 1085 586 1853 2338 3231 1738 7630 4146 676 6455 644 5790 1149 5847 1748 7078 6144 5638 3235 4366 5318 5080 4156 3318 9066 5984 2257 323 6899 8942 7905 882 9451 1241 4752 4328 6479 6175 7600 8657 1550 2098 3960 6750 1119 2870 3293 8372 8901 3342 1484 0 7864 4032 5563 8766 1452 9575 4823 1484 6670 2762 6750 898 7131 2375 1762 5584 5524 6786
