250
0 63 2799 6081 3038 5245 773 7098 7193 5862 2929 2239 9006 7215 0 8362 7863 1001 886 2255 3658 8856 1443 127 7823 5172 4922 2891 6355 6865 4453 7092 3679 9004 3092 3188 2745 3359 1274 5573 396 373 3400 553 3627 212 6316 6548 7922 2672 7754 8558 8317 9937 5824 8073 7761 6448 4436 2034 4370 6379 8745 1686 345 9155 6802 4129 8919 3592 579 1297 8065 5123 1090 6840 194 1453 1120 5118 885 7273 5410 6648 5985 4774 4204 3429 7871 6596 8284 7508 9715 7324 4860 999 9435 6695 1245 2904 9173 1543 2120 8180 3285 1928 3946 5683 3488 3627 7943 2019 1989 3755 3714 4005 8560 8655 3147 2035 977 3941 1217 8468 5914 5954 8178 4540 9348 2288 4438 295 440 7047 9999 7900 5124 7042 909 3960 5102 3632 1550 8590 3016 6389 3432 1211 7568 8418 3555 3967 8401 466 2220 7753 8025 2797 1377 7499 5239 268 9677 8097 5542 7876 8783 1156 4321 9351 323 9175 1238 4166 8483 1303 9469 9710 6231 2827 9056 599 4609 3627 9774 6192 3899 136 7582 3110 2633 4215 1481 3439 3868 4254 2077 7955 5349 6643 2984 7649 7430 7892 1005 1062 6548 5890 2923 4093 7153 353 4503 4009 7035 8007 9025 1336 3678 8999 9154 6086 7057 6560 2173 1983 2363 5366 6173 6417 1106 2524 3034 3462 4466 3348 3259 3286 1704 8278 9366 4998 9287 1820 1273 6115 1687 2416 8039 3131
63 0 6976 4089 3016 5405 1829 1298 7610 9521 5746 4214 8092 2842 132 1350 5877 7756 855 198 6117 116 3182 711 9977 2164 5325 6125 7592 2209 5652 9121 396 6225 4187 1504 824 3893 6871 1598 986 4555 9935 4085 8360 8579 8287 5352 136 6491 4839 1610 9031 674 6199 9107 8921 8538 9921 141 8796 6058 7172 1978 1600 2436 842 9554 8578 9345 5103 6490 2472 859 8587 8415 6541 4240 9428 2608 9135 4699 9695 9324 3878 8146 1528 2073 5102 1752 6774 9356 2820 4564 8499 3334 818 3807 4823 9005 456 4602 469 4371 5530 5962 676 1965 769 520 1235 5009 5684 2101 5337 7588 1841 8619 7245 3378 6280 7179 6481 2303 7703 5226 1206 1532 4169 2991 4732 2457 7069 8343 2757 5482 2935 1854 1700 2875 7977 2779 8665 2551 3489 7132 7988 6745 6522 6926 7568 6268 6242 2953 1529 2806 9127 6175 5364 2134 1644 2168 6414 6670 854 8708 3140 5098 5518 7903 5196 9277 1001 8456 5362 7227 3430 1765 5610 6036 8149 8831 8753 8098 3460 7817 481 4767 2298 9985 7814 4461 5431 12 135 2447 4268 5267 1580 5201 3108 196 8643 4180 5261 4175 9363 8087 2060 9446 244 9390 5311 824 1171 5204 1956 2805 35 3702 7283 7417 6863 8503 2537 355 6452 3566 6729 8852 7385 3373 537 9384 185 5121 7504 2021 9133 5038 2835 3753 9600 1650 2841 3781 4770 3642 5081 5681
2799 6976 0 6027 4227 6340 3589 3974 2194 3955 7659 4807 6353 1082 2514 5041 7854 9401 3878 9778 7842 4223 4374 5665 7203 3901 6840 222 3020 7449 9694 8280 5069 9405 2989 5110 1990 3769 5546 1661 2629 5874 2206 2841 9721 2214 7535 2707 4704 6390 3405 9611 1243 4276 9986 3474 4692 3517 9075 1599 2171 3703 8941 7222 4694 2100 2779 3989 2427 2366 4616 376 1747 6879 2023 7901 1219 8595 7775 7734 1140 2633 8338 8912 1517 3284 2064 1606 3279 1471 752 5321 4262 5416 8936 6898 8060 6537 2820 6652 6416 311 4451 3815 5341 3083 4649 259 860 8073 8571 2856 5963 4904 1715 9581 3476 7715 353 5010 1379 6679 4292 6459 9215 2802 6568 6420 4616 2919 2861 7129 5124 9835 3166 6956 256 4626 3431 6784 4059 7921 3168 8349 1015 1502 144 5934 9994 8756 4247 2238 9978 7206 4884 7564 619 7613 6514 2511 3931 915 1509 6510 4920 7945 3853 3070 8409 4069 9714 6583 586 3532 2767 4462 3286 7736 6797 1776 4346 382 1394 6304 6878 3816 9160 6532 1515 3614 168 838 7683 8388 2154 4139 3250 586 6577 6349 3185 2524 5186 1355 6372 8946 9060 8730 619 3389 8873 9440 6646 3320 9438 3859 3666 373 1369 1441 7324 5316 7527 587 2977 4835 8879 1433 4600 578 8320 6264 902 9554 7828 4475 1953 2022 1203 1969 8626 7215 27 8191 9123 1673 1627 3586 9764 5538
6081 4089 6027 0 3598 8882 4948 707 6885 5611 5533 9170 1420 4344 6630 5691 863 7267 2788 7604 4804 7080 6858 9880 6978 1389 9628 9214 9292 3558 7895 9528 5665 5320 1989 580 6764 4670 5508 7427 9264 5874 2785 8785 8381 2844 5870 6506 993 7709 9422 2971 7310 7140 6861 1201 8813 8138 8201 8145 6583 6101 2634 1259 834 6668 2239 7934 3516 6077 3731 4046 7488 146 6308 9652 2762 3825 7512 3241 5591 860 9881 1592 1497 6456 6824 3063 8936 9004 154 12 4003 8413 232 8213 1590 7212 9602 1454 9568 9695 5711 3259 9088 7668 7312 5217 4656 6279 3086 6031 6800 6346 5324 9373 566 4293 8026 9380 3907 8529 6674 9653 3888 7520 1133 226 1041 3077 4808 3151 5489 7945 7442 3028 750 2535 9078 5552 7879 3703 493 5499 4207 9130 9849 4389 5582 9980 5299 8978 2289 1869 3646 2536 9579 3789 7354 6147 8096 3340 2114 7061 9744 6091 698 9336 4496 4903 4834 6587 2947 5210 7906 7225 4698 5389 6869 595 4656 8250 5072 414 1000 1420 8001 9794 5593 6588 9277 8475 2504 5565 4982 6319 3052 6647 4806 2125 5751 708 3075 2608 1330 7902 1185 9368 2811 7974 993 1981 3494 4320 1627 9614 6788 18 7292 3304 2278 247 444 7844 9922 9266 9296 7474 3285 3480 7127 8638 3426 4962 8154 8887 8502 9071 7836 4303 6347 8207 9522 9616 1729 7315 6550 1452 6694 6924
3038 3016 4227 3598 0 8694 8203 3535 3722 9715 9872 8865 4415 2327 6922 5109 2715 8678 7558 3462 9205 1142 3759 6968 6186 9136 1001 4314 5134 3706 547 2194 3155 663 8187 1022 3232 4010 9538 3045 1642 1723 8674 1200 2643 3135 8240 3540 4797 3226 8890 3728 258 4967 1941 3050 3429 4995 4297 1944 4991 4979 3954 6738 8855 3100 858 7778 9820 3059 2709 2281 7611 1409 1920 1338 5714 8505 5779 6563 2299 3587 3486 8623 4261 9831 6704 5123 9047 5371 2344 695 5895 5351 8070 3049 9005 9820 577 8286 4642 6194 7175 6074 9937 7784 317 721 5757 736 580 1390 1858 582 452 3784 3928 9156 1356 5366 9988 7327 110 6744 5641 4235 8127 6010 7078 7322 4818 9148 6541 8379 7983 667 5664 7969 7831 7418 9554 5720 1719 2706 7974 8238 1513 2935 156 6024 84 4868 1488 7980 5871 3222 7340 3119 1180 4590 607 5799 3713 7365 860 1105 5088 9916 6617 3931 1857 5374 3857 2330 2392 9587 794 3142 2275 7865 8279 8266 8163 3468 5652 9708 6245 1131 6544 4305 6961 6993 7866 9532 8681 5171 5768 5438 5210 1333 7283 7483 7478 1985 6559 3664 745 1275 8642 131 2876 6999 1413 525 4549 3877 613 923 3655 221 1794 5865 750 8972 317 2068 510 6071 8598 1103 2706 786 8747 9411 7818 1476 3622 8251 1143 934 5743 2335 9062 2348 9613 5229 8523 93 2375 4467
5245 5405 6340 8882 8694 0 9421 5441 5291 2012 1815 4537 3505 5112 2149 1760 6875 8180 4454 862 3862 9748 6535 1180 4870 4250 5780 135 7002 2194 2258 3308 4663 4931 8644 2514 9273 6356 6425 3889 1992 4060 8733 4294 2544 6685 1897 5635 5878 9567 106 4281 5947 4952 8673 7562 6482 2547 9187 528 8283 5182 7071 1408 9800 8709 2448 1903 5184 5254 5967 6142 1209 3587 7669 8917 1458 6811 8631 9448 1566 6371 3259 3274 2568 6408 7696 9770 4676 3847 6279 4109 2693 6390 1990 5448 5333 9679 799 9886 4725 9057 4885 7069 5576 8105 6894 1396 4055 6383 1650 3211 1186 4344 2631 4003 8079 9052 9405 5939 7274 8264 9705 3245 43 3494 8608 3119 7395 1397 8627 4435 739 7635 3040 9603 4937 3258 7392 1469 4482 9769 2327 7702 8662 932 8176 9286 187 6663 6593 2067 2760 1630 8308 1930 2870 8682 2944 7002 1025 3116 6598 6862 3695 9850 5048 7488 2651 3972 9043 5518 9609 3672 3506 9827 678 2399 3773 2909 1581 2168 8232 8413 9159 903 5441 8187 2591 4608 7365 1879 4012 6613 8021 6300 48 1174 5529 8610 4563 9283 5805 4356 9674 5300 3870 5271 6513 7060 4619 4629 6141 430 5032 1944 2138 9511 5223 2639 3178 3523 8941 8151 6921 9867 311 3403 8719 9673 9514 4635 943 4529 6938 3070 8904 3411 106 5919 3102 9352 7841 835 1653 7409 8094 547 4369 3631
773 1829 3589 4948 8203 9421 0 2868 8075 9420 3451 3419 9167 728 5565 6185 7791 5370 8821 679 9203 3884 3440 3700 5636 5362 2203 8108 8811 1964 1409 8147 1622 8994 7367 5004 4017 8106 6195 4308 7147 2282 7736 4281 8674 244 1317 6266 6896 4400 4059 6614 6177 3224 3794 6061 6590 49 3780 4755 3094 7617 4969 4866 1594 6893 3472 5731 1473 2517 7307 141 7619 5936 8160 4786 6356 6037 7608 6813 2906 7997 3682 6591 76 9029 1527 6991 446 2374 3532 4462 2718 9572 9296 1924 5194 8448 3995 2148 3534 9515 47 4825 1383 8300 4855 3766 7402 1188 3140 7138 3818 4678 8972 2621 9704 4951 1855 2687 7604 7459 5086 5485 8388 789 8152 9719 221 1549 8782 1220 3343 9998 7569 6469 2023 5031 1087 882 1877 8720 5661 9516 9001 8358 6989 418 2001 6175 6313 7977 3829 4949 3442 3280 1940 5528 9298 6761 2041 6175 5510 6336 2856 884 8887 5056 5813 7199 6475 2984 928 6008 8155 9848 3763 9929 9458 6625 8103 3412 4640 4343 369 1476 5704 4828 6052 893 1559 5398 3834 4656 7047 7595 4856 3002 278 5632 1545 5118 5299 3940 3335 4075 8972 1203 3020 795 6153 6943 9935 8701 5297 756 835 8015 612 3971 7003 8509 9244 7028 2975 200 1013 9615 6417 1342 513 3415 4808 1847 9282 483 976 8984 8460 4732 3192 1743 1421 8313 4362 9265 7489 2015 9240 2813
7098 1298 3974 707 3535 5441 2868 0 6988 5423 7313 1762 7102 2357 4471 8565 2626 1091 2218 8459 1312 4429 3919 2213 884 1083 4357 4055 8674 4507 7205 6948 800 959 5927 8684 3987 1421 4548 3721 8213 7364 1693 3891 8646 296 9146 8419 6164 2314 6509 7379 5780 200 1219 7461 7347 43 950 2886 8835 2303 4629 295 6746 6800 2473 2197 113 5613 7508 7501 2669 5838 1066 9207 6143 9047 739 7626 9581 4646 1925 3483 9519 5819 2911 79 1868 6786 9781 126 752 3067 9369 5792 2124 6881 8842 6045 6088 7280 5321 3160 9042 1838 51 9124 8123 4676 8735 1773 5845 9530 137 9761 4738 3010 5710 4138 8760 6075 2281 4073 7645 9978 8664 1229 5980 1544 5287 4585 1106 4439 2342 2049 1801 2636 853 975 5261 2507 1832 4320 1748 459 9018 656 5386 8484 1058 6163 3446 9009 7128 6623 4156 9026 7024 1399 852 8595 6420 7874 5725 4113 2244 7137 5127 5527 4632 8880 5606 2682 9455 6104 2344 8783 1732 8446 1757 2052 9449 3489 5592 2764 5104 6831 6398 5814 6833 4051 2338 8074 1432 6255 9750 8623 7844 5932 9221 3512 9831 9833 4194 2469 3469 6905 8726 5267 1739 4722 1024 9276 1661 9016 8702 5382 5436 5890 6935 333 8245 6216 8059 8758 3763 490 9534 8935 5237 6592 6252 3461 3161 1248 1731 9010 7347 5508 5305 9751 9082 2719 3923 8128 6660 662 4457 3937
7193 7610 2194 6885 3722 5291 8075 6988 0 73 4582 5050 7305 6745 1191 3442 6506 3265 7557 611 3606 3942 4835 8382 4606 4656 2573 9697 7371 1726 7156 7325 5007 4800 3806 4590 129 5180 5298 8333 87 869 2461 6812 3873 8679 5768 2049 3037 9393 4229 9243 7658 9412 9688 9842 3543 2406 8245 7313 6858 1141 3752 7273 9722 3013 4738 1841 6168 3986 8801 6182 8225 5797 3696 5420 5655 9371 5815 8488 8458 6290 9526 2396 6156 8796 6414 8034 6039 7269 3276 643 9893 1818 1363 9239 930 5304 6684 6662 9318 7741 2887 9702 31 9549 6417 4466 6593 3082 8535 7063 9301 8040 3586 1244 2482 49 5035 1241 3728 2824 8963 4917 4945 3037 6999 4969 2370 7286 3794 3970 4074 463 430 190 719 6558 266 5217 4624 3196 2626 7768 5436 4440 8605 8167 4801 2416 9943 9136 9879 6562 2476 4506 5696 1747 5725 2960 2824 9507 416 7260 192 2558 5998 7106 7656 7224 7367 5678 4395 5694 7948 830 7695 1358 7831 8268 6550 2428 4530 108 4745 6219 6952 8244 5032 2038 1428 5073 8010 3531 8950 5276 3275 3126 244 534 3934 2176 9341 1088 9785 8149 4179 6666 1642 5031 3664 5167 8835 7839 8049 8307 326 7690 4109 3264 9584 746 6658 7245 9136 2780 2198 4303 9751 8301 2799 5725 4292 6412 4314 9733 1583 7990 426 2737 9375 9965 5264 5009 8358 4936 4781 3667 3072 9167
5862 9521 3955 5611 9715 2012 9420 5423 73 0 5793 5385 5910 3677 2883 4759 7487 3858 5672 9199 7703 5865 2711 8400 4958 2823 4232 1886 5007 6898 9400 2835 1049 5894 2431 3874 7151 6543 8640 6381 5723 2449 6739 2963 9828 6957 6575 879 2508 7645 4003 7479 5846 3335 7546 1617 8258 8951 2535 1129 209 2104 1142 2289 9404 6123 6311 4086 6164 4694 5834 7896 8060 5941 4535 9237 1782 6194 6344 2198 246 6465 2007 5555 7565 2735 7233 5089 8837 3621 2159 1696 7847 9779 6419 7056 7109 3897 8466 5757 5955 3149 7376 453 3448 8972 9283 9638 3548 6036 4242 5080 4695 4638 6274 3373 959 4737 1852 3511 7516 4812 8899 4747 8842 8957 2942 7677 2540 6268 6450 8600 5736 3667 2183 624 5607 5462 5501 1576 639 252 3262 2932 5167 9281 4705 9950 5128 6249 1513 6561 2249 4390 328 4595 7820 6651 2993 8243 2859 285 8076 1537 1600 7772 5882 869 5484 6384 7181 2071 4194 7662 9214 4566 3215 4102 4227 3542 3081 1099 4616 1916 2714 346 3904 6309 4265 5161 474 9569 5872 4154 5808 6543 3915 6540 8846 7000 6335 3978 990 6039 9441 8301 7065 1162 7912 6595 720 3238 5600 1851 5953 5937 1717 8824 6766 6542 1718 7492 2809 7940 5097 7793 4976 5202 7148 1629 9692 5516 9280 3660 1929 210 3768 5975 6723 2853 9605 2591 9878 4440 1259 1114 6010 7527 5098 174
2929 5746 7659 5533 9872 1815 3451 7313 4582 5793 0 8648 2971 2148 4431 8136 9016 887 1469 827 4994 6564 4308 1754 7015 716 7404 9911 3165 1667 5117 9656 466 3795 1834 1821 4971 7280 7902 3001 3315 6827 9332 2636 5214 6849 7131 4707 4178 7065 9574 2976 7549 8415 3748 927 7507 188 593 639 7748 5351 4733 1230 8812 3005 6450 7337 3603 9959 3763 6571 6362 9888 7207 3656 6355 7095 3307 3190 3179 1145 611 9917 8843 2140 4202 19 1134 1221 1836 1416 5757 2291 3238 7674 6558 8959 1394 5872 9034 1213 1436 8635 7423 8053 6096 5970 2019 9220 3684 7845 5434 7605 6383 5987 6599 4201 4943 9758 8030 4027 189 5344 647 9638 2570 5417 7393 5578 7702 2548 5730 6546 7882 1384 2029 5736 4118 8090 2092 5213 1259 5351 4196 6171 8899 6511 1090 2659 4782 1607 3263 9832 8984 8346 7921 961 9151 1013 3719 5165 6281 211 9299 6743 7354 8638 6035 5679 3356 604 1908 1228 1533 7077 5525 1219 2089 6836 8312 4268 1175 5097 5015 2342 9225 2676 4904 4910 3335 8522 2622 2885 3286 1596 405 8061 841 7645 9500 4871 4173 3114 4747 269 7590 8631 2991 3844 6331 6637 6410 7885 9375 6780 5158 7048 2785 8702 7879 442 8945 3881 2967 5324 2411 2315 6189 3876 7793 4630 6708 9307 9526 424 4241 1112 1800 5387 3801 9502 9705 9648 7546 623 2741 1864 6904 2790
2239 4214 4807 9170 8865 4537 3419 1762 5050 5385 8648 0 9273 4248 4398 9590 8594 4928 956 510 4763 9278 5643 6410 1500 751 3822 4164 2939 1189 5407 6159 4188 8123 4748 1416 7108 2510 9638 4582 3709 1203 2122 5082 8438 8398 9276 2527 8495 8590 3798 3466 8880 7363 6573 635 2403 8225 1108 3474 1150 2453 5616 9223 9208 2921 4075 5227 7551 5654 4887 8610 8596 8302 2190 5180 7840 8927 3160 1922 6344 7541 4782 1669 3625 407 4039 5262 1115 2922 1999 7772 2243 5653 1165 8672 6834 6709 893 4090 9887 9149 5730 5448 4726 4859 4790 83 8173 6643 1124 1558 1790 4025 78 5126 4282 4585 6109 9261 3076 6409 7322 4500 7803 9400 2881 991 3928 9449 5830 7909 8577 3491 5109 8511 1340 9804 4879 4611 6848 1598 8889 5245 6894 1735 4636 6287 3906 5181 9791 9386 235 4414 1259 6806 2839 2511 855 5793 5294 5310 1493 3571 1211 559 2888 3941 3843 5075 4735 7981 1682 5539 5675 4592 6154 4705 3950 6558 1897 6529 516 112 4771 8064 4275 3953 9046 7716 9670 4968 8007 8191 1090 6228 2829 4956 6487 7068 6663 5114 1759 2041 2987 6086 4831 4343 417 6035 1068 1589 2870 7304 6159 8672 5361 2416 5606 8879 8560 5237 1884 6657 2127 3601 9070 7102 2643 7392 7246 9984 9417 9809 5413 1644 3099 4770 1691 3332 3710 7202 5377 2207 55 6290 4923 236 4670 4137
9006 8092 6353 1420 4415 3505 9167 7102 7305 5910 2971 9273 0 2364 4611 5887 6153 3972 7892 6555 94 2375 4849 9987 937 3106 2669 2421 876 2444 2000 6842 219 8875 2660 3528 1107 302 8181 4967 146 6127 219 377 1354 1697 592 8008 3049 9539 5882 5071 4305 1319 6044 4693 778 1143 1109 4925 6431 8318 1348 7878 9159 7673 1850 1512 8665 2662 3034 1575 8545 5662 4386 2382 7659 364 8881 1689 6512 6245 6142 148 823 3734 2417 9680 987 8603 7636 3440 7205 4154 8015 8933 5362 9388 8461 8072 2708 9707 6504 6233 5196 1808 1152 1897 3553 2571 9542 3072 6288 6075 6548 809 7496 304 9425 3403 2041 9461 4898 345 324 8750 9753 671 768 2768 3467 6134 4550 2209 7628 86 2948 73 2255 3308 5393 3421 4011 2630 4610 3298 2969 8093 642 2710 2890 6706 6321 9538 5263 9578 7558 9470 8386 1018 3091 4897 3299 3399 3542 9383 8510 1065 7706 7290 7055 9513 5663 5611 1575 5734 9788 1757 2369 6686 6087 8372 3639 1186 9927 2310 674 8598 6607 1987 80 3119 6850 7924 3106 2078 9127 2994 292 6393 8917 7815 65 7484 4517 8133 1512 8125 9686 4291 2290 5846 6836 6204 1974 7971 1516 1204 9894 9906 546 6501 3052 4323 5250 397 8204 6797 493 1960 9683 2 158 2627 438 8716 3904 6498 4100 5079 2117 1331 3354 4671 9804 5340 5972 5975 7614 6199
7215 2842 1082 4344 2327 5112 728 2357 6745 3677 2148 4248 2364 0 5853 1768 2534 7639 9143 1099 5171 1371 9687 4645 3051 6273 8445 4129 3901 1992 3699 3579 4764 3718 2173 5205 9682 4029 5505 3673 4978 8681 6301 8150 8862 1093 250 4316 5643 6046 4812 6678 2010 9486 9156 5306 2668 5214 2304 3671 9940 9154 8550 5208 6291 9111 3125 7368 9630 6175 2286 1544 8365 1522 7175 4710 2125 4528 4614 2161 8715 8720 4058 8122 4070 3249 2155 566 6588 2354 4143 1503 7080 3729 5066 792 5423 17 1084 6840 4767 6728 1876 7172 1862 3577 5325 3875 4918 3158 714 8536 412 9128 5596 4024 5317 5427 5318 39 2730 8842 5761 2765 7904 69 7250 4538 5789 529 8114 4137 5017 2679 1548 9850 9557 1129 8461 103 2651 6212 3987 6015 9788 5557 6434 1534 1431 6690 4519 9356 2761 9672 5325 8899 9396 1656 3178 7521 4443 865 8260 3477 8306 1899 9407 4943 5393 491 4591 128 9594 8277 1374 8081 5457 2754 20 8523 5697 2493 2480 5012 4645 3239 83 6789 2491 9511 8422 3211 3827 9073 7518 2318 9379 984 9659 3538 5826 4732 3452 6304 2566 911 6404 9646 9996 2713 5834 6194 7876 700 9031 4399 9390 336 4454 2745 245 7921 5355 7456 8699 2515 5276 8475 4379 1899 3081 4808 2247 3700 6597 2582 369 5790 4309 2899 3134 8625 9694 4805 7750 6976 5822 1943 2884 7496
0 132 2514 6630 6922 2149 5565 4471 1191 2883 4431 4398 4611 5853 0 8195 64 4504 8375 894 8392 4792 6192 1182 9399 2920 7903 4322 8176 1761 441 9837 2701 477 6965 8320 6196 8865 8657 101 9785 5685 3843 9733 9188 6713 4532 6586 2272 8808 6552 4175 435 2339 395 7888 9383 6165 3135 4430 3742 7896 2576 809 339 2605 5933 8893 8661 2415 2740 2518 9011 3475 1268 5580 7071 9656 1773 3747 8043 6003 5816 422 2895 5602 4063 3985 7865 7914 3615 9960 2445 9693 1030 9537 5882 9006 1545 3347 2111 2165 8660 9649 9275 1861 8723 890 1533 6319 3142 4884 132 9129 2353 6524 7268 2488 729 9868 6213 9248 8957 3676 6072 6101 6357 1371 2395 7291 7992 3473 2747 3621 165 8448 4143 6247 2703 3595 5 5284 3140 256 4869 2139 6524 1835 7535 3767 8003 7108 7011 2297 5486 4497 5041 8501 65 5810 198 5207 1255 9847 7712 1597 2552 7611 1231 1248 3465 8571 7171 5161 5432 3117 7632 7217 44 6246 2305 7049 3311 2056 45 7264 6799 6649 1472 7799 4424 4302 2161 2237 7883 4227 8255 5223 8102 2597 4950 8356 7068 2474 8694 9961 791 7219 186 2365 2121 9589 6654 1519 5424 4221 8742 9404 2569 833 5065 1176 4831 7871 2914 9471 4464 9720 6098 2497 7510 1024 8020 2320 930 1628 5330 8725 4374 9778 1653 9914 9085 5724 8150 5413 1115 977 2303 1929
8362 1350 5041 5691 5109 1760 6185 8565 3442 4759 8136 9590 5887 1768 8195 0 6204 7741 3167 4545 3202 1333 3257 5615 551 1241 2348 9824 8595 3503 9142 7727 2003 5068 7644 9013 4918 1538 7184 1986 8911 4822 1230 9487 1708 6323 6403 4540 64 4570 6156 5575 2252 8355 9003 166 1149 9314 3567 3887 9184 3690 2878 2534 2105 8345 8965 8197 480 5816 6648 8913 4941 3950 3132 2855 1359 4996 8327 8357 3375 232 5847 1885 7894 8757 3560 6889 4086 4622 8376 7124 7289 9245 4837 7585 302 68 2351 2911 9885 357 6996 1194 1800 5741 7016 4329 4951 3553 7864 7488 4617 5683 3138 9385 3996 6405 3417 3712 2050 5865 1613 995 1238 2814 2870 4927 1467 9062 1914 3208 3768 8373 3942 6457 2606 1631 1068 1056 9187 5237 560 6906 5514 3860 7610 7676 7569 8641 4223 8657 2240 9955 6125 1881 1202 608 5437 1344 548 694 2468 4924 2894 2728 72 6815 8061 3894 2664 6764 1313 4111 9594 1155 7872 7238 1817 5573 8638 6473 6807 6421 4820 9763 1612 7156 1054 7658 6650 9719 3453 787 8866 9287 524 9019 152 4372 3326 5575 2289 403 7674 9251 7322 3204 7901 493 8676 713 9692 4406 3380 4525 8446 2260 3014 8414 8328 1343 96 6795 9815 6753 5490 9054 2155 1342 8727 5140 9984 9799 8484 7411 3091 472 1572 2443 9289 7648 4044 276 4471 8398 6097 8394 7873 4740
7863 5877 7854 863 2715 6875 7791 2626 6506 7487 9016 8594 6153 2534 64 6204 0 9470 1173 2145 6140 8783 3038 8488 1317 6751 1506 5778 1212 6145 9928 9700 1297 2422 1050 2988 3148 8283 9771 2559 9701 1577 854 302 8818 4748 468 7546 4833 4873 705 3788 4545 7006 7712 8293 3885 6301 6874 9711 9112 1746 125 4396 8138 1824 3316 4786 486 764 4727 4880 7180 3614 9587 5317 754 2387 7532 4894 1384 9728 4910 4509 9223 9512 9744 2269 8102 3686 7811 1126 4488 7468 8212 1524 9180 9064 8915 1806 5178 9758 5669 1296 3193 6713 6141 9909 1026 4580 3867 9672 4047 3017 5034 3538 7575 8607 8030 7506 9548 2161 1004 4273 7619 4935 3472 6615 5157 6187 596 7682 8984 3647 1706 3503 7340 8193 915 335 1332 7348 2477 5991 9241 9288 4669 1943 6477 3048 5473 9377 1200 5266 4286 7552 9106 5905 8508 9686 943 868 657 4794 4385 5364 2259 9603 7881 3133 6260 5758 8610 4999 942 4846 999 336 3037 3491 9666 2684 2355 835 1889 5720 3970 793 5877 9523 8908 439 543 5685 1494 6078 467 6937 4993 6644 420 4883 8472 6086 3549 8105 3967 3373 340 602 82 7768 9518 8180 5658 6104 8965 9718 4175 5506 1368 9560 1269 3928 9246 892 5385 2070 6398 8105 8056 7025 3019 9336 443 5643 1864 1361 953 3937 1603 6710 9707 4669 3616 6578 5758 4127 6789 1874
1001 7756 9401 7267 8678 8180 5370 1091 3265 3858 887 4928 3972 7639 4504 7741 9470 0 8556 5315 2113 100 2131 8373 6341 5361 2408 690 6189 2729 4802 5774 3101 3938 251 5793 7300 79 4570 3369 3908 8257 1518 4386 8282 7494 5665 7214 4416 2306 2677 3304 219 2435 6116 4718 7475 3027 8182 8091 6075 7028 235 3120 8790 4762 5569 7445 3486 4719 5483 5838 3037 2371 8922 6183 8466 3856 4026 4507 1107 8931 4169 9870 7713 9303 2815 4862 4367 3911 5927 4487 4791 8872 9475 382 7617 3232 9032 1640 4258 1553 7899 6371 2137 1918 9910 6604 3014 5859 1366 6504 7185 8754 4183 3833 2728 6092 5315 776 613 8757 6856 4803 8299 1529 5989 6914 3185 8731 1950 6636 7916 775 2056 4950 6395 8434 4005 300 4198 2973 9519 5482 2768 3944 2607 7162 1899 1401 1714 3840 9329 5590 3599 5334 370 9395 3211 3456 8430 9445 155 6850 3647 6558 4489 9970 1301 1433 8512 5625 8433 8826 1616 6187 5136 7478 9890 4925 225 5169 535 7129 4989 5426 9398 4608 2002 4877 3602 4055 529 5402 1687 5604 2921 2160 8406 2509 4821 4582 1512 768 421 7337 7421 4652 3738 4174 7417 7960 4344 7263 839 6798 2108 9864 6174 1540 21 3674 154 6785 7933 4100 7191 1519 413 5609 8369 3846 9298 3300 1042 1773 360 1007 9734 7027 4141 1945 8508 369 6610 591 7319 1986 5090 9779
886 855 3878 2788 7558 4454 8821 2218 7557 5672 1469 956 7892 9143 8375 3167 1173 8556 0 6532 7884 7155 3325 5215 4397 5715 7364 2925 1322 6172 8088 6104 5284 6942 1730 3015 1421 2958 5800 9602 9060 3419 6358 3859 7502 9427 8086 1947 3133 2121 462 2561 66 8870 6792 8390 7939 3973 9036 3241 5030 5860 764 1918 5130 5104 3663 818 8315 3514 3791 5465 7854 9499 5096 935 8858 4123 8162 9323 3956 6416 3044 7601 9457 2904 6467 3886 4395 5345 7310 1817 3909 9946 2287 4630 828 1601 147 1487 8131 8019 3793 3496 650 437 2887 3550 7414 3121 6282 6847 9623 9551 3270 1255 3156 7536 7721 8516 9318 3903 7817 6250 7352 4212 7751 9854 4407 5220 7073 2801 8627 451 5929 1921 886 4136 6237 2276 3824 4638 2460 8701 5053 7267 9375 7915 8404 7802 3423 5127 7755 2193 724 2844 5375 6647 2068 5119 8627 3110 1141 7627 9952 191 4844 804 542 9877 2390 6550 860 5210 9264 1581 274 7096 3068 5117 3397 5866 7837 9012 6800 6945 8464 5490 5207 8675 583 974 8783 3538 9028 4446 5191 8897 3844 5197 3090 2716 4758 7704 696 1498 7431 7033 4166 8024 4196 1796 3979 669 9081 7877 1729 8259 7521 9889 3231 3156 5681 1765 1337 6262 3520 2897 4569 7762 8076 9170 6466 1014 6677 9846 3054 2145 7573 7197 8996 4905 7001 8809 9309 174 8201 6236 3394 351
2255 198 9778 7604 3462 862 679 8459 611 9199 827 510 6555 1099 894 4545 2145 5315 6532 0 3405 673 685 3037 2979 8707 5759 5592 3250 1217 5568 6757 5952 874 8731 8661 3378 4960 5127 4814 629 8520 1813 5082 8604 3320 297 6145 2185 8974 7204 9148 5116 7659 9096 5917 1986 7613 5103 8253 4656 2466 7882 3834 8438 6349 2142 1031 782 6427 8831 2756 7431 8329 9294 5993 2804 6790 8926 5181 5340 3261 7867 8280 7285 5459 3136 2350 5473 538 3171 6729 824 3223 1535 8930 2794 9014 1380 3303 9928 8819 3098 8205 7083 2119 7447 8840 5090 8506 629 5026 7821 8057 7144 5682 1649 7989 1418 5034 5959 287 4971 895 7926 7329 5820 349 8902 6335 1416 4101 2823 6773 1989 5972 9280 5507 5095 8423 8504 6406 4708 8927 3269 8192 9107 3853 3264 4556 7459 1391 7176 6348 2561 2962 4717 2131 1734 5616 9423 8293 2769 3272 9115 5020 7354 3127 1921 6161 3828 855 7821 9607 8448 6768 8694 6962 1249 3761 1839 8540 800 922 7897 1406 1337 2332 9836 7096 9928 7182 4508 3538 1773 674 8462 2478 386 6020 6424 7862 2905 9678 8668 1760 8817 6777 1188 1534 5885 9131 7744 9525 4415 3873 7260 4311 2975 6151 3249 8264 8021 3854 2832 7314 8756 1589 9335 524 7865 2522 5787 5041 5374 2859 5198 2561 10000 587 2505 5385 932 1030 2557 9019 755 7259 2190 8292
3658 6117 7842 4804 9205 3862 9203 1312 3606 7703 4994 4763 94 5171 8392 3202 6140 2113 7884 3405 0 6637 7908 8030 5214 3907 2431 1559 1881 9650 3973 7475 2910 3374 1043 4086 4530 7108 5148 5969 984 9284 4364 1528 8244 570 608 3925 5279 1570 2485 1492 8783 6244 1824 4729 4236 1495 7553 707 9305 9168 7793 9474 6527 2261 6920 4888 9223 8577 8975 6506 114 6632 7559 8891 2573 387 6633 1277 7382 5765 1092 2417 4226 7691 214 8158 5567 9747 9238 8165 8190 6931 7999 124 6885 8078 4389 9004 4941 214 841 6229 9444 4534 8200 177 9161 6470 1862 8199 6315 5507 5193 9658 3919 2699 3834 7872 4276 1020 7457 5904 9347 9713 4797 4141 8657 8494 2465 6654 1803 7485 7372 6098 1745 5607 3204 5364 9763 7228 4314 7071 5181 5301 2519 9501 5528 758 2720 3193 6930 9248 2116 5353 403 5831 5671 9535 3779 5562 5496 5831 6443 3509 9636 190 9642 6453 7843 5925 5159 7522 3 9306 9983 596 4199 1287 6760 5626 2597 4772 7831 3461 5013 4430 5963 3995 9316 478 8796 2436 6398 2791 8602 2027 9970 6344 2676 2161 7812 1203 5655 5719 1549 6552 6044 8347 4610 3963 6485 9252 3589 5131 1695 8554 9907 9572 4507 4455 6345 3376 7677 2581 876 375 1325 207 2652 9193 6626 2571 9177 9079 1191 1928 9360 849 3144 8176 1940 6262 6865 1735 1751 1673 819 9927
8856 116 4223 7080 1142 9748 3884 4429 3942 5865 6564 9278 2375 1371 4792 1333 8783 100 7155 673 6637 0 3561 1973 7477 1590 9138 7506 9270 9439 6436 3383 7 1777 1829 7837 3499 4091 3989 4903 4036 3887 134 1745 1643 9826 1038 5785 2428 2517 1061 7762 9802 2058 7943 71 7479 3845 9155 7649 167 2062 423 4546 9411 8293 947 6817 1254 6975 2234 5171 762 9076 8750 9067 6741 7632 8473 8501 8218 4455 6244 2572 4317 8938 4740 6967 5660 5681 7894 7452 5830 2221 262 8479 7291 7852 9261 3688 7822 8399 3952 3212 5382 3474 7683 3062 4779 221 7363 5548 5597 1551 740 9943 7877 5910 7806 2917 4702 8952 336 6022 7702 7310 2761 3986 5554 8371 9614 4614 4329 4528 5292 5093 1675 3638 421 9801 7542 2613 9477 3812 8725 7693 5324 68 9816 3423 1720 2184 9828 1451 6738 3340 1733 9668 2813 5930 6563 6099 2043 9695 3018 4745 3319 3665 4239 2687 765 3924 4045 2677 2878 6345 3194 8793 2283 4262 405 3500 5024 9096 1346 5754 6940 9120 1237 9291 5566 9512 3062 7094 6370 304 6291 1055 1348 1570 318 5639 7985 1843 862 8535 2840 9499 1153 1672 5982 5732 1736 1138 8732 7919 8671 5715 6019 4202 274 6776 68 3081 2805 4742 1024 6889 9175 8516 2487 8878 2506 9512 8113 6160 8186 2532 6805 5264 7334 8003 2660 2394 1170 759 3284 8409 5400 4237
1443 3182 4374 6858 3759 6535 3440 3919 4835 2711 4308 5643 4849 9687 6192 3257 3038 2131 3325 685 7908 3561 0 9156 9868 8093 4547 342 2919 7051 7067 7956 3604 9310 6488 4483 230 2789 7516 1807 7274 5757 6169 6970 891 9435 463 4189 8425 6182 6251 3661 6233 8086 6091 7946 7393 7072 7284 341 8250 7827 421 4552 7361 1371 9632 9563 3177 9257 929 7650 4525 3986 3534 3653 5081 805 5033 2702 2403 5492 253 5290 7826 8233 2222 9484 6557 7856 4969 1874 1694 9038 8139 2079 6378 8961 4939 1596 2295 4024 7773 6478 6904 2454 4864 5126 5628 9519 4885 872 600 8443 4764 5977 1218 9435 7189 6422 5510 5096 9573 8234 4756 5344 3756 3079 8165 7233 896 4930 3108 144 1644 9517 7132 2338 9521 5674 683 6047 1212 9969 6351 990 2856 7176 4159 9838 571 2604 7700 7034 4927 6759 1195 3899 2857 3936 8208 6789 2494 7834 4826 9369 4361 5116 9436 9197 2723 2395 9191 9045 1495 7268 2964 4510 3284 4850 6458 6748 7584 2639 8071 4327 4627 7595 9393 1036 9017 203 8658 950 5062 6102 4376 6963 9091 8651 3963 2103 6040 5784 6246 7704 1245 3932 2617 9303 2567 4712 5876 1291 3323 7312 6872 556 210 6602 6757 9781 1993 2230 7550 9722 5930 6182 9610 6157 5410 4775 1248 387 882 7365 1840 1022 3921 9532 8281 4984 2234 4501 4288 1735 4815 1830 6692 5194
127 711 5665 9880 6968 1180 3700 2213 8382 8400 1754 6410 9987 4645 1182 5615 8488 8373 5215 3037 8030 1973 9156 0 6251 700 2614 917 987 193 8474 5823 782 7891 5849 6558 8762 905 7121 8395 1363 778 8117 6816 7382 1591 3500 3936 1807 8763 1195 2635 9118 185 1090 9023 475 3648 40 4089 8137 3173 40 3613 1563 863 4838 7393 859 856 8753 9717 4773 8115 6014 6423 4805 6960 7677 7612 9105 5140 4833 4397 521 6206 2825 3704 2631 3549 860 8674 7303 1341 8587 6169 8038 566 3615 3878 2156 7472 982 5418 8820 7568 80 7214 9435 1889 8567 8078 2270 8180 5137 1675 7626 7114 6599 4019 2140 4831 4949 5027 9995 4557 9075 2119 4543 9916 6622 8548 9393 7926 2693 8806 1492 8900 6132 2150 7530 7078 1335 1712 4305 8162 2140 5224 9152 8408 9621 2224 4015 9148 8744 6639 7549 4336 1240 322 6553 9551 4750 3279 2789 7747 8070 1270 818 9810 5378 6354 5353 6888 5047 727 9332 5095 7369 9440 1147 9955 5586 20 7107 3155 6706 7724 6141 9306 5776 2960 3157 6943 1979 7852 2377 9902 5548 9397 753 7172 4043 4765 8717 381 6567 6839 3726 5853 9225 8015 7733 9299 4196 8176 3211 9949 7369 5100 4850 3554 5818 537 4273 3378 4907 3315 5222 8851 3084 7887 900 3242 7970 7241 384 4592 704 8906 6933 1352 5358 247 4322 4862 2395 7558 3018 369
7823 9977 7203 6978 6186 4870 5636 884 4606 4958 7015 1500 937 3051 9399 551 1317 6341 4397 2979 5214 7477 9868 6251 0 2320 8494 2002 491 9821 9678 4418 4055 4264 5209 7512 6132 7562 271 4612 5806 1586 4951 3141 4470 8760 2232 2158 5380 1663 5322 4590 9731 7057 1631 8548 407 3211 7632 1790 7060 6893 659 2671 7980 1901 8187 3076 659 8902 3417 1377 5276 7391 4993 7357 5316 9626 7050 240 2046 2676 6202 8972 2730 9606 6583 37 7349 5088 8375 3879 2616 2026 8068 4775 6145 4689 2784 5184 8895 1790 467 5431 6821 765 591 5916 5579 2367 9252 277 6504 5154 2336 6934 4709 4199 1568 9662 2195 8194 7956 1214 3024 7658 8195 2381 9358 2373 9496 2330 4414 5492 5849 4107 4577 9643 2169 1435 9498 1308 6742 8957 4552 9406 134 8567 7346 2970 6283 3272 5197 8588 4161 9901 2531 3554 784 2407 2926 7183 6456 6811 9703 3010 2497 1642 5164 3164 2191 6604 8667 7190 9614 6269 8461 2450 503 1632 5880 4169 291 5386 6719 2757 6777 4614 6032 8355 1795 5580 9144 3175 3218 3424 7771 3908 8954 6635 5560 3545 5732 6483 9241 1058 9303 7072 3092 7618 5809 6468 9828 3398 4336 9991 889 1268 3418 3054 5625 6145 1263 8516 3916 5392 1692 5113 889 9008 5180 9257 5858 6347 3524 4115 6355 9018 3395 2785 3168 7091 401 4587 5014 9314 3983 5265 3596 9653
5172 2164 3901 1389 9136 4250 5362 1083 4656 2823 716 751 3106 6273 2920 1241 6751 5361 5715 8707 3907 1590 8093 700 2320 0 8063 4340 4651 418 425 6384 4100 6080 3709 8802 7367 4896 483 4838 6661 8513 9664 7270 5218 6721 2041 616 8306 8660 6217 9205 908 9687 6683 4042 2832 5917 2168 5686 7617 3770 4272 2483 7054 8118 6308 5813 1414 6422 4047 6422 5368 6449 5176 8915 4325 8040 9861 4661 3843 6337 9142 5105 2690 3406 5255 2061 9774 915 7529 5902 7812 9856 9613 7775 7081 6804 1322 4671 2363 5412 3530 6142 3203 1322 23 9842 8791 2884 6064 7174 9247 3861 2009 947 8888 7234 8530 1255 8628 1528 8403 4316 1604 1155 3060 1356 3488 7056 8887 2882 3225 3662 169 7112 9273 2534 7234 8143 1706 1453 3345 2783 5436 8799 1965 7618 4232 7801 2287 9735 6647 5470 2730 7017 7671 5411 8474 763 3270 1523 7237 708 8107 3917 6790 1535 6344 9415 3331 9084 7971 7222 9672 3943 333 8249 7831 5745 5668 5404 9080 9917 1454 5959 6993 9945 541 7843 3388 9774 6932 8681 1467 177 4850 624 8541 4657 181 5768 9960 5764 4927 5450 3304 4481 6219 3207 391 537 9314 4677 9756 5060 8816 7738 1286 7101 6359 4572 6230 5046 6820 2743 7635 3575 7979 7428 7892 8109 2157 4307 2979 1873 4869 6827 6217 2063 5403 7628 293 136 7056 3103 6688 7348 7418 645
4922 5325 6840 9628 1001 5780 2203 4357 2573 4232 7404 3822 2669 8445 7903 2348 1506 2408 7364 5759 2431 9138 4547 2614 8494 8063 0 4230 2424 9851 8494 4516 2647 2694 1611 8127 1398 7913 168 6994 1157 1233 8199 398 8288 3879 6322 1432 2688 5008 2429 841 5622 3042 3006 9278 1342 9563 9479 2394 9874 4105 8777 7770 8766 3639 9902 969 3820 7521 8677 8430 510 5236 1932 6555 3929 2353 7141 6977 8019 6892 7879 946 5023 4286 7960 6451 8949 2841 6479 2661 9755 6985 1879 950 552 8256 1331 5188 6337 9321 3274 476 9852 4971 8570 4330 8409 7531 5364 4787 2381 6480 4626 1854 4947 8240 4586 9827 5870 6748 4913 9386 1467 5104 9012 1999 211 7920 4890 5565 1597 8534 7056 5901 3803 2849 6525 1040 7488 9595 5747 1211 3050 1935 5207 8310 89 8383 2126 7458 6682 9988 1820 3761 54 7784 3833 4268 1029 298 8260 8149 1952 249 8392 8528 9536 7468 931 1593 8426 9949 9022 9717 9072 8037 2424 3422 9174 181 1170 5357 1180 2136 5683 3135 1519 8065 1404 709 7318 3994 326 8525 7298 7501 8787 5202 4164 3755 7881 5770 8127 5260 7957 7387 5273 2522 7158 9997 526 8764 6733 4273 202 4321 7237 313 9864 3554 881 1905 1191 9626 9467 964 5882 8712 6739 8288 1933 9974 5169 2417 6023 311 1848 7558 722 9880 3985 6530 2745 7469 6702 1964 9109 2859
2891 6125 222 9214 4314 135 8108 4055 9697 1886 9911 4164 2421 4129 4322 9824 5778 690 2925 5592 1559 7506 342 917 2002 4340 4230 0 8390 3651 7275 7785 9310 9349 6233 9498 6775 8081 6411 6923 318 7670 7396 9251 7980 8466 6191 2131 990 1558 9528 1708 9381 1772 1429 5235 4114 3577 6170 4334 8832 8002 6560 872 5347 3912 7295 7820 5800 503 4393 6346 5939 9090 4423 6285 8161 479 8412 4168 7269 2149 3777 2280 637 2092 8865 4785 657 2198 700 757 7387 5019 1911 3331 5 9792 8475 2072 501 1477 9327 1060 9438 8357 6369 3313 7684 4751 5965 4076 1931 6386 6408 1999 2476 9934 4035 2818 1051 9768 296 2156 9107 4246 400 1504 6681 518 134 4500 4024 8505 1279 5712 8028 170 8284 370 163 5389 6657 712 1842 1308 3388 7560 6722 4952 9521 516 8630 7665 8377 9213 200 8037 677 5857 8000 2390 5186 2661 6037 9048 1893 7666 3552 5176 4802 1214 4155 644 6409 1749 4107 7772 5515 1485 7964 6458 1743 7664 8724 6278 4558 9974 712 7591 7247 875 6629 5450 3630 8027 9878 3299 9092 1390 734 4068 7107 520 7371 395 6925 7828 2541 4269 3860 4483 7776 2484 1310 5495 4293 4994 3850 4240 4373 4949 3592 3312 3194 8037 8864 2966 2680 7959 6771 1444 3606 3973 9833 2592 477 9526 9501 1698 880 5195 1585 6014 4320 2378 8511 3266 2035 4512
6355 7592 3020 9292 5134 7002 8811 8674 7371 5007 3165 2939 876 3901 8176 8595 1212 6189 1322 3250 1881 9270 2919 987 491 4651 2424 8390 0 2194 3702 8354 746 7439 581 9715 1037 9702 6750 1007 7512 7877 1439 5834 2869 9890 7705 1077 9275 5132 638 5873 3890 9013 525 1698 6822 1590 7494 9941 9386 6420 3344 3354 662 8138 3577 2471 7430 5614 2635 454 9828 566 8386 4324 150 2497 9430 7901 5570 9618 7004 6129 9908 4888 9831 3073 3076 6889 579 7084 3247 5462 5851 371 1172 4940 9929 3289 8788 9656 2560 5892 9672 4044 5909 589 3689 3607 186 2108 4612 623 2511 540 5917 1770 2142 9978 3330 3331 7924 6934 8002 2633 5085 5630 5489 3679 1981 6156 964 7121 5659 5247 795 5765 9171 5050 12 8464 3774 6 9552 2940 4715 6639 4160 1569 318 5127 7825 7818 5232 9649 5390 889 4293 6558 6104 2864 8985 1435 8271 3100 4567 8183 2910 6311 2526 9422 3025 1872 1634 7290 8012 675 9506 4404 9975 6317 6688 6946 1768 5686 3579 1154 7936 4025 2873 2612 331 8837 4277 9206 7831 6019 1261 1042 6595 6578 9296 3703 8662 2353 2401 2231 329 2127 709 2203 4181 3713 5403 311 9670 9778 559 3076 2568 6855 3374 5753 3552 315 1578 2268 4314 5348 6231 7115 7650 613 7043 8097 8324 5079 2033 4450 7463 388 8218 1152 4307 5323 3047 5945 2282 7509
6865 2209 7449 3558 3706 2194 1964 4507 1726 6898 1667 1189 2444 1992 1761 3503 6145 2729 6172 1217 9650 9439 7051 193 9821 418 9851 3651 2194 0 3933 1906 4009 2182 7470 6242 5462 260 2490 842 8816 7042 6679 9017 6151 2522 9060 674 5886 1825 3134 9065 8195 1804 929 6395 2755 4520 4559 6511 3624 395 4185 1892 5989 6614 6106 2382 4313 915 2050 6866 2520 2433 5546 8751 7825 637 666 6234 1947 4473 789 6155 5268 8618 8865 3471 3966 2642 9830 9755 7548 5947 7148 4515 3265 9957 7627 9248 8691 1611 1824 6134 5026 8250 2707 8462 6593 4020 1255 17 1669 8806 3486 8940 6631 7564 93 7662 7601 4122 8834 6517 6906 9974 6372 9459 1489 4065 136 5964 5662 591 9636 9812 5187 4322 5371 1578 1182 1239 6966 9141 7127 235 8756 4299 2347 257 8547 3093 3772 8672 4914 2966 5053 1809 112 4100 74 2436 3134 5087 3664 2434 551 9458 1819 8206 8031 5859 9249 1034 8077 6397 6470 8782 563 3227 4998 97 6126 9304 5416 2850 2392 7200 4726 2186 4313 3524 7615 2658 6229 5580 4590 1457 7589 1857 2208 1840 9846 6730 6884 1946 7444 7122 8999 3289 5728 294 6604 1177 5051 6187 594 9314 1226 786 8857 4253 337 8274 2766 5701 8014 4545 5778 6829 1532 4532 5991 8367 8156 1247 9310 1428 2860 2465 2015 1156 3545 1468 5303 9087 743 8878 5362 6294
4453 5652 9694 7895 547 2258 1409 7205 7156 9400 5117 5407 2000 3699 441 9142 9928 4802 8088 5568 3973 6436 7067 8474 9678 425 8494 7275 3702 3933 0 8 4336 6674 3021 1137 5507 3164 7021 137 6117 8279 3345 4904 2991 5034 9287 7021 7533 6752 7083 3368 5731 1595 6796 7743 313 4185 2438 7968 3986 100 8461 5443 7979 3323 5430 2236 8592 5785 5411 5937 9041 2441 7855 7575 7681 1851 4248 428 9469 8653 2237 7009 4249 6444 2281 7725 5930 1596 3914 8181 5116 996 8964 3817 3821 1074 2052 8655 1140 6783 9993 215 7139 3850 2492 5177 8438 6600 3412 7865 9194 2539 5653 6040 7465 4329 9969 482 5713 2125 8355 9629 258 3059 9777 1241 4172 9881 6716 3639 8070 2332 7364 820 286 8273 2657 7620 9987 1179 2462 8808 8645 3246 1237 2315 342 115 467 2124 7890 3289 7355 1530 9784 404 3336 5088 5806 6495 8533 8599 4818 2103 6287 2553 2162 7523 9764 2427 9317 9272 4003 1537 354 2408 8526 5836 9224 3506 8277 5804 1787 4188 6387 3305 6089 899 9648 777 4242 1585 9282 6114 4579 9348 2628 6908 4411 7324 2456 2095 8244 7228 304 6579 1957 4403 6620 2039 6193 6511 4091 8052 1445 3953 5756 5566 9811 6964 2146 3222 2056 1770 1710 3280 7144 8876 1275 4218 7134 838 322 4678 4904 3242 762 6179 4185 523 2757 5336 215 5235 3886 2898 1399 6248
7092 9121 8280 9528 2194 3308 8147 6948 7325 2835 9656 6159 6842 3579 9837 7727 9700 5774 6104 6757 7475 3383 7956 5823 4418 6384 4516 7785 8354 1906 8 0 4403 2290 4779 2480 5608 9862 9810 1530 7305 4785 5152 6331 475 7207 3078 5989 9657 6787 6381 1326 1777 5754 8696 9228 7685 3471 4645 4466 4379 5923 3323 4314 2788 9373 3626 9868 7825 6082 5199 6437 831 8925 7338 6503 7518 779 7536 5446 619 1308 5464 2157 9518 4529 7394 2676 3206 7707 2487 9924 2989 6698 3867 4113 7527 9042 1904 9661 4066 1218 1022 7892 3907 5507 4587 6261 2169 7057 4570 2368 7998 6520 5832 5864 6907 2620 9311 4222 1091 3258 3930 5622 3970 7088 2772 5842 505 1022 6037 6349 8033 8656 4878 1218 1550 4477 9618 8375 1831 4628 8569 5733 2976 2133 410 2024 7839 2338 9719 1798 8382 2804 1340 6855 378 5371 6284 1325 5627 9651 8540 8949 5954 9673 4901 2488 7323 6127 3845 6707 2508 8163 6898 4452 4600 9272 7687 2697 1304 886 2572 4607 6321 4086 3970 5064 8022 4801 1779 3820 1967 1011 9691 3057 9149 987 6638 4810 7255 8497 9385 5222 14 55 2615 8500 5181 9303 2672 8128 7919 4477 5678 6623 8833 579 6569 8032 850 1873 2594 3028 3898 30 9219 4843 1479 9106 2500 669 5423 508 5452 8168 4699 4282 1260 9612 5763 28 7830 7416 7551 7805 1629 5135 305 6383
