300
0 5118 1235 1810 1184 8200 7647 6846 6646 1597 8213 4884 9825 3740 2756 3656 1142 4882 5370 6412 3566 9735 7051 6121 733 3233 6366 1478 6276 4658 911 286 8262 4942 8184 5889 2132 5465 6278 9295 1600 5763 6390 5781 8269 8885 1947 9148 5942 6638 3515 6852 7943 3261 442 9201 6657 7512 7216 5362 7404 7667 1616 310 7989 520 4864 8892 5074 5134 7140 8925 4635 191 3602 4795 2280 6831 3204 4136 5957 6781 5086 2717 1594 3505 7281 4238 8093 1206 6318 469 3621 310 3698 172 6530 5389 6287 9927 2797 7733 8160 6804 9714 2398 6468 150 9654 1240 9989 7552 2553 7355 4994 1182 9374 9501 2297 4833 2858 3306 9917 7190 4214 423 7170 3396 3449 5298 9356 8250 2355 5907 5520 2962 5977 5559 8991 8528 3744 2192 4386 1035 9991 8829 5377 3956 3002 6843 7646 5463 3990 2519 5990 2687 6160 9616 6615 7725 414 4537 7098 2581 2633 5112 4554 3037 9275 4701 8171 6312 4274 8035 3722 1008 9936 7757 4780 788 7556 9898 832 177 6642 3894 9015 6229 7710 4099 2256 9342 7445 1848 8418 8379 878 5266 3090 1647 9447 5158 2186 2195 8756 1550 4981 6586 4597 1303 7802 5448 9595 3184 1414 8370 4017 1851 9149 5364 4672 3073 9701 7080 2214 3417 1504 5302 4635 3974 2390 8429 6982 83 6779 8154 9833 8078 8387 6240 6526 7869 9986 6352 9069 265 1077 5521 4174 9793 3120 7509 6707 3193 944 9584 1872 2462 5091 2678 3757 6192 5867 4811 6941 7989 77 895 9539 3413 3657 4183 968 7177 813 1696 9537 179 6709 5434 7078 3049 9340 3610 8985 7104 4002 6874 5732 6069 3466 4666 5925 5144 6858 9643 2178 1118 2506 4712
5118 0 7238 415 5941 9549 7877 6503 2588 5385 7776 3738 9936 4944 5488 8723 5773 1527 284 2321 2387 7714 6913 9403 9025 166 2268 2836 5383 1594 5243 6891 1694 406 2268 7188 3151 1136 8433 3222 8891 6503 1930 919 1624 5142 4860 2800 3147 5577 7591 6158 70 6343 4576 9439 2480 7439 6786 3229 4604 8263 8326 9942 7381 8219 9081 4402 8039 3015 1342 2598 9289 7705 1688 885 7037 103 5708 4849 7417 5903 767 2691 8014 2673 8749 5168 8223 764 5427 1971 1760 3066 868 1596 9674 7970 7804 1241 4139 5394 8009 2841 1681 3377 5387 6683 9700 4335 1453 2030 4019 2924 175 3538 9246 9532 1889 7317 1032 7817 7358 8553 8272 1022 405 6537 3538 1784 6497 7560 9578 9994 8821 5762 3359 2070 2447 7637 166 4006 469 5351 4132 7058 9082 6317 9929 1588 8614 1647 9763 7539 4544 4838 5 645 9727 6789 2124 2330 553 5303 289 3451 6437 5147 1817 1006 7547 7435 2968 8829 1916 974 2889 5349 3317 4298 2042 5141 1690 4457 2275 4403 1475 270 2975 8893 4656 9596 6336 1064 9042 4079 8729 112 8851 2561 3178 6933 5431 4358 9336 7154 8840 3628 4628 7827 3675 9531 9533 5342 7057 1597 5639 1303 4236 81 3897 5297 9846 6213 677 4353 2079 9045 730 215 2213 2997 5967 6898 4411 2618 1269 5790 3427 7085 6976 6755 9879 2219 2069 2413 3860 2430 1276 7198 246 7308 2353 9847 9113 881 5721 2752 9980 1692 5770 7164 6765 6992 1058 1418 9231 3893 6281 9816 1832 2443 7686 8425 3244 3384 7792 1913 5757 5213 3532 637 8905 7264 5455 7994 8992 775 2129 8097 6195 8836 5715 571 8077 7576 3333 4478 8230 2828
1235 7238 0 6170 2656 3497 1812 8205 38 5447 1819 3515 2814 6596 654 1746 4650 6679 4658 5944 5393 3351 8787 4560 8001 9326 5415 4022 2673 2608 7222 1013 8029 1697 5453 8447 430 38 5444 2146 1110 9515 718 5728 3747 5361 4064 8242 3294 6488 6347 1306 4107 2319 2608 8902 9602 7219 2857 3642 1537 9788 8318 9186 8699 2427 4062 8213 9306 8384 2209 8688 4654 4174 1575 671 2914 5389 7617 4067 8251 6130 9020 965 9075 2126 6544 2614 948 8975 6785 2739 4098 3497 7201 6716 4006 4508 2965 8875 8367 536 4413 9490 9435 1121 3547 3009 246 6621 711 1187 8649 1030 797 4216 793 1217 9763 3817 1773 1791 3342 7297 7245 7089 2749 2006 3836 6045 328 3324 2137 2589 6796 368 23 9238 6896 5862 8213 6588 21 4177 5408 6176 5356 3785 3333 1822 8777 2977 7130 9259 6155 1295 5002 9368 66 3871 9667 6988 4533 9617 2522 3430 4670 2659 8831 4827 34 3939 6186 8730 1335 4988 9742 2130 1514 6572 6402 3814 6919 8345 5852 7119 2163 1414 9882 1323 9787 50 3715 618 8979 5458 6098 2873 1947 2687 7007 5017 6599 7566 4716 6161 6534 2814 9676 1007 8629 2161 7742 5404 408 6357 5528 4700 925 9417 7722 4548 6632 2617 7434 7145 7598 7527 3996 716 4472 7765 2066 9038 8202 2479 3259 2046 6414 1833 4184 3473 1264 9629 5193 5674 9296 4463 7537 9960 5493 9994 8505 9495 7057 5959 9454 153 7560 2632 8719 8592 4062 3885 7505 3256 5034 8990 5959 8187 925 1182 3679 1274 7397 889 5319 5309 3929 7307 9177 2315 7573 3807 5802 5594 1655 3362 1213 46 5389 2549 4433 7181 7650 3223 2295 7210 3039 5113
1810 415 6170 0 1399 1574 2498 8285 8831 101 5039 1698 6280 3901 2168 5225 5428 5466 7780 1599 1979 4078 7972 3498 7827 4427 8327 557 1897 1958 5451 8367 6510 6237 8861 2593 5602 9124 8451 5008 3502 6479 7077 935 6524 3389 1658 5573 6187 3370 8169 9210 2164 7772 7619 8739 6960 9450 6867 3942 2127 4148 5870 3064 5544 316 7961 1235 2083 7714 9047 4387 2080 3443 7437 9213 1503 8510 752 5159 963 7059 682 8327 306 6329 9123 1744 386 8852 3083 1263 4269 2235 9209 3673 2824 8752 8155 6612 4710 2818 5081 3870 1413 6030 2100 7584 8414 5857 3889 8600 7142 8333 6155 6467 5643 7010 9223 7751 9520 9881 190 5633 2003 7231 2232 4992 7157 5405 2681 656 4953 3890 2331 4694 8039 4371 5051 3284 5718 2926 2819 3641 4958 2396 7996 7818 6646 1206 6168 4070 3582 3668 4416 2304 8514 4287 598 1450 1247 1279 5980 18 7272 1933 7205 6525 196 327 6972 2300 9257 5025 5684 7965 5509 7515 3467 6344 8740 5388 2388 1663 4340 5203 5888 8087 1209 3274 4762 3895 6576 6751 4791 871 1616 5516 4820 2068 2694 5269 1803 6399 8617 9267 7651 2075 6684 7710 3459 1728 919 9636 9701 4062 2239 8758 9472 9580 3613 3109 9029 8954 7431 2200 226 9628 5648 9522 3891 1550 38 4174 7884 2705 2254 7385 4701 2571 9636 4514 9323 3176 1836 2286 1241 3552 8951 181 98 5141 8242 2943 1111 5849 5519 2858 1902 8888 2189 8702 488 1 8117 4489 4073 9604 6107 3552 2663 6172 60 2785 3334 9514 7091 8802 5204 5668 9935 5626 3276 8564 4202 2118 3152 7573 5495 7871 8255 4504 9818 2553 1665 2188 7754 9221 2061 7535
1184 5941 2656 1399 0 1061 3360 3434 433 1990 2297 4636 8585 4106 9524 4911 1740 6579 100 3687 2695 1537 6278 8175 3428 6798 4986 6147 7244 2558 735 8075 2623 7162 4848 7981 9872 6467 1474 5479 7440 4978 5729 7751 8444 7938 9011 8760 4506 7796 3812 7830 3619 5435 1833 6217 6276 3772 6668 4001 2437 1230 9988 1606 7215 6013 4507 4619 559 6800 9350 4015 5169 1252 4931 9757 3534 2545 9692 5097 3080 3540 5525 8539 186 7271 1035 8806 4229 7096 572 4801 400 4517 5293 122 1184 710 3212 3300 8923 5840 5133 9997 210 8214 9214 6072 1016 8574 7026 2859 8462 2584 4452 2337 1877 6432 9799 6901 6298 2832 8939 6537 735 9620 6917 9571 5156 2752 5372 6671 4768 1749 1351 8732 1538 1171 8820 8610 7914 6550 7035 4254 3141 9170 1269 4299 3929 2233 6363 4465 6955 150 7161 8580 5219 9983 8875 5088 5714 9107 4897 5348 8533 8377 1274 7468 6875 5507 5004 8113 6894 6049 4819 5846 9432 7220 2235 947 606 7133 6230 7978 3171 5967 8807 6535 1705 4072 8669 6016 2567 1650 7550 9699 5294 4284 6395 9722 6653 1267 41 5989 8769 4251 2016 7832 6274 3031 6852 728 5400 8179 3137 4249 3506 8575 1715 4138 4379 7364 7899 2781 9672 3493 1464 1580 1902 1737 7408 8307 6664 2209 3358 493 1109 6520 4296 6002 2600 9859 8470 4105 4669 8701 7052 838 8059 4398 370 5512 3965 3022 1691 3836 405 4774 905 4138 1417 5975 206 4632 3353 5389 5382 4116 7078 7462 5545 2729 6863 445 9126 3896 2683 9746 484 8513 2757 8059 9216 5795 2698 8009 957 8911 750 7403 7887 1260 5029 6482 9573 4367 8972 6958 8280 6205
8200 9549 3497 1574 1061 0 4452 1674 6307 4606 8881 3225 2 2944 8911 1729 9798 3276 6320 4651 9691 6069 1679 9206 1346 5233 7490 5325 9276 6023 4005 9721 4029 8240 8308 972 8626 5509 8521 7446 7713 4132 1012 8072 1462 4979 6559 5616 5194 5 2242 8707 7246 8774 9481 2877 377 7901 3912 7102 4767 8368 8213 3988 5652 1651 4628 2720 6264 8775 4378 3071 4148 8128 23 7895 1654 6920 8170 9322 4107 228 7849 3988 3816 7362 6100 3537 6377 1404 168 2224 528 1089 3073 3396 5108 5678 9890 7186 9677 9442 2757 5120 6949 3836 5948 762 7110 4652 2483 8222 1163 1547 2920 1891 9812 9927 2148 6536 1610 9567 8757 7886 3832 8827 2512 6690 3464 4615 6173 8609 2045 2570 9693 1010 8350 605 5968 9075 1136 7993 1838 9375 6539 8173 5301 4632 6965 1051 9730 7285 7141 5444 3974 6477 7590 7883 7864 8241 4925 7428 2130 2037 5625 7168 7059 6407 6528 5760 4967 3743 8166 322 8108 2317 823 4270 4535 1021 1300 7701 4110 202 1443 8331 3196 1032 849 1366 4119 6868 2434 1977 8102 1716 6365 2490 4701 3914 890 2839 3048 1833 1951 7627 247 992 4897 8916 1395 668 9639 8257 7791 4379 5168 7046 7124 3792 766 3719 8111 8518 6388 7062 3167 55 9749 1567 8855 5911 6736 9627 3869 8492 4506 9441 7901 4118 8345 8053 6215 7728 4001 9229 5207 2167 6792 3496 4509 57 7256 3363 5925 982 3119 8944 286 4579 4715 5352 3640 2075 7396 455 7818 6513 3612 9956 8094 9579 2689 8380 4202 6631 2443 4962 2725 226 8151 1913 9678 9574 1631 159 9009 409 1138 4202 112 6567 7269 7332 5628 5988 4583 9707 7368 8471
7647 7877 1812 2498 3360 4452 0 7588 609 5018 7527 2819 6906 7106 9679 114 5793 965 1681 1358 5054 3119 9114 5910 8309 329 3246 5918 4088 5995 1775 9783 4424 3617 9886 7193 8305 154 8466 4254 7503 7465 4555 5590 1514 7343 1850 6056 5108 9518 8113 6896 8507 5279 5777 2716 7175 9669 2727 6753 7075 1005 8540 3991 299 6484 8346 4739 902 6094 1361 5883 7679 725 1823 1788 2657 2067 9174 2455 90 1832 592 3257 1905 4354 988 1139 2652 6552 1353 3101 715 2067 2004 3474 1138 7402 2602 3098 8221 4267 1221 2649 1434 6833 7899 4383 5233 2942 1360 665 1974 7821 2367 231 3556 5156 3301 7842 3171 1162 8143 6302 4579 3555 7077 4695 4673 845 9229 7070 8389 747 1520 4590 9666 53 4339 2300 5446 6370 8647 4460 999 1409 6914 4617 9196 9793 2807 7100 8647 3673 96 2759 863 4816 5028 3485 502 312 6487 513 2325 5663 2165 8693 1701 6909 2083 431 5675 9158 8747 481 8008 8916 5958 1495 5659 6868 8229 4929 7268 5374 5919 2050 6362 9165 369 4282 1375 8451 8860 2298 463 4916 3954 4788 9025 3138 7241 6878 4489 6695 9528 4597 5453 9916 6792 5545 167 1112 2074 7452 7405 6785 8380 2810 3232 5043 5982 3766 5578 4228 9247 5783 4181 7005 4751 4366 6289 7816 6672 556 6294 536 4490 3264 2505 7460 9252 6400 4752 6952 581 3333 3523 1812 7112 8427 3049 1846 458 9688 2259 9268 831 9361 907 6277 1032 7067 2362 5258 8411 7231 576 254 9944 2850 3539 2004 1465 5431 6628 8912 4349 3270 1385 8380 1534 8513 463 9411 3201 8158 2906 2646 5268 2945 6142 9647 4230 9868 6606 7746 8914 7873
6846 6503 8205 8285 3434 1674 7588 0 7261 9931 7389 6244 1407 5450 2724 253 8606 3432 1977 1287 7443 9753 9105 375 1261 2216 2073 5035 3449 2561 7791 4803 7137 8441 811 6643 2514 2849 4629 1284 8135 9525 7622 8889 4039 9383 4747 8543 6275 3094 4048 2199 6112 2831 9044 5343 565 9783 5440 2431 7546 9722 8205 9307 9690 3990 4719 1373 6866 5569 5403 7962 9813 1837 2350 2722 3444 8617 1705 5418 8249 7564 1490 6916 33 5788 7957 2351 6433 1945 5327 8354 3888 2129 8347 5560 8233 2743 6596 8644 5144 4752 1026 8607 8132 6750 5652 9740 1329 2929 2810 3661 7821 4375 5756 1601 2442 6339 16 8933 2658 1202 7601 6046 7720 6550 2042 8681 5021 6875 3064 6955 6784 4945 2751 7042 8225 6345 9953 9512 1865 3033 4983 755 3167 8146 5824 6880 7558 4757 2301 5027 5256 4230 9993 2309 5143 7141 4196 6009 1545 2175 6557 6002 548 6447 5403 6907 7592 1269 1390 4542 8305 6014 1987 5315 4037 6801 5685 6676 9266 1053 3918 2182 2793 5785 1918 8028 2297 6613 7700 7168 750 2876 9256 7227 8102 4857 3876 2522 468 8162 7151 2926 6870 7539 4464 9860 6199 4670 1741 8365 1326 9976 1185 7824 9814 4371 3606 3682 3501 3200 5544 1799 6719 7774 5026 7853 8262 1937 6106 1831 7918 149 9390 8555 4119 8455 2276 989 1638 2225 1061 6093 2946 9831 484 9051 2109 3395 6263 3370 6569 4874 3097 3798 5880 1526 5110 6973 6740 304 7529 5498 989 6846 8839 6674 852 3302 5647 9226 1423 603 1291 2497 5475 4840 8150 3723 4365 8039 8422 6461 262 2000 1546 988 9797 6151 3650 9317 8342 2723 9785 5183 6583 7179 2433 860
6646 2588 38 8831 433 6307 609 7261 0 7180 5260 4790 7340 2697 7849 4551 7292 4907 2721 481 4802 333 3306 1719 9308 7857 7750 6012 9926 2192 3640 6161 9909 5171 4097 7330 2218 222 4034 3052 3036 1822 5664 996 8920 199 2539 8017 9551 1965 1050 9825 5572 7095 407 736 3529 8387 5654 4970 2091 2770 5803 1287 8847 7905 2491 485 9501 226 3207 8531 2244 2260 3983 2327 2322 5817 40 8453 8795 8213 1756 7187 6529 4171 704 3937 791 5060 785 4629 1196 6231 7915 4428 2063 3445 445 1997 6686 7316 9190 302 1315 339 7941 7123 6612 3168 4969 377 2966 5353 963 8836 5889 1767 7740 3321 9532 5646 7174 6074 9944 2748 6480 3234 6035 7750 3274 4729 725 6773 642 2912 4713 9002 9907 6709 1337 9710 5187 8108 5499 3759 2712 1482 3942 5507 7876 2969 5290 8938 2658 1659 1131 9905 8400 5088 7441 799 7495 8874 2090 8009 8495 6842 5974 5848 6187 7422 8000 6263 6970 2884 2636 4566 4390 1857 2114 6577 8835 3068 4565 1896 5504 358 7846 8548 675 547 8484 7867 6511 4650 3643 3503 9118 9676 4863 4932 296 6587 639 91 1700 9806 7168 9841 4992 9417 9847 7706 682 2163 7360 5717 5459 5558 579 8249 2077 7128 8429 328 6737 7035 8028 2948 8859 1066 7347 5873 181 2570 615 5349 4883 5290 1643 4731 676 8848 7806 3045 8127 2905 4524 7809 1638 8260 5003 1640 9020 2634 10 6210 1338 785 9107 2838 4784 1388 9614 2008 1306 3596 6263 4103 7725 7625 3612 4887 6577 7718 432 3622 2939 6148 7519 4336 2333 5768 5732 9292 9654 3814 9990 2522 8654 6426 8889 5845 7334 3981 4492 1169 7954 2520
1597 5385 5447 101 1990 4606 5018 9931 7180 0 6311 1507 8905 4620 1348 1483 119 499 3145 8473 8778 5340 5846 5643 9357 3548 3918 1956 2965 4887 8266 1812 5947 6672 2476 2332 597 5769 1174 5149 6871 1725 7081 8943 644 1136 2939 4468 479 9288 5237 580 6578 982 4318 3414 1434 6231 3197 4796 4991 5730 9446 6509 5124 3441 7736 1261 3114 9513 7937 8015 5299 773 5650 3903 1426 7518 6949 3490 2792 2819 6359 5246 8100 8777 7703 2152 8580 4012 8927 2532 8838 5191 1990 6173 4595 4516 3601 5901 2450 931 3136 6708 1669 9401 9537 736 3192 4999 5035 8833 9670 9615 4628 364 6127 7803 3039 9980 7194 1745 1581 416 2751 3677 4401 8814 7466 5921 4514 4410 852 1580 6593 8399 2910 5497 3004 351 6930 5025 2482 2032 4869 5180 4056 5663 9061 8470 4258 8285 4079 4548 242 844 4039 3880 9754 4946 2155 1636 640 7103 5112 1033 4316 6122 6284 3305 6015 3820 8327 2257 5687 6837 735 5471 1147 6706 5471 7643 1280 3204 312 4185 1240 5370 2964 9896 3568 9944 1437 1621 3480 576 6804 3420 867 9788 1111 7730 6045 1301 8481 8943 3246 9222 9890 1218 3620 6683 8284 8837 966 5008 6759 3196 9171 8882 7371 8615 2930 8496 1020 9297 732 6174 1894 5883 4463 9086 9956 4844 931 7838 5341 1613 3757 1142 4241 1444 3234 8793 2279 498 5592 2990 535 6885 4658 2610 9509 4436 1122 963 6854 4564 2829 1929 5834 9903 4548 6812 2549 814 625 575 8580 7553 7591 9070 6490 8730 8520 7841 4683 6360 2917 2612 6411 2385 3868 5087 9888 6233 7588 6038 2604 3624 3989 8557 9245 5271 6185 6771 6641 4751 7427 1915
8213 7776 1819 5039 2297 8881 7527 7389 5260 6311 0 3574 3532 2453 8911 6111 9012 6168 9067 1154 2435 5426 7739 5611 1654 9447 2249 8930 7331 8524 5491 7057 3205 9611 6146 9582 1571 8890 1214 8953 1566 3727 5843 9881 7723 6693 5032 6288 2303 2461 2194 7200 8015 5863 8909 8828 2820 1270 6313 8517 2306 3460 6411 6462 9614 9209 2117 7678 7033 4588 1714 2560 8099 5326 6285 4907 3865 4784 5472 4849 5139 7840 9635 7238 1490 8166 4712 656 7551 8122 6079 8957 8268 765 8370 8781 45 4836 5114 7439 9559 2547 103 9588 224 6242 5644 9058 5753 655 6053 1243 7627 7042 5714 6075 5742 2682 8003 8335 7312 4564 5217 5809 840 2890 1945 244 2395 3341 905 5135 6260 1422 5248 769 4271 5931 6111 2328 9695 5558 5928 1488 1212 4296 3059 4794 2681 1911 5322 1440 5089 5881 5487 2332 3074 8247 7471 4139 7106 3823 9328 4870 4525 1335 5128 9760 5681 2468 7221 4384 5506 2994 8978 7323 7921 5783 1836 3811 7512 7929 1563 4793 9113 7961 736 8773 3240 6345 7287 1230 2155 535 2407 4519 4121 566 8524 5491 7672 9270 7222 686 4053 4503 9999 8264 3432 2597 9607 2552 1509 8048 8277 6651 4511 5106 9572 7456 5107 2322 8141 7124 2994 5164 6490 496 7145 5404 5546 2706 76 8267 8719 190 7026 541 5483 9713 2539 633 2726 6884 6104 8589 8229 7664 8025 6925 836 2115 2959 4984 4370 5835 6163 3158 9689 8733 1903 3318 7955 1420 6690 1415 9341 3517 846 7429 4386 6545 5040 2861 1494 4392 9053 3062 3581 8041 9918 9412 9955 9505 518 2160 7660 6019 5614 4583 8437 5438 6606 7663 1169 1823 4074 6843 9107 6382
4884 3738 3515 1698 4636 3225 2819 6244 4790 1507 3574 0 2901 380 1120 5570 9734 208 5107 9205 237 72 3308 5621 8972 9114 6992 6055 4412 7613 5305 5351 7730 3760 7611 2187 9039 6570 3964 9071 5658 9477 3249 3213 7040 4232 9043 1707 726 4469 2604 4859 7663 8921 6912 6833 9422 2186 6853 5506 9626 6946 7150 2613 2091 1291 1224 9336 4575 2620 6186 5763 4687 2179 6713 6134 1137 4095 9325 7898 8993 1284 6486 1949 3199 7299 284 6945 7497 6908 1777 6676 8585 5646 2109 7404 8889 5119 435 9253 79 9073 6344 2552 2191 2289 4526 3069 6878 5465 5350 4226 1033 1855 2511 7175 4261 6980 6755 7667 8349 6103 3749 8763 1802 8949 2680 1030 1904 7226 6071 3572 7232 6858 9746 8496 2186 540 6421 174 5338 992 9725 1442 3076 9701 4573 3639 5855 8974 9770 5985 809 8604 5111 4986 1064 836 4371 9303 7569 1740 5288 5275 3057 999 9922 771 3678 3464 8509 6985 5709 1577 1080 4451 737 2726 1517 7481 5218 2682 3995 6278 6743 7495 9038 2081 6460 6220 2655 1901 8568 4179 5451 1112 29 1596 6796 1832 4254 3678 3424 3534 726 1585 2296 6271 4075 5163 3128 9250 758 8770 7309 7748 7510 8680 4164 2617 6570 9762 7177 3238 3689 4697 2089 3477 880 6705 1213 1578 5785 9828 3437 4217 4203 3280 5880 102 2617 3020 7624 7206 5974 2011 1433 1106 8938 2175 5923 4001 3978 9859 2978 8313 794 8610 4577 6347 231 506 1936 2039 2711 4379 26 3528 2419 4492 3657 5722 107 2077 2502 8048 5727 2721 652 6751 8063 1072 3526 8493 2012 4495 6956 3443 5980 2562 8057 9647 9120 9657 9938 7729 4590 3436 2213 2895
9825 9936 2814 6280 8585 2 6906 1407 7340 8905 3532 2901 0 7162 847 6601 6317 8539 890 6326 2352 2318 5902 8302 2640 5420 9070 8755 619 1857 7573 7469 2469 472 472 5240 3967 4179 9652 1859 4779 88 4534 6374 9854 978 7456 8186 1174 5560 2547 3017 3403 2303 5194 3888 1265 467 1148 1675 4139 9994 2392 5908 5768 7017 7567 5558 7482 9099 8853 4170 7979 3160 6617 9042 8748 8739 5777 7537 9424 7600 8057 5142 803 3446 2713 617 3363 7010 8321 1926 5284 4578 8661 3391 5848 8830 6269 8119 6534 9518 2404 8902 2846 1389 416 8725 8602 4395 6632 5152 7558 7689 9139 3849 8641 5060 9594 592 9328 1555 7686 7847 4822 9841 503 9576 5204 9410 1018 4552 9716 3410 7125 7199 3866 5639 9649 1866 6554 1649 8101 8913 5824 4919 6520 2144 6654 858 7888 5931 5598 1168 1785 8341 7713 8171 1339 6537 3197 4641 1769 153 4155 817 2140 9715 9456 6058 1163 4544 7397 4734 1746 519 9266 8132 7882 1244 776 55 8105 3999 5454 1447 957 2772 7875 6856 2107 7319 6098 5719 1785 7023 8283 7849 3694 8229 3825 8748 1848 8521 7360 7102 10 171 8455 2571 7165 5335 1169 4461 6227 3108 7926 1719 2490 6216 6063 7530 4133 7401 8963 3672 3257 6365 141 8822 2905 2755 614 4050 5380 5887 9038 9827 7808 4726 6809 1742 2673 5079 4576 6351 5109 3925 2408 5396 4248 2667 9189 926 7541 772 3778 9962 7738 9683 6756 2679 5653 7099 9831 2555 6306 7857 3129 5961 890 1423 8299 8651 4709 7504 431 8001 1250 2816 9673 4798 2477 4929 6804 1545 9287 7699 3526 6861 4771 3520 9494 5648 756 8715 2543 9428 5073 2266
3740 4944 6596 3901 4106 2944 7106 5450 2697 4620 2453 380 7162 0 5889 6585 1667 8115 9501 6712 5951 1159 1000 328 5490 1225 8974 308 9443 1364 2910 6672 5903 9853 5848 4692 7181 5057 5638 8823 4292 4483 8945 2583 3441 8740 1216 9328 1415 1265 8315 1519 6676 9690 8898 3639 5056 243 5277 4763 2154 792 1528 7012 7223 9337 3751 406 8891 6338 8025 8404 6375 3548 6587 2685 7113 4897 6877 8385 7272 4501 1632 1994 542 971 5227 2948 3242 3582 3851 7529 6312 1266 2715 1341 8925 6009 5522 2508 4696 2571 9403 5109 2678 9106 7747 426 3931 2991 1147 5537 7273 5115 9873 8664 9329 5079 8827 9958 3903 6178 7277 4421 5669 1424 3090 5662 7058 648 1944 4324 2750 9021 6085 8378 9180 5937 7904 3670 5265 5970 615 3414 7223 6880 5976 1177 5627 6742 1869 1493 6332 4832 9523 3975 1220 7739 4516 1961 5529 2489 8189 1874 5013 6719 7334 8931 1215 5610 7680 2785 4098 1441 8681 1710 8381 8809 1993 706 2514 9569 8951 8210 5896 3183 6181 3995 4027 8231 662 9664 1246 3808 556 5677 7368 6093 3580 1402 302 2592 4845 164 8182 6846 8386 6409 4409 2527 2318 7006 7394 4664 6583 2659 8004 9475 3611 3619 3987 9583 4312 6541 9412 3584 7270 5034 2259 8025 9488 4176 6274 2060 9998 9515 674 6712 2067 9296 8820 2507 8369 5886 3405 8141 3915 1811 5155 491 7929 551 3075 5790 1869 9169 5064 1036 8205 133 8813 8336 2854 4883 2298 8870 7213 3651 6854 7968 6251 4091 8445 8333 5649 4396 8965 3465 9005 5278 3085 3577 3599 4137 3131 6854 8402 1782 1456 6836 958 8642 9121 1458 9761 9800 6389 9914 4569 2677
2756 5488 654 2168 9524 8911 9679 2724 7849 1348 8911 1120 847 5889 0 2720 2912 2119 7143 3409 8681 2222 4380 7779 2817 8661 280 607 4094 5430 551 564 7240 3474 5763 6274 6960 6342 1090 4576 8945 6687 8461 3261 3702 8175 2272 9919 828 2265 9378 7727 2282 1186 7740 6975 9667 8163 9413 5606 5409 2836 2259 7185 2589 8554 7879 2980 7595 3303 9317 5002 9533 2387 2670 2852 3279 8287 1815 9293 5674 8861 5095 1205 8713 7382 481 5016 7981 6625 1803 4944 6799 8498 6619 8327 7249 405 8022 3175 8790 4634 3915 1612 7267 9409 7598 2555 1513 3168 1635 6820 9470 4688 5144 3367 147 3697 5731 3139 1062 8390 7794 3601 7270 3536 5454 9767 7334 7424 3602 2876 3604 3533 3084 8373 3119 6044 2497 38 1335 1579 9645 8179 2494 5750 4005 3722 3393 6168 7200 4991 4046 541 3778 3885 2466 3800 7480 9543 8916 2043 238 890 9005 3886 2849 2375 5682 1206 6273 601 1899 8620 3407 7746 2132 3844 3660 6525 1910 9635 4825 4248 3159 8593 828 8462 9861 3379 6329 220 1632 9008 2919 5492 1533 9390 1469 8252 5097 4249 7759 7072 4192 3176 5697 5184 9556 9955 9164 4306 5327 1798 8004 3410 1930 6062 7677 4620 9761 163 472 8145 9570 9329 6511 750 4384 5304 3817 3579 3851 4169 4686 5304 1896 6112 3357 1625 2204 206 9042 1477 2411 6453 7493 6135 6466 2788 1856 4135 2075 3275 153 7081 1988 27 6728 1420 884 5772 4115 8506 508 3108 5806 5774 4028 1298 4935 504 7129 6854 6084 5071 7513 1657 9046 842 1100 2655 8175 5851 7533 5598 833 4805 3014 931 357 6391 1689 7662 4570 5621 9371 112 8521 8127
3656 8723 1746 5225 4911 1729 114 253 4551 1483 6111 5570 6601 6585 2720 0 2137 2495 4680 6312 7424 1454 8008 7070 7624 2396 8031 779 84 157 7146 6863 8897 2910 3728 6728 720 6373 3056 255 8656 8197 9755 5910 555 6524 6985 5577 393 610 2406 8691 614 8422 6955 633 1029 4365 3339 5326 4012 2479 8318 6773 3908 3933 1318 4568 3070 9627 5864 2964 6503 915 6325 3214 1484 869 5351 5803 1035 9575 4902 7586 5124 5222 817 65 4994 1222 2029 3760 3038 8672 6940 9841 4441 5014 2569 9316 9169 4509 3802 6689 3434 5226 9753 2689 5961 8263 8449 691 6066 1916 9730 4600 9363 2960 8917 3069 1640 3424 178 8598 3664 644 7635 9630 6979 5836 8001 6881 9762 1934 2092 8466 6638 8726 6275 5612 4328 6917 682 9881 1551 4396 2614 5886 1349 2261 8138 2667 1957 1226 5194 8903 798 3785 3401 7557 367 4338 4853 2846 8825 1377 8469 2945 5266 9606 236 6148 448 5264 4231 6494 19 6019 2946 1309 6376 2558 4588 8487 9618 7941 7349 5312 3326 4308 2168 4272 8186 3771 8643 7108 7280 2315 9561 6731 282 1135 5819 209 8910 96 4046 6144 3226 1734 617 4957 4738 8633 1716 1304 103 5006 332 3114 6450 9408 8424 6319 1549 1855 1748 3477 4679 2190 1690 4511 2437 1022 7301 8974 5051 933 7712 9958 9170 2505 5934 3150 5796 1245 9644 5610 1423 5626 9330 8780 4755 1164 2172 7252 5039 4328 1387 4165 2294 2471 9610 2105 8626 7463 3240 5698 9929 6439 4890 5190 5071 59 6750 2196 2170 9160 5488 9190 5060 6205 8888 6247 7883 405 2291 518 3005 5833 2216 9524 2954 3111 1608 4336 6842 5118 6914 22
1142 5773 4650 5428 1740 9798 5793 8606 7292 119 9012 9734 6317 1667 2912 2137 0 4846 6577 1619 9287 5716 4083 3023 1009 7629 3439 9833 2697 2750 3533 9331 9180 4822 9944 8534 5864 4285 6988 7118 8484 1238 4150 3463 5759 7489 5173 8275 3209 0 6109 4735 4735 9990 9836 5019 4241 9233 9519 4822 481 2069 7215 3697 2662 6578 5602 3590 4101 7130 1030 255 9338 283 3994 3803 6955 1866 8528 9453 367 5728 8459 605 8229 5589 4679 9015 8724 9710 4616 1975 1264 6776 3874 2467 1438 3404 5236 1071 3385 5871 4116 812 8388 6058 5997 2169 5671 1768 4559 5429 8826 5276 5408 8815 6790 4789 5075 1685 5260 9641 5997 7637 8202 7818 8895 3276 3151 6342 4502 8310 1447 3576 1017 1146 1670 5115 4966 6038 6231 386 3628 2674 7071 7960 7959 9831 8456 7704 9530 1697 4978 1791 2272 4386 7000 9273 5024 3849 8413 7804 4702 9846 9410 1777 8640 5566 5878 6292 6143 1186 3109 8709 6199 9719 7047 6035 4057 8771 4736 4089 9347 2759 7462 6434 3265 2112 8196 8085 3327 2277 7282 812 1697 5534 146 7792 9461 9265 690 5795 3 9011 7228 8906 5034 8900 5805 1080 768 5209 3707 2006 1202 5556 665 4780 8062 2456 8995 5864 5222 9604 8341 5372 4156 5144 4174 3074 2060 6156 6045 7511 8755 8305 1531 369 322 6287 3834 4147 5967 6838 4769 5013 544 3733 9193 9983 9203 4983 2988 9617 4040 5463 6630 3396 4234 3714 2001 1189 9232 9287 3775 8363 2639 3628 2047 8020 3908 6924 905 6469 7299 6349 244 608 9666 191 6557 7736 4077 6349 1897 5060 4547 8584 7601 803 6439 3687 8714 2145 2995 4682 2357 1925 7774 3090
4882 1527 6679 5466 6579 3276 965 3432 4907 499 6168 208 8539 8115 2119 2495 4846 0 5453 8541 7342 358 8474 4821 28 6639 5287 3260 823 6322 2789 728 8226 1037 9235 4492 8983 4065 2589 625 9473 2672 4825 3778 6466 4613 3948 3287 8105 3945 1856 5024 2577 7344 4879 9562 9922 2897 7082 949 9457 1650 5074 7687 7841 3456 7839 109 3612 6031 6034 586 3686 3668 9925 3776 9186 2961 1883 258 8231 4768 5706 9663 9382 5970 4191 1833 577 7123 6188 8729 1434 5111 1205 8226 9012 559 4102 1525 5490 470 3251 1799 2860 9889 7393 824 9151 2934 1993 9789 7623 45 8773 8264 4390 9728 7986 4632 2684 818 4468 1641 7051 4168 428 2360 1037 9936 1998 7518 6594 3898 1388 8165 2651 8598 5035 6622 3374 1676 23 7163 1552 9889 3183 3484 9638 9066 9545 3614 9474 745 7013 2867 9881 7739 4684 3021 8518 3827 8783 6254 5465 4382 780 2974 3726 4576 2596 6076 8682 7461 8332 8529 5574 8098 4485 3963 3810 3818 2748 903 7192 4593 5013 294 5663 1520 8840 7797 8836 5199 8396 1963 6523 1187 2260 3017 7971 9491 2155 8613 29 943 4836 9762 3759 4933 3801 8889 8129 4487 4004 1093 3365 2563 7807 5847 8574 3175 3680 3105 8980 3224 7569 4286 5658 2459 5033 2518 5635 1455 6715 2646 70 9204 9964 3106 8310 7971 9288 822 18 4638 9657 387 9485 4206 3073 5208 5957 3085 1118 2397 7422 6333 3650 8887 5267 9050 8351 4572 4168 1302 9085 914 4415 3096 9759 2509 1384 2473 7420 8886 3384 471 4656 1234 5319 3243 2783 1924 9552 7799 2283 8578 3661 3256 7361 5394 8791 1644 4511 7774 2737 3921 399 6244
5370 284 4658 7780 100 6320 1681 1977 2721 3145 9067 5107 890 9501 7143 4680 6577 5453 0 861 7957 1870 1225 8104 4980 8521 2089 7353 1451 1675 9960 8166 8326 5130 7897 574 6579 9034 5372 1782 7574 2025 1372 5252 5155 2468 7243 6365 4520 5331 5865 5377 6981 7118 1110 4315 602 647 2151 9141 367 2579 6802 23 7863 5083 7680 9918 5251 845 3743 9116 7878 3608 3873 3554 9966 5130 1901 4605 7076 8626 5813 458 2874 4070 4430 3744 3739 2623 2897 8707 5149 4332 5681 5948 305 7742 6061 3012 5303 7943 6825 715 1438 4338 7148 3744 3502 3883 9724 6685 2098 3590 204 3412 7483 9304 5171 3297 6103 4548 5443 4714 6465 7403 7696 2016 738 2946 9025 1984 7754 8398 7281 9437 1463 9024 4483 2447 8486 4893 5443 2946 5833 1548 4071 2151 9741 8535 6046 4765 2694 3654 9840 6248 1891 8537 8729 1158 360 1658 1431 6971 4823 6287 2002 4699 7985 761 6274 7470 9370 2754 9542 224 1815 1503 3185 4608 2084 2387 1872 9559 8793 7793 8061 3017 1350 4465 7178 1384 3058 5110 7107 6802 2166 9728 6901 9192 1942 3421 7438 2059 6250 3300 4653 37 5781 9116 4523 2706 7396 8707 7126 9795 6885 5173 7340 3712 3772 9834 2144 7464 6616 2228 9554 2310 6358 6592 5644 7973 1206 7378 5887 1655 9218 5989 8743 3645 7225 7960 7107 9827 1713 1386 2348 1787 1184 3111 7913 677 7104 3117 8670 6886 4994 5742 9502 5811 1704 6401 3072 9540 1870 1688 2598 9393 6728 9894 8093 9048 5170 9563 5137 9683 1824 4953 546 8695 3370 4814 8538 6690 9887 1316 7991 2700 4959 3562 498 9729 4697 3172 9030 225 3959 7346 5921 3125
6412 2321 5944 1599 3687 4651 1358 1287 481 8473 1154 9205 6326 6712 3409 6312 1619 8541 861 0 7158 2172 4456 420 3538 607 185 7004 5569 5072 2242 3804 5871 5051 7892 4257 4309 2364 3352 2529 9320 7662 9716 4529 6292 9096 6556 7788 8433 3282 1832 4309 3875 9687 7083 7300 4532 2656 1007 859 2453 9217 5060 2625 6149 2984 4616 3339 7082 9032 1408 5582 5063 6010 9481 633 6041 5797 3114 2732 4534 5136 6880 285 3192 8160 2457 1830 3901 1647 5178 1238 5792 8259 4554 2499 879 40 2688 7844 9534 2557 7617 7928 105 639 9060 6882 1189 3018 7870 3200 1664 5667 1296 6185 2970 4754 972 4387 8492 1526 331 1307 8705 3916 9531 6356 8515 7646 559 7276 6024 1057 6267 773 8886 8681 1202 412 3791 4403 3505 5968 5914 1486 6613 2862 2045 3913 6903 4687 7258 8865 930 4408 52 3484 1517 7185 785 3251 3502 7959 5799 5026 2442 4000 1591 9856 7512 4111 6533 8191 7431 5955 9340 5480 1658 9252 3543 9187 2483 9444 9921 5228 2950 2055 6961 5062 3209 6225 1606 2892 3661 283 2544 9121 5082 9556 7513 883 4640 2532 8603 6313 8054 7180 6245 3346 1885 1775 5952 5892 8497 9672 6309 3896 1204 9617 5072 389 2587 427 4856 8456 9508 7019 3421 5085 7442 1365 7384 7374 207 561 1643 1411 8390 7085 8258 227 8522 8943 319 6113 1317 3441 7645 9991 2837 8666 7217 6586 3762 2846 2008 5993 2215 4707 3566 9852 7542 4328 8258 1324 4697 9088 9708 6518 4446 4268 6333 820 6687 9419 9573 5735 8106 258 8936 4333 8367 8730 8211 3716 1795 1932 8557 8964 6512 5951 5109 174 8959 6783 4608 3276 6092 1534
3566 2387 5393 1979 2695 9691 5054 7443 4802 8778 2435 237 2352 5951 8681 7424 9287 7342 7957 7158 0 3197 7680 9964 3199 592 5342 5013 7888 6260 7237 7672 218 5094 4657 7593 8384 9824 6112 5819 6433 9729 7790 7832 9714 137 2599 5735 7365 2382 4439 7113 2110 1903 7255 5681 2389 3538 6293 8337 577 7564 1451 7309 5400 7070 7820 5965 5017 5239 6637 1934 3308 3993 6476 9676 7708 793 5662 6377 1176 5445 7018 2370 3699 5925 510 8983 2608 6183 3928 3332 4060 9971 6696 3674 5864 4961 1716 4033 4730 8506 6128 732 8252 7138 1270 2381 5403 141 3086 8639 7820 3620 8399 6128 5139 4563 4979 3156 9573 496 5943 1703 459 1917 3906 928 1347 3840 2534 1057 7821 2461 9422 2545 7580 399 4295 8053 1649 2640 7825 6283 8287 7768 6113 3558 939 9327 3352 5621 5399 3421 4785 5539 6812 4270 1864 1509 220 1842 8810 6117 1785 2875 3932 1236 3416 5411 1816 1319 3434 973 5518 4049 2838 1546 7585 417 9498 6597 4062 5554 9705 8021 5201 2982 2434 9691 1729 1101 2944 1226 3060 2519 1738 8779 201 8829 9588 1823 5899 7566 333 3666 9094 8544 376 7661 5476 768 1028 2419 2233 7572 1820 4702 6888 1000 3227 3174 1991 7906 9576 505 7179 3815 433 2320 8893 5596 7125 9467 2508 1294 8251 976 3076 589 352 3860 8894 2697 1766 4788 6221 350 7926 5295 1118 9710 4454 8139 6527 7541 8633 194 7385 8270 9805 7942 261 8487 3890 9007 3916 1988 4641 2551 6385 4389 5093 9864 9087 8532 3409 5155 2647 4491 3793 2825 8658 2248 3362 1531 743 8199 3257 6485 7133 5650 4179 2693 8573 3847 7163 5726 8391 5234
9735 7714 3351 4078 1537 6069 3119 9753 333 5340 5426 72 2318 1159 2222 1454 5716 358 1870 2172 3197 0 445 4963 2611 9202 8720 2045 5426 4826 2943 3935 6368 8118 4806 5543 9634 3727 9441 5706 1811 818 1754 1797 5847 5051 3039 4771 1248 6645 2564 7890 7964 8255 4214 1130 5923 5354 2314 4634 3865 1534 7723 7219 1406 7673 2068 8678 9824 6486 8932 3137 515 473 4555 1394 5010 8940 8173 2626 6851 5182 6443 4324 2883 3457 9764 5014 8020 5200 4625 6352 5171 1746 9714 7166 7128 1784 9287 3514 270 4118 8214 2924 8585 5707 8828 8662 1665 6037 8748 9224 3338 3798 7582 3139 9563 9819 2808 7095 586 7231 623 1142 4093 9455 988 1270 283 9960 8305 67 9017 1073 9804 8231 8465 3869 8702 140 8639 8062 3688 4111 5709 7725 2564 9954 5776 6763 3741 5881 5423 4934 1376 4688 5784 8981 844 3473 20 8907 5884 9740 8396 5211 8395 7060 4583 1233 7112 7674 4426 6996 5511 4323 7153 2368 793 831 6260 9033 8380 8988 3605 7068 3367 2456 6815 9778 1120 6888 3903 5886 7524 6820 2478 4955 1247 6230 4574 1228 9696 7334 7670 9824 4635 3344 6943 6673 9304 2244 271 8395 8271 4243 4062 4837 2214 2948 4550 2432 7353 1924 3539 6218 5415 799 3622 5065 7945 4277 4962 8467 6371 4780 9767 9636 5993 8288 3912 9765 7379 5036 6437 2942 6288 6498 3719 6152 2556 7773 5300 7315 6301 1647 8817 7709 3251 9644 437 6787 3751 6307 2742 3692 1191 859 2535 6868 8374 3419 4790 8929 61 4836 3873 4357 7093 9710 5063 6081 4965 6734 8876 8320 171 5907 9225 2038 5898 1748 1980 6564 5421 6571 81 1757 6963 8326
7051 6913 8787 7972 6278 1679 9114 9105 3306 5846 7739 3308 5902 1000 4380 8008 4083 8474 1225 4456 7680 445 0 7047 7397 2974 9494 7565 3310 5959 8923 7679 8017 8716 7655 3107 6152 4736 7653 1111 9448 841 2238 9252 4028 9939 7051 7713 3054 9454 9580 8111 92 4924 9379 9792 509 3489 4205 9353 4043 8125 9122 1364 278 4910 8448 2363 5475 1277 9640 9526 6908 4793 1536 2876 4861 3979 7267 7254 6173 4901 9268 8763 7473 8451 1236 2110 7451 688 4582 8368 7827 1857 9323 4465 1280 3675 4087 3378 8380 5997 6274 5257 7356 7427 4003 5552 1328 9642 9319 3161 6864 1910 5205 518 9613 2485 5805 8740 7449 8294 6283 7705 586 7762 3712 4580 4782 7623 9850 3649 4733 6391 2715 1503 9171 1275 7891 5002 1661 8172 7287 7798 3839 5378 5226 706 6015 5226 3364 8985 7480 7306 9197 606 9515 2687 8207 5485 473 5220 4343 1410 145 2618 160 5065 1162 2877 7496 2612 2650 3819 1104 6935 8500 8629 7000 9114 9863 7438 7044 386 770 6597 9122 7834 1421 3595 9814 2819 3094 6193 9467 3056 465 4990 7218 7456 4879 9881 5747 1867 9533 7925 3503 4841 7509 9117 4437 6632 5154 8792 4930 3583 5468 4674 1763 487 8524 3132 5212 1527 6806 4092 5102 741 2906 353 1371 6999 3034 2635 959 7409 372 6190 9155 4928 3121 9483 6592 1434 1771 1337 2781 6333 2643 1546 6879 4489 9114 9124 2323 9383 2776 1449 9989 7344 269 2194 5997 8381 4126 8415 1601 7606 7502 7740 8963 6376 2911 684 9987 9689 5852 430 6522 8401 4884 4640 8103 4869 1553 9813 5935 9302 656 1899 4151 9872 5734 3446 404 7009 4675 902 1423 4287
6121 9403 4560 3498 8175 9206 5910 375 1719 5643 5611 5621 8302 328 7779 7070 3023 4821 8104 420 9964 4963 7047 0 6856 1298 4577 2203 1233 6266 2739 3585 3052 4716 4770 2913 311 1537 6822 5099 7788 3257 8642 9952 4837 8027 140 6657 4580 105 8260 1855 4705 390 2478 5507 4446 4999 2205 5813 2391 1797 185 6767 2025 4540 7548 9678 5167 940 815 9303 4460 604 189 2389 8864 2554 940 1545 5223 4005 5170 2967 7666 8228 55 2426 2394 1910 7809 9321 8730 4652 5296 9756 5815 7048 110 6621 528 7546 4802 6579 870 2734 9067 5717 1854 7904 8744 459 7894 9582 4519 3717 4935 7886 2868 7901 5856 5306 73 2751 8225 7747 4242 1072 6692 4206 8697 1772 7897 7269 5385 9261 8968 1015 1822 2898 3295 6 8734 5771 4390 8479 6870 2861 6267 7901 9692 8275 9790 2639 3899 3067 1360 8618 7615 6259 5876 1230 4760 8047 5139 5020 5214 4734 4700 8827 1015 1251 2521 4364 4549 9949 6602 7762 4790 3821 6095 2435 8955 2428 7847 5934 9812 9769 607 773 4671 7230 715 8014 476 2024 6399 2655 5120 5200 6688 8012 1135 9516 6943 4031 4792 7413 3815 2594 9284 9474 8328 1628 2751 7386 7530 4041 6482 1808 5992 7068 1674 1654 9602 6136 9410 3322 8484 502 1058 433 844 7053 8138 7212 8061 5725 4380 866 3839 9244 3251 7339 6250 1866 4296 4137 9594 2639 7082 5158 7758 8059 8048 3305 7540 6823 2426 8391 2297 7914 8292 7224 6530 5968 6565 199 189 6151 1199 3829 9941 1108 6739 1564 1887 7849 1450 4124 2541 6002 395 9713 2773 4606 1640 8097 5621 7600 5884 7497 667 4418 367 1935 9738 4263 2450 8776
733 9025 8001 7827 3428 1346 8309 1261 9308 9357 1654 8972 2640 5490 2817 7624 1009 28 4980 3538 3199 2611 7397 6856 0 5779 9690 8139 8238 7795 7332 8694 8150 3798 6435 9650 1825 7003 7128 1862 9923 9271 2232 7133 6014 5803 5165 1057 5926 2524 1486 6577 5679 7991 2717 7152 2876 1486 524 9390 3531 3724 7954 6666 3862 1562 6708 3334 4821 9849 3829 1683 1194 2165 9069 9194 4124 9769 9637 3250 843 707 6093 7724 389 1534 2634 522 7725 3799 3175 8862 8270 1801 3749 3872 7349 4582 9289 7684 267 7481 5157 8375 1129 7854 1121 5131 1254 2135 5635 9943 6356 5386 2793 9608 2966 5716 1324 3612 8277 6920 3319 2370 5422 2324 3678 7138 6041 1100 3880 6605 4878 3880 573 8072 1980 3272 9914 4305 5775 910 198 8315 9267 8706 1561 6463 2534 1357 7547 236 6571 1327 4292 2759 4059 5333 899 1538 8135 2959 3353 2800 2679 7265 8981 7685 5004 8716 6123 7404 1762 9803 2974 2446 1644 3878 8086 7772 4444 3774 3913 4044 8350 366 5430 4096 1043 6902 413 5031 9622 6659 7366 9213 123 6898 3485 7609 7868 1093 9706 5401 5329 7916 3917 2195 8953 4508 863 599 3957 3747 8972 1015 5924 3812 8224 9534 9015 1325 2138 6395 2021 7063 5359 9729 5745 8103 8074 8029 606 7372 1096 2857 9601 4147 9510 2849 7934 1276 5347 8142 7242 3748 6051 852 7890 7234 7158 5473 7158 5919 2253 4471 6315 190 9459 9423 4807 2279 6624 6896 7055 7118 7282 9582 2758 901 6377 7173 3398 2668 4446 3102 3270 8212 4398 2785 6363 644 7156 2974 957 2283 4236 2594 2520 621 751 4851 7613 3691 8994 6479 7581 1747 6805 6264
3233 166 9326 4427 6798 5233 329 2216 7857 3548 9447 9114 5420 1225 8661 2396 7629 6639 8521 607 592 9202 2974 1298 5779 0 2907 7749 611 3455 6518 6487 5525 5410 7328 7262 5957 9836 506 3224 263 5512 5398 3762 1996 9862 4010 1378 9069 8653 8634 5683 6862 1872 5242 714 5024 6354 1795 4085 9619 7868 2832 157 8624 8623 1947 10000 784 735 1176 1057 6304 9539 7877 3353 9631 9791 3333 8478 1637 2684 7808 9078 9655 276 6647 6741 2773 6100 4452 5987 5358 866 7070 4869 3338 1583 5105 587 7552 3604 9153 9904 5129 4917 3211 8188 6402 9744 2686 2349 1289 8831 5160 1349 307 8131 8003 9647 1504 600 1334 2760 2027 8673 6394 2200 198 2484 9490 7643 3276 7179 4148 6935 5585 2551 6877 7478 3667 2552 8876 6486 8100 5507 3998 7039 8452 6748 1545 2341 4936 6801 4931 6239 5435 7542 1273 3938 5987 6870 4361 8270 4809 2293 2810 6167 7134 3262 1896 9829 6608 4208 225 3747 8179 6315 6200 6714 5371 2965 9120 75 3079 400 1294 4897 434 6483 2612 9467 9088 5726 6554 5244 8505 9250 9085 764 2604 8969 4864 5503 5115 6034 7252 9139 2553 3917 1384 5414 4237 3109 964 774 4536 1146 7366 1474 1578 5178 8348 9919 9683 5892 825 970 626 3215 103 7933 212 2951 5981 2964 4806 4430 8620 9663 2185 8118 9094 9806 1950 2763 8516 9402 7569 8692 7701 4457 2222 8217 1801 8716 4239 7790 5975 8919 19 9008 5107 972 3020 423 8031 6296 3713 5988 7822 979 1435 3031 8570 3879 4377 6906 5216 4427 5949 4953 8265 5212 8009 9118 7140 9121 6127 30 7957 6080 9269 5007 1376 349 8721 5309 7082 2370
6366 2268 5415 8327 4986 7490 3246 2073 7750 3918 2249 6992 9070 8974 280 8031 3439 5287 2089 185 5342 8720 9494 4577 9690 2907 0 8857 4062 7725 2923 4499 3686 4469 4677 5740 588 7994 824 1314 4676 6347 4188 1582 1964 5964 9124 373 4638 846 3008 6840 9765 9945 6008 6375 8775 3527 9661 8349 3948 3959 2370 5239 4199 9439 6217 6755 8792 8225 4109 8635 1297 7468 5164 2880 5732 8232 3777 8522 2423 5141 1785 4704 2958 7441 3849 3309 8188 4997 8194 3163 3528 4271 9471 8997 5471 6940 6686 2156 8074 8309 5582 3454 5645 2174 3412 8039 8543 1237 4627 1682 9546 9114 4511 8547 2394 8878 9103 3685 8653 8585 8615 9277 3748 3139 5373 4590 3673 2766 8463 230 2746 1505 849 483 5023 2903 1328 644 9682 1431 2303 9506 7297 7955 8484 1973 873 6630 3670 3990 3527 2562 3794 6703 9228 1932 2137 8159 8645 3700 5300 5026 4246 2306 9785 3788 5038 9409 1898 2725 9713 1234 475 1770 3200 2988 9673 3691 2538 5554 1434 1475 5415 3388 4104 9021 8371 8624 3851 7741 6826 7664 5780 4375 7854 9323 8397 3298 6714 2180 1195 1687 3864 1190 8672 1788 606 6501 4239 6401 240 4402 2059 4820 6998 4953 6295 5642 5220 419 9116 1691 7316 4613 9197 1090 2281 1555 2580 8597 1437 2255 7882 4316 1689 794 4300 3587 713 9119 5918 3897 7672 243 7454 5640 5714 5369 3104 6183 4494 8921 9836 1155 1914 4110 752 2312 3017 6560 4273 7572 3092 9390 2472 3908 3212 9154 5905 5517 9424 9192 1290 1827 1065 3066 2960 7769 3711 9736 6426 1210 721 3805 5460 9768 5684 9843 9 2199 5558 6598 9112 4837 8576 2930 4202 4723
