250
0 7491 7896 186 5700 7424 2124 5503 5691 140 8262 4935 9569 3943 1225 5272 6276 770 7607 9927 8312 9853 4796 1693 6020 4063 4345 7033 8080 6945 3512 7484 9743 7387 8294 1545 8325 689 9397 9868 9839 3518 6513 5633 6046 1666 8575 4740 460 9210 2948 1735 9458 4487 1872 3643 3992 9664 4423 9833 3127 5647 4467 8078 3572 8959 245 4379 214 7550 42 4290 6109 5765 3735 3350 8166 5159 1632 6998 6939 8449 3767 4150 6094 4774 394 1066 8822 1284 4100 111 7129 1677 4633 8729 3215 6001 6520 6144 664 338 519 2585 3323 308 8626 235 4613 7988 5871 1664 645 8341 5580 8618 1568 8980 3570 9252 1335 8850 1062 5193 6311 575 644 2576 4176 7287 9799 7005 5946 2379 3361 3199 3216 2691 8293 4458 4888 2360 4647 2159 3495 6550 7845 1616 1976 7388 200 1240 8005 7947 1405 4824 7546 1766 4865 8122 7538 7202 2035 8167 3303 5608 9662 3434 407 7734 1079 3973 6761 2371 9564 6223 592 5658 5264 4313 5609 7081 28 9762 3946 6158 6987 5049 2261 1477 4395 7990 6008 6310 640 4690 5980 5915 2112 1410 9209 9926 9825 1245 9876 9429 7570 3427 376 481 343 894 9419 9583 1354 969 9941 1237 7744 468 4417 7527 3124 9032 8370 9634 2195 8386 4102 9072 3462 3182 5243 8298 8718 2099 9466 2044 9292 3209 9219 3497 1662 631 1952 5784 9350 8987 5719 5317
7491 0 7352 9827 5740 2017 2217 8828 6539 2633 3575 8499 1730 2694 2453 9139 2012 2388 245 5997 1378 5959 6774 6695 3991 7320 4728 7538 3283 387 9111 8503 2834 1538 5439 474 8150 3990 8914 7085 1440 3380 1823 4267 6175 6555 5863 7926 492 6254 205 8135 5903 5965 7228 6067 2876 2180 4695 1800 7691 5239 7833 9694 3686 9425 2033 7762 5237 3262 921 5104 5025 9184 8728 9691 8497 1044 4283 8526 7474 3803 5786 4120 4730 2347 2578 5989 6372 1046 9825 7981 9916 8588 8705 8846 3551 3724 7318 7486 18 2936 8788 1720 2219 7632 5416 3800 8245 3858 5212 1580 6874 4865 4025 4387 1341 2498 2418 621 7205 2978 5817 8227 6345 9132 784 64 6346 2793 1306 9885 6673 3861 7785 4497 8211 9332 9733 5482 1772 9668 4838 2345 2203 9349 13 1242 785 4399 6845 4556 2502 3708 4654 2687 9939 8849 4867 8395 7702 1596 6677 4508 4978 8491 1113 2979 5697 6543 7231 7297 8921 5341 8577 6178 4727 7566 6783 2102 9919 5398 8908 2422 1649 3088 163 2769 9446 7407 6038 4861 7718 1197 7721 1407 1239 2604 497 1396 6107 655 4599 4276 2161 3710 8216 2860 5575 1792 4789 5790 2446 7864 8974 8152 7702 5395 2450 2429 9821 3481 9466 3429 8431 3616 5712 1775 9210 6147 3718 3047 8202 5766 3156 6808 6983 2765 9147 9036 8606 4597 637 1336 7840 6841 3610 2076 6768 9191
7896 7352 0 7287 7749 3566 5951 4206 3426 8549 6143 2745 2967 8851 3738 8986 8432 3474 1234 5657 2293 9734 9976 6997 3915 4963 8265 4320 8403 9019 4466 6682 6144 5847 2947 5370 1437 3113 5996 4752 9613 9016 8952 5376 8407 4283 7695 7840 15 8046 1416 4652 2845 9613 9059 5202 4405 238 5789 8414 3932 8424 272 6407 5387 8000 8070 8182 3050 3487 6295 3184 5894 183 2080 6490 3429 1791 5563 7381 23 7466 1713 454 3228 1421 1975 5316 1634 9995 906 1859 8489 6661 977 6458 5615 2042 42 5167 2680 7486 6228 2613 1164 5321 4060 193 5000 6472 124 8469 2516 287 4103 6362 29 3849 8055 4601 3070 6498 3717 5323 3977 9928 4290 5872 2591 7867 4315 4219 1118 6824 6363 4963 1862 1495 9817 386 9853 6321 8608 4954 1498 2923 8202 3609 6777 6618 7237 5028 4774 4062 833 6542 3839 1044 9883 7933 8582 2990 9857 2398 9679 9038 7301 3346 4631 3426 3291 3892 2121 5302 9144 6261 7885 113 7599 7520 1759 4363 2616 159 2508 9065 1855 7316 612 2811 6864 6001 9701 4206 4144 5617 7058 5642 5538 1999 7343 1878 6405 5042 3032 317 2694 3942 6113 6421 2755 4827 9658 61 1938 9896 3062 1502 2046 1116 641 1444 3244 288 9900 1699 4686 1685 541 3021 5586 7756 2062 973 3814 4406 2022 4292 7671 294 9907 4383 7844 496 3785 5496 5276 4450 7349 8565
186 9827 7287 0 66 8188 4119 8296 1012 1710 6821 8608 5842 4056 6609 8375 5378 6803 973 1737 6484 6299 2987 8351 9969 4205 2130 8044 8648 4934 8159 9012 2329 4528 2161 1403 8839 6953 3113 6376 3094 4000 3191 2127 5481 6563 7767 3906 7428 3167 8493 4711 3800 535 596 3529 8619 1639 5377 9208 933 149 478 8747 9088 59 2266 6316 1508 1075 5375 3792 7765 995 3349 9844 3602 7495 9330 87 7807 9902 8158 329 6285 9893 9131 3823 8140 412 5194 4255 9302 2518 3057 560 3310 5020 1037 2078 5401 4540 2586 2954 6755 4171 273 1385 7095 7847 5711 6347 7365 7496 2636 8399 7608 7842 847 2841 2895 9850 2242 7187 3528 3333 7582 1049 4159 3070 6986 5236 480 6121 953 2667 405 3728 3928 5194 8078 1851 8774 4230 5281 1765 2930 751 1261 4507 4617 4402 6878 556 237 2170 7500 5191 2840 8290 7230 1941 9318 9917 9883 80 4469 831 8011 3334 8532 4685 6416 1935 1465 9319 1667 3205 8552 4553 8883 9824 757 2987 4006 3288 3062 9031 1032 1891 6255 8348 1223 4108 8258 1036 6793 5884 1944 8692 3148 874 458 225 1665 1935 5827 8531 4733 3872 5792 265 4487 5971 5898 551 6577 6525 3113 5220 410 5228 2781 9766 2977 9505 2267 5495 5491 5185 968 5117 7693 9179 7726 3831 4289 4703 6203 5872 585 2522 7063 887 1534 6835 4342 7559 6082 2348
5700 5740 7749 66 0 7521 4853 2913 754 4179 878 5971 8016 6438 9746 1527 6874 1232 885 9617 1686 7783 6747 8012 7378 2513 7185 3016 2607 4177 2223 8878 7791 5998 7187 7777 5291 8099 1307 182 716 5037 5239 1406 7890 549 2298 9686 3830 9821 5035 6379 9063 9621 5073 2640 4149 8598 5825 8004 3142 9503 2301 1482 6116 3437 4967 630 2434 5082 3254 8606 4884 1695 5837 181 6145 664 1435 6030 1199 930 1398 6539 1472 7851 5937 3309 1830 8743 7516 2336 3098 9383 8925 7902 5176 9408 3082 7955 6953 3202 2993 8691 6354 3524 8993 7872 4971 3876 7160 4423 6547 9289 6642 1724 9781 8187 1013 5418 1879 7938 6692 3403 7818 5504 4212 2559 4808 2247 9337 7563 4706 2660 4700 3309 425 6119 692 2833 3790 7531 283 4807 543 8555 7994 6799 1180 6791 7676 8386 6183 3465 1549 546 8948 6134 6244 4384 1584 9419 880 3089 2125 8178 1600 4625 7132 4383 2441 574 3167 8731 7559 9265 9949 467 6843 6445 7234 2400 3509 7034 9288 6119 1108 2081 8007 7726 2751 8307 3943 1911 9130 1865 8729 9158 2979 956 8250 5393 1184 1049 648 473 7371 4425 4849 1638 6746 2707 1063 2579 1421 9796 9782 6076 5233 5259 815 2320 812 289 7713 3229 1666 4897 8451 6403 9964 1678 2203 4672 6292 1812 2663 1572 94 4003 7932 2363 7793 9709 4411 5072 4330 5157 9095 9277
7424 2017 3566 8188 7521 0 2652 8891 2403 3339 6381 4915 4260 5977 1492 2709 6120 8226 165 7238 1823 3919 1744 7874 2548 9239 901 3100 3281 450 3891 3467 5270 5768 9843 8842 3546 5255 239 3659 5347 8131 601 296 8175 4869 1095 2013 4655 3076 289 989 494 7221 6216 1200 3919 5927 7821 2272 5193 6646 8407 2722 3136 9565 5931 3768 8271 4867 6473 1232 2298 8243 5675 2833 2390 2877 6452 5193 2955 529 5895 2343 6059 7013 9681 8193 4003 1596 1288 1288 4449 991 4319 2413 6952 9225 6220 5565 8971 9611 6397 6648 9901 2774 6965 4997 4762 7824 5809 3759 7313 2033 9899 8515 224 5048 3626 6960 1095 6765 5808 7208 3687 4654 6161 2941 5337 2010 1805 7421 5339 5983 9327 5234 3888 3963 5735 3947 9845 3741 9682 8550 1090 4117 4300 2755 6589 8236 3033 469 180 3239 8392 1267 5105 5299 2136 3682 9741 8432 1208 157 812 4272 1197 3246 8893 4574 4684 6029 5677 7231 9402 245 1818 8712 7088 5392 8989 8256 7091 8388 6132 6709 2259 3300 1159 8358 3502 47 2035 6717 6872 6034 9652 9624 360 3749 5573 6715 2885 4333 76 6672 1843 4403 6355 1115 1121 288 2972 3793 2817 9043 4793 6380 8070 1233 2967 9374 3807 6860 2926 2276 4772 5382 6583 1019 8630 2049 4872 6358 9315 4200 3003 4079 9465 4483 9037 7784 8339 6180 4390 8123 706 42 9158 8255
2124 2217 5951 4119 4853 2652 0 3866 9953 3712 1612 4820 8467 5164 1964 4463 6197 1947 345 135 9332 5842 8393 8569 6168 6195 5543 5203 1261 9915 8870 7738 7055 8591 1402 4879 8014 8325 8443 6828 3029 9809 1078 2810 7961 5615 6907 9855 6477 2190 2718 712 6864 9669 7561 1574 8038 3589 5344 7335 6731 2399 9881 2746 880 8639 4543 6904 9579 4667 6745 6730 2667 319 3810 9018 3386 9308 3893 9142 7071 9871 4092 3720 5777 3369 5040 8666 2708 5026 8008 624 8336 797 1494 2148 1635 4729 6540 9122 4982 6166 3786 1543 267 8784 7342 726 2589 6766 2295 9147 5760 2508 9620 2226 7851 3884 7126 4702 4116 9484 1 2430 4277 3014 7214 1391 4674 6165 9635 6569 5749 5376 8755 8378 3087 1700 7769 8762 610 181 7638 2470 2284 7206 522 5066 5238 8052 5337 3063 1150 6238 6788 8123 9848 117 3969 9066 7049 6615 8395 8891 4892 4911 8222 7174 1750 2331 2028 1876 6363 9364 1346 5249 5165 1338 5610 9004 4940 7414 2833 7247 9557 3078 3368 9951 4801 4354 9419 7408 5672 9801 5203 7438 6744 3781 6167 5888 710 8 7172 3796 4404 5627 3977 6754 3207 8971 846 6082 1867 379 4204 4020 4757 9583 730 7891 3366 8817 8508 9776 9738 9101 4574 4042 8377 6213 6219 5873 2139 8149 2333 8327 2390 4467 2281 2507 9093 9968 912 6635 7706 3263 2225 6018 1520 9724
5503 8828 4206 8296 2913 8891 3866 0 6708 8430 9479 4078 1979 1089 5328 1128 7204 5897 5608 6907 9718 7261 4034 2564 5282 3006 1080 5294 2137 3995 3748 6144 1845 4399 7650 8273 4867 552 4625 345 1859 9626 4804 4343 1050 6643 2262 6028 119 6331 3163 6713 2040 6475 3420 1343 7711 9427 3626 3550 4654 5384 7827 2897 5903 7452 7406 4948 2670 4905 7459 7792 4131 216 4710 8958 4959 3602 2114 6570 5358 6943 5340 1240 781 3973 8336 5143 3018 7952 853 2900 6270 5006 9653 8080 8378 3970 8210 252 3268 5286 189 1791 3926 4912 551 3288 4419 8773 9399 1098 4579 616 4480 9418 7492 3073 9117 5609 3514 8764 3127 7718 6766 2269 9898 9012 1705 2444 3496 4882 9163 9534 7006 7092 2478 1232 9860 8417 4517 8895 114 5873 5964 4564 2747 7336 6618 5545 3078 9657 9652 8476 635 9255 835 3797 1286 626 6318 947 1366 7672 957 1289 5706 3317 2867 4212 5840 7179 8036 6678 7228 2188 6896 2648 8041 5401 9409 8570 7773 192 5594 6512 9854 9237 9006 3392 2915 55 9524 9715 9469 7774 9187 9016 6684 4151 4890 4974 4085 5153 4604 8143 4348 1669 9603 2549 7887 3704 4891 9836 3096 3900 441 6123 7067 7186 3691 1400 5414 871 9906 7989 9930 7650 3048 4853 1789 1418 4102 825 7283 3316 8465 8608 5011 8785 86 3331 1422 5638 4332 781 2319 5933 8792 307
5691 6539 3426 1012 754 2403 9953 6708 0 8400 7662 6163 4227 2793 5325 3940 1847 457 6693 7648 8788 3275 5309 8549 5477 9384 2357 5521 7475 6294 3782 3488 8506 1428 127 1526 4872 6235 676 3795 9599 496 6062 1365 2240 6738 1579 7447 7975 4117 7649 1866 6500 9839 8914 2700 211 2363 8842 9031 7145 183 2068 6870 5221 8111 9412 1335 1913 4949 112 1097 8936 6008 6308 3442 2393 5670 2896 2426 8974 8228 1519 1537 8021 1348 3790 6978 1534 9465 1981 6993 6452 9896 8258 3621 9854 9018 5070 1492 4855 2523 4637 7223 3893 4731 8227 7503 2941 5285 4592 1481 11 436 7973 600 4326 2391 2559 713 4064 8675 509 3814 1570 7868 7663 570 1862 116 3341 6521 9388 3035 4985 3616 9762 9049 9494 2437 5179 92 1006 3247 9117 323 5559 4727 8601 448 8754 9306 3836 7176 1762 1333 7185 6531 3898 7224 8117 6469 251 1816 1308 4626 129 3022 7853 5127 6360 8459 7280 1167 1060 3694 2171 9554 8804 6144 842 1676 1103 7008 9186 9180 8933 8560 8741 1554 7830 123 6179 7104 4542 2603 7827 4685 5149 5802 417 661 4583 213 9340 4968 4964 6580 75 3874 4396 5632 9510 3201 2714 7675 5079 9905 3957 5522 6926 8070 8711 6305 8818 8934 9083 2350 9357 628 1854 4118 605 8213 8266 7584 1048 7436 558 34 9644 5 1123 9643 178 5493 4121 9119 5366 7149
140 2633 8549 1710 4179 3339 3712 8430 8400 0 8073 9298 3717 5456 6383 4958 915 9581 2047 6192 5677 9167 2404 7079 6666 9096 2301 7327 9372 9814 4616 8681 5008 5757 5345 3482 3079 725 3995 7294 3540 8671 5874 9976 6338 3527 6725 9454 5503 4881 8940 4004 8000 7770 5360 8388 311 389 5950 6092 5843 3995 2508 1127 1774 7582 8313 2856 7296 7888 2117 5159 2298 8493 1505 6827 9863 7208 7816 3290 1040 6460 7618 6673 2875 1841 4164 2737 8901 6338 9915 2774 398 7289 7750 6752 8987 5249 2566 3197 2934 2566 7722 8093 6865 9566 909 5006 4311 7814 2886 4496 2153 6634 3278 8514 548 8222 4066 554 5222 6012 9668 5807 5787 8193 5131 9712 4992 8925 1170 7180 4188 2206 214 5883 4085 4174 4757 8723 2232 5752 7380 2429 3127 850 1419 1285 1869 2686 3177 2916 8543 7371 4829 4715 2158 758 137 6945 6872 5906 7167 1928 6118 5926 8077 3843 872 373 2147 18 3175 4664 8830 5297 7132 3489 4117 5732 1603 1424 6795 7237 7520 6946 8769 4481 5723 5408 2206 2332 3656 2613 7061 7663 5067 4580 635 2266 3784 426 7447 1198 4069 4965 9869 6117 2167 9919 8448 3928 8123 6402 6153 1867 284 7979 944 2167 5161 5679 5181 4580 711 9982 7893 1456 3765 9126 9916 6120 7683 7152 8069 1273 8964 8645 6690 7225 870 5711 1908 6712 9257 5070 1504 1751 5527 227
8262 3575 6143 6821 878 6381 1612 9479 7662 8073 0 5683 5846 4748 5148 3655 462 9472 8876 1992 4104 8298 4923 42 3791 2678 6750 7498 3942 3276 3476 9936 6866 2458 4758 6690 6627 1548 9174 8719 7971 4988 4063 6306 5230 3903 3029 2818 8166 4536 1053 6874 1251 2408 5588 1576 5588 753 1409 8365 6369 6001 2039 3323 1138 8873 9073 8828 4047 6789 6328 4506 5111 3895 7175 2382 2880 9955 4665 8207 1533 8217 8348 4538 1816 9362 3723 854 3310 7500 2999 6160 7822 5346 7633 7640 4639 4901 9854 7464 8436 9496 535 4435 9315 8936 1898 948 7768 5505 2115 381 1662 5201 4720 233 908 2860 5797 8191 1733 9297 3255 7132 4312 2816 6271 640 7454 3812 1641 5713 2768 2592 9 4354 6780 1631 4685 5595 8836 6474 7463 8950 7399 4814 1972 4286 4089 8625 6595 7346 5307 44 5401 9797 9809 6701 56 8227 5773 2317 2447 5832 1589 6097 73 7171 9807 1841 2798 2971 3283 1569 6272 6698 1652 4989 5284 5199 8965 759 9515 1519 3815 7539 5450 7148 9715 7520 7986 2204 2244 9826 996 8154 2600 8056 3437 4173 6246 7256 9557 1239 8337 6103 304 9208 3929 6916 4219 1477 1224 4136 1732 3301 8475 437 1567 1866 2025 6818 8069 5204 6813 5827 756 2680 7697 9515 4028 1465 6712 4116 4859 1259 4909 1609 6382 6846 5915 4248 7706 6538 9645 6445 4866 282 3478 5713
4935 8499 2745 8608 5971 4915 4820 4078 6163 9298 5683 0 9743 6409 6032 8716 9590 5688 7751 6644 5604 5771 7679 3789 1603 3543 885 9092 7041 3798 6857 8803 1013 6749 8331 7862 7930 479 9576 8636 285 2228 3573 6695 179 2497 4367 8088 6290 1257 2570 6174 1584 5251 4975 3409 7505 1789 1459 1024 8649 5330 5861 1472 5560 8333 1482 2917 3812 8657 3198 8782 5172 8410 2255 2353 5303 3071 6131 4602 5912 3306 8492 4068 5477 4565 8985 2793 4451 7753 1338 9150 2700 5418 4498 7176 1026 1001 2083 6613 3407 523 581 9282 4205 4836 727 2697 3460 9093 391 8881 2478 692 929 5953 7429 4145 6379 6233 3376 7590 8188 8223 7785 2794 5396 1262 9077 2935 4445 4897 6441 6616 409 5372 92 3705 8843 5757 8569 6270 8156 4696 7575 8672 3569 7461 4565 6223 5795 6456 6921 7655 413 2073 5606 9277 5000 4458 6913 1330 7568 317 5922 4586 7083 6605 8372 1361 1591 2115 3735 3803 9332 7353 5677 3793 505 8562 7157 6680 7647 1362 1479 6928 9490 3361 9490 2458 8228 4085 1074 7694 9211 4364 5115 530 8031 4950 1643 9382 7516 1737 5653 3090 2196 7198 342 1674 5212 2902 8499 3965 7500 2355 6924 487 2989 232 4435 7665 4371 671 3642 566 8500 9993 9379 5228 3005 4762 925 4004 7768 9951 1245 5538 2894 5602 9716 3164 8659 827 214 6719 4648 3439 2954 4427
9569 1730 2967 5842 8016 4260 8467 1979 4227 3717 5846 9743 0 5276 4061 3110 4395 6426 6515 7667 5407 5757 2496 3303 1294 6557 9659 5397 4079 5543 1588 8198 2849 4854 8560 8880 5511 4806 7479 8515 7436 5162 3689 9847 7721 7421 8950 4240 7844 3802 9262 5234 9136 2885 8854 8529 689 5879 4893 9037 7073 9695 5508 6607 327 777 8241 8981 2391 2275 6452 1164 8766 2953 2168 6328 2055 4673 1081 5946 7485 1921 1868 4913 7940 640 2057 4226 5984 6483 3602 3035 2260 4853 3237 177 15 6498 7857 9888 4691 6669 822 6267 9439 3170 6287 9862 4683 2011 1521 6281 8032 7769 7686 7047 65 4855 809 1137 3757 4829 2754 4919 8403 2500 5407 4227 8621 9564 5332 5182 1841 1296 3233 6891 6923 9396 6049 3505 6739 6037 3657 3118 331 7752 4198 7621 9355 4524 9439 5192 8451 169 1528 2540 8680 922 5176 2734 2225 6494 3855 7317 7567 4532 170 3113 5779 6606 6093 2293 1254 382 9782 7909 4904 4448 842 1439 6088 7122 4702 5238 7443 2588 3982 936 7255 222 8658 8151 7534 4096 4848 8649 2899 4879 7027 399 219 9804 2654 6971 7498 654 6957 2697 7296 4623 8149 783 287 8686 5687 2423 5000 2549 5422 3919 9912 4411 4207 8710 6206 3759 7342 4842 4227 7568 7788 2093 8456 5815 7951 3104 309 2546 4714 3062 8977 815 58 6650 8657 4611 7275 2925 3786 4102
3943 2694 8851 4056 6438 5977 5164 1089 2793 5456 4748 6409 5276 0 2693 3499 553 9966 6123 6225 8778 9290 171 1404 783 413 9673 4853 7208 9865 1182 6791 5917 8414 240 3499 1796 5327 3475 6874 1697 6432 2481 5614 9800 5364 5074 5040 853 1944 5 9230 2002 1319 1126 9127 7849 6207 9222 7065 4848 5982 5664 718 4615 9930 4551 2817 2116 5536 9264 6658 3912 3370 9808 7221 5039 9480 3544 3027 1920 1476 9123 3672 5829 3213 9254 300 5118 8360 4667 3638 5198 8852 4892 8225 9371 8419 7508 3480 7576 1858 5462 4212 835 3830 6954 2207 8919 1982 2431 8671 7122 5979 3282 7758 5114 6203 8737 5707 7852 3463 8696 78 7215 6524 5190 9832 987 7797 7938 8984 7810 1974 4583 8705 6241 1 6834 4176 2836 5969 3606 7249 9105 3038 6911 4604 5636 3680 5565 1920 282 7701 4355 4229 2649 3464 4076 2155 1726 8174 3061 2722 7512 9908 5049 8356 9288 1049 3998 8535 6016 5447 948 6 5557 2553 3909 6702 5059 8242 1757 1526 9450 2825 5441 6148 9482 9014 9255 715 6644 9866 7945 1730 149 4515 3417 4580 5445 4100 1921 9162 4502 9031 7918 2035 4622 8987 6253 1598 2240 4556 8909 4456 4430 4404 5590 8543 6277 3632 2435 7612 8804 5590 5462 3792 4026 6682 5582 4375 3248 3295 334 6929 9569 3107 349 2014 3542 2723 5802 7124 86 2916 6076 701 2097 378
1225 2453 3738 6609 9746 1492 1964 5328 5325 6383 5148 6032 4061 2693 0 6844 5277 6367 8262 5116 399 437 1259 1941 9396 169 4125 5582 7828 2812 5247 5749 5119 5492 3504 9481 5491 2443 4541 552 6360 6806 1005 3710 734 4173 1819 56 1072 9934 6705 9973 5761 2774 2694 7268 9133 6053 5393 3429 410 2457 3544 7221 6483 7149 9175 6954 2812 1475 8142 47 5641 666 2282 8626 1013 6181 3910 5659 8885 2773 5787 691 7593 5038 6070 2960 2747 3120 7118 4664 7484 6977 2536 7297 8519 2974 4921 1819 189 7396 838 4179 7241 3925 5445 7075 4665 4067 5160 6039 6572 6760 6543 2236 3636 7814 2689 8638 1312 4546 3307 9381 8347 9115 9302 5834 9566 6637 50 3327 1022 7276 2569 555 1252 7590 9859 2854 599 5523 8612 1175 6263 5834 7062 8133 7536 2305 5973 2423 6416 7849 1835 296 9339 8870 5256 3081 5476 6203 8775 594 5641 1426 385 1085 2928 117 5334 6103 28 9151 7001 5466 6538 3501 3060 1620 9821 2523 4400 9287 6447 2926 6048 2225 8113 197 8087 262 3107 97 9074 6050 5774 4357 5021 212 5967 7934 5487 7623 2640 4085 7913 1551 9021 5243 9894 2638 5432 6823 8965 3340 3533 641 8566 4865 27 6187 1927 5198 3342 8493 9141 7188 6849 3634 9737 7493 2 741 6722 7163 5939 3303 6059 7668 4042 7408 9057 2043 8751 3281 774 3289 7005 6058
5272 9139 8986 8375 1527 2709 4463 1128 3940 4958 3655 8716 3110 3499 6844 0 5706 6942 5276 5253 9556 9245 960 7574 4177 4781 6378 7304 8950 7000 1194 3914 9860 1342 168 2618 8264 4122 106 2383 1471 8964 4073 5869 2256 9209 3228 9258 520 1727 5645 8270 1204 8477 465 6087 5243 5594 8582 2758 9530 294 3092 9679 6407 852 5946 6164 4880 8042 494 5825 6646 2701 2715 9179 4634 571 5806 6182 9371 5125 4975 7922 599 5365 3492 7331 6557 1280 6384 2720 6663 955 8270 2822 713 9090 4195 6420 5364 3364 8216 2600 813 203 9673 3813 3610 7531 1208 4229 2568 7917 8210 6988 7386 1929 5342 3889 6901 1101 4299 584 3630 4459 8428 6731 1083 1210 5152 3896 730 166 3117 1411 9250 580 6306 4272 2868 5259 7527 7019 4028 7847 8255 4392 5228 2731 6690 4889 751 9608 2747 2600 2351 2704 4463 8965 2209 6086 1848 2785 2454 4612 336 5986 8605 1936 9358 981 5795 9479 728 4354 9734 9128 3572 9187 6451 3552 562 8106 7213 9685 7300 4511 1497 6227 8158 2588 3719 9131 7305 206 1779 6821 8998 6365 9092 4406 8860 6010 6264 4304 652 6058 5127 4993 1251 5703 4324 3228 9931 2641 7481 4830 9799 4016 6201 8574 6503 9059 8312 8519 7302 4990 4022 9946 9150 6063 1268 904 3072 3350 1817 9891 717 6636 893 9485 706 6189 76 3972 958 9931 1866 8244
6276 2012 8432 5378 6874 6120 6197 7204 1847 915 462 9590 4395 553 5277 5706 0 2781 4793 2381 9085 3926 9619 3472 2678 366 1295 6489 7325 2864 3878 3841 7703 8701 5654 7033 2892 5617 704 1745 8532 5390 7804 289 1412 1456 1381 3587 3814 2294 2946 8227 496 3508 1313 9552 439 5500 5713 7148 6083 5411 466 3902 9217 4084 4787 265 9341 4246 7361 7304 9091 6005 2449 5576 4530 5135 6444 2068 7615 4563 6530 3917 5505 7318 7191 839 4039 8502 6723 5000 6264 4409 1030 4477 7522 491 8834 9191 9692 2470 2495 8906 2238 9647 8285 3548 3113 4854 3189 2441 8014 3595 8916 13 7167 3484 4841 3313 807 6234 4929 9440 2608 6554 8219 6888 1507 3499 4959 357 891 8276 3109 6341 4260 4242 4477 6731 9686 8415 8611 636 5083 974 5373 6799 7633 3396 5862 3318 2030 9875 147 5366 5945 5367 7299 1208 4121 9187 5730 3663 6577 5890 2687 1026 7247 8041 6818 5899 9424 909 5793 9132 7575 1527 5111 8602 894 730 9245 5468 2466 8590 4578 6527 8987 427 6789 8868 537 758 7402 5289 8925 210 6877 8611 90 3766 6287 6295 8437 3531 150 286 6387 6513 5724 9167 660 4724 925 9322 5140 5616 4802 1952 806 6718 4234 3476 6201 3461 3474 8766 331 2674 4628 1532 4700 583 1112 2973 1706 3583 7851 6115 714 5124 668 153 6638 8581 5754 5417 1553 3305
770 2388 3474 6803 1232 8226 1947 5897 457 9581 9472 5688 6426 9966 6367 6942 2781 0 254 8202 8714 8832 1200 3515 9799 3113 7164 4753 2594 7942 4966 3647 5627 9671 4698 1578 3703 176 4104 4472 4785 6078 5186 1560 5814 5050 8215 2273 6649 902 3469 7936 5960 1837 4543 2711 3713 889 3982 38 6867 7189 2618 9175 7929 305 1568 2897 1874 3174 4457 2962 174 8161 8797 3578 3186 4116 3250 2383 2141 1603 7417 2688 2131 9558 2031 6802 9601 1936 6409 7866 3536 680 1701 4698 4094 6000 6046 329 6445 1897 7302 5512 5160 1875 6810 2932 2394 3347 3444 6300 9772 8757 4152 5233 8549 8317 2674 5797 5499 3564 1336 2125 600 3244 7679 4915 3201 8014 4507 2143 8900 6057 8264 5791 962 6680 8665 2979 8434 1113 3106 9660 2801 5215 8876 8609 3490 7048 9564 4480 9198 307 7619 5620 7805 3911 3666 7943 3108 1387 5552 9059 9212 1845 1300 1972 5612 6531 1054 2415 2101 544 4296 8697 6729 7006 5989 2199 2144 7455 4275 7422 8635 7468 4201 1305 1700 4135 2876 9765 7873 4684 8669 7548 1522 7222 5424 3393 5223 1271 9132 9966 8425 6021 2806 9194 8265 4816 668 4707 1177 6112 5199 4120 1894 6523 9383 982 8673 7797 8952 4909 2804 4067 3773 9930 6431 2706 1478 4350 5586 6834 6292 5935 1004 2022 4187 8575 4353 8222 7388 3635 4332 8479 1933 172 1229 8933
7607 245 1234 973 885 165 345 5608 6693 2047 8876 7751 6515 6123 8262 5276 4793 254 0 2835 4011 2518 176 6100 8797 4677 13 4367 829 1890 7485 6563 9413 8009 1950 2545 9484 32 8003 4880 8767 5519 3158 596 4540 3325 5694 4972 9607 1980 1698 1690 5327 9489 3578 4381 2505 7930 664 8168 6806 3893 6920 6677 8936 9900 4935 1622 7716 9025 1829 4424 3896 6558 7032 807 9742 8928 6615 8732 7096 1313 619 1600 5803 5109 8211 5392 4671 6179 7871 5109 9973 1593 9547 8241 288 6114 263 2611 3614 7585 8371 7600 3674 1508 6176 9206 1935 8505 2951 8957 2276 6874 9407 6709 6035 8293 2945 5963 5425 6057 102 4806 3147 495 9144 2432 1492 9007 8252 2339 2769 6406 4780 3892 4388 7402 302 2022 8433 2624 7461 5549 5008 6285 4889 5210 2760 7673 8468 3606 7064 7778 6257 741 4468 8953 5699 3175 5817 6712 847 6115 7182 1034 2404 8857 1136 4876 9488 6354 3216 4699 9086 5359 1320 3762 9603 4555 1191 7215 9006 9828 7063 4567 5405 3033 1287 9302 7586 3931 4976 4846 1346 2559 8471 8686 1840 1924 6374 6805 7369 9967 8993 7210 1435 5386 6717 8631 9534 3983 6238 8783 1485 6466 5642 6984 7522 9624 2070 1269 6351 8214 4593 8848 7480 8821 5112 6620 4454 9466 1169 6012 3349 4687 3653 7721 9070 2189 2219 4945 9183 8817 1053 5916 2184 3201 5223 8001
9927 5997 5657 1737 9617 7238 135 6907 7648 6192 1992 6644 7667 6225 5116 5253 2381 8202 2835 0 6904 2351 519 6395 1395 3251 9108 9556 8989 8549 1378 3225 3625 27 2546 3434 7650 3543 7556 2668 2274 985 6830 2098 3170 1060 5333 5592 2415 9928 12 8474 2183 8336 2265 74 9801 4197 3589 2088 7836 8849 5465 8543 4008 1649 8854 5595 7521 4931 1201 6511 3818 1417 7042 1466 4568 3135 5230 9700 2019 3390 3541 5334 8600 9625 6831 6829 8636 6632 7374 5080 1576 4201 1126 1027 8758 4319 3497 2038 6670 5544 8097 1116 8942 987 8185 77 8852 7411 2899 4760 7857 3602 582 4879 604 3538 3447 2564 9006 1736 2582 3117 4094 4752 7430 3547 9993 5190 2253 4954 4644 9925 7259 7620 5193 8855 1284 8732 5604 2002 5998 7997 9600 5301 7294 6316 1536 5908 2640 5356 4416 6024 1663 9645 7719 817 7337 5516 7826 5822 564 479 3930 6010 9773 1134 2896 4376 9667 689 5076 248 2532 6969 6813 8377 7495 3834 9016 7221 2018 6055 1857 1658 8761 7876 2390 3046 9393 5170 4393 3267 1959 1860 2177 7752 8032 1558 481 780 4814 1569 846 898 4056 8489 9528 2120 4672 3978 4587 5319 163 870 2557 2769 2683 2857 96 8120 9415 7409 843 7620 5408 1185 3621 8364 6824 7134 3163 2247 7760 7149 5790 6018 3749 756 1516 8016 4148 7446 456 948 6189 5738 6663 5192
8312 1378 2293 6484 1686 1823 9332 9718 8788 5677 4104 5604 5407 8778 399 9556 9085 8714 4011 6904 0 7012 1394 6476 926 6698 1057 4320 8377 7865 7892 1174 8820 8705 8640 573 9335 8741 5898 9343 2580 9992 8973 1446 3526 9043 6941 5834 7063 5979 3570 4513 8996 1822 3323 2089 372 391 2388 7575 810 5656 8938 6328 5260 5069 2300 7432 9260 6773 8074 2739 1390 9236 7997 3420 2499 9632 6675 4051 7052 5588 8120 4992 2216 880 5202 3964 1423 1381 5547 1037 9606 8727 7742 1779 2284 9402 23 8414 3841 8619 5944 1581 3645 5446 9280 4154 1419 7574 8947 5478 2431 1576 7592 6802 5681 3764 3722 8756 6653 1968 1553 4260 6771 8455 2304 2709 3769 6661 1104 8971 1980 3403 2180 2744 2512 4988 3333 9990 6342 2393 603 3206 6989 1254 8329 412 5561 250 102 1693 8930 2606 2393 7207 1208 9081 8604 3137 1470 2827 414 2705 9233 1103 8618 3043 3504 5320 9172 8021 7834 3856 2347 1022 3944 9538 3864 2418 9196 6799 2712 1232 4470 7049 6980 590 202 8397 700 9737 4699 3216 5497 7211 9687 7500 8704 211 6886 5610 5246 8897 5540 4196 822 1825 4645 2543 5114 156 6752 1480 2973 8763 1802 9271 3175 4467 2309 6791 3341 9098 2370 909 6812 6445 4881 833 3822 6911 1226 4553 9110 9812 4220 7908 5653 709 2010 5799 5963 5199 8690 6579 6238 5921 6610 6153
9853 5959 9734 6299 7783 3919 5842 7261 3275 9167 8298 5771 5757 9290 437 9245 3926 8832 2518 2351 7012 0 7171 4666 9473 917 8999 672 8967 1359 617 5813 8645 4035 2867 1287 1788 2508 1928 9188 5706 6969 2696 1192 1267 4806 7699 3566 4140 4703 3494 652 4190 1107 8267 2543 7677 2568 3933 3310 4082 1485 2658 9599 3989 6492 7033 3040 8416 839 2382 781 8054 1057 2378 9076 8542 7134 1898 2727 2566 9692 3853 1689 6577 5599 2334 9995 2129 4360 9371 5622 6967 3242 2099 8490 8790 8708 5048 2758 1958 1423 9531 5564 7429 971 9158 8432 415 5165 2857 9121 7612 5759 2429 4290 5623 5592 4052 5043 6627 3804 4620 2666 2113 4787 7926 7528 4049 7595 7827 9748 2336 7113 162 4405 4219 9452 5753 6190 5436 4018 1915 1504 5901 3540 2286 7750 9862 4285 4249 907 6287 3978 6421 9074 715 612 7392 741 5337 4799 7021 3609 5176 2118 8890 3057 8272 8203 8091 9584 7116 6859 2446 661 5588 1821 6602 6448 807 8324 6955 364 2101 4692 6882 6655 1501 9037 4134 1400 6920 8864 1040 4806 4892 9967 6805 5793 1577 9536 3271 576 4184 833 8662 8919 3692 3887 7290 9149 8455 5579 234 9721 8051 7110 6129 5907 506 5983 5445 3236 2629 5629 4018 3381 7332 4903 5288 4003 3666 500 9846 2175 8044 9441 4412 8198 5944 3083 6313 7570 353 6920 2461 637 8093 6778
4796 6774 9976 2987 6747 1744 8393 4034 5309 2404 4923 7679 2496 171 1259 960 9619 1200 176 519 1394 7171 0 6867 6666 2547 202 1545 1298 1959 4109 2579 1246 6853 3875 7590 6541 78 1640 2819 4696 5545 3458 22 599 7169 1946 3963 4410 9830 7135 4762 2126 909 7864 4936 9802 1668 150 2157 1176 20 448 1323 7167 5273 2330 9192 9184 4379 50 7249 6416 8000 2452 157 6144 3890 7234 9531 2561 846 3799 4427 2500 7809 2827 5967 5366 9391 7040 6591 5372 8662 8441 5600 1342 7703 4181 8578 1643 740 4220 1435 6324 6150 2144 916 5316 8272 6173 8605 7757 1630 3126 3658 5690 2219 8722 2581 2214 4288 4956 2779 7892 7017 6531 131 9353 1564 9303 4413 1671 3083 397 8595 9867 1761 2816 9205 408 4568 7015 6899 2253 7961 7066 134 5188 6047 3870 4826 2676 7680 6479 5494 3524 2952 4551 1655 7362 4084 5794 9842 9151 4683 2341 5841 9801 8498 1132 1316 3120 4610 5359 1897 2389 214 866 1807 8017 6310 3158 8780 5344 5837 5359 7898 380 2418 7479 479 1822 694 9292 3902 2000 9133 6647 2646 6441 212 5660 5568 9046 5039 4732 1202 5492 354 553 8599 3586 4173 9055 3020 7021 1840 3579 6472 7470 151 8660 4567 7734 1952 6959 4651 8706 601 6680 3329 3855 5928 359 5603 5846 143 6778 8876 8679 7161 2451 5310 3049 7513 8545 1011 1365 964
1693 6695 6997 8351 8012 7874 8569 2564 8549 7079 42 3789 3303 1404 1941 7574 3472 3515 6100 6395 6476 4666 6867 0 1557 634 4152 5795 2958 7514 5950 3446 3773 2170 5541 8745 5088 7795 385 1956 818 7280 6774 6367 6192 2617 2410 1645 6760 230 1579 1125 408 5133 265 3385 8811 5331 4804 3668 3226 7729 2544 196 4742 8184 4187 4270 3885 3167 7413 6707 8803 8214 7389 9379 372 6970 4563 7741 3151 8163 9084 572 5382 1876 9156 4640 228 5305 4192 3598 87 2619 3593 347 5535 3213 7547 296 1956 3179 1358 7527 5824 5213 4135 6364 7965 232 3302 5740 1898 7752 8002 9966 5127 8783 1707 6019 5890 6159 7885 4800 1771 8064 780 5333 8137 3873 9592 3498 209 3508 4330 488 4909 3133 9486 5263 9793 5978 6066 1103 8899 8064 5772 4987 7282 5716 1026 9773 1403 6937 333 8771 7042 1021 4478 3910 7911 1528 9791 2010 8191 6325 8922 889 6701 7551 8798 8706 8415 1522 2757 6306 9821 3396 3161 998 4021 8020 8667 547 1482 2774 4774 2475 1514 3359 1936 4326 6711 7979 7163 8684 2450 206 3017 5470 3869 8187 5548 977 6729 4628 8662 5672 4049 6553 1549 1144 7814 4843 7598 4310 5454 9461 4716 3227 7375 1348 2338 5530 7015 5957 8402 3775 3656 8500 2941 5020 6459 2203 3088 4334 5301 5790 289 6542 7134 5416 5607 9866 3447 4108 1406 6510 6739 2592
6020 3991 3915 9969 7378 2548 6168 5282 5477 6666 3791 1603 1294 783 9396 4177 2678 9799 8797 1395 926 9473 6666 1557 0 9365 8910 9614 7952 6276 2932 9295 7614 8863 5919 7537 9467 9318 2687 8018 5764 8208 566 2259 4144 6910 9055 3811 4300 7786 69 4769 974 3985 5196 6174 7549 1820 9263 4509 9458 6409 7897 982 5368 2234 9152 4974 3826 7390 1578 5716 4073 3848 6892 4555 7214 1948 1980 2047 5321 2958 129 3297 3101 5981 7644 4997 5468 8199 5539 9286 1753 6800 7930 5698 6659 6056 2809 8537 3399 5168 5033 6800 8047 566 3526 4282 2961 8540 2892 9382 3580 5676 3430 6137 8496 1779 4517 8943 761 5929 1989 8221 2005 4874 944 3434 4443 1474 2163 5509 3951 5764 2437 6386 8235 8142 5196 8925 3284 3193 9365 3013 8905 5127 5726 8092 1961 7513 8200 1327 1430 5325 4468 8062 3784 685 193 1420 8382 7158 2556 275 5920 9118 1527 344 9545 2158 9151 5903 8646 6783 3344 8479 6045 9954 8719 5858 7720 1279 116 2476 8150 7657 1794 7252 4741 9353 8475 6268 8842 5920 1512 7323 979 428 3604 4766 471 899 778 7890 6631 6258 4043 4794 1146 171 6127 8870 8989 1121 7733 5800 6583 7261 1934 7040 9691 3024 6325 6411 6635 5074 1312 1072 4029 2688 8151 6173 5725 1342 5852 4291 3634 2006 1744 5832 4534 6172 4091 276 2792 5148 3572 2382 3036 8374
4063 7320 4963 4205 2513 9239 6195 3006 9384 9096 2678 3543 6557 413 169 4781 366 3113 4677 3251 6698 917 2547 634 9365 0 886 3552 1465 3398 6060 7372 7945 5931 8334 1416 8717 7327 4248 1302 2086 1353 1968 2200 3442 5472 6840 4119 2692 4025 4449 3590 9483 3459 365 7222 6549 9268 3963 6817 336 4640 7583 2874 8306 393 6659 4340 9012 6574 7455 1583 9055 8989 3879 8019 2347 6320 7429 4117 2669 6544 8640 8582 4361 5930 6701 3898 2292 9515 2791 6569 4768 754 7375 9086 8343 5102 3530 245 2596 6771 1414 3130 3245 9375 9008 7809 757 3359 7412 2176 195 5718 8568 307 8317 3513 134 6952 4618 9984 8739 4346 4950 4332 8804 4768 8054 5854 6624 9415 5986 9527 248 1415 2543 2173 5549 9816 1423 4925 7290 4758 7613 3820 4164 5549 6122 5242 7614 2309 3146 7615 4854 7972 1048 6556 9446 337 7669 961 1697 7998 3125 2879 3775 5306 9185 9527 4598 9280 5145 1498 3583 2767 7198 7310 9815 3283 7676 1526 1856 3298 9325 1405 2376 5098 6962 2412 9142 767 8712 4603 2020 9867 7737 7709 1820 8764 5145 2390 2488 7808 7998 3366 9379 413 2588 8286 7765 2154 9430 5216 8334 4736 8096 6032 4644 2887 8212 262 4446 1233 3553 4130 6900 4521 7469 5025 3250 8643 8197 6870 7200 1761 7826 1512 5257 2821 9268 4073 4631 668 9986 3780 307 3605 9563 300
4345 4728 8265 2130 7185 901 5543 1080 2357 2301 6750 885 9659 9673 4125 6378 1295 7164 13 9108 1057 8999 202 4152 8910 886 0 1283 6693 7620 9196 144 2876 5708 5052 8822 2473 2292 8413 5402 7336 568 3523 6555 4947 8241 6977 3182 5482 576 4951 4789 3247 3696 204 8039 8800 6200 2467 3989 1408 7978 3405 8018 5144 4793 1546 9791 6257 9517 8438 6016 9814 494 6413 3326 1417 2850 4503 2797 5512 3975 7814 8724 6183 3462 4310 1581 6724 4180 3586 412 2455 8145 5748 690 8775 3142 4556 7734 7517 1568 2874 2569 41 9881 5622 107 4979 6024 9222 8019 9316 2838 6248 3290 7157 8408 8730 9139 5770 7711 6016 9737 4414 3208 7573 4609 4904 198 9324 272 5721 6824 5943 2523 8630 5700 4743 3243 4019 452 6953 9377 9897 9322 1984 5881 190 8654 8160 6289 6167 2495 913 335 6417 4484 9345 1636 2869 3647 4711 6127 4961 4233 6244 2832 9650 8878 6289 2591 5603 9001 8802 113 2244 9057 7336 9813 6156 6310 8659 8939 8497 8850 6871 817 2835 7337 2077 7870 9221 2824 5230 6714 1140 6142 1597 8613 6911 6247 8884 1834 6952 2473 7136 974 1124 2471 6619 2408 557 6299 6542 7756 3340 7112 2248 8405 5158 4836 884 6434 2706 9716 3828 79 1062 9462 976 645 378 4732 9693 4594 4284 4243 7175 6844 4209 2478 9036 4545 5404 8495 4602 1210 3290 6684
7033 7538 4320 8044 3016 3100 5203 5294 5521 7327 7498 9092 5397 4853 5582 7304 6489 4753 4367 9556 4320 672 1545 5795 9614 3552 1283 0 6390 6465 5842 3269 6026 4001 4807 9215 9693 8611 2411 5400 4894 9699 765 4716 3199 1809 671 3208 7349 1421 7757 359 8184 165 1405 5571 8800 734 1431 7132 9119 4325 7057 7519 6892 8962 3325 7825 9007 4762 6397 2239 4770 8910 8008 4601 4223 4153 1027 4938 3447 6325 713 3564 485 9726 5153 3719 701 916 658 2108 6394 7743 5123 7848 9525 9946 4581 3307 2942 4505 2748 6461 8314 2927 7155 4884 1130 4122 996 8711 9362 8424 443 2990 7720 1303 230 4346 6197 6349 459 7614 5274 2080 4299 9600 1281 6069 8084 8759 3030 5811 4978 9530 7008 9337 1294 196 736 7321 3027 6337 4132 4016 6095 3841 4587 211 9563 397 3733 8574 4163 9264 8930 2291 6458 2425 5760 4014 443 4426 2676 9054 3914 373 8251 9712 6208 3320 825 1296 1964 2889 8723 40 1013 9840 2884 9665 1511 1344 6609 8554 4892 7879 255 7639 9287 2826 8141 9722 8675 184 7474 4156 9706 3153 1645 2446 8378 4857 3910 3579 9409 3744 1011 6338 4622 5307 9380 4016 5144 6304 401 736 7419 5115 2304 3841 7099 5926 2700 9747 241 2149 9160 9427 1196 6004 752 3896 8968 6241 8697 5825 9209 1375 305 5568 4327 5195 5511 7398 2400 6597 8644 5472
8080 3283 8403 8648 2607 3281 1261 2137 7475 9372 3942 7041 4079 7208 7828 8950 7325 2594 829 8989 8377 8967 1298 2958 7952 1465 6693 6390 0 4434 4701 1088 2926 1547 2406 2373 3335 3899 8687 6097 1085 8201 1879 7701 5038 8415 3208 3133 5300 4867 9929 1225 9273 2085 1170 6364 3101 3676 7432 6926 7631 2724 8745 7156 6432 4081 8495 3031 8985 9975 6660 9735 1198 2975 4639 165 6543 8097 7779 7126 5346 9234 8676 3416 4861 3513 7647 3895 9352 3768 6349 6814 2036 7442 4911 3303 2549 4140 8907 3365 9286 7918 4361 6875 4385 2151 1592 2233 4899 6776 2507 8279 2798 7197 9615 8660 9253 362 3947 6965 5740 9082 8857 8221 912 5652 2517 1503 4781 7979 4708 9396 1576 3107 6068 4846 7074 261 8664 2526 6981 1595 9953 2710 5448 982 1212 4605 7572 6497 7448 5649 4123 7998 6400 9000 5023 3215 214 320 8494 7732 2181 3381 5507 567 8687 4539 9803 5656 9733 9769 5500 7095 4910 5678 2809 3668 2567 1785 1094 6081 1881 5527 1056 1744 3810 2042 3850 5219 241 4569 5816 4397 7272 6714 1529 8373 4119 7088 6064 8570 2118 6962 3946 7288 6616 3438 2802 757 2580 1170 6704 1949 3840 5700 3015 3533 2146 414 9531 796 8767 671 6576 7783 1682 4254 8541 7436 2321 2953 5457 9479 7538 3801 4678 7559 6410 1762 671 3825 6372 34 2811 4266 6982 7591 4828 2745
6945 387 9019 4934 4177 450 9915 3995 6294 9814 3276 3798 5543 9865 2812 7000 2864 7942 1890 8549 7865 1359 1959 7514 6276 3398 7620 6465 4434 0 4080 7948 6062 5624 4085 3705 5831 1262 8773 2934 7536 6785 4167 5270 8448 1286 2859 851 6732 9243 1641 3556 705 6812 9712 5026 2233 9617 6390 820 4415 2902 8780 5832 1638 9126 8864 4357 8798 678 8530 5965 7114 834 4119 880 6206 133 470 4930 4105 7039 8038 7306 1127 4664 1327 6138 6914 8738 684 8267 1702 4583 1046 581 3797 1140 9780 1071 6983 8860 8872 1084 6595 7945 3345 2228 2846 4401 1636 401 7842 288 4719 1664 283 3760 7205 5482 2339 6719 9257 8507 9867 8976 7740 3552 6392 5079 730 9582 6734 16 1582 5791 6551 7450 1350 3318 6806 840 1112 717 3261 5109 8136 4461 2807 3036 4347 4069 7269 7416 8733 9371 1340 3167 3454 2071 3847 7201 2036 9439 5751 9735 6668 136 3981 4331 2958 4907 9587 7140 1736 1826 6292 1282 8407 5633 2530 8219 1485 599 2482 1268 9805 1646 9362 2529 6058 3188 440 8057 4945 9199 2843 6093 3528 6078 6730 9189 4613 3247 9389 416 4802 9782 6072 5118 2238 4704 5988 5298 7486 4101 5598 8580 8445 170 9549 870 8666 2524 7199 4497 503 8163 1464 5691 1206 1356 1605 9018 4278 9441 3277 6204 2667 1124 8649 6641 1376 9017 461 2814 3745 5281 6103 7703
3512 9111 4466 8159 2223 3891 8870 3748 3782 4616 3476 6857 1588 1182 5247 1194 3878 4966 7485 1378 7892 617 4109 5950 2932 6060 9196 5842 4701 4080 0 7431 8839 988 1889 8710 5080 5008 32 783 9484 269 1789 1265 929 3208 9509 2835 3167 832 3393 6130 5242 8878 4613 3474 2088 3730 2710 9129 7445 4502 7913 3604 7831 7833 5738 8326 5986 4763 2915 2070 3072 6082 4047 6075 7592 7646 8126 8703 4590 4883 3035 7838 9792 6994 4168 1852 7263 2796 1270 3405 2708 2641 5519 1728 654 1853 596 7380 9236 7413 2453 3275 1882 9168 6917 3877 2743 803 8710 3282 188 9133 5908 161 1810 4180 2902 9486 2158 121 7646 5055 1331 2111 4420 6942 4763 8856 9367 6952 7165 2709 7708 6942 2974 889 7106 209 6684 2787 4011 674 1505 2525 5152 4327 4692 9279 6123 2686 859 8065 8688 4655 8505 5558 7785 8608 5470 54 3893 1138 8124 5405 7977 8682 4910 2112 6993 2040 7937 344 5497 2958 4573 5732 9936 2345 3032 2418 2785 6990 4468 665 9682 7168 5571 1528 9790 5359 3710 5084 618 911 8684 9428 3921 1713 3101 9692 2633 4770 1500 1246 1717 1257 4724 9446 843 7630 5304 4038 7682 1505 9470 9852 9572 2716 2173 2951 2092 4697 9868 4121 7992 3854 8011 2455 5044 6580 2175 5919 7656 6689 1388 4240 4159 7085 954 4754 9538 6352 5956 4192 5405 4327 2334 3716
7484 8503 6682 9012 8878 3467 7738 6144 3488 8681 9936 8803 8198 6791 5749 3914 3841 3647 6563 3225 1174 5813 2579 3446 9295 7372 144 3269 1088 7948 7431 0 7069 9190 9088 1489 2709 6372 3455 1559 8445 6215 6733 7823 4439 7658 5641 8064 7494 1611 3765 3102 2303 1617 2146 5350 2663 7146 8863 5823 7808 485 3709 5967 6469 7285 689 5957 3522 8320 3563 7402 7407 8410 4119 1735 9263 116 9875 6490 1636 5492 2736 6246 8895 3984 965 6759 6174 3863 8906 9247 677 6982 5358 6755 7012 7494 1252 7412 4665 2814 2124 3118 9851 8514 6164 8464 4142 9777 2197 9451 2178 9619 4415 803 2900 3814 5839 2481 3353 5988 1614 8942 2026 2669 8705 670 291 2868 8984 4802 5088 7862 370 2335 3975 3985 492 7505 7093 8791 84 6996 2291 385 4637 3386 6056 1692 9078 2832 1847 3060 6780 6910 1574 2039 7927 8698 6122 3537 5267 6175 5565 7317 498 3572 4301 542 2047 3325 4521 3444 7670 4290 2928 7594 9773 1114 9837 7960 1864 5691 6247 2143 3865 7805 5137 4959 3827 8115 524 8728 6541 9518 8420 6257 8611 5666 4316 6103 7200 766 740 9835 5409 3308 3399 450 5013 3129 4843 3682 488 9386 7320 7839 8512 9290 2557 5621 8201 2808 4169 8562 5866 231 4117 7015 6197 6075 1476 7752 2298 7022 9031 3650 1697 4828 6591 7080 1099 618 2170 2108 3418 3580 3334 2037
