150
0 156 1886 7983 9694 9103 8533 6449 3773 8067 6423 1196 5209 835 7206 8350 6036 1971 793 2797 3857 441 5958 6242 2017 9418 6949 5278 1976 1765 9742 7547 5606 9978 1811 5559 9783 3914 7955 8716 3861 9379 6126 4647 1131 9337 325 2655 4609 7509 7019 1120 1602 3257 8784 9310 9016 9461 8955 2473 3577 2862 6974 1736 4638 1545 9614 8847 3442 7118 8325 5687 6488 4750 8960 5808 8102 9045 2252 5559 1754 2789 4648 2221 5178 691 4936 1638 6266 5126 8048 7112 6751 3528 3898 3034 8404 4562 2953 2902 5730 3169 3508 1721 3851 3032 4993 7146 484 9570 1190 4883 9017 6194 2369 2245 166 374 3915 9281 759 6082 3473 4571 5368 8349 8090 8075 5737 5765 3064 4886 2568 528 2187 6904 2935 3400 9596 1041 2282 4586 9095 7186 6245 88 8724 4184 4565 8617
156 0 8750 2932 3761 5886 16 353 6644 3136 8143 6548 759 3325 7185 807 6268 9363 2238 4541 6277 3544 9773 7185 106 922 9483 6149 943 7531 1804 5833 6277 5302 4058 5753 5896 8813 2012 9949 2627 1200 6091 8517 4933 1498 2869 205 193 3612 1840 1956 3293 2662 8691 9010 4914 939 7129 5346 2238 1358 346 2233 9654 5910 5644 3853 3043 1796 7390 8233 8460 6088 1414 9696 4779 7924 9121 9854 2080 8404 3985 3473 9073 6715 3032 2592 6847 213 1004 3278 4401 1882 9572 2777 2102 8107 3677 8670 9317 7670 1726 6521 4290 1300 3304 1473 5911 2424 2852 2986 9827 8948 6241 9056 7510 5085 2646 3051 1655 2320 1437 3193 5313 2696 6768 4702 7567 7522 2955 7943 2322 3071 2318 1802 1478 9302 2041 8939 2527 9447 2972 7358 2213 9698 6718 6989 6338 3325
1886 8750 0 6387 9731 285 6048 4939 3468 6633 674 13 8738 6841 4610 7908 8138 5864 582 9654 9050 3044 772 5677 2586 2190 5857 7753 7464 1971 9628 9223 7595 1253 4709 5490 4773 9744 748 5965 8682 7676 9969 8764 7964 4262 3366 8688 5359 8652 3856 8945 9044 6591 4098 6260 4628 3626 9014 247 7814 2368 3506 304 5597 6597 1738 8164 1020 4077 2647 8549 9915 3872 4235 4022 9898 4540 3101 2581 9793 1545 3241 6063 31 6427 9074 6475 7661 8966 3543 6101 8191 9213 8431 7679 1570 1968 5528 69 9366 3862 4358 7485 2450 1882 4815 2426 3937 5323 8135 2982 5479 912 9921 41 7963 9289 5342 1839 8571 4431 5150 7031 5768 6314 7717 4362 3165 3769 1645 6401 9314 4129 5004 3085 9742 3569 8690 3077 7918 1118 4819 839 2338 662 7742 9616 667 5056
7983 2932 6387 0 6930 7216 7036 7388 4095 3812 4648 2788 806 6688 8909 4913 4889 5332 4445 4175 7763 3718 8359 579 6305 757 7534 6817 9672 1396 1840 6036 2749 5270 659 818 1144 5503 8333 6183 1962 9605 8457 7976 6603 5713 3078 5200 6290 9953 7217 1906 7830 4079 6598 8048 369 7224 656 3845 3126 6225 4096 556 7926 6769 7415 6036 4221 2691 9561 8637 2047 3611 5589 6013 8664 2571 4954 3726 9391 3940 9395 2283 49 1991 7808 2851 3274 4513 7927 2911 9352 2479 2922 1544 3058 1640 2147 1348 9092 5809 7399 5760 3175 5429 4591 301 2298 6841 8585 7858 9868 2131 9563 9206 7733 4471 5924 9809 5762 317 6593 3668 7210 1581 3646 3507 7684 1644 7047 3929 4417 9986 3998 3514 6967 6852 8944 4690 3289 610 9741 7629 9423 2449 1130 5703 707 278
9694 3761 9731 6930 0 6979 1684 5710 7919 1941 9340 3021 388 2706 8170 3111 3028 540 899 6099 612 425 6683 575 3912 6302 1964 6201 6071 9353 5536 2500 9003 7768 1488 3044 2560 3238 5628 9183 6465 9905 5703 8818 7433 7995 1946 9228 6690 3937 1888 4118 9937 1672 9351 33 7676 9222 6639 2142 2762 7470 1058 8922 1308 4749 2886 5496 5920 5762 9739 7292 9835 7027 2239 5071 5758 7064 1591 4118 7529 491 3934 7227 5834 594 2078 3549 7699 3607 707 3627 4612 431 3714 1067 3674 7924 13 7598 1578 5876 9955 7917 3921 8055 1669 5963 2595 5986 8652 3644 3595 8328 5350 7513 9176 6969 8502 8661 4534 9524 1164 7218 2453 8351 2422 5671 7492 6951 202 6240 9092 6660 48 4585 2251 7792 3291 6280 7278 4663 9958 614 2974 2040 3298 8746 6657 4902
9103 5886 285 7216 6979 0 2114 7557 817 4287 5977 944 3434 3219 7617 5338 1576 1500 4457 7505 1501 5902 8904 6345 4637 999 6365 1397 4049 5818 3412 7071 5593 2134 1009 808 709 9139 7050 2369 2664 9428 6443 4217 8443 6093 1832 3988 799 5559 5141 8877 6521 7223 8084 7646 9997 3177 7825 3866 7507 8524 6131 2741 4036 3446 6161 3707 6246 51 1380 72 9934 7502 7388 2647 1039 2799 9988 7938 8011 5782 3578 3842 4663 6823 4498 3929 6203 4950 9060 1880 8842 8334 3823 5385 9732 4076 2197 3813 8468 2089 4211 9761 7837 1326 2484 4272 4551 9814 1197 4547 6239 324 6136 9757 3531 7856 335 8650 2537 7031 5856 319 1989 5107 1379 3514 5924 4182 8968 6563 8537 6552 8260 3642 4929 7257 3367 6452 2661 7903 2813 1472 7496 3334 8923 5864 8745 8059
8533 16 6048 7036 1684 2114 0 8748 6096 765 3026 2066 1998 8459 9049 33 6724 165 6079 5771 7260 5036 9923 453 5274 552 6130 2463 8649 7437 268 8117 2640 6168 6482 9053 4872 8962 6411 7562 3478 7076 2389 1322 5262 7031 1784 646 3200 8935 2939 3761 330 1989 1502 2665 8833 1114 3394 7923 906 487 7961 5916 8900 8594 4124 9791 2405 6663 961 1789 8375 235 2284 8233 3368 7607 5576 3500 8010 8420 9138 9402 581 6510 5934 4536 2064 9640 4494 9923 463 3306 1041 573 2276 9920 9505 7079 5194 6492 455 3198 9484 3142 2071 7978 9824 1564 6039 6252 6684 5065 6154 6471 9962 6458 4266 4148 6264 1813 3400 9795 1244 1300 5708 4220 3866 1167 582 795 4728 53 5126 1554 6882 9390 992 3629 8791 3535 8715 6171 3366 2759 7968 3090 710 5233
6449 353 4939 7388 5710 7557 8748 0 1924 4398 6139 221 4579 1462 3533 5614 4364 5633 6546 6780 1245 8354 7172 4398 7864 2562 2310 5719 5509 8557 81 8633 9130 443 3301 5201 4511 7900 9424 1704 7767 3764 9122 9219 3255 3066 8534 1511 2224 4055 9780 4799 4557 9139 8696 3594 730 9814 582 3301 5277 8882 1250 6047 9673 1020 4309 3056 7505 2261 6893 2311 1281 8161 2765 2889 127 929 4100 7580 2830 4013 6765 8749 1550 8594 8927 6623 2192 2397 2698 5649 584 5143 6329 7370 6817 5969 4546 5206 2331 9729 7297 5979 5752 9389 288 9317 8401 8488 7133 1009 9792 9513 6065 2563 1308 7109 9881 9226 6393 9237 1624 3272 4287 5364 2853 7100 8194 4726 9131 6728 1853 8845 6155 1594 6070 6846 208 4614 874 2212 9362 5014 7351 2433 9416 2487 3946 50
3773 6644 3468 4095 7919 817 6096 1924 0 3137 4427 2833 8264 6976 5052 489 6690 263 6813 8257 2720 6035 9047 353 6243 2312 9348 3983 6714 2790 2732 45 8840 9871 1538 1751 7726 763 4373 2887 7515 6234 5552 4546 9155 7890 702 5973 9626 5173 7457 7442 8089 1632 5733 938 9932 5993 8663 4243 2742 5123 3248 1487 5134 6680 2441 9003 1966 2695 4475 3988 275 1190 2582 4328 2200 4777 4407 7164 1275 7833 2851 4938 2262 6539 272 8129 5492 5435 7634 1429 73 8503 8571 3285 3724 9129 7855 2341 7192 1768 8684 1940 8592 1041 881 7445 518 6170 1406 9438 1545 219 5841 3853 2610 622 1922 8219 2016 8189 4053 3065 5158 1479 861 399 2211 6842 9396 4486 9976 4832 6759 6236 3607 8746 1224 8068 8711 834 4180 6653 2414 2262 1108 2030 3570 8916
8067 3136 6633 3812 1941 4287 765 4398 3137 0 142 6100 5850 9395 7381 6125 7070 8575 3195 9987 6880 6391 4425 2063 8245 7199 5959 8608 8562 9791 961 9800 5341 405 4110 951 1702 7082 8638 3941 3622 2072 8259 6629 3860 3939 2399 9237 3691 3330 9307 8853 7776 7708 8557 1728 3330 1072 3358 8565 8633 1022 3900 6130 1504 8326 4850 4975 7966 4314 3919 5080 7372 1697 7000 1446 703 6394 8030 3136 2927 8693 787 5698 3511 8500 8055 536 1987 5490 8765 3887 5137 7936 8034 4552 3514 306 9257 4321 1024 3747 1227 3427 867 7963 3939 1529 1873 2950 955 7527 9414 747 9723 6666 4927 943 9059 5738 2339 4860 5411 8828 380 6531 7218 7892 5290 1801 3023 5261 7421 2720 8736 7977 5479 9027 4754 6002 4617 485 4647 8916 8762 4094 7248 7043 7708 399
6423 8143 674 4648 9340 5977 3026 6139 4427 142 0 5108 5135 8362 7085 3183 5261 697 7926 2289 5967 1088 7635 8987 430 1006 1580 216 7276 6668 5934 3585 884 9467 564 6611 9092 1538 260 4472 4664 3747 9928 8722 6574 7074 3482 9894 3900 4189 1120 2726 7244 6821 7262 1756 4045 9511 556 6880 9468 6992 1641 448 32 4199 3113 8805 3593 628 3861 56 7706 905 167 9008 6117 7311 5698 6010 8437 7482 5019 603 1443 347 6734 8631 489 1710 8603 4458 2457 9922 210 5323 1010 6408 5051 2178 9414 3902 3014 3041 6931 9604 695 6750 2125 4664 1882 4569 400 2296 6256 8080 8549 5639 3151 1596 277 1274 3838 8249 3355 9312 6439 8230 7591 624 6634 6247 2756 3183 2998 9349 4196 6745 3668 5188 1741 8908 5771 6834 2996 9504 3314 1504 1546 8024
1196 6548 13 2788 3021 944 2066 221 2833 6100 5108 0 6693 316 5044 7429 7870 978 2038 1204 435 6159 7683 8938 6850 6400 8826 553 9388 3154 4949 7608 5993 9738 6550 9483 5318 7358 4906 1774 5254 2150 1699 9693 7829 3687 2426 7612 5562 3034 9362 1455 7804 3994 808 6680 7903 8005 2083 6772 7003 3504 7888 6356 5059 7341 5866 7934 1967 5940 6308 9069 2664 1576 8253 4767 2938 3964 5340 8334 4092 8007 4878 506 2811 6130 8852 552 3504 7882 1508 2625 4116 8826 1814 6119 4690 7815 9258 7597 8195 7698 644 1117 6663 230 3012 373 7139 7405 840 7274 6689 3703 9854 3120 8894 9270 1110 695 2407 4814 592 2980 860 9772 1113 9554 6098 5783 9627 6690 2829 9710 4430 2205 5637 8666 1987 373 6648 9339 9251 6928 5519 5260 4902 3873 7714 4069
5209 759 8738 806 388 3434 1998 4579 8264 5850 5135 6693 0 2040 7347 7076 3138 2328 5152 3219 5137 7818 998 5570 2605 3443 218 2925 8469 8986 9428 9419 4769 2285 3980 3738 8951 988 8705 1237 3259 8245 8748 9888 2890 6828 3005 3629 5688 9801 7478 2872 8385 6742 1119 9913 9840 7599 1602 5539 8063 9155 4172 3738 451 4132 145 4422 1068 9718 4800 2472 4438 3657 9194 2761 8995 326 6283 4467 7568 8298 9168 1883 2205 971 6574 8514 1271 2991 2798 1546 2200 5582 2599 6234 8778 8165 7904 1070 891 4714 1059 534 1463 5154 6950 1650 2553 1865 2755 3401 6135 3613 2470 7278 801 4198 5501 7514 1448 9316 4891 9870 1219 43 4772 5439 9368 8893 4675 2045 6453 3083 5250 8023 7431 5081 9511 8409 9945 8968 688 9943 6463 3886 2909 866 3246 833
835 3325 6841 6688 2706 3219 8459 1462 6976 9395 8362 316 2040 0 5144 102 7432 5849 5996 9824 921 1852 3814 2017 8247 8432 6863 7094 2393 5287 4417 9934 4758 7636 7825 8071 2195 7401 5006 5621 2219 4710 4899 156 7946 8974 7423 2129 1537 5232 6734 9820 5719 2212 9604 616 5811 8523 4565 3705 6979 1373 6719 991 2039 9247 7659 6068 6068 8080 2293 3434 5956 7532 1831 6063 4928 5709 9111 1562 3534 2251 1750 9854 6030 4870 2930 236 6869 9631 8493 7325 686 5856 2161 2105 1292 4254 1318 3012 7798 7307 1436 3378 5871 6086 4975 8887 7417 7441 9003 338 9813 366 807 1631 2926 4254 4771 1569 338 154 6363 216 8871 2481 1671 4669 8408 7259 8064 352 9416 9386 4767 2321 6972 3857 6726 1178 5858 7232 7285 5237 4806 8022 9099 997 3490 9024
7206 7185 4610 8909 8170 7617 9049 3533 5052 7381 7085 5044 7347 5144 0 4503 2416 8626 8985 5112 7095 3987 6308 807 4266 3075 9671 2099 1268 9036 5741 9109 9464 9585 2774 847 6794 2603 8160 5467 8697 5491 7301 8019 8902 4989 5118 993 1054 886 559 5201 8615 6916 5062 6469 313 4205 2622 1415 4676 2658 8696 2279 969 7515 59 8105 4733 4953 4605 3822 2707 1142 5234 3877 3820 4961 9483 7100 1524 6868 8283 3231 7467 2513 9717 2157 5376 1013 2007 6415 1587 2322 1241 6787 5163 1583 3029 18 7502 8053 8354 1522 8567 6552 813 8195 8009 3722 8331 80 8922 3744 1787 8701 876 4018 379 8429 6573 7773 266 8566 5802 8589 5495 3325 6405 8773 1429 1778 8416 2835 5354 4118 3767 3023 8070 579 3845 190 9453 2746 325 3626 7886 6053 8883 5544
8350 807 7908 4913 3111 5338 33 5614 489 6125 3183 7429 7076 102 4503 0 2399 8523 5255 6868 2192 5816 9896 6666 1448 1344 1950 232 6789 9626 9803 9672 2393 2882 2012 9267 6831 3914 8409 5214 3731 8699 3145 9603 3616 6762 8299 1531 2407 6334 5561 7501 3415 9814 7864 7646 4975 5894 9769 8132 6179 1294 7932 6365 9208 8543 1587 2318 1806 4973 178 1704 8677 5044 3665 5535 3740 5736 9351 3199 1395 274 1593 5052 4966 6630 5272 331 5110 1719 2801 9156 8499 2904 9359 661 1615 8174 923 3143 6247 2862 4671 5055 5459 518 165 5843 9800 8729 9083 9357 4115 8261 9169 4897 1926 2142 9347 9770 7775 4739 6590 6717 9271 283 5610 6827 9380 6509 6415 7631 7082 8327 3387 1747 5203 3454 8400 1917 9183 2588 2243 7554 4480 5554 2461 7259 8812 8238
6036 6268 8138 4889 3028 1576 6724 4364 6690 7070 5261 7870 3138 7432 2416 2399 0 2498 5068 9900 7744 578 8129 7735 5078 3582 2662 8814 7374 5512 5023 7285 8209 2639 5183 6150 1361 5910 8264 5117 4852 5310 5134 2348 253 3957 2163 810 8243 7838 2690 3485 3100 7309 5247 4586 8518 6339 1284 1854 9810 4417 4483 1017 5692 5973 4023 9677 4836 5629 5217 6393 7878 8456 6843 3811 8854 4800 5485 2991 6950 7342 443 7224 6451 9150 4305 9613 4751 5955 7502 5830 3756 144 6986 3772 3088 8311 9958 4629 5797 7538 7341 5497 9795 1027 8132 51 787 7105 7556 6105 5074 1766 3991 2251 8946 8035 385 3183 1827 2644 5071 8377 1379 122 5416 4504 5574 8786 9118 9925 2404 5340 7769 6552 9072 1852 4671 305 8251 4686 9262 3170 4585 5626 155 7279 6608 9521
1971 9363 5864 5332 540 1500 165 5633 263 8575 697 978 2328 5849 8626 8523 2498 0 7605 3824 9850 5486 9535 8409 9114 5072 9817 2034 9529 4606 2789 1488 5280 6731 8796 2097 5736 600 8650 9396 3707 7715 6514 7599 7880 8855 3412 1375 998 1717 8359 8667 7997 1421 5117 4872 3626 6300 8727 9960 9068 3462 9854 4325 1454 8678 8470 7445 2564 2252 844 5439 2283 5350 6540 9452 7877 1341 9181 6594 3429 5069 6250 4875 899 7128 4296 1740 5419 1616 677 2826 4747 2576 5754 7889 3047 9371 9779 6814 9271 3189 4980 9927 9843 1605 6285 7092 8975 1667 1866 4081 6279 8965 5446 2373 2684 4822 3751 6080 9267 236 1365 1644 9812 4953 4776 7559 8727 1185 5903 27 7852 7208 8788 683 1205 769 1888 8947 9512 7000 1469 4916 2020 4859 2918 4344 9734 9666
793 2238 582 4445 899 4457 6079 6546 6813 3195 7926 2038 5152 5996 8985 5255 5068 7605 0 521 7135 217 257 200 8642 2485 8528 4766 1837 4161 6517 6443 4709 721 8426 8427 3453 4391 5767 9304 6525 8444 7942 1104 7480 7159 7794 4855 6272 6297 8378 8438 4509 2208 2999 2204 489 3429 9884 7579 7967 1637 8772 6456 7268 7517 8001 4780 5234 6991 7062 5890 3694 6872 8830 9906 5878 2550 8047 7212 2075 6760 8826 4894 8420 6667 8473 6435 8569 826 6749 7244 9003 7163 5624 6877 4696 8743 6857 9500 5731 4260 6383 7456 2403 1834 5267 2398 2275 2207 4580 4644 3849 4162 4104 5909 7096 6817 1972 3743 1070 6571 9466 8848 2547 4208 5148 7579 6878 8770 9779 7304 7588 9767 9041 4443 8978 2378 7792 4054 6437 9045 5715 7774 8408 9491 5600 588 1617 8627
2797 4541 9654 4175 6099 7505 5771 6780 8257 9987 2289 1204 3219 9824 5112 6868 9900 3824 521 0 1256 2816 9103 5090 9261 325 4497 8638 4836 7742 4737 498 9843 9438 5673 8082 2567 7423 2268 1704 2407 3776 7231 8557 9501 4998 5017 5146 7477 4871 2200 3753 2570 1587 3655 440 6563 5826 726 7690 8606 4098 8345 4995 6906 2980 111 8892 3387 4073 3332 3089 1469 2780 3162 8220 7848 5429 1023 3212 5938 7478 3822 1254 9172 8451 373 2467 4153 6126 3219 871 1515 2978 4211 76 990 3264 4072 5302 3089 7034 6810 2803 3489 7272 4250 8196 1088 4859 7777 3887 8390 4512 8763 7204 1440 5721 8816 9251 3763 7874 9521 2631 2885 2640 4609 6052 7 4376 6481 432 8319 4957 6173 9979 515 2421 1498 6452 1741 2092 9618 3519 3508 6838 8094 8375 7779 3448
3857 6277 9050 7763 612 1501 7260 1245 2720 6880 5967 435 5137 921 7095 2192 7744 9850 7135 1256 0 8233 8308 9549 8223 6640 2517 7357 3260 3960 4498 4026 5078 9804 4485 5212 7894 848 3671 5786 87 9259 5452 2954 6671 3578 1468 1982 2664 3998 2806 4779 1395 5133 6096 8627 8133 5269 8967 6846 5161 5179 380 7894 1231 8192 9078 2431 2125 1264 2397 9833 1688 9708 6113 4332 6128 996 3442 7414 6305 1523 2057 6442 2803 2971 7538 2566 1802 2049 7835 6985 6228 4704 1943 7389 9758 8426 1457 9067 2964 421 2346 5432 5317 2390 7769 6152 7634 5724 3907 474 6761 894 3481 2238 3967 2536 2883 9480 6707 9318 5311 427 5317 6245 9647 7301 6819 5711 3725 9204 9681 6506 9435 8084 4615 5619 3840 1329 5990 161 2877 7280 2437 1139 1066 4812 2385 5367
441 3544 3044 3718 425 5902 5036 8354 6035 6391 1088 6159 7818 1852 3987 5816 578 5486 217 2816 8233 0 9171 186 2661 5628 8310 5699 5512 8781 467 3219 6466 1405 3741 9440 4555 6548 4175 7321 6464 2281 6339 3417 2859 2065 274 1159 4159 7266 7973 1239 1635 3878 3327 3931 557 5150 5710 4258 7613 6175 8856 6305 5027 8753 3827 90 3869 5052 263 3302 7457 5469 9096 5124 7341 6745 3050 515 9193 3157 7096 429 5792 1913 6102 257 1585 9547 148 5297 433 3805 1674 9437 9995 7201 4289 2444 1328 82 3366 223 8194 4991 1070 3747 7213 2590 1773 6338 5663 2257 8661 9933 5163 816 4622 5281 8682 5499 7359 383 3561 867 8331 5282 1024 9240 7770 5798 9286 1048 3340 9273 855 9671 6413 9917 5737 3304 5308 8251 1391 9450 5273 7326 538 5233
5958 9773 772 8359 6683 8904 9923 7172 9047 4425 7635 7683 998 3814 6308 9896 8129 9535 257 9103 8308 9171 0 1178 3515 106 957 4369 6808 3459 2076 7647 9820 4983 2556 6473 2767 9368 268 8905 3395 8595 3966 4462 9576 6506 2426 8773 5628 5471 9180 9651 5478 2636 147 3932 1371 519 2563 5660 8426 5530 2779 9061 6511 2017 1811 5103 2682 6917 842 2759 1292 9153 3097 3258 7401 6422 6127 3438 8300 8419 9382 9558 365 1428 4418 4232 713 1459 9519 5054 5963 4436 2956 3138 2679 4002 7131 7386 2634 4202 3381 9275 1824 4454 8731 5567 7848 6174 8294 7708 9542 6646 5867 6105 2444 3239 6340 8632 4343 9960 2540 5062 2679 5356 1629 6878 9857 6388 9320 1375 8131 5976 2249 3314 1876 7635 2126 506 1775 6463 7504 1060 4654 9909 5776 2061 1340 8439
6242 7185 5677 579 575 6345 453 4398 353 2063 8987 8938 5570 2017 807 6666 7735 8409 200 5090 9549 186 1178 0 1966 7840 6011 5689 436 8060 2629 6845 5999 7546 9241 1820 3218 9443 6026 9643 5426 2332 7868 5532 1223 446 5225 1692 6982 6296 2886 207 676 848 7225 4148 9260 5619 8355 5274 7882 1576 7258 9711 2158 7090 1582 1489 7469 3068 6858 8671 8810 9464 5570 7418 8350 2160 6377 7119 189 7547 961 7037 6648 1857 7745 4591 1954 3161 446 5423 2480 3173 1095 7711 9157 5992 8651 7285 6426 9200 937 1936 8254 3688 672 9878 9304 4517 4512 4791 9886 5742 7914 8524 218 6208 6954 1272 195 613 8157 9356 8459 1035 6668 192 5648 8094 5976 3340 502 3067 4559 7779 7595 344 4683 1892 4778 658 7510 9917 9154 4478 7 1401 7836 5859
2017 106 2586 6305 3912 4637 5274 7864 6243 8245 430 6850 2605 8247 4266 1448 5078 9114 8642 9261 8223 2661 3515 1966 0 991 6261 9541 7960 7915 1765 7124 2268 9091 6810 8216 2760 1276 2408 4172 8700 7981 6645 2732 6514 2871 2777 9082 232 8632 504 5580 2165 435 5743 5891 5408 380 6563 9238 2363 2403 291 6912 8041 1706 2039 912 1765 9715 1577 5179 2009 1870 4466 5585 2032 9930 574 2790 3732 6479 3423 2345 2681 2381 1786 4287 6766 9708 8481 7450 5079 5433 758 3922 4336 3458 1585 6389 3898 9685 1424 3291 1931 9401 6597 1069 3018 8548 50 7564 4818 2331 9176 1927 3389 6850 8117 8754 9944 7568 2496 2168 9580 4337 5444 3670 6888 6951 5782 4128 8492 4470 8329 8947 7478 1787 7934 3350 6322 8656 9986 5908 1561 6228 8292 885 7720 3166
9418 922 2190 757 6302 999 552 2562 2312 7199 1006 6400 3443 8432 3075 1344 3582 5072 2485 325 6640 5628 106 7840 991 0 5250 8740 200 6081 3979 4067 6905 3848 1318 9960 7643 4539 6751 2445 6900 1645 4479 966 1995 8268 1896 7423 3997 7280 5039 5468 2938 4952 478 5903 5535 3876 5595 1109 8071 2467 6666 6076 3316 3464 6311 5028 4655 2306 3270 2601 8628 1790 2967 7688 2834 1644 9815 8398 8723 9433 938 7704 2832 2637 745 6909 8106 3646 5269 8887 1240 4024 9062 9139 4066 7150 8324 3726 8167 2239 6649 6292 9458 9140 3283 3953 8435 6439 5955 1155 3964 6017 356 3491 9437 890 8512 8396 8803 4093 8831 3832 583 8408 1762 2203 4786 4885 1443 8793 1302 7392 9625 697 8552 3682 1514 2460 3449 4087 1430 9857 5311 9814 1536 5807 5025 6389
6949 9483 5857 7534 1964 6365 6130 2310 9348 5959 1580 8826 218 6863 9671 1950 2662 9817 8528 4497 2517 8310 957 6011 6261 5250 0 4649 8562 8844 5585 7735 2146 3195 8526 2281 9908 2430 4391 9493 8296 8003 6191 5222 3250 5492 4887 7006 1325 5222 7296 3859 6827 4270 2533 4127 729 3094 7598 2045 6409 5928 3298 7803 1707 7752 7218 3055 291 1701 6919 2879 2124 8431 1034 8689 7102 4580 7172 2312 8464 109 8672 5666 5622 4944 8408 3015 5037 8958 441 7733 3976 8372 7577 4053 4309 8938 3833 2268 1205 1827 8476 9122 4450 1784 9389 9294 3941 5399 9368 9002 5223 7095 3203 2928 8168 8522 9776 7101 4152 8096 2127 3261 9738 1066 2339 5627 8257 973 8468 9634 953 5434 5362 937 5357 3959 7089 1973 8938 9676 2686 1656 3938 5780 3651 6640 4056 3263
5278 6149 7753 6817 6201 1397 2463 5719 3983 8608 216 553 2925 7094 2099 232 8814 2034 4766 8638 7357 5699 4369 5689 9541 8740 4649 0 3529 951 3759 1893 9528 4641 1132 3613 921 2849 8902 5934 6724 8088 1330 2033 1661 3031 2146 1752 8801 2949 5033 4795 764 626 5826 5922 4393 7111 7954 5633 4563 2825 635 5228 6050 3180 475 2356 4743 343 9806 2943 8631 2783 8383 1618 4951 1647 8209 8309 926 6655 2742 2520 1004 9591 2173 9871 3445 4089 1486 8930 4643 7981 7864 8936 6502 197 6737 5285 2916 4864 3995 6852 4480 1271 9645 9438 2539 8588 4515 7324 4088 8270 5426 408 6207 8821 9543 7519 9204 5915 4145 4200 7820 7305 9475 4735 8567 5910 3083 4170 5044 5296 7099 6515 9962 1658 4067 5192 7873 9120 3177 6614 2815 8298 8923 9880 208 6662
1976 943 7464 9672 6071 4049 8649 5509 6714 8562 7276 9388 8469 2393 1268 6789 7374 9529 1837 4836 3260 5512 6808 436 7960 200 8562 3529 0 7426 833 4142 3515 5 9604 1883 673 588 7906 6522 4604 5928 82 2059 2548 9159 2109 1974 3472 5203 9588 8322 5095 5290 7242 7645 1412 794 479 6732 8084 9111 8973 411 4417 4542 7344 1777 4749 3130 5060 454 8191 974 3013 2930 3859 4297 3991 9653 6378 4303 6181 1875 5522 4491 203 2175 8486 1067 7585 64 3275 6020 2887 7532 6485 835 9008 1777 5246 5504 2749 1455 6409 34 2766 7061 8388 9015 5782 7284 9070 2703 6479 7949 4036 910 207 9370 9210 8996 6452 6762 6691 9984 1097 4119 8857 6935 2553 3159 7765 8652 9576 1123 1961 4283 7953 5315 2956 6548 5934 9569 3071 2735 6982 741 6510 3053
1765 7531 1971 1396 9353 5818 7437 8557 2790 9791 6668 3154 8986 5287 9036 9626 5512 4606 4161 7742 3960 8781 3459 8060 7915 6081 8844 951 7426 0 6521 773 1863 2506 7257 6696 9280 1830 5923 789 6030 1608 2021 2458 1818 5566 5196 5388 7746 1116 9893 277 976 5352 622 7356 9966 4660 176 9800 3318 5944 9111 1721 5079 7698 7573 9297 6610 5370 4856 8826 770 7597 6486 1975 7240 6309 9926 2514 9216 6576 1617 8837 3102 708 8614 2951 3921 2764 2677 3823 8310 7653 1218 3836 6183 2176 354 2556 9326 8491 6892 3739 5205 5341 6155 5936 767 6027 6366 6747 3890 727 2089 318 9454 3276 4246 5040 6836 7240 6627 8714 20 1185 760 9555 7824 6666 7601 1174 321 9392 8553 8751 441 2486 8873 6092 2610 7332 4742 4659 7219 7003 6665 6898 6611 9684
9742 1804 9628 1840 5536 3412 268 81 2732 961 5934 4949 9428 4417 5741 9803 5023 2789 6517 4737 4498 467 2076 2629 1765 3979 5585 3759 833 6521 0 8169 7655 3751 8998 4618 5428 285 5705 5910 3700 2162 4354 8805 6639 1852 5091 7628 923 783 4707 3657 6271 3118 1406 8850 9729 6417 1643 7192 8601 8314 9813 5747 2615 2740 7861 2518 9522 2119 8854 7075 7432 2393 8315 1445 5566 1150 8669 7100 9139 7919 8760 6886 1341 9322 3960 8549 4894 7708 7744 5987 6478 1036 6897 2863 3991 5950 5226 3481 9966 6703 6868 245 8403 1747 5924 9112 9341 3600 2124 5056 6332 1244 9060 2650 2995 1385 3555 1223 6139 6113 3001 1236 2550 5929 65 2823 1083 6398 6016 1374 3000 4496 2749 587 1541 3557 1897 7782 7791 120 1181 6122 4551 4525 201 3754 6895 62
7547 5833 9223 6036 2500 7071 8117 8633 45 9800 3585 7608 9419 9934 9109 9672 7285 1488 6443 498 4026 3219 7647 6845 7124 4067 7735 1893 4142 773 8169 0 2483 6870 2445 272 3763 7508 1225 6274 7805 1834 5103 8395 5753 2362 4792 7863 3041 7199 7246 9625 2554 1165 948 2199 9639 9928 4779 7440 8666 756 8614 668 7196 3204 934 922 9197 8410 6114 7688 938 1455 890 7317 9353 2847 898 2130 1324 2768 3896 3653 7191 2389 3420 1755 9666 5410 1685 4016 3422 5887 3148 1449 7370 2192 1997 8144 6783 6637 9433 4502 7383 319 3918 9906 5230 3476 98 5793 2703 3534 741 617 4256 5511 3742 2344 6282 823 5867 7578 4908 1749 2493 9335 8947 4438 8114 5239 4569 2641 357 6256 4428 6020 6700 2805 1832 7651 87 2583 38 1510 9861 5420 6965 4707
5606 6277 7595 2749 9003 5593 2640 9130 8840 5341 884 5993 4769 4758 9464 2393 8209 5280 4709 9843 5078 6466 9820 5999 2268 6905 2146 9528 3515 1863 7655 2483 0 8364 9923 3691 5143 8354 6054 4237 5443 1372 9684 7230 4928 7224 7257 5530 7253 7412 5554 7214 1436 1165 8774 4286 4540 9346 5434 5725 8398 352 1074 7907 6872 9433 9525 3229 9166 1603 7977 61 4287 5001 1832 3341 658 2014 240 7406 7775 8614 5426 3647 6809 2826 9469 9711 1825 1940 4492 4826 4517 5388 5644 4116 5679 6311 7762 3258 5363 4326 3447 2923 5725 8808 7485 4293 3847 291 9518 1558 4002 655 1387 9278 2090 9074 7039 1539 7679 4891 7214 1369 2324 9767 3104 8774 6331 7098 4491 5274 4782 9745 5200 6896 8237 8606 1310 9040 715 8797 573 3563 9200 1201 7815 6551 4417 3704
9978 5302 1253 5270 7768 2134 6168 443 9871 405 9467 9738 2285 7636 9585 2882 2639 6731 721 9438 9804 1405 4983 7546 9091 3848 3195 4641 5 2506 3751 6870 8364 0 8714 175 3519 8470 4009 7013 7261 7336 6239 645 5028 2171 812 6760 3528 221 5552 7899 4965 1562 983 3334 2640 9131 2730 2823 2014 9542 9911 825 2157 1789 1235 2309 3203 2622 3669 6581 1937 5789 8397 998 5896 1142 7712 8812 7060 6396 9134 7935 5082 4264 1615 5444 1416 306 4780 4551 1681 5686 2907 2704 5333 2510 1345 9170 6040 9851 8319 6219 7036 930 5414 8891 7440 5426 1672 6172 4977 2351 7148 1057 9254 5622 1331 5461 2667 7678 2863 3303 5917 5840 9998 3184 2946 9301 9559 6010 1616 8421 7920 5458 1372 2402 4108 8741 8165 7975 1677 7987 9944 8269 1994 6468 6124 8848
1811 4058 4709 659 1488 1009 6482 3301 1538 4110 564 6550 3980 7825 2774 2012 5183 8796 8426 5673 4485 3741 2556 9241 6810 1318 8526 1132 9604 7257 8998 2445 9923 8714 0 6420 936 9589 6665 4527 969 875 4846 9548 6053 1775 1759 9426 4378 2866 6497 5110 5921 2662 3807 4457 4509 6069 1317 1138 2725 9582 5041 2284 7309 6544 8545 6760 3417 1354 6604 8231 318 1289 3132 7120 8999 8147 9291 5743 1296 9441 8764 5716 4723 3875 94 6609 7975 5758 284 4563 1104 5919 9647 3443 3200 5397 7053 6910 4915 6944 6773 449 2857 414 7938 9111 516 1028 7560 2003 3287 3401 5402 6615 9740 7056 1438 1583 3151 6947 3444 3634 8475 3099 1466 7250 8385 7455 980 2880 6932 4235 3901 2419 6125 1349 8465 7220 1504 4268 7897 9355 9370 2423 3844 9695 8823 8963
5559 5753 5490 818 3044 808 9053 5201 1751 951 6611 9483 3738 8071 847 9267 6150 2097 8427 8082 5212 9440 6473 1820 8216 9960 2281 3613 1883 6696 4618 272 3691 175 6420 0 4457 361 8909 1571 9698 6278 8804 279 7548 346 8499 2165 3789 1979 5863 4567 3653 297 7887 2832 4551 3118 3624 6905 50 9521 5894 6415 8873 385 7120 7594 5658 2725 2729 2995 8458 8582 3553 7734 239 3740 7571 4167 5532 8319 6786 3601 5097 3322 8088 8448 546 3591 1133 7164 7476 1766 3074 570 9569 8486 3052 7641 4766 2505 4285 5244 1917 9493 5040 8702 747 6676 1322 3802 9732 9725 1943 4302 6418 6427 4020 2679 5528 8102 9822 3601 8999 9882 2279 6264 1903 3172 4832 607 9937 5943 7053 1561 4066 873 6853 932 9159 1358 3333 6567 6210 9134 1677 291 9126 5261
9783 5896 4773 1144 2560 709 4872 4511 7726 1702 9092 5318 8951 2195 6794 6831 1361 5736 3453 2567 7894 4555 2767 3218 2760 7643 9908 921 673 9280 5428 3763 5143 3519 936 4457 0 8798 4241 4316 5475 9614 730 9740 5081 4554 7326 1190 5193 572 6158 3964 3742 9276 7874 5924 6554 8582 2644 2661 1254 5601 3486 7813 6526 2854 4281 1219 7853 8179 3239 9122 4739 7555 9594 3623 6762 5278 8716 975 6189 1903 2083 4244 8625 48 8123 8589 9584 769 9084 1258 4092 8374 212 2319 9127 8947 4949 3333 757 6282 8425 1633 4740 7618 4261 3322 7141 1960 1342 8211 9231 9663 8550 2882 6794 2502 6211 769 1363 9995 3677 16 7994 9876 3582 9941 2512 9669 9296 8716 6930 9669 5960 5985 3023 6376 3390 7946 3077 4619 7163 9740 4649 3750 8044 2985 8156 4317
3914 8813 9744 5503 3238 9139 8962 7900 763 7082 1538 7358 988 7401 2603 3914 5910 600 4391 7423 848 6548 9368 9443 1276 4539 2430 2849 588 1830 285 7508 8354 8470 9589 361 8798 0 9222 4405 2634 4331 7998 2801 5220 7681 6837 64 7229 9182 9863 2768 5153 3170 6235 510 3632 5190 1412 4396 8846 3657 7047 3546 2607 6294 4455 4631 3925 7398 4899 708 9340 632 4147 1183 2192 217 502 387 7166 5262 2126 1924 1926 2383 2703 3496 3209 8346 495 3888 9748 8322 8251 1259 2581 656 567 8901 8590 7125 1541 2096 4579 7201 2179 6536 3617 7102 560 566 1551 3134 6113 9775 5907 9648 9559 5239 9199 4691 3669 5129 105 8266 8537 561 7489 4320 3715 7646 6889 7581 6207 653 5088 8845 9109 1927 6206 293 2661 3690 5591 1375 2496 9147 3782 6108
7955 2012 748 8333 5628 7050 6411 9424 4373 8638 260 4906 8705 5006 8160 8409 8264 8650 5767 2268 3671 4175 268 6026 2408 6751 4391 8902 7906 5923 5705 1225 6054 4009 6665 8909 4241 9222 0 5783 2510 159 3654 6454 1471 8746 8669 9615 1960 1534 400 5813 9568 507 8004 1172 114 4677 7053 3651 5266 4741 7851 6314 4367 2511 859 5738 4394 1401 2842 7250 8811 5995 533 213 1506 5604 9026 9534 6636 2929 9614 5842 3658 2795 2080 1345 1128 9663 6957 5203 8061 1404 1053 1417 2374 9459 2596 9605 1462 5732 5416 1181 6269 5534 8172 3528 258 1650 1110 1677 5960 774 6544 1226 3150 4361 4942 6778 2730 9074 7496 6017 8680 4385 5587 4402 3613 9371 4325 460 5947 3849 4237 8372 3903 5184 6076 6014 4752 5667 1531 5134 3243 9704 5214 4176 2588 475
8716 9949 5965 6183 9183 2369 7562 1704 2887 3941 4472 1774 1237 5621 5467 5214 5117 9396 9304 1704 5786 7321 8905 9643 4172 2445 9493 5934 6522 789 5910 6274 4237 7013 4527 1571 4316 4405 5783 0 9274 6754 2822 4036 6402 3896 9657 5081 1816 790 4462 6952 8432 8770 633 3464 8867 6211 5139 4627 3603 3275 4352 2679 4368 3698 1008 165 4241 4132 9166 5630 4343 8602 7116 2368 5312 7002 7715 6596 8271 4584 1339 5564 352 8389 4648 3486 189 1568 8006 9644 4652 2315 477 8401 802 126 4401 9175 9626 5926 3067 1764 7516 7638 938 3507 2330 723 6364 4669 8912 3689 9499 5832 3189 568 1470 1703 5731 8634 7138 2209 8807 8133 2946 1842 4655 8670 9644 6990 7576 9130 3441 689 61 561 5877 7700 6466 156 52 1352 3364 190 1704 8769 7505 408
3861 2627 8682 1962 6465 2664 3478 7767 7515 3622 4664 5254 3259 2219 8697 3731 4852 3707 6525 2407 87 6464 3395 5426 8700 6900 8296 6724 4604 6030 3700 7805 5443 7261 969 9698 5475 2634 2510 9274 0 7654 642 2382 9929 9356 2672 4911 7180 4567 2049 66 9455 4572 5448 7120 7556 3145 4056 6026 2494 360 2141 3606 1629 144 4452 8173 1912 5035 8832 6489 7247 3216 3386 561 2795 9996 3861 8135 4376 5130 832 4852 4293 9760 3133 7015 7627 9709 6110 3902 8695 9303 3539 2154 1820 6760 7067 3127 1113 891 7943 8359 7671 9434 5734 3994 4003 8742 7567 3325 6902 6674 155 2534 7852 9238 9892 969 5757 4856 4938 8885 7952 7154 2697 6882 3140 4854 7425 1717 9111 9010 5047 221 4505 4552 7080 8432 3078 562 2098 815 8891 2082 3180 9268 8203 3318
9379 1200 7676 9605 9905 9428 7076 3764 6234 2072 3747 2150 8245 4710 5491 8699 5310 7715 8444 3776 9259 2281 8595 2332 7981 1645 8003 8088 5928 1608 2162 1834 1372 7336 875 6278 9614 4331 159 6754 7654 0 419 7499 8019 7285 1762 4959 7321 3836 8412 694 4961 8065 8099 6962 7264 7528 207 5988 1724 8640 7252 3108 3460 8417 8553 1644 2786 8579 4221 8787 2290 109 1856 3837 8657 4139 4725 2563 1283 2959 397 4864 7138 7195 4151 734 4431 7690 3831 4994 4600 6830 5007 28 5647 940 9212 3093 664 2347 9595 294 2584 1633 4666 1376 1048 5022 7869 9088 3036 5996 840 9584 6344 2070 8891 5599 9790 7307 2735 6488 7894 4857 1889 2114 5025 9280 9693 3573 104 2261 3938 4834 7643 8378 5962 7082 8954 7364 5695 1617 107 3383 7305 6156 6920 7241
6126 6091 9969 8457 5703 6443 2389 9122 5552 8259 9928 1699 8748 4899 7301 3145 5134 6514 7942 7231 5452 6339 3966 7868 6645 4479 6191 1330 82 2021 4354 5103 9684 6239 4846 8804 730 7998 3654 2822 642 419 0 4130 8633 9775 3627 1534 4063 861 6295 2305 4933 570 8749 1621 4642 5985 1052 4351 1878 4861 2871 2412 5382 4523 5122 8887 8693 9566 7563 3939 1462 7820 2203 3960 8276 3702 8068 3703 5339 5372 8927 2304 2688 8582 7405 1702 3428 2542 3877 7422 7642 8426 7282 5756 4762 5591 8233 378 5348 1473 4473 2958 4127 790 2726 8831 410 7075 9045 7820 7201 2836 2458 6036 8620 310 3140 5212 587 210 249 4620 6842 9824 3874 1526 7565 8741 4400 9265 3281 4852 3663 8823 7165 204 2062 240 3176 6140 7825 7660 3 7207 9641 1293 2240 8808
4647 8517 8764 7976 8818 4217 1322 9219 4546 6629 8722 9693 9888 156 8019 9603 2348 7599 1104 8557 2954 3417 4462 5532 2732 966 5222 2033 2059 2458 8805 8395 7230 645 9548 279 9740 2801 6454 4036 2382 7499 4130 0 1521 9467 1957 3749 3389 3836 1697 6456 9056 5886 1854 1915 58 5472 3660 9681 3327 4766 1793 659 446 6191 469 7766 9313 7836 1646 1182 4299 2266 7023 14 5677 6475 3473 1486 3200 2454 3016 2830 4459 714 9022 6442 5899 7173 9259 9324 171 2684 6591 4166 9292 3382 4015 8162 6413 1460 4982 8501 4066 5630 8732 3921 3869 5909 2734 3047 1355 1103 2149 9547 5144 5504 2983 5495 4138 6623 2869 6178 4475 431 1702 6021 2261 8745 9940 4443 7645 6062 6495 9362 3034 4710 35 3573 468 3815 8823 1558 9058 555 2799 8250 5684 2534
1131 4933 7964 6603 7433 8443 5262 3255 9155 3860 6574 7829 2890 7946 8902 3616 253 7880 7480 9501 6671 2859 9576 1223 6514 1995 3250 1661 2548 1818 6639 5753 4928 5028 6053 7548 5081 5220 1471 6402 9929 8019 8633 1521 0 1577 6299 6499 8652 2555 7440 9351 1761 5519 8507 9583 9419 8453 3738 5821 2278 6580 9689 552 6732 6115 8422 5218 5136 140 2898 968 4721 5656 4366 21 6280 5953 6835 2718 3327 1405 7555 3931 7700 4176 9121 1959 4586 2921 6851 5930 6185 4024 6507 9814 6029 6310 3571 5513 2917 4180 2661 1914 5423 1896 5019 9459 6502 7757 700 1517 4836 9136 872 9127 3543 5347 9527 1806 3890 4615 4137 1823 1416 8853 6665 4671 8227 4525 9451 5457 1720 3689 2816 6900 699 4946 20 8868 4526 7324 2462 1651 90 1781 8621 3539 5653 4304
9337 1498 4262 5713 7995 6093 7031 3066 7890 3939 7074 3687 6828 8974 4989 6762 3957 8855 7159 4998 3578 2065 6506 446 2871 8268 5492 3031 9159 5566 1852 2362 7224 2171 1775 346 4554 7681 8746 3896 9356 7285 9775 9467 1577 0 2358 97 9580 700 7721 3311 2939 6263 4984 1147 5852 4772 3708 6459 475 4083 4126 2162 4148 7823 377 1510 8021 1411 988 9671 6570 5247 3713 5951 8793 1176 7588 8545 4549 4284 4927 5958 6748 1389 4511 5665 3924 3311 2777 2180 6327 2983 7706 2822 3348 5225 21 6484 3907 405 8250 6219 8723 1732 290 9488 9551 4069 6790 2067 2027 9183 7536 3117 4613 4698 9681 2405 965 2336 7042 3539 9677 9023 2391 6761 4134 7346 5811 9361 5551 2257 9140 3327 5107 7785 6722 4377 4637 5351 1196 4416 7730 7830 3671 4006 5489 2843
325 2869 3366 3078 1946 1832 1784 8534 702 2399 3482 2426 3005 7423 5118 8299 2163 3412 7794 5017 1468 274 2426 5225 2777 1896 4887 2146 2109 5196 5091 4792 7257 812 1759 8499 7326 6837 8669 9657 2672 1762 3627 1957 6299 2358 0 26 1784 7608 7266 4966 2966 6652 7668 1632 5543 381 2290 742 7118 744 9452 8673 8894 9178 4278 1287 2908 9535 2913 4877 6239 7748 9104 3267 1148 7434 6330 1507 9711 4761 1797 8968 3385 9834 3253 1738 2158 699 8724 9622 7806 8862 1394 9432 8622 1865 3244 7520 9378 1565 894 9414 6931 7544 7969 159 6795 2721 1857 7309 3631 9842 807 5963 9213 4611 7107 1801 997 2784 4068 6477 5877 2227 8719 5712 1491 4627 7057 9847 4155 6063 2257 8548 6804 5804 440 8930 7427 2595 1804 109 3908 1155 2666 2714 8026 9747
2655 205 8688 5200 9228 3988 646 1511 5973 9237 9894 7612 3629 2129 993 1531 810 1375 4855 5146 1982 1159 8773 1692 9082 7423 7006 1752 1974 5388 7628 7863 5530 6760 9426 2165 1190 64 9615 5081 4911 4959 1534 3749 6499 97 26 0 1196 1521 3715 2906 7644 9636 5311 4816 6206 2403 2264 4781 5162 4832 9040 6893 6074 5692 6530 8678 7904 4591 9565 5960 2549 6868 6137 5849 3154 3000 7498 1758 1934 2416 2059 8783 2161 2888 2319 3235 7084 5936 5554 2841 4242 1628 2609 3383 8813 8660 1609 8750 6053 6306 5507 7127 511 3410 362 5043 5588 1337 7014 6670 9164 6544 8170 342 6415 7581 8553 6052 1657 6110 500 7853 6240 3444 144 921 5214 7552 6235 8576 9113 11 8251 754 2400 9003 8364 4022 4579 1296 3857 9823 8114 3780 1716 5294 5532 1439
4609 193 5359 6290 6690 799 3200 2224 9626 3691 3900 5562 5688 1537 1054 2407 8243 998 6272 7477 2664 4159 5628 6982 232 3997 1325 8801 3472 7746 923 3041 7253 3528 4378 3789 5193 7229 1960 1816 7180 7321 4063 3389 8652 9580 1784 1196 0 250 1081 2806 4401 7027 6580 4304 1569 8108 9644 6630 1617 6900 7554 9388 8117 5719 2272 1577 5897 5525 7802 2726 2822 8933 1779 9348 3744 6393 6312 7795 957 2738 6592 7512 9005 7320 6337 7645 1404 3589 7744 8113 3798 2223 8993 8358 1245 7982 2838 2293 9509 8602 3795 1628 1838 4949 9094 1164 7260 6717 8419 5442 8965 4525 3841 6469 7922 7970 970 2775 9242 6492 825 5602 8248 9780 4928 3439 7580 709 2581 4300 7195 5673 667 9403 9739 3242 9593 3830 6795 3901 4034 9999 7400 8728 4501 5957 2946 7097
7509 3612 8652 9953 3937 5559 8935 4055 5173 3330 4189 3034 9801 5232 886 6334 7838 1717 6297 4871 3998 7266 5471 6296 8632 7280 5222 2949 5203 1116 783 7199 7412 221 2866 1979 572 9182 1534 790 4567 3836 861 3836 2555 700 7608 1521 250 0 5498 8498 1586 1287 7014 4730 734 6150 3033 2010 1586 633 726 2191 4193 4469 6541 3783 7219 4314 2336 3364 7945 2018 7574 1186 8549 9521 5285 7386 1104 8975 8634 7300 8827 4171 6882 996 2055 4019 121 7490 5339 7116 1435 7360 4178 1993 5773 2999 8747 9467 5068 427 7225 835 7506 1768 6585 6008 4899 5105 5451 4251 2555 9914 6867 5066 8664 6035 8219 9543 2909 1188 8810 2811 7530 1674 4078 2274 671 3462 1203 7028 8039 448 6324 4636 8663 9161 9813 7075 7706 8456 669 8853 5527 1000 4346 4952
7019 1840 3856 7217 1888 5141 2939 9780 7457 9307 1120 9362 7478 6734 559 5561 2690 8359 8378 2200 2806 7973 9180 2886 504 5039 7296 5033 9588 9893 4707 7246 5554 5552 6497 5863 6158 9863 400 4462 2049 8412 6295 1697 7440 7721 7266 3715 1081 5498 0 9181 2834 1559 230 3105 9434 7262 6311 1412 8000 4439 7889 5283 6176 9948 2630 326 9927 6345 712 5702 2838 2042 4458 6816 6551 1073 3161 1757 9059 7989 3637 9524 6057 5737 1659 9848 97 5225 4427 7186 7105 398 2775 5356 8188 7054 1282 3206 6668 3478 5714 5808 1724 7476 8914 6198 8577 3106 709 6973 8610 6337 3328 1896 7886 2359 3637 6472 9733 2807 2688 2721 422 7009 135 1856 3664 6136 1301 2157 7679 8248 9325 451 7381 7320 8602 9807 4520 1111 1189 3213 7783 1444 1243 5760 4787 1412
1120 1956 8945 1906 4118 8877 3761 4799 7442 8853 2726 1455 2872 9820 5201 7501 3485 8667 8438 3753 4779 1239 9651 207 5580 5468 3859 4795 8322 277 3657 9625 7214 7899 5110 4567 3964 2768 5813 6952 66 694 2305 6456 9351 3311 4966 2906 2806 8498 9181 0 6954 7645 4423 1030 8407 2290 6958 3624 9549 9193 308 3754 2647 8119 9313 6344 9426 1431 4117 1516 377 7599 7500 5465 9855 5003 9705 9969 6677 7517 6608 1035 239 365 6029 5200 6365 4317 1934 2943 2825 2025 6724 4729 8 8852 4617 1345 1982 9763 1567 919 2752 4343 5354 5464 4085 6501 9018 854 3518 4566 2668 8336 7314 1852 5656 3084 6456 8600 5070 4949 7324 83 4589 323 1509 417 9251 2752 6283 7147 2165 3677 4900 7536 8627 1604 4142 1318 760 9469 4184 7059 4371 2278 7776 3383
1602 3293 9044 7830 9937 6521 330 4557 8089 7776 7244 7804 8385 5719 8615 3415 3100 7997 4509 2570 1395 1635 5478 676 2165 2938 6827 764 5095 976 6271 2554 1436 4965 5921 3653 3742 5153 9568 8432 9455 4961 4933 9056 1761 2939 2966 7644 4401 1586 2834 6954 0 8556 5385 1948 1236 6086 2606 6762 7456 4095 5108 7774 857 2986 131 1329 3441 7879 4542 967 2227 7700 9721 9512 6358 4509 8079 9294 7959 323 5121 525 6414 508 9391 6089 617 1859 795 7338 1199 2077 7965 8710 3961 637 8424 9545 795 6519 1515 5856 2595 5413 2663 6031 8014 3034 8702 7281 2474 5715 2893 9543 8446 2298 5728 5065 5482 7917 2442 650 5341 2443 2306 5866 1110 4890 157 942 3026 5565 2776 68 4423 4617 7783 7725 6192 9397 1650 316 1433 2182 7232 5301 9340 8787
3257 2662 6591 4079 1672 7223 1989 9139 1632 7708 6821 3994 6742 2212 6916 9814 7309 1421 2208 1587 5133 3878 2636 848 435 4952 4270 626 5290 5352 3118 1165 1165 1562 2662 297 9276 3170 507 8770 4572 8065 570 5886 5519 6263 6652 9636 7027 1287 1559 7645 8556 0 711 9579 590 7141 858 6824 1857 7588 6148 281 2765 4476 899 3697 6131 6202 3616 3730 9515 9484 7539 1886 8006 4139 9653 4225 6866 1248 3314 451 966 4493 4232 5813 5202 7769 4601 4892 3956 1792 5874 8331 1946 2778 4734 6173 4206 3156 7909 5041 7477 7480 7837 9788 8532 7882 3134 1522 8165 3521 9269 5700 2247 9225 8276 8246 5092 4176 2213 8558 8336 7678 9204 8450 7763 7383 1214 2522 6487 9161 3178 8405 1117 7342 7777 8897 2772 9459 4566 2562 4303 705 585 5947 8866 3537
