100
0 2842 2877 6338 7086 1806 7630 6052 3771 7368 7169 644 3745 6049 4639 3815 6105 2948 1198 6302 2775 4698 3636 9044 5169 7198 6321 209 8729 1080 6676 9848 9439 4394 6193 6999 8649 1754 4884 4228 6403 2805 7152 2818 3538 7222 1815 3598 3263 8360 7234 8447 7760 494 1219 7923 6301 973 1012 5012 8877 3098 7600 7790 6091 7788 5304 2032 4201 4118 8937 669 1691 5376 8128 2665 353 388 5182 4977 2208 6766 6531 8473 2171 734 8716 8179 4143 4577 7575 2898 1095 2247 2819 5515 739 5355 9776 3935
2842 0 3184 7116 2348 4984 9849 6848 5773 6737 6510 4593 127 2023 2193 7004 5261 8693 9254 1888 4313 1406 1712 4849 5129 2051 7135 2870 9717 8925 9336 774 9804 7476 2614 9935 778 8511 7354 6977 9625 8517 5501 975 8319 6293 2354 8708 1241 5611 9295 230 9077 7047 5343 6575 1750 4162 7580 9897 3573 3444 1635 1526 8651 379 3256 7047 7918 1674 9592 4428 4184 8572 3693 822 706 2782 8233 2975 8738 1508 6800 3045 7238 2900 411 6941 8316 8351 3751 1803 4068 628 5209 4398 1672 7247 6278 5889
2877 3184 0 7448 2746 3218 1509 4215 6625 7584 2406 6489 3884 8399 6150 9820 2143 9321 5262 2091 5990 1939 2531 467 7205 5713 8359 2283 4934 3039 6757 1969 162 4733 2953 9717 8957 7454 3279 3880 7008 6893 8110 4156 9624 455 9419 5096 1181 6261 8178 6103 7946 1219 8868 9777 9100 120 7981 6338 277 6900 2034 6782 6549 7429 5146 2258 7539 5703 8543 9364 9812 688 1651 2376 6057 4030 2470 9965 6982 9181 3788 3994 2443 2468 5566 3035 5890 1510 9857 6861 6607 959 4423 5019 3542 1132 6034 7065
6338 7116 7448 0 3888 9205 361 4234 8109 4223 8784 1148 9679 7137 474 3619 1876 6020 3832 6094 7226 5569 1064 4935 6819 3413 6693 6153 4944 4740 8528 2755 8206 3714 4821 736 3143 2289 8550 2687 5344 5643 1813 6285 2758 1870 5340 1551 7726 2683 9161 4613 5316 7879 4073 8116 1320 9079 1676 2875 3220 5939 586 3957 4691 1984 6136 5130 9891 4188 3504 1242 3716 3592 1593 4506 5609 3012 9537 6465 7042 1460 6616 6739 9098 5445 4147 2364 3509 1843 113 2384 8003 8397 9802 5110 4396 528 5792 6130
7086 2348 2746 3888 0 1599 1422 6729 6670 9299 6927 4349 1671 9353 876 5464 8284 8931 8770 2300 8338 7725 5675 8494 3808 5860 8451 6476 5272 419 6041 5063 2049 8942 7813 2181 7342 9769 5669 2212 5016 2277 4150 121 1500 8894 2734 7895 8827 7138 9369 6035 7358 1144 2581 1447 1455 5552 9003 2337 7000 177 4370 9060 170 8691 4974 4160 3991 2192 9381 6055 6440 7363 3345 4871 921 8998 4593 1659 7424 630 3709 9233 8252 227 4372 7785 1950 5448 8216 9902 2300 2482 812 7347 8607 1912 5771 6511
1806 4984 3218 9205 1599 0 7114 3173 5393 3068 8423 4566 3815 9313 5564 6491 7511 7972 9795 5820 225 506 3087 1862 6183 1487 5949 4812 6975 7578 5907 2297 6192 1499 1726 1198 8052 2126 1476 2000 2163 1093 1806 5841 6666 2657 7301 1438 5570 9331 3601 6746 8008 7205 1851 5291 9228 7526 1371 6002 3374 3211 727 5584 9366 1535 276 1218 426 552 5538 9980 4997 4563 4509 2077 9160 8640 4715 3019 6959 9323 6925 4435 4211 7195 5684 9019 8190 4779 1313 8712 1831 4174 1401 8278 8058 9797 8002 8444
7630 9849 1509 361 1422 7114 0 4121 1176 6931 9070 4294 2132 1201 9166 3849 8868 3322 4880 7046 9864 566 6541 715 3648 2096 8102 3245 2916 4425 9476 831 5114 9299 8135 9110 9410 4084 9643 3776 7017 2411 6356 5142 8280 8174 8554 5758 0 1197 1732 3719 9172 6462 6249 6591 5152 7174 2496 5021 2342 8174 6200 9529 7031 4945 3394 8813 2233 8100 9953 8604 1636 3283 5804 9504 4221 8923 5597 5134 3836 9010 1550 155 3798 6991 3001 3803 2733 923 6772 3573 4944 4592 9126 3708 9107 9530 4988 4609
6052 6848 4215 4234 6729 3173 4121 0 2295 4706 9688 7029 2344 5636 2433 2810 9422 5139 3578 7116 1806 9056 6524 4088 9131 7960 9959 617 697 5294 9588 5285 2226 8428 1978 6316 6482 4932 7019 7740 7576 3848 3594 7436 1535 4609 621 4622 8917 342 6989 4077 8498 1737 9099 3948 1241 1394 2795 5425 8675 5395 6922 8058 3646 5118 7026 374 6311 7976 6866 473 2761 6982 191 9339 1361 4668 6352 8759 5955 819 7675 6109 4947 9476 4114 1970 9355 7682 227 6549 4990 4818 8098 8017 9077 4383 7514 3694
3771 5773 6625 8109 6670 5393 1176 2295 0 3385 1190 6538 3363 1681 8493 9194 2250 3499 4083 6917 2092 8701 3959 6491 9020 5556 1527 5010 4436 7917 4069 9308 55 2637 6612 6781 1455 4032 9540 2720 693 5791 1807 4031 7624 2396 9929 4490 5107 9525 3491 1273 5796 4959 1411 4196 9107 1975 3615 895 758 7625 2588 1133 9226 5898 4196 7628 2924 9421 1994 9639 7884 9909 1896 7811 9269 9378 8479 7940 545 2822 9090 2627 7869 543 1107 4466 2886 7947 7779 2748 2256 3560 3825 8532 6286 4287 1201 7639
7368 6737 7584 4223 9299 3068 6931 4706 3385 0 9057 5042 5199 4802 8955 6503 613 9987 8571 9985 745 5596 5575 4148 4040 5264 9196 1271 8404 5759 7767 8560 1405 2046 6561 2808 1757 2625 8952 5182 62 892 8018 6951 5781 9868 4439 1784 5228 6010 1758 5235 3638 3350 851 429 4064 2620 1783 2602 8922 5949 2858 3914 9580 5692 3205 7735 8683 3757 571 8762 7411 5805 6335 2389 4931 201 9405 1301 1015 5742 542 5476 1659 6413 324 8758 5747 4647 709 2652 5668 1259 764 2284 2455 6469 3864 1952
7169 6510 2406 8784 6927 8423 9070 9688 1190 9057 0 8154 9444 47 6557 6650 6560 1270 3648 5845 152 1334 638 3597 3025 6474 8998 347 764 7224 4657 4841 1300 436 7997 6383 9611 2453 2394 8855 6591 5504 9061 1865 2780 5717 2164 4625 2791 1946 370 2771 9398 9509 8593 126 6249 701 4479 6997 3490 5920 8380 5364 3790 5810 7356 7206 7001 8912 8772 485 1018 8341 5862 7766 6168 8033 9061 4845 1942 8527 7437 3244 8278 7030 9786 8619 6526 1226 6936 6782 3973 8486 3280 2218 6791 5562 5567 2016
644 4593 6489 1148 4349 4566 4294 7029 6538 5042 8154 0 7304 5936 3633 9578 6564 9601 3903 2936 9231 1912 6892 8475 1619 8950 1432 6623 8913 2938 7273 6969 3147 6101 6720 3264 2401 4356 144 3700 3284 5231 7480 8284 3270 7842 4997 5479 5800 1406 7549 6663 9261 5527 5631 4906 5101 1391 9860 716 286 7411 3881 1054 8114 9166 1109 8996 5015 5839 5446 4895 581 6844 6545 2031 4980 5369 4109 24 2645 3529 4145 4371 821 4099 2978 6203 6429 4857 8660 3346 6 6770 5902 4871 2899 2044 1733 6117
3745 127 3884 9679 1671 3815 2132 2344 3363 5199 9444 7304 0 6941 7328 2233 216 6768 3915 9156 6760 4841 3199 9841 34 2235 68 8604 9667 722 760 6497 6554 6738 6456 8073 2049 53 3966 1989 3498 9799 9080 9300 8020 2721 6413 7463 8361 3961 8995 2618 7324 5432 7347 9689 8055 9746 3639 4042 7542 9833 8364 4165 6000 7884 1518 7983 7505 5334 2975 637 493 7671 971 9814 1740 5582 5896 9050 1761 1472 4037 8754 6560 3107 2761 6916 9985 4808 3489 3461 6961 9568 7182 5343 5557 1470 4829 981
6049 2023 8399 7137 9353 9313 1201 5636 1681 4802 47 5936 6941 0 9505 9168 2703 7609 5395 2689 7886 4601 3074 9512 3205 9123 2280 7360 8402 2724 8110 8856 8899 6810 6059 198 2228 9142 7459 8979 4343 5192 9832 7846 1646 9989 2015 3131 674 4692 6996 5290 6212 5268 5593 2394 538 4735 4172 4208 254 928 6460 8470 3027 2414 1050 3448 7933 8926 7941 1872 52 7811 5407 3876 3793 4582 4230 3488 9944 4355 2970 3368 6995 9593 2969 9199 5507 6000 1421 8782 7381 5382 2573 2501 7984 9210 8866 9060
4639 2193 6150 474 876 5564 9166 2433 8493 8955 6557 3633 7328 9505 0 2285 45 6170 2475 8880 3001 8365 7428 5844 2302 3235 8747 8130 7901 5795 9144 6491 9833 8603 7869 1474 3080 4245 4073 3530 3468 1239 62 2117 2833 3922 2646 9689 5133 4808 710 7261 3153 5373 542 5200 2040 120 1272 1117 15 6227 4338 5986 2656 4672 7982 2677 4307 8339 6121 5946 1638 6870 2679 1765 7908 3366 8799 53 1699 4858 7907 2321 1706 7835 9928 9336 4038 3928 5050 853 6053 5408 5527 2994 2817 111 1284 6193
3815 7004 9820 3619 5464 6491 3849 2810 9194 6503 6650 9578 2233 9168 2285 0 3836 3595 5297 4107 3865 7112 1891 4444 2136 9210 7277 6450 5580 5454 4298 1089 574 4547 8150 2295 2934 8271 7759 5102 677 7960 4999 812 9028 2711 9570 8472 8419 6187 7741 2536 2540 4526 7218 7336 6065 9579 9957 7755 4572 7885 7062 2745 6422 9983 7761 874 9937 5279 4002 5354 4079 8291 8446 7575 103 1083 2174 6144 8248 1109 3820 5226 4940 3106 3211 9755 6691 25 4203 4802 5718 7962 4469 8709 3367 5141 3302 9678
6105 5261 2143 1876 8284 7511 8868 9422 2250 613 6560 6564 216 2703 45 3836 0 5523 9699 4565 4676 4814 6071 6424 4481 9504 788 7203 8586 3655 9390 7565 5977 5324 2373 9464 7787 6462 8915 5510 1114 410 2109 8776 9456 7220 2040 7754 2295 7141 1117 7593 5769 2878 627 3439 1718 7577 1986 8220 1165 6798 2188 7586 9409 190 5856 5009 6155 5557 5258 551 6547 6513 8360 3991 1745 6283 3379 6647 5834 26 8892 6284 9177 1672 2746 9705 3731 8180 2590 5201 7510 7530 4666 1150 6829 4134 9516 6193
2948 8693 9321 6020 8931 7972 3322 5139 3499 9987 1270 9601 6768 7609 6170 3595 5523 0 3038 1306 5147 8485 898 3967 865 9578 1977 1149 7472 6365 8781 984 8985 599 15 8338 3333 4166 3569 8018 7216 2204 8615 2287 3792 503 8220 1447 4740 8013 5447 9163 3042 634 6446 6190 4550 9441 1851 9647 7512 2046 5392 295 5302 7529 1402 717 4907 7839 7519 5625 8673 2315 9791 7584 9614 3579 1556 5917 5887 3820 7585 7212 4092 5530 4955 8300 866 8285 8710 9833 3585 7426 9429 3775 973 4155 7145 8923
1198 9254 5262 3832 8770 9795 4880 3578 4083 8571 3648 3903 3915 5395 2475 5297 9699 3038 0 9528 8552 3683 9165 7100 949 7735 9463 3922 4472 7397 315 2295 6487 6524 7835 6605 9400 9992 1577 8266 9181 98 9115 7033 6691 2016 9354 2196 7969 3235 9502 1294 2686 2945 3319 2156 9313 9060 4578 582 8795 9460 8634 7509 8036 4836 1571 8556 4009 3627 9454 0 5206 6922 453 9494 500 4924 8129 1777 938 185 2870 9791 8603 3759 4351 7732 235 4561 1415 262 7538 4238 7432 7818 5615 6607 5046 3027
6302 1888 2091 6094 2300 5820 7046 7116 6917 9985 5845 2936 9156 2689 8880 4107 4565 1306 9528 0 1147 6683 6668 8180 3030 7359 8224 3765 7959 929 9997 387 4391 8824 5086 3332 7849 8118 5519 2624 8841 6119 1914 188 1144 6328 4517 9904 5721 6251 1730 4324 9769 4671 7240 1833 8976 195 3828 9916 4911 560 8724 2352 8892 8452 7869 3970 6791 9464 7512 4061 935 8977 4983 9096 3261 9053 1992 1502 9692 6415 6098 4792 7782 5125 4019 3576 1085 5595 2234 1341 3515 6199 4271 1818 5882 4590 2639 2593
2775 4313 5990 7226 8338 225 9864 1806 2092 745 152 9231 6760 7886 3001 3865 4676 5147 8552 1147 0 5331 2608 6535 5200 7223 5938 2284 9825 8690 378 1095 8139 9886 7244 3211 2732 6981 5645 2641 8443 8179 8886 4433 367 854 4242 9225 810 7563 401 4667 3696 6516 4435 7201 6888 7044 206 849 9166 674 1593 613 3874 1422 8329 6117 7873 882 2580 6143 5459 3628 6157 2062 8563 2455 7558 1665 4407 413 4767 9814 9987 2130 86 4115 1249 3512 1697 1441 7905 5273 7808 565 452 4180 2196 7393
4698 1406 1939 5569 7725 506 566 9056 8701 5596 1334 1912 4841 4601 8365 7112 4814 8485 3683 6683 5331 0 5857 8601 7431 1412 1679 9331 7602 6601 2069 2743 9342 2587 4042 1715 8110 3923 1455 5208 5883 9665 4952 9231 7277 4366 8063 4293 6682 7219 8884 5144 7058 3636 4004 3232 7391 5245 5165 397 4039 3070 1682 1853 1233 2107 2419 9794 2499 4925 1870 8884 5821 3087 5058 1888 6998 7307 3018 2250 7810 5749 6611 6255 3773 5544 2210 4498 5099 7546 9359 7480 9028 4003 8894 981 6062 157 5948 1328
3636 1712 2531 1064 5675 3087 6541 6524 3959 5575 638 6892 3199 3074 7428 1891 6071 898 9165 6668 2608 5857 0 4308 6678 7980 3102 5837 2990 8049 8590 9112 9210 8158 4914 9071 9024 2361 2276 9643 5465 861 4294 5592 3981 9669 7409 5096 6652 7285 8443 6908 5118 5893 2417 1316 3253 4562 9241 7360 3074 6804 2228 5276 5130 5260 9123 5197 2210 7291 8166 4508 8593 9230 9457 701 4884 57 7079 9642 5363 1433 5554 3707 2406 1418 9336 422 7912 746 864 8362 7464 5629 3072 7 4180 6275 533 5846
9044 4849 467 4935 8494 1862 715 4088 6491 4148 3597 8475 9841 9512 5844 4444 6424 3967 7100 8180 6535 8601 4308 0 8199 9675 9687 1055 2517 6021 4700 3507 5412 340 5684 4452 5406 5354 8459 5553 6866 8199 4496 6379 195 8773 6940 4510 9935 5932 1391 9762 3578 8743 8756 3400 6148 7109 1853 4116 7825 7259 9836 8747 1397 3005 3006 1434 1853 9241 3235 9610 5732 5422 5140 8877 4792 1856 6165 1103 4862 5111 2742 2993 3664 2971 8504 4636 9690 9476 1231 1037 2302 5143 4561 6211 7978 5142 3542 6205
5169 5129 7205 6819 3808 6183 3648 9131 9020 4040 3025 1619 34 3205 2302 2136 4481 865 949 3030 5200 7431 6678 8199 0 8259 9287 5612 4470 7972 9530 8243 5864 1270 8511 325 8915 323 5567 253 1226 1145 8275 1398 5368 8154 5574 2875 8016 5935 9000 9729 2139 9272 4346 5681 1458 6779 918 7967 4831 9486 9213 3115 6369 7455 5090 506 8922 4657 315 4568 208 873 4400 5262 5050 8029 4433 4719 4568 8465 239 1244 1935 1876 573 475 267 9186 4419 7679 808 3274 561 3403 1735 3315 8178 2021
7198 2051 5713 3413 5860 1487 2096 7960 5556 5264 6474 8950 2235 9123 3235 9210 9504 9578 7735 7359 7223 1412 7980 9675 8259 0 1181 8630 5913 687 4797 9774 9923 5265 8417 4653 361 1111 2888 3079 8006 7615 8776 4114 1704 5543 3734 4560 9815 8554 4815 1002 3190 4912 1466 9790 8809 2592 9070 8915 6514 3944 7608 8659 5787 2481 783 6790 4897 1049 537 9460 3272 8317 624 663 8395 5157 4514 9674 5026 2171 4805 9371 908 10 3829 4416 8689 3695 3281 6574 4685 6446 2010 6687 2568 6154 4323 9709
6321 7135 8359 6693 8451 5949 8102 9959 1527 9196 8998 1432 68 2280 8747 7277 788 1977 9463 8224 5938 1679 3102 9687 9287 1181 0 21 707 8745 1427 7759 2623 5963 6764 9419 2744 6229 210 5134 8731 9599 7717 1139 6360 9381 805 2800 8065 5992 7917 5762 7688 1923 6760 3007 1650 3457 4401 1881 8739 8562 5687 2402 7083 7807 2535 775 1211 3902 6198 3663 4739 6978 8634 9682 9499 4223 312 9389 7126 4053 6596 207 8757 1373 9399 3652 4 8611 8707 5228 1891 4463 3168 4597 5600 2500 5302 5823
209 2870 2283 6153 6476 4812 3245 617 5010 1271 347 6623 8604 7360 8130 6450 7203 1149 3922 3765 2284 9331 5837 1055 5612 8630 21 0 5597 1787 8214 9157 2373 5910 7124 352 6102 8874 4397 7178 1536 3818 9171 9172 5632 680 660 2217 1612 3362 3838 7124 9322 1244 2340 4448 3907 9304 7395 1514 744 8656 7689 5516 5465 3767 9344 2897 2089 1606 1296 200 9054 1403 2130 5263 1803 5203 2630 3521 5255 2780 6993 74 4021 5853 9583 5716 1948 3777 9704 9556 6996 2450 7207 8156 7477 9328 2607 3275
8729 9717 4934 4944 5272 6975 2916 697 4436 8404 764 8913 9667 8402 7901 5580 8586 7472 4472 7959 9825 7602 2990 2517 4470 5913 707 5597 0 43 4750 2492 2129 9686 8808 9424 1509 8734 6398 4130 8166 2896 2301 6371 381 6856 2467 6123 6953 9180 4862 4749 9756 2641 7910 887 8871 6995 4329 8158 430 3243 2181 398 866 9828 6671 3634 207 3177 3980 7716 9472 1769 190 2937 7573 7637 3623 4797 5308 9070 7355 6549 2528 6069 3733 9570 3509 9840 1385 7142 3839 2943 7924 7101 8572 8246 8995 9930
1080 8925 3039 4740 419 7578 4425 5294 7917 5759 7224 2938 722 2724 5795 5454 3655 6365 7397 929 8690 6601 8049 6021 7972 687 8745 1787 43 0 6161 9179 6272 3195 9622 4891 274 7213 2953 4152 6586 5399 1974 8997 3670 2757 5848 3981 6258 6652 5201 8768 6252 3859 8015 6116 9921 8329 2253 6744 5747 2283 9075 3303 4918 5451 3586 7883 8256 4118 9668 8252 9961 1124 6179 9073 609 889 3303 9745 104 9838 7868 5611 7307 4735 9178 3404 1472 6512 2490 2579 6284 8359 1730 4627 9253 1192 3539 405
6676 9336 6757 8528 6041 5907 9476 9588 4069 7767 4657 7273 760 8110 9144 4298 9390 8781 315 9997 378 2069 8590 4700 9530 4797 1427 8214 4750 6161 0 2773 7999 788 5950 4874 1762 5930 6098 9690 6102 5504 8350 9664 6129 9158 7913 7358 5488 373 8662 5478 3946 4342 9924 3270 1961 2274 3937 5651 25 9831 8025 5242 4048 8361 380 3328 8639 4831 9497 8378 9595 604 8520 4195 8819 4184 4807 1574 2144 7980 3990 9735 1151 2090 4720 9720 4313 2109 8278 8333 7515 1072 1450 541 1537 3311 3696 7798
9848 774 1969 2755 5063 2297 831 5285 9308 8560 4841 6969 6497 8856 6491 1089 7565 984 2295 387 1095 2743 9112 3507 8243 9774 7759 9157 2492 9179 2773 0 2051 9875 3724 7856 816 2991 166 6441 9348 6120 599 5725 9998 856 1263 8160 440 3968 8996 9890 9792 4886 8191 7378 3476 9709 6724 5562 4923 4530 7912 784 8560 8729 9208 6173 1208 700 1587 8012 9651 5323 8011 4416 7893 1618 910 7576 6969 9113 8351 7108 9365 1338 7956 4131 7272 7717 5847 3892 879 7408 9939 7014 1687 961 1177 8010
9439 9804 162 8206 2049 6192 5114 2226 55 1405 1300 3147 6554 8899 9833 574 5977 8985 6487 4391 8139 9342 9210 5412 5864 9923 2623 2373 2129 6272 7999 2051 0 3447 931 4156 8970 6333 1658 5117 7973 6759 4350 3742 4357 4973 8361 1750 5486 6091 4320 1686 33 5290 4713 6322 2917 1186 7295 9388 45 3790 7829 1182 8277 1753 9991 8698 6348 3682 9077 8433 5125 4121 7600 6614 6293 8167 7524 8187 2971 8181 4496 7498 4513 7355 2512 2896 2927 2543 2754 9345 3422 9268 6690 9803 6121 8045 8529 892
4394 7476 4733 3714 8942 1499 9299 8428 2637 2046 436 6101 6738 6810 8603 4547 5324 599 6524 8824 9886 2587 8158 340 1270 5265 5963 5910 9686 3195 788 9875 3447 0 1315 4578 7149 6996 4452 1859 6920 2212 4944 766 4965 5113 8364 6004 7944 3363 5398 3080 2679 9704 4234 8931 1606 6585 5663 9668 7890 624 9028 5051 5060 1710 2240 2255 3089 2207 2171 8198 5264 6809 1695 1133 8099 8371 8187 1188 2402 9412 9945 5558 561 4062 6503 2896 3661 498 7314 6773 260 3424 3558 2620 2941 8450 6394 3389
6193 2614 2953 4821 7813 1726 8135 1978 6612 6561 7997 6720 6456 6059 7869 8150 2373 15 7835 5086 7244 4042 4914 5684 8511 8417 6764 7124 8808 9622 5950 3724 931 1315 0 6905 7185 2408 4673 5042 7895 5786 2962 1415 344 3631 7756 9298 9593 5906 9597 2964 7736 7036 894 3914 8920 3120 7325 3607 5803 5243 9623 3647 639 7874 5885 8394 6390 1689 4278 5941 8991 6977 4095 9359 8025 5349 9342 2086 4031 1565 2072 3972 3413 9627 135 9339 4464 7103 1492 9103 2123 7908 1866 6958 9114 3159 7454 9258
6999 9935 9717 736 2181 1198 9110 6316 6781 2808 6383 3264 8073 198 1474 2295 9464 8338 6605 3332 3211 1715 9071 4452 325 4653 9419 352 9424 4891 4874 7856 4156 4578 6905 0 1166 9653 2442 3760 5730 6091 3489 6631 53 8294 7438 794 8875 1791 8603 4471 7499 964 8451 4970 7985 7164 5455 9411 6102 4916 6456 4721 813 9042 7923 2548 3273 8763 981 7316 6828 9977 616 5494 3238 5475 6443 4987 3829 763 4581 707 1272 9639 43 2630 7452 8266 3112 9764 4305 9886 3904 8627 2083 960 4594 6506
8649 778 8957 3143 7342 8052 9410 6482 1455 1757 9611 2401 2049 2228 3080 2934 7787 3333 9400 7849 2732 8110 9024 5406 8915 361 2744 6102 1509 274 1762 816 8970 7149 7185 1166 0 9365 9656 5770 8950 6868 3735 3022 7303 1818 629 742 7008 8516 3203 2554 2604 6929 6428 9824 3894 3964 1630 3632 1110 1953 6317 7014 7809 51 5420 7098 245 2830 9226 543 9929 2521 6838 5938 638 8522 3790 1662 2745 5403 3145 3433 3231 3270 2834 4590 1614 1808 5987 3812 6149 4242 6966 4737 804 7239 1382 4539
1754 8511 7454 2289 9769 2126 4084 4932 4032 2625 2453 4356 53 9142 4245 8271 6462 4166 9992 8118 6981 3923 2361 5354 323 1111 6229 8874 8734 7213 5930 2991 6333 6996 2408 9653 9365 0 6903 3229 2592 5113 2545 5019 4949 5578 8568 4010 6259 3799 3961 8291 5355 2400 8521 6574 4705 6957 4752 2745 1280 9538 2484 1995 6984 4883 7758 7502 98 9717 398 3538 392 5463 7292 101 4949 4743 4884 6246 5151 9485 8022 8775 2642 5812 3240 1341 5675 6154 4176 2415 270 6397 7980 8107 6771 5513 7662 2548
4884 7354 3279 8550 5669 1476 9643 7019 9540 8952 2394 144 3966 7459 4073 7759 8915 3569 1577 5519 5645 1455 2276 8459 5567 2888 210 4397 6398 2953 6098 166 1658 4452 4673 2442 9656 6903 0 7216 4972 2124 927 2120 7581 7057 8217 4386 6814 1451 8118 3732 1774 9858 7643 2032 0 7193 6512 4900 3019 7707 5017 6975 2205 2659 5518 9807 6272 5234 4787 8980 4525 8804 2954 4798 1149 7229 1075 9558 5458 7976 7067 4744 606 5193 2806 34 1769 84 1567 2317 8756 167 2440 1557 5424 6981 3221 6316
4228 6977 3880 2687 2212 2000 3776 7740 2720 5182 8855 3700 1989 8979 3530 5102 5510 8018 8266 2624 2641 5208 9643 5553 253 3079 5134 7178 4130 4152 9690 6441 5117 1859 5042 3760 5770 3229 7216 0 8439 6139 5576 870 8805 1869 6031 7731 1620 9876 1131 1245 7925 7102 5063 2916 3217 5549 7612 5340 9471 2149 5933 9287 6377 8714 8178 299 1938 4711 3183 1924 8459 4781 4412 4458 6788 3890 1764 1734 5878 1906 2676 8828 2381 9373 1678 2499 6951 7157 1519 7586 8556 9204 8418 1030 2285 249 476 9926
6403 9625 7008 5344 5016 2163 7017 7576 693 62 6591 3284 3498 4343 3468 677 1114 7216 9181 8841 8443 5883 5465 6866 1226 8006 8731 1536 8166 6586 6102 9348 7973 6920 7895 5730 8950 2592 4972 8439 0 1959 7964 7164 1899 7720 7843 6806 6140 5013 773 4580 6969 4739 5331 6636 9387 9682 8004 5417 6807 6915 6081 40 8184 9900 2619 9590 4782 3926 9916 7804 6377 2078 4378 1817 7316 652 6069 7239 2025 3224 2361 7622 7542 5188 5181 4899 8704 2216 3972 2436 2868 6302 1156 5048 6480 8957 3889 4284
2805 8517 6893 5643 2277 1093 2411 3848 5791 892 5504 5231 9799 5192 1239 7960 410 2204 98 6119 8179 9665 861 8199 1145 7615 9599 3818 2896 5399 5504 6120 6759 2212 5786 6091 6868 5113 2124 6139 1959 0 6101 587 5572 4019 979 5623 9769 6781 4495 3844 556 6260 6536 6266 6645 8341 9132 609 9873 4165 2551 4940 6097 8890 7883 8882 743 1904 8681 8114 837 754 9226 2842 8595 8219 254 522 2733 3662 7985 1765 5746 7982 4226 1390 4782 5035 3153 6805 8710 4508 6915 4370 8691 2321 5350 6378
7152 5501 8110 1813 4150 1806 6356 3594 1807 8018 9061 7480 9080 9832 62 4999 2109 8615 9115 1914 8886 4952 4294 4496 8275 8776 7717 9171 2301 1974 8350 599 4350 4944 2962 3489 3735 2545 927 5576 7964 6101 0 9506 2515 2895 964 7329 7293 4176 2189 4426 8423 1828 944 9479 2023 3199 6959 9525 3700 329 7459 185 8219 9441 8873 1244 9325 7617 8565 2535 1729 4699 4103 355 6008 6050 6088 4378 8222 8886 3555 7407 1578 3164 7661 6270 1922 4220 1071 7077 8392 3755 8398 3618 7984 9585 6993 5930
2818 975 4156 6285 121 5841 5142 7436 4031 6951 1865 8284 9300 7846 2117 812 8776 2287 7033 188 4433 9231 5592 6379 1398 4114 1139 9172 6371 8997 9664 5725 3742 766 1415 6631 3022 5019 2120 870 7164 587 9506 0 3904 3478 3883 4528 8766 7445 5998 9616 3318 3071 600 8999 8163 3024 2990 3533 7923 8051 9459 1737 1793 8882 6646 5188 3225 3401 5779 1034 3568 6093 5894 3405 2785 2095 6777 6434 745 4652 4328 1216 2709 9392 2599 9624 3274 7248 3761 9112 9888 6798 9923 4781 1980 834 9298 1303
3538 8319 9624 2758 1500 6666 8280 1535 7624 5781 2780 3270 8020 1646 2833 9028 9456 3792 6691 1144 367 7277 3981 195 5368 1704 6360 5632 381 3670 6129 9998 4357 4965 344 53 7303 4949 7581 8805 1899 5572 2515 3904 0 6222 698 3776 9993 8208 9875 2759 2173 1934 3810 5799 8019 3514 1867 5956 7687 7824 5130 7939 3554 6587 4825 7375 2523 6332 2458 9917 2657 7074 9900 6253 368 8518 7899 4270 6414 5664 1460 4682 8391 7702 8529 3740 8952 3201 7481 3865 1483 6376 4101 2648 4877 3563 9956 9142
7222 6293 455 1870 8894 2657 8174 4609 2396 9868 5717 7842 2721 9989 3922 2711 7220 503 2016 6328 854 4366 9669 8773 8154 5543 9381 680 6856 2757 9158 856 4973 5113 3631 8294 1818 5578 7057 1869 7720 4019 2895 3478 6222 0 2271 1907 1447 9998 8753 8172 5584 8345 4528 2870 7813 5458 6950 8820 3433 4298 7173 8164 7721 1500 435 3958 7552 9764 3176 2898 7235 1137 1695 76 8118 6925 8492 6475 5410 2170 870 5500 7148 1516 5714 6696 9685 7937 459 1004 5348 2435 2715 6926 3423 8206 2853 5811
1815 2354 9419 5340 2734 7301 8554 621 9929 4439 2164 4997 6413 2015 2646 9570 2040 8220 9354 4517 4242 8063 7409 6940 5574 3734 805 660 2467 5848 7913 1263 8361 8364 7756 7438 629 8568 8217 6031 7843 979 964 3883 698 2271 0 9302 2871 4577 1400 4837 4513 8727 426 3718 30 8258 2652 6666 4405 2176 5775 9188 5600 8237 7849 8579 569 8797 5124 6599 1370 4331 8286 1824 3473 2315 1580 375 2773 5590 3402 1894 4314 4758 6249 3056 5808 2253 1719 768 9010 7798 5947 3267 3558 6856 2957 7821
3598 8708 5096 1551 7895 1438 5758 4622 4490 1784 4625 5479 7463 3131 9689 8472 7754 1447 2196 9904 9225 4293 5096 4510 2875 4560 2800 2217 6123 3981 7358 8160 1750 6004 9298 794 742 4010 4386 7731 6806 5623 7329 4528 3776 1907 9302 0 6681 4047 4795 2256 4495 3144 6633 9938 1220 3709 123 3713 3066 9177 5371 4249 9039 8096 1658 8259 4553 8046 6611 7252 7813 8160 5649 5819 3069 1310 9916 3717 9349 3932 5392 9236 8520 6307 767 3672 601 4422 6574 7275 2350 1320 9558 4628 4577 6664 1253 3786
3263 1241 1181 7726 8827 5570 0 8917 5107 5228 2791 5800 8361 674 5133 8419 2295 4740 7969 5721 810 6682 6652 9935 8016 9815 8065 1612 6953 6258 5488 440 5486 7944 9593 8875 7008 6259 6814 1620 6140 9769 7293 8766 9993 1447 2871 6681 0 6307 6006 3802 3462 6837 6095 5170 4185 9656 274 8023 2734 9410 377 1967 1012 8471 9287 9949 85 7662 2389 9346 7776 9733 1536 3971 4979 7732 3412 2409 1241 4637 8885 8378 9348 478 7459 4037 3616 9152 6091 2169 1061 6554 364 8932 1993 299 6655 986
8360 5611 6261 2683 7138 9331 1197 342 9525 6010 1946 1406 3961 4692 4808 6187 7141 8013 3235 6251 7563 7219 7285 5932 5935 8554 5992 3362 9180 6652 373 3968 6091 3363 5906 1791 8516 3799 1451 9876 5013 6781 4176 7445 8208 9998 4577 4047 6307 0 8570 7163 6794 4866 7398 5799 1340 2757 2578 5302 6693 861 488 1421 2710 4842 8627 485 5190 9167 8860 9435 9018 5070 5498 9160 4787 5010 9374 1361 6871 8988 1296 6937 7174 3564 3881 5727 4683 3189 4066 3397 8880 6359 4752 5292 7049 6187 9025 614
7234 9295 8178 9161 9369 3601 1732 6989 3491 1758 370 7549 8995 6996 710 7741 1117 5447 9502 1730 401 8884 8443 1391 9000 4815 7917 3838 4862 5201 8662 8996 4320 5398 9597 8603 3203 3961 8118 1131 773 4495 2189 5998 9875 8753 1400 4795 6006 8570 0 4727 2491 1142 9147 1608 6788 977 1662 3045 8378 924 7871 7824 4937 5239 9293 7023 9371 1065 1952 9065 2766 498 7699 5296 9821 5906 6783 1799 1608 4373 8279 1600 4794 488 5165 7488 8089 5640 7289 8056 6237 5732 9095 9760 6840 4594 8 1925
8447 230 6103 4613 6035 6746 3719 4077 1273 5235 2771 6663 2618 5290 7261 2536 7593 9163 1294 4324 4667 5144 6908 9762 9729 1002 5762 7124 4749 8768 5478 9890 1686 3080 2964 4471 2554 8291 3732 1245 4580 3844 4426 9616 2759 8172 4837 2256 3802 7163 4727 0 8853 8917 3769 471 515 5781 5647 2344 3099 7604 3973 8431 5361 1268 6386 4031 9772 5860 8246 9043 9950 9178 3313 5531 7093 8610 2225 2511 9765 5448 244 1588 9565 6172 4732 6567 64 9662 6548 528 9595 7780 4108 5723 2329 7243 8128 8031
7760 9077 7946 5316 7358 8008 9172 8498 5796 3638 9398 9261 7324 6212 3153 2540 5769 3042 2686 9769 3696 7058 5118 3578 2139 3190 7688 9322 9756 6252 3946 9792 33 2679 7736 7499 2604 5355 1774 7925 6969 556 8423 3318 2173 5584 4513 4495 3462 6794 2491 8853 0 877 6504 2492 6702 1514 2168 1500 9637 8629 5235 6933 8120 4869 5491 5524 9546 7081 2981 7350 5520 7238 4078 5990 846 4159 6380 6855 4708 1554 7504 8149 9928 468 3410 6047 750 9465 3968 6975 4269 8727 5954 4868 8200 1750 2271 8797
494 7047 1219 7879 1144 7205 6462 1737 4959 3350 9509 5527 5432 5268 5373 4526 2878 634 2945 4671 6516 3636 5893 8743 9272 4912 1923 1244 2641 3859 4342 4886 5290 9704 7036 964 6929 2400 9858 7102 4739 6260 1828 3071 1934 8345 8727 3144 6837 4866 1142 8917 877 0 5509 5039 8996 3451 7226 9318 770 9858 3613 9684 4059 0 2252 6068 3693 3991 1163 832 2562 7579 4738 4685 6828 4142 3147 4759 4122 4296 7499 5084 2963 9725 2476 1830 9089 2255 2438 7632 6200 8527 8079 5801 2500 5874 1722 5031
1219 5343 8868 4073 2581 1851 6249 9099 1411 851 8593 5631 7347 5593 542 7218 627 6446 3319 7240 4435 4004 2417 8756 4346 1466 6760 2340 7910 8015 9924 8191 4713 4234 894 8451 6428 8521 7643 5063 5331 6536 944 600 3810 4528 426 6633 6095 7398 9147 3769 6504 5509 0 3965 6386 7590 1348 5626 6263 9423 9147 5576 8460 642 3545 3537 3248 1581 456 8174 5219 1353 5096 1652 9659 5972 5588 2656 6581 7901 7789 4319 403 5527 7426 3824 1810 9670 8004 9792 6751 6508 507 1108 9058 8662 3292 4620
7923 6575 9777 8116 1447 5291 6591 3948 4196 429 126 4906 9689 2394 5200 7336 3439 6190 2156 1833 7201 3232 1316 3400 5681 9790 3007 4448 887 6116 3270 7378 6322 8931 3914 4970 9824 6574 2032 2916 6636 6266 9479 8999 5799 2870 3718 9938 5170 5799 1608 471 2492 5039 3965 0 9070 3599 2179 8733 7811 0 6110 1096 6776 7278 427 4132 8409 9298 228 2762 2441 8272 6332 837 2738 7510 5332 6414 8983 1383 1444 7153 2768 8998 7415 4588 5007 4481 4556 2294 407 2201 2202 1394 8563 7402 632 614
6301 1750 9100 1320 1455 9228 5152 1241 9107 4064 6249 5101 8055 538 2040 6065 1718 4550 9313 8976 6888 7391 3253 6148 1458 8809 1650 3907 8871 9921 1961 3476 2917 1606 8920 7985 3894 4705 0 3217 9387 6645 2023 8163 8019 7813 30 1220 4185 1340 6788 515 6702 8996 6386 9070 0 4624 2809 2408 3049 1782 9658 7051 6036 6005 6923 703 7464 363 4548 3483 2111 1938 1165 7729 1727 1924 3595 6325 2972 3857 5599 1727 4763 1337 1913 397 8596 4590 6179 6443 5902 630 8505 3850 6210 7571 9346 7682
973 4162 120 9079 5552 7526 7174 1394 1975 2620 701 1391 9746 4735 120 9579 7577 9441 9060 195 7044 5245 4562 7109 6779 2592 3457 9304 6995 8329 2274 9709 1186 6585 3120 7164 3964 6957 7193 5549 9682 8341 3199 3024 3514 5458 8258 3709 9656 2757 977 5781 1514 3451 7590 3599 4624 0 2756 3976 9983 4079 3259 8556 4247 9350 1878 7250 5311 6639 1375 4195 9123 8194 7700 4211 5936 2060 3478 2526 8614 1594 9859 9120 9669 5360 944 4459 5738 7155 5553 8122 1321 5573 9713 4200 8284 2630 7130 5348
1012 7580 7981 1676 9003 1371 2496 2795 3615 1783 4479 9860 3639 4172 1272 9957 1986 1851 4578 3828 206 5165 9241 1853 918 9070 4401 7395 4329 2253 3937 6724 7295 5663 7325 5455 1630 4752 6512 7612 8004 9132 6959 2990 1867 6950 2652 123 274 2578 1662 5647 2168 7226 1348 2179 2809 2756 0 843 4185 9874 5216 5973 1527 709 6059 7316 3855 2822 897 7252 2039 2526 8661 1453 4608 2645 1450 1155 1797 3673 7453 6730 397 4867 9175 3997 159 8090 2 9541 6525 768 7502 7090 7811 2650 1099 7578
5012 9897 6338 2875 2337 6002 5021 5425 895 2602 6997 716 4042 4208 1117 7755 8220 9647 582 9916 849 397 7360 4116 7967 8915 1881 1514 8158 6744 5651 5562 9388 9668 3607 9411 3632 2745 4900 5340 5417 609 9525 3533 5956 8820 6666 3713 8023 5302 3045 2344 1500 9318 5626 8733 2408 3976 843 0 4416 9779 9739 3730 6753 1477 6931 7132 8089 7113 2676 6018 5713 1330 991 5097 5806 322 3605 5324 4709 2594 6754 2680 8437 7260 7566 2641 9769 5353 4512 911 8343 7085 4295 6713 2044 9187 8011 9388
8877 3573 277 3220 7000 3374 2342 8675 758 8922 3490 286 7542 254 15 4572 1165 7512 8795 4911 9166 4039 3074 7825 4831 6514 8739 744 430 5747 25 4923 45 7890 5803 6102 1110 1280 3019 9471 6807 9873 3700 7923 7687 3433 4405 3066 2734 6693 8378 3099 9637 770 6263 7811 3049 9983 4185 4416 0 2235 6265 5496 4283 8031 781 6362 3821 3291 3274 2721 7026 7203 1382 7214 3908 9044 761 635 9560 6166 9609 207 8815 1501 3979 4682 4568 2066 2968 6595 7896 6301 6265 4817 8206 7065 4142 8564
3098 3444 6900 5939 177 3211 8174 5395 7625 5949 5920 7411 9833 928 6227 7885 6798 2046 9460 560 674 3070 6804 7259 9486 3944 8562 8656 3243 2283 9831 4530 3790 624 5243 4916 1953 9538 7707 2149 6915 4165 329 8051 7824 4298 2176 9177 9410 861 924 7604 8629 9858 9423 0 1782 4079 9874 9779 2235 0 2280 9977 6201 9816 2342 2186 8151 5940 8089 413 2393 1427 399 9643 1733 394 9193 311 4386 7164 9512 7298 5529 2658 95 99 2413 7623 5595 1857 8034 5620 1259 2629 9243 8275 9966 4141
7600 1635 2034 586 4370 727 6200 6922 2588 2858 8380 3881 8364 6460 4338 7062 2188 5392 8634 8724 1593 1682 2228 9836 9213 7608 5687 7689 2181 9075 8025 7912 7829 9028 9623 6456 6317 2484 5017 5933 6081 2551 7459 9459 5130 7173 5775 5371 377 488 7871 3973 5235 3613 9147 6110 9658 3259 5216 9739 6265 2280 0 9192 6295 9008 2542 1279 8990 2995 877 3862 3499 1110 357 4910 6885 9986 1667 2608 41 6024 1678 1463 6095 933 499 1804 4336 3801 2331 5610 1508 7578 6187 3974 5583 9180 9053 6331
7790 1526 6782 3957 9060 5584 9529 8058 1133 3914 5364 1054 4165 8470 5986 2745 7586 295 7509 2352 613 1853 5276 8747 3115 8659 2402 5516 398 3303 5242 784 1182 5051 3647 4721 7014 1995 6975 9287 40 4940 185 1737 7939 8164 9188 4249 1967 1421 7824 8431 6933 9684 5576 1096 7051 8556 5973 3730 5496 9977 9192 0 8461 1385 734 6093 5128 385 5397 7115 3534 574 6170 2395 7611 9320 9804 7158 288 3439 8596 4977 2602 854 6653 2885 4548 7244 7397 4331 457 1782 557 9042 6605 1208 4766 270
6091 8651 6549 4691 170 9366 7031 3646 9226 9580 3790 8114 6000 3027 2656 6422 9409 5302 8036 8892 3874 1233 5130 1397 6369 5787 7083 5465 866 4918 4048 8560 8277 5060 639 813 7809 6984 2205 6377 8184 6097 8219 1793 3554 7721 5600 9039 1012 2710 4937 5361 8120 4059 8460 6776 6036 4247 1527 6753 4283 6201 6295 8461 0 5356 6465 4186 1398 7318 9634 1067 5703 4603 9489 6471 5512 2129 4720 1607 5749 2517 3353 8761 4714 6021 9495 1726 7763 2121 4292 5047 1883 5250 3120 3870 3692 3829 274 44
7788 379 7429 1984 8691 1535 4945 5118 5898 5692 5810 9166 7884 2414 4672 9983 190 7529 4836 8452 1422 2107 5260 3005 7455 2481 7807 3767 9828 5451 8361 8729 1753 1710 7874 9042 51 4883 2659 8714 9900 8890 9441 8882 6587 1500 8237 8096 8471 4842 5239 1268 4869 0 642 7278 6005 9350 709 1477 8031 9816 9008 1385 5356 0 1534 4814 6443 5608 8841 756 2597 3006 5049 8073 4502 9620 3055 7377 7156 2959 207 2142 4853 6591 1956 3824 8193 2183 6129 6765 4421 9417 7532 4925 5212 8523 4009 2616
5304 3256 5146 6136 4974 276 3394 7026 4196 3205 7356 1109 1518 1050 7982 7761 5856 1402 1571 7869 8329 2419 9123 3006 5090 783 2535 9344 6671 3586 380 9208 9991 2240 5885 7923 5420 7758 5518 8178 2619 7883 8873 6646 4825 435 7849 1658 9287 8627 9293 6386 5491 2252 3545 427 6923 1878 6059 6931 781 2342 2542 734 6465 1534 0 8904 4673 2345 2434 9890 4003 1030 6795 3122 1851 4739 1605 2507 3481 3487 6694 9081 1615 7533 6796 4850 3584 2681 1712 2675 3320 3109 9066 8395 4875 835 1772 4463
2032 7047 2258 5130 4160 1218 8813 374 7628 7735 7206 8996 7983 3448 2677 874 5009 717 8556 3970 6117 9794 5197 1434 506 6790 775 2897 3634 7883 3328 6173 8698 2255 8394 2548 7098 7502 9807 299 9590 8882 1244 5188 7375 3958 8579 8259 9949 485 7023 4031 5524 6068 3537 4132 703 7250 7316 7132 6362 2186 1279 6093 4186 4814 8904 0 3356 1673 4255 7079 4035 8931 3504 9916 1513 7654 9495 1592 4659 8408 7811 6324 5455 9777 8824 3308 1805 3259 4906 522 6550 8528 1872 3839 298 1072 2958 9716
4201 7918 7539 9891 3991 426 2233 6311 2924 8683 7001 5015 7505 7933 4307 9937 6155 4907 4009 6791 7873 2499 2210 1853 8922 4897 1211 2089 207 8256 8639 1208 6348 3089 6390 3273 245 98 6272 1938 4782 743 9325 3225 2523 7552 569 4553 85 5190 9371 9772 9546 3693 3248 8409 7464 5311 3855 8089 3821 8151 8990 5128 1398 6443 4673 3356 0 8867 1467 7290 3900 8603 9979 688 1198 6505 9993 2674 7262 6769 7793 2219 2082 2031 3962 5711 5374 5271 8375 6405 5167 9239 7426 4243 6897 5734 2716 7807
4118 1674 5703 4188 2192 552 8100 7976 9421 3757 8912 5839 5334 8926 8339 5279 5557 7839 3627 9464 882 4925 7291 9241 4657 1049 3902 1606 3177 4118 4831 700 3682 2207 1689 8763 2830 9717 5234 4711 3926 1904 7617 3401 6332 9764 8797 8046 7662 9167 1065 5860 7081 3991 1581 9298 363 6639 2822 7113 3291 5940 2995 385 7318 5608 2345 1673 8867 0 5 5078 7606 9941 2293 191 6428 1890 1509 7565 2566 7090 3267 1039 1868 322 5907 1613 8986 4453 8403 3137 8949 1126 1637 927 4065 5865 1239 2207
8937 9592 8543 3504 9381 5538 9953 6866 1994 571 8772 5446 2975 7941 6121 4002 5258 7519 9454 7512 2580 1870 8166 3235 315 537 6198 1296 3980 9668 9497 1587 9077 2171 4278 981 9226 398 4787 3183 9916 8681 8565 5779 2458 3176 5124 6611 2389 8860 1952 8246 2981 1163 456 228 4548 1375 897 2676 3274 8089 877 5397 9634 8841 2434 4255 1467 5 0 3011 2669 5920 638 4506 7308 7764 1967 7554 612 7799 5658 9997 4398 7415 1904 8337 9593 5336 4364 1959 7363 193 3629 987 6639 8344 168 9795
669 4428 9364 1242 6055 9980 8604 473 9639 8762 485 4895 637 1872 5946 5354 551 5625 0 4061 6143 8884 4508 9610 4568 9460 3663 200 7716 8252 8378 8012 8433 8198 5941 7316 543 3538 8980 1924 7804 8114 2535 1034 9917 2898 6599 7252 9346 9435 9065 9043 7350 832 8174 2762 3483 4195 7252 6018 2721 413 3862 7115 1067 756 9890 7079 7290 5078 3011 0 5151 9672 6986 5151 864 5725 1957 7737 6790 9357 9579 2837 1102 6220 5773 4790 2201 4680 624 1368 9084 3762 6345 881 9453 7477 4101 1622
1691 4184 9812 3716 6440 4997 1636 2761 7884 7411 1018 581 493 52 1638 4079 6547 8673 5206 935 5459 5821 8593 5732 208 3272 4739 9054 9472 9961 9595 9651 5125 5264 8991 6828 9929 392 4525 8459 6377 837 1729 3568 2657 7235 1370 7813 7776 9018 2766 9950 5520 2562 5219 2441 2111 9123 2039 5713 7026 2393 3499 3534 5703 2597 4003 4035 3900 7606 2669 5151 0 9765 4094 6121 8523 9540 2531 3622 519 6221 23 8412 6974 474 7052 8487 6337 9028 2550 6499 102 3170 9023 9952 5733 3499 2543 1697
5376 8572 688 3592 7363 4563 3283 6982 9909 5805 8341 6844 7671 7811 6870 8291 6513 2315 6922 8977 3628 3087 9230 5422 873 8317 6978 1403 1769 1124 604 5323 4121 6809 6977 9977 2521 5463 8804 4781 2078 754 4699 6093 7074 1137 4331 8160 9733 5070 498 9178 7238 7579 1353 8272 1938 8194 2526 1330 7203 1427 1110 574 4603 3006 1030 8931 8603 9941 5920 9672 9765 0 7714 616 2896 2808 6787 9168 1402 1551 6032 2373 2446 7144 3542 5796 7994 6922 1421 4799 6345 5756 1995 2633 3203 3637 4880 144
8128 3693 1651 1593 3345 4509 5804 191 1896 6335 5862 6545 971 5407 2679 8446 8360 9791 453 4983 6157 5058 9457 5140 4400 624 8634 2130 190 6179 8520 8011 7600 1695 4095 616 6838 7292 2954 4412 4378 9226 4103 5894 9900 1695 8286 5649 1536 5498 7699 3313 4078 4738 5096 6332 1165 7700 8661 991 1382 399 357 6170 9489 5049 6795 3504 9979 2293 638 6986 4094 7714 0 5447 1376 7640 2972 7245 4192 3826 2636 7815 8890 2271 7370 5710 7569 3984 9417 8451 2184 5806 4274 4547 8279 1141 438 2371
2665 822 2376 4506 4871 2077 9504 9339 7811 2389 7766 2031 9814 3876 1765 7575 3991 7584 9494 9096 2062 1888 701 8877 5262 663 9682 5263 2937 9073 4195 4416 6614 1133 9359 5494 5938 101 4798 4458 1817 2842 355 3405 6253 76 1824 5819 3971 9160 5296 5531 5990 4685 1652 837 7729 4211 1453 5097 7214 9643 4910 2395 6471 8073 3122 9916 688 191 4506 5151 6121 616 5447 0 7177 9470 6064 7250 3504 9992 768 2198 9467 4789 2369 9235 1029 8886 2379 6450 9078 9197 7943 99 4222 2166 9829 9395
353 706 6057 5609 921 9160 4221 1361 9269 4931 6168 4980 1740 3793 7908 103 1745 9614 500 3261 8563 6998 4884 4792 5050 8395 9499 1803 7573 609 8819 7893 6293 8099 8025 3238 638 4949 1149 6788 7316 8595 6008 2785 368 8118 3473 3069 4979 4787 9821 7093 846 6828 9659 2738 1727 5936 4608 5806 3908 1733 6885 7611 5512 4502 1851 1513 1198 6428 7308 864 8523 2896 1376 7177 0 4888 4750 3117 6437 1033 8820 1368 5226 800 2661 294 3545 5366 8129 4596 5386 1264 3736 8483 8614 4315 8490 1720
388 2782 4030 3012 8998 8640 8923 4668 9378 201 8033 5369 5582 4582 3366 1083 6283 3579 4924 9053 2455 7307 57 1856 8029 5157 4223 5203 7637 889 4184 1618 8167 8371 5349 5475 8522 4743 7229 3890 652 8219 6050 2095 8518 6925 2315 1310 7732 5010 5906 8610 4159 4142 5972 7510 1924 2060 2645 322 9044 394 9986 9320 2129 9620 4739 7654 6505 1890 7764 5725 9540 2808 7640 9470 4888 0 1901 2985 5032 4095 1779 7941 48 1318 2753 8507 8464 8760 7063 7815 6041 6522 8200 5829 7355 8247 8721 3515
5182 8233 2470 9537 4593 4715 5597 6352 8479 9405 9061 4109 5896 4230 8799 2174 3379 1556 8129 1992 7558 3018 7079 6165 4433 4514 312 2630 3623 3303 4807 910 7524 8187 9342 6443 3790 4884 1075 1764 6069 254 6088 6777 7899 8492 1580 9916 3412 9374 6783 2225 6380 3147 5588 5332 3595 3478 1450 3605 761 9193 1667 9804 4720 3055 1605 9495 9993 1509 1967 1957 2531 6787 2972 6064 4750 1901 0 6451 5821 5076 7664 7740 6462 5805 5825 2809 8388 6886 4957 5920 9589 2858 4548 9272 9489 5331 634 5831
4977 2975 9965 6465 1659 3019 5134 8759 7940 1301 4845 24 9050 3488 53 6144 6647 5917 1777 1502 1665 2250 9642 1103 4719 9674 9389 3521 4797 9745 1574 7576 8187 1188 2086 4987 1662 6246 9558 1734 7239 522 4378 6434 4270 6475 375 3717 2409 1361 1799 2511 6855 4759 2656 6414 6325 2526 1155 5324 635 311 2608 7158 1607 7377 2507 1592 2674 7565 7554 7737 3622 9168 7245 7250 3117 2985 6451 0 1655 3063 7780 7730 66 299 8959 2691 296 7228 3798 6400 8829 5057 1962 7405 1954 2651 6380 292
2208 8738 6982 7042 7424 6959 3836 5955 545 1015 1942 2645 1761 9944 1699 8248 5834 5887 938 9692 4407 7810 5363 4862 4568 5026 7126 5255 5308 104 2144 6969 2971 2402 4031 3829 2745 5151 5458 5878 2025 2733 8222 745 6414 5410 2773 9349 1241 6871 1608 9765 4708 4122 6581 8983 2972 8614 1797 4709 9560 4386 41 288 5749 7156 3481 4659 7262 2566 612 6790 519 1402 4192 3504 6437 5032 5821 1655 0 4337 5375 3561 4041 3471 6690 8481 157 3518 2431 6849 3734 7292 5719 5695 4822 8609 7809 9205
6766 1508 9181 1460 630 9323 9010 819 2822 5742 8527 3529 1472 4355 4858 1109 26 3820 185 6415 413 5749 1433 5111 8465 2171 4053 2780 9070 9838 7980 9113 8181 9412 1565 763 5403 9485 7976 1906 3224 3662 8886 4652 5664 2170 5590 3932 4637 8988 4373 5448 1554 4296 7901 1383 3857 1594 3673 2594 6166 7164 6024 3439 2517 2959 3487 8408 6769 7090 7799 9357 6221 1551 3826 9992 1033 4095 5076 3063 4337 0 8223 4677 1634 5895 5020 6398 4863 2088 8468 1484 9493 9158 8566 9032 5072 7255 7651 528
