250
0 548 1113 3672 8252 6171 9037 6621 2636 351 8939 4115 590 870 5693 7801 992 318 8542 5526 3356 28 7071 3880 8602 4306 9077 8253 7114 1241 3722 9227 7848 8802 6995 9871 9432 3192 8881 5985 7698 2378 5860 6137 917 3200 3564 341 5027 2855 5894 3098 8832 9571 9781 463 6260 5908 327 9575 2790 2575 5194 2168 2567 8394 8906 8156 4888 6592 5477 5875 9291 9680 1095 7798 417 7218 9245 2655 1043 1595 5514 2162 733 4012 9198 5331 1777 4051 8522 2105 4802 402 4382 715 1936 2189 5780 1014 4094 637 1047 3861 1526 7664 9445 963 1468 4096 5234 5575 3413 5761 8986 8378 4265 5511 3472 1292 2037 7672 1264 5936 56 9461 7493 6241 5023 68 9477 3533 7887 8353 4999 1815 2392 7844 1485 4758 8743 5192 5402 7754 716 9113 5214 7675 9635 4850 3660 9823 3021 8736 6364 9354 2181 3035 7840 9276 1254 5052 7409 445 9646 5648 4026 2469 8018 6910 3411 687 4576 8520 409 1951 7474 3167 7578 2768 2971 6486 6503 8217 4367 6948 6907 7773 1844 917 883 3378 9476 5731 8170 1105 9691 6744 3568 6937 5423 2378 6436 1476 4068 8138 2589 8253 2482 8117 4890 4397 2523 5399 2548 5366 1492 9675 1685 2707 4915 565 1908 5858 1581 9469 1965 1334 6449 2708 1077 237 228 30 6748 7155 1211 1118 258 6075 6245 6117 5417 66 2253 1502 628 7047 3970 78
548 0 331 4680 3303 3076 116 7371 3393 4219 9001 3464 65 8049 1034 2599 326 274 9449 8112 9513 4748 2379 6908 3826 1827 9980 4244 816 8576 8723 3747 5929 8079 8434 7566 1414 6963 9444 7443 7862 6593 7550 630 2509 2749 6736 7480 1722 4359 4051 629 7650 1116 1520 161 1886 4248 3443 6253 9023 7834 3799 2966 4637 2672 3930 4775 8596 9248 6280 6857 6709 780 7694 1066 1909 1201 2891 8508 2814 1329 1352 7793 9263 798 7810 7297 6823 8495 5323 3302 6476 6945 1820 64 2197 5381 3234 1764 5845 6212 1560 3199 6218 2976 7135 1194 5200 7328 6836 7199 6161 7615 2348 5870 5620 8047 7157 9749 4215 5897 3109 7017 1624 5658 1009 2829 2700 2816 6553 5079 4990 527 6367 2146 2315 2164 5995 9941 4352 1215 8011 8119 1100 3232 1334 1642 2781 57 1538 4298 8286 5729 8931 1273 3003 6048 1415 4454 1298 3110 1813 8309 3 6034 4507 4625 4768 26 5754 6013 3736 1747 6714 3712 8541 2349 3084 9203 1269 918 9830 8332 6311 2549 4544 4170 3351 9102 2752 4219 221 1024 6362 916 2497 2697 9181 6749 3612 2246 3012 6571 3855 7983 1714 5784 2136 8718 7209 1490 2981 621 3240 8885 7608 6630 125 7122 2369 4460 2222 7031 951 8551 8601 7880 1097 1075 3625 4355 4336 198 9569 1440 7254 7359 9781 4378 4190 1025 3798 6341 253 5990 6313 786 5884 6210
1113 331 0 8636 6743 4332 4236 5088 2342 5786 7412 4468 6715 4430 5376 5245 6018 2898 4599 5928 4409 6481 7312 1357 9655 4411 8307 7641 5248 8859 4615 1631 8224 2001 1611 9255 4855 64 1503 3765 4937 8024 4540 3358 7781 7445 9749 1584 6855 1881 7113 3655 8214 402 2919 8991 7150 9683 4666 1371 9075 9643 94 5335 1616 6415 3885 6894 6906 2832 5917 7132 1737 6894 8035 3586 1618 1386 242 89 4486 8461 1942 5799 6717 7645 951 8130 1144 1698 67 1019 8328 2313 2315 5039 9278 6099 4713 2955 1546 654 4223 1000 2727 5647 6944 6054 5481 7506 6664 6577 764 7359 5586 6144 6047 1343 9310 3581 570 5727 9373 9732 6418 2424 5251 7848 5992 1313 2456 7727 3256 9328 1094 7135 4283 8413 5415 2914 7184 9883 4410 7682 5211 6263 2286 8253 1551 7761 8244 2342 2829 4230 4305 6192 4709 8909 5957 3445 6670 1707 1262 1067 5969 5882 417 2956 8217 1027 3174 2512 286 6721 2350 5593 8814 4137 4730 7034 1969 6230 9473 4373 8315 6981 7524 1889 4517 9696 6589 3457 1672 1225 6007 1740 1320 8454 8716 1133 2963 4884 7298 112 3560 418 5774 8755 6718 7933 5107 3893 4539 1876 4989 3769 3164 6223 7723 3691 5072 7127 2263 8053 3091 6233 8177 3613 7511 5332 1113 5674 8297 6280 3033 9276 9338 2380 4979 6266 6734 988 8494 6853 8251 4878 3379 4303 1977 6385
3672 4680 8636 0 2512 5790 2236 5613 1275 9668 3421 2503 6932 3233 4749 310 9246 2736 6312 9018 1336 8752 3914 1937 2712 5273 8415 293 8970 7477 979 7992 5346 68 4819 9660 971 7769 6554 1175 3640 3323 4856 2564 9522 8008 3982 6564 5998 8023 4185 9556 1786 29 9880 2842 5108 6107 4390 9895 7729 9739 5104 1472 5669 4772 3716 7775 6264 9141 6827 84 8892 7180 3505 6690 7966 7916 9018 5938 6257 3672 346 2947 8006 7537 7778 7138 809 9050 6758 3254 1295 8724 6040 6820 9102 6462 3642 4225 4289 5362 5517 5119 9099 4261 8262 4081 2489 2116 3001 8476 8591 850 540 1801 7914 446 569 1256 320 1177 7044 6009 2422 5267 1814 1868 9455 8195 1985 5468 6261 4796 7104 3832 7659 5839 7726 7595 5715 8456 6754 1868 9831 1832 2831 828 1265 1422 4801 7955 3075 7482 755 9047 5933 9431 4489 6520 5520 9632 5366 7396 6205 3628 1270 7053 7097 2063 5286 1536 6340 2218 8734 6200 3061 7851 2661 3820 7096 4892 7753 8228 886 3069 9765 7518 9147 1715 9949 8653 4827 3435 9640 4236 5559 313 998 5385 788 2752 7329 4438 5775 2490 4226 8381 9463 2894 9487 7785 1940 2463 8359 9558 867 5965 5182 4409 4312 9086 1608 5020 1311 5173 1012 3207 4927 8566 7400 9958 8658 3807 1446 675 1015 1971 1007 7328 1516 4544 6625 1324 248 9272 4442 979 4587 2861
8252 3303 6743 2512 0 5106 46 9469 2404 1029 5732 7200 4788 5077 6097 3366 8679 2562 23 1427 9705 7762 8432 2327 812 4957 6651 1077 4749 6905 4110 3645 17 6466 2244 5880 9712 3061 1522 2835 7778 9414 2134 5824 9623 3659 1317 8639 9651 3466 8157 8491 2808 4554 9391 5600 7705 3450 2087 7333 5804 8222 4087 9655 6414 1992 6090 4160 8510 1021 578 2347 8555 689 4101 273 5533 7110 9775 9827 189 9019 754 9870 9595 5357 4225 580 7311 4289 4637 658 9526 6747 1654 5095 735 1396 3736 5541 5761 1247 1032 9399 6199 4319 9677 5708 4615 9198 1287 6797 450 9094 9379 5897 3891 671 4245 3166 2125 7409 8864 5784 2853 6514 1113 7248 8968 5436 3670 2103 1390 134 9884 5353 964 1357 5420 4046 3542 4711 9974 6791 7513 2718 6786 3633 5949 5265 1055 7427 9691 8075 6615 3751 5532 90 6106 4094 2292 2491 4215 9017 3624 9598 1906 3875 3993 2695 2507 2672 1979 5344 5480 2090 7590 9254 6990 0 3447 8706 3673 9117 3997 8119 2081 2184 2046 2871 7463 2223 1726 8342 993 5549 8073 2706 6119 3945 6805 3501 1209 2193 6053 3647 5737 1225 3084 3722 1225 9441 1607 7319 6462 6789 4150 5123 8215 7035 2377 497 224 2000 4892 3125 1865 9346 7500 8341 4252 9980 630 350 4477 5935 1618 1740 7815 9938 2311 9184 808 5866 1371 9561 6986 813 431 6235
6171 3076 4332 5790 5106 0 4186 7464 8481 8597 5108 3273 1890 945 4272 557 3757 6633 6061 1162 6083 3928 9923 2282 7900 4962 3218 2476 6956 6946 8631 6479 2057 3801 5824 4304 7514 9401 5651 9211 7401 6956 9397 2202 9385 7349 6970 79 7022 7813 9419 1488 5603 8713 9450 984 3299 9481 2673 6127 9731 7216 4719 4377 200 1799 1131 6699 1263 7798 2810 6403 9604 1876 7240 8510 8817 8676 8133 9232 3181 3393 5135 9351 667 8375 6001 6245 3227 7887 4060 8626 1045 2188 6900 5779 6576 460 6899 3160 1899 1677 1705 5244 7790 1382 9646 8667 5059 6089 2831 3750 7059 9974 1443 7953 2586 3632 4405 3087 5521 6157 9517 2398 3024 9356 3396 8842 3165 5525 3016 1364 6768 4401 9798 8857 9879 3359 8961 6882 9180 9517 1224 159 8051 292 155 7719 8216 9669 1973 2657 8012 8487 8386 1984 6617 5449 5789 5930 8171 8376 4122 7996 1208 1409 2498 824 5504 9187 6097 2821 3673 8317 5644 3919 9890 1779 5369 8415 9042 8200 8520 2596 479 5333 2365 5533 3018 6227 5478 9205 3606 1087 1870 3765 1987 6234 8692 7570 9298 114 4079 808 3357 5120 2277 9215 7052 3189 7958 3827 8410 1897 1346 1251 8098 7171 6818 8520 210 4712 1064 2709 9007 7502 610 8415 9539 6243 4327 1046 4592 4560 5828 3470 3658 6752 5409 3902 1837 6878 8231 1062 11 6838 9517 7282 8401 6484
9037 116 4236 2236 46 4186 0 4691 3406 9817 1850 9305 1166 2705 7732 9617 4382 1887 6750 596 4938 5062 6294 2821 6807 5821 5982 1811 547 4125 6970 8571 8292 3196 2227 1339 3662 7809 5708 5867 3561 6201 3796 5255 6951 3416 4071 8927 749 8968 1743 1501 4876 6350 3613 8244 9209 113 9608 4908 7529 309 6545 8479 7276 7373 9420 6753 8187 8747 9852 2872 5020 6267 2121 8520 7671 3031 5977 6309 5752 4784 2522 7425 3144 8767 3502 7568 2554 4973 9646 7990 3342 8309 6203 6387 3994 8115 4454 2775 3197 951 1231 9544 4083 4288 5811 8779 9021 9423 9093 8187 9786 3249 7302 1475 4730 5605 7680 4130 6085 955 1009 2348 736 5402 5912 6162 5375 7292 6288 9212 6482 4704 663 5229 533 6935 9974 6077 4173 7273 4375 4427 6998 1215 3367 7969 8815 4091 2153 5933 4429 3755 3850 3343 1014 5067 735 3464 2865 6386 9673 9781 1330 4512 6232 729 8378 1873 7112 7981 9155 9587 4613 9264 5331 7022 2493 189 3675 195 685 5580 7054 1146 2439 8446 6552 4346 392 3789 1731 2486 8620 5979 2136 2432 7330 9270 7315 3306 8971 5971 9933 9702 874 487 4361 6382 952 7372 6406 1523 5869 9716 6540 1133 4230 4248 6724 9827 3745 3202 6675 1810 947 4713 9154 8692 7664 395 1778 8993 881 4491 2871 9352 1136 2529 8066 6469 9573 5517 6944 5852 1847 3151 807 4859
6621 7371 5088 5613 9469 7464 4691 0 8706 1585 1617 8555 4129 9466 8082 2493 6084 6158 2664 5807 5870 9950 5413 5701 280 69 1762 7726 3096 4617 2533 8828 8415 626 6046 5856 4317 8194 1943 7429 7866 1413 8762 7347 8443 4089 9754 306 6803 1582 7718 3253 6490 6668 3321 5627 5705 9295 6327 8002 3577 362 6221 3821 2927 8918 7859 7899 5535 8980 1688 1147 2179 2912 9611 2106 1286 9383 9022 1476 6189 4629 8085 3971 1769 6858 2115 9894 2276 4395 6142 684 5882 6431 4192 7292 9164 2207 8667 102 2005 9851 8017 4716 1681 7355 1220 5160 4448 7156 4265 9920 3917 663 9124 4096 1016 1459 2369 7635 0 30 5519 1189 4468 5690 8069 320 5982 9301 5078 9844 1610 2154 9288 2367 1497 7152 3303 6125 6738 2945 9614 6728 8255 1772 7048 2866 3999 209 60 5654 8085 2078 532 1607 6979 2445 9290 214 3496 6980 5120 4598 8009 7485 9413 8924 5477 9618 3763 9693 5413 9420 3206 2529 9897 1764 581 1449 3502 5786 5510 7016 418 5529 7128 3887 4442 9604 3062 7774 3274 3567 3712 3104 7342 2822 108 4766 7581 229 241 8996 2195 4844 1339 6507 1459 1024 5597 6637 7422 6389 8675 9720 3731 5404 1829 1660 7519 6137 4534 1367 4227 357 5463 3930 1133 4744 2646 1720 3910 6872 9952 8938 5158 9153 8388 8117 1572 6458 793 4072 8743 482 3481 1621 2725 8800
2636 3393 2342 1275 2404 8481 3406 8706 0 4933 5937 9157 5135 987 8155 1104 4113 9176 6162 4449 8631 5377 8407 5383 3897 4775 1562 6982 7016 4973 6860 1227 2640 7126 1689 2376 4407 1090 134 4411 5907 749 6917 6662 2630 227 7559 3614 8572 2435 7654 6112 7470 137 4118 6584 5112 8525 6541 993 7850 1098 1930 2892 5188 2428 1169 5494 5380 1419 7391 749 8439 337 7032 8534 2795 1824 9775 5519 1265 1942 271 8511 833 8731 6726 8485 4908 3775 1281 6491 7056 9607 8144 2480 9996 3170 2687 7988 5442 7583 7797 6996 1261 639 3951 8104 2051 5262 6218 3726 9030 4550 5284 8786 1122 647 9147 3629 9521 6913 6451 2603 3088 3271 4576 1188 824 498 1712 7728 5584 7138 2822 4299 1897 6740 6429 5059 5204 5278 9326 3750 9110 522 90 6665 9047 9386 3544 2129 7938 9746 959 2588 8912 7076 2011 1179 1863 9462 885 627 40 607 4960 4332 4509 5754 4718 1518 5994 8178 7557 7326 678 9644 9797 6319 1465 9106 986 1938 8342 3114 1694 2579 4750 8442 9439 7621 6282 6039 9820 6678 9860 3570 1073 2510 8600 4029 5173 308 6009 8744 3704 5775 9913 6793 6911 5290 2793 4291 6688 9873 1414 7115 5862 6199 3333 6603 7697 6818 9843 3995 7632 6929 3886 3818 7812 8587 6797 4385 8501 1732 3534 3367 8932 249 3887 3719 3546 4233 7316 7166 9236 382 5215 7564
351 4219 5786 9668 1029 8597 9817 1585 4933 0 77 2126 9310 6184 5090 8416 9861 7479 1545 3265 9258 2460 8673 2389 3034 2001 7439 8168 9633 1545 7430 6608 9362 4565 702 2224 4173 3397 5123 4360 6556 5801 2736 8456 6394 7884 851 278 7637 9481 535 8380 1586 9516 559 5364 8932 4721 4975 19 251 3276 1737 2711 9399 5112 6956 3599 1982 540 6977 2428 6992 1282 3317 1067 5765 7428 555 7710 2276 6937 224 6577 9346 3928 6425 4571 9389 3566 840 7207 6337 7664 1739 4662 4994 9900 3583 984 3117 8838 278 8814 9850 411 7653 2354 1173 4305 7510 5934 9842 6442 1340 7096 6959 6038 1110 8342 4945 6574 4551 3735 8860 5844 9791 180 2373 678 8583 2272 7610 6090 6889 6983 7564 5176 7051 3628 5818 9292 2542 9530 3539 2706 2963 8228 9527 714 3134 6344 2842 5309 1400 4250 2142 9178 2589 7103 8669 599 4313 3301 7252 3868 525 9834 7399 6079 22 7653 4806 7982 7873 6096 9159 1302 781 5021 6524 6212 5374 1073 3588 2264 12 9565 4560 396 7203 4628 1572 5681 2765 7170 4955 1157 4218 3062 706 5130 9415 9047 6884 2119 658 5893 9848 1606 3839 4382 7198 9359 7138 1262 2795 7318 8559 276 7436 1220 2256 5371 2090 600 7780 4833 7223 2298 8547 2605 8022 4443 9734 2356 3962 4932 9780 6672 3827 4670 8841 4194 8222 7683 4030 5948 8953 745
8939 9001 7412 3421 5732 5108 1850 1617 5937 77 0 8819 3944 1070 3225 5239 5144 4101 5889 5868 4661 9780 4601 6417 6624 1800 2393 6673 5139 2213 8888 7427 6216 589 540 6362 4178 6939 7510 7204 9773 6378 1393 4601 4712 4044 2063 449 2929 1411 8388 5028 2712 9561 4657 4352 4766 8011 7636 30 2260 2889 8936 9616 1796 9892 3333 1554 9579 8817 1624 9240 2337 3255 4973 4019 1984 5966 978 812 6955 1319 8280 2262 1620 6232 550 3210 1753 3737 2380 699 908 3631 1385 704 8046 2268 3206 8578 2790 3500 1878 1943 5847 9636 3293 1485 2573 4761 3759 5074 4135 3002 5480 3861 933 9807 8018 873 441 9527 5247 6694 2119 4402 4422 5319 9326 5980 3727 130 8863 7190 4588 4955 9504 5897 6888 4013 3068 3559 8793 3622 5690 791 7017 2452 454 992 1542 255 7158 9434 4147 6591 3130 2197 6648 4374 2572 9132 5651 7193 1282 9106 4747 1426 5468 1119 8997 3553 3209 5026 1954 6721 3955 6982 8247 5801 9153 5289 8879 5542 2544 7011 9751 3405 4126 7879 9487 9319 4260 3786 7371 391 1818 2271 7800 3732 3167 1662 7969 8257 8299 6612 5982 9192 3015 6331 2885 612 420 496 4760 5196 666 9358 3923 7032 8961 7985 3697 4908 9357 4473 8573 7201 2674 5118 7770 1165 7046 9846 3901 6392 8030 1441 728 5773 3390 6555 9991 5179 4942 42 3665 1533 1312 5170
4115 3464 4468 2503 7200 3273 9305 8555 9157 2126 8819 0 3405 8555 9439 6908 9813 7380 4894 2996 3193 7411 9587 2999 1431 2354 7370 2092 1784 8400 5310 2753 3979 1628 9989 2950 9936 3197 8990 5803 5949 6379 9498 3559 3768 5315 67 6939 1205 7383 1617 8935 8140 8933 8632 4401 6564 4226 2307 5452 9602 7587 2917 8303 7582 5416 3447 9395 4923 3409 1235 5267 9969 9694 1204 5021 177 7586 4585 8978 4311 215 593 6622 7061 3755 3003 309 9218 9812 350 3152 1045 1476 3772 6496 1159 1563 6291 7381 3100 9839 5727 2780 7675 2176 4022 6627 251 8330 8278 9183 1677 9260 2424 6822 345 918 5411 9466 2338 3956 5908 4509 129 8107 3717 8941 563 6724 6608 8185 8149 659 2391 3574 7841 8841 7046 4661 5909 8171 8292 7407 4393 69 5302 4109 2613 1826 9375 5425 6391 4472 6854 1245 1029 3468 7409 3361 6686 560 9527 8646 3350 8180 6281 6431 2569 6819 2305 6052 6652 2658 6618 5944 4208 5113 5905 6258 7742 9315 6117 5546 414 6850 349 2281 7219 6742 6952 1764 6221 7093 2408 5727 6955 3566 5458 1278 8082 8532 9151 1802 2284 6829 4939 1928 6727 9547 2510 3610 8143 2991 2851 2490 7399 3927 6968 8238 7816 3547 2327 8378 5047 3638 6872 3875 388 6148 1314 6839 8644 6616 3917 6635 6016 2735 9566 6743 8836 4715 9576 4882 9470 1248 7790 7329 1964 3064
590 65 6715 6932 4788 1890 1166 4129 5135 9310 3944 3405 0 3330 9026 3391 7523 1727 6393 8022 5893 5841 5702 9143 5215 9214 4702 4859 234 2210 4566 6680 2587 7089 2694 7325 2167 4332 4234 1343 8910 2633 1987 6661 4860 4249 120 4880 3047 8028 2572 3427 8439 1664 5345 7019 9549 8884 5663 487 870 7420 7359 6991 9023 7976 9173 8759 2212 3369 2926 5097 9221 6214 3022 4121 619 9284 8418 618 4511 4089 4833 3310 5059 3514 2063 4114 4185 5913 7978 9537 4447 1377 7522 7577 620 4717 4560 2607 1699 3515 3484 4040 798 2018 5409 6614 9734 3562 319 2464 8135 7633 5581 4426 6941 8802 2395 770 8866 5564 6235 9223 1627 7135 2950 1368 9232 637 1873 2847 6004 3696 4981 3567 2915 1576 695 2802 315 5215 3508 2124 1778 3593 7349 5915 3668 8407 1761 4919 6286 823 5151 2483 6922 2077 1334 6294 7174 8150 8123 7707 3031 4470 6593 5090 2642 3249 2253 3681 2443 4270 3155 2877 9329 3688 7014 623 8897 456 8086 9963 6809 1933 5436 2542 7071 8561 8996 2886 7757 2735 2439 7677 1875 9335 3509 9789 9787 2477 5494 9690 5311 833 4101 3539 5797 9218 8062 9469 4010 8070 2791 8640 4875 6014 7130 2373 9489 4135 7998 5858 1065 5643 7377 7621 3435 2884 8535 5183 6989 5900 1716 3081 6243 3509 978 1050 5397 9773 2579 8420 6546 655 698 9462 5015 7201
870 8049 4430 3233 5077 945 2705 9466 987 6184 1070 8555 3330 0 476 6194 213 9794 3790 652 9812 1157 7719 7155 3299 5549 6490 5896 872 6709 9720 6530 4904 7816 9823 3527 7916 771 6982 6704 5626 8432 632 4195 1760 6746 7123 8805 231 2353 3411 4709 2153 585 8262 6094 3893 3968 1189 9779 3386 2048 8756 5561 5312 7084 4028 3192 2417 7400 5105 6676 7874 2304 1503 2545 4951 5262 9368 9922 6699 429 5093 9137 2446 5424 410 9675 699 1354 9754 6039 5690 2911 6232 76 161 3261 1122 4960 3766 2152 7571 6716 2243 9657 2834 377 9453 2137 2467 1326 8704 6204 8353 3887 685 8414 7609 3245 7146 3827 2246 2687 6530 2154 2033 2472 4115 2755 11 2078 8101 5122 6468 6883 823 8643 7220 1033 6932 675 9501 5878 3761 6552 3976 9825 6047 6423 4158 3111 7644 3406 2826 813 7525 7415 7805 3601 3206 9934 1771 3092 3345 671 6912 9124 3810 7722 1866 8851 6853 5154 1706 7797 4455 4072 6116 4618 797 4916 4147 2551 2016 8858 236 2432 1859 4130 9428 2652 5133 8464 1230 749 8822 3517 6830 6798 7259 7584 1370 4053 213 4042 2339 4754 8515 7907 9860 8148 7957 5808 6808 6986 4049 1577 7655 7827 3597 1387 5795 6457 3896 6761 1915 5748 9325 418 4624 4261 6541 6264 1345 5226 5172 3844 6643 6125 8950 603 9753 8490 5663 3180 9069 9323 629 3441
5693 1034 5376 4749 6097 4272 7732 8082 8155 5090 3225 9439 9026 476 0 2476 5163 1458 4464 3137 3360 3664 1425 4675 9130 4318 6677 7399 4423 9356 7045 9437 6274 2799 8989 9079 8506 9184 197 9931 3026 7168 1833 5855 8013 2912 5498 504 4244 166 1762 4440 9394 176 3258 5318 6400 8178 1617 5066 7604 2690 4504 5510 7642 1243 6992 4640 2570 8835 8451 6509 4958 6786 7011 7523 8133 969 2501 6150 9319 5385 2447 1467 6635 1312 7930 1864 510 790 4871 1190 321 3178 4288 9271 3334 1366 1214 3890 6331 8900 2492 8068 4371 8946 9185 7711 9106 1660 6532 3247 4718 8797 35 1844 7065 3511 8480 3622 4481 257 3187 5480 1468 8911 9362 6497 8612 8380 8843 1661 712 4718 5275 6250 4546 8127 3722 8948 6329 3922 5877 1223 8326 9156 1313 669 5091 7671 1765 1251 832 5655 9949 2980 9418 8322 1852 4578 2097 8739 2433 7984 9006 8835 2291 9217 8201 5705 8867 7918 8712 1554 8308 202 5844 7507 3089 3464 3722 6398 4675 168 1292 5574 692 5006 3588 3613 8719 4767 7947 9263 318 120 268 3068 1663 4451 4984 991 4194 8250 3936 7429 5615 7535 1007 6131 8459 10000 8097 9269 3725 8006 7547 7465 1885 254 6977 186 198 3316 5240 7161 3030 5970 3686 8448 9384 8250 4502 2298 126 6958 6793 7434 9312 8504 143 4152 7663 3197 3317 7614 9799 7113 8332 6129
7801 2599 5245 310 3366 557 9617 2493 1104 8416 5239 6908 3391 6194 2476 0 5863 7249 8444 1017 5833 9918 8948 6161 7841 7086 5948 9014 2189 7410 7432 2158 6725 885 9135 2249 5942 9143 8771 1057 8575 2735 9125 7872 2142 1731 8052 4933 9453 4310 7148 5918 1198 6627 8698 1487 4671 5404 3059 7746 7919 729 3858 2520 2572 2891 6911 345 3935 3972 7084 9545 7992 622 4539 1169 7840 9589 8399 7978 9410 5755 533 5825 9242 1732 9207 2239 9859 1990 7998 5848 457 8524 7297 6184 9680 9511 8613 4604 9182 977 5029 8859 189 4955 2172 1079 4743 6149 7495 8021 9341 6447 8279 6074 252 8377 2255 7493 4070 1172 7931 1406 7253 8401 720 1853 5332 5344 6996 4916 4508 375 9769 3682 3403 5986 2583 2640 7214 175 9532 4513 7065 3706 8411 4263 7541 9671 7985 1025 682 3814 8647 3271 3856 4211 704 90 4615 8207 65 8682 493 5188 3423 6817 5106 4360 862 8878 3304 8833 1559 9839 2339 1263 3172 6766 8495 6318 2942 3170 3308 7642 8526 894 3719 9064 5295 8839 4845 8076 9952 6949 8332 6790 8127 5480 2859 454 3483 807 3332 3390 6668 9993 5265 9119 7559 6738 6333 1558 6503 8002 129 2833 239 7982 6537 6076 3903 362 6736 7283 4681 3706 5640 6730 790 8288 3036 4695 1399 2278 3908 6445 8882 1237 2919 5485 5077 8914 6578 889 4372 503 3642 3001
992 326 6018 9246 8679 3757 4382 6084 4113 9861 5144 9813 7523 213 5163 5863 0 19 1212 540 3221 8702 7320 9426 4790 9451 113 6407 4460 6661 2917 7064 1688 8408 4694 388 2401 5207 9298 592 4750 6301 8107 1992 7188 5889 4095 3926 6715 4544 1580 740 7010 5075 9931 9657 1299 6891 8243 2832 9558 806 3584 1152 432 9735 8394 8482 9403 4076 5654 6041 6424 6402 177 3778 6669 9558 9851 258 2460 389 652 3231 4563 6904 9728 7821 8601 5655 8248 3433 5354 2754 2629 66 3246 6836 5535 1749 2013 4290 1249 303 6669 9478 3887 3146 671 3868 6181 2398 2897 7539 9453 6810 7964 2409 6223 6428 9921 2865 6160 9982 1592 294 1823 1906 5186 8631 2599 2905 5786 3581 5870 1104 1511 9677 1974 956 1803 7859 3777 5891 290 8641 3094 7405 2752 5047 7792 5347 3078 5633 3898 3060 4856 4787 4750 8058 5446 4303 2696 9222 8617 9591 5732 6808 8805 421 9327 4151 7009 4672 1248 169 3636 7471 7144 8956 2379 7914 1299 6162 2855 3142 1228 4275 7754 5162 7405 5853 723 9363 2676 1568 3833 6754 2767 9952 7957 375 3658 6104 3956 9946 9322 4244 8374 7879 3077 1153 9169 6120 8650 3349 4169 979 4179 9306 6280 7458 8502 9263 5723 2341 635 2416 2252 6385 2561 9429 9631 3678 2786 8562 2972 9219 2089 1326 1792 9317 6818 6501 9827 140 8010 2609 8244 8644
318 274 2898 2736 2562 6633 1887 6158 9176 7479 4101 7380 1727 9794 1458 7249 19 0 8931 4600 5388 4342 9065 2714 9344 6592 9404 2327 3640 7637 3664 5318 1938 6178 3724 4097 4594 3280 3790 4368 795 3422 1899 9614 4014 7805 4445 2893 6464 3260 9998 5764 7537 5236 4246 3285 8333 4449 4169 2318 5281 8098 2390 3851 9428 8197 4077 6948 643 5314 2551 1187 2460 7347 54 6911 3056 5560 2585 9768 5805 7398 6047 8984 9123 8057 343 6745 6097 7829 2040 6100 4141 1279 5624 5637 2189 82 2756 44 2900 4162 2723 9855 8653 6284 9373 3425 3029 1986 460 2206 974 5551 9190 3661 5463 4689 1700 3376 7160 5217 9198 5312 439 5987 4440 5566 5132 4700 2493 9413 9998 3097 8184 501 968 2190 6023 6838 7585 4078 4506 6950 9034 9292 4955 270 7197 3471 8229 413 503 3627 6317 299 5564 1134 2230 7463 5133 4345 262 9766 3480 470 9083 5240 8545 5920 5221 5743 1242 3006 641 7514 6894 3967 6213 5160 6693 8823 5032 6775 4310 7282 9066 6593 4659 7020 5591 7455 8401 8703 7074 2926 6528 132 2528 7469 9393 4507 3184 4062 9847 6939 1357 441 405 9583 1950 9884 4331 5154 8294 5658 3599 7128 7595 1374 6362 3580 4637 4378 8128 7975 1003 1857 7687 6347 7834 5054 4014 1974 4416 31 9319 1836 3306 8280 8080 5811 2661 6489 5144 3785 8181 4699 2559 5300
8542 9449 4599 6312 23 6061 6750 2664 6162 1545 5889 4894 6393 3790 4464 8444 1212 8931 0 4468 4575 4032 6811 13 7965 7976 222 6408 9245 8137 1092 1129 9122 7793 6147 3497 2588 4124 9938 8528 1549 8056 4294 2594 9125 1043 1504 8383 8009 2263 128 4957 4487 4004 4177 3663 8707 3344 7410 8862 8829 7670 6393 6422 1280 3487 8818 9981 79 2609 9830 5056 2940 4695 8446 3554 3647 2454 2236 4338 5962 6373 1837 1526 6767 3494 2997 8512 2707 2769 7006 1191 6495 1799 7622 8305 4725 3367 3181 8774 840 944 7206 9086 6457 2928 9989 1000 8505 8984 2319 7321 3846 516 7304 6997 5428 5024 4416 4016 2950 6595 3567 5308 2147 4997 5276 4353 262 1233 8382 5693 9926 2708 7631 8914 3492 6222 1002 2607 4846 9568 6577 164 4817 7096 5667 6982 9245 2750 3417 7482 8672 4054 8453 4886 9718 4951 6844 4711 8274 9637 7677 8704 9064 7997 8744 4353 1511 4510 7611 6979 7888 6546 3448 4147 5852 6625 4694 5022 6239 4511 6720 683 2360 8133 1730 9831 9661 9266 3730 7849 2000 4333 898 1268 4108 4835 5543 5800 1489 4920 5877 8563 3765 9218 6 601 914 5647 7020 2807 9492 69 6942 4800 1184 9161 3551 3023 381 1424 1027 9038 1411 6723 8281 4809 7815 9518 9191 3662 9002 5693 7067 1682 6907 841 1852 6085 5337 6243 7055 3387 9044 2825 9516 4795 8413 2634
5526 8112 5928 9018 1427 1162 596 5807 4449 3265 5868 2996 8022 652 3137 1017 540 4600 4468 0 1404 9141 9545 7438 6526 7442 8239 1422 4008 2710 4728 3997 2525 1338 1688 2790 4805 8718 120 8494 2255 9695 5999 6302 4210 9774 6920 5446 9589 1372 476 950 4925 1019 268 3039 5655 3928 4174 820 9936 1907 89 2651 5597 2112 8099 9412 7009 1061 4129 9891 1584 2462 3055 1046 5558 858 6303 7837 7130 7840 5548 780 2924 9851 7110 7210 3927 7148 4741 8295 5128 7601 1446 8923 7694 5423 8588 9540 1632 6251 2758 1373 5955 6664 4154 9580 2399 6431 9698 8080 5741 4971 6114 1295 5156 4528 4535 8525 797 5054 6956 7891 3426 5498 2089 4450 144 5900 7187 9812 6426 7211 2873 3383 7279 7467 9961 3292 1451 9428 5993 1480 7643 9057 3471 1240 5589 6468 9114 9927 2365 410 7453 9307 7610 1132 4022 1258 8784 1897 7085 2415 2421 9352 3046 1588 6434 9991 5679 7602 6309 5846 7060 3325 9507 1681 5770 162 1237 7837 1850 6670 4279 4823 3674 6449 5365 7634 6539 4794 3887 1621 6788 128 4755 7008 8674 8618 8653 2649 5144 4087 7330 7781 3450 9356 3312 7553 6227 8979 6679 4307 555 615 2337 1695 7281 1896 1981 254 6812 4091 2532 219 2372 1988 7760 9490 6577 2375 1161 7945 1232 6390 5429 2004 2652 4615 7281 6936 4883 2003 2288 4161 3374 11 8437 9225
3356 9513 4409 1336 9705 6083 4938 5870 8631 9258 4661 3193 5893 9812 3360 5833 3221 5388 4575 1404 0 2861 9133 8597 3477 2315 3905 6780 2101 3159 7875 6121 2662 873 1524 3525 5837 9396 6325 6495 420 4010 703 3880 9502 4393 6536 8876 2365 6009 5925 694 9927 9682 7325 5324 4067 6088 5116 6763 3147 8712 8230 9276 977 9916 8562 7348 629 5696 8862 7835 510 8862 7767 6320 4312 1196 2813 5701 4454 2796 2131 6159 5064 8529 1212 1401 7176 414 3724 3370 8330 138 7633 4376 8154 687 8904 8208 901 2306 9294 312 6778 1116 4374 3503 2026 2004 6534 6961 6768 6092 706 8064 2247 5114 2850 4604 7233 3490 7650 9682 2151 9447 81 9491 7307 1418 914 2423 2311 7750 5916 359 7761 1032 9347 4356 5520 9931 9514 7452 2176 6558 5681 4708 5398 3088 3705 5503 9462 7060 367 2468 658 1526 2970 9048 7447 6172 1572 555 4771 4735 3991 1013 3506 4709 9418 9152 3420 331 3209 5568 7568 7482 4128 579 2821 5405 2426 7967 2299 2130 9470 2411 1486 3408 1420 7282 5055 7096 1555 3849 2488 9984 1133 3750 5633 2340 5880 7155 617 4777 1863 8701 8360 8624 3103 767 6653 6800 3893 6561 4606 4850 4325 6331 4212 6236 1331 3654 8825 9318 5659 8515 362 8349 5808 693 3392 3391 2323 3193 8419 1300 475 518 5631 5142 788 4145 5229 5680 3927 1673 2272 8114
28 4748 6481 8752 7762 3928 5062 9950 5377 2460 9780 7411 5841 1157 3664 9918 8702 4342 4032 9141 2861 0 7465 2350 4542 4364 996 5430 1616 7438 1405 4443 5264 82 3691 5077 5419 6374 530 3265 991 3877 8660 8318 4187 2162 2576 452 3956 3419 990 8181 4203 8498 445 5401 9338 8198 4899 7672 259 4316 8229 1285 5567 3861 3938 8356 1628 5711 5055 385 2953 5188 1614 4733 4172 2186 6940 3339 5494 2644 1468 1692 1750 3738 7595 4688 7777 549 96 4249 1436 8750 182 7286 9010 5324 3124 5507 1999 4299 941 8137 6657 9916 2189 6766 6986 7236 4913 6586 2184 567 8706 7672 7544 5038 5908 79 2802 1870 6874 6170 449 8489 9889 2502 984 2688 4259 5743 1073 9170 4378 4965 4758 3969 4884 3332 7918 2254 6767 8755 7785 7456 4615 4644 4589 8308 1776 6410 4938 6243 1892 1670 4878 8598 4254 3808 5505 4296 5530 1990 9250 9518 5757 4570 5637 2576 9588 9879 1831 3160 6092 6510 4222 5607 4324 6507 783 6644 6975 4363 4293 6442 9807 4410 407 6159 5517 696 6279 5437 3966 4623 6604 8048 2545 696 9744 2434 9307 4802 578 2081 2752 5499 2732 6764 9481 6781 9936 6813 6082 3812 5106 7781 8078 9638 1132 6656 8865 7013 5857 835 2203 976 6792 8821 1887 4659 920 9032 4091 1958 3321 7929 1558 3072 9578 3748 609 1348 3665 7461 1047 6597 910 7943
7071 2379 7312 3914 8432 9923 6294 5413 8407 8673 4601 9587 5702 7719 1425 8948 7320 9065 6811 9545 9133 7465 0 7836 4658 7026 6849 2835 4481 4481 3006 6864 8821 8333 9255 4509 4228 5137 2053 1069 9338 6424 712 4211 461 9958 6111 6258 3873 3491 1814 615 724 2364 3661 4889 743 4617 4720 4209 1601 9102 1497 2678 4092 7477 7270 5490 7564 8558 6858 4746 3596 4524 8535 320 9150 2522 2297 2256 8185 9690 7638 1792 8359 2881 6609 5437 9079 400 3355 5129 4437 6128 7923 5335 3704 6930 4602 4906 5614 7249 9869 1637 5722 3574 9752 752 6191 3268 7388 7348 3580 4076 8272 678 1953 2525 6714 4842 6913 9362 4576 8818 7842 9751 2490 83 921 8619 7247 3273 5747 9681 6860 6124 2033 4313 3218 4352 6899 3543 3572 8571 2812 4321 3134 4139 8075 9236 5407 2505 6666 4667 1520 2510 504 1755 198 3278 7567 1174 1260 1397 192 9858 6221 2094 7890 9313 5195 5909 6961 6702 945 8373 3452 9114 1946 4553 3227 1190 6779 3373 8811 2773 3854 7205 2226 9768 3409 4800 7585 2274 7220 2315 1480 5179 7001 7605 7934 1956 1898 5173 6656 3463 4425 1376 9755 5195 9755 2138 1821 3513 4000 688 3237 2132 9958 1819 5743 5546 3969 869 1673 4120 8060 2344 3745 5955 5163 8574 9568 3137 9753 6116 1627 2915 9924 3700 5588 6019 6838 6963 6414 8937 9591 3498 3175 5819
3880 6908 1357 1937 2327 2282 2821 5701 5383 2389 6417 2999 9143 7155 4675 6161 9426 2714 13 7438 8597 2350 7836 0 9113 3315 1131 3662 5069 3734 236 2436 5319 1285 7969 5868 3342 967 3437 4997 1748 7871 3461 8386 4903 4059 1495 3739 5906 5969 8400 1981 6673 3947 2968 7498 6598 7139 4157 8629 241 9945 1877 2753 225 9304 379 8454 6743 511 1195 1707 4539 189 4049 8523 7527 3245 1258 4204 3573 9777 4057 7750 6816 4897 2184 6926 1988 7761 9943 7261 114 4756 5891 3359 8736 3753 9078 9965 7134 2216 4383 3545 671 1796 695 6393 7502 4166 497 2010 3473 1900 9800 2399 6940 1398 9035 1152 799 4592 2544 6635 2973 1296 4912 2260 1880 3954 6461 5344 7725 4686 9339 4380 4284 3776 8930 298 5309 1001 5755 5780 9959 5561 6353 6039 553 3067 1183 6865 2053 6700 8973 1382 5732 9244 5960 7554 8342 1925 7134 5520 6064 2886 6716 3102 8752 8954 7363 6910 2630 3433 3202 8953 5650 336 8578 7800 1804 2598 4920 5747 4560 8795 4306 6181 6350 8576 4178 1480 8970 6428 7432 5312 6459 8961 7061 9441 2329 1758 7 269 3739 53 2909 4995 8957 3748 3601 6615 3180 5425 5252 509 8853 9118 8993 5431 4772 6379 4077 4089 4383 760 9695 2117 9172 8445 8968 9466 6206 9041 8777 3299 5662 6586 5652 441 4797 7627 1323 7882 249 6936 5742 5676 2766 3777
8602 3826 9655 2712 812 7900 6807 280 3897 3034 6624 1431 5215 3299 9130 7841 4790 9344 7965 6526 3477 4542 4658 9113 0 2375 5258 3619 2904 5326 7356 5616 85 4596 5498 2061 2091 9901 6915 2975 5285 9112 8543 3889 4558 1701 2205 1136 370 2954 1733 2601 4841 4863 7882 4608 6959 871 5030 3402 1927 3522 2319 7509 4633 6050 5335 2125 9318 2926 3554 3985 2685 4937 66 9374 6578 7962 4705 1289 6826 4719 7203 3077 9511 9431 5420 7948 4072 2402 8809 5325 5708 2656 126 8027 3991 1153 511 8585 1237 3905 7720 3874 3107 13 2611 1590 9166 5020 9527 8585 426 8566 8715 5430 979 1324 9970 6463 2704 3645 2016 9415 3187 2166 1343 9432 8381 5296 1278 4073 4292 693 3011 1016 5785 8485 4341 4424 490 4038 6588 280 7892 5764 4644 3210 7998 8973 3903 7916 4446 299 4824 5349 2028 7770 682 8555 3087 1674 2564 8713 9828 1442 7529 5294 7900 7344 1654 7525 6113 8534 3631 2984 5320 6950 413 2299 992 5994 6311 4262 4157 977 7764 2052 206 4901 3069 9844 5788 7800 5941 3347 9476 7138 7231 2853 4329 5219 8769 6742 9022 5741 3831 9873 9096 7256 7620 2201 414 9127 2794 602 2990 9056 805 4283 834 870 800 4508 4931 5852 8136 6859 2191 4234 6146 590 2565 435 1828 9292 5473 3756 5978 7733 5179 7282 4856 2717 2294 2533 9892 7435 3996 356
4306 1827 4411 5273 4957 4962 5821 69 4775 2001 1800 2354 9214 5549 4318 7086 9451 6592 7976 7442 2315 4364 7026 3315 2375 0 215 7130 7217 7807 9539 9102 6079 770 1492 8241 3163 2668 3796 570 5896 3893 64 6758 3243 2879 7487 3329 3221 8035 9877 7379 3395 4158 51 6355 3580 468 1679 5250 3369 9105 1236 2884 9484 6043 2928 4687 6471 5637 7809 7117 4589 8718 193 6850 3337 8746 3636 9706 1356 1304 8412 5932 1371 5303 7597 3034 1898 1813 2104 3791 934 9908 8274 1207 6479 3968 4297 3553 2639 8575 1509 8890 3377 6089 9319 3639 498 4244 4725 9985 9703 1570 1916 2128 6076 127 118 1617 6383 5322 2833 7007 5165 2330 1971 448 6190 9954 1076 7512 6736 7646 1451 4350 4007 8410 1060 1720 9909 4265 5178 2072 8321 282 7509 4943 8435 3569 279 4810 8125 6619 3151 8726 1704 4505 5080 603 442 6563 2538 1308 24 3379 2499 7354 9904 6806 1303 6149 4723 1071 160 4315 1406 9795 6739 3465 3822 9935 6140 6790 3377 171 181 5538 1028 831 5802 1605 2395 5183 471 656 4239 3399 4217 3810 2325 9436 1757 9148 3660 2584 6555 1056 3465 6893 3575 9790 4366 2775 7451 4051 2699 4806 2941 9079 1597 1420 7574 3379 2314 5635 8505 1107 6987 5262 9816 1427 6212 1469 1730 4321 8347 6693 9679 1178 6477 3087 2359 7443 7766 7922 2434 1830 1069 1437
9077 9980 8307 8415 6651 3218 5982 1762 1562 7439 2393 7370 4702 6490 6677 5948 113 9404 222 8239 3905 996 6849 1131 5258 215 0 1410 416 4438 1247 1384 3761 368 622 470 7448 4168 9968 7720 5100 2109 1427 8940 579 2136 372 8242 5091 9258 3071 8796 6907 2890 1009 1794 4873 6948 5203 3979 4458 4744 3455 4408 7333 4184 9211 9021 4718 1287 3147 1335 8978 8880 708 2116 1592 850 9156 359 2933 3533 7687 7821 4678 8386 9972 7545 6412 3086 3912 992 8125 920 1140 5445 7303 1038 900 5674 1017 9040 3444 9155 211 5704 8360 4209 3731 2943 1769 8069 5797 8849 320 9407 7152 8922 6512 7885 7283 4406 1874 2021 9467 9082 2091 6271 1344 2890 3659 6373 6875 1697 2182 5665 542 5164 3848 3351 5576 7848 5644 2421 3767 9756 2327 3956 6069 3378 8369 5014 9960 9207 4564 3437 6115 5622 6607 2570 3238 1056 6541 1734 175 1599 8550 4053 6708 3409 2375 1796 2660 978 968 1793 4448 4716 1307 1372 9819 6033 8351 8231 7231 4392 3839 5822 702 8706 8686 9420 9303 5275 823 8047 4216 3478 526 9745 8482 2965 9821 3634 9940 1294 407 8548 2192 2197 4827 8916 5128 7512 841 8743 9618 1328 7899 3953 2091 678 148 3487 8554 3711 899 6628 8124 5582 7825 8022 5051 1682 372 7422 769 9270 5898 539 8855 6481 1051 5757 4963 8138 9306 8029 575 2900
8253 4244 7641 293 1077 2476 1811 7726 6982 8168 6673 2092 4859 5896 7399 9014 6407 2327 6408 1422 6780 5430 2835 3662 3619 7130 1410 0 2741 247 3739 4881 2874 321 4983 1161 7136 8959 8653 2855 1279 1994 8576 3537 3858 272 29 2510 6800 5095 8898 1462 4996 140 974 7089 3752 1163 2562 4732 3800 81 6700 1590 6744 8416 920 9158 7953 4220 9713 7498 176 7598 360 8903 2672 9417 5350 2093 2066 2848 5296 1034 2985 6473 2271 3772 1677 4070 8981 917 4450 3675 4401 97 5839 2362 6960 1091 921 3138 7078 8708 6604 6694 7918 1647 9887 7981 1225 7369 565 6142 3976 6809 9466 2030 6483 8760 207 1496 5952 2188 4670 1935 2994 8749 6155 6342 335 8095 5798 7901 439 3228 8002 2220 9694 407 2955 5843 7761 8594 5742 8800 9894 580 322 9993 6256 9203 1034 2020 5536 7502 8331 8464 6917 9357 712 5381 3608 1793 2532 3805 463 3881 9660 8239 4145 3069 4206 6631 5481 7097 3365 4288 1085 3717 3988 6145 8098 710 1810 861 9030 8548 9380 2199 1559 119 2787 7383 4789 9121 9381 162 6799 3409 6864 2882 3247 9914 8478 3877 8180 5318 3819 4928 9245 6181 1421 9312 3287 4637 364 2845 4647 842 8581 7206 2311 3537 2704 8151 4083 5537 578 828 6335 2922 5553 3571 6542 803 5504 1142 2879 4081 8242 7625 35 284 4820 518 7513 5465 214 4390
7114 816 5248 8970 4749 6956 547 3096 7016 9633 5139 1784 234 872 4423 2189 4460 3640 9245 4008 2101 1616 4481 5069 2904 7217 416 2741 0 752 5180 7825 4755 4891 5286 4430 1092 7081 9467 5158 1036 6304 8181 2683 9453 4296 9504 6234 791 2381 6496 8315 9797 2634 5650 7689 9559 9437 9724 6111 6313 3221 8673 3272 5036 6609 7669 218 4423 10 4750 7082 2539 2266 5050 651 8715 1879 2061 4298 1696 4298 8338 6288 1489 4715 6533 7646 376 251 2999 1725 7198 3008 7218 751 8924 1810 552 2931 5315 7426 6616 3593 5214 1721 9932 1386 3904 311 9528 2389 6014 5022 7661 732 7225 2290 1715 6674 1262 4100 8557 4038 1341 3383 9648 1611 8186 6136 5915 8401 8395 8948 623 6574 1706 2164 8473 7792 1435 5030 3469 5463 6415 7476 1069 5047 4959 6344 5789 7206 7211 56 1161 7999 5690 9269 1572 7757 63 8588 1469 5904 5370 3807 4456 4713 3257 6525 9533 3395 4338 279 9111 3008 2078 7779 9786 215 216 2389 6711 4075 8652 5728 6372 1013 4466 6343 1301 8620 5601 3994 2368 6919 5626 3473 2150 9053 5126 341 3086 4269 1798 5954 1087 4375 3217 791 9248 4960 8157 5813 3397 241 52 5815 9827 3042 8185 7231 658 460 4137 9603 5149 3940 6669 9565 282 2149 8051 7760 1675 9450 8213 4735 1501 5848 4691 5541 5596 984 2401 3785 9570 6358 2835 5308
1241 8576 8859 7477 6905 6946 4125 4617 4973 1545 2213 8400 2210 6709 9356 7410 6661 7637 8137 2710 3159 7438 4481 3734 5326 7807 4438 247 752 0 3773 5279 3325 8051 8016 2359 8496 9185 2485 3701 8890 4556 1170 9359 3334 4393 6581 3427 4708 1560 8711 8757 2067 9660 1791 3602 8543 5361 3479 5060 1669 1252 5371 3285 7081 6229 454 3176 7864 5869 3182 5521 2120 3972 9307 9171 5736 5044 6262 1906 2600 2750 3522 5043 6959 4403 2511 9351 1206 9119 7649 8143 5164 642 1433 9832 3695 5107 2820 3629 7525 486 7008 8160 5333 2220 5353 6297 9796 3841 762 368 7837 830 3437 7924 3252 2914 9996 673 8288 5660 3794 8531 8203 377 816 7059 9870 6930 2006 7909 7322 4310 4780 3111 1285 663 8306 9947 5171 6816 6150 2878 7443 9743 574 5246 8189 9582 8644 1183 146 8237 9589 6938 8992 547 5659 4907 6262 1006 7881 7379 1048 6922 1806 3160 2725 2352 1138 267 1635 4108 6638 8316 9285 8638 3320 4221 5107 2140 4783 5169 9239 6290 6057 19 8760 9502 6686 5641 9253 4964 9761 9955 8059 57 1540 6257 225 6502 9346 7886 6312 5685 248 3716 602 9480 734 4216 4862 1276 667 107 4048 5810 2133 8009 7442 3335 6586 9252 2209 5382 3941 5908 2397 7740 2925 9433 1207 8911 829 7136 7344 8052 2410 9214 1315 7412 8814 569 9500 9049 8961 1090 875 1224
3722 8723 4615 979 4110 8631 6970 2533 6860 7430 8888 5310 4566 9720 7045 7432 2917 3664 1092 4728 7875 1405 3006 236 7356 9539 1247 3739 5180 3773 0 9651 3369 924 1509 7599 2386 1607 2281 3278 3633 5377 2001 2007 9147 2625 1344 6687 385 7420 1224 17 6405 6076 2410 4153 2410 6749 6372 209 9285 9114 3333 606 2283 7006 2332 1924 5697 4511 1883 2588 1653 9237 6295 2562 5156 6222 1456 7801 6893 9659 9931 7257 2824 6990 6873 7723 7472 8183 2444 7230 5387 1705 8568 5859 4047 453 1951 9087 550 4738 9548 6486 4321 6311 4200 5060 6107 537 626 2160 5547 6540 7291 5758 7609 1742 4029 221 9900 7874 9747 7447 3002 3200 8294 7510 3501 7466 5928 5412 220 4179 7846 8885 762 1376 1800 2275 2971 4814 6325 8175 944 6402 9570 7451 6686 5739 7198 2474 2013 8761 651 3698 4510 8176 7842 5472 910 7806 9035 8840 5145 5332 2588 1071 2615 7003 6932 9041 7337 360 5590 3917 6681 87 4504 6440 5821 7620 1461 8550 5601 688 8073 3921 7210 5353 9256 3857 5303 6962 6054 38 3977 4029 2261 5131 1709 5286 5214 885 744 3801 3911 6944 7734 8832 6219 7775 9744 2539 9937 3891 3104 7265 808 9510 7552 2934 9364 5087 3764 1143 1395 506 4137 4659 5801 1805 7002 1257 5267 8720 8080 569 2158 2768 992 6682 9452 107 5143 9930 5217 6937 3521 9573
9227 3747 1631 7992 3645 6479 8571 8828 1227 6608 7427 2753 6680 6530 9437 2158 7064 5318 1129 3997 6121 4443 6864 2436 5616 9102 1384 4881 7825 5279 9651 0 6318 3050 7766 3547 1945 5188 1878 4550 6193 7148 3206 1544 2776 1038 3075 978 2988 2763 6725 4215 6342 1774 1453 8488 5878 6136 5882 752 3775 7744 9112 8964 744 6561 484 3891 1880 9695 4894 59 7036 8723 6864 2466 344 2490 7826 8720 3690 2029 129 2076 8353 1189 9164 3913 7776 5283 4066 2064 3510 4028 9367 5890 8281 3870 1396 4447 4183 9981 7404 1057 4119 8484 2844 180 1502 7803 7633 8627 7684 3038 8135 9569 5015 6006 3248 2356 5608 8482 7823 289 196 9893 958 6111 9113 8483 2243 2363 2678 7752 5261 4974 5833 9310 855 996 9079 1457 4217 2907 8512 1437 5734 6579 5207 7779 489 6666 2041 2168 1697 3391 5161 988 8542 1180 8129 5798 910 318 8117 844 2959 2474 1110 2599 4821 3253 6975 4147 6910 7294 3118 7601 2763 9995 5358 7406 1762 2875 49 8598 1365 1724 1711 3065 270 2867 7663 1763 5776 8028 5002 8373 5642 5615 1025 3162 3431 4708 8317 8322 3226 8744 4584 354 7616 5211 4119 2463 1616 8019 6549 520 3493 3633 5843 4585 308 2034 3326 7605 7623 9258 6897 2764 1087 102 7157 4878 6313 8645 8789 4094 6607 9140 9985 1466 1905 9807 2659 4678 5306 3413 7567 9218
