250
0 6521 5531 4712 2021 7154 1441 4950 1454 8702 9478 4618 5531 9800 3861 2553 1307 8132 3205 6016 5622 8472 9233 8679 8439 749 8223 320 9773 2049 8694 6442 823 2178 6977 2695 2613 5094 6393 1673 7157 4598 5916 3597 9100 5890 5717 2051 7061 42 1623 8115 9810 4964 3399 4335 6398 1634 6144 9630 7297 5883 8820 1158 5910 1716 8784 9368 6942 5784 2230 9732 189 6931 9223 8437 7382 6058 7529 3653 1284 1686 4999 1892 6699 2533 5803 7726 3002 4004 8263 3705 6540 2354 6566 7319 2469 8881 6766 1034 2061 1593 278 8881 813 8136 1762 5517 8011 1233 3582 8917 7290 8986 3397 5048 9579 7096 3957 3497 1709 5414 9470 5717 4190 3880 6220 3279 9981 7425 8126 6813 9700 7666 2473 2479 6825 8146 306 2322 9001 10 4395 8892 38 4192 6968 5533 321 5132 2290 3503 2200 1641 5240 9728 7477 111 3104 6734 6868 6296 6011 7232 8807 6069 4851 5280 8562 9648 9923 2225 9135 9924 1073 9212 6153 4567 4428 4894 9110 4913 3038 9921 5080 1557 4129 3285 7178 8632 493 1286 8326 2427 1524 1458 9622 4991 3929 3944 7299 3645 1147 2377 3928 8617 8257 7006 5256 4278 5620 5070 2824 7628 1878 3525 6300 4002 9177 5532 7330 5627 8346 294 8853 3990 2874 4506 3827 4077 961 5718 7798 5880 4991 1741 6441 2670 8954 3970 3195 9390 3682 7668 5159 1572 4264 5575 9033 2826
6521 0 7783 9550 2827 789 2439 5800 5274 9756 6373 3268 3310 6466 6793 8598 8291 5667 8880 5564 6821 6354 3263 1396 7349 8065 5779 2209 1564 543 1726 7163 3877 4935 7256 4430 8610 2941 5680 7462 7181 66 4325 9209 7851 5288 987 4661 6410 1767 3731 3253 4280 953 6675 9317 6257 8574 6177 8193 8580 5012 2096 7436 6002 8964 8639 1478 5276 590 3391 5902 170 4862 8539 7112 3351 4671 5849 9054 7591 3275 6382 9192 3809 5389 1909 3996 2086 1063 9923 7637 4567 8681 1093 2839 355 9768 962 7886 3524 8528 792 4083 5395 878 2052 1701 2570 8664 7877 9232 4536 4068 5129 2645 9178 6296 1540 811 1462 1434 7626 514 2308 6183 1422 3785 8583 6208 2127 3576 3298 3191 7614 2774 5284 4204 6587 9468 1120 7586 4286 3606 4829 8216 2491 2021 3478 4309 6732 3902 8675 2074 551 2665 2913 9571 2133 3900 6042 4847 7231 9161 4458 8074 2881 9295 9062 2907 1987 4779 1176 1057 2707 3827 9979 250 3281 3925 8218 8721 5104 2691 7957 6076 7960 7518 1065 9745 8866 5628 8176 2211 8543 8380 3846 3072 8757 7763 3944 227 4337 337 3449 6100 7679 9890 8596 3860 9548 9526 9948 8511 4529 7381 6917 6465 2569 8970 8834 9354 2652 292 7099 1569 1075 9633 11 8664 8999 5558 6417 4676 1327 6330 3706 5300 2378 3090 9925 9859 162 4959 9593 8413 6381 6329 9305 8829
5531 7783 0 8757 2971 5759 5137 9146 360 694 9623 4784 6958 4936 5822 2677 8632 8132 1271 7318 1915 7475 3341 8927 7154 4879 6472 1522 1951 2890 2807 1002 5233 3592 5395 1371 8802 2818 6082 7216 2564 8756 8993 9549 4203 3475 2190 1049 7505 2394 969 4689 3831 3451 1139 1276 8216 8963 3133 9585 1379 1565 3450 115 2653 6421 5994 4276 5067 7178 6800 8903 4336 6635 5857 4576 4184 7548 3202 7861 4185 8959 9157 9532 755 3790 1278 9037 5711 2499 8328 3637 645 3084 5582 4620 408 7942 7103 5587 3424 8824 1012 6639 6400 5142 9097 7474 8594 6277 1068 9862 3762 4037 6703 3094 88 6659 3681 7380 1962 6202 7334 8238 2947 1405 8334 2977 8635 5849 5621 5041 2357 660 5701 9222 1754 5345 4699 2560 4881 6485 3118 6663 4290 9686 7704 3296 2538 1961 1860 8849 7403 1081 9492 5821 6463 1772 2485 2761 7495 6401 5954 519 1582 4228 6612 5182 3580 181 4583 7867 9411 7292 5873 8195 3035 4140 3898 6390 1660 5031 4801 4500 9070 1587 3081 9236 7691 4725 2414 4134 908 3921 4973 2051 9902 9733 6880 5803 2574 4970 708 407 9038 9039 5594 9385 7231 1457 5900 6519 4745 4144 2101 4747 1119 6887 4677 6798 335 8758 6902 4788 7675 3561 3858 8748 163 5768 9376 3300 4295 743 8165 2684 3331 891 2315 2678 8164 1386 7261 4603 4504 9287 7787 2024 3942 614
4712 9550 8757 0 3005 9062 2032 2061 1192 2992 3274 6868 9440 5652 2235 666 7138 1581 5671 752 5076 5105 6452 5347 1245 6221 558 8342 8308 8290 6018 6395 7093 117 3610 8763 3983 8788 7885 6965 7166 4288 1028 5143 4822 7744 1938 4694 117 5059 3189 3433 8802 8700 2882 1439 7787 1374 2952 9871 7822 6536 7669 7775 9268 9908 2080 2652 5495 9208 5136 8076 2315 8121 3631 2031 6184 3653 3481 201 8220 4109 2387 9745 8163 1633 8966 340 491 9531 1069 4185 8616 3432 3947 4464 7780 2135 4677 1538 5303 5907 3009 619 958 51 2866 510 6221 3825 3738 389 6346 3121 7001 5049 2470 694 8057 3534 6967 9832 7927 6149 896 8414 3695 2185 2576 5620 8539 9637 3944 8614 631 359 9983 8656 3376 9217 599 721 5961 3995 9722 654 3400 3829 8967 96 454 8794 4036 732 1551 1599 2542 8608 1076 1505 9052 4320 280 6726 4638 9124 6281 6194 3695 6105 2984 5940 8127 9031 4640 9842 8163 4625 4710 4013 5026 1971 6513 1060 2688 4249 7672 9962 5208 9596 9182 5595 7562 6112 5022 6350 4236 3497 4254 3911 7091 106 7925 3609 9482 2757 5110 6591 4696 2307 5720 4993 1243 2070 2279 9364 7630 4246 6994 2027 1863 9890 45 9426 6109 6179 3637 4274 482 639 2062 3025 841 8661 2341 6619 8231 6376 2410 2544 3152 2024 3050 8077 4750 237 2126 7219 9371 431
2021 2827 2971 3005 0 9926 3452 5865 9194 4733 9492 7323 3334 3756 4814 306 5841 5272 5926 9441 1362 5330 7023 9268 8677 6988 7830 7421 3246 3021 3871 7421 6545 6479 8963 4267 4822 9137 8875 7079 4340 102 922 1158 5580 4796 3792 4459 5935 8830 8069 7363 7236 4502 2697 9714 8025 9134 9422 4114 3816 1284 4180 9197 3030 9803 5224 1741 9794 5488 9735 8174 9174 9068 4758 8933 8661 6995 797 4276 6598 2656 4300 9322 8796 8297 5538 4676 7121 7709 7957 1142 2458 8705 9937 1832 7747 2188 5464 9968 6112 8964 2575 2034 3614 6483 162 6378 7430 5807 2383 8509 7001 5800 9212 2736 9667 8096 56 596 9778 6096 5472 9128 928 9580 8001 3689 2393 8901 1215 7536 282 2071 7945 881 179 5532 7975 516 3665 2055 1407 1507 8260 7342 8499 9655 6359 8811 242 2534 2903 3468 3748 9699 194 6365 7327 3590 8641 5294 8670 6690 4754 3288 8906 6976 9746 7562 5016 9494 6112 1944 4326 9750 7798 4760 6611 6564 361 8572 3535 5293 4124 8264 1631 7641 8522 5370 7653 8756 4768 8832 9560 3586 1443 3506 1650 994 1488 4735 8773 2029 563 4690 122 2729 7729 903 8332 5676 2623 6159 9657 4279 8565 7848 8282 1433 4257 1667 4216 7986 8713 2386 6817 2152 1835 6988 7663 3999 8938 4213 5005 6972 7671 1674 9579 7259 5522 7355 1386 7936 8562 544 8055 6601 6630 5367
7154 789 5759 9062 9926 0 9144 2294 5678 8845 8130 917 7131 3381 2095 831 5124 5977 8287 2562 4093 7860 2455 6693 3081 5531 1716 1229 4738 3183 6204 98 3715 6748 6318 7239 9248 9860 3800 8814 3080 8022 2310 6692 7735 9663 8175 1307 5434 3151 5944 2272 6557 7979 1473 238 7582 9924 8016 9752 6491 678 8984 7747 546 9659 5028 9524 3188 3599 9236 187 474 5196 2989 6857 4831 9016 3073 3602 453 6769 5806 9429 7387 7248 5558 8304 725 3023 653 6645 4309 2539 6056 7119 9177 3288 3398 6711 1754 6047 4874 5758 4727 1388 1033 3399 6755 9810 764 110 882 1206 707 4917 623 2261 1867 2303 2883 2879 3708 671 2876 2415 9341 2765 1352 8106 2338 8080 9573 5684 5296 6907 5711 1246 6825 5300 2894 5573 4244 8773 2889 2259 7066 4189 1915 5157 2305 2252 1132 2691 8718 4230 3711 8399 7971 1929 1157 9081 3331 7313 2190 3465 7359 6832 582 9585 4422 6517 2188 6283 1624 3322 7256 1099 315 1157 1058 8450 1089 165 4548 1455 3630 4008 5267 3686 174 615 5231 7032 7347 5546 4871 3963 331 3842 5788 4630 8946 4428 6675 6992 811 10000 7716 456 2512 8812 4233 6732 9887 104 3433 2058 8751 6629 2829 4589 4734 4996 2322 1042 811 5818 3270 7639 6291 2866 1963 9401 3772 2183 1555 1538 9315 9611 5906 532 5177 2625 2227 1896 1456 226 1171 7376
1441 2439 5137 2032 3452 9144 0 7720 1954 9319 6798 8250 9453 2506 9724 3849 6647 9223 9263 8874 4058 7949 4427 4300 6181 6397 4744 5228 1412 491 9735 8419 2751 1020 6653 334 1995 2092 4993 342 8596 6768 7241 7400 8772 9195 5382 2050 8733 6872 2522 8816 7112 853 891 212 1624 7396 3885 5829 4560 9353 8198 1466 1750 8923 3095 4442 1521 536 4491 5181 967 6749 5478 3419 3238 3944 3263 8117 7289 2246 9762 7156 1797 4047 7198 3000 385 162 2874 8127 355 8982 5153 4797 2594 3167 5567 4992 2961 7146 6818 9336 4246 8793 6472 6452 6489 8664 7289 1227 409 292 4939 6897 252 8934 4360 4538 4910 7943 4091 3397 3826 7963 7793 6612 1079 9822 8007 8638 7343 3670 500 5688 4477 770 220 2200 7536 4815 1447 6293 5961 5974 6976 3081 9308 4405 1612 4341 2169 7939 2067 4074 1894 9284 150 8688 4311 1832 5917 7351 6966 3357 1424 9028 9874 4376 9241 1631 2666 24 8441 2506 9772 3980 453 3826 7695 9678 8463 9228 3438 1678 3588 8721 4229 6674 4881 4972 4760 5398 9993 1376 867 5129 6734 2458 2182 1005 2253 3515 2347 5195 7799 40 9787 1911 499 444 2420 4387 5272 2996 8475 6398 9426 3712 1385 4243 638 3666 9096 3123 5525 8415 5685 3021 9048 5827 2733 2564 7923 8996 5480 178 692 1360 8347 4978 4293 8575 1382 1452 4510 2448 3744 8985
4950 5800 9146 2061 5865 2294 7720 0 5393 3844 4370 580 1713 8050 5440 343 555 5672 4064 7499 9733 457 4377 1572 1861 6095 2326 7620 4877 1030 831 268 9584 2308 970 4276 5889 4604 3310 2648 7149 7654 6624 5532 162 1089 7716 1619 5666 1460 7774 1833 4519 1914 902 3825 5863 6335 3182 5592 1567 924 4296 8906 5639 8630 8469 9336 3569 5954 5201 9336 4326 6159 6900 5111 2842 8626 3667 8981 5406 2912 2462 5523 586 7286 6310 906 5420 7240 1884 9249 8388 3597 8620 5805 8976 2259 4184 7805 9920 8998 7368 4686 4019 7925 8360 7258 90 5711 5897 8219 8829 7647 6804 3310 8084 8087 579 873 5575 8551 2928 468 4233 490 3733 7504 2164 6659 5973 5727 7833 8387 2243 2952 8249 8836 2810 5302 9862 1096 2318 4509 2307 65 9632 4684 5424 6918 4233 7750 5253 347 5516 3097 5721 9620 751 9104 3460 4706 6705 4712 6473 557 5913 7847 8560 8841 5378 1831 4640 5773 3426 663 2908 5091 2233 751 8671 3225 1307 3398 4932 8643 4029 9667 382 1349 7762 5732 4788 2205 4482 3851 5705 5318 7431 5472 1204 2973 6796 3943 3515 7610 9458 3785 8474 6030 9800 2919 8442 5961 503 2569 1331 816 6167 5850 4495 3328 5116 9833 791 9871 2508 5184 6654 4722 2569 9189 1259 2762 7 2735 501 7093 8155 4066 3055 8729 5077 3558 8261 4665 5230 5579 1242 4010
1454 5274 360 1192 9194 5678 1954 5393 0 8114 379 8478 3843 3670 2793 5438 4438 2246 1243 3470 921 1126 7173 9756 7383 1629 4646 6361 886 5104 6853 2177 4126 5162 3376 6704 5630 9815 7684 2639 5663 7738 2400 4178 4342 1483 7577 410 784 6376 892 4970 3293 3313 8394 6164 8855 9439 3483 7654 718 8854 9445 5311 999 7012 6369 7246 3799 3118 8192 9200 7464 7148 9054 8104 3872 7336 152 5920 2126 9079 7103 1109 8491 1758 972 9384 1738 2923 7700 4109 6983 7332 6201 9520 7035 8902 1810 8120 3792 9498 5475 2621 4526 7340 1547 7106 103 2016 7005 348 5425 3224 4288 7624 9866 9925 4053 3985 3440 2962 1512 1595 4411 5005 9390 6451 6997 1180 1547 261 8904 4083 6668 7064 4969 2051 3978 4271 4592 411 6034 6357 7090 3701 3094 1240 390 5160 7174 1885 6463 6242 8534 5158 4176 6738 8365 5961 6745 2150 9224 1068 5416 5459 809 502 9902 8842 2995 5088 9623 774 5904 2831 9046 1056 9232 1162 6417 8616 6315 5421 5879 5001 4096 373 3283 9884 7504 9657 7332 696 5133 2788 5101 8529 68 5707 5650 1629 319 5770 3876 1047 9814 6524 8420 9604 501 8563 8657 8015 8330 9026 6743 680 4943 5817 49 6360 383 1408 9282 3445 8280 2564 5678 1962 3181 7351 2510 4948 1159 2209 9402 8195 6587 1003 6098 4631 7327 4505 9029 4296 3437 9277 7702 1371
8702 9756 694 2992 4733 8845 9319 3844 8114 0 7917 8886 254 9641 7377 32 818 6438 4543 6592 9550 521 5885 1604 5546 5208 666 2781 146 3028 8111 2883 3068 5865 7398 9547 8840 9635 1379 1456 7798 5493 5680 2599 2138 5730 3578 2658 4237 6792 4056 4176 8137 8926 516 329 706 198 7417 9887 6620 3771 1062 8072 1193 867 2142 9099 8115 2866 498 3168 3107 2007 2025 6140 9798 4316 4295 814 418 5490 9929 8807 6847 8453 6023 7917 7497 9404 2928 2810 6346 4856 1913 8358 6455 5515 3946 4023 8422 9990 2870 4622 5875 707 2724 517 6542 9733 4838 9395 297 5275 4806 111 9557 4942 8725 9149 7452 8581 469 9797 2737 9478 8500 4292 6780 724 4652 6816 6150 8029 4607 626 2750 5706 6056 1680 211 1016 2442 613 3387 8731 5294 6264 2294 5194 8864 6808 9476 7910 9307 7165 6612 9698 3434 3309 7890 8044 5939 6968 4522 117 1916 8358 3723 4172 3523 4770 8208 2771 5159 8607 7996 3844 989 9735 804 1223 5078 2721 9869 5138 7761 4894 5649 1447 2159 7626 7125 6589 789 5002 1919 5419 7903 1246 1880 1566 1116 799 2224 2193 1540 9406 5323 6240 9477 2717 9576 2443 161 9306 5331 1883 6556 5795 7785 7202 5618 8581 6707 510 1428 5982 9292 8978 6996 3791 1666 1307 3250 456 3815 8629 2489 8407 7269 5475 6414 522 2349 4829 9636 9720 279 3612
9478 6373 9623 3274 9492 8130 6798 4370 379 7917 0 7422 2567 7130 5762 853 9031 2661 5603 7078 9087 4463 4475 6621 3324 7943 4778 6009 2206 6850 2065 6649 8 8489 9158 9598 446 5822 7523 4840 510 8904 3248 3536 5434 4256 7789 359 1655 4486 6 9895 9525 8048 5512 1284 5688 5734 4845 9082 6894 486 4892 237 8557 506 4413 5748 9151 3841 2621 1623 853 5357 1032 7515 5390 4035 4636 1118 7226 485 9138 3668 7853 2545 1794 6865 9827 2625 3530 8454 6386 7509 6062 6721 7350 9255 6684 8169 9600 9960 9982 4317 9681 166 3828 1192 7664 2330 1165 1672 7898 4009 1876 7315 2936 9571 9812 2738 1494 3474 684 3802 5135 9403 3004 6382 1238 5004 1075 6526 6475 5117 9480 2397 3044 5014 387 5868 6737 8797 1842 4399 7899 9360 3766 3408 7395 8528 715 2536 7310 6310 5713 2368 9711 4275 2855 8272 8302 9731 8763 9620 9026 5061 8035 2689 4300 6611 7079 2011 4186 3343 518 8321 2819 464 6952 1241 2038 1233 6585 140 7510 2306 3526 9781 9998 7641 4196 6147 4436 9441 8514 8932 2553 9085 9977 146 1002 7652 8694 4086 9679 2907 7099 820 5073 1095 3533 1804 4020 5940 5758 1988 9634 2912 3820 349 4934 5010 4444 3116 660 7778 141 1978 8837 5363 7403 6309 2439 5320 6139 6570 4964 231 9599 3100 2235 7812 4087 2436 76 7667 904 9920 8752 146
4618 3268 4784 6868 7323 917 8250 580 8478 8886 7422 0 6222 8004 8153 2822 7182 5044 4027 2882 7446 8261 5494 5321 3479 68 744 1884 4016 1784 6519 9308 6679 2610 7484 4980 6285 1727 965 1660 192 6599 3214 3937 857 7815 5206 752 9200 6511 2386 6827 1073 8999 6760 725 979 6553 7687 4577 4146 3102 8846 8139 4134 7115 5756 6800 1410 313 2868 3248 8484 1441 4444 784 6049 7133 3168 9303 7749 4191 5573 3830 8411 9960 6940 9496 720 8184 808 6918 9264 6461 2328 7885 6772 8677 9667 5408 5063 9178 3848 2369 2606 5360 1404 878 7754 5596 8398 8385 4439 7325 6900 9333 4542 3945 24 8950 6698 4205 3656 4163 4116 1785 6358 9820 5828 6346 425 3752 7049 3280 9678 8699 104 3245 4241 3268 2760 3296 3413 1466 2863 9490 8805 613 3327 6854 6512 309 2779 4700 6943 3318 7006 7248 106 4780 1755 5856 47 4184 7795 4811 3265 1119 3785 5769 6354 3009 1523 2854 3498 4209 6806 5706 9294 616 6895 9431 1607 5730 4198 2064 2873 9773 9874 5807 9093 8502 9037 4600 2621 1828 3698 5631 187 8350 1258 7525 9123 378 742 1946 3690 4673 1501 2073 5258 424 9237 516 9243 8319 5249 6062 3653 1466 2015 9460 4365 1441 6198 5511 6456 4700 1540 3125 3688 59 7984 2903 5662 9611 6519 5913 1686 4276 5050 622 8246 7765 4043 9970 7030 4671 1797 510
5531 3310 6958 9440 3334 7131 9453 1713 3843 254 2567 6222 0 7975 4002 5690 5249 5454 3492 479 1935 9415 6697 5162 2076 1415 1431 6813 4073 7984 2521 3682 5166 6448 3614 4937 71 3368 3618 3160 7735 381 2500 6571 6424 6282 8546 1662 1648 5304 9629 2669 6922 1830 5203 3217 758 9611 5728 5333 7677 6673 7558 2520 2881 5407 6699 4815 3672 2907 9132 3618 6873 3382 9490 6968 1177 1691 1754 2063 618 7217 2982 6482 9850 4639 2335 4567 8718 4061 3047 9423 2673 9585 9541 5795 9882 8717 8612 2835 3977 1085 1922 3775 2725 8343 6042 8758 6076 8125 201 9292 5906 3489 2408 6830 3134 1035 7891 4917 410 632 5934 6940 9530 325 9896 2145 2909 8487 8694 9960 6954 1609 2146 8323 5460 4885 7402 2636 1055 5448 5932 165 1619 7951 6902 5469 7757 6129 5320 6267 5146 74 8477 3553 26 1384 9160 2769 1870 5115 1845 675 4922 3002 2625 5009 5892 6798 1334 393 5246 7412 9284 9424 7075 7134 2026 1667 2918 2459 757 6855 8467 1409 9271 8056 1166 3770 9959 711 7996 9606 2326 5106 2047 3252 4793 7574 682 5038 7225 661 7294 8168 4390 6673 6548 3830 2206 8202 4258 3425 6579 70 9330 392 6590 8424 8513 2642 7071 5296 5252 3370 28 2451 2492 8380 3644 8791 3246 9834 811 5910 2036 367 3679 2422 4409 958 2383 9037 2888 3521 7237 5222 1271 9832
9800 6466 4936 5652 3756 3381 2506 8050 3670 9641 7130 8004 7975 0 3567 4872 3466 4520 5151 6241 5301 4113 2727 7976 6286 3021 7950 3399 4904 9370 46 9631 7393 4978 5649 5924 9831 5196 7895 9424 3008 3031 8897 6342 261 467 5026 7842 9410 9211 662 3267 842 5939 3837 3175 5399 9908 4851 1320 1825 5867 561 581 8388 8738 7497 934 846 7224 4740 4258 461 3574 2914 5796 1224 1871 6334 6 8100 5105 2344 7292 153 3378 9960 5545 4981 9760 5687 6860 7131 4088 5417 948 9180 5028 3584 112 3340 473 5234 8952 4807 2076 8456 1547 2008 6651 3898 3560 7210 6265 2656 52 6915 7919 1519 8177 1610 249 3039 7099 2852 3360 546 4700 5247 2089 7207 6599 6695 5084 8093 3676 4613 7427 793 5432 9761 4555 5240 6267 9594 317 340 7091 4290 8162 2633 7919 9906 5972 5821 390 284 1793 3479 3606 9847 2297 1516 1489 6210 977 8819 2611 7324 9987 2824 9992 7176 3363 7815 5638 9647 960 7407 3446 9711 4274 947 4754 3260 813 9697 5580 6990 4264 4051 7589 142 8058 5316 8699 3509 4414 9408 6085 5253 4619 3851 5653 5191 9760 2909 9056 1453 3953 6093 1906 3971 9209 8574 4981 9019 4078 7828 5889 3088 1394 6934 8880 1038 3159 940 3185 3454 3099 9091 8068 1577 9731 7261 1986 3084 5379 1959 1188 8943 2707 3528 6797 1470 7207 4524 6381 6257 2538
3861 6793 5822 2235 4814 2095 9724 5440 2793 7377 5762 8153 4002 3567 0 1934 8186 9743 7344 9675 6821 8500 5146 5578 4958 8427 2485 6480 7477 6609 1324 8281 8936 143 1220 2124 3384 8379 9463 8377 4439 1727 585 9646 6802 9343 7123 538 489 4384 1723 8710 2732 1294 870 7942 2577 509 7840 8342 9184 3573 2957 7751 6464 4753 4570 7712 3331 5019 9429 9079 5460 8917 1989 6381 388 1867 353 5900 1526 6323 9079 994 3629 2842 7516 7284 1237 8195 4452 6298 589 3424 884 8624 9629 3895 6790 7051 4990 1496 57 1700 3325 602 4337 7062 3954 2083 3921 8961 5901 6632 6006 280 1968 7993 1844 8714 2867 1625 3759 8897 9171 709 9404 2061 2133 5690 3170 9737 1450 7066 6800 3536 6024 491 3706 8361 8927 9295 5260 7181 5375 7301 5321 1040 7469 1196 6882 6612 521 5258 7340 7921 4122 9095 7969 6153 6394 4490 998 9180 7173 3528 4234 2957 3148 9104 5293 7723 164 1825 7245 26 6593 7768 4185 576 814 2831 151 6806 2346 4690 1757 5837 2907 428 4855 5954 3054 4816 754 8715 1299 8937 9969 8523 3165 421 7107 3538 3181 239 8035 7420 7510 8214 8883 9216 3685 1437 3618 2107 5698 1797 2227 2457 397 5199 7544 3745 4152 1152 258 7256 5264 8966 3204 8069 7165 6535 21 5587 9711 1130 7217 9887 8040 6565 177 8367 3931 2578 5193 869 7818 8481
2553 8598 2677 666 306 831 3849 343 5438 32 853 2822 5690 4872 1934 0 2131 7500 6037 2695 1019 8292 2555 1823 3372 558 1829 4130 7322 1931 4007 3766 2624 655 7239 3679 6535 805 4686 2563 2599 6274 8185 9374 9686 5522 9871 727 7604 3068 6825 5683 1549 3141 3419 315 3856 3138 7880 2813 4788 9081 1229 7895 5147 7827 4569 898 9670 3952 6195 3774 9111 7735 7331 5990 1408 4838 7027 6676 9104 5474 1211 6753 8099 5828 2564 3715 5678 5649 6961 6405 2868 3309 3871 7605 4377 8037 7185 1283 4346 5040 6844 7331 4164 2431 7388 5034 1585 9713 3764 5320 2790 2922 8459 9547 938 1556 7002 7236 6006 7811 7642 9405 353 4545 7367 3955 486 3910 8740 8675 9551 9850 1189 308 2035 2958 7069 2769 6062 2802 66 9601 6769 2127 3307 6155 3218 1962 2310 378 8589 9731 5887 290 8530 9595 7249 9359 7032 2797 931 4369 6133 5481 2840 1940 6515 5913 3576 1411 5168 8638 6582 4787 6031 5925 6717 6399 4158 6170 8806 926 6005 5661 2455 6513 6484 6321 9363 3554 4757 5493 1208 8933 837 2727 5309 120 5713 9949 8865 3230 6829 1422 4156 256 4556 9006 9410 5164 8584 7545 5535 9943 1578 7267 1702 3160 7640 5898 2737 2287 4525 1622 5043 3301 7686 7417 141 897 1125 1686 9302 5560 4878 4446 2681 8160 4208 5525 6015 8625 7090 7850 5033 9162 7931 7317
1307 8291 8632 7138 5841 5124 6647 555 4438 818 9031 7182 5249 3466 8186 2131 0 6734 4744 4071 6102 3497 1288 6622 1033 2549 2020 3074 7592 9387 8149 7018 3119 2698 9282 6988 5788 8878 4068 1140 6011 7654 321 7609 3917 5287 3993 9566 4437 3837 7320 9288 8398 8124 8168 8125 8947 4601 9199 3930 6224 7645 3910 7389 4782 6136 4218 9379 303 189 4213 7255 8846 6675 4778 2293 5012 1643 8183 3465 2199 5488 2078 8209 4242 3175 6564 4222 1262 1852 1850 184 2488 7904 7927 1128 7041 3339 5515 656 9655 3340 9110 9374 2987 3775 2035 6234 8493 6371 7958 3689 6032 7345 9922 7721 8631 7080 5688 4690 6137 7619 1432 822 2429 6663 8040 4238 9602 9732 145 3314 4184 2813 9129 9512 922 5785 6390 8224 1738 4107 2790 8491 1903 9553 195 909 8851 3982 2330 8840 7886 4199 7236 5604 4343 5322 3209 8136 2739 5683 3984 4056 2935 3391 3027 2617 4132 8655 8213 3195 6320 12 800 4205 807 8152 165 738 5494 1251 698 3133 7367 1058 8369 8401 2711 6829 4112 2084 2295 5786 3192 1172 8959 5015 7016 8183 5251 5831 7157 1257 1562 6373 9752 9372 7122 8890 3157 3298 777 5107 6750 7217 7761 7792 9843 5027 2128 2958 2396 5316 4027 1555 2442 140 3877 4427 6401 8697 2948 6677 4240 8158 4844 4944 1642 4867 4777 8612 1926 4976 3488 1270 6225 454 1957 9562
8132 5667 8132 1581 5272 5977 9223 5672 2246 6438 2661 5044 5454 4520 9743 7500 6734 0 3112 6434 3736 3294 6426 6267 9656 4663 2359 7673 1792 5608 3157 6280 4983 9928 9542 3720 1914 1080 8429 7748 1220 2119 2962 8703 2473 9070 7878 9295 7937 8216 9569 2438 1287 9706 5973 1623 2958 6059 212 9121 8427 6732 7355 26 7123 4498 4737 441 3151 6705 2260 5221 505 4815 578 6714 4527 7276 8065 4328 3379 6260 2199 9868 6759 8722 5718 7769 5297 2095 7732 3093 5156 7075 3261 7765 3437 7264 6803 5934 648 6792 2149 2587 5680 1013 5430 3380 8206 1450 8403 4663 3005 4638 6938 6684 432 3036 1367 4215 8410 4054 5505 2039 8859 3736 4439 9439 6376 4443 3261 377 2415 9870 134 8718 3104 9631 2603 6980 8806 574 9397 3409 2411 14 4153 8141 3306 9553 5196 7430 4540 5792 9895 3650 9398 637 2994 7108 4928 7273 672 687 7177 4161 4714 4714 7061 8114 8164 1298 6982 7719 8512 6079 9782 1591 996 1893 3955 5185 9034 7345 2211 9950 6234 5826 3369 4165 9444 7119 465 9429 1318 4375 4252 5525 7810 2107 2504 2031 8741 6291 8758 4968 6738 2148 1898 830 532 7667 7579 380 2100 9086 344 3952 5113 1068 4431 5977 9226 7573 2346 3875 3863 7486 6341 9427 2000 9995 2937 6101 5660 6844 3619 6358 5703 2963 9091 247 8324 3102 5705 4598 5574 6306 3870 1241
3205 8880 1271 5671 5926 8287 9263 4064 1243 4543 5603 4027 3492 5151 7344 6037 4744 3112 0 3503 4606 8033 9514 2285 5712 4848 5568 9324 1261 4585 5440 9286 1565 8954 7512 1063 2329 5805 9179 1750 5114 3093 5153 9937 97 3048 8281 2898 2445 3923 470 6279 7497 3015 9711 4299 6447 5289 7874 66 2135 3208 1561 5823 1060 8471 2539 7661 7033 3657 4544 9313 4056 2214 6958 5672 4104 8797 4410 7799 8058 8878 9104 3562 915 4301 4367 1756 911 4265 8965 50 9219 3516 9280 7259 432 5511 4489 2215 905 3209 258 6225 4852 3836 839 5280 2303 5942 5434 2114 3832 7143 4114 1560 4411 8 9096 4010 4857 2390 519 5040 5626 9869 5952 1043 6555 6924 8755 4856 4068 7382 4062 2155 8686 1845 1551 9622 6520 6995 3365 9890 2770 9208 1029 8150 7755 6611 7738 7150 7435 6009 8269 2512 2204 5403 7002 4471 7604 9449 2965 483 4235 4391 7207 3273 5836 5554 8644 4576 9245 1494 200 4420 6776 5496 5819 7348 8316 6233 5155 2997 5198 8792 8853 5813 5585 4499 236 668 4377 9850 1752 4794 3888 6667 993 6349 694 6215 5177 3160 5033 9333 6796 3409 4108 1135 6974 4769 2098 6510 5225 9804 3990 8043 2221 6071 1109 9287 3031 1519 2744 5893 481 4480 7172 3866 4227 3099 2159 5666 1660 3678 2796 4574 5283 8229 4475 1733 5064 3863 9539 3346 2179 5628 4865 588
6016 5564 7318 752 9441 2562 8874 7499 3470 6592 7078 2882 479 6241 9675 2695 4071 6434 3503 0 751 1521 9383 5848 2194 2478 8379 6607 7989 8135 4800 9721 1456 7428 115 2053 3910 8012 5407 482 3849 7854 1014 246 9400 1138 9880 1019 5839 3955 6140 6665 4177 8829 6702 8073 8088 9731 3127 3561 6111 2508 462 3910 5596 71 7675 3328 1661 7484 8420 2955 4415 6437 2112 597 7925 9001 4185 2401 8636 3132 409 4979 5622 7411 5695 112 7122 8020 6280 2819 2798 2996 1158 1528 2080 3660 2166 6936 868 507 4456 9156 8295 2558 581 6103 9549 3941 7196 6907 3095 7119 1852 783 9329 295 802 3765 2032 3777 9404 4990 9280 2909 8208 3170 6569 1638 8340 2391 2432 6443 509 8940 4995 2043 4452 7773 5105 2049 7290 4656 2585 3141 3468 7582 4695 134 6166 7043 8714 6946 4473 1993 5496 6898 9236 2357 2042 4542 6912 2957 259 1049 570 9698 8340 3960 1489 8931 2307 6815 8611 3282 809 5516 8004 7143 7481 1106 3707 140 4913 271 2026 6229 7128 8542 4062 8224 4277 9150 6099 9337 8418 889 899 3574 13 9516 667 7915 6963 4175 7552 4190 4789 4775 6431 6153 1305 6052 5851 4593 954 5003 13 4649 869 7444 46 9791 4374 2389 3684 371 3107 7303 8684 5827 8936 2707 8262 1198 3305 141 9375 9544 5075 9665 7367 2001 8315 2094 6539 9946 2522 617
5622 6821 1915 5076 1362 4093 4058 9733 921 9550 9087 7446 1935 5301 6821 1019 6102 3736 4606 751 0 4469 7959 5083 8986 8969 451 5947 5289 9178 7339 5653 7130 5382 8539 2536 8246 6726 3817 898 761 9373 8987 5762 7458 62 1767 7773 705 9969 7928 4445 323 4429 8481 10 1451 2114 2525 4271 3412 3943 7531 3371 8057 8159 0 6830 1120 7913 2881 659 1629 729 4676 1740 9600 5118 7918 1200 2750 4422 5770 4063 2864 2540 3377 4749 7938 845 440 8127 1796 1071 5506 1592 764 7783 5737 1564 335 977 1049 553 9776 1696 3273 402 2692 1331 178 1085 3954 8620 4811 1456 9523 8998 7845 2648 7133 7477 4575 8265 2148 4986 7732 9275 9882 2495 5850 4684 7079 4184 9505 3702 5824 2713 6176 2618 4240 8462 8853 7273 5570 6517 1644 7616 319 3630 7148 2857 1163 6652 1747 8702 8482 8374 9632 9065 9912 5372 4608 1506 9393 2408 4143 2859 7259 8326 593 7613 5234 2936 6930 7200 9841 4118 1540 2171 9135 4343 2454 6490 441 1919 1044 4026 884 2985 9816 59 9993 2351 3314 1042 7302 1363 1869 2377 6193 8962 5940 4858 9533 1237 5783 664 9276 4008 696 3951 2725 2693 5175 7910 2130 2640 4261 3233 3628 2062 4141 8220 8422 9589 9034 4439 1978 2332 1202 299 6340 4347 2593 9577 4557 9329 5925 5871 3192 3206 8129 4734 3942 5063 8398 5040 9600 4054
8472 6354 7475 5105 5330 7860 7949 457 1126 521 4463 8261 9415 4113 8500 8292 3497 3294 8033 1521 4469 0 3594 7580 2106 1618 5963 8788 5285 9184 509 4336 3646 9879 7996 8847 5694 2744 4103 2997 2320 2326 8509 2731 3701 672 3110 7640 3968 9609 8888 3364 134 3475 5421 8648 2490 5428 5608 1269 2737 5327 717 1712 6569 7244 1718 8910 7004 253 3799 4707 4677 138 4390 3744 562 2860 2933 2604 7984 8204 4869 6067 9401 3238 7441 7958 475 4025 5015 1520 1401 7168 8425 426 4363 9372 1069 7701 6923 5727 6436 3380 5407 984 5131 7321 607 3656 325 7396 3765 8624 4984 8051 9918 2400 5276 8134 8404 7898 381 1022 4138 462 7400 6089 4751 3116 7975 4458 7503 623 1452 4183 347 2824 8385 1205 2783 2831 1555 9885 5667 7877 6431 2101 4965 5825 752 6684 9634 2922 7532 7542 1277 4731 9704 8387 5597 4839 6195 4506 484 8864 9450 8113 1946 2339 7730 3472 3398 6544 9615 3249 5891 6412 1701 161 9855 4830 2439 5969 3490 5339 8092 2598 4872 6808 8888 1342 8212 1814 3407 6865 928 9672 758 8120 4345 6561 7541 5289 174 5026 3850 9127 163 9703 9186 6217 7824 6813 8469 7167 1823 5997 331 1350 1666 167 2245 4710 4319 4178 1650 4051 9195 6360 1174 4814 2924 8225 7931 438 5559 5140 4818 3030 3379 1793 2083 6394 6772 7719 1330 3870 3225 4958
9233 3263 3341 6452 7023 2455 4427 4377 7173 5885 4475 5494 6697 2727 5146 2555 1288 6426 9514 9383 7959 3594 0 7498 886 7399 3912 1409 456 6750 8494 6455 2152 7164 1921 7846 9687 8360 2324 1203 8852 1289 4262 1828 6882 3138 7358 3049 9237 1846 5926 9883 9391 1104 9251 6124 6350 2446 6983 1810 2014 1473 8103 1017 515 9178 1912 1777 7883 978 9271 7257 532 8398 7953 1163 9670 3708 4435 5808 4591 4095 5876 2167 5141 5895 2118 8657 8409 7358 1589 6343 4976 8524 5027 3768 5014 4282 2660 2745 596 9875 8553 550 8220 1317 1367 3749 6394 7899 6555 7840 6042 7426 1126 5657 1336 1545 3656 417 4556 3636 2971 1309 8753 7081 8620 97 2741 9390 1558 5157 6686 3468 6488 4753 7856 5997 399 6465 8165 128 4099 1031 2318 502 4779 3047 7632 2314 8313 3485 6194 1261 5095 2476 2254 3057 4030 4973 1180 3287 2910 3284 8559 8610 963 1775 3262 7712 2259 2051 4329 642 2204 4493 1343 5275 8701 4239 8093 3246 4241 7121 4242 9946 1363 6327 7670 1605 9237 6413 767 8904 2226 4188 7257 9776 6106 4379 2480 5527 9118 4492 3442 4549 5360 2892 9040 880 5501 1360 81 3980 4555 7616 4488 2659 4234 2885 5932 4567 2050 3392 8131 7254 5506 6416 1299 8746 4778 6470 1368 9057 9814 4786 9960 8353 3611 419 8697 3391 9684 1641 9415 4352 8438 801 7210 8192
8679 1396 8927 5347 9268 6693 4300 1572 9756 1604 6621 5321 5162 7976 5578 1823 6622 6267 2285 5848 5083 7580 7498 0 6633 4641 261 9571 6158 4763 1377 8888 4331 2744 2754 3513 1960 6226 2164 8253 7010 5582 8630 8833 3298 5933 6572 8944 7320 8832 2738 5633 5958 3469 69 9108 6296 7296 6936 7216 3687 4809 2238 2234 3538 9672 1757 7543 7117 8613 3049 3711 320 4872 3041 2908 631 341 1050 8122 5496 3233 4265 1415 1871 5788 8828 6282 4787 1476 3713 1306 6298 7924 5225 1673 1366 7695 7593 8938 8172 7137 7751 5578 2900 9194 1777 1307 1387 3263 3026 188 428 3877 8407 269 5617 7914 2513 660 3813 1705 5968 9577 9662 4632 2113 742 8885 2214 2415 6611 8462 6459 4205 2050 1741 5617 6132 9747 6358 2209 2024 2371 1677 1501 5491 9189 2676 7932 8974 3459 5741 4127 6252 7930 9412 8306 8115 5889 8374 1617 8279 6026 3418 7022 1048 6753 8872 4599 4025 1855 6952 2856 6878 4453 4076 2302 3816 3435 4780 8208 8732 9613 389 440 6001 9405 8393 2483 5440 4525 1424 4302 444 9852 7116 5776 2018 2998 2067 5942 7276 8880 3240 7840 6970 624 8544 763 5522 4081 5254 9936 4070 5853 84 4019 388 221 6072 1658 6301 3627 3834 876 8579 2288 6076 3641 7690 753 1063 8752 3199 1313 3349 1948 2759 7325 6499 7641 8585 5781 5557 4951 3367 9086 1346 6859
8439 7349 7154 1245 8677 3081 6181 1861 7383 5546 3324 3479 2076 6286 4958 3372 1033 9656 5712 2194 8986 2106 886 6633 0 9218 6499 6499 271 3235 6170 1026 7844 9780 2629 9348 541 8631 1044 2788 7122 1852 7940 1310 5371 402 2865 7341 6145 2754 8311 6426 6735 4773 2882 6746 4280 4213 8515 5465 5324 6633 1030 7644 737 1468 7528 1738 9568 8034 1228 1757 7242 8942 5804 8160 3142 3578 5632 8682 962 2160 6077 4764 7540 1071 2824 174 9851 9702 9231 6986 8647 1460 6299 3709 4787 6993 5912 8728 3416 4331 128 3173 5013 9876 9301 4817 783 2760 7479 8680 1939 6357 9502 7120 8729 5305 5940 6804 1665 9109 341 8785 3837 4228 3455 4246 2017 3216 8757 3199 2614 5250 499 423 3800 5832 7271 4990 9853 2615 1821 4494 6000 122 9879 41 6533 8428 8719 7343 3802 3244 3490 8768 7709 6375 5398 8839 4378 5771 2113 6174 7969 6741 1874 5463 1508 9680 7201 843 43 7196 9598 4407 7621 9743 3363 8890 4076 5912 8156 6791 5979 7808 3954 8471 9447 5361 3580 2708 4437 6538 3246 1406 9755 7607 9558 3225 8380 140 439 7160 9546 8872 5782 9016 5941 305 8930 7 5931 9234 2458 253 2487 9239 4684 5722 8601 5647 6416 6937 9778 7779 4941 6954 9296 3211 9555 1975 7577 8943 6230 3664 9449 8684 2455 5547 2899 251 8366 6717 3204 7352 2894 1636 9091 7517
749 8065 4879 6221 6988 5531 6397 6095 1629 5208 7943 68 1415 3021 8427 558 2549 4663 4848 2478 8969 1618 7399 4641 9218 0 111 1829 1863 8386 4127 8285 8360 6719 4785 9551 7567 9751 8302 7830 1962 2735 5291 9074 8290 6806 7286 5646 8902 4280 266 5262 2705 5353 420 5876 7675 4091 4080 3568 5021 6530 4242 3534 5825 167 242 1068 2456 9043 7287 4601 4473 6624 5005 2432 7901 9446 6272 7025 4109 1218 5528 4833 5467 4339 1215 6321 5943 6369 1293 113 316 3487 8294 875 6292 3864 8399 6246 6652 6034 9319 392 101 6864 2482 353 5400 544 221 1323 5130 1778 2295 4033 8138 9560 401 9666 5082 8146 3452 4620 9894 3626 4891 4020 1263 8827 8572 5693 9179 1502 245 6998 939 3727 9034 8820 7248 725 6118 7373 3913 5004 161 7421 6247 9478 2158 2072 4230 9520 2279 9641 6924 9269 1518 1581 5929 6791 8571 8182 5079 5845 4825 6750 1445 5431 1295 9348 7131 6767 6532 2750 8067 4737 1904 2442 1548 3668 437 3721 7173 7241 8801 1918 9150 7233 6450 1169 1577 3500 386 8709 125 400 1459 6306 7913 4877 4094 113 7174 592 6313 4922 7924 998 3556 8287 2547 6210 7964 6013 7977 2276 8073 3146 9927 7483 3937 8969 9947 6807 6866 408 7130 1837 1469 7113 621 7508 2660 6819 6870 292 2500 6477 4235 6660 1795 9658 5240 755 1034 9036 719 4468
8223 5779 6472 558 7830 1716 4744 2326 4646 666 4778 744 1431 7950 2485 1829 2020 2359 5568 8379 451 5963 3912 261 6499 111 0 652 1957 9274 1945 4685 5861 8148 803 5453 482 4274 5455 9306 398 7087 7983 2947 351 6941 7899 548 8191 6707 4334 2826 7668 9609 5972 9017 6030 7021 4716 1399 5435 5029 3812 5161 160 2383 2995 5156 3315 9681 7749 72 4711 9819 5496 798 5586 2806 2633 2566 7176 2004 5431 1012 9558 1769 6193 7431 6439 3223 5446 641 1776 6755 2343 3793 2646 4072 2220 9096 2977 1492 4245 3452 9563 7315 462 6488 2192 4349 7907 6050 5542 6109 1661 1807 3955 1585 1314 466 9317 6804 986 3973 1446 7354 8488 6215 2903 5263 4779 6225 5008 2450 4453 6716 4395 7457 3508 4485 5249 6169 558 9097 3015 5672 7612 1787 4437 8015 159 1240 8096 8579 4918 9591 5952 5535 6009 8996 2375 7406 6841 2451 6068 5740 8371 4086 4991 4430 6340 2319 4604 7413 6877 655 8300 7010 2322 7805 6089 6677 6078 4305 9534 5529 1870 9317 5171 4791 2160 7062 5472 1753 5989 5835 7797 3464 4866 2032 1455 7785 9882 3534 2634 4043 5242 7428 9502 4259 502 1870 3996 4202 6764 5139 3006 7236 1624 2749 7282 1262 6954 5505 7702 3949 1223 6484 7939 2800 4207 3506 7750 2387 3279 5665 2451 4781 3551 7418 7733 582 6862 9125 979 8590 4498 7619 430 2057
320 2209 1522 8342 7421 1229 5228 7620 6361 2781 6009 1884 6813 3399 6480 4130 3074 7673 9324 6607 5947 8788 1409 9571 6499 1829 652 0 7019 4235 9705 1924 4463 3744 5829 8994 4582 5373 7916 5255 2697 4769 4756 2496 3434 369 138 1644 8936 3567 7118 5411 4835 8407 1083 1114 3129 9062 5608 185 6028 3671 9123 5809 3810 616 8751 9334 2450 610 1784 2565 1158 9460 7958 8301 934 1648 3106 4115 4441 1393 161 3995 5112 6755 2427 7598 3363 3537 3430 5327 6942 1485 7144 2655 8244 1089 4335 737 2885 504 9942 3580 449 1717 85 1696 9272 6917 3794 4872 4349 3321 4274 5487 1487 3105 2141 5273 9171 3908 4971 7601 6754 795 3763 9215 9520 1459 5198 2129 9390 7528 3321 4906 4771 8792 53 6160 5825 3131 4858 9362 4026 8714 7470 1421 9559 8699 1777 442 8694 920 2429 2150 2540 3841 3977 2319 2681 3758 9341 1504 5564 1363 8509 9025 9460 5448 8458 8560 8980 4573 7826 3969 9629 6751 4580 7533 9718 4988 4929 9890 703 6431 5171 3811 3398 9096 9829 6419 6007 2507 4713 8300 712 2646 8905 9812 5139 3721 5232 822 9325 7716 6538 2170 6285 8033 9204 3186 8438 7424 68 8882 2393 5875 4257 5815 4286 6859 9236 9435 4435 4804 8819 2520 6390 270 6393 5435 4340 1535 2599 7580 8371 4479 2180 5694 4988 943 6151 9166 5696 9215 4090 6283 401 5402
9773 1564 1951 8308 3246 4738 1412 4877 886 146 2206 4016 4073 4904 7477 7322 7592 1792 1261 7989 5289 5285 456 6158 271 1863 1957 7019 0 7803 9756 5099 9155 6204 339 7451 2617 3857 4613 140 5393 6161 8127 3405 3430 826 5990 7607 5892 7281 2500 130 8903 632 3129 6589 4384 6902 4270 9528 1535 6917 612 9672 4849 8981 5770 8492 8730 8024 9541 2976 8002 3841 7631 9599 6744 1411 6797 4455 7976 9124 7249 6361 2835 1101 2165 3488 9188 5231 893 6433 7089 1515 5400 3345 4659 9 1579 7644 8548 2587 1928 8708 4707 5349 505 9485 591 5014 8525 853 3884 2397 5849 5330 1734 239 2810 8445 8730 9669 3047 5766 8805 7483 6064 1833 1576 8333 628 5263 1186 5932 6318 502 2778 8432 2933 41 7558 5912 7137 2720 6106 8537 6356 5991 1449 7514 6269 9661 5075 3793 2741 8623 9405 6768 7751 4974 1018 1310 5376 1616 3740 5423 4036 8824 7127 9484 2885 7202 5305 8501 3043 5572 432 5412 4775 5600 5915 3248 6304 6759 8461 2617 5783 8010 7373 3696 1531 5455 2272 701 3750 2531 1249 9795 6365 4812 4189 8752 7005 9000 1861 9810 3692 6089 1741 295 5156 5356 6789 7661 6532 8669 2512 4967 9143 8279 6174 3051 8068 2192 8030 3235 2727 1204 7926 5965 7320 8136 5837 1122 6603 934 1888 593 1759 4554 8035 5053 8741 3703 667 6674 8120 428 9584 8133
2049 543 2890 8290 3021 3183 491 1030 5104 3028 6850 1784 7984 9370 6609 1931 9387 5608 4585 8135 9178 9184 6750 4763 3235 8386 9274 4235 7803 0 9343 5373 7500 2348 6779 6567 4074 9103 5074 7880 3552 3751 340 1519 6308 3574 5050 5896 8758 9333 615 2489 3822 3219 2522 6126 1691 7214 9134 4229 9894 9600 72 9745 6987 8780 3880 718 5308 9420 1811 2317 1022 4370 2171 5738 7891 1166 802 9649 2435 2491 2366 4791 5382 9924 3748 890 8452 93 9564 7060 682 1280 7991 95 519 1221 1790 2710 4335 5032 6802 9145 4518 9738 6367 702 2620 4287 6693 7516 8048 9282 5906 2387 9698 3411 2026 5330 2048 7173 9982 4515 9164 7810 6892 1144 5500 738 5038 8421 7696 9246 1371 2631 9082 827 6113 7566 5474 4025 4270 8398 2244 212 73 8838 5537 700 2743 2090 8656 3655 9705 9332 4247 478 243 600 1244 2991 2193 6741 62 8144 1739 1272 8002 7753 1753 7356 1371 4857 344 9388 7491 86 1385 1306 8599 1401 2962 2841 5101 4452 4299 6768 5463 2311 8489 8399 746 5847 5549 511 953 6771 9726 21 4294 9229 7339 1997 2482 2964 8031 4821 8215 1516 6178 8694 8471 8910 8171 8444 1785 9625 5375 9628 6941 4839 2064 4191 7175 240 307 8560 8454 3571 2003 6657 1189 9539 8283 6840 1252 6921 139 3683 7737 9197 3087 7359 9423 7947 2920 7587 8102 546
8694 1726 2807 6018 3871 6204 9735 831 6853 8111 2065 6519 2521 46 1324 4007 8149 3157 5440 4800 7339 509 8494 1377 6170 4127 1945 9705 9756 9343 0 6522 332 7442 7106 309 8464 9091 5240 3834 212 404 7183 713 443 2680 4306 6329 8295 1928 1943 947 9080 4201 6959 7859 8041 3062 1791 4734 8148 7090 5731 4678 5661 8897 2504 5323 4731 5633 2721 3543 1224 8132 4965 2279 9765 1545 8039 2440 5297 3483 4414 2892 9978 7640 2786 7964 3413 1693 988 5839 736 3460 8791 7700 2449 8049 528 7095 7709 6629 264 4870 7919 8071 3906 1264 186 5158 8971 6665 2262 1178 6041 1546 271 5975 3770 5930 4710 1255 5434 4769 8819 3649 9156 7957 6 3653 5556 1717 4945 537 4047 4300 8991 8601 6631 948 894 3707 606 1808 5100 6828 841 51 9256 5771 9785 1425 4619 3435 7485 1174 9488 1436 3407 422 4142 1723 6786 1972 266 7851 6423 678 2199 6936 3027 7715 7407 707 836 2707 6630 3119 2932 2545 5169 3694 2268 1103 7829 6421 8192 198 8215 251 585 3327 9743 898 512 6939 1138 2504 4323 8643 283 1708 1079 8407 3945 9991 7069 4573 1031 2407 1611 8671 222 6456 1735 776 1833 467 4963 4637 6733 5749 9221 8138 6533 2021 4976 912 1732 6124 506 1451 5723 7876 7950 8692 2737 855 6585 969 8435 5970 6460 5755 6663 8853 3315 8844 9255 9039
6442 7163 1002 6395 7421 98 8419 268 2177 2883 6649 9308 3682 9631 8281 3766 7018 6280 9286 9721 5653 4336 6455 8888 1026 8285 4685 1924 5099 5373 6522 0 2969 9892 3958 2761 4074 2959 6319 8516 4998 7445 1330 4056 8850 3548 1176 5456 949 6536 2839 6400 7950 4577 2082 3950 2323 5036 7533 465 704 4524 3582 3056 2851 336 1067 6059 1357 7871 5611 6675 8460 4472 144 9012 4112 7791 9222 9403 6743 20 2906 9899 7901 3242 160 9205 5157 5422 154 8395 8122 5178 9763 1174 2503 9791 7181 3193 8905 2128 3699 9540 4927 2602 3877 1340 6411 92 272 323 7386 9442 4280 6115 9349 1662 8959 5089 6956 7375 6339 6213 4380 7916 8149 204 5246 468 3876 4303 3907 811 9008 1843 3420 5854 9587 28 2425 7294 5455 266 6971 1574 5720 2204 815 1694 4412 6371 4009 3045 4205 8673 5698 7749 3181 6450 2175 8625 3692 2952 6714 5816 4841 1752 6707 8509 2687 6352 6788 576 2741 5221 9619 9190 2234 498 8166 8394 379 9625 4153 7287 7641 354 8388 432 9391 4936 1800 7308 5438 5273 4349 9079 2377 1206 7322 2720 9680 2835 4541 4604 2346 1511 5741 7403 761 9497 2827 1240 6011 821 8292 9381 1205 6118 3927 1259 8324 5111 9189 7220 6193 3405 9353 6949 4626 2936 6925 266 4327 8945 5991 2884 3420 6537 957 9891 1012 4077 3303 6010 7205 893 4863 9963
