100
0 8969 3632 8644 3652 9865 1396 4193 6200 391 4603 2861 7962 7699 8549 1117 3921 1052 170 1216 1908 5681 9738 4879 3844 156 2540 9933 6073 6427 8530 6337 5997 5625 2073 2017 5418 8097 5922 3806 9958 7916 5508 9031 6073 4316 872 2188 3524 899 5027 4586 8690 1953 5370 8163 5813 1743 7416 1506 4543 4075 3485 3700 2915 860 649 5281 552 842 5009 2529 1637 3043 6945 8475 2764 8964 2449 4395 3407 9150 460 2838 6900 7418 9635 7876 9275 5014 5483 7550 4176 2593 402 9917 307 9146 5996 670
8969 0 8098 1620 1686 9184 9891 8877 4148 2060 9234 1449 455 5642 7744 1964 7088 773 8519 4015 1544 316 3118 786 4726 6401 414 751 119 5431 7455 1631 2769 1010 2446 6281 49 1775 4598 4354 6435 5807 7235 2265 755 1617 9340 8587 1667 6845 8607 6738 6109 348 8973 3191 3757 3682 341 720 6615 3682 7895 9103 5879 5034 6609 5579 9010 3587 125 4170 7020 1921 1272 5498 2503 6622 3957 5877 7874 5727 8288 1680 103 6516 4951 4359 8884 7564 4615 5694 3268 7089 6594 6986 1864 1624 2437 2702
3632 8098 0 2582 7740 252 8983 2880 770 9928 5106 5006 3725 3196 2708 4863 6497 5551 3987 2253 1673 9230 4087 4882 2964 1162 9562 5834 3932 4546 7900 6826 3183 4012 4672 3770 2607 7727 1038 2534 4487 6730 7714 1381 6298 5252 5181 2219 5113 5261 1563 7604 5682 4782 4457 5684 2924 2010 5648 1302 2666 4553 5345 2430 3570 2100 840 8664 8301 576 5647 2584 1898 8369 8274 4322 1893 4105 6805 2065 8113 361 8969 7502 176 2941 3111 3183 8908 7857 7241 9975 1612 6056 1644 7803 3386 5303 1984 3975
8644 1620 2582 0 9487 7549 8393 2661 9494 4994 9509 5896 9827 4831 3360 5623 5884 8730 9398 9796 7590 5245 3242 6610 5075 5613 3176 8113 2954 5610 5739 3912 4687 5157 8877 372 9016 4549 7556 1662 5936 862 2785 8099 4504 3892 8704 5001 3274 3777 1401 992 2660 7624 9795 2349 6276 8050 4578 532 3720 9169 9127 8687 4722 5905 3003 3121 3230 9028 5174 3815 9829 7626 4868 5133 8693 6916 5935 4143 3014 3513 4283 1548 8847 1537 5894 8335 7025 8919 5067 5583 8126 1540 6001 2610 2348 4083 90 2654
3652 1686 7740 9487 0 3790 9450 9669 1480 2304 893 9773 995 8411 1845 6372 9361 878 7473 3023 1049 1220 7984 8437 6361 2144 8035 416 953 298 8912 7462 8391 8714 2981 4153 2452 5850 7701 3839 3863 3043 4781 8087 5446 5730 9169 3409 2626 9828 6658 1409 4142 2163 2888 8257 8956 5030 7685 9942 5216 5486 8633 672 6963 6158 1992 3077 9672 4625 6458 4051 8692 7656 2893 9958 9337 913 7936 2848 5032 3001 1170 14 2112 8311 495 1113 5803 2172 2601 7071 8189 9325 184 7699 4182 2553 1437 3392
9865 9184 252 7549 3790 0 9824 7076 249 8420 6575 1726 4455 6396 5588 4123 3023 7991 333 285 9759 9884 4027 2568 8300 9650 1205 7419 4575 545 701 9787 8274 1133 9236 7054 3815 2066 1704 6464 1986 7740 325 253 3493 7297 9809 9004 5185 8270 7979 3079 9295 9144 7383 4525 5288 9236 5790 3235 5226 7908 6631 2417 5413 1262 1455 6815 8882 9511 5028 2137 8698 4111 277 6446 9117 4916 5386 1717 7279 9945 107 9014 2120 6505 275 7310 5587 4119 9510 741 2121 8597 3717 6535 1165 7928 781 9086
1396 9891 8983 8393 9450 9824 0 7733 2649 5836 2367 5736 9176 5789 3291 2015 7188 5051 6974 2510 4523 7272 533 5820 8248 6121 9585 8230 5080 9951 4146 3641 6170 5127 5928 2203 4232 482 9877 1099 8167 4458 110 4396 1725 8591 789 4638 6513 4615 9005 2870 8989 8631 5663 8147 9030 9467 7156 1402 5244 1858 1527 1827 4521 4508 6815 5065 6613 6798 6613 3026 7581 7962 551 8226 5527 3887 8609 4078 2527 6276 4262 9987 1779 3136 2925 6671 6044 6389 6813 83 8246 237 5184 1779 5413 885 3057 1037
4193 8877 2880 2661 9669 7076 7733 0 8523 8880 7133 2634 4066 8271 9021 71 5327 8822 1309 4238 5303 7194 6548 3786 7616 1429 1002 8122 4463 5026 217 3900 9491 3005 8238 7996 7142 4748 8521 7171 31 7643 721 6430 1323 4416 4269 8616 5973 7650 8557 6130 2170 70 5080 3465 1470 9897 4081 6140 8689 2058 3702 7649 3145 1192 9041 2798 8705 8108 7157 353 6234 6806 8263 2076 2142 8980 1834 7839 4029 3992 7158 4979 127 535 1108 8990 4012 9293 9382 6928 5190 3264 2084 8918 6616 9525 1836 2400
6200 4148 770 9494 1480 249 2649 8523 0 1706 2010 607 7282 9129 5441 4455 4112 5618 8140 6070 9327 711 2981 852 4442 1128 5520 5434 3108 7109 1722 1755 8004 6591 4384 3885 3915 7427 8993 132 5920 6691 7281 3129 8919 4328 9300 5109 7032 2463 6925 6709 27 4986 8278 9470 3487 9482 1910 4374 2199 5418 8613 668 6045 1582 8160 3186 3266 2296 1800 8810 1228 5063 9607 5163 6719 1631 2814 6348 1089 5801 9726 6377 5936 537 3378 7956 9913 324 9174 5798 2993 2053 664 569 2399 3181 6250 5835
391 2060 9928 4994 2304 8420 5836 8880 1706 0 6922 5271 8225 929 6567 9320 7700 6004 7761 6724 8826 1579 3787 394 5125 9870 9165 8585 1133 2783 5610 453 769 9469 1772 6223 6828 4677 9709 6795 175 3446 1558 3506 9775 502 7430 8018 4618 5948 2526 8624 4317 7888 8102 6119 9054 2625 3325 9598 3214 6741 5785 8315 5026 3283 5084 152 7281 1880 4647 5988 4091 9006 4169 1495 1402 6149 5164 4434 4430 9293 1087 2273 6254 224 8149 9047 8142 1179 6142 3511 7631 2862 1518 1550 6034 4323 9989 2098
4603 9234 5106 9509 893 6575 2367 7133 2010 6922 0 288 970 7973 3906 3754 4845 1744 5749 4299 4016 5281 5349 9550 6417 663 2671 7183 4819 5578 4355 1897 1254 160 7668 1254 2142 3194 2795 9351 3556 5579 9891 5672 8670 4070 151 8325 6942 2644 8533 1440 3447 9617 1540 5191 2009 7801 5602 3417 9467 3277 520 5775 3418 6543 6427 5590 469 1016 6151 3053 471 7437 2399 4770 4778 6642 9214 8906 3178 7737 2561 6685 1356 6567 9608 6226 6861 9682 4646 3984 7632 5029 8745 1751 6897 8808 5754 686
2861 1449 5006 5896 9773 1726 5736 2634 607 5271 288 0 2079 3357 2579 4319 602 7052 4797 5386 8124 8718 5055 4979 277 1031 7102 1384 9050 9893 3889 5171 589 2511 5328 5427 4488 8590 4953 7845 2995 5901 9618 9767 579 5245 993 7219 5753 9268 3035 8954 4169 607 4368 2282 292 6323 2462 7569 8071 3601 8082 7063 2203 5591 6465 6579 5940 5389 8300 6299 843 5266 1931 2361 4425 1314 836 8865 1668 2136 3843 9498 3890 4084 2253 7789 3010 7070 1438 6507 9857 5490 1739 5220 3845 8335 365 1765
7962 455 3725 9827 995 4455 9176 4066 7282 8225 970 2079 0 7853 880 6160 369 2052 3036 2930 1269 1841 5115 7168 5166 448 7446 966 5895 1692 7359 7161 3658 5146 277 7914 969 7302 3201 4274 1597 4555 8743 5572 1130 3812 5326 2264 5456 5490 8719 1598 198 2631 7985 4120 4241 8724 3153 8080 9561 3815 9223 1796 1174 1275 822 8976 1555 7090 9570 4537 5592 2702 3102 5809 2109 646 4062 7096 3079 2102 9426 5215 4422 2544 7552 6713 2122 7853 8291 7918 4774 9130 5425 7621 5736 6210 2757 6185
7699 5642 3196 4831 8411 6396 5789 8271 9129 929 7973 3357 7853 0 8412 7089 2947 1955 2848 175 4031 1666 8263 32 9181 5676 8897 6061 4422 4139 5160 8800 719 6479 7454 7842 3500 4726 5607 297 3878 8746 579 3681 1366 1869 9171 4672 4576 3644 7677 9553 9968 6626 1267 2466 8888 783 54 6611 2990 3261 9552 1201 8696 4201 5784 6197 6606 199 4048 8262 8927 9137 8104 4981 7743 27 5309 3755 7642 7425 1058 1292 7294 9184 2106 5678 174 688 7668 1418 8242 428 1031 8072 8939 7081 223 8181
8549 7744 2708 3360 1845 5588 3291 9021 5441 6567 3906 2579 880 8412 0 7007 1954 5636 1278 6228 5236 4923 8551 362 2130 5936 6146 7297 5987 5481 3939 1510 1475 5846 6658 6629 3898 2816 7788 3956 5403 9472 9874 528 3260 4967 5823 2959 2836 4583 1220 1241 1307 8786 127 1787 5068 7131 635 6455 7851 8306 9231 3663 2647 2459 4975 3190 1302 5705 9636 932 2225 8416 5048 1235 8295 4264 6982 4970 4673 7184 6969 209 6297 2631 9965 975 8719 2322 4235 3298 9559 263 9661 846 3454 9500 3231 879
1117 1964 4863 5623 6372 4123 2015 71 4455 9320 3754 4319 6160 7089 7007 0 4320 8418 6073 1864 3314 1441 4058 86 7240 6114 608 6793 1995 2308 2207 9710 1629 5076 1940 1423 4730 4966 7131 4581 8909 407 1021 5255 8167 3182 8441 2638 5269 1880 5888 7877 6317 5325 7373 8303 621 1582 5101 324 3872 3642 6609 1186 7125 4171 944 3882 8986 9539 1748 9107 6904 8075 3322 3757 5261 9693 3943 9204 4363 2981 3540 1484 7700 2605 1761 8338 739 1857 2520 7360 2081 5627 361 2217 7397 6404 6149 1560
3921 7088 6497 5884 9361 3023 7188 5327 4112 7700 4845 602 369 2947 1954 4320 0 3051 8570 4009 7521 1896 8474 9367 8384 2616 5175 7274 8781 7311 1 2267 1200 9754 3507 6761 6328 6410 9754 2283 9860 4685 2017 6708 8813 8547 1241 6653 6796 9071 3342 8592 1723 4500 1387 9897 8189 2018 3262 7606 790 4571 6122 3367 290 4041 31 6975 6813 933 1251 8250 5963 6844 6747 1032 2277 6737 7253 942 8784 96 4026 2313 1675 3414 2700 9724 8489 6777 278 3623 4213 4283 284 3567 2778 4441 1148 4406
1052 773 5551 8730 878 7991 5051 8822 5618 6004 1744 7052 2052 1955 5636 8418 3051 0 558 9138 205 9633 1992 4813 8347 9533 1556 300 5112 3864 1840 6449 2330 3666 9191 7440 5976 6849 6964 4613 3981 2434 5334 9505 238 7377 4718 8206 6980 9528 7430 9977 4953 3090 1382 4514 5078 7841 6442 9011 3690 1470 6222 9975 3379 9663 644 1730 5738 9232 1523 1113 9088 5085 8258 4120 5434 1993 389 6370 5375 4853 6939 4465 3438 6157 401 1868 8222 1320 3282 7078 9958 3144 7025 956 8704 1547 8055 7910
170 8519 3987 9398 7473 333 6974 1309 8140 7761 5749 4797 3036 2848 1278 6073 8570 558 0 682 8898 700 9075 4617 8617 713 2385 1531 4521 5538 124 3344 8365 7179 8168 3134 1717 2475 6480 8857 5193 6027 2863 9085 8081 1142 45 7127 9775 4103 3546 5196 1852 2202 930 7485 6632 7292 2159 834 8257 6878 9467 5333 6442 367 8049 910 231 4014 7229 6748 4416 9697 6565 767 696 2636 2049 5335 7456 7758 316 65 720 1325 1919 2716 5136 8215 6587 6089 9973 5529 9287 7868 2650 2747 4789 9874
1216 4015 2253 9796 3023 285 2510 4238 6070 6724 4299 5386 2930 175 6228 1864 4009 9138 682 0 5380 3953 7984 4425 2589 8924 3481 240 6072 6421 6763 3706 4156 8477 3744 427 8161 7443 3237 8135 2360 6131 1357 2864 2588 9681 4782 2839 4519 5481 2409 9639 2030 2670 8606 5879 5215 5697 3712 7133 6205 568 8764 430 3800 6906 3758 2874 3416 6165 4265 2074 2096 25 737 8670 6838 7156 1154 3522 5884 6624 5510 8073 4566 735 1451 8610 5590 7893 3189 6787 4663 7385 2972 2213 2497 2808 3382 6548
1908 1544 1673 7590 1049 9759 4523 5303 9327 8826 4016 8124 1269 4031 5236 3314 7521 205 8898 5380 0 76 3614 3810 6204 1922 973 3145 2037 8462 6858 670 6064 5039 72 9411 6713 9858 4344 6336 5958 6925 324 3905 7065 8280 7665 6276 2634 1177 9054 4305 7840 8711 9009 7592 89 7585 5596 320 5647 2654 8515 8927 4598 4358 4880 7980 829 1060 9550 6815 4484 1802 3623 6986 7654 8128 4994 6270 9392 3790 25 5247 7009 3956 1642 257 8086 3350 8945 1551 3352 3212 7384 6809 7243 4390 8616 3321
5681 316 9230 5245 1220 9884 7272 7194 711 1579 5281 8718 1841 1666 4923 1441 1896 9633 700 3953 76 0 5876 8393 5353 128 3004 2349 8627 228 5624 760 3071 4126 4112 5940 8277 4929 4707 5147 5351 2856 4637 5626 809 8631 6139 443 7978 368 1771 6460 9660 2829 6305 8525 902 9375 4365 8456 9295 2151 5090 7811 1466 5663 8969 3510 8376 1668 3735 9061 6986 1026 6902 5158 5536 273 6601 956 8387 8857 3741 7458 2610 9463 5818 8027 7167 9892 682 6565 9582 3249 4911 3482 9405 1229 5820 4776
9738 3118 4087 3242 7984 4027 533 6548 2981 3787 5349 5055 5115 8263 8551 4058 8474 1992 9075 7984 3614 5876 0 1550 6808 2273 5974 7612 9830 3095 5080 5875 8310 1222 4327 6087 9377 8656 6307 1002 6013 809 2647 7121 9553 2003 8887 463 271 7233 3628 5699 5681 6414 2712 9986 257 2949 5005 6654 875 5087 1183 3377 3656 9792 1029 9416 8759 5495 5974 6889 2314 7612 1551 1280 6917 6533 8161 3996 5435 3131 124 1786 2329 8664 1391 7274 3507 5413 185 3542 9222 9640 3573 138 4423 7166 2989 8426
4879 786 4882 6610 8437 2568 5820 3786 852 394 9550 4979 7168 32 362 86 9367 4813 4617 4425 3810 8393 1550 0 6850 2183 2389 5814 9321 2134 3613 8039 832 2555 4164 6324 8198 4010 9187 5543 9488 8173 7978 5068 2124 5411 2564 7717 6529 9277 8456 7892 9907 8649 3348 7795 9253 962 468 424 8825 6991 8583 5662 5294 5231 2822 4221 4555 9553 1140 8574 2705 2814 2928 7411 8608 2222 317 9367 4384 8796 711 3368 8824 1923 6569 6404 8591 3029 3980 5386 5388 271 7557 8334 2640 2327 2808 3174
3844 4726 2964 5075 6361 8300 8248 7616 4442 5125 6417 277 5166 9181 2130 7240 8384 8347 8617 2589 6204 5353 6808 6850 0 8282 6678 777 4841 6188 6555 2600 3406 4040 6244 7443 3539 2665 6837 5319 3225 5866 2155 6388 2505 433 968 7658 4402 5917 9361 723 713 8365 5545 8217 8334 5263 3994 1752 3032 6103 4263 9795 9806 1909 9657 7156 4088 4461 8307 3240 9248 4524 4444 7980 1464 2763 6126 2724 1704 4718 6536 9691 1989 8177 9859 576 5863 6760 5353 5052 6842 5139 4040 6419 2778 2007 2137 9549
156 6401 1162 5613 2144 9650 6121 1429 1128 9870 663 1031 448 5676 5936 6114 2616 9533 713 8924 1922 128 2273 2183 8282 0 3030 652 401 686 5045 9450 7070 8691 7841 2505 1923 2305 163 1109 9900 8663 7234 8133 8043 5985 6090 8511 2154 290 1153 2240 335 3575 6818 4636 1728 2763 8769 2336 6494 6124 3802 8258 3959 6046 2307 1150 2629 2975 4773 8089 2073 2350 5865 1036 3954 7275 7332 7247 2962 7425 8154 6538 7319 1605 6574 319 4034 5058 2198 751 2670 7409 1918 8719 1561 8126 6555 6881
2540 414 9562 3176 8035 1205 9585 1002 5520 9165 2671 7102 7446 8897 6146 608 5175 1556 2385 3481 973 3004 5974 2389 6678 3030 0 5483 5192 290 6933 238 4319 650 7868 2587 9429 6483 4825 1288 6272 9819 6844 2545 8359 8454 4857 1460 2637 8317 5775 1305 6211 5550 5776 9558 2033 5634 7290 5795 3010 6806 9458 9172 6958 8633 289 8993 5779 255 1383 8057 1875 4418 2979 9575 994 7407 8625 3933 8840 4492 3860 8764 5891 3056 8164 3568 4693 1175 4268 6232 7354 9364 5831 776 1101 4050 7591 609
9933 751 5834 8113 416 7419 8230 8122 5434 8585 7183 1384 966 6061 7297 6793 7274 300 1531 240 3145 2349 7612 5814 777 652 5483 0 92 7392 1508 4839 6464 3590 2958 4062 108 4713 3066 7527 65 2399 5294 9665 1395 321 4599 8298 2036 642 260 1840 3064 3770 6504 1247 1930 689 9275 3919 3529 2575 1677 5127 4535 3016 8462 1485 1750 2452 9998 5134 3030 9756 2147 6323 3024 5524 6273 1660 9426 2844 5006 48 4360 3545 9968 9079 1827 7642 3713 5083 6853 2245 1058 7353 4522 9721 6449 5078
6073 119 3932 2954 953 4575 5080 4463 3108 1133 4819 9050 5895 4422 5987 1995 8781 5112 4521 6072 2037 8627 9830 9321 4841 401 5192 92 0 5674 7971 7166 892 9872 5365 8804 7043 6861 2469 2146 7956 3616 7124 5502 5130 2625 5653 6730 315 4665 3213 8367 5227 514 817 6405 2925 225 9955 1841 2857 5798 4115 2245 8474 4982 9962 6739 4677 9111 5622 5248 2549 4642 9595 1450 5698 3278 9745 8730 3468 7009 852 5062 5431 532 4403 7128 4388 8882 7654 5536 797 7129 1111 5552 5557 2396 6569 292
6427 5431 4546 5610 298 545 9951 5026 7109 2783 5578 9893 1692 4139 5481 2308 7311 3864 5538 6421 8462 228 3095 2134 6188 686 290 7392 5674 0 533 415 6026 6989 2094 5046 656 3390 2906 4712 5579 4484 4559 267 7062 1029 2070 2534 9452 5451 6211 5966 5729 753 4098 705 3963 6143 3846 8863 6884 5819 9480 2714 3227 1505 4538 4075 6835 8763 3940 9152 6853 9706 7839 3607 836 4698 8700 4526 9584 5472 4128 9231 8856 5432 358 6152 7352 8437 5092 4648 9624 978 7420 6885 7365 2290 2373 1873
8530 7455 7900 5739 8912 701 4146 217 1722 5610 4355 3889 7359 5160 3939 2207 1 1840 124 6763 6858 5624 5080 3613 6555 5045 6933 1508 7971 533 0 6544 9810 4417 7334 2759 1931 1969 8522 9442 930 8998 7869 3192 8653 4664 8757 7164 3058 9193 4001 9176 2454 4520 1329 2358 8073 3950 7676 6454 576 9185 3036 1213 5365 2042 2988 7998 1427 5809 8854 5019 6013 5810 2588 5648 2917 8818 4025 5222 9806 6465 2465 2016 461 4972 193 2030 7973 3568 4189 2751 5044 4449 268 3930 3267 8772 8765 945
6337 1631 6826 3912 7462 9787 3641 3900 1755 453 1897 5171 7161 8800 1510 9710 2267 6449 3344 3706 670 760 5875 8039 2600 9450 238 4839 7166 415 6544 0 9485 3737 344 7317 9615 3658 2822 3646 5064 2592 5559 6632 6740 7626 4134 3114 4185 7468 889 8465 2152 8044 5871 2014 4280 1875 2135 4187 9044 3141 4733 2645 5685 2455 1110 7189 7945 9283 6925 7389 3737 2119 5249 1265 7076 8619 1604 4767 6595 2740 978 8093 2702 8761 2457 379 5664 3890 3710 1048 8970 3609 4866 496 3637 2450 5785 3638
5997 2769 3183 4687 8391 8274 6170 9491 8004 769 1254 589 3658 719 1475 1629 1200 2330 8365 4156 6064 3071 8310 832 3406 7070 4319 6464 892 6026 9810 9485 0 9047 6984 4738 9113 8961 4587 1226 2755 3681 9033 2136 1163 7845 3989 9269 2408 6394 1409 4675 9047 5161 5286 9129 3046 7209 3008 1865 9401 8138 536 8540 329 3165 9288 8565 977 7076 7556 5898 4699 7919 9629 9612 5763 1962 2829 6512 2829 3858 7351 798 4406 7777 3598 7430 130 900 9337 5580 8786 4814 2493 4959 2397 3219 6182 3433
5625 1010 4012 5157 8714 1133 5127 3005 6591 9469 160 2511 5146 6479 5846 5076 9754 3666 7179 8477 5039 4126 1222 2555 4040 8691 650 3590 9872 6989 4417 3737 9047 0 2460 1708 4619 5523 9512 540 9416 9415 4812 8018 6854 7652 852 3865 5566 3516 4486 346 1821 5663 3915 9370 1852 4876 1051 2431 6920 3704 2764 5719 1683 3148 3525 2011 6490 1812 9640 531 7552 1812 8924 9906 1645 9625 8558 2654 6123 8299 9751 924 3214 779 8642 5150 285 3702 2108 5755 9836 377 5209 1717 3137 4289 4019 3490
2073 2446 4672 8877 2981 9236 5928 8238 4384 1772 7668 5328 277 7454 6658 1940 3507 9191 8168 3744 72 4112 4327 4164 6244 7841 7868 2958 5365 2094 7334 344 6984 2460 0 6802 3755 6100 3174 2961 8006 7894 8669 851 7886 4701 1862 4593 1847 5165 81 1096 6932 9680 5566 5241 5286 1409 2902 3251 4390 4154 1827 3140 7642 7444 3749 4257 1071 7125 2951 1187 9418 19 2872 3711 9017 8886 5403 6659 4367 7314 8842 1435 7638 5668 9970 7798 1589 2238 1007 3069 1433 284 7045 8326 328 5521 8679 9104
2017 6281 3770 372 4153 7054 2203 7996 3885 6223 1254 5427 7914 7842 6629 1423 6761 7440 3134 427 9411 5940 6087 6324 7443 2505 2587 4062 8804 5046 2759 7317 4738 1708 6802 0 5461 1427 4942 8100 4452 9842 5583 8901 3975 4909 4878 8783 9186 3184 6173 8605 9225 1714 9958 4021 787 8319 2994 4148 8798 3700 2556 2247 328 632 4483 9634 7306 9262 1581 4278 5769 8065 8504 8028 8691 5090 5823 4616 3399 6585 7160 2321 2334 6018 5294 4591 4475 9946 8549 1874 9983 150 3361 199 8894 9880 4057 4939
5418 49 2607 9016 2452 3815 4232 7142 3915 6828 2142 4488 969 3500 3898 4730 6328 5976 1717 8161 6713 8277 9377 8198 3539 1923 9429 108 7043 656 1931 9615 9113 4619 3755 5461 0 2808 6691 7139 3920 9926 2059 8468 5711 3060 1332 3348 8037 9195 6945 4410 6196 6308 251 1253 5785 2424 3372 842 2726 4740 3502 5101 4761 9177 4231 8946 9676 478 590 378 7067 9194 7338 5372 411 3679 3789 9508 6398 9176 5945 8402 2003 1055 1638 9853 1836 2121 9581 5603 4835 2096 1146 8049 4743 1624 8954 9032
8097 1775 7727 4549 5850 2066 482 4748 7427 4677 3194 8590 7302 4726 2816 4966 6410 6849 2475 7443 9858 4929 8656 4010 2665 2305 6483 4713 6861 3390 1969 3658 8961 5523 6100 1427 2808 0 3508 8510 6726 5101 4631 1138 4191 1225 8521 3495 9968 1545 2261 7431 6896 6956 4067 3796 3735 2496 8051 3974 1109 8314 9358 41 2096 67 9575 5760 6168 2672 6868 140 3772 4582 9277 9140 4329 3408 2685 5704 9358 4950 9224 7704 8035 8127 8314 5552 6534 9326 5208 7175 2924 2775 4382 6423 3582 91 5015 9581
5922 4598 1038 7556 7701 1704 9877 8521 8993 9709 2795 4953 3201 5607 7788 7131 9754 6964 6480 3237 4344 4707 6307 9187 6837 163 4825 3066 2469 2906 8522 2822 4587 9512 3174 4942 6691 3508 0 2999 8770 7391 1849 7144 4457 1651 271 7221 3081 562 1753 3069 7660 5812 8271 7525 6155 5277 3920 1812 6085 5962 4074 9881 7883 557 21 5577 5216 5800 8094 1883 6365 7100 7075 2784 6820 6464 6218 6089 4603 8808 1200 4397 7932 6534 5276 2802 4704 8563 5394 3751 7413 4128 3399 3261 3290 3844 783 2752
3806 4354 2534 1662 3839 6464 1099 7171 132 6795 9351 7845 4274 297 3956 4581 2283 4613 8857 8135 6336 5147 1002 5543 5319 1109 1288 7527 2146 4712 9442 3646 1226 540 2961 8100 7139 8510 2999 0 8441 9672 855 6589 2153 3913 5363 466 7599 7167 7106 8452 1837 511 1161 167 6404 4557 2284 6938 8426 8411 8993 1128 42 7933 1938 7390 1467 4185 1063 7414 3516 2292 9479 4118 4540 4747 3352 1924 9304 4463 7439 1239 559 4179 5609 8592 4805 6870 1549 7872 7851 3196 8446 9582 4653 4869 4338 2365
9958 6435 4487 5936 3863 1986 8167 31 5920 175 3556 2995 1597 3878 5403 8909 9860 3981 5193 2360 5958 5351 6013 9488 3225 9900 6272 65 7956 5579 930 5064 2755 9416 8006 4452 3920 6726 8770 8441 0 7626 9550 2456 3790 2047 1712 5295 3184 2939 5700 2086 5810 9004 1266 3213 1740 2533 1750 766 82 5111 4473 1552 8079 5414 4414 1032 7913 5505 8935 9982 1567 6237 2910 8354 4382 7079 7009 8002 1705 5443 7844 9984 9395 2416 7358 1446 4385 7944 1001 9492 3722 3005 7051 4122 9949 9717 1931 6888
7916 5807 6730 862 3043 7740 4458 7643 6691 3446 5579 5901 4555 8746 9472 407 4685 2434 6027 6131 6925 2856 809 8173 5866 8663 9819 2399 3616 4484 8998 2592 3681 9415 7894 9842 9926 5101 7391 9672 7626 0 6677 9653 8359 578 5323 1446 757 7537 2860 6217 141 1045 1277 6384 3886 6688 524 7629 2092 1389 7868 6338 6764 1679 2395 1346 4243 142 5508 7603 6233 3437 1917 9921 6956 3274 5801 2671 5451 414 6396 7318 8465 7276 2853 4567 2994 6569 8293 9973 6650 424 7562 6794 8429 462 6541 4838
5508 7235 7714 2785 4781 325 110 721 7281 1558 9891 9618 8743 579 9874 1021 2017 5334 2863 1357 324 4637 2647 7978 2155 7234 6844 5294 7124 4559 7869 5559 9033 4812 8669 5583 2059 4631 1849 855 9550 6677 0 8896 2126 1001 7172 936 4166 9604 1636 6280 2459 4194 786 3978 4731 6615 673 4120 802 6103 1961 1318 807 4897 2187 3375 565 8760 7193 157 7136 6505 797 8778 2002 2515 8940 7143 3963 7835 1082 9469 3893 4805 581 8446 4261 4998 1149 5142 4722 2497 3006 8629 3882 4941 150 1316
9031 2265 1381 8099 8087 253 4396 6430 3129 3506 5672 9767 5572 3681 528 5255 6708 9505 9085 2864 3905 5626 7121 5068 6388 8133 2545 9665 5502 267 3192 6632 2136 8018 851 8901 8468 1138 7144 6589 2456 9653 8896 0 2348 5611 229 6907 8976 7248 2504 2663 181 2070 4074 888 5243 1447 1223 1100 8603 9551 5385 3791 8524 7056 1500 6280 933 326 9678 5035 4810 2591 4210 3104 9422 5120 8881 9348 3195 6199 2124 1334 2193 1291 2787 2791 7314 5384 1593 7280 508 1940 4514 9091 8645 8766 2696 5386
6073 755 6298 4504 5446 3493 1725 1323 8919 9775 8670 579 1130 1366 3260 8167 8813 238 8081 2588 7065 809 9553 2124 2505 8043 8359 1395 5130 7062 8653 6740 1163 6854 7886 3975 5711 4191 4457 2153 3790 8359 2126 2348 0 1624 4567 240 9304 2151 8001 5664 3880 807 6822 5556 1347 2769 758 1046 9168 2749 756 9827 6446 3879 3108 3982 1903 9297 6430 3361 5764 3635 5063 7952 404 82 7623 1523 2650 6964 3671 5084 384 6038 1313 5265 3525 4450 6126 9275 6624 4076 9229 2195 3228 3863 4121 1333
4316 1617 5252 3892 5730 7297 8591 4416 4328 502 4070 5245 3812 1869 4967 3182 8547 7377 1142 9681 8280 8631 2003 5411 433 5985 8454 321 2625 1029 4664 7626 7845 7652 4701 4909 3060 1225 1651 3913 2047 578 1001 5611 1624 0 9197 3062 2637 3569 8284 1436 4036 6699 1977 3325 7225 2720 3224 2290 8153 9720 7368 8265 5546 6297 4622 4146 6847 9746 9682 6999 7589 8266 5642 1618 9519 102 5965 2315 3829 8291 2969 4665 9117 2283 4700 8572 9516 5489 6008 7333 6525 7334 4299 7771 8031 4072 6404 4119
872 9340 5181 8704 9169 9809 789 4269 9300 7430 151 993 5326 9171 5823 8441 1241 4718 45 4782 7665 6139 8887 2564 968 6090 4857 4599 5653 2070 8757 4134 3989 852 1862 4878 1332 8521 271 5363 1712 5323 7172 229 4567 9197 0 7130 6949 5528 3214 3222 1523 5790 1423 688 2019 5129 6331 4742 8383 2257 2193 667 1448 3246 2893 3538 9620 5119 6767 7761 7965 9613 1288 5785 4983 6759 356 2562 4857 2694 5916 6410 5476 4934 6501 5472 8439 848 8479 5961 4426 4061 5428 625 2471 3352 3920 7800
2188 8587 2219 5001 3409 9004 4638 8616 5109 8018 8325 7219 2264 4672 2959 2638 6653 8206 7127 2839 6276 443 463 7717 7658 8511 1460 8298 6730 2534 7164 3114 9269 3865 4593 8783 3348 3495 7221 466 5295 1446 936 6907 240 3062 7130 0 4178 6410 8645 3053 568 2730 9736 774 5309 455 1047 378 997 6473 1349 686 8854 2889 7056 3072 1251 7253 6391 1145 9886 6202 8232 6101 6875 9556 4076 2666 3490 8297 4784 3522 2772 2960 6944 68 6209 1730 3634 5558 1691 7770 600 3818 5843 2804 3956 7606
3524 1667 5113 3274 2626 5185 6513 5973 7032 4618 6942 5753 5456 4576 2836 5269 6796 6980 9775 4519 2634 7978 271 6529 4402 2154 2637 2036 315 9452 3058 4185 2408 5566 1847 9186 8037 9968 3081 7599 3184 757 4166 8976 9304 2637 6949 4178 0 7388 5406 2451 5138 4085 5119 7562 198 6247 1134 1923 2252 8587 4593 5164 973 3109 8222 3076 3699 9284 7966 2371 9415 5665 7217 4909 5821 1639 1062 1858 3509 3707 5538 28 5638 7080 1517 8437 6706 1016 9257 3712 691 9627 754 5434 1465 9422 2554 197
899 6845 5261 3777 9828 8270 4615 7650 2463 5948 2644 9268 5490 3644 4583 1880 9071 9528 4103 5481 1177 368 7233 9277 5917 290 8317 642 4665 5451 9193 7468 6394 3516 5165 3184 9195 1545 562 7167 2939 7537 9604 7248 2151 3569 5528 6410 7388 0 6889 7188 7377 3465 3257 5638 7892 2683 7870 4907 3650 6 546 8464 2707 2675 4370 7184 1891 8026 9990 4159 9841 4570 6528 7815 5224 6692 5439 5792 3816 6775 2412 4971 3369 3605 7607 4714 2560 1069 9932 5077 7768 360 3128 5021 6323 2981 4426 4902
5027 8607 1563 1401 6658 7979 9005 8557 6925 2526 8533 3035 8719 7677 1220 5888 3342 7430 3546 2409 9054 1771 3628 8456 9361 1153 5775 260 3213 6211 4001 889 1409 4486 81 6173 6945 2261 1753 7106 5700 2860 1636 2504 8001 8284 3214 8645 5406 6889 0 9492 4396 9413 8506 6318 4368 7080 6560 4822 5570 5898 2385 3334 5226 1348 5547 7002 1489 1504 6130 3658 5052 8738 8891 8215 8766 8740 1461 4025 8165 8322 1 2631 6687 8268 2171 7810 6931 3291 3758 4408 1476 1141 3881 7815 4914 4624 2559 9752
4586 6738 7604 992 1409 3079 2870 6130 6709 8624 1440 8954 1598 9553 1241 7877 8592 9977 5196 9639 4305 6460 5699 7892 723 2240 1305 1840 8367 5966 9176 8465 4675 346 1096 8605 4410 7431 3069 8452 2086 6217 6280 2663 5664 1436 3222 3053 2451 7188 9492 0 6976 3826 316 2550 2906 6809 3946 3761 2692 1069 6511 7623 1778 8207 885 3066 3727 2001 1116 1117 1262 4383 5030 352 9438 3918 8926 4627 8104 9065 1186 5083 1393 8719 753 7220 3758 8985 3805 9775 4233 2220 1540 2080 3616 981 9610 1575
8690 6109 5682 2660 4142 9295 8989 2170 27 4317 3447 4169 198 9968 1307 6317 1723 4953 1852 2030 7840 9660 5681 9907 713 335 6211 3064 5227 5729 2454 2152 9047 1821 6932 9225 6196 6896 7660 1837 5810 141 2459 181 3880 4036 1523 568 5138 7377 4396 6976 0 5210 5623 7880 7983 1689 3200 7316 8034 2153 7961 4392 1405 6268 4906 2294 2348 5172 3167 1281 4536 6288 9558 8493 8395 59 7971 5514 7555 7724 8613 4132 7046 4756 330 2841 6521 488 9181 5433 1113 5096 6246 5651 7458 6790 8037 2442
1953 348 4782 7624 2163 9144 8631 70 4986 7888 9617 607 2631 6626 8786 5325 4500 3090 2202 2670 8711 2829 6414 8649 8365 3575 5550 3770 514 753 4520 8044 5161 5663 9680 1714 6308 6956 5812 511 9004 1045 4194 2070 807 6699 5790 2730 4085 3465 9413 3826 5210 0 3051 6562 98 8856 1462 2714 3817 5924 6720 8668 5921 5963 8119 9279 1652 8760 8383 8083 1600 7063 6636 2008 2237 4171 5644 539 8307 8431 6472 3757 2330 1428 562 1866 7342 4596 3158 4578 5257 7788 5426 9397 3162 4865 1867 7323
5370 8973 4457 9795 2888 7383 5663 5080 8278 8102 1540 4368 7985 1267 127 7373 1387 1382 930 8606 9009 6305 2712 3348 5545 6818 5776 6504 817 4098 1329 5871 5286 3915 5566 9958 251 4067 8271 1161 1266 1277 786 4074 6822 1977 1423 9736 5119 3257 8506 316 5623 3051 0 6346 666 774 6811 6944 2498 6545 4371 8948 571 5135 5327 5570 6630 44 1605 8155 2789 968 9559 7583 5419 381 1695 8514 4687 9429 8498 1796 6347 7082 2850 8992 3570 1691 4399 7588 1685 9800 7240 7360 499 4116 9110 1818
8163 3191 5684 2349 8257 4525 8147 3465 9470 6119 5191 2282 4120 2466 1787 8303 9897 4514 7485 5879 7592 8525 9986 7795 8217 4636 9558 1247 6405 705 2358 2014 9129 9370 5241 4021 1253 3796 7525 167 3213 6384 3978 888 5556 3325 688 774 7562 5638 6318 2550 7880 6562 6346 0 3765 5093 7009 6796 9870 5205 3583 4333 7828 8198 4958 4099 5827 8288 3944 3660 5197 6469 8515 5395 7728 607 5894 5390 344 5086 1312 5542 6227 9526 300 1893 6135 6785 4473 1809 1107 5795 6625 6554 5252 4219 9709 8649
5813 3757 2924 6276 8956 5288 9030 1470 3487 9054 2009 292 4241 8888 5068 621 8189 5078 6632 5215 89 902 257 9253 8334 1728 2033 1930 2925 3963 8073 4280 3046 1852 5286 787 5785 3735 6155 6404 1740 3886 4731 5243 1347 7225 2019 5309 198 7892 4368 2906 7983 98 666 3765 0 847 1780 653 9442 7170 9343 1565 2691 4380 9225 1498 8343 5190 4868 4818 2964 2680 6912 7238 5097 5930 7983 7316 1186 6070 8902 6462 5404 2704 1517 949 6698 7625 6743 2323 5605 3285 2458 4180 5734 2896 8919 6705
1743 3682 2010 8050 5030 9236 9467 9897 9482 2625 7801 6323 8724 783 7131 1582 2018 7841 7292 5697 7585 9375 2949 962 5263 2763 5634 689 225 6143 3950 1875 7209 4876 1409 8319 2424 2496 5277 4557 2533 6688 6615 1447 2769 2720 5129 455 6247 2683 7080 6809 1689 8856 774 5093 847 0 5532 2127 1203 4649 3593 3556 1319 6061 5621 231 2936 2761 5901 7360 480 8961 7943 5633 9652 6496 7039 222 9389 7408 956 5980 2756 4466 4242 7486 6799 1410 3338 4674 2270 9886 519 1467 9532 2209 3205 6969
7416 341 5648 4578 7685 5790 7156 4081 1910 3325 5602 2462 3153 54 635 5101 3262 6442 2159 3712 5596 4365 5005 468 3994 8769 7290 9275 9955 3846 7676 2135 3008 1051 2902 2994 3372 8051 3920 2284 1750 524 673 1223 758 3224 6331 1047 1134 7870 6560 3946 3200 1462 6811 7009 1780 5532 0 3100 8795 8828 5744 3724 8548 7375 6882 3652 8822 8771 2837 9539 845 1045 5199 1549 339 1216 4055 8799 1476 713 3142 3642 9011 8726 4251 8159 6279 595 9683 6633 9335 9251 4720 9338 9381 5624 3179 4169
1506 720 1302 532 9942 3235 1402 6140 4374 9598 3417 7569 8080 6611 6455 324 7606 9011 834 7133 320 8456 6654 424 1752 2336 5795 3919 1841 8863 6454 4187 1865 2431 3251 4148 842 3974 1812 6938 766 7629 4120 1100 1046 2290 4742 378 1923 4907 4822 3761 7316 2714 6944 6796 653 2127 3100 0 8296 730 3374 5192 7495 1565 7938 3905 603 8725 5417 1814 4755 9387 6610 2922 8802 6004 8936 9523 1262 5398 1478 7647 1978 5463 628 2434 696 7057 5478 2083 9995 6642 7283 9492 1776 4944 344 2038
4543 6615 2666 3720 5216 5226 5244 8689 2199 3214 9467 8071 9561 2990 7851 3872 790 3690 8257 6205 5647 9295 875 8825 3032 6494 3010 3529 2857 6884 576 9044 9401 6920 4390 8798 2726 1109 6085 8426 82 2092 802 8603 9168 8153 8383 997 2252 3650 5570 2692 8034 3817 2498 9870 9442 1203 8795 8296 0 3540 9499 7937 4081 3602 1856 3680 5708 8157 209 815 8890 6738 7023 361 4856 2490 4972 9326 8310 5828 9154 6272 830 651 5138 9284 3355 6613 1839 43 9767 2055 3459 2034 479 7652 4036 8288
4075 3682 4553 9169 5486 7908 1858 2058 5418 6741 3277 3601 3815 3261 8306 3642 4571 1470 6878 568 2654 2151 5087 6991 6103 6124 6806 2575 5798 5819 9185 3141 8138 3704 4154 3700 4740 8314 5962 8411 5111 1389 6103 9551 2749 9720 2257 6473 8587 6 5898 1069 2153 5924 6545 5205 7170 4649 8828 730 3540 0 4379 825 5020 6657 5156 6566 9134 2468 4750 1831 7996 5687 634 4456 6255 9565 4343 5499 3988 7670 4022 2056 8666 6179 4579 9723 1657 9019 4105 5006 4262 960 2395 8622 5938 3272 764 4236
3485 7895 5345 9127 8633 6631 1527 3702 8613 5785 520 8082 9223 9552 9231 6609 6122 6222 9467 8764 8515 5090 1183 8583 4263 3802 9458 1677 4115 9480 3036 4733 536 2764 1827 2556 3502 9358 4074 8993 4473 7868 1961 5385 756 7368 2193 1349 4593 546 2385 6511 7961 6720 4371 3583 9343 3593 5744 3374 9499 4379 0 7512 8832 9133 7694 8575 2881 6621 6011 5237 9349 7294 1357 2385 5188 7378 5606 8839 7124 1819 2212 5863 4097 2270 8826 2824 757 9902 8636 908 3376 1572 1810 9495 7091 4709 2487 4323
3700 9103 2430 8687 672 2417 1827 7649 668 8315 5775 7063 1796 1201 3663 1186 3367 9975 5333 430 8927 7811 3377 5662 9795 8258 9172 5127 2245 2714 1213 2645 8540 5719 3140 2247 5101 41 9881 1128 1552 6338 1318 3791 9827 8265 667 686 5164 8464 3334 7623 4392 8668 8948 4333 1565 3556 3724 5192 7937 825 7512 0 7811 2518 1634 9454 6534 2987 8754 3898 4482 8473 9373 9461 874 4625 2684 4124 7060 9572 1207 4204 9021 965 0 9793 6383 3774 9763 9653 9543 8380 2396 4026 9096 9169 4899 5438
2915 5879 3570 4722 6963 5413 4521 3145 6045 5026 3418 2203 1174 8696 2647 7125 290 3379 6442 3800 4598 1466 3656 5294 9806 3959 6958 4535 8474 3227 5365 5685 329 1683 7642 328 4761 2096 7883 42 8079 6764 807 8524 6446 5546 1448 8854 973 2707 5226 1778 1405 5921 571 7828 2691 1319 8548 7495 4081 5020 8832 7811 0 2574 2170 3210 7668 7698 2617 4479 3770 8471 8766 8419 444 8455 1817 2830 333 6466 7103 9934 2000 166 509 2395 4917 7533 3622 7702 8871 6708 2774 2668 2052 9473 3825 2444
860 5034 2100 5905 6158 1262 4508 1192 1582 3283 6543 5591 1275 4201 2459 4171 4041 9663 367 6906 4358 5663 9792 5231 1909 6046 8633 3016 4982 1505 2042 2455 3165 3148 7444 632 9177 67 557 7933 5414 1679 4897 7056 3879 6297 3246 2889 3109 2675 1348 8207 6268 5963 5135 8198 4380 6061 7375 1565 3602 6657 9133 2518 2574 0 9912 4247 737 9600 2287 4420 5153 4443 1980 8212 4957 9162 3585 6103 3911 4317 8491 2050 7213 3857 8144 9267 4805 1393 5073 4315 9178 5730 2370 5322 6960 827 9733 7295
649 6609 840 3003 1992 1455 6815 9041 8160 5084 6427 6465 822 5784 4975 944 31 644 8049 3758 4880 8969 1029 2822 9657 2307 289 8462 9962 4538 2988 1110 9288 3525 3749 4483 4231 9575 21 1938 4414 2395 2187 1500 3108 4622 2893 7056 8222 4370 5547 885 4906 8119 5327 4958 9225 5621 6882 7938 1856 5156 7694 1634 2170 9912 0 1677 6298 1668 6186 1061 3328 2188 7830 7093 3438 2451 5665 6942 831 936 8438 7611 6644 7726 211 6768 3237 8701 4916 7021 5380 7238 5604 6217 6871 4344 3423 3464
5281 5579 8664 3121 3077 6815 5065 2798 3186 152 5590 6579 8976 6197 3190 3882 6975 1730 910 2874 7980 3510 9416 4221 7156 1150 8993 1485 6739 4075 7998 7189 8565 2011 4257 9634 8946 5760 5577 7390 1032 1346 3375 6280 3982 4146 3538 3072 3076 7184 7002 3066 2294 9279 5570 4099 1498 231 3652 3905 3680 6566 8575 9454 3210 4247 1677 0 3141 8075 2360 7480 4013 2482 3814 1638 6864 9906 3738 8007 1920 4223 3563 3222 5657 5900 7745 356 950 1987 4838 4841 8397 1529 391 1661 3854 1646 954 2169
552 9010 8301 3230 9672 8882 6613 8705 3266 7281 469 5940 1555 6606 1302 8986 6813 5738 231 3416 829 8376 8759 4555 4088 2629 5779 1750 4677 6835 1427 7945 977 6490 1071 7306 9676 6168 5216 1467 7913 4243 565 933 1903 6847 9620 1251 3699 1891 1489 3727 2348 1652 6630 5827 8343 2936 8822 603 5708 9134 2881 6534 7668 737 6298 3141 0 4788 728 2439 1085 5603 3932 6578 5137 2591 8574 6494 9149 3859 8460 2207 9138 6605 7974 6420 5577 4430 9982 5715 1509 9740 5834 7999 4093 291 8450 8174
842 3587 576 9028 4625 9511 6798 8108 2296 1880 1016 5389 7090 199 5705 9539 933 9232 4014 6165 1060 1668 5495 9553 4461 2975 255 2452 9111 8763 5809 9283 7076 1812 7125 9262 478 2672 5800 4185 5505 142 8760 326 9297 9746 5119 7253 9284 8026 1504 2001 5172 8760 44 8288 5190 2761 8771 8725 8157 2468 6621 2987 7698 9600 1668 8075 4788 0 5735 8127 3134 5947 6381 8249 6406 8571 2147 397 8769 3498 1211 3179 1731 675 8158 357 1883 3054 3765 7149 9272 1493 1907 4198 7168 1266 1170 5265
5009 125 5647 5174 6458 5028 6613 7157 1800 4647 6151 8300 9570 4048 9636 1748 1251 1523 7229 4265 9550 3735 5974 1140 8307 4773 1383 9998 5622 3940 8854 6925 7556 9640 2951 1581 590 6868 8094 1063 8935 5508 7193 9678 6430 9682 6767 6391 7966 9990 6130 1116 3167 8383 1605 3944 4868 5901 2837 5417 209 4750 6011 8754 2617 2287 6186 2360 728 5735 0 5900 3875 3212 2886 5664 617 4052 8757 8402 7444 2084 4219 1459 6218 8944 3547 8309 3523 5338 1577 2742 9073 3002 1386 6219 7455 3444 7060 583
2529 4170 2584 3815 4051 2137 3026 353 8810 5988 3053 6299 4537 8262 932 9107 8250 1113 6748 2074 6815 9061 6889 8574 3240 8089 8057 5134 5248 9152 5019 7389 5898 531 1187 4278 378 140 1883 7414 9982 7603 157 5035 3361 6999 7761 1145 2371 4159 3658 1117 1281 8083 8155 3660 4818 7360 9539 1814 815 1831 5237 3898 4479 4420 1061 7480 2439 8127 5900 0 2329 7413 3184 5878 2618 6882 6650 9058 2460 7431 7878 5340 343 6619 8553 8336 8004 7626 5113 1398 4984 1478 1127 7254 2448 4902 3134 5898
1637 7020 1898 9829 8692 8698 7581 6234 1228 4091 471 843 5592 8927 2225 6904 5963 9088 4416 2096 4484 6986 2314 2705 9248 2073 1875 3030 2549 6853 6013 3737 4699 7552 9418 5769 7067 3772 6365 3516 1567 6233 7136 4810 5764 7589 7965 9886 9415 9841 5052 1262 4536 1600 2789 5197 2964 480 845 4755 8890 7996 9349 4482 3770 5153 3328 4013 1085 3134 3875 2329 0 429 6207 285 9054 7410 5997 1403 4706 2284 4753 3532 6287 2312 1722 1732 1437 6268 3297 3461 229 3045 3873 14 9305 3661 8460 9115
3043 1921 8369 7626 7656 4111 7962 6806 5063 9006 7437 5266 2702 9137 8416 8075 6844 5085 9697 25 1802 1026 7612 2814 4524 2350 4418 9756 4642 9706 5810 2119 7919 1812 19 8065 9194 4582 7100 2292 6237 3437 6505 2591 3635 8266 9613 6202 5665 4570 8738 4383 6288 7063 968 6469 2680 8961 1045 9387 6738 5687 7294 8473 8471 4443 2188 2482 5603 5947 3212 7413 429 0 1398 5100 6865 1133 5294 3938 2500 1535 1294 3762 8354 6566 2950 1220 4550 1848 4777 5404 8274 513 6670 6941 4894 4813 2029 6837
6945 1272 8274 4868 2893 277 551 8263 9607 4169 2399 1931 3102 8104 5048 3322 6747 8258 6565 737 3623 6902 1551 2928 4444 5865 2979 2147 9595 7839 2588 5249 9629 8924 2872 8504 7338 9277 7075 9479 2910 1917 797 4210 5063 5642 1288 8232 7217 6528 8891 5030 9558 6636 9559 8515 6912 7943 5199 6610 7023 634 1357 9373 8766 1980 7830 3814 3932 6381 2886 3184 6207 1398 0 8944 4649 7341 5721 3003 7769 5428 4352 2695 7419 9591 1481 2292 9379 7012 5105 13 2794 8311 3469 5504 5890 7706 382 9257
8475 5498 4322 5133 9958 6446 8226 2076 5163 1495 4770 2361 5809 4981 1235 3757 1032 4120 767 8670 6986 5158 1280 7411 7980 1036 9575 6323 1450 3607 5648 1265 9612 9906 3711 8028 5372 9140 2784 4118 8354 9921 8778 3104 7952 1618 5785 6101 4909 7815 8215 352 8493 2008 7583 5395 7238 5633 1549 2922 361 4456 2385 9461 8419 8212 7093 1638 6578 8249 5664 5878 285 5100 8944 0 613 9487 1695 3083 7545 5701 2586 5698 4307 4371 789 4773 5443 2420 9374 3310 5084 1305 4661 7340 6406 8354 4197 61
2764 2503 1893 8693 9337 9117 5527 2142 6719 1402 4778 4425 2109 7743 8295 5261 2277 5434 696 6838 7654 5536 6917 8608 1464 3954 994 3024 5698 836 2917 7076 5763 1645 9017 8691 411 4329 6820 4540 4382 6956 2002 9422 404 9519 4983 6875 5821 5224 8766 9438 8395 2237 5419 7728 5097 9652 339 8802 4856 6255 5188 874 444 4957 3438 6864 5137 6406 617 2618 9054 6865 4649 613 0 2885 1071 9042 8194 6689 449 3275 305 8012 1352 2301 1840 919 5623 2329 3637 3190 7411 6676 7033 9595 3295 5935
8964 6622 4105 6916 913 4916 3887 8980 1631 6149 6642 1314 646 27 4264 9693 6737 1993 2636 7156 8128 273 6533 2222 2763 7275 7407 5524 3278 4698 8818 8619 1962 9625 8886 5090 3679 3408 6464 4747 7079 3274 2515 5120 82 102 6759 9556 1639 6692 8740 3918 59 4171 381 607 5930 6496 1216 6004 2490 9565 7378 4625 8455 9162 2451 9906 2591 8571 4052 6882 7410 1133 7341 9487 2885 0 2858 8022 2472 307 6165 1308 7253 6334 5101 116 9231 1199 2359 9948 5200 989 5478 594 9629 1902 4315 1505
2449 3957 6805 5935 7936 5386 8609 1834 2814 5164 9214 836 4062 5309 6982 3943 7253 389 2049 1154 4994 6601 8161 317 6126 7332 8625 6273 9745 8700 4025 1604 2829 8558 5403 5823 3789 2685 6218 3352 7009 5801 8940 8881 7623 5965 356 4076 1062 5439 1461 8926 7971 5644 1695 5894 7983 7039 4055 8936 4972 4343 5606 2684 1817 3585 5665 3738 8574 2147 8757 6650 5997 5294 5721 1695 1071 2858 0 9113 13 1373 8755 788 3336 9262 6359 6098 227 9142 7338 3480 329 9123 9527 8806 7833 7478 7153 922
4395 5877 2065 4143 2848 1717 4078 7839 6348 4434 8906 8865 7096 3755 4970 9204 942 6370 5335 3522 6270 956 3996 9367 2724 7247 3933 1660 8730 4526 5222 4767 6512 2654 6659 4616 9508 5704 6089 1924 8002 2671 7143 9348 1523 2315 2562 2666 1858 5792 4025 4627 5514 539 8514 5390 7316 222 8799 9523 9326 5499 8839 4124 2830 6103 6942 8007 6494 397 8402 9058 1403 3938 3003 3083 9042 8022 9113 0 4166 2923 1669 1250 9183 6803 9996 2435 8236 500 8826 9197 507 5698 9443 2513 3955 370 300 1732
3407 7874 8113 3014 5032 7279 2527 4029 1089 4430 3178 1668 3079 7642 4673 4363 8784 5375 7456 5884 9392 8387 5435 4384 1704 2962 8840 9426 3468 9584 9806 6595 2829 6123 4367 3399 6398 9358 4603 9304 1705 5451 3963 3195 2650 3829 4857 3490 3509 3816 8165 8104 7555 8307 4687 344 1186 9389 1476 1262 8310 3988 7124 7060 333 3911 831 1920 9149 8769 7444 2460 4706 2500 7769 7545 8194 2472 13 4166 0 9437 5096 9749 7484 1704 4211 7696 3192 150 8367 4151 1559 6810 5124 2055 193 9001 2643 6599
9150 5727 361 3513 3001 9945 6276 3992 5801 9293 7737 2136 2102 7425 7184 2981 96 4853 7758 6624 3790 8857 3131 8796 4718 7425 4492 2844 7009 5472 6465 2740 3858 8299 7314 6585 9176 4950 8808 4463 5443 414 7835 6199 6964 8291 2694 8297 3707 6775 8322 9065 7724 8431 9429 5086 6070 7408 713 5398 5828 7670 1819 9572 6466 4317 936 4223 3859 3498 2084 7431 2284 1535 5428 5701 6689 307 1373 2923 9437 0 1586 4854 9 5854 4258 4890 4114 1487 3232 5908 3886 6920 5907 1210 4768 2429 3441 8111
