50
0 8847 6867 6274 2477 6341 6314 6716 2343 86 3917 9958 8209 4172 6176 3944 3250 1903 1422 551 811 6648 9150 5314 7248 8993 5171 7462 9465 15 7757 7710 8357 5609 9704 8948 6224 3840 6206 5819 1050 6447 8622 4364 5277 1179 8897 3657 4340 4297
8847 0 7754 5697 8553 9658 7808 9350 3624 2327 1078 8663 5965 8584 3356 8642 2771 5993 3909 2823 2497 7541 2911 708 5275 6246 5927 7013 2015 6717 2520 4120 6146 1684 5976 5843 8562 8541 4954 7418 1441 4505 6480 4759 7310 1831 7361 7837 2859 8476
6867 7754 0 2455 96 2138 6011 8008 8531 3893 6074 8575 5572 6244 4142 291 9112 3290 13 9347 4254 945 9676 2923 5022 8923 4498 5308 4188 3962 4348 7177 1496 8604 8083 1455 3304 2102 6932 4758 6088 719 7250 6155 6015 684 4837 6683 7060 9952
6274 5697 2455 0 4207 5772 3909 6313 9481 2121 3139 9506 6100 1038 3328 5397 1159 1309 7299 6216 6443 8614 6794 8136 419 1766 9712 9232 7578 7572 7145 6797 7759 2887 1066 7206 6514 8048 2216 8385 155 3807 3280 6581 8874 664 4816 9074 5409 6348
2477 8553 96 4207 0 7534 1935 1475 3616 1263 9355 253 1666 8141 1445 3532 9247 7442 901 3274 5498 7910 897 9017 6847 9567 2297 6667 820 2384 5250 5477 3117 8490 98 3049 8829 4500 8519 4298 1419 5128 6286 4178 4895 9104 6468 8371 6884 838
6341 9658 2138 5772 7534 0 5027 4988 4071 6229 7145 8840 4212 4996 3309 2158 853 3399 8795 6124 7605 8011 9564 2314 5992 5599 3281 7478 9111 838 5148 139 8733 1108 6699 9255 5301 578 4481 3599 7194 4776 3285 3430 9700 7448 6651 7288 3340 3329
6314 7808 6011 3909 1935 5027 0 945 2951 7106 2039 802 2244 1178 9769 8145 2951 232 9192 2689 8162 3617 4831 3457 8756 2604 2388 3389 8457 1652 7629 1560 3303 1499 824 6794 3666 4220 7248 6956 2536 928 2185 684 2623 7312 4810 3812 9536 5222
6716 9350 8008 6313 1475 4988 945 0 9184 2522 5071 4227 5314 8990 3515 2488 3781 6414 539 5367 6225 2555 4768 3659 8941 1533 3246 7609 2439 3013 7042 5458 6576 1873 635 5764 2000 3448 8590 8623 1194 4763 8026 5700 291 8135 1523 3285 7942 4587
2343 3624 8531 9481 3616 4071 2951 9184 0 4963 9793 9566 8859 1448 3298 2288 7707 4442 3722 9482 4912 530 9504 9810 1649 21 5640 3184 2493 4915 820 2817 5458 5738 7366 7881 4053 5399 5964 2930 1796 4886 1137 9161 7454 1567 9036 1850 2643 9758
86 2327 3893 2121 1263 6229 7106 2522 4963 0 6443 7559 588 552 648 8410 9490 1592 6766 2162 6804 9469 5781 1249 6139 2685 5889 2780 1475 5433 81 7868 4970 2441 4280 1540 1745 3911 1918 2507 8128 4431 8781 8864 1926 5312 7664 4029 2687 9312
3917 1078 6074 3139 9355 7145 2039 5071 9793 6443 0 8773 689 8303 4198 6011 3239 4644 6614 9097 3333 2082 3930 8762 8221 3926 1556 247 1732 879 8001 9345 3455 3756 1426 2806 2517 4328 506 6946 6443 8488 1795 4783 9335 1978 1381 9478 3565 3832
9958 8663 8575 9506 253 8840 802 4227 9566 7559 8773 0 3990 9753 8404 1018 4026 1196 9816 5526 1606 675 3520 2862 4974 5604 1376 7565 9697 2995 176 5201 6749 6670 528 1442 4011 2425 8378 2738 2477 5641 2299 3338 3247 3598 5424 1095 46 7859
8209 5965 5572 6100 1666 4212 2244 5314 8859 588 689 3990 0 618 8148 8610 5406 1131 9887 1026 3261 824 5990 6739 1513 5721 9548 2657 8070 8130 2210 4248 4963 864 7637 9672 2698 7132 6321 8404 4898 9725 8710 1897 1114 4128 3802 3933 3244 9627
4172 8584 6244 1038 8141 4996 1178 8990 1448 552 8303 9753 618 0 7502 9201 3877 8071 9420 822 6422 6468 5613 6209 6655 1427 3741 5563 9746 6989 4993 73 4922 8012 9893 267 1812 7788 6859 6730 9908 4906 7495 2389 5495 8935 3500 1361 5795 6453
6176 3356 4142 3328 1445 3309 9769 3515 3298 648 4198 8404 8148 7502 0 7633 533 4786 5502 1441 4440 3068 7242 6675 8817 3960 1977 3544 680 6154 3016 6384 4447 5450 2472 5937 2742 3673 5759 9998 6461 5055 8186 5218 8302 9938 3103 2657 6405 8637
3944 8642 291 5397 3532 2158 8145 2488 2288 8410 6011 1018 8610 9201 7633 0 148 5 2872 1699 4028 7447 9261 4109 5772 1653 9055 8419 6171 2212 4150 6816 1243 8425 5425 7276 4363 4846 5928 5002 6158 8555 977 8161 8082 5959 294 933 1950 9132
3250 2771 9112 1159 9247 853 2951 3781 7707 9490 3239 4026 5406 3877 533 148 0 6179 7335 5097 8396 2495 9946 7518 575 5328 7904 2244 115 4447 2367 3074 9626 9449 8322 764 6426 2843 9659 4601 3960 4770 8917 422 6892 8981 6677 1381 6233 8077
1903 5993 3290 1309 7442 3399 232 6414 4442 1592 4644 1196 1131 8071 4786 5 6179 0 5902 4546 5311 2652 9423 8122 791 8722 5689 2291 3289 8454 1010 2656 5046 8528 2796 5111 876 9621 4876 6274 5900 3066 4462 5069 7778 3233 5257 7181 6604 1776
1422 3909 13 7299 901 8795 9192 539 3722 6766 6614 9816 9887 9420 5502 2872 7335 5902 0 4263 5927 6454 5236 6316 7742 4372 1842 3341 7376 8212 6688 2618 5156 720 2491 4569 8776 7704 9154 6745 1252 4511 6416 5943 6480 8672 4724 1984 4255 7367
551 2823 9347 6216 3274 6124 2689 5367 9482 2162 9097 5526 1026 822 1441 1699 5097 4546 4263 0 192 677 8719 9281 5006 5794 9865 5895 4350 3987 1144 8987 1579 9875 6762 1823 5029 2718 2890 1930 6616 6463 5599 6553 6431 8188 5518 5729 3043 2349
811 2497 4254 6443 5498 7605 8162 6225 4912 6804 3333 1606 3261 6422 4440 4028 8396 5311 5927 192 0 8712 8539 6777 4730 2188 3490 5549 1080 6769 1094 8226 50 9401 3859 9467 7086 6613 3505 9399 4486 2170 2476 3640 3911 8201 2047 4630 548 6241
6648 7541 945 8614 7910 8011 3617 2555 530 9469 2082 675 824 6468 3068 7447 2495 2652 6454 677 8712 0 4710 2150 6296 4506 1102 9885 9909 8340 4473 9956 3491 3667 5066 1537 5894 9322 1288 5893 382 8474 1182 1996 5327 3578 56 7499 2273 7321
9150 2911 9676 6794 897 9564 4831 4768 9504 5781 3930 3520 5990 5613 7242 9261 9946 9423 5236 8719 8539 4710 0 4506 8247 968 7302 9670 9091 9759 528 648 8812 7660 1811 7925 3677 4819 5572 5423 8694 9313 3773 3569 9119 3423 4615 9462 8799 499
5314 708 2923 8136 9017 2314 3457 3659 9810 1249 8762 2862 6739 6209 6675 4109 7518 8122 6316 9281 6777 2150 4506 0 3653 2835 464 8268 4391 6945 6134 1033 4484 1466 9583 1841 6555 6394 8390 9646 6701 3707 896 6084 8708 5397 4124 1169 7829 9430
7248 5275 5022 419 6847 5992 8756 8941 1649 6139 8221 4974 1513 6655 8817 5772 575 791 7742 5006 4730 6296 8247 3653 0 2191 7066 7437 7449 3125 5598 3111 1833 6600 2712 4629 3181 1252 8457 270 7186 3239 3223 4351 3296 9179 4853 375 258 1027
8993 6246 8923 1766 9567 5599 2604 1533 21 2685 3926 5604 5721 1427 3960 1653 5328 8722 4372 5794 2188 4506 968 2835 2191 0 5798 3369 6847 213 8810 4321 9138 5822 2681 9263 5172 5809 5009 1724 724 2870 5820 6897 481 7455 1673 5618 1748 2521
5171 5927 4498 9712 2297 3281 2388 3246 5640 5889 1556 1376 9548 3741 1977 9055 7904 5689 1842 9865 3490 1102 7302 464 7066 5798 0 5961 7721 7962 1355 5531 5218 7802 2102 1783 8655 9231 4116 8322 6371 3428 5796 4127 347 3163 4559 8503 7155 6293
7462 7013 5308 9232 6667 7478 3389 7609 3184 2780 247 7565 2657 5563 3544 8419 2244 2291 3341 5895 5549 9885 9670 8268 7437 3369 5961 0 2637 7154 2192 2266 210 1820 3506 9590 8704 6208 452 149 1409 7597 708 3341 9385 8752 1162 5298 5545 9168
9465 2015 4188 7578 820 9111 8457 2439 2493 1475 1732 9697 8070 9746 680 6171 115 3289 7376 4350 1080 9909 9091 4391 7449 6847 7721 2637 0 7565 7938 3370 120 3988 3349 5809 6268 1704 1606 9686 2068 3275 7209 7477 9372 9593 7202 1106 9341 880
15 6717 3962 7572 2384 838 1652 3013 4915 5433 879 2995 8130 6989 6154 2212 4447 8454 8212 3987 6769 8340 9759 6945 3125 213 7962 7154 7565 0 7711 2768 6557 3928 7693 7728 9926 2322 1939 8158 9815 6253 1027 3909 3747 80 6427 9274 3672 627
7757 2520 4348 7145 5250 5148 7629 7042 820 81 8001 176 2210 4993 3016 4150 2367 1010 6688 1144 1094 4473 528 6134 5598 8810 1355 2192 7938 7711 0 3975 1536 3278 15 623 7643 797 6586 3939 3597 724 9112 9470 6778 4308 677 2513 7666 298
7710 4120 7177 6797 5477 139 1560 5458 2817 7868 9345 5201 4248 73 6384 6816 3074 2656 2618 8987 8226 9956 648 1033 3111 4321 5531 2266 3370 2768 3975 0 7845 1700 1582 3062 2347 8668 2667 8390 5296 1733 8352 6252 37 1181 486 9107 1402 8232
8357 6146 1496 7759 3117 8733 3303 6576 5458 4970 3455 6749 4963 4922 4447 1243 9626 5046 5156 1579 50 3491 8812 4484 1833 9138 5218 210 120 6557 1536 7845 0 9201 9741 8806 1271 888 8936 4767 7488 6503 125 9173 3416 394 3069 8306 7503 3420
5609 1684 8604 2887 8490 1108 1499 1873 5738 2441 3756 6670 864 8012 5450 8425 9449 8528 720 9875 9401 3667 7660 1466 6600 5822 7802 1820 3988 3928 3278 1700 9201 0 2001 3393 7029 1808 1414 8947 8514 5775 1540 1439 3914 1661 1471 6022 4489 4959
9704 5976 8083 1066 98 6699 824 635 7366 4280 1426 528 7637 9893 2472 5425 8322 2796 2491 6762 3859 5066 1811 9583 2712 2681 2102 3506 3349 7693 15 1582 9741 2001 0 5066 4845 2421 8095 9935 9441 5486 3146 113 1291 1228 713 1862 9810 3504
8948 5843 1455 7206 3049 9255 6794 5764 7881 1540 2806 1442 9672 267 5937 7276 764 5111 4569 1823 9467 1537 7925 1841 4629 9263 1783 9590 5809 7728 623 3062 8806 3393 5066 0 8521 6313 7464 6674 9412 3454 1307 353 965 501 2212 7057 898 2946
6224 8562 3304 6514 8829 5301 3666 2000 4053 1745 2517 4011 2698 1812 2742 4363 6426 876 8776 5029 7086 5894 3677 6555 3181 5172 8655 8704 6268 9926 7643 2347 1271 7029 4845 8521 0 4806 7237 4185 2197 4139 4923 5709 464 5315 6263 1551 2656 7256
3840 8541 2102 8048 4500 578 4220 3448 5399 3911 4328 2425 7132 7788 3673 4846 2843 9621 7704 2718 6613 9322 4819 6394 1252 5809 9231 6208 1704 2322 797 8668 888 1808 2421 6313 4806 0 2669 7754 5340 4492 4091 215 6757 8811 342 5582 3781 8912
6206 4954 6932 2216 8519 4481 7248 8590 5964 1918 506 8378 6321 6859 5759 5928 9659 4876 9154 2890 3505 1288 5572 8390 8457 5009 4116 452 1606 1939 6586 2667 8936 1414 8095 7464 7237 2669 0 5845 5385 28 3912 5613 1299 8716 2642 1717 579 5139
5819 7418 4758 8385 4298 3599 6956 8623 2930 2507 6946 2738 8404 6730 9998 5002 4601 6274 6745 1930 9399 5893 5423 9646 270 1724 8322 149 9686 8158 3939 8390 4767 8947 9935 6674 4185 7754 5845 0 6963 5520 6014 1052 8802 1996 7504 2639 3465 8698
1050 1441 6088 155 1419 7194 2536 1194 1796 8128 6443 2477 4898 9908 6461 6158 3960 5900 1252 6616 4486 382 8694 6701 7186 724 6371 1409 2068 9815 3597 5296 7488 8514 9441 9412 2197 5340 5385 6963 0 874 8821 4013 6676 8500 1468 3479 3572 4708
6447 4505 719 3807 5128 4776 928 4763 4886 4431 8488 5641 9725 4906 5055 8555 4770 3066 4511 6463 2170 8474 9313 3707 3239 2870 3428 7597 3275 6253 724 1733 6503 5775 5486 3454 4139 4492 28 5520 874 0 223 4262 7067 1938 2888 7176 2726 4658
8622 6480 7250 3280 6286 3285 2185 8026 1137 8781 1795 2299 8710 7495 8186 977 8917 4462 6416 5599 2476 1182 3773 896 3223 5820 5796 708 7209 1027 9112 8352 125 1540 3146 1307 4923 4091 3912 6014 8821 223 0 6404 4071 5599 4212 453 1503 3427
4364 4759 6155 6581 4178 3430 684 5700 9161 8864 4783 3338 1897 2389 5218 8161 422 5069 5943 6553 3640 1996 3569 6084 4351 6897 4127 3341 7477 3909 9470 6252 9173 1439 113 353 5709 215 5613 1052 4013 4262 6404 0 4251 9685 2326 1137 9795 1112
5277 7310 6015 8874 4895 9700 2623 291 7454 1926 9335 3247 1114 5495 8302 8082 6892 7778 6480 6431 3911 5327 9119 8708 3296 481 347 9385 9372 3747 6778 37 3416 3914 1291 965 464 6757 1299 8802 6676 7067 4071 4251 0 6408 4979 1276 1047 1096
1179 1831 684 664 9104 7448 7312 8135 1567 5312 1978 3598 4128 8935 9938 5959 8981 3233 8672 8188 8201 3578 3423 5397 9179 7455 3163 8752 9593 80 4308 1181 394 1661 1228 501 5315 8811 8716 1996 8500 1938 5599 9685 6408 0 8776 238 1203 5922
8897 7361 4837 4816 6468 6651 4810 1523 9036 7664 1381 5424 3802 3500 3103 294 6677 5257 4724 5518 2047 56 4615 4124 4853 1673 4559 1162 7202 6427 677 486 3069 1471 713 2212 6263 342 2642 7504 1468 2888 4212 2326 4979 8776 0 1220 2330 9130
3657 7837 6683 9074 8371 7288 3812 3285 1850 4029 9478 1095 3933 1361 2657 933 1381 7181 1984 5729 4630 7499 9462 1169 375 5618 8503 5298 1106 9274 2513 9107 8306 6022 1862 7057 1551 5582 1717 2639 3479 7176 453 1137 1276 238 1220 0 1849 8088
4340 2859 7060 5409 6884 3340 9536 7942 2643 2687 3565 46 3244 5795 6405 1950 6233 6604 4255 3043 548 2273 8799 7829 258 1748 7155 5545 9341 3672 7666 1402 7503 4489 9810 898 2656 3781 579 3465 3572 2726 1503 9795 1047 1203 2330 1849 0 8360
4297 8476 9952 6348 838 3329 5222 4587 9758 9312 3832 7859 9627 6453 8637 9132 8077 1776 7367 2349 6241 7321 499 9430 1027 2521 6293 9168 880 627 298 8232 3420 4959 3504 2946 7256 8912 5139 8698 4708 4658 3427 1112 1096 5922 9130 8088 8360 0
