250
0 7134 9942 2379 3786 9807 3702 2945 111 6277 4112 1601 7917 7183 7413 8014 1885 9774 6178 9656 4505 3148 1109 8422 5646 3462 7878 2559 1878 7964 6675 8311 5521 3822 7139 6851 5567 79 958 1938 3116 9364 3681 2030 7752 1738 9520 1937 8026 3398 7198 8261 2608 8493 3878 8710 6903 1041 1135 8488 7909 2241 3483 4263 5061 6815 6359 6155 6498 7595 5037 7361 1260 9476 2598 1942 5311 9575 2810 373 6028 9212 4290 1383 8946 7997 1598 7358 7654 9362 4742 2269 3314 3799 4735 9532 40 8121 6052 6170 8501 8083 1248 5926 8855 6053 1890 8931 2247 8481 8651 5005 5312 7532 3211 1012 9022 7138 3474 8483 592 3268 5621 3481 6112 4169 3344 9541 9912 3497 1129 8011 4733 2362 7545 6131 1151 3218 8635 8231 2826 9135 7670 2210 9839 3292 9115 7959 9848 8267 8896 1143 1473 5264 4922 7233 6345 8536 2073 5088 3498 1636 8518 2651 9609 6740 7380 6566 6514 5204 198 1767 5976 8678 5320 7212 5986 5777 105 5917 4315 1182 4240 9810 2937 8415 9983 5469 8685 5805 5059 1476 5283 8007 9804 9168 8645 1940 5072 1270 2044 9009 7849 2901 1412 8449 8517 1183 1159 8571 8047 5374 8088 7877 1860 8806 8172 9730 4387 1767 1503 232 5885 1204 1893 2019 9050 6411 5831 8348 4545 8187 6014 491 238 4407 7078 4215 5520 5380 3272 9578 7467 8392 5228 2017 96 6163 1842 4065
7134 0 6116 9221 9665 6188 1092 5438 1051 506 2966 9997 6101 3212 3224 1214 2259 4294 9046 7122 5686 6391 5633 288 919 3519 9619 8558 3175 128 8730 263 3580 2484 6737 9191 5516 4243 4531 1227 3000 7603 3443 7220 3008 8803 4188 7324 6863 8743 4319 1080 4691 2977 1262 8954 9876 6293 4408 50 1505 4065 7832 8714 5235 3435 1772 7975 5102 4828 9321 6531 6575 8677 2871 5615 4817 1598 7474 5710 2742 8797 2607 1602 7690 4583 7329 1742 9700 3472 6003 7495 6066 213 427 2264 4892 2553 5232 7930 2750 683 714 3444 6207 2152 5638 5356 5499 3009 9658 2378 5012 6646 4155 287 4537 145 3597 3223 4249 2922 3396 117 9970 3976 2784 5563 7740 2275 6823 1339 1578 1050 4522 9074 192 7209 1469 2066 5986 3174 4602 1654 7157 6161 8090 1351 3306 5899 6039 521 7566 8341 458 8812 1110 5006 3085 5848 5998 2866 5068 5526 1189 9260 5391 4517 561 7607 3732 8405 7020 7759 8635 9900 4811 8293 5722 5202 6959 152 8221 1010 6359 2592 4960 116 1059 3335 6985 6976 3542 3787 8262 5076 4037 1668 9425 1853 209 6052 7246 7124 632 8201 6191 3765 6353 7053 1631 3178 6716 3764 6900 2380 4642 6222 739 9331 9110 3959 2727 4688 8376 9223 6816 1606 9150 4234 7249 3386 5355 2490 9061 3541 6346 7991 6299 4534 91 6347 2692 9205 4454 1268 504 189 6845 881
9942 6116 0 5049 4709 8387 3188 6513 9791 2948 3426 7203 731 9608 5582 3042 1527 8902 6505 716 4669 8254 8302 4259 48 1355 1264 6360 3238 8354 6032 205 7849 132 7459 6206 6416 9828 7588 1326 6351 4819 1376 6813 4778 854 4470 4542 8688 5858 6250 2828 28 4486 3302 5198 5363 2719 7112 2829 463 2531 4754 3274 3830 5735 3614 6051 1489 3083 7002 6784 2794 4302 7369 4249 8943 26 4354 83 7578 6996 6077 7588 3877 5366 6974 8057 9215 644 7600 1517 9663 8379 3536 3090 7774 5031 2735 3775 6848 1877 1767 895 9321 1799 8022 7695 254 9788 627 9487 923 6836 8508 5514 3380 4498 9362 3436 1664 4047 2661 3072 4965 1558 45 251 4720 7564 5896 2599 4582 5320 4853 4089 2973 9867 1255 7120 3100 9941 429 7628 5129 6142 9812 9140 6926 4721 7120 5345 5439 8131 6520 2091 2772 8449 602 3171 8577 9842 1935 6501 4383 1118 2552 2047 7271 8201 9540 8401 4659 9207 7215 7816 8685 3855 2397 3028 5499 9521 103 189 4711 8049 5081 4806 4051 1226 4458 1261 6314 6102 798 158 2592 3128 8904 8282 3385 7668 7503 4129 9203 4429 5144 9893 1684 7271 614 5968 6975 7117 2694 5859 3771 1482 2450 2486 4204 7439 4925 5840 8372 2683 5878 6737 8334 2130 6089 7439 9860 5729 4651 8641 4573 3058 2693 4308 3380 7457 1342 2936 4584 2623 5140 4123 4820 3908
2379 9221 5049 0 6226 8276 8929 3669 3823 953 9963 2518 4383 1514 8908 1056 3951 9198 3725 1770 9523 828 9147 6528 800 8712 8346 9327 7284 4747 425 3421 4642 8003 1274 765 6078 5676 1848 7083 479 3796 4746 6330 4256 7738 9983 875 4528 4236 6898 61 8696 9828 5943 6942 814 8717 9117 7946 559 7266 3403 7456 5502 1550 4387 8092 9750 5705 7325 9251 1306 7570 4880 5518 4197 2730 1323 3052 5795 8681 6946 160 8932 5122 5585 5946 9583 110 196 169 8200 8961 8697 3136 992 6417 4660 9768 9197 1980 977 3658 6495 7166 9058 5923 558 9650 495 1645 11 1672 547 6839 828 4231 7519 7461 1435 3278 8779 6553 5092 1499 9951 9087 9169 4194 6579 1881 7401 6626 5710 9372 4208 5241 2195 7888 5282 5350 6292 607 6083 7478 732 6735 2053 9 9585 7003 2269 891 3865 1469 1970 2240 7408 1539 5554 8299 6594 5236 5110 3395 560 5377 6608 2201 941 7397 708 1741 3133 2022 5778 8887 625 1292 9633 7368 9152 6332 7543 6862 6891 1236 6270 7429 4559 706 3349 905 440 10000 5513 8214 5994 1933 6578 4242 736 2800 8902 5478 6252 7984 4440 2428 1064 1879 1367 6711 1663 6732 4288 4499 6984 5060 5595 4090 6514 9100 8773 379 1115 4535 9155 1319 2331 3220 7055 6317 2870 590 1913 6835 9194 1793 7809 3760 3003 1253 3411 9272 8017 1238 7289 6313
3786 9665 4709 6226 0 7785 646 6651 2804 4960 9505 6154 7847 1378 1469 3471 5569 4656 2651 7988 9405 7712 721 8576 3217 6119 7504 1766 3952 1427 1942 3263 3672 299 2798 4571 6129 8881 7902 178 8556 9997 8714 3941 2731 3418 5327 8563 8555 6366 1633 6875 2863 7256 4874 8225 238 2478 1143 1793 3347 260 4733 4175 2712 8686 9268 96 9872 7438 9627 6469 2292 5885 3317 5343 4406 4794 2749 7824 6365 1638 1576 9171 5681 4097 4920 4183 4020 9767 6940 5398 296 9340 1360 4977 6401 7010 2185 9025 5233 8502 3157 2266 5546 6368 1471 9134 2152 6171 2820 6438 6393 9626 3376 987 5187 7389 9513 6348 9577 5852 3894 2062 4226 5643 5865 3666 5891 6155 8401 7201 8412 3460 3407 6047 3351 1758 8924 4134 1090 3817 4549 50 8581 3437 9719 3105 4898 2021 3656 296 4243 8458 1329 3188 9265 2349 1523 6704 6849 2134 9321 6026 2343 6808 5855 1606 9301 3723 8509 792 8691 5024 4098 9087 3464 4124 5871 6939 2403 3065 7837 7826 6659 2447 5851 1917 4455 2461 6546 7244 4392 6329 159 5816 4894 6571 2442 6888 9041 6779 367 1934 1274 6943 9246 803 4070 6818 5142 2228 3424 8284 9742 8700 9673 2730 9760 7233 5867 2761 1986 4925 8444 6157 1918 7594 9023 3765 2008 511 6337 4358 8834 6021 1309 331 2128 1433 2005 2590 9187 5468 651 8449 1920 7599 5878 3935
9807 6188 8387 8276 7785 0 6970 1696 5660 7338 9611 1357 4557 371 3727 2922 3442 7 7103 4377 8663 2429 3266 4611 6092 1368 4273 5092 4679 3398 8094 1946 4550 4423 3215 7859 2714 6760 1131 5591 547 8207 2708 728 8519 2288 5225 8990 5939 4080 966 4912 7306 2932 2008 5467 5060 3886 1714 4970 3055 3240 3426 112 3801 6456 8988 4014 626 6958 2245 8111 3777 4776 564 7968 2229 488 1089 1033 72 2223 8160 2648 1614 7890 2684 1204 7176 3502 2713 468 7294 9638 4385 276 3428 9606 2654 7118 5932 8772 1217 1119 6865 9239 7466 531 2841 3854 59 9060 6432 4815 7903 6984 8908 7879 5413 9623 3254 9620 7368 6930 4483 7478 8273 6789 3995 6314 8121 3766 8316 9427 7059 3913 2773 8762 4305 8034 1065 2937 6722 6188 1664 3050 8239 9158 8737 7771 9468 1506 7022 7314 8776 8565 7217 2409 2441 5615 3700 1328 9406 3349 251 9052 4490 7026 9357 5738 5708 5508 7658 1721 1230 9614 8011 3353 555 3238 5907 9758 4480 7684 3089 6448 2309 728 6028 2613 4406 7468 736 6423 8415 5601 1404 6350 6584 7862 9565 4590 8484 4961 8149 1158 7468 5229 1454 2581 4964 1975 3483 6796 5870 2497 128 8430 4860 9668 8622 7545 2012 4339 1845 5468 5692 3031 5183 1737 1256 2776 8562 7604 5674 2845 6028 9300 4143 251 8837 4662 2698 918 611 5333 1276 1555 9254 9984
3702 1092 3188 8929 646 6970 0 2692 6501 5013 9637 9103 168 5729 2434 7731 1322 557 2827 329 499 1969 3056 5456 3007 9709 5115 689 3199 3757 1487 4282 200 5601 9422 3185 7840 5187 6465 6614 9017 4533 805 7632 3482 9880 8888 8091 5503 4394 7909 4073 2825 7600 4032 2391 5810 4977 8350 4128 9951 9973 2739 6437 7599 9245 6694 1548 1789 4503 5768 1391 9903 9457 4763 268 3739 7476 9249 9822 9157 6503 6705 4006 9168 4566 4480 8420 3983 8900 2461 8472 5384 5019 2109 770 9042 8963 7569 9098 1899 2575 5697 7578 4735 7833 7268 3779 5026 8550 620 4755 6504 8343 9003 6479 3957 8799 3949 2170 6405 977 9771 4923 6910 8836 8343 6288 9203 4002 749 2211 9217 7473 3353 3627 7985 2384 1473 2618 2452 43 2716 6725 4330 2266 7232 7730 1621 6582 6659 1120 2236 5413 1045 9628 1604 4711 9609 1502 6812 5446 2807 4519 6059 6121 8478 8247 6841 5239 2567 9741 2205 4515 6058 1722 1261 4476 6895 4155 6433 6487 2910 5734 9840 3673 6457 5046 6626 4364 9160 1888 9546 6436 1157 8727 4222 4233 6475 6764 6786 9798 7217 8413 9830 9627 9717 740 852 3849 7202 1669 5434 4829 4320 8181 8213 4497 7427 2630 9367 584 6271 2599 9956 5303 4271 7851 4219 3583 6502 5336 7568 1000 3071 8910 3896 7194 8779 998 9820 5274 8332 4963 6260 2305 2034 5167 3372 7100
2945 5438 6513 3669 6651 1696 2692 0 9631 4311 9838 8340 939 680 9945 6681 3804 7151 2904 3659 4890 408 668 948 1075 9759 9658 6510 7930 9091 7826 111 4194 9456 5467 874 887 4554 3156 8487 4687 5904 8248 1964 556 3560 7432 215 382 4380 1819 3732 1882 8454 111 6707 5211 2105 1452 7510 3149 9723 563 1687 8288 9513 5793 6482 2144 6667 3304 1974 1681 6485 708 7416 7240 7911 5837 2500 1404 4582 3346 6307 8488 3293 8958 4011 4998 6253 5520 1409 5495 1347 3888 3450 6520 74 8111 4035 1204 8092 4608 1960 2692 7827 5574 4293 2917 8225 419 5379 4182 6763 4903 4275 2527 3168 9695 6038 8905 2548 6976 2703 6373 5232 6643 9769 5795 2585 8498 1593 7752 2950 5645 7430 1295 300 5287 5478 6681 9539 6540 8797 2756 8088 1533 2213 2129 6484 4515 9203 6828 702 1417 9367 3897 7019 9186 9650 149 9714 8347 9740 4246 2604 6685 3925 669 2673 7228 1392 2314 7744 5132 897 3796 3423 7991 7692 1177 2251 8397 1350 7734 4012 9860 1407 5601 9601 8837 2360 2872 5174 2368 9088 8767 3413 5284 7665 6234 6411 1040 6750 1794 7992 6811 5600 5164 3395 8770 1082 1472 5554 5733 1363 3032 7297 5519 6158 5845 5952 2438 2070 2677 6210 1532 5073 9337 8392 7810 8506 5871 2889 2323 3498 592 8112 8284 6709 6924 9966 8710 1180 5813 1329 7081 3473 4767 9379
111 1051 9791 3823 2804 5660 6501 9631 0 5896 4581 6268 1980 9562 2265 980 8075 5062 7106 6771 7616 5366 6752 507 3966 8779 1731 6321 4981 4822 8837 1120 9337 1836 1844 5513 2653 5237 8108 6251 3092 6161 4586 6534 115 9870 4445 1261 6935 7982 4885 131 1112 7669 4420 264 9224 893 1876 9214 8238 9276 9778 5909 5377 9568 6153 2477 4145 3284 9129 4712 3462 7838 2747 1270 221 8683 8149 9125 4564 9135 1485 3487 242 2272 2765 4159 9037 6103 7488 6658 4394 9420 1500 2696 2429 5718 1689 9950 608 7756 6304 5638 314 7725 2735 4570 9544 6275 5176 2885 5752 4898 7426 3885 783 3464 2959 3417 5414 9793 9434 830 6209 2327 6398 2669 7469 7392 980 9608 3211 6204 3574 1040 9301 757 6987 8348 5854 96 456 1445 7197 4664 9976 4471 4973 6743 8263 3701 3558 722 4831 8867 4240 5825 2684 3487 9877 3756 1354 6070 8071 1302 3766 4495 9486 5763 6181 285 7001 9249 6951 3176 2131 7271 130 6921 5228 38 5105 8780 7857 6452 4959 1242 5149 7449 5466 3916 8705 2276 2792 6823 9250 604 4091 4098 2026 6827 6255 5542 8434 4967 884 340 6049 7048 6762 646 5063 3988 3271 3069 1065 9508 4268 3845 1337 9927 734 2026 7245 6009 1698 9615 6851 9244 5778 4863 8319 8528 4125 5845 7964 9591 4446 8289 3616 961 5962 8233 1186 6 3771 4021 442 6125
6277 506 2948 953 4960 7338 5013 4311 5896 0 2246 3246 3610 5024 1578 260 1451 3366 23 2191 3737 9272 2883 6172 5517 7277 8602 7224 232 7480 4171 4557 9434 1353 3304 4564 1350 221 7194 8476 7847 9181 5304 9460 1938 9061 1042 8564 2036 9247 1362 1743 5589 6056 6191 3519 5808 1944 5141 2626 4893 8840 3638 1205 6638 3296 3173 8746 685 1909 4126 2025 1137 4500 4097 1979 3736 7224 2213 6427 989 6386 2048 7646 2941 92 5803 3329 7126 3543 5669 3238 2611 2634 5567 4420 7166 967 8226 9016 3414 9066 3967 6220 6555 3035 8768 4384 3352 5658 9861 8529 6063 7043 5058 3817 7662 3586 3677 273 7 1312 267 1094 8012 3822 2928 2805 4155 4734 9926 4310 9679 2809 8220 5957 4512 1183 1510 8615 5062 9014 337 9750 5126 2556 9873 1939 8507 8601 837 3871 214 863 6621 672 3364 446 5883 9214 7062 4731 3846 8921 1161 6279 5725 300 313 758 5078 3893 6716 7574 4903 5232 9838 3409 6150 3303 9695 1915 3778 6531 351 5958 8034 499 7848 3496 8463 8178 99 5986 3578 9285 9386 4742 8894 3969 7221 3137 7155 1451 1443 761 8298 1485 1229 574 4457 6025 792 993 1398 6694 6690 8531 5319 2854 1410 3956 9937 8447 2749 7038 2543 820 8846 5646 4407 7997 5812 7652 2417 3748 2752 7960 7128 3642 7674 3805 1655 8306 1065 6915 7685 9099 6049 5643
4112 2966 3426 9963 9505 9611 9637 9838 4581 2246 0 3653 1947 5642 3872 3444 5145 68 288 5452 3405 2290 3548 9778 1226 2775 4540 6635 6882 6341 1202 565 293 4195 4959 6416 2756 7723 124 1100 8484 5713 661 8216 7704 5286 2452 8420 7147 3149 7439 9125 5427 6484 1592 7371 9276 2349 5624 3690 6161 7693 2498 7362 9638 986 945 6740 5044 178 8034 705 3863 3670 1134 9825 7753 1395 1100 2186 2294 6987 2885 7969 4208 3293 8990 5267 8091 7619 9745 8649 8373 1875 6533 7291 9801 4666 9158 58 3513 361 8113 2623 3687 6707 5172 834 4073 6872 4472 495 6558 4364 9179 1356 4199 7251 7927 2445 15 7329 3031 8740 1574 6114 1396 5472 2155 9064 8785 5350 7583 2397 8982 9692 6291 3464 5452 1842 7541 2169 1826 6479 8820 4437 1817 4371 5624 1379 4849 1070 2336 3564 4013 851 2658 1502 1803 5395 1142 6390 5276 830 5195 2597 2877 7852 8304 8143 5590 3977 558 1614 6452 1255 5302 7047 4621 4724 5208 9506 2682 1992 1869 4436 1883 8095 2456 5571 6443 5008 8914 7687 7094 7225 6414 4156 1292 9595 5279 2565 2773 9824 6897 7784 6423 5504 9648 1173 1755 6885 5867 4402 7869 9525 4724 150 935 5888 7220 222 7830 9732 2081 4370 5203 2157 960 5080 3738 8346 7413 6623 8749 3023 6530 6309 8260 8105 7702 2801 2646 6538 1333 1891 7368 2085 4876 2308
1601 9997 7203 2518 6154 1357 9103 8340 6268 3246 3653 0 5369 1536 8464 8731 9870 473 2435 4180 7599 6761 872 3037 4016 7769 5424 352 1822 1633 8672 387 3720 9512 880 7867 4902 2929 2669 1577 5166 51 594 7307 2417 9085 9913 5610 4093 3414 7677 1016 6137 1061 6425 8853 3480 7253 4937 7914 3011 1661 76 6763 8626 4958 3800 5566 6598 1529 7595 5494 1343 3232 5706 5158 8845 3722 8211 6836 4184 9795 7570 8594 74 925 181 8360 6131 9232 4232 8551 532 2984 4553 229 3344 6845 7966 212 2590 4679 3130 4863 3735 1333 3438 1241 6420 3271 8224 1597 7283 8786 6121 7458 7411 9036 849 6614 7252 6162 7637 35 8666 6491 2969 8557 1731 8914 6000 3003 7333 4783 8389 2973 3724 3018 165 4230 1395 6694 2942 5822 7515 1897 4060 7848 4547 5648 4908 4056 3427 156 4742 6171 5978 9144 2063 8160 3139 3147 9790 7010 7917 5589 2092 3211 8305 2903 9264 9813 3872 129 3657 9591 7432 8943 7393 3230 3912 1397 8835 8532 8760 3874 1659 294 7700 7956 5328 6416 7533 2019 921 4468 8914 3560 4885 730 4119 1646 6813 9373 6845 9205 1040 101 4723 2539 1100 4588 4938 770 9656 5342 6129 827 5012 2246 658 534 3081 5349 7718 9597 6267 7542 2251 6737 3512 7282 4207 8764 5586 7110 890 7330 4691 796 3022 9873 2101 6634 110 1113 8358 4504 9702 1320
7917 6101 731 4383 7847 4557 168 939 1980 3610 1947 5369 0 9664 2962 9144 2876 4649 379 250 954 7836 4053 6203 1134 3825 805 4435 9388 7335 9904 6828 9125 5648 7352 8187 8157 6603 8281 322 3729 210 2409 3099 9264 8170 7974 9714 389 7655 8137 9255 6437 2811 1773 1973 1920 7674 5300 1851 7119 2474 1390 6459 8774 4531 7437 7809 5029 5814 7188 6288 4452 2528 7999 8216 4822 2159 3961 3368 2386 5331 7248 2849 1169 7449 130 3544 6371 5838 4661 4445 5919 5157 8595 5842 1457 5161 5556 9143 7686 8063 4848 7046 3474 1809 957 5674 8669 7563 5055 2953 8598 6636 7145 2290 4251 1757 8272 3061 3693 4263 9833 817 1008 17 7554 9770 9951 2597 952 8545 2293 2073 1688 3571 79 1165 4556 8226 4928 2119 9837 7652 122 1470 5386 1636 6427 3373 4469 5964 4397 2606 5133 3153 4745 2441 7260 353 7976 5149 7642 5943 1685 1610 2834 3437 4406 3889 7160 5006 669 3016 2695 6018 8186 2000 3888 9087 8872 2002 9475 3866 5284 3788 9505 4016 5540 2320 2897 8588 6894 913 8108 9034 7940 9221 6086 391 549 3733 2422 317 5710 6031 8317 1889 6950 6977 3692 4368 652 6466 8325 7924 3859 4748 5614 6934 8976 3487 2806 9950 1798 8161 8098 7280 5697 3481 9685 5401 5601 8113 8000 7741 9231 7033 9969 4294 8591 5895 5506 4134 4905 9181 7454 6950 1337 963
7183 3212 9608 1514 1378 371 5729 680 9562 5024 5642 1536 9664 0 2460 6967 9361 3432 1298 1532 3851 4642 1317 2421 9075 2156 6943 5569 6972 9727 9758 1909 297 6695 7858 6403 82 598 6026 9622 4118 5756 1277 4126 7102 4591 6148 1846 3733 776 1582 6262 5977 9596 4321 4793 4764 6400 8980 6884 2466 5611 6355 6713 4870 2590 4097 7145 2981 645 533 7772 2547 3647 8704 3935 9572 2254 3972 3303 1241 7112 7907 710 4883 2019 885 3823 4488 1829 7610 4084 9693 2560 968 264 8164 2735 6212 3561 8733 6848 4847 3792 8617 4386 1608 6010 6221 6191 5365 5712 8404 179 221 1238 4479 879 6650 5321 880 494 128 7574 5987 9517 6338 5460 229 414 1683 3040 4239 3601 1163 6013 55 8552 8557 3343 4834 7524 9391 186 8166 8898 3025 4802 2330 4245 6767 1194 5304 7050 6163 8193 818 145 7729 6505 9926 4433 9782 9475 7979 8017 3557 8322 6940 712 2057 2715 6056 2565 1697 1851 6239 7557 7767 3055 6533 9505 4253 8522 9935 8873 546 3904 137 5059 2197 5656 9943 1715 430 697 3586 4307 7159 1862 8487 7015 4100 4997 7531 1664 4587 2089 1579 1401 6730 9899 5786 7610 8319 314 1169 5502 4218 7175 2224 3493 6791 8266 6190 3306 2517 2750 1010 7928 5018 4280 1422 5189 8105 4376 6128 1478 3544 1059 1757 5534 3956 2181 9613 5987 6615 3679 9609 829
7413 3224 5582 8908 1469 3727 2434 9945 2265 1578 3872 8464 2962 2460 0 4465 9353 7367 4326 1375 4724 4167 7551 402 5358 5089 622 429 5753 4886 4680 3054 9586 2856 9009 4976 8863 2647 2556 2505 3708 5325 1910 6963 32 2695 1691 437 900 1744 5725 5947 7025 2885 1832 4413 6611 6810 1969 6507 1180 8627 5078 6949 2911 3060 3202 9332 1459 4707 8063 4976 5978 4371 8063 9648 9037 1079 1831 5797 6778 7774 9742 8013 9453 1836 9890 1094 8817 5187 6160 325 3024 7404 3341 9907 171 3354 1849 82 4023 3675 7853 1538 4777 6458 7711 1531 9085 8771 7631 8568 4765 2536 6909 5887 1463 270 218 8183 6194 6944 8564 8698 650 745 3458 5194 7636 5089 4631 6443 9720 8960 6145 5842 5589 5994 8625 7022 2696 4017 1818 4024 8821 298 1399 684 5951 4598 9009 548 1625 2336 1468 215 4134 3464 217 7450 399 210 3429 1618 9103 3397 791 4819 3975 2507 1977 3501 1287 531 5264 8294 5647 864 7749 91 9157 2092 4795 6583 1720 8639 7264 3444 4772 2166 8177 936 9945 4754 8905 8796 6977 1133 4217 5865 6881 7361 5925 8266 2733 9780 5629 5459 9248 6334 7523 2172 1208 2454 5914 977 1808 8488 7645 6812 1083 9352 2681 4689 5774 885 6316 7994 4242 6828 9848 5388 663 8433 5411 7262 4850 1020 6459 6031 9554 5797 9771 9862 1102 8318 9045 4506 5370 2290
8014 1214 3042 1056 3471 2922 7731 6681 980 260 3444 8731 9144 6967 4465 0 3999 4881 209 1608 5409 2774 8076 2360 3757 3476 3464 8240 3855 1016 1302 2914 48 3959 5049 543 3459 7988 7759 8118 2584 6823 3410 1130 5571 3618 9674 2581 8529 1919 2435 3481 4502 926 7600 1001 9968 2195 1793 5176 7339 4954 1781 8120 6399 5709 4940 3131 9199 2576 7934 7738 3031 8899 2487 4420 9074 8775 6964 3361 9540 351 6260 8376 4906 5032 6787 3057 332 6458 5321 3830 7105 7788 4653 2448 931 2487 918 8244 1938 6926 4145 5669 9309 8001 2322 3212 9136 2261 9225 871 1594 6825 7531 7753 1021 6896 9068 2331 4168 8841 5612 8924 2044 6798 4254 8316 4416 3554 4834 9681 5218 9128 3044 5671 4118 8226 3013 8491 5172 8948 510 3270 2759 7696 1867 1333 9591 3493 6468 7389 8346 5375 4895 9142 3986 9317 5707 1877 114 8489 3864 1859 7982 9800 2291 9776 6406 7933 990 9295 5409 3323 5194 175 9887 5398 1204 3314 5553 8916 7471 7601 7662 3025 6721 4272 2618 7732 201 1334 6848 2917 6700 5946 7415 7832 642 9563 2300 2063 9016 2138 193 7748 4442 4441 3846 6076 2340 1509 8539 8686 6927 2646 1739 1681 9743 4604 2078 9783 5744 9746 2872 6265 5680 9113 9396 5204 924 5540 8770 2402 7642 625 4354 1274 1203 6948 4954 8953 9320 815 3958 5553 5591 3772 5992 2030
1885 2259 1527 3951 5569 3442 1322 3804 8075 1451 5145 9870 2876 9361 9353 3999 0 8864 494 2174 1113 7959 4136 7377 2278 7048 7953 8754 6791 8489 8904 2181 1673 394 9042 1777 1397 5098 5950 825 2654 6121 827 4254 7934 8569 9630 263 1120 5905 5903 3730 3351 318 6363 1333 4663 4753 8122 1648 2165 9091 2836 1175 6010 3473 2738 7746 6166 2087 2136 5136 9615 3963 5075 4684 548 656 5128 8491 2184 4817 7460 9322 4073 8012 8282 6341 9024 4111 5128 2401 4825 9468 5967 4739 4606 9330 8899 3844 322 6118 4348 625 6688 9697 1692 4155 8535 4602 7401 5728 1588 9652 4597 6295 7737 9902 2091 4148 9381 867 7645 1170 6345 3633 3654 1159 7497 4539 161 9102 7414 3995 2173 5127 5502 7906 523 4241 6605 7200 8171 8246 8147 9384 2506 3481 1383 938 3821 3765 4903 7724 3279 7443 2953 8410 2873 1715 2857 3313 9580 6170 3546 4503 2717 7695 2676 5451 2836 4042 3907 666 6477 8924 6848 7456 5594 2877 923 3461 230 2672 68 5222 9434 5540 7856 3673 655 2707 2825 8477 6564 1797 7149 3124 7549 510 1533 3027 6443 399 579 6709 3207 4227 8255 552 4582 3187 7418 7168 6997 5254 3460 6441 7929 6797 907 8421 599 9333 5575 1230 4416 2216 4674 9106 6472 2638 6055 5883 2866 4128 1859 5192 765 3178 685 8224 1558 9362 5992 901 502 6738 4101 2484
9774 4294 8902 9198 4656 7 557 7151 5062 3366 68 473 4649 3432 7367 4881 8864 0 8233 4283 7104 9531 3296 3981 5452 2937 6193 1676 4463 3284 5683 9406 5294 8747 4889 6125 6033 4434 2334 5613 3761 6547 2037 587 8067 3781 2991 8075 5821 3794 4198 1127 8284 5928 5713 1540 7496 6336 4187 1606 5098 4758 2286 5895 4866 2101 654 9753 4010 7063 6647 1151 2031 6358 2017 4593 1352 430 7923 1973 3455 7647 9443 2841 611 6234 3844 260 9459 8959 9700 3716 5605 46 2108 6045 2078 893 7799 1194 4527 8696 6845 9616 9285 815 515 5392 1521 5437 1656 4207 43 5253 633 7920 6069 2992 8736 9560 232 6605 9794 4932 8596 345 7873 2138 9126 2032 5998 5478 6182 7863 7191 5489 1740 6392 6686 2381 866 7201 9996 7161 5958 4051 527 3487 9253 1075 3183 7789 7590 6833 6752 7673 7414 7652 2494 1898 9705 1399 5298 257 1400 9362 4975 3469 9520 4006 3350 5994 1629 1830 773 3375 4300 4348 8049 8605 7082 4318 90 8118 5361 3650 4084 2166 2177 7872 3791 9456 8451 8892 9609 5160 2422 9488 9839 7845 5964 3627 6681 2270 6820 5980 3849 2305 6393 9243 5918 1642 9110 5441 5264 6210 2756 8388 7165 608 9148 1997 2234 8811 1609 8653 8801 1282 8191 9896 5686 2330 513 9112 5610 615 4183 9442 8410 1151 3582 131 1754 8032 7822 8467 5588 3703 9728 8713
6178 9046 6505 3725 2651 7103 2827 2904 7106 23 288 2435 379 1298 4326 209 494 8233 0 5526 5717 2202 5747 8678 8580 3651 5580 8309 1878 2894 1598 3692 5283 4186 5551 6357 7330 6959 6448 355 4280 6423 5605 343 3341 1872 237 4005 552 1112 4122 8966 1080 9665 460 4999 4185 8131 2293 3326 5816 530 4522 2784 6481 4634 5627 9508 7879 4180 8526 448 8281 1397 3469 9240 9999 9054 4456 1253 3451 2482 8849 3730 8084 6507 1899 6611 1464 9821 4924 9978 3455 7493 9084 1265 7723 2285 7848 5279 3155 8698 8754 3612 457 566 7150 2861 6676 4310 5903 2258 5363 7124 7813 5240 4490 88 8140 3518 7633 7661 5417 5113 1283 7452 798 2300 8216 5023 8178 2307 1972 1703 5092 6499 9054 4780 6368 9748 8421 8798 2566 7828 2883 3566 8636 443 3831 6034 1605 2559 3621 7877 6554 853 7342 8957 9197 639 657 5314 2431 7802 4537 2390 6881 280 2264 6468 3534 3490 2524 3856 7798 2414 9278 2953 1466 1135 8200 9590 2786 1154 3967 430 77 423 6248 8292 9144 5030 156 8180 4835 9968 155 2939 444 2160 5532 4057 3834 3303 458 292 4945 4986 4517 1847 979 6383 7277 1083 6898 3770 1013 3461 6574 8276 2420 3560 1494 1745 8247 400 6819 7917 2584 1947 683 5674 2760 4916 6365 4162 7378 2642 5197 2283 7666 8316 3838 300 608 4201 2180 1007 3559 7546
9656 7122 716 1770 7988 4377 329 3659 6771 2191 5452 4180 250 1532 1375 1608 2174 4283 5526 0 2747 168 6407 99 5613 3887 9379 6979 2360 9652 6194 567 2257 9156 8926 2658 1171 3124 8196 6970 7963 9704 1349 5137 3045 2004 9057 946 122 1521 8328 2224 1447 6929 7028 2710 6934 5090 7481 9166 9273 2096 9085 1485 5066 8250 4654 3171 8030 5131 7800 5185 9975 7559 3084 1379 9517 5722 2768 2901 3455 8003 5579 1319 9276 6519 9523 6461 6106 1305 6410 8726 3822 678 8371 5627 851 8890 4500 3612 8755 3628 8487 9812 8247 4994 6584 6121 8430 356 4150 4950 4589 1215 7746 9730 5940 12 5727 7420 3813 4811 8434 7710 9888 1072 4738 4130 7271 8875 3661 8145 4288 7354 1656 2087 1294 9545 9024 746 7666 585 1513 6198 5629 4052 524 6130 6732 3183 5320 1588 1171 7583 1527 7892 7349 7540 5260 4680 2321 6085 5785 509 729 8324 2723 2149 3817 4595 4269 1343 7408 9899 6718 1685 6433 7416 1233 5058 3582 6343 8375 5166 938 5491 3105 168 7525 67 9849 4908 7560 7467 3664 4011 7176 3995 8690 1428 3256 9287 516 3450 6157 1929 3655 2761 8642 7349 7568 474 8728 8122 256 5630 9883 7664 4204 8746 9294 3950 4331 2725 7336 4678 132 2344 2708 8873 4965 2831 1528 4566 1466 720 9913 5267 8805 1435 6672 6824 2601 9960 8545 9407 249 900 775 5840
4505 5686 4669 9523 9405 8663 499 4890 7616 3737 3405 7599 954 3851 4724 5409 1113 7104 5717 2747 0 5018 6818 7725 7853 6965 1268 9258 5934 3536 4747 5127 4361 2653 6632 1010 3865 1326 9222 5849 383 9087 6989 5364 8640 6727 7712 5071 2794 5752 297 2259 5309 5150 589 3132 1803 442 6777 1138 866 8131 4906 639 1324 74 5499 8218 7143 2180 2387 3433 4158 7211 284 2290 1517 5304 7235 8191 658 552 2489 5381 5077 9841 4484 8849 9420 4474 4593 5930 9881 6637 5455 507 9056 6808 7536 5134 7179 6407 9854 244 3672 9840 5382 4418 6640 7335 1918 3949 5974 9064 8198 5225 7759 2715 9055 9053 3194 1655 6891 6764 4686 1518 9162 1032 8952 4838 4 9155 4843 6799 3442 8974 6233 4507 5680 8321 9539 2607 4662 6816 1868 4251 7751 5446 110 25 1384 6671 146 955 476 6506 7573 5433 2176 6888 2952 4924 3323 5815 3425 5363 8528 5700 4540 5807 3350 2471 901 876 6760 4386 4397 5741 5367 8078 3699 7506 4650 3089 9164 8194 8682 6584 7799 5954 6035 180 1932 4299 4231 5437 9740 1554 4705 8236 4268 8345 4175 6508 8905 5357 636 2812 9491 8511 2756 4137 3147 4849 8446 2301 4016 2175 6616 2746 82 8827 3794 1874 1477 9792 4759 4422 7659 1104 477 6562 354 8305 2655 8847 2969 6882 5528 1673 1144 1409 7208 844 8204 3444 7669 8478 7390 7063
3148 6391 8254 828 7712 2429 1969 408 5366 9272 2290 6761 7836 4642 4167 2774 7959 9531 2202 168 5018 0 4287 1020 7553 2178 5073 5585 3678 7083 9743 4742 5052 5598 9557 5467 3090 2745 2165 3839 8399 8737 83 8520 6980 915 4528 5964 4514 5049 3233 8724 8122 4309 6260 2297 4503 2457 4558 7931 4230 3493 9002 9032 816 5131 8344 3138 9436 2900 8236 4248 6480 1542 4895 6354 5149 2879 3877 9492 1454 1768 8802 530 3096 4260 7146 5205 7042 5276 2859 9274 6691 7075 8905 3491 5702 1262 7357 3564 6645 1839 1207 2769 2758 5673 903 1875 8326 9580 7059 1754 9649 7287 589 8890 2090 293 3822 8212 392 5750 1131 9852 3589 3746 1852 9077 5767 1161 2372 9589 2752 9312 2816 3828 459 5621 5508 618 2616 1191 4052 7415 2947 3756 5784 210 8745 4211 1297 3609 1155 3927 3614 3484 6480 1137 4617 8035 7706 938 4631 3633 3143 9741 9950 9029 770 8960 17 6037 7082 2289 8841 6173 4881 3126 8669 3580 4570 6828 3947 898 3472 3073 4119 6810 8836 9680 7697 1639 9215 1394 2441 2977 7101 9194 2829 1673 957 9401 8877 5511 1100 9772 8772 7882 7400 7728 9945 5548 916 7680 1379 2513 1606 2196 1274 2626 8444 5959 6460 260 4139 7118 4713 4944 878 7435 8355 7581 4166 8067 6240 9782 7181 9383 3552 823 4203 2735 9678 7609 7913 3027 336 4966 2020 2406
1109 5633 8302 9147 721 3266 3056 668 6752 2883 3548 872 4053 1317 7551 8076 4136 3296 5747 6407 6818 4287 0 9006 7132 5639 8680 1038 1925 9152 372 5857 413 6701 1022 9849 7463 5603 3276 6732 1077 5231 880 2024 8229 8087 1569 1694 9965 4371 7651 1544 5854 4244 2007 3966 6462 2023 8646 2778 9249 2461 1779 8444 904 688 1706 736 7823 4494 3738 8663 8686 7912 9808 7505 4467 9024 578 7753 853 5924 2246 4546 8895 372 6007 5354 3977 7871 8083 81 8369 1604 6714 5448 8845 15 4119 147 8614 2963 4186 1875 660 2117 7175 935 1605 3296 6521 2074 8871 9650 599 5341 9392 5777 332 7003 1111 5258 4633 3688 1762 6387 7355 8809 3149 573 3900 4160 6948 3955 7136 5482 4450 1310 43 8889 5135 8136 7775 5572 5288 7260 1251 6333 5206 4693 6779 773 8130 4125 1016 3797 1478 9048 5585 3963 9139 6749 6758 3904 6361 7037 7348 9207 6390 5333 6098 8967 249 2004 6291 6581 8589 9982 2984 9272 1990 2303 5182 9865 2247 9604 1072 7245 6076 1301 5500 2851 4683 1791 284 7207 6415 3692 5848 4163 1417 1053 7322 9271 8408 4668 3008 7176 451 1068 2529 8490 121 1520 7829 8018 6040 2208 1056 4423 5746 6769 5802 373 287 8824 273 2672 5522 714 5083 827 2287 4326 7554 7829 2595 1725 9540 3225 2241 2120 9792 3290 3113 1876 6399 6558 3412 8024
8422 288 4259 6528 8576 4611 5456 948 507 6172 9778 3037 6203 2421 402 2360 7377 3981 8678 99 7725 1020 9006 0 9140 8057 1595 9468 436 918 6287 9844 6408 994 2264 801 5004 9939 9598 3592 5998 860 5041 1198 3562 8483 6606 3535 1931 988 3545 485 1509 3388 524 9290 415 3590 3417 5124 3195 2622 9122 6340 5763 2121 3215 8211 3862 8810 8507 5420 4789 7692 6619 8967 9558 1192 2308 7513 7503 1574 4400 6072 455 2815 9207 101 4694 3788 5936 951 6096 2725 2484 8619 8182 7168 1430 185 4704 309 9618 1495 7322 3874 3964 2815 5494 4955 3886 8284 5849 4337 2171 7977 9110 3494 119 87 5342 685 9588 8367 8495 6860 7457 9004 4916 8173 1087 6506 2408 2224 7138 2796 5848 1291 8442 4609 6890 3131 1408 1659 7681 1072 2918 3106 536 2258 3376 4560 6132 2300 8055 3615 9872 1833 4061 4958 8119 3590 93 2256 6725 1641 1997 7544 9156 935 1028 5299 4990 8309 2691 5911 3691 6215 2405 7423 6934 2863 1198 1478 1738 5100 92 707 8358 6603 1193 3528 8308 9134 5172 9760 4236 1390 6727 4662 7200 2783 8354 971 1601 4552 4695 2381 2744 1606 4289 470 2966 3922 3022 8406 2420 2967 1384 2358 1977 566 2772 221 8405 708 343 1435 228 1620 5524 1460 4963 235 853 7720 6484 248 3611 1862 7286 7996 7053 7249 3862 4357 8892 5121 2485 2533
5646 919 48 800 3217 6092 3007 1075 3966 5517 1226 4016 1134 9075 5358 3757 2278 5452 8580 5613 7853 7553 7132 9140 0 5382 3897 2946 553 8470 209 3972 8690 7069 2454 836 4643 4848 9907 4651 8612 9704 9989 2876 757 5499 3045 787 821 1735 3405 3145 5013 8569 7197 6946 6625 3305 2448 462 5770 408 910 6812 891 1011 5742 4885 9561 2062 5196 6676 6755 209 3065 399 6827 878 563 887 5650 1266 296 718 4110 5443 9574 4074 8012 3973 718 9424 526 6772 8588 7660 7146 5119 9393 7022 3104 6382 2359 3824 5470 1168 3329 3768 1834 9405 2242 6624 3030 12 2325 792 5074 7052 1934 3035 1065 4190 8151 9678 8844 5906 3817 6247 2864 7564 8397 5814 2208 1697 6164 2605 2485 4733 7379 3957 2656 9906 3203 2063 3399 5618 5355 2939 38 2210 5570 9075 7184 6146 5400 4594 7227 3342 5024 5182 8714 415 6149 5935 1577 1765 5288 5843 1289 3497 629 3781 6448 3694 6396 3301 5653 242 716 9203 5590 6142 7886 298 2887 6098 1801 5718 2227 2741 784 881 1949 8198 7755 2465 46 932 9545 4533 3849 9217 3583 9188 2292 5697 4087 2943 7188 3388 9386 6984 4421 2172 4047 8054 9188 2755 6662 6653 4850 1490 8169 3985 6463 2782 4082 9343 8240 2029 890 400 3080 1783 9968 3792 1703 7747 6595 1143 4044 1173 3742 1299 9349 7167 2543 8885 7410 6874
3462 3519 1355 8712 6119 1368 9709 9759 8779 7277 2775 7769 3825 2156 5089 3476 7048 2937 3651 3887 6965 2178 5639 8057 5382 0 1702 9702 1208 2411 1603 4051 1323 4486 1895 8454 4667 8014 5180 9992 1367 5328 916 1834 4358 7676 6303 3024 4328 5254 4306 6418 2016 7722 7681 8761 2372 7580 3807 9358 1996 9422 1618 5038 8689 5672 509 9848 2988 1857 4528 5355 8693 774 617 1756 136 3087 756 4905 6661 4716 9720 3364 1532 3922 8731 3317 5984 5141 2477 4706 4587 1554 110 7589 7034 9280 6210 8204 2817 2014 930 163 2881 7423 4353 9178 606 1564 3421 4078 8136 5077 862 9811 2678 6680 1242 9100 5358 2541 7099 444 3190 4115 5767 497 4715 975 8850 8775 3532 5800 1465 8753 6723 1174 1227 4472 6411 1774 6103 9511 9058 1741 2712 8769 7975 3503 9577 8063 5735 1340 7317 8921 5818 2599 5771 1768 1933 7163 3961 3412 6517 1977 8388 6339 4261 4301 8452 7704 3012 5270 5722 2053 5218 9928 6106 3038 4216 5796 1279 4341 5445 793 1416 5035 6602 5325 581 4411 7744 2860 6212 8515 40 1666 4762 4091 8149 2391 3339 3015 8984 5207 7498 7398 3886 760 2685 8813 5500 5972 4012 3692 3468 3750 6457 164 6474 3828 105 6736 7866 5475 2664 3107 2950 4148 692 3734 2976 7537 2143 7969 56 7404 5899 6431 9186 8166 9523 9097 1919 8677 6738 6944 9322 9032
7878 9619 1264 8346 7504 4273 5115 9658 1731 8602 4540 5424 805 6943 622 3464 7953 6193 5580 9379 1268 5073 8680 1595 3897 1702 0 1094 898 8897 5630 7733 7236 9860 5380 8858 897 8593 7942 3333 7762 231 6189 4471 7580 2036 1449 1136 5572 3769 4359 9127 6868 5555 3707 3010 348 125 6143 158 7958 1118 3426 5780 4134 3772 5509 835 623 2296 8189 5052 6257 2167 2293 4652 850 318 2228 2990 9193 540 6915 8318 4484 5877 9017 9687 2044 4952 884 6553 1829 3303 7138 4575 8804 2204 6326 44 6627 4735 7345 8970 6728 3696 9066 199 1380 2879 3010 399 6860 3267 5055 731 3642 9465 5474 9123 3364 1889 9810 8201 4536 9058 9341 5596 5444 4271 6400 7292 2476 8085 9705 8357 9047 4161 8999 1688 258 8946 9709 2998 9605 3334 3465 370 8882 1533 9953 535 1713 9044 5954 969 4495 843 5120 3990 123 2420 6519 9047 169 3023 7355 3483 7737 524 798 3507 5328 7938 7354 3260 8362 1446 7284 2045 623 1056 1477 1394 1810 9389 8711 9707 9188 143 9488 6173 2949 2073 4566 6409 5057 7419 4336 5625 4887 3563 9221 9147 665 5884 3282 9366 2160 5816 8849 7594 480 4977 6759 6744 9658 7104 6329 7660 4732 3919 2350 5787 2900 6456 9604 4273 2299 112 9656 8551 5989 3387 7586 5148 8443 7778 1438 9710 4458 1358 2515 7782 4166 2235 4489 3498 1379 8919
2559 8558 6360 9327 1766 5092 689 6510 6321 7224 6635 352 4435 5569 429 8240 8754 1676 8309 6979 9258 5585 1038 9468 2946 9702 1094 0 1156 4583 9370 9561 3387 53 4086 5553 7732 1913 3747 2174 6515 67 5578 3105 431 2889 8073 2387 1288 7981 5668 5428 5749 318 3407 9879 4978 504 1357 7223 6033 9454 3159 4296 8928 9326 7710 3307 4965 2868 9298 5090 1418 3656 5840 6875 3004 6570 159 1076 9056 4667 3396 6926 8683 102 8323 7441 6653 5640 3584 7644 4848 8223 6074 223 278 1560 7855 1862 5364 6672 7137 3570 4644 2367 8948 3022 2937 657 5425 6554 5175 2193 2207 718 7829 672 1962 8080 7493 9430 8948 972 5116 9775 2462 1954 5079 6134 8230 1993 6404 1707 6440 8010 9205 1940 845 3744 4589 8566 5790 4598 998 9218 2861 1866 58 1234 6148 4129 7337 3868 2668 1774 359 7280 9274 9765 8127 413 5929 5101 8802 2181 2801 3462 6851 2588 3116 2697 6265 8327 8584 4642 1420 1712 3824 6311 9545 7662 177 1244 7870 5221 4870 1854 8837 4352 5731 6549 5790 7316 8485 704 9127 1295 234 3113 8168 8821 5514 1459 8927 1067 3053 7258 9867 4900 6760 2442 2528 9159 7937 7816 1433 4299 5990 3845 6741 2511 4212 4817 91 3528 5514 3154 9857 5470 9218 4035 1289 7640 2245 4442 1507 1231 7576 8527 6200 6039 5499 5024 270 1059 6188 7997 3009 9491
1878 3175 3238 7284 3952 4679 3199 7930 4981 232 6882 1822 9388 6972 5753 3855 6791 4463 1878 2360 5934 3678 1925 436 553 1208 898 1156 0 9933 1781 1279 3953 4923 2664 301 662 6670 7708 1777 5360 9648 6948 1570 1435 4100 7510 3028 6406 779 1328 5017 3130 7431 2582 3363 9819 8200 7659 292 2030 6391 5234 4279 2050 168 7119 9795 8558 3047 1456 4814 4776 4575 1235 5440 4514 9652 9648 1516 3858 4957 6550 3952 6787 2600 5476 881 2446 7981 1523 2090 7049 389 3421 5986 4498 5321 5496 483 7747 3121 3207 6226 5846 5159 5924 8157 1986 5949 755 1212 204 5733 3246 1163 6920 2054 9269 1514 8031 3742 6273 6660 5794 3769 6869 1962 4742 4828 8430 3802 4715 9050 5044 9602 7889 5905 2472 1150 2360 3869 520 5825 6125 9284 1461 769 707 7639 1293 9865 7398 610 4026 5177 3401 5298 9191 8091 1205 1618 2755 1482 7847 6805 9025 7676 8552 371 5924 5678 41 3735 2657 7513 5047 8882 4180 940 6346 1637 8380 4592 4981 8559 6755 9520 7835 6171 4021 7944 3243 7466 2694 3468 5787 6833 7515 7259 2705 7818 8215 2025 1795 979 8443 4438 5797 1441 8619 4411 6979 8527 2083 6230 5180 8215 8446 1488 8378 7498 4966 2235 6021 96 892 4758 5232 2660 2203 7737 5135 7901 6948 3439 5050 2325 7977 713 6603 9349 5130 5687 1061 2414 5912 420 1996 2934
7964 128 8354 4747 1427 3398 3757 9091 4822 7480 6341 1633 7335 9727 4886 1016 8489 3284 2894 9652 3536 7083 9152 918 8470 2411 8897 4583 9933 0 7377 737 4103 1078 1014 8263 6692 698 2367 4561 887 1786 9321 9690 84 2157 2258 91 8100 6181 2710 2117 6897 3989 485 2009 290 4092 1596 7444 1517 7551 6539 8677 3078 4153 3762 2387 7573 1536 7640 9715 6382 5689 9237 8207 4376 6870 7713 8634 5275 747 5204 8541 5961 6747 6904 2271 7211 188 1130 8 7404 4004 1609 7312 8829 8535 5741 8201 4130 5982 7090 9161 6163 8874 5199 4531 4098 7143 160 4694 945 4810 2920 3576 1082 2092 3608 4995 3561 4861 6658 9031 8302 6642 2886 5245 9310 736 1744 8414 3399 9521 8131 6774 9638 4414 847 2410 7272 3127 6615 9504 6312 2921 7573 2091 8615 2731 564 7308 8710 7428 3445 2980 2796 9706 4667 821 8474 7887 9541 2910 950 1366 4868 361 870 1773 1619 7765 6101 3402 2043 8614 6536 3198 5429 9330 1353 259 2341 6162 158 2235 3021 7623 1376 4805 7956 6142 8960 2850 4634 2526 6965 1737 4213 6871 684 8349 9743 3233 7912 9996 750 1447 174 885 8606 470 7797 7766 7743 5354 5262 5621 7616 7116 6797 5610 7210 1052 3721 4672 3304 6252 1994 7622 8443 3269 4107 9534 8320 3769 265 4182 868 708 909 8993 1444 5622 5836 9824 4279 2014 7756 2208
6675 8730 6032 425 1942 8094 1487 7826 8837 4171 1202 8672 9904 9758 4680 1302 8904 5683 1598 6194 4747 9743 372 6287 209 1603 5630 9370 1781 7377 0 2548 2151 8077 9137 524 3891 3746 1320 2569 3862 9539 4760 9569 5668 5162 990 1434 9489 9763 508 3717 7990 39 7996 4942 4919 8838 1151 455 1601 6613 1073 8709 5498 7158 6904 3629 6659 3724 8477 535 2883 8327 6044 9906 8358 878 880 4478 2058 5741 1192 2178 6526 9454 2419 7361 3531 1058 2056 2714 7493 1397 151 59 683 2108 3934 1358 8824 1167 1872 8464 8741 92 4855 6331 752 653 6991 9640 7388 4879 2353 5251 9678 7034 8224 7682 6885 5484 2394 3351 8505 712 9512 2887 1500 7990 4067 9661 9716 2147 7978 261 3200 3671 3265 8065 7552 9006 1993 8843 3437 4335 2058 5255 9161 1644 1679 6182 1893 8781 4529 2214 3219 7832 8232 1512 9241 1046 2895 6549 5660 4607 4276 4896 5842 7519 1788 9129 6475 5272 8287 8906 9696 944 3219 3081 9486 714 1055 6100 4263 9911 9844 4101 6696 5569 3577 5368 2447 6840 3243 8557 1465 8522 7274 1592 6127 1179 6924 7190 336 5388 6865 9755 4400 6435 5454 3803 5508 7511 8727 5334 7654 1280 2460 8564 5480 3949 2210 5800 4982 4350 7833 916 8131 3542 9048 7460 347 5746 7864 2920 5747 1746 6907 2678 6528 9596 9899 1199 6928 9465 6831 6917 6761 3550
8311 263 205 3421 3263 1946 4282 111 1120 4557 565 387 6828 1909 3054 2914 2181 9406 3692 567 5127 4742 5857 9844 3972 4051 7733 9561 1279 737 2548 0 7626 1357 6675 7107 2768 6794 7049 9963 9651 3401 8040 2514 1866 581 5737 9829 2143 8066 6065 6729 6304 1831 2746 6687 2616 9001 7162 29 4410 1442 3127 1270 7401 6852 1356 1765 8979 3740 3527 4406 7026 6703 3785 5933 4632 3180 370 6977 2107 1016 8414 6534 2694 9691 8217 2317 2238 384 4194 3695 6299 1953 4213 2484 9185 996 5596 4853 9214 3966 242 7659 8332 268 4183 9151 3093 3904 1989 4255 1689 7865 3772 1464 3501 7851 7028 5307 8684 6165 7461 8904 4431 9959 7809 8414 8239 795 1373 5735 1012 2499 6732 9397 2035 5627 7158 4147 794 8325 6396 4815 9299 9677 4800 9468 1312 4877 3298 4229 1785 2228 7117 5539 6915 4021 1467 7592 6995 9649 4579 3888 8602 65 3346 4926 5742 8450 8255 3931 2119 8073 4187 8669 5965 7622 1405 3237 5578 3925 4647 3113 3805 5808 540 6971 8500 9452 1807 1347 6923 6341 2341 8869 9807 3494 17 233 8309 7281 512 3462 6512 5451 2418 8630 4835 9840 5651 9944 2845 893 5434 9995 2241 368 3562 2074 9469 3670 9154 9668 3600 981 1674 3398 7766 210 8639 6809 3648 1246 6835 3087 5269 9618 1724 5604 3384 1395 5721 8004 7463 8636 5077 2843 7106 4010
