100
0 539 3530 541 9999 1121 7475 5440 5972 1990 861 9170 1688 801 6461 1706 1995 1196 3575 7545 2739 7270 9677 9554 4576 6722 6401 5342 7824 6473 4055 4418 8422 936 3427 6782 5343 6154 5814 2880 3612 7090 4215 204 6125 3695 5577 8412 4878 5424 3634 6572 3388 561 3219 2752 7189 1602 7267 2958 2920 8820 8766 7747 4697 7336 5829 6962 7513 7231 7419 6664 152 2290 2338 8964 3048 1311 5664 967 3538 1004 1412 6486 7769 3971 4470 7934 4856 1279 7927 6484 8520 1631 1922 3985 4305 4230 2550 5694
539 0 3497 157 9562 216 7010 5176 5507 3703 2791 5938 958 9828 9128 103 2208 2164 2008 9906 7678 1126 7866 5561 5857 4660 9744 1717 9526 4787 7036 8851 4731 6558 5719 8158 6832 3566 9790 2945 5487 6710 2721 144 7735 705 3520 3668 2968 4170 8481 6737 7321 3616 3090 2415 14 2381 7520 8003 9054 9624 1355 7671 1295 8939 2006 3044 7429 705 8864 8394 6760 2304 8721 4485 7147 2106 907 8042 6699 5800 5121 9853 5748 4185 3210 9929 6155 2692 8273 3742 2128 2669 8428 9825 2339 6110 3696 9175
3530 3497 0 9934 5520 8187 6872 6497 8093 7151 7642 5999 1876 3450 8743 5336 1307 8322 243 9883 4932 8732 7483 9217 8846 1282 4805 3947 3709 8736 2609 7798 2206 9403 9289 5937 3617 1012 7094 8203 6927 4462 2208 6727 940 8943 7166 3507 2744 1574 1279 6018 6711 1731 904 4307 9075 1561 8446 8508 3265 3816 3745 6911 7182 5842 9464 5698 7452 4335 5921 180 6305 1388 5255 4944 671 5590 1237 9650 1932 45 3596 92 1132 9801 1405 3752 1453 4980 2487 3450 3819 8734 4291 8049 4363 2852 7106 8431
541 157 9934 0 8882 6629 1427 5091 9378 3319 4079 606 8327 1680 6440 4023 8711 3671 9336 3794 888 130 1909 4758 6910 5307 8937 1233 2519 1776 1630 7114 3183 5614 5533 3425 2661 7107 8761 6173 7692 3769 7949 1033 2129 172 2146 8745 2793 9065 1039 9414 4058 9645 7788 224 2232 1420 1396 4536 318 4753 4547 2772 6258 9370 7526 8157 2679 1444 256 5195 1204 2189 2036 1166 8715 6853 5496 5623 1108 5496 1742 4380 446 6500 9624 5248 5785 1099 5082 3832 9459 6119 8582 542 2655 3416 714 4096
9999 9562 5520 8882 0 8665 5490 8685 2864 1308 9198 9426 8472 6514 2712 2137 6120 83 4815 7771 5133 4677 6215 1612 2820 8278 710 596 1131 3025 6874 5735 6464 99 6797 2339 9075 7667 7745 9359 9903 4919 3734 3788 4216 3541 292 8457 6318 3110 4 5719 9070 9132 1846 7759 4430 8153 9730 139 378 7984 6536 7051 8495 8959 4088 7516 8238 7816 7743 1668 9222 5473 5969 6068 387 2986 466 4774 3779 3641 1824 3422 3165 5309 7660 7798 1361 7284 6147 3592 5698 6022 982 2390 8200 2923 8211 1089
1121 216 8187 6629 8665 0 907 2270 4415 6711 8025 2719 5246 7336 366 7764 1009 2876 7110 8000 9664 8201 9885 8035 8958 8268 464 4338 2825 9082 2834 8816 2681 8648 9197 9314 5719 9852 8425 3420 6464 3766 2396 9904 5364 7678 6628 1454 5711 2895 3556 6526 5680 8942 3745 4873 3805 4439 9395 2406 8569 8393 3418 7558 6901 7286 4555 1128 9158 2247 1568 8356 1404 1440 7795 4633 8964 2844 6400 2003 8264 4709 8297 488 4749 6511 8195 2138 4988 2806 5417 9769 2080 4372 5016 4895 1269 9974 1519 641
7475 7010 6872 1427 5490 907 0 3765 8764 1458 2902 9848 1600 5088 9295 8711 733 2659 5844 1403 1810 7402 8985 8317 6185 8666 5209 6787 3384 8139 5946 5090 5437 8414 3447 167 8733 2873 1022 6270 3939 4748 681 5593 4081 999 4166 8505 8203 4362 3033 9544 9118 8427 7174 3132 8142 8056 5194 4151 2439 6993 1003 3962 9488 2396 5411 7127 5861 3264 4427 8625 8353 3334 1452 6356 9651 4889 738 8956 7764 8706 4860 8077 6211 3241 4792 6379 6442 1148 110 6442 254 9535 9634 5834 6517 816 9495 1229
5440 5176 6497 5091 8685 2270 3765 0 8373 6073 8352 320 241 5677 7451 2605 3750 1139 5937 724 5988 6557 9249 9025 5355 7846 3403 1134 3954 4041 4303 2059 8182 6760 5077 1542 9668 5259 313 9711 4728 3105 6756 5337 1036 49 5460 8925 4045 4299 6511 5469 5498 7761 591 9192 6724 8116 6348 6498 8054 4488 2389 9260 3933 4219 4830 9975 4397 3060 5732 2260 8472 1085 5893 1009 6409 1093 7756 4327 5133 7456 2076 1063 681 7450 6203 3545 6401 1015 6512 4200 2098 7930 5315 719 1056 4767 8420 7274
5972 5507 8093 9378 2864 4415 8764 8373 0 5346 2450 4660 1263 1541 687 5562 3186 7091 4579 176 7988 216 5362 202 7684 768 7845 4533 1199 2257 6711 4522 1607 188 1889 1489 774 29 960 3420 2348 5368 2949 6099 6361 4214 7384 8091 7299 4879 3457 2361 8046 1510 4418 6648 6579 8205 9184 8951 5925 3942 8097 9814 2312 8279 8745 8055 4192 6376 2812 9555 602 8918 5534 9203 4907 9853 9116 1889 5861 2690 4695 8638 3828 9805 1717 2373 4255 7275 8426 1092 5813 2242 1705 5760 62 9947 9956 5469
1990 3703 7151 3319 1308 6711 1458 6073 5346 0 8252 7801 9585 4844 3974 1206 8917 2443 6022 7128 1393 3845 3499 1439 5308 4239 8268 4476 7890 4764 9879 6293 9412 5870 12 3604 691 1763 7184 607 8903 1815 2840 9810 2335 7533 6257 5721 3582 6938 373 3620 5014 1109 1984 4377 9146 9642 8231 9621 9611 4941 4122 5019 7587 8724 381 8083 220 4655 9623 1724 8938 2992 9983 7035 3392 7360 4063 2380 6396 2704 8075 977 5726 4966 1895 501 471 6481 9970 4404 463 1156 6037 653 3573 7360 2942 788
861 2791 7642 4079 9198 8025 2902 8352 2450 8252 0 4461 9252 8705 6820 4150 2305 9877 6994 4469 7986 2867 3683 3574 6111 8649 4801 1797 7286 6808 487 2289 42 8805 9979 9161 2832 6646 1531 1020 2521 1310 7779 2856 5617 4993 9827 6880 8992 3082 4563 1470 8884 5992 8627 1315 3736 9409 2309 3742 5225 8141 6106 6341 654 2207 4771 3469 8244 5385 3900 4104 5107 1314 2846 8896 2400 6238 96 2938 1511 1174 9839 1406 150 4358 3671 9212 3782 7263 4919 2239 3399 3299 3492 9634 7742 7475 9131 7102
9170 5938 5999 606 9426 2719 9848 320 4660 7801 4461 0 3418 5696 1722 2557 4865 7916 9587 9465 7668 5599 9027 2143 9328 8332 9356 5038 7855 884 6336 6132 8695 3980 1297 6188 1082 1607 5180 2194 3911 7898 9303 2507 1492 3632 7200 5569 2644 7199 8220 5462 3286 18 7799 6631 2265 4153 3490 2067 5668 5436 6281 9985 8811 3217 6676 4830 929 2488 9800 3920 751 6259 6075 2335 7687 2284 405 362 632 5386 9090 4936 2576 5256 5550 6599 5083 6930 3480 9984 4274 6661 5832 487 4616 6264 2778 5486
1688 958 1876 8327 8472 5246 1600 241 1263 9585 9252 3418 0 4710 8563 5409 2437 8911 3007 7754 453 626 7786 6383 2362 5766 6477 161 9551 6868 5532 7893 5754 4014 7531 7839 4916 751 8456 102 5917 7785 2311 8952 8468 7866 1334 2184 1779 4115 7457 794 7174 1805 5514 1131 6273 119 5940 7073 6362 9365 1301 1152 7813 6720 1363 7997 6581 7382 7624 370 6638 2761 4153 1613 7740 3893 7479 9591 50 2578 6670 4694 9060 1993 6292 1929 8570 6196 6479 8584 9531 2801 6426 4764 8121 8390 4056 6324
801 9828 3450 1680 6514 7336 5088 5677 1541 4844 8705 5696 4710 0 8461 6787 6984 7513 6741 127 4890 4767 5193 4452 7858 8999 7466 3790 6298 9474 5213 6061 4147 3860 225 396 9941 3432 1208 595 555 6311 8975 1587 4082 8152 3754 6027 9739 1135 9025 2065 1419 1120 3425 1745 3390 795 1634 2053 2419 8239 7735 2512 9366 7912 6728 2055 5959 1129 5879 1031 8180 7144 5097 22 2453 6871 877 5118 3800 794 5524 5139 8550 2574 6421 9260 2459 2386 4088 1365 3066 3293 4493 1303 4390 7039 1807 3197
6461 9128 8743 6440 2712 366 9295 7451 687 3974 6820 1722 8563 8461 0 3522 2736 3708 8113 6518 957 3001 3144 266 437 5593 4035 5134 32 3158 1205 9426 7280 525 4318 6827 7133 532 687 9717 4932 7737 9576 1334 7912 7682 5732 9091 1841 4873 5305 4519 9153 9370 4641 4246 1474 4156 169 8409 7264 7447 4467 6826 4611 120 6339 5159 5225 6642 1240 8807 9075 1301 7827 8445 3570 8670 9999 6387 3949 133 7700 5956 4346 3418 1061 1949 1305 7795 8396 2313 2451 1037 1497 3376 5238 5538 3343 6990
1706 103 5336 4023 2137 7764 8711 2605 5562 1206 4150 2557 5409 6787 3522 0 7871 6135 4290 1494 9866 4051 36 9963 8504 9046 2948 9523 6921 6823 7791 4710 3529 4747 9072 3153 8675 828 3870 8884 9753 6957 4743 3050 1706 7271 8890 7385 6830 2527 6390 5547 21 6297 9222 7770 9510 8674 9444 2924 2330 3042 1465 2337 8217 5471 9851 8440 7954 8249 904 5882 8048 6014 6317 4500 7786 3846 9999 2864 8016 862 3248 6749 8905 2151 4402 8355 942 5861 9841 8212 8604 202 8013 8008 2563 3710 430 3284
1995 2208 1307 8711 6120 1009 733 3750 3186 8917 2305 4865 2437 6984 2736 7871 0 2457 700 8282 2101 3131 2059 6734 2441 8970 8466 8919 3823 8900 6530 2454 6725 5987 1743 7626 1663 9708 3549 7462 4729 1190 1077 1718 1322 7420 2749 3588 2817 6037 6995 6731 9224 4751 1767 471 8149 9178 7234 5619 6659 1554 3194 3214 9237 420 5614 3062 1124 8948 6956 6735 1901 1547 9402 3199 6677 2736 5900 9445 215 5353 4729 8130 6013 4657 7778 4071 5521 8413 2383 2688 8900 6689 9934 1489 1983 409 3901 645
1196 2164 8322 3671 83 2876 2659 1139 7091 2443 9877 7916 8911 7513 3708 6135 2457 0 3966 2660 41 3698 8148 1766 3367 6983 3888 5323 7244 4324 6973 5045 3726 5789 3083 4940 8192 6765 5540 5555 1874 3271 9946 1589 909 4628 6437 161 5085 1122 7269 4796 7949 2813 2348 9312 3235 4500 8782 941 6263 9590 6272 1155 7616 492 8847 3831 4361 9842 2927 4287 8773 4851 1496 293 5839 2823 1296 6345 4566 151 6880 9048 9100 5518 7438 9120 4661 4527 598 2403 5493 1042 5234 2348 7084 6608 1296 3175
3575 2008 243 9336 4815 7110 5844 5937 4579 6022 6994 9587 3007 6741 8113 4290 700 3966 0 8300 7779 7416 4092 2067 8689 7376 6650 5081 5281 8889 6303 2526 2909 7410 8478 1288 9436 5384 3737 4970 6757 4587 6810 3481 3680 4765 5263 2318 3497 7681 2240 8982 4389 2563 6815 6023 2649 6742 3662 7246 4851 8555 7758 854 9089 8372 5162 2800 9231 7953 8143 1385 3275 3161 3876 2560 1203 9299 9125 3119 9916 5227 7068 1404 4928 6609 9360 1399 6034 9033 7512 2485 7698 684 6812 3677 3284 5532 4826 450
7545 9906 9883 3794 7771 8000 1403 724 176 7128 4469 9465 7754 127 6518 1494 8282 2660 8300 0 5915 913 7289 9565 6706 6654 4795 464 2384 5596 2203 7531 4853 1502 1810 6190 4054 4544 1019 3901 5796 2719 5486 5912 197 4569 3383 2324 3555 4566 4471 8017 7722 2981 8951 4742 1782 3203 8474 2571 2656 394 8172 9235 6305 7545 6492 1165 8626 3312 6273 682 8157 5822 4802 439 8741 7151 2482 6134 2044 5234 1348 9444 7034 1778 2776 3310 7551 9050 563 1349 1561 2400 366 3889 9810 8273 5237 4590
2739 7678 4932 888 5133 9664 1810 5988 7988 1393 7986 7668 453 4890 957 9866 2101 41 7779 5915 0 9878 8900 3640 5759 5197 7469 2450 7869 9155 3427 6495 7671 3830 1236 8213 7417 1675 7424 5505 8254 8382 2787 3708 873 3645 9673 6122 8663 9438 1136 3121 805 7877 8522 3640 8609 6280 1914 6735 4676 9875 4065 4448 3440 1882 6275 4398 3995 1306 9143 3748 32 5340 4792 8266 7096 1132 2290 1449 2285 1249 5763 7071 5702 4339 8841 8253 8738 3611 2889 6874 1340 706 9817 8107 4078 3095 4406 6135
7270 1126 8732 130 4677 8201 7402 6557 216 3845 2867 5599 626 4767 3001 4051 3131 3698 7416 913 9878 0 2801 3413 5813 342 4244 9335 2619 5829 7151 5413 4776 4846 7081 3995 8095 8610 7742 7101 2524 1402 1395 5480 6249 7922 4280 4772 8307 2563 4555 9659 1374 9188 9467 5424 3403 2331 9142 6797 2591 9695 6113 1333 8341 6333 4050 7365 8535 4660 417 5794 4091 234 407 3555 8190 803 87 772 7887 900 1367 226 4421 4514 5249 6865 5124 2084 3234 8255 3642 3554 8581 5995 8779 1889 6830 4168
9677 7866 7483 1909 6215 9885 8985 9249 5362 3499 3683 9027 7786 5193 3144 36 2059 8148 4092 7289 8900 2801 0 8492 3624 8381 9453 4462 5820 1952 2355 595 3373 9608 1505 4069 3916 2395 6913 9068 7745 26 3270 3271 4993 4703 8476 6928 5928 5609 4804 1994 8688 8078 5250 8721 3842 5705 428 7432 9577 6954 5444 9901 3276 2528 877 3698 520 1211 6108 306 2283 7293 714 7977 5408 5362 4847 6739 9338 7093 7265 3261 9447 9653 7595 3918 493 8792 9826 8374 993 2614 6077 5179 2501 7249 496 975
9554 5561 9217 4758 1612 8035 8317 9025 202 1439 3574 2143 6383 4452 266 9963 6734 1766 2067 9565 3640 3413 8492 0 9756 104 1518 9914 9459 5713 29 5250 7927 7802 614 3027 9781 5043 7356 7517 6657 2178 6075 6759 6739 6686 3235 3602 8989 9684 1878 5582 6983 1550 8357 2186 7160 8773 1428 3201 5409 756 8466 4245 610 6897 2110 7843 3246 7897 2602 5012 8482 9143 7660 2542 6305 5719 3559 472 2574 564 2511 5087 2754 379 5724 3070 6528 1329 6124 5878 7750 4842 6984 8270 6583 6305 1345 2984
4576 5857 8846 6910 2820 8958 6185 5355 7684 5308 6111 9328 2362 7858 437 8504 2441 3367 8689 6706 5759 5813 3624 9756 0 632 1509 8767 1844 1493 3454 9243 5143 4628 1351 8671 234 7271 5022 8902 8575 8683 6709 9966 368 4743 7639 2702 4974 3041 668 4292 9950 461 4002 3662 3842 6047 5765 665 6161 2043 1425 283 9620 9153 788 9997 681 8396 1906 9986 3860 5049 6506 5146 1124 6258 1998 1516 573 2440 6714 8950 8928 6728 2063 151 2010 5104 111 3677 5433 9242 4525 9461 2107 2302 6484 3884
6722 4660 1282 5307 8278 8268 8666 7846 768 4239 8649 8332 5766 8999 5593 9046 8970 6983 7376 6654 5197 342 8381 104 632 0 2201 9970 4170 8997 6622 152 9664 3600 4973 8701 8585 5569 1069 5175 1827 3416 8349 5089 4248 6644 7622 6264 7985 192 1899 5778 9855 7274 7085 8919 8201 2135 7491 5003 8901 8032 7027 8769 8874 6455 3657 7424 6565 4427 2990 7619 7214 8193 6098 2268 2034 7899 5042 5272 2742 6546 8332 3151 8309 3561 7130 85 8444 2098 5151 7874 2536 6269 5881 4125 6346 1639 8377 5281
6401 9744 4805 8937 710 464 5209 3403 7845 8268 4801 9356 6477 7466 4035 2948 8466 3888 6650 4795 7469 4244 9453 1518 1509 2201 0 7443 88 8804 1843 1861 1175 8690 9887 6877 7306 7345 2601 9337 4748 997 6924 2490 1337 4729 4715 812 8560 3929 2120 9643 4701 2746 5047 460 4601 5129 3449 5157 5317 1095 6599 1568 2690 3115 8851 7427 728 666 3240 5236 185 5593 4902 8605 4771 1810 6216 1572 8105 1561 1324 396 960 8538 5569 1991 8231 4719 1739 117 5911 168 8595 7933 9025 2637 8393 4241
5342 1717 3947 1233 596 4338 6787 1134 4533 4476 1797 5038 161 3790 5134 9523 8919 5323 5081 464 2450 9335 4462 9914 8767 9970 7443 0 5847 1581 2408 8645 5447 5133 2517 3442 340 6438 8019 269 5217 5057 2899 108 6076 8473 6535 4466 6340 49 7492 1430 5140 6412 5484 351 3113 7285 7965 7446 162 9404 8883 8513 4244 1483 2544 8568 731 20 9260 6274 5409 8951 8729 6067 8468 4733 8448 3053 8776 2974 1422 3383 2010 9103 7560 1850 6175 8114 4030 3387 5398 2440 7365 9660 8417 4128 7013 4450
7824 9526 3709 2519 1131 2825 3384 3954 1199 7890 7286 7855 9551 6298 32 6921 3823 7244 5281 2384 7869 2619 5820 9459 1844 4170 88 5847 0 6279 9786 6884 5615 139 7632 4300 79 2972 7956 6618 885 7587 5907 2238 9133 2533 7649 7278 2844 1489 2405 8130 8746 1625 5678 2991 4553 9730 6578 1635 6720 5959 6325 3558 9106 6449 9836 1601 6272 5529 222 9444 3670 536 384 9785 503 1874 2924 114 3296 9005 5175 6877 3929 642 4542 8733 3688 9627 3819 7125 7774 6947 1793 8768 6597 4630 5507 8858
6473 4787 8736 1776 3025 9082 8139 4041 2257 4764 6808 884 6868 9474 3158 6823 8900 4324 8889 5596 9155 5829 1952 5713 1493 8997 8804 1581 6279 0 2258 4453 1581 8611 6123 6974 7700 6603 8075 6252 4630 8938 8620 6236 7135 4121 4782 6842 4388 4460 3466 977 1108 9798 770 4047 2048 9312 8119 1357 7074 1300 3680 450 2219 4857 5204 2356 8760 8058 6098 9347 1564 3066 372 5153 9489 441 4890 6115 3171 8998 9086 1194 4470 3517 9430 1991 6639 3925 3477 3669 6136 1719 9600 9889 5158 1317 8416 499
4055 7036 2609 1630 6874 2834 5946 4303 6711 9879 487 6336 5532 5213 1205 7791 6530 6973 6303 2203 3427 7151 2355 29 3454 6622 1843 2408 9786 2258 0 8096 4847 8101 3006 2229 6270 9441 484 2986 422 9528 4838 6737 3045 3658 6876 1270 7663 1296 260 1699 2298 2843 2983 1749 2502 5260 9288 9903 3153 1133 462 6390 419 5172 6385 8381 1659 8142 5416 5284 3234 1552 3047 4047 6653 6270 2193 2050 3692 4063 6254 2416 5113 8347 3135 9903 79 345 3958 4499 2840 1770 7559 5932 231 6890 5508 5321
4418 8851 7798 7114 5735 8816 5090 2059 4522 6293 2289 6132 7893 6061 9426 4710 2454 5045 2526 7531 6495 5413 595 5250 9243 152 1861 8645 6884 4453 8096 0 4076 54 9026 8953 9445 9676 1785 5893 9051 5734 6926 4731 3845 1736 9016 5976 3373 9208 3545 8042 3877 1615 3117 3699 5511 6603 6407 5635 7277 6588 5230 5663 2091 1901 1947 6783 5608 7210 7497 7893 9856 6720 3218 8463 4901 9903 4187 5776 8379 8303 236 357 1089 9614 7271 6276 8784 3104 4597 7739 1186 7374 7251 6051 872 534 4012 2402
8422 4731 2206 3183 6464 2681 5437 8182 1607 9412 42 8695 5754 4147 7280 3529 6725 3726 2909 4853 7671 4776 3373 7927 5143 9664 1175 5447 5615 1581 4847 4076 0 2809 3423 6549 4030 7043 9112 5679 8817 1789 8996 2302 2647 5347 4466 7846 9260 8001 8769 5129 4968 5940 8144 948 2513 4599 7909 7869 7126 3494 5657 6998 5353 3940 5095 4564 4876 495 6698 967 7590 8967 504 8944 7196 2168 8625 9196 8152 3929 4908 6524 9852 2578 706 855 8846 4690 183 1374 4412 1833 4798 3786 6480 7063 2303 4916
936 6558 9403 5614 99 8648 8414 6760 188 5870 8805 3980 4014 3860 525 4747 5987 5789 7410 1502 3830 4846 9608 7802 4628 3600 8690 5133 139 8611 8101 54 2809 0 8558 1570 8449 3748 4460 7172 4433 7013 9455 5511 3122 9941 2321 3833 5585 5396 647 5153 2059 3067 8445 6209 4827 1440 6359 4358 725 1011 3367 7101 6368 1187 2087 2038 4431 8801 5601 8104 5418 7809 1111 8318 1300 2883 8587 3010 3318 1908 5235 598 6902 8984 1378 5218 9752 6194 7110 7106 7897 959 4194 6352 7948 5799 7380 3152
3427 5719 9289 5533 6797 9197 3447 5077 1889 12 9979 1297 7531 225 4318 9072 1743 3083 8478 1810 1236 7081 1505 614 1351 4973 9887 2517 7632 6123 3006 9026 3423 8558 0 2351 1789 2343 2118 8768 1625 2914 7847 4623 1291 2458 1453 9280 4536 6600 4401 8022 2866 6785 6067 9919 2379 3764 9484 6322 9321 2123 4926 6611 1589 1589 7041 1116 4935 5857 9628 7245 9660 5882 9580 9186 6648 9189 1661 9500 803 9153 6067 5081 5268 1348 1008 7362 7551 8852 1451 8711 6196 4452 4044 1698 763 9041 2038 6259
6782 8158 5937 3425 2339 9314 167 1542 1489 3604 9161 6188 7839 396 6827 3153 7626 4940 1288 6190 8213 3995 4069 3027 8671 8701 6877 3442 4300 6974 2229 8953 6549 1570 2351 0 6109 7658 3816 2879 5665 4547 7596 5341 8004 2031 1300 3976 9532 7027 5313 9075 8677 6758 6291 1652 3985 4503 4267 9711 2386 3126 6310 3113 5353 3293 8251 7563 7262 2686 8578 7079 7694 1015 6413 5669 2477 8754 5687 211 585 8456 1233 8404 9044 5889 2943 9328 2671 9500 7448 5018 486 7590 1045 2152 8804 6083 2147 2108
5343 6832 3617 2661 9075 5719 8733 9668 774 691 2832 1082 4916 9941 7133 8675 1663 8192 9436 4054 7417 8095 3916 9781 234 8585 7306 340 79 7700 6270 9445 4030 8449 1789 6109 0 15 3288 5697 5810 5935 5762 4811 9087 1528 4520 6987 6860 7297 3786 4534 6030 1905 6374 5924 9254 2513 8515 6282 5214 1911 4172 6081 635 5000 7707 3163 5569 1887 5320 4715 6550 102 9024 7623 8409 3984 7694 2885 9140 3930 968 3009 257 3697 5099 841 4634 1967 1075 2973 6654 3733 5262 2987 4722 4391 9382 9527
6154 3566 1012 7107 7667 9852 2873 5259 29 1763 6646 1607 751 3432 532 828 9708 6765 5384 4544 1675 8610 2395 5043 7271 5569 7345 6438 2972 6603 9441 9676 7043 3748 2343 7658 15 0 1959 5603 8498 2867 3074 9222 4425 7853 8414 5482 9180 523 2947 5057 6001 8527 9116 1933 7694 2308 2417 7147 759 4064 1837 5699 4486 8243 5348 8923 5617 5597 9807 1817 6320 2734 6251 9410 3401 7751 3985 1042 9334 11 832 6730 4505 592 4123 5775 9624 3055 5642 9312 3342 2178 9780 5170 717 8304 1677 1129
5814 9790 7094 8761 7745 8425 1022 313 960 7184 1531 5180 8456 1208 687 3870 3549 5540 3737 1019 7424 7742 6913 7356 5022 1069 2601 8019 7956 8075 484 1785 9112 4460 2118 3816 3288 1959 0 8620 839 4160 8623 9451 4534 2611 1221 6884 992 4759 2003 8078 6251 6308 9820 661 2964 5043 7761 4885 7089 4785 5265 7063 5767 8618 3754 4653 3992 8970 9854 1722 3687 7927 2380 6758 524 52 2395 1175 8333 862 7263 2940 5126 4354 5205 8448 7839 136 6517 4994 2922 772 7733 5523 8618 2630 7753 2674
2880 2945 8203 6173 9359 3420 6270 9711 3420 607 1020 2194 102 595 9717 8884 7462 5555 4970 3901 5505 7101 9068 7517 8902 5175 9337 269 6618 6252 2986 5893 5679 7172 8768 2879 5697 5603 8620 0 4474 7054 303 4210 3727 2514 4785 9869 8589 3963 4643 4711 4471 886 983 3403 4671 1119 2241 1663 4451 6728 5163 2160 3034 2585 387 8044 3781 4300 6111 5380 1724 4490 8000 780 4263 5813 382 7408 8572 1201 5723 3403 6790 2383 8495 7461 9277 3320 8845 6853 4214 8365 5915 9859 131 7402 8432 7108
3612 5487 6927 7692 9903 6464 3939 4728 2348 8903 2521 3911 5917 555 4932 9753 4729 1874 6757 5796 8254 2524 7745 6657 8575 1827 4748 5217 885 4630 422 9051 8817 4433 1625 5665 5810 8498 839 4474 0 4208 4017 960 6714 2342 1366 3695 9721 542 9503 9716 4946 4013 5875 8836 7053 2494 1935 8527 3930 7285 245 5350 7626 4899 491 2912 9230 1207 9915 4141 6562 5894 4570 3030 5791 9728 4727 2724 5076 5322 761 5145 613 5312 8293 4714 3323 8268 8976 4957 7940 3270 9047 9710 5023 2964 5365 3307
7090 6710 4462 3769 4919 3766 4748 3105 5368 1815 1310 7898 7785 6311 7737 6957 1190 3271 4587 2719 8382 1402 26 2178 8683 3416 997 5057 7587 8938 9528 5734 1789 7013 2914 4547 5935 2867 4160 7054 4208 0 9806 3902 2601 9697 5572 6791 7421 5814 3042 4607 7935 6958 4545 5712 6492 6302 2287 9454 4178 918 2627 6806 8191 1369 8994 8283 2269 4945 146 8871 8066 3647 4982 645 905 2539 8524 2575 4834 5957 8739 321 5379 7464 2742 5782 4490 1033 5918 3768 9499 27 6519 7105 3514 6338 4851 6463
4215 2721 2208 7949 3734 2396 681 6756 2949 2840 7779 9303 2311 8975 9576 4743 1077 9946 6810 5486 2787 1395 3270 6075 6709 8349 6924 2899 5907 8620 4838 6926 8996 9455 7847 7596 5762 3074 8623 303 4017 9806 0 6816 3287 1075 2891 5712 7600 7832 3887 135 3052 9487 1053 2464 3263 8469 7366 1377 5023 4304 6385 7354 9064 9721 9596 9766 6365 8715 8391 5366 8907 2642 8174 9101 2873 2003 6581 574 1484 6638 4883 9589 1114 2037 4527 2573 1430 2424 8750 542 1290 3694 5843 9592 1014 6664 4325 2305
204 144 6727 1033 3788 9904 5593 5337 6099 9810 2856 2507 8952 1587 1334 3050 1718 1589 3481 5912 3708 5480 3271 6759 9966 5089 2490 108 2238 6236 6737 4731 2302 5511 4623 5341 4811 9222 9451 4210 960 3902 6816 0 9575 5332 3324 2121 7119 9578 8759 4093 2157 4897 268 4086 1282 9762 1563 6167 5257 2322 2005 2600 1431 5422 1170 1102 8698 7942 1417 8130 3871 614 9701 7995 6533 9371 9477 9836 4576 9786 1445 3918 9241 5214 6099 3772 4742 8591 7554 4900 8384 3525 5394 389 4206 3271 6367 7680
6125 7735 940 2129 4216 5364 4081 1036 6361 2335 5617 1492 8468 4082 7912 1706 1322 909 3680 197 873 6249 4993 6739 368 4248 1337 6076 9133 7135 3045 3845 2647 3122 1291 8004 9087 4425 4534 3727 6714 2601 3287 9575 0 8628 6106 9647 1099 8588 3422 8760 4224 7938 7437 2089 204 7900 5534 7630 2108 3235 8906 8475 2422 602 4939 1409 8189 6353 7818 9401 4129 1924 5368 563 6903 7853 8531 6799 6510 5061 3986 9688 2692 9378 7333 2962 3672 3478 2931 7256 1066 1987 6619 4879 6309 7563 4858 872
3695 705 8943 172 3541 7678 999 49 4214 7533 4993 3632 7866 8152 7682 7271 7420 4628 4765 4569 3645 7922 4703 6686 4743 6644 4729 8473 2533 4121 3658 1736 5347 9941 2458 2031 1528 7853 2611 2514 2342 9697 1075 5332 8628 0 4754 2231 5788 2747 9903 6220 4522 9713 2919 1687 6407 8210 882 6430 3 643 9376 5504 4960 3040 2128 8943 1809 6955 2171 6393 8424 2430 4103 2094 5255 8703 6008 5988 5575 5713 4419 9314 6003 1179 3695 7924 6144 3091 1968 8062 6355 3566 9990 4100 4860 1291 7725 7775
5577 3520 7166 2146 292 6628 4166 5460 7384 6257 9827 7200 1334 3754 5732 8890 2749 6437 5263 3383 9673 4280 8476 3235 7639 7622 4715 6535 7649 4782 6876 9016 4466 2321 1453 1300 4520 8414 1221 4785 1366 5572 2891 3324 6106 4754 0 8987 5537 7228 2669 6859 108 2939 6438 7972 6389 9196 6740 8103 1217 6721 9729 9662 2994 6015 7729 8415 2461 1311 2854 5128 9262 162 1038 2083 7650 6580 4242 8315 2674 6251 5514 1056 2929 2450 2616 5726 844 8488 6642 2339 9808 7443 8230 6394 3904 5091 8693 4801
8412 3668 3507 8745 8457 1454 8505 8925 8091 5721 6880 5569 2184 6027 9091 7385 3588 161 2318 2324 6122 4772 6928 3602 2702 6264 812 4466 7278 6842 1270 5976 7846 3833 9280 3976 6987 5482 6884 9869 3695 6791 5712 2121 9647 2231 8987 0 5374 1884 5112 1367 4203 5167 7809 2578 1278 8027 679 5771 8173 5659 5708 450 9496 8292 6071 2670 9794 1562 5522 4901 3696 7212 6014 7728 3779 6802 5744 4121 2133 1836 3109 3429 9763 9585 8943 5872 8339 5524 7057 6608 8980 6496 7639 1275 3553 5179 4549 6974
4878 2968 2744 2793 6318 5711 8203 4045 7299 3582 8992 2644 1779 9739 1841 6830 2817 5085 3497 3555 8663 8307 5928 8989 4974 7985 8560 6340 2844 4388 7663 3373 9260 5585 4536 9532 6860 9180 992 8589 9721 7421 7600 7119 1099 5788 5537 5374 0 8531 9514 500 500 9022 5549 9270 5654 2351 7322 1923 5005 3426 9668 9007 3091 4587 911 415 5359 5699 1256 3330 8614 5300 7866 924 7654 5623 634 6811 8372 8146 1616 4813 8400 3434 6328 7980 7370 9745 9083 9444 6887 7594 6771 7138 4245 5503 8146 4633
5424 4170 1574 9065 3110 2895 4362 4299 4879 6938 3082 7199 4115 1135 4873 2527 6037 1122 7681 4566 9438 2563 5609 9684 3041 192 3929 49 1489 4460 1296 9208 8001 5396 6600 7027 7297 523 4759 3963 542 5814 7832 9578 8588 2747 7228 1884 8531 0 6221 3010 6457 4865 6730 7178 8696 88 2516 1462 5085 3124 7544 6509 733 8501 8980 3932 571 8001 1771 2642 2494 5350 7577 7973 432 1666 2153 1309 5743 4823 4411 7297 8795 1610 781 8600 4594 7203 7971 5016 2264 3820 6408 6250 9008 1975 7162 2136
3634 8481 1279 1039 4 3556 3033 6511 3457 373 4563 8220 7457 9025 5305 6390 6995 7269 2240 4471 1136 4555 4804 1878 668 1899 2120 7492 2405 3466 260 3545 8769 647 4401 5313 3786 2947 2003 4643 9503 3042 3887 8759 3422 9903 2669 5112 9514 6221 0 9051 6830 1605 9796 1168 3836 6378 8073 7545 5416 84 2167 6758 868 9565 3868 7587 9208 608 5885 3055 8536 3319 410 5415 487 442 6249 2856 3068 232 1125 6482 3166 4887 4908 790 2870 2733 3822 9576 1092 3915 7290 2784 6150 7219 1850 8472
6572 6737 6018 9414 5719 6526 9544 5469 2361 3620 1470 5462 794 2065 4519 5547 6731 4796 8982 8017 3121 9659 1994 5582 4292 5778 9643 1430 8130 977 1699 8042 5129 5153 8022 9075 4534 5057 8078 4711 9716 4607 135 4093 8760 6220 6859 1367 500 3010 9051 0 582 2090 4137 6520 1936 1020 575 5371 2363 1571 9678 34 9639 23 9777 1936 6428 6586 4454 6095 1522 3062 758 7260 3591 7210 1614 2282 873 4800 6046 8175 911 2599 8958 6846 9979 5192 385 4243 4774 9800 5214 6551 993 6619 2631 2449
3388 7321 6711 4058 9070 5680 9118 5498 8046 5014 8884 3286 7174 1419 9153 21 9224 7949 4389 7722 805 1374 8688 6983 9950 9855 4701 5140 8746 1108 2298 3877 4968 2059 2866 8677 6030 6001 6251 4471 4946 7935 3052 2157 4224 4522 108 4203 500 6457 6830 582 0 7759 3663 5191 4832 6195 2821 8845 1690 7942 8101 559 7551 9431 6876 8807 864 4491 4604 3583 7009 2273 4977 2083 9333 1792 6952 6858 4882 8118 9252 3377 1390 6384 6727 404 7381 5689 4530 4992 269 4314 8209 647 3514 4094 2319 9700
561 3616 1731 9645 9132 8942 8427 7761 1510 1109 5992 18 1805 1120 9370 6297 4751 2813 2563 2981 7877 9188 8078 1550 461 7274 2746 6412 1625 9798 2843 1615 5940 3067 6785 6758 1905 8527 6308 886 4013 6958 9487 4897 7938 9713 2939 5167 9022 4865 1605 2090 7759 0 2080 8547 4049 5785 4823 4909 2838 5202 775 8197 6662 5853 6514 1874 4688 9113 175 3110 4104 7691 488 285 5378 8546 9957 3803 6643 6249 7928 6255 6984 4664 6733 1335 8677 2846 1090 6334 2885 2244 3420 8087 460 3526 9828 6914
3219 3090 904 7788 1846 3745 7174 591 4418 1984 8627 7799 5514 3425 4641 9222 1767 2348 6815 8951 8522 9467 5250 8357 4002 7085 5047 5484 5678 770 2983 3117 8144 8445 6067 6291 6374 9116 9820 983 5875 4545 1053 268 7437 2919 6438 7809 5549 6730 9796 4137 3663 2080 0 7497 6363 623 7616 8861 1263 9830 5240 77 1005 5830 6597 2180 8318 948 5991 4401 1884 8490 404 1760 4063 282 5113 1685 5987 3074 2627 5984 5212 7354 2633 1509 2122 9606 3618 425 1568 562 1121 1021 4343 6519 6725 3922
2752 2415 4307 224 7759 4873 3132 9192 6648 4377 1315 6631 1131 1745 4246 7770 471 9312 6023 4742 3640 5424 8721 2186 3662 8919 460 351 2991 4047 1749 3699 948 6209 9919 1652 5924 1933 661 3403 8836 5712 2464 4086 2089 1687 7972 2578 9270 7178 1168 6520 5191 8547 7497 0 9541 8253 1018 9015 8414 9527 490 1423 1472 9522 8652 4518 1822 3362 2625 8562 8949 7269 1440 5861 4834 6339 3842 9056 1957 8471 3604 4147 4044 5456 5169 5891 5498 3579 2173 8092 9086 6890 3823 2187 8382 8817 9144 5587
7189 14 9075 2232 4430 3805 8142 6724 6579 9146 3736 2265 6273 3390 1474 9510 8149 3235 2649 1782 8609 3403 3842 7160 3842 8201 4601 3113 4553 2048 2502 5511 2513 4827 2379 3985 9254 7694 2964 4671 7053 6492 3263 1282 204 6407 6389 1278 5654 8696 3836 1936 4832 4049 6363 9541 0 931 98 8458 8435 2504 4236 610 9232 1057 4608 1916 3256 2381 5913 9813 103 2621 8514 5244 5080 768 2788 2859 79 5606 927 1414 536 9029 7796 7111 8674 8682 4838 7974 1643 395 4415 4136 4958 1389 5943 6165
1602 2381 1561 1420 8153 4439 8056 8116 8205 9642 9409 4153 119 795 4156 8674 9178 4500 6742 3203 6280 2331 5705 8773 6047 2135 5129 7285 9730 9312 5260 6603 4599 1440 3764 4503 2513 2308 5043 1119 2494 6302 8469 9762 7900 8210 9196 8027 2351 88 6378 1020 6195 5785 623 8253 931 0 1118 6198 6833 3124 6417 207 5796 3739 5544 7846 6534 9699 8033 9545 6602 2034 5250 9648 1543 1734 8507 2415 1908 3441 5878 3247 1385 4839 8153 5457 3670 8247 7253 6136 6787 8772 2141 3817 5727 1555 9255 8959
7267 7520 8446 1396 9730 9395 5194 6348 9184 8231 2309 3490 5940 1634 169 9444 7234 8782 3662 8474 1914 9142 428 1428 5765 7491 3449 7965 6578 8119 9288 6407 7909 6359 9484 4267 8515 2417 7761 2241 1935 2287 7366 1563 5534 882 6740 679 7322 2516 8073 575 2821 4823 7616 1018 98 1118 0 1766 2260 5152 431 7074 5029 4938 459 2438 3485 3624 7338 4475 2945 7251 1335 3653 8766 3008 7535 5167 4131 7123 4616 6859 3976 1263 5451 2604 802 1627 756 5216 4881 5531 1473 860 135 1280 5179 8311
2958 8003 8508 4536 139 2406 4151 6498 8951 9621 3742 2067 7073 2053 8409 2924 5619 941 7246 2571 6735 6797 7432 3201 665 5003 5157 7446 1635 1357 9903 5635 7869 4358 6322 9711 6282 7147 4885 1663 8527 9454 1377 6167 7630 6430 8103 5771 1923 1462 7545 5371 8845 4909 8861 9015 8458 6198 1766 0 180 8620 5406 2975 8967 3414 2555 1061 1712 2556 5107 6226 8911 8780 2413 9111 9319 4337 9629 683 1896 9351 5478 9429 2962 1715 1721 7357 2278 8782 5917 8879 8647 7362 9160 5049 4525 5937 2042 3500
2920 9054 3265 318 378 8569 2439 8054 5925 9611 5225 5668 6362 2419 7264 2330 6659 6263 4851 2656 4676 2591 9577 5409 6161 8901 5317 162 6720 7074 3153 7277 7126 725 9321 2386 5214 759 7089 4451 3930 4178 5023 5257 2108 3 1217 8173 5005 5085 5416 2363 1690 2838 1263 8414 8435 6833 2260 180 0 2429 2285 1145 3801 5938 4287 830 5589 4802 6528 9226 332 6793 549 7990 3470 8888 6256 6006 4363 3474 3214 8869 7545 5602 4981 2663 5203 8358 9741 6150 2745 6474 1230 4194 491 6249 9893 2203
8820 9624 3816 4753 7984 8393 6993 4488 3942 4941 8141 5436 9365 8239 7447 3042 1554 9590 8555 394 9875 9695 6954 756 2043 8032 1095 9404 5959 1300 1133 6588 3494 1011 2123 3126 1911 4064 4785 6728 7285 918 4304 2322 3235 643 6721 5659 3426 3124 84 1571 7942 5202 9830 9527 2504 3124 5152 8620 2429 0 1106 72 1629 2454 1189 369 9936 8955 9561 52 6442 2374 332 7482 9277 5852 1913 1514 9185 7664 6234 1571 5586 9530 4867 9191 6793 8233 4659 1765 3253 7973 2783 1621 5790 8067 6073 3928
8766 1355 3745 4547 6536 3418 1003 2389 8097 4122 6106 6281 1301 7735 4467 1465 3194 6272 7758 8172 4065 6113 5444 8466 1425 7027 6599 8883 6325 3680 462 5230 5657 3367 4926 6310 4172 1837 5265 5163 245 2627 6385 2005 8906 9376 9729 5708 9668 7544 2167 9678 8101 775 5240 490 4236 6417 431 5406 2285 1106 0 571 612 8357 7122 3073 2752 5405 1381 6596 2651 6654 8324 340 513 9804 5843 9345 1657 5304 9490 8178 6561 7945 9017 1710 7556 1917 3615 4299 7431 5827 3302 1176 3323 7728 9584 7609
7747 7671 6911 2772 7051 7558 3962 9260 9814 5019 6341 9985 1152 2512 6826 2337 3214 1155 854 9235 4448 1333 9901 4245 283 8769 1568 8513 3558 450 6390 5663 6998 7101 6611 3113 6081 5699 7063 2160 5350 6806 7354 2600 8475 5504 9662 450 9007 6509 6758 34 559 8197 77 1423 610 207 7074 2975 1145 72 571 0 6167 4798 4933 7149 9212 9491 8793 9142 2396 1364 1023 4127 8052 5753 4355 1213 6154 9242 1991 1634 48 8297 5335 324 4834 6927 1830 9504 8379 6694 550 6649 2807 6869 5008 7514
4697 1295 7182 6258 8495 6901 9488 3933 2312 7587 654 8811 7813 9366 4611 8217 9237 7616 9089 6305 3440 8341 3276 610 9620 8874 2690 4244 9106 2219 419 2091 5353 6368 1589 5353 635 4486 5767 3034 7626 8191 9064 1431 2422 4960 2994 9496 3091 733 868 9639 7551 6662 1005 1472 9232 5796 5029 8967 3801 1629 612 6167 0 195 2639 5436 9550 1439 3839 4970 6250 1450 467 3897 7297 8570 3770 8146 2563 7919 7108 9756 3018 4231 6891 7067 5518 7798 3643 7984 1243 4365 9524 9009 8407 3698 9892 6522
7336 8939 5842 9370 8959 7286 2396 4219 8279 8724 2207 3217 6720 7912 120 5471 420 492 8372 7545 1882 6333 2528 6897 9153 6455 3115 1483 6449 4857 5172 1901 3940 1187 1589 3293 5000 8243 8618 2585 4899 1369 9721 5422 602 3040 6015 8292 4587 8501 9565 23 9431 5853 5830 9522 1057 3739 4938 3414 5938 2454 8357 4798 195 0 9733 521 8649 7456 789 2273 1409 2262 256 5736 3171 8267 1409 9134 1484 1561 3092 6307 3801 7833 813 9932 2952 5824 6357 5338 747 5430 1275 2289 4682 6795 3643 5706
5829 2006 9464 7526 4088 4555 5411 4830 8745 381 4771 6676 1363 6728 6339 9851 5614 8847 5162 6492 6275 4050 877 2110 788 3657 8851 2544 9836 5204 6385 1947 5095 2087 7041 8251 7707 5348 3754 387 491 8994 9596 1170 4939 2128 7729 6071 911 8980 3868 9777 6876 6514 6597 8652 4608 5544 459 2555 4287 1189 7122 4933 2639 9733 0 8581 9023 4326 9483 1651 4252 4327 6442 4309 3104 5113 7585 8556 7685 6175 2886 1275 6067 7330 1623 5916 8171 2538 3024 5097 7555 3121 5671 9907 4496 737 891 553
6962 3044 5698 8157 7516 1128 7127 9975 8055 8083 3469 4830 7997 2055 5159 8440 3062 3831 2800 1165 4398 7365 3698 7843 9997 7424 7427 8568 1601 2356 8381 6783 4564 2038 1116 7563 3163 8923 4653 8044 2912 8283 9766 1102 1409 8943 8415 2670 415 3932 7587 1936 8807 1874 2180 4518 1916 7846 2438 1061 830 369 3073 7149 5436 521 8581 0 5814 1982 9365 8483 2105 7665 6061 7481 2365 6044 1779 8058 957 4175 9130 6274 1199 8992 5934 7199 4759 7695 7580 4765 3459 9814 7408 7391 7545 2140 375 526
7513 7429 7452 2679 8238 9158 5861 4397 4192 220 8244 929 6581 5959 5225 7954 1124 4361 9231 8626 3995 8535 520 3246 681 6565 728 731 6272 8760 1659 5608 4876 4431 4935 7262 5569 5617 3992 3781 9230 2269 6365 8698 8189 1809 2461 9794 5359 571 9208 6428 864 4688 8318 1822 3256 6534 3485 1712 5589 9936 2752 9212 9550 8649 9023 5814 0 8029 2647 9549 4621 9970 2598 5797 6587 3143 3305 3197 4302 1351 6574 1751 1651 7059 8455 9773 1193 9656 3059 7740 9266 8720 3478 118 1343 3100 7228 3803
7231 705 4335 1444 7816 2247 3264 3060 6376 4655 5385 2488 7382 1129 6642 8249 8948 9842 7953 3312 1306 4660 1211 7897 8396 4427 666 20 5529 8058 8142 7210 495 8801 5857 2686 1887 5597 8970 4300 1207 4945 8715 7942 6353 6955 1311 1562 5699 8001 608 6586 4491 9113 948 3362 2381 9699 3624 2556 4802 8955 5405 9491 1439 7456 4326 1982 8029 0 9220 4689 2744 9098 5851 5022 2091 3194 232 2997 2855 5330 4522 3981 9138 9337 2682 3580 5624 4565 5476 8127 3626 1727 3715 6966 695 6858 6203 3547
7419 8864 5921 256 7743 1568 4427 5732 2812 9623 3900 9800 7624 5879 1240 904 6956 2927 8143 6273 9143 417 6108 2602 1906 2990 3240 9260 222 6098 5416 7497 6698 5601 9628 8578 5320 9807 9854 6111 9915 146 8391 1417 7818 2171 2854 5522 1256 1771 5885 4454 4604 175 5991 2625 5913 8033 7338 5107 6528 9561 1381 8793 3839 789 9483 9365 2647 9220 0 477 9163 5794 6147 6310 1060 4082 614 1518 1093 4202 375 2677 7527 6131 7051 2662 6561 6669 4304 6402 6510 9944 5397 7721 7159 648 1065 7809
6664 8394 180 5195 1668 8356 8625 2260 9555 1724 4104 3920 370 1031 8807 5882 6735 4287 1385 682 3748 5794 306 5012 9986 7619 5236 6274 9444 9347 5284 7893 967 8104 7245 7079 4715 1817 1722 5380 4141 8871 5366 8130 9401 6393 5128 4901 3330 2642 3055 6095 3583 3110 4401 8562 9813 9545 4475 6226 9226 52 6596 9142 4970 2273 1651 8483 9549 4689 477 0 1120 7378 3846 2384 5930 8235 8115 9887 3002 6369 7382 4360 2419 3003 5481 1535 5366 7793 4323 1242 566 5235 6849 4201 687 8707 4005 7447
152 6760 6305 1204 9222 1404 8353 8472 602 8938 5107 751 6638 8180 9075 8048 1901 8773 3275 8157 32 4091 2283 8482 3860 7214 185 5409 3670 1564 3234 9856 7590 5418 9660 7694 6550 6320 3687 1724 6562 8066 8907 3871 4129 8424 9262 3696 8614 2494 8536 1522 7009 4104 1884 8949 103 6602 2945 8911 332 6442 2651 2396 6250 1409 4252 2105 4621 2744 9163 1120 0 7747 3151 1624 8673 7846 412 6854 3792 6949 2179 6087 1723 7282 4235 5615 281 5038 5615 3340 8598 3566 5230 6792 8804 5139 28 88
2290 2304 1388 2189 5473 1440 3334 1085 8918 2992 1314 6259 2761 7144 1301 6014 1547 4851 3161 5822 5340 234 7293 9143 5049 8193 5593 8951 536 3066 1552 6720 8967 7809 5882 1015 102 2734 7927 4490 5894 3647 2642 614 1924 2430 162 7212 5300 5350 3319 3062 2273 7691 8490 7269 2621 2034 7251 8780 6793 2374 6654 1364 1450 2262 4327 7665 9970 9098 5794 7378 7747 0 3021 3448 5797 4308 2450 7173 4103 4651 4800 3038 5809 2229 9523 3823 1013 439 8524 8646 5738 1318 841 5469 590 1484 4408 8667
2338 8721 5255 2036 5969 7795 1452 5893 5534 9983 2846 6075 4153 5097 7827 6317 9402 1496 3876 4802 4792 407 714 7660 6506 6098 4902 8729 384 372 3047 3218 504 1111 9580 6413 9024 6251 2380 8000 4570 4982 8174 9701 5368 4103 1038 6014 7866 7577 410 758 4977 488 404 1440 8514 5250 1335 2413 549 332 8324 1023 467 256 6442 6061 2598 5851 6147 3846 3151 3021 0 3825 4139 9474 4812 2228 3378 9774 6661 6146 1982 2832 9673 9317 1525 585 2341 1813 2381 6788 6215 3507 2918 987 5242 7343
8964 4485 4944 1166 6068 4633 6356 1009 9203 7035 8896 2335 1613 22 8445 4500 3199 293 2560 439 8266 3555 7977 2542 5146 2268 8605 6067 9785 5153 4047 8463 8944 8318 9186 5669 7623 9410 6758 780 3030 645 9101 7995 563 2094 2083 7728 924 7973 5415 7260 2083 285 1760 5861 5244 9648 3653 9111 7990 7482 340 4127 3897 5736 4309 7481 5797 5022 6310 2384 1624 3448 3825 0 75 346 6229 6615 6006 2313 5683 3570 6199 4433 5753 5535 1061 7700 4534 9326 1662 4437 3160 6717 7659 2612 5763 5239
3048 7147 671 8715 387 8964 9651 6409 4907 3392 2400 7687 7740 2453 3570 7786 6677 5839 1203 8741 7096 8190 5408 6305 1124 2034 4771 8468 503 9489 6653 4901 7196 1300 6648 2477 8409 3401 524 4263 5791 905 2873 6533 6903 5255 7650 3779 7654 432 487 3591 9333 5378 4063 4834 5080 1543 8766 9319 3470 9277 513 8052 7297 3171 3104 2365 6587 2091 1060 5930 8673 5797 4139 75 0 8036 335 9105 5982 3800 4879 868 4366 3833 8296 6652 7862 6541 2322 1976 311 4399 864 4993 6681 1548 8929 5381
1311 2106 5590 6853 2986 2844 4889 1093 9853 7360 6238 2284 3893 6871 8670 3846 2736 2823 9299 7151 1132 803 5362 5719 6258 7899 1810 4733 1874 441 6270 9903 2168 2883 9189 8754 3984 7751 52 5813 9728 2539 2003 9371 7853 8703 6580 6802 5623 1666 442 7210 1792 8546 282 6339 768 1734 3008 4337 8888 5852 9804 5753 8570 8267 5113 6044 3143 3194 4082 8235 7846 4308 9474 346 8036 0 7382 1464 525 4127 6475 7065 9943 8936 4301 6924 4749 2009 8609 6914 6830 2882 984 4471 8650 6453 6334 8625
5664 907 1237 5496 466 6400 738 7756 9116 4063 96 405 7479 877 9999 9999 5900 1296 9125 2482 2290 87 4847 3559 1998 5042 6216 8448 2924 4890 2193 4187 8625 8587 1661 5687 7694 3985 2395 382 4727 8524 6581 9477 8531 6008 4242 5744 634 2153 6249 1614 6952 9957 5113 3842 2788 8507 7535 9629 6256 1913 5843 4355 3770 1409 7585 1779 3305 232 614 8115 412 2450 4812 6229 335 7382 0 6115 8082 6088 3498 5601 2292 8027 5164 745 8150 9943 139 9940 1362 4954 4660 4441 9004 6707 4753 313
967 8042 9650 5623 4774 2003 8956 4327 1889 2380 2938 362 9591 5118 6387 2864 9445 6345 3119 6134 1449 772 6739 472 1516 5272 1572 3053 114 6115 2050 5776 9196 3010 9500 211 2885 1042 1175 7408 2724 2575 574 9836 6799 5988 8315 4121 6811 1309 2856 2282 6858 3803 1685 9056 2859 2415 5167 683 6006 1514 9345 1213 8146 9134 8556 8058 3197 2997 1518 9887 6854 7173 2228 6615 9105 1464 6115 0 5857 8707 9630 6991 7984 5005 5158 3325 2383 2286 9767 870 446 2501 6454 3013 1370 5333 9084 8612
3538 6699 1932 1108 3779 8264 7764 5133 5861 6396 1511 632 50 3800 3949 8016 215 4566 9916 2044 2285 7887 9338 2574 573 2742 8105 8776 3296 3171 3692 8379 8152 3318 803 585 9140 9334 8333 8572 5076 4834 1484 4576 6510 5575 2674 2133 8372 5743 3068 873 4882 6643 5987 1957 79 1908 4131 1896 4363 9185 1657 6154 2563 1484 7685 957 4302 2855 1093 3002 3792 4103 3378 6006 5982 525 8082 5857 0 7451 6488 6566 1661 9685 8893 5372 7237 737 6437 7266 4284 5555 8982 8295 1124 4079 4136 6141
1004 5800 45 5496 3641 4709 8706 7456 2690 2704 1174 5386 2578 794 133 862 5353 151 5227 5234 1249 900 7093 564 2440 6546 1561 2974 9005 8998 4063 8303 3929 1908 9153 8456 3930 11 862 1201 5322 5957 6638 9786 5061 5713 6251 1836 8146 4823 232 4800 8118 6249 3074 8471 5606 3441 7123 9351 3474 7664 5304 9242 7919 1561 6175 4175 1351 5330 4202 6369 6949 4651 9774 2313 3800 4127 6088 8707 7451 0 9058 2408 6972 8253 2580 6364 1406 8509 4776 2048 5546 9770 9720 4023 6902 1682 6733 2002
