50
0 1702 9099 3574 5290 7112 1752 3769 8564 5644 8056 3132 8705 3998 2957 8022 7243 2366 4711 3887 465 305 7061 3491 6683 6615 4239 6558 7839 7908 3488 2336 258 1669 5301 6005 4836 7006 6063 6543 8864 3627 2303 1157 6745 4503 6829 3781 3157 859
1702 0 3700 2132 6554 8939 8693 6049 3712 444 3603 8791 9960 7377 6836 894 2284 2786 3020 2798 8923 7158 7429 956 3359 9769 2284 5245 7491 6075 481 9220 702 6030 4361 6749 2670 1962 6847 7092 2500 504 2524 5664 3755 4031 2574 9168 7656 2059
9099 3700 0 507 3047 8985 7149 6911 7157 5448 1538 2776 4300 3540 4669 4546 982 2303 6927 2932 5100 4380 4010 8195 336 8437 8740 9012 1703 3468 6825 4243 4135 2830 912 7697 5475 6883 2133 8015 9350 4838 1720 1365 9163 6488 4446 7554 4050 6809
3574 2132 507 0 1260 5762 9991 9591 3616 7621 9509 654 4999 9911 1542 8879 711 1944 6222 6786 2420 8950 8123 9718 4775 5284 9965 6714 1891 1921 9494 9887 9688 6455 4299 9011 4992 7119 2627 9876 7873 1796 6871 9564 8488 5720 6095 306 9269 6982
5290 6554 3047 1260 0 8861 6789 3824 8261 413 7071 3132 3002 9274 5361 2225 5199 8535 8840 3665 6762 925 6857 2433 4038 9740 6214 9866 2940 3298 754 5648 8804 5758 6491 9668 6481 5858 4673 9493 9640 9297 5889 4656 8039 4186 7705 4924 499 3155
7112 8939 8985 5762 8861 0 7247 251 5981 1927 1518 9756 8664 5527 9020 880 22 1851 748 5504 4537 8271 1432 3654 6984 7781 1127 5062 7675 1488 102 932 9859 7334 8609 6129 5757 4093 9727 1907 4495 2181 3501 6414 7536 9397 5613 7102 5582 7340
1752 8693 7149 9991 6789 7247 0 4426 2742 6083 4495 9717 4536 4282 2869 1185 9343 7097 4945 5242 24 8826 1931 9810 7370 4724 327 4590 9526 7213 8534 6026 4785 4866 4686 1754 5549 2996 1668 4313 3144 9353 6582 5154 3531 6037 8892 51 154 9038
3769 6049 6911 9591 3824 251 4426 0 486 2995 9130 6871 419 3150 7689 5340 246 8846 7741 3541 8053 7491 2679 683 7709 6025 1353 8904 3632 6779 1378 2754 3710 5215 7390 8918 3127 5503 5452 64 6355 1570 8497 3477 9824 4379 5361 8736 9949 6186
8564 3712 7157 3616 8261 5981 2742 486 0 2387 9256 6809 5544 5218 5891 6992 3126 6303 1152 6918 5761 6075 3810 8464 1636 1174 9065 654 2788 5392 4622 4549 4875 1046 6093 8721 6824 8176 8623 8997 9235 6561 189 8972 7885 8563 8394 9931 5752 1567
5644 444 5448 7621 413 1927 6083 2995 2387 0 3034 3489 2174 1462 1126 4660 540 664 8937 6809 1420 9387 1878 3954 8234 7401 4759 367 7048 5000 1980 8991 4337 2275 6348 6071 3670 5972 553 7338 1951 4119 6325 833 6727 4991 7091 5201 4088 7917
8056 3603 1538 9509 7071 1518 4495 9130 9256 3034 0 5221 1384 3696 3529 5364 81 8655 4408 2382 2605 1627 4078 4391 5645 9619 6772 6546 9129 1180 2708 921 3560 9657 949 8236 9688 9977 38 4673 4710 404 6773 9615 9991 5611 7961 7112 3575 5538
3132 8791 2776 654 3132 9756 9717 6871 6809 3489 5221 0 1489 4113 7531 9054 8669 1152 9593 7853 5954 7903 8064 9824 3842 5001 5882 8100 3788 9078 4985 4857 2925 6814 6985 2824 7083 2078 4194 7873 9201 9399 1440 1672 3199 4076 939 626 2791 7726
8705 9960 4300 4999 3002 8664 4536 419 5544 2174 1384 1489 0 619 8232 6746 350 9648 1170 9913 726 2255 879 8308 9258 5782 9352 7302 4254 5544 2160 8618 9781 6435 5485 1397 5439 4539 3670 6910 82 6558 3921 4302 6384 2733 386 1291 3353 6373
3998 7377 3540 9911 9274 5527 4282 3150 5218 1462 3696 4113 619 0 8709 3751 1419 6599 4691 6467 7884 5625 414 701 2703 8701 6146 4324 3014 516 3655 9358 8784 8365 935 2937 5096 3843 9532 6816 3557 5801 1108 2608 5478 4896 4155 7701 2360 174
2957 6836 4669 1542 5361 9020 2869 7689 5891 1126 3529 7531 8232 8709 0 1996 3818 1850 5119 6272 8315 3265 5267 6357 5755 7166 8360 9157 8018 8297 8206 7058 2031 4545 4653 8365 5890 2688 3544 4193 3173 1135 1749 4815 8402 5233 8256 2808 7230 8103
8022 894 4546 8879 2225 880 1185 5340 6992 4660 5364 9054 6746 3751 1996 0 8526 8393 2092 5955 3964 5633 2174 5849 5090 3958 2680 3894 6996 9555 1162 2950 8504 3196 3563 7993 1822 1026 3738 7904 9652 181 8332 3990 6619 8945 7325 4526 9355 3028
7243 2284 982 711 5199 22 9343 246 3126 540 81 8669 350 1419 3818 8526 0 8645 5665 3624 1396 619 6872 4935 7125 8468 2065 7788 5233 3740 653 3309 7409 9369 1613 9609 1460 5400 5550 3953 6168 7091 4471 5859 4891 6960 3036 8727 9902 1900
2366 2786 2303 1944 8535 1851 7097 8846 6303 664 8655 1152 9648 6599 1850 8393 8645 0 4903 4616 7446 8529 7600 7232 9675 9287 4675 2243 5017 8473 1430 4700 8687 8270 6537 6470 3770 30 4596 6287 4562 736 5438 7008 384 6460 2524 865 8667 8114
4711 3020 6927 6222 8840 748 4945 7741 1152 8937 4408 9593 1170 4691 5119 2092 5665 4903 0 305 4542 1551 5128 6151 9764 2646 4086 2155 9576 8919 8441 7672 5808 3400 1853 1461 5593 1990 6803 2498 1671 3091 7591 3518 7712 3885 6843 9784 6445 6299
3887 2798 2932 6786 3665 5504 5242 3541 6918 6809 2382 7853 9913 6467 6272 5955 3624 4616 305 0 9553 3460 7609 3448 4696 2928 5115 3791 1712 9933 6321 7419 4136 6531 6313 9917 6607 7135 5559 7516 6521 3645 3691 2499 7570 7739 3596 8364 1734 7805
465 8923 5100 2420 6762 4537 24 8053 5761 1420 2605 5954 726 7884 8315 3964 1396 7446 4542 9553 0 1809 2838 9026 9859 8246 5645 4252 1424 6627 5377 6268 1291 7347 3469 5611 2271 9699 6681 7207 5991 6949 8832 8903 5393 6002 7562 7938 7158 6627
305 7158 4380 8950 925 8271 8826 7491 6075 9387 1627 7903 2255 5625 3265 5633 619 8529 1551 3460 1809 0 9220 7317 1904 204 7710 6488 4824 9284 2740 1291 8592 8423 8616 8175 7815 6907 3507 3707 135 9314 8831 6266 5911 6538 7624 5617 4019 3982
7061 7429 4010 8123 6857 1432 1931 2679 3810 1878 4078 8064 879 414 5267 2174 6872 7600 5128 7609 2838 9220 0 1072 5585 659 4572 6552 9249 7136 7531 141 2155 8796 8713 4622 5250 6186 4289 5633 1797 5337 1425 1773 9061 2876 6443 4871 881 8302
3491 956 8195 9718 2433 3654 9810 683 8464 3954 4391 9824 8308 701 6357 5849 4935 7232 6151 3448 9026 7317 1072 0 1434 1607 4971 8445 3452 7381 9839 3697 2270 1982 6315 1467 7600 8532 5127 3720 6036 4959 5738 4468 3094 4982 4831 6209 9184 744
6683 3359 336 4775 4038 6984 7370 7709 1636 8234 5645 3842 9258 2703 5755 5090 7125 9675 9764 4696 9859 1904 5585 1434 0 2565 8532 7273 5398 2512 511 106 6185 2363 8917 990 1054 5751 5620 5506 9673 40 2431 1439 2036 8185 7226 1176 7168 7061
6615 9769 8437 5284 9740 7781 4724 6025 1174 7401 9619 5001 5782 8701 7166 3958 8468 9287 2646 2928 8246 204 659 1607 2565 0 3662 825 4017 9448 8659 6655 302 5024 3827 4522 2266 4738 4802 7389 9927 7372 6308 4974 8768 453 1062 6094 6809 2302
4239 2284 8740 9965 6214 1127 327 1353 9065 4759 6772 5882 9352 6146 8360 2680 2065 4675 4086 5115 5645 7710 4572 4971 8532 3662 0 702 8199 3047 4671 896 2776 1403 4015 1295 4684 9325 9483 4448 4760 4683 8443 5300 5447 3396 9500 6944 1788 4
6558 5245 9012 6714 9866 5062 4590 8904 654 367 6546 8100 7302 4324 9157 3894 7788 2243 2155 3791 4252 6488 6552 8445 7273 825 702 0 3428 6303 9082 4276 3089 8475 7282 84 4333 3775 2023 9357 2007 7459 9002 7079 5757 8397 4721 8324 6775 911
7839 7491 1703 1891 2940 7675 9526 3632 2788 7048 9129 3788 4254 3014 8018 6996 5233 5017 9576 1712 1424 4824 9249 3452 5398 4017 8199 3428 0 8461 6345 5289 2055 9792 7326 4350 1302 8129 5080 3951 7339 75 1607 1411 3870 1349 6513 887 594 9757
7908 6075 3468 1921 3298 1488 7213 6779 5392 5000 1180 9078 5544 516 8297 9555 3740 8473 8919 9933 6627 9284 7136 7381 2512 9448 3047 6303 8461 0 3385 5581 7105 9951 9603 6980 9892 2808 1457 8293 5201 9632 2097 2851 6704 3805 8342 665 920 1409
3488 481 6825 9494 754 102 8534 1378 4622 1980 2708 4985 2160 3655 8206 1162 653 1430 8441 6321 5377 2740 7531 9839 511 8659 4671 9082 6345 3385 0 1673 9245 1599 4375 5712 2669 2040 9936 9245 4482 7651 1036 6201 1710 3586 6634 9772 9098 6461
2336 9220 4243 9887 5648 932 6026 2754 4549 8991 921 4857 8618 9358 7058 2950 3309 4700 7672 7419 6268 1291 141 3697 106 6655 896 4276 5289 5581 1673 0 3820 4409 2662 9392 7031 6118 852 2435 7676 3703 3714 4163 5631 1210 1416 2299 5947 399
258 702 4135 9688 8804 9859 4785 3710 4875 4337 3560 2925 9781 8784 2031 8504 7409 8687 5808 4136 1291 8592 2155 2270 6185 302 2776 3089 2055 7105 9245 3820 0 2412 2618 5587 4994 4782 2116 7106 9502 4026 4046 3763 6796 3854 2325 6997 3993 3525
1669 6030 2830 6455 5758 7334 4866 5215 1046 2275 9657 6814 6435 8365 4545 3196 9369 8270 3400 6531 7347 8423 8796 1982 2363 5024 1403 8475 9792 9951 1599 4409 2412 0 6996 2844 6142 6082 3511 4219 8669 8625 3816 1556 9750 4125 4828 7915 3037 137
5301 4361 912 4299 6491 8609 4686 7390 6093 6348 949 6985 5485 935 4653 3563 1613 6537 1853 6313 3469 8616 8713 6315 8917 3827 4015 7282 7326 9603 4375 2662 2618 6996 0 1960 683 2263 3391 9579 2222 9443 8189 9427 3016 187 6016 6066 1217 1307
6005 6749 7697 9011 9668 6129 1754 8918 8721 6071 8236 2824 1397 2937 8365 7993 9609 6470 1461 9917 5611 8175 4622 1467 990 4522 1295 84 4350 6980 5712 9392 5587 2844 1960 0 4480 2166 8401 8442 2996 4793 8000 8849 9113 7967 8756 4992 7783 2188
4836 2670 5475 4992 6481 5757 5549 3127 6824 3670 9688 7083 5439 5096 5890 1822 1460 3770 5593 6607 2271 7815 5250 7600 1054 2266 4684 4333 1302 9892 2669 7031 4994 6142 683 4480 0 3265 7626 9826 1966 5504 7585 7520 4189 6088 8863 3882 8020 255
7006 1962 6883 7119 5858 4093 2996 5503 8176 5972 9977 2078 4539 3843 2688 1026 5400 30 1990 7135 9699 6907 6186 8532 5751 4738 9325 3775 8129 2808 2040 6118 4782 6082 2263 2166 3265 0 1024 6798 8027 3894 6470 6324 3603 2251 257 4037 7126 2640
6063 6847 2133 2627 4673 9727 1668 5452 8623 553 38 4194 3670 9532 3544 3738 5550 4596 6803 5559 6681 3507 4289 5127 5620 4802 9483 2023 5080 1457 9936 852 2116 3511 3391 8401 7626 1024 0 6924 4157 15 5606 2443 5946 2797 7173 4506 7836 1103
6543 7092 8015 9876 9493 1907 4313 64 8997 7338 4673 7873 6910 6816 4193 7904 3953 6287 2498 7516 7207 3707 5633 3720 5506 7389 4448 9357 3951 8293 9245 2435 7106 4219 9579 8442 9826 6798 6924 0 5411 3560 7048 7500 2835 8276 1657 8597 2745 5721
8864 2500 9350 7873 9640 4495 3144 6355 9235 1951 4710 9201 82 3557 3173 9652 6168 4562 1671 6521 5991 135 1797 6036 9673 9927 4760 2007 7339 5201 4482 7676 9502 8669 2222 2996 1966 8027 4157 5411 0 7623 8208 5038 1768 5498 5819 9448 8281 3574
3627 504 4838 1796 9297 2181 9353 1570 6561 4119 404 9399 6558 5801 1135 181 7091 736 3091 3645 6949 9314 5337 4959 40 7372 4683 7459 75 9632 7651 3703 4026 8625 9443 4793 5504 3894 15 3560 7623 0 1379 63 8216 6157 6204 9664 2116 9869
2303 2524 1720 6871 5889 3501 6582 8497 189 6325 6773 1440 3921 1108 1749 8332 4471 5438 7591 3691 8832 8831 1425 5738 2431 6308 8443 9002 1607 2097 1036 3714 4046 3816 8189 8000 7585 6470 5606 7048 8208 1379 0 8138 1356 1368 2326 156 5059 8690
1157 5664 1365 9564 4656 6414 5154 3477 8972 833 9615 1672 4302 2608 4815 3990 5859 7008 3518 2499 8903 6266 1773 4468 1439 4974 5300 7079 1411 2851 6201 4163 3763 1556 9427 8849 7520 6324 2443 7500 5038 63 8138 0 6741 2909 5807 4566 1974 3150
6745 3755 9163 8488 8039 7536 3531 9824 7885 6727 9991 3199 6384 5478 8402 6619 4891 384 7712 7570 5393 5911 9061 3094 2036 8768 5447 5757 3870 6704 1710 5631 6796 9750 3016 9113 4189 3603 5946 2835 1768 8216 1356 6741 0 2378 3563 2681 7362 4018
4503 4031 6488 5720 4186 9397 6037 4379 8563 4991 5611 4076 2733 4896 5233 8945 6960 6460 3885 7739 6002 6538 2876 4982 8185 453 3396 8397 1349 3805 3586 1210 3854 4125 187 7967 6088 2251 2797 8276 5498 6157 1368 2909 2378 0 9545 1074 5459 1731
6829 2574 4446 6095 7705 5613 8892 5361 8394 7091 7961 939 386 4155 8256 7325 3036 2524 6843 3596 7562 7624 6443 4831 7226 1062 9500 4721 6513 8342 6634 1416 2325 4828 6016 8756 8863 257 7173 1657 5819 6204 2326 5807 3563 9545 0 5682 1275 1438
3781 9168 7554 306 4924 7102 51 8736 9931 5201 7112 626 1291 7701 2808 4526 8727 865 9784 8364 7938 5617 4871 6209 1176 6094 6944 8324 887 665 9772 2299 6997 7915 6066 4992 3882 4037 4506 8597 9448 9664 156 4566 2681 1074 5682 0 2305 7880
3157 7656 4050 9269 499 5582 154 9949 5752 4088 3575 2791 3353 2360 7230 9355 9902 8667 6445 1734 7158 4019 881 9184 7168 6809 1788 6775 594 920 9098 5947 3993 3037 1217 7783 8020 7126 7836 2745 8281 2116 5059 1974 7362 5459 1275 2305 0 5264
859 2059 6809 6982 3155 7340 9038 6186 1567 7917 5538 7726 6373 174 8103 3028 1900 8114 6299 7805 6627 3982 8302 744 7061 2302 4 911 9757 1409 6461 399 3525 137 1307 2188 255 2640 1103 5721 3574 9869 8690 3150 4018 1731 1438 7880 5264 0
