150
0 879 9974 8136 4500 3485 544 8881 3169 8964 3893 9001 9786 5436 8841 5006 8986 3680 5649 9127 4797 1896 7288 9872 2075 4026 9940 1023 363 8829 9356 2792 1643 3138 1576 2489 5183 7447 450 9391 8796 2921 3730 7307 355 9072 1385 3956 545 3998 6995 9697 168 1827 395 3015 6205 7048 7223 8760 3928 5687 9364 6910 8130 4411 4372 1695 7028 3849 9468 6050 2415 4632 8027 7411 2867 8131 3693 428 3636 8807 8980 1203 1980 1670 987 9488 203 182 779 1348 6521 9366 7975 1744 3573 1829 6555 7724 2781 2768 1778 7766 565 2436 1027 1552 4515 1525 5167 1900 9335 6018 2969 9024 1008 1994 7723 7897 3889 2484 5675 4516 6223 2347 4494 7943 8725 7544 5079 5509 8650 8014 7642 2222 7222 5851 1984 5141 3249 2780 1165 4676 5830 7020 6477 4310 6374 163
879 0 4140 5926 834 3965 4840 3809 9537 2880 3226 9096 6062 5340 1810 3340 2499 4087 1695 5889 4816 7118 2525 8089 1378 7875 6736 3494 4216 8374 9687 2777 8877 7409 3873 10000 1477 8036 2742 2270 7690 3997 8944 4752 2003 7101 9041 660 8038 4661 1099 6460 343 774 4315 1254 4556 3875 7188 3090 2832 7362 3222 5369 65 6887 1779 9762 2313 7347 558 5031 5131 4409 2726 2421 1791 727 5850 6722 8888 224 439 1430 1061 870 1942 4308 8140 5911 9225 853 2951 2434 814 2032 8522 8379 9425 9611 2824 1502 4855 6090 4124 1602 1350 8461 5219 4999 814 2189 7658 8748 9243 4507 4999 290 6704 8034 2642 5103 166 9090 2083 1970 3139 5529 3428 7030 1132 1960 4348 2033 5330 8965 4013 2683 3028 7293 3661 2367 1697 1392 4740 1387 100 3595 3022 1754
9974 4140 0 6275 6525 9276 8735 4076 6878 2675 8078 4259 3378 9527 1953 4912 3240 5985 1661 1079 6880 9619 3408 5525 54 5792 1369 1035 7363 4951 4360 731 8181 7278 1681 3544 9386 2976 6206 8967 592 1524 8230 1382 7126 8315 5918 2017 1536 6134 39 1534 4422 9450 7116 2318 298 3315 645 2425 6191 4471 6988 373 5982 6157 2118 1025 7345 4311 7503 5256 3045 27 4134 5135 422 7372 4179 5931 5770 7063 9223 2059 8925 2769 7251 4380 706 7296 6754 3783 9238 705 3076 9701 8785 8700 7924 9776 1850 6311 4776 9876 177 8848 1971 7255 726 2080 4001 4692 2448 2363 5674 8882 7839 6304 3978 7675 452 9796 4435 7017 652 479 1507 8607 7892 4566 3627 3850 404 3034 7563 9157 735 116 8964 8456 1587 7770 9252 6813 5064 6562 7537 5221 3519 785
8136 5926 6275 0 5603 6195 3392 2853 9383 7660 8716 6074 1616 2319 4832 9420 1 9623 6463 8615 6084 4754 7055 8069 4202 4344 2513 843 5224 9624 1830 9449 2324 5852 1926 9119 7761 8899 9454 1569 9836 712 123 349 3479 9109 8764 4780 6383 8121 5143 8710 984 8907 2953 1915 2621 3530 4233 6826 292 7447 6291 6891 7091 7540 7709 124 4987 2216 3124 534 5115 6016 835 9658 7653 8918 224 9620 4244 4090 1257 4384 6210 8066 967 8862 1067 7816 2129 9347 9832 8339 6628 6470 7021 7645 218 7322 1862 1755 6081 6730 5755 4305 8286 8939 5923 9584 641 8716 6961 7271 1888 3105 8029 5100 9485 5294 7897 6681 6509 6972 1437 8811 8696 4987 6380 2751 3262 8075 717 5754 2745 1250 5539 9165 9269 9835 733 9554 3272 9613 5682 1441 6001 8485 5507 6743
4500 834 6525 5603 0 5484 2060 6853 1544 6868 7833 7521 9071 6741 2754 7993 3452 9566 3720 4193 6831 947 8920 8969 7445 77 9537 2917 9408 7787 7757 4308 4107 3060 5207 5516 5659 5873 3337 9556 865 6186 1789 4402 430 495 3105 1036 2649 2103 9607 8627 6860 4621 8188 5630 177 5978 7203 9376 2740 4581 3409 9762 5006 7174 9241 5648 7759 294 7922 1960 1238 1351 8416 8200 3340 3833 60 5299 4079 7715 8601 6041 2161 977 7914 4782 1961 7006 3556 9878 8757 2746 9088 2145 2924 4191 3341 6475 3192 826 8556 6815 4996 7550 8692 3609 4120 2285 3104 479 2974 615 5694 3879 6850 6436 5739 6271 6298 806 5632 1000 4066 2196 1298 1752 8753 1624 3359 1825 7221 4668 4793 6128 8715 7568 4572 8422 4561 2420 3579 3634 9641 8194 583 1516 677 2087
3485 3965 9276 6195 5484 0 7841 9253 9169 7736 9257 7840 8397 2631 1634 8663 4625 1528 3139 3715 5128 9646 3236 5667 3036 9598 1991 6704 1201 5037 9450 7175 3900 52 9465 9849 7354 1478 8601 1039 5975 4235 9948 5324 1154 7524 8383 4740 7179 6 9037 1945 6236 4164 3849 7642 8412 1211 7576 8948 9075 2514 6159 3277 2428 8160 6721 1937 3758 3424 9090 8467 1948 6197 5803 6071 7619 6650 9251 8855 8051 3934 9993 1610 6469 3013 7181 5485 5885 236 8550 4656 9914 7728 7546 1709 7675 7702 3059 5446 4126 8143 3164 7804 4765 1684 9886 5546 4368 4658 2139 2203 9883 1439 2196 7576 3146 4501 6853 9028 9521 8157 6662 5204 1212 5490 8953 2041 947 1917 6137 2700 7242 6392 5592 0 2138 4008 5378 9921 4781 4192 7540 9197 1869 1377 2108 2034 1414 1372
544 4840 8735 3392 2060 7841 0 6730 4296 8583 6415 7244 4989 5532 3163 9838 8125 5464 295 8937 8629 3271 4080 8157 3338 8352 5175 5228 1795 5761 1465 9560 1184 358 7681 1334 1736 3899 7816 1891 719 7362 2966 8139 9727 6254 3292 9502 8687 7633 7466 3873 2960 5399 1804 8913 9470 3716 7644 1248 2830 2150 3750 5529 2772 5229 4912 1445 3198 9004 1931 5060 9344 5791 6362 1640 6202 8658 6641 3304 2282 7212 6926 2042 3733 7076 7886 51 5920 3618 4057 2360 5978 4380 2174 2021 3160 9148 7087 1461 1508 8176 8841 2766 6502 362 4561 3500 4415 7917 7329 4901 9423 1583 7594 9518 5780 9735 4993 2787 3717 867 34 9692 9781 6269 4445 6111 7540 3845 9403 6644 5706 1276 5155 9804 7554 8882 1491 3949 1672 8849 129 7090 3268 6790 238 9571 7900 4236
8881 3809 4076 2853 6853 9253 6730 0 5716 6648 1380 4841 5063 5206 7706 6939 5177 6835 7864 9523 6796 1759 9782 1050 8466 7885 3365 1236 2437 8651 8122 758 4057 111 9215 2454 3978 3013 6795 9957 1351 4170 2981 421 6894 3959 2487 7197 3436 7100 5288 3186 5287 5631 5276 9979 9650 9895 3125 2371 8332 7631 3546 3476 9597 9087 7902 5657 4898 5065 8763 3748 5739 9308 5715 3337 8453 7441 394 9539 6644 9795 4692 7491 8570 1042 4398 7662 622 8177 8867 7584 3487 2514 3773 6713 7870 8440 8277 1927 4837 3972 6235 5060 401 3829 3822 6726 5375 1438 1880 3260 5157 5354 2378 8954 4355 9794 6575 2502 3526 2445 7715 2653 451 713 9406 4260 863 3779 1473 7891 1318 21 7788 6101 695 7356 5909 5657 1709 2784 4748 6721 5270 9191 3903 7672 2985 1195
3169 9537 6878 9383 1544 9169 4296 5716 0 1493 7892 3753 3215 8366 5459 5860 7396 559 476 2821 9030 1369 1937 6831 1866 3750 5728 5734 8413 678 7447 9418 7965 4525 1549 7057 833 1800 7319 4083 2690 8678 9944 6637 1700 9073 6198 2846 1061 6442 4885 6959 4526 3999 7916 5019 1421 6136 4886 1027 6393 3287 3480 6129 2340 6803 5183 5049 3082 9446 3256 3823 5403 5684 103 9844 6836 4709 5712 3351 3266 8438 7140 3991 6383 3846 9956 6049 1941 9826 3173 8324 4883 2269 2060 6501 1060 2600 5554 7748 231 2956 2246 492 7961 8148 2704 5363 6581 7927 1748 7549 9366 2758 1571 4549 292 8503 1483 1087 3133 8897 638 7607 3080 213 894 1467 5277 9490 4857 2589 7871 4158 3973 4768 3993 5248 6012 5601 2998 6520 4955 1523 2798 98 6248 7046 2919 8301
8964 2880 2675 7660 6868 7736 8583 6648 1493 0 3788 4237 5062 731 713 9506 6263 4972 2814 9763 6096 5498 6229 7366 9548 3695 1884 8805 9110 5448 1353 2680 8676 8052 2795 2917 8102 4931 9478 9270 9580 6897 7169 171 3960 8515 9212 6260 7408 5700 1 6527 148 7903 6222 1815 8191 9082 6009 1325 2421 2354 4120 6893 5598 707 3964 5545 6543 2956 3428 6382 5423 2470 7322 2183 8814 3111 9540 3614 4407 5074 3897 3760 1644 1355 8277 353 9017 1472 3593 2738 1843 4206 7541 7617 60 4766 161 8135 2986 7179 1750 848 3456 3190 2670 8665 2260 2055 7104 571 1700 7892 5330 8479 9800 5772 1957 8506 1319 6083 2268 7483 8031 1828 8404 3328 8340 9657 4264 1597 1096 2951 5577 9163 1475 289 4807 9254 2973 6022 659 4514 4568 1784 6861 4089 5745 7599
3893 3226 8078 8716 7833 9257 6415 1380 7892 3788 0 976 2844 2083 3788 5772 4304 4432 7180 5724 3193 729 6272 3019 2202 7054 9113 7920 3208 8620 117 6593 1595 6770 4461 6042 6125 8647 203 3802 3981 7441 6084 8099 4057 3138 8427 2662 98 7964 2126 1551 4874 3936 2552 7698 8438 6038 3461 3397 3081 135 7817 5082 4654 9640 9518 1581 2722 1058 7085 339 1157 8214 3696 1226 6408 5690 5557 9782 4751 6485 2262 7186 5122 8498 5544 4022 7405 2450 2103 8250 9444 8928 2177 502 3053 2185 6025 8972 9149 6486 6092 7277 5538 6169 3451 7563 7027 3680 7969 3267 3542 2656 1503 2384 2398 1864 4595 1113 4775 1023 9373 2256 1110 3886 7888 6415 4600 3530 6242 3923 7146 347 9778 2418 656 3128 1859 5886 601 9151 3145 9889 2799 1717 8228 6424 1651 5887
9001 9096 4259 6074 7521 7840 7244 4841 3753 4237 976 0 2186 5565 6958 5983 6033 5171 6699 5157 1470 5432 940 4187 449 4662 3359 641 3844 1136 5524 2718 9685 795 1581 6383 730 753 5032 3714 2853 1440 8958 3006 85 9253 659 3100 7104 5180 3439 3073 6108 7609 1428 9981 4858 2023 9362 628 8468 8648 6713 7643 9161 1355 7396 4602 1798 8439 3263 128 8292 7755 2469 1495 8307 9371 181 6677 335 8587 3644 3587 8959 154 1772 7404 9156 584 184 3757 7105 9549 7242 6119 7729 2562 4377 2125 6604 4021 9225 9378 7048 6410 9472 237 5884 8492 4299 3316 3450 8727 8702 9436 6761 9685 3122 7051 9040 7198 2163 1002 5871 5733 8526 132 7682 4697 822 6061 8021 787 8337 2108 9882 1782 4691 3316 6110 1478 5612 3468 4245 3020 4511 7559 3876 3629
9786 6062 3378 1616 9071 8397 4989 5063 3215 5062 2844 2186 0 9733 1310 1326 8245 2116 8115 6681 2989 5020 9851 9308 7970 9909 7625 7324 4414 9815 4036 9170 4423 9359 4113 1635 8505 7650 1072 2204 4215 7683 1896 4884 7246 7941 8793 8520 9595 1923 9217 9022 3777 6041 8622 6844 7879 6049 9055 6403 7283 1275 8511 8035 5994 3065 9606 2701 4214 10000 7720 5900 9210 2185 5768 5624 4944 7795 4633 4498 1870 2846 2353 8364 2225 6265 5889 469 9980 3969 4141 9780 5147 7866 1604 7261 3983 5603 2253 3326 5890 6549 9558 5356 819 4124 2663 5631 4230 2041 6016 8147 7084 8323 8660 4237 9858 2583 7808 6048 6343 1287 8713 6096 734 9486 5273 9142 1640 5410 9179 6374 5665 8116 9993 6127 8424 186 8957 3579 9818 8805 9488 7050 5906 8322 3770 4379 5128 3517
5436 5340 9527 2319 6741 2631 5532 5206 8366 731 2083 5565 9733 0 1217 7389 3468 6209 9855 5918 581 6964 8227 3387 2035 8283 6026 1207 6934 5264 244 7400 9968 3484 5297 3167 6775 2207 4206 3259 9800 50 9535 31 540 3540 7470 6203 4187 383 9318 2126 5277 3537 6870 7148 7458 6153 3764 6955 1595 4340 3669 7920 1144 4604 7998 2523 7853 3928 8466 6093 3238 5658 305 6658 5409 1605 3537 3281 1865 5666 3857 5528 3561 3397 3132 1546 5481 7364 1093 4496 7065 4963 1850 2498 7607 8850 1919 1833 7519 7009 264 8373 1149 6037 8982 6058 8448 9393 5230 9170 3310 9323 2627 1855 113 7921 5118 5085 2929 818 8064 2524 9937 8099 2819 3760 7883 2838 3800 8371 9539 5153 7860 4187 4438 7024 8864 5828 4902 1053 8564 6096 5100 7629 2897 938 299 7836
8841 1810 1953 4832 2754 1634 3163 7706 5459 713 3788 6958 1310 1217 0 6534 3888 4961 420 1280 983 70 8163 4096 4242 6366 6189 7064 9397 9641 9300 8915 2884 3483 9256 1915 4723 671 5251 3376 3210 9177 324 3888 8858 3428 8905 8029 4214 6381 6795 2375 4580 3342 2274 9747 439 337 6787 6386 4442 8255 6105 1345 5083 4080 7136 7072 1057 9540 3795 1549 4543 6995 7733 8308 4622 5880 1487 1134 4933 5451 1265 6397 8062 9524 3903 4166 8012 9133 24 9454 5733 8054 1657 914 2131 8309 663 8069 1940 9011 3452 6875 3210 1189 9520 4654 275 1349 8252 6027 2340 9655 6838 5550 9109 6307 202 9350 4333 7579 4124 6052 1010 6570 8308 8893 7378 6820 8804 2485 9174 7593 8771 1448 8771 9089 2355 7622 5864 7542 8472 4808 9521 8570 8400 1187 9450 9778
5006 3340 4912 9420 7993 8663 9838 6939 5860 9506 5772 5983 1326 7389 6534 0 6962 7582 1688 3061 4998 8889 6567 2791 5224 3374 5210 6528 8599 3947 6467 459 1658 2755 1108 1310 4596 3260 6555 9536 6385 4091 190 1994 6579 7208 1438 2491 9228 3830 7600 3533 5105 6311 6644 1526 2959 435 5696 2824 2817 1438 8772 9562 3919 9996 2588 5592 9384 5965 3686 6923 5991 2278 7694 6894 4347 5874 7596 6567 2719 8804 7439 6250 4500 2830 1723 866 8786 7388 3928 9641 2120 659 3244 551 7529 6629 9098 3320 4836 3262 6489 4791 6537 566 8426 1458 3719 4408 9779 2250 1218 1073 9308 1192 7817 6072 1883 4942 8731 2793 5004 3468 9545 5347 6383 4665 6326 9783 3134 5370 269 5946 5020 6745 6384 3191 7495 4856 4887 4044 2207 3040 3109 2997 5205 5496 8421 8408
8986 2499 3240 1 3452 4625 8125 5177 7396 6263 4304 6033 8245 3468 3888 6962 0 4053 1240 7986 1812 5847 9403 184 3741 8033 9531 4641 7176 1682 9903 6382 9219 7020 2530 4635 7831 1474 2207 5850 9687 8104 9649 3962 2218 2196 6219 5226 819 6675 2805 2774 160 6099 6728 7775 4278 1355 9682 628 9383 4649 7334 9076 9342 9349 2759 1759 3413 808 9372 4547 8969 2287 5505 5 6327 4317 6210 6503 4821 4608 6502 4246 4450 4364 2882 871 6718 7713 889 2776 820 7773 7263 6239 4288 7837 4135 1594 7968 8578 4592 2990 4586 4626 5653 7454 3110 6891 9952 7535 4737 5725 8534 5266 2859 9562 6159 8738 1640 541 5272 1515 1562 8877 3398 3206 3335 2527 1488 1221 3638 2551 556 3184 4596 3472 7889 1639 4711 413 1640 2989 8075 3102 3697 9458 6321 1845
3680 4087 5985 9623 9566 1528 5464 6835 559 4972 4432 5171 2116 6209 4961 7582 4053 0 1635 6790 3006 7210 1158 4749 6556 1245 6991 3756 4274 7994 4259 2297 3627 1397 1395 961 6190 4341 6453 2753 9438 8435 675 6060 648 6202 4678 3985 5340 7955 628 7023 8266 1858 143 2502 6804 6939 8323 5541 6090 698 3463 7889 964 4990 3554 7738 6456 4033 4684 1697 8075 7309 7967 3262 1227 9880 4177 9986 4523 1998 9850 3543 448 2861 4697 6864 52 1203 408 2649 3436 2548 9183 6953 4563 556 6860 987 5802 3899 185 3410 7950 6531 4002 1318 1285 3373 103 8484 9040 3431 6989 5876 7790 7550 7075 9651 9557 3114 6569 6494 4992 5073 4965 5389 3713 7671 2969 5372 4922 5785 9982 14 2345 1279 6461 9151 8086 7030 4147 9709 3992 2401 5834 7688 7951 3877
5649 1695 1661 6463 3720 3139 295 7864 476 2814 7180 6699 8115 9855 420 1688 1240 1635 0 9986 4666 2913 8684 9932 5800 5936 9496 7489 5193 9660 8749 1061 8676 4092 5143 1409 125 3378 5170 1788 7876 1491 9847 2468 8511 7005 425 6108 1516 2757 340 8806 6419 7403 1757 3778 204 74 3594 2872 2468 6275 6535 2752 5330 6048 9938 9555 6409 3148 6431 5078 5588 2918 1553 411 5886 9151 5596 1843 8024 784 5778 2852 5094 3871 257 438 6561 7529 1941 7997 9860 8724 9877 5415 8296 3746 729 5046 2717 977 7656 1998 3437 4912 8401 6071 6674 3263 9550 8448 3281 5304 7313 2683 2076 3478 5098 2718 249 1509 9394 1146 6424 2206 5127 558 3161 5742 9910 1679 6530 89 4354 3917 9044 1003 5291 6709 6059 9516 3142 4890 80 3150 86 3426 7666 3085
9127 5889 1079 8615 4193 3715 8937 9523 2821 9763 5724 5157 6681 5918 1280 3061 7986 6790 9986 0 9192 9852 9942 856 5547 2498 8411 7301 3413 7857 42 2561 8931 2966 9405 1903 8294 139 4375 1482 2698 6920 5076 2098 7249 6638 8747 9182 6933 6094 8829 2335 59 9153 653 1511 6415 1157 7321 2326 970 1593 4908 3391 3640 4689 5347 8860 7684 1349 1016 6448 1088 1029 2717 4967 4505 4167 2196 9213 8816 5723 7449 9357 1347 3337 6889 87 2802 8430 3758 9223 4617 4 8496 8107 1878 8703 4864 7075 790 9600 1548 8291 1947 8038 2306 8414 5421 7698 7934 2505 6348 1277 5071 2048 7893 278 4802 4894 995 3520 1271 3661 6664 4019 9053 7799 2061 7227 2580 6515 2098 3591 2414 442 5584 3227 8514 9364 6915 9055 2253 7888 9199 1891 5351 491 2906 9998
4797 4816 6880 6084 6831 5128 8629 6796 9030 6096 3193 1470 2989 581 983 4998 1812 3006 4666 9192 0 8004 9289 3784 6851 1039 7403 59 4588 9241 2046 2764 8011 5879 6609 9693 7703 6264 1644 2991 5818 9947 6981 2148 8947 2702 2033 1117 4386 2549 6828 6613 1935 9712 9018 6557 3037 5558 4184 2559 8748 1565 5077 2131 8983 7580 5736 8275 3257 8981 996 3698 9604 5710 2016 2143 8454 2517 7618 5268 28 4334 7955 9869 6101 9035 9339 9797 8422 6634 1296 8811 4427 1271 5011 7853 460 4540 9135 6021 6347 9822 4513 3881 2952 824 9270 2831 2961 1256 1885 9018 4545 312 6124 9039 7172 5952 3968 2501 4811 1567 4634 7374 5984 6172 6210 732 9868 9969 516 6207 7346 7820 4450 5567 5650 4736 1469 3443 7327 9368 5080 3452 8170 91 251 4433 2655 5245
1896 7118 9619 4754 947 9646 3271 1759 1369 5498 729 5432 5020 6964 70 8889 5847 7210 2913 9852 8004 0 6146 6058 5423 9488 5196 2167 9433 2543 7892 6762 5771 8266 5798 4562 3429 7147 9601 3755 4445 5442 9572 5954 815 5708 4930 8552 6547 8777 1757 4435 4245 6107 9349 9195 6202 5601 773 6276 672 9981 8915 7792 3271 1294 8405 957 5924 5344 5726 8131 7479 1508 2993 2622 2822 3312 5327 1444 5287 3495 8181 4938 6167 3706 6616 9772 7069 157 3040 7016 1136 1537 7131 4935 7567 4321 3140 7728 4567 2488 9020 4275 8450 9007 663 9124 5072 2663 1223 3219 2466 9274 475 7993 63 3765 7631 8946 7027 8252 5802 3246 7805 2876 8495 4600 8976 1956 3521 9281 3751 2581 1924 1995 5299 2949 7624 7427 5523 6460 7508 8347 1146 8230 6638 9389 498 1610
7288 2525 3408 7055 8920 3236 4080 9782 1937 6229 6272 940 9851 8227 8163 6567 9403 1158 8684 9942 9289 6146 0 9035 381 9293 837 3246 807 1014 2771 6213 5497 5643 7424 7124 9100 1195 9877 2304 9733 1260 6342 4101 3121 240 72 8461 7288 439 5971 3841 2265 8051 7268 5060 3877 7110 7155 7555 7526 385 2021 4923 8139 7393 9288 1466 3325 7191 5066 2879 5733 7076 712 3696 112 1261 3199 9847 2082 2800 575 5724 4361 6142 7911 2382 5791 4355 6998 6642 3099 6683 453 2762 5752 2975 1070 8535 5651 8447 6280 1670 8484 5998 9771 5307 9712 2334 3020 9860 1325 3364 974 2659 4327 6714 673 3534 5771 2201 460 2086 1145 7801 5674 2092 2898 6578 5889 3647 2059 7840 4727 1357 5435 8977 7928 4292 2721 2435 1261 2136 4153 5388 193 436 3271 3553
9872 8089 5525 8069 8969 5667 8157 1050 6831 7366 3019 4187 9308 3387 4096 2791 184 4749 9932 856 3784 6058 9035 0 6273 8291 4272 1645 6247 106 7338 7203 5114 7694 1047 4939 7766 7455 9254 7958 5568 9267 4485 1594 3999 7412 1184 6850 7998 5570 7146 7051 2752 9771 4031 4996 8210 2979 3767 6144 2217 2180 8871 3632 7338 3744 6670 136 8220 8628 3747 2056 9424 7783 4708 2924 3747 6032 5269 4651 737 822 7139 3731 3287 1057 2643 105 5998 8732 3367 6877 7766 2592 5623 4061 838 5121 5663 5511 2410 4176 9790 4304 4731 8756 7433 6302 1776 6926 6583 6586 7329 2558 7974 3953 5729 8251 6312 2249 5676 8457 6980 1093 2426 6446 2466 715 4219 7748 2475 2531 8000 7404 8827 1042 9503 2118 4391 9618 9228 7933 681 3282 2348 5199 1368 9215 3617 9220
2075 1378 54 4202 7445 3036 3338 8466 1866 9548 2202 449 7970 2035 4242 5224 3741 6556 5800 5547 6851 5423 381 6273 0 5244 2631 8829 9007 4293 8258 5315 3929 2318 8584 9555 3412 6537 1297 5356 5121 9677 825 6887 9800 9160 3116 3129 9474 9391 2959 6917 989 5959 5418 6157 1332 4949 5335 6958 9905 4415 8130 6453 7253 9120 8757 9334 9802 509 1925 8148 9230 3007 6864 43 945 1089 4201 9849 6728 4113 1699 377 9409 1588 8561 4144 5067 2846 8785 5213 2291 3940 7150 8748 8061 1621 8293 5357 9359 3302 5064 6504 4846 4552 3375 2120 5162 7903 6066 9783 4733 6561 3886 4668 1108 2699 4231 882 9154 1709 8506 6854 4408 3398 432 4931 8112 5846 5182 3283 6096 518 338 3937 8965 840 8735 3643 1279 268 1775 5114 8156 5975 8053 4730 5769 4652
4026 7875 5792 4344 77 9598 8352 7885 3750 3695 7054 4662 9909 8283 6366 3374 8033 1245 5936 2498 1039 9488 9293 8291 5244 0 2836 673 549 6516 7717 9785 8189 9931 6644 5963 7181 4957 3001 9963 4831 7385 1068 6300 6000 585 8123 2192 2541 4107 1366 780 4257 2584 2979 1343 8954 1317 8431 1578 3445 8144 7159 9667 1829 8710 7848 2652 2127 4166 5877 5346 3248 3207 7825 2480 9157 4637 1433 8641 2390 202 9774 2790 6348 1680 851 1630 7105 2535 9167 6589 8236 3333 4735 4335 7492 7070 3610 3131 7280 5334 1183 2735 3253 3444 3090 6665 7039 1134 4217 3744 9409 4431 6020 2262 8092 7004 1409 1163 3706 643 4265 7495 1463 6584 9944 7646 361 1971 5691 7063 8429 1841 9379 3371 684 479 4816 1305 8482 1349 2435 8444 3925 4533 2202 2531 6672 1626
9940 6736 1369 2513 9537 1991 5175 3365 5728 1884 9113 3359 7625 6026 6189 5210 9531 6991 9496 8411 7403 5196 837 4272 2631 2836 0 7040 3835 8386 9955 8492 5103 9524 9808 6857 7989 5472 779 7737 5736 2771 4762 1478 8114 5206 6470 6654 6009 6252 232 6421 215 6532 6289 9202 9407 4685 3047 9151 7618 9626 9244 3791 672 1956 832 5159 813 5125 5465 5676 1806 6480 4656 5638 4919 9994 2916 2230 6605 8703 3739 7772 4504 7305 7692 6036 2575 9546 6163 6765 7875 1007 9246 6477 7847 8456 1436 7128 8557 8715 1122 1724 3955 6706 8600 3828 2399 7884 4381 5029 5617 9906 487 4725 51 1650 8168 8743 8273 656 5912 8378 6469 3030 6694 8949 1544 1781 2107 1709 1143 3828 7012 6828 1040 6185 7 7249 312 7037 4884 5730 4564 4305 7650 5157 3124 9058
1023 3494 1035 843 2917 6704 5228 1236 5734 8805 7920 641 7324 1207 7064 6528 4641 3756 7489 7301 59 2167 3246 1645 8829 673 7040 0 9707 5799 5188 3955 5076 4778 6880 7347 9377 4543 7244 5349 6894 8211 5653 5877 8856 9821 4575 8404 6456 1901 3827 2528 9661 4634 8096 2041 5732 5006 1635 5743 2809 6577 1755 733 4041 2166 2451 914 5055 8710 421 1759 4073 4483 5582 5100 7463 7913 3300 8043 3985 4628 6432 8985 5753 6557 4660 7455 1049 5725 5189 7603 2888 62 3712 361 2326 8739 4605 928 1544 5625 1708 7121 9930 6882 6062 1748 2754 513 2419 4973 5546 4205 3061 2867 4164 217 4982 2048 7003 2705 161 2456 8454 7241 2466 7554 2019 3608 10 5362 9368 1867 7282 581 6316 4160 667 5351 830 1006 5355 6897 4720 7363 9221 1416 59 5321
363 4216 7363 5224 9408 1201 1795 2437 8413 9110 3208 3844 4414 6934 9397 8599 7176 4274 5193 3413 4588 9433 807 6247 9007 549 3835 9707 0 1205 2133 7155 2333 5857 5793 7154 9747 6486 248 190 7053 8067 1545 9625 7129 318 5418 9589 3249 5034 2780 6586 1062 155 3441 3064 360 6439 2523 8667 4069 3084 8950 5356 9687 96 9932 2850 518 3360 8911 2748 7713 4173 1169 2367 8404 3449 1288 1483 8546 2916 5679 4508 5083 1581 6269 6597 4242 5558 4256 9842 5768 1497 3135 4684 3317 8623 1858 9265 8971 2800 2051 7195 2835 6022 3888 1542 8612 2265 1879 3931 6049 5114 5278 1254 7068 1546 5043 5394 1518 2642 5595 2467 9781 6224 7751 2284 36 1525 9166 5919 5604 3289 3120 5794 2051 2587 7978 8792 7926 7970 6847 9149 6413 5497 8114 7838 4074 6179
8829 8374 4951 9624 7787 5037 5761 8651 678 5448 8620 1136 9815 5264 9641 3947 1682 7994 9660 7857 9241 2543 1014 106 4293 6516 8386 5799 1205 0 493 5928 657 9536 7253 7495 1449 4207 5321 2582 2506 1471 5972 6523 5384 9914 2885 2250 8387 5771 4720 7603 3241 1550 6617 6973 7991 4912 3318 1092 9347 1944 8878 6685 8845 6492 6870 9737 8145 2178 4497 228 5359 1885 2195 4319 342 4447 8940 3104 5354 1505 7 3219 3966 7552 4995 7808 9243 1022 4716 786 8765 5719 8282 3055 5053 8682 4087 4274 7668 2882 1629 1683 4998 4509 5167 3735 3439 3893 1045 5733 5431 1523 3514 8688 2881 6023 4900 1099 8698 2281 2174 2585 2070 4822 9507 800 9047 3912 9027 147 4338 4483 3321 3202 5296 1017 7003 9993 6605 7520 1700 4537 1371 9423 8153 689 7189 5221
9356 9687 4360 1830 7757 9450 1465 8122 7447 1353 117 5524 4036 244 9300 6467 9903 4259 8749 42 2046 7892 2771 7338 8258 7717 9955 5188 2133 493 0 7095 1808 4514 5013 3296 1837 8633 1867 482 2945 2116 3538 5609 4827 9653 6965 5630 1983 4807 1437 7532 6141 8391 3344 9213 5053 4455 2682 9779 9908 328 4410 5133 1419 5993 5520 8055 5374 7799 4886 2680 8837 7862 9848 4244 7750 3466 7385 220 6787 9535 2382 2722 7562 8683 8407 7983 2978 3218 437 4380 8234 9947 4977 9331 7152 1102 7575 7335 1123 8744 1149 7969 4639 9337 6796 910 7684 4821 8565 6256 2689 6143 475 7264 3670 920 7749 2533 5049 8231 4777 8839 1891 3480 3238 3864 7325 762 2137 6684 3985 6166 5208 6685 6250 7461 3741 7744 2617 2539 6039 7864 6662 9752 6894 7062 4472 8901
2792 2777 731 9449 4308 7175 9560 758 9418 2680 6593 2718 9170 7400 8915 459 6382 2297 1061 2561 2764 6762 6213 7203 5315 9785 8492 3955 7155 5928 7095 0 4590 6807 6274 7993 4583 873 7141 9429 8112 9427 1551 460 8996 6715 3798 5145 4787 1689 8835 603 4608 1935 7980 1138 2481 9015 2548 9294 6773 2003 9875 4206 236 4766 8262 4708 3418 8475 9728 464 3876 1707 66 5355 7455 4080 2228 1610 9398 8338 3209 6914 649 4142 2338 2821 7501 4313 6353 3329 4099 785 441 6652 5183 675 7788 227 1739 3754 5219 5781 9606 2558 4824 9265 937 2350 5576 9954 7556 6335 187 3104 8493 3186 456 2176 422 276 8628 6929 7762 6165 7866 9751 8672 9489 1729 4627 4573 5267 6538 6384 7212 1902 8666 5784 25 1878 3196 7466 9665 1645 8077 7630 5960 2493
1643 8877 8181 2324 4107 3900 1184 4057 7965 8676 1595 9685 4423 9968 2884 1658 9219 3627 8676 8931 8011 5771 5497 5114 3929 8189 5103 5076 2333 657 1808 4590 0 9090 2407 3351 517 1688 5258 1623 1658 8671 2235 2063 1776 8288 1010 5423 3738 1523 253 5358 6256 7413 5129 1900 4704 7817 4648 6605 6058 9735 3414 1866 8544 8685 997 5834 9442 4127 2684 2668 6034 8795 7286 4482 2735 2054 714 760 7863 4971 5017 2989 3762 5498 4127 6523 1964 9379 1530 3019 3130 5817 1167 1888 920 592 5722 767 9480 7368 9261 954 4417 564 48 4423 5805 7055 877 690 7290 8875 3420 3091 6777 7141 7966 7845 8435 726 6623 507 2880 9891 8248 825 9568 5611 3034 8110 8640 3558 1155 4814 9658 9909 7595 5348 9337 1727 6461 2931 5599 1955 6654 6910 1293 1674
3138 7409 7278 5852 3060 52 358 111 4525 8052 6770 795 9359 3484 3483 2755 7020 1397 4092 2966 5879 8266 5643 7694 2318 9931 9524 4778 5857 9536 4514 6807 9090 0 7245 3554 7163 9790 213 2296 1043 3510 9349 4527 7470 7637 4949 317 9779 9092 5828 3493 8788 2169 5798 1341 7059 6042 297 3320 9871 3595 153 2423 2033 5241 8710 8595 278 7362 4902 1802 8188 9113 8030 2047 6063 5400 5848 7894 6012 6122 3036 8516 9310 1219 2811 2604 5593 490 2354 1714 4384 2195 3498 4852 7012 8318 8436 724 1039 1987 1235 2594 918 8316 8740 1350 4693 2336 4370 1044 6749 5483 1184 4771 5805 2353 9020 7908 9143 6539 7510 5908 5254 6039 4069 4301 1385 2398 6246 9916 2508 8763 2391 8 5971 1504 9401 3325 7324 5592 6012 9144 1970 813 2491 4515 5776 8537
1576 3873 1681 1926 5207 9465 7681 9215 1549 2795 4461 1581 4113 5297 9256 1108 2530 1395 5143 9405 6609 5798 7424 1047 8584 6644 9808 6880 5793 7253 5013 6274 2407 7245 0 1012 5871 4675 8444 2677 5007 5991 3085 5724 5660 6867 888 4413 7034 794 8261 3210 7439 1373 8073 5911 3313 7480 5787 7883 4942 4391 7329 3556 1085 2241 6435 6852 1671 1458 6747 2291 7850 8741 7134 8591 4619 480 1030 7412 4777 1046 2592 9372 2684 4922 9576 234 2697 6761 1524 51 2694 5849 9547 8805 8569 644 5985 6174 3480 4241 2044 5241 2006 8663 6840 8528 5371 4482 9230 7179 7451 8498 2595 4542 5582 1382 2523 7295 2282 9478 8027 6373 8929 390 9497 8432 1480 6132 6795 2165 2248 9900 163 2965 6655 9129 7429 6921 1964 1322 991 1639 937 7065 620 3258 9434 8732
2489 10000 3544 9119 5516 9849 1334 2454 7057 2917 6042 6383 1635 3167 1915 1310 4635 961 1409 1903 9693 4562 7124 4939 9555 5963 6857 7347 7154 7495 3296 7993 3351 3554 1012 0 4095 9834 229 7538 1562 4293 7889 7944 6350 8423 7165 1397 6515 1814 868 8071 6110 6584 3829 5304 2226 9382 5692 4032 8897 8647 7552 5256 5748 745 9221 1221 3441 335 5777 343 4777 4712 1835 1921 9534 3130 3883 7085 8257 5932 8277 9677 7443 7151 2298 8406 9594 636 9001 4949 8287 9616 6518 6739 5271 7318 7248 1013 7709 9719 6149 6715 2446 823 7723 7305 1312 5460 9477 1246 2306 4719 443 45 9228 2902 6173 9133 3842 8179 2443 4889 1009 567 3481 5722 5208 2507 6961 7827 5913 2683 3969 2191 701 6546 9921 8498 8155 5475 5707 2231 2599 3016 5541 9155 9949 8196
5183 1477 9386 7761 5659 7354 1736 3978 833 8102 6125 730 8505 6775 4723 4596 7831 6190 125 8294 7703 3429 9100 7766 3412 7181 7989 9377 9747 1449 1837 4583 517 7163 5871 4095 0 6972 3310 3643 7249 2737 7777 8992 9894 1616 9350 2881 7500 85 5586 9243 2694 7101 5052 2638 698 7943 7486 6414 6984 9544 2131 4089 6064 6819 5309 2605 9954 4949 7605 9174 5489 3134 9199 7189 227 3595 1840 8488 5707 2329 6747 1112 6441 8686 2786 8311 9030 6032 1300 1689 3789 9881 3912 8636 4693 1001 7333 9183 6178 5318 2155 4331 7628 4428 4812 9070 9829 3064 6825 7264 2874 4594 3997 4322 7459 2952 7747 35 5350 3086 4101 2155 138 5345 4161 7737 7094 2403 6011 4333 3240 7474 1199 91 5070 3090 826 6763 8380 7798 4441 2648 3135 3950 3706 5212 511 5368
7447 8036 2976 8899 5873 1478 3899 3013 1800 4931 8647 753 7650 2207 671 3260 1474 4341 3378 139 6264 7147 1195 7455 6537 4957 5472 4543 6486 4207 8633 873 1688 9790 4675 9834 6972 0 7140 4927 6836 928 6759 8424 8635 4742 2498 5072 1268 3293 6968 3752 1083 8108 4083 5371 1390 6951 7879 8974 7252 2900 1132 4799 4997 4674 8891 7545 425 58 9393 9989 1599 704 9092 3790 2040 6928 5193 1748 4089 3315 7778 9721 1161 173 6819 420 7876 6793 1137 9138 1131 6208 5129 9551 797 5015 368 3427 3335 485 6958 9046 7800 7094 8396 96 1713 7400 4356 5681 3809 2411 8616 3770 1096 3597 6747 9745 9646 3693 5858 5393 1633 785 5974 2565 6176 1259 7967 7983 7473 9693 1474 2987 5652 3728 7492 9634 8213 5455 5365 1186 8099 8391 9344 3934 6760 7707
450 2742 6206 9454 3337 8601 7816 6795 7319 9478 203 5032 1072 4206 5251 6555 2207 6453 5170 4375 1644 9601 9877 9254 1297 3001 779 7244 248 5321 1867 7141 5258 213 8444 229 3310 7140 0 4231 8729 2251 6490 8865 4027 7531 3890 820 4788 2399 4139 9910 4257 3051 2167 5615 9932 8743 4419 3334 727 9417 5581 7279 3635 4637 4289 2069 5560 1422 5620 4830 5685 4376 4855 7606 4592 8522 5323 6029 7081 9536 5659 6883 1792 5200 7983 3618 9150 493 8839 3297 8984 2771 6481 4128 7618 2594 2637 1952 4968 4954 3578 2827 7128 501 8261 8526 4954 8582 3848 601 1637 6268 8665 3111 938 6098 7090 356 0 1825 9007 6723 8645 7727 5547 9036 1795 4331 6439 2605 782 8875 8396 5684 9524 1761 6980 5269 8247 8923 2403 9452 2821 7736 9160 5007 7552 6536
9391 2270 8967 1569 9556 1039 1891 9957 4083 9270 3802 3714 2204 3259 3376 9536 5850 2753 1788 1482 2991 3755 2304 7958 5356 9963 7737 5349 190 2582 482 9429 1623 2296 2677 7538 3643 4927 4231 0 6617 5868 3481 1404 6613 8949 7833 3905 3018 9546 8995 8767 3421 9832 8415 3449 5665 3182 6226 2014 9023 7948 8921 9634 7418 2563 8871 7183 5088 2688 7672 9117 1569 2682 1525 2482 3131 5490 9516 7257 1126 7001 5273 7168 1990 718 9010 4838 4783 2347 735 2217 8101 5741 6356 9892 7011 3405 3167 8881 631 5519 5904 7237 1605 8639 8969 2508 3539 9723 6906 2012 9204 4968 7920 3392 3343 6160 1372 9425 4162 6622 2875 7895 4160 5036 4808 5047 1246 905 2247 1720 8519 2847 6222 2403 6983 6298 5505 8651 4943 6645 8713 1353 6364 7354 5780 8530 3700 4583
8796 7690 592 9836 865 5975 719 1351 2690 9580 3981 2853 4215 9800 3210 6385 9687 9438 7876 2698 5818 4445 9733 5568 5121 4831 5736 6894 7053 2506 2945 8112 1658 1043 5007 1562 7249 6836 8729 6617 0 283 6349 7432 8868 6172 5661 7144 3503 6792 3372 4174 2411 7778 1728 5690 9108 3346 1013 466 6675 7093 3109 6357 7545 1695 9474 3128 9838 8549 5293 207 9018 1784 5081 9395 1155 7897 6156 1515 590 3287 1115 5777 7940 7848 5559 2383 6026 7963 6150 8090 114 7004 7257 8381 3883 6937 1562 5276 3471 7212 4040 8975 662 4422 4412 3516 9593 444 7327 9315 1380 8441 7683 5167 6243 4917 5220 8555 6736 3620 5047 8381 5708 3184 1523 6445 7045 6691 630 8301 4409 4393 5048 1991 8092 1608 1255 1982 1266 9053 6740 5653 2966 496 9383 3527 4386 7271
2921 3997 1524 712 6186 4235 7362 4170 8678 6897 7441 1440 7683 50 9177 4091 8104 8435 1491 6920 9947 5442 1260 9267 9677 7385 2771 8211 8067 1471 2116 9427 8671 3510 5991 4293 2737 928 2251 5868 283 0 7293 2295 1564 6641 945 7485 4516 7478 3971 6951 4991 841 2625 8432 1884 5751 8759 1424 7051 6024 5946 3336 1343 5699 4273 7553 9867 7621 8296 1173 9537 8379 1367 2290 411 5748 4591 2762 1640 990 6522 2880 9463 5503 5847 1380 6466 3112 4265 437 2397 3922 5384 5289 7347 3740 3946 1537 3210 3647 7932 3763 1604 5717 9263 4703 5447 4635 679 7103 3558 5647 7567 9176 6829 9604 2900 9595 9373 762 1670 3412 4223 8982 5290 6284 3930 620 8604 8165 4889 404 1856 9524 3906 5303 8021 5375 2719 1145 4627 2234 2234 6695 5258 4808 758 1241
3730 8944 8230 123 1789 9948 2966 2981 9944 7169 6084 8958 1896 9535 324 190 9649 675 9847 5076 6981 9572 6342 4485 825 1068 4762 5653 1545 5972 3538 1551 2235 9349 3085 7889 7777 6759 6490 3481 6349 7293 0 8871 3815 4737 7722 9525 489 7832 4249 4834 9846 4608 7491 1976 9336 1679 1426 3098 2815 9374 192 3659 697 97 4810 2996 8741 1740 5030 4737 7593 3601 4750 8110 9290 3061 2945 7902 1949 8392 7386 6787 1108 2891 8909 8541 3903 5371 2592 1977 3154 7271 1767 9191 2540 2530 4849 9804 9375 1453 7813 906 3875 2040 2459 7258 3128 2814 1578 1810 634 9614 9311 4581 5882 5383 3888 8142 6168 8653 8149 8866 4725 8140 5660 7886 4561 4962 8426 9618 7630 8569 6535 9881 6353 6078 982 9138 2493 5633 861 9826 9473 6508 6678 7406 6420 7166
7307 4752 1382 349 4402 5324 8139 421 6637 171 8099 3006 4884 31 3888 1994 3962 6060 2468 2098 2148 5954 4101 1594 6887 6300 1478 5877 9625 6523 5609 460 2063 4527 5724 7944 8992 8424 8865 1404 7432 2295 8871 0 9759 391 6634 6660 8619 9047 9273 7454 3264 1468 5168 2055 6942 898 5668 4304 6708 2592 7139 9807 7264 8628 3150 4048 5144 644 440 1157 3933 4290 9978 5050 5946 3447 8660 5516 5642 8187 8478 6185 9179 6943 550 7887 801 30 6711 4804 3072 304 4396 5489 4650 6895 9917 9522 6925 9648 5838 2400 9426 2415 8413 1322 1069 8383 7606 101 3047 1683 2068 9357 4096 8435 5592 3093 7420 5817 9987 1400 4058 2353 5822 5995 9998 7404 3562 9287 9685 1670 6536 6433 1740 9468 2826 8671 6608 9844 5016 4990 7600 1980 7139 7889 114 9438
355 2003 7126 3479 430 1154 9727 6894 1700 3960 4057 85 7246 540 8858 6579 2218 648 8511 7249 8947 815 3121 3999 9800 6000 8114 8856 7129 5384 4827 8996 1776 7470 5660 6350 9894 8635 4027 6613 8868 1564 3815 9759 0 3510 3727 9039 1752 9444 1451 735 5242 5916 1586 3261 2308 7547 2305 3192 2247 5692 6553 7739 9403 995 8656 8322 284 2476 7837 6876 4672 1583 1929 4385 5348 9768 2097 3427 2305 8475 6756 4956 8295 4967 6137 1777 6742 1998 4442 8581 4437 4746 6230 69 4531 656 5051 135 4531 7212 4535 2994 3247 2886 7910 6644 1871 6894 1770 9643 5172 7056 4408 7940 3806 9321 9812 2028 4481 9936 9150 1326 8284 5175 7361 9684 3898 9056 4534 2385 8629 8243 6112 413 4238 8968 6401 181 8986 9795 3117 6415 8927 7788 1082 8201 2867 494
9072 7101 8315 9109 495 7524 6254 3959 9073 8515 3138 9253 7941 3540 3428 7208 2196 6202 7005 6638 2702 5708 240 7412 9160 585 5206 9821 318 9914 9653 6715 8288 7637 6867 8423 1616 4742 7531 8949 6172 6641 4737 391 3510 0 5217 6027 9811 3006 3955 4548 9866 9191 6404 9006 4837 6065 9230 4374 4448 474 5964 714 9598 7414 7101 589 8648 903 6234 9432 4307 1184 2475 216 6161 5508 8212 8878 5867 5731 8325 9320 3882 9953 2258 2712 7406 7527 5021 7905 1419 8983 3780 1198 4450 2955 703 7019 7202 7409 9922 4579 5947 3572 6948 4206 6028 8600 1675 7814 7072 755 356 2748 7730 5705 9537 7885 2195 3009 7196 9997 5452 7099 9089 6390 7333 3570 8127 5624 8435 845 2431 3704 6498 5530 4861 3003 3376 6755 502 6626 3464 1167 8761 2548 3145 5491
1385 9041 5918 8764 3105 8383 3292 2487 6198 9212 8427 659 8793 7470 8905 1438 6219 4678 425 8747 2033 4930 72 1184 3116 8123 6470 4575 5418 2885 6965 3798 1010 4949 888 7165 9350 2498 3890 7833 5661 945 7722 6634 3727 5217 0 3091 256 6715 5621 8832 7430 8105 9696 9242 9961 8498 1133 4810 5011 9718 3235 8496 2618 5274 8700 994 4183 8003 8213 7172 547 4988 38 440 8705 2381 691 8894 8399 4338 604 2863 6875 6046 7342 6367 6047 1809 1826 4065 4564 185 9807 3250 6672 1146 7265 1894 4791 7623 4759 6488 1725 2065 3581 282 7831 3557 312 1883 8151 8069 3250 7942 4996 1254 903 2414 6586 5878 2320 6972 7893 4966 1653 67 6418 1936 9439 7361 6333 6935 454 8657 7006 5495 7275 1232 4360 8072 4407 5041 1888 2200 2590 6499 9876 4184
3956 660 2017 4780 1036 4740 9502 7197 2846 6260 2662 3100 8520 6203 8029 2491 5226 3985 6108 9182 1117 8552 8461 6850 3129 2192 6654 8404 9589 2250 5630 5145 5423 317 4413 1397 2881 5072 820 3905 7144 7485 9525 6660 9039 6027 3091 0 4696 7733 9421 7639 7183 6146 9116 4885 2137 6280 387 5045 6268 5352 9224 7375 5355 1112 8978 4562 2469 896 6847 9258 480 1653 6004 627 9405 9115 5895 8443 1087 1896 1229 5795 3920 5871 9742 245 5780 8553 8102 8157 3548 1178 5848 4244 9015 6225 3791 7077 1163 9957 4652 6349 3662 9966 8126 2790 5102 8385 6878 1547 2515 924 1634 1054 288 8456 8349 6302 8976 4799 5632 56 1329 5322 5371 2014 7348 5435 5695 6848 9821 4601 564 5373 9446 6258 1398 1228 4100 1541 9737 4559 579 3791 7567 2066 8761 7655
545 8038 1536 6383 2649 7179 8687 3436 1061 7408 98 7104 9595 4187 4214 9228 819 5340 1516 6933 4386 6547 7288 7998 9474 2541 6009 6456 3249 8387 1983 4787 3738 9779 7034 6515 7500 1268 4788 3018 3503 4516 489 8619 1752 9811 256 4696 0 7311 687 3751 1810 5069 6009 4727 3049 2011 9186 359 5400 3370 9599 786 7730 6690 3235 9668 5061 2701 3930 7080 146 6789 28 6033 5659 3308 8433 8469 8434 499 4142 8362 4996 7392 2974 4862 9063 6122 3798 6582 5573 8819 7338 6421 121 1043 6761 1602 4276 1418 4720 3066 2723 8664 9042 9168 9435 7926 5702 5409 7506 6855 5796 4037 9697 7355 7386 66 9299 7970 2645 2463 6492 1890 2527 6958 1721 7563 2615 4501 5772 1172 3580 707 9037 3348 4814 606 5010 4542 6638 6243 7823 8818 4349 876 3180 5864
3998 4661 6134 8121 2103 6 7633 7100 6442 5700 7964 5180 1923 383 6381 3830 6675 7955 2757 6094 2549 8777 439 5570 9391 4107 6252 1901 5034 5771 4807 1689 1523 9092 794 1814 85 3293 2399 9546 6792 7478 7832 9047 9444 3006 6715 7733 7311 0 1546 3781 8283 3966 2918 4133 2181 7543 2521 6355 9037 6496 1082 2368 7558 9342 8557 2515 6964 9535 3962 5896 1976 9105 4997 5318 5069 2304 3062 9376 8806 1806 8014 4774 3296 1233 8822 7387 7677 1020 483 5163 510 5153 6411 8914 186 9563 1765 7080 4112 2800 740 2988 2650 9799 8860 6318 1627 6636 5300 876 1719 6288 6057 4923 2593 5671 8890 8010 8198 1728 6768 4054 2691 9765 5721 6520 8990 2705 22 3510 7780 7717 2510 5598 7858 8676 198 1915 937 7091 4680 9247 5575 7122 9731 2583 8726 137
6995 1099 39 5143 9607 9037 7466 5288 4885 1 2126 3439 9217 9318 6795 7600 2805 628 340 8829 6828 1757 5971 7146 2959 1366 232 3827 2780 4720 1437 8835 253 5828 8261 868 5586 6968 4139 8995 3372 3971 4249 9273 1451 3955 5621 9421 687 1546 0 7553 8154 4934 6509 7329 1439 7281 5508 4489 1941 9635 9973 6048 9476 3328 3277 1176 3876 245 2330 7083 6145 3678 496 9210 9513 3824 8349 886 8640 4890 142 1327 2225 5608 8161 8947 451 6158 4435 5987 3188 7057 4898 9115 2253 4942 4229 7639 2243 3168 9888 4780 3253 2631 6938 7890 4517 3317 5516 2769 2347 8936 6408 9421 3400 7605 9238 1942 7055 4433 1384 6714 8111 8304 26 7347 5487 2308 6217 6549 5401 2312 684 5864 8142 5098 2475 1212 8806 7878 7350 4713 5400 6122 4925 9663 5100 7106
9697 6460 1534 8710 8627 1945 3873 3186 6959 6527 1551 3073 9022 2126 2375 3533 2774 7023 8806 2335 6613 4435 3841 7051 6917 780 6421 2528 6586 7603 7532 603 5358 3493 3210 8071 9243 3752 9910 8767 4174 6951 4834 7454 735 4548 8832 7639 3751 3781 7553 0 8194 2860 4653 2922 7255 5276 581 5978 1475 7479 3239 201 30 4905 7003 8044 2627 9356 4291 3669 3471 1660 1194 1554 5407 4404 1080 12 6794 3131 8850 4473 3467 2113 8335 6176 9528 2830 3516 2127 9307 6774 2356 9622 905 5314 1472 3941 8042 7602 800 7325 757 4799 8958 5520 9299 6057 866 1806 4414 3309 4425 857 7686 2964 1223 3467 5316 119 2235 7604 9671 20 6244 5748 1742 134 3481 589 3242 4201 9821 3352 1082 6307 7445 8901 161 6238 4559 402 5300 1763 6996 1837 8239 7085
168 343 4422 984 6860 6236 2960 5287 4526 148 4874 6108 3777 5277 4580 5105 160 8266 6419 59 1935 4245 2265 2752 989 4257 215 9661 1062 3241 6141 4608 6256 8788 7439 6110 2694 1083 4257 3421 2411 4991 9846 3264 5242 9866 7430 7183 1810 8283 8154 8194 0 1969 8887 2450 321 5652 7463 1785 572 5773 360 5305 7208 3614 950 312 8306 6963 128 7332 5974 4493 2802 2230 1375 6128 1734 6468 3280 3082 5528 8727 5453 5040 9883 6388 6162 5113 8685 2641 9253 3615 5217 5571 4510 6986 6535 5717 5882 1947 6904 7021 5819 7727 2447 5629 5803 1664 3046 5090 4465 2700 8879 1622 4201 3324 541 2671 5197 4180 6020 8682 5244 3926 9550 9643 3471 6126 4438 6581 1439 5487 6986 4959 7200 6976 5635 3062 5610 61 2832 2829 7219 9188 7582 410 9551 8386
1827 774 9450 8907 4621 4164 5399 5631 3999 7903 3936 7609 6041 3537 3342 6311 6099 1858 7403 9153 9712 6107 8051 9771 5959 2584 6532 4634 155 1550 8391 1935 7413 2169 1373 6584 7101 8108 3051 9832 7778 841 4608 1468 5916 9191 8105 6146 5069 3966 4934 2860 1969 0 7074 5021 5677 6259 9315 1830 9568 599 3420 4906 5276 15 8141 4068 9001 9806 1478 5474 9667 2583 3525 4181 1106 3659 6983 4188 7848 9636 3590 7698 6806 6983 1744 1563 7775 1476 3114 1663 6741 2315 5000 6065 4082 2367 1529 9413 5475 9323 7132 1310 2917 7699 27 7276 8102 5096 2648 1531 658 5693 4068 8696 4384 3099 9888 4499 2958 4941 9511 653 7106 423 9275 8763 5986 7819 5412 1265 129 3458 6151 2357 6115 6866 2569 1288 9493 9703 3562 4480 5611 25 9828 2777 9982 2597
