100
0 8246 2685 5805 7613 8194 6304 5256 3562 3281 5135 9763 8035 1414 1299 2799 4753 449 831 4604 7280 1240 5468 5190 2920 4372 7018 46 5384 9358 9731 7926 3986 3033 1364 6558 3851 4860 3552 4458 7437 6686 6011 9445 7001 1943 6684 526 3526 3828 6297 3905 1084 7019 5 8857 2346 8936 7488 5882 8628 5316 1928 1425 3901 8247 4346 8537 7712 4049 8011 221 8596 1375 1991 4619 6549 3756 452 6744 690 9953 3268 996 447 782 8687 6334 3503 184 7674 8447 6463 6587 9668 586 2484 324 2566 4438
8246 0 9128 4717 7747 6278 2152 3625 4019 9958 2092 8738 2338 6431 8310 229 8867 9098 431 9984 7973 2704 1181 7483 9547 1665 1569 113 7250 206 7020 3408 8366 5027 3450 3887 6300 3219 993 4948 4588 6823 9342 6456 6074 8190 8664 5030 7949 9885 2306 1471 9637 8745 2604 631 5149 1505 2255 7780 6790 914 6701 13 2800 1440 3914 4051 4470 2230 7532 5714 5541 6141 4096 885 6307 149 2202 7949 2422 9820 7096 5095 3525 1902 8958 5118 1372 6628 6998 3121 3624 5293 2640 9008 3113 2014 8467 8271
2685 9128 0 9537 1628 5465 5623 578 2741 6757 3761 2858 8558 2008 3638 1031 9514 2290 5517 1778 3286 7746 2785 4109 6342 9925 8733 380 4349 9946 6433 6354 3697 8005 9886 2361 4933 5234 902 3361 9041 5484 9822 4142 4644 7126 3792 7732 307 7890 7908 9204 7024 3992 7043 1159 7823 3014 293 5487 9967 1483 4552 7630 9594 1030 4875 8212 3881 5334 8795 8493 7940 3400 164 7184 3795 2064 4662 68 2787 6411 5267 2878 642 4838 6881 4480 4540 2704 508 9120 6200 1568 5316 5932 5965 7362 8184 2974
5805 4717 9537 0 5888 8444 7164 113 6413 7791 1881 167 5380 8362 392 3030 4099 2227 835 1367 2794 9723 4159 6255 8881 8744 7843 4471 8261 180 9313 796 8239 5151 4640 9482 5658 3624 6968 3953 7257 7883 3594 8029 8018 152 9143 4089 1762 4279 6217 9698 5741 422 7976 7629 4409 1485 9288 8664 5107 5984 5050 6238 9768 4182 9758 1697 5996 1785 9127 5970 2590 8399 2553 2543 1169 7633 7706 9128 3402 6966 9778 1790 5750 1562 3870 6337 7276 6909 4556 785 5565 1048 9902 5531 8678 6397 9692 2688
7613 7747 1628 5888 0 5976 4070 8208 8925 1804 982 1244 2454 8609 9651 9321 6229 3707 6295 1892 801 4874 7023 2226 4520 1292 3354 7104 4130 9948 3259 7799 5674 5377 2797 3998 1789 7345 7222 2855 7546 1009 3633 9831 3669 4665 4251 8477 8536 5703 2426 4889 8197 1005 523 3855 5156 1812 4008 8959 9441 7481 8991 6093 3088 1334 5648 955 8921 29 5277 7600 2911 5037 8124 8477 9224 7725 1796 5323 2114 5579 4076 3054 9419 2559 32 2089 9140 3649 2245 2871 532 5174 308 8361 1079 4283 8511 4289
8194 6278 5465 8444 5976 0 5316 4367 6709 6778 5343 2635 7318 2334 8779 6343 8855 9378 9773 179 8951 1421 4252 2788 255 2041 8663 8232 3127 4001 5253 326 6116 3542 2809 6230 3543 1741 5948 2862 1614 9518 4673 787 8619 980 5756 9557 1065 9193 5859 4399 6454 3604 9415 9752 2250 7249 3292 1221 3257 2339 9747 36 4453 7814 5944 7905 6285 4211 6460 7650 7285 2621 7296 2789 2987 1761 1161 132 5005 7339 8116 6899 1370 6287 8704 1065 4170 1417 6723 3809 8603 2196 7385 1607 1701 3638 1962 7850
6304 2152 5623 7164 4070 5316 0 9398 6335 2473 7006 1801 5081 1948 4387 9126 9835 2172 3571 5257 2026 7599 866 6064 284 9078 5882 9149 2369 7021 1069 9975 5169 3922 7726 7330 5412 129 3347 7056 8879 5957 9123 7071 8570 2699 4524 820 2314 5564 2328 9845 2223 671 7227 6345 478 4141 8119 8879 2668 3538 1613 5874 2682 1846 7645 10000 8832 3751 9331 812 180 1843 1646 5011 8842 649 7026 9041 100 5769 2833 8368 8680 4353 4048 4852 8452 1854 1694 2352 4522 2205 968 4159 7711 3614 3037 9800
5256 3625 578 113 8208 4367 9398 0 2020 9807 5249 1901 8099 1678 7516 9092 2040 2377 9304 591 4343 7495 2251 6499 4157 95 4899 616 1530 4019 8766 7665 3026 3270 6939 3938 4015 7180 4463 3331 5099 1021 2193 4123 5638 3748 367 607 9750 5247 3351 5008 1609 5638 2355 2854 9499 9542 4391 1713 4448 2009 1146 5916 8013 6024 7314 7781 8129 7490 638 3909 2370 2651 3074 6555 7752 4646 225 7706 4013 1996 1875 3454 7645 3859 3105 3629 7366 4523 1921 607 6869 2172 5821 3625 8924 2059 8303 5555
3562 4019 2741 6413 8925 6709 6335 2020 0 9960 8168 7682 1656 3144 1529 2331 8629 6013 9187 7526 6984 3085 4691 3500 6322 1305 1632 9588 5584 1295 334 3998 2103 3058 7436 397 5348 9090 6620 8239 8943 6403 2156 9156 621 342 1688 4098 3198 8378 1927 8760 9066 7453 2911 4288 2159 1806 6130 7958 8687 940 6121 3737 8564 7610 3389 3476 587 1778 2267 138 4616 8383 7461 4055 8477 7919 297 7333 4565 9891 5806 676 6119 3056 8150 7462 9031 292 9842 4527 9316 5653 8136 675 3207 9702 673 8508
3281 9958 6757 7791 1804 6778 2473 9807 9960 0 7376 7021 292 8294 2119 7688 204 8124 4074 9694 4411 9901 2746 1276 7578 1122 2797 5043 6844 6781 7882 9127 1464 4931 1917 9545 1482 4891 2594 3979 5949 5671 6507 9263 2490 4090 6812 5035 9304 8444 1345 5111 1467 1043 1718 7088 5517 4222 6437 8978 8984 584 5201 571 161 728 8760 792 42 9851 609 5270 3039 6313 9130 7601 8278 5274 64 8760 8374 6090 7181 5912 9301 167 3728 6483 6929 8856 7366 8527 3290 8077 3542 6684 8849 6479 14 6180
5135 2092 3761 1881 982 5343 7006 5249 8168 7376 0 5614 362 4066 6694 1388 3586 525 2727 1503 4520 710 5200 3807 7286 2145 7237 6004 93 9127 3244 6004 2994 150 835 8529 1438 9177 3994 3956 2582 4917 758 7464 9260 2686 1511 3053 7520 198 9546 204 2014 2880 5500 63 2532 9760 3862 9592 231 249 4356 733 3608 5994 1394 4406 682 3485 16 3442 9694 8341 9697 2041 9579 5774 2555 2082 4768 9171 1434 3566 6446 6018 3076 2046 9226 2603 2392 2189 6268 8354 137 2329 8987 2852 4724 7922
9763 8738 2858 167 1244 2635 1801 1901 7682 7021 5614 0 1266 539 3212 410 5649 4986 3648 9875 511 4493 1233 2271 3668 2555 4646 3460 7288 4061 9334 4782 9843 2327 2700 5315 5744 1286 3044 6460 1631 1374 957 5953 1706 5128 4420 6737 8512 7712 9369 2384 6003 8023 5259 2987 7484 6942 7861 1384 5360 517 5325 1188 6155 72 3957 1035 8352 4587 4316 7692 3056 4246 8491 4972 5546 5584 4656 9816 3024 7531 5047 8744 9047 9568 3507 2819 3081 7206 4573 4083 3289 8539 9529 9507 3429 1612 7734 8311
8035 2338 8558 5380 2454 7318 5081 8099 1656 292 362 1266 0 2821 9848 8784 4983 1530 5459 5305 1689 1841 7827 7155 5299 9304 2314 4784 2891 2552 2800 787 214 9551 6222 1394 5838 5525 7158 3719 298 5937 6034 8045 2429 6403 5291 8878 671 5240 9891 3619 5433 2801 966 4945 3467 9437 2007 3274 9475 8642 1859 9960 9670 398 8817 6139 9637 6699 649 41 1175 5530 2189 6650 4341 8320 4355 7431 7107 8882 2479 8983 8265 9936 3016 1536 7032 5862 3568 5092 4117 6641 8955 4917 7543 8841 3054 3880
1414 6431 2008 8362 8609 2334 1948 1678 3144 8294 4066 539 2821 0 7038 7744 2551 3698 690 7677 4151 898 7096 7378 5545 8486 3512 2704 3938 1777 6039 3128 2704 9289 388 8043 1468 8799 6510 4384 7383 6810 8387 7151 2260 7352 3053 628 849 1232 3142 6448 280 9981 9732 6196 7508 2700 4392 2545 5916 7591 4846 5794 4706 4653 3198 647 6567 8142 3581 5138 4915 2370 5115 2397 7667 3179 6152 8148 6269 772 744 4818 3878 1580 108 9313 3375 1855 3064 4926 3589 8179 2863 4411 5372 8044 3150 5783
1299 8310 3638 392 9651 8779 4387 7516 1529 2119 6694 3212 9848 7038 0 1726 3023 2593 7092 6092 8610 2283 6930 5847 1972 9467 7505 2634 180 7895 8746 8554 6914 9482 2700 4012 5634 8176 1505 2127 9822 8446 7183 5387 6032 419 7272 8639 548 6624 6402 8416 3379 8660 2690 3675 5027 3360 4739 5403 7608 2567 9204 5701 364 3732 3863 4085 2110 1417 6152 6636 5476 238 9950 5583 5382 3036 9130 2026 8292 6425 3911 131 6602 7061 73 5272 9566 3938 5281 1943 4907 9072 9486 1280 888 3436 7318 9148
2799 229 1031 3030 9321 6343 9126 9092 2331 7688 1388 410 8784 7744 1726 0 1291 2122 8025 6598 7511 4806 6450 2200 3420 5855 6831 7385 8231 1330 7763 7415 898 9616 1807 304 1810 6415 3303 2445 7294 6860 327 3912 9483 5377 7980 2851 3353 7999 1023 4631 1561 8948 2697 4926 5701 9696 7401 298 839 4555 7888 7524 4789 6351 5629 660 5291 1824 9763 6938 7003 3619 6239 2641 2927 9829 8466 7828 9852 3648 2246 6926 8860 5111 105 2351 5056 220 5637 2485 5063 7291 1616 477 1329 1680 1809 4410
4753 8867 9514 4099 6229 8855 9835 2040 8629 204 3586 5649 4983 2551 3023 1291 0 3155 972 3767 4982 1501 7645 7829 4724 6639 3631 216 1783 7243 7529 3998 6987 5883 8975 767 9311 3135 6437 2227 9998 52 4373 8847 5781 1934 8417 9494 2913 7882 5433 9148 6375 6431 8979 3814 2204 3735 9492 3556 1373 2191 4750 2169 8560 8198 9000 7465 1156 6142 2865 5274 9695 4195 6378 9737 1300 7353 2266 2358 2245 1364 8911 738 1865 2048 8357 8178 6142 4102 5667 2435 3854 4606 9250 2847 3941 6231 1236 5431
449 9098 2290 2227 3707 9378 2172 2377 6013 8124 525 4986 1530 3698 2593 2122 3155 0 9294 9989 2328 7214 1130 3107 6362 7343 1578 5255 6716 8947 8534 5066 9168 1087 8302 6873 7625 8568 4028 929 9289 3467 5107 2730 990 3578 706 3936 4837 1439 8895 8988 4324 3557 6571 7263 1934 6971 375 8569 258 5263 2996 9482 8258 1093 6311 5032 9471 3599 638 484 1977 348 7296 2069 4179 9277 5744 7782 8824 5392 4492 6309 6503 4793 8570 7011 4546 7169 3184 1430 5021 97 8478 5031 3861 5790 5582 2049
831 431 5517 835 6295 9773 3571 9304 9187 4074 2727 3648 5459 690 7092 8025 972 9294 0 3123 8773 1191 3303 7621 1704 1683 4524 1322 2448 7101 2019 2924 7218 5205 6774 8425 9038 2865 1117 8377 1162 882 4682 5255 4153 5698 2033 1868 6615 506 4950 2364 5692 7330 6687 3142 6217 961 668 1688 7568 2022 3871 5775 6285 7549 2645 5957 6466 4625 2267 2511 2104 926 7081 1510 5422 8810 8330 8890 8445 1874 5725 1348 639 3900 1409 188 982 9487 8556 7511 1322 6445 1928 6937 190 9876 6729 5775
4604 9984 1778 1367 1892 179 5257 591 7526 9694 1503 9875 5305 7677 6092 6598 3767 9989 3123 0 6074 8602 5994 8971 8916 2180 1289 7865 1053 7210 9126 8607 9204 6569 1635 1055 4328 4490 7746 2171 7301 3342 6265 5694 9260 80 5095 3938 610 4541 4475 8157 2287 8307 2167 5902 3595 7611 9540 6621 1214 2660 6420 3044 5725 2438 2544 7563 6696 1830 7032 1953 5953 9078 7079 3215 7860 5368 45 5441 5141 2345 1630 6457 2611 4814 5749 6933 4167 174 4767 9420 4164 7003 214 6217 6793 8002 8664 1040
7280 7973 3286 2794 801 8951 2026 4343 6984 4411 4520 511 1689 4151 8610 7511 4982 2328 8773 6074 0 7844 8533 5699 7710 9757 6426 277 9113 4501 1436 3862 9290 5970 203 9521 3492 5453 409 4894 8914 1698 6465 9826 1585 3696 4294 6940 5981 2514 7275 3190 7172 3498 3929 23 6305 7145 3513 8068 2070 5039 6288 3251 254 7930 3477 3755 1262 5220 5630 2119 2879 6129 1859 4033 3876 4124 3900 8814 5081 2572 5723 7044 4793 4955 8026 9538 200 7584 814 630 1148 8516 9081 5065 5767 9691 2560 1757
1240 2704 7746 9723 4874 1421 7599 7495 3085 9901 710 4493 1841 898 2283 4806 1501 7214 1191 8602 7844 0 3970 7647 4752 630 173 737 9260 4687 1263 436 2703 5800 2719 198 6436 5685 739 2674 3636 3983 5625 2133 1002 1254 4311 5698 7093 1862 6092 5205 7184 1662 5138 3059 5766 4750 2926 852 9353 3211 4588 9432 9412 7195 8860 5306 881 1747 8330 9223 8730 5818 768 4642 8424 7229 6832 2111 194 3382 3621 1026 7663 5915 7488 4010 3305 1704 7535 2263 1328 7814 3880 9906 7734 9682 2098 1388
5468 1181 2785 4159 7023 4252 866 2251 4691 2746 5200 1233 7827 7096 6930 6450 7645 1130 3303 5994 8533 3970 0 1127 1914 4123 4508 2427 6678 1289 6506 8982 217 3965 5675 2279 1947 8851 435 3718 5781 2439 2733 9189 382 5600 6942 4190 642 2198 1457 9175 8245 7414 7203 3527 5668 4707 2384 6683 7991 2844 8682 8509 817 7947 577 4055 2898 2619 8534 9158 6510 5462 7180 4785 7371 86 147 4895 2706 5436 480 4150 8754 9907 3709 7110 2870 5013 7598 8715 8294 9064 8279 2941 6242 4237 601 4911
5190 7483 4109 6255 2226 2788 6064 6499 3500 1276 3807 2271 7155 7378 5847 2200 7829 3107 7621 8971 5699 7647 1127 0 2150 6504 1100 3908 8029 6417 3560 4578 9667 5768 724 2842 7274 5276 9722 473 9658 6925 7635 5515 443 9142 2172 8624 7658 5456 9019 2624 3884 5264 3702 3034 7588 8073 2377 532 6843 6304 3739 7113 6941 7979 9828 7947 2317 1882 8303 1632 2323 403 9358 344 4803 9568 7608 5464 8903 6243 3590 9643 7420 9571 1562 3930 4378 4324 8410 5136 5900 180 6955 8478 7659 1744 3273 692
2920 9547 6342 8881 4520 255 284 4157 6322 7578 7286 3668 5299 5545 1972 3420 4724 6362 1704 8916 7710 4752 1914 2150 0 5795 4146 4824 1726 7155 398 7888 1143 9264 12 4167 940 2220 4494 3680 2566 8848 9851 1267 8145 8052 6989 8754 1030 2978 5162 8249 0 798 1864 3897 4632 1564 1887 6460 9402 7998 6935 4059 8718 2471 8041 6471 3573 4837 6266 1597 5853 5421 5658 2818 5023 1606 7933 6777 1289 9446 5662 7958 4680 4365 1330 4867 3467 7900 1999 5735 7069 1444 4274 8084 9454 2637 1974 7765
4372 1665 9925 8744 1292 2041 9078 95 1305 1122 2145 2555 9304 8486 9467 5855 6639 7343 1683 2180 9757 630 4123 6504 5795 0 1925 5818 8846 4812 3299 6821 9769 9917 4923 9837 9558 6569 3182 5130 4058 3799 7978 9162 5128 7684 2338 1385 3487 3133 8737 8367 955 1323 6773 9551 767 2047 6701 1835 3157 4570 6044 3131 3015 8457 2886 9931 8602 3818 8159 7698 5424 4264 2875 9088 7970 6293 9834 571 4023 3338 9668 6464 9137 2150 2060 7555 2621 6968 2473 8879 8858 6079 3173 948 8908 1268 2822 4065
7018 1569 8733 7843 3354 8663 5882 4899 1632 2797 7237 4646 2314 3512 7505 6831 3631 1578 4524 1289 6426 173 4508 1100 4146 1925 0 6339 3771 131 3399 3075 3559 9556 6437 4512 496 9407 3585 5312 4163 7778 1725 8348 6362 4943 1615 3842 6573 6162 4719 7219 2202 1621 7384 1152 5261 4141 6861 1852 1832 9713 8949 2148 4264 1418 6760 1748 3290 3113 8440 4831 107 4363 1845 9093 440 9713 254 6990 4258 2667 7008 6861 6978 4250 1885 3893 3759 8230 1450 1795 4922 4003 3372 5256 3830 7046 9168 4951
46 113 380 4471 7104 8232 9149 616 9588 5043 6004 3460 4784 2704 2634 7385 216 5255 1322 7865 277 737 2427 3908 4824 5818 6339 0 4978 5481 118 1041 9060 3156 2628 1383 5264 7594 6772 2827 2818 7518 4340 5705 2188 3202 6685 8672 9900 4337 9594 9325 2865 8287 3038 6186 4515 5695 8629 4505 8907 8984 2715 9358 8385 7851 1890 8445 6802 4573 1158 1763 9558 1703 2024 2042 4441 4017 5725 5378 6049 6455 4077 5117 1437 495 7172 9182 1547 1901 7957 563 8471 2319 7289 14 5506 3410 5108 8103
5384 7250 4349 8261 4130 3127 2369 1530 5584 6844 93 7288 2891 3938 180 8231 1783 6716 2448 1053 9113 9260 6678 8029 1726 8846 3771 4978 0 208 6638 6674 6176 9851 1008 4695 9481 9410 3910 2418 8429 4582 838 20 5186 5049 1813 8026 9443 8603 2934 3251 4437 5989 2532 2465 9207 2660 7680 221 2934 713 164 2933 2796 1696 7160 4130 5989 3608 1734 5680 1153 4868 883 9710 9072 2641 4897 2033 565 1565 7672 3737 1207 3205 3427 4246 974 7436 3659 6573 6887 9167 1979 6907 536 5438 7883 6136
9358 206 9946 180 9948 4001 7021 4019 1295 6781 9127 4061 2552 1777 7895 1330 7243 8947 7101 7210 4501 4687 1289 6417 7155 4812 131 5481 208 0 5539 2613 4476 3226 2794 5218 4957 8612 777 4767 2055 7695 7659 2384 2301 5331 2060 9242 8112 6179 6747 5937 587 517 490 614 2919 6505 1312 8180 846 1475 2303 3133 9027 6700 5433 5379 9380 5498 6332 4254 53 5333 2739 6835 4175 7320 8241 1329 1785 7126 2838 6060 2037 6097 3691 3790 363 6208 3876 6753 2565 3674 1692 7874 3047 6813 4692 8589
9731 7020 6433 9313 3259 5253 1069 8766 334 7882 3244 9334 2800 6039 8746 7763 7529 8534 2019 9126 1436 1263 6506 3560 398 3299 3399 118 6638 5539 0 9288 6681 9639 5442 7669 8397 3607 1241 7378 1842 3308 8192 4424 7881 6894 9138 7908 5780 4319 6250 4893 2372 6314 407 7273 5804 1881 8470 4994 1234 5099 8452 9696 2585 1943 8339 3166 271 1223 4368 2130 8945 5709 3144 2285 8504 9282 7805 2387 9420 8468 1362 410 119 8052 4400 8068 9060 6885 4260 1616 2556 7468 5924 8968 5786 5744 1724 1123
7926 3408 6354 796 7799 326 9975 7665 3998 9127 6004 4782 787 3128 8554 7415 3998 5066 2924 8607 3862 436 8982 4578 7888 6821 3075 1041 6674 2613 9288 0 3063 2918 9662 3622 1118 432 3950 2952 9794 5016 8173 4815 9129 6129 9692 946 5586 297 1221 7451 3903 1301 7522 8646 7047 6072 9023 6218 3207 6785 7359 4038 1263 5460 2603 3752 1019 7728 2016 62 9723 9183 1421 845 1115 8611 5074 9770 1852 4780 9243 9188 5582 6751 7889 3079 7939 7082 3077 8974 3957 4929 9467 5295 8759 4256 9976 9637
3986 8366 3697 8239 5674 6116 5169 3026 2103 1464 2994 9843 214 2704 6914 898 6987 9168 7218 9204 9290 2703 217 9667 1143 9769 3559 9060 6176 4476 6681 3063 0 7175 8660 2779 6100 9825 9938 5935 9656 5840 6203 1649 9387 9372 2743 3955 849 9494 4641 5613 2510 6596 7887 1220 8565 840 6693 8019 4074 3102 3806 606 7832 6292 2439 3426 4540 2473 7421 3832 1175 1368 7184 5604 3367 9527 3914 8274 2745 5658 16 7324 6203 5741 3725 5306 133 1251 9727 9565 7758 7688 6692 8908 4372 7682 6719 529
3033 5027 8005 5151 5377 3542 3922 3270 3058 4931 150 2327 9551 9289 9482 9616 5883 1087 5205 6569 5970 5800 3965 5768 9264 9917 9556 3156 9851 3226 9639 2918 7175 0 5777 4953 4133 7941 7663 2902 4221 6315 3748 5786 6796 3950 558 4333 9596 3722 8872 3496 9316 969 9026 6929 1314 5946 2500 1856 7465 926 1074 3746 4259 3800 4446 8893 4259 2407 4128 2338 5109 1020 6333 543 5720 5629 4333 910 7287 8307 3747 4138 7556 9791 807 9407 2696 1495 4522 9241 3933 4656 5277 1022 9908 3695 3871 5598
1364 3450 9886 4640 2797 2809 7726 6939 7436 1917 835 2700 6222 388 2700 1807 8975 8302 6774 1635 203 2719 5675 724 12 4923 6437 2628 1008 2794 5442 9662 8660 5777 0 9553 5204 6459 1559 784 1687 8930 3007 1576 5001 5354 4277 5553 5570 7653 731 2951 3183 7883 640 6646 8092 6997 9865 3711 2568 8593 4985 4337 5207 2199 6500 7184 7593 9239 1995 1957 6662 3186 7645 7794 9887 7226 5172 4917 6178 3968 5931 422 1675 9937 222 2058 271 5766 4810 4847 7773 6729 9165 3495 7995 7892 5443 9142
6558 3887 2361 9482 3998 6230 7330 3938 397 9545 8529 5315 1394 8043 4012 304 767 6873 8425 1055 9521 198 2279 2842 4167 9837 4512 1383 4695 5218 7669 3622 2779 4953 9553 0 6041 566 3069 2074 8111 9201 9065 9514 978 4688 8773 6835 11 3978 8684 4119 3989 2827 9902 8989 6578 3702 8453 5713 3299 7929 9194 4024 9347 9269 5107 1654 6809 343 5975 8331 5790 3550 7174 9419 8765 5620 7438 2064 4092 8638 9095 2731 7915 2065 6169 5634 3669 4753 3248 1171 971 3045 1965 4913 9024 4229 5794 2483
3851 6300 4933 5658 1789 3543 5412 4015 5348 1482 1438 5744 5838 1468 5634 1810 9311 7625 9038 4328 3492 6436 1947 7274 940 9558 496 5264 9481 4957 8397 1118 6100 4133 5204 6041 0 6688 7201 3404 2351 8843 4749 3368 2560 9922 8709 7162 2522 4031 1830 3902 6426 745 2430 8048 5802 8293 2182 9484 9855 417 8600 1379 8108 8609 2690 8808 738 8426 8755 3444 5395 6219 6047 5033 638 3861 5846 288 9043 9441 8333 6186 4327 8818 7208 5371 2923 2406 3353 3400 1211 1657 9647 2200 7953 3259 4166 635
4860 3219 5234 3624 7345 1741 129 7180 9090 4891 9177 1286 5525 8799 8176 6415 3135 8568 2865 4490 5453 5685 8851 5276 2220 6569 9407 7594 9410 8612 3607 432 9825 7941 6459 566 6688 0 5971 6042 9096 2998 4210 114 2802 8657 5394 712 460 7567 976 961 4249 1493 1960 259 7765 3524 3831 4472 946 4530 1209 901 1430 823 8007 7049 2024 5459 2669 2020 5868 9094 2996 9799 962 5035 3564 6010 2558 7065 9723 6596 3256 2364 8841 8894 9388 8516 1334 7444 9480 7405 5805 4274 3361 6443 5600 5128
3552 993 902 6968 7222 5948 3347 4463 6620 2594 3994 3044 7158 6510 1505 3303 6437 4028 1117 7746 409 739 435 9722 4494 3182 3585 6772 3910 777 1241 3950 9938 7663 1559 3069 7201 5971 0 334 3643 5012 4299 6100 3067 6273 2670 6620 8184 3309 2846 1621 8430 5897 7407 4000 6787 9293 3254 9897 9747 1596 1897 8883 5523 8284 5321 1373 3381 9681 941 3227 5909 2302 6789 619 7571 1315 7783 7785 4254 7583 4878 4907 9267 29 2008 4772 4132 9906 541 1505 7727 6537 1659 2233 4297 8453 3352 8233
4458 4948 3361 3953 2855 2862 7056 3331 8239 3979 3956 6460 3719 4384 2127 2445 2227 929 8377 2171 4894 2674 3718 473 3680 5130 5312 2827 2418 4767 7378 2952 5935 2902 784 2074 3404 6042 334 0 8629 989 5452 5962 1567 6353 4714 8964 4532 8490 8432 3522 262 4325 3316 6780 8909 3563 761 7068 7226 1920 7787 6442 3648 9047 1044 2077 4701 7758 1678 6151 5670 2555 98 8481 469 1733 503 7836 4547 9956 9403 9989 5881 7302 9620 6819 780 4020 482 4844 6907 5353 143 9853 3935 5457 7653 9668
7437 4588 9041 7257 7546 1614 8879 5099 8943 5949 2582 1631 298 7383 9822 7294 9998 9289 1162 7301 8914 3636 5781 9658 2566 4058 4163 2818 8429 2055 1842 9794 9656 4221 1687 8111 2351 9096 3643 8629 0 2205 500 1426 7574 8034 8037 2059 5039 3787 5963 2534 8016 1234 7242 360 1708 5220 8362 1342 5550 4698 6195 5630 4670 8251 1884 9416 3443 2082 3309 3938 978 99 5800 6544 9222 7126 1185 9281 4825 4219 343 2936 6928 1897 1356 3012 7682 7770 1821 9438 8571 1347 1921 4184 2874 497 7631 7770
6686 6823 5484 7883 1009 9518 5957 1021 6403 5671 4917 1374 5937 6810 8446 6860 52 3467 882 3342 1698 3983 2439 6925 8848 3799 7778 7518 4582 7695 3308 5016 5840 6315 8930 9201 8843 2998 5012 989 2205 0 7496 7196 8226 1647 7443 5541 8934 9150 9621 8913 573 3168 2331 8595 9905 6626 8635 8521 994 1916 4012 1468 8741 9864 3842 8890 84 4996 5603 5339 7736 4327 5417 4268 3648 2041 6205 869 4041 601 2303 9418 6828 1724 6653 7035 5401 406 9337 7640 151 8002 4678 5064 7158 584 6319 5202
6011 9342 9822 3594 3633 4673 9123 2193 2156 6507 758 957 6034 8387 7183 327 4373 5107 4682 6265 6465 5625 2733 7635 9851 7978 1725 4340 838 7659 8192 8173 6203 3748 3007 9065 4749 4210 4299 5452 500 7496 0 669 7395 661 6597 5744 3735 4646 4633 9623 5621 5066 3225 2738 2257 721 4794 1732 4883 6510 6988 7516 4367 2132 5917 2396 1712 83 224 993 3885 5264 3224 2445 9022 7249 9805 8814 2677 2394 420 4597 1854 7097 9629 4395 8099 4427 1941 6765 7648 2166 1514 716 4601 8663 8173 2998
9445 6456 4142 8029 9831 787 7071 4123 9156 9263 7464 5953 8045 7151 5387 3912 8847 2730 5255 5694 9826 2133 9189 5515 1267 9162 8348 5705 20 2384 4424 4815 1649 5786 1576 9514 3368 114 6100 5962 1426 7196 669 0 6921 7578 4133 2796 3674 3876 1474 1832 1536 3628 1495 4075 7276 7957 3742 9043 3483 8618 4883 2468 4758 7088 3947 6473 7149 4142 1018 2296 1661 9475 9755 1500 4094 5458 1438 7886 62 8349 6729 9980 5282 4127 1562 1436 2113 7188 7910 4698 5126 7833 6660 5172 3863 2479 8288 2910
7001 6074 4644 8018 3669 8619 8570 5638 621 2490 9260 1706 2429 2260 6032 9483 5781 990 4153 9260 1585 1002 382 443 8145 5128 6362 2188 5186 2301 7881 9129 9387 6796 5001 978 2560 2802 3067 1567 7574 8226 7395 6921 0 1720 1371 2089 9615 8675 7046 7559 7607 6463 2331 5742 1283 6020 5012 8346 387 8429 2073 3879 6687 9713 2059 566 520 2658 9684 6374 5012 577 7849 8070 3131 4904 9330 2086 1460 8132 7377 9441 8856 9525 5315 6377 2894 1349 7861 421 3470 3361 5382 8486 1535 2937 545 784
1943 8190 7126 152 4665 980 2699 3748 342 4090 2686 5128 6403 7352 419 5377 1934 3578 5698 80 3696 1254 5600 9142 8052 7684 4943 3202 5049 5331 6894 6129 9372 3950 5354 4688 9922 8657 6273 6353 8034 1647 661 7578 1720 0 3744 1885 9441 5211 3608 11 1269 5654 7868 1058 6431 8188 7522 2317 8062 3072 9889 8873 3073 6908 8069 4703 1034 6447 8591 425 1024 8154 3998 3666 2681 7883 6769 2766 6843 5332 551 485 7155 765 84 5208 7959 7080 7591 9693 4243 2551 4551 5013 7533 3849 1855 5652
6684 8664 3792 9143 4251 5756 4524 367 1688 6812 1511 4420 5291 3053 7272 7980 8417 706 2033 5095 4294 4311 6942 2172 6989 2338 1615 6685 1813 2060 9138 9692 2743 558 4277 8773 8709 5394 2670 4714 8037 7443 6597 4133 1371 3744 0 7116 9518 32 5603 952 9419 896 4268 435 2632 97 3943 940 8706 1378 402 7400 2105 2911 6870 2425 7622 9571 9638 2934 6892 3169 2653 6777 9644 1114 870 6643 62 7963 468 7935 3088 8440 2852 3116 7546 5394 718 486 4766 4773 4196 453 1665 2230 4611 5068
526 5030 7732 4089 8477 9557 820 607 4098 5035 3053 6737 8878 628 8639 2851 9494 3936 1868 3938 6940 5698 4190 8624 8754 1385 3842 8672 8026 9242 7908 946 3955 4333 5553 6835 7162 712 6620 8964 2059 5541 5744 2796 2089 1885 7116 0 1075 9891 7211 3629 8269 8803 3574 3377 5680 6946 3467 2326 4523 4942 6341 2506 8450 3469 2674 7822 6380 296 7914 1926 4961 5608 2668 8064 3829 6727 4764 2200 4746 6893 1483 4564 6031 8136 9370 9442 1531 9429 8686 1255 2088 9963 5261 9036 9560 2039 7184 7212
3526 7949 307 1762 8536 1065 2314 9750 3198 9304 7520 8512 671 849 548 3353 2913 4837 6615 610 5981 7093 642 7658 1030 3487 6573 9900 9443 8112 5780 5586 849 9596 5570 11 2522 460 8184 4532 5039 8934 3735 3674 9615 9441 9518 1075 0 7555 8650 2076 757 7602 8320 4720 9407 9968 2957 4991 5462 8656 5327 7592 7841 5523 6548 3385 9600 6068 4723 8516 6838 3360 845 7683 2125 9769 6727 5629 1430 5732 3707 2264 4239 3623 2549 5615 4542 1137 1644 7190 9473 7896 2709 5601 1591 7533 7119 4930
3828 9885 7890 4279 5703 9193 5564 5247 8378 8444 198 7712 5240 1232 6624 7999 7882 1439 506 4541 2514 1862 2198 5456 2978 3133 6162 4337 8603 6179 4319 297 9494 3722 7653 3978 4031 7567 3309 8490 3787 9150 4646 3876 8675 5211 32 9891 7555 0 5750 2279 4597 5561 5710 6669 3682 6209 9168 3658 4346 5750 2103 6010 306 1142 2118 418 5698 5576 2935 7979 4716 2833 7 3764 2354 5577 3702 2001 3412 445 657 4012 9139 7163 9899 9422 6883 2050 5714 6055 4047 6259 4236 8469 22 565 558 4378
6297 2306 7908 6217 2426 5859 2328 3351 1927 1345 9546 9369 9891 3142 6402 1023 5433 8895 4950 4475 7275 6092 1457 9019 5162 8737 4719 9594 2934 6747 6250 1221 4641 8872 731 8684 1830 976 2846 8432 5963 9621 4633 1474 7046 3608 5603 7211 8650 5750 0 8605 6570 6673 3444 2012 9451 2141 8381 8561 7040 2804 5350 1733 3922 4910 7212 8454 1363 6963 362 9901 1930 6345 1859 8536 8925 6928 4024 2830 9970 1618 7062 5215 5950 9935 9740 6972 1281 2464 6348 100 8894 850 5389 2234 4367 1919 3181 4628
3905 1471 9204 9698 4889 4399 9845 5008 8760 5111 204 2384 3619 6448 8416 4631 9148 8988 2364 8157 3190 5205 9175 2624 8249 8367 7219 9325 3251 5937 4893 7451 5613 3496 2951 4119 3902 961 1621 3522 2534 8913 9623 1832 7559 11 952 3629 2076 2279 8605 0 1890 2680 5721 5245 2982 3075 1496 1488 7295 601 3684 6974 6407 5671 6841 9887 2725 2450 5928 770 7369 6465 7124 9324 163 7868 7127 5305 1671 8114 9212 1128 517 9424 6315 8498 658 9691 1605 6211 1406 2606 5331 5045 5820 7873 6657 5488
1084 9637 7024 5741 8197 6454 2223 1609 9066 1467 2014 6003 5433 280 3379 1561 6375 4324 5692 2287 7172 7184 8245 3884 0 955 2202 2865 4437 587 2372 3903 2510 9316 3183 3989 6426 4249 8430 262 8016 573 5621 1536 7607 1269 9419 8269 757 4597 6570 1890 0 6447 6811 385 3220 4888 2161 3645 3554 5836 5090 3891 9679 8892 4543 3390 6311 470 7624 9613 4982 3334 4135 5890 6516 4927 8983 2539 6329 1823 3269 8867 2556 5039 253 1741 868 9010 4177 5953 7691 2507 6388 290 4677 8972 7139 5315
7019 8745 3992 422 1005 3604 671 5638 7453 1043 2880 8023 2801 9981 8660 8948 6431 3557 7330 8307 3498 1662 7414 5264 798 1323 1621 8287 5989 517 6314 1301 6596 969 7883 2827 745 1493 5897 4325 1234 3168 5066 3628 6463 5654 896 8803 7602 5561 6673 2680 6447 0 4579 668 6141 1553 2054 2720 3845 9024 2225 3249 6342 6136 8800 1399 5524 5985 7429 6821 2706 1218 8201 3829 939 2345 543 5329 8082 8295 5236 4242 611 2545 7275 4537 6889 9888 9153 1786 3561 8606 1197 3060 1556 1146 6301 7420
5 2604 7043 7976 523 9415 7227 2355 2911 1718 5500 5259 966 9732 2690 2697 8979 6571 6687 2167 3929 5138 7203 3702 1864 6773 7384 3038 2532 490 407 7522 7887 9026 640 9902 2430 1960 7407 3316 7242 2331 3225 1495 2331 7868 4268 3574 8320 5710 3444 5721 6811 4579 0 6058 4097 7463 2673 8163 5766 9865 981 4090 5611 1448 6550 7377 6585 1916 4556 5687 8991 8066 7983 717 8375 110 4356 4054 2296 9092 9232 508 2255 8188 8581 446 4129 2699 2912 425 5677 142 8000 9586 616 7645 9458 9114
8857 631 1159 7629 3855 9752 6345 2854 4288 7088 63 2987 4945 6196 3675 4926 3814 7263 3142 5902 23 3059 3527 3034 3897 9551 1152 6186 2465 614 7273 8646 1220 6929 6646 8989 8048 259 4000 6780 360 8595 2738 4075 5742 1058 435 3377 4720 6669 2012 5245 385 668 6058 0 9730 6454 8230 9078 7263 1536 1247 9200 5260 8524 9727 5750 4108 3850 3722 7718 5284 7758 1505 2787 3797 7391 9583 7931 8223 9211 3668 332 2200 7119 7102 1517 4469 1713 1096 7607 359 9190 1795 9363 9682 4581 1630 2945
2346 5149 7823 4409 5156 2250 478 9499 2159 5517 2532 7484 3467 7508 5027 5701 2204 1934 6217 3595 6305 5766 5668 7588 4632 767 5261 4515 9207 2919 5804 7047 8565 1314 8092 6578 5802 7765 6787 8909 1708 9905 2257 7276 1283 6431 2632 5680 9407 3682 9451 2982 3220 6141 4097 9730 0 389 5764 6612 6442 2670 7227 5803 3497 9261 8924 3430 3293 5760 8400 8897 4628 7926 1022 8789 2068 2902 5561 8569 4757 4225 950 3866 4435 1940 5513 9393 8190 4420 9298 8353 9847 4394 1944 2572 9371 3097 4702 6085
8936 1505 3014 1485 1812 7249 4141 9542 1806 4222 9760 6942 9437 2700 3360 9696 3735 6971 961 7611 7145 4750 4707 8073 1564 2047 4141 5695 2660 6505 1881 6072 840 5946 6997 3702 8293 3524 9293 3563 5220 6626 721 7957 6020 8188 97 6946 9968 6209 2141 3075 4888 1553 7463 6454 389 0 3956 466 3018 99 1768 4496 2201 535 8344 381 3529 1902 621 7988 9936 2120 4772 3742 6732 7436 9965 2299 980 2394 3553 778 6467 8007 8748 6805 343 3064 877 7825 3000 7106 8301 2221 8821 7411 5890 3473
7488 2255 293 9288 4008 3292 8119 4391 6130 6437 3862 7861 2007 4392 4739 7401 9492 375 668 9540 3513 2926 2384 2377 1887 6701 6861 8629 7680 1312 8470 9023 6693 2500 9865 8453 2182 3831 3254 761 8362 8635 4794 3742 5012 7522 3943 3467 2957 9168 8381 1496 2161 2054 2673 8230 5764 3956 0 4502 4554 5468 9706 6373 7046 947 9929 8218 381 3668 5586 5795 5959 4839 5845 9702 2424 2726 3296 7595 8124 2720 3416 5821 5916 7611 3230 9189 9869 4880 763 4244 2229 4624 9279 8917 4962 2523 8319 5408
5882 7780 5487 8664 8959 1221 8879 1713 7958 8978 9592 1384 3274 2545 5403 298 3556 8569 1688 6621 8068 852 6683 532 6460 1835 1852 4505 221 8180 4994 6218 8019 1856 3711 5713 9484 4472 9897 7068 1342 8521 1732 9043 8346 2317 940 2326 4991 3658 8561 1488 3645 2720 8163 9078 6612 466 4502 0 8976 1042 9605 3224 7636 8188 5811 4999 5672 7563 7902 6182 2236 1749 8946 3557 759 9932 7526 1729 798 6022 4902 8399 769 5633 4235 1753 7979 1226 2070 8322 7195 9017 713 722 7611 8721 1653 8931
8628 6790 9967 5107 9441 3257 2668 4448 8687 8984 231 5360 9475 5916 7608 839 1373 258 7568 1214 2070 9353 7991 6843 9402 3157 1832 8907 2934 846 1234 3207 4074 7465 2568 3299 9855 946 9747 7226 5550 994 4883 3483 387 8062 8706 4523 5462 4346 7040 7295 3554 3845 5766 7263 6442 3018 4554 8976 0 5735 3558 440 9348 175 8675 6982 8280 2040 5746 2767 2887 1792 2086 7877 5020 9350 3817 413 9997 9034 6516 6300 1925 3173 1533 4090 607 1557 9181 7581 4273 1379 716 8417 8840 5802 9298 1229
5316 914 1483 5984 7481 2339 3538 2009 940 584 249 517 8642 7591 2567 4555 2191 5263 2022 2660 5039 3211 2844 6304 7998 4570 9713 8984 713 1475 5099 6785 3102 926 8593 7929 417 4530 1596 1920 4698 1916 6510 8618 8429 3072 1378 4942 8656 5750 2804 601 5836 9024 9865 1536 2670 99 5468 1042 5735 0 2860 6025 1168 8477 877 8969 4683 3712 85 4942 8640 9681 3553 3275 7336 8891 2244 3068 3196 7985 3802 2598 3991 8586 1597 1902 4583 8035 6134 1356 6051 4300 5432 666 6263 323 5511 9175
1928 6701 4552 5050 8991 9747 1613 1146 6121 5201 4356 5325 1859 4846 9204 7888 4750 2996 3871 6420 6288 4588 8682 3739 6935 6044 8949 2715 164 2303 8452 7359 3806 1074 4985 9194 8600 1209 1897 7787 6195 4012 6988 4883 2073 9889 402 6341 5327 2103 5350 3684 5090 2225 981 1247 7227 1768 9706 9605 3558 2860 0 5921 2290 623 4343 2947 2005 2972 3901 3138 4781 8289 110 6663 3588 3113 9363 1818 9621 5619 2506 6172 13 9542 486 9201 1814 4684 7452 9172 1402 1800 6928 5352 9039 2349 751 5946
1425 13 7630 6238 6093 36 5874 5916 3737 571 733 1188 9960 5794 5701 7524 2169 9482 5775 3044 3251 9432 8509 7113 4059 3131 2148 9358 2933 3133 9696 4038 606 3746 4337 4024 1379 901 8883 6442 5630 1468 7516 2468 3879 8873 7400 2506 7592 6010 1733 6974 3891 3249 4090 9200 5803 4496 6373 3224 440 6025 5921 0 339 1053 1152 6835 9593 5742 6567 7836 850 12 1408 8723 1049 1147 7882 368 8999 6181 5044 6385 8125 1549 9226 5703 9609 1298 2756 748 4189 7675 2941 2854 224 1982 9327 3459
3901 2800 9594 9768 3088 4453 2682 8013 8564 161 3608 6155 9670 4706 364 4789 8560 8258 6285 5725 254 9412 817 6941 8718 3015 4264 8385 2796 9027 2585 1263 7832 4259 5207 9347 8108 1430 5523 3648 4670 8741 4367 4758 6687 3073 2105 8450 7841 306 3922 6407 9679 6342 5611 5260 3497 2201 7046 7636 9348 1168 2290 339 0 8205 1775 3256 5622 8266 1476 3124 4532 7263 3484 936 7352 1267 7223 9341 8494 1873 6567 9126 6381 4692 4992 2067 8614 1480 3507 7156 4575 4534 2017 5989 4552 5650 5044 1384
8247 1440 1030 4182 1334 7814 1846 6024 7610 728 5994 72 398 4653 3732 6351 8198 1093 7549 2438 7930 7195 7947 7979 2471 8457 1418 7851 1696 6700 1943 5460 6292 3800 2199 9269 8609 823 8284 9047 8251 9864 2132 7088 9713 6908 2911 3469 5523 1142 4910 5671 8892 6136 1448 8524 9261 535 947 8188 175 8477 623 1053 8205 0 440 7173 4450 6176 4951 6421 3190 4381 2126 9361 6867 7636 4300 6088 3534 179 3355 3134 689 9259 2915 3601 7263 2981 3917 8431 7456 1877 5353 3928 9381 8964 2407 879
4346 3914 4875 9758 5648 5944 7645 7314 3389 8760 1394 3957 8817 3198 3863 5629 9000 6311 2645 2544 3477 8860 577 9828 8041 2886 6760 1890 7160 5433 8339 2603 2439 4446 6500 5107 2690 8007 5321 1044 1884 3842 5917 3947 2059 8069 6870 2674 6548 2118 7212 6841 4543 8800 6550 9727 8924 8344 9929 5811 8675 877 4343 1152 1775 440 0 5228 4303 6329 2041 9386 7262 3954 40 7117 825 413 7610 2271 8830 2808 801 4492 7812 5191 9263 5463 1066 2595 3250 3737 2560 3397 1952 3496 2332 8527 5669 6920
8537 4051 8212 1697 955 7905 10000 7781 3476 792 4406 1035 6139 647 4085 660 7465 5032 5957 7563 3755 5306 4055 7947 6471 9931 1748 8445 4130 5379 3166 3752 3426 8893 7184 1654 8808 7049 1373 2077 9416 8890 2396 6473 566 4703 2425 7822 3385 418 8454 9887 3390 1399 7377 5750 3430 381 8218 4999 6982 8969 2947 6835 3256 7173 5228 0 9644 9801 7883 3674 5842 4657 5047 1658 1167 9005 6956 5615 6954 7624 2471 6447 8113 5605 5171 4115 1325 6476 4961 6164 7938 4152 8925 8230 6294 914 5041 1784
7712 4470 3881 5996 8921 6285 8832 8129 587 42 682 8352 9637 6567 2110 5291 1156 9471 6466 6696 1262 881 2898 2317 3573 8602 3290 6802 5989 9380 271 1019 4540 4259 7593 6809 738 2024 3381 4701 3443 84 1712 7149 520 1034 7622 6380 9600 5698 1363 2725 6311 5524 6585 4108 3293 3529 381 5672 8280 4683 2005 9593 5622 4450 4303 9644 0 8965 4541 8998 6404 7534 7541 616 946 769 2354 8545 7874 4658 7971 4019 6105 4406 5974 7049 747 5884 8040 9451 2660 6615 4014 4276 5091 6861 8300 5907
4049 2230 5334 1785 29 4211 3751 7490 1778 9851 3485 4587 6699 8142 1417 1824 6142 3599 4625 1830 5220 1747 2619 1882 4837 3818 3113 4573 3608 5498 1223 7728 2473 2407 9239 343 8426 5459 9681 7758 2082 4996 83 4142 2658 6447 9571 296 6068 5576 6963 2450 470 5985 1916 3850 5760 1902 3668 7563 2040 3712 2972 5742 8266 6176 6329 9801 8965 0 9546 3618 9311 6387 8352 2164 3337 231 6399 1396 4292 588 3566 9407 7443 6543 5248 598 7250 318 5524 2462 602 7440 216 5836 9481 5832 598 7520
8011 7532 8795 9127 5277 6460 9331 638 2267 609 16 4316 649 3581 6152 9763 2865 638 2267 7032 5630 8330 8534 8303 6266 8159 8440 1158 1734 6332 4368 2016 7421 4128 1995 5975 8755 2669 941 1678 3309 5603 224 1018 9684 8591 9638 7914 4723 2935 362 5928 7624 7429 4556 3722 8400 621 5586 7902 5746 85 3901 6567 1476 4951 2041 7883 4541 9546 0 5091 7120 7512 1894 4649 9141 7191 1144 8178 7795 9612 8136 16 3841 7169 3060 4459 4954 4639 1354 3960 2654 6205 6669 3599 464 8977 4476 3275
221 5714 8493 5970 7600 7650 812 3909 138 5270 3442 7692 41 5138 6636 6938 5274 484 2511 1953 2119 9223 9158 1632 1597 7698 4831 1763 5680 4254 2130 62 3832 2338 1957 8331 3444 2020 3227 6151 3938 5339 993 2296 6374 425 2934 1926 8516 7979 9901 770 9613 6821 5687 7718 8897 7988 5795 6182 2767 4942 3138 7836 3124 6421 9386 3674 8998 3618 5091 0 3767 1055 2745 4885 5227 2398 6853 9709 3679 5939 7373 2349 8999 6950 3019 2447 3027 3063 6755 2440 3787 6920 6027 884 4884 8401 9833 2035
8596 5541 7940 2590 2911 7285 180 2370 4616 3039 9694 3056 1175 4915 5476 7003 9695 1977 2104 5953 2879 8730 6510 2323 5853 5424 107 9558 1153 53 8945 9723 1175 5109 6662 5790 5395 5868 5909 5670 978 7736 3885 1661 5012 1024 6892 4961 6838 4716 1930 7369 4982 2706 8991 5284 4628 9936 5959 2236 2887 8640 4781 850 4532 3190 7262 5842 6404 9311 7120 3767 0 2616 9195 9469 1540 5056 5159 7466 7055 5440 3082 2846 7135 5621 3845 3958 5669 8831 6939 6399 7549 5389 5078 4714 620 7306 6415 8413
1375 6141 3400 8399 5037 2621 1843 2651 8383 6313 8341 4246 5530 2370 238 3619 4195 348 926 9078 6129 5818 5462 403 5421 4264 4363 1703 4868 5333 5709 9183 1368 1020 3186 3550 6219 9094 2302 2555 99 4327 5264 9475 577 8154 3169 5608 3360 2833 6345 6465 3334 1218 8066 7758 7926 2120 4839 1749 1792 9681 8289 12 7263 4381 3954 4657 7534 6387 7512 1055 2616 0 6557 3616 6582 4146 3802 9991 7784 1536 9113 1542 4691 64 8388 19 7684 2524 2467 7450 2946 8962 6015 3321 4048 3102 5097 7842
1991 4096 164 2553 8124 7296 1646 3074 7461 9130 9697 8491 2189 5115 9950 6239 6378 7296 7081 7079 1859 768 7180 9358 5658 2875 1845 2024 883 2739 3144 1421 7184 6333 7645 7174 6047 2996 6789 98 5800 5417 3224 9755 7849 3998 2653 2668 845 7 1859 7124 4135 8201 7983 1505 1022 4772 5845 8946 2086 3553 110 1408 3484 2126 40 5047 7541 8352 1894 2745 9195 6557 0 5711 8097 7773 6000 6690 7447 9673 3713 6123 9553 1579 8589 1195 9359 3061 9952 1690 4385 7827 504 2534 5940 791 3741 1398
4619 885 7184 2543 8477 2789 5011 6555 4055 7601 2041 4972 6650 2397 5583 2641 9737 2069 1510 3215 4033 4642 4785 344 2818 9088 9093 2042 9710 6835 2285 845 5604 543 7794 9419 5033 9799 619 8481 6544 4268 2445 1500 8070 3666 6777 8064 7683 3764 8536 9324 5890 3829 717 2787 8789 3742 9702 3557 7877 3275 6663 8723 936 9361 7117 1658 616 2164 4649 4885 9469 3616 5711 0 153 2060 103 6418 3546 4518 1529 5875 5002 4102 8371 2500 1319 6426 6078 5887 8475 9041 9996 7594 414 2061 6832 2406
6549 6307 3795 1169 9224 2987 8842 7752 8477 8278 9579 5546 4341 7667 5382 2927 1300 4179 5422 7860 3876 8424 7371 4803 5023 7970 440 4441 9072 4175 8504 1115 3367 5720 9887 8765 638 962 7571 469 9222 3648 9022 4094 3131 2681 9644 3829 2125 2354 8925 163 6516 939 8375 3797 2068 6732 2424 759 5020 7336 3588 1049 7352 6867 825 1167 946 3337 9141 5227 1540 6582 8097 153 0 7326 2833 3173 9651 7550 5150 9688 6639 2930 9542 9783 3832 9112 4034 1773 1422 9956 6440 9770 4878 2426 6676 9952
3756 149 2064 7633 7725 1761 649 4646 7919 5274 5774 5584 8320 3179 3036 9829 7353 9277 8810 5368 4124 7229 86 9568 1606 6293 9713 4017 2641 7320 9282 8611 9527 5629 7226 5620 3861 5035 1315 1733 7126 2041 7249 5458 4904 7883 1114 6727 9769 5577 6928 7868 4927 2345 110 7391 2902 7436 2726 9932 9350 8891 3113 1147 1267 7636 413 9005 769 231 7191 2398 5056 4146 7773 2060 7326 0 5310 2940 9266 4048 9922 9068 1480 7865 3529 2084 5641 449 6701 4763 5184 9758 1155 9503 9792 6286 8246 7588
452 2202 4662 7706 1796 1161 7026 225 297 64 2555 4656 4355 6152 9130 8466 2266 5744 8330 45 3900 6832 147 7608 7933 9834 254 5725 4897 8241 7805 5074 3914 4333 5172 7438 5846 3564 7783 503 1185 6205 9805 1438 9330 6769 870 4764 6727 3702 4024 7127 8983 543 4356 9583 5561 9965 3296 7526 3817 2244 9363 7882 7223 4300 7610 6956 2354 6399 1144 6853 5159 3802 6000 103 2833 5310 0 6292 429 1598 3734 8838 381 5370 2808 2048 7949 5883 1303 8035 2271 835 9835 7054 2290 4688 2704 730
6744 7949 68 9128 5323 132 9041 7706 7333 8760 2082 9816 7431 8148 2026 7828 2358 7782 8890 5441 8814 2111 4895 5464 6777 571 6990 5378 2033 1329 2387 9770 8274 910 4917 2064 288 6010 7785 7836 9281 869 8814 7886 2086 2766 6643 2200 5629 2001 2830 5305 2539 5329 4054 7931 8569 2299 7595 1729 413 3068 1818 368 9341 6088 2271 5615 8545 1396 8178 9709 7466 9991 6690 6418 3173 2940 6292 0 1442 1414 4549 910 8265 7046 7592 3051 5909 4091 3959 4376 2455 8959 8618 2796 4179 4749 263 4452
690 2422 2787 3402 2114 5005 100 4013 4565 8374 4768 3024 7107 6269 8292 9852 2245 8824 8445 5141 5081 194 2706 8903 1289 4023 4258 6049 565 1785 9420 1852 2745 7287 6178 4092 9043 2558 4254 4547 4825 4041 2677 62 1460 6843 62 4746 1430 3412 9970 1671 6329 8082 2296 8223 4757 980 8124 798 9997 3196 9621 8999 8494 3534 8830 6954 7874 4292 7795 3679 7055 7784 7447 3546 9651 9266 429 1442 0 966 216 3068 4607 4499 5243 774 8876 6909 3126 2690 3228 452 7738 586 5797 8309 6655 5378
9953 9820 6411 6966 5579 7339 5769 1996 9891 6090 9171 7531 8882 772 6425 3648 1364 5392 1874 2345 2572 3382 5436 6243 9446 3338 2667 6455 1565 7126 8468 4780 5658 8307 3968 8638 9441 7065 7583 9956 4219 601 2394 8349 8132 5332 7963 6893 5732 445 1618 8114 1823 8295 9092 9211 4225 2394 2720 6022 9034 7985 5619 6181 1873 179 2808 7624 4658 588 9612 5939 5440 1536 9673 4518 7550 4048 1598 1414 966 0 8522 5421 2979 8311 3617 6277 262 2727 284 2757 6761 917 1259 2994 3912 4025 7871 1910
