300
0 8089 8694 3071 200 6129 4769 5437 3757 5054 3394 3984 6257 2941 2668 9017 4835 7245 7187 2648 7128 2674 7692 5574 3857 2320 9259 139 8617 2916 9413 5784 5804 4450 5412 1627 9201 9128 4331 7315 2174 3139 3487 7262 961 6117 1919 8873 4244 4835 8163 9333 7295 294 946 2874 7188 2123 2530 2387 3819 5850 2254 1191 404 9571 7458 8568 1832 261 5590 3865 865 8881 4663 9703 7174 6632 5059 8503 1682 6320 6848 3928 1873 6540 3414 2844 8739 6791 2670 2464 4609 9967 7704 3114 1591 7941 556 5241 8532 1753 4471 3153 920 6237 7348 4426 582 7082 585 4259 5239 6315 3481 1911 9446 5403 3530 1318 9649 1314 5735 6815 7741 975 9549 7731 5474 2240 254 8528 7395 5439 942 9150 9769 8190 739 4003 4024 5875 6850 9899 2635 6090 4650 6800 4895 3781 5655 983 667 5907 4437 7643 9096 7185 2173 6576 1272 7985 3775 2514 1193 4168 1527 3603 7209 534 1310 1746 3680 9372 3065 5691 5 350 23 7966 127 1855 4760 6326 2805 2992 8533 303 1208 866 5457 864 5221 5894 8521 2085 3771 8349 1553 4820 3408 3891 6808 1249 5088 4559 7707 7374 2250 1264 6572 1466 6935 8804 9534 464 2980 7608 520 5496 5451 8969 326 3162 3022 309 8743 8974 6616 5291 4314 4811 7911 3958 4275 8893 8948 3115 3222 1663 8809 6013 9860 6543 4822 4796 6452 9957 9678 8755 2044 9869 1062 2458 6806 9935 8692 6942 9666 3373 9635 5269 5084 4822 2231 8127 6413 6724 2590 2195 857 2532 136 253 2708 8025 504 8620 4232 5816 1925 3356 4297 7169 7708 6845 5093 5116 5804 2515 2727 4402 9119 105 8286 9112 4917 2297 8968 1012
8089 0 3862 6781 5069 8924 4039 9866 2279 4621 5823 3098 8888 9141 9372 5218 1273 5183 109 6625 7469 2109 6771 4336 3324 1334 7179 3859 6959 2965 2336 2463 4373 8952 7935 4003 6596 806 1757 2467 8384 604 3354 559 5431 1835 5960 2333 8230 624 3156 9297 9517 504 1175 1878 6455 126 4457 6723 839 2606 4006 2147 9323 9579 8885 1142 4874 7212 9123 2605 523 8332 1494 7215 1138 5944 8694 4115 8594 4519 1500 8069 1621 9625 7728 5451 5898 5557 5512 5889 2073 8690 5638 2173 5565 3314 1039 1815 9493 9657 2689 674 1705 2073 3726 9320 5802 6982 3008 9214 460 7110 9074 5460 1629 339 4638 3472 7867 4322 4847 8274 4959 8938 1644 5403 5183 7788 8412 2222 3247 711 5164 5198 6653 9542 902 4418 3629 9277 8828 2378 8621 4283 9398 433 310 5381 7862 1068 8583 2462 3097 2434 3816 2495 3111 9113 2966 2124 4617 4882 1951 3555 1257 3549 69 1904 2384 9174 1483 8440 749 5949 6202 4527 3290 8063 1744 5087 4712 624 8571 3344 3929 9064 5913 1651 3113 4372 7852 3094 8758 939 3290 2552 4086 7862 3763 2635 1732 2820 5411 8212 7288 3978 4849 6760 7952 7962 9016 9426 6277 8817 5863 8150 4350 5737 9273 4136 9581 7229 2294 9650 2909 3993 5283 4945 9045 4317 7340 1424 1940 8244 499 5591 3722 9605 1640 437 182 6708 136 4229 1462 9652 7102 3046 5224 6680 1755 7677 9477 2823 9475 635 7250 9138 4363 9376 9177 1577 1511 3524 1987 2538 9748 5299 1002 4051 7911 5901 6054 8551 5888 8639 8080 7797 4320 3109 4930 9970 1430 9609 890 555 3268 2800 5615 9991 1321 3432 9452 7265 2438 1717 1910 2301
8694 3862 0 2007 8179 2930 5940 9983 1182 8424 9801 6385 9709 2697 7734 3837 4921 9410 2303 9133 6111 6378 2144 8356 1023 9162 9994 6780 3057 9253 1355 8929 9751 1698 5524 8908 5943 6226 9483 3691 8157 1578 4800 7749 4023 5346 9056 3595 7996 1802 6398 9855 5720 8493 5518 6376 5512 7608 8425 6339 1641 7160 6757 798 581 7048 178 7836 8738 6572 753 3874 3246 4838 8692 8894 8999 4954 4382 9694 9959 7401 290 4666 7762 5154 3452 9334 4135 6278 506 3441 698 5005 5779 4736 5390 1062 8667 7664 949 2264 4498 1687 1945 3706 8315 8221 347 5680 9528 2016 952 3452 5114 8010 3557 325 1276 2091 9255 6731 541 1682 6856 3442 9242 7953 4183 3285 4696 3713 5147 4107 144 6375 807 8643 2756 396 2431 206 3621 3320 3947 8701 3856 4604 2804 3600 7269 7162 7185 8174 5181 5672 8403 8566 6185 3613 8005 8060 348 4118 4887 3104 8449 5072 820 4221 165 3887 4360 8339 975 414 2284 3049 7941 3035 7589 9898 2609 307 5901 5971 9184 8241 4563 2845 4689 8566 3102 205 3412 2435 5016 2414 7477 2452 7592 7620 3498 759 8391 8020 7200 3020 6109 7174 6077 9029 2858 1554 9609 1190 5556 5330 7826 2691 4895 8035 6810 7346 4065 7952 7163 4562 8682 5805 1694 7714 2357 7392 7769 7358 3081 9875 3427 2563 6968 8007 4439 4269 8349 3580 7966 6133 9448 1306 2549 5351 3974 1097 4718 5898 4896 4388 1769 6048 4766 137 7011 51 6158 8333 1623 3273 2289 2778 6947 8936 8597 6868 9861 8814 5903 8000 1022 1022 3357 967 8643 6340 9258 9275 3160 8226 9875 4875 549 476 96 2531 6527 3519 5638 3611 7061 5885
3071 6781 2007 0 9090 3567 835 8350 195 5435 6565 9323 1020 243 6037 8466 4338 6611 6488 9646 7595 9004 3259 5238 7832 7313 4723 9779 2606 1467 5296 6960 2435 7120 5550 6128 2285 2890 8622 4328 2546 2521 7627 2585 794 3194 3489 4214 3886 3508 8809 3009 8663 5951 8876 1494 1210 9291 2306 7789 8331 2729 1973 399 2627 6374 8863 4936 5940 3201 2837 2116 612 5190 348 7564 1652 9838 2203 4700 1996 3682 1089 6458 5395 6452 3390 4924 8979 9038 2313 9620 5072 9669 9059 2622 4514 9601 9338 8294 5030 1953 6976 5411 6244 5475 4379 7167 2528 7938 2113 2166 6558 7673 9600 9962 6808 1354 730 2939 9067 6990 6859 7901 5367 8052 1639 8480 3265 3296 9707 822 798 2807 7011 6285 790 1099 9925 7176 3775 3195 141 8974 7093 3571 4832 5075 2565 9425 161 5628 961 6346 5762 7538 686 1068 7282 5919 1035 1869 3733 3003 7449 7628 7643 7022 7164 2624 6096 3449 325 2783 5507 8165 9120 7696 7506 6649 8753 6734 9949 8230 7154 7886 2849 9120 6637 2615 2372 6016 3019 1865 3941 3368 7108 6013 9580 6987 4932 5462 7277 9396 3408 5219 7532 9886 7703 9789 7313 6444 4159 6884 5051 3152 1389 7952 9436 898 6821 8454 7363 989 2519 1952 4726 9905 4605 5442 6577 6394 8295 58 5996 9186 528 3782 434 1018 3873 3324 7974 8430 1487 8690 8691 2284 6619 6536 2993 7735 6654 1918 8113 2664 9433 1372 2178 4167 5441 7121 2453 5957 26 1958 656 4291 4198 7126 3403 2417 6395 2249 8938 639 4311 9728 9013 1303 9479 6454 836 1800 1739 9703 5769 4467 2912 4207 4003 4982 5848 4941 7325 9671 5637 1449 8217 8963
200 5069 8179 9090 0 7547 7242 1141 2995 8118 7253 8697 10000 4395 1586 1478 5849 788 3754 6685 1247 7496 3567 4033 7628 8612 5488 1525 2051 5787 6807 385 6274 7268 5142 9780 4435 6930 4089 8045 1147 8130 9582 3514 1793 2268 8860 742 7780 8994 5530 3022 1295 9161 2982 4880 1249 4025 3587 9100 623 3669 3252 5737 1873 3974 2695 8380 627 1121 927 1290 1045 9272 4810 2802 6696 6934 8455 8186 7059 775 4952 131 4298 3298 1001 1733 7045 733 718 8424 9967 1490 9088 2615 7146 1880 2466 2106 7046 4953 9064 787 1932 1920 3354 8755 6763 6376 1917 3415 5081 6522 6103 6353 2153 3251 8111 8188 6946 8483 1204 2839 1120 7753 2105 2985 5441 6294 9093 6518 9974 9524 8203 3850 8449 3415 3491 5860 5062 5929 7095 9918 4347 1392 137 3046 6969 2593 5964 7944 1849 2425 6535 6948 6623 9361 8898 4007 7745 3926 6248 9106 7111 7806 9031 1854 3998 2828 36 5413 9549 1258 9253 3486 4695 1400 6703 6311 7167 3683 6100 8158 3873 3952 3717 8523 7489 3746 2494 5838 8372 5719 1294 7318 9976 1474 9306 3855 7081 428 6748 496 7371 8678 6350 929 2979 7204 1741 8124 1790 5266 660 8220 6424 8082 9649 7246 272 9626 7279 6157 9130 3969 1595 2630 9315 6812 185 7690 6269 7836 8888 5397 8253 9687 6194 7509 7808 7728 5765 3261 3710 5726 6782 3681 7388 3717 6567 7114 3636 3736 7326 2369 8564 8246 9844 5752 9182 1121 6837 1321 6021 6161 3265 5473 6827 6143 5427 1217 6160 5487 2149 9354 5229 646 9438 9212 3485 1954 9215 2783 5604 987 1035 2657 1480 9192 1596 1508 6604 1481 2536 612 9973 4419 9922 1457
6129 8924 2930 3567 7547 0 7482 9021 404 7400 6353 1761 794 2065 8521 2711 9043 813 4465 1115 2650 2044 4312 303 8240 5350 6877 6640 5978 4320 9916 2889 3620 9183 7344 595 5219 4952 1449 8249 2929 3451 9976 4221 9239 2225 8811 9990 3425 1849 6062 6232 1726 429 1013 3975 1312 2373 5561 9294 9872 1672 7356 2203 4606 6225 3545 8725 3147 7769 392 9183 8476 8912 283 1377 5814 39 7831 1090 7567 7981 9741 472 8171 3141 8104 6866 3905 8900 3009 372 8259 6494 3199 6407 3951 7969 7926 6280 8276 7558 2180 7310 2443 5558 8992 4863 7878 4218 1063 6699 6657 6405 5005 5668 492 163 5601 9574 9479 4935 4898 5543 5398 4108 3653 8787 7941 553 5363 9816 9565 6581 7763 1546 4753 887 5524 4771 2015 1717 4710 7471 9700 2569 5909 4959 8538 8214 2470 2266 9958 2936 6290 2438 4084 4101 9740 5881 8576 5086 2810 2350 5539 1167 7060 9669 9524 1185 4966 3198 4686 7765 4842 796 3137 8075 7290 5435 3562 7099 596 7870 4323 4776 791 2083 754 8677 1627 192 430 558 7436 752 558 1779 390 8997 7867 5326 5804 9442 1807 4228 6247 6905 2475 9182 3296 5335 2562 7529 8442 3548 5043 5567 2472 1157 8720 8941 2081 8361 1838 4127 1348 6710 4395 2616 9030 1835 8186 3934 2706 2562 1406 6319 2240 9871 9353 3758 3377 2672 4674 6764 6669 8507 9805 7858 2966 6316 5411 895 7435 4396 781 1278 5697 1023 5329 8060 5285 9012 9320 9785 8135 712 1201 971 5469 9266 5325 1925 6148 8860 3299 2424 7919 9638 2434 7895 809 8190 907 3761 9385 7118 6919 5060 7081 2364 8785 2300 972 9703 7598 495 8704 4571
4769 4039 5940 835 7242 7482 0 7368 8807 1609 5603 2826 1243 2049 4609 1972 2366 5530 5985 8199 4252 509 3931 1555 6477 1286 1859 5097 5373 7369 7575 2003 6268 2531 557 81 5259 5423 6487 788 3472 701 9784 3882 5013 3151 2249 632 6362 9814 7112 1976 8508 6535 2269 4404 6426 7736 4825 295 240 6631 9218 202 9459 9885 1696 4694 5541 9783 2519 6898 859 1305 7869 35 7606 4120 961 3079 3590 9659 5472 996 757 8932 917 8271 429 9515 5774 6972 6914 5131 5327 9927 5365 8075 1786 3704 5317 2390 6805 6977 3382 6065 3261 3276 8373 9295 2290 887 8753 9264 4452 884 216 2372 1084 2023 7504 2608 9227 848 603 790 3739 7148 8513 841 1338 8481 2296 8780 8472 9164 8213 6293 3803 231 671 6384 949 3620 7229 6326 9456 1662 4445 3970 7697 8340 561 6953 5892 2370 4377 4842 4023 8481 252 4329 9404 9735 4329 1193 4343 765 1537 3642 984 9813 940 7660 4519 6976 1607 1605 2857 9825 1283 7339 4996 8399 523 9363 5362 4880 3970 4727 2312 2822 7723 1638 5725 3615 8352 1496 1865 4586 9210 8111 2408 166 2328 5258 8338 1303 5063 394 3845 6126 4706 8899 9849 1384 3123 9153 1131 991 3486 6671 8850 347 6544 7347 3988 7174 4436 7415 9161 8681 8298 6828 5583 121 7128 5355 2803 8268 8911 7216 9508 587 9468 7705 9895 1311 2882 2801 5619 4977 472 7786 7547 9825 3734 6608 5401 1464 5893 3829 3272 8497 7750 5593 3359 4223 9770 478 7640 8324 2504 3239 9948 4507 3870 4386 3866 5232 5928 8994 5509 7581 3553 2839 6478 3132 8743 4237 1361 2720 8695 2605 9422 3025 3308 2286 4966 518
5437 9866 9983 8350 1141 9021 7368 0 7702 5041 8508 6885 9132 7976 7480 5260 9573 6880 2672 8468 4873 460 7564 2825 989 3269 514 896 4974 8411 8237 4889 1689 8797 461 2516 1313 78 3944 5185 3310 7194 6015 5777 2926 4481 8905 7294 5077 2061 7444 7989 5022 1865 5175 7454 3430 1404 9060 6863 321 4828 9147 1229 5845 5566 9093 7128 6424 7022 4529 8665 8178 2174 7304 2291 9307 6164 5684 9559 9868 872 9584 7880 527 439 3152 6424 1275 7890 5608 7785 7216 6783 7799 1692 3363 988 2022 9548 5681 5421 7028 563 9473 9776 8576 5670 4185 5548 2644 2024 9811 737 9885 2660 1638 1643 9101 5945 7311 4660 3865 1652 5943 8927 9682 8870 2309 9264 5719 5445 9893 6954 5424 3903 4451 3356 2689 5930 2079 2209 9998 3446 3690 8575 3336 8813 8185 8157 3392 2512 5405 542 7829 6209 3230 3910 9231 6422 4646 3410 1286 727 4407 957 3576 7598 3674 3195 4013 2143 9046 5297 1313 962 266 5598 1007 4944 2610 3527 6198 191 6505 8805 8216 6266 9125 789 7912 1418 4038 6514 4034 9931 9021 1439 1654 3071 9360 6232 4149 9624 4653 7489 9490 3531 7325 6237 9164 1147 1626 5799 9071 691 8571 5868 8726 4069 1405 8009 9355 3452 788 1105 8749 5789 1260 4387 9299 5042 2520 5733 3362 9951 2931 8802 3732 1960 2165 6526 2123 5890 9826 4877 4053 9949 4268 1155 8211 4511 7714 1796 608 6492 6647 5929 7771 7506 4990 2851 9575 7879 1039 2569 7852 5211 3254 5543 3261 9515 552 4763 2600 9782 7133 1984 2057 9085 6921 6974 6355 3836 6791 461 647 1859 5971 9256 5241 2250 9777 1050 6107 9161 5549 5596 436 1358
3757 2279 1182 195 2995 404 8807 7702 0 4790 833 3747 9475 2555 3142 9567 508 4607 45 1857 8699 230 5600 2871 6245 9902 3753 5672 5876 806 1185 1775 6975 4475 6369 4525 3400 3794 3082 2705 948 1852 4655 5039 50 2072 3032 2367 141 9987 2110 6081 4119 7324 1610 4326 8851 1617 127 7227 5646 3932 8660 5082 3192 8897 2424 6866 3680 3325 3280 3423 1934 9148 5688 7269 3503 4848 5519 516 1186 3701 6492 9331 6885 5194 5220 1222 543 1967 1088 8992 1192 1418 9762 1272 2297 436 9882 3400 7806 9518 2283 1859 2655 7772 2166 4819 5839 7098 6669 1143 7871 4727 2798 2515 9406 746 8030 3697 2503 2056 7281 4825 3130 5684 5975 5756 1863 3836 8493 1578 3459 4010 3177 9449 6238 5884 1649 6314 2950 7625 6521 1612 9446 4739 4135 5635 6841 7407 1525 6317 5894 2989 9264 4031 9661 9651 3081 4822 4952 4436 5483 8483 6596 1982 1339 663 5779 3648 2895 3577 536 6911 2873 9426 3386 7061 3270 4322 3745 7982 8490 21 6885 2379 342 9210 1113 4767 7931 3394 9589 6842 1884 499 8255 1305 733 8489 6469 9816 7190 3415 4655 7635 4033 3878 8450 2538 1435 3154 7884 4747 6009 361 4955 8977 9038 1315 1249 2568 3520 6598 5948 31 8005 304 2610 8329 7582 4452 7752 6867 3270 2208 1711 9827 9946 7520 8619 5561 4 4042 7513 9428 8503 9381 5994 4372 109 9936 2461 2958 7555 5958 6019 2365 8758 1120 8925 6182 8072 3316 9677 2651 3579 487 4930 2238 9399 4201 2250 6329 2923 230 8050 6970 5746 8263 1821 1744 1000 2568 5042 7472 3452 9893 2540 6124 184 9864 2797 133 1234 4861 649 5889 5459 804
5054 4621 8424 5435 8118 7400 1609 5041 4790 0 2515 7170 5594 6159 5615 7976 2817 6821 3400 7429 4093 8094 8886 3277 7825 3686 1477 69 1604 2806 4242 6734 9546 5684 7167 1421 2666 5808 8689 4092 1634 5583 8967 5393 7819 6411 6644 2654 3730 2033 6745 3185 4824 2963 5644 1722 5796 5925 1596 9208 7683 6901 3690 7995 118 2034 7062 4467 4265 3288 3166 3987 3434 5386 1853 2327 1182 6888 5302 4225 861 1351 8789 9667 3204 68 378 7355 7220 1693 9241 9157 6279 4169 1955 1918 758 8454 317 8577 6104 5103 8653 7036 5886 6403 8354 1226 5039 8281 3880 6034 9402 8333 4080 7713 3503 3244 5115 4735 522 6394 976 433 1049 7369 4420 7189 2988 855 4937 6434 8707 8730 3779 2553 7052 4023 839 2692 4160 6459 2747 2582 9742 7728 8945 7341 9465 3227 8747 9392 2033 1181 2424 4084 5389 5622 9965 5929 3346 4775 3526 5772 2259 1452 227 8438 5409 7403 7882 5578 7261 1173 6416 8150 9395 4006 9288 465 7188 6449 9273 8842 2969 2016 8664 9510 7042 3727 1708 3195 4818 4962 29 6277 1306 2113 3111 8155 6181 0 3651 2351 9683 850 8784 9482 9379 4158 6915 8564 1440 7720 5794 723 3151 8264 2838 8658 432 4526 6786 9344 3826 5348 7147 8787 7781 129 8996 6505 9100 1113 93 4007 8441 7570 5785 2373 7228 8060 2408 1816 7810 6989 8548 7198 8479 1753 3997 5535 6900 4081 5373 2652 703 6314 4909 9649 1587 9223 8566 5004 9926 1148 7125 6548 5175 3178 3888 5304 2812 2244 3980 9653 1298 3086 7085 748 492 9522 9172 2783 2299 1251 3494 6353 4943 5647 7561 203 5176 6428 3752 52 2195 5157 2357 5650
3394 5823 9801 6565 7253 6353 5603 8508 833 2515 0 9309 7548 8560 9683 132 2936 8156 9420 8697 2710 6482 489 2728 5104 7050 8653 1172 171 407 1155 1507 7477 7014 6678 7131 3617 2397 5707 9206 8767 1966 205 9154 3506 1199 2837 6015 4228 3597 7659 3797 7092 6581 7342 9931 87 8681 5463 1383 1299 5226 2965 4489 1373 2202 7860 2176 6409 786 8494 2431 4686 6760 7053 3542 6931 9382 9595 4126 8363 622 9722 6379 9829 1280 3096 7695 4006 5185 7451 5147 2605 5755 6830 3973 8998 6286 851 6029 7691 1537 9477 2903 2642 1252 299 4594 8644 9238 3637 5071 5033 1560 6942 5086 6777 8682 5956 7147 3925 5774 1887 4293 6035 6432 1003 274 7437 1458 3444 7403 5583 6411 9315 4319 6768 5242 9817 8149 9147 2704 122 6735 1736 2060 1799 2254 4609 7433 9497 7722 4143 4483 3146 8567 9220 4815 9500 2619 9516 7468 1268 9247 9686 2429 24 7094 7358 8559 4769 5132 8233 3903 7283 4235 908 4417 4631 782 3788 9494 997 1706 5739 6262 3712 3501 3125 2611 8919 2374 52 4899 4269 6218 1244 8295 8696 5244 9533 2857 9482 6138 8823 8926 1327 8735 2680 656 6616 5237 7699 30 7607 7642 5413 220 6312 9119 2030 2175 6657 4208 2061 5140 1706 8728 5545 8661 3106 4815 4143 6653 4925 3947 4820 2065 7167 6172 4482 5347 6185 193 3575 4358 5919 6146 2276 4855 4134 1944 8278 516 4016 5634 6226 9375 3637 8609 8841 4486 2763 3654 2097 9384 8977 4800 9919 3576 1235 7146 51 1780 7768 3174 5462 5431 1547 8346 5065 4328 2724 2231 7718 8746 1609 2189 282 2849 6157 6101 1226 113 8002 484 1832 5967 5901 9650
3984 3098 6385 9323 8697 1761 2826 6885 3747 7170 9309 0 2570 7469 1925 1228 9757 9237 1868 9826 1275 6946 1469 5160 9912 7349 7554 4662 5111 2136 5981 4161 6182 1194 5305 8670 1973 1441 4074 8598 3292 5683 5645 7999 8947 9968 8994 1351 6693 28 9659 8677 7387 2364 8811 6055 8921 1505 4306 8327 3228 3079 5105 6463 9381 1908 123 3125 3799 6369 6464 8815 15 2935 8236 6344 4621 8200 6728 2006 1906 4155 8402 7274 6550 832 1867 7873 2360 5213 6930 7819 5534 4380 3589 1930 9757 9835 2573 2224 2930 3660 1262 8151 8219 9781 6489 9252 9746 9852 9115 1470 6685 4338 1108 8941 5443 332 4487 7224 1500 4863 3610 4671 8855 4153 6960 5053 6462 2450 1558 3684 3883 3347 145 6337 6931 567 6038 2213 5979 5114 1804 3633 415 2896 7648 865 5841 5719 2152 1218 5190 2264 4599 5124 4915 5575 6100 713 7902 4440 8788 2709 7947 2556 1823 3871 9392 3823 5709 1130 3288 817 8882 393 5478 4679 5728 365 7547 7517 3174 4501 2793 8609 5191 8404 746 7583 7464 8460 6973 2397 6859 9691 5478 4725 9437 9011 3463 8435 9832 6523 8350 5666 4992 1057 9823 3343 3692 7345 755 3836 9389 79 9001 8302 4980 4794 3787 4221 1105 9022 2680 1400 8625 5873 9803 9098 2846 9390 2925 5075 7150 5353 7662 2411 3863 7030 2467 1872 9908 5530 9230 928 6478 6315 5849 4900 9711 7270 8179 4442 3640 4631 3016 5901 154 9656 2968 3458 3725 7793 5907 47 1177 5341 4620 1408 6761 5460 3677 363 5370 8595 3862 4387 9769 6794 6017 4084 9066 5275 4229 105 5417 1839 6450 5041 1067 7067 5284 9545 3984 6739 8260 821 4138 6764
6257 8888 9709 1020 10000 794 1243 9132 9475 5594 7548 2570 0 195 7544 1217 1777 45 4392 5607 3776 4945 1391 3292 3790 8937 1246 8419 981 4397 8900 1384 4426 6458 1041 8708 103 6955 864 610 4109 6695 1778 6967 2939 3009 6245 142 1035 7743 3008 6227 955 9136 4826 1760 5906 1149 1561 5837 2759 3079 5471 7266 7646 7159 2631 9581 1729 2475 5082 9090 7732 4892 1671 9064 618 3480 7591 1906 4331 1787 5900 8618 5634 7476 7262 2728 6788 531 9803 2115 2812 6609 7210 6332 7778 9053 9192 2147 9011 114 5824 7509 573 6619 4530 1676 6370 1183 2253 6365 1467 7665 9182 6085 4080 3568 7035 9088 8363 6157 4486 895 1428 8024 868 3802 9763 4720 5010 784 1835 4447 953 9157 6899 5198 6979 6241 1487 6160 7722 3183 8191 4145 2589 6139 5030 6844 9345 7208 8089 5503 6074 9195 3540 7189 1472 9542 3224 1644 6544 508 7191 3271 6514 7670 3494 1012 477 4354 6589 4713 8353 708 6352 521 2111 1756 3594 5544 9324 5672 441 1075 5829 2764 5891 1029 5959 7868 5847 8513 5787 91 8272 8768 6277 2329 6956 683 5212 9488 5098 4653 3890 2072 6004 9586 5166 4071 8387 9435 7193 2984 5712 7483 326 5557 9786 5228 5693 5920 9024 4232 8647 3654 7826 6758 2463 1825 663 7340 9478 9868 8897 9054 9554 8799 6376 3546 5399 3511 2914 6170 801 1374 590 5240 2813 9130 2064 9700 8314 7060 1932 4004 1870 1185 6647 8093 9116 2736 8217 7106 5867 2612 1312 4960 9455 251 169 9567 4311 2577 310 3628 6623 9392 1029 6152 6399 7478 4227 499 89 1591 2292 3004 2631 201 945 7735 5294 5101 1025 4159 5840 7583
2941 9141 2697 243 4395 2065 2049 7976 2555 6159 8560 7469 195 0 8635 4028 3688 6129 4087 5217 3794 7224 4396 6619 3526 2928 3366 3263 192 783 6428 9446 9609 3387 7454 397 9486 9395 3424 9312 1968 4200 9132 2029 9243 2226 3542 9590 8385 7898 3042 7359 3703 3489 2314 9972 8550 5867 768 9449 9470 506 1058 9638 7651 5006 2577 5111 3663 3358 5843 9839 4578 8145 6733 3833 7218 1593 395 8153 2446 5033 9855 4831 9867 2698 4204 2935 1516 2781 1307 469 699 7552 1675 5504 3167 3960 6245 6381 9604 8715 7473 217 2137 394 840 3506 3956 7564 7755 2409 5113 9477 7528 2786 7504 7054 4341 9071 258 3722 44 2537 9554 2815 5514 2651 6039 5701 5151 7471 1738 7286 1505 6597 5705 3316 5614 935 1267 1407 405 2152 672 7980 2224 87 813 8697 1273 3659 7971 2912 4337 4446 729 1466 8384 1992 7837 5481 3949 5889 6689 9222 9871 7860 2374 6447 1754 9467 4443 3115 6994 2904 4961 1784 3824 3456 1441 9209 759 3340 1925 5963 8147 5719 12 4768 8647 6777 6138 1582 3163 7105 5746 31 9286 187 8320 6738 7198 7289 3315 9907 7919 1287 1005 8473 1141 1065 9490 1899 5358 8399 1285 9376 8157 3732 8904 5875 4597 1730 6556 8464 8255 6914 1765 9379 3750 5740 2894 299 8102 7820 3464 7715 8333 8189 9025 9019 3262 3950 6476 7369 1346 3217 7182 8038 533 4921 8058 8272 6513 7605 5748 3681 1565 9289 6025 8722 2325 1014 3420 103 6478 929 1232 4692 1120 5530 3075 2321 7613 5198 9414 3623 8637 7187 3699 3858 2006 943 840 9535 8786 8652 554 1542 4191 6063 7611 6101 8692 2170 4452 4596 5572 9630
2668 9372 7734 6037 1586 8521 4609 7480 3142 5615 9683 1925 7544 8635 0 4407 4890 6520 4840 2976 1279 5688 4900 7212 6784 3852 4666 2866 2843 7182 917 3228 5372 2776 4725 5554 8175 5458 7800 9732 2879 1460 8826 833 5485 5485 3742 8299 4554 5259 3716 8487 8906 6841 5969 3366 11 8317 5036 1193 6334 3935 6543 4996 9693 9933 768 1046 60 8272 4686 2224 3026 8660 1010 4819 1600 7974 2502 6659 2567 7662 9635 5578 4752 236 3619 6569 6358 2102 2223 2008 758 749 4168 5782 3341 9563 9577 1931 452 7731 398 5477 1796 3866 7640 5574 6037 8780 2859 4850 8179 7045 696 5461 2741 5173 4051 903 407 3187 2709 4738 1344 2205 3011 2333 7159 5147 3340 5507 7629 7514 8025 8014 558 4171 6648 3435 8312 5512 8669 7968 7199 9548 7113 6322 3466 8209 9962 4569 5367 9539 9271 2857 1066 445 7305 4904 8071 3312 7354 7698 8263 7296 2466 2542 6846 121 2879 2572 1409 7427 3582 6505 4021 2355 6203 3437 6872 9255 1765 4933 116 6731 8415 1880 791 2491 1908 8456 9769 6797 3171 1925 175 5079 133 8398 1747 2894 4507 4276 5479 8607 9783 492 9800 5530 6168 9477 2671 3399 2370 2406 5407 5394 90 7921 7582 3004 4295 5840 3090 4274 223 476 6209 9028 6319 2216 5776 3444 4338 7679 5892 5048 7279 3525 8174 2965 4413 4369 3337 9011 7823 8914 6210 398 7945 5888 3395 3114 8678 995 9007 7094 2409 4030 1338 6594 4654 4399 3683 4744 9719 4845 352 6079 7917 3600 311 3520 4460 8393 168 3057 3871 6409 358 6177 6505 9377 6747 1257 6762 3873 2912 4010 8009 498 3389 4407 3702 6379 3098 6405 2813 2093
9017 5218 3837 8466 1478 2711 1972 5260 9567 7976 132 1228 1217 4028 4407 0 8078 1134 3902 6481 8181 1717 4645 6723 9206 3754 9830 5165 4162 1966 3630 7096 4565 5170 639 3516 3224 3774 640 2415 5772 1356 8231 2362 5742 5046 5737 7929 4570 1416 2303 6345 8599 4979 1832 4509 8136 9922 72 9692 9426 2265 3633 3960 1112 9474 4210 314 6523 9180 7364 2055 3964 3710 4116 1085 5510 3306 5919 7492 8864 3467 8450 4492 2275 3993 2769 8700 3501 1899 2378 9337 18 9461 8809 5662 4207 6725 8364 5942 9458 1021 644 7048 5728 8711 9573 1861 671 2192 2122 1722 8723 2694 7186 7142 9965 4169 9187 4538 4600 7606 5791 8376 1605 9009 7154 318 6040 155 8323 9286 582 5173 3664 24 2496 4558 6198 5358 5342 6259 4769 1734 851 2385 9252 4539 7504 4363 3857 3721 6774 6614 8111 3624 9968 6955 3923 1965 7554 3537 9419 2494 4871 9127 658 4810 6937 9377 9259 8815 9129 6681 6239 7284 2709 7477 7009 6384 4428 2545 1534 496 1155 5808 5981 4807 5913 4470 6056 1155 1818 7532 243 5564 1478 8727 5385 6583 8102 5153 7346 9249 9976 2947 7881 4421 6504 3814 2761 6839 5080 4719 1460 4125 6071 9419 900 1979 4801 5591 1155 281 9373 321 6611 5454 9497 4135 4665 5327 9782 5244 1660 2931 4495 9339 1182 1761 5978 3165 2403 1631 7919 6630 1428 7962 5667 7931 5180 662 4273 2922 5589 1937 4466 2532 1449 3274 8327 6661 794 242 5153 8337 7950 5797 4790 2550 6574 9612 3313 7818 2075 2685 4320 5269 7801 378 3471 8149 6908 9961 335 297 530 8473 5829 6110 2638 8103 1940 5068 4239 8670 2225 6295 3287 4013
4835 1273 4921 4338 5849 9043 2366 9573 508 2817 2936 9757 1777 3688 4890 8078 0 168 7572 4767 1743 1661 3456 8233 7731 9770 3252 6899 5026 2688 2234 8870 3516 5939 7119 2277 3178 3705 9258 430 977 3736 2978 282 8464 4383 5562 9343 7826 18 5821 1517 5341 3137 6251 3494 3070 3126 6245 5491 1654 9964 5299 4559 9775 7117 1618 3718 9845 4177 5121 6184 3810 3299 4246 6881 4855 2926 7302 1182 424 3983 2260 283 9044 1374 1124 9977 668 9713 5154 8735 5175 8152 7518 2221 3411 9477 6757 3413 2938 9289 2809 8990 7047 3426 2563 6599 2253 1074 6702 9931 7459 4252 9309 4676 793 1983 9794 4007 6753 1235 548 1394 6740 2209 2540 1911 3887 2727 576 6635 1122 6542 5566 5587 6747 2030 1827 1765 9152 7137 2680 5752 4803 8827 1488 7433 895 6366 3091 1285 4696 7072 1036 1629 8295 4009 3273 4551 8741 3425 9700 4080 649 5329 4104 9619 5957 657 1726 2025 1645 1393 8947 4712 846 716 9046 8323 4909 497 3813 3655 6551 7586 7254 2579 2686 8607 2468 3984 8934 7613 3153 9153 6264 7196 2225 8367 539 5438 1927 1461 3265 2648 4558 8668 35 7505 6193 7722 5920 2187 8906 3856 2283 5837 76 2478 7341 1999 8535 723 2082 8208 206 8036 1392 8098 4415 6271 8104 693 2504 5586 7122 7681 6432 3060 2574 3001 5070 7790 4145 4026 821 4672 2576 4929 8101 4890 5979 3434 248 1250 2091 8530 8750 3398 3276 8643 6877 3879 8413 6659 3800 8450 8073 7692 8821 1623 201 6695 8839 9893 3406 6211 1679 6183 2940 2347 1115 4160 9822 4646 7196 407 607 8671 9333 8559 6438 2625 9371 8342 5747 6569 7834 2717
7245 5183 9410 6611 788 813 5530 6880 4607 6821 8156 9237 45 6129 6520 1134 168 0 991 1258 8660 5506 7265 5201 9821 443 6197 9392 2162 4504 1469 5623 9866 8583 4338 1367 9018 1551 1203 867 3376 1499 1467 2125 3955 3742 6735 7723 2658 4895 6138 3149 618 595 4794 9830 4655 9362 5266 2229 5296 3392 9657 1118 8016 7937 1964 8537 1058 997 3233 7924 9622 1443 5 1347 40 5092 7405 5247 3253 5075 8567 9058 5258 5085 2290 6931 4755 8471 8065 4423 3569 5140 6786 5143 5276 6322 5343 1609 2302 5074 806 8869 3293 8165 7305 8642 1155 6400 2259 5957 7881 8844 8001 2207 883 9589 7573 2596 2299 1335 6067 3796 6964 6799 9676 9364 1464 7482 8047 5604 8899 5204 6577 5076 2457 6187 4824 8020 5276 3692 2574 7504 555 6090 5567 7363 9417 4579 4232 6566 5798 2455 2473 1445 4489 8276 3083 8579 2416 7678 817 5164 930 5066 6063 3097 5946 5489 1522 2071 7597 5045 5293 9115 3193 8697 1628 6158 8429 1927 6263 8685 5572 3750 7375 5914 9109 8506 4407 5326 7602 8219 260 5830 9429 3065 7571 444 2876 6379 4474 9459 2422 767 7849 7878 5881 7773 4879 7042 8507 5248 1263 8911 2121 3637 2959 3080 6767 8364 9427 3984 6868 4699 3354 4475 9532 2558 1516 9475 8685 7942 5287 3996 6973 2814 8997 3127 5423 6902 6507 6345 4399 6547 9414 5575 6239 9726 3509 962 9754 8380 7497 8138 9983 6761 958 2226 6450 8510 6905 7670 3649 3045 7512 5225 4227 1538 7706 5839 806 1112 7715 7486 6843 9482 3176 7497 3538 5032 8121 7799 5842 5733 3389 8277 3359 3303 3079 218 3559 589 1139 946 580 9425 3197 130
7187 109 2303 6488 3754 4465 5985 2672 45 3400 9420 1868 4392 4087 4840 3902 7572 991 0 8687 9951 4733 9260 6394 9544 8377 2001 7155 8641 719 1588 2046 3503 2211 1644 7327 9100 7507 8661 8563 7911 91 7490 6799 1078 9001 9659 1401 8443 2203 9553 5871 3491 3748 9954 1778 5571 2547 1661 7680 4852 6507 5379 9914 272 9818 3525 2498 4495 6035 3147 2206 5447 7570 2407 7840 5741 5499 4995 3971 8966 8896 3838 5179 2244 2185 2055 3282 8022 5522 3188 6095 9122 2450 8424 5455 7679 75 1060 1197 5816 934 4594 2948 9708 5966 303 5249 8582 3221 1615 3160 2502 3782 1429 8802 2123 5372 7401 6550 9059 9663 7246 747 3671 9538 548 6779 9275 2812 7576 4116 2514 6772 5559 5259 7398 5744 403 2962 7903 5998 8553 8853 1579 6959 4722 3017 2926 4930 4886 8098 4320 6318 7904 2177 4436 3672 9823 9965 5996 6356 5948 7781 7327 4452 4341 7273 8175 9863 9757 5469 494 3387 2726 7036 9771 8535 9371 1535 5484 7092 7778 8394 3308 3612 2073 4382 1855 7998 6750 9514 2247 839 5913 2454 6395 496 4701 9540 4350 9517 6282 7277 2257 7223 2107 5319 6291 284 4574 3473 53 2963 8774 7710 7190 590 4110 3000 4879 5654 2065 2555 365 1519 3852 1359 4783 2764 4625 9295 8425 4402 1565 5911 8915 1138 6526 7907 7613 1070 7791 8305 7273 2906 3315 4988 9285 1550 1073 4635 8979 2586 8436 1232 4411 1193 5944 6058 1829 5390 8546 1438 247 9586 2085 2242 9504 2500 4913 1094 3904 3547 7975 2308 3820 5061 8182 3787 2261 6387 6213 5641 9320 2764 4327 8571 1314 7406 6802 9157 8648 9387 2341 436 1563 669 4418 8094
2648 6625 9133 9646 6685 1115 8199 8468 1857 7429 8697 9826 5607 5217 2976 6481 4767 1258 8687 0 8890 3276 8049 8387 3410 7080 2163 5495 5655 143 1795 2900 3986 700 1213 3091 5452 2217 3587 1023 8877 1073 2636 9500 1954 8121 5599 3207 1291 9240 1002 4593 829 1511 1649 9747 7275 5381 9574 6902 179 9909 9826 9201 8866 3582 708 2105 4797 5017 3653 385 1842 240 7049 2728 7725 1140 1825 9998 8783 3428 2600 5635 6134 6602 3184 5923 6599 35 6710 3046 5126 3796 9088 5280 8907 3182 5610 1161 1024 3715 3073 7342 8972 5924 5843 5026 872 8741 412 7356 6400 617 8387 3774 9703 3041 6642 2891 6044 4196 6274 4642 7126 1897 4530 1551 9068 1700 7023 566 3598 685 3800 2814 9630 676 6262 3964 6575 2350 2342 1407 6004 7466 6654 1937 9129 6329 5999 2889 1141 9616 6169 6924 1767 1455 9546 5128 6831 9221 1326 814 2250 9021 4101 4197 5077 862 3117 1759 7610 1269 2313 9284 6088 5434 4090 1121 4577 3521 6879 689 1124 7383 7556 634 7913 6380 8377 3199 1105 6498 1323 3588 9597 3553 595 2795 9015 4939 2778 9686 9885 8857 2332 8758 7934 3238 6571 7909 9116 9999 2229 7428 4010 7754 2065 1753 1236 5884 2516 1093 9765 6666 5928 9683 32 1576 7784 4172 2504 7459 5695 9873 5524 9678 2589 6406 2799 1089 3076 1231 5616 1037 5517 4457 3211 8408 9322 2667 5552 3514 1982 9983 9498 969 2755 3326 2635 4222 9521 5189 905 2404 9945 2979 3418 1767 539 1704 9927 4214 5404 8418 2844 8037 6502 5974 4543 82 1818 7766 5821 1522 643 6752 3206 5377 7125 9098 3248 5780 2127 9832 6039 7885 528 8147
7128 7469 6111 7595 1247 2650 4252 4873 8699 4093 2710 1275 3776 3794 1279 8181 1743 8660 9951 8890 0 3954 7301 3675 1200 9109 6222 4640 9349 8526 5741 3640 4194 9641 2781 7553 9562 4961 7773 891 9237 3733 5708 3821 2945 7829 8031 6423 9048 6572 2236 4574 5016 1733 2772 1455 3465 3964 6451 3891 7104 3534 9296 2013 5194 4817 4865 9326 4673 4384 2884 9055 8239 2341 1046 1046 1686 2935 931 711 8049 3176 2242 5300 3752 3423 2420 9881 3964 1664 7507 2358 3719 2033 3943 2185 4831 8152 840 9359 1821 8465 9828 1398 1784 3239 7729 1117 8207 9026 8482 9778 9307 6229 5625 6154 4361 517 278 6073 7984 4471 9325 7866 7669 1035 6950 7544 8971 5807 1599 341 7130 8427 2012 4013 9054 931 5238 993 6047 367 47 815 8908 8095 990 2855 6151 271 2309 16 1222 996 6413 4937 8858 7259 3856 2956 646 6100 9783 6096 174 355 3959 8707 771 3789 1467 6975 5247 6747 3624 9232 3744 1921 5534 1580 1057 1262 6671 1447 3166 7604 3585 7456 2002 5970 5667 6817 4541 7438 4347 7960 8525 558 7960 9116 7373 4364 8488 3825 9645 6003 4737 9370 217 4719 5671 8446 5706 9820 1134 2978 4685 4010 966 4536 3028 8066 7271 2522 1583 3110 6121 5064 2223 3383 2252 7327 6149 8921 3078 2033 2444 3181 988 950 7549 4387 6140 9029 2215 1211 6954 7416 4822 8977 4853 7367 9014 8001 5369 342 1678 8811 34 1391 5195 1760 7071 967 7971 7853 2826 6218 6840 726 4409 3738 5062 3577 4544 3002 4548 8693 92 9476 5520 4674 3400 8764 4486 665 5746 3053 408 7266 1058 9451 4898 9640 5256 2960 8483 6796 9767 6248
2674 2109 6378 9004 7496 2044 509 460 230 8094 6482 6946 4945 7224 5688 1717 1661 5506 4733 3276 3954 0 7992 3732 2574 9111 1649 5931 2776 8588 8308 1376 7745 8671 9431 4358 9443 7040 4397 9154 7118 8624 6546 4835 7845 9556 8828 3128 6904 8717 2794 1720 1365 9411 4900 1774 1277 8271 155 8272 7919 2392 2044 3430 4163 7000 6112 1874 9969 6261 4124 8765 9585 4181 4639 3715 46 6397 6268 2236 4227 3344 9000 9699 7204 120 9737 5746 8475 3926 3237 9345 7676 394 996 9625 978 6702 88 5543 8657 6266 2848 1123 7878 6029 9903 3874 5472 9957 140 741 8830 8306 1178 3007 5398 3489 1334 2024 4762 6345 2818 6609 3882 7784 9423 8558 3936 993 2861 8380 2691 432 1992 905 1011 5368 1482 7674 2260 7332 548 4702 6723 3265 5801 453 5847 728 3130 4272 12 3804 8395 3839 7611 9136 799 197 4920 393 2587 7490 4042 3115 612 2282 4033 1800 955 885 6227 8790 8721 9075 9401 2503 6867 4085 9797 4450 935 2507 3479 8581 4340 7115 8347 8080 2194 658 3231 687 1137 7434 1097 4264 673 6503 8399 441 8871 9187 3044 5375 2784 4204 6278 1551 5155 1873 2204 1757 8884 8752 5201 6910 1344 4044 2272 4928 8677 695 6399 9422 477 5482 9376 387 6638 185 6396 1827 6638 8113 8809 153 3003 61 8305 8092 4187 3305 6022 146 2157 4697 992 3154 4030 5956 5018 2697 1774 7272 8303 8545 8907 6223 7843 7858 765 6963 4545 242 7248 2910 2353 5560 9742 7171 8535 8761 1234 6383 7 9343 7296 4437 179 928 3770 9700 4199 6942 6973 737 8480 9657 2268 240 4224 2842 3781 247 890 42 7304 6604
7692 6771 2144 3259 3567 4312 3931 7564 5600 8886 489 1469 1391 4396 4900 4645 3456 7265 9260 8049 7301 7992 0 3303 8569 5932 743 7896 8436 3958 5175 9835 9172 6463 3742 3580 192 9178 1505 5392 2665 2513 6233 396 5618 7115 3946 3991 3193 2565 4407 7127 2761 8051 5658 1752 350 5210 9660 1371 6331 2334 1553 4585 5384 6792 688 7946 7784 594 7578 2526 8432 1750 4592 84 4125 9981 8918 8124 5048 3284 4128 4903 4059 7274 4195 7181 2408 8732 300 7123 6237 468 6138 9613 5904 8508 2512 4437 9369 1211 4054 9342 320 6331 9932 8019 2289 131 5365 1282 269 1828 5363 4556 4282 8275 5717 6567 8318 5426 1620 9225 1999 1912 1947 2939 2350 5749 2214 9108 3047 4246 9213 3576 8716 1360 5569 3484 2606 9274 5189 7947 1382 4998 4529 6181 2559 828 6236 6422 7176 3797 1371 7861 920 5635 5341 6973 2864 5264 9695 5400 3963 9043 2117 4417 8268 8138 6219 6265 4790 6935 1131 3741 1069 3431 4038 8031 1157 669 7961 5790 8489 9949 5365 7824 4473 4501 2337 229 5834 6722 2605 9847 2015 8021 7247 1929 8950 7075 6048 7413 7207 2577 5543 7770 2948 9776 6043 4220 1938 7106 5520 972 856 3172 2623 7551 3061 4858 3221 2729 9466 3863 9936 4831 6567 1713 5391 7754 2576 1491 289 1290 2103 3555 1788 7595 7566 6060 9710 5966 6395 1952 7714 4482 4788 8581 3571 626 8245 8314 5583 1427 5960 9550 4775 7884 7090 2588 4369 5314 263 2996 587 8626 3530 3088 3115 4233 5384 3801 8742 7546 9480 2535 9610 9593 2236 5630 5184 1425 3207 7445 5793 3013 7252 8355 9072 5500 1502 6606 4374 5059 9193 7652 9172 8529
5574 4336 8356 5238 4033 303 1555 2825 2871 3277 2728 5160 3292 6619 7212 6723 8233 5201 6394 8387 3675 3732 3303 0 9037 5843 6369 8405 3381 6410 3352 1045 2890 5346 8164 9333 6189 2645 5863 7167 6329 9575 4537 6582 73 8017 6594 4625 4098 4948 2772 9356 9354 9483 6093 6710 6306 685 6324 5188 7460 410 2128 1287 8965 1868 4513 4949 8814 4949 1553 9945 1907 8130 7985 6875 4482 4794 394 679 9772 3294 8885 2010 1044 6791 7809 553 4634 8004 7541 6731 9182 4246 9233 9606 8562 4126 1120 8780 6479 4177 9619 2438 6885 1431 4599 645 1846 1257 4787 4813 5497 8362 7269 7783 9289 795 9512 6985 5374 6943 3580 1581 586 3254 6304 5877 7042 8969 4393 3371 947 1003 8375 2963 6013 988 9475 1479 3852 6319 9516 803 7384 1709 8733 873 2989 323 3118 3351 4392 5776 4102 9172 2633 313 6671 1111 5426 4452 6536 3763 2754 8569 3265 8645 2318 7420 4103 6815 8610 5446 3287 1720 2191 6166 9408 1584 9310 5583 2405 4130 2491 4341 9937 5724 4880 3039 2260 3762 5208 578 1822 3411 4836 7578 4721 5680 7948 5224 5372 1952 4368 9006 9531 6263 8897 7418 6718 7835 510 8275 5868 6607 3123 2731 1265 1441 5949 4891 2460 9667 33 4084 4333 8116 9248 7383 2434 4158 919 8552 5572 6388 5150 8328 1220 9221 7373 1319 1091 5170 1090 5692 5265 7212 4261 4985 5897 3398 1723 817 8271 8322 5818 1154 1535 2266 9634 2783 4937 2845 6852 8420 777 2036 1411 3837 6170 9513 3005 7948 4076 3086 672 9338 2072 7238 822 5881 1973 8922 8788 6513 2340 33 8310 289 1873 9112 3838 7184 6094 8441 6039 2882 6088 1273
3857 3324 1023 7832 7628 8240 6477 989 6245 7825 5104 9912 3790 3526 6784 9206 7731 9821 9544 3410 1200 2574 8569 9037 0 3206 7132 59 9764 691 2122 917 7982 8453 5890 3762 5820 4609 6352 6389 3100 5921 3583 1482 9738 8841 2684 535 215 7186 2932 5458 3981 6367 385 3054 5615 9942 6773 7054 2755 7183 7545 4860 8461 7584 8336 1973 9810 4971 4522 9816 618 7818 6419 3323 2007 1834 2613 7100 7933 5166 6038 9349 5884 8464 6615 7059 1287 2520 5180 5688 2418 8488 7909 9828 127 4601 617 327 3815 7278 9121 9237 2857 3172 5702 8024 3231 8698 1935 8345 6220 9037 2199 1237 4972 8825 9268 8917 5224 8251 5194 9898 4684 7785 498 6670 7287 4145 6582 1378 679 8546 5207 5828 7792 1967 6299 6597 2636 7848 8892 5326 4291 1061 8558 721 6744 3435 7087 8770 9523 4523 2813 3612 7563 8682 9809 6811 9164 7295 4165 3829 6958 4545 611 4888 3313 4659 4726 9089 5100 370 5784 7206 2365 751 4830 5709 5937 1765 6879 3784 5483 4864 6017 154 7981 5735 6033 3705 9891 3756 6495 949 9633 7397 8508 8211 18 1642 636 5036 8276 585 9293 4345 3249 3692 8686 4911 598 3149 293 5833 8308 8633 662 5778 3253 4763 6517 6310 2139 585 136 457 236 4362 9934 3476 7641 127 4650 4015 5539 1090 1075 3956 7779 5510 6895 6465 2491 4965 8952 4064 7882 5792 364 129 6130 6704 1788 7561 1537 2804 902 7232 1039 7511 6218 2784 6365 2876 4087 1684 6478 7994 5321 8248 286 3597 4796 5154 426 1774 8507 7029 373 498 4182 7753 7803 7359 3161 3298 3699 3229 8000 6802 4705 3496 6707 4265 6335 2717 2784 6935
2320 1334 9162 7313 8612 5350 1286 3269 9902 3686 7050 7349 8937 2928 3852 3754 9770 443 8377 7080 9109 9111 5932 5843 3206 0 1809 1770 7918 8613 9200 8323 4535 3415 1152 2871 1996 5639 6614 2845 2172 6834 5903 9804 6666 2191 310 7368 48 8597 4219 4283 7054 7251 6826 9476 3462 1403 1990 9824 456 7097 8437 4296 6620 1675 192 2339 2180 2265 2200 968 4901 3956 8707 2279 999 7913 5516 744 9400 1200 7472 4754 6560 3283 3405 2875 9428 7449 4835 1350 7909 6183 4006 4261 1294 831 729 2666 5863 374 9732 8483 5387 7261 2837 7842 7025 5315 8138 3269 8950 8780 4536 1184 6962 8128 8864 341 7005 2589 7735 9366 5964 8476 6119 4144 3602 8711 7739 7640 2825 2640 5761 8357 6723 4359 2659 2573 7190 1660 8699 1637 193 7545 8904 9191 3950 500 1000 4818 2647 5587 3776 2641 9264 105 4119 6909 2243 4254 7996 1509 901 1917 4397 2225 9739 5002 8756 3842 4742 7749 7595 8955 9459 4708 939 4797 3124 4104 8470 8267 3669 6849 7855 8427 4525 6208 3797 664 8520 2904 5859 564 6282 7095 2289 1433 2153 1390 8814 8677 247 143 8762 1587 3909 6514 3600 9394 6412 6661 3695 4909 526 4419 720 4953 7316 9037 4816 1598 7985 8371 8289 492 4008 8540 3242 2783 1720 3470 8122 726 8392 6754 5686 7401 2332 8754 2311 8920 7072 4433 555 8819 5196 1632 7372 3154 7833 3060 9037 6662 4140 6866 8718 498 6007 2951 9859 888 7659 1569 8134 3850 6129 2834 1704 544 3538 9979 5846 563 9852 2031 4756 1526 4304 2894 6546 6916 2729 1789 4713 902 5034 6062 3731 5003 987 3216 1810 7697 5612 1759 4636 5970
9259 7179 9994 4723 5488 6877 1859 514 3753 1477 8653 7554 1246 3366 4666 9830 3252 6197 2001 2163 6222 1649 743 6369 7132 1809 0 1523 2801 9398 6117 8200 2191 5067 9685 3169 6875 7583 4387 6536 9269 8158 1342 5447 8775 6949 3369 7638 8499 589 8070 4566 458 7440 208 2003 8715 7360 2493 7271 9049 5406 7328 372 5149 1426 1215 4539 4028 9829 9447 2432 230 5898 4858 2494 3046 129 2650 4924 4105 7894 3595 5660 2280 7378 6071 6433 7000 7150 6003 4814 1780 9765 7245 8179 9804 2695 1028 474 2566 6641 369 8267 5289 2340 9295 5729 4943 1593 5197 8737 6737 7873 1971 8677 2843 2603 9850 9184 9322 740 7657 2782 5885 3 9836 1420 6516 2450 5314 5405 4367 3993 8916 8221 1618 8655 1770 6952 9836 9320 6470 6680 3473 1238 8684 1824 3501 9522 6240 3001 4996 3539 9684 1700 454 5536 56 5469 9020 3210 3492 8417 4723 649 3741 1511 6867 743 8068 720 7345 7764 106 656 6607 423 4280 5752 6705 4885 4559 5042 2810 3085 507 3330 3891 3608 7459 3049 9804 9854 2109 9061 2967 7824 8939 2013 3609 339 3963 4011 9808 6490 6812 2521 5021 706 3449 5882 3289 480 1238 3009 1773 9968 4773 5964 3202 795 7670 6576 5212 9647 913 7918 6357 8086 4468 8693 1906 9350 4796 1099 7993 3758 9249 970 1891 9041 6897 4086 3525 2790 6238 4760 8320 7519 7038 7515 6946 8053 9257 7333 4131 7241 4340 1432 1688 1318 2774 3497 5008 7572 4870 7432 2214 6844 5516 342 5401 7192 9880 772 596 8454 8441 620 9488 3737 5107 8591 9787 2935 7767 8170 5047 8031 8615 7106 621 600 8602 5107 1340 5852 2374 1775
