300
0 4553 3483 5764 6679 259 5739 2155 6099 4653 8210 9854 2922 7115 4642 859 1955 6641 9411 4812 2739 8034 8271 3373 9237 7669 7514 2437 6748 9228 453 2072 8046 9748 2590 7551 649 9963 8535 8725 3343 4832 5276 2918 2170 219 9124 9479 1988 4364 534 6078 4096 7736 4279 9667 7681 6556 8358 5702 8982 4516 9879 2658 5615 9810 8780 1187 6822 170 7977 3241 5336 4180 1291 8772 4431 5882 8415 6779 2187 8480 7409 237 681 8168 3705 3850 145 8603 4411 705 8900 8499 6683 8143 3921 4570 7329 4017 7603 537 9872 9410 8532 7106 913 7813 7550 8430 6850 2404 1665 2802 3654 6771 2917 9911 1771 8696 3042 6460 604 1159 6637 4573 8587 9666 2926 6278 1576 2954 3623 6875 3674 4734 3973 4823 470 6642 9511 2132 826 3812 2451 2058 3368 8928 4695 8944 2443 2300 2775 4626 6255 7189 2807 6817 6576 8951 9328 8970 726 9536 2757 1762 5014 47 8706 4164 2612 3228 2747 1512 6113 429 2027 4490 4616 6266 2084 9962 7517 9852 1717 2401 3014 4990 1166 9583 9020 4910 8530 604 4677 3003 3284 6015 4920 6226 4029 1579 6437 4888 7051 6850 3660 9939 7568 6272 1051 7789 1065 6084 2284 4176 2608 1440 8425 4389 5055 7765 5208 3126 8830 6777 8815 4911 2928 9565 5202 5981 174 1938 2419 6579 7801 9988 9703 830 3788 5044 1040 7716 6732 6406 1340 177 4738 3424 9949 5666 1086 117 5783 3887 9045 9341 829 4389 2966 7734 8770 3090 1944 2878 9128 9337 6044 733 802 5341 8452 9834 7205 2085 4235 2402 9182 1655 7738 4180 6520 8354 8388 1797 2641 3683 924 1779 4878 2841 6315 6768 2044 9759 5695 983 3751 7363
4553 0 6037 8735 5451 6875 4713 5936 9734 4917 7832 251 7604 8093 1680 2634 4320 7494 2423 1461 7588 1468 2324 354 7692 4812 4605 2791 401 3002 2715 2409 1288 3629 1698 6775 5 5505 3104 52 3714 1837 2986 4042 2964 9713 5209 6519 8690 85 3366 5674 7692 9653 7149 4844 7963 7410 4929 3307 8992 6032 7872 1951 6528 3447 8117 2322 6303 8314 7533 3275 3203 3393 9826 2352 852 5135 665 9102 9076 3854 4326 5614 1402 1138 308 9811 4970 3654 2655 5297 8990 5312 541 9219 8641 700 4817 4326 4343 1223 7332 9484 7819 1195 911 5068 7316 1678 6820 1962 4480 6054 8952 1681 8098 2635 1355 9883 6576 353 473 3054 4425 7492 8008 9143 12 5462 4882 9222 9901 5978 2718 3331 8705 9308 1679 5623 2490 6996 9427 5440 3400 8089 5602 5821 5207 7510 4551 4840 5050 4258 5499 7790 8345 2241 8047 7276 2468 6419 2739 3851 8095 1249 6922 2519 4580 7936 8320 9693 8343 5105 1536 4692 8881 8395 3566 5184 1965 5054 4614 8373 1363 872 1725 9229 1109 9737 6594 1350 9951 1339 6776 4435 4742 5521 7992 1302 6370 1856 1151 579 564 2015 5390 5578 6889 4183 9035 2827 7952 927 385 7927 6061 3899 1890 9673 7036 4441 6773 205 5652 5679 6129 9697 6550 1731 997 4851 6200 2728 7559 6949 3067 8290 2076 5108 6802 2911 5346 6281 1049 8941 6943 7551 5531 6276 7781 3321 9877 6798 512 1661 959 9035 1450 2522 4878 8401 4297 5372 9343 9369 5203 2711 3180 2303 1018 9712 8044 6215 737 7652 4488 5602 5708 4 7626 1213 3163 4327 5192 8488 3585 3768 765 5648 2816 9206 814 5218 7899 4814 108 9493 8805 2874
3483 6037 0 38 2485 1307 2157 7226 5378 6322 9006 6024 8380 8016 7972 3796 5817 9410 7961 5871 9380 9380 3907 6532 93 5623 6994 9681 297 110 7575 3873 467 7348 4599 918 9655 5748 4574 7841 6561 8974 1253 5863 5264 762 2886 89 3272 1137 209 6197 3224 4700 124 2064 2530 3862 2360 6951 5755 3882 343 7415 8353 9182 6868 3620 5779 301 9399 9796 2969 6088 2288 9980 8361 4606 4821 5962 3663 2321 4190 478 4546 5177 9523 2808 9707 4025 8981 1446 4208 7586 4309 814 6123 8983 5291 7696 9681 982 3971 3062 7182 7054 7635 582 8668 4911 9025 6434 9908 4041 709 3333 3916 7569 6918 9403 4685 7467 6631 9474 1762 2022 9653 4805 5752 4653 6550 160 8723 6875 4544 7958 294 6506 8881 604 2025 381 9335 1156 5613 9871 3863 5014 9562 9314 4281 7458 1654 3672 2069 2721 9027 6605 5971 2998 4383 2687 5716 4494 1968 5154 6027 1092 5740 3159 5746 3138 8051 5682 5880 8253 3886 7146 3372 9178 1085 7239 3166 1816 6117 5636 3311 8043 6555 8943 2632 4193 1688 6753 9759 4823 5985 7225 8290 9389 2815 8429 7438 7892 132 2068 3918 5305 2418 5458 6604 2491 4963 4257 2101 534 5027 5244 7607 8498 7513 2311 9753 4857 980 8212 1073 4860 4874 2701 3195 23 6141 8194 2888 5609 3059 5342 4630 3523 5506 1637 4945 4219 3242 2142 7454 4451 1156 3431 4540 1336 6554 3497 5958 5887 8741 8630 3799 4933 3360 2857 6881 8323 6518 2433 255 7943 5140 7655 5267 3478 7748 3712 6185 6627 4880 1007 3973 6247 519 2181 548 5877 2257 9967 4309 281 9689 8834 7676 3845 449 3099 9275 2527 3540 8504 9910 4100
5764 8735 38 0 7397 4477 7731 86 2377 4045 2810 8870 664 1410 5227 5180 5983 8166 8444 6315 4286 2726 9933 1385 4469 1614 8725 5266 2562 7492 957 5431 1578 8797 3840 9857 2483 705 6317 5032 2273 18 3868 9529 3782 999 9994 5668 3520 7027 6699 8535 9541 1506 9095 7503 3092 7391 6862 3093 5180 3432 8076 2934 2544 7156 7147 5727 4246 109 6698 534 5114 3985 2201 4095 2893 9137 4239 8498 7089 8522 7294 1419 2671 1535 7407 4736 9948 4603 2156 393 9670 9533 8940 4581 5358 1824 5546 3526 3500 7173 1864 3476 4521 1285 8313 8128 1193 9784 1372 5789 2178 7531 9662 3237 1394 9267 1058 1982 5429 8439 9509 6800 1691 4159 4734 4861 6656 6646 9063 1051 3215 4377 6170 7268 1667 5456 1656 4630 8490 7340 629 5037 7907 8213 4940 5487 4502 303 8639 8824 9201 14 3921 611 4281 7911 955 4318 8394 3295 7770 3496 7268 7531 6331 8190 2461 910 8771 9411 4487 8250 9108 641 804 2640 6171 7926 2814 2707 4354 6806 7970 7745 9139 6195 5116 8221 4658 7596 2507 9679 679 8123 8395 633 4538 307 5273 7789 4324 4144 9692 6688 8715 8442 3815 1432 3516 5727 5266 7801 4192 1110 3432 2770 3598 9578 7034 5953 1953 134 4098 4967 3252 499 4614 9633 8820 2380 3122 3527 2860 2477 2168 3611 6608 6497 3718 9619 5263 3201 6755 3253 5033 1279 8688 9377 2756 2926 4235 364 3554 2994 7219 5345 2022 3835 2502 7274 821 2961 6499 5760 6559 6475 6548 8261 7421 8075 8552 5944 5877 3553 1784 2326 5868 5961 2542 6367 4465 2369 6371 1970 2394 9152 5293 4012 9704 2146 6536 9126 3043 3413 5615 1268 9294 8067
6679 5451 2485 7397 0 3223 3289 3929 7078 4173 4871 6742 8319 5408 8318 3108 3904 5220 7124 7259 6764 1148 4237 7401 9498 4664 7677 3081 8529 9013 6550 6536 9434 6228 8625 3443 3367 9018 7880 281 4420 3957 4615 7901 4956 122 5986 7555 357 6945 4696 7987 7899 9137 1762 3611 1083 6921 7291 8230 6149 1431 6942 5127 8121 1985 1996 4126 4481 2534 4819 6659 3778 3066 5812 5722 4110 9267 7162 9704 6914 9267 5328 7601 5262 51 5802 5726 5866 7092 6743 1539 6646 7297 2786 6492 7020 8871 9106 7531 7761 5618 5214 3404 4057 2571 6029 6203 1843 2121 2474 1130 7702 7360 4723 2499 7732 3562 3260 2591 8891 9789 3754 6969 7028 2859 9928 8470 1376 6148 8127 4457 5627 7326 576 4385 4636 9274 5219 6196 9892 8347 5314 4494 2680 6178 8791 3284 3506 2616 6271 5069 4534 4449 6228 3158 1061 8865 7408 2923 7511 8916 6179 1578 5608 4590 4771 8694 205 3634 6548 8275 4577 4449 9522 382 8762 4966 9827 7425 774 6451 2954 6728 9411 7882 9411 8066 7843 3118 2899 1997 3300 9864 9944 4599 9463 608 6160 4409 8325 1938 9021 3632 3888 183 5652 8517 9771 4932 135 7839 7401 9364 9897 5518 4990 2862 2176 1233 5608 9487 6650 9233 2133 9019 8346 2800 5579 4808 3157 6626 4394 9821 7 8541 8226 2816 2421 9743 2139 4823 4994 8157 2241 3705 3707 3997 6555 1861 8605 236 2387 4775 7066 2026 6385 5965 7592 617 1944 9441 6962 3209 8455 789 7971 6947 646 4929 2111 3576 9723 3863 8578 7781 6139 1945 1898 3718 3967 1320 7126 6031 5773 9306 4584 7713 6675 7898 644 5675 9524 8354 1110 8995 6101 385 7169 2719
259 6875 1307 4477 3223 0 1085 1970 7558 9526 4612 9787 1042 390 8048 6369 5424 5305 8193 7017 7460 3221 2823 9700 9053 1706 577 1586 2571 6422 5203 5695 6726 438 9468 5458 6888 593 8761 5207 5646 4358 9541 9486 4760 5792 200 2730 6229 1814 4047 7411 7862 6995 8425 4514 8752 3903 8647 7069 5976 7844 9923 5819 7153 8806 2984 3830 2697 8807 1539 6063 8633 5711 3609 871 5704 1768 9975 6129 1548 3608 108 2209 4207 7814 4089 3867 4734 6059 287 1613 1816 4549 9624 2709 2696 9528 6547 6927 5841 8016 329 4839 6853 5129 1526 7630 3786 3307 8206 8617 2042 6189 793 2809 4849 5745 8475 5685 2494 3635 8380 7843 3993 8731 6691 1022 6522 5283 5902 8080 7860 5173 2592 8184 5618 9547 7432 4178 5958 7599 5728 5636 3507 5762 8323 6670 2208 8838 1307 2682 7431 8057 4468 3247 4641 5480 337 2741 7643 1637 4662 942 1519 9252 8119 5943 8855 3276 1731 7032 5490 6356 6668 455 3643 7529 2683 2195 638 480 3888 9429 9849 2402 138 6383 3909 431 356 5696 3388 4110 8459 4143 5526 2240 7637 9018 8103 2631 6958 9841 8970 6720 9300 5766 6963 4055 3477 8069 5815 2990 975 7401 2521 6162 9183 6596 4018 7930 7368 4166 4078 8670 3543 7476 966 7782 1814 9086 6626 7051 9666 9736 9840 1653 8166 122 2346 7611 4313 6212 4887 8640 5818 4746 2896 7511 2155 9988 1413 2355 8250 5179 9653 6509 5140 6330 4569 2971 753 9675 6086 383 3399 2070 3214 5814 9053 5000 7927 8870 8488 957 7176 1471 7590 6217 3289 3972 1879 9114 8793 5362 4437 3831 4942 659 962 1337 6105 6557 645 9288 1666 5657 9928 875
5739 4713 2157 7731 3289 1085 0 9904 9828 6488 6047 9491 3118 4282 3230 8795 6904 9469 6938 8738 6615 2252 5894 4455 9823 706 5770 3965 8687 1891 7025 507 6750 8421 8763 8249 8067 9224 7907 9176 8420 9554 3309 6763 3948 7501 9368 7211 9421 7565 3287 3259 3751 3138 2255 8069 5582 2790 774 2860 1564 3884 7618 9921 3226 4112 2373 8036 7812 6799 3199 8934 7645 2186 5452 8545 944 341 7125 3549 8771 9935 4940 132 9028 8533 9996 3927 1621 4138 1381 6920 3744 2923 4323 9347 44 1721 5822 9393 3991 9128 5308 7327 2577 3064 8792 4043 9037 7229 3154 3051 83 7069 3241 7382 6364 7670 1301 673 105 5387 5038 9327 4036 2261 1258 3901 383 6643 6635 4614 9625 9693 9500 4482 5591 1375 1367 87 3039 3298 748 4586 4979 2235 3973 7581 6202 286 9324 1547 3982 5108 6926 3221 6217 2870 2015 5614 3469 3916 4150 2237 4492 3232 1722 9729 2731 5542 2875 7145 6968 2426 5476 9063 8999 2745 2050 8598 5646 5718 2591 452 8910 3117 8842 6685 2588 7074 7465 7440 3372 9415 2408 5581 6838 2174 7962 634 3059 5326 3148 4470 4633 1930 5295 6062 6811 7647 8108 5609 2056 203 6540 429 429 540 8112 7236 1655 3195 8207 3418 5452 4469 8780 3997 3689 1397 6680 8983 8817 7337 7235 3694 752 4726 5141 4140 4088 408 2109 9905 4734 2635 3699 9223 8114 8019 4741 8714 8922 1566 8283 2227 2725 8536 2635 2167 295 6553 2350 7021 4243 6007 7180 9593 5558 1226 2875 683 7238 6423 6460 8092 5577 6476 492 771 3769 3700 5312 707 9472 2843 4318 1957 9947 5796 7803 1014 9125 5655 2721 1801 4825 9228 3116 3201
2155 5936 7226 86 3929 1970 9904 0 7972 5218 4203 8558 6612 5321 1081 3426 9826 5138 4939 6156 2245 2928 2271 3011 8057 8007 5726 5820 6779 1888 2115 2531 9071 4992 9975 5484 2923 6740 4467 4910 8483 2852 1933 624 7182 3839 5321 5373 1069 1379 2915 8309 9199 7194 2708 60 8765 8119 1992 1128 5040 7400 4907 957 3788 7276 673 2866 6883 1945 557 95 818 5544 5340 1785 1768 5165 1745 1351 1605 4817 1939 447 7783 3715 3423 4585 7557 3842 9150 3415 2668 6323 3803 2458 2882 9265 9238 4042 5057 3121 7267 6796 7512 2012 798 4846 8922 9331 1665 189 2513 3374 3837 9651 610 1185 8068 8104 8727 5575 703 3036 8142 3283 705 8727 4765 516 187 8814 7726 14 145 6089 8995 6407 6565 7891 3370 2882 2129 4835 7072 3451 6011 5594 4559 2532 6576 1706 4979 1633 9992 7604 705 2341 5899 7507 3565 4502 9670 2317 4088 2728 1261 9905 5005 6773 8735 2476 2435 9028 5773 4800 2466 9871 4401 4520 7534 995 4085 262 7000 2362 2953 1592 5827 5845 1267 6530 6327 1675 6200 6996 1202 3146 9296 3260 483 4900 3691 8661 9934 1364 7167 4803 1812 9685 5728 3516 3265 6088 6334 9932 7033 8375 7170 2851 1522 9937 8791 1323 7824 7779 5553 8260 4419 714 2249 91 6458 8441 3608 8232 8167 7887 2874 6388 6325 7322 4318 1713 8198 2733 4815 4892 6226 1574 4172 4464 8521 92 1815 8660 7394 8843 299 8382 3127 842 4309 1845 7205 282 8468 6 9206 6289 7985 7482 3419 7869 4126 1610 9879 8823 3789 7158 466 515 8388 4381 2018 1239 553 8469 6522 1358 1437 9694 8397 5785 6786 3678 3976 361 3757 7540
6099 9734 5378 2377 7078 7558 9828 7972 0 3419 2662 4249 8230 2621 5172 9392 7688 177 3991 5390 4963 2120 5976 9000 3083 2087 816 7358 6986 6118 5311 8835 2077 77 2169 6215 46 289 9595 222 2712 2151 2903 7917 4886 6401 5632 8690 9327 7285 3977 9291 209 1491 3430 3413 5124 6499 77 1982 996 4048 9370 9367 6185 1439 9173 4401 4611 7640 3969 9698 6787 794 6183 9995 1538 8610 2806 3893 8701 6173 609 7270 999 1626 1791 7550 6860 8409 9091 8361 2017 8423 6877 976 7834 626 3547 1968 7357 8346 4245 6692 7093 791 9141 9343 8401 4995 5047 2192 3342 7829 2772 2795 7103 3465 1101 8795 8440 6229 8842 9592 1276 3350 1777 1308 9926 2490 2199 3885 2107 7309 7253 5189 880 1923 1496 6259 2645 3713 2778 2280 8254 7592 4827 8448 8465 5582 3043 6903 4722 7323 111 4894 799 9035 9244 301 8386 2903 8730 4617 8868 5701 1055 1535 2181 7254 1771 769 1393 1642 5390 9225 7139 1630 6250 1452 3609 9115 2670 9608 2881 4685 6608 5899 3295 6221 4164 3618 8391 4006 644 2121 7546 8874 3290 8501 9641 3629 2484 7974 9503 3953 6445 1339 7884 7444 1712 5076 6951 6514 8927 2029 8990 1161 3962 6153 2277 7102 1730 9577 8365 3197 1759 818 7722 5933 9351 9665 6461 8766 7812 3939 911 8441 8574 9187 2986 1920 4308 2200 5920 5562 3945 4632 4616 4261 2558 521 1219 4324 6603 1625 3995 2720 2005 6525 812 4076 2521 2382 7711 463 8095 9960 1347 8833 3450 8869 3552 9558 6190 5648 7600 7194 6805 3724 6065 8927 7413 6722 5626 9773 7140 2169 3977 2255 2487 2218 3441 428 5688 7805 9375 7245 1981 9154
4653 4917 6322 4045 4173 9526 6488 5218 3419 0 3645 3600 9146 2381 7686 3513 298 8168 232 6629 9810 4733 7060 7216 8732 3913 4299 5262 9950 9471 9815 5302 377 4175 8015 1076 6129 2121 5447 2287 1825 3509 2904 5277 9003 4141 8772 8413 647 9287 6193 7472 4731 6142 5060 9245 6006 972 6118 4562 1145 146 3582 6319 9588 7138 8320 5572 3621 9551 6711 230 929 6118 8210 109 3079 6247 5789 3843 7504 5631 1345 2231 5388 9965 2676 1765 683 342 8538 9895 4356 7195 6981 591 1598 4220 8365 5849 5974 9377 7485 7811 7908 3493 8025 7787 4433 2910 1415 84 7742 831 2958 2146 5048 2317 7683 5106 4075 8692 9152 9392 108 9466 5854 4533 1692 5109 780 1035 8483 2784 3973 2659 7499 3760 1768 8824 2021 2727 8197 716 6303 8019 5213 5098 4190 6080 6388 862 3580 8497 8122 4268 8323 3224 3866 3189 7544 6018 6545 8456 7533 9310 1738 3334 6023 3767 2121 4716 326 6781 5478 7062 2920 1746 4507 5133 2458 2982 671 107 9625 2403 4730 4829 1 9210 8529 1362 7558 4808 8084 45 1066 9395 2476 9009 1722 1259 7855 4055 5378 858 9150 5979 8588 2291 2531 5251 2583 4062 2170 313 4804 3120 8291 3883 4997 4977 6993 9983 521 3790 8054 1900 3346 51 2013 8615 7657 7201 424 8012 6287 3057 2929 1343 9688 4522 6196 1851 4785 9302 8291 1193 5285 3347 7697 9779 5006 2660 440 994 1667 7632 2918 682 1009 4976 3758 6131 2390 8340 9233 9084 2586 5851 817 4828 7681 3738 1180 3542 3415 9536 4904 4610 333 2604 9087 9178 4887 119 7868 9985 5097 1925 9772 6943 1256 668 67 5116 4009 9867 9880 6410
8210 7832 9006 2810 4871 4612 6047 4203 2662 3645 0 4869 823 3324 1233 2520 8339 6729 563 3576 8425 9999 4121 3365 2125 7940 194 1903 183 7856 6828 5563 9909 9825 5505 8408 39 3564 3384 8574 750 5494 6814 2793 6733 1956 8365 7228 1451 4821 6588 622 9481 2883 8910 2934 6798 8595 3730 7047 4058 1456 1700 2604 8484 6402 7163 1556 4798 8414 9453 62 6548 3936 8332 8556 232 8969 8602 7607 5161 1875 8631 6197 5550 3056 5356 5665 4862 3103 7885 4628 539 8010 8703 565 569 7268 3275 3607 3310 617 1156 9131 8267 5682 1700 9486 4600 3126 4513 1201 3421 1334 8735 5519 5397 2443 4514 1366 3123 3819 8982 8261 5909 6243 5153 2442 2721 3128 5003 9370 5367 3162 5325 6806 7082 9218 65 8087 4996 5162 7957 8124 4717 867 201 4741 3978 7757 3841 9878 1140 5444 3296 7062 9027 116 4330 1495 1840 6062 6405 7331 4140 7440 2787 2646 7761 2736 2310 6597 3268 3171 4318 4943 8733 4321 42 5359 859 3333 9748 9924 3034 2340 8113 9432 3393 4079 9746 7275 3605 1814 6622 4728 7007 5156 1569 671 2451 2601 6942 9980 236 862 8110 897 6840 693 6095 5327 1321 1124 3057 447 307 3724 2910 8297 8083 4957 3977 631 9343 8458 6389 8226 4381 8202 2406 2660 7501 2226 2239 7240 8231 8429 1294 7408 5908 6610 44 5245 9668 3830 1390 8075 6642 2179 7088 7259 1359 8439 7512 1005 1954 1373 6609 4178 869 5130 2934 3832 3884 3379 7066 1154 5077 9926 9829 2085 3046 450 9882 5010 7105 2303 2271 7985 4474 8937 4807 7947 5314 9844 1431 4848 6079 5105 8589 8075 930 3143 3585 2033 3505 5851 9193 5433
9854 251 6024 8870 6742 9787 9491 8558 4249 3600 4869 0 425 5900 8582 4366 1244 1231 915 913 1682 3262 909 3994 7698 4747 4916 4936 485 8250 9382 4751 258 2011 2783 9931 2820 2802 2005 5574 8298 9675 3837 9541 4129 7150 7784 9688 2936 796 676 3557 5499 89 7123 1952 2171 1233 8451 2867 5231 6517 8915 6622 7291 544 3018 90 7725 9585 2674 7529 4707 9828 5071 7499 138 9667 3408 7247 7944 7352 9928 3625 9014 1381 9996 3458 5139 5757 3714 9134 2103 729 4695 8871 6802 364 7828 4652 744 5866 2062 6273 30 5195 7896 879 6820 9374 8651 8397 8534 549 1769 4170 8451 2432 6086 8522 2609 2056 525 2280 1187 8432 30 652 6078 3499 9772 5675 5214 229 2894 9604 709 4564 6951 5755 5728 5722 8852 9443 1834 2761 3929 4602 1382 7231 1132 4204 5239 9342 4881 5940 1425 5694 5107 2937 5593 7405 2730 5108 1520 6753 1765 2737 418 2557 1977 6750 3445 2398 8596 7122 9408 6739 2388 6686 4601 8788 1329 4711 7748 2835 210 3351 1427 8205 7558 9055 8204 4729 6973 1341 9752 5702 8985 5944 9260 3712 3070 1076 2863 4389 6890 8807 2913 7992 3273 1063 1127 7377 6708 3239 3961 4273 267 5590 6037 9480 6499 5402 1193 6573 3641 3335 7181 9399 4018 4936 5587 9804 900 1064 7047 7296 7727 3857 9581 3448 5128 5162 5825 844 7330 8182 8275 1821 1754 6017 163 4901 3363 9196 660 2361 2406 2901 852 3846 8999 535 4987 7219 4918 5154 8191 3116 1321 6651 8782 2837 1070 3293 5778 3083 5463 8703 5970 4939 6231 5198 6048 6962 4864 1343 1152 6955 7086 4236 9071 8868 499 262 955 3352 1566 5418
2922 7604 8380 664 8319 1042 3118 6612 8230 9146 823 425 0 4929 9437 4043 1435 2334 2462 8500 6587 2990 295 8620 7340 3660 8980 3520 9980 9483 9908 7269 7926 3329 4442 1567 9164 2180 9492 6098 5700 6871 5266 8171 6995 6803 5830 6416 8847 5628 1934 9039 8791 9885 8110 853 8207 2855 4087 799 2320 4533 1396 6192 5461 5813 9478 6086 2416 4515 7224 4211 3549 1908 4287 9678 6182 2878 2435 6624 5889 9523 2090 3613 2247 6255 6450 4291 4625 7412 1153 8839 2287 2156 5451 6970 1226 7271 3807 4530 5678 1748 1311 5882 4337 7168 8478 5030 2752 7256 9092 4532 5147 5064 1877 9396 278 8888 7518 1968 8592 7895 4470 5220 1118 5361 4532 501 2425 6281 1356 741 2469 9424 2132 3035 6254 3872 8828 5 3357 6534 7155 9810 1734 241 4504 614 2508 1436 855 4165 6659 9420 35 1341 7783 3651 4171 6518 2753 2183 7860 9523 6348 8784 9495 9113 2743 8928 9937 9359 8883 8618 8128 3973 2957 4025 6810 8721 536 4627 5398 8030 3567 8767 3657 2339 8617 3069 9451 9690 6507 7224 4259 4885 7974 9556 4740 1606 2336 741 2260 2357 3489 3698 3855 5209 356 1596 9171 1785 1037 8996 6990 8363 3798 2775 9421 8273 7191 5743 3203 4692 3585 1234 7439 3777 2257 1355 10000 7595 7352 5128 6313 7485 3054 65 1620 660 3601 7931 6395 9530 320 4604 2759 466 8276 4079 4031 6299 7573 2633 3532 4878 716 5633 2181 167 8089 501 5797 4953 3776 1529 5994 9948 8693 3372 7748 1529 9234 5138 5076 4805 1504 2186 3778 1526 7222 3287 6484 7683 7999 7545 5499 2486 4660 3567 3771 2630 7773 8811 722 6980 7878 811 8095 622
7115 8093 8016 1410 5408 390 4282 5321 2621 2381 3324 5900 4929 0 9514 2580 1645 9862 2362 5463 104 4974 849 1815 643 4171 4075 3459 5804 8936 3661 2751 1661 6641 9266 7994 8352 3568 6512 9110 6631 9967 7941 5443 4762 8339 2545 715 9523 5422 5017 70 2113 6474 5789 3513 2587 9820 5299 7991 8111 411 9089 166 4755 9361 1885 8926 8162 6663 6838 550 2404 553 311 5552 4745 5462 7971 1886 3455 951 3689 3326 5045 7515 651 8568 6437 9204 1029 2816 651 10000 8725 531 4062 9766 4469 6383 9166 5887 6654 8831 8692 8033 7452 2645 1249 2395 1966 567 7113 630 6991 8003 4536 9330 604 4871 228 8097 3825 4939 9459 3955 141 123 6168 2866 7899 8216 3320 3039 1564 3874 8034 8615 6216 1617 2366 3780 7663 6579 6419 1083 181 3093 3040 9601 1428 2222 385 194 9421 8565 3076 9295 7360 2820 5343 9682 4451 5141 3408 1181 6584 548 9594 8276 894 3490 661 4329 925 4625 4261 5852 8947 8507 4939 4500 1032 6415 8338 7064 4215 8202 9239 3917 3540 8510 5055 4579 5851 7755 3433 4427 3577 5790 8679 935 8809 5055 8023 7696 9468 6289 6647 2261 2285 6056 1722 8448 2331 6832 4313 4021 49 8334 7517 9181 2588 4433 9056 9355 2619 2866 8338 4162 1577 6917 1624 4809 3127 6415 7134 3617 9430 6490 1954 2917 6090 6952 4127 2640 493 3628 9577 6543 5703 9753 2829 4024 2833 3510 325 5452 1576 9084 3386 2834 5328 3398 4340 8464 519 1763 1405 113 3612 2432 1921 4697 2636 5857 5516 262 4257 7709 329 504 1123 4097 254 9853 9299 2078 3630 3832 3934 6351 4606 3783 7427 5413 5786 8928 7773 6576
4642 1680 7972 5227 8318 8048 3230 1081 5172 7686 1233 8582 9437 9514 0 4227 1534 2533 855 2568 4917 2605 1340 3343 889 136 9828 73 3257 4427 9869 1780 6615 7683 975 6703 2214 979 2413 8317 2906 20 3759 2860 3417 9157 6782 7721 5336 453 9238 2497 1202 8107 7519 7911 6950 9602 2205 1703 444 1184 997 920 980 5472 9933 8706 2931 5003 7470 7010 5489 8301 5798 5294 7933 8103 7824 7778 8355 8404 3051 283 7398 9368 8367 7160 721 9484 7608 2343 6031 6442 2166 9939 293 6226 6953 570 7247 8111 2824 2604 7707 9144 7390 4384 4882 384 9817 8308 5186 4192 5159 407 886 2627 5827 1172 3807 7982 1427 118 3490 11 8572 1691 8168 4916 9877 4127 9783 838 2482 3354 7228 3593 5948 6897 6174 6918 9349 3038 9755 5787 3851 59 1803 9651 3390 3155 7923 882 9615 2314 6945 2140 8843 7724 6932 7559 4545 6873 9232 4665 3056 2448 116 1500 4208 6037 7201 73 223 9463 1315 2716 8662 748 6503 1016 894 401 9690 4890 1442 9223 9114 7813 81 7799 5973 2496 7040 1378 8929 9796 1421 9211 9120 8548 4951 1040 8199 8330 1339 6125 6427 3769 7650 6183 491 9698 3426 9864 1797 6076 1962 3305 5530 5104 4102 8936 4463 1572 800 5266 1856 6873 4778 9586 2653 5870 4030 4117 6641 6070 4707 4783 7319 783 2738 8457 9836 8585 2510 8034 4925 1492 54 7797 8720 6856 9661 94 9465 8858 3235 9144 594 6206 3122 3922 6030 1401 3172 4728 301 1711 6254 3889 5931 3136 2096 5915 60 1416 1563 8447 8576 6163 6726 772 167 4361 2161 2216 297 8015 1549 1117 1399 2158 6074 2160 7497 7171 50 8165
859 2634 3796 5180 3108 6369 8795 3426 9392 3513 2520 4366 4043 2580 4227 0 9660 1857 2786 7763 885 2062 8669 6670 153 8877 793 1495 771 8451 1263 1832 6397 4706 2602 4169 5374 708 5933 780 6276 6672 1324 3544 3422 8064 7339 8212 2015 1341 9800 1908 9713 458 9619 7307 5841 4943 4501 9547 9215 4311 7312 2514 9339 182 3082 9515 4364 5893 1779 3166 7973 743 7917 3257 9353 4345 2391 835 6740 7454 4324 5941 5715 1453 4930 827 8663 5353 4840 869 4005 3784 719 1940 8744 3025 3382 6406 2344 3161 2866 1279 7952 3935 5749 9374 3590 306 948 6054 4955 1627 5406 8170 8433 4726 6871 2843 3196 6232 8260 7804 6570 173 4537 1012 329 7499 1480 4315 7624 7632 821 1305 9870 8898 4938 7211 83 5985 1127 2221 7188 6856 4123 4627 6461 164 1659 4643 7402 9077 9784 8025 4508 5228 7678 7464 7195 9791 5139 1033 4830 3231 1072 9658 2799 3741 1897 9537 2356 4147 655 2471 546 7834 4912 2427 9375 9529 4994 8961 5149 2542 2529 6151 316 7270 6278 9889 7727 527 9473 7164 4367 8172 6386 6970 7442 925 2688 8613 947 5535 8739 537 8605 6421 2475 2754 3711 775 7481 7031 2443 8318 970 3022 2521 656 5941 4716 3404 4379 8151 177 5447 4617 4784 4368 7972 1897 5135 1034 3989 6606 3240 2847 4512 7540 3107 5608 8662 1486 5333 2333 1589 2820 4650 7470 2793 889 8159 3684 1824 9024 3595 9684 4994 4434 3991 9286 6122 2667 6949 2309 2106 3477 2346 2240 6233 8214 3290 8287 683 1361 19 3066 1848 9692 7608 5342 8763 715 3321 2015 5130 8709 7541 7886 5131 149 7296 9590 9445 2975 6119 1291
1955 4320 5817 5983 3904 5424 6904 9826 7688 298 8339 1244 1435 1645 1534 9660 0 8382 6638 32 7913 7743 3395 3708 5633 7398 2678 3923 4476 3320 2795 7930 9119 7101 688 5930 8467 9319 1520 1703 9053 672 2366 4434 3900 5405 4920 7717 657 4765 3323 2798 2524 5435 2863 5728 628 3566 4127 2838 4366 8220 9659 6767 9186 3937 1494 1549 4919 2985 5937 7280 3363 8901 8008 2180 4839 2455 5045 15 3418 2637 5816 1041 5942 2977 1034 9042 3527 8841 1401 6483 8191 3898 1171 1514 5017 8858 5097 6069 295 2619 8087 4344 3840 4792 9453 5295 2400 3178 2533 6897 6481 562 5552 3122 6974 9618 7104 4311 5428 3766 753 4684 7919 5094 7184 2372 8659 4678 2997 5283 3292 178 8321 9476 4730 9206 1866 3437 2212 2586 6854 2652 4737 6732 6917 1292 4029 7475 3717 6909 6692 744 1306 4503 7416 9632 7022 6980 1855 2629 3722 2940 2190 8895 7559 7780 4908 5140 2618 5226 6473 597 7579 9894 1071 1485 5068 2224 5200 6819 4949 4246 3085 9872 1865 6249 5570 9637 8922 5335 5082 4219 3165 8288 7285 942 9457 3708 3342 4578 84 3459 1641 1855 8860 8622 1161 7494 391 2816 9527 4151 903 5698 7757 9658 9566 9895 3197 1668 2169 2975 6407 7507 9634 2456 6278 3671 6666 671 1520 109 7295 5717 4416 118 3254 8818 9316 4178 9215 443 7824 473 4144 3454 9634 6367 5290 2217 5049 693 5069 252 2395 3549 4437 4894 4419 6270 533 8168 3588 1668 6193 5476 3814 4600 1756 3627 6284 1835 1450 5374 8021 3107 5004 8779 5493 9118 3785 2814 9260 8474 5593 6675 471 2519 6280 9988 4857 3412 7997 7257 3001 7690 4018 9300
6641 7494 9410 8166 5220 5305 9469 5138 177 8168 6729 1231 2334 9862 2533 1857 8382 0 9220 9987 7534 7622 788 9013 8212 7777 6122 6302 2299 2111 4316 2091 9651 3252 5247 7299 673 7692 8214 7734 6868 6280 4918 135 8896 6509 5387 9706 6309 2088 8309 5555 7704 6149 1896 3132 9894 9957 4928 7992 5597 1978 5865 8589 7540 8606 7238 8239 7507 5149 5534 9033 1402 3742 2340 7434 7703 7927 8637 2931 2952 2661 5199 9387 9709 6294 241 2785 1240 2512 2230 559 1255 3890 7182 7171 3235 6733 6841 1505 3211 7496 1657 3882 5816 2295 3053 9496 3078 592 2170 8450 1244 1925 2060 7826 7709 7811 8677 8655 2665 6388 8461 7723 4365 73 5084 6868 2557 1323 3904 2442 2786 2079 1959 3763 5778 9501 3366 6419 5699 9189 4233 767 6538 3883 1738 6661 6112 8024 9622 3823 9625 1251 6776 4811 6663 8660 9048 3314 4653 305 5728 2011 8792 3817 1807 6900 1588 8775 6451 6858 3358 8022 1588 5726 8564 1420 7031 4226 6592 6487 2979 9931 5499 5793 2180 1785 3397 7014 8549 8311 7598 9934 3551 4089 7386 9517 3275 8090 3730 4958 3466 6426 6638 5755 1437 9653 1173 5525 8803 1921 9230 7645 5673 3863 6957 8796 3655 7130 6046 7676 5178 1521 593 6556 9576 2975 3394 5273 4421 9797 4763 8209 4263 9466 6782 7249 5632 5351 2163 5034 8302 5108 4156 8837 627 6720 3549 3620 4934 9976 5757 6591 1248 8239 5313 6548 7615 7273 113 5645 7298 3592 2379 7094 4601 8420 6530 5550 3418 9598 824 9350 5215 6413 5076 5324 5477 6872 9571 5440 9010 154 1973 9102 7751 6193 3987 8223 47 5007 154 5899 3774 6287 1077 5871 4497 2807
9411 2423 7961 8444 7124 8193 6938 4939 3991 232 563 915 2462 2362 855 2786 6638 9220 0 1218 2233 3926 720 3774 1881 4743 4380 9481 6640 9424 9192 1604 8463 1937 4562 3768 7351 6856 7906 567 6479 5218 6734 3481 9974 4745 8524 1129 8163 1108 4606 7136 6506 2093 6427 4466 7485 2257 372 5497 3652 375 3470 381 3434 3100 6661 6737 1404 1448 2585 4629 4125 2029 5617 7619 2414 339 7883 1684 2679 4604 9948 6538 3595 3465 8873 1634 1033 3628 5932 8492 970 1270 2676 7473 869 223 4124 3171 9891 7227 937 8723 9807 6997 4260 5476 715 5665 4454 4482 1429 6820 4925 9358 626 6006 9732 6839 4087 9597 7235 6933 9305 8328 5717 6819 8279 8831 1142 5828 1139 3900 2068 9451 6798 9452 3783 1703 1208 486 2272 7768 5473 2760 7504 1769 943 5977 634 7657 8601 3172 4180 293 2422 4268 8860 540 163 9225 2384 191 4469 7511 3329 4684 6419 498 6985 1122 6790 5021 7429 7746 8611 9231 5534 4129 7236 6793 507 3102 2328 2184 7572 4774 661 8708 7775 9706 2481 2032 9190 6913 8416 9159 2668 7218 7593 5739 2883 8808 2508 6091 9611 8259 8705 9652 9716 1775 3378 6969 7313 6972 5566 2530 5300 1576 604 6850 9199 8899 7723 7356 5724 6228 2638 1447 4081 8891 8620 8704 92 3441 9149 3640 5364 6388 1184 8433 93 7026 4767 3293 9494 6089 129 297 6245 3318 7305 1162 6803 1283 6869 4460 1787 6787 8214 7142 994 5569 2996 5348 370 1496 3146 6487 2527 2467 1618 9825 2688 4500 4056 4448 6970 6917 5064 1735 3008 327 7804 9793 9177 3995 8452 1103 3143 9885 8390 6425 4352 6818 8741 8962 1484 556
4812 1461 5871 6315 7259 7017 8738 6156 5390 6629 3576 913 8500 5463 2568 7763 32 9987 1218 0 3861 1289 4971 3148 3652 7134 6179 8858 4208 8917 7133 6952 7670 2764 1524 2683 6261 6874 7486 6188 4987 653 6207 4304 5983 3922 7717 4256 9836 8969 9520 4472 75 9608 5486 8846 7154 4960 4810 2601 6278 4717 111 7783 5746 1951 1394 2303 8374 7982 7380 4579 6609 9272 2577 4237 8257 3328 7249 8352 4506 7955 2477 8855 1364 733 8388 8827 4294 6383 3350 3161 6053 2306 6629 4164 7697 1877 5327 4052 1379 7244 4012 3805 1897 1135 9980 2377 8194 5754 7456 8374 446 7673 3042 3101 8346 6938 7796 8212 3416 849 5572 6304 8192 5185 3187 2590 3126 6280 7181 8937 8134 1667 1054 6383 1896 9201 6195 7146 5333 854 7194 7374 6908 5795 4454 3274 6568 7942 7405 3710 2581 4582 8909 3823 9171 9332 7426 5655 2039 3850 2657 1882 5933 7887 3561 9656 2258 4574 7043 4853 2042 3394 9791 3467 3656 5546 1236 1536 3514 5738 7709 1059 4384 4517 5505 9500 4014 989 5309 8534 4120 6589 3509 1273 6913 8106 2762 3290 3769 8007 1710 1864 2831 3632 6818 6698 1833 1981 4885 5776 6194 7863 1125 4604 5734 4743 3975 752 250 385 2596 7751 6082 1967 9237 9656 6075 8067 593 4196 6538 9470 8146 6478 4439 7766 2896 1507 845 7305 9145 1747 9758 6503 6885 3045 7263 9560 9553 2350 2312 3257 9899 6526 3998 8878 3582 7634 7031 8037 6629 725 6862 6379 497 2383 5508 6993 4861 9185 8156 2751 6786 9279 1882 5318 7163 436 6061 5217 4792 5650 1651 5184 3939 6635 2978 182 9283 8688 9570 3384 8367 3631 1893 578 5346 5082
2739 7588 9380 4286 6764 7460 6615 2245 4963 9810 8425 1682 6587 104 4917 885 7913 7534 2233 3861 0 4955 560 4551 3375 8222 4325 7418 9157 7921 9606 1233 7980 4235 5795 1856 7060 3464 5999 1734 2699 4139 1164 1356 127 2777 862 3174 2199 3683 2612 8498 724 3490 3205 9500 9107 1577 9083 1209 4895 7153 8868 4429 4829 1697 7059 9277 8451 1051 128 1318 6772 6350 4057 6507 6729 5793 8054 9222 3645 1724 5634 5449 6045 4675 5031 938 4486 9507 8915 9899 5186 9519 9815 6924 2526 203 908 3606 1620 9067 2136 2235 54 4743 8968 6073 1053 2951 2666 2077 4144 7129 5067 3927 1191 7337 7305 1655 823 9578 416 1971 7332 3935 5324 6477 7752 2142 7741 6635 9662 130 8924 2376 207 4471 9542 133 2802 5127 1612 5355 5891 4086 8457 92 6962 2623 636 5271 9582 6849 3939 2017 2713 7118 6894 6435 4924 970 5304 3913 2431 7965 9349 3081 298 1801 3832 541 6005 5702 167 7224 8338 1645 9392 8359 3233 6533 6686 8544 6158 3000 2647 1882 1263 4413 5110 4096 3999 4780 7671 7293 4070 6525 2990 2838 672 9683 3417 4216 3232 2831 6486 6199 2841 1796 8885 2776 8099 7088 1295 1973 1263 7109 9530 4952 7947 1861 9430 8342 6737 5262 4671 1459 7114 8798 1078 2646 9371 8241 2616 7866 4304 104 9744 7682 9302 8874 1800 2264 7693 8760 8206 893 8067 2259 4710 6298 4637 8019 623 1719 4396 665 8977 8326 3489 4801 7787 2248 2027 4604 3779 5853 6330 3763 2854 609 935 627 9902 4346 510 9572 5135 9850 2875 2566 8055 1431 9768 266 7024 1437 906 6546 3806 1127 5738 4943 3675 5106 7104 7756 9901 5906
8034 1468 9380 2726 1148 3221 2252 2928 2120 4733 9999 3262 2990 4974 2605 2062 7743 7622 3926 1289 4955 0 4737 1705 7392 5200 5271 373 8707 8036 1678 4281 4243 6810 9538 5295 9260 7964 5840 45 1833 574 8184 411 1540 1906 6032 5753 2964 8987 5606 6078 7996 3966 242 715 7314 6362 5491 1226 818 5123 6640 7332 7398 4543 5640 2873 5124 2691 3030 2807 7946 2125 8555 7193 3940 4360 5103 7592 177 1167 4642 1347 2455 487 3786 9574 9314 1052 944 1044 1975 6114 1485 6243 7428 2091 3266 4332 7702 9155 9106 7235 9542 205 2107 4257 1501 7117 9915 6821 9994 1047 9456 4638 8955 6361 6441 827 6331 3972 1111 8706 6155 6074 7901 8226 1643 6896 4038 1453 3598 2656 2800 655 980 78 7199 8328 7446 684 1381 6595 2415 2243 6242 3760 1015 1459 6833 1747 131 5340 3800 6182 5041 337 641 8282 1290 9732 2378 3384 7017 7695 7869 3846 2030 3184 2602 9507 2582 1977 7369 3530 840 2920 3299 5873 6127 7552 8169 6015 3235 6930 4397 4551 12 9754 5941 7057 3141 1862 1319 3736 9153 1186 9099 7965 9607 2459 4060 2826 9524 371 7474 4883 6590 2188 9192 2329 7816 3171 1726 5667 5766 5822 9913 8568 6619 8901 4954 8829 6149 9793 2151 756 3402 4438 5210 3195 7705 4815 772 3783 5546 4668 3740 4264 8013 1073 5424 1686 1277 8170 1371 6411 9848 8797 1335 5019 8733 6095 5685 1943 2719 7601 8267 7247 9879 6420 7881 6823 6453 7279 2912 5178 5430 8938 822 5134 4638 9747 849 7552 2069 1441 6912 2881 9624 6234 3914 7511 9153 3032 3651 4951 8071 1760 9646 5124 3961 3292 8223 3310 8548 9261 9972 1457
8271 2324 3907 9933 4237 2823 5894 2271 5976 7060 4121 909 295 849 1340 8669 3395 788 720 4971 560 4737 0 2030 9384 1136 6312 7521 5085 1600 2595 7416 4203 6901 433 6914 8857 2712 2421 2894 4539 5045 1741 8329 6685 20 3718 831 5737 7838 8655 1343 3599 8457 3374 6276 340 5665 7337 548 5233 1309 2697 669 5894 4682 8762 7617 8990 7358 8227 8848 9098 462 3404 6887 4353 3703 5330 4051 222 5199 714 1361 1093 6665 2753 4749 6463 7580 2818 4134 2816 6265 7401 2985 1915 664 1732 20 552 6655 7698 9768 1709 946 5749 5184 9231 9292 7806 3938 8020 3757 2559 328 5359 3714 2570 2889 6976 2645 997 534 2367 6047 9360 2429 2567 4065 4178 3300 4095 6597 7519 1956 7852 4540 1216 6822 265 6924 4843 5873 9637 9934 2087 8488 2466 9376 5807 7784 368 4639 4178 9569 3723 8400 1622 4191 9047 907 5120 9757 5004 9689 6767 1898 0 3383 6407 1574 8975 886 6453 6949 9357 9689 4515 2545 5263 9088 7038 1029 6974 5736 7752 9398 9654 8479 9596 7690 1728 1439 2096 8676 7265 9312 5918 6933 9172 7935 6675 5794 7235 7070 8244 5162 2092 6552 2421 6627 9769 941 9664 2380 5656 7187 653 6931 4832 4034 5242 3011 1385 3746 8860 359 4453 4707 6840 1069 8054 7698 6962 9682 1643 8530 6515 5709 2162 2980 5875 6276 4456 411 5837 7428 5502 8442 9853 3221 3920 2819 6887 7151 8383 3962 8360 7610 4938 2325 9401 3974 3409 6666 9460 8316 8352 8479 4203 7087 3153 318 2107 6349 4730 7493 7242 525 9621 9935 5276 9875 3602 7740 8313 4981 6255 9726 7185 4522 7454 9309 3321 1942 2353 9372 1719 79
3373 354 6532 1385 7401 9700 4455 3011 9000 7216 3365 3994 8620 1815 3343 6670 3708 9013 3774 3148 4551 1705 2030 0 2908 8952 8471 5329 5971 1606 9974 1226 9512 1061 1022 7107 8375 3003 9697 5601 7232 8770 5172 68 5548 5370 1902 2533 2347 8962 348 5158 2232 9801 3721 2962 3060 810 5213 8435 3689 7322 9983 8310 8838 2192 4471 6768 5950 9703 5803 9986 381 5379 8303 6080 8409 7564 8034 263 2087 944 5045 5888 6169 1235 5308 6160 1686 662 5883 685 7451 7828 2354 2787 3144 5935 8243 9259 6160 3926 6041 30 8694 4673 5128 2017 3080 4689 9670 7976 6879 4751 4148 7571 7352 5058 5958 4695 270 3134 7994 1170 6869 64 2886 791 3980 5314 642 6507 3011 8376 8963 1983 5410 1935 9911 4418 2111 9661 3119 3027 4147 9307 7197 7578 3417 9430 1021 3180 9370 6435 9202 8090 1433 3651 3077 2139 7694 8929 1914 4951 5629 2296 2969 6009 3454 6862 6868 4246 4573 4318 1296 6066 4545 1713 6216 6317 2827 4643 1117 8928 5376 2163 4819 7786 1964 3915 968 9669 1369 7811 8372 1102 7120 4618 835 932 6156 9056 4986 9578 1892 126 2862 7367 8018 4007 739 1344 2006 4598 7130 2008 4093 778 6066 6340 2668 9707 3953 8169 7618 5114 6815 605 5661 8514 7680 1606 2385 2760 9136 4545 557 6281 9076 1071 9349 8917 6061 1296 2550 9009 7924 9913 1477 5172 9791 5290 7938 4998 3562 4054 362 7651 421 2154 6093 3385 698 1067 6476 1324 4729 8842 8799 3481 7898 84 4949 598 2064 5147 1088 1397 4287 5368 150 1075 2397 7020 3862 8354 9648 9328 200 7330 9946 4590 2776 1816 7285 6156 6657 2701 653 5741
9237 7692 93 4469 9498 9053 9823 8057 3083 8732 2125 7698 7340 643 889 153 5633 8212 1881 3652 3375 7392 9384 2908 0 6983 6900 2857 3393 5566 318 4049 3066 3039 5228 8525 5055 2907 9734 9579 6757 8609 8312 2172 6891 724 9321 2256 5210 8724 4081 8754 2006 9613 5476 860 4260 5100 5183 4621 7038 8252 2769 4205 3411 3360 3964 2297 961 4792 7650 3018 4917 1926 7200 397 8491 1631 8959 1349 8759 3339 6984 757 8846 7880 5221 8614 2208 9984 4223 3547 8275 1212 3212 1980 8306 6138 5722 7504 6633 8298 7165 3388 1496 1011 768 8113 6920 7631 665 908 22 8470 3215 7224 2790 1749 4094 2985 3012 5574 2569 2817 9806 3447 3171 8313 9216 8742 7877 3232 5195 5944 1190 8241 2146 3549 2359 7925 4949 6533 2670 4971 3941 7505 7076 1113 2846 7073 7119 2188 4934 886 2451 4291 5409 7204 1031 7547 3145 4723 7978 3257 6427 2962 7797 8164 1999 9259 1264 170 7327 8675 1507 8760 409 8355 933 3608 8104 4015 4931 4585 8945 6164 1992 9742 4401 3767 6691 6210 9002 3375 9324 5459 7135 4598 3844 5526 60 8521 5679 915 2061 8882 9153 1242 8105 9387 4660 76 9610 5501 6461 7689 7863 4941 5267 5683 3144 3346 1806 492 2026 2029 1106 1267 8202 2944 791 1230 3340 4267 4197 8144 6814 1888 9185 2664 9740 9223 3494 5921 3623 9393 9974 329 8344 9541 1629 4329 5008 4745 5938 8908 188 2068 6541 8143 6896 269 2286 6281 37 1704 857 896 2315 7786 8756 56 6617 925 5941 8773 9009 1007 7284 5008 7481 4120 7848 6117 3151 9676 335 8251 5244 5812 9245 137 5329 8147 9929 7847 2607 514 1146 6120
7669 4812 5623 1614 4664 1706 706 8007 2087 3913 7940 4747 3660 4171 136 8877 7398 7777 4743 7134 8222 5200 1136 8952 6983 0 2707 752 6756 2337 691 7253 867 945 4721 5512 4617 1010 2261 2074 9127 9287 787 9127 7829 5975 1454 6012 8233 5502 2442 2786 2792 6693 5349 6975 3599 1135 4348 5520 4453 6205 3141 8851 1826 9506 4552 5063 9021 6045 6256 4585 4087 9553 1893 5603 8004 1289 9389 3249 5790 6386 1629 7701 997 2303 6627 8565 6689 6646 2033 6700 6450 2653 9075 8676 3843 7672 5345 8286 4958 6970 5928 1627 3715 5423 6385 5927 1218 9063 7456 1698 1512 5688 1137 9348 1459 7226 2677 8353 6758 488 6133 1124 7035 986 4700 1768 6866 5420 802 4617 6447 9216 1995 1813 6491 818 7423 5747 5582 7485 6978 4049 6938 3978 2067 1234 6994 3100 8864 7378 5415 6787 7102 8860 9003 6323 794 7072 4069 6829 5774 1077 8115 9656 5090 9145 6222 5316 1154 6186 5022 489 1157 7506 1491 1859 659 4344 8160 9414 6937 4141 6873 4867 5240 9293 5411 7881 4267 8705 6876 4262 6046 2365 8111 3293 1741 2700 1405 1909 4739 5308 9395 4817 1023 7561 1827 7740 4358 8275 5675 3854 8912 3636 2114 441 4673 9438 6435 1406 9339 4510 879 3020 3362 2703 1608 7521 8925 702 4884 9316 2571 1854 134 1384 4423 7300 2448 5357 6155 7115 2142 581 2421 8808 8645 7616 6491 9554 8994 4582 310 7674 9439 4360 7989 4239 888 125 6408 7781 3484 6997 9900 5109 7162 32 2160 3819 2874 8626 6312 5833 115 6970 5246 4210 1165 7559 4346 1944 4499 4175 4634 3174 9817 4262 9646 8225 8104 3467 2986 6514 8558 4194 5137 1564
7514 4605 6994 8725 7677 577 5770 5726 816 4299 194 4916 8980 4075 9828 793 2678 6122 4380 6179 4325 5271 6312 8471 6900 2707 0 3697 6175 2654 3967 442 8808 1354 6343 9199 557 9437 8442 7870 8793 5226 6304 26 1381 2753 3514 6581 8322 2761 8528 1726 5298 161 1794 9084 2442 2174 7870 4284 2627 2246 8045 8349 7247 8674 2369 6140 4968 9475 4591 4622 7549 5086 4062 5618 6225 2354 9907 1228 1150 6376 540 3762 6523 8814 7989 2214 5879 3926 1996 653 7073 7127 8991 1532 5634 8444 1770 1336 1293 7410 5935 174 7894 3467 9902 977 6538 14 3485 405 2112 4773 4414 5590 2222 3573 3425 6734 8783 1314 3037 495 3870 6889 8507 593 7869 1697 1216 8722 4312 6435 6791 4512 2203 3585 3864 5104 8713 1921 8331 6412 9219 8910 8307 4257 2839 4506 3653 9995 4298 162 7016 8299 4486 5338 8596 4036 9113 2847 2666 6174 5930 9721 9501 3061 4016 3878 7525 9575 2125 477 982 4271 8594 2613 6224 9512 7182 1837 9039 2849 2986 8537 8025 1822 2668 1571 7796 8559 1238 8998 6207 3865 2676 6757 7958 1230 4769 7576 928 653 3248 8893 2671 9864 5399 5463 5096 2991 9011 2733 2276 3455 9873 5378 7370 4897 2865 566 5222 6916 6593 3986 9036 2606 7594 8754 5193 3880 3132 283 8777 6329 2746 4072 7705 5480 5947 7286 8586 2994 7163 6153 5824 1183 5371 1508 1655 6763 417 5699 3541 5007 3260 6024 9918 6137 5997 7067 6527 9189 8936 2329 9872 9801 2383 90 9152 5605 9314 5147 3617 1512 5866 6469 9504 9359 2474 1060 7298 316 5598 7126 2122 7293 7035 126 9435 2382 6357 565 7811 9743 8907 6915 3339 4810
