300
0 7375 9294 6257 8385 415 3309 5374 668 765 6087 9331 8522 3741 5125 2321 2772 9621 5377 5149 9228 2845 685 3942 3747 2235 3029 3110 2008 774 2708 5638 1659 7126 3850 5399 9529 7820 251 2877 5039 8338 4205 3936 1111 7279 2499 4958 7515 5132 1121 7027 1687 655 2223 3668 2057 5231 1075 8304 8647 240 330 1921 1015 6013 2146 1522 2159 5122 7122 212 1141 4906 1880 4080 7779 377 4181 4392 3071 2224 3107 6463 1738 171 5095 4604 634 6648 6795 8596 4042 6050 5651 8754 8714 9025 9513 2845 6626 8773 490 8930 8445 9007 9485 3256 7091 2440 6941 9587 689 1085 5274 7107 1711 2257 691 7942 4431 9240 5095 9719 5055 631 5381 345 7669 813 3042 1559 2637 7274 8313 4617 7399 9562 5283 9028 9956 451 6994 1056 387 7441 2813 8547 6899 4395 3308 8962 3090 9804 2397 3866 2483 3465 4015 2336 6716 7426 3067 8032 7799 4705 2034 322 7202 9595 8432 6925 2380 9216 8365 740 4184 1223 7529 9425 4223 9445 31 2975 3027 4665 1969 803 811 1474 5754 355 5466 4491 5215 2994 2128 6052 3566 4238 6425 7943 310 9686 4804 9030 8676 8482 6644 5327 8481 9766 2811 7013 2922 9701 466 4519 3060 9283 8705 1277 6485 8872 8172 9138 4785 8700 1429 7696 5292 8613 6229 9790 2389 260 217 9098 9849 7920 9655 1493 2480 8927 6570 4814 1939 2820 4867 8126 356 3675 233 6488 276 1163 5236 5721 2404 2509 4744 3543 9634 4052 3078 5176 9374 3995 1842 3043 1364 3929 2949 1090 8576 9592 2250 2505 1286 1225 4574 3832 8305 4689 4570 5497 7072 5704 9359 9325 1141 6149 1442 696 890 8028 2221 9501 950 6887
7375 0 7259 2978 1780 942 1737 2161 671 8125 3941 6215 8062 1989 7402 9513 878 5917 6662 9666 8783 3779 8922 8818 2056 8712 7316 7967 42 4634 1395 27 5442 7446 9566 455 5822 1617 1105 6467 8888 8573 2939 891 9166 4073 3663 9969 1486 9060 9564 3521 3067 6022 6209 1772 9983 3788 3674 1480 9938 1644 7286 7292 8829 7932 1130 456 4132 4946 8659 2758 171 8913 3203 1380 7047 6143 4782 7654 6418 6180 4751 27 880 8099 7496 418 2038 8562 8421 4513 6818 503 2651 3242 9369 6910 2754 5655 9230 4997 6896 7624 6917 1499 6299 7573 5327 2257 510 4963 2358 4776 7625 5721 4554 5744 6218 8803 6657 6139 2042 9085 9369 719 2378 7066 9820 2141 9438 1805 2251 8652 108 4073 7634 7008 3266 9351 3501 6734 3229 3562 6888 2335 8561 2290 7560 4578 4721 1404 1725 3121 4655 4185 3909 5769 7828 5979 3331 7822 4231 4228 3450 4187 6093 2294 5744 895 5593 3761 9179 7586 4139 8321 5385 4918 8524 3792 4051 3736 6475 5112 814 821 7560 2145 8442 4871 6267 3004 1910 4762 7716 4655 9944 9546 9948 5846 3154 1052 3787 7164 7849 7558 5755 1309 9930 3683 2357 5433 5629 802 105 3732 9164 7648 6228 9734 1064 4946 8929 3516 6243 5998 1067 2419 4141 3646 4684 8485 3496 1049 6685 5592 5652 6897 4186 7863 8385 2570 7033 6304 1380 3063 6700 9329 2188 5028 3349 9791 4358 3053 5681 236 128 2762 6872 1766 1081 9911 659 3922 3495 8601 5185 6470 6228 3414 9520 8161 6804 6031 7218 6469 4078 4575 4217 866 7681 3452 2945 3382 9733 8647 7755 513 3562 2974 6062 8257 5465 3325 875 9384 7013 5554 768 8540
9294 7259 0 6525 5724 4967 2951 5097 9802 4689 7902 9817 8864 1171 4768 9501 3617 1730 1433 753 7233 6403 1546 3104 1601 4122 6642 3235 5966 9204 1794 4416 8210 8145 1053 6413 2808 6479 6962 9938 8465 8412 6223 1696 5535 6292 3696 2128 193 2747 5603 9009 2445 5821 4302 2470 8828 7791 3031 9193 7169 3481 3682 5232 5327 5396 7792 9504 7845 1804 9797 293 4452 4396 4049 8632 7665 3828 7706 3423 3554 7933 3099 7790 3663 1404 3411 5090 395 5855 7830 4576 2600 250 1339 5772 7236 7530 3753 1999 6617 4376 8121 2080 2432 3914 8039 7664 3185 1728 8182 1376 3080 4420 1027 8825 8565 4767 8730 4502 7744 297 316 5827 7427 7882 6907 7496 1392 7744 8696 7669 308 1613 3419 8110 3706 5861 927 6869 8871 5208 9465 8593 5626 1212 3916 8281 3720 836 1649 8472 2081 4758 878 8489 3199 3270 8940 4885 8893 7587 571 4888 5611 1778 5182 9350 5969 7722 4333 7383 9914 688 6463 7023 1811 2580 3642 1582 2091 9523 4782 2313 325 4265 5218 587 6872 8178 324 2876 5038 3432 1822 1112 7908 3599 5009 7907 4082 7780 5295 6192 2690 3211 332 9136 4438 8405 7764 5305 460 8368 2844 4426 5288 1793 1120 4392 6620 9486 2797 2059 5778 2689 2375 8692 7247 8045 9164 6113 2666 1391 9497 3333 6027 2929 8051 3912 3861 1007 7688 7759 4046 9590 3597 1816 7428 4908 7005 3702 5921 5606 6049 8098 9396 2210 8531 923 280 2733 3989 8770 3681 2761 9014 1399 7784 5978 6770 5495 1848 3114 2901 2829 6394 3303 977 7986 5603 7194 5397 1802 5352 9860 912 2118 442 3814 905 4077 2223 8814 9657 9205 8396 3936 904 744
6257 2978 6525 0 3839 8870 7707 3970 5113 9205 6773 5895 9657 7297 8706 5514 3795 7221 710 5838 1888 6554 8822 4192 9078 7229 4004 9850 7600 9763 3745 8541 9922 1973 7142 8430 9838 6427 1789 1180 8852 1415 7877 7879 8640 8461 9501 7982 170 3780 5036 5580 7796 8255 4144 6853 6417 2566 5067 6690 2722 8797 5082 6215 277 6788 9695 201 3693 9105 6081 5016 3852 6414 3117 3720 8811 4446 176 4660 4577 6935 2124 4715 5475 824 7756 8726 1988 7287 5881 9437 536 2312 7564 7932 1194 8338 7879 2724 9623 2629 3418 7724 1144 7799 9413 4255 9972 943 9189 2908 6406 5922 6212 7612 3276 5898 9383 3485 8152 7316 1341 8985 4327 5307 3525 6222 6764 9685 1139 861 7081 4808 394 854 6690 1750 3596 8267 9459 6287 5174 5465 9213 6106 2688 2064 3027 4914 2944 9244 3539 8541 668 6670 6587 367 6248 4353 9494 558 1845 6670 1244 8154 5413 356 5881 4493 9350 3522 991 9478 34 428 432 746 2677 580 2444 1657 2800 7396 5032 4028 4155 728 6967 5357 7566 8908 5582 8064 2329 541 4723 6625 1217 7219 5428 897 5877 3345 8032 3859 5157 4574 1434 1536 1496 2652 6388 7474 5155 9553 3739 895 1367 8277 2015 814 5787 3668 6035 203 3482 5374 7384 8832 8353 9049 7721 1667 5103 5702 3425 8363 3056 2611 7857 6371 1567 4039 2353 3123 1018 4024 6387 6285 7274 2187 1954 6318 4764 2485 4874 3184 3085 1842 4504 7745 7071 206 9415 1985 4487 6371 366 4627 3316 248 9232 7856 7028 1853 5848 6639 5687 7107 8599 6957 2583 9667 6942 9110 9441 7412 2346 4577 1727 6529 5767 8682 1636 912 9736 1543 6017 9083
8385 1780 5724 3839 0 1616 9199 9305 3166 2163 1830 9564 3459 6685 2960 4464 7876 7361 8651 515 6325 7384 8598 9212 8495 4543 5059 7848 2810 5837 4726 7548 7144 4790 8630 209 3481 3572 4708 5301 1596 8776 3026 4882 205 4807 7445 6888 7758 3293 3892 5208 6051 3485 8657 1965 8487 8722 3019 5405 5 159 7623 1858 7222 3777 7550 4076 986 1119 3040 8968 6034 3447 2206 6346 9507 9073 1126 4848 7259 3889 5615 250 807 6019 2304 5185 9989 9868 1792 2609 449 3176 999 1633 5763 9778 5174 2952 1735 1986 4925 2400 4856 7523 3625 9386 8257 5333 3021 1434 6916 4071 4221 504 8307 3416 7183 4103 9571 6780 3903 7096 1033 6874 8133 896 7639 1512 8709 127 1538 392 2222 5194 9425 2791 3785 7454 3693 8608 7634 374 2770 3262 8368 7151 8315 6933 4395 4215 3577 5879 6091 7034 5101 8866 886 9998 690 7956 774 915 5001 1783 9000 9013 5771 4616 8825 5875 1706 1900 6896 7345 7150 4123 9413 3303 5242 9567 4178 4134 4073 9148 9474 8013 7692 3630 4929 9936 8226 5700 5071 152 4227 5162 5010 3583 2609 9550 7327 2255 8420 6060 2206 9941 9619 8762 4973 4310 2561 6296 1391 6752 2447 8200 613 2191 3675 291 5188 7794 275 4968 4909 8154 2130 7800 2604 3793 9626 1220 9006 658 8002 8989 3936 2628 5058 7003 7805 3288 8497 5545 9720 8840 2791 8923 54 1287 2082 7447 3199 9152 1791 6470 2447 3541 6281 4601 727 2670 201 6210 7641 943 364 4359 5706 256 6525 560 9567 3275 9744 2257 6046 4099 9166 9760 7574 2068 6351 6165 7164 900 4764 2759 1243 7702 9715 6464 4800 5764 8734 9475 1150 8986
415 942 4967 8870 1616 0 2986 5122 717 2217 4445 4416 9662 1836 2355 5584 940 2547 5555 6236 664 7520 3202 3464 5773 7736 8750 9038 9356 4861 4883 2389 5828 4532 3579 68 7612 6209 5977 3578 8847 8032 4757 5201 2322 8985 5888 2935 3413 4369 3037 3311 5339 8765 877 3102 915 2806 6378 6162 206 7222 152 1667 1184 9487 8952 3390 3961 8750 9659 1473 9200 3468 2264 922 4121 622 5633 5204 710 2447 117 6158 1521 7221 5154 936 8840 2884 3154 8646 2862 8781 3158 9275 977 5489 5712 6692 370 1797 2316 2523 1821 5041 806 7058 6754 7371 2439 6210 4375 7096 3396 8057 7592 8319 1897 1095 8686 6869 5568 723 3874 8213 8143 5987 2501 6623 3479 5417 5148 6321 7819 9163 4455 3998 6836 9159 1559 3451 3150 3456 6955 2964 5328 7426 526 9995 7202 3744 476 218 7800 5122 1998 2367 6634 2631 226 1710 7713 5277 7562 3836 8073 1493 5008 4293 7017 1098 1719 3558 4014 11 5779 760 4520 2176 9584 9933 8258 2359 5675 7554 6584 9916 5470 155 5319 3439 3792 4489 9413 6232 243 4384 4637 5654 9382 7474 5240 9639 5678 2937 1360 4235 237 4699 3720 1283 7889 2668 1757 1802 4487 3533 1594 2458 8574 7906 3151 611 5230 5521 9222 3494 3383 1259 4745 4922 8441 968 2257 7307 1047 7596 3230 6633 302 7622 5304 470 255 7087 4242 1621 9979 4962 2127 8793 9355 2704 3426 2815 9889 2354 2220 5492 8207 9210 7072 5851 8285 8551 3760 7917 5686 5697 9777 6896 9758 720 5478 107 9459 6336 6499 5841 9830 9709 9500 6619 6239 4052 526 6078 1308 3122 7393 1105 1275 860 1133 6426 3125 388 8265 627
3309 1737 2951 7707 9199 2986 0 8729 4236 1546 7057 5325 7838 4507 2716 2017 7765 8662 6184 3639 1440 3379 9260 7421 3028 2359 1800 6735 4452 6548 9628 9450 6559 7234 6799 9771 7543 3378 1588 566 5902 720 6572 3167 3466 9160 1076 5222 9134 6016 7259 6158 3028 3245 8122 6286 2304 2478 1268 663 5885 1549 9475 8840 7521 8980 913 5135 662 5061 8448 4841 8377 5865 1268 2418 1903 4453 5655 4363 9683 645 1833 4384 1092 3375 2637 4417 7823 7535 2378 2606 1881 9598 6464 9606 1300 2647 5478 306 3873 1164 5781 8913 5808 7344 4163 8261 5306 3562 6099 6579 5872 4782 6782 1175 1451 7810 2243 4047 8313 5410 4874 4682 1284 2413 8729 9390 2522 8007 3246 674 6311 6882 3256 2140 3740 5122 9787 5672 3459 9701 1615 8643 9827 8240 5294 6023 3646 1759 5625 3905 4600 9459 5134 1304 2261 5230 7461 7106 3227 6879 7176 9045 5923 9459 475 5256 5799 3051 3776 8831 1884 6448 9231 7134 8053 7189 7583 4855 3937 2366 8905 5066 2981 1017 7990 2638 5182 6712 125 7737 4930 2940 3560 9533 7556 6995 1610 3420 159 3389 6746 9059 3120 5964 3265 7895 3265 6679 9993 1288 7061 3637 812 5562 8906 7444 9077 5251 7240 7401 9969 4780 6703 2173 4435 235 5538 4890 3744 8485 5953 4367 4407 3836 7493 1883 432 7452 1357 725 6769 8763 2787 6610 2404 5641 9599 559 4583 8976 3419 445 3742 6208 7803 6895 3405 5461 9964 9945 1161 4157 6563 8884 4891 3936 9637 9698 3624 2902 5721 298 245 8387 3879 3674 8268 3745 2152 9189 1290 4952 3539 9164 9686 3140 9565 6828 9056 8877 1644 6577 2641 615 2178 5271 4362 1670
5374 2161 5097 3970 9305 5122 8729 0 6980 166 7735 4008 7714 4989 9277 8273 9089 7151 6561 1772 8952 2654 4961 725 5534 8122 7814 9347 4245 8360 6437 2172 5165 6835 407 5146 9790 9023 3437 1729 8716 7071 3924 1214 3419 5686 4271 2537 5806 4008 8219 2650 2980 3128 2992 4697 8979 2367 7815 6469 340 1298 8983 3974 4929 6718 6192 7837 4033 5077 7498 4426 5051 4630 1148 5355 4490 5258 7650 1304 5430 1908 1781 9469 4124 5961 7993 7724 4415 294 5420 7680 4998 5017 5337 279 6331 2399 4774 8970 92 3426 1731 4642 743 2621 6692 636 870 8059 2985 4523 2735 6673 55 3627 8289 7847 3886 9888 3338 9682 9294 4886 4827 491 9903 5836 4978 4250 5322 9181 8283 9372 8579 700 1328 7844 9285 4200 8859 147 1826 3186 8144 5006 7905 1414 1905 1860 7720 6470 9544 5367 7054 2900 3175 7729 7083 163 9686 7337 1847 264 1451 7348 3617 729 2761 5935 9302 5776 9663 5572 4119 8497 2948 3703 8170 8529 1201 3489 4545 1900 7196 1440 731 4236 9171 2374 8202 4077 8152 7080 6878 8495 6684 4830 200 6608 8102 4126 3623 5967 5588 2718 9758 3677 287 8942 5721 4472 6745 9435 5113 8039 7237 4225 9372 2008 2419 582 3694 2550 6035 9419 5746 8518 105 9677 8154 3196 8096 3710 4178 8567 6791 1024 3664 4925 6826 4552 4220 5975 99 4453 3625 2825 4938 3650 1953 4568 5537 3742 7017 5461 4566 972 8255 1483 5523 7199 5390 464 926 758 5762 9617 9895 5371 7973 4497 8549 1255 3685 2095 8678 4780 424 6966 2102 8757 9935 3260 7056 679 5446 9542 9982 9651 7111 3847 8771 1063 9608 7307 4605 4706 4353 7777
668 671 9802 5113 3166 717 4236 6980 0 4867 7069 6585 2920 546 1506 8916 3909 9159 5182 198 6234 6855 6486 4338 4205 6695 2513 542 7538 5625 9963 5089 1069 6595 785 1915 3560 8032 5032 1075 5245 9386 7246 6047 596 323 9905 2410 6267 9017 3766 3734 7094 6255 6532 8885 6574 3933 1670 4947 8184 2609 8281 4162 5868 1178 3161 3780 8923 3408 6093 9015 7622 868 4574 7109 7650 672 2676 299 2826 9289 7479 3252 7071 4734 6916 7426 9812 5756 3484 9124 7308 9717 2608 9378 1699 7041 4516 4544 4758 5032 9215 4213 6746 8279 6681 6549 9295 7616 472 4456 9870 8250 9706 4075 4526 5620 214 7430 8031 8279 3565 8539 527 5707 9564 7069 5668 3058 6924 1765 6073 7606 1875 1148 284 5494 3504 8328 5072 7608 6322 8318 3975 2726 2531 8117 7296 5831 8326 3206 926 2012 9369 8620 7475 8925 4919 962 3063 9988 8652 8902 7876 7474 6071 4483 297 6987 6264 8998 1296 4123 7461 8127 778 4776 5077 9149 6451 4496 6240 1345 9646 1253 9781 3304 7121 4632 7353 4493 8108 6312 1050 7913 3921 1051 2656 5716 260 6480 5868 7763 8589 1378 7593 396 6980 8054 144 4563 6227 8293 5651 948 3841 2860 4324 997 8575 7277 6109 5649 3377 4007 3150 450 1841 8818 6865 8060 5275 4499 1759 8417 3269 315 3159 1246 9616 9216 8764 5873 2757 5715 3927 5262 221 665 5915 9113 998 9247 1701 6418 5425 3411 4949 4667 8743 1940 3772 2844 8153 6290 3086 4606 5042 1202 8708 5839 1953 5447 8080 5270 3551 8607 6870 3961 1587 6057 1918 3331 1273 7341 2488 3122 687 9769 8771 2497 6015 2416 4010 1557 4393 5936 3227 7114
765 8125 4689 9205 2163 2217 1546 166 4867 0 2976 2903 4076 4732 1324 1355 8100 192 4099 7921 4829 37 6276 8855 6766 8514 6426 2145 5426 3007 6863 3845 9678 7889 5163 5997 8192 8035 2276 7021 3809 979 8348 2885 8608 7145 65 5619 7502 5820 370 1832 5757 6445 9943 9383 23 2560 6070 3653 8508 2426 8614 2703 1646 1770 1297 4590 8521 1645 7323 932 9466 6175 4274 7924 9565 3801 9968 5630 1027 5572 3064 2571 8539 7956 723 5710 7472 1926 4175 6056 340 5425 2651 1161 9511 487 656 6819 5759 8430 6585 8401 9930 6281 3979 6472 4788 295 9620 2506 5125 5448 5467 1361 6409 2219 5204 9979 816 8079 8003 4892 1915 6582 5032 5169 903 1282 625 9356 306 9151 3533 7428 5894 1965 5643 2609 440 442 4603 6330 2497 7180 8839 5552 4817 541 4687 9873 1333 7465 2707 8045 9410 8322 6072 96 4397 1313 9480 9595 3116 4131 7851 7503 4634 4250 2268 5304 1664 4391 4434 1389 3764 9663 9814 2042 4182 6943 335 9583 7285 1307 6251 181 9370 7942 283 1189 8600 419 5896 1202 8876 7651 1925 8393 1703 6445 3656 5507 1159 1087 9247 7793 4018 2772 4105 240 2940 7527 896 8154 6581 4092 9497 5934 1653 4943 2097 3892 1099 1022 5660 3432 6547 6101 3606 9725 2973 8130 2379 2612 2643 4527 7559 8622 5542 2814 9164 8104 648 9375 4479 3492 998 6400 8033 1738 1202 6526 3737 2516 6754 2168 3253 3950 5421 1831 5746 6797 4474 9155 4298 1978 6710 7807 99 6997 6045 2456 9645 2470 3643 1311 8020 4856 5629 26 5319 7864 5908 4043 4919 4162 7271 8758 1383 4631 6735 5148 3343 8914 1870 1909 6629 4430
6087 3941 7902 6773 1830 4445 7057 7735 7069 2976 0 9518 7081 2892 618 4332 4683 9539 1810 6661 649 207 4113 1150 44 4912 32 1906 3525 3756 930 4712 9193 689 3194 3428 4762 1260 462 9584 4926 6976 7821 1264 9954 6627 5486 6980 9089 5678 2700 7513 6972 4674 9869 2278 6251 5824 159 2321 3376 4742 1327 6158 7356 7945 9988 540 8361 6723 7334 7939 8366 9649 1828 7556 7707 4665 4169 4274 4612 7206 1271 5582 6191 9936 278 6151 5218 9463 4575 5170 4874 1000 3495 4287 5389 8717 934 9302 1232 7482 8287 3301 7017 411 4449 8196 5124 430 7073 8484 8460 1242 4967 6612 5263 7942 680 3909 663 6112 2602 1440 406 6361 5516 9138 1129 8484 7977 8104 5061 9269 5788 9900 8889 3681 4790 868 2044 7201 952 8812 1447 6979 2899 6359 8204 6586 6145 9080 6712 3059 5820 7722 3170 6088 2813 5708 729 6598 4322 4794 4507 198 9018 9912 8270 8877 5159 2635 4667 2785 1001 3922 113 8977 3253 4453 4979 2853 5452 6544 8663 6007 3775 745 3421 9869 4328 1719 3958 310 5818 7194 3608 6206 2730 2369 3005 5005 7630 1378 4681 7576 6778 5819 3643 6958 4018 5945 3926 5216 9128 1530 113 2402 8245 3720 8902 2525 8010 3623 6370 3006 4364 1201 3379 4940 2449 9385 2845 8409 8473 7634 9350 5836 4085 5750 3448 7513 1317 2648 9988 6732 1930 6002 53 1161 3305 5870 2397 6629 1771 6275 3226 4775 80 8867 7649 8613 5170 6909 3530 7210 1004 3473 7188 9296 3796 3873 7461 946 5766 4535 2503 540 8591 6389 4543 3620 303 3646 7321 3889 5767 1392 132 2410 2700 7933 5088 1755 2691 242 7416 3978 1199 6192
9331 6215 9817 5895 9564 4416 5325 4008 6585 2903 9518 0 3111 2088 5536 4539 1407 7222 8628 1662 1015 4243 6224 6347 9224 6598 4327 3382 3190 1357 2126 4876 4230 1423 8891 9097 7877 5962 4289 8325 3899 6971 3353 9802 3990 9317 4866 4994 6986 4184 1869 3888 3419 590 4378 9158 6022 8667 9927 6063 1943 8582 8032 1571 5855 6390 9411 8270 7085 7221 5504 1624 3151 3116 154 9201 8605 5827 7579 6195 2479 3177 2785 5728 1632 2672 3952 4502 4686 6793 1515 1988 5379 8346 1465 2753 5671 2658 68 3316 8630 8173 4863 7155 6413 3239 6256 4378 9794 9710 5691 9111 2481 6474 8732 9389 1977 9921 9569 9048 1875 2884 284 891 8282 5412 4614 8760 3347 6201 4382 5962 1810 8543 6432 9734 4332 9409 748 3194 9050 7405 1936 6900 2280 5688 327 9438 5244 7732 1498 5749 6270 4326 6971 3485 4643 4695 9736 9769 761 4335 3356 7673 2784 5863 904 9565 8041 8894 157 62 6238 5653 2444 2569 5038 2476 9178 2988 1001 8198 9166 2669 7700 7 5084 6700 8548 5824 4316 7804 1879 4986 6679 5559 9885 7404 588 3413 1705 2626 8638 2811 1308 2512 5754 9987 7983 9162 3726 3613 1192 4632 8201 493 8896 4646 8501 6044 747 6563 9017 8582 7794 9102 8594 2143 1562 6518 3593 8539 9204 1037 6473 6778 4695 9113 6772 4443 7862 8185 585 4263 5998 8273 2100 5756 2264 4709 3594 3571 4575 2963 5390 2214 4287 9274 9019 250 4962 9464 9529 1362 4503 4311 4636 7982 844 4341 3284 412 9745 7962 8592 2774 7781 8089 4522 6464 9535 2214 6148 787 1878 2164 5821 654 1776 9277 5876 8181 3138 3293 5209 4202 2383 665 616 8118
8522 8062 8864 9657 3459 9662 7838 7714 2920 4076 7081 3111 0 6959 1946 37 7218 5127 1626 4784 9084 5713 2016 6546 6888 5356 5742 6562 2115 8313 4609 8035 5230 5281 893 6870 9492 2416 6463 7418 411 2620 4409 8737 9731 3454 4268 126 2655 6279 1071 5427 1261 4140 1670 4319 4019 4540 7102 4586 4178 6421 1412 4955 278 5761 8558 948 6881 9944 8074 5602 3127 2089 406 2598 7620 9059 1019 739 3470 8446 4816 1011 4281 1510 756 7070 8801 1927 263 2589 1806 2440 3805 6851 2688 5301 399 386 9776 9378 4890 5126 3927 1068 9339 2117 7885 5178 2624 474 3656 9317 3140 4771 4931 7121 7045 4878 4719 4176 3130 13 8196 906 8731 4772 3570 5757 4321 4647 671 6404 9958 6085 6958 634 2052 103 1429 9015 8338 3052 8701 5814 4971 2762 1754 2778 3175 9410 3436 2412 8471 2848 7758 8430 7306 6427 9667 2819 73 9427 9311 203 1044 9110 3736 7726 7296 1199 1944 5537 3184 7301 8797 5857 1030 3181 1024 8006 2816 1509 2915 7423 7654 4664 9261 9566 2159 2385 3620 2477 6351 6542 3709 7876 8593 890 9574 636 5405 3995 3205 7884 6082 2348 9558 2654 6497 5536 2932 2503 3388 1720 5862 9705 7842 2917 4601 7915 9357 4338 7933 3218 7881 2939 5938 2005 6509 2224 8734 4163 1789 3097 976 4796 2259 5006 3544 10000 6638 5176 2310 4405 714 7283 6568 153 606 7966 379 3619 8675 1105 692 3990 4683 2328 9515 3439 7060 8223 446 4987 4765 5593 4764 2685 5395 3643 3209 4879 7068 4854 2702 9497 7718 9783 9323 3078 6361 3670 5521 3011 3432 7810 4369 618 987 669 7861 8615 1849 9706 5612 3548 4112 1171
3741 1989 1171 7297 6685 1836 4507 4989 546 4732 2892 2088 6959 0 4993 1308 2570 5027 3875 3816 2773 5506 3656 7821 4526 8239 6795 7563 4378 9635 340 3717 3555 8462 4438 5138 5961 7983 4732 9071 2448 4929 2755 4380 3812 5462 402 4604 7429 2416 2812 3735 7049 867 441 7487 451 1598 3414 3477 2502 3657 8597 4444 6889 1834 8072 5816 2882 3519 2789 9688 8291 4186 1110 2542 2841 5869 5321 7787 6218 1764 4827 377 4222 7429 1381 590 268 7722 2995 2863 5060 7015 9267 3457 1621 9204 3924 6128 358 567 6381 1686 7389 9165 1764 7435 4550 9898 121 2011 2617 2168 4785 1044 9666 7158 5901 7211 6526 4860 2120 1222 5787 2426 669 146 7361 6092 454 5917 5556 6097 7563 4806 2170 1512 8546 8757 7464 5577 9298 21 2858 5544 3519 1985 3183 4730 6205 8798 3511 7183 8157 4702 5528 6022 8954 798 1483 8002 5824 5760 9435 4402 7049 3174 113 7411 7822 5022 3318 100 179 2730 3350 7055 6987 276 8204 6676 7215 3461 6622 969 3104 3330 2423 3742 5822 856 6864 7242 4009 4370 5401 5958 943 5914 9232 4770 6502 2269 8609 9656 8233 8173 496 9288 6040 4057 9519 2939 7590 5028 3767 3203 1444 3599 4086 6405 1079 737 2493 2286 7463 7389 8923 2501 7716 2222 879 4021 3102 9500 3553 4579 6952 6863 7633 4090 4796 1204 249 4092 4444 7363 1597 4873 3856 9976 7892 9010 4269 2336 2626 1820 7573 3278 3767 1215 2347 2779 7785 7278 7683 9315 9063 3386 4265 1758 5787 3085 9305 9885 7637 1068 8835 4709 7795 7151 913 4540 1990 8535 8720 1945 7454 4267 589 3545 4940 312 8486 3253 3343 7711 8953 1458
5125 7402 4768 8706 2960 2355 2716 9277 1506 1324 618 5536 1946 4993 0 9324 1714 7774 1097 2052 9320 9950 8527 9639 1845 1368 1076 9666 2220 6793 7155 3146 9152 534 2987 1466 7768 5795 5293 2487 8990 4872 9330 8285 2968 160 3702 3502 6605 5724 9539 683 7411 6696 6760 552 180 4960 2032 2759 2709 4262 1930 3795 8006 5719 4061 3807 2606 8503 790 8272 5531 4618 421 7138 7473 2177 8339 4133 8642 5330 8025 9276 8179 8963 4230 2909 9036 9941 4433 7890 3674 7886 1430 9844 5116 9110 239 7405 4740 34 9872 7510 3814 7042 6898 1815 5564 3937 6733 3939 1947 3833 4155 384 7464 2159 4901 5383 131 8067 5768 8391 3316 1674 6879 810 9540 2561 68 1287 3767 1216 7375 6928 5495 5073 2800 9221 6996 3017 2173 8055 7922 4446 3370 1301 8042 2546 2507 1657 9755 1762 829 5264 2881 3342 4580 5642 2592 8711 2649 8603 2664 7700 2370 5923 4208 8075 5532 7167 3460 8846 2044 8995 322 2612 4157 5155 5108 6799 8883 2255 2563 1652 221 1892 3561 6236 9135 6122 7368 5928 8668 9309 8668 6674 2239 4246 5344 470 8132 1238 7409 382 756 2680 2057 2691 3345 6242 1727 8124 2018 3645 7388 3182 843 4107 7740 9377 3136 5252 6672 1103 8347 4451 3988 5380 7254 9794 9741 6601 6325 6702 6898 9835 2352 2289 7325 8909 5679 4808 6515 5524 7026 6081 8181 3816 9534 2548 1990 3265 9215 4360 591 5574 9683 7053 7574 8700 4323 8784 8234 4852 8702 4826 4531 3622 6805 5918 2766 4782 5030 5453 6843 9506 6380 2835 7166 5818 9662 1502 6161 2218 8589 8993 6064 5585 7971 7614 119 1351 6069 8504 9642 8094 8064 1332
2321 9513 9501 5514 4464 5584 2017 8273 8916 1355 4332 4539 37 1308 9324 0 3157 5842 3761 8819 6626 1039 9689 9399 4502 7590 6547 905 1465 3480 2986 3859 5302 3431 8458 7914 8712 6146 1731 354 7582 4954 5670 5147 3666 6919 9004 9370 5943 8277 263 4604 7443 1475 1449 1544 23 746 1080 9388 3668 4924 6138 3336 3225 9421 4919 7335 2637 1391 5879 2438 7138 2537 4261 7897 8275 5921 2515 5576 7537 9197 5881 4586 2773 2237 8810 4842 5279 7771 6375 3761 3590 4464 502 8872 229 2715 4123 6760 3469 6377 6191 5203 2046 205 6045 4521 8143 7876 2059 1972 3096 319 5232 6573 7469 951 7200 6870 789 8407 7048 8001 3842 3259 1802 9935 6646 824 3343 5416 2974 6753 5902 1510 8515 3015 7778 6033 1991 9526 2257 2774 8773 1607 8122 3638 4825 5233 3021 1528 3407 1730 6964 6161 806 8335 6536 4079 6739 9097 3838 8836 9463 5392 8350 9988 2522 3747 2518 1354 3627 9957 1771 2122 914 8977 8774 8303 3081 9544 2233 3627 2274 3330 1132 3557 5344 2641 8052 7757 2098 5018 7942 5392 9208 2122 3143 376 5277 3558 8324 6454 3843 9407 5000 7232 7783 5951 4446 109 9266 1295 620 2079 7758 4441 117 1084 8725 8527 9480 8569 5216 6578 8873 2383 1013 9790 8168 2106 2016 138 7217 9820 2639 4885 2406 3510 2295 5021 8240 2617 2558 7745 3664 8722 3233 4319 7304 29 140 5140 2289 5456 1716 3868 7222 1890 7366 4043 9340 9805 4527 7215 9406 5956 5783 3254 132 3304 9049 1533 8036 3191 9853 8392 2268 2106 6165 3736 9017 9338 5144 6860 4741 5512 6808 8381 1452 6447 7239 4186 5327 933 4403 8595 36 2181
2772 878 3617 3795 7876 940 7765 9089 3909 8100 4683 1407 7218 2570 1714 3157 0 4059 4795 3673 551 3996 308 7853 349 100 7383 3134 4161 7288 4215 9509 6010 8806 5334 8288 5033 9628 2873 5338 8208 7785 5347 5746 4626 2351 1409 9042 7396 1993 4976 5822 3784 6396 2909 7701 7505 7961 7569 3304 2080 4033 5650 1186 5046 148 4120 7443 1721 662 9083 2347 5585 1185 8370 924 8145 4893 5960 1620 8615 437 6542 6429 374 7384 1947 8789 5848 7480 8689 684 3335 5430 933 81 9084 9758 3130 7215 7447 3540 8103 205 7779 7564 2149 5419 6591 8199 8883 2196 2311 8355 9672 2951 3874 4923 8218 5096 7964 6789 2016 5452 5606 3780 4436 3718 5460 1500 214 8598 7268 5381 7827 6159 1332 1915 9079 2361 8912 5066 1146 8805 3619 9184 3789 5368 9676 4749 5174 3203 3328 9408 417 6103 5719 9729 8794 4246 6907 3664 9068 2888 9921 7332 3927 1509 9130 622 3322 4325 3819 2976 5059 9892 3510 5238 8860 8175 1039 1452 4294 2923 6741 2337 3130 1927 3242 3086 9134 5105 9442 4928 887 9238 8062 3081 604 8590 3644 3693 1336 7160 6411 2560 8081 5757 3664 1707 7367 1328 3394 5931 1939 6442 8433 2201 330 7301 1751 4159 8626 1307 9531 3728 6277 6434 7027 2961 8399 7727 1387 3690 2927 7828 1914 2193 829 226 8092 5212 897 7521 9039 5848 3040 5686 2393 2268 2150 4203 4658 3677 9122 5899 8704 1880 9189 5733 1124 3022 6023 3792 6019 7855 6993 845 2809 2725 3337 1633 6272 2917 2686 7306 4988 8866 5282 1661 8264 4730 1176 7992 2710 7465 1378 1502 7344 2310 4686 6858 7184 7679 614 2525 9394 9512 3561 2729
9621 5917 1730 7221 7361 2547 8662 7151 9159 192 9539 7222 5127 5027 7774 5842 4059 0 7866 6317 9151 158 4637 2862 2561 863 3316 1652 2888 658 2645 1583 2302 4039 3753 9618 5364 7700 1978 621 2349 3177 1500 4890 4550 3724 4744 7634 1192 5063 2545 9998 1329 2815 9879 4810 8404 5829 2195 4459 4097 1281 2281 4329 6396 8805 2146 1606 8476 1755 7906 5844 1923 5561 4611 7679 2477 2615 8672 449 3291 2054 4980 7755 3033 1434 2349 4050 7344 7953 2095 6913 9919 5879 1227 5681 7831 4222 797 4760 9187 4755 8159 5979 7528 8671 672 5060 974 5789 8894 5497 6940 6398 2720 159 3709 1400 6438 2349 6188 8221 2816 7596 4054 3802 4361 3302 1178 6582 8608 4838 5331 5668 2371 7850 6234 1289 3365 7116 5615 3348 2055 3156 8371 8016 7429 3860 452 7698 9869 3263 6338 3280 932 9922 556 6287 8428 1567 6698 355 4536 3198 8998 1062 4646 7878 5845 6560 3509 4577 2989 2408 6464 1699 4854 3260 8299 1249 5272 2714 9234 1405 8443 2313 7090 6383 2977 5097 8936 504 7560 3433 4578 160 3939 8133 8585 5207 8313 9100 9997 1867 9397 3139 2218 2559 7302 7100 3528 3549 3288 5042 6241 4426 2888 275 8645 8323 1993 7458 254 8603 9123 8357 2843 7185 8817 3269 2953 5605 4474 2797 1765 2439 8440 4570 7492 482 9838 4023 9628 914 4811 2242 3645 2613 4974 1519 1933 8096 7803 3186 366 6150 8320 8712 4916 6183 7105 9955 9629 1366 4715 1 8537 6778 8420 4416 574 6861 8856 2363 2815 460 2450 7540 2776 8331 3285 4885 2945 7095 173 7068 2962 6373 8848 7083 7041 1369 9254 2592 2008 1414 9803 235 1834 516
5377 6662 1433 710 8651 5555 6184 6561 5182 4099 1810 8628 1626 3875 1097 3761 4795 7866 0 9405 4594 5260 8247 458 3548 2147 1361 5891 7592 2568 3230 7521 9374 5142 3707 1311 4174 319 9338 555 4372 3373 8599 7968 808 134 217 559 5666 648 435 3626 52 4344 2978 2432 8548 6561 4197 2454 5906 7421 6889 3426 4455 9559 3375 2429 986 255 1336 9877 2167 6506 7353 1825 9866 3560 2909 923 7515 7259 4195 980 1514 4513 5570 872 7720 6779 3478 7184 8949 4920 1439 6763 8720 9572 5012 1904 7821 8153 5083 6618 3823 5539 830 6950 6651 506 785 4321 4356 7198 1831 1155 8504 8206 1651 253 4045 5465 4181 3133 1053 8934 5164 3617 6558 3109 1258 6212 5630 7248 4384 2075 1189 3104 6320 5912 8927 7241 6457 4404 5801 4681 2666 2013 4173 6097 7692 8806 3659 3571 1767 6264 2005 1898 6722 2544 798 1156 2017 4259 5995 7078 4964 7145 2580 1827 5287 1884 9716 7619 9066 8259 7244 7952 5675 4117 9581 9664 9224 3800 7011 6514 5762 561 7193 5376 4907 1290 4583 3018 4689 8066 9533 6367 4112 6324 3168 7674 351 5284 7214 8067 2491 3101 9755 3450 8812 1142 5862 4292 9348 221 6751 580 2023 2060 8451 8710 2114 8716 3854 3316 816 289 2922 2771 1230 3238 9056 4427 8659 2940 6561 9108 5504 6084 7411 3622 541 1062 6126 9681 9036 7123 438 8999 8232 8615 5304 5149 917 5982 4867 213 1729 8207 449 1016 6638 6074 6574 4340 5739 1356 4392 759 2242 4556 6389 344 912 3000 9184 1509 6970 6688 9528 2323 4620 8826 6180 3087 1557 3121 6720 323 6212 2070 4467 8628 421 8468 5102 9803 7596 3167
5149 9666 753 5838 515 6236 3639 1772 198 7921 6661 1662 4784 3816 2052 8819 3673 6317 9405 0 9277 6323 4857 329 7958 3472 9387 5869 3793 1540 1368 5344 4567 8338 8659 8231 4664 6917 3780 3863 1249 7832 6970 5541 1395 5414 5241 6004 3945 3968 4293 7062 9386 7024 9807 7116 422 6360 6517 7635 2296 5715 8380 3110 8901 4700 239 5091 6935 9001 7615 888 5162 3984 8256 4145 9620 739 6051 7622 7495 8202 3459 7256 9370 6390 9939 4076 9743 7617 595 4576 4486 493 8583 9898 1419 8738 3980 5616 2345 5832 8366 1802 8170 3518 9349 2886 7475 5151 8004 6558 8861 2343 4577 243 2080 7174 2459 8772 9092 1486 8662 1103 6415 8634 4543 4584 8824 6939 7338 1495 2452 2875 3976 7185 2101 4731 3409 3600 7127 165 6725 1747 1923 5075 155 1908 7159 3686 1393 1230 1410 7098 9822 1469 4914 8699 5437 352 8178 8712 7057 3221 3219 3600 1338 1361 325 386 6823 4574 631 9470 5158 3593 5333 446 3127 8535 9421 6714 3876 6670 3247 3434 9753 2935 9227 2586 3095 8719 7375 9553 8342 4765 2566 2423 7819 1156 1800 140 8189 9942 3332 1873 2972 8735 9750 501 847 4232 2983 7740 5180 6156 5633 6535 4367 8164 8408 9502 2240 8539 9830 201 5720 9311 9806 1858 5291 4112 1634 5070 7463 7597 4774 9044 8603 9405 1261 3770 8430 1085 872 8620 6318 8298 6919 5355 1114 2668 7138 1698 8076 240 4044 3215 2705 8526 2192 5874 238 9953 5613 6934 6011 2387 6745 1933 7389 7519 8579 3418 2221 9288 9447 8096 9888 7547 559 6392 9799 4355 5196 4758 7130 4045 5525 3675 9502 488 6185 7840 4556 9251 7155 2290 7274 7337
9228 8783 7233 1888 6325 664 1440 8952 6234 4829 649 1015 9084 2773 9320 6626 551 9151 4594 9277 0 4371 136 4665 9614 3890 8665 9374 6468 3131 7462 9622 2919 858 5060 1016 3308 5131 3069 3437 2800 1467 5400 3507 8534 8208 1119 7989 644 591 5501 6156 4951 6998 8130 6568 1423 4175 7723 5457 887 2625 9557 4176 3035 1686 8900 7224 8441 364 6687 2077 1267 6259 4110 6457 6096 3683 3211 3639 3918 6855 3724 1954 946 6868 797 6008 2170 9144 9167 4161 1231 3108 4051 3999 7963 5697 9740 8908 3078 2763 5030 1627 4451 1049 7681 7918 7857 2702 9715 378 592 4537 5875 2172 4383 7845 3491 2533 4426 4623 8599 5824 1499 6129 5696 7936 3440 78 7744 1731 4298 8186 9761 2721 9518 5732 8994 7380 2291 8160 7125 7255 9899 6009 2752 6737 4446 5247 2810 714 2343 1507 2486 3704 3258 2425 7858 6729 3354 9842 7464 8257 963 9037 9379 4054 5767 1619 4986 577 9304 9533 8961 1736 8486 7051 7935 1880 9137 9627 2164 1161 9602 4775 5265 5281 4447 4061 9086 5499 687 5961 4816 6177 7558 495 2751 3052 3595 3414 2611 5099 8520 8142 5741 6012 2628 9734 4961 8916 8410 9189 2456 9009 7556 6679 4000 2007 3004 6825 3995 463 8717 9366 2973 7299 5563 9119 144 2983 2076 8166 1651 1700 5940 3181 1789 1166 3153 4970 2068 5443 5613 827 6101 6228 7588 4082 9061 9369 3786 2209 719 7411 931 1956 909 8935 8935 7004 9548 7432 5352 9253 5699 1491 2299 9589 6001 4734 5981 1658 7427 233 4278 476 1044 725 7341 3768 7811 273 1057 9846 6104 3640 9704 8520 6745 1864 2349 1008 4379 1453 3637 4139 6534 2086
2845 3779 6403 6554 7384 7520 3379 2654 6855 37 207 4243 5713 5506 9950 1039 3996 158 5260 6323 4371 0 6690 6682 1687 9047 433 4437 4970 7809 4610 1343 1265 3 1715 5609 7093 5949 9144 9339 879 7105 2741 9858 6269 7106 6639 3319 833 7484 3463 8727 2506 2359 9754 7699 1339 9450 9629 5712 3149 4483 161 5581 9785 3760 9242 8955 3356 362 9193 1860 1610 9913 8727 5261 7627 8700 4669 1623 3504 5393 6174 211 3299 5623 9459 6725 2274 3497 28 9738 9091 6041 9632 1479 267 3587 4012 1127 6111 6430 9465 7130 1500 9920 1687 7366 3304 4917 8917 8342 6485 3391 4108 3143 7193 2221 5589 1099 719 441 3446 8791 601 388 9466 2907 9215 3385 7063 8305 7900 8965 3777 7725 6563 9245 787 3022 9909 2848 9856 520 6162 6075 3756 240 6146 8987 4425 1424 9471 9312 1048 120 2173 1633 1747 6119 2074 1885 4785 2991 95 5123 162 2157 2444 4772 2530 3354 7155 4834 9119 9602 6517 8190 1502 5389 2655 7680 7207 6456 6947 1264 6657 7121 3035 4631 3554 4590 6575 1778 3386 8260 9010 8017 3439 5513 4511 5047 7782 9136 4743 6235 3431 2616 9174 8138 6427 8857 3627 4750 7404 9511 4975 8159 397 3919 1387 481 8242 9536 3971 2648 4189 202 2066 8970 5371 4124 3743 470 2395 5231 8337 5156 5802 6605 1073 6660 1616 2277 7493 2241 8200 6433 853 9184 5016 7522 6580 5136 2310 3328 3834 9675 847 5002 9586 8979 4507 5844 2282 6942 5102 5478 9070 3983 8283 3856 607 1453 3210 339 8718 7940 5613 9966 470 2158 2456 6578 5235 1272 9750 1239 2281 2716 9052 8502 7793 3202 1887 4102 3611 9569 2229 9985
685 8922 1546 8822 8598 3202 9260 4961 6486 6276 4113 6224 2016 3656 8527 9689 308 4637 8247 4857 136 6690 0 7949 8978 8614 2648 5047 8940 9270 5360 5432 3486 9954 4171 649 826 6659 8037 6151 1977 642 5656 1 4354 9074 9236 3608 7616 7550 2130 2817 4054 3720 2 2774 7833 6107 2833 5753 9557 1433 2348 4111 616 4416 7695 8053 3596 7166 9346 5469 367 7127 6032 5209 3226 135 1224 5466 9265 2372 7987 2610 9436 6728 3847 9868 5895 67 623 7075 8987 6762 1068 9717 2921 1345 5043 2734 3104 4658 417 8937 1960 711 8832 383 5328 4454 8697 1507 6764 2964 1184 8938 7944 9081 4092 6493 294 1056 7963 9974 5447 5827 2158 6753 3259 9156 2856 8765 345 3365 9879 936 8407 2403 7845 6297 3 9642 5152 8152 7158 4699 4849 3817 2843 865 226 1272 8309 7613 6593 8091 3611 5871 6389 3814 9164 7986 8449 358 7514 9737 8641 7870 5487 5573 7016 3370 940 2584 3050 1109 3123 2431 7232 8439 977 3881 6553 2015 3235 7864 1495 717 4127 9667 1116 4358 7038 6220 5548 698 3808 1792 8294 8119 1879 8241 5964 7753 7744 7020 4263 3976 9378 2504 9436 5346 1377 9759 7547 8278 8043 7407 2355 2815 6778 8211 1192 5182 7812 8202 9980 3918 1181 1771 3872 8232 9835 8062 4109 3952 2668 6934 4940 1800 2866 4725 4304 6278 9124 2805 6176 8667 7193 3759 4716 7478 4846 9297 7961 7353 7461 8393 4315 8954 635 4786 9810 6814 7088 846 9757 1594 1100 1751 625 5400 4537 5134 3848 5703 7410 4384 4151 1106 4102 971 7344 5102 4350 1499 9984 1924 2428 4807 7561 2950 5254 4264 6649 9506 2194 4925 2909 7514
3942 8818 3104 4192 9212 3464 7421 725 4338 8855 1150 6347 6546 7821 9639 9399 7853 2862 458 329 4665 6682 7949 0 2320 4525 278 3069 8620 8524 4215 27 595 6006 9576 3807 2782 5708 8269 7831 2017 6971 8860 8662 4691 639 7051 919 2021 2295 1390 7863 6734 8637 44 3512 1315 8835 4187 5887 5170 8463 1936 5285 2799 7551 8985 7575 6536 455 1024 3268 7339 250 5756 7018 4702 8688 2806 4843 6363 6071 4287 3259 1785 6694 3736 7249 9779 1628 8321 6106 3403 4770 2003 1616 2117 5633 3036 1833 7186 9752 788 5543 7059 1843 3499 6261 2412 2607 8125 8412 5920 8788 5435 9252 9395 172 5945 6631 2055 6134 1377 2741 6895 8991 5605 4859 8341 7753 3741 4885 1040 1845 6296 6213 4135 2695 4248 7173 6221 4690 5367 7357 733 1815 2897 2506 9940 1426 2665 6179 1804 4596 3214 9047 759 4280 8174 9920 3494 4612 9128 3504 4811 6506 641 4172 2121 9732 221 2361 2434 8877 9946 9161 4991 7409 1996 2256 7342 4988 7348 4177 2821 8437 8074 9197 9218 3282 6936 4203 2347 2065 3776 2864 2471 8110 3800 6951 4577 189 5657 5168 1974 7565 515 1310 8469 348 801 1956 7286 1563 9537 4269 6494 9206 631 8849 16 2047 1699 4006 6379 275 3947 4091 7316 6391 4542 8532 7555 5218 8878 2070 9966 679 5362 7517 7607 9622 6591 2292 7153 8955 9965 760 6687 9358 1286 9808 8770 6825 9067 5491 8140 2822 5946 4713 3165 9903 5856 1553 6092 1931 1161 5743 740 7116 559 31 8948 7894 2496 3023 9391 6306 5035 9940 9309 7296 5816 3026 159 1872 2606 8334 5124 4584 7643 3808 3176 484 4963 1788 2925 4731 6323 4017
3747 2056 1601 9078 8495 5773 3028 5534 4205 6766 44 9224 6888 4526 1845 4502 349 2561 3548 7958 9614 1687 8978 2320 0 1166 7265 9693 6987 1266 1860 7707 1844 4132 7095 8770 4313 2778 3286 410 5094 8635 9822 2778 5789 9579 8995 7777 9990 7060 2477 2559 4316 7914 9730 5081 7435 870 9357 6109 5118 2652 737 2914 5076 2257 1040 409 163 7827 8959 4354 5862 7212 2884 3144 2605 8222 7216 1572 4732 3883 9573 9649 8894 7839 6118 4932 9376 1424 6359 1449 3401 2338 718 8842 3877 4363 5712 5844 6586 139 3433 160 9450 8131 109 7673 4389 1668 9409 9935 4274 5543 2133 9010 5296 2514 2321 8842 5723 2745 8437 4256 2303 5379 3010 8238 8031 7412 2392 3825 2378 8314 9842 4252 9220 9451 546 5308 1112 2036 4439 3277 8334 1498 975 9503 1373 3553 2945 5194 8645 6912 2346 157 6698 6519 193 5900 4538 7976 5587 3388 1823 5360 1540 2246 2565 2538 4679 5228 6213 5420 4815 3741 3069 139 6867 3171 2501 1391 6179 4477 9209 5980 651 6210 2944 8145 4329 8640 6908 3681 7890 4037 3100 4144 7608 9908 8604 8867 736 5431 8386 6562 393 4097 8833 2029 686 6546 7411 4931 4888 9286 7910 2580 3639 4197 6494 6865 6173 4503 5532 8133 4349 5173 6335 3199 6202 135 2453 4552 4709 6187 5296 4845 3728 5354 4205 1924 7214 1819 1628 9962 3650 8092 5592 1898 9056 4479 607 398 7432 3010 210 1980 8067 9567 4564 4212 6458 2052 8900 1009 4241 2448 9894 9266 393 3313 4976 3869 1331 4890 5239 9730 36 2100 5741 3749 8766 8809 3840 1817 4261 240 1862 9762 2969 5362 1969 3290 1892 9396 5270 2916 2044 223
2235 8712 4122 7229 4543 7736 2359 8122 6695 8514 4912 6598 5356 8239 1368 7590 100 863 2147 3472 3890 9047 8614 4525 1166 0 682 8043 6194 4943 6696 3249 7370 6860 2349 6217 7780 1052 3709 4350 7426 5244 4444 2566 5110 8402 7019 7648 6416 4064 6482 1978 5360 7049 5716 2439 6494 1602 5070 8851 7662 9762 1876 1276 8306 4345 7782 2270 7916 8279 6075 1411 36 920 1233 9044 4677 7630 5051 8797 1059 3527 3854 5251 6133 8206 2162 7592 1198 1610 5773 2890 7383 4299 5255 3165 1205 302 9680 4967 1166 2053 1220 6471 6331 7222 670 8559 449 1758 8675 6357 847 3979 8533 1572 5831 9809 9031 1884 7496 7608 3214 1679 4981 3236 4019 9972 5748 5183 4328 4343 9594 7855 9056 8406 8933 822 4066 4081 9080 3764 9391 1467 3226 9744 997 2750 6305 9871 5725 9616 7743 7429 5573 1446 1414 67 5623 797 3112 7261 7163 4847 2614 7211 1792 2191 8807 9534 5623 2984 3640 4349 8555 3948 554 4002 2054 4925 9451 6016 5413 8985 4863 8363 5824 7459 3812 9845 2405 4363 3487 5621 9169 9235 3550 825 1608 8124 3898 1314 3930 3856 5107 446 9161 3440 9568 485 2183 8938 3496 614 1295 8877 8708 5646 481 8159 1303 2526 9644 3004 7621 3780 3436 4572 4832 9165 6135 5748 3356 4338 4251 7658 8129 4510 4436 8276 7129 3238 7531 4145 2512 733 4862 9358 8002 4579 14 8318 9437 2518 8660 7447 696 6230 7720 3949 8182 6976 8199 3043 723 4701 3759 8851 5853 1887 9111 5731 7561 2729 496 5468 2748 2851 6881 2364 2469 205 9180 9835 4391 1698 3921 9946 3139 921 4543 4911 3992 7654 5142 2700 3728 7503 1846 6793
3029 7316 6642 4004 5059 8750 1800 7814 2513 6426 32 4327 5742 6795 1076 6547 7383 3316 1361 9387 8665 433 2648 278 7265 682 0 5785 9150 3555 1327 7389 8997 7903 6376 1556 797 8754 7692 8062 9335 4926 4673 3791 1753 6190 5850 939 735 3227 6898 5402 412 6002 6627 5218 7448 98 5328 7515 1458 7258 8449 6223 3289 5997 1177 1774 5792 4077 1779 2324 5114 4905 2612 958 8349 6417 3016 2520 3526 6701 6188 481 5312 5767 3175 5939 6157 7330 5592 7012 3390 5774 9852 3097 7478 8476 1602 462 1344 7035 7769 8785 3716 610 2293 3359 2652 221 5714 5901 6412 3333 6278 8545 6416 6456 6068 8148 6686 2350 1385 9342 11 911 8579 9034 8695 3841 2537 9599 3472 4318 203 2509 4753 1645 4648 3711 5281 7928 7823 963 1337 7951 7962 8591 1519 2994 2360 4843 8328 514 6622 3766 2040 9054 4375 7824 6050 7547 9216 4262 2707 3631 9935 323 9167 7095 6658 7926 9558 2142 7009 475 3579 109 9897 7807 3696 1267 9991 9495 9361 2130 7509 3901 8949 8207 7587 7763 102 3763 1756 1804 730 2766 8880 6600 3550 6538 5136 6981 419 8713 5670 833 8683 2851 643 8860 1053 420 5408 4995 3816 9302 788 8324 7971 6189 7041 9080 159 7270 3685 1985 9696 283 9110 6712 9127 25 1828 9408 7070 7918 6249 2401 7885 4516 1101 3214 7689 1396 1894 6752 9490 5360 2941 456 1218 904 2594 7284 9072 30 5541 1162 275 4423 8260 4851 987 977 6435 1497 9707 7509 4381 8469 6086 584 9987 8941 6592 3127 1660 6767 9539 5037 4480 549 8394 338 2607 6901 299 8102 1643 6645 7977 1087 9789 3523 7498 7228 7716 5814
