100
0 5697 5666 6205 5494 26 8388 6772 3791 2917 1855 9907 7583 4345 7994 8810 2091 8500 1354 3191 9293 743 1497 6155 2590 2125 8754 2017 1309 7401 1681 1716 2686 7545 237 5831 8522 250 2819 7889 9719 128 6164 5587 8428 2460 549 9519 2202 1963 9804 5400 6807 4095 9294 9926 5732 3474 237 391 3612 245 6243 8099 8611 2591 3397 3333 3303 5695 3920 4039 575 5520 506 7648 595 2216 8057 1584 3891 6682 3039 8262 9735 2310 4179 3720 9845 7704 4354 5853 3490 7216 5838 2852 9495 5020 4884 3786
5697 0 6658 4937 718 3830 8877 5605 844 7903 1686 951 3806 3888 5648 6719 5003 4736 1420 3913 3886 62 5076 7517 3093 6481 2229 3398 5380 7483 6326 3999 8316 689 3336 6334 4791 8230 4624 9928 4020 1626 9082 4822 4757 8347 8356 3995 1231 5461 5529 4301 2944 7507 6016 7132 1783 3686 9855 4869 991 7070 9940 8384 8673 4980 1510 6578 9414 7568 8474 1043 1948 1206 8360 9735 9541 6420 3706 7420 7723 5194 3768 3085 5075 4535 4525 693 1081 4958 2112 3570 9010 8742 1760 2644 9453 8863 5952 2033
5666 6658 0 2280 907 2299 8309 3915 3840 3777 5208 9369 5894 2145 2389 6574 574 9223 3262 5570 7294 9907 9646 1681 5126 8140 9753 5908 2481 2626 3933 8940 1850 5172 1453 2940 3461 3845 774 2428 6630 4236 1463 2258 843 1213 9328 1889 1694 1844 199 591 5835 2139 1498 4138 5532 3960 9914 3785 6701 422 3170 9712 4713 500 6190 1706 2264 1340 3501 3419 5670 7816 6679 6927 7992 2198 4481 5635 767 2514 6213 6965 6911 551 5684 7800 2072 2372 8044 5917 9982 2398 1059 1931 2066 538 6795 6512
6205 4937 2280 0 6897 8217 5636 3846 5697 3376 1840 4037 5590 3117 64 127 1410 9732 2867 5528 8762 4488 2711 4940 6223 4305 8915 9697 9316 3353 518 7690 5361 3069 1002 7740 5554 4616 4139 3264 3946 9578 1188 5757 8682 8486 6252 6773 9875 9596 593 5822 9251 2463 1878 6665 6787 4743 1917 1659 2801 7854 4841 1878 3030 8327 3756 5426 5294 8292 4191 2841 1793 2261 5857 9059 1913 3705 6742 1473 2721 4912 8368 880 5592 9570 3971 9164 7260 2533 6969 2175 6218 4963 3491 6891 555 4561 8057 9501
5494 718 907 6897 0 5499 9699 4832 7229 1233 1307 5525 5092 4013 2756 8515 9077 2923 2862 1796 1460 1316 2506 2555 3096 9403 3832 407 2311 2227 7685 7640 3417 6215 9062 809 1321 730 4792 4892 2774 3587 4618 6140 6370 7991 6552 7395 2732 8733 2572 4500 966 2525 8339 9783 6203 8860 4981 7258 8419 2524 9518 7832 7018 9147 9124 5293 5630 6075 6036 6241 4524 1047 5036 5063 9325 2441 3765 4125 5774 8816 8356 244 7055 8979 4926 7528 816 3730 635 3599 681 3217 4781 6849 9159 2305 2205 93
26 3830 2299 8217 5499 0 4368 8676 846 6012 8848 1373 7893 5190 2299 3788 3588 6605 1359 9628 6928 7668 1343 7490 9364 2479 7316 2535 3198 135 758 5320 8774 7822 5864 159 7052 5534 1434 1299 8379 5355 4893 2027 7264 3275 5985 4266 9542 7203 9854 4969 3066 7799 7309 1262 7953 43 3735 5841 740 8126 1933 7128 7284 4377 7706 7331 5574 7912 776 4249 8111 2775 6220 968 3749 2279 6276 8753 1040 6639 2629 556 1264 563 2918 7687 9191 5731 8000 6928 2180 9688 2380 5889 7904 4130 9640 4043
8388 8877 8309 5636 9699 4368 0 1084 3259 9903 7047 3325 5295 2450 8042 4632 8977 6122 5325 2467 6210 7653 8099 2010 5614 1443 841 8756 8548 2723 5087 736 8098 7530 2262 7958 4657 2598 7048 826 2826 6762 226 2775 4496 4401 8582 7514 5823 8197 7339 1656 8338 9850 619 2310 1428 4924 468 5971 1168 4191 4342 5713 4434 8236 3032 7873 6498 68 6825 9304 5861 7197 146 6809 9508 2959 1444 3243 2327 9631 8029 4053 5828 5383 1999 2267 6262 5499 2047 642 2974 3681 9866 1044 7933 4206 9326 2006
6772 5605 3915 3846 4832 8676 1084 0 2944 5136 6377 6218 2791 2452 1878 5014 6288 7000 988 4709 4551 1401 6664 8388 4192 4651 4232 4473 6045 945 6592 4954 9903 5472 3224 4797 2722 4247 9500 5804 1988 3887 2410 5812 1019 1940 6845 3493 3894 2408 3870 816 7377 4836 7681 5187 9321 8549 1485 6836 5938 7071 9131 7506 2891 1086 130 1474 9202 6829 5251 527 6802 6859 4791 8296 940 6641 57 2518 572 8978 6786 9055 8088 6209 6221 4271 7784 8885 9370 5627 5000 8519 2314 8146 5368 6174 9714 7179
3791 844 3840 5697 7229 846 3259 2944 0 9796 8560 3615 4639 3642 8286 5200 1560 5867 7033 6401 268 1381 8600 3660 22 6369 9883 7081 2802 1388 3058 6927 1544 5722 6778 6835 8146 4 5255 623 3806 6964 2785 8365 5564 218 8747 2680 5642 4035 5754 7791 7786 6193 153 189 4054 3673 1658 9696 2283 8321 7130 7242 8675 6870 5438 7401 2433 5131 7821 6575 509 6701 8238 9322 9712 6779 5407 741 4279 6281 9661 5870 7344 3428 3926 5766 6942 6024 7585 5030 8465 3340 1560 8659 2113 5449 9787 5941
2917 7903 3777 3376 1233 6012 9903 5136 9796 0 3619 4108 9683 5721 843 9476 6130 6359 270 9034 6559 1695 1274 6034 5968 1871 937 4963 3249 4160 6397 1767 8741 8253 6313 3590 6472 8806 6913 1706 2933 331 4400 1949 6895 7888 5652 8082 6154 5791 2147 6692 5865 3342 7925 2307 385 8858 3829 6618 5305 3885 2179 9443 5159 5913 1651 4126 5204 8933 3108 8601 535 1107 6310 58 2765 665 8006 2171 3916 7866 1257 2469 3908 7567 8470 3791 6430 9434 7057 1973 7705 9945 2022 491 4149 5311 5089 8507
1855 1686 5208 1840 1307 8848 7047 6377 8560 3619 0 9946 3977 3681 9222 94 9694 550 7934 2168 4567 481 9316 4387 3922 5130 7471 8495 9833 167 9428 2437 1162 3786 4600 8182 5639 3409 4937 5540 2631 4873 3825 1620 882 238 3777 3279 5186 3686 8255 1756 7657 6710 4420 8338 6409 8891 2310 5034 3627 8100 1233 2397 2712 695 8193 5172 7108 5391 1075 8180 2665 9450 1633 1373 9426 9231 5480 4088 7008 1617 6707 8872 4217 1317 3054 4641 7068 1657 4002 9583 3332 3462 2337 5862 3904 2120 781 609
9907 951 9369 4037 5525 1373 3325 6218 3615 4108 9946 0 3414 3758 4815 2380 2062 1834 5042 1857 7713 219 9485 3791 1001 7551 5741 4612 6342 6946 1831 5494 2488 5944 5397 915 3372 1361 3515 1638 7699 9445 3585 8576 767 977 4517 7026 5149 820 4658 5362 1438 5921 8799 1578 8086 4165 3214 8112 5548 7897 448 2130 2018 1061 7343 2967 1004 9274 1577 1416 133 5984 3006 238 7405 4585 131 9335 2704 9603 4079 1626 5146 9440 1079 3489 8293 6908 9714 3203 4468 1314 10 1556 7372 128 9593 1896
7583 3806 5894 5590 5092 7893 5295 2791 4639 9683 3977 3414 0 2511 9361 4042 8190 2035 2550 9212 2974 1622 2194 6213 8719 9418 3400 773 3523 1781 2694 2956 518 4822 8834 3350 8941 6786 5578 2484 4559 9526 8435 3921 668 2253 4028 3252 149 2536 0 1053 9180 293 7540 3796 2072 263 869 6139 4019 8592 52 7407 8449 2362 5704 9245 6524 9938 9831 5223 9444 3657 9544 4607 9998 2741 1437 5091 742 4942 7720 6385 5785 6720 13 5377 4923 3114 3039 1291 8812 4322 7049 9578 7789 2325 4916 3432
4345 3888 2145 3117 4013 5190 2450 2452 3642 5721 3681 3758 2511 0 2715 7055 9261 1325 9020 9882 8466 993 7756 7384 7152 8454 8418 7014 4349 7074 3275 8442 1328 5575 0 8977 1157 3708 5148 5588 2306 7962 954 3729 7089 930 9654 6320 6026 6236 309 1279 6849 5479 7152 6742 4681 5225 9804 3749 4076 7856 3924 5534 1313 8166 657 749 8924 7403 244 3507 8955 9336 8748 6679 2995 1017 2925 3555 9397 7457 456 9346 3452 1825 6828 2388 3391 8158 9700 6736 4093 6010 2238 5553 7959 8694 5146 2231
7994 5648 2389 64 2756 2299 8042 1878 8286 843 9222 4815 9361 2715 0 6065 2540 3117 8073 4312 6110 2689 5245 560 4651 8329 6535 7698 807 7170 5137 7472 8840 1809 1086 7055 3686 7413 9539 1303 8496 8002 4643 611 5583 9809 8970 5666 2402 7499 1765 6066 3495 5076 6300 6767 2057 2804 8590 5789 2426 6025 6176 7000 6166 8543 9269 7920 1267 3376 98 2030 9210 6366 4397 8904 3123 5750 7398 5777 7687 2639 1579 1592 6666 4431 3678 3469 2668 9495 8881 6017 2383 3546 7486 2526 567 8768 3135 5049
8810 6719 6574 127 8515 3788 4632 5014 5200 9476 94 2380 4042 7055 6065 0 2228 5483 6549 2840 3760 8283 5570 58 9393 6673 5910 1760 9395 7611 914 4986 2776 790 3410 3602 289 2373 958 6909 7068 9052 7320 5873 2510 4967 7147 9306 213 3562 4497 351 8584 364 2519 6686 4412 2045 7695 3828 1247 5072 1862 4937 1055 4054 959 6083 8863 5504 49 7022 4588 169 8360 6125 2693 7017 7705 5786 1521 7150 9889 794 5455 5947 9529 5316 6924 8712 8333 9732 1337 8991 7572 37 8940 2487 4250 5356
2091 5003 574 1410 9077 3588 8977 6288 1560 6130 9694 2062 8190 9261 2540 2228 0 4002 5519 1025 2158 181 6823 4092 1608 4607 5828 8699 3959 7825 5345 7349 3937 8581 8092 2942 455 5682 2755 1542 2266 1945 2194 4956 536 1283 2555 1004 3069 9629 2395 5128 4231 6100 1888 9259 3628 3867 9372 4260 5828 3601 3688 6214 1328 5289 7154 2745 7488 9903 6990 1614 5224 1968 5237 2977 2575 6928 8955 259 7342 8187 1968 3889 7374 1284 4797 9337 9678 3577 6851 7403 5875 1436 7970 447 6337 7005 7837 4203
8500 4736 9223 9732 2923 6605 6122 7000 5867 6359 550 1834 2035 1325 3117 5483 4002 0 79 1725 1231 2865 5037 1458 958 5159 6891 7082 7459 1403 6012 7634 6437 6283 7173 9168 3568 2836 8053 1056 6443 6018 6529 3945 5213 7533 918 2494 2949 5298 9811 9272 7629 4150 3243 9431 6951 3029 421 6367 4569 681 8847 1037 8916 2787 7153 9361 4947 3149 8764 4649 1040 1285 8189 6613 1911 5930 5549 2437 1797 5346 3949 2059 6162 4495 2171 8215 3883 2652 4058 7914 8082 3749 8467 3626 1543 174 5954 2272
1354 1420 3262 2867 2862 1359 5325 988 7033 270 7934 5042 2550 9020 8073 6549 5519 79 0 3134 1007 4027 5321 8656 3759 6385 6791 9950 8525 6358 7765 9732 1734 2549 1308 7164 418 9100 1843 7967 360 9957 216 3016 6372 4343 3644 6940 9569 6621 5095 5939 9470 1948 1249 3612 5415 1920 8786 2657 7178 6507 4779 733 2922 742 1766 4306 1237 537 4838 5879 7432 5992 4321 7767 3011 5859 3305 1239 2979 5764 6564 5152 3725 7487 7588 1244 9741 7212 9745 5172 8019 3832 8243 4534 5626 2257 3399 5188
3191 3913 5570 5528 1796 9628 2467 4709 6401 9034 2168 1857 9212 9882 4312 2840 1025 1725 3134 0 4721 2622 345 5704 389 5041 4772 2814 6166 3573 7532 7274 8172 1149 1988 4421 7672 6914 9332 6192 810 3717 8658 9917 8120 1518 1995 931 9920 2576 1285 7415 4180 7596 837 9527 2564 9100 1796 2142 8043 4043 7222 5726 2636 6470 9749 2803 7336 3477 1797 6145 4532 3891 6387 5131 7688 8293 8538 861 686 5130 6534 3757 8380 7284 5677 3151 6608 6707 284 9703 8791 5180 2826 4677 416 3917 8177 7052
9293 3886 7294 8762 1460 6928 6210 4551 268 6559 4567 7713 2974 8466 6110 3760 2158 1231 1007 4721 0 7298 9669 133 681 3170 6204 7991 8177 1826 5129 6889 1069 6203 1764 1278 8000 9012 6013 8800 7293 2076 4928 6736 3145 6756 9774 1364 5278 5429 7100 8788 1009 1187 3098 7831 875 8236 3681 7999 2327 1728 183 5078 7307 7349 6516 7650 8206 150 8987 7069 8363 2458 2669 3822 2822 6176 2939 8365 6572 4658 6053 5650 349 660 1578 5916 2582 5508 5345 8175 5444 6315 9146 4654 8506 9324 5705 4521
743 62 9907 4488 1316 7668 7653 1401 1381 1695 481 219 1622 993 2689 8283 181 2865 4027 2622 7298 0 2406 8226 2857 5742 538 7495 5992 7880 4611 4260 9934 4722 8305 8772 7187 6642 6080 329 6926 6600 1131 4921 6127 6755 2875 7182 1417 9869 1566 8117 9871 7142 9557 7930 2433 3101 9288 1843 6403 5010 1245 6590 7362 2993 9944 4627 4925 4351 9329 5471 9621 2913 3936 3896 4766 2330 2568 4230 6212 7100 8702 5593 2053 4997 4852 8722 7614 8595 1903 5048 7801 2199 3782 654 6629 3997 6790 9204
1497 5076 9646 2711 2506 1343 8099 6664 8600 1274 9316 9485 2194 7756 5245 5570 6823 5037 5321 345 9669 2406 0 9423 4221 3668 7361 5441 6382 9454 3441 684 6268 7493 6995 3566 6626 8609 4465 2324 7989 924 2566 3374 6068 9043 1198 1751 8049 5821 7923 9224 1674 1038 3596 9243 179 9251 1834 4487 5674 1484 6857 1342 8934 8766 4048 9424 4516 3111 7256 4417 4006 5913 6678 7882 6431 2013 9746 99 1509 5190 9015 6832 7642 375 851 4592 1553 9875 2047 6067 5997 117 9784 4103 4236 6690 219 3999
6155 7517 1681 4940 2555 7490 2010 8388 3660 6034 4387 3791 6213 7384 560 58 4092 1458 8656 5704 133 8226 9423 0 9231 7151 6214 2476 5517 2242 1436 4007 2237 2443 4797 929 2019 3977 7146 8207 2231 3373 8164 3893 1453 6413 4075 7998 5121 8947 2275 9355 8026 3191 6185 2742 1671 6715 1811 9281 6207 2273 7817 25 3284 1438 9629 7616 1172 6328 3986 2567 5295 56 9169 3249 1064 3020 879 7792 1358 8587 3728 3162 115 517 912 4599 6024 1793 4517 1852 7243 3476 6304 7890 9889 5020 1122 6005
2590 3093 5126 6223 3096 9364 5614 4192 22 5968 3922 1001 8719 7152 4651 9393 1608 958 3759 389 681 2857 4221 9231 0 3656 7859 5933 3500 7393 9563 2412 8329 6731 8609 7873 153 7635 2793 6995 7425 3117 6505 135 6143 8945 7210 9995 6991 7010 7096 2174 5080 9497 1286 1106 5687 9593 1524 7038 7515 982 2368 2838 782 7177 7385 7473 951 2086 494 8023 7312 2169 1330 5239 7383 9153 471 6872 5471 6822 4192 2916 8527 6644 6353 1548 9596 2670 5613 8305 871 5911 9128 2720 5659 9889 1901 8884
2125 6481 8140 4305 9403 2479 1443 4651 6369 1871 5130 7551 9418 8454 8329 6673 4607 5159 6385 5041 3170 5742 3668 7151 3656 0 6801 700 8042 4627 4299 4158 1215 8639 5754 8419 3780 366 2222 9382 9407 4785 4456 6165 4078 6467 9831 1823 6115 3920 7627 5393 8698 6208 2434 8580 5366 5486 1893 5679 7699 1863 9903 8180 20 7527 4973 6455 3608 8377 5214 638 8696 6674 2656 811 1611 9929 1327 4382 9845 4581 9330 8145 7372 9925 3655 2217 9935 462 3054 692 570 6711 1516 1730 3885 8963 220 9075
8754 2229 9753 8915 3832 7316 841 4232 9883 937 7471 5741 3400 8418 6535 5910 5828 6891 6791 4772 6204 538 7361 6214 7859 6801 0 8111 8990 5624 2257 2566 8363 279 4566 6307 2703 2048 2728 4446 5369 6437 1656 1480 5410 8518 6330 5822 1342 2090 8016 8996 88 956 797 2925 5796 4871 7911 7828 4741 4877 3935 5306 5782 5237 5528 5021 9272 710 9660 3406 6608 2744 7855 9683 8898 4918 3175 2226 5368 4234 6879 373 7109 190 6581 9333 4117 1934 4131 7997 6003 7738 4481 5988 6971 1904 2243 5843
2017 3398 5908 9697 407 2535 8756 4473 7081 4963 8495 4612 773 7014 7698 1760 8699 7082 9950 2814 7991 7495 5441 2476 5933 700 8111 0 1994 9582 574 4667 7676 552 3643 135 6539 7587 4916 3986 2734 990 3455 7927 1733 8363 9986 7595 2830 3188 8489 1515 9806 1294 9010 7006 2984 9951 5987 6069 6213 3441 3532 6309 1844 368 405 1303 7927 229 4612 3965 960 4169 9230 1911 7944 6907 4637 9476 4245 7328 2429 5385 8102 3846 2361 2270 6949 135 7423 1156 3335 374 3477 9504 2530 4444 2085 7745
1309 5380 2481 9316 2311 3198 8548 6045 2802 3249 9833 6342 3523 4349 807 9395 3959 7459 8525 6166 8177 5992 6382 5517 3500 8042 8990 1994 0 5917 7350 3724 2390 9206 1870 7710 4491 66 2919 4697 5675 4231 7837 3513 3354 5113 6512 6875 3985 8266 7820 4419 4466 1609 8365 3877 2835 504 5218 3374 4354 5363 2027 7136 6561 1810 6814 9202 390 360 462 8288 2752 1629 6216 7405 2440 2495 8562 6397 1390 7454 7749 2225 2174 5072 8896 3637 3654 271 9156 7540 1197 2101 7712 1559 2764 5505 4140 9973
7401 7483 2626 3353 2227 135 2723 945 1388 4160 167 6946 1781 7074 7170 7611 7825 1403 6358 3573 1826 7880 9454 2242 7393 4627 5624 9582 5917 0 6936 7512 2639 4320 2126 5080 805 6876 5653 7532 3967 9759 5268 88 2174 6455 3816 3770 788 1415 2376 9107 5144 965 6462 9339 3675 1883 7686 4307 5586 4488 4615 3137 6002 2368 1867 3182 4445 3332 5522 8931 1422 4909 2200 6522 3866 7863 2387 4340 2577 6371 7256 6807 215 9514 6755 1888 4067 8437 4800 8224 7252 8815 2168 3505 7306 2527 9129 6795
1681 6326 3933 518 7685 758 5087 6592 3058 6397 9428 1831 2694 3275 5137 914 5345 6012 7765 7532 5129 4611 3441 1436 9563 4299 2257 574 7350 6936 0 1831 523 4616 9128 230 8988 9593 9789 6662 3626 5137 7891 8663 9110 6383 7014 4304 1736 1584 6247 7675 5259 1295 5196 2827 7606 5041 2030 3420 1551 582 4549 8056 454 6115 563 9050 1894 4727 6987 7473 2243 1086 6164 1403 2640 1676 7603 6669 4011 7055 6809 9658 8303 7983 5288 1796 3180 3871 2005 7133 7156 4667 1337 3865 9986 9810 3559 9800
1716 3999 8940 7690 7640 5320 736 4954 6927 1767 2437 5494 2956 8442 7472 4986 7349 7634 9732 7274 6889 4260 684 4007 2412 4158 2566 4667 3724 7512 1831 0 7785 4331 2535 3578 819 5383 7964 8563 4403 6816 7332 1801 1110 8963 611 686 2953 7409 1822 5342 8353 2470 5597 9426 8730 4619 3594 5617 6903 8883 7698 2469 1978 6714 4959 7977 4517 3038 2693 819 9921 1087 2392 9875 3350 4992 1048 153 1480 5106 8146 3791 6169 7333 9776 3541 1180 6817 2195 2826 5904 3434 5932 4744 2574 1255 2831 7384
2686 8316 1850 5361 3417 8774 8098 9903 1544 8741 1162 2488 518 1328 8840 2776 3937 6437 1734 8172 1069 9934 6268 2237 8329 1215 8363 7676 2390 2639 523 7785 0 1063 3990 616 4949 2180 9398 5660 2225 8466 4314 7932 6843 9306 5051 2141 8382 259 7159 2414 7305 1423 1368 9749 2684 4273 1976 4633 9054 6574 3657 4361 9040 9210 9407 1966 3981 8467 8151 2799 2793 7375 6287 6068 5445 4960 1342 3331 3325 3389 9614 7649 1535 5513 536 4021 7563 650 6950 9319 6520 2787 583 2858 7221 4692 1469 3635
7545 689 5172 3069 6215 7822 7530 5472 5722 8253 3786 5944 4822 5575 1809 790 8581 6283 2549 1149 6203 4722 7493 2443 6731 8639 279 552 9206 4320 4616 4331 1063 0 7665 4169 7070 6033 9122 5127 2803 9288 1148 599 4500 8675 6658 6949 8415 5555 6576 6509 1413 5736 5436 2333 6491 915 8651 3353 1544 2586 9957 5995 6221 1952 5699 9585 5215 9381 1099 6410 5450 4849 5063 1848 4962 5478 3323 5219 1833 6070 8608 2052 3605 266 4700 8719 9185 2606 1222 4513 491 8639 8529 9076 5685 4849 2848 361
237 3336 1453 1002 9062 5864 2262 3224 6778 6313 4600 5397 8834 0 1086 3410 8092 7173 1308 1988 1764 8305 6995 4797 8609 5754 4566 3643 1870 2126 9128 2535 3990 7665 0 6163 1747 931 9420 29 5125 4279 2270 8845 7811 3134 7531 2662 4091 2165 8757 5004 2948 3932 6758 1904 3047 7072 5452 1365 1561 2143 1611 1198 962 6094 1094 5642 9668 2208 9075 3062 7897 4257 9977 1219 4580 7495 1202 3605 6860 2451 4712 3552 5205 5780 3958 5710 3860 1486 5106 8815 6021 5739 856 7562 2480 1658 3853 5662
5831 6334 2940 7740 809 159 7958 4797 6835 3590 8182 915 3350 8977 7055 3602 2942 9168 7164 4421 1278 8772 3566 929 7873 8419 6307 135 7710 5080 230 3578 616 4169 6163 0 2255 6737 478 1672 9023 6417 1507 9563 4136 9374 1084 746 7371 9260 9540 2426 4446 8357 3340 8053 5496 2425 1557 1619 2356 4542 5461 8635 6884 5904 8044 4304 2864 8494 409 3714 2131 7280 1418 6833 1935 47 3441 6253 5924 6124 772 9075 8005 4815 7871 4247 4433 5859 4332 1099 5019 2899 5621 7823 6157 3402 9923 8185
8522 4791 3461 5554 1321 7052 4657 2722 8146 6472 5639 3372 8941 1157 3686 289 455 3568 418 7672 8000 7187 6626 2019 153 3780 2703 6539 4491 805 8988 819 4949 7070 1747 2255 0 6096 586 2715 1177 7810 4037 999 9236 7504 411 5549 4490 6860 5128 2562 9217 6496 3183 8144 790 3391 4801 5067 9351 2337 2200 3053 7692 4136 3082 2814 8741 2154 7265 9882 8838 7483 9465 2290 6058 2214 9407 9869 2886 6776 3312 3095 7859 6706 1974 5869 282 7080 2436 8646 6399 3025 8583 553 4844 8356 2375 759
250 8230 3845 4616 730 5534 2598 4247 4 8806 3409 1361 6786 3708 7413 2373 5682 2836 9100 6914 9012 6642 8609 3977 7635 366 2048 7587 66 6876 9593 5383 2180 6033 931 6737 6096 0 7614 1446 1277 1559 920 2066 7328 4416 8324 2336 7505 5564 1580 5175 8475 4212 5047 8570 4897 6421 2736 9338 5299 3575 1442 4566 4651 3098 9827 6428 1075 1377 8203 4152 3966 9106 6741 9529 3835 5512 1980 6631 4723 3589 6555 6735 1277 3106 3659 3571 531 5645 8430 3308 127 9127 4368 4579 1467 3813 5262 7563
2819 4624 774 4139 4792 1434 7048 9500 5255 6913 4937 3515 5578 5148 9539 958 2755 8053 1843 9332 6013 6080 4465 7146 2793 2222 2728 4916 2919 5653 9789 7964 9398 9122 9420 478 586 7614 0 5823 4070 4991 8720 4952 8484 5668 855 3367 6201 7202 7115 4391 9381 6464 715 2616 1005 9304 9736 1470 6856 1808 1993 8864 3094 4703 5135 1577 4410 5877 8539 4620 9743 7856 3627 7862 61 365 3885 8199 1171 7422 3600 1057 1264 855 6312 9648 7057 7228 220 7341 7702 4851 2083 8968 6674 1999 5921 6069
7889 9928 2428 3264 4892 1299 826 5804 623 1706 5540 1638 2484 5588 1303 6909 1542 1056 7967 6192 8800 329 2324 8207 6995 9382 4446 3986 4697 7532 6662 8563 5660 5127 29 1672 2715 1446 5823 0 8643 5221 4693 3934 6793 5135 9126 8056 6147 548 4861 6227 5196 7495 4020 578 1746 3880 6747 9697 5673 4439 5028 1886 9029 8749 3389 862 2386 2356 9783 5501 8444 7666 3058 9537 389 555 1846 569 3632 3226 6952 6011 3483 4241 8725 9764 9280 1732 2238 4664 3940 5131 8030 7174 8638 8320 4647 3188
9719 4020 6630 3946 2774 8379 2826 1988 3806 2933 2631 7699 4559 2306 8496 7068 2266 6443 360 810 7293 6926 7989 2231 7425 9407 5369 2734 5675 3967 3626 4403 2225 2803 5125 9023 1177 1277 4070 8643 0 6630 9002 382 5147 3819 9513 1755 1377 4069 4676 8258 4882 9772 6169 394 9503 2588 547 4200 6413 9438 2634 1750 7563 8479 6671 7695 4197 6916 7404 7079 1736 9161 6223 8849 8709 8438 1806 6202 9867 9874 5752 3279 997 7514 6842 5004 4004 2744 6094 9348 3294 3281 8210 5073 136 3967 9220 7017
128 1626 4236 9578 3587 5355 6762 3887 6964 331 4873 9445 9526 7962 8002 9052 1945 6018 9957 3717 2076 6600 924 3373 3117 4785 6437 990 4231 9759 5137 6816 8466 9288 4279 6417 7810 1559 4991 5221 6630 0 7403 796 9485 5123 9945 192 7058 189 7703 6093 6161 4035 7049 8553 169 2341 3995 1803 8738 9191 3168 5481 8490 5251 4127 6552 9284 8151 528 7983 6985 983 8148 7217 6336 9125 5887 499 7463 7373 4018 7424 752 2490 2793 2888 2977 9375 4864 4206 6286 3381 7501 2702 6386 44 3284 1581
6164 9082 1463 1188 4618 4893 226 2410 2785 4400 3825 3585 8435 954 4643 7320 2194 6529 216 8658 4928 1131 2566 8164 6505 4456 1656 3455 7837 5268 7891 7332 4314 1148 2270 1507 4037 920 8720 4693 9002 7403 0 5457 5291 2034 4708 5460 5433 7943 5648 5100 5708 6330 7584 2992 7641 9216 6902 5029 6959 193 8151 2812 6340 5859 1681 2122 6900 8497 7796 2137 8353 3453 3093 2649 3220 2310 5575 9889 7620 2013 9215 1574 5299 6251 8812 8191 5525 3927 1926 9700 3614 228 3023 2453 2250 6880 7258 8240
5587 4822 2258 5757 6140 2027 2775 5812 8365 1949 1620 8576 3921 3729 611 5873 4956 3945 3016 9917 6736 4921 3374 3893 135 6165 1480 7927 3513 88 8663 1801 7932 599 8845 9563 999 2066 4952 3934 382 796 5457 0 5692 1955 751 8999 6045 2037 5078 4645 6334 2717 4369 91 3109 6414 7159 8499 9072 1076 1780 4614 6971 399 2086 6076 7459 9946 2129 9978 5702 9759 8867 9163 3342 8846 5526 251 8247 9077 9588 130 9988 1783 6153 6387 1853 178 6570 7497 2676 6581 4215 4128 5003 7094 8987 3374
8428 4757 843 8682 6370 7264 4496 1019 5564 6895 882 767 668 7089 5583 2510 536 5213 6372 8120 3145 6127 6068 1453 6143 4078 5410 1733 3354 2174 9110 1110 6843 4500 7811 4136 9236 7328 8484 6793 5147 9485 5291 5692 0 6804 6550 1763 614 2424 5020 183 7363 955 3357 7223 6884 2415 7738 5997 2726 8765 7124 7295 6106 8250 4443 8704 6319 5052 5160 7948 5007 5460 9440 962 7662 5005 7847 8431 7465 4538 2497 2123 1209 8597 8090 7685 8349 9438 2691 7193 1806 3788 5034 6447 5552 2488 3125 7963
2460 8347 1213 8486 7991 3275 4401 1940 218 7888 238 977 2253 930 9809 4967 1283 7533 4343 1518 6756 6755 9043 6413 8945 6467 8518 8363 5113 6455 6383 8963 9306 8675 3134 9374 7504 4416 5668 5135 3819 5123 2034 1955 6804 0 4570 4697 6300 8883 818 6938 2998 3089 4637 577 2956 6354 9487 9819 3578 2210 735 8251 463 7599 9943 969 5189 8929 1433 7014 7731 9907 7658 2436 6619 7185 6438 3611 2214 5002 1501 8553 2039 4536 7934 7484 8966 5955 4271 4190 9481 3642 2276 7983 7550 8949 4936 3625
549 8356 9328 6252 6552 5985 8582 6845 8747 5652 3777 4517 4028 9654 8970 7147 2555 918 3644 1995 9774 2875 1198 4075 7210 9831 6330 9986 6512 3816 7014 611 5051 6658 7531 1084 411 8324 855 9126 9513 9945 4708 751 6550 4570 0 9791 6382 3215 8471 5133 2252 4236 1275 6857 5642 1025 155 4825 1137 1846 4855 151 3903 8767 244 9981 3688 7286 7011 8731 9580 7775 6606 196 7326 8077 9838 5127 3425 701 470 7234 8100 7459 6415 781 5461 1279 7230 0 7553 9095 4733 9959 731 5226 5234 3681
9519 3995 1889 6773 7395 4266 7514 3493 2680 8082 3279 7026 3252 6320 5666 9306 1004 2494 6940 931 1364 7182 1751 7998 9995 1823 5822 7595 6875 3770 4304 686 2141 6949 2662 746 5549 2336 3367 8056 1755 192 5460 8999 1763 4697 9791 0 5259 4430 3232 6283 9503 8505 5589 6029 6258 3801 5819 3844 2899 2923 3447 1614 6866 619 4535 2009 5306 233 4515 4902 5103 8143 6078 2173 5166 3214 5579 4271 4130 7652 7349 2466 7365 9104 1307 1114 6594 2257 399 3264 7687 7753 1967 5194 4049 4158 695 4529
2202 1231 1694 9875 2732 9542 5823 3894 5642 6154 5186 5149 149 6026 2402 213 3069 2949 9569 9920 5278 1417 8049 5121 6991 6115 1342 2830 3985 788 1736 2953 8382 8415 4091 7371 4490 7505 6201 6147 1377 7058 5433 6045 614 6300 6382 5259 0 9892 4881 3978 4634 9003 5871 6910 6280 8413 3392 6889 1654 1781 4198 1455 2763 9946 8940 7765 6532 3298 9588 9039 5619 3370 9085 3856 8014 6836 9754 3628 777 1509 4314 837 188 3484 4902 4158 8236 7526 6441 257 8435 1124 5649 1125 8160 2557 3591 2933
1963 5461 1844 9596 8733 7203 8197 2408 4035 5791 3686 820 2536 6236 7499 3562 9629 5298 6621 2576 5429 9869 5821 8947 7010 3920 2090 3188 8266 1415 1584 7409 259 5555 2165 9260 6860 5564 7202 548 4069 189 7943 2037 2424 8883 3215 4430 9892 0 9497 2360 2355 8722 6404 3199 5451 3135 6211 7350 8298 658 3375 7903 5052 903 6726 1617 2209 144 1953 1670 2008 6168 8052 8373 9118 8307 180 8981 7688 8359 2343 506 41 22 8138 8894 6095 4495 6181 2670 3894 5934 662 4317 7482 7629 1047 8940
9804 5529 199 593 2572 9854 7339 3870 5754 2147 8255 4658 0 309 1765 4497 2395 9811 5095 1285 7100 1566 7923 2275 7096 7627 8016 8489 7820 2376 6247 1822 7159 6576 8757 9540 5128 1580 7115 4861 4676 7703 5648 5078 5020 818 8471 3232 4881 9497 0 4225 3762 1872 6538 6058 7664 6562 6003 9161 8881 2864 6392 8324 4044 9358 7258 5083 1690 7236 6092 2284 1485 4474 8668 457 7382 1459 5352 5397 4489 9084 2757 8735 438 1949 8128 3361 2833 4798 4862 6039 1908 182 8282 6055 4745 4057 8618 2111
5400 4301 591 5822 4500 4969 1656 816 7791 6692 1756 5362 1053 1279 6066 351 5128 9272 5939 7415 8788 8117 9224 9355 2174 5393 8996 1515 4419 9107 7675 5342 2414 6509 5004 2426 2562 5175 4391 6227 8258 6093 5100 4645 183 6938 5133 6283 3978 2360 4225 0 46 8530 7420 2403 7791 1728 6365 797 8814 3733 6288 7287 8086 7117 4894 2294 7597 7709 2930 3092 5206 6623 2879 6769 4002 6161 6107 6387 6713 2002 836 6844 1301 7635 8051 902 9522 3903 9717 1687 7580 5420 8302 8965 4218 57 6438 1277
6807 2944 5835 9251 966 3066 8338 7377 7786 5865 7657 1438 9180 6849 3495 8584 4231 7629 9470 4180 1009 9871 1674 8026 5080 8698 88 9806 4466 5144 5259 8353 7305 1413 2948 4446 9217 8475 9381 5196 4882 6161 5708 6334 7363 2998 2252 9503 4634 2355 3762 46 0 7734 2053 2674 2802 4586 9909 2060 1717 920 7588 2324 8761 7585 7867 788 5360 7892 2003 1446 474 9301 9683 3978 2167 7016 5057 4747 1502 2990 1556 6509 3190 378 7734 8445 1872 4060 6323 2891 4360 4607 6016 9866 7703 1595 3947 9568
4095 7507 2139 2463 2525 7799 9850 4836 6193 3342 6710 5921 293 5479 5076 364 6100 4150 1948 7596 1187 7142 1038 3191 9497 6208 956 1294 1609 965 1295 2470 1423 5736 3932 8357 6496 4212 6464 7495 9772 4035 6330 2717 955 3089 4236 8505 9003 8722 1872 8530 7734 0 8148 1510 1107 6707 9077 6615 5661 7501 3735 6736 5426 125 2491 409 6384 5952 6833 4907 129 9238 717 8274 9829 3413 94 3735 5087 5832 4840 1265 2029 5274 4300 8653 4922 1775 4320 848 2085 2825 384 5872 5791 3430 5215 9398
9294 6016 1498 1878 8339 7309 619 7681 153 7925 4420 8799 7540 7152 6300 2519 1888 3243 1249 837 3098 9557 3596 6185 1286 2434 797 9010 8365 6462 5196 5597 1368 5436 6758 3340 3183 5047 715 4020 6169 7049 7584 4369 3357 4637 1275 5589 5871 6404 6538 7420 2053 8148 0 9316 7103 3189 2372 711 9397 1815 1896 7454 9351 7001 9437 6958 5825 6252 8172 8635 3709 469 2021 3189 1428 9171 1354 918 8381 2342 4139 1793 7078 7927 2609 2515 983 108 4471 6283 8962 9999 1690 1385 1292 651 1050 8655
9926 7132 4138 6665 9783 1262 2310 5187 189 2307 8338 1578 3796 6742 6767 6686 9259 9431 3612 9527 7831 7930 9243 2742 1106 8580 2925 7006 3877 9339 2827 9426 9749 2333 1904 8053 8144 8570 2616 578 394 8553 2992 91 7223 577 6857 6029 6910 3199 6058 2403 2674 1510 9316 0 8467 6162 4521 3353 9936 1516 9065 4220 5106 4671 7528 9 4045 3198 9337 1554 6913 457 2766 948 5055 2790 7559 6692 9987 1558 9329 9466 9638 2178 4820 5362 5033 7353 9513 6724 5515 5988 2844 9802 382 3333 3889 9715
5732 1783 5532 6787 6203 7953 1428 9321 4054 385 6409 8086 2072 4681 2057 4412 3628 6951 5415 2564 875 2433 179 1671 5687 5366 5796 2984 2835 3675 7606 8730 2684 6491 3047 5496 790 4897 1005 1746 9503 169 7641 3109 6884 2956 5642 6258 6280 5451 7664 7791 2802 1107 7103 8467 0 70 4793 6489 6539 3254 1004 706 9417 3914 9032 3123 8229 739 244 6654 1962 3213 5793 162 7844 6085 3292 1974 4821 5758 2213 72 1326 6034 6303 7598 8561 1051 596 8061 9223 8008 4893 8468 6022 944 5688 8716
3474 3686 3960 4743 8860 43 4924 8549 3673 8858 8891 4165 263 5225 2804 2045 3867 3029 1920 9100 8236 3101 9251 6715 9593 5486 4871 9951 504 1883 5041 4619 4273 915 7072 2425 3391 6421 9304 3880 2588 2341 9216 6414 2415 6354 1025 3801 8413 3135 6562 1728 4586 6707 3189 6162 70 0 3468 9901 1500 9730 1040 3093 3107 6278 7310 1200 7767 241 8412 4093 2686 880 4200 473 6071 6055 2052 5181 5684 2063 9208 293 9413 2570 1746 207 7361 9971 8586 118 1527 3315 1436 5697 8261 6631 9548 9699
237 9855 9914 1917 4981 3735 468 1485 1658 3829 2310 3214 869 9804 8590 7695 9372 421 8786 1796 3681 9288 1834 1811 1524 1893 7911 5987 5218 7686 2030 3594 1976 8651 5452 1557 4801 2736 9736 6747 547 3995 6902 7159 7738 9487 155 5819 3392 6211 6003 6365 9909 9077 2372 4521 4793 3468 0 9917 5485 617 2556 1426 5424 1889 5918 5776 5643 108 3268 6308 545 7101 837 8845 1869 106 8104 7632 3583 7674 5150 6259 9043 8605 8838 8344 9140 8535 2878 6001 4351 2272 5519 5043 6303 7511 7092 6190
391 4869 3785 1659 7258 5841 5971 6836 9696 6618 5034 8112 6139 3749 5789 3828 4260 6367 2657 2142 7999 1843 4487 9281 7038 5679 7828 6069 3374 4307 3420 5617 4633 3353 1365 1619 5067 9338 1470 9697 4200 1803 5029 8499 5997 9819 4825 3844 6889 7350 9161 797 2060 6615 711 3353 6489 9901 9917 0 5920 317 396 1864 3909 2385 5858 2517 7141 5827 6564 8355 3819 2436 2784 9274 4360 5834 1675 4566 1677 4466 5513 5499 1732 1111 8260 3679 9911 8086 6394 1541 9213 9270 4809 9177 3803 8736 8137 3600
3612 991 6701 2801 8419 740 1168 5938 2283 5305 3627 5548 4019 4076 2426 1247 5828 4569 7178 8043 2327 6403 5674 6207 7515 7699 4741 6213 4354 5586 1551 6903 9054 1544 1561 2356 9351 5299 6856 5673 6413 8738 6959 9072 2726 3578 1137 2899 1654 8298 8881 8814 1717 5661 9397 9936 6539 1500 5485 5920 0 2854 3012 9892 3793 7971 3535 1807 3847 7595 7881 9066 441 3965 2990 8422 1055 7606 9643 1646 6569 9363 9157 1166 8654 9670 4357 7173 5268 6850 425 4385 3343 7990 3209 3984 307 3512 4185 2852
245 7070 422 7854 2524 8126 4191 7071 8321 3885 8100 7897 8592 7856 6025 5072 3601 681 6507 4043 1728 5010 1484 2273 982 1863 4877 3441 5363 4488 582 8883 6574 2586 2143 4542 2337 3575 1808 4439 9438 9191 193 1076 8765 2210 1846 2923 1781 658 2864 3733 920 7501 1815 1516 3254 9730 617 317 2854 0 3494 7858 5739 4018 4047 7300 2457 7881 3018 8495 724 1156 6647 3793 8880 2987 6550 5309 7432 4504 4275 7155 1081 4159 3443 6044 3739 6166 7186 6344 410 8144 1771 9039 2752 5127 9561 2057
6243 9940 3170 4841 9518 1933 4342 9131 7130 2179 1233 448 52 3924 6176 1862 3688 8847 4779 7222 183 1245 6857 7817 2368 9903 3935 3532 2027 4615 4549 7698 3657 9957 1611 5461 2200 1442 1993 5028 2634 3168 8151 1780 7124 735 4855 3447 4198 3375 6392 6288 7588 3735 1896 9065 1004 1040 2556 396 3012 3494 0 8689 6328 5042 8305 9447 2850 7412 3384 7350 9612 2442 752 9592 5918 8860 2392 4083 1530 1370 9616 717 9040 5438 7174 2456 2717 8554 2279 4191 5400 4178 3396 5982 9471 5473 5761 2570
8099 8384 9712 1878 7832 7128 5713 7506 7242 9443 2397 2130 7407 5534 7000 4937 6214 1037 733 5726 5078 6590 1342 25 2838 8180 5306 6309 7136 3137 8056 2469 4361 5995 1198 8635 3053 4566 8864 1886 1750 5481 2812 4614 7295 8251 151 1614 1455 7903 8324 7287 2324 6736 7454 4220 706 3093 1426 1864 9892 7858 8689 0 6629 6811 2506 5712 5074 3288 1128 7300 9707 7182 2186 9865 282 6418 2910 8112 3781 3998 9447 1910 7902 3362 9521 5628 4930 5202 5196 7990 1311 6045 2682 9287 2661 1980 5963 4191
8611 8673 4713 3030 7018 7284 4434 2891 8675 5159 2712 2018 8449 1313 6166 1055 1328 8916 2922 2636 7307 7362 8934 3284 782 20 5782 1844 6561 6002 454 1978 9040 6221 962 6884 7692 4651 3094 9029 7563 8490 6340 6971 6106 463 3903 6866 2763 5052 4044 8086 8761 5426 9351 5106 9417 3107 5424 3909 3793 5739 6328 6629 0 7801 987 9197 2937 5360 6903 1324 3413 5798 5060 7224 63 6451 4429 7321 4450 1312 6690 2952 7144 4320 9248 7585 1546 7094 5987 7181 5646 1919 7729 7145 2304 5073 5799 8983
2591 4980 500 8327 9147 4377 8236 1086 6870 5913 695 1061 2362 8166 8543 4054 5289 2787 742 6470 7349 2993 8766 1438 7177 7527 5237 368 1810 2368 6115 6714 9210 1952 6094 5904 4136 3098 4703 8749 8479 5251 5859 399 8250 7599 8767 619 9946 903 9358 7117 7585 125 7001 4671 3914 6278 1889 2385 7971 4018 5042 6811 7801 0 4526 2227 8255 22 2547 5187 9868 5086 1570 173 5172 8793 3100 1449 8286 7369 423 8973 4875 257 4346 35 3011 1933 1182 6335 2653 7921 6177 6580 5382 3277 723 7004
3397 1510 6190 3756 9124 7706 3032 130 5438 1651 8193 7343 5704 657 9269 959 7154 7153 1766 9749 6516 9944 4048 9629 7385 4973 5528 405 6814 1867 563 4959 9407 5699 1094 8044 3082 9827 5135 3389 6671 4127 1681 2086 4443 9943 244 4535 8940 6726 7258 4894 7867 2491 9437 7528 9032 7310 5918 5858 3535 4047 8305 2506 987 4526 0 5277 7192 3909 7648 1750 8498 5747 7350 2835 8176 5970 337 3069 1770 7334 8549 316 5319 4128 6398 3256 2634 8617 7975 4071 1922 8509 9387 7325 9334 5348 4612 5443
3333 6578 1706 5426 5293 7331 7873 1474 7401 4126 5172 2967 9245 749 7920 6083 2745 9361 4306 2803 7650 4627 9424 7616 7473 6455 5021 1303 9202 3182 9050 7977 1966 9585 5642 4304 2814 6428 1577 862 7695 6552 2122 6076 8704 969 9981 2009 7765 1617 5083 2294 788 409 6958 9 3123 1200 5776 2517 1807 7300 9447 5712 9197 2227 5277 0 9472 4247 4240 6656 6116 7226 7634 1152 9752 1455 3513 3997 7612 6656 7143 9454 2164 5147 2944 2630 7587 7751 5736 9634 8927 7024 4908 9742 8008 3247 5786 3359
3303 9414 2264 5294 5630 5574 6498 9202 2433 5204 7108 1004 6524 8924 1267 8863 7488 4947 1237 7336 8206 4925 4516 1172 951 3608 9272 7927 390 4445 1894 4517 3981 5215 9668 2864 8741 1075 4410 2386 4197 9284 6900 7459 6319 5189 3688 5306 6532 2209 1690 7597 5360 6384 5825 4045 8229 7767 5643 7141 3847 2457 2850 5074 2937 8255 7192 9472 0 2627 1518 9061 963 5735 8246 3856 3499 4724 9410 1014 954 3951 5384 4470 5616 3654 5450 880 2336 4064 2268 216 3900 7875 3989 8905 2018 992 7106 6817
5695 7568 1340 8292 6075 7912 68 6829 5131 8933 5391 9274 9938 7403 3376 5504 9903 3149 537 3477 150 4351 3111 6328 2086 8377 710 229 360 3332 4727 3038 8467 9381 2208 8494 2154 1377 5877 2356 6916 8151 8497 9946 5052 8929 7286 233 3298 144 7236 7709 7892 5952 6252 3198 739 241 108 5827 7595 7881 7412 3288 5360 22 3909 4247 2627 0 6963 2978 9563 1447 2795 5801 5022 4162 288 3650 6693 7897 8953 521 7301 6897 4893 8397 4189 5168 796 6273 4732 2334 8455 1634 4831 8197 2089 5047
3920 8474 3501 4191 6036 776 6825 5251 7821 3108 1075 1577 9831 244 98 49 6990 8764 4838 1797 8987 9329 7256 3986 494 5214 9660 4612 462 5522 6987 2693 8151 1099 9075 409 7265 8203 8539 9783 7404 528 7796 2129 5160 1433 7011 4515 9588 1953 6092 2930 2003 6833 8172 9337 244 8412 3268 6564 7881 3018 3384 1128 6903 2547 7648 4240 1518 6963 0 8783 2283 4528 2348 2331 4594 4694 2921 7309 9776 2169 7305 7876 9502 3924 8540 494 9825 7290 9137 7801 1341 3507 3296 8319 8826 6293 3254 4293
4039 1043 3419 2841 6241 4249 9304 527 6575 8601 8180 1416 5223 3507 2030 7022 1614 4649 5879 6145 7069 5471 4417 2567 8023 638 3406 3965 8288 8931 7473 819 2799 6410 3062 3714 9882 4152 4620 5501 7079 7983 2137 9978 7948 7014 8731 4902 9039 1670 2284 3092 1446 4907 8635 1554 6654 4093 6308 8355 9066 8495 7350 7300 1324 5187 1750 6656 9061 2978 8783 0 2498 8755 7155 6153 6767 1958 8179 5857 8345 1663 1918 3558 9817 1792 3000 9758 6696 6354 103 5835 2633 1439 8061 724 3178 6663 39 3660
575 1948 5670 1793 4524 8111 5861 6802 509 535 2665 133 9444 8955 9210 4588 5224 1040 7432 4532 8363 9621 4006 5295 7312 8696 6608 960 2752 1422 2243 9921 2793 5450 7897 2131 8838 3966 9743 8444 1736 6985 8353 5702 5007 7731 9580 5103 5619 2008 1485 5206 474 129 3709 6913 1962 2686 545 3819 441 724 9612 9707 3413 9868 8498 6116 963 9563 2283 2498 0 3662 309 3844 8409 432 9448 8683 8313 5298 4813 9654 2120 3106 4533 8472 2264 1160 8588 9580 8827 8916 7293 5385 8834 1571 3026 6119
5520 1206 7816 2261 1047 2775 7197 6859 6701 1107 9450 5984 3657 9336 6366 169 1968 1285 5992 3891 2458 2913 5913 56 2169 6674 2744 4169 1629 4909 1086 1087 7375 4849 4257 7280 7483 9106 7856 7666 9161 983 3453 9759 5460 9907 7775 8143 3370 6168 4474 6623 9301 9238 469 457 3213 880 7101 2436 3965 1156 2442 7182 5798 5086 5747 7226 5735 1447 4528 8755 3662 0 7510 6341 1058 6424 9786 7812 1496 4026 5243 6226 7598 1463 3270 8720 5918 9356 8035 7420 9220 2655 901 8043 5710 8194 424 8905
506 8360 6679 5857 5036 6220 146 4791 8238 6310 1633 3006 9544 8748 4397 8360 5237 8189 4321 6387 2669 3936 6678 9169 1330 2656 7855 9230 6216 2200 6164 2392 6287 5063 9977 1418 9465 6741 3627 3058 6223 8148 3093 8867 9440 7658 6606 6078 9085 8052 8668 2879 9683 717 2021 2766 5793 4200 837 2784 2990 6647 752 2186 5060 1570 7350 7634 8246 2795 2348 7155 309 7510 0 4858 3249 6003 5497 3847 7082 7620 5423 8243 5176 7528 8583 2040 487 8307 7472 2310 2980 6503 8015 2397 1007 8286 7915 4473
7648 9735 6927 9059 5063 968 6809 8296 9322 58 1373 238 4607 6679 8904 6125 2977 6613 7767 5131 3822 3896 7882 3249 5239 811 9683 1911 7405 6522 1403 9875 6068 1848 1219 6833 2290 9529 7862 9537 8849 7217 2649 9163 962 2436 196 2173 3856 8373 457 6769 3978 8274 3189 948 162 473 8845 9274 8422 3793 9592 9865 7224 173 2835 1152 3856 5801 2331 6153 3844 6341 4858 0 872 6226 1467 6937 1755 4972 5922 3779 7538 4495 468 5675 7253 1043 5538 5510 2725 1009 73 139 7483 8244 4857 3326
595 9541 7992 1913 9325 3749 9508 940 9712 2765 9426 7405 9998 2995 3123 2693 2575 1911 3011 7688 2822 4766 6431 1064 7383 1611 8898 7944 2440 3866 2640 3350 5445 4962 4580 1935 6058 3835 61 389 8709 6336 3220 3342 7662 6619 7326 5166 8014 9118 7382 4002 2167 9829 1428 5055 7844 6071 1869 4360 1055 8880 5918 282 63 5172 8176 9752 3499 5022 4594 6767 8409 1058 3249 872 0 9144 4556 2786 1922 6571 1269 4658 220 1764 9173 3198 2676 6499 4960 1082 5750 5724 7993 13 3303 3630 2376 302
2216 6420 2198 3705 2441 2279 2959 6641 6779 665 9231 4585 2741 1017 5750 7017 6928 5930 5859 8293 6176 2330 2013 3020 9153 9929 4918 6907 2495 7863 1676 4992 4960 5478 7495 47 2214 5512 365 555 8438 9125 2310 8846 5005 7185 8077 3214 6836 8307 1459 6161 7016 3413 9171 2790 6085 6055 106 5834 7606 2987 8860 6418 6451 8793 5970 1455 4724 4162 4694 1958 432 6424 6003 6226 9144 0 8576 2698 2494 272 6161 2443 6887 8754 7518 4129 3877 6369 6584 3290 2537 7395 4304 9298 1862 8274 9016 9729
8057 3706 4481 6742 3765 6276 1444 57 5407 8006 5480 131 1437 2925 7398 7705 8955 5549 3305 8538 2939 2568 9746 879 471 1327 3175 4637 8562 2387 7603 1048 1342 3323 1202 3441 9407 1980 3885 1846 1806 5887 5575 5526 7847 6438 9838 5579 9754 180 5352 6107 5057 94 1354 7559 3292 2052 8104 1675 9643 6550 2392 2910 4429 3100 337 3513 9410 288 2921 8179 9448 9786 5497 1467 4556 8576 0 7162 2879 3796 1463 1508 4738 6029 3629 946 7168 5401 2967 8264 6501 8017 7017 3352 3418 6180 2327 1826
1584 7420 5635 1473 4125 8753 3243 2518 741 2171 4088 9335 5091 3555 5777 5786 259 2437 1239 861 8365 4230 99 7792 6872 4382 2226 9476 6397 4340 6669 153 3331 5219 3605 6253 9869 6631 8199 569 6202 499 9889 251 8431 3611 5127 4271 3628 8981 5397 6387 4747 3735 918 6692 1974 5181 7632 4566 1646 5309 4083 8112 7321 1449 3069 3997 1014 3650 7309 5857 8683 7812 3847 6937 2786 2698 7162 0 5384 1952 1128 7899 3154 294 5342 4745 4708 1617 4748 5771 8095 8591 3278 3653 1975 5428 1547 8785
3891 7723 767 2721 5774 1040 2327 572 4279 3916 7008 2704 742 9397 7687 1521 7342 1797 2979 686 6572 6212 1509 1358 5471 9845 5368 4245 1390 2577 4011 1480 3325 1833 6860 5924 2886 4723 1171 3632 9867 7463 7620 8247 7465 2214 3425 4130 777 7688 4489 6713 1502 5087 8381 9987 4821 5684 3583 1677 6569 7432 1530 3781 4450 8286 1770 7612 954 6693 9776 8345 8313 1496 7082 1755 1922 2494 2879 5384 0 5879 5339 8213 9842 6407 8571 6772 4093 4110 1832 2457 699 2969 1762 1 470 7127 6267 2660
6682 5194 2514 4912 8816 6639 9631 8978 6281 7866 1617 9603 4942 7457 2639 7150 8187 5346 5764 5130 4658 7100 5190 8587 6822 4581 4234 7328 7454 6371 7055 5106 3389 6070 2451 6124 6776 3589 7422 3226 9874 7373 2013 9077 4538 5002 701 7652 1509 8359 9084 2002 2990 5832 2342 1558 5758 2063 7674 4466 9363 4504 1370 3998 1312 7369 7334 6656 3951 7897 2169 1663 5298 4026 7620 4972 6571 272 3796 1952 5879 0 634 5712 5078 1973 8239 7193 8984 3306 4076 8887 2724 1370 3418 1804 8462 3151 1448 6718
