300
0 7351 2659 4814 1902 8390 6129 3905 9992 8203 7367 1902 110 9742 4365 2596 9694 8127 9129 423 7880 5024 5620 9703 8996 4320 1729 4928 5429 8305 6597 8716 1101 7536 9153 2964 2037 518 4093 9493 942 7030 9310 2489 3234 9231 3445 3049 4751 1544 8677 2018 3543 4238 5568 5108 5424 2087 4917 1100 922 5140 4585 2752 2752 9054 3805 4122 7886 1797 9706 4907 1037 2835 8614 633 7078 5734 1209 7251 6891 4059 5026 1993 6621 2614 4357 4769 2165 4503 2431 3016 6077 9719 7227 4567 2124 5234 8190 6618 3249 5797 9300 6601 4292 3359 5984 1448 2533 9808 6275 1623 8025 7882 5833 3961 8609 6750 1006 5369 5030 1278 8874 5539 4220 2176 8598 5971 1259 2234 6555 4170 4825 875 4154 9225 5886 2636 1348 5397 8057 8722 3910 1451 4967 3719 1561 1809 5390 6638 3954 5547 2501 2389 8374 4397 8169 4185 8761 4474 775 8021 6382 1481 3805 6125 1240 9844 6808 7416 7607 1868 2367 8331 91 4218 8108 7582 2793 5356 9322 1140 6284 6735 7146 7575 5532 4845 7777 7650 4709 2909 2603 2990 3436 338 9553 5587 2532 1836 9235 9971 4378 5453 5646 358 6485 3287 9086 9949 9287 2321 111 1743 1665 7722 4775 9562 4000 3940 9506 4891 6584 4232 7413 3291 7034 7800 9295 2366 5877 5612 3267 7651 2351 1824 6833 5756 6358 4070 4737 7125 1182 4865 3788 2856 4961 9089 5979 5005 2736 6391 1184 1847 8613 2428 6594 4336 9270 8596 4358 491 6238 2009 6415 8949 9291 7148 1499 8835 5668 5435 4812 5769 8489 17 8322 5531 2970 4598 7539 5353 1194 1034 2501 6461 3463 9912 6473 5763 394 4093 7336 7328 859 629 3280 6446 3403 6248
7351 0 5051 9784 8972 1854 5171 5068 556 239 3543 9154 6185 5892 8308 7028 6317 3855 702 1521 5812 8309 9060 5938 6059 5905 5618 8894 2014 9995 2603 2941 3506 8699 903 4138 3415 6280 6301 1504 9357 2247 5924 8978 5026 2655 4756 4161 5987 710 4652 7331 5489 4971 784 2140 2333 4517 9142 1201 9144 6714 576 2396 9266 7918 8720 9435 4916 3558 6222 6228 1367 4185 9035 1565 735 5287 2738 1577 2566 3755 3771 322 5096 2490 2498 4599 5886 10000 6848 1726 1874 3297 433 9383 3789 4335 4023 288 3782 173 8270 4225 7188 6232 1338 7029 4347 3995 7667 3288 2995 2500 8493 1310 8658 1466 5261 1004 2947 8741 4273 2789 6024 1497 5296 8206 5286 9271 1893 9716 7362 1136 87 5914 1338 5970 5277 5651 1276 3457 7128 3231 5454 9197 1625 2497 9814 3472 3261 8888 9461 1175 6588 4457 6521 7283 3677 9210 6413 6174 8734 6321 3071 4239 9337 5646 5307 1745 7933 5240 4364 3745 229 7296 6899 8879 1812 2355 4940 981 217 1367 9860 1416 1059 9815 8023 4038 4444 3262 6204 796 3775 8066 2735 625 3308 3395 3399 3087 735 2759 1177 7680 644 1013 2329 2892 3616 8158 9097 252 5461 9347 2571 6430 1582 2684 5323 1210 1116 7502 917 830 9576 3583 6139 5988 7243 2410 6536 8901 4441 2893 3044 3058 9032 9317 7560 2523 6513 1111 5349 3642 9849 2222 7483 4307 8253 9659 5704 3762 9950 5775 9407 847 221 8580 5624 1314 3030 7449 932 5034 1010 3287 6923 2554 2625 5919 5100 6287 7115 8783 9065 7277 8279 2703 2339 4094 4895 2151 6905 1972 6576 4577 4914 6241 6832 4132 5164 9994 4016 2941 2393 1108 3451 8244
2659 5051 0 3478 1303 8536 2829 2055 9618 5270 3096 5293 414 8619 1180 8256 791 7136 5605 8749 6791 9627 2584 8963 1257 5576 111 6814 2396 5899 362 2319 6590 4850 4989 5908 9742 6021 2604 7469 6454 2971 76 516 9155 699 841 402 8124 1910 7228 9150 5743 6922 9429 1483 3709 2257 1936 9964 3098 7119 7910 8786 7827 1105 5986 8912 8919 6587 2037 9069 7229 2371 4052 2049 5248 943 859 4786 8177 7196 6950 9844 1079 8161 4287 1937 8967 9814 6425 7546 203 8181 7370 9109 7060 3346 7945 7802 3202 5256 4244 341 5934 2805 3786 9044 7297 9281 6941 7207 9317 941 8959 3020 5900 1906 6148 1956 4089 2930 8706 107 9208 2580 3811 5376 8407 1059 2585 1020 3126 6796 4823 8014 6469 154 4657 9015 4111 9823 5836 8681 6727 3204 6847 2781 5554 963 6495 3039 939 8944 3489 9253 2287 5323 7107 8747 835 7347 5990 7905 6687 6530 8611 3756 4782 4764 4782 2285 2637 6387 5281 5098 1899 1923 731 2880 7488 7631 2691 4908 6542 821 1061 3458 191 2553 2238 4859 8052 994 285 9867 7390 2657 2044 8279 3873 6016 1369 9860 9349 5917 8638 9547 9776 2071 3680 8180 7573 9992 200 4950 5866 4260 9896 4454 5243 8248 1002 5562 8540 4785 6842 4091 2343 8600 5477 425 3360 9746 9434 1208 6203 5624 6672 8230 3676 3523 6881 5746 3914 6717 5572 7486 6441 4818 362 3017 9411 370 7421 6300 1519 4058 9030 1550 6043 1436 3915 9488 3585 6418 1905 8416 8397 3072 3746 9881 4729 3229 4807 6276 5212 5979 9494 4395 993 3868 9012 1035 9630 5782 9219 8236 802 165 1066 9278 9044 8727 9603 4935 8114 2145 4425 2717
4814 9784 3478 0 5496 7315 263 1825 164 5909 414 9241 604 6557 7214 9224 5515 9857 3501 1049 5721 7828 8893 5476 5153 2006 1543 2867 192 9649 4573 7833 3418 7498 5157 4771 9404 7600 2634 8660 8982 8082 2076 8510 9537 7431 2593 6916 6468 7358 5517 4134 884 5019 8832 7216 509 5765 1105 468 1290 4636 8027 6755 1 1786 4196 3328 1273 1607 6465 7262 2689 5706 5174 7066 1332 2003 3790 3066 9415 2288 574 9407 5257 1160 6365 5334 6782 7307 5823 1542 7654 9273 9239 2922 1471 2814 196 1532 9241 2323 4235 9337 3059 1928 9943 1617 8361 3404 7011 4808 4154 4708 3046 6450 2907 6489 7659 1004 3032 300 8833 519 2508 7963 3550 2588 8747 3939 9683 6620 9268 3485 3065 565 2671 5942 7035 2490 6019 7525 1718 9567 8509 8671 4878 4563 9885 3023 5347 7337 4785 8289 1684 4981 9894 4465 4126 349 8081 2858 1600 2806 1277 5022 2776 3686 1455 7218 8251 2468 8702 8980 5280 5085 1760 2299 4 1584 6845 3889 9709 5857 980 8831 4687 7917 4833 2322 5565 4364 7651 3518 4403 6244 7129 6698 9418 9085 3165 1291 6776 7012 9312 6013 1634 6687 4205 1035 9316 4322 8753 7350 2540 7722 5952 6476 2748 9275 4726 5681 2238 3454 3241 2495 8004 1455 4540 3714 67 1589 7653 8063 9536 5158 2589 140 2589 853 1950 3724 4048 42 8831 7682 7205 9729 6780 8704 4261 5349 3375 5334 3349 2853 5007 3501 1086 1232 8824 2877 5366 2387 5646 5618 8981 6563 3954 3483 5280 9457 1916 2402 7181 988 585 8842 7167 4292 1399 8561 5690 3540 9388 7331 8288 5784 8848 461 1140 1765 8801 4451 704 980 3196 4873 7607 6444
1902 8972 1303 5496 0 2234 3029 1907 4324 5754 1586 7202 1210 2689 134 5525 1007 2575 5118 8191 3936 1189 1560 5551 5303 6422 7415 9742 7632 5158 3771 1441 9563 760 3441 5489 9554 689 9984 5410 636 3251 4095 1273 9053 3975 9155 6072 5010 120 8225 2639 4389 8308 9808 9514 4229 4268 8629 3410 9082 7113 27 7385 8165 9429 1544 7857 3652 2327 4746 2270 676 4367 4590 1977 6076 6319 2160 4865 7423 4975 2653 3452 8337 982 3950 1012 39 794 8063 6071 2338 2307 9909 1245 1274 3957 467 6467 5136 6327 3237 9961 881 9219 9952 3400 5247 6740 5162 7283 8493 2409 4095 2620 5776 7717 9135 3042 8150 3715 3826 1281 4901 9998 1833 6030 5875 4047 6893 506 5368 3085 1971 1877 5081 6986 8524 2564 665 3797 7012 5059 6219 5045 9416 8826 9756 3465 6156 1042 3657 9059 4208 7823 3012 4486 6512 206 7846 6270 6228 2726 8631 5299 6726 1466 8711 4412 5624 715 5567 8816 7736 7682 1183 1205 9737 9062 8564 7882 7501 914 3588 1472 9422 6239 6439 8511 4781 7874 4628 5592 9415 7270 2726 4771 7186 2549 3098 6478 6333 9298 8391 3586 885 9950 4066 1166 6585 8449 5974 6916 8096 2145 3145 5334 3363 5530 8993 9504 6395 9741 1589 1300 9468 4893 9614 4292 1940 3002 7598 8142 7171 9564 4353 7873 3249 4238 5023 4941 5848 2163 818 2989 6979 3095 2253 2297 3171 6772 5963 4226 162 2219 4001 9135 1446 9960 2251 5728 5656 5463 7608 2030 3270 3510 3071 4714 9613 7986 8825 7479 3600 8588 9383 3091 1886 7424 7963 8368 9103 4710 463 4265 717 7095 7998 3043 8498 328 7255 2874 901 1338 7967 5733 796 2040
8390 1854 8536 7315 2234 0 2659 7648 7079 8628 8900 2606 4556 9598 9689 2642 8019 5025 3198 2982 5225 9060 1822 837 3347 427 4399 5450 2834 258 8650 8686 1162 5954 7040 7765 5568 5047 4003 1644 9231 6945 3550 8903 5594 9141 7095 5645 7318 9143 6282 3809 9405 8018 5397 7423 1845 7483 5130 4508 9040 7038 6881 8914 4805 9334 8434 3068 694 4751 3577 8832 2332 9638 7603 2415 8603 1349 9095 3228 2058 8317 5142 7933 4333 5544 590 9123 6618 3241 4484 571 6297 4929 2998 6663 1015 2847 8979 4721 2381 2034 3148 1940 902 6588 5271 1766 1649 2604 351 177 7924 117 2068 3546 5190 6831 4470 4657 9049 6715 8740 5827 5864 123 8446 6422 6674 8373 6304 3592 1933 9995 3679 4807 8947 4881 4608 7471 6126 1048 2440 945 1365 5761 3052 5272 3546 8678 9085 202 7330 4115 1907 4479 10000 6858 4871 6612 2617 2998 7510 9630 4865 5059 9581 4492 3729 1553 3293 3081 8584 4462 845 7646 7951 7557 1794 175 8722 5092 6417 5694 6061 7908 5214 9452 1908 4819 1533 8652 2053 895 1662 5764 2662 5010 3642 1820 6257 7984 3290 8362 5444 222 9577 6210 2735 6237 8934 6222 1255 8630 8368 5375 4868 1478 103 1555 7970 7749 6599 9291 8775 7037 1826 6789 9005 1173 8593 6454 551 3175 8322 3272 5902 5226 8442 1264 6003 7388 6721 6398 3113 556 726 2927 1840 6474 6388 8463 6328 2350 7825 2915 4243 5258 4214 4873 4027 3142 5387 6258 6404 6455 3595 1605 6383 8097 3309 3856 6815 8011 6037 1243 159 2870 4399 6656 8550 3989 2134 2007 4201 9081 9516 2956 6031 8869 9524 2862 3150 9668 1612 5802 1083 3733 8905 5105
6129 5171 2829 263 3029 2659 0 575 2722 1765 1119 5841 4912 3191 2799 6073 2170 2283 5444 2614 4802 1466 405 4664 6361 2347 5891 5759 7427 2148 9475 7257 5327 1252 1844 6848 4081 176 4485 2828 4336 9976 5782 203 1723 9377 4514 5652 5437 8857 2825 6824 1730 6594 4372 9315 4677 4316 5608 2560 9471 1916 9706 12 1495 1997 462 9426 8934 5023 9121 1057 6044 1851 9651 4450 4987 4412 5382 1518 9305 1768 6160 1217 4445 6347 8609 334 4169 2916 506 3456 40 4348 9683 6235 489 7700 7500 5413 2906 4565 2396 4345 7175 1134 3350 8025 8271 9455 3301 9212 3005 1729 7889 6409 4893 2889 6014 5519 9675 8381 3580 817 7210 3880 4787 3943 510 9393 9618 6756 9075 2477 9790 3301 690 2183 5753 124 183 4477 7384 7570 4373 2102 635 6343 5197 4043 9632 5691 8130 1838 4140 4642 7894 8321 8978 2461 4660 6783 5443 6329 1765 7491 7933 9698 7611 7057 5021 2304 7270 5972 4253 3793 4865 5854 3406 2263 5279 1792 3639 9103 6933 3147 4273 3306 8350 2056 2390 302 8657 8815 4317 3252 8492 4319 1555 5967 3764 2297 6380 4441 8411 1898 4578 3077 1062 5530 2637 8239 2557 7330 7519 8944 9454 4877 3227 573 4717 3631 9858 8561 4893 7849 2260 5323 3237 1767 7318 9192 3893 1529 1721 1200 5020 7266 9165 6011 1357 8884 6886 5761 7487 3770 8244 9902 4426 1522 5298 8333 3344 8254 9767 3837 1961 263 4269 2140 4265 4849 2449 9675 1198 3671 254 8168 8001 511 115 1232 2219 2973 7656 1476 9265 3511 9319 4036 2200 9899 808 4532 1729 1336 2500 7014 1186 1376 6514 9868 5578 7688 2761 1651 7389 7775 4754 9033
3905 5068 2055 1825 1907 7648 575 0 9992 4409 2607 8982 1778 2954 7681 3051 626 9233 7444 9880 542 9237 654 1418 6084 92 2810 3099 4118 5416 6930 3011 5578 282 4657 5301 7315 747 581 2584 1635 1188 1955 798 9835 8544 8249 9264 5878 9615 2301 8436 4541 912 9430 7934 9822 5364 828 7016 540 649 8115 481 7726 4148 4900 6643 1537 6490 5418 3564 7565 4014 4450 5854 1548 9332 8723 824 6692 8764 4086 7963 4082 1581 3681 3368 4256 365 2136 8565 7116 5061 7538 3776 949 169 2867 4678 6678 2424 2844 717 6633 1862 9271 6371 2519 736 4165 4245 4467 3534 497 5961 9992 1143 5323 1727 3759 3343 4317 220 9180 7042 2618 2146 9066 2926 3759 1417 2623 3414 5301 4459 9794 2893 1139 2377 1229 1256 5763 1540 162 229 1689 8474 5433 2953 485 6387 3673 5510 3824 1359 5699 1621 6249 3798 28 9549 6228 1503 8994 299 9110 613 9587 6364 3662 8167 7293 1438 3149 3068 9451 1444 9510 1278 1715 4050 1423 7503 299 8632 2368 2021 9543 7608 1005 7686 8425 3318 3079 3429 9474 9089 7167 119 9389 2356 3802 1168 7102 4919 7083 4528 5613 2515 3634 2575 7708 3416 515 6581 9399 7837 1173 8041 5805 7914 4464 2502 6838 5646 6589 9237 7418 3120 953 384 3449 4909 6949 8711 3085 9252 7918 7901 912 7257 450 7310 6761 4634 8224 6905 7664 450 8668 4718 7252 8844 8885 5290 1405 2760 3015 7537 9801 9276 1921 9467 4763 1379 3158 7757 6087 3299 2814 2852 5460 1059 9509 6249 1251 5852 3951 347 5472 1591 8840 7963 1213 3834 8770 8521 9642 5063 8500 3008 273 3572 1699 2783 7441 3171 1455 1822
9992 556 9618 164 4324 7079 2722 9992 0 9593 9316 5464 4951 263 6419 8718 2423 5645 5848 7855 1950 7864 7435 7837 850 5142 1029 854 3477 8680 8068 4211 5778 8922 3885 2294 6331 3544 5374 7062 8865 1784 2355 7774 8386 2797 4392 1440 6013 4330 5040 1618 5418 254 8026 457 7705 6391 2176 3445 5082 4998 1807 2537 9657 5478 3967 8503 709 9873 6649 6753 794 7165 4174 4347 5814 2558 4188 5376 8109 143 670 7189 4115 1654 6115 7281 2250 1418 8654 7606 8268 2254 9220 3410 5299 7855 2871 2103 5015 6777 6591 3546 1824 4080 9363 1365 2831 9536 882 1893 67 7498 3972 5958 5981 2392 3398 2554 3842 2612 7979 7583 6593 6397 5413 8695 8702 787 2303 7813 9643 7399 9355 8905 1455 7484 6345 4064 6914 1782 4795 178 6794 3546 6876 5516 3496 9620 2351 1221 902 2915 1369 3760 288 5352 9678 9414 1975 1818 404 4953 868 3521 2297 9577 5909 5924 4877 6683 1130 7866 7442 1463 5083 6380 5747 6837 7016 9022 7864 6845 2647 8186 1798 1421 7797 1329 2294 6823 7077 6037 1449 3981 3781 3476 260 4291 1779 9176 5515 1000 4636 9294 927 3727 745 3940 5157 437 1870 2476 1247 4132 9487 4985 263 6202 6557 752 7615 9410 2141 212 6846 7219 7126 99 6487 5028 1942 1458 1747 7548 9619 959 8467 951 6048 8450 3110 7204 7939 1655 95 3697 2432 2599 5430 8791 4461 2095 2740 6895 9786 1802 7696 9364 3050 8050 4595 3768 9895 8305 3156 1416 9488 9079 3013 5191 9883 992 1828 8085 3317 7056 3299 6447 4437 4177 6031 6026 970 5748 1702 3032 8427 9704 9938 9021 7716 4626 839 9759 1356 479 5731 8401
8203 239 5270 5909 5754 8628 1765 4409 9593 0 9510 7433 2597 5410 1219 7327 8285 7967 5253 9407 8709 9579 1619 9215 5904 1889 6433 6931 4658 2799 7028 1952 1377 4278 764 6754 3823 2273 7033 5029 1280 4771 4104 343 9577 8619 2911 8599 3757 6233 2428 4336 6375 2490 6427 9819 208 8570 5541 4837 6819 9242 4749 3753 9654 3430 2902 7467 8186 9832 4127 3671 3427 34 6131 2022 3136 1253 2925 826 4616 5441 2739 3869 4100 147 1424 6291 6414 969 9477 4684 9092 1909 8806 6978 8855 206 2841 24 4701 8608 1868 8106 6149 8512 3386 621 3508 2623 1755 7024 7174 2021 2562 794 4729 8715 2697 1581 7507 3515 6094 4491 3246 9446 6849 1910 8495 5944 3932 6610 9023 252 7826 8698 6906 2474 3878 954 2130 4491 4959 5160 2601 1748 797 5673 3036 9953 7657 1466 7164 766 4491 707 4842 7107 1109 8575 5106 3009 9135 551 6285 9318 4901 7761 5948 2033 2192 8688 5312 1984 4652 8733 3679 4608 2166 6163 2491 3221 8450 4237 8535 5936 308 702 8581 4440 412 5801 4686 5899 9491 7887 4364 5183 6503 4706 3569 144 4567 9909 3479 6890 3061 3443 196 5305 2348 226 1349 1884 1366 2658 8126 6490 2802 2511 9001 8616 853 701 240 8227 9880 3297 8696 9438 2271 826 2002 4516 8806 1272 4305 8570 7039 1710 9902 5571 4449 4987 5816 1960 1167 3832 1149 1193 1621 5114 6319 8414 8491 3558 1505 6914 1119 5692 7975 7367 2176 5163 8339 9595 4474 8753 5739 3854 5353 4535 1961 928 7022 8373 978 1768 8006 6879 8013 4930 9171 313 1178 237 3173 850 6976 1884 3400 4037 8737 4893 4845 8751 41 7428 6793 8698
7367 3543 3096 414 1586 8900 1119 2607 9316 9510 0 5462 8303 7787 7496 6816 3369 1480 4500 1293 9817 5299 7829 7704 4259 7218 933 9649 918 8087 5368 5028 8940 2782 9553 3059 3569 768 2925 1194 1352 5428 767 4327 8324 1079 8388 1858 7976 2622 7219 6930 484 4475 6470 8443 755 3602 4286 8570 3441 6419 427 8837 676 5336 5086 4974 8713 1117 829 9137 1031 3541 1136 4753 2609 8386 4088 4383 6577 3301 4440 2057 3541 3126 5777 1701 6096 5684 493 1105 366 9260 3649 3948 2101 5405 7330 3413 5079 8678 5518 5245 8904 3073 2517 1925 5058 1827 7971 1220 8933 304 1105 4128 904 7381 3434 8071 2096 9892 4039 5017 4974 7220 7617 2278 8126 9884 1214 4601 923 7870 7032 6441 9 2762 8142 262 9748 5059 7879 2518 681 5954 8185 4614 9642 8027 1022 4643 7804 3392 1690 5840 372 8998 3847 9233 9807 249 8083 484 4056 3353 7738 7679 2014 2080 3006 2647 6381 1532 3081 9458 3047 6854 3606 7372 5382 6059 8052 2003 4964 13 6758 3895 308 7868 9135 8771 4 4609 9603 4799 3305 1888 1880 1822 9412 4268 2035 3348 7099 3247 3819 6664 4615 6170 4269 104 2228 9141 9931 8137 4204 2931 8032 1089 7974 1870 5246 5489 7528 9462 7544 3664 8232 3615 8235 4112 5635 4401 441 3642 8409 7033 2662 765 3600 5037 4134 7592 1091 4363 265 3267 7288 2213 6540 3024 6710 2126 6830 6081 4898 3040 9959 848 4310 6801 7931 627 8171 8877 7935 6011 4439 957 582 7170 6760 717 6895 7255 7282 3820 2208 1137 3513 2370 3228 9177 6681 2853 6952 9855 1688 2038 7685 6803 376 8484 5705 2550 8881 8806 2144 7579
1902 9154 5293 9241 7202 2606 5841 8982 5464 7433 5462 0 8188 4803 6192 2292 2130 2338 6912 8501 9803 2573 8733 8021 9056 5108 8435 3071 4031 1808 8469 2008 6646 6422 7321 2151 5534 1655 8280 6431 1539 4302 4998 343 8000 998 3998 8514 6957 8440 8591 5614 2048 9971 2788 7445 1750 8831 8099 2784 3772 5932 270 5962 7601 124 1750 5506 5862 5029 6163 1288 6016 1450 3621 4881 4774 9731 8170 5695 2964 6411 3877 4800 7935 1757 1887 5823 2773 9740 1771 1674 289 3328 6209 3052 5690 3776 7001 4661 643 9648 1450 6667 1078 1546 7078 9304 5360 2468 1599 7822 7799 6266 4222 5434 9278 1959 6467 3424 6167 1463 4507 2994 8504 1595 9190 7642 7694 6241 6554 4681 1243 7825 1950 8076 8606 7528 1905 8283 7874 8762 2029 2928 4161 1969 4193 3713 6669 266 9461 2209 806 4589 6426 9783 9411 2134 1620 9424 2543 6706 6093 3357 1604 9809 7876 595 5136 7563 5572 1565 3902 5048 8500 5335 4152 986 6515 99 1112 2619 7785 3608 3579 3536 1793 3455 8715 8672 9002 2205 6016 9746 6912 1019 6311 7579 9755 772 6334 2867 9062 1116 6065 856 6605 3533 7028 2681 1267 3133 8495 5194 462 2115 6539 9252 7838 1588 2664 7363 9629 9706 5491 6154 9139 6062 3600 3031 6961 2540 9766 5435 4976 1643 7379 4566 567 1666 5111 8712 5479 7481 546 9884 5911 1412 1523 2770 8210 9668 4368 8593 9980 8609 3204 452 5452 1190 3776 1800 1996 6822 9540 1571 4232 4263 9295 5819 3216 756 160 4740 4610 8462 9394 4913 5579 9314 3670 9226 7963 8815 9577 4827 1026 5707 6503 7694 8161 1074 5843 3197 1856 9362 2398 2121 2548 6740
110 6185 414 604 1210 4556 4912 1778 4951 2597 8303 8188 0 2897 3684 5365 3430 2219 7569 3782 4275 3661 3352 2257 9757 132 4214 1355 5276 6405 9002 8386 3710 5324 209 2927 810 1107 2076 4864 705 3048 7394 1946 6412 420 3110 4978 2458 6327 2216 4049 1273 3239 6886 1245 1886 1863 7559 2374 8646 6814 5365 4188 7943 2287 5208 3158 5104 2672 2278 1905 4626 7934 8116 9974 5969 5867 1527 3328 2695 4360 30 5185 3769 2776 613 5838 7383 5262 1355 1966 3483 4492 4011 9484 5343 6766 9794 316 9899 8129 488 6742 6657 7137 4632 489 5324 3949 2043 9160 4483 9266 2735 1604 4422 1557 933 2859 8807 1575 6973 7736 7477 5545 27 9458 4168 7739 4584 2054 9970 9426 217 5506 6960 4812 9569 1205 1187 6511 7813 3949 3267 8685 6811 4889 5956 5995 4719 5091 9405 2713 3473 8033 1154 2725 1748 6870 7475 8120 4184 7850 1779 8304 4634 1198 2486 7768 3241 5296 6985 5669 7879 9506 7668 5627 2623 7906 2494 656 4310 4572 3773 4802 2296 6959 7285 4130 990 3242 4326 2325 6830 2904 7275 9706 4421 6342 2903 4016 6663 2438 3783 6175 5104 4631 2926 7995 2825 3304 2334 4563 7556 6059 4912 2693 922 9494 8591 6875 4513 4760 7834 854 8464 6388 9536 9220 5363 9343 3890 2021 1106 2045 6637 9488 9724 4841 6174 9660 2716 2114 4182 7550 4969 7360 2453 216 2463 5995 6577 7912 2408 2344 2551 6770 738 7284 4004 2864 3078 6238 1884 7204 7633 2913 8252 549 5135 106 153 4030 9228 5717 5482 8116 5607 2136 2500 13 9587 8050 1357 2581 8128 4238 5403 2250 9692 428 8751 8559 2894 7833 6050 5561 6077 1779
9742 5892 8619 6557 2689 9598 3191 2954 263 5410 7787 4803 2897 0 4116 9395 5447 9994 1943 9581 9347 8264 7958 9979 4729 8404 6178 1779 2973 1732 45 1408 8507 3153 3486 1325 643 7495 9699 2083 93 875 5393 2278 6026 9644 4345 3109 1908 9964 3184 7954 2100 9035 9771 8620 4991 9281 1632 7085 5488 5918 5451 4413 6752 8948 4569 9331 3157 7113 6099 7032 9249 2020 5320 7739 1091 8265 6192 5570 1592 5594 3418 4754 5222 6864 7169 6508 8775 9413 3931 2600 5050 2294 6110 4569 2630 163 6537 1691 3600 1251 8207 4644 2949 6413 1092 4780 5601 7917 1194 1030 9809 9158 5549 6688 1145 6084 2735 3171 9932 2923 3077 7705 3343 8534 6022 4865 1430 9464 1704 8701 399 6197 1617 9913 4293 895 5006 5557 1143 3224 7915 7519 3104 6111 4047 2693 7189 7703 153 6313 6957 7475 1861 7139 4731 327 9611 9239 7262 886 3840 6845 5031 5697 9748 6944 4448 1789 5996 7994 256 7025 7046 1314 611 3528 7091 5556 7601 5089 4622 689 8234 7937 5241 4550 6706 3184 6446 2029 5619 3142 1468 9837 3448 8035 7662 8294 4401 8464 8495 4185 6762 3252 3360 2647 5076 8172 1420 2072 4557 5152 3666 4295 4380 1101 4362 4233 4072 6116 5033 4939 3112 9504 2862 2429 1159 3339 9730 6012 1889 702 935 7084 2764 9585 1142 1166 4516 683 899 7336 3470 9681 2248 1244 1197 3909 8015 6748 6081 4699 8450 7263 2491 3507 3791 911 2931 9396 4803 6505 6077 8255 7815 5682 1316 1324 3812 9533 469 7348 443 8670 9643 1865 3012 7577 5657 7011 9465 358 3787 9519 1836 9204 6012 1313 9909 3187 6783 7324 7113 2682 3329 5819 6040 1963
4365 8308 1180 7214 134 9689 2799 7681 6419 1219 7496 6192 3684 4116 0 6172 9369 4695 4971 7678 8297 509 3392 3720 5148 2073 2401 2759 4895 2908 1726 6219 697 6626 9060 2107 55 175 9208 664 7254 9331 4420 9802 5063 2471 6836 9132 6877 7806 337 7984 6242 3558 1537 3158 4177 9498 3275 4545 109 3419 2867 6854 7791 9127 6973 9965 9220 2864 409 2854 4534 2422 951 9717 2456 7366 2954 8284 5406 4110 7464 1373 6520 4203 3610 725 3955 1621 5841 8611 9064 718 6743 4971 7257 9955 381 9271 6772 1054 7615 6720 2428 2214 3630 5662 2178 3693 3553 5359 6634 1261 5322 8553 4583 4807 3146 7430 8641 2896 200 1031 1438 1485 1619 805 2739 1754 9314 5409 7029 8080 944 2801 1858 1282 4528 7496 5901 2713 2006 4769 2467 6868 6353 296 7711 5655 2379 3753 3655 5291 350 9109 7331 9252 5 7759 3150 5473 5039 9656 7802 140 6639 9918 7110 7630 3492 6747 7692 3479 7688 9854 8202 4097 7457 911 2915 130 2998 540 6691 8593 8112 5178 1355 6405 7567 9156 3226 2324 3742 1980 7786 9470 3863 4330 5887 8986 3833 1531 2790 1294 9906 632 8036 2556 2329 4129 6226 4953 7541 9157 2127 3707 8392 2365 3463 9414 9454 5536 4520 8613 1513 926 5354 2574 3335 864 1872 5251 9465 6000 2814 4058 2098 3342 3923 613 3711 687 9299 690 1784 7146 6277 9242 7892 6660 2876 1227 7412 618 537 9058 4564 156 713 5329 3524 9814 2815 4921 8686 3415 8929 5952 6204 7672 3936 7740 427 6206 1346 6402 2131 9961 4217 7229 9065 5025 5322 6650 3684 1133 7396 4173 9520 2162 9952 54 8682 6416 2809 6723 6863 76
2596 7028 8256 9224 5525 2642 6073 3051 8718 7327 6816 2292 5365 9395 6172 0 9184 8307 1539 7162 5393 4823 2776 7443 7911 9444 2874 7964 1727 3888 7720 4844 9640 9844 603 7316 9762 3136 814 4034 8467 8040 4651 7662 8006 2105 3186 1593 923 733 9354 2511 5053 4009 4450 5169 5736 1189 552 9493 2139 2964 4683 3680 6763 4476 7555 6838 3611 9955 7730 6728 1856 194 5649 3251 9972 456 2688 8098 371 645 257 1105 7860 2572 5612 4523 8209 3534 6013 6971 1089 8392 4756 9931 7904 647 4466 67 7645 7996 9718 5437 4722 527 4592 7031 9188 8446 5913 9658 791 8117 9658 7568 6777 8343 4220 9649 1248 8321 4003 3779 4784 609 1670 9168 2053 5039 7745 8896 4741 2951 332 7265 7261 4453 745 571 9959 3756 447 813 4856 3184 1993 4142 6774 303 4508 7186 2722 4086 163 1463 4664 8619 335 2802 1750 78 7479 8242 1243 9040 3365 2560 6270 4504 1240 3381 3371 7244 1197 1619 960 6565 4848 2025 9946 6882 3891 5168 1187 610 4553 8829 7594 1221 935 2082 9764 6557 4156 3180 1310 5049 9589 9881 172 6901 9071 8523 246 184 8765 1462 9053 9389 8664 1247 305 6629 7401 5222 1760 2170 1293 4329 1653 3855 3070 7584 5168 2103 2439 97 8266 8723 1505 6961 7903 5521 6427 5418 6344 5043 6619 8374 8904 6276 6399 2883 4713 2767 4478 563 2236 8963 5942 7061 2483 97 4712 5618 3342 9614 354 5824 3935 3714 5392 709 3041 6824 9872 7099 3551 373 7239 1340 4530 2915 2154 5558 4184 2708 1638 5248 4343 5092 4788 153 3635 7536 4313 5101 4113 2903 5306 9888 6200 7484 483 2794 8529 3979 2130 234
9694 6317 791 5515 1007 8019 2170 626 2423 8285 3369 2130 3430 5447 9369 9184 0 176 5911 5164 526 1109 3006 726 8158 4367 4712 1438 5580 3975 7033 4402 9912 5701 5612 9201 8737 5737 141 2493 5720 7586 248 3986 9426 8567 538 1186 7135 2993 8426 2452 9845 3636 6973 3115 5669 5295 7589 3584 3267 6765 9547 4220 8771 3436 8559 4072 1069 4204 7916 461 1367 6447 4824 1354 9390 4520 8900 9688 8307 3612 9668 5149 4528 4018 7584 2889 8643 7222 5537 2083 8695 2423 5628 2707 3955 7088 5435 3204 311 9074 2337 6623 5349 1727 7180 7677 3205 8056 1578 7492 4857 3185 9709 8353 7147 2923 5721 1572 6782 8690 7986 8994 8072 1548 6788 6997 6621 746 3896 3489 9886 5038 5350 688 489 8068 7796 1565 9198 1672 4552 335 2851 8760 9983 9698 5417 8620 6763 4221 8095 9863 4161 9326 1958 6201 2760 1148 1502 485 2850 222 9126 5764 6879 5364 475 6887 9837 7195 7521 4510 6433 3770 1346 3326 5599 6095 7481 8005 7508 7128 1056 7964 455 2899 199 1401 2890 9239 1449 4201 9150 5293 4829 8556 7381 5896 7166 4883 7798 6865 9537 6735 1137 5985 8998 9838 4882 5755 8893 7717 4301 2241 8611 1983 504 7533 9851 348 413 3601 8458 5829 3070 1327 7127 1656 8482 1080 1294 4616 4568 6754 1007 7521 954 3268 5140 4433 9806 8853 9676 6821 8944 5512 3265 154 4357 9272 672 5232 2623 5674 9990 7972 2443 4138 3489 5881 6925 4508 7900 3418 6175 9075 8265 7591 6854 7382 1247 7853 679 603 4815 613 6062 8445 2041 4091 8262 2075 776 5750 9322 6411 6895 8444 8838 99 4139 5598 676 2478 5411 2812 6163 2346
8127 3855 7136 9857 2575 5025 2283 9233 5645 7967 1480 2338 2219 9994 4695 8307 176 0 6615 5960 4873 9715 9764 6754 7067 9160 6805 9012 7004 9345 2087 1664 4941 5453 5770 4230 5725 9334 4101 7537 9450 5173 3411 9116 761 7764 7508 5311 39 8312 7667 2985 7028 9391 9737 4372 5630 3424 8153 8905 8833 6480 6820 5241 928 3186 4845 8168 6828 9055 9666 8279 8685 8219 571 2781 9403 3642 9158 4339 7363 7449 2014 3702 870 9082 9887 659 4587 7285 6606 5201 1773 7116 4673 3761 4537 4430 7723 1378 7933 9032 9577 7779 1095 9293 5736 145 7203 3781 6146 3380 4944 5307 6477 5645 727 7172 922 873 8027 782 9260 4409 9000 5546 5153 6091 1821 6571 6535 7167 2474 3577 6720 4194 5627 2929 2862 6121 5854 5417 9706 8169 5968 5352 1977 5694 842 6316 1911 315 226 3397 1016 6230 4602 2241 6645 3282 4843 3758 7046 4776 897 2588 292 7314 3694 11 1626 5011 9678 3338 6107 5950 9347 1446 6470 8112 3890 9014 126 2351 4104 6998 931 7870 6347 9479 715 4070 9082 6141 3948 3999 3383 6577 3541 2331 1427 3266 2528 9884 1572 4289 2937 1330 5424 9482 5381 2533 419 6943 9820 6156 8586 9863 7968 6107 776 1508 53 2616 7527 7419 1646 6292 8337 7556 2018 6004 7116 8531 4908 9426 3411 439 1154 3153 7502 3117 1461 2143 6258 9764 5397 481 4893 9180 2392 6013 59 3846 1234 4343 2721 9177 4425 9581 4161 4531 7100 6538 7637 8292 2274 2334 149 3793 807 5369 5529 5930 7414 9714 4898 8708 8921 4088 243 8511 4783 75 4509 9344 140 3125 1603 9296 614 6913 2841 7632 2075 8791 3979 859 445 3099
9129 702 5605 3501 5118 3198 5444 7444 5848 5253 4500 6912 7569 1943 4971 1539 5911 6615 0 160 7227 1943 7392 9537 909 6363 4968 3806 9689 3286 4169 3258 9632 7361 494 7864 1394 3607 9026 2912 6351 3123 2524 3950 9601 906 5156 9805 2801 4509 1451 8114 9701 392 9443 804 9344 2322 5525 6614 4895 2092 4040 2179 9428 803 3519 1723 4869 7773 3350 2330 6969 9805 5752 3412 9437 3741 8390 5632 1911 6087 4748 9490 9919 4456 4484 4240 9814 5157 9316 8632 9603 6172 7064 5375 9826 7483 5975 1518 3718 1622 2476 2320 5 9702 8882 6468 3564 1917 5430 1657 7589 6931 5333 7798 4249 2924 6956 8406 4042 6779 3004 1075 1489 3154 3820 3491 8006 215 6238 9348 828 3156 8783 1020 5104 3351 6116 8077 7500 8028 5875 9340 3813 2739 2022 6798 777 6188 9579 2079 4822 7351 1210 857 9094 6308 2042 7915 3022 8244 7109 575 5797 5452 9748 8012 518 512 3128 931 6966 3137 6892 5645 835 320 9553 6350 3162 3372 7310 4152 2728 8481 8374 7927 2256 4346 171 1264 2062 7291 3409 7300 1472 1085 6674 5126 3647 8914 6420 3386 7401 2988 6375 7435 3542 2889 120 9077 9663 1132 7367 8142 3625 7121 2660 4556 5803 8552 2065 480 4280 2565 1537 7487 224 1979 3978 437 297 8312 2909 313 7765 2509 471 4253 269 7647 290 267 2323 3090 8932 5509 1914 7414 2908 3597 8182 9488 8632 7766 4852 5336 5094 3730 7201 3707 603 7124 6795 2935 9713 878 9438 9249 3273 8013 5343 9128 695 2893 5086 6530 7131 9904 9319 6032 5012 965 7149 8020 6849 9407 6420 8501 4133 9481 1615 5215 3441 5537 9526 513 5909 2486
423 1521 8749 1049 8191 2982 2614 9880 7855 9407 1293 8501 3782 9581 7678 7162 5164 5960 160 0 7527 9903 4213 9378 7855 9650 3532 5935 6806 4989 3048 7901 6317 5731 4126 8624 1711 7971 6573 7587 2341 8819 6100 892 3547 251 7783 9120 9737 5913 2691 8566 6458 4985 3583 3167 9384 4253 6780 7394 839 6417 2545 8230 6349 3546 3245 3555 3883 1423 8548 6488 8987 502 488 7168 9260 7145 5024 9399 9343 9140 5034 731 7924 4309 1247 6215 6187 6158 2166 3331 4047 9520 7451 6387 6358 9981 9321 8869 4283 6917 849 6682 153 1841 1263 3910 7163 301 5509 3236 461 562 986 4786 5820 8320 7453 9813 1205 4453 2595 579 859 2479 5319 5835 5819 7178 4012 9203 5267 5565 322 1091 1176 9028 8726 7041 4833 7821 8611 3763 9338 4113 678 4473 3303 9276 3845 1792 2075 9601 7674 5137 8574 8070 4533 3526 5531 8610 6469 8815 5978 7744 4000 4116 9957 5630 1603 9118 2823 2838 9808 5860 2728 5702 4736 6402 226 4625 8185 5713 2664 8930 7450 105 6882 6081 4893 4331 6325 7040 6789 4392 5323 9800 70 1253 2098 5844 1361 376 1366 9164 3410 9832 168 7975 3187 1347 5232 5355 6793 8389 6790 7484 4220 2367 2862 8429 7789 8846 3633 8024 8064 7348 702 4020 6725 6006 8149 9964 417 9136 6461 945 1039 683 3206 7846 9737 6690 4067 8827 1005 9392 6619 7697 9426 9331 1119 4808 1844 4972 4225 6903 9411 4885 4274 3940 8310 3813 4758 1961 8262 4575 8843 338 753 9091 6120 9095 275 479 3181 9253 597 9050 6808 3438 3569 7098 7819 5537 80 3530 7899 3567 1735 8694 4087 9947 3416 5450 9480 3962 7105 2805
7880 5812 6791 5721 3936 5225 4802 542 1950 8709 9817 9803 4275 9347 8297 5393 526 4873 7227 7527 0 537 3234 4134 7675 5974 972 6322 8883 7273 9378 7898 1395 9693 1628 1798 9563 4204 6885 2342 2847 8202 8842 812 7095 3301 2434 5381 5833 7118 4809 6789 1796 3532 1507 3145 5342 7144 4484 342 9268 4534 3670 9110 4718 6422 8369 2927 5350 2954 7784 5959 2483 4824 5370 7348 8114 5734 9930 9542 2987 6995 1897 7131 1320 8835 9146 252 8910 2278 6945 8876 572 13 2871 6745 3858 3098 9530 9241 6089 7842 2553 4108 7074 2499 1811 1924 3617 6589 1081 6597 1333 8937 5285 1805 2306 9530 2163 1063 179 1240 4975 3803 804 894 841 1742 141 3313 9144 3869 5127 1718 4086 748 6886 714 1257 3344 6496 312 917 8296 6987 9152 2152 3411 7658 8589 2766 4091 1583 8182 3760 5785 8512 8763 8666 728 9963 6376 3879 1874 8813 3120 6924 8462 2671 8944 3703 4836 2275 2958 9743 4544 6944 253 185 6377 6995 2465 4982 626 5402 6107 1443 6690 7947 8196 9324 2569 6462 3725 5659 7201 1902 5768 8292 8114 5534 8830 9410 215 2038 5632 1870 8006 5577 5610 3949 2430 2472 7551 6099 6037 1910 7364 2311 9802 9953 9962 9482 3623 9187 178 9424 630 1803 794 4833 717 5990 8844 3799 6818 7146 4856 9973 737 6300 8427 2196 1590 855 5894 5810 2067 1300 9624 4785 1557 7030 5007 3053 7442 5776 6864 8597 1980 798 6369 8004 9202 4788 9855 7509 7232 3607 363 1194 1656 7294 9039 4980 620 7613 4051 2839 4455 8290 8503 8335 4211 9368 4160 7307 4003 5931 2079 840 81 1685 6849 6812 8604 5079 8013 5488 7647
5024 8309 9627 7828 1189 9060 1466 9237 7864 9579 5299 2573 3661 8264 509 4823 1109 9715 1943 9903 537 0 5985 8401 9082 1198 895 6802 5837 1262 7865 7791 3779 4911 8202 6736 7167 8151 6142 7781 696 1924 5939 7993 3457 757 6255 9708 461 2704 9005 9853 5789 7904 4683 9644 7284 6958 1843 8385 7024 2029 6194 2728 4103 257 4685 5641 6429 10000 5036 6338 1179 7726 1204 8452 8174 7755 3958 8080 5445 9526 8582 4728 7658 6130 9609 6930 4172 6430 9191 7302 7623 7542 4209 9410 3490 5854 1228 4946 8122 7883 2039 6550 411 236 2594 2540 3938 6265 559 2446 2718 1280 8634 8529 2637 2883 7518 8596 1164 2258 2329 341 2321 486 1220 5401 1237 32 3398 4714 6991 2936 1935 7057 6016 7491 1619 8273 5242 3981 5285 7 921 9220 8596 1748 5798 3084 6722 6749 9710 3158 9649 8816 3618 8795 1592 8876 5383 1206 7608 804 7365 7265 5705 9522 7567 262 2397 1894 4090 7941 4490 6232 2089 7319 6255 1469 347 9133 6261 389 8456 7503 7906 6094 1849 1501 5368 8908 1779 8136 5859 8806 5955 400 8431 9000 7033 2765 9099 3412 1618 2126 2145 369 6158 2019 1735 8682 9619 9860 2151 9199 5510 3984 923 796 8573 1355 4800 5176 5581 9471 3773 7519 2988 3287 1158 3102 5616 278 2739 4889 3688 9449 5207 6825 2135 2485 5461 4430 8530 859 9060 626 8738 2720 3277 6572 3806 2022 1957 145 688 6713 7994 806 2745 995 6919 850 9895 2174 4938 572 2714 9917 321 7566 9866 4058 7367 171 494 4570 7360 4971 8159 2441 5777 3244 332 165 4581 7493 5516 4493 3691 7806 5744 2507 2186 3674 1961 9789 885 6351
5620 9060 2584 8893 1560 1822 405 654 7435 1619 7829 8733 3352 7958 3392 2776 3006 9764 7392 4213 3234 5985 0 8315 3012 8495 5340 1654 7552 4070 9485 7965 7686 7602 8760 5317 1951 2951 3049 7855 5088 779 8797 9996 2513 4506 1995 4491 5425 8381 5611 1204 7503 9822 1686 5863 2170 7313 8648 1906 9723 8557 1337 1878 7694 8729 5403 8051 2666 1970 8214 3549 6221 2068 2426 3238 3413 5103 7097 1834 6008 4920 3494 3722 5954 6424 8530 7757 9982 8742 6908 1996 749 9750 8081 5065 9578 8078 186 4326 7764 2367 5414 2730 3125 7890 2526 1408 4220 5100 6978 472 2012 7618 7226 6430 2405 5156 1004 8035 5882 4263 6089 6320 5891 5146 2748 9502 483 931 7620 8738 1064 752 9402 4913 8566 1237 9175 5477 7714 7042 8506 8565 4875 6743 5098 1290 2974 8860 948 6643 4866 5752 89 1865 3333 8264 6389 4343 1433 6558 140 519 9818 4638 4398 1904 3156 8321 9239 6878 509 7537 8084 7919 985 1408 2999 640 5377 7261 3331 2410 7187 1104 5161 7274 3504 7257 6624 276 9130 3844 7538 4002 5307 5475 8886 879 133 8656 7328 3580 3758 9483 7814 5620 9241 7500 2607 2666 2932 5990 200 1318 9593 2716 4591 2383 4685 7825 797 6408 7223 2428 5148 5610 2782 7256 6168 3862 3356 6799 6614 3030 6372 9724 9695 190 5099 8000 3654 467 9543 7758 1335 318 5219 1755 9223 6170 1882 5618 2668 9067 2531 2304 5044 4502 8211 8064 3034 3775 7866 2521 172 6617 1788 2738 1667 3216 9912 8337 5363 8502 4264 3766 9522 275 3654 6895 4535 2429 3663 7422 9180 2052 645 7840 7780 9414 3720 1861 7849 8921 8828 5924 2405 7650
9703 5938 8963 5476 5551 837 4664 1418 7837 9215 7704 8021 2257 9979 3720 7443 726 6754 9537 9378 4134 8401 8315 0 9472 7293 9720 8005 4753 7100 7489 4803 308 5478 1109 9318 120 6855 3804 5632 4779 7896 4593 8091 5377 3047 6212 5715 6830 7893 5939 4850 6 8121 2350 8079 3535 3992 6150 9543 2274 4798 2354 419 8414 4817 7440 3172 2355 2173 5542 1323 7827 1203 4967 6937 7874 292 7304 9275 6754 7737 6073 1752 7737 9622 7565 1110 3005 5901 9681 3552 7768 2277 2450 2855 3787 3745 9392 5469 2583 2656 9591 4294 6861 5782 5891 4836 7738 2666 878 6245 4961 2009 4667 9189 4709 7380 5867 5086 8936 6607 6209 6006 5846 1813 331 4001 9616 499 6511 1905 3129 8273 2507 7651 3910 1094 3284 1964 6964 9053 5584 6181 2911 4010 6605 8322 3007 6020 9542 2576 1495 6121 314 4043 9760 1968 8371 1629 7094 917 4695 556 2319 1588 4538 308 5244 7134 5728 9580 1341 1916 704 7064 2643 3989 1029 3718 6439 7687 6419 610 3598 5464 289 6419 8103 4520 3146 894 1766 4198 4980 2120 7309 6212 2398 6755 7589 7932 3099 2153 1072 3324 5266 6205 4270 6312 9044 9396 5911 6184 4941 144 9792 1398 6890 1476 3145 5778 4577 3855 192 4192 452 3200 3091 7564 2233 5882 936 7938 277 831 9486 9907 658 6035 9686 1305 1233 9303 8476 9796 508 8952 4103 161 8734 6714 2790 2344 6393 7972 7992 1841 4012 6622 9024 2539 5754 8777 2566 7177 2426 9037 7562 283 2241 4017 3790 2343 699 7067 3052 3440 7461 9632 8795 7435 7009 9005 9418 4671 5874 4380 3370 4655 7500 978 4137 4337 8396 7472 647 1374 8751 5239
8996 6059 1257 5153 5303 3347 6361 6084 850 5904 4259 9056 9757 4729 5148 7911 8158 7067 909 7855 7675 9082 3012 9472 0 9804 7723 3430 7894 7408 8285 1260 7124 5588 3124 7303 7132 9468 5543 5567 691 6479 2008 7206 6631 5000 9538 2634 5767 8282 7773 7864 8379 5022 7744 1595 681 5366 2048 558 3486 5010 1241 6056 4548 4366 5481 7627 6118 4236 8557 4421 6825 104 6068 3319 2691 6835 8833 7989 3531 7259 3807 5370 4202 5215 7242 4723 8500 9369 4400 9504 7260 9776 7978 1790 381 5420 601 8901 7723 8394 8235 3959 7662 9156 5208 5774 9405 1564 1420 2228 7648 1648 2596 947 2132 6820 9167 4860 9006 420 6216 3622 6167 1849 6944 4958 2890 7933 3161 7419 2221 3798 8899 9399 4258 4009 5692 3063 7102 7837 6746 8538 9686 782 4272 5239 7714 2609 5313 1323 1037 6050 2044 1590 9491 9176 4645 9572 8118 3122 3802 821 5156 404 6303 7731 9008 2981 6619 8815 6423 1345 5 4980 3327 7099 3229 8522 7311 6878 8309 3932 7877 9969 6213 5566 8380 5146 146 3105 4294 7615 8675 533 3328 4612 8502 9334 104 83 5744 4171 974 1669 2342 3592 4975 9476 2749 1033 2621 3855 8056 3962 5002 4777 8575 5485 8321 6799 656 2032 2678 9038 6021 3961 9489 3276 1138 1175 7849 7204 4482 8636 5856 3209 9895 5689 4126 7523 9101 2309 3470 8629 6027 1770 9316 2161 5747 3571 9116 5523 4472 121 289 7683 8365 4256 9756 8298 6812 598 7261 9666 630 1617 1545 5364 4489 2653 1444 603 2303 5090 1001 5685 7203 3547 9875 1697 4986 1761 2269 4288 4384 9041 9538 4097 5462 2026 3873 9062 2169 8990 755 7708 6881 4586
4320 5905 5576 2006 6422 427 2347 92 5142 1889 7218 5108 132 8404 2073 9444 4367 9160 6363 9650 5974 1198 8495 7293 9804 0 6016 741 9612 2969 5736 6145 4972 3767 9100 3809 7752 7372 2806 1274 5748 177 6199 5896 130 1948 4581 7381 7022 8280 2051 6797 8634 8858 8788 8983 6797 9217 4115 6157 5669 2437 3820 2186 5741 6055 7797 3529 6033 6478 4316 2826 7053 8881 8727 1174 5972 8498 3868 8225 2699 1008 4975 4668 18 4283 5185 3344 7195 4780 5138 5575 3312 223 8098 6426 2807 9008 3222 9192 5956 200 7746 4923 7373 8149 1728 5130 2646 8678 717 9427 4793 2701 3781 3923 7852 9686 1989 3127 9085 9674 6484 522 7121 8274 1440 2357 6941 6863 5700 2743 13 9214 3312 7579 5243 8286 5821 7449 8316 2423 5536 906 2853 7419 9061 4644 1822 9730 852 80 4694 382 8206 3884 746 8171 9283 4715 8947 7101 59 9227 9051 5358 3984 1355 6001 2407 1282 2222 7378 1692 7740 2118 2478 7594 7104 2951 7953 1464 5529 9531 804 1344 7906 6146 7429 6354 8391 826 1756 8486 2340 8004 3988 2369 9294 8855 1734 8955 447 7239 3890 1034 6923 477 3263 3441 3565 6925 2062 3579 1526 376 1936 2474 1540 5077 8289 9324 2584 7476 412 5211 2262 6727 6679 8869 2357 4683 7075 732 2332 17 562 3954 7140 1314 513 2965 418 1712 9577 6941 5507 2413 9779 3739 4329 8370 4804 1435 6114 9096 366 2004 6331 9753 385 325 3752 3306 7378 4021 1518 2870 2457 8653 538 2059 472 7924 1006 2790 8137 7455 6645 617 6245 9177 6691 7708 7641 1087 2361 4401 125 2239 9344 1351 1784 6287 1340 143 4013 8295 7275 2013
1729 5618 111 1543 7415 4399 5891 2810 1029 6433 933 8435 4214 6178 2401 2874 4712 6805 4968 3532 972 895 5340 9720 7723 6016 0 9076 5484 3967 7514 1412 9701 6287 515 4928 2674 2898 6666 8161 4829 9990 8974 6506 8537 6047 5730 3741 4733 4014 4515 2909 8132 1037 3258 203 7432 8794 8575 406 933 3701 7030 2122 1227 9394 8613 9217 2026 6073 1097 95 7178 3236 8858 2624 1200 3425 5745 3878 5349 7208 920 3529 2921 4007 922 1790 2241 4586 3632 3719 1429 5789 3604 7943 682 1449 5432 4842 5209 9247 4231 6609 9305 3236 477 2098 4128 5640 1179 8112 6506 82 295 4212 1345 3456 5988 8932 8704 9769 919 6286 8021 480 3721 9219 5716 59 5757 3658 1422 8873 7476 4125 9723 2158 3580 2232 5543 9022 5515 9270 791 2312 4525 5292 7344 3232 6896 5648 6702 1288 2010 184 2540 2410 3080 1537 101 7563 3850 1835 872 4581 2930 7189 3140 7091 5852 4571 5332 2105 5188 9786 1341 3602 969 8140 5610 168 6509 4881 7285 4129 1327 9699 6355 5247 8984 2014 7187 3785 3634 8760 512 537 157 3433 6033 5769 5839 5198 2474 2431 2942 4950 7899 1328 9770 401 137 2888 5103 8420 6812 3254 9170 7459 4623 2782 3940 43 648 9949 8572 4678 3350 6525 7440 9547 1134 4287 7871 1655 6926 6107 6783 5675 2178 4898 482 9601 1839 8441 9159 6619 3237 9128 9312 4829 1258 1233 2538 2790 1447 1643 9519 4984 2148 5101 1602 3683 3026 2511 2343 3155 5688 1680 9428 1969 9981 8307 5562 8314 2267 319 2207 6816 6940 1407 5603 6763 7960 8018 7178 9159 2869 7980 7606 6418 8887 3110 3699 3037 8041 9938 2073 1379
