150
0 9780 9365 8012 4349 3515 9762 5740 9299 3751 6610 2024 5578 4090 6304 2382 8208 4804 7046 8184 4804 3583 993 1052 1574 550 3642 6485 7390 9246 6641 8595 3959 4648 7591 1736 1818 5615 3945 2635 1504 1343 2896 7886 2347 3199 924 2417 6626 5137 7736 9651 1463 6987 5135 7755 6118 7551 237 7676 347 5947 1071 7448 5203 1330 5920 3985 721 9276 6967 9089 51 9617 4774 2867 4360 168 1420 3582 5880 8122 2379 3452 9715 5156 9158 943 3204 2348 3905 8533 5100 8411 9719 3563 4560 4323 4587 3960 7192 1802 6765 6877 4285 1974 8529 3217 797 1551 391 3754 6673 7097 7587 884 6079 9114 5460 5216 6753 1697 7901 5856 1349 1269 912 315 9769 6316 8845 8490 6631 3096 8929 2795 8631 950 9250 7134 4769 3705 357 2026 5810 4348 1103 3311 9288 2015
9780 0 1299 7865 6117 5692 4608 4889 5336 5322 4755 2801 4370 1333 2136 268 5999 3627 3574 2835 6091 944 5596 8980 4442 418 7778 3796 7267 4563 573 3895 9484 4699 4797 4678 8093 2686 9891 8747 3830 9369 8849 66 5294 7134 2299 3717 2871 4669 5395 5917 1090 3676 1358 6340 6997 8308 4703 1880 2511 4643 6713 8317 897 2399 6513 3743 9279 1479 5306 3661 1844 6186 9720 5332 4169 9038 2237 7666 5541 9734 910 2340 7782 6927 152 5664 5852 6771 3735 9791 3461 511 4198 6013 753 8934 336 5783 262 7481 3958 6689 4454 4259 7130 8026 9301 2852 4655 9461 1318 3898 5849 5404 7804 8002 9516 5902 5344 266 2968 1803 3477 4464 6334 1224 189 45 2213 7898 9560 6135 1159 6044 7639 3354 7530 9219 1212 2101 5868 7705 1982 716 1814 7131 122 3724
9365 1299 0 5191 7774 3903 3943 367 6413 31 5381 7237 261 1134 2142 2870 8195 6010 2926 9804 4219 7513 4566 6634 977 5146 4740 4098 480 4308 4562 8993 9475 571 4142 9981 6396 3484 8285 5552 2308 7237 6120 7881 3059 8667 1442 101 202 7993 1815 5834 6246 5117 4211 8484 43 841 4051 6858 1290 1181 296 5903 8584 5533 7047 2905 1805 763 3780 2334 1672 665 7849 7989 3391 7404 2103 2509 9814 3504 9362 9583 287 320 8285 8553 1513 5924 6455 6384 1785 2832 4580 3390 5556 154 5043 5209 6129 511 5933 2732 5018 9840 2386 3544 4576 2504 1974 8001 4982 4954 6203 3857 727 2400 1234 4118 9999 6878 6035 6612 1980 6423 8309 7243 2649 3204 79 9311 9510 6356 2588 2722 3223 7187 1365 5101 2191 6953 7322 6243 765 2516 880 3108 4711 9093
8012 7865 5191 0 5328 8036 8488 9539 2447 6746 2157 737 7630 4770 3848 307 4108 2493 506 3184 6432 4120 7314 199 2340 9691 2937 770 5227 9209 4409 6991 1861 2929 5953 4247 626 5764 6487 2615 8146 9039 8300 2514 9365 4501 2640 972 4486 6315 3179 2095 7909 2129 4079 1214 2846 6653 2704 1611 9007 5042 5488 3530 8288 6240 8864 2075 9402 8428 9206 7802 3562 981 3999 4709 3842 3901 2346 1717 795 3425 8441 4564 7624 4037 8438 8440 519 9184 2924 8915 9394 9025 2863 1434 944 2956 7425 7150 4013 874 5735 960 1429 3097 9993 7824 5114 758 162 7066 709 1105 6976 938 4202 463 8017 1726 8648 7165 3962 4547 1069 3922 9566 4740 1222 4111 3352 3123 7464 2088 3800 7411 4835 6833 1293 9083 3350 6751 5360 5873 3129 6974 5898 9384 7977 3021
4349 6117 7774 5328 0 9645 1305 904 8091 8048 2211 5009 3650 8112 6872 2004 3104 6325 5202 5230 5585 4204 9142 3510 7145 6520 5801 4459 1070 3313 5833 8222 3441 2324 5562 3906 7358 9848 4737 5872 2102 5007 1163 5560 8725 4396 8178 2375 5075 2248 2036 720 5859 2490 6943 4094 8873 8991 6550 5919 20 5165 5605 7444 7515 3886 1071 5848 1571 2180 4556 7975 6514 2716 1376 3741 2133 8784 347 5454 9221 7756 7327 9366 1460 9236 9513 1393 1000 7257 2154 1900 5896 7819 9019 9375 7220 7270 3175 6236 7326 6339 2826 6211 7180 3143 7361 2310 439 5975 5348 8219 5204 5463 595 141 5094 4428 5887 6788 3395 6507 4551 6996 5325 7959 6238 9921 6669 7688 1020 3607 6495 4393 5897 6914 4409 9323 6135 7127 5355 6212 1053 1646 5466 7 9028 1136 7822 9070
3515 5692 3903 8036 9645 0 7465 6331 3938 6383 1098 5543 4355 1441 6965 7017 1862 3320 2588 1004 9038 3025 3762 121 4867 8917 8973 3244 5528 1015 6523 9149 8107 4083 1054 3895 3606 2035 3799 3820 6910 4155 7507 8968 4176 7625 5339 4473 359 3923 5256 7496 5669 7018 4635 9052 1733 7528 8520 1389 9376 5875 7528 1726 7824 7565 5440 8570 6837 499 2341 9121 2607 9808 9247 5683 9309 6611 1852 9819 1808 5564 42 2197 4595 6729 1235 9276 3707 9460 8202 6260 3452 2431 5644 7364 8497 3400 1796 3995 4966 3650 7809 493 7233 6098 2431 7177 6277 3265 2245 2991 904 5897 7033 2408 3854 1186 4813 2062 7834 4782 2015 3774 6739 1315 9383 8251 4904 7023 8086 5792 8999 1854 3844 8333 8612 4815 536 361 4332 5020 7333 6734 4454 9607 784 9992 7135 5960
9762 4608 3943 8488 1305 7465 0 4731 7686 5693 1446 8339 5137 5249 9478 6793 9200 1839 895 1061 6459 4879 5663 7377 1545 437 2808 2897 7075 1198 3281 6651 9042 1888 6223 2827 8458 4553 5722 7413 4441 2140 1288 3162 8892 2400 5166 478 4807 2998 5919 7844 4267 3785 1138 7989 6184 3873 8105 2056 7291 1780 6161 3313 9480 9005 3457 5367 2475 1208 573 2664 7127 3077 4106 9921 1873 3577 5366 7152 991 6225 8848 9979 3816 6407 5026 6517 6380 6944 5840 3662 3111 1322 1272 3042 2195 608 6012 1574 3669 457 876 973 5683 3808 5559 905 7821 9531 3120 1023 6928 7640 2095 4367 763 1877 5495 4648 6805 6998 4685 6954 7511 7866 4060 5422 5981 6839 4944 5693 5260 5183 707 9034 2912 1246 938 6585 8071 7628 7884 6172 7372 9551 9524 9691 9857 5083
5740 4889 367 9539 904 6331 4731 0 4181 68 8738 4612 8853 1552 7918 4474 1460 8707 4265 4390 9039 6021 3010 9883 8237 4586 9737 7555 8536 763 2727 3644 9028 6819 8410 8307 5590 4528 1378 825 5695 3456 9388 2804 7513 1200 4025 7063 3756 7743 5272 7958 2360 1691 6499 4742 9475 6943 2559 3413 5451 1258 7549 1471 9924 723 7734 5919 788 878 2052 524 1377 9349 797 1882 2212 8348 9330 3648 4200 194 2004 7906 3136 9057 6387 6231 9017 2262 4685 2765 9377 6096 9137 369 3240 5936 952 4837 3913 5470 8798 8807 7625 2628 987 4942 7887 9453 185 7651 9021 1822 4955 3890 3465 160 4529 5995 5462 1794 629 4241 4028 9291 3282 2028 6374 6722 2186 4965 4534 7499 404 8745 3492 898 4420 8529 6345 7727 2409 1844 9587 1591 4981 7518 7060 2752
9299 5336 6413 2447 8091 3938 7686 4181 0 9508 8955 7239 6158 6392 1636 5532 44 1921 3918 1709 267 8748 8050 1500 1444 6595 7055 7725 9734 6982 7604 5397 8244 7286 8904 6139 9878 9054 2147 7285 9411 9917 130 5952 7916 5588 5617 5389 3272 2208 4006 9032 3190 2990 3904 9539 1789 6641 1331 4430 6228 5389 6862 5580 4452 6615 4296 2235 8036 9967 3861 3249 8910 9744 5702 4957 3383 845 1916 5178 1399 1770 6611 9596 2376 790 8114 7992 9299 8344 7837 5655 3919 6383 696 4291 6995 9773 756 6875 3806 6950 5943 4458 8010 1650 4551 8664 9573 3693 869 4634 8884 6157 4314 5105 1346 1345 4205 1616 2938 1809 817 3420 3728 4831 8281 6436 3440 2264 2744 9124 6331 5305 8347 5643 124 57 5112 4568 7734 8094 5457 6584 2349 6453 3928 6795 9624 4827
3751 5322 31 6746 8048 6383 5693 68 9508 0 5545 6069 6451 5107 6852 1179 7356 8318 7383 3726 9292 1834 6249 6339 9904 9888 2714 950 6220 5035 1537 9046 5083 5299 7233 6489 6781 5638 9865 7325 7129 1764 4439 7147 8434 5825 817 790 1826 5028 8386 6083 7496 422 9261 3764 8951 7383 6242 1979 5512 6373 6904 1304 5885 4776 5272 9164 5019 8092 6391 5418 9401 6098 6557 4701 3981 605 8873 9414 956 1618 9559 2553 8867 7514 6789 8695 9075 8473 7190 6375 7324 2897 9681 4768 3582 3839 9690 9013 8472 2402 851 800 2993 316 2542 6919 2847 1848 8288 1365 4925 6678 4133 2292 2063 5061 1853 5996 1750 548 3395 2104 8730 8474 4440 6285 1629 4891 5569 1304 2999 9785 1176 6087 336 2127 4225 8065 7704 1908 8432 2725 6489 199 5143 1637 6256 3746
6610 4755 5381 2157 2211 1098 1446 8738 8955 5545 0 3137 4751 2224 2429 6378 8827 1013 8061 6355 7689 4177 6061 1497 180 383 130 4718 7034 8734 6418 8374 8842 6912 3174 8967 881 5792 5109 4436 6637 6621 5213 8145 2847 3209 4706 8142 9896 738 503 3741 4446 8019 2927 2166 2733 838 1285 4694 2828 6697 1803 3621 4898 3170 2475 642 2242 9927 9120 6698 7107 4704 8408 8529 6686 2547 3979 9419 2021 8249 9887 903 1269 3824 4879 4 4688 7945 5876 6453 5266 3 4134 4934 9690 5902 3670 5368 4384 8614 1990 5136 2671 9787 7497 374 9791 9531 6344 9267 6948 4077 7475 2535 1756 7523 3037 8546 3480 1917 4710 2552 5228 5524 8386 2698 8199 8894 4836 4362 7809 4651 1804 580 7211 8183 7601 5476 2719 4883 1771 8558 5493 7667 5637 380 4984 3558
2024 2801 7237 737 5009 5543 8339 4612 7239 6069 3137 0 190 6633 2656 2234 8343 3699 7708 1167 2423 7470 3435 8053 1095 7841 4693 1644 6406 1262 8865 7662 380 387 4876 3470 8294 4115 9510 225 8490 8808 3232 1444 8635 8094 2200 9799 4270 8389 5073 7124 7797 8839 8694 78 1288 5078 8546 2419 2950 1675 3935 639 7998 4384 3466 1430 2521 9983 8902 4180 9832 4958 9242 8405 6492 7388 427 3529 6921 8809 4228 5161 5279 769 6210 6014 247 696 9403 1319 923 7146 8158 1841 5715 1009 1327 8328 4066 7756 7727 9648 3583 8938 3547 3264 1728 9241 6080 1823 7188 840 3830 2426 4375 3593 7731 7949 9014 8383 7467 1894 1033 6842 2061 5714 7295 6712 9571 9037 4599 6582 2361 6531 2494 1377 3592 131 577 9169 6354 9165 8606 2910 118 2139 6864 6306
5578 4370 261 7630 3650 4355 5137 8853 6158 6451 4751 190 0 2904 7234 7035 8886 6776 6839 3169 7387 2013 4345 7741 6418 2252 3540 2439 5686 956 1037 7044 9836 6759 6948 3082 7371 1652 1094 7710 1537 3739 1594 1011 2643 3968 6845 4623 8620 1036 414 9458 1913 681 721 7142 9593 658 3048 4214 3187 4508 4882 7392 362 3889 3924 7304 9318 6840 9597 6862 6493 9030 3760 8379 5488 6532 2137 1049 7617 6846 815 1707 3176 9851 8332 2811 2656 6932 8436 5715 369 7032 7140 8823 1559 9897 880 188 8746 2905 2106 1720 4797 7546 1425 2212 9051 3887 2204 3851 6602 8664 3513 4581 6544 5438 5198 5814 8580 5945 1928 833 245 1914 4315 6725 3444 1999 7409 8795 4900 3782 5878 8440 9760 4496 5521 9444 6741 8657 3406 8026 1691 5534 5210 4397 2496 1787
4090 1333 1134 4770 8112 1441 5249 1552 6392 5107 2224 6633 2904 0 299 8118 5030 3026 7976 2999 5774 8938 9155 4960 1559 80 1653 8021 9552 2568 321 5566 3701 9641 5695 7443 1011 5109 4658 6499 4509 8661 6706 6702 6785 692 2694 2180 9489 558 1545 6179 4835 1176 6146 2860 1081 2456 5999 3854 2930 7239 3029 3697 4981 6652 8635 3973 581 8179 2489 2661 7201 9793 5134 598 1895 1920 6529 3180 9069 5703 5639 4189 514 1779 9906 6303 2030 4023 7453 2038 1173 9901 6298 1029 7134 9339 3130 8727 727 6911 7142 7574 5241 3342 6120 6422 8120 1168 6766 8286 6458 2224 762 2737 9111 2717 262 6770 8922 3084 554 9421 5597 3105 1302 8949 8905 6210 1450 6 3804 3939 2717 2287 5644 7630 6318 8297 3667 634 5980 868 9108 6163 334 7290 1604 9221
6304 2136 2142 3848 6872 6965 9478 7918 1636 6852 2429 2656 7234 299 0 7853 9110 714 9440 7508 964 6955 2023 2525 6030 6693 2950 9405 5967 409 4382 2644 1149 77 1265 2354 1895 8594 550 4891 180 1827 9312 8731 4629 4253 5589 3401 563 1657 7839 9823 2064 7263 3071 8878 121 4650 2771 1343 4631 3840 6866 1378 5981 3158 3699 9190 5646 4807 9454 8087 1250 6139 9441 9361 711 4735 9158 9733 8775 8950 5511 9371 6292 9767 4018 9223 293 2995 4504 5238 871 4765 5948 3428 9970 5030 1736 2175 350 9240 6050 6258 1924 2705 3171 9903 3629 9273 8871 8771 9532 6738 836 2845 1383 4214 3892 6574 1054 2177 765 3240 2703 6656 6549 5364 555 2134 8503 8369 7331 4433 5011 3839 836 1392 5854 9310 7571 823 2929 8256 7580 1901 3796 8865 4970 7828
2382 268 2870 307 2004 7017 6793 4474 5532 1179 6378 2234 7035 8118 7853 0 6312 162 4607 4570 6259 4586 9246 8123 5005 2494 2453 5546 8559 6700 4851 3254 2803 9777 9797 6365 303 2126 1269 3633 3492 5402 7270 6081 6244 1278 8711 1692 6447 5475 6644 3376 7471 1941 9441 1137 257 5114 2197 7374 564 4042 7680 4072 1939 6084 8648 9478 504 5851 1463 5092 8687 7622 1188 9448 2947 7089 7378 1609 2113 4851 1071 1638 4804 661 6865 1652 2128 7349 201 7564 2302 5585 864 6830 2067 822 4172 1311 5144 575 6688 112 9297 2590 1135 9847 8034 9231 4059 4313 2852 4638 942 6280 6133 4990 1037 3264 8650 5658 5223 7699 4182 6096 7104 3002 5092 9628 8532 5518 1123 8800 1419 9786 6080 8708 7203 6175 972 5875 9693 4056 8501 8247 3511 9731 6159 6393
8208 5999 8195 4108 3104 1862 9200 1460 44 7356 8827 8343 8886 5030 9110 6312 0 6140 7174 169 8842 5706 2142 5274 5592 6378 4900 3800 6963 9095 8536 5617 4878 4870 5634 5921 330 248 1571 1450 1951 1070 7263 7069 687 3315 4731 8012 9375 2325 5338 1811 5238 9386 82 5424 7109 7658 3963 3383 9507 3785 7495 5563 821 3769 4996 2836 5530 3557 2134 2278 7945 6430 9587 2822 6579 3390 8260 4804 7647 3415 3879 3365 4961 114 8235 4827 2998 5380 2450 200 6895 6864 3810 6184 8885 3846 4083 8137 2938 9930 7902 5334 7999 4905 90 8915 1182 9619 9084 3981 1163 5250 4420 2511 8258 4308 514 7268 855 6206 1596 1852 8321 4561 147 2827 7179 8015 6573 513 15 5463 3893 1448 3934 567 8568 7991 3304 8159 6265 465 34 5637 1336 8081 6621 9536
4804 3627 6010 2493 6325 3320 1839 8707 1921 8318 1013 3699 6776 3026 714 162 6140 0 8598 7547 2219 4514 2940 2003 135 3661 4854 7547 3062 2327 4122 2874 2910 6437 3784 3162 6213 7355 1045 5909 6151 9965 6913 6017 5716 7098 9902 413 6544 5984 6218 7139 1593 6668 3557 3830 8010 6177 1040 7391 58 2212 7341 545 6583 6256 4123 9439 9856 2474 344 5036 1223 4284 8296 2434 2646 4258 1050 2390 2230 1916 7806 6821 9534 4787 5650 3851 1704 1220 7180 3802 2630 2183 5248 2276 4401 5821 577 5125 736 3852 4979 776 8993 2723 1178 8336 4952 5176 5188 8335 9478 2807 3906 3549 6528 5393 9281 7658 966 8903 9224 4018 9247 2706 8148 1614 4424 4376 1573 1445 5545 3103 3494 2478 7342 2864 7968 28 8841 3397 9394 3100 545 980 7191 9394 6207 5932
7046 3574 2926 506 5202 2588 895 4265 3918 7383 8061 7708 6839 7976 9440 4607 7174 8598 0 6590 3330 7969 7706 3161 7570 7189 3535 2295 4444 9372 2281 8881 2 7778 1238 6743 593 16 2772 6427 4832 9445 8659 1755 6589 5297 4910 5364 8958 7004 1295 4042 2702 9526 2826 9406 9072 5444 5709 9376 4324 8387 7767 9009 8124 4933 7666 2915 7473 1780 3445 3398 730 6683 9735 1836 2713 783 1701 9592 7910 3666 2532 7245 1816 389 7257 9796 1125 4855 8709 5133 7768 3348 3323 7870 1549 7371 1030 1303 4126 4347 1814 5246 6385 225 879 5715 7285 4394 4202 4572 2782 4274 4061 689 7884 2426 3921 2220 3504 6961 5018 3744 2368 8686 7140 6288 6955 3615 8454 8488 7396 245 827 2371 7313 5173 1027 1610 2262 2969 1640 5409 9915 5540 3336 6297 9338 423
8184 2835 9804 3184 5230 1004 1061 4390 1709 3726 6355 1167 3169 2999 7508 4570 169 7547 6590 0 1867 1456 5895 163 5127 8163 5621 7229 9589 1160 8225 807 586 8167 5270 9997 2578 6884 6127 8948 9718 1539 4840 7201 5891 7405 630 9437 9811 5348 2761 467 5524 731 3391 6646 7139 9132 4429 4495 5459 4558 5037 5342 3864 7992 2627 7735 3668 1980 6467 9097 7918 6286 4947 8470 9574 9625 3525 1721 4658 9520 4207 2210 209 8575 9430 2263 9843 9702 663 683 4721 2796 4383 3965 960 6028 3827 6856 8226 2790 221 9403 4100 5380 3084 6141 8025 3694 885 776 4132 7089 8291 7464 2385 7954 7370 3236 9841 6212 6225 4779 9549 3340 566 4200 7051 2535 7367 5724 2278 2521 874 325 7934 8848 292 184 511 7472 5363 7993 9467 3941 8195 8977 5897 8095
4804 6091 4219 6432 5585 9038 6459 9039 267 9292 7689 2423 7387 5774 964 6259 8842 2219 3330 1867 0 7397 9481 3454 1516 2885 7737 5303 7984 713 4396 1822 108 4435 1987 7769 7418 2295 2751 2303 1567 3823 738 4463 877 2183 5612 7942 7196 2252 6276 944 2983 5003 4754 2950 2403 4550 9996 247 8771 4083 8718 3125 59 3930 4125 8310 114 5839 5502 3808 705 3624 7300 9301 8391 1598 283 3275 6375 2397 634 9784 2688 7492 3953 7344 8029 2152 4030 1452 3722 486 6624 3951 1399 4238 9816 5967 3658 36 1262 7330 8160 4878 7137 5750 1877 6626 5778 6197 1105 5422 9415 4447 1628 8022 6973 262 2653 9586 746 8552 6679 8889 5620 8568 9654 9766 5169 8805 4790 5699 2947 3045 3417 4804 3308 5902 3054 1816 5935 9030 8766 6819 4521 8282 332 454
3583 944 7513 4120 4204 3025 4879 6021 8748 1834 4177 7470 2013 8938 6955 4586 5706 4514 7969 1456 7397 0 7823 2182 8740 4587 9848 8170 1471 8907 8022 5431 8724 387 4823 8096 5592 9362 83 7997 9021 5324 5354 8914 4657 9174 4456 7159 6380 658 1624 2429 8778 4509 6744 4563 4626 6650 6466 7117 1412 6380 3247 2317 5506 7862 8411 9922 8310 4126 1252 7674 7032 7165 1662 5605 3719 6443 9383 1300 297 3363 1617 9747 5436 2851 1891 5223 4038 3033 3069 4525 7172 2495 4449 6657 5728 86 285 7696 5600 4781 5699 527 1269 3601 1337 9881 4659 380 720 6322 8803 9365 602 6852 9116 7270 5565 4605 6322 3786 6480 697 3727 5936 6458 310 375 4937 8571 8808 8369 6196 8648 8398 1197 9639 3231 2915 4302 2047 9729 631 582 1430 9955 4132 3590 6923
993 5596 4566 7314 9142 3762 5663 3010 8050 6249 6061 3435 4345 9155 2023 9246 2142 2940 7706 5895 9481 7823 0 8161 1604 2370 8404 9610 3704 5522 3825 9183 3136 4163 6675 1126 9631 6073 3604 6308 3622 8168 8811 9747 615 1276 1423 8509 461 3347 7733 5759 3434 8297 3708 2880 5806 2946 8028 8215 9283 8262 3291 8533 2363 1141 8421 1661 7018 173 2572 643 1151 7962 1236 862 5628 8388 7130 5876 4003 2580 145 7104 9690 311 4842 5566 6635 4504 178 5725 5429 2758 4628 3689 5843 8131 1376 2678 7073 5919 6943 4994 3363 967 3776 6884 3119 8997 8279 2388 9295 3036 6951 6231 6609 5547 2335 655 1486 557 905 1188 2808 623 7371 3338 9431 4745 4362 6333 6149 9303 3291 2210 8505 6494 9536 5885 3642 6170 9741 876 3240 6740 3924 1519 9541 212
1052 8980 6634 199 3510 121 7377 9883 1500 6339 1497 8053 7741 4960 2525 8123 5274 2003 3161 163 3454 2182 8161 0 2666 6455 330 1112 7074 2453 9518 9821 7054 9612 4553 3177 5963 9447 9450 2378 8322 8386 8476 3801 1013 7334 3608 9490 6399 4918 8960 1120 8605 1442 4845 1148 5179 6372 9970 4515 5198 5682 7393 489 608 8104 8706 2588 6221 3134 38 7109 1834 2998 9805 2792 600 5153 51 5806 333 7302 979 1887 2851 8499 6985 5941 1114 9598 7073 4743 738 6802 7090 7696 4304 1327 4261 1254 8837 9122 2779 2671 2584 7767 2049 3407 8417 3796 2984 4377 1709 9692 3957 7232 7750 4649 3495 9552 9801 5306 1560 5055 9888 7295 881 9538 9688 8329 8136 3234 6870 9228 5023 2467 4648 2882 4710 6968 639 729 7239 1492 2995 4596 8517 1004 648 7274
1574 4442 977 2340 7145 4867 1545 8237 1444 9904 180 1095 6418 1559 6030 5005 5592 135 7570 5127 1516 8740 1604 2666 0 3508 9922 2655 9116 6068 8116 3799 5098 9802 3598 5074 1505 3188 9044 693 3033 3992 4592 2212 2328 7684 3499 2574 8702 7573 4775 8137 2246 3696 3882 3229 4040 676 6223 3539 181 5055 9945 6280 1709 430 4210 1201 7191 2761 6388 1543 8005 1442 1374 9362 5464 9684 5151 4237 5608 6349 6651 5298 6730 8941 71 9385 1614 6741 2781 6687 9074 6467 2064 3166 9519 5980 445 3007 2025 3283 8429 6382 7063 2171 1906 6247 6388 275 3414 2229 8984 7981 6759 843 7823 6547 2332 3871 12 7330 4951 9476 7134 9134 770 1719 7393 3765 1676 4236 3625 3973 7979 4264 1986 6526 6810 5262 7285 3807 5866 1306 7988 7480 2772 5780 3187 8578
550 418 5146 9691 6520 8917 437 4586 6595 9888 383 7841 2252 80 6693 2494 6378 3661 7189 8163 2885 4587 2370 6455 3508 0 7656 7228 1411 55 84 9750 2768 3537 5152 3218 1591 6074 6675 6431 8124 8069 2161 4626 8150 2003 7027 3536 1791 5706 7444 4603 3423 8627 6859 1333 98 9993 5874 5102 748 6505 7931 7035 6989 4612 739 1566 5950 6111 1621 8264 7681 2624 4347 4614 471 8093 685 5183 1720 5609 1190 5240 7430 6724 8318 9241 4976 1616 4123 967 5704 1064 8860 1748 9846 9279 8961 1392 9537 3798 1849 7094 4336 2166 103 2318 1647 1410 7061 2724 6793 5757 2935 4589 1967 6656 7273 5544 7756 8355 1920 3848 608 3581 3021 5707 5634 7307 7149 6830 6814 4192 3811 2096 5477 4630 1163 4678 9015 2215 6825 3612 6540 634 7968 6097 3073 9361
3642 7778 4740 2937 5801 8973 2808 9737 7055 2714 130 4693 3540 1653 2950 2453 4900 4854 3535 5621 7737 9848 8404 330 9922 7656 0 7683 729 142 9040 8892 2615 673 5008 4285 5470 1710 7971 8822 6829 7201 7159 2542 1549 5979 751 9884 4750 1320 9259 5419 5009 3447 2963 4086 6873 9822 4857 5652 5591 7653 4142 4021 8251 4944 7521 6915 3075 9303 1311 4884 1223 1752 8780 888 8956 6256 1931 3286 1715 1710 3105 1705 3366 9551 5647 5638 1659 8034 4127 8198 3433 1823 2367 8156 2861 5182 7896 2541 1287 6806 9785 5528 3087 431 8360 1053 331 7243 5305 9414 5858 1292 6198 4679 1001 8192 6130 2080 3443 8192 4688 2342 2749 8922 9659 5879 664 3674 1569 8495 9538 8371 8647 5703 3088 34 6396 695 7082 7454 5113 6544 9037 9990 9944 1169 5613 1532
6485 3796 4098 770 4459 3244 2897 7555 7725 950 4718 1644 2439 8021 9405 5546 3800 7547 2295 7229 5303 8170 9610 1112 2655 7228 7683 0 4216 9340 7215 6095 8411 394 6163 4089 1599 8693 8576 9351 306 9459 1446 7530 5683 4047 7272 3267 7288 3486 1354 2259 299 4805 6438 1697 4467 4102 9114 906 3394 8736 7345 4714 933 979 8503 4656 2989 7021 8017 6109 8469 3664 7843 9191 5223 805 2329 404 4806 7374 5400 2667 3561 4669 102 1178 9039 4691 1922 8170 2321 9673 8482 5663 2741 4485 6569 4265 7982 1525 8961 3301 3139 1690 8170 9085 7714 8375 2988 9018 5484 9540 1786 4807 9615 3383 7416 3525 8216 5234 3196 5483 2543 4196 7596 9689 8674 626 1227 2136 4023 2317 7620 6913 9163 1768 636 5972 7031 9718 4042 6568 3462 9646 2308 9021 3734 9905
7390 7267 480 5227 1070 5528 7075 8536 9734 6220 7034 6406 5686 9552 5967 8559 6963 3062 4444 9589 7984 1471 3704 7074 9116 1411 729 4216 0 8252 4336 464 4070 7819 3511 1007 2812 6539 4166 113 754 508 7599 9506 7251 7018 4956 3115 311 668 6393 4673 6273 564 4670 9585 3691 7814 2124 2409 7567 6434 6355 1351 5952 4645 7556 4545 1999 1686 8615 3114 617 1812 2391 9667 1988 5141 9675 2874 2194 3384 1959 2293 501 1109 7449 4832 1779 1579 9621 6035 7871 223 7832 8884 7460 2002 1142 2972 4162 4197 6187 6218 9016 9874 4396 3498 1352 7872 4067 3975 5580 5224 896 9773 8528 7071 501 640 320 269 1800 8791 1798 7319 8623 2576 3942 2048 9850 2400 6857 8972 896 5440 7408 1462 8908 4057 6503 8981 5777 1588 5791 2143 2991 4559 3370 3274
9246 4563 4308 9209 3313 1015 1198 763 6982 5035 8734 1262 956 2568 409 6700 9095 2327 9372 1160 713 8907 5522 2453 6068 55 142 9340 8252 0 6639 3938 2513 3686 4860 938 753 2362 6602 3687 6813 6000 4091 8789 5770 1268 4333 8060 6310 126 6879 2014 3954 3167 7014 6285 1423 6168 5214 5620 5415 4923 1291 5240 287 363 8819 4210 3957 3623 8634 1551 745 6514 9673 1517 8797 8013 3941 9964 6494 5966 8801 4597 1113 4177 7386 8133 5796 9779 901 8258 5206 6723 9399 3403 3488 6210 4276 8599 4566 1278 2514 3172 2957 5202 1678 5120 978 9356 1021 9434 3330 6355 245 8987 134 115 765 8648 6543 306 9616 6448 81 7910 4246 8497 9601 8850 5518 3666 5821 816 4202 8313 5571 7550 4565 5611 3714 7621 4760 3812 8734 909 8647 4597 4242 5656
6641 573 4562 4409 5833 6523 3281 2727 7604 1537 6418 8865 1037 321 4382 4851 8536 4122 2281 8225 4396 8022 3825 9518 8116 84 9040 7215 4336 6639 0 4662 1082 2652 2060 9430 5374 1818 5238 4239 7551 8937 6134 8898 2713 8978 5769 2719 5616 2137 3381 5267 1655 5982 558 9147 7874 6428 8889 2017 3483 9480 2169 4739 3577 7835 9146 8268 6075 6529 9751 2565 5782 62 2200 5950 5432 6194 2213 856 1284 9278 1834 6261 5331 6306 4674 7066 5721 1253 7752 2469 4280 5531 1437 1140 547 6822 8608 1784 7686 1167 1576 5392 9762 834 6401 8431 1618 1865 8096 7876 2114 5863 9547 6917 8921 37 4944 8076 6995 2029 7415 2336 6714 4126 4786 3967 9541 5390 7593 7909 7282 76 7709 1880 6161 2681 7995 2616 7477 1173 9976 2293 5240 1411 6215 2173 1577 8729
8595 3895 8993 6991 8222 9149 6651 3644 5397 9046 8374 7662 7044 5566 2644 3254 5617 2874 8881 807 1822 5431 9183 9821 3799 9750 8892 6095 464 3938 4662 0 3559 9772 3792 7502 5909 7697 9167 7227 3892 7363 9719 9591 4336 4440 3563 7 4315 2339 2319 6840 3591 7792 5733 8865 5424 883 4911 5608 4569 7805 644 5481 5012 8235 7552 13 7783 3998 3999 7916 8640 6337 5813 7797 7966 4213 1940 7269 4663 7226 9246 3261 3367 2924 6967 3959 8822 4726 8039 7693 3678 3980 4430 8534 2049 1085 6273 6511 7124 9546 8484 5460 7660 8380 4337 9300 7251 555 3810 1202 7742 5681 7437 9130 1325 6529 7723 4774 8588 1776 512 9650 3649 5881 5780 937 6071 7925 7154 3451 2073 4258 4310 9680 2155 3570 4370 438 582 2224 6668 2944 6814 7158 8325 7942 6707 7117
3959 9484 9475 1861 3441 8107 9042 9028 8244 5083 8842 380 9836 3701 1149 2803 4878 2910 2 586 108 8724 3136 7054 5098 2768 2615 8411 4070 2513 1082 3559 0 487 2380 1064 170 1815 8646 5060 8156 8129 2630 1765 892 342 9502 6027 113 3442 9685 5161 9391 3640 3024 5727 2022 4078 4150 9636 8112 2212 218 2542 8274 4916 3297 59 3357 66 951 8260 5596 9130 1461 5846 1416 1389 7736 1652 2542 6875 3096 519 86 8423 5594 596 7371 8016 7647 6543 1102 1201 9656 4965 4624 9663 4722 7704 5056 8685 7889 9283 8145 4423 9890 9580 8103 9271 2154 9325 936 9862 4241 2339 5158 4966 9951 1822 4884 9188 2023 492 8436 3836 6405 3332 3845 4499 3613 5612 5266 8468 523 2622 3502 8165 7883 96 834 1806 2949 1899 9564 2047 8376 8306 4031 499
4648 4699 571 2929 2324 4083 1888 6819 7286 5299 6912 387 6759 9641 77 9777 4870 6437 7778 8167 4435 387 4163 9612 9802 3537 673 394 7819 3686 2652 9772 487 0 2315 1265 1080 3041 3426 5583 9882 7253 5653 579 2401 9761 102 9278 3209 7515 9081 653 1721 9274 7169 4787 8868 3037 3905 4428 9003 2871 9546 4218 6525 8977 9726 1835 4658 6667 8766 7176 8572 8869 3625 3494 518 9713 656 8737 5879 752 4870 8177 981 7406 4972 8843 477 6486 9498 9202 6407 9909 5458 9384 6902 4628 4545 4889 4555 2206 5778 9923 3491 8704 7236 2021 268 3538 6663 193 7232 930 2001 1027 7886 7952 2178 2148 1767 9045 703 6479 3695 9974 8113 6706 2062 982 1588 3545 8492 6680 7793 3591 5185 426 1450 2535 2409 701 4023 535 8483 9451 7297 1772 8949 39
7591 4797 4142 5953 5562 1054 6223 8410 8904 7233 3174 4876 6948 5695 1265 9797 5634 3784 1238 5270 1987 4823 6675 4553 3598 5152 5008 6163 3511 4860 2060 3792 2380 2315 0 1037 5899 5491 2071 1078 6885 2236 1810 7095 2573 2020 1541 329 8995 1034 5163 4421 1064 9710 3792 8154 8657 9149 6949 1066 7708 9497 1846 9710 1116 5540 8078 9041 3503 5017 3743 488 3151 544 9898 126 6967 1993 1681 5905 3102 203 5661 1748 3857 455 7589 9107 5112 4498 2825 2218 609 9670 4408 7480 1941 9591 4643 622 3969 9812 1828 4321 5418 6504 9819 2440 5407 9122 5280 8715 4346 4490 6604 6367 5535 7234 2515 1276 8174 9443 8814 4575 7727 4797 9349 7799 7012 887 8402 2401 1761 2340 5349 5603 9668 6794 5858 8426 4471 275 6394 7956 9451 7171 8451 4696 6862 5461
1736 4678 9981 4247 3906 3895 2827 8307 6139 6489 8967 3470 3082 7443 2354 6365 5921 3162 6743 9997 7769 8096 1126 3177 5074 3218 4285 4089 1007 938 9430 7502 1064 1265 1037 0 352 5310 1367 2398 120 3049 2237 4046 9394 1698 9180 8309 4377 5177 6603 815 9346 7979 1223 9314 7074 4771 4413 3741 833 4998 7847 9346 3383 3837 2218 1019 2882 1412 1623 8294 7020 3252 3239 3992 7441 3523 812 935 3235 9208 9868 184 2620 5211 8049 2318 6258 3787 9197 7846 4316 9443 2882 179 8830 4210 782 781 9180 6679 9008 1809 4363 6764 5235 2425 5725 2107 7948 1793 5866 4714 4735 67 7771 1833 9383 620 4240 3694 1069 1148 8052 4875 2355 3492 7027 2964 6104 8960 2228 9296 6834 7631 2002 3777 5024 7120 5918 3420 5453 1478 7512 6324 9901 979 5414 7522
1818 8093 6396 626 7358 3606 8458 5590 9878 6781 881 8294 7371 1011 1895 303 330 6213 593 2578 7418 5592 9631 5963 1505 1591 5470 1599 2812 753 5374 5909 170 1080 5899 352 0 8905 9663 7329 5206 4982 8707 3291 1057 8524 9695 5460 1909 3538 1053 5633 3406 4649 4561 144 6680 2746 772 5093 811 6393 9773 1454 2405 6334 4509 1165 8814 5061 2591 8876 8705 122 7714 8217 3906 1936 8981 9729 7450 8076 2080 7130 1286 9257 6100 9178 1864 3138 3749 5162 1063 6846 3664 2996 165 8033 8965 2987 9229 235 6538 1614 1421 8431 8716 6288 1893 1934 8351 3780 6086 2984 6754 2948 9303 1204 7221 9003 9950 6429 3535 5181 5886 6651 26 2017 2217 1330 7559 410 2707 6213 873 1191 9672 345 8245 655 4870 4157 678 6901 4595 533 3906 617 8146 5894
5615 2686 3484 5764 9848 2035 4553 4528 9054 5638 5792 4115 1652 5109 8594 2126 248 7355 16 6884 2295 9362 6073 9447 3188 6074 1710 8693 6539 2362 1818 7697 1815 3041 5491 5310 8905 0 8738 4960 3667 2388 4064 8374 5135 2652 601 1548 3703 9638 2600 7988 2632 7059 3441 8179 8598 6914 7689 1596 1600 8323 3789 7752 3565 5919 9529 9763 1305 106 7976 6393 2290 4300 1475 4436 2828 1262 3353 4456 3627 7970 777 4905 779 7735 3139 765 7108 5664 7029 3600 4111 7296 7644 9844 5443 7352 532 5065 5250 2527 1519 6428 3405 3119 2546 8177 1395 6108 7090 671 5796 5961 8398 1878 1096 5981 9383 8091 450 2288 5227 7578 9443 1874 2234 4605 6162 8914 8982 6025 8285 9291 5860 6384 9371 7550 7923 6991 4889 4409 2619 1086 950 4590 7663 3691 8472 7117
3945 9891 8285 6487 4737 3799 5722 1378 2147 9865 5109 9510 1094 4658 550 1269 1571 1045 2772 6127 2751 83 3604 9450 9044 6675 7971 8576 4166 6602 5238 9167 8646 3426 2071 1367 9663 8738 0 4559 6888 8359 1288 7214 8369 8747 8469 5170 6510 2697 1470 7557 6357 6187 4384 1601 4131 9602 1930 7390 2902 2925 830 2109 8467 9444 2819 7470 6667 195 2861 3704 9873 5298 8008 625 9515 4305 7690 2223 2426 3201 561 3673 2440 8963 7852 6022 4422 8635 185 1025 4056 2660 7443 8159 1342 8882 8944 4618 5417 5666 4323 696 3000 9689 2140 6791 4121 7938 2989 5304 2989 7572 2798 2545 4604 4002 9925 2977 2326 2281 6289 7662 1756 8996 6698 9623 9626 9727 4344 8835 1117 5425 6246 800 4543 9794 9604 1275 810 7907 8400 1697 4237 1946 6250 6037 7246 6866
2635 8747 5552 2615 5872 3820 7413 825 7285 7325 4436 225 7710 6499 4891 3633 1450 5909 6427 8948 2303 7997 6308 2378 693 6431 8822 9351 113 3687 4239 7227 5060 5583 1078 2398 7329 4960 4559 0 3166 3374 7728 6680 9758 6859 655 9674 8234 175 3693 1898 3536 3644 2006 5272 6653 4634 617 5375 5433 5349 2847 1236 662 4446 3115 6070 505 8631 8633 413 5064 3523 4222 6544 8126 1154 5337 8462 3953 922 1715 6047 311 3304 6375 5636 6798 1824 4509 7037 9600 3468 8318 4892 2063 3837 9804 7794 3768 4735 1085 1444 6043 9490 1104 1713 1052 7025 3040 5012 8525 1622 1121 9475 9227 6073 4811 8260 387 2409 1136 1507 7566 4515 1069 436 1024 1603 5764 2625 9297 9455 7963 6046 5273 2696 9223 2712 522 5003 4523 1961 8118 8500 6038 909 6091 3022
1504 3830 2308 8146 2102 6910 4441 5695 9411 7129 6637 8490 1537 4509 180 3492 1951 6151 4832 9718 1567 9021 3622 8322 3033 8124 6829 306 754 6813 7551 3892 8156 9882 6885 120 5206 3667 6888 3166 0 9969 254 7090 5035 1629 3904 2285 8335 953 5820 2610 3655 4064 2198 1014 2711 9173 7321 6682 1438 3946 4952 4410 8930 5833 1126 7582 8243 4534 5511 2412 8763 6901 1257 9070 2299 7726 3638 695 5264 3309 391 2887 6631 3033 793 5011 9262 9753 6131 5116 3634 8511 7268 977 7601 163 421 2400 8175 8858 7973 1096 5120 7714 9398 3909 7936 2102 1036 2668 8183 1339 5863 6109 46 1914 4406 3090 3604 8895 558 5784 6603 1391 3089 8920 7281 2784 7037 2650 7701 9391 7034 1844 8489 7924 758 1865 4906 4101 2960 4891 7608 2532 1297 2030 7232 7711
1343 9369 7237 9039 5007 4155 2140 3456 9917 1764 6621 8808 3739 8661 1827 5402 1070 9965 9445 1539 3823 5324 8168 8386 3992 8069 7201 9459 508 6000 8937 7363 8129 7253 2236 3049 4982 2388 8359 3374 9969 0 376 9010 8224 7310 5158 4024 5347 1156 8010 4395 3229 3044 7187 5614 5244 5794 4017 7290 163 7305 3520 8983 9505 7754 9234 3055 54 3269 4379 5831 4324 7222 3949 6373 8421 1413 3007 7478 6603 4672 7622 4015 7468 5609 191 3884 6950 7449 4065 7579 1396 1462 8832 6913 7526 147 3911 8414 1405 621 3502 8665 9189 6687 3365 2073 4282 1092 4459 7904 8518 4954 141 7178 6428 7287 1050 7185 5864 8880 9033 6647 3557 3178 7522 4456 375 2565 5333 6399 307 5484 3969 73 7586 8100 3961 5406 853 4066 8232 8439 9392 3566 3347 2405 1272 7926
2896 8849 6120 8300 1163 7507 1288 9388 130 4439 5213 3232 1594 6706 9312 7270 7263 6913 8659 4840 738 5354 8811 8476 4592 2161 7159 1446 7599 4091 6134 9719 2630 5653 1810 2237 8707 4064 1288 7728 254 376 0 3642 6575 8859 9486 3418 6799 2755 5357 107 6946 3742 7642 5486 3665 4888 4456 9813 398 9414 6045 5515 2752 7823 617 2051 3401 3360 8093 5435 6038 238 7689 6366 1626 5944 8640 7339 2539 6568 3105 4415 6413 905 4753 654 4843 8452 4240 760 5022 9227 4892 2811 8648 2800 7068 2368 8616 5730 546 6450 6437 7052 4283 9469 6991 2231 883 9540 544 299 9781 2278 9630 4432 969 3554 578 1194 8307 2195 6749 835 3491 2183 6948 3504 8528 5606 3880 2871 7069 3614 5284 9202 7453 262 5777 515 5895 796 5963 1873 4835 3041 6300 7912
7886 66 7881 2514 5560 8968 3162 2804 5952 7147 8145 1444 1011 6702 8731 6081 7069 6017 1755 7201 4463 8914 9747 3801 2212 4626 2542 7530 9506 8789 8898 9591 1765 579 7095 4046 3291 8374 7214 6680 7090 9010 3642 0 5490 7869 3153 6639 1795 37 1752 7471 717 5243 7297 2948 165 9206 3799 8873 5941 6415 3041 3778 8784 558 2480 2451 2303 7958 7562 3503 8155 117 5816 8525 3435 8581 7801 4928 7626 7503 4479 9754 6773 327 4534 3457 3119 9399 65 2697 5176 9813 1078 2227 5188 9846 6167 4199 9409 601 3754 7702 182 7419 6098 9932 1853 9805 9936 2644 4672 6322 1958 7523 9458 7622 8411 5852 3196 2786 3098 6223 1490 4201 2505 5518 5963 8443 4127 6257 5775 2528 2710 8695 4228 2758 4940 4885 2111 9910 2216 3384 8208 4181 8082 973 3919 9429
2347 5294 3059 9365 8725 4176 8892 7513 7916 8434 2847 8635 2643 6785 4629 6244 687 5716 6589 5891 877 4657 615 1013 2328 8150 1549 5683 7251 5770 2713 4336 892 2401 2573 9394 1057 5135 8369 9758 5035 8224 6575 5490 0 584 312 7676 7085 3785 2745 5776 5723 2497 4140 5989 589 9840 8154 2929 2597 9992 6049 5144 949 3895 7224 6894 5692 8627 9305 5553 3071 684 4924 5014 8349 8083 2779 7332 285 4062 3949 4673 2722 9856 2670 8543 6353 9890 9046 726 9763 9866 6660 5487 6057 573 3537 2815 7546 2621 4230 4271 6418 5275 2669 659 4554 1838 446 6779 4073 8287 1896 225 3783 9526 6933 8358 4261 8299 2100 8557 172 2275 3041 5369 9268 9909 8671 7701 4698 9762 6240 8924 461 622 1631 6561 891 4988 3282 5383 2826 4646 7504 6742 3085 6024
3199 7134 8667 4501 4396 7625 2400 1200 5588 5825 3209 8094 3968 692 4253 1278 3315 7098 5297 7405 2183 9174 1276 7334 7684 2003 5979 4047 7018 1268 8978 4440 342 9761 2020 1698 8524 2652 8747 6859 1629 7310 8859 7869 584 0 913 8910 7259 4680 4713 5119 5571 7647 4744 5880 5793 8169 8457 2873 1903 7271 4439 1387 4287 8887 9008 1183 4405 9637 3847 8889 2426 2439 9732 441 3663 1847 1871 2794 9172 856 1322 7780 797 6893 1827 8378 338 5560 9620 822 8294 7536 8077 6831 5217 1009 8493 3757 363 2551 2381 4616 5075 2335 1665 9820 2125 3864 2430 5519 3265 5692 2852 3282 6545 1413 3744 7303 8543 2193 2169 201 7538 3700 2369 6147 8409 8957 8370 9618 6822 2440 6534 2823 2882 9027 2364 912 1574 7300 3488 7770 8237 5812 9040 8172 4851 4623
924 2299 1442 2640 8178 5339 5166 4025 5617 817 4706 2200 6845 2694 5589 8711 4731 9902 4910 630 5612 4456 1423 3608 3499 7027 751 7272 4956 4333 5769 3563 9502 102 1541 9180 9695 601 8469 655 3904 5158 9486 3153 312 913 0 442 5069 8478 3144 2248 340 5346 7078 2414 8287 4330 4691 3047 707 7953 7738 7605 7945 9527 9113 9954 5106 7404 571 4077 2557 3331 9272 3420 3701 7219 6693 4593 7683 8300 6219 9603 2933 1301 2697 2015 4977 5765 64 2784 9356 9065 9026 6320 7154 85 1176 4099 5935 5504 7836 8814 9983 7650 6645 5923 9540 6011 954 3676 8626 3581 8846 5002 8544 3795 5513 9545 4141 8235 7799 9733 518 7487 5144 2387 5816 7407 7860 879 2404 8052 1735 5296 8041 705 9507 1687 40 9480 2586 1157 4977 1868 5110 7576 6176 5710
2417 3717 101 972 2375 4473 478 7063 5389 790 8142 9799 4623 2180 3401 1692 8012 413 5364 9437 7942 7159 8509 9490 2574 3536 9884 3267 3115 8060 2719 7 6027 9278 329 8309 5460 1548 5170 9674 2285 4024 3418 6639 7676 8910 442 0 9899 6478 8072 3946 6017 5983 8648 4506 8832 8853 1240 2559 4301 1981 5623 2342 8745 2204 4547 3557 3458 1697 5343 732 4854 2295 6117 9092 5569 3566 10000 9965 5497 704 2355 2486 1011 4711 4458 9656 9350 6631 8643 82 744 6156 7439 932 3297 2869 6198 5541 1524 8902 5935 2890 7055 6877 3955 7183 2325 1692 9898 2788 9854 592 8244 3481 7338 5508 4937 1551 7869 3736 8766 148 9815 236 3485 2907 3612 511 9599 4255 329 3788 4441 8846 9338 3464 9187 4039 867 3220 6102 8065 952 2552 8098 9860 5078 1939
6626 2871 202 4486 5075 359 4807 3756 3272 1826 9896 4270 8620 9489 563 6447 9375 6544 8958 9811 7196 6380 461 6399 8702 1791 4750 7288 311 6310 5616 4315 113 3209 8995 4377 1909 3703 6510 8234 8335 5347 6799 1795 7085 7259 5069 9899 0 2510 4904 8499 2080 5278 7666 4323 8927 5235 5805 759 3512 2223 1573 3980 5282 4747 5897 8033 4094 9613 6626 4502 7768 1378 861 3081 2646 4901 4227 2986 743 4281 6470 8555 839 3919 3495 3620 4097 489 9383 2886 877 7098 4594 7374 418 4583 2772 9341 7152 884 8332 9261 9768 3134 1287 8279 9873 7950 9457 1362 9638 5901 54 6057 1644 4358 8756 3730 3291 1906 16 5127 4146 85 3296 9620 2823 5932 1165 2099 7362 1772 2500 9499 567 685 1772 7210 7280 9243 9124 3220 1088 6735 29 3844 4300 9572
5137 4669 7993 6315 2248 3923 2998 7743 2208 5028 738 8389 1036 558 1657 5475 2325 5984 7004 5348 2252 658 3347 4918 7573 5706 1320 3486 668 126 2137 2339 3442 7515 1034 5177 3538 9638 2697 175 953 1156 2755 37 3785 4680 8478 6478 2510 0 353 7801 1646 3839 6585 1749 206 3058 3762 6158 3269 8913 2505 7029 9529 7368 6558 5651 6765 2152 7534 1369 5020 2179 7260 7743 2408 2931 7483 661 7318 8392 2333 2628 4488 1774 1715 7257 7540 7841 9702 7087 8064 4866 2456 1033 1910 5790 2016 5070 9776 4030 8082 6041 4445 557 5626 5485 7557 3182 7868 8800 8616 5957 2939 3203 8107 3903 3187 2328 5340 7303 3695 4729 3732 1049 105 5173 4229 6291 2862 4008 6753 6765 1174 8920 6933 3493 6915 9423 2097 3306 6763 4700 950 1210 5147 3239 8468 9934
7736 5395 1815 3179 2036 5256 5919 5272 4006 8386 503 5073 414 1545 7839 6644 5338 6218 1295 2761 6276 1624 7733 8960 4775 7444 9259 1354 6393 6879 3381 2319 9685 9081 5163 6603 1053 2600 1470 3693 5820 8010 5357 1752 2745 4713 3144 8072 4904 353 0 7610 2352 6009 2860 724 4788 7389 5276 8582 9461 446 4311 6330 3569 4514 4694 5922 1180 2915 7760 2692 7914 4322 86 4213 2096 9136 8717 8359 7005 3658 3971 6345 67 4530 3907 1508 8619 3834 5114 9239 6065 8751 567 2505 6245 739 6365 2724 9945 4321 7684 9740 1809 793 606 5098 9889 6950 427 4195 2685 4170 3035 8708 7407 7871 866 1833 4687 2230 3111 5100 2576 8853 7948 2753 5001 9365 7288 8049 1407 8822 8495 7756 6897 8813 1132 5322 6724 3185 9453 3094 9344 5824 5188 1137 1471 2718
9651 5917 5834 2095 720 7496 7844 7958 9032 6083 3741 7124 9458 6179 9823 3376 1811 7139 4042 467 944 2429 5759 1120 8137 4603 5419 2259 4673 2014 5267 6840 5161 653 4421 815 5633 7988 7557 1898 2610 4395 107 7471 5776 5119 2248 3946 8499 7801 7610 0 5390 6149 169 2955 3778 7775 6833 8158 8554 3763 917 2047 6206 5329 8732 1649 7077 4654 2174 7586 7909 4988 9764 1621 9833 5475 4254 5453 1216 3405 3761 4923 5008 1845 5169 6710 4101 6393 5506 7515 8799 6391 4049 5842 4611 3287 6780 6186 7036 9800 507 8563 3907 2316 2988 7753 1558 541 5492 9742 7098 4705 209 3250 1434 1332 3203 8593 104 8580 4281 9775 7117 8992 2639 295 413 7389 6189 5150 9055 3934 7910 428 7994 3116 2993 1826 2374 8419 5329 9744 2386 4281 5952 7540 1664 9476
1463 1090 6246 7909 5859 5669 4267 2360 3190 7496 4446 7797 1913 4835 2064 7471 5238 1593 2702 5524 2983 8778 3434 8605 2246 3423 5009 299 6273 3954 1655 3591 9391 1721 1064 9346 3406 2632 6357 3536 3655 3229 6946 717 5723 5571 340 6017 2080 1646 2352 5390 0 5354 5599 4567 4006 2767 1889 9924 8335 2710 3870 3818 7774 6564 7303 3850 9565 6311 3993 6118 4611 3932 1882 6147 7139 2872 8921 1146 3053 8522 5038 5551 5246 3442 2871 8002 1658 1231 9304 7380 2810 6264 9462 732 1034 4114 5524 5469 7995 3728 1198 8811 5636 1176 3221 6161 9127 5182 5541 4603 6468 485 1725 5937 2758 4791 5921 248 3296 6919 4689 3767 5721 6413 7579 4851 1331 9017 2770 1221 1369 1325 8012 9942 103 1332 4726 401 8975 3567 4864 8716 3416 6714 8987 1452 8338 2920
6987 3676 5117 2129 2490 7018 3785 1691 2990 422 8019 8839 681 1176 7263 1941 9386 6668 9526 731 5003 4509 8297 1442 3696 8627 3447 4805 564 3167 5982 7792 3640 9274 9710 7979 4649 7059 6187 3644 4064 3044 3742 5243 2497 7647 5346 5983 5278 3839 6009 6149 5354 0 7040 1028 2524 9248 8931 6345 7102 8237 5373 1218 216 5171 1798 9154 4121 9651 6212 6376 7418 1142 319 2275 9266 8171 6516 3955 4486 9429 6302 4921 2396 2806 4972 5062 1986 1366 9083 1817 4129 7087 1394 9370 4761 859 7161 8106 7430 4144 4081 660 4763 8571 3232 2558 8325 4562 7600 5726 2870 3459 6599 129 9944 743 2442 834 3501 5312 6641 4625 6581 3033 855 195 4088 9919 4434 8291 6154 3629 893 603 2026 2751 6380 7605 9003 8965 9916 6852 6849 4769 1062 9088 3230 9650
