250
0 321 5641 6504 5140 1761 9945 4946 6158 3367 7323 5915 746 8627 5144 2714 9082 8014 6344 9740 9396 2064 5823 5262 1685 5022 2957 6433 3216 8075 6856 1207 6511 9630 9617 8791 3470 7068 3316 6554 9839 3553 7426 3297 9785 5640 5528 9684 9696 9473 878 7848 8147 9485 5120 2349 5497 684 3631 3413 9098 5481 2145 314 2233 7624 3900 9683 7243 8836 7999 5286 144 2154 4327 5322 8755 1807 4159 4644 2217 2764 7016 8242 2935 2707 7545 8696 1240 2617 7265 9941 7831 9352 5581 2646 3879 9278 1378 9090 344 8647 8123 2609 997 2833 269 4320 353 7270 8471 5748 9463 9976 3643 2732 8828 1623 9406 8364 9180 9678 6573 5220 1154 1150 6113 9815 4734 1787 3860 6575 581 9790 1124 2618 7407 4401 2110 4210 6710 2561 4172 5715 9431 8860 167 4414 3621 9478 6058 4626 3153 8026 2435 4869 6317 8815 2561 9658 186 6230 2823 2887 8185 5930 3117 20 9786 8256 1348 8312 9930 1567 1979 6851 369 978 8540 7683 7786 8760 7213 8459 1635 6443 5603 147 7816 358 9462 7683 7341 1664 7098 2589 7561 7931 9157 2746 9719 1611 6058 793 512 3383 3913 330 1126 6327 8469 9400 4323 6854 6439 9484 6983 2767 1615 4437 8811 1037 5151 8128 453 2691 6174 9319 6140 2671 3618 6338 5850 7454 6265 7953 7656 8190 7620 1460 8202 7412 4691 6095 8225 9801 4959 3257 8791 5943
321 0 7351 2103 3636 4405 6286 7594 2265 5780 5460 8979 231 5181 831 3365 6711 8598 1811 910 3094 6357 8640 5363 5701 2454 140 7099 4125 9400 35 33 64 7647 5824 4430 7116 732 5316 3931 5518 1164 9030 7942 6369 3165 4328 7163 7283 1319 6214 190 220 2680 4276 1951 7328 8832 2614 3638 1858 1470 9512 2167 8232 5485 4971 6545 1162 5651 7251 4946 3810 7506 8725 1092 5430 8709 4674 9935 9799 6631 5135 1733 2276 9171 2419 519 5354 4511 8236 3615 5705 2455 9880 4270 2059 9789 1131 4487 1871 8479 5064 8196 4704 9066 4235 2103 8719 1938 8439 5406 5904 7013 3028 1262 667 679 5975 2514 3309 2573 8513 9331 6944 9588 4643 1349 1760 6052 6487 7975 3367 3746 2370 9420 1953 8703 4407 7612 3200 8179 4771 4096 2157 5213 3904 5 5054 9035 9004 4774 5969 8450 4795 6238 1967 2252 4955 5560 676 909 8871 8297 2436 9598 4335 2355 7500 818 3083 84 7866 4361 8375 3904 7996 904 947 5479 8372 41 9825 6123 5608 3979 3228 3499 8974 8744 5159 2078 3828 5083 6451 2220 7284 2800 8146 6274 8383 8369 1526 6492 1156 2726 9649 619 6738 2178 9511 9352 5483 889 1307 9625 100 9097 7103 9817 8266 4017 1653 9686 7865 9452 4075 7308 179 972 3781 3070 4551 3263 8246 7817 3469 4924 2268 5501 9200 5733 1074 2404 4095 1814 3659 2882 8175 9794
5641 7351 0 3162 3035 2773 5336 7510 2843 843 2054 912 5422 9172 1616 1742 5418 9749 472 3934 4992 3563 2209 3240 3784 6704 263 7406 1243 3409 7235 667 1838 4856 1776 798 3395 9006 1793 6755 9581 573 9995 322 9814 6607 7715 5767 5044 2955 6256 3 2472 2248 786 5463 621 9527 2212 131 1495 6828 6467 4090 8220 2174 1887 4291 2553 7260 9683 4372 4643 3033 6088 3093 1646 4695 5238 7177 9114 5616 3889 5172 2989 8115 4327 1039 7915 9636 3795 2898 6447 8297 3027 1695 6202 3252 3177 6252 8698 6842 5865 9461 6148 6535 5495 4693 462 9526 7247 5049 7553 7510 9341 9252 1613 6028 5888 5524 5046 4680 2597 2841 7450 47 9435 6758 688 7304 6593 9546 7702 3806 6440 2651 3417 6026 4568 1131 2387 8719 4860 8780 803 993 3707 2395 2653 6355 2922 4075 867 2978 4896 2697 2808 484 1281 1055 248 5087 1690 230 8444 7037 2165 5154 7982 6142 2348 6415 315 336 615 3273 4320 1681 7526 3862 1023 1381 9058 3996 2161 370 8878 9224 3185 6860 1694 9167 8317 5927 3188 455 2676 6607 3141 9433 8590 2994 2643 5583 4880 3847 5399 5250 6837 6407 8905 1677 916 7738 2438 6512 4166 1551 4031 4570 3052 8504 9404 7100 8796 8411 2851 7521 3720 7052 2094 1766 136 7406 2860 9621 8796 2122 9332 3848 2790 5857 958 1003 7624 8123 4060 986 4849 8103
6504 2103 3162 0 1734 9102 3628 5677 6627 2387 7631 6081 4012 5975 8684 7420 92 8066 2989 492 7962 3809 7875 835 562 211 9956 3720 4524 8750 6921 795 2997 887 1882 3077 9454 961 8099 5207 1304 416 2062 4945 9832 2290 5629 1459 4429 871 8117 7419 3182 7688 6671 798 7702 7916 2560 5506 5429 1100 210 5160 8059 5671 1621 8700 3131 8922 3482 4488 5387 6609 5168 2619 5237 485 9949 7648 3941 8209 1645 565 1896 6619 4683 7956 5265 9185 4912 8153 1450 1469 1985 8939 514 5037 805 6199 7447 3340 6181 3024 8325 9791 4634 3024 9070 9499 1319 1566 8591 1993 126 1718 9708 1044 5799 8921 4300 5287 7463 7876 1857 5670 6222 3577 2237 1961 2586 7833 1580 6940 7437 7237 990 5096 3975 6569 4207 4112 9366 9426 1650 9032 9424 3967 5855 2649 4610 9431 1880 4506 1978 1923 7487 4200 5360 3031 3178 9714 5986 1414 1226 7576 4758 3128 7845 5215 3353 8343 4387 3110 5207 1403 3505 3676 4517 3185 6299 5690 8490 1940 875 973 6399 9179 5745 2032 2683 1514 7957 643 550 7905 9388 237 7912 5103 2746 4127 4190 762 2113 6559 853 4586 9481 1730 9640 8965 7840 2721 1576 5035 607 6107 6027 7907 9709 8670 990 4095 7342 8587 7679 1397 3576 4187 4794 8482 7784 755 3247 5561 9567 9530 5147 3229 5150 30 9179 3762 4661 9605 6259 8741 7962 2320
5140 3636 3035 1734 0 9060 1286 94 8458 7207 9214 7260 5902 7334 2959 1253 9475 5777 211 1644 629 258 704 6758 8234 947 969 9442 1451 9298 3583 2906 9079 2790 2990 6334 9683 8930 8301 9965 700 9650 9814 1554 756 6871 4147 5831 872 5600 2996 1312 8559 7066 6375 7322 7477 4329 483 9087 7611 9603 4914 6145 1953 7352 2162 3541 6613 3491 8024 2446 1430 1448 7968 4964 2293 1505 981 3760 9323 8143 1605 6069 2526 2585 4567 6482 5772 9988 8081 5389 9381 7724 4150 1445 673 8122 2582 5192 3846 5100 2422 2626 9071 8766 3571 3480 5526 1464 5706 8871 9952 3952 3320 7538 6062 6049 6621 3777 3943 2079 4917 1712 3751 2349 7968 6289 8461 8315 8973 603 9439 4925 8987 9456 2517 1227 6661 1345 5938 6359 592 4826 8634 3102 906 4755 3801 6782 9783 7735 1984 8629 9183 1372 8931 2351 605 9085 1330 8492 1302 6781 1252 7231 3284 7795 6766 726 2286 9775 9548 9297 1735 3977 571 7586 2613 2456 2737 6269 1566 7472 1257 6605 7063 7747 6821 5806 5561 9476 3678 4593 466 7944 1074 788 8937 6564 4782 7744 5469 3183 7847 4037 2344 7496 1767 8470 2916 6223 449 8825 2986 8378 4770 5643 6808 1892 8582 695 2967 5851 7478 8820 8749 130 2955 9883 4658 6544 3562 3133 9606 1993 7945 4187 3845 2645 7648 51 4577 9211 6206 1084 3706 9439 2115 5903
1761 4405 2773 9102 9060 0 4101 5228 5149 3209 4027 3038 7399 7114 8816 106 202 9272 5968 3316 6996 2244 9778 6858 2053 8180 2579 602 9418 4797 9663 4786 4753 5194 9222 7132 2747 7111 9234 6760 6250 7684 4745 201 161 9725 6699 3267 7822 890 793 7893 7422 7992 7839 8855 8493 6557 9025 4731 9937 7538 1623 4947 9763 4400 1649 4101 7542 8684 7757 6340 5108 3039 9694 463 3065 2315 3605 7149 3457 6186 9123 1989 7525 3926 3780 9141 8448 8465 204 5016 1411 4780 2697 6972 782 3344 2308 8087 2743 237 6385 6042 731 4555 5223 3222 1213 7730 9333 9734 4630 2881 9543 9676 650 2363 3203 6029 4975 2358 2911 5977 9524 2934 6371 3553 5977 9185 847 1855 45 2195 5257 8622 7528 1158 9441 7770 2116 980 3120 1805 7520 1239 6018 8509 6292 3247 6473 4507 6714 2407 7792 2540 2558 5620 9430 5161 6868 8692 3399 3380 1885 318 6650 801 660 628 2085 602 5936 5240 1098 7654 5623 4315 2797 9395 8220 4421 8547 4852 2485 2225 692 1035 2486 5740 3734 4682 480 1268 4874 3051 7933 604 4518 2000 5157 9686 2793 2560 6163 8962 282 5316 571 6593 341 7351 581 3991 922 3584 9143 1545 3650 4559 4793 2210 9096 5376 9787 4165 5983 8900 9165 5303 9849 1912 4993 3852 9111 2028 5106 258 392 7993 8313 497 4268 3027 8634 1032 1759 5362 7430 2993
9945 6286 5336 3628 1286 4101 0 4662 9165 4214 7514 4574 2044 5035 7313 7163 4485 1398 5154 581 7986 8014 3716 8369 818 3354 8198 452 6348 8046 583 2903 1648 8876 2082 7160 4528 614 6031 7407 7478 662 2962 9957 9203 4074 3269 949 7015 3304 288 8028 8085 682 2097 1117 9026 209 7180 8666 4070 3586 2529 7318 3575 1000 8966 8578 3833 6653 1585 8487 2323 8822 264 5771 1173 1112 1200 7506 4942 7400 6677 3232 6489 3457 569 1622 2532 5486 7829 5904 2497 8575 2798 345 1817 137 3583 9949 6511 5292 5574 230 1089 9984 3654 4385 7960 14 5026 5553 8595 6703 6265 7702 4285 3076 8124 8105 6992 3019 7086 3005 5990 1769 5606 8528 4731 3175 9845 4310 138 2381 8942 5638 2530 1137 9256 2504 1160 9849 8196 1123 8726 7412 8794 8228 3253 2636 5412 7021 8796 6021 9951 3869 3494 1406 750 6217 5573 1183 2449 5241 2272 8706 9467 5240 164 7528 2131 4104 9999 4747 5438 9319 3479 3814 2168 6462 8748 5244 4151 277 6358 4706 8156 1638 5579 469 7341 4825 4503 9558 1971 7650 6483 1159 1388 4627 9111 7360 1149 4472 8603 5185 38 7529 6187 4680 992 7971 6137 7736 7923 554 7203 4408 4360 4019 8997 5695 3599 2806 9564 3261 2233 317 5608 957 5971 8329 4656 3222 8477 6040 6278 6126 4844 1442 7239 9538 9505 973 2700 6044 9219 4900 9415 1973
4946 7594 7510 5677 94 5228 4662 0 8879 7692 9778 1895 5917 9162 7211 6256 2639 9351 4307 120 7930 850 5719 8059 2405 6447 9083 528 6476 7587 5017 4568 8972 2188 3635 2098 5828 2813 8824 1586 8820 2967 5530 9174 1430 8012 5547 7630 5609 8773 4805 6432 4633 5937 85 9787 3109 9576 5459 7726 6698 8959 332 7940 9398 5270 6038 3821 6363 4712 4119 5660 5086 9034 3848 1654 5415 7087 10 2251 8399 693 7650 8384 2755 2313 2988 8263 9566 9908 4103 9177 3778 9181 7036 2240 2834 3202 7096 8812 8590 4199 7889 4574 3407 2690 6400 1823 5818 8505 869 9867 2930 1665 6468 6258 9265 5511 9322 6664 3150 2901 3857 8666 4107 662 5725 3281 4876 4222 5018 7399 3812 4135 6543 4865 8424 509 7204 3127 3400 7500 2246 5038 5884 7292 2583 8755 3571 3614 8642 6909 7628 8903 9002 6299 5845 7505 6395 6872 8714 1211 64 6279 7366 599 2391 8448 747 8320 7976 1585 4742 5880 4625 4005 7821 9066 4242 1328 9375 6738 1511 8884 8151 7176 237 4789 4537 1982 5734 2310 8408 8825 2988 2646 844 7150 3872 9431 257 4535 4441 8932 6933 1087 200 4380 3537 9074 9822 3234 5199 495 61 866 3117 107 6087 839 1178 7732 4379 2980 9057 4143 3861 5615 4545 3144 3438 2324 6664 6206 9097 2046 3398 8778 3330 2130 6679 6299 9415 851 6989 3325 3438 6487 8579 1453
6158 2265 2843 6627 8458 5149 9165 8879 0 1343 6880 6841 9988 1598 3856 8499 8572 1943 4272 2947 4581 8939 5402 959 8040 8306 4180 1630 5992 4345 6954 7756 8609 5563 7261 378 2255 1292 976 196 9188 2849 3746 3877 7608 1268 6884 7508 3044 8318 2869 3285 1144 73 5847 1179 3389 1719 1346 2002 2947 4866 2505 1033 3674 7433 4296 7001 3085 2362 1876 40 9797 6390 689 9132 8801 4284 1046 7446 1086 430 1996 3280 1731 8304 5519 724 1657 2546 7511 9176 5741 4502 4831 1240 6222 5249 6148 935 3815 6550 9464 6586 6076 6626 8515 3702 7176 7277 5019 6658 3962 6576 9256 8528 9476 5333 4231 4549 9369 1516 345 1380 5364 4039 8263 6039 9084 6978 4125 1261 6239 4774 4292 4316 6629 7866 2376 6215 810 1269 6603 2826 6729 9916 9909 3154 4139 6140 2799 3591 5437 164 8157 5146 349 3062 9473 4532 1148 1867 7268 5885 8688 2141 7169 5999 5218 3817 9727 218 3946 6017 2357 8962 4861 2929 856 233 943 7868 9993 174 434 2261 7333 4558 3890 5789 4835 3236 2133 6198 7887 9495 8454 457 2127 2654 983 5180 2175 6576 3211 1368 5781 2708 2488 4210 5878 705 825 2991 320 4521 4100 4049 4052 589 9829 6930 3679 1298 1121 3466 9739 890 4050 7158 942 8324 2573 3701 6211 3980 7813 6086 4930 2939 7513 1120 2598 3957 140 2172 6983 2037 8127 1962
3367 5780 843 2387 7207 3209 4214 7692 1343 0 8043 9027 7926 4107 2427 9867 1316 1864 7382 1747 7328 2926 7786 3449 9373 6147 6020 828 9259 6465 4160 4438 7015 6363 5347 9568 2052 1154 6627 8970 6042 4888 3973 6572 892 6805 146 1243 8105 708 5117 6265 2547 3010 9306 4874 1950 457 5795 565 6141 2469 584 2977 4655 1081 6181 291 4273 9903 1414 3471 7685 363 4508 2597 7200 7071 1280 447 3812 5734 8394 6705 7001 7229 3240 8956 6767 8067 2382 317 6382 7018 3631 9623 6705 7291 3153 1835 1066 3591 541 6415 9714 1470 3878 8120 9462 6065 4467 5767 3786 6009 5490 2676 2895 6543 4849 3216 3690 6826 7479 7106 6846 8031 6031 8420 8991 1820 5548 547 7418 9568 1539 9165 9294 7418 7898 5480 1958 2399 20 2154 744 4519 6704 1230 6063 1970 8571 2547 2284 4116 8573 6117 4622 5250 4329 4272 5870 7178 5856 3241 6482 9151 6720 3801 3398 6410 6752 6369 7775 8424 371 1984 4364 9644 8309 2440 6145 8018 6870 8856 4334 939 6767 5221 6382 5444 5775 5232 2596 7660 7416 7787 9331 4684 5571 644 622 7174 4712 1667 3608 3952 774 2584 673 1597 8964 6361 7208 1728 7206 3816 7706 2035 6913 95 1134 5925 2102 9851 4467 3369 4537 3877 5140 7704 3148 9789 5412 7537 8042 2080 8634 6764 8940 1581 7202 9899 5600 6184 4683 8504 7454 6165 5843 1381
7323 5460 2054 7631 9214 4027 7514 9778 6880 8043 0 4336 2729 3185 456 5088 2523 463 9561 575 6737 801 5777 7290 2716 9435 5035 9651 9458 1846 8618 8946 6443 3855 2454 2458 6073 4067 5209 7113 5398 2973 642 897 2547 35 1137 8247 9011 4559 7328 7530 9983 1632 4442 9646 7980 9268 2098 5530 9702 5120 4795 4032 2090 7557 6372 1273 1335 771 2623 5930 2000 9371 6789 7934 8005 8532 9074 4281 8652 6778 2545 1748 4096 8623 7779 3720 9079 5362 6124 8736 2423 2300 8718 2041 328 6651 6167 506 9989 5148 2476 6737 3517 5239 3947 869 3742 5363 6427 5597 2514 6376 8797 7405 7898 3408 2569 252 9670 5948 5965 7525 3777 9820 4132 7270 9436 3180 9306 2996 1522 2377 1000 9882 7350 7241 1924 4948 1608 2082 3716 3202 6615 7511 5254 9494 3216 2849 277 2357 3614 2326 8503 5210 3104 5798 9237 4720 1027 4433 8330 5269 2298 8590 3428 8317 58 1385 1149 7376 6499 1233 9894 7227 8575 8954 7871 3082 8222 9367 7174 9785 9611 1497 4957 5420 4593 1002 5476 5844 4322 7857 9936 8472 3210 6305 4104 8062 7256 1862 184 5036 7150 6067 6807 1635 5878 7729 2521 8566 1913 4452 3558 9911 883 2779 6198 797 3998 3276 5750 5672 5894 2904 702 3245 7025 1968 2335 5467 594 3373 4079 7523 1832 9968 3141 3464 8268 6861 7788 9304 3492 3120 2602 8704 8875 3774
5915 8979 912 6081 7260 3038 4574 1895 6841 9027 4336 0 3237 5712 3252 5223 1099 6744 7197 4596 6903 230 7907 5421 5068 3849 8361 3868 6859 9795 2796 9715 6406 8580 8905 5433 7111 4747 1808 6102 9670 2898 9632 7397 8656 8117 8720 6911 3381 6272 5842 9969 3546 6588 3946 6688 8951 294 3911 8808 4892 9617 3665 7856 6807 8297 1988 3397 2586 43 5545 3438 8463 3348 160 2428 6356 9566 9249 5437 2401 5927 1655 5543 6421 4729 6514 2959 8900 2516 2426 7806 8441 1304 217 5399 606 9328 1038 9305 7050 8413 4604 1811 4052 4929 721 8114 8396 4987 3465 8943 8246 9514 7493 5442 1918 1960 2192 9351 6748 5556 7959 777 9349 560 6230 775 7524 8082 2678 3641 9790 9869 6258 448 859 5722 1514 51 3300 6278 3706 1385 4868 855 8189 4869 9107 7815 6576 139 1599 5966 5259 8120 4145 4095 503 3118 302 6035 341 4521 5230 3170 743 1726 6948 7251 3403 2891 784 5578 9158 7019 5643 387 5873 2355 4050 7231 9059 6800 9005 9892 205 1174 6308 5438 509 2735 4990 8427 650 4493 7668 8748 9361 6226 721 1549 753 8106 2935 6790 7676 847 6037 936 8271 3161 4670 8617 8836 2296 7669 5021 4185 2772 3471 3653 568 9772 2916 4860 4464 6772 6456 6372 6657 9016 1083 4338 2526 3238 1360 9376 7408 8820 8208 8605 9573 5900 3189 6402 2198 1363 6789 2800
746 231 5422 4012 5902 7399 2044 5917 9988 7926 2729 3237 0 3069 4112 3067 1982 2184 8926 8934 272 3130 4885 1622 5681 2856 7245 2480 2655 5604 9650 5253 8479 2352 6205 772 2171 6596 5372 1278 8946 9383 8200 4030 171 2341 8209 1631 3208 2080 7627 9807 9089 1257 5136 9674 2367 7543 6087 1774 5579 1283 1708 3348 3451 9209 774 3124 5789 2550 9520 7051 4459 6174 7960 1252 1748 6644 8316 5720 9702 9129 4274 9747 6447 9342 2131 8659 7448 5742 4701 508 2119 707 2393 1476 8419 4622 6091 2929 5531 9269 7724 5 7759 3267 2079 8967 4450 8333 9259 7284 7303 9954 1125 4985 9745 1257 5485 1800 2635 3955 8521 6951 9351 7811 7343 5610 9243 5899 239 4404 7145 5162 7552 2398 5691 7901 7801 2252 4746 5014 7245 2032 8520 7637 2657 902 407 1714 5582 3005 5612 8623 7969 2525 9469 1678 7118 4125 4022 957 5491 5020 4087 6147 3195 5331 639 6411 1732 3283 9920 4037 8719 1125 592 5168 450 2645 7346 2440 4608 6789 7702 2592 6479 9105 118 5723 4896 5132 2251 9944 8809 6019 6706 6938 3155 5193 6838 7633 2726 1415 2739 3232 8933 8015 5823 1642 7425 5643 6 419 9910 3192 3898 1502 8683 1710 287 6387 8735 6419 1244 5653 8295 5513 6262 1573 8674 478 3591 1091 5688 9983 9160 3850 7837 6881 5289 1398 3413 1252 3679 4977 608 4939 148 2215
8627 5181 9172 5975 7334 7114 5035 9162 1598 4107 3185 5712 3069 0 6266 7841 5427 94 4396 6265 2514 3518 5734 276 3794 5449 6948 2558 9301 988 6133 7210 4195 470 4913 5450 9099 126 729 437 8337 2458 4655 9906 5553 4908 6186 6201 2562 9489 1440 2617 9550 6181 6299 3085 5608 7995 8409 2085 265 3929 7643 3959 4408 9727 4011 3229 112 5656 5801 2236 7018 3350 7524 144 1770 6320 596 9783 3922 5163 1198 3366 1792 305 6686 3348 5563 6831 3430 2295 2425 2612 2760 9145 4733 473 9510 3505 7974 1062 5966 3529 8874 9519 7349 8529 9919 274 2225 8515 438 7726 1855 4813 4777 8737 7496 2374 6332 5383 5533 7089 9615 4250 1882 2003 2520 5510 4880 9797 8473 5709 2946 9988 5968 9060 3580 9233 7422 1949 1374 2429 9949 3440 4546 7790 4164 4111 4314 6567 7145 491 8891 843 3383 8983 1613 3202 7664 5978 1842 232 5511 3658 1306 5887 4633 9548 9588 8507 7843 6594 884 1002 6211 4092 7122 9768 8109 7167 1268 7180 6115 552 5470 9319 6988 8192 843 5500 9729 9582 1039 5663 4637 445 9608 573 8083 3931 2007 7679 8133 1827 7299 8103 1981 5978 1634 7201 9216 2882 2216 8259 9858 6378 91 2133 6308 895 5517 2111 3006 4170 604 7894 6952 528 5534 5454 3199 9612 1454 5209 8040 7157 6648 4570 950 6774 5490 3080 9953 9217 9104 6574 6627 1180
5144 831 1616 8684 2959 8816 7313 7211 3856 2427 456 3252 4112 6266 0 981 2291 7737 4838 7194 5810 9320 4994 8027 730 8814 5968 1872 1151 4525 4589 1710 9585 6670 3982 1204 1200 6140 2492 6130 6663 7667 7816 2768 9512 7608 9478 7695 6054 176 8360 9424 4518 3451 7824 4875 4399 6723 5356 1415 2453 2600 9909 1873 2739 9035 3894 9146 9774 9885 7930 9802 4208 5088 8035 2962 5774 746 9746 7440 225 5726 8354 2265 2843 8094 7692 4896 5914 670 5051 483 850 7825 5532 5789 7895 9204 9793 4839 5123 3922 7753 4895 536 6358 1434 8624 2378 1434 9905 456 7414 9491 3138 9991 9622 1271 4024 2111 8857 9655 4238 6747 4027 3453 4240 1977 974 9967 6910 1418 7730 8614 983 5694 9253 8769 6918 5826 1383 4541 2232 2522 2917 7343 7569 8295 1626 5428 9488 9761 3597 8564 4219 382 7354 2227 8391 916 7532 7484 759 7805 4274 9337 7738 3218 520 8591 1042 1855 2491 2674 7906 2646 3677 5041 1255 180 497 4462 9130 6830 9981 5839 336 6593 3273 9467 9563 658 2462 7281 7608 4342 3819 3362 3585 6513 6124 6862 894 9807 3667 3019 7745 6076 4686 7443 7131 1367 112 3404 5486 7470 3118 6753 874 2758 153 3451 1586 8127 2827 5934 6858 7822 3342 7213 3571 200 3328 5450 4348 2019 5 3911 3721 1696 2732 6895 8084 3597 554 4235 1033 5796 9110 280
2714 3365 1742 7420 1253 106 7163 6256 8499 9867 5088 5223 3067 7841 981 0 4355 2072 7622 5669 7431 3990 9302 4157 2872 5942 9122 293 3687 8390 30 8224 6739 6090 3326 3076 5789 5151 1698 6055 233 4114 2999 6273 2503 9217 5248 8817 1314 1149 6418 2713 44 3412 4918 2176 7108 7393 8690 2365 1626 3838 797 3284 7772 441 6526 5694 3013 7064 7687 8165 5294 5045 5289 4080 9841 1553 379 2352 9066 4161 5669 9851 194 6292 3782 5104 4677 7723 4945 293 696 771 2698 4285 8138 1935 2727 4804 8262 5801 8740 5497 4476 8622 2866 3918 4494 7368 7602 4606 6801 7552 6287 936 5475 1774 5528 5190 4534 1741 6655 3658 8333 5537 4735 3631 9590 3978 2536 7728 4375 5639 236 4926 1358 3557 5171 7185 5698 1567 2017 5447 1815 6150 9039 6121 9856 5135 4862 2808 4899 9193 2847 6595 4590 681 7501 5629 2666 5497 5047 1973 8160 5983 9110 8325 3680 992 2598 5142 8589 5473 9622 4967 8843 8267 8538 779 5974 9757 352 2426 3327 4629 2466 9 6896 698 9347 6479 4581 7065 2066 3662 9145 8119 6876 3923 5871 22 5224 1798 6134 7151 5367 1952 4646 2645 3451 6900 9466 4060 2254 9889 3835 1153 8723 6944 1295 3843 138 9135 4299 6088 7140 4728 6862 5058 4816 7445 5538 6387 4261 1356 7685 3281 5268 105 5254 8313 3556 7066 9390 1426 2526 6652 1784 8436
9082 6711 5418 92 9475 202 4485 2639 8572 1316 2523 1099 1982 5427 2291 4355 0 1821 7159 3516 8455 829 2761 1966 3766 7701 5138 4147 5552 7460 1021 5329 5143 4435 8032 9305 7378 8701 186 4246 3897 7459 2727 6265 7003 241 4900 9027 692 914 7737 7943 9509 2797 4015 9337 409 7067 2239 379 7886 2503 5341 1311 4110 1492 8078 912 200 9562 4315 9809 570 7983 5017 3277 3045 7688 5103 9849 5734 6483 6773 8854 6708 9882 9433 7345 812 1552 9488 8047 538 9519 797 7841 121 5696 5745 2129 1966 2000 6200 4571 2731 4212 446 4926 417 4642 6730 6684 7388 42 975 7318 1663 3976 672 5667 9572 8409 6961 7128 5462 4536 473 4698 6429 5474 2438 9442 9731 8885 8820 5982 4288 3489 7114 3470 89 4988 5181 3169 3868 5961 2048 5501 348 3012 6316 4525 1200 9718 6081 6482 1715 2849 6210 5432 1797 8711 7278 9125 6746 6775 8815 6587 7949 8893 1243 389 7992 338 4138 7110 2007 6821 9015 2137 9493 6084 6603 8830 2088 3315 2924 626 1922 9026 40 5631 9233 2932 1963 7645 7510 2400 4489 166 6290 1383 4092 6033 9893 6851 9397 5128 8689 9432 8235 8391 6150 2167 2756 334 2253 3436 4772 8484 1681 2563 6913 8774 3732 9679 3965 8919 2654 7627 6943 5848 6265 8093 9002 7308 3083 8961 170 1356 790 1767 6992 8323 7395 9467 475 9944 6041 618
8014 8598 9749 8066 5777 9272 1398 9351 1943 1864 463 6744 2184 94 7737 2072 1821 0 1050 9216 3163 8675 2900 5318 8461 5830 9001 5398 1739 5379 2373 8738 2602 1937 9884 1837 4432 5246 7166 3142 6166 5997 2535 307 2963 7292 4087 580 2743 998 1044 534 4660 281 8155 2080 4852 1717 8980 3458 1301 4435 3836 3844 2798 7879 2876 3475 777 6234 4100 2988 8690 2219 3416 1713 1722 6970 2829 8206 2743 9310 4081 6999 9737 3440 2629 8960 5540 9548 454 4906 3406 404 8426 8451 18 2227 5767 1992 3908 3098 8760 2083 8295 2958 9549 3814 7053 2530 9556 8023 9509 9249 686 441 825 8403 4011 6913 5089 7148 2073 9376 624 6251 4374 7782 806 230 9968 8352 8169 2293 1527 5986 5502 6231 2789 8138 9754 2823 8189 678 6782 1939 3284 7421 8377 3681 7501 3947 9205 5948 8412 5905 2284 4866 4055 3753 433 8589 7969 5522 2323 2136 4036 9201 2708 9919 5122 9840 5025 6636 3731 4136 1861 1068 9205 7352 2666 761 2443 6216 7185 7114 1158 4437 9045 852 5753 5460 9256 2269 1380 4130 9141 8052 7189 1031 4582 9548 7175 188 2070 1218 2216 4140 6214 9506 1789 4594 9956 8008 3466 2848 9582 5402 9961 6096 8938 5831 1959 419 5852 5312 4567 6651 8342 7933 3694 9413 3405 1669 8051 5512 4528 976 719 6535 2021 8689 9810 3943 4481 9116 9636 9820 9889 9792
6344 1811 472 2989 211 5968 5154 4307 4272 7382 9561 7197 8926 4396 4838 7622 7159 1050 0 1008 7632 5385 4328 1903 9636 6047 1316 3445 273 9945 4767 6212 4801 4101 5168 2951 7308 3632 921 1787 4872 7000 9575 9651 2429 6893 6286 7784 9981 7657 8774 8431 738 849 5 5033 9956 927 7830 8015 5198 4093 5733 6629 6647 5833 6156 2322 5743 5359 2744 3462 7797 5156 6383 3291 5066 2779 8501 6201 975 353 6540 959 8178 4970 3305 7187 6914 994 5438 4224 4245 8102 3536 5791 5240 8937 4774 6522 3025 8690 4607 888 6538 8484 6894 1906 6772 7214 9717 4534 4978 4232 6193 7471 7770 1377 5275 8231 3928 9117 1732 8905 7520 1583 5201 8553 8287 2216 9293 9517 7590 2130 5042 6433 8093 4919 7104 1816 7503 3846 95 5141 2810 6590 1434 721 6251 6756 3730 779 815 1287 4682 907 1969 9981 3615 7265 3945 5619 4442 3937 5751 1116 6894 3765 2776 4067 5207 504 4829 7586 4420 3581 4386 8657 3574 2042 4995 6303 168 5174 6670 4997 4444 4245 2987 1250 7196 767 5411 9194 8494 8823 2823 9226 6371 5923 8515 7441 3425 4755 3369 1830 434 7192 8834 2314 8926 5232 5214 472 7217 1805 6178 3963 3839 1245 814 7147 9166 7431 9193 1700 1321 1092 1498 7158 9714 6714 3993 143 4785 3863 3189 2071 8676 5942 2523 4469 7302 9881 7045 3009 524 396 5860 8381
9740 910 3934 492 1644 3316 581 120 2947 1747 575 4596 8934 6265 7194 5669 3516 9216 1008 0 8673 7851 5913 9186 6580 8679 277 268 756 8422 7808 6091 8375 2013 1681 6366 8460 862 8439 714 1853 6732 1107 8915 5618 3795 369 7104 7915 190 6527 5273 8251 2405 1334 5347 5486 8668 5907 1522 1829 251 2874 50 6094 727 9082 4017 7149 5498 5790 4207 171 3625 3280 3720 8253 1061 3483 662 8718 3947 200 9837 1294 7443 1977 5988 6643 6545 7037 4311 7684 5660 9494 2712 2644 8606 5419 119 4709 487 4719 5497 7866 612 7217 6310 1723 5435 5276 1569 16 9880 2728 5337 47 1240 7938 2962 3989 309 7027 6993 61 6652 7119 8897 3104 652 6941 6926 2332 7462 1827 4921 8417 3668 3456 7512 5689 2511 1931 3339 8376 3312 1266 2814 6345 6589 2844 7503 5725 3688 4069 5161 9369 8039 6258 3433 1359 9388 6619 2752 256 4887 1041 6963 2184 3193 3477 4548 401 4043 6472 7658 2545 1907 103 2261 4651 9645 5037 3752 7227 4379 4143 9244 9545 3882 9625 5195 6594 5602 5479 5629 606 1355 8279 3358 7388 5611 65 1493 1985 8210 2514 5516 7463 3510 1438 1733 3101 363 6486 9143 6569 9782 6707 8461 8104 5486 4852 3339 1010 7759 1771 8921 585 5921 7158 899 2329 3699 153 6269 7754 8693 4673 9572 6618 811 4448 6046 6849 83 3551 8528 6831 7637
9396 3094 4992 7962 629 6996 7986 7930 4581 7328 6737 6903 272 2514 5810 7431 8455 3163 7632 8673 0 1156 8554 635 5229 8304 4371 1237 4594 2300 8481 7549 6523 8474 5685 5175 7776 9466 3879 8134 8595 2565 8390 8964 1718 9421 3194 9726 2342 450 6959 2648 1992 9911 4886 3013 4207 6360 7576 3182 1940 140 6151 7850 9547 963 8172 9960 1928 9149 3585 2626 7241 3440 7136 6592 8347 6310 4775 7877 8385 3172 738 307 8256 5826 2266 9502 5147 956 9519 3617 2510 6180 1095 7422 5491 4701 9900 5700 7135 6913 9074 3755 8014 4652 546 7539 4542 2799 8487 4674 6849 3324 9997 6671 6877 9231 7674 3723 8660 6527 600 5707 6685 1972 5991 728 2460 7741 6614 1759 9788 4731 2930 2609 6334 5554 679 1913 4447 611 4230 5543 2742 970 496 4044 2329 6062 8436 2032 875 3800 13 7634 7984 9048 1298 2644 5506 699 3540 7161 7969 5279 9807 23 8883 2128 1548 3939 6121 9743 9676 9486 3840 3755 2189 8313 1091 154 5593 2871 6276 2955 4249 5572 9921 1183 2557 1089 469 5512 2085 1366 517 2580 2892 1296 9036 9035 9225 809 8492 5768 5826 2515 7259 5689 7126 7962 718 7450 753 4985 9318 9425 480 9136 180 5765 5187 7900 3 8540 6939 4609 5398 3471 4180 2347 6132 8790 371 1552 828 8680 3771 6834 6197 1259 9074 7366 1920 113 8567 5141 5786 2629
2064 6357 3563 3809 258 2244 8014 850 8939 2926 801 230 3130 3518 9320 3990 829 8675 5385 7851 1156 0 421 8080 7897 4194 3005 6304 9578 1397 1243 3372 2472 2457 985 6944 5891 6395 8517 1266 2187 5931 1402 4328 9630 2120 381 9471 9148 8321 7727 5731 8506 9187 3753 6937 110 8924 6936 4743 2256 9550 7444 3509 7046 2390 6398 9981 1988 6334 3064 4395 8482 9525 1808 3684 7661 4597 251 3493 3627 3013 8215 2157 599 6887 6290 1278 1533 8455 8461 7601 7406 3345 7914 1356 3582 950 1452 6614 4463 2916 9533 4243 1872 7014 2087 7578 3166 2209 8744 2553 3550 2799 9522 3153 189 4870 8935 1522 226 4230 5548 448 7344 1434 5916 4604 3622 7566 6099 3741 5264 525 1204 4617 8972 2925 160 7012 147 9624 7279 3345 1616 5375 9108 3606 3095 581 7682 5242 2186 701 9226 4936 3889 9940 8133 1805 7632 937 2651 1108 1139 4794 8392 3935 6465 7571 8563 2949 31 8768 8442 9619 2555 3952 6512 9192 7942 5781 4135 4143 7824 9564 6808 1811 7208 7885 5566 7729 8525 4035 7365 1506 8126 5999 5635 9939 3801 3873 9275 4925 1538 1063 5273 7365 9583 5569 9165 9136 8866 1760 9846 6536 4512 9265 7992 2330 9338 124 1902 859 4280 673 3272 9343 9570 6916 2199 696 8018 6533 2255 2204 8957 4598 931 1880 9801 3124 8602 4345 4062 6357 5212 6684 668 5485
5823 8640 2209 7875 704 9778 3716 5719 5402 7786 5777 7907 4885 5734 4994 9302 2761 2900 4328 5913 8554 421 0 5429 7216 1249 1845 7520 7904 5298 1553 7750 3647 5293 4323 7930 1993 7587 2120 8156 4184 5925 1030 3601 4920 4488 6193 8656 1703 715 5254 339 9679 501 6384 6673 850 3381 7078 5811 6611 8871 8854 7781 8939 9377 6119 9728 7166 73 6254 1142 3892 2624 4252 8402 1275 4774 6311 8781 6392 5838 7462 2035 6263 5176 8309 4877 5368 2040 2627 491 535 2354 8804 5546 2921 1554 4004 6840 4922 9818 6866 824 8684 8336 1714 5474 721 2563 2845 1402 5786 9280 2797 3233 2779 4958 9383 9048 2002 2785 9636 5670 8140 3125 7583 7629 2051 5368 5782 9666 1223 7146 8470 7693 7568 9189 1258 6772 9906 5281 3274 4209 4456 4288 6494 5210 548 3464 2037 9633 7450 5234 6966 8201 3348 6555 148 7362 234 365 5481 6622 4418 4267 2245 8290 6288 4267 8778 8521 1190 7393 1614 7025 2954 5074 2727 5068 9643 617 5450 2601 9289 321 2203 5102 9913 5017 3808 9404 1766 7861 4455 2782 286 150 2045 3100 5122 4435 5959 6420 8859 1500 9755 9585 3524 5121 9932 1701 9205 7232 651 6771 5663 3871 4162 3966 5370 4937 7360 7039 8828 7265 6329 5244 4187 2791 9853 7697 159 483 5117 8332 4842 6332 3703 869 8392 825 7727 9370 1600 1372 3993 9149 2230 209
5262 5363 3240 835 6758 6858 8369 8059 959 3449 7290 5421 1622 276 8027 4157 1966 5318 1903 9186 635 8080 5429 0 7646 6025 7375 5894 6560 1527 6997 2587 2194 3799 489 1003 2234 611 5945 6410 1527 4935 3637 6424 5544 3079 663 9002 5678 4328 1746 6493 1503 449 9592 9211 9869 2185 7305 2412 721 4343 3164 5284 4032 5912 9101 5701 446 3294 5025 7059 4118 205 2766 8519 3441 4729 9055 7467 8122 9805 4246 1686 2123 6182 636 1242 9221 6671 7632 8162 6147 9995 9520 8642 7960 9443 3301 4055 1105 7715 5838 2929 7523 3077 431 4179 1530 7237 1342 4287 8386 7934 6110 7270 4916 2719 2344 1258 8743 7698 6244 7674 6244 7034 8419 5575 6919 5164 1051 300 4213 9998 3688 1921 4952 3203 5569 5981 8005 3290 2876 8687 2242 2868 4553 900 888 3944 7747 9987 9936 4893 3558 4085 4174 7193 4975 4668 9569 8133 2349 974 2504 9577 64 4413 7154 9273 5238 2683 4507 7906 8070 485 3783 9983 7013 7055 2364 4234 7608 2315 9242 5444 7255 7088 1589 1096 573 4367 7947 5774 6865 3388 5518 2566 6025 7365 9502 603 3914 6956 6879 8710 1225 3509 373 6581 4634 2561 4660 4734 4760 9210 7115 3651 4399 1006 312 5598 3266 4930 3987 8462 6663 4349 8940 2065 1845 3617 4437 892 9251 7492 81 3714 583 5988 9591 6477 3242 9132 3336 6942 3066 8886 1441 9256
1685 5701 3784 562 8234 2053 818 2405 8040 9373 2716 5068 5681 3794 730 2872 3766 8461 9636 6580 5229 7897 7216 7646 0 7189 4037 3620 1921 8807 3414 5514 5787 8678 2859 8339 3593 5977 5302 7275 450 838 5321 2878 1786 4330 5110 1361 967 9909 1845 6111 623 321 8145 1243 1155 3927 365 3694 3593 5658 5401 2559 8123 214 9861 7842 8050 4226 3549 2878 756 7351 7478 3968 4913 6128 5032 1290 9345 462 2889 5675 3555 150 4850 3567 9329 2655 9121 4612 4364 628 8494 2066 1080 4650 3199 3519 173 8923 8202 8021 3779 6820 9713 4194 1654 5286 2595 2626 448 7961 1679 8477 6922 6696 5604 888 6949 8913 5340 7545 751 9 6656 1539 5513 2553 9344 3392 5263 3724 175 6449 6422 2382 6504 4843 3086 1394 4533 5768 824 5818 5519 6205 6386 1003 9347 8382 6296 409 8089 3975 5008 431 2425 8474 1354 8298 79 3777 8151 2711 4398 703 389 3578 9665 1834 7491 2209 5919 3601 9867 6088 4675 907 1421 6995 9053 5726 4459 3074 9627 5997 5157 5387 8463 4612 3015 1930 2952 3072 3575 1873 7771 1263 3264 1111 6134 2796 6225 1213 8052 5910 9648 8501 7552 1001 921 962 7119 9387 9489 2442 8796 3211 6662 8842 3316 7531 3776 7797 3082 3277 3455 7894 18 3604 2273 6421 3413 5734 5123 4713 3733 557 2454 3469 1046 6816 7167 4800 3762 7057 9150 7800
5022 2454 6704 211 947 8180 3354 6447 8306 6147 9435 3849 2856 5449 8814 5942 7701 5830 6047 8679 8304 4194 1249 6025 7189 0 3702 8459 7843 6206 5617 2338 4174 1409 8953 3933 8240 5966 6852 2125 297 2814 1764 3728 9737 648 7050 748 1752 6338 6593 3307 2090 8757 7602 2787 3446 6126 9253 4199 6009 7681 3932 4301 99 7518 5841 6348 9348 8496 353 3477 2324 7523 1443 2258 3742 6854 4311 2432 6773 3355 265 8841 3363 6178 9113 6341 4735 4224 2626 2933 3309 3835 4603 7362 2676 8835 5874 262 6830 4284 2423 497 9682 4884 4268 594 4658 4906 8753 1358 2593 809 9524 1456 5922 4389 785 4354 7042 3217 1976 8123 5077 2291 7090 2763 8633 2998 2148 6270 7518 7910 24 7289 746 5737 9458 1195 4349 4073 2989 3536 7352 1424 2101 6585 6794 6009 968 9075 4590 5842 1482 8975 7469 883 7519 6698 1070 7270 340 6142 7958 2136 4111 4870 7476 292 1470 2317 9586 5286 3922 9120 9553 100 8358 3304 2580 6167 4249 2567 7706 8381 6530 9823 5400 9285 8572 623 3699 9418 1301 1121 6819 9779 7944 9466 7439 9993 5215 9022 4778 9911 2946 872 2252 5792 2753 9796 6074 6939 1677 5618 7091 1878 2623 1220 8131 3630 525 7069 1927 4269 1006 9267 1420 7391 1234 6898 1307 1367 8586 846 9028 7897 7378 9919 9532 5281 9918 4846 2099 2443 6852 7787 4366 7448
2957 140 263 9956 969 2579 8198 9083 4180 6020 5035 8361 7245 6948 5968 9122 5138 9001 1316 277 4371 3005 1845 7375 4037 3702 0 6778 6567 6609 8505 4316 4767 6501 3765 4033 1102 7341 1242 5289 5821 6201 3493 6735 5666 9075 3159 3053 8524 4866 64 9867 7618 1264 2029 9042 7111 6322 9047 3603 3471 5487 1439 739 2774 4249 1475 4013 1642 1229 483 2524 8234 915 2040 1026 5754 9246 9081 4192 703 9832 7116 3028 2336 2257 1982 4991 5747 5108 1404 1784 9128 4770 8961 3778 3807 6380 5966 268 8833 806 9428 9289 1217 6284 1902 3307 1517 3363 1025 2071 7816 6982 9649 9877 3336 3663 3635 9576 8830 1090 5285 5820 4444 2953 9492 6889 8046 8004 7744 3624 5010 9003 6185 9059 5773 6101 6164 7388 5311 7599 7371 8909 9935 6291 2735 2256 2494 5295 3937 924 244 4606 3575 4787 2667 2320 1296 2686 9543 4035 4742 2795 2919 2822 9677 9886 8610 2869 5141 2863 2958 2813 8496 2497 6432 7707 995 3631 8642 1259 4767 5068 9363 4229 1784 5311 765 6223 9920 4707 1629 5371 4717 3771 3723 2326 9101 9973 8910 7359 3210 3044 7862 3030 7680 3300 3708 9553 2856 6712 2723 6 2542 1677 5625 910 6236 56 5656 7677 2869 8195 9753 9561 3406 1231 5384 50 5407 204 7180 2796 2879 9708 7859 1080 4568 5991 278 7864 2229 6337 9726 8103 3458 7888 2147 2562
6433 7099 7406 3720 9442 602 452 528 1630 828 9651 3868 2480 2558 1872 293 4147 5398 3445 268 1237 6304 7520 5894 3620 8459 6778 0 7206 7347 2738 955 2212 1969 3119 6997 9702 9957 8600 6485 5230 2192 4537 9895 2362 8713 3112 9864 8859 9684 8237 1143 7462 2086 5519 2356 88 29 3995 9006 2967 9952 7700 8191 1499 909 6091 40 6343 5976 9633 7022 6953 6284 8046 9743 6432 2705 9784 9384 5388 4449 3195 7778 7006 3801 5202 4459 6229 4031 7758 4816 1249 7668 7047 6208 6528 4597 2195 1826 5594 3003 8836 5649 8468 7391 7546 4180 3616 899 5251 2856 6583 6783 312 7628 5097 1987 7940 8576 6383 6875 4466 4448 8744 2537 6844 5372 9055 8636 9735 6960 4686 9310 5787 8496 5402 3526 990 6952 9409 1552 5851 3213 8427 7875 816 932 9432 2610 896 8770 9964 9609 9110 7203 5345 3537 5577 6094 5150 3060 4522 3967 3698 1915 6544 8038 8851 9710 7559 5073 7016 2605 7082 7578 7682 7996 3419 9083 1209 1141 9128 3756 6580 2005 5811 7971 1946 5533 5269 9694 3671 9281 401 6283 9522 5637 6526 621 5177 4785 2057 636 8233 6075 2616 3268 2224 4922 7890 3612 9467 5144 3157 5110 6503 8134 5006 8220 1647 2021 8784 317 6540 775 7941 1311 5739 4264 3747 3110 5205 5162 2094 1290 325 8045 2437 693 9776 5280 795 559 5624 9808 2714 9008 7820 8667
3216 4125 1243 4524 1451 9418 6348 6476 5992 9259 9458 6859 2655 9301 1151 3687 5552 1739 273 756 4594 9578 7904 6560 1921 7843 6567 7206 0 5291 4514 1736 7691 5415 2409 2321 6002 8080 7524 6557 1175 8505 9516 4487 8475 1010 2193 1088 2323 737 921 8268 3893 9766 224 2454 6430 6832 2151 1855 4332 749 289 1782 4441 5779 5804 321 8894 4480 1649 6993 2437 4941 6727 6012 5980 6658 6611 818 7056 9515 754 4808 6887 888 1620 5049 3535 8007 4119 7725 7282 6573 1762 5877 1904 1503 8902 6025 4814 6682 9029 2683 4604 2112 2242 7046 6016 1344 5249 2837 8024 168 1167 2566 4207 588 1425 1492 6939 4053 5137 2582 4673 4124 6041 5593 8493 8789 462 6845 4656 448 6115 7148 948 1221 5264 5862 4254 7738 6984 7959 8674 31 5935 1444 1541 2 876 124 5843 6725 7632 3685 3881 2423 6811 6745 5914 8951 1762 7081 3171 9558 3096 9298 7669 170 2713 5377 8096 1122 9314 7208 6525 8353 8913 5638 4102 920 3385 5271 8133 6516 6606 9033 1191 1995 4573 2663 899 9502 888 1429 8591 4822 3274 1511 5070 2753 1704 4874 8416 6323 4611 8854 2668 6032 9376 7042 8886 6328 2808 3211 7975 993 5568 1779 5966 6994 451 577 5340 2071 1096 8583 707 9948 7577 2775 4293 981 975 1236 7788 8297 8277 6797 1635 3475 5880 4114 7118 3072 873 7351 5511 9503
8075 9400 3409 8750 9298 4797 8046 7587 4345 6465 1846 9795 5604 988 4525 8390 7460 5379 9945 8422 2300 1397 5298 1527 8807 6206 6609 7347 5291 0 7293 4904 8552 9376 5972 2084 7526 9455 1003 1255 322 9260 1195 2771 3491 9479 1353 9828 8616 5199 5484 6990 1328 7326 8227 7375 758 6665 6938 5947 505 2396 5803 2575 2992 3321 5377 7183 6289 9739 5427 6976 942 6951 8567 3622 5503 495 4390 9766 788 8253 6529 388 911 2691 6808 7451 7933 1200 8732 2361 3141 9443 875 4143 5423 1640 5137 5813 2675 2162 9958 5213 8354 6164 9717 4903 7820 2428 1812 4510 8190 9621 3158 3566 8318 2830 979 1342 4495 9606 5042 7560 882 6309 1282 6764 4940 4639 1420 1527 2617 4729 3049 7959 8832 1522 5776 6158 3466 1994 6949 8430 8836 6099 7160 583 8361 7555 7926 8550 6228 3912 9242 7653 4121 9639 2375 9129 8642 8869 6331 4985 442 1378 7735 8795 6960 4281 2207 1628 5741 8101 2050 3540 3969 6715 8023 810 2839 7373 9636 2815 5325 4315 8102 1058 6960 9470 5768 5363 6975 6263 741 2207 9035 7433 2397 9832 8097 8798 828 69 6727 2260 8718 7551 3425 4131 4466 4999 1456 7012 8494 430 704 8050 6130 7526 8236 7387 7168 7493 9051 3769 7812 9547 2864 4915 3321 5098 7376 5980 9343 3934 3930 4825 4023 1580 5312 1813 6464 7047 2229 1082 7562 1529 4806 6841
6856 35 7235 6921 3583 9663 583 5017 6954 4160 8618 2796 9650 6133 4589 30 1021 2373 4767 7808 8481 1243 1553 6997 3414 5617 8505 2738 4514 7293 0 8750 5938 3846 217 1501 5802 3834 2989 2826 6386 7976 3407 2628 1235 301 9750 2293 9031 846 8695 4598 3238 4439 1068 2623 5631 3320 3618 7253 1907 2294 7454 6405 2674 5739 8700 2158 9165 398 3256 5252 8749 8116 2702 5090 2415 4878 4039 1653 2637 91 3892 9638 3226 819 6247 9836 3468 3395 9909 6168 1445 1630 4766 7804 9998 5903 125 804 3179 5898 1444 4250 1646 8913 3266 8594 6555 8505 3944 3630 7961 4266 7540 929 2192 9950 7255 4689 8761 840 4120 688 2273 223 7341 6478 3324 9651 3693 1306 9040 8525 7381 4160 1242 2305 1188 7006 8573 6879 643 6720 2273 2474 2918 1851 3267 523 3714 6967 3550 6957 3475 448 2759 8847 1583 1178 9321 8661 9255 4225 5833 4562 1867 7342 8857 3282 4047 3699 7764 8453 8346 2987 8647 1322 1444 8253 3579 8802 799 1152 2653 8730 4472 7524 8527 9017 4668 8159 8967 4402 4808 6992 2682 4906 5963 2527 8552 4191 1522 3990 9638 6550 7140 6498 4767 6564 4333 7475 2467 700 5978 4791 4216 8606 8419 5985 2731 7461 8334 5662 9743 5705 2948 856 1852 8665 4116 3205 4347 9509 3843 1870 4870 1327 9133 9617 5065 8083 911 7613 8759 58 6430 3087 3848 3905
1207 33 667 795 2906 4786 2903 4568 7756 4438 8946 9715 5253 7210 1710 8224 5329 8738 6212 6091 7549 3372 7750 2587 5514 2338 4316 955 1736 4904 8750 0 943 994 3229 1665 3915 2760 9944 6429 4449 5455 5313 1983 8091 5288 3060 1433 5706 4205 9489 5283 3830 2054 8415 4334 5681 6029 9252 1653 7385 7845 9207 6229 3658 1690 8004 5120 5545 8621 6882 5860 8680 5216 2775 3290 2542 9199 635 2711 1400 4809 590 292 4227 7597 9467 5154 6312 4856 1646 3951 7203 5356 1485 7065 7918 5802 2305 8798 5191 2795 5365 9292 2311 8506 8200 9481 3881 1910 1044 4584 4064 978 756 2987 2259 6181 6337 8758 8105 9178 5312 7110 1373 6635 5229 9954 58 7038 7488 3608 1837 7304 1774 3310 9099 4438 6240 6246 5641 2858 6176 3972 2898 59 585 124 8592 8376 6716 1080 1110 6691 2285 5914 1369 7292 3099 2100 8578 3925 4874 7302 7627 344 5309 4285 8174 661 5849 2093 2521 6194 7754 9720 5715 798 3803 445 2691 6411 9365 2727 547 8330 895 3857 7770 56 6567 4697 8783 3106 1166 7767 1804 3854 363 4597 9333 2373 7281 1622 7832 8349 9843 8077 8787 9921 5826 7065 4170 8031 2244 9056 1482 7317 4508 9952 7541 2169 9010 1157 987 3213 4298 3442 7834 5362 6747 588 6460 6309 8744 8298 6600 1527 6912 2972 5332 5473 8029 3736 7323 2991 9630 9079 6607 8471
