100
0 1892 8934 1740 7755 8213 7965 9199 3609 7922 8556 2378 5658 9924 7684 7705 7270 4228 6395 3366 4309 5546 4053 9802 6045 9916 3248 1665 7134 3441 882 3496 4022 759 9065 7585 4985 6463 6097 6998 1673 4722 5027 1907 4987 740 7431 1188 9829 4988 6003 9959 7684 5417 6599 3357 3586 7511 3249 698 4942 6246 8756 8541 6112 4334 8055 6729 9225 2107 1099 5013 932 6776 9827 7449 5593 1440 5981 3327 2505 3314 8931 9540 6435 4686 156 3920 1922 4858 8439 590 7913 9223 2462 1200 7251 1709 2197 1635
1892 0 3425 6104 2685 5665 4968 2750 5114 250 8318 2611 8942 7419 9211 4053 1287 3221 452 7788 7804 3280 5110 5059 7219 7645 1837 7803 9214 2169 6423 4208 2525 482 1729 9736 8676 553 1107 6140 4806 4414 1422 9738 575 7350 4269 7699 7461 3451 6879 5784 4064 2636 1811 1424 3127 4624 5670 4123 6108 6048 1185 8620 9735 2881 8039 8598 7044 9906 3032 6409 7276 1867 8536 9242 9450 6416 952 3815 1673 2631 9955 4316 2248 9599 6224 7156 8396 6811 4813 9829 7499 3879 2080 1691 7169 9997 2623 3019
8934 3425 0 8005 8642 7106 199 8070 1455 3301 1227 5668 9745 5952 2839 5230 1110 137 7286 60 4724 4773 2938 7295 8781 315 2969 5720 8081 923 8142 8291 2008 6376 2699 4978 1631 825 1779 3314 5976 8421 9134 5314 1849 7333 7467 3564 9974 9702 8754 4730 821 9570 9951 8983 4392 9172 1730 4787 2558 7572 7072 5608 5219 7320 4075 4807 6516 971 1240 9106 8327 5749 2106 1062 1315 372 2518 5655 1097 885 8424 3792 858 661 3993 657 9641 9618 1684 5709 1145 9736 7997 4783 2966 5096 1300 6707
1740 6104 8005 0 7344 5319 3178 752 3913 130 5921 2339 2781 2734 4778 4486 2999 2211 5131 8112 9745 1798 3030 7042 9287 9198 1364 7827 2748 664 7650 9202 173 2710 5304 3702 1871 3155 2134 5817 8548 4474 6858 4306 3090 1499 7733 5056 1068 8818 9961 4138 6388 1460 7878 2618 6150 675 8789 6340 9079 8606 733 8142 7541 1189 2273 3868 6411 7401 2767 4891 4473 8126 1578 6510 9316 834 4204 9777 2592 2965 759 3695 6050 8681 9526 5301 336 3176 9275 7615 518 6812 6437 1388 4939 5250 1148 799
7755 2685 8642 7344 0 7130 9159 2143 2788 2116 2044 6989 6211 5815 2965 3815 8968 7988 9776 434 3178 5353 9213 475 2566 3447 647 1067 6421 6693 6246 9058 8719 7552 1892 7969 6907 3843 1021 4642 9484 6044 4032 7720 9267 169 9597 8052 5784 5131 7278 422 9035 4534 1352 8972 9738 3056 9606 5149 8383 4680 1770 2756 9735 4752 2306 3791 164 4269 1309 3476 7002 4788 4516 8297 3498 7978 8384 788 203 6460 9300 5346 701 5064 8741 3392 2341 2537 6854 4910 5253 4371 3483 5269 7576 8618 5144 6084
8213 5665 7106 5319 7130 0 7119 6892 3807 7645 9646 3296 7462 9628 9636 5378 7575 8104 8458 1009 7705 350 2254 4005 8128 1910 2615 3936 5204 6656 3243 3799 1942 3916 5737 3985 2735 4184 3607 7718 325 240 8435 9005 1425 9581 6021 5038 6680 6740 9885 4957 3881 2226 3841 1448 7161 7191 4038 4056 3380 2351 5594 9930 8840 3662 138 1381 6527 8144 6283 9439 3687 1704 9730 8334 5767 8971 8545 439 1770 3302 3410 1736 7974 7111 6142 2192 7648 3299 572 4585 1938 9086 2277 4474 4669 4071 441 6395
7965 4968 199 3178 9159 7119 0 6479 7414 8318 4323 8067 487 2464 5798 2447 8231 4657 4324 4359 244 7465 5490 5004 9475 5487 8222 4808 1261 5007 2708 8943 9691 2363 4611 7117 1753 4406 912 8253 5301 1775 9797 8640 8932 4085 7953 7133 7003 6661 8713 4029 2479 5712 736 3236 1481 4573 6297 8404 1502 4356 6874 3774 9205 2390 3932 3909 357 595 2074 5912 8855 5543 8826 3592 2225 3924 5436 2675 7228 2960 2102 1681 5809 2971 5544 538 8964 8439 7652 4467 4940 3750 9679 3940 4194 6167 2392 9709
9199 2750 8070 752 2143 6892 6479 0 4819 7927 837 9007 6622 7969 4059 3728 6177 2756 9267 9742 1947 2243 4561 307 7023 5366 2959 2019 4644 8485 5488 3940 5434 9423 3709 1744 8137 2968 4317 2082 4601 3142 9610 1950 3286 8851 9079 4072 2377 3448 2655 9158 5563 883 702 5248 860 2655 627 7920 2708 8293 7647 1151 7490 151 4964 5569 8064 4194 8473 2083 5819 8197 6392 2304 1963 7858 8637 1008 8791 8760 685 4271 6332 3757 8350 492 7323 4164 975 3685 7702 9134 2485 8593 3216 438 5742 5401
3609 5114 1455 3913 2788 3807 7414 4819 0 3790 6426 7154 9972 5779 3713 3788 4445 7819 9719 438 1083 3666 107 5437 9437 3155 3039 3878 4706 2523 2068 3311 4557 2954 4430 7250 7656 8229 8139 2211 8592 6345 8198 2411 8498 7224 1435 1979 8558 7955 6040 4159 8722 6239 7057 0 1941 3734 2466 9230 866 7629 3479 7220 3930 1151 665 6841 3618 1050 7556 4799 7184 2220 9160 4129 3602 9480 3575 4107 406 2667 49 3438 822 3886 5229 2372 2661 7355 8666 2222 2688 5163 1733 6579 6612 3183 164 9845
7922 250 3301 130 2116 7645 8318 7927 3790 0 5366 2124 3432 5058 4110 6635 4950 2473 2909 5222 9034 1049 9029 4802 6439 4258 5962 6386 5718 8134 4578 1691 2638 2277 1527 4234 2749 6559 6484 5140 6046 5531 7562 2784 3958 3642 6793 3659 6551 1261 8718 5012 7523 9152 8283 3562 7756 5232 2007 8874 3384 9238 7741 4667 776 7075 4503 7155 8364 6081 9255 720 3243 5127 6269 8423 5307 1090 271 871 8799 7306 6817 6429 6522 9716 7395 9972 3674 9286 6424 4475 588 2778 5232 526 2765 1737 7028 6187
8556 8318 1227 5921 2044 9646 4323 837 6426 5366 0 9495 4000 5648 8064 9135 7525 8636 7757 7436 8004 5750 5382 4087 3321 3141 2298 1306 8175 1473 1989 2056 9059 2136 997 3141 4291 7974 1562 8329 4809 3311 2703 6558 3020 5974 5314 3469 9207 156 8189 9447 5940 644 4697 6103 116 3787 2325 9564 9407 9841 4193 2261 3112 1428 5566 1982 6553 5857 484 4136 6085 5209 1538 2581 1008 9915 400 9899 1875 4827 6122 6506 4188 3397 753 23 5083 8492 9319 2923 8006 2330 7840 864 2406 496 5510 4204
2378 2611 5668 2339 6989 3296 8067 9007 7154 2124 9495 0 907 1787 2310 7939 4958 5806 383 1438 8273 1050 9864 9988 2666 4579 7355 8333 649 9409 3991 8678 7945 912 5775 2811 8178 8015 8828 6225 1173 6646 9944 4358 1474 4264 655 1014 4458 7361 8658 4281 3320 3555 6869 3666 7615 7916 2668 8631 4179 3817 9938 3779 9149 9606 8341 4055 7740 481 8369 222 8913 9778 4492 412 4390 2131 1453 5657 9195 5446 8197 5510 4740 6462 5450 8722 6276 2417 8535 6232 8587 9696 2195 9517 235 3225 7081 9777
5658 8942 9745 2781 6211 7462 487 6622 9972 3432 4000 907 0 9153 7745 3888 8182 95 375 5881 8126 7277 9129 5212 8854 8184 6183 3937 7041 5223 8351 6380 802 5953 3356 9883 5938 7610 3043 5761 9622 3219 9409 6927 6126 7957 350 8722 7317 1626 6480 4808 828 7556 5140 1764 7470 5528 160 6482 8558 8166 7157 5783 5893 9526 5348 5038 5978 4414 5267 769 6273 4193 8693 5608 9046 6856 2145 7849 9460 7155 3666 4864 1644 6635 8819 5654 7426 4062 1636 9393 3822 4341 5227 1960 7102 5182 347 2332
9924 7419 5952 2734 5815 9628 2464 7969 5779 5058 5648 1787 9153 0 7675 5373 6198 822 5004 4052 3244 7977 2057 1138 2288 1353 6431 4339 5687 4784 3452 9873 5007 9933 8611 8333 3841 5180 3878 2468 4217 3447 2196 3439 3703 987 2061 4914 7362 845 6778 398 4483 484 1239 9468 7879 8040 2321 9595 2307 1936 777 2310 6226 4294 6408 5416 6953 6773 8850 2353 6237 4095 7418 2904 5445 3646 6577 8741 6654 1959 1868 5237 9249 3650 8414 3370 5897 1951 9452 4377 1298 3694 1948 5020 9197 8088 352 2431
7684 9211 2839 4778 2965 9636 5798 4059 3713 4110 8064 2310 7745 7675 0 5368 7915 5605 6917 9833 8657 9994 4601 7576 1782 3595 4631 7107 7474 9088 966 2185 2039 2869 2131 2807 6966 3006 1204 7281 4871 9085 5433 844 8174 1332 283 8977 6263 8999 261 8792 9 7358 849 1208 9326 7961 2201 9568 1395 4805 4407 609 1851 5047 2636 6555 3176 4676 295 4045 907 1019 5950 7790 5622 8794 5773 2709 6966 2265 8009 3829 8198 1934 4066 9201 6558 3509 4704 7455 5461 8215 2685 3947 6007 4132 1275 9489
7705 4053 5230 4486 3815 5378 2447 3728 3788 6635 9135 7939 3888 5373 5368 0 1162 4189 6033 7590 5851 2944 5453 9698 7825 2798 9136 7854 6389 7616 7438 6985 4518 9611 3316 976 1251 610 3251 3471 8003 8307 6083 2337 615 1946 6275 8836 7499 7640 274 8602 3846 1317 8303 1360 3942 7928 1889 2400 9688 9094 1674 8469 6915 4459 9227 5042 201 7479 441 8429 5110 8124 5949 617 9138 1512 189 9980 4464 2563 2882 9467 1683 7031 2354 6903 4487 5371 6530 7704 5891 6687 6878 1684 9514 1628 8241 3263
7270 1287 1110 2999 8968 7575 8231 6177 4445 4950 7525 4958 8182 6198 7915 1162 0 2792 9933 7602 2798 4485 1531 5383 707 6594 7526 9426 6123 8359 9754 4484 554 2727 6970 7641 302 1525 9218 6538 7573 5226 4080 6957 6267 3729 4264 7452 2846 8009 2026 1133 3082 7041 9084 1793 7459 7161 9639 8673 8096 677 2108 9978 3605 5146 6162 6415 4450 3645 3059 9308 6086 2167 5745 1916 9471 8428 2384 727 241 7063 8535 4605 9566 5494 1176 6989 4540 1237 5996 2900 4683 903 8315 2313 1013 7189 8653 5103
4228 3221 137 2211 7988 8104 4657 2756 7819 2473 8636 5806 95 822 5605 4189 2792 0 6554 4922 4100 1695 1328 1367 4731 9144 1739 9288 3315 2203 7025 7861 7764 4991 4225 7097 5684 759 4441 3325 4453 2463 3911 3678 5012 2064 5327 1696 8577 8315 3285 3446 624 9596 1181 1013 8684 1088 3853 4077 1307 7495 8105 9181 3906 2410 9604 4639 5107 7348 2956 3484 9002 4290 9788 7375 5501 7984 4324 3633 128 8167 4199 6583 822 2150 3342 5281 2009 3956 5737 6515 4065 7202 8548 5640 6761 2502 7004 9472
6395 452 7286 5131 9776 8458 4324 9267 9719 2909 7757 383 375 5004 6917 6033 9933 6554 0 4334 6374 2858 7943 9634 5454 2309 3630 448 5306 5692 5972 1228 5758 5081 1287 4264 7361 8255 1907 1161 4394 9204 8076 2541 1710 1368 1581 1502 7344 7896 6020 4251 8782 1942 5368 259 7225 8032 5863 2924 612 9435 9029 9922 5499 1398 3783 7373 3946 5026 9681 2105 1921 5231 4721 7998 2991 1666 2503 9886 3376 8676 780 4814 2457 6934 2070 1596 6432 3337 8563 2742 9532 3146 1483 3194 1563 1008 9157 5793
3366 7788 60 8112 434 1009 4359 9742 438 5222 7436 1438 5881 4052 9833 7590 7602 4922 4334 0 9394 5116 5676 6084 5520 1488 5591 1454 9261 5350 7808 3888 8998 6593 4349 5849 6282 4709 4302 9126 9017 9147 7248 8128 1058 8766 7911 6187 8834 4044 1828 9985 2085 3274 643 2150 8371 3948 8042 9649 6299 316 1410 7670 6356 4656 7079 9302 9043 9266 5432 8381 7860 6905 3496 8113 615 3891 291 7255 6873 1547 5025 5081 2936 1151 9452 5426 7196 7296 9433 6834 6941 6034 4346 740 9358 2981 7360 4603
4309 7804 4724 9745 3178 7705 244 1947 1083 9034 8004 8273 8126 3244 8657 5851 2798 4100 6374 9394 0 1070 1431 7218 4172 6483 9050 5976 4725 811 372 450 3820 9887 9957 9859 3867 6866 4457 5220 1767 4731 3673 6690 176 2606 978 8521 9668 9180 8120 5099 121 8194 706 2371 7334 1368 273 7165 5642 9185 3304 8335 5537 9223 5474 5430 8874 5767 5895 4935 8192 8696 6741 8228 4855 645 1341 3215 5826 5340 4106 388 8997 1039 9744 7152 6164 4962 5082 71 6007 8759 155 4218 3906 5497 1386 5833
5546 3280 4773 1798 5353 350 7465 2243 3666 1049 5750 1050 7277 7977 9994 2944 4485 1695 2858 5116 1070 0 5926 264 9695 8564 6114 1211 1913 9747 543 141 7381 1673 3316 1789 5731 7342 2781 5235 551 9232 8356 4670 7511 6807 3953 1746 6139 8710 704 8227 47 2130 7010 5532 6367 3772 5717 5224 9152 7833 9395 6289 7959 4284 2744 6058 6625 4719 5258 5713 4713 7344 8952 4812 2550 8095 8319 8342 6611 8279 7648 9843 9363 7203 2096 4541 2135 5892 5917 5597 7995 6524 6199 7925 9789 7487 6732 7623
4053 5110 2938 3030 9213 2254 5490 4561 107 9029 5382 9864 9129 2057 4601 5453 1531 1328 7943 5676 1431 5926 0 9117 8869 350 2399 8520 2468 7067 3149 3455 3382 9732 4735 2401 5930 3276 797 9843 2314 1242 3627 8005 2914 7508 429 9383 2367 7614 8387 5180 4078 640 7316 3655 7665 6912 2734 2679 9945 9072 8655 3171 2885 8655 1282 7743 2858 2134 8479 7234 3972 7329 422 3734 5067 8668 3735 3136 4416 1354 3570 6969 9220 1231 1236 6795 9226 9904 3463 134 259 2346 2869 7536 8063 6262 7579 8207
9802 5059 7295 7042 475 4005 5004 307 5437 4802 4087 9988 5212 1138 7576 9698 5383 1367 9634 6084 7218 264 9117 0 4254 481 4996 9049 8241 4389 4612 3963 1870 4343 8338 4079 211 1540 5003 2789 1644 7879 7333 4271 4075 8415 2716 6791 5414 178 3412 1266 7903 1335 5157 5164 5312 1485 8938 8685 4755 5758 7291 7946 3438 3373 884 6884 3278 6146 4123 3780 9566 9017 405 5821 5145 5269 5660 9217 4382 6028 3841 3237 1055 4098 9530 493 1269 3463 4752 6357 2228 8138 8936 9055 3057 2660 3074 6049
6045 7219 8781 9287 2566 8128 9475 7023 9437 6439 3321 2666 8854 2288 1782 7825 707 4731 5454 5520 4172 9695 8869 4254 0 2433 6540 7371 2477 4150 7206 8052 1744 9159 4975 2589 8427 7922 2301 403 6492 8242 8348 2611 428 6629 457 4997 5529 5986 4027 6023 9145 1820 8667 3605 8059 3684 4467 8544 2663 4725 6486 9038 8799 3886 3718 148 8443 38 4887 3706 178 6953 1196 5849 4288 1962 2312 6689 6443 9813 4376 9701 8375 9757 8778 1979 9234 1560 8027 6105 656 3254 9499 2287 1327 7528 8170 5208
9916 7645 315 9198 3447 1910 5487 5366 3155 4258 3141 4579 8184 1353 3595 2798 6594 9144 2309 1488 6483 8564 350 481 2433 0 538 3276 8885 3934 3861 8190 1539 8504 528 2661 9547 8523 394 6075 7344 6255 7603 9010 5671 9055 3129 1054 2242 4781 9198 7558 8226 6317 973 4856 5437 6747 1698 1828 833 1025 2338 955 7829 7707 8451 1684 3532 2629 4982 8009 609 4107 5280 8001 1645 3507 864 7458 3983 7634 1799 918 6088 6636 4823 5234 8304 9112 3637 2049 7446 6851 3687 1865 1894 8122 7746 2506
3248 1837 2969 1364 647 2615 8222 2959 3039 5962 2298 7355 6183 6431 4631 9136 7526 1739 3630 5591 9050 6114 2399 4996 6540 538 0 4433 6930 5950 9260 1711 4889 6255 8737 6829 4798 401 9620 2994 3243 2119 4535 8229 1838 6504 3742 5735 7484 9722 9980 1239 3206 3144 2553 7282 4291 9555 5290 4588 5274 1188 7468 4918 2362 5353 3489 531 114 7132 6365 5533 6619 5609 8657 9728 4795 2740 1507 8348 2455 5926 2248 6579 3058 3458 4447 6491 8357 4420 8257 7579 5320 227 5847 7106 6066 7171 3807 7366
1665 7803 5720 7827 1067 3936 4808 2019 3878 6386 1306 8333 3937 4339 7107 7854 9426 9288 448 1454 5976 1211 8520 9049 7371 3276 4433 0 9633 7163 4945 9093 7204 1537 8307 7934 3191 491 4973 6828 1514 1578 7509 1396 1683 5888 3701 2878 7373 1631 8738 863 2520 3866 4120 5444 829 4727 3042 8124 5706 274 2571 2538 6570 5968 465 4907 6699 5765 1585 7998 2912 276 1843 4543 2167 4465 9422 7941 4935 43 8633 2537 4889 5476 8615 1647 5030 8292 6429 961 3949 5449 5743 6687 9553 2792 2631 660
7134 9214 8081 2748 6421 5204 1261 4644 4706 5718 8175 649 7041 5687 7474 6389 6123 3315 5306 9261 4725 1913 2468 8241 2477 8885 6930 9633 0 8825 725 2180 6708 1880 4705 8859 3542 1183 4031 472 5786 3431 6878 6830 3397 8341 8583 8495 8656 7936 1059 7425 8719 8096 590 3493 3086 6709 9172 4015 941 4712 6443 1583 9799 5553 3938 7871 2269 9882 4551 9530 1543 6056 947 7564 2814 1012 4620 3350 3550 2128 865 3122 4245 868 2011 6247 6370 4553 2529 7447 7644 8360 2533 3440 8388 5783 5208 7299
3441 2169 923 664 6693 6656 5007 8485 2523 8134 1473 9409 5223 4784 9088 7616 8359 2203 5692 5350 811 9747 7067 4389 4150 3934 5950 7163 8825 0 4984 8683 3558 9307 4608 8778 2525 4786 2286 1197 6919 3369 2881 6126 5569 8463 1910 6840 1229 4497 523 7722 618 874 6770 7339 7596 1099 7839 4507 4043 2983 9037 1747 6203 1090 4731 3106 4281 185 3171 276 441 3705 1799 4737 9093 6280 2461 9866 9358 3101 8498 7101 6477 9651 4000 3777 8417 7203 4921 1378 6708 686 7981 7302 8222 5777 8037 3512
882 6423 8142 7650 6246 3243 2708 5488 2068 4578 1989 3991 8351 3452 966 7438 9754 7025 5972 7808 372 543 3149 4612 7206 3861 9260 4945 725 4984 0 2819 7165 6132 9675 3322 2748 9807 3332 3719 3644 9419 4589 8552 6164 2328 7513 3047 6703 8463 2405 1568 8960 6940 2749 2564 4815 8778 6745 9514 2742 6933 346 6253 6867 2087 8434 1444 2429 4679 1916 9422 5441 3160 3305 7295 9327 8340 9448 5957 7690 2265 1138 8011 4129 8988 6323 5488 8244 7695 4970 1559 7584 3193 3782 5004 6739 4410 2134 2823
3496 4208 8291 9202 9058 3799 8943 3940 3311 1691 2056 8678 6380 9873 2185 6985 4484 7861 1228 3888 450 141 3455 3963 8052 8190 1711 9093 2180 8683 2819 0 2798 7977 5376 4727 9178 1136 3682 6359 2678 1998 3955 9467 8108 689 1206 2048 510 8401 5409 7253 9741 2857 7503 1407 8736 2853 1617 1356 8886 5290 5681 2332 5669 523 1522 6690 5660 5693 8141 9769 1169 2141 6371 9622 6995 1385 2023 7436 6298 5864 6960 4563 316 9528 3507 9948 9456 8350 5595 2876 2312 8841 4849 9707 9776 8106 8590 2800
4022 2525 2008 173 8719 1942 9691 5434 4557 2638 9059 7945 802 5007 2039 4518 554 7764 5758 8998 3820 7381 3382 1870 1744 1539 4889 7204 6708 3558 7165 2798 0 4553 4979 1199 865 4329 8876 9683 9074 8864 9503 1531 479 1161 1841 8299 5870 2480 1808 9490 1171 7447 6423 6318 9865 1911 6160 4083 100 2450 1824 62 566 5688 6743 5397 6835 9435 9653 430 6115 4664 6142 4206 3323 7170 9043 9487 1868 4388 7277 943 3421 5210 9875 4308 6162 6473 3803 4092 251 8420 2907 8728 380 4175 965 1564
759 482 6376 2710 7552 3916 2363 9423 2954 2277 2136 912 5953 9933 2869 9611 2727 4991 5081 6593 9887 1673 9732 4343 9159 8504 6255 1537 1880 9307 6132 7977 4553 0 9485 1882 5653 660 87 1896 1633 4536 2039 6900 1379 9014 3152 322 3635 4280 751 1257 6160 3762 9601 8690 4672 8394 3505 9796 8849 497 7867 2817 1747 4799 5670 3201 8355 8694 3277 3083 9221 2563 4564 4170 3245 8756 9474 5572 8241 6474 8017 7490 2450 5198 5100 5592 6970 6667 3588 4725 531 2671 5414 3011 6214 9110 4393 7229
9065 1729 2699 5304 1892 5737 4611 3709 4430 1527 997 5775 3356 8611 2131 3316 6970 4225 1287 4349 9957 3316 4735 8338 4975 528 8737 8307 4705 4608 9675 5376 4979 9485 0 8893 3411 1578 4569 893 932 4719 3526 6037 1353 8611 8537 4543 5657 3743 2311 5127 5901 1451 4686 9140 8760 1996 7490 9957 3549 2871 8627 7624 454 5982 5125 6202 828 6770 7949 1252 3026 555 4051 5181 407 8269 8701 2315 1655 9665 5237 2573 3534 5942 6253 6085 7896 7864 5528 5663 6038 4203 4593 7180 2945 7940 2147 9744
7585 9736 4978 3702 7969 3985 7117 1744 7250 4234 3141 2811 9883 8333 2807 976 7641 7097 4264 5849 9859 1789 2401 4079 2589 2661 6829 7934 8859 8778 3322 4727 1199 1882 8893 0 9698 3343 5241 2881 1459 7492 4647 6902 2474 9153 7560 2110 2938 4929 7873 5091 1501 1631 7530 6001 4716 1019 5736 3433 539 3211 88 5446 5479 4516 5787 4341 1187 719 6696 1217 791 1014 7934 7072 2929 1835 4578 7113 8098 8824 4595 9577 3615 1295 963 3189 2338 7118 785 670 5946 6075 2242 5767 6744 4416 6287 6430
4985 8676 1631 1871 6907 2735 1753 8137 7656 2749 4291 8178 5938 3841 6966 1251 302 5684 7361 6282 3867 5731 5930 211 8427 9547 4798 3191 3542 2525 2748 9178 865 5653 3411 9698 0 9378 6949 8988 9834 3077 8316 6165 8064 4638 6175 9291 4637 3419 4637 9445 2484 7377 7314 6180 6793 8683 2676 8996 3429 9323 321 1850 1328 2313 4163 6715 9477 5891 2025 1025 5810 8368 3391 6123 8762 6771 928 6353 9648 36 7209 7367 7654 5627 4730 9116 6491 3621 7369 58 9682 917 5808 2793 5043 7286 6178 2914
6463 553 825 3155 3843 4184 4406 2968 8229 6559 7974 8015 7610 5180 3006 610 1525 759 8255 4709 6866 7342 3276 1540 7922 8523 401 491 1183 4786 9807 1136 4329 660 1578 3343 9378 0 8900 6833 8655 70 7556 678 24 9497 2571 7252 597 7703 4066 786 5828 1317 4143 3477 674 2354 5123 3429 6578 1393 5802 4728 9294 6822 3226 9836 1440 9414 8564 6289 5094 9076 7222 7423 4305 7002 7347 1080 4819 4596 4546 141 8048 1454 7949 6530 7435 5570 9474 2147 861 2675 1375 1 9598 4301 2485 8762
6097 1107 1779 2134 1021 3607 912 4317 8139 6484 1562 8828 3043 3878 1204 3251 9218 4441 1907 4302 4457 2781 797 5003 2301 394 9620 4973 4031 2286 3332 3682 8876 87 4569 5241 6949 8900 0 6169 7932 8691 4516 1218 8563 852 8995 8233 8616 3541 4177 5075 2267 1378 9842 6795 3545 1178 133 4304 5954 2654 2954 8165 6503 4514 3193 2037 4723 5873 2390 1534 4036 7357 4240 6335 3180 2386 8638 134 4843 5735 2798 1877 4018 5812 1774 2861 3567 5293 8214 1926 5201 4441 9112 5103 5392 4296 622 887
6998 6140 3314 5817 4642 7718 8253 2082 2211 5140 8329 6225 5761 2468 7281 3471 6538 3325 1161 9126 5220 5235 9843 2789 403 6075 2994 6828 472 1197 3719 6359 9683 1896 893 2881 8988 6833 6169 0 7496 6759 8905 6587 6402 9980 4890 9453 4253 4115 4114 8954 6684 1744 9476 5299 3317 1749 343 3797 3371 6444 7451 6408 2242 8478 3941 8523 4753 2547 5815 3244 7230 6207 5147 8397 2283 4021 7841 5329 8538 6006 8292 7388 6472 7443 1827 2890 1014 1347 9539 2570 5324 4517 9784 2948 4519 7849 3838 9091
1673 4806 5976 8548 9484 325 5301 4601 8592 6046 4809 1173 9622 4217 4871 8003 7573 4453 4394 9017 1767 551 2314 1644 6492 7344 3243 1514 5786 6919 3644 2678 9074 1633 932 1459 9834 8655 7932 7496 0 3988 1804 8458 6884 4328 9271 3673 1022 8699 9754 8702 7310 7034 6980 5284 1710 2332 7811 9353 3220 2216 4105 6399 5221 5129 1702 9386 7276 8968 6202 5365 4109 8172 8990 7468 2418 2107 1717 694 3479 5675 3740 7119 6984 30 9202 3996 3321 7673 8060 8084 7620 3244 467 9806 3252 6937 4507 4635
4722 4414 8421 4474 6044 240 1775 3142 6345 5531 3311 6646 3219 3447 9085 8307 5226 2463 9204 9147 4731 9232 1242 7879 8242 6255 2119 1578 3431 3369 9419 1998 8864 4536 4719 7492 3077 70 8691 6759 3988 0 7148 7589 8047 3181 2951 525 3920 1422 555 779 1410 4265 5289 3869 9323 4777 858 2001 2577 8499 3621 6710 7726 4412 6023 6380 208 9995 7252 5378 2961 3655 4087 3077 3705 6620 5067 7908 7497 5836 7893 7579 3755 9136 9093 7055 463 5376 9608 7280 703 9921 5577 6152 3155 6696 2251 9315
5027 1422 9134 6858 4032 8435 9797 9610 8198 7562 2703 9944 9409 2196 5433 6083 4080 3911 8076 7248 3673 8356 3627 7333 8348 7603 4535 7509 6878 2881 4589 3955 9503 2039 3526 4647 8316 7556 4516 8905 1804 7148 0 2730 5082 33 2390 7056 4931 1275 7453 3503 1023 4342 2166 7233 1561 4851 9555 8347 7410 2833 4678 1866 323 7952 4372 1204 7784 5081 4034 709 6051 8010 8599 2779 914 6006 1205 1984 3255 9891 7156 7638 3376 1377 3928 981 8268 7340 8174 2933 1030 9195 4556 8853 2814 8583 8509 2375
1907 9738 5314 4306 7720 9005 8640 1950 2411 2784 6558 4358 6927 3439 844 2337 6957 3678 2541 8128 6690 4670 8005 4271 2611 9010 8229 1396 6830 6126 8552 9467 1531 6900 6037 6902 6165 678 1218 6587 8458 7589 2730 0 6685 1179 9284 1404 9123 8601 8632 1977 8951 4430 9482 5714 9359 7327 6220 8466 144 3046 2790 1863 1077 170 4546 298 6339 4306 5711 4143 3794 9928 18 6921 106 6296 279 4619 6937 1924 2534 5511 2266 8192 3957 9942 366 5256 5200 2777 5535 526 1668 3612 9020 7419 6142 4059
4987 575 1849 3090 9267 1425 8932 3286 8498 3958 3020 1474 6126 3703 8174 615 6267 5012 1710 1058 176 7511 2914 4075 428 5671 1838 1683 3397 5569 6164 8108 479 1379 1353 2474 8064 24 8563 6402 6884 8047 5082 6685 0 9879 8403 6553 8644 2898 7258 4342 7357 2205 5012 5899 1601 9790 3931 8177 4852 3189 7083 7065 8541 7480 5176 7079 3961 724 5485 143 9208 3220 5480 4662 1874 3242 779 5638 1038 6345 7168 4248 8574 2036 4322 4135 1569 8622 1869 7344 736 5842 4970 64 1955 3386 2394 6667
740 7350 7333 1499 169 9581 4085 8851 7224 3642 5974 4264 7957 987 1332 1946 3729 2064 1368 8766 2606 6807 7508 8415 6629 9055 6504 5888 8341 8463 2328 689 1161 9014 8611 9153 4638 9497 852 9980 4328 3181 33 1179 9879 0 6405 2135 7773 9672 127 7619 8607 3390 7789 7105 3512 9173 8558 6999 2477 8246 6213 8411 2530 8176 8369 2615 3120 5140 7768 1769 9235 9681 9746 9198 3403 6910 2837 5416 9295 6134 8564 6839 6504 9126 1712 972 8287 5689 8065 578 140 3036 4755 5682 3468 6911 318 922
7431 4269 7467 7733 9597 6021 7953 9079 1435 6793 5314 655 350 2061 283 6275 4264 5327 1581 7911 978 3953 429 2716 457 3129 3742 3701 8583 1910 7513 1206 1841 3152 8537 7560 6175 2571 8995 4890 9271 2951 2390 9284 8403 6405 0 6380 3862 9642 640 2973 9974 4571 5721 2451 5864 1430 2247 8217 3108 724 3636 4048 5310 2739 3922 5008 6921 9799 9778 5871 1418 6364 1536 7381 3682 3773 8046 3354 3252 4833 6425 8753 9382 1702 6177 7115 251 1005 4642 4057 9991 1144 4226 1303 8639 2648 3063 2246
1188 7699 3564 5056 8052 5038 7133 4072 1979 3659 3469 1014 8722 4914 8977 8836 7452 1696 1502 6187 8521 1746 9383 6791 4997 1054 5735 2878 8495 6840 3047 2048 8299 322 4543 2110 9291 7252 8233 9453 3673 525 7056 1404 6553 2135 6380 0 5403 1501 1855 1118 2332 415 3950 2436 3733 5799 4512 1649 6423 4007 3992 7029 8646 5614 109 7303 9196 1078 8326 2532 5561 6691 929 3841 1060 2326 5721 5513 3366 5225 6244 4823 1934 1756 9894 8508 7309 859 7409 9317 9957 7212 6911 9867 8810 3966 3879 2723
9829 7461 9974 1068 5784 6680 7003 2377 8558 6551 9207 4458 7317 7362 6263 7499 2846 8577 7344 8834 9668 6139 2367 5414 5529 2242 7484 7373 8656 1229 6703 510 5870 3635 5657 2938 4637 597 8616 4253 1022 3920 4931 9123 8644 7773 3862 5403 0 130 7857 1654 9210 9578 1443 8342 8076 9842 5526 2702 7318 54 1841 1677 9432 1141 4303 4696 6667 7390 3543 6924 8441 1662 6045 3968 6731 3699 3087 6364 628 6161 4534 2496 278 7073 1694 3740 3446 4719 7647 5397 4743 5745 7440 1126 5251 9129 565 370
4988 3451 9702 8818 5131 6740 6661 3448 7955 1261 156 7361 1626 845 8999 7640 8009 8315 7896 4044 9180 8710 7614 178 5986 4781 9722 1631 7936 4497 8463 8401 2480 4280 3743 4929 3419 7703 3541 4115 8699 1422 1275 8601 2898 9672 9642 1501 130 0 891 6831 3611 1490 5676 7347 2263 2899 7285 3069 1797 5300 9598 544 456 6861 8686 221 8771 7314 5343 1083 6743 4019 8873 8224 3299 6697 4698 4094 7663 6843 3182 1467 5522 926 5913 7682 593 5867 7946 3847 9312 6460 2274 4155 9747 144 7601 7488
6003 6879 8754 9961 7278 9885 8713 2655 6040 8718 8189 8658 6480 6778 261 274 2026 3285 6020 1828 8120 704 8387 3412 4027 9198 9980 8738 1059 523 2405 5409 1808 751 2311 7873 4637 4066 4177 4114 9754 555 7453 8632 7258 127 640 1855 7857 891 0 6519 8164 2902 5978 7 1389 9794 5024 1684 4075 5027 2419 932 4148 2492 714 157 6619 1169 4128 9276 7682 3126 7980 2938 3915 4427 2208 4153 5648 835 5162 8798 8141 2770 3738 7658 5094 3429 7497 6157 2043 3655 5787 3983 5692 4919 9239 5263
9959 5784 4730 4138 422 4957 4029 9158 4159 5012 9447 4281 4808 398 8792 8602 1133 3446 4251 9985 5099 8227 5180 1266 6023 7558 1239 863 7425 7722 1568 7253 9490 1257 5127 5091 9445 786 5075 8954 8702 779 3503 1977 4342 7619 2973 1118 1654 6831 6519 0 2619 3271 6806 4760 6618 7447 5399 2790 8396 8735 8086 2367 2625 2532 4410 6588 7556 8163 9967 8331 5086 2914 4231 46 1430 2899 8546 509 9992 6583 7395 2658 8228 4545 6885 2066 6224 2299 5145 968 8902 265 2817 4207 8732 4916 3410 1120
7684 4064 821 6388 9035 3881 2479 5563 8722 7523 5940 3320 828 4483 9 3846 3082 624 8782 2085 121 47 4078 7903 9145 8226 3206 2520 8719 618 8960 9741 1171 6160 5901 1501 2484 5828 2267 6684 7310 1410 1023 8951 7357 8607 9974 2332 9210 3611 8164 2619 0 3716 288 4542 8058 3244 9578 4117 6690 2831 134 6974 1517 4139 6327 9688 9379 4610 7839 7629 5931 1336 3862 319 6684 5103 374 581 7961 7915 9731 4941 4822 5918 9246 6187 8963 7289 2149 8464 3530 4793 4601 8400 3103 339 5215 9346
5417 2636 9570 1460 4534 2226 5712 883 6239 9152 644 3555 7556 484 7358 1317 7041 9596 1942 3274 8194 2130 640 1335 1820 6317 3144 3866 8096 874 6940 2857 7447 3762 1451 1631 7377 1317 1378 1744 7034 4265 4342 4430 2205 3390 4571 415 9578 1490 2902 3271 3716 0 8486 378 6316 8099 1753 6903 6367 7518 2708 2225 3582 8180 7035 5865 3584 2739 4427 7672 3675 2144 8504 5246 7577 7303 3926 3271 5301 5516 7988 5566 3717 6236 2082 6175 2639 8690 2668 8102 7030 6682 968 1793 128 7809 4716 5957
6599 1811 9951 7878 1352 3841 736 702 7057 8283 4697 6869 5140 1239 849 8303 9084 1181 5368 643 706 7010 7316 5157 8667 973 2553 4120 590 6770 2749 7503 6423 9601 4686 7530 7314 4143 9842 9476 6980 5289 2166 9482 5012 7789 5721 3950 1443 5676 5978 6806 288 8486 0 7174 1738 9933 7991 3959 2440 5795 7187 2220 8532 3612 3975 5050 6724 1062 854 2084 3835 9950 8192 4192 51 7436 908 5444 8286 9744 2772 2822 3616 7292 1625 5470 1402 7727 8600 5246 9426 3416 5244 590 7485 7991 4714 906
3357 1424 8983 2618 8972 1448 3236 5248 0 3562 6103 3666 1764 9468 1208 1360 1793 1013 259 2150 2371 5532 3655 5164 3605 4856 7282 5444 3493 7339 2564 1407 6318 8690 9140 6001 6180 3477 6795 5299 5284 3869 7233 5714 5899 7105 2451 2436 8342 7347 7 4760 4542 378 7174 0 6873 6739 869 8348 4275 6578 8738 1124 8483 830 6503 5282 2161 7557 3561 8158 4334 4886 9539 1098 7878 8747 6231 7928 4661 6914 7013 1039 7383 3269 4946 1791 1458 3700 3272 9803 8605 572 3425 7306 7844 6500 6442 8526
3586 3127 4392 6150 9738 7161 1481 860 1941 7756 116 7615 7470 7879 9326 3942 7459 8684 7225 8371 7334 6367 7665 5312 8059 5437 4291 829 3086 7596 4815 8736 9865 4672 8760 4716 6793 674 3545 3317 1710 9323 1561 9359 1601 3512 5864 3733 8076 2263 1389 6618 8058 6316 1738 6873 0 7142 58 7013 8767 7174 5553 2044 5529 3898 8131 4260 2556 8209 3997 7224 163 2376 6930 9455 4724 2496 9955 6139 542 8022 4340 2204 9471 4245 5978 7969 8120 6514 7441 9862 6766 2906 9426 9407 8892 9170 7169 1681
7511 4624 9172 675 3056 7191 4573 2655 3734 5232 3787 7916 5528 8040 7961 7928 7161 1088 8032 3948 1368 3772 6912 1485 3684 6747 9555 4727 6709 1099 8778 2853 1911 8394 1996 1019 8683 2354 1178 1749 2332 4777 4851 7327 9790 9173 1430 5799 9842 2899 9794 7447 3244 8099 9933 6739 7142 0 2700 508 8357 8010 2880 8655 1410 5160 6853 1863 8312 947 840 3752 2733 4589 2037 2566 1350 5581 8390 7733 7026 5834 3940 4325 8921 9279 356 8 3615 5513 1816 3020 3911 3175 8729 532 6461 4671 678 3920
3249 5670 1730 8789 9606 4038 6297 627 2466 2007 2325 2668 160 2321 2201 1889 9639 3853 5863 8042 273 5717 2734 8938 4467 1698 5290 3042 9172 7839 6745 1617 6160 3505 7490 5736 2676 5123 133 343 7811 858 9555 6220 3931 8558 2247 4512 5526 7285 5024 5399 9578 1753 7991 869 58 2700 0 2794 9097 8671 1153 2001 2715 5126 9990 8512 7232 7209 7368 6396 413 1905 508 9243 2243 8039 1433 6078 7976 8837 2680 801 9705 5479 9401 8425 9232 698 731 5782 6744 4687 7957 8400 8954 888 683 8504
698 4123 4787 6340 5149 4056 8404 7920 9230 8874 9564 8631 6482 9595 9568 2400 8673 4077 2924 9649 7165 5224 2679 8685 8544 1828 4588 8124 4015 4507 9514 1356 4083 9796 9957 3433 8996 3429 4304 3797 9353 2001 8347 8466 8177 6999 8217 1649 2702 3069 1684 2790 4117 6903 3959 8348 7013 508 2794 0 2030 3917 8326 8459 2641 5696 1625 1504 9116 1895 1192 9976 3880 1081 2691 9617 6370 2880 62 7762 6279 7001 8487 5202 9067 1605 292 7815 4241 8399 7710 9160 2142 2097 7126 9278 6514 917 7033 8173
4942 6108 2558 9079 8383 3380 1502 2708 866 3384 9407 4179 8558 2307 1395 9688 8096 1307 612 6299 5642 9152 9945 4755 2663 833 5274 5706 941 4043 2742 8886 100 8849 3549 539 3429 6578 5954 3371 3220 2577 7410 144 4852 2477 3108 6423 7318 1797 4075 8396 6690 6367 2440 4275 8767 8357 9097 2030 0 3631 7030 1088 7028 988 8961 6488 8206 5319 2874 4486 9154 4930 2586 6025 3159 4393 3766 6135 9038 3904 9168 424 974 3238 9738 5679 9816 3963 5671 5507 9040 5384 8540 3004 8915 5723 705 9112
6246 6048 7572 8606 4680 2351 4356 8293 7629 9238 9841 3817 8166 1936 4805 9094 677 7495 9435 316 9185 7833 9072 5758 4725 1025 1188 274 4712 2983 6933 5290 2450 497 2871 3211 9323 1393 2654 6444 2216 8499 2833 3046 3189 8246 724 4007 54 5300 5027 8735 2831 7518 5795 6578 7174 8010 8671 3917 3631 0 3945 4553 6399 9848 4503 1595 4913 2736 8749 7766 1557 6863 9361 8472 9323 4224 3553 5422 6932 6572 1842 5393 4605 641 7309 7065 4387 8738 4592 7749 8115 7720 1707 787 3354 1103 4145 6692
8756 1185 7072 733 1770 5594 6874 7647 3479 7741 4193 9938 7157 777 4407 1674 2108 8105 9029 1410 3304 9395 8655 7291 6486 2338 7468 2571 6443 9037 346 5681 1824 7867 8627 88 321 5802 2954 7451 4105 3621 4678 2790 7083 6213 3636 3992 1841 9598 2419 8086 134 2708 7187 8738 5553 2880 1153 8326 7030 3945 0 1378 8299 2634 9314 3768 8513 8145 9092 578 3926 3307 583 8747 4983 4451 4180 5756 1547 4497 4215 6405 3744 7642 6618 3829 5550 454 1186 9988 2922 9953 5340 728 8862 1721 3410 2870
8541 8620 5608 8142 2756 9930 3774 1151 7220 4667 2261 3779 5783 2310 609 8469 9978 9181 9922 7670 8335 6289 3171 7946 9038 955 4918 2538 1583 1747 6253 2332 62 2817 7624 5446 1850 4728 8165 6408 6399 6710 1866 1863 7065 8411 4048 7029 1677 544 932 2367 6974 2225 2220 1124 2044 8655 2001 8459 1088 4553 1378 0 9312 1863 4510 7891 2621 3888 4631 5787 6917 3495 6038 1924 5185 9646 4246 1691 4131 5596 372 655 9752 2920 761 2283 1014 2526 2196 2208 2918 3731 583 9992 5627 5855 173 4815
6112 9735 5219 7541 9735 8840 9205 7490 3930 776 3112 9149 5893 6226 1851 6915 3605 3906 5499 6356 5537 7959 2885 3438 8799 7829 2362 6570 9799 6203 6867 5669 566 1747 454 5479 1328 9294 6503 2242 5221 7726 323 1077 8541 2530 5310 8646 9432 456 4148 2625 1517 3582 8532 8483 5529 1410 2715 2641 7028 6399 8299 9312 0 2852 9350 4406 2470 5474 2079 1479 7592 1470 1536 1062 5343 9448 2348 2895 8818 201 3295 5042 2244 4372 4506 246 8230 3516 9908 1341 2355 8717 8488 961 4253 5774 1199 2941
4334 2881 7320 1189 4752 3662 2390 151 1151 7075 1428 9606 9526 4294 5047 4459 5146 2410 1398 4656 9223 4284 8655 3373 3886 7707 5353 5968 5553 1090 2087 523 5688 4799 5982 4516 2313 6822 4514 8478 5129 4412 7952 170 7480 8176 2739 5614 1141 6861 2492 2532 4139 8180 3612 830 3898 5160 5126 5696 988 9848 2634 1863 2852 0 8506 2877 9200 5512 2036 1060 5530 1960 3672 7548 9162 2472 2027 6820 2190 1272 4733 898 3364 9538 6710 826 9473 8855 5510 8114 9985 974 8179 3922 561 9367 983 8773
8055 8039 4075 2273 2306 138 3932 4964 665 4503 5566 8341 5348 6408 2636 9227 6162 9604 3783 7079 5474 2744 1282 884 3718 8451 3489 465 3938 4731 8434 1522 6743 5670 5125 5787 4163 3226 3193 3941 1702 6023 4372 4546 5176 8369 3922 109 4303 8686 714 4410 6327 7035 3975 6503 8131 6853 9990 1625 8961 4503 9314 4510 9350 8506 0 4724 6836 1172 6086 8036 7581 4866 7080 7800 2427 6596 3179 5184 625 6598 142 703 846 8966 7297 4951 3465 6348 2944 9645 7409 6420 4841 5854 4710 4386 930 1539
6729 8598 4807 3868 3791 1381 3909 5569 6841 7155 1982 4055 5038 5416 6555 5042 6415 4639 7373 9302 5430 6058 7743 6884 148 1684 531 4907 7871 3106 1444 6690 5397 3201 6202 4341 6715 9836 2037 8523 9386 6380 1204 298 7079 2615 5008 7303 4696 221 157 6588 9688 5865 5050 5282 4260 1863 8512 1504 6488 1595 3768 7891 4406 2877 4724 0 4033 4113 6391 2971 2265 8888 4327 3610 9133 2250 6715 6517 1619 7183 7412 1213 7302 2688 3431 364 5271 7487 6701 8808 9152 8382 8602 8297 3086 8741 1729 9935
9225 7044 6516 6411 164 6527 357 8064 3618 8364 6553 7740 5978 6953 3176 201 4450 5107 3946 9043 8874 6625 2858 3278 8443 3532 114 6699 2269 4281 2429 5660 6835 8355 828 1187 9477 1440 4723 4753 7276 208 7784 6339 3961 3120 6921 9196 6667 8771 6619 7556 9379 3584 6724 2161 2556 8312 7232 9116 8206 4913 8513 2621 2470 9200 6836 4033 0 947 7663 2647 6057 7524 5592 4383 7590 8513 6978 7372 25 9491 7501 9232 9258 3389 7749 8044 5953 1513 7422 6371 1884 3890 5742 4376 7959 7578 4433 3710
2107 9906 971 7401 4269 8144 595 4194 1050 6081 5857 481 4414 6773 4676 7479 3645 7348 5026 9266 5767 4719 2134 6146 38 2629 7132 5765 9882 185 4679 5693 9435 8694 6770 719 5891 9414 5873 2547 8968 9995 5081 4306 724 5140 9799 1078 7390 7314 1169 8163 4610 2739 1062 7557 8209 947 7209 1895 5319 2736 8145 3888 5474 5512 1172 4113 947 0 9648 8874 7526 703 3883 9948 3235 2238 8175 9931 2177 2047 4972 4630 8800 9190 1331 9106 6250 6445 6824 8560 8328 3611 9113 1303 759 9291 9760 5540
1099 3032 1240 2767 1309 6283 2074 8473 7556 9255 484 8369 5267 8850 295 441 3059 2956 9681 5432 5895 5258 8479 4123 4887 4982 6365 1585 4551 3171 1916 8141 9653 3277 7949 6696 2025 8564 2390 5815 6202 7252 4034 5711 5485 7768 9778 8326 3543 5343 4128 9967 7839 4427 854 3561 3997 840 7368 1192 2874 8749 9092 4631 2079 2036 6086 6391 7663 9648 0 4930 8827 5508 4801 1545 8737 726 2821 244 5969 1362 8430 3495 106 9686 8072 4187 4696 3721 1663 2459 8562 6815 9852 288 7725 1487 3602 1962
5013 6409 9106 4891 3476 9439 5912 2083 4799 720 4136 222 769 2353 4045 8429 9308 3484 2105 8381 4935 5713 7234 3780 3706 8009 5533 7998 9530 276 9422 9769 430 3083 1252 1217 1025 6289 1534 3244 5365 5378 709 4143 143 1769 5871 2532 6924 1083 9276 8331 7629 7672 2084 8158 7224 3752 6396 9976 4486 7766 578 5787 1479 1060 8036 2971 2647 8874 4930 0 6146 5104 1679 5702 7082 7897 3895 3500 8349 8499 470 2035 9716 5961 4128 9237 3103 9989 7018 8718 5840 9934 894 103 5886 951 1614 4922
932 7276 8327 4473 7002 3687 8855 5819 7184 3243 6085 8913 6273 6237 907 5110 6086 9002 1921 7860 8192 4713 3972 9566 178 609 6619 2912 1543 441 5441 1169 6115 9221 3026 791 5810 5094 4036 7230 4109 2961 6051 3794 9208 9235 1418 5561 8441 6743 7682 5086 5931 3675 3835 4334 163 2733 413 3880 9154 1557 3926 6917 7592 5530 7581 2265 6057 7526 8827 6146 0 8567 1551 9494 2746 4972 5020 5701 1863 9586 6399 3277 9097 797 4155 3598 8319 6469 6013 8900 1442 7616 6127 4782 5044 8981 8204 9350
6776 1867 5749 8126 4788 1704 5543 8197 2220 5127 5209 9778 4193 4095 1019 8124 2167 4290 5231 6905 8696 7344 7329 9017 6953 4107 5609 276 6056 3705 3160 2141 4664 2563 555 1014 8368 9076 7357 6207 8172 3655 8010 9928 3220 9681 6364 6691 1662 4019 3126 2914 1336 2144 9950 4886 2376 4589 1905 1081 4930 6863 3307 3495 1470 1960 4866 8888 7524 703 5508 5104 8567 0 6395 3257 7708 630 3013 5087 2444 7099 4392 7300 1410 9959 4967 335 8948 1463 7649 3448 8288 2073 1128 7644 2174 9113 2970 9001
9827 8536 2106 1578 4516 9730 8826 6392 9160 6269 1538 4492 8693 7418 5950 5949 5745 9788 4721 3496 6741 8952 422 405 1196 5280 8657 1843 947 1799 3305 6371 6142 4564 4051 7934 3391 7222 4240 5147 8990 4087 8599 18 5480 9746 1536 929 6045 8873 7980 4231 3862 8504 8192 9539 6930 2037 508 2691 2586 9361 583 6038 1536 3672 7080 4327 5592 3883 4801 1679 1551 6395 0 3957 4959 8144 4825 7660 2249 2511 919 2477 7998 1236 8946 5830 1125 5297 3177 9807 4599 7022 2853 4577 6683 3106 3967 3169
7449 9242 1062 6510 8297 8334 3592 2304 4129 8423 2581 412 5608 2904 7790 617 1916 7375 7998 8113 8228 4812 3734 5821 5849 8001 9728 4543 7564 4737 7295 9622 4206 4170 5181 7072 6123 7423 6335 8397 7468 3077 2779 6921 4662 9198 7381 3841 3968 8224 2938 46 319 5246 4192 1098 9455 2566 9243 9617 6025 8472 8747 1924 1062 7548 7800 3610 4383 9948 1545 5702 9494 3257 3957 0 1127 960 6199 1651 5256 9692 9546 4033 4472 2345 925 8990 4492 62 8399 2461 7029 8335 5896 8878 1183 3924 692 6810
5593 9450 1315 9316 3498 5767 2225 1963 3602 5307 1008 4390 9046 5445 5622 9138 9471 5501 2991 615 4855 2550 5067 5145 4288 1645 4795 2167 2814 9093 9327 6995 3323 3245 407 2929 8762 4305 3180 2283 2418 3705 914 106 1874 3403 3682 1060 6731 3299 3915 1430 6684 7577 51 7878 4724 1350 2243 6370 3159 9323 4983 5185 5343 9162 2427 9133 7590 3235 8737 7082 2746 7708 4959 1127 0 8127 646 6224 6408 9725 5885 6195 6762 8700 5640 3895 9416 3909 4590 6891 5874 6023 997 4272 7198 1754 9305 1569
1440 6416 372 834 7978 8971 3924 7858 9480 1090 9915 2131 6856 3646 8794 1512 8428 7984 1666 3891 645 8095 8668 5269 1962 3507 2740 4465 1012 6280 8340 1385 7170 8756 8269 1835 6771 7002 2386 4021 2107 6620 6006 6296 3242 6910 3773 2326 3699 6697 4427 2899 5103 7303 7436 8747 2496 5581 8039 2880 4393 4224 4451 9646 9448 2472 6596 2250 8513 2238 726 7897 4972 630 8144 960 8127 0 5546 9783 9603 6039 2664 5582 2679 1262 5327 2989 9350 5583 8164 411 1611 6842 6277 4893 5083 5025 2830 2083
5981 952 2518 4204 8384 8545 5436 8637 3575 271 400 1453 2145 6577 5773 189 2384 4324 2503 291 1341 8319 3735 5660 2312 864 1507 9422 4620 2461 9448 2023 9043 9474 8701 4578 928 7347 8638 7841 1717 5067 1205 279 779 2837 8046 5721 3087 4698 2208 8546 374 3926 908 6231 9955 8390 1433 62 3766 3553 4180 4246 2348 2027 3179 6715 6978 8175 2821 3895 5020 3013 4825 6199 646 5546 0 5470 5989 5732 5410 470 9511 975 991 2746 9760 4891 9891 9674 1560 5839 6149 7107 460 5549 5921 420
3327 3815 5655 9777 788 439 2675 1008 4107 871 9899 5657 7849 8741 2709 9980 727 3633 9886 7255 3215 8342 3136 9217 6689 7458 8348 7941 3350 9866 5957 7436 9487 5572 2315 7113 6353 1080 134 5329 694 7908 1984 4619 5638 5416 3354 5513 6364 4094 4153 509 581 3271 5444 7928 6139 7733 6078 7762 6135 5422 5756 1691 2895 6820 5184 6517 7372 9931 244 3500 5701 5087 7660 1651 6224 9783 5470 0 9172 509 6531 5793 5706 5290 7491 3988 5565 6978 7195 6237 1593 7283 4899 1614 9997 7125 6411 9688
2505 1673 1097 2592 203 1770 7228 8791 406 8799 1875 9195 9460 6654 6966 4464 241 128 3376 6873 5826 6611 4416 4382 6443 3983 2455 4935 3550 9358 7690 6298 1868 8241 1655 8098 9648 4819 4843 8538 3479 7497 3255 6937 1038 9295 3252 3366 628 7663 5648 9992 7961 5301 8286 4661 542 7026 7976 6279 9038 6932 1547 4131 8818 2190 625 1619 25 2177 5969 8349 1863 2444 2249 5256 6408 9603 5989 9172 0 2179 3721 8027 8139 5454 913 8247 8238 1705 3559 452 4386 8317 4236 5020 5287 2304 185 3169
3314 2631 885 2965 6460 3302 2960 8760 2667 7306 4827 5446 7155 1959 2265 2563 7063 8167 8676 1547 5340 8279 1354 6028 9813 7634 5926 43 2128 3101 2265 5864 4388 6474 9665 8824 36 4596 5735 6006 5675 5836 9891 1924 6345 6134 4833 5225 6161 6843 835 6583 7915 5516 9744 6914 8022 5834 8837 7001 3904 6572 4497 5596 201 1272 6598 7183 9491 2047 1362 8499 9586 7099 2511 9692 9725 6039 5732 509 2179 0 2165 4873 7206 2589 6643 9983 3092 361 6637 3959 2484 2165 8284 4144 6448 3741 5560 9311
