250
0 6948 8727 4161 8255 2855 7058 6245 6852 3347 9085 8656 6817 6686 384 3777 981 1995 797 7058 9583 8871 4040 3993 6056 9965 9615 599 2617 9645 2985 2955 5059 9391 1852 7948 8448 9286 5215 2607 4955 8474 523 3221 9667 4698 2667 5715 1023 8517 7143 3836 1498 290 944 8557 5445 8200 4685 5747 3844 4529 1329 8427 4615 5784 774 9097 5332 1882 4904 6368 6412 7204 472 1644 6534 7285 4341 9633 7679 7487 9111 5085 8677 7171 8934 6771 8277 264 5940 3885 3073 6456 956 6596 1519 9142 7706 3703 5358 1729 7861 3349 4691 3057 974 6474 515 178 8415 202 5666 9771 4683 9860 3868 8725 2107 4933 3070 5329 9686 8332 5381 7704 6539 9185 9069 330 3588 1569 4870 8383 8487 8550 282 9012 8956 6927 7196 8314 2867 9728 1165 2444 1002 2095 6069 7933 8013 1218 1248 5046 3618 885 6513 6826 8601 3024 6387 888 6344 1213 7814 2023 523 5207 2753 4483 9416 9665 8168 701 4507 5609 8556 6529 1912 7015 3806 7706 7551 1351 6258 9796 8082 7701 9568 6230 3482 3739 6058 2008 5729 5328 7535 7393 5575 4517 993 3748 4165 807 8790 4314 7136 3905 2641 7512 2604 38 1089 5960 4999 1736 8928 9487 6939 3485 5250 6634 9465 3002 1036 9675 6519 9298 1102 6797 3471 7661 2242 2115 1293 5198 7157 6344 9590 6996 8869 9994 6042 6238 5695 2140 3342 4962 3349 439
6948 0 1564 4366 9778 5116 610 1312 3309 1815 2652 5499 9872 6592 6618 9826 6242 3167 8692 6579 4589 7024 8502 8830 2317 9122 508 1659 8555 8246 1968 5705 6145 7201 9525 263 8927 713 679 4570 3659 4768 2967 2539 2095 1928 8296 1716 5907 6472 3208 8793 6621 8373 7 7566 238 4867 6642 5577 1610 7747 8536 464 777 1139 5826 2119 7555 2804 5696 40 8729 6901 3664 6555 4243 5903 5790 5110 4073 5921 9126 8366 8913 375 7300 4713 3736 1005 865 2129 108 3518 5781 525 9479 9706 2456 716 5063 2754 5892 9361 2417 9980 6075 5854 9983 8888 3430 8472 9643 5311 450 2909 4550 1613 8013 8632 6606 2237 4140 1622 6413 824 9319 6228 7399 9131 4412 8086 6224 9680 8222 6370 8594 3863 7297 9292 2803 1809 7435 8508 8590 5860 4322 3672 9882 3020 9856 6635 2070 6090 6141 8418 3007 6826 4175 5697 2446 5343 2319 9240 5695 4773 6328 7664 798 3370 5928 2635 7062 3164 5749 1674 7263 4291 6495 2746 3370 8915 8611 9041 7141 2721 2883 3537 6885 867 482 5139 957 4062 8127 758 9617 1061 9618 7739 4034 1213 8854 175 6989 4354 6682 9463 9601 1602 1962 1630 2822 9508 8996 53 9600 5312 9272 2228 4430 1348 6229 5350 9834 3857 6428 1162 3906 7960 9995 3214 9185 5759 2553 2409 7143 5349 6241 8816 7805 3153 6672 7874 8916 874 7523 8847 1975 7000
8727 1564 0 5118 6453 2002 5937 5734 8863 5891 8893 8603 7187 9206 8376 2700 2118 3861 3812 181 2779 8490 9547 6406 1960 4618 3733 1379 3221 7146 7376 6991 6190 6587 4355 3204 8966 5544 7005 9019 607 9067 8896 2399 2021 558 3120 617 2182 4344 1875 6775 9515 2986 1621 9721 8268 8021 3297 5888 5157 7942 1426 2737 4126 1612 2542 6605 8087 3386 8615 5580 2842 30 1421 741 1421 7319 9657 2471 9030 7294 4767 1649 1459 2540 9512 7209 247 484 864 8191 8257 3843 6472 2515 2681 7834 6497 3278 4135 2594 7086 9561 7023 772 8555 6620 5925 1450 4962 9958 5651 8363 7712 3096 1816 9977 3898 5885 1685 6757 720 705 9971 1493 551 1976 7260 7724 4303 3864 2743 547 916 8607 2675 9487 54 7198 3152 1191 7864 7344 4823 8092 3276 5296 521 3607 4157 1465 5576 1414 9326 8361 8387 805 8012 8755 981 8117 8220 6085 7909 6185 1898 7497 7497 151 5628 2577 5093 1743 9356 2886 443 3981 7951 5021 4642 6395 9674 495 4227 794 5136 5279 4218 3380 9093 5289 7610 1018 7384 345 6816 8556 976 6240 9458 1007 2905 9729 3815 5794 1358 777 5533 7924 6750 1703 6743 3178 9084 192 2905 9998 1810 7873 3136 6384 8090 6342 8541 5340 9293 8242 3235 5837 8481 7843 2858 5168 9096 320 1086 9979 8996 2260 6072 8414 9027 7295 6121 7102 3195 5613 2969 5528
4161 4366 5118 0 6568 8610 8643 3116 4872 869 6395 5709 4009 5937 2247 5498 1743 2197 6646 8794 8686 8304 8360 8928 7495 7982 7933 5171 3420 1769 6894 9530 1700 3411 7073 5490 3383 8513 7892 8241 7023 2396 993 3234 2831 4665 2070 5974 551 3137 1078 9010 5934 8810 1078 4788 4050 3118 9982 4423 4752 2666 7335 9415 9433 7062 185 697 5285 1540 4248 7250 1658 4523 4015 5909 5877 9401 4777 704 5960 1340 977 4583 64 3036 545 8895 1694 9713 9098 5323 9492 1364 4006 6419 2460 8011 1805 6238 6026 5740 1945 8149 3297 1755 9219 1661 6633 7445 9990 1323 8774 9225 4087 7195 1474 2584 2019 850 2189 3185 7972 856 736 6445 6021 3709 7486 8637 6996 7596 703 3901 2688 1173 2931 3377 701 6246 8104 4898 9670 4596 6405 2663 1458 4244 6941 4427 1614 5082 6879 7639 6044 4105 2043 2928 3665 5758 133 1348 4605 1797 4873 1836 776 9377 5188 210 7215 4006 4747 5943 531 4104 4259 2853 6545 9679 9224 3514 7809 7306 4477 5573 9153 2632 3071 2755 7826 3078 3211 9222 2805 8883 9736 7765 5916 9017 8860 6154 2030 7082 8828 2603 8806 2405 7892 9997 7963 2333 3168 6595 1792 1077 2858 4101 4561 6575 2089 7978 13 769 7562 2162 4585 1188 9251 8991 8479 118 7559 7854 8588 7011 8850 4015 8587 2903 8359 505 8585 4693 8078 4817 2693 5010 5295 9999
8255 9778 6453 6568 0 7801 17 8057 6549 9042 2672 5318 3502 6281 6530 3607 7188 3528 9126 8027 9241 2119 3601 3708 8182 8957 1915 381 426 3791 9036 1420 1283 2740 9411 965 1668 1649 5689 4510 1200 1104 6661 5478 44 2154 9719 4856 9254 2158 2468 9506 6828 1362 6927 5433 9112 9532 6511 4205 5704 4507 6647 6554 9822 1246 1473 9298 7006 4816 8883 2309 5341 6764 5268 668 8638 7992 4002 5170 6162 6005 9705 5067 7291 4751 5617 342 5014 8747 178 9112 6003 61 4205 5585 5084 6355 3115 5829 5106 6842 4639 8499 926 9043 4234 2635 1127 5907 9978 9988 3660 4783 7997 4667 8536 7158 6378 1505 8043 1194 9524 2633 296 2606 6188 5590 6750 6736 9 5578 8116 2426 1620 9390 144 2245 1141 7731 4566 6762 7848 1094 9513 2588 5814 6281 8879 2562 4742 2226 4847 9093 7965 4849 7570 9729 8409 8122 4412 6757 709 5299 8141 8655 6388 5978 7327 945 4305 5492 9555 340 145 4849 4276 6746 7707 5032 9160 706 3595 4944 9541 5426 1422 6581 9178 9996 2252 497 2874 7445 188 2065 9660 5461 8018 9831 1693 3511 8537 2582 3160 383 5517 6213 2565 3547 2921 1874 9101 2902 6964 9349 2058 7829 3845 7478 7554 454 4738 2893 356 1857 8694 3408 9407 6689 4439 2977 9358 6529 7570 2482 6128 9439 8703 8466 6398 7472 9510 6699 181 8713 7693 3885 884 2204
2855 5116 2002 8610 7801 0 8568 6429 2812 3180 8938 1120 6291 8828 9445 1031 8312 47 1598 3297 4531 2628 865 4337 9006 9949 856 4904 7746 3378 8763 128 5865 7485 3576 4196 3963 7305 8223 6121 1236 513 2897 7041 4337 4308 7170 8990 831 8235 5368 5286 4900 8628 1532 9232 4005 6257 8424 2748 7505 4472 880 5661 4151 377 2247 589 6431 9391 8993 8331 7808 8024 7096 7340 1479 3703 9200 3807 185 487 4540 6196 4028 6020 6223 6085 8791 1278 4653 2828 2872 2348 7409 78 3163 1587 4267 5325 7852 2287 4631 2117 2866 1168 9276 1302 1226 2962 4159 6412 8887 505 6278 1130 9694 820 9582 1693 8795 7190 2823 6609 3063 6882 2225 3742 4295 6680 9508 3224 7402 5567 6278 4132 4303 9458 6757 2435 416 8062 9754 7883 8421 2938 1740 8090 1432 7907 8159 3187 4791 369 9497 6795 1193 9969 8840 6309 6164 321 1960 8849 3804 4532 1167 5350 1208 5708 6893 3531 5189 5628 7643 3154 1538 2977 5135 9893 831 8672 2984 7047 9387 7875 2991 9806 8049 4592 1104 3322 1680 8951 1993 1010 345 5536 4711 3796 5151 4962 5854 8889 1290 4536 1077 2320 7661 1534 1911 6869 5909 4529 5604 4289 1428 7683 9620 7375 2848 566 9260 3711 1927 3871 4291 5700 4983 1207 7361 1360 4247 2781 8951 4005 3456 8925 5717 3626 279 2128 1102 7538 9002 5006 6407 4339 5554 822
7058 610 5937 8643 17 8568 0 9128 4657 2826 6634 7039 7727 8350 3851 2855 3103 4337 3340 1084 7979 8674 154 2743 6739 2948 7624 2011 4917 9731 4816 9227 4551 949 6004 815 8245 2795 3654 5052 1103 8635 6613 2600 874 9681 9830 3657 3563 324 7496 7247 3778 8779 5960 1458 2079 5390 2960 1774 3416 6907 8203 4255 2075 2124 8203 5049 1378 5936 1561 4894 2953 9252 7336 549 5416 2753 4441 6155 3972 8017 2514 6996 3791 4636 8380 540 598 807 7922 8734 4678 6544 2978 4784 399 8709 2607 9195 5805 528 3675 3226 5246 2114 2286 1499 2049 4273 8666 7320 7745 9438 3372 190 8708 8773 761 1958 5724 569 5466 770 4725 5189 1655 9465 3605 645 6873 6012 6319 5597 1434 9431 4206 5420 1875 7534 7305 9926 8482 1933 9232 3771 6293 5376 4893 5652 8041 778 6984 5895 8313 8534 4309 8366 1270 6376 5008 4241 7078 1173 2940 8721 8478 7063 6656 1796 6088 8486 9805 2807 2744 5255 9885 6986 5013 3307 5464 9214 8851 8922 6822 7560 8087 7363 9656 8938 6592 1604 3147 1994 7836 601 6986 4394 8996 4208 6156 780 9085 3692 1704 208 9913 5625 5778 2951 9061 8338 887 1893 8119 3390 1185 7125 1581 221 3615 3255 507 8184 2574 9093 148 2937 4326 9232 209 5107 5568 7751 7002 8567 8203 6693 4932 2106 4014 6977 9201 3505 1365 8373 3202 5653 1892 4018
6245 1312 5734 3116 8057 6429 9128 0 8780 1456 6834 5558 1069 8926 5098 2598 9976 8065 780 4969 41 339 7434 1816 8691 703 8952 6196 1603 9506 3465 8164 4743 2551 6327 5891 5295 5774 8371 6945 4260 2116 1490 3649 6525 6230 6115 9211 5222 5730 3814 6773 3986 53 2462 9850 8204 6428 3685 4379 2958 2806 7136 2423 5963 7193 5697 4508 5784 8065 9707 7731 6457 7549 3851 3281 6947 2703 6077 1330 5230 1456 6334 1813 2582 2361 4481 9184 6070 6800 4313 4676 7866 5757 923 9786 2890 7462 7722 3477 764 901 5974 4990 30 8450 8890 518 9366 7091 1814 7361 592 9451 1708 996 6364 7271 2130 3842 6339 7373 6456 7728 8254 3610 16 2727 8966 5247 5703 9480 2641 490 9018 2261 2743 8598 4482 3475 5926 1768 5145 3282 1863 7089 8401 6568 165 8692 1943 2947 8516 5025 5810 8594 3089 2129 5547 2358 7901 6412 902 7737 5283 8346 3263 1517 1082 3944 5027 4316 956 7812 8247 4642 5968 8705 8021 8297 2852 6945 7594 4138 257 2679 6075 5594 8754 6883 8740 1463 4168 9024 82 1893 7240 1253 8546 9700 3856 8915 1633 485 8526 8141 2794 9385 2727 8074 3328 7719 4035 4483 5981 7966 5285 3508 7708 4178 5911 3430 4600 3834 1533 7655 1417 7502 5622 1411 5696 5495 6991 9155 4973 1406 5724 6056 5298 946 674 5019 4450 9014 6285 1207 5138 886 5358 9672
6852 3309 8863 4872 6549 2812 4657 8780 0 5631 6765 5950 7786 8526 7364 7286 4452 188 2845 1960 5311 6080 3286 3142 3560 9052 8962 2347 8198 7429 5000 206 811 2654 4121 3493 1405 6040 7842 5545 9470 7908 7407 9076 3092 9608 6323 8062 9147 1603 1384 634 5933 2056 6476 1061 7844 8096 9282 6569 602 1912 8638 989 5362 4305 4520 6019 2104 5425 8499 4503 931 9911 1376 5395 8343 769 8952 8363 2220 922 9056 6737 113 7565 4304 8882 6273 2719 4274 8004 1952 8723 3914 7087 2935 6798 8032 4685 5167 3769 8776 4548 9448 5910 2215 1769 2700 5674 9161 2890 325 3418 9845 6993 628 2894 8143 7176 302 1554 4347 2885 2097 954 7333 155 6644 3889 4062 175 5122 5755 8670 6484 9702 4122 7690 1325 7346 9857 9156 4885 7473 1213 6517 2533 1305 7088 5979 5268 5745 3382 3093 1687 451 3401 2797 3447 8389 7589 4529 6407 7446 5775 8086 927 38 6133 2988 885 5436 4561 4717 381 5454 3987 3490 1413 8397 2778 2639 4819 4754 9696 2666 4979 4339 1359 1975 9118 8171 5693 7790 4589 9054 7259 6955 6441 4857 2746 4128 6271 7001 1479 2482 248 7961 6290 6223 7961 7631 509 522 3800 2989 9911 7484 8804 1260 3153 1334 2956 4328 1142 3683 2812 5167 4987 3935 5683 3653 5022 5735 6897 7190 3999 3866 1358 3841 6242 242 1508 7729 5068 3540 2838 8445 5293
3347 1815 5891 869 9042 3180 2826 1456 5631 0 955 4723 7048 1768 6568 7129 9689 9579 5250 6091 8561 7915 1996 5292 5718 7851 4625 2360 4760 3622 3226 1260 1854 3168 509 4795 2464 3677 8699 5979 7266 8870 229 9413 4562 8456 3195 1029 535 4309 9730 5948 2374 3644 7682 3711 5584 2645 827 7030 4310 7712 1887 5853 7414 4658 7057 5057 4219 1776 8929 1905 5698 5729 7016 2724 9733 605 8360 7779 5705 5502 8032 5240 5571 8236 7134 759 5386 5421 9262 5312 8102 6542 6439 8379 7983 3894 4929 2843 8445 4621 1061 7319 505 5865 1597 9032 7513 5878 3824 8275 5785 508 5504 701 3731 5880 675 6213 7485 4925 185 5052 853 6733 2026 3450 7415 1962 5513 5920 9955 8812 9852 7614 6887 3685 6865 919 6687 3538 4936 8014 3334 7538 6124 7123 9454 3569 1941 7373 5958 1165 379 318 5450 4896 2522 2225 4864 3791 5606 562 8347 7434 3531 1007 3819 5202 8384 4074 4286 6359 9107 1143 1494 4961 6727 3851 9023 2679 8263 8316 990 8317 9617 1618 1982 7551 4455 4893 4499 159 4231 5676 6868 1381 9564 7783 7733 3323 9227 2570 8945 3590 1406 2826 5769 1263 6407 1194 3539 4442 5244 6030 2795 5626 2321 1330 5515 9620 9384 3041 8399 1331 5716 2512 3932 6317 8552 9552 5998 3043 3802 9434 9496 3113 3503 8956 1106 6124 648 5343 8095 5862 8527 1686 120 9116
9085 2652 8893 6395 2672 8938 6634 6834 6765 955 0 9102 7643 3483 5620 1265 5740 3190 5787 1720 8673 8797 3422 3662 6547 2918 5781 1042 9239 6496 865 7265 9816 8347 2780 4201 5997 9696 557 5622 8977 6182 1586 6428 3828 9100 7009 3351 4353 3452 7130 1300 1132 8660 8725 1936 7125 8306 8409 3124 8105 1672 3897 4975 4597 9206 1774 2792 7517 5910 8688 1618 225 179 8664 2817 280 7529 8375 4658 1805 939 2177 6455 5897 6093 9357 9216 5130 3752 107 4695 7038 3294 1862 372 8875 4560 9689 8735 3252 2640 1625 8268 2497 3206 7849 3342 8817 3948 4138 2164 2795 9644 3715 1611 5291 5250 3261 6913 358 8610 4503 4914 7173 9134 3709 5449 9821 2342 6266 718 1230 4116 4121 7445 1203 2156 7801 8930 3735 9646 209 1453 5023 1489 5673 5642 1517 4022 1526 6508 3668 6868 579 5757 1642 8742 5819 1128 3683 977 5149 5988 3664 4236 9242 3519 422 5189 200 2774 2477 748 2807 5334 2640 7015 8311 7328 1730 2139 793 2390 7162 4658 2924 3680 6545 5852 9522 2760 6351 9457 8745 4575 704 1499 743 3188 6544 9227 7116 4614 4945 4258 892 2289 1269 7538 2438 3016 2669 3927 7572 2476 1248 9247 1171 6105 126 6341 6356 1154 8581 2851 8700 8345 6968 3319 392 8618 8967 1171 5838 8972 1252 1220 3680 1044 8539 8918 644 3663 758 7798 1181 3952 414 7372
8656 5499 8603 5709 5318 1120 7039 5558 5950 4723 9102 0 1962 4251 2725 8753 6922 3807 1089 1095 5902 7755 5129 4075 79 1971 9486 1379 9962 9379 5459 4180 6859 7783 3082 6411 875 3979 6937 1483 9369 278 9448 3748 8297 8042 9084 891 3316 5062 8121 3470 9203 1529 1424 2709 9161 4482 7903 3546 4760 5598 3880 2573 3300 2038 2729 2214 7070 6408 6806 4771 2136 3861 3282 3202 4848 5308 7102 5325 9060 4688 154 5000 701 4427 7685 8107 8195 4994 3839 8713 5472 6479 4422 4997 4937 3312 6043 485 6237 2601 9440 8343 3921 791 2180 4236 5205 4934 7671 2088 5025 3623 2390 7803 164 7281 9157 2594 1388 318 6450 7845 8993 2014 6715 4772 8771 254 4449 1403 6428 2293 1084 3089 1231 7170 7334 559 7353 1381 3361 9513 6150 9379 5083 3436 9021 6941 6050 1948 2770 3074 8580 8451 9083 6711 365 7269 7048 1385 4287 3472 3410 3659 5401 8572 4129 750 7333 5554 6541 695 7394 2069 8340 3058 7824 258 9143 2902 5403 8443 5634 5349 9795 6094 2386 4999 251 2636 316 2519 6567 4426 5933 7982 7086 7684 8622 1270 2590 7008 9283 645 4399 5113 6594 5095 8077 7799 5824 2064 8796 6354 674 1699 7848 8209 170 1011 3650 7352 529 9479 3036 3413 7058 6438 6173 9792 6292 9287 9998 2062 3145 7803 2876 9276 5990 7597 4137 7875 7328 3803 9858 3198 2767 4712
6817 9872 7187 4009 3502 6291 7727 1069 7786 7048 7643 1962 0 4290 5115 8937 2605 4832 1940 8637 2448 8809 8367 6159 9679 1185 8286 1387 476 101 2368 8883 7805 7463 4161 7597 579 720 7766 6900 6837 4727 9450 3788 1229 8297 4457 8198 784 8250 2630 2849 213 3286 4519 8601 2785 2395 7802 5806 9668 4019 5816 8120 5304 8269 601 179 3958 4170 4592 9898 5240 8373 988 6385 9090 9012 9860 1696 6892 3017 8411 2645 5556 5683 9322 9156 8668 5952 887 1351 1922 3259 2254 5079 7305 942 4629 9845 576 4615 422 952 3733 4067 7689 5202 517 4551 990 6171 2894 126 3125 6063 9380 8698 1927 6667 5604 640 5778 3013 9676 2637 4439 9762 8830 3296 7129 8767 3624 6891 1346 2283 6389 1491 9562 2026 5377 9668 2326 4377 4103 6103 5821 1473 6181 2887 4512 3093 7818 6953 2683 5061 7063 2181 7556 9888 8638 4472 9820 1825 8315 7126 6149 9097 4081 3051 7827 1536 8613 6710 9908 6810 393 7183 7811 1378 354 3120 9633 236 8166 3710 6562 2039 3585 1203 7800 2181 6810 2075 6279 7627 881 5178 94 3422 5177 8379 7155 7963 7465 7350 1627 1895 6786 3404 5851 8082 9219 9450 4267 435 9253 4707 4718 7957 918 554 2140 2781 6907 2823 6101 6944 5670 9453 5329 4845 2910 8229 4126 4950 2110 459 1339 8009 4982 4636 5194 7890 3816 7822 3703 4987 6881 8736
6686 6592 9206 5937 6281 8828 8350 8926 8526 1768 3483 4251 4290 0 6651 1858 5747 2350 1566 5722 3705 2362 4715 6975 5920 1996 2711 8849 689 9777 6846 2493 3209 852 1844 1992 6619 2856 3950 6968 618 9225 4735 5594 9388 6790 9477 6241 4887 3511 5305 1893 9984 5982 4792 5496 3135 9489 5375 4706 533 4078 2117 2227 3208 9287 9317 9784 1733 5728 1571 2720 9569 5583 6052 453 6129 2964 5088 4424 3950 5581 7478 66 2526 6 9899 621 3768 9029 4655 1795 3584 8191 5397 9665 9915 3897 3709 121 2082 4546 7026 1989 2840 3174 6154 771 5637 9366 2363 9837 2698 1111 3717 9712 7466 2331 889 9827 9289 3525 7790 6608 1326 8175 971 3990 7814 3803 8893 7565 2525 1736 3093 8443 2683 7831 6149 8436 6869 6954 8279 9871 337 9272 7354 5202 4560 9651 7599 7791 8587 1025 1652 7451 4162 2426 1709 268 4645 3467 4696 490 5633 1928 439 8480 7354 9311 9387 8338 377 9755 648 4698 3255 7422 5003 6694 1701 291 4575 9950 3025 9335 3072 3934 1865 7479 1572 540 3007 349 1690 144 2338 8477 2367 2151 9005 4384 6940 266 236 6182 4147 9687 446 4224 5787 8036 9996 2951 5307 4256 1870 5394 1982 613 6497 1420 557 661 5445 150 5909 8367 7803 6341 6512 7355 3602 4097 177 2745 8384 6887 9750 2577 2760 1070 8590 7626 6717 5614 9828 3901 3602 4579
384 6618 8376 2247 6530 9445 3851 5098 7364 6568 5620 2725 5115 6651 0 2193 948 8475 6276 5769 3798 4397 8223 3602 3843 2531 6625 5991 4587 1658 6768 5052 4296 9016 7766 1974 7684 6739 5171 4572 7171 7858 7160 4185 8353 3887 1240 6436 8700 937 7083 8820 7070 1872 1600 9744 4064 5435 3778 8162 1981 4555 6922 8987 1243 8745 5745 6230 9176 6485 3366 889 7161 4932 5113 4548 9297 623 4532 9638 4681 6687 1075 6883 2833 4106 2830 5245 1027 6008 2267 5072 2515 7062 8941 8128 908 3782 5859 5219 8476 1852 3666 7301 3764 7464 694 9423 2484 5880 9671 3908 8891 7606 7362 7963 1357 8620 3269 7026 6756 9750 5088 6225 4842 7231 3592 6437 4233 2046 2573 5854 6889 4452 982 7361 6739 9642 6855 4774 7865 8056 2356 4222 7254 3451 1936 7791 3522 2547 3525 3364 5860 9801 135 2221 5320 3832 6201 3402 3469 3074 3381 7442 3495 7647 5850 7763 4337 7273 5706 2195 1208 611 3885 950 7444 3011 3439 9690 6431 5023 7806 6811 5330 6862 4008 3878 2330 3084 2718 3404 5665 4758 6338 7671 6474 1834 860 781 8092 7147 9307 888 9085 8288 9997 3841 6803 9148 1243 9202 4668 9019 7125 2040 9062 3202 790 2535 3365 3430 4085 5004 6251 76 3828 3789 2798 2354 2332 8587 2396 4682 1059 266 3050 1778 7933 2909 1866 4557 9629 1756 3050 2625 9935 1265 5186 2399
3777 9826 2700 5498 3607 1031 2855 2598 7286 7129 1265 8753 8937 1858 2193 0 5760 8798 5006 6904 8292 7189 4935 6597 948 3912 7630 6727 9665 9043 1591 555 4860 9240 8127 6381 4147 2774 8064 6072 1942 8460 5928 1503 6733 8028 6301 9227 300 2783 8394 1870 1950 2596 5045 4963 503 853 8631 2322 5550 8955 348 5842 1508 4419 5011 1399 1049 7802 510 7132 9945 3115 6399 7890 7833 3634 1204 6921 4126 3313 6611 3194 6123 9533 6954 1043 2860 595 1040 8087 8007 7478 4331 1236 3424 9165 6268 2904 3024 5892 1185 3935 5762 1566 4173 4204 1420 2270 4917 5024 2198 7821 4561 7024 4311 6386 7061 4438 8838 8230 8378 8047 4607 8932 5469 6570 4221 3850 7712 1780 6604 8104 5754 6632 9247 8842 8594 592 1792 6589 5954 2574 7477 3034 5361 8232 8885 8702 4640 9492 1074 3362 3769 6165 4149 9632 9226 9482 3455 555 5674 2719 9292 485 958 4794 7921 4134 6178 5363 544 5838 5422 7026 4786 8849 2997 4328 6681 2466 7955 4670 677 6253 8631 1474 7226 6727 7197 3832 437 1577 3263 7387 9268 842 2475 1656 4564 4865 3250 4799 4480 8597 8366 7801 5507 2625 6754 1939 9081 9342 6591 1347 2121 8026 6190 2407 8660 6509 2123 4740 2612 1308 2445 1461 8512 8172 3559 6847 8126 8871 7805 3121 9603 6748 2539 2373 5084 8048 8998 6038 5863 1272 5344 259 5854 434
981 6242 2118 1743 7188 8312 3103 9976 4452 9689 5740 6922 2605 5747 948 5760 0 4973 9395 7042 7347 7886 5515 6413 1053 8175 3276 2373 7330 6999 8225 6692 9456 2620 802 9527 331 8146 7569 3343 3421 4043 3582 9018 8508 1694 1923 6190 8188 6558 8182 6391 1392 8825 8370 5537 8972 4039 5753 9212 6438 9145 7650 7616 2358 7154 9079 5931 2071 4231 935 7032 5380 1023 7666 3190 7446 2091 915 4622 6893 9524 845 4264 6526 2508 7261 2497 9026 5076 5547 6520 6291 1930 7416 1296 9329 6993 7327 4770 451 7857 9535 4622 3817 384 6853 2614 9406 8475 6719 9766 4107 6817 5675 4215 9611 9745 4205 9295 526 7092 4366 6666 6894 8569 4123 482 2771 130 7019 6090 1820 8362 6493 7370 8533 479 8518 5429 2878 9549 708 7917 9833 8978 4508 472 23 9170 1010 7022 675 3409 4361 2909 299 4253 6610 1126 6571 9379 8412 4493 7124 5295 6588 2198 2228 4593 9648 5232 8640 4234 8757 867 3480 8769 2068 6151 4086 8988 3357 7275 9406 3448 9408 7314 3572 9628 3691 2223 1402 1008 9272 617 2473 1600 713 6049 9686 4701 5545 7749 9230 9581 936 7308 5129 9738 8725 9313 2676 4667 907 3038 9166 2866 4169 6891 3896 5869 1836 5127 9998 172 494 9640 738 5192 1530 5092 5511 7131 3732 8004 1332 7000 3916 9221 7057 6051 5197 2911 7972 2226 6885 455 6762 2289
1995 3167 3861 2197 3528 47 4337 8065 188 9579 3190 3807 4832 2350 8475 8798 4973 0 291 3252 1374 9870 494 5285 8570 7919 9609 6072 8416 444 9305 928 1765 7701 8798 4147 4136 1375 9974 9526 3048 4550 7935 4112 8279 1632 8369 8278 270 1940 305 8316 3760 1603 8322 5856 9134 6948 3044 4019 1067 9949 3040 4231 6768 6935 7350 217 2864 6573 7015 8583 7147 475 332 6130 6994 5671 19 8946 9758 845 5363 2939 9462 4325 5329 8078 8656 2057 7962 4936 2530 9272 1297 5198 715 3552 1535 3797 9370 3354 1838 4239 6816 231 1596 3173 3027 4492 3079 2951 1757 2126 5301 185 6480 4878 1422 939 6354 6806 3047 1587 5096 8399 2200 1918 8273 816 306 8573 1350 296 982 720 3425 6403 457 364 2128 1261 5690 673 5083 983 4658 404 5819 8746 1259 2225 9818 6300 7118 6458 9201 967 5071 1283 4001 5673 4681 3883 7577 9774 4764 8597 1026 5505 5226 4108 3101 8713 6732 3567 6008 2261 1692 3299 1193 5571 2038 4963 7532 6983 2840 3382 4192 9343 3927 4131 5305 6177 528 7974 9725 1152 5259 3727 3269 4764 9265 3433 8416 5782 878 7561 4666 1336 5885 7061 5224 9314 2620 8243 3795 7169 8974 3015 9398 4799 4758 1188 4157 6751 6118 8141 4846 7537 8608 3538 6050 296 8306 6027 61 5583 8210 2672 7635 8030 8125 4904 4964 3541 6141 3302 8586 4109
797 8692 3812 6646 9126 1598 3340 780 2845 5250 5787 1089 1940 1566 6276 5006 9395 291 0 8428 1290 7048 103 4004 5477 5095 4999 7052 1993 6246 5677 678 5259 5595 5755 5104 882 4172 7510 8229 2274 1322 2517 2110 8740 5948 7104 142 9620 1173 41 1725 7287 3230 5768 7938 3869 8947 2574 9084 1192 2248 9989 4725 2756 7567 3368 8913 513 8082 365 8634 4784 7583 7338 9251 85 9234 9623 3678 9354 1831 4548 5026 9732 4433 7971 8309 4748 4447 1735 3166 9037 570 1788 419 2902 6781 5408 5989 713 1774 1881 9830 4296 7553 891 7016 670 6783 8684 4871 8337 7148 7844 7971 6060 7568 6334 4094 7059 3503 2515 9046 2404 3292 2195 7509 7471 2007 6653 6676 6510 4265 6496 8953 9887 6473 7780 1285 3139 8866 6806 5689 9303 6772 51 9774 8166 3604 3747 2103 9432 2709 6144 8010 6421 2118 7601 7109 5090 4060 7214 1976 1583 3925 8224 8177 4810 1289 502 9917 4432 1863 8590 6930 1239 9800 6618 9307 8168 214 2715 4189 4238 4469 3625 6780 2758 8676 8924 3921 9165 1911 8696 1278 93 74 4748 3250 8319 8615 3039 4733 4813 538 3748 5133 8921 1369 4216 8847 196 2110 6573 808 6877 6852 6525 6908 2168 4328 7074 6069 8069 9227 5900 798 9936 8157 1568 758 2878 8827 8597 7298 3165 1813 7881 5142 2148 7163 3924 1233 5209 4463 3606 5440 4404 2667
7058 6579 181 8794 8027 3297 1084 4969 1960 6091 1720 1095 8637 5722 5769 6904 7042 3252 8428 0 9047 7799 4160 1829 7667 1482 9581 538 3664 2939 8500 551 8628 283 5548 1857 9700 5038 3356 9002 6543 7628 8986 2654 863 9233 8066 4252 3058 3102 3062 1201 3517 4318 887 2074 8507 5106 7314 2194 3275 938 5821 8860 7373 5556 4793 9184 8132 2482 9454 8643 2115 250 1857 7020 6593 203 2963 8135 6862 3659 944 6448 5291 2980 7556 3795 8866 1403 6931 3485 6386 4627 5390 3215 9341 5032 3436 1233 9980 1350 7603 825 5168 4709 1333 378 7703 5168 1023 8301 4752 8526 4277 458 6770 4388 5718 5138 510 8753 4567 5631 7855 7519 1267 3701 1218 3714 8543 7310 2742 4639 7098 4665 6129 2452 47 3020 3914 9082 7014 8828 1566 9900 412 6115 3546 2500 7054 1141 6789 5976 788 6381 5626 3649 4230 5893 2276 4946 7675 2653 1457 8902 4 8656 4407 7574 1944 974 1625 3327 5400 6904 4750 9077 8187 7244 3794 3521 315 4212 7288 2791 7669 5961 7636 484 1472 1789 6651 6505 9073 8683 2029 9354 9938 2653 6279 7186 477 1163 5471 1139 2837 3093 7457 3213 4034 8566 7413 3499 1455 549 1425 3356 1065 9453 3383 4699 6309 6679 6122 4535 7941 1861 1149 1838 5900 269 7247 3180 798 7621 6509 5292 2302 3220 7376 6437 9888 1979 7274 1730 9644 4974 8358 2646
9583 4589 2779 8686 9241 4531 7979 41 5311 8561 8673 5902 2448 3705 3798 8292 7347 1374 1290 9047 0 102 1602 4940 106 9850 8200 2329 5468 8705 8046 4687 7585 8513 9392 2892 9099 2868 2564 4873 7594 4072 9092 4395 6030 8759 9835 509 5595 3758 3804 6546 2058 3514 697 2814 9418 4499 5978 9008 8613 3091 4884 3855 9198 5141 6178 2897 7498 912 4846 8570 7032 9489 7691 2275 5831 2886 9668 666 6053 9492 755 1168 7484 1104 1091 3397 2330 8885 1094 198 5461 4266 5516 2030 3452 4597 4021 8476 5417 8081 7603 4518 7274 162 3274 6310 1173 9431 9621 8372 3657 9062 1304 5012 6961 8906 7723 6627 5121 5221 6591 3720 879 6914 3338 3324 4599 2604 6643 3400 8388 7409 3290 3026 8381 3111 8576 5426 135 5938 4604 1679 3879 4318 8374 4352 3514 2593 2700 8523 5488 5112 9700 3515 5872 2547 2507 9030 4382 3736 8678 5978 5541 2381 736 7067 1435 8287 3778 1934 3999 9237 6065 5117 568 965 57 1625 9051 7126 2033 1077 7405 5905 9193 7849 7692 1401 3980 1828 5203 1660 5648 750 4951 8477 4964 1086 1384 6640 6366 1115 6603 1806 237 5438 3476 9606 1674 8058 1562 5813 1656 1218 4731 1553 4881 5798 228 1682 8564 335 6071 4274 9610 6516 9701 504 1653 7555 3541 150 6448 3390 4680 1519 429 6689 9724 7177 9295 1063 4537 6071 4348 5633 7004 9187
8871 7024 8490 8304 2119 2628 8674 339 6080 7915 8797 7755 8809 2362 4397 7189 7886 9870 7048 7799 102 0 6758 726 9611 2374 4943 6003 5646 7988 9667 655 1258 4079 503 4976 5393 9226 8172 6800 5382 4733 2841 8882 5981 4875 9863 6107 2911 4282 2433 7848 9586 2128 2903 9782 9843 4973 6951 9715 7544 3957 7647 2874 3968 3322 7261 4944 5335 935 7935 5939 4609 1326 4884 1226 9790 2458 7714 3183 9218 1219 3249 1062 9717 7039 11 1937 7983 6311 5469 3842 2512 9510 156 9456 3711 2622 7556 23 4193 4474 7532 4039 9845 957 4341 1209 7497 2548 6721 281 1442 4244 6816 5245 467 313 6204 77 1901 8443 2016 9572 4065 6946 2114 686 628 8203 2429 3796 432 1042 9670 9774 9613 4014 9674 1615 16 8605 3007 537 6187 1501 6784 6423 5468 9531 6459 4968 7877 7155 8222 6382 1657 879 4913 6415 3084 1073 8869 3568 7362 8856 3681 7123 8483 502 6314 9645 2450 4185 5580 7679 1288 7438 3725 7158 4923 26 8931 39 7490 8046 1761 1998 7413 6048 4024 7295 1877 8801 2252 4581 7174 1133 3969 3753 285 6903 4129 2785 1913 1977 6492 1717 6959 5980 4927 2460 3696 3113 5350 8027 8785 5825 4392 3724 9420 2083 4706 3713 4558 3911 3020 6939 2402 1278 8347 7040 8576 3548 1065 5983 3476 4054 5444 2862 9484 6969 3638 10 2764 5473 7892 3868 7133 6486
4040 8502 9547 8360 3601 865 154 7434 3286 1996 3422 5129 8367 4715 8223 4935 5515 494 103 4160 1602 6758 0 1656 157 2232 6189 5129 3789 7923 5397 8517 8488 3399 3592 3185 4271 7274 3176 6810 8481 9221 6983 8561 2018 4925 3626 1741 5719 9217 6735 3053 1938 3093 1614 5918 4324 2196 6943 2827 8516 1077 6433 9318 2764 3471 9420 9800 4101 7217 229 5236 4407 3654 6377 7115 5553 2202 7052 1498 8651 4933 5486 2852 9436 509 2107 8898 41 7353 7602 7740 6404 356 7614 7776 6073 9611 9111 8701 4931 5523 4395 8122 2825 7534 973 5014 2942 6251 9081 4133 791 9831 6299 7247 7869 84 5905 1394 8067 4036 3290 4529 3449 5376 1835 534 5753 1519 8088 2872 535 9336 8247 7485 8316 197 390 6344 9035 1018 8711 6942 3396 4933 3965 969 1921 6598 6543 94 7593 9356 8603 4594 4446 7206 3122 6324 8106 4954 3181 3941 921 1493 6656 6304 7387 6598 5042 3954 4869 3073 2839 6020 5627 2872 8899 475 3536 8082 6048 3646 5113 771 1153 4095 5179 9827 186 5916 3218 1612 5495 5147 2845 7290 4280 4044 1386 745 1660 8439 210 4493 2153 6509 2335 7438 1026 2837 1480 4628 8043 3544 7967 940 2713 796 8460 9722 3716 2768 3660 1903 6198 1535 540 747 6069 7994 6697 3573 311 4394 5498 3495 6013 1396 25 35 2350 5158 4434 4651 729 5517 8908 6945
3993 8830 6406 8928 3708 4337 2743 1816 3142 5292 3662 4075 6159 6975 3602 6597 6413 5285 4004 1829 4940 726 1656 0 9773 1676 7417 8631 1847 688 4406 8989 9177 2271 82 1931 5247 8115 4520 5664 8535 3262 7571 469 3956 3687 2374 1025 2907 1372 8337 655 9149 8227 2302 4046 9177 7583 7277 9442 652 9049 3472 6979 4001 2606 2581 141 8708 1585 3518 3550 5463 4019 3127 5374 3005 1283 8583 5791 6327 2742 4172 5305 3450 5204 6200 7748 134 7894 7119 522 8965 561 4232 6425 8482 3981 590 4036 7671 6379 8929 4677 2612 8318 5383 8035 7893 7698 1470 9319 9702 2129 567 2507 6870 4186 3887 1437 8875 4555 9125 4480 4120 1144 1539 8044 6603 248 5898 1417 5079 451 7578 7251 8862 6278 2011 2766 8834 9325 1818 1163 1846 8468 5303 5337 2332 6826 8858 36 6050 7547 5846 1187 7519 3334 3138 6959 5272 4564 2372 6117 7514 3151 4982 4130 2604 4583 3083 8686 2252 3520 7812 7790 3134 8670 6804 4934 3016 4594 2207 9102 8099 1297 7870 2730 3075 1071 5852 2333 3901 5658 6126 4187 6859 9064 9344 2755 1422 3831 7439 7177 8877 9436 470 2121 4318 3740 5942 8687 8661 7843 4164 4362 9662 6842 7585 6083 9392 1072 1227 4069 8989 7764 8401 7506 7976 1229 8341 4733 8816 780 6039 6959 6299 8725 421 1744 9047 9324 3472 7641 9790 2627 6912 8090 5998 6640
6056 2317 1960 7495 8182 9006 6739 8691 3560 5718 6547 79 9679 5920 3843 948 1053 8570 5477 7667 106 9611 157 9773 0 3595 8498 6452 5791 4853 877 2105 1050 2367 1101 7645 5805 6697 1765 9864 7130 3176 5008 8197 3389 9334 5432 7429 5774 5668 9300 267 6842 5427 8198 8101 56 8591 2153 8121 8506 2703 8793 2424 6437 6614 552 6316 4243 8644 2070 5085 6278 1504 249 7863 9956 9438 9055 6446 2798 7917 6371 5251 1481 2818 6786 605 971 2607 7240 1345 2996 2152 1040 3680 5017 6684 2036 8947 4343 1417 6468 4663 652 7756 5937 9167 9911 4893 8820 5978 7011 5426 4200 8346 7464 3641 7994 1791 7809 7693 7086 9054 5431 6132 8439 5332 7886 7612 2020 6484 1852 9336 5088 9938 7695 8356 3593 3833 6374 5696 5739 2976 8097 4005 1408 6135 3131 8359 480 6399 6997 7081 7518 2364 9939 8333 9257 9102 7294 1211 9323 8112 4561 4782 5136 4980 2716 6602 1031 7489 3795 1987 3614 8666 7446 1534 5514 9007 8688 1678 1218 5710 5426 3127 5173 318 2289 2265 9920 8888 4781 1138 4936 2368 9097 6850 376 1239 3462 2949 6269 9714 307 434 9972 6919 9483 8244 1823 6055 9153 683 7401 5441 7779 5808 4705 3671 8386 8127 8882 364 5370 5183 9813 6673 5538 8989 6588 8501 5659 9839 2335 6461 1670 7054 6842 6425 9632 287 6483 4088 2198 5767 55 6626 3956 7209
9965 9122 4618 7982 8957 9949 2948 703 9052 7851 2918 1971 1185 1996 2531 3912 8175 7919 5095 1482 9850 2374 2232 1676 3595 0 4912 1434 2795 2293 4405 8131 179 8423 531 3266 7657 2297 6490 6962 2807 8949 4837 9617 6793 1700 2587 5262 8132 1895 4705 2072 9190 6619 8538 9221 7681 9414 5500 6449 313 4858 9171 5277 3969 5514 6727 1697 5546 2928 5627 6118 7160 9856 6916 664 7977 1620 8745 6631 6104 1911 9016 7703 8468 794 1543 7612 9570 2812 1521 9302 9619 5761 539 8457 3092 9844 9161 5460 2306 3151 3538 8185 6813 4968 3592 4093 5255 1094 9202 283 7536 4916 6887 1463 8456 4741 7389 6127 7035 1058 9427 1086 1214 6934 2080 405 1436 9688 418 5918 33 7906 3195 1755 3492 2163 6858 906 1099 5973 3976 6407 6115 6622 4210 8755 300 8412 4562 50 5996 2399 4876 7960 5111 9228 8942 4132 6295 8054 6449 3497 309 2379 2345 2137 8526 7767 8675 142 1372 4577 8389 5732 8314 8343 8124 3795 5438 4831 5932 6729 9463 5899 6332 5777 8046 8341 6186 7293 8354 4521 6304 177 3540 9153 4504 4450 8779 164 6204 1145 8692 7637 2252 5384 2026 7000 4693 7905 7090 9388 5737 1124 8165 9408 8614 4993 8910 1954 9484 6582 9347 4933 5343 268 3040 1128 399 5550 5728 1863 4175 5417 2136 6036 3928 8712 5387 3478 8539 1792 6928 8553 6543 3236 4512 6244
9615 508 3733 7933 1915 856 7624 8952 8962 4625 5781 9486 8286 2711 6625 7630 3276 9609 4999 9581 8200 4943 6189 7417 8498 4912 0 3610 2380 3234 2480 5327 8456 3775 5933 1286 494 1170 601 5616 532 5487 3408 5907 2532 1090 9143 613 685 1462 9522 9086 7935 3606 3747 7126 1834 925 166 4628 6349 5564 6144 2855 4725 7576 7597 9983 2905 3984 8300 2059 1442 5059 1878 7826 8619 9621 5255 1564 9282 9925 6245 7317 8347 1464 1135 5510 1303 9270 9727 822 4899 4416 5528 9416 950 4666 2614 707 4263 9030 1336 4083 7391 6365 9411 7504 6650 5050 8051 8214 1241 5800 6718 1741 5952 3403 6943 4634 7612 640 2884 2924 3717 752 3324 8152 3757 4985 1472 4574 2271 8389 268 8038 2202 8045 5538 8140 8600 5297 922 3480 6508 5066 9509 1854 758 8273 8871 2114 9915 3570 1529 2961 4982 7161 3635 3407 8479 2507 8914 3209 295 2609 8803 8996 2362 4615 7504 2902 5282 2275 502 6080 8976 9322 683 6002 9597 6606 7376 4711 5453 5819 8769 135 6969 4105 1109 5584 488 4834 330 1203 7184 1026 6800 8662 462 169 8410 8766 5110 5726 2918 4017 3285 3479 4335 648 4733 3166 5617 8337 3746 2477 9283 7033 1756 2673 8064 1345 5071 7743 180 4746 8973 6252 76 5121 8182 6810 4905 2201 6822 5518 5799 4184 7218 4443 1689 2326 2810 4744 1112 9665 1675 5122
599 1659 1379 5171 381 4904 2011 6196 2347 2360 1042 1379 1387 8849 5991 6727 2373 6072 7052 538 2329 6003 5129 8631 6452 1434 3610 0 9760 3290 4655 8099 3111 9568 2191 3298 4802 4266 966 7589 6268 803 6387 8827 4223 3680 4580 3139 5384 2019 8152 5230 9160 7037 3698 7781 8881 510 5204 3863 4837 115 2469 822 9383 9442 5361 8495 5723 9258 1025 2041 5026 8189 4844 3809 1096 1422 5908 9147 7648 2499 8806 298 5629 2307 8198 8066 6111 6793 1040 4138 4147 8833 2044 9104 8923 9557 3529 1427 2059 2459 4198 5131 6975 8628 1567 8668 8934 8823 9268 5399 1150 554 7289 6312 6111 2828 7942 9903 9694 3188 521 8793 5115 9387 2104 3822 4518 8005 9 4152 9422 9679 403 8365 3573 1238 5496 9867 9890 3477 2359 8966 9164 7921 8540 2238 1719 5029 6283 8199 4837 9910 4070 1712 9716 9096 4512 1947 2480 6248 1788 9000 8938 7049 2353 9801 9821 1706 7603 3246 5876 2107 6235 6529 8141 7569 3445 9940 7068 6811 6577 3117 6675 8173 8030 6635 2032 4871 7689 4889 3307 9512 3312 1391 1624 4764 9676 9323 5331 2400 846 1051 2492 9897 9249 5597 309 5600 3254 4978 4211 6577 1650 2647 2399 9493 5873 2707 6787 2875 3846 9204 5574 6150 5489 9581 4395 1184 9150 3331 9614 1956 7296 6469 9750 3205 8174 921 8510 8970 4697 6116 6837 63 5656 118 7544 3603
2617 8555 3221 3420 426 7746 4917 1603 8198 4760 9239 9962 476 689 4587 9665 7330 8416 1993 3664 5468 5646 3789 1847 5791 2795 2380 9760 0 3959 4409 1865 6546 9212 1446 2549 1228 4024 4326 4403 3256 1851 3403 9425 4785 9898 3903 5830 878 7964 485 929 7190 2911 2548 6485 9955 6400 5230 8832 2926 704 425 8279 8491 2839 1511 5785 9 7073 5856 7169 4065 3850 6633 8641 3354 1667 1372 9889 2255 7629 252 9428 3063 1042 7549 8131 9216 9266 1180 8845 6467 2609 7780 2370 3937 6704 4852 3169 8108 8688 1122 1664 4157 4700 5443 7736 2310 4529 6586 3326 4763 9124 6716 1773 8358 2437 7647 7068 2033 9383 7913 9831 7205 4233 9013 3285 1759 8107 5194 973 8081 5851 1955 2249 9598 7224 5486 580 1829 5040 801 3603 4689 634 9714 4100 9342 6234 6241 3049 8308 3615 6247 4834 8399 2158 5360 5193 7926 9509 4828 2570 3445 8004 9339 2933 6804 221 4417 346 9640 3778 6373 6840 540 2635 8450 9279 6884 2053 9068 1812 7717 9991 7422 3432 9529 5444 6028 9945 2393 1714 3331 6014 6518 7800 4519 6224 4388 8256 4393 647 5745 4654 3028 2439 2794 4138 5834 8259 230 2194 9891 3163 7842 7910 321 406 482 945 1673 9760 4863 5774 8236 3809 9918 1930 7946 6263 1172 9968 5433 6187 180 336 7098 2976 8593 8218 6570 5618 5932 3843 8895 3265 1191 6580
9645 8246 7146 1769 3791 3378 9731 9506 7429 3622 6496 9379 101 9777 1658 9043 6999 444 6246 2939 8705 7988 7923 688 4853 2293 3234 3290 3959 0 869 695 1369 6858 7523 4553 610 6990 6192 387 2866 1548 7688 8548 1719 3540 8152 6932 2268 9048 4989 4202 5723 1906 7827 6337 907 4273 4073 6262 1509 8485 3582 4906 458 2773 8579 1684 9024 529 4474 1214 7695 2337 6189 1059 7922 5171 2302 2899 1067 597 4305 2815 7152 9378 6612 5938 5721 956 1302 6410 1909 8121 9844 9435 3707 2255 8769 4696 697 4899 4179 3140 9216 4122 4158 5218 7251 6477 8965 6908 1466 8681 3413 6007 7980 6737 3410 4631 6035 161 9756 1452 3520 1859 5798 6429 5580 8067 9899 8330 6154 2923 4354 2377 4152 4466 3534 5351 1155 6256 7468 585 3545 105 6583 705 9291 9997 1647 7655 2599 2428 6932 1178 6060 7673 9671 9700 2421 2687 4852 8887 5127 6575 9610 8348 9673 3347 4752 8059 4366 9517 6859 8296 9047 6703 6844 9828 7445 3732 6760 4840 6891 3228 596 219 4575 8963 1875 9059 9166 4710 4007 3144 112 6597 6739 2701 8431 9517 665 6090 198 2573 4177 300 422 6028 1706 5966 4928 8298 7621 1044 5504 1377 3500 4482 4759 3952 8358 6248 1097 828 5788 9835 4434 500 4149 1571 1034 7759 7618 9618 946 2414 8604 2071 6925 1774 162 8027 8471 8096 1843 7732 7971 4998
2985 1968 7376 6894 9036 8763 4816 3465 5000 3226 865 5459 2368 6846 6768 1591 8225 9305 5677 8500 8046 9667 5397 4406 877 4405 2480 4655 4409 869 0 56 6995 9576 2695 5551 1957 235 2930 2904 2838 1793 2961 9356 1001 1791 5421 7335 3769 6088 7535 7679 592 2984 8898 2171 3167 5621 7324 6671 3473 4863 6763 8040 4723 5445 9964 4545 6786 3882 1314 6120 4835 6431 81 5131 2159 5032 8306 427 6377 45 3237 7660 1255 366 9699 2528 7528 4262 150 2160 6172 4993 6106 9959 6925 5908 9797 1427 4494 1269 5288 6363 2649 8955 5703 6306 5625 918 8572 2660 6524 2584 9904 1777 7483 6678 57 977 5902 8086 8262 2918 4749 7419 7221 4022 4865 5359 9472 2459 6018 394 142 8723 3379 1904 9833 5636 3952 6009 3584 638 2743 3696 1903 5388 6406 9966 5766 2912 2630 8523 1469 896 9426 452 2143 3526 8637 415 1636 5815 7799 8485 8280 2742 6489 8174 8866 6677 5436 5929 3417 6939 6986 8691 5477 1051 7644 2952 4989 7437 1486 9655 8749 5337 4659 3339 9483 4734 4536 913 7119 3964 7448 7358 5672 3244 8766 147 6529 500 3532 3523 953 8316 2262 1831 1742 2896 3186 8545 1135 2544 7556 3243 5256 1023 4953 6015 8678 9638 8704 620 8716 9231 126 3529 1229 4763 4588 2500 8411 8061 1704 5578 8548 3436 3822 9052 4250 748 6190 1811 961 9029 1321 9534
2955 5705 6991 9530 1420 128 9227 8164 206 1260 7265 4180 8883 2493 5052 555 6692 928 678 551 4687 655 8517 8989 2105 8131 5327 8099 1865 695 56 0 971 4415 5980 3619 367 3310 7549 696 3322 8907 5586 9066 3978 1171 2398 3804 3570 8619 9439 3645 9864 1699 3644 4694 2850 1201 3621 5698 4724 5036 2923 4965 598 1236 547 650 5572 9300 4619 4327 1203 1097 477 4264 8141 1979 8142 3691 8488 1295 1047 4382 9481 4285 9421 6759 9980 3600 6073 6939 4661 9712 8484 9937 3080 9946 4314 4630 4108 5286 9896 1009 613 4488 7455 5227 419 4107 2364 2190 233 3662 2838 2827 5036 3403 863 4529 9409 164 7899 7617 1438 9381 1899 9799 2673 5231 8049 9586 1605 6207 7680 3950 3611 9996 3412 9134 5347 4312 5653 8631 7745 1951 85 287 520 2734 3330 7533 1106 8473 5867 8432 1867 3314 3356 5551 9365 2732 9931 4900 5443 108 2420 9605 5605 5637 3162 8156 5964 2368 5481 155 5585 5071 3575 1050 7129 2289 1397 3915 3671 1979 3986 3940 3170 9257 5382 2241 1691 4422 1827 1619 4259 8049 1369 8938 1705 7383 3317 3372 3939 2703 5275 9444 9568 9926 878 7721 6431 3529 1598 5345 9932 511 9835 3315 4235 9787 9893 2094 5622 9411 1689 3944 873 4337 4740 889 1068 986 6422 8163 9093 415 9009 7329 6552 4845 3569 5568 3841 2923 3483 4683 7712 746
