100
0 8334 715 3360 2774 3380 1985 2468 1196 1663 2542 9271 4353 6945 8972 6301 8142 930 6087 4498 6643 168 4474 627 141 8992 9610 9206 6183 1778 2015 2851 9599 9664 8353 2237 9757 2132 1824 4800 4440 4484 1353 1880 7896 868 9929 7139 6755 6306 821 8468 9640 2123 7814 410 3380 4389 5485 4912 8969 1453 8556 9644 4511 8885 5468 3218 337 9609 1810 3667 1585 8778 5717 430 554 2285 6653 4676 175 7510 9752 6165 9427 442 5332 1453 9496 8988 2986 1734 4572 2455 3166 8606 4031 8217 5118 843
8334 0 7405 4729 8434 3133 439 6254 2333 8965 7679 2517 8223 880 8888 1050 3191 2515 3946 4402 8212 5163 633 9234 8771 9258 6668 2594 2692 6140 1089 1920 154 3071 1976 1099 9782 3617 5048 3065 536 3666 3800 3745 1494 2497 8409 7009 108 612 7615 7211 9289 7668 6320 9875 6326 6468 487 7742 9347 70 1095 3421 561 9085 7130 9391 4707 3229 2688 2874 9197 1298 341 1244 9942 6491 1131 2355 1377 508 4838 3464 969 7319 8190 9826 8487 49 1561 3175 2328 3357 7248 7067 3844 2881 6874 6074
715 7405 0 4530 1905 8643 4887 5058 8371 8510 2034 211 5121 9332 2884 1089 4102 2337 4733 4625 1224 5472 230 2604 5602 5330 7700 4091 8575 600 5982 2921 8823 6227 9763 9348 486 3064 9496 6549 2323 4592 8999 6773 9188 1865 4687 2019 7618 2110 7710 4434 5919 9933 7959 8022 7397 4629 9334 5905 6250 3050 9338 3217 540 4539 1967 7076 153 6771 7138 9227 8596 6883 1236 8623 8449 7439 6289 6485 975 4926 8785 7698 8770 9423 5406 4783 6036 6933 4541 9009 565 9879 4984 5755 181 6931 6184 2924
3360 4729 4530 0 584 1096 7858 3373 5068 6361 6599 1085 3558 504 1044 8879 8082 5528 4300 2550 9221 8633 710 474 6027 2318 3384 6223 6168 9371 3651 5021 2482 3744 4678 8106 3412 6189 4258 8527 5784 5116 1255 6242 849 3670 4635 5465 9143 7619 2091 479 8962 446 1446 8139 8930 4307 5310 6882 1533 9822 3363 2562 8538 5655 4339 1578 5001 7541 8143 2978 1435 9907 7320 1968 6815 6168 5336 9731 1807 2394 598 8881 6622 5625 2575 2691 2855 8964 2128 7838 5515 8916 86 2054 979 8171 2918 252
2774 8434 1905 584 0 5643 7446 6151 9795 3278 4569 8814 237 3212 808 8903 3595 1408 7954 8066 1602 7474 8077 5243 907 9432 2074 2531 3118 2440 7794 1377 6567 4902 9917 8610 4838 4690 2816 8906 6765 304 1137 4047 1484 2264 1456 9876 247 5268 6995 2785 2984 1466 1570 1579 3077 7582 9971 7073 583 3902 1414 3473 3450 2013 6365 7172 7961 9307 5815 893 3021 3063 1170 2393 5889 5674 552 2400 9313 3800 7281 2981 6146 1239 9819 6836 3771 929 2454 1220 297 2963 146 8541 6545 453 1006 1315
3380 3133 8643 1096 5643 0 2866 910 3522 6745 3452 6212 3696 1793 2315 2732 5283 2643 6684 9292 4760 4243 6184 1265 6093 2802 6685 6322 8095 5993 1328 5483 7172 4561 4340 6960 4115 2517 3405 2593 5509 3546 6809 2595 8888 8310 6976 6405 3924 5620 1532 6555 2 1974 385 7359 2415 8368 6759 3184 5200 306 5394 8469 1456 4276 3973 1719 3026 6545 5490 3927 9410 8444 2610 3910 2549 3418 2296 950 4360 117 1779 3118 8635 9084 6797 4437 1068 5306 743 3526 1688 9398 8413 247 4831 3930 5605 466
1985 439 4887 7858 7446 2866 0 1014 8340 9430 3442 3329 6716 5179 685 5162 9706 4334 5203 651 3420 1808 8746 1773 2696 1398 7824 3603 6283 9775 9725 3449 9062 5195 5407 2616 8351 8989 104 4690 8081 2688 6707 5456 6394 1660 29 7971 9248 809 9102 7525 4847 8438 9682 8172 8050 9061 8514 4713 361 6842 4051 4480 9726 8148 829 7056 2118 4407 4416 577 9588 16 834 2077 2701 4876 5383 2214 3743 2709 155 4336 4946 4483 3379 4313 4795 17 9682 4351 2211 8119 1874 5687 7992 4470 2163 3573
2468 6254 5058 3373 6151 910 1014 0 5631 2002 952 4242 9180 4319 314 4009 5787 330 4467 2465 5305 6263 9301 7868 6522 8530 353 3962 8377 5571 4381 5424 5294 5848 1917 817 1369 611 4111 201 9532 7458 8170 9906 7835 9059 9430 1066 1774 9023 714 3101 6185 7959 7018 5492 7355 9635 9324 9918 4426 4054 3712 7193 7291 8595 6097 749 3858 6538 4815 3248 7913 9664 4175 8059 2403 7042 2720 8690 5083 5799 451 9319 4524 3225 3935 5873 5562 4823 5700 8703 7757 8288 365 6852 2112 2718 1514 2782
1196 2333 8371 5068 9795 3522 8340 5631 0 2722 9224 7408 3451 6254 9935 6756 155 6444 6509 9747 5705 3645 6765 7650 358 8126 5248 4425 9745 760 9321 900 2015 4946 9679 7016 5949 8512 8089 3836 8099 9010 7865 3046 8644 4346 1997 2408 1057 6181 5111 127 3482 2875 6143 8445 8799 2503 5637 4521 1873 7493 6713 2715 4571 785 1183 741 3215 1794 4303 3540 3248 1675 3424 7069 216 4564 8182 1121 5012 3977 5205 7200 4508 2053 6881 7770 8477 6115 2721 2092 508 4404 1701 5276 9530 8787 767 447
1663 8965 8510 6361 3278 6745 9430 2002 2722 0 3017 921 3434 1822 8093 2143 1262 2835 5591 9953 5356 2701 9041 4186 4653 4813 148 9530 659 5029 4105 3863 4106 9663 2637 4475 7599 5706 8196 9363 6221 6435 9392 53 3377 6101 4969 7529 7022 4842 6621 4076 6936 4141 3577 5350 2299 1237 7131 3373 8711 3389 8908 2172 3921 9141 6381 5629 2950 8356 2651 2624 3127 9511 8714 3199 3624 8383 74 9346 8469 6689 2680 7582 9437 8508 7682 903 3906 3473 5034 1613 5341 6700 4018 7914 6235 3512 2990 1688
2542 7679 2034 6599 4569 3452 3442 952 9224 3017 0 8854 3429 5185 3919 4711 8317 1650 6368 2768 2410 4463 7381 3024 1053 2019 8927 8105 7682 247 4123 5920 5877 7947 3788 6902 2890 2533 8436 1406 1607 5006 7455 6918 7760 6010 3277 3945 9632 2928 2746 5886 2483 2546 3536 2088 5030 973 4030 1598 9827 3128 1445 248 8555 1937 5995 5628 8488 3282 1971 8792 174 9457 7639 8562 887 17 2050 764 2109 4296 6867 6533 8766 9141 6172 2021 6145 798 5883 8924 8326 5030 5368 2991 1036 8838 1325 3371
9271 2517 211 1085 8814 6212 3329 4242 7408 921 8854 0 8701 3268 1173 3084 7918 8832 4782 5202 4519 2991 5883 9573 2464 9219 5034 4960 9552 3779 2398 9710 8273 3842 2557 7639 7662 6718 6935 5469 9418 9765 4426 538 4475 7352 8221 738 9430 6604 6287 3947 4243 8120 3902 5145 8248 7889 398 3922 5007 4919 8753 2842 2275 6291 1364 2944 6914 6632 9854 936 2607 4873 4353 2654 8320 427 7223 6624 7275 5032 271 5107 2874 1871 5924 5469 6077 9736 2656 879 245 6228 4943 6790 4467 4077 2147 9198
4353 8223 5121 3558 237 3696 6716 9180 3451 3434 3429 8701 0 329 4615 3662 8013 5326 2775 41 9784 2315 5758 4961 8076 779 6262 5673 6427 6611 4312 4380 4969 9448 932 6628 7827 5761 6410 2328 6091 8599 1332 7128 1460 3401 5904 3297 5535 4642 8417 650 4058 8733 1010 3684 3031 269 3303 1899 5136 6090 3895 9148 4109 8113 1368 4533 2020 1565 6773 4060 5359 9382 704 4515 9150 8923 5878 5900 1408 3588 627 2722 3644 8299 527 5830 383 1782 8373 4470 5214 44 5475 8120 9471 4847 4278 8352
6945 880 9332 504 3212 1793 5179 4319 6254 1822 5185 3268 329 0 5535 7714 125 4980 6402 7833 9790 8736 8738 5876 3789 3367 2651 7490 9187 3503 6537 5063 9912 4276 6142 859 6897 8429 2461 224 5069 6508 8146 1428 8774 213 880 1625 9537 7283 1251 5210 9474 2040 1612 3277 5850 7935 6790 5233 9744 3525 6836 9219 4438 8340 1285 6927 6256 5288 9626 3465 7627 6015 6325 9896 9581 4375 2886 9625 285 4482 6061 2575 6402 5650 4853 4318 3430 4432 2428 4029 6432 7550 2933 9336 6298 1418 7544 2712
8972 8888 2884 1044 808 2315 685 314 9935 8093 3919 1173 4615 5535 0 7482 9836 7841 3645 6058 2747 8814 1288 4580 2481 5068 5782 4162 9327 9746 6014 8376 510 4222 2834 32 9704 9227 138 1495 505 7804 1844 1348 5896 1508 9583 8902 5385 4351 9442 903 1272 3630 7453 5945 5421 8645 618 4869 3299 8944 7654 3160 7539 6892 9500 8784 7281 9707 2210 4388 7321 3636 1692 2984 6077 8208 5358 3008 519 1927 577 8080 4021 3766 2560 8786 9994 7658 8381 8622 2562 8973 5991 4463 6809 9454 5547 3353
6301 1050 1089 8879 8903 2732 5162 4009 6756 2143 4711 3084 3662 7714 7482 0 3904 9160 9302 5940 4790 7622 3885 9791 3768 3777 6004 9848 2525 1730 3881 9327 8203 366 8454 9502 5432 6820 1581 7788 8164 4740 9088 9843 785 5947 5634 3166 8381 3118 765 4916 4096 3702 6308 9637 6909 3502 7387 4176 693 9295 1353 8717 3235 929 6825 7912 129 1386 977 830 7258 2779 6008 7875 3274 9929 8371 4482 722 705 2935 3222 3656 7957 7438 1962 2966 2052 8356 3279 7596 1947 323 9175 9806 938 3002 7820
8142 3191 4102 8082 3595 5283 9706 5787 155 1262 8317 7918 8013 125 9836 3904 0 2641 1834 892 9846 6465 3059 1411 1196 3392 4427 190 8618 9774 4104 4184 1443 3050 5943 2496 920 2132 3162 5377 2829 8040 9668 5179 8445 1333 3847 2085 2750 6610 3798 6606 1062 1844 6666 6117 2272 8884 3052 853 7469 9636 7388 2113 8987 4344 4430 5970 8801 741 1841 5812 2657 8228 9453 4205 5105 4108 8933 9410 6306 8692 9452 1226 7796 3842 5021 319 6686 4996 2677 2088 3379 2789 8468 7937 561 9395 4854 744
930 2515 2337 5528 1408 2643 4334 330 6444 2835 1650 8832 5326 4980 7841 9160 2641 0 3524 2372 731 326 2313 6362 1032 5643 7493 9047 7245 3978 4441 730 8639 5399 9159 2420 7888 9282 161 7184 6892 4991 1521 111 8779 3385 6132 5027 2662 916 9433 7543 2270 1686 3617 2954 8952 2340 4191 6121 755 4404 5017 6597 2858 8630 3482 4727 8023 362 5368 3295 3032 4771 7499 4920 4215 1731 7442 8099 1407 4531 887 1539 5982 9679 6344 4198 356 5277 3571 8170 6424 6761 8753 3480 8507 6719 2142 1497
6087 3946 4733 4300 7954 6684 5203 4467 6509 5591 6368 4782 2775 6402 3645 9302 1834 3524 0 1359 1090 8647 6742 8765 7032 3227 8717 7026 6774 5153 6366 2401 8294 3587 5831 7437 4835 9724 1299 1020 9932 2911 7064 9612 274 4211 9172 7216 1117 2123 9096 3634 4727 767 1348 6228 409 9748 5301 8818 650 8788 6032 9914 8907 9671 7407 470 7773 8998 6642 6448 3314 3337 3431 9815 7404 8159 7128 5598 7147 9177 3844 2328 3494 8678 3257 2749 3008 4344 5573 1368 604 9673 6630 6561 1210 1674 2244 8676
4498 4402 4625 2550 8066 9292 651 2465 9747 9953 2768 5202 41 7833 6058 5940 892 2372 1359 0 878 2309 1276 1211 8640 2604 3823 3262 6602 6707 7914 8926 5147 4699 3609 2679 6122 3843 4591 5058 3600 6631 4386 6802 5155 1497 5871 4432 3521 8543 6955 5799 2987 2121 4927 7305 1342 4708 1992 7863 3874 849 9893 6895 3118 9729 8947 7825 633 7944 7639 4448 3933 2863 3384 1309 3522 8755 2302 1875 293 3051 660 4618 3370 7672 4081 3759 4245 17 7431 4449 4597 3342 6056 536 8417 3895 8390 2976
6643 8212 1224 9221 1602 4760 3420 5305 5705 5356 2410 4519 9784 9790 2747 4790 9846 731 1090 878 0 1128 3907 5700 595 630 8843 3897 6603 9516 5658 3231 1597 5925 4231 2599 5169 2375 7045 8773 6027 97 9723 2691 9532 1779 5755 4981 1907 8125 2046 1786 6951 2943 8950 3252 8167 8481 4091 8713 5116 3596 6638 4724 8143 2649 6100 2099 8419 3578 1066 1725 405 8045 6849 7299 5843 2759 1371 8639 3271 4056 4504 6309 2112 3132 6239 1871 196 2198 8941 3014 579 5619 9238 841 4136 3938 9512 7906
168 5163 5472 8633 7474 4243 1808 6263 3645 2701 4463 2991 2315 8736 8814 7622 6465 326 8647 2309 1128 0 1060 6619 25 2275 9331 2468 1972 9761 8874 726 3267 6425 3317 5359 4635 3599 248 7879 1631 3249 9742 7909 9096 5463 5209 6680 6341 2120 3372 388 8341 8699 923 3955 9141 5714 4361 8461 6415 4681 5774 6240 7475 4359 2919 5148 2895 2124 3205 587 138 3215 1552 869 9836 5806 1656 4964 579 2457 6682 6010 2460 2674 6396 2238 9663 7771 2775 1577 4842 493 8074 9711 5857 6153 9036 6802
4474 633 230 710 8077 6184 8746 9301 6765 9041 7381 5883 5758 8738 1288 3885 3059 2313 6742 1276 3907 1060 0 8841 6305 5188 7302 5253 2072 3962 795 6952 2255 1073 6999 2426 4961 6491 1211 6237 2769 9755 2361 1502 3016 4651 8288 1156 6643 8282 673 2524 4481 363 7264 1318 983 4698 6525 2840 1925 1107 8935 1812 6818 7118 3404 9838 2280 4926 8472 3420 9603 1676 6096 7941 5873 6117 9744 7776 9568 6730 8456 7900 9612 3700 40 714 9357 7945 4443 3924 4369 7052 8130 4806 3339 8464 1619 6405
627 9234 2604 474 5243 1265 1773 7868 7650 4186 3024 9573 4961 5876 4580 9791 1411 6362 8765 1211 5700 6619 8841 0 5193 873 2920 5396 3894 7370 6335 7857 4125 7806 3571 4252 2411 8328 3502 3131 2833 4075 5359 89 9721 6760 9908 978 9506 7363 180 8324 3141 4828 2933 8632 2751 377 6502 4415 9987 9884 9491 8969 644 3684 630 6773 6652 4463 3742 4591 63 5452 592 1214 2789 9870 2345 4250 9545 7438 557 5420 383 5726 3825 235 6907 1380 1056 9858 2196 8393 7418 9538 7336 537 3195 49
141 8771 5602 6027 907 6093 2696 6522 358 4653 1053 2464 8076 3789 2481 3768 1196 1032 7032 8640 595 25 6305 5193 0 6148 7318 6032 1845 2449 9176 1548 6835 6576 5339 7640 1137 3203 6694 6893 5091 5172 6664 7056 3089 9390 6587 6702 7760 8364 8276 5961 2720 9744 4841 1159 1340 6643 5615 8480 5136 6264 4522 9963 9445 7101 6958 9369 7005 7797 3093 8308 5812 5436 5493 7991 418 1704 8702 1956 7503 4279 4207 6303 9615 7767 5878 295 1756 1437 983 9346 1997 9760 5180 8928 5200 1472 7120 7595
8992 9258 5330 2318 9432 2802 1398 8530 8126 4813 2019 9219 779 3367 5068 3777 3392 5643 3227 2604 630 2275 5188 873 6148 0 5679 7972 1698 8171 4565 6054 8235 6872 1711 3948 9432 8372 2275 5353 2830 6099 3319 6533 3665 8309 5085 2012 5633 2730 6277 8170 5875 7580 541 1213 6836 3184 7744 7905 3697 6132 9348 1595 5962 564 6204 4225 6508 4530 2384 3886 8390 5547 9200 1741 9886 2132 8292 1233 7481 6593 2108 2762 7610 1037 5037 208 705 1203 1336 3444 7594 5275 3516 8691 7438 9649 8489 7662
9610 6668 7700 3384 2074 6685 7824 353 5248 148 8927 5034 6262 2651 5782 6004 4427 7493 8717 3823 8843 9331 7302 2920 7318 5679 0 8087 863 3735 4000 5675 9595 7274 7132 769 2728 2068 6874 5360 2574 4662 9299 6432 578 8106 1689 5708 3201 190 6030 2545 412 4728 6333 8679 611 2447 4079 3456 9898 3952 4632 9672 5094 1147 7390 4600 2097 8967 6105 2077 4760 4282 5480 2150 4166 1566 4809 5175 50 7227 7661 6488 8126 8842 5535 3761 1273 4907 9442 9211 9225 5297 2653 6567 7111 4588 6587 778
9206 2594 4091 6223 2531 6322 3603 3962 4425 9530 8105 4960 5673 7490 4162 9848 190 9047 7026 3262 3897 2468 5253 5396 6032 7972 8087 0 9344 2357 1884 7497 326 2491 2369 8427 1529 1080 2104 7689 7832 2165 4148 2634 2395 8618 621 1909 2951 7225 9127 7978 9751 7877 965 2573 1543 9148 4922 7194 2007 598 5910 9490 7904 5341 1345 2744 677 6707 2013 8619 4990 6055 8714 5081 2187 299 5954 479 5991 7208 5971 6185 8371 351 1932 341 3149 6764 15 3832 9370 763 7611 1676 5435 9061 3493 3319
6183 2692 8575 6168 3118 8095 6283 8377 9745 659 7682 9552 6427 9187 9327 2525 8618 7245 6774 6602 6603 1972 2072 3894 1845 1698 863 9344 0 6357 1396 9315 1212 9794 1986 165 7395 817 2518 5904 7394 3907 5090 2280 8372 3043 9823 7843 326 5802 7702 3897 1112 8818 6202 2192 232 2417 2687 5779 9943 6160 2125 5279 3464 4733 8853 9929 2823 2470 8471 3851 3193 1026 2285 4242 2631 6406 1475 3094 2192 7964 469 4010 164 2473 1409 8823 6944 1579 1255 1572 3653 9458 3137 9196 4318 864 3349 1267
1778 6140 600 9371 2440 5993 9775 5571 760 5029 247 3779 6611 3503 9746 1730 9774 3978 5153 6707 9516 9761 3962 7370 2449 8171 3735 2357 6357 0 8822 1079 1692 3214 7899 6610 1256 1319 2185 5647 3741 237 3774 8780 8901 1724 301 4683 1827 1778 6011 1383 415 7298 7192 9190 6224 3907 2722 7202 697 5040 368 3587 5437 12 4466 397 6490 5685 572 4055 4309 5939 8720 8017 5124 7350 3924 9593 9634 5987 2461 5654 871 2324 564 2323 1822 9637 2092 3453 6671 3050 5594 5454 9260 612 662 6820
2015 1089 5982 3651 7794 1328 9725 4381 9321 4105 4123 2398 4312 6537 6014 3881 4104 4441 6366 7914 5658 8874 795 6335 9176 4565 4000 1884 1396 8822 0 6989 1401 8954 8842 186 1546 397 3448 5409 7739 6144 2130 7595 6765 8680 4231 9596 6064 9877 1278 1071 8985 2091 7532 3262 8339 1748 4155 643 44 5744 3879 228 2842 3472 5093 35 8274 4084 427 506 1674 4131 4623 6124 755 3744 2475 6114 158 8171 1430 606 1419 5450 3195 5980 1615 3609 4421 4529 5676 1742 5574 1763 8828 5926 5704 2677
2851 1920 2921 5021 1377 5483 3449 5424 900 3863 5920 9710 4380 5063 8376 9327 4184 730 2401 8926 3231 726 6952 7857 1548 6054 5675 7497 9315 1079 6989 0 8750 3652 6500 2533 8681 495 2196 6852 1291 9291 4218 701 8465 4703 2298 803 146 9716 3556 7637 7959 254 9477 8016 148 9815 3577 7389 6776 6758 6573 2351 2738 9066 7068 4247 2922 2067 4317 8723 7794 8780 1651 3587 2525 6427 3688 9789 163 1277 448 5746 6713 2422 2231 3427 7422 7671 9304 9204 9682 9909 113 2518 4928 3202 9680 8906
9599 154 8823 2482 6567 7172 9062 5294 2015 4106 5877 8273 4969 9912 510 8203 1443 8639 8294 5147 1597 3267 2255 4125 6835 8235 9595 326 1212 1692 1401 8750 0 5795 5480 1274 3404 5487 5405 97 9837 6143 8031 3407 67 2061 388 7514 2768 8530 1259 6101 6083 4842 4707 6832 3438 2169 9559 7829 33 9009 4616 9159 1317 1612 1798 5803 7267 3439 9415 3460 5038 1033 3368 6886 9674 8331 5370 1650 7727 2381 2378 9963 6865 9097 654 465 2910 2642 2128 5462 1294 2103 3665 550 6886 8273 6900 9338
9664 3071 6227 3744 4902 4561 5195 5848 4946 9663 7947 3842 9448 4276 4222 366 3050 5399 3587 4699 5925 6425 1073 7806 6576 6872 7274 2491 9794 3214 8954 3652 5795 0 1798 4533 2757 6578 7516 3455 4203 2257 7355 8043 1189 3211 1446 1036 516 8057 338 5718 2860 1246 4491 6201 1691 5213 4698 539 3587 3916 6443 5978 1274 9558 1485 4630 1582 879 9290 5473 3568 5782 1176 3860 609 1847 3459 5696 242 42 7962 6824 4897 1348 2742 2997 2879 9807 1148 6158 7854 7056 8707 2181 9863 4912 1519 9066
8353 1976 9763 4678 9917 4340 5407 1917 9679 2637 3788 2557 932 6142 2834 8454 5943 9159 5831 3609 4231 3317 6999 3571 5339 1711 7132 2369 1986 7899 8842 6500 5480 1798 0 453 9351 7249 9013 920 8622 6511 2657 7155 6193 9431 657 3238 9971 7932 5118 1391 2626 1251 7982 4786 9661 597 6188 8353 6360 9629 2785 1297 5404 8835 8873 3974 6568 6007 2209 1539 381 3704 1749 5702 2766 93 2974 9678 9967 8093 5387 760 9550 8146 8235 4122 7798 2958 9260 9333 850 6027 301 6592 9897 3879 4099 1221
2237 1099 9348 8106 8610 6960 2616 817 7016 4475 6902 7639 6628 859 32 9502 2496 2420 7437 2679 2599 5359 2426 4252 7640 3948 769 8427 165 6610 186 2533 1274 4533 453 0 3073 9044 9583 2677 1893 6395 1195 738 2021 6345 1855 1360 6405 1694 4658 7211 4210 4019 9019 8227 15 4402 1039 6424 8916 3310 1120 1814 8124 1238 3389 2015 8107 1722 2008 8098 6974 4980 1969 828 8636 5666 3039 5032 353 3678 5683 7998 2389 8621 6804 6630 5136 1720 5287 5796 148 9276 7275 1421 4176 1318 3445 487
9757 9782 486 3412 4838 4115 8351 1369 5949 7599 2890 7662 7827 6897 9704 5432 920 7888 4835 6122 5169 4635 4961 2411 1137 9432 2728 1529 7395 1256 1546 8681 3404 2757 9351 3073 0 9899 6262 1734 1036 9620 584 9274 354 4520 2859 7677 787 5067 1628 7079 751 2292 1397 5001 1130 648 9329 6608 2357 6512 8296 5854 7913 522 6175 2046 6072 4722 4985 7389 1381 4623 9671 9599 1509 3238 9380 9263 3157 2397 5981 186 9408 311 2763 5571 5433 2884 4718 80 2827 284 3797 2059 5376 3886 7026 2953
2132 3617 3064 6189 4690 2517 8989 611 8512 5706 2533 6718 5761 8429 9227 6820 2132 9282 9724 3843 2375 3599 6491 8328 3203 8372 2068 1080 817 1319 397 495 5487 6578 7249 9044 9899 0 3177 5563 6718 2865 9098 60 9435 1684 5304 2132 1560 6434 6609 3665 4447 4104 684 2567 4195 8453 9845 6244 2754 5566 3556 6265 4093 8919 3813 1084 4435 3540 4719 3345 9543 8109 5410 8625 400 7128 5277 4138 7272 7736 5291 8310 7169 5885 4750 3934 7283 2401 4766 3766 749 138 1578 581 6921 2301 4476 9950
1824 5048 9496 4258 2816 3405 104 4111 8089 8196 8436 6935 6410 2461 138 1581 3162 161 1299 4591 7045 248 1211 3502 6694 2275 6874 2104 2518 2185 3448 2196 5405 7516 9013 9583 6262 3177 0 3957 5548 6563 5912 9712 1682 5665 2884 3441 5693 9973 9910 6102 5702 7512 7898 7336 9259 7392 8300 752 2973 6115 8740 6215 2067 7655 6025 536 4478 51 6192 4348 4654 5257 5375 6143 4266 48 1613 8236 4683 2295 4495 377 2393 2226 790 2092 3012 9342 8857 5416 7948 5386 3000 3959 9216 1898 2956 4622
4800 3065 6549 8527 8906 2593 4690 201 3836 9363 1406 5469 2328 224 1495 7788 5377 7184 1020 5058 8773 7879 6237 3131 6893 5353 5360 7689 5904 5647 5409 6852 97 3455 920 2677 1734 5563 3957 0 753 553 1386 2029 8617 4523 3712 8142 9929 342 2620 9880 33 8732 3434 1701 9758 4370 8130 5606 6858 4157 2777 1544 3322 4347 8006 6533 8150 5597 2357 2163 4419 2043 8352 1388 4362 674 2004 2910 9703 5017 9799 825 2427 5770 8799 9838 7362 6886 7643 1684 2889 6861 4823 6420 1619 9620 1455 1784
4440 536 2323 5784 6765 5509 8081 9532 8099 6221 1607 9418 6091 5069 505 8164 2829 6892 9932 3600 6027 1631 2769 2833 5091 2830 2574 7832 7394 3741 7739 1291 9837 4203 8622 1893 1036 6718 5548 753 0 963 5909 2743 7594 4426 6859 3318 7271 9188 231 5081 7685 1486 8772 8722 407 1163 4128 5548 3096 760 1384 198 5359 7153 1251 383 1923 643 9756 8278 6113 9852 5026 7419 5906 7361 530 8050 7510 7187 6138 5784 975 8384 8289 7985 3602 9 2878 2470 9181 9303 4774 1107 8324 2712 9640 4860
4484 3666 4592 5116 304 3546 2688 7458 9010 6435 5006 9765 8599 6508 7804 4740 8040 4991 2911 6631 97 3249 9755 4075 5172 6099 4662 2165 3907 237 6144 9291 6143 2257 6511 6395 9620 2865 6563 553 963 0 8030 9986 5892 1570 3001 6750 5361 2899 7173 6697 9949 2174 2960 7789 2320 7419 7002 4179 702 7050 8608 515 2117 4439 793 2477 2785 9877 2250 5808 9128 663 3014 8024 4614 6315 1036 5804 2088 1733 9477 387 1802 1860 2917 1425 9564 7643 8390 9125 1704 3863 6749 3779 3439 2043 1956 6071
1353 3800 8999 1255 1137 6809 6707 8170 7865 9392 7455 4426 1332 8146 1844 9088 9668 1521 7064 4386 9723 9742 2361 5359 6664 3319 9299 4148 5090 3774 2130 4218 8031 7355 2657 1195 584 9098 5912 1386 5909 8030 0 2580 419 9001 4647 5798 6016 3466 3603 5701 1761 6991 4808 9581 2929 1669 4630 8903 9547 6761 9599 5205 7692 9087 6939 3260 8050 2431 3640 7460 7565 70 7743 9654 9156 9080 1437 5140 7689 5186 3280 5388 9438 7510 238 496 5417 5447 444 3119 4783 3254 3310 8341 9482 9620 5072 9591
1880 3745 6773 6242 4047 2595 5456 9906 3046 53 6918 538 7128 1428 1348 9843 5179 111 9612 6802 2691 7909 1502 89 7056 6533 6432 2634 2280 8780 7595 701 3407 8043 7155 738 9274 60 9712 2029 2743 9986 2580 0 9030 9455 2857 6355 6078 9909 8800 1121 4225 567 6556 4291 4673 3969 3178 3316 5837 9214 8933 958 5615 1200 2878 5503 8375 5615 8591 4111 4270 1876 1924 1434 648 3386 2978 8644 6058 9167 4060 2245 3492 9497 5943 492 4482 6608 3134 1278 3182 8204 5757 8145 8283 9083 3389 7192
7896 1494 9188 849 1484 8888 6394 7835 8644 3377 7760 4475 1460 8774 5896 785 8445 8779 274 5155 9532 9096 3016 9721 3089 3665 578 2395 8372 8901 6765 8465 67 1189 6193 2021 354 9435 1682 8617 7594 5892 419 9030 0 9143 9489 6874 4528 6645 199 8289 7524 9436 8236 4442 8036 9611 7783 81 8412 1786 1924 4505 8028 3056 1840 4265 2731 556 755 4473 1878 3621 9444 2218 7762 6206 7553 2404 139 1558 7718 1201 3844 5047 9929 9326 1956 9828 2751 137 6178 5069 7141 4519 6178 580 8316 217
868 2497 1865 3670 2264 8310 1660 9059 4346 6101 6010 7352 3401 213 1508 5947 1333 3385 4211 1497 1779 5463 4651 6760 9390 8309 8106 8618 3043 1724 8680 4703 2061 3211 9431 6345 4520 1684 5665 4523 4426 1570 9001 9455 9143 0 4783 4445 1712 1120 8597 1998 7841 1073 8208 5080 1556 4962 2346 4451 2596 9913 1035 6702 6738 4916 7633 7306 4884 5016 7825 9831 7060 4971 427 9930 1144 2059 4801 1810 5034 1666 5517 5383 6646 4117 7288 8857 1712 6845 2875 9292 5920 6907 93 9667 9940 1166 345 9121
9929 8409 4687 4635 1456 6976 29 9430 1997 4969 3277 8221 5904 880 9583 5634 3847 6132 9172 5871 5755 5209 8288 9908 6587 5085 1689 621 9823 301 4231 2298 388 1446 657 1855 2859 5304 2884 3712 6859 3001 4647 2857 9489 4783 0 7896 5273 9337 1188 776 6241 5985 6746 6741 9804 4143 8755 4471 9924 1401 9751 6956 9404 5445 9213 5643 4362 9315 5007 5818 1813 5845 4463 3012 5754 6608 9214 5543 8082 1161 1436 6314 7324 1112 7655 2195 8764 5433 2756 212 3439 8962 5923 8190 3127 233 4809 2480
7139 7009 2019 5465 9876 6405 7971 1066 2408 7529 3945 738 3297 1625 8902 3166 2085 5027 7216 4432 4981 6680 1156 978 6702 2012 5708 1909 7843 4683 9596 803 7514 1036 3238 1360 7677 2132 3441 8142 3318 6750 5798 6355 6874 4445 7896 0 5267 7013 399 3255 1712 7893 7727 8840 1112 5717 2128 8584 2010 6710 8334 5318 1356 2684 6386 5138 3790 4619 8022 4054 1833 9766 1310 8911 1091 7625 9067 1844 4075 8326 2558 2462 1886 1521 7562 8112 6408 1586 1838 9109 3691 3701 6552 8610 3701 9296 9760 1781
6755 108 7618 9143 247 3924 9248 1774 1057 7022 9632 9430 5535 9537 5385 8381 2750 2662 1117 3521 1907 6341 6643 9506 7760 5633 3201 2951 326 1827 6064 146 2768 516 9971 6405 787 1560 5693 9929 7271 5361 6016 6078 4528 1712 5273 5267 0 898 3883 9373 4400 4964 1791 9116 4426 7568 109 7011 1646 8599 8204 5891 4896 1906 3551 4486 2396 9369 2708 8041 1763 2219 7113 9461 327 9220 1237 6862 9806 4753 858 7279 2343 8838 4638 21 612 6635 3126 7881 449 8480 3012 1169 7695 3625 4266 5983
6306 612 2110 7619 5268 5620 809 9023 6181 4842 2928 6604 4642 7283 4351 3118 6610 916 2123 8543 8125 2120 8282 7363 8364 2730 190 7225 5802 1778 9877 9716 8530 8057 7932 1694 5067 6434 9973 342 9188 2899 3466 9909 6645 1120 9337 7013 898 0 2344 1233 1280 8698 6309 2843 1886 8936 8614 3843 5125 8931 8837 8571 9470 7430 4580 3848 5444 2067 9222 706 637 4073 1624 8189 5082 4836 4087 81 5004 7713 7716 3560 6736 9233 4968 779 9861 2822 6106 764 5529 6473 5743 6048 1406 9135 4149 4617
821 7615 7710 2091 6995 1532 9102 714 5111 6621 2746 6287 8417 1251 9442 765 3798 9433 9096 6955 2046 3372 673 180 8276 6277 6030 9127 7702 6011 1278 3556 1259 338 5118 4658 1628 6609 9910 2620 231 7173 3603 8800 199 8597 1188 399 3883 2344 0 8818 2437 9945 8729 3083 7127 9531 9316 5218 7612 5075 3654 3408 3257 9124 4142 2743 3405 751 8288 4500 9680 9167 9713 4863 4764 7801 5363 2019 8056 5985 3650 1031 4976 2788 3156 3741 2815 5667 9294 6184 8675 4698 9084 7428 5617 8842 4329 3432
8468 7211 4434 479 2785 6555 7525 3101 127 4076 5886 3947 650 5210 903 4916 6606 7543 3634 5799 1786 388 2524 8324 5961 8170 2545 7978 3897 1383 1071 7637 6101 5718 1391 7211 7079 3665 6102 9880 5081 6697 5701 1121 8289 1998 776 3255 9373 1233 8818 0 1325 5224 112 1803 5315 3162 4720 9467 888 7806 816 6043 8049 2665 5602 372 7536 5182 5433 5744 6712 4001 2412 9571 226 8556 3984 134 4602 7113 6895 2829 6838 6773 2044 5133 7091 2124 1369 9682 6761 1966 7361 402 8408 7799 8210 7245
9640 9289 5919 8962 2984 2 4847 6185 3482 6936 2483 4243 4058 9474 1272 4096 1062 2270 4727 2987 6951 8341 4481 3141 2720 5875 412 9751 1112 415 8985 7959 6083 2860 2626 4210 751 4447 5702 33 7685 9949 1761 4225 7524 7841 6241 1712 4400 1280 2437 1325 0 278 8621 9924 1283 6279 2374 2340 5308 9885 1634 1883 5157 7851 1769 8942 9471 8648 9379 4978 7360 546 304 3979 1836 6928 4710 9655 1817 5702 1496 5068 5137 9192 4083 1784 3756 1057 1069 5111 8848 8216 9663 777 9812 4516 7426 6400
2123 7668 9933 446 1466 1974 8438 7959 2875 4141 2546 8120 8733 2040 3630 3702 1844 1686 767 2121 2943 8699 363 4828 9744 7580 4728 7877 8818 7298 2091 254 4842 1246 1251 4019 2292 4104 7512 8732 1486 2174 6991 567 9436 1073 5985 7893 4964 8698 9945 5224 278 0 3294 4313 7560 1603 9996 9124 4743 3484 7042 5719 2991 840 7391 311 9417 4619 1675 3396 9769 9125 2797 5389 2528 5506 163 1777 631 4698 9526 9231 2358 5503 8069 8595 3300 5617 5232 6160 2640 6603 2056 9481 7001 6376 4484 8864
7814 6320 7959 1446 1570 385 9682 7018 6143 3577 3536 3902 1010 1612 7453 6308 6666 3617 1348 4927 8950 923 7264 2933 4841 541 6333 965 6202 7192 7532 9477 4707 4491 7982 9019 1397 684 7898 3434 8772 2960 4808 6556 8236 8208 6746 7727 1791 6309 8729 112 8621 3294 0 6129 6313 8144 5780 6088 6747 3523 4536 2526 5481 8133 6099 281 7573 2450 9077 4120 5509 6790 7963 9434 4840 4017 4090 3923 6186 2893 6872 8009 7846 2902 8903 4436 8557 8694 718 5191 612 3544 2804 6115 6676 628 2640 5543
410 9875 8022 8139 1579 7359 8172 5492 8445 5350 2088 5145 3684 3277 5945 9637 6117 2954 6228 7305 3252 3955 1318 8632 1159 1213 8679 2573 2192 9190 3262 8016 6832 6201 4786 8227 5001 2567 7336 1701 8722 7789 9581 4291 4442 5080 6741 8840 9116 2843 3083 1803 9924 4313 6129 0 4975 4270 9015 4584 703 5644 3178 7893 6313 6255 5478 2825 8584 625 7896 4171 5898 8432 7528 9710 6604 4277 2905 255 9330 1514 9752 457 157 9176 5856 7806 9724 4841 6119 1147 4452 7917 4909 3676 3133 3445 4059 4077
3380 6326 7397 8930 3077 2415 8050 7355 8799 2299 5030 8248 3031 5850 5421 6909 2272 8952 409 1342 8167 9141 983 2751 1340 6836 611 1543 232 6224 8339 148 3438 1691 9661 15 1130 4195 9259 9758 407 2320 2929 4673 8036 1556 9804 1112 4426 1886 7127 5315 1283 7560 6313 4975 0 1322 4944 3432 6670 6817 9461 7324 8474 6553 9118 8090 9237 4140 7785 3903 7334 9638 1896 1099 3017 3281 646 2741 1301 5094 8471 6566 8798 151 1417 7395 7654 4945 3946 6421 685 1223 8638 4826 7649 9538 2068 7167
4389 6468 4629 4307 7582 8368 9061 9635 2503 1237 973 7889 269 7935 8645 3502 8884 2340 9748 4708 8481 5714 4698 377 6643 3184 2447 9148 2417 3907 1748 9815 2169 5213 597 4402 648 8453 7392 4370 1163 7419 1669 3969 9611 4962 4143 5717 7568 8936 9531 3162 6279 1603 8144 4270 1322 0 8557 9881 7728 9519 3513 7622 6649 8257 529 3657 5732 2108 1332 3540 185 3014 9325 2556 9224 1662 8595 9155 9367 8881 4632 5600 8760 7118 8879 982 3412 3691 251 3704 4963 3735 4294 2793 9073 4542 9459 663
5485 487 9334 5310 9971 6759 8514 9324 5637 7131 4030 398 3303 6790 618 7387 3052 4191 5301 1992 4091 4361 6525 6502 5615 7744 4079 4922 2687 2722 4155 3577 9559 4698 6188 1039 9329 9845 8300 8130 4128 7002 4630 3178 7783 2346 8755 2128 109 8614 9316 4720 2374 9996 5780 9015 4944 8557 0 8637 511 6553 707 9404 3905 5301 2839 3102 730 8716 9346 4963 6793 7676 2421 3185 2591 1945 4127 4468 715 9749 5129 6042 105 5798 4135 5382 3823 7909 8623 764 5220 8921 3627 4855 5794 1111 5082 937
4912 7742 5905 6882 7073 3184 4713 9918 4521 3373 1598 3922 1899 5233 4869 4176 853 6121 8818 7863 8713 8461 2840 4415 8480 7905 3456 7194 5779 7202 643 7389 7829 539 8353 6424 6608 6244 752 5606 5548 4179 8903 3316 81 4451 4471 8584 7011 3843 5218 9467 2340 9124 6088 4584 3432 9881 8637 0 5371 3744 9461 4514 9578 4621 5168 1584 4218 5750 8913 793 7372 3895 7941 9047 613 3877 4247 5807 3150 9749 3686 907 5216 9081 4939 2080 1876 1597 5502 971 6483 2478 7255 4960 7474 7318 3860 5961
8969 9347 6250 1533 583 5200 361 4426 1873 8711 9827 5007 5136 9744 3299 693 7469 755 650 3874 5116 6415 1925 9987 5136 3697 9898 2007 9943 697 44 6776 33 3587 6360 8916 2357 2754 2973 6858 3096 702 9547 5837 8412 2596 9924 2010 1646 5125 7612 888 5308 4743 6747 703 6670 7728 511 5371 0 9849 1803 8029 2550 5385 2884 5871 9246 356 2852 1113 5188 2845 3275 8169 7225 9944 4354 9431 4228 497 9597 6525 8733 3224 2027 5299 7381 4865 5510 9433 1692 3639 9086 4391 6072 516 1106 7105
1453 70 3050 9822 3902 306 6842 4054 7493 3389 3128 4919 6090 3525 8944 9295 9636 4404 8788 849 3596 4681 1107 9884 6264 6132 3952 598 6160 5040 5744 6758 9009 3916 9629 3310 6512 5566 6115 4157 760 7050 6761 9214 1786 9913 1401 6710 8599 8931 5075 7806 9885 3484 3523 5644 6817 9519 6553 3744 9849 0 1119 2193 2059 8907 8736 3274 5038 9902 3211 193 948 613 4890 7181 394 3362 1458 443 4453 9170 1056 9175 3708 8737 2751 8359 4306 3167 9660 9398 2588 9997 1475 5478 6861 2649 3025 2058
8556 1095 9338 3363 1414 5394 4051 3712 6713 8908 1445 8753 3895 6836 7654 1353 7388 5017 6032 9893 6638 5774 8935 9491 4522 9348 4632 5910 2125 368 3879 6573 4616 6443 2785 1120 8296 3556 8740 2777 1384 8608 9599 8933 1924 1035 9751 8334 8204 8837 3654 816 1634 7042 4536 3178 9461 3513 707 9461 1803 1119 0 5552 2059 3004 2259 9345 5370 8079 3730 9298 7236 5341 9254 7208 7017 9844 6746 163 9636 6755 1204 8933 2961 898 5025 5363 4940 1278 6030 7826 7754 5273 6942 3322 5755 7770 9859 8693
9644 3421 3217 2562 3473 8469 4480 7193 2715 2172 248 2842 9148 9219 3160 8717 2113 6597 9914 6895 4724 6240 1812 8969 9963 1595 9672 9490 5279 3587 228 2351 9159 5978 1297 1814 5854 6265 6215 1544 198 515 5205 958 4505 6702 6956 5318 5891 8571 3408 6043 1883 5719 2526 7893 7324 7622 9404 4514 8029 2193 5552 0 6121 5302 1767 1828 9126 4965 3857 5245 8160 6372 2429 4246 7454 8003 1834 259 356 5383 4356 805 3479 1424 4475 3010 9805 256 4491 7565 8604 6390 4188 9852 6516 1834 8401 5110
4511 561 540 8538 3450 1456 9726 7291 4571 3921 8555 2275 4109 4438 7539 3235 8987 2858 8907 3118 8143 7475 6818 644 9445 5962 5094 7904 3464 5437 2842 2738 1317 1274 5404 8124 7913 4093 2067 3322 5359 2117 7692 5615 8028 6738 9404 1356 4896 9470 3257 8049 5157 2991 5481 6313 8474 6649 3905 9578 2550 2059 2059 6121 0 7028 2453 2248 6385 9910 2368 742 3138 1242 2235 1141 1213 4572 9107 926 619 7555 7497 5585 7680 7524 9939 8484 3310 8472 9389 4594 7939 4075 5880 5701 4216 8473 1400 8675
8885 9085 4539 5655 2013 4276 8148 8595 785 9141 1937 6291 8113 8340 6892 929 4344 8630 9671 9729 2649 4359 7118 3684 7101 564 1147 5341 4733 12 3472 9066 1612 9558 8835 1238 522 8919 7655 4347 7153 4439 9087 1200 3056 4916 5445 2684 1906 7430 9124 2665 7851 840 8133 6255 6553 8257 5301 4621 5385 8907 3004 5302 7028 0 564 670 9126 1869 5383 3724 2515 5889 6476 7258 7193 314 7882 1128 234 2678 4735 3952 5551 9198 7855 9780 9909 6399 635 7938 4688 9084 5544 7360 3818 3258 411 8137
5468 7130 1967 4339 6365 3973 829 6097 1183 6381 5995 1364 1368 1285 9500 6825 4430 3482 7407 8947 6100 2919 3404 630 6958 6204 7390 1345 8853 4466 5093 7068 1798 1485 8873 3389 6175 3813 6025 8006 1251 793 6939 2878 1840 7633 9213 6386 3551 4580 4142 5602 1769 7391 6099 5478 9118 529 2839 5168 2884 8736 2259 1767 2453 564 0 5038 8700 1948 4361 5228 8622 9978 9301 1319 3025 9440 3503 8963 8462 9823 1843 5023 9409 2835 5700 9653 2664 9933 3465 7155 9260 9991 5379 9569 7344 2565 481 6672
3218 9391 7076 1578 7172 1719 7056 749 741 5629 5628 2944 4533 6927 8784 7912 5970 4727 470 7825 2099 5148 9838 6773 9369 4225 4600 2744 9929 397 35 4247 5803 4630 3974 2015 2046 1084 536 6533 383 2477 3260 5503 4265 7306 5643 5138 4486 3848 2743 372 8942 311 281 2825 8090 3657 3102 1584 5871 3274 9345 1828 2248 670 5038 0 2680 8592 3944 5534 5908 553 3324 5128 5853 3643 9764 2352 6815 9817 6390 8060 3353 1440 3911 3113 5396 5518 6101 6739 6073 4405 2696 1466 7501 4527 318 8067
337 4707 153 5001 7961 3026 2118 3858 3215 2950 8488 6914 2020 6256 7281 129 8801 8023 7773 633 8419 2895 2280 6652 7005 6508 2097 677 2823 6490 8274 2922 7267 1582 6568 8107 6072 4435 4478 8150 1923 2785 8050 8375 2731 4884 4362 3790 2396 5444 3405 7536 9471 9417 7573 8584 9237 5732 730 4218 9246 5038 5370 9126 6385 9126 8700 2680 0 4119 4258 173 9001 8214 2368 1253 9379 1907 3775 650 4700 1290 1439 5841 3562 3814 540 688 1529 1035 7360 9785 2741 462 1293 9528 3763 4093 5257 7762
9609 3229 6771 7541 9307 6545 4407 6538 1794 8356 3282 6632 1565 5288 9707 1386 741 362 8998 7944 3578 2124 4926 4463 7797 4530 8967 6707 2470 5685 4084 2067 3439 879 6007 1722 4722 3540 51 5597 643 9877 2431 5615 556 5016 9315 4619 9369 2067 751 5182 8648 4619 2450 625 4140 2108 8716 5750 356 9902 8079 4965 9910 1869 1948 8592 4119 0 9995 549 6819 3418 1081 4362 6772 7726 6613 9882 1741 8221 9506 9573 1194 8586 71 659 6928 4036 6631 2989 1233 4207 5709 9277 9578 9350 6262 8285
1810 2688 7138 8143 5815 5490 4416 4815 4303 2651 1971 9854 6773 9626 2210 977 1841 5368 6642 7639 1066 3205 8472 3742 3093 2384 6105 2013 8471 572 427 4317 9415 9290 2209 2008 4985 4719 6192 2357 9756 2250 3640 8591 755 7825 5007 8022 2708 9222 8288 5433 9379 1675 9077 7896 7785 1332 9346 8913 2852 3211 3730 3857 2368 5383 4361 3944 4258 9995 0 6078 6374 281 2831 2742 8330 4877 229 4425 2824 936 7448 545 7360 4092 7623 4863 9054 4559 7470 9478 2821 5053 2115 9872 6281 910 9143 2249
3667 2874 9227 2978 893 3927 577 3248 3540 2624 8792 936 4060 3465 4388 830 5812 3295 6448 4448 1725 587 3420 4591 8308 3886 2077 8619 3851 4055 506 8723 3460 5473 1539 8098 7389 3345 4348 2163 8278 5808 7460 4111 4473 9831 5818 4054 8041 706 4500 5744 4978 3396 4120 4171 3903 3540 4963 793 1113 193 9298 5245 742 3724 5228 5534 173 549 6078 0 5358 4186 600 1380 7161 6877 7571 5881 7820 1264 2668 4181 8924 199 8137 9135 6330 6107 8123 6966 2821 9717 2710 9351 749 8440 4854 7273
1585 9197 8596 1435 3021 9410 9588 7913 3248 3127 174 2607 5359 7627 7321 7258 2657 3032 3314 3933 405 138 9603 63 5812 8390 4760 4990 3193 4309 1674 7794 5038 3568 381 6974 1381 9543 4654 4419 6113 9128 7565 4270 1878 7060 1813 1833 1763 637 9680 6712 7360 9769 5509 5898 7334 185 6793 7372 5188 948 7236 8160 3138 2515 8622 5908 9001 6819 6374 5358 0 4777 1100 2336 6545 5469 6163 5358 4751 3882 6971 2855 3474 1899 2148 8511 8803 695 1858 9904 5671 4443 8393 8362 6449 4066 3488 9160
8778 1298 6883 9907 3063 8444 16 9664 1675 9511 9457 4873 9382 6015 3636 2779 8228 4771 3337 2863 8045 3215 1676 5452 5436 5547 4282 6055 1026 5939 4131 8780 1033 5782 3704 4980 4623 8109 5257 2043 9852 663 70 1876 3621 4971 5845 9766 2219 4073 9167 4001 546 9125 6790 8432 9638 3014 7676 3895 2845 613 5341 6372 1242 5889 9978 553 8214 3418 281 4186 4777 0 447 6592 2421 9790 4770 7692 677 769 4753 7028 220 7891 3953 2923 6184 4628 4129 9654 1949 9561 8982 1424 1217 5910 582 8165
5717 341 1236 7320 1170 2610 834 4175 3424 8714 7639 4353 704 6325 1692 6008 9453 7499 3431 3384 6849 1552 6096 592 5493 9200 5480 8714 2285 8720 4623 1651 3368 1176 1749 1969 9671 5410 5375 8352 5026 3014 7743 1924 9444 427 4463 1310 7113 1624 9713 2412 304 2797 7963 7528 1896 9325 2421 7941 3275 4890 9254 2429 2235 6476 9301 3324 2368 1081 2831 600 1100 447 0 325 6393 3638 5189 9834 4691 5956 1003 8054 2500 182 7117 586 1999 7497 9650 5257 9889 2053 9010 7377 1712 2901 7868 6257
430 1244 8623 1968 2393 3910 2077 8059 7069 3199 8562 2654 4515 9896 2984 7875 4205 4920 9815 1309 7299 869 7941 1214 7991 1741 2150 5081 4242 8017 6124 3587 6886 3860 5702 828 9599 8625 6143 1388 7419 8024 9654 1434 2218 9930 3012 8911 9461 8189 4863 9571 3979 5389 9434 9710 1099 2556 3185 9047 8169 7181 7208 4246 1141 7258 1319 5128 1253 4362 2742 1380 2336 6592 325 0 3950 8252 9934 2985 686 4254 2518 6320 8072 4598 6919 3341 1136 3943 2365 1282 9009 342 4373 826 9305 9161 8990 9239
554 9942 8449 6815 5889 2549 2701 2403 216 3624 887 8320 9150 9581 6077 3274 5105 4215 7404 3522 5843 9836 5873 2789 418 9886 4166 2187 2631 5124 755 2525 9674 609 2766 8636 1509 400 4266 4362 5906 4614 9156 648 7762 1144 5754 1091 327 5082 4764 226 1836 2528 4840 6604 3017 9224 2591 613 7225 394 7017 7454 1213 7193 3025 5853 9379 6772 8330 7161 6545 2421 6393 3950 0 8829 2980 8246 7386 5302 2361 6120 3584 1493 1580 5441 2056 1850 2197 1393 8203 9243 3871 2687 7420 1139 626 3185
2285 6491 7439 6168 5674 3418 4876 7042 4564 8383 17 427 8923 4375 8208 9929 4108 1731 8159 8755 2759 5806 6117 9870 1704 2132 1566 299 6406 7350 3744 6427 8331 1847 93 5666 3238 7128 48 674 7361 6315 9080 3386 6206 2059 6608 7625 9220 4836 7801 8556 6928 5506 4017 4277 3281 1662 1945 3877 9944 3362 9844 8003 4572 314 9440 3643 1907 7726 4877 6877 5469 9790 3638 8252 8829 0 2610 2610 5912 2634 1165 7571 2057 8765 3609 7745 2595 3064 121 5149 6926 6550 891 973 7454 161 4968 9474
6653 1131 6289 5336 552 2296 5383 2720 8182 74 2050 7223 5878 2886 5358 8371 8933 7442 7128 2302 1371 1656 9744 2345 8702 8292 4809 5954 1475 3924 2475 3688 5370 3459 2974 3039 9380 5277 1613 2004 530 1036 1437 2978 7553 4801 9214 9067 1237 4087 5363 3984 4710 163 4090 2905 646 8595 4127 4247 4354 1458 6746 1834 9107 7882 3503 9764 3775 6613 229 7571 6163 4770 5189 9934 2980 2610 0 8741 2209 3544 5999 788 7600 2949 4585 5281 1137 335 4460 4135 7118 3801 8218 1121 7564 538 5562 5418
4676 2355 6485 9731 2400 950 2214 8690 1121 9346 764 6624 5900 9625 3008 4482 9410 8099 5598 1875 8639 4964 7776 4250 1956 1233 5175 479 3094 9593 6114 9789 1650 5696 9678 5032 9263 4138 8236 2910 8050 5804 5140 8644 2404 1810 5543 1844 6862 81 2019 134 9655 1777 3923 255 2741 9155 4468 5807 9431 443 163 259 926 1128 8963 2352 650 9882 4425 5881 5358 7692 9834 2985 8246 2610 8741 0 5166 6943 578 7274 6876 9958 1325 5526 9070 8316 5773 4684 8183 7024 4568 5950 1898 7457 8083 258
175 1377 975 1807 9313 4360 3743 5083 5012 8469 2109 7275 1408 285 519 722 6306 1407 7147 293 3271 579 9568 9545 7503 7481 50 5991 2192 9634 158 163 7727 242 9967 353 3157 7272 4683 9703 7510 2088 7689 6058 139 5034 8082 4075 9806 5004 8056 4602 1817 631 6186 9330 1301 9367 715 3150 4228 4453 9636 356 619 234 8462 6815 4700 1741 2824 7820 4751 677 4691 686 7386 5912 2209 5166 0 3764 1740 1431 9883 6633 8033 3909 1163 3545 5568 9983 9763 1746 1495 5121 6249 4143 9418 5212
7510 508 4926 2394 3800 117 2709 5799 3977 6689 4296 5032 3588 4482 1927 705 8692 4531 9177 3051 4056 2457 6730 7438 4279 6593 7227 7208 7964 5987 8171 1277 2381 42 8093 3678 2397 7736 2295 5017 7187 1733 5186 9167 1558 1666 1161 8326 4753 7713 5985 7113 5702 4698 2893 1514 5094 8881 9749 9749 497 9170 6755 5383 7555 2678 9823 9817 1290 8221 936 1264 3882 769 5956 4254 5302 2634 3544 6943 3764 0 1274 7494 3949 234 787 3960 5697 1581 3588 2338 2479 4369 8392 638 4139 1003 7626 5192
