50
0 1279 4285 6687 2580 1211 4576 5107 4289 3337 8498 7598 2425 2410 9297 1964 8076 7590 1341 347 8062 4845 7903 8970 9151 1205 523 4617 3936 181 6534 4506 8819 231 7677 608 1801 8650 1037 6685 8142 177 1552 2131 1976 735 5105 5267 6366 221
1279 0 8938 6554 4908 9997 3751 8071 4396 8787 2107 6267 2095 8583 9067 8556 8973 4460 1832 9958 2360 6684 9853 6569 9904 2285 1860 5789 6138 6765 5872 3570 4770 3399 2663 214 1036 2333 4799 1582 7799 6581 4805 1110 7955 2042 250 4975 9983 678
4285 8938 0 5887 5006 9463 9615 1675 4099 8115 2154 3868 1942 9635 435 533 8350 1517 4941 4083 5995 2401 2148 5201 7498 5193 2182 7990 4408 6699 3972 9937 9873 1594 4760 2285 32 7373 7652 2968 7344 2741 1541 7462 211 3442 7033 2077 9447 7729
6687 6554 5887 0 4975 3862 9564 8156 3217 1798 7426 7595 2662 7203 6391 7835 5620 1299 2009 4201 9889 5826 7 7025 9341 6989 9148 9542 2656 8132 565 1795 6179 5920 9239 7834 3632 8664 6027 4504 2744 457 3455 1035 3280 3930 8618 1229 2286 3378
2580 4908 5006 4975 0 6763 5364 1526 8345 7264 3407 7623 3478 1990 8852 9340 5748 3382 9603 2640 804 2014 4488 1961 1176 4612 3556 4586 6662 9627 5810 4323 6086 8339 4868 5317 1205 5784 6387 618 4695 4355 5245 7410 2243 7470 9833 9218 3502 9117
1211 9997 9463 3862 6763 0 205 2988 2141 7514 4367 9559 7307 4241 6149 1165 2845 8130 7877 4757 9701 6034 8974 9937 6087 2414 5894 6741 2712 2442 5356 1314 8776 8253 7201 8278 4957 8700 7255 8634 5404 3875 9202 9970 3592 8192 6093 9813 9447 2637
4576 3751 9615 9564 5364 205 0 6849 6792 1544 7556 6032 3873 1289 371 3622 6958 3938 9428 6821 4286 2195 8247 155 8375 5991 5859 6823 7185 757 1249 3622 1862 8327 5637 9736 5389 9598 9477 191 904 510 9262 1593 2473 2502 4567 8759 5335 8639
5107 8071 1675 8156 1526 2988 6849 0 258 9557 438 8769 2633 3547 9219 7895 1352 2217 4281 3401 7119 1335 4711 5921 9567 4771 5024 6342 8451 1100 1077 9632 8639 6430 7171 3129 7315 5795 9630 1771 2025 5050 7919 4678 5961 4986 5386 5248 2035 3470
4289 4396 4099 3217 8345 2141 6792 258 0 7090 4046 7394 6325 922 7974 4199 1488 916 1581 2383 3813 9863 2848 9436 4362 6057 8176 200 2698 4013 2571 4352 1744 5690 116 1564 8456 3183 7983 8490 8148 2789 3947 6154 8322 3194 89 5560 3435 9060
3337 8787 8115 1798 7264 7514 1544 9557 7090 0 1550 1525 200 7409 6097 1783 4776 9195 9405 5146 8654 8689 6437 1779 768 81 7418 8022 2667 1544 1576 1970 1357 5374 4294 3388 8837 951 3556 5908 9361 80 5161 16 2344 6561 2904 539 4060 8995
8498 2107 2154 7426 3407 4367 7556 438 4046 1550 0 3553 9639 5345 9310 1826 9748 2613 6687 7245 9656 1067 3345 7461 658 7488 7440 1346 1181 908 7736 8250 5729 5224 5430 9453 7127 3854 6159 8270 3148 9952 2752 795 9639 393 302 8946 4886 2960
7598 6267 3868 7595 7623 9559 6032 8769 7394 1525 3553 0 1040 5313 8358 8745 4462 1976 3358 4176 5446 4845 4448 8164 936 7377 5615 7303 2520 1967 6393 4876 7288 7428 4857 1811 6423 5981 7164 1224 52 4758 5493 5405 597 2134 7925 9797 6740 9226
2425 2095 1942 2662 3478 7307 3873 2633 6325 200 9639 1040 0 4759 4809 3648 5382 2860 5711 4043 9772 6155 5597 8785 858 8653 5370 5957 66 4674 6265 6449 3562 9484 2392 7310 1710 9647 9531 1059 8628 8188 9175 6754 3780 7965 4862 3103 7872 3632
2410 8583 9635 7203 1990 4241 1289 3547 922 7409 5345 5313 4759 0 300 2900 9298 216 4872 6865 2907 2475 8336 1235 2064 1867 2368 8123 4151 8461 8752 7597 687 952 2505 7099 6498 936 7773 7906 7651 4727 6196 4584 9825 2116 901 1486 1600 1575
9297 9067 435 6391 8852 6149 371 9219 7974 6097 9310 8358 4809 300 0 7527 6551 6608 4053 3733 5564 4578 4467 4595 8739 7972 257 5539 7141 9282 4753 3988 2596 2068 9557 4347 3006 755 7233 8849 5619 1759 3951 3800 7653 3015 7852 528 1185 4769
1964 8556 533 7835 9340 1165 3622 7895 4199 1783 1826 8745 3648 2900 7527 0 7519 1363 5475 4179 549 5146 8406 2637 5819 3682 1545 5513 1288 8293 8676 571 9563 7953 5815 8611 7256 1456 3792 7570 633 1500 5761 413 4343 6736 5231 5463 8345 6508
8076 8973 8350 5620 5748 2845 6958 1352 1488 4776 9748 4462 5382 9298 6551 7519 0 4036 4607 9314 1678 6178 361 3883 4097 7874 8729 6757 3538 2751 6444 6512 9365 5009 4356 4720 2984 2528 1483 4924 4223 5758 7129 2627 2572 9641 8066 4461 4915 8305
7590 4460 1517 1299 3382 8130 3938 2217 916 9195 2613 1976 2860 216 6608 1363 4036 0 1973 8425 6975 8015 3380 4163 1646 8451 7650 8895 8510 6285 8694 8789 493 3509 8639 3431 3299 2897 1037 1956 1431 8238 9823 6435 1390 2891 8909 8269 1205 1580
1341 1832 4941 2009 9603 7877 9428 4281 1581 9405 6687 3358 5711 4872 4053 5475 4607 1973 0 50 9987 1421 5687 3553 6480 6408 5377 8010 1103 9798 4964 7653 9583 7085 6510 1304 5034 2251 6509 9494 8909 3113 6866 3218 8481 9676 3046 8160 2124 3340
347 9958 4083 4201 2640 4757 6821 3401 2383 5146 7245 4176 4043 6865 3733 4179 9314 8425 50 0 2443 3889 3278 2829 5336 9011 9693 5373 1548 6741 7525 4997 2633 8027 1392 8043 3422 3135 9630 4387 8450 8845 6748 9799 9624 6419 5281 4012 9271 9353
8062 2360 5995 9889 804 9701 4286 7119 3813 8654 9656 5446 9772 2907 5564 549 1678 6975 9987 2443 0 3801 9188 7812 9144 537 9056 8078 3357 2479 8423 8750 1152 6846 6493 7717 4111 3581 1009 1038 8485 4805 627 6819 7453 3122 4377 2706 7423 6767
4845 6684 2401 5826 2014 6034 2195 1335 9863 8689 1067 4845 6155 2475 4578 5146 6178 8015 1421 3889 3801 0 5153 6607 2684 5090 5137 2011 2401 6590 284 3068 3373 875 2036 1781 3363 385 3718 3535 1204 147 5387 6624 4038 5928 9682 4156 5376 1366
7903 9853 2148 7 4488 8974 8247 4711 2848 6437 3345 4448 5597 8336 4467 8406 361 3380 5687 3278 9188 5153 0 1110 6126 5263 4518 455 8667 2063 7685 3332 7403 8056 2470 9426 618 3697 2046 1258 3572 5760 7310 3215 813 3086 997 3087 3331 9666
8970 6569 5201 7025 1961 9937 155 5921 9436 1779 7461 8164 8785 1235 4595 2637 3883 4163 3553 2829 7812 6607 1110 0 4856 445 8572 2127 5345 4256 8250 1237 6635 3533 434 7388 9689 3075 6764 561 5882 2508 5262 8126 5700 7655 640 6611 8313 1567
9151 9904 7498 9341 1176 6087 8375 9567 4362 768 658 936 858 2064 8739 5819 4097 1646 6480 5336 9144 2684 6126 4856 0 3814 6276 3666 1137 9266 5336 8549 6037 3996 8051 6931 9722 4427 9217 2993 3017 2223 8863 346 6469 8040 2689 3443 7998 1380
1205 2285 5193 6989 4612 2414 5991 4771 6057 81 7488 7377 8653 1867 7972 3682 7874 8451 6408 9011 537 5090 5263 445 3814 0 9432 3920 456 3665 4095 5039 2260 9707 5331 1346 1118 9062 931 8328 348 1769 8568 264 1756 4207 7105 1002 4142 5752
523 1860 2182 9148 3556 5894 5859 5024 8176 7418 7440 5615 5370 2368 257 1545 8729 7650 5377 9693 9056 5137 4518 8572 6276 9432 0 6496 7565 3346 6464 773 5461 6215 395 9422 9833 1679 7494 7126 8816 8807 1063 7377 1063 6906 9210 2353 6503 1871
4617 5789 7990 9542 4586 6741 6823 6342 200 8022 1346 7303 5957 8123 5539 5513 6757 8895 8010 5373 8078 2011 455 2127 3666 3920 6496 0 2323 3843 2264 1673 9776 9585 9696 4086 7200 2576 549 7707 5752 1713 7460 3170 9094 1112 9311 6989 7929 737
3936 6138 4408 2656 6662 2712 7185 8451 2698 2667 1181 2520 66 4151 7141 1288 3538 8510 1103 1548 3357 2401 8667 5345 1137 456 7565 2323 0 8062 4347 7308 2847 8525 9021 4028 8602 5881 8194 790 7393 5249 3111 458 1739 936 8158 7431 9365 2276
181 6765 6699 8132 9627 2442 757 1100 4013 1544 908 1967 4674 8461 9282 8293 2751 6285 9798 6741 2479 6590 2063 4256 9266 3665 3346 3843 8062 0 2862 6248 2948 7937 5549 7895 8226 6746 7252 3678 9841 8409 7563 363 4687 6966 1259 2986 1753 2991
6534 5872 3972 565 5810 5356 1249 1077 2571 1576 7736 6393 6265 8752 4753 8676 6444 8694 4964 7525 8423 284 7685 8250 5336 4095 6464 2264 4347 2862 0 1095 8080 6136 8432 7977 2898 6630 1182 2282 7860 8625 9300 8905 7240 7765 1085 535 2967 7836
4506 3570 9937 1795 4323 1314 3622 9632 4352 1970 8250 4876 6449 7597 3988 571 6512 8789 7653 4997 8750 3068 3332 1237 8549 5039 773 1673 7308 6248 1095 0 1228 7122 6720 3097 8469 5399 8877 6260 4763 9190 8861 3701 4919 2903 2242 79 207 2494
8819 4770 9873 6179 6086 8776 1862 8639 1744 1357 5729 7288 3562 687 2596 9563 9365 493 9583 2633 1152 3373 7403 6635 6037 2260 5461 9776 2847 2948 8080 1228 0 2168 547 5057 4138 571 4531 3292 4132 646 7278 2701 5563 1642 393 5349 6992 7181
231 3399 1594 5920 8339 8253 8327 6430 5690 5374 5224 7428 9484 952 2068 7953 5009 3509 7085 8027 6846 875 8056 3533 3996 9707 6215 9585 8525 7937 6136 7122 2168 0 838 3448 7354 9075 3022 6870 2805 9898 6936 9059 8253 2409 5759 2444 1266 1894
7677 2663 4760 9239 4868 7201 5637 7171 116 4294 5430 4857 2392 2505 9557 5815 4356 8639 6510 1392 6493 2036 2470 434 8051 5331 395 9696 9021 5549 8432 6720 547 838 0 9735 9353 4192 7104 1755 9216 8774 7263 5972 9459 3050 7698 6017 1532 9607
608 214 2285 7834 5317 8278 9736 3129 1564 3388 9453 1811 7310 7099 4347 8611 4720 3431 1304 8043 7717 1781 9426 7388 6931 1346 9422 4086 4028 7895 7977 3097 5057 3448 9735 0 4765 8597 6604 4420 5344 2670 1955 2699 7406 4861 7788 380 1256 8396
1801 1036 32 3632 1205 4957 5389 7315 8456 8837 7127 6423 1710 6498 3006 7256 2984 3299 5034 3422 4111 3363 618 9689 9722 1118 9833 7200 8602 8226 2898 8469 4138 7354 9353 4765 0 8238 4033 9708 9604 3059 8294 310 746 276 2070 1480 7412 814
8650 2333 7373 8664 5784 8700 9598 5795 3183 951 3854 5981 9647 936 755 1456 2528 2897 2251 3135 3581 385 3697 3075 4427 9062 1679 2576 5881 6746 6630 5399 571 9075 4192 8597 8238 0 4741 2895 4244 9045 7691 8775 7244 1104 2892 2381 3433 1298
1037 4799 7652 6027 6387 7255 9477 9630 7983 3556 6159 7164 9531 7773 7233 3792 1483 1037 6509 9630 1009 3718 2046 6764 9217 931 7494 549 8194 7252 1182 8877 4531 3022 7104 6604 4033 4741 0 8953 9722 3102 8580 5211 308 8368 2290 2878 2315 3835
6685 1582 2968 4504 618 8634 191 1771 8490 5908 8270 1224 1059 7906 8849 7570 4924 1956 9494 4387 1038 3535 1258 561 2993 8328 7126 7707 790 3678 2282 6260 3292 6870 1755 4420 9708 2895 8953 0 1952 5177 6418 9867 7580 9007 6673 5371 9188 5314
8142 7799 7344 2744 4695 5404 904 2025 8148 9361 3148 52 8628 7651 5619 633 4223 1431 8909 8450 8485 1204 3572 5882 3017 348 8816 5752 7393 9841 7860 4763 4132 2805 9216 5344 9604 4244 9722 1952 0 4632 8625 9286 1906 5053 6725 1743 6549 6166
177 6581 2741 457 4355 3875 510 5050 2789 80 9952 4758 8188 4727 1759 1500 5758 8238 3113 8845 4805 147 5760 2508 2223 1769 8807 1713 5249 8409 8625 9190 646 9898 8774 2670 3059 9045 3102 5177 4632 0 9819 4922 29 4121 699 1203 2778 5904
1552 4805 1541 3455 5245 9202 9262 7919 3947 5161 2752 5493 9175 6196 3951 5761 7129 9823 6866 6748 627 5387 7310 5262 8863 8568 1063 7460 3111 7563 9300 8861 7278 6936 7263 1955 8294 7691 8580 6418 8625 9819 0 3423 943 7728 9143 4352 8832 7266
2131 1110 7462 1035 7410 9970 1593 4678 6154 16 795 5405 6754 4584 3800 413 2627 6435 3218 9799 6819 6624 3215 8126 346 264 7377 3170 458 363 8905 3701 2701 9059 5972 2699 310 8775 5211 9867 9286 4922 3423 0 6858 4311 3865 816 4389 2070
1976 7955 211 3280 2243 3592 2473 5961 8322 2344 9639 597 3780 9825 7653 4343 2572 1390 8481 9624 7453 4038 813 5700 6469 1756 1063 9094 1739 4687 7240 4919 5563 8253 9459 7406 746 7244 308 7580 1906 29 943 6858 0 8391 9174 6858 8061 8135
735 2042 3442 3930 7470 8192 2502 4986 3194 6561 393 2134 7965 2116 3015 6736 9641 2891 9676 6419 3122 5928 3086 7655 8040 4207 6906 1112 936 6966 7765 2903 1642 2409 3050 4861 276 1104 8368 9007 5053 4121 7728 4311 8391 0 6215 4264 9832 4929
5105 250 7033 8618 9833 6093 4567 5386 89 2904 302 7925 4862 901 7852 5231 8066 8909 3046 5281 4377 9682 997 640 2689 7105 9210 9311 8158 1259 1085 2242 393 5759 7698 7788 2070 2892 2290 6673 6725 699 9143 3865 9174 6215 0 2853 5873 8609
5267 4975 2077 1229 9218 9813 8759 5248 5560 539 8946 9797 3103 1486 528 5463 4461 8269 8160 4012 2706 4156 3087 6611 3443 1002 2353 6989 7431 2986 535 79 5349 2444 6017 380 1480 2381 2878 5371 1743 1203 4352 816 6858 4264 2853 0 3690 5095
6366 9983 9447 2286 3502 9447 5335 2035 3435 4060 4886 6740 7872 1600 1185 8345 4915 1205 2124 9271 7423 5376 3331 8313 7998 4142 6503 7929 9365 1753 2967 207 6992 1266 1532 1256 7412 3433 2315 9188 6549 2778 8832 4389 8061 9832 5873 3690 0 2121
221 678 7729 3378 9117 2637 8639 3470 9060 8995 2960 9226 3632 1575 4769 6508 8305 1580 3340 9353 6767 1366 9666 1567 1380 5752 1871 737 2276 2991 7836 2494 7181 1894 9607 8396 814 1298 3835 5314 6166 5904 7266 2070 8135 4929 8609 5095 2121 0
