100
0 3366 9032 2653 4318 9616 8303 3007 4365 4222 2930 8042 7862 8379 8554 9014 2217 3688 2022 4530 7943 3431 3476 5303 6298 989 6488 9214 824 6285 1006 3396 5563 7831 260 3829 1779 5987 2139 3470 2618 226 9190 9316 7449 3791 8311 5694 4205 7293 6323 1837 4911 4543 3622 5237 5094 576 7089 7764 7616 8434 1246 4457 3404 2915 9671 1597 3506 399 6744 4461 7760 5325 1791 1853 4604 7949 3554 12 251 3171 6495 9980 3604 371 7058 6540 5471 4337 3782 4051 5382 2088 514 3903 2718 1102 8526 6628
3366 0 4772 4653 3904 6088 2332 9236 4962 6518 7926 8949 206 4427 1886 672 4231 9198 6044 1190 5937 3659 7236 3749 8634 7779 1242 9388 2585 98 4805 2454 6283 1807 5535 3770 4765 3156 2946 1644 7467 3109 3002 1634 5804 7945 8418 9443 125 9422 7224 6894 2313 7617 3263 824 5996 1120 5346 1562 9717 2718 3896 5766 2393 1340 3799 2085 3495 5062 4167 4063 7771 7749 9779 9494 4327 2217 7511 4540 7002 8515 3997 831 4002 3101 3614 9928 7614 3207 6587 2507 7135 3935 2431 8331 268 9314 1828 3292
9032 4772 0 6472 2740 6865 8813 7932 7886 8228 2562 825 7357 393 6706 4128 8682 5770 9716 4883 4123 7284 3552 195 7843 3519 8626 8053 21 580 229 5052 557 7673 364 1228 4671 8103 422 6430 108 5601 2965 1105 7203 9320 2504 7245 4996 3663 5165 9775 7209 5132 9614 9425 7509 5966 45 3894 5883 3234 6780 3649 6953 6049 9969 3143 6129 654 5279 8473 9860 9124 3736 261 3909 386 70 2325 7860 1637 1738 733 5365 7525 4417 4196 6447 6790 5935 1369 3695 2381 981 1434 2380 4923 5016 4015
2653 4653 6472 0 1544 5762 2089 3074 3791 8476 6281 2359 4484 1801 1062 1787 1365 7838 9196 8866 2817 7931 3221 8943 6158 8529 6491 8406 3170 5025 1679 3915 3602 3730 3602 2239 3225 7293 1765 8125 5349 1708 8073 7255 2101 6908 3571 7001 7593 8184 2510 4113 8780 6338 7130 9888 5751 5799 3579 6758 3999 2283 6404 9593 5541 9519 4454 2491 4937 8420 7875 7684 4734 2836 6356 1155 8435 2371 1624 6543 8728 1835 8840 8431 8141 2365 716 2313 5875 4117 3146 9326 3728 6401 6545 2933 6792 1485 345 7071
4318 3904 2740 1544 0 4156 5534 7492 32 6298 8193 7163 235 9958 982 7299 5987 9156 8519 6169 9338 3473 9547 4665 9853 9667 6566 3306 9115 3077 2338 1231 409 7802 5043 3439 3667 7889 5280 4110 732 9429 2535 3291 8707 8512 4705 704 90 8510 2470 2751 5167 244 5097 2161 7603 5996 7523 4473 7945 4942 8066 432 4119 5840 2140 6123 6792 5142 1607 4517 6777 4634 1028 9826 4858 8007 9222 7405 3482 2004 9358 1732 9740 5756 2203 2286 2481 8607 6967 4380 6315 8926 5319 5489 8127 1891 2190 5833
9616 6088 6865 5762 4156 0 8931 6663 7433 6959 6034 3873 3478 834 2684 6993 1539 8954 1425 7525 103 391 9437 7593 9855 327 7185 5926 1779 7097 3190 1813 723 3100 2425 6028 6036 213 4324 8283 4505 9899 5174 8947 6407 3153 7945 3970 2516 660 6539 7104 1999 6683 4047 2398 7484 8607 1821 2763 4240 8741 9902 1233 4978 167 1003 7745 5401 7363 6769 1697 6704 853 6506 1964 925 2061 6264 6471 4702 1929 8923 5844 6214 3602 1328 5750 9954 3583 5484 1973 7540 6305 2156 7738 5575 9505 8711 2690
8303 2332 8813 2089 5534 8931 0 4884 7286 2743 106 2536 3898 9390 6231 5998 5330 8536 3462 5640 5323 3369 2452 7841 9417 2894 1013 713 930 4125 1245 2890 8178 7709 1091 9141 6004 2562 7276 9417 7774 1217 5161 9390 4648 486 6287 9080 4873 1349 4004 5608 6890 5125 8073 6003 3945 7794 9580 7573 1196 7830 6704 660 1774 9976 2044 2200 6861 253 1936 6712 8197 6427 5616 5171 2032 30 7915 3395 3814 128 116 3755 7610 1724 4012 3317 5602 6106 2488 299 7563 8916 1643 1968 4476 9991 8424 1938
3007 9236 7932 3074 7492 6663 4884 0 659 743 9568 9028 8431 3925 7202 8339 5912 8850 958 8731 6552 7465 7408 2236 8807 5199 1335 6970 817 7427 4413 9995 4912 9563 971 6224 5559 8174 5688 1126 5701 8490 9102 1221 6662 3985 1337 8284 7382 7476 4517 8517 1069 1055 4245 7565 4706 4154 3557 8750 8860 5061 5902 4104 2786 7974 9291 757 1690 1291 5776 9662 519 3782 4072 8577 7483 3866 7189 3067 3480 8723 1164 1727 9179 6526 8977 6075 9420 7850 2406 1991 7696 6575 1238 1115 917 6113 9318 960
4365 4962 7886 3791 32 7433 7286 659 0 735 9763 8242 9546 140 4647 3470 8119 358 7971 4916 2683 4833 3039 1145 2568 6403 265 4375 9041 5639 2002 4051 5779 5024 7713 2075 5796 8585 3883 9276 6091 6357 1369 7752 4130 75 3851 3829 4158 4727 8348 5254 7751 5709 5711 1473 887 6211 591 1154 1502 271 4087 3262 9730 7037 114 2979 7391 9124 986 3845 6018 734 8354 4929 8876 7480 2822 7574 9228 7418 589 6106 8046 2666 4586 4968 2149 2658 2681 807 5394 8397 3310 8029 365 9163 138 1261
4222 6518 8228 8476 6298 6959 2743 743 735 0 1912 9805 5889 9499 7205 5064 2835 9827 69 4423 4269 5645 4416 5569 4992 5285 145 4959 677 7820 7047 7850 9324 3687 4810 4125 3086 5558 2790 9519 4238 5479 3667 2770 2386 6053 8742 9006 7826 7941 3335 8294 9614 6886 2807 903 3094 6179 2118 6356 2254 4750 9224 1193 9664 5591 4127 7884 4556 4213 2826 9342 8707 9206 7109 5050 6573 5990 4998 7181 5502 5922 8154 1622 5616 828 9846 6247 974 4168 6633 730 6524 9746 3161 1229 2333 3689 6570 8590
2930 7926 2562 6281 8193 6034 106 9568 9763 1912 0 3656 3961 5840 626 1982 8483 834 4549 7722 5711 1346 2480 6649 1337 6097 875 9951 9204 6543 5145 5355 6265 7517 5669 1879 3126 6083 5201 573 9010 2951 191 6766 6610 240 3172 831 5068 8318 3683 8876 3009 6481 6090 5892 444 9669 1168 4742 3045 6057 2600 5668 3168 1032 1896 3056 2948 4469 7534 3285 8301 8480 5500 1688 5553 3953 6781 318 8340 6844 9394 3186 8826 8953 5245 5938 8567 6757 7359 1194 9943 677 9347 2464 3664 8388 3443 9950
8042 8949 825 2359 7163 3873 2536 9028 8242 9805 3656 0 3246 3166 3424 762 9643 8535 3353 3434 5095 5964 7128 748 4454 617 1757 7403 2510 8512 9691 3593 2381 6642 6277 4849 1996 2083 8220 1884 2429 3350 5412 7167 6660 4406 9179 4361 3078 5873 9113 8024 1058 7738 8674 2694 9062 6767 452 2296 3078 1285 7346 7298 8967 8072 9225 1620 1864 5390 5794 5865 3696 5847 9231 2222 2242 4350 6586 7311 3154 154 6948 6035 9378 6927 42 5833 6324 7300 5786 3661 5213 8852 8900 108 9410 767 8410 4780
7862 206 7357 4484 235 3478 3898 8431 9546 5889 3961 3246 0 7586 5816 8721 333 7086 3398 9123 888 5958 8330 8433 6094 6421 6832 7118 3972 951 4696 1287 8844 4945 252 598 7696 8877 9700 23 6974 4408 5309 7364 9612 9100 52 9115 7185 5349 5618 4186 8912 5692 476 2239 8706 6153 2558 4448 2832 4401 5380 5193 2842 4473 7258 234 4599 3559 9819 3180 1818 6504 4945 1391 5382 9702 6030 3509 3213 8399 4097 5746 5405 5194 3425 365 6367 2254 2420 8379 6151 5360 134 9035 640 7110 9534 6257
8379 4427 393 1801 9958 834 9390 3925 140 9499 5840 3166 7586 0 9899 9860 1773 9411 6236 5035 2038 4521 9080 4214 3113 8721 6630 8548 2012 2438 7825 8392 9891 525 7826 8580 2890 1311 5648 8369 5995 6972 3847 2193 7143 3177 4526 5804 8604 4200 4394 585 1085 7554 404 1884 8206 3527 4927 1482 801 9766 179 4434 62 5282 2634 391 6919 2883 6693 6145 5996 3538 2768 4684 9715 3345 9967 1917 2934 5110 8379 801 5901 8943 2897 6228 5607 9287 1529 2420 9152 3359 9648 4013 2064 264 8331 131
8554 1886 6706 1062 982 2684 6231 7202 4647 7205 626 3424 5816 9899 0 9353 7912 7938 514 2411 3198 9163 5077 8697 730 9276 1598 2536 702 1339 9232 4717 1766 6501 4395 7912 6275 3939 7897 2831 1044 2160 142 5396 6446 2318 1017 4069 7591 4666 9873 6117 7497 4900 7487 4147 4935 1931 7519 9052 4454 5963 4579 2994 3792 504 999 705 1150 2584 9017 7207 819 6815 2924 639 8628 4791 5700 4537 645 2639 9275 9410 3036 9299 9337 8108 5295 3942 4717 3099 5611 4667 4765 6558 1514 2517 8549 2987
9014 672 4128 1787 7299 6993 5998 8339 3470 5064 1982 762 8721 9860 9353 0 8199 7304 3419 8305 2742 7004 8377 8841 7456 4847 6746 9192 8916 4102 4106 1394 714 749 1390 9791 8834 9712 3596 2384 4645 2457 8024 5737 7195 7499 4640 4409 1764 7253 9579 7737 603 6807 5757 8299 5665 3896 9324 4701 9212 3161 1076 5079 7065 7772 355 547 7269 6612 3601 2565 9935 96 18 2664 1270 8062 3491 6393 5864 7476 3439 3511 7788 7264 6252 8010 3489 3512 1565 9673 5374 6389 2364 387 3495 3267 7578 845
2217 4231 8682 1365 5987 1539 5330 5912 8119 2835 8483 9643 333 1773 7912 8199 0 306 6172 9620 3410 8001 6861 32 2703 0 1142 2702 2998 7997 3644 1322 8291 3271 1753 5443 2489 348 7704 8922 179 3002 1006 5174 8503 8917 7963 4776 4700 2047 9299 77 9594 4828 3610 286 5904 4180 3453 1462 5263 9485 9480 7412 8794 1981 9142 2841 8536 10000 7243 5327 2630 3309 8629 2826 8301 3941 5039 267 8324 1517 3543 8588 2407 2670 8496 9163 7450 6693 6772 4614 7308 5398 4841 3360 4491 5858 9094 3896
3688 9198 5770 7838 9156 8954 8536 8850 358 9827 834 8535 7086 9411 7938 7304 306 0 443 9271 2714 9700 3425 5016 4946 8270 3929 194 9485 8171 6520 2711 7512 9430 5527 5547 6979 3292 2845 4530 4725 7482 4698 85 5494 8650 3219 2206 3340 5078 8403 8830 2474 4065 5856 8904 5739 9019 7691 177 5768 448 6344 3400 5908 219 4512 7600 7063 8768 6473 9156 3729 9771 3202 2522 2685 1110 5866 3961 9558 7138 5533 1933 9617 7977 6138 9909 614 8928 1549 1975 3456 9990 3072 2696 7398 5457 2705 6056
2022 6044 9716 9196 8519 1425 3462 958 7971 69 4549 3353 3398 6236 514 3419 6172 443 0 2647 1811 4159 1783 1971 7620 5620 6470 732 681 4658 7000 8196 1050 6692 2483 5138 9066 662 9576 3559 5097 4899 6893 6654 4166 6202 6394 9843 3780 7607 5356 5374 9327 842 7630 6430 5702 6423 2959 6683 5649 6124 6498 7361 8995 6512 1560 1809 7548 4468 439 5480 500 5546 1627 5324 9264 8578 716 3780 2959 1197 9340 4868 9154 6786 1364 4001 9992 4010 5863 9089 7414 3257 1088 6302 8085 2569 5341 6891
4530 1190 4883 8866 6169 7525 5640 8731 4916 4423 7722 3434 9123 5035 2411 8305 9620 9271 2647 0 6032 7972 1103 1582 7163 5540 1111 6856 5943 8766 6642 757 3873 2270 9361 6936 2700 2441 7590 8500 6010 8770 8884 3760 6134 4556 3052 2683 5132 2956 6597 6328 7380 6083 9184 9630 122 7173 5684 3578 2888 4172 7089 9019 6051 4565 7282 3639 5920 4062 4183 3692 3080 9342 9356 5281 4103 2408 981 5804 5610 4631 19 3667 832 802 8582 4373 6405 3067 1522 3756 5528 5398 5232 1242 7138 7162 1417 9155
7943 5937 4123 2817 9338 103 5323 6552 2683 4269 5711 5095 888 2038 3198 2742 3410 2714 1811 6032 0 3473 3038 910 3024 7743 2378 4148 2896 2768 4671 4800 217 3787 4104 5240 4965 8404 4833 4113 715 8286 5710 7794 7595 1831 8239 8107 8541 9334 3253 5899 6138 6572 7148 6923 4181 5854 7752 8814 1322 3463 6705 7502 4137 9589 4854 203 4005 6555 9052 1658 1358 6077 9481 8108 8004 1411 197 3290 5065 3336 9597 1992 6464 455 3214 5702 2014 406 7140 9696 2681 3715 1597 5809 4015 8352 5479 5386
3431 3659 7284 7931 3473 391 3369 7465 4833 5645 1346 5964 5958 4521 9163 7004 8001 9700 4159 7972 3473 0 1089 3552 3057 1900 5263 1933 2088 3969 4718 8520 3309 5079 6032 4343 2206 7519 1238 6633 4895 6859 3156 9718 9878 9367 4310 9804 3901 3378 5852 3352 4611 4490 760 9401 7287 7462 5338 9999 8448 9025 9513 4115 8172 1280 9142 7163 873 7191 8137 458 7774 2079 7324 7223 7172 8174 4464 8153 8497 9058 6277 779 9242 8225 4694 9598 2041 2163 7174 6249 5382 4354 9086 7497 7690 105 4690 6168
3476 7236 3552 3221 9547 9437 2452 7408 3039 4416 2480 7128 8330 9080 5077 8377 6861 3425 1783 1103 3038 1089 0 7871 5511 9877 5834 5801 1265 3722 3739 5188 4960 7944 6354 231 3801 46 2008 3534 9986 7755 521 148 5000 9258 2398 4899 3332 9921 5286 5002 3185 8164 6563 8802 8332 3961 4275 8 1311 1476 6535 2281 1812 1267 2098 6216 1277 3684 2065 2724 5587 1988 7600 6772 7227 2045 4239 2161 1499 5863 7289 5551 9987 2707 7823 573 7830 9018 7462 1834 7065 9275 2257 350 6369 2851 1281 872
5303 3749 195 8943 4665 7593 7841 2236 1145 5569 6649 748 8433 4214 8697 8841 32 5016 1971 1582 910 3552 7871 0 7061 6124 6373 6113 4928 7351 2148 2343 8185 8999 9205 8365 3560 882 9415 2580 8775 3741 407 9228 8749 9608 5671 7981 1575 6230 7878 2300 9356 8695 4135 3351 5301 8280 7140 5176 3210 873 171 9147 1378 5728 299 5272 1822 1582 1147 6819 8171 8435 3441 3639 3115 4649 2975 9265 8972 2662 7935 9630 6983 1240 2988 730 2287 1495 8071 1885 2685 1290 347 7092 1033 2492 2838 1496
6298 8634 7843 6158 9853 9855 9417 8807 2568 4992 1337 4454 6094 3113 730 7456 2703 4946 7620 7163 3024 3057 5511 7061 0 6625 4075 7228 6457 8239 6953 3365 2076 6988 87 5690 3252 6693 8050 1261 9807 4022 5797 3807 9409 4320 9233 2525 934 6691 1362 4294 3885 5115 2516 7513 5002 9843 6846 945 7012 4101 5518 5635 9902 7010 9645 5905 7908 5972 8995 5493 4634 2952 7583 5609 9038 8804 8523 8875 6554 5021 6725 1687 8328 5994 1325 2806 6957 6235 2025 908 1821 5605 3105 8189 5129 8869 294 5515
989 7779 3519 8529 9667 327 2894 5199 6403 5285 6097 617 6421 8721 9276 4847 0 8270 5620 5540 7743 1900 9877 6124 6625 0 6242 8876 6612 2224 8374 7456 8416 2302 4475 2595 550 7172 6075 7818 721 329 697 7634 2238 6890 6676 1591 4930 5908 3871 7997 1296 597 1038 3805 2104 7353 6581 6484 5573 5897 9860 1864 3710 8877 8092 9244 4292 5751 4016 344 6967 1222 9216 2110 8206 8115 9315 8291 2892 1682 9272 9365 4234 4412 2457 3327 2417 8334 7957 3017 8562 3808 6671 6216 5708 2109 560 7088
6488 1242 8626 6491 6566 7185 1013 1335 265 145 875 1757 6832 6630 1598 6746 1142 3929 6470 1111 2378 5263 5834 6373 4075 6242 0 2179 5603 4130 4465 8072 9810 5635 1305 6195 6282 4491 9111 1973 8997 2795 6134 7275 710 1549 6963 438 2480 8841 5350 8645 2254 1123 7953 4010 5687 2519 6838 4296 3491 3456 4601 1887 9625 1068 8762 9960 3442 6470 4202 5725 9428 5827 9269 3725 748 7987 4662 5281 3408 7950 1263 3095 7853 2685 2370 6134 8046 2992 510 1306 5536 8917 2863 4247 957 173 3793 2518
9214 9388 8053 8406 3306 5926 713 6970 4375 4959 9951 7403 7118 8548 2536 9192 2702 194 732 6856 4148 1933 5801 6113 7228 8876 2179 0 2714 212 1339 9524 3700 5140 545 8347 5431 9814 7922 5851 5590 1776 5772 2553 7960 8698 9600 9349 2162 6375 5783 3061 6602 1294 8283 2157 7828 4654 1970 2116 2137 6710 4670 8780 3350 9784 8342 3215 7782 5672 4425 9218 5537 9055 9588 2540 4413 3655 750 312 8177 1922 7386 5442 7350 7924 745 7578 7448 1552 774 3942 8830 8330 9524 3533 593 3471 2064 8283
824 2585 21 3170 9115 1779 930 817 9041 677 9204 2510 3972 2012 702 8916 2998 9485 681 5943 2896 2088 1265 4928 6457 6612 5603 2714 0 6192 9726 9185 6113 843 3983 3064 6050 8470 3374 9354 8119 1231 5434 3577 5671 4864 7623 5747 9366 1728 9492 2538 1466 1073 7193 8968 139 6308 8525 7416 7400 7853 9333 1840 7317 4128 8132 3896 4278 4113 1770 1803 1955 4799 1587 6844 2152 9587 2674 7009 7820 9426 8826 7522 2257 1928 1172 3183 7197 3206 3682 5560 1465 4813 2201 3301 4430 7682 7411 5499
6285 98 580 5025 3077 7097 4125 7427 5639 7820 6543 8512 951 2438 1339 4102 7997 8171 4658 8766 2768 3969 3722 7351 8239 2224 4130 212 6192 0 8102 6454 3473 2098 2080 6381 3160 1972 2473 906 6044 7277 46 5563 4278 8482 1915 2767 2555 2157 7845 8149 9614 1391 3824 9011 1877 2771 2594 2337 6584 6722 2010 2240 8524 2702 8469 8459 6445 9797 9680 167 9750 471 3582 7848 5813 562 3383 8013 9044 6915 74 4086 2587 1739 3990 7776 9756 680 1888 4421 3935 3925 7751 3394 8637 3822 4768 7925
1006 4805 229 1679 2338 3190 1245 4413 2002 7047 5145 9691 4696 7825 9232 4106 3644 6520 7000 6642 4671 4718 3739 2148 6953 8374 4465 1339 9726 8102 0 9776 2501 595 780 1918 1426 8751 4039 4538 6188 1128 7269 6058 7793 6342 7987 1198 3462 3339 6345 3590 5255 7555 2019 1413 9515 5634 3093 5527 2791 8794 5185 7771 5550 6604 2796 2572 1640 3700 5285 8937 8010 4963 8134 4084 9373 463 7657 3633 4935 1910 720 3629 4878 258 1108 3871 3318 5330 5554 8344 1087 4131 6865 4528 1543 1866 777 5306
3396 2454 5052 3915 1231 1813 2890 9995 4051 7850 5355 3593 1287 8392 4717 1394 1322 2711 8196 757 4800 8520 5188 2343 3365 7456 8072 9524 9185 6454 9776 0 5529 8362 5766 2939 8958 7172 6022 1181 7148 4793 3754 5132 4369 1484 9708 6566 8356 5182 2997 6831 2079 5460 429 2934 7215 5759 5745 485 7329 3540 8364 7050 6943 2443 7919 1681 3874 7807 8786 9751 364 2267 5768 2507 4377 8814 3554 5265 1143 1843 3757 317 3188 9874 9308 2310 6112 2894 3890 1567 2597 7831 8063 1708 7170 5606 1906 2149
5563 6283 557 3602 409 723 8178 4912 5779 9324 6265 2381 8844 9891 1766 714 8291 7512 1050 3873 217 3309 4960 8185 2076 8416 9810 3700 6113 3473 2501 5529 0 271 8449 7867 7527 5413 7910 8042 2423 9371 843 6506 9306 4338 1193 8949 9778 5717 3487 8416 8350 2136 7555 4501 2905 8639 1434 4222 7956 4193 1676 6070 9598 3521 4888 6684 6773 3108 5735 1363 3213 2133 5381 5879 543 5887 7228 4362 4279 7129 4332 7825 3397 6348 5594 6435 7773 4472 2109 8223 3298 4735 8732 1787 1365 2108 1779 6662
7831 1807 7673 3730 7802 3100 7709 9563 5024 3687 7517 6642 4945 525 6501 749 3271 9430 6692 2270 3787 5079 7944 8999 6988 2302 5635 5140 843 2098 595 8362 271 0 5416 6880 8554 9362 7334 2350 5378 813 1355 2829 7008 7443 2522 5940 4539 6834 9344 713 2699 9715 5221 5041 2173 9888 2215 2437 4824 2240 9361 3726 6037 4005 7009 3011 1788 4440 4985 5674 5078 4911 711 6329 1416 2126 6222 4120 3975 7389 8582 8238 7985 4243 7272 9914 3715 1298 5907 8598 9317 2983 9771 9951 1140 4498 6390 8471
260 5535 364 3602 5043 2425 1091 971 7713 4810 5669 6277 252 7826 4395 1390 1753 5527 2483 9361 4104 6032 6354 9205 87 4475 1305 545 3983 2080 780 5766 8449 5416 0 9841 3553 4141 5939 9063 7238 2297 2388 8540 4182 8278 1143 6419 134 6169 2913 3995 3018 9011 3132 7310 597 9880 4252 760 4954 6220 2584 2532 1023 2086 3472 1357 6143 6054 9315 2173 5140 6546 9049 2130 2829 115 6172 2872 5813 9807 6327 365 7396 2358 9575 9064 7933 9187 6285 7811 1915 8195 1484 9709 9161 2914 5262 6800
3829 3770 1228 2239 3439 6028 9141 6224 2075 4125 1879 4849 598 8580 7912 9791 5443 5547 5138 6936 5240 4343 231 8365 5690 2595 6195 8347 3064 6381 1918 2939 7867 6880 9841 0 1105 1272 8944 2981 2364 60 7195 7477 7361 3814 6739 2291 4140 5930 9017 2001 5228 5009 4612 9949 3351 5957 8056 6259 8355 678 7015 6005 6751 2583 1587 2356 4160 5856 2669 2547 7905 8799 5270 2967 6383 6587 5633 6492 6619 8357 1094 71 6910 1027 7282 3129 1980 8407 5136 9561 6345 9626 574 3104 4567 4796 439 8177
1779 4765 4671 3225 3667 6036 6004 5559 5796 3086 3126 1996 7696 2890 6275 8834 2489 6979 9066 2700 4965 2206 3801 3560 3252 550 6282 5431 6050 3160 1426 8958 7527 8554 3553 1105 0 251 7740 9583 3860 3042 7513 1411 2398 2582 6253 9917 6948 7099 4853 1614 1664 3524 7426 5983 379 2619 7648 2827 2677 2564 5701 4553 822 1878 4800 16 6850 9884 5522 2567 3413 1708 5358 1265 5906 7439 4925 5085 9698 2196 959 3046 4411 3878 2185 581 5364 3464 327 8818 7754 609 1988 5588 3968 9993 880 360
5987 3156 8103 7293 7889 213 2562 8174 8585 5558 6083 2083 8877 1311 3939 9712 348 3292 662 2441 8404 7519 46 882 6693 7172 4491 9814 8470 1972 8751 7172 5413 9362 4141 1272 251 0 4790 4058 9926 4578 7055 3236 3239 6018 1788 9560 417 2883 7931 4657 4659 111 9052 5560 1361 9710 845 188 4252 6621 5317 3655 3867 1235 3861 8968 1366 931 9961 9826 6866 5077 5250 1366 6559 9596 2705 7737 7769 7300 851 7024 2775 1601 8825 9520 1489 4329 5059 9657 4918 1660 9116 2125 4781 9988 6023 7421
2139 2946 422 1765 5280 4324 7276 5688 3883 2790 5201 8220 9700 5648 7897 3596 7704 2845 9576 7590 4833 1238 2008 9415 8050 6075 9111 7922 3374 2473 4039 6022 7910 7334 5939 8944 7740 4790 0 7773 8178 7844 1052 5071 7476 3281 2830 9027 7365 5841 9555 5733 6828 6555 4368 7027 7499 1362 3838 2129 8118 4027 3348 243 8390 1078 8642 5146 9241 4391 6361 4997 5739 8893 7018 1523 170 7448 1651 1616 3180 9142 2948 7476 8590 984 6532 3725 7241 7520 7423 4493 3698 9695 1256 1922 2639 5631 655 2612
3470 1644 6430 8125 4110 8283 9417 1126 9276 9519 573 1884 23 8369 2831 2384 8922 4530 3559 8500 4113 6633 3534 2580 1261 7818 1973 5851 9354 906 4538 1181 8042 2350 9063 2981 9583 4058 7773 0 5048 480 4180 7906 5506 2838 3211 3063 8525 1445 7775 7463 987 7321 2175 3586 625 1983 7879 9573 1027 7735 5620 4761 6211 4151 8013 2256 7688 9503 1696 277 5498 495 1913 7647 2766 9761 1325 137 5023 5043 6226 5140 1363 8587 2184 2081 6042 7091 4132 9525 4055 7674 1236 9700 784 9121 8193 6953
2618 7467 108 5349 732 4505 7774 5701 6091 4238 9010 2429 6974 5995 1044 4645 179 4725 5097 6010 715 4895 9986 8775 9807 721 8997 5590 8119 6044 6188 7148 2423 5378 7238 2364 3860 9926 8178 5048 0 8457 2012 7120 8607 7138 1365 457 2723 3448 7530 2937 6855 8751 5574 8938 251 2695 835 2339 2255 2962 7999 2447 122 560 7089 5111 2290 4294 7451 4495 7121 8640 8818 2526 6420 1059 2215 5260 9794 2993 277 4859 8662 2269 5844 9252 3597 2798 1866 6660 5026 6887 1477 9438 4416 7168 2532 2038
226 3109 5601 1708 9429 9899 1217 8490 6357 5479 2951 3350 4408 6972 2160 2457 3002 7482 4899 8770 8286 6859 7755 3741 4022 329 2795 1776 1231 7277 1128 4793 9371 813 2297 60 3042 4578 7844 480 8457 0 10 4141 88 4230 2969 5355 5700 1095 8839 359 640 9358 4553 218 9781 7401 9266 5851 8000 4955 4548 5777 2045 6588 5046 365 5821 8748 4743 8850 7240 7610 8993 6282 5635 5690 8043 5267 2450 7993 2817 4524 321 7883 2563 4562 5215 3327 8836 8779 6882 1438 4281 8995 7985 9874 6744 1723
9190 3002 2965 8073 2535 5174 5161 9102 1369 3667 191 5412 5309 3847 142 8024 1006 4698 6893 8884 5710 3156 521 407 5797 697 6134 5772 5434 46 7269 3754 843 1355 2388 7195 7513 7055 1052 4180 2012 10 0 4639 5472 2351 1839 2137 7899 1341 6479 450 8746 6668 6342 7531 6775 8682 7675 5463 1611 9655 1377 5603 5852 4815 8764 8876 5558 3801 9154 1653 7029 2589 8787 4632 2698 9102 8189 7418 2222 1195 7438 4253 2865 8854 8770 9829 7578 6895 1568 3704 5667 9852 142 12 7898 2191 9671 698
9316 1634 1105 7255 3291 8947 9390 1221 7752 2770 6766 7167 7364 2193 5396 5737 5174 85 6654 3760 7794 9718 148 9228 3807 7634 7275 2553 3577 5563 6058 5132 6506 2829 8540 7477 1411 3236 5071 7906 7120 4141 4639 0 698 3759 4455 9790 1354 9274 6452 8162 2540 8958 2971 7505 5744 4273 1126 197 7230 5738 978 5428 6478 2562 6550 5629 6201 6956 7997 5986 4212 6520 8445 4081 2192 8219 1213 3116 9878 7655 3217 9513 4509 8602 4311 39 5175 1986 351 70 9816 3051 2157 8258 1143 4155 4120 2273
7449 5804 7203 2101 8707 6407 4648 6662 4130 2386 6610 6660 9612 7143 6446 7195 8503 5494 4166 6134 7595 9878 5000 8749 9409 2238 710 7960 5671 4278 7793 4369 9306 7008 4182 7361 2398 3239 7476 5506 8607 88 5472 698 0 1705 9865 7486 5114 3792 6904 4867 608 4515 6521 5063 1290 9756 1770 3670 2997 4168 4429 8574 783 8033 5078 274 9686 1595 6379 970 6301 6739 7009 773 1036 6020 2660 2977 4163 1380 6993 5752 9099 6312 8337 5281 2528 4571 7168 1509 6478 3045 9804 7800 7525 8335 9665 6940
3791 7945 9320 6908 8512 3153 486 3985 75 6053 240 4406 9100 3177 2318 7499 8917 8650 6202 4556 1831 9367 9258 9608 4320 6890 1549 8698 4864 8482 6342 1484 4338 7443 8278 3814 2582 6018 3281 2838 7138 4230 2351 3759 1705 0 8046 1461 3714 1922 1214 5742 6316 4320 6452 1823 3296 932 7105 9808 1176 4711 2376 5830 2943 3884 2934 1163 2028 2888 2284 8249 3002 7802 7921 6305 9540 1899 8901 4761 8398 4591 4269 3766 2750 994 339 9811 2213 9616 3723 4811 5306 5258 9948 5425 1452 8691 9655 6644
8311 8418 2504 3571 4705 7945 6287 1337 3851 8742 3172 9179 52 4526 1017 4640 7963 3219 6394 3052 8239 4310 2398 5671 9233 6676 6963 9600 7623 1915 7987 9708 1193 2522 1143 6739 6253 1788 2830 3211 1365 2969 1839 4455 9865 8046 0 8880 2044 7805 7876 6818 7168 4630 9857 8566 2761 8372 406 2613 7662 169 9178 5304 481 896 2808 2 5243 27 4212 7495 7331 2667 5609 367 3465 2725 1761 9502 8347 5481 4641 8453 3237 8095 2491 6999 2920 7921 6335 8636 6148 3950 740 3408 8620 545 9210 9537
5694 9443 7245 7001 704 3970 9080 8284 3829 9006 831 4361 9115 5804 4069 4409 4776 2206 9843 2683 8107 9804 4899 7981 2525 1591 438 9349 5747 2767 1198 6566 8949 5940 6419 2291 9917 9560 9027 3063 457 5355 2137 9790 7486 1461 8880 0 4089 195 3943 8056 6926 104 848 2065 8227 1940 461 9696 2634 8253 8720 7673 9136 2255 7501 3315 7003 893 8589 5326 7489 1130 1262 4333 7321 3419 4940 3753 6387 2288 3089 1085 6165 5555 8765 5586 838 6711 2192 4904 9915 8755 7767 5471 1839 8072 1839 1123
4205 125 4996 7593 90 2516 4873 7382 4158 7826 5068 3078 7185 8604 7591 1764 4700 3340 3780 5132 8541 3901 3332 1575 934 4930 2480 2162 9366 2555 3462 8356 9778 4539 134 4140 6948 417 7365 8525 2723 5700 7899 1354 5114 3714 2044 4089 0 1785 7689 8957 956 1852 8855 9064 6530 8386 4269 4442 7731 4004 7029 8243 3176 4218 5185 8396 47 7649 1034 867 8324 9080 8892 726 2840 1600 7256 6176 1991 3464 4651 4762 2927 3948 5509 5457 9328 1152 4575 1477 4677 6196 3065 4846 1910 8486 1861 8587
7293 9422 3663 8184 8510 660 1349 7476 4727 7941 8318 5873 5349 4200 4666 7253 2047 5078 7607 2956 9334 3378 9921 6230 6691 5908 8841 6375 1728 2157 3339 5182 5717 6834 6169 5930 7099 2883 5841 1445 3448 1095 1341 9274 3792 1922 7805 195 1785 0 1577 4672 1812 5256 9558 9469 9577 1319 7988 9094 9671 6588 9777 3586 5329 6574 3788 6139 2034 6642 8689 6431 151 4355 7214 1905 1818 6780 5281 5903 7656 5603 8760 8138 5549 1976 7166 9301 215 9350 9159 8151 29 2218 2539 3081 9700 6695 4655 144
6323 7224 5165 2510 2470 6539 4004 4517 8348 3335 3683 9113 5618 4394 9873 9579 9299 8403 5356 6597 3253 5852 5286 7878 1362 3871 5350 5783 9492 7845 6345 2997 3487 9344 2913 9017 4853 7931 9555 7775 7530 8839 6479 6452 6904 1214 7876 3943 7689 1577 0 8692 7223 2170 3584 3416 150 9274 1389 6848 5194 4893 4105 6134 5842 3695 6308 9874 5079 5597 3754 5545 9526 2926 3577 5267 1491 2820 9005 9840 3933 6651 710 6330 7751 7634 3436 1192 1668 8184 3011 4836 9991 5402 7999 8863 3308 7076 4552 2125
1837 6894 9775 4113 2751 7104 5608 8517 5254 8294 8876 8024 4186 585 6117 7737 77 8830 5374 6328 5899 3352 5002 2300 4294 7997 8645 3061 2538 8149 3590 6831 8416 713 3995 2001 1614 4657 5733 7463 2937 359 450 8162 4867 5742 6818 8056 8957 4672 8692 0 1004 6241 6816 1469 8180 228 7666 8758 9917 4594 7172 3471 7947 3885 6265 7614 5042 7766 6778 232 61 659 667 6691 3243 6884 809 3580 3434 523 4034 7761 9932 1673 4076 3309 2655 2078 8088 6845 9471 6972 6845 6344 7005 9943 3163 2848
4911 2313 7209 8780 5167 1999 6890 1069 7751 9614 3009 1058 8912 1085 7497 603 9594 2474 9327 7380 6138 4611 3185 9356 3885 1296 2254 6602 1466 9614 5255 2079 8350 2699 3018 5228 1664 4659 6828 987 6855 640 8746 2540 608 6316 7168 6926 956 1812 7223 1004 0 7299 2834 4272 7880 8156 5169 2703 5682 6016 9566 2196 6569 9149 1878 3147 1992 9094 464 3340 1461 4082 934 88 2266 7340 1383 5973 5595 3718 4760 9589 2613 3144 3193 8081 1884 1660 3527 7283 5093 7466 3869 8190 7264 9045 39 824
4543 7617 5132 6338 244 6683 5125 1055 5709 6886 6481 7738 5692 7554 4900 6807 4828 4065 842 6083 6572 4490 8164 8695 5115 597 1123 1294 1073 1391 7555 5460 2136 9715 9011 5009 3524 111 6555 7321 8751 9358 6668 8958 4515 4320 4630 104 1852 5256 2170 6241 7299 0 3078 5678 1046 1585 415 1062 8104 4405 4022 7836 9893 6141 1398 9559 6764 5086 6212 5629 4071 5584 3707 8932 8344 1893 3379 1296 4682 4921 3030 4014 7441 4989 760 8755 5546 7142 2376 1539 1628 9674 4263 7901 9676 5623 2115 4253
3622 3263 9614 7130 5097 4047 8073 4245 5711 2807 6090 8674 476 404 7487 5757 3610 5856 7630 9184 7148 760 6563 4135 2516 1038 7953 8283 7193 3824 2019 429 7555 5221 3132 4612 7426 9052 4368 2175 5574 4553 6342 2971 6521 6452 9857 848 8855 9558 3584 6816 2834 3078 0 1290 9058 6362 2772 7082 4929 7583 9712 3228 606 6301 9313 6411 473 6682 3490 1919 5934 1546 168 4824 5649 9868 3710 5927 140 4643 2856 5994 5897 4779 2716 2371 7067 4272 9125 9220 7858 1748 4025 3142 2604 3358 2940 5363
5237 824 9425 9888 2161 2398 6003 7565 1473 903 5892 2694 2239 1884 4147 8299 286 8904 6430 9630 6923 9401 8802 3351 7513 3805 4010 2157 8968 9011 1413 2934 4501 5041 7310 9949 5983 5560 7027 3586 8938 218 7531 7505 5063 1823 8566 2065 9064 9469 3416 1469 4272 5678 1290 0 4827 3927 5030 153 404 9923 3697 1546 1644 5550 2239 2068 851 3464 1688 882 5952 1821 9765 6309 860 8559 9351 1290 3560 8071 3422 3139 7385 1172 1598 1259 840 2359 5066 8032 7344 6549 1270 9008 3994 1171 1363 2903
5094 5996 7509 5751 7603 7484 3945 4706 887 3094 444 9062 8706 8206 4935 5665 5904 5739 5702 122 4181 7287 8332 5301 5002 2104 5687 7828 139 1877 9515 7215 2905 2173 597 3351 379 1361 7499 625 251 9781 6775 5744 1290 3296 2761 8227 6530 9577 150 8180 7880 1046 9058 4827 0 6728 3228 2413 5069 8904 4998 2054 9177 351 2183 1977 88 7301 8525 995 7901 8080 7854 9222 5691 5099 336 8182 1600 7735 3259 3684 343 4230 2279 1106 4499 3630 9002 6455 5569 3048 507 6356 2361 6817 3921 9892
576 1120 5966 5799 5996 8607 7794 4154 6211 6179 9669 6767 6153 3527 1931 3896 4180 9019 6423 7173 5854 7462 3961 8280 9843 7353 2519 4654 6308 2771 5634 5759 8639 9888 9880 5957 2619 9710 1362 1983 2695 7401 8682 4273 9756 932 8372 1940 8386 1319 9274 228 8156 1585 6362 3927 6728 0 1405 9519 2748 9259 7559 8527 9807 3407 4212 7557 1866 4861 5697 9228 341 4105 601 8290 3837 8093 2664 2498 5175 817 7902 1658 946 7326 1447 6330 404 9362 8226 2583 9730 7700 4557 7028 936 6034 3976 1266
7089 5346 45 3579 7523 1821 9580 3557 591 2118 1168 452 2558 4927 7519 9324 3453 7691 2959 5684 7752 5338 4275 7140 6846 6581 6838 1970 8525 2594 3093 5745 1434 2215 4252 8056 7648 845 3838 7879 835 9266 7675 1126 1770 7105 406 461 4269 7988 1389 7666 5169 415 2772 5030 3228 1405 0 4343 9504 630 174 3095 5758 7671 7202 8127 8383 8276 776 1703 4870 9591 5846 3723 926 1354 2318 7167 8833 7940 9678 6001 7414 67 4994 5841 2580 5686 8472 8315 9921 6619 2023 4820 7058 837 9410 2398
7764 1562 3894 6758 4473 2763 7573 8750 1154 6356 4742 2296 4448 1482 9052 4701 1462 177 6683 3578 8814 9999 8 5176 945 6484 4296 2116 7416 2337 5527 485 4222 2437 760 6259 2827 188 2129 9573 2339 5851 5463 197 3670 9808 2613 9696 4442 9094 6848 8758 2703 1062 7082 153 2413 9519 4343 0 6181 2592 4313 9751 5070 7408 9053 7200 616 520 3008 3397 1622 1487 961 1987 8106 4214 7100 1659 7461 4200 193 4925 2380 868 2616 6834 900 9631 8453 9294 4086 7644 6971 5543 2996 7903 1762 2459
7616 9717 5883 3999 7945 4240 1196 8860 1502 2254 3045 3078 2832 801 4454 9212 5263 5768 5649 2888 1322 8448 1311 3210 7012 5573 3491 2137 7400 6584 2791 7329 7956 4824 4954 8355 2677 4252 8118 1027 2255 8000 1611 7230 2997 1176 7662 2634 7731 9671 5194 9917 5682 8104 4929 404 5069 2748 9504 6181 0 525 7540 4582 9447 7829 67 3047 9356 9367 70 6146 6149 6448 266 2150 306 8321 5568 2001 7843 7259 4944 5413 903 7051 1203 3830 3484 8509 93 9219 8731 5554 62 2881 8788 4542 3184 6054
8434 2718 3234 2283 4942 8741 7830 5061 271 4750 6057 1285 4401 9766 5963 3161 9485 448 6124 4172 3463 9025 1476 873 4101 5897 3456 6710 7853 6722 8794 3540 4193 2240 6220 678 2564 6621 4027 7735 2962 4955 9655 5738 4168 4711 169 8253 4004 6588 4893 4594 6016 4405 7583 9923 8904 9259 630 2592 525 0 6124 7298 5623 2897 6741 7606 1493 4587 4912 6296 6331 4974 3996 9236 6726 7959 1264 1524 6023 9774 8883 9887 6342 9978 5161 59 256 4656 7206 6483 7300 2899 1414 1923 7772 1709 6589 2632
1246 3896 6780 6404 8066 9902 6704 5902 4087 9224 2600 7346 5380 179 4579 1076 9480 6344 6498 7089 6705 9513 6535 171 5518 9860 4601 4670 9333 2010 5185 8364 1676 9361 2584 7015 5701 5317 3348 5620 7999 4548 1377 978 4429 2376 9178 8720 7029 9777 4105 7172 9566 4022 9712 3697 4998 7559 174 4313 7540 6124 0 5370 439 9197 9706 9863 9323 3555 700 1441 249 9189 1075 8347 6613 1278 230 1787 8184 8547 4202 5855 3327 6641 1475 6697 4260 9210 1758 3528 7419 895 9801 3255 7137 3951 2857 1673
4457 5766 3649 9593 432 1233 660 4104 3262 1193 5668 7298 5193 4434 2994 5079 7412 3400 7361 9019 7502 4115 2281 9147 5635 1864 1887 8780 1840 2240 7771 7050 6070 3726 2532 6005 4553 3655 243 4761 2447 5777 5603 5428 8574 5830 5304 7673 8243 3586 6134 3471 2196 7836 3228 1546 2054 8527 3095 9751 4582 7298 5370 0 1230 7134 3947 6385 3253 1368 6651 5681 7529 5276 3697 2313 5327 2140 3838 5154 9212 1397 2302 3684 172 4261 9021 4370 9162 9806 3442 5959 9257 7162 5738 6037 8747 4643 844 418
3404 2393 6953 5541 4119 4978 1774 2786 9730 9664 3168 8967 2842 62 3792 7065 8794 5908 8995 6051 4137 8172 1812 1378 9902 3710 9625 3350 7317 8524 5550 6943 9598 6037 1023 6751 822 3867 8390 6211 122 2045 5852 6478 783 2943 481 9136 3176 5329 5842 7947 6569 9893 606 1644 9177 9807 5758 5070 9447 5623 439 1230 0 8301 8346 8240 129 9206 7506 4225 8200 2487 7577 8929 8612 3513 6618 8530 8321 2572 2089 3796 7728 8824 6492 759 852 1997 2724 1732 2440 7525 4428 7778 7299 8405 6578 6511
2915 1340 6049 9519 5840 167 9976 7974 7037 5591 1032 8072 4473 5282 504 7772 1981 219 6512 4565 9589 1280 1267 5728 7010 8877 1068 9784 4128 2702 6604 2443 3521 4005 2086 2583 1878 1235 1078 4151 560 6588 4815 2562 8033 3884 896 2255 4218 6574 3695 3885 9149 6141 6301 5550 351 3407 7671 7408 7829 2897 9197 7134 8301 0 7428 7523 4663 3936 4056 8519 101 7681 7306 8015 6086 5575 1877 9171 6814 5366 5321 7160 4228 4191 1463 7949 4185 7263 7570 1650 1714 357 4050 47 9623 4393 1884 3436
9671 3799 9969 4454 2140 1003 2044 9291 114 4127 1896 9225 7258 2634 999 355 9142 4512 1560 7282 4854 9142 2098 299 9645 8092 8762 8342 8132 8469 2796 7919 4888 7009 3472 1587 4800 3861 8642 8013 7089 5046 8764 6550 5078 2934 2808 7501 5185 3788 6308 6265 1878 1398 9313 2239 2183 4212 7202 9053 67 6741 9706 3947 8346 7428 0 2064 9910 7927 6701 3300 3738 1611 3609 9979 2894 8071 7984 1475 4395 3561 8309 700 3974 3294 7488 1048 3756 482 363 2945 4171 757 299 4415 6659 5474 2650 9642
1597 2085 3143 2491 6123 7745 2200 757 2979 7884 3056 1620 234 391 705 547 2841 7600 1809 3639 203 7163 6216 5272 5905 9244 9960 3215 3896 8459 2572 1681 6684 3011 1357 2356 16 8968 5146 2256 5111 365 8876 5629 274 1163 2 3315 8396 6139 9874 7614 3147 9559 6411 2068 1977 7557 8127 7200 3047 7606 9863 6385 8240 7523 2064 0 5415 1793 2021 2291 5346 7986 1877 9877 6838 9355 1086 2100 8464 1430 302 2530 8582 6470 7447 500 8898 287 5462 1289 8006 1674 2961 4432 4465 8864 2751 5929
3506 3495 6129 4937 6792 5401 6861 1690 7391 4556 2948 1864 4599 6919 1150 7269 8536 7063 7548 5920 4005 873 1277 1822 7908 4292 3442 7782 4278 6445 1640 3874 6773 1788 6143 4160 6850 1366 9241 7688 2290 5821 5558 6201 9686 2028 5243 7003 47 2034 5079 5042 1992 6764 473 851 88 1866 8383 616 9356 1493 9323 3253 129 4663 9910 5415 0 6323 8879 4576 9354 982 258 3585 6875 5732 4248 2827 3247 386 6483 6852 8080 3862 7667 5741 4620 1615 2702 1652 1413 858 2241 9442 9444 3804 23 1161
399 5062 654 8420 5142 7363 253 1291 9124 4213 4469 5390 3559 2883 2584 6612 10000 8768 4468 4062 6555 7191 3684 1582 5972 5751 6470 5672 4113 9797 3700 7807 3108 4440 6054 5856 9884 931 4391 9503 4294 8748 3801 6956 1595 2888 27 893 7649 6642 5597 7766 9094 5086 6682 3464 7301 4861 8276 520 9367 4587 3555 1368 9206 3936 7927 1793 6323 0 4763 8482 969 3743 6653 5197 5412 355 9750 2078 4502 2744 4083 4033 5924 137 156 8830 3777 8089 2596 3131 242 1422 6355 113 9258 3062 9993 4558
6744 4167 5279 7875 1607 6769 1936 5776 986 2826 7534 5794 9819 6693 9017 3601 7243 6473 439 4183 9052 8137 2065 1147 8995 4016 4202 4425 1770 9680 5285 8786 5735 4985 9315 2669 5522 9961 6361 1696 7451 4743 9154 7997 6379 2284 4212 8589 1034 8689 3754 6778 464 6212 3490 1688 8525 5697 776 3008 70 4912 700 6651 7506 4056 6701 2021 8879 4763 0 4563 4363 8581 6781 5208 171 6369 5530 4367 1197 6264 5962 872 8064 3961 6442 7788 7014 102 6498 3126 9432 1079 9710 8161 7997 2660 8402 5999
4461 4063 8473 7684 4517 1697 6712 9662 3845 9342 3285 5865 3180 6145 7207 2565 5327 9156 5480 3692 1658 458 2724 6819 5493 344 5725 9218 1803 167 8937 9751 1363 5674 2173 2547 2567 9826 4997 277 4495 8850 1653 5986 970 8249 7495 5326 867 6431 5545 232 3340 5629 1919 882 995 9228 1703 3397 6146 6296 1441 5681 4225 8519 3300 2291 4576 8482 4563 0 2735 3907 4170 6324 3764 69 1970 6254 9268 2420 7610 299 4071 2575 3843 9717 2213 8509 2280 3353 8983 7508 4498 3782 859 557 989 8357
7760 7771 9860 4734 6777 6704 8197 519 6018 8707 8301 3696 1818 5996 819 9935 2630 3729 500 3080 1358 7774 5587 8171 4634 6967 9428 5537 1955 9750 8010 364 3213 5078 5140 7905 3413 6866 5739 5498 7121 7240 7029 4212 6301 3002 7331 7489 8324 151 9526 61 1461 4071 5934 5952 7901 341 4870 1622 6149 6331 249 7529 8200 101 3738 5346 9354 969 4363 2735 0 6195 885 5632 1593 7327 3794 3374 6604 496 8246 2397 2112 5486 4511 2219 1489 7055 4994 731 7137 7481 6783 6784 2850 5635 4211 1355
5325 7749 9124 2836 4634 853 6427 3782 734 9206 8480 5847 6504 3538 6815 96 3309 9771 5546 9342 6077 2079 1988 8435 2952 1222 5827 9055 4799 471 4963 2267 2133 4911 6546 8799 1708 5077 8893 495 8640 7610 2589 6520 6739 7802 2667 1130 9080 4355 2926 659 4082 5584 1546 1821 8080 4105 9591 1487 6448 4974 9189 5276 2487 7681 1611 7986 982 3743 8581 3907 6195 0 3022 2765 8903 3043 8131 9187 1792 9190 5636 6190 8266 1949 9055 4365 8857 3233 9077 793 8832 6635 9008 5604 3127 3914 1338 6628
1791 9779 3736 6356 1028 6506 5616 4072 8354 7109 5500 9231 4945 2768 2924 18 8629 3202 1627 9356 9481 7324 7600 3441 7583 9216 9269 9588 1587 3582 8134 5768 5381 711 9049 5270 5358 5250 7018 1913 8818 8993 8787 8445 7009 7921 5609 1262 8892 7214 3577 667 934 3707 168 9765 7854 601 5846 961 266 3996 1075 3697 7577 7306 3609 1877 258 6653 6781 4170 885 3022 0 6492 9898 6455 9615 7872 5141 7454 7166 381 9303 7277 7411 2588 5858 8952 1166 3781 4913 8424 3946 910 2912 9892 6327 2198
1853 9494 261 1155 9826 1964 5171 8577 4929 5050 1688 2222 1391 4684 639 2664 2826 2522 5324 5281 8108 7223 6772 3639 5609 2110 3725 2540 6844 7848 4084 2507 5879 6329 2130 2967 1265 1366 1523 7647 2526 6282 4632 4081 773 6305 367 4333 726 1905 5267 6691 88 8932 4824 6309 9222 8290 3723 1987 2150 9236 8347 2313 8929 8015 9979 9877 3585 5197 5208 6324 5632 2765 6492 0 9904 8154 1136 1217 4442 6669 9758 8284 7126 1378 1867 6580 8683 5859 730 1250 3787 2517 9531 668 4233 9511 6906 167
4604 4327 3909 8435 4858 925 2032 7483 8876 6573 5553 2242 5382 9715 8628 1270 8301 2685 9264 4103 8004 7172 7227 3115 9038 8206 748 4413 2152 5813 9373 4377 543 1416 2829 6383 5906 6559 170 2766 6420 5635 2698 2192 1036 9540 3465 7321 2840 1818 1491 3243 2266 8344 5649 860 5691 3837 926 8106 306 6726 6613 5327 8612 6086 2894 6838 6875 5412 171 3764 1593 8903 9898 9904 0 7461 9254 2558 1307 377 7259 821 3651 2323 3188 4141 9313 4782 5034 6707 4475 337 9907 3742 3855 5313 547 6366
7949 2217 386 2371 8007 2061 30 3866 7480 5990 3953 4350 9702 3345 4791 8062 3941 1110 8578 2408 1411 8174 2045 4649 8804 8115 7987 3655 9587 562 463 8814 5887 2126 115 6587 7439 9596 7448 9761 1059 5690 9102 8219 6020 1899 2725 3419 1600 6780 2820 6884 7340 1893 9868 8559 5099 8093 1354 4214 8321 7959 1278 2140 3513 5575 8071 9355 5732 355 6369 69 7327 3043 6455 8154 7461 0 9465 5332 85 1160 4495 3454 3761 4281 4190 352 43 5104 5441 8972 5894 8657 948 2897 6606 2180 475 8786
3554 7511 70 1624 9222 6264 7915 7189 2822 4998 6781 6586 6030 9967 5700 3491 5039 5866 716 981 197 4464 4239 2975 8523 9315 4662 750 2674 3383 7657 3554 7228 6222 6172 5633 4925 2705 1651 1325 2215 8043 8189 1213 2660 8901 1761 4940 7256 5281 9005 809 1383 3379 3710 9351 336 2664 2318 7100 5568 1264 230 3838 6618 1877 7984 1086 4248 9750 5530 1970 3794 8131 9615 1136 9254 9465 0 6836 5637 6068 1863 1832 687 2230 9231 5258 3297 6428 8763 5010 878 2078 7782 8011 9394 7923 4393 309
12 4540 2325 6543 7405 6471 3395 3067 7574 7181 318 7311 3509 1917 4537 6393 267 3961 3780 5804 3290 8153 2161 9265 8875 8291 5281 312 7009 8013 3633 5265 4362 4120 2872 6492 5085 7737 1616 137 5260 5267 7418 3116 2977 4761 9502 3753 6176 5903 9840 3580 5973 1296 5927 1290 8182 2498 7167 1659 2001 1524 1787 5154 8530 9171 1475 2100 2827 2078 4367 6254 3374 9187 7872 1217 2558 5332 6836 0 3794 798 6722 5605 3080 2179 2063 2793 3507 7405 109 3704 1726 8155 4944 5673 575 2478 1235 207
251 7002 7860 8728 3482 4702 3814 3480 9228 5502 8340 3154 3213 2934 645 5864 8324 9558 2959 5610 5065 8497 1499 8972 6554 2892 3408 8177 7820 9044 4935 1143 4279 3975 5813 6619 9698 7769 3180 5023 9794 2450 2222 9878 4163 8398 8347 6387 1991 7656 3933 3434 5595 4682 140 3560 1600 5175 8833 7461 7843 6023 8184 9212 8321 6814 4395 8464 3247 4502 1197 9268 6604 1792 5141 4442 1307 85 5637 3794 0 8634 8141 2556 828 355 5223 899 1062 501 9412 5783 2340 4452 8863 9227 5372 5384 3490 9519
3171 8515 1637 1835 2004 1929 128 8723 7418 5922 6844 154 8399 5110 2639 7476 1517 7138 1197 4631 3336 9058 5863 2662 5021 1682 7950 1922 9426 6915 1910 1843 7129 7389 9807 8357 2196 7300 9142 5043 2993 7993 1195 7655 1380 4591 5481 2288 3464 5603 6651 523 3718 4921 4643 8071 7735 817 7940 4200 7259 9774 8547 1397 2572 5366 3561 1430 386 2744 6264 2420 496 9190 7454 6669 377 1160 6068 798 8634 0 4077 5510 4395 8273 9254 9971 1399 8706 1977 5947 7376 6083 6050 3009 4352 1478 9720 9387
