50
0 5997 9623 5389 3644 6438 5980 3620 3260 7005 9698 7248 7708 5092 2465 7687 3617 1556 6561 4311 6915 5898 6124 2318 8709 6352 2956 114 5610 8632 5080 5821 5 2548 609 5037 7489 4750 257 5895 143 5559 7998 1496 2547 9299 7827 9208 2627 6952
5997 0 8100 5139 7791 9334 7938 7840 5485 9575 3447 6153 6183 94 1755 6245 5755 7100 9906 9347 553 8935 4650 8485 1051 9375 3508 5924 6625 722 7350 6900 1932 3190 8924 2553 3565 9947 8182 7575 8429 5964 8019 7496 7026 7971 3894 2906 3904 679
9623 8100 0 6244 9787 9225 5353 4927 9810 3195 6055 8086 9594 1719 4591 3766 78 5080 349 8599 1244 3658 6323 7987 6390 6397 7321 4010 5943 6878 4730 6004 5604 2519 6749 3352 993 2993 1306 9166 8327 9102 4908 2209 6257 8179 3585 4107 2037 8687
5389 5139 6244 0 8202 7326 3034 61 5852 9424 4603 3025 787 8876 853 5326 4301 9859 5911 3114 6153 3216 518 9594 1250 9036 9503 6792 8989 6943 143 8637 6874 9396 6673 5772 3881 6690 9771 2876 157 2609 6752 9402 2159 7868 3505 5088 3197 4117
3644 7791 9787 8202 0 1747 611 1746 4966 4387 5193 8666 2817 7411 4735 1043 6111 1232 5186 5796 8764 2463 4771 717 6952 9498 8160 1719 2193 787 5245 5497 1073 4492 2553 1612 2628 6594 6709 912 1437 5765 566 7427 9571 5171 8370 8272 8136 6515
6438 9334 9225 7326 1747 0 4931 6648 9227 8766 5650 5645 5508 7096 6586 3441 1359 5812 3077 7823 3614 4653 1795 9473 9767 3990 1893 7969 3072 3922 3624 7919 3777 9178 4965 5379 4578 6453 7491 3296 7540 8028 1495 6460 8646 3201 4938 8589 7984 9489
5980 7938 5353 3034 611 4931 0 852 3091 8421 6522 8173 4305 8127 4110 4657 9793 806 4088 8085 5920 1268 9083 1197 1925 9766 1623 7699 7473 6741 1667 5264 3370 8790 9615 1441 7379 1665 4143 7337 8271 855 8904 9560 263 3769 3093 7340 2604 1479
3620 7840 4927 61 1746 6648 852 0 2039 9117 9853 1889 3510 9703 915 1246 5459 2683 6266 3596 463 1642 2232 2857 8851 5170 7460 5576 7611 8295 200 8654 4153 5986 1497 928 76 2472 6567 2731 7594 2680 1889 8431 5303 1176 1378 2298 7913 2413
3260 5485 9810 5852 4966 9227 3091 2039 0 9831 9070 1900 5418 7150 543 8384 8017 2173 6222 827 4181 1630 514 4183 3344 8417 2303 2774 5064 3432 5774 3761 1380 7109 8487 1727 5984 4646 4766 2346 6893 8247 4425 9767 777 4851 1229 2185 9754 881
7005 9575 3195 9424 4387 8766 8421 9117 9831 0 4650 5961 7031 1935 5274 9142 4624 1740 6163 9098 1909 7341 380 6509 2875 3172 1559 6526 1104 5012 8915 1739 5155 6246 6804 3466 7017 340 2991 6988 9946 9113 5672 9885 5317 753 383 4914 638 2533
9698 3447 6055 4603 5193 5650 6522 9853 9070 4650 0 4555 2049 8660 1547 5153 2760 1496 5014 4570 6682 7961 9743 8250 7466 887 4978 7832 9324 4890 3316 8926 8938 718 3614 525 6975 1915 2466 5685 2604 6347 209 6532 1267 7317 8283 8783 1895 9955
7248 6153 8086 3025 8666 5645 8173 1889 1900 5961 4555 0 1292 9254 747 1919 5919 3217 7484 1826 2707 2290 4704 7752 8782 6973 1370 8297 6102 6701 2117 5994 1261 2729 7474 2310 9000 7772 8913 1622 5467 641 3490 7151 1755 2421 8640 3208 3258 8499
7708 6183 9594 787 2817 5508 4305 3510 5418 7031 2049 1292 0 8998 6400 3032 7812 6493 3993 5474 6380 869 9656 7832 8605 8409 7046 43 1742 7455 4779 6599 7398 8076 858 6927 1331 6511 5277 3228 5201 2327 1256 4249 5207 5694 8536 8583 8288 3190
5092 94 1719 8876 7411 7096 8127 9703 7150 1935 8660 9254 8998 0 5268 9296 710 9666 2201 7992 2135 6418 889 9985 907 4518 6663 3069 9094 8318 9767 4973 1940 220 5497 1198 6042 6844 5545 5444 1540 2961 7560 4197 2858 2379 5716 414 6025 9615
2465 1755 4591 853 4735 6586 4110 915 543 5274 1547 747 6400 5268 0 7558 1990 8665 1570 9801 6980 5192 6898 9484 7610 6812 2491 9234 2604 9885 830 4005 2457 4356 5138 9541 1412 6071 4247 7507 5402 9620 4289 6821 2149 2987 3551 6922 8533 2376
7687 6245 3766 5326 1043 3441 4657 1246 8384 9142 5153 1919 3032 9296 7558 0 2798 2889 4764 220 778 9335 7958 6483 8942 1398 7758 5401 347 2619 9077 5875 2220 1768 9765 2430 6185 5647 7936 1337 9268 3265 6530 5774 7983 6200 4554 5378 8578 8813
3617 5755 78 4301 6111 1359 9793 5459 8017 4624 2760 5919 7812 710 1990 2798 0 5071 1623 4140 9776 1778 9716 164 6668 6251 6649 7285 7253 1618 9427 1424 307 5517 4957 3168 2357 1050 6632 1317 3682 200 3737 7022 3535 9827 891 2467 187 9417
1556 7100 5080 9859 1232 5812 806 2683 2173 1740 1496 3217 6493 9666 8665 2889 5071 0 4707 3507 4202 7657 6609 2830 6824 9652 2965 4668 5818 7168 8253 3884 7032 4310 8267 2996 915 2908 5717 9342 779 3796 6351 7684 9167 588 5970 1956 2995 2553
6561 9906 349 5911 5186 3077 4088 6266 6222 6163 5014 7484 3993 2201 1570 4764 1623 4707 0 1073 4353 3837 1556 9076 8929 3183 6708 3305 5227 984 5163 3274 1213 9810 5724 6380 7602 5305 9257 9305 3904 4979 2632 6540 5623 7645 8312 7426 1794 5393
4311 9347 8599 3114 5796 7823 8085 3596 827 9098 4570 1826 5474 7992 9801 220 4140 3507 1073 0 7784 1157 4871 8064 3061 6890 4409 8601 6547 7859 7004 6779 1071 5620 2883 4200 7178 8012 7261 7276 503 3716 392 6631 7532 5074 8746 8276 9176 40
6915 553 1244 6153 8764 3614 5920 463 4181 1909 6682 2707 6380 2135 6980 778 9776 4202 4353 7784 0 5020 6568 9298 8742 7194 882 651 2516 2453 1709 9507 4441 8488 6255 7625 4742 7213 2805 7227 1322 209 6934 1742 3655 167 4610 63 5971 8033
5898 8935 3658 3216 2463 4653 1268 1642 1630 7341 7961 2290 869 6418 5192 9335 1778 7657 3837 1157 5020 0 5641 1657 1683 9407 1523 4219 8867 5820 1101 7289 6156 1628 7860 4374 1130 3428 5862 3592 4636 7115 6402 1681 663 2091 1847 3453 6835 5335
6124 4650 6323 518 4771 1795 9083 2232 514 380 9743 4704 9656 889 6898 7958 9716 6609 1556 4871 6568 5641 0 4297 683 8685 5650 5664 9054 6715 6404 6022 5638 3845 7260 5484 2767 7644 8248 5989 8566 6016 2897 7032 8885 7296 4418 6004 8337 2703
2318 8485 7987 9594 717 9473 1197 2857 4183 6509 8250 7752 7832 9985 9484 6483 164 2830 9076 8064 9298 1657 4297 0 9285 6186 5588 3294 9027 1439 3648 3648 9280 6477 2186 2292 1486 741 4979 7113 3819 8637 5249 6046 8268 1996 798 6302 5381 252
8709 1051 6390 1250 6952 9767 1925 8851 3344 2875 7466 8782 8605 907 7610 8942 6668 6824 8929 3061 8742 1683 683 9285 0 6656 7124 9807 8202 4893 748 6039 3378 5678 9742 7634 6940 2185 349 7756 6557 4106 7086 9961 5802 4858 9946 6616 6728 37
6352 9375 6397 9036 9498 3990 9766 5170 8417 3172 887 6973 8409 4518 6812 1398 6251 9652 3183 6890 7194 9407 8685 6186 6656 0 1883 2091 214 7292 7813 7674 7232 4788 490 1689 9 7857 776 8028 5271 7753 968 9393 8454 3642 4885 3903 7070 1533
2956 3508 7321 9503 8160 1893 1623 7460 2303 1559 4978 1370 7046 6663 2491 7758 6649 2965 6708 4409 882 1523 5650 5588 7124 1883 0 4847 1683 7134 4745 3812 3493 496 4599 4511 7694 2747 408 9610 881 7595 9895 8467 6971 1754 1354 8742 1233 5764
114 5924 4010 6792 1719 7969 7699 5576 2774 6526 7832 8297 43 3069 9234 5401 7285 4668 3305 8601 651 4219 5664 3294 9807 2091 4847 0 5349 8124 7723 9791 3067 1367 7660 488 170 2886 6635 6754 7578 2147 8281 7562 8752 7022 5414 2441 278 2967
5610 6625 5943 8989 2193 3072 7473 7611 5064 1104 9324 6102 1742 9094 2604 347 7253 5818 5227 6547 2516 8867 9054 9027 8202 214 1683 5349 0 2725 9851 695 8591 4745 1834 8257 582 5438 3023 8899 6200 2739 1542 3742 6698 7179 1905 7650 1758 2480
8632 722 6878 6943 787 3922 6741 8295 3432 5012 4890 6701 7455 8318 9885 2619 1618 7168 984 7859 2453 5820 6715 1439 4893 7292 7134 8124 2725 0 5928 5442 3628 2375 4345 2029 9675 7185 3942 3120 7207 1811 3280 1110 2200 3618 772 2001 9548 1334
5080 7350 4730 143 5245 3624 1667 200 5774 8915 3316 2117 4779 9767 830 9077 9427 8253 5163 7004 1709 1101 6404 3648 748 7813 4745 7723 9851 5928 0 2293 4375 8964 7031 977 6315 8315 3991 4764 9257 1004 7429 8386 1795 7456 5646 6166 735 2291
5821 6900 6004 8637 5497 7919 5264 8654 3761 1739 8926 5994 6599 4973 4005 5875 1424 3884 3274 6779 9507 7289 6022 3648 6039 7674 3812 9791 695 5442 2293 0 4942 8935 7153 8453 2546 8073 2846 8030 6347 4703 4096 7112 3476 3408 4651 6882 3833 5054
5 1932 5604 6874 1073 3777 3370 4153 1380 5155 8938 1261 7398 1940 2457 2220 307 7032 1213 1071 4441 6156 5638 9280 3378 7232 3493 3067 8591 3628 4375 4942 0 4486 8320 6702 5870 7694 4039 5279 6090 4802 2606 7194 421 7212 8580 8963 8644 4023
2548 3190 2519 9396 4492 9178 8790 5986 7109 6246 718 2729 8076 220 4356 1768 5517 4310 9810 5620 8488 1628 3845 6477 5678 4788 496 1367 4745 2375 8964 8935 4486 0 4280 8836 6580 3918 1068 6452 6754 5687 5181 3032 8826 7670 1802 9908 7072 4367
609 8924 6749 6673 2553 4965 9615 1497 8487 6804 3614 7474 858 5497 5138 9765 4957 8267 5724 2883 6255 7860 7260 2186 9742 490 4599 7660 1834 4345 7031 7153 8320 4280 0 3753 2540 8271 6853 8479 7267 2147 4864 7351 1751 5022 8552 8841 565 5486
5037 2553 3352 5772 1612 5379 1441 928 1727 3466 525 2310 6927 1198 9541 2430 3168 2996 6380 4200 7625 4374 5484 2292 7634 1689 4511 488 8257 2029 977 8453 6702 8836 3753 0 2186 5856 6904 5471 9121 6247 9390 9449 6389 3157 2421 5170 5956 7322
7489 3565 993 3881 2628 4578 7379 76 5984 7017 6975 9000 1331 6042 1412 6185 2357 915 7602 7178 4742 1130 2767 1486 6940 9 7694 170 582 9675 6315 2546 5870 6580 2540 2186 0 5332 235 7517 7595 8597 7866 3262 337 1089 9082 2058 9287 8761
4750 9947 2993 6690 6594 6453 1665 2472 4646 340 1915 7772 6511 6844 6071 5647 1050 2908 5305 8012 7213 3428 7644 741 2185 7857 2747 2886 5438 7185 8315 8073 7694 3918 8271 5856 5332 0 667 7328 8324 7026 5186 3082 6685 6892 5630 8679 7110 5970
257 8182 1306 9771 6709 7491 4143 6567 4766 2991 2466 8913 5277 5545 4247 7936 6632 5717 9257 7261 2805 5862 8248 4979 349 776 408 6635 3023 3942 3991 2846 4039 1068 6853 6904 235 667 0 3553 7565 8471 389 5947 8414 5853 8803 8093 9516 3788
5895 7575 9166 2876 912 3296 7337 2731 2346 6988 5685 1622 3228 5444 7507 1337 1317 9342 9305 7276 7227 3592 5989 7113 7756 8028 9610 6754 8899 3120 4764 8030 5279 6452 8479 5471 7517 7328 3553 0 6886 7462 9306 9152 8566 1689 9264 3970 3835 4172
143 8429 8327 157 1437 7540 8271 7594 6893 9946 2604 5467 5201 1540 5402 9268 3682 779 3904 503 1322 4636 8566 3819 6557 5271 881 7578 6200 7207 9257 6347 6090 6754 7267 9121 7595 8324 7565 6886 0 4622 4583 9757 8672 529 368 3981 8578 9815
5559 5964 9102 2609 5765 8028 855 2680 8247 9113 6347 641 2327 2961 9620 3265 200 3796 4979 3716 209 7115 6016 8637 4106 7753 7595 2147 2739 1811 1004 4703 4802 5687 2147 6247 8597 7026 8471 7462 4622 0 4000 5082 5034 9084 3004 8298 2917 6735
7998 8019 4908 6752 566 1495 8904 1889 4425 5672 209 3490 1256 7560 4289 6530 3737 6351 2632 392 6934 6402 2897 5249 7086 968 9895 8281 1542 3280 7429 4096 2606 5181 4864 9390 7866 5186 389 9306 4583 4000 0 1149 2880 3789 5714 6603 1446 4832
1496 7496 2209 9402 7427 6460 9560 8431 9767 9885 6532 7151 4249 4197 6821 5774 7022 7684 6540 6631 1742 1681 7032 6046 9961 9393 8467 7562 3742 1110 8386 7112 7194 3032 7351 9449 3262 3082 5947 9152 9757 5082 1149 0 6025 9659 3017 2388 6993 9983
2547 7026 6257 2159 9571 8646 263 5303 777 5317 1267 1755 5207 2858 2149 7983 3535 9167 5623 7532 3655 663 8885 8268 5802 8454 6971 8752 6698 2200 1795 3476 421 8826 1751 6389 337 6685 8414 8566 8672 5034 2880 6025 0 3773 4924 3874 3920 2272
9299 7971 8179 7868 5171 3201 3769 1176 4851 753 7317 2421 5694 2379 2987 6200 9827 588 7645 5074 167 2091 7296 1996 4858 3642 1754 7022 7179 3618 7456 3408 7212 7670 5022 3157 1089 6892 5853 1689 529 9084 3789 9659 3773 0 223 9067 8975 2597
7827 3894 3585 3505 8370 4938 3093 1378 1229 383 8283 8640 8536 5716 3551 4554 891 5970 8312 8746 4610 1847 4418 798 9946 4885 1354 5414 1905 772 5646 4651 8580 1802 8552 2421 9082 5630 8803 9264 368 3004 5714 3017 4924 223 0 8217 7892 3515
9208 2906 4107 5088 8272 8589 7340 2298 2185 4914 8783 3208 8583 414 6922 5378 2467 1956 7426 8276 63 3453 6004 6302 6616 3903 8742 2441 7650 2001 6166 6882 8963 9908 8841 5170 2058 8679 8093 3970 3981 8298 6603 2388 3874 9067 8217 0 3779 3450
2627 3904 2037 3197 8136 7984 2604 7913 9754 638 1895 3258 8288 6025 8533 8578 187 2995 1794 9176 5971 6835 8337 5381 6728 7070 1233 278 1758 9548 735 3833 8644 7072 565 5956 9287 7110 9516 3835 8578 2917 1446 6993 3920 8975 7892 3779 0 6200
6952 679 8687 4117 6515 9489 1479 2413 881 2533 9955 8499 3190 9615 2376 8813 9417 2553 5393 40 8033 5335 2703 252 37 1533 5764 2967 2480 1334 2291 5054 4023 4367 5486 7322 8761 5970 3788 4172 9815 6735 4832 9983 2272 2597 3515 3450 6200 0
