50
0 542 9373 7323 6331 2738 242 9562 3096 2291 5106 3087 1926 6811 7886 5681 8295 5960 2057 5962 3468 4916 1929 2688 5290 8052 6358 2811 3647 1372 865 876 2851 4734 7315 3140 2410 2408 2920 4787 429 9004 8573 7922 4879 4968 9459 9162 5247 9382
542 0 3564 2116 6572 7935 6170 782 2163 8211 3667 1740 1052 1187 3697 1555 1521 8871 99 8754 4579 6484 5054 8883 9051 3020 7981 6101 2344 7762 5001 1799 8740 3903 2019 8404 6403 3656 8603 6826 5573 2323 8580 3785 617 2247 4049 306 1187 9719
9373 3564 0 6356 527 7970 8418 7233 635 6891 5213 8185 3454 4724 183 435 2236 9755 2704 7489 7322 1025 5074 8304 5981 9581 4276 8959 4714 9057 4943 2898 8529 6567 1069 6436 4299 4464 5295 4157 8253 3229 7304 1385 938 7110 3015 2833 7355 51
7323 2116 6356 0 7303 7479 6273 5996 9245 8523 10 3262 9687 7230 9596 225 4368 7950 3541 3606 7469 2779 1699 506 2272 8924 956 6071 7900 5126 2343 2431 794 7245 9074 3424 8714 668 899 7026 7945 8742 1539 7821 7711 8064 3752 9146 6848 5882
6331 6572 527 7303 0 4139 3931 2221 54 7175 6884 2264 9763 3496 4468 7026 4882 1019 6231 1126 1543 7059 5828 3308 6498 8974 6674 3678 8208 9320 8452 9580 2473 4038 1252 4787 4297 8345 948 5533 7447 3675 1704 7081 6063 7986 7894 5178 3704 8679
2738 7935 7970 7479 4139 0 8229 4826 3796 3197 3695 1396 3688 8492 8975 5875 4334 2923 6699 384 1231 1266 8924 5360 1529 6957 2258 6403 4003 5321 4422 6809 2556 4957 2302 1604 5565 666 4210 8352 8147 7053 3131 8140 5099 5861 9733 5580 6012 1591
242 6170 8418 6273 3931 8229 0 1273 6420 3040 5910 9156 1941 7437 3286 2966 4909 3868 6845 1117 6932 5426 5076 6553 8291 8968 4278 3945 8292 6213 4349 3757 4365 3957 1840 2422 2816 2376 6953 9665 2509 726 1738 6094 1570 4107 8476 9066 4408 4418
9562 782 7233 5996 2221 4826 1273 0 5415 3886 6503 8909 2226 694 1998 6475 3271 3287 9205 9133 651 9230 5134 1161 9368 2459 3745 1572 4128 3835 8378 5876 8760 7527 9514 4672 1214 462 8072 9873 7687 1835 8555 4423 5555 6353 1317 6010 3346 7418
3096 2163 635 9245 54 3796 6420 5415 0 3926 5964 8517 1237 9213 8342 7210 3685 2144 5393 9690 9098 3100 7271 5494 1119 1545 7965 8344 4440 3934 2745 4920 6853 3408 139 7389 9019 7407 277 5014 9870 8665 1304 912 1358 4821 8398 1120 836 2987
2291 8211 6891 8523 7175 3197 3040 3886 3926 0 4475 8575 1857 490 9820 9182 4593 3043 1305 2255 6847 8905 5682 1926 4431 34 4985 1119 2847 1469 9254 4093 923 9621 4409 4213 5627 8782 9388 9466 8340 6723 8830 3042 6098 3789 3772 1322 2387 4731
5106 3667 5213 10 6884 3695 5910 6503 5964 4475 0 5969 8118 6173 4232 6932 5840 9863 4190 8781 4867 8958 7741 7684 5645 1714 2610 4774 7663 8648 4253 1240 7185 1881 2113 9655 6423 3679 1970 9629 3310 3772 7709 3654 4708 535 2845 363 6643 1801
3087 1740 8185 3262 2264 1396 9156 8909 8517 8575 5969 0 4579 1934 2405 2633 3096 8271 1685 9739 1363 7194 621 1255 3551 9073 9569 4444 6425 7700 2165 4911 3990 3446 8183 1287 8843 8040 3901 4747 7766 1850 7719 7108 3959 5171 4228 4548 6489 5971
1926 1052 3454 9687 9763 3688 1941 2226 1237 1857 8118 4579 0 2004 5685 9425 9643 8598 112 5597 5855 4757 4 6228 5013 4320 7281 4506 88 9814 9678 8159 9628 8729 1148 3432 1142 4224 386 6215 3284 7590 6139 3883 3944 8155 2713 7996 9504 450
6811 1187 4724 7230 3496 8492 7437 694 9213 490 6173 1934 2004 0 3340 1275 6270 8259 3903 8786 3798 1284 7890 4350 7419 2003 7751 5600 8291 9740 866 4466 9530 2798 7609 7849 2385 9867 9235 8278 5390 4709 273 2096 4650 2096 9963 2480 6279 395
7886 3697 183 9596 4468 8975 3286 1998 8342 9820 4232 2405 5685 3340 0 1328 2385 21 3124 8462 6380 7330 7021 1239 7849 3440 1285 1747 1980 210 41 3762 4876 4236 8325 1855 2565 4507 6590 1773 2672 1381 2053 963 2939 1433 323 9347 4132 4338
5681 1555 435 225 7026 5875 2966 6475 7210 9182 6932 2633 9425 1275 1328 0 1554 5508 9708 8601 5898 8978 5256 1547 8937 3933 4317 2070 5387 307 76 7669 687 2177 481 6145 7652 6089 9071 6973 9074 2570 3599 3797 3999 6067 9260 1200 6470 5030
8295 1521 2236 4368 4882 4334 4909 3271 3685 4593 5840 3096 9643 6270 2385 1554 0 9561 4669 66 4141 2649 4558 8811 6450 8397 5555 1217 959 8577 6795 6045 8547 1002 8003 7031 5098 7450 8351 9641 7954 1356 8536 9439 4678 5774 9813 3267 7454 7857
5960 8871 9755 7950 1019 2923 3868 3287 2144 3043 9863 8271 8598 8259 21 5508 9561 0 6129 2882 6686 8607 3759 4394 1146 3263 2320 4074 3522 8336 3929 7234 1876 5189 6185 1523 863 3943 8451 8326 5544 6074 140 4043 2824 3285 1771 2793 4815 5515
2057 99 2704 3541 6231 6699 6845 9205 5393 1305 4190 1685 112 3903 3124 9708 4669 6129 0 7199 7941 269 7329 2091 8398 1866 1776 2752 233 7808 2071 3731 4816 8358 2905 4725 9042 892 8398 5766 4927 2888 1305 7113 9421 1791 783 333 2265 5567
5962 8754 7489 3606 1126 384 1117 9133 9690 2255 8781 9739 5597 8786 8462 8601 66 2882 7199 0 2962 9717 9173 9804 4918 1705 4052 7431 8725 8450 1710 3452 6107 1349 7133 2025 4250 5094 8662 6403 2164 2780 8353 3936 4069 8373 9898 8868 8212 1187
3468 4579 7322 7469 1543 1231 6932 651 9098 6847 4867 1363 5855 3798 6380 5898 4141 6686 7941 2962 0 3186 4301 5218 600 6709 1892 9006 2761 75 303 6366 3372 8533 9434 4676 6980 6373 2858 4189 5136 9342 7646 2840 9216 1161 8882 5035 8492 5119
4916 6484 1025 2779 7059 1266 5426 9230 3100 8905 8958 7194 4757 1284 7330 8978 2649 8607 269 9717 3186 0 418 4743 2731 4998 8303 126 2998 7001 4599 5593 997 881 5005 6274 8277 8283 1708 8825 6408 664 5136 7505 3134 6605 9655 9892 859 9948
1929 5054 5074 1699 5828 8924 5076 5134 7271 5682 7741 621 4 7890 7021 5256 4558 3759 7329 9173 4301 418 0 491 2728 4507 3699 1551 8937 4934 3084 3235 1816 2158 7723 5381 621 2503 8409 6942 2518 6819 7101 8726 3376 3266 4474 4186 6763 7712
2688 8883 8304 506 3308 5360 6553 1161 5494 1926 7684 1255 6228 4350 1239 1547 8811 4394 2091 9804 5218 4743 491 0 9181 2677 1624 9 9175 2567 3060 6825 8946 6783 3364 6671 4795 7038 6130 9980 4034 4725 2308 9134 5562 7496 5832 3843 7786 1096
5290 9051 5981 2272 6498 1529 8291 9368 1119 4431 5645 3551 5013 7419 7849 8937 6450 1146 8398 4918 600 2731 2728 9181 0 654 3565 1289 2955 8156 2348 8343 5192 4442 6265 7590 6576 4374 6626 697 7654 8466 3826 5583 2974 730 1301 8485 5848 2855
8052 3020 9581 8924 8974 6957 8968 2459 1545 34 1714 9073 4320 2003 3440 3933 8397 3263 1866 1705 6709 4998 4507 2677 654 0 4277 1227 4102 9525 9092 868 5181 493 7054 3952 4710 7680 5925 2687 580 413 8803 8520 8353 4418 6402 6212 6793 8145
6358 7981 4276 956 6674 2258 4278 3745 7965 4985 2610 9569 7281 7751 1285 4317 5555 2320 1776 4052 1892 8303 3699 1624 3565 4277 0 8403 8567 7889 9063 2006 3691 1521 781 6034 5535 5540 1440 6996 4539 9673 5469 5511 4685 1128 4519 1915 2191 7845
2811 6101 8959 6071 3678 6403 3945 1572 8344 1119 4774 4444 4506 5600 1747 2070 1217 4074 2752 7431 9006 126 1551 9 1289 1227 8403 0 3237 8830 8111 5745 557 3043 5761 9626 6551 6303 6109 2574 4970 9898 1795 5934 5877 6470 455 7121 3639 3491
3647 2344 4714 7900 8208 4003 8292 4128 4440 2847 7663 6425 88 8291 1980 5387 959 3522 233 8725 2761 2998 8937 9175 2955 4102 8567 3237 0 4155 3471 1301 6463 5278 1515 2084 4695 4140 7634 3854 6696 8926 5412 8391 8538 1251 697 3401 8719 1097
1372 7762 9057 5126 9320 5321 6213 3835 3934 1469 8648 7700 9814 9740 210 307 8577 8336 7808 8450 75 7001 4934 2567 8156 9525 7889 8830 4155 0 2037 3853 8957 7656 6259 4607 8662 3893 6625 4846 4163 3339 5508 5147 8990 2447 6552 7763 1224 979
865 5001 4943 2343 8452 4422 4349 8378 2745 9254 4253 2165 9678 866 41 76 6795 3929 2071 1710 303 4599 3084 3060 2348 9092 9063 8111 3471 2037 0 2459 5263 4658 7687 6356 6505 9127 817 2227 2224 5 9773 2102 6080 7363 7464 454 8012 480
876 1799 2898 2431 9580 6809 3757 5876 4920 4093 1240 4911 8159 4466 3762 7669 6045 7234 3731 3452 6366 5593 3235 6825 8343 868 2006 5745 1301 3853 2459 0 8497 8589 6032 1784 98 3655 5279 3433 5992 4482 5824 723 4638 9794 1783 5156 3621 1548
2851 8740 8529 794 2473 2556 4365 8760 6853 923 7185 3990 9628 9530 4876 687 8547 1876 4816 6107 3372 997 1816 8946 5192 5181 3691 557 6463 8957 5263 8497 0 9506 3835 1395 5254 5388 1353 7409 7350 3955 2413 7113 480 1429 5371 1294 3822 9007
4734 3903 6567 7245 4038 4957 3957 7527 3408 9621 1881 3446 8729 2798 4236 2177 1002 5189 8358 1349 8533 881 2158 6783 4442 493 1521 3043 5278 7656 4658 8589 9506 0 1837 2263 8510 697 8407 10000 204 7760 5963 3448 4886 7937 2317 757 8336 4730
7315 2019 1069 9074 1252 2302 1840 9514 139 4409 2113 8183 1148 7609 8325 481 8003 6185 2905 7133 9434 5005 7723 3364 6265 7054 781 5761 1515 6259 7687 6032 3835 1837 0 4569 2786 5511 1232 6060 9746 945 9388 9694 6333 8088 5633 5156 6395 5162
3140 8404 6436 3424 4787 1604 2422 4672 7389 4213 9655 1287 3432 7849 1855 6145 7031 1523 4725 2025 4676 6274 5381 6671 7590 3952 6034 9626 2084 4607 6356 1784 1395 2263 4569 0 2534 7265 4618 6448 2544 674 9915 3815 833 2429 4075 5772 5620 8014
2410 6403 4299 8714 4297 5565 2816 1214 9019 5627 6423 8843 1142 2385 2565 7652 5098 863 9042 4250 6980 8277 621 4795 6576 4710 5535 6551 4695 8662 6505 98 5254 8510 2786 2534 0 7850 5450 8130 8276 4794 3427 7523 7412 7414 3857 938 4945 929
2408 3656 4464 668 8345 666 2376 462 7407 8782 3679 8040 4224 9867 4507 6089 7450 3943 892 5094 6373 8283 2503 7038 4374 7680 5540 6303 4140 3893 9127 3655 5388 697 5511 7265 7850 0 3741 249 6629 5903 7856 7954 7866 8522 7880 6175 4791 963
2920 8603 5295 899 948 4210 6953 8072 277 9388 1970 3901 386 9235 6590 9071 8351 8451 8398 8662 2858 1708 8409 6130 6626 5925 1440 6109 7634 6625 817 5279 1353 8407 1232 4618 5450 3741 0 3355 3288 8686 7511 3379 7806 5991 7645 1806 5459 7767
4787 6826 4157 7026 5533 8352 9665 9873 5014 9466 9629 4747 6215 8278 1773 6973 9641 8326 5766 6403 4189 8825 6942 9980 697 2687 6996 2574 3854 4846 2227 3433 7409 10000 6060 6448 8130 249 3355 0 6019 2022 9352 8897 1015 7404 163 6004 5594 3965
429 5573 8253 7945 7447 8147 2509 7687 9870 8340 3310 7766 3284 5390 2672 9074 7954 5544 4927 2164 5136 6408 2518 4034 7654 580 4539 4970 6696 4163 2224 5992 7350 204 9746 2544 8276 6629 3288 6019 0 5192 1078 5140 2326 436 6255 4447 3043 5413
9004 2323 3229 8742 3675 7053 726 1835 8665 6723 3772 1850 7590 4709 1381 2570 1356 6074 2888 2780 9342 664 6819 4725 8466 413 9673 9898 8926 3339 5 4482 3955 7760 945 674 4794 5903 8686 2022 5192 0 8971 8464 80 6294 945 8227 1255 3733
8573 8580 7304 1539 1704 3131 1738 8555 1304 8830 7709 7719 6139 273 2053 3599 8536 140 1305 8353 7646 5136 7101 2308 3826 8803 5469 1795 5412 5508 9773 5824 2413 5963 9388 9915 3427 7856 7511 9352 1078 8971 0 5422 5148 3425 2696 3174 9938 452
7922 3785 1385 7821 7081 8140 6094 4423 912 3042 3654 7108 3883 2096 963 3797 9439 4043 7113 3936 2840 7505 8726 9134 5583 8520 5511 5934 8391 5147 2102 723 7113 3448 9694 3815 7523 7954 3379 8897 5140 8464 5422 0 9262 907 3014 4508 9436 192
4879 617 938 7711 6063 5099 1570 5555 1358 6098 4708 3959 3944 4650 2939 3999 4678 2824 9421 4069 9216 3134 3376 5562 2974 8353 4685 5877 8538 8990 6080 4638 480 4886 6333 833 7412 7866 7806 1015 2326 80 5148 9262 0 7695 2258 2210 5544 4949
4968 2247 7110 8064 7986 5861 4107 6353 4821 3789 535 5171 8155 2096 1433 6067 5774 3285 1791 8373 1161 6605 3266 7496 730 4418 1128 6470 1251 2447 7363 9794 1429 7937 8088 2429 7414 8522 5991 7404 436 6294 3425 907 7695 0 4809 451 9680 6543
9459 4049 3015 3752 7894 9733 8476 1317 8398 3772 2845 4228 2713 9963 323 9260 9813 1771 783 9898 8882 9655 4474 5832 1301 6402 4519 455 697 6552 7464 1783 5371 2317 5633 4075 3857 7880 7645 163 6255 945 2696 3014 2258 4809 0 7091 6174 8669
9162 306 2833 9146 5178 5580 9066 6010 1120 1322 363 4548 7996 2480 9347 1200 3267 2793 333 8868 5035 9892 4186 3843 8485 6212 1915 7121 3401 7763 454 5156 1294 757 5156 5772 938 6175 1806 6004 4447 8227 3174 4508 2210 451 7091 0 982 5292
5247 1187 7355 6848 3704 6012 4408 3346 836 2387 6643 6489 9504 6279 4132 6470 7454 4815 2265 8212 8492 859 6763 7786 5848 6793 2191 3639 8719 1224 8012 3621 3822 8336 6395 5620 4945 4791 5459 5594 3043 1255 9938 9436 5544 9680 6174 982 0 1833
9382 9719 51 5882 8679 1591 4418 7418 2987 4731 1801 5971 450 395 4338 5030 7857 5515 5567 1187 5119 9948 7712 1096 2855 8145 7845 3491 1097 979 480 1548 9007 4730 5162 8014 929 963 7767 3965 5413 3733 452 192 4949 6543 8669 5292 1833 0
