100
0 510 9568 3418 7343 2869 5014 4873 8205 5543 4374 2301 9008 3097 2842 1077 9893 1949 6708 1304 1621 2230 4592 6790 1872 8661 9424 7004 1318 7679 4280 8028 5806 9500 5284 4446 2904 8350 6746 9459 1547 3267 1966 4116 1805 6161 2796 8493 2005 9460 1677 5458 3709 905 1863 4084 8696 9617 830 9559 517 3498 2080 873 8446 6464 2960 3490 8559 5486 5412 8686 2520 5388 2639 1769 1482 5060 2235 5157 7714 3967 5778 6434 6603 2542 7163 7526 7522 1152 9050 76 2164 6642 2442 2325 2974 5382 8478 1883
510 0 6179 5129 772 9933 2669 9144 6386 9939 603 7673 6948 6183 1774 6306 1187 2970 5185 6512 5903 3474 7669 5360 4847 7860 7843 887 9725 3774 7734 3718 4888 467 5734 8093 2807 7833 5623 6966 3742 7331 1642 1819 6060 5942 1108 1998 6892 2858 441 9468 6422 3360 8275 9305 5750 1746 3254 7933 552 8391 354 9378 6909 4189 8623 1636 3555 1084 1922 5313 96 643 635 6741 4552 7643 4870 9509 8953 5689 4867 5533 1019 5565 7500 988 5246 8089 7928 5845 9893 8493 8666 6838 4054 502 4045 3454
9568 6179 0 2888 5477 392 9568 7978 8088 5947 6837 8884 6238 7041 8838 5302 9743 8517 6937 4041 3925 1147 161 2915 7239 8691 8246 7650 4285 2905 9834 4552 5449 143 9547 1039 464 9285 8894 3220 6358 3105 8400 2994 5431 5194 4526 920 6695 7169 3240 2605 2821 2015 4918 9859 5165 9146 6599 3085 4655 1931 79 4246 6242 4337 4137 8969 3765 3772 528 4151 1911 6323 5893 8150 8508 2384 3504 8126 5975 135 1690 9922 8487 3468 4698 5988 8376 128 8897 8106 3914 3619 8000 1213 3527 3802 3518 1367
3418 5129 2888 0 8436 6541 1631 8879 1686 7983 2473 5652 4719 5615 6408 9724 5917 3532 1523 4897 8645 5388 3775 8372 2473 4436 5728 7128 1365 612 5743 3681 2415 227 1752 2778 870 3912 7391 7213 9152 1266 7917 2693 5353 3983 3342 2794 9477 9164 6444 7363 4513 7616 2201 6656 8412 759 3734 2539 7577 2654 9879 2753 9310 1718 6783 5411 8049 1511 4070 3231 3398 9211 243 6741 5006 5230 5945 2550 127 2669 3442 9805 5224 5789 8180 2561 2511 7224 9550 859 2035 6487 1459 3492 9519 7266 2151 641
7343 772 5477 8436 0 5948 9132 3036 614 1507 5552 997 3868 6132 4661 9716 4829 7783 2763 7277 1942 8857 7373 153 6126 3732 1799 6145 9834 2294 3863 9218 7053 9738 9368 5378 5454 9261 3068 3975 9304 6414 389 2041 2860 903 1725 8273 2787 9432 5924 7607 4037 6733 2212 9283 9047 9071 726 5758 263 756 5081 6479 3500 6226 9519 7032 2929 5412 4021 3410 531 1820 2717 849 8464 775 8030 4792 4628 2766 4339 4160 7306 2267 9683 4870 309 4480 7573 9759 5618 5776 2095 5042 1818 1141 7701 1487
2869 9933 392 6541 5948 0 7189 23 4042 4256 797 4234 6223 7471 3438 3685 7091 5919 2801 9304 1939 9350 5909 7938 4279 2662 9233 4046 6582 7514 8655 7579 2610 3937 5863 7151 8921 5766 6029 2601 9292 7911 4414 4743 3659 2118 4339 8411 4182 8339 7446 6714 5158 7325 5528 8399 8164 5431 5299 1101 6604 2983 8672 7869 5199 5318 4462 675 4353 1207 1612 8187 3861 3591 8520 1933 2371 7918 8414 2033 7003 4884 2784 1410 8916 4916 3158 5739 7209 8586 919 7243 2506 5708 8819 6688 6778 9033 9925 918
5014 2669 9568 1631 9132 7189 0 9211 2423 1740 6993 1569 3326 7826 6456 1215 2155 2791 3272 2501 7214 2157 3680 5351 1045 8170 1081 9391 632 5471 2622 5204 9641 9419 7440 9185 6083 2528 3665 2584 8013 1632 57 728 435 6257 1873 1616 6172 1563 7768 2392 6364 7238 7768 922 1283 4309 5484 8144 1777 1091 7235 206 5444 7137 3852 6601 487 4400 5235 8531 7499 43 3037 6024 5710 1538 3030 3300 7906 8843 9962 8219 269 262 5167 4635 1674 6403 627 3786 4000 7785 7576 2650 3893 7558 2807 6448
4873 9144 7978 8879 3036 23 9211 0 3181 3371 5122 6805 709 8284 195 6116 2644 6544 1724 8894 803 9465 4916 9917 7948 2528 7246 2088 5708 5364 7180 6672 2416 1368 5271 5042 1744 93 6178 9518 4759 7096 1645 7374 9382 9467 6955 2218 2152 8883 9071 1053 5394 4188 9665 3351 1863 3585 8250 6236 4864 4307 4022 9487 371 8600 7708 5901 3657 7749 6634 5706 9121 7816 8384 7003 5900 1951 6132 9462 2182 8830 6717 9153 8571 2054 6529 9919 4168 5391 5365 3162 2929 5429 8397 1811 9796 5877 1118 9557
8205 6386 8088 1686 614 4042 2423 3181 0 6756 4375 1602 3082 1124 3115 1528 5238 5239 9878 7919 3720 3487 4637 1907 8035 3844 1988 6768 5538 6724 9753 352 8386 2429 5052 751 1452 2517 7024 5485 2283 2869 749 9695 2615 1282 798 75 888 8529 3792 43 6901 6519 6620 2476 2214 5433 3064 2185 5402 7018 4068 6668 9524 1115 9331 3208 7638 7318 8937 2056 755 8702 5878 3838 303 9577 5948 7997 6502 9414 9374 5351 4481 3058 1859 2565 6917 3825 1937 3935 6231 3755 7103 581 3866 4701 6861 1575
5543 9939 5947 7983 1507 4256 1740 3371 6756 0 6089 5143 7538 798 4360 6133 6645 9080 6455 500 5521 9845 6944 7121 5904 8605 1031 8112 2394 6117 5027 1808 4024 670 7112 2037 4969 8838 8130 1567 2149 1612 9156 1498 2249 6965 995 3524 4551 8732 7735 646 2084 3527 6118 5363 2027 5473 7800 4895 4941 6809 4091 1607 1249 1417 5833 6873 6326 7082 6355 6724 514 249 2139 1335 550 9019 8958 2559 6766 9336 5790 8427 1563 2675 233 2616 2302 5871 6316 4067 9577 8353 8215 4819 4594 8476 8969 8679
4374 603 6837 2473 5552 797 6993 5122 4375 6089 0 9891 4805 1372 5610 9898 2505 7264 4603 251 9559 9850 6057 1720 7087 8246 7299 6803 9017 4642 8734 6130 949 6469 9812 7250 4958 2212 7424 5660 7987 894 5632 2909 3304 4800 7119 6372 7348 495 485 733 9258 2025 5714 1157 2674 7442 9977 9293 8841 9609 3577 9819 187 3253 2718 4856 394 8975 3152 1329 195 1902 1935 5996 2514 1237 4490 4287 4521 9611 7956 1801 5965 4883 8084 621 6875 1702 6769 6587 6815 8565 4518 605 8252 5560 5642 9707
2301 7673 8884 5652 997 4234 1569 6805 1602 5143 9891 0 4492 4374 4081 3944 6057 7839 3023 9289 8679 8225 4099 1597 5008 1901 9563 2010 6759 8209 7876 1929 2403 5679 3972 4452 7010 3682 3768 3856 6460 7317 8587 1559 8560 1042 1019 1187 7794 9823 3505 400 2344 4910 819 6047 3168 539 4929 7664 2657 1487 7539 6724 6220 5170 4263 8044 6700 9578 3635 5435 128 4506 237 2471 3621 6065 6502 5419 1351 5612 28 629 2631 1614 4314 6643 7146 9293 1972 7959 8348 6988 6464 9444 1364 6389 4496 932
9008 6948 6238 4719 3868 6223 3326 709 3082 7538 4805 4492 0 9633 1880 6553 8392 3857 6865 3893 6209 5895 5063 6367 617 5410 8939 1908 2869 9068 6694 9635 4732 1428 9458 946 3847 6467 9209 598 3863 912 7890 8341 5881 7568 8346 2469 1125 494 9998 4790 5829 1477 2868 536 8705 8040 1569 3412 1621 4399 1861 4731 5735 5406 8553 4318 813 6465 1309 4149 7669 2351 22 5603 533 4151 813 8254 283 9426 9198 4930 5066 3347 193 5946 547 795 2581 7294 2346 9289 3854 4871 6547 6534 7199 4025
3097 6183 7041 5615 6132 7471 7826 8284 1124 798 1372 4374 9633 0 2212 4467 3916 2912 9544 6353 4482 6043 1023 7564 7533 4655 9361 5059 3658 8889 5568 6342 6791 9901 364 4616 3441 3921 5305 6429 7465 820 7037 2453 4057 8907 439 3850 325 4176 6869 1107 8963 7871 3260 679 2614 5222 4365 1291 4037 9727 4899 6288 8759 8271 6724 4210 280 8236 9623 4181 8634 4366 3436 1113 7691 2823 9516 670 6341 1014 5312 5723 922 3769 5073 311 93 7318 2973 225 386 3025 9171 3368 3340 7101 9006 5816
2842 1774 8838 6408 4661 3438 6456 195 3115 4360 5610 4081 1880 2212 0 3086 1235 7075 4465 5284 2136 250 2140 1808 2440 239 814 1427 1990 3409 4032 7616 1258 5570 4807 9048 2607 9356 8891 4749 2129 215 8090 9719 8530 2064 3453 8511 2175 1263 2903 193 7327 3948 9311 4121 3689 8937 7370 6771 6803 4314 9839 8274 1112 9420 2453 1046 454 1366 9498 5581 9039 8175 1754 2112 1817 7735 6790 7004 1946 9194 5560 4901 4533 9097 6875 2171 2760 6033 8376 7261 6770 3779 9047 8697 8412 4480 4123 4338
1077 6306 5302 9724 9716 3685 1215 6116 1528 6133 9898 3944 6553 4467 3086 0 5988 3604 8210 5022 5546 742 9121 4466 7644 7020 7019 6908 8097 2732 3506 3067 5480 7083 655 8034 4740 1453 173 6550 8874 8934 5358 5211 4594 8472 427 5915 7545 3730 1806 8420 5224 7013 1106 1643 7312 5744 9824 3410 8312 8365 5893 6508 2249 330 7061 5006 7029 5447 2553 1168 8262 3470 3388 8202 9623 463 7254 6776 632 5331 4468 897 5984 5480 396 4652 5344 3932 1955 321 3657 4094 1805 8057 2065 543 6508 4622
9893 1187 9743 5917 4829 7091 2155 2644 5238 6645 2505 6057 8392 3916 1235 5988 0 7545 2494 8530 4743 2105 1996 4878 5095 7759 2458 5542 7318 5122 459 8489 5579 4354 246 8887 4194 3177 8555 5132 4687 5850 8110 9711 2478 5802 2556 561 8350 8337 7069 8515 7367 8104 111 22 3989 5537 8346 5016 4077 8803 1654 3233 3526 5111 8502 9358 8406 2828 3444 989 9990 9856 308 1209 3439 5148 8084 9725 1429 1690 8770 6641 7937 5497 1443 5586 1681 5298 5348 4907 1416 5164 2577 5593 4313 646 6687 4382
1949 2970 8517 3532 7783 5919 2791 6544 5239 9080 7264 7839 3857 2912 7075 3604 7545 0 9614 1940 9290 8587 3331 4887 9221 4340 8000 9313 3151 8805 9610 7254 1496 2844 525 3586 381 3414 7380 7637 4051 1551 310 3778 2064 5718 474 593 1151 9646 8626 2245 1196 8631 9538 4012 8540 4953 5355 558 8750 3484 5339 7565 162 2456 547 2812 2272 2601 2422 9427 2574 5308 8165 2434 7771 6718 3258 5107 396 4881 2154 2070 6362 9133 2675 3149 6893 8093 4953 8380 4015 6757 106 7106 3081 1283 6026 6417
6708 5185 6937 1523 2763 2801 3272 1724 9878 6455 4603 3023 6865 9544 4465 8210 2494 9614 0 1280 129 1301 2573 4201 1230 8567 8752 3244 5086 3582 6033 1207 4164 6568 8473 294 8935 3386 9776 490 4230 209 6225 4264 5548 5491 8500 2616 6258 9791 3888 6377 714 4465 5550 3724 3845 5790 4507 4518 4138 7137 5486 8678 4907 9746 9477 1479 696 8994 8092 3394 8464 5402 9550 3233 3091 1709 6805 4342 8066 8626 5278 8713 1151 5974 9781 1603 2187 9580 1399 6045 3721 3038 7641 3631 4399 3305 1353 3081
1304 6512 4041 4897 7277 9304 2501 8894 7919 500 251 9289 3893 6353 5284 5022 8530 1940 1280 0 1176 9948 2630 4257 46 5630 782 5989 5833 3003 8701 4445 1363 3592 2724 7822 1328 3722 8051 4623 9463 7397 3936 5925 5861 1085 5159 8804 2451 5240 3097 7520 4955 5866 4892 8560 4529 4315 9605 349 2470 3687 1677 4782 6745 739 5273 569 9787 1655 518 7714 8652 5270 4646 6912 1958 5657 2866 1646 9345 7951 7024 2139 8538 9634 3246 442 1242 5162 1755 9344 2363 2901 8442 2142 8611 4475 4664 3262
1621 5903 3925 8645 1942 1939 7214 803 3720 5521 9559 8679 6209 4482 2136 5546 4743 9290 129 1176 0 6431 6373 9482 7718 5490 7478 752 3819 7158 3014 4800 729 6677 7383 2936 8638 4558 8034 2292 1230 6487 2151 1179 8654 4230 9579 6927 5311 2499 2542 6853 2152 8070 9412 3119 8119 5472 1506 7709 7078 6350 7776 7113 6999 4563 3127 3625 622 2315 6919 6284 7596 8120 9780 557 5450 4984 8232 3579 9785 4309 8164 5313 1805 8340 5116 9808 9603 626 5529 665 1549 6102 3385 7663 2010 3576 2632 6691
2230 3474 1147 5388 8857 9350 2157 9465 3487 9845 9850 8225 5895 6043 250 742 2105 8587 1301 9948 6431 0 5445 1603 1384 1863 2940 6783 3360 3458 6074 9988 3636 7559 303 4186 5830 5725 6940 8341 4910 1752 7923 3088 6936 1626 923 5073 3888 1759 3703 7400 3669 1407 1629 1639 6732 9731 9450 4118 4936 9938 4257 3592 7431 9613 6291 7376 9924 9656 2709 9507 5836 1530 9753 6532 5212 3265 3135 2525 4599 4084 2903 3894 4073 516 9562 5813 9009 5204 7507 497 7725 7773 5995 1387 2017 1283 7405 9016
4592 7669 161 3775 7373 5909 3680 4916 4637 6944 6057 4099 5063 1023 2140 9121 1996 3331 2573 2630 6373 5445 0 6174 7618 9898 6970 8616 169 5276 4163 9339 9970 8689 1287 3625 7296 1076 6456 650 1300 4350 9235 8790 8746 1304 4702 5132 7277 6281 2194 9890 3910 750 529 7699 7370 7918 2693 6722 6127 4866 3333 4115 6064 1977 2439 3226 2953 9392 4791 7392 2841 8043 2449 4480 1159 6575 6688 6561 9984 7852 2160 5886 5060 7770 7223 8537 2181 7217 3641 5528 6270 2662 9372 5517 7383 7692 6685 8245
6790 5360 2915 8372 153 7938 5351 9917 1907 7121 1720 1597 6367 7564 1808 4466 4878 4887 4201 4257 9482 1603 6174 0 4855 5163 2485 201 4319 7751 1198 6514 2048 9024 7508 9811 7007 4423 9242 7407 1737 9432 1349 9968 3717 2473 9057 8515 8204 5230 8834 1459 9207 8146 340 1468 6141 8511 267 3328 1986 2257 9962 1228 786 161 9239 6155 5999 8992 3928 3331 3171 4669 5042 1927 8830 9552 5755 6123 9627 108 1667 6823 6019 4692 9548 7673 2235 8198 4471 5769 4265 1422 5410 974 4056 4469 2058 1875
1872 4847 7239 2473 6126 4279 1045 7948 8035 5904 7087 5008 617 7533 2440 7644 5095 9221 1230 46 7718 1384 7618 4855 0 844 7285 5400 4346 2206 7180 1231 9796 8847 1922 6308 6952 2361 5724 1142 3510 2710 4349 3496 1348 8936 2801 2653 6566 548 3458 5921 2496 9517 8667 7715 159 7311 967 9922 2823 5226 8925 5565 522 8703 6337 8236 3055 3548 9762 3256 9982 4933 753 7735 7477 3582 2028 5517 3586 3555 221 5039 4574 7267 8748 9986 7572 9718 1593 2881 8233 1014 1744 7301 3163 7235 485 3839
8661 7860 8691 4436 3732 2662 8170 2528 3844 8605 8246 1901 5410 4655 239 7020 7759 4340 8567 5630 5490 1863 9898 5163 844 0 6137 2358 4654 2678 3332 1964 5061 7543 888 1379 9514 9040 4455 271 7735 5840 2918 2569 1511 1892 7315 5005 7767 1085 724 9112 6535 6178 6210 378 4444 3379 2206 3332 7344 3585 5957 6023 4345 1417 3775 4113 8277 5150 5652 5663 858 4117 978 1220 3902 9194 972 6033 4490 2495 3776 4721 8400 4377 8228 6263 6721 5175 4916 4801 7883 1215 312 6713 7361 1652 1430 7346
9424 7843 8246 5728 1799 9233 1081 7246 1988 1031 7299 9563 8939 9361 814 7019 2458 8000 8752 782 7478 2940 6970 2485 7285 6137 0 1049 3389 4850 4830 5405 2793 2521 7863 3465 4461 9871 9694 1602 9896 262 2167 4361 8922 5440 8557 672 4637 6009 1761 4320 6771 899 3527 1168 9 962 8742 5853 8544 7864 475 3158 438 1116 1238 4974 6071 9554 1633 3466 6937 1797 3109 4698 3335 9657 9926 1649 6218 4018 9472 2752 5102 6234 3026 4346 4539 1217 6964 6149 7596 3319 4428 3808 4940 6102 9079 8494
7004 887 7650 7128 6145 4046 9391 2088 6768 8112 6803 2010 1908 5059 1427 6908 5542 9313 3244 5989 752 6783 8616 201 5400 2358 1049 0 8565 1719 6237 7772 4759 8910 1592 7779 6594 2838 592 3737 1705 2006 1377 6976 6885 7551 7108 9683 9546 6929 1315 6028 469 6099 8928 846 8181 2244 4353 1638 2244 9686 1655 6080 6212 6576 249 2122 8500 4413 3006 5202 4302 5968 1639 762 9952 4301 671 89 3612 4339 2400 2252 867 3144 9724 167 2281 3157 6684 3888 2588 4391 1528 19 6478 7396 6485 6583
1318 9725 4285 1365 9834 6582 632 5708 5538 2394 9017 6759 2869 3658 1990 8097 7318 3151 5086 5833 3819 3360 169 4319 4346 4654 3389 8565 0 9619 4263 8127 506 1442 8669 8464 8938 7377 7508 8543 2478 1488 6811 9080 3784 948 2685 4660 6853 1637 2862 3608 8495 7235 8383 359 9857 2664 8946 6570 1872 5771 544 1068 1837 3642 2257 8497 146 4039 5758 358 6013 3360 2996 6983 1662 7753 8599 5134 8704 7892 9325 3501 867 8602 6929 7069 5384 1875 6882 7063 1747 7412 4609 4614 673 3418 1237 775
7679 3774 2905 612 2294 7514 5471 5364 6724 6117 4642 8209 9068 8889 3409 2732 5122 8805 3582 3003 7158 3458 5276 7751 2206 2678 4850 1719 9619 0 5537 8195 9673 4788 9615 386 1909 5548 5486 9500 7270 9960 8349 7260 227 9948 6622 1121 6808 2439 5312 5726 1898 9136 8624 8626 4397 5861 506 568 7447 8450 3442 8965 9916 2907 9651 6752 2555 5268 1232 3967 5861 5476 7932 1912 7426 4598 4914 6114 6224 4693 765 2264 6704 3540 8037 608 5249 5145 6075 524 910 4698 7343 2238 787 588 2036 6781
4280 7734 9834 5743 3863 8655 2622 7180 9753 5027 8734 7876 6694 5568 4032 3506 459 9610 6033 8701 3014 6074 4163 1198 7180 3332 4830 6237 4263 5537 0 9677 9883 8403 3522 4315 1082 5415 6633 2664 8131 3740 7651 5690 7894 741 1470 1538 3015 9308 7823 4762 7037 1790 9961 6098 8555 1948 4364 2860 2408 9077 1162 401 1408 3204 7709 4371 794 262 5589 9389 4532 3283 788 2642 1016 4906 5757 6264 9988 639 2342 3365 5695 7172 9707 5688 6522 6815 8593 2732 7752 935 4838 5335 4894 2657 380 1181
8028 3718 4552 3681 9218 7579 5204 6672 352 1808 6130 1929 9635 6342 7616 3067 8489 7254 1207 4445 4800 9988 9339 6514 1231 1964 5405 7772 8127 8195 9677 0 4442 2659 7477 8937 7402 2359 3630 3933 1137 9999 2826 370 8701 6195 8787 3062 722 9277 7500 3118 9960 8148 5445 978 7025 2949 4649 8300 3464 2072 703 5802 6001 2934 2892 674 2942 67 7700 7398 7516 4612 4091 5098 356 1212 9870 9926 1996 8874 5136 638 3154 1606 8365 6676 4723 6556 7221 9490 1517 1367 6682 1590 3988 8570 592 2802
5806 4888 5449 2415 7053 2610 9641 2416 8386 4024 949 2403 4732 6791 1258 5480 5579 1496 4164 1363 729 3636 9970 2048 9796 5061 2793 4759 506 9673 9883 4442 0 3785 2372 457 8950 7225 8907 4338 6925 869 9702 2242 6760 2268 3122 5041 9690 4266 6801 4577 918 2732 3913 6748 3170 6415 1885 1690 1406 4503 7932 7849 4286 1915 290 816 4328 5785 6239 8862 6197 5529 6668 6624 5120 5930 9689 5279 5181 2844 1644 4890 3230 8760 9962 6442 5156 5352 6972 1914 9192 264 4262 4017 5416 6655 3261 5379
9500 467 143 227 9738 3937 9419 1368 2429 670 6469 5679 1428 9901 5570 7083 4354 2844 6568 3592 6677 7559 8689 9024 8847 7543 2521 8910 1442 4788 8403 2659 3785 0 9599 9330 5974 3529 3656 8516 5427 7510 775 9127 3192 9260 8773 9815 4701 8938 1610 1319 2892 8825 6750 8316 1249 1760 3744 4576 4205 4897 9196 8450 4931 9664 8099 8072 8780 7942 6669 3175 7737 5007 8448 5344 386 1520 7656 5658 3862 5267 970 4976 5130 197 3803 6417 18 7200 5804 1573 3658 5895 6785 6535 4008 7197 6619 3546
5284 5734 9547 1752 9368 5863 7440 5271 5052 7112 9812 3972 9458 364 4807 655 246 525 8473 2724 7383 303 1287 7508 1922 888 7863 1592 8669 9615 3522 7477 2372 9599 0 1400 7813 8156 203 4082 8373 7845 8801 7101 4300 6356 2329 8523 1646 4634 6393 5425 9630 9398 4924 4306 3436 5624 4876 7026 1813 5113 5220 8549 9166 8760 6489 4434 7704 8299 8654 9106 672 967 9612 4422 4166 3407 4552 4047 5732 6439 5824 1539 3388 1453 5738 1880 3285 8118 3811 2586 3448 1881 4941 8188 9097 4890 2816 7918
4446 8093 1039 2778 5378 7151 9185 5042 751 2037 7250 4452 946 4616 9048 8034 8887 3586 294 7822 2936 4186 3625 9811 6308 1379 3465 7779 8464 386 4315 8937 457 9330 1400 0 8337 1552 381 9513 8995 5073 299 6120 3928 3241 4639 2054 7640 588 7360 4483 9878 6034 5256 9031 9947 4233 2019 1947 964 9722 3726 8175 2080 7310 4425 5452 1860 2449 2364 806 5220 9045 2405 4505 4455 4049 7505 6542 2193 8304 5010 9001 9937 4176 9527 7202 2362 2037 4729 8688 5227 460 9824 7504 8794 9217 264 2642
2904 2807 464 870 5454 8921 6083 1744 1452 4969 4958 7010 3847 3441 2607 4740 4194 381 8935 1328 8638 5830 7296 7007 6952 9514 4461 6594 8938 1909 1082 7402 8950 5974 7813 8337 0 1433 3817 4840 4363 1874 5344 5786 126 9961 7108 2408 5442 2942 5625 4248 8194 3114 4715 5848 4006 8724 6351 4676 4999 6494 9498 2578 2783 7053 4506 1246 3549 2419 3524 6583 5887 112 7278 3390 585 9470 3889 8750 3900 9048 3229 6826 2482 1492 8770 299 5582 2865 8519 2616 8956 8210 3872 6911 3838 5453 3068 9130
8350 7833 9285 3912 9261 5766 2528 93 2517 8838 2212 3682 6467 3921 9356 1453 3177 3414 3386 3722 4558 5725 1076 4423 2361 9040 9871 2838 7377 5548 5415 2359 7225 3529 8156 1552 1433 0 2066 6015 4254 7190 2444 488 5291 8729 1768 186 1161 8690 6210 7528 1589 7987 2794 1663 1263 6077 6093 133 2256 7183 8460 2350 8795 6670 8763 9443 7716 4862 4127 5090 4240 439 7511 7924 431 171 9258 2080 8518 4765 2977 2879 5972 1309 1753 7469 2683 7779 9564 1268 9849 829 8345 4751 7819 8070 5913 1728
6746 5623 8894 7391 3068 6029 3665 6178 7024 8130 7424 3768 9209 5305 8891 173 8555 7380 9776 8051 8034 6940 6456 9242 5724 4455 9694 592 7508 5486 6633 3630 8907 3656 203 381 3817 2066 0 327 5103 9542 4375 1258 7610 2360 6915 389 9168 2837 1727 425 9445 9455 3344 4075 9266 2316 625 4088 8048 7470 9576 4333 3403 2565 6325 7798 9799 4944 2029 213 9684 6389 9959 9448 5354 2826 1753 4597 2099 1410 7341 6486 9899 5377 1790 9846 1053 599 3513 6724 4065 7832 2991 9448 6206 3911 7402 2089
9459 6966 3220 7213 3975 2601 2584 9518 5485 1567 5660 3856 598 6429 4749 6550 5132 7637 490 4623 2292 8341 650 7407 1142 271 1602 3737 8543 9500 2664 3933 4338 8516 4082 9513 4840 6015 327 0 1059 5530 2794 8437 4042 1277 9362 325 3800 3437 5126 1012 9375 1756 3563 2224 5761 9234 3533 8208 313 8096 2225 2624 3725 4330 4684 5701 7741 3968 1700 5100 8454 3782 4267 2013 4570 9739 8844 959 9910 3007 8964 2356 3731 2982 4061 2208 720 7986 5952 7066 7593 267 4371 8866 4149 7704 2472 3171
1547 3742 6358 9152 9304 9292 8013 4759 2283 2149 7987 6460 3863 7465 2129 8874 4687 4051 4230 9463 1230 4910 1300 1737 3510 7735 9896 1705 2478 7270 8131 1137 6925 5427 8373 8995 4363 4254 5103 1059 0 840 490 621 1581 7199 7879 6248 6817 7905 3252 3530 928 6489 2996 1485 1692 3072 4400 6930 2304 7576 382 2422 3057 5648 716 5277 2460 5148 4102 4483 8997 41 3689 9853 5361 8959 2181 8133 7984 2511 198 495 6333 9502 2883 3361 4590 8079 371 6368 7257 5619 6501 1567 6498 7361 7051 1986
3267 7331 3105 1266 6414 7911 1632 7096 2869 1612 894 7317 912 820 215 8934 5850 1551 209 7397 6487 1752 4350 9432 2710 5840 262 2006 1488 9960 3740 9999 869 7510 7845 5073 1874 7190 9542 5530 840 0 1484 8340 6737 3713 6102 2728 1245 5049 9199 7723 3487 8222 9512 7857 9187 9690 3119 9559 6542 2105 7220 7352 7374 9624 3846 6046 9943 3919 8829 4984 9477 894 4727 8484 4662 2984 8870 4868 8224 3063 3739 4516 7376 5923 1467 9360 9332 4823 4082 2457 3790 8170 7095 4833 8960 8846 9681 1521
1966 1642 8400 7917 389 4414 57 1645 749 9156 5632 8587 7890 7037 8090 5358 8110 310 6225 3936 2151 7923 9235 1349 4349 2918 2167 1377 6811 8349 7651 2826 9702 775 8801 299 5344 2444 4375 2794 490 1484 0 9143 2837 7753 4572 4395 9952 9300 784 4810 3017 958 2959 170 5938 5816 4111 732 5221 7242 8445 1580 7161 7067 8278 1269 973 8634 9699 9633 47 4584 7531 1336 7153 1797 3776 6087 6359 6054 5891 7260 5211 3233 8328 6180 597 1652 1348 9152 847 4015 4423 5323 9837 721 3991 9907
4116 1819 2994 2693 2041 4743 728 7374 9695 1498 2909 1559 8341 2453 9719 5211 9711 3778 4264 5925 1179 3088 8790 9968 3496 2569 4361 6976 9080 7260 5690 370 2242 9127 7101 6120 5786 488 1258 8437 621 8340 9143 0 9909 2774 7305 6657 5596 9141 1618 8682 2092 132 5461 5792 6376 3558 7376 4453 8155 9736 514 4000 3230 7780 4252 367 5895 2875 4168 1610 5283 8108 7513 5465 8301 2281 4934 3989 1252 4729 2187 2437 9596 4595 8533 6359 3344 9183 3972 6247 1815 9618 8408 1261 7605 1866 9454 3495
1805 6060 5431 5353 2860 3659 435 9382 2615 2249 3304 8560 5881 4057 8530 4594 2478 2064 5548 5861 8654 6936 8746 3717 1348 1511 8922 6885 3784 227 7894 8701 6760 3192 4300 3928 126 5291 7610 4042 1581 6737 2837 9909 0 6408 4055 7318 2646 8240 9695 9834 5926 3134 7987 5679 2774 2635 6843 9129 7139 8721 2316 6892 3024 7955 8203 7383 4069 1596 7823 8100 7990 7504 8873 6692 7197 2512 938 5206 6550 3109 5327 159 8964 2119 688 9224 1105 4640 5668 5348 4250 3046 8873 5154 2468 9768 6704 4437
6161 5942 5194 3983 903 2118 6257 9467 1282 6965 4800 1042 7568 8907 2064 8472 5802 5718 5491 1085 4230 1626 1304 2473 8936 1892 5440 7551 948 9948 741 6195 2268 9260 6356 3241 9961 8729 2360 1277 7199 3713 7753 2774 6408 0 419 5083 8996 6605 3968 8469 8828 4109 3813 3931 4596 4159 7579 5904 6202 5821 267 5982 9701 4541 6728 585 3108 5169 251 4695 9494 91 40 703 2939 714 1418 9174 4223 322 3599 9391 8064 1942 3970 2027 2666 1610 9305 4315 718 4832 6378 9887 1610 8339 3853 1422
2796 1108 4526 3342 1725 4339 1873 6955 798 995 7119 1019 8346 439 3453 427 2556 474 8500 5159 9579 923 4702 9057 2801 7315 8557 7108 2685 6622 1470 8787 3122 8773 2329 4639 7108 1768 6915 9362 7879 6102 4572 7305 4055 419 0 2285 2262 1311 2553 4742 2948 8868 7044 1854 7879 9673 5081 6151 1692 9206 8137 7206 9870 8862 9908 8695 8153 6595 4254 1233 1698 7660 8164 5760 8877 9915 2298 823 924 4351 3394 5513 9437 7735 2949 4015 5904 9807 5073 3777 6871 9759 2482 2466 2136 1711 2252 1197
8493 1998 920 2794 8273 8411 1616 2218 75 3524 6372 1187 2469 3850 8511 5915 561 593 2616 8804 6927 5073 5132 8515 2653 5005 672 9683 4660 1121 1538 3062 5041 9815 8523 2054 2408 186 389 325 6248 2728 4395 6657 7318 5083 2285 0 6745 5751 2008 8784 8110 4526 217 4372 2511 8465 6183 1015 8091 30 9787 5750 9896 9631 6595 2079 9110 7439 2815 4076 7707 9038 1773 8280 4965 6615 4670 7203 5664 8177 582 9966 9263 3033 5814 5001 5789 5398 6133 3365 8389 3344 9895 4434 9835 3918 1385 5594
2005 6892 6695 9477 2787 4182 6172 2152 888 4551 7348 7794 1125 325 2175 7545 8350 1151 6258 2451 5311 3888 7277 8204 6566 7767 4637 9546 6853 6808 3015 722 9690 4701 1646 7640 5442 1161 9168 3800 6817 1245 9952 5596 2646 8996 2262 6745 0 7315 608 867 7677 4489 9801 4255 2075 6200 6509 1626 7164 129 3806 249 800 1636 3083 8786 1629 7039 938 2919 1390 870 4345 596 3289 1360 5067 3978 1116 9920 6081 4240 7760 6233 7431 7069 6840 2845 4869 5256 1485 9733 6458 9223 8957 6952 8892 8160
9460 2858 7169 9164 9432 8339 1563 8883 8529 8732 495 9823 494 4176 1263 3730 8337 9646 9791 5240 2499 1759 6281 5230 548 1085 6009 6929 1637 2439 9308 9277 4266 8938 4634 588 2942 8690 2837 3437 7905 5049 9300 9141 8240 6605 1311 5751 7315 0 3832 4507 8003 4473 3938 9000 4622 3406 4649 895 9144 6639 7578 1326 7340 6570 570 4130 5298 2389 4178 6150 8749 9335 1287 9816 8412 3602 2635 7584 4352 1133 3791 8702 8253 9092 6560 3485 200 9185 7983 4780 7186 3158 3589 3567 2622 8393 303 534
1677 441 3240 6444 5924 7446 7768 9071 3792 7735 485 3505 9998 6869 2903 1806 7069 8626 3888 3097 2542 3703 2194 8834 3458 724 1761 1315 2862 5312 7823 7500 6801 1610 6393 7360 5625 6210 1727 5126 3252 9199 784 1618 9695 3968 2553 2008 608 3832 0 5515 5385 7760 1713 9513 3772 8619 2803 2672 4717 7194 4795 4026 1542 1644 3557 5798 2574 6003 6202 6232 6102 5453 4878 4474 7242 8826 3840 3465 686 4152 2761 50 3890 8709 2363 6067 8812 3753 6610 9824 8844 2204 9313 9410 1004 5232 9763 5534
5458 9468 2605 7363 7607 6714 2392 1053 43 646 733 400 4790 1107 193 8420 8515 2245 6377 7520 6853 7400 9890 1459 5921 9112 4320 6028 3608 5726 4762 3118 4577 1319 5425 4483 4248 7528 425 1012 3530 7723 4810 8682 9834 8469 4742 8784 867 4507 5515 0 1644 5950 3293 3639 8944 957 9930 8370 3058 8605 9957 2295 4971 1054 1631 7129 59 546 92 784 3217 6719 3365 5895 4774 148 1942 8868 7465 5551 8030 5611 6361 9159 4706 3837 4062 3078 4550 6709 3420 7745 3875 8370 6859 4827 7670 6842
3709 6422 2821 4513 4037 5158 6364 5394 6901 2084 9258 2344 5829 8963 7327 5224 7367 1196 714 4955 2152 3669 3910 9207 2496 6535 6771 469 8495 1898 7037 9960 918 2892 9630 9878 8194 1589 9445 9375 928 3487 3017 2092 5926 8828 2948 8110 7677 8003 5385 1644 0 1570 8668 9469 1847 1735 9371 8995 3852 6266 8360 4352 2548 8224 7786 7976 6707 7074 9247 6018 4978 4931 7921 224 2987 8965 7888 1892 7134 3804 6075 8041 9579 4244 3235 3474 1659 6706 2613 1752 2821 2783 5530 7304 4862 9901 1650 1689
905 3360 2015 7616 6733 7325 7238 4188 6519 3527 2025 4910 1477 7871 3948 7013 8104 8631 4465 5866 8070 1407 750 8146 9517 6178 899 6099 7235 9136 1790 8148 2732 8825 9398 6034 3114 7987 9455 1756 6489 8222 958 132 3134 4109 8868 4526 4489 4473 7760 5950 1570 0 4021 6156 9845 4520 4445 4144 4733 9814 4698 6019 3582 570 3002 7455 9268 3874 3159 6646 2108 8357 6702 4148 1134 2306 8337 9682 900 74 2508 6728 1051 2804 4857 1005 2003 3097 513 2802 6318 7095 1673 9728 9170 636 4610 8324
1863 8275 4918 2201 2212 5528 7768 9665 6620 6118 5714 819 2868 3260 9311 1106 111 9538 5550 4892 9412 1629 529 340 8667 6210 3527 8928 8383 8624 9961 5445 3913 6750 4924 5256 4715 2794 3344 3563 2996 9512 2959 5461 7987 3813 7044 217 9801 3938 1713 3293 8668 4021 0 4239 6497 280 2658 4348 4740 5531 160 2116 7710 3697 9048 1187 1698 4371 1558 7763 9174 4692 7187 2661 4627 2231 3852 5248 8300 9865 5380 6603 1890 4983 5704 188 2553 3675 1542 3892 4480 7312 7436 5366 7952 3475 6084 4797
4084 9305 9859 6656 9283 8399 922 3351 2476 5363 1157 6047 536 679 4121 1643 22 4012 3724 8560 3119 1639 7699 1468 7715 378 1168 846 359 8626 6098 978 6748 8316 4306 9031 5848 1663 4075 2224 1485 7857 170 5792 5679 3931 1854 4372 4255 9000 9513 3639 9469 6156 4239 0 5564 8548 4073 2783 4167 7482 2269 3934 395 2722 9751 9052 8808 6463 4530 1711 3096 297 1667 4223 3102 5696 3887 5469 5965 210 4547 2335 1035 8645 5782 9211 4869 4795 7750 4789 1145 8542 2227 4622 6606 4015 5646 2510
8696 5750 5165 8412 9047 8164 1283 1863 2214 2027 2674 3168 8705 2614 3689 7312 3989 8540 3845 4529 8119 6732 7370 6141 159 4444 9 8181 9857 4397 8555 7025 3170 1249 3436 9947 4006 1263 9266 5761 1692 9187 5938 6376 2774 4596 7879 2511 2075 4622 3772 8944 1847 9845 6497 5564 0 3188 6719 4427 4026 6008 4695 3769 1935 2524 6823 1650 30 6147 9741 9082 8960 6771 26 7918 960 7308 5840 2070 4305 3892 2178 4984 9022 6665 4282 7500 6528 5141 2660 5932 7842 7564 3239 2064 7038 4954 8299 8933
9617 1746 9146 759 9071 5431 4309 3585 5433 5473 7442 539 8040 5222 8937 5744 5537 4953 5790 4315 5472 9731 7918 8511 7311 3379 962 2244 2664 5861 1948 2949 6415 1760 5624 4233 8724 6077 2316 9234 3072 9690 5816 3558 2635 4159 9673 8465 6200 3406 8619 957 1735 4520 280 8548 3188 0 1405 7787 1185 7574 8266 7511 3535 5857 1587 829 6542 1914 2504 5099 349 6763 8028 4263 4155 5024 9803 3854 3928 8057 4480 5336 5126 6077 6327 1916 2011 7901 2597 9679 5965 3223 2922 8952 9938 5209 1193 7601
830 3254 6599 3734 726 5299 5484 8250 3064 7800 9977 4929 1569 4365 7370 9824 8346 5355 4507 9605 1506 9450 2693 267 967 2206 8742 4353 8946 506 4364 4649 1885 3744 4876 2019 6351 6093 625 3533 4400 3119 4111 7376 6843 7579 5081 6183 6509 4649 2803 9930 9371 4445 2658 4073 6719 1405 0 6129 2420 7591 3648 7694 145 8434 4771 7055 3986 5598 3703 3942 8762 6278 207 2142 1674 5436 8479 4919 1948 4751 1520 4826 8583 8010 3460 1377 6712 2051 8449 4138 6811 8731 896 7842 8964 6112 9516 1299
9559 7933 3085 2539 5758 1101 8144 6236 2185 4895 9293 7664 3412 1291 6771 3410 5016 558 4518 349 7709 4118 6722 3328 9922 3332 5853 1638 6570 568 2860 8300 1690 4576 7026 1947 4676 133 4088 8208 6930 9559 732 4453 9129 5904 6151 1015 1626 895 2672 8370 8995 4144 4348 2783 4427 7787 6129 0 151 6179 3628 2346 1594 2020 4622 6430 631 4372 207 8960 4043 9547 7 7335 7430 1465 8751 8449 9637 3595 1926 3196 1591 1670 3623 8346 7955 9327 7882 309 8845 9889 7458 6333 7602 4414 7921 4003
517 552 4655 7577 263 6604 1777 4864 5402 4941 8841 2657 1621 4037 6803 8312 4077 8750 4138 2470 7078 4936 6127 1986 2823 7344 8544 2244 1872 7447 2408 3464 1406 4205 1813 964 4999 2256 8048 313 2304 6542 5221 8155 7139 6202 1692 8091 7164 9144 4717 3058 3852 4733 4740 4167 4026 1185 2420 151 0 1578 1318 6493 6090 987 9833 4310 427 4710 3598 4540 5154 6711 2102 3725 8530 9412 916 4672 2469 9273 91 6328 4340 173 7265 1721 1441 2190 7167 8216 6096 3469 851 9504 9277 4639 2671 3234
3498 8391 1931 2654 756 2983 1091 4307 7018 6809 9609 1487 4399 9727 4314 8365 8803 3484 7137 3687 6350 9938 4866 2257 5226 3585 7864 9686 5771 8450 9077 2072 4503 4897 5113 9722 6494 7183 7470 8096 7576 2105 7242 9736 8721 5821 9206 30 129 6639 7194 8605 6266 9814 5531 7482 6008 7574 7591 6179 1578 0 3915 4828 9764 1438 311 8083 308 1339 7554 5184 2933 814 9293 7824 9532 7211 3766 4307 5123 4679 4401 2361 1956 2383 4899 4478 8245 8167 2610 8969 3593 5061 2431 2940 3098 1484 8716 5588
2080 354 79 9879 5081 8672 7235 4022 4068 4091 3577 7539 1861 4899 9839 5893 1654 5339 5486 1677 7776 4257 3333 9962 8925 5957 475 1655 544 3442 1162 703 7932 9196 5220 3726 9498 8460 9576 2225 382 7220 8445 514 2316 267 8137 9787 3806 7578 4795 9957 8360 4698 160 2269 4695 8266 3648 3628 1318 3915 0 2835 9358 3728 1856 992 3761 172 8863 2989 8143 6209 9718 8246 9898 7637 1573 9141 4174 6346 8684 1078 8985 2860 7874 6483 7337 5424 2710 2075 9363 8727 1686 7037 7569 2040 6528 412
873 9378 4246 2753 6479 7869 206 9487 6668 1607 9819 6724 4731 6288 8274 6508 3233 7565 8678 4782 7113 3592 4115 1228 5565 6023 3158 6080 1068 8965 401 5802 7849 8450 8549 8175 2578 2350 4333 2624 2422 7352 1580 4000 6892 5982 7206 5750 249 1326 4026 2295 4352 6019 2116 3934 3769 7511 7694 2346 6493 4828 2835 0 9745 982 2693 7367 1279 5669 7543 9391 3174 8885 7740 6891 3213 5515 5318 6678 2535 5882 987 4625 3725 5735 4957 8101 7178 681 8317 1787 1796 7685 3008 6582 1223 2239 2278 9307
8446 6909 6242 9310 3500 5199 5444 371 9524 1249 187 6220 5735 8759 1112 2249 3526 162 4907 6745 6999 7431 6064 786 522 4345 438 6212 1837 9916 1408 6001 4286 4931 9166 2080 2783 8795 3403 3725 3057 7374 7161 3230 3024 9701 9870 9896 800 7340 1542 4971 2548 3582 7710 395 1935 3535 145 1594 6090 9764 9358 9745 0 3095 4912 125 7889 1976 71 7798 3237 3039 8521 8363 1485 4466 160 8862 5207 4764 8047 1389 5398 6462 8316 4755 8923 1825 3351 2982 7782 7167 1382 6069 5260 1759 9375 6443
6464 4189 4337 1718 6226 5318 7137 8600 1115 1417 3253 5170 5406 8271 9420 330 5111 2456 9746 739 4563 9613 1977 161 8703 1417 1116 6576 3642 2907 3204 2934 1915 9664 8760 7310 7053 6670 2565 4330 5648 9624 7067 7780 7955 4541 8862 9631 1636 6570 1644 1054 8224 570 3697 2722 2524 5857 8434 2020 987 1438 3728 982 3095 0 571 9063 4729 7636 3066 2836 6977 6258 4933 4497 9785 8566 798 6329 1461 3849 7270 6454 4463 6545 7604 8163 9351 9849 9931 8891 5049 7883 9316 4976 2565 761 3889 2958
2960 8623 4137 6783 9519 4462 3852 7708 9331 5833 2718 4263 8553 6724 2453 7061 8502 547 9477 5273 3127 6291 2439 9239 6337 3775 1238 249 2257 9651 7709 2892 290 8099 6489 4425 4506 8763 6325 4684 716 3846 8278 4252 8203 6728 9908 6595 3083 570 3557 1631 7786 3002 9048 9751 6823 1587 4771 4622 9833 311 1856 2693 4912 571 0 2477 7206 2357 6409 3292 3225 4527 5803 1170 9629 1954 3943 5768 4613 3626 5397 8672 6222 7211 9594 4441 5603 2810 9418 491 5961 4107 3604 7886 1496 8669 154 7091
3490 1636 8969 5411 7032 675 6601 5901 3208 6873 4856 8044 4318 4210 1046 5006 9358 2812 1479 569 3625 7376 3226 6155 8236 4113 4974 2122 8497 6752 4371 674 816 8072 4434 5452 1246 9443 7798 5701 5277 6046 1269 367 7383 585 8695 2079 8786 4130 5798 7129 7976 7455 1187 9052 1650 829 7055 6430 4310 8083 992 7367 125 9063 2477 0 9526 8349 979 8152 3650 7779 2714 9732 5577 8255 4270 4593 5139 9898 2509 9280 6990 7542 3020 8471 1743 9031 4068 4507 760 6939 5587 2950 4724 9896 8305 5467
8559 3555 3765 8049 2929 4353 487 3657 7638 6326 394 6700 813 280 454 7029 8406 2272 696 9787 622 9924 2953 5999 3055 8277 6071 8500 146 2555 794 2942 4328 8780 7704 1860 3549 7716 9799 7741 2460 9943 973 5895 4069 3108 8153 9110 1629 5298 2574 59 6707 9268 1698 8808 30 6542 3986 631 427 308 3761 1279 7889 4729 7206 9526 0 7997 916 8604 3605 5284 9252 9152 267 6596 6167 1965 821 5296 5520 1924 9768 1359 9313 3267 5525 3482 440 8496 4597 2131 5556 7978 1693 1330 3120 3635
5486 1084 3772 1511 5412 1207 4400 7749 7318 7082 8975 9578 6465 8236 1366 5447 2828 2601 8994 1655 2315 9656 9392 8992 3548 5150 9554 4413 4039 5268 262 67 5785 7942 8299 2449 2419 4862 4944 3968 5148 3919 8634 2875 1596 5169 6595 7439 7039 2389 6003 546 7074 3874 4371 6463 6147 1914 5598 4372 4710 1339 172 5669 1976 7636 2357 8349 7997 0 912 915 117 6033 2722 2771 5587 5147 1883 4751 4428 137 6521 5837 3731 2127 7054 5885 3875 557 3120 449 6650 321 2897 3788 6847 826 6293 9924
5412 1922 528 4070 4021 1612 5235 6634 8937 6355 3152 3635 1309 9623 9498 2553 3444 2422 8092 518 6919 2709 4791 3928 9762 5652 1633 3006 5758 1232 5589 7700 6239 6669 8654 2364 3524 4127 2029 1700 4102 8829 9699 4168 7823 251 4254 2815 938 4178 6202 92 9247 3159 1558 4530 9741 2504 3703 207 3598 7554 8863 7543 71 3066 6409 979 916 912 0 9870 515 8117 8818 3804 3628 33 9246 4883 1988 4366 8635 8057 2178 5550 3523 728 6886 1932 3873 5849 6682 2066 3381 5958 4759 6861 2319 8815
8686 5313 4151 3231 3410 8187 8531 5706 2056 6724 1329 5435 4149 4181 5581 1168 989 9427 3394 7714 6284 9507 7392 3331 3256 5663 3466 5202 358 3967 9389 7398 8862 3175 9106 806 6583 5090 213 5100 4483 4984 9633 1610 8100 4695 1233 4076 2919 6150 6232 784 6018 6646 7763 1711 9082 5099 3942 8960 4540 5184 2989 9391 7798 2836 3292 8152 8604 915 9870 0 7542 611 6232 5325 645 1234 4275 29 3406 7209 6739 8662 6287 2849 9909 8180 8506 9860 5212 8650 7643 8062 6668 7896 9651 6717 2947 9675
2520 96 1911 3398 531 3861 7499 9121 755 514 195 128 7669 8634 9039 8262 9990 2574 8464 8652 7596 5836 2841 3171 9982 858 6937 4302 6013 5861 4532 7516 6197 7737 672 5220 5887 4240 9684 8454 8997 9477 47 5283 7990 9494 1698 7707 1390 8749 6102 3217 4978 2108 9174 3096 8960 349 8762 4043 5154 2933 8143 3174 3237 6977 3225 3650 3605 117 515 7542 0 7083 2785 6073 9470 9911 8348 8006 8266 917 8999 2168 5674 7105 7875 455 1895 7205 3806 901 1443 6767 3394 5225 9820 8697 3880 5032
5388 643 6323 9211 1820 3591 43 7816 8702 249 1902 4506 2351 4366 8175 3470 9856 5308 5402 5270 8120 1530 8043 4669 4933 4117 1797 5968 3360 5476 3283 4612 5529 5007 967 9045 112 439 6389 3782 41 894 4584 8108 7504 91 7660 9038 870 9335 5453 6719 4931 8357 4692 297 6771 6763 6278 9547 6711 814 6209 8885 3039 6258 4527 7779 5284 6033 8117 611 7083 0 1532 9225 4197 8390 4257 9616 7617 3873 7066 6469 4155 1063 1267 2298 4155 3074 5523 7498 3285 6594 7445 993 103 3147 1152 2058
2639 635 5893 243 2717 8520 3037 8384 5878 2139 1935 237 22 3436 1754 3388 308 8165 9550 4646 9780 9753 2449 5042 753 978 3109 1639 2996 7932 788 4091 6668 8448 9612 2405 7278 7511 9959 4267 3689 4727 7531 7513 8873 40 8164 1773 4345 1287 4878 3365 7921 6702 7187 1667 26 8028 207 7 2102 9293 9718 7740 8521 4933 5803 2714 9252 2722 8818 6232 2785 1532 0 5922 2906 5553 7748 6201 6274 9970 1703 5496 3980 9131 5232 3478 4960 2763 9015 9307 7447 4707 5623 7098 9329 1734 9603 2251
1769 6741 8150 6741 849 1933 6024 7003 3838 1335 5996 2471 5603 1113 2112 8202 1209 2434 3233 6912 557 6532 4480 1927 7735 1220 4698 762 6983 1912 2642 5098 6624 5344 4422 4505 3390 7924 9448 2013 9853 8484 1336 5465 6692 703 5760 8280 596 9816 4474 5895 224 4148 2661 4223 7918 4263 2142 7335 3725 7824 8246 6891 8363 4497 1170 9732 9152 2771 3804 5325 6073 9225 5922 0 4835 3823 2462 2232 1536 2948 7249 8004 5233 7226 9127 6337 927 22 3788 6332 8990 6386 3305 1744 7431 2107 6291 6729
1482 4552 8508 5006 8464 2371 5710 5900 303 550 2514 3621 533 7691 1817 9623 3439 7771 3091 1958 5450 5212 1159 8830 7477 3902 3335 9952 1662 7426 1016 356 5120 386 4166 4455 585 431 5354 4570 5361 4662 7153 8301 7197 2939 8877 4965 3289 8412 7242 4774 2987 1134 4627 3102 960 4155 1674 7430 8530 9532 9898 3213 1485 9785 9629 5577 267 5587 3628 645 9470 4197 2906 4835 0 5974 8888 3384 1386 8566 8509 8688 9684 6149 3819 8213 7142 8713 1758 3928 9916 5491 8389 3592 5406 6870 7149 4462
5060 7643 2384 5230 775 7918 1538 1951 9577 9019 1237 6065 4151 2823 7735 463 5148 6718 1709 5657 4984 3265 6575 9552 3582 9194 9657 4301 7753 4598 4906 1212 5930 1520 3407 4049 9470 171 2826 9739 8959 2984 1797 2281 2512 714 9915 6615 1360 3602 8826 148 8965 2306 2231 5696 7308 5024 5436 1465 9412 7211 7637 5515 4466 8566 1954 8255 6596 5147 33 1234 9911 8390 5553 3823 5974 0 8713 4662 5677 3709 6040 3710 3455 7454 3071 6073 5631 9237 8908 7024 3423 1095 3633 3778 1284 9348 801 10
2235 4870 3504 5945 8030 8414 3030 6132 5948 8958 4490 6502 813 9516 6790 7254 8084 3258 6805 2866 8232 3135 6688 5755 2028 972 9926 671 8599 4914 5757 9870 9689 7656 4552 7505 3889 9258 1753 8844 2181 8870 3776 4934 938 1418 2298 4670 5067 2635 3840 1942 7888 8337 3852 3887 5840 9803 8479 8751 916 3766 1573 5318 160 798 3943 4270 6167 1883 9246 4275 8348 4257 7748 2462 8888 8713 0 3287 3550 8489 3447 8813 2141 9623 3551 253 1657 8549 7850 6835 5602 8827 7437 2869 5929 6181 5261 9839
5157 9509 8126 2550 4792 2033 3300 9462 7997 2559 4287 5419 8254 670 7004 6776 9725 5107 4342 1646 3579 2525 6561 6123 5517 6033 1649 89 5134 6114 6264 9926 5279 5658 4047 6542 8750 2080 4597 959 8133 4868 6087 3989 5206 9174 823 7203 3978 7584 3465 8868 1892 9682 5248 5469 2070 3854 4919 8449 4672 4307 9141 6678 8862 6329 5768 4593 1965 4751 4883 29 8006 9616 6201 2232 3384 4662 3287 0 6351 2581 7230 4433 6491 7510 6806 4568 9594 5187 8781 2165 4648 7092 2117 9162 2434 1873 3997 1906
7714 8953 5975 127 4628 7003 7906 2182 6502 6766 4521 1351 283 6341 1946 632 1429 396 8066 9345 9785 4599 9984 9627 3586 4490 6218 3612 8704 6224 9988 1996 5181 3862 5732 2193 3900 8518 2099 9910 7984 8224 6359 1252 6550 4223 924 5664 1116 4352 686 7465 7134 900 8300 5965 4305 3928 1948 9637 2469 5123 4174 2535 5207 1461 4613 5139 821 4428 1988 3406 8266 7617 6274 1536 1386 5677 3550 6351 0 8005 5925 1153 8148 2116 1028 8649 3478 7800 2872 5098 6370 4911 2280 6330 2406 1877 9137 7637
3967 5689 135 2669 2766 4884 8843 8830 9414 9336 9611 5612 9426 1014 9194 5331 1690 4881 8626 7951 4309 4084 7852 108 3555 2495 4018 4339 7892 4693 639 8874 2844 5267 6439 8304 9048 4765 1410 3007 2511 3063 6054 4729 3109 322 4351 8177 9920 1133 4152 5551 3804 74 9865 210 3892 8057 4751 3595 9273 4679 6346 5882 4764 3849 3626 9898 5296 137 4366 7209 917 3873 9970 2948 8566 3709 8489 2581 8005 0 7799 5633 4510 4487 3615 5868 4662 2639 608 2132 4279 1461 1693 3677 6840 10000 5626 9421
