100
0 2465 5392 1895 590 2967 4397 4114 5890 5488 8067 5184 4961 9707 6951 8177 558 5033 6177 745 7591 5036 1990 3878 1312 8110 652 8550 4829 1627 8168 9540 7373 8534 939 4918 4205 2635 6372 9103 4430 7104 7272 7350 9573 5648 631 6694 1661 5336 439 5292 5140 1127 7120 904 9288 5714 6205 717 2358 4895 459 1880 1781 8335 7547 6323 8729 2413 3429 4132 81 3415 8406 2933 8179 6122 3650 6804 772 8282 9948 2297 3804 3953 9124 3681 8118 1892 5241 7194 1917 3129 3504 3521 2437 8636 5695 6483
2465 0 9627 8839 8699 498 3610 2742 8387 942 5821 8262 6359 3302 853 1723 8864 6849 1453 4912 4643 277 8265 7331 7161 212 5126 823 3652 2442 783 1622 3314 1632 1653 4372 7013 8125 728 2228 5085 8825 4743 9018 4299 3171 9992 426 3534 7788 6733 672 6618 7486 1292 677 1072 5799 3454 927 1911 9676 7076 9517 7507 359 681 9531 3513 4499 1542 258 696 5296 6998 8945 267 669 430 3361 2928 1942 7879 5458 124 2647 3427 5195 9155 4207 6059 2521 7138 8719 7149 6162 3025 7669 5296 6308
5392 9627 0 3480 7358 7003 7863 8335 5023 3943 97 5504 5826 6604 8675 1642 2437 3180 6213 8524 3634 3305 7763 1598 7990 260 4019 4772 1542 96 9166 2580 6673 5790 6163 7127 7758 7376 2148 674 4274 3682 9583 5503 2981 9066 5069 3491 3457 7144 8646 3134 4087 9853 8522 6841 6844 8200 7962 5007 8038 4911 7607 6083 5339 4026 8333 6004 4643 489 6680 2382 1995 3369 5192 7066 1715 9564 6314 1219 7563 3738 406 3169 4140 5469 1779 4175 9424 2502 5807 2407 2698 155 1281 9774 9269 5947 2246 8055
1895 8839 3480 0 4341 9697 2230 8091 4187 6600 6289 5969 2431 8768 8130 2668 9308 275 2364 6970 5920 1439 6139 1138 421 775 2878 4168 742 6808 142 5081 361 2804 9431 6944 9109 2808 9107 924 834 6881 4660 5719 7433 1977 3718 6944 7127 4617 691 4071 6406 3583 5331 6721 3855 1574 7606 1387 9881 7836 4253 8167 9062 8777 7467 8677 4635 8989 9312 3417 6811 6930 2773 9153 3662 3804 6105 4603 2308 2828 3719 8034 5420 1148 3926 8086 235 1746 3496 6081 8060 5393 7381 7246 8498 6902 7590 8885
590 8699 7358 4341 0 1106 3555 1728 7511 4786 7013 8669 3020 5426 8396 6548 5707 717 7426 64 7586 3214 1564 4643 5640 5664 3935 2984 3641 8893 1283 1798 4081 5197 1391 5146 5182 8159 7187 3137 8700 3189 9026 1496 3218 4591 8568 1364 9120 6634 2639 5761 5180 1248 3629 3605 29 8774 2884 7552 1971 6490 9884 153 7873 6438 5119 9271 1034 7688 6760 6089 3916 2612 3853 5909 9047 6844 3080 5120 6038 1339 9230 4111 7368 8883 666 7912 7655 1248 826 7165 9040 9445 7064 2502 5882 7568 347 6479
2967 498 7003 9697 1106 0 1500 3233 2664 4825 4135 8930 4488 5463 3055 8390 1461 111 6376 6052 8677 5783 9584 8285 8432 4546 2611 3499 4029 159 8446 5776 8374 1559 4321 51 799 5582 4120 7270 7971 2904 466 9014 5303 9524 96 8678 5552 2934 7675 8096 4625 2723 4035 1665 1567 554 9189 5578 85 2245 1791 3012 1741 8464 9076 6476 5716 5502 4922 8592 9787 5026 882 515 5528 3207 4298 5145 6284 7353 3512 7728 2835 2713 650 100 7084 5106 8107 9319 2375 4234 6756 265 8594 4240 4369 3315
4397 3610 7863 2230 3555 1500 0 7383 1233 4446 9573 9876 2660 9281 6799 2106 169 5193 7500 6970 6462 7178 9598 1619 6953 2070 1568 2645 2212 9546 704 3155 2319 2221 4976 8889 6171 5041 2448 327 7171 7458 8173 1262 7170 7097 6475 2334 1062 2594 5652 1210 3724 4548 2752 1998 9529 8535 1632 927 2220 9845 9606 5231 3204 2437 6147 867 7812 3383 447 1357 1708 3013 9173 6377 1929 7414 2166 9009 7599 1070 337 2149 887 1250 3157 5801 1200 6916 2727 7262 1051 2017 834 3286 6397 5246 5021 2856
4114 2742 8335 8091 1728 3233 7383 0 3567 754 4632 8765 588 9962 6392 9267 4087 8501 5422 8322 3269 5847 3296 3449 790 759 464 6701 1111 6471 8959 5939 7089 411 6678 9004 6078 1086 9975 8008 7968 9898 420 8033 6106 1654 5937 1725 4545 5112 1294 649 8808 3667 4245 5124 9541 9592 321 8882 1935 596 8174 5527 8297 8653 7671 6184 1911 9221 3051 5261 5336 8685 1701 3980 5181 466 673 9706 855 1551 5378 3265 3404 5277 8798 3015 6557 37 7788 1897 8355 3563 6850 753 7537 7557 3049 1276
5890 8387 5023 4187 7511 2664 1233 3567 0 1965 6484 4700 6771 1027 4944 9545 8148 6183 7415 3600 6542 2061 3324 1992 9761 5781 3086 6352 8969 2328 6511 6279 161 8845 4617 3859 5917 9517 8524 1926 4032 9083 2883 4705 1892 7337 3073 6840 9786 2702 2030 3621 8531 6730 532 3514 7648 3314 8566 4340 924 5758 9496 5961 1840 4769 9579 3700 6990 7712 1233 2666 3233 9710 6717 9477 2943 1205 2599 6361 4600 4164 2930 3331 3102 6444 6190 1638 4152 573 424 9529 4483 672 2811 2667 971 1734 8998 705
5488 942 3943 6600 4786 4825 4446 754 1965 0 176 2180 4368 4016 5089 8499 2356 7862 2012 1353 3288 8938 9277 8623 3316 1696 2177 1668 5287 5465 7131 4458 8962 3924 1836 4252 82 7457 3270 2600 2336 1284 1398 9583 6338 7186 8004 3180 8801 8491 4309 4818 1222 7613 204 630 2004 1918 8145 8184 4597 6792 8414 2909 192 8698 3050 8438 6896 5173 6810 2940 4899 9247 7914 4324 6999 5018 9678 2572 8967 7160 6978 4041 7184 5514 1187 5896 2603 5557 5262 6945 8846 1827 1421 7644 6848 3455 3996 6135
8067 5821 97 6289 7013 4135 9573 4632 6484 176 0 2981 3203 6670 875 313 4464 8772 6866 3346 6701 2326 8477 8819 5728 6256 1824 9596 6398 657 4778 2116 1725 5803 6418 2078 3479 9544 3263 9684 960 1114 3713 8909 1883 2079 6922 1334 7055 9112 8626 3413 6443 557 5765 2569 4684 6504 3652 9541 9021 3466 1922 9116 6108 1328 7488 1480 1115 6477 1556 3493 5644 2901 835 6179 5879 8016 8564 5939 5291 4284 5496 9661 3623 5069 5597 1419 4896 2775 6266 6543 6048 4506 9574 7088 2480 2189 2982 9139
5184 8262 5504 5969 8669 8930 9876 8765 4700 2180 2981 0 968 3446 6667 5773 7321 7550 3951 2097 3268 1443 3195 3228 3106 2477 9558 2485 7324 7547 8610 9778 4158 5913 4732 826 1150 6440 4410 4005 9675 8243 6737 4747 8644 8100 356 9081 3223 3333 1074 6242 1081 477 4120 7548 4666 775 2614 2826 5233 4050 2057 2887 6242 2631 6496 6100 4406 6530 9537 170 3291 7112 9133 8836 5679 7645 9547 5560 766 9662 4497 3794 7352 1339 6812 5647 9491 5849 5391 252 3191 8622 737 8801 7183 5881 5851 3784
4961 6359 5826 2431 3020 4488 2660 588 6771 4368 3203 968 0 1332 9608 570 2939 4918 2511 6880 3820 2088 8098 3758 7297 4437 3617 9397 8534 3971 4999 1961 3965 8168 9658 9221 6016 2606 6134 6751 2527 9447 3954 6970 3704 564 1976 4521 1570 9954 9263 673 7300 678 6581 9304 5782 7126 8936 4620 9546 133 2457 1698 3971 3145 7561 3021 5106 268 9332 4642 2592 947 2010 4909 9952 9907 5744 2681 9287 2616 194 7035 6577 3969 65 1424 9549 2841 4748 2030 7448 2216 1947 8769 1284 6676 7514 3474
9707 3302 6604 8768 5426 5463 9281 9962 1027 4016 6670 3446 1332 0 9291 9763 1792 6472 745 702 1580 91 8173 5757 6409 627 3463 7934 7855 812 1499 2745 1738 7163 9718 3971 9858 2217 7613 8604 1393 1028 2140 8676 5997 2478 2476 9139 7024 7050 3053 7755 7617 8801 4790 5489 2049 1948 6081 1610 7039 5604 5483 880 9160 3188 4637 6922 9151 4684 4390 4342 9630 646 7578 2682 2661 3495 4652 5054 4081 397 5208 3410 1814 8074 7495 4085 5641 5256 9087 9315 26 6157 4771 8424 4308 2008 6752 4511
6951 853 8675 8130 8396 3055 6799 6392 4944 5089 875 6667 9608 9291 0 471 1557 4444 1129 2989 5928 3311 4598 3942 2348 9291 7969 3415 2986 1438 618 7542 1562 3438 1168 3299 6777 7816 7584 6641 439 9934 5660 1604 8502 2103 8617 4853 143 1530 5436 7092 7897 6345 473 6511 8412 3168 9284 514 5608 9474 8693 52 877 6234 1950 1154 2530 5032 7492 1109 5747 8856 3694 6227 3382 8392 631 7017 796 3779 2624 2086 9981 480 4749 6514 9506 8887 3438 3437 6897 552 7460 5824 4463 6813 3012 9256
8177 1723 1642 2668 6548 8390 2106 9267 9545 8499 313 5773 570 9763 471 0 8204 7720 8280 8917 5539 582 9358 1769 1196 8488 4943 4634 1561 1241 4567 8858 7861 3350 3696 9661 7962 6633 8779 5100 8950 7030 8482 8742 9749 9560 1361 6897 25 4859 5855 3420 6220 9013 7831 4488 4160 8161 9439 7981 6020 9085 4588 904 2070 9066 6602 9932 6653 5729 9375 1280 9481 2199 2920 4598 7177 8103 2823 8932 7031 6374 2299 5740 6495 2219 3044 4790 8448 4065 4864 4797 6399 156 375 5946 1022 8596 2715 9495
558 8864 2437 9308 5707 1461 169 4087 8148 2356 4464 7321 2939 1792 1557 8204 0 9001 1719 7263 8517 674 6120 7280 4519 897 9950 6275 6252 1224 3946 135 5456 3716 3560 5949 9988 623 1278 4020 9682 8596 9503 9860 650 3795 1859 1535 7866 5504 1535 406 3544 1437 2212 7597 5499 8727 3884 9444 6099 6102 6758 4272 8627 8242 9312 203 79 3956 4628 1727 3418 5284 9912 1181 9563 5681 5976 6950 4828 5567 5811 3789 3363 8722 259 7613 7065 7073 36 9285 6204 7578 3063 6907 269 4699 2939 3903
5033 6849 3180 275 717 111 5193 8501 6183 7862 8772 7550 4918 6472 4444 7720 9001 0 2334 7575 8003 858 3214 5125 8966 7527 3638 9598 6039 3950 8686 1094 229 9944 4811 1906 8553 6088 352 4364 7841 8379 8289 4098 2179 7734 4849 2682 4282 2045 2573 8800 9717 9170 7416 4926 3756 9290 2362 9741 5407 8147 7188 2157 1767 3577 4898 1010 2717 2943 2226 7438 97 7216 5968 4864 2308 3397 1053 7450 4123 8595 4586 2034 1090 5657 4445 6041 106 9080 3161 1258 6808 7478 4322 766 7201 9585 8436 9374
6177 1453 6213 2364 7426 6376 7500 5422 7415 2012 6866 3951 2511 745 1129 8280 1719 2334 0 7023 3539 5523 4156 6533 6200 2499 7635 8834 3967 3915 4320 3824 7730 1616 4181 3364 5807 6051 8999 6562 6533 4598 8193 2501 1101 3864 6332 9722 3231 4143 1047 7835 2443 9824 3952 2457 6637 5244 7888 5640 9069 9872 4167 4199 874 1723 8062 4445 3303 4738 4916 6074 6374 2110 7284 9461 5387 6682 6412 2676 874 9821 5042 6334 3265 5853 8288 3126 7755 4985 2574 6861 7799 3581 1869 1705 4572 7868 4808 6053
745 4912 8524 6970 64 6052 6970 8322 3600 1353 3346 2097 6880 702 2989 8917 7263 7575 7023 0 8109 6042 2971 9931 220 6685 7501 3788 3305 7505 6912 4702 7573 6528 9660 5521 9885 1226 3385 2711 2355 7171 4228 5496 4759 530 9063 8424 8982 3725 2839 7173 1832 7240 7586 8398 7805 1085 5160 4548 2361 2064 1718 7072 5969 4661 6781 7054 3815 4514 9680 9228 9303 835 2068 3373 9598 5743 3670 3385 8735 855 8940 9977 8365 5511 1061 5000 2496 3207 6917 6627 3082 2255 4256 5085 1302 269 5418 4406
7591 4643 3634 5920 7586 8677 6462 3269 6542 3288 6701 3268 3820 1580 5928 5539 8517 8003 3539 8109 0 79 2754 8015 6608 5461 5602 3217 6116 7839 5096 1746 4745 576 9382 7117 8069 2578 1614 7656 8685 6181 7210 1756 9335 4138 5886 1841 335 7080 9041 3395 5738 6956 5713 7388 499 568 2977 90 238 1540 3935 7386 4983 3493 669 4326 4445 9595 7140 2082 4307 4382 5642 2516 5797 7900 7245 7664 2870 3130 2826 3901 4176 6284 5051 944 4944 6971 5240 460 8828 3280 7222 2205 3146 2935 2439 5963
5036 277 3305 1439 3214 5783 7178 5847 2061 8938 2326 1443 2088 91 3311 582 674 858 5523 6042 79 0 7550 6180 3798 601 8855 4721 817 5218 9168 3743 6101 859 5325 722 3544 3944 5040 5036 1648 8568 1530 448 8872 8401 9347 4039 965 9109 8590 9960 9421 2806 3409 130 9976 1167 381 7182 8548 2518 5200 5069 7016 3617 2080 8656 9253 1390 8970 4478 7465 2767 5215 606 6048 6251 9138 6537 8072 1314 602 6151 5519 8908 5089 9318 1891 456 4583 7960 2178 5810 5326 8063 9203 9648 9640 252
1990 8265 7763 6139 1564 9584 9598 3296 3324 9277 8477 3195 8098 8173 4598 9358 6120 3214 4156 2971 2754 7550 0 3534 3305 2939 4195 6638 2208 1976 2592 9726 4963 6673 6034 8291 9428 1081 5919 4558 9772 4315 6134 4906 8266 5791 3231 5092 7482 2130 9772 8537 9557 8774 1311 6664 6179 6000 9850 9131 4992 7568 3045 759 4722 2309 5004 6101 315 6927 1476 1268 8997 5091 4830 7662 838 1106 7395 1960 1898 8905 2093 5309 7295 8622 7247 4183 3164 7825 5713 5018 7833 4881 8763 432 2238 423 6482 1299
3878 7331 1598 1138 4643 8285 1619 3449 1992 8623 8819 3228 3758 5757 3942 1769 7280 5125 6533 9931 8015 6180 3534 0 9970 4646 7649 8672 1502 3309 8179 1383 6578 3831 887 6972 2394 1910 5436 1498 7543 123 7838 5688 8008 1748 725 5833 5574 4564 9017 714 6276 9252 415 7003 6024 3630 1189 2013 9070 7373 2142 5933 8404 4316 6281 7112 2579 313 252 1895 8738 3564 2385 1608 7812 7896 2207 8401 731 7948 2070 4071 2670 5199 9288 5654 336 6411 2724 7042 5478 2328 1009 5201 8041 1581 4306 7945
1312 7161 7990 421 5640 8432 6953 790 9761 3316 5728 3106 7297 6409 2348 1196 4519 8966 6200 220 6608 3798 3305 9970 0 6412 6505 4691 8662 8398 5460 9098 2089 9888 436 1787 367 2058 1234 9525 2957 9139 4725 6363 4001 2014 2141 5801 5501 3597 8606 7338 863 494 22 8784 5993 9344 3833 3900 5954 6623 7969 6724 1591 5433 5059 3965 7583 9230 3627 79 7763 5923 6326 4169 9939 6890 5919 5276 4594 3457 7072 1664 8293 2162 313 2929 6317 288 790 6799 3214 4997 7349 3705 1073 9832 9495 2187
8110 212 260 775 5664 4546 2070 759 5781 1696 6256 2477 4437 627 9291 8488 897 7527 2499 6685 5461 601 2939 4646 6412 0 8337 4859 2413 2262 5717 8181 6134 6607 8860 2611 765 6363 6250 2533 2854 220 855 982 6103 4465 5358 8585 8366 6553 6844 7772 1598 1855 2237 7857 9574 4934 5227 5416 7280 8551 6304 6828 657 777 1369 4828 6531 4806 81 4833 9053 8289 4753 3056 5538 3703 2197 4199 4463 9074 9209 9838 1699 9633 5932 2445 4115 4495 9147 7260 6819 8010 7394 3545 5563 3887 3944 3039
652 5126 4019 2878 3935 2611 1568 464 3086 2177 1824 9558 3617 3463 7969 4943 9950 3638 7635 7501 5602 8855 4195 7649 6505 8337 0 9337 6057 3612 6694 3474 9183 7582 5898 54 4054 5366 3155 2325 5543 1340 9525 8387 9784 1327 8807 7860 5515 5260 8648 2167 5603 961 887 9477 18 6560 8107 6368 2931 4745 8150 2137 248 8746 3558 781 9855 7814 9435 8457 9979 6167 2683 4256 4625 7581 2068 1534 5979 2458 5533 8137 558 1654 8952 2065 5349 179 993 9325 5381 1729 3115 9384 7084 6951 6451 2177
8550 823 4772 4168 2984 3499 2645 6701 6352 1668 9596 2485 9397 7934 3415 4634 6275 9598 8834 3788 3217 4721 6638 8672 4691 4859 9337 0 2442 9150 8344 6307 5268 3480 9133 3180 9936 8051 5863 8402 7952 3930 1722 9059 6800 6660 8826 6527 9916 4316 6182 6778 3544 2898 9425 8508 5438 575 4910 7279 5632 3118 4425 3955 3132 1876 817 983 6639 8733 5948 9640 7438 5778 9088 6658 7169 7898 6576 8191 4911 8652 7018 3619 7530 2712 148 9186 895 4544 1578 6729 6907 5916 9548 7782 4302 9399 7150 3959
4829 3652 1542 742 3641 4029 2212 1111 8969 5287 6398 7324 8534 7855 2986 1561 6252 6039 3967 3305 6116 817 2208 1502 8662 2413 6057 2442 0 3480 9761 3485 387 1503 1335 8614 4610 1854 6584 6187 8667 8714 3870 6105 4116 6542 4684 4480 4412 4336 8789 4438 7623 7075 6863 2211 2889 6695 3499 3425 5170 4022 1576 8856 9029 8162 2948 3838 2382 9203 2217 4746 294 3712 6821 6091 9231 2449 4589 729 9520 4300 9592 6451 4854 3751 6130 4964 9738 545 6602 5648 135 9586 6390 152 9202 9739 4823 2881
1627 2442 96 6808 8893 159 9546 6471 2328 5465 657 7547 3971 812 1438 1241 1224 3950 3915 7505 7839 5218 1976 3309 8398 2262 3612 9150 3480 0 661 49 5857 8174 8068 3357 3261 7574 3668 9324 6644 54 5201 5922 7011 2195 8289 6277 8776 8744 9439 7402 7176 7422 4007 3275 3359 7592 3535 2856 5586 384 6266 8879 6166 3724 402 2327 9797 8186 3442 7162 7673 1807 1725 9107 9595 7766 7628 1856 8815 3130 318 5893 8705 704 8975 800 3531 3844 5567 2813 1725 6184 7967 2209 2846 3176 9377 930
8168 783 9166 142 1283 8446 704 8959 6511 7131 4778 8610 4999 1499 618 4567 3946 8686 4320 6912 5096 9168 2592 8179 5460 5717 6694 8344 9761 661 0 2718 8702 5306 8613 8076 232 5186 7599 6447 1167 5513 2392 4145 9249 2502 6627 658 1114 7822 8921 4210 939 6241 7495 3537 2578 4795 1506 8422 756 430 4964 4585 4538 1160 489 180 6618 72 4560 7298 5984 4739 1465 8779 4214 7553 531 4788 8068 3907 8616 557 7511 4011 5545 15 7551 1509 3498 2455 9537 9243 5683 7215 9614 7629 4050 9316
9540 1622 2580 5081 1798 5776 3155 5939 6279 4458 2116 9778 1961 2745 7542 8858 135 1094 3824 4702 1746 3743 9726 1383 9098 8181 3474 6307 3485 49 2718 0 5457 1070 8686 2922 429 996 2311 2969 6316 672 1359 3402 5024 8795 669 3032 335 1538 3257 4893 1399 9302 8544 9749 8976 8252 595 6424 5476 932 5525 7976 665 9997 2422 7710 7025 7110 7946 1609 6401 8146 1591 5287 6118 4312 6334 5148 3550 2834 6468 4576 7014 4378 7843 9424 3967 2093 8247 5200 8868 1114 2096 3989 8777 6856 4163 5373
7373 3314 6673 361 4081 8374 2319 7089 161 8962 1725 4158 3965 1738 1562 7861 5456 229 7730 7573 4745 6101 4963 6578 2089 6134 9183 5268 387 5857 8702 5457 0 5938 5576 6582 5320 5852 4130 1507 9472 7123 9821 4435 1104 5489 6110 1810 9298 1329 5612 3383 6571 1274 3924 7477 176 6461 2416 7733 3275 3834 8215 5715 82 1136 376 15 2373 4895 252 1031 9929 485 623 1679 506 9063 6686 1612 1693 448 713 4292 1955 1164 560 5678 8978 3991 7008 1052 9288 9564 5309 2692 6142 7446 2140 9973
8534 1632 5790 2804 5197 1559 2221 411 8845 3924 5803 5913 8168 7163 3438 3350 3716 9944 1616 6528 576 859 6673 3831 9888 6607 7582 3480 1503 8174 5306 1070 5938 0 7678 2070 9851 6182 3066 7374 5820 1300 5855 4235 1909 466 3039 4117 4170 8687 3788 6777 8478 2597 6172 5857 8939 3536 4095 1787 1273 2374 3085 8868 3172 8628 5415 112 2251 913 1873 1288 147 1197 6276 3517 1118 8381 3618 371 8930 5315 9116 8825 1606 4069 628 290 1340 5918 5219 8670 6233 7256 8322 9881 1640 8419 1020 2258
939 1653 6163 9431 1391 4321 4976 6678 4617 1836 6418 4732 9658 9718 1168 3696 3560 4811 4181 9660 9382 5325 6034 887 436 8860 5898 9133 1335 8068 8613 8686 5576 7678 0 1819 4039 9341 7354 5520 8250 9005 1822 3618 105 3501 1944 4879 2425 5890 9385 8358 7738 1052 1211 7015 1550 8266 7191 1523 2697 9928 3703 7971 6594 7838 4385 4386 2180 3016 6838 7135 289 8635 7399 107 3405 6755 5727 2126 2386 8286 2650 5840 3673 8164 6447 7916 9819 5861 2830 6899 6646 3000 7600 2256 8797 8278 1488 2903
4918 4372 7127 6944 5146 51 8889 9004 3859 4252 2078 826 9221 3971 3299 9661 5949 1906 3364 5521 7117 722 8291 6972 1787 2611 54 3180 8614 3357 8076 2922 6582 2070 1819 0 7052 8118 9737 9541 3643 5709 3144 7889 6859 182 7361 7910 8357 9664 6249 726 5264 4496 979 9581 9747 7393 548 3600 2732 9373 3656 6786 4438 3078 4770 9677 8902 6991 1826 3752 6685 7495 4554 5782 6225 6952 4689 6251 6639 5128 9421 6674 6697 1658 8829 6421 2076 7052 3411 8167 3385 4455 597 6266 1523 7366 9321 2283
4205 7013 7758 9109 5182 799 6171 6078 5917 82 3479 1150 6016 9858 6777 7962 9988 8553 5807 9885 8069 3544 9428 2394 367 765 4054 9936 4610 3261 232 429 5320 9851 4039 7052 0 4708 7325 289 4058 4645 9857 6198 194 353 5764 6682 6753 6974 5344 7557 1612 4731 3678 7147 4858 5366 4406 9882 4968 1833 6991 264 9631 7853 32 3228 7230 1478 694 5330 9561 6688 6540 5903 9053 2145 7815 8856 3350 8584 4409 7178 8703 3197 4815 6022 306 8317 6046 9694 198 4322 3188 3184 4865 1542 7023 6927
2635 8125 7376 2808 8159 5582 5041 1086 9517 7457 9544 6440 2606 2217 7816 6633 623 6088 6051 1226 2578 3944 1081 1910 2058 6363 5366 8051 1854 7574 5186 996 5852 6182 9341 8118 4708 0 9035 5707 7611 6232 5837 2368 9917 6279 2546 571 1871 1003 6399 7656 5385 7375 1808 1617 5830 1417 7434 5194 8125 9085 5864 6689 7433 8931 8991 3282 349 1472 4313 5198 3831 8266 6334 3191 1275 543 3013 5534 5654 3429 4245 8625 8704 5856 75 7437 6338 2564 8840 9166 5019 160 9419 27 5967 8391 8950 5739
6372 728 2148 9107 7187 4120 2448 9975 8524 3270 3263 4410 6134 7613 7584 8779 1278 352 8999 3385 1614 5040 5919 5436 1234 6250 3155 5863 6584 3668 7599 2311 4130 3066 7354 9737 7325 9035 0 7665 5949 5228 9854 4829 4260 3707 3064 9711 3027 5264 7219 9464 2 9994 778 1959 9957 6358 6827 4768 2123 7689 9034 853 6469 1577 4908 4094 5839 894 7223 9112 9617 9210 1550 4431 6396 8956 5375 1473 4393 8631 5613 3825 9944 216 3523 828 8155 9151 9199 8897 9210 278 6592 1092 1351 1047 5037 5396
9103 2228 674 924 3137 7270 327 8008 1926 2600 9684 4005 6751 8604 6641 5100 4020 4364 6562 2711 7656 5036 4558 1498 9525 2533 2325 8402 6187 9324 6447 2969 1507 7374 5520 9541 289 5707 7665 0 5363 7595 9452 3984 9635 4195 9870 9249 7700 2685 8022 397 2178 5664 514 3636 221 2763 3533 4116 2506 6140 5084 6869 4831 5209 6063 6409 6824 2182 7755 5297 9666 8998 9670 4865 7275 9086 3061 6007 9841 4262 7922 8491 8885 1313 632 6776 8173 1685 251 9640 9188 9541 7679 4842 5440 7666 6946 5939
4430 5085 4274 834 8700 7971 7171 7968 4032 2336 960 9675 2527 1393 439 8950 9682 7841 6533 2355 8685 1648 9772 7543 2957 2854 5543 7952 8667 6644 1167 6316 9472 5820 8250 3643 4058 7611 5949 5363 0 1668 2444 2654 8041 441 4405 1265 5369 2406 6953 3088 3451 9054 6726 5005 6290 7055 2049 2724 6648 701 2056 1874 9189 3967 7878 4747 5157 7571 5861 6817 4062 419 5116 7434 3354 5066 1014 9565 8886 5706 1687 2318 2581 4976 3511 9393 1354 2665 5679 5475 2442 9215 5484 7622 4665 416 4437 986
7104 8825 3682 6881 3189 2904 7458 9898 9083 1284 1114 8243 9447 1028 9934 7030 8596 8379 4598 7171 6181 8568 4315 123 9139 220 1340 3930 8714 54 5513 672 7123 1300 9005 5709 4645 6232 5228 7595 1668 0 4657 7838 8393 3290 9177 7243 2176 7245 2663 776 5814 3284 4792 1272 3795 3841 1012 4550 8600 8704 1907 699 892 2395 6434 6096 9308 5845 4629 1380 7508 5258 5082 8661 209 1579 2470 2295 1662 1536 3707 8807 6890 7452 1111 5012 4567 9688 8787 5399 2835 2458 2396 6242 6591 6141 8725 1912
7272 4743 9583 4660 9026 466 8173 420 2883 1398 3713 6737 3954 2140 5660 8482 9503 8289 8193 4228 7210 1530 6134 7838 4725 855 9525 1722 3870 5201 2392 1359 9821 5855 1822 3144 9857 5837 9854 9452 2444 4657 0 5858 6828 5477 3792 7316 3485 2978 6948 4225 7102 1209 2568 7622 312 9054 6552 9057 9275 960 6940 4228 4836 5865 8004 6943 1337 1987 8952 7605 8383 3831 9406 2711 4219 5016 988 7801 8056 9888 8036 9329 2843 9907 4298 6720 1909 5703 797 3079 7980 4933 5037 2927 7358 5173 426 5026
7350 9018 5503 5719 1496 9014 1262 8033 4705 9583 8909 4747 6970 8676 1604 8742 9860 4098 2501 5496 1756 448 4906 5688 6363 982 8387 9059 6105 5922 4145 3402 4435 4235 3618 7889 6198 2368 4829 3984 2654 7838 5858 0 400 1194 7509 1231 3638 2093 2637 8371 9525 2448 7926 1244 4672 6439 2846 7168 8311 6529 2644 353 7394 9967 3974 8903 9883 4593 5567 9479 1341 202 1382 6407 4958 3823 9965 5932 4762 1739 4266 3958 1662 5603 2479 4290 1783 2196 1617 2896 5665 518 7738 7017 9496 6125 7613 8458
9573 4299 2981 7433 3218 5303 7170 6106 1892 6338 1883 8644 3704 5997 8502 9749 650 2179 1101 4759 9335 8872 8266 8008 4001 6103 9784 6800 4116 7011 9249 5024 1104 1909 105 6859 194 9917 4260 9635 8041 8393 6828 400 0 5501 4885 6189 3437 8485 4198 3762 7012 5182 260 550 494 893 1959 6060 4710 231 8684 1710 2928 2693 9771 745 7969 8636 2567 187 358 5368 7385 9106 6257 7250 9481 9325 6673 5397 7937 502 1071 6077 8862 2102 7313 7511 362 4332 6825 3460 1921 7479 1131 1106 1334 5351
5648 3171 9066 1977 4591 9524 7097 1654 7337 7186 2079 8100 564 2478 2103 9560 3795 7734 3864 530 4138 8401 5791 1748 2014 4465 1327 6660 6542 2195 2502 8795 5489 466 3501 182 353 6279 3707 4195 441 3290 5477 1194 5501 0 1341 4936 6753 4886 8139 2852 9137 1984 7090 3287 2871 2735 1023 6777 8802 9513 9277 1311 4070 6857 9629 1695 3733 7355 2613 2072 5057 1762 9858 6741 5813 1071 2907 3394 2965 8796 2135 3542 7071 7754 4262 8140 4150 644 6706 3167 4141 2592 4712 5010 760 4769 5442 2419
631 9992 5069 3718 8568 96 6475 5937 3073 8004 6922 356 1976 2476 8617 1361 1859 4849 6332 9063 5886 9347 3231 725 2141 5358 8807 8826 4684 8289 6627 669 6110 3039 1944 7361 5764 2546 3064 9870 4405 9177 3792 7509 4885 1341 0 5058 3102 8177 4938 5768 3781 7066 9488 4687 7586 4875 1527 550 1562 2477 5810 2818 9876 384 6373 4881 5246 8364 6424 4193 1889 8215 2000 5012 1546 9753 6427 4309 9010 4829 5018 4703 3866 2261 2049 6100 8752 8647 3258 978 9909 4955 5477 5148 4387 5151 1543 2749
6694 426 3491 6944 1364 8678 2334 1725 6840 3180 1334 9081 4521 9139 4853 6897 1535 2682 9722 8424 1841 4039 5092 5833 5801 8585 7860 6527 4480 6277 658 3032 1810 4117 4879 7910 6682 571 9711 9249 1265 7243 7316 1231 6189 4936 5058 0 9419 3003 9627 8835 7395 1003 5486 9295 9014 6348 3983 4672 6249 3148 2817 3276 1249 8479 4137 242 1447 1751 5253 7091 564 4817 7635 5571 2030 460 3197 2215 8826 4330 1013 7066 8971 2315 3796 1281 9848 5914 172 5744 9465 4060 3776 3440 9701 5601 9045 4691
1661 3534 3457 7127 9120 5552 1062 4545 9786 8801 7055 3223 1570 7024 143 25 7866 4282 3231 8982 335 965 7482 5574 5501 8366 5515 9916 4412 8776 1114 335 9298 4170 2425 8357 6753 1871 3027 7700 5369 2176 3485 3638 3437 6753 3102 9419 0 9212 711 30 8547 282 7442 1585 9667 1690 9110 9515 9582 2609 5725 5131 1508 5951 5575 9564 718 8168 8075 1781 4458 4782 2863 5564 8311 8300 1299 8189 1267 6542 3560 5546 314 243 9635 5384 2268 4726 9128 5099 7920 5535 800 6274 3698 214 851 4098
5336 7788 7144 4617 6634 2934 2594 5112 2702 8491 9112 3333 9954 7050 1530 4859 5504 2045 4143 3725 7080 9109 2130 4564 3597 6553 5260 4316 4336 8744 7822 1538 1329 8687 5890 9664 6974 1003 5264 2685 2406 7245 2978 2093 8485 4886 8177 3003 9212 0 6601 1205 1471 3039 268 8682 7400 9328 5719 6983 5748 634 3435 9705 7773 1546 4914 7565 6083 5550 2299 4540 5933 9977 336 5486 754 2361 3418 6651 4829 5401 4659 9533 3132 3812 9493 9283 9452 3965 4039 7079 7757 148 4016 8530 3900 152 768 9115
439 6733 8646 691 2639 7675 5652 1294 2030 4309 8626 1074 9263 3053 5436 5855 1535 2573 1047 2839 9041 8590 9772 9017 8606 6844 8648 6182 8789 9439 8921 3257 5612 3788 9385 6249 5344 6399 7219 8022 6953 2663 6948 2637 4198 8139 4938 9627 711 6601 0 7329 3384 1020 8534 4837 7921 7070 5070 9997 3554 7119 4220 265 5620 2913 7794 9819 6271 395 6008 3981 5985 9322 4738 8121 5762 300 3631 865 1173 9233 1786 262 1130 9259 9262 7321 6654 9014 3636 2388 78 7103 3744 1291 8252 9703 5241 9057
5292 672 3134 4071 5761 8096 1210 649 3621 4818 3413 6242 673 7755 7092 3420 406 8800 7835 7173 3395 9960 8537 714 7338 7772 2167 6778 4438 7402 4210 4893 3383 6777 8358 726 7557 7656 9464 397 3088 776 4225 8371 3762 2852 5768 8835 30 1205 7329 0 5057 6855 7105 239 8218 5498 9699 9797 4152 8218 2378 2567 3190 1629 6350 8874 224 4895 7191 7670 4866 2009 7037 87 8332 7411 4195 7686 677 3983 7945 3019 20 8458 6494 233 805 9348 2798 32 8580 325 1989 9078 7373 3130 5167 770
5140 6618 4087 6406 5180 4625 3724 8808 8531 1222 6443 1081 7300 7617 7897 6220 3544 9717 2443 1832 5738 9421 9557 6276 863 1598 5603 3544 7623 7176 939 1399 6571 8478 7738 5264 1612 5385 2 2178 3451 5814 7102 9525 7012 9137 3781 7395 8547 1471 3384 5057 0 3811 5034 7974 2116 603 4209 2910 225 860 1258 1369 6854 5561 7408 5242 2532 5402 1189 9458 1002 4311 7928 7436 5037 2316 8877 3316 1081 1027 936 8723 6817 2953 430 8900 9874 1954 4542 4341 5108 5573 5861 9656 2921 3357 4379 7841
1127 7486 9853 3583 1248 2723 4548 3667 6730 7613 557 477 678 8801 6345 9013 1437 9170 9824 7240 6956 2806 8774 9252 494 1855 961 2898 7075 7422 6241 9302 1274 2597 1052 4496 4731 7375 9994 5664 9054 3284 1209 2448 5182 1984 7066 1003 282 3039 1020 6855 3811 0 2114 4172 9551 8652 7456 9693 5257 5823 9277 7974 9662 5117 6668 2708 7949 8626 3441 872 4545 9477 1392 493 1736 3241 3481 2592 580 7532 4921 2716 3725 4729 9621 667 7618 5646 3246 9263 3922 1538 1543 1749 9894 3014 4630 2325
7120 1292 8522 5331 3629 4035 2752 4245 532 204 5765 4120 6581 4790 473 7831 2212 7416 3952 7586 5713 3409 1311 415 22 2237 887 9425 6863 4007 7495 8544 3924 6172 1211 979 3678 1808 778 514 6726 4792 2568 7926 260 7090 9488 5486 7442 268 8534 7105 5034 2114 0 790 1111 5198 8492 121 3333 9582 4681 7876 9324 1899 1228 8885 2987 6103 9510 8569 7745 7073 9699 7001 7746 5586 9710 3549 9898 4734 6351 2453 3437 9410 7759 5550 1766 2382 1073 3107 1778 7103 8880 9242 8888 9539 2916 3348
904 677 6841 6721 3605 1665 1998 5124 3514 630 2569 7548 9304 5489 6511 4488 7597 4926 2457 8398 7388 130 6664 7003 8784 7857 9477 8508 2211 3275 3537 9749 7477 5857 7015 9581 7147 1617 1959 3636 5005 1272 7622 1244 550 3287 4687 9295 1585 8682 4837 239 7974 4172 790 0 1013 8175 8508 8718 2791 5249 2168 825 805 5161 1976 7616 2034 4273 5149 8681 4908 2530 5761 6729 9511 5898 4509 8282 4538 5725 2224 9150 6428 1238 4619 7754 1522 3510 3349 8494 9148 9102 8664 7406 9173 5084 5822 8979
9288 1072 6844 3855 29 1567 9529 9541 7648 2004 4684 4666 5782 2049 8412 4160 5499 3756 6637 7805 499 9976 6179 6024 5993 9574 18 5438 2889 3359 2578 8976 176 8939 1550 9747 4858 5830 9957 221 6290 3795 312 4672 494 2871 7586 9014 9667 7400 7921 8218 2116 9551 1111 1013 0 9355 7156 1002 1327 6337 1907 9301 3207 5338 4981 2595 4834 9844 8233 539 6115 8429 1797 9181 9149 2304 2231 7563 2392 2102 3791 8323 9083 1717 4924 1743 8113 3176 5731 5056 6636 4839 5769 3974 8511 3897 8233 2153
5714 5799 8200 1574 8774 554 8535 9592 3314 1918 6504 775 7126 1948 3168 8161 8727 9290 5244 1085 568 1167 6000 3630 9344 4934 6560 575 6695 7592 4795 8252 6461 3536 8266 7393 5366 1417 6358 2763 7055 3841 9054 6439 893 2735 4875 6348 1690 9328 7070 5498 603 8652 5198 8175 9355 0 6086 7817 8406 9616 9432 2304 5778 2769 4144 8660 4835 595 5912 6658 7648 2255 485 605 6168 9428 8359 3193 7111 3232 8663 87 4044 9292 5413 4387 583 2283 4553 7645 1315 7 394 3770 9596 5524 8710 9956
6205 3454 7962 7606 2884 9189 1632 321 8566 8145 3652 2614 8936 6081 9284 9439 3884 2362 7888 5160 2977 381 9850 1189 3833 5227 8107 4910 3499 3535 1506 595 2416 4095 7191 548 4406 7434 6827 3533 2049 1012 6552 2846 1959 1023 1527 3983 9110 5719 5070 9699 4209 7456 8492 8508 7156 6086 0 5887 7218 4826 4202 8522 6632 5278 4814 7774 3296 3031 9690 685 6858 9176 2318 6360 974 9822 1417 6076 8890 2608 4855 7580 9252 307 509 9397 9007 7830 8558 6945 605 5959 6889 6481 7372 8507 7291 1325
717 927 5007 1387 7552 5578 927 8882 4340 8184 9541 2826 4620 1610 514 7981 9444 9741 5640 4548 90 7182 9131 2013 3900 5416 6368 7279 3425 2856 8422 6424 7733 1787 1523 3600 9882 5194 4768 4116 2724 4550 9057 7168 6060 6777 550 4672 9515 6983 9997 9797 2910 9693 121 8718 1002 7817 5887 0 7694 9872 8162 7793 9839 2150 1342 6134 6561 8539 3346 4487 3093 6165 6130 9633 5040 2668 3484 5263 8987 1753 1150 3517 3039 2097 4933 6041 8235 1284 8957 8813 191 3576 7943 2178 798 693 3946 6441
2358 1911 8038 9881 1971 85 2220 1935 924 4597 9021 5233 9546 7039 5608 6020 6099 5407 9069 2361 238 8548 4992 9070 5954 7280 2931 5632 5170 5586 756 5476 3275 1273 2697 2732 4968 8125 2123 2506 6648 8600 9275 8311 4710 8802 1562 6249 9582 5748 3554 4152 225 5257 3333 2791 1327 8406 7218 7694 0 6872 3966 6977 8493 286 5205 4211 7755 9328 5666 9901 7662 9301 9958 1742 3587 5178 3758 3147 2092 3142 3148 1076 1581 5841 4601 219 2232 4335 466 486 9150 4695 7601 6196 7969 7463 5355 3754
4895 9676 4911 7836 6490 2245 9845 596 5758 6792 3466 4050 133 5604 9474 9085 6102 8147 9872 2064 1540 2518 7568 7373 6623 8551 4745 3118 4022 384 430 932 3834 2374 9928 9373 1833 9085 7689 6140 701 8704 960 6529 231 9513 2477 3148 2609 634 7119 8218 860 5823 9582 5249 6337 9616 4826 9872 6872 0 9081 2547 3344 7739 5738 471 8032 7531 9338 2150 4478 7653 5717 9312 2364 2832 6005 497 3517 3059 6910 5425 8949 9011 6093 1640 8690 5160 8609 6816 4522 8855 7755 5921 8120 4760 9762 8804
459 7076 7607 4253 9884 1791 9606 8174 9496 8414 1922 2057 2457 5483 8693 4588 6758 7188 4167 1718 3935 5200 3045 2142 7969 6304 8150 4425 1576 6266 4964 5525 8215 3085 3703 3656 6991 5864 9034 5084 2056 1907 6940 2644 8684 9277 5810 2817 5725 3435 4220 2378 1258 9277 4681 2168 1907 9432 4202 8162 3966 9081 0 4456 6768 8408 1717 133 691 8487 9535 2346 2912 2437 9651 9343 8517 4589 3329 9781 516 6864 166 7672 9831 6605 7551 9136 530 5674 97 1084 1584 3857 3883 4168 8785 3285 6839 962
1880 9517 6083 8167 153 3012 5231 5527 5961 2909 9116 2887 1698 880 52 904 4272 2157 4199 7072 7386 5069 759 5933 6724 6828 2137 3955 8856 8879 4585 7976 5715 8868 7971 6786 264 6689 853 6869 1874 699 4228 353 1710 1311 2818 3276 5131 9705 265 2567 1369 7974 7876 825 9301 2304 8522 7793 6977 2547 4456 0 7030 6900 5351 3308 1343 2511 1851 6314 3501 6832 7383 9365 5586 9091 9185 9053 3769 3217 2315 8254 8214 934 9339 7218 3712 7006 8488 1845 8328 8299 7028 3607 352 7449 460 5974
1781 7507 5339 9062 7873 1741 3204 8297 1840 192 6108 6242 3971 9160 877 2070 8627 1767 874 5969 4983 7016 4722 8404 1591 657 248 3132 9029 6166 4538 665 82 3172 6594 4438 9631 7433 6469 4831 9189 892 4836 7394 2928 4070 9876 1249 1508 7773 5620 3190 6854 9662 9324 805 3207 5778 6632 9839 8493 3344 6768 7030 0 3860 5325 5148 9286 6438 6277 6003 5134 9948 9869 7 5632 2933 4542 8977 720 474 6994 4686 3389 8030 1523 1700 3507 5737 6778 1277 8047 955 5374 8617 8890 7436 9173 8781
8335 359 4026 8777 6438 8464 2437 8653 4769 8698 1328 2631 3145 3188 6234 9066 8242 3577 1723 4661 3493 3617 2309 4316 5433 777 8746 1876 8162 3724 1160 9997 1136 8628 7838 3078 7853 8931 1577 5209 3967 2395 5865 9967 2693 6857 384 8479 5951 1546 2913 1629 5561 5117 1899 5161 5338 2769 5278 2150 286 7739 8408 6900 3860 0 6738 2955 7742 3248 1323 7846 4262 8639 8654 4612 2485 5148 1764 789 8649 4556 7279 4449 7885 2527 3885 2228 3185 4818 3104 5058 8619 7877 454 3398 2785 6096 402 4498
7547 681 8333 7467 5119 9076 6147 7671 9579 3050 7488 6496 7561 4637 1950 6602 9312 4898 8062 6781 669 2080 5004 6281 5059 1369 3558 817 2948 402 489 2422 376 5415 4385 4770 32 8991 4908 6063 7878 6434 8004 3974 9771 9629 6373 4137 5575 4914 7794 6350 7408 6668 1228 1976 4981 4144 4814 1342 5205 5738 1717 5351 5325 6738 0 5924 476 4990 2461 8686 2356 5000 4789 9843 4550 938 6069 555 4350 1378 4278 7010 2530 3241 9789 7437 5629 3625 7693 993 2933 2379 8844 2487 3624 8742 6755 8643
6323 9531 6004 8677 9271 6476 867 6184 3700 8438 1480 6100 3021 6922 1154 9932 203 1010 4445 7054 4326 8656 6101 7112 3965 4828 781 983 3838 2327 180 7710 15 112 4386 9677 3228 3282 4094 6409 4747 6096 6943 8903 745 1695 4881 242 9564 7565 9819 8874 5242 2708 8885 7616 2595 8660 7774 6134 4211 471 133 3308 5148 2955 5924 0 2770 6999 8870 3941 4032 726 3984 1349 1835 368 2499 9862 7188 4490 9309 592 8675 9337 2925 3364 6975 9341 8793 9746 153 2785 6991 7356 2722 6348 3254 9555
8729 3513 4643 4635 1034 5716 7812 1911 6990 6896 1115 4406 5106 9151 2530 6653 79 2717 3303 3815 4445 9253 315 2579 7583 6531 9855 6639 2382 9797 6618 7025 2373 2251 2180 8902 7230 349 5839 6824 5157 9308 1337 9883 7969 3733 5246 1447 718 6083 6271 224 2532 7949 2987 2034 4834 4835 3296 6561 7755 8032 691 1343 9286 7742 476 2770 0 5653 5561 1784 5014 620 1653 1608 999 4645 8040 10 7119 1279 1406 525 3541 5982 617 6297 8090 7748 127 5035 5057 4829 9616 9229 1303 5670 4901 4542
2413 4499 489 8989 7688 5502 3383 9221 7712 5173 6477 6530 268 4684 5032 5729 3956 2943 4738 4514 9595 1390 6927 313 9230 4806 7814 8733 9203 8186 72 7110 4895 913 3016 6991 1478 1472 894 2182 7571 5845 1987 4593 8636 7355 8364 1751 8168 5550 395 4895 5402 8626 6103 4273 9844 595 3031 8539 9328 7531 8487 2511 6438 3248 4990 6999 5653 0 6541 6137 9554 262 9893 1228 3480 1470 9174 182 9087 3606 485 4512 2161 8101 1332 8697 412 1004 6498 7101 4062 5289 2262 2098 3483 7494 1152 7436
3429 1542 6680 9312 6760 4922 447 3051 1233 6810 1556 9537 9332 4390 7492 9375 4628 2226 4916 9680 7140 8970 1476 252 3627 81 9435 5948 2217 3442 4560 7946 252 1873 6838 1826 694 4313 7223 7755 5861 4629 8952 5567 2567 2613 6424 5253 8075 2299 6008 7191 1189 3441 9510 5149 8233 5912 9690 3346 5666 9338 9535 1851 6277 1323 2461 8870 5561 6541 0 2680 1745 408 7753 9257 6567 4311 7560 8687 5396 8382 5617 8719 3527 6698 6502 7113 8043 7961 5868 8409 7571 4128 6324 8734 358 7996 824 1692
4132 258 2382 3417 6089 8592 1357 5261 2666 2940 3493 170 4642 4342 1109 1280 1727 7438 6074 9228 2082 4478 1268 1895 79 4833 8457 9640 4746 7162 7298 1609 1031 1288 7135 3752 5330 5198 9112 5297 6817 1380 7605 9479 187 2072 4193 7091 1781 4540 3981 7670 9458 872 8569 8681 539 6658 685 4487 9901 2150 2346 6314 6003 7846 8686 3941 1784 6137 2680 0 163 5948 7629 8284 1227 3230 8237 1145 4517 2618 3889 26 8864 9218 1514 8633 560 3716 4570 1560 6741 7922 6113 3177 177 6713 6777 6558
81 696 1995 6811 3916 9787 1708 5336 3233 4899 5644 3291 2592 9630 5747 9481 3418 97 6374 9303 4307 7465 8997 8738 7763 9053 9979 7438 294 7673 5984 6401 9929 147 289 6685 9561 3831 9617 9666 4062 7508 8383 1341 358 5057 1889 564 4458 5933 5985 4866 1002 4545 7745 4908 6115 7648 6858 3093 7662 4478 2912 3501 5134 4262 2356 4032 5014 9554 1745 163 0 6448 2053 3307 3450 8008 2314 4008 7059 8837 2128 7849 5323 8688 263 4647 3964 9269 4008 3446 2973 9449 879 5368 3949 9804 227 8658
3415 5296 3369 6930 2612 5026 3013 8685 9710 9247 2901 7112 947 646 8856 2199 5284 7216 2110 835 4382 2767 5091 3564 5923 8289 6167 5778 3712 1807 4739 8146 485 1197 8635 7495 6688 8266 9210 8998 419 5258 3831 202 5368 1762 8215 4817 4782 9977 9322 2009 4311 9477 7073 2530 8429 2255 9176 6165 9301 7653 2437 6832 9948 8639 5000 726 620 262 408 5948 6448 0 992 1475 2793 4536 3054 4849 4540 7853 7660 3422 3391 8019 6689 4488 8280 5848 5399 1525 1915 5599 9580 1486 1729 5164 3273 2829
8406 6998 5192 2773 3853 882 9173 1701 6717 7914 835 9133 2010 7578 3694 2920 9912 5968 7284 2068 5642 5215 4830 2385 6326 4753 2683 9088 6821 1725 1465 1591 623 6276 7399 4554 6540 6334 1550 9670 5116 5082 9406 1382 7385 9858 2000 7635 2863 336 4738 7037 7928 1392 9699 5761 1797 485 2318 6130 9958 5717 9651 7383 9869 8654 4789 3984 1653 9893 7753 7629 2053 992 0 553 657 215 6865 2129 767 1068 7708 683 4531 9583 2119 7036 5444 8869 4216 9899 5091 1845 8140 8794 4802 4292 1628 1019
2933 8945 7066 9153 5909 515 6377 3980 9477 4324 6179 8836 4909 2682 6227 4598 1181 4864 9461 3373 2516 606 7662 1608 4169 3056 4256 6658 6091 9107 8779 5287 1679 3517 107 5782 5903 3191 4431 4865 7434 8661 2711 6407 9106 6741 5012 5571 5564 5486 8121 87 7436 493 7001 6729 9181 605 6360 9633 1742 9312 9343 9365 7 4612 9843 1349 1608 1228 9257 8284 3307 1475 553 0 1235 3329 1805 6862 2179 9534 6439 8532 1614 3702 9616 2759 9430 110 4122 4598 7934 5583 2102 3483 9234 3888 8520 9648
8179 267 1715 3662 9047 5528 1929 5181 2943 6999 5879 5679 9952 2661 3382 7177 9563 2308 5387 9598 5797 6048 838 7812 9939 5538 4625 7169 9231 9595 4214 6118 506 1118 3405 6225 9053 1275 6396 7275 3354 209 4219 4958 6257 5813 1546 2030 8311 754 5762 8332 5037 1736 7746 9511 9149 6168 974 5040 3587 2364 8517 5586 5632 2485 4550 1835 999 3480 6567 1227 3450 2793 657 1235 0 1428 9751 7941 4867 5940 5128 2044 1355 173 8620 8820 9018 7959 8555 8464 5000 3965 1465 4885 4680 4274 702 8323
6122 669 9564 3804 6844 3207 7414 466 1205 5018 8016 7645 9907 3495 8392 8103 5681 3397 6682 5743 7900 6251 1106 7896 6890 3703 7581 7898 2449 7766 7553 4312 9063 8381 6755 6952 2145 543 8956 9086 5066 1579 5016 3823 7250 1071 9753 460 8300 2361 300 7411 2316 3241 5586 5898 2304 9428 9822 2668 5178 2832 4589 9091 2933 5148 938 368 4645 1470 4311 3230 8008 4536 215 3329 1428 0 6352 8155 9346 6167 7906 8859 3319 7761 1548 2332 2731 3257 281 474 4260 9390 5535 4290 5918 4917 9324 1982
3650 430 6314 6105 3080 4298 2166 673 2599 9678 8564 9547 5744 4652 631 2823 5976 1053 6412 3670 7245 9138 7395 2207 5919 2197 2068 6576 4589 7628 531 6334 6686 3618 5727 4689 7815 3013 5375 3061 1014 2470 988 9965 9481 2907 6427 3197 1299 3418 3631 4195 8877 3481 9710 4509 2231 8359 1417 3484 3758 6005 3329 9185 4542 1764 6069 2499 8040 9174 7560 8237 2314 3054 6865 1805 9751 6352 0 4763 5516 7481 4552 2992 608 1469 5225 2242 7494 6594 705 5962 1798 4452 3026 198 4035 3303 2962 1575
6804 3361 1219 4603 5120 5145 9009 9706 6361 2572 5939 5560 2681 5054 7017 8932 6950 7450 2676 3385 7664 6537 1960 8401 5276 4199 1534 8191 729 1856 4788 5148 1612 371 2126 6251 8856 5534 1473 6007 9565 2295 7801 5932 9325 3394 4309 2215 8189 6651 865 7686 3316 2592 3549 8282 7563 3193 6076 5263 3147 497 9781 9053 8977 789 555 9862 10 182 8687 1145 4008 4849 2129 6862 7941 8155 4763 0 2806 6616 6855 8255 2797 3332 1511 508 8222 5052 3005 4314 4004 6783 8451 8323 8747 9724 787 7648
772 2928 7563 2308 6038 6284 7599 855 4600 8967 5291 766 9287 4081 796 7031 4828 4123 874 8735 2870 8072 1898 731 4594 4463 5979 4911 9520 8815 8068 3550 1693 8930 2386 6639 3350 5654 4393 9841 8886 1662 8056 4762 6673 2965 9010 8826 1267 4829 1173 677 1081 580 9898 4538 2392 7111 8890 8987 2092 3517 516 3769 720 8649 4350 7188 7119 9087 5396 4517 7059 4540 767 2179 4867 9346 5516 2806 0 4557 2439 5253 249 3073 895 3785 5397 7189 3742 3164 5403 3428 3263 206 1600 4437 7142 6488
8282 1942 3738 2828 1339 7353 1070 1551 4164 7160 4284 9662 2616 397 3779 6374 5567 8595 9821 855 3130 1314 8905 7948 3457 9074 2458 8652 4300 3130 3907 2834 448 5315 8286 5128 8584 3429 8631 4262 5706 1536 9888 1739 5397 8796 4829 4330 6542 5401 9233 3983 1027 7532 4734 5725 2102 3232 2608 1753 3142 3059 6864 3217 474 4556 1378 4490 1279 3606 8382 2618 8837 7853 1068 9534 5940 6167 7481 6616 4557 0 9028 3768 5201 8892 8900 8240 9226 1694 822 2838 1237 7372 922 2751 8678 1907 4328 5081
