150
0 1873 4530 2294 8294 4984 5111 6627 1046 4021 7521 1373 7691 3956 5738 5221 3672 3340 3660 1845 7494 3426 3397 1938 931 942 3528 5694 700 5869 6138 7410 3978 7389 1340 2050 3507 8628 8466 3563 2803 5157 9963 9780 6243 5565 2874 2828 5387 7617 6312 9553 5986 7251 3626 245 8306 6012 7692 9992 8764 9891 2342 63 1652 2167 8233 3822 7349 2214 228 7559 9235 3391 1982 9072 1470 2855 2141 7584 6269 1012 1884 4416 4526 2369 6746 3283 2480 9666 1504 2609 7960 1878 4669 2527 2403 1723 5327 3942 2957 8961 6444 6898 4739 8771 7450 2463 425 6534 9974 1631 2297 4235 8176 1556 1814 1625 5287 3382 4352 5367 3547 6107 5953 3606 2014 3276 7304 2399 5366 4693 7523 1314 8156 3358 6434 2050 4012 5075 7433 5717 3287 862 5348 796 3729 4942 927 4490
1873 0 5533 5588 9543 952 2470 9799 7626 7846 9359 8710 2135 2993 8927 702 8090 4888 9992 2925 1640 3650 7647 7549 3873 979 1963 9202 2010 9188 7259 2357 4310 4516 8967 1527 8992 8787 3247 6894 7096 805 5363 4014 9129 5155 5814 4410 8068 3554 9318 6860 8696 8142 1556 6570 6073 7678 3042 7029 3101 9217 3458 5996 8366 9756 6571 4568 4147 8954 1577 1723 169 2181 6947 4235 7735 3231 466 433 1397 7141 1542 9107 7299 3563 7995 4687 6858 7048 6362 9815 6473 3857 6354 2930 2608 7137 8806 4478 9406 325 5153 9738 6386 2366 586 8296 9908 1959 9886 1043 6958 682 9556 9198 5442 5851 3799 9088 3665 417 5789 5444 9386 6479 9553 4605 7286 7964 9779 2041 931 8098 4116 4470 1352 530 7197 9932 2238 4186 727 2844 8189 6562 634 4509 7634 4368
4530 5533 0 7222 2751 9868 5000 8627 202 5548 3347 6220 1681 7321 2310 5617 8506 8119 8248 695 1125 1705 8100 3292 104 239 3130 3658 838 8670 7905 7124 1838 2907 7222 3799 1898 2292 5025 2573 182 114 4052 951 5278 5533 1199 8305 3029 5792 1605 3826 7470 5955 4012 9392 9331 2707 8454 8753 8285 8607 9626 8491 8155 5407 9928 6516 98 1558 8128 7247 5993 1659 2566 1342 6060 1796 7611 2563 8965 3239 6586 8330 8298 5487 8137 3863 1903 2198 2104 8079 6599 8013 8819 7395 7453 6352 1624 1724 6760 5820 3818 8809 8931 1177 99 448 2773 1275 8327 4240 331 4825 8350 2597 1315 2929 4628 7128 3722 5816 5424 4187 547 423 5956 8184 6909 4135 9754 5116 6337 1337 7507 22 5769 4695 8064 9582 4075 4084 9573 9068 9202 7461 3784 508 9579 8440
2294 5588 7222 0 9124 290 4255 1247 4709 6936 985 5859 978 6122 1552 299 2889 3999 9906 296 6556 2250 2199 3897 4042 5200 2721 6261 4105 9086 5608 6793 6105 614 4203 5737 1721 3761 8115 9975 4016 7534 2049 6196 5794 2044 8871 9804 7335 9639 6617 5791 82 2257 4583 1149 2111 4330 803 5851 6893 8879 2273 6237 7070 8797 4431 7026 8475 4632 7193 6082 6226 5148 732 3249 1094 7752 3954 6319 9442 2809 2744 5699 8191 1112 8846 9804 3512 6117 6382 9608 4507 4775 928 9803 4328 3093 7703 1079 2539 18 310 8841 3897 8002 797 8415 1584 1670 8161 7493 5648 2147 6760 8782 7985 5031 3026 2880 2489 9111 8961 9112 2153 7767 2315 142 732 6932 3308 5077 6692 2871 3954 1632 929 274 2447 5874 2193 7825 1620 7386 6289 8119 2833 2577 4442 7722
8294 9543 2751 9124 0 734 1125 9985 1433 515 4912 6057 1000 3959 3657 4047 888 8688 7436 7518 4507 570 8427 8939 8146 8068 2029 8464 7885 7984 9195 6217 4557 4176 3619 7761 7827 9208 7502 4677 2082 7055 8365 330 7728 3493 5833 4264 468 1034 8197 5416 9504 4548 729 5867 7823 913 6104 7944 9114 3611 900 9609 4167 3664 7352 5072 6025 9995 7015 1818 3456 331 7199 3733 4357 8872 5646 882 7780 194 322 3196 6652 8289 5704 6335 4435 8911 8451 8340 6609 473 8929 9888 2327 1426 1907 7135 8991 7975 8238 9952 9540 2236 5041 7951 7282 6767 6899 4144 1576 4874 7053 9209 9899 636 2562 2722 4864 3457 3784 5470 8670 2103 8131 696 3637 3449 2015 5328 5169 3983 8572 7844 4046 6843 7002 8152 3005 3973 4917 5742 2339 4409 8079 6921 8895 1611
4984 952 9868 290 734 0 6412 4660 1524 7741 8486 6730 1971 1858 6031 6830 2945 8611 8887 4084 6738 2833 8057 9783 6434 3931 6748 8919 2242 3636 5751 1941 2436 7142 9492 112 7643 5514 4231 7385 528 3270 1122 5834 2665 3331 5954 7501 7956 3743 5012 5951 3319 5119 1489 9425 4621 2768 5531 8338 2658 7445 5945 1088 8820 8929 445 8866 2573 5159 1272 7227 2897 2464 9726 3871 3861 8547 6358 1447 9357 7022 869 3499 5129 1243 4940 2083 4332 4364 7259 4490 9851 6290 8655 5889 7785 1406 5945 578 8682 2419 218 7851 3960 9083 6888 9135 8163 9658 8799 3139 7760 1343 679 8988 1781 2262 8229 3472 4239 8184 4578 963 3395 9003 898 3719 5269 4695 5117 113 5087 9833 10 9567 9877 7980 242 3543 910 4470 3088 4185 4533 8059 4584 6829 9040 967
5111 2470 5000 4255 1125 6412 0 936 8624 2235 2739 1456 9445 4036 9522 9879 90 6016 3025 9441 6281 5503 4978 5103 6872 8798 3273 4715 8589 4064 7476 8006 782 7375 8049 511 3842 4139 9758 8576 9745 5491 340 6568 4985 9678 1737 5588 6632 3523 3543 9522 6701 1289 9822 2379 7912 6595 7822 9292 8652 2477 8708 309 6489 2639 2607 1564 1111 7686 6627 6701 2337 2180 698 7603 3207 7248 7458 3763 3613 1092 5274 7188 5302 6770 2502 4951 3409 3659 2475 9512 9617 2944 8648 1944 6997 4274 5496 5180 5961 9661 9884 8921 9312 7577 4818 3785 9086 2474 3210 6894 9832 8912 3436 4430 4365 3106 5144 1500 6205 4386 2682 7394 2827 9621 8235 259 6614 2085 5294 7957 620 1111 1601 4560 8311 3009 4934 6894 1271 8390 4424 2057 8438 7772 5868 2451 749 3056
6627 9799 8627 1247 9985 4660 936 0 6570 8257 4302 6208 2928 5167 5822 266 334 5167 2105 9248 5348 6270 2416 580 1607 15 9322 4304 4342 8412 6641 7649 1677 6187 9639 9685 6614 2454 313 3868 853 6853 4455 9878 9128 9026 160 8481 8353 7963 7007 6587 714 2510 8096 1628 4883 4005 8746 7172 7893 4759 1943 8684 8159 7276 5239 6645 5140 4546 7523 6366 5494 5799 791 1704 1313 4387 9243 8275 7237 7904 7353 8596 3548 1572 197 6195 3688 1486 1615 7078 3200 5277 7533 5725 7096 2552 2850 3170 4475 7581 763 2832 7058 2756 2487 3817 5221 3138 6932 111 1444 9107 9268 5941 4961 6824 4383 3562 6465 5424 247 3486 5505 1538 869 802 6565 8126 6904 1923 867 8807 7446 1317 7750 6403 7210 5579 6930 9175 4137 6192 8074 2843 9942 7128 1330 7904
1046 7626 202 4709 1433 1524 8624 6570 0 1271 9317 1958 5340 8738 7926 1269 4310 6274 1582 2071 5740 9142 7441 7756 1666 5311 6088 7880 8502 1350 7308 720 463 6472 4947 8973 5172 2002 814 6347 1629 6636 7786 6459 2973 2887 9007 2675 4857 5602 9634 9164 878 4968 8065 3572 7008 56 5949 5609 5802 9562 8809 2831 4165 5433 4863 4237 979 6270 8194 4178 4438 4125 9961 8720 1892 4293 51 9750 1679 7479 5054 4974 4687 5436 8825 1767 9178 3110 5303 3276 2117 6898 6517 4303 6520 7911 9057 1343 4986 194 6071 1644 1117 1771 928 4319 9003 4692 5967 7949 5870 179 8191 1091 9275 9460 7200 933 1053 2043 7919 9212 2401 8400 3043 7599 2105 7074 3982 217 9539 7753 9379 8575 8177 1109 462 8514 5167 3013 550 1472 5228 2913 5009 6805 8658 7456
4021 7846 5548 6936 515 7741 2235 8257 1271 0 1018 2906 9749 656 8322 6477 3837 6734 8038 3076 8523 94 1958 5628 5277 1637 5612 6538 8766 984 5831 231 2673 6807 3735 164 5772 1991 1007 1654 7864 6783 812 1582 8417 8831 8794 8196 9494 3089 493 3343 7598 1374 4060 2942 8332 9659 2662 9365 7842 9622 9812 5527 9844 7781 4278 872 962 9587 8562 3167 9808 4241 4633 2874 3804 2444 9053 4048 1087 6754 4822 3599 9238 1612 2579 2064 874 9203 9415 4308 2940 9810 5585 3966 5408 548 3999 6638 9204 6367 2325 156 5816 9928 4598 6429 3629 2428 7316 355 3322 8631 3901 7542 3050 6480 8950 3400 9834 6649 5746 2706 1060 6217 5487 4021 8209 3811 6501 8515 934 7350 4127 5602 6305 9945 3431 3944 4352 3658 7200 8702 5004 6034 1948 3969 8439 4056
7521 9359 3347 985 4912 8486 2739 4302 9317 1018 0 6981 4184 2369 3826 6533 1932 167 9456 5232 3085 53 9 1384 6307 4077 5898 629 5916 6722 6437 5739 6794 2906 5430 4097 2469 8188 9490 9583 7921 1636 6111 5365 6786 2559 2539 2110 1717 7223 1657 8681 881 8452 2237 9081 7011 1406 905 1141 4350 1696 9267 3360 180 4118 654 6472 5901 8341 2008 3446 880 5770 4830 8433 4000 5842 8429 3770 242 5926 5353 7963 5267 1537 8409 9221 823 5917 8956 5516 4282 4664 9554 1896 3289 3919 5404 4111 1453 9055 1622 3034 1276 2732 8681 2223 9512 2420 6612 5785 3811 8824 9502 6258 2615 4728 1833 2048 3128 9507 3867 6718 5553 6416 8252 114 8430 9527 6267 4873 4100 8538 7301 6179 2122 7613 1588 411 4814 9872 1542 3673 8458 4354 850 1832 5955 3731
1373 8710 6220 5859 6057 6730 1456 6208 1958 2906 6981 0 8928 8140 6599 5531 7369 5966 4495 2604 2446 2524 5443 6744 2079 9368 2788 1992 8495 8887 6547 3770 7992 8790 2706 2064 2663 7191 7384 5636 2976 9548 8423 8924 3573 2338 6770 269 208 7924 606 6843 4918 3716 8754 3904 2600 7763 2699 2342 5478 9943 3475 9136 4500 6242 3357 189 5296 8548 2198 1401 9715 9575 6531 92 8743 3241 9642 4107 8483 1333 5766 2194 3956 8323 3292 9798 4216 8998 9518 2305 510 3614 9126 3137 3408 1429 6394 4212 8111 8031 2035 5555 8699 2755 8204 8394 3520 5031 1728 6573 741 6103 954 3689 6201 4567 8691 2839 2838 9636 4277 5103 4027 7018 2294 9452 2346 3113 3154 479 4872 3782 2763 1355 5294 7560 5248 4627 2576 751 9066 5621 9329 7421 7825 4788 1632 2114
7691 2135 1681 978 1000 1971 9445 2928 5340 9749 4184 8928 0 7341 695 4397 8107 3573 6820 52 292 3855 9212 123 8798 5755 8791 3423 3330 5650 5515 3590 6619 9237 5945 7146 5530 4478 5780 4486 2191 7555 4546 4021 4029 6088 5510 8217 3622 8430 7674 7087 8660 8972 4454 4711 8185 6048 3792 6026 7839 7247 8130 1518 3093 922 9992 6818 4833 2282 334 5611 5171 2787 9827 8264 1899 7816 6373 6510 8164 8562 9602 4716 905 175 1925 9869 7650 2716 3106 8699 9521 8593 9787 3887 2077 3678 7097 1041 8341 1771 3374 9812 9304 4844 741 8491 6005 5969 8365 6841 8062 2712 2030 5702 5085 3548 8584 9178 4666 2560 5473 491 5210 1592 3603 3795 7797 2956 6432 5408 2774 8069 4735 4452 119 5417 5964 1378 66 5812 9684 1561 1174 2957 9595 5000 6247 2904
3956 2993 7321 6122 3959 1858 4036 5167 8738 656 2369 8140 7341 0 5450 1985 4072 3128 7898 4242 6569 394 9165 9138 1154 9634 5482 1387 921 5463 6480 7772 9220 6484 5722 2082 9597 7022 4753 6670 6925 5800 9618 7823 211 6542 5505 9757 5575 5678 5331 7550 4668 3984 1870 7351 6529 2206 4178 6016 2314 9315 9875 1101 1 149 1504 8911 2601 4888 1460 985 4433 9220 2534 584 536 8735 3792 3543 528 7248 55 7201 1861 6573 3595 5653 5709 6972 8556 9083 6862 926 9505 185 3137 1501 4824 8068 2789 8687 9018 4968 511 9774 2159 3649 7305 8534 2047 5162 1001 258 3490 9953 869 6376 4782 5422 1005 5342 7106 7013 7784 4838 6727 4176 9941 9793 7225 3057 1836 388 7394 2555 6169 5726 8351 9706 2206 8098 5548 3167 1026 8722 4318 6238 9642 5192
5738 8927 2310 1552 3657 6031 9522 5822 7926 8322 3826 6599 695 5450 0 9262 2590 6786 3123 6606 7514 6467 9197 9213 5109 5661 8408 376 742 3672 6971 3234 2599 5308 3650 8624 885 4380 50 4898 1508 2383 6416 8501 4268 7882 3757 2370 7026 7750 6905 4766 614 1077 1034 4477 6212 3221 8212 960 9255 5528 9629 3750 2837 4343 7591 6693 3222 7744 7165 9442 625 5455 1027 435 3579 322 9610 9288 2007 7501 6559 6599 2620 2997 8866 381 3840 6623 4198 8345 7514 1844 6549 8398 9012 4537 4979 2490 3053 803 3090 3170 9379 1939 8061 2762 1543 339 5067 972 5154 1978 8439 8051 1373 4413 127 2459 4387 9439 4952 4307 4116 1959 4966 8687 2598 2849 1226 9056 3622 5826 2516 5643 9536 5543 7644 8554 3049 4383 5688 9436 6711 3031 6514 6389 8902 2790
5221 702 5617 299 4047 6830 9879 266 1269 6477 6533 5531 4397 1985 9262 0 875 991 3483 8293 4875 1849 3663 7554 545 8682 4771 3468 1489 6940 6804 4261 6976 5790 2008 5700 7062 1373 2312 7996 7298 3698 2277 75 4749 8223 7549 1445 5291 2621 8218 532 4241 360 9861 2018 1941 8956 2881 5986 4621 2728 9121 458 7781 8190 9656 7061 3113 6280 9895 1239 6662 4246 5679 4229 8397 9621 5367 9976 8258 2065 8389 2918 2394 811 9489 4119 1183 648 2733 9097 2214 8934 9527 9386 6749 7881 7080 1336 3513 7012 2547 8891 2909 773 2224 7218 5593 9407 7811 6349 6164 8105 9142 5824 7081 2736 8240 6636 1935 9715 8635 3738 4523 7352 4370 7568 7327 5141 329 7083 1162 1408 8733 8892 8371 5688 7433 3953 6617 2198 8794 2100 8841 9838 8670 4062 6728 8077
3672 8090 8506 2889 888 2945 90 334 4310 3837 1932 7369 8107 4072 2590 875 0 7628 1894 485 1549 8392 396 2081 3045 7877 4869 2783 3109 9454 5716 5169 8784 3755 2861 6607 6275 4710 5011 3078 6515 1329 7036 8353 2378 537 5535 5963 2134 1764 6489 7414 2025 1837 3137 7340 8904 7669 3843 5784 5979 1774 1314 6125 6976 5789 7562 851 6780 1831 4701 9061 4648 9485 9356 7612 9954 1625 1968 1917 5456 8034 3081 7656 7374 3870 5868 1601 5074 6171 6679 4223 6396 9743 8826 6342 7450 9183 6724 8052 3464 141 4752 6960 1162 1140 3224 3493 1189 8864 886 615 1969 4327 7651 8778 3006 9043 8295 9553 9904 400 8878 9809 7740 7922 521 2764 2100 6234 5351 2734 2087 7519 6905 750 9986 2836 1072 3471 4776 1916 5153 1288 7712 147 5492 5163 2063 1835
3340 4888 8119 3999 8688 8611 6016 5167 6274 6734 167 5966 3573 3128 6786 991 7628 0 5561 1825 1358 8571 8267 5276 4028 6502 5419 1103 621 5898 2780 4114 4657 6401 7238 7569 2949 1778 5117 7726 4567 4475 5798 4865 9585 3826 1398 8031 5872 5531 330 4627 8974 4171 1264 2764 6202 6682 4563 938 1771 7515 6418 1395 8099 1783 2229 9734 9421 3231 9737 1269 9787 1845 5075 7797 5068 6321 2967 2347 9679 9640 6913 9033 9933 9243 4805 3809 8595 4208 6998 3238 8181 6082 1623 1012 2635 4577 9630 7447 564 6595 364 9061 7887 4250 4048 5855 7109 9819 1546 3315 2620 6477 3111 6049 9766 3474 6703 9 2445 6709 9447 322 8275 1431 6569 4404 9667 5894 4102 4115 657 5537 7748 6701 5305 8018 4132 9190 5984 5083 1102 3148 2803 8527 1356 3834 8524 9206
3660 9992 8248 9906 7436 8887 3025 2105 1582 8038 9456 4495 6820 7898 3123 3483 1894 5561 0 5859 1622 3574 8449 3556 4378 365 3977 7018 6985 2260 8682 98 563 9825 3414 4304 3809 7926 6911 5255 7140 6585 5565 9697 2124 3862 9918 9641 6322 5600 7301 772 1740 6566 4670 1853 9705 665 2096 3320 8526 9450 8447 802 1827 2361 8720 4233 1444 9414 5692 1023 4332 3526 2128 5773 1495 9725 2554 2622 5921 9118 6116 6878 2905 1505 3838 1909 5199 5429 7984 872 1608 9845 6591 6895 5737 3085 4133 5661 6276 6167 5850 6952 7596 9934 7500 6350 3232 3149 3181 3731 6029 2612 4546 5739 2721 1726 389 64 4402 8192 4284 2415 3113 8905 267 9109 6688 8764 2821 1845 3991 6276 1314 4833 1284 1291 9586 4792 8911 6483 2979 5156 4582 8155 9752 5075 6251 6152
1845 2925 695 296 7518 4084 9441 9248 2071 3076 5232 2604 52 4242 6606 8293 485 1825 5859 0 3007 4445 9622 7267 841 615 6591 9967 1203 6287 3325 7442 5627 2338 3213 7838 4983 1415 2089 7534 5601 3604 446 3044 4380 5568 1196 4705 1414 706 4673 3277 5151 3441 393 9739 9225 3177 1170 3318 1307 8379 2849 4850 4776 6643 5354 4161 4724 2248 5650 9739 7111 2991 3715 7300 4407 7224 2079 9183 8707 595 4848 7632 8077 8237 9185 4184 5606 1076 7023 1852 3420 8209 9262 6244 7062 1638 8728 6182 7227 1847 6866 512 4806 897 7692 4230 8078 4621 5636 5899 4624 5733 2494 6642 3145 154 6148 382 9934 8582 1138 2685 6952 9674 5282 7890 8991 6123 6005 9450 2683 4543 7520 9397 2626 944 7802 8381 4320 7777 8148 9968 995 6671 7180 2112 5800 285
7494 1640 1125 6556 4507 6738 6281 5348 5740 8523 3085 2446 292 6569 7514 4875 1549 1358 1622 3007 0 8987 3335 3316 1187 9885 990 4270 1867 4967 1923 603 303 9886 9937 3741 9140 9580 3389 7174 2476 9783 3599 7046 840 5798 5282 1518 3791 2634 6624 8169 3232 5088 9595 9347 9541 433 470 3962 9749 7339 8614 9265 9948 7428 5954 9450 1055 8963 7326 7761 6029 6625 7733 8693 7269 1680 3619 3528 2238 6128 1009 4787 7970 1917 7711 9596 5002 6712 3472 615 4602 7816 1582 7735 2239 9144 408 3524 146 8409 9729 4045 2524 1909 1902 8484 9609 9872 6161 5826 73 9799 9293 3564 2373 5649 334 892 7888 9162 8339 7599 2568 394 9129 362 1776 7076 8029 2714 5357 483 1590 129 5439 7198 1577 8118 2528 9267 7692 9005 7949 2252 853 4322 7228 3943
3426 3650 1705 2250 570 2833 5503 6270 9142 94 53 2524 3855 394 6467 1849 8392 8571 3574 4445 8987 0 542 4027 3090 2602 8389 1111 9786 990 2973 4772 1709 4821 2452 5308 2231 5015 5937 3996 3224 3077 4218 8177 4060 6651 609 4903 9093 5762 3428 4014 9924 2308 9595 548 3444 2092 3484 9657 6691 7507 8758 8067 1223 443 3717 4030 1127 7216 9058 2175 2618 7016 7872 4328 1063 3028 7021 1619 5023 3757 5588 1617 1984 5882 310 490 636 2547 5456 1766 8862 1649 1592 8012 1386 9546 80 7055 1484 2222 4700 9137 1794 3531 7428 4438 4779 6961 7000 3858 9313 5568 5616 5328 3157 8293 4359 6862 59 9172 8956 7775 8773 4165 5055 9117 1917 9162 7846 4500 1476 3195 6066 4230 2757 6237 3638 1994 3981 86 8076 3049 3622 6955 2156 1124 1311 8033
3397 7647 8100 2199 8427 8057 4978 2416 7441 1958 9 5443 9212 9165 9197 3663 396 8267 8449 9622 3335 542 0 6133 9957 9953 1619 1839 4025 5236 5502 9710 4902 6241 1994 438 5525 5178 4687 2212 3032 4532 4446 9372 9705 3885 870 893 9734 2719 7484 7498 5607 369 661 9865 2875 1630 6205 3684 2657 611 8554 9396 2154 6110 1509 7586 866 242 6018 5529 6155 7485 7357 7460 9030 5257 7089 5632 1584 3424 3686 3167 1138 3212 688 1844 3237 4822 900 7377 4205 3406 4129 386 4230 26 8633 6217 4099 8080 3906 4883 7158 4269 9899 9039 9035 7371 3180 416 4508 9841 7997 8162 1973 3348 5154 6250 1094 7283 7102 3986 6137 4652 9771 5768 5314 7761 8236 7272 1883 3929 4155 24 4836 449 8412 8006 639 9737 1047 3623 2725 326 7644 4995 619 1693
1938 7549 3292 3897 8939 9783 5103 580 7756 5628 1384 6744 123 9138 9213 7554 2081 5276 3556 7267 3316 4027 6133 0 2620 5799 4889 795 5121 5278 9136 903 7566 2194 6697 3836 7898 9499 4609 3939 9499 4611 33 3499 34 8756 288 9510 9510 949 4141 4794 2061 5509 1526 2782 301 5326 612 1987 6403 8792 3258 8198 6376 5420 2665 8048 3135 8028 6774 2721 3819 6859 2521 1685 208 5521 7190 4655 2628 3923 4465 95 9696 5354 5557 4206 4252 9172 8193 2018 4103 9502 7281 8376 4924 3621 6929 8404 6583 9667 5527 3066 6540 6287 3509 128 6342 2005 5052 9891 709 7507 9043 810 530 1425 2752 392 6607 8487 9242 6805 2103 4650 7446 1294 2131 7357 2220 8573 7051 7455 6892 905 8277 8429 4163 6839 8818 6570 505 3929 9893 5018 2126 2398 916 4199
931 3873 104 4042 8146 6434 6872 1607 1666 5277 6307 2079 8798 1154 5109 545 3045 4028 4378 841 1187 3090 9957 2620 0 419 9300 5608 3602 6293 3857 7414 8878 1706 8765 8305 9059 8168 287 5255 8462 2420 4460 9852 9370 6105 7648 3922 75 5951 4689 3076 3469 3042 769 713 9163 463 5359 1816 6889 3609 2856 6516 1217 9275 7449 5873 3521 1894 4317 4067 5725 2959 5876 5376 4970 2671 4863 5934 277 1347 9228 4275 1855 9774 1353 9861 3728 6951 1748 4090 9791 2422 9661 9472 7332 8828 5812 7784 8699 7809 6956 3159 9106 3024 3367 4689 7310 3808 3772 8015 8865 8890 5071 3479 3301 3974 3801 243 5946 2063 3676 6226 4191 5877 7154 1670 8792 8330 1193 9001 3888 9863 2203 8911 4436 4562 155 5880 3685 8130 1573 6572 2902 7564 9637 9512 7932 1757
942 979 239 5200 8068 3931 8798 15 5311 1637 4077 9368 5755 9634 5661 8682 7877 6502 365 615 9885 2602 9953 5799 419 0 7900 3714 2406 6760 8150 7748 8555 5045 8821 2693 8164 160 3100 1881 6388 7550 1735 9317 5387 9985 8198 7950 5121 8358 8785 1713 1770 3686 2811 8276 7297 7502 5712 539 9021 2574 882 1214 7830 5591 659 8767 393 9560 4135 8509 6315 4354 9012 7658 4438 8171 7545 5500 5578 9631 9163 8571 5090 6575 1240 1381 9926 2002 6267 2336 392 5947 1018 3696 1775 8633 7813 8363 2181 4730 6398 6398 4682 8722 5611 5124 919 6595 3376 2327 6576 4001 2330 8058 5188 3801 181 8677 1437 8368 2439 7908 5444 2612 2007 626 6204 6477 8958 296 8604 716 3977 3851 967 2441 8174 2478 6713 4688 1068 527 5942 5577 4123 4105 5016 4007
3528 1963 3130 2721 2029 6748 3273 9322 6088 5612 5898 2788 8791 5482 8408 4771 4869 5419 3977 6591 990 8389 1619 4889 9300 7900 0 8767 1969 4011 8980 8277 7368 8051 9061 2069 7635 1150 8654 9728 7146 8697 4479 8650 9295 5379 5170 6597 9490 6616 1336 2576 7515 4434 8255 4080 960 4091 3557 1057 2294 8411 7869 803 4487 1544 4125 6242 166 5196 3979 3321 3151 3969 1822 6216 1374 7436 5987 7392 969 206 7617 8415 9925 1642 4077 5182 9750 1963 96 4897 933 4775 1439 7066 445 4467 4895 1129 7134 8937 7803 7322 7283 5344 4137 1819 7071 8381 2971 9205 6356 6571 9501 2610 6008 6804 6037 7865 6796 1240 2944 9606 8005 4032 7977 2830 8506 1293 9258 33 6515 634 7663 454 7691 560 494 6042 1383 1984 3568 3425 347 5358 6751 3505 2359 9846
5694 9202 3658 6261 8464 8919 4715 4304 7880 6538 629 1992 3423 1387 376 3468 2783 1103 7018 9967 4270 1111 1839 795 5608 3714 8767 0 3398 9365 5918 6025 118 6360 4213 670 5782 4805 9383 5969 4263 6779 9993 2026 8185 6141 1318 7410 401 6851 9309 8074 438 6469 1703 6759 5323 8930 8755 1841 1531 3252 9130 8720 7581 6438 5988 1480 3049 6766 1885 1706 8120 4503 429 1772 2683 7322 2142 4244 9056 7506 3445 3849 3713 6226 5695 294 5282 1530 6804 8239 4796 2335 8195 908 5849 3178 1973 4892 7417 890 3496 9054 6329 577 2577 8475 2334 4459 6151 8770 9764 9034 5695 8639 3147 1815 5936 6741 3284 3001 3317 6251 5443 8357 6943 6209 7514 2724 1388 769 8721 4945 2620 4363 9890 3920 3814 9164 7469 6304 5408 9900 5513 1049 6719 6538 4412 3561
700 2010 838 4105 7885 2242 8589 4342 8502 8766 5916 8495 3330 921 742 1489 3109 621 6985 1203 1867 9786 4025 5121 3602 2406 1969 3398 0 5447 2737 1049 4130 5185 1372 7325 9277 1248 2637 293 5177 435 4698 3937 9830 50 5331 2640 4798 9713 3213 6844 9657 5068 54 5534 3718 4913 7974 2688 4127 6007 740 319 8393 6360 4262 2404 2719 5449 2910 3318 9000 7013 3535 6164 4613 8649 7460 3383 2651 4731 657 881 5606 6191 179 5110 5544 5681 4208 7836 8940 2479 737 4812 7346 6457 5069 733 632 9251 284 5334 3700 2721 4424 3076 5804 3581 8373 2338 7882 9909 1780 6343 3339 6545 2088 6389 4219 6460 5499 587 679 6399 5163 9579 3315 6715 6837 8004 8118 4153 37 1175 5273 9706 9116 6877 118 797 656 4722 8023 492 5105 2046 6915 2852
5869 9188 8670 9086 7984 3636 4064 8412 1350 984 6722 8887 5650 5463 3672 6940 9454 5898 2260 6287 4967 990 5236 5278 6293 6760 4011 9365 5447 0 2743 8425 260 9769 5587 3201 7047 4869 2037 2779 4879 4537 3179 198 2664 6954 2691 229 4173 1801 3949 7110 4729 7220 7418 448 9920 2828 3282 3911 351 3897 4218 7453 2588 7535 6171 6507 217 6728 8187 1062 4801 3677 4507 7970 9859 3133 3383 885 4505 1762 9426 5117 6761 9301 2673 69 8743 7619 5886 6284 3052 6251 8834 8784 5048 6248 567 3045 6316 1627 5345 8009 779 5145 1256 9376 9480 5511 8424 7353 8382 1281 4340 8802 4103 5421 3675 4932 7907 652 1196 4532 9237 2772 8117 6543 7835 1653 8390 7079 9140 2171 5471 9105 4708 4737 3049 461 6518 1939 5160 1279 1047 3549 8279 3846 3774 6397
6138 7259 7905 5608 9195 5751 7476 6641 7308 5831 6437 6547 5515 6480 6971 6804 5716 2780 8682 3325 1923 2973 5502 9136 3857 8150 8980 5918 2737 2743 0 1323 7902 2570 9422 8881 3112 6336 9209 1492 9049 8509 6954 8909 10 9592 8761 3592 2328 661 4134 7400 2241 5569 7427 8147 943 6249 8750 557 1634 6893 5532 7983 780 249 9120 342 299 9337 1987 4530 4686 3397 8963 922 1292 8545 4168 3696 826 4134 5211 6301 8015 6925 4983 8816 3229 3450 7828 5582 7199 6000 8474 9989 7811 7153 8435 9030 3213 1372 3340 3716 7911 9091 568 8199 6890 4544 2713 3927 952 6723 1669 1826 9303 2282 6725 545 9393 7343 1772 726 7139 2466 5480 451 5800 3358 6986 2345 9591 5819 1286 2578 611 3342 2950 8670 6527 2504 967 8400 7345 3520 9135 4155 3849 5773
7410 2357 7124 6793 6217 1941 8006 7649 720 231 5739 3770 3590 7772 3234 4261 5169 4114 98 7442 603 4772 9710 903 7414 7748 8277 6025 1049 8425 1323 0 5809 2040 2265 8698 2088 4232 4533 9992 8641 6045 6570 2922 7966 5176 4615 3005 6584 4423 8108 8711 1280 6204 7932 1548 4141 3982 3022 2394 5610 3816 5100 4172 9551 699 2449 943 1165 7337 4877 1390 9974 1049 5969 8821 9341 2855 1592 6276 9362 5829 9271 5608 582 4389 1523 5673 5004 466 8980 2233 4785 5205 5166 4290 738 1404 604 3947 6343 6671 706 4484 458 833 4565 7310 8725 4154 3755 2202 9437 3198 2671 3710 7212 9124 2603 4481 8056 5978 3606 5882 4291 2692 2523 4866 6154 800 7128 4604 6070 2808 871 9991 3219 5309 5198 4162 8909 2002 7661 9092 159 6060 6290 4883 5843 3276
3978 4310 1838 6105 4557 2436 782 1677 463 2673 6794 7992 6619 9220 2599 6976 8784 4657 563 5627 303 1709 4902 7566 8878 8555 7368 118 4130 260 7902 5809 0 99 8074 4584 6393 6211 2598 6999 7719 2025 8203 2740 7755 1944 4017 8284 4605 9807 593 2571 8587 9813 8659 7567 395 9524 8582 9102 2270 6094 3292 5240 3973 8330 8133 6397 7384 6001 6030 4403 9273 8457 1903 9218 6392 8559 6171 3828 1636 5249 6946 7624 6786 3939 7101 4505 4683 8995 5726 5336 9134 9059 9229 639 5337 8641 3864 4070 4205 490 7336 2217 8473 7318 8020 6226 7111 211 9434 663 9536 8696 4535 55 8327 5165 9607 9644 1086 7617 4011 495 1986 6065 8451 5098 2454 3606 6910 3141 1426 2858 6092 8294 5327 9056 8351 6036 8109 3836 6536 5819 6002 9412 1208 2319 8302 7142
7389 4516 2907 614 4176 7142 7375 6187 6472 6807 2906 8790 9237 6484 5308 5790 3755 6401 9825 2338 9886 4821 6241 2194 1706 5045 8051 6360 5185 9769 2570 2040 99 0 2752 4848 9942 4175 5145 8427 7646 8545 610 6614 8176 5739 1271 1498 1801 2935 7669 3031 6491 1410 9761 88 5884 6577 4710 4732 3248 6627 3600 5651 7728 7203 289 4028 4949 1338 9030 5827 576 6770 6599 657 1515 8704 6370 5735 2844 5795 1229 9203 4019 5507 1728 1083 9989 8856 58 6714 5092 7138 3054 8143 8673 7784 6865 4156 3378 8406 575 4725 4242 3114 976 9462 3653 9259 8036 9580 5092 3532 1722 120 83 6659 4241 57 4459 4119 8087 8172 3291 8793 4512 1179 7733 4278 2161 6837 9787 3626 5733 5679 5514 4804 9320 9464 9417 8417 583 8677 7565 5421 5474 7998 5396 284
1340 8967 7222 4203 3619 9492 8049 9639 4947 3735 5430 2706 5945 5722 3650 2008 2861 7238 3414 3213 9937 2452 1994 6697 8765 8821 9061 4213 1372 5587 9422 2265 8074 2752 0 3939 3340 6223 5405 1841 146 9845 9499 4730 2691 945 9539 5437 3841 9257 3938 731 4535 197 4015 8964 5217 1074 9437 1670 8542 4732 513 257 8634 6005 5285 7560 7114 4647 1427 152 1221 5893 7472 4858 6122 7026 8579 8965 9983 1399 8641 3839 420 220 5335 3812 3377 3618 3431 6587 4931 2235 6551 210 8249 599 6140 2211 6261 5684 5507 8535 183 7248 241 3850 8044 4183 4008 5073 1304 9392 1669 593 7153 3960 5629 5066 1390 6674 8331 8193 5403 2688 2917 9748 6342 5335 4008 7217 9413 7068 1310 765 8538 4171 2353 2406 7310 3344 459 3671 1384 3409 5217 1148 9056 1980
2050 1527 3799 5737 7761 112 511 9685 8973 164 4097 2064 7146 2082 8624 5700 6607 7569 4304 7838 3741 5308 438 3836 8305 2693 2069 670 7325 3201 8881 8698 4584 4848 3939 0 2111 167 5357 5311 7096 3669 8471 7692 2833 1214 1645 3009 2657 8862 4098 5838 7671 7035 4647 4274 5916 840 3974 3124 8814 2795 7827 8520 5528 8637 2203 2178 6107 8967 4436 7776 9651 4177 4722 2181 8835 5261 177 944 9814 2345 792 5532 4544 9436 1421 2335 4800 8149 5901 5728 2080 7747 3049 4716 1755 3436 5414 170 3648 347 1624 6831 2959 6504 4850 7041 212 1874 7303 9001 468 1075 9842 897 755 4994 3849 1216 275 4267 2955 9860 3323 7392 4954 8368 1131 8182 2722 1743 4040 2572 7035 7855 5073 7657 725 7404 9362 7291 9493 5196 3560 2133 6417 7419 2895 6614
3507 8992 1898 1721 7827 7643 3842 6614 5172 5772 2469 2663 5530 9597 885 7062 6275 2949 3809 4983 9140 2231 5525 7898 9059 8164 7635 5782 9277 7047 3112 2088 6393 9942 3340 2111 0 2215 5218 3628 4839 8079 1359 3490 1208 8013 364 7278 4668 6618 5333 3435 6772 2371 5211 2237 2908 9809 3169 4744 741 159 6024 852 7610 5633 8877 9261 7674 9478 5173 885 4034 1944 7882 2815 2182 7868 2989 6741 6716 2163 5151 5492 7581 6293 189 6528 6012 7335 2527 2577 7574 7491 5662 9666 1232 6805 3012 1175 3339 2564 9907 6764 1102 8134 2731 7347 1056 1207 3849 8354 6439 7400 3020 2827 7631 2532 3260 5829 188 6230 9585 680 9601 5771 1078 6313 4915 3308 7326 5750 8999 7301 600 4385 1440 4142 5008 8741 9752 6241 1374 1348 3561 7475 8691 9417 3415 8746
8628 8787 2292 3761 9208 5514 4139 2454 2002 1991 8188 7191 4478 7022 4380 1373 4710 1778 7926 1415 9580 5015 5178 9499 8168 160 1150 4805 1248 4869 6336 4232 6211 4175 6223 167 2215 0 4197 4979 374 7180 4827 3122 3745 1813 2692 4974 4347 2985 2627 8011 9743 9301 234 5772 4973 614 4949 431 9486 2711 1084 1029 8870 2226 7678 4874 754 5388 8930 1008 4404 5452 9668 5768 2559 9671 5624 1769 375 1244 4419 5652 6052 6409 4188 5016 3795 242 5630 8652 4296 5353 9006 2486 3159 3448 6622 8626 7232 3220 8372 1949 6983 5038 3573 2029 2165 5890 6070 6711 7249 8849 2316 8120 8892 6272 6741 7075 4549 9349 6528 2324 8998 4956 2473 3634 5955 6435 8051 6606 6977 6936 9268 1561 9567 8644 5780 1244 9646 1796 1371 409 2209 6339 1901 2638 9205 7390
8466 3247 5025 8115 7502 4231 9758 313 814 1007 9490 7384 5780 4753 50 2312 5011 5117 6911 2089 3389 5937 4687 4609 287 3100 8654 9383 2637 2037 9209 4533 2598 5145 5405 5357 5218 4197 0 7461 2504 8920 9657 3500 5610 4530 2890 9873 6240 4002 6852 4733 708 5245 3293 669 1386 3908 9254 8726 6837 9796 1420 4607 3342 3730 7184 7407 7452 3043 2701 3792 5732 1483 4057 20 8993 143 9850 686 8580 9414 6785 3226 639 3469 6417 8390 5478 2685 931 9369 470 3472 8438 9141 2237 2816 548 5750 1118 2244 3851 9692 9809 8186 5327 8137 2317 6146 5798 2079 2368 8142 66 5801 3420 1034 642 17 8160 9878 7779 5498 4053 2927 6511 9114 1635 6127 2922 8574 8538 1636 3921 2647 64 3003 3434 6774 5249 501 6012 4991 7507 49 6555 5529 1646 3641
3563 6894 2573 9975 4677 7385 8576 3868 6347 1654 9583 5636 4486 6670 4898 7996 3078 7726 5255 7534 7174 3996 2212 3939 5255 1881 9728 5969 293 2779 1492 9992 6999 8427 1841 5311 3628 4979 7461 0 5158 9885 6259 9141 6937 6879 9378 9392 3682 9613 5351 5892 2989 9784 5290 1441 3893 6218 7341 1203 4967 1940 7889 1583 3496 2 2745 1311 1645 3471 7133 3408 5197 5510 7326 1826 2025 5076 1509 7406 6321 4455 874 5613 7566 6095 9434 2824 2581 4168 5930 3693 1911 3805 6093 1240 1984 6957 9266 8709 3951 3004 9001 2784 5371 5372 6597 6449 4557 1746 5400 9173 596 4233 9075 2243 4217 1774 7887 274 7206 4581 5215 7864 3669 5251 8420 9722 8799 4503 7328 6673 314 7194 7599 9726 4927 5524 8200 1113 297 3002 9273 332 7741 9103 6027 2984 6784 520
2803 7096 182 4016 2082 528 9745 853 1629 7864 7921 2976 2191 6925 1508 7298 6515 4567 7140 5601 2476 3224 3032 9499 8462 6388 7146 4263 5177 4879 9049 8641 7719 7646 146 7096 4839 374 2504 5158 0 2803 7567 6047 5904 8547 6362 6978 6713 1543 9740 4374 6392 437 7835 1424 4114 6279 6836 9478 9922 457 4588 3288 3782 9000 4479 8245 3388 2885 1557 879 50 7419 4182 4056 4093 8295 3423 8530 7510 7077 5464 7388 9536 6075 39 4702 8011 3879 7050 1135 9524 5523 1488 8365 9122 9270 8215 6924 385 8005 1681 9362 1431 1009 2359 844 2229 9498 680 6402 3585 2119 1248 9995 8571 1821 2299 6352 7199 2489 8964 3464 1460 2844 7366 4089 6567 1604 3828 9506 4852 2847 5568 6095 7563 9710 8737 2779 7858 8840 2251 9898 9339 6428 8764 6196 9721 1049
5157 805 114 7534 7055 3270 5491 6853 6636 6783 1636 9548 7555 5800 2383 3698 1329 4475 6585 3604 9783 3077 4532 4611 2420 7550 8697 6779 435 4537 8509 6045 2025 8545 9845 3669 8079 7180 8920 9885 2803 0 6359 529 869 5946 9839 4278 5980 4585 8552 6265 4927 9297 6820 2687 9991 7617 4362 1672 454 2865 6946 6222 3574 698 66 5612 2081 9950 2678 4075 8397 6886 6013 8239 3909 9365 6814 1481 1417 292 5638 7702 9313 8232 9406 4226 1844 8300 3394 22 269 5967 2552 4413 7008 9946 7803 2150 7267 7841 5969 2251 9095 8650 7485 9879 8655 7237 5161 1083 270 2396 5572 7076 6652 4328 7080 7302 3620 8958 3025 5522 9276 7337 315 6097 1193 8635 7250 7120 9256 2096 330 2556 2939 3062 1272 3772 8286 6887 589 773 1950 7778 9659 8374 7927 9899
9963 5363 4052 2049 8365 1122 340 4455 7786 812 6111 8423 4546 9618 6416 2277 7036 5798 5565 446 3599 4218 4446 33 4460 1735 4479 9993 4698 3179 6954 6570 8203 610 9499 8471 1359 4827 9657 6259 7567 6359 0 920 6126 3867 2473 2440 3962 2676 2115 3260 1572 3012 5783 6160 3896 3052 1529 628 5141 7671 1054 8595 6451 3232 3993 5153 6119 9284 9640 7850 6004 6839 1594 4350 2070 165 7415 2826 753 9484 3355 4200 4748 249 6232 4969 8457 9090 7690 288 6809 4673 2080 7214 5620 2821 3935 6919 6982 4039 9353 361 3399 7435 8054 9920 3000 1389 6979 5488 55 483 1953 2399 9402 8519 7725 3616 8070 9385 9881 3207 9317 237 2494 3128 5516 819 7586 4103 6666 5637 3362 7260 8792 5899 9049 5272 4989 1849 9722 8254 933 1732 6254 4809 4304 3359
9780 4014 951 6196 330 5834 6568 9878 6459 1582 5365 8924 4021 7823 8501 75 8353 4865 9697 3044 7046 8177 9372 3499 9852 9317 8650 2026 3937 198 8909 2922 2740 6614 4730 7692 3490 3122 3500 9141 6047 529 920 0 1577 503 7118 1313 5521 7987 9461 6438 3683 3293 5684 923 6885 863 5756 4903 8475 6630 752 9119 4592 8847 1013 6887 724 2639 408 5111 1376 4552 3763 8386 1090 2364 3029 8847 3376 323 8278 9704 5370 906 8218 1643 5285 1832 3658 2762 6707 142 3288 8010 3584 8769 4287 6008 9765 6814 8144 6865 6015 4791 6570 1776 6661 461 7755 9683 504 6406 5545 4999 8604 5652 7763 7463 6349 9919 7191 8754 5706 7233 8593 422 1284 3329 1976 7496 3818 7304 5959 5067 7498 3134 8345 3076 4220 8846 2935 4157 669 9870 102 1917 7283 9508
6243 9129 5278 5794 7728 2665 4985 9128 2973 8417 6786 3573 4029 211 4268 4749 2378 9585 2124 4380 840 4060 9705 34 9370 5387 9295 8185 9830 2664 10 7966 7755 8176 2691 2833 1208 3745 5610 6937 5904 869 6126 1577 0 9046 4955 9239 2626 2857 3354 1093 554 3835 7486 2462 458 9626 834 1449 2070 3798 8201 1477 3097 5627 5246 7332 8020 4853 7222 6604 8064 4231 6967 4113 94 3768 4512 3180 7651 3076 3930 8618 2985 1048 4927 9623 8949 2646 47 6271 1104 4004 4161 4178 4987 5779 6046 7623 4570 202 7550 7060 7420 902 6490 3216 2983 5978 5895 7309 5170 1843 1089 1679 5828 3779 1591 1469 3136 3297 7210 1348 163 7768 5466 4209 5919 1654 3845 4692 273 7328 859 7781 6976 2803 7139 8701 6736 8025 6892 5434 6675 2830 5305 3138 357 602
5565 5155 5533 2044 3493 3331 9678 9026 2887 8831 2559 2338 6088 6542 7882 8223 537 3826 3862 5568 5798 6651 3885 8756 6105 9985 5379 6141 50 6954 9592 5176 1944 5739 945 1214 8013 1813 4530 6879 8547 5946 3867 503 9046 0 8365 3892 7433 2453 2406 1789 6642 638 6172 9937 4239 6479 349 1860 5742 1409 4209 597 9758 2875 3816 8158 8244 2598 3792 1164 630 1824 749 4876 8779 7204 9797 124 303 536 5566 2333 5584 4270 7729 5711 9757 3462 7398 3689 8954 9899 6892 1328 8336 630 7535 8037 7539 5620 261 7267 3720 7821 8024 6769 5378 209 7116 1435 4551 7961 2726 9618 4322 4334 8145 9054 8926 2059 8555 2671 3397 4845 3346 8674 8245 1508 4272 3673 9560 5459 8411 6068 1182 6380 9879 6245 2791 7542 3329 1056 5578 4283 5899 138 2946 5343
2874 5814 1199 8871 5833 5954 1737 160 9007 8794 2539 6770 5510 5505 3757 7549 5535 1398 9918 1196 5282 609 870 288 7648 8198 5170 1318 5331 2691 8761 4615 4017 1271 9539 1645 364 2692 2890 9378 6362 9839 2473 7118 4955 8365 0 9057 424 6681 1126 9801 9897 3208 8586 3828 6082 2444 7306 7265 1306 831 6219 1819 7170 8532 1643 3316 2047 9762 5417 3934 9089 3702 3120 4229 1988 6935 8367 6276 6695 1256 2690 9771 4989 5038 9414 30 2373 7069 5501 5797 7394 1136 1649 8738 8502 1686 9602 3530 9691 5375 415 3467 8994 9603 2535 3810 6689 8055 7849 1449 6520 4034 2082 3179 8300 7882 4178 1928 8934 2077 2004 5774 6087 7095 1825 4602 5218 7413 1522 6062 1938 2360 9414 4449 4813 5375 6012 5594 6555 9034 9628 9067 9241 4059 713 4252 9597 1139
2828 4410 8305 9804 4264 7501 5588 8481 2675 8196 2110 269 8217 9757 2370 1445 5963 8031 9641 4705 1518 4903 893 9510 3922 7950 6597 7410 2640 229 3592 3005 8284 1498 5437 3009 7278 4974 9873 9392 6978 4278 2440 1313 9239 3892 9057 0 840 5847 1421 6900 8854 5038 3608 4445 1449 150 4928 9771 9830 8135 1220 6617 9660 4733 6924 4581 4091 3661 9332 4735 9708 6615 9999 1170 5392 9116 1331 4776 7690 4069 5346 8760 2719 6183 9939 4160 1920 5517 5940 5040 2966 4998 7855 5116 315 5841 1408 2784 6510 5838 5979 202 1343 2853 3098 1290 9976 3852 4683 7821 9532 2756 3349 7720 7796 1983 2090 5870 6527 3344 8898 8765 8780 1214 8453 3940 1508 2073 927 3149 2691 6888 7489 8218 7504 5053 1126 5270 1847 1833 9435 1020 9435 7413 3257 5426 4970 8317
5387 8068 3029 7335 468 7956 6632 8353 4857 9494 1717 208 3622 5575 7026 5291 2134 5872 6322 1414 3791 9093 9734 9510 75 5121 9490 401 4798 4173 2328 6584 4605 1801 3841 2657 4668 4347 6240 3682 6713 5980 3962 5521 2626 7433 424 840 0 268 92 6712 130 4220 1080 3039 4238 8563 3262 2815 4947 3334 4561 8313 9652 9290 7562 2541 5661 7648 3029 4915 7687 8277 9696 7120 5512 503 3321 8621 2015 68 1432 5370 7165 9596 5742 2069 2682 8110 5354 1707 9731 1626 4846 2491 450 3748 9552 3015 7065 27 5617 7572 6702 5211 1725 1821 4439 2829 1655 4683 5837 7356 3729 5828 4336 3414 4117 3689 8972 1398 1901 4141 9023 5271 6009 7642 5321 1874 727 6988 8190 8741 9994 4202 3465 6221 5170 375 6836 161 6028 212 5761 3558 8359 73 1339 8732
7617 3554 5792 9639 1034 3743 3523 7963 5602 3089 7223 7924 8430 5678 7750 2621 1764 5531 5600 706 2634 5762 2719 949 5951 8358 6616 6851 9713 1801 661 4423 9807 2935 9257 8862 6618 2985 4002 9613 1543 4585 2676 7987 2857 2453 6681 5847 268 0 2244 7636 8622 3271 5107 5364 5724 4543 259 6435 3362 2175 627 2574 7801 9737 1381 2003 3252 7716 3219 4627 9064 741 2403 1572 8422 3441 7573 5094 9219 5825 2471 8855 1676 4226 6283 9265 8301 2457 1834 1949 9258 9715 6294 3516 2508 473 2383 2244 6312 7399 1838 838 7093 3363 147 7820 6036 8873 4916 276 2956 8956 7730 411 5046 3640 8324 882 3370 281 1188 1403 8755 9568 7768 6781 2129 1047 8070 8795 4751 4966 6466 5103 9471 613 5703 2999 8635 1348 7891 9003 5771 245 2938 2929 2002 5057
6312 9318 1605 6617 8197 5012 3543 7007 9634 493 1657 606 7674 5331 6905 8218 6489 330 7301 4673 6624 3428 7484 4141 4689 8785 1336 9309 3213 3949 4134 8108 593 7669 3938 4098 5333 2627 6852 5351 9740 8552 2115 9461 3354 2406 1126 1421 92 2244 0 7345 4585 1998 8426 8589 3402 6737 2565 5651 4219 2218 6683 9985 6100 3456 3228 999 7122 306 3897 5206 8482 3268 2331 4206 2432 8621 306 1844 9067 9061 1401 8111 760 5460 2217 8588 8350 7041 1964 6953 4113 4245 4461 3996 1669 6548 3707 1479 4478 3592 124 1909 5447 8937 4037 8580 4058 9157 9585 83 7655 8077 5992 8705 3290 4037 3997 6963 607 6022 8293 6323 3722 8054 625 1976 4264 1008 9218 8074 9012 4397 5148 4188 1226 9160 229 6809 5749 9692 4220 6277 6534 8034 4448 6114 3504 5123
9553 6860 3826 5791 5416 5951 9522 6587 9164 3343 8681 6843 7087 7550 4766 532 7414 4627 772 3277 8169 4014 7498 4794 3076 1713 2576 8074 6844 7110 7400 8711 2571 3031 731 5838 3435 8011 4733 5892 4374 6265 3260 6438 1093 1789 9801 6900 6712 7636 7345 0 3335 8013 692 8874 8337 4937 1957 9696 6393 7105 7449 271 6398 2902 1648 6657 3367 6469 4277 3435 5276 3194 8831 4101 9245 6297 711 8052 417 8719 4862 7979 9843 7921 5580 4084 1135 9898 4351 5916 7233 5886 3895 7683 579 7218 9059 6637 5385 2884 3738 2079 7153 2404 8341 4190 6845 5734 292 4846 9850 6115 1467 4102 8351 536 6293 2901 2420 1058 8501 6855 6009 5040 1601 2966 6384 3570 3398 6520 1352 9393 9254 2120 1182 813 925 6261 8222 1324 8240 1155 9632 8955 6702 7050 370 8189
5986 8696 7470 82 9504 3319 6701 714 878 7598 881 4918 8660 4668 614 4241 2025 8974 1740 5151 3232 9924 5607 2061 3469 1770 7515 438 9657 4729 2241 1280 8587 6491 4535 7671 6772 9743 708 2989 6392 4927 1572 3683 554 6642 9897 8854 130 8622 4585 3335 0 9072 4188 6622 448 532 3122 6475 9067 9325 7720 5135 1628 563 8773 7796 9318 1904 5024 2226 9444 6930 7157 4147 5056 6637 822 1084 3266 5488 1472 3026 4412 3169 8737 1870 106 6782 2339 1963 7331 4864 2178 8230 2615 691 878 4177 6025 5108 7814 4764 6242 5102 8497 3203 6488 1479 4663 7931 2507 3547 1494 7068 8736 853 3800 1122 1932 7446 3453 7206 5613 2578 6080 4471 6288 5146 5815 2786 8629 9604 1156 1664 1118 4412 5141 6350 6068 9056 4810 5892 3003 6057 7506 4220 6559 3392
7251 8142 5955 2257 4548 5119 1289 2510 4968 1374 8452 3716 8972 3984 1077 360 1837 4171 6566 3441 5088 2308 369 5509 3042 3686 4434 6469 5068 7220 5569 6204 9813 1410 197 7035 2371 9301 5245 9784 437 9297 3012 3293 3835 638 3208 5038 4220 3271 1998 8013 9072 0 2331 7142 5286 1540 5192 2607 6964 6103 5122 7165 174 1411 93 8599 560 2886 2231 742 8765 4705 2165 9561 321 5584 1338 8151 9258 349 80 6721 5118 7545 443 2303 2293 4603 6449 1370 6013 4645 3323 4715 3040 256 4328 6560 3498 3206 6434 6701 7211 5521 9124 1106 7228 2513 5005 7557 138 7417 6032 7701 6667 6583 9856 9033 4029 4066 2630 6376 1282 3647 5156 7278 9015 5338 7475 2219 6501 5094 1630 3058 3308 3164 9743 7415 8311 3515 6736 6243 9607 7725 7571 8847 659 441
