100
0 5769 3512 9189 9213 1249 1120 5511 4216 4107 5903 8580 2982 9953 9731 7063 4981 6826 414 3885 4788 3551 3793 6548 7180 8346 6064 1717 8010 1963 7934 9580 7665 9492 1515 8622 3794 7456 8691 8324 1369 4048 3090 6065 9903 3155 7782 4821 56 3088 6866 5299 3189 6520 6458 8552 2498 8252 4734 170 28 7987 2779 2246 2613 1136 1002 3281 4191 8174 7222 6857 4949 4015 6535 8728 9536 7872 6658 5009 7925 9166 4859 3998 9823 6993 6228 9179 2960 2233 6994 5552 399 1123 2809 2490 7926 9371 3509 1927
5769 0 3675 3900 2876 134 8513 129 2116 4051 4698 8961 4499 3648 2878 7952 5680 3719 2504 8724 6515 4776 8806 181 9059 3025 9225 4586 3396 5630 3988 2872 6032 9949 6852 6956 9777 4341 5857 6046 3805 2357 9687 7032 8260 883 4373 4234 4507 9915 4527 160 8245 8713 4965 9531 6419 2322 9701 8309 6848 1330 5433 5144 542 6030 7713 4047 8691 1902 7631 4983 3975 7664 7709 304 6289 7699 7618 7639 1288 2005 7388 86 4818 8460 935 9630 6717 199 454 6023 9190 8146 1181 4882 6172 9458 8651 9494
3512 3675 0 7029 3934 2381 8882 9991 1226 4326 699 2451 3221 9550 569 3685 504 5479 7365 4574 5001 5368 8526 1667 6689 3951 9785 2535 682 7903 9428 9471 5523 944 6144 1824 2218 3193 9791 9016 808 6014 1270 4813 5790 4540 3459 44 1674 6788 7925 6995 3644 3808 399 868 7259 4127 9306 8289 9425 1720 1389 9132 9348 9139 7759 8759 9913 169 6389 4932 8019 1116 1507 2024 2454 4576 5534 725 5552 2344 6165 2787 8436 8463 4062 1198 1910 2803 2216 6854 684 9153 505 8762 1544 3273 6799 1259
9189 3900 7029 0 1181 2934 2744 4394 1033 1056 5505 6730 7533 8696 1020 7949 7871 5550 9742 9569 746 2285 2803 2716 5147 4551 683 2217 2567 3717 719 6733 3837 1029 1632 8604 6155 9446 7187 7704 2062 618 5721 2679 7019 3826 5183 6264 7476 2484 4082 7224 6552 7590 168 6087 4236 1391 61 5338 2732 8968 8381 6374 9951 7937 662 4252 4954 8856 8894 7058 1214 4065 6805 7948 743 6853 7081 9347 7982 5400 8772 894 9570 140 8832 1639 8035 9412 2519 2444 9119 4514 6710 1086 6603 9282 4790 8430
9213 2876 3934 1181 0 3690 8913 5908 5048 4083 5408 7890 9266 7968 3106 6396 9024 5013 7677 2829 9916 8616 6006 4957 9304 3962 1132 9154 9426 6896 2438 9069 4881 1826 4371 9986 6239 6395 3953 800 844 5711 7311 6793 7560 5906 3272 8188 1852 6117 6928 6098 2114 3464 6564 8540 5450 4265 9537 459 4282 1822 6606 4250 2489 3499 1004 9777 8513 565 2249 5148 5494 8511 6353 9999 7801 2699 9971 8526 8152 7832 5615 3474 4909 6130 9563 3664 5419 3145 7842 4261 4570 7871 6126 5910 2736 2802 4602 3716
1249 134 2381 2934 3690 0 1996 9868 8870 8779 6832 2788 233 2355 527 3861 4650 5004 5861 9389 9696 8605 7477 321 5163 2989 8122 5572 2272 4368 9979 2575 8673 6485 5085 971 5593 8395 6241 8035 1325 4982 5472 307 2570 2300 4684 8463 7539 2124 2511 6464 5103 2436 5484 7415 64 4293 1226 140 2851 461 3200 839 9633 9779 3993 7495 6586 7230 4245 3093 7831 9980 9257 221 2882 875 2106 5737 1716 6947 8358 3492 4637 4081 5254 5549 2904 8921 6727 7635 4556 4098 9752 7173 5859 7027 1532 9512
1120 8513 8882 2744 8913 1996 0 2364 4592 4372 6239 2818 1386 1928 6012 1905 5350 5855 6988 6246 3767 6561 7042 3288 5449 4188 2656 838 2887 92 2462 9457 5452 605 2282 2073 4968 144 8999 7727 5523 4772 853 3928 5125 3004 4806 1745 3908 667 394 9718 2082 3568 8382 5424 9301 8202 9952 4879 333 7370 8406 8798 1405 688 2842 7861 1120 3377 3518 4894 3416 9536 4398 8409 1141 9893 6685 4531 8032 7594 8726 7982 7248 3578 5372 5986 8900 4854 3213 5816 6082 1633 3509 7680 3050 4456 7098 5087
5511 129 9991 4394 5908 9868 2364 0 9679 5219 193 4327 1135 3647 4947 8101 3892 6528 6906 612 2906 4860 8221 8671 7903 5626 6013 1207 8204 4013 8628 1612 2568 8381 8738 3130 1931 3772 5378 1067 3722 3698 8170 6035 9262 9921 7434 7308 5389 5367 4799 5635 3552 2700 6099 6607 8163 5734 5843 8028 9197 1089 8469 3910 3857 8777 8867 8312 6718 6755 1315 6658 8082 537 616 7167 2854 4350 1040 1652 7011 199 9797 8799 9638 9166 7570 4065 1789 8848 1724 8688 4402 5950 1311 8566 6541 7350 5136 6852
4216 2116 1226 1033 5048 8870 4592 9679 0 9125 759 9336 3827 2051 1375 707 3755 1268 2066 3328 8020 8246 4563 9759 3070 2489 7401 6528 6484 9379 831 2676 8600 9805 7911 8780 6466 7656 4747 515 5425 2593 6035 9128 5445 1700 1643 5600 2807 7101 6791 6867 819 5370 1539 9530 7878 6907 2148 461 5620 8280 6821 8373 9810 7809 9904 146 4846 5906 7421 4899 5936 6310 2607 1033 7221 389 6421 9251 3631 4185 7762 9866 9386 2370 3717 381 5052 9560 2288 3949 5707 1229 7688 8603 9841 2495 1242 4447
4107 4051 4326 1056 4083 8779 4372 5219 9125 0 4172 4874 274 6065 5232 6796 2684 9424 7322 8740 7144 2266 2338 3513 1562 5723 801 4725 6196 9180 2451 1965 6981 2915 3004 5914 6344 9411 2235 9728 1833 6771 8874 7308 9996 1688 9518 6901 7399 3755 2690 6549 2342 6856 1814 8954 436 8906 5896 7404 1162 616 6155 3073 4993 8537 6296 5950 4387 3387 269 3715 212 6346 9813 5512 7462 463 4503 3071 6220 1407 4054 8451 2598 9964 4830 9940 2004 1722 7578 3241 4739 442 637 7848 7294 1370 8696 8020
5903 4698 699 5505 5408 6832 6239 193 759 4172 0 5010 6288 6695 5235 9540 6017 4098 9500 7055 9688 3928 7604 6962 9078 7084 8121 3919 9810 2826 622 3143 979 2538 5748 725 3149 798 8829 7583 2262 422 425 6770 9793 3819 8311 2555 360 841 418 6350 6410 3354 2635 2351 4485 8635 3144 2105 4918 4391 2826 2110 8485 1812 1626 6581 6714 4148 6253 700 974 6302 1979 4898 8046 4125 4039 7710 7745 2808 44 6031 802 8077 5696 6401 7556 4031 9383 9138 1223 2065 6092 3487 9692 6964 1545 4824
8580 8961 2451 6730 7890 2788 2818 4327 9336 4874 5010 0 1709 9912 8352 5680 5572 1839 3094 1211 2632 4688 3810 8116 8770 6793 3952 455 6646 8225 5575 5951 6560 8833 4409 3951 8435 1674 7559 5892 4404 563 2282 8261 1239 1426 475 4901 3835 3519 1424 7217 5580 1176 6159 1728 8934 214 1226 7101 3544 3060 8505 2291 7439 2204 5267 1563 1677 4069 3178 4890 5442 7391 2934 7881 3825 1967 3054 4634 8294 6109 9539 1942 2616 793 6374 1202 1010 233 5314 2155 1912 2671 2859 1519 1958 853 3256 7651
2982 4499 3221 7533 9266 233 1386 1135 3827 274 6288 1709 0 9377 6236 6357 2416 979 4170 6410 5285 3194 9157 1403 8675 4426 5008 8564 1101 284 2657 1332 1541 7950 6876 2810 3259 7808 2648 6416 2253 7140 3243 4022 1617 2333 2319 6802 4612 4180 2985 884 1983 3368 353 3216 1860 8061 4321 4330 5148 3294 1761 8901 7860 1935 4458 3420 6094 4969 9109 7974 1802 8294 1900 5561 427 5626 5006 4424 721 8976 120 7279 7386 7966 9705 4651 6952 4574 5776 6036 5788 1522 7220 5221 5651 6743 6100 6864
9953 3648 9550 8696 7968 2355 1928 3647 2051 6065 6695 9912 9377 0 7728 8676 7833 9578 3832 7673 3290 7369 8186 3811 7617 6758 2856 9680 8743 1922 2739 5313 7662 1343 2941 641 2415 3654 5408 6066 3347 4080 1723 5998 4399 5913 3266 9426 6540 1083 6710 6945 6508 9580 809 9871 3076 2440 6122 3328 8901 5098 7396 7665 7226 9084 3565 6637 9250 9678 5938 2578 3788 5423 6598 404 6331 6858 2181 2792 1548 1135 1821 1613 1604 2798 9590 7101 2667 1154 4678 6007 980 3497 2727 262 8246 8086 749 6965
9731 2878 569 1020 3106 527 6012 4947 1375 5232 5235 8352 6236 7728 0 7786 4606 113 9776 9247 5987 9559 4178 7968 4294 8002 1564 356 5090 3488 7701 1531 6262 1316 3206 162 5654 2748 3476 2181 4820 1343 6828 3506 1252 4495 7338 2444 4509 4030 8919 3030 3 7035 5601 5949 2740 5142 8973 6590 1188 9931 2794 4931 5805 4033 2824 5366 5782 7293 5138 3436 5423 2402 3528 3165 7343 3190 4823 2616 5327 7048 1423 9956 3714 9786 1850 620 839 6954 2686 5296 4396 3154 4761 5511 6457 6106 1915 5640
7063 7952 3685 7949 6396 3861 1905 8101 707 6796 9540 5680 6357 8676 7786 0 6941 7271 7021 1804 9478 1789 9241 1902 896 6901 1636 2258 8954 6873 970 6706 585 937 8736 9578 1814 4291 8713 1134 8035 973 2250 6074 6742 8758 8376 6891 380 4948 1886 694 1405 2675 6183 7342 4598 6864 9905 6698 8304 7330 8758 3937 904 323 9073 7088 7610 7228 2723 3568 6404 458 3359 2867 3584 3685 4419 429 3928 9942 8778 9861 7010 6355 1171 6602 6420 1306 9006 9955 681 6007 5271 1217 5110 416 8146 4294
4981 5680 504 7871 9024 4650 5350 3892 3755 2684 6017 5572 2416 7833 4606 6941 0 3633 9834 86 250 4682 517 6998 5565 8459 7930 1703 9000 4988 6071 2105 6950 4278 2875 9969 1040 8226 2408 5980 6114 2883 2407 7207 3307 8326 4036 6461 1408 1515 9005 9274 2066 7691 9957 218 5095 3206 1638 1312 9755 6667 2794 7054 1258 9298 1421 6586 9864 4741 68 1539 7160 9126 8577 8300 5557 1123 2835 4277 4231 6249 9125 4333 5880 2376 3795 9370 5445 2868 2682 6853 1534 3510 6379 5315 6540 7388 938 4874
6826 3719 5479 5550 5013 5004 5855 6528 1268 9424 4098 1839 979 9578 113 7271 3633 0 26 318 958 6539 1894 8588 4172 2883 9084 1909 443 5924 9502 9856 5368 3364 653 6948 3036 1899 309 6227 6120 445 7119 9211 1896 8479 9007 4144 6032 9677 8643 1683 7251 1077 501 4893 6446 8222 2554 8637 9615 5671 75 3573 2780 9033 6297 6653 4714 2726 6687 6030 5942 7427 9000 5593 5205 5033 1003 5798 7948 4707 9443 3598 9312 9712 3212 4476 8307 1018 3477 3571 5158 1931 6074 3185 8881 2293 8962 2930
414 2504 7365 9742 7677 5861 6988 6906 2066 7322 9500 3094 4170 3832 9776 7021 9834 26 0 3955 115 9863 5523 1286 335 1662 8501 2817 8533 4365 4794 1742 5039 5238 2172 7625 3984 8248 9356 5646 6541 7824 9775 931 2341 8230 1225 5018 5422 1959 5761 3672 8202 8105 1363 6893 815 9489 7125 7029 9166 9700 9458 9863 559 1020 338 6681 8187 7649 3111 7161 5052 3927 6619 7745 4815 3211 5551 8688 1547 2898 2563 2015 4405 2253 2526 1502 8775 5714 9434 5978 3509 2258 3299 4870 435 3489 5955 5117
3885 8724 4574 9569 2829 9389 6246 612 3328 8740 7055 1211 6410 7673 9247 1804 86 318 3955 0 7852 4029 5769 9087 5372 2207 2636 9001 7778 421 1265 4676 705 9353 965 2233 5236 2306 4834 2041 6542 9454 8531 9789 9950 4796 6162 7884 2073 8386 5881 9887 7577 748 7709 9946 1155 682 136 9128 7189 4197 5210 6611 1535 5960 9430 6201 4737 3016 6404 1549 5657 8957 1016 6461 5255 7309 9428 7116 9211 4122 2639 7696 516 9508 2846 6582 240 2227 7287 9349 8433 1911 2357 4450 2319 3943 3390 2837
4788 6515 5001 746 9916 9696 3767 2906 8020 7144 9688 2632 5285 3290 5987 9478 250 958 115 7852 0 5427 7333 809 5691 9373 1085 5156 4814 7174 5605 8383 4844 3236 2447 5589 9734 8872 5112 7118 7776 9976 8951 7833 7597 7834 4327 586 3609 1489 9181 4277 2291 4826 5919 3694 6053 6451 3054 4635 2886 1977 1702 7884 3797 6765 3570 7888 2792 5705 1752 4565 7865 3949 702 8822 4850 4274 8867 9228 5423 4533 3996 481 5522 8380 5176 6937 9876 5182 3850 3929 7437 66 4603 1367 36 4761 7394 713
3551 4776 5368 2285 8616 8605 6561 4860 8246 2266 3928 4688 3194 7369 9559 1789 4682 6539 9863 4029 5427 0 2986 8653 6549 4513 2943 8028 3824 4628 374 3736 3136 1147 9124 9865 1288 2377 6590 932 9983 5724 8676 6213 8727 5023 8250 7433 2367 374 409 4367 4731 2652 4439 1760 1727 2621 386 6371 7087 2465 4093 259 3535 8622 9343 7866 851 8482 5726 4564 3041 7347 628 122 792 5224 7269 3761 1075 3025 4831 5577 1268 6358 9796 5568 4298 4839 1768 5223 1218 8273 2144 7484 7168 4849 2925 3059
3793 8806 8526 2803 6006 7477 7042 8221 4563 2338 7604 3810 9157 8186 4178 9241 517 1894 5523 5769 7333 2986 0 2578 2150 8278 939 6035 1559 5925 1282 1160 7533 7216 4448 3650 1842 2876 4372 9120 1942 9120 7372 3074 3105 3798 9741 4422 6471 6174 9797 1875 9678 1958 7784 301 7907 3922 6173 3802 2709 507 7843 131 2162 6415 5116 8362 8176 8435 5804 361 990 7496 5596 3086 1186 1027 6824 2328 4883 753 65 3390 5083 2292 3475 7796 5773 684 3873 7795 2782 1217 8392 7849 1470 1639 9781 6882
6548 181 1667 2716 4957 321 3288 8671 9759 3513 6962 8116 1403 3811 7968 1902 6998 8588 1286 9087 809 8653 2578 0 4349 3979 622 397 9517 2267 162 7760 6755 5480 9053 2961 7410 4895 5240 1696 8655 8465 7953 9636 3721 4312 5422 4225 6988 1951 1730 1836 5449 6248 8076 5732 8114 268 493 8931 4995 6208 784 6350 7881 3158 3894 7591 5541 9758 6798 1901 8336 1364 3180 9162 2016 2402 9849 4645 2008 6972 6469 872 8244 150 115 6303 1856 2670 7486 5545 7997 5722 3786 5305 7363 6113 7284 5507
7180 9059 6689 5147 9304 5163 5449 7903 3070 1562 9078 8770 8675 7617 4294 896 5565 4172 335 5372 5691 6549 2150 4349 0 9728 2896 5862 4327 4834 1526 5991 5578 9504 9787 9433 9591 3748 8974 2477 7469 6832 7645 7100 6130 4178 7297 6109 3535 9004 5801 7086 6621 1060 8186 4805 3430 9205 5375 6872 1808 9197 5138 9639 8861 1957 9325 5388 9374 4977 5541 6368 1550 4393 5712 2606 4933 6241 6205 3255 594 7573 2121 65 7936 8269 409 6965 8398 7390 6650 6047 3250 4093 9937 9877 1247 8834 4857 7653
8346 3025 3951 4551 3962 2989 4188 5626 2489 5723 7084 6793 4426 6758 8002 6901 8459 2883 1662 2207 9373 4513 8278 3979 9728 0 4319 275 2321 7905 7064 7804 269 8619 3648 436 9091 2289 8879 3625 8868 7116 1530 730 6898 6353 928 5139 3829 6185 2968 6402 4545 6304 5843 1024 5299 5847 6483 8547 5305 4246 4069 1618 4134 9816 3664 2749 5243 9150 4142 6563 7655 1127 9064 8724 6050 2419 5321 6471 1332 2860 3016 4868 4836 5768 4471 2597 8002 7662 728 9659 299 1401 7529 6622 119 3712 8287 6276
6064 9225 9785 683 1132 8122 2656 6013 7401 801 8121 3952 5008 2856 1564 1636 7930 9084 8501 2636 1085 2943 939 622 2896 4319 0 2380 6574 4525 7357 7623 15 2353 7326 6743 4119 3746 5483 553 6038 590 9059 1509 6179 3240 8386 1533 4122 8144 3196 6595 2714 8685 3300 5805 1806 218 9053 22 3552 1010 8806 1456 9213 9375 5411 6365 8540 5454 9990 1798 4498 2231 6419 6808 5889 4245 4094 7506 561 2662 8982 2680 9337 2875 4825 5915 1352 2338 5539 4642 2053 6539 8176 5800 5037 6417 8920 1929
1717 4586 2535 2217 9154 5572 838 1207 6528 4725 3919 455 8564 9680 356 2258 1703 1909 2817 9001 5156 8028 6035 397 5862 275 2380 0 1698 4614 3800 8943 4376 8291 9273 8821 1209 8545 4866 5293 4723 5685 5405 8195 4018 2695 6474 3705 9410 8002 2336 9865 449 3828 4513 3859 8374 6052 4145 8414 1265 7374 3715 5628 5605 8053 4435 936 3198 7318 9119 3072 866 6308 833 9668 9194 5410 1444 9992 9299 478 9461 1522 5320 6218 4824 1655 7716 921 4359 8122 5467 8277 6719 6297 6371 7307 4759 4122
8010 3396 682 2567 9426 2272 2887 8204 6484 6196 9810 6646 1101 8743 5090 8954 9000 443 8533 7778 4814 3824 1559 9517 4327 2321 6574 1698 0 3246 142 9032 6195 4239 714 1778 9634 5506 5343 9860 2536 1893 7542 9106 3964 6272 3809 4186 7049 7680 3754 6992 1576 8012 1562 2757 2303 5960 1112 521 5445 4688 5548 956 3075 6711 8513 9431 2263 5579 5179 921 2360 8142 8999 3230 6144 7956 7403 5836 5586 3847 3897 1091 1786 5690 7874 7067 6192 9473 6595 9438 5787 2496 3835 2113 1012 4867 3304 2626
1963 5630 7903 3717 6896 4368 92 4013 9379 9180 2826 8225 284 1922 3488 6873 4988 5924 4365 421 7174 4628 5925 2267 4834 7905 4525 4614 3246 0 8259 4370 6697 1066 4293 5752 838 130 5223 6209 934 3271 3380 629 3604 3869 1661 7940 5607 6948 9158 9961 8087 1257 5564 4636 1054 4320 5117 3600 2111 7566 5410 1313 9740 8179 1794 8523 6709 1069 3340 4172 8479 1030 8113 1705 9173 257 8556 6250 7574 9507 9113 6283 566 383 3721 4187 6492 1440 5200 3089 4830 2607 6795 5539 2882 9567 1160 4889
7934 3988 9428 719 2438 9979 2462 8628 831 2451 622 5575 2657 2739 7701 970 6071 9502 4794 1265 5605 374 1282 162 1526 7064 7357 3800 142 8259 0 9122 7270 7405 4415 3741 7189 5741 4998 8624 1876 9117 487 5777 6990 6871 5881 8187 6144 896 3321 5387 4518 5700 4066 2256 919 1489 8040 113 2063 3792 2201 8531 7568 5128 6186 959 2001 1790 9623 9275 8416 4149 432 9889 3546 9624 8212 7008 5682 8305 9792 3246 8073 5266 2902 1415 986 8299 7126 1463 4289 7513 1902 2719 6947 6202 5373 121
9580 2872 9471 6733 9069 2575 9457 1612 2676 1965 3143 5951 1332 5313 1531 6706 2105 9856 1742 4676 8383 3736 1160 7760 5991 7804 7623 8943 9032 4370 9122 0 5644 2804 5811 6022 8200 3652 9880 9998 6406 9816 7864 2532 5643 9181 2123 2055 6117 7346 5773 8652 8981 2137 4929 9211 6770 3241 4520 7245 118 6848 863 900 364 1273 7806 7512 371 4662 2772 9202 7952 5679 9064 98 612 8621 2098 3595 3968 9166 7014 8033 2620 7700 8912 5169 3369 3337 2234 7659 5796 8072 4199 6050 4866 1162 3975 5036
7665 6032 5523 3837 4881 8673 5452 2568 8600 6981 979 6560 1541 7662 6262 585 6950 5368 5039 705 4844 3136 7533 6755 5578 269 15 4376 6195 6697 7270 5644 0 14 6034 7479 2733 4608 4055 2833 8962 9118 9273 8719 7007 2382 2312 9579 3961 9033 1498 5481 6400 5918 737 4392 8276 6060 4712 6485 8611 9842 1867 2412 7374 312 9525 250 4428 8166 5735 881 5483 7140 6852 1620 2541 3615 254 1425 1713 4611 9883 3293 7902 3790 645 3865 5048 5685 9780 3628 526 1091 4827 9714 1733 4832 9667 2861
9492 9949 944 1029 1826 6485 605 8381 9805 2915 2538 8833 7950 1343 1316 937 4278 3364 5238 9353 3236 1147 7216 5480 9504 8619 2353 8291 4239 1066 7405 2804 14 0 1847 24 5119 8142 7216 5762 5456 2607 2300 529 4720 6979 9278 113 4811 5692 690 4672 7998 9803 6939 9420 1625 9945 6578 7360 5164 6031 8166 8348 9970 286 6005 6085 3265 8021 4302 4029 275 9526 2211 5708 3416 41 976 6530 6883 9514 1366 6849 5864 357 931 5652 5065 7588 7622 4618 5994 7112 9041 8188 3360 3263 5465 4339
1515 6852 6144 1632 4371 5085 2282 8738 7911 3004 5748 4409 6876 2941 3206 8736 2875 653 2172 965 2447 9124 4448 9053 9787 3648 7326 9273 714 4293 4415 5811 6034 1847 0 3909 3430 2859 3534 2360 867 3897 1359 4239 1371 9790 8191 3923 6361 5669 93 7804 7386 5323 8018 3659 8418 2775 6613 4166 1364 7941 9959 5662 7779 4768 4476 2705 5334 4336 7334 3423 6808 3186 7568 5196 5480 1311 6884 7411 8999 7766 5092 2513 2843 2584 2034 2902 907 244 3940 4256 3703 5602 2698 1102 1321 1826 3271 8494
8622 6956 1824 8604 9986 971 2073 3130 8780 5914 725 3951 2810 641 162 9578 9969 6948 7625 2233 5589 9865 3650 2961 9433 436 6743 8821 1778 5752 3741 6022 7479 24 3909 0 4466 2937 5075 1378 645 7322 326 9694 3389 3665 1617 8774 1062 4436 1537 3378 9481 5689 9683 8208 7083 6630 2671 8046 8194 2076 2839 2492 7736 4989 9777 5181 98 8467 1099 7854 7959 5368 6220 731 8816 4117 9959 8788 2383 3248 198 9124 2719 7402 6466 7324 5360 7821 1919 9150 5850 4212 2751 3902 669 8012 3843 7903
3794 9777 2218 6155 6239 5593 4968 1931 6466 6344 3149 8435 3259 2415 5654 1814 1040 3036 3984 5236 9734 1288 1842 7410 9591 9091 4119 1209 9634 838 7189 8200 2733 5119 3430 4466 0 7173 2640 6855 9832 4730 7743 6195 8960 3913 678 2858 3448 6729 8500 600 5829 3050 8593 7714 7494 4744 9715 5728 5749 2366 2689 7637 1144 2766 2427 8585 7634 7189 6749 6722 9634 2280 7836 8943 8372 9468 9581 3153 9687 3342 1222 9529 6494 1822 2479 5383 2764 2758 3175 9359 1655 4779 8980 3014 7791 3377 9598 6150
7456 4341 3193 9446 6395 8395 144 3772 7656 9411 798 1674 7808 3654 2748 4291 8226 1899 8248 2306 8872 2377 2876 4895 3748 2289 3746 8545 5506 130 5741 3652 4608 8142 2859 2937 7173 0 8157 2089 4147 228 2173 9138 8929 5518 780 4733 5727 6100 3590 259 8833 1508 4083 7007 8517 3423 7389 4943 6760 3454 7160 5347 2258 9866 3131 9094 458 1403 6743 5738 8943 6887 5910 2433 3786 7561 5616 4156 8090 5292 7488 418 6358 4451 4023 3382 3804 6334 732 9622 8114 3080 6694 5795 2160 3751 1524 6174
8691 5857 9791 7187 3953 6241 8999 5378 4747 2235 8829 7559 2648 5408 3476 8713 2408 309 9356 4834 5112 6590 4372 5240 8974 8879 5483 4866 5343 5223 4998 9880 4055 7216 3534 5075 2640 8157 0 7056 8301 9355 7978 336 4499 9822 1749 9938 1513 5620 9492 3299 6902 678 3524 9905 2700 643 2274 146 8642 8256 8076 6309 6841 8212 6364 6830 1813 1188 9378 4460 4584 9655 4369 3139 9181 7374 1274 5001 988 51 8517 96 9721 4886 463 6009 4542 9091 4371 2989 3266 6132 3296 9841 2004 261 8469 4142
8324 6046 9016 7704 800 8035 7727 1067 515 9728 7583 5892 6416 6066 2181 1134 5980 6227 5646 2041 7118 932 9120 1696 2477 3625 553 5293 9860 6209 8624 9998 2833 5762 2360 1378 6855 2089 7056 0 4917 2856 6221 1069 4230 4529 3465 8185 9809 7382 2725 7100 2130 4237 9496 7032 2620 1292 2289 3093 8526 5343 1540 5510 6242 7087 9149 5604 6748 2604 8658 6629 1452 2603 3864 185 2349 7550 6972 4006 7293 4685 8770 318 9149 6654 8744 8389 7044 2795 6678 6562 8670 2877 1344 1863 8929 1686 5469 747
1369 3805 808 2062 844 1325 5523 3722 5425 1833 2262 4404 2253 3347 4820 8035 6114 6120 6541 6542 7776 9983 1942 8655 7469 8868 6038 4723 2536 934 1876 6406 8962 5456 867 645 9832 4147 8301 4917 0 7075 5553 432 8422 2482 8031 7439 1702 1001 1849 1818 2617 1363 8784 2927 5645 4639 5748 8389 6261 1137 9044 9148 6862 4104 2613 5798 5155 5244 9535 8881 2466 8980 6483 4314 4645 453 3151 9988 6613 5796 9498 2714 1427 3494 8443 7955 355 5504 8578 5877 6931 5030 1215 8602 8895 5701 5331 4767
4048 2357 6014 618 5711 4982 4772 3698 2593 6771 422 563 7140 4080 1343 973 2883 445 7824 9454 9976 5724 9120 8465 6832 7116 590 5685 1893 3271 9117 9816 9118 2607 3897 7322 4730 228 9355 2856 7075 0 7475 3068 8677 6019 6318 2250 3413 6376 9723 797 299 7882 6133 217 3042 9523 7812 7477 861 9714 8969 9893 5384 4 3158 3046 6609 2353 8567 2212 8302 7750 4452 8418 1621 9280 5225 562 5346 2802 6006 631 9766 363 8070 5156 3277 6442 2200 8787 7789 2075 9655 1470 2322 8597 7338 6976
3090 9687 1270 5721 7311 5472 853 8170 6035 8874 425 2282 3243 1723 6828 2250 2407 7119 9775 8531 8951 8676 7372 7953 7645 1530 9059 5405 7542 3380 487 7864 9273 2300 1359 326 7743 2173 7978 6221 5553 7475 0 1039 1121 6815 9465 5591 257 7183 7948 4800 7217 7692 9058 5652 6958 4578 1995 7485 1162 2543 2198 6296 924 3890 6878 6949 1577 4878 3082 4659 5938 2253 3698 4340 7803 8966 1106 8401 7823 6863 4835 3791 3947 3522 6225 5068 7235 3259 1920 3972 3271 4266 4124 662 8768 2890 7022 5268
6065 7032 4813 2679 6793 307 3928 6035 9128 7308 6770 8261 4022 5998 3506 6074 7207 9211 931 9789 7833 6213 3074 9636 7100 730 1509 8195 9106 629 5777 2532 8719 529 4239 9694 6195 9138 336 1069 432 3068 1039 0 821 2618 1637 6548 1246 1833 882 8246 7129 4842 6859 79 7786 2105 1149 7835 3166 8813 9036 4768 3262 3104 1081 630 9115 5177 1616 5498 4891 5744 4088 778 7615 5926 5431 7148 4364 6254 2185 4050 1869 1691 998 2309 6890 7699 8680 700 3470 4411 5023 5256 9105 5903 3487 3105
9903 8260 5790 7019 7560 2570 5125 9262 5445 9996 9793 1239 1617 4399 1252 6742 3307 1896 2341 9950 7597 8727 3105 3721 6130 6898 6179 4018 3964 3604 6990 5643 7007 4720 1371 3389 8960 8929 4499 4230 8422 8677 1121 821 0 4483 5370 7870 4789 2059 3475 7099 5417 2318 2937 645 2076 9540 1065 52 4210 199 2133 4674 1917 3273 64 6658 2176 173 465 3963 7628 4158 2118 8173 1557 5921 6375 9577 4727 1016 5943 1586 6640 5257 1334 816 6264 4206 2350 3005 7931 7213 4896 4919 5829 4081 2768 8575
3155 883 4540 3826 5906 2300 3004 9921 1700 1688 3819 1426 2333 5913 4495 8758 8326 8479 8230 4796 7834 5023 3798 4312 4178 6353 3240 2695 6272 3869 6871 9181 2382 6979 9790 3665 3913 5518 9822 4529 2482 6019 6815 2618 4483 0 1734 1333 8179 3168 4400 4636 8596 6287 8123 8353 379 6255 8218 6491 1983 4412 5511 6673 247 4366 7090 9307 817 8276 7486 8685 7296 3604 5484 7453 6821 2019 943 5150 742 2656 7501 300 2730 7808 4653 2420 1538 3965 6745 9037 714 2311 616 2945 1684 7391 8126 3988
7782 4373 3459 5183 3272 4684 4806 7434 1643 9518 8311 475 2319 3266 7338 8376 4036 9007 1225 6162 4327 8250 9741 5422 7297 928 8386 6474 3809 1661 5881 2123 2312 9278 8191 1617 678 780 1749 3465 8031 6318 9465 1637 5370 1734 0 6441 6819 1584 3207 5287 1777 5457 6983 8545 8558 9 1007 8327 1938 3879 1518 497 9794 1099 4268 10 8288 2483 7081 6188 9513 6556 1040 1585 576 8834 6916 5704 2063 5612 3988 4032 5010 7959 9301 8441 3444 4491 8825 4438 6709 590 4720 1610 1167 1530 8338 481
4821 4234 44 6264 8188 8463 1745 7308 5600 6901 2555 4901 6802 9426 2444 6891 6461 4144 5018 7884 586 7433 4422 4225 6109 5139 1533 3705 4186 7940 8187 2055 9579 113 3923 8774 2858 4733 9938 8185 7439 2250 5591 6548 7870 1333 6441 0 2396 3193 2031 8284 9753 8139 3816 4832 1777 8599 231 3637 5368 6419 1902 2371 2401 9495 4945 5285 1136 8977 4049 6577 6204 4345 3426 3560 5827 8943 6825 3514 8638 9888 867 8433 2386 2078 1416 8188 3438 5552 5971 377 5391 4175 9145 3030 6251 101 7725 7901
56 4507 1674 7476 1852 7539 3908 5389 2807 7399 360 3835 4612 6540 4509 380 1408 6032 5422 2073 3609 2367 6471 6988 3535 3829 4122 9410 7049 5607 6144 6117 3961 4811 6361 1062 3448 5727 1513 9809 1702 3413 257 1246 4789 8179 6819 2396 0 4047 2603 6144 4269 3776 2622 5084 6439 3215 3169 8505 6848 9161 753 6926 4778 4075 9958 6193 430 8857 3510 8094 2586 3027 8586 4143 5657 2328 9938 801 9165 576 5398 1808 4906 4451 8532 3813 2131 7345 498 2480 5872 1383 3874 2336 4922 4736 9882 1062
3088 9915 6788 2484 6117 2124 667 5367 7101 3755 841 3519 4180 1083 4030 4948 1515 9677 1959 8386 1489 374 6174 1951 9004 6185 8144 8002 7680 6948 896 7346 9033 5692 5669 4436 6729 6100 5620 7382 1001 6376 7183 1833 2059 3168 1584 3193 4047 0 568 7146 8290 9859 1116 4274 7052 1310 1322 2298 9844 454 7904 5588 1453 6870 5956 9820 4745 5810 5609 7669 3218 9869 4037 8898 9827 3447 6290 6495 8618 7451 8301 3969 3366 3938 1379 9292 1134 2240 2838 2984 3213 3598 3300 4597 4609 4726 5444 848
6866 4527 7925 4082 6928 2511 394 4799 6791 2690 418 1424 2985 6710 8919 1886 9005 8643 5761 5881 9181 409 9797 1730 5801 2968 3196 2336 3754 9158 3321 5773 1498 690 93 1537 8500 3590 9492 2725 1849 9723 7948 882 3475 4400 3207 2031 2603 568 0 936 7194 9421 8925 8527 7165 2472 5595 248 2515 7109 1524 8041 5389 2995 1601 9926 8824 8135 8805 1673 5749 636 9199 1804 5103 8671 8752 45 9415 1782 2235 2012 3897 7488 7185 3849 1455 5016 9979 4917 6520 4903 7832 6090 3788 4133 5245 6607
5299 160 6995 7224 6098 6464 9718 5635 6867 6549 6350 7217 884 6945 3030 694 9274 1683 3672 9887 4277 4367 1875 1836 7086 6402 6595 9865 6992 9961 5387 8652 5481 4672 7804 3378 600 259 3299 7100 1818 797 4800 8246 7099 4636 5287 8284 6144 7146 936 0 3872 1525 9356 2742 2303 9448 6148 4707 9896 1373 110 6057 1676 31 2562 6389 3531 6443 7089 3689 7076 38 2649 1012 4557 3820 7479 9858 4608 8179 1104 1095 138 4790 255 7845 5254 7130 7629 4120 7594 3466 5394 2654 4185 9149 987 2707
3189 8245 3644 6552 2114 5103 2082 3552 819 2342 6410 5580 1983 6508 3 1405 2066 7251 8202 7577 2291 4731 9678 5449 6621 4545 2714 449 1576 8087 4518 8981 6400 7998 7386 9481 5829 8833 6902 2130 2617 299 7217 7129 5417 8596 1777 9753 4269 8290 7194 3872 0 1271 650 2237 4620 7969 7609 3241 3400 8506 1813 6666 385 6412 9501 4382 6839 4756 2100 6592 2178 2563 2302 3308 2761 4676 5216 1193 7654 7330 1874 997 5804 7236 3863 5964 6613 2500 5377 3519 9786 1894 1822 3283 8346 2864 3863 7645
6520 8713 3808 7590 3464 2436 3568 2700 5370 6856 3354 1176 3368 9580 7035 2675 7691 1077 8105 748 4826 2652 1958 6248 1060 6304 8685 3828 8012 1257 5700 2137 5918 9803 5323 5689 3050 1508 678 4237 1363 7882 7692 4842 2318 6287 5457 8139 3776 9859 9421 1525 1271 0 2833 253 6879 6350 5059 2604 853 3202 2200 8376 5799 6901 8939 6298 6450 419 2606 9765 5131 5076 7886 6360 1775 7395 3073 6208 1718 2532 6530 9296 3332 2223 4782 2863 7544 3269 9223 4807 6863 7681 3342 6364 1026 6318 3207 5431
6458 4965 399 168 6564 5484 8382 6099 1539 1814 2635 6159 353 809 5601 6183 9957 501 1363 7709 5919 4439 7784 8076 8186 5843 3300 4513 1562 5564 4066 4929 737 6939 8018 9683 8593 4083 3524 9496 8784 6133 9058 6859 2937 8123 6983 3816 2622 1116 8925 9356 650 2833 0 5391 9515 9819 6823 2812 3549 9415 7568 3298 7016 8199 2262 8598 2998 7262 4230 8040 2359 3860 482 9031 814 5611 7792 1644 9277 3693 2696 3585 6969 6151 3569 8091 8410 3631 8934 6259 833 1814 1788 5771 6216 7558 9794 7707
8552 9531 868 6087 8540 7415 5424 6607 9530 8954 2351 1728 3216 9871 5949 7342 218 4893 6893 9946 3694 1760 301 5732 4805 1024 5805 3859 2757 4636 2256 9211 4392 9420 3659 8208 7714 7007 9905 7032 2927 217 5652 79 645 8353 8545 4832 5084 4274 8527 2742 2237 253 5391 0 7199 6059 111 6232 8533 2767 1661 8272 9156 6185 1614 7866 2666 4322 7564 3811 6519 7436 48 8352 7745 7342 7723 6649 7985 3307 8361 14 9249 6745 184 164 1708 9697 9852 8464 8591 3729 2459 3236 9018 559 7748 5474
2498 6419 7259 4236 5450 64 9301 8163 7878 436 4485 8934 1860 3076 2740 4598 5095 6446 815 1155 6053 1727 7907 8114 3430 5299 1806 8374 2303 1054 919 6770 8276 1625 8418 7083 7494 8517 2700 2620 5645 3042 6958 7786 2076 379 8558 1777 6439 7052 7165 2303 4620 6879 9515 7199 0 4676 7177 6007 4399 8733 979 7858 2889 8635 4291 4023 8476 7975 3798 2535 3059 1007 4533 1259 5808 7775 869 1683 6953 9633 655 7792 366 1490 6780 6204 6744 5813 6410 7346 4667 3726 1442 4102 708 3722 2713 2329
8252 2322 4127 1391 4265 4293 8202 5734 6907 8906 8635 214 8061 2440 5142 6864 3206 8222 9489 682 6451 2621 3922 268 9205 5847 218 6052 5960 4320 1489 3241 6060 9945 2775 6630 4744 3423 643 1292 4639 9523 4578 2105 9540 6255 9 8599 3215 1310 2472 9448 7969 6350 9819 6059 4676 0 181 9179 4590 4730 9113 1842 722 4873 94 1421 2086 4605 6569 9439 8906 5309 9328 8640 1286 4936 2652 6987 930 3681 3394 9678 6235 7156 5064 9982 4366 2663 4263 5750 7102 4320 9261 2164 4726 3424 4154 5626
4734 9701 9306 61 9537 1226 9952 5843 2148 5896 3144 1226 4321 6122 8973 9905 1638 2554 7125 136 3054 386 6173 493 5375 6483 9053 4145 1112 5117 8040 4520 4712 6578 6613 2671 9715 7389 2274 2289 5748 7812 1995 1149 1065 8218 1007 231 3169 1322 5595 6148 7609 5059 6823 111 7177 181 0 6128 5389 3798 5022 7723 7299 9799 3443 90 6419 8758 9744 5823 2149 6167 3328 7170 3980 9102 5646 8572 2369 665 4363 9653 7948 9477 367 2423 4000 5067 429 5503 5685 9053 4153 973 5502 4774 7500 2195
170 8309 8289 5338 459 140 4879 8028 461 7404 2105 7101 4330 3328 6590 6698 1312 8637 7029 9128 4635 6371 3802 8931 6872 8547 22 8414 521 3600 113 7245 6485 7360 4166 8046 5728 4943 146 3093 8389 7477 7485 7835 52 6491 8327 3637 8505 2298 248 4707 3241 2604 2812 6232 6007 9179 6128 0 6034 6337 6910 4420 436 6974 2889 1779 4688 4352 9728 9023 767 7970 6986 2149 3554 60 2013 6298 1633 104 9418 22 6329 5412 1475 6897 5298 8714 8980 9555 2643 4284 7945 3162 7567 2879 7910 8662
28 6848 9425 2732 4282 2851 333 9197 5620 1162 4918 3544 5148 8901 1188 8304 9755 9615 9166 7189 2886 7087 2709 4995 1808 5305 3552 1265 5445 2111 2063 118 8611 5164 1364 8194 5749 6760 8642 8526 6261 861 1162 3166 4210 1983 1938 5368 6848 9844 2515 9896 3400 853 3549 8533 4399 4590 5389 6034 0 7763 4217 9055 2320 4448 5501 3127 6602 3790 5419 2284 2111 27 4216 692 5422 5261 6895 5406 3843 670 5834 7869 1200 1452 9347 8501 2402 5897 2320 4267 9673 202 2914 9244 8982 5808 7703 5691
7987 1330 1720 8968 1822 461 7370 1089 8280 616 4391 3060 3294 5098 9931 7330 6667 5671 9700 4197 1977 2465 507 6208 9197 4246 1010 7374 4688 7566 3792 6848 9842 6031 7941 2076 2366 3454 8256 5343 1137 9714 2543 8813 199 4412 3879 6419 9161 454 7109 1373 8506 3202 9415 2767 8733 4730 3798 6337 7763 0 500 716 6427 7414 5864 1386 8170 1150 2477 2547 2769 8739 7744 8324 7398 174 4360 605 6286 9338 9673 7108 1315 4733 1669 5139 2163 1390 3889 1222 9783 7544 8909 2545 7241 449 8111 1802
2779 5433 1389 8381 6606 3200 8406 8469 6821 6155 2826 8505 1761 7396 2794 8758 2794 75 9458 5210 1702 4093 7843 784 5138 4069 8806 3715 5548 5410 2201 863 1867 8166 9959 2839 2689 7160 8076 1540 9044 8969 2198 9036 2133 5511 1518 1902 753 7904 1524 110 1813 2200 7568 1661 979 9113 5022 6910 4217 500 0 4426 5195 361 7290 9411 765 6383 5850 7 5618 9676 9180 7065 17 5905 8425 175 2629 789 3915 3693 4622 8835 5340 450 666 9273 5734 3737 5358 6066 1705 8234 530 8043 4088 1618
2246 5144 9132 6374 4250 839 8798 3910 8373 3073 2110 2291 8901 7665 4931 3937 7054 3573 9863 6611 7884 259 131 6350 9639 1618 1456 5628 956 1313 8531 900 2412 8348 5662 2492 7637 5347 6309 5510 9148 9893 6296 4768 4674 6673 497 2371 6926 5588 8041 6057 6666 8376 3298 8272 7858 1842 7723 4420 9055 716 4426 0 5976 4798 3299 887 4634 3361 4289 7267 5556 3477 7186 4316 9799 5219 2808 8049 671 261 2122 7023 2083 107 8755 6703 81 8146 6791 1765 3080 1991 3386 9676 9192 3531 6674 1258
2613 542 9348 9951 2489 9633 1405 3857 9810 4993 8485 7439 7860 7226 5805 904 1258 2780 559 1535 3797 3535 2162 7881 8861 4134 9213 5605 3075 9740 7568 364 7374 9970 7779 7736 1144 2258 6841 6242 6862 5384 924 3262 1917 247 9794 2401 4778 1453 5389 1676 385 5799 7016 9156 2889 722 7299 436 2320 6427 5195 5976 0 1715 3438 4100 2607 8344 9683 4599 1232 532 8776 2730 2903 5113 1296 2649 3287 1490 3403 6158 4949 1295 4662 4883 8491 2563 1999 5980 1531 6933 8612 5119 4413 7212 2219 6922
1136 6030 9139 7937 3499 9779 688 8777 7809 8537 1812 2204 1935 9084 4033 323 9298 9033 1020 5960 6765 8622 6415 3158 1957 9816 9375 8053 6711 8179 5128 1273 312 286 4768 4989 2766 9866 8212 7087 4104 4 3890 3104 3273 4366 1099 9495 4075 6870 2995 31 6412 6901 8199 6185 8635 4873 9799 6974 4448 7414 361 4798 1715 0 3306 5452 9223 2904 9364 5277 3248 9727 4716 8601 7374 5085 5883 8662 7374 4901 7927 5347 8364 4428 5054 9806 6519 3357 3903 4043 371 5831 8259 1519 3967 6417 9144 8340
1002 7713 7759 662 1004 3993 2842 8867 9904 6296 1626 5267 4458 3565 2824 9073 1421 6297 338 9430 3570 9343 5116 3894 9325 3664 5411 4435 8513 1794 6186 7806 9525 6005 4476 9777 2427 3131 6364 9149 2613 3158 6878 1081 64 7090 4268 4945 9958 5956 1601 2562 9501 8939 2262 1614 4291 94 3443 2889 5501 5864 7290 3299 3438 3306 0 6713 3010 3886 9686 3706 5923 252 6543 8436 614 6647 8839 3018 7409 8027 708 2812 1857 4085 2811 2017 9957 110 6249 7178 2368 8184 3291 6659 1495 226 4695 8076
3281 4047 8759 4252 9777 7495 7861 8312 146 5950 6581 1563 3420 6637 5366 7088 6586 6653 6681 6201 7888 7866 8362 7591 5388 2749 6365 936 9431 8523 959 7512 250 6085 2705 5181 8585 9094 6830 5604 5798 3046 6949 630 6658 9307 10 5285 6193 9820 9926 6389 4382 6298 8598 7866 4023 1421 90 1779 3127 1386 9411 887 4100 5452 6713 0 252 2646 93 4023 9383 9601 4139 2856 5459 9071 536 7340 9285 4765 9026 7792 902 8539 1596 4266 6135 2264 4380 3056 8085 8925 6402 3929 5346 611 2687 4989
4191 8691 9913 4954 8513 6586 1120 6718 4846 4387 6714 1677 6094 9250 5782 7610 9864 4714 8187 4737 2792 851 8176 5541 9374 5243 8540 3198 2263 6709 2001 371 4428 3265 5334 98 7634 458 1813 6748 5155 6609 1577 9115 2176 817 8288 1136 430 4745 8824 3531 6839 6450 2998 2666 8476 2086 6419 4688 6602 8170 765 4634 2607 9223 3010 252 0 7391 5888 3331 1759 9964 4525 7373 4144 4397 4383 6127 6455 6709 9000 6861 2278 9332 5452 7498 9190 9863 6668 5081 8997 9468 8156 3155 7197 8690 447 3633
8174 1902 169 8856 565 7230 3377 6755 5906 3387 4148 4069 4969 9678 7293 7228 4741 2726 7649 3016 5705 8482 8435 9758 4977 9150 5454 7318 5579 1069 1790 4662 8166 8021 4336 8467 7189 1403 1188 2604 5244 2353 4878 5177 173 8276 2483 8977 8857 5810 8135 6443 4756 419 7262 4322 7975 4605 8758 4352 3790 1150 6383 3361 8344 2904 3886 2646 7391 0 4722 4570 3076 3332 8614 7061 2381 174 7145 7925 3434 9905 5994 3146 3229 6507 2704 8259 9901 2113 8476 3239 9452 491 3475 5650 5096 3644 3476 3154
7222 7631 6389 8894 2249 4245 3518 1315 7421 269 6253 3178 9109 5938 5138 2723 68 6687 3111 6404 1752 5726 5804 6798 5541 4142 9990 9119 5179 3340 9623 2772 5735 4302 7334 1099 6749 6743 9378 8658 9535 8567 3082 1616 465 7486 7081 4049 3510 5609 8805 7089 2100 2606 4230 7564 3798 6569 9744 9728 5419 2477 5850 4289 9683 9364 9686 93 5888 4722 0 4536 2835 8317 297 7720 5815 4996 9173 1822 8560 9299 9381 8668 17 9905 4334 4212 7363 3206 6020 4936 5841 5129 3521 7510 4280 8233 3221 9050
6857 4983 4932 7058 5148 3093 4894 6658 4899 3715 700 4890 7974 2578 3436 3568 1539 6030 7161 1549 4565 4564 361 1901 6368 6563 1798 3072 921 4172 9275 9202 881 4029 3423 7854 6722 5738 4460 6629 8881 2212 4659 5498 3963 8685 6188 6577 8094 7669 1673 3689 6592 9765 8040 3811 2535 9439 5823 9023 2284 2547 7 7267 4599 5277 3706 4023 3331 4570 4536 0 8984 7722 6845 7939 209 3664 7361 3756 4542 3584 2594 8855 6475 8923 5475 8838 5210 5776 4489 1407 893 4433 9382 781 354 1283 3052 7806
4949 3975 8019 1214 5494 7831 3416 8082 5936 212 974 5442 1802 3788 5423 6404 7160 5942 5052 5657 7865 3041 990 8336 1550 7655 4498 866 2360 8479 8416 7952 5483 275 6808 7959 9634 8943 4584 1452 2466 8302 5938 4891 7628 7296 9513 6204 2586 3218 5749 7076 2178 5131 2359 6519 3059 8906 2149 767 2111 2769 5618 5556 1232 3248 5923 9383 1759 3076 2835 8984 0 9618 8050 526 3550 3037 4767 3759 1813 9751 4680 9235 4104 6656 4500 8927 5752 7408 236 335 2145 1361 6414 3836 5920 1226 3686 4090
4015 7664 1116 4065 8511 9980 9536 537 6310 6346 6302 7391 8294 5423 2402 458 9126 7427 3927 8957 3949 7347 7496 1364 4393 1127 2231 6308 8142 1030 4149 5679 7140 9526 3186 5368 2280 6887 9655 2603 8980 7750 2253 5744 4158 3604 6556 4345 3027 9869 636 38 2563 5076 3860 7436 1007 5309 6167 7970 27 8739 9676 3477 532 9727 252 9601 9964 3332 8317 7722 9618 0 5726 3531 4412 7539 4049 9895 3706 8052 7104 2870 3538 7746 1016 2072 4436 4888 3863 6245 6893 9340 2057 3519 2159 7705 9657 4475
6535 7709 1507 6805 6353 9257 4398 616 2607 9813 1979 2934 1900 6598 3528 3359 8577 9000 6619 1016 702 628 5596 3180 5712 9064 6419 833 8999 8113 432 9064 6852 2211 7568 6220 7836 5910 4369 3864 6483 4452 3698 4088 2118 5484 1040 3426 8586 4037 9199 2649 2302 7886 482 48 4533 9328 3328 6986 4216 7744 9180 7186 8776 4716 6543 4139 4525 8614 297 6845 8050 5726 0 9374 3045 6539 190 2783 6180 209 5620 4727 4504 1297 3056 3139 8095 8680 1790 3703 6454 1020 478 4909 538 1662 8122 644
8728 304 2024 7948 9999 221 8409 7167 1033 5512 4898 7881 5561 404 3165 2867 8300 5593 7745 6461 8822 122 3086 9162 2606 8724 6808 9668 3230 1705 9889 98 1620 5708 5196 731 8943 2433 3139 185 4314 8418 4340 778 8173 7453 1585 3560 4143 8898 1804 1012 3308 6360 9031 8352 1259 8640 7170 2149 692 8324 7065 4316 2730 8601 8436 2856 7373 7061 7720 7939 526 3531 9374 0 7879 7747 479 296 3625 7828 6837 5602 1484 8734 3062 3868 5524 2244 1580 2251 8291 6438 2255 37 6365 5594 9179 9043
9536 6289 2454 743 7801 2882 1141 2854 7221 7462 8046 3825 427 6331 7343 3584 5557 5205 4815 5255 4850 792 1186 2016 4933 6050 5889 9194 6144 9173 3546 612 2541 3416 5480 8816 8372 3786 9181 2349 4645 1621 7803 7615 1557 6821 576 5827 5657 9827 5103 4557 2761 1775 814 7745 5808 1286 3980 3554 5422 7398 17 9799 2903 7374 614 5459 4144 2381 5815 209 3550 4412 3045 7879 0 4241 5730 3199 2101 6382 9858 2148 3356 5889 7151 3826 4778 5352 9137 3183 6162 7714 316 3619 8207 3976 1786 2677
7872 7699 4576 6853 2699 875 9893 4350 389 463 4125 1967 5626 6858 3190 3685 1123 5033 3211 7309 4274 5224 1027 2402 6241 2419 4245 5410 7956 257 9624 8621 3615 41 1311 4117 9468 7561 7374 7550 453 9280 8966 5926 5921 2019 8834 8943 2328 3447 8671 3820 4676 7395 5611 7342 7775 4936 9102 60 5261 174 5905 5219 5113 5085 6647 9071 4397 174 4996 3664 3037 7539 6539 7747 4241 0 77 6762 9518 2700 7128 4239 5174 2940 3801 3100 9803 8329 9836 9443 806 2041 9972 8382 4238 7096 9215 9224
6658 7618 5534 7081 9971 2106 6685 1040 6421 4503 4039 3054 5006 2181 4823 4419 2835 1003 5551 9428 8867 7269 6824 9849 6205 5321 4094 1444 7403 8556 8212 2098 254 976 6884 9959 9581 5616 1274 6972 3151 5225 1106 5431 6375 943 6916 6825 9938 6290 8752 7479 5216 3073 7792 7723 869 2652 5646 2013 6895 4360 8425 2808 1296 5883 8839 536 4383 7145 9173 7361 4767 4049 190 479 5730 77 0 1117 7011 6838 8925 9950 1969 3538 7003 61 1164 3362 1232 8040 7116 1215 7054 2287 1685 1984 3525 85
5009 7639 725 9347 8526 5737 4531 1652 9251 3071 7710 4634 4424 2792 2616 429 4277 5798 8688 7116 9228 3761 2328 4645 3255 6471 7506 9992 5836 6250 7008 3595 1425 6530 7411 8788 3153 4156 5001 4006 9988 562 8401 7148 9577 5150 5704 3514 801 6495 45 9858 1193 6208 1644 6649 1683 6987 8572 6298 5406 605 175 8049 2649 8662 3018 7340 6127 7925 1822 3756 3759 9895 2783 296 3199 6762 1117 0 9913 7293 9072 1337 9924 9411 3607 8604 7582 2181 3976 7365 6712 7454 9590 545 6328 1230 3368 8340
7925 1288 5552 7982 8152 1716 8032 7011 3631 6220 7745 8294 721 1548 5327 3928 4231 7948 1547 9211 5423 1075 4883 2008 594 1332 561 9299 5586 7574 5682 3968 1713 6883 8999 2383 9687 8090 988 7293 6613 5346 7823 4364 4727 742 2063 8638 9165 8618 9415 4608 7654 1718 9277 7985 6953 930 2369 1633 3843 6286 2629 671 3287 7374 7409 9285 6455 3434 8560 4542 1813 3706 6180 3625 2101 9518 7011 9913 0 6763 3754 7258 9691 673 3375 6972 2759 7621 1755 2651 6953 9658 612 7054 3910 9938 237 7115
9166 2005 2344 5400 7832 6947 7594 199 4185 1407 2808 6109 8976 1135 7048 9942 6249 4707 2898 4122 4533 3025 753 6972 7573 2860 2662 478 3847 9507 8305 9166 4611 9514 7766 3248 3342 5292 51 4685 5796 2802 6863 6254 1016 2656 5612 9888 576 7451 1782 8179 7330 2532 3693 3307 9633 3681 665 104 670 9338 789 261 1490 4901 8027 4765 6709 9905 9299 3584 9751 8052 209 7828 6382 2700 6838 7293 6763 0 9534 1805 6886 7730 4998 6978 9538 125 1217 3493 3109 7447 5798 1897 1021 5439 4656 7112
