50
0 3018 3407 8232 2447 3631 8139 3846 7893 6445 2284 2059 775 6314 4756 5130 7359 3015 5480 6968 2287 8479 7262 9864 8290 8300 403 278 3174 1091 4063 1915 7205 7415 6353 2264 3756 6880 5014 1341 676 9857 3403 1577 9623 4765 4134 6790 6904 9009
3018 0 8458 2234 6716 1670 9115 1056 3365 4661 3482 6539 6775 8758 4968 9936 5057 3326 6906 61 9285 9507 5800 9247 4802 2548 8405 4322 6644 1087 1953 1970 9564 6342 6379 2851 9413 1691 8479 6193 1169 6183 2128 7020 5877 6591 7773 8995 1360 734
3407 8458 0 7714 2250 892 3637 6803 4586 7175 4208 9890 7530 1386 7166 8317 4941 1246 1658 5982 8033 6618 6648 5479 4129 7399 3511 203 8882 7243 3828 6862 9206 3121 9008 7961 9367 995 6645 5317 6472 3287 8087 4068 1325 3959 1211 5698 9120 4063
8232 2234 7714 0 3642 177 897 1664 4102 2691 8279 1272 4730 3591 3145 4247 3730 3909 6170 3896 3707 9550 2392 4560 8625 116 3369 3172 9677 907 8685 5710 9429 2864 3870 8415 3611 4890 4542 35 1470 1923 9218 5031 178 2384 1968 3239 6667 779
2447 6716 2250 3642 0 3237 8813 7963 7275 7529 9644 5491 205 3189 6813 6712 715 2529 2417 8953 6502 1589 4493 109 2555 8522 6623 6434 5224 7182 1384 3172 5204 5580 5674 7266 5940 7268 5028 3855 2816 3112 9209 5750 2446 4653 915 809 2291 6262
3631 1670 892 177 3237 0 2526 4972 5073 6796 8926 3502 1914 120 5323 8197 5685 5047 8795 8212 810 1927 2405 3080 4677 5861 6675 690 4924 6798 5259 3887 9120 9749 2490 6102 9451 1665 3805 3237 9713 9002 9111 8405 4947 9783 4621 6603 9806 8813
8139 9115 3637 897 8813 2526 0 2928 6765 748 9838 2576 8350 9998 6533 165 2068 5614 749 5584 2048 9966 8962 9749 5827 1763 6384 3446 5924 2469 7913 5206 7470 7053 6654 4194 2195 6553 9482 4226 335 5783 5733 4137 4504 8200 6420 4438 174 6699
3846 1056 6803 1664 7963 4972 2928 0 1438 6865 5790 4882 5642 8381 3124 1993 3595 3166 1594 1190 4945 8101 1762 4285 2702 4295 9164 4617 7225 898 3774 6039 1915 7982 5365 2914 4761 9207 8507 383 1709 2036 983 6580 4817 9004 2442 8290 9382 951
7893 3365 4586 4102 7275 5073 6765 1438 0 4911 8178 9283 4086 9167 6193 9957 3178 2053 4800 583 669 4592 3567 8663 2310 3877 4605 8066 6152 5461 4111 6220 8384 883 8304 1922 7070 8951 3809 2444 6645 7916 1813 7157 1324 2568 3436 2693 8179 2405
6445 4661 7175 2691 7529 6796 748 6865 4911 0 5908 7109 5229 6358 6262 4659 1343 3084 5697 5508 9725 7648 8518 529 1520 9191 7258 6810 2493 7712 4478 2291 9745 9599 7894 4379 5316 3277 3940 1899 1962 2672 3076 1576 3668 7209 5846 184 5249 7294
2284 3482 4208 8279 9644 8926 9838 5790 8178 5908 0 9442 9810 1373 9508 852 4873 2738 4334 583 1395 6493 1968 8324 7367 4397 6847 6093 2646 3503 9070 9872 3076 2014 1041 8237 7291 9392 9179 9653 1588 5137 3020 2532 2504 7866 7948 1018 7500 51
2059 6539 9890 1272 5491 3502 2576 4882 9283 7109 9442 0 1145 6441 7176 8637 7626 4489 4790 9041 2437 540 4648 3618 1260 3701 8035 2046 7112 6274 8795 1220 9612 6116 9415 210 3932 7188 1535 4257 5854 2856 1962 9798 4836 6542 4152 2776 2287 8440
775 6775 7530 4730 205 1914 8350 5642 4086 5229 9810 1145 0 3393 5192 5954 7882 5934 2365 7007 377 309 6353 7265 2736 6192 7485 7460 2767 856 2434 1514 4258 986 9785 8130 5090 9330 8087 5910 1184 9564 1997 5323 810 7553 4502 8601 7695 6705
6314 8758 1386 3591 3189 120 9998 8381 9167 6358 1373 6441 3393 0 5963 4160 3130 6218 4829 4184 4827 527 6498 3450 1442 6894 2094 7790 6931 3316 9788 9557 9801 4798 8330 4342 8378 2844 407 319 2262 9699 5005 477 6854 4027 7800 687 3068 9049
4756 4968 7166 3145 6813 5323 6533 3124 6193 6262 9508 7176 5192 5963 0 8109 1285 7849 3228 7085 8526 1597 6160 4071 1089 5324 614 5030 1100 9201 3643 1424 6192 3763 718 5750 2568 6440 5124 9299 1499 6505 3607 6037 884 5711 8529 7985 2105 312
5130 9936 8317 4247 6712 8197 165 1993 9957 4659 852 8637 5954 4160 8109 0 4571 2039 107 8796 8581 228 5642 7113 1935 3648 6060 8660 2236 1619 8037 6090 5224 7512 1846 6611 3970 3135 8632 7103 9389 1215 6422 2221 3425 5727 7414 8962 6819 2346
7359 5057 4941 3730 715 5685 2068 3595 3178 1343 4873 7626 7882 3130 1285 4571 0 5733 3501 1159 879 5589 2348 2273 2063 5225 3629 237 7705 5751 2968 8042 6495 1810 4019 1089 2601 8842 2746 1486 983 8104 4025 2450 1801 242 8950 7476 8376 1458
3015 3326 1246 3909 2529 5047 5614 3166 2053 3084 2738 4489 5934 6218 7849 2039 5733 0 2490 6135 7024 6300 7111 657 4777 5558 4985 1666 3156 4363 3171 6596 3577 3566 6563 4061 3905 5754 8055 4234 6845 9065 7649 3323 9254 7130 5399 6105 8745 6897
5480 6906 1658 6170 2417 8795 749 1594 4800 5697 4334 4790 2365 4829 3228 107 3501 2490 0 1520 9812 5633 2198 7935 2694 7287 369 8687 6370 9974 6904 5660 3119 7878 8780 5450 4577 5303 7806 7304 9774 1607 5332 1632 4861 4575 5112 4107 2945 6767
6968 61 5982 3896 8953 8212 5584 1190 583 5508 583 9041 7007 4184 7085 8796 1159 6135 1520 0 5013 4394 3643 3107 8817 2751 1106 5843 6593 5053 6805 3269 3401 6596 6708 2722 3326 6419 6566 2594 9250 8346 3561 5341 6574 7799 1558 5976 1675 7276
2287 9285 8033 3707 6502 810 2048 4945 669 9725 1395 2437 377 4827 8526 8581 879 7024 9812 5013 0 8052 3157 6270 649 7936 1214 7400 4277 813 9448 9281 9018 4523 6811 1773 3248 600 6793 5635 2998 9801 1051 9942 7764 3107 9319 2388 3046 3666
8479 9507 6618 9550 1589 1927 9966 8101 4592 7648 6493 540 309 527 1597 228 5589 6300 5633 4394 8052 0 9464 9526 4392 7584 6706 1817 1 5142 6868 219 4375 8002 5454 9997 1206 6509 5730 7560 1477 2303 8167 1603 4169 9856 7122 8974 7532 378
7262 5800 6648 2392 4493 2405 8962 1762 3567 8518 1968 4648 6353 6498 6160 5642 2348 7111 2198 3643 3157 9464 0 7716 5842 4756 2924 108 1844 8939 330 3975 2901 2310 9431 5689 6302 5269 7543 2233 5507 1592 149 8550 7780 9201 3759 9927 3900 2362
9864 9247 5479 4560 109 3080 9749 4285 8663 529 8324 3618 7265 3450 4071 7113 2273 657 7935 3107 6270 9526 7716 0 544 6315 2114 7754 3051 7623 3771 9990 4164 6076 7014 8442 7461 7855 3073 7411 6283 148 5935 9621 7283 9717 555 2205 7085 7804
8290 4802 4129 8625 2555 4677 5827 2702 2310 1520 7367 1260 2736 1442 1089 1935 2063 4777 2694 8817 649 4392 5842 544 0 6875 4808 2397 2534 6824 6600 6081 4589 6485 2389 3700 9187 5477 5357 6819 8347 6942 4219 5007 7690 2723 2845 7769 9259 1120
8300 2548 7399 116 8522 5861 1763 4295 3877 9191 4397 3701 6192 6894 5324 3648 5225 5558 7287 2751 7936 7584 4756 6315 6875 0 9577 6161 8857 6420 5578 5409 4645 1089 4007 1294 6722 4887 9387 4778 9331 3445 3093 3622 4080 170 3084 3972 4590 5859
403 8405 3511 3369 6623 6675 6384 9164 4605 7258 6847 8035 7485 2094 614 6060 3629 4985 369 1106 1214 6706 2924 2114 4808 9577 0 57 3905 3125 5793 9456 2797 8607 4966 1272 1223 8651 3047 5809 9186 4645 9897 7020 3603 3490 8520 5382 4299 918
278 4322 203 3172 6434 690 3446 4617 8066 6810 6093 2046 7460 7790 5030 8660 237 1666 8687 5843 7400 1817 108 7754 2397 6161 57 0 5184 1705 8885 3206 5629 2274 2306 63 8362 1538 5218 8780 1976 5586 9876 7026 5212 1366 3046 3132 8999 8815
3174 6644 8882 9677 5224 4924 5924 7225 6152 2493 2646 7112 2767 6931 1100 2236 7705 3156 6370 6593 4277 1 1844 3051 2534 8857 3905 5184 0 5470 6313 5975 3816 3516 1580 1212 8033 3844 6512 4753 3183 4073 6412 4025 9579 7430 2695 9881 7041 8638
1091 1087 7243 907 7182 6798 2469 898 5461 7712 3503 6274 856 3316 9201 1619 5751 4363 9974 5053 813 5142 8939 7623 6824 6420 3125 1705 5470 0 480 6507 1241 7583 7865 4541 5754 1649 5453 1238 4563 2050 8664 460 5210 8695 3533 2286 3226 7344
4063 1953 3828 8685 1384 5259 7913 3774 4111 4478 9070 8795 2434 9788 3643 8037 2968 3171 6904 6805 9448 6868 330 3771 6600 5578 5793 8885 6313 480 0 9200 765 9440 9048 5254 4118 918 3143 320 2781 9151 4065 5412 8120 8249 2072 5329 8672 8852
1915 1970 6862 5710 3172 3887 5206 6039 6220 2291 9872 1220 1514 9557 1424 6090 8042 6596 5660 3269 9281 219 3975 9990 6081 5409 9456 3206 5975 6507 9200 0 1527 4373 4535 6299 3156 4398 2381 9855 4367 2096 8998 7680 2839 4204 6128 3227 6671 9670
7205 9564 9206 9429 5204 9120 7470 1915 8384 9745 3076 9612 4258 9801 6192 5224 6495 3577 3119 3401 9018 4375 2901 4164 4589 4645 2797 5629 3816 1241 765 1527 0 777 4212 396 9623 4618 7340 7289 8698 513 8704 8577 6874 2920 5445 6314 4206 8008
7415 6342 3121 2864 5580 9749 7053 7982 883 9599 2014 6116 986 4798 3763 7512 1810 3566 7878 6596 4523 8002 2310 6076 6485 1089 8607 2274 3516 7583 9440 4373 777 0 1509 2129 5371 5010 8652 9068 6287 8976 9732 5656 6900 7400 1917 1217 1155 688
6353 6379 9008 3870 5674 2490 6654 5365 8304 7894 1041 9415 9785 8330 718 1846 4019 6563 8780 6708 6811 5454 9431 7014 2389 4007 4966 2306 1580 7865 9048 4535 4212 1509 0 6064 2253 4240 1199 1407 985 9978 1512 8128 5031 3932 2540 7560 7677 5789
2264 2851 7961 8415 7266 6102 4194 2914 1922 4379 8237 210 8130 4342 5750 6611 1089 4061 5450 2722 1773 9997 5689 8442 3700 1294 1272 63 1212 4541 5254 6299 396 2129 6064 0 2053 3396 3342 6329 5506 6125 5692 6476 9435 6319 5876 3634 3530 9416
3756 9413 9367 3611 5940 9451 2195 4761 7070 5316 7291 3932 5090 8378 2568 3970 2601 3905 4577 3326 3248 1206 6302 7461 9187 6722 1223 8362 8033 5754 4118 3156 9623 5371 2253 2053 0 6807 7913 4048 5778 2977 6780 4142 3225 6541 4239 5290 4382 4932
6880 1691 995 4890 7268 1665 6553 9207 8951 3277 9392 7188 9330 2844 6440 3135 8842 5754 5303 6419 600 6509 5269 7855 5477 4887 8651 1538 3844 1649 918 4398 4618 5010 4240 3396 6807 0 791 3057 1199 9984 6801 2933 1033 4084 1065 6244 5719 3778
5014 8479 6645 4542 5028 3805 9482 8507 3809 3940 9179 1535 8087 407 5124 8632 2746 8055 7806 6566 6793 5730 7543 3073 5357 9387 3047 5218 6512 5453 3143 2381 7340 8652 1199 3342 7913 791 0 8225 8596 4811 6971 1816 2134 8496 1476 9229 9917 6585
1341 6193 5317 35 3855 3237 4226 383 2444 1899 9653 4257 5910 319 9299 7103 1486 4234 7304 2594 5635 7560 2233 7411 6819 4778 5809 8780 4753 1238 320 9855 7289 9068 1407 6329 4048 3057 8225 0 4330 1679 152 3774 5388 9220 238 4796 2804 9559
676 1169 6472 1470 2816 9713 335 1709 6645 1962 1588 5854 1184 2262 1499 9389 983 6845 9774 9250 2998 1477 5507 6283 8347 9331 9186 1976 3183 4563 2781 4367 8698 6287 985 5506 5778 1199 8596 4330 0 4465 6140 3990 3537 3972 2399 5172 8927 6395
9857 6183 3287 1923 3112 9002 5783 2036 7916 2672 5137 2856 9564 9699 6505 1215 8104 9065 1607 8346 9801 2303 1592 148 6942 3445 4645 5586 4073 2050 9151 2096 513 8976 9978 6125 2977 9984 4811 1679 4465 0 6067 224 9351 6887 1859 9544 8651 4846
3403 2128 8087 9218 9209 9111 5733 983 1813 3076 3020 1962 1997 5005 3607 6422 4025 7649 5332 3561 1051 8167 149 5935 4219 3093 9897 9876 6412 8664 4065 8998 8704 9732 1512 5692 6780 6801 6971 152 6140 6067 0 8717 8298 5788 7869 5008 9088 3263
1577 7020 4068 5031 5750 8405 4137 6580 7157 1576 2532 9798 5323 477 6037 2221 2450 3323 1632 5341 9942 1603 8550 9621 5007 3622 7020 7026 4025 460 5412 7680 8577 5656 8128 6476 4142 2933 1816 3774 3990 224 8717 0 8904 1800 1896 2504 8092 6018
9623 5877 1325 178 2446 4947 4504 4817 1324 3668 2504 4836 810 6854 884 3425 1801 9254 4861 6574 7764 4169 7780 7283 7690 4080 3603 5212 9579 5210 8120 2839 6874 6900 5031 9435 3225 1033 2134 5388 3537 9351 8298 8904 0 8909 2956 2529 8298 4162
4765 6591 3959 2384 4653 9783 8200 9004 2568 7209 7866 6542 7553 4027 5711 5727 242 7130 4575 7799 3107 9856 9201 9717 2723 170 3490 1366 7430 8695 8249 4204 2920 7400 3932 6319 6541 4084 8496 9220 3972 6887 5788 1800 8909 0 1252 5218 4539 2900
4134 7773 1211 1968 915 4621 6420 2442 3436 5846 7948 4152 4502 7800 8529 7414 8950 5399 5112 1558 9319 7122 3759 555 2845 3084 8520 3046 2695 3533 2072 6128 5445 1917 2540 5876 4239 1065 1476 238 2399 1859 7869 1896 2956 1252 0 3817 6620 2382
6790 8995 5698 3239 809 6603 4438 8290 2693 184 1018 2776 8601 687 7985 8962 7476 6105 4107 5976 2388 8974 9927 2205 7769 3972 5382 3132 9881 2286 5329 3227 6314 1217 7560 3634 5290 6244 9229 4796 5172 9544 5008 2504 2529 5218 3817 0 8311 802
6904 1360 9120 6667 2291 9806 174 9382 8179 5249 7500 2287 7695 3068 2105 6819 8376 8745 2945 1675 3046 7532 3900 7085 9259 4590 4299 8999 7041 3226 8672 6671 4206 1155 7677 3530 4382 5719 9917 2804 8927 8651 9088 8092 8298 4539 6620 8311 0 3228
9009 734 4063 779 6262 8813 6699 951 2405 7294 51 8440 6705 9049 312 2346 1458 6897 6767 7276 3666 378 2362 7804 1120 5859 918 8815 8638 7344 8852 9670 8008 688 5789 9416 4932 3778 6585 9559 6395 4846 3263 6018 4162 2900 2382 802 3228 0
