250
0 43 1199 7732 6509 1100 3918 6546 1775 2368 3906 9911 2903 479 8989 179 4154 3352 7819 4743 8820 1890 3042 6296 1134 4780 993 3483 6946 5256 5671 7943 1889 3366 6675 4761 9263 7461 8127 7904 8785 7319 6395 3439 7539 5052 1949 9070 5644 6283 2173 1115 5601 4498 5431 9699 7735 5349 689 7832 1671 5559 3054 5886 3749 1719 8565 1596 3992 3977 3470 630 2298 3206 5837 6182 8134 5371 88 659 9474 7979 3037 6738 4127 5554 8337 9093 9359 6981 8853 549 2227 961 1436 6773 6046 1388 5899 455 7881 2654 9453 7219 2604 1689 9573 1112 815 3699 6955 4520 9548 9965 1943 8893 4109 3073 1068 9501 4909 3940 902 5015 228 7701 2617 511 2058 6438 9135 6136 1378 3714 8696 1163 6530 6411 5248 9121 6441 5021 4117 9059 5754 5536 1209 9114 2805 5001 9860 5835 6403 4633 5364 1190 4894 6977 9212 7395 2853 1713 550 9938 9092 9103 7937 6736 6066 3225 9521 5678 6687 7951 1206 2719 9009 5224 2640 4093 7877 8251 424 1060 7482 5026 4635 8791 7679 4473 1046 7694 511 1122 4105 7639 1527 4743 6893 7937 9835 512 8168 7068 733 4366 9946 9890 1200 5686 6560 2494 4825 9462 4430 7988 1572 2040 8362 6104 3397 6310 6009 6492 8115 9359 7772 6805 6057 4145 3304 1697 2854 8961 375 1854 9774 660 3493 5736 1248 2624 3532 9667 1258 5330 1345 8097 8205 9338
43 0 8077 4736 207 219 5640 4833 7323 1489 1980 5931 2930 4574 3972 946 1704 6906 8535 9737 2662 4049 8912 8272 1401 5787 7481 3299 4584 1200 8461 8031 1809 8951 4956 9729 5800 9689 4080 4718 6855 6297 2482 8136 2799 9664 9082 6519 129 1051 6315 7290 679 3572 5587 2787 8577 8093 4313 7756 9809 2778 7644 5797 3517 2771 4664 548 1485 1155 591 7836 2042 4461 6775 1090 669 901 9965 6095 6702 3465 1042 1717 2437 270 2094 9333 3873 3345 9050 8546 5302 3591 1328 4993 3229 6248 2583 4737 6406 8149 568 8600 384 2320 7205 9788 3308 8864 3880 2503 6486 1522 3235 2812 3525 5686 6216 3488 5719 5312 3401 9729 3427 5638 7333 4588 9425 1932 2464 4293 4450 8391 419 3647 188 5329 5713 3957 6947 9505 7691 6289 2572 9163 3334 5050 5582 693 5302 4221 8079 1547 1357 463 1410 6021 2408 6482 56 508 5568 9169 3522 5719 8768 8575 571 7011 5402 9312 3275 1390 3640 8172 2852 8094 562 6528 8726 2362 7498 4511 8379 3672 9586 8599 5507 562 5452 8895 2460 2679 2026 3586 5757 2803 723 3210 1870 7145 443 4586 2818 6722 5763 285 784 2615 3030 8367 1889 4765 5307 7741 9343 9356 3526 6680 3874 7172 4033 284 5700 1751 9841 7670 8290 2723 9722 2983 5073 9289 6444 5353 3877 4510 2213 9122 2592 4844 4343 8410 5932 7847 935 4398 8052 1639
1199 8077 0 2996 6909 9133 6097 6000 5957 2526 5038 3063 9966 6735 1106 4717 1669 5127 2807 5800 2182 9812 4184 3417 624 5210 7252 7009 5115 2356 6437 3922 5418 686 3733 3295 9010 4410 2451 3321 3434 9913 611 516 4869 9420 3151 6296 6338 7794 9321 8938 4040 4083 7070 2253 3298 935 6794 4731 666 4564 5838 1554 6522 1399 2260 3269 7823 1336 4544 2195 2295 3751 2691 5084 3684 6916 1378 9558 3094 3958 4304 5930 1158 1560 4858 90 6873 4794 6506 3732 8812 7742 827 3654 3917 788 7626 3543 8212 1057 1308 3341 6020 3523 9713 7478 4419 9366 226 4696 5441 3511 4233 3158 3206 7242 4678 3658 4328 1722 5517 4935 7396 2864 2675 9470 286 580 8686 7583 3593 2351 6760 4194 7444 5206 2967 4540 2563 1841 3313 24 8324 7909 4768 6804 80 1087 2987 3894 370 1018 4508 4501 8015 8249 2301 4413 9377 7505 4663 8484 6903 7890 1095 6969 7414 1327 2826 6600 3372 3312 1490 6096 8704 7155 677 6273 6818 2263 3368 3309 414 6208 6825 5580 5824 7190 2828 7162 882 505 8166 9552 5342 4624 8010 3256 1405 6308 5193 100 7376 7846 2573 9485 3926 6681 1767 2752 441 988 4122 2906 6001 7176 7251 3622 5826 3117 6781 3474 3913 5601 7511 6667 7552 9953 6323 9513 6759 4880 8396 608 5016 5467 9732 6177 6982 4903 8538 6337 2314 9675 6505 4575 233 9991
7732 4736 2996 0 8625 809 8331 5132 5000 4000 4527 8076 8379 5318 826 362 6744 2072 6490 1079 7525 1800 6166 6561 7344 3566 2955 664 209 8314 3001 5052 7158 3880 1907 9123 355 8485 9033 6739 8699 7136 6725 6183 8904 6161 6045 7097 6680 3790 5353 26 5373 6463 3825 8969 1890 7004 2496 4239 7070 3914 7018 662 9209 5282 4627 8105 5416 303 1206 1800 6604 8715 3915 5864 9885 6766 9427 5439 1588 6251 1943 4464 5919 1123 1084 9107 7008 9317 4478 8722 1458 8990 4631 9641 7671 5912 3176 8372 4438 3144 2383 6778 5146 3891 9501 7761 2698 876 139 4165 3228 8788 3591 8332 5097 3464 267 2997 4543 1891 5258 286 1001 119 5827 5791 598 4406 731 4612 7619 3885 7504 1064 6843 3416 2850 4042 6156 5281 7758 1574 8719 9500 5443 5253 3058 1362 9283 9886 5852 6381 1181 8280 3503 1066 7140 5289 822 1165 4576 9379 7349 715 1503 8758 8623 7309 3301 3306 8510 8551 1687 6113 3376 6973 5437 8047 4664 2898 3370 632 3112 1061 5582 7121 9068 7411 4605 9734 4239 7534 1943 903 9783 450 5184 9298 6738 6878 9146 1820 6962 8415 3762 6642 8257 5488 1590 3625 4848 8510 7468 4121 9545 8689 4415 2269 8535 1561 9512 3675 3633 8551 7162 3131 9490 8018 3472 1180 4924 1446 485 6698 9276 3555 2903 6812 3308 5651 9206 1366 1188 7301 1062 2495 6815 2331
6509 207 6909 8625 0 3457 7541 827 5643 9892 1983 3763 2640 6979 779 1052 9153 8436 2347 8720 4045 3424 6605 2415 5374 338 4513 5903 3385 4524 7725 7978 153 8455 2150 7931 7329 3804 2184 104 903 3488 2802 8415 5619 2237 9630 6457 1300 3690 3381 3423 15 8942 50 4000 9431 4785 6359 6882 4165 1410 3618 1934 6953 127 5685 3050 2911 6070 3282 9461 6309 3039 4165 8613 5290 2699 3785 4719 2365 4594 9130 8712 2227 6598 9747 9186 7058 212 4218 9671 3086 6512 8527 4995 9420 1051 7275 5911 4284 1673 2483 4638 1489 6834 5604 2152 5324 4114 2580 5521 720 5968 2801 9234 7709 630 2731 6562 3272 1680 7102 7124 3790 8369 4759 8695 8106 4300 8691 4224 9502 5459 2516 7816 6145 4488 903 6972 5939 9906 4828 7181 2737 1804 8442 1833 134 4615 6919 6539 1748 2290 7694 9919 9957 4785 957 6413 9159 4346 1280 2178 563 3657 7635 1757 2472 6322 6879 2290 4509 1331 567 8180 9191 3106 1362 5836 6439 4903 6515 6836 5282 5889 2771 3017 2239 9442 5042 3827 9874 9280 1713 4676 4009 2686 763 4962 4268 4614 5773 5076 4815 3118 5894 9990 6680 7558 6629 5072 8090 3442 4414 996 6555 699 2278 5478 4802 1446 8755 9584 5965 9364 850 7126 7086 669 113 1546 624 2285 7327 1828 4622 6160 9568 4292 4163 698 3202 6755 8867 1773 7511 4844 8533 8761
1100 219 9133 809 3457 0 8294 6551 4733 133 6627 7600 7546 8293 6609 1124 1927 6576 9435 6620 7131 1962 8802 5573 2001 9144 8412 2700 6472 2564 7840 6657 8357 4044 392 8537 7289 6381 7352 7595 8137 9691 842 2598 3210 6725 2403 2544 8914 2316 2463 4251 7534 198 8398 5446 1791 1775 1079 9397 5166 5272 729 8743 3220 8611 8508 6917 5873 7072 2910 4598 5491 1093 7050 9271 3637 4792 1892 5791 9606 2274 40 8424 2586 4185 4624 2629 6184 4344 2621 7596 1948 4309 5998 3763 6209 9670 2174 4243 6612 8681 4216 2495 5446 7197 2995 7534 2782 1964 1990 8971 5254 3138 9322 6778 6468 3814 6688 4057 3838 5633 2628 9058 2588 5751 3839 9799 355 2274 1240 4124 8426 9486 2155 5653 2710 203 7835 8027 3859 6782 9774 1312 4733 2288 9248 983 5509 2724 9135 6373 6751 905 8867 9661 6533 9920 4780 7488 1513 237 5000 4847 4272 4191 2401 3095 7114 8322 8126 1761 8292 4266 2250 5331 3323 1510 4630 4021 524 5522 6949 1043 1440 921 6067 4500 4560 3963 1623 6 101 9113 2864 6954 468 4073 4807 9390 3523 9719 6837 3192 5101 1398 4682 1475 7912 3992 1554 6362 737 2977 3328 133 5049 9379 8141 6130 5667 2225 8462 8327 5415 258 6014 8899 4120 1487 5782 6089 2037 218 3409 7549 599 726 5230 9464 1353 7094 5178 362 9756 2464 2499 2561 7371 4975
3918 5640 6097 8331 7541 8294 0 8924 338 805 7255 3470 8551 7404 8748 9364 9457 2573 4903 7469 2943 5185 9907 4118 303 1392 5145 7806 7528 2562 630 5383 8490 9903 3690 1487 7752 7481 1786 9464 5683 1582 3050 401 950 4962 9237 6081 3960 2781 3800 1075 7825 3140 2708 9602 9897 807 8076 4613 8609 8197 639 6368 2038 9547 6797 2071 43 3029 8881 6436 5314 8751 7335 572 791 907 7804 8775 6098 3127 6423 1261 8111 1927 6550 4290 3997 5449 4076 8902 2687 1145 2701 2289 9040 2206 6912 7875 3882 6643 8625 5813 1217 1002 4861 307 582 2406 933 6514 2585 5361 9615 3096 546 3299 9544 531 8513 2535 7135 4915 5992 732 7890 6016 4600 9674 1619 287 209 5674 3549 5611 4657 7057 4064 2574 3721 1902 5685 3000 9537 2013 3092 5451 2900 2732 5387 7990 4486 6681 1334 2278 613 9850 6936 6321 9462 9632 7501 5655 2367 4726 9450 5803 9419 3949 241 380 1359 2588 4577 8340 876 6897 2850 290 7892 3943 3665 7798 1449 6983 4533 5143 1135 6409 7427 3272 6860 9723 857 3556 4293 4076 9086 6293 4158 6417 9471 5037 9518 2390 2267 5926 5982 7440 9189 2888 1315 211 6050 1321 2666 9009 7163 1840 7407 4586 5989 9131 9627 4735 4896 2757 2385 4845 1356 3397 9233 2136 3847 268 891 1728 3536 9702 4360 3530 3667 7231 2617 5884 4052 3956 3047 5388
6546 4833 6000 5132 827 6551 8924 0 2379 5911 4620 200 7393 7252 9544 7370 4601 8474 9875 2362 7593 2913 9068 2750 2082 9978 3417 9784 2044 9575 1280 7952 6793 1647 5588 4131 4321 8878 122 3972 3356 6488 7954 2281 2622 9284 1965 9996 4625 9473 5603 389 5357 2578 2093 4436 8448 8198 1389 4230 1869 2878 7212 9854 7360 414 9931 6412 9752 3569 4031 6567 5533 4267 4637 6484 2303 3458 4458 5181 4648 1698 1667 5412 898 7010 3619 4534 7820 6255 6471 6273 4985 7676 9201 6232 9203 9329 8714 6806 9628 7704 3130 7890 4349 6296 7870 6676 5720 3039 5711 5193 8210 4125 1285 6551 8641 2125 3208 4403 5996 1141 6911 1636 9243 1252 7472 3058 1133 2895 6557 3473 6379 5965 5803 2284 8208 8872 3521 7258 1930 6777 1904 952 6519 625 5124 3221 4395 481 6907 3155 4440 8311 5944 8513 8738 2033 4901 8012 7506 5288 2409 2946 7449 2868 9771 3024 9249 997 5098 5114 4090 643 9934 1811 4775 5145 4547 6019 1397 4069 7549 963 9208 2373 7223 5579 9739 2085 5275 4614 6944 5790 8917 7863 8049 4014 88 4664 9296 3478 3809 8461 8767 4554 8430 3411 4041 1998 7780 4226 7470 8953 3133 5987 7417 7744 4334 9468 7334 8612 116 6866 8403 8424 7113 1700 6667 4721 4015 3743 7444 4839 4831 426 5204 1721 882 3300 6494 7017 6926 8130 7378 1968 6415 2017 6191 7256
1775 7323 5957 5000 5643 4733 338 2379 0 8469 9807 1268 7975 4009 394 464 6489 8583 2713 9634 8321 4532 556 7619 7820 3399 5268 479 5984 5518 2391 8168 6899 470 1994 7594 3746 3820 5135 6097 9132 6571 7228 3197 7343 8158 2343 4978 3343 2632 3900 7819 5403 8453 8573 567 9068 6844 8106 2371 2958 2912 9043 472 6767 739 916 4127 6493 5074 7251 4591 8727 2289 5659 303 8167 9381 9162 7931 7557 538 6760 2310 8323 78 2964 8457 1551 9222 9992 8123 1213 6379 5146 1005 2078 7831 3249 6058 6645 9052 9310 6503 3835 6944 2647 8837 1950 9755 9898 9926 4317 7566 5883 659 5576 825 1488 7502 9162 941 5987 5003 7109 410 1527 8192 8416 4452 2683 5524 7530 6788 2226 5524 6725 2566 902 1222 7385 7699 1567 7432 6026 4983 3855 151 6182 172 316 5346 5119 8603 1373 1163 6916 3402 8598 8130 7073 9994 2255 5545 6509 4695 8088 5059 1542 846 6062 2495 3129 1885 575 8798 9035 2860 9921 3088 7615 7967 8843 6556 9541 4587 4744 4991 1703 7727 6185 6796 5272 7891 5786 4707 5981 880 6215 9881 9593 3929 4735 953 3166 2270 4315 6092 2024 965 5205 2756 9067 2081 5515 89 8365 126 8435 2419 7306 3749 2589 958 5276 1289 6370 9931 2166 7877 4873 428 2402 9485 6701 3430 2811 9346 7937 8615 6994 171 442 4537 6804 9193 5713 3444 4779 5994
2368 1489 2526 4000 9892 133 805 5911 8469 0 4926 611 1280 5122 16 2686 2358 3409 9836 4248 8852 9662 8655 340 2481 4085 1885 7191 7816 2343 990 2697 8920 3574 4941 9274 6718 4928 4827 7139 8960 9261 4653 4801 6879 5687 1455 8310 5859 8529 4173 6289 9303 4350 5196 3964 5486 5194 8464 5159 4150 8658 2974 2237 1708 343 3099 8415 3130 2430 3234 9500 4140 2568 9178 6420 5562 2996 9977 7033 7375 8006 5485 4411 2300 968 7613 1791 4332 5173 2680 447 4349 6014 4126 2928 8937 9345 8173 2613 920 1152 8778 9617 1042 6040 5311 9354 7758 5859 4185 2796 7240 6256 3503 6599 2539 8301 7139 6221 825 2720 9319 4490 5743 224 8164 3762 1910 7712 3999 7999 4401 2438 2693 5004 8707 8578 5038 1017 6091 145 6078 3109 6656 3084 3723 5124 8564 2257 5797 7712 5695 6369 3539 2298 5329 5348 2510 2329 8359 9964 3575 8695 3974 2974 8881 1496 9299 7244 9612 3287 5436 1624 1367 7523 8705 5704 237 2520 4505 3876 8305 5524 923 5172 2966 8817 8879 2241 432 3065 6358 608 361 9041 1476 3860 7754 5812 2318 4640 5278 1442 7383 3003 7392 1442 8378 6095 833 6275 7757 7223 1502 4662 785 4047 6494 6446 7712 1252 9138 545 5342 4699 4654 4153 1363 9102 5353 1094 6580 5852 9434 7075 776 3678 2964 3564 4468 967 1958 2625 9335 2051 6672 914 4198 1080
3906 1980 5038 4527 1983 6627 7255 4620 9807 4926 0 5026 2828 1448 4319 4534 9937 6239 5268 4188 387 2044 5480 653 4816 2348 358 1536 7790 4673 8553 8030 1506 2256 8609 5327 4074 68 4395 1982 9284 9956 3837 448 6434 4128 4471 4027 3133 9806 7539 9743 5757 8054 742 8475 4584 420 7712 4102 3848 5029 1473 628 2257 6242 8800 7152 8446 7565 516 8281 1314 5407 2092 2574 9480 9705 5953 7934 4631 1273 3533 9431 7359 7620 5362 3433 3506 7021 3368 304 6791 4107 6269 3800 712 3902 6540 5965 5801 6412 3961 999 2113 3102 8682 8190 8096 1894 4949 8833 3726 7971 6202 6752 3750 9812 138 9986 1547 554 1142 9458 2137 6346 4752 6932 5792 7729 7090 8526 9540 2504 1269 8176 7019 8782 757 9960 3600 4241 3727 789 4531 8343 6244 622 4017 3589 1507 9735 3672 4427 1167 4626 5001 5558 4624 403 8665 2093 9080 2554 1430 7198 3298 3894 9879 4322 9989 8170 305 9025 3936 9900 7448 5311 9545 8307 455 5496 5114 2643 2693 9493 53 6268 5826 5260 1811 8600 3666 5451 6692 3043 2857 2407 3687 2672 4320 4960 9206 4968 8874 9983 4380 2071 778 4006 4572 1808 4205 6007 1388 3164 4247 3417 3414 1980 9925 8753 8157 9197 1782 2849 6593 1856 8131 4342 2681 5554 4875 9037 5513 8169 7078 5938 9827 9776 4145 9215 5379 2146 1753 3672 8782 1493 5571 7041
9911 5931 3063 8076 3763 7600 3470 200 1268 611 5026 0 5375 7800 7302 9660 1850 2822 8044 3481 4742 3286 13 8343 4124 1292 5839 6045 8172 91 5360 2378 365 7893 5241 8516 7267 4459 2867 6506 3976 2597 3340 4044 5264 3387 9056 2996 9673 437 1981 60 4002 5014 2977 2563 8069 2548 156 9406 6778 3887 1396 6984 9999 2726 4725 3319 422 810 2898 1000 6644 962 776 6117 4464 3218 2019 3625 7550 4981 9060 7285 6213 1078 2952 3703 3768 4751 2175 3769 1977 9833 4064 5213 9432 2972 6040 2160 7324 2368 7734 3349 349 7926 9080 4937 204 4197 5487 1492 852 8552 2915 2418 555 3724 8963 1231 5953 4830 5230 538 9309 1438 5737 2852 8671 2104 9963 2792 3599 9213 246 7741 8146 6177 9661 3805 9099 1564 7566 5634 4628 6884 2447 8524 9276 9249 4261 9273 9322 8642 6192 6644 5655 2523 7967 1361 6048 5719 4679 5675 8491 1669 1070 8200 4999 2241 699 7779 2822 8483 3783 623 2787 7250 2904 6239 7660 8934 3577 6323 6464 2936 3020 4237 865 4922 8549 7778 9713 6847 3543 2709 7984 111 1118 3152 5652 4242 9347 8573 5401 9101 5616 5950 729 1843 843 8033 425 6260 7771 5279 8351 436 2110 9417 1782 6660 4529 6639 2074 3331 2284 6187 8868 7035 9622 3092 8445 975 6681 2832 9679 9978 25 8926 4448 1646 3406 2386 5980 8642 4646 7890 662 8581
2903 2930 9966 8379 2640 7546 8551 7393 7975 1280 2828 5375 0 7520 1084 2684 204 4414 3420 3168 2856 4007 8776 5761 8056 4338 8180 5577 7530 4686 8013 261 2847 9055 7005 906 4253 2896 2303 7774 9718 4571 8830 4564 2166 1903 684 1388 7306 4448 7053 5154 3546 9568 9200 9528 3595 1469 8882 8622 9664 3915 5833 2480 9374 7869 938 1780 2972 5852 661 7856 211 4868 5897 3807 4160 8902 6999 8268 1952 2618 9183 3056 2012 3151 337 5775 8118 4488 1613 6356 3520 4493 6030 3703 9574 2160 8400 6573 2074 550 4226 8875 8574 4748 1032 7420 3019 699 5945 6096 9916 9202 3549 1013 6562 7771 6671 9116 6952 5116 5661 2245 6873 1545 9503 3878 7817 9317 2637 3101 9066 3503 5072 8839 3531 1667 1164 4797 5538 3289 8962 6775 9500 6623 114 6544 9812 1041 6571 8265 4683 2541 7940 2606 131 556 1654 9291 4516 9531 9409 5105 4671 1306 417 1342 5597 2630 4821 1568 863 86 4611 6122 9678 3864 8378 4497 3391 4722 1449 1217 7852 9799 1216 6889 7176 2588 9421 7446 2059 5873 6609 1794 3471 170 6954 3510 532 3119 8074 6060 5235 1885 2303 9556 8979 2693 8855 5487 3370 6860 8163 6041 3051 5142 8932 3452 704 5401 61 4112 7368 5248 9970 6045 279 526 2247 62 3216 1788 6257 4720 5822 3101 5120 7799 8293 439 2915 4296 7318 79 2378 9811 2036 2170
479 4574 6735 5318 6979 8293 7404 7252 4009 5122 1448 7800 7520 0 159 269 6532 2368 5114 1993 4937 828 1118 3959 8445 141 7852 3177 6752 365 3629 7997 6053 9732 2047 9618 5134 7865 9105 7877 7846 5277 5509 1299 2285 2724 5513 6392 7306 9724 8359 8266 6244 9197 483 4925 6394 4891 8423 3205 3718 1642 8713 7048 9962 3068 4596 1194 623 8728 2218 461 6374 2593 2453 5884 8743 4987 6143 9738 7452 8063 9685 2895 9625 382 8724 3166 2070 8690 6067 3450 2338 6731 536 6474 2081 5701 2677 3388 1200 8597 2415 1280 2483 3488 4569 9953 5774 5705 719 4802 672 2663 1096 3446 2316 8044 2920 1899 768 7745 4510 227 9283 1993 8485 8658 1906 1520 4493 2920 2245 2893 5510 950 9842 6050 1862 4329 6770 434 279 7336 522 6246 3636 6345 4431 2083 1921 5060 8476 8967 615 8844 53 1875 7976 4058 5833 9068 5236 7974 4206 5629 8758 2778 320 832 138 6797 7567 9761 349 3928 913 5736 9973 3432 2579 331 2876 9987 9730 9135 4089 7616 7674 5232 2611 4154 2332 6864 4690 4277 6343 4059 1042 7686 8449 4708 3017 5493 3228 1152 4037 1470 2797 1137 9693 8442 1271 367 6071 9949 6832 1373 3597 5979 9462 4675 6673 303 1599 9752 403 2126 3434 2395 7100 2121 7883 5929 7694 7857 1415 3220 3070 7935 7206 7222 9783 7812 6350 566 202 8693 8488 2101
8989 3972 1106 826 779 6609 8748 9544 394 16 4319 7302 1084 159 0 1878 7233 6802 9334 9513 3578 5929 6807 4114 8574 8863 8152 2642 3025 6830 6050 9236 187 305 2343 2210 2108 9297 9734 7260 6654 2979 9887 6566 7621 8051 1476 4249 4597 418 537 9310 344 4335 580 4625 6770 2783 5203 9605 2079 5810 6457 3690 6443 5591 6158 4682 5692 3667 4905 3703 2823 4836 7887 6032 2761 2208 331 8914 1810 5928 7885 9662 7131 5254 7545 2498 3608 5624 2540 8970 1460 1654 3785 2774 3788 7373 6960 7218 9003 1074 1145 8347 4885 2939 5850 9150 6632 410 1602 5757 3263 6675 446 9872 7664 8692 7234 5441 1101 4886 8266 9489 785 6513 5525 1572 9184 745 3543 1714 7356 4457 5521 352 6881 8894 4438 7280 2311 2703 5974 1009 989 8066 7388 1788 4656 8923 3381 3428 9392 9951 8153 2285 5928 4225 6081 9419 108 4132 5581 1974 5314 2531 480 3255 3641 6788 2503 6745 2491 5792 5627 4844 9658 9195 8478 5980 4429 8025 3780 9561 2084 5909 260 5294 8018 4741 7732 4577 1551 5436 2808 8761 2074 3482 2840 5690 8011 9710 2917 5844 8210 7609 5575 7698 7185 2579 7785 2403 8057 7792 5985 197 2870 9052 3769 8597 3096 6040 7350 365 5251 3965 3107 682 6453 5980 5088 8288 5950 8835 808 9227 3180 3345 7838 4674 5656 8260 1917 126 9081 1767 9338 2422 7647 1358
179 946 4717 362 1052 1124 9364 7370 464 2686 4534 9660 2684 269 1878 0 9946 880 6340 6216 6706 4364 2443 1525 6340 7285 9852 6568 5157 3219 8222 2080 2224 394 3902 2879 5137 3229 472 5630 5581 5058 9149 8532 8014 3191 9898 5920 4662 9809 4103 5666 5178 7637 6663 9998 6440 2382 5117 4928 4612 4676 5081 5806 2203 9663 7402 9265 8656 6968 2069 4374 1789 9421 9746 3425 1065 2459 8977 4618 1629 5961 6454 9368 3004 769 8114 1980 5932 8635 6597 709 1102 7813 4302 6747 8807 8355 3812 4873 8358 1611 6797 3742 7167 1229 714 565 2142 8583 6542 781 8719 2826 9732 9753 4800 1649 2538 1364 7540 4718 3051 2268 918 6124 6607 4249 8953 42 9522 4125 5537 5389 7256 8604 2672 7774 689 282 2375 7549 5381 2720 7430 5847 1133 3323 1038 8755 2714 7451 8498 1437 2292 3007 6375 5012 1950 1528 6491 467 283 6632 7186 3271 5381 956 3477 8891 7531 5031 1643 4728 1435 285 9218 2310 8561 995 9652 8371 3437 1312 274 9106 5437 2965 9639 1740 3822 5033 7805 6765 8642 1451 2535 1589 4716 1217 5405 803 181 8184 9158 203 7558 1603 1399 420 9150 896 9862 3254 9934 3069 7155 3423 8192 9672 2815 1690 8260 7552 2470 2132 4380 1398 1540 7590 1913 1481 636 4120 9739 7948 7300 6141 3661 5374 3298 3806 609 5075 5547 9249 5010 4093 185 5815
4154 1704 1669 6744 9153 1927 9457 4601 6489 2358 9937 1850 204 6532 7233 9946 0 3561 5190 6073 5855 7897 4106 7382 5071 382 4072 3297 4402 4481 8069 3252 8661 2196 9086 3440 554 6389 4294 8949 4711 2736 8534 7519 1674 4363 4453 9631 6848 5376 2101 4683 736 483 2432 3696 638 4568 5160 3861 387 7153 5736 5348 975 7336 5008 3225 7733 6302 3248 4729 568 2412 2976 1835 3437 5935 6101 5552 2317 4048 4200 2488 8855 7450 6070 5270 7569 2760 8870 7313 6605 9609 265 9797 1417 56 6897 857 2255 5888 7182 3133 99 6872 9908 5343 4691 42 2855 5080 6489 5838 9456 8460 7903 2925 1016 3613 6828 8459 404 6054 5646 8138 9847 9221 9361 3772 6222 9617 8062 7347 8743 690 3960 4775 1254 5298 6822 6641 8019 7588 514 471 984 5337 4979 2378 3064 9051 1912 9539 6058 6329 8106 5386 3134 1366 1686 829 1036 8862 638 453 2710 6142 4219 3805 4646 9073 8753 7244 3498 6029 2196 2682 5090 3568 9969 5757 4280 3421 7826 4896 7579 849 6080 7107 2740 1902 3597 2813 5274 6848 6018 4343 3412 8929 5589 3046 3759 3995 6541 9150 2601 9142 233 5883 3958 4007 9400 7700 4286 5532 8428 8988 5071 8431 8110 8952 2338 3954 2221 4914 1766 4261 1082 8480 5066 2946 9721 1082 6247 5624 6418 4066 5164 9165 3005 9329 9128 8196 7640 7278 955 643 1912 5706
3352 6906 5127 2072 8436 6576 2573 8474 8583 3409 6239 2822 4414 2368 6802 880 3561 0 4995 265 4080 9520 409 7187 4644 8364 3359 1155 9016 9924 4164 9388 5028 7170 4836 371 1594 6164 9019 8028 9216 8945 1179 8029 8104 6549 7518 1916 3045 6298 680 1454 7929 3286 8594 8900 6764 8386 8108 3233 5396 2081 9681 9123 9428 6953 1851 946 3534 2051 9331 3218 9310 3855 1018 3915 2735 4988 6224 8424 9341 4840 4780 595 8786 7590 4562 3721 306 6822 5117 3104 6650 8169 6419 6880 7123 7337 6956 9894 8886 9659 1246 3544 2580 8801 4020 6631 6193 9448 8597 2081 1637 3575 9068 2661 2687 9491 5128 3876 3109 2779 6556 9357 3543 9943 9158 2346 9931 7407 8632 8074 8594 7701 8602 5413 7115 2190 9161 8511 4086 2166 443 2289 2309 9499 5779 97 8087 6841 7651 2656 5598 49 2905 2820 4081 7858 1343 4085 1167 4068 5727 9929 3205 1822 3632 3039 3981 6210 3834 3085 9602 1856 7940 3270 4996 5555 5242 8398 5348 2716 8897 2724 4108 3942 1733 4842 6077 7990 3493 8323 6758 9674 854 3669 5384 8112 5783 2605 2349 312 1032 4832 3365 5972 8912 4862 7148 2180 5314 6959 4588 4611 6884 851 6783 7633 5733 6229 3971 2859 3871 1310 1444 34 8011 7248 452 9821 5760 8756 9334 6784 375 6167 5996 1444 1079 314 6780 7150 871 9808 437 8732 3690 2372 3164 2199
7819 8535 2807 6490 2347 9435 4903 9875 2713 9836 5268 8044 3420 5114 9334 6340 5190 4995 0 7673 5772 7383 4888 2154 9269 9197 1147 3611 4287 8946 5913 1908 5466 5416 2613 7498 3320 9142 4156 2076 7759 3335 9599 1718 9993 6206 6285 3854 7939 7792 7748 9510 2048 5647 8310 6071 1633 4737 2540 7257 6141 4812 7349 3663 1449 7778 4842 3673 740 1309 7191 6510 9336 2875 7725 1208 7979 396 843 4635 6445 1084 4745 3637 4315 3007 9524 8341 3065 2670 5241 2097 2028 2218 4458 651 9456 807 4549 2828 2073 1742 818 3615 4393 2241 9791 3547 4836 6438 2528 8437 7390 7340 4378 9999 1070 7444 4013 805 8459 7845 1140 9671 9095 825 7001 2335 1630 1016 8142 5396 5148 9013 9713 7611 2498 3014 2627 7096 1168 7645 750 1937 6435 7848 283 7066 9165 3908 5732 1622 1777 8147 570 6257 2862 7051 2648 337 5479 5479 7388 8047 8603 1282 6310 6529 18 5177 9764 4867 1924 6977 8061 2247 4851 8680 4122 262 8601 4531 2395 9968 5036 5216 2328 9098 3963 1143 7 1690 4248 6276 745 9364 2699 4171 3450 1999 6687 2210 1527 3014 4121 6434 7047 2511 8 5181 6840 8934 4193 55 8958 8252 8910 6753 3714 4660 9246 7215 1633 4489 1706 4127 1692 8558 6153 7772 358 7311 5704 2592 4903 1229 6167 6206 6683 2131 7638 9160 9687 17 3572 2458 8022 220 9725 819
4743 9737 5800 1079 8720 6620 7469 2362 9634 4248 4188 3481 3168 1993 9513 6216 6073 265 7673 0 4501 3121 9787 4416 8311 3538 4495 983 4306 6617 1416 4267 146 693 3768 8016 2672 7617 4795 6093 2790 9888 9687 6356 5368 4812 7862 7702 2147 5397 9046 2141 6066 8010 6000 5992 9287 5049 6646 6376 8518 6142 3143 2742 7779 3074 4519 1885 5813 9619 3055 8766 6999 5424 7124 5185 7330 5495 297 1574 5688 8676 3287 8427 2457 4452 8452 5507 3831 3793 3727 8128 8765 7342 6421 6869 6099 3174 1781 4050 2042 8973 5654 8622 2252 3215 8101 7192 8685 9393 6285 1169 9034 8435 9022 9924 6220 8342 1073 1432 9512 9646 4907 8513 0 7099 3838 442 1102 8181 2858 7802 8787 9008 6330 1586 4985 8679 8435 7485 3625 2074 9515 9558 3268 78 8500 8775 8371 3612 8586 2359 2703 8749 1809 353 45 8291 6645 7220 8316 7113 3585 7170 9741 5543 6239 4349 6126 3701 3215 5197 7251 7353 7665 5393 4155 5549 1685 1579 8262 3181 9792 6464 2526 8718 530 716 4589 4879 6523 1311 139 299 2173 604 1321 6354 5465 2799 9154 3115 3371 6273 24 7072 711 1677 8195 1869 43 7863 3394 7534 8799 6303 4674 2981 7102 4847 20 688 3163 9178 7020 780 3660 8411 5288 4899 2751 9780 4524 5672 4207 6223 4420 4510 7387 2614 8174 6463 516 9253 6465 5385 2293 1055 4637 366
8820 2662 2182 7525 4045 7131 2943 7593 8321 8852 387 4742 2856 4937 3578 6706 5855 4080 5772 4501 0 7375 3696 5977 7416 2068 9740 979 2584 5977 3168 4544 2619 1225 4459 5484 2634 6421 9638 23 7626 1184 3123 9400 8993 3789 2564 9832 3486 7550 6755 9432 5663 9171 7451 276 1364 3012 9810 8516 8525 7306 6597 7910 8443 2785 1959 1976 6960 8135 8591 830 6782 29 6827 2456 5162 7649 8240 4612 2346 9128 3645 1808 5563 910 5889 2714 6754 6487 9784 4744 1131 765 2080 6966 4148 5773 4857 7688 4858 4354 8049 3404 7843 3629 1902 4814 1233 6442 1799 1721 7058 1931 8185 5991 4442 6841 2460 6445 1314 3946 3884 8357 2343 1033 7704 7101 5392 6664 9369 3200 5049 7015 5130 5214 5316 1382 3820 501 3309 8115 5556 6743 3442 6134 6203 6018 6839 6115 5064 3548 2057 5331 3218 6306 8655 2689 4416 7680 9833 8323 2395 9583 6891 6967 6728 78 3592 7385 7213 8813 1713 6764 3526 5281 8139 4334 3636 5897 7306 6355 5101 1502 3620 9860 6084 8702 6626 6808 7572 6642 8476 1728 3754 2845 4952 5553 9274 2231 4755 8256 2721 6021 4060 5506 3231 559 2112 1554 1962 8294 7523 7850 20 644 8119 7678 2618 6933 1832 6902 2236 3151 3892 4553 9162 824 6158 4042 2844 9950 5582 100 7475 85 3485 2828 9399 35 3735 7397 3225 5510 8180 2123 8306 4761 3234 8883
1890 4049 9812 1800 3424 1962 5185 2913 4532 9662 2044 3286 4007 828 5929 4364 7897 9520 7383 3121 7375 0 3801 7604 8166 4937 841 8109 2158 7294 416 5503 3065 7241 8796 7841 8554 47 816 1224 401 7878 9897 5374 3231 6771 9603 1483 319 6071 7535 3823 6504 9461 9220 4064 1258 1333 7382 9146 5564 8768 4518 6709 9648 7297 6849 9122 1340 3164 3871 3792 5727 7628 5090 6265 5908 8327 3635 6234 8612 2390 4024 2229 3175 1493 1402 5407 7031 4006 5434 7398 3872 9767 6259 1173 7430 3860 4339 4017 3667 8725 6280 4663 9568 5647 478 8641 9410 3193 2324 6570 9351 4863 9560 3800 4382 5100 9520 2926 8594 6138 3566 2900 8613 5388 2689 4151 8778 7946 2789 2129 7715 6220 4997 7740 8576 9983 7830 7336 2250 7955 9512 353 6504 6440 6550 2345 545 4054 949 5162 4989 5233 5032 6741 1437 8722 7914 1259 5437 2150 991 229 291 2449 5097 6053 1626 3133 9743 8544 3588 5912 512 9122 9323 8173 8887 9893 2883 7684 3019 4315 8427 7933 6680 5298 88 399 5687 6472 1946 2072 6061 8706 1667 58 9297 381 6258 8413 7162 7439 7585 3484 248 7569 8645 3223 221 4553 2049 2301 7247 6302 3887 6099 5729 453 2274 1975 8364 4322 2386 7536 95 561 2524 9564 7465 6579 1944 6062 5672 10000 4809 5527 5121 1720 4926 3820 9948 849 6744 6604 502 8507 8900 9731
3042 8912 4184 6166 6605 8802 9907 9068 556 8655 5480 13 8776 1118 6807 2443 4106 409 4888 9787 3696 3801 0 5216 5266 8261 3760 124 6080 8257 7141 5868 4933 1683 9163 558 3921 1268 2452 6034 9188 2732 9521 2086 921 3619 7388 8076 1695 6494 9234 3240 3685 6149 5083 7258 9254 7756 5341 3811 7678 8423 2833 6855 7920 5969 4630 8921 6235 7826 5063 5597 8765 5410 2317 5554 4811 7610 9263 8515 657 5972 1593 2282 1619 6657 2828 3600 4357 6170 9013 5080 6804 2826 9971 1467 7838 4078 6389 7862 7040 7739 8767 9708 688 7428 5755 1161 601 9784 1475 9446 7067 5463 5707 9219 2378 1460 7029 2868 5288 920 4009 1778 5812 2240 6947 8407 7866 5955 4039 2249 2981 1282 5891 2865 2165 7190 5383 5213 5701 415 791 1170 4415 467 6737 3719 9919 58 9670 1437 2957 4100 4514 1698 8840 4302 9080 475 2657 5552 8408 2081 3844 5112 9119 8686 8655 8730 8628 4407 4635 1043 1955 8748 2524 7189 6382 5937 9779 426 609 8873 1930 3166 4525 9484 6248 9730 5158 4601 504 2355 8680 9167 9508 9534 3077 3394 1655 1422 7621 3376 9585 7287 48 1121 4838 8376 5662 945 1040 990 4184 1840 6743 1012 4109 4472 4868 8552 6098 6938 7352 71 6609 4396 6378 8205 3288 9889 660 9073 4871 1305 658 5522 576 9736 7465 2276 1174 3954 7170 1146 2989 7310 9997 5045
6296 8272 3417 6561 2415 5573 4118 2750 7619 340 653 8343 5761 3959 4114 1525 7382 7187 2154 4416 5977 7604 5216 0 5504 5920 9179 8637 6279 6100 125 3860 8095 2827 9079 7999 7456 7622 5715 7658 9868 6858 6205 6676 3435 9553 6683 5660 3842 5628 5983 2020 8613 8271 3397 1001 8744 1712 1291 648 6313 891 3920 98 5189 3922 6369 70 5329 5521 6904 9339 8648 3001 425 6827 2498 8567 7459 8204 7867 992 6531 1984 1573 1088 485 3108 1835 4173 2733 4693 4649 9210 4200 9017 6959 2675 5560 8951 3848 1040 4047 8112 3168 6288 8750 2699 6026 237 9583 762 9590 292 947 5467 960 252 640 3049 2485 2737 3786 6584 9010 5792 6560 7739 1081 9556 3189 6774 4208 2868 5532 583 6726 5005 1740 249 363 7506 4478 3456 9038 9216 3603 6963 269 1505 125 6405 6798 4247 1167 1558 7996 6740 7017 50 4269 8494 7370 6104 5540 9234 5998 6234 785 3482 4942 3500 3014 6810 6617 3090 2165 8585 682 6545 519 9885 2847 7988 1335 4986 8661 3161 1149 6278 1607 1761 447 8290 9691 6705 1578 9712 6649 5986 4589 2402 8703 6765 4621 8205 1336 8188 3641 2429 1503 7088 5549 5032 5967 5131 1534 8196 493 2528 5817 1077 2538 3457 5276 7250 5617 6400 2538 1029 3290 7476 600 4849 1334 1626 500 4273 4291 1328 6202 3187 436 2555 2405 1773 5702 1603 4436 9515
1134 1401 624 7344 5374 2001 303 2082 7820 2481 4816 4124 8056 8445 8574 6340 5071 4644 9269 8311 7416 8166 5266 5504 0 1372 6539 5557 7371 7385 1995 5458 6341 8338 5155 4688 64 9566 1296 5937 6565 660 53 4728 1309 1868 1476 6623 8189 3504 7300 4348 3008 4920 9350 4416 7419 7225 1087 42 5880 9870 4501 2185 5668 7083 7024 931 9700 8431 4068 4845 6116 6383 3588 5495 132 3876 7432 8595 8939 514 7427 5409 8711 2723 3432 8399 3479 4730 4227 6359 1127 6470 1860 5291 3358 8752 4193 6735 4154 3913 598 481 4400 5486 291 9993 8463 4678 827 5611 8334 1296 9413 4465 2406 1861 3399 4539 6995 2701 4691 6578 6958 7435 281 1204 9871 3983 873 9842 100 6965 2478 3647 9948 3789 1386 504 3215 4131 1214 1716 3464 2866 8641 7637 6172 4079 8087 6932 9947 1730 8585 5340 2487 5198 8530 6410 3842 3931 3691 1174 7421 4303 1652 9478 1570 6324 4191 9129 5636 9119 245 2338 14 7409 5300 6221 9417 1223 180 1369 1498 8323 6320 4262 7879 6307 8248 4081 6740 687 9663 5751 6513 5564 7157 1961 2926 3505 3659 443 5415 6801 1097 7729 3096 8074 4750 6444 9167 357 3214 2912 719 6655 8206 4242 7474 2189 2948 803 2437 4134 1356 3824 4599 415 2922 7438 4419 8693 6678 5397 6250 7765 2105 2691 672 9057 5301 3377 9092 6745 3400 1380 9974 9807
4780 5787 5210 3566 338 9144 1392 9978 3399 4085 2348 1292 4338 141 8863 7285 382 8364 9197 3538 2068 4937 8261 5920 1372 0 9004 145 3567 2684 7934 6058 1409 4553 8822 7688 9642 8082 2119 9105 1503 9366 72 8300 3153 2685 5074 2901 1453 936 7870 353 7757 1285 9913 7869 7715 8571 9454 6786 3892 7605 1665 8482 2720 9158 5323 304 2806 7375 9534 7360 9597 853 269 8740 3568 985 7459 6831 3229 42 3087 277 4741 1090 4667 2503 6745 1397 9227 1756 300 4961 9911 1590 3663 5019 8790 1557 9085 6861 4354 9891 8887 9823 843 3697 5928 7991 2562 9471 6961 5755 3051 2333 8953 7794 9938 6332 8360 5008 7122 8258 1352 4488 662 7746 2643 7375 4939 9115 9982 1602 8286 7724 326 8811 2935 3612 8047 7271 2099 9419 329 3182 4146 9705 1263 9728 7167 5814 3752 3569 9271 6593 6769 5200 3239 7297 8110 674 2452 5997 1420 1867 1792 9494 1476 7475 7198 7985 5927 5327 744 5084 3073 4784 9441 3432 824 1767 5304 8951 323 859 1076 9334 7263 2519 185 495 5129 6877 3912 3824 2012 5446 4949 5097 484 7183 3158 8229 8668 3469 5045 3147 1512 151 2298 5746 6728 3942 5742 5641 9051 3863 8417 9473 8107 8803 9636 7606 3250 4595 8256 9548 3349 8180 8068 3282 5141 3610 6127 8544 9051 403 1208 9458 3679 227 9942 2216 2815 4807 499 5192 8520 3852
993 7481 7252 2955 4513 8412 5145 3417 5268 1885 358 5839 8180 7852 8152 9852 4072 3359 1147 4495 9740 841 3760 9179 6539 9004 0 3611 8030 4190 4780 8704 8310 2373 4601 6539 8652 3986 9987 2848 8660 6051 6492 3044 7607 8437 7263 1588 4137 9415 9165 5777 3955 452 5853 1115 3390 4135 9606 5406 6298 7444 3347 4838 5855 875 7932 4891 6273 2476 5717 5403 7858 972 1130 7586 5252 1547 8788 6326 9426 9650 659 9304 983 4369 7003 1973 4108 3418 2810 1233 2731 5748 6948 4833 6637 4959 6283 1752 251 7261 719 9252 7452 9519 5956 6828 2138 4082 8752 2874 6620 1452 7328 4070 4899 3185 9043 3583 8477 5752 7428 7175 765 3911 165 2999 4927 4499 6196 8196 4635 5131 2044 4292 7622 5523 6743 3998 8292 2955 6295 239 7799 5129 1532 7378 2687 3992 7788 8026 1128 181 7446 4390 6569 3488 1393 3445 4199 7904 2186 8752 6091 3476 3914 3002 322 2528 3845 2610 9305 654 1081 6075 2984 8152 4811 8173 6936 3961 6177 3629 105 7331 334 3615 974 9969 9933 1226 8050 2604 2675 4784 3589 8860 4011 2396 4018 6520 1872 6052 5286 258 4884 1667 3211 4810 8127 622 7616 6608 7064 9020 484 3064 2753 787 3558 1139 5122 1409 9422 2730 6157 7354 7592 425 7503 1791 1427 1155 6080 2442 2012 4440 4911 2799 6820 460 8058 822 5157 1273 1758 8487 2938 8142
3483 3299 7009 664 5903 2700 7806 9784 479 7191 1536 6045 5577 3177 2642 6568 3297 1155 3611 983 979 8109 124 8637 5557 145 3611 0 2311 1699 8362 9774 6615 3949 7999 8825 986 956 2845 9398 283 7169 6816 258 1522 2933 3317 9116 4504 4136 957 7611 2428 2368 8585 3763 5354 2869 4117 2431 7291 6732 2450 1336 7916 3664 9577 3028 6279 1743 2604 9423 6151 8579 8472 5776 662 7641 6023 9251 6741 8650 4201 8776 5005 5564 5221 1133 1097 9744 8191 3441 9777 1110 6042 3654 6870 3855 4589 2244 9980 7091 999 5971 7092 4410 4072 1183 8954 5355 2986 538 7091 7349 5307 9164 4001 599 394 9178 2987 6505 8315 1339 6535 643 7458 2397 3351 2927 8500 2035 1035 4786 2363 7395 5679 8270 9133 5760 8452 1564 3005 1203 5088 6180 8295 1923 7903 9957 5800 448 5809 1879 1516 6201 9893 5093 1318 2628 4497 957 5459 1867 5596 5433 3726 8645 1326 7380 5694 2893 9010 7177 8337 5531 2539 5327 570 8589 8713 9290 9897 1168 2225 6474 8383 5886 8189 3078 1162 1950 5496 632 7088 5019 3053 6883 178 9612 2326 1142 1320 3034 9816 7471 8005 3162 2219 722 4818 8168 3606 6839 6446 5121 6801 6016 5235 2740 7520 3189 9840 7517 9347 1257 250 1868 550 3138 517 7239 8688 5304 849 6379 5658 161 4783 7057 890 3198 5153 4510 5041 2262 4384 1925 4067 5266
6946 4584 5115 209 3385 6472 7528 2044 5984 7816 7790 8172 7530 6752 3025 5157 4402 9016 4287 4306 2584 2158 6080 6279 7371 3567 8030 2311 0 735 8430 7745 3574 878 3355 8087 9139 4377 3655 8386 7998 7286 9828 2905 8912 7877 2960 3920 1040 1872 7388 7727 1089 631 326 2339 2721 1269 9436 9583 3052 6921 4322 7538 2297 5564 2875 7033 7991 135 2416 9535 473 2519 4043 1910 3594 3032 9274 8854 853 5711 6860 3524 1862 9486 2243 1219 6427 5814 6628 4865 4871 1586 1754 5133 2223 2464 2639 9327 692 6475 6881 9403 5725 7950 428 427 2872 743 8564 9898 3 866 4226 8918 3796 2445 5015 1159 3059 1271 5317 7597 2652 6435 9145 9163 2656 373 4754 6451 353 2827 7305 9425 6912 9943 2662 308 6934 7578 728 4501 1353 5254 8309 5115 2565 7861 1428 2099 9651 2122 6718 2247 5046 3085 8687 255 3374 6609 1806 4569 1007 930 8888 1335 1988 716 1233 5756 8347 7450 6609 3326 897 2366 3710 5853 6670 7756 9880 1927 1 7880 5711 8323 6411 2463 7164 9824 2338 9831 6589 9499 2086 1833 2721 9586 3508 9441 3066 8244 6177 7300 7507 6797 2168 6647 5138 4262 1556 8953 1209 5311 2321 4621 8491 1294 8600 5893 5407 3827 5268 8186 1802 8305 8723 2957 9233 7208 4918 4422 1672 5281 786 1756 4711 5750 13 3793 1713 8546 3829 55 8728 6106 111 5203
5256 1200 2356 8314 4524 2564 2562 9575 5518 2343 4673 91 4686 365 6830 3219 4481 9924 8946 6617 5977 7294 8257 6100 7385 2684 4190 1699 735 0 6119 5515 7288 51 163 2984 8143 3682 8746 7946 8236 5385 2868 4707 3233 2480 8467 5963 5945 5357 729 3550 6884 7023 8109 3534 684 1868 706 9663 3683 5919 664 858 6207 3460 7157 8768 1269 999 8434 2533 8622 8265 7289 4048 1631 5450 6390 5310 4781 9751 3452 8122 5989 4506 4259 7276 2310 4694 6430 6104 7128 9144 9320 5151 7098 9927 8274 151 2119 7502 8507 1060 6565 3077 837 7887 8751 215 7167 3855 3300 8456 2079 7847 2801 4550 9887 9623 1217 6417 75 1160 8479 9134 4281 2960 253 1400 766 9161 5473 414 5417 2262 102 1526 8944 6438 9520 4720 3920 7047 1573 5291 698 4687 4067 8448 3593 1434 5590 4084 1040 1598 4625 7644 2314 7670 7687 8514 1559 7334 6498 3846 8538 8052 8062 775 5550 4108 8988 347 2262 3267 9236 9400 7358 1419 7474 5001 7294 5918 2814 5803 927 8468 8675 7585 1062 1888 2748 6213 34 497 8011 715 2959 7063 9764 1192 1756 4365 2622 4439 5753 1262 4216 204 3726 460 9047 7518 2021 9985 308 1623 3725 4477 9627 138 7450 3079 1473 6365 9365 7165 7997 151 4524 5043 2388 8385 405 5655 3860 9868 8101 3001 5254 7707 8541 6208 1373 2356 1114 5269 6129 7322
5671 8461 6437 3001 7725 7840 630 1280 2391 990 8553 5360 8013 3629 6050 8222 8069 4164 5913 1416 3168 416 7141 125 1995 7934 4780 8362 8430 6119 0 800 3813 6305 5715 3842 6142 8924 7746 1023 2840 3608 3700 4532 6320 1256 4146 1244 6498 616 1931 3811 1954 1713 2038 5193 9768 550 9235 5847 6821 671 2359 8618 1338 2880 9017 1058 7309 9058 3996 1664 386 4810 5645 4850 2938 3837 300 2610 3120 19 8015 3101 2675 1942 724 9469 3383 3256 7811 5770 7417 9328 9913 2153 7967 6401 6909 3237 8920 2289 3027 3804 2209 1556 3330 6047 2406 1460 1187 5971 6107 374 4220 3420 2003 1115 8650 610 7422 6629 4479 9902 3743 1098 3108 8114 9189 7026 4602 3256 448 4557 8282 3050 9938 3658 1959 781 6498 3014 9611 877 2220 828 4813 5173 5754 187 1422 5426 1393 7873 4900 3673 718 5667 2861 2642 9928 5000 8771 5478 2064 1225 1228 9126 9936 4998 9214 5479 5474 3255 8743 2029 2401 6723 9856 6180 1447 6926 9209 5201 6512 8381 2694 8917 290 6510 2536 5120 9324 3454 2199 5001 6032 90 4471 9510 2962 7381 3308 2207 1233 9299 2475 3802 6364 5260 2765 817 6237 9350 242 2381 9276 497 7068 8150 7023 315 9968 6334 4143 6671 810 9740 5720 5756 1048 1227 4311 6292 7867 7934 6314 3633 9810 9628 2315 1399 2761 2903 9628 5993 618 2948 1778 3092
7943 8031 3922 5052 7978 6657 5383 7952 8168 2697 8030 2378 261 7997 9236 2080 3252 9388 1908 4267 4544 5503 5868 3860 5458 6058 8704 9774 7745 5515 800 0 5690 1366 2928 1667 1133 248 8110 6035 8401 7345 4163 9436 9822 8048 6074 2412 6235 6456 8315 1902 1472 9059 7987 9286 6059 9596 5158 4150 4972 3350 6840 2529 1868 1859 2065 3089 8941 5619 9454 7763 7806 2915 9281 6086 6887 4975 6268 3690 9713 7485 4751 4765 7929 475 3402 2733 83 4811 6057 397 7900 962 8866 6375 4133 6531 1675 1352 909 5525 9272 2943 807 9625 8830 7388 4035 582 4628 4433 3025 9298 2987 2823 6850 7220 1124 305 832 405 7332 10 9183 8032 8012 7205 5592 9033 7921 7101 2265 9889 2884 4864 1423 8631 4472 7123 2780 7269 2260 560 144 8093 1873 5993 3896 1615 6016 8729 9750 5871 9585 5719 9962 4717 3036 8133 581 2228 4056 1617 5220 3402 8233 7992 4595 6164 3605 8906 710 4879 1971 4066 6904 8223 8681 6679 8431 537 7092 4363 1210 1603 6321 3290 4743 3312 8219 2138 8534 3634 8449 5140 5474 4222 7722 7399 6020 7422 2859 1238 7629 1050 825 4491 8400 5622 8111 1708 9164 3769 5491 2190 6632 6657 4992 4067 6342 8579 4157 7513 5133 8561 5450 9388 4812 1558 1469 4865 4390 7921 9297 6971 9236 2316 27 7638 7126 4182 2216 9571 941 2616 2864 9744 1321 8678
