150
0 1188 4888 3735 9548 9018 3632 1850 9835 7731 9326 2811 6906 6700 8559 5657 1819 5934 773 7691 1423 9562 6895 613 2748 4768 8567 3068 8508 9291 3338 8827 397 226 2179 8929 6359 8770 6508 9114 6035 2485 7417 1392 2373 31 20 7154 4146 7434 934 5468 1781 1669 8140 7162 1491 7162 26 4349 5830 1462 2185 3846 917 1547 1729 5147 1036 3148 7 1121 3314 6246 4776 7924 7813 2517 1814 6970 4365 1230 2032 8301 5188 9066 6383 7754 3413 2978 7781 3164 9115 2531 5497 3511 5217 5190 6638 638 5178 1954 728 9604 4026 3831 9826 867 2326 164 6338 2059 6527 751 3397 3878 8722 2904 6142 1938 215 1374 31 7477 6422 5941 7627 7378 4475 1416 160 5288 7817 3239 4070 5992 2733 4074 1601 119 1331 155 8681 3782 9523 7156 1034 3410 1839 826
1188 0 7059 9276 173 2825 8424 1919 657 8297 3151 715 4810 1119 1345 6677 2493 6973 7752 750 4124 2291 151 3798 2132 2516 9719 5408 5521 2051 6307 2851 7106 2267 4192 788 5067 2207 9098 9214 8356 5439 3605 3793 4202 4598 9701 7279 4599 802 4048 6263 7952 6996 4836 1696 1351 3288 8742 722 3158 8226 2382 2072 8077 5464 6800 7899 8162 8620 4505 7939 1316 3549 171 2902 1655 3096 4476 287 87 2172 1319 202 6016 3508 1384 8012 9478 6043 9066 304 8981 9739 1993 1749 7703 2676 8307 3708 7916 1745 7376 6670 1625 8843 4985 144 2923 7936 133 3409 8763 7283 9261 5813 1119 5675 927 2562 7865 858 1467 8291 3487 8819 9190 6592 9330 2504 6351 1191 9714 8857 7285 8132 2977 1445 1228 6150 3013 2328 5344 8916 6081 4798 4261 5708 5728 9500
4888 7059 0 3981 9083 3277 572 5669 5455 9745 2573 1907 4139 5924 1587 4231 8097 9656 7078 220 1257 3224 969 9139 8086 5087 1145 3472 9886 5229 9951 6363 9752 3829 4157 9240 5340 9282 9811 2683 5303 2816 1444 9125 1543 9461 7805 468 321 2687 5056 9588 9043 5271 7884 8992 4972 2069 5832 8135 3813 9765 6362 9030 1858 7747 2425 1768 9905 5574 9192 151 3723 7893 8661 7687 76 3505 106 7126 3779 3692 1236 3411 303 18 3467 128 6961 1397 6811 5398 3910 1190 6250 3956 4990 3847 5695 7622 9323 74 3760 7869 9254 7027 4193 207 8870 7277 9340 7424 8133 281 6881 2452 9208 3521 7985 8849 8227 7957 2577 5828 9412 7672 8877 8793 2098 2194 1188 4922 3426 7991 5002 2045 4517 8025 9940 6145 6019 5349 2023 1087 5950 1793 7382 2305 3139 8201
3735 9276 3981 0 791 7776 5555 8706 5891 4635 1304 288 9738 9721 9978 1635 7510 6960 4517 4988 7710 656 981 3771 9897 4197 4269 8090 1336 3566 1843 5310 291 508 327 4661 369 5735 3852 7576 6992 3449 8409 3920 2446 6334 3372 820 8340 6901 8034 3599 4326 1042 631 3160 5835 5860 617 175 6348 9233 6600 3210 9751 426 5233 2376 1870 4326 213 8139 5174 9021 7657 8897 6589 1062 3392 7318 4552 4689 7514 4019 4023 9873 4415 3589 1001 7048 2555 1147 4044 413 6002 5112 5060 8532 8896 2867 7413 7146 595 7532 5936 9100 6648 3472 6532 6785 33 6862 2191 8094 4947 3924 8000 601 2451 2099 6219 4887 5876 7002 4191 2018 7294 4334 4575 4699 3035 6527 8118 2279 9388 8711 5041 1629 6752 8552 9563 1213 3766 8819 7879 5846 8391 1548 2323 4871
9548 173 9083 791 0 2076 4568 8028 6541 383 9268 3975 9528 424 6128 9655 801 1242 3913 3716 7047 1635 2074 3737 4373 7067 3423 2976 4192 6674 2520 4413 4611 5991 6136 9741 9399 8805 3858 3693 9086 2879 4809 8848 5670 5715 1922 4449 2925 5399 4338 2674 2187 62 3096 5872 4149 1477 2622 8787 1238 5318 3073 9542 1725 1005 8379 6968 3050 924 1364 8635 7141 8081 4236 8015 2120 815 5124 5907 9062 6231 7144 6957 7392 6322 9691 9396 6715 2864 9153 3008 4233 7566 1392 5388 2088 6985 4927 1221 4842 6940 9116 3644 6209 9238 2552 7125 5686 5624 2983 7650 5254 391 2773 8477 96 2285 2580 4068 4925 1809 4671 2370 7592 3565 1836 3416 864 4786 1543 2615 5055 2314 1501 2120 841 8532 2984 8482 381 7976 154 2162 6691 8708 1075 2551 4363 1216
9018 2825 3277 7776 2076 0 8536 7985 7311 7315 7033 668 3649 4304 1289 9052 7570 8308 5527 212 9160 7982 9459 2837 7494 1646 1697 17 7032 7482 2676 5725 1188 5567 6236 6089 3831 8571 5539 2167 8545 5146 494 9869 379 8796 302 888 4205 1364 5559 3772 9247 4767 8068 7503 1733 4542 8793 3809 8834 1176 274 1310 3276 5933 6162 7403 9008 1746 75 3307 6526 3483 2037 5270 6054 7410 4349 5498 7293 3153 6053 6431 3595 2291 4225 4506 6564 468 7568 395 6632 6318 5958 9074 2110 7815 7797 3485 8379 9023 5430 9169 752 8119 617 8984 9213 65 874 489 906 2158 2218 335 6964 2595 1761 7375 6571 654 2569 9155 3012 5809 4242 8613 9238 4231 1062 587 1142 2870 3084 9319 6671 8166 2715 14 2202 4271 739 9854 7759 8019 4510 2549 399 5231
3632 8424 572 5555 4568 8536 0 7629 1096 2033 7001 29 9939 4512 3456 4217 9277 3473 8824 6645 9683 3859 6489 4674 5112 243 3177 4692 6028 895 6931 5131 2420 3048 2718 7215 9929 689 5405 429 6568 3533 7522 7265 5049 4949 1186 5675 7046 8217 5664 3719 2985 7027 4475 6564 4713 4350 93 6998 5022 5122 6710 7676 1299 1255 9682 7127 9101 7953 852 7333 3026 9234 3909 87 1765 8733 4472 4825 7069 2559 3945 8383 192 2654 5355 3674 7186 7816 2173 4814 9205 5921 2103 9974 6094 7506 8077 1089 9179 4660 8369 1171 3976 7016 3650 5416 7684 4614 4633 5943 2324 2079 647 6010 3498 391 2154 2922 5950 5660 3357 973 4745 4880 408 8560 7383 7255 4150 2056 8538 943 5641 6471 4317 8250 7094 488 3546 6010 1797 6132 9238 4659 8709 3690 6053 514
1850 1919 5669 8706 8028 7985 7629 0 4308 2865 2977 1339 4769 5010 2263 3752 8052 4337 6112 3258 5746 525 1198 6332 9229 766 3939 8645 5167 6703 5159 7877 4502 1605 5555 2282 1400 8883 1547 2062 5100 6978 6177 9456 863 9905 904 7149 3795 7576 2003 2008 8640 13 5641 6360 4716 9497 5722 8584 7898 4697 9872 9017 2251 4448 7950 6196 4566 9850 7793 9493 1277 9745 7394 5929 4949 7454 7074 438 5307 9413 8414 2358 6003 8998 9543 3014 7692 3375 2341 6119 4535 778 6914 3516 5489 6381 8492 2254 6202 530 9422 7876 5866 8873 8985 5784 9710 6635 8129 7584 7954 1515 1774 578 8766 654 1074 8369 2953 5095 4150 1141 3310 7663 6645 2674 8817 845 6033 4576 2741 3381 5945 862 8209 6071 6233 3979 1793 2626 3658 6803 5711 2869 6996 1565 2360 6028
9835 657 5455 5891 6541 7311 1096 4308 0 208 7469 9570 8154 5322 8154 9072 2570 1544 957 2524 7009 8263 6911 7915 9954 8371 7945 7065 5889 7172 1923 2882 7790 2695 1462 3826 3310 9458 2598 6112 1872 9332 7072 7137 4752 7514 5570 9941 2938 6350 4709 6815 9588 8868 3169 2031 9866 8604 7571 8152 1626 8698 4278 4745 8734 3728 579 4234 5310 5061 2449 2277 5429 8166 2519 8900 2633 7376 5446 9389 7828 5231 4786 6861 334 1694 3081 4729 5558 2002 2266 7263 6114 9003 4253 1755 8292 1099 3542 2781 2419 9009 2096 1732 9579 8329 2016 2964 1351 1194 7356 2797 1788 5310 6550 2100 1881 1973 6700 2845 3046 2325 1032 6727 6741 7417 9022 7623 7727 7525 562 4685 5045 1544 8009 8575 6459 767 8520 1129 8114 9571 9630 3734 6757 6156 7754 1462 4607 9107
7731 8297 9745 4635 383 7315 2033 2865 208 0 6732 5236 7612 1784 6034 7282 8893 2104 9186 7050 215 9097 6359 8161 3467 7754 6489 1184 4079 7339 2064 1203 257 7591 3339 2269 9463 7467 8272 9499 9356 2869 8403 9726 440 9174 6105 7530 2822 1861 5234 2976 6572 1636 1869 8873 7391 6252 5983 7752 8623 272 9178 83 2280 2596 3375 1350 8183 486 6116 4611 6873 8649 1619 1804 7389 2034 1167 1873 2908 487 9508 4658 4446 8795 2187 9961 1792 2112 7667 7206 4677 881 3856 3337 7206 1442 9807 6439 207 9598 3218 2790 5584 7947 4530 2973 3778 1941 6888 6575 1980 1999 2395 6731 8406 5722 4388 511 4442 5415 7535 8414 9448 6773 4077 8183 9377 3034 5095 4965 5207 9924 1907 3011 2915 8702 3677 3884 2693 7663 9589 9124 6793 7153 7876 3572 4304 975
9326 3151 2573 1304 9268 7033 7001 2977 7469 6732 0 5169 9741 292 2685 6554 5065 206 8436 2214 5319 4727 5632 6298 8338 7500 21 5367 8252 351 7021 5981 173 322 2073 5765 7831 2184 5205 5425 5772 420 9576 2155 4133 7828 8017 8535 3828 8799 1909 9459 162 8899 1598 392 2936 5080 2973 8008 3646 9999 8291 7952 8098 8856 8454 4766 2319 6934 7674 5270 3718 6876 4714 4097 8841 968 380 6876 9868 1492 3947 8183 1700 1113 6345 1534 1078 9842 9710 4005 4248 5747 9004 4284 4501 4082 4629 2856 1916 6146 9244 8745 2179 6456 7687 6743 2012 1089 7292 7509 9803 6900 155 5441 835 3687 7736 5543 7736 3254 9466 5998 8459 5823 2586 6245 5117 7874 3477 3277 2274 745 2551 2175 1015 1773 8441 3691 2363 6092 5433 2706 2509 2108 4519 9008 1645 2089
2811 715 1907 288 3975 668 29 1339 9570 5236 5169 0 5364 892 5534 9569 6539 4817 3012 6821 1359 6279 5363 3994 1818 6490 972 8889 7120 7854 5973 2853 7776 4653 5868 3675 7389 9411 10000 2525 5152 3916 402 3854 7157 1651 865 9632 9878 4195 1804 6346 4204 8431 7280 9186 4404 4471 4801 933 3246 9205 8547 6274 3609 3917 7384 5688 7804 6782 9201 3092 6456 4895 1627 4561 7841 5021 2310 1263 626 1442 852 2575 6128 5291 91 6516 142 8325 8118 7863 8417 2582 4977 294 3570 489 4107 8122 5071 5119 653 7872 8703 1849 1023 8677 7403 3797 9434 3516 4077 5692 1106 6369 571 2834 6779 8220 7917 5200 1234 4174 2016 8697 4460 6012 4024 3616 285 7571 9396 8173 7639 2097 7969 3707 5145 4598 9565 8416 1010 1080 6738 4549 6902 3424 8936 8606
6906 4810 4139 9738 9528 3649 9939 4769 8154 7612 9741 5364 0 5400 8153 9138 3928 5844 3092 8409 448 1638 6319 9860 7927 1115 4230 9813 1968 6998 7166 127 9452 3879 1144 3248 4573 1557 9520 3768 1336 1061 9715 2233 4115 8861 6654 9169 1751 9873 1847 1018 4904 8495 9294 2680 8194 7430 9280 1621 2948 8004 4533 8982 4259 8717 2930 9396 74 9093 6097 4889 7062 2451 8918 2324 1491 9368 9056 9097 2622 4689 5609 5353 8525 122 9111 2789 4139 2245 7108 9847 2048 5594 268 6232 9734 3340 330 3534 4720 4301 2158 2034 8232 3127 9836 5821 8869 9909 2961 487 2985 8332 8995 5406 6049 9919 4942 88 2151 4152 7246 2281 5489 2205 2955 3201 5107 6286 5960 7889 2588 2666 509 888 7383 3560 6346 6487 7687 327 1648 3937 5832 8627 9203 2397 9031 6203
6700 1119 5924 9721 424 4304 4512 5010 5322 1784 292 892 5400 0 8628 1182 2751 9614 6410 9760 3223 3633 4426 5342 7174 3701 5737 3281 3857 9360 8021 3267 3764 6608 5603 4704 6754 7965 1932 7071 8360 7028 1361 273 9650 5129 760 5068 6166 6646 6080 4591 1051 252 1958 8968 8070 5350 7444 7308 2102 7364 3054 1430 5569 4499 5130 7610 3928 9499 9379 9098 7005 8815 4910 7374 4636 6413 7457 1878 9399 1194 274 2232 9222 8306 193 3693 1922 35 6903 232 1049 3303 2158 3353 2917 6357 1029 4107 3064 9713 9575 6966 1875 9208 2061 3615 9579 7834 8338 7330 5205 8652 2758 4557 9902 849 3121 7091 905 6813 1591 904 5281 6599 4817 7921 5418 6057 732 370 6622 6299 6101 1289 1386 7188 7155 2504 1591 506 6447 638 7885 5573 814 6997 4985 8186
8559 1345 1587 9978 6128 1289 3456 2263 8154 6034 2685 5534 8153 8628 0 286 7564 7434 2323 3377 3277 4762 8186 1400 1496 3677 1049 3893 8702 3752 7563 8692 6918 7611 1728 4007 6811 7667 13 7465 8714 3895 3180 6587 5126 5056 3124 6588 9415 1643 2061 8846 6815 1282 850 9611 1771 6563 6933 8353 3674 966 6842 3641 2473 6017 7072 9964 3939 8842 6277 2634 9144 1211 8484 2306 1270 5788 2836 7022 5227 9924 8343 7487 1093 6352 6747 8934 4435 5936 8463 5206 8690 3944 3235 7931 2594 8313 2478 265 9234 2414 416 8964 191 4 177 2045 5228 7368 3313 6064 9422 9304 4529 7983 3148 6897 9426 7096 5423 4518 6012 1117 2890 219 5049 4537 7073 20 6632 7500 9497 9206 3000 7439 6490 5546 8852 8583 1006 7340 4028 6871 3350 7604 6518 2761 1490 7290
5657 6677 4231 1635 9655 9052 4217 3752 9072 7282 6554 9569 9138 1182 286 0 6769 310 3201 3555 5597 1251 1089 9314 6212 7446 9989 4994 1371 2950 372 8533 7156 4238 4952 8709 2346 9854 8558 8426 3225 3835 4369 6765 728 2495 4426 8174 4626 6585 7206 9419 8752 1343 8431 5702 310 2608 5912 9990 3891 9468 3091 9003 306 4963 882 3800 1732 700 3962 8923 1194 5597 7900 5779 4344 3549 195 762 8570 5670 2417 9289 2125 2909 5304 9926 4409 2427 9971 8571 1810 6250 6781 8552 242 185 8567 516 6341 9376 9238 4180 4556 7158 9233 1115 569 2781 3613 7523 7943 1651 7980 8956 6155 9885 4745 6415 1419 3096 8135 8456 7501 4949 6577 958 5703 8012 5499 3933 9017 8832 1709 6245 3810 8897 8334 2012 4129 3238 3620 6342 9753 145 1072 4361 308 4804
1819 2493 8097 7510 801 7570 9277 8052 2570 8893 5065 6539 3928 2751 7564 6769 0 2475 3539 7502 804 8654 5036 6162 8849 1437 2282 6032 3821 3019 2068 2395 6118 1778 7428 8913 9913 8568 5954 2285 4292 6033 9171 6715 7169 3280 254 2285 9949 6456 4415 4612 776 6422 637 5432 6160 693 6192 2647 730 7023 352 9144 4754 7492 4506 8370 1365 4752 8020 2172 159 5759 2969 6564 5443 2273 8890 9102 4085 1094 7906 3242 3054 8270 6963 7919 9957 1968 4004 5448 8527 6928 3887 830 4167 6588 999 9943 3456 2082 6794 500 3582 8436 4827 2346 734 1225 4834 3709 9433 8791 4719 3156 3431 3196 2116 9726 9407 4849 9710 5772 971 429 9800 967 691 6695 7970 5828 7029 8623 5226 7585 6774 6589 1465 9138 7814 3164 6264 5948 7983 7986 8448 1117 6118 4999
5934 6973 9656 6960 1242 8308 3473 4337 1544 2104 206 4817 5844 9614 7434 310 2475 0 8583 7433 9341 4346 2097 4424 9359 7044 5288 9550 5420 8247 4351 8822 1157 8969 3977 4820 7908 2538 5046 1689 9825 4385 895 8841 6293 6877 4989 8849 7611 7042 2105 6476 733 3856 8043 7747 5879 936 5209 1306 7116 869 8763 8302 4662 6441 9610 1925 5220 9168 7614 7105 9776 9539 4851 4060 2489 643 1630 2562 5790 5697 1995 7176 7543 3509 4829 4669 3272 1728 1242 8232 457 148 241 6878 6980 2724 6592 8773 1789 6594 9835 6382 5879 7936 5926 3216 1732 7916 9391 454 5882 3438 6704 6375 5289 2732 1300 9084 281 1625 8646 5053 8906 4846 1033 8922 5531 2396 6910 9490 7443 9486 9464 4582 3327 6656 324 9739 5984 7885 9468 3122 1785 6937 1540 5835 6144 8142
773 7752 7078 4517 3913 5527 8824 6112 957 9186 8436 3012 3092 6410 2323 3201 3539 8583 0 1285 1215 3358 861 1935 6306 2107 6044 4859 3854 3448 8585 9040 3704 5511 9934 3267 5390 4292 5704 1080 8577 1365 6573 7710 6834 5729 314 5772 7682 4938 7116 2619 8690 8539 8459 862 8020 634 356 9759 6281 7928 5568 5616 2237 9014 2800 265 2302 9845 9891 3675 1550 3571 6009 3352 7148 1455 1099 3476 706 5199 7636 1476 5616 2183 7439 176 4836 1058 5641 9342 5373 1146 6439 4473 5409 9281 7043 2150 844 5551 6768 3663 5835 5649 3402 3659 940 2511 469 3956 3031 1141 4871 3511 9907 7195 505 1155 5063 9078 9289 7336 5122 4934 2265 3083 3861 3908 9918 3724 8691 4799 7576 2274 1873 3044 3059 6350 533 2905 2450 7372 3276 4489 2374 3966 4829 7256
7691 750 220 4988 3716 212 6645 3258 2524 7050 2214 6821 8409 9760 3377 3555 7502 7433 1285 0 5980 164 7983 2607 9844 4191 182 6941 8208 3048 8432 298 1171 1340 9615 1467 8542 3333 7189 3333 7071 932 1523 2036 3203 5007 8168 1470 1868 4963 608 7394 7458 4641 2388 3716 8102 3718 7133 7644 6065 3495 1614 2800 4010 5907 7583 9301 8318 4522 6378 7232 3008 9737 6575 4586 5817 2313 6234 3005 6660 9520 267 5937 8903 5115 37 8022 6337 8093 5285 3661 4721 5065 6148 5300 3900 4004 3160 333 8656 4392 5703 2538 531 561 2932 8376 2280 8297 4486 5422 3702 9740 4757 2922 4745 2208 4074 1095 6840 6256 1970 9979 672 7798 4610 3297 6299 3873 981 6641 6548 7362 6465 3563 3699 9500 7507 5155 8963 8803 9188 70 9875 8034 6364 9189 9280 2991
1423 4124 1257 7710 7047 9160 9683 5746 7009 215 5319 1359 448 3223 3277 5597 804 9341 1215 5980 0 9418 9407 1124 3950 7815 6814 8595 4780 8677 3847 1841 7002 8422 6563 4602 3232 8816 227 3619 6037 6058 3670 2528 1299 3943 6966 866 3793 8861 8863 6237 4227 8994 4588 652 9270 7611 4011 5906 3753 8061 2221 495 4224 599 4326 3698 3560 1386 5252 1692 551 9931 6008 4192 9890 2761 3540 98 1976 3648 7135 7490 4635 9871 6167 8783 93 6765 8926 3666 3095 953 476 3874 6331 20 5474 5111 3117 2051 8269 7676 5077 2801 8495 2939 8586 8993 6527 1368 879 4895 3302 9191 6107 7883 7841 3058 1318 7354 7682 1808 4989 2608 3413 790 5872 1237 6042 5577 9883 5789 3793 1836 9490 6016 5920 1602 6340 1289 9506 4624 1175 3004 5594 9033 3522 7682
9562 2291 3224 656 1635 7982 3859 525 8263 9097 4727 6279 1638 3633 4762 1251 8654 4346 3358 164 9418 0 9923 9201 4106 1082 3051 2786 5105 6133 6855 1837 9349 9702 4207 1002 4295 9562 9396 6969 9737 564 8672 3754 1237 7708 3788 2515 7790 6877 3106 1211 3426 5034 5417 6317 7514 8147 9432 3286 2761 1961 3836 9096 6839 5554 8355 4866 2760 2994 1082 7540 9196 5984 5819 7175 8312 9087 3627 6630 133 8303 5699 575 535 3525 8521 3304 2257 1890 2501 3653 6270 6931 6332 9506 4778 1835 1719 544 6988 2306 6732 5734 7297 870 7282 4042 8049 4834 3197 5160 5470 9811 6212 4631 2374 7351 8339 9436 319 7836 5905 7148 3808 4051 8173 235 9834 9873 1734 751 9645 6503 4384 7295 4045 1607 474 6370 444 7149 5272 8184 1848 824 651 1307 7246 9354
6895 151 969 981 2074 9459 6489 1198 6911 6359 5632 5363 6319 4426 8186 1089 5036 2097 861 7983 9407 9923 0 2191 2307 7702 3722 3184 8879 3372 2384 7562 6634 3876 3073 5150 9250 1657 2746 3477 6288 810 2456 4517 5047 7236 9603 160 1765 3117 2976 2168 5788 5801 4335 2187 3683 7610 5533 6100 7894 4961 9124 6693 8029 6472 9452 7543 2898 1276 8047 5624 4757 7827 6741 3835 6902 9254 3051 5611 7852 3829 3287 5896 8417 8354 5871 9329 4805 1400 9644 8278 9457 1643 6310 8704 573 7521 8830 7939 1132 6805 2564 716 6088 2509 316 9591 4639 2301 4611 8032 3876 262 1802 711 7742 396 9348 9203 3691 6691 955 5519 7554 246 6659 6805 8430 5451 3656 5825 8232 7179 3307 3936 327 7480 2782 8892 3199 7932 30 6827 1650 3431 4639 3311 7380 697
613 3798 9139 3771 3737 2837 4674 6332 7915 8161 6298 3994 9860 5342 1400 9314 6162 4424 1935 2607 1124 9201 2191 0 4026 8017 1429 6776 1420 4647 9102 9106 3884 7442 4896 4460 130 6216 4674 3363 7249 2775 532 2919 2136 6460 6390 2111 5314 3494 9478 5422 3956 3811 4279 7849 2590 150 3204 1707 1231 8995 4845 4521 9882 912 3463 3152 2016 123 1877 7038 3296 4304 3866 1813 9809 108 7640 8013 2269 5548 6831 643 4015 6571 8637 635 1605 9830 8491 9618 121 538 3043 8950 8952 9606 2467 3823 943 3325 5698 3859 3677 8096 279 4545 6426 5642 8781 8524 4587 5331 1136 9120 7619 4667 2259 8642 7809 4290 8124 4209 9096 5658 9174 9474 7832 5557 4163 1980 7474 6932 3191 7094 7433 2733 4946 4814 16 4503 3510 1386 2769 1779 3453 6758 2625 7401
2748 2132 8086 9897 4373 7494 5112 9229 9954 3467 8338 1818 7927 7174 1496 6212 8849 9359 6306 9844 3950 4106 2307 4026 0 6595 1650 6402 3502 2855 6091 9591 5261 5625 8121 3561 1971 5789 1995 6017 7822 2034 5352 3241 6014 5034 4461 1716 1012 9425 1568 244 5268 5425 3679 6853 2254 4309 8366 9165 7725 365 3934 7922 381 8950 2563 3048 3154 7640 7085 5685 9227 8056 6396 9224 9681 9151 6079 831 2323 1157 9888 8983 4170 1276 2729 9354 1743 1514 5238 1174 9126 598 1551 1787 2706 8481 4973 4765 3268 8531 9755 1438 7850 8106 5003 9889 3537 3772 7656 7973 7460 4004 330 4857 3139 5843 4549 7532 6944 6401 7358 5571 1031 1258 780 6516 9019 9765 4502 8764 1728 5489 9980 1726 7690 7555 8463 3445 1685 9923 1674 8672 9695 9074 5882 4571 9441 417
4768 2516 5087 4197 7067 1646 243 766 8371 7754 7500 6490 1115 3701 3677 7446 1437 7044 2107 4191 7815 1082 7702 8017 6595 0 660 1864 4145 5388 5384 924 6723 6740 6614 5652 9809 7852 1352 9937 7491 7623 8891 9642 8650 8069 7897 1461 2053 815 8608 4380 7441 212 2520 9787 2445 2480 7303 6311 1934 4156 9498 1119 1096 8016 8694 3616 8003 8798 6148 1467 5211 2014 2688 5582 6357 7075 894 14 596 2524 3826 7210 3081 4380 6899 8370 9625 7953 8150 5797 6325 5125 5625 1403 411 2606 6283 7550 1025 3537 604 8411 764 52 865 7664 109 5366 8376 5692 9085 8372 9600 4882 7356 9684 6573 8871 3487 7519 3074 3686 1535 3004 787 6837 1650 11 5414 8315 3533 4565 8960 8118 7606 9547 3120 3843 5222 6662 8630 7522 2682 320 5444 8953 1438 6750
8567 9719 1145 4269 3423 1697 3177 3939 7945 6489 21 972 4230 5737 1049 9989 2282 5288 6044 182 6814 3051 3722 1429 1650 660 0 8600 5851 1863 7616 142 7861 6415 3854 2119 1832 3269 6569 351 84 300 2364 2402 5304 23 8942 9264 2071 6715 879 4741 4028 8623 4419 9228 1539 8969 6870 4566 9925 1373 1997 1936 988 4828 3588 5563 7571 5382 9162 2323 8023 6336 262 4483 3016 8778 1698 8535 6800 6464 7454 185 6967 9925 3019 5145 4639 5427 1027 141 1342 9090 1284 383 4135 5262 9124 4590 498 5157 8643 8607 8641 8133 1048 2619 8420 4429 6829 9881 7470 3153 7081 5744 7392 9220 9356 5838 7412 8659 5023 4743 6073 9036 5837 3848 5312 3142 1362 8908 3693 4525 5933 6123 1311 1696 8515 111 9491 1993 3044 2582 123 6181 9840 4787 8217 5886
3068 5408 3472 8090 2976 17 4692 8645 7065 1184 5367 8889 9813 3281 3893 4994 6032 9550 4859 6941 8595 2786 3184 6776 6402 1864 8600 0 3959 4547 7243 2151 8770 3109 6283 2933 7117 6657 72 9344 2092 9441 2283 3894 5211 3593 1576 7452 7527 6554 813 6784 6846 9892 9405 772 5028 8923 5301 1182 3445 5720 2556 8674 8620 449 2377 3355 7370 8466 1196 5419 1959 1992 4261 2606 299 2200 8052 5757 7207 3835 432 7714 2538 3711 7086 3536 2960 5748 131 2686 9395 1078 400 1589 2525 7014 4542 6695 6556 9266 1827 3338 3499 9387 1052 6770 7276 2564 8188 4657 391 5844 8240 5401 7806 2571 125 3070 87 3177 7846 496 4074 1286 2017 224 9334 492 4779 8166 8329 1397 1526 8124 2277 8191 6195 960 5055 1670 5098 3485 7873 7755 5289 9112 3345 1590
8508 5521 9886 1336 4192 7032 6028 5167 5889 4079 8252 7120 1968 3857 8702 1371 3821 5420 3854 8208 4780 5105 8879 1420 3502 4145 5851 3959 0 5059 279 9801 2420 9034 5299 2557 2130 5473 5604 9659 9268 4363 5951 320 5150 1015 5008 5941 4734 9948 9561 7314 1611 7261 4001 7833 8174 4879 6209 7320 9122 1850 5705 7704 9798 4725 3427 2971 835 1576 9182 4151 4125 3991 5455 6028 9931 8215 5214 2046 6634 5402 9089 7422 5819 1961 4291 851 4236 836 7185 9807 4254 1589 542 9407 9274 4361 965 8801 4700 1262 3634 3885 3007 9591 686 9658 8381 9847 4985 1877 3980 5384 3592 1989 5584 4846 9035 2150 9684 2115 9170 9601 8898 5913 2796 2910 701 9229 550 9567 9363 4610 1034 8062 8901 7041 1776 5753 2400 3500 8483 5916 3034 479 3034 757 2771 2684
9291 2051 5229 3566 6674 7482 895 6703 7172 7339 351 7854 6998 9360 3752 2950 3019 8247 3448 3048 8677 6133 3372 4647 2855 5388 1863 4547 5059 0 753 2208 8018 7478 4487 4095 877 6964 6532 8184 9297 1553 6070 1603 3932 4312 8240 6983 2732 5540 7497 6634 3362 9866 1445 2765 5861 6188 502 2546 9497 3765 5173 6258 4381 7659 256 2231 2730 3395 3095 9219 3922 9437 3269 6134 5701 8293 224 8816 2844 3917 6177 2322 8801 6781 516 8671 5636 463 4709 7095 262 9089 9018 8282 6052 8012 5766 9015 32 4766 8707 8619 5363 3962 5673 4144 1610 1849 4020 8092 3381 358 5295 8061 9828 1225 5206 5957 409 5061 754 2636 6737 9348 7625 9741 2969 6855 751 2770 7412 8706 8297 9730 5333 8314 4775 8616 8194 8351 8577 3822 6209 6024 7658 4370 8752 5568
3338 6307 9951 1843 2520 2676 6931 5159 1923 2064 7021 5973 7166 8021 7563 372 2068 4351 8585 8432 3847 6855 2384 9102 6091 5384 7616 7243 279 753 0 3459 4960 9097 121 8309 374 3158 9768 4245 4707 7469 8144 4775 856 3765 5529 3117 2462 2749 1577 8685 5761 3703 5131 4690 3972 3169 8390 1499 3910 5732 3330 3549 3552 7460 8112 5240 9768 6779 4434 3097 6800 5981 7121 2456 5043 6339 8022 6136 8272 3550 9811 2055 4922 3128 1397 3925 5830 1789 3715 6677 5670 5955 8744 1434 9198 8330 4873 1454 8026 2803 4008 5571 2870 7819 9354 1455 8338 3028 9462 3754 1499 2630 3773 7122 2746 7283 6614 2635 5327 6330 1705 6027 9141 5070 279 3939 6172 6850 2782 7932 7750 6254 2077 2293 2449 7689 9558 130 9974 9810 5034 8493 3298 1735 5712 1998 8580 1522
8827 2851 6363 5310 4413 5725 5131 7877 2882 1203 5981 2853 127 3267 8692 8533 2395 8822 9040 298 1841 1837 7562 9106 9591 924 142 2151 9801 2208 3459 0 6987 2799 161 9850 8389 5842 6466 2676 3363 4071 8903 2426 9445 8163 5256 191 1025 476 7509 1898 1968 2688 5944 5938 9708 8543 6613 7938 4447 7915 6836 7008 1115 1935 8507 8657 5478 3851 881 1575 8407 1754 5627 8959 2679 440 8541 3660 2373 5897 3125 7067 6593 7104 3149 6183 4864 3127 959 7907 6225 7310 5028 4890 4445 995 1713 6129 966 8569 40 7909 6609 5174 5899 840 1528 154 8731 4687 4445 2859 2989 5415 7757 6622 2197 5244 4904 4980 7340 8574 2148 9927 4993 3629 845 7920 5999 6685 8505 992 7571 4185 581 702 5685 5367 8891 3767 8195 3168 6576 8345 6137 354 1842 7706
397 7106 9752 291 4611 1188 2420 4502 7790 257 173 7776 9452 3764 6918 7156 6118 1157 3704 1171 7002 9349 6634 3884 5261 6723 7861 8770 2420 8018 4960 6987 0 7733 7154 4024 554 9021 6423 6146 8342 1238 3751 5436 7818 1111 841 8915 2859 5709 414 6282 162 7747 9631 4749 2729 6404 3265 3464 297 8981 524 556 8314 2783 2646 6274 1785 2676 6311 6104 7292 6000 8684 7414 6886 5551 6160 5858 3747 7413 2718 4107 4287 9766 3469 4565 4636 4393 4258 3011 4988 5235 6811 7584 7222 5642 4239 4387 2988 1973 8038 6838 6288 8856 770 7209 6221 8279 5130 6959 6113 8225 4945 6826 8806 9528 8054 4126 4492 5535 7138 6613 2750 9273 5638 5476 411 8343 7883 134 3106 5472 3134 1705 8884 7504 4426 1123 5096 3449 7159 3839 7229 4710 5320 6530 4652 5246
226 2267 3829 508 5991 5567 3048 1605 2695 7591 322 4653 3879 6608 7611 4238 1778 8969 5511 1340 8422 9702 3876 7442 5625 6740 6415 3109 9034 7478 9097 2799 7733 0 6980 5610 8450 8069 1253 3938 7387 7512 2939 2251 7113 7003 8123 3903 9550 9367 8448 7793 6522 4843 9089 9295 2063 8731 6815 3776 6325 3264 7287 5991 1326 9975 6800 9345 5215 5197 5684 1262 2822 899 3789 5277 6066 1765 8988 9617 5545 3351 1560 825 8126 4108 3532 6013 6004 5730 5737 8403 7985 4685 609 8994 6886 571 8742 7993 4279 6205 5327 3770 8461 4454 6620 1011 6076 1727 8573 6173 3271 3887 756 7942 8787 4477 6971 9375 2224 8815 5854 1863 4868 9047 6538 7659 6729 4931 2812 7762 9592 8124 3653 4715 8587 1073 1927 8833 7670 5513 4563 7674 1370 1464 3415 7751 5011 6996
2179 4192 4157 327 6136 6236 2718 5555 1462 3339 2073 5868 1144 5603 1728 4952 7428 3977 9934 9615 6563 4207 3073 4896 8121 6614 3854 6283 5299 4487 121 161 7154 6980 0 3836 1576 9661 1891 6796 1169 8274 8403 6773 7191 5131 7016 3480 1753 8106 5452 9319 3037 1794 4888 936 8211 6888 3892 88 9240 3308 4788 3987 4408 3133 9132 229 8492 3336 245 6715 2754 7504 5399 8257 1945 9424 1785 4270 8265 2169 3386 4954 9153 4116 166 7027 2748 7129 368 9425 7578 8132 1538 5938 8965 2201 2599 4229 9667 9287 6628 4531 2425 5042 7915 4415 5213 2358 9267 4388 136 483 2150 8763 10 6021 7546 5644 6860 9147 4895 5074 9372 1798 8180 1174 4227 3608 7921 8230 1682 1124 2675 3441 6892 5445 293 8189 8647 3564 355 4671 1055 1816 4032 402 4032 764
8929 788 9240 4661 9741 6089 7215 2282 3826 2269 5765 3675 3248 4704 4007 8709 8913 4820 3267 1467 4602 1002 5150 4460 3561 5652 2119 2933 2557 4095 8309 9850 4024 5610 3836 0 1140 6307 9001 9620 5744 3948 1217 5655 870 7940 3854 1705 3335 6903 4806 3213 1648 7284 8040 6367 9638 4721 6119 6616 7860 1585 5595 2080 8651 5689 8931 6936 3087 5923 4003 1131 4613 9919 8869 433 2261 7678 1904 3698 8319 1397 5446 6790 6636 4608 287 5808 4724 3932 7380 3474 9498 7580 7413 7248 5481 7156 2714 5504 3257 3211 880 5838 7576 2759 2458 7047 7588 7948 4189 2215 4530 1137 9888 8264 1949 4707 4156 4660 3814 1414 4382 3180 2932 5325 3282 2478 460 461 139 3816 5841 1323 7796 2531 9420 4310 2931 2479 1112 336 640 2844 1870 2209 3356 4356 5362 5041
6359 5067 5340 369 9399 3831 9929 1400 3310 9463 7831 7389 4573 6754 6811 2346 9913 7908 5390 8542 3232 4295 9250 130 1971 9809 1832 7117 2130 877 374 8389 554 8450 1576 1140 0 7862 4316 167 2620 4963 5164 3182 4244 5997 894 2545 7398 554 3544 8544 1684 7735 8595 1332 4782 9619 4982 7280 5214 9748 3797 6112 2288 5634 4494 7189 2702 3792 4453 9053 7382 9648 6297 1179 8286 7850 5796 7319 4456 994 2077 4246 8620 6956 7462 2181 5692 6330 2328 4777 2878 746 6010 6246 1874 3831 1002 5373 3885 912 6613 6400 7539 7021 1455 1765 1713 7833 5688 808 8281 5500 8533 5836 8678 7979 732 2824 9875 376 4130 9729 8652 4789 649 110 7005 5950 2418 9294 4065 3806 8813 8424 2873 3295 2684 1541 221 3089 6952 1423 9039 5098 5952 6373 6491 3250
8770 2207 9282 5735 8805 8571 689 8883 9458 7467 2184 9411 1557 7965 7667 9854 8568 2538 4292 3333 8816 9562 1657 6216 5789 7852 3269 6657 5473 6964 3158 5842 9021 8069 9661 6307 7862 0 478 3605 3502 5944 81 1018 4985 3805 8095 573 7427 7326 4502 5137 4316 2849 1977 4582 6091 516 7931 172 7327 6779 820 1619 2810 6836 1293 5740 1016 6124 2441 3456 1179 1171 1 9037 5775 8818 4978 824 2587 6908 3151 1341 4362 269 3540 1071 5119 8421 1543 2843 4459 5607 5337 2036 1796 3736 9321 1434 6292 517 4854 4632 6090 6546 3263 7998 4976 4519 8487 9389 9027 5496 3574 4256 6448 2439 8541 3884 8055 3134 8315 2570 9267 2945 9736 8117 9110 6781 5258 1422 5010 3655 4835 7212 6496 9031 6251 3555 2644 3530 9878 2239 3234 5266 6717 2913 8168 6293
6508 9098 9811 3852 3858 5539 5405 1547 2598 8272 5205 10000 9520 1932 13 8558 5954 5046 5704 7189 227 9396 2746 4674 1995 1352 6569 72 5604 6532 9768 6466 6423 1253 1891 9001 4316 478 0 1375 8862 716 8551 5564 5361 5638 5727 3826 6233 5253 9285 3897 8291 2215 632 643 5876 6918 505 637 8860 6926 5256 3364 4088 2532 5766 7436 6390 1732 3202 4564 863 8407 4700 584 6244 3684 7121 9777 384 7853 9803 189 9510 6967 9546 5091 5853 3969 5772 4846 8337 112 4545 2602 4936 661 3237 7515 5105 7638 3464 2221 388 7139 3741 6007 8045 8166 2698 6056 4640 6232 161 5253 8582 4668 3302 428 837 8246 738 2790 568 348 5310 9112 2213 5970 2658 4227 3657 9269 8444 8188 7305 365 5801 7383 6050 6450 878 9210 9905 6126 9723 4294 6119 8236
9114 9214 2683 7576 3693 2167 429 2062 6112 9499 5425 2525 3768 7071 7465 8426 2285 1689 1080 3333 3619 6969 3477 3363 6017 9937 351 9344 9659 8184 4245 2676 6146 3938 6796 9620 167 3605 1375 0 587 6356 9931 9067 7521 545 3486 3083 2156 447 7466 252 9009 433 255 5667 7236 1055 3195 7755 7750 8267 6598 481 4777 9899 501 6194 7406 7333 7201 3265 2166 3530 4470 7469 7495 6312 6181 4084 2028 9411 6392 2449 5719 3101 3880 4993 781 8631 52 844 854 8924 9963 2983 5163 9361 6058 474 8410 974 3646 9553 3930 49 2437 6771 5840 3298 1221 5191 4322 5199 7069 7339 229 3958 8733 4670 7795 3406 9060 2241 3108 8541 418 2588 7493 7502 6604 6858 6814 4694 7742 6724 5248 3957 7196 7946 84 5938 7788 4857 8457 4374 8264 2637 2486 5082
6035 8356 5303 6992 9086 8545 6568 5100 1872 9356 5772 5152 1336 8360 8714 3225 4292 9825 8577 7071 6037 9737 6288 7249 7822 7491 84 2092 9268 9297 4707 3363 8342 7387 1169 5744 2620 3502 8862 587 0 957 4312 8567 8336 7443 1694 1621 3319 7853 7487 4900 9024 9358 1707 7920 17 6186 5897 3270 4463 7850 1527 2099 1082 3727 3493 9223 5529 1586 3818 8175 466 4631 3632 47 6438 3563 5269 9923 3235 6339 3502 6390 9105 3315 8759 9463 2872 5956 2407 9506 4388 7813 34 3718 6423 9127 7569 619 9141 4548 5041 7251 6102 1154 4810 8068 6362 659 5009 1914 4809 5362 7628 2336 2161 1561 9820 4668 8698 5409 5815 5789 6449 8660 1280 9369 4125 3116 2214 5731 2903 5533 1294 6537 1023 8410 266 2546 2733 8987 8032 2322 1488 5135 790 3317 5215 4910
2485 5439 2816 3449 2879 5146 3533 6978 9332 2869 420 3916 1061 7028 3895 3835 6033 4385 1365 932 6058 564 810 2775 2034 7623 300 9441 4363 1553 7469 4071 1238 7512 8274 3948 4963 5944 716 6356 957 0 7205 8297 2721 9401 6112 3990 607 4068 4068 5014 6012 2514 6800 7898 3454 2985 8250 2634 912 4959 7859 3590 3709 5445 1068 5093 1494 7199 317 1995 2084 3259 6430 8307 8706 4545 6478 9562 308 5303 8867 5811 2767 3337 1555 5553 4495 4080 6823 5602 9188 2757 678 5970 8023 3103 3845 7638 3458 5604 6286 2825 1267 3997 4936 3389 9300 5272 6287 7216 4473 3189 8186 5898 4058 5045 8711 6630 2208 6447 9447 9660 8075 4611 3385 2760 1922 8349 6993 4959 5509 8437 4494 5274 5452 4582 3383 5222 9153 4604 5942 2101 5693 1118 2749 3218 1389 1891
7417 3605 1444 8409 4809 494 7522 6177 7072 8403 9576 402 9715 1361 3180 4369 9171 895 6573 1523 3670 8672 2456 532 5352 8891 2364 2283 5951 6070 8144 8903 3751 2939 8403 1217 5164 81 8551 9931 4312 7205 0 3720 8989 9664 2107 678 2904 4406 213 8883 6531 1631 4403 4083 6689 1160 194 2911 3255 8343 98 5463 1097 3354 5183 3846 7874 6588 5430 4064 5820 2358 3006 4430 4460 7 3410 5135 5541 2175 4652 1069 7224 6704 4827 5121 1232 5322 8811 5307 2406 1428 1293 5659 5813 1813 1151 2163 3174 3997 714 1986 8635 8141 2958 3614 9241 2979 9864 1673 4028 493 5874 7473 4974 1578 9205 2384 6368 4722 962 4991 7934 6474 4888 5010 737 2835 2463 5150 2554 3899 1604 7598 7544 7392 6025 1443 3471 7739 1792 2161 7084 6173 4615 4300 6284 3043
1392 3793 9125 3920 8848 9869 7265 9456 7137 9726 2155 3854 2233 273 6587 6765 6715 8841 7710 2036 2528 3754 4517 2919 3241 9642 2402 3894 320 1603 4775 2426 5436 2251 6773 5655 3182 1018 5564 9067 8567 8297 3720 0 453 3507 5801 7432 0 2230 8107 4245 3756 3443 1572 3773 6652 5045 894 4576 4295 2362 9393 2887 3120 1478 8166 6279 4755 9884 3422 3399 3636 7086 5259 6965 146 4879 9977 9494 9958 3542 6696 3184 8740 5046 1954 6013 8728 2994 7698 154 7798 6541 1857 5718 9042 6951 172 6744 9315 9487 7791 1268 4222 2466 9860 8148 4889 4574 2964 8794 164 4337 8633 3171 9468 7624 9627 5330 2594 6600 5622 361 3933 3998 9964 7529 2737 8858 5495 6710 8234 4290 6205 2911 2585 8937 7364 7720 1943 618 5565 3636 559 2448 1485 3819 1012 9845
2373 4202 1543 2446 5670 379 5049 863 4752 440 4133 7157 4115 9650 5126 728 7169 6293 6834 3203 1299 1237 5047 2136 6014 8650 5304 5211 5150 3932 856 9445 7818 7113 7191 870 4244 4985 5361 7521 8336 2721 8989 453 0 8503 4044 1569 8784 466 5637 2156 2074 7441 7398 5660 3287 2472 9261 3909 9623 8215 7443 9150 5039 8727 159 763 2004 6808 8404 4596 5788 1022 105 995 6100 9304 3270 4530 1823 7945 2655 9145 3798 9709 3466 2687 2597 3793 1689 5065 4715 3652 100 6050 3957 1268 5593 8521 5771 1726 8744 3133 3594 5262 5693 1644 3987 8161 5880 7173 3375 6710 8479 6037 4442 9177 5680 1092 2528 4616 915 4473 5633 6089 8566 1927 8022 9300 9844 4800 5905 9319 5316 4230 2178 1323 4472 2077 9146 4140 5902 5290 7387 682 3048 4463 2324 198
31 4598 9461 6334 5715 8796 4949 9905 7514 9174 7828 1651 8861 5129 5056 2495 3280 6877 5729 5007 3943 7708 7236 6460 5034 8069 23 3593 1015 4312 3765 8163 1111 7003 5131 7940 5997 3805 5638 545 7443 9401 9664 3507 8503 0 3637 3607 6380 9619 5440 4751 6820 9085 9232 1470 9670 8014 7450 1444 2188 6415 6845 6743 9026 4644 2476 2444 3584 1128 5751 5681 9528 3492 2024 1589 9512 1494 5114 1295 5840 7574 2778 4106 7160 6506 8346 1115 9064 2779 1778 5091 1901 8537 6223 1615 3618 6623 6747 7287 6433 3022 123 5131 361 4375 1366 1033 8911 439 6113 153 4977 1287 8464 2054 5883 5487 4179 5683 849 8130 2378 2653 3008 4218 3985 2203 1081 489 1887 7170 4654 189 6932 268 8960 1581 5230 6718 4358 1867 3183 8138 5686 6393 7162 7635 9622 35
20 9701 7805 3372 1922 302 1186 904 5570 6105 8017 865 6654 760 3124 4426 254 4989 314 8168 6966 3788 9603 6390 4461 7897 8942 1576 5008 8240 5529 5256 841 8123 7016 3854 894 8095 5727 3486 1694 6112 2107 5801 4044 3637 0 9858 1752 7179 7084 9163 4650 3461 7367 9741 1758 3165 6499 6396 7700 977 4851 1773 1096 7445 1377 8792 8976 3650 5836 5504 6075 4681 5000 5455 1189 1520 3120 9606 4278 628 5127 4199 9111 143 846 9968 4519 5307 4429 5636 5811 8135 5370 3587 8582 2687 2667 4021 72 7255 2512 127 2501 3486 7118 2334 6384 9866 234 6571 5734 6925 2418 6678 6323 9281 3841 2911 4133 7634 5328 2486 8836 1328 4270 7234 8754 1136 4572 3264 9896 8860 1494 5822 2159 8206 6250 3505 8544 2586 6966 3253 6839 1833 6765 396 6473 5671
7154 7279 468 820 4449 888 5675 7149 9941 7530 8535 9632 9169 5068 6588 8174 2285 8849 5772 1470 866 2515 160 2111 1716 1461 9264 7452 5941 6983 3117 191 8915 3903 3480 1705 2545 573 3826 3083 1621 3990 678 7432 1569 3607 9858 0 3366 2724 123 2230 2395 262 4300 7046 4562 9865 8852 5950 8220 3081 4620 5530 7923 3714 7444 2557 4236 6276 5672 4883 2840 1417 4497 7647 1258 2152 286 8853 4058 1516 8228 8660 3583 8687 9407 7978 79 4741 2308 5194 5361 2657 1438 9401 7817 6449 5675 3367 5069 7228 543 6761 8972 8802 8968 4847 7831 1727 3863 5365 1188 8983 1155 1469 9186 5976 2306 9956 4251 6164 5799 2352 6937 2650 9337 665 6450 5046 9508 3559 3962 5244 7117 8755 2562 522 6660 366 2199 4260 7171 6907 464 6386 8895 1386 3281 6258
4146 4599 321 8340 2925 4205 7046 3795 2938 2822 3828 9878 1751 6166 9415 4626 9949 7611 7682 1868 3793 7790 1765 5314 1012 2053 2071 7527 4734 2732 2462 1025 2859 9550 1753 3335 7398 7427 6233 2156 3319 607 2904 0 8784 6380 1752 3366 0 3688 6988 5847 2040 3762 465 8536 4611 4430 5451 502 3044 4921 1223 1081 1229 6145 7502 4093 9570 8164 3436 7799 7156 8285 5110 2111 4974 9558 4117 6560 6244 1649 396 5081 9939 4105 3682 1419 3617 4156 1661 8413 2873 2456 935 3846 466 3514 1054 165 8471 1800 6893 9963 5210 9250 7726 4208 8844 6415 4402 6129 238 5058 3188 876 7417 6816 1269 8918 3800 5074 105 5808 8885 3231 623 7332 3995 8319 6357 5991 651 4160 7214 4682 7019 8890 16 9345 8751 8477 6111 3621 3623 2470 4834 8294 1520 697
7434 802 2687 6901 5399 1364 8217 7576 6350 1861 8799 4195 9873 6646 1643 6585 6456 7042 4938 4963 8861 6877 3117 3494 9425 815 6715 6554 9948 5540 2749 476 5709 9367 8106 6903 554 7326 5253 447 7853 4068 4406 2230 466 9619 7179 2724 3688 0 3206 4743 3879 9805 5481 1143 205 6504 3606 4984 4138 7022 6728 7377 3013 6447 6188 8877 455 2208 907 771 4635 2820 4029 6713 7078 8440 2718 6335 6623 6539 4186 1474 9539 2267 9298 6058 5725 2147 3433 9087 5144 596 9812 6835 1197 3477 8002 4894 376 8528 3801 2400 3381 4793 868 195 8757 3607 9497 2105 5783 5772 6625 1737 9788 7695 5812 109 5290 4812 2387 3545 1150 4602 4368 266 8151 173 5943 7762 4613 8398 1384 5460 4116 8075 3524 6906 5023 273 7698 5426 3096 6572 7663 4479 2657 6148
934 4048 5056 8034 4338 5559 5664 2003 4709 5234 1909 1804 1847 6080 2061 7206 4415 2105 7116 608 8863 3106 2976 9478 1568 8608 879 813 9561 7497 1577 7509 414 8448 5452 4806 3544 4502 9285 7466 7487 4068 213 8107 5637 5440 7084 123 6988 3206 0 9105 1707 6612 4790 138 9116 5651 9881 4548 8686 6223 6125 3025 1337 5306 3043 734 3932 2576 3982 4329 9057 2954 8642 1378 8005 4371 8887 5602 9147 8953 9925 2233 135 2265 8939 4846 1835 1886 4745 7047 5563 2362 806 6218 7090 6994 7544 6031 9170 2632 8424 8747 3226 2350 8448 9639 8086 4483 5992 2547 4650 9909 3624 5284 4719 4919 8108 7461 152 8642 2272 3386 8348 5050 3651 1374 5518 2407 9277 6847 3464 4610 3548 6645 4188 5603 729 6690 410 5808 695 521 7061 7600 9678 2652 1556 8752
5468 6263 9588 3599 2674 3772 3719 2008 6815 2976 9459 6346 1018 4591 8846 9419 4612 6476 2619 7394 6237 1211 2168 5422 244 4380 4741 6784 7314 6634 8685 1898 6282 7793 9319 3213 8544 5137 3897 252 4900 5014 8883 4245 2156 4751 9163 2230 5847 4743 9105 0 9650 7338 2146 821 489 5337 6625 9951 4762 2495 4081 766 3251 6517 3505 7246 6871 8516 9165 9068 3647 8538 5864 6128 5440 7325 9663 9468 2712 8487 8599 1256 4331 4837 6372 2108 4969 4662 4606 9092 8351 605 5046 8032 4157 9708 4547 8280 1029 1381 1968 1413 5346 3694 8234 9052 8987 9882 607 946 420 6413 7071 2464 578 2468 7839 1108 9740 4196 7922 3781 9411 2162 4707 5872 6104 7258 9000 7102 6174 1483 931 556 9544 7188 670 2603 5427 4140 898 8528 4517 6767 1384 8240 4843 9301
1781 7952 9043 4326 2187 9247 2985 8640 9588 6572 162 4204 4904 1051 6815 8752 776 733 8690 7458 4227 3426 5788 3956 5268 7441 4028 6846 1611 3362 5761 1968 162 6522 3037 1648 1684 4316 8291 9009 9024 6012 6531 3756 2074 6820 4650 2395 2040 3879 1707 9650 0 7681 5557 5688 7513 4725 8805 3154 7432 5749 6588 6942 8482 7422 5618 3121 7745 9582 9498 9345 357 5945 381 682 8896 3081 1014 1517 933 956 1991 8637 3753 6245 3897 392 849 9518 4338 8807 6556 9918 9841 1915 9520 7442 4111 8325 1275 4425 7490 3807 637 7490 5300 8908 7951 4765 5891 9800 3260 5848 2889 170 2900 1451 4948 2409 186 8985 7215 2794 6388 5055 2451 5791 1425 6802 9290 1916 6909 3025 3592 8904 9091 7225 3590 5920 3248 829 7486 48 9427 6028 4807 516 9676 781
1669 6996 5271 1042 62 4767 7027 13 8868 1636 8899 8431 8495 252 1282 1343 6422 3856 8539 4641 8994 5034 5801 3811 5425 212 8623 9892 7261 9866 3703 2688 7747 4843 1794 7284 7735 2849 2215 433 9358 2514 1631 3443 7441 9085 3461 262 3762 9805 6612 7338 7681 0 2347 7023 7886 8756 8837 5522 4530 5843 8371 3664 8985 7945 3629 4019 8603 2632 298 4016 9265 6194 3039 6033 4452 6354 5485 1794 7678 4004 5756 3591 7567 838 3302 8039 9625 9400 2952 7175 2830 3668 2978 4111 173 9783 9965 6893 7719 989 7912 8507 8842 6151 5383 3645 3282 3504 8974 6517 5733 8088 9129 7753 2203 5661 1171 3852 6395 3925 6752 5960 814 5452 2096 6708 3446 286 3344 193 6120 484 1825 9078 2481 7095 3565 3084 2399 8918 5008 8857 3785 8293 2648 5898 7370 7860
