300
0 927 4167 9461 9926 7190 9599 3429 265 1339 1011 7008 1160 8092 9547 8824 8320 3211 7946 6427 5273 6244 6268 4146 1266 4907 8545 3181 2239 6180 4060 7180 1596 6384 3398 784 5072 8068 1464 8827 5874 2079 8145 5089 3888 5612 6296 3079 5886 2787 1271 8401 5795 76 6729 1314 2814 3801 4547 2923 5302 5948 7786 1882 233 4926 9445 4179 7894 9267 6777 747 5110 9252 9976 7966 2644 9829 5829 2848 1324 7640 7442 6948 140 8618 5568 2253 1736 3956 2437 7540 2320 2869 3292 5659 7603 5630 7883 6034 4234 757 8935 2480 2401 6163 7621 7915 8960 91 4247 2311 3819 8858 6071 5673 555 9326 9449 6166 3834 8112 4613 1930 9336 5041 8074 8988 4895 4298 1770 6671 8216 9021 4839 7240 469 5610 6362 1944 2911 6552 7032 2251 6756 837 6630 2851 5143 3921 758 8603 9092 6191 2630 3336 9015 3504 1780 9143 3042 3429 8962 9458 8916 5007 9395 4254 655 1339 9261 1524 7016 6490 886 8324 6864 208 7014 4768 4042 7987 77 9229 4724 9996 43 2121 6877 9525 8173 2265 1237 5937 4086 8522 3961 5252 6414 1318 4039 6713 2308 3720 3493 72 7657 4684 6520 8193 4431 5162 4750 4413 363 2965 2903 2986 4125 3020 6233 4561 2901 7132 4404 6586 8677 6631 2901 3953 3557 5611 9108 9939 1618 3945 3636 8641 6861 8160 8581 7485 4412 3911 1778 3568 9497 4005 219 2077 1102 5154 6097 6630 4285 4794 9235 1505 5884 8859 5898 5381 7771 4705 5565 7343 9881 4384 706 5440 6291 6346 1048 5983 118 1456 8999 3652 720 4267 5920 4171 4308 9596 6754 3815 2936 8323 8763 381 6802 5677 7214 5817 3232 2260 334 4670 5750 5325
927 0 1028 9518 660 5384 8448 6984 2925 4039 6514 1758 5032 7209 368 4330 3518 8847 7662 9964 5084 9141 3300 8108 6507 7824 6997 228 5144 5750 1539 8718 4497 6480 1095 6235 8307 8540 1424 9370 3897 1019 9877 7738 7990 6742 910 2241 7874 2182 4790 1881 5249 4907 1204 2491 8680 4953 2386 5445 7777 8325 6782 2212 2695 4533 94 2185 2108 6900 6474 2056 8323 1066 5930 7062 5784 6240 2501 7188 7162 9907 819 681 9484 1159 1236 2496 1677 8468 8514 1864 9231 2043 8180 9695 9468 9397 9789 1301 8714 4951 5128 3980 5492 8868 6485 8364 1843 7189 2430 7484 4663 7458 8520 7421 0 3769 6022 4361 7247 8803 1898 8709 3382 8752 4030 6245 9491 8833 3119 3444 9968 4032 7608 6297 6243 1170 1156 4978 3128 3614 1431 3572 7073 237 1491 6775 8278 4410 2981 3925 9020 6145 5812 6252 8519 13 2637 6643 640 9755 2459 3872 92 7903 2485 1147 9618 3281 2845 6243 7346 2038 2690 7246 6867 1703 9847 4230 2418 1474 1438 9891 1893 68 1687 1174 7488 8196 3726 850 1779 723 9302 8075 6537 544 6095 8663 4187 4078 2179 4785 5419 2606 2423 850 3280 9021 2955 8994 3797 4360 9261 5023 6051 2476 8784 1099 6441 8176 5840 6789 7677 5346 729 5264 8282 2260 7714 3750 477 5736 8722 490 2126 8920 9116 5123 2244 1066 7938 7490 7879 2513 7655 5232 1343 9090 9906 4228 1361 9795 8009 8584 8146 8574 3346 1514 3739 8871 7311 3151 1672 9721 8533 3875 9597 8688 5830 4729 3205 4704 1455 5318 3011 4655 6611 4504 5493 8739 8434 780 6885 4834 673 1057 4748 7367 890 7669 893 4719 9580 1002 7604 6775 9365 7705
4167 1028 0 538 9767 9826 2859 5860 3657 8701 6784 414 8240 6285 106 3977 570 9419 5158 2936 6098 4180 159 9609 7595 7454 3141 6047 5862 986 649 8895 7171 2815 8757 6823 584 6426 9132 7122 7273 9415 5977 7442 2709 1328 1965 4901 4907 2057 7809 6684 4493 5415 6090 7741 8069 5903 2115 7747 2493 4306 7218 7245 829 623 459 6392 4734 8274 5737 7352 6789 561 7850 8361 8831 4194 3980 6206 4070 9359 6180 9298 2555 2043 3134 5522 3365 6302 8686 7196 6851 3821 6174 2865 6733 3756 215 9695 2596 5159 2409 4745 8888 721 6943 4970 4231 6403 1632 1402 8902 9424 636 4466 7408 2257 6773 991 8919 5562 1374 6912 7793 5526 1280 4073 975 818 8774 7594 7625 5336 6317 7978 1758 536 2181 2011 1757 1741 7065 4770 8592 6145 9438 1155 8932 6438 7434 2812 463 8935 9588 7970 6966 5535 5778 4518 4539 249 9070 3002 1056 2472 3941 2885 9437 5048 7565 7895 8024 6204 965 6982 8131 8885 5266 8517 6686 250 9830 4012 5420 1472 1517 5949 6897 5699 3740 5942 1372 45 4034 7140 262 8621 4104 5691 7243 4402 452 6863 1778 4568 48 8124 9245 8379 2530 1049 6339 4624 3774 9799 8909 7909 2668 4208 1377 4313 4479 6490 4670 8340 3491 8102 9278 4658 416 4909 7812 1293 4194 727 8626 7787 4833 3550 3251 5715 2338 4113 1383 8687 3934 160 5549 6341 9424 6814 6225 8034 9706 8343 7614 5257 3522 9826 9081 6303 3193 463 4418 755 1983 7390 5229 3303 6111 5369 6941 5618 7831 4128 5088 5124 6661 4055 3180 4079 4459 6071 9832 7637 1167 6786 5268 2603 5712 2228 3147 5451 1668 5699 1649 9689 3606 6217
9461 9518 538 0 8126 5767 8054 1839 847 2599 7522 5687 7053 2910 2206 3020 7851 5330 8520 7369 7862 8898 5720 4591 1013 4072 5098 761 5277 6573 2871 5082 8722 6467 7789 5661 4190 5023 4630 4217 1748 534 406 4163 2996 3619 8250 5937 9059 9173 2068 488 1728 9615 5932 569 1818 4202 4624 5706 2428 9404 8039 1345 1522 4839 9056 4564 5533 9595 3058 4502 5607 9278 2741 2217 2119 9921 5374 8027 9423 8177 7685 460 9704 1396 8548 4370 6209 9767 226 1694 4779 3619 5027 5335 9081 5058 615 9807 845 2203 100 160 3608 6460 5983 8537 7545 5389 8847 3025 3617 4242 938 4131 1550 9022 3564 4244 273 5191 6456 4126 5715 4080 6031 6265 7911 1341 8401 7156 5768 4093 437 3762 7840 4590 4070 5047 535 3394 8953 9013 2108 1825 9951 531 4320 896 1796 7298 7580 6708 1282 2 7744 3537 4886 8781 1865 6962 3899 3860 5970 8630 4008 9872 6566 4645 2599 1691 2549 2740 7576 1844 395 9759 8641 3909 6668 2595 7294 7074 7662 6070 3001 1622 8389 2112 4483 9481 5648 8379 2762 5762 5029 5518 9995 3142 3103 1892 523 4219 6499 4767 1071 4569 4267 2213 6263 7309 1796 8022 7932 7003 2193 1811 4600 5268 7326 1900 2814 1795 6204 2045 188 2074 396 1436 2829 6445 4806 3443 7479 1394 962 4683 5642 7776 6901 4092 1683 3550 2296 883 4918 3860 1526 6999 4503 6467 3521 691 9161 385 404 7862 4809 7905 4093 4710 4827 1660 8506 384 5461 8011 7069 5884 5049 1257 8931 2065 2533 2466 2077 8372 1238 5986 8532 311 6086 4930 5796 3543 6881 3286 6101 1971 604 3392 5963 4605 3902 4550 6623 1466 9982 4301
9926 660 9767 8126 0 2273 4892 9290 8059 1087 1861 2607 4514 6394 4141 5324 4618 8408 156 8569 6120 8571 5715 2101 406 9134 6855 1250 8906 1334 7514 4991 4736 1219 3279 9549 2482 3252 2317 9849 1482 4241 6633 5595 5629 219 4615 6843 3359 7127 4691 7878 7456 7446 968 8857 5009 4255 8096 8123 3407 5698 9739 2874 3340 7277 8933 7390 4954 6165 1385 29 5393 2686 1684 2197 2212 2927 4474 8243 8713 5795 5883 2845 7517 7971 3799 5966 7246 6687 9607 7995 7779 2145 2679 9018 2724 746 9693 4736 1826 1366 1614 4057 7590 216 7757 5210 8005 4375 6125 3819 165 860 4927 3776 3910 6764 5120 7448 7159 6524 49 3440 8203 9825 4774 9924 5401 1009 7591 4577 1396 740 8312 3202 5758 8474 7484 9694 6255 1741 7188 356 400 566 3101 8919 1388 7879 3052 3948 2538 9194 7382 8193 4338 2836 865 6603 1213 1786 9562 2582 8937 9552 9289 7046 9210 6536 3039 8310 6425 1601 4739 1256 4571 9725 6747 5235 3960 3864 8466 8539 9039 98 2443 1376 3913 5928 8618 2596 2053 4877 4053 2315 141 1195 9350 9873 8831 1226 1763 1415 6900 701 7746 5256 7405 27 9933 4234 6058 9558 2750 1529 7502 3448 4566 6954 9742 893 5378 9937 1860 773 7363 6519 7270 3727 7274 9799 7620 8833 3917 9844 2962 8336 9485 2735 2989 2707 2616 5842 9444 7783 9165 9722 5037 8526 8502 2375 7655 4645 1884 5091 144 2690 3093 8906 5761 1502 4198 1996 9225 5247 1390 7862 1655 8553 8736 7614 6497 157 6660 2382 4547 7496 3940 7618 5756 6489 9909 1555 8636 8452 5340 4511 9993 1438 9937 2610 354 698 8355 5306 316 7016 7544 188
7190 5384 9826 5767 2273 0 4246 1236 7919 6325 7959 1467 7206 679 5178 1420 670 7059 1881 512 2914 1648 6633 9664 1930 5234 28 6253 4908 0 7843 415 277 1879 841 9124 7012 5148 3306 5554 1205 6205 5054 7906 9153 820 616 4411 8112 470 7596 8225 546 610 9482 343 8092 6737 4735 5525 8870 1115 2945 847 8221 1809 6130 9533 7214 3285 6885 1090 8654 4470 1909 5402 8704 5897 6594 5927 1891 3649 6411 2682 6766 8336 780 1210 5006 9278 4707 5187 1800 8187 6886 4896 9825 7385 751 9909 2522 1507 4105 1177 683 7444 4567 6754 354 9825 9988 2452 7178 4007 2430 2164 7255 5827 3774 5878 4532 4125 7478 1909 5555 325 3146 7565 9474 2869 5444 7617 9110 5680 8990 3384 8419 7939 6103 4639 7223 1260 9209 1355 2612 7711 3515 1839 1247 3494 8465 5391 9052 9081 2645 4264 9146 2107 1451 4811 2099 9670 1709 9648 9176 4670 4200 8045 2635 623 340 1896 4844 1756 2083 150 7825 895 1332 5226 4218 4865 8908 7033 9710 1677 6997 9243 1989 3121 4529 9622 7796 7832 916 1012 6694 5547 9872 3504 6092 1866 3288 7921 9978 1551 338 8764 6487 1350 773 6909 69 8220 2806 9252 8743 9918 683 3123 7334 9943 316 1536 7425 5844 5384 4358 4817 2715 4636 7747 1725 4910 1048 7969 4364 9013 2773 6798 2619 3711 2776 8834 4339 784 8670 5155 6708 7551 8230 5528 3900 2594 9648 5048 6074 4263 4706 8790 2324 7055 3466 3339 7609 5618 9055 5504 3107 2216 7899 1203 1096 3997 2410 5044 3967 6229 3202 6777 5398 4451 6815 4184 6929 2491 5509 4742 4789 9878 7024 1744 7202 6185 7359 2824 4147 6967 729 8585
9599 8448 2859 8054 4892 4246 0 8235 9617 5401 360 900 7633 8947 7215 4332 3628 1895 2969 4305 9960 6770 8467 3229 3114 2147 7265 6454 1717 1670 3055 2194 1709 9240 520 7844 8622 6580 8340 2345 5732 2024 6653 6201 4197 4469 2533 5696 4536 1336 6172 3603 3070 7347 3724 1420 7673 2487 776 7375 4746 7565 3428 788 2314 1228 4988 8603 8252 6012 3870 5899 1436 8955 4633 1170 9921 4047 7044 7241 7121 3566 686 5583 5486 1239 6687 177 8211 3775 5158 3984 6801 154 7779 5456 1154 9511 2617 365 6448 3573 9816 7510 8269 7433 6662 1352 2666 7355 8601 8530 3494 7742 4489 8638 3592 4044 4197 2663 2916 4259 2726 7611 6855 7311 8088 4079 1748 3222 1712 8360 7558 4211 5705 6260 5309 3039 3095 9340 5994 1672 5833 3672 6355 3739 2040 5864 5857 9976 8738 3421 1441 3439 3727 8963 5172 1076 7272 4174 9531 7799 4810 3919 9620 9707 7662 1279 2388 8824 4330 1964 774 4786 2454 6807 1805 4674 2429 1995 7933 3129 4003 333 173 4532 5131 1331 4047 3808 4923 7854 7660 1665 196 3776 5681 6631 410 4689 6496 8557 3882 5901 4126 7606 3584 5350 6025 679 2861 1851 435 2371 9605 4771 7133 1239 2547 4327 8548 6549 5703 8584 3506 2844 8858 6461 9049 8505 8721 9454 3140 7691 3089 5665 844 2796 9193 2181 7598 1294 5205 6212 5818 1771 2105 2939 3660 3427 9414 8285 8763 3693 1632 9132 9264 1769 293 4847 4112 1182 5742 3712 8197 2051 1405 6188 4338 1455 598 4890 6354 7293 2317 556 6279 2688 1860 4313 8979 8968 3309 4312 1355 4777 5828 9248 8521 3183 3539 7965 790 1174 5021 4134 2583 3081 5665 9393
3429 6984 5860 1839 9290 1236 8235 0 8802 1719 4199 973 5824 7165 9271 9803 2825 2453 5312 4174 4999 7636 8406 6912 6378 7198 797 5548 6253 1394 390 3130 4459 4329 1702 8630 7990 1813 7144 7550 3343 3794 1616 1365 260 9443 1214 2916 3722 573 5959 1949 1684 1326 7839 1930 6768 9489 276 2609 1129 2504 3990 3532 4134 4250 5426 7389 4485 5693 173 1347 6907 8362 4856 6229 5180 2795 9817 1247 6310 6216 1178 2970 462 2682 2161 340 2322 1696 3367 5260 5803 1333 8235 7291 5256 8931 3894 6117 470 6888 9253 8362 8601 9982 9216 4244 2187 3208 2097 35 200 8869 2023 3180 531 9367 4891 2503 9707 9052 6863 7141 3147 4653 9882 3229 4534 1507 5119 48 4022 5375 1074 1483 7293 5737 8938 2945 8871 7643 8387 925 603 8419 9026 3502 1657 7852 134 393 8359 3902 3667 9911 5200 8489 4121 4831 6901 4677 8293 5305 8784 9840 7804 3731 2666 7925 649 4232 8603 8371 5389 4889 5493 8777 5437 2735 7847 7144 2859 6962 6418 9492 878 4714 4129 5825 6026 1992 4879 8901 5766 759 2586 2793 6301 7288 3328 1577 683 4590 3093 6566 3876 8064 4442 8744 16 4034 5041 2362 8931 1152 3197 7293 2093 2350 2347 3563 1440 4887 5643 601 9689 2439 7757 8863 1524 8131 1601 5538 3053 9735 7213 2758 3001 6590 808 4780 7241 6318 2118 3170 9056 5269 1193 755 2814 2612 9898 9001 1251 1040 8447 5884 9485 4901 986 2216 2477 8242 6579 6051 5728 3885 2885 575 6674 1219 9267 8051 4218 785 6271 2609 3809 9409 3044 9068 5641 1730 1957 5065 8631 3470 7147 3370 3661 5860 9754 4825 7264 9889 1006 3262 9686 6457
265 2925 3657 847 8059 7919 9617 8802 0 8564 4848 1056 2945 4831 172 7827 4550 9959 7315 2496 2745 6656 7430 2601 6871 4495 7556 7872 2134 3573 4344 4100 4256 1502 7167 1577 7650 1851 3431 2281 4814 9777 6754 8681 2610 3020 3945 7054 6110 1189 5309 635 1135 5177 7061 29 4349 5591 6613 3062 3796 9567 3344 1773 8322 9458 7478 2677 4606 9983 8168 1857 127 1986 6811 4490 636 6237 5668 7187 1649 5984 7040 1301 4453 7157 4161 5313 9804 419 5634 7006 1102 7313 9068 8762 5647 4160 4253 9442 859 3255 9221 2932 9008 5873 4015 9572 9419 6550 3991 120 1959 4345 2798 5433 9230 4086 2947 8601 9200 9804 1650 5495 2580 6264 1466 2579 8011 2928 1889 9300 7605 9472 1861 4235 990 844 5584 3449 6314 7133 8571 6935 1487 1668 7726 8053 8741 502 3112 8356 3426 24 6182 8825 3002 9472 1147 5598 4677 8171 131 178 67 3620 5876 8842 4434 7187 5487 5854 1783 1821 8658 3259 5384 2398 281 363 4643 854 9475 9767 2154 8913 1811 9906 6690 7058 8145 5333 5725 8217 9002 5842 2885 6673 6973 2557 3477 2169 1629 6268 2884 8959 1641 8109 7785 8159 9916 4765 6355 221 9387 9065 504 2650 9541 5540 2345 2738 6622 4665 3693 827 4169 6302 3341 5465 3953 4778 6707 7803 2735 4761 511 2676 7252 4714 1782 4319 1366 3276 1575 4707 8016 2068 2857 4563 4791 4595 2935 8015 1858 4059 4111 1198 2508 910 739 8934 9932 9670 6122 6673 8901 4848 8018 7911 7888 535 9964 7968 8317 8492 5984 1133 7866 3435 4350 6949 6456 3963 9535 9190 5885 3142 2449 2354 8008 7771 8677 9492 7295 9990 1372 3576 162 8846
1339 4039 8701 2599 1087 6325 5401 1719 8564 0 2854 1531 5991 5615 2334 4552 9868 1871 2219 1729 2512 4662 27 426 9594 3620 8167 1626 1868 3944 2169 5230 8389 6610 7005 5757 2579 9357 5798 6343 7875 6463 4802 2966 2067 7502 2687 693 9918 567 1624 9037 5911 3975 5102 632 3344 5892 208 6862 2106 6398 1081 5244 5312 5847 1060 2597 9306 6895 8345 3487 1242 9293 1322 5980 8582 1251 1635 5225 3494 8202 6295 1524 4214 5575 1452 4078 7933 2359 7019 9222 3138 3209 730 43 1056 8016 6672 6341 536 3700 3419 6697 2141 7698 5600 5071 3200 4986 3630 9702 2772 4470 8633 5845 1193 2489 463 6247 3145 647 7474 1953 7275 8711 3689 1873 8530 2646 6794 725 822 2203 1678 9679 527 6926 4695 8721 5366 2707 5838 4785 6203 2079 3955 6508 4854 2237 6727 7055 9185 884 8587 5982 6480 7832 7360 384 6337 4062 8759 5561 9224 5344 728 647 7546 5814 9381 1121 8734 5815 7885 9004 3745 2073 7318 2591 6412 5832 7311 5670 9720 3887 9068 2784 5214 1413 8464 4701 2473 6858 147 8973 7025 8841 9917 1797 529 1109 2360 6167 9139 9299 5985 5287 498 7114 9533 406 793 2621 2943 649 1531 2364 1253 5229 1671 3500 2257 1904 3760 6731 653 7251 5757 1907 8359 9586 4766 9174 7307 1202 4470 6418 5010 312 9080 5792 4429 3188 8322 7180 1725 6446 12 487 1376 8168 5913 5861 9383 3378 2190 8028 6477 4393 4985 3913 9605 542 2454 5527 3736 2129 2319 1358 5183 6852 6196 4573 8916 4674 350 5519 1510 8115 9997 5486 208 5496 9603 7216 4302 2691 7133 1845 9577 8746 8181 5168 4915 2358 4328 2693 5262 5897
1011 6514 6784 7522 1861 7959 360 4199 4848 2854 0 28 7863 1471 6639 5277 539 7953 158 6223 5736 7450 9557 2145 9365 5522 7946 5694 5400 59 7135 2426 3577 7569 5198 3840 2397 8819 2118 9662 914 3199 7613 9457 9331 123 4507 2449 7925 239 154 9244 5564 6235 2484 8100 7509 7089 3256 4887 5962 2741 5471 5898 2561 5126 7861 9461 6186 6702 7755 1648 2989 1776 5223 4705 7461 7307 4359 9405 8404 1269 794 3205 4290 1783 6955 9283 4350 9584 2584 1894 3839 3412 5247 6688 2871 8176 209 7897 5133 6753 1683 4618 1093 4421 9522 4969 586 1254 5465 11 1470 5416 5284 6617 9417 9028 5479 3709 7101 1076 1092 8540 2377 2152 699 7141 3897 2678 7941 8539 5536 1768 8717 6181 2210 3074 7710 7849 4654 4960 6791 9442 1986 7582 535 8309 8645 2239 5327 3678 5908 5740 5858 2718 113 6362 6233 8136 2171 9888 8381 9873 6707 1346 7142 194 5596 2312 7078 1971 5274 4196 600 5118 4647 5939 9992 6226 3692 2429 841 1703 1646 1905 8824 9078 7524 9252 8130 7394 9802 6714 7034 9944 1736 5209 1196 9809 8385 8650 7789 466 4032 6043 6610 2802 7975 7849 5239 9683 8361 5618 5611 6224 1497 6923 9118 6790 6881 767 6612 8475 8237 3891 1126 7014 3075 7960 6818 6657 4821 7350 9033 3083 5648 4418 4982 4263 1801 6149 9754 3215 8254 913 2114 7128 5962 6899 2764 199 1929 1433 2369 6069 3879 8223 4340 2905 2824 9343 3945 937 3318 4625 5848 3355 9132 2268 1286 9365 432 2967 1189 3726 9869 8250 7106 943 7830 5114 6886 8653 194 3612 9026 7363 7329 9570 4297 9415 8018 2137 4448 9934 9868 3642 4686 6197
7008 1758 414 5687 2607 1467 900 973 1056 1531 28 0 583 4678 3683 4830 6667 4568 3319 494 8115 4450 8543 283 6123 5265 4745 6903 866 2227 7218 7025 4811 9352 4644 398 1762 6457 7609 5572 7181 8458 3835 6461 3326 1979 4121 3603 1548 1217 7318 9133 167 2493 4484 9386 2066 6583 6980 3326 5191 7892 4698 874 5869 6258 5193 4086 5085 6164 7598 3492 4810 6442 7167 4515 8677 6550 160 4920 8772 6182 2487 8612 4749 1057 5076 1101 6878 6298 6452 1441 3990 8582 2407 4017 2730 7982 6641 1014 7181 2869 3291 6964 5077 1638 4133 4415 2493 4430 1380 3081 2860 5383 7552 8082 9132 9488 5588 6939 8307 851 1693 4633 5762 2854 6056 2843 3416 7947 6159 1385 6715 4184 6352 7623 9669 8629 9671 4366 1148 366 5954 9885 7518 9927 4668 4532 8575 7750 7218 1318 4671 4695 9682 1296 3001 8452 286 6273 4076 7759 3757 9103 5477 4883 2676 7309 1917 7839 5302 3800 3501 4331 8102 9726 7414 5374 3879 1829 7146 6623 8057 4554 6087 5484 5199 3801 5966 9442 5524 8892 3872 8253 55 6009 6876 3036 3057 9500 4755 5080 3887 6863 4688 542 366 4257 9684 6909 3293 2106 3061 8603 506 8527 2910 7835 3820 3169 1625 958 8695 392 7055 3038 2134 2635 5784 7526 1433 230 4095 4271 5826 6316 6302 1335 6981 46 3486 1175 8959 7676 2316 507 6817 9457 3802 6498 5534 846 6955 7467 4409 6921 3629 3993 1910 2876 8407 508 2727 6645 5187 1798 527 957 224 7628 8302 2008 7001 4415 3675 1618 5337 8931 311 5473 1207 7311 3276 6759 3944 697 6349 8703 6596 8150 8342 5901 7069 5049 3426 3255 9678 4470 4884 8673
1160 5032 8240 7053 4514 7206 7633 5824 2945 5991 7863 583 0 3457 9778 1237 3974 6541 3500 2858 3740 8545 4792 2715 7221 462 1209 6858 8064 2175 9599 4652 1748 4840 2480 6042 7651 6568 2884 3344 9332 9865 3610 868 4399 1103 7194 7999 8580 1451 8422 3278 1019 6685 7123 1245 2177 4311 6937 1593 3138 9498 900 6253 9592 6988 2673 4323 9940 8514 940 1285 7807 5316 6417 1629 9098 7433 6627 1188 8524 4431 5343 5079 9044 917 2054 1849 6730 3879 4954 9123 5550 1219 7267 8398 5894 9042 7463 8101 7897 9510 2928 3568 5272 6760 5619 5368 7906 833 4316 4133 2849 7428 8718 6503 2608 1107 867 240 3912 5925 5765 293 2768 5217 7348 7516 3543 6201 5605 5718 462 9554 7812 6710 1051 6297 2444 9298 1060 7116 6980 1764 6427 1123 1761 9644 6750 7479 9972 8681 2364 9881 3773 3484 1738 1493 4860 899 2192 5510 6337 2748 1773 9695 8197 8839 4618 6054 9793 1462 9644 7938 633 8002 20 4246 8215 5430 8815 5539 269 2326 5035 1235 8281 6517 7507 5318 1250 8014 9427 9135 9508 9798 5443 1584 5676 7950 7497 8061 2628 5678 4127 2915 8025 9587 4367 3546 5821 6018 8009 3099 2073 7830 3447 2916 4956 6191 6621 4602 6197 2270 7316 3696 8160 8665 2440 1660 4247 1263 7763 4616 3845 1498 8101 9159 8079 9967 9316 2855 2134 759 6607 699 9706 8871 7614 2446 6369 5920 3090 838 8037 1000 8554 9164 5581 6159 8475 2952 7440 1018 9046 9607 5514 9337 9498 3558 141 2150 1398 6880 7560 6524 1872 1863 9175 7828 3194 2573 1114 6774 4579 6809 4979 5526 3992 9513 5420 9307 9153 4851 8357 1542 4888 2562 449 9072
8092 7209 6285 2910 6394 679 8947 7165 4831 5615 1471 4678 3457 0 1424 4391 5650 8518 7165 158 1433 4766 4978 2218 5386 644 277 1185 2199 424 4941 5284 6906 3294 1542 4566 4269 3653 2645 5793 3192 5382 5520 8949 5614 183 2712 9052 3359 6392 2701 5698 346 792 2129 27 3859 871 6771 2855 7884 558 9193 2834 2102 1893 4430 9566 2159 4509 1773 2499 551 6252 516 1934 897 332 5990 3090 2216 2531 8083 8672 283 8750 6572 4316 4837 2849 9294 8255 2118 8081 6479 9949 5114 3848 3650 5260 3554 8831 2820 1417 6951 6294 8295 5340 3371 6119 4591 5812 178 7259 8612 3015 4605 4228 4283 867 1462 9599 4370 5075 3521 7266 5043 6794 1827 1166 6448 2545 7803 353 6810 964 5615 845 6741 773 8447 3477 9432 6443 5439 2646 4313 3674 3159 4963 1047 1602 3160 2939 2122 640 5546 5599 3978 2297 5183 656 4790 1899 3370 3017 8129 6743 7173 6344 7771 2826 7024 251 5396 1531 2091 1012 5127 1361 8114 8143 7474 8705 5127 4748 9414 1576 3793 3706 1814 5796 2269 2340 1388 8064 680 8187 2540 3669 7853 6047 6133 6722 4002 5233 7393 8424 6494 8364 9320 4430 5140 6821 8369 4744 3550 601 7495 4826 1723 7570 8220 4644 7423 7644 4073 3567 1961 3505 1157 1580 2296 2569 269 1900 950 9669 6575 3943 8237 5301 1851 6142 8216 2337 6115 3731 6508 2624 7445 9744 5277 4544 7497 3660 8537 4984 2491 524 9195 9080 209 5498 1213 814 1488 9095 6296 5302 4952 7112 7480 4941 8042 5755 5690 4134 582 5545 6659 7585 8563 6701 3373 5412 8771 5780 8940 1134 7427 1745 8850 9326 2743 7603 3162 6017 7857 8932
9547 368 106 2206 4141 5178 7215 9271 172 2334 6639 3683 9778 1424 0 4297 9858 9271 476 7474 5434 8189 7572 6244 8506 1695 5923 172 150 9338 1423 3038 6294 8745 6803 7309 4613 8935 2918 2435 6975 3372 8320 5899 1167 4644 6264 3235 4207 7515 1961 3038 8411 5417 5186 5227 2093 1766 7110 720 8418 9640 8664 2733 7967 7326 3096 1288 1604 9529 4069 9657 4916 5143 970 3162 4192 174 498 7053 66 2510 6912 2967 6543 6322 7155 8158 8841 1222 6459 4597 1575 5535 2457 7240 623 6514 6771 3972 9866 2547 732 9649 2461 8134 1822 3034 6783 458 1655 2369 675 5947 9250 2726 6653 9947 2987 6765 6178 1930 2953 2938 5352 8090 5996 7428 6976 4500 7641 1427 7476 4915 9210 8496 7092 5913 7776 3240 3655 4251 7800 6496 470 816 4259 6474 9481 9321 2131 1864 5145 5686 8046 4803 8463 2428 291 6777 3658 6007 1928 2622 5185 8557 5767 7694 1515 5169 4915 4152 4222 2179 6089 1726 822 1834 9832 5929 4441 4313 6962 1359 3266 870 5271 4595 8364 799 9310 4005 6483 4888 2863 2234 9568 1816 2467 8132 1820 5759 3085 6766 5567 7751 2270 4576 634 910 9379 2772 4341 982 8933 9506 7391 4737 9763 4112 9235 837 655 620 5804 9231 8340 469 2632 1584 60 4043 7878 3277 5780 4036 1679 3751 9764 9204 7505 5031 3604 6544 9063 6883 3307 1582 6568 6547 5467 9171 2919 6945 6706 5846 966 7810 9915 1412 284 8649 536 3335 6325 9879 8895 2495 2814 5387 4892 49 4610 6093 6570 3933 4068 825 3468 6316 4475 8630 6665 7938 1970 7016 8526 7523 1494 4688 9039 7910 964 8031 7250 5508 3968 3304 1553 4674
8824 4330 3977 3020 5324 1420 4332 9803 7827 4552 5277 4830 1237 4391 4297 0 6682 9790 6211 6372 517 4306 4218 1279 3336 195 5710 6364 3593 5382 319 5647 8772 6804 9807 6750 8209 94 56 3850 6552 4037 5302 984 9188 1902 8556 7084 3986 8579 5365 7508 22 5238 4780 4162 8722 2603 7053 2283 31 3209 2394 663 246 6385 1917 7569 8445 7017 8530 1396 5347 487 8071 6892 6805 4254 7556 6113 680 3681 3719 8705 9207 6981 3282 5025 2377 8053 2998 8968 366 4292 5684 3622 6042 2372 1761 8766 6341 9580 3382 5862 1201 2745 7759 3462 2379 2079 2821 12 9091 634 6908 1060 7795 890 866 4326 8650 1420 5402 4342 4827 7015 6335 7405 7520 6713 3363 7220 6322 8502 3062 227 4935 5190 5660 7467 7274 4994 8098 3085 1149 1675 6945 6748 9026 7206 9468 727 725 21 4002 3825 4779 6300 5305 3857 5260 9600 9338 7571 1537 5101 841 7573 9137 7597 1241 520 383 3613 8054 1494 3982 7089 4823 4569 6232 1765 8347 6960 8049 4910 6239 7715 7749 310 6558 6727 2189 9753 7289 980 5283 89 6238 6372 5138 2454 3288 7960 2821 1648 5531 4327 6961 7310 1835 785 5169 4954 3443 6471 4079 6517 2477 3662 1235 8276 8314 6498 9878 2372 7456 8537 5974 5020 4309 5732 5498 2155 4700 4077 2309 215 6409 5198 2449 4679 2937 1365 2289 3575 9186 267 8796 3201 7638 9022 9120 1817 4004 5440 1683 1501 7283 4876 8315 972 4602 901 1529 3134 7253 7830 1106 6877 4710 2256 4575 4180 7967 8642 1608 6358 160 2876 4156 3325 1657 6230 382 7362 1625 6058 9687 106 8576 3464 7693 8539 4867 8321 4670 2524 7103 1687
8320 3518 570 7851 4618 670 3628 2825 4550 9868 539 6667 3974 5650 9858 6682 0 5991 7925 7248 4848 1072 6240 767 4113 3274 9966 6807 2657 92 8054 8450 7461 1851 6876 3651 6307 9720 9472 9472 3814 188 5405 8317 4477 9337 2029 3377 9185 4046 4540 7980 3077 320 5888 7664 8201 5336 5537 801 1467 5588 4952 8407 9674 3973 3954 7054 2686 6341 6050 94 7560 2770 6624 4961 3660 3901 1945 3668 9469 8680 7535 7950 8279 2083 3968 4755 3145 8559 7744 7062 9589 9682 147 6244 399 374 3134 8528 9030 9402 1694 4125 847 5774 8010 8020 5612 588 9576 665 9123 4446 4890 9217 3598 5373 6535 1750 790 3200 45 9846 7279 1411 8140 9852 4533 3862 5764 2480 3135 9857 8231 9622 6173 5715 1505 8412 9071 8815 2460 7327 3401 5882 515 3245 1276 3623 2140 5230 6587 8377 5827 8364 5206 5608 2691 6993 2955 4699 6474 1526 984 5020 8405 3960 8232 3498 2633 9261 2310 7470 9341 7634 5091 7291 3523 4174 5462 4778 3216 541 4832 8245 3963 2145 8498 1845 682 3068 6998 2727 7053 8773 1141 7699 6256 6002 3309 7391 8183 8535 7404 6739 2813 8684 6926 4678 5833 97 7620 6913 9434 8516 3948 7959 2747 2794 3055 8397 1462 2805 1251 7760 9277 5402 7785 140 868 5557 7358 8408 7609 4789 2996 1349 1932 4674 7017 5931 1049 5308 2541 5696 1186 5904 2845 6069 6085 9235 4075 8335 4207 6670 5508 6105 9772 6552 7516 716 9416 2462 3100 9077 1035 4412 3652 3247 6105 8408 6517 4848 3335 5366 2899 1989 1062 5235 5887 9746 6357 778 8245 9501 2640 9988 4586 2079 8343 4986 75 5734 5543 893 1549 7976 2516 137
3211 8847 9419 5330 8408 7059 1895 2453 9959 1871 7953 4568 6541 8518 9271 9790 5991 0 3812 7397 5913 9226 7801 6572 4656 5043 4021 4042 892 1348 548 9903 4312 1112 484 1310 9384 1979 5687 6269 9690 3497 3982 9575 7737 6593 7985 7759 3575 5254 8031 3964 6722 728 5630 6378 1643 3891 7593 6348 4427 7885 9478 3167 227 138 5150 988 4545 6839 4128 5604 6463 1681 5076 5300 3421 1163 5838 9307 1000 6578 8919 3475 2184 9706 369 5111 9055 1468 909 6317 2691 9013 3774 3461 6612 8004 1204 8630 1325 7677 7062 5553 4979 4299 200 8480 9720 8717 6819 9342 8549 1657 6757 3840 3059 7513 9299 463 2368 1644 314 2002 9598 4467 8688 4923 4895 5062 5864 98 5232 6891 6894 5232 6440 4480 7862 7594 7743 6503 4811 8742 4973 740 6414 3608 2152 8336 6107 2636 9711 9612 6016 913 1967 8565 9299 2665 2462 7171 3394 9147 7388 4552 3009 98 3320 6836 1107 4417 4409 5019 6958 2734 4958 9281 1785 7010 9834 2114 8110 4042 2157 7540 1746 7322 547 8976 2173 6703 3792 8644 4867 5274 9373 4081 732 7533 2757 561 7891 406 7206 5991 8062 999 7266 3120 8231 4069 6259 8688 1082 7684 9910 2372 2612 5197 1361 4026 6333 9074 3273 8308 4694 5116 2091 8 3855 3661 4090 4156 7385 4454 5442 3697 8779 3879 9645 8962 3192 6085 8220 814 1290 162 5497 1653 1717 4484 7943 4449 7433 8590 764 4299 2984 2109 7661 2929 4675 2472 4808 7885 4782 6164 5777 1861 78 8261 1875 7098 4567 5283 4285 7103 7135 8633 2587 8945 3852 1324 2286 4613 6943 423 2990 7885 8663 6276 4031 473 5416 9645 6192 975 1462 5709
7946 7662 5158 8520 156 1881 2969 5312 7315 2219 158 3319 3500 7165 476 6211 7925 3812 0 92 2854 3795 2591 4930 4832 9909 104 3497 3647 3449 6216 4492 4078 8312 6476 1949 2182 8591 6969 9972 9966 5558 2576 9139 9333 4550 7155 4049 9377 8265 1628 1407 4047 1416 9392 6512 5638 7944 2088 8979 4432 5426 7032 3134 8724 460 5682 3371 2710 8632 3255 2894 2798 951 3692 4146 7768 1527 8425 3767 805 6442 6064 3133 2649 3905 2056 905 6659 7483 3521 9162 2304 4657 1805 9621 6178 8222 4928 3582 6513 3406 1600 1456 5300 4469 4465 7080 7897 3807 1067 401 1533 9354 9809 8435 3776 446 6380 4787 9163 1528 1536 4515 7647 2518 479 2010 4029 4448 9573 8807 6983 4544 3535 7046 6778 5897 7977 5351 138 2866 6404 4840 3798 7518 1886 8167 8697 5990 3711 5450 6844 6874 1505 2917 7209 3594 8745 8931 9334 7240 3006 5340 1713 497 1614 2038 2399 2266 7319 6026 5150 2734 7499 7716 7001 1409 919 5153 2753 9229 5141 6954 2818 7153 9692 6608 3927 9043 42 2569 6482 6178 6698 4969 2903 6373 9165 7651 4811 898 7021 7015 6737 1804 1618 329 1748 9522 587 4145 6004 1921 2848 7720 6114 9726 2166 8133 7155 5108 2998 2055 25 466 413 3109 4207 1492 550 7976 8998 5822 113 4735 5407 9193 7788 1922 307 6958 7836 6995 4072 8585 8681 4126 4132 654 5673 7870 7110 2223 4938 2285 7540 169 611 8319 6160 4383 7472 6753 5940 607 4986 9601 890 388 6459 5638 2597 9510 9208 5675 8896 7895 5326 7686 4055 9183 9110 1539 7209 2322 5136 6505 6618 4407 9144 926 2346 3182 1660 4505 2312 4280 866 3312
6427 9964 2936 7369 8569 512 4305 4174 2496 1729 6223 494 2858 158 7474 6372 7248 7397 92 0 9150 9617 2004 7596 6558 2347 8618 869 1010 4635 3852 5546 2888 3012 2236 620 9412 6152 511 3120 7451 6457 1066 1642 442 5848 1736 1826 1069 6422 9421 5728 4178 4455 5667 3941 5298 9199 6073 8812 3389 8367 1045 2632 5287 3263 2813 8610 2101 9291 4912 1709 7763 743 5536 5764 7391 6357 1093 8111 8673 2295 1234 4200 1875 2319 3835 1454 7694 7222 8464 4094 5895 3012 5074 170 1058 9760 5614 762 3237 1459 213 3153 1645 4526 3547 2439 2943 4037 4282 3120 2393 9127 181 4491 5498 7409 1177 2424 3897 5578 2222 2394 3373 379 8383 688 9038 6807 6508 9863 7182 4477 1286 708 8070 9086 9193 5251 1765 9258 5664 5314 4450 9161 2305 6530 3383 5240 5180 6821 4776 7208 6875 2378 9216 1882 2530 1752 5342 2936 5763 2875 1609 4177 4337 9488 6025 3379 8778 4874 4312 7386 8641 940 1540 1271 6979 6968 4337 4614 7958 3964 7692 3564 2091 3879 4456 2811 7220 7174 3411 5786 8603 9469 8459 2813 8752 7455 4507 10000 6099 8148 9299 6980 8364 8875 839 4109 8754 5706 2910 1081 1366 4884 5479 1451 1111 904 1197 8292 2847 7522 6128 3564 7270 594 3986 8521 8544 9128 6513 9314 3637 6551 8444 9772 2659 1549 5556 2714 1129 7805 6717 1312 8026 834 9198 6886 1785 3476 6451 2487 1295 1655 7761 0 8771 2458 8309 6841 1751 2488 8091 1042 6279 9543 9412 5738 4246 9769 4100 9176 1641 1127 9883 7757 8792 7539 208 7370 280 603 4380 1798 4975 4387 201 7355 3735 7044 6445 6684 3580 1176 1293 4314 6196 9849
5273 5084 6098 7862 6120 2914 9960 4999 2745 2512 5736 8115 3740 1433 5434 517 4848 5913 2854 9150 0 9660 7131 683 8210 6348 3889 6462 6726 2784 8746 7529 8047 418 9790 7053 5902 654 4515 3319 3857 4439 6527 9236 3344 1127 8909 9328 7626 3810 6913 6172 6245 5038 7171 9081 8869 7255 524 7777 3588 7251 5111 5741 475 3460 389 7500 9608 984 7602 4189 2541 5583 6005 5085 1027 5235 3312 4439 8380 5652 3321 8221 5447 9450 7432 2113 9658 1149 9434 8834 1058 2505 5664 2381 4385 1167 951 2693 4071 4596 6031 3102 8288 4518 4345 9551 7075 8055 295 198 5187 6692 5383 3766 8609 5938 9967 6661 7379 4081 7451 9130 3665 6139 7486 8787 9634 6331 4314 8582 2763 9713 258 4689 7863 3331 3547 3259 2281 3 9246 8520 9205 2310 868 6754 8406 9584 9406 2479 8126 1158 4749 7917 1538 2189 4034 415 2212 8469 4913 203 9564 7753 9148 6037 7260 428 4449 6183 9249 9134 9029 9628 2602 6453 247 1358 9523 9394 3859 4372 7458 7574 869 8944 7123 7244 7753 6454 2911 8666 507 152 2191 7433 9067 9116 9079 2519 1961 3631 1985 2041 552 4621 2995 1559 8010 2004 7467 3184 8261 8541 7652 9476 8163 9290 6858 1026 9977 9722 4555 5851 77 5626 2797 1368 9587 3332 6828 5669 6853 1391 6412 9828 6783 4806 9140 4780 8429 6901 8163 5680 1783 7691 4780 3366 2691 5017 4296 8060 9008 2198 8485 9574 6028 3002 5856 9380 7419 1802 1161 2148 4226 4710 467 4542 3107 8977 469 5844 949 8152 117 7994 4437 7324 6929 4848 6687 9676 7958 8136 2501 9607 1796 9511 8623 6263 1852 3442 7768 4605 270 5051 5218 1368
6244 9141 4180 8898 8571 1648 6770 7636 6656 4662 7450 4450 8545 4766 8189 4306 1072 9226 3795 9617 9660 0 5416 613 1482 567 1287 8610 5042 6528 1940 2224 4913 946 8534 8217 7602 6415 1658 952 3547 7558 4143 1601 5591 8221 8172 3585 7938 5151 9465 4868 2874 7620 3032 4751 9318 597 5831 543 7280 5459 8678 7782 7809 6196 9806 6657 8702 8265 3191 1778 7965 7885 1072 3617 3760 7118 4727 1473 2557 1491 2615 6657 2967 1580 6544 3327 4717 6279 3703 9429 7454 5368 234 1569 8323 2494 4992 4610 6019 87 4654 2029 7488 7026 8440 2883 3552 8058 8432 4504 5427 8635 4484 8458 6366 2905 2797 1140 6678 9563 9609 1175 2866 2549 300 6886 474 6960 7838 110 9267 8640 8084 6251 7918 9632 8068 6971 8671 1257 8525 547 7156 9971 879 9919 8255 3495 2088 914 1619 9965 2628 8050 8458 957 7867 5358 4850 2903 4176 4856 4341 5899 119 9175 1081 4670 4969 2943 6294 3587 2806 173 2494 58 2773 6261 9205 7330 8847 821 2603 4785 4389 7252 7409 4074 7313 9068 643 8996 2443 1290 4727 1400 1011 4918 1497 8707 7089 6863 2071 3361 8048 831 9905 4384 5660 7092 3647 2174 4655 7905 2181 9234 3384 3267 8762 7190 3378 4360 2099 4418 4735 7022 2975 2384 3552 2863 5343 8514 6321 972 5031 9525 2347 1157 9060 8004 336 6349 3587 350 2822 2722 4204 1033 3220 7426 7378 7411 8764 9943 8962 7728 5461 7669 736 892 5754 9396 2272 2608 6511 2078 6009 6004 3669 825 5062 4377 7806 6630 5506 5315 555 878 2292 1024 413 3051 6013 8527 8074 7800 8875 810 6322 7159 4370 4068 3896 5598 6200 3315 2323 8272
6268 3300 159 5720 5715 6633 8467 8406 7430 27 9557 8543 4792 4978 7572 4218 6240 7801 2591 2004 7131 5416 0 2685 3905 957 3118 4663 7233 4111 8941 687 4071 6180 6044 2954 5377 1940 8932 6874 4540 2682 3780 335 925 9577 898 617 8900 6160 7035 5093 9807 7410 9845 7554 8805 8264 870 7666 373 5218 2488 2631 8872 2426 2943 3414 2088 2150 6274 50 5473 8853 6371 5816 942 6360 6462 3500 1455 5285 9496 7007 2455 9774 7569 3847 4386 8297 8144 2466 3589 4006 9918 9309 9860 5386 9012 2733 7990 1976 9646 3480 7126 2252 9938 4738 5449 4431 9450 923 1284 8173 1219 8073 8673 6287 288 5098 3519 3093 9066 5365 5830 8962 9198 8884 3937 6413 6050 2027 4170 4137 3422 244 3630 4209 4870 9696 1420 7397 2219 382 505 2939 4875 2478 412 560 4117 1826 2573 6232 5299 7705 106 6536 2918 8922 2958 9607 8898 942 198 7997 2451 6093 2972 9637 1808 6990 9179 7336 1435 3078 1842 20 7610 2450 1642 6899 4710 9029 5288 7386 6425 9976 7505 950 1097 8510 1049 1268 8268 1725 6129 3929 1184 2086 7255 9179 7603 4872 6357 6086 9618 2373 4535 6957 955 9361 7650 7766 6150 3119 9618 2287 7233 8301 3427 6240 1748 263 7588 8661 1147 1445 8145 743 1861 7587 590 1961 9501 5859 1264 7010 3996 2399 7007 711 417 1339 4402 2888 109 5534 2210 2162 6706 1650 2733 8086 9200 6662 3997 7955 3882 261 1462 9367 7996 6331 5812 9184 2077 4978 864 5966 6100 7856 529 4402 1027 879 1080 256 3317 6641 5727 1384 9661 2201 1949 2405 2485 9524 5680 6804 1401 3906 8069 1639 4749 6170 8070 369 7306 4100
4146 8108 9609 4591 2101 9664 3229 6912 2601 426 2145 283 2715 2218 6244 1279 767 6572 4930 7596 683 613 2685 0 5218 6740 7063 6433 1244 7100 8563 5613 6480 6367 8212 6962 4278 5848 584 5793 7113 1438 8696 6775 1552 4455 2508 3001 4861 9600 6836 2220 3963 3081 5811 7777 512 6403 7943 8506 736 5129 7439 415 1403 7826 2894 8607 4894 2100 1665 7608 3233 6360 325 6478 3989 3463 6504 6129 2337 389 4140 7846 2162 7574 5108 2864 7284 1940 5845 5677 583 6684 2195 9275 5317 7537 1830 1574 5615 6645 5157 3142 7525 4746 2472 8884 5795 5748 5348 9078 528 9754 5899 2464 9216 2046 8760 6023 698 5706 1513 7041 9171 6906 9502 6057 9289 9939 1921 8208 7688 7355 2422 1952 2205 3838 1397 3322 8363 6748 7191 2261 4775 2072 8580 5166 382 3572 1300 8093 2192 9478 9207 5185 950 9563 127 9836 8701 590 5221 8895 1306 7039 4049 9159 8635 6582 5624 2918 5103 2613 7836 9862 813 1421 9094 3425 498 3920 5250 8079 4544 5706 443 895 1819 7240 7620 6318 1217 748 5903 6409 9648 4732 1963 8784 6961 7081 1583 9741 5337 6268 1296 6495 3762 9417 41 626 8684 5876 3772 3360 386 934 986 1408 2169 2075 3592 580 4648 1797 3155 5301 4475 3463 5702 9150 7665 3863 4817 9773 2084 4094 3807 2438 8204 4000 3053 1920 683 800 1517 9133 4512 9166 7263 9463 3460 105 9837 7160 3366 3703 5277 7170 6143 9430 3369 672 5395 5892 6011 3645 3253 2444 4219 6803 1509 9951 7952 1513 5868 7489 8827 9467 119 6936 470 2013 6432 3602 3779 8828 4983 2295 8759 4511 743 205 6688 5392 99 7649 9298 554
1266 6507 7595 1013 406 1930 3114 6378 6871 9594 9365 6123 7221 5386 8506 3336 4113 4656 4832 6558 8210 1482 3905 5218 0 7522 300 5238 4267 7248 9819 8312 1337 5552 5991 9480 1080 394 8213 3851 9387 512 5836 5006 2878 3479 5172 1199 8950 5832 6683 6820 4800 97 6514 4920 6794 2666 2357 2479 7862 3140 2204 858 834 6278 98 307 7266 5950 3697 2083 3255 2666 9222 7147 5522 2022 5046 4776 6472 241 1048 3820 8870 1961 1273 7559 8565 2704 1398 400 5086 8180 8235 2880 9112 5393 5427 1497 9389 5376 5885 6211 4381 2220 1272 136 1174 858 3050 2144 1303 7739 5679 7484 65 9612 9258 3012 7039 4699 3989 9627 5955 9657 6377 7013 9577 7881 1175 7405 7791 4225 2939 9047 1518 7823 7200 6724 2554 7877 9039 4500 122 9198 7119 8899 1050 7075 6255 6923 2550 69 3598 6087 2003 9907 2537 8881 6225 1165 3045 6788 418 9869 1446 3752 28 138 9606 5124 3664 5056 2047 6961 6400 7567 6911 3794 8079 5969 6810 4763 3131 433 1665 6187 5174 1953 9924 5088 4385 1350 6651 3227 1807 3504 713 2516 5010 890 9254 7651 566 169 5790 3771 9233 374 7617 3169 9716 7838 7181 6555 7837 802 627 573 3651 7791 451 9206 5140 4292 5685 9088 4196 2810 3436 5868 3483 6627 7539 1390 8409 1909 3511 5088 1755 5382 9038 74 86 8282 3885 8344 8654 7883 6907 6599 4254 9165 5573 5582 1295 442 8853 9848 3949 6202 4386 7529 2750 2337 4886 3392 8009 1699 2716 3389 1893 2616 8123 5848 5237 2436 8271 5475 9686 2730 9167 5415 297 8719 5632 1133 2644 6104 5506 2390 3576 3319 2969 4416 1983 9864 8145 7263
4907 7824 7454 4072 9134 5234 2147 7198 4495 3620 5522 5265 462 644 1695 195 3274 5043 9909 2347 6348 567 957 6740 7522 0 6770 8658 6649 5293 8587 9675 8657 7159 7462 2686 8172 7957 7779 6253 5087 9541 5408 6117 6602 6647 6993 9046 1216 2872 2321 5464 8677 2597 8739 2300 4747 8343 2581 7812 1677 1982 8072 745 439 7514 4043 5171 2481 119 7811 2864 6266 8409 8740 7110 8947 9329 5777 6253 5554 2881 5340 1884 8477 4443 2047 1167 6018 4862 9661 2490 6404 733 3696 7400 122 5591 8366 5873 7289 9856 1890 5898 4496 3876 4743 6915 8729 8279 639 5231 5189 7838 540 3452 5757 263 3837 8565 9371 5681 854 6298 2592 1661 6288 2670 7558 7816 8843 7487 3232 5024 7139 243 1248 3213 5969 3951 6979 4896 8335 2166 1034 8498 6881 7093 2258 4452 5729 4724 353 297 9726 4414 2117 4929 4600 6864 9703 4626 1531 9845 4602 6910 8173 4423 3660 1692 9582 6932 5466 6543 9914 1253 624 6940 7413 4885 2581 8417 3367 4858 1044 8968 6542 1482 5267 1888 2044 6289 2995 7412 4398 642 9207 5151 2719 5953 4892 9009 3234 8055 393 6689 7539 3090 2639 1440 6241 1119 9769 2631 9616 1474 9011 2478 7383 5745 4001 8559 1161 965 1728 3057 458 1771 1749 5373 7728 8980 9917 6399 889 5377 7865 3624 9011 5621 8140 5698 2733 8518 947 3187 9506 620 3319 9777 4406 9781 6117 5484 2373 6360 2743 9792 8272 7949 7085 927 9553 9284 958 8271 437 3264 9475 4162 7936 7004 92 3548 3835 6999 8325 3669 5632 2599 9966 5506 235 7803 65 6501 6954 6595 5615 2637 7241 5660 3046 1194 9627 1612 943 5982 1509 1961
8545 6997 3141 5098 6855 28 7265 797 7556 8167 7946 4745 1209 277 5923 5710 9966 4021 104 8618 3889 1287 3118 7063 300 6770 0 5096 6925 2225 7391 4738 4621 6018 7092 3552 7096 3192 4595 546 9097 5323 1527 4424 9280 3478 402 362 5403 251 4822 6545 4196 4758 681 1626 9652 5433 594 1510 888 139 1657 8328 4565 2033 2563 9558 4429 1656 4448 9989 3155 4944 4273 5054 7413 5088 9276 1027 2530 6886 2089 5056 5222 5115 2965 389 1610 1930 8439 9191 6673 1114 5617 4981 5796 5679 8929 4989 3795 761 595 385 3438 679 1706 5229 2059 8410 546 7805 7904 9224 8115 7082 50 2800 9837 5126 4979 2579 2772 7283 2176 1054 5296 1698 7200 1627 4966 8644 4026 1861 7853 4978 2818 1606 736 472 5545 5549 3476 9239 3208 6603 966 4406 6225 6709 1199 4278 3351 7224 9847 7500 4598 7830 2952 4953 5492 602 4821 5218 3055 5255 1427 4764 7881 8431 3898 7884 2920 786 9667 7741 7327 1625 527 506 7643 8332 1689 7792 7971 5738 7995 7483 654 4288 6135 8080 5956 8351 5605 6067 9105 1969 6615 6193 7139 7961 1738 302 1626 2558 6454 4263 8742 3813 8737 662 7362 3669 5855 525 9170 2049 999 5124 4886 5003 7877 1126 9746 154 3824 3947 6257 9487 1377 5987 7786 3034 3799 7741 2225 7395 1750 578 8766 2988 3974 632 7467 5641 2497 8568 1010 5953 6131 4381 3091 3746 4680 5400 4387 2152 7041 5090 4117 5004 7503 2011 2050 3639 6144 5864 689 34 377 9369 9698 7204 3857 691 6114 4736 4494 8301 9771 7327 4324 4032 4355 2173 6096 4183 6856 7800 1584 4016 2728 9823 514 8970 9947 3603 104 3779
