50
0 8013 297 3071 4929 6491 6867 4520 1036 583 5178 3686 1651 5048 1354 3024 9775 5334 8487 6391 1374 5048 3037 362 1385 7907 5962 231 9538 5027 3539 9484 9812 1075 184 9892 4215 6879 8869 4769 8975 9812 7968 4230 8248 3905 1060 4182 7308 6812
8013 0 3747 7389 2598 9330 7573 4101 7457 89 9338 4228 8435 9622 1447 4864 3324 6622 7135 5422 253 4167 4519 3713 4081 9551 3348 6897 8886 3994 2961 4594 1746 7732 9563 6830 9975 9542 6312 2859 6336 709 9286 5310 9287 8956 566 1249 3971 8223
297 3747 0 945 4823 4038 8725 2684 8494 2508 1281 7829 3261 8368 1474 5007 653 1172 9734 440 34 1489 1484 8631 1085 7731 1257 5049 4673 995 6947 5702 8082 6684 2338 9867 5438 8264 6116 5378 9628 8087 7630 4688 6137 2040 7165 8225 6797 3636
3071 7389 945 0 1032 577 2624 9634 8858 2031 8300 1567 2761 357 9628 8434 2039 4660 6511 6870 8826 6900 6315 8174 3917 1388 2536 4441 5510 8990 6441 1951 802 5306 251 9452 5086 6545 9100 4542 5084 4872 4671 881 2452 8161 3581 6056 1694 2428
4929 2598 4823 1032 0 2478 8416 997 3056 4368 4316 7612 8363 774 2441 563 2536 4380 6435 9605 173 4246 8787 3354 5891 6719 4262 1916 4505 6998 3975 6859 2278 1865 2810 7960 2553 4050 8992 9124 8886 7066 1111 1721 9599 9738 4954 9014 2590 1926
6491 9330 4038 577 2478 0 7650 1619 7877 5448 9544 5562 6891 2417 1085 5803 9601 3984 6075 9206 6234 3324 9154 1764 3685 1231 3424 4664 5901 2464 1135 7926 7017 4089 468 8803 7838 6476 9004 7192 7574 7422 2118 744 7481 951 6711 819 5610 8047
6867 7573 8725 2624 8416 7650 0 8332 208 4731 4700 4315 3573 8456 4957 6295 4250 6460 726 2214 7301 7207 394 7318 7351 5744 4576 6240 4984 4268 2973 9684 760 206 3050 3421 4869 8285 46 244 4551 8274 2637 5162 2648 6034 7695 7546 8293 2140
4520 4101 2684 9634 997 1619 8332 0 5889 5288 6885 6115 5826 8121 4663 260 7439 4219 7402 2908 5039 656 1471 6543 6923 9457 9238 4411 7687 5080 8097 7352 5578 6964 7317 5416 4138 2617 7537 3735 5206 795 3438 7894 1256 3842 7777 2600 1422 5173
1036 7457 8494 8858 3056 7877 208 5889 0 5705 7610 641 4435 3545 861 5735 1551 4192 6768 9366 6221 4692 8717 2783 4153 9874 5417 2803 4645 9827 9249 9748 5679 5865 1319 2138 3486 9874 1728 3753 7523 12 3275 938 1936 9029 660 1021 8777 1697
583 89 2508 2031 4368 5448 4731 5288 5705 0 296 7133 2871 8026 4465 4042 1831 3313 3168 9336 2814 309 4535 5063 9730 2467 2984 5415 3939 2110 4436 9109 618 3231 1052 1031 5612 3860 7009 5737 7187 7259 4136 8983 7875 6190 4720 3359 8668 3759
5178 9338 1281 8300 4316 9544 4700 6885 7610 296 0 755 6666 7713 86 3751 7294 7862 9350 8968 6511 2376 5269 22 1786 700 9256 3153 8089 7990 9481 7528 2854 5161 8655 7293 4354 8375 7391 7341 4831 2205 899 1940 7063 238 2319 1931 6179 9548
3686 4228 7829 1567 7612 5562 4315 6115 641 7133 755 0 5327 345 8011 8708 4137 6871 3890 5548 2551 3444 4187 7549 4137 4608 6662 7177 9004 8929 5927 742 4856 8272 5626 1469 2207 1753 6144 6843 5177 5847 7802 6316 696 1854 5291 4810 8852 4068
1651 8435 3261 2761 8363 6891 3573 5826 4435 2871 6666 5327 0 153 1325 5459 7524 3189 1734 7018 6947 8852 7707 7716 6314 512 3839 3862 9853 2402 9467 9568 4437 3492 8611 793 4697 8511 4963 9992 5560 7547 8140 2975 5948 5391 9142 8320 841 1764
5048 9622 8368 357 774 2417 8456 8121 3545 8026 7713 345 153 0 6610 6462 1576 4220 4290 8581 1514 4851 7473 2253 7777 261 9951 6616 7219 2252 923 2535 4941 1516 2988 5102 270 8506 5333 2334 1896 3828 7876 1305 4390 2937 3644 2689 8178 9479
1354 1447 1474 9628 2441 1085 4957 4663 861 4465 86 8011 1325 6610 0 5753 8645 5345 2861 2701 296 288 6900 4867 5938 8667 3281 1714 3585 7806 1279 8033 6305 1651 4349 8410 3725 7192 8759 9402 8427 3946 9945 1953 4859 5515 1557 6537 3946 7612
3024 4864 5007 8434 563 5803 6295 260 5735 4042 3751 8708 5459 6462 5753 0 7948 5263 202 2842 8780 9012 1064 4913 9067 8265 8433 4788 8699 1485 5354 3406 2940 4333 1780 3558 197 3233 2006 7253 9266 3520 4587 5937 8298 3751 7355 444 9730 1581
9775 3324 653 2039 2536 9601 4250 7439 1551 1831 7294 4137 7524 1576 8645 7948 0 7507 3516 8948 5238 1155 1809 2408 5628 1830 5841 9500 1004 3096 4916 4634 637 3848 8415 333 427 6334 4425 4323 2788 4018 9821 9653 2216 2496 2153 7088 5765 485
5334 6622 1172 4660 4380 3984 6460 4219 4192 3313 7862 6871 3189 4220 5345 5263 7507 0 3572 8324 3785 4172 2615 2651 8864 7921 3688 493 6289 6410 3195 9330 6865 289 582 2832 9624 9230 9281 3902 1708 8242 3776 1000 233 6847 1862 6111 8203 3686
8487 7135 9734 6511 6435 6075 726 7402 6768 3168 9350 3890 1734 4290 2861 202 3516 3572 0 5444 9687 949 757 4883 7644 3426 9527 230 4311 8228 152 3179 272 4158 4118 2195 3427 9408 8086 5574 6186 7516 215 4458 4275 3780 3171 3600 8701 6660
6391 5422 440 6870 9605 9206 2214 2908 9366 9336 8968 5548 7018 8581 2701 2842 8948 8324 5444 0 5638 3073 2388 3673 4134 7430 7749 1791 7294 1131 7062 5106 2077 4415 1842 7868 6746 9325 2599 1561 4743 9437 6589 7374 3397 7005 2093 203 2453 1699
1374 253 34 8826 173 6234 7301 5039 6221 2814 6511 2551 6947 1514 296 8780 5238 3785 9687 5638 0 8460 6728 2335 7364 396 4181 4054 1632 5644 4623 6296 7704 4322 6842 1321 159 644 8550 9008 2908 3302 7009 6818 9804 6807 7379 5007 1915 9745
5048 4167 1489 6900 4246 3324 7207 656 4692 309 2376 3444 8852 4851 288 9012 1155 4172 949 3073 8460 0 5129 4241 919 5722 9186 798 9232 5731 2286 7325 5048 2918 6820 401 6014 8991 8749 5581 9196 5099 9624 5894 9232 9392 5406 543 7703 1453
3037 4519 1484 6315 8787 9154 394 1471 8717 4535 5269 4187 7707 7473 6900 1064 1809 2615 757 2388 6728 5129 0 3081 7888 9968 7489 2673 3920 7855 219 5057 961 5417 3896 9657 5370 9506 5996 7457 4550 4783 7220 5797 9840 1270 9702 4381 3008 6777
362 3713 8631 8174 3354 1764 7318 6543 2783 5063 22 7549 7716 2253 4867 4913 2408 2651 4883 3673 2335 4241 3081 0 3612 96 7483 9029 2610 9691 535 2062 8369 6881 7492 505 1269 8131 2392 2662 6551 4441 4002 6414 5542 5102 9214 5011 6440 4702
1385 4081 1085 3917 5891 3685 7351 6923 4153 9730 1786 4137 6314 7777 5938 9067 5628 8864 7644 4134 7364 919 7888 3612 0 7531 9361 8720 9714 8256 9646 4622 6052 9903 610 6252 5383 6170 2123 1778 2487 5589 7278 3152 6705 4414 8242 2108 150 4177
7907 9551 7731 1388 6719 1231 5744 9457 9874 2467 700 4608 512 261 8667 8265 1830 7921 3426 7430 396 5722 9968 96 7531 0 4763 6898 8193 3651 4551 9424 4789 4611 19 9085 6237 2559 1995 1092 2714 9326 3258 3705 6924 2031 5381 3875 9330 5857
5962 3348 1257 2536 4262 3424 4576 9238 5417 2984 9256 6662 3839 9951 3281 8433 5841 3688 9527 7749 4181 9186 7489 7483 9361 4763 0 4370 6647 3500 1665 3279 8501 7751 569 8418 312 6923 3225 9006 8118 25 6587 9968 6546 4113 7703 860 6960 6978
231 6897 5049 4441 1916 4664 6240 4411 2803 5415 3153 7177 3862 6616 1714 4788 9500 493 230 1791 4054 798 2673 9029 8720 6898 4370 0 6627 7642 4427 1970 2677 4237 9621 8594 2647 8790 3776 9659 7196 980 8822 2172 4744 7112 4291 1899 9188 1833
9538 8886 4673 5510 4505 5901 4984 7687 4645 3939 8089 9004 9853 7219 3585 8699 1004 6289 4311 7294 1632 9232 3920 2610 9714 8193 6647 6627 0 2526 6244 8471 9031 7201 6209 2463 133 5281 3471 6541 5580 4061 1767 5772 8931 9275 3409 9592 3048 8686
5027 3994 995 8990 6998 2464 4268 5080 9827 2110 7990 8929 2402 2252 7806 1485 3096 6410 8228 1131 5644 5731 7855 9691 8256 3651 3500 7642 2526 0 6815 7224 4327 5684 9157 9846 8445 2411 3834 4450 9654 5579 6755 558 297 4077 4921 9840 84 9494
3539 2961 6947 6441 3975 1135 2973 8097 9249 4436 9481 5927 9467 923 1279 5354 4916 3195 152 7062 4623 2286 219 535 9646 4551 1665 4427 6244 6815 0 7888 9008 7002 7445 8550 9810 2510 2827 1399 1968 4894 5565 6579 6346 6846 96 8538 4596 1816
9484 4594 5702 1951 6859 7926 9684 7352 9748 9109 7528 742 9568 2535 8033 3406 4634 9330 3179 5106 6296 7325 5057 2062 4622 9424 3279 1970 8471 7224 7888 0 7658 3035 2858 3029 1809 7722 1714 5010 8016 5257 2761 1546 4721 5651 2250 1598 9206 1699
9812 1746 8082 802 2278 7017 760 5578 5679 618 2854 4856 4437 4941 6305 2940 637 6865 272 2077 7704 5048 961 8369 6052 4789 8501 2677 9031 4327 9008 7658 0 8413 4474 8623 3742 9178 6347 4933 739 7734 4677 1205 1459 3638 7569 5514 1584 6962
1075 7732 6684 5306 1865 4089 206 6964 5865 3231 5161 8272 3492 1516 1651 4333 3848 289 4158 4415 4322 2918 5417 6881 9903 4611 7751 4237 7201 5684 7002 3035 8413 0 11 6103 4708 2600 789 8231 2270 5415 30 8132 3834 2316 2851 587 8158 8752
184 9563 2338 251 2810 468 3050 7317 1319 1052 8655 5626 8611 2988 4349 1780 8415 582 4118 1842 6842 6820 3896 7492 610 19 569 9621 6209 9157 7445 2858 4474 11 0 5991 1590 2938 5041 6573 5257 6082 6914 5170 5180 3211 4447 5254 5621 2083
9892 6830 9867 9452 7960 8803 3421 5416 2138 1031 7293 1469 793 5102 8410 3558 333 2832 2195 7868 1321 401 9657 505 6252 9085 8418 8594 2463 9846 8550 3029 8623 6103 5991 0 8162 7353 475 3384 5316 8383 8161 5174 792 2154 6054 5966 8945 1318
4215 9975 5438 5086 2553 7838 4869 4138 3486 5612 4354 2207 4697 270 3725 197 427 9624 3427 6746 159 6014 5370 1269 5383 6237 312 2647 133 8445 9810 1809 3742 4708 1590 8162 0 4277 8588 9321 7056 5675 6047 4096 3980 7272 6268 7726 5722 9307
6879 9542 8264 6545 4050 6476 8285 2617 9874 3860 8375 1753 8511 8506 7192 3233 6334 9230 9408 9325 644 8991 9506 8131 6170 2559 6923 8790 5281 2411 2510 7722 9178 2600 2938 7353 4277 0 3540 7050 6761 5807 9001 7569 3592 1885 7118 5325 7885 9397
8869 6312 6116 9100 8992 9004 46 7537 1728 7009 7391 6144 4963 5333 8759 2006 4425 9281 8086 2599 8550 8749 5996 2392 2123 1995 3225 3776 3471 3834 2827 1714 6347 789 5041 475 8588 3540 0 6109 3168 9359 1761 122 5149 1553 3437 5550 5570 3004
4769 2859 5378 4542 9124 7192 244 3735 3753 5737 7341 6843 9992 2334 9402 7253 4323 3902 5574 1561 9008 5581 7457 2662 1778 1092 9006 9659 6541 4450 1399 5010 4933 8231 6573 3384 9321 7050 6109 0 8638 8500 8196 5078 1138 2604 9605 6158 8449 9029
8975 6336 9628 5084 8886 7574 4551 5206 7523 7187 4831 5177 5560 1896 8427 9266 2788 1708 6186 4743 2908 9196 4550 6551 2487 2714 8118 7196 5580 9654 1968 8016 739 2270 5257 5316 7056 6761 3168 8638 0 6801 5361 6396 2450 9550 1386 3235 3811 6792
9812 709 8087 4872 7066 7422 8274 795 12 7259 2205 5847 7547 3828 3946 3520 4018 8242 7516 9437 3302 5099 4783 4441 5589 9326 25 980 4061 5579 4894 5257 7734 5415 6082 8383 5675 5807 9359 8500 6801 0 7545 3411 4444 1872 8700 4132 5070 2129
7968 9286 7630 4671 1111 2118 2637 3438 3275 4136 899 7802 8140 7876 9945 4587 9821 3776 215 6589 7009 9624 7220 4002 7278 3258 6587 8822 1767 6755 5565 2761 4677 30 6914 8161 6047 9001 1761 8196 5361 7545 0 3377 75 902 502 5892 6904 2721
4230 5310 4688 881 1721 744 5162 7894 938 8983 1940 6316 2975 1305 1953 5937 9653 1000 4458 7374 6818 5894 5797 6414 3152 3705 9968 2172 5772 558 6579 1546 1205 8132 5170 5174 4096 7569 122 5078 6396 3411 3377 0 8779 6416 385 9108 8261 4008
8248 9287 6137 2452 9599 7481 2648 1256 1936 7875 7063 696 5948 4390 4859 8298 2216 233 4275 3397 9804 9232 9840 5542 6705 6924 6546 4744 8931 297 6346 4721 1459 3834 5180 792 3980 3592 5149 1138 2450 4444 75 8779 0 3409 5449 458 7813 2574
3905 8956 2040 8161 9738 951 6034 3842 9029 6190 238 1854 5391 2937 5515 3751 2496 6847 3780 7005 6807 9392 1270 5102 4414 2031 4113 7112 9275 4077 6846 5651 3638 2316 3211 2154 7272 1885 1553 2604 9550 1872 902 6416 3409 0 3267 6004 6001 4742
1060 566 7165 3581 4954 6711 7695 7777 660 4720 2319 5291 9142 3644 1557 7355 2153 1862 3171 2093 7379 5406 9702 9214 8242 5381 7703 4291 3409 4921 96 2250 7569 2851 4447 6054 6268 7118 3437 9605 1386 8700 502 385 5449 3267 0 2116 7784 8932
4182 1249 8225 6056 9014 819 7546 2600 1021 3359 1931 4810 8320 2689 6537 444 7088 6111 3600 203 5007 543 4381 5011 2108 3875 860 1899 9592 9840 8538 1598 5514 587 5254 5966 7726 5325 5550 6158 3235 4132 5892 9108 458 6004 2116 0 536 9428
7308 3971 6797 1694 2590 5610 8293 1422 8777 8668 6179 8852 841 8178 3946 9730 5765 8203 8701 2453 1915 7703 3008 6440 150 9330 6960 9188 3048 84 4596 9206 1584 8158 5621 8945 5722 7885 5570 8449 3811 5070 6904 8261 7813 6001 7784 536 0 2942
6812 8223 3636 2428 1926 8047 2140 5173 1697 3759 9548 4068 1764 9479 7612 1581 485 3686 6660 1699 9745 1453 6777 4702 4177 5857 6978 1833 8686 9494 1816 1699 6962 8752 2083 1318 9307 9397 3004 9029 6792 2129 2721 4008 2574 4742 8932 9428 2942 0
