250
0 5113 349 4168 9718 3265 2028 1657 2748 2946 5080 2039 8550 2627 1814 3509 6363 7208 8653 8371 1554 7182 5085 2510 8019 2389 4930 8680 7751 1636 7582 3223 9399 863 2765 956 1167 9845 4361 4459 837 8907 3810 8927 8970 9882 5899 6678 2600 7607 8498 1267 1275 2496 9927 4776 7189 7134 8054 9753 4580 2105 7790 149 2792 6962 2118 3184 8990 439 4644 326 7054 8342 3805 2021 8426 2927 9454 1733 2814 160 1881 7222 9510 1541 6881 1200 801 9772 8259 7845 2558 563 8020 4474 2192 9976 4221 7517 2153 1186 1529 8891 6006 2539 2540 9515 9317 9852 112 3002 6315 8156 7168 2989 5027 8131 391 8709 2709 4859 4947 567 1725 7625 5362 8766 6975 9219 2573 7843 6991 732 4373 9332 1851 1363 8161 4196 5562 3047 2321 3362 869 611 5354 5826 3803 710 5246 5063 3439 6621 1474 4501 2454 8806 2291 1628 9776 4361 7412 6070 6459 3315 5744 8856 4294 5435 2770 2694 4668 4824 6432 2311 8046 6439 7386 6158 1248 3533 6537 5528 9578 4451 6930 1817 5215 3878 6430 5058 1047 192 4648 4223 7010 2491 1360 6846 3226 4103 5391 4174 5971 1131 353 9731 7290 2450 6539 4526 6514 6287 1534 9088 625 9869 605 285 4544 551 4597 644 7741 6706 264 7453 8114 6241 2399 9846 631 3050 6788 2467 4120 6035 6100 3307 3763 6997 5930 6674 9182 1205 269 9983 1052 2570
5113 0 7063 9854 3973 9828 8835 4298 6818 1486 709 9665 3018 9984 8403 713 3009 9677 9671 2344 8233 3546 7202 3481 7281 3500 2331 8313 5122 722 7674 595 7006 933 3047 4507 2751 7332 162 162 547 8604 7334 2037 4072 5490 7249 9427 1717 6649 308 9553 5572 7767 714 6386 327 5810 2489 35 5771 2610 9123 2660 7319 3852 837 754 3565 6789 6179 6985 740 9418 4441 5563 4578 9127 6585 8907 2473 9146 7592 9758 881 6052 519 2393 9511 7398 249 2089 4882 7738 1142 9681 9079 2877 1390 3331 621 6466 8370 122 8420 3430 3818 7450 6154 9098 5890 7562 1569 4082 9601 1665 498 6619 2767 3659 5683 102 2142 5861 986 8602 2899 4548 6091 8721 6848 904 5906 412 2811 7416 4724 9798 3007 8675 2306 9955 8102 4161 3230 7095 9905 1957 1788 7285 5474 1024 6769 8576 5811 758 9782 1782 7561 8101 9790 9349 8070 9874 4069 492 7008 1579 100 6413 6547 5170 9695 7108 8817 6361 2949 6199 3269 3006 9987 1807 125 8970 4007 4593 1930 3843 8618 4562 5028 8116 9993 7859 9157 7117 3161 2673 9951 8936 5723 8847 5049 3743 2290 8367 3431 3888 8807 8846 4907 3415 5803 6131 4211 6205 1162 7765 9572 5079 2878 2614 796 1704 3265 8112 7643 7867 8920 8295 7807 4162 8746 6636 7441 9762 7696 7527 3378 2621 3153 9876 8867 6403 277 1246 1849 8289 2873 8585
349 7063 0 4127 15 833 8914 4349 3542 5472 3166 9491 2890 4672 6500 7460 2268 9494 3218 1219 2092 2128 5063 6439 3376 6302 2233 7094 6577 1362 8120 1767 1228 2047 2489 542 1081 6521 3232 5002 2308 3504 1487 8493 8924 9118 2479 7501 4097 4176 5927 3323 3108 112 8247 6634 4956 2908 4865 5400 6558 2236 2673 4913 6315 2090 1436 7648 7196 9606 9982 9377 2756 5722 9073 3680 9121 6626 5327 2175 6034 3334 641 112 7785 6299 5764 6626 3727 628 7297 4497 762 6382 4644 8902 9093 9797 7860 8274 7267 7059 7144 8157 4414 3823 3342 6735 192 4761 3861 4097 169 6910 471 7985 5865 7735 8426 3378 5983 2572 3889 2292 4952 4924 7061 8314 8258 7215 8644 1933 5759 6022 7013 7771 1936 242 812 6397 3632 596 5763 1766 1368 3188 6481 2994 5683 1198 5515 9500 716 7498 4569 9370 8513 1987 845 8131 9987 5106 9253 4769 1413 1688 7875 5752 8060 6602 4688 8446 8281 4714 8465 2543 6365 7677 4980 8445 5852 3085 5358 7634 6560 9728 8986 9009 2627 1838 3224 5513 7658 4248 8993 3926 3624 1376 9249 6553 8432 2204 7678 192 7279 5937 7769 9569 9296 5050 3395 6444 7937 7788 2934 2787 2769 5202 7060 32 3230 9308 9495 2344 2651 577 2698 6505 5687 9475 2337 906 9170 4948 9811 9017 4556 8463 5536 2019 3412 2525 9158 3926 4086 9871 9978 9706 7656 5793
4168 9854 4127 0 9369 690 5998 4698 1400 5996 1363 3039 2196 4781 6150 2108 4650 9459 351 6490 5522 862 7505 9314 6683 2927 3502 6599 3901 2592 8287 8400 3808 1234 7069 9458 720 9771 1368 3197 3752 2540 4458 1706 1051 9734 6058 5075 3328 9954 3256 9851 9168 7774 4050 9205 2273 6840 1388 6080 4625 5693 9604 8621 3438 2041 8753 3488 9628 994 8849 3955 1810 4304 5887 802 2185 8363 1871 8131 555 2375 994 8665 1299 3181 1823 51 3372 9797 1588 1846 8214 9309 2967 6198 630 2134 4360 6690 1053 4209 3435 306 5057 7177 7269 7246 8365 8846 9496 4891 3603 1376 7705 1936 5655 2614 2732 6421 3245 8028 5501 6722 2000 1867 9446 9923 5239 2862 6383 2764 1032 9614 2355 6251 4578 293 8564 5209 4440 4278 534 5821 3033 4906 8984 7641 3799 1104 3230 9149 8234 3150 1830 2819 5017 2271 8102 8723 3087 8065 3377 1031 1811 8894 9761 4437 9980 8805 2589 7859 2041 216 531 7905 4313 6311 2660 3843 2645 9203 2635 3064 515 2130 6839 4040 9561 1214 9038 4087 6121 7438 3759 4394 877 4306 2386 8440 3326 623 5537 1649 6483 7349 5323 1955 4407 1413 4197 1798 7147 9206 4520 2932 8253 8991 4108 427 7 1247 5079 3355 3259 6507 6123 2960 6117 2948 7410 9267 8247 9650 5020 6845 1835 9289 2771 2856 815 9985 668 9942 6474 7089 1878 381 8815 9597
9718 3973 15 9369 0 7028 4701 3859 4343 5169 6748 6600 9414 212 7985 324 9349 3960 8648 9336 8707 5960 5061 5659 3941 5652 3424 206 2180 8895 241 4423 166 4047 1256 6450 3486 7179 1610 1062 7673 1884 4014 9539 4953 2109 3048 8732 7168 699 1411 2701 6430 6136 24 8343 508 9818 8268 7267 8427 4957 4233 5845 5798 773 4757 1830 1023 260 1270 5059 9042 7865 1363 2420 9268 200 7293 9426 5736 2190 2996 9084 8802 4339 339 1569 215 7838 1439 2542 954 4618 9066 3731 8888 689 8924 7298 6935 1599 5076 6015 8613 124 9534 7120 960 6877 3212 5708 2368 799 1061 9215 8145 2083 7137 2662 1795 1175 7118 6616 1320 6585 4418 9471 2083 6287 1881 3053 8133 4112 3174 3491 113 5500 130 5448 775 3016 5480 3879 3187 5042 4446 1743 6683 7206 309 7888 7879 9176 7513 4577 8283 6905 9180 6024 5930 9795 1890 3458 131 7662 8850 4877 9450 9969 7073 725 3700 2423 1184 5797 7498 9745 9131 9990 8426 9734 6821 7643 100 8760 4195 6513 9480 4330 8569 6800 9793 4958 5671 1236 8402 3157 4044 2695 666 5284 5947 6783 5576 2777 7030 2102 7269 3050 9748 1324 9127 8715 8556 6657 6373 2550 3511 5151 150 6495 6229 3136 4734 1834 8450 1636 2425 8454 1576 2904 3125 6911 206 4812 757 8210 2319 6099 7046 7428 8405 1946 5098 5508 8182 4087 4966 4094
3265 9828 833 690 7028 0 1127 2552 4755 9231 9652 9652 1447 8450 3009 4327 852 2510 7590 7704 7678 2414 2408 6306 5111 9385 9841 3694 7889 5501 525 6692 4474 2536 6065 5396 2576 2358 5646 4120 1881 8380 7269 792 9178 909 7282 3797 4881 9857 1652 4 4380 7957 3643 3861 8072 8577 2554 4497 8328 299 8979 7656 7533 5046 6501 4867 580 6327 9489 8215 7580 3055 878 1511 1678 565 3345 927 6332 5748 4774 5615 8915 8146 4883 434 1939 1377 9325 9814 8109 7603 6467 659 5598 1142 9751 1319 1679 3197 1022 5721 6435 8062 2160 1751 8742 1359 7147 8401 5721 9386 3555 8495 8678 1161 2657 5666 9520 7912 4928 2244 4485 7220 695 3386 2 2230 9300 682 2594 8195 9546 1790 3766 3157 3280 1525 527 8907 7230 8469 7399 2162 3102 1739 8737 5335 1253 73 7763 1427 6942 620 1789 8573 4954 5842 5155 354 4340 6895 9742 6971 1150 9471 6606 323 8541 8455 9821 3041 8987 4046 5195 3085 7730 9824 8440 9731 2394 2240 5030 6438 5507 2714 2501 9041 1400 399 5560 9789 1450 3155 3527 3916 4987 1654 369 2658 6451 2806 2983 4433 5945 8764 2957 3079 4821 3082 4429 4938 3452 3167 446 8530 9390 5878 2396 6334 493 5387 3676 5751 774 7500 6093 3459 7953 1001 9153 4191 4597 818 5721 4465 9365 4873 7946 5007 8657 5346 7473 5263 5962 2885 6780 3045
2028 8835 8914 5998 4701 1127 0 6805 5419 8375 4674 6586 6193 2702 3177 6167 505 983 9243 5594 6178 7676 9112 3731 2545 9252 4237 7952 7947 5730 6341 5348 7968 8289 8842 2634 7804 9669 4362 1687 943 1167 8677 3453 2607 1647 9860 6989 8945 830 1466 4015 4535 3291 1258 4648 3519 2474 4491 5581 6802 2518 9294 5924 5351 2905 2729 7223 1255 6210 2260 4271 6950 7815 1179 9741 4300 3792 9813 5354 1388 5157 9672 1267 7614 9409 3168 1414 6772 9524 2171 8054 4445 7558 1817 186 4223 4622 9545 5135 2338 1600 4413 9225 2605 6397 3116 7468 2692 6917 2753 9927 660 5259 7500 2770 7429 5931 4915 7611 1634 4937 8013 6017 4334 6589 7519 4753 7872 4080 6309 6616 3382 6742 1898 5942 3557 6806 8057 6290 8414 9827 1556 1669 643 895 6354 786 4034 6590 376 4922 816 6748 2613 7486 919 6921 1232 6275 6898 2994 3603 6639 6289 5233 5939 7061 4974 7419 5138 2419 6649 4905 2264 3989 8216 8862 234 1271 2527 9251 8609 6975 8974 9489 5950 8402 6229 4407 5002 9947 1063 6995 2686 7154 524 325 8182 5498 464 4070 9927 9017 2230 2917 4534 8280 3651 1229 4971 8268 58 7114 5693 1836 2557 6545 7135 7558 2946 3929 8645 1692 5723 4549 6097 5275 6770 683 3184 7665 3959 287 5110 6982 9116 1498 7086 4369 9069 8835 9250 2065 9050 4313 3567 3349 2293 3485
1657 4298 4349 4698 3859 2552 6805 0 8193 6201 2187 4446 2013 1486 9706 4976 1278 9175 5073 5948 3076 7401 8748 1041 9469 2766 2066 6059 845 5176 6267 5265 5139 3942 186 6073 9202 1913 6063 9372 4906 7847 6698 5650 3049 8287 4027 2559 5853 5737 9216 5534 3479 7299 8538 6936 907 7125 2777 8127 5430 5402 8305 6946 4542 8334 9677 8572 7423 6225 5222 388 3793 3846 8823 9106 5946 9568 9827 6894 1640 9578 2444 3336 4790 5639 9089 1115 2478 3272 7038 5531 5061 3925 1191 1395 8120 2527 9516 3722 1939 1546 2839 3606 802 1231 6075 7483 5971 9136 7263 9753 1106 6560 2484 7118 4272 3300 698 7660 2860 882 5095 4582 7929 9959 21 2665 2003 3499 7137 6285 3032 9949 1763 7055 3437 7011 4118 7021 9580 6788 1106 9184 360 9865 7080 2054 7542 7113 3745 4970 2657 8752 2853 3253 6603 9150 4140 5955 3898 2125 3087 9811 7902 1455 5633 948 4821 2265 1613 454 6716 4756 5298 7759 7962 231 54 3789 6847 5149 5544 7149 4618 2297 2426 3677 1516 4963 3024 3056 9398 4791 5685 7210 9239 2679 9849 85 1959 1444 9444 280 5635 1618 2867 8846 1357 8001 2877 1727 3916 5890 2717 2570 5940 6789 4553 2496 7677 6373 1972 4829 1721 7772 6218 9680 4743 6687 5389 459 4102 5556 1315 970 7041 945 4746 1442 518 2679 6143 7493 5024 1336 7917 2768 8800 5209
2748 6818 3542 1400 4343 4755 5419 8193 0 584 5412 3425 7923 4679 7856 5330 3440 2811 8103 4674 3820 4178 8870 395 5852 8767 4561 2375 9154 1326 1154 6031 3691 1788 8907 4821 1945 7013 6081 5408 6718 8131 3224 7322 5151 783 7193 3843 9572 6162 624 2149 8684 629 1234 1397 8972 4343 9397 119 6413 1549 2351 8818 8490 474 3667 4334 4440 8292 2101 8062 4128 4132 6749 9167 9645 2648 7625 8835 6599 6123 1604 4763 7921 2879 261 2227 3543 8236 3351 690 5836 9819 1365 4851 8258 9134 8651 5860 2975 7955 9151 1295 9825 7774 7696 2514 2106 9144 3509 7849 5319 4225 7309 9570 2798 4469 9353 762 5734 2722 4932 5681 751 9987 6288 7521 2679 1129 989 5100 8389 5620 9869 4657 3227 7519 8186 6294 4711 8123 8892 4689 2269 1486 6394 9577 5927 6989 3411 9694 5988 2692 5805 7407 835 9234 2241 2610 5413 3136 7269 1857 2363 2614 7543 7983 3446 4145 3018 8291 4393 2637 7588 1711 1870 3488 6331 7396 7711 4564 5832 128 305 7159 2413 5122 8841 1824 6800 2484 1978 909 8199 8108 3421 299 2709 6444 5652 4008 7368 3308 5840 4576 2341 8213 974 3438 9181 493 5733 14 1784 5822 8970 2980 8873 4720 128 6159 1048 6593 4678 7375 479 9174 7743 3898 575 4320 1574 6792 601 6469 5123 3982 4548 260 6211 7675 6861 2064 9831 4420 8142 6956 6529 2542
2946 1486 5472 5996 5169 9231 8375 6201 584 0 9104 6115 160 7435 3119 5087 6320 2767 5299 5343 9895 5050 6750 7879 6273 1849 1699 4849 6699 9035 455 6280 5775 6523 55 7470 1473 1700 9157 278 3472 5675 4241 6393 7204 9855 4239 1196 4556 8108 2410 718 4475 4128 6847 6279 6033 1835 3957 8473 4004 6413 5483 5948 7560 495 4293 959 4959 7456 7919 5777 614 2257 3071 4490 3346 8967 702 8984 2324 8591 7116 8770 7128 5101 2072 545 6147 5122 7475 308 1344 334 9122 6836 282 8620 3678 5232 4668 4979 82 1529 9885 3348 8644 5587 9082 7635 7918 5926 6070 2572 447 2258 6663 1631 2352 2332 9567 197 6549 121 7048 5979 7478 7462 5379 4292 3510 5694 1296 8587 3888 1951 3731 3344 8118 7037 2490 8216 5209 7328 5342 3289 586 1838 1941 1278 7207 6144 3336 4533 5449 5509 4266 8924 168 6195 2628 2109 267 5005 3695 9187 717 324 6671 8530 5447 5374 7798 6139 818 82 9664 9597 7509 4696 7117 8431 8463 9000 4277 2354 5468 9454 5298 9735 8915 2644 3359 7238 9043 1521 4695 2240 6693 4104 3400 1247 8800 9997 8814 9500 9256 9412 8565 444 447 2490 3684 6963 9160 4998 501 3540 6548 5313 7832 9693 5529 6144 7432 163 5093 6270 1329 8549 5328 6136 9014 295 9420 2044 5208 8939 2602 7797 8149 3951 5608 3748 114 4418 9690 8078 3857 775
5080 709 3166 1363 6748 9652 4674 2187 5412 9104 0 5640 7663 8959 5966 6342 3671 7005 3502 7511 3248 707 6899 854 1320 2546 7901 361 4168 5201 5866 5219 5188 1668 2251 5459 8897 2416 869 5485 961 6050 22 6681 9263 2291 8256 1050 4683 6610 4246 875 2760 4184 657 8302 5647 6718 7725 7905 3270 1380 5267 9393 5252 6770 6819 4248 6697 9511 6245 9879 6513 7793 199 1584 6147 7322 7897 4646 478 256 4756 6717 6318 9303 1759 1285 8574 9173 4671 5731 2896 370 7267 181 5297 2909 3447 1350 3459 391 737 5902 2229 3559 2000 848 7296 9286 4232 5939 3491 8076 3355 119 5826 1752 8408 1097 6533 7125 2461 3246 1497 6334 4995 2637 7468 4262 1817 3491 4332 7676 179 8124 1480 1069 3779 2848 9958 6887 2040 9209 5700 3843 3520 7418 6452 4149 8705 2690 8570 6984 3405 5528 9544 8953 4848 6064 5178 4734 5332 4437 3380 1330 4481 4593 5234 3473 5855 4467 574 7326 7375 4576 459 6567 9101 1679 277 1528 5288 3144 1366 6864 6813 343 176 2145 3546 1879 4806 9056 7729 5971 5377 1285 5556 8884 9607 744 6510 3593 2800 3884 6880 3599 65 151 9008 9048 3204 7293 8149 5278 1464 3452 4496 83 9463 6345 719 4336 495 5738 135 1634 1176 3038 848 7435 8240 8365 4552 6837 7067 1168 6073 9284 4869 7049 1113 7061 3757 8050 6618 4896 6413 8409
2039 9665 9491 3039 6600 9652 6586 4446 3425 6115 5640 0 1947 7009 3689 9716 4224 6014 8033 1330 5624 4492 2210 8591 2024 5723 3015 6852 5315 2927 2216 2706 8160 9082 2232 5628 6858 3922 3438 2830 4 6689 537 4422 3473 3144 2783 9851 2244 8959 6576 3905 456 6591 299 8286 2932 832 5695 3628 3258 4257 8907 2800 2023 6691 4071 8386 6008 5438 9418 2129 1806 752 7778 3785 2617 4696 3611 2950 3028 6080 5656 8362 6500 5088 6630 8438 4913 1721 6647 891 7749 9294 3766 8147 6360 4974 7281 9353 5967 1912 2922 3821 1642 4838 7608 2302 6584 600 330 9243 3750 3426 5022 3236 9321 909 3462 8632 1331 3833 8716 6976 4732 5724 97 5997 7603 7187 9315 8323 9687 944 2768 4218 2128 3094 920 6886 8237 1742 4030 1479 9317 5295 9958 1906 6974 8058 7812 2226 8517 3859 6346 2236 5785 8098 5843 5016 8034 5029 4360 644 8061 573 8117 6415 6168 8870 8023 112 6644 243 5018 2925 5157 4640 5221 1011 289 8508 7183 5628 1724 3745 5833 9907 3227 9337 6383 1847 5506 8323 9830 5570 7508 1712 8414 9227 7511 6219 931 3741 3329 5083 5206 7970 4388 9845 1827 6557 4816 3228 9267 7755 7454 1264 373 8684 8054 6471 4470 3913 940 6522 5856 1560 3696 9399 5439 6664 5309 2134 1339 3084 2822 9137 5579 8020 2993 7146 3355 2203 7514 9596 4924 3082 8164 6027
8550 3018 2890 2196 9414 1447 6193 2013 7923 160 7663 1947 0 661 8385 2808 8390 6120 5390 5104 7367 5036 4459 197 7487 4048 4359 8513 6813 4129 2682 3660 4083 9100 5102 8181 795 9841 9879 1571 6663 3750 9145 6725 8485 9328 7543 3512 1987 1866 772 1639 2196 9791 8449 8133 3494 4669 885 8389 6018 9944 4874 8440 8834 2361 7256 8168 7435 5736 5387 7200 2014 6952 6654 8472 4961 6676 7983 4516 1183 1986 484 8372 5212 4330 3208 6135 6251 5893 1216 4268 3736 7076 3159 1231 1706 9400 3304 2741 8612 9645 2392 7770 188 188 3127 840 8438 7962 4902 5258 3282 2770 391 7235 9461 872 8968 1068 7706 6173 4986 5713 543 1956 1411 5431 9667 1276 748 4806 9631 9062 2759 6297 6146 7808 9486 7890 1225 7069 4815 1455 1263 808 6246 5524 9084 4993 2765 8725 3095 5257 5434 5526 1171 1862 6952 520 6496 3784 9166 4283 1955 6564 4722 3939 8514 5032 9730 4363 2248 4952 9318 8652 1163 4032 5851 363 9630 2913 1350 590 3599 2322 2335 9577 8354 2890 26 4918 8260 8011 7066 1280 1061 2425 6961 9364 9202 3147 2762 7244 2364 7173 3635 3256 6854 6189 1232 9886 7076 6024 8099 7985 8241 406 2832 6286 2554 4833 7907 3161 4250 528 6872 472 7885 652 5371 9911 472 1556 9471 4791 646 2611 4639 7527 3016 2676 5431 4338 2360 9016 4608 5716 4747 2676
2627 9984 4672 4781 212 8450 2702 1486 4679 7435 8959 7009 661 0 5015 6240 9364 5722 4320 7655 943 3992 6957 2303 4029 8936 9040 8900 3860 8196 2762 2839 8454 7831 3130 8618 7461 7558 9881 3384 7313 211 9270 4464 9244 7835 159 5299 294 3680 306 7731 9826 2550 7997 6826 1486 8160 5922 6703 6386 382 7876 9472 736 7549 1505 1484 5685 7677 9589 9777 7431 2295 6656 4006 7320 2087 9816 1165 1289 7712 1145 9992 9447 1294 6740 3294 6010 1128 2558 586 8431 1166 2487 2102 5929 931 8531 8961 236 4339 2217 886 1217 3493 5077 7197 3066 236 9138 3518 7081 1984 5926 7837 9780 3556 9071 7617 4293 6265 8409 6978 2600 7315 5527 471 5624 4449 6229 7481 8865 9266 3468 5452 4652 6553 1822 3349 3866 150 6040 6869 6052 5851 5537 2556 4667 1697 3762 8635 2242 4213 5179 5308 7989 2583 578 3374 4356 2210 2684 2801 8510 6733 3705 5685 6092 2444 2082 7841 9503 5466 512 7510 7414 5871 3292 3044 3886 8092 7954 728 2716 7860 9152 959 647 390 2899 1422 2984 9280 5202 7860 4574 9173 8639 9179 4204 8833 736 5152 1046 7718 2163 5604 9 3994 2500 9264 3109 3670 4514 5414 3253 1553 8419 7775 9792 405 7855 7746 3663 1722 8764 1036 8372 7410 3820 8259 8592 8263 5287 2975 2250 5370 8178 4618 37 531 986 5057 6705 1997 2575 857 3296 962
1814 8403 6500 6150 7985 3009 3177 9706 7856 3119 5966 3689 8385 5015 0 8982 2052 6126 6022 4620 7937 8630 5568 9823 2996 6913 5537 9689 1528 9430 3540 9746 9252 1028 1591 8396 3306 1710 6071 1864 280 2237 6190 6961 1444 3967 6106 2224 9704 2 5791 2336 9115 6183 8028 1550 8239 4250 4336 7115 437 8874 2482 5836 9966 5039 5664 5941 3648 2716 3465 8115 222 6777 7580 2668 8372 4330 5097 3503 9198 9728 8803 647 9375 2714 6951 1833 2881 2903 4355 8356 347 812 759 2388 1707 9358 9870 4010 1320 4386 2637 1696 6048 1996 1075 6739 2325 5447 7579 32 7959 7577 2457 3769 6235 6858 7913 9811 1906 8887 4805 458 5752 6341 9627 268 9292 1315 3490 7352 671 3885 441 4960 4499 1261 408 3040 8339 4903 4799 5355 5897 5031 1440 3873 7249 3915 4271 2555 4564 9759 6122 5577 956 5276 4764 3301 9496 3041 1080 6706 8045 4085 2029 8787 1915 6173 5459 6088 9474 6412 5953 37 7749 2421 2460 8388 6574 1870 6671 5181 1289 3750 11 2733 174 116 6474 186 174 7496 8030 6410 2338 3885 2226 7952 2178 7850 9318 2369 1668 5131 6302 3308 3515 2794 9602 7602 2278 1827 6249 3467 5200 7053 7888 5009 536 6595 7696 4608 2238 3371 8683 9195 961 3452 8538 8123 7123 4218 4593 4110 263 1983 1296 9934 8368 8565 8407 370 7280 44 7069 2264 48 4004
3509 713 7460 2108 324 4327 6167 4976 5330 5087 6342 9716 2808 6240 8982 0 4033 6300 3826 3164 7544 8604 3211 2356 8120 721 2318 1210 6073 3631 357 3315 3425 3710 4351 6663 8043 3106 7622 2632 8849 9237 1747 5904 5015 3147 237 3606 4188 4081 5957 5354 3978 8205 3349 1053 7049 3123 767 6991 7061 2294 7022 4940 3557 2173 9065 7477 7746 6976 7865 5414 3626 3328 215 6546 4780 3889 8685 8653 5323 5352 3711 5503 9757 7462 643 9941 6356 9743 6328 7397 6564 528 3880 1963 4637 550 4817 519 3888 6056 1531 9921 1928 8460 9637 6879 5045 9909 190 5476 5821 649 3033 3166 2766 9494 5764 4678 5647 9044 6589 4281 7111 2695 7101 1229 5027 4471 7910 1937 1827 4446 1386 9453 372 932 2011 1266 8955 6584 3325 591 6362 2192 3007 9089 4025 6481 7488 1217 814 6814 2007 6029 2360 3504 9717 7050 6529 6298 4172 8712 3488 4186 3842 2036 8844 9751 2202 4536 6948 3072 1375 6595 3455 799 8368 2897 9165 2192 7662 3607 4833 2463 249 8841 5072 8858 700 5768 7008 2059 319 8645 459 7764 725 597 2158 8153 4568 3266 8078 5385 9520 4472 6280 9212 9872 5004 6679 8520 4029 4654 2077 2105 6901 2642 9331 8277 648 9341 2642 8791 9170 7338 9803 7818 3746 4775 9483 427 1728 1132 418 3597 6812 3559 391 9425 3685 8363 4766 6474 40 5740 1533 9908
6363 3009 2268 4650 9349 852 505 1278 3440 6320 3671 4224 8390 9364 2052 4033 0 3258 2797 2961 683 7882 2896 4612 4349 6310 2314 3223 188 7640 4922 3267 8272 707 9017 2485 7990 9318 9519 7202 5165 8083 9534 1662 5350 6708 9377 9647 9060 2151 5910 4287 7067 6487 8875 2339 5676 6240 3312 9716 417 670 2356 4059 2785 1333 1097 4553 6481 1943 8530 6847 22 3134 2791 1891 9793 1358 7219 9781 5766 793 7885 1911 235 6196 7200 5966 2241 1790 3763 5143 2585 5427 759 7531 3194 9725 3163 6469 3742 8683 8926 9439 9098 5607 6904 405 4778 8943 1846 5370 4896 2777 7352 8590 6212 8697 3895 3755 1480 5652 2789 7657 4021 7343 2510 5156 4723 5720 229 9098 6513 5067 2437 4644 8918 8932 9634 5018 4978 1350 3785 4066 9406 9097 5462 1747 1872 309 26 4342 1789 4282 4151 1498 9027 9355 1316 1783 6650 8964 7619 8153 8739 6972 4361 9920 3934 1550 2733 4195 1081 702 6969 5315 9559 8080 7128 4141 5910 6138 8858 3286 5398 1950 6170 6751 8860 1833 1638 3497 8171 1716 14 7304 4153 5261 9297 351 4187 1200 4225 4667 4273 6379 6635 5809 3513 1009 8746 2135 1651 692 7610 5358 2169 2575 6287 5808 7375 336 1822 3912 9570 3834 9119 5177 318 5371 8580 3167 9624 6541 4902 3554 8771 9435 5043 7360 6828 5007 9922 8021 1452 4775 9581 9617 9870 1119
7208 9677 9494 9459 3960 2510 983 9175 2811 2767 7005 6014 6120 5722 6126 6300 3258 0 9881 8704 8340 7731 2008 9378 4854 47 7295 5163 1830 1715 9391 1585 7350 351 2008 2721 2943 5927 6208 5520 3396 4750 990 6179 7319 7229 3300 4834 7829 6330 1839 121 2870 5946 8649 4697 3528 6681 4081 3164 3908 5653 6984 339 1370 6910 929 961 6962 1039 4888 6522 4464 655 3765 1571 3098 9866 8720 9466 5708 9497 8716 2562 5613 3520 9794 2801 5191 4015 3060 5000 5742 4599 2643 5201 2411 4558 239 8698 5320 4098 859 4427 1568 1882 1964 4379 855 8506 2348 7308 5615 5636 7080 9724 5067 7511 328 5713 9281 1289 1628 6264 7063 3018 5937 7734 8463 5361 954 2315 6264 8976 236 2177 7988 166 1105 1207 720 9507 2284 4547 3502 6497 6023 4278 4320 488 1814 8457 1038 4064 1989 9149 4509 6764 1243 2387 3699 7119 5377 7514 2560 3227 2809 4535 5173 6878 4438 418 2905 4994 310 2095 6418 1838 1347 3298 3403 5945 5043 2174 2106 4076 1251 2458 1755 9253 6160 1571 1795 1997 9462 7099 6278 2301 8551 7829 5741 1838 9683 357 8611 7105 2786 2113 6245 2945 8394 1630 9978 1850 8225 8346 474 2158 8402 8493 7529 7547 4314 7380 9216 3003 7755 4011 2948 7409 1303 7740 718 6092 1686 73 2141 2636 8578 8325 8836 2065 8556 3118 2948 8748 6826 4775 5147 5740
8653 9671 3218 351 8648 7590 9243 5073 8103 5299 3502 8033 5390 4320 6022 3826 2797 9881 0 8179 1987 3000 8036 3268 5393 3876 5955 7090 5250 15 2568 6618 4797 391 547 7073 9206 4899 596 3958 1210 2687 5649 8113 6441 3617 3820 7750 704 515 6156 7239 351 1884 1681 8556 7194 9542 1896 2818 4754 5432 4657 7898 409 2366 8307 3426 1520 9946 7594 1263 1698 7533 9100 8383 1994 6107 5627 6060 5607 4523 2740 7928 3875 7338 1257 1861 7746 4191 1316 4482 8170 4856 1987 4400 9819 2271 5062 9816 8252 3478 8928 6334 323 965 596 391 9055 3428 7056 9959 6002 3463 4765 8911 6881 1518 6864 151 7055 3038 6677 818 5548 8676 2631 461 6975 78 34 5618 5081 6584 5089 7480 6987 3120 1272 2759 4894 6004 8680 8910 117 7215 52 7413 2424 6932 2539 1794 3675 990 3075 5370 7464 7918 4501 5466 3407 3208 2017 201 856 8870 8975 885 7072 2972 2044 6313 2439 6971 5381 7845 5276 8083 2484 3578 5464 6601 4377 5971 9085 420 9127 9363 1454 8221 5494 4003 5507 1131 1057 9826 2501 4130 2537 9082 3320 7153 8329 9676 1053 6306 7447 7911 3942 163 9516 4038 5314 7578 5631 6800 8406 4594 6591 8939 1235 5794 9575 4403 1820 4578 5500 1609 9609 3184 1647 3991 6494 3670 7245 8513 4767 7362 1768 1878 579 5882 5718 4255 4497 8764 6073 5039 8869 526
8371 2344 1219 6490 9336 7704 5594 5948 4674 5343 7511 1330 5104 7655 4620 3164 2961 8704 8179 0 5320 1681 2346 2176 3160 9822 7131 7357 9125 643 3206 6255 8489 3316 9031 9289 5663 3573 6693 2849 6568 7355 4190 5979 2765 4510 41 3864 1467 4844 4590 6382 5349 7647 5203 8279 8601 3886 167 8043 8108 6783 1777 8532 3752 7441 6839 8783 9253 687 2357 3418 7506 6735 6785 1749 6363 1908 9748 4729 838 2631 832 943 5359 2507 1513 2955 4857 2465 9106 3481 771 9352 8838 3926 2410 7639 281 5394 4717 3147 8771 968 4327 3854 9239 8850 341 511 4932 4108 6460 554 3862 9468 3961 1234 6576 2987 320 3399 8115 9477 3621 1601 1553 2863 3612 9948 4192 9076 8239 7857 6818 8273 3580 8062 1621 6985 7060 7925 1895 8100 3950 6375 7331 4319 8279 6294 6950 8382 7868 9177 3756 739 7537 7693 8211 8350 8339 9364 9627 2617 1225 2638 6010 1693 9918 592 2972 5954 8160 4128 2902 599 3893 8272 730 3309 3420 3101 8381 5453 2000 990 4280 8948 7628 611 9370 7556 7051 9872 6932 8879 4502 3825 3644 2802 5349 3939 3032 6405 2641 8161 7816 3392 2393 8241 7213 4324 7750 9191 9505 938 2257 8662 6105 2177 6628 2876 538 4839 3036 8432 2772 4629 1023 1262 7240 4079 4560 194 3265 6440 3134 2062 7784 2911 7999 6639 6913 5227 715 5515 7997 8608 952 4493
1554 8233 2092 5522 8707 7678 6178 3076 3820 9895 3248 5624 7367 943 7937 7544 683 8340 1987 5320 0 4460 3171 7875 5278 1317 6614 1842 8623 8089 3180 6255 1543 737 4890 3306 2213 2364 5039 1861 5201 9921 4210 7346 8181 2686 9271 9048 4408 2753 3540 7931 1155 5823 8559 3965 2424 4914 3879 1986 8867 422 9430 644 1714 7066 8747 1800 8066 4548 3433 6206 4510 1008 225 1799 7827 4037 2914 9830 5667 1556 5630 515 2485 4208 1680 3718 3966 5176 2192 7877 1306 5062 7799 9425 8140 210 8265 4724 4635 9526 2234 9340 6317 2108 2967 7534 5475 2965 9504 5442 9725 3073 3893 5746 2193 5572 503 3725 424 485 1917 3135 6405 8389 8985 2182 2627 8623 4095 9906 7388 4151 2870 1834 5304 5126 8774 1706 9017 8478 3484 1885 5281 6037 8667 1868 6330 4361 603 4991 1215 1413 7333 1894 2978 2123 7636 3549 3577 2330 3774 4516 933 6183 3726 1388 8587 8912 1015 2678 7424 1448 939 269 3212 4541 3143 6038 5952 4677 1479 3951 9212 6626 3872 344 2772 1402 7604 9519 7818 9083 6412 3982 4968 7845 4306 7408 479 4445 4992 9202 6369 6786 8110 4393 3297 7055 4050 1405 141 7057 7046 2762 5481 5195 2103 5320 3553 6680 3218 283 755 3837 300 9250 9647 2282 5452 3918 5241 98 2349 4987 5084 2112 7454 1400 4334 2755 7628 9450 236 1670 2771 9501 1549 1904
7182 3546 2128 862 5960 2414 7676 7401 4178 5050 707 4492 5036 3992 8630 8604 7882 7731 3000 1681 4460 0 1155 9555 1949 278 4401 9550 9844 7207 5595 1645 5673 1530 1124 1058 5337 5436 5542 9578 4620 3758 179 9614 2010 1231 5340 1368 9523 2449 1280 2747 5593 8094 2236 2613 6627 3374 959 6129 5523 7150 853 9358 2224 933 2136 7981 5025 534 3284 9208 1794 5441 6488 2018 8263 7626 1275 6199 2649 6579 3678 6382 7359 5764 3817 4267 4651 6033 7573 4206 5080 1207 1149 3182 4642 5563 6275 6306 4975 4091 2994 9943 8350 8703 2146 7786 8916 2699 3837 5525 6160 5717 3706 1919 523 4294 7038 7762 9651 4100 7586 544 6807 9190 9286 7993 697 9535 8748 1630 4349 3875 3349 31 4844 6542 6616 2863 5455 1918 8250 1124 5552 3153 2473 5922 6011 4443 6607 5303 4021 1948 2250 7626 9660 3708 1803 6722 5041 12 5825 355 5310 9796 8937 173 6323 5439 4104 7878 2776 8688 5916 272 4243 1291 4383 1721 7465 2350 4431 8507 7657 8838 9701 1994 3027 5047 9552 6337 2434 6544 5279 7986 1430 4288 4923 3700 4977 2068 8042 6920 1959 1961 20 1477 6366 2952 1995 754 8136 55 7088 9442 5403 6460 8231 670 2488 7410 275 4746 9314 9029 1010 4985 3520 2438 4623 4017 6975 2588 953 9283 4688 8612 5892 4542 7788 9753 2588 384 2394 2977 4494 1873 6110 5436
5085 7202 5063 7505 5061 2408 9112 8748 8870 6750 6899 2210 4459 6957 5568 3211 2896 2008 8036 2346 3171 1155 0 2251 1172 4606 6715 8682 5596 5356 7017 6231 4273 4579 6724 3930 5150 8438 3218 6287 6025 6038 7063 4457 205 1966 2090 9554 2296 5919 668 4343 2075 2160 7731 496 6555 6071 8567 4467 3579 1343 1925 9453 6 7306 1656 9118 5650 9047 2094 199 758 1310 7217 1522 2805 3778 5141 9627 753 729 4914 8882 2866 1024 7779 8375 1290 7023 2876 2979 4705 3775 314 2643 1511 3834 3141 3846 4605 3020 516 844 9282 6684 5075 6595 1634 5412 206 7562 3058 6970 1318 9483 6956 9120 9240 9829 3398 204 5994 9592 7429 9583 5984 3141 1594 1645 9077 8525 6229 6776 4811 4000 5973 2673 3510 3507 9379 4663 3640 2939 4654 3307 614 542 6109 6180 5502 3702 9196 4104 8144 7670 8921 2307 4832 4813 3400 4048 6420 2812 3189 6127 6243 4186 8303 148 9622 7267 6269 9406 9523 1560 8070 8083 7577 3082 2582 7427 9277 3286 1104 1545 758 1784 9104 5004 7351 4917 7009 5432 3678 3409 312 4932 4790 3563 9257 7938 3136 1500 7587 140 2485 4091 1768 608 3178 6661 1577 9535 5649 5580 891 8009 9025 2283 5656 6400 7504 902 8726 1359 7283 9378 5250 1596 747 5921 5268 1202 2977 6775 9458 6587 3340 4907 4271 2323 4369 5177 8639 3441 1279 2077 9456 9303
2510 3481 6439 9314 5659 6306 3731 1041 395 7879 854 8591 197 2303 9823 2356 4612 9378 3268 2176 7875 9555 2251 0 3989 3831 7252 8900 4237 479 9297 8097 6395 9507 4803 7473 5060 3336 7183 5796 1345 3297 2789 2755 116 5596 2793 2514 4687 3277 7086 7608 3371 9864 1743 9463 637 7436 6133 4408 3826 7041 5898 6180 6644 104 7548 5744 1320 6853 8887 6833 4045 5433 2371 7661 9616 5295 3587 7822 3778 8153 2224 8235 8846 489 8336 5317 224 264 4136 8636 5580 54 8415 6012 5571 4488 9733 9460 3253 6860 249 5104 5676 5201 6385 2163 8932 1173 4142 827 8912 9155 9286 8895 722 8154 8079 3305 5394 1587 4588 4307 1642 7263 7303 6641 9441 8291 8877 2669 6071 8559 428 613 6684 9410 6725 1634 179 297 7351 8612 584 6517 3577 3939 5796 5009 9428 92 1516 9910 8742 7493 3810 8719 4535 4587 7107 4347 856 936 1370 9292 6491 3557 6075 1639 6071 3890 3267 8879 1462 2546 6386 8273 4988 5945 2524 3010 3097 6576 3309 9529 5529 3123 870 2602 7633 7148 982 6080 7033 6459 4525 467 8501 3044 1003 8017 7851 4362 875 2804 6687 3642 1595 8534 2343 1861 4751 2733 5578 9546 4928 8658 9513 3069 7194 1095 8604 9973 9273 2288 1309 9143 3081 2417 7128 6353 160 6628 4003 2237 3105 237 8153 3093 4896 8482 4016 1356 1805 619 4412 4589 8115 3205
8019 7281 3376 6683 3941 5111 2545 9469 5852 6273 1320 2024 7487 4029 2996 8120 4349 4854 5393 3160 5278 1949 1172 3989 0 558 2935 7492 9421 2844 1480 7893 1392 5800 2378 3989 6591 1751 1051 4226 6191 3980 6882 4598 8285 3409 5653 572 8223 9811 4688 5850 7216 8963 7427 7554 6705 7038 8755 4186 4841 3610 4259 8062 4048 8724 2805 8581 8147 3285 3434 696 5738 4025 4997 6772 6679 5977 3849 399 1069 2197 9275 5693 9868 4678 4411 3763 2097 5024 3030 6520 5924 6234 3385 3457 7291 6201 4935 5683 8433 555 7351 50 7067 2027 2091 103 1471 381 9073 9525 1013 8467 3580 9374 3306 6687 6135 3245 9558 362 933 6880 5712 990 6193 3106 7486 2919 462 1429 3115 593 8697 8486 9960 7187 3671 1402 2209 9627 5748 4946 2501 6616 9913 6522 7084 5046 7961 5481 3226 7191 2192 8147 5042 8863 3309 3513 5035 7132 1923 3742 6279 5736 4919 5161 7406 1946 8883 5867 9098 1460 8273 5871 1090 521 4206 6791 8479 3408 9216 5850 1755 5732 5803 2296 9795 5512 4129 3932 621 1650 1470 4305 8058 3434 8770 8003 6096 5657 8100 7581 9821 7522 1568 3928 7411 5128 837 5961 643 8714 9015 3440 5005 7055 7716 5360 3257 8142 2049 7884 4491 9795 6095 9534 9082 1371 170 1761 8474 4232 4801 7002 1739 1245 9219 7778 8715 3350 7767 9571 1795 5953 7143 9156 5531 4119
2389 3500 6302 2927 5652 9385 9252 2766 8767 1849 2546 5723 4048 8936 6913 721 6310 47 3876 9822 1317 278 4606 3831 558 0 1133 6271 9225 2988 7310 9314 6630 6648 7699 9376 3250 8338 5129 6780 9547 2240 6719 567 6973 5212 6068 5595 2312 8733 6746 5737 5598 2936 4387 8576 5841 94 4624 2113 3099 8269 9185 4548 5283 7329 179 7210 2805 7374 8611 1407 7487 2050 4483 3507 4306 1446 1095 8087 1886 9651 4767 1059 7796 1635 1144 6369 8670 5181 1059 381 8637 2197 7275 669 9214 7063 6667 5936 415 6778 8027 9109 6698 1713 3018 3133 752 4771 7287 4948 5431 1863 4139 794 1241 8293 6720 2888 2743 7572 4187 1353 6262 2802 7595 1766 5029 7856 3338 6414 1741 4840 7276 3291 6753 7795 3854 6784 9736 6072 5358 9612 2886 5811 8535 2028 9738 3717 8879 2964 3763 2132 9301 7070 9662 3369 410 9740 5212 4722 6541 3679 7421 1427 1157 609 137 3858 9539 315 2335 3360 4372 9467 4232 6854 8558 327 3578 4833 5290 2614 2554 5738 9982 7850 6595 1509 1773 9895 6746 4664 9153 9142 3416 8448 6231 3197 8478 8507 4985 928 3522 3802 4301 1684 7442 6779 8212 1106 1993 1656 7862 4412 1815 6179 7865 9364 9834 6920 3197 4378 9760 3344 3756 2148 6618 3929 7635 4518 7485 6212 2130 2488 7698 7539 1697 3562 9588 6042 2035 6880 4298 9337 280 6080 5966 3109
4930 2331 2233 3502 3424 9841 4237 2066 4561 1699 7901 3015 4359 9040 5537 2318 2314 7295 5955 7131 6614 4401 6715 7252 2935 1133 0 4835 2267 1129 3301 3692 1465 4268 3027 6625 9273 6123 3055 2985 7710 7449 3995 5414 109 132 1148 648 9869 3746 8974 8938 6699 4044 9599 5491 2742 6737 3915 7763 3183 2123 1164 9011 5567 754 6426 5646 8524 2822 173 4687 6944 3663 5809 3322 1180 6270 4758 9696 668 1144 5369 3234 1510 4386 8436 340 1086 2319 4219 6684 7823 8601 8958 5043 7040 7950 8934 251 9398 1246 971 4094 6564 2972 3166 2950 9306 3358 9785 4759 9292 6801 7918 5182 3203 7894 928 2216 8649 8719 9343 7267 9143 2132 499 9595 4607 6916 8022 3622 6882 4165 9571 2151 9344 2305 127 4874 2434 2207 7135 843 7555 9549 3105 6550 7573 1141 1284 1023 6816 4171 8660 4508 5695 6361 2463 9983 6931 5368 8566 824 4080 5304 3067 7159 9237 1748 672 8940 1308 1312 7489 7530 684 8779 9866 2788 1617 5065 5077 2964 9695 6622 2181 2829 8334 995 2598 1069 8223 7174 6920 752 8264 1210 188 4781 4553 4815 5559 3150 2659 4413 9719 7504 2011 1517 5456 9441 4443 1351 6647 897 9813 6242 6643 1112 4623 8766 3347 4620 9654 1339 4376 2151 2118 9252 9614 7683 268 7854 7442 4998 3482 3184 4276 5426 7453 7295 0 2916 718 3908 5485 8371 6593 3226
8680 8313 7094 6599 206 3694 7952 6059 2375 4849 361 6852 8513 8900 9689 1210 3223 5163 7090 7357 1842 9550 8682 8900 7492 6271 4835 0 4499 4093 2209 433 1146 9571 7956 2617 8053 5156 6528 7482 7377 1227 482 3133 7557 4288 4338 7699 6563 6628 4845 5049 9010 8530 1589 9571 7848 4765 6634 4503 9350 6228 9735 9283 47 416 6552 5219 8558 1146 1896 5896 1029 8496 6117 9867 7277 1067 6658 3621 9536 1690 5835 4436 628 1402 8476 9574 9962 1803 7752 3096 1506 9414 4689 2364 656 8770 8541 5871 7191 5034 7413 3918 8988 64 3320 5253 933 3056 2258 8877 9317 5189 3061 8850 8766 7733 2288 6203 6986 9948 4146 6839 6404 9024 7964 6264 6791 522 4458 6501 3152 9689 3852 2285 6023 6139 1510 2261 932 7440 2202 2910 9250 2023 23 3536 941 6175 2400 8819 3645 6214 2412 5367 4831 4458 7694 854 5175 3863 5613 6213 6569 4409 1318 10 6383 7377 8158 7942 954 1746 2606 4362 8376 1036 2285 7475 2383 3883 2609 265 4750 8660 6614 9571 2069 7103 7085 1211 4135 5541 1398 995 3999 4570 2416 6287 4249 717 3331 2339 3262 4763 3505 3612 6612 2027 5288 2207 4367 5391 955 3144 2869 1389 6197 4595 3153 112 4853 9738 8987 9358 9570 9279 4343 2545 1757 8812 6766 7628 8187 9754 2730 7487 6240 8375 8551 5595 6068 9743 4246 8301 2926 7129 4564 6998
7751 5122 6577 3901 2180 7889 7947 845 9154 6699 4168 5315 6813 3860 1528 6073 188 1830 5250 9125 8623 9844 5596 4237 9421 9225 2267 4499 0 2184 9074 2084 7712 7983 5279 865 1496 5037 9035 9515 6120 4312 5979 8251 9511 2421 2687 3857 3996 3126 7365 9399 6977 6981 9859 466 7663 1336 8049 4158 7656 4626 837 4354 5509 9872 7366 9852 8772 917 5488 9208 517 3125 8838 1982 6020 7871 3795 9858 2941 3265 2346 6057 530 8735 2090 7063 6086 9256 530 1374 5777 5683 8973 6325 5483 644 6249 834 3762 6957 3890 1127 1705 246 2750 8968 6898 441 1566 1701 122 5336 781 4783 5399 1651 7433 1233 1930 7681 1604 5354 5675 1694 4558 2843 7868 8958 8341 565 1874 831 1264 2243 6098 744 3276 1271 8491 6363 5895 1353 2272 8650 4939 6924 5931 4088 8070 5610 1515 3075 2652 1118 7279 6354 4283 1471 7167 6154 560 5293 3221 3294 9780 3753 4383 7099 1535 6028 2949 2621 196 2387 8557 9348 7453 7274 214 959 4209 8212 7636 6350 7664 5781 4211 1268 3436 8516 1104 2172 1493 6447 4551 6334 8202 4948 7521 3531 4276 6608 6937 1278 2181 9281 501 2448 9260 1915 7426 8241 4061 2767 2652 4728 925 4279 6187 4184 9129 7000 9127 3244 4471 9904 7037 1491 9365 9187 1493 7968 4629 7222 9433 2549 3185 9908 9505 8930 1193 5048 690 5458 6456 9121 8038 8292
1636 722 1362 2592 8895 5501 5730 5176 1326 9035 5201 2927 4129 8196 9430 3631 7640 1715 15 643 8089 7207 5356 479 2844 2988 1129 4093 2184 0 9092 8760 967 1668 6358 6350 7079 2498 9925 8561 970 9843 2374 9515 3147 4101 5827 9792 3781 8511 7351 2848 8413 7930 530 1138 8200 6250 2772 2555 8496 5395 1718 6343 1639 6929 1675 192 4239 2135 5795 73 7966 5107 6588 7024 7944 5557 279 9065 3515 3335 7242 3395 4442 2910 1356 6524 7334 1142 6659 5788 6599 4905 1985 7073 1061 2046 7282 7118 38 6116 5350 2623 9262 8155 5419 3949 6109 1806 2084 341 809 2122 7174 1222 1572 4943 46 8883 6239 9809 8373 6171 2872 6913 872 4089 26 1275 4517 2428 254 6685 1849 6221 2458 2997 3407 331 272 4947 6371 4672 4315 9013 1879 392 4979 8559 7976 8379 984 2945 8362 2933 5760 3520 7422 8088 1092 4382 6951 9327 2238 1969 9940 2091 6051 1366 7852 504 7254 2692 7449 9414 2979 8742 8726 6261 2504 4900 801 9442 3644 3317 9955 8841 3262 8906 5761 1899 7398 4608 5314 4435 663 8558 880 5331 9815 5093 2347 5737 1113 2677 6710 5376 2777 1676 1146 7147 9894 6983 2962 7412 2991 7034 3861 6266 1576 4674 7758 5733 3474 7981 9180 6130 543 8162 5679 8058 1443 9471 2797 1827 1751 5756 2708 3531 4616 8373 2089 9675 6916 9672 1801 7575 7658 8298
7582 7674 8120 8287 241 525 6341 6267 1154 455 5866 2216 2682 2762 3540 357 4922 9391 2568 3206 3180 5595 7017 9297 1480 7310 3301 2209 9074 9092 0 202 9874 4323 1285 1559 7215 4141 2013 1352 8969 2297 5727 912 4342 8419 3851 8026 4666 627 379 6846 5356 95 4861 4803 5039 457 8969 617 5651 7956 4128 8118 3258 5594 3482 267 7849 4462 3991 5974 7827 2629 820 5726 2719 4253 2355 6419 141 8428 5566 1697 1870 7730 1295 6369 1669 3799 6122 4503 2463 8218 7724 1073 8427 546 2026 2689 6785 9631 885 8750 3765 3468 2307 4882 6082 2002 1196 3377 2643 9824 4077 6518 4909 5329 9294 7688 6163 4832 7415 5041 7889 1093 2910 2231 6473 1901 8321 9556 6504 3075 1725 527 6375 4258 1797 589 7307 6466 5229 9585 1917 5293 1259 9861 4724 2928 3553 2766 5592 9824 3768 6590 4806 8446 8313 9011 2834 244 5900 3482 8178 5431 4922 2120 7826 6552 3072 9420 2265 6231 7026 9448 4772 1547 2679 9279 4495 5123 49 3990 6523 4657 9520 4698 6484 8930 3574 4607 390 5376 9241 7603 7021 8886 479 3597 7524 2982 8436 5765 9787 7405 2307 8492 3789 2382 4218 9191 983 7748 6990 5581 6351 6108 9587 6187 2349 4531 1531 5069 2119 1386 4610 7835 5243 9338 958 2907 2568 6792 1277 8197 9054 5312 3429 657 8499 8836 7696 9867 2949 8940 3737 3600 3090 2406
3223 595 1767 8400 4423 6692 5348 5265 6031 6280 5219 2706 3660 2839 9746 3315 3267 1585 6618 6255 6255 1645 6231 8097 7893 9314 3692 433 2084 8760 202 0 3190 5143 7940 459 970 4799 8108 1187 232 778 4103 4498 3521 184 3667 2726 5475 2978 3411 9185 6319 5071 3970 915 4150 5318 9752 5037 2334 446 2068 2389 990 649 4880 4345 5266 1644 2902 3216 1056 2323 2604 5200 3556 3021 8874 4072 2850 1596 107 2456 7229 6186 1969 4380 5490 9438 3661 9739 8825 4734 4178 5811 5897 5914 8236 2312 6123 5391 9770 2822 6813 8821 5674 8243 6552 7358 4041 1175 8122 5835 7982 7463 6108 6118 9571 8819 351 4954 430 4989 6757 9574 2854 948 9014 9301 2200 7076 7710 8614 8220 4818 1175 2899 3812 2038 5182 2729 8255 5673 247 5149 8509 3321 9996 9990 7548 6287 2556 1866 2943 4795 64 3579 1961 724 6199 6924 643 9208 8177 7374 8558 4369 1561 3759 348 9387 5133 845 4210 8927 4043 3499 9881 872 6539 4775 5298 9914 612 540 5267 9264 952 4966 8746 1234 579 7706 2157 7266 862 5482 8248 244 1088 4318 7184 1746 6311 9285 614 9486 7884 9608 3545 954 5700 9415 1170 5056 5579 6758 8990 8282 1162 2453 4583 2798 9947 5388 6953 8989 7104 5132 4073 5620 8638 7531 3347 7641 4212 9571 9761 9788 8258 9218 6470 1699 3542 5753 3510 6873 9974 7085
