200
0 5249 7853 4710 2340 791 9680 454 3878 8327 4663 5082 9328 3426 9166 4006 2047 6738 2516 6918 5004 4940 775 6685 9017 9795 8620 5436 6400 6376 3212 8117 5998 3870 3119 157 7661 523 5613 5162 906 8673 5113 769 6643 5546 671 2699 2325 2409 9409 7879 9379 663 3665 8745 1827 490 2402 463 9563 3083 97 9686 8510 9231 837 8821 6985 9158 7618 4601 2985 1987 6303 5585 6122 6069 8769 1696 4925 1924 8417 5376 793 925 5452 8859 9217 5361 9173 9838 386 8029 8836 6703 450 4464 2961 1216 6764 6620 9657 984 5441 3511 5710 5524 1470 628 9264 3537 7679 802 7363 1431 592 1261 1858 5945 9574 2315 558 2069 9921 7252 1442 2996 8644 4292 8622 6710 8583 9941 8502 3637 1824 6111 9572 3480 3351 9688 843 2240 5925 8803 2599 320 3649 8172 4721 4890 9920 7429 6022 4362 3231 9812 8183 2937 1948 522 3250 1947 3679 4622 6789 5144 8333 5471 8105 9878 6859 834 458 5199 860 775 7898 7806 2740 6218 8701 7747 1206 6937 2562 1506 7605 7669 6518 4660 929 8864 1834 2946 8378 3743 1855 7485
5249 0 8291 3799 6257 2173 6661 5669 8613 7420 9553 5942 945 6365 8819 6397 1299 1450 2953 9183 2230 9334 7165 5964 2527 5286 5885 1940 8581 9025 5193 7743 2968 1555 9914 1948 4925 9320 9262 5093 9302 969 7277 9832 9590 1040 5398 4425 1694 5451 3562 8582 275 9680 4930 2014 2226 2790 5473 7466 9570 3066 3480 4828 6492 2823 4271 4096 3145 4902 9583 8621 4088 191 6228 8317 1605 782 798 6717 9066 1165 4081 9183 8693 9717 4306 7116 6236 4985 4597 2724 7922 6747 8269 8728 7230 7668 1764 4058 2093 8891 1144 6393 772 9416 2439 3279 680 9756 2565 5524 3059 8964 1491 2825 7377 7867 3869 3567 1593 9275 1388 46 4192 3559 9127 3040 2160 2690 7329 7689 4063 2563 4202 3316 2731 654 9650 4356 8425 4517 6181 454 8630 6017 2814 3621 4768 7917 3735 1517 2013 6710 2104 8642 9876 7083 4811 2109 119 3343 4194 8134 2374 4781 6231 3413 5143 7269 6750 2785 8678 6768 5660 2828 4614 1681 8170 3259 4763 3248 9857 1853 8367 9064 934 1837 3863 4126 5637 8962 9848 7914 3072 5354 4253 3841 475 7110
7853 8291 0 1095 6350 9953 2203 9460 7804 7602 9939 1190 3122 2448 8862 8247 2044 2785 896 5062 9701 9171 4477 9403 4371 3655 9433 8557 6946 5223 7929 4645 3164 8661 3521 7006 8979 8063 7378 1357 2937 4301 2446 8746 4441 3290 4301 8713 4638 2739 2901 4113 501 9083 5946 8420 8729 1238 6271 2605 8619 5486 9891 8247 8489 6785 6127 7808 8943 628 6832 1726 7241 8987 3209 1604 2825 5209 5310 9341 8341 1747 7083 121 574 8812 5660 8883 3692 7544 593 7628 8717 6345 7012 9322 5764 290 7532 8431 1082 7342 6004 2405 4635 4281 9208 8402 4943 5817 5442 867 8289 1219 1161 6184 4716 230 4049 7559 2549 5431 2533 1997 8798 9708 9858 6455 6409 5231 7735 5558 4020 8561 4806 1276 1167 5762 8546 4595 7692 6133 2859 2320 6884 3151 4353 7713 4365 3446 784 4967 5228 6696 8516 9246 7849 8039 1814 2436 5873 6615 1115 8043 2170 6804 828 7347 1408 9732 3583 7495 7164 5979 7797 7763 7816 845 5965 4473 5125 3200 2815 8429 7195 4875 4813 1654 6221 341 2354 5279 6960 4506 1181 6357 1963 7015 9081 6811
4710 3799 1095 0 3447 4747 4271 7798 7989 2843 5117 5006 245 7488 4595 4020 1547 2108 1669 5973 1783 6609 9163 8115 7666 3218 3436 8759 7330 4603 4210 1619 1088 6130 148 9778 354 7635 5797 8216 5153 5583 1747 421 6309 8293 3716 3035 9840 2820 169 134 6855 282 1577 6921 1823 7969 6079 643 8513 4816 9381 8886 3072 1496 8395 2208 5551 6734 2169 8299 5319 8225 168 8394 9797 9142 8628 3368 6289 1489 4094 7828 9330 7484 8028 5970 2212 6120 9374 1434 6880 4494 7519 850 806 7085 6877 7737 1381 5345 2464 3627 634 5852 1240 5996 2371 3571 4440 7349 9147 2137 8596 4573 549 4277 9042 1496 8611 2226 5556 6743 3673 8415 3654 6474 8173 6583 2728 827 9854 1595 9244 8218 4379 6096 2082 8842 5728 1890 7218 3736 5693 8122 7742 9263 7352 1121 3925 3303 9960 8257 8404 2864 4364 7421 513 6087 162 3836 8874 1572 7118 3399 4591 7759 679 6566 782 6586 4353 5516 3369 4315 9006 3067 4598 2140 442 4203 8874 1097 4557 7962 1767 8523 5049 1779 9187 7201 1253 1003 2141 9827 1311 8167 4922 2524
2340 6257 6350 3447 0 8453 5595 9930 3511 6897 5250 3640 7046 1493 1201 2292 8316 9840 6398 145 7442 1865 4588 142 1542 5785 5095 9526 2991 1362 5045 7566 3624 2505 1199 6639 4299 8528 5665 1454 4186 906 8114 3418 4693 560 9757 9369 6444 4369 1735 4996 7807 9183 9923 7592 9633 7343 6366 4921 7576 14 117 951 2053 3540 3464 75 9207 7257 585 8582 2419 5831 3270 1894 9975 195 199 4089 7984 9044 5990 1872 53 722 1525 6244 8290 3160 9306 1778 5425 2677 6710 7370 6722 8707 1668 122 7309 163 7560 1062 2579 4275 7938 5786 5939 3093 841 7608 8079 5015 5888 3565 7981 8168 6833 5497 6335 9316 7292 6177 5708 511 6681 863 3670 1209 2547 3290 9438 3112 910 6911 5033 7780 3659 6914 5592 7886 3851 5299 411 4649 8456 9410 4531 3365 2960 1541 6444 6088 676 6570 8100 6169 2546 3287 952 6565 2233 7968 9245 687 5045 7279 9929 5906 5777 5711 6156 1201 3834 2217 7840 4980 8983 5232 6968 2225 5984 1385 4270 6738 3505 7207 8715 1708 9923 9177 5810 4367 1327 1164 9752 1169 3573 6189
791 2173 9953 4747 8453 0 7717 9484 2383 9781 9583 4501 7391 1329 103 4759 5123 7678 7049 9264 8488 992 962 5234 504 4939 167 3400 5708 6181 9147 2537 832 1844 8520 7554 5706 2657 7081 699 73 7670 3272 5137 5571 1865 2222 6994 227 4706 7296 9318 9988 9690 8754 433 2368 7908 4947 7376 9165 4276 3122 3431 2317 9584 9528 4765 3612 6295 8141 7242 3030 8879 5742 2732 6939 7669 1299 1519 3137 302 3178 1054 8293 7287 1458 7291 2537 685 5295 3011 6684 3087 8445 2187 4971 4524 8581 2696 5429 2120 6088 4100 3155 6052 9879 8943 378 319 1953 2045 1752 7368 9021 1537 6870 1949 4129 6336 31 2171 4496 5454 116 8995 5909 9681 3699 8168 1547 5184 4113 4426 9290 8 9942 5834 5793 125 8918 3152 6329 9943 8779 6332 9992 4847 3319 7609 4604 3643 573 882 4232 7426 2284 3836 9847 6335 5479 3019 2765 1352 9189 3699 4459 2624 8747 8297 5643 8287 1429 3867 9100 5092 2520 4568 7806 8023 8322 8532 6757 9990 6977 3354 4131 7398 135 7155 2302 601 5585 7422 3006 5145 9781 853 8282 7996
9680 6661 2203 4271 5595 7717 0 836 5670 9106 395 193 8934 8697 2035 420 2346 2667 4197 778 4321 5513 959 4629 2252 4785 4732 2956 9098 6846 2237 6002 5249 8603 4306 7337 3496 7342 765 6198 3054 2765 6104 8039 6662 9578 9984 9603 2623 6064 2632 5101 9970 9173 397 916 2874 4856 4883 406 3472 4651 1814 8610 1842 6844 7739 7778 1407 9855 1029 501 8177 3394 8784 597 4901 5222 1258 1704 7942 9246 1339 439 118 7525 1792 9169 8057 9809 3205 4289 8072 1291 5757 6723 970 496 6770 335 5933 5654 1484 8986 983 3881 9929 9887 7378 7946 4152 379 1032 9276 5442 6118 1485 1136 7006 6418 500 9153 6231 8295 2886 2885 7516 2726 3074 2985 5602 4030 8371 5359 4035 3148 7725 8775 7959 8525 47 2795 1970 8336 2446 1420 4218 6067 1320 4211 8323 6977 9611 1179 6121 43 704 5220 101 6190 7578 4293 4195 2133 4675 3970 5449 5755 389 6179 776 6944 3719 3259 3128 7962 5359 2592 1508 2911 1252 4702 8624 1625 5900 9168 245 3180 1164 2787 3553 3999 6936 3932 4672 1147 6283 6378 7674 3996
454 5669 9460 7798 9930 9484 836 0 3390 6388 3071 4387 2726 8351 4063 5275 9970 7992 3028 2333 6642 3823 7292 4238 9719 8705 9176 720 8988 6696 8609 2329 190 5762 8289 6806 7961 5937 482 2442 5816 7552 9072 3077 360 2048 6787 3036 3376 2546 9428 919 1172 5161 9284 6923 6618 9231 787 5979 2413 6544 3866 1587 3412 5770 7686 5588 6408 6219 6416 8730 9056 1160 8921 1006 962 6679 3062 1263 8942 6125 9134 8484 8939 1143 3566 90 2132 8541 68 7821 7395 3195 9374 1017 8912 1954 4176 40 6320 7527 6440 8203 9612 6288 6155 823 2547 3362 3525 7922 2717 1995 1546 3057 7289 1293 1942 6719 758 2376 4028 6670 3130 7214 5036 9363 455 840 8582 8614 1749 6564 2357 8283 1587 4994 9995 6240 3293 1540 8010 4485 1132 7517 7314 5787 2915 6813 4994 9243 7011 5808 8890 7430 6329 103 6422 2837 2363 9001 8531 9369 4686 6692 3618 1679 9773 6765 224 7872 7636 785 3144 3995 9710 2017 4974 6310 4359 777 8106 7842 3240 1743 3167 8186 7725 7417 5418 919 7038 5419 2347 9259 6077 2317 2467 5265
3878 8613 7804 7989 3511 2383 5670 3390 0 7928 9698 1154 2636 6308 2572 4726 1459 4065 1567 7271 3120 9138 9947 1221 2869 5609 3335 7069 3028 6649 2826 6283 6297 484 132 7865 8388 3304 5580 1557 2773 2848 3382 1626 7063 5738 1158 4204 2502 5629 9180 1141 3801 2482 1439 8512 9801 2991 6662 9318 6309 6343 731 1878 3552 3846 4892 7815 8758 1469 6325 6403 4293 450 4810 966 373 8915 9619 4051 3837 2357 7045 9215 7765 6471 2482 8147 1747 1205 974 7542 3155 1155 3710 4304 233 7436 9940 7976 9251 7408 953 4191 6341 7948 7992 4101 1706 9047 9060 7494 718 6952 6635 7101 2067 373 763 6191 9656 1617 8323 4690 1819 4349 4746 986 3798 3865 9052 7252 3813 2281 9126 5310 449 2779 2941 6710 1242 3119 5713 5466 5511 8217 2409 5281 3702 5319 2515 4475 4196 5590 7711 536 8862 5553 8707 4670 8238 599 1332 4221 9460 881 4708 6663 4569 9506 210 8731 297 4034 7370 4949 5016 2970 8138 3657 7923 8627 2528 9752 2532 8464 1945 5559 3392 3336 4729 2050 802 6650 5935 5736 7774 9868 4636 2632
8327 7420 7602 2843 6897 9781 9106 6388 7928 0 8683 3066 4474 5624 2201 8168 8268 4565 9967 3102 8321 9186 1463 1350 9936 8457 4425 6714 3055 8096 2320 7113 2379 8084 8131 1565 736 6781 2592 9269 752 1124 3986 9333 3427 4713 9476 7905 5055 3350 2580 952 2529 8822 6784 4730 2145 1153 7164 9720 8053 2756 7834 2703 472 3382 5549 8396 3991 562 941 9063 6800 2572 7519 4870 6277 4921 6937 1923 1310 3581 5057 9898 8221 9244 4333 2108 4842 9701 7943 6281 8464 7595 7145 1319 6733 4215 8467 262 7284 7735 6079 7332 3825 1 7250 177 7490 9666 9447 3698 1414 7073 834 7849 8414 5375 3523 3363 6645 6242 8523 8499 7196 6681 2913 6938 7895 2097 6579 8420 6154 2120 7627 4538 6162 2317 1192 7310 212 6872 4626 5188 2445 1816 3093 7524 8456 1846 1299 799 629 4448 4079 7706 909 7799 9193 1111 4318 9723 3771 1064 5537 8103 9377 2901 34 8750 7249 1435 4910 9901 2912 1802 6566 1202 8520 5253 9798 1726 2913 2272 3105 5239 6671 3688 1588 4658 2602 9360 2441 2791 1807 6920 1385 6594 7122 8387
4663 9553 9939 5117 5250 9583 395 3071 9698 8683 0 1071 5526 979 6458 311 6502 2809 1464 2466 9333 9211 7771 2451 23 979 5741 9097 5501 1735 3614 7003 4672 4234 4463 8725 8254 6260 1112 7092 9047 3487 1852 9143 235 6845 1501 6053 9271 2594 9797 2039 9291 5307 936 1349 8172 971 6996 4278 6177 6197 5820 7512 6101 8411 8091 346 3776 3814 8484 7369 8455 1965 5762 2018 519 9511 8116 1279 3704 5780 7030 9315 3612 2888 9464 1520 99 355 472 5517 6515 6200 1994 4039 5038 7798 3484 8674 9108 4469 1979 5903 2487 8910 5339 7118 6109 2647 9491 9490 2282 6745 6168 9997 6631 385 4736 3396 5023 2496 9762 3105 4583 1836 7919 7041 9054 9281 526 9184 1056 5933 6713 1071 4319 5506 9350 91 9265 5408 6962 986 7197 3889 2424 6542 4903 5238 2719 1657 1164 6526 9120 6741 7754 3378 8304 8215 6225 925 5814 4260 9055 505 305 6151 4357 7388 6040 1440 6955 8098 9241 2655 9652 9292 9741 5049 4579 9077 4298 7000 8525 4427 9307 3051 6127 8001 5617 9920 6997 840 3231 4496 8831 6220 8847 647
5082 5942 1190 5006 3640 4501 193 4387 1154 3066 1071 0 3547 8115 9288 7552 1649 1259 2428 9905 1475 8941 8847 9906 5131 631 1525 5676 9515 7735 1737 4896 6297 7074 1199 9341 8515 1776 3271 9113 8313 3808 3673 9704 3515 4171 1368 114 4631 252 8595 476 1203 5212 4386 1952 8265 1699 685 8143 6346 3763 425 2404 7089 3442 8470 7263 5773 5352 3262 3036 1775 6211 3157 2404 8896 7699 8189 474 9486 7582 7419 3355 6335 3052 1059 5424 5458 6149 9199 9911 4400 6457 4632 343 9954 301 1790 857 2861 8940 8066 2339 8410 5437 2661 9316 3088 9113 2212 1803 5760 6498 723 1320 3570 2712 2928 2214 7767 5156 1577 5693 2834 1320 4555 6292 7730 8236 9488 6887 3539 8234 1597 874 494 3127 4918 9538 361 9638 1259 1465 9547 569 6735 7042 9509 3481 7101 8817 3085 5129 5171 3073 4679 2853 9862 4239 6893 9349 6190 7443 4240 3643 6619 4747 9921 9672 2911 3366 9263 7118 3721 4001 7168 2738 8725 9296 7852 380 2639 1202 5343 4458 5234 3115 4244 9826 7415 3554 162 6632 4964 1863 43 5382 3351 2509
9328 945 3122 245 7046 7391 8934 2726 2636 4474 5526 3547 0 3492 4181 6367 2404 4895 7408 907 4174 5843 4398 1781 2613 5452 2584 7957 3653 9598 1721 6497 7316 9479 5142 2345 9198 7176 4215 7575 4434 3973 7675 4515 6890 6778 1067 5913 4260 7984 7700 6871 2577 5119 8581 5710 7730 3869 2413 9306 6822 1539 8244 5310 4020 3194 3004 9777 5953 7516 1351 9689 5099 2319 4266 9432 8287 7917 1120 8975 1264 7400 4464 3733 5851 6353 417 9018 4399 8776 3517 6052 483 5613 6654 1287 217 3424 3512 9214 5995 5947 4103 7700 7014 6914 4523 599 3150 6920 5047 1795 6927 2256 4967 7528 2087 1929 1272 5268 8185 4425 4075 4543 8063 6405 9444 1433 426 5628 9278 6774 1304 5765 4831 8542 3011 9453 3783 7995 9245 5884 4304 8741 9225 2000 4331 4653 8213 4616 996 8103 8838 6878 7917 7610 9087 3732 1873 3148 4961 6796 4098 5289 9296 2606 5403 234 4238 3769 8251 4155 1252 6113 978 3807 669 7698 1945 4386 1118 2323 6830 4205 1043 9032 1245 3730 9516 135 5136 8637 2270 2862 8524 9555 3354 3286 3941 4545
3426 6365 2448 7488 1493 1329 8697 8351 6308 5624 979 8115 3492 0 1518 2216 506 3885 900 4237 6709 8254 785 9179 3511 4410 5413 504 1273 8090 2628 1731 4102 9479 8543 6340 1839 9243 2148 8689 8663 9361 4932 4001 3531 946 3232 6029 20 7614 1134 4745 8674 7871 7361 3213 2398 9571 2728 5052 737 6252 1022 8726 9743 8135 6760 3062 6170 2157 9377 8494 3005 9823 6688 4638 2788 2406 274 287 5732 2483 5510 9776 818 8745 8479 7509 1527 7525 4549 9738 8292 1080 9093 2576 6419 5653 2396 7917 8373 2792 254 9838 4979 2840 8397 3407 9082 3350 7041 8863 5909 9763 190 7197 3201 994 59 3229 6273 117 6680 6441 7074 9717 6168 1966 6363 6934 24 7704 5553 293 5346 7438 8876 4238 9436 4801 4829 6139 6167 1702 2870 9613 1275 4434 3761 109 8351 43 2123 4902 3534 3338 4368 1070 3963 2918 9657 4235 2143 1739 3046 7488 8719 2152 890 392 6020 4900 9193 2636 2272 489 8237 5352 6697 391 1515 3749 1203 3623 9942 2239 4059 8507 1065 5011 390 3254 4281 1712 7422 5908 8930 2848 2993 8174
9166 8819 8862 4595 1201 103 2035 4063 2572 2201 6458 9288 4181 1518 0 2307 3366 9548 6134 9122 9272 121 5219 3756 3535 4289 5675 2951 2217 1540 3232 4877 711 9820 5617 9286 5369 9056 9637 3702 843 681 177 395 6235 138 1027 7182 6777 2824 4696 2289 735 5825 9999 2663 9812 9042 6072 6061 375 5982 1987 2714 7039 2540 3538 1021 7200 5203 3269 4076 8890 7561 4578 3201 7064 9886 4301 7075 1807 4242 8045 4407 8278 9698 1937 318 9786 3719 8418 6708 5542 9989 824 4275 4410 8191 7716 9143 9585 4516 124 5075 3875 6716 2466 6346 2326 6293 862 9949 5447 2719 2829 2653 8786 7167 2211 5243 7046 9350 9937 6856 2922 7781 5786 6250 1880 6058 1263 6008 9052 5490 920 3118 7264 9716 8878 4393 7430 4031 5764 2402 2558 8373 9796 8960 5625 8873 4477 8154 8616 5756 5231 4467 7452 9603 7951 4303 3417 7251 5729 5379 6501 9795 8729 7557 5083 1976 1715 8189 7988 9539 5736 5608 8901 3988 8192 3918 8435 8111 6433 4101 5088 3786 9494 3849 3130 82 2889 4134 4829 7666 5887 5085 1816 8681 5341 6903
4006 6397 8247 4020 2292 4759 420 5275 4726 8168 311 7552 6367 2216 2307 0 7323 8068 8243 8453 9040 7764 1558 7278 5977 8664 7231 6155 3415 5087 5506 1724 8033 8067 8105 4080 1544 4376 6629 2698 2505 3603 2139 3992 1062 4037 2581 6655 7385 8136 6406 9215 8351 9289 1147 3010 6777 2227 7145 3627 2439 3251 8008 1784 8267 2273 8810 6675 9651 7152 577 6192 3235 7660 6068 3319 2913 6622 8127 2908 3654 3964 7448 9671 8588 176 5961 2603 5903 119 8368 4591 7322 4765 9769 9383 4671 730 1358 849 1887 2836 6160 6500 4067 25 8741 9402 3338 3167 2003 9021 5659 6782 7079 9350 9697 4633 7519 3189 8287 4923 672 5171 2532 5262 7455 6786 3828 4555 3295 5020 252 8733 3927 5661 8145 4330 2796 6992 7566 9680 6954 1282 4872 4928 4646 9759 5835 5733 7985 2025 7792 6088 9069 6400 5136 5166 9981 7950 396 2493 4538 3375 2114 8301 6168 6558 5610 6980 4790 4519 111 827 1067 9479 6594 5945 9650 2396 4456 6228 9920 3788 2339 6309 4668 7123 7655 273 6573 4540 8431 2214 9925 3585 8935 7342 6631 9954
2047 1299 2044 1547 8316 5123 2346 9970 1459 8268 6502 1649 2404 506 3366 7323 0 9658 6778 9314 4578 3645 2101 2793 142 2377 2325 5743 5659 4068 7896 9415 3614 2189 154 2790 5533 1865 2310 5213 6032 2056 8576 6241 6776 3241 7938 5475 398 1775 7401 1060 5533 8681 2547 4791 2459 2860 4583 6793 2493 2935 8277 8489 5749 7343 9350 114 8704 7796 2942 2461 2591 6462 3340 1403 9460 4355 53 6613 4658 6367 3747 7994 9240 7114 7104 817 2003 3707 2789 675 5696 3042 3902 8276 5936 1111 210 7496 823 354 1217 1661 9158 2341 2796 6277 7763 8325 3351 2568 4272 3526 1132 9531 890 87 5219 2160 2430 8802 1272 18 8975 6473 6128 2546 1300 7857 5138 2038 7326 824 8656 6507 8810 9392 3438 3231 7067 2614 7991 8112 9433 2210 8921 7007 284 496 7294 1702 1149 4672 5256 2531 9073 8332 482 6433 8707 8716 522 6169 7045 4150 329 1451 1406 3051 6747 1464 6359 5208 1529 156 3875 7170 2262 3340 9585 5402 8244 4021 4715 4378 7381 6315 1297 7837 1881 3149 5744 5517 3614 8535 238 9620 1721 1977
6738 1450 2785 2108 9840 7678 2667 7992 4065 4565 2809 1259 4895 3885 9548 8068 9658 0 5231 4055 6471 8549 1056 3208 4818 9144 5968 7597 2265 3236 4669 5625 4316 4196 6319 6722 5270 7812 5544 3204 1915 6448 1003 5305 561 6924 9427 1897 3089 3643 6131 162 8942 5315 1815 9725 9375 8948 2067 322 2334 2134 6890 5221 1329 219 3387 6502 2903 2500 9761 7787 415 5834 69 2197 3004 7479 8628 544 7235 3166 3222 6540 3361 4746 7099 3438 7920 8683 302 8429 1745 2199 1520 9614 8840 6816 6755 2498 8855 6738 1780 5574 5105 5349 5756 4668 9524 8251 5966 3816 6294 7915 2067 2042 8944 4262 2063 9826 7255 7805 9562 7667 9666 5395 208 2670 4324 1622 5058 5593 2288 9083 1810 2707 7790 3121 3710 2827 9795 8915 2657 311 4499 8043 7378 2559 9149 3044 9123 8431 1394 5516 9950 7983 4754 3848 5829 2279 1807 1915 5401 2407 8255 67 2281 9322 6612 463 9912 1012 9744 9105 9760 6188 3520 9146 3531 1007 3492 1991 8440 4981 1450 20 9716 9532 1353 5684 1788 9770 8719 8128 3010 8314 1121 5193 8927 1972
2516 2953 896 1669 6398 7049 4197 3028 1567 9967 1464 2428 7408 900 6134 8243 6778 5231 0 2402 1921 3927 8716 370 1733 8996 112 987 7181 2008 9755 4789 8339 9379 6773 7229 8233 4429 7590 1413 3897 8839 1278 4328 1521 2947 2970 4179 52 688 648 450 5043 3204 659 6614 548 9864 8809 2165 7633 1473 9048 7039 6062 9088 1311 8962 4332 8109 8536 4490 3807 6566 5969 3380 5949 9901 5479 3675 2629 9572 5002 5695 5539 8317 808 6858 7651 5771 9489 4883 1893 105 8143 7280 3743 5369 4503 6639 7764 2016 3710 3924 1676 1112 4746 4302 9987 8543 7108 8753 4035 2098 5940 8180 6334 5224 8032 2801 9011 6624 4397 8746 6289 3538 3489 4345 2254 1868 4578 7205 1667 6127 5913 1475 8133 4387 693 6458 8286 7596 2759 142 5310 6045 2619 3783 4027 6107 4865 2581 1317 3618 1432 2245 6711 8354 7415 2965 7821 4181 8506 3062 9902 8270 5875 883 9900 7844 8382 2749 9730 230 2523 9229 1206 8045 8721 973 9600 8534 4342 3192 8611 1961 7900 7167 8377 7083 466 7856 2353 8479 4067 7456 1968 3651 8774 8819
6918 9183 5062 5973 145 9264 778 2333 7271 3102 2466 9905 907 4237 9122 8453 9314 4055 2402 0 810 2598 4118 6930 2553 844 4146 585 5366 4018 8900 8155 38 7738 1077 4686 7962 7966 9881 9697 7076 9679 6689 7796 6884 176 2880 7630 7179 6274 8330 6374 4354 28 4736 3206 4471 9706 7576 6285 6492 7538 9367 8951 6759 8173 6168 6823 3462 8029 3122 6886 2664 2765 662 8689 4230 305 1575 7873 1340 8349 3142 7139 8284 314 1345 8286 5241 6416 3624 6704 4121 6668 851 2172 5430 3919 1522 2336 9206 7671 9252 5645 7203 1467 9301 9171 8420 1531 4665 3671 7465 5120 785 4300 5209 4260 2861 5824 9917 8835 5772 9460 6084 5567 3473 1319 2262 7701 3643 4301 2890 2267 3014 2250 2253 7520 4723 10 973 8817 8117 1475 4773 4291 2524 9714 4297 9962 3339 2084 8713 7710 790 9418 2278 1986 4575 2320 4916 1171 6289 1954 4478 1485 37 1059 4938 2589 2149 8876 2726 4739 6889 4303 8505 7814 2242 7381 9658 1402 4271 3789 68 9935 9919 3710 1847 524 3809 6761 286 3299 7005 8311 539 4795 8262 1575
5004 2230 9701 1783 7442 8488 4321 6642 3120 8321 9333 1475 4174 6709 9272 9040 4578 6471 1921 810 0 826 7825 4746 4765 8784 1031 9508 2998 6087 505 985 1745 8230 5559 5294 22 450 3260 6919 6135 8723 1323 5542 6345 9867 4169 5227 4521 1103 9064 2850 9027 3348 6054 3909 5548 3428 7679 7195 2971 4608 519 6872 7886 8724 8504 9633 9810 4204 8133 1484 9504 345 4883 44 9048 4992 7633 2567 5511 5312 3307 5660 4567 217 2518 5887 7614 8904 8522 442 3253 3925 7866 366 6811 9681 6600 8207 4225 4004 1288 311 5879 8179 4198 4853 814 8116 1476 2235 150 6721 2128 9170 6288 4411 5540 7834 9311 1827 5209 3349 4598 5029 7052 4126 6417 9371 9387 1214 8092 3539 7095 1731 9148 6433 6528 7709 5846 61 237 1447 4874 4622 351 644 9512 5105 1878 7351 769 7470 7960 5142 2991 5118 8608 3375 3000 314 488 4914 9637 8551 363 151 7579 189 762 8244 2878 3199 6429 720 1768 2861 4035 3335 8835 1959 1940 6923 868 3229 2533 9503 4990 4406 1762 2623 6122 6466 4831 5447 9666 1357 1793 6978
4940 9334 9171 6609 1865 992 5513 3823 9138 9186 9211 8941 5843 8254 121 7764 3645 8549 3927 2598 826 0 8217 4843 8558 6486 3084 9090 695 3950 2826 8038 3817 8397 5501 6969 3342 6176 9329 7548 9300 4224 1368 6687 6748 3522 5765 5594 4060 3717 8272 9444 1040 3793 8774 4016 269 9307 8636 8922 3531 5270 9183 8194 8674 2560 2285 8236 6467 957 8160 8769 5008 6295 6447 9087 3707 6203 6035 3769 6169 1028 311 1186 2609 4306 3206 4813 6836 1492 313 7120 1012 3087 7993 1631 9062 9953 6187 5403 4249 7673 3763 7351 8830 82 9873 1287 6927 9950 4673 2984 4061 5291 3972 1657 121 2136 6339 9191 9686 3300 1549 9300 6918 8779 5960 1902 5417 2817 9402 4616 5198 7220 707 3304 227 6155 6132 2245 418 9562 9192 1734 4018 8858 1215 113 5769 7194 5525 917 6998 6580 9183 7981 4584 6566 8380 3847 392 8608 4033 7183 2560 7506 8487 7379 6412 5820 2603 7100 9916 8980 5879 2387 3617 7245 6893 8972 5046 418 2844 9571 6177 7103 9051 5525 5092 2043 3929 7351 9935 9183 3828 3737 9225 3515 7480 9664
775 7165 4477 9163 4588 962 959 7292 9947 1463 7771 8847 4398 785 5219 1558 2101 1056 8716 4118 7825 8217 0 252 8778 2275 2688 2346 3813 3058 2545 9107 8333 9174 3496 1307 2856 2512 418 5976 8498 1825 5109 6189 9552 4413 9899 9730 9568 9374 461 8288 3741 7835 1417 9172 6685 9679 6531 7522 1575 329 9991 2311 7634 6738 2461 138 1945 8571 2627 4985 9038 9920 6762 6506 6866 5376 7383 9451 7868 9749 9646 1627 6191 3346 4161 7891 5005 10000 2634 1514 3277 4232 923 889 3913 4018 5700 7266 3803 8834 2194 7194 5745 3489 96 9141 7446 8192 6009 7185 6141 643 5517 5763 7692 3 4017 9558 7631 3382 6465 3989 6236 8199 1981 3689 4488 8953 4186 5119 7985 9282 4296 6734 4077 2912 5592 3288 988 3753 2834 2383 3431 8704 8616 2015 3289 3369 1863 393 1906 9757 2475 1981 2249 9049 2883 8172 1378 732 5070 8394 2443 1134 3201 4651 5840 1606 6363 8657 5904 1385 1763 612 3092 2226 1236 2406 8848 7167 169 555 9280 445 1442 3482 9465 8750 295 7487 6464 8595 6230 591 7486 9298 1915 6053
6685 5964 9403 8115 142 5234 4629 4238 1221 1350 2451 9906 1781 9179 3756 7278 2793 3208 370 6930 4746 4843 252 0 8759 4956 8777 5926 3745 4844 7157 9759 3640 5665 8546 6567 5000 9203 9478 3071 9994 3483 1300 9265 8350 2798 1631 866 4726 7999 8552 6836 6293 7809 9798 268 7386 4977 2411 8474 7385 6117 3819 9107 3011 5257 5799 7899 726 9838 9012 3632 1992 9824 5794 9535 4368 9026 5863 8059 3161 8438 9464 1993 5342 7423 8977 767 4183 4130 9441 9508 823 6196 468 1060 6799 8957 9969 8126 7140 8906 6303 6702 9559 7332 2887 328 104 174 2144 4623 3744 6891 9031 416 708 1005 834 1545 9072 6565 1295 6869 9873 1417 6377 227 5946 105 4723 8965 5056 3804 6408 4803 4750 5276 6320 9155 2247 5206 2895 1073 7050 2800 3523 8921 3060 2219 5788 4004 5824 541 5174 6070 4508 5098 3282 4334 1308 4251 297 1305 9765 9196 4936 6842 6096 3297 7459 7474 5793 490 8495 7663 1929 5749 8257 9397 7723 6953 5503 2068 3482 7032 7960 8074 5043 6302 1831 7225 2794 9468 8450 3644 8131 6166 7863 4320
9017 2527 4371 7666 1542 504 2252 9719 2869 9936 23 5131 2613 3511 3535 5977 142 4818 1733 2553 4765 8558 8778 8759 0 162 1112 8944 2242 2693 9928 5769 6083 2910 5513 6550 5506 2793 6568 5300 9340 9212 8556 7216 6305 2843 9389 8390 5721 6399 2829 5263 2659 62 9618 237 7909 8990 6170 6633 8931 323 6199 8981 2796 4477 495 3119 1200 6165 421 8744 9924 6777 9054 5226 4807 6487 7552 6482 2542 3847 678 7630 6059 1351 4971 7502 8929 1100 5664 2535 1613 9137 542 1070 5561 9525 8531 2970 6445 3134 8281 7991 3484 4857 1077 9776 4942 3451 7612 8668 800 8983 5122 7630 3329 3859 3406 6151 2180 9689 4058 5887 6948 7505 8017 5395 3302 4482 8347 6585 2655 8461 5331 1764 8887 1015 6737 454 5402 304 7670 2268 1893 3753 1290 2031 9564 2729 4739 9286 3502 723 2621 9501 4076 5713 874 7576 7064 368 3407 3803 7487 4782 6884 2823 1863 2418 8507 8592 4521 3420 146 5236 6633 7837 176 1997 7582 4379 9248 3177 8040 4385 806 5632 6583 9281 8840 240 4676 606 1749 6583 385 9712 1757 3304
9795 5286 3655 3218 5785 4939 4785 8705 5609 8457 979 631 5452 4410 4289 8664 2377 9144 8996 844 8784 6486 2275 4956 162 0 6585 364 6650 5226 6810 3673 7260 7158 5816 1509 9360 2713 6357 8699 235 7281 2653 2380 5731 6675 8573 3004 869 3599 2063 8015 6700 3800 8295 881 8111 4740 3359 4303 3818 6095 2587 9823 8851 7532 6160 1357 4741 3760 7687 438 530 2561 6733 6633 4146 8794 8588 1582 4064 7538 6616 1404 7201 1428 839 4533 8507 5398 1312 1768 9641 2041 3758 2563 6998 8869 7444 3616 3088 2262 3073 5028 7156 2355 45 8118 4968 1464 3662 9619 7556 9902 4756 1845 6185 6675 5972 8350 9039 5295 6584 2427 4679 8037 4245 8516 8087 462 2852 6551 48 3700 9746 7470 9477 8931 9472 2575 7286 1582 4763 6628 8602 3604 1948 6011 2673 3041 7508 3506 8638 1891 8381 7471 1940 5635 9097 8634 3728 112 6751 853 5130 5607 3748 7233 9310 1937 2682 6393 1871 5919 624 2614 5062 7779 609 8126 7779 5314 3664 8712 5584 719 3086 6502 8542 1473 9591 6377 4139 6640 5417 170 6174 5186 3658 9478
8620 5885 9433 3436 5095 167 4732 9176 3335 4425 5741 1525 2584 5413 5675 7231 2325 5968 112 4146 1031 3084 2688 8777 1112 6585 0 2703 300 4171 8196 6407 4032 5471 425 7640 165 7612 7375 2227 2922 8940 5107 1225 1846 1653 1662 8038 7426 928 447 3837 2678 5633 8862 2136 5639 1402 9562 1940 8270 1192 309 6691 1768 5452 6788 2413 3513 3217 2059 414 4681 5339 394 7934 3651 5666 4904 1860 9527 7874 1396 929 3719 4311 8239 9397 6059 8301 3966 2021 7537 9956 9771 7401 7175 692 4811 5322 5527 329 4201 3339 4831 3272 5590 3691 4051 2450 2692 3408 3577 9742 1575 8211 6660 671 4643 8312 4091 2786 5084 5188 6175 8628 8099 6918 7293 6289 7165 6307 2120 9160 6066 443 5628 6005 2269 1549 1258 8362 8929 2171 8351 9946 8309 8608 7522 6980 1424 8366 292 9702 7070 4307 3904 1939 2406 8955 2571 5080 9585 2030 1053 8785 8133 5002 9397 1054 3474 4480 6872 2765 2896 6909 1734 4089 9887 6230 297 4425 8004 6335 6139 1155 44 1687 6882 7348 2612 6789 5075 6288 2681 151 6625 2991 8987 2456
5436 1940 8557 8759 9526 3400 2956 720 7069 6714 9097 5676 7957 504 2951 6155 5743 7597 987 585 9508 9090 2346 5926 8944 364 2703 0 9748 58 4190 975 5037 527 8464 6840 8509 9026 9241 8154 4786 82 8005 9666 2445 9059 2366 8209 9335 7427 8211 7779 9299 2487 8513 4315 3989 5294 2446 4291 5277 8600 1734 6164 1299 9654 524 2941 7195 9446 9097 1668 9740 49 1364 2201 1036 5729 9917 4186 5290 6820 6409 1069 3286 1568 2868 245 3644 5017 3089 6868 4152 1298 4878 9640 9858 9621 7483 9317 1386 6550 8545 2128 3674 3900 846 9355 1663 8754 9221 6953 2216 8274 1865 9207 5574 3486 8047 4195 233 6312 467 5839 419 9154 1561 2148 9227 5903 4185 2487 966 3421 590 176 446 7770 9882 9980 5450 568 8922 6896 1163 8115 8622 9276 5963 2508 7940 7960 35 1226 2964 6279 5428 7754 6217 3852 1929 9752 2275 2155 5038 4196 4592 7558 1088 1903 524 5845 9078 190 5730 3995 9862 8260 3884 6482 7873 3972 9129 5183 9315 5367 532 4965 407 96 77 7636 4505 5980 5717 3157 7689 3408 5194 5131
6400 8581 6946 7330 2991 5708 9098 8988 3028 3055 5501 9515 3653 1273 2217 3415 5659 2265 7181 5366 2998 695 3813 3745 2242 6650 300 9748 0 1041 2853 8112 1788 7835 4090 4791 980 8448 9432 1655 1171 5019 8310 652 7485 9231 2651 3375 293 5414 1238 4186 8052 4352 37 2312 4120 2944 4278 2670 1215 7628 8884 8710 1048 9107 9147 794 1420 7077 8781 8930 4172 3409 7955 162 5553 2490 3580 1402 3521 7089 8057 3939 2338 179 2541 7044 3099 2985 9218 6678 8972 1218 8283 8360 8189 1249 2149 3216 3159 5646 269 5219 3531 3571 3591 9862 18 7811 6889 1898 158 9430 4211 1097 257 7108 357 2687 849 1342 2465 2432 5351 9364 5433 2063 6220 5604 9834 868 163 8775 2393 247 3821 9542 4472 5268 8398 274 16 4204 2016 6471 5734 3466 3918 5404 5538 4230 9343 2851 4731 8517 1569 7590 4332 3104 2867 385 5149 894 5174 2062 8566 781 1624 1790 2022 5942 268 6936 6077 1331 7995 1013 3529 4856 4818 6701 7308 9060 7985 6087 8994 2868 5998 7802 1578 8562 7754 7802 2842 1874 3057 8936 2732 8248
6376 9025 5223 4603 1362 6181 6846 6696 6649 8096 1735 7735 9598 8090 1540 5087 4068 3236 2008 4018 6087 3950 3058 4844 2693 5226 4171 58 1041 0 7519 1663 5469 3816 3879 2600 306 1177 5622 2699 8316 7083 611 9040 677 3602 2921 8741 5896 5811 3093 6207 4940 9214 1378 2909 9099 6565 7851 6702 5252 4901 6845 9307 7322 1113 9291 8601 4686 6942 4942 699 1607 3465 7856 9205 3574 6461 2016 3077 169 4204 7061 4014 5986 908 8059 7087 7314 747 5174 8895 6229 7160 1975 1829 115 968 1023 5848 1100 3597 9926 2250 4238 5735 4978 4747 6327 28 2099 1825 8054 1902 5104 4118 8449 971 8919 8087 6032 6960 9942 2506 1217 417 207 2730 725 6428 406 8982 451 9397 5031 6181 612 584 9510 4408 5229 1678 4192 1936 5247 4500 4803 6582 1186 9652 9530 4430 4606 5118 2607 2569 195 6480 7989 1622 501 4485 3090 6435 6188 8803 5091 8964 9451 2164 7262 3829 6988 7067 1450 8854 3036 5181 1883 9450 7725 5293 8541 4542 2661 9630 7847 7824 1758 1691 145 5942 3828 3877 3227 7479 257 1526 7603 8798
3212 5193 7929 4210 5045 9147 2237 8609 2826 2320 3614 1737 1721 2628 3232 5506 7896 4669 9755 8900 505 2826 2545 7157 9928 6810 8196 4190 2853 7519 0 1624 6410 6371 1763 6081 4197 8625 8695 6404 7270 9620 1317 3874 8440 6178 4176 6077 2659 7552 5149 6669 9121 4276 9986 7971 4931 8309 9429 3009 5928 9145 1056 7780 2313 7069 726 2189 7756 3382 5112 7721 4633 2547 7418 9137 1782 9285 9926 3592 2593 6074 6736 7580 7823 1417 4953 5534 8230 1197 2075 1834 512 423 2068 2105 2146 8992 386 513 6623 6507 241 7599 939 2128 4613 4341 6194 9116 6891 9297 7264 5484 9107 9301 8720 6360 3258 966 9813 7299 7636 6835 9876 8925 8345 9063 2505 4858 7301 5694 6056 9360 4181 1247 3367 2711 2493 9730 6211 8703 1161 6363 8153 4940 689 5034 3808 4174 5679 9951 3225 6676 5666 8720 7239 4890 3161 6546 3560 2175 6582 8836 2658 532 8834 5375 7857 1985 9430 4040 6428 7222 7064 5361 1959 9511 2579 8300 6534 699 2946 1948 8957 6034 7570 1560 9645 8710 3034 8843 3988 7020 2889 7901 2824 9419 652 6866
8117 7743 4645 1619 7566 2537 6002 2329 6283 7113 7003 4896 6497 1731 4877 1724 9415 5625 4789 8155 985 8038 9107 9759 5769 3673 6407 975 8112 1663 1624 0 7270 2393 3900 4498 9197 1179 2555 6283 6905 6094 2765 8303 5729 1102 8261 6669 4484 2370 6157 3306 9914 4790 4232 2070 4101 9550 3575 6320 900 8569 1163 5738 604 1515 8074 7264 5366 968 8479 5813 7356 2187 4428 4081 9928 3129 9686 432 1109 9308 8185 8143 5359 1798 9822 3088 8032 2336 7819 7863 652 7238 54 448 1711 8476 421 4430 4616 3575 7557 8631 5772 658 10 1103 3891 1550 5340 3323 4542 5166 9455 7121 3792 7516 2337 7310 5461 9518 9598 9795 420 4611 7252 6877 4193 3958 7609 3881 7392 7016 5000 4478 9902 1628 8770 9410 2366 6195 1481 9901 7938 4457 7041 25 2864 1389 2232 4678 7241 8077 5417 5252 2431 2191 2099 7698 4488 1822 3312 9033 3733 9200 514 293 8820 3257 1096 5922 5273 5308 7922 8414 490 8318 3842 6579 5234 373 4871 5417 43 2222 4683 1823 1920 2021 5925 1011 1843 9036 9329 7161 4747 7890 6958 7713
5998 2968 3164 1088 3624 832 5249 190 6297 2379 4672 6297 7316 4102 711 8033 3614 4316 8339 38 1745 3817 8333 3640 6083 7260 4032 5037 1788 5469 6410 7270 0 582 29 8007 8465 8243 4569 3695 4290 1034 6648 1193 4749 7219 7843 486 8299 5045 9613 4124 1061 2787 4806 1321 4668 8726 8017 3225 1667 7978 8394 7673 3748 7685 8609 1750 2712 1510 4326 7919 3127 1638 4338 4585 7055 7628 5491 9417 3269 4165 1786 1168 7982 15 9276 4350 2098 7119 5711 9578 2084 358 1471 6536 8358 4115 5263 1635 1678 4090 4833 7723 6108 9020 3780 2657 7960 3460 7260 6468 295 4294 1155 7598 1813 4858 1222 5165 5279 4704 7580 7776 4454 4889 9150 2806 9858 7752 5622 6913 8804 8748 9946 6509 8787 6525 113 5258 8663 1343 2389 103 5623 5874 1892 9157 6113 1388 3549 7528 7508 8718 3859 9917 6111 6411 5473 8267 9467 114 6931 4265 9796 4354 5290 1192 1497 8064 262 8973 410 9212 4529 5985 6135 543 8994 2415 8038 9352 9652 8477 6735 8294 7902 6797 2752 1495 9253 8322 1117 297 3338 59 8970 7313 4867 1911
3870 1555 8661 6130 2505 1844 8603 5762 484 8084 4234 7074 9479 9479 9820 8067 2189 4196 9379 7738 8230 8397 9174 5665 2910 7158 5471 527 7835 3816 6371 2393 582 0 846 8856 4951 5762 292 5975 1209 8350 5378 1086 7575 622 8572 5325 1967 2919 5644 3310 114 3032 3416 2500 126 9956 8268 3127 9710 9554 9480 6569 9121 7876 2895 3599 9304 7847 5730 4951 8618 9441 781 4183 3002 1554 7993 3126 71 6979 5517 9897 9027 5843 1128 6094 4963 789 2468 4733 6758 5545 7563 1788 5329 8145 5092 7676 7514 7241 6361 8669 1270 3525 2412 1134 282 8975 4005 7020 7480 9612 8752 4708 3637 5437 2195 7066 5802 5976 1479 9771 6634 783 255 696 1054 9767 4183 524 9656 8707 5013 9447 3417 9974 7459 8150 6492 7568 3094 7737 4380 5506 9869 3282 2979 6310 5711 223 9926 6429 5772 6727 2176 3365 7278 4064 9424 473 5161 9789 2076 4696 3558 3590 810 1634 8909 1578 4867 815 258 1729 3189 9626 4617 9314 3323 1363 6070 4121 6579 833 2060 3822 744 6371 4543 1669 2780 2019 493 4388 1949 2562 2952 732
3119 9914 3521 148 1199 8520 4306 8289 132 8131 4463 1199 5142 8543 5617 8105 154 6319 6773 1077 5559 5501 3496 8546 5513 5816 425 8464 4090 3879 1763 3900 29 846 0 3484 3739 5275 6988 5787 5375 9013 1574 7332 1020 5304 5866 826 9710 7545 920 87 7402 4680 3612 1086 8836 245 3013 8802 5498 3184 2065 7494 9960 6895 3145 3058 9371 5992 9069 4178 3086 9443 9329 71 1864 6770 380 2566 3714 3143 2935 4089 2770 2799 6786 421 2269 50 520 7371 4531 8375 741 1095 2356 8217 7262 3239 9670 9350 5753 5430 7522 7383 4762 9012 2047 4704 3594 2283 2280 1621 63 1028 4339 159 6249 872 1341 1821 8748 2770 1211 928 8956 7238 34 9706 3603 3854 2900 4172 4053 7814 8638 299 843 5376 4970 8589 6589 9803 6832 8410 9870 7110 9666 428 4427 7107 1030 4046 5498 420 9019 9881 6286 8286 3004 3144 4167 8934 4727 9451 7020 8484 402 9541 5737 2522 6932 759 6438 9062 6388 2881 507 3158 2398 5801 1254 6259 6458 7968 7441 3519 9477 366 6903 5245 2679 9235 5870 5868 8218 1070 2336 8709
157 1948 7006 9778 6639 7554 7337 6806 7865 1565 8725 9341 2345 6340 9286 4080 2790 6722 7229 4686 5294 6969 1307 6567 6550 1509 7640 6840 4791 2600 6081 4498 8007 8856 3484 0 5961 7733 5069 2328 2485 2176 2680 1971 3503 1691 6956 7080 1518 1328 1192 693 4985 3873 6852 5443 5169 2967 4093 2460 2296 7803 381 6668 8237 4777 8094 7522 9339 4193 1395 6984 8207 9171 9262 4300 7668 4645 4632 1111 1703 3256 2984 4013 1452 2100 6246 2043 6242 7956 1199 8354 5500 1820 4774 6876 840 6742 3102 807 1052 6923 3047 9063 827 4937 9786 4756 5882 3656 9284 7678 8275 1619 5544 2776 9920 9597 3309 5301 3088 9230 7253 9745 4274 6253 9559 9995 8755 7716 5881 8136 8542 6904 1444 2091 1388 1672 979 6861 429 193 7641 8734 4916 4453 9044 8770 5060 8296 5399 1587 4168 2389 3049 6386 7410 3205 8291 5467 9504 1570 9845 6052 7106 7274 1321 7033 9793 6016 254 8959 736 4179 2954 5008 2661 513 4242 754 7534 4825 4803 1250 1124 4252 4640 7119 1223 6128 9026 9420 4999 3386 5500 5018 296 1513 3379 2522
7661 4925 8979 354 4299 5706 3496 7961 8388 736 8254 8515 9198 1839 5369 1544 5533 5270 8233 7962 22 3342 2856 5000 5506 9360 165 8509 980 306 4197 9197 8465 4951 3739 5961 0 1915 5821 3336 211 3508 7215 1964 9866 373 3669 1997 9156 5684 9902 431 2337 8994 4098 9743 3356 9854 8336 3354 2801 6613 9474 8745 1692 5670 9057 2120 3634 5398 1855 3808 9395 1285 7186 8922 8995 5548 8118 3424 9006 3851 5704 8422 7190 4715 2883 4227 2476 4712 4199 5572 614 7054 525 6423 7002 3666 3517 2752 7948 2783 339 7119 6187 5378 4314 4488 3039 8390 755 9345 9229 4156 2477 8119 2069 6160 6756 1146 8249 6120 6443 3495 6305 5158 1501 740 4576 9704 253 880 4006 866 579 1293 3895 7201 2461 4047 8991 8155 8277 5903 4847 4978 8844 1212 7594 2766 2594 3663 7503 2762 8135 2233 2590 1421 2802 6226 9140 4080 8183 2454 6062 2125 1192 3366 9170 4134 7093 7780 7052 3904 3831 5020 2115 4355 9497 6214 8405 6393 7778 4444 4125 7422 8752 7379 3833 7046 8299 9655 9533 3899 9254 5095 8002 5134 7202 4348
523 9320 8063 7635 8528 2657 7342 5937 3304 6781 6260 1776 7176 9243 9056 4376 1865 7812 4429 7966 450 6176 2512 9203 2793 2713 7612 9026 8448 1177 8625 1179 8243 5762 5275 7733 1915 0 7482 4299 4338 8490 7846 1684 2452 7638 3325 3168 3485 9633 1746 193 5786 4531 5992 5308 6448 6766 3509 2566 9121 9666 8700 8654 3675 6747 8034 5634 4783 184 9466 3392 6602 3382 9586 3680 8720 7601 7357 4866 3946 1245 9091 8351 9609 1790 2887 465 1292 6106 5076 4580 9179 9842 3721 3741 865 2512 5311 7939 10000 9305 4106 7027 3767 3035 7807 7511 8704 7025 8822 2702 9472 3039 1271 546 999 3634 7074 3062 9399 9364 2531 5884 1395 6479 1296 7162 5437 7166 2228 1010 1043 5572 3140 5614 7223 6587 6738 9247 2362 3881 37 2300 7158 2005 5009 2152 2126 1806 1638 5790 401 9041 4658 6536 4894 2972 2987 1177 9648 6821 1620 6258 2716 2977 8774 4573 4289 9630 6987 4506 6039 4684 6824 3996 8778 4770 946 1125 6497 5182 5540 7474 1787 14 4646 111 2128 7969 1837 9077 5104 3841 537 5651 5077 4058 2101 9908
5613 9262 7378 5797 5665 7081 765 482 5580 2592 1112 3271 4215 2148 9637 6629 2310 5544 7590 9881 3260 9329 418 9478 6568 6357 7375 9241 9432 5622 8695 2555 4569 292 6988 5069 5821 7482 0 1904 9997 9585 4093 3876 5102 9114 341 3969 4126 4868 3314 1572 8100 1265 1270 6201 4600 8676 5097 1543 7321 2006 9332 6492 215 1497 5469 5936 9944 3046 9048 5225 5419 9186 4774 920 1882 7736 4285 2306 5412 6810 9732 3121 6854 3700 2595 4327 2143 2429 2087 7122 9687 4655 9829 7261 7560 5533 627 4394 9374 861 8305 2589 2114 8965 979 5281 9211 3755 7950 4421 6235 7045 4577 8803 4998 1981 5221 6007 520 3907 9841 1518 1475 613 7138 1402 861 9503 7559 4684 4070 2144 8401 6140 9062 9658 926 535 4788 6621 6581 2027 9567 9349 8730 4107 4825 8453 7984 2071 3109 7543 3068 4858 8629 5317 939 9538 7333 6067 1282 6649 6567 1988 2632 957 8800 1867 6794 6911 5926 9076 8737 4343 600 1093 3431 2945 7177 2529 5172 32 4910 330 5003 9244 5108 1147 3454 3438 1170 7915 3661 7870 5362 8282 7925 1760
5162 5093 1357 8216 1454 699 6198 2442 1557 9269 7092 9113 7575 8689 3702 2698 5213 3204 1413 9697 6919 7548 5976 3071 5300 8699 2227 8154 1655 2699 6404 6283 3695 5975 5787 2328 3336 4299 1904 0 5313 4543 4726 1978 853 1601 5122 1492 2044 6931 890 921 6193 6968 6015 4373 7549 2936 5322 626 7679 3167 5843 6759 2553 4441 3561 9852 6228 5003 5569 4931 9049 7266 6776 2079 7919 9644 7868 9663 1592 5383 9310 3654 4199 4793 2329 3292 2046 1239 2684 7478 736 7839 9882 9898 1901 9253 4110 6770 6850 4021 1139 7423 1688 5485 1819 8625 3564 1778 5279 6235 3541 2670 3906 4337 5283 1762 8262 2310 4598 6313 622 5493 3173 2902 6178 2091 5543 6502 3852 7134 571 3022 3030 2506 8894 7654 1379 7267 3036 3396 3219 8464 6141 6641 4947 7737 6340 2158 7133 706 436 8274 7158 3589 3967 8094 2994 6424 6573 5476 6796 9842 4782 8904 9898 3054 1515 7468 2114 2856 8854 9742 8694 1678 728 9499 2048 7147 4198 6963 8286 8143 4856 5778 6785 2371 9443 2955 5929 5273 6518 9565 9471 485 9286 5531 8042 1508
906 9302 2937 5153 4186 73 3054 5816 2773 752 9047 8313 4434 8663 843 2505 6032 1915 3897 7076 6135 9300 8498 9994 9340 235 2922 4786 1171 8316 7270 6905 4290 1209 5375 2485 211 4338 9997 5313 0 6020 5947 7026 9634 3268 2850 7307 6321 4403 6731 996 2383 3921 7347 4218 5010 868 392 8773 1765 9180 6477 7071 6711 8851 6676 5005 3936 3487 9406 7646 9659 2740 3868 7029 8168 2540 6516 6673 1994 6684 8977 8337 9802 7089 3443 5010 2319 9488 7984 1619 4360 2750 7958 7097 7884 3954 4058 5416 8506 8175 652 696 2962 3204 8092 888 4945 7504 3289 7231 3838 3663 4779 6036 564 506 7600 172 8315 5403 7343 7155 3908 5182 7151 7066 9585 8367 634 64 8183 7585 4126 9697 2118 6420 3586 3987 8611 9587 686 4705 2914 8977 5452 1091 444 8602 7778 2801 1505 4587 9141 6637 3003 7922 7385 5282 5303 9054 9702 6759 3628 338 3066 5698 259 4265 6787 347 9782 7756 9277 3899 3728 2655 2041 449 3043 8727 6242 3664 2478 4601 8630 3893 1343 5450 8006 4925 7217 2850 8644 1514 1046 7028 7790 4268
