300
0 1326 4237 6472 4298 1263 1411 878 8429 8474 8584 2490 5875 6829 1309 7967 5885 3937 4416 1707 360 676 6319 8125 9414 9802 9973 9757 6427 1001 7672 4153 7626 5243 2858 3972 1514 8065 4394 3330 9863 1285 406 8621 5758 9543 2107 8874 2628 3542 5217 4092 6815 3124 1318 991 4363 7639 2424 3133 6568 6538 9962 8781 7749 6671 7768 122 3009 5877 9993 7386 4106 3664 3372 7038 2719 2166 8032 9139 373 1694 1644 9384 3693 3816 3027 3301 3771 1925 1617 3958 5808 152 360 4215 6203 8557 9775 9682 8847 2801 7797 9127 1051 6649 3423 9332 8767 8756 7886 1235 8693 3993 73 9132 5847 7112 9249 2788 2611 699 6915 1782 1047 1081 2288 7531 1327 7576 1467 6705 6528 9418 5852 1721 2416 9526 1030 8268 2845 1140 2596 4182 2919 8589 2843 5777 2160 765 5464 3781 7337 2553 7551 5701 1369 9353 6722 3510 6382 175 1111 9203 71 3951 7539 6657 931 1960 7882 668 4246 6239 5088 8687 4198 3319 4146 9947 9473 7027 3032 6984 7903 4059 5684 4373 7604 481 5591 2085 3753 1207 9092 1507 4283 3236 9681 7403 5842 816 5537 7504 947 5941 2974 9125 6271 1856 9777 9596 3485 1855 4539 6548 1827 6119 6128 9444 9288 8099 4566 4351 7724 5120 2666 8023 968 1004 5898 6503 1129 4614 9084 2600 142 9992 6863 202 5679 7769 3509 7642 2391 5049 6379 5777 7300 6524 1749 2748 7845 6798 2129 443 8724 6793 2057 3262 5212 8962 4445 2768 3195 8038 3279 2849 7478 2317 7103 6824 7657 6829 7199 2584 9667 1392 3337 7994 8657 7105 1245 899 8287 3935 8716 3620 2428 7745 8858 6107 2422 7719 5032 830 6363 9677 5897 3312
1326 0 2765 2195 8089 4194 9970 3176 1570 983 1590 2467 8209 8367 5610 3398 6121 6435 1459 6649 4196 3862 2006 9743 9904 4605 8091 7493 8545 7900 2078 5249 5954 8325 235 5713 4480 7578 7827 8161 6942 9912 3994 7093 8790 9611 1328 6022 9715 9475 4867 8547 4301 7564 6990 9062 6246 1599 9029 9933 5938 5193 4616 4722 3101 6558 4811 6995 1609 1901 9262 7532 9386 3401 7895 6221 6029 7001 8721 3749 9938 1878 7188 234 3467 6272 4344 4599 8641 315 300 2174 9187 4935 7069 3772 6585 5952 1731 5219 7807 5205 1867 2681 8957 9612 1758 2599 1062 1034 1550 7926 8870 590 2015 2582 609 2921 1718 3384 7792 4947 2953 5798 8301 5524 8096 8980 433 2009 7631 8854 900 6734 612 1101 682 5352 514 3387 3088 8604 5556 1739 9915 9827 5032 1578 3137 3614 496 394 7020 7427 8797 5784 2806 9083 618 4224 6138 3439 3642 723 278 7918 7004 825 7895 9963 8447 2171 2939 1985 2656 4721 7534 6183 7829 9477 6729 3398 8064 3926 1337 4362 1496 6495 4230 4428 8600 1491 1057 9890 1815 7925 6165 1832 5992 5789 167 6502 8750 5746 8912 6508 8543 195 1532 3268 8530 8750 3751 1993 2184 9735 33 8591 8725 4510 4087 8283 7157 1819 8711 175 9943 2533 1941 1291 507 7415 9131 3563 2086 7266 7018 1357 6898 8846 8530 1564 3927 2003 3836 4055 946 994 2979 6408 2998 4097 4919 437 7414 8011 8012 6584 4947 8875 7820 780 2808 802 4872 2413 1121 1167 6381 927 5141 4674 6100 2742 4300 7011 4795 917 7425 6120 4255 3852 2520 5152 7946 8334 9799 1992 4393 9575 2457 4434 7371 1310 8573 4385 1729 3577 346 6708
4237 2765 0 5484 4118 4118 9174 9152 7059 449 1088 1543 3333 7783 7363 5787 8177 6584 9938 9267 8523 3286 242 6141 2907 3414 3875 5347 4167 8608 8628 3359 1232 9424 3989 4908 5734 8469 5214 5552 3097 534 3496 3657 6309 8747 8618 4615 4558 6140 4015 1620 4919 3161 565 8358 9975 6931 112 7161 8969 918 2827 3840 9380 9487 988 1710 5338 274 7062 94 1522 6749 7282 5801 8069 8193 6662 3041 9725 8730 4110 6354 494 4194 4436 3392 6506 170 454 8572 7083 9214 7916 8258 6029 9840 3237 1029 2781 4890 9406 5035 2521 1770 1143 5590 6403 3884 5198 5057 7054 9246 2124 666 715 3194 4779 1731 4514 386 5647 2126 5186 2676 5153 7665 8090 7806 9493 6974 7951 6438 3734 5921 4457 4429 8245 7751 1766 3990 4421 9860 1476 5623 5967 7994 1398 1199 7330 8380 9073 4837 9472 5810 6257 9523 5953 3932 667 3542 9567 8085 7943 2559 1006 5434 5481 5061 818 5988 9351 9836 4104 7814 1373 3672 3668 5055 4051 6738 8599 8182 5997 6176 2540 3962 4385 3354 3432 1374 824 1787 3820 914 9969 6748 49 9156 5877 2167 9784 1281 855 9791 2116 4094 4231 4242 4941 6984 9174 7980 7444 7541 2658 3441 3895 7474 4922 5582 9368 8950 7170 5640 5408 8008 6421 6983 1538 6499 6790 8507 1633 7466 4102 7896 5005 3901 97 184 3813 3996 5758 7326 3071 6593 1701 9409 9590 2030 4246 6113 2069 6715 5052 6927 7966 9038 9118 8393 648 7381 1364 6013 9677 7970 430 8662 4196 483 3798 4994 7000 4204 7759 2986 5732 694 3111 9448 7773 3940 2824 3707 8666 2394 9494 3076 1481 9311 6531 4788 70 6909 1539 8945 7054 1412
6472 2195 5484 0 8747 2838 6681 4808 3885 6609 3169 6645 7651 7961 2144 3610 9200 5854 1364 4810 8656 3152 5 4624 8067 1975 7601 2220 163 4662 5674 2742 2252 5900 5094 3585 4326 5035 2903 5670 9008 7267 5913 7051 5020 4405 454 8777 5600 8110 7344 1662 2449 169 2273 3265 3454 514 7754 198 5558 6295 3601 405 3413 7041 2801 243 8173 7866 4462 3864 1039 9683 5168 4556 2772 2637 9671 6854 6592 6443 1682 792 5468 4530 5605 6527 6784 4644 5585 3785 2536 51 944 3640 5131 2011 3294 7104 5498 4142 9772 1381 9489 75 8371 3551 9594 5992 7101 8912 1274 3778 6987 7848 9141 172 7561 808 11 3928 7185 5424 5747 8024 4109 5092 6119 5657 8277 5758 5078 5722 4843 8429 9880 1722 593 1171 4398 3321 5887 459 4397 306 1769 6967 6740 5134 2801 7979 1741 8017 5643 2189 3760 9814 5432 8619 4834 3653 9444 8135 5278 1727 445 3817 7236 2945 6253 5253 4738 651 3966 1145 9165 3800 8790 5935 6206 8191 1801 401 8015 120 7483 2217 8176 9724 5508 6674 8944 14 524 3850 4420 2241 3247 4339 7131 6656 2166 2459 401 1991 6728 3133 3414 3499 3201 2056 5202 3814 7949 4932 6054 1573 4009 1853 4042 8639 3262 626 1209 3770 9078 6845 9873 1309 5254 9312 2446 9801 2294 5629 2893 7625 9224 5691 8595 6042 6889 5957 7740 8858 6951 3096 4294 3470 2951 6808 3702 9747 1841 9317 4827 4154 7285 5484 868 4447 7176 4442 420 4477 6612 7603 3717 9112 8416 1863 1253 1739 4472 4810 6205 4458 632 7127 9999 1289 1848 1177 6531 717 7065 9062 6665 2176 1396 2219 312 2456 8951 7408 3687 901 5159 9116
4298 8089 4118 8747 0 9509 9307 5751 9616 3443 8510 7511 4207 7476 6433 1256 618 2396 2352 1863 3587 6778 2198 8440 5270 7903 6685 7344 7990 1040 6776 6205 8381 769 7074 6100 2588 978 5657 3436 5499 1041 3838 443 5954 4517 3633 7550 3797 4631 9676 3413 2562 4623 9924 6981 8327 9608 6765 6887 3274 5290 5762 3701 6365 3830 1304 5313 4398 7057 3123 5523 6649 6927 5797 395 6449 4408 7835 8780 2485 9161 2676 8543 390 5597 2758 2054 5360 9376 7649 8135 7577 4824 2879 5983 2787 4066 2901 1295 7467 8804 7109 2482 5876 6270 1802 5096 5795 8198 3696 6446 7992 8701 4961 6561 7636 7914 4304 2935 2649 842 3511 315 7871 5253 5481 4786 3449 9533 9343 6875 3739 845 7662 385 261 2400 7657 6061 574 396 2784 9972 2224 4592 2915 663 6997 8680 651 5569 3125 394 9494 265 3003 9877 9510 9292 5486 1884 1575 549 8978 3262 8600 3106 6913 2009 6803 4809 2681 3757 5069 3230 8349 158 7692 4559 4123 6238 6625 9369 3247 9529 2170 2013 6074 2183 7087 5745 2718 3856 9000 1270 4424 4977 5181 4947 4726 2003 6809 1691 2429 7474 3808 7892 3519 9689 24 6729 3277 5021 7793 4932 6474 7316 1724 4156 7638 8896 4874 3818 6642 4254 4897 1356 1364 7721 6128 2284 3531 8301 2347 7723 8761 7491 6928 6031 7852 3905 9949 6037 6696 4395 2976 2417 9498 9993 4609 7887 6479 3415 249 2596 2560 3793 3735 8955 4002 3091 7953 1245 532 82 1541 6510 953 6124 7701 3294 7926 3878 5257 9206 5016 2420 3729 7441 6047 4611 2755 2313 5904 8459 2364 5830 2221 3518 3687 6801 4863 549 3792 6501 8767 4905 599 6425
1263 4194 4118 2838 9509 0 1681 3506 7988 1766 4594 7751 4297 8388 1634 1451 9819 9552 8757 2541 4354 2217 2491 5909 2298 5950 6449 2302 262 7756 1085 6177 2635 2935 7419 496 7238 1884 7692 2992 6282 5242 9515 4313 3943 7022 8559 3048 964 6945 8975 8103 2200 3934 4003 8026 366 2139 1021 4174 13 8260 4780 8988 6552 3248 5533 3998 9914 8498 1538 6516 9973 1617 5700 1162 3855 1807 4162 9082 1491 9654 9325 7912 3168 1238 5240 590 9150 2225 50 9798 4738 7555 9006 6046 7946 8313 310 7379 3416 1364 6533 71 7012 7796 3826 3902 3765 8225 9681 1334 1089 1751 7579 6159 8634 4087 4659 5963 8528 6199 6993 4505 214 2400 2276 4697 5170 3316 1451 3715 1230 2496 598 4987 8807 5052 7738 2816 7486 19 7252 6037 5568 4524 2598 4445 2893 2878 6902 9375 6780 4296 1833 5597 868 8637 5638 9595 4334 7502 3962 2206 1641 1438 7744 1354 5354 3898 2539 9299 4194 2987 5747 8031 9148 9686 7133 4624 6289 5236 1809 8040 5375 9365 8141 651 6875 1351 6967 182 6213 9209 333 3394 3551 9621 9205 6926 195 3515 9841 7901 9370 4979 8891 6481 4299 7896 2955 1230 6336 6326 4974 9498 2618 5865 7311 651 93 7455 9372 5452 7419 8008 1443 313 2815 7173 4406 2895 4384 1873 9251 1867 1574 1083 7676 4583 8358 9990 8465 1605 3780 8679 7773 9993 7769 3641 228 6776 9266 1748 7594 7717 3981 5838 6371 1300 5786 2985 8981 9124 7166 4040 4391 3584 6331 1930 3629 6693 4211 9584 9469 3242 1963 1056 1842 2019 4861 9945 5760 5273 3778 1858 8159 7804 9676 834 2729 2394 3853 9692 3993 7857 5240 6110 8686 9057
1411 9970 9174 6681 9307 1681 0 1233 5916 5741 9979 2223 5629 9388 3560 3329 1425 805 510 5276 9679 9549 5071 547 8823 9715 8182 2229 7309 33 4514 9695 3700 6180 1576 6557 6576 6025 7632 2330 4472 8906 1955 27 9887 6433 8420 5556 7693 9090 6088 2333 9105 6337 855 8971 3273 6873 5876 5741 4517 5993 6182 9497 6813 9469 7624 2657 2398 2513 2428 4688 5245 2456 8032 6268 4510 7827 5870 307 9029 4165 9579 8121 2045 9076 3898 1407 2926 8994 1212 2154 4121 6167 236 400 8890 8599 8604 7146 3463 8232 5406 6804 8783 6413 3669 8117 9164 8026 9482 7855 6391 6370 1412 9737 9579 4747 530 5579 2599 1219 6659 1678 8154 7447 3486 9998 8686 1274 3402 3663 1184 9797 9039 4667 18 5049 6397 4913 9738 817 6036 712 6824 2094 8411 1088 8076 7130 7834 3530 9613 8557 7982 1104 1384 7667 7816 2056 6477 7727 8775 8407 2665 6286 8458 5283 6311 5116 8972 2667 1606 4729 8237 7363 6240 8013 4944 8536 2605 7549 3682 4637 1484 439 1445 7190 3116 6503 5940 7686 5053 9109 13 9112 1681 6016 5934 7549 9334 3346 3568 9948 5623 4440 7971 3895 2287 2259 7306 8396 3293 1490 6744 9191 9742 1617 3735 4146 4678 656 2179 9632 4651 2182 190 6175 3238 631 705 1585 2090 4847 7106 8839 2333 2773 8816 3150 4729 1333 1296 1681 3098 8948 2729 6926 681 4200 4276 2550 8197 4536 8504 9980 5117 1693 4365 1380 1579 4800 1990 6888 1221 8983 440 5068 3755 2002 8898 9467 9590 9397 1059 2449 4663 1909 9757 9695 2798 9411 1509 5339 4170 2483 9232 763 1028 5154 1620 8980 2910 5659 3667 688 6159 6021 9862 6896
878 3176 9152 4808 5751 3506 1233 0 8485 7110 4819 1409 3904 898 5576 3447 5331 557 7908 6948 9587 8979 5525 1169 6786 6145 1243 8019 9088 8460 528 6765 4605 931 8848 8928 9733 7601 8413 4723 7842 8832 3033 1657 3667 6717 1943 3198 5162 5439 9623 1192 4790 9550 3669 7695 9687 1140 8891 4273 8776 3875 5571 1277 3188 3759 8122 9832 7258 4124 9579 2933 2456 9377 5303 3300 4556 7940 1300 4317 4074 4652 4863 855 6483 545 8726 2238 5326 7917 7636 9913 5264 9801 1291 5534 2290 4927 1786 8012 3796 3528 369 1344 1595 3719 7646 8388 707 1195 8821 2679 8523 9460 5498 9511 7846 3695 7592 3903 9096 1811 4464 7681 6082 1478 2461 6163 9959 8441 5254 5434 885 1333 6418 2213 8093 6894 5871 6211 8655 3307 4953 153 9158 3655 7462 5456 1229 3208 2576 7469 4761 772 4291 2902 8291 8196 9291 2569 1274 3285 4881 808 7822 4675 3482 2490 4907 2190 7944 1061 7552 2131 9353 4364 185 4431 6854 4549 3046 5405 9582 881 869 7626 8222 4223 8364 7970 6569 260 2885 5272 14 5472 8279 4723 120 9525 2477 321 4487 5780 9057 548 1372 4017 3103 4019 6959 4175 5110 1245 1906 3649 3392 9243 6578 3948 8324 3482 8125 1651 9169 7274 6084 6682 8123 1477 920 7595 4513 5777 8032 1696 9147 2731 8578 663 4694 349 1011 8452 202 1949 9192 6611 6003 556 4406 684 597 3250 579 8090 8998 5116 2681 5200 8213 1278 5970 6383 2694 2744 3860 3866 3421 3217 7770 7043 2224 9447 3923 2962 3890 6679 2639 6012 6026 9452 751 1801 6524 6755 9202 6302 8895 2603 4440 4760 5004 6697 707 4591 4716 3293 4015 8191
8429 1570 7059 3885 9616 7988 5916 8485 0 5779 3418 6986 5252 3565 5309 47 7700 728 320 1388 3141 5546 7065 4521 8862 6545 9801 2172 4876 1133 6980 3920 7012 1852 4698 9670 5518 7454 4571 6377 6146 6626 3364 6177 9312 3146 7346 5087 8371 4226 2532 4954 8026 2923 9532 143 8844 1037 9217 8694 3648 6151 4694 6615 4292 2386 2730 6341 550 544 4643 3961 3022 9073 493 3050 4103 4839 5464 898 5514 7706 6954 4711 1969 2429 9400 6012 1412 3076 4692 1930 4837 7169 267 777 3935 9707 7912 1013 25 2022 3801 4793 4569 4322 5370 9121 7801 9786 3427 1476 5877 7917 2645 7227 3395 6655 3517 5421 1617 6722 6304 9808 2671 8152 4990 1506 4585 5583 7701 1697 456 5126 1341 7091 962 8169 8649 6814 9784 2289 2377 2775 119 2329 8374 4789 3326 6002 4212 4545 9961 7370 4081 5311 7293 9361 9578 4664 7163 2460 6086 9190 7354 4805 2174 3038 8257 6773 6086 3613 9061 572 7638 8889 1723 6294 3182 4370 7856 8476 4539 9038 3405 57 9155 9022 7488 5237 7988 6059 8150 3717 4336 791 8966 4713 4890 7125 913 9204 756 2060 8665 1254 9329 5779 9518 4832 4853 4329 1873 4832 3791 4808 5611 3501 9331 2315 1072 1889 6894 6414 861 4442 1653 4403 6587 2785 9227 1911 9309 535 8854 1033 5624 6133 988 5990 3233 7283 8444 9697 2606 3626 6976 9245 4710 8073 8613 8669 8107 7329 254 8234 8031 1059 9164 1114 235 1950 54 7727 9523 196 253 5255 9542 8716 1463 610 736 5896 5871 928 2530 2670 5749 4581 3280 2424 1422 2642 1189 1170 8511 6125 7172 3330 811 9689 9550 2654 2349 2256 6639 450 4720 7373
8474 983 449 6609 3443 1766 5741 7110 5779 0 457 4365 8163 6699 5590 6399 3818 524 528 127 8525 7039 7333 8223 6364 197 9627 8957 1105 7929 5482 6855 9674 7330 3935 8405 5399 2216 6071 3899 4421 6259 9416 9023 5392 7515 1541 2991 2174 5331 6475 7453 7575 7161 9396 5107 8953 1012 1855 7184 5788 2368 858 6388 4114 3781 6352 5137 4835 865 9501 9835 5236 758 4778 6838 4213 4691 7573 1338 9423 9226 2577 5225 8490 7050 1388 5236 2900 8388 9550 5898 1369 4559 1419 2931 4869 7426 857 6179 2793 4308 3657 1947 4737 9317 7097 9670 5907 6771 4185 2223 4769 5033 5924 1998 2871 711 5612 2728 4035 8112 912 9091 1121 758 7059 85 652 955 3452 1964 4128 2680 8836 612 6105 4577 5605 2349 202 7745 7330 6330 6625 979 3866 6557 4406 4981 773 2381 3748 2224 2482 5787 8051 3394 5468 591 680 1167 9558 6948 8555 1858 3361 6065 8190 4184 4290 895 829 5000 5383 6056 5557 2090 5735 7510 8720 574 1990 7853 5233 5545 7303 7445 5636 4371 437 6531 4737 6841 6417 2986 2944 4527 9312 8215 7366 3573 78 4103 5448 9571 9266 8709 2829 7785 2458 811 3515 4636 9169 2036 3989 6425 6912 5745 7479 8609 8129 2249 5872 7573 7214 9392 2887 1057 7800 3529 3289 7964 6982 3151 8041 2290 7671 2183 5345 4870 7654 5282 7807 3325 8797 8721 8933 8615 4171 7190 8691 3773 6539 1021 9009 5714 6099 3877 7864 253 613 1834 6581 3572 9638 8427 2284 1651 6330 861 3276 5258 5270 7764 7431 7446 5428 4881 2619 6576 1285 3700 9831 2567 4440 1850 3315 1455 9561 5488 4230 9713 6362 1661 1444 3594 5483 8421
8584 1590 1088 3169 8510 4594 9979 4819 3418 457 0 3453 2482 2566 1513 9091 1074 9479 2754 2635 1206 3004 7036 6690 8108 4471 2241 9317 9876 2524 497 3765 8180 5234 5867 4985 3124 1855 229 8637 6164 5901 773 31 4538 1584 641 6907 4354 12 3178 2353 8485 1823 7883 5411 2728 8726 6637 7021 9243 6102 8169 5175 5970 9486 9915 8938 5359 8401 9279 5894 8025 584 9789 8918 3097 1715 6114 2637 5286 6979 2705 2350 5301 3562 5971 3768 4125 4028 5715 8530 3844 9847 3724 3317 5480 2546 3949 8222 9205 7258 9193 7426 3189 9973 3973 2780 660 6999 580 8030 9233 6323 8730 6858 7413 6173 4764 2948 2132 1781 2403 3931 7426 3498 1665 5422 3337 7998 4616 2504 7674 6914 6495 6333 5103 8757 5274 35 5158 662 5460 2345 6777 8816 667 3055 2804 1900 125 6033 1689 8393 2479 3748 3773 2754 7539 2793 3486 2425 8212 5539 9990 2342 4925 5579 8855 4393 764 4845 8515 1208 4536 4146 497 9872 719 9458 6346 8174 5741 4597 6594 4177 5969 5675 6660 6712 2738 9101 3627 6736 4492 2966 5670 1241 4176 1836 2542 7691 305 2462 1564 2615 3851 3723 2725 3703 3106 9492 5252 3815 4394 8385 4077 5535 5206 835 2844 9980 3852 3744 312 9077 7507 1095 3984 4852 245 8672 9200 6456 1303 4406 4848 8929 2740 6695 1757 1972 617 2273 6844 9558 9406 9043 6395 5966 9634 4712 2584 8811 9753 1861 5096 3370 2253 9755 3410 4303 2055 9671 9274 8388 5774 1801 484 6604 736 7292 4895 2532 3412 114 7596 7218 2363 2427 1257 3937 9577 9420 7256 8818 5908 560 5538 392 9891 5076 8306 5908 6871 6808 8145 952 6330 4036
2490 2467 1543 6645 7511 7751 2223 1409 6986 4365 3453 0 3534 5292 7115 8365 87 6815 8059 5292 8193 1895 5731 8517 2274 3899 8769 209 2505 4467 5478 2946 217 5001 761 4093 5258 2655 6767 3687 6467 2524 6802 4487 7835 342 5725 4302 477 2167 1088 2042 1477 7413 7304 2940 5906 827 2171 2218 1548 4669 5285 8605 4005 416 812 6595 12 5242 9319 2166 822 5996 5506 4690 2585 7740 2746 7388 4121 8192 8665 4010 6799 3410 4980 2151 9340 9532 8439 9948 7384 118 2842 9754 760 3534 1411 9692 2918 4997 556 8595 1558 9567 1761 6546 9506 8625 2246 7985 752 270 7271 5733 5437 7374 8476 2196 1366 1902 331 5757 4729 2602 6639 250 3448 6272 3096 3474 8092 6851 2893 7407 7104 3682 1118 6229 2755 452 8082 946 6474 195 1414 5452 6169 8861 2204 6430 1120 2954 476 5972 7470 9267 8844 1306 7378 5369 9075 211 9698 7955 3645 6440 7448 6255 8189 3675 1613 5282 4742 2359 3870 8051 511 9044 1472 3074 2837 2288 9567 3955 6965 5758 1059 977 7707 4291 1884 7616 8019 4635 7480 7197 4290 2561 7992 8465 4597 2964 1505 5440 81 6950 5678 9226 7270 4922 6036 1642 8381 2831 9036 1936 272 1789 4024 1182 8610 2328 6082 6989 1127 1509 7632 7010 9518 9820 1353 1195 8365 5252 7085 5951 9041 9340 8835 8032 4252 5340 5124 8907 364 3823 3620 5101 2014 6691 9654 250 3943 1344 9334 2902 1972 5412 4856 2119 2322 999 284 2149 6223 5679 7430 4752 1317 4304 2129 39 8726 2423 847 5746 86 2058 6283 2378 7478 2360 1081 8674 6933 493 3494 4334 5157 8968 2669 2223 8078 1603 8725 3223 4601 7297
5875 8209 3333 7651 4207 4297 5629 3904 5252 8163 2482 3534 0 8954 1826 1432 5974 1933 3973 2939 1857 1230 4148 8457 8385 3066 9472 6088 3792 7815 6399 7738 8269 5601 3133 5227 1593 7635 7687 4116 8582 648 1620 1456 8680 7881 2598 2834 6682 2756 3046 3975 9756 7142 3712 765 3222 2090 1199 1139 1320 1869 2159 6652 5139 1684 2598 955 3711 3556 3 8372 2796 2587 1232 631 1495 8494 3319 258 4210 4775 2115 1881 8040 4595 236 3355 3251 8211 9000 4156 2750 1037 1576 4732 7801 3598 4707 8644 2268 1186 464 530 8679 9657 3282 8073 5541 1844 5744 2975 521 5517 9499 1484 8376 6682 2253 4739 4716 3906 2420 6938 5423 7098 3648 4038 8157 3146 4396 3498 4591 3962 584 1834 9306 1639 4014 9653 3524 9860 1990 786 863 5421 7888 7834 8933 2390 1971 9840 378 9856 4254 546 2162 3192 409 7732 4968 1105 7833 4568 6610 3829 2042 8642 6029 5556 6772 5929 343 2215 494 2381 1145 4367 8499 7564 8016 2683 2814 2895 9773 52 383 4806 5825 9634 6748 573 149 7960 6553 5566 5366 3495 3903 7388 5675 2126 2402 3524 5955 7976 5154 9046 8737 5113 7785 2756 4933 4338 3050 4672 5573 5637 3428 637 6191 9665 5726 2680 5670 3133 8772 8090 9991 8628 8045 7732 1405 7802 1832 909 2228 8214 6505 5823 3109 8183 9368 1160 3550 3483 9844 7120 338 7659 5332 623 1091 2381 3156 481 4538 2827 9462 2070 6562 9514 8275 9413 6750 6460 6049 7066 8144 7648 1794 5893 7892 2179 2565 6321 1186 2112 7988 7043 8960 6005 7406 3239 1983 6176 5010 1990 373 6412 2806 6806 9274 8582 7144 9437 6196 5809 3417 740
6829 8367 7783 7961 7476 8388 9388 898 3565 6699 2566 5292 8954 0 703 5100 3404 6750 3597 2228 3082 4258 2370 8987 1347 6109 1104 4673 2730 6881 4619 5609 367 1410 6555 6857 2123 5252 6131 1998 5307 4377 5473 194 6390 97 5751 6617 8335 3471 5516 2135 4818 8730 2535 5936 9889 7126 2345 1829 3416 7372 3820 5069 8264 1380 8191 7831 6585 9794 5730 1360 1554 3946 4735 9452 9854 5404 2768 1525 2851 6545 8428 5607 1074 6426 913 2855 5973 2907 2942 7341 852 3696 3708 5652 8241 3662 6624 8548 5630 9769 6911 1663 7100 7000 9778 6476 6694 453 330 3673 740 3556 7015 7976 8889 7067 681 9505 6532 3229 3507 6966 5999 9691 3659 7696 6149 976 7448 9500 511 4895 4667 2558 4420 772 2873 2701 9612 7745 3611 1372 7777 1309 5607 356 7451 7844 1479 3217 839 9155 3624 4036 2922 8536 7080 9488 4026 6520 2823 6953 9541 6892 537 7216 5334 9085 1277 3522 8937 6939 5268 569 3705 5342 3234 4570 3845 2263 2176 5089 7836 9653 4597 3356 8905 6028 4700 9443 7338 6580 7335 7433 9730 8383 2032 1364 2795 4703 561 1508 8833 2726 7074 6631 1554 5908 1256 5655 9906 9858 9563 36 5659 2182 7360 7443 6067 837 3429 7222 9069 5771 3473 8807 5403 8485 8834 7635 3247 5058 5352 7293 9095 3765 3678 3345 594 5477 315 1581 3062 5341 1143 6752 9463 8008 5405 6462 7555 875 2107 4948 8129 8632 6310 8705 6025 6099 9362 7549 944 3210 60 6699 3356 8519 3620 1404 4209 3749 208 5355 2811 1864 932 1440 3975 934 7657 6266 3062 4284 1031 3022 4705 5118 7301 6663 1947 9640 1301 8930 2536 4646 1882 8892
1309 5610 7363 2144 6433 1634 3560 5576 5309 5590 1513 7115 1826 703 0 5951 9721 2328 9558 7586 8355 4534 9024 1392 7066 6947 2544 4626 8877 9067 7535 6235 2453 4122 1192 195 9460 5343 2265 1639 1367 794 8978 1115 6897 5027 248 6414 5073 2012 5064 1581 5172 8270 4532 8491 9126 7806 7534 4036 574 1210 348 4552 140 8408 5323 2846 624 5783 9402 7064 5610 911 7984 6824 5616 8980 4625 3350 5018 9634 1204 6403 2560 5518 74 9431 7818 9119 1940 8246 2868 4368 5530 6401 8306 2300 2665 5239 1385 5781 4652 318 3725 6273 8583 1619 9132 9464 1090 6569 380 4088 3019 1021 1329 92 783 677 4125 1129 4669 3544 8724 2381 8408 2423 7927 7835 7791 6518 1253 4389 9844 8287 9388 6793 4544 9839 7279 7034 8812 3261 690 5911 6193 5172 8121 3470 5711 3706 2777 4739 8300 2385 3700 9448 8722 2168 5268 4354 2786 6919 331 9600 2048 1533 6779 3367 7888 6700 6806 9817 2240 7124 9296 6031 1901 7227 7159 8095 3215 4861 2594 1371 8849 8394 192 8634 6473 9363 5541 7567 4490 2280 5155 1586 6953 1476 1543 2293 642 495 4564 3946 6996 5298 845 1454 8005 264 1358 6724 4651 3556 106 1791 6684 3487 4271 7947 6551 1091 8830 9526 6570 4321 5391 3611 9301 7415 5405 290 7694 7517 536 2528 784 4018 7448 7088 4415 8878 162 4577 6589 6339 502 1706 8991 963 5550 641 3507 81 922 166 5117 2743 2223 6407 3007 617 2599 74 2784 3518 3940 8422 3158 5774 3182 5636 3194 2005 1658 7332 8627 4957 2935 1851 1344 5878 2204 6599 7832 9873 6019 6456 4585 9407 3629 3431 7590 9682 2012 3968 5962 5544
7967 3398 5787 3610 1256 1451 3329 3447 47 6399 9091 8365 1432 5100 5951 0 6892 8326 9064 9608 681 642 5477 8896 6709 5094 6283 3929 7637 8671 2815 4563 3977 327 8162 8501 4096 8272 9064 3810 8676 6957 3179 3075 9324 7234 9116 7712 1864 3015 3443 8154 4879 2353 609 4547 7215 6774 8206 213 805 8181 29 1993 4250 9249 6033 8618 4515 4717 6054 7015 3612 3414 1032 3779 9819 9580 3585 5211 2639 5022 8006 3620 9036 7750 1533 8626 8108 8763 3709 5327 3209 68 7935 9840 4983 2218 5373 8776 1191 1320 4007 1026 6959 2689 1948 2421 4358 572 1058 654 9778 6546 3350 818 6353 4323 7895 9574 7947 740 7917 9791 1105 44 4870 1569 8025 3962 7976 2489 7591 8533 8437 2442 1092 4293 3419 5337 2328 7318 1177 933 5374 1231 2758 1659 1918 6901 9449 5842 4626 2082 5115 4511 1775 8070 6035 6623 3481 9530 9650 1050 9662 4626 2743 5394 9256 5803 778 3543 1951 1156 1510 7097 6650 2546 8693 8436 1747 3024 8487 8640 481 7662 4662 6351 7014 1898 7494 9554 8939 6167 5680 5232 7002 2938 5039 1185 5190 4307 9776 9866 3880 303 9653 8807 9365 4200 2363 2577 8306 7361 5846 9611 1327 9116 5617 964 6919 9709 2354 7967 3373 2841 4220 4517 8419 3521 6462 8178 1351 9059 5999 7713 519 401 790 77 5784 8992 788 5352 7519 5861 1319 7342 2314 2657 6461 3906 1963 9293 8546 3401 5071 8767 2090 4432 9247 385 8306 9041 4095 3817 7478 9459 3082 1904 1733 5044 5945 9169 8152 5134 8720 9232 9491 3180 7980 6105 2161 5274 17 8494 449 6329 1523 8457 5736 5411 612 4059 8042 3949 283 9991 9080 5715
5885 6121 8177 9200 618 9819 1425 5331 7700 3818 1074 87 5974 3404 9721 6892 0 9357 4258 2969 7512 3572 3398 2679 7156 6405 1439 8029 1852 870 3784 2923 1831 8951 3627 8683 438 666 6729 7360 2694 915 9255 7953 11 2077 8170 4299 74 1034 379 612 130 7585 3033 5331 1346 1120 6593 1002 7874 5045 3880 9568 1554 2639 903 511 5155 6251 228 985 267 3382 4762 5093 1180 1200 3453 5629 7761 7685 44 8795 6385 8140 1822 3731 3158 9405 7814 8263 5352 3411 1420 2045 3915 8030 6553 7350 1136 3940 8330 5730 1222 1450 1753 9885 6393 923 4846 5924 9941 7640 8957 7989 1918 2522 673 4592 5498 341 7909 3975 3856 6029 3246 5992 4491 4276 1197 7694 9021 514 8961 126 2137 1663 8275 14 5322 281 285 4517 3816 1391 9745 6221 2366 410 7776 1942 7657 9945 264 3992 1018 1759 8556 2243 451 930 8109 4346 347 4821 9545 3103 7601 9575 949 1022 8785 6671 1761 7463 4070 140 1962 1658 6803 43 5825 3372 8672 5102 3881 3501 4742 9817 5293 3863 7697 6148 143 1807 909 6229 2072 1783 2545 9570 7924 2092 2827 4851 5553 6835 2911 2385 1472 2531 7919 198 6540 3094 3846 6844 8603 4372 2767 4673 4530 2527 7595 1261 9015 5410 7217 3529 6006 8305 2707 8072 2774 6400 4102 7030 6581 2232 5680 574 1550 64 8081 3493 5305 7578 4826 4298 2686 8742 9124 2988 3105 2817 7929 1295 8865 3824 3246 2730 8144 1238 9729 9533 1583 7991 3656 3432 8717 4245 8572 5181 6125 7776 1917 1262 4035 3593 4266 1321 6525 9749 6528 2786 9406 358 8476 6193 9513 2688 4494 6577 1022 7371 1594 744 6707 9
3937 6435 6584 5854 2396 9552 805 557 728 524 9479 6815 1933 6750 2328 8326 9357 0 6906 3187 2230 2145 5450 8212 9412 5574 1357 6348 5094 756 1755 9147 6098 5561 1201 8385 3027 2424 2328 2148 2921 2361 9978 2648 6856 5943 1514 4828 6752 8687 5355 5349 8769 8955 6027 8822 8118 2899 4120 1778 4692 8268 7824 5194 4441 6322 2268 2202 698 3226 2771 9352 4742 2965 1939 9699 9312 3551 7939 6024 348 2726 9203 4634 7592 2495 908 1317 5028 6102 7376 8928 8534 8878 5047 9274 2169 2223 9910 9017 2611 2318 6042 5425 3964 1092 2550 5678 8073 5246 5670 9415 3230 1108 2513 1239 4926 4280 6139 596 8874 9695 5743 5430 5821 1753 300 9963 4584 4941 7277 2445 996 5546 2350 5013 2382 6695 3019 86 3146 3132 5158 3321 3214 395 9750 8811 2012 8261 6106 8642 7293 1902 3018 503 4800 5927 272 3617 3872 1026 8424 4854 992 1527 3231 2411 6449 1755 5681 207 2707 283 2035 2665 1362 8087 5898 3851 1982 8913 8971 4065 8322 3750 6446 769 9439 9806 6621 7278 2577 2701 5841 9743 7918 1201 4072 6992 2464 911 2291 6532 7050 893 7071 8995 7301 6949 4237 2473 4934 6571 3502 4631 9122 5132 5918 6967 6868 33 8463 2835 7195 242 3087 6013 9635 8818 1246 2760 2448 9461 2394 7312 5591 6053 2372 7931 713 6687 8609 1454 5591 4108 4776 6069 1583 4556 4896 3420 4584 1329 1657 6186 9772 7768 1615 8073 8666 7608 583 9298 6244 8491 1845 1698 2857 3694 3041 6318 5626 2126 807 7039 7080 6243 2810 9418 2177 7982 8745 5000 6201 6762 6015 5418 2990 8219 6531 9744 3441 7107 706 8174 2002 5572 8053 1724
4416 1459 9938 1364 2352 8757 510 7908 320 528 2754 8059 3973 3597 9558 9064 4258 6906 0 8933 1402 3572 6462 880 5037 9260 6994 7321 7942 6991 4057 1791 290 2250 4300 9974 1261 2966 6816 1426 6237 5518 5268 9257 6902 648 9607 1861 7575 6688 9174 4707 4667 5026 2132 3954 7936 9433 8913 9355 79 1769 1646 7731 2496 7713 9576 2045 6950 4876 8902 816 5337 3136 6884 2183 4480 7631 4464 2828 5077 3439 9235 1863 5076 6888 2321 3327 4131 7529 8235 5477 1547 4152 7256 7786 9254 7782 7297 8399 568 7028 6125 3557 9943 3624 6851 3666 3586 921 5854 1336 7457 2889 7947 584 7110 9215 9187 5977 1882 6534 6508 1056 2209 4239 8549 6901 8255 1603 8309 3483 224 4300 1863 3602 6651 5705 7020 5031 1150 1782 6581 3557 2892 2983 6748 3627 4118 6303 4937 845 9831 1990 8186 9303 1174 8918 9278 5669 1119 2625 748 9864 9354 9115 7223 2530 145 2103 6559 9155 6945 9489 2692 7843 3860 510 3406 1422 7929 5864 4244 6747 6474 1175 1047 9266 6470 6924 8017 5421 4054 8853 7735 6148 5546 195 7903 1320 3790 2595 5823 8681 4540 9989 6269 6086 7617 7993 5873 3957 5023 2885 2151 3108 3930 2219 8631 8874 7562 7581 5332 9515 3022 1349 5065 3151 6859 4429 936 9584 8003 8003 1873 470 3084 2824 1463 91 2812 1011 6276 7606 3331 3583 648 4472 6535 8789 4240 9158 4272 1676 7049 9356 6723 8164 3412 1868 5389 7325 4861 6975 5530 1603 1394 3175 1309 9442 776 1770 4412 9675 2198 7830 6410 8199 3070 1482 1445 1858 7835 1224 3277 801 632 6770 1708 8697 2547 8696 1499 7654 9410 3981 3677 8153 3908 2586
1707 6649 9267 4810 1863 2541 5276 6948 1388 127 2635 5292 2939 2228 7586 9608 2969 3187 8933 0 0 9572 5250 9305 5408 1311 7152 8295 6952 8601 578 2766 215 3475 8942 3908 2273 504 7256 7580 7367 1112 7358 8674 9385 4475 9331 49 5572 4064 5140 2028 4781 5915 9294 5197 1525 8006 8246 9941 3888 287 934 9332 1936 5733 7531 1308 3097 5687 1060 1336 8983 2738 7702 250 7160 7397 8045 1121 6964 6914 4611 8347 9985 5019 6343 9601 30 4092 4243 79 6614 7791 7483 1070 4421 4592 1670 3915 7683 394 1411 4837 8372 3692 417 3485 486 666 3276 2414 4785 4406 6655 523 595 9312 1741 4985 3581 1566 9411 2090 5002 8355 3500 6002 8489 4 4071 9923 6968 838 4377 2104 4252 3393 7086 9706 7101 8737 5313 7072 8218 2571 2039 524 2001 6750 6457 6990 5546 6685 8588 2410 881 6038 4105 1045 3270 3481 160 3514 9861 6738 1412 8961 401 4413 1688 760 9833 3880 1703 9972 9204 1619 8771 2281 514 570 4016 4597 1842 1861 2029 4934 6153 2996 5290 5928 1645 9688 3145 1503 1442 5513 5166 9475 8674 920 8396 8928 1700 2398 8505 8281 5450 6769 915 9299 8093 7415 3665 1412 8929 4085 3268 8949 8017 8730 4489 829 1901 1779 4076 9885 277 6581 2894 1455 7713 9952 4257 8783 6252 4462 8602 4243 138 1383 1531 4832 1251 6330 7745 6049 2160 821 2950 8910 350 5308 1541 1637 9980 6119 3267 7087 7615 2734 8428 744 3179 6474 4750 3685 9101 3517 8641 1755 2213 9320 2653 1044 6809 4084 7690 9244 3678 8912 7095 1798 9259 1391 1802 6990 7784 7297 7429 8098 1129 5993 3533 8374 2469 1917 6728 3779
360 4196 8523 8656 3587 4354 9679 9587 3141 8525 1206 8193 1857 3082 8355 681 7512 2230 1402 0 0 9613 4973 2074 7657 6148 8025 4941 848 5750 7723 2183 6392 8290 7286 9764 5762 3878 5986 453 7420 5044 3371 8764 1770 3279 9092 2932 5359 1064 2980 1135 9651 2375 4775 8830 4411 3598 1474 6798 5106 7927 706 6912 9706 6237 1536 3033 6409 5827 2083 2969 1806 9023 1001 1359 492 2474 6755 2582 7167 5696 2262 1087 2532 1485 7393 5084 6247 6747 1733 8614 5786 5431 3145 9221 3089 7343 7386 8824 224 6860 8848 774 9109 990 691 91 4020 7325 8827 7994 5781 7410 6313 4307 5416 6884 57 5184 4439 2121 8 6252 3888 7548 7600 9989 3732 9775 3045 6409 2417 8856 6220 7741 2372 1143 3934 9769 5133 2127 3720 4555 9846 5754 8077 2978 1693 8352 4161 1100 2929 9340 3155 6292 8354 9899 7193 1588 3120 3124 4752 5684 1699 6739 7038 1194 4373 1516 5808 4633 4003 5310 5448 9052 4420 4554 8512 562 9768 548 5518 1392 2988 3857 6446 9472 6973 2927 714 1133 7359 5127 9656 892 9142 7200 9428 3513 304 494 294 8551 1569 1228 5320 6304 6955 3177 7746 9280 6977 6040 6742 3587 692 3859 5483 9021 4713 6752 3688 6454 5028 5405 5616 7529 8369 7762 2252 8188 3469 6538 779 2486 2888 6390 9349 4347 4168 4540 3241 9605 5232 6055 9245 9158 2008 881 7252 6408 8387 1020 3848 1475 8229 3505 8678 4266 5076 1511 5768 3349 2311 826 5005 4435 156 9323 9137 2829 4861 9087 9524 6636 6168 4845 9586 8651 127 5388 6969 8997 7126 4632 7666 7918 7438 9660 144 8808 4764 8779 7090 5778 8532 9982 4886 3861
676 3862 3286 3152 6778 2217 9549 8979 5546 7039 3004 1895 1230 4258 4534 642 3572 2145 3572 9572 9613 0 8102 9742 1967 7783 304 6906 6866 4779 6188 2346 555 9246 7510 9451 2208 3828 3723 3803 5442 7721 4 9332 5292 6127 7843 8057 1489 1035 5618 8497 7657 8898 3191 418 1787 9430 2578 9848 1501 8390 7035 6333 5550 509 3701 2807 8966 2418 5447 7451 9402 8570 2620 65 6479 6544 558 224 1918 4719 186 7994 6271 1491 9045 4372 9665 8825 932 4468 178 61 156 4525 7333 5154 8636 3627 8360 9688 1439 4107 7779 2177 2775 542 1526 3518 1123 4213 7821 1979 7999 4394 8978 5984 7039 9739 4591 8517 1179 1506 6282 8916 9974 4833 5540 111 9668 107 8497 7444 1568 9895 4345 5560 8486 9244 3953 2692 2363 569 1638 7808 1679 5993 9921 7600 1800 30 9182 4410 4736 2212 5580 7583 366 1706 4276 2792 7310 8203 5366 4244 9016 1104 9063 6190 7751 3452 1108 5173 9513 8737 4439 7942 989 6028 3473 5067 1822 3114 9092 9291 9337 2553 538 413 1024 9950 7365 6606 5192 2657 3441 7805 1669 3742 459 1250 7174 6481 6759 4429 5295 836 5925 228 9910 5872 7347 1413 8845 992 4521 2806 6479 3219 892 7711 28 9523 52 9278 4530 3533 4949 9664 8185 7983 8541 7398 7973 7580 9987 5703 8327 1556 2329 6636 2106 3275 9051 2228 8553 1527 7940 3567 3278 3518 7211 4113 3330 5984 7881 9138 3375 3705 7377 6674 2517 1830 2134 206 4151 7741 1 8661 5264 9123 6460 2081 4451 1216 8444 1687 7099 1721 8481 1957 6132 8779 7182 9774 7706 5400 796 1554 1053 6154 6476 8547 3981 3146 8795 9948 3383 2596
6319 2006 242 5 2198 2491 5071 5525 7065 7333 7036 5731 4148 2370 9024 5477 3398 5450 6462 5250 4973 8102 0 6561 5993 2212 9238 8922 9168 343 3496 6277 3001 3136 8623 4829 558 6422 325 8364 9503 1636 1931 7647 4288 1345 9780 2887 8152 722 348 4069 988 8162 9283 9235 6308 8036 971 3029 1091 4909 6671 2397 8847 5968 8912 4558 4714 290 9538 85 8479 7806 6507 7749 6238 7627 4401 3624 1455 6276 3016 1118 6939 7240 5493 9080 9371 6725 4887 8829 5356 6234 1147 5855 7164 907 1836 9392 7277 8365 7203 4295 8778 5792 597 4575 9059 5665 8934 4069 7535 5560 9680 9981 8969 6401 1494 6326 8592 3389 5383 7577 5920 3660 2178 1930 8094 2594 1747 3315 7143 3536 1719 889 5348 9075 4606 8338 9537 7440 1139 5284 9769 3117 9412 9098 9163 8625 6988 3342 5689 96 2711 8851 4551 5449 462 8542 6583 3642 7358 5737 2487 8972 3323 5340 4735 1962 1978 5576 4221 1452 7132 6488 1221 9371 3169 61 3170 3843 7832 492 1936 4615 2213 5686 7850 2776 2618 2756 3849 5143 5297 4287 2938 5583 7223 1428 1456 1846 1777 7094 8767 3462 8136 8240 9575 8146 9870 9391 2604 3452 1018 6329 5476 4377 8224 2106 768 9818 2929 7039 5301 2315 9952 8901 439 2787 9433 658 4295 9569 9346 5213 4384 4023 1556 1584 4232 4755 8367 3718 5817 352 6116 4905 5967 8399 6297 3126 9376 4043 1119 9045 5445 9162 2236 8905 6907 5550 8550 223 6175 3086 1999 9361 8850 3370 7621 2488 8747 1343 9065 5086 2798 2114 1565 4669 6861 1215 2834 5747 5944 8277 8018 5830 8457 5410 6783 9934 5128 3821 4367 3818 5445 4598 7220 6556
8125 9743 6141 4624 8440 5909 547 1169 4521 8223 6690 8517 8457 8987 1392 8896 2679 8212 880 9305 2074 9742 6561 0 4876 4980 8524 7263 4784 909 8930 4752 400 1207 4441 5179 7904 6046 574 800 1880 87 2611 3991 1489 5353 2130 2070 1814 8604 8381 3743 4339 8836 1900 1661 1253 5053 6437 1253 2392 6866 8649 2942 4453 9407 6079 8723 3328 7897 5564 3407 3553 1770 139 4093 8107 4389 3089 57 7342 7198 1053 9263 5097 6204 8990 2138 6474 3581 3293 7042 6230 9454 5863 4603 4352 4968 7780 3267 2696 270 1062 898 5710 3249 174 2172 5713 8011 4033 4061 6211 6058 3886 4396 447 7590 5013 4041 2997 2919 683 4105 8740 8477 4894 4797 7955 6634 7080 1932 9925 4424 1655 1111 3603 5287 7010 480 3515 4399 8246 1539 8085 5548 5556 2218 3425 9199 7086 1393 2057 9515 433 6943 1579 4521 7230 8894 5765 539 8228 1400 9484 447 3961 6847 6246 7686 3783 4512 7933 1621 5016 3499 4538 5944 1555 655 2880 1078 5777 691 7425 8803 3458 9094 6796 496 5157 387 2618 5824 2989 6396 5944 4796 5565 3689 3074 4132 6122 9590 5901 8190 7738 7179 9929 5048 9970 4063 3222 9502 1143 8439 3358 9722 7144 7890 2119 8259 2625 2695 2738 7682 6185 8605 7522 7591 6974 652 6722 5451 3634 5008 7570 6774 870 9208 6719 7002 9430 1362 3862 1547 1203 7780 5415 456 4832 2291 1373 965 145 6476 9007 2476 8244 842 4857 6799 7557 1351 2173 4577 4664 9853 4040 332 8181 2600 1717 9665 8024 1749 1490 8649 1912 7288 4811 2231 3932 2595 3040 7053 8773 1302 6448 1097 1691 516 9749 6079 9421 1402 8608 1840 9621 6544
9414 9904 2907 8067 5270 2298 8823 6786 8862 6364 8108 2274 8385 1347 7066 6709 7156 9412 5037 5408 7657 1967 5993 4876 0 5782 7391 7272 7509 4568 3794 9870 1801 2858 4139 5852 9594 3114 4315 1935 1453 6980 958 6670 4617 8957 246 6819 1309 7754 5514 7253 9465 6361 466 3458 8524 6396 5842 429 1123 9462 3365 8091 4107 7476 8088 9859 9969 4243 4157 8718 2130 2507 4850 6686 9443 4858 4273 507 2966 9654 6259 4098 6178 8273 6534 2404 5866 6095 141 7590 6306 883 4282 4677 9589 529 6939 7514 4222 7370 3434 7436 8815 3075 9413 8610 8911 4900 6016 2617 2753 3599 6196 7514 9013 5226 6238 4023 4981 4987 147 6783 1837 455 8208 6948 7362 1769 2905 8724 8298 4212 169 9382 3715 8279 1509 8506 9040 3921 1595 2625 1476 7616 8457 1720 2999 5915 5167 9969 9244 4699 2125 7892 5897 8303 4775 640 1770 8097 101 1745 16 9007 963 9148 2246 2064 1118 2894 4096 3813 9937 133 5744 6125 7192 9542 5866 4416 3472 4295 8540 1457 2805 2087 9552 8882 3090 7600 6765 3018 746 953 8077 8301 1938 6894 7033 4975 398 5660 1862 1139 3620 7414 7103 4981 241 9192 3887 5576 831 8484 2906 2849 1916 4329 9665 7176 3732 3429 6232 5980 1499 1266 988 8048 5406 2538 2691 4172 8143 2539 1683 8939 1690 907 6610 9607 1355 3533 2175 9048 754 1254 9910 7526 6783 562 8314 2584 8163 5907 922 7868 4774 1013 3947 6639 9860 7780 3482 7057 7071 3016 2334 7185 2359 484 8424 9288 5776 1029 1056 9431 543 948 2884 6310 6544 6398 6458 806 2695 8439 2413 2006 8723 2978 4266 5858 2176 6507 3161 3246 3236 1246
9802 4605 3414 1975 7903 5950 9715 6145 6545 197 4471 3899 3066 6109 6947 5094 6405 5574 9260 1311 6148 7783 2212 4980 5782 0 3349 4886 4486 2773 6056 9730 3856 9719 3479 6102 7473 6901 3453 121 1526 4649 468 2751 7870 8165 5384 4176 5911 7195 8342 5649 1162 8479 446 945 1655 490 1571 9802 1240 8551 5014 8979 7230 8538 8139 2495 9073 9102 7465 2233 1560 1482 162 2114 2329 4720 8747 9728 2629 8374 2009 224 3135 5365 1635 1344 5617 6892 8828 6762 1767 6679 544 648 415 4865 7433 8535 7065 1163 6728 7717 9644 9910 8632 9660 784 2174 7275 7709 6262 4575 1166 1905 9142 3875 9226 7916 6526 3822 7670 6193 9233 2903 4776 9013 6972 7890 6881 8228 6264 3602 4113 3595 725 6101 3057 1008 5373 3239 8944 9859 7641 9804 7924 8809 5268 8237 5883 4710 5272 2353 1234 3100 2914 6804 539 6431 9525 7260 6736 5726 3054 5938 4696 6270 9544 4697 9338 8399 6709 7975 7494 8349 6871 8866 2423 7803 4702 2151 3482 4822 5751 4176 2706 9404 9381 9164 620 1200 8246 3465 9769 766 7249 403 1469 4311 8868 8987 5600 7390 9294 431 5273 2305 7581 2110 7199 6619 4327 5548 6474 5435 7379 8839 1571 419 3272 1899 8256 6665 7889 2546 9362 6807 298 5651 7009 5544 9723 8064 1837 422 4390 6262 150 8055 7279 2003 6329 4591 1722 8934 2241 8579 5906 2764 2723 6966 942 6990 4112 5583 93 4280 9410 3818 8312 7403 7609 7611 2323 189 5931 4716 3291 7459 9609 5619 4541 4391 8723 6212 7182 2082 9372 8339 9178 8198 4534 3354 7709 2820 1234 2217 5329 2561 6273 641 7931 4830 9210 7114 8893 2744 2948 1246
9973 8091 3875 7601 6685 6449 8182 1243 9801 9627 2241 8769 9472 1104 2544 6283 1439 1357 6994 7152 8025 304 9238 8524 7391 3349 0 1110 5345 3443 5078 7163 9453 9850 4734 791 4270 4509 6317 6690 468 4531 8199 1508 8985 2897 7599 1938 3885 9549 5439 6855 3061 1666 5721 6101 6307 405 2044 9444 1182 611 2339 1985 5267 5053 8226 7964 8460 8527 4480 3823 6250 9029 549 3875 1209 2297 1172 1374 7303 9054 2910 2367 7150 2829 6998 7778 8035 791 5824 5473 9069 8081 3405 4904 3624 7973 2776 3256 642 6227 4263 8045 398 6158 5620 5804 4648 124 9890 4679 2235 4452 4798 7166 7025 9808 6935 6701 2672 2831 8852 9241 3186 4824 2817 9724 5962 5595 8269 172 3616 9809 6554 147 2328 4748 6565 9771 3210 290 1646 3961 2378 5861 3840 3766 1952 3936 4283 5263 9585 7080 2091 9574 6741 7223 3136 8493 2577 3964 6952 4650 2955 4302 6931 7569 9879 7431 8335 5849 1924 7070 4761 3928 1124 9671 4572 3950 2362 86 2024 2243 3745 1064 5761 730 9416 7042 136 9475 3258 5369 1917 3232 2799 3730 554 2456 1781 7019 1869 6249 4185 2284 82 2544 6328 1668 8931 9003 1074 9304 1709 96 6290 5373 1511 8608 4361 7873 1973 9759 7214 6610 11 4116 1249 3579 6903 5946 7809 3107 9281 7645 3517 1694 8002 4871 376 4396 6165 1704 6628 3926 9611 1663 9972 5709 5045 964 2226 4428 5909 5802 1219 3153 6480 255 9219 422 2520 3274 7829 7290 3625 7900 4545 3994 8021 8854 7440 2945 851 154 6370 1221 9293 1790 8520 1022 3613 9047 3886 1193 4760 9795 376 3387 2081 748 5222 5107 6933 4809 7409 6022 3774 166
