300
0 3011 6229 9207 123 2942 8099 5222 8257 7741 5355 6942 4925 734 2446 2089 4034 6290 5310 7786 1076 5452 8154 3406 2655 7858 6653 9835 391 6011 2014 7753 1320 8255 3876 451 703 1239 1396 2777 9036 8923 6240 6774 8728 6217 7815 5027 7149 299 4790 678 1405 4373 6792 4203 3343 6226 5601 7231 237 149 3453 9917 2413 7058 1029 9459 5693 2987 46 2996 4519 7649 2440 5284 4411 9311 8062 7828 3977 4173 2884 8484 9303 7504 5118 74 2653 9365 1199 8992 628 4280 3858 2103 3994 2401 8639 8207 8434 7786 4271 494 8345 4120 6908 6687 6494 5154 3617 5634 9553 7225 223 3293 4955 7081 6667 4541 1958 1147 5145 9675 1049 6789 5250 1753 2179 3021 3304 6687 5761 4023 7999 4239 2275 4482 9480 1671 3915 485 2806 726 6193 8936 74 514 9473 7310 2813 7876 6249 8902 1795 6829 601 4162 2934 9488 5547 2424 347 2587 1040 4675 7518 387 689 684 9020 2326 5934 2554 2121 6169 165 300 4478 748 4450 7501 1476 3327 5463 9031 1188 6229 4145 7679 382 3632 8223 1317 8984 4406 2669 8205 6564 5677 9499 9374 3739 1790 4376 9693 6131 9581 3020 7257 3536 7215 8690 8658 8833 154 9770 4527 6199 4659 2561 5577 5525 5742 3685 4628 8369 6682 6938 8762 5141 3902 203 6885 332 8225 998 8111 3322 9944 9940 7720 9555 7120 8130 3838 4984 5642 3743 7496 8323 3332 6958 6188 6398 6701 7893 4060 5375 9574 4466 8687 93 9265 8095 1892 964 9181 3143 9451 7288 7263 2293 768 3889 3135 7823 6557 8435 5238 9858 4306 4684 6783 5944 783 9380 7305 6700 6211 2235 1731 2139 9134 1589 7846 7258 9861 4886 1320
3011 0 3247 1761 5593 9325 8832 4010 7584 8474 8644 1612 217 2427 2712 1078 4045 1980 3843 3004 5113 4098 7390 2664 7513 621 720 6314 2054 4675 3253 3592 5080 4506 3411 20 7563 8063 5204 7248 1570 1087 6909 8621 4309 2667 311 3528 7073 3578 6619 5812 8324 7773 8630 7955 6193 2913 829 8844 6078 5052 3906 6781 1929 6037 4051 156 1098 9183 3758 6547 23 6324 8270 4319 8290 9514 7947 789 4858 1849 1276 9144 7352 8193 1961 6065 4281 9253 5957 5704 8928 7023 1400 448 1177 9943 4829 114 8518 864 6382 6392 8159 1253 9340 236 1769 1033 5933 9985 5740 8310 3098 7762 1835 3420 1809 8473 8643 8790 1922 2981 7774 5816 4076 8495 2263 3137 5358 2386 5989 9677 6546 7541 7615 5692 1068 9570 2681 7881 2599 5307 4058 8846 8559 2773 8783 9391 6155 5168 5813 9056 8772 4380 737 2298 7682 6078 6908 4304 6403 7895 5987 7814 8040 9334 4223 3104 3253 4969 2117 266 3236 8388 4058 2072 1449 100 1330 1981 7987 7434 234 9020 239 2255 2864 6181 955 2895 9236 7779 9925 9539 8759 371 4664 7622 7303 8841 1704 1814 4532 8054 9740 1651 3182 7056 1268 9214 7487 6204 9092 4010 7029 860 7104 2730 963 9438 2327 9578 9050 1894 4114 8999 2888 4567 6974 9992 4129 844 3090 4553 2910 6270 6571 7719 1370 4336 9123 9053 6030 1148 6462 1329 240 786 7619 306 6412 9183 1745 9039 9917 4697 5380 6230 4547 195 9464 640 6741 1191 3351 9156 4710 8361 3874 5138 6805 2487 3346 8948 8873 3288 7243 4587 1907 1261 4456 6054 9404 4229 6982 3084 8200 8813 544 7630 9496 9818 6022 7409 9668 5975 558 8185
6229 3247 0 6659 9538 1289 8434 7809 6141 1095 470 1088 5412 6388 5893 6928 9930 2164 6269 3484 5738 845 6833 6502 8933 2419 3359 7078 9831 4483 1881 1273 9624 7557 7002 7466 8391 5709 2069 6890 2387 5783 542 6905 751 1458 8160 1368 237 5995 2939 3101 5316 2260 5819 8529 9517 4209 7938 5249 4589 6595 5141 9439 4190 3786 249 7882 8777 4515 1845 8047 3775 4463 9826 6915 7273 1838 5089 2516 7848 9273 5656 6917 7745 257 9968 3648 9672 8581 1975 4469 2379 8504 7388 9391 8916 8927 3696 9919 2780 5630 1254 8964 3585 3750 597 8476 4414 2049 9961 1426 7149 8586 3079 3517 6736 2798 6611 9224 6466 2874 3248 881 4704 5766 5894 280 6960 2532 2226 9678 9721 518 2818 958 7857 3041 8212 4043 4049 7679 245 6275 1258 266 1263 1668 9793 8803 3395 6120 9717 5351 1354 2764 1976 2816 732 2773 50 9732 7407 6017 7669 6312 4960 1587 289 478 3016 3913 3890 4613 6478 5568 7995 7794 7705 9585 1858 8499 8383 5020 2927 2995 7786 842 2829 1186 5068 3222 7983 7121 5993 3086 9212 2017 986 5584 1957 6844 1389 9966 9097 7706 2638 169 6846 1548 6999 6216 9306 3905 395 1082 3872 7202 5236 9911 306 976 9076 3940 1386 9887 7168 6686 359 593 655 3219 9708 9773 5649 1511 9366 5277 9264 1714 9934 8869 8088 5938 4053 2660 2487 6406 7388 2522 1709 9954 1287 753 5366 2370 8760 8849 6395 8120 9308 4820 4212 9178 1577 1570 5202 4205 1702 3920 3596 2789 2139 2709 5351 7274 5195 5860 4571 1731 376 2373 8089 7142 1713 2796 9914 6069 5450 976 6244 6457 1548 3163 9235 7394 4333 465 8453 8075
9207 1761 6659 0 8006 5946 2714 799 5366 7756 6952 3681 3518 5307 3684 8715 2903 7120 7006 4414 3576 3282 4929 3486 9176 5724 767 2959 4183 5509 3191 8539 924 381 6349 3255 8481 6514 8756 4580 9553 9831 9151 6050 3237 1005 323 2628 547 7229 5137 1640 8522 4185 8955 6163 8698 733 1262 4611 1598 8372 4976 1375 3624 9216 7343 9013 3703 307 4318 3249 203 5188 110 9988 976 915 3341 9632 4360 1391 8231 5082 4356 1800 4202 796 6558 1546 1588 82 5528 6410 3620 4294 8863 9208 805 1797 9214 2988 5809 793 1956 952 8865 6326 778 2243 3496 5874 9935 7828 82 5764 14 9761 6287 194 9019 4818 526 3878 9888 8410 7143 6247 2637 3236 5280 5504 343 9545 7730 132 5013 6237 8360 8545 8147 5118 426 1751 9761 8510 935 9838 5785 9024 3301 1685 9184 1611 2450 5545 7671 5061 8942 18 3904 8453 2985 2005 5188 6259 817 6205 5579 5283 2191 4414 143 1850 7971 1664 4898 9314 5713 3525 829 2973 1642 214 5874 7705 6224 2539 9800 1445 5934 7286 9172 5705 3594 9977 9142 5602 6163 9699 6600 6943 4322 9063 9857 6391 2077 4916 9960 526 7873 7978 841 61 941 5202 6421 5857 149 3730 3292 758 2931 6617 6754 5213 2360 9863 7826 737 2399 357 827 8105 9512 8445 1955 1389 7110 8504 4251 6942 809 881 526 4926 8718 9583 6864 9582 4565 6490 3844 7828 2378 1250 4385 8010 6453 8250 2102 1900 3106 5514 6723 6127 6765 903 5861 3103 3700 2365 3932 4978 2510 4706 2902 2233 4361 1008 3644 5180 1679 9323 1050 403 6800 792 3339 1968 1654 4483 4115 8193 9693 8283 861 506 5379 7581
123 5593 9538 8006 0 774 2194 4624 9525 9989 4756 1423 4607 3042 8309 7702 4755 9938 3785 7429 9368 7986 6922 3585 1248 6269 56 1058 5803 650 1757 3715 3017 8878 288 4598 3039 503 2356 6886 6252 3735 8423 7524 8191 7631 5017 2170 4534 5873 8221 2963 2105 1637 3587 3626 297 1390 8277 3252 9128 2179 8435 7418 6034 7358 9933 7949 8335 55 6031 1571 4850 8530 1574 6125 7208 1234 5153 9959 2865 6538 434 1899 8963 3925 7474 3034 9891 3825 7556 4680 1949 512 9352 9461 1921 9101 2291 160 3792 4184 3725 5130 4900 5743 4336 7737 2436 2900 56 9134 8485 4081 4975 4653 3745 6542 9600 3933 3824 4862 2552 7775 4537 1460 9304 7580 9445 569 1897 7868 3069 9226 7365 8921 7503 1127 5865 153 6256 2833 4368 4514 1847 7664 5171 8426 6900 2645 9686 6367 8831 6479 8950 6987 688 2862 4867 4964 9334 7123 8998 8756 3738 1607 8269 5614 8234 4414 5633 1586 7367 1610 8404 4390 6533 8345 4401 9730 4938 6077 4263 1087 4973 6609 219 688 8815 1662 4421 1616 7513 6426 3917 9506 1201 1040 9625 3082 9631 4242 238 4951 2390 6569 3295 7244 9860 9487 7336 1400 4682 8248 3386 1449 7717 3288 5987 7063 6424 9768 7337 1431 1088 5855 8646 4722 8506 5040 6696 5751 8638 1000 3425 4410 854 1296 8845 9099 7912 7933 989 5839 3675 5989 3219 270 263 5676 9961 6183 7676 2332 192 8037 768 931 2417 7576 612 4740 4582 7909 3990 7554 8006 704 668 5415 4045 3984 5710 4965 4903 7950 9386 3347 3955 6101 9811 5495 353 7440 7394 2276 1135 8768 8239 4904 4629 9658 8152 6381 6106 3617 7181 8301 4850 1517
2942 9325 1289 5946 774 0 8162 2911 8886 5025 9328 6740 134 3360 9740 7237 3473 4344 7166 5515 4850 383 3416 577 4315 7423 2019 9180 7881 8384 4446 8540 7490 7404 8411 5767 5977 2681 5078 2170 8665 6703 3281 1548 3377 5108 5770 2670 9140 7359 1216 1526 5686 1763 6192 2641 3602 9875 1788 3587 63 6126 1851 6174 4490 2419 9121 8465 378 955 6776 8782 7793 1959 3549 6913 9400 752 2163 8865 8167 8542 5296 7825 638 5074 8865 8010 2502 5625 9634 3565 9636 2539 2778 2808 6678 1849 7525 3598 5783 6994 7667 5180 1202 2976 9520 9464 9098 8923 2024 9480 4187 4541 6712 6904 4994 3778 4995 8986 1085 6041 3430 9172 4886 5405 4395 2354 7426 7901 2445 4935 4491 8627 5172 1669 8246 3569 2639 7197 7034 7028 6113 6273 9895 5246 7340 1260 8415 1941 2887 8799 9374 5212 3103 6331 6817 3327 4040 2739 7150 8064 9433 6588 6690 3444 7080 2071 1904 232 7250 6325 6075 6024 8667 6694 2526 5079 9091 9814 2921 5973 6110 1396 977 9459 8537 4029 6366 6966 9724 8948 2055 874 1828 8424 7346 8636 2465 1846 2423 7171 2114 3153 7558 1128 3012 1540 133 1189 3090 6645 372 6654 6360 3829 572 2858 5947 9136 2997 5677 3439 1286 5354 6013 5016 7565 1265 3803 803 8302 3960 9615 5978 3351 1307 2235 9578 9571 8627 6251 8767 8088 8971 6378 593 7324 1371 9685 2281 8365 8767 4156 8066 2615 4489 4317 5085 6646 7007 9991 3103 6769 7322 7453 7059 559 6733 6420 5064 9438 4361 2254 8862 5956 3856 453 1178 8776 161 9295 8415 274 5499 817 8540 2521 6487 9233 404 8423 1763 2476 7040 6521 1985 3412 6937 2525
8099 8832 8434 2714 2194 8162 0 7625 4269 4256 5108 6842 6163 6928 9984 2431 8582 8838 4628 8313 7030 3143 8108 9951 2762 1300 35 697 4863 5739 8078 4098 9687 6385 6023 3190 1954 4427 2380 6831 263 397 2793 625 2875 3995 5605 7176 1267 94 9092 3796 4618 396 2795 9143 6534 7318 1448 9238 1774 753 2044 511 8212 86 9892 8628 9542 9685 3046 5275 915 840 5758 137 1667 2641 1639 8202 44 2676 4422 4985 7319 99 2049 4450 813 9289 1 9123 4069 6139 2957 768 1394 6074 6687 9059 1222 8848 8106 4836 5230 2307 5965 3952 5212 8103 8374 9315 5082 5143 9776 7550 9854 494 1319 5789 2366 6234 4368 5748 1677 5978 9441 9253 9290 1422 4465 9725 4656 9755 8241 5680 4083 3762 7741 1641 3098 8275 7745 3270 7296 7465 9052 1090 2758 6828 302 2875 9892 6884 6491 1595 7379 9293 4097 235 9214 1744 164 487 1630 2876 5721 2088 5372 1377 7165 6955 2125 9157 7348 1250 8414 6913 4986 2419 4363 1339 9779 6484 4746 5486 5700 4823 8777 2230 1189 4965 1914 1651 605 275 4143 8319 8951 5008 9670 8346 3184 1023 4927 2733 6752 9989 2007 7098 8000 945 6014 8954 8768 5782 8410 2922 9783 7132 8105 570 5898 3416 7187 6977 6550 3489 3838 1268 3736 4005 6518 9280 4760 9704 4742 5055 5452 9439 4245 8396 4440 6017 3830 3827 3752 7218 5170 4446 380 6670 6499 4399 9564 6334 9815 5109 5534 4742 9920 5861 9368 9205 7166 4515 1044 9925 5043 951 8224 8688 8752 2288 3030 263 8293 5016 8168 8074 6028 1580 4497 1778 7604 7706 8015 7474 2320 3671 4688 8642 8443 1736 7444 4239 1128 5267 4081 1702
5222 4010 7809 799 4624 2911 7625 0 4691 7530 253 6519 3713 4785 5784 8272 785 5392 2149 4945 3641 6755 4462 4213 7521 509 80 6289 903 4544 535 3196 832 7015 6963 800 4333 2909 7939 2681 2050 3975 4521 4428 1865 8081 1633 9242 9149 6064 2820 6962 6604 1132 8374 6985 1256 4535 1382 5651 5373 5069 9539 7223 6004 9864 689 4429 5899 2101 2184 5935 8432 9665 5773 5393 1921 7258 5759 1233 1283 127 3892 5723 279 6025 8430 3177 5314 9491 2384 4875 6780 2902 9784 2116 548 313 236 9775 1491 2370 2722 7716 4233 6273 6169 3468 2510 9177 3025 9405 1886 9682 428 814 2155 4893 8153 4363 8016 1424 9526 3191 8816 2497 5156 672 7250 7587 7502 5795 6265 1563 4769 7756 660 2035 2258 1152 3422 5064 5857 1887 8793 8155 1392 3343 1550 8919 3396 1221 4974 3575 4959 6806 740 6931 2861 7916 439 7003 1507 3192 1878 5435 9228 9784 9624 4042 9091 2138 3792 8169 1663 9422 4743 4057 5620 5191 5753 3023 3700 711 3423 1581 2403 9298 8527 8633 9703 8254 6954 3166 9215 497 5610 3346 4474 1269 9603 8536 6666 7210 2884 4024 6087 2792 6187 5049 6749 8362 8243 9315 779 7103 2732 5857 2937 7636 9405 24 3834 5242 4685 7713 171 9156 3588 8421 7005 8189 5355 9108 1028 2087 7851 2378 8301 9206 4051 6539 9198 3804 1688 1558 1974 1191 7592 8824 9176 2824 7 1674 1934 8880 9622 6009 5856 2283 9345 9715 2027 8344 9690 598 6360 8120 3829 6271 880 3276 7252 1037 4317 7116 5628 6244 8952 4006 118 7546 2555 4497 331 8238 5978 3161 914 8138 6712 4555 1100 9301 1574 8308 1817 6182 2635 7499
8257 7584 6141 5366 9525 8886 4269 4691 0 8163 885 1413 218 6875 2094 1084 4885 6590 5741 6431 6699 2006 1315 3940 1104 9938 8140 5079 6084 6608 8030 825 1628 4310 7485 3938 5158 2507 5967 7213 1489 8502 300 5424 1323 501 4950 5271 6513 8776 1031 5056 1856 7398 731 5096 6432 7691 4688 9945 3855 7541 4624 3166 3730 4663 4929 5992 2922 2345 945 9233 1862 7832 1013 5572 1058 5684 3265 4361 9911 4469 1831 9612 9657 5998 2838 1071 4688 9494 8532 7210 7891 4186 6573 2375 903 6079 3519 4344 9210 807 1716 9190 2305 7554 1474 8776 2340 2886 4456 9017 8485 420 3939 4912 9438 2650 3430 7416 230 9110 7481 4407 2024 8485 13 7154 276 9826 1129 9887 7054 2120 2865 4050 3191 8192 2604 202 5348 5200 9447 8513 9144 8761 5229 5112 9800 8244 159 5685 1246 6183 3005 3171 4522 6230 3357 95 1269 5545 774 6794 4182 3973 2382 4136 8707 6084 6933 1473 5814 6910 3469 5975 5812 9343 1243 354 8922 9746 8494 5591 3339 1293 8072 8800 9217 6820 8358 7031 9535 2508 6441 2318 1151 2964 3284 8920 1510 2702 9242 1153 4442 7113 7653 3868 5975 4826 1388 6131 7091 1978 8378 9595 7238 3922 265 4172 542 4094 5509 1566 9750 5216 8600 2268 8405 3073 1202 9799 1251 9356 4399 9301 8167 2125 4330 6472 5314 6229 8167 6267 4931 1881 3202 3683 8243 2521 7669 7477 5003 1079 1376 1200 9963 8875 2653 4437 6216 3292 6171 1747 2798 4305 2764 6396 2213 9269 5791 5066 6888 1173 7936 1476 8153 730 1294 2585 3480 4894 8508 2295 7974 6436 9213 6022 866 954 3130 1426 2175 5075 9720 8021 6391 4940 6850 1170
7741 8474 1095 7756 9989 5025 4256 7530 8163 0 9110 1968 6831 19 1837 9297 6192 8267 5937 1207 6026 9526 356 4197 5541 2714 7350 2397 707 0 6745 5787 8023 6342 9484 9820 9347 7299 9401 3185 7463 5277 4808 812 2837 9251 7687 7905 7557 7299 2552 8815 628 3257 10 5387 6334 7886 166 1617 476 1397 3055 9502 4773 2166 6488 4312 2900 4199 535 7071 5240 8660 9126 2343 3279 3540 5759 8793 2387 4446 4463 5909 7931 2826 2866 529 983 2433 3182 1275 8195 3030 7910 4575 3157 2562 4941 7298 5399 8328 5050 6259 7997 3528 7866 2447 3717 7717 4836 3558 8262 5978 3862 2104 8419 1732 6372 8608 5418 1850 290 7689 3494 6895 5805 9286 9315 2207 5049 5044 4267 4287 9591 41 7018 8469 1861 1100 7420 3179 6933 2624 5671 2863 9658 888 8150 4148 4353 5190 2828 8629 8753 3646 4845 680 3822 9468 2085 4676 4563 5567 9911 597 6041 3517 4896 7952 4751 4139 3863 7801 5260 585 1014 7466 9843 1849 9256 3707 9850 3268 308 1344 8918 8387 6715 9341 2661 5362 1738 6867 7047 9251 380 7821 5254 2316 1147 3195 8152 4121 1709 64 684 2392 6987 9359 9611 6548 5690 3048 3267 2465 1649 8020 5679 4203 2662 5941 7074 7990 1666 7203 9690 9699 3508 6251 3026 4590 1964 8017 6555 8736 5545 866 8529 1684 2239 1042 4700 5956 4863 1463 5816 3145 144 19 2748 2453 2792 7232 6877 6584 7203 8235 8635 2534 5026 4071 5536 8797 6154 6642 4766 9168 2066 4970 324 6291 3403 4730 3801 7519 8512 6219 3830 2652 707 2998 591 5353 4493 8497 4591 7257 7493 8210 3288 6701 4881 6727 7511 9597 9997 1984 9135 2424
5355 8644 470 6952 4756 9328 5108 253 885 9110 0 4673 1514 496 3969 7231 229 8341 8211 2529 6933 5709 6774 9 8024 4926 5401 6324 8942 4870 7972 7257 3707 3103 8595 6520 8900 8236 653 2825 1620 4499 4870 1086 4027 3436 9898 4671 661 3080 7075 3437 1098 5313 1978 5341 9349 7178 4147 9614 8915 9154 3450 6299 264 6822 620 5359 3521 888 5651 5282 1283 8497 6459 5432 5812 6463 7935 5224 4678 2911 2775 150 3912 9699 344 1042 3965 9688 1460 3272 9796 158 5328 6212 7507 2319 2862 6685 1761 2020 1858 2518 8953 1876 6740 6401 1701 387 3779 3094 6751 42 6779 1153 1187 7608 6952 5335 8696 2343 8891 906 1605 5052 1133 7877 5114 1182 2090 8276 4273 6503 5338 3399 9504 2504 7939 375 5247 8158 8503 115 878 9945 2856 3403 7374 2438 2918 5355 347 6414 1308 3367 3687 6989 3005 2179 7570 1508 2178 3981 2727 1381 1814 7918 4255 7543 4061 7520 3388 3884 9051 6656 4279 2957 3052 3924 8757 287 898 4377 5796 4241 9577 6953 539 4963 1436 2837 4515 2269 2048 9239 1944 2282 8262 5843 478 8811 9023 57 9362 5395 278 4040 7039 6583 3541 1906 1256 7172 9902 6470 8136 7851 3142 5752 6167 1079 6353 6972 9423 1906 6348 5869 2106 5317 5176 8567 532 2214 2847 8378 3298 4655 8703 7499 2302 9440 5943 5724 7562 3145 6857 2851 9133 8393 3723 3886 3272 9310 98 5817 8327 2598 3278 3359 3082 8854 304 735 5306 1517 6928 8505 3523 1627 6339 2369 9610 6171 1759 9981 7341 7912 4577 9330 3208 7794 7990 8323 1245 3478 6598 2714 917 9134 917 6387 1965 5007 7184 9209 3923 4626 5993 3814
6942 1612 1088 3681 1423 6740 6842 6519 1413 1968 4673 0 1450 3516 7584 8430 1960 7369 6136 2593 5770 5717 146 7269 4944 7845 7433 2375 7503 5216 9324 5247 192 2051 595 9610 4721 2793 9389 7946 137 2737 7446 6822 1107 2092 5485 8638 1411 1907 7853 2828 3736 7488 6603 1591 7613 3152 9511 9187 5776 21 9084 4865 1753 5338 3388 2028 6878 9781 5758 2516 3811 5124 9798 1928 1767 5071 5122 1250 2096 4127 1857 1445 902 6370 5500 6637 8854 2036 5274 8912 5717 8102 6615 4103 2319 9742 8209 5988 8805 8844 8493 6384 5542 5967 3245 6152 1123 323 146 5127 7351 1599 8233 2560 2699 1105 8134 7659 9053 3689 1771 6048 9649 8203 7786 2172 517 3713 9188 2274 8101 4415 2164 5639 7568 6095 8130 1311 7969 8048 7625 7626 9131 5533 7083 4932 3128 2133 4411 2037 3005 8048 9889 5437 80 7394 1395 5157 6181 3512 1259 527 5772 4846 909 6463 280 1201 3109 6518 500 2792 4663 5483 6054 3801 2851 9239 4501 4953 2809 8511 8686 5117 2395 7185 2972 4923 3298 1341 4655 9530 299 4156 7251 461 4231 9701 9895 6983 7723 3030 7909 5654 9776 2834 2288 2675 4472 6852 740 1365 3700 5534 2813 7790 7109 7698 9990 6638 3846 495 5002 9560 1881 7669 3767 8450 3767 2116 4502 2942 5367 9826 1197 2654 897 7811 1576 2447 5977 3349 5912 9189 7376 2634 8600 3359 7161 4699 9306 2542 1626 9878 5719 8574 2826 1843 9042 4693 3453 3848 6674 2596 1946 3967 9742 6783 1351 2339 7554 6805 7251 881 782 4769 1944 2245 4955 6479 9335 9746 1845 9038 8013 9249 8235 2312 2993 5152 4999 6636 9570 5639 5194 5288 9758 9123
4925 217 5412 3518 4607 134 6163 3713 218 6831 1514 1450 0 6176 9794 9829 4376 9023 7751 8446 2460 149 9740 1077 9817 2107 8628 6360 1115 3947 3670 9414 2461 7210 7817 6805 8990 9258 6294 6160 6255 7328 3630 8733 7921 440 4554 9230 1586 1787 428 6361 4105 113 2353 7267 8184 8890 4660 9027 983 5584 355 9631 6842 9554 9796 9528 2963 2563 1084 3085 4966 1447 5381 9741 6095 7110 7326 5198 7471 2250 9189 8075 6548 6929 8425 5041 4278 4501 146 4566 3393 5915 9261 4262 119 3605 5267 2634 1398 4361 8218 3071 6421 9933 250 7006 2148 2852 1530 459 3294 8370 6925 3936 9075 5030 322 7314 5632 1106 512 9210 6704 4860 2091 5956 5468 5274 3764 5622 7932 1160 6650 779 8065 3403 5753 8523 2440 4013 7551 5661 7299 5161 3252 4387 454 3095 2404 7031 4458 1099 588 1780 9522 9606 5969 6995 4017 8442 8526 5474 6049 298 2932 9569 867 8186 3095 9210 6125 4596 2778 6838 7242 350 1382 410 4060 6442 40 6267 8797 2859 8134 3445 7427 4467 8148 5449 9470 2842 582 8315 2694 2615 3093 692 6038 8831 7318 8040 8888 4580 2621 926 60 5855 581 3251 2969 3394 4367 5424 4413 8840 1351 1056 4907 933 385 7692 3746 8012 1973 6370 4015 6191 6278 2018 2004 5884 2133 1434 2933 6111 9775 2548 581 5172 943 3517 7680 990 2179 7895 6901 8965 185 3349 53 6603 6199 2690 7192 6419 1636 3185 4092 1138 6899 780 5070 1994 9311 4812 3139 4518 984 9228 8676 5749 5738 4008 2121 6760 8928 9364 7284 8242 4252 5647 7491 9043 6302 4712 43 1888 9672 745 9758 1800 6515 43 31 7315 4856 1715
734 2427 6388 5307 3042 3360 6928 4785 6875 19 496 3516 6176 0 7267 2954 5398 7360 7662 7209 9738 4306 4503 1428 6891 8516 6629 1965 3085 2017 139 5877 198 1463 8787 3466 1749 7278 877 976 1741 7445 3014 9813 1903 3207 863 3608 3900 7643 5475 186 3266 587 3934 7144 2502 5850 6486 5428 8797 7776 6800 2772 890 1387 7177 2490 5366 4417 4144 7716 1 95 5040 7928 1213 6100 2433 3263 5835 3649 6397 5375 7792 339 4346 3387 8172 2882 7842 7814 5189 6085 369 5270 7150 420 6326 4441 7758 7498 3600 8224 201 1104 1094 1858 8470 1197 6414 9773 6337 5090 6755 9725 4572 3473 7557 112 151 5239 6179 5357 9283 1865 4305 5944 7856 1841 1566 7204 3696 4972 1599 3751 463 205 7637 6439 8697 9499 3814 6754 5721 2534 2780 1041 4562 228 4158 3415 4102 3186 3991 8284 7759 3711 710 9071 5804 5936 2325 7103 9054 9177 2955 7272 2085 8949 6970 672 4023 6748 1427 8216 2638 3744 7872 9765 8769 5687 4895 8547 6034 6587 5725 5850 844 7977 1044 150 5426 5283 7312 8519 2699 2622 4565 1830 5968 9799 3913 3698 3 569 1567 2511 3089 7019 6932 1789 5439 8445 3492 1055 7683 8637 6398 184 4947 3171 4640 4969 1557 9722 7210 3612 5184 2036 4980 5425 2278 9720 4472 6114 3694 668 3375 2311 2469 4647 6448 182 7375 2770 6891 5337 7448 1377 5047 3584 474 6896 5180 9106 8090 5881 9059 874 404 3478 5406 296 9955 6577 1911 670 9498 416 761 4259 3714 1196 1999 1790 7061 8893 5434 1921 7917 648 2541 7688 7929 399 2995 1287 4099 428 8041 3824 7071 4544 6946 1133 2557 1171 3122 7043
2446 2712 5893 3684 8309 9740 9984 5784 2094 1837 3969 7584 9794 7267 0 9745 4367 4991 4178 6356 6391 2152 9168 689 4453 3234 7552 2375 835 2681 9641 9762 1457 6472 6816 8124 510 3374 8608 8381 8213 6638 5917 1272 5793 8371 3427 8935 9841 8733 3649 5439 4241 5987 3127 7697 4423 8978 2901 5869 1084 2369 7995 1696 306 4691 4564 1233 3205 8083 6720 5469 6677 6613 4152 7459 1766 8493 4812 6493 5641 1718 7356 3000 5760 7250 8953 946 5801 3582 6226 800 6004 1566 5318 6647 9352 4166 7477 6555 5123 5059 3694 4079 7103 8740 6543 3219 8587 698 2747 9805 4029 7918 7278 1091 5439 1335 1249 2142 9686 9696 770 3539 6817 3789 2137 5222 8297 4788 6502 3645 3661 4583 376 5851 867 7912 7515 9865 7614 9700 3370 6270 5504 7239 383 7296 8315 7218 1208 602 4049 1326 2890 8711 5535 9103 7563 4017 5337 8929 2514 3575 7664 2880 1725 5506 7603 1960 9171 8503 7290 5416 7582 688 1972 8967 4604 6232 4749 8372 7178 6942 5009 8447 9634 6680 6286 9831 2696 106 6191 8384 7013 5861 1713 3535 7770 4442 7664 6834 1199 955 3426 2962 5737 8868 7548 9808 5488 4292 4326 3665 1329 3345 4310 2858 2358 1453 8814 1566 6731 2042 6923 5263 9335 6126 4910 5590 682 1463 6827 2323 4420 5467 3877 7494 1225 984 8734 3329 927 9342 4062 8189 8038 270 9890 5278 119 7660 8139 7670 2894 3255 100 7891 6309 9100 4477 5098 9716 6063 6181 6145 1135 2578 8676 8898 9619 8489 7646 8643 6204 5440 3987 3522 1233 4443 5685 4462 9843 9899 4339 248 8191 4184 392 8291 9474 2843 6444 7993 4676 7327 1472 4066 1364 908
2089 1078 6928 8715 7702 7237 2431 8272 1084 9297 7231 8430 9829 2954 9745 0 3823 9922 3817 8020 3219 4605 9068 2097 2331 1764 5893 7626 7699 288 7726 3139 3521 2151 3172 9999 4058 7543 3454 407 1843 3840 410 9727 6588 5271 6659 5672 2340 8626 1300 4503 1011 9927 2098 7109 5432 7668 4547 9398 8763 1103 1877 7718 5802 9672 5265 7744 902 7145 3105 5544 1178 6833 3996 9265 6529 4543 3202 476 6823 8673 2368 4766 9624 6089 3856 4199 9364 4283 3013 9202 9422 9281 7826 2683 4216 9480 604 3198 754 2229 3878 2392 4811 8611 3316 636 7601 9255 2011 3982 5634 7865 2397 5849 575 2299 5313 5247 5960 5317 9558 2028 605 3016 6040 1860 2851 3028 7438 2317 5833 9504 5935 815 2739 9531 7795 3413 1030 9890 1424 7614 8943 2455 6198 9169 8767 7281 6702 9337 2353 6366 2854 8868 8082 5747 8323 4257 5215 7692 7800 7104 3274 746 6166 7411 2847 4914 8886 7173 7274 1049 8610 2590 6970 6375 8362 8258 6558 4485 1569 4718 3358 5689 3350 3782 3509 9644 2617 553 2991 2111 1050 3689 9697 5160 1418 329 958 395 9560 8683 7045 9096 4019 1822 3512 4438 5692 3749 2914 5675 6489 4219 6088 3201 9374 4698 7470 3925 4064 396 1761 7136 5283 2255 7284 9511 6694 9382 6296 3913 5609 4098 8531 1809 9021 3620 8905 2635 5294 2200 9445 4045 1094 2998 98 4196 7572 4861 9705 3501 1434 401 3273 9288 1963 2673 1547 7807 7878 2250 2832 9672 3226 6076 2464 1502 5103 8283 7849 8459 1684 5029 7726 5345 2666 8143 6062 6500 933 1076 4734 8365 2904 6003 9167 7584 9396 9204 9604 6015 6219 4337 8845 3108 3154 316
4034 4045 9930 2903 4755 3473 8582 785 4885 6192 229 1960 4376 5398 4367 3823 0 8091 4157 3967 549 6333 4887 4736 2028 1310 7863 1387 4 8738 4190 9072 609 3003 1749 62 7005 5434 8936 178 5823 9226 1316 6993 5832 8923 1863 6240 2126 7382 6797 290 7386 8786 7835 1432 3821 5923 5610 1616 9571 1161 3364 3864 5090 6175 3259 4903 3614 5687 1211 7879 6673 8365 4030 7325 8505 732 4890 4663 7390 339 3809 4026 3275 2456 1080 2367 5608 1581 3315 4906 3592 71 5144 9183 3977 1450 2589 6864 3929 6623 4804 3396 4368 6252 1459 9150 5640 4821 2306 5172 8289 8920 6424 292 3581 751 901 2427 9002 7500 3348 1990 1885 601 834 1487 3668 5306 5446 7258 2525 9365 579 1799 9529 9485 5286 2002 5307 1350 9309 362 7701 7113 8982 6780 1055 9182 5782 5727 5827 8495 9681 8141 5904 9721 8951 6286 8412 3817 2115 7642 8527 6999 5414 7022 2553 7503 2244 4272 3356 3405 9148 9560 1441 753 6139 3300 8988 1449 2392 689 6369 1530 6715 6537 4218 1411 1962 8077 4927 4784 1884 7431 3660 6 5570 1288 9432 8917 9388 70 4840 8026 9236 3268 3998 3983 8853 260 7345 7589 8169 5513 7001 3639 610 2248 7512 2910 2797 1604 6695 1613 1967 3675 460 1863 4564 6486 1599 9328 2785 2430 6309 3345 6112 6275 6626 1460 3303 7763 9369 6835 9874 8732 1296 6545 9090 5903 655 1557 1005 2835 6647 3848 6218 3306 641 3128 4604 23 8830 2197 6392 153 1767 9971 1115 1618 8288 6029 2794 1144 5957 4108 8676 3053 2912 672 5191 4764 1057 2619 5355 6336 273 2145 2921 9468 2701 9002 5938 7221 587 7841 2314 4965
6290 1980 2164 7120 9938 4344 8838 5392 6590 8267 8341 7369 9023 7360 4991 9922 8091 0 4711 798 3850 449 6005 1891 3414 6461 3376 8087 6169 8607 9551 5039 3346 8127 5683 1172 182 7734 7000 6987 8511 6879 2726 4983 4840 296 774 8895 1976 6285 7256 6481 8226 4617 2888 8188 4904 7368 8252 1121 4364 3370 6339 5768 7384 8262 8564 9290 6981 3816 133 3372 50 6300 5246 5930 5182 9684 5166 7781 2844 576 4807 1881 4881 3987 8665 6773 771 6645 8378 1633 5836 3082 1395 4469 6664 8693 5101 6870 9968 4452 784 5874 9845 7355 7951 5679 7799 1602 3047 3473 2707 6308 9604 7112 6654 595 3153 7918 4627 5523 4173 2841 6823 5878 4084 9157 1613 3554 264 556 6315 9498 8734 5499 5792 9813 3906 1224 666 6214 6071 7930 4259 6706 9843 7395 6170 7556 4620 3577 6100 7663 3162 5295 6810 8895 8048 3839 5304 7928 4297 2799 4163 7071 8009 8513 5290 8744 3111 852 1874 5209 9242 3775 9405 3264 2601 2821 3751 6577 8082 1059 9783 2955 8183 9314 6528 9300 3928 7202 517 3074 2414 661 2243 1281 2280 2748 303 8112 3134 8181 5355 9689 6880 6179 6342 3296 2168 6468 6492 1412 4674 4962 1222 5152 7433 8978 8608 5116 377 8677 7543 7553 2574 9050 9822 162 5913 9012 8570 3140 6068 9102 6568 279 9300 4333 7335 4943 4966 7322 7860 5639 4516 2325 4843 2555 3914 5668 2893 2272 7765 3050 5957 6407 2892 9011 424 6527 8999 597 8762 5108 8202 8055 1513 9895 7007 2865 457 1905 7434 98 1291 9504 6651 4845 3316 4191 1061 7499 2306 2718 2187 846 6247 5495 324 9621 7334 8954 7324 768 2530 8706 8601 8810
5310 3843 6269 7006 3785 7166 4628 2149 5741 5937 8211 6136 7751 7662 4178 3817 4157 4711 0 4163 7518 752 5639 4449 9200 2695 513 3277 2255 8227 165 2605 3769 5921 33 7735 7931 1816 9741 3279 6013 9766 131 9006 3494 1098 419 2938 1677 5087 7812 5016 5622 4368 6534 6128 9889 395 3702 1916 3783 6634 6843 3754 5165 8307 7721 1226 8607 9828 5703 1400 7922 4708 5523 9712 1337 7953 5965 678 4141 2681 6219 4938 4559 5906 8640 1282 1789 9002 5907 8305 5852 6940 8294 7165 8373 5307 1439 2190 2357 9301 4743 7807 5791 9437 8209 9963 2502 1860 8553 6745 6634 5200 5924 4358 9932 4216 7177 1502 112 8236 7369 566 4891 5007 5321 744 7068 4394 2740 7993 139 567 5893 5354 2441 3905 9295 1879 265 3246 212 881 58 2391 3472 5115 3444 7787 9045 3796 27 7215 7359 9039 9426 7995 7013 602 7568 6550 4159 7481 3462 7284 7536 647 7406 5881 1116 184 4459 5040 680 799 8262 7861 1545 3451 1171 9863 613 5557 3516 900 2599 7896 9795 3472 9164 2571 3961 4400 7618 5345 307 7593 3917 1359 9556 882 3148 9528 1446 8348 5784 8199 4570 7400 2986 4782 2544 9457 5400 4805 5185 2175 4220 8096 1149 9781 7448 8052 4335 4736 675 5068 7929 9219 7140 2289 5773 970 3565 8475 6160 6911 4071 8498 9274 6993 2177 5935 659 3471 3889 3036 6720 2381 8050 8994 6905 1284 2524 9591 8760 6851 5515 8097 8079 4958 6375 7964 7188 9513 9221 4617 8301 1178 3598 871 5337 5012 9317 6642 2174 9187 7490 3078 8801 2879 9031 8034 8020 8307 3390 5335 9095 6461 4604 5662 6706 7729 3837 7576 5501 2856 6367 1827
7786 3004 3484 4414 7429 5515 8313 4945 6431 1207 2529 2593 8446 7209 6356 8020 3967 798 4163 0 3535 6187 6338 888 488 4786 4807 2689 7002 5393 6973 6806 9052 3433 9614 1752 9690 9960 3425 1215 9939 8733 9929 9919 6732 2913 636 1467 6086 8068 6798 8131 7925 5242 8067 972 1674 6471 6097 7012 3130 7867 5263 8003 9603 8231 9041 9893 5561 1174 5349 723 7243 9916 6647 5236 9936 8118 3905 7698 6951 703 585 5050 2211 5506 6818 1674 4043 5435 5488 2499 9950 5864 5262 5158 3707 2210 3250 890 159 5244 9827 4567 4976 5003 894 6965 9671 2237 8035 9439 4050 5372 4586 2024 2917 7167 2536 5672 7958 3268 7744 2691 7774 7463 4596 4843 4296 2689 8142 2670 9866 116 277 3780 834 3220 830 9101 6566 9789 1092 8133 6431 5762 204 8468 8311 4058 9378 8062 1336 9310 4066 5061 7931 5466 5332 7606 8637 9247 6155 2680 4123 4791 2323 3305 6066 6384 3345 240 4468 1590 5809 6869 7983 6710 7991 2025 6076 2224 1108 2145 4024 3754 2027 3917 2859 6575 1805 9885 7447 5177 3650 2697 1744 6317 3971 5584 6862 1148 3309 7766 4262 9756 2493 1644 8441 7372 6942 5941 5579 315 6115 5625 9228 2404 4894 4974 6495 1635 4822 5499 1241 1326 3857 631 9412 8816 4945 5845 6196 5318 1312 1613 8863 1054 738 8745 7879 3688 6216 7172 8509 8803 1019 8794 7648 5035 4922 8655 3735 4170 5859 443 1257 5347 6132 942 83 8407 3423 8493 5104 2548 9030 5133 4752 1277 4575 1658 4753 1159 2425 9657 8732 4913 6105 9757 3576 5708 5646 1576 4619 8291 3785 1385 9197 4734 8556 4472 916 8989 6687 9331 8516 9520 461 7585
1076 5113 5738 3576 9368 4850 7030 3641 6699 6026 6933 5770 2460 9738 6391 3219 549 3850 7518 3535 0 8565 1142 3814 9888 8743 5561 5618 8914 6745 1599 4640 910 947 2172 5474 6431 7138 5487 7574 3530 417 3326 2805 8471 1039 34 7624 2401 6217 1320 852 8291 2930 5203 2937 5259 6054 7343 3689 244 7312 3843 5363 1755 3159 4110 3869 3927 2859 3635 1 9195 3069 7063 9135 9626 7207 7546 3607 4947 5407 9523 9505 7656 3037 9078 6074 7690 2906 4584 2700 2541 6182 3786 4462 3595 7049 1697 6366 4148 1745 6749 4215 140 8425 4530 8753 3208 743 2551 4345 2610 2744 3784 5228 2637 1752 2111 7165 8774 5894 1770 465 5756 4199 5085 1308 4903 3623 875 3213 7677 5964 7122 2201 8332 5854 3657 2342 4670 1418 7373 1915 9095 1275 3192 2314 6090 667 1324 2668 9810 6125 7182 2643 6387 2594 2542 4352 6957 9554 516 5092 7426 1578 8672 7892 3209 4048 3886 7011 3606 8108 70 8204 3798 54 2594 1039 361 887 6077 4701 5873 7131 2505 3495 9861 303 3574 5535 1681 1049 2388 739 8114 2892 6468 5734 5962 1505 10000 8778 6932 2750 914 9964 3703 9345 8177 8284 7392 5218 8499 1023 3415 905 7546 2306 5422 9123 2356 5453 1708 9121 8298 7491 6679 6599 6179 3504 1723 9672 8097 9856 2357 8846 64 261 7701 4937 2301 5951 7264 2506 5766 5668 257 9593 6356 5785 8655 6500 6388 5440 5706 8584 5527 9777 9128 310 4461 3678 1377 4711 9466 8202 1170 7588 743 6175 8017 6960 7322 8709 8998 4726 5453 1161 3514 2805 7148 9005 8910 7055 7702 6970 7130 8884 9769 9727 7980 1070 5546 1177 4387 8369 1786 3155
5452 4098 845 3282 7986 383 3143 6755 2006 9526 5709 5717 149 4306 2152 4605 6333 449 752 6187 8565 0 2148 7648 4558 5188 256 7864 4356 9664 4665 6941 5043 6480 2420 5011 6621 9010 1021 3083 674 5955 8134 2375 6478 1239 2628 9853 1628 3730 4546 7890 1801 7812 3856 624 7354 7051 7660 868 3909 5583 3063 5576 240 5407 1667 5479 606 1569 8385 6613 6603 7080 2261 4253 2640 7091 1830 4673 5162 734 4498 979 2663 3036 9400 1163 6954 3677 9495 260 1796 7877 6683 5412 1157 9073 7780 7612 2917 3385 2488 8874 1519 2029 3482 2978 6761 7642 8554 5066 7619 6094 4141 9635 9206 6619 4183 2907 4897 6880 9161 7282 9052 3140 4576 2171 5931 7493 706 6833 8410 7977 8638 8544 8521 1559 7468 9548 9521 6187 6510 1109 3543 8427 1515 9138 4145 1449 3158 4364 7602 7607 4753 5255 900 6663 4101 6426 6214 2021 6309 1804 2573 7895 8044 4159 9189 6772 6090 3991 9269 1270 5803 1045 1898 4432 6478 7664 7383 4935 145 5482 1664 8581 6015 9961 1004 6167 2134 6945 2678 2983 2851 9343 8707 4050 5252 6376 5816 3313 5592 5428 3599 2231 5543 172 1364 7857 6000 2337 1689 8506 7808 5448 5314 4834 5076 3273 8858 2573 9112 1868 8721 5008 5578 1734 1437 6273 601 2261 8695 2941 3342 5349 3502 6823 677 6085 8820 4749 2226 2117 3289 7323 3278 279 6211 3317 2944 5885 9381 9311 3379 5263 9951 4578 1031 7321 3894 9217 5584 7880 7832 3310 1967 1284 8676 9410 3344 3683 7759 4687 3326 9669 2465 8171 6100 9592 4462 3598 7601 3361 8076 8141 3634 1194 8898 3686 8455 5570 9988 6400 8541 1000 4749 4976 5875 6589
8154 7390 6833 4929 6922 3416 8108 4462 1315 356 6774 146 9740 4503 9168 9068 4887 6005 5639 6338 1142 2148 0 1915 3322 7383 9086 622 7454 9164 283 3514 7302 8868 4612 9220 8383 5342 8966 4033 2214 7910 1856 2413 2999 3391 4863 8338 1350 9735 3966 1078 9121 4646 4348 683 5213 8105 3131 9399 7421 4564 4970 1610 651 9269 8552 3046 6883 8069 6272 6880 1636 3952 4628 6273 5479 1336 971 3584 2124 8770 5657 5639 8719 9521 4908 301 7871 5464 1140 6732 9597 2543 4542 835 6533 2188 4046 8939 501 1992 8333 2318 594 9860 3962 206 2369 5289 4788 2943 1894 3765 5266 2709 5263 4099 570 8270 2424 6766 3422 4335 4023 7165 5769 4261 1278 2225 7871 3996 1444 445 2404 4812 1410 6988 9307 988 1503 3288 2128 5599 849 6813 5112 1651 3421 3359 3903 2007 6121 3332 8879 992 7091 7719 3913 1623 6584 9334 6743 4374 3233 3965 3410 2080 5888 1099 7913 3770 7457 933 9596 6671 4994 1098 3622 4188 9458 6204 6493 2281 9689 5784 609 7923 6383 1841 4836 5907 2491 3482 2260 460 3361 7621 1446 2138 4683 1563 2668 5753 1821 4328 6431 9431 888 4307 5693 8848 6701 4872 6180 5332 2334 2516 4139 1272 5724 153 4358 8762 4114 6424 7096 57 4079 9195 3645 2630 6406 3245 1557 9352 1017 7506 3549 7073 2944 4221 2854 6817 2216 5490 7222 8566 4495 1009 7256 5009 6689 8756 7974 9431 3217 6526 7978 8602 8697 7034 9019 5063 8272 7293 5623 7737 3904 3196 7260 6143 6316 722 3362 7861 1171 1434 6039 5798 2296 6114 827 2402 9201 4830 7929 6226 5694 726 4263 2032 869 276 4623 4434 8442 1114 528 8906
3406 2664 6502 3486 3585 577 9951 4213 3940 4197 9 7269 1077 1428 689 2097 4736 1891 4449 888 3814 7648 1915 0 6542 6855 2367 7508 813 6432 2392 2030 5003 4201 2164 523 178 6249 9426 9304 5501 6420 1938 2058 808 3159 5046 7912 5835 3252 2524 6629 5550 4248 2089 6348 3629 1460 2328 2159 8127 7101 8187 3941 3664 9136 9023 7330 8212 5710 616 5183 9549 68 6124 1833 9494 7692 2075 4573 7035 567 6140 5687 8610 3219 8046 2497 659 7194 8837 4694 4608 2227 5446 3904 1462 7721 9266 4282 7406 5936 7335 6333 5885 6178 9387 690 8053 6747 8042 1441 30 8789 7379 992 5571 6950 3048 137 8302 7866 4099 3870 323 8634 2297 9592 3917 5118 7790 2413 6352 5272 5084 3535 3470 778 1511 2423 551 3657 1658 6349 5634 5885 2557 2092 8483 4084 3589 9195 4303 4978 59 1710 5947 3216 3233 2983 7379 2354 6675 4353 8825 168 3100 9208 4542 2379 9019 2930 6478 4608 566 6887 7768 4063 5075 9382 2857 5298 5937 7187 5339 6227 1058 3854 9439 8898 699 8233 6601 211 6750 1260 8935 7267 6989 2128 3364 9247 1442 2372 2916 3027 8150 131 4028 3596 703 8919 2847 9332 3963 1409 220 1236 7334 4043 4902 2096 2073 2710 7859 9451 5852 4553 157 3681 2873 6172 1127 6256 1744 9128 4346 9753 7493 7008 8845 94 9747 8742 2845 3558 1298 3651 7201 1913 7317 8589 3048 7347 2603 725 500 7673 1742 9653 8803 6227 5602 4761 9548 2616 1508 560 9248 7965 4147 7715 1756 7844 3625 8880 7220 9826 883 586 2892 3149 7287 552 4549 7557 8430 8925 2384 5091 6466 5625 1830 9782 5386 9132 8308 7392 1535 4257
2655 7513 8933 9176 1248 4315 2762 7521 1104 5541 8024 4944 9817 6891 4453 2331 2028 3414 9200 488 9888 4558 3322 6542 0 646 387 23 1707 8753 8969 5380 3321 7566 1633 493 8321 5483 9674 3876 3528 9183 5308 4546 6983 7181 6102 7197 974 6922 4349 7188 6955 6481 8962 6904 270 5006 3048 2015 2185 8212 5051 9579 9004 7810 5863 777 3025 7870 8418 2605 2045 8883 5119 2035 5933 2265 9023 8436 7739 7658 4576 7218 3102 9431 331 4116 4402 2234 2281 3863 4075 9357 9344 5273 6734 8847 5690 8864 831 298 3514 1014 7041 1413 2109 2728 3279 4359 3192 4522 2113 4176 4547 413 6327 9895 3053 4858 3977 9763 9801 4254 1518 2096 2132 220 9443 9678 4921 3110 2980 5379 9123 4639 7333 207 1484 1098 2856 5212 4564 5301 5839 7740 5559 1123 3092 483 8868 8264 9996 3366 960 3886 3385 5620 6624 3562 2365 5109 5034 2036 5252 1162 2091 2971 2276 9682 4014 9684 3630 1879 4561 9350 5386 9848 2232 370 1468 4145 5294 468 232 946 9913 8379 167 3625 2828 3788 8557 9674 3956 4589 6094 2292 5181 7730 5888 3418 5364 8682 2584 8614 1815 1187 6033 8531 4047 7174 8792 9257 1261 3477 5096 2860 3667 9491 2691 2801 4626 3701 3735 114 4918 3527 6828 9170 7595 3336 7962 8264 7492 3985 5230 4310 2839 4906 6679 5700 335 6454 6721 2089 7497 7065 6027 8046 6521 3467 2511 5236 9868 652 126 2091 961 5242 9612 9949 6770 2447 1181 9822 8465 188 8038 403 6117 5017 6711 5561 458 1225 3975 2797 2555 210 6736 7296 4574 7494 6623 8339 5477 2492 8388 4127 1837 2617 5044 9948 9196 7626 4283 5186 9137 6631
7858 621 2419 5724 6269 7423 1300 509 9938 2714 4926 7845 2107 8516 3234 1764 1310 6461 2695 4786 8743 5188 7383 6855 646 0 1073 5008 8462 7589 6488 4930 2719 3103 824 1923 2146 9984 5905 519 2950 5207 6185 9520 2126 8742 5782 5349 1249 7603 5391 2106 8748 576 3992 6008 6400 828 1899 3149 1210 3971 1160 3794 4621 2766 2371 3727 6724 2402 2319 7597 6566 5313 5858 1212 1046 2656 5278 299 1875 834 3740 934 838 465 531 9103 7655 5244 3187 7173 7491 9751 4946 9229 4076 2999 8666 8439 3279 7718 5325 6608 5746 5291 6165 9036 1992 3051 2159 2536 9866 2473 8411 3850 5406 1172 2758 7095 5725 5144 6262 3652 1992 6385 9727 1449 3821 4914 4673 4370 7529 1792 6384 603 6990 5399 1483 7389 365 8976 8275 1966 8846 4855 6756 9816 8664 1113 9594 6982 5583 5390 5114 9790 4931 1592 5481 8868 3220 892 1533 1168 1519 5903 9618 5587 3599 7423 9717 953 8337 7595 9133 1446 4135 5826 321 8348 2486 7736 7383 901 5659 779 4541 8426 8059 2068 7582 9364 2196 3841 5134 2900 6744 5226 409 6999 1562 5439 6711 6411 6843 8001 6596 9539 5157 438 8309 6811 7469 8142 7299 8760 7196 655 6298 4371 4316 943 7937 5255 9718 4086 3585 3382 13 5430 2696 5926 6658 6634 2809 1517 5706 3843 6636 9073 3413 6037 5736 3720 2269 4498 4916 2237 1978 9453 8621 2389 1964 9418 7106 4717 1837 3666 6731 4370 530 7607 6381 1115 5074 5385 6631 574 671 111 7267 9291 8041 3487 2759 6558 3191 8131 9297 1210 44 6389 4803 7406 2530 9492 8510 3570 1551 7120 9850 8318 5420 8411 9849 4981 1425 4124 456 739
6653 720 3359 767 56 2019 35 80 8140 7350 5401 7433 8628 6629 7552 5893 7863 3376 513 4807 5561 256 9086 2367 387 1073 0 8799 6016 1488 4322 876 5070 6263 9966 194 9766 1327 9291 3440 4809 6028 9649 9483 3468 8790 7157 2678 9162 6293 7603 7193 6941 8237 9022 5388 8651 9860 2961 4569 2120 2884 999 8112 576 2107 986 5998 1701 6217 4088 2881 8845 6232 1508 922 3799 2983 8283 9447 1899 6760 8498 8293 9451 5346 512 4432 9114 6809 90 2298 9564 3143 632 7388 987 6131 1830 2327 67 9262 5058 8093 3171 8516 2607 4822 4152 89 8841 5957 6387 9054 1525 7654 9798 6027 2505 7857 9621 2463 3636 7160 7676 4949 8412 8031 8993 9639 3926 8874 8176 3473 9211 2821 1898 5405 8084 3051 4531 4185 3814 3365 2940 3810 6287 5971 8265 2378 8314 418 6402 8953 4121 8565 9680 1709 6222 3952 1811 3291 9920 7610 8420 1351 5707 5822 4498 4524 4151 2211 8315 4370 8131 65 7629 7811 51 7090 9588 2674 1634 7650 2824 5253 6833 8180 3078 7390 6870 1944 9571 1243 8483 4075 8810 6758 3652 7049 4969 1501 5601 7830 3021 590 7228 3875 9566 954 2755 2402 664 2637 8117 2474 1216 1205 855 5084 163 8187 4013 4371 5349 5575 7564 3331 9229 4694 7962 8730 992 1123 6835 6296 2183 590 9383 9979 4607 4143 6300 8688 7618 6659 1876 7831 6145 2368 1242 7240 8796 3174 2375 2436 5436 429 5681 3601 5597 2653 7664 8977 240 3419 3998 4968 7912 2393 2951 1497 6671 2906 4365 8570 5591 5285 1856 7893 185 1888 9014 329 9254 7105 5822 248 4412 2126 378 9285 7904 6183 8661 910 8984 5004 3810 9455
