300
0 387 3817 6253 7018 640 2928 5105 7396 8183 4958 7368 9566 230 6828 5831 2154 6678 3501 129 3358 9305 5856 9516 8184 4345 6290 8639 7008 5023 1185 4451 8689 2936 8354 1673 9238 8629 5810 2491 9579 7063 2360 2043 6042 6795 4018 5771 3452 8289 3962 4814 2988 6904 3497 9452 1867 3389 5262 632 7174 7595 7329 2849 3946 1284 8208 1931 7924 9465 2949 1 8988 7423 8191 9566 9139 2930 2433 5572 8476 3981 5517 4198 6997 3360 7845 1282 2674 6422 8942 6967 3864 8020 8917 4655 6823 8401 2936 1250 9950 9367 4865 3905 6939 1884 5893 6447 8184 5613 4197 6817 139 3855 8105 5302 8622 6265 3470 4586 1782 6552 7176 9114 9994 2115 797 3266 4743 7015 9022 4610 7139 331 3416 3029 805 4836 7753 2950 5156 3325 4232 791 3275 4417 7959 8546 7101 3844 7671 6850 6444 5314 7550 8737 5174 8405 8883 4793 5636 4150 6189 7841 4444 5238 8169 6558 2132 7538 6595 3836 5994 8058 6896 469 9809 8069 7456 1680 629 8819 2201 7215 757 6664 639 2176 9920 2904 8488 7266 616 4256 1486 1760 9735 9360 820 6716 6002 5734 3445 7549 7799 9074 381 5986 1408 9206 7862 3148 3222 4924 7048 413 3906 1733 1030 4932 6821 9647 7650 1120 2422 8395 9423 1365 4673 704 7903 1391 5888 8757 6229 6973 1131 3744 8579 6479 4566 2574 3812 3067 8392 373 4673 7887 8242 6334 7352 6482 463 8572 3786 2309 4788 8418 9138 7804 509 5496 3566 8495 2768 8848 8071 8856 1569 6976 7323 9004 9921 98 672 9992 6809 3144 3548 5134 6965 697 6541 2555 700 3784 8430 5188 7127 6761 9643 8474 7676 6463 267 6592 4401 1298 1921 388
387 0 7490 1094 9754 6898 3715 8054 7093 7612 1163 9540 8677 4141 3961 3299 1261 799 8401 69 4451 7376 2106 7234 3425 6643 1728 4425 6762 3028 1116 9563 990 8787 4371 1477 9951 1806 4335 6368 5030 4884 2127 7710 121 415 3725 4236 393 7407 3054 5502 1245 4311 7231 2939 7331 2791 5337 7255 6361 956 7302 804 7482 8982 4844 247 5361 5051 784 3776 6173 3132 9135 9968 1298 1702 1638 1605 8771 7218 11 4049 6738 5770 9193 5655 3614 9152 9125 2937 2798 9958 3637 7544 4351 966 2198 1219 6960 387 4124 6255 7619 9789 2297 2118 7749 1276 5940 4361 3490 7683 9510 2002 2240 3899 2727 4759 4169 5211 8314 3632 5087 2148 7469 5768 4872 7163 2823 8670 8995 3464 6761 5833 4904 20 4818 8639 4055 2172 906 4644 1453 8400 802 8633 3936 155 7002 844 7198 2940 2563 7910 1517 4293 6878 1781 9910 4408 6572 3001 1051 1835 4532 2030 3421 439 7856 2984 1338 8520 6625 574 4123 7767 8142 271 7972 1566 8958 1592 4942 7097 5892 2492 519 3994 7663 3816 9379 3646 7360 9957 6703 8499 3235 5498 8956 8326 3049 4819 5917 2107 1328 6226 8585 7034 5959 5037 1261 6972 4076 2242 3018 4108 9150 6708 2886 1153 3096 8646 4599 5724 7701 4643 7527 734 93 780 5521 444 9701 7548 9958 4478 2923 5961 4741 2297 7492 9354 1294 150 9477 518 3789 1991 1553 1161 983 1098 7568 6236 5062 8715 8249 7497 6908 8522 8929 3259 3695 4004 631 9357 3837 5064 8763 2981 2670 1245 884 5901 4740 5713 6798 5285 6227 2251 5329 4729 5800 1596 5729 5613 4561 1677 7322 1022 9006 5844 870 1923 6021 5770 4397 7521
3817 7490 0 6980 5228 4690 36 6322 9057 9820 9939 4484 6130 8848 4344 9811 6792 9375 4993 6289 6039 9607 9826 5696 4737 1035 4345 5112 9371 3357 2659 6866 564 4979 121 9764 8886 2061 7563 295 9493 2619 1722 8254 1955 2240 8291 443 559 1703 6540 9638 2232 1123 6340 2097 2986 2364 1304 6509 1930 2223 3624 8749 7842 7107 7683 3966 8241 1772 7763 4431 3503 2679 5332 1690 6213 4522 4163 1477 2685 5264 827 7486 7867 9894 2380 8647 7511 9042 6447 8939 7148 2942 2623 4618 5564 6369 4377 3330 9714 5571 6726 8748 2244 8455 662 4231 1207 1674 523 8559 1118 4141 2377 934 4635 4730 1457 9499 7285 4477 9509 8363 1573 4655 6064 6005 5752 6450 282 4782 6902 2065 2781 656 7770 5907 7439 40 7677 379 4256 539 3184 3576 2245 6802 5134 311 6564 5032 3135 6586 6548 1908 3046 7070 380 7591 7377 2961 609 7644 2419 5224 4321 6481 6050 8036 5142 8726 4286 3285 7339 1598 910 3521 4645 5425 3768 1787 2042 8066 2640 4948 3203 9299 9574 8841 2356 6885 93 7558 389 4995 8723 8134 4026 5199 8026 6104 7250 9321 2965 9281 8348 6300 4449 2966 8679 922 8321 5180 9533 7551 2055 9312 9126 6412 8210 5399 4425 1896 5781 2374 663 3620 7224 22 3753 3586 5474 3961 4048 719 4770 2774 8556 6015 4468 5423 9667 4531 1031 6528 5200 2940 4388 5161 8155 45 9492 619 3053 7075 868 5898 6044 6064 8537 9447 8438 9456 4791 8824 2243 6095 2989 1465 6022 3723 6260 65 8518 8179 8590 4942 815 3295 9126 1218 8358 3100 4160 8935 7197 6022 5191 8867 8947 1438 3237 3632 5592 3674 480 4364 3618 6580
6253 1094 6980 0 6359 2148 3831 5791 6252 3904 5156 4178 5560 9229 1092 2766 8133 3462 1149 4278 3967 2107 4266 6355 5259 6285 7306 4643 2946 9769 8310 4089 2974 4414 2869 4484 9858 9244 2778 9254 6028 9129 1851 4924 3210 808 4904 261 5474 2082 2471 8940 5862 1619 2188 2921 2242 901 9720 4936 7837 2935 4023 1633 4679 6210 7779 9887 4811 4516 8533 576 1379 7043 1087 5454 4808 8815 5376 107 3241 1446 807 8290 3187 5795 540 8692 5377 6757 8127 5988 9718 975 8236 8222 7390 4555 44 9052 7954 3473 2428 1531 1062 2776 4139 7696 6162 9333 9254 6875 5342 7579 2415 5258 6811 4244 2381 5539 8266 7687 4582 6682 631 8276 7581 9866 3594 4829 2 9329 5412 4381 3668 2304 6136 6290 3073 803 9376 1043 5271 6087 1717 685 214 4299 6267 261 6802 4175 7884 7803 3175 4922 2620 2199 535 9376 3693 4393 445 9867 4105 4160 331 3899 5526 6005 6446 7293 8155 9909 6353 4852 6542 2469 8362 9841 7534 8734 1591 72 3831 5676 6650 7311 7873 7588 462 6033 5139 7176 3651 4872 1120 8232 3877 33 7617 7074 7690 8452 3394 1685 8512 5371 4046 460 346 1128 4367 5446 3207 8206 1033 5303 7943 9289 4397 307 9216 7371 6863 9372 2936 9580 8091 5889 4848 1055 7794 2761 9256 1911 2047 9236 9821 9772 7617 9435 1431 4993 5190 6740 7304 1466 1395 5495 6051 4919 7022 7227 622 513 276 162 2822 471 406 9747 9492 106 1782 6056 1923 394 2797 7454 4003 7845 9186 2964 9823 6281 9207 3796 7894 7350 404 3878 5142 7105 8400 5445 3899 2239 73 7152 9124 2293 1234 5068 1675 4271 9488 5192 3392 2544
7018 9754 5228 6359 0 118 5747 4609 3441 8721 6500 8147 5613 9271 3539 4880 9000 1926 6480 8601 6920 4107 4934 3550 2980 2308 808 325 7932 2848 3332 303 8741 9473 6240 8832 3012 9383 7014 5622 1677 9255 157 2439 3583 6635 6847 5108 9971 2057 5468 4454 4085 154 8439 1083 6504 5396 1857 8232 7587 378 419 4977 7067 1430 5239 1597 5556 1374 4011 5252 7500 5115 7898 4115 3563 1962 9244 7432 7354 99 3715 5055 6547 9129 8781 3682 984 1098 7781 8841 6922 1572 2450 599 9679 1198 620 8444 4808 2371 1021 1615 57 614 8333 3346 5263 4648 1215 9829 4943 3316 3329 3117 2476 2981 5101 2036 7622 3914 6408 7323 9494 3083 2589 2134 1562 1157 8468 2070 2383 2127 7672 4959 1225 4837 2197 475 8263 3513 5081 7857 5634 6672 9229 5066 1522 103 2711 6941 4559 5976 434 6783 1648 5669 4850 7109 616 9641 6926 5446 6659 3864 1014 5755 2687 1645 2831 8494 121 9209 9283 9490 7801 8274 9579 49 391 7789 436 4134 3501 2062 6232 6703 502 2590 3027 834 1669 4356 1822 8423 9856 1324 5655 2136 1879 7440 5869 2262 2704 9461 1871 1000 4257 5040 7003 9212 900 8006 2533 5161 2679 3509 1969 9125 2930 1794 4718 324 9423 4508 4177 9473 8256 8296 2052 31 1224 9333 4897 1130 4277 6025 3761 9418 4924 1430 7416 882 3429 2827 5392 5384 3794 953 2101 6058 602 3666 4404 527 1970 3293 339 5481 5023 9425 2033 531 6463 1520 148 5556 1395 2187 952 5699 7676 2838 4794 4069 7064 8962 3029 1703 9485 5510 5780 5730 9126 2376 8383 7360 8185 3774 457 2572 5977 6874 3161 6300 9421 4352 821 5751
640 6898 4690 2148 118 0 676 6725 8092 2980 8482 59 8727 3336 8606 470 9952 7694 4001 6507 8402 8694 8225 9133 5251 5957 579 9294 1397 2541 5205 2545 4034 3183 8246 1162 6706 2047 7149 3038 1013 4103 9952 8525 4573 5597 260 817 8015 4997 3355 2 7404 8678 4389 9346 8676 2642 4351 7369 7719 940 5295 831 5179 4040 8132 3464 6037 4238 9466 9071 335 2696 9247 9724 351 4325 9332 5255 7389 6151 1022 1799 9734 2040 3196 3581 5725 2186 4753 8059 6972 492 8446 6638 528 4604 9359 8860 1004 476 9709 7601 7437 6862 3408 891 8526 4564 9323 8229 4047 3618 3838 5215 471 3437 5289 4146 8011 7817 2057 1390 3570 9857 6866 763 5467 1444 3961 898 7845 1496 5607 177 6039 6360 2868 8648 8085 2104 3197 3056 4635 7827 4167 7130 4494 954 4651 4809 863 4788 8847 6591 6353 6779 8259 2723 1972 2562 1410 3565 3555 2757 8528 4579 9106 6349 9186 4251 9608 9499 1137 2794 3591 4073 8188 9989 7346 7266 8425 6196 6327 6429 1234 2393 2145 2560 4919 7020 4234 3353 2557 7796 4118 1530 2774 9977 619 6019 2344 5626 6531 9402 7364 3694 3758 7069 21 6311 103 1337 4171 5125 7594 1292 6992 529 3419 8727 680 9910 5905 7287 2156 3270 7794 9264 192 736 900 8103 9469 634 2870 6812 4496 4837 6075 2969 9417 5789 9049 141 3415 8772 8143 6152 2808 3560 7907 1482 5976 5235 828 1809 3941 4802 2704 8930 1147 7530 3487 6039 314 7138 402 5069 6257 7130 6236 8479 4175 172 1513 3577 9081 8981 1461 1404 6278 2853 5309 7165 4695 6199 4073 8784 6382 2946 6492 6817 3727 2841 6022 9049 7817 7183
2928 3715 36 3831 5747 676 0 8731 1126 1837 3382 7787 6512 7582 2300 266 6490 9371 9207 7616 1808 5432 6692 1308 5454 7519 6948 7880 423 9877 5841 4903 4504 7051 8863 4123 967 9133 5862 4693 8797 2565 6146 4953 728 3888 4965 7392 4631 495 574 9090 2177 6093 8587 6775 5374 5291 8699 9043 4228 2553 7976 7703 9078 2336 8120 9704 5761 861 339 8874 4639 2576 5575 8723 8047 873 108 2603 1467 2157 9268 3415 5485 9659 7343 2158 8050 9323 30 6540 4257 83 9278 7703 8268 8091 3516 8969 2493 3506 4780 3326 9069 582 4391 966 3921 1812 8642 4641 8378 7589 7287 9814 2322 3629 2088 7757 271 8640 4616 3544 5102 2397 9590 8767 3676 5270 9954 3655 8821 4929 9697 4834 2796 8717 3513 6028 1985 7548 2234 4421 2947 7883 9105 8404 6132 9336 9215 3150 2193 7793 8065 1483 5931 4145 5202 3596 5300 5708 8816 2317 7322 7736 8718 8975 1824 5640 9315 7466 7948 7127 7235 1022 5145 4072 9851 2163 5695 3233 8791 2847 9539 4930 3147 8947 5848 153 4196 5771 7984 8074 9354 1396 9119 2160 9199 8958 9248 6440 9476 9598 1045 8135 8653 5083 8157 1501 7377 7594 6741 8352 2374 1245 5866 8421 7370 3109 3209 5578 1271 6002 7083 7574 3895 9340 2086 4317 1170 5925 7497 1307 8982 6045 2704 5496 8608 5118 7770 9376 7385 3287 4966 4531 5789 4083 6773 2383 8179 3071 2788 6079 5496 4963 6107 530 5018 5565 9506 7290 8792 3966 269 2684 3901 9911 7090 8018 4617 8173 2698 2024 6300 6841 5070 609 5649 1623 6241 5594 1835 6846 9872 8455 7423 8106 648 429 4475 3265 1329 3893 2853 7602 6524 7351 4465 7972
5105 8054 6322 5791 4609 6725 8731 0 476 4081 26 1472 5621 1412 7918 1578 5159 7299 6884 9630 7042 3641 4677 2437 1137 555 2574 2371 9641 9048 9262 8804 6236 4291 5567 6998 6340 789 8931 2169 47 9342 8677 9663 3022 727 9877 761 8119 8114 8274 5381 6809 3540 9367 5547 9755 8631 9511 1785 5893 1064 5871 8557 3902 5088 7453 3061 6329 5835 6858 4037 7667 4206 2847 2139 3087 2665 3989 3958 2872 2305 4016 106 606 2895 3001 3994 7676 6457 2407 2616 9862 2649 4946 456 715 1967 3698 9423 1898 8571 9016 1305 450 2431 7617 4723 772 6190 186 7836 7185 7652 5239 5247 8694 410 3991 1744 1996 4222 6143 8659 4003 2558 4652 1942 5443 6260 2336 966 6409 2281 9589 7144 4113 4515 6672 8809 5146 4703 577 2734 7725 7367 4784 9041 1940 8738 4006 7281 2531 2036 284 8107 5501 9887 5184 8610 7489 1641 4700 1310 8432 3080 7119 985 3578 2833 8584 8445 2463 9381 7726 2732 5744 43 1019 1126 2450 6899 9498 5052 177 9443 4824 5170 9731 7525 3599 8533 1980 1100 1999 1456 8501 8767 8982 2290 5080 3884 4055 8802 5694 5219 8189 166 4720 7375 1127 6204 6098 652 7169 4516 1176 5288 2431 783 5670 9928 8241 6949 1194 7916 8084 4740 5703 3010 4576 7246 7415 8517 5156 6708 994 3080 7762 6137 8568 1287 3238 5509 6904 1002 6247 3401 4737 533 686 9706 3674 9058 3513 6344 4945 6425 7557 9354 3069 9539 5396 5136 5896 7343 1312 97 4339 8386 2764 699 3158 5341 3627 8192 1205 877 4311 5050 157 6006 8499 8319 9790 6132 4510 9390 4752 6098 5426 2876 4449 5961 9736 4342 6866 4773 9006 7804
7396 7093 9057 6252 3441 8092 1126 476 0 1367 3620 5461 8209 7155 8887 6701 2166 7671 1013 4757 3890 5819 1233 1715 675 6605 3651 6363 3087 1262 5985 3525 955 1917 7472 9090 99 4812 2542 1298 2640 9444 7491 7972 9395 6364 8953 1858 6018 3781 5087 6314 7971 8502 4055 6216 2582 1941 6280 2508 7405 7945 9725 9215 9203 9304 4062 7433 416 2712 8181 9052 6297 6416 3671 8256 919 4024 1840 7099 9431 5294 7174 2008 8442 2612 384 9043 6319 3311 5416 3712 2321 5883 7602 3322 6511 3830 3833 8169 198 5971 6809 9735 1741 6160 6091 5483 4376 109 3803 7574 939 8024 4821 7739 9412 9249 2363 6181 1904 6329 1125 7149 6940 6110 3017 8264 7792 4372 2712 9099 3559 5726 7832 3407 7443 9237 3584 4647 3030 8850 8795 5523 4033 592 8691 3422 6538 7476 4315 1669 2217 1100 3607 312 6841 896 4886 240 4286 8001 795 123 2981 2634 1008 5218 2431 1549 2947 2983 1645 4381 3641 6666 4836 2499 9346 2157 5407 140 4951 2752 4339 1609 4626 2973 765 291 467 3194 7191 8980 4627 1657 5570 4290 3094 5238 628 4823 9370 8351 9543 5913 8224 5762 7550 16 5507 916 4912 4495 765 6478 4399 391 3829 9752 5346 9577 3203 8134 9453 747 2922 1172 5167 9068 9227 8970 174 485 6739 4769 3564 9106 9806 5118 6103 5766 2515 3864 317 6815 1731 7485 8045 6281 6696 9875 4552 885 3995 486 7935 7829 8378 8362 372 8283 7778 1440 1609 1173 4178 2839 3792 6236 3467 88 1177 119 3182 7986 1487 8466 3391 9656 8528 5752 4591 2662 4661 7776 6601 2716 7074 3644 2713 8867 5269 7415 9896 8222 290 1710 5904 4440
8183 7612 9820 3904 8721 2980 1837 4081 1367 0 7356 206 5008 2741 8707 7648 5292 8406 84 6594 6968 8246 3222 68 6160 9078 9702 510 1831 9629 5181 6430 3178 5765 8994 9970 3644 966 3735 9005 6992 4005 2586 8845 4340 209 8820 7369 8690 6865 8126 81 6503 5174 4077 429 2756 2540 429 5785 6987 1730 9461 1841 6506 9991 7461 5696 6694 5182 5862 2268 5360 7153 3025 3792 1983 7584 819 2840 4737 8806 19 3351 7962 6207 222 8910 7913 3739 283 7228 6955 6857 9939 9948 3429 9280 7523 4060 383 2693 1488 1813 473 3766 7351 7734 3672 4555 5300 6812 303 1504 139 6220 3096 5540 1596 4525 3911 311 8402 4713 7029 4392 3594 2000 7803 6600 2092 9845 3277 1485 8466 4783 7152 7455 2896 9230 9710 7896 7119 187 490 9445 2383 2781 8512 6353 5582 5631 2251 1656 5085 3137 5248 6078 4478 3089 1411 7848 4862 1612 9448 1541 7296 8156 8065 9729 8142 2551 259 4348 7062 566 4767 397 4119 7615 5970 6852 943 6966 9392 2858 2029 5036 5691 907 7301 8431 7256 7991 4198 9094 2701 8188 8346 4355 6213 4322 6290 8995 3967 3419 563 988 171 1018 1558 5384 8889 9428 4152 1324 1775 5114 4621 6158 2086 8082 1887 3565 7614 6909 2149 5210 303 7778 9778 668 8747 9193 145 9823 1343 568 6329 206 3067 5543 3076 3518 9462 1461 782 6559 5512 7583 8887 5733 1845 3273 7371 8424 7283 5458 8740 9396 8491 4461 3448 79 4679 1196 8206 7383 7020 8642 7451 1350 2174 9399 4105 9829 2144 4153 4777 5207 1433 3382 1527 9485 2496 7247 6177 2145 8315 6648 4845 3118 5061 1035 3544 2724 8851 9553 1294 9530
4958 1163 9939 5156 6500 8482 3382 26 3620 7356 0 1450 4401 7307 5391 5436 9248 4554 2395 6356 7418 2073 3183 3676 536 3963 9623 8290 8859 5958 1705 9875 9576 4632 9376 9516 3663 6251 8361 9438 7069 4175 5231 2382 7429 6009 7106 9809 8383 8005 7014 110 7667 6409 9003 6787 749 348 8213 233 3069 4933 5218 4162 7253 5586 5645 1005 2597 7767 688 1486 8983 8496 8774 2135 9901 932 5554 1158 9243 7609 4423 5171 2196 5672 7722 95 1788 6722 6943 9000 3085 6354 909 6348 5936 253 927 6541 9065 505 6824 732 2094 5229 9369 7572 3362 8797 1182 7938 6960 1367 8683 651 8502 1133 1846 4447 8264 1205 6999 5435 5328 529 8318 3453 859 9673 6306 1754 1352 1855 4825 8974 365 7360 6353 9343 6459 2662 2220 5967 7045 5436 4977 4164 1655 1055 4477 8383 3036 1804 2002 3260 9535 4858 2130 2822 3062 3360 1826 307 1600 9325 5945 1934 1313 8067 7109 1943 1871 1759 5411 2133 671 7262 5692 7931 7677 2803 50 4269 1995 4868 6557 5351 2168 1006 1606 9436 1194 8716 1701 5646 2451 3781 2939 9530 113 8450 5075 4913 2019 2016 8340 6945 2634 8841 9100 1188 8083 6246 1632 2794 1156 2388 4132 7310 8790 2586 6407 25 1572 7061 277 5586 7461 2844 6028 4068 4363 573 6227 2552 9799 1613 2136 7224 2828 746 136 8413 3277 226 9520 7244 802 9741 9905 279 926 144 1931 3660 5981 3181 602 3810 1825 3875 5773 8391 3966 2162 8047 4408 7991 6541 587 508 6078 9387 9491 5598 8195 9736 4039 6471 6091 3868 6424 3218 2635 1594 3696 9372 423 9675 9273 296 8044 6034 6694 1605 4287 8615 6607 4264
7368 9540 4484 4178 8147 59 7787 1472 5461 206 1450 0 2583 5598 7910 5871 3968 5673 8357 5863 4009 871 5431 8186 9125 5527 7323 1597 5693 5528 776 8296 2089 2129 1235 5371 5215 9800 6033 4259 4962 6286 8248 8901 151 7543 9411 3478 8586 1375 2855 3156 6385 7527 7401 3591 9102 7119 2004 1224 9146 2979 8352 4313 6267 3311 1704 996 5007 6896 7976 1121 4108 8649 8385 295 4247 6533 5166 6911 9917 2559 7496 192 5835 4084 8249 6172 6468 2373 3312 1890 9405 164 1202 5783 2339 1618 2990 9699 7038 3474 2969 4782 4077 965 5040 9958 8106 9008 8912 752 4311 8871 5083 5089 8497 1422 7612 4568 1123 4150 6398 7916 4130 7750 4137 6924 4952 1033 9819 4198 9372 6186 4673 6995 9438 8618 7860 4968 2236 1827 1338 5748 7941 210 3165 3052 2033 4007 4974 5988 3189 1687 9302 2273 1206 8670 5334 2882 1005 5022 1151 4639 8271 9477 6494 9594 7313 4262 8566 8908 6376 9047 6744 5484 7098 7949 6193 2153 1877 2957 5127 8440 296 6491 6747 4339 2191 5897 5462 3029 9327 4428 112 1707 6342 9869 7546 9987 748 1296 6033 7950 645 7690 4969 8659 9549 1732 1375 8735 6706 36 5853 6333 323 552 3705 7988 2667 6847 885 4777 6689 6129 8447 8587 5895 2841 9387 3128 738 3420 6964 932 6971 449 2905 2680 4841 1366 7458 2063 6502 9063 9742 7843 3181 3246 579 7756 8421 3921 7822 8550 1230 2144 1750 5958 7577 8057 5682 9260 8548 7678 7573 7434 6041 6790 5937 2411 602 6445 9713 4113 1040 1043 9172 3389 8981 7374 1577 1052 5652 8740 8347 5610 4947 5442 5301 2232 4594 595 4415 9236 1768 3085 7657 2478
9566 8677 6130 5560 5613 8727 6512 5621 8209 5008 4401 2583 0 80 6942 3257 239 7262 8039 1433 6995 2054 6841 5767 6419 8972 5404 8244 5776 9872 3038 6507 1180 2956 5821 8269 1013 8260 277 1397 5504 870 1694 4586 7894 1691 4874 837 8576 8591 2697 9377 2608 3892 551 6417 2221 9982 2932 7879 1066 500 374 3523 400 196 3900 639 9477 8799 1016 7464 118 1686 1706 1342 7578 2544 2979 112 9867 3583 2433 2940 7497 4288 8870 7509 9167 3020 8357 9261 869 930 1228 9775 2224 3777 4953 4675 9859 3013 319 3288 6208 4491 4213 2447 635 2839 5726 9780 210 1118 1524 4941 9807 5475 8129 9982 3798 2936 8280 1960 6899 3712 2382 4408 4051 4412 4784 6654 2408 9798 5192 4407 3677 6601 4738 6757 9261 763 1570 2436 5945 6464 7975 491 7089 7753 6992 95 2696 4248 5572 2622 2295 846 8748 5178 7943 9018 1526 2326 5458 2342 7035 8784 1562 1981 3260 5878 8700 4420 491 7444 777 5537 9071 8061 6362 4555 1271 6464 9989 1846 3415 6791 1955 7526 3821 948 9202 5955 5635 7096 7773 703 4074 575 5940 8747 4789 3981 7382 2325 1526 4019 4433 1553 3428 6155 404 6609 8618 4358 5328 9737 598 8108 5480 172 1426 8183 1469 7046 4924 6342 5065 2408 7929 7277 8287 9763 3555 5869 1722 4423 5939 5210 1104 265 9283 6103 3211 2282 5664 4331 2012 43 860 8647 4721 288 2088 8879 3959 5533 7073 9869 3099 2238 89 4579 5130 7222 8735 4436 636 5377 7015 6806 355 8232 1693 3535 706 827 129 762 225 1082 285 5022 8190 6443 6529 5727 4274 762 2152 2835 9172 3052 7792 4983 4503 6419 2832 1342
230 4141 8848 9229 9271 3336 7582 1412 7155 2741 7307 5598 80 0 1566 2414 5740 9490 9395 6495 9516 668 3165 1710 4692 7156 5861 6745 2526 2485 1339 836 1409 6359 3273 2204 1476 810 9328 7096 9382 7791 7440 2372 4568 9581 8876 1760 7902 8938 7178 8623 9899 1716 2533 5992 3256 8873 8040 5836 6053 7377 6543 3804 3555 5038 3570 6000 5246 6750 9250 628 8553 4322 8162 9017 2538 167 8683 6657 4713 6614 8907 6252 225 7616 7827 2912 5376 2066 6668 8918 8405 4377 4889 2219 455 8385 7998 2704 5674 7457 1231 5680 1205 9579 7838 8330 9458 1563 4844 4786 4029 8806 3163 8520 5019 1009 1615 3010 3755 6886 5139 1576 7435 5150 8646 1644 2315 2020 1312 8917 7878 1509 7203 7224 2189 7038 8370 6779 472 9042 3508 7948 4218 5810 4239 300 8480 8134 8536 3072 5881 848 2770 1514 8744 9835 8157 9731 9856 3247 8550 731 5628 2907 97 3822 9581 7410 7207 1357 722 7676 939 3478 4373 981 2595 4871 1917 4188 3962 8806 2818 4026 1110 5075 4672 846 6671 6355 6238 6957 4121 5409 7288 3261 6751 7205 6508 9573 7268 2729 2012 1450 2645 5766 2230 669 8756 8854 634 2547 2469 3614 8319 739 9512 3057 4009 8970 1719 4230 246 3565 4383 9368 4580 2308 3659 6033 519 9731 8329 9195 6220 9125 40 7656 2260 9175 2305 4202 6126 5851 9590 6437 9898 9142 648 3876 6426 9620 1484 1677 4264 3995 7394 7774 3930 6136 9002 5969 8847 7609 9469 3468 6140 6897 1566 5054 569 4187 6803 6020 7020 6841 3164 1687 3871 1275 4045 6410 1459 2091 2399 6247 2762 5931 3907 9227 4841 8005 1319 1140 3437 351 4472 8215
6828 3961 4344 1092 3539 8606 2300 7918 8887 8707 5391 7910 6942 1566 0 2370 7804 2972 6345 9277 4661 3003 4364 35 530 6588 1263 4392 714 9661 457 3511 1292 5096 52 4519 6097 2350 1142 2092 3027 6656 3365 125 3833 8135 6830 735 2543 3624 3719 7014 1015 5413 2095 6918 2912 2145 2432 3166 3897 8929 9824 7787 3244 8546 6322 2154 7298 7441 5320 6590 446 380 3871 5610 9048 3241 1747 4464 6677 1434 8849 751 4807 4548 863 4601 502 3366 389 590 4313 7580 6595 9203 6976 6782 5943 556 824 5849 3863 5253 241 5598 7515 3766 4801 7023 6856 3198 7677 3759 3493 9672 6733 2818 3825 9717 3440 1553 4464 6562 6978 7475 4642 4325 6718 234 8137 8090 6464 8578 4877 4596 2039 6759 3918 1020 3987 1123 5843 4790 8545 5570 5791 1077 9699 8531 8592 1369 1731 219 7947 2485 3198 2765 5057 8500 4590 6438 4983 7489 7778 2368 7746 3274 2611 8556 9220 7895 5672 8903 4667 8387 6435 6096 8098 5274 3284 3280 7763 2472 6565 4548 8848 2581 6021 8040 9972 1332 2671 1385 586 5725 899 6814 3218 5145 3640 138 4397 7673 2238 445 124 4048 4042 7445 5961 3719 9778 7367 4272 4571 5088 7581 1014 8574 5808 2986 9444 9841 667 6730 5579 8299 5542 5437 4318 9318 7460 3650 4043 9133 9124 1781 6104 618 3954 3890 2108 8548 3511 8489 6267 996 7857 4379 3645 1173 2739 9524 7983 5358 9689 4263 5109 8475 550 2463 1169 1433 713 7118 5104 706 8213 5313 8912 7773 1990 5249 1734 6799 7619 3218 8355 8510 6475 1342 7920 7346 6764 5994 288 5203 431 7839 6312 3116 7598 7028 8463 4401 181 1064 1887 9983
5831 3299 9811 2766 4880 470 266 1578 6701 7648 5436 5871 3257 2414 2370 0 7869 9062 4985 3696 8689 2878 1739 7124 2638 3735 9314 4344 8020 1201 173 5207 2962 4517 9473 5765 540 6020 3323 5733 8423 2349 6589 8266 503 3921 3539 2755 3984 1536 8367 4998 5220 9125 1497 9686 9654 5083 5991 3876 9955 8527 3255 1993 7500 9901 612 3655 7064 336 4619 1128 7514 4031 500 4849 3487 102 1565 3372 369 1131 2262 4243 9290 8071 2753 9940 775 9086 7981 1688 6062 6613 2042 8844 2867 8694 7109 7337 3265 3097 8634 7340 4184 6634 7591 2810 2174 4379 1934 1806 4999 3360 9786 2074 6785 9004 8468 5633 377 8824 3201 9287 9505 3251 8024 8129 1062 2645 8847 2286 6472 2457 5453 7618 4230 7106 7891 8086 7040 8630 8269 4455 2973 4085 4011 8305 6436 773 3940 5773 3715 1252 4021 5473 6648 4874 2470 6430 6004 853 4598 1528 8024 5001 835 542 365 961 8505 5896 8606 3145 2130 666 5301 2064 7929 377 6575 2877 2048 1766 1837 4948 4126 4178 884 7447 7162 9248 9465 1313 4866 2943 3085 7054 6028 3747 7986 4444 440 8150 8733 7193 5956 6939 1532 6892 6501 7258 6894 7361 2710 6797 9566 3202 3389 4960 6421 7715 97 9205 5297 2688 1859 6094 2727 2333 4749 8087 7099 4179 5435 6720 8001 8714 4051 4150 1634 8504 8757 7328 2565 4876 8556 2667 8510 9787 2079 271 4793 5176 3673 1836 7726 9131 7859 2428 9965 2892 1425 8585 510 4373 7189 2644 7534 1516 2208 6844 3094 1067 3827 1147 3827 6425 8136 5608 9028 4175 350 2023 5980 4431 5091 9418 2992 3082 2517 4838 807 2069 5278 1667 4252 4326 6812 2792
2154 1261 6792 8133 9000 9952 6490 5159 2166 5292 9248 3968 239 5740 7804 7869 0 8601 7922 3094 6519 9067 9344 7132 8168 5596 9952 4171 8031 835 7107 7615 1599 269 2381 3674 4440 8885 165 7449 4103 4238 4790 1376 7449 2439 8702 9525 6930 9658 336 9980 5110 5672 21 1905 4065 7326 9738 6690 5036 2126 978 7971 5028 6386 4892 3576 8728 9349 3933 309 2826 9035 5323 2227 2658 7159 4347 8411 7362 3828 314 9619 4040 3130 1714 7745 6876 9074 632 5776 5532 517 4854 2167 9991 6620 5438 1916 6714 1131 771 4078 5710 4249 6159 8895 771 6365 8424 7121 1785 2679 9424 7395 9123 9601 8937 201 4925 52 3608 714 1503 4343 9189 3639 9028 1035 6422 9240 910 1977 5144 1513 6012 1584 9134 8104 9510 6159 7717 5739 8812 5854 4871 8092 6835 8222 7041 5954 7206 6593 8477 2958 4725 5586 7510 1027 4563 7860 1869 4593 7510 6383 6360 3469 9842 5388 950 6496 7204 8684 7679 3231 5721 8766 4905 6938 7599 8926 6599 3265 1569 2716 2356 7382 8811 3160 8149 3823 9791 1860 6605 7358 903 7373 6096 5568 52 903 2808 972 5435 9370 1960 2641 1204 757 4361 3898 9834 6850 1923 9653 1095 8635 9510 2358 1494 6986 4336 7918 8150 9239 2622 9126 7075 5316 7896 8311 9239 6841 4574 2082 7477 1198 7639 1153 3368 6148 7731 9744 5107 5599 8691 492 3938 2989 6971 252 879 7110 6756 1898 2762 5653 1617 1708 7826 3399 8439 2232 9362 1498 6321 9646 8136 4601 2194 5838 1106 3987 9801 2137 8509 6543 4385 5582 5335 9389 566 6301 1392 3629 6008 9946 7510 6088 596 2261 5078 7996 9404 2889 8759 3648 1877 1315
6678 799 9375 3462 1926 7694 9371 7299 7671 8406 4554 5673 7262 9490 2972 9062 8601 0 7310 9890 5410 5435 3344 4437 4611 3900 4179 5051 9306 5092 1066 4045 5372 2198 8160 128 2063 5274 4395 1968 7918 1667 68 7235 1919 7688 7620 7333 5023 5970 6715 6510 165 1401 5617 2215 7418 2425 9167 9338 863 9900 7744 7076 7271 1302 6788 5792 7365 7251 5873 66 8828 479 2308 2676 6805 8490 313 2262 3949 1105 8550 6779 3047 1485 4407 7648 4244 3734 8464 1586 6685 2832 7959 7567 2539 4166 8168 425 1115 4107 653 1231 2058 9879 9648 4342 6690 1629 9647 9710 3703 7262 401 4488 7627 3297 8408 2494 6999 1773 4007 3918 507 7378 4991 4644 4753 3673 7799 685 5822 690 9712 8507 7618 499 1909 5911 6647 1604 1419 8013 9412 5790 7747 8764 4536 483 6331 9718 2696 6370 6383 9621 1913 2553 5139 2685 8339 6909 6675 2725 7744 8055 9592 1751 2216 1750 2694 7129 228 6369 8167 9156 5878 6043 1631 3714 450 7811 4879 9321 4834 5834 9308 476 9380 2598 3951 4528 5432 999 3941 1823 7808 5595 9710 6443 7300 4465 4583 2210 8383 6742 8031 841 5417 9389 3713 8454 5538 6208 2420 7669 9019 1523 1872 695 478 2943 6482 5851 9358 3568 5914 4188 8328 7593 9521 1827 7668 7022 9894 6194 8752 7721 9422 6249 5809 8048 3183 6405 5270 6157 9979 4505 701 6260 9079 579 1174 256 6796 313 4716 2719 9607 6048 5722 2742 9983 4393 9810 9901 3232 5992 1684 1596 2657 7665 6508 4524 3476 1715 172 5997 8318 6763 8735 8215 8368 7370 8267 4259 2819 6153 204 1316 3631 1938 9181 5209 8905 5517 8566 7775 9689 11
3501 8401 4993 1149 6480 4001 9207 6884 1013 84 2395 8357 8039 9395 6345 4985 7922 7310 0 5931 5791 5399 4510 1559 4647 335 9746 5407 7569 9342 4583 7809 7398 1709 9328 4314 6091 5227 2413 2498 4041 615 7644 1429 1699 5544 8707 6638 4068 6257 8645 5632 7560 6693 334 2568 7681 6617 2605 4573 9373 6511 33 4295 9085 4529 5919 9516 3966 4677 8276 9873 9829 7904 838 4983 5831 2374 2397 1489 8710 2607 4561 6995 4676 5579 7994 3556 6849 781 5341 7191 4474 7261 5757 9504 1130 5286 4391 8134 840 1516 4504 8442 8145 3814 6904 2119 6157 8018 7279 2095 7731 6107 557 2831 3536 7024 4816 9397 5421 3864 4317 3468 2858 8975 3244 3883 1112 3289 5003 3344 6468 1338 2235 5227 8953 5108 762 953 9621 1221 5698 9123 6995 8810 4695 2994 9224 7824 426 9763 317 8122 7335 5348 7385 8770 5453 4270 6941 5100 2786 4787 2312 5517 3792 1232 1444 1224 3252 2090 6224 6096 7275 1218 2630 948 4480 6869 2572 4245 2565 3036 8483 2285 9439 4353 9808 3349 8189 9505 4604 1524 1991 4479 8689 6885 6704 792 4641 4380 251 2845 5789 8072 5979 9127 5214 1235 8725 8729 8715 8856 7092 9205 3081 4536 2218 7787 1590 753 8590 6181 7544 7616 6288 9159 3671 7049 3029 7303 7610 2475 1511 655 7958 8822 696 361 6563 7045 7285 6426 9597 6290 3929 5956 871 5486 6044 2055 3781 5945 3576 5647 1615 1718 1957 6958 2533 3671 2619 5061 3178 3394 3148 530 4678 5553 7990 6882 2937 6070 5869 4480 7230 7341 9786 4509 437 5498 9321 366 7946 4806 3278 2079 1232 917 2772 4603 1182 1201 3133 6428 4803 7691 3564 3936
129 69 6289 4278 8601 6507 7616 9630 4757 6594 6356 5863 1433 6495 9277 3696 3094 9890 5931 0 3577 5865 5259 2698 6162 9313 407 6230 7645 2401 6107 7064 7037 3290 9291 8197 9339 487 6697 9827 5424 7269 940 9547 1176 8467 4654 6344 8448 7574 6421 2816 8512 5626 3453 1680 7411 539 3252 2782 5061 5868 2563 5717 7113 4529 7979 7184 8239 4625 354 5048 18 672 2024 4885 7121 6786 2923 6220 6075 9888 8826 5408 2986 6630 75 7170 2106 4926 1970 9718 4414 7837 1966 6028 2159 3855 8502 5976 6731 9875 4445 6467 1609 8119 8158 8680 2349 5403 7314 3321 8245 6768 2639 6270 8825 8847 4532 9996 3272 2688 9735 9956 1808 5027 4319 455 4972 717 3580 5333 7266 3805 1381 9176 2361 1324 2323 8421 7212 8133 4748 3660 7937 7731 6329 422 798 5406 4612 84 8630 7769 3542 2982 4461 6832 4662 1539 8360 2385 529 4703 8246 7203 3040 9959 3682 5824 8391 1150 7894 7004 7197 5605 9701 4257 7862 3313 6150 2203 6823 8578 3227 8977 1103 9750 2952 1029 6883 8178 6920 9661 8715 6925 5840 5332 2344 982 1159 2017 136 8663 423 1332 3760 6385 3382 6053 7114 3436 3951 3686 886 6448 7965 4040 9972 1708 4958 9899 9518 3915 1495 5201 9883 2323 5766 6483 3193 9195 2794 6174 19 268 3825 5612 2664 8052 8923 7244 4712 5510 6105 6065 8565 2881 9814 1726 1038 960 8808 5940 1693 5197 9775 9989 9109 4845 3973 4300 5543 571 3352 5152 360 392 9840 1164 8714 778 880 7700 4169 7905 6849 8707 3046 2676 9320 4185 3584 6589 2628 6800 212 4408 4950 2213 1573 2912 1887 5777 9738 3710 4587 2375 5928 7457
3358 4451 6039 3967 6920 8402 1808 7042 3890 6968 7418 4009 6995 9516 4661 8689 6519 5410 5791 3577 0 2574 1331 1034 2637 3902 7259 3883 6632 8970 4087 9450 3463 9712 4435 5127 7908 2896 7854 2475 9367 6887 6686 308 251 8952 6691 1348 5970 6996 3890 9630 9499 5893 9559 82 4180 3893 5656 4171 2789 8925 1925 1498 9972 941 1873 7110 3842 4091 1217 7498 4572 5113 20 8416 7030 8592 5953 4580 3686 9300 1150 4690 5070 5302 342 9834 4838 9149 8625 7332 3090 1853 2649 791 1922 3276 8456 6510 498 9645 1052 9060 5044 7341 6654 5386 5087 9528 5721 4258 7407 8734 4866 8625 4306 1689 2260 5872 8877 5486 3341 2366 9044 4742 4489 4884 2154 6238 107 461 7883 6987 8266 6264 5093 9143 763 8429 3372 7853 4339 3071 9314 6522 8102 388 504 2102 2976 4447 5232 6425 1552 736 9105 9277 4458 2829 2067 9797 1131 6630 2085 1548 8004 8576 4685 9662 7590 3592 9433 3555 4883 9657 215 5141 7197 7186 5232 7075 1119 1257 7022 3688 2974 7906 5224 2815 4548 7337 6373 6278 412 3095 5932 4264 478 1266 6137 8573 2014 1748 6797 9028 9696 89 5529 5605 6419 7861 3647 3532 6967 5248 1625 3075 7848 4986 9008 4032 5503 7262 256 3876 3587 3414 7992 5972 5533 953 5279 1871 5466 8729 5924 9878 2243 8810 500 5577 9537 9640 9214 4865 8398 6526 6778 4051 2705 1703 8564 6974 4211 6707 4489 9662 1944 4890 7938 3251 3186 2888 4465 3735 6357 7764 7894 3390 6249 4467 5155 8725 2916 6847 9359 3901 4032 8297 1394 1306 900 732 5339 8321 3958 7287 1291 9852 5223 9443 2187 861 2516 65 5583 7355 5625 4550
9305 7376 9607 2107 4107 8694 5432 3641 5819 8246 2073 871 2054 668 3003 2878 9067 5435 5399 5865 2574 0 4309 5067 7638 7770 9024 4599 9869 5328 4080 9828 2789 4815 220 927 155 3637 562 499 5469 2354 1031 3571 1325 8665 321 5219 9154 4568 6246 5248 2175 5801 5449 3441 1750 3091 3411 4573 2413 9083 1253 4539 896 2745 7197 4426 8837 6604 563 8505 10000 6653 7687 9469 1777 7086 5370 9820 2803 9135 6088 250 7598 9487 3292 8712 4137 3165 5101 9124 9216 5264 2179 7049 9412 520 1934 5282 2610 6169 2281 8407 8120 7460 8992 6167 7832 6820 8522 4490 6312 6077 8068 9391 1377 2821 7958 5180 5731 9513 1083 2362 4341 7433 1362 5941 9468 2432 8781 736 7618 7831 7330 9938 4008 746 5455 6274 2208 1417 3249 9745 7714 683 9616 3197 5746 6336 6618 8487 8904 7440 7375 1728 5777 1373 7839 8617 2607 3855 9999 5757 9928 6460 5675 8361 1694 7037 391 1929 6596 277 6956 1125 6769 3001 4383 5379 966 8926 9941 672 6894 707 5363 7718 63 4011 1494 1748 7085 3125 1774 4611 6087 3856 1895 3499 4687 7515 7859 1483 1664 9023 5324 5448 9384 7925 803 498 8022 4675 6593 8238 5188 366 5617 1718 8930 5697 1739 4687 6542 7978 6450 7724 4083 4697 1535 499 9416 6014 2956 2760 6154 5854 4816 5723 7499 1639 80 4377 6008 2735 6621 4567 4356 3813 333 1603 3557 2601 5732 1663 3069 6956 5896 7185 5229 5480 9590 5481 5661 8324 5973 1823 1281 4704 2398 5009 1103 7147 3232 6666 7124 6180 76 2987 2341 9336 1896 6754 5446 7584 344 6036 486 8694 8607 8731 9479 835 4210 9921 5936 7031 5964 5065
5856 2106 9826 4266 4934 8225 6692 4677 1233 3222 3183 5431 6841 3165 4364 1739 9344 3344 4510 5259 1331 4309 0 1358 741 8482 9814 8783 6030 9975 8430 7678 9683 7988 8359 8301 7724 261 2133 3167 86 2189 9428 4955 4839 5312 1886 1515 7473 7151 4495 6149 6960 3227 1567 5407 6447 2238 8769 2904 407 6152 316 1751 6008 1835 421 7037 8066 7763 6362 6301 6976 5065 7291 7198 5244 9204 1399 6307 3680 9426 5879 4655 9847 9170 8906 2750 7553 6851 7156 4324 8905 116 5622 3039 9978 1815 1507 666 3114 4551 6267 7207 6423 7585 1645 2510 1536 858 394 4786 2454 1197 9584 4306 1794 579 5162 3576 1386 5669 3551 8573 2350 6371 3697 2040 2535 5951 4285 6944 5707 9645 2759 1235 433 8743 8409 5128 9267 5999 5513 8097 9568 3865 8720 7776 2599 6141 4551 2531 1105 3218 6980 897 4586 9853 4112 4602 1827 911 4175 8132 3077 8937 5492 1176 9586 1897 6708 3694 3031 5347 2407 46 6330 405 4317 7551 3096 1337 9480 2683 1178 2704 7449 9327 4197 1220 4618 4817 1928 9821 4990 6779 491 9368 4852 2174 8399 2533 4704 1799 4595 9827 8563 3862 7245 7478 5511 4912 6180 1339 6639 3138 8617 3584 3342 4367 2809 9957 5119 5322 5190 9042 6337 4243 5700 3334 2866 7132 6683 7246 4517 2417 1309 6736 9424 5688 3842 3652 7862 8892 1345 3301 5018 3564 9051 8833 9462 7321 1463 4201 4161 5542 5810 413 165 746 6871 7129 2648 8742 8768 5624 382 3226 7144 5669 6022 2764 9789 9182 9366 6082 4263 9144 2971 9343 9194 7717 9391 2188 8257 2772 4301 1747 4474 7686 6673 3831 2151 9219 3496 8996 2296 4085 4859 1477
9516 7234 5696 6355 3550 9133 1308 2437 1715 68 3676 8186 5767 1710 35 7124 7132 4437 1559 2698 1034 5067 1358 0 8185 2088 8923 3868 6385 9799 6003 9426 7673 7691 2512 8669 1257 2483 6444 79 1536 1983 5310 9630 6103 4898 4170 3092 3356 2341 2521 5191 8245 7670 282 355 5043 2330 624 7723 6934 8910 3492 8282 6044 1190 2998 2019 1812 7368 773 1876 5630 4141 5973 9252 1294 5662 2372 8551 8875 1491 6423 2619 1093 361 9800 6430 7234 7333 3416 364 936 9853 3549 6617 868 9230 9994 717 4215 1321 4057 9090 8635 2163 8081 6278 368 2212 1606 1560 5199 8577 9929 4249 1962 3366 9832 1509 3343 8270 1457 5056 5759 4155 2653 1607 378 7264 9962 4241 3470 8769 4960 2825 9901 6399 141 8011 475 6683 7717 1678 5924 2785 1025 5282 4333 1381 4056 8992 769 4179 972 8487 8473 2084 2737 9872 5092 933 4268 321 246 3896 4333 867 4111 564 6538 7251 6941 1866 8579 3237 3625 4400 935 9179 9213 2131 5903 6570 6866 5566 9258 1652 6655 5619 1578 5903 4894 154 2573 9815 2950 1881 6813 5542 7492 4098 6418 3413 7088 3430 10 2048 6158 3463 1067 8348 1528 7024 8189 3836 5619 4994 7435 4244 4400 5641 1833 6123 744 9542 6290 2257 6175 4718 744 1272 6635 5287 3340 7981 4938 8871 5802 7652 8873 8876 299 7041 1628 9508 6725 1382 1731 5684 8754 5127 4006 3340 8639 7841 3954 541 7943 3680 6097 295 2435 46 1640 4071 9233 5891 2229 260 4993 7453 7229 7142 7490 193 6857 7397 6748 550 6121 7636 2477 7361 9111 5337 2655 7614 9960 1854 3466 404 9429 714 9098 766 4435 2606 3439 8515
8184 3425 4737 5259 2980 5251 5454 1137 675 6160 536 9125 6419 4692 530 2638 8168 4611 4647 6162 2637 7638 741 8185 0 3888 8076 2039 4950 4037 9077 2661 4326 9178 3284 7290 8965 7778 4300 4884 8792 9959 3683 7397 17 6230 1372 8826 3319 1021 4951 3174 5228 3505 1406 3757 4545 2534 2110 2990 5073 4552 5429 1941 8697 3414 320 6543 780 8218 9834 7147 9657 9626 5156 9113 9604 8125 3501 2457 3346 1442 9829 2511 3386 4167 7872 7999 2743 196 3231 1565 3377 6738 2309 7500 7998 7489 5091 7397 2186 3065 3179 860 994 9354 6055 8744 1145 688 1556 6058 7356 7764 6040 9449 208 9412 8199 7496 5170 6957 7197 1957 1142 3320 9724 9848 7190 8371 2719 9203 2263 9969 1179 7802 9020 8671 2566 9064 5022 9351 6168 1872 2964 6828 7317 7614 141 3553 228 4253 1578 9586 4491 3080 6597 5213 6795 3105 3831 3586 1393 374 5443 8066 7117 931 4443 4923 7904 2289 7302 8471 3398 2870 4535 8855 6209 4177 9293 3643 2707 9839 1335 3123 6932 9952 9968 2107 8175 6736 3729 2350 2265 5606 8483 526 597 784 4247 4917 4864 1382 6273 6896 409 428 7075 3284 5344 2882 3773 431 8151 5367 9821 563 1860 6737 2614 3316 9231 1668 1857 9964 9220 3455 9875 7625 8755 1638 8877 7153 9446 233 2538 6441 2709 5733 7088 7676 947 6 721 2427 6705 1053 567 8013 9031 5439 7122 4165 3369 1643 8448 8822 2987 3717 8649 6493 363 5661 5454 7970 835 9755 4233 3916 9624 2889 2933 8596 9753 3039 6181 2892 9556 3464 6714 7520 1691 3454 4957 534 4138 652 6200 8467 4480 2917 5488 4924 8440 9830 3374 3097 73 7893
4345 6643 1035 6285 2308 5957 7519 555 6605 9078 3963 5527 8972 7156 6588 3735 5596 3900 335 9313 3902 7770 8482 2088 3888 0 1921 1667 2361 466 1217 3301 5557 449 6497 4257 9316 5136 2883 2662 6494 5020 7044 1959 3300 947 7839 555 7431 3231 6952 7544 8048 8010 6715 94 6931 696 9625 211 6208 9815 7568 7752 8564 5814 4470 5988 6893 8301 4847 7998 901 7334 168 1945 5528 5490 4026 8022 991 5373 5589 4556 3921 1164 6347 438 398 9786 6151 9513 3898 3019 3640 6850 6930 9546 8158 2935 7178 9162 8838 7035 5475 9009 9751 6359 121 7978 9023 3897 3648 6569 6676 456 3323 1753 7988 6417 9740 3285 7986 2014 3762 8207 9546 9286 7281 9794 8412 267 2449 9122 3187 4577 5969 1173 3394 9764 2231 4823 7637 4371 8049 7960 1660 9329 8311 1965 5787 6373 7710 8941 6706 1783 9859 471 759 5615 9911 3196 7097 7166 5641 5757 2083 737 5474 946 7436 1558 5574 626 2002 5217 8774 2413 5253 3460 9093 643 2322 4068 8727 8027 3469 9753 9039 7414 3315 2035 3367 7963 3674 3060 1106 4862 1704 1267 8292 1643 60 566 615 7752 8514 8311 758 8038 50 76 13 238 3425 6995 9215 1125 92 1539 3481 5265 6068 5462 8784 9280 8899 1706 5093 7548 6605 7412 8328 7095 2090 1406 4026 6696 5559 4902 1248 7714 4786 2089 5384 2344 9355 1851 9991 173 8941 1519 9383 8428 6968 2317 5043 5540 4536 7778 7791 2516 8589 462 3215 9511 2664 4438 8798 2335 2189 428 5658 7426 7894 5413 6045 3151 1654 695 1092 9386 7886 7789 7664 6805 7266 8074 2068 1104 4052 9152 3912 8315 5216 5055 9467 4735 2074 4414
6290 1728 4345 7306 808 579 6948 2574 3651 9702 9623 7323 5404 5861 1263 9314 9952 4179 9746 407 7259 9024 9814 8923 8076 1921 0 4220 307 8104 1952 9131 2769 7429 4810 9339 7869 4783 5850 8206 7412 3445 7176 3044 8737 910 9174 6093 7506 1297 6947 9601 3377 8154 4909 5508 6223 4817 8175 1062 8713 2316 5416 6094 5740 2692 392 4516 5564 643 8303 2419 677 5222 6658 410 558 2596 9496 6865 7946 3425 4591 2048 9319 533 9319 7326 7410 8870 1237 9551 2087 9492 723 7707 2810 7018 8268 6639 8336 5899 913 8175 5753 9282 1798 4125 7176 7671 4717 2996 4482 5491 6717 5601 8365 5157 2274 8245 9637 7800 9425 8361 6104 4135 8199 8040 7235 3981 5260 2114 1443 9196 7529 9039 9928 7287 8074 7984 760 2798 3291 4681 3562 5954 326 5952 4485 6448 5072 7570 7326 5242 5173 2552 6602 9403 9618 8394 2789 3724 8243 6150 9945 4035 5886 1248 3748 6619 2154 491 7517 7718 9867 8545 9192 5978 1370 973 2187 4346 327 9421 8921 6807 451 9475 571 2425 9950 7277 8137 2824 2792 803 5327 53 9261 6301 7497 6861 5744 5372 6249 9974 4666 9356 7648 1949 6278 3364 3396 4184 4228 3498 4899 4027 8116 7372 6272 2953 8603 3138 5265 4148 4903 1959 3968 2321 6215 1199 6870 8001 254 6400 7580 7475 2228 8682 8498 756 6436 4547 420 7964 7213 9150 2656 7627 1430 5284 6822 4060 1264 1673 8178 4980 5069 2505 5396 5821 6311 593 8181 7214 9301 2231 5582 3795 1398 2206 4321 3167 2440 8637 6728 2648 1527 6908 2199 8338 254 5675 7266 9012 1420 588 1435 2016 8808 1869 7984 8422 3868 5348 6715 5316 8667 2764
