300
0 4247 2175 6323 1816 8431 9938 8230 6753 8526 644 3520 5668 8872 2219 1142 3268 2048 4900 7812 3352 5487 2768 4239 3008 686 2992 2209 4310 3189 1468 7136 183 2047 8266 9697 4460 1686 448 7993 7711 8856 1061 7155 4207 9036 105 138 1844 4367 4377 6255 9613 7355 5984 3125 1024 2907 9223 1433 4444 3997 9367 2829 1557 8253 4089 762 5611 6592 6161 1814 1661 3685 3078 1487 7006 4656 1261 9967 9563 1839 2470 5140 6108 265 6835 415 1129 9952 6631 2146 5415 4913 2702 955 7349 4639 2877 3728 3613 5250 8546 9058 8108 4120 3007 569 2674 421 4427 1882 3126 1010 6879 4147 8538 3043 543 4522 6961 850 4207 3293 182 1358 6187 1568 3647 1243 8002 7947 3975 7282 2279 4363 1447 9369 1859 5085 2861 2912 3025 5444 3359 4989 3206 4113 1129 4982 376 588 266 4659 3047 6023 4695 719 3965 3894 857 9171 5683 4986 4024 321 871 1324 7714 3899 2524 1108 4853 2551 6075 8906 122 1841 1437 8982 1817 7582 5043 1972 2690 2136 1668 866 6715 2777 9174 9152 6154 2978 7619 6357 5881 1854 9267 6041 7066 3270 2933 776 7482 40 1930 4817 1223 6619 8641 9590 2140 1296 3579 7090 7247 8791 2912 8060 4596 9101 3815 6017 4386 3987 4941 3437 2229 7509 1921 5317 1784 1773 7061 8688 6822 9724 3482 9297 8083 8670 58 7908 5197 276 4905 7243 3954 6946 8316 2647 2708 3519 2161 4502 2160 8350 199 687 4716 8178 6343 6463 6 1726 5520 5645 7602 7498 9723 3873 5114 6382 5145 1282 7633 3208 7474 5320 9852 9398 4689 2791 3165 967 498 8118 1914 6218 5596 3084 6585 513 9407 5605 1776 5761 1730 5842
4247 0 4908 3724 5855 7991 9494 8074 7546 2941 2561 6570 5313 4943 7897 4390 5166 7282 3287 598 370 553 836 1348 1975 571 8794 2805 6760 5945 6069 4211 8383 1048 5521 5787 20 4034 2157 8621 8145 1604 6052 9912 9846 4289 4876 7130 8907 3655 317 9902 3956 6400 4922 9292 1117 9793 5493 9252 7657 2911 67 2163 6674 1628 3735 916 4974 8457 459 5804 9155 5838 6036 2573 550 7010 6834 7475 3999 9805 1451 355 1429 9760 462 4235 6968 3135 6571 9287 1882 6094 5265 2052 5519 2943 137 9079 9094 2427 2875 5421 5146 5336 1367 852 75 2930 6738 2809 3074 971 5194 5504 5640 5670 6454 5566 3578 4356 3321 4421 4549 4676 1514 2146 2795 1656 1523 4096 6809 1670 303 556 2173 4227 691 6915 518 2875 8848 3672 7699 7520 833 598 644 7632 4189 2667 1445 1671 1417 7764 3978 3953 3166 8690 7134 3210 9741 9326 7669 1371 5540 4519 8573 6459 2333 7061 5217 2683 8565 6431 7471 2149 2812 1094 1553 2616 5313 8418 9123 318 9087 8882 9906 8799 7456 7861 473 1090 7749 1459 4487 3491 8870 8264 1083 3541 8798 1468 6286 9030 9561 7815 7022 6810 7563 6148 9441 5037 6142 6600 639 292 9326 7105 4407 4367 4378 7615 9686 7888 5468 5546 5796 8502 3815 7125 8986 9418 5208 1672 7021 9066 7293 7537 3579 7325 3941 9781 1539 4284 9476 7351 7694 2313 9999 8090 1604 3204 4453 7520 9587 2475 4300 2558 7147 2224 7333 3771 6300 572 1342 8976 3092 284 83 5832 5860 3482 4492 7009 6504 2338 1704 3293 9247 4449 1865 5414 2906 1229 5094 9187 7655 6793 8973 793 7119 4124 6807 7621 223 6504 4585 2059
2175 4908 0 1370 5676 3862 8397 2203 5459 1793 4127 7949 8325 8915 9092 4916 4059 7109 9906 8917 7287 504 5677 5861 3593 5145 76 5671 4039 3184 9206 4214 925 1459 6214 6765 9826 1592 7256 8091 2858 8971 1699 2447 9512 5191 9245 4177 3188 4148 4448 6789 5621 1868 8313 9416 9659 4215 7950 5641 3693 1996 5339 7830 1870 6586 3542 9781 0 6538 3205 4822 3076 4442 9066 8568 4575 1374 3867 7429 7946 5373 6651 6335 4706 6715 1768 9511 2271 8010 138 7599 7672 1669 2903 6177 1288 3116 3381 7380 9465 5664 1298 5893 673 7754 2376 4348 4575 1291 2766 5856 321 8338 8857 8374 9224 15 7755 6281 559 2950 6321 7935 1280 5557 4475 6792 5932 5023 3686 2018 5531 6823 3211 5425 877 6154 1277 6728 9528 401 8583 6247 5017 9375 3928 3413 5301 1713 2221 1194 6618 5107 194 1152 3086 7460 3792 2584 9894 2037 807 3499 7641 5279 1545 737 2558 1894 4008 6292 9350 5723 5048 6812 148 4783 1589 1030 6179 3932 2681 4167 4138 4207 6423 5339 4893 6525 6759 8516 2669 72 3104 6937 4091 8084 370 7174 2203 3749 3929 557 7702 6177 4680 8776 2881 6868 938 434 9011 292 534 9723 3620 4403 1185 7737 3404 3874 3478 6852 6940 7435 7552 733 2338 8075 9808 3336 2621 1037 6325 9058 7285 6320 3461 5740 3567 4982 3090 1387 8401 5356 6844 8309 8844 3804 3221 5708 2720 7757 4838 9360 2691 482 4532 5454 2928 9668 4653 9351 5077 5256 4353 4582 4841 5670 964 2911 1899 7069 6457 1169 2253 4067 4205 3842 1110 664 4586 8542 4709 7687 6405 1698 8507 7907 6208 5601 4933 4053 3747 4739 1489 7665 4865 7412
6323 3724 1370 0 968 5452 685 1037 2626 6498 5800 369 6369 5846 2667 8056 1492 257 2485 3075 5912 4734 2594 4895 4370 785 6157 1256 4696 4051 5540 6588 2742 2094 8678 8294 9807 9472 4211 5373 3096 3216 3272 5151 6570 4478 7399 6294 5251 1508 8438 1580 6715 9579 6714 2752 3806 2588 2037 1651 713 9193 3427 4384 6681 7491 8287 9056 3667 2661 3536 6884 1755 7751 4184 3966 7793 9523 6964 7161 4102 2229 9315 135 3672 3162 3404 7658 9998 7883 646 3141 6865 6462 4658 5147 546 5756 1467 7888 864 3226 9497 5958 4401 6730 8037 6637 6730 3879 6991 5210 1900 9545 3644 3615 251 3505 9286 9123 662 6286 5993 7448 8598 7917 7517 8017 3988 1347 7507 2530 3940 1378 3670 4100 19 3025 22 5827 996 5050 995 705 7426 6253 925 6183 8368 3383 5984 2459 2283 7709 8918 2675 7468 5422 4223 9762 7803 6965 1987 8661 1467 9033 3115 7501 732 5817 9958 7064 9613 6685 3497 3693 2322 5893 2514 8401 2092 8236 8804 8741 5726 7108 3398 9812 1897 6930 4779 1878 4882 6030 4681 2618 2797 2950 4453 3624 572 1403 4848 4550 7166 7263 4662 6080 2371 2195 6854 5993 3363 1589 5665 6059 6798 1230 7897 9152 2417 9352 5808 7631 2642 4035 4485 1120 2784 1581 6349 7895 2665 3604 7133 7541 7278 3259 4477 401 6418 6607 5931 4289 5652 3816 6858 8367 4469 2160 392 7992 1597 228 4310 803 1609 5887 7515 9593 1878 4105 1027 7281 7928 1467 8279 1525 7229 843 3829 153 1792 8686 2022 7195 3609 5594 8157 8584 3915 5980 3824 8018 9331 1671 5873 8189 3450 8072 3418 4500 4361 8581 1423 9904 6526 7372 7365 4147
1816 5855 5676 968 0 5000 5931 1612 6492 393 5216 6258 5596 9580 6640 7846 7007 8479 9621 7798 5207 7896 1492 3987 2690 330 3985 8231 4297 7812 6023 9014 9935 7107 6732 9506 5784 1681 1620 4060 2366 5518 8609 2332 8801 6947 4004 5964 1497 6249 5025 4427 7872 5007 1499 6630 3442 3521 3533 6506 3043 235 7833 7691 4217 4873 2944 5506 4318 3082 4372 4249 5877 3553 887 7850 9741 2873 1108 9136 1340 9317 498 8258 1469 2612 2763 5873 7910 799 7387 5254 5942 3937 1717 9547 6357 2207 542 5127 3475 8089 3532 4431 6070 1484 3071 3484 890 2405 1016 3058 4287 8759 6985 9582 3005 8053 9914 5996 1590 5059 4671 3403 5946 9597 1751 9737 8540 3165 9235 6123 4230 3069 5533 8785 883 5230 9428 427 1034 9568 5073 4777 7492 205 1354 5747 9772 9607 2949 6431 4615 2083 2290 9192 8040 740 5693 2407 1903 4127 4088 6344 7297 7468 6574 3020 9769 2381 778 3352 318 5959 9068 2238 7128 7672 652 1540 5397 404 6552 9623 3847 2398 311 2406 3039 6138 3150 7457 6831 3406 7532 9321 2020 4029 6956 79 9358 3526 4871 1899 7206 618 842 7957 1587 3666 7707 2691 381 7436 4016 9176 6508 2052 3962 8606 3670 2632 762 9240 1526 7272 8135 271 8286 3807 5613 2227 6034 5090 1088 1008 7809 294 9639 886 4142 7232 8600 2008 230 6025 6956 8448 3465 3099 4372 8433 999 6289 8625 8071 5929 9117 2610 2411 711 8157 4884 6370 1957 6203 3689 4101 4008 3854 6161 393 7635 3016 7638 426 235 3277 179 976 6257 337 7797 7746 3165 1936 1642 8338 6496 4169 2861 1523 9190 8530 3980 3430 3434 5789 604 6978
8431 7991 3862 5452 5000 0 9654 2993 6727 486 4007 6709 11 1704 4196 801 5047 108 4986 7537 1979 9010 6366 867 7220 7957 987 7323 443 9647 2315 2238 5014 7235 9489 2555 2854 7026 8277 4036 4305 4448 8031 1088 9812 1062 7082 7150 4404 320 1719 9538 5740 31 1741 3547 9781 6138 5574 7250 5657 1238 5172 4774 8384 2026 4150 6711 1734 1502 2094 390 2112 5958 3150 1382 4380 5342 1254 1190 539 8693 3218 7617 7141 2835 416 8917 9705 6534 9274 1263 6302 6391 6614 8614 6099 7586 9719 7017 6930 5812 4573 8240 9329 8440 7160 8950 9519 8230 1025 1022 7768 2691 3470 7871 8575 9454 7663 1740 6311 5744 583 6244 5769 8838 5420 6989 9271 7052 4068 961 714 1735 144 2345 224 3073 6332 9867 5950 7525 6311 5447 1685 6671 568 7735 894 930 3152 8101 5223 4539 2955 2494 7830 1059 2653 4383 1029 399 7416 1455 8197 8124 5632 3323 5766 6939 8705 8096 1675 4626 119 1938 322 8144 9510 7149 4280 4636 8752 945 2689 9031 7011 9148 4689 3161 5464 1464 1329 3356 9968 9028 8315 9516 1057 2403 4547 5240 9190 6470 5298 3395 6935 9658 6054 1710 645 634 8478 9519 4213 6940 3044 1931 5474 6371 7153 7103 5934 7229 3889 98 8702 6067 1748 9937 8476 6792 1752 7960 5698 6891 9133 7171 2107 704 9209 9166 5280 8042 9181 2444 6606 909 4776 2916 6580 9795 9078 7034 8404 5550 7060 4130 5922 9609 2005 7936 1303 1238 6487 3405 3060 9280 765 5915 7413 8932 6933 7784 7106 8958 7331 8572 2170 2423 2298 2291 3956 2271 924 3090 21 774 9842 7054 49 4632 3680 6007 4981 28 7441 8353 7530 9560
9938 9494 8397 685 5931 9654 0 1303 1885 9904 3530 6639 1077 2463 8062 539 3367 4562 3485 4690 7747 10000 7232 9693 8342 4849 1148 425 2003 5954 9035 3866 8682 7009 179 8038 8845 8587 2057 6314 1805 1762 5770 576 3809 470 1568 8548 7147 8690 4280 1231 1426 2060 6838 6524 6865 5231 7879 6563 4192 5816 7742 7429 8258 5674 680 2178 1777 3925 1430 9867 8045 2346 6656 3431 1330 5877 1946 7457 292 9207 8539 2994 982 5872 9991 4218 3067 8226 9201 1959 5876 1480 8553 3871 4296 3336 2307 2822 8000 8425 6583 4699 8350 3252 991 2744 3562 1362 5605 6224 2930 4192 3559 3849 9768 9288 7919 198 3006 3007 7937 3086 6330 7024 665 2759 6769 8331 2309 1237 5098 9607 615 7088 6884 1480 8631 6357 8944 7265 1469 5918 9580 1198 8602 3740 1083 9808 5351 6209 2850 5559 316 9100 305 6106 617 7801 2288 7212 2989 8960 5109 7992 9031 4755 9670 4015 808 5463 9504 5725 7148 7411 6747 6167 8419 7943 3911 3792 6383 1143 7784 1703 9364 4925 8568 2440 7010 7948 8002 6280 8747 6423 1930 9234 9840 6678 4418 3744 7070 8042 8174 613 9446 1431 6166 7983 4235 6847 5501 4920 6596 39 4441 4951 3489 5964 8974 6033 6443 2087 8712 771 3319 9180 5094 9354 4663 8658 9319 5587 1929 7310 6294 8379 7887 6293 629 9447 183 3820 8847 727 3698 473 1912 2430 2160 3521 2515 9181 6756 3940 831 9157 4546 2417 189 9924 8787 1879 3651 6674 1809 3756 5364 902 7141 3287 8804 2888 2924 8643 438 5877 9585 3293 2962 4380 2354 9779 7970 4934 2832 7429 8229 7041 1280 3453 5831 7066 2507 3634 9747 8666 3691 8720
8230 8074 2203 1037 1612 2993 1303 0 9480 4103 5842 5921 8691 5827 6210 3754 145 7386 5742 2151 362 990 5851 1127 7147 3328 1758 3206 7496 8930 4169 9748 3611 4053 4194 9838 8087 350 3634 6544 9211 4354 3157 6881 3784 5315 4353 5081 3743 8509 8542 1398 6493 6666 2480 8295 8928 8832 6477 626 7625 4888 1068 2910 1965 3385 4890 370 5218 7817 2633 2478 6355 3969 6300 4737 5237 4312 4485 2153 8783 9001 1941 3298 2431 1101 8685 9647 3094 8697 8723 497 9552 9391 8796 9975 5350 2937 3410 6391 1591 9742 4653 8896 278 7179 8830 15 6130 1996 5373 2137 5566 8559 9041 1747 8781 9379 8949 9589 1547 2008 7445 4326 292 1413 4414 4102 7421 4400 8805 2441 5598 6531 2026 621 7522 4552 9018 7815 4775 5247 4078 1271 8391 3264 3929 1710 5101 7558 9294 1028 1272 844 2597 1254 1559 7787 9984 1920 9475 2245 7229 4105 8627 6351 2523 9727 6072 9098 8700 7049 2079 3134 9405 1892 2583 7326 8816 4403 7581 1246 8347 8265 8662 2488 53 8156 7686 3629 458 3088 7078 3508 2639 1358 8789 3893 4114 5807 2635 7842 7625 3222 8882 8411 3538 1142 8130 4102 2949 9136 8166 2783 1004 6738 6571 1075 6047 6070 6338 6404 7930 7526 9157 5581 95 6517 4447 9673 4310 2682 2337 7506 7135 3565 6454 2318 2631 6882 7024 2552 3480 2304 5336 2056 6934 2136 1475 6768 8520 3524 4222 4518 2088 6220 693 4854 2501 4084 8669 1541 3688 2162 3449 7559 4797 1225 7818 9533 9948 8045 6335 7608 119 4081 8488 5553 6608 9519 2136 7454 2015 2572 2307 1754 8160 6313 8268 8197 6678 7080 3767 5724 5602 2555 6540 2052 1450 7691
6753 7546 5459 2626 6492 6727 1885 9480 0 1143 1170 4747 3240 2297 5777 839 3411 4623 7145 9936 3541 9691 3440 5833 5667 9039 4840 4713 5565 9132 4216 696 4286 4517 4811 3050 4237 3501 8664 9917 9126 5720 1157 9431 7575 7629 1446 851 2877 4116 8778 5815 3772 3800 9861 314 3566 800 7613 2286 5800 22 2583 5166 7006 4389 5504 5249 8791 7091 4035 534 5504 5927 5966 8153 9908 3784 943 9917 7702 5413 9270 8329 8018 4729 7851 2000 2180 7516 9943 1778 6815 88 8687 4848 2636 7470 4962 6732 4833 886 6062 9624 2799 5476 4144 6558 9367 5119 9224 7484 2566 1026 6193 967 8912 719 2260 6313 1734 644 6638 5285 5642 4032 5583 4891 8040 5822 4982 6184 1861 5817 6453 9159 4192 7744 8894 972 9327 3107 6677 5802 9029 2853 4357 6333 6151 6733 2212 5729 3727 2071 9239 4204 4874 8484 6384 2409 8793 3137 6580 5386 3422 7130 6395 4979 1652 7289 153 8537 2207 4248 7153 8933 5475 9678 4777 4119 3763 4635 4014 4828 1891 3713 6509 9204 7413 8151 4828 6356 7487 7644 9674 8826 7886 1741 2341 8880 7626 4 4016 8147 9731 4225 8544 5057 3078 5438 8648 6354 6704 9500 6552 245 2263 8534 3155 3409 3293 5027 4179 6777 9788 6643 6358 6153 4840 5668 5387 3458 1881 7254 7998 8437 8508 4779 2182 2308 8853 3793 2367 3851 6304 6421 2397 3630 325 3412 7640 9724 8018 5415 8211 4498 7318 3023 8480 4537 5458 265 8427 4740 7740 1952 3359 8242 5600 5713 6504 6719 3542 2431 5600 5275 7400 7484 1307 3127 9976 9551 6281 7951 3412 1975 7310 5096 4836 2537 129 6951 5039 6971 7545 8521 2966 8632 982 8353
8526 2941 1793 6498 393 486 9904 4103 1143 0 6781 1671 1545 3777 4221 8194 1574 8582 4169 4773 7062 3084 6459 4071 947 2665 3076 273 4468 2492 6413 5580 1466 1318 9853 6624 1723 1323 1072 7631 920 3416 8716 2096 4475 7500 431 9621 116 6714 925 4946 3935 5721 3283 8275 8445 856 6656 7644 2462 2656 7317 2624 229 8016 1187 5600 8710 9572 4267 7352 4034 7969 4431 4388 1524 8170 1811 6654 9173 368 6258 2554 4085 6370 3825 8961 4236 2946 2491 1272 6858 9393 7297 4443 9762 5596 3669 8180 4592 4951 4695 9361 6814 9527 6352 9201 3741 990 2039 7273 5884 9537 1691 2596 7726 4881 6025 6661 5899 1710 6778 6811 1835 2722 6879 8253 5113 1803 4285 2978 9072 8339 1265 356 98 4878 1988 958 1045 2529 6451 6754 4760 2224 1061 5455 6942 3566 8792 1917 3892 7629 904 7310 1092 574 2643 3302 8450 1288 8049 2810 4294 924 879 9922 6988 6127 8038 3924 4353 7993 4190 6031 9489 7942 3308 6079 2763 5826 4641 4440 5433 1731 9234 6807 5137 9212 6011 9431 759 8535 4826 8655 1281 8646 8710 6156 8525 8320 2847 8873 4507 8769 6615 4065 6719 1330 9328 3297 58 8512 2757 3802 6442 3889 4156 3050 5129 1971 1276 8664 7206 6349 413 1198 5569 5996 1462 7839 2825 7428 6471 7015 1073 4750 9007 6547 831 5897 9692 7427 7742 8304 1273 6470 5319 5295 8133 5933 6461 6635 8155 4298 9705 1536 8162 9605 9969 1473 159 2003 7461 3831 6652 6769 6709 6231 5703 7592 7659 6413 2749 4192 3129 1318 5599 2815 5590 4123 5332 9734 442 7973 8863 4234 2183 7942 4341 3855 6603 8084 5122 1837 7853 7985 2216 7692
644 2561 4127 5800 5216 4007 3530 5842 1170 6781 0 6518 2383 1153 7432 7298 3576 1967 6864 5444 6131 2642 5938 283 9021 1050 8173 2542 6531 2801 273 8701 8229 4983 563 2090 5992 5756 7018 7500 7303 1636 266 7660 5421 842 6764 5231 1436 9126 2151 127 673 688 4253 1236 6669 1098 2641 9207 2466 2670 8863 6358 5542 5869 9165 1994 8004 7282 6287 6318 910 2112 8314 7730 3442 6576 9405 8469 7872 4397 8699 9733 6264 3874 4955 8677 861 9264 2080 4254 4067 9468 4807 890 9347 4782 5661 9135 6795 787 5991 3829 4569 5456 5054 8913 1143 9263 3959 1021 9352 824 9756 6605 3626 8379 7816 6489 2861 9296 8721 6377 4345 5978 3147 7607 3214 4952 458 7208 7381 4771 6329 5767 3997 3978 5936 8724 1375 7878 6513 173 2549 5201 7097 5681 5365 3777 2422 8215 1102 5266 511 3163 7413 7597 4742 9555 1670 2315 5672 7206 3102 8458 7625 6223 4872 4917 2493 6649 7244 9458 3483 5181 7544 7922 8760 4983 3845 9328 2751 9608 4641 6867 8322 245 137 6633 125 4568 2094 2500 9792 3432 7267 3807 1624 9667 3318 4098 7112 1179 4647 5138 8666 5313 3724 3038 7041 5875 4461 8061 3303 9248 6173 9374 1747 1123 4795 7091 3164 1089 7198 3065 1236 2436 4836 3046 7278 4180 4387 7788 7092 6448 6140 7945 5483 6378 4045 5728 6515 504 9855 3362 466 9469 754 8183 1123 2610 8377 982 4829 5968 4972 2022 181 7259 6495 8627 7872 1181 568 4987 603 2999 6464 4833 5296 3482 3892 9991 5010 459 8997 2776 566 6621 1533 1810 5531 5482 7501 7039 9234 2896 3614 6320 8649 2825 3955 9011 3409 1316 5021 865 9457 8432
3520 6570 7949 369 6258 6709 6639 5921 4747 1671 6518 0 6570 6360 318 6800 175 6004 4143 2674 7081 3772 8195 3013 3885 795 3385 635 3032 7304 1364 7442 1188 6396 5428 8586 5334 2166 4323 8566 8972 5202 1711 875 7555 1005 1923 3436 5425 3822 7164 6943 8499 6603 7305 8582 5477 3760 7268 8784 4785 4239 7403 9079 8835 7612 1742 144 3442 9835 3025 3870 9925 4678 8727 6459 6057 3201 73 7273 6405 5575 1301 9237 2297 1076 3844 7307 5594 7430 4343 8801 2166 9972 1530 9190 642 4128 7907 7007 1962 1443 4712 9653 7667 4446 204 3003 6784 1526 969 3155 5240 4691 5522 228 8517 2402 4505 3246 8164 8369 2298 7310 2819 4095 655 1282 7304 6804 6121 257 9158 9795 9720 4581 3021 3941 6470 5401 1207 4751 4252 2646 4607 7368 9316 1381 3698 2062 4077 5279 1795 9096 9999 8108 4110 5649 3890 8791 8172 2663 5507 5348 6594 3009 122 7593 2203 5106 5562 7006 4389 9296 2426 8375 4048 8912 5931 5540 2953 7061 6183 633 4223 3810 3501 2661 1030 613 7203 657 7331 7052 3005 5997 2683 4502 9216 1155 1456 1372 9461 1669 7913 1064 2060 5378 3335 9428 105 1135 7827 7648 3792 4106 1847 4455 8826 7825 9546 521 9637 9386 1938 9762 6653 7557 9871 3836 8888 9727 6433 3661 189 4054 381 5784 4275 5849 7026 2851 842 3516 8611 5477 41 1282 9889 2400 7495 7251 2986 3677 8570 5871 2256 4869 2572 548 5247 3404 7459 2418 1086 5757 297 9168 1656 4046 8718 1858 5419 5910 384 6489 2245 7194 1759 307 2398 2049 2096 1566 4051 6165 1661 3799 3185 4019 3181 8586 2124 5529 5163 6701 296 7897 9834 2084
5668 5313 8325 6369 5596 11 1077 8691 3240 1545 2383 6570 0 9377 7866 563 2842 5971 1498 7104 100 5021 5954 7834 8148 2630 5887 1054 783 7404 5691 5359 6541 3639 1857 8815 852 4696 6397 602 4738 7120 396 178 5562 268 40 3047 3759 5533 2609 4057 2527 9912 7248 6482 2663 3455 5310 5387 1188 273 8480 2099 4902 47 3105 338 8576 6045 1621 5149 8843 8903 9438 6220 992 7526 5508 6798 8794 2547 6570 9587 2122 4179 8475 9598 4122 2654 1145 9299 4462 1155 7935 9961 7781 4033 8540 1143 5874 1596 6126 1118 4822 9291 4720 5820 8721 9430 1732 9041 502 2700 7745 5224 4052 1453 3836 2426 4590 977 1796 1425 8718 1475 3675 2231 729 6445 3882 4290 4971 6195 1278 8136 2578 4434 8401 8135 7257 973 4554 2840 3457 358 5251 4193 2894 9657 7804 6860 2910 4946 4540 863 3789 5838 3797 9724 592 3144 4803 9752 7848 5974 6951 2458 4109 2519 6400 4986 8968 7491 6937 1205 4095 7141 8744 9596 5037 8006 4955 2298 2503 9258 5731 1350 1325 6657 1243 4293 9367 7398 4934 3660 741 4201 8177 203 7589 9405 4595 1756 8062 1849 6183 6390 1141 5288 5774 1822 6637 1429 713 800 9815 8480 6933 2309 1370 8860 1434 2978 7904 8886 5893 5368 8720 9224 4715 2049 1695 1634 7809 2171 8708 6403 3866 926 2176 1469 1703 8525 6534 7483 4317 3941 1769 3028 2367 8393 2949 1045 4732 4653 3879 1749 8457 11 479 4610 2336 7631 9678 9377 5837 8907 1025 7525 1597 2575 7496 7889 1988 704 8026 3271 7981 3546 6538 7522 3953 5337 8239 3489 4840 1452 6290 1222 8099 5377 3139 1046 6022 3288 5101 4206 628 1994
8872 4943 8915 5846 9580 1704 2463 5827 2297 3777 1153 6360 9377 0 7326 9613 2038 9489 7529 3856 4521 8172 3504 3962 2291 5720 3994 1735 4028 7314 1988 2622 2479 4056 9330 774 8237 827 4682 8530 3579 9740 2421 7274 1386 1757 2443 2932 7166 9501 5303 679 6190 2480 6730 7157 9533 6270 9273 4445 3545 8413 4519 3488 9911 2621 833 3725 8099 3536 1552 9665 6061 853 9529 2544 7594 106 5538 7253 2898 601 4071 2944 5722 6503 240 4960 5659 4611 3507 634 6926 1968 8275 6787 3439 3889 6348 2228 783 13 581 1760 5181 9928 6294 7712 7969 4925 4981 1679 2188 2147 2426 9071 7084 5637 1417 1727 9672 8609 7834 5205 9490 8263 4700 346 8846 2258 87 8179 5336 1030 6715 2892 1919 4080 7964 7939 4164 4984 125 3 5916 5087 3010 7254 1520 2812 4503 9387 5972 5389 7350 5769 861 3719 6959 2093 348 5442 9698 9310 9507 7146 6107 9492 7054 1522 5558 1849 8310 8429 4279 8529 8390 6465 4985 3331 1098 3744 8920 8719 2596 4849 5756 729 1946 177 9994 3641 7762 5343 3566 8633 2009 4275 2477 3746 1632 1794 7616 792 3210 9411 1949 6470 8111 2690 9703 2143 8153 8151 3467 8559 7488 3977 1345 2505 1036 6687 7198 5196 3612 4631 9568 5932 4792 105 4839 7692 1904 1356 788 9868 7405 3605 87 1257 5335 39 2779 8572 1987 9896 7679 1772 8415 4927 6363 8226 8282 2537 4006 2815 8963 4761 3362 3011 1542 2315 8936 421 6338 311 8637 7447 4611 2754 4921 834 9005 5727 5504 8642 111 5294 7705 51 4123 3684 5007 624 9010 9623 7725 4465 5215 6668 7832 3516 4608 1379 7005 8509 1262 85 1544 9607
2219 7897 9092 2667 6640 4196 8062 6210 5777 4221 7432 318 7866 7326 0 3695 7019 6480 4317 9407 5691 9148 9700 7008 7326 4167 6147 6468 2805 8794 7662 474 6578 4950 2451 4956 452 1301 6486 8321 5742 5527 5799 815 5760 984 5366 7955 3802 148 5127 2169 1736 7891 6066 9508 8106 3756 4386 9322 5828 6245 8265 7948 7285 9284 6353 3245 7846 9633 8069 4169 4397 8679 4716 40 6295 672 3545 9380 1472 1410 3424 8906 5319 8497 3389 662 470 2773 3542 8241 6516 656 6966 798 1649 1986 1938 3871 7827 1168 6633 767 1323 2326 8763 8908 3221 2898 854 5650 677 2538 1314 5307 5717 4751 3786 3183 9618 5830 7223 2309 1677 4050 1648 9553 1946 5687 3064 7829 9568 6679 55 8975 4613 4260 2014 2844 723 7624 9735 4607 2075 1308 9327 8763 4015 1962 2682 5898 3842 1950 5944 2088 6885 218 9473 5608 7895 2798 4149 1589 8155 6094 9116 1011 3882 9768 4651 5035 640 4274 6396 3446 1026 5776 5611 2531 5980 3151 7935 9724 7330 4756 6670 7197 7214 696 5294 1750 580 4139 7816 3481 167 8605 421 9718 8396 9118 4665 1489 2967 6248 6145 9433 6870 9437 2402 4453 894 5209 9475 7880 7771 5624 3899 1291 3637 3531 7384 6209 3180 3711 3888 8694 7382 3506 5070 7860 7943 5385 4673 2741 5762 7338 3197 5932 5828 7835 1614 3584 9610 4085 8295 1343 5805 1125 5065 8132 9894 1374 3491 717 7217 5806 5814 7310 6736 2963 4667 279 3506 6280 4081 467 3715 6307 9916 6646 1269 3656 744 9406 38 5733 2628 6029 4455 1865 8429 2606 1723 5568 7925 1487 317 5547 15 8279 704 8700 2289 8663 5097 5515 9969 6571
1142 4390 4916 8056 7846 801 539 3754 839 8194 7298 6800 563 9613 3695 0 6872 4497 1494 2745 6703 5908 5324 8292 9069 1880 5525 9908 6063 9613 7866 6703 5956 8998 1444 7521 473 6383 7858 6533 9985 3340 9010 2050 4367 2098 8303 1269 4831 2614 2207 4008 9158 2339 594 2100 1674 226 8843 3501 1413 5932 2133 8060 1891 8189 5546 6094 7052 5783 9126 5706 1928 6383 2218 4868 6851 269 7834 2369 6762 9132 3939 4688 8224 7043 7180 5673 5436 4294 6610 8730 2854 3712 3706 8801 7884 7717 4878 1799 7775 8999 8735 6370 1365 3132 4069 3076 635 9001 7362 3929 2257 1769 2725 7683 1091 9399 7580 3138 3710 7998 1848 9827 2818 9069 7098 5905 2297 8725 5982 2408 5770 4053 5136 2132 1367 6841 1001 8680 5574 9832 8253 535 1959 879 424 6122 1898 4358 151 8299 3721 4846 1006 4637 7727 2525 8843 9745 1198 6864 410 4776 8029 3865 2074 541 9828 6890 2579 8406 2217 9805 6180 1164 4768 7624 4180 493 406 8405 6463 2608 7614 4549 6614 1542 2352 7347 4433 1114 1347 4592 9263 6131 3093 3847 2058 8763 5263 5199 3760 9068 7098 460 7070 9227 8442 9511 4094 5291 3533 6304 895 2662 3369 817 2117 7688 632 6578 1383 7952 1710 5079 7969 1525 8356 833 1903 3810 2684 5388 216 3248 5519 3813 683 3492 7185 6284 750 7659 937 4426 7276 6915 9501 7436 9870 3247 5090 7636 4861 509 666 6874 5109 6323 8058 8700 6900 1754 3586 3751 6684 884 3715 3219 3107 1041 2298 6662 619 652 1020 4432 2733 6566 6586 3821 6823 4770 2379 5223 2314 9639 5305 2443 3821 7111 9210 882 6913 139 1474 4568 2524 5195
3268 5166 4059 1492 7007 5047 3367 145 3411 1574 3576 175 2842 2038 7019 6872 0 1969 7859 7687 2732 756 1315 8471 8406 7115 2918 7289 7720 8369 1379 3595 5059 6413 8885 185 5348 5023 3373 1844 8883 3207 9071 1273 8722 1080 8979 5018 2583 2759 5344 1062 7365 4910 2734 7617 2762 5064 4604 4552 8657 4697 3615 1602 2369 9188 8127 5976 9251 4698 2123 3493 5872 7152 3626 9996 2519 4867 7123 7768 146 4441 6347 5066 6094 9540 4639 4505 4608 867 6333 862 929 6612 5688 7320 295 1243 8491 3483 8717 8642 7123 4916 2653 2132 8152 280 5028 4273 3134 4275 9150 1066 3984 5773 5168 4366 4967 454 6866 3180 9185 395 8244 9834 4289 8461 3367 6573 9195 5049 1390 2947 4649 4201 6802 7204 6581 2335 9456 6836 3535 7832 3628 8716 2624 1239 8190 803 714 232 1583 7690 8610 3382 8190 6897 5352 4342 4007 714 9042 9386 7745 6604 2601 8406 4656 241 177 5109 3302 4894 7350 8503 7185 9417 6537 4232 6907 3904 8021 2207 2689 2442 1717 5566 8436 2290 3831 7197 2997 5017 578 6418 4212 4528 9041 6387 2862 1360 5879 6142 2947 8180 9882 5339 6594 7539 6833 5057 265 3646 9886 2534 3997 4489 6493 4878 8054 4955 7585 2610 1372 8843 3322 8163 8942 7955 2464 1905 3243 472 1656 3515 7544 380 4548 8445 2432 7625 3536 2309 6999 464 4726 2435 8225 6010 610 5491 9952 2638 2401 3905 2303 7954 3818 4313 2026 5417 3418 2962 1006 4018 1397 5493 5027 8414 526 4288 7023 6667 7563 7026 7289 7001 3308 8605 5590 5091 7272 3615 4761 844 1308 3712 4779 3824 6251 5538 624 5155 9694 662 2530 2452 8504 7073
2048 7282 7109 257 8479 108 4562 7386 4623 8582 1967 6004 5971 9489 6480 4497 1969 0 692 2680 4975 9805 9137 7171 22 6306 5976 4840 5970 9076 5197 6776 2413 9520 6279 7613 6407 6848 7276 1563 6552 9678 7811 7663 4119 7436 1539 968 4853 7247 4697 6849 3385 2121 4737 3939 5188 1589 7148 5317 7257 9367 7116 3186 721 3859 8358 3412 1868 635 4600 1806 6441 3892 8953 7485 1137 2148 5949 1333 6916 93 2474 1283 732 5724 4168 7898 3784 3146 9517 5767 2952 9074 4866 5886 686 9878 8546 8443 8987 737 2557 4344 4273 7812 4869 8410 9872 298 2588 1199 9803 2280 8095 9678 3073 564 3528 4257 9331 8102 8851 4753 175 6874 6023 5350 8277 6102 469 8910 4328 7382 1619 6424 2559 2521 2893 8519 3113 8821 3660 4589 7926 7832 6118 6032 7216 6223 2162 5851 8234 6697 7814 8674 5834 2835 1944 8295 4683 8626 308 4082 2777 8682 1408 4886 9815 2317 517 8396 5764 3967 6769 5475 9373 6988 111 4420 3845 6177 8826 1304 328 3503 849 2306 4731 5779 3597 4154 5573 7297 6405 178 6934 3090 7297 7681 4313 551 1637 6392 8950 5324 8887 7390 6828 8722 5465 7627 4103 6369 78 1254 9870 3334 4655 4795 5814 5790 6626 4521 9282 9086 5896 1602 8187 545 5922 1916 3227 3910 6711 1346 6771 3350 2675 2717 3721 964 8223 2007 2821 7729 564 7510 6379 1981 9968 4420 5112 592 4052 3516 8033 8145 2609 2515 5692 8091 8437 1026 5016 3338 5639 7479 3688 2356 9143 5934 271 5406 8042 8327 3849 4126 2803 3563 124 0 37 1259 7242 7053 6539 3730 6672 4948 9953 1347 7501 3312 5247 5476 8653 4036 327 2113
4900 3287 9906 2485 9621 4986 3485 5742 7145 4169 6864 4143 1498 7529 4317 1494 7859 692 0 9468 6591 9356 9901 3577 852 3277 5140 510 9037 2312 454 5488 2788 3172 9027 332 6086 9573 9051 6870 9287 8916 7892 9702 353 1047 9067 9046 5502 4189 965 6730 4943 1562 833 9936 7511 6048 5402 3925 5376 2015 4470 9819 7074 1383 2599 8833 8781 6093 4487 9614 8700 1555 3866 8719 4573 7718 1352 5502 4864 4514 7587 1794 7865 3248 6252 4891 5802 9553 2853 7464 2499 8224 9861 1146 8990 7980 3728 4437 6004 6501 2556 1101 6731 7549 1171 3057 3176 2584 9132 2101 5029 2902 361 7494 274 2073 5247 2134 7321 5284 9296 8076 1889 1985 1228 4835 7738 2105 7247 8820 1679 7952 2228 5313 5384 5096 1355 4756 7652 1370 915 1451 6519 562 7938 9127 5175 6853 8505 4078 3066 3099 5992 8031 9413 6400 2740 274 2464 914 8613 5307 1598 2574 5031 4785 9519 7494 5262 2588 8498 4562 1163 8284 846 769 5092 1589 6805 7883 2636 6331 5825 6837 615 9596 1987 8668 4426 4867 1407 7260 4699 8965 3073 7985 59 4511 4546 7609 8788 6581 2085 7967 4314 3669 8766 4416 9477 3994 2173 8579 9195 6512 2772 2708 3726 6930 7657 6430 5306 7191 7619 3035 9051 6101 6590 2827 5865 6978 4935 739 453 6381 7035 843 7486 1896 633 5845 6843 9834 7481 1228 640 8319 6313 2185 393 66 332 1523 5129 3916 6197 6338 7795 9586 3068 436 2516 3141 3628 3400 1282 9334 926 1839 2681 8519 7891 1152 5641 6945 5394 2579 9724 8695 7084 3502 6951 716 4793 9471 8297 4071 8548 4291 1104 3087 2495 4058 9721 4410 8058 2341 9025 3413
7812 598 8917 3075 7798 7537 4690 2151 9936 4773 5444 2674 7104 3856 9407 2745 7687 2680 9468 0 2474 2139 399 5727 8374 7699 6076 1754 1244 9008 4535 5141 3443 9937 2459 108 7806 7929 9794 2400 6405 546 6292 3289 4498 4179 1529 1395 9720 3129 8529 4581 1800 4091 8746 2244 3828 4062 4139 8741 3195 897 4140 7722 1619 163 6495 4312 3124 9981 5434 8815 8415 384 583 3277 2062 9136 9295 6383 736 5527 1724 5906 7324 6397 2626 1440 6947 1962 432 4467 8770 6547 1521 2771 4522 2879 1528 7328 6743 4412 8862 6696 2857 5428 4185 6222 8428 6330 3895 5705 7347 7126 4077 7630 8384 618 5091 6571 7513 7124 4 3175 9410 993 381 7724 4773 9468 6046 7501 9190 9880 7469 3878 1080 8430 3288 943 3570 826 5967 1772 5353 3403 4839 9485 475 3372 8295 7388 9578 1419 5304 424 9312 9065 8595 3532 8448 9237 3021 9356 2905 7630 8911 7164 5441 1326 4676 7284 2450 6112 5729 9760 7195 8672 440 7240 9588 7803 5759 1424 4801 3891 9462 8311 1783 6460 1239 7387 7083 1977 7914 1574 8244 5215 3166 3745 1124 6464 6322 4660 2047 2461 445 2479 98 4219 1363 2901 8742 4372 1661 9250 9993 3053 7954 5486 5761 4034 2904 4817 8425 3299 7057 3453 4449 7450 4591 7508 871 6670 8314 3358 9592 2524 9236 9068 2160 4846 6303 3408 2009 5133 5800 378 1759 5951 9165 4582 5935 1836 5376 5927 7296 8842 2825 2039 6498 5888 4193 1415 6964 1741 3955 6792 323 3646 8860 8410 1048 3600 5641 48 9524 6126 6666 6267 8420 8767 72 2641 5807 3571 9413 6845 597 6571 78 8863 1931 8747 9519 4612 6988 4658 7721 1728
3352 370 7287 5912 5207 1979 7747 362 3541 7062 6131 7081 100 4521 5691 6703 2732 4975 6591 2474 0 3203 7783 317 4961 1228 7846 5914 9718 3267 4698 7762 155 939 6684 5951 3801 8470 2285 6287 8492 1163 4389 712 1917 7115 1525 8353 5846 1911 128 5256 7209 2576 5155 1424 6936 111 5851 7253 1515 2449 819 1687 7155 6797 7382 8427 9890 5703 2835 9587 6111 4412 6114 7612 34 1392 3366 2646 203 1893 5222 5848 2008 8558 6868 5033 4635 2506 773 5609 8189 1884 3260 1720 658 1681 3955 3553 4615 5204 5347 5903 5281 2699 3273 3166 4017 3999 8578 5773 5501 4315 1759 2212 6610 5582 7920 1305 6164 3108 809 2793 5279 2424 2967 402 6105 1673 932 8721 3625 4003 3074 5769 7487 552 4880 6321 6161 8264 827 7846 7694 9001 4528 4091 9793 8603 5196 5370 6499 6795 5934 6894 5431 2891 9230 3599 7547 2131 276 4812 4731 2093 9068 7464 5269 6004 7994 7330 940 8637 2445 2726 8266 6835 4448 2933 957 882 5212 469 3699 1602 4435 2030 389 1361 8675 8305 4591 685 8268 2812 7111 2422 4101 8060 3714 6200 7034 8428 2161 3355 6315 6064 6000 1447 469 390 9563 9992 6563 1852 4195 655 4252 9140 2702 1642 8367 7657 2746 9132 1113 666 3246 5672 6311 4237 288 3336 2934 813 4791 3753 3000 1904 2189 1035 2700 8216 3290 7924 7829 5731 4729 1188 5060 4104 3321 1402 1103 5260 966 92 3490 7043 5890 9458 8006 3599 3550 4 1908 5499 4897 2607 4203 2166 9929 3611 5603 2789 3482 5656 2865 282 1208 3514 5368 3497 3952 5408 3627 6305 3755 4443 3530 1073 6722 7860 8053 2911 9696 5400 8612 2226
5487 553 504 4734 7896 9010 10000 990 9691 3084 2642 3772 5021 8172 9148 5908 756 9805 9356 2139 3203 0 5418 3635 5389 3250 7415 6375 8977 6000 5373 5140 5737 1387 8700 7464 8260 5480 9148 4543 6238 7093 6646 6161 3711 4967 5735 3579 3329 7635 9838 9045 9613 483 4622 1526 4353 2734 8544 9667 4849 6340 4192 6684 3730 4141 6382 9555 1313 2787 3849 3564 6426 6840 3867 2540 9953 1535 9423 4087 3221 8307 9537 550 8504 4664 1685 9756 4576 6443 4406 185 9814 7421 3308 1914 8532 9201 2483 4485 3056 9014 1599 1580 3049 9059 8875 5742 146 9519 7800 3360 7446 5670 3955 917 2170 2618 9501 3709 4405 5003 5307 337 9039 8153 2874 5501 4742 108 5770 1485 371 5477 9988 7534 2055 8182 9989 4957 3768 9546 5431 5221 3855 5237 7565 4717 1362 8986 5999 5599 9443 2273 1002 2586 4270 6561 7885 8093 7425 5145 1862 9475 7286 1546 5718 4897 9041 3034 9487 9866 6459 4797 9149 4558 8748 987 25 502 4202 453 6244 8518 8561 5442 8645 9922 8070 3286 7564 164 9532 8192 9704 4541 3034 7895 593 3157 3482 9029 9593 9588 2456 7885 4041 7353 218 2818 9664 3222 7965 3511 856 2452 7252 8859 860 3108 7239 2807 8521 6007 7523 9781 6860 6054 5153 1223 2287 136 5115 4749 4381 757 9165 7566 7350 5994 8680 7068 7022 5153 1778 9908 7520 5561 8398 4978 6244 1874 9127 1935 2082 6821 1373 6501 2261 3354 4765 1754 7563 838 7847 1331 232 1368 2171 8698 2633 6075 4849 2959 2510 1733 3119 3455 1859 9277 6268 9218 5387 4103 1318 9902 4019 7349 2439 877 618 3549 7436 4070 9331 7586 3827 1313 5553 4436
2768 836 5677 2594 1492 6366 7232 5851 3440 6459 5938 8195 5954 3504 9700 5324 1315 9137 9901 399 7783 5418 0 6859 4157 1218 6745 4637 8244 110 5936 5474 6380 324 3036 8047 3270 9807 754 6037 9356 1277 376 3340 4848 3922 3634 8351 5474 3392 2189 7979 4565 1132 2067 9452 2986 7600 3496 2789 6763 6130 2231 3428 8978 4150 3885 9536 6889 8346 1912 6664 5964 2205 3685 2179 9140 7759 8203 7346 455 6802 6256 2747 1311 4619 5252 2475 5372 1577 6124 6869 1849 6363 5215 4910 1573 1187 8868 6460 4774 8166 1502 7024 8583 658 3403 9839 6333 248 1688 8178 3801 2265 3954 1421 1213 3159 3347 3227 6911 5754 8484 880 1048 8527 1512 4984 4178 5000 3 4452 1186 108 2863 3583 3722 8991 5332 7697 4761 7018 9830 6159 8156 7926 6785 1189 9075 4749 4558 9185 9321 6246 2375 5272 3888 6869 9215 8314 8423 2714 5136 8278 5524 9117 7072 7731 4440 5476 6465 663 2862 4459 1985 8594 6342 347 3432 3452 8468 9910 1480 8339 6056 9242 8196 5647 7551 6251 7055 2380 8026 5328 8589 6359 848 1321 1426 9618 4652 4335 912 7597 6056 3723 2407 5905 2809 6127 3942 5713 662 2695 4013 6439 3588 7899 6793 7074 8813 6060 4073 5634 2184 1799 542 4159 7672 5754 2478 5981 4245 418 6470 7440 4055 5249 1674 8244 6733 6898 3241 5486 8344 6895 5459 1931 3179 3544 1677 2813 9955 7516 7287 5205 3355 360 2925 1440 676 8922 7675 7748 3665 9088 5472 9227 9182 2169 3730 7854 636 5271 9098 669 5183 9454 9802 83 3297 959 5114 2403 6461 4478 4736 8070 5431 9288 6906 7683 9154 8660 8294 5035 9710 6001 5806 3390
4239 1348 5861 4895 3987 867 9693 1127 5833 4071 283 3013 7834 3962 7008 8292 8471 7171 3577 5727 317 3635 6859 0 4115 6379 902 9565 2136 6906 7841 4881 3653 3015 7478 1219 1151 452 6308 8702 6265 2291 9782 977 450 1496 753 1559 85 4543 3613 8764 7975 6118 3352 1370 7072 3702 2711 9011 6395 4967 6487 1025 1008 5053 9651 6969 7384 2456 1218 9818 7043 4954 3575 2 9046 4231 9386 8288 7640 3958 9352 4991 1109 123 4832 7705 9509 7501 8601 2105 3536 7163 9475 648 416 148 4871 5909 3248 6805 6726 7669 5105 2125 7543 7561 7747 5222 3796 6570 8709 1294 9428 6240 5828 4518 4516 4653 4820 5313 6972 8576 5911 1591 2554 2718 480 5858 7116 9333 4125 2522 9550 5224 2589 3672 8220 9025 818 6685 6139 9582 1857 5515 9321 5982 6283 9053 2611 8913 2752 530 2978 3165 1705 7750 891 3115 8641 5332 6383 4292 6331 9035 2023 955 5448 464 1177 8000 7839 3236 8697 6984 8531 5649 6115 9327 4473 757 4288 4379 7355 1329 1467 8063 5509 3978 714 9624 3917 9172 7814 7534 3423 8411 9170 626 7048 6916 4208 8132 4296 1165 5447 7985 6035 4848 1345 7077 9569 658 608 2160 1688 6556 4788 7364 3070 3597 7830 9968 5225 1655 4333 8011 9004 1521 7537 8470 9749 9942 2082 236 3153 8969 7642 7350 201 4828 8956 5927 7410 1526 9473 1744 934 7686 5358 3673 1306 6929 9661 449 1870 8148 8119 5726 8271 4997 456 2171 9448 4340 8611 2187 5910 8497 9422 9232 9183 354 6367 4978 8092 8478 978 3464 7906 6724 3222 9163 279 2544 2352 5121 8129 2636 3275 6705 3322 1257 5824 3230 92 7464 261 30
3008 1975 3593 4370 2690 7220 8342 7147 5667 947 9021 3885 8148 2291 7326 9069 8406 22 852 8374 4961 5389 4157 4115 0 7405 3940 3636 9212 6564 1957 3056 8030 1939 1621 7189 5257 4532 8890 4875 7054 5250 7647 9937 2582 7426 2838 2357 8040 8659 2336 649 5740 8362 3213 9349 2795 8598 3462 8067 6021 7740 8167 7052 3214 6754 2021 9961 2723 3310 4541 1531 5123 1411 7859 1739 4251 7333 6541 6158 4771 4060 6158 1827 8853 6125 4092 5041 6251 6721 6620 423 9136 1433 571 1662 951 1359 4418 9297 368 7420 6827 3211 1467 7470 5619 6167 5195 4948 3745 4291 6457 1746 4236 9171 7260 4488 4715 7273 3654 5899 7801 9839 6168 2637 8451 1318 8499 863 9676 8968 9838 4090 2454 7538 4072 3252 9072 4104 3344 2584 2032 1767 5965 8365 7974 5988 3866 8855 3511 9376 8080 755 6136 5793 2157 1831 9806 7564 7022 7809 963 8808 2224 8133 692 2970 7584 6557 3388 6250 1423 756 9525 1109 7528 2828 1113 4088 9451 2842 9569 9011 6158 3247 1432 9265 3225 4510 2272 4826 3989 4759 2254 3149 488 4735 7810 9354 9130 3843 7876 7907 1279 1516 3861 4594 7672 917 9667 687 3750 6739 223 3320 1415 3464 6694 7303 9229 1352 3539 2431 9899 4005 4797 621 5620 9604 7750 8438 7388 6629 8031 1389 7313 2860 6067 7738 2702 7917 920 3487 6421 5504 8979 4761 158 9939 8369 3167 3542 2439 662 529 9530 7948 9735 1288 3829 4457 8984 3314 7893 9867 4554 6386 5907 7203 5436 6832 3179 2069 1001 3760 5935 4765 8708 5678 6015 241 6 4826 8892 5530 7902 9109 1012 5681 9868 2438 3875 6980 1568 9015 423 7761 5398 4904
686 571 5145 785 330 7957 4849 3328 9039 2665 1050 795 2630 5720 4167 1880 7115 6306 3277 7699 1228 3250 1218 6379 7405 0 1270 9205 1289 990 4297 9626 8013 34 409 2272 2532 5990 6423 222 2557 5627 9215 4942 7395 7376 2185 3446 6223 7049 5630 2186 3948 6062 3338 4830 9608 1104 8384 8914 9846 5198 8009 6655 6853 432 7401 1443 6900 817 7782 5389 4334 8066 7148 1564 5106 3830 9208 3600 9064 1832 5144 4268 2134 909 7991 2523 8490 5224 7228 3221 5386 7204 2320 5065 9901 3058 7264 3547 8762 4076 7433 7896 2234 9706 4856 9563 1979 7991 6072 9129 6571 5426 1371 3482 1581 3256 9780 8841 5281 1083 3297 8723 8413 5696 4054 7116 6292 542 9303 6912 9105 758 4613 6548 846 6275 7362 9456 5411 8550 6106 6838 5255 8296 5977 3417 2919 6639 7290 8412 9605 1070 462 7837 1177 8600 8770 302 8045 3165 1932 602 6267 7500 7366 6917 8116 7839 3727 3434 8820 6340 2667 5598 6919 2282 1220 5262 3370 6457 9611 5623 2216 5103 6252 4514 8393 7923 3576 8545 5313 6277 2252 2371 95 8037 8090 7458 3211 9346 8363 698 4144 5897 959 4264 1961 3154 7400 1064 5844 2168 3512 4238 9224 9316 7530 8547 1914 451 9520 6447 887 1495 2180 8807 850 1614 8810 1465 3699 4655 7789 8012 3874 5316 3522 5794 891 3225 2814 3024 8460 5028 7151 8514 4036 4489 1469 4283 9762 3859 467 3043 3333 8148 6694 7040 8425 4109 5608 6204 7106 8288 4448 9206 3915 5248 8333 3997 9381 4039 6004 1889 2717 1588 4426 7113 3904 1007 7192 9983 7055 4035 5841 306 7720 350 1736 7707 8745 9821 3229 5757 5859 4111 7569 9982
2992 8794 76 6157 3985 987 1148 1758 4840 3076 8173 3385 5887 3994 6147 5525 2918 5976 5140 6076 7846 7415 6745 902 3940 1270 0 3447 7115 5693 6880 9175 5158 5637 9068 1201 2863 7095 8942 9929 8006 5636 6633 6915 2397 2749 2357 7229 7819 5682 1325 1852 1902 2718 9395 7268 9838 5932 2971 249 1961 3006 7779 9428 3209 7497 4364 1003 9367 3521 5101 5647 155 7573 7744 5140 9032 411 8850 5489 1089 4858 4451 4309 5855 2963 9464 3316 2695 4625 1220 4314 964 6745 2360 2222 8282 1540 3806 6732 8264 7510 4801 9669 9350 4832 6497 4871 9066 4356 3161 5186 6364 5850 2 4365 7411 9845 7613 487 4896 8204 4792 6349 2747 104 2397 6342 8945 8010 1164 1543 2905 6053 1146 1769 5334 6219 6048 2773 4735 9522 1007 8579 4310 3502 4769 4795 16 1881 9072 300 7910 9670 3345 9453 5357 5567 7198 4261 3285 1149 9380 9154 2368 8851 1306 407 1447 101 3810 8054 9201 2999 7633 5397 3987 98 1395 8390 3491 8720 5154 9157 4907 6051 957 3378 7169 3839 2966 9999 4137 1286 542 4596 6278 4607 7363 1570 2021 3049 7010 8567 6654 1806 24 5363 5853 8915 7566 9248 1041 4473 6590 4070 1673 7531 8075 1860 858 56 9002 96 55 4626 3398 8591 8104 1482 3132 1578 4080 9624 1634 9594 8436 5033 2535 1173 1030 3176 678 8391 619 5430 744 6374 8650 6812 6577 4958 8444 8664 9078 3382 2569 6411 9329 1777 8344 5900 8972 2768 3288 3385 3148 3712 1107 393 8588 9932 5407 5321 6278 436 5002 9742 1615 2904 3786 349 1302 4002 7408 1291 7208 1080 1291 9804 1323 9117 2252 3072 1094 2677 5172 6298 5044 6938
