300
0 4097 2543 9610 2109 9226 5102 9607 554 2443 5358 672 7358 5767 9998 3269 5165 9455 5384 9907 8261 1003 3963 5766 8378 8449 9273 9502 7321 8657 2875 8032 1891 5282 1180 8199 8443 6842 8528 8128 3801 1624 3305 3701 5194 4466 2414 9156 1388 1358 1889 349 2863 7892 6051 5105 853 9400 9290 5934 9471 66 5330 7828 4860 4816 886 7159 1868 5691 6744 6159 4897 3216 3876 6158 3545 7352 2734 3769 1669 1045 1682 2250 552 4832 2680 5551 4339 747 6397 7897 704 6574 6430 3859 1241 6186 5073 3976 8155 3199 9124 3578 5308 3443 393 3089 3602 536 8890 4060 548 216 9191 2204 5892 2246 1711 6924 5014 5239 302 728 2969 9690 7255 6646 6352 5947 409 1684 5239 8782 8148 5583 373 6158 9594 2949 4412 8816 8529 2965 2177 6631 4226 6909 466 2609 7853 9039 6749 1794 5431 7368 9320 7548 645 4805 6034 9891 506 8786 7391 8030 7608 5034 5939 7669 1297 9346 2494 7957 1963 6168 3090 4345 3266 5138 4129 6264 5414 343 5179 4476 6798 4686 5687 5585 7268 7907 1908 7512 3850 8813 6624 7363 8802 8784 9999 1884 8883 4557 7011 2914 2286 6746 4291 6627 1911 7183 9535 3065 3825 2308 5084 9367 3883 3041 6391 3200 2925 7447 3085 3478 7880 6864 4122 9741 5328 4151 8103 4555 2708 8215 3890 1614 5995 8698 8480 2627 9459 4165 4302 8641 525 2987 7970 2343 147 111 8101 7009 1238 9921 4234 4661 4355 4967 6703 8975 8273 1917 2900 9528 3408 8781 4522 305 3665 3422 6104 3223 9564 3691 9208 6774 5260 4762 826 5650 5570 5728 5809 3448 8689 2251 7991 4995 1483 5921 7680 7875 7891 8912 3142 2119 2439 7269
4097 0 6992 793 3102 4139 5615 3075 7068 953 5144 6471 9259 5042 987 249 2968 4793 5925 4660 1490 9400 9975 1621 2463 8628 5467 4104 4567 7754 5421 5780 9578 583 484 8849 3577 2402 3921 1907 6139 3343 3123 9199 4110 3671 9241 6378 8046 7950 8114 8617 916 4596 6065 1614 6272 5257 3499 1249 7151 4908 7468 55 4006 2102 5176 6422 8487 3391 1021 665 5716 2624 632 7482 6480 3607 5573 2297 1281 2152 8659 4933 2367 2889 8460 1475 5998 9006 9756 2938 6611 3157 6095 4916 1150 1179 7505 7584 3054 915 3723 5592 1527 5436 1940 2485 3603 6781 9571 475 4556 2556 636 8688 136 9608 8562 7385 7311 6873 8956 1660 435 6944 5782 5464 6048 41 5510 7310 9141 6323 6939 3499 4211 6122 4562 9735 5193 6814 3648 5445 3684 4288 7864 1155 4373 1529 6002 323 6812 7445 3422 9436 5756 7736 9594 847 3188 9537 9441 5227 747 799 8901 2149 8927 6583 5764 6760 4676 5833 8380 4207 6284 1444 1180 145 3752 6830 4284 1422 7405 3465 2942 202 232 1484 4983 5833 3103 5005 3359 4455 2157 3273 7609 3020 2881 9594 2600 2266 6878 2090 5172 3139 6067 2838 1830 829 3420 5244 1733 9908 421 2391 4853 1430 7351 4749 4704 3199 8691 7123 8970 8959 2858 1221 6456 5136 1730 5899 6848 8426 3297 1540 176 5278 8883 6319 803 3787 5124 8670 571 2656 9991 6236 1411 9957 6996 2521 4444 7716 6472 1482 5522 6698 9015 1319 7685 8653 9784 3274 9476 768 3135 352 3691 9011 4625 2226 1134 6181 5516 5746 9914 6415 8825 4194 8766 5127 3442 9624 2710 6124 588 5068 9345 5967 9506 8986 7893 6732 3118 8091 5175 1162
2543 6992 0 3225 468 1570 1184 9440 293 7089 9770 4769 570 5261 916 6967 3522 9847 5889 756 671 9896 1037 1104 3974 6205 649 1575 7352 8517 7502 3865 4767 6272 9747 9639 889 3477 8212 6686 8055 3063 8102 2366 8674 1899 1648 7814 6787 61 2693 7596 4400 3805 9456 2093 42 8173 6022 7765 3172 7755 6216 7664 8001 3345 7088 466 8484 7714 512 7500 3334 9319 4802 862 4441 706 7372 4342 8771 7057 2509 841 6556 9386 4067 4871 3097 1107 6470 4323 6232 6158 1425 6317 6045 1800 9003 952 4823 580 4972 4259 5895 4063 8132 2849 1902 6394 7601 4764 8013 7059 3897 9968 5816 5548 3233 569 6788 6059 6182 2029 5444 8139 5001 2331 6191 6241 6856 6916 3383 33 9891 6114 8358 5576 82 2717 2591 4048 1305 3978 3189 2720 5785 9003 8488 5870 6942 1032 3399 7085 5455 7939 1041 7353 6678 5126 887 1932 9689 3873 5690 1323 1165 6211 3072 6206 785 4783 9390 2343 9259 9756 5120 2415 8632 636 506 3901 3863 7421 7522 2523 9241 4030 9899 7085 3234 5408 3070 5836 4715 9925 9631 7872 1680 5301 9639 1438 9846 7398 814 2076 9663 5221 6179 4065 5814 774 2310 4608 1308 639 6841 9995 557 2296 8646 5779 7571 4060 9650 1467 2086 1867 8400 4143 6590 543 3377 9164 5569 4442 2905 503 8278 4577 3520 4551 3855 8124 4982 7422 2701 4732 6564 1625 7264 6879 7657 9147 6840 8574 6670 3823 6048 2657 3691 9561 1388 3284 3341 6455 8487 4615 6865 4670 947 2379 2142 5467 1146 2260 2038 8300 8604 8649 1645 3806 2611 6092 674 1239 875 9242 7181 5783 7291 2912 4516 6321 2604 9546 1084 1408 9435 8838
9610 793 3225 0 1214 8210 2608 9011 5750 1088 8107 3411 9016 5703 3928 5021 2909 5185 2800 3298 7104 722 8735 3013 6141 1493 4455 5296 7037 3548 5315 6190 2547 7705 5852 7177 3627 6604 7870 5809 7908 4322 3060 2752 489 3436 8766 4812 6950 3196 3519 8854 2431 4830 7765 6740 5978 4513 7404 2577 6882 4578 5809 5994 5541 5206 6222 8971 9456 7871 355 6645 5815 1854 2177 5231 3982 7145 8474 3645 5238 450 2154 9615 7953 4952 8819 5049 6621 6498 9541 8297 7811 1759 6567 4693 125 2158 8686 6827 5924 4839 5054 8740 5996 2537 5629 4691 3914 5821 2120 7351 8175 2900 4769 326 5620 7092 9094 9948 5986 8387 221 8702 4810 7210 538 415 3192 1970 7799 6241 7618 2459 4356 8732 2867 2823 8482 8797 2676 7786 2542 6642 483 4958 9393 3495 4134 1159 4301 5036 8563 7799 1006 8922 236 5585 2586 3665 7318 836 5594 6527 21 6326 8738 9704 8061 7933 7433 5847 5191 135 6825 4157 1951 252 9349 5121 4070 4810 2911 2940 1692 245 3064 7748 8630 1252 9696 414 5640 4981 9877 447 4301 2449 6482 96 3370 9486 8133 3214 9494 4310 3916 6449 7384 1910 7632 5308 5725 6794 4695 4649 8138 2026 5153 9601 7694 5613 2375 7962 9979 9269 3873 2851 4847 2940 5643 3887 6953 5338 4451 4245 7516 9088 4981 3921 247 9550 8754 3445 9407 4589 4858 2500 7018 9593 7130 5469 6282 8312 8163 9427 6071 7400 8879 5168 8698 6290 4954 5058 233 1085 5888 9584 5795 1960 429 7410 6673 4150 6384 7666 3521 1968 1684 6387 2007 4496 8811 9455 4490 7453 7102 9736 2681 1100 8579 8832 4496 4730 1708 6062 9217 6845 8802 4282
2109 3102 468 1214 0 4611 4958 7015 7813 545 8008 2390 3201 2910 9471 5136 7271 4113 2889 197 8074 4711 3941 9182 4094 2721 4163 4244 7981 9316 7846 8422 5169 2612 2059 8114 6121 469 2155 6931 8887 2146 6963 8825 3986 6601 6813 6073 4425 1927 2544 4679 4780 3794 502 7803 3728 3421 7591 3441 800 2394 989 4802 6256 4566 6722 4382 794 536 6394 7054 861 7817 9584 8423 7150 3935 5203 9220 7789 2051 1695 9085 4009 4887 2306 5866 2295 2905 9574 251 7744 1454 6511 3678 4542 1588 5750 5381 7920 8877 2033 4702 3013 6632 3697 9299 8052 4551 9146 4915 2314 4641 7230 7388 1618 1530 8131 7787 6171 2756 5047 11 6252 4362 6246 6619 7665 8657 6806 9187 4800 4195 2261 2435 7408 8417 7017 506 5674 1088 310 6687 7980 4603 325 3002 6115 5425 408 8691 73 265 7906 4575 7598 2935 8648 2136 8264 3915 1241 279 9743 7763 4425 5328 2920 9758 3995 1782 305 3652 3617 8649 3066 8773 7056 8244 6547 2610 7238 3483 2275 5205 6525 6979 7817 6954 5058 301 2894 1226 1930 1199 6467 6435 7261 5090 650 409 2924 2407 6042 2413 4862 6997 4604 7626 7593 2305 812 2146 6307 9374 2155 7195 3274 1317 7034 2795 2054 8445 3849 6842 4614 3631 1112 3779 3766 7925 2840 4984 7897 9756 8556 614 469 7006 6180 2937 1301 7484 908 5939 9872 2150 6127 2201 5750 8677 1735 4387 9651 1747 2233 204 8067 9942 6388 6960 3879 6175 841 4672 5433 3562 9289 7555 9215 6935 8988 6151 7544 7126 7075 8390 7620 1634 7102 5761 3388 1837 9215 4971 9954 5369 3618 5531 3281 471 2813 8238 2088 7637 4998 5716 8236 1764
9226 4139 1570 8210 4611 0 1265 4283 4148 9275 3678 8148 5964 2600 5841 8641 1955 2231 8454 4764 6910 5129 3256 5944 7902 5331 6961 4608 1943 9574 3214 6063 687 2680 4248 7686 4792 8443 909 267 1694 1515 7314 7138 2724 7740 6484 3579 5563 1942 3913 6675 1183 1963 2428 7053 6172 4348 3422 34 2835 665 4471 5426 7254 7765 1640 9774 2551 3331 9747 2261 6358 3645 9243 8370 4619 8496 8348 823 5455 2625 7954 145 6720 9331 3522 2660 3118 8166 2736 7481 5743 7598 62 5878 43 4734 6637 1256 8139 2969 1557 8930 4858 4295 9083 6215 8007 7628 1288 4112 8393 6140 3316 8829 8774 5199 621 5244 2546 1731 8331 1784 1222 2104 9476 1340 8944 3931 3308 9899 2851 6334 5409 7020 7753 5369 4665 6203 3177 1544 4719 2005 6501 7749 4426 6719 1462 183 7800 3462 5121 5610 7816 6675 7039 9754 302 4988 2229 141 419 9728 1716 9464 2162 3543 9529 9806 6443 1137 5429 6733 9766 1369 3527 6191 5158 2331 284 2678 8644 2242 9971 8902 7033 4750 1432 6307 4236 4694 8120 9729 7411 8110 9343 983 7591 294 1788 1395 8796 5021 7180 3517 1547 7510 2087 1198 643 384 6191 8649 6912 7604 6593 7098 7145 112 6219 8138 8558 3019 6975 4258 3218 5955 3161 7601 5002 8700 9863 7938 8080 8774 4986 9207 9531 4164 322 938 4138 6186 2292 2967 8546 5617 2525 9471 3188 2531 5998 2659 44 6463 6574 8254 6895 1264 3344 2024 6629 4721 7788 1677 1369 7431 2256 5726 5471 5388 8053 9439 7945 1432 8986 7596 9572 885 1106 1485 29 7891 6789 2837 772 749 6606 8794 2417 6825 1903 4951 6891 2147 5056 5857 8269 6751
5102 5615 1184 2608 4958 1265 0 5184 9388 6442 8936 5263 1551 9571 3296 1805 4689 6677 3176 3738 4090 9549 9627 9914 2908 9631 3524 5009 8969 7242 7065 8442 9880 4750 3976 1293 751 1641 3076 28 3061 9358 3936 2140 6141 6560 8245 5457 1735 9964 9247 4156 770 3664 4262 4012 4660 8783 1637 7799 3611 4505 1915 5852 6409 8954 4970 1753 1519 5375 8490 5623 3715 9882 5601 8911 8373 4784 144 77 7742 3251 9057 8546 1502 9122 4825 4624 7012 4355 123 2250 5550 1507 8600 3146 3631 9384 6417 4049 2692 5474 4694 1812 4757 6850 251 7170 6477 2979 6144 3500 8162 3557 3720 110 2379 4439 7293 1048 3396 7462 1453 7854 3724 453 5736 1289 553 9094 5470 6349 9911 888 635 1141 7137 1181 1173 7191 751 6030 9531 3820 3776 51 6205 262 8287 1303 2420 4885 7782 33 9275 1306 9463 1626 9101 474 7392 4570 7665 2572 81 2591 5625 1979 3557 8573 1904 9297 8494 7534 5510 8493 9172 617 4 9112 2783 3696 1454 6118 6500 9761 4704 2660 8405 1114 7639 4233 5312 9020 7132 4767 7155 1224 8858 2595 3965 4436 5356 3127 4287 8448 9409 9483 7858 4862 6947 2876 1818 4368 4653 47 7186 3900 6958 3777 185 6822 529 7830 195 2150 4554 7573 9515 7031 1269 8177 984 6334 5894 8136 4238 7124 924 7244 3926 1280 6590 1742 2001 8573 9829 3314 804 5117 2030 6175 8024 9696 1462 6421 6474 7594 6707 7908 9851 3153 4699 9386 7144 1803 1734 2259 2809 3831 7327 6986 420 2510 9408 1624 3785 3241 3502 3121 7817 9832 6885 2468 4099 4001 2300 2656 877 8700 6315 152 1717 4412 1676 139 9267 8898 8939 805
9607 3075 9440 9011 7015 4283 5184 0 7076 3482 6610 6127 639 5631 8802 1477 468 8096 6562 70 2218 8323 2624 4164 6624 6918 2507 4128 294 2787 2253 7364 2726 4089 8292 965 6136 1386 9527 6083 881 9150 8539 1959 6276 7494 9380 1880 7924 6475 8046 4017 7906 9700 6183 7906 300 3000 1079 5894 2480 9670 8452 7054 639 2847 5318 8188 23 4565 8368 5682 8630 7038 2970 8480 3239 3501 1277 579 9959 2720 4861 4004 5520 7718 7139 72 9058 6281 2191 2294 2557 6962 2432 6944 2486 8574 7313 599 7390 6121 7257 2850 4331 5098 1686 6233 7376 4586 9 3565 9313 4817 2217 5045 3097 1224 6368 9292 8804 9572 7703 3051 6094 2548 5269 5513 8552 5039 1805 745 5347 3266 1637 4130 3762 5140 7976 9876 5872 8605 23 5163 950 6847 9817 2862 3557 5879 369 5654 4375 912 3773 6241 2467 6634 6216 4855 8850 1532 1042 4248 5923 105 4709 8888 383 2890 2905 4188 7351 3738 8343 6765 8792 490 9068 2023 4185 5734 9104 1469 6989 1069 4821 1333 3345 7208 5163 4920 4396 9362 5168 2251 2216 304 5014 2254 157 9307 7240 7720 1160 5158 4351 4883 4099 8188 5101 8801 9861 5524 2052 4997 2271 2643 1833 8074 762 300 777 747 9360 6000 9528 6252 2412 8821 6639 6437 1875 3020 3904 3454 1364 8707 285 8746 448 3766 6200 125 6338 962 5910 6037 1209 124 1801 1390 694 5200 4621 1293 9350 1531 9242 1577 9373 2877 1503 5868 826 1592 9608 9397 1076 1196 425 3163 4124 5470 1220 8397 9601 4377 4710 7900 9975 1521 215 2851 8336 7232 3261 1893 2812 8583 5404 1612 2940 3030 1488 3470 4619 6019 7668 9624
554 7068 293 5750 7813 4148 9388 7076 0 8780 251 7128 1464 6762 5418 2327 913 9559 7996 6883 9648 5679 6018 7134 6783 2198 276 661 5303 7041 4392 6607 3377 1468 8170 8304 7685 5295 6463 7870 1085 133 8087 6635 9469 2371 3798 7459 9630 6308 3282 3414 6482 2853 9893 1277 1201 950 3084 6389 3630 1363 8652 3861 8774 2600 1153 3027 4721 4563 9711 315 3005 4506 5889 5804 6946 8093 6934 3386 8684 446 9644 9425 513 39 7271 2540 7757 314 4884 9975 5396 7674 106 4841 5582 8211 1059 1107 8800 2366 6364 2873 9561 7794 2783 35 6650 7367 8173 1865 8886 152 816 5858 7111 137 3176 3289 3883 1326 2457 5044 1064 2303 9012 5300 3518 4077 3156 1095 5432 8202 975 8139 7329 2184 8345 3838 3518 1138 8168 5951 3582 822 2542 537 3770 7733 1589 2878 780 8137 3736 5526 2358 2250 1573 6459 9442 4596 2126 9788 5149 5654 8655 9980 1235 4486 3152 3701 6302 763 9143 6513 8583 2092 4459 244 2288 9305 591 3706 1463 1401 4643 5331 1673 7015 4813 6852 7235 9005 7095 9400 7332 2788 1742 8295 1120 5155 6585 5942 2787 6868 472 4184 8487 2931 8327 1853 3302 5892 7598 2898 3288 1286 811 4473 2033 8137 1700 6628 4549 2582 1995 5587 5629 7262 647 5656 2606 3940 1368 560 8449 246 1586 4816 6839 1943 6427 349 2980 9950 6082 4188 8607 1582 8342 1619 4520 8255 2113 7687 5684 2539 5752 4190 4028 372 5399 9654 4603 1631 1024 8073 7758 224 5289 4495 6803 5000 554 1858 1220 5810 3508 8191 9935 3686 3090 1748 1903 6537 8860 4809 900 9029 4526 8406 9281 5267 2162 4539 3720 1424 7060 9914
2443 953 7089 1088 545 9275 6442 3482 8780 0 9839 3461 4644 3702 4915 9301 6430 6501 3831 6556 395 1202 5671 6358 6407 171 7547 3036 3444 2989 4748 2883 6810 4893 7397 6040 9125 5594 8080 1998 9083 8497 9956 2299 4538 3670 186 9278 780 7493 3813 1835 4937 8755 9276 3373 4477 2704 90 8105 3734 377 4933 9371 94 4813 2820 8504 8917 3480 5396 6271 8499 1623 5323 994 8098 7148 839 5791 993 3073 2486 6596 9907 6311 1619 3027 6472 5400 7529 3979 680 9773 9304 6485 8328 1162 6427 60 405 6637 4398 9751 3342 545 9876 4236 6247 4046 4086 4861 9240 8214 1543 8678 7135 9590 1938 1616 260 7948 580 7580 576 1000 1683 4915 7480 2164 7706 9773 1778 3553 3343 4116 3689 2434 1461 8935 6371 8307 8923 5334 1640 7573 8049 2252 4298 3338 5154 6820 6867 6598 3214 4621 8826 5102 3994 9103 4058 238 8394 7169 1191 4554 5174 8955 4757 6434 5766 6639 8045 5163 3339 871 6344 9718 9783 7641 2186 536 9049 5421 9811 4046 8848 3196 6009 3066 4267 2071 1723 3513 7320 7989 3807 8446 7281 9514 954 8504 5724 1059 3337 7476 5234 6330 5690 7994 8330 4512 7728 3012 8422 4772 9454 3896 5088 6324 6165 3891 2141 4369 2920 4187 3416 5438 4603 3478 5846 254 8286 4127 3887 3388 9318 7164 8577 7662 6714 5674 9658 5596 7959 6176 8438 6748 5311 6878 2476 7741 8999 1275 2435 7007 2670 7039 5806 129 9908 651 2906 8405 5126 967 7007 9916 3464 54 4115 3952 5496 4030 820 224 8700 5483 7383 6604 6355 3730 1856 1305 4986 2011 1624 396 3050 8664 6911 4111 2769 5266 1964 8312 9318 4693 9683 4571
5358 5144 9770 8107 8008 3678 8936 6610 251 9839 0 5947 9500 9737 8911 5410 9911 6797 7306 2043 1840 3471 2223 810 4576 6412 2075 6234 278 7204 4588 2327 9607 4367 8643 7016 471 458 8476 5184 5209 982 5962 7249 950 7487 8579 7551 8389 3556 4819 1146 7179 7420 6223 1175 9966 3511 7228 685 5701 4050 4152 8843 888 8886 5345 2 319 2422 5029 5190 2669 1271 1512 3559 5546 4540 3593 768 575 4659 8165 4658 2366 4488 6125 3105 7917 2652 3635 5937 5246 7363 5087 5178 2564 5339 4008 5551 6780 5804 4886 3951 2993 7000 4709 7717 4147 7468 2123 3503 2478 1117 4665 3586 4607 6578 5459 3534 262 2303 8974 3661 8944 2903 3479 8184 4746 4427 5299 4085 6148 6948 2593 6798 4620 95 1972 7336 2823 8513 3853 3085 3178 3279 7358 1707 9653 3235 4120 625 717 549 6204 3366 4742 9304 9955 9352 1607 8612 1191 9527 1837 9324 7566 5136 1048 8820 4416 6107 3183 1150 3201 2882 2277 1491 7434 3187 8941 1602 7256 3059 8416 1119 5614 7034 7857 4758 9904 1647 9012 804 3693 6885 4426 1280 5140 267 6882 7672 1406 3224 1983 8618 2887 7526 9122 799 599 6891 3473 3616 7699 1630 6015 3487 7715 6740 2954 4193 4912 2415 2419 4576 3881 3758 9422 1238 942 5560 2561 2256 3908 56 1240 7149 3667 8440 2952 1252 6893 8288 9960 9911 6055 5451 4380 1410 2574 7836 6748 228 998 9310 6446 9568 5049 2087 6164 8499 4769 1325 5533 3624 6874 4336 4223 6900 7234 839 8844 1784 4506 8703 1572 6615 1529 8856 2572 4982 8660 2862 6421 9286 7354 278 6279 1804 1928 7421 9316 9704 4581 9648 9386 5226 3014 631
672 6471 4769 3411 2390 8148 5263 6127 7128 3461 5947 0 915 7515 3956 5883 4383 2427 2896 2427 600 7352 4008 7455 2217 6635 8015 8512 5559 111 5396 6883 830 6157 3693 4082 8756 2956 8362 1264 2837 4205 9219 1463 7165 3793 7801 9093 1904 562 2963 3558 8490 8972 5796 9465 1614 5606 7117 289 4644 1555 4353 7038 7996 6903 2330 8153 8211 3893 9060 9408 6128 7807 275 7058 8033 3681 7009 4132 5739 1531 1426 9623 4181 9512 4686 1593 1211 163 175 2798 6398 4392 6430 2884 3847 6205 7522 2479 7718 5277 7929 6747 7764 7582 8524 5922 9996 1973 9636 506 4633 173 9879 388 2340 5805 4053 9460 3442 4382 2995 7034 7327 8850 6418 6207 3272 4739 3670 5901 6490 8890 4347 4371 3236 977 9343 4107 3498 9892 4130 22 2612 5740 3733 2286 2390 2196 8186 5940 9891 6379 4390 3028 1563 4025 4339 1483 8751 3720 771 9388 4484 9055 3330 3274 1981 1859 9977 5763 721 813 6013 3001 1054 4089 6938 6149 5288 5794 8213 3828 1734 9881 8975 1235 7931 8424 375 3600 4749 9304 2888 6691 7713 5174 8385 7341 4072 8977 8408 4814 4005 3523 8003 8447 2939 8350 3537 7568 9243 23 6495 1522 5856 9101 4161 7434 8385 8693 4027 3044 8282 2188 2376 6296 4378 8733 8579 2154 1855 195 7774 3733 5511 7650 5973 9670 1277 3716 3378 9086 5175 1069 4880 4334 9394 4224 8390 4367 2812 5046 9554 372 7039 7885 3049 2857 2153 3364 7725 4039 350 8613 5676 8788 2597 3338 5923 9610 4846 9408 9160 3921 1454 7495 8901 3507 1655 9150 8282 3601 851 8381 3908 4471 5110 9960 2924 7033 8862 126 8133 2982 4910 2070 9095 3358
7358 9259 570 9016 3201 5964 1551 639 1464 4644 9500 915 0 1769 6449 2470 9991 4320 1856 5570 1142 9483 9837 601 1671 4689 3123 6918 4746 3779 8252 9098 6582 4292 1938 2855 7825 4403 8330 9250 3883 2229 2998 6492 9197 5793 4212 1761 3146 6971 1133 235 769 4916 6255 6388 1036 4947 7010 1238 7114 1537 20 9936 96 4228 2027 3119 5160 8344 9510 3509 3954 2138 802 3206 1681 9684 8110 7024 7895 4617 299 9218 6765 3958 3587 5616 1458 3042 9032 5952 930 8796 8634 2178 4083 2997 2586 5516 5714 7838 1821 2646 9879 9020 2430 4208 953 181 4856 3536 8257 2680 4978 6167 4077 2440 8011 7600 1492 4379 3960 8966 2810 9876 2560 4401 4426 4159 7140 6777 1331 4313 4718 713 2676 733 7688 5969 7126 1292 377 7019 3039 2229 5415 6160 1998 7223 8610 5061 2506 4857 893 5706 4259 6361 6116 6782 2881 915 7504 9595 5252 184 3652 7826 4812 7475 9643 9826 9387 6476 1387 1905 6988 9008 4540 1690 7935 6695 6863 3097 6016 6097 1508 247 8013 1969 9983 2964 5089 2310 3292 2118 7736 5653 5001 8028 9664 3494 1353 2571 6815 5785 7696 1357 5214 9572 2754 9331 3823 9914 7077 4679 2944 1627 4921 499 489 5733 1193 4425 4216 199 8935 8994 3937 9065 3977 4123 4694 655 1037 7984 6713 152 3023 9332 7483 4328 6009 3591 9719 4679 9632 4764 6520 2523 7563 445 2000 9204 2350 9740 3521 9267 2718 7625 1231 499 2638 8826 6190 5068 6599 1275 2688 474 6861 5756 8404 3820 1911 793 264 894 9711 790 2771 9433 6714 6615 9856 1817 6451 4244 3687 1096 6935 5992 7461 3390 6271 3620 354 347 5576 5694
5767 5042 5261 5703 2910 2600 9571 5631 6762 3702 9737 7515 1769 0 9063 745 207 3647 6449 5304 6648 6130 5627 1783 5411 1874 5160 4018 6949 8514 5466 1475 9465 9598 7725 8471 1761 7706 9263 3987 6708 8003 7153 4526 5240 9498 8579 2662 1907 1988 8484 5030 9882 574 6513 1143 5170 4245 6013 1466 5382 1260 6980 589 6637 9106 8712 39 4933 2254 672 6299 6085 3906 6921 400 1899 2520 1150 9584 6987 9114 5299 3084 5603 2694 1802 4621 9967 6346 2736 2635 3683 3340 7816 6477 7364 8049 9399 223 4184 7504 8140 1856 5828 9112 7106 2341 9664 2308 4654 2168 7084 6381 1286 7600 6948 4268 3523 4318 3895 8653 5354 2098 248 8552 131 9979 4283 2303 3336 5388 8087 637 630 6836 6964 5415 2358 1351 4967 730 92 4845 7683 6059 7629 5312 6311 8875 590 1970 4811 9782 8871 7415 4888 2384 1926 324 5513 7862 6249 5585 4281 6884 6392 7059 933 6466 9379 1527 2934 7748 8377 6627 777 9154 4818 2894 301 508 7908 5901 1748 7497 3374 3273 4459 112 2633 9654 6597 4136 3526 2479 1357 2283 9608 5220 4939 3926 2139 2461 7986 1909 239 8525 8694 8498 8022 4443 2750 9766 118 3442 9319 5727 401 8198 8902 2563 5034 6164 2081 4574 642 4940 8266 7228 205 879 5785 994 7664 1197 3353 7426 549 7401 6576 2461 7101 4469 1963 9459 189 9917 9806 2338 5846 7067 3333 8159 3068 5022 4667 8494 5136 489 9990 3858 5857 5753 8592 3448 9612 2309 8964 5283 39 1725 791 4353 8260 1187 3777 1170 530 6538 3897 8929 3629 7621 1690 218 2243 1113 7682 4683 7946 4018 7432 3228 177 8022 3090 5270 2351 7778
9998 987 916 3928 9471 5841 3296 8802 5418 4915 8911 3956 6449 9063 0 9376 7542 5016 7894 5663 1988 550 3172 4091 1956 8850 267 2895 5252 5420 720 4593 1567 5505 805 4447 4977 662 6774 2092 2882 9366 6162 6279 2882 7371 1248 7261 5698 3418 5346 3671 3396 4610 2071 7975 7894 2174 5787 6262 4241 8757 6519 2293 5045 9956 4640 23 411 2534 6528 1026 2762 4198 6247 7252 7449 4923 8588 2319 1273 4772 9782 240 1921 2770 7501 3462 435 2687 7741 1425 2543 1982 6124 161 5472 288 8015 579 4592 3646 6810 1594 2625 8844 5188 4630 2872 1472 4346 1673 5487 9516 929 1959 8473 9427 686 7805 5560 680 6615 8433 1047 2388 9897 1840 4570 3253 3954 2837 7731 5346 1779 44 7674 212 9374 9390 6106 8342 7711 8805 8172 4397 1308 6809 8161 2679 7108 3790 7742 9207 3631 8766 3824 8716 8907 8309 3495 2330 4319 5868 8217 1695 7194 9586 5956 1326 8106 7278 5905 4840 2356 1074 5587 3974 5250 528 1204 7611 817 2117 4497 7963 1283 6645 66 9505 5553 6990 8933 6035 8691 9447 8495 6493 6500 8369 3091 5741 2068 9537 778 736 1348 9262 6769 8105 4575 5620 4209 4826 7014 4029 6472 526 468 4263 673 6075 3842 3260 3673 2554 3315 9374 6622 5449 2486 2991 1113 3588 1008 1036 5134 319 6411 6028 2140 2843 5311 8734 4189 9333 9186 4967 2120 7936 5993 2415 5829 1550 3418 9439 5418 1765 5081 7966 2564 8732 3058 4365 5340 4633 8632 3690 6577 9638 4019 9052 8365 2934 1128 6586 1543 8905 6226 7150 4473 1488 6715 9068 7735 7040 5199 9409 7164 7432 5036 4848 6214 9181 4380 3895 8977 1229 9091 2061
3269 249 6967 5021 5136 8641 1805 1477 2327 9301 5410 5883 2470 745 9376 0 9792 6598 1655 4952 1225 4696 9378 4655 9728 5985 9773 4861 9611 204 9227 1037 2247 6911 6222 3641 1951 7070 4839 8859 3228 5214 496 9590 8292 741 8785 537 9592 7123 9886 1032 5124 286 2449 4659 7998 1343 1811 6790 8783 4921 5971 846 2381 4912 3270 8551 1100 7132 3369 6784 3774 1324 3428 9569 2656 3570 3737 5437 8550 7897 1769 5351 6317 5181 4822 5368 1676 6226 6859 967 2146 5431 5273 7281 8187 9265 2295 9480 2179 5690 4176 2487 5504 3766 8622 6930 3075 6888 2328 2898 688 7212 9765 8916 2394 4172 9349 8199 5415 5575 5800 340 6311 3616 9493 8044 8974 9087 6907 6906 8000 8730 413 9507 4971 9880 3652 7821 3806 3875 1147 605 2084 8173 3437 9304 3659 4077 9315 2089 3347 3700 259 4833 6368 8028 3932 9269 8131 2368 8098 6541 1396 6204 2733 5982 6210 5608 5886 2854 1978 82 8359 4845 2749 7313 5612 9225 2222 8131 1687 1633 2044 817 3533 3681 7502 522 5378 4196 9882 6008 9656 9119 3008 172 2154 5481 5213 5592 8471 5994 884 5048 7451 3484 8166 7225 6012 1467 1027 7886 9904 213 3049 156 5578 1900 8789 9016 2507 3013 1115 9645 5692 2652 158 6989 5391 471 3762 3684 1217 1032 5758 8393 8502 949 2823 4706 1039 905 6339 8856 9150 8755 9828 9556 9493 1842 7975 9208 4700 3515 8260 3297 4866 8020 3505 1599 6722 3681 888 5275 2691 6528 3189 5364 5930 9646 5421 3250 103 2052 3425 8722 9249 264 8145 6737 2083 3999 7029 4561 6583 7599 9952 4050 7989 2307 9470 4686 719 1870 8437 7034 3748 5506
5165 2968 3522 2909 7271 1955 4689 468 913 6430 9911 4383 9991 207 7542 9792 0 6015 9610 3857 7286 8658 9543 2803 2140 9305 4547 5560 1587 7502 5064 8329 6981 2346 7598 8463 2237 1581 5582 6421 5063 9462 7458 8223 3531 3919 2890 3462 3714 9627 8845 9495 8403 559 2480 7087 3361 1060 7445 6300 1179 710 7203 373 3539 5106 9896 9152 2727 6655 9346 2125 983 9855 694 7586 5062 431 9150 1309 7030 1631 5026 8701 8870 9811 5054 3284 1834 5075 9390 6538 6628 5027 4324 9923 888 6347 9182 6040 1396 1992 8700 2404 4596 3306 5845 5486 3302 3344 540 8066 2960 1153 709 8941 714 4660 7181 216 1629 5091 2167 9387 1388 3320 8231 2329 1039 5176 6109 5424 3428 812 1855 4715 8378 6388 3492 5388 1029 2263 1802 1285 5083 3017 9334 3970 7077 5177 1227 8251 549 4522 7724 9850 5576 650 2790 2383 397 2922 3568 2072 8620 7147 1289 2246 6343 1096 5286 1928 9133 5078 2991 8568 4372 5179 2432 6819 1844 2222 1904 7809 3422 5651 7105 8950 5655 339 447 5536 2110 2919 7902 4468 434 5112 6996 915 4910 7273 4003 2257 6813 4612 9880 8408 2021 9326 9802 1137 238 2124 7743 2170 4117 4553 5265 1256 8987 3915 1165 6422 2492 1392 4193 8421 2589 3654 7123 43 8976 3372 628 1195 3572 4489 2951 3567 4432 5619 1812 9182 935 1715 4681 594 2699 9559 5336 9427 4289 2068 1215 4804 5211 1162 3751 9763 7640 2481 1996 4019 9994 4387 3935 3669 1694 1596 1966 7389 3753 1849 122 764 4463 5789 1453 1615 136 4706 6307 3432 3312 2635 1361 3004 2164 1897 5071 4840 4831 7007 1839 3271 6247 1598 4402 1832
9455 4793 9847 5185 4113 2231 6677 8096 9559 6501 6797 2427 4320 3647 5016 6598 6015 0 3609 7795 9384 6969 9369 5831 2664 3530 7878 3654 708 9290 9482 5466 1638 3556 3735 9185 1457 9851 7712 124 503 6852 3294 3474 9466 2917 5947 8728 1116 4103 9681 3863 2484 6351 7782 5821 8716 6191 3581 1164 1009 9249 1964 5402 3696 3327 5168 5470 6081 2757 8518 7653 41 9084 6030 819 8684 3356 8762 4922 7707 4957 2785 317 5867 1185 416 7087 779 4819 9145 9672 135 9333 4523 8033 5687 9501 56 5119 2270 8651 4395 5838 1093 7531 1094 7420 2026 5703 3581 5444 1513 2490 8305 9577 186 5538 1852 4536 1251 9311 59 6039 309 5136 3609 5216 6605 1065 1154 875 6768 7293 5098 275 5169 3239 6839 4828 1819 6098 113 4810 4074 367 1863 5440 5141 8739 896 4238 8938 270 8993 7439 477 346 7076 5851 984 4072 2433 2555 2785 1099 8420 8642 7258 1220 412 1551 6840 9562 3993 5635 4341 9902 9595 6953 8256 108 112 1610 7252 8285 7184 8463 3275 5203 5267 5425 9024 3487 4970 4068 5972 2388 5838 4478 2947 5031 4618 3752 6139 4789 3799 5774 1506 4606 7745 7919 7115 2925 5196 8374 1730 857 737 6595 2041 5910 2575 4500 8889 8657 6574 6490 9526 9643 9655 6408 4177 7150 3106 675 1760 8333 7177 8424 9637 9222 4049 1660 6975 1762 2897 8797 6153 4243 6827 1106 2555 9475 9610 6440 5250 5581 5455 6923 9723 99 6936 7755 8596 3340 6231 5687 4948 4727 9588 3343 2913 5339 9712 2186 7210 8013 7840 5761 5641 5518 920 6191 7478 8255 1408 3778 7640 395 7759 4052 4884 9100 4714 230 9775 5593 3110 2464
5384 5925 5889 2800 2889 8454 3176 6562 7996 3831 7306 2896 1856 6449 7894 1655 9610 3609 0 2726 6064 7976 346 3698 1983 1969 4528 2780 5779 5818 2771 4688 7552 241 2442 1619 2332 6887 7194 8194 1990 8583 1582 7218 7887 541 1407 1720 46 2768 7029 5255 1952 5069 9089 5439 2929 8396 1852 4100 1110 2740 1119 1768 1400 9177 7921 762 3534 5804 425 7626 7619 6469 4983 4440 7721 5857 9579 1654 5391 7455 7516 9979 7909 3630 4841 2088 8270 9537 5143 1819 7907 1005 1939 4341 9725 6855 3077 6322 325 9986 9693 6599 2392 9825 6742 7190 7054 9344 9060 8095 3887 8342 1632 3998 7760 9973 9141 2568 534 166 33 8264 6884 9461 7680 4914 3341 2359 5943 9596 3674 5293 7104 1273 3784 8617 9184 821 9336 3552 6603 2505 8174 5205 8485 6749 9670 9117 4398 1648 6321 9484 9908 9652 4170 8675 6253 8323 9734 539 2601 7891 5155 6440 687 5054 7202 5272 5139 1503 804 8027 1955 4688 8421 7014 5813 432 7674 1095 3867 6732 1711 4164 3331 2158 929 883 9843 2592 354 2893 7441 7538 9694 6474 4175 9701 1479 5595 4009 9952 9961 3478 9294 1523 1673 8784 8546 1541 9346 2180 6402 4610 9777 1881 4519 8721 948 8385 2369 7625 7409 7745 3699 3666 2101 9444 3722 4810 5469 5506 9958 6617 5828 6239 9574 8485 918 7104 1290 5122 1943 8871 3702 6988 1033 1972 3093 3594 3303 3284 7619 6654 9847 8478 9783 5476 8061 8434 4108 5480 4125 9859 591 4780 336 6762 529 2403 2591 6741 4887 6406 6871 2801 159 6855 2057 1152 8415 5505 5949 8987 6415 4482 4926 2794 7735 1232 7416 6013 1607 1461 5031 5154 3003 7698
9907 4660 756 3298 197 4764 3738 70 6883 6556 2043 2427 5570 5304 5663 4952 3857 7795 2726 0 3299 8871 4042 3475 4586 732 6118 683 5532 9611 3345 4745 6727 5284 252 2341 2621 9698 8938 9807 5583 1918 8523 8393 1825 4116 7909 6426 3763 553 6520 1056 7037 9482 7943 3529 8928 6823 8409 5695 1881 5585 9766 1227 3056 1115 5617 9976 923 8688 1560 3196 3257 5828 3178 5222 1222 2710 3761 8590 2838 5041 3262 6377 7619 8603 7723 1433 9023 2267 7202 1404 821 3007 2929 6316 4090 5747 4906 2291 7433 6367 6809 7457 4013 1545 1049 8703 5705 3817 8774 6216 1817 4822 8632 9184 4113 292 5497 8065 8720 1298 3337 8981 6193 7665 2555 2479 6885 9779 4319 6255 906 1858 5289 479 6431 18 9229 7998 3953 2910 4217 6148 1841 2031 3124 2807 4588 2070 5664 6181 6448 9530 7410 3223 5640 7739 7194 223 3692 396 8713 199 7597 1896 4906 8674 5584 1528 9998 2242 2449 9459 6123 6338 2026 6856 6168 1565 935 2383 5099 4874 6499 8795 7709 6989 4904 4881 1207 1146 4921 7447 9875 6034 109 7655 5734 9951 1244 1386 9521 5664 1071 5046 8960 292 8222 3709 7633 4118 5482 8984 6695 1607 904 806 8007 9682 2544 5165 6779 8836 4425 7960 4805 4555 9929 8830 527 9093 429 7622 4079 5905 476 4415 9453 6298 1071 3413 160 9458 1356 8635 9895 5618 201 1798 4994 7862 945 5341 1828 1398 5167 854 7266 369 3286 480 5415 4546 4149 2819 9374 9174 4729 1646 5490 685 2571 5248 3160 9141 756 2628 8913 6582 9778 5283 3722 7818 7240 7487 2223 4800 5282 2118 4395 2690 4285 6488 2701 2620 1142 118 8592 8711
8261 1490 671 7104 8074 6910 4090 2218 9648 395 1840 600 1142 6648 1988 1225 7286 9384 6064 3299 0 3335 8306 5136 4012 6666 1016 3596 5031 2787 5675 5975 7026 2444 8968 6367 3667 4721 5287 9868 7724 4679 5226 4402 5439 7025 2949 8883 1563 5143 3858 2188 2198 2368 1888 9183 7632 348 6761 2226 6484 1160 7693 5723 1395 656 3277 2664 7937 2743 6767 4068 2765 2423 2211 5056 4457 1367 4439 8145 6915 9904 7780 3510 1716 3728 3428 250 805 1002 2731 538 8277 322 7198 612 8153 2714 6921 2399 947 6345 1551 6295 3762 6839 3576 9006 4991 7756 8505 1495 9367 3628 1943 2376 387 6108 6807 8916 4443 572 740 376 1377 1012 2387 6154 3475 5142 5160 5838 6931 9835 6101 170 890 2540 8840 9712 7532 2510 7622 6928 8667 3711 2225 5522 5589 1080 5692 5129 9975 3403 1292 2456 8808 7268 2635 357 6069 9973 1660 4395 1331 3077 9055 3359 2640 3597 1985 8627 513 7843 2429 6966 8199 9182 4030 2232 210 54 5591 1806 568 6143 2385 5398 9329 5898 6904 8604 1721 7776 2091 718 2168 3364 7922 8491 5148 1119 6585 558 7357 7164 5954 8663 7923 7893 6704 9297 8032 9520 9231 2021 5645 7995 6353 4991 8392 9678 8463 5433 3830 1901 741 4185 9600 5588 2674 1724 7770 8561 1825 3791 3124 1981 1382 3857 8507 9544 2770 627 1770 1118 5694 1120 8289 8481 9719 5506 1228 6397 6566 1674 2202 5654 1296 1564 8569 4841 1424 4436 898 418 6506 8865 1902 2050 6686 2700 7028 5264 8049 3704 6580 6205 4833 9973 7139 2251 1214 6746 4132 4846 2989 2049 1884 4721 182 3673 6208 3163 7895 6748 8894 2613 9309 6307
1003 9400 9896 722 4711 5129 9549 8323 5679 1202 3471 7352 9483 6130 550 4696 8658 6969 7976 8871 3335 0 65 4436 8624 9470 7298 3269 8912 9083 135 2301 6918 447 7519 2041 5301 7920 9033 7618 2747 9228 2679 9247 7875 3443 335 5741 8843 6040 9779 9813 2278 8851 3933 563 6815 5834 5025 4380 8289 3972 2875 2995 4100 9412 5639 6406 9331 8689 1772 9724 338 4669 3823 3184 3322 4973 925 2043 2865 7670 2464 1303 4605 690 7430 1936 2070 300 140 414 459 8799 1802 1687 8794 1997 5153 7069 8427 3731 2823 2061 8097 2392 3683 1013 8668 801 7026 9250 9155 7423 8861 1925 1361 9464 2525 8803 5595 6241 9604 2484 9660 6072 6019 4580 5605 1836 2983 9495 6820 2758 6104 5101 111 8098 5957 1177 5026 721 2916 2682 8999 6895 7734 190 3114 3109 9790 898 5994 6240 8645 6627 1799 8759 606 3744 1125 5006 2812 68 7889 1331 1827 3083 2601 3579 2588 8926 6232 648 8954 6506 600 1404 8313 1689 3752 3282 9911 7612 2 8171 2315 4097 3893 2718 1315 1026 9878 4924 4413 6445 3229 1987 6169 7092 8725 4739 2703 3736 2653 9433 7193 825 1436 7458 7624 4959 2378 8716 2200 955 2845 9539 9102 2307 3814 8989 8837 4344 7874 6549 3383 9198 9197 2534 8553 900 4025 30 1451 6746 565 320 864 7559 2407 5715 2914 4176 1274 2073 5254 5818 5696 7474 2456 7269 7903 427 4017 5098 4688 726 9393 4432 8239 5308 4905 4511 2290 3535 6102 9233 4280 6815 6249 5434 2348 2039 6534 8390 4822 1323 6735 4078 266 7272 971 6299 3196 1716 6946 6409 5188 3400 3379 2470 9176 6287 6731 29 5022 9776 1488 8372
3963 9975 1037 8735 3941 3256 9627 2624 6018 5671 2223 4008 9837 5627 3172 9378 9543 9369 346 4042 8306 65 0 1632 5503 6202 9153 1156 4591 1192 1850 6547 4141 6443 308 8549 9426 3723 5600 3229 3117 7252 5693 2209 1979 5597 4961 8667 1708 330 4139 1398 157 1234 1795 383 6104 3776 4113 7863 9490 7297 4757 2396 4843 945 9719 4350 589 2620 9884 9074 1606 5140 9517 4710 7445 4417 571 715 3721 2300 8389 6158 5297 6942 5416 1063 9278 5063 76 5039 136 8285 5863 3020 980 5232 5715 2258 1402 6862 6668 2721 3636 9281 3412 8944 9666 3621 5226 9003 9805 5207 9903 7089 6229 3535 4335 2780 675 3088 9850 650 9833 6629 5918 2853 4750 8020 1126 624 5848 1176 9259 6156 8719 8473 4087 1073 5166 8912 4561 6106 1040 6458 1574 3237 8171 160 3587 6399 3447 4246 1186 674 3654 3912 7107 4679 1349 3710 7198 8799 7593 641 1633 1386 2827 1968 2557 7319 4193 3286 6121 9894 8506 696 3265 1807 2662 8795 2995 9747 2105 3644 6272 3335 2088 3695 7121 7168 2683 2016 2042 8209 4282 5545 4922 9559 3210 7113 5941 6336 3459 113 8691 2128 3263 2325 4757 1366 9450 1939 5515 7361 4027 790 4693 6912 1142 384 9102 7996 8515 1275 3417 9333 9921 5819 2322 3468 4676 3941 1918 8589 9175 9020 6120 7302 942 9732 7729 4076 9165 3355 2045 2825 8279 4439 2786 3895 4225 7774 8546 1108 5778 3163 9626 7469 5707 6581 9348 2583 901 5758 7707 1379 6693 9613 9556 3663 1423 4755 2424 4728 7353 9224 3331 1330 578 1176 3388 9210 8906 2529 6323 2259 2436 5389 7676 4782 7447 498 3636 3738 4196 2311 5623 254
5766 1621 1104 3013 9182 5944 9914 4164 7134 6358 810 7455 601 1783 4091 4655 2803 5831 3698 3475 5136 4436 1632 0 1922 4335 3740 7117 303 9235 3475 508 5228 6034 7486 957 7832 9995 8785 3545 5721 559 1502 2580 5441 5367 5945 8126 4428 7149 7733 8420 7961 2723 9457 5770 4384 7082 3450 7921 6750 1634 3116 6890 6658 135 2667 4972 6994 6728 350 757 1590 775 7613 5649 8101 450 1052 2108 9494 2872 4160 7310 2853 7334 1641 8418 1989 1480 4860 289 7064 8668 9241 20 3496 2435 167 8552 3240 5893 7776 3955 1644 7432 946 8565 1773 2683 1514 2773 2524 4142 949 9470 5981 1304 7522 4903 6120 5545 8767 7495 6638 7927 4559 483 7347 2714 4308 816 2416 6569 5725 2836 7835 2799 385 4636 6402 5974 2148 830 9649 5947 8992 3286 6377 984 6328 977 133 9372 9627 9357 2652 1300 8800 1543 5904 9843 3151 5879 5323 7689 7501 660 4899 9206 8593 8431 525 4911 2164 401 5372 4381 3926 4057 3420 544 9219 4930 7347 3650 1161 5339 8958 6423 6185 77 6830 6763 8235 6709 270 7810 7237 6290 7890 8065 6056 2773 608 3066 3915 4235 3236 6293 1626 4981 5904 1582 6512 2798 302 1133 1071 734 8655 1466 2214 5760 9510 4204 9663 630 6516 5937 6249 244 7497 8427 1651 2517 8 393 5711 2210 8110 5805 7680 1475 7756 705 2173 9889 1693 1801 6113 8250 6790 1798 6296 6430 2355 4238 2368 1254 7795 3402 7292 3460 2749 5848 5208 9570 2611 2862 6667 1452 3902 6138 7175 8347 7061 2330 3567 9864 1512 8036 5829 9700 5027 2023 9950 7587 3058 1927 8703 7693 8915 4186 7171 3461 5079 4607 1886 2889
8378 2463 3974 6141 4094 7902 2908 6624 6783 6407 4576 2217 1671 5411 1956 9728 2140 2664 1983 4586 4012 8624 5503 1922 0 8481 1684 4091 8119 5264 4933 6208 5227 2381 8706 7739 8648 4290 5463 9123 7412 8108 103 1059 9119 7472 3022 7191 6109 2656 1191 5351 5043 5082 9300 9140 5892 3012 588 559 832 3241 1245 4851 2848 1548 5052 3326 6243 2648 5174 6265 1417 8938 1319 7590 3549 5646 6374 3965 3096 5613 3866 9782 1517 9146 1828 6660 500 7988 1068 4776 5095 6664 8022 6297 8139 5898 7560 1602 3549 2073 5422 5783 7298 4969 6074 4320 8343 1581 7493 4447 3126 8353 6955 7244 2062 3381 743 961 5261 2678 7168 807 2032 4284 5231 3138 303 7699 8764 2388 4164 4737 3012 2580 8418 2892 8403 9980 6785 898 5705 6610 5556 361 2776 8593 9504 6569 3265 4815 3938 3934 4819 1016 691 6400 4211 2853 601 2139 5058 4729 6722 2410 8110 4757 6423 467 3745 8577 7456 4301 6054 9050 1629 8400 8585 2866 3027 8074 3516 7873 877 4802 4186 3042 3660 8558 4498 9365 9033 6401 5970 2147 5139 3520 1063 4883 2522 5233 3230 6181 2339 2582 2804 5010 9939 795 3294 5526 3811 4581 3051 6155 9271 9178 2154 5534 7049 8917 8374 719 2825 816 5829 8365 869 8977 1612 1757 9071 3254 6764 5984 160 2986 7635 5453 5508 2524 4935 8492 6530 9201 1452 6421 8536 8037 4045 823 8099 3660 4913 4331 2765 3291 1520 894 9614 7976 630 1535 170 2332 3329 6628 8390 100 3080 2734 5000 4406 238 5025 4745 9182 7491 2046 816 5734 8483 2029 8535 2398 9219 2500 6768 4933 1248 8564 3929 8200 3385 2276 7071 5982 2286 3487
8449 8628 6205 1493 2721 5331 9631 6918 2198 171 6412 6635 4689 1874 8850 5985 9305 3530 1969 732 6666 9470 6202 4335 8481 0 8815 1174 618 680 6575 4691 2227 954 192 9913 5059 2703 9620 2290 3754 9596 3080 1422 7184 9966 5603 5935 6628 7701 7044 85 2806 2050 703 2862 2993 4667 2729 5653 4629 4688 8596 3623 3076 7174 4746 6074 397 3053 2938 9675 9471 9192 2580 417 7487 1699 6609 8532 8687 5279 997 5945 9177 754 968 6923 2719 8068 3804 6315 7519 3590 9188 4036 3963 8170 9702 2586 867 5920 8998 329 2604 2422 4038 1442 3063 7357 8696 3155 8064 9848 1841 7872 8163 8128 8382 8893 8774 5063 5514 5459 9202 3860 1475 8804 5881 7222 7849 446 7259 5340 7829 3504 3871 1064 8567 5897 3239 1015 1588 721 6495 373 661 7140 9351 1421 8484 3989 9956 9176 1188 5433 3581 1146 4441 5866 6937 178 4629 8053 2528 1857 2510 6741 359 7843 8588 6719 3959 6880 5609 9218 7916 6789 9051 9360 6248 2516 18 535 8640 5218 9871 581 5238 8191 374 7157 9735 7386 3955 987 3510 4194 7284 8613 73 1221 2722 1331 7511 9417 491 3761 6957 580 2757 9203 2404 9085 3478 9813 1929 3386 4380 418 5942 1482 8135 5033 8574 8293 1610 1084 3127 2391 615 6771 5775 1484 6583 4460 7047 7714 3679 3746 359 6796 1447 8505 2121 3208 8320 1018 2496 9753 8392 6790 2099 3548 8353 1492 457 6356 3130 7607 7022 9001 2894 5288 3583 8889 7734 9342 7617 146 2845 9214 2021 8719 3778 786 3292 2016 696 1578 5547 7951 2326 2190 9543 4117 6481 4491 4126 56 7140 6597 8784 9056 9159 5441 8500 5028 1829 5488
9273 5467 649 4455 4163 6961 3524 2507 276 7547 2075 8015 3123 5160 267 9773 4547 7878 4528 6118 1016 7298 9153 3740 1684 8815 0 3167 5408 2702 8118 9470 5927 2920 6732 1183 3334 2829 2683 7443 2840 5468 5804 53 3714 2978 5161 5478 3668 4215 361 932 5771 8179 3384 8968 6351 2046 7968 4559 1474 36 6366 2071 2465 8154 8712 7929 694 8282 9117 7345 1947 1526 3791 941 5872 7383 7954 8928 7569 2831 5752 2595 6529 9254 7147 9337 3439 6372 9485 2843 5225 2969 1520 9077 1147 4131 7999 6514 2152 9812 4759 2511 5304 1984 5261 6678 271 1823 269 2089 32 636 143 7210 264 3187 6791 8278 9114 6552 5464 977 5357 9088 9153 9180 2188 4969 5178 355 8231 3516 3767 1522 16 3750 398 7925 5691 7885 6307 9507 6267 195 3529 9922 7257 9334 6202 756 3819 2916 6207 5155 8677 7991 1590 9488 7933 1233 4541 8107 351 7998 3821 8584 2453 6676 1092 8742 446 8937 1175 6106 1376 5735 8576 1084 3 279 4230 4343 4459 8171 9910 6885 2445 8258 5392 3228 1285 8805 5820 8634 9786 1349 8510 2730 3642 7430 8967 4970 308 4274 9105 2251 1054 1704 4665 7884 2737 3829 6276 6968 7533 7491 5035 2453 3733 4978 6207 3592 8164 2703 3965 4766 1346 7158 1630 4466 8527 9022 3612 1270 5970 1209 2282 7272 7171 4338 8682 2565 3649 8585 9476 4946 6237 2332 4066 7386 2446 6161 7827 753 2873 5824 6372 702 8625 7232 5300 6830 8790 300 1757 2236 2691 5911 4843 4358 4987 7451 5248 8163 323 8870 2221 2153 3300 4144 2760 7153 5912 8118 7390 371 7689 2633 9388 8391 48 792 2825 3997 7562 1696 6381 8168
