150
0 664 706 5670 3176 1974 2044 1811 6094 1228 174 5784 8197 5089 8524 1926 5736 9040 1111 7894 785 5738 509 1818 7119 6366 1648 6895 6887 4838 3408 7309 5220 1531 2299 5655 8612 480 2377 7240 450 8863 3835 1513 5668 8627 8850 5605 8093 2749 9752 4864 5191 591 6854 5334 2467 2597 461 2220 6237 5934 4248 8801 1779 997 2201 5925 1823 7495 3232 404 2737 3949 2280 7547 4692 8985 444 1247 6254 3866 7697 5630 4904 4760 1029 6164 9008 4058 7586 457 5901 3539 2244 225 8711 5339 408 91 8058 1120 1730 3023 2673 1976 970 4784 799 746 7943 1659 3567 4509 9547 7211 7934 7477 2288 828 4302 2092 232 9668 9344 6639 7084 6419 1921 6101 5411 8348 3208 1240 1455 4203 6322 6568 6520 5709 1927 6425 2841 4781 5356 5710 2263 1737 8271 8099
664 0 3322 6666 9863 5173 4513 9057 5287 6070 987 3403 284 9081 5694 5496 4285 6217 9569 612 387 6706 8935 2715 3735 3624 1009 4061 8023 6951 3450 4516 4044 398 1545 2389 1750 2683 8363 1385 5397 6338 5349 2276 1204 5241 2418 1732 9144 7706 1044 5763 9181 7836 4432 1177 3116 1017 1262 9447 7871 9745 7266 7031 484 5636 1909 5769 3121 291 7210 4479 2626 3859 931 9274 7905 3750 2329 5584 2667 3262 1405 5757 6063 4510 6358 4312 3402 3211 5709 8036 7209 3034 6115 7078 5582 7621 1532 8479 6633 5142 3159 1639 418 583 8408 2218 3886 2197 3444 5462 4419 4199 7652 8758 9790 2336 7674 3744 7321 467 1908 6802 5456 1913 1961 484 3353 9054 9484 2692 6598 5899 5090 5755 4036 9220 5357 1524 4399 8122 2176 9499 7356 819 7965 3018 1636 3487
706 3322 0 358 5027 8525 2783 6591 1401 7834 6630 3408 1491 2959 3458 7088 6385 5490 4235 6010 6104 2953 3781 8233 1024 7434 9364 9802 1087 9982 1103 6337 3750 9509 5419 5613 1099 1083 5852 5319 6950 2643 1035 7072 1295 8211 2463 6797 4024 3382 4102 8462 1934 8068 8304 6412 4295 7361 7985 2813 8310 4702 7791 8592 4948 104 8600 2035 9585 2542 46 1593 1050 1037 4127 6073 9724 5601 2193 8917 4082 9347 3700 394 770 3960 8402 2261 3386 4279 1631 8331 7376 8884 7736 5963 3996 4224 4942 3538 1343 4361 8015 3984 9868 5837 3695 6648 4550 4155 997 327 6170 2033 4616 9688 8616 6027 6787 4337 1734 9738 9221 7905 6600 2604 7308 9304 7684 4674 2778 5546 9816 733 7173 180 707 821 5244 2388 6484 5468 6417 5288 5532 3813 7043 3164 2412 3310
5670 6666 358 0 1553 5148 459 6306 1911 9882 5802 5883 9034 621 6717 5822 6443 2177 5975 4239 4922 3265 8441 5984 3964 6650 2237 8854 6739 3578 7502 9563 407 7170 2894 3807 6530 652 4604 3114 5083 6931 4991 6483 3348 2646 1659 7777 4295 5077 3240 306 7365 2526 9304 881 4735 1133 8145 5747 6826 908 4918 3170 9582 977 7020 6372 9323 5747 5551 3004 3390 7883 7212 5589 5587 5437 4191 4070 5161 3158 1013 4180 779 7405 9557 6221 4137 567 2748 6409 398 8620 7740 9626 7409 4969 5387 9475 5670 4899 4515 5930 9495 145 4552 6628 9342 9561 1655 4262 4743 3309 3869 2952 4503 2445 1076 907 441 1937 701 3614 6067 6398 127 6818 9062 6441 490 6406 6572 9276 6595 2030 4900 6880 6866 1425 717 7902 4809 9486 6909 1720 2021 6798 2711 1839
3176 9863 5027 1553 0 6738 4899 1248 842 9880 344 8337 6919 9146 2307 8181 8361 9053 3044 6621 7118 6570 4439 9674 6781 5058 2612 2042 5358 8511 1943 1116 8173 6785 1553 6912 1174 1850 5663 8632 8577 6976 7594 8209 7851 4310 4445 3331 3383 2909 3911 6896 2049 1473 5567 8220 7745 7191 1640 5759 8565 1507 8607 5457 1817 6028 4434 2275 4163 5467 481 7151 2175 5692 2551 7244 9021 6411 2825 7819 2569 5468 2623 8669 5969 2878 7301 8869 6952 8312 1057 6652 7109 7797 6655 2053 8541 5960 6730 7560 163 3390 2113 3079 3435 3127 8745 2711 9625 6697 2860 3246 415 6881 9961 8899 5518 7372 1303 6374 192 2120 3011 8215 8755 1200 8962 3380 728 7775 7772 6637 2357 7124 5988 6155 7935 3783 9805 5059 9600 2679 4852 8691 6998 1948 145 5598 3689 3834
1974 5173 8525 5148 6738 0 7294 6700 2267 5063 8544 4260 7277 3213 530 5544 2207 4594 6912 4054 8223 6703 8354 3826 6732 9207 945 9209 2500 8867 6294 9760 8365 4334 9487 6741 1455 612 4824 5058 8261 572 5507 7514 5877 4176 704 7254 4331 1586 1408 2495 6733 3872 4122 4559 737 4375 7162 2882 4758 1505 7677 1144 1615 9240 2122 6742 3730 6584 1228 1986 5720 5834 1561 1310 6902 9254 567 3262 9374 158 3379 5360 4234 2108 3462 9106 7368 9373 9006 9383 4874 1594 5774 1112 1211 7446 7888 2714 4916 5252 4919 9245 3055 8793 6584 2734 4869 2508 685 1766 3359 5134 557 2113 5394 752 7456 3798 9739 3978 7752 8067 1934 8522 8026 8874 6557 2815 5318 2683 1190 6094 9550 5916 8118 8100 173 3552 4451 5706 6816 6686 615 5889 1774 1463 9761 8352
2044 4513 2783 459 4899 7294 0 1241 2080 9435 3348 8331 8069 4303 4942 3621 5708 6482 6267 5842 2627 3384 8825 2315 747 8088 5226 1255 6274 585 4857 2416 3657 3093 6007 1809 1491 7117 1243 9903 1531 6961 8886 6795 4976 2728 3992 5927 2828 8347 4560 4132 5744 7015 2526 4052 4143 7974 2035 9437 3548 7906 1298 1157 4703 274 8141 8153 682 762 9740 1984 7464 3410 7812 5818 5432 6005 5967 8043 9294 8810 848 8717 5693 9665 9673 5454 8327 135 5734 7443 6218 8463 6716 5315 7960 831 1724 3349 2461 3663 607 81 2744 3907 4818 7357 9435 2771 2300 1822 6018 1024 3431 3073 6230 171 7923 9213 7024 4070 8419 1994 7654 2188 7090 7056 211 7730 6959 1098 5119 7966 228 7433 7190 712 2796 7293 1810 4172 1247 260 6879 5453 7930 2314 512 926
1811 9057 6591 6306 1248 6700 1241 0 3031 915 3419 6058 9125 5450 9043 1319 1371 8030 4517 1297 4553 8965 2910 3376 7412 962 1103 2571 8218 8787 7386 1359 3505 5017 3127 24 5286 8022 8499 6388 1929 6746 444 8561 8036 1692 6145 3007 235 1919 2532 7596 159 117 5803 2103 9971 3755 3174 8738 8243 6626 2065 239 1115 3582 4674 4666 4509 706 3815 9639 7056 331 1956 2336 6708 7585 6690 3437 6227 9388 3900 5694 1597 7007 4624 593 8356 2353 478 7892 7953 6525 1151 258 3355 6844 7823 2355 1465 7237 9419 4267 5744 3539 8390 7572 8077 8127 3922 9539 2629 1885 6871 3640 1262 9633 7941 1167 324 7366 9037 1964 6064 6736 1578 8601 4578 5193 5893 1611 1290 9814 3994 7115 5197 620 37 6064 9534 7300 5924 6147 8741 3138 1034 1561 6117 9148
6094 5287 1401 1911 842 2267 2080 3031 0 8748 2559 7572 6502 1403 8520 3414 2165 8577 3277 7010 5502 2502 9464 7089 406 1632 3697 8140 3042 1624 2564 6540 4202 3199 1480 1022 8802 620 5373 4371 6925 8539 7449 9039 6845 226 1896 6386 763 9848 8268 1965 3590 2642 787 2195 5275 5234 6127 6591 1252 8707 4454 5045 2885 8130 1463 5500 3146 9884 1597 6425 8940 4492 5025 8117 1713 6376 6383 4228 8374 3049 8840 3647 1527 8377 7313 2257 8807 2122 2513 5441 5551 1518 8867 5116 6338 2953 7422 6775 4648 2393 905 3155 3772 5481 3728 7467 1742 9707 9061 6038 1808 8131 6906 5968 6697 3545 2394 1740 1635 6275 4838 6206 6108 7400 9284 417 9036 4315 635 7283 2644 2923 4022 606 3608 1743 2983 5628 9116 6331 7051 6181 3218 7385 3074 6822 2207 5128
1228 6070 7834 9882 9880 5063 9435 915 8748 0 3745 5156 4966 8294 2918 990 3697 1711 3167 6564 2166 7273 6795 2364 3784 2474 5249 5084 8627 3743 3991 1463 4001 8723 6719 9607 8333 4802 2226 7932 6131 3983 757 2258 7127 2331 422 4796 3538 1810 447 1269 6099 1943 3436 9381 6184 6752 2153 337 2497 9108 3709 4825 5091 9915 9443 1524 9394 1997 688 9122 8584 1387 5552 4413 4572 2476 554 9953 5922 5719 9306 3219 924 3639 4506 2967 7385 1262 9352 3849 8156 4401 5448 2113 5456 3185 8896 2730 1993 2460 755 8311 1607 9176 4221 598 7797 3902 3604 8268 1521 6029 8102 8882 3732 3240 8720 5382 60 9036 9923 290 7379 1070 3934 8707 4829 4186 8534 6176 7287 4140 6273 4284 4864 1735 8564 3010 89 4645 5821 939 9018 1508 3450 8681 9241 1250
174 987 6630 5802 344 8544 3348 3419 2559 3745 0 500 2259 2142 532 9280 2606 6105 2898 5136 2721 1423 2929 8714 4189 8933 4312 4829 1865 4835 4214 864 1234 3069 2612 6573 7736 1507 4700 6993 6426 5667 486 1560 2835 5761 139 5266 8448 7966 8432 1864 4976 7097 5396 5874 2976 6081 9681 7791 2673 2757 2474 3682 6308 5672 963 3250 5993 1756 5103 8063 3486 6539 7595 8577 2924 4244 7885 5863 7531 9997 4560 2615 3768 7061 3330 9090 6937 2934 5997 7046 9375 1756 8990 3318 4659 2863 7917 6530 5292 2753 7107 6488 9148 1159 1141 7787 5713 2242 3998 5766 8068 2268 5261 8636 4745 3009 7948 1331 7837 6517 9839 7792 4582 4909 2557 2620 9972 6838 7430 6675 6347 683 9574 2615 7476 8383 9879 8461 6494 2369 5616 6679 523 8300 6499 7350 4937 7403
5784 3403 3408 5883 8337 4260 8331 6058 7572 5156 500 0 2453 67 1399 9447 187 6956 1572 2792 3588 2835 2089 3372 6839 408 3469 3864 2644 816 5769 6915 6507 1731 5449 2131 9223 1717 2572 4950 4878 8532 8964 8595 9701 5461 4716 8071 1800 8521 2696 7379 9645 5999 1907 7184 4249 5791 1236 2278 9217 5342 644 476 1652 4237 8334 7855 9899 1819 3739 3617 3750 7195 2863 2148 6675 3809 5184 1360 6604 4347 5663 3582 5749 2200 7219 4599 7985 1478 339 3788 6798 957 3372 5967 6730 9647 2493 4832 5118 9992 8936 8365 4800 4730 5149 3532 8068 3661 2003 3358 5199 5406 5973 5676 8570 1534 6641 8119 660 9598 8883 7880 1110 8029 3023 842 7091 3291 991 2359 4004 886 6056 8851 1341 9984 4165 7722 31 4967 7006 1864 2072 8483 7938 4714 5760 7056
8197 284 1491 9034 6919 7277 8069 9125 6502 4966 2259 2453 0 3047 7692 5092 8412 2572 9584 8649 5764 2091 2869 8763 5971 7495 3119 408 1639 7213 2885 1912 4872 3213 1381 3674 8456 4239 5737 5164 4985 8085 1501 3265 7843 5517 6497 1965 4288 5947 4103 2922 2310 6330 4518 2479 8593 9664 1549 6753 4601 4331 1744 3335 875 4301 7355 1574 374 5376 3017 724 39 1511 1022 9889 6855 518 7547 7553 8804 5112 6470 3992 8352 9547 2319 8994 3376 5171 6596 3221 4214 4651 9276 8517 3848 8014 8204 3445 9646 7368 1026 1356 254 3166 481 9171 9995 2939 347 9361 5967 8018 39 234 9692 985 1492 6609 2325 4433 1515 6650 7471 5486 7974 6403 2441 2923 8255 7134 6561 3014 599 870 2764 8214 4078 4583 73 6594 6757 8709 724 728 8299 2145 9675 9431
5089 9081 2959 621 9146 3213 4303 5450 1403 8294 2142 67 3047 0 3099 1076 7271 9406 3088 6540 7050 32 9867 5932 504 8994 8553 3327 7062 7960 1669 3908 2835 8208 6169 427 585 676 8378 880 5095 7759 9210 1085 8168 3564 6819 9650 5784 7596 4961 5930 3985 3278 8603 5149 9712 2322 8145 8091 6407 5294 6325 7669 8160 6972 5072 782 3727 6663 6725 9069 1385 7946 7083 542 9910 4467 6917 3698 3904 6105 9934 8179 7689 5703 6156 2916 5940 4764 1056 3503 5089 1275 323 7305 8691 1614 1855 8150 2183 7593 9940 137 8788 8825 6362 7936 923 7944 6632 91 6715 2923 2589 7109 5604 3270 5956 1766 6723 7802 6071 528 2273 2177 3437 2408 6894 3419 2151 8731 5615 586 2052 2221 1634 7360 5267 6589 1557 5821 7912 8958 4798 6821 5887 1128 5510 7205
8524 5694 3458 6717 2307 530 4942 9043 8520 2918 532 1399 7692 3099 0 5712 8346 8273 216 5234 8831 3908 4568 1457 1096 2180 7717 3482 6361 9209 170 1117 8115 7862 1888 6164 7253 1239 8379 4008 7082 3473 7229 5213 5809 5936 942 5695 7641 5846 8481 1135 7483 4856 9062 7133 1166 6144 2279 7670 3991 6001 1381 5440 5568 5331 679 4104 2516 5935 8969 7015 5353 9726 4302 284 2651 725 6416 7594 6861 3562 5570 7742 4947 868 7376 3878 8085 5781 4041 8625 6948 5157 134 3301 3119 5752 6316 2964 7343 8317 2308 1859 5113 352 5938 289 8667 1961 6168 9015 1601 3231 5467 6099 3366 9964 7629 4463 1334 4578 3180 2003 7971 9234 141 9917 717 1843 3040 8035 4946 893 6909 4413 6226 8254 9408 812 1969 2620 2488 3346 8631 8294 2980 4517 7694 7302
1926 5496 7088 5822 8181 5544 3621 1319 3414 990 9280 9447 5092 1076 5712 0 5790 4735 7120 1242 4373 2445 8496 7284 8565 9638 4728 4081 8988 7785 8679 1872 21 8021 9447 8642 3438 1820 7406 2833 1040 1896 4546 38 7163 6566 6787 325 6079 4485 6746 3646 8114 7678 6152 3571 6890 2123 4957 6953 8578 7653 1868 5222 7693 4424 7694 3644 5115 929 8731 1972 7417 9126 5353 2335 8128 7786 1203 6493 6677 1085 88 6574 5868 4739 6312 6678 8401 8710 8369 5520 6945 609 4177 4686 1540 6768 534 2567 389 9448 8021 2582 1229 6563 856 3724 9737 2777 2453 2925 4307 7889 2498 5082 6442 4125 9482 5623 5410 29 6247 6750 1502 2249 2075 9050 8317 8881 3987 3710 1453 3317 7002 8034 8164 9087 4685 8491 4561 7616 9848 1214 6079 5325 1027 1961 2037 3292
5736 4285 6385 6443 8361 2207 5708 1371 2165 3697 2606 187 8412 7271 8346 5790 0 5023 9380 8665 8107 8162 1032 1338 3891 4469 1528 8353 6072 6243 8123 4203 1813 1034 1597 7268 456 2491 623 1750 1358 3980 3262 4297 5736 5488 9268 6996 4815 6853 9379 704 6839 2049 4554 4815 9887 1479 9271 544 9888 9192 4157 8030 9834 254 8222 9602 4247 1508 6261 4090 4514 7219 9642 6673 1964 9206 8505 5157 7127 9284 7422 8751 1465 1997 2584 8620 1959 9723 1301 5715 8530 6531 6449 9068 4833 8964 7707 1694 400 9953 7114 7008 4424 6669 6706 3134 8361 3361 4454 4538 3637 6569 2335 4909 3546 3099 7294 8550 8872 899 9398 1004 2693 6194 388 9479 1299 9440 229 2761 9033 1950 2378 3242 172 9025 3477 7467 1863 8352 1924 4314 7222 2696 8754 206 4440 5618
9040 6217 5490 2177 9053 4594 6482 8030 8577 1711 6105 6956 2572 9406 8273 4735 5023 0 1666 133 148 4512 452 3158 3780 9128 2233 1310 5664 246 5972 8615 6757 2728 1872 8191 8679 155 9259 6431 4233 6814 9807 4206 9541 2782 8401 3911 3023 5298 7119 977 3854 7121 3122 3452 7821 6427 1579 1837 2579 478 1636 389 3940 5574 41 248 5682 6395 6236 2711 1225 4098 8937 9765 5354 6562 9521 365 6995 4288 3314 2985 3078 7667 6910 381 9985 2991 2528 7848 5191 9181 3446 7591 99 6823 4503 6522 3908 6407 3622 9534 3746 8909 990 8131 4344 1009 5175 7635 5857 5295 5108 4379 614 5329 5340 3587 5819 4790 5913 9220 4475 6518 5938 2721 5656 9864 8075 2435 2753 1537 3608 8995 4600 7670 7752 5265 4657 3277 7677 7844 2745 3803 4922 5451 2662 2631
1111 9569 4235 5975 3044 6912 6267 4517 3277 3167 2898 1572 9584 3088 216 7120 9380 1666 0 4545 2535 4295 3908 8427 7346 3533 8641 8431 5192 9019 6958 9304 6821 4510 7395 2553 2982 9073 1425 316 8672 4909 6823 344 8160 3517 3020 5311 14 5212 7268 7077 305 7415 3184 9129 9792 5251 4731 1302 1638 2968 7643 5941 7855 9093 7032 9657 23 1736 4182 324 6564 8528 9888 7045 3307 9985 6868 6022 9700 1962 9187 9518 9250 7756 9853 9424 8316 5990 9895 5135 5231 3524 8484 7646 6369 6753 5702 4001 8603 3309 784 7502 7350 3605 468 6614 39 9985 4852 6604 5188 6846 4977 8019 4955 6790 730 4239 1792 5077 8693 2222 859 2852 63 1105 1636 5836 2088 4042 1823 2181 4369 965 4404 8061 3160 1709 2261 9720 8868 1901 8734 351 3846 98 8707 1646
7894 612 6010 4239 6621 4054 5842 1297 7010 6564 5136 2792 8649 6540 5234 1242 8665 133 4545 0 3536 1150 5761 3885 4824 6517 9633 1189 9625 7008 8680 2902 462 186 1281 9574 3472 2739 2564 8679 4264 7950 9308 6743 8130 6225 4636 2093 5035 311 9058 9992 6498 3121 6942 5587 3977 7901 9092 1990 6639 6607 7406 210 6684 1548 5402 6041 1438 2358 201 4265 1673 4231 3521 4650 1821 353 6924 7108 2764 7747 5769 8118 3200 8800 6297 3208 5590 5741 5147 6627 9716 57 9066 3950 4955 7425 1387 7004 1576 3739 5013 728 3984 9199 3421 5948 9358 3895 8658 3754 7130 5592 8071 7370 3564 7767 5716 5903 8435 9335 4741 4533 3508 3306 3469 1508 8550 3332 5583 8010 5100 5322 6447 277 5944 9484 4890 3414 4144 7351 4886 933 4323 891 9020 4600 864 7560
785 387 6104 4922 7118 8223 2627 4553 5502 2166 2721 3588 5764 7050 8831 4373 8107 148 2535 3536 0 1990 8915 1135 7848 390 9950 16 6019 7604 3779 1754 6563 5601 531 3517 6501 224 7659 3186 2623 2482 4158 5042 7697 249 745 9708 8967 497 4753 540 7716 8316 2121 9592 765 3042 1071 791 7541 715 4285 5672 9399 1848 6015 4130 8226 6780 1109 481 972 2018 1256 5144 3691 745 6914 8330 1818 4852 6740 4029 2002 5443 7867 8690 8608 9060 8255 6696 8819 9647 9062 8524 7389 9522 8 2226 533 4482 3708 3008 6965 676 2427 8141 3345 9243 706 3197 9276 4651 6955 5482 6135 3515 3373 8168 57 4242 1746 7241 911 5279 8518 953 6721 7238 7361 1115 17 5731 2023 5689 6152 9256 7515 1091 6007 6701 8542 3725 6966 8994 265 4167 3023 3666
5738 6706 2953 3265 6570 6703 3384 8965 2502 7273 1423 2835 2091 32 3908 2445 8162 4512 4295 1150 1990 0 805 6589 5696 4230 9381 2311 6365 630 8729 3891 5117 6304 9787 9167 9508 5829 5217 6463 4669 5170 5117 6472 3784 1284 7038 130 9675 6963 7342 6472 6401 6215 8120 7807 1707 2127 8327 6670 9545 58 9293 9602 5997 8575 776 7448 5280 2410 1673 7439 7684 9352 8747 1666 4092 1382 1295 7279 5397 1833 9728 6805 6863 61 2006 1653 6001 6435 3871 3691 1222 700 1556 1046 2946 359 7384 5745 2099 4916 9785 7410 3952 7468 2044 8877 9270 233 2695 6385 9383 7960 5771 5641 4258 9124 938 9081 4439 2739 3479 6051 3782 3737 1159 5206 6244 1650 2741 5402 1861 8876 9420 2471 9585 5078 3977 2796 4117 5196 8791 9004 6414 4967 1237 5475 3764 4594
509 8935 3781 8441 4439 8354 8825 2910 9464 6795 2929 2089 2869 9867 4568 8496 1032 452 3908 5761 8915 805 0 6996 1383 6410 5972 9904 7880 3012 9979 5303 4030 2606 8041 5834 9284 5210 5879 369 8097 574 4261 544 575 6381 5072 8707 298 5459 2045 2060 7684 8184 5216 6336 3038 5701 1266 1050 9979 9161 4178 7435 1438 876 2362 9982 6504 4315 5282 9497 4156 4399 6812 7755 924 8464 6837 2059 4988 938 691 158 2445 981 4353 6317 1543 3309 9318 1535 4150 6004 922 3011 7729 3683 7116 6085 4377 7734 2798 3050 8346 6943 112 2132 962 1032 2222 502 7230 2590 8600 7569 6098 4821 8360 1062 4921 6478 5959 1602 4229 1231 9555 8212 6222 8143 2011 5907 7975 5602 8394 8410 2898 2560 8875 1998 9060 5198 9781 7752 2225 7076 7855 7231 7228 4650
1818 2715 8233 5984 9674 3826 2315 3376 7089 2364 8714 3372 8763 5932 1457 7284 1338 3158 8427 3885 1135 6589 6996 0 3051 3510 2325 5258 7923 6854 4383 7714 2133 9134 6707 3516 6381 1544 5401 2488 4831 2448 5451 6465 1467 6420 6940 4021 3869 435 598 1164 3240 4606 5610 5244 3099 6839 3474 6915 3222 2618 1741 1565 9821 3534 9846 3635 6292 739 7197 7202 2801 3390 1696 9988 2227 3307 5836 8047 6026 8356 733 6630 387 2498 6972 6751 5517 7166 8624 9859 9743 3080 701 8357 5671 7022 8434 5766 8129 2696 7495 302 6626 9670 9793 925 1807 5696 3415 6018 3093 332 6162 8318 5140 7281 8205 3701 9484 3694 5283 3765 7440 1003 1378 8614 4429 6325 4587 7720 3885 8346 6957 7630 5779 9179 1659 1169 613 3343 3653 3797 97 6453 6815 4368 8033 2527
7119 3735 1024 3964 6781 6732 747 7412 406 3784 4189 6839 5971 504 1096 8565 3891 3780 7346 4824 7848 5696 1383 3051 0 7128 9759 2688 1900 6810 2197 2378 192 691 4874 5173 655 8512 8668 7238 3358 9082 7145 2469 7467 756 3332 8061 1923 8546 583 469 5890 7536 6786 4217 5795 8493 2212 5832 8064 3808 7972 8470 9417 3543 2194 865 7028 7516 8971 8203 8608 7831 2789 1276 2814 8713 3885 4541 1439 3117 3912 7433 2358 7029 231 4421 5176 9745 9698 1588 9453 8144 8613 3980 9967 336 2221 8058 3478 4005 5607 7548 9857 2436 1267 2500 2057 5547 6361 8144 5164 7903 8218 7576 6348 1001 5088 9700 970 9329 9527 2301 2426 1082 1592 4908 6503 6767 386 7040 2732 3680 199 2491 6606 7310 9899 4813 2641 6070 4475 1751 2859 2040 3921 4098 7680 719
6366 3624 7434 6650 5058 9207 8088 962 1632 2474 8933 408 7495 8994 2180 9638 4469 9128 3533 6517 390 4230 6410 3510 7128 0 3825 7117 1330 5745 2898 611 3127 6651 7820 167 1697 6837 3678 6880 4603 5076 3411 920 6092 6795 9514 7822 2569 7964 5022 2988 6290 5723 497 8216 4945 7677 3048 5673 2595 7199 9630 5900 8127 7584 4290 521 6670 2850 735 4741 432 797 995 7421 397 1729 252 4764 2894 4895 5686 1803 300 6904 9100 7166 2199 5458 4183 7981 9309 7558 9322 9932 8489 997 3125 6466 5564 2838 1987 4185 9920 531 4018 2866 9853 2849 5465 822 9328 2899 8405 4915 5706 9912 1473 6809 7190 7705 824 7336 9513 5021 872 3624 8495 6475 9808 4843 9476 1567 4793 6717 2047 3964 4183 31 9229 2741 615 8866 2660 9755 5528 7161 7164 2558
1648 1009 9364 2237 2612 945 5226 1103 3697 5249 4312 3469 3119 8553 7717 4728 1528 2233 8641 9633 9950 9381 5972 2325 9759 3825 0 3366 6283 4143 5923 8484 5690 3805 6048 3263 5040 822 6039 5928 8396 3230 6327 1081 712 4189 4047 4428 591 914 2261 7606 2832 1897 6810 7745 1257 73 1051 4963 7206 222 6161 745 9781 1293 3801 3523 5134 3279 5165 1379 2209 7142 7409 8174 1118 6299 2178 2579 7686 3251 8724 6265 794 2886 2904 9452 8649 4026 1601 2920 6461 1054 6852 98 8471 1396 6564 2775 5639 252 9436 6053 0 3021 1570 8800 4700 2077 7751 9227 7316 1516 2596 5381 4051 9703 1490 3424 9688 2116 6263 2520 8026 3820 3068 668 5213 4822 9121 466 7911 9408 549 4856 532 4661 5052 9458 498 4141 1501 9024 1895 650 6740 162 5288 2049
6895 4061 9802 8854 2042 9209 1255 2571 8140 5084 4829 3864 408 3327 3482 4081 8353 1310 8431 1189 16 2311 9904 5258 2688 7117 3366 0 260 5057 7142 7863 3523 6943 6105 8262 9685 4252 4770 5583 9701 8598 4971 2706 6705 156 5030 366 1552 8195 473 4341 5891 3767 1496 6333 6751 8343 589 6144 8617 2846 4971 131 5527 3085 9415 4827 2709 6167 3119 8129 95 2368 3793 6696 9181 9424 4981 4046 3674 8494 6972 992 3593 550 2529 1055 1343 748 456 6659 3904 1392 7267 3797 4482 635 4920 4603 2011 6818 898 6746 525 486 874 5548 8888 7289 8766 9276 8328 7922 312 5347 482 9861 3255 667 5785 2685 4042 7717 2370 9119 416 3833 2369 4220 5245 2964 7885 7326 4521 672 4908 4560 7283 7871 805 4547 2036 457 8426 6639 7071 8475 7090 408
6887 8023 1087 6739 5358 2500 6274 8218 3042 8627 1865 2644 1639 7062 6361 8988 6072 5664 5192 9625 6019 6365 7880 7923 1900 1330 6283 260 0 4125 1275 2822 4399 4302 3332 7786 4784 4326 8205 9177 7403 1700 2377 3053 5799 47 6735 9411 5057 6496 6428 5651 6698 2982 7210 2710 2826 1560 4682 5594 9299 655 151 4390 9920 2767 5515 3490 2173 8519 3874 5449 6530 1103 8320 6413 1806 9838 777 2792 4993 8128 97 1878 4636 3378 3548 2189 241 9291 9858 691 3713 8006 53 9736 4230 271 2424 8056 3597 4372 663 9641 3559 2902 8908 6954 2867 5752 6098 1736 7407 4092 5344 1582 1097 3885 4620 5197 3348 658 5079 6153 395 9142 3089 5374 773 535 7405 6637 8448 6665 367 8076 4491 2473 4741 7973 3535 1798 8159 7278 3393 2397 4636 8850 2691 9318
4838 6951 9982 3578 8511 8867 585 8787 1624 3743 4835 816 7213 7960 9209 7785 6243 246 9019 7008 7604 630 3012 6854 6810 5745 4143 5057 4125 0 9818 5363 1311 9821 2581 4425 6008 8626 5448 1939 2442 3876 5358 5914 5357 2471 5399 8185 967 4776 2625 7982 9681 5336 3494 6977 4368 1841 2645 7990 7969 1136 5644 8759 4118 5304 6802 9491 3630 1532 4540 7337 1199 3862 4411 2298 8171 2799 2138 7180 466 5547 6606 6404 1795 7272 2966 747 3121 8660 1721 3057 621 1418 8133 7353 327 7948 6168 5359 8084 7472 3647 7817 9692 1456 6960 5271 8045 7074 6103 5479 6331 5778 7401 8124 55 946 400 8431 2742 7347 9992 764 7623 355 8250 7398 1030 5474 448 9714 5504 1568 1222 3849 7078 11 3407 8704 240 350 9911 7298 9848 650 7954 5496 3818 5299
3408 3450 1103 7502 1943 6294 4857 7386 2564 3991 4214 5769 2885 1669 170 8679 8123 5972 6958 8680 3779 8729 9979 4383 2197 2898 5923 7142 1275 9818 0 8340 2066 7159 6252 209 2710 5727 2525 870 3470 4845 384 7206 803 7953 9417 762 7756 2270 4423 3188 5341 2212 3500 297 4820 9468 8679 230 4776 8198 522 4521 2045 4281 9722 3482 1744 2456 3130 8925 9878 654 5371 7203 9274 1504 821 2914 5372 6797 692 7691 1419 4454 1387 2543 7144 9525 562 5249 7528 5081 5220 6288 7526 3804 5216 3700 4181 9987 3769 8756 420 4370 6286 60 391 5504 7078 8083 6348 2049 1078 1405 4675 1110 7482 392 4359 2796 6320 5779 6028 3260 7616 1970 6360 3501 5714 7381 319 575 1096 331 9389 5939 1301 3397 7901 3417 7195 9103 5943 337 2892 2439 6607 6932
7309 4516 6337 9563 1116 9760 2416 1359 6540 1463 864 6915 1912 3908 1117 1872 4203 8615 9304 2902 1754 3891 5303 7714 2378 611 8484 7863 2822 5363 8340 0 2603 8282 9542 5844 5694 1995 427 290 1260 6140 6600 358 7977 4334 7510 6960 2482 2365 781 972 2055 5698 6863 2928 923 7362 2215 7015 5488 8524 432 1409 8815 3659 992 5404 2370 6845 7714 4618 1551 5931 6482 2945 8768 1867 4399 6828 3031 3293 4497 1945 1024 367 6607 9465 1624 3414 3084 5210 6395 9828 9885 2619 9031 8745 2809 5340 9113 2883 7644 1480 6460 5151 9640 2005 1188 5809 4830 7473 5916 4449 1151 7201 7826 3832 8315 9305 8548 2551 9674 5961 8355 2593 2154 8623 2248 7916 1405 4949 6533 5794 9318 2805 7561 9173 393 5918 7364 4353 5969 5920 8459 5357 5852 8148 1403 2483
5220 4044 3750 407 8173 8365 3657 3505 4202 4001 1234 6507 4872 2835 8115 21 1813 6757 6821 462 6563 5117 4030 2133 192 3127 5690 3523 4399 1311 2066 2603 0 2039 5802 9591 825 6986 6377 2975 9739 4007 263 1323 4917 2126 5092 9272 3897 4143 1979 7688 8800 2488 1268 8803 2084 6496 8384 9715 9538 3646 1396 5384 2512 6009 5832 6825 5160 5011 3534 6774 7389 8056 7955 5577 2369 5848 1893 4950 775 2551 393 8665 6476 7260 1013 7482 86 2016 8413 8042 2399 5182 6831 542 7442 9782 3697 1444 7593 9495 6858 5393 4413 801 9415 5827 897 7231 6383 7189 4850 4249 7982 9837 1999 9399 7576 7039 773 6794 5604 3905 2574 8583 3470 8087 3186 4767 2908 2226 1078 8037 666 4690 243 532 2616 7093 6168 6934 1355 2567 6046 649 5416 8445 4252 8349
1531 398 9509 7170 6785 4334 3093 5017 3199 8723 3069 1731 3213 8208 7862 8021 1034 2728 4510 186 5601 6304 2606 9134 691 6651 3805 6943 4302 9821 7159 8282 2039 0 4251 2461 1473 9583 1949 3704 6174 4595 7611 3808 4271 4781 4086 3442 8496 5252 5507 4943 5040 178 5391 7163 6447 277 1564 6728 7643 8816 9470 7517 7514 8618 9915 4072 5849 4244 2842 938 5422 5764 9149 9242 777 6439 8986 1005 216 4372 6417 337 6329 9489 1548 3716 8716 2314 790 9589 9584 2501 2213 9625 6943 6378 1667 5697 6424 4514 7205 1913 8839 677 6446 8865 5797 2615 2378 6334 762 2724 3014 8558 1125 943 6287 7701 3732 3454 8361 3980 5909 9917 5978 4621 318 5166 4518 4273 7553 7456 3859 688 2600 8808 1606 9731 2595 141 9508 9982 6413 7631 2747 198 2377 8224
2299 1545 5419 2894 1553 9487 6007 3127 1480 6719 2612 5449 1381 6169 1888 9447 1597 1872 7395 1281 531 9787 8041 6707 4874 7820 6048 6105 3332 2581 6252 9542 5802 4251 0 3114 9437 5634 3689 3479 5924 5443 1101 9186 4515 7432 2099 7455 2460 6500 7892 3706 3792 8210 1922 9931 3883 4759 846 2899 937 4631 5246 3737 5401 4346 1688 1627 197 1626 7445 9113 774 2951 5570 5310 7499 6403 5635 6450 5886 7628 7240 2863 9413 5694 7511 404 7903 3011 1134 2924 1549 3824 4861 9388 6668 3937 7085 2067 1395 5879 1743 1693 6806 9054 3733 6051 6915 4166 5263 8940 3609 3044 2392 8912 1733 9478 8794 5970 2541 9176 9691 753 3082 5976 7019 8942 7257 419 4586 7609 3309 1986 8196 5175 5115 1304 6729 2889 7138 2403 2599 5076 2125 8373 211 1118 6748 9217
5655 2389 5613 3807 6912 6741 1809 24 1022 9607 6573 2131 3674 427 6164 8642 7268 8191 2553 9574 3517 9167 5834 3516 5173 167 3263 8262 7786 4425 209 5844 9591 2461 3114 0 2409 6166 4569 2636 5400 8157 7695 3646 6718 1885 7497 6602 2102 5363 4295 111 3934 5174 7156 1552 9756 2882 3983 7571 7424 1400 3747 3423 3610 9033 3703 9102 705 6717 8904 4650 6469 2320 6747 3980 637 6304 9102 7268 749 2699 3818 3649 6112 2914 2146 8815 3281 2392 927 9794 9108 4404 9004 1028 8218 6870 4578 9420 979 3239 2011 6784 4808 387 8962 9135 3044 925 4768 7282 7430 3228 9156 5679 8095 2386 189 3347 1329 8922 4436 4524 7255 5472 9027 8057 9137 3271 3696 8694 3779 5270 6446 9693 9522 141 3741 4286 3280 4937 6397 9936 5479 375 6977 7618 7100 5287
8612 1750 1099 6530 1174 1455 1491 5286 8802 8333 7736 9223 8456 585 7253 3438 456 8679 2982 3472 6501 9508 9284 6381 655 1697 5040 9685 4784 6008 2710 5694 825 1473 9437 2409 0 465 2553 7992 2593 8956 3319 5316 3726 4752 7661 5450 4604 1073 2332 8607 7273 9939 4158 2225 1783 6244 719 3691 9709 6039 3537 5355 7402 7328 9465 3958 5232 8275 1751 6098 6769 645 1001 7380 7335 3090 4328 1961 2256 9994 9795 3703 8589 6645 7563 6326 2658 1930 7856 7944 8095 6504 3054 9320 696 4710 3508 6514 9356 3190 4551 5514 5384 4362 2846 203 8060 1249 5448 8179 3295 101 5870 8443 4712 2933 3217 4046 3433 1743 8208 5470 5360 3171 2349 6695 3699 6070 6479 6874 4647 8891 9597 7056 9404 9265 1956 4541 6797 4610 9386 441 6540 3317 3325 8001 9979 2139
480 2683 1083 652 1850 612 7117 8022 620 4802 1507 1717 4239 676 1239 1820 2491 155 9073 2739 224 5829 5210 1544 8512 6837 822 4252 4326 8626 5727 1995 6986 9583 5634 6166 465 0 9135 6737 9898 8118 8129 2417 9001 5827 5118 2352 6034 8829 8982 645 4407 3164 8288 1901 2484 3560 469 1515 6678 335 9020 4777 2127 5416 7152 8409 974 7565 2282 5016 6773 7454 9182 2164 4430 268 591 3697 8863 1695 5250 8362 4735 7525 9829 3950 741 2159 3950 2864 2909 5909 2003 1134 9984 7894 9123 8923 1402 3846 4598 4588 7281 8018 6055 1043 152 3233 660 9797 2396 778 7331 1208 2526 6195 1755 7635 5381 6510 1626 6382 3418 7316 9173 5365 6332 3810 603 7902 1455 361 4345 1223 4368 9336 431 9377 820 9637 3640 9247 1555 2499 9147 4682 7277 3291
2377 8363 5852 4604 5663 4824 1243 8499 5373 2226 4700 2572 5737 8378 8379 7406 623 9259 1425 2564 7659 5217 5879 5401 8668 3678 6039 4770 8205 5448 2525 427 6377 1949 3689 4569 2553 9135 0 5592 3743 7535 1965 6043 5321 4690 467 2870 5390 8240 8244 7831 4510 9483 3761 7201 5545 9041 7995 4111 1344 5284 7341 3121 7157 6809 1262 7925 3781 8647 4926 3256 9105 1074 8149 2229 7674 5741 1898 9605 1264 4366 4056 5994 5606 3209 5929 6475 4738 4718 2056 4106 3138 1024 729 889 2022 8668 6802 8243 6319 68 9850 9183 4776 9175 7579 6764 6830 8131 2444 4512 8832 766 220 6029 9642 3099 5796 5205 2793 1690 6550 1652 5013 7725 7667 2390 1402 6080 9625 2627 1124 6370 2872 9043 6313 5695 5847 7958 1835 7628 3985 6627 6181 3291 8124 1635 1330 9123
7240 1385 5319 3114 8632 5058 9903 6388 4371 7932 6993 4950 5164 880 4008 2833 1750 6431 316 8679 3186 6463 369 2488 7238 6880 5928 5583 9177 1939 870 290 2975 3704 3479 2636 7992 6737 5592 0 4485 4954 172 3314 247 3081 7650 5029 6130 9052 195 2231 8175 7951 3561 6088 8970 9696 7607 5190 3275 7867 4213 4174 8494 7864 9422 3087 9709 6378 3777 8947 9581 9508 2793 5501 1239 616 8370 68 4713 1455 286 8570 1354 4463 1569 4524 4492 8585 3051 9070 2019 9982 5080 1820 8170 9479 3413 3790 826 4947 9 6616 8864 1058 9642 9804 3228 1498 7136 2816 9267 7896 4329 8409 7597 8724 8271 8947 369 3654 1140 6463 8773 3711 590 15 6895 9580 5651 5071 8468 4223 3109 3620 4864 4048 33 52 523 5168 8431 6575 8989 3008 7963 3355 8698 8274
450 5397 6950 5083 8577 8261 1531 1929 6925 6131 6426 4878 4985 5095 7082 1040 1358 4233 8672 4264 2623 4669 8097 4831 3358 4603 8396 9701 7403 2442 3470 1260 9739 6174 5924 5400 2593 9898 3743 4485 0 1389 9918 664 1183 4851 1196 5180 4099 582 6563 157 5011 2398 8113 6696 8361 4461 6062 8187 1771 2945 4691 960 2756 69 3735 1429 4635 898 2468 87 5220 5830 7265 1635 6355 7416 5560 4857 949 2887 7922 9322 4773 5972 8462 5614 7360 6779 7123 564 2382 5113 4774 352 3491 8871 1325 2204 3117 5869 2348 9382 6586 6006 9889 3195 2334 4992 7152 7669 7277 988 1359 2892 5183 7407 1654 9060 4577 3428 494 3445 5612 7748 5294 3604 7763 569 3200 3352 6220 8289 7730 2079 958 5406 4065 413 5182 8412 5301 515 1061 8060 5637 1162 2506 5365
8863 6338 2643 6931 6976 572 6961 6746 8539 3983 5667 8532 8085 7759 3473 1896 3980 6814 4909 7950 2482 5170 574 2448 9082 5076 3230 8598 1700 3876 4845 6140 4007 4595 5443 8157 8956 8118 7535 4954 1389 0 3769 8993 6300 4915 9026 308 2291 5059 5992 1288 4329 725 8389 7318 3391 68 8470 5178 5877 9385 8728 7470 5027 4338 2421 2624 2284 2854 9704 6946 9999 8463 6553 7017 1815 4640 230 1359 3963 3374 8057 2232 5035 1485 8615 2342 7378 9332 5110 1942 9130 411 7677 4013 2883 2696 2598 813 4910 4333 7478 7775 9484 3313 944 452 5708 3369 5240 2703 1317 4293 3378 1295 6268 5495 3501 2784 2244 5575 6880 2102 8511 4065 4454 6363 5607 7435 8635 2809 5117 1248 1951 7608 5360 9030 8372 1890 6248 2981 6619 267 6499 6441 1951 1321 690 5910
3835 5349 1035 4991 7594 5507 8886 444 7449 757 486 8964 1501 9210 7229 4546 3262 9807 6823 9308 4158 5117 4261 5451 7145 3411 6327 4971 2377 5358 384 6600 263 7611 1101 7695 3319 8129 1965 172 9918 3769 0 2967 8979 4090 9627 3542 3876 2631 1774 5763 2200 6889 6210 6054 18 7533 9911 8281 3052 9000 9797 5419 2729 5902 5996 8146 1887 6299 8758 4158 6402 2925 2720 455 5410 7459 2913 3848 1005 3563 307 2866 850 8651 8956 5584 7191 7948 7736 7306 1894 1544 8104 4959 3014 8004 6126 6924 8965 5437 6488 7860 4473 1687 2888 5294 905 6165 6321 6298 7701 688 1955 3724 5359 5096 7722 1547 2216 5030 9401 4503 3541 2251 3387 5367 5077 2044 1933 2505 4486 4351 1330 6399 1196 6233 1113 7565 5571 7756 9374 2753 1350 3638 5369 2862 5221 4981
1513 2276 7072 6483 8209 7514 6795 8561 9039 2258 1560 8595 3265 1085 5213 38 4297 4206 344 6743 5042 6472 544 6465 2469 920 1081 2706 3053 5914 7206 358 1323 3808 9186 3646 5316 2417 6043 3314 664 8993 2967 0 8140 4058 3181 1207 9799 7906 335 4575 794 7377 8014 4573 5233 6546 4962 6964 6220 5205 2278 6554 7500 733 1416 7608 7920 2582 1019 9814 5741 7624 8107 7460 26 184 5553 3852 1139 7997 7258 7297 5576 8077 8 1767 7562 3321 9996 4095 9305 6916 1827 4054 7929 6997 4757 9612 35 3856 3507 5747 6871 9426 502 4248 8196 9482 5048 6288 4267 7745 5691 1345 4901 168 7574 6588 7605 5271 9159 3338 2505 9902 6540 4688 9231 4654 3277 4396 3737 4011 7152 3818 7420 8707 964 83 6012 4027 5037 1569 4183 1968 2841 3661 9777 9810
5668 1204 1295 3348 7851 5877 4976 8036 6845 7127 2835 9701 7843 8168 5809 7163 5736 9541 8160 8130 7697 3784 575 1467 7467 6092 712 6705 5799 5357 803 7977 4917 4271 4515 6718 3726 9001 5321 247 1183 6300 8979 8140 0 6557 8681 6350 5873 6286 3722 3840 9627 1657 2941 9114 3636 1495 704 1619 2072 660 1987 7765 4094 5501 5307 7096 2632 5382 2320 692 5905 2084 4437 2247 8126 6247 6543 3693 6257 2822 4781 6856 9130 9884 7090 3434 5292 761 3739 664 189 9234 9935 2852 4261 2486 4619 9475 2012 3442 7825 6930 4601 2399 104 7992 9153 2974 9241 6573 9113 8302 7843 5384 1871 5441 2515 1558 5155 4320 1521 5205 6421 5740 1865 5749 3426 4225 1634 1112 5654 8221 903 3961 2739 3914 3165 1622 1658 1605 9542 7678 7260 9401 3580 5359 2014 353
8627 5241 8211 2646 4310 4176 2728 1692 226 2331 5761 5461 5517 3564 5936 6566 5488 2782 3517 6225 249 1284 6381 6420 756 6795 4189 156 47 2471 7953 4334 2126 4781 7432 1885 4752 5827 4690 3081 4851 4915 4090 4058 6557 0 8987 6197 1259 8892 6484 5595 6063 6775 2509 8750 8927 4566 7450 6749 9085 5323 4018 1811 6510 8562 410 2379 6390 6168 7233 9922 4385 5203 1673 4630 4773 9758 1077 2726 7562 4944 3538 4586 8964 2609 4902 9920 8626 615 4964 7967 9807 7448 7689 3249 3487 1234 9535 7539 3102 328 5359 2143 8839 4692 3010 2234 595 3974 3360 3829 6931 1074 9271 4417 3934 7054 6139 6501 3318 6029 8448 2598 4648 1680 4589 1119 6885 321 5391 2712 1730 5988 4469 2500 9998 866 9238 9756 3244 8682 8043 3817 9993 62 5237 8010 9458 3640
8850 2418 2463 1659 4445 704 3992 6145 1896 422 139 4716 6497 6819 942 6787 9268 8401 3020 4636 745 7038 5072 6940 3332 9514 4047 5030 6735 5399 9417 7510 5092 4086 2099 7497 7661 5118 467 7650 1196 9026 9627 3181 8681 8987 0 8812 9507 4846 7792 6029 7051 454 261 9608 8635 7058 6967 3554 2489 7527 6776 9757 9196 6920 2852 9558 4169 5713 1006 4764 1306 5471 1197 4788 4748 3609 8020 4666 3391 3301 6288 4598 1803 5480 9730 2865 2631 5181 7791 5478 2853 3305 1264 1556 8893 5736 9989 7615 4193 7832 204 3472 6359 2940 9684 7712 7187 8251 4520 1250 8899 4108 1609 6921 1042 6056 4696 2313 5357 3470 7658 7601 7933 5536 2000 5700 54 5208 3664 7522 849 4440 8335 7053 4370 8715 9955 9540 4688 881 3727 9366 8094 9367 1684 7296 7480 7269
5605 1732 6797 7777 3331 7254 5927 3007 6386 4796 5266 8071 1965 9650 5695 325 6996 3911 5311 2093 9708 130 8707 4021 8061 7822 4428 366 9411 8185 762 6960 9272 3442 7455 6602 5450 2352 2870 5029 5180 308 3542 1207 6350 6197 8812 0 819 1267 1517 9588 1093 3784 8484 360 7968 7010 7760 1148 5309 3949 3602 4177 8015 4236 6897 5519 3834 9972 2924 5502 9593 1469 3354 3563 4747 8422 1832 869 953 2161 277 5784 5484 2395 8498 3477 9926 9293 8428 8785 7763 8510 3468 3108 5586 9423 5491 7295 4016 3957 5449 2864 4570 666 1771 7551 9431 8633 8690 3912 8177 7669 1433 7586 5709 2733 8675 4403 3488 1475 4181 4659 9908 1179 8033 9771 249 5035 8333 4978 6233 5760 5491 1349 9796 2005 5011 3510 4706 4712 5822 8965 4153 7017 3715 7538 2934 3057
8093 9144 4024 4295 3383 4331 2828 235 763 3538 8448 1800 4288 5784 7641 6079 4815 3023 14 5035 8967 9675 298 3869 1923 2569 591 1552 5057 967 7756 2482 3897 8496 2460 2102 4604 6034 5390 6130 4099 2291 3876 9799 5873 1259 9507 819 0 8595 2759 1435 1590 8656 9461 6613 595 1160 9412 9267 3776 6134 7266 64 5865 9568 9164 9042 2517 4078 1447 4686 3354 6976 7863 8207 8182 7195 5523 4430 544 8768 4760 7755 3557 7554 1813 4398 1802 8845 3364 101 680 8718 5106 4931 5453 4803 2875 4747 3418 9230 9130 4234 74 9150 6320 6336 2784 3977 3273 3827 7628 6886 534 1926 4839 927 5985 9897 2775 4755 9879 5241 5385 5316 1464 7065 4112 8128 310 3844 9755 2492 7561 4989 3036 5977 7519 7265 7853 4889 377 2123 2847 2130 3641 3913 4183 6189
2749 7706 3382 5077 2909 1586 8347 1919 9848 1810 7966 8521 5947 7596 5846 4485 6853 5298 5212 311 497 6963 5459 435 8546 7964 914 8195 6496 4776 2270 2365 4143 5252 6500 5363 1073 8829 8240 9052 582 5059 2631 7906 6286 8892 4846 1267 8595 0 1532 1876 2710 5034 8736 9408 4294 5265 6431 8017 3754 2856 8097 7954 7624 8854 3437 121 710 9692 3518 4028 6651 2327 4152 5837 5055 519 2280 2689 5812 3097 3575 6347 6135 9730 8130 5128 4477 9533 4730 1995 8308 6245 664 7411 2924 436 2313 1935 143 9023 7744 5597 2121 6288 5681 7713 7701 899 1998 8945 1063 310 8085 4528 6715 9249 7261 2472 1446 9536 3325 8472 397 4611 2546 8744 8775 5072 5737 6632 8576 5624 7946 2813 5717 1927 9819 1071 6898 6006 8080 6650 6196 4976 4610 9073 2388 292
9752 1044 4102 3240 3911 1408 4560 2532 8268 447 8432 2696 4103 4961 8481 6746 9379 7119 7268 9058 4753 7342 2045 598 583 5022 2261 473 6428 2625 4423 781 1979 5507 7892 4295 2332 8982 8244 195 6563 5992 1774 335 3722 6484 7792 1517 2759 1532 0 8113 5569 6703 5947 734 4058 8539 1270 6544 9064 1413 3547 700 3990 3001 3231 5211 5147 3125 7948 8286 6904 7290 9639 3865 3816 2475 4147 2769 7872 2839 6154 2149 7219 8619 1622 5008 8385 9450 4112 6190 9892 5074 5020 3145 9513 9691 6321 7997 6143 3460 245 9025 5748 6570 6521 9098 8291 9402 6307 5172 2789 186 7641 2505 9585 7732 5772 4292 2147 3863 9280 8400 4894 7467 9194 8393 6296 1834 6566 2550 696 5453 3663 4795 8341 2271 4078 3213 3066 4691 2174 9358 3825 2220 9629 8474 7199 2265
4864 5763 8462 306 6896 2495 4132 7596 1965 1269 1864 7379 2922 5930 1135 3646 704 977 7077 9992 540 6472 2060 1164 469 2988 7606 4341 5651 7982 3188 972 7688 4943 3706 111 8607 645 7831 2231 157 1288 5763 4575 3840 5595 6029 9588 1435 1876 8113 0 5502 7695 6001 1155 1010 9547 8717 4671 6458 9775 2210 558 7939 1487 2661 3593 1974 548 5618 5883 5991 6860 1266 6290 1108 3672 8731 3845 534 7091 7360 7264 9030 1460 2380 1807 9019 3068 6895 8036 3954 1675 2846 945 1974 6460 3556 1171 7814 9008 3647 5987 9181 3715 2917 3147 4335 3285 4202 9100 3875 1033 9423 188 6386 3094 2323 3034 284 6901 7187 8434 3818 5513 3510 112 4524 3395 3974 1785 8371 3150 7151 7941 8617 3037 3480 1767 997 896 2405 2872 2774 4917 7082 6021 4069 9401
5191 9181 1934 7365 2049 6733 5744 159 3590 6099 4976 9645 2310 3985 7483 8114 6839 3854 305 6498 7716 6401 7684 3240 5890 6290 2832 5891 6698 9681 5341 2055 8800 5040 3792 3934 7273 4407 4510 8175 5011 4329 2200 794 9627 6063 7051 1093 1590 2710 5569 5502 0 9338 3085 2865 6059 2947 3558 6290 7386 4853 9597 7819 7270 7442 4466 654 8620 8096 2888 2823 3183 8555 451 4014 2469 5876 3814 8296 6009 1773 2174 4066 382 4394 3338 420 3667 173 9276 6549 2739 1130 9163 2996 6137 9904 8373 3699 6374 1927 7744 8065 1461 7987 7532 2235 3078 8102 4175 329 7482 1378 3051 1450 9594 4575 464 3591 6185 4731 1782 2801 1259 251 6633 1413 1958 2113 5410 1387 3492 4210 9026 9130 7603 8178 5079 2545 9951 155 6114 6150 6785 2363 3291 2373 8624 1992
591 7836 8068 2526 1473 3872 7015 117 2642 1943 7097 5999 6330 3278 4856 7678 2049 7121 7415 3121 8316 6215 8184 4606 7536 5723 1897 3767 2982 5336 2212 5698 2488 178 8210 5174 9939 3164 9483 7951 2398 725 6889 7377 1657 6775 454 3784 8656 5034 6703 7695 9338 0 3640 4357 3474 9414 9817 3385 2884 7268 7085 6275 1549 9523 3095 2993 2407 3417 9625 1614 1885 5083 262 8005 1455 6830 2119 3603 5250 7140 3002 393 6908 4198 6815 7431 1856 6368 4062 1871 4211 2179 482 8589 9504 3507 5322 4516 49 1518 1004 5049 742 7601 8765 8151 7558 266 7481 1789 9347 8602 2911 5014 1321 8775 7457 797 1918 9445 8683 9895 9929 9506 3794 4519 4297 3371 6969 4301 6977 6278 2277 6190 8774 732 2321 5822 6182 3182 673 7674 8338 5708 3136 7764 6717 345
