250
0 2730 1989 9111 444 9707 3121 4344 1649 7048 8646 6788 6117 2393 2379 8064 7216 409 8082 728 7977 8737 353 3876 8048 443 2250 1019 446 3346 1805 5500 2666 5130 7347 2335 4184 4300 2679 3927 6694 2944 6864 2197 782 5072 4564 2312 3448 4607 8555 6020 3889 1095 3415 7819 2469 5877 8638 149 3092 3561 7673 5762 8581 1785 7026 2191 405 8420 6678 588 4678 9649 1682 6674 7967 9592 2295 3502 623 5799 7607 5486 2405 7955 890 275 1291 5950 7812 3510 2804 123 1548 6914 518 9501 3896 4991 9680 536 6879 802 6458 9007 7946 5338 6283 4924 5150 8968 6845 6099 2265 5316 5440 5740 6805 150 3594 1476 3626 6731 9587 7500 387 7104 3929 9935 7136 1043 4256 7269 8448 4654 8112 6597 5570 7949 1679 7400 8808 4065 4429 5317 8308 8017 2131 5756 391 9253 9868 6079 777 3672 193 1976 94 7643 3995 1802 4229 6066 2508 7468 8769 3420 468 6532 4370 7165 9282 9574 4310 2430 2122 9940 3528 6393 312 4365 5385 3556 7961 8070 9517 6749 5580 5798 8491 9822 961 5209 9986 7749 7778 4278 9233 7946 1610 7695 5862 5404 5962 2761 1153 1519 4958 9149 8189 1208 1135 7031 1573 2346 4105 4977 8554 3418 355 5169 6351 3074 2542 8022 4575 8461 8241 2215 9220 2751 6838 5511 7807 9582 9484 1218 8083 2962 2503 8795 5186 1192 7574 574 5656 4201 2653 5905
2730 0 5883 9609 877 8067 6753 5045 4261 8100 4474 8262 7706 9061 5920 8261 4845 1624 2697 8135 2882 6265 7812 5504 2760 6917 2790 3053 2856 519 6807 3316 2967 7338 1101 8309 7862 2296 2043 6088 7127 4771 5779 7908 7455 5849 3211 4553 5915 7992 105 3473 9211 6693 9673 4354 80 2363 5 9768 4915 1342 9072 7482 6606 1586 7735 2660 2660 7021 9393 5766 880 5292 5468 4685 2478 490 3089 7530 7087 3583 2911 1792 3820 1282 3677 1112 9829 5146 8568 9053 2852 1540 8261 979 6380 1037 2531 6146 7133 8822 8409 7664 1291 5223 1256 8359 7515 7119 2364 3050 1961 3277 7181 6593 440 9233 7177 8390 7165 5591 570 5409 6504 5811 9391 6615 5736 7436 5748 1517 5225 3655 2092 7270 1200 991 1113 1712 9218 3556 7084 7979 9507 8078 8112 5527 3402 126 1078 560 4138 6422 3705 5879 5501 8187 8704 9890 2896 9620 6198 3364 6326 3374 8683 787 6256 6070 442 1871 9361 4575 7237 8609 7282 8948 9439 1885 6571 3350 2521 3124 50 5501 3368 2618 6905 5896 7472 1146 5605 2800 523 6721 245 6338 5779 4158 4270 6529 6518 1761 7363 9270 9560 9939 484 2779 4623 6781 5532 572 4396 7195 6239 7831 6318 9861 510 6937 9974 4870 8925 1325 7490 3904 9824 1058 888 6488 9903 8981 8309 1604 1470 4281 3862 3188 3266 446 5759 4683 7689 7152 3865 577 3989 6078
1989 5883 0 7776 3588 8241 6477 6519 8162 7155 6226 9851 2434 9317 7753 265 3835 2479 55 7855 9341 2505 1871 6467 7850 4319 893 9152 345 8618 424 6496 3205 6999 3168 5079 3557 3649 2390 5590 5029 5623 8265 1092 9057 928 5727 5482 7315 554 1072 8672 1245 7576 3437 1965 6577 2538 8379 218 3943 1435 2029 4150 1070 4583 1651 3748 1312 8456 1451 5200 7693 3089 7700 2910 382 5495 6771 7807 3712 6162 2511 1406 8571 6684 5068 2499 4549 3087 5579 6549 8340 4145 2467 5542 9497 6263 3197 3622 1035 272 5521 9382 8593 6121 1106 6923 7541 7308 1096 8871 8192 2968 5779 3106 7497 7891 5259 1438 1902 3219 3051 2169 432 2341 6355 9918 8572 986 430 6813 1435 6005 5673 108 7158 9809 1308 2577 8436 4277 7741 5601 350 8539 52 6280 7242 8897 1 9455 3977 1530 3880 1740 3417 5438 5789 7997 9427 3582 8683 4180 9355 3246 1378 3917 8888 7052 9614 4646 4853 9028 197 2069 7755 5652 9992 4661 7562 7422 6665 4104 9827 1373 3388 3575 5191 7819 6748 916 6075 9637 9526 831 3554 1295 6215 992 8675 4047 9334 2184 3924 4592 2668 9804 6821 8513 4738 6623 3073 8222 7489 8140 9001 5304 2720 4983 3926 8490 7793 5965 478 2990 4204 8178 6674 7840 9213 8368 7092 2280 614 989 3168 1994 8817 3583 3839 1510 3113 3385 7500 696 2316 1474 9461 9510
9111 9609 7776 0 9035 4331 2546 2541 9944 4880 3636 7136 7246 7381 8950 8596 7481 8593 2692 2100 6098 2476 9940 8834 4216 6975 3453 2847 718 6212 4568 3133 5687 1456 3925 3098 6788 8297 2021 4826 8039 9506 4550 8425 4130 8601 3229 1768 4306 9380 643 3940 7314 2751 8384 5948 84 7321 7005 5560 9359 1867 4197 2805 7392 7686 9399 1643 9046 1203 643 473 7797 1350 6365 4680 1675 1442 8629 9067 1886 9033 7309 6925 6714 9847 8594 1960 3899 6950 545 1946 7075 9193 5956 5572 5325 5829 7313 289 8233 6115 306 2478 1186 529 7672 4602 9907 8230 5918 4359 3490 6737 7711 8024 3617 7456 9060 7471 5890 8103 422 4101 7464 4002 1893 4336 4089 9599 9510 5908 4865 3762 9034 715 3195 9304 5161 8314 3677 2744 7983 4976 6250 2381 5889 4422 537 41 3239 7572 5018 9804 8979 5698 4145 2146 2010 1285 3609 2926 4099 2844 2414 5669 6961 9727 9245 7524 9573 3624 1547 9067 8496 8038 179 118 5848 2332 8665 2585 9945 7386 3773 5747 6240 2973 7183 5982 3139 8414 877 7623 826 7729 2257 6024 6947 3079 993 32 5828 3128 6762 4098 7719 9416 6363 5666 871 2965 8224 8574 7389 5396 2757 7026 8106 7799 9593 2669 6584 4075 4250 9758 8565 9824 7367 3481 9936 2112 979 2210 1481 9467 5568 814 387 3078 6622 5777 3197 379 7577 9513 5748 203 2152 15
444 877 3588 9035 0 6111 157 3734 9717 9716 7789 1128 4210 806 4073 1833 8632 6693 7987 723 4344 8475 8182 234 6706 5467 8866 55 8462 9924 3533 4565 757 3792 6248 2693 4835 2371 7351 5733 1516 939 4061 2362 6989 1753 596 6937 2622 5427 7622 3150 9461 746 9995 985 9946 5993 8206 9767 930 9537 3640 9107 9821 5209 5392 6328 5808 9044 3444 8100 438 2018 5476 7337 8131 1183 8065 6552 1735 8011 3890 6269 6685 8802 9537 1462 8125 4950 5964 6583 905 508 6553 2152 461 7695 1531 2258 3242 1636 8350 2208 1783 3347 8582 2096 819 9104 8435 8950 7495 6932 1319 7207 7827 9253 4561 1462 9963 3991 5171 1021 4176 9867 665 562 9818 9390 4489 5518 5895 5453 2907 9825 9991 2940 1373 4027 6772 8988 1321 3879 5876 1988 8648 8619 8373 7650 2796 4305 6740 1728 6556 5166 8636 8589 3266 3256 2387 9824 2877 6792 1343 4236 4155 5799 8744 9620 9148 9627 704 6757 3207 4263 2218 2693 7637 7382 5165 3218 2970 502 5652 8786 8019 1487 6414 1244 106 119 725 8358 7032 3106 2276 353 240 9284 7901 9792 3182 3134 5088 4833 2822 1694 3430 4437 1109 4297 8796 9358 9568 2738 1576 5794 5480 6065 621 7035 7542 8393 1352 1516 4748 5661 6845 1486 3096 3762 7997 8886 3106 2111 4462 1760 8844 8206 8702 3228 9783 6995 7342 2183 3700 1222 2533 732
9707 8067 8241 4331 6111 0 9059 7328 7248 8294 6739 3877 9199 825 6873 9545 9961 883 1144 5063 8642 3521 3652 8934 8399 1600 4148 6791 416 5959 7735 7150 5189 9643 8935 6311 4150 5470 6204 9087 7688 3102 1669 4067 7675 7222 703 7536 3068 4343 3272 122 924 4072 955 1363 7804 4119 4299 1554 4064 2463 7809 2625 1849 4739 5673 4850 5343 1265 7179 4891 3807 1934 2729 5363 4487 1336 5800 8063 2678 6571 9922 3293 5568 4235 8673 2431 837 9012 5940 8958 3355 9812 177 1650 7724 5852 5857 1707 7684 9779 1664 4227 9092 7489 6665 7849 2036 1699 1091 2850 1831 8083 6749 1900 5167 3552 14 6723 6005 7519 5238 7647 2716 2548 9512 5797 906 659 1134 6973 6148 8912 7890 9589 2244 5319 8783 7661 8077 1629 9981 3057 4451 3494 3278 3500 4170 2346 5655 6139 4450 3478 7778 9388 7703 3063 4024 7008 7480 7562 9249 7952 7228 7241 824 1938 4779 8946 6858 2530 3778 610 6983 4556 9066 4387 3571 8559 6057 3379 4915 6653 251 5166 1088 5905 2218 3569 1984 2797 6885 3487 3394 3320 9576 9522 4784 7413 3166 5527 6400 8142 9701 1602 7309 4563 7175 2072 625 417 1971 9087 726 506 9893 982 6337 1083 1740 7594 7899 5416 5169 784 8815 795 6407 2034 3775 9668 3131 3192 8018 6725 600 5741 8038 2591 5746 523 6824 6062 4373 3673 3610 2400 8473 9996
3121 6753 6477 2546 157 9059 0 2337 5326 9824 2293 3331 8321 8694 1091 6169 1938 4657 4702 1918 9878 2645 2874 4924 6904 3843 9605 2076 6789 3613 8867 9788 2998 1959 2141 6747 2816 1103 461 2623 3260 4774 1020 1713 2302 103 1279 2472 8275 2918 6174 9782 3802 3530 5068 8706 7891 4664 9219 130 2063 2797 4360 7411 2402 2038 7488 7220 9707 9453 8448 1876 579 9037 3754 4966 1685 740 6488 596 757 8250 784 5469 1700 1318 8965 1897 2997 9085 7760 1906 8819 8198 2465 4731 3086 6605 1367 4496 9110 3995 5646 2214 2330 9757 3002 4334 9757 8929 8463 5245 8792 4050 5108 2603 1501 7445 4594 3545 4934 3084 8230 9555 6871 7005 7497 4917 7042 2155 5490 2669 9157 2262 9044 2325 4331 3550 9158 6010 8934 6217 9475 6894 3747 3273 6634 1276 3796 2726 4427 6184 5053 5364 4326 9981 8110 5180 8802 3251 6334 6939 1619 4806 9142 7818 9352 829 1468 8544 8460 361 5780 9077 137 4600 9738 8946 810 551 2020 4623 3775 3934 3468 2378 3371 7131 1608 775 1045 5531 4157 5719 3919 8000 1530 6401 7734 6890 5368 6424 5340 174 2744 3550 3674 6726 6625 7570 3406 5782 831 6400 3751 892 9887 436 1025 3255 8368 2 4471 7722 7748 8010 6869 1674 4621 7251 1270 8025 4050 9235 3901 4268 22 3685 9250 2990 750 2851 9149 6301 2500 8327 7889 5788 2436 6542
4344 5045 6519 2541 3734 7328 2337 0 225 9323 1396 2443 287 8216 5054 2270 9845 376 149 5256 5321 9452 1362 6713 2893 5844 5001 6124 7640 9306 2548 5456 938 83 5493 9950 949 6542 6623 6918 3016 1731 7052 1164 5549 3973 501 7355 5185 7523 9289 6744 1471 7873 1726 9935 7819 335 8502 3405 9335 6163 7023 2713 279 2170 5162 2656 4844 8454 8256 9915 8821 8045 2252 9638 1229 2956 379 4052 7632 3559 9612 2331 4668 7555 5345 3344 1025 8643 1147 8353 6521 4947 3361 5608 5388 9142 8711 836 8171 3061 2347 1979 1320 1120 315 668 3399 2285 3653 163 232 467 2058 6384 2870 1138 3477 5615 3035 1580 130 6790 8300 3971 2091 2177 7287 8620 4481 1622 4813 382 8878 2298 5022 3619 3472 1133 9129 3337 9791 2939 3088 4466 9492 90 8737 5744 9957 127 9174 4226 1740 3434 3362 7276 9596 8345 4634 9786 8887 1871 5086 8008 9674 4210 7551 2142 99 4367 6869 3342 5264 3077 6301 3326 9688 8438 9461 2333 3101 4513 877 6411 9210 6458 5507 9014 4539 9937 7591 6314 5591 9888 3353 8198 6197 3724 815 5450 8070 3830 2542 6334 7275 158 7664 2832 8224 945 7443 1949 814 4928 4056 4635 350 683 6958 7456 6382 2810 211 3728 1482 2473 6034 9625 638 6751 1971 2211 3889 2694 6034 2227 3307 161 7292 5151 1541 3187 4894 9460 2532 6332 9571 5899
1649 4261 8162 9944 9717 7248 5326 225 0 7651 9921 6861 9011 2023 9563 1499 6642 3771 753 5510 4837 497 6502 1336 7441 8572 9954 2327 2783 8561 5444 1846 2142 3980 9770 1275 1875 7983 5773 4917 8197 6779 8893 6360 3476 9504 7048 6550 7619 8449 956 6382 7895 8297 5551 9621 7373 9351 8217 706 3729 6253 2059 1933 3612 7534 8969 3904 8856 2687 982 7690 7799 5806 190 1413 1496 8141 3507 2949 8171 4216 3905 9817 7100 7787 7462 1921 7153 3255 7416 4918 1094 6526 2507 1008 5737 9061 1506 7623 5299 961 8244 2050 582 4814 7942 9300 3915 3247 8727 1866 3921 2744 7536 3940 4910 5610 2812 6092 5985 1471 3718 3010 9625 8629 3838 2831 850 4084 639 9502 3294 5847 738 2730 2068 2715 4808 4265 2715 2047 2001 4345 1719 6067 2827 9563 6731 5512 7735 2563 9978 9743 9411 8045 6258 9807 5283 1621 7214 9594 1755 5994 477 5592 6575 1591 3323 5111 7478 2038 7366 8942 714 7231 479 5135 6489 9081 3494 9584 8539 2495 7026 1682 2062 3888 9571 2363 4749 2256 8823 3854 8389 3059 9165 3748 3012 8644 6236 9788 8689 2619 2569 769 3497 7450 2208 5881 974 4953 7087 3639 7072 4950 6586 2817 3452 2486 8550 754 7294 984 8216 5105 2234 8460 148 6292 6185 8668 4452 6484 7047 4320 5392 6007 8060 5277 3874 9755 671 5532 7933 4243 8331 8094 871 4645
7048 8100 7155 4880 9716 8294 9824 9323 7651 0 1695 5263 4286 447 1954 580 3879 5741 3977 4105 8763 9278 7605 7689 8356 8039 6299 5342 933 470 2409 6360 1989 8544 6685 8921 8582 256 3399 4127 5953 1617 5405 2947 207 9107 4516 7625 8209 7594 9212 5574 6384 5718 8136 1066 4458 4295 5108 2779 2393 4836 5827 6235 4543 6638 704 2237 7785 5907 1554 2176 7827 333 6216 4111 8979 3766 6498 2603 7847 660 7636 5897 6512 8865 7190 8380 3042 8795 9975 3531 8641 3655 8859 7195 6984 4375 2086 780 6333 2469 237 8621 3107 3439 9404 3775 7057 1832 8480 2918 9208 9005 8134 9143 9720 1670 2704 2117 4843 5146 2058 4555 520 8264 7732 7953 2016 6319 694 8549 3049 1210 3273 9835 3361 4884 82 7198 6018 1502 9282 9916 9744 7371 3237 7105 7565 9662 6057 7328 1832 2771 8880 5318 8882 8367 588 5205 8076 9355 2342 3466 6711 1289 12 4100 4197 8995 7666 7996 9089 1336 5350 3737 8591 4924 4793 4195 2706 9172 6616 7376 5931 528 7946 3003 5478 3249 326 7309 4400 1345 5570 5401 6554 3480 3813 4674 6996 2765 4803 3804 4262 5998 7391 5262 9560 9859 5758 8769 4685 7759 1505 7584 3501 233 9134 5045 5276 1693 1605 8850 1380 9795 2117 4683 2977 4942 7950 1178 9483 8272 7837 5693 8355 3181 7414 8299 7825 8254 1884 7690 2787 889 2601 5982 8020 432
8646 4474 6226 3636 7789 6739 2293 1396 9921 1695 0 7504 9524 937 2212 7257 3990 798 2696 275 1137 6898 7271 2351 266 2762 8790 5046 8147 4553 5200 8519 9470 9617 7992 6392 8343 2469 3902 6520 7023 1458 6209 8225 445 5144 2239 2724 1105 9804 25 7203 8453 9495 3013 5890 3379 6195 6906 7414 6375 1569 9935 1700 3689 369 4369 9167 5197 8162 7581 2894 9092 9916 1412 1733 2636 8510 5465 7968 7188 1130 3101 7745 143 1601 6964 2982 9827 1464 7661 8924 2781 1394 1860 3941 1540 8794 3035 2953 4429 3702 4407 9191 8201 4756 2234 9515 3849 6451 8589 2462 2792 4047 6521 6293 2233 2754 8217 4037 8383 4588 1311 5098 7028 1533 8153 34 8686 1687 4543 2552 3820 6646 7434 5508 4667 5863 5552 1304 8398 4797 7097 3292 6711 8388 3614 7385 2404 7209 9472 6121 3789 3264 7921 3420 6290 1371 9469 8925 1676 4641 9164 3313 4860 1652 4474 5215 9415 404 3328 667 3944 1717 8339 2583 5907 9626 9963 2481 9779 6820 7341 586 2871 903 6367 288 680 8151 6191 6301 2314 1626 9876 6608 330 4207 5965 9762 1714 2323 861 9897 5636 4499 2330 2294 9259 2822 3404 9443 2998 5166 1426 3807 1436 5884 6922 4861 2816 6238 6011 7329 1370 8865 1216 3475 6398 2205 3861 9814 7529 8464 5423 1954 5951 983 8286 6281 404 6141 187 1310 9608 9533 9048 7470 6946 5859
6788 8262 9851 7136 1128 3877 3331 2443 6861 5263 7504 0 1185 9876 1026 211 8475 1316 998 9684 9685 1282 6747 2256 139 5743 4556 3091 6506 3163 5274 3598 3524 8108 6856 5964 6628 3664 974 9074 8727 8797 5778 8456 8693 820 4298 3391 5018 6154 4623 4993 3752 6521 4118 2563 9644 7051 9521 3531 8450 115 968 314 8663 1222 4411 5589 2994 4569 8404 5752 3302 9171 9314 727 4334 5260 9353 5864 5715 480 9259 5814 3310 425 7835 1162 7536 5076 8043 5057 104 1108 7798 8507 5453 4555 6450 9305 2558 3876 2195 5785 1025 4513 5147 8360 6567 1721 2010 5332 3571 9133 9866 5221 3510 8728 4237 8883 9505 3478 9854 601 6804 6912 9803 7164 8114 1325 3684 552 7616 3239 2082 2584 1187 4997 4658 3601 3810 5510 7638 9780 2211 186 2665 2921 2583 8765 1679 4741 9246 2127 6489 1384 6113 5414 8108 357 8005 4083 3349 1757 5694 7074 3940 7677 4086 7660 2223 5050 2553 0 9931 7929 1089 7324 8381 3889 5785 2387 3613 9556 6069 4581 2663 8512 2486 6576 4800 4082 7938 1198 2838 8565 5753 5371 9168 4277 1812 6094 7763 6555 3345 5771 7073 7284 6868 3785 2183 687 7749 4234 9361 2542 4241 3551 6729 7072 8617 3412 1320 1028 7743 8412 6525 6941 2535 7351 4864 3759 6056 3858 551 7505 793 521 4724 9339 9455 2057 4145 6408 134 7042 9106 3090 3022 9567
6117 7706 2434 7246 4210 9199 8321 287 9011 4286 9524 1185 0 2414 1361 8142 7654 8479 9385 4228 4247 2890 4561 7380 6120 7539 1656 1427 2182 7545 8009 3418 1089 1176 1723 2374 6216 9713 2045 2271 9186 3675 1180 2209 5781 7815 1524 9871 2354 3647 5795 5902 6331 1608 2445 167 8400 7261 4642 8849 2914 3623 4216 8186 4399 3667 3573 3778 5371 2917 7777 5450 1860 2768 3393 6551 8787 7612 8289 8279 2232 7947 2841 3877 6376 1947 7905 5670 8983 4301 4699 1590 6993 6583 3096 4258 7245 8005 5785 4279 5561 8035 3894 7344 5011 9452 1176 1375 4006 4792 2975 2380 7177 3556 4529 6519 1080 3014 6175 3666 5407 4123 6111 9415 7653 7033 6469 6621 3422 7998 6819 1721 7219 2853 540 6668 6412 6392 3415 9341 733 1365 4194 9336 6409 2577 7192 2049 5140 1589 380 2584 2949 8281 3968 9450 7706 3513 9384 2118 297 471 2285 7384 7161 5512 1355 9175 1768 2271 1874 5432 2418 7330 7132 7588 6492 8269 5356 3168 5627 6753 8093 9536 4846 9988 8661 5310 1203 7454 345 229 2165 3921 4095 270 9371 8189 9846 2658 6078 6698 4845 5553 7282 5496 764 8651 7081 6034 3842 1429 4566 6443 1141 9516 1927 511 9004 5496 7818 8949 99 5049 5205 9826 8562 8416 6979 5782 1621 9462 5228 6384 9901 9212 2314 934 6665 5124 5292 3142 8507 4865 4441 4345 272 3248 670 9331
2393 9061 9317 7381 806 825 8694 8216 2023 447 937 9876 2414 0 4276 4416 404 8760 8045 3150 4377 8970 9782 4099 9790 9302 117 4421 4590 8195 4345 2558 3741 694 8318 763 3821 5798 1510 4856 7699 242 5486 4666 9079 9772 2805 8691 3287 5302 2451 413 3556 2971 7998 6399 4933 4856 1181 8134 2240 8995 4918 3636 8388 3455 1709 7138 9512 2569 9399 9889 2213 4885 2220 3004 9840 6196 9783 7689 8896 1102 4407 819 7136 4103 3261 5342 696 2081 1597 4051 6236 6786 8354 8983 8081 7526 438 3517 3492 3354 7048 8007 4875 4601 4948 1554 4589 1528 4947 5325 3249 2936 5911 2960 36 2314 7397 7491 2460 5019 7548 8471 2084 1392 4044 6671 4130 6970 7084 7215 9015 8230 5959 9321 5464 693 9013 2781 6756 3335 4924 3885 3665 5436 2816 607 130 3765 7646 8331 4156 8398 2212 88 2538 4858 5849 2969 5655 620 86 9657 67 1260 1504 6846 1341 4730 2054 7404 3567 6484 2042 8424 4247 2376 9285 5053 9730 1548 8304 908 4596 1011 4074 5185 7616 1181 5800 909 9203 5707 2022 2087 7718 127 7590 1661 3968 8618 6152 7196 7029 2349 4119 9438 1743 6925 2029 2929 8719 8353 6310 2113 5659 6405 5396 8599 5721 1059 7285 2167 7301 6213 304 1070 7798 5195 3006 1322 6825 313 5453 9383 1544 6580 1368 5968 6768 9400 7772 8290 7289 3957 324 7341 9543 8005
2379 5920 7753 8950 4073 6873 1091 5054 9563 1954 2212 1026 1361 4276 0 8104 5568 4038 6820 1736 1629 673 6293 891 4105 6922 2 175 6119 7803 5472 106 5774 9468 8449 2724 3627 9487 1797 1836 7596 4642 9022 6512 8366 7874 4921 6580 1069 8307 9002 8574 7974 8447 5734 5221 2049 9152 5071 4008 1186 2955 946 6955 9987 8810 3149 5057 4391 9216 4417 363 2041 879 1713 9947 2863 3350 3222 172 9763 8807 3666 6982 3115 9662 5105 2863 7896 3029 1278 1291 8030 6006 634 9879 5965 210 1902 3919 8136 5106 2368 5431 2673 951 3861 1971 4555 5859 4812 8031 2574 5626 3822 7162 9387 8798 9083 4044 6726 7180 1742 6945 3828 648 5084 3008 8636 9624 4276 7475 8649 3563 2893 9661 7647 7620 7582 5245 5481 3118 3214 197 9091 5575 8055 5328 9234 7680 8517 6919 1256 9424 5218 5785 441 779 2985 9084 6856 2883 636 3764 1939 9729 7398 2281 8120 7662 7884 3365 5625 329 9443 5014 807 9502 639 2632 1080 9614 9810 2691 3358 2696 9792 2059 9568 6347 2217 9846 3198 2640 1084 8281 1816 3597 9578 6874 2847 8733 7384 8255 6230 854 4999 7668 4717 3460 1222 1296 4806 3133 4149 5639 2707 8139 4465 8518 8462 7645 559 6312 9739 3375 2744 4707 1106 2289 9602 7671 571 8529 8894 1893 3759 6900 6031 9913 9356 9536 4253 3177 4626 5679 3717 8971 1505 7539
8064 8261 265 8596 1833 9545 6169 2270 1499 580 7257 211 8142 4416 8104 0 7963 4663 7065 7276 9569 7221 5081 9884 5431 765 9582 400 7387 4612 6594 8303 4202 393 9239 8801 3671 3781 8180 5356 9560 9086 1000 5584 4626 7557 95 3684 9589 2799 5845 9861 9520 1707 7388 5902 2262 5385 4247 1180 5601 9241 2292 6113 3827 593 7799 8220 6623 5043 6867 4793 6439 3304 3307 3306 8428 5691 2058 9541 9720 3904 9615 4182 7474 4571 7632 9463 4054 744 7195 9217 1395 6155 7106 1660 8036 5696 9961 5627 1876 1415 1067 6303 4603 7513 1469 6352 9239 7605 7066 8834 8890 5699 9848 2656 4791 591 5070 3109 2054 7081 213 1201 8203 2206 6424 6256 4782 9058 4132 1690 1517 9005 5122 8891 2039 1095 2932 8510 3519 116 9884 9006 1793 1187 6406 2224 9150 9005 8018 4660 3107 5317 955 6901 5043 5827 8796 8618 152 6544 5188 6782 5793 4742 4669 5016 2896 7464 6581 4283 8450 4139 6106 552 9180 5402 289 1879 319 1480 4161 8122 8391 3455 6571 3307 3814 1113 4293 7263 7135 8545 2510 7305 1899 5755 9281 3542 1231 9324 6609 9583 7445 8081 1907 2796 8861 4181 5862 1286 3961 2612 8150 7053 7730 4259 4655 3813 4157 9901 2943 1979 9110 1079 3376 7346 5253 3997 3569 8243 3435 6112 8049 5870 5679 1622 2901 776 7781 3125 7094 5041 1319 8280 9575 2895 5108 5111
7216 4845 3835 7481 8632 9961 1938 9845 6642 3879 3990 8475 7654 404 5568 7963 0 3746 2068 7930 7314 5094 9722 9182 2214 2443 7831 5178 6134 5422 1313 1719 3307 5188 6993 6474 3298 7640 2925 9904 1153 3765 2773 5718 3374 481 9335 7124 5140 863 7659 7189 7898 1024 1745 1530 2706 7545 9435 9020 836 929 3162 2235 8604 1783 445 9775 3005 8234 5786 1024 2006 5222 6718 6399 8411 2308 4785 5913 76 5885 5440 7787 5175 7424 2152 376 9014 1505 6701 9787 6246 1515 7308 3186 7161 4231 1811 802 3083 6051 6640 9270 5803 3113 4359 4900 635 1641 4131 9436 4332 5277 5040 458 6430 3961 7836 7729 505 1445 6347 1711 467 7867 9985 9344 3447 8897 2924 6920 1217 7759 7671 405 8204 6937 4183 1473 9637 6772 7623 8501 8804 6032 337 1931 3886 5218 4691 2668 8016 1407 9777 8638 1465 9982 9638 2218 8199 4629 9250 8935 7196 9982 1973 2990 5748 5225 6613 7744 5143 1839 3965 3196 7706 8132 101 3915 2915 2331 9409 5317 2175 1093 1724 399 672 9706 4145 805 2743 7767 1698 1568 2939 7875 8329 4988 5094 9369 8048 6467 7161 4148 2789 5747 6231 9364 3467 179 6376 8376 9341 8089 3693 7709 4086 6851 1152 6630 8934 7337 9750 7925 2192 5322 8350 7053 1689 1383 8675 4437 251 2691 5669 2808 4347 835 4891 6652 7859 1797 3924 4517 6193 3673 9454 1587
409 1624 2479 8593 6693 883 4657 376 3771 5741 798 1316 8479 8760 4038 4663 3746 0 3265 7588 3771 4811 6266 143 2968 8768 8647 1096 4734 5854 1580 3747 2558 7179 9768 8213 5112 4761 3440 6988 3974 4064 8193 8032 2810 3707 8413 9503 2519 1137 9432 3266 2028 7346 9172 3898 5927 1905 4257 587 8308 879 9733 6445 8549 8200 2870 2625 3557 512 3113 9125 2649 958 9092 1328 5182 573 5016 3871 1339 8706 6937 7350 4544 9655 283 8235 6144 8834 2902 8352 8914 6481 9658 6382 4415 367 2189 6015 8360 3282 9629 9994 5540 1379 9341 8591 5552 2123 9657 2549 1653 1168 9552 6390 4708 2247 5153 989 6890 4757 236 2033 104 6199 6780 9703 4051 7263 7347 7467 3430 5390 5640 5935 5449 7317 9530 6346 2274 8148 3366 4694 1305 3540 5402 220 5231 9937 5829 3597 217 8023 5147 8584 9514 8639 8241 103 7067 1217 2468 276 6567 619 384 8366 4707 753 1678 9811 6528 5046 8766 8051 6490 7647 7910 2491 9051 1205 9298 4463 9775 4404 2464 6273 5548 901 1855 3818 9690 8832 5925 6110 1357 3157 396 6857 8082 9635 1436 3230 9865 1869 7470 3433 5291 2367 3793 2265 3523 8810 6870 2736 4295 7103 51 3349 9512 7806 1544 2780 3428 4918 5469 6124 3537 2327 2953 9207 9023 272 702 3513 6991 4957 1983 5332 8958 3659 6043 3133 9662 7396 9148 642 5233 9748
8082 2697 55 2692 7987 1144 4702 149 753 3977 2696 998 9385 8045 6820 7065 2068 3265 0 8883 9092 6256 2161 667 9296 7642 3079 9952 7898 3678 4691 3246 1075 1560 4667 9523 5790 3914 6371 8494 9218 4082 3301 5359 2771 7746 3765 7288 2585 9189 5363 4127 8012 6285 5336 4631 5134 4609 6140 6268 9720 3417 8688 3787 8964 3960 2978 7944 2155 4621 4507 5159 7965 7884 4144 220 4931 7628 3350 5580 7322 6213 377 6681 5872 8269 9694 9689 926 3938 2362 9226 394 160 5453 8296 2955 5421 9833 4688 5330 1997 4367 2469 9721 7054 6214 2216 743 7624 3680 1852 2312 4526 7702 3857 7541 8175 9450 4503 2156 6228 8444 7303 6245 3284 1014 1356 5157 6793 7250 3253 3692 8443 2384 931 4602 9261 624 3356 2156 4864 4159 3555 4061 4371 6501 5521 9175 8710 815 4645 2581 4634 1213 7475 2757 5288 5357 4436 197 841 9643 6763 7917 546 9107 7251 6776 9540 7104 6002 2333 2726 621 9696 3123 3318 7444 427 8301 7364 4516 8601 2826 7060 8495 8352 3187 222 7126 8378 8482 4041 7709 6552 5516 7679 7338 3289 7151 5037 5305 9582 704 6844 9094 2209 8582 5733 5509 1517 6738 3600 682 2210 7669 8951 4428 8703 2733 2348 5980 3642 7701 4851 3912 5570 9373 4127 4448 4148 2836 8551 5533 6740 6823 3709 2778 5929 3615 1210 8178 2864 6987 4572 6729 8148 3657 374
728 8135 7855 2100 723 5063 1918 5256 5510 4105 275 9684 4228 3150 1736 7276 7930 7588 8883 0 7193 1002 4497 6166 1045 6340 2556 7574 760 5416 8742 8503 7419 5999 1314 5343 7893 6657 5844 357 268 282 1116 3656 8104 1447 1593 1097 7860 4291 8010 6372 1835 3348 2433 9083 7368 3153 2148 6262 4961 7143 9109 9398 1458 8843 1138 9258 466 6728 5889 3713 7873 8161 6587 1329 6499 2097 843 2335 9158 9812 5447 8689 5722 8319 9709 4973 698 9622 5422 8916 5188 1318 5174 2724 7395 1168 1096 4736 7911 5648 8833 5572 4881 5323 3600 4828 4114 6811 9077 929 1996 264 6448 2921 5171 3516 5441 7328 9726 5572 7438 5997 9061 7336 621 43 1462 2519 8008 1706 9290 3114 3601 7753 5382 8795 3392 8603 9296 5232 9097 5188 565 4293 2054 8200 3591 5360 8222 331 8605 9096 2271 7386 9078 439 893 6033 5847 5515 3448 8476 2352 4894 8226 7719 2455 3733 1534 5432 666 1898 3078 6505 5342 8622 1437 3769 9619 6266 3727 4946 8207 5787 3742 7942 4765 2090 1041 8079 2824 6654 5543 9236 7372 327 5828 7126 3344 8763 2774 3374 1069 4770 506 2914 9612 2744 5971 1046 303 4636 2387 2385 1052 5020 6811 1476 2142 2983 3237 8346 9628 4847 4837 7705 7707 6761 5879 9651 9342 1944 216 4659 1752 9014 5787 5215 9766 4927 4460 9306 4249 2359 2973 2452 3792 331
7977 2882 9341 6098 4344 8642 9878 5321 4837 8763 1137 9685 4247 4377 1629 9569 7314 3771 9092 7193 0 9452 2192 2684 1295 860 2003 111 4484 2574 8254 9070 4107 6749 6346 8834 4339 3102 4978 5503 9930 5417 8381 8482 9401 3269 8781 8395 9573 2771 9111 4870 758 5770 2394 9699 670 6921 7854 4028 4290 7699 2426 2544 7265 5993 1297 7660 344 610 8834 2869 8462 2117 992 583 2213 1516 8088 4211 9134 2438 8611 1244 6100 4169 985 9494 7947 3362 9893 4209 7779 6405 4011 831 3605 5251 1946 4146 8420 747 3205 9549 307 5766 2020 1795 3278 2607 594 8900 4353 1843 2763 877 4825 7358 7926 5837 1403 3093 1153 1279 9629 4293 6028 3681 2607 2805 8413 3717 9550 1958 446 7919 5265 3094 4927 4869 3652 2340 3708 5458 5839 9756 8672 395 7533 5157 2220 5408 4362 5353 5541 8876 774 4452 3539 1157 7195 9360 9973 9471 5914 6126 2026 8489 8593 4978 8216 3680 5266 4657 3987 2253 2513 3029 6423 5678 1463 718 1222 2722 6020 6031 1573 4848 4214 8711 6209 9878 5986 4938 4461 5690 2062 2478 3053 66 103 461 1461 9462 7930 6059 563 8376 2724 3612 7086 311 989 2271 3031 5395 4520 802 852 7435 9251 6020 3268 3369 1009 6344 1091 9083 2357 5270 8852 9209 2775 501 9180 919 8783 5219 3022 6072 3955 5049 2050 4366 1738 9840 7922 1298 3492 8226
8737 6265 2505 2476 8475 3521 2645 9452 497 9278 6898 1282 2890 8970 673 7221 5094 4811 6256 1002 9452 0 4980 7866 7138 3392 2799 4031 9628 9236 3908 3103 2125 5584 8603 3802 9357 2431 1022 1496 7297 8619 3419 5299 7356 9709 4616 7685 766 4191 6644 1733 2122 7427 9626 2197 2644 3872 3509 2933 5546 6457 5429 2599 4955 9895 5092 7135 9743 3180 6319 9446 8143 2015 5562 6989 712 3009 1837 4832 1705 9148 4725 9765 6268 7486 683 1459 7285 5859 5717 7434 5405 2572 6135 6902 7678 1885 7744 5496 2225 954 9041 4560 1375 7780 4860 2515 545 7677 4482 1969 4766 4002 6899 5571 4759 7692 7328 809 198 7308 4873 2509 7707 2925 484 8574 6648 1081 1337 9694 7723 9118 2449 185 2912 9985 1412 4950 9574 81 1178 266 4427 1732 9902 7812 7983 4429 2141 763 5315 6896 4342 9425 7753 5468 186 6886 2820 2792 8581 149 9724 8840 2789 5676 8739 6588 6268 9253 3188 9437 614 9654 473 869 531 7229 7919 3864 8910 7437 387 3095 4048 4281 9237 2927 8661 8601 9462 2106 5392 5771 7758 1352 1478 6161 9756 2943 6358 7283 5421 3772 7076 7820 1010 4505 1981 9468 5260 1357 3982 9466 6930 595 9065 8327 6017 1415 5141 5911 7945 5332 6849 5156 9446 7785 4148 991 8913 7109 3332 2355 784 5259 4315 3129 5082 6220 5520 761 5307 3601 4294 3416 2932 1297
353 7812 1871 9940 8182 3652 2874 1362 6502 7605 7271 6747 4561 9782 6293 5081 9722 6266 2161 4497 2192 4980 0 3039 2501 3499 7696 4897 6309 1457 5122 9259 3984 2314 9929 2447 3880 1271 9509 7550 6356 9070 9883 5863 2672 8459 139 1338 8528 1510 9548 8162 3598 7179 7864 4730 694 3824 5731 6488 4407 8896 8526 1361 268 8354 7093 743 3996 634 8027 4497 8139 654 791 1871 3142 2698 7277 1639 5555 6562 6487 4196 5705 2485 9686 527 9131 4516 7824 748 600 5407 1 2613 6549 4914 9471 552 2431 6797 5526 4029 8076 2351 6038 7047 1391 9447 9630 9751 4110 8182 4077 9887 329 3070 2720 1739 7274 4303 7595 6042 785 3995 2088 3901 8965 5899 2656 2973 1423 4371 6556 3090 7299 2202 9662 9321 132 8460 8107 7355 6409 5241 759 3204 4835 184 1818 4092 8065 5211 512 3762 4450 1872 6223 5662 3365 1636 2418 3145 7572 3392 2485 8639 1394 1320 9234 1131 6582 1195 1706 8785 6166 6647 2406 8866 643 4074 5481 2059 7936 9876 9975 2808 205 4211 2405 8769 6144 8425 7935 5801 2105 7291 4606 8016 420 1133 5762 4919 2417 2689 9096 3234 9827 8718 2950 720 9660 6088 7486 7185 2391 4985 578 8653 9382 7649 1735 2383 8617 7138 2574 2509 8821 256 9858 9379 2172 5907 2668 5418 5749 4677 3780 8565 5607 6700 3827 5741 528 9083 1763 6436 1306 7200
3876 5504 6467 8834 234 8934 4924 6713 1336 7689 2351 2256 7380 4099 891 9884 9182 143 667 6166 2684 7866 3039 0 8796 4553 1680 7508 1458 7750 791 4081 3936 8571 6025 7779 53 1370 323 8011 2311 9945 2289 8007 7616 3156 1113 7955 3078 3305 9460 9151 4794 9177 6829 2387 5203 3846 5046 6382 3097 5138 9403 8153 7356 5968 6595 3315 2967 9264 8924 3439 2092 3656 6946 1780 6300 8536 1917 918 5928 6329 9768 3575 2189 6381 4297 5398 568 6316 6077 4676 2614 1613 281 9464 6317 5107 3452 2866 4968 5688 9360 9135 32 4090 5602 9354 6994 1691 1761 8064 7094 3977 4929 2230 2771 7078 4470 9590 4504 8353 9688 2725 3672 5309 3904 4651 7642 984 6159 9078 4102 213 3340 2548 2086 5793 3507 9111 7902 3924 5669 647 4414 2165 5684 3570 1112 4840 4564 6426 1057 194 3435 7836 7154 3654 1524 1489 7849 4767 4060 8101 221 801 9966 5885 2095 4341 8745 7668 8635 8526 9965 2147 4157 553 2073 1043 9603 8659 4900 9108 5768 2624 8820 3331 9638 1387 4991 9 525 6973 3949 6251 8246 1675 2438 1133 9420 3969 7393 8236 7862 177 6387 5384 5015 6893 2065 2591 4542 8387 6306 5713 4085 6079 4179 2090 259 8475 1224 2320 3677 3856 657 7768 6304 1031 2349 238 8520 8667 8332 3255 2405 3168 5258 7756 2539 6996 884 1142 2952 3543 9938 856 7408 3223
8048 2760 7850 4216 6706 8399 6904 2893 7441 8356 266 139 6120 9790 4105 5431 2214 2968 9296 1045 1295 7138 2501 8796 0 5040 5954 3068 603 7193 3454 9031 4558 2744 5439 808 5675 6110 6390 166 1699 1617 2246 4435 3105 8342 7571 6964 8327 5956 4157 9489 7859 7811 712 9370 1158 4402 9769 326 9515 8103 7366 8497 2617 917 919 219 9648 1544 5331 4347 7909 5221 3923 9878 1881 5293 9020 5227 4892 358 2014 503 322 910 1025 4183 6859 4729 745 8751 1672 5602 2564 5022 7109 1757 9828 3576 774 1913 425 2148 6076 6485 4179 3042 4136 2445 2696 4483 8823 3138 4814 1743 5900 6762 768 8028 3083 1495 4409 8224 101 4634 3608 8092 5468 2114 3892 9929 7920 1301 909 5802 9971 5363 7903 2831 3997 220 9019 5493 8646 1991 7507 873 102 3722 4804 90 6695 8277 7627 8330 8971 757 3607 8929 4052 4684 5604 4306 2920 8955 8540 7470 6072 6675 2439 7872 4419 6715 4252 2991 2562 2913 9218 9396 7472 5267 1554 1527 2475 7064 3893 478 3226 2122 3409 8709 1059 508 8664 9505 4495 4738 6651 2259 6149 3959 966 3186 5317 5759 1088 6590 3759 8077 1467 7390 3420 4140 8178 5050 7189 2771 9407 3376 3712 8722 5274 4321 5721 6822 6271 6067 6626 4026 2973 1812 1496 8138 8575 5624 7464 4481 8145 4308 935 2324 8767 2333 3618 551 3851 8313 4643 2990
443 6917 4319 6975 5467 1600 3843 5844 8572 8039 2762 5743 7539 9302 6922 765 2443 8768 7642 6340 860 3392 3499 4553 5040 0 502 6251 4764 3903 8840 5441 9164 6310 6151 507 158 7701 2435 6783 436 8480 8358 9914 5043 8368 3385 6735 8252 257 2377 294 7867 505 449 7126 3942 4602 9194 7042 1985 1225 569 9818 4150 649 6344 2623 6868 1770 4858 7962 6335 3613 2260 5976 5034 7816 6929 5221 2225 3703 6639 1956 8928 4305 1764 1588 5234 5141 5317 9402 8697 1497 4567 965 8158 7019 9019 9859 3022 3746 9415 5980 3001 1643 6807 8985 7739 9258 631 5052 6215 4884 8819 1607 5387 3201 6409 2100 2655 9851 7365 2898 7350 2271 6975 6136 8365 7038 8029 6498 6344 1145 8700 7152 2999 7593 8331 8512 4241 7537 3010 2465 3559 3239 5902 8283 3094 4367 1614 8334 2412 8222 9324 2993 66 8092 4388 7068 6288 7296 2965 4894 7253 1406 8515 5225 2315 9243 8329 5728 1760 7544 7826 6625 7376 5029 4494 8347 5976 3808 7014 4553 6394 5840 7927 9055 6827 8471 9761 3274 1792 5035 7028 6738 1765 3029 1856 4529 467 5304 8006 8671 6589 975 811 1906 6599 7978 1562 5250 7819 5122 9063 7074 6469 4420 5181 2234 9944 9224 5573 4833 8451 372 9827 200 8103 8936 8911 9769 7448 6751 8730 2176 1838 5809 4856 3524 8515 3680 9560 4701 3318 174 9779 5056 1463 1340
2250 2790 893 3453 8866 4148 9605 5001 9954 6299 8790 4556 1656 117 2 9582 7831 8647 3079 2556 2003 2799 7696 1680 5954 502 0 1376 8685 4046 62 2451 5567 587 136 7809 9199 7621 4406 259 5820 932 1997 94 9205 7487 3010 4929 4201 176 4559 7147 992 6341 5892 372 8573 5415 9733 7927 619 5730 5243 5046 8682 3319 5876 4183 5725 2293 1098 7663 905 8484 1002 9414 642 2736 1472 4402 544 7883 554 5005 4522 4008 1051 8911 2841 1269 6911 1117 2871 1682 5019 2633 1808 2039 4336 9938 8828 4817 1726 1089 7138 1458 7980 867 8437 9071 5603 9324 287 5052 2451 3510 3893 426 622 2150 3908 1253 4626 6573 5705 1433 16 9099 1541 9677 8951 5304 9364 5428 5744 8824 8705 8525 6284 2277 1803 6359 6976 3053 9274 4999 4963 2328 187 3114 8078 4980 5271 4047 8847 2691 1542 2601 8431 7126 6742 9678 1991 7499 4831 4812 4531 1786 1694 4335 9000 6007 9311 8300 6973 7854 7940 8673 2518 5833 9629 597 7410 6063 2052 4593 2080 1391 8203 4023 9479 955 1469 4005 7492 9356 9454 8429 1507 9394 6514 4071 694 2056 1092 8224 9019 9789 2605 8504 2142 7350 5171 4047 5688 1622 202 611 4733 9356 6658 477 8253 5925 5827 668 3095 7159 5744 9430 5140 188 2287 5557 8468 8047 1205 1708 472 2120 957 380 3018 2076 5512 6447 6128 1289 2452 8791
1019 3053 9152 2847 55 6791 2076 6124 2327 5342 5046 3091 1427 4421 175 400 5178 1096 9952 7574 111 4031 4897 7508 3068 6251 1376 0 7543 9242 3483 166 705 4647 9236 4664 7145 2367 6736 5995 7907 6840 8811 8298 1656 8347 1069 3542 3079 576 2871 1601 7641 5323 2983 9119 4467 2986 3816 3533 1036 97 3437 4013 6869 3589 4395 3080 877 2279 165 3654 332 5454 9593 6455 832 7841 6381 2812 336 6506 8518 7940 3660 2246 2117 1729 6629 1362 6090 2858 6820 4568 9681 3228 7641 1789 7709 892 2828 7254 86 2713 2666 4379 977 8003 1100 4501 854 4297 3801 6491 5940 1769 8697 9770 7711 1545 4422 4606 9055 6608 8724 3890 9385 8820 8653 6650 4288 9079 7899 6620 7956 800 9153 4611 2555 8090 2499 8481 1401 3720 1465 2114 7928 3469 158 6448 5883 4226 6634 7358 56 8604 2240 6054 5940 920 9309 1682 6167 4136 7257 1246 6574 9961 9563 7880 1348 116 4294 4943 8982 3065 2510 6829 1184 1394 1949 9103 2505 6375 5041 7023 3067 1868 6297 1745 9216 656 5570 2061 2009 6105 7601 6377 6376 490 2599 2717 3070 5568 6153 4312 6549 3092 6797 1300 1059 4892 5808 5543 2219 9434 2488 8650 1028 2893 2037 7083 4032 655 4108 4640 2052 5496 3841 3324 1071 4047 2836 900 6298 1847 504 1965 5208 5916 3483 9937 5148 6393 6086 5243 2269 2677 2648 8546
446 2856 345 718 8462 416 6789 7640 2783 933 8147 6506 2182 4590 6119 7387 6134 4734 7898 760 4484 9628 6309 1458 603 4764 8685 7543 0 5569 3582 5953 8550 6541 7001 4559 8716 149 8787 3156 8221 4450 98 7136 6954 3656 8437 771 3922 5199 882 7359 4772 3712 7958 6099 1714 8641 8489 5918 9068 8169 4550 848 2791 5480 971 5882 9772 3162 256 5863 2942 3564 9716 2565 5496 9873 9809 9662 8008 7111 4474 5377 794 627 435 3119 5287 5306 1923 3899 1802 6317 551 8749 1945 5517 4341 2496 119 2812 8273 6954 9648 6837 9346 7770 6315 3971 9083 3727 8405 3054 9192 8695 876 3962 2111 1489 5766 1054 4356 1465 4936 5987 6840 309 68 1376 9528 3976 5945 7112 3723 4603 5858 9910 3927 1272 5946 9896 5107 2313 6908 1202 6220 2894 3091 3211 7159 800 7274 9960 1082 7127 3019 8853 5448 655 623 4079 431 9196 3495 5022 1619 3404 7116 1192 4887 3306 2759 6696 3298 5652 4220 9649 4948 758 1273 1082 4605 9628 1669 4840 1749 1040 6270 3418 9526 862 2616 9989 9883 9971 9965 7410 9617 1249 2716 9596 9294 2829 3653 4053 107 6057 4719 6100 6976 3879 5753 2802 8712 5968 7521 957 3687 8523 5917 5219 3460 3521 7450 1938 7945 4422 543 1249 3766 5573 7391 446 2588 5243 9435 1807 6140 1740 1273 5458 2105 1104 1816 6017 3446 8683 813 9243
3346 519 8618 6212 9924 5959 3613 9306 8561 470 4553 3163 7545 8195 7803 4612 5422 5854 3678 5416 2574 9236 1457 7750 7193 3903 4046 9242 5569 0 242 1764 385 3136 8016 779 6698 2883 808 4040 2119 1935 5541 7647 6762 8525 6258 9233 9845 4244 4366 847 6172 9637 1722 6630 7032 3134 5816 4165 4775 6298 5296 2488 9580 7202 2177 3026 958 1888 3562 2137 9993 1132 6139 5941 5071 7944 373 7175 3500 9729 4997 2120 5860 3505 3033 1954 811 5313 4657 5095 8202 6847 5340 1941 7794 7860 4469 2320 1523 5819 2385 2282 1646 7675 9828 6 1381 3411 1604 1959 4035 4825 1547 3077 7717 4347 3095 2116 4774 8518 6106 5225 4942 583 3138 6655 9022 5072 9646 3980 8847 2753 1736 7911 2674 8678 3944 6517 9596 5202 7856 2040 6765 8876 1567 4859 846 2462 7169 442 9505 5491 2362 1998 5135 7396 7019 1577 8674 2548 6260 2293 4581 591 228 5024 6780 3163 33 5555 5632 7026 5829 4822 6946 4080 1018 4824 9983 7250 2996 105 9107 5161 7017 8005 2485 9038 4223 7444 3517 2525 1096 7420 7696 2545 9463 593 5825 7308 7608 2485 5677 7139 9052 5131 4495 3322 5230 6513 3459 37 3484 8256 9328 2838 7511 1722 9959 483 8057 8804 748 624 7834 7028 2949 5778 9415 9441 7516 1403 750 9486 6581 6095 5411 3725 8781 2700 4454 5484 2009 1690 2954 2558 2668 2150
1805 6807 424 4568 3533 7735 8867 2548 5444 2409 5200 5274 8009 4345 5472 6594 1313 1580 4691 8742 8254 3908 5122 791 3454 8840 62 3483 3582 242 0 9287 254 5739 179 7675 5837 1809 2033 3416 7970 305 5508 1301 8161 9078 8584 2331 219 8809 3997 899 8824 231 8669 2890 5276 3259 9780 1699 5001 5599 8567 4419 3769 3301 5187 7755 7885 1066 1363 9446 8343 8726 4028 289 6888 8162 9929 5323 5797 7215 5184 4780 6483 9367 4820 5394 5625 9490 7392 6829 1010 5064 3090 2463 9945 8757 7303 2224 8694 9325 6198 2693 312 8013 2455 4259 29 2441 2869 4181 295 4459 8900 3858 1869 8824 4227 8327 9600 5599 1769 548 4685 3512 2715 1686 3429 4048 9190 8677 289 7136 2768 5435 8616 4937 6614 6953 4373 2229 3105 4904 1457 4062 2313 2227 1413 6340 2883 6213 4832 9236 9988 9632 9969 4954 8837 1837 7462 5977 4450 9196 8430 4802 8239 9901 7498 1469 8410 7199 4864 3248 3022 4853 1612 9132 9235 6603 8887 2759 8538 8730 7380 4252 4875 7173 5043 3287 2412 4903 6244 3537 7055 7226 1323 8069 5591 2750 9232 1412 4982 1999 2808 8358 7 5501 9575 9365 9462 7021 8384 8926 6499 3890 6258 2894 6582 9164 5281 9916 9976 3987 9859 3212 3067 4528 4857 2383 7632 9762 6118 6446 4911 6005 277 7844 865 1784 7898 1190 6623 3384 9625 8584 414 8713 8263 6110
5500 3316 6496 3133 4565 7150 9788 5456 1846 6360 8519 3598 3418 2558 106 8303 1719 3747 3246 8503 9070 3103 9259 4081 9031 5441 2451 166 5953 1764 9287 0 8646 9128 928 9408 6653 773 7754 737 8871 8250 6570 7964 855 7504 1849 6144 685 7004 2213 3837 1861 6868 3296 3095 6872 9027 9793 5041 1938 8805 4820 4179 9361 9615 2975 8024 8943 555 4559 4733 2729 8149 4306 3159 339 4287 3761 5489 7176 7300 8741 5567 3738 1961 2197 4335 1407 9127 1300 3771 4816 1198 6552 3708 2595 5854 2329 2058 2285 8346 3830 1217 5207 5865 8185 4320 3380 5444 9796 8012 8435 9340 4156 4382 7551 411 5122 9869 7714 7643 6794 290 5158 4574 4645 5896 2491 2688 242 5047 6187 4329 9941 8123 8519 1165 4630 2030 1232 3747 4494 326 1373 7467 51 626 580 2262 6959 490 4029 6618 2037 1162 3918 9746 2331 5387 3311 5884 8230 6073 3807 1203 6644 4925 4557 9419 6301 3856 5338 3192 190 7622 8493 4708 3148 5898 4709 2869 6731 66 6704 8076 6146 1230 9151 5142 2104 7660 4033 5726 5175 2076 878 5900 1600 6376 6471 8497 1284 2970 4808 5797 8442 59 5691 9057 5507 2801 8810 5898 4851 7166 350 9532 7217 1886 1882 419 9860 366 4910 5587 3428 7127 3684 6207 736 6651 5956 7824 4280 2304 765 2159 6019 760 6658 9618 8104 1257 3392 8627 7569 2024 144 5663
