200
0 5781 2972 5108 868 6618 7156 6407 4822 5056 2165 1363 8827 7347 8333 4858 5325 7369 2395 3341 9299 9190 3224 60 3680 7420 1881 4110 1415 1155 3348 8238 1199 3404 6764 9697 8418 581 5930 945 7168 5752 6120 5764 201 9948 333 1508 4854 9708 4981 3477 3467 2273 3127 8165 2434 6879 2470 3885 4311 2796 4296 2988 1658 632 1950 9318 5183 7170 429 3541 6227 2862 1511 9594 5505 610 3894 8178 3144 395 579 7872 2919 9981 360 4872 1631 196 3920 4986 4733 503 3206 1577 4807 7082 8119 9880 8648 5736 5276 7835 1776 5694 7295 8682 1910 7251 9798 4684 2905 6680 5184 9671 8359 67 8729 8604 9528 9942 1727 3353 5365 5078 3283 3473 3927 352 4355 3759 3543 8508 8253 776 1986 1466 412 1181 9946 6369 690 6688 5768 5032 2761 2715 66 8658 2956 3015 3966 1996 9840 2645 3621 6576 3883 247 7171 6908 6161 8450 2639 264 6854 6421 3944 8899 1746 7634 4329 9162 1885 7477 3293 6270 8278 5645 4699 2698 8054 7101 6157 1995 1958 4135 5916 1124 5136 2294 7776 9414 9986 4412 3396 5066 7637 2217
5781 0 5330 812 3191 9786 8141 817 847 2779 9176 6671 356 7303 4119 5769 1501 3682 2783 9431 5754 1213 2000 4718 8906 9673 6782 4637 4406 1617 988 8285 3020 341 5682 8368 8648 2431 5988 483 2229 2419 3265 850 3181 4827 4732 1538 568 3877 8871 3457 7040 3320 1318 98 6825 2128 2179 43 9797 2235 7206 9357 8091 8835 8602 9770 6511 5195 1798 6186 7187 2591 2254 5359 5159 7586 631 9179 3021 9632 5079 9805 602 6553 2099 1952 6046 818 1991 8479 2366 1255 8195 3198 3971 9368 5322 8311 9075 1776 2176 3971 4373 8521 3349 328 9895 7674 111 2929 8375 2423 1333 614 4183 5446 723 7582 9136 3811 804 3125 4336 1114 7512 9440 9038 4844 4935 4317 2538 2363 6253 7018 7632 566 9414 6482 9007 4573 8285 7701 1690 2754 2147 629 7095 1754 1892 8884 5515 4340 710 7401 9031 9437 5764 9905 4881 1701 4166 5166 8771 8201 3394 94 1287 4440 207 498 1097 5328 2764 6477 8281 9760 6104 7875 7340 5992 9751 9246 1496 597 5980 5248 2962 2740 2147 4617 4737 8673 5574 3214 9478 275 8593 3085
2972 5330 0 2718 163 452 4807 3614 3996 9214 3146 6448 5559 5901 2709 2601 2276 726 5881 6487 4598 2247 4672 7157 4844 4614 2948 7943 1620 9775 5324 7680 1073 12 1272 7307 6792 7928 3339 3234 9524 8524 954 8572 3578 9294 542 895 1975 3185 3346 7728 4879 7041 6827 4366 9672 5729 2587 745 5528 702 9220 9775 6036 1501 8534 9001 958 7008 3310 6238 1499 5241 7007 7509 9349 9687 8680 863 8811 2809 3949 6695 5757 3160 8846 7074 5145 6541 3898 6430 4377 4869 8619 8146 2449 513 6158 6310 7738 2295 7413 7917 3736 112 3392 6753 4756 1254 6907 7962 3870 9134 9541 9182 6736 8871 3315 8176 5368 940 676 535 9549 1285 6553 1126 2293 8738 2288 1379 4 3051 810 2803 3808 6186 9021 3855 8224 4829 702 5365 7727 4433 4410 7379 8177 5766 4815 7333 6498 8771 4030 539 9506 2980 2950 3807 1409 2676 1188 241 8649 7364 9947 9389 5198 5140 8838 1119 232 2469 5248 8481 8604 4128 1815 6398 4618 4248 7997 4193 3180 5150 288 1106 3560 1094 9055 5433 1985 677 5478 2930 6455 5517 9047 5257
5108 812 2718 0 7277 6891 2020 9244 5359 7220 4598 7513 1456 9248 6756 2526 8810 6580 8841 404 5212 7192 1140 3704 2806 8989 1105 5383 441 9051 6532 2556 4679 8471 3083 4307 1384 1712 723 3807 4273 7155 895 8676 4220 8412 2956 9455 7459 4451 9859 7499 2788 5954 8450 3477 746 3387 9561 4379 7045 5516 4916 2538 7076 7930 3909 9577 9467 8693 8228 1030 8913 3666 9927 7610 8860 2610 3557 2004 37 4142 5652 7641 2526 9507 1349 5299 9702 2537 7322 1307 8193 6958 5597 7926 5653 6809 57 5073 1697 6930 367 8426 6290 8506 2531 4530 9911 2502 3611 2657 6410 2579 6331 870 378 1982 8671 7271 5200 486 940 6776 1517 9824 5536 5933 5741 7134 4836 3411 2111 2973 6601 7830 4932 5529 1744 6766 179 4434 5571 1560 2088 9011 9151 2967 3944 3648 6450 7208 2551 760 2332 2310 2045 8702 4817 3233 4329 4645 407 2873 7276 1559 5522 720 6582 502 795 7278 1628 2919 6436 1962 8448 6539 5953 2910 8176 1423 5838 9376 6567 1118 8536 6565 3789 9743 6910 9760 7775 9513 6733 8235 7351 5424 4675 9996
868 3191 163 7277 0 33 4033 813 2885 5985 4103 9301 5465 2706 497 3504 1863 3229 9622 6688 1303 8534 2276 78 5830 7528 6896 1731 862 3340 5064 5693 9820 4706 502 104 7191 6793 607 4976 5873 373 7046 6919 5358 1125 8468 8985 412 6510 7426 3010 4437 5314 9089 9696 6184 5711 7016 9807 2492 1285 3680 5018 4803 1120 8410 6917 4310 2872 1132 390 795 5306 6877 1469 944 8736 4686 7178 9027 846 7280 1079 4291 7897 8305 3851 7436 4749 3090 5128 1681 3047 6808 7318 7800 9345 4909 4760 9987 3454 2610 4732 4279 1473 7281 7696 2178 8072 756 4329 4957 5302 8595 9236 4790 599 1656 8049 4163 1970 7498 6779 4803 4392 3063 2460 898 5655 7050 8882 871 8093 6987 7796 6735 5367 352 4498 343 4690 673 7236 7646 8153 32 9111 4541 4941 5119 9036 2925 7631 2264 987 3319 4580 6473 4568 6465 5053 6871 1804 2729 1119 8815 9738 8027 3416 8806 812 2134 9509 8654 8832 9703 2533 1577 659 6511 263 167 6149 3476 1630 8973 6516 5437 1267 3774 4539 6291 9772 1542 569 9689 2822 8448 7101
6618 9786 452 6891 33 0 215 2697 1212 6212 4763 1907 7762 2216 1037 2942 7702 3972 4654 2855 4343 685 2383 6171 1486 1851 6664 8151 7089 8926 7973 2311 6141 1044 7688 4108 6829 7128 2554 9564 2057 1450 5543 4279 6860 8634 8748 7411 1945 2394 5874 8972 2427 7235 423 4248 1625 3165 437 6668 9541 6895 6376 3218 106 9229 8877 2166 4691 2196 1472 8475 898 2582 2181 1415 6187 9175 3245 2397 3101 4154 4423 7395 5615 8517 9686 4096 73 316 4250 5754 7313 91 4684 2458 5690 6618 571 1504 9542 6169 6967 7444 3034 9608 7009 4250 1890 4054 117 9606 6458 2761 1314 460 8506 3842 4948 8991 4892 455 2472 4166 9803 8934 5967 2992 4607 2024 1051 7401 4567 1653 4823 341 9748 5985 8392 921 8528 331 742 3202 5891 8322 7020 1607 9542 603 9685 7778 5249 5131 3967 7004 9221 1595 4913 8942 3791 8807 3774 485 8938 1338 2772 7775 2557 6252 7244 2041 5228 3977 631 7174 5470 5415 8936 9503 3217 5659 4515 286 7471 894 8129 1485 9391 3806 7692 731 2526 22 163 2653 1717 5206 258 3241
7156 8141 4807 2020 4033 215 0 2741 2844 5818 4943 6247 8846 5449 5309 8095 4498 1308 6228 2347 6963 8947 3527 3329 1284 9527 5243 4583 7172 4230 7335 535 2304 2019 5065 4025 1146 7008 8784 6139 8503 1529 5936 8105 8905 7833 7147 8566 4522 8336 46 9660 3296 8160 6918 2616 712 5170 6485 6440 3198 9333 950 8302 4558 5061 5869 3276 7027 9054 6923 3805 503 5966 2770 7699 2610 1901 8791 498 7499 8827 7737 2445 224 794 9154 2736 6172 1191 3080 142 2417 6092 5333 1377 2609 1040 5182 8976 3447 4087 1167 5341 9550 9213 560 9520 3570 6838 3843 5539 602 8824 7333 9525 6318 1182 2193 7896 6817 7435 3555 5482 7027 526 3843 1760 1738 3934 5759 7173 4448 9023 6681 7650 8990 4921 8941 775 9823 2324 7675 4931 367 6477 602 2301 8543 2560 93 1333 4178 2587 7293 9076 4204 9500 8382 6269 4232 2504 5352 7539 4061 8512 6991 700 7262 3041 9227 7177 692 2434 9696 7630 4260 8944 6045 7412 9663 5716 2735 5976 5863 6478 7287 3931 7659 714 467 1494 3989 402 6031 2843 4203 259 9558 2873
6407 817 3614 9244 813 2697 2741 0 2750 8953 7735 1592 7995 163 4889 2760 4485 8770 4370 8465 8023 235 2368 5221 5062 3579 2114 4934 2483 2380 6037 4148 9398 760 9431 3795 2119 8724 9299 6260 2547 7555 4465 6529 5355 8527 2045 7382 8392 2184 557 2314 3092 1082 1295 5379 7807 4596 6459 213 4200 1190 9044 5066 4465 6708 3906 9625 1534 7596 9224 5408 9714 562 1511 9469 9391 1004 1161 9004 5517 5727 5645 8637 3609 1059 1256 3278 38 9432 5252 9963 385 1806 3984 984 5238 5354 7591 1104 5819 3593 5581 3346 582 3200 5633 1688 7693 467 834 431 4945 4509 4064 8045 2772 1320 6757 3159 985 5590 9668 5957 3870 9805 579 2331 9977 1043 8092 2583 6875 5837 5103 8741 32 3572 2489 1845 8083 3835 8073 8539 3399 3777 5973 9816 4164 9095 5178 4650 9238 1754 7468 2145 4730 2813 989 9482 8677 1892 7852 8288 2833 7613 6099 2061 9073 321 8609 3506 4263 3989 5776 4553 1153 9477 4365 5690 6940 7018 9000 2562 5557 8009 2052 3868 6195 1068 1529 2026 3886 8900 8772 125 2040 6320 740 1714
4822 847 3996 5359 2885 1212 2844 2750 0 4619 7461 4039 6732 1585 4336 391 1626 2634 9335 3547 4383 7489 9594 1547 5705 3988 1619 5156 502 5221 1237 4347 7099 8599 5276 9790 8941 8430 9491 7168 6478 3868 4084 9999 2184 7239 1906 9561 8991 107 1200 2444 4968 107 6914 1873 1685 363 3320 8049 3370 7552 6346 5503 4117 2038 6608 8360 8512 1617 250 4380 6387 90 6342 1067 3942 1491 4194 6817 2250 4829 4418 5777 3939 8808 288 1969 9072 1627 2482 9357 3393 3537 36 3270 278 6502 7362 8077 3503 1238 693 7523 9732 2952 7170 6482 7588 354 8441 8223 6827 842 3482 7389 1007 49 1477 4280 6551 5285 8519 1220 490 4304 8386 3150 7051 1519 307 7607 6272 6012 3358 7623 1428 2520 7849 2926 6591 7980 3971 3011 5095 7328 6453 8633 1958 165 8432 6218 6710 8432 192 1183 7378 6070 7681 4248 1605 3675 7628 1472 3798 8833 5311 436 8200 2934 1561 6629 4684 6454 3848 5421 5839 1825 4516 3741 1389 7052 6001 3703 8547 3350 1278 2066 7066 723 23 4969 8292 6865 8719 6118 4409 154 4230 9459
5056 2779 9214 7220 5985 6212 5818 8953 4619 0 7556 1203 1170 7038 789 7982 6208 8833 6652 7275 2211 2982 6996 4020 6020 1632 5678 6290 1048 1413 7503 461 7236 2831 9190 5605 8812 1894 1645 4376 8863 8661 5551 3756 1282 2788 6391 8877 8738 5770 2388 9956 1788 775 9862 319 7522 3873 958 4114 838 7404 9832 2424 7539 4498 5743 7850 9357 2198 9022 556 5285 3946 5621 1597 1690 9137 2819 8636 8008 267 7248 3916 6359 2598 8051 3188 7254 3246 7024 8403 9643 4577 6044 5447 9186 7331 6354 4224 4298 3364 6014 6473 8016 7288 5091 3852 7595 6965 5323 5020 5831 6078 6129 7563 1602 938 2601 164 95 6010 7743 6472 6973 4602 2724 2244 3532 8294 6130 3684 5585 5280 6467 2593 6077 6299 2485 4701 9923 3343 6836 5684 1581 1316 6343 6919 7995 9144 9975 3879 1363 3437 1080 5362 783 9700 9684 5566 3822 7356 3965 4417 2446 5121 3234 7748 7445 7289 7633 6313 3952 8799 2086 10 947 2093 1586 1190 6189 8892 7761 3404 2483 2370 8677 3965 1710 2781 7601 1687 7168 2302 485 7135 436 4275 1187 5221
2165 9176 3146 4598 4103 4763 4943 7735 7461 7556 0 5625 6521 424 5845 9043 2226 3877 7032 6073 2357 327 1084 927 6374 1908 1442 7713 6919 4464 5003 9555 2464 5774 5360 1289 580 2585 328 8227 6056 1289 713 7855 3962 5391 5685 7503 5552 1645 8734 8608 6918 36 1605 4658 8853 783 3570 9219 1054 3724 5093 6628 4498 8614 5560 9697 3548 3671 8126 6094 9195 3316 2794 8841 5887 8556 5215 6263 5332 553 2095 1251 6249 6955 6443 6882 8323 7976 3226 7311 8068 761 6049 3413 3507 7944 7151 4659 9583 6341 5154 9237 3248 6740 1096 9381 3598 5003 7234 2122 976 6935 3778 483 2936 5254 9725 3330 8853 1955 9564 1000 4382 2660 847 2073 6593 2098 6581 4619 7276 6335 9302 2056 4019 4296 7304 6561 5445 3441 514 8503 5081 8390 8673 4772 204 7859 4840 7958 8682 5666 5919 8489 4360 1919 244 4983 7569 2317 286 3688 9810 6694 6951 1463 2277 3198 4815 1943 9306 7307 3431 4605 5373 3476 7113 423 6282 6609 8121 209 6092 6238 7066 5669 9164 9543 7067 693 3206 6205 2850 6045 6562 2924 5042 429
1363 6671 6448 7513 9301 1907 6247 1592 4039 1203 5625 0 9410 558 2463 510 1921 8548 5428 8940 3553 7262 7598 2268 6257 1174 7896 8448 4666 7066 9200 6677 623 9953 883 4806 8759 820 5349 6447 6906 1612 4761 3371 7523 1480 8093 9033 3628 1001 319 3072 9047 5966 1200 6956 1466 9881 8531 2013 6162 4416 7011 7755 4861 151 5676 39 5786 7414 1056 5807 8685 2407 1987 4844 8899 8338 5325 598 480 6954 3957 7087 5156 5271 4843 3378 1912 9401 6890 9546 2276 4409 7100 780 1700 90 2964 4734 3942 1432 9901 621 8973 2371 5545 4473 1055 4662 1249 2417 1076 6266 6432 3787 411 4383 8242 9084 7430 8963 3509 1585 9881 3762 2134 9098 5957 8778 5196 951 2405 2266 2544 73 465 1677 5112 7513 3486 8483 7206 3898 6993 6343 6883 8839 3536 2861 8239 2084 6563 1792 9396 3684 2133 7523 7150 2664 1857 6482 1538 8261 146 5847 6049 160 4064 8355 1361 6076 7985 7792 4792 2268 9303 3346 4050 6379 533 7769 8962 9886 9160 195 3133 9645 4380 4405 3748 5720 2998 1420 2789 7877 6374 1499 6124 8729
8827 356 5559 1456 5465 7762 8846 7995 6732 1170 6521 9410 0 9045 6136 1083 2102 8805 6614 7887 1037 4142 2717 3854 838 4882 5836 4049 1380 2321 467 7559 4152 4298 6136 6048 1855 3664 6855 8710 3346 8999 4647 1855 938 1045 5779 2109 1475 2423 6231 8447 9369 9429 9979 6733 4599 6517 6043 5452 1617 7136 7614 7518 1596 2667 9907 1653 6055 7375 1927 4767 2458 1230 6080 9202 2305 4229 7686 509 9688 3178 1671 3037 7099 1241 1345 4147 3902 4877 936 8192 5764 2577 4458 9735 8169 2709 3725 3347 6541 4841 45 430 5123 454 9980 8526 5475 4993 5082 9245 8132 2515 2984 1591 8490 4884 3323 5677 7131 5647 493 4922 5902 555 734 9318 1980 6232 4412 9200 5527 473 1152 9778 225 51 2707 5393 9418 9773 5342 7953 1200 800 1749 9786 9291 1187 3131 4247 3335 1680 5315 3190 8537 8394 8622 3558 3002 6768 4183 1206 1051 6751 2156 58 1253 7684 7685 1957 3942 2695 6871 1024 7857 6465 48 4393 5505 6117 5367 8187 4491 325 135 205 7891 3380 7800 1374 9821 5262 8746 6036 5324 3591 6114 8692
7347 7303 5901 9248 2706 2216 5449 163 1585 7038 424 558 9045 0 1588 465 6824 2329 6265 5641 4914 4625 497 392 1309 2031 9979 8327 9347 24 5139 6288 9478 7349 7340 1893 3743 6256 3944 763 3883 3205 5718 1725 6832 2818 7173 6513 2864 9824 5736 5760 4216 7161 2664 775 5256 3931 3737 8485 9150 2892 3154 6253 308 2679 656 8020 4636 8576 2310 2880 6292 6005 8391 7712 1214 1250 5807 3253 3166 3989 5848 3484 3489 2807 9640 8102 8675 3591 5013 2662 9065 3437 5411 5853 9264 5122 7127 5861 3826 5545 6229 8700 7908 4889 7139 487 4991 1060 9166 8722 5121 784 2538 2218 5130 5869 8081 3038 3430 8179 6409 593 6946 4556 3767 9022 5915 4582 9528 8477 1372 4187 78 5840 3230 7513 863 7261 6722 8533 188 6835 9807 2999 582 5568 2124 8279 883 7354 1253 8827 5213 7970 4156 3773 9961 1186 4245 8955 1633 8649 2079 1569 9928 6783 4542 3350 8606 40 5740 2826 1345 128 727 3211 5945 8351 2155 7299 8362 2240 7001 3071 2406 2042 3194 8617 7636 8327 3931 4671 1690 7668 7938 5359 2760 5343
8333 4119 2709 6756 497 1037 5309 4889 4336 789 5845 2463 6136 1588 0 1509 9401 9146 5708 1410 2441 7921 8128 6426 2858 7170 3591 8963 8168 1864 5184 973 7792 2191 6161 1499 6906 27 7022 1924 7188 1786 5230 432 1390 5855 4685 9515 3379 9735 7457 2941 1209 3996 9740 3786 1127 2694 5699 5201 8793 1061 7320 8844 5303 694 957 8149 689 7690 559 3663 1898 6806 865 8303 2797 4212 6415 7627 3300 5193 9281 7622 2477 942 5887 4348 778 2651 7571 2337 7969 237 3070 4717 9682 8572 2990 2619 2171 575 7619 2514 4003 2660 9748 4361 4538 4291 5234 9913 2173 9902 6579 7505 3202 1603 1850 4434 1660 6866 7453 9620 7359 5077 6709 8987 9237 7365 8480 9789 2398 6741 8775 9546 4884 2349 1588 5255 4218 8429 964 5048 7716 5627 1426 5479 7887 9721 8737 5431 8885 7845 8425 5080 7695 6703 6344 627 9024 4488 9889 9234 9977 849 5315 3530 8035 314 5531 9594 8494 3251 2532 9791 4457 461 6805 8164 2558 8447 6886 3971 6521 6595 5035 7474 108 601 754 3724 6888 4369 8698 3313 4128 9445 9187 2312
4858 5769 2601 2526 3504 2942 8095 2760 391 7982 9043 510 1083 465 1509 0 9297 4006 8398 7567 3461 2690 933 8069 1931 965 2114 1772 8291 5758 583 3354 1222 9565 1632 4067 6459 8129 7552 1523 1151 2942 824 5986 7500 2168 6916 4916 6554 2784 6407 3286 8115 3795 3382 2373 8510 986 623 1251 3003 145 6437 1572 1608 6038 4549 2078 7728 1604 9281 5079 3386 3445 5654 8672 3304 3510 7811 4055 4462 7776 28 6003 8659 3512 3298 3035 438 3246 3273 4271 6814 1984 4125 5223 9814 3368 6315 8520 9070 4219 6163 5367 7368 2464 965 4750 1104 8748 213 1539 5843 9904 6659 5146 9951 6658 8294 4300 2253 2991 413 5093 2670 6275 5776 4986 3946 8091 8678 2425 283 4650 5360 8034 6261 2617 1969 235 2654 579 31 6686 7955 4668 2510 9866 3083 3854 5075 5113 5444 5567 5568 7298 1963 1031 796 2766 5577 9730 4549 1763 3284 5412 2575 5922 765 9826 5809 6399 5504 2263 1831 9520 8943 5885 3626 2762 8587 5421 5475 4468 968 3010 9464 4725 1945 5992 4111 5039 2078 511 2910 2004 4877 4078 5329 2134
5325 1501 2276 8810 1863 7702 4498 4485 1626 6208 2226 1921 2102 6824 9401 9297 0 361 1170 7380 7797 3580 8447 557 429 5175 9129 6053 7399 652 2407 3006 2502 7386 9243 3636 983 6116 7035 2690 2848 6098 4974 132 6471 4018 4731 1932 8150 9886 1627 52 7396 518 7824 1974 2221 7598 5326 7391 1469 8611 8627 5581 7036 2538 3142 0 2263 6194 7552 1552 9980 4061 3494 7099 8662 4276 1665 1721 94 6822 3899 1156 5676 9126 2378 7543 658 2728 1327 3726 4929 8134 8672 6791 1336 8042 1088 3529 3744 8477 4818 4288 4475 7961 4238 7095 7424 260 5507 6708 7058 2226 3897 5616 5147 646 6760 6601 2561 1697 4288 111 6789 5415 6583 4312 7655 340 3994 4452 6044 5948 9759 5166 9869 4343 7770 8948 4727 7529 998 6658 6163 8574 4348 8235 1810 5109 7343 8728 3164 77 4214 5119 282 8392 8241 6196 1879 5500 8654 7593 4928 4734 5137 1468 6798 280 491 8577 9733 8928 6522 7722 2555 5279 7296 787 3884 5119 5895 51 638 3442 2645 6520 5431 2824 7705 858 6590 3403 3467 4518 9494 1568 8512 865
7369 3682 726 6580 3229 3972 1308 8770 2634 8833 3877 8548 8805 2329 9146 4006 361 0 481 6343 4759 7698 2546 9246 2510 78 7883 1414 552 8394 7772 4688 187 2167 8191 5717 277 3921 6612 9011 1630 8846 632 3820 195 6649 7668 7782 6922 2164 3202 3645 6112 1659 1595 2872 7238 8430 5002 8863 6793 2991 5705 2444 7332 4451 2640 51 7767 2342 7015 5068 279 5642 1344 479 2243 4399 1697 3829 9622 4517 1819 3095 1810 9418 4475 5435 5771 99 4777 2923 1581 5768 5040 9563 4153 992 2204 2998 8389 5457 7402 5178 5646 5621 7227 1829 7021 394 4214 5363 3550 1799 3490 6602 9109 7240 4671 3065 3231 3469 7134 9216 5488 251 4742 7695 9149 5883 169 1068 8015 291 8155 242 3591 5399 2189 4632 5927 9816 3058 5469 9876 4299 9849 8284 4811 6799 6084 3194 2872 9549 7792 7761 6575 5616 4743 2275 2909 6586 1563 2698 505 4402 1314 3547 3664 9310 9801 2300 1506 9473 8264 2102 9486 9953 759 7559 2188 9842 4630 232 9215 7270 3895 2719 1125 7229 9413 5048 5649 865 4982 8324 701 2298 488 4818
2395 2783 5881 8841 9622 4654 6228 4370 9335 6652 7032 5428 6614 6265 5708 8398 1170 481 0 736 1873 5062 878 5329 7749 1949 1930 9558 8999 208 5241 2989 8006 1468 1730 9596 3164 2020 7592 8813 1198 8007 9537 1701 4863 6851 6615 6019 3125 7641 7051 4564 1181 9647 7223 2654 8395 3087 1199 1011 9564 1790 9021 6496 9401 9292 5452 5466 488 7455 8821 9974 6641 6826 259 6225 7509 59 1932 2020 8160 3731 3415 1681 7812 7111 9651 9743 1840 4072 9356 4318 4905 6965 3711 2669 1205 8166 7585 3213 3286 9272 954 1279 4234 3153 4673 5051 3927 4395 2651 2131 1124 8355 7285 2674 6793 1440 5596 4801 5032 7787 9303 3872 8120 698 7180 7547 1010 9588 4391 9584 7041 2017 4967 1132 9910 2758 6565 3193 8835 3838 2683 65 4673 9545 5368 3943 8712 6275 8574 3310 9962 2877 2521 1452 1371 2416 936 3828 4835 6363 1364 2098 3449 3795 4971 5039 4313 4206 4603 2502 6762 8902 2264 9910 39 9054 3794 1567 8208 3087 2389 8748 522 2352 2645 3799 5343 1029 71 3165 9229 1252 9729 5264 9176 3560 6698 4931
3341 9431 6487 404 6688 2855 2347 8465 3547 7275 6073 8940 7887 5641 1410 7567 7380 6343 736 0 2223 5711 2007 2898 7827 2681 9050 5689 4456 8330 3013 4572 5654 6499 9959 7231 1711 8991 3775 7029 6559 326 4392 5206 4407 8358 5412 833 4500 8154 4987 8676 5886 1612 6733 5079 9819 3360 9053 3722 471 7848 5769 6328 4294 2000 3064 474 3946 7708 511 1347 1485 2808 3170 8914 6575 5535 8009 8726 2649 9969 6785 910 740 6764 8212 1492 9950 7804 400 5868 8176 1536 6781 5107 6223 1563 815 8744 9064 800 269 9531 2605 1272 5592 2560 1230 5161 9262 2803 2750 9935 8716 981 3005 1510 6106 9172 8566 4614 3921 3141 3742 8569 6206 7449 6015 1300 9098 9594 5649 3865 991 1413 4029 3981 8294 2437 1554 1029 4985 8490 5065 7212 833 3241 5424 9954 1614 2107 7333 3330 6025 1710 6259 7674 119 3774 974 7981 8862 4709 713 5493 7056 8921 7369 993 8628 3819 3221 5623 3163 6192 3828 8874 3934 8282 9157 7554 1408 237 1974 6530 7836 1094 5863 8883 8141 5719 8627 8854 9458 9761 8154 1452 7614 3537
9299 5754 4598 5212 1303 4343 6963 8023 4383 2211 2357 3553 1037 4914 2441 3461 7797 4759 1873 2223 0 3514 9674 4920 6092 7637 3188 4710 7614 4718 2994 9653 7101 235 5912 8587 5082 7732 8452 353 1115 6344 4617 1609 8415 850 2858 2483 7677 7305 674 6484 8955 4624 2281 4372 6778 3821 6039 7559 7183 4943 3617 4083 324 5775 1274 5850 707 7143 363 8364 201 2161 2511 3442 1109 1844 2462 2136 6318 1584 5789 7930 1031 2041 552 6739 889 667 1525 7719 7454 7846 8211 7379 4223 3105 8015 1318 6784 845 5760 6103 976 9958 6380 1278 7655 3263 9637 8315 1797 652 3865 9733 7876 8069 8025 1593 729 4071 879 7233 9263 2337 3012 476 3949 8951 2783 9155 814 1056 8425 2946 3418 2506 2048 4862 2760 8210 4862 1569 7231 7497 6874 4779 3137 3482 1 2560 465 1984 3654 1787 5948 7043 478 418 1663 7945 1123 6954 9556 1392 2555 1560 129 1602 7488 1174 817 2033 32 3186 3571 334 3289 4316 3956 5842 4415 7405 9916 8039 7780 5896 2273 6413 622 3298 6768 2092 6102 3391 4456 6755 4993 9099
9190 1213 2247 7192 8534 685 8947 235 7489 2982 327 7262 4142 4625 7921 2690 3580 7698 5062 5711 3514 0 5275 7283 3342 8767 2427 4525 2979 7725 5421 4170 3744 5521 4125 798 784 8204 2823 8890 3265 5359 5892 6919 5940 3277 1680 8043 9163 8456 6070 3818 2430 5130 6404 7384 1405 933 2051 2372 3777 7166 1817 8634 2846 6573 8860 2686 4508 628 6335 3017 6834 2071 4348 9922 7779 7032 8198 4484 5712 5256 3731 683 3042 3313 4637 981 3345 8078 583 321 7827 5489 5855 3793 9595 1302 8234 9272 8158 2489 5564 8229 1799 7943 3444 1655 133 9784 4228 4027 9649 1254 4645 2213 2909 8117 726 5926 6924 304 8569 6924 4550 997 6666 6575 335 3922 8637 7186 9245 6206 4957 3329 3649 5892 4721 5963 911 6651 5249 4447 7218 5763 9116 993 334 7393 710 3719 6430 6623 3098 6209 4112 1888 4541 6211 51 3843 4117 1429 8455 6567 7608 7533 8531 353 4471 3823 4262 4140 5570 8331 2334 2582 3658 1173 6463 3339 6445 9811 232 8690 2143 7264 7846 935 3689 126 5777 7181 6917 3411 5442 804 8642 4806
3224 2000 4672 1140 2276 2383 3527 2368 9594 6996 1084 7598 2717 497 8128 933 8447 2546 878 2007 9674 5275 0 9527 963 5166 2483 808 3530 5900 2061 6747 6401 510 6679 8697 3833 5318 9929 9395 3059 7405 3055 8423 5383 7577 3946 5183 6236 3598 4317 3305 8451 7756 4655 1136 5457 6976 6505 3382 2081 8092 5599 8650 4488 6272 2776 4476 5349 2572 9172 5904 7463 7087 9876 7759 2690 8109 9545 8790 705 1775 9681 2042 6412 1560 6842 9586 2389 504 2896 9608 9380 7982 8212 3654 7396 4909 7266 6460 3803 687 28 2916 1741 2244 8808 5859 172 2218 691 5336 1805 6123 911 1919 2302 6738 1493 5546 2411 5691 9142 6774 549 7179 8429 8055 9260 3851 9087 606 3674 7386 2427 1897 7774 4036 616 6440 9169 8259 5687 5109 5022 3482 9652 2677 4521 8884 719 9319 5092 869 929 7138 1797 153 5447 971 5084 5392 1435 5431 7627 5788 5202 5918 7623 3146 4540 6812 8861 3273 7655 8479 5727 1106 7479 215 8734 7165 9211 9403 8955 5371 7885 4161 6952 2832 6947 6724 5250 7480 184 9078 8546 9813 853 9598
60 4718 7157 3704 78 6171 3329 5221 1547 4020 927 2268 3854 392 6426 8069 557 9246 5329 2898 4920 7283 9527 0 6908 5305 5410 9829 4458 3487 2422 1594 5859 7756 5411 5719 6218 432 5743 3178 6123 3338 6274 5386 9053 2561 7716 5074 9892 2304 3580 4564 138 5783 8769 9441 8692 5609 9618 9396 9963 671 5127 2980 6837 6805 5114 1052 4795 5072 2413 586 6078 7540 4167 8095 6523 1326 7265 2757 5031 2835 2127 7452 9694 3894 8680 619 2244 2441 4211 4214 2509 497 6636 2875 8704 8783 5229 2666 3785 1793 4126 642 8097 8758 8988 3515 6501 2638 4419 9676 1343 8319 6091 1940 6072 9593 5711 4937 7679 4359 5370 8455 2395 1598 1125 8396 1808 9250 7717 5189 6942 8930 6308 5532 7511 3482 1593 8293 2232 2449 9562 7100 3209 4536 1060 9089 6229 9391 1850 301 6599 9445 2941 4523 6289 5176 5365 824 998 4209 330 3196 7586 878 5427 1621 2828 5155 3808 4783 0 438 1544 3872 6385 3638 7780 7384 2527 3876 4393 8402 2091 5573 3004 6185 4351 8402 2631 7162 7289 2611 6908 8259 6609 3124 8536 6878
3680 8906 4844 2806 5830 1486 1284 5062 5705 6020 6374 6257 838 1309 2858 1931 429 2510 7749 7827 6092 3342 963 6908 0 2565 6548 9492 3577 7632 4889 2516 2517 8396 5833 72 1976 2434 3633 3571 4205 5429 7028 8043 2310 3538 7851 6714 5262 4117 7929 2342 6900 7065 4281 2734 4095 7838 6213 3790 5894 889 3820 1205 9073 6745 447 7240 8721 8862 4150 4627 4550 4951 2956 1150 9133 9353 7967 73 3827 7538 648 9078 7138 3187 8515 8910 5754 6970 7220 3902 9602 9059 1842 1682 6042 8850 3771 5077 2237 8670 542 9846 1432 5212 3596 5361 4497 5648 632 5572 1009 6493 7259 116 6600 1252 6642 8038 5681 5788 7378 5709 8218 6239 9932 1437 9508 8819 2767 7542 3346 3772 1772 8754 3524 5904 2654 3405 392 9691 3167 436 74 2253 2554 7840 1405 7800 9354 6578 5100 7557 2932 4720 2806 3900 1044 5563 4425 3352 2622 5976 1245 5417 8059 8147 7369 6608 2773 9926 8149 4384 8269 9001 694 6200 3602 3066 172 8135 4659 9648 8792 8130 4536 3118 3738 7200 3430 4310 2879 2350 7637 584 3017 3551 6219 8008
7420 9673 4614 8989 7528 1851 9527 3579 3988 1632 1908 1174 4882 2031 7170 965 5175 78 1949 2681 7637 8767 5166 5305 2565 0 4452 8530 9460 3146 8812 830 5943 1573 1849 7244 2837 405 5937 774 1807 8145 9077 6961 7644 3152 2812 3913 7089 544 5994 5039 4602 6080 5147 9258 4624 4790 7804 706 1945 4276 9786 2647 231 5062 7286 1695 9748 3177 8700 6759 8800 9590 521 7866 1529 9530 3098 3952 3780 6024 747 112 9851 3377 9140 74 7389 2798 5033 791 2181 4227 3455 1815 5006 4005 9191 7839 9775 3136 7136 1003 2297 7184 1123 9665 4286 5954 3785 7746 7729 7250 818 9446 7634 3965 7016 6541 8281 3243 7579 3049 6061 9644 3756 4557 1033 7669 1083 4375 6494 5517 6284 6492 7256 557 6709 9315 3627 3143 9394 1553 8765 4894 2543 9433 5663 1165 3327 1434 1733 2991 2525 8316 4238 7450 6043 5995 5347 190 6816 2457 5166 6770 8049 4542 1382 1668 1536 9583 8007 3288 4216 4666 9257 4701 7307 4427 7578 1786 6653 480 5946 5237 9474 475 8291 8817 7904 4770 1061 8159 9390 4124 8264 8826 5607 7249
1881 6782 2948 1105 6896 6664 5243 2114 1619 5678 1442 7896 5836 9979 3591 2114 9129 7883 1930 9050 3188 2427 2483 5410 6548 4452 0 3362 7295 7083 9628 2188 7635 5883 5144 2489 9584 4231 4678 5974 770 3983 2973 7551 7413 1660 6441 4346 1250 9083 2153 5013 9406 5114 7725 6270 5676 4349 5076 8405 6216 6156 923 8881 2393 9513 6042 1938 9292 5198 4745 9709 5163 143 2363 2008 3068 5729 7757 5961 8348 2973 6042 9535 9480 8392 4318 3822 9083 2518 215 978 5202 5116 7854 8063 6859 5360 7228 5261 4244 118 2877 2898 9614 8508 7830 179 9062 6132 7909 9304 9881 6109 1741 2416 2432 5116 3627 3461 4909 4801 1981 8992 8090 1834 2911 1639 9407 7077 1013 8394 7693 4575 5223 5308 6900 3305 1024 421 7077 3991 6771 7280 7154 3989 3357 6555 6564 1856 9120 3645 8812 939 9356 3553 4460 6317 7586 8111 7568 1437 919 3459 9311 2537 8833 3337 5292 9190 7673 6733 6508 5428 526 3490 2938 6623 9536 9829 9049 6149 6867 5902 8781 5812 6587 4151 1542 9992 2589 2718 5852 3485 8695 2669 1287 3854 9932 4975
4110 4637 7943 5383 1731 8151 4583 4934 5156 6290 7713 8448 4049 8327 8963 1772 6053 1414 9558 5689 4710 4525 808 9829 9492 8530 3362 0 5441 4365 3173 8205 5371 9572 8919 6136 2537 2619 2397 1119 8102 4280 234 6502 1087 3997 7323 8861 5799 9059 2173 7465 5014 938 211 1184 2795 8196 7575 179 4713 3577 4285 298 7301 8118 5412 815 9210 9333 9484 9608 4119 8229 2517 1485 8965 3770 1808 2724 3937 2898 5180 4533 8965 1875 486 5100 2674 64 215 4503 5859 6870 5304 8564 966 728 5421 1805 6787 4767 6245 5805 1817 7937 9543 7500 171 6828 5488 9813 389 3968 7747 6270 2295 2731 9372 4686 8352 7645 8367 9554 2666 7511 4295 5324 7735 397 8385 1061 7084 8668 6380 9603 8319 9380 2282 7015 7359 7812 9941 9808 9155 5905 4944 7360 7852 6470 8923 8125 6560 1188 8517 7939 8452 3326 7782 1423 7238 3141 52 4824 1825 3728 5334 2669 568 8483 9105 4926 435 1056 8974 6360 22 698 5279 8533 7561 4824 6873 7950 6791 2557 3076 4968 382 3291 4789 2804 9399 1379 4476 3757 4397 4547 353 8813
1415 4406 1620 441 862 7089 7172 2483 502 1048 6919 4666 1380 9347 8168 8291 7399 552 8999 4456 7614 2979 3530 4458 3577 9460 7295 5441 0 3024 2565 7767 932 5463 7044 203 4433 551 4408 8915 6266 145 6022 7619 6173 3264 6498 6134 3803 7975 8687 1870 7681 5005 4737 4361 1668 2430 874 9301 4187 425 4650 2092 5510 3727 3324 7409 7553 8474 6569 9480 8012 8253 2953 4874 7603 5429 8895 9670 3296 3076 1327 7118 4174 262 62 2878 8381 8175 5022 2384 6127 4878 1226 4887 142 5362 513 993 6396 9512 8459 9088 134 1345 7773 1720 1684 2148 9861 4960 7902 7687 7499 5446 8527 8822 356 605 2974 2484 8783 1519 9081 4722 9747 7380 9285 1033 4892 7357 1077 9946 4154 6205 9463 2202 1471 4355 5626 1728 1880 8232 9849 4517 2995 7120 9907 6636 6192 1858 5592 6624 1486 125 1792 3622 3676 1705 4832 8972 1453 7750 1143 3884 8397 9049 9563 9284 3241 2335 2038 614 5481 4652 6536 5525 4578 5332 4808 9719 7283 5893 8636 995 6723 5233 3269 3919 4801 1425 3207 5228 5780 8274 8716 8515 6821 9983
1155 1617 9775 9051 3340 8926 4230 2380 5221 1413 4464 7066 2321 24 1864 5758 652 8394 208 8330 4718 7725 5900 3487 7632 3146 7083 4365 3024 0 3217 7143 7048 5086 8180 1954 6216 8815 7058 7827 9670 1075 299 1620 6605 9104 3445 525 8529 4192 1299 9011 7098 9248 1353 8873 2336 4253 1841 1566 705 1983 2278 2535 8330 3704 6940 9311 8994 8382 1596 2828 3016 5430 9566 7504 5673 2760 996 8270 6456 6496 9517 351 7929 7566 6433 8559 707 5327 8936 5108 6413 6646 6485 4214 3623 9836 3332 3356 8806 4806 2044 9658 6145 8611 7889 1462 6701 3939 7360 9234 4415 1387 6035 5449 8793 3064 5737 2547 5974 3849 1121 3050 2670 6709 5955 501 3061 9585 4002 8172 3564 4493 4609 9156 3193 7103 8707 2215 5613 8810 1506 6280 2924 7129 9682 445 6096 3893 3954 1529 891 8378 969 6870 526 1766 4263 9825 9326 97 5027 3043 3647 6455 747 2272 9770 9255 5373 4066 2330 5114 359 9465 4512 7121 9986 1428 7898 3877 291 6617 1025 1842 3307 2024 3972 5455 3865 8155 4870 9803 8757 924 9619 3410 3286 4780
3348 988 5324 6532 5064 7973 7335 6037 1237 7503 5003 9200 467 5139 5184 583 2407 7772 5241 3013 2994 5421 2061 2422 4889 8812 9628 3173 2565 3217 0 7254 5163 3742 7539 5506 37 2887 8787 4603 7863 3146 257 6642 4665 346 1414 9366 2388 8861 2702 7148 9493 9804 3919 7765 2999 56 6836 4204 2319 3140 352 1381 7160 8533 3979 2935 7669 334 8473 3411 7731 8976 5199 4475 2426 3311 7315 344 3827 1625 3065 6089 6371 5598 5460 8773 7909 8463 7359 7142 5887 8250 1330 578 9808 2440 7481 1885 5698 9434 1829 5490 1559 7261 715 1327 8615 2411 4029 5335 8194 3323 3194 5456 7566 1702 5144 795 465 5564 1445 8182 8558 2354 2050 7204 8201 2518 5257 3078 5854 8083 7190 8381 7944 224 5569 5232 7630 8093 9126 6487 230 9530 958 4120 2631 432 2781 3496 2758 6055 5222 9084 7150 8676 7652 3185 6827 8119 4350 3204 8231 9367 6121 7635 9841 3911 1978 1348 4555 79 1835 1536 7309 1659 1847 1315 871 5340 4825 2141 3576 4875 372 5728 9175 96 9933 1103 4450 5431 5441 9354 1306 4407 1863 5975
8238 8285 7680 2556 5693 2311 535 4148 4347 461 9555 6677 7559 6288 973 3354 3006 4688 2989 4572 9653 4170 6747 1594 2516 830 2188 8205 7767 7143 7254 0 8190 4272 766 8414 3449 798 1225 6656 3115 337 8133 1011 2667 6086 4959 9588 2680 463 2296 5281 1613 8523 8780 1617 41 4969 99 8029 7423 265 324 7550 8794 3993 4813 7441 4288 3131 4569 4892 5681 700 6543 1247 716 6978 6677 3666 28 9076 818 8979 2172 5955 1942 202 6044 7635 2198 6917 7915 1080 7009 7040 4653 4967 2945 7989 331 8485 8118 2313 2671 9932 5960 5067 9675 3217 7401 5723 7890 2144 2183 4054 5741 8073 677 849 5621 6595 8558 5244 28 701 23 60 747 2540 4776 8309 7472 4461 1098 8249 5386 626 1271 614 8642 754 3492 5525 7599 2358 2147 2292 5450 3702 6405 9882 5732 5069 2448 5156 773 9786 3633 6359 9709 4602 2801 6167 3742 4993 8784 2151 6172 7822 8153 6505 5672 1531 998 2266 3876 3819 5832 7426 337 6154 4622 414 3584 6833 3398 6373 3674 8720 7135 6791 2865 1198 5193 2429 3465 9701 4023 2713
1199 3020 1073 4679 9820 6141 2304 9398 7099 7236 2464 623 4152 9478 7792 1222 2502 187 8006 5654 7101 3744 6401 5859 2517 5943 7635 5371 932 7048 5163 8190 0 744 8870 3781 712 9809 1296 7743 136 9969 9827 4532 115 9128 2296 6821 1129 2044 5092 3638 628 3180 7358 1351 2144 3164 7366 736 9329 2869 7365 8778 4309 2460 4599 1547 4200 7712 1491 9314 270 5616 5197 8121 6790 2447 3131 4692 5762 2112 4688 8342 3988 4816 2834 8376 4178 3656 2371 4100 9224 6673 6319 9656 9046 7249 9858 6200 3714 4283 4976 7790 8170 1238 8743 3763 1406 4295 6638 7640 1434 4635 9859 9012 6480 72 8995 9551 867 7979 8947 139 9280 751 63 1702 5399 1697 7385 3418 2505 8014 1963 4258 6793 8326 4569 3389 7698 9909 3670 3502 1323 8412 5801 7417 2629 8886 6392 5655 6945 9980 1235 2112 796 8251 4857 3986 2808 2157 3498 7620 1637 6628 643 4628 9431 8553 5836 2835 6072 4206 9676 815 2942 93 7917 5529 759 6723 1258 6477 6256 1249 1699 1740 7661 984 879 7899 3175 1399 8215 4832 5148 784 5306 5497
3404 341 12 8471 4706 1044 2019 760 8599 2831 5774 9953 4298 7349 2191 9565 7386 2167 1468 6499 235 5521 510 7756 8396 1573 5883 9572 5463 5086 3742 4272 744 0 4265 1051 6099 1169 973 2287 2612 9823 4025 5559 672 8541 4732 6173 4823 7815 8064 8240 2936 395 721 2981 8199 2128 7680 5585 1362 7829 8267 6032 4378 7530 8507 2634 1526 7380 6904 4940 2591 7508 7510 401 3266 6370 5327 708 7880 6572 3413 6824 9333 8818 2213 6530 8586 7090 2319 4265 2731 8170 8564 6760 4581 2909 7669 6076 4456 6468 5907 2818 4404 9300 1110 2032 4154 8195 5727 6654 8008 4058 3387 6072 11 880 9658 3736 8321 748 5375 7277 9460 7478 5331 501 5134 8968 7739 4016 5099 1429 629 8217 4803 8359 3840 7025 5898 8949 3427 9251 7542 3735 8475 7078 6481 4769 5598 3100 7338 8133 108 9165 9340 9071 1105 6993 5502 8962 4555 1260 4639 9915 2705 7788 6392 5862 6330 2266 3204 8960 4795 5731 5952 5488 2101 9685 7918 3602 7749 3300 3718 6776 3897 6322 1096 926 6546 9493 8175 2181 9915 5462 2558 4310 145 979
6764 5682 1272 3083 502 7688 5065 9431 5276 9190 5360 883 6136 7340 6161 1632 9243 8191 1730 9959 5912 4125 6679 5411 5833 1849 5144 8919 7044 8180 7539 766 8870 4265 0 4252 6829 6943 6881 1414 2922 4303 4951 1248 14 4182 4631 7690 9618 7838 3111 4553 5077 240 8884 5984 8163 2792 3407 7931 5535 3966 1098 9496 5714 2417 1224 1906 3887 8668 7087 7937 8318 8708 8961 1943 2842 5730 9870 7972 8328 765 4526 6364 7946 2923 3589 9978 3462 2142 961 5473 8527 9623 781 6737 5272 5290 8681 3853 755 4885 5833 8513 3366 2274 8653 9658 3401 1354 8907 9876 2893 3790 6403 2640 2098 6685 7024 1321 4564 7838 5039 126 5083 1670 5122 5531 8227 5727 1358 3315 7909 9274 6182 3885 6304 3965 76 9588 1834 4312 2809 367 1159 6214 4048 3520 2877 4985 7671 9363 456 4687 9424 5579 5785 1747 7005 452 9337 2349 4704 552 2089 7061 577 6864 8556 6950 1690 8950 3800 96 9510 433 5252 6721 5662 5829 3844 8491 8400 7754 6091 8249 774 5372 5599 9982 1507 6822 7810 4980 5139 3329 8880 4799 8172 6952
9697 8368 7307 4307 104 4108 4025 3795 9790 5605 1289 4806 6048 1893 1499 4067 3636 5717 9596 7231 8587 798 8697 5719 72 7244 2489 6136 203 1954 5506 8414 3781 1051 4252 0 4420 6453 1722 6795 6560 3416 4678 7333 4610 8444 2264 2478 7713 6241 2198 1660 6459 4596 4264 1611 6120 7923 2533 2601 4429 3040 8781 347 1377 6124 9813 2162 2373 9844 3709 9573 2347 7003 1632 7604 5248 1165 7892 4482 7869 9365 6246 1120 9690 9045 4102 2370 3711 1802 4752 4975 6731 2609 9958 2789 6627 4063 5203 62 5483 6394 9192 7293 8514 5999 1871 6919 7442 5243 2105 4659 5070 3685 958 6887 3451 6604 4640 1374 3766 4814 1403 8118 5360 1519 9321 1263 4764 6094 4791 5425 2467 8185 8359 3316 4011 9378 5260 4670 9111 5957 233 4133 2716 7080 5094 6579 9249 8759 6538 3699 8135 3040 152 2046 4706 8184 1371 3231 9487 9091 3977 5467 4333 385 2663 4785 7363 5458 5071 3527 1304 2693 1577 7067 1372 7268 5012 6881 2004 2944 1644 8957 7346 7202 7988 1222 1670 9921 6847 9893 5975 3035 6782 8164 1381 1153 1109 2375
8418 8648 6792 1384 7191 6829 1146 2119 8941 8812 580 8759 1855 3743 6906 6459 983 277 3164 1711 5082 784 3833 6218 1976 2837 9584 2537 4433 6216 37 3449 712 6099 6829 4420 0 6188 2792 7931 7616 6497 1922 538 2149 3097 9882 5962 6928 5502 4373 6957 2191 7337 2617 2289 1502 8144 9085 8098 7566 412 7534 9576 1701 6464 5022 6078 9474 7406 9969 829 1490 1236 5937 6715 8108 9058 7508 725 7775 4590 7342 4536 2671 5958 9968 8081 5267 2415 8630 4485 9882 2741 5053 4515 9746 4028 356 7290 9 6663 5436 4162 2264 8673 6348 4757 1904 4745 9503 6775 5429 5517 2699 8997 9226 4477 1266 3082 5878 9865 1007 4308 4037 3294 9335 6245 9834 5363 8336 7182 3016 1553 6072 2885 3862 3128 6824 1787 6788 5181 6567 8087 6401 3149 8134 3208 2501 6520 4183 6345 7774 4992 70 1212 6800 273 3355 867 2407 4618 1902 1780 7900 5019 957 1027 896 5206 1079 6491 606 7013 5399 8038 2426 998 6357 4992 1204 5231 5153 1753 6800 8738 5659 2510 5661 4510 95 1652 623 5413 6107 3040 3716 4599 8564 3118
581 2431 7928 1712 6793 7128 7008 8724 8430 1894 2585 820 3664 6256 27 8129 6116 3921 2020 8991 7732 8204 5318 432 2434 405 4231 2619 551 8815 2887 798 9809 1169 6943 6453 6188 0 7062 6004 9783 5720 1329 6008 4437 8496 5913 745 2875 6133 9300 2814 7699 397 6806 3833 691 9149 9166 9456 5118 48 2598 599 1705 1669 8239 2495 7381 6363 8560 2063 9983 284 6787 2646 5092 2429 599 7952 3976 8722 1090 9990 2748 6700 1306 5623 232 2904 1086 3738 9085 4076 9854 6980 9495 1086 2794 8469 2471 3506 7648 1514 5965 608 4670 6310 4946 2756 6792 9006 9332 4285 1191 231 1461 3166 8752 311 2658 6508 2988 3922 5191 6621 9759 3339 8773 2611 7109 9426 138 2802 2069 1993 1780 3338 8268 5274 429 4097 6162 4835 9850 9975 1786 8438 8865 9053 2910 37 6707 3119 7757 3202 8096 5803 6822 4423 1117 1662 2776 5497 1381 3028 8171 574 4016 6420 2439 8681 7424 2007 8973 4584 6804 6478 5130 5557 6576 1228 746 6079 4925 5300 1964 4572 2809 5554 6728 1343 9621 3469 1385 4235 1809 5893 5225 6573
5930 5988 3339 723 607 2554 8784 9299 9491 1645 328 5349 6855 3944 7022 7552 7035 6612 7592 3775 8452 2823 9929 5743 3633 5937 4678 2397 4408 7058 8787 1225 1296 973 6881 1722 2792 7062 0 8264 5444 60 6604 2091 8300 9483 6544 7700 793 6146 9019 4880 2907 6920 644 9212 4721 8806 475 5715 7591 7973 1430 5217 3366 8516 8306 4614 1501 4779 332 8628 8246 2516 4458 6717 407 4471 1221 8443 5077 3086 9203 7401 4374 3307 473 6929 3163 4642 4706 7979 8710 9874 4533 7577 8211 6767 362 3503 8591 9864 8687 4577 1282 6639 6511 40 4614 8848 7353 1675 5278 9989 3994 1665 5187 864 6330 3349 43 1630 7370 823 2764 4238 8830 3222 7846 7479 2220 2828 3053 1933 5542 3260 5466 1699 5876 3633 5781 2141 2057 3447 5901 8252 4185 6061 1189 1479 3472 6134 6228 4726 3076 8855 1357 2298 3936 5471 6658 1429 4767 6515 8931 3460 1729 838 664 526 839 5354 2834 9976 4584 573 6565 1471 3518 9132 3592 4703 1498 8494 6260 6503 5753 2261 6423 1873 3961 1786 8340 5249 2838 7772 8526 11 3620 521
945 483 3234 3807 4976 9564 6139 6260 7168 4376 8227 6447 8710 763 1924 1523 2690 9011 8813 7029 353 8890 9395 3178 3571 774 5974 1119 8915 7827 4603 6656 7743 2287 1414 6795 7931 6004 8264 0 9968 8410 8744 4676 2774 2124 6191 8318 6309 7274 4922 7339 3096 9735 7885 7475 7282 8461 4693 7375 7298 3854 1996 5423 614 1203 5010 5781 3545 9206 4555 4139 4789 4868 4568 5310 4891 4839 9956 8331 2633 8264 9704 9019 1226 8930 9750 8818 1664 163 7892 2361 5145 8455 6434 5139 9381 2248 8908 6920 2740 1406 889 2501 6028 1430 3800 5189 124 939 4645 4727 4132 2553 567 9181 2446 5861 707 2596 2224 5393 9494 5647 7712 8993 827 2679 1742 529 9207 5825 9087 9051 6127 5831 2780 6836 1644 1674 4730 8527 2802 5014 1448 746 8765 5034 1226 5857 908 6642 6508 4361 4120 8515 2239 2493 7861 4811 5031 7849 9523 2971 616 8043 5062 2807 2115 3793 8388 2197 2373 3807 2083 6288 9960 5087 5974 1834 3095 9421 6922 4857 5129 5807 8068 5901 1617 2158 900 9461 8583 7571 1344 2063 7559 6369 5916 8795
7168 2229 9524 4273 5873 2057 8503 2547 6478 8863 6056 6906 3346 3883 7188 1151 2848 1630 1198 6559 1115 3265 3059 6123 4205 1807 770 8102 6266 9670 7863 3115 136 2612 2922 6560 7616 9783 5444 9968 0 9125 6948 3674 3940 4066 14 4269 2082 8810 8504 3808 9473 9902 631 9342 9582 1173 8273 5337 5828 1893 4786 7734 7398 1314 2332 4566 4027 593 5737 3095 8713 85 4142 6257 4105 2627 9798 2160 6399 5255 5065 6219 5720 9079 827 511 5294 8761 5416 3696 4015 4094 4068 5013 958 6131 2706 7281 6496 840 3230 8358 8592 2327 9277 1584 8471 19 551 5092 1403 2953 4967 2752 603 2728 8223 9962 2582 8566 6048 5537 9195 6789 4638 567 4147 52 7247 7578 3062 7142 3185 7946 5 2588 8918 9498 4334 3188 7276 2152 8965 7789 1575 953 1054 6475 7219 2880 8857 3364 6415 9552 6914 7233 379 1240 7174 7925 10 7280 1125 9482 3970 7281 817 5650 3984 7780 1001 5645 5093 7551 5876 1488 3570 4365 2301 7605 5738 9747 5731 5762 7007 626 6340 721 2941 9584 9416 6271 8727 5243 3354 1500 1914 2474
