250
0 8549 7172 8255 1113 9659 2399 9152 4940 8737 6989 2467 4814 3268 3167 7570 7730 1335 1518 6830 4426 5540 8931 9234 1831 6033 4784 5140 4000 1214 7767 2831 846 7412 3022 5466 3795 3417 3492 7587 4624 4725 2433 48 5135 7751 2748 8703 5451 6285 5732 6750 4416 6769 574 2452 9504 4632 7894 9999 7435 2417 6295 3922 7 4294 1862 9974 8600 4748 4763 7422 8099 6058 2052 5998 6607 1379 2419 9400 3946 6915 3824 2236 4463 9058 7717 3423 1491 3268 8493 8561 1963 5771 4409 9393 5040 7379 5005 1784 9870 6125 424 5969 5492 1223 2141 2151 9398 3388 1040 6386 1174 2284 1107 2097 4015 2625 2400 4980 1329 7668 3536 4111 4598 6296 2579 6886 95 2648 2369 2911 1989 8134 2440 2716 5089 1704 5368 4160 244 8153 7963 2597 6357 907 9494 3602 1804 6891 9811 9324 589 4968 1925 6056 8610 584 5301 5028 815 243 2635 3112 9795 7254 6326 1187 4095 2532 1494 3109 1318 3875 5947 9337 9050 3268 7734 9208 4651 5678 670 4009 6619 275 8795 1036 8153 594 3523 3477 7884 9624 6957 9970 9519 1304 9551 9106 8528 8784 6422 2140 7031 7177 4682 9576 205 3240 6226 5061 2005 9536 5231 6925 7751 6572 3770 5625 8947 6579 7283 7848 7111 1176 6607 3820 4335 3181 737 1116 1073 8429 8209 6294 4021 6212 9379 5568 7528 1664 9932 2757 7961 2880 7158 1681 9531 6380
8549 0 5054 6586 3552 6610 9978 4088 9698 4977 1831 9946 3488 8882 7011 9789 627 5274 4354 3527 1363 2640 5841 4651 8200 649 5610 1703 5716 8174 6412 7754 1783 8452 9436 765 9012 9524 3191 9764 3845 7935 756 7767 3502 8917 1293 9483 5453 1491 4326 2439 2193 4232 6080 2009 578 4012 968 2338 8676 3996 4532 5842 5910 6127 50 8820 118 3825 4489 7385 7870 7301 5529 5336 3805 1238 9196 1902 8350 5417 969 5750 210 3522 3483 9336 4691 1294 4987 1282 1275 6181 3054 7760 8681 7072 4903 3847 9815 5903 8985 2150 1844 5610 1988 3659 236 9489 793 5732 6900 3463 508 435 9934 2318 7102 3530 5527 8681 5598 5768 8977 3532 6267 3068 5589 5131 7169 4339 489 6838 8031 7477 6105 3281 4986 1048 2456 2328 3347 5308 3226 796 1911 4761 4914 4455 4389 1252 7632 657 4297 7398 3203 5348 3429 3537 1659 2215 6667 7992 967 9513 2661 8956 7708 7007 9725 3406 6432 1371 6699 6528 8689 2137 2245 4614 7441 9715 4440 510 584 6669 7353 4627 2460 519 5956 4501 8708 3932 9479 6514 9503 1647 461 2199 8816 4822 8851 3597 6686 4665 7292 6941 2107 3030 5004 8096 6203 6745 4905 5654 9424 7944 5729 5701 6640 7140 1101 9499 6229 5102 4250 893 6542 2943 4712 724 6840 4653 2846 8162 4145 4938 6510 5653 7447 863 5196 8594 4897 8155 4579 6 2922 1126
7172 5054 0 9260 3877 1121 9436 7376 9430 1695 9763 2560 3366 7747 2628 5679 6508 7236 3262 753 4649 1565 5652 6503 5332 9881 2059 7440 1225 4171 2427 5066 2271 9006 6294 8331 9239 6267 1856 9295 1912 4498 8014 6915 3365 9679 7670 1397 6844 1868 5172 7431 6955 1227 8458 1196 2889 9532 4178 6459 920 6319 2933 8705 6276 2368 7471 7112 506 8280 2774 7366 4458 6537 5196 960 8814 5886 3654 340 6626 7554 4139 6439 7999 887 3268 1029 248 7589 5292 7685 8430 9614 6231 457 3982 5508 6123 6800 7899 7131 3769 9208 8331 1843 823 1059 9939 4772 491 9347 528 3755 4405 2934 3082 8121 4275 5166 7914 4583 8564 3067 4298 4377 351 4760 5921 2312 3637 5929 4738 4560 6097 1476 6285 6546 7082 7707 419 8231 1165 5230 6892 2700 7482 3216 364 2350 1566 7749 5998 2669 8415 7729 5717 582 3573 7306 5693 9694 6275 8062 1627 9619 5030 6419 4652 9414 9483 5585 6733 6514 4136 4248 8578 8693 8673 5406 9116 1174 855 228 7104 1925 3799 2308 6423 8492 925 8346 7638 318 445 2430 726 9306 1520 8410 6937 7511 5164 58 3512 9133 3158 651 2325 2202 8331 6412 3172 3167 4277 9963 5645 1599 6650 8064 9398 1425 3036 6553 8310 4541 2417 9997 574 9568 382 3126 5281 1014 6411 9613 3326 3347 2091 3550 4381 1139 8534 7105 9613 4517 1140 3591 8605 9932
8255 6586 9260 0 9372 9777 7811 1979 7588 5416 9606 1104 216 5534 5637 6548 9869 779 3445 4034 2631 5763 5275 8819 9710 3505 2026 8711 6813 7507 1028 6145 9747 7513 1915 1045 3954 7260 6369 6537 5745 6416 170 769 6582 2240 465 4536 8883 2263 3435 1845 5019 3757 4860 6774 6312 4580 4249 1263 1339 4833 8693 3264 5247 8257 964 596 895 9163 5902 5837 9278 712 4124 7436 761 7210 9539 5556 1814 393 8775 5024 1161 4698 2696 1098 8059 9692 6074 8185 1488 1807 6326 7887 2917 4354 2729 6313 6635 5224 7214 9167 6115 2303 968 1439 7971 4478 8185 1135 2869 3010 9248 1943 2218 4862 4154 5321 294 405 4585 7690 6861 3674 1162 4439 4976 4056 1475 2676 9684 4602 3890 2998 7508 3395 1195 2953 4410 4280 5372 8996 6735 7755 2005 7061 9988 7832 5683 5035 3490 3854 8074 2428 7066 5294 8881 3443 7214 1517 9004 3516 9499 853 7733 7218 247 1619 9838 3951 7186 7190 3991 9238 8757 4932 9547 6693 547 9971 9655 5817 731 6993 9267 5631 6200 9005 3378 3617 9445 4028 9464 5452 286 4929 7227 1223 5132 6525 1529 7306 8261 9600 6239 346 308 4860 1210 7655 9965 5242 7673 8342 3727 5938 3831 3032 8238 5318 842 9528 5050 2505 3150 7858 5133 9877 9636 4337 5929 1601 1262 6971 2159 1951 7624 1262 3956 8649 9124 7060 5727 3457 3579 9721 6005 2684
1113 3552 3877 9372 0 3840 9197 3744 2107 7132 3843 7320 1498 6494 9699 1182 6617 4326 7271 7672 1263 9009 3699 2855 6402 8801 4086 4792 9712 2990 2567 6015 7446 8429 1304 6473 2623 6070 5532 7055 4592 8324 5514 2479 584 9779 4413 1425 9987 2392 2819 8727 7552 2999 2106 9267 8002 4312 7768 6616 5276 1408 8517 5213 4771 7908 7413 4493 2488 9963 608 3999 8360 3487 9416 4748 2177 7719 8675 5678 9560 1708 6824 9151 9446 2230 2593 5024 4874 5785 1150 9547 6368 4464 2882 7884 2601 3585 6097 9304 9351 3357 3261 3129 6077 7384 1082 3046 1410 2139 2297 4557 9807 1871 9970 2907 5003 7701 7182 9508 6058 7466 409 5430 6299 2613 4134 2428 3665 819 2159 1359 7180 8109 8522 7761 1344 7227 3112 9139 8232 660 5636 4395 5910 2917 5918 7102 3546 7697 2337 82 5778 2668 7442 2366 5908 7018 4248 7127 615 7619 3646 7097 2434 4165 5414 6281 2096 925 1658 1991 8574 932 4740 6021 1906 8946 1139 232 9607 5787 7475 2797 719 2731 7296 4674 2525 6697 1207 3998 4343 2793 2006 7959 2466 1354 4271 5855 1606 3162 9000 568 9454 4267 2553 8991 819 532 3615 8615 9404 3960 2484 8798 5348 2865 3412 3264 6942 696 3198 3762 316 7173 2150 1835 2550 534 2429 4133 7678 2447 8173 7813 1117 596 7002 6946 651 3027 6135 5558 5702 5742 6074 8583 8731 6724
9659 6610 1121 9777 3840 0 1998 1561 6884 7886 2844 9544 1981 205 1147 2293 2620 2365 4489 9875 3884 5047 185 8385 5470 4451 2097 9143 8258 2322 5150 7306 4535 7647 9349 3470 3694 1375 8399 6253 565 6150 1201 7785 4668 7975 7312 4040 4645 7610 8312 1115 5222 9102 6206 9273 1524 7728 9654 9479 8148 3750 9011 8962 5434 396 7571 4932 6398 9917 3979 7565 7524 9191 1012 3423 9339 9639 3118 9724 2751 2278 3834 4546 7953 8909 9527 8707 8859 8935 561 7309 2026 7023 3490 9363 1339 9515 6867 8584 9643 6275 3352 7640 927 7142 6613 5469 9183 8402 3867 583 9773 879 8579 1577 2387 6941 6837 422 3485 2597 9179 8486 5158 766 1149 930 6597 567 4133 9751 1713 8143 7318 5816 3257 4806 8998 9804 7150 1211 5493 2683 9811 5386 8050 2178 5941 4247 6819 7585 9412 426 9294 5017 5480 5796 8956 5006 7605 5667 6575 5559 6676 835 4132 9853 8011 3343 9004 9052 5841 2593 4581 3581 5416 2095 5687 4896 4892 2706 1620 3564 4065 3945 3966 4185 9607 7949 4918 1900 5911 4020 9088 9878 8470 1319 2147 8941 2532 4244 4773 7382 6800 3480 3123 9079 8107 7914 5120 4151 1461 1859 1441 1751 2628 3683 5063 495 6986 6658 7259 8576 4209 7178 7011 1209 2256 4777 6903 4689 5514 833 1231 3704 3461 5716 8820 1951 162 1061 9900 746 7431 6025 2725 4051 7159 3607
2399 9978 9436 7811 9197 1998 0 4882 7429 4790 8272 7093 2566 3450 2829 2564 9476 4394 8498 9675 7546 4630 1523 5848 776 9929 5316 7239 7361 2655 7927 6030 1064 2683 6049 3610 2884 5999 4306 4911 72 867 3236 2251 5448 5729 9608 9931 3671 775 2977 9817 4632 5444 5050 2134 8132 1295 847 1821 5055 4725 4434 4539 944 4264 6642 8536 7485 8279 7943 5899 1249 107 8327 1432 5624 1389 9195 6681 9731 6659 7630 6966 6043 1527 3805 3159 7125 2522 8994 7792 1106 4248 7212 2812 9406 6469 8987 6630 3686 1823 6556 8117 7025 154 1494 6801 9621 1958 654 5708 732 6970 2869 7622 577 6970 3362 3918 9915 8834 4135 8116 2001 2451 2329 2332 4375 5884 6151 3911 1494 7920 7128 6890 9168 9935 6558 7312 7699 3765 2159 281 8522 154 6646 2293 5851 3398 6909 5002 3224 8408 6721 5698 1820 5962 7680 2556 1060 8264 1179 6600 5897 7482 4650 7868 7673 975 325 5491 9604 5062 4654 8544 2345 7389 4145 6053 693 9080 3771 8001 5100 3228 2463 4408 1628 1610 969 8008 2998 5320 7978 2531 8698 704 5113 3758 9520 2933 1426 5771 4059 345 6273 6979 6780 7443 8313 1203 7544 3271 4954 9970 6708 453 2076 3714 545 5257 3918 5391 5247 144 9525 1945 5998 8535 8491 6539 6258 7130 972 4718 2297 5152 3897 8678 6801 6518 4947 2859 926 2400 2812 7458 1845 5941
9152 4088 7376 1979 3744 1561 4882 0 3411 2399 107 2263 2057 5165 5059 1778 6660 1989 8648 9503 131 479 596 1637 7636 4197 7622 4603 6947 3112 2684 9379 8243 8293 9900 7867 3307 7786 5794 4594 3512 1046 6578 8807 1986 7414 828 1258 3283 7959 3154 4744 7453 8957 1358 3098 2252 9379 7607 7677 8293 3897 4413 4598 5674 7647 4818 7154 8990 8048 4507 4072 6164 374 9907 3351 4662 9920 37 8740 5627 2147 7048 9904 3497 6610 3712 6624 7288 5318 3514 4872 2325 4872 5906 9006 2148 4711 6718 4202 9060 3363 5674 1118 2987 301 882 8788 324 3013 9393 589 3108 4694 4897 8910 8984 5127 167 1581 3914 5724 7949 357 1471 218 8105 2928 1506 1321 2009 8991 4924 3379 7570 2619 4795 5514 2617 913 2753 9737 5558 4020 1271 4721 2148 2969 4802 5536 3996 3645 8782 9866 889 3702 7893 4335 7177 7209 3893 5874 7195 3037 3040 2310 3155 2899 423 5143 5494 8990 6900 747 4079 4167 2628 2253 1065 8211 348 4951 6250 4230 3979 1811 431 7850 6693 1788 5704 8048 3529 3091 3224 4086 3988 8669 681 4137 7770 4762 5601 8354 8047 8814 6479 1690 8004 2366 331 6836 29 9381 1664 9184 3987 5005 8732 2197 9328 2116 6660 4146 6715 5053 7999 4596 8938 5302 4331 8261 6093 5111 3943 33 7644 8321 3803 5585 5200 2504 1424 1110 9354 9498 4655 3744 7893 6118
4940 9698 9430 7588 2107 6884 7429 3411 0 2302 2775 5837 8517 6723 3221 7892 8649 4803 2468 8030 340 6219 7747 2412 5834 4519 6012 1506 8886 3878 6762 7686 5315 4599 2616 1431 7141 118 5060 4954 5193 6461 9609 6021 917 6944 7915 2630 5228 7274 447 4949 7406 4918 5773 9283 7742 8675 2248 5995 1703 1126 4347 4799 6941 550 506 3300 9384 5312 1794 2531 1533 2786 5245 1884 2652 7501 806 5184 1051 5523 3318 4429 9000 9522 7208 9602 9898 5086 9892 3464 1348 3929 6662 6054 5463 5616 4509 3871 4955 6201 6993 8258 5256 8482 6200 1677 8171 4226 3594 2170 9898 1402 7335 7347 8540 9857 8803 9717 8224 9758 364 8482 3877 6803 4056 2935 1833 9449 6717 3744 5837 4565 9255 6276 910 7842 2980 1950 425 8251 4997 8461 3310 3808 240 9782 7129 7219 4580 488 5092 928 1606 1607 7332 1078 8795 9581 1469 9003 985 7032 8814 2222 9550 9423 4878 1371 4024 6774 207 1955 1451 6365 8116 7694 4750 9729 7363 456 9653 2429 3613 7480 3706 3278 7900 9603 2806 8340 423 6115 2688 4473 449 7252 7761 7111 2971 3686 5541 3887 1639 2255 1608 7081 9145 2884 7157 3148 2464 2672 9564 9959 9852 7439 8291 8186 2198 6385 5244 8671 7770 9426 3101 6853 5853 7607 9961 4634 6291 2580 4939 3617 8850 4146 8647 3613 2288 1463 2948 8827 1277 4918 634 65 2111 3705
8737 4977 1695 5416 7132 7886 4790 2399 2302 0 4415 9908 177 4613 6817 6633 870 6144 4237 9511 2311 780 4591 1465 3842 8140 822 5118 4338 5515 1034 4986 5130 300 2046 4450 5329 7145 7215 2932 7352 4568 8024 6595 6148 8267 9829 3011 4877 4552 9290 8147 3311 9337 1667 6049 1053 2783 8121 5404 9559 6277 3604 2800 3496 234 6422 4228 9430 23 8497 1871 2095 9010 8917 8101 2683 8148 1665 9428 5175 7938 7539 5809 9468 4736 1819 1751 2602 3504 8769 1711 594 7465 6845 7250 3021 5200 1964 7497 6366 4064 5982 627 105 8150 2627 4432 7294 3991 8838 3860 5917 3768 6901 7536 8567 1043 6124 5694 1065 6383 9184 682 3890 3081 5798 6289 431 7243 7363 382 3784 1739 8175 2108 171 3091 9508 3317 9031 9063 1197 879 4988 440 5721 2506 1613 7020 4475 8812 782 9618 9354 3201 5203 2977 1080 6846 5754 6052 15 6907 5091 1043 7834 8430 7259 1660 842 9870 8023 3467 7511 4831 9571 2029 3754 9357 3831 9946 3205 1850 5454 61 406 9974 317 7719 3718 5358 7711 4149 2247 9322 2652 9920 4523 5847 9256 8799 5739 3919 6733 7369 5735 7770 8143 4141 211 3068 7049 4132 7621 7386 1456 6470 4029 5843 2917 8045 2492 5183 4392 8351 8603 577 1867 5070 8238 2501 7213 1818 930 4468 7316 6191 5158 445 3185 3872 9693 1218 9211 746 3366 2769 5143 6451
6989 1831 9763 9606 3843 2844 8272 107 2775 4415 0 9498 9811 9383 6548 5298 2045 7410 6909 836 562 381 3355 1159 4049 4802 2757 9381 8899 8516 2398 6386 9710 3711 4519 1802 2525 872 4987 7569 1557 5232 7197 3764 4403 8997 7678 6939 8366 5253 7422 1174 7886 4999 2082 6471 1525 6260 9958 9339 7673 6714 393 9167 1758 3039 3032 1465 1146 7281 2199 438 2353 4435 8671 1871 3144 4223 2024 9244 7432 6206 7992 9255 7752 3485 4371 223 7012 1317 9295 5471 714 7468 8157 9805 3554 5210 4251 1042 9928 1369 2738 7763 4817 1117 6118 7480 7376 2045 4522 7313 4304 5027 9766 5570 9510 1629 3781 4018 9075 334 724 9165 4777 2419 1921 7775 6267 4870 7913 6071 5057 2289 2376 8298 139 5890 7826 2866 9717 8189 90 2942 1460 7105 2375 2844 6507 6934 1299 1691 6380 446 5627 7305 1605 2945 9639 9810 8243 8719 5371 5091 4883 9361 1353 2015 9402 1593 2691 4303 5967 8371 3730 2247 8068 8124 5850 3438 8280 1427 5685 5272 7081 1307 4116 4124 1780 5907 3649 7530 6234 6086 346 7181 9234 4160 6160 247 4359 1020 9487 3377 6012 2917 1502 6853 1656 2389 2155 8856 4161 4109 5680 1892 9847 6664 3413 1109 1255 1402 6883 8293 786 4480 6882 4145 3206 6528 2740 871 915 4226 9692 8853 4532 3264 7870 3115 6606 9025 5371 6098 5970 8367 3359 7844 6760 7584
2467 9946 2560 1104 7320 9544 7093 2263 5837 9908 9498 0 2494 2357 1021 9304 7685 3699 8214 5458 8244 3240 403 5958 4073 2500 3311 4530 979 5482 9364 1912 6215 4991 2064 2291 8515 9227 7411 3612 5068 2836 8395 2067 1241 8035 9150 4455 8883 7276 4617 2743 479 764 6725 8675 2339 5575 4900 9557 2065 4015 4809 8613 469 7751 7636 3116 2453 94 4975 8403 6068 2061 5946 62 7840 9558 2196 8929 7027 5222 1906 9372 9570 6815 54 9866 8095 1797 7162 4749 89 2204 685 3286 4361 2532 7385 2957 1678 2025 644 6646 9461 7596 9376 3360 2281 9270 1328 9159 6205 256 1773 8891 4410 1374 6498 1447 6433 2774 5078 4578 4974 1492 2642 4514 180 9533 2152 6207 8902 9779 7083 9694 677 3747 7166 5121 1932 1016 4610 8914 4705 8293 4933 900 1036 2378 398 8918 9628 9880 8174 6181 9885 6101 4814 533 4855 9187 4931 303 7921 1054 4805 5601 5681 8757 8740 6441 5414 4161 7505 6604 8523 5009 9480 1245 4371 3795 940 8102 2138 3250 1308 2395 6000 3723 5577 7047 9100 2510 6442 5567 511 7402 4839 8088 7376 6389 4325 1394 6356 41 921 3368 1173 7860 3557 2707 6835 8518 8859 7637 6571 945 9818 4216 5196 1148 5404 7906 5883 1570 5940 6555 7227 2589 2591 4532 9751 1099 8020 1083 120 9143 9433 6042 320 555 5812 3113 5009 4097 1964 5463 4219 2556
4814 3488 3366 216 1498 1981 2566 2057 8517 177 9811 2494 0 1221 1905 4287 9832 9740 7060 1065 5784 3206 6014 1025 6192 7324 2323 3988 6581 580 685 4781 693 794 2074 520 1581 101 2176 5294 3728 8893 1474 8930 8505 9029 7829 7766 682 6820 2942 2231 2392 6946 2252 56 8080 4044 5728 396 9432 7428 3057 9914 6619 6720 3960 9426 6265 4722 412 5342 7936 7521 1156 1379 2342 2416 3065 264 442 904 2739 7911 664 7530 3674 7744 283 4401 9861 8745 835 2953 7045 7448 8333 617 6330 3921 7899 6829 268 3319 9331 6968 6648 4198 7022 5253 6488 6047 4043 5228 3091 815 6797 3084 4481 240 5220 4048 4156 5997 3795 4688 1892 4488 1406 7031 9878 8040 7473 1365 4519 2223 9053 2886 1513 7943 1549 8560 27 6654 2320 5777 3496 3694 7025 3027 4344 6336 953 5228 4141 7108 2641 7331 6963 4900 2607 6381 3296 4993 360 7317 7923 6250 7053 5291 191 1668 2534 7446 6680 1849 7781 9594 3970 9614 4545 7458 221 6427 8607 3170 9306 9891 7282 9959 8113 8566 2876 9066 878 9188 8661 3260 3401 7803 7786 6644 4714 4655 2747 9476 4796 6465 5874 1934 2674 4701 8905 2069 3961 2268 2591 4291 982 9085 2341 4373 4291 8547 3179 4790 1565 2399 9064 8204 1351 3883 8109 259 9648 6559 9984 4742 5720 5040 4721 9459 757 6934 8915 3229 9307 911 1291 9801
3268 8882 7747 5534 6494 205 3450 5165 6723 4613 9383 2357 1221 0 6979 3997 9716 4630 3083 7475 4924 602 4430 1381 2168 9035 3617 1322 9738 610 7843 78 8699 8542 9159 7349 904 1402 7022 9491 2293 4824 6756 1636 9118 2611 7837 9347 902 1417 7287 7466 140 9064 9356 6365 3458 7696 2424 3360 4224 5387 5548 63 877 4062 1302 4516 8123 4414 1452 9045 123 1064 6966 530 8958 2973 1748 3714 6227 2994 8464 8698 7584 3058 3260 1608 8746 6278 4123 2059 5167 3963 5043 2134 6779 7265 4282 9659 4702 9553 3322 9375 3448 1615 209 1854 7 3462 2061 8143 1554 8301 7006 7562 8874 1990 7045 9236 434 8771 703 8 9286 6884 4358 7696 5510 4425 5773 6103 7089 4955 2629 6607 262 5739 4078 8809 6310 7725 2486 3080 9194 9819 6002 1706 3926 8821 2900 8815 1438 2040 7927 8956 6061 9980 1879 1134 4656 4421 8116 5077 3050 2279 7334 2337 490 3562 7358 3178 7527 9953 4500 8472 9495 5143 4533 9441 3675 4540 5075 1968 7333 4589 8961 252 1003 278 5213 3209 3252 5799 896 6555 5582 7700 2305 473 6130 5745 2519 4507 7004 2612 860 2119 7685 964 5593 481 1882 5823 4329 7306 6518 1126 3523 9645 4367 7874 840 6666 6349 3271 2656 270 4695 3017 270 9204 787 5024 949 5481 4473 4651 9890 3672 8030 9317 7058 9183 1564 5124 9114 5273 7111 7311
3167 7011 2628 5637 9699 1147 2829 5059 3221 6817 6548 1021 1905 6979 0 2397 6358 7243 8877 4303 50 4090 7596 9730 1027 3926 3041 7282 7618 8570 8797 1732 2598 7967 6956 2031 5534 3777 4764 2427 5131 2113 606 9679 8393 2441 5273 7546 5387 969 7624 265 3828 7462 5346 6251 4078 4670 2679 2927 1141 6104 4520 3668 4884 8873 591 7170 6046 8986 2114 3296 2905 1669 7267 6049 8785 4959 4280 3763 6438 3683 6648 8988 3291 9140 2836 8392 2674 842 3357 806 2350 809 4865 4115 5100 124 9489 8341 9103 9665 429 2975 4562 2778 4165 2749 9743 1992 6122 8858 9813 3450 2649 1832 1688 2739 3500 7181 598 2188 6215 1387 4840 863 9780 4790 4547 2624 7537 4844 5693 3295 8860 4166 5878 5654 8104 6243 9668 7600 7270 5486 3740 7637 6739 7151 3320 9345 3804 2233 7091 6268 7457 5719 2131 8392 3810 3152 8136 6639 5236 4047 8638 9532 9369 9987 6837 4901 9260 2919 1776 3476 6970 9116 4350 5529 81 7246 3414 5799 6667 436 4011 1765 1999 2976 1539 836 977 3680 9248 4983 4967 7351 8720 9166 4061 7446 4245 6333 7208 514 5204 6205 8906 9354 5693 8947 7692 9668 876 6320 2783 3433 1757 7378 7137 4830 6369 8037 8783 4036 1998 8112 6663 7301 1830 7819 4230 6666 2797 4732 3617 5934 3897 9028 9541 7837 5077 5077 8177 8755 4805 6042 1182 4707 4243 9113
7570 9789 5679 6548 1182 2293 2564 1778 7892 6633 5298 9304 4287 3997 2397 0 5396 8814 207 4317 8489 4944 7290 173 9923 8098 2060 8947 5903 7441 3232 6712 5235 1036 2224 7865 3421 7434 1844 1703 8670 8646 6913 916 1724 1824 7437 5615 3929 9657 5775 8877 7254 218 8916 3564 6971 2959 3686 9538 9550 3274 2092 9088 9731 4421 5020 156 9997 5697 953 7031 2197 6750 5244 6516 4392 5042 2624 8848 5548 5333 1084 9313 2464 4340 5422 8516 8862 2849 4873 347 520 8247 3525 1342 14 7450 8286 6999 2176 172 3972 857 7614 4882 3827 7082 8816 7327 4467 5132 3000 655 6323 5270 4425 474 7848 7675 3148 1104 9132 5701 4195 2521 621 7592 7808 8899 1347 7358 5836 5187 9907 9309 7188 6981 2458 6343 2696 5411 5027 9944 4536 1682 2287 4090 7207 4655 1632 8125 2574 1597 8936 167 3832 2286 2490 4449 3110 3853 7033 4419 5782 8560 7099 1519 6355 756 7724 3722 9707 4357 6355 3550 3737 8477 8174 9318 8761 2964 7520 1296 8322 990 5475 1298 1693 2179 8964 6012 5404 5280 6348 7171 2096 1992 1457 2091 1963 3599 6872 8182 4777 4068 3262 7090 6424 9326 2021 9971 22 8383 1458 6641 157 4000 9830 3784 2609 3241 5438 5065 7006 8489 6436 3264 7345 7075 2023 9638 7620 2968 8182 9963 7970 5211 1238 5527 7243 851 4213 3507 5541 1679 2698 4564 9600 2251
7730 627 6508 9869 6617 2620 9476 6660 8649 870 2045 7685 9832 9716 6358 5396 0 7131 1549 6744 1121 2859 5023 7640 803 5016 1696 7331 1411 9509 6560 8742 8413 97 2317 6465 3082 743 379 6767 8354 3178 4676 3284 9680 7381 4184 4700 3308 5360 8615 4351 2439 6130 7596 5823 803 1126 9245 2408 2222 9566 7261 758 1844 2710 6932 1636 900 9183 8916 6938 1189 1727 2168 4708 2866 1630 5411 3643 2251 1662 9148 17 1824 6934 1605 4215 4762 9672 2930 5309 3381 3363 891 6412 9821 3988 9605 1588 5042 8432 9821 3858 1923 3924 2034 2730 370 4032 9687 2973 8170 8548 1758 1091 1896 4778 4854 8152 9737 8698 7144 7358 7129 2899 6588 886 6479 6028 5926 4659 6218 8092 7544 1969 8541 1207 108 5705 7277 1389 607 2391 3197 7471 4528 7144 4587 1722 2938 2417 9797 9650 3820 7227 8533 71 5161 6231 9325 7817 7946 6338 7429 2627 1363 5219 4795 4578 7692 6533 6437 1358 8656 5870 7206 2764 3638 3302 477 4366 8985 6337 3587 1852 3840 4021 6593 8231 5237 8190 6570 2575 7929 3137 4621 9939 6944 2135 8486 5763 5908 7608 7088 4027 1541 8350 3741 2691 4869 3518 8519 2461 6153 522 1543 1021 1909 1737 7869 8478 4262 1820 6485 5143 6345 3519 3066 3961 5805 1519 8552 1976 4868 6194 5014 5780 714 3855 1502 2042 7885 8704 9703 6078 8871 823 1449 3851
1335 5274 7236 779 4326 2365 4394 1989 4803 6144 7410 3699 9740 4630 7243 8814 7131 0 4534 1988 575 4786 587 9040 4139 5877 6071 8620 6431 2878 8646 6474 5380 5132 5275 8889 5823 9347 4983 724 540 9854 5452 6253 7260 7526 4469 8079 7060 826 6878 4189 7769 5195 1733 3475 3811 4943 4062 5466 9659 1120 8660 7327 5749 7099 465 6012 4429 6282 1873 1035 9049 6108 5427 2878 5043 7876 6812 4972 5139 9576 3114 8691 8407 3024 8499 8612 2409 3402 2114 4758 86 4242 6305 9907 7143 2824 694 3155 1676 1365 6777 3976 6926 4348 6308 9481 5955 1303 9891 191 773 7361 3594 2368 7370 9957 5469 1314 9666 4218 3671 5034 5045 6849 3750 9033 7983 8690 4213 4657 9472 8246 4325 1583 2698 917 6839 1991 9532 1491 1423 5543 7759 1743 6966 7065 7085 3229 8859 1606 3840 2720 401 5092 2816 2838 7956 6108 8968 9677 4116 3908 4965 5417 8390 2796 5471 4150 6992 4075 1976 1100 1243 2622 850 798 1903 2948 1838 2050 1378 7323 7991 6462 2569 6524 2653 4474 2944 4208 2804 2688 6044 429 2106 6910 5203 1557 2702 968 5212 5567 2565 5936 1364 5752 6568 5770 734 1128 3542 65 5009 1751 4335 3977 3491 2465 4596 6304 7731 6821 9477 9391 8190 3407 613 5504 1744 2377 906 1630 7827 1588 8806 8125 6380 17 676 9646 6794 6933 9967 435 5770 6267 9510 8209
1518 4354 3262 3445 7271 4489 8498 8648 2468 4237 6909 8214 7060 3083 8877 207 1549 4534 0 4546 8133 6386 4061 8079 2534 1960 1194 7366 1724 1377 9512 473 437 7036 8062 7031 982 677 6544 6222 1929 7352 6322 483 2845 4227 6396 2634 841 5358 3825 8677 7880 5938 1603 6447 2396 5744 91 6250 6584 4113 3505 134 7087 7361 3381 2946 573 6697 7138 6577 4871 7820 3104 5375 6095 1664 80 4551 5900 2078 7513 2085 1388 937 4417 433 5979 7491 5928 2531 3972 6369 6077 7557 4979 7407 9476 1633 3448 2176 6134 7911 4563 3003 3043 1291 639 4562 7444 4796 8510 4433 7350 4541 3030 6508 3585 4400 1576 4459 7790 1510 6053 2136 6112 3129 8883 3865 5894 4147 2938 1080 8897 7444 3812 4857 8062 8332 8320 3687 3877 2249 6462 5007 602 1276 5601 3515 3273 5955 2591 1463 6972 6062 5624 7836 693 2676 8310 9908 7673 7843 6159 9151 3333 2315 9196 7438 2875 6641 8197 7380 1929 7175 7342 1924 2979 4535 3225 8619 8374 4927 8362 6476 8307 1182 9648 5828 1085 3875 5407 7432 1665 62 2417 4378 2457 6162 8935 8455 9804 214 7094 868 8879 8744 741 5451 5998 1680 1032 6435 2806 4961 4838 3127 4815 2272 5493 8582 3710 2058 9329 1811 966 9202 6285 5624 8174 628 496 4532 4334 8364 1930 4983 4070 3582 1872 9705 3141 8587 9094 7673 2047 6810 8033 2200
6830 3527 753 4034 7672 9875 9675 9503 8030 9511 836 5458 1065 7475 4303 4317 6744 1988 4546 0 4261 3718 8547 8285 1984 5109 9290 6550 6166 1783 1888 7715 4281 3052 6666 9675 2445 2210 5079 5468 391 1678 1956 7646 3302 3130 9562 5407 8214 6756 6316 359 3951 3475 3675 8839 6855 7357 4164 2484 5900 3753 7224 7610 2783 3676 3468 9540 5401 8895 4615 828 5725 5789 5476 8668 4206 4177 9757 6188 2071 2322 1002 8045 720 2118 1879 3424 362 2816 3101 4858 626 1887 3893 7946 5338 3451 371 6945 4349 8219 3749 2354 2862 618 4099 3063 3692 5055 5657 7610 4599 6280 4322 196 5561 3474 6290 8911 9901 7021 11 7444 2393 7321 3591 7956 940 3574 3434 1716 5050 1240 5318 1602 4358 2132 4665 2745 6486 8691 1515 1295 2066 2368 9071 2506 2314 9529 1884 1535 2286 209 9247 2622 1455 134 5458 242 8536 7687 3734 1806 4773 1077 3339 3636 9324 255 94 507 7993 9660 6833 4276 7162 2147 568 3615 5091 461 273 5016 2831 1099 4472 2455 6218 3396 7626 9155 5189 4891 6194 7877 1784 9187 7649 8084 5588 9670 7907 9065 7471 5557 484 9404 2459 119 3728 2188 7235 3533 1924 2934 6359 9101 4283 5152 8826 3157 3816 9715 9276 6480 3769 4925 4697 2870 1708 5273 8827 5164 9640 2806 557 8482 1943 5641 7085 8495 2096 5355 8431 691 1546 851 5927 6747
4426 1363 4649 2631 1263 3884 7546 131 340 2311 562 8244 5784 4924 50 8489 1121 575 8133 4261 0 7318 8491 3849 4649 1132 4053 9932 4213 9779 8296 9169 5079 9211 4777 3661 2680 1873 6170 9131 694 6149 3502 5501 42 4994 3317 8490 5914 608 8364 3832 9704 2368 8027 9743 6449 2739 9634 9759 4186 2721 208 747 5737 2237 4 2688 5035 1816 7561 1678 9950 7876 6337 6060 1927 7546 2597 8334 1161 6510 6107 7470 4360 8574 7056 548 6800 9881 5857 4182 2482 5112 2807 1166 3320 2289 8143 332 912 8626 4544 2056 1011 5462 1250 8958 4190 3975 1333 7265 7248 2867 6179 4653 8286 8565 8324 8394 2944 8354 8628 4540 7721 7888 5066 1499 9339 1463 1488 7175 6822 854 8715 5214 2635 9341 3053 6008 3575 9275 8169 6767 6197 8590 6206 7551 30 6318 9855 3925 791 6642 8016 7162 9165 17 5042 1851 7793 7481 8256 5682 2571 8235 7095 3634 4199 8706 6838 5390 8303 5362 5840 4145 819 6925 5381 265 479 4253 1327 776 6175 2542 9219 3588 2010 7009 8079 1265 5654 6083 9607 1047 3124 3185 7390 9643 8748 2788 8649 3813 8729 3355 8060 9035 2796 3315 9578 6324 563 2491 1459 5880 5876 4784 8648 9081 457 4602 7053 1821 8557 163 5141 6358 8610 9484 597 129 243 2987 5715 9129 6475 4230 5386 4072 1955 6823 5868 9865 4817 4830 5214 5785 3714 2188
5540 2640 1565 5763 9009 5047 4630 479 6219 780 381 3240 3206 602 4090 4944 2859 4786 6386 3718 7318 0 2796 3885 3911 7472 6472 4347 1407 5508 4142 5094 3962 5831 5881 6156 144 8445 956 4003 5831 7427 556 1694 805 7645 2072 1806 6506 2238 9086 1367 8393 6776 363 1090 3774 6594 9578 8220 2911 8272 5869 7186 2558 7120 4208 4568 6400 7137 1952 4557 2561 8538 8281 6978 9707 6881 9440 2832 838 5946 2488 7444 4129 2309 5888 3735 955 2812 4481 9271 3728 2984 7675 8476 8994 8449 3212 9010 6132 5913 1383 8587 7193 3146 971 2003 7820 4755 7371 3061 269 2214 955 7257 1175 8219 627 5972 8568 6686 7237 3015 7763 7023 3651 5806 8011 9914 4955 971 9195 1872 2631 3876 5965 1272 7747 4286 1333 8199 5285 6646 580 8056 8999 6737 2703 4536 7993 354 1801 3349 8915 5716 4668 5365 1841 3325 8816 6333 5038 1721 8804 6021 37 5117 7855 4475 1791 1101 3451 1559 2408 5619 44 1350 5216 4462 4901 3609 7510 5728 3168 7116 7008 6559 3578 1055 2517 476 3424 5920 4217 5336 6483 8368 4976 4744 9402 5119 2877 5728 810 1294 7900 7269 113 4484 4829 9466 5744 9880 5374 4941 160 8595 8071 1342 6612 637 1848 8370 4170 7784 7918 5944 1593 972 2549 4713 115 1079 6213 7769 4805 6954 1252 379 5661 5736 6915 3491 4545 6594 2818 7542 4237 6358
8931 5841 5652 5275 3699 185 1523 596 7747 4591 3355 403 6014 4430 7596 7290 5023 587 4061 8547 8491 2796 0 398 7853 6567 1488 8336 3647 674 4474 9206 9418 6841 346 8228 7571 388 7143 6753 3414 1469 5132 6527 8195 3856 2186 53 9052 9301 5623 4057 14 73 8703 5789 4406 224 2480 6476 3267 4911 841 9879 1417 781 5449 7365 4653 3032 2360 5474 4490 8727 3575 5456 9900 7103 1873 2160 1610 8548 217 8552 5604 7914 2025 5709 3936 5053 7261 9414 9617 6377 7510 7571 9688 7771 1692 167 7060 4660 2438 5475 1231 5719 2206 9583 2136 7441 3045 5550 2579 1384 8363 140 52 9208 7255 9515 2511 8997 3642 2500 6091 233 9800 4513 7388 168 1170 9982 6150 5700 2815 1990 97 2602 7018 415 5210 7270 2916 4136 8814 2664 5733 1356 8289 847 9172 7863 6919 1906 3791 3188 2403 1285 8662 7617 6530 5035 1310 4434 5655 6617 44 1368 1576 1012 764 7906 8549 4511 5766 2559 2560 6434 1927 4494 4370 5200 8505 5906 7654 1035 2063 1436 7428 4236 3774 2114 7446 5249 5499 8208 4123 9587 3569 1604 2175 349 2386 7498 4940 2983 1187 3346 5128 2270 4909 3878 4903 7239 5901 1920 5655 8867 2196 2628 4371 802 8483 4037 9911 2585 6271 6673 2320 3640 3060 2766 3148 260 6891 9788 2892 8588 3090 3011 498 8271 4827 8937 9870 236 9076 4368 336 605
9234 4651 6503 8819 2855 8385 5848 1637 2412 1465 1159 5958 1025 1381 9730 173 7640 9040 8079 8285 3849 3885 398 0 899 1805 5159 5087 5536 4916 8604 594 365 665 9895 7024 9644 62 54 7648 9915 2947 5693 2245 878 6844 349 6800 8830 9616 978 7692 2759 8313 9233 9232 1294 111 4680 5610 5364 4448 1037 7308 1483 29 9184 4592 1297 6787 786 8033 4598 4283 7779 5766 1852 7439 2196 5540 2493 5868 5735 9627 4303 7044 486 4459 3253 3947 7939 2674 3713 3662 5161 4111 4138 4356 399 3875 2857 1952 1794 7525 782 8839 1349 3671 5373 2637 6085 1540 3635 5426 6971 8063 8170 9211 1565 7868 3210 2196 5944 5507 4203 5601 4446 1078 112 6847 2335 2247 9722 73 2770 6741 8947 9531 7444 8002 1036 2394 5053 6699 3319 3237 4962 6922 717 5664 2313 8769 5485 4386 8297 1549 2187 7765 9006 2822 9283 9902 8260 9438 105 6013 6558 4440 6347 9317 6635 14 6828 5508 695 2749 9507 3126 1539 9483 6772 6251 7104 7418 9788 1215 2244 961 7815 8391 4967 6597 2679 7157 4916 3979 1314 723 5899 6313 3920 6830 961 4697 5125 4278 4212 5045 4521 4908 3961 1961 5604 7406 7275 261 8738 7337 9329 219 2908 8512 3874 7634 7969 5520 1877 4806 3032 7866 7998 3838 8013 1841 6436 1611 6327 2963 549 9686 4071 1054 7019 1802 2206 8609 7977 2266 8515 8280
1831 8200 5332 9710 6402 5470 776 7636 5834 3842 4049 4073 6192 2168 1027 9923 803 4139 2534 1984 4649 3911 7853 899 0 3391 8740 7850 1395 9476 6432 2658 8611 2853 6047 6515 1252 6085 9047 6655 9603 8358 7431 4643 6783 1521 3190 5943 4818 1650 6607 778 3614 2271 3156 5593 6706 2587 1189 523 8462 8535 6118 1285 7859 8184 137 8586 8505 3603 7777 7266 9514 5744 4752 6069 5313 4581 9690 279 8361 343 5972 1047 7024 1517 8246 9460 7043 200 4792 5963 845 1019 2941 6444 9623 6480 7184 5995 6348 7106 8930 7720 8163 9813 1079 3661 5243 4296 724 704 120 2321 6926 5526 190 9631 9141 6309 4123 7385 1815 7476 9375 8695 7612 3953 9132 784 7964 4435 4179 5757 1655 6215 5200 7488 8649 6394 1894 7428 9764 520 8376 9639 1623 5144 9423 9052 6102 383 307 529 163 7900 2732 6163 6993 5368 2392 2339 1596 1176 1696 313 5814 7636 176 2836 4938 9997 8688 2670 4919 8102 9764 7712 7945 5515 9952 3505 6254 938 3662 5684 1387 4065 1769 8958 7092 4932 7102 7830 1304 2499 534 4056 6556 2000 1345 9818 875 4688 8713 1303 7694 5102 4360 9742 8030 5004 7366 4243 5273 2107 4394 8615 2280 7541 9813 1600 289 5599 7747 6275 7197 1706 1847 7204 7807 9610 9333 9782 4980 6960 9325 8931 8588 3033 7038 8038 6655 6802 8265 5838 597 8697 1220 6885
6033 649 9881 3505 8801 4451 9929 4197 4519 8140 4802 2500 7324 9035 3926 8098 5016 5877 1960 5109 1132 7472 6567 1805 3391 0 4419 4485 2806 8063 635 7308 7093 7928 7111 9043 176 3089 121 9620 6624 7383 4167 2479 6524 7214 6574 1235 4192 9007 4323 5077 4779 5968 2956 5956 2844 3733 1169 8464 9156 9249 5548 6078 2316 5943 5078 3080 4779 3520 2284 7544 4492 7649 4532 2882 2019 7297 9681 6178 1046 6836 4532 5945 8357 9487 8571 3112 9045 9896 4221 2363 9934 5763 6603 5043 2417 6402 4102 8964 6643 4267 410 514 7047 6597 9827 3963 8387 8026 8514 4928 7645 7660 7633 1267 3718 3360 6539 8838 9944 267 4018 1266 7114 6334 7903 689 2330 4502 6505 5471 2816 3591 6753 1400 7030 2550 3629 3656 7434 4061 6365 9645 5578 4106 7050 2063 5395 4619 8868 9452 4831 5761 3657 9768 4120 132 5819 479 1427 5144 5524 389 7785 8441 7806 6052 5342 7618 7481 7338 6554 7376 9766 1797 2617 6515 7913 1662 9206 1613 2237 6616 9386 6067 7681 7179 8985 2357 3444 988 4381 4400 8372 5535 4884 563 8478 438 6727 8070 8149 5113 7520 6404 5281 1387 8119 6827 3204 4060 1010 5686 43 6787 7651 8707 267 7359 7564 3918 5606 8541 3581 9271 6776 1731 5264 9545 9973 8508 872 7916 3235 6978 7891 3324 7827 1792 8983 8190 4013 6603 2846 4951 8991 6612 6815 1137
4784 5610 2059 2026 4086 2097 5316 7622 6012 822 2757 3311 2323 3617 3041 2060 1696 6071 1194 9290 4053 6472 1488 5159 8740 4419 0 1461 3147 8539 5753 2732 3146 6889 5912 9240 4694 4516 8166 3992 3866 848 3960 8369 1485 7119 2489 5166 2488 6224 6730 3493 1388 3426 8888 2455 3652 2999 1866 9070 281 1941 8892 1023 9711 3523 6317 9987 4414 8664 4588 4120 5141 9764 5923 6826 1345 1749 2009 2639 429 3237 22 1778 1742 5699 4845 8835 2624 8155 6252 1151 3552 1147 2314 8118 7743 4513 4043 4266 3313 8966 3089 7830 6041 1159 1138 429 9070 6587 4646 2239 1358 6973 983 6659 7512 6051 9015 9389 54 1479 1911 6881 5443 704 1520 9742 6657 3753 7829 5034 5707 281 1725 7040 2785 5285 2198 2911 5761 9830 5420 4736 9309 1773 265 1604 3473 1605 3914 6439 515 7028 6296 6430 3293 5201 144 1911 9906 3905 3351 9803 3410 4614 3218 985 7183 8931 1390 7352 6127 679 8912 2773 7488 58 7176 9494 3630 1980 9055 2546 2861 6114 169 8960 5082 6493 554 5792 9918 692 2642 4826 3492 2258 5488 9949 5719 4938 6624 9119 6522 6250 8314 7734 1765 3484 7193 7094 6139 5739 1530 8494 1218 3511 5886 3119 8973 692 266 1727 9931 2983 4255 6012 3837 4623 3232 4058 8906 7809 2131 6754 7153 6285 8601 2219 7321 4129 2186 857 8577 5209 2235 3385 4743 1350
5140 1703 7440 8711 4792 9143 7239 4603 1506 5118 9381 4530 3988 1322 7282 8947 7331 8620 7366 6550 9932 4347 8336 5087 7850 4485 1461 0 3416 7362 407 8532 7470 4926 604 6252 9323 8561 9300 7411 363 1592 9798 5679 3552 1552 5625 6353 1292 1544 6836 8975 2486 3511 6556 7595 3991 4765 3506 4135 9549 1828 1110 4803 4115 5458 9238 6804 4724 9330 3216 8671 1523 2655 2523 3638 1065 2449 6567 8688 1346 1791 8514 8792 1462 5520 1048 7173 6822 238 1752 9953 1513 1042 6267 4000 8412 6068 1287 362 1755 2728 8011 2276 3656 4266 6797 2612 2148 9698 6575 3010 8736 660 9087 9905 1394 6203 8067 2400 9059 4583 4073 41 290 9351 2447 7799 2652 7742 6830 2675 2102 2503 9025 9656 7789 5402 4048 4982 945 8864 8200 4872 9660 4875 9328 8673 8094 4285 7420 3779 7094 862 2708 9201 5475 3627 5403 3812 8466 6814 3999 8022 1504 8262 8580 2430 6230 5077 273 4744 2364 7734 3644 8410 3224 7416 1198 7158 9130 8291 3801 8604 201 2438 7441 3000 7973 1146 4065 2961 1126 6700 6343 4652 9842 4768 7450 1719 7361 547 8054 9108 1443 3761 6476 505 6862 255 3256 8028 1512 4862 7337 4679 3056 7927 3743 3470 3156 6119 6877 4295 7916 7422 9525 6689 5550 9017 2816 9750 6075 9163 5022 560 8997 8598 2618 6316 9023 2053 5859 2109 7337 5120 1068 3632 6320 9720
4000 5716 1225 6813 9712 8258 7361 6947 8886 4338 8899 979 6581 9738 7618 5903 1411 6431 1724 6166 4213 1407 3647 5536 1395 2806 3147 3416 0 6889 7691 2553 6471 7721 773 6727 955 5307 3956 4952 7520 8003 6435 9145 6442 9056 4841 4430 792 9750 2598 3026 2133 8516 2114 2606 5774 8212 4354 3642 1708 6152 9503 1541 4358 6445 405 9936 5141 3590 2653 2042 2835 1045 5899 6481 9863 1885 667 3438 2035 5846 476 4828 610 342 2565 1600 6270 1720 7784 9936 9983 6341 154 3808 3757 2240 9948 2398 3214 9170 5636 4115 9428 3693 8049 5902 8426 7185 8288 8886 1303 1004 4457 1427 2529 6404 1775 6872 619 3750 4917 5036 6728 6234 8093 7129 9614 7525 5560 9791 1139 8686 3767 6912 8422 1846 8352 162 6365 9131 976 3284 9872 2852 1199 1455 8623 165 6509 9781 6083 9885 2253 2264 4494 5088 7838 6159 5308 6749 88 3432 9397 217 9361 5375 9113 8148 5482 7313 7153 2380 9338 9154 4450 5880 8806 1991 9772 9850 1630 2595 5849 8144 8339 3322 7125 5795 3024 8346 1861 3309 4426 786 943 693 7400 6841 6556 9965 4312 6887 6318 4382 8299 2182 950 9934 4022 3495 4697 2818 3960 8386 6520 3903 8283 4535 7911 9503 3825 9913 4604 199 1304 963 2067 1390 7015 5841 3946 7849 5973 3391 1312 8091 6629 5929 8469 8153 8553 5484 9540 474 1822 8571 5540 2286
1214 8174 4171 7507 2990 2322 2655 3112 3878 5515 8516 5482 580 610 8570 7441 9509 2878 1377 1783 9779 5508 674 4916 9476 8063 8539 7362 6889 0 25 9988 5986 8633 3404 1691 1171 9657 5579 7517 229 6044 3188 4248 918 3045 7323 6018 904 5565 1220 4631 886 2048 4462 3141 8566 3006 8430 6573 984 2055 3296 6314 3731 1814 614 3432 9390 3902 4049 8299 7556 616 9121 8064 429 617 4403 4800 1470 4968 7453 7482 3263 3305 1141 375 3204 7002 6011 2492 6161 2731 4907 6557 8620 7590 9516 1714 5198 6646 8907 4860 2783 3744 2633 7220 8021 2260 63 776 4320 910 4367 6239 9049 3830 3865 9315 8262 3008 9920 3027 3189 5912 6510 243 422 3952 7097 7226 4855 9894 1477 6546 8350 6763 8198 3873 4919 6553 7591 1516 3141 5583 5173 235 3525 8171 1489 48 1322 2864 1543 9018 2617 6081 232 2299 1776 4851 8176 28 7348 6450 3392 5445 7953 3486 6595 7325 2092 6539 416 6217 4783 5785 8500 4644 1358 8774 9184 1948 8680 6329 3325 2827 6928 4663 4506 915 5441 1710 4833 4073 1505 7929 633 6773 6596 844 7764 7276 895 7740 2495 4248 8826 7502 5127 851 9423 2421 9187 9209 394 6207 4182 2247 9501 7916 9826 2926 6508 2222 3833 6817 271 533 706 5502 6494 99 5189 4834 1317 6704 5646 1320 8265 7192 7417 441 1606 1754 9748 131 8157 5004
7767 6412 2427 1028 2567 5150 7927 2684 6762 1034 2398 9364 685 7843 8797 3232 6560 8646 9512 1888 8296 4142 4474 8604 6432 635 5753 407 7691 25 0 445 1147 1906 7635 8046 9991 9058 1222 82 6116 4361 6904 2031 5155 1763 6882 1659 2481 6054 7261 3104 3205 1791 1731 6806 7287 371 4268 3526 6157 4552 1191 1851 209 1532 7952 6574 4540 1887 3042 8775 7041 4698 6130 4620 9687 5488 5704 8449 1343 1206 3953 9049 3392 3264 6193 4443 6224 7843 8369 7756 2275 2788 6670 2554 9936 7694 2026 9390 810 6323 3946 7123 5699 9529 1184 9146 243 9179 6982 7436 1833 5506 1329 7142 3673 167 7495 7260 8173 4379 8608 308 7234 6496 9657 2411 1857 6863 1406 9205 2551 346 8010 4355 2926 670 9622 49 3323 469 6027 5861 5052 6151 1281 7023 2992 5591 278 5000 6855 8461 5093 3802 6777 9851 6760 8181 2535 7559 1572 1314 2055 321 9157 8242 8674 4809 5378 7177 7789 5437 6327 4687 8191 509 8168 984 5104 7624 3832 1652 1627 4183 6033 4067 4737 6340 9370 3659 3901 4762 3802 4528 7435 5310 9885 4762 2628 1806 4222 1402 1290 7801 6842 9743 6956 9229 6708 6874 3184 6758 5250 7165 8909 3366 8162 8485 208 2356 9338 1241 5496 2698 5454 6098 8527 1005 2374 5202 7192 2540 623 261 7392 5575 1487 2846 5621 9313 2331 1815 8422 8345 1085 7923 9778 5526
2831 7754 5066 6145 6015 7306 6030 9379 7686 4986 6386 1912 4781 78 1732 6712 8742 6474 473 7715 9169 5094 9206 594 2658 7308 2732 8532 2553 9988 445 0 7760 8081 1783 9237 1792 5725 6956 4000 6709 8921 1542 4250 1169 7554 6318 8483 9720 2090 2 9580 6164 4359 5857 3690 1379 9535 3583 8054 5562 8291 5456 1996 8749 6278 7448 4623 1031 8334 5513 1754 6883 246 8795 4748 7979 7042 2762 211 5898 8023 4229 8505 7923 6873 6019 4525 543 5263 3603 8372 8827 7087 9615 5042 6448 8346 6218 1216 2721 1604 9678 5417 3112 1729 8240 8695 1578 8539 5180 9431 6478 4042 326 864 114 9433 4281 788 4732 2512 2282 7855 9900 4432 3186 7701 9820 9432 8647 491 9463 9229 6091 7334 7357 61 2481 4417 3640 7525 889 8886 6434 9706 7498 3467 1649 1342 2713 7146 6538 5422 8486 8774 4492 392 8745 5545 8223 6853 2613 7605 4966 9642 9687 1945 9997 4656 9499 3181 2195 5837 7292 5305 3933 7754 4093 3531 5205 975 3445 2543 2941 3393 1787 2745 895 5578 7509 61 5050 4532 6074 1923 1949 161 8214 9747 797 8650 2360 9289 5984 2289 1433 288 8446 2830 5808 392 8622 6148 1075 6707 4467 7988 4289 2964 7494 1675 2524 5690 1047 8490 1635 1072 2993 7397 8856 6043 2462 3984 2973 5967 999 4024 9236 4005 7041 9974 3857 9611 110 6829 9427 6881 4004 3811
