100
0 1019 9687 3719 890 5422 9917 3906 2748 3992 182 418 1056 9336 1383 4643 8807 8009 6856 8331 5581 9928 9485 1516 4910 831 8434 2020 8570 3903 914 213 8278 3627 7180 5865 6908 9540 9555 94 78 5983 1888 1056 8930 4804 501 4107 3253 3916 3290 2800 7360 4758 3497 8309 4065 8601 6537 7868 9004 5159 7767 6943 5712 4073 8678 21 2858 3367 6593 3480 8280 3255 1059 9713 4507 182 7094 4915 5339 1896 9950 5939 5963 3345 7532 3450 8272 4582 2734 5244 6036 4252 9085 9220 5123 5520 4955 3719
1019 0 7957 5587 7649 9962 5428 3299 8866 2606 1231 2587 8317 6915 2734 9340 9967 286 8400 2391 1346 1405 4207 7505 7556 1886 8280 399 1361 8486 4199 6988 6707 3784 7235 928 5752 4314 5004 1602 6568 114 3850 6702 868 4091 2162 8554 6481 6016 3886 6837 3281 7453 310 7005 1410 954 6363 6976 2589 481 3222 3184 9522 7828 3968 6252 3605 4892 9598 2482 2895 3449 9954 9360 6774 7082 7811 4075 2660 1146 2063 4355 9876 9302 1794 95 1526 6517 2489 4981 9636 2476 2414 7055 3218 926 9295 4321
9687 7957 0 5445 1241 7233 7638 4760 6917 9220 3485 8598 1589 4764 7635 8428 5447 2984 7183 394 419 4314 6330 2344 9499 3109 8673 7491 7980 8060 2916 3176 2145 2701 6818 1725 8643 8800 86 2715 1837 479 7559 5104 8261 4954 5240 4785 4710 4965 2887 7001 2770 2024 3637 300 4844 3112 7950 396 9208 8606 129 5640 6714 5851 2379 2145 7793 6452 9086 4216 5637 7505 2793 3707 4738 4374 2419 1070 3014 2660 1758 425 4588 9277 8567 3739 4681 9943 1107 9789 9995 5392 4676 5276 9263 1367 997 7433
3719 5587 5445 0 4717 7117 2180 3460 2589 4838 3600 2882 4291 862 9767 9793 5260 6723 8992 6358 5916 3415 6228 4387 3560 8531 6180 5892 521 3147 7351 6119 5457 3004 3796 1765 1052 5147 9579 9605 5884 1031 6046 4090 7460 5407 287 8660 364 6459 8577 2914 6133 3923 8068 2280 5377 9513 6246 5657 8829 854 5458 8357 5290 8159 1699 3757 2226 3912 6740 4846 5485 1906 7632 1916 9667 5942 6019 2820 3316 198 5145 4876 7830 112 5203 9051 2021 5295 694 5291 7646 5583 2025 6050 4885 3579 7097 2221
890 7649 1241 4717 0 620 289 9163 3751 2100 9043 4797 9780 2554 5925 6182 3236 2075 7294 5445 8631 3722 2077 2891 5341 1941 4166 6279 3107 5586 1399 8873 3032 616 73 7059 4940 3363 5227 5962 1695 8812 9185 1714 6879 7204 118 881 2814 60 3449 6581 9019 6680 6992 7005 227 5610 9244 3088 2804 4898 9032 8126 7534 8926 2734 116 918 9141 7835 7538 7179 9556 3406 2010 8660 4448 8223 8177 4030 556 4352 8209 7125 3769 423 1246 2000 8589 1984 4835 7103 2178 5098 7718 607 3558 5259 8124
5422 9962 7233 7117 620 0 7955 1448 4672 9303 2194 1071 1697 6915 6692 6648 8599 6362 7552 6970 9777 7402 9505 1445 6508 4241 9962 4519 5736 4112 7200 5527 9152 5993 8400 8004 304 6444 1689 5574 8128 6867 663 7045 6779 8077 840 3305 2531 8842 624 2703 2437 4750 6991 4910 8100 2698 4466 7418 649 8391 9161 7444 1080 2974 9615 3924 3506 7493 1289 9750 3767 3255 4388 6309 1440 8324 6527 2135 4406 8677 2298 8479 5311 1944 3870 5687 1130 157 1513 7186 8701 2368 1184 7632 6360 4966 3218 2980
9917 5428 7638 2180 289 7955 0 7781 3028 5884 9535 5496 6634 3411 5644 622 7335 6467 2471 4462 2873 646 6418 1519 4792 2620 7205 6840 9580 9180 1083 3521 6696 209 2701 2151 732 260 6245 3612 6037 6802 508 4296 2590 4315 7980 1294 1244 6343 8867 7516 7930 3365 1969 6702 2542 4126 8289 8371 2862 6084 257 221 9176 616 9029 1482 526 3736 9686 8983 3221 4449 7047 3908 2150 4161 6719 3554 6184 4004 6559 9022 63 2569 9646 4309 5831 8053 9412 2010 6716 9555 7080 5289 9920 5770 4807 424
3906 3299 4760 3460 9163 1448 7781 0 7711 8974 8474 5525 5780 9374 6823 4663 535 5322 1901 7576 4806 5479 5311 3013 5447 8443 1351 8941 9082 7454 7431 1021 6398 8769 3758 8194 6309 1004 4889 6809 2212 4507 3701 3925 1118 8152 9788 7914 1622 4033 8903 1167 9948 5527 9458 9877 6016 5219 2578 3843 6716 491 5238 5316 1558 1867 1375 5803 2089 8767 950 1979 8023 9657 9592 7792 9007 1437 8365 978 1960 6370 7710 7646 7878 6811 1440 484 2127 5658 5583 840 8893 1516 1355 3805 3358 4788 9259 7334
2748 8866 6917 2589 3751 4672 3028 7711 0 6010 9063 8979 9622 5931 7458 5864 7905 7923 889 1496 6522 5179 3741 696 2178 3404 4052 1039 1107 2330 6417 3615 978 8882 2839 1784 4426 3293 2835 8164 9050 5777 6221 3339 2535 9675 4718 3953 4421 6696 9157 741 8887 7771 2173 4346 4328 890 5105 387 547 6380 5286 1129 2662 5606 7811 5075 6111 7481 6995 4699 4506 3596 8439 1227 7321 9128 933 6538 8325 9023 9263 8965 6568 7427 4208 7825 8123 8642 8127 3566 8121 3767 2163 1017 552 8347 425 2980
3992 2606 9220 4838 2100 9303 5884 8974 6010 0 2915 7735 4192 1856 4832 7435 3529 7533 7407 6926 9065 4036 2059 6789 5338 6826 392 9986 8638 8577 440 8580 1270 3570 7951 612 3650 522 7425 7276 4083 302 7814 8652 5167 3794 5978 7501 6009 2552 5330 5347 9956 697 4578 7977 4164 6065 7270 1546 9513 1232 7204 3915 9689 5776 4304 6565 704 2168 6029 2970 388 6220 8586 8932 1116 8239 6980 6799 384 182 54 476 5804 4861 6802 3836 2644 5472 2497 8213 7704 1051 10000 4039 1289 7675 1258 592
182 1231 3485 3600 9043 2194 9535 8474 9063 2915 0 4373 8073 1863 42 8680 452 4350 1924 5609 1796 2787 6302 1749 7722 8000 8879 4401 5051 5428 6187 8610 5965 5993 7665 5693 4951 2819 5534 3946 9110 448 1935 4354 9856 7526 7819 1722 9039 5204 9859 4442 8987 8229 5466 6657 9537 7472 2612 5605 7889 476 3016 3245 3448 2776 827 2 1176 7853 2328 7367 4120 6973 695 4876 8868 2169 3481 5422 9806 1015 1511 6584 5093 8582 66 5248 2661 998 1264 7325 6104 7727 4091 7932 8225 3347 237 2697
418 2587 8598 2882 4797 1071 5496 5525 8979 7735 4373 0 3524 6401 7050 8277 1553 5314 1224 6711 9850 3580 9807 5366 9827 558 8143 3746 5549 1601 838 6316 9979 2220 3296 932 7959 2598 1839 5614 6592 66 3659 4049 5600 5778 6565 7348 7356 9619 9881 4759 8037 9815 7892 5470 6681 6341 831 2309 4456 5630 5299 1507 2538 7106 6991 2904 7951 6380 132 490 596 9735 5667 818 2986 5899 9548 1467 2187 3105 3153 955 9521 1567 4183 1277 5778 6794 2540 6867 1463 9187 3447 7974 5863 6260 7162 5792
1056 8317 1589 4291 9780 1697 6634 5780 9622 4192 8073 3524 0 5672 7900 7328 1142 7348 1934 4887 4244 7100 3224 2200 8586 4909 2317 941 2779 6341 8359 4463 6470 7233 3502 4678 4924 4843 2882 865 8374 7793 7693 7987 2247 2131 8010 4267 9051 7824 6194 1331 4483 2295 8919 2014 9923 2695 2637 7723 6790 5575 7210 9840 2062 1239 5317 6188 2570 8134 8188 8054 5731 6156 2656 5730 5062 6918 6088 6630 2493 3306 2764 2099 5623 9759 6430 633 7937 9379 11 37 6670 5356 7308 7579 3632 9651 4453 2444
9336 6915 4764 862 2554 6915 3411 9374 5931 1856 1863 6401 5672 0 2085 8285 1520 9390 2613 9740 4007 2675 6637 4323 6114 6135 7681 9281 648 8345 5875 9975 5870 5178 9560 5887 5604 8454 747 3272 2924 4946 306 9006 4565 9509 1280 9477 7035 5028 7004 7434 9602 9628 4984 224 8662 4671 5828 236 3648 5476 2712 2271 7828 9290 9277 4926 2051 9898 9033 192 2105 6054 5299 6179 3310 6486 9636 9193 9561 8746 8264 4312 4264 4925 6490 7650 1041 3865 8989 6956 9035 6427 6800 4900 4869 1779 7400 423
1383 2734 7635 9767 5925 6692 5644 6823 7458 4832 42 7050 7900 2085 0 9618 2450 9871 8383 1804 4784 9854 6780 4152 9260 9518 3276 7087 5715 2877 9655 1865 7827 6537 8014 5891 1148 2340 4778 4118 1685 9344 971 991 3148 7810 6906 3431 4443 2881 8360 8859 1193 1089 535 4025 2874 4077 3514 5407 8299 6814 6367 5099 7716 4480 6706 5668 5288 8620 742 5425 924 6585 1936 9747 3952 445 811 377 3013 2199 8925 6118 5038 8452 3712 2887 9903 4046 2859 3840 684 5194 4629 1763 1651 7687 4820 9297
4643 9340 8428 9793 6182 6648 622 4663 5864 7435 8680 8277 7328 8285 9618 0 1169 4334 4479 2756 8494 6046 9878 9323 7963 9991 6018 7113 9727 1029 3231 2546 4102 8008 8948 8795 3128 2716 5862 1770 556 9873 4792 6981 3291 1354 7641 1567 836 9242 6708 7522 6786 3229 895 6118 2511 4118 9151 9834 2533 8965 2589 5823 9212 7521 8629 1118 2268 7228 1753 3139 220 4288 3573 2218 8375 1716 7075 686 6947 6375 374 5849 9629 1902 8146 5347 9833 5987 6417 2868 3862 1963 9549 4428 8292 2037 7560 2865
8807 9967 5447 5260 3236 8599 7335 535 7905 3529 452 1553 1142 1520 2450 1169 0 2652 6403 9494 3682 7777 6073 7184 4194 8972 4396 2002 655 4064 2343 9114 7521 6831 2731 4814 5028 4551 3700 4501 1460 7669 6082 9548 6496 1288 2501 5508 275 7484 9842 9434 7820 5694 9895 1494 1348 1625 7644 6397 6771 113 896 2029 4303 1623 8033 2195 6365 5300 1157 9658 2954 1927 3150 1346 7789 3552 879 6924 6016 9842 8652 3481 7584 9139 2509 5882 6668 5393 306 9946 4735 1796 8430 57 8489 1594 9289 7279
8009 286 2984 6723 2075 6362 6467 5322 7923 7533 4350 5314 7348 9390 9871 4334 2652 0 7856 5931 5546 4358 3460 9946 9010 7610 5967 2403 2743 5962 4145 7618 3099 6953 961 3981 6107 8426 7058 9445 5303 7580 9197 4037 763 2481 3954 3225 4847 4450 4844 5921 7039 6378 3930 8643 6050 750 609 4085 6956 642 647 197 6654 5771 7176 1517 7586 2652 4640 460 5349 8067 8320 6703 2385 7257 3214 2367 4123 9475 4129 3013 7009 7994 56 9692 5564 9234 1008 8317 2969 5810 5977 6534 2792 4823 8810 5460
6856 8400 7183 8992 7294 7552 2471 1901 889 7407 1924 1224 1934 2613 8383 4479 6403 7856 0 7645 7558 6496 6838 6063 1880 3875 9004 4217 2368 2568 5478 3702 937 9319 1073 3054 6684 7340 1641 6195 4818 1619 3842 5606 9916 9396 2412 5609 7131 7764 6520 1092 9162 9574 8111 9897 504 9567 8742 709 2380 729 8453 716 4953 3606 7002 689 3517 4590 9932 3020 3660 1130 6800 8490 7253 4402 1506 151 4269 8269 2617 6590 2274 392 3338 9013 9422 3907 5421 2320 1667 8967 2279 9229 5679 5556 7291 2471
8331 2391 394 6358 5445 6970 4462 7576 1496 6926 5609 6711 4887 9740 1804 2756 9494 5931 7645 0 8312 9884 4847 4396 1524 4557 6052 8943 8510 5288 3077 8393 9029 1745 4747 7025 825 9781 877 9741 4175 9504 1098 3487 492 2694 3529 3452 8877 7656 5753 9193 8503 9211 9581 2969 6642 4230 9460 3579 8725 2514 3596 9066 2577 42 4362 7787 531 8880 4388 8654 5267 4728 8392 9660 3586 6692 573 9281 8605 6395 499 338 4598 8598 8528 4695 843 6869 7032 9416 303 6624 8752 1679 590 7818 3945 1338
5581 1346 419 5916 8631 9777 2873 4806 6522 9065 1796 9850 4244 4007 4784 8494 3682 5546 7558 8312 0 7038 7608 9922 8816 5310 8196 981 8574 4774 5576 4361 383 3616 3035 7590 5806 2169 6307 3378 2069 217 6805 9827 4272 507 3385 7598 2964 5150 8777 7969 4015 5882 1990 568 8744 3084 5896 124 8662 7586 1371 7592 5502 3496 9786 763 6093 1617 387 859 3618 4538 7753 6631 4886 4190 4727 4289 6529 5048 600 5008 4494 8904 344 9973 3716 8460 8897 5323 2321 5263 4278 9361 7789 75 9562 3027
9928 1405 4314 3415 3722 7402 646 5479 5179 4036 2787 3580 7100 2675 9854 6046 7777 4358 6496 9884 7038 0 6924 6175 5597 6484 3984 793 2448 5048 7068 4093 7116 4929 1997 6921 1700 1124 4057 2760 2594 2823 6113 3546 4625 4791 3942 2626 3587 7807 782 3071 9234 8659 9384 3861 4914 8848 9976 1161 2147 2003 3178 4068 5810 8404 2015 7346 273 1627 9620 582 3921 4275 1719 9127 6423 8454 1130 7880 4696 3837 6229 1809 4880 8423 63 3443 2918 1215 205 4828 1781 6358 1064 1549 5716 5379 222 6587
9485 4207 6330 6228 2077 9505 6418 5311 3741 2059 6302 9807 3224 6637 6780 9878 6073 3460 6838 4847 7608 6924 0 4458 4637 8183 6715 5473 5021 2213 7207 5341 3506 7880 2369 9792 201 6517 3833 7132 6331 5752 4441 9489 4329 1117 2506 6914 6903 5969 9007 6161 2616 6200 2551 2724 5209 8147 1337 8128 222 489 2451 3601 2028 5537 4858 2288 7417 7021 8217 5660 3006 1019 9124 6512 3479 1367 9354 5953 129 1310 7082 6576 7656 7436 4760 9050 5293 9988 416 2015 7846 5896 2906 6138 7163 2645 9227 3427
1516 7505 2344 4387 2891 1445 1519 3013 696 6789 1749 5366 2200 4323 4152 9323 7184 9946 6063 4396 9922 6175 4458 0 1756 3729 4356 9334 1448 5367 246 2832 3098 8646 8710 3793 9928 1285 9205 5562 8006 2730 4091 2863 792 5859 1227 277 2907 2658 4117 7359 291 5859 9733 68 8107 9784 2786 1857 7917 4967 5851 3586 4015 8257 423 1822 2214 2742 4506 3100 5048 9577 9889 1701 2523 9104 4723 3477 9123 5367 7337 8172 781 973 6176 2586 9599 5900 5491 3107 650 5949 9836 340 1805 1682 6462 2498
4910 7556 9499 3560 5341 6508 4792 5447 2178 5338 7722 9827 8586 6114 9260 7963 4194 9010 1880 1524 8816 5597 4637 1756 0 6491 6180 7751 7226 7779 8553 8411 7817 8417 7407 7312 8568 5808 8623 6213 2602 9447 5997 8191 8699 2948 8871 6162 7176 1930 7594 9260 1872 5494 8392 7512 8575 1543 7441 6056 7051 7811 6472 3286 3975 2735 6715 9729 8645 4294 2158 2799 1607 6088 5235 3422 3853 8347 7127 4929 1665 1217 6635 3749 8133 6542 5908 8152 726 2659 4648 6638 5663 610 8924 7728 2195 2496 4584 2641
831 1886 3109 8531 1941 4241 2620 8443 3404 6826 8000 558 4909 6135 9518 9991 8972 7610 3875 4557 5310 6484 8183 3729 6491 0 3277 6629 2720 3493 8654 1285 8104 7058 5628 6705 2881 284 6428 3830 7447 4231 4063 7115 5264 5758 2889 4356 1036 6658 73 3581 2934 74 9858 5422 797 9886 5687 7352 1894 9562 867 4172 9665 4698 679 6866 5216 4892 7454 2182 8349 5172 5467 1521 1836 9736 834 3752 2409 8483 2766 9144 3959 2781 4410 417 7503 6025 2636 5603 9597 3929 9697 5530 8519 7877 2199 849
8434 8280 8673 6180 4166 9962 7205 1351 4052 392 8879 8143 2317 7681 3276 6018 4396 5967 9004 6052 8196 3984 6715 4356 6180 3277 0 1256 6364 2759 4943 3647 6443 8998 3421 7400 874 5836 7579 1357 2634 4303 65 3520 9386 5821 4403 4787 3785 5466 1196 860 9446 9963 2154 5952 5412 8103 8977 4085 912 5661 1402 7153 5907 1268 5401 6366 2097 1335 9260 6175 1320 9443 710 9908 4901 7136 269 5143 726 2377 5225 4314 1694 7834 2299 6798 1714 1334 7552 1464 2436 2072 6567 7869 177 2604 6995 8792
2020 399 7491 5892 6279 4519 6840 8941 1039 9986 4401 3746 941 9281 7087 7113 2002 2403 4217 8943 981 793 5473 9334 7751 6629 1256 0 3112 7980 4470 9106 1747 6625 2286 9491 6380 5107 7832 1076 5848 7562 3099 4898 9131 2869 6748 6204 8155 2309 2665 4815 4228 8116 380 827 1422 2907 8954 8165 4560 8973 9420 828 1137 2728 5080 1717 3051 8385 5389 9883 5957 4043 8283 6602 4919 9795 3578 2849 8444 4176 2902 8864 417 8815 3521 4409 3635 7692 5794 4449 216 2150 593 6674 8665 5696 6315 9433
8570 1361 7980 521 3107 5736 9580 9082 1107 8638 5051 5549 2779 648 5715 9727 655 2743 2368 8510 8574 2448 5021 1448 7226 2720 6364 3112 0 7344 9390 6509 4126 226 2150 8948 5319 2576 3499 8685 5805 2291 9923 8325 5787 4230 5946 5338 5118 9362 7978 311 1427 7790 6191 9181 7227 196 4214 6900 8779 7785 8051 7915 6011 6864 7876 805 3461 5085 7561 2380 6666 1489 5722 8811 7050 4987 9898 7207 3946 1464 1173 2116 5394 5497 3684 798 9822 8490 3759 1843 7789 9897 7336 5098 9307 8647 2227 9530
3903 8486 8060 3147 5586 4112 9180 7454 2330 8577 5428 1601 6341 8345 2877 1029 4064 5962 2568 5288 4774 5048 2213 5367 7779 3493 2759 7980 7344 0 8935 6931 3996 271 3566 7312 7290 7588 1615 2221 4376 440 9861 7068 8919 8105 2616 4135 6131 5253 7130 7160 336 4921 87 8217 585 8427 4628 9179 8779 7155 9756 2199 1382 5758 4571 7838 5237 9346 6594 5177 7388 5300 7751 7202 2713 384 9606 6091 3512 7386 1244 7392 3262 9590 2473 263 9963 2098 7374 3160 6795 2063 9596 3079 1262 7011 4603 7929
914 4199 2916 7351 1399 7200 1083 7431 6417 440 6187 838 8359 5875 9655 3231 2343 4145 5478 3077 5576 7068 7207 246 8553 8654 4943 4470 9390 8935 0 1568 3136 2051 3072 9734 8880 7905 1865 4540 7713 9500 9867 4660 9364 6933 7791 2493 1365 1966 3757 6941 921 2292 3309 2230 3648 2990 3193 4469 1815 9078 3517 596 2306 635 1399 7273 66 3053 3275 7601 9276 1886 3451 6735 8175 4615 2387 9043 7184 3044 8050 1175 8036 4466 5504 9712 630 4599 749 8555 6790 5439 8334 161 7717 2029 7263 484
213 6988 3176 6119 8873 5527 3521 1021 3615 8580 8610 6316 4463 9975 1865 2546 9114 7618 3702 8393 4361 4093 5341 2832 8411 1285 3647 9106 6509 6931 1568 0 3441 5907 1365 9661 6410 521 968 6827 9604 8341 7983 1576 9668 4962 3570 5942 9137 5368 1185 5809 3569 2058 3206 8056 5594 2817 4130 6049 8987 6284 8840 3595 5343 1768 9798 1669 2302 8502 5549 7437 7976 1709 9583 9467 6949 9010 8043 2052 923 416 6226 611 3421 6451 5443 2678 8243 8735 3477 4358 3994 1513 7690 9746 730 7985 7042 7162
8278 6707 2145 5457 3032 9152 6696 6398 978 1270 5965 9979 6470 5870 7827 4102 7521 3099 937 9029 383 7116 3506 3098 7817 8104 6443 1747 4126 3996 3136 3441 0 3004 6062 9223 537 9380 5010 2022 5432 9326 1899 5589 3611 4379 8392 1416 2125 1897 431 4509 7920 6493 5179 4075 6791 4743 2296 4410 6891 8111 2315 494 9229 1340 1079 3317 9094 7880 3639 2823 8650 6849 4333 2881 1444 7464 6768 5446 4210 7235 6110 4704 3910 9971 5166 6643 8842 4924 2580 7055 1661 3775 7372 9346 2739 5331 8823 1340
3627 3784 2701 3004 616 5993 209 8769 8882 3570 5993 2220 7233 5178 6537 8008 6831 6953 9319 1745 3616 4929 7880 8646 8417 7058 8998 6625 226 271 2051 5907 3004 0 4403 2968 3634 5242 9501 9635 4247 1128 6083 6216 4065 9384 6029 9555 5657 2532 7486 2892 9628 2706 1253 4709 5657 6865 475 8511 2178 4912 5391 2261 4616 8535 6258 6681 8837 3178 6928 4765 8568 1043 4045 6726 5262 2378 5186 2160 7423 1814 8415 2976 4525 1726 9628 7207 3853 290 9201 9025 3629 533 720 579 8281 8181 8872 5781
7180 7235 6818 3796 73 8400 2701 3758 2839 7951 7665 3296 3502 9560 8014 8948 2731 961 1073 4747 3035 1997 2369 8710 7407 5628 3421 2286 2150 3566 3072 1365 6062 4403 0 6140 7335 340 8871 4702 8776 8508 2439 4194 9464 6640 3664 7291 8674 3746 1215 5108 8120 7632 5392 8535 8712 8646 760 3 3452 3185 3834 6086 8663 9808 1025 1094 3477 7028 2997 1159 4389 1600 7399 9840 8533 9543 9816 5093 4813 7328 2322 9394 5984 8032 7017 4940 4663 4188 4512 3280 2293 4895 5025 9890 5609 8901 1101 2351
5865 928 1725 1765 7059 8004 2151 8194 1784 612 5693 932 4678 5887 5891 8795 4814 3981 3054 7025 7590 6921 9792 3793 7312 6705 7400 9491 8948 7312 9734 9661 9223 2968 6140 0 8069 3808 1379 6883 449 2181 7185 6484 1532 6675 8740 5599 1033 68 7171 2117 2362 4587 6926 6957 8406 9859 2319 3927 5488 4840 8113 3881 4519 3582 6648 8867 3028 8124 907 624 5231 8495 706 6967 8342 9337 1984 7375 7147 1321 1442 30 4118 5117 7349 4992 2727 8944 6963 330 2050 9855 9103 9271 6251 4723 5033 8890
6908 5752 8643 1052 4940 304 732 6309 4426 3650 4951 7959 4924 5604 1148 3128 5028 6107 6684 825 5806 1700 201 9928 8568 2881 874 6380 5319 7290 8880 6410 537 3634 7335 8069 0 7032 3394 1877 9924 317 2259 4440 3827 2083 7407 1272 1146 297 4107 7158 4716 9587 5684 4919 9447 221 3107 1641 5705 7788 6939 3490 3367 3698 4572 1708 9649 6519 5520 6672 8276 6377 2572 9863 2207 9979 5299 1176 5954 866 2336 5054 2315 5504 8465 4410 4031 2179 8913 2253 9905 6951 2393 634 6727 4479 8755 4747
9540 4314 8800 5147 3363 6444 260 1004 3293 522 2819 2598 4843 8454 2340 2716 4551 8426 7340 9781 2169 1124 6517 1285 5808 284 5836 5107 2576 7588 7905 521 9380 5242 340 3808 7032 0 4107 7417 7123 5560 2426 2240 6054 1269 4816 8335 3442 4342 2793 8421 8950 7434 9147 6566 5191 6233 1882 7728 9648 4663 4972 2115 3720 4378 7779 9088 2499 6338 4170 1238 5351 2402 4854 4505 9160 8600 2602 6200 6055 3996 596 1316 2438 3761 6502 1593 1983 3759 5055 8547 1944 6309 9433 8323 1644 6198 6102 7026
9555 5004 86 9579 5227 1689 6245 4889 2835 7425 5534 1839 2882 747 4778 5862 3700 7058 1641 877 6307 4057 3833 9205 8623 6428 7579 7832 3499 1615 1865 968 5010 9501 8871 1379 3394 4107 0 7062 478 3535 1561 7080 7984 2585 5734 2984 9743 7107 6999 3440 7396 2088 6709 603 8678 5306 6108 6123 9914 8618 9184 8477 339 2208 2042 2379 6568 3307 5193 7251 1852 9403 1905 8260 802 5363 8272 1470 3593 7265 6687 525 4777 6402 9752 4921 6584 3533 7413 2704 7512 6010 8531 2959 1633 8823 6070 3063
94 1602 2715 9605 5962 5574 3612 6809 8164 7276 3946 5614 865 3272 4118 1770 4501 9445 6195 9741 3378 2760 7132 5562 6213 3830 1357 1076 8685 2221 4540 6827 2022 9635 4702 6883 1877 7417 7062 0 4887 7385 8159 7315 8460 4919 7697 8826 4067 6528 9148 5704 7412 4946 8742 8308 42 8014 2721 5746 1053 8357 7177 9136 2484 8157 7011 5036 5761 8154 5140 8830 342 6765 8526 333 9341 9212 3332 1853 8621 1340 7775 5708 8811 9493 8410 6796 1113 4160 4686 7436 8669 194 4613 7744 9996 6761 5918 7162
78 6568 1837 5884 1695 8128 6037 2212 9050 4083 9110 6592 8374 2924 1685 556 1460 5303 4818 4175 2069 2594 6331 8006 2602 7447 2634 5848 5805 4376 7713 9604 5432 4247 8776 449 9924 7123 478 4887 0 286 2814 5079 7468 1748 5778 3684 8873 3051 9573 255 6454 4232 2881 695 7160 9262 225 7596 9586 7514 9876 6331 4195 7224 5888 8179 5078 8381 5676 2903 4137 5601 7642 8041 4959 3812 4594 6089 2313 4701 2786 3973 2309 5334 8176 6936 4359 9065 781 7183 3405 9867 2867 7804 5953 5843 2972 9125
5983 114 479 1031 8812 6867 6802 4507 5777 302 448 66 7793 4946 9344 9873 7669 7580 1619 9504 217 2823 5752 2730 9447 4231 4303 7562 2291 440 9500 8341 9326 1128 8508 2181 317 5560 3535 7385 286 0 4893 9897 8670 3572 5923 9420 9134 7302 2937 7169 7973 6701 3754 2561 3077 4310 3305 3444 5429 2752 1169 9872 2227 5963 7188 4796 5000 393 7660 3509 3636 5362 9835 7798 7050 9386 7455 8272 40 1590 3097 2658 2626 4331 7093 8226 4028 6103 9751 413 3351 2234 4307 4537 4078 5772 51 4650
1888 3850 7559 6046 9185 663 508 3701 6221 7814 1935 3659 7693 306 971 4792 6082 9197 3842 1098 6805 6113 4441 4091 5997 4063 65 3099 9923 9861 9867 7983 1899 6083 2439 7185 2259 2426 1561 8159 2814 4893 0 3456 8276 7862 4443 7353 4752 8084 822 5507 8001 532 2983 7746 6280 9686 2389 2714 2554 6545 3678 8211 3878 9065 1669 2269 4995 3934 5114 2254 2526 1718 8857 4698 7882 2748 5481 6082 1949 107 2425 7133 7601 2914 6409 4773 4906 3738 7175 5785 5836 1685 5107 21 3979 7305 4640 3358
1056 6702 5104 4090 1714 7045 4296 3925 3339 8652 4354 4049 7987 9006 991 6981 9548 4037 5606 3487 9827 3546 9489 2863 8191 7115 3520 4898 8325 7068 4660 1576 5589 6216 4194 6484 4440 2240 7080 7315 5079 9897 3456 0 7813 5036 1158 9131 3957 6586 5212 6621 8298 1977 8360 2320 749 9206 456 1083 1002 1381 5113 4979 9185 25 8889 2583 7475 3588 6634 9844 8895 7376 7782 6136 6534 1772 204 5731 5417 6105 9354 4324 607 1120 4964 1408 8866 4454 4611 8085 7699 7326 6175 5593 6077 2650 7888 9153
8930 868 8261 7460 6879 6779 2590 1118 2535 5167 9856 5600 2247 4565 3148 3291 6496 763 9916 492 4272 4625 4329 792 8699 5264 9386 9131 5787 8919 9364 9668 3611 4065 9464 1532 3827 6054 7984 8460 7468 8670 8276 7813 0 5544 1416 5206 5056 1418 9561 5521 1041 6260 8556 3864 1775 1239 3451 8757 7714 5597 6673 1028 4219 9759 2531 3147 7237 2081 9068 1732 1891 9986 9531 8000 5434 5684 8055 6969 3837 2391 5727 8295 6895 9146 8570 3368 4 4542 6673 3842 636 348 6173 7989 1485 6659 9672 5695
4804 4091 4954 5407 7204 8077 4315 8152 9675 3794 7526 5778 2131 9509 7810 1354 1288 2481 9396 2694 507 4791 1117 5859 2948 5758 5821 2869 4230 8105 6933 4962 4379 9384 6640 6675 2083 1269 2585 4919 1748 3572 7862 5036 5544 0 6416 9436 9045 5297 9486 3061 7064 1213 2540 5057 8400 2224 1930 2397 8326 2926 948 7835 4481 6421 1349 5197 7061 8707 3047 4647 3779 3550 4205 4681 4384 4959 29 2817 2240 5651 6957 6731 8567 2614 1989 5669 3567 9902 8671 7837 4287 2943 7971 3469 5344 9540 7930 7258
501 2162 5240 287 118 840 7980 9788 4718 5978 7819 6565 8010 1280 6906 7641 2501 3954 2412 3529 3385 3942 2506 1227 8871 2889 4403 6748 5946 2616 7791 3570 8392 6029 3664 8740 7407 4816 5734 7697 5778 5923 4443 1158 1416 6416 0 1546 5862 9748 5899 2626 1922 5470 4825 8045 5521 9424 7692 3083 3764 7423 2670 2166 3917 8038 7759 3601 7494 9557 7193 3079 6721 9783 7803 409 4659 5603 6757 8602 649 3069 1218 2165 4082 1724 3237 9464 1173 8884 569 4610 4879 6298 4538 8025 1360 2408 9817 215
4107 8554 4785 8660 881 3305 1294 7914 3953 7501 1722 7348 4267 9477 3431 1567 5508 3225 5609 3452 7598 2626 6914 277 6162 4356 4787 6204 5338 4135 2493 5942 1416 9555 7291 5599 1272 8335 2984 8826 3684 9420 7353 9131 5206 9436 1546 0 1475 6747 7378 7479 2187 4300 5556 6191 380 391 7324 8784 4181 7814 1304 5816 5738 203 3104 7445 5731 3039 4124 675 9061 4064 8088 7880 2501 7081 3008 4642 301 7885 5223 4528 1781 5274 9639 6452 4354 7826 8360 875 22 8419 9288 3581 1144 1584 2903 7559
3253 6481 4710 364 2814 2531 1244 1622 4421 6009 9039 7356 9051 7035 4443 836 275 4847 7131 8877 2964 3587 6903 2907 7176 1036 3785 8155 5118 6131 1365 9137 2125 5657 8674 1033 1146 3442 9743 4067 8873 9134 4752 3957 5056 9045 5862 1475 0 4828 8695 3350 8549 4167 1967 3099 9666 2368 171 3531 9991 4567 2212 6909 791 3361 9907 7630 8564 7655 8083 7534 6219 8135 6689 561 5453 2597 312 3597 8267 3943 4495 8106 4478 4487 7081 5497 2943 7102 2280 7363 7491 2392 3067 1153 5337 6918 6193 5209
3916 6016 4965 6459 60 8842 6343 4033 6696 2552 5204 9619 7824 5028 2881 9242 7484 4450 7764 7656 5150 7807 5969 2658 1930 6658 5466 2309 9362 5253 1966 5368 1897 2532 3746 68 297 4342 7107 6528 3051 7302 8084 6586 1418 5297 9748 6747 4828 0 6030 9344 965 2325 9547 8711 5280 3789 2277 8051 3008 3371 1571 8545 5992 4052 3881 9840 4330 4977 5122 8935 4848 364 9938 7972 8217 3967 7047 6257 6235 7450 9952 2933 8679 4627 2773 9876 6878 5511 5259 7458 623 8578 8454 8441 4060 9361 3104 5157
3290 3886 2887 8577 3449 624 8867 8903 9157 5330 9859 9881 6194 7004 8360 6708 9842 4844 6520 5753 8777 782 9007 4117 7594 73 1196 2665 7978 7130 3757 1185 431 7486 1215 7171 4107 2793 6999 9148 9573 2937 822 5212 9561 9486 5899 7378 8695 6030 0 5449 3120 1266 4895 6611 7633 6915 7437 5131 7281 6731 6271 9051 2483 8409 6833 6098 6443 1297 4439 4729 4350 9534 3569 1308 3693 1280 456 2701 1290 7490 777 494 7988 292 8475 9385 9365 4154 3174 5922 6419 351 9442 161 3620 3899 9976 4031
2800 6837 7001 2914 6581 2703 7516 1167 741 5347 4442 4759 1331 7434 8859 7522 9434 5921 1092 9193 7969 3071 6161 7359 9260 3581 860 4815 311 7160 6941 5809 4509 2892 5108 2117 7158 8421 3440 5704 255 7169 5507 6621 5521 3061 2626 7479 3350 9344 5449 0 5363 2831 5271 7932 3816 6509 5478 4598 6261 7191 3191 1763 4764 1916 2378 9782 6811 2251 1613 1401 1343 7484 5403 9285 1965 8415 109 1789 5550 3615 3228 6510 8747 4068 4701 1790 6585 8648 4349 68 7020 1657 5108 5703 6195 764 8424 6720
7360 3281 2770 6133 9019 2437 7930 9948 8887 9956 8987 8037 4483 9602 1193 6786 7820 7039 9162 8503 4015 9234 2616 291 1872 2934 9446 4228 1427 336 921 3569 7920 9628 8120 2362 4716 8950 7396 7412 6454 7973 8001 8298 1041 7064 1922 2187 8549 965 3120 5363 0 5288 5676 483 2996 5288 8788 9806 7867 7916 5601 6212 1882 8511 4823 7021 4200 8145 8142 9748 9536 4423 1196 743 5327 6015 9981 7664 6322 7965 2477 7553 9841 5432 4273 6809 4298 1580 3720 2548 3817 2983 5059 6505 5951 2857 3897 8699
4758 7453 2024 3923 6680 4750 3365 5527 7771 697 8229 9815 2295 9628 1089 3229 5694 6378 9574 9211 5882 8659 6200 5859 5494 74 9963 8116 7790 4921 2292 2058 6493 2706 7632 4587 9587 7434 2088 4946 4232 6701 532 1977 6260 1213 5470 4300 4167 2325 1266 2831 5288 0 2392 4985 5147 409 8565 6082 377 8143 187 5086 8077 5900 5937 4743 4855 8940 9185 6465 6391 8272 99 4051 2000 7706 4655 9383 7784 2303 6475 4532 437 4403 2251 692 4403 3569 8528 1333 4140 5348 8088 2516 1771 3567 491 9983
3497 310 3637 8068 6992 6991 1969 9458 2173 4578 5466 7892 8919 4984 535 895 9895 3930 8111 9581 1990 9384 2551 9733 8392 9858 2154 380 6191 87 3309 3206 5179 1253 5392 6926 5684 9147 6709 8742 2881 3754 2983 8360 8556 2540 4825 5556 1967 9547 4895 5271 5676 2392 0 9719 5988 1358 8648 4356 6642 8843 7924 7777 2048 9309 152 6864 8399 1155 1285 5482 4656 3164 8203 8673 9059 2455 2665 4934 3177 6647 9170 4849 6112 2682 6879 5492 420 6330 4517 3092 9997 5108 529 382 3531 6631 4935 5385
8309 7005 300 2280 7005 4910 6702 9877 4346 7977 6657 5470 2014 224 4025 6118 1494 8643 9897 2969 568 3861 2724 68 7512 5422 5952 827 9181 8217 2230 8056 4075 4709 8535 6957 4919 6566 603 8308 695 2561 7746 2320 3864 5057 8045 6191 3099 8711 6611 7932 483 4985 9719 0 8227 356 8117 5027 7160 4075 506 540 1159 1089 6826 1672 881 765 3542 7082 5199 6771 6372 1089 2205 5622 1028 5095 1728 3878 2177 3998 1015 3839 5699 4456 4322 1017 4349 5400 4863 4325 3942 9487 3155 4428 744 8998
4065 1410 4844 5377 227 8100 2542 6016 4328 4164 9537 6681 9923 8662 2874 2511 1348 6050 504 6642 8744 4914 5209 8107 8575 797 5412 1422 7227 585 3648 5594 6791 5657 8712 8406 9447 5191 8678 42 7160 3077 6280 749 1775 8400 5521 380 9666 5280 7633 3816 2996 5147 5988 8227 0 235 9611 6180 4718 9046 2245 6692 2663 686 2765 2051 4369 4849 3366 6061 5841 2112 2484 6135 6119 6495 7584 9984 9136 5055 7401 7921 5098 6820 1700 66 5374 716 9757 4665 4697 1176 9498 8305 8638 715 7754 1188
8601 954 3112 9513 5610 2698 4126 5219 890 6065 7472 6341 2695 4671 4077 4118 1625 750 9567 4230 3084 8848 8147 9784 1543 9886 8103 2907 196 8427 2990 2817 4743 6865 8646 9859 221 6233 5306 8014 9262 4310 9686 9206 1239 2224 9424 391 2368 3789 6915 6509 5288 409 1358 356 235 0 9502 5970 5700 9755 2891 7766 6839 5132 449 8733 1253 5950 914 3456 1067 9666 3934 3655 6540 749 3046 4550 8219 9958 6239 5893 7234 2592 7627 7064 4348 74 8901 5430 218 4984 1591 1660 4539 3461 636 3359
6537 6363 7950 6246 9244 4466 8289 2578 5105 7270 2612 831 2637 5828 3514 9151 7644 609 8742 9460 5896 9976 1337 2786 7441 5687 8977 8954 4214 4628 3193 4130 2296 475 760 2319 3107 1882 6108 2721 225 3305 2389 456 3451 1930 7692 7324 171 2277 7437 5478 8788 8565 8648 8117 9611 9502 0 610 9041 1849 5601 2428 5339 4381 6618 3890 7740 2577 5025 620 7555 1061 6470 3857 173 2787 2608 544 6811 924 1508 3036 5156 7990 8464 1034 1079 4757 9536 244 2888 824 9963 2469 2942 290 7797 2558
7868 6976 396 5657 3088 7418 8371 3843 387 1546 5605 2309 7723 236 5407 9834 6397 4085 709 3579 124 1161 8128 1857 6056 7352 4085 8165 6900 9179 4469 6049 4410 8511 3 3927 1641 7728 6123 5746 7596 3444 2714 1083 8757 2397 3083 8784 3531 8051 5131 4598 9806 6082 4356 5027 6180 5970 610 0 1541 8303 5540 5072 8487 3057 5925 2931 1488 2859 4963 9489 5829 8675 9564 9916 8146 6094 8522 8504 7348 3121 6086 3476 4935 5456 8337 443 9339 7773 8429 1352 1674 7259 1055 7885 3916 7089 2436 7324
9004 2589 9208 8829 2804 649 2862 6716 547 9513 7889 4456 6790 3648 8299 2533 6771 6956 2380 8725 8662 2147 222 7917 7051 1894 912 4560 8779 8779 1815 8987 6891 2178 3452 5488 5705 9648 9914 1053 9586 5429 2554 1002 7714 8326 3764 4181 9991 3008 7281 6261 7867 377 6642 7160 4718 5700 9041 1541 0 7863 6907 4268 3483 7306 7782 4553 2040 3763 4644 2905 4777 7470 5735 6632 8502 9634 2511 4695 2573 4411 9693 603 127 1615 3790 5244 7874 8485 6225 5149 5569 4810 7389 4185 5477 9022 938 1035
5159 481 8606 854 4898 8391 6084 491 6380 1232 476 5630 5575 5476 6814 8965 113 642 729 2514 7586 2003 489 4967 7811 9562 5661 8973 7785 7155 9078 6284 8111 4912 3185 4840 7788 4663 8618 8357 7514 2752 6545 1381 5597 2926 7423 7814 4567 3371 6731 7191 7916 8143 8843 4075 9046 9755 1849 8303 7863 0 6975 325 2388 3975 4302 7474 526 5267 5048 772 4138 3817 3672 9018 1872 120 3754 5571 3189 9129 5131 2520 2702 8208 549 7451 8941 2346 8232 2321 6979 4342 8591 5598 1886 1335 6451 4627
7767 3222 129 5458 9032 9161 257 5238 5286 7204 3016 5299 7210 2712 6367 2589 896 647 8453 3596 1371 3178 2451 5851 6472 867 1402 9420 8051 9756 3517 8840 2315 5391 3834 8113 6939 4972 9184 7177 9876 1169 3678 5113 6673 948 2670 1304 2212 1571 6271 3191 5601 187 7924 506 2245 2891 5601 5540 6907 6975 0 9457 3311 7284 1358 8454 395 4254 8567 1192 119 8413 8963 9658 5820 271 3031 960 5192 7380 7356 2910 9221 920 248 4349 3926 730 215 3845 8718 2451 6760 4183 7147 7886 6900 5175
6943 3184 5640 8357 8126 7444 221 5316 1129 3915 3245 1507 9840 2271 5099 5823 2029 197 716 9066 7592 4068 3601 3586 3286 4172 7153 828 7915 2199 596 3595 494 2261 6086 3881 3490 2115 8477 9136 6331 9872 8211 4979 1028 7835 2166 5816 6909 8545 9051 1763 6212 5086 7777 540 6692 7766 2428 5072 4268 325 9457 0 2341 4569 8571 357 7383 8100 2399 7060 6803 6584 2256 9108 7279 8566 4365 5489 2827 8852 686 5006 2543 6366 9433 9452 2524 4522 6947 5369 786 2911 6139 6872 7583 5666 9937 4681
5712 9522 6714 5290 7534 1080 9176 1558 2662 9689 3448 2538 2062 7828 7716 9212 4303 6654 4953 2577 5502 5810 2028 4015 3975 9665 5907 1137 6011 1382 2306 5343 9229 4616 8663 4519 3367 3720 339 2484 4195 2227 3878 9185 4219 4481 3917 5738 791 5992 2483 4764 1882 8077 2048 1159 2663 6839 5339 8487 3483 2388 3311 2341 0 1844 1533 6331 2499 5904 7944 3189 1841 7221 869 9029 994 9253 483 9246 2892 6914 8397 4159 4470 2354 3752 6033 6683 6607 4022 7602 3074 4740 3291 3159 7471 2677 6154 8086
4073 7828 5851 8159 8926 2974 616 1867 5606 5776 2776 7106 1239 9290 4480 7521 1623 5771 3606 42 3496 8404 5537 8257 2735 4698 1268 2728 6864 5758 635 1768 1340 8535 9808 3582 3698 4378 2208 8157 7224 5963 9065 25 9759 6421 8038 203 3361 4052 8409 1916 8511 5900 9309 1089 686 5132 4381 3057 7306 3975 7284 4569 1844 0 3531 5542 180 2832 2517 883 7822 405 5777 3129 1189 8974 3000 4825 6322 9936 5599 9427 2463 1176 8591 1006 1453 1490 1385 4845 7156 6345 1872 4251 1786 4972 1960 2292
8678 3968 2379 1699 2734 9615 9029 1375 7811 4304 827 6991 5317 9277 6706 8629 8033 7176 7002 4362 9786 2015 4858 423 6715 679 5401 5080 7876 4571 1399 9798 1079 6258 1025 6648 4572 7779 2042 7011 5888 7188 1669 8889 2531 1349 7759 3104 9907 3881 6833 2378 4823 5937 152 6826 2765 449 6618 5925 7782 4302 1358 8571 1533 3531 0 4892 9028 1751 9535 8615 8139 8549 9282 7144 7856 4996 7627 2347 1491 2462 4650 6515 5718 4345 3606 1571 9379 5 3799 5541 7578 364 4111 1813 6252 8114 5299 3719
21 6252 2145 3757 116 3924 1482 5803 5075 6565 2 2904 6188 4926 5668 1118 2195 1517 689 7787 763 7346 2288 1822 9729 6866 6366 1717 805 7838 7273 1669 3317 6681 1094 8867 1708 9088 2379 5036 8179 4796 2269 2583 3147 5197 3601 7445 7630 9840 6098 9782 7021 4743 6864 1672 2051 8733 3890 2931 4553 7474 8454 357 6331 5542 4892 0 1989 2029 3835 5567 2126 5859 6371 8925 3818 8715 430 6351 4996 9984 2746 9501 6009 6663 2251 7099 124 9432 1249 5789 8087 3795 759 3650 5366 8288 7254 6646
2858 3605 7793 2226 918 3506 526 2089 6111 704 1176 7951 2570 2051 5288 2268 6365 7586 3517 531 6093 273 7417 2214 8645 5216 2097 3051 3461 5237 66 2302 9094 8837 3477 3028 9649 2499 6568 5761 5078 5000 4995 7475 7237 7061 7494 5731 8564 4330 6443 6811 4200 4855 8399 881 4369 1253 7740 1488 2040 526 395 7383 2499 180 9028 1989 0 9353 9920 2626 5171 5158 9253 5582 2673 2360 9615 8251 4505 8585 2187 3884 2789 9451 2473 8138 4889 1428 3985 493 3025 8951 1408 8155 6522 2302 5676 9750
3367 4892 6452 3912 9141 7493 3736 8767 7481 2168 7853 6380 8134 9898 8620 7228 5300 2652 4590 8880 1617 1627 7021 2742 4294 4892 1335 8385 5085 9346 3053 8502 7880 3178 7028 8124 6519 6338 3307 8154 8381 393 3934 3588 2081 8707 9557 3039 7655 4977 1297 2251 8145 8940 1155 765 4849 5950 2577 2859 3763 5267 4254 8100 5904 2832 1751 2029 9353 0 2000 8055 2429 3594 2646 5209 7497 283 9865 7510 4185 1071 5791 6418 6337 3298 1221 5836 2363 8609 4286 915 2908 2004 509 2948 3048 799 6779 1226
6593 9598 9086 6740 7835 1289 9686 950 6995 6029 2328 132 8188 9033 742 1753 1157 4640 9932 4388 387 9620 8217 4506 2158 7454 9260 5389 7561 6594 3275 5549 3639 6928 2997 907 5520 4170 5193 5140 5676 7660 5114 6634 9068 3047 7193 4124 8083 5122 4439 1613 8142 9185 1285 3542 3366 914 5025 4963 4644 5048 8567 2399 7944 2517 9535 3835 9920 2000 0 4228 5453 3743 3614 1861 5748 6529 1729 300 2586 9561 8131 907 2012 5733 5484 3771 5319 8862 5713 7474 425 4597 9456 2226 9050 2037 7959 1242
3480 2482 4216 4846 7538 9750 8983 1979 4699 2970 7367 490 8054 192 5425 3139 9658 460 3020 8654 859 582 5660 3100 2799 2182 6175 9883 2380 5177 7601 7437 2823 4765 1159 624 6672 1238 7251 8830 2903 3509 2254 9844 1732 4647 3079 675 7534 8935 4729 1401 9748 6465 5482 7082 6061 3456 620 9489 2905 772 1192 7060 3189 883 8615 5567 2626 8055 4228 0 3896 8375 7874 1265 3509 3497 6710 8012 578 6933 7339 2102 9862 3485 8259 4848 9757 1590 3612 6248 3053 6379 9201 9687 1423 1913 4062 5570
8280 2895 5637 5485 7179 3767 3221 8023 4506 388 4120 596 5731 2105 924 220 2954 5349 3660 5267 3618 3921 3006 5048 1607 8349 1320 5957 6666 7388 9276 7976 8650 8568 4389 5231 8276 5351 1852 342 4137 3636 2526 8895 1891 3779 6721 9061 6219 4848 4350 1343 9536 6391 4656 5199 5841 1067 7555 5829 4777 4138 119 6803 1841 7822 8139 2126 5171 2429 5453 3896 0 2679 3213 4186 9575 1387 6961 136 187 3696 3871 416 7558 8315 8805 9750 5778 7643 4286 6858 6185 6455 9554 5685 4508 2247 2782 5954
3255 3449 7505 1906 9556 3255 4449 9657 3596 6220 6973 9735 6156 6054 6585 4288 1927 8067 1130 4728 4538 4275 1019 9577 6088 5172 9443 4043 1489 5300 1886 1709 6849 1043 1600 8495 6377 2402 9403 6765 5601 5362 1718 7376 9986 3550 9783 4064 8135 364 9534 7484 4423 8272 3164 6771 2112 9666 1061 8675 7470 3817 8413 6584 7221 405 8549 5859 5158 3594 3743 8375 2679 0 9991 9545 9881 5532 8541 918 6556 152 8983 3485 9470 197 2952 8799 8672 3459 1656 6492 7185 4679 6086 982 9329 747 2686 5340
1059 9954 2793 7632 3406 4388 7047 9592 8439 8586 695 5667 2656 5299 1936 3573 3150 8320 6800 8392 7753 1719 9124 9889 5235 5467 710 8283 5722 7751 3451 9583 4333 4045 7399 706 2572 4854 1905 8526 7642 9835 8857 7782 9531 4205 7803 8088 6689 9938 3569 5403 1196 99 8203 6372 2484 3934 6470 9564 5735 3672 8963 2256 869 5777 9282 6371 9253 2646 3614 7874 3213 9991 0 3237 4841 5426 442 1479 6991 6970 8737 3606 3888 9381 5290 5017 3519 6510 639 8984 1755 4726 5112 214 8458 975 3639 9017
9713 9360 3707 1916 2010 6309 3908 7792 1227 8932 4876 818 5730 6179 9747 2218 1346 6703 8490 9660 6631 9127 6512 1701 3422 1521 9908 6602 8811 7202 6735 9467 2881 6726 9840 6967 9863 4505 8260 333 8041 7798 4698 6136 8000 4681 409 7880 561 7972 1308 9285 743 4051 8673 1089 6135 3655 3857 9916 6632 9018 9658 9108 9029 3129 7144 8925 5582 5209 1861 1265 4186 9545 3237 0 2961 6000 5307 5747 8632 860 5192 7676 6098 2822 4069 9923 7067 7461 6308 8893 16 1165 5054 7416 11 8197 1164 9823
4507 6774 4738 9667 8660 1440 2150 9007 7321 1116 8868 2986 5062 3310 3952 8375 7789 2385 7253 3586 4886 6423 3479 2523 3853 1836 4901 4919 7050 2713 8175 6949 1444 5262 8533 8342 2207 9160 802 9341 4959 7050 7882 6534 5434 4384 4659 2501 5453 8217 3693 1965 5327 2000 9059 2205 6119 6540 173 8146 8502 1872 5820 7279 994 1189 7856 3818 2673 7497 5748 3509 9575 9881 4841 2961 0 9578 8043 3376 4263 8235 3492 4515 4109 7659 7236 414 3894 6342 275 9325 2425 4085 8261 6705 5476 888 8452 9846
182 7082 4374 5942 4448 8324 4161 1437 9128 8239 2169 5899 6918 6486 445 1716 3552 7257 4402 6692 4190 8454 1367 9104 8347 9736 7136 9795 4987 384 4615 9010 7464 2378 9543 9337 9979 8600 5363 9212 3812 9386 2748 1772 5684 4959 5603 7081 2597 3967 1280 8415 6015 7706 2455 5622 6495 749 2787 6094 9634 120 271 8566 9253 8974 4996 8715 2360 283 6529 3497 1387 5532 5426 6000 9578 0 8398 5426 6099 877 2459 8825 3934 130 6290 5829 3024 3212 4791 5140 2745 4947 2901 5486 1109 5070 5472 9101
7094 7811 2419 6019 8223 6527 6719 8365 933 6980 3481 9548 6088 9636 811 7075 879 3214 1506 573 4727 1130 9354 4723 7127 834 269 3578 9898 9606 2387 8043 6768 5186 9816 1984 5299 2602 8272 3332 4594 7455 5481 204 8055 29 6757 3008 312 7047 456 109 9981 4655 2665 1028 7584 3046 2608 8522 2511 3754 3031 4365 483 3000 7627 430 9615 9865 1729 6710 6961 8541 442 5307 8043 8398 0 624 7827 7228 5646 5153 2631 5149 5958 4896 4752 6833 8291 9884 1933 8382 6106 5828 3486 5810 7300 4463
4915 4075 1070 2820 8177 2135 3554 978 6538 6799 5422 1467 6630 9193 377 686 6924 2367 151 9281 4289 7880 5953 3477 4929 3752 5143 2849 7207 6091 9043 2052 5446 2160 5093 7375 1176 6200 1470 1853 6089 8272 6082 5731 6969 2817 8602 4642 3597 6257 2701 1789 7664 9383 4934 5095 9984 4550 544 8504 4695 5571 960 5489 9246 4825 2347 6351 8251 7510 300 8012 136 918 1479 5747 3376 5426 624 0 8211 1188 9719 5679 6125 4161 2663 6359 2627 4288 6518 1576 2874 2932 1223 6525 1268 4496 9469 2233
5339 2660 3014 3316 4030 4406 6184 1960 8325 384 9806 2187 2493 9561 3013 6947 6016 4123 4269 8605 6529 4696 129 9123 1665 2409 726 8444 3946 3512 7184 923 4210 7423 4813 7147 5954 6055 3593 8621 2313 40 1949 5417 3837 2240 649 301 8267 6235 1290 5550 6322 7784 3177 1728 9136 8219 6811 7348 2573 3189 5192 2827 2892 6322 1491 4996 4505 4185 2586 578 187 6556 6991 8632 4263 6099 7827 8211 0 5592 5251 5881 5251 4209 523 3904 2329 7712 1111 5336 578 5431 4830 329 9459 7330 7848 5768
1896 1146 2660 198 556 8677 4004 6370 9023 182 1015 3105 3306 8746 2199 6375 9842 9475 8269 6395 5048 3837 1310 5367 1217 8483 2377 4176 1464 7386 3044 416 7235 1814 7328 1321 866 3996 7265 1340 4701 1590 107 6105 2391 5651 3069 7885 3943 7450 7490 3615 7965 2303 6647 3878 5055 9958 924 3121 4411 9129 7380 8852 6914 9936 2462 9984 8585 1071 9561 6933 3696 152 6970 860 8235 877 7228 1188 5592 0 3004 7176 3580 1518 6651 6151 7524 5540 813 863 4407 8597 4303 7665 1420 5784 1833 9833
