150
0 2681 3577 55 5185 8983 9129 6414 881 8898 2916 4370 3065 5828 7476 2637 6484 3475 3068 9982 7908 1734 2733 5176 5784 3333 1720 2115 4616 4848 1806 4203 574 1357 5025 7864 9561 3753 3728 9019 3790 4788 8668 609 4830 8117 3615 367 2093 1851 6969 8310 1851 6581 4804 3796 5680 3531 5437 822 1297 1448 7845 4799 318 4629 2339 8709 716 371 6103 5057 7324 206 1182 2170 4329 1487 320 4384 5499 759 280 6050 6938 2299 1492 8454 3038 7966 6251 9552 2313 9376 7579 9839 1137 5221 9667 5008 1259 6617 8689 1747 2609 93 3374 7011 5144 2324 9653 8605 9639 1053 746 6567 8332 9724 5214 801 3899 8445 9717 313 7521 6381 9415 1609 6329 8389 2668 1697 8978 8033 1595 7479 4941 5418 40 8046 9619 3541 9492 8451 641 4893 2761 6537 7431 9140
2681 0 8264 1344 8357 1052 2511 2307 2453 6666 6764 2222 9300 2457 6076 9752 3068 4106 3872 7832 5014 1583 3570 5195 5113 2419 9176 4916 3722 7798 3071 6983 372 8662 5490 2386 2952 7002 4860 1 643 6186 5315 7224 3512 330 3892 1824 473 4811 1564 191 1119 915 609 6213 6526 1269 300 8977 1823 4075 1729 2554 5148 4338 6384 8355 2653 7843 2781 4173 6805 22 3797 1339 6368 1066 9049 8044 5049 8625 5805 8652 3179 9866 7350 5474 5860 4370 2528 6096 2590 7547 6939 5658 9094 8905 5892 3735 3942 4720 270 6313 5061 9727 7423 2614 4359 4169 2282 4930 3563 9705 6801 4974 3985 9186 8192 3768 330 5397 1115 6814 5969 126 9126 1485 2382 8748 4873 8055 8940 8629 3571 1110 4624 5911 1461 3541 5962 3426 6016 6680 5863 541 1609 4576 4578 2525
3577 8264 0 4371 2576 9796 545 1284 7414 4346 8781 3437 572 9382 3877 1425 9229 1974 3494 4287 8722 3230 4901 7520 6168 6082 7631 9144 3249 5012 4603 2571 2268 5704 9498 2206 1579 3252 3570 6871 6688 6373 3040 9015 9529 1682 871 9735 4170 4810 5773 4642 5657 3948 3194 1622 3435 8579 2453 8677 6282 3144 5850 4574 6890 4229 5625 2642 2207 4069 9765 5509 2155 6769 624 9162 2241 5446 1565 1384 1972 5078 3328 3885 3358 246 3472 2823 5747 5647 884 5565 3070 3311 3262 5273 4454 9056 115 5431 8623 9720 729 8978 515 6526 353 4163 6087 767 346 9398 933 9497 3266 7255 3107 6070 2220 71 8422 2396 6608 3644 3774 4170 3942 6108 7923 7044 1637 9178 1516 6507 8267 9499 8628 7463 7399 795 7425 5421 4292 7999 7674 3596 1901 534 2897 4150
55 1344 4371 0 7868 5575 6285 9953 1558 1959 2724 3358 4646 2061 7073 8497 2416 3069 9362 7781 5786 4003 2937 3885 7205 6321 5885 5190 7649 9466 2634 6028 1647 9978 1755 9073 5844 6672 4177 9753 9556 1369 9913 6239 4688 7136 6039 6423 8681 7291 8948 2655 110 8050 6430 5596 6095 3317 5489 3301 4902 6161 3024 4756 207 2968 4282 2890 9952 8465 5627 4761 8921 4623 312 9033 9000 593 3336 3634 9424 9227 6432 1139 7325 2701 1514 3681 411 5098 6726 5916 625 3480 828 6753 4690 5214 6324 3890 871 5512 8911 6708 1695 8295 4670 3106 4132 2054 3042 1646 1618 5979 1150 8585 2143 5328 3149 3323 1423 4582 5806 8873 3310 7125 5420 1739 4167 2901 8511 5341 2364 2443 4452 5031 8769 868 8205 2257 3420 3592 1222 9973 476 6256 6367 6954 4874 8482
5185 8357 2576 7868 0 8513 2939 8469 4699 2120 9646 9046 6816 5488 831 1468 3592 5414 6042 2644 2330 5592 7500 8159 6427 2249 9279 8607 7690 5632 9981 9582 6042 7525 7931 5309 747 4364 6646 4723 125 6625 9692 2077 1702 4612 3945 3606 8806 6419 5043 2203 7315 3875 1512 7114 8258 899 6553 8087 6565 1473 1993 7248 2191 3253 7271 1877 3105 9874 2178 6025 2940 8558 9112 7604 1504 4856 6003 1494 9430 1751 9219 12 4561 2743 6162 6267 116 7376 3290 8401 2228 60 4840 9858 2527 3493 7779 4644 7864 9108 4462 6897 3919 3102 4031 1293 6971 2293 3299 7349 2805 6539 5610 212 62 4108 9542 2197 6864 953 2291 3811 8002 1700 8468 6231 2456 8881 2196 5814 5816 5827 6055 2305 9488 1065 1560 5452 4051 3841 5984 7344 2342 9000 4445 9264 4382 786
8983 1052 9796 5575 8513 0 1024 2867 3852 6622 1504 3582 7154 128 823 321 5687 3545 7098 8035 6839 7276 299 609 3765 6405 3176 1406 7580 8725 3923 5468 7452 3352 5900 484 7169 5914 4016 4672 5414 5087 8211 8502 1674 8540 3811 6207 5151 4439 2401 268 9369 4550 6593 6500 9726 952 9625 3336 5933 3434 6832 9607 7556 3945 2251 8337 3072 2369 1585 1961 6540 3906 973 1336 6437 8852 454 8353 2890 9373 2486 1094 9283 7620 5271 9043 338 8646 8613 827 3738 6588 8978 281 6047 9236 8795 1463 2137 3874 9033 2208 1394 685 7746 5752 5530 9326 3542 6577 3178 3754 8316 6186 6412 2316 4623 3697 3451 2558 62 1569 2949 5645 7573 2443 9477 1199 9286 7866 6643 9037 4908 8944 4475 5953 2809 5673 510 3348 22 6451 6866 8800 1613 9637 3347 6944
9129 2511 545 6285 2939 1024 0 823 4468 9839 9923 2122 638 5866 1546 4742 8503 3482 2096 6411 9903 4167 9010 3940 573 1465 9559 6547 5790 7207 8607 9077 9579 9297 9228 4673 4322 8733 2517 8708 7882 6679 5153 8660 6619 2157 2054 7655 2718 4831 591 1486 2991 4113 9513 2796 3777 6218 7682 5029 7046 6898 2644 6693 9446 4452 7959 2096 8183 9308 7674 8827 581 3812 9096 6696 4756 154 4862 6327 9105 2716 9369 4981 4701 6158 176 1890 3135 6088 6774 9265 7344 6592 5114 9346 65 2759 730 2150 3342 4867 6220 1551 1163 7122 6720 3554 5060 8864 1092 4859 2291 8376 605 289 8987 3322 1275 3194 6635 5992 1431 2835 7322 7884 197 10 3137 7679 4560 3027 1283 8853 5946 7069 3372 6391 824 7588 6593 7795 8431 4728 2365 2799 2695 4705 6713 2843
6414 2307 1284 9953 8469 2867 823 0 944 5486 4190 9493 6406 1052 7861 9811 733 8934 6160 2145 6629 461 5051 2353 5782 9465 5574 7990 7278 241 4844 4729 765 3574 4241 509 1323 2180 93 1097 8568 7279 771 4982 2075 2890 5779 610 6640 3964 7869 2734 6818 3978 3675 6750 9258 1733 7493 7854 7823 1627 799 4340 3817 6631 1721 3150 9930 7442 5376 6750 2862 3446 3586 9879 3042 405 5830 7005 3919 8017 9648 4070 1499 9631 7728 2178 1361 7251 8040 8218 8360 598 7912 3453 6745 1480 6757 4091 2646 1870 4364 3217 24 1484 404 8092 4526 7401 3711 2988 7707 9761 3350 5309 4946 5664 1720 5920 190 6336 7054 1605 3093 8400 3476 1699 454 6115 6086 9669 9312 9006 2495 7747 9832 4817 9488 9720 6629 7862 2789 2154 5938 616 2037 9440 9184 2469
881 2453 7414 1558 4699 3852 4468 944 0 8098 9749 1817 9279 2354 5011 7310 904 1862 1215 192 1375 5274 533 4084 1949 1536 8952 6714 3710 8170 7196 1364 6408 6223 5113 3420 1068 7369 4014 4264 440 9068 6120 8866 7557 8440 9019 7998 2198 5902 1388 9978 944 1783 5483 9714 6729 9671 8209 1126 297 1557 286 6790 1382 462 7087 9920 1766 2202 1684 357 4997 3515 9798 3717 6182 4382 4331 7854 4696 3425 6960 4228 2559 447 7779 3744 7234 4035 2302 2059 4683 4225 8646 8014 1255 7123 5896 5994 4638 6499 2151 1209 9813 5363 8075 788 9060 1862 8053 3342 5435 4739 9850 3834 674 2473 6959 4163 9281 2631 7714 8113 1744 4090 1593 4019 8828 2745 6948 2356 907 2311 666 7911 4347 2783 2289 1843 6281 8925 8471 5729 3727 6859 6067 3817 8934 8613
8898 6666 4346 1959 2120 6622 9839 5486 8098 0 9648 3689 1416 9692 6816 8670 6 4829 6568 1939 8422 1064 5064 6451 154 4432 322 9277 6429 1029 1333 1323 845 8976 6893 4155 4448 1521 6307 7621 9272 8451 661 6978 1886 9017 3965 8298 2985 3167 3261 3759 2205 9739 132 7851 8823 2087 5467 4483 3738 3466 2838 3163 9129 1406 244 1545 1035 9919 6149 3579 7377 5132 3190 945 5194 5044 224 592 2860 9936 2032 5604 4065 5502 5591 3084 6137 5913 4615 6026 843 3742 8553 8210 2885 1616 3884 5036 5621 422 4716 5026 7311 6587 4657 550 9087 3339 6543 4791 7938 8868 8424 7098 9884 2764 9101 4035 9902 2041 2938 6761 8097 1191 7465 5312 9864 9331 9704 6903 4666 6532 825 5213 3771 3516 8768 5500 7167 1942 6541 6549 5936 8939 4216 7255 3928 5206
2916 6764 8781 2724 9646 1504 9923 4190 9749 9648 0 2509 816 4212 3234 5609 9224 6420 4096 6303 5248 8767 1371 1561 4848 2698 7073 5340 4144 6853 7835 7785 2605 3842 5403 5931 7674 9815 2868 8618 9037 7380 7890 1167 5600 8287 9727 7219 2121 9105 8841 1062 9776 3515 2013 3064 4813 3285 5891 8133 2564 566 4342 9774 6433 8336 7813 9205 1103 3525 2150 1686 719 8052 9057 3737 4929 6225 5157 899 6690 124 4078 9047 8179 1770 8523 6094 3619 2012 764 7473 2091 3819 8147 3859 537 983 7388 7197 9014 2790 2237 4704 4233 8314 9839 1667 635 1511 4495 6066 3862 6428 8182 3840 2934 6723 4961 9589 7629 1143 3370 5854 7915 742 2672 9791 6499 575 9361 2691 5728 4887 9279 1924 4348 244 7082 2736 8647 5139 5178 2628 4108 9552 6133 6910 7838 5530
4370 2222 3437 3358 9046 3582 2122 9493 1817 3689 2509 0 5832 9559 9685 6781 8224 3575 1615 1676 6867 1658 57 9363 8018 2230 6462 8088 1400 6654 9828 5899 8865 7294 5392 9506 1996 3559 8292 5843 9695 8921 1574 4082 5356 3908 8351 709 6520 9168 974 2426 1103 1002 4683 1916 9962 24 8436 1784 3338 8232 4357 7056 9148 9088 7456 4596 3052 3248 6690 8761 2548 6966 1056 917 8110 2032 6147 787 9502 6806 1281 9512 7139 4957 7743 7119 3683 1835 9074 5654 5087 7263 8035 7700 1756 7906 6652 8174 4986 4776 8988 2710 3551 477 6825 9581 2849 7893 3614 6629 1597 1680 5185 9430 8971 1965 4451 1605 7353 3726 5549 6296 1640 90 7548 9510 4073 5068 9250 4007 4257 6405 7176 1235 2305 1980 7516 7002 5262 2839 8971 7158 8511 5681 8091 6490 5783 9468
3065 9300 572 4646 6816 7154 638 6406 9279 1416 816 5832 0 6766 9521 9884 2396 1383 9024 5675 5528 5203 7429 8844 3949 4047 3003 439 1656 693 6272 8912 6033 9108 3080 8689 2586 5115 5997 4987 7579 7362 3328 3021 7215 5128 9487 9060 444 4150 8361 235 8205 4125 8048 9332 6910 3485 974 1843 2227 8080 1049 5275 3701 2391 7666 2439 6183 6284 9303 498 3735 3906 4609 1116 4581 4332 3899 4531 3676 1961 394 770 7581 549 8252 4279 492 3971 5737 8519 1838 62 5446 2220 4683 2131 1711 9730 8859 7344 803 1491 2855 8261 4104 9474 7777 869 5361 1583 7416 5215 2106 4911 8047 2413 4602 7282 4637 5205 3700 9330 8402 4756 390 9645 701 4637 7522 7657 577 2034 636 1889 790 2690 597 9568 7070 758 8743 3638 643 9275 8067 8245 1159 3635
5828 2457 9382 2061 5488 128 5866 1052 2354 9692 4212 9559 6766 0 9919 7315 5359 725 7389 2553 9748 1325 2358 2074 5042 4388 3367 7323 2247 5566 8873 8258 4797 8329 478 4862 3295 880 8086 9010 6854 6727 4669 8730 9650 3378 2843 568 4812 2560 1209 3634 4095 1193 6716 8648 3872 3249 5244 7399 2860 2073 9287 6155 5313 7378 6891 4536 3265 7540 964 9689 6886 4615 8456 5719 3080 1264 2397 8370 4571 3677 7487 2767 3807 6759 3734 8760 3423 9863 7155 6639 7387 6057 9573 7380 7316 7434 6313 2561 3995 3410 902 6759 604 280 3268 8014 6808 3999 3153 1148 866 8192 9929 169 9960 6003 6395 7093 6171 9538 9508 9329 2830 1398 7543 8489 3998 5795 7373 9495 589 2856 2756 7046 2824 5237 2598 7148 502 9294 7816 8227 8284 6609 2848 7 5273 1734
7476 6076 3877 7073 831 823 1546 7861 5011 6816 3234 9685 9521 9919 0 4338 81 2022 619 8691 9785 666 5620 1715 1927 227 308 8981 2184 746 1657 1536 1295 9722 7654 9184 6746 4556 7861 1876 5028 2326 7150 60 456 2345 7666 8997 1138 4229 4132 3258 9069 7403 4985 7521 8625 4433 6724 3613 5705 4493 2889 1354 1003 5317 4749 377 7227 917 659 4012 3560 671 6791 3401 9160 3322 927 7886 7129 2026 6980 1121 6923 8787 7408 4352 8759 1897 6181 2506 1676 6807 4318 3656 5066 3404 6711 6745 295 3056 6642 2796 1034 3861 7385 2355 2747 284 7746 2486 9282 6176 7673 3107 4263 5209 3484 5361 1736 8595 1237 2307 4412 6526 9619 3902 1574 77 6054 7395 8653 6329 296 2034 2148 2581 7862 68 5036 1518 3326 6665 7258 2136 1231 1996 2401 7893
2637 9752 1425 8497 1468 321 4742 9811 7310 8670 5609 6781 9884 7315 4338 0 5588 6623 2652 6746 1636 825 8357 5439 8045 5249 7597 5553 9028 5277 6863 8004 6664 257 1092 3461 1208 1971 1703 4806 106 5534 919 3693 3129 7128 9832 6564 306 9147 1328 9199 4017 944 9944 3491 6781 5021 1400 4116 6307 9412 6815 9068 6317 1871 7058 4932 9650 3909 3008 1685 5407 9092 9257 4051 3027 6131 3142 3236 4052 4894 6359 1228 685 5967 5168 104 3919 8789 850 4919 3345 8143 4500 6638 5151 4782 4930 1162 315 2161 7486 941 7399 4003 2519 1478 5037 8918 1853 3032 8849 2988 5430 7124 5690 5276 7134 7219 1260 9434 7272 5550 4930 2581 5816 3378 7939 3623 9582 714 9722 5250 8982 7848 9919 201 2141 4321 592 5672 715 7993 4124 4386 4493 5387 5235 2804
6484 3068 9229 2416 3592 5687 8503 733 904 6 9224 8224 2396 5359 81 5588 0 4200 4973 7803 8984 4035 5567 1381 4201 7366 7333 2846 6387 9367 9931 2325 8850 6983 641 948 968 4158 916 1108 8333 6391 8950 6029 523 4576 1741 3042 6822 6703 7371 3963 5433 2307 7906 5200 3607 6371 1396 7530 2769 5166 6107 8594 1087 8750 4962 2442 5764 6069 3625 3285 5337 4150 765 3429 3723 3194 4014 268 7630 5442 8973 9966 3145 2140 1741 5852 3726 927 5706 650 9292 3553 7744 3713 6850 3398 7482 9465 4175 5204 8590 8327 6233 2366 4609 7029 8356 4603 5360 6019 8208 1782 2032 2748 5317 3991 7452 5197 4060 1834 6776 6332 2343 2383 9258 5198 2312 2500 9518 8815 2193 1565 5980 2817 7112 1104 2105 5667 6751 5514 5950 7629 6683 1769 5445 5381 6712 3686
3475 4106 1974 3069 5414 3545 3482 8934 1862 4829 6420 3575 1383 725 2022 6623 4200 0 2033 4020 9712 1672 2923 4200 8262 70 8843 7494 1215 5127 5762 5784 5980 9145 9373 4901 7396 9073 755 7980 4487 6281 3760 1137 6255 2100 1731 991 1747 8234 1777 2084 1353 3395 6755 5859 2051 4089 1732 323 133 870 6897 5452 2448 6030 8061 8058 5647 4744 7517 4972 6493 4115 5935 2685 5857 3586 2244 3561 8609 5252 5849 1229 9740 6958 9375 7985 4210 8956 9201 7562 3453 5726 8062 631 8590 510 6137 484 8503 7893 2227 7545 4201 5332 9278 1721 6430 5436 4075 9104 5392 7171 7062 5616 4516 5026 9948 7230 3983 8502 5778 9099 2346 2290 4779 3755 3906 1906 3843 761 2831 382 1781 6063 4426 6947 2839 3200 9788 4539 5230 7462 1733 494 6807 2420 3233 2254
3068 3872 3494 9362 6042 7098 2096 6160 1215 6568 4096 1615 9024 7389 619 2652 4973 2033 0 5925 9637 4479 466 6423 980 3041 7830 843 4845 8443 6892 7520 1375 565 3157 9263 8765 5175 2800 1386 9313 1877 8112 5658 1190 3770 4314 3990 1304 2448 8616 6890 3683 858 6305 5396 2952 4461 4699 8952 5158 4112 3313 3043 1081 6975 4502 2431 9511 2284 830 6785 8256 1773 4382 7431 7989 8801 9818 9778 3801 87 6356 255 2706 9203 6453 9477 8711 6133 8342 3471 1885 6816 548 8124 8845 8570 4257 5051 8643 9009 3585 3698 6626 7436 5258 6027 6160 621 8938 7275 5426 349 7777 5431 16 6137 6538 7441 8944 7422 7285 4718 3733 1325 2713 4245 3054 9395 1731 5176 1663 4439 7215 3636 1641 34 9671 947 9607 9893 1113 2499 6163 8187 7136 7737 6282 9887
9982 7832 4287 7781 2644 8035 6411 2145 192 1939 6303 1676 5675 2553 8691 6746 7803 4020 5925 0 4984 6524 4467 6784 4654 4095 1376 840 5378 4106 5865 6440 6580 5600 427 1857 2071 9584 2490 4645 3484 5264 9561 261 6120 8067 6188 1381 7683 1473 5688 4713 3204 5026 5528 4138 7038 6769 1550 2302 8820 5982 9711 2620 822 8477 6318 4102 1192 3530 9875 2020 203 1602 406 3943 6894 231 2362 7951 9478 4468 8672 1529 8751 9151 4695 9294 5018 3451 8683 7680 4176 6400 6365 378 6617 3218 5905 4947 5233 4254 1387 2898 2923 9945 3933 3727 8247 9941 2285 7945 4911 2088 2388 2010 5232 9529 9110 979 5206 9402 6069 1128 3542 4948 1507 5617 3466 1001 6759 9993 6537 8041 7937 2714 2014 2513 1226 5463 7673 1213 7175 5121 5534 7550 3856 9224 318 7102
7908 5014 8722 5786 2330 6839 9903 6629 1375 8422 5248 6867 5528 9748 9785 1636 8984 9712 9637 4984 0 5065 518 4846 3871 2785 9494 3410 9796 446 838 5061 4996 7135 6601 9630 5509 8802 7348 2131 5205 7727 4544 6691 4874 2643 8539 5372 8149 8043 8516 3023 2416 7768 9676 1660 3440 1295 4884 2626 5163 5852 4134 2320 1549 3649 7183 5360 8939 1349 7003 2679 4039 2666 1673 4455 7027 3310 6099 9960 6861 9792 5548 5221 5775 8981 8288 9291 9621 4787 7372 8440 56 9395 3122 9523 8042 2614 2295 5498 6569 9621 6400 8312 6210 9262 9652 5910 317 4405 1226 7754 3139 2807 3404 6198 5239 8022 8659 3045 8468 5494 6935 9685 7955 8894 375 5825 4657 7763 6790 6514 9534 1516 4749 8973 6281 8282 3148 5360 76 3892 8753 811 913 8275 9764 6385 3179 5589
1734 1583 3230 4003 5592 7276 4167 461 5274 1064 8767 1658 5203 1325 666 825 4035 1672 4479 6524 5065 0 4960 8424 8636 3481 9267 3453 7678 9838 9803 6163 7216 1930 3215 8779 2925 4614 7891 6100 1890 2114 5772 5080 3927 3262 7990 3683 6342 1105 5340 1564 945 2433 2334 1307 4367 8286 443 5921 5021 7568 3844 6864 51 7205 4010 5091 9085 5436 5858 4168 9108 6161 8134 1466 2294 8417 2252 6128 9672 8301 8784 3640 5323 2852 852 8636 9087 1624 3333 1300 180 3709 3134 1523 2544 1481 1836 5218 8528 9121 495 8328 9578 7195 1858 6302 5579 4135 9813 7124 4598 948 901 354 9024 1777 2027 6553 7882 4921 2184 253 3529 4446 1716 1469 8993 9055 7398 7647 3037 3666 4479 9810 3153 8756 9932 8507 1766 9211 9957 5456 9613 5687 6025 3158 9876 9418
2733 3570 4901 2937 7500 299 9010 5051 533 5064 1371 57 7429 2358 5620 8357 5567 2923 466 4467 518 4960 0 8137 708 8996 5725 1863 6475 8990 4698 7725 8710 1250 8287 1779 5281 9675 1176 378 1276 187 2385 6576 3660 7699 2880 6817 3599 5112 2331 5466 5458 8973 744 7557 8800 2742 928 3663 2219 3181 4419 8541 3734 6765 8571 188 3687 7455 5712 9087 6063 8117 3669 9705 87 4006 9519 7544 504 218 6018 484 8889 9770 660 7534 4934 6260 59 1365 3654 4464 2393 1062 281 9791 2570 5177 1392 8316 6022 9440 2366 1627 8299 2675 2654 6979 6365 8785 5585 3277 853 5570 1046 5707 1910 684 594 9488 8833 7937 9132 9538 4068 6369 3176 1334 9933 5914 4496 9093 98 4504 8740 1022 6567 1643 511 4622 9908 275 3000 6040 4415 6246 3730 2053
5176 5195 7520 3885 8159 609 3940 2353 4084 6451 1561 9363 8844 2074 1715 5439 1381 4200 6423 6784 4846 8424 8137 0 4247 2823 8426 3510 7395 7229 9004 449 1380 8700 2845 1406 7554 4931 5626 3095 1262 6088 6545 1211 8637 723 3741 5697 7162 9799 8710 1017 3508 9816 9142 3670 3337 8569 88 9694 9667 8248 5314 9968 7820 8292 1352 9833 3804 2486 5703 9005 1118 3878 7396 6137 6499 1420 9310 333 6548 9922 3343 3980 1976 5809 9455 2393 4999 4801 2449 3984 5562 3953 247 8432 5709 4751 5865 9408 1430 1896 9165 5598 9178 2990 2839 9797 6997 5689 4217 555 443 2348 3702 6288 229 3961 2468 1380 6636 5246 4972 4076 324 6826 6527 6208 7057 5350 6482 2703 1229 5810 5112 5867 4155 1011 5560 1747 5210 3578 6528 7807 5389 4699 9481 3437 9007 6706
5784 5113 6168 7205 6427 3765 573 5782 1949 154 4848 8018 3949 5042 1927 8045 4201 8262 980 4654 3871 8636 708 4247 0 5587 8247 6803 9712 6261 8439 9116 665 38 5000 5861 1230 4597 6462 8197 8848 8946 3550 2907 1360 6994 9217 4960 9696 6396 5838 5308 2744 3085 5046 2331 4130 7469 6237 9794 127 5097 7575 232 2292 9737 3584 7608 5989 3145 9042 6398 4068 7863 555 6140 2084 2269 2647 8149 4247 2152 1541 8367 8842 7454 3226 1488 1838 4096 3058 2860 5414 2406 8516 1843 3186 6617 4658 9810 5786 2887 8408 7004 4801 1843 5679 6330 8026 2203 4026 6756 2103 3564 1390 7053 3377 8612 3167 2795 7940 4171 9279 6643 9054 1500 786 9839 6692 3084 5706 1088 3259 8706 8175 3452 5874 7955 7613 3531 9211 3165 1976 4663 3640 5646 1127 9307 9704 3946
3333 2419 6082 6321 2249 6405 1465 9465 1536 4432 2698 2230 4047 4388 227 5249 7366 70 3041 4095 2785 3481 8996 2823 5587 0 4657 3422 7459 5784 1250 4249 5948 4666 3604 2255 8764 7511 5850 2026 837 1951 4478 7632 4163 6148 2564 7447 904 8791 890 428 8303 2259 9578 7892 7421 3584 8482 8299 4204 8360 4196 4100 3706 4149 9952 6937 7195 5791 3547 2641 9644 524 8528 7805 3738 5879 6416 1878 4431 443 1279 7202 1666 4177 208 6298 1901 3357 9007 1148 8217 4973 8129 1080 2278 3437 9241 4067 3906 6816 3701 8152 3928 7745 7140 5371 8695 1843 4322 2260 6023 64 2864 4735 6973 5605 5682 9303 829 131 1913 6818 2159 7491 5402 9810 1121 3784 8070 6929 9764 6371 4326 2563 2847 9953 4551 8510 743 4145 4838 8799 5649 5338 8166 9756 1723 4768
1720 9176 7631 5885 9279 3176 9559 5574 8952 322 7073 6462 3003 3367 308 7597 7333 8843 7830 1376 9494 9267 5725 8426 8247 4657 0 2745 1210 3979 8329 7147 1842 2968 7110 4141 6328 5867 6408 3579 1059 7424 3561 9749 1024 7629 140 1416 6221 9899 2919 66 9650 8238 2871 5556 9123 4820 3052 5473 2207 4749 3976 1635 4207 3404 5073 8750 4436 4082 3255 5692 9470 1368 2488 4661 9324 5958 450 9147 4728 7912 8989 4397 4012 9804 5916 8361 5903 8176 5146 4911 9611 387 6917 8385 9636 233 5832 6142 8684 5853 8166 4947 6150 8501 5371 7906 6394 7266 7391 6711 4526 8366 5810 9124 4053 3515 3862 5997 1519 8912 1067 7940 6302 4193 1599 9654 7218 4968 2666 585 4903 6558 7916 9862 1967 8899 4251 6443 2711 2695 9827 845 3167 5479 9423 5926 3479 9044
2115 4916 9144 5190 8607 1406 6547 7990 6714 9277 5340 8088 439 7323 8981 5553 2846 7494 843 840 3410 3453 1863 3510 6803 3422 2745 0 3975 5557 72 7583 5400 6621 7074 3329 8361 1336 5206 3329 7813 4881 1911 1358 5671 69 943 7269 6244 2991 6057 3160 7922 210 7373 3063 9608 983 8584 6065 5568 4901 357 3251 2804 4644 615 1105 7255 6840 2325 3400 6346 5013 2190 3143 1885 2769 8514 6535 6539 9566 3008 6164 5762 4685 64 6409 7757 8715 1183 9731 593 6303 1615 1231 2211 2410 2700 5383 90 5272 7705 4549 2093 2964 4489 8880 5588 4165 1631 4205 2771 3525 8872 1799 6808 2158 6741 6902 8767 6187 1410 2977 5991 2465 5726 5938 9116 8231 6926 195 6259 3197 1522 6421 5879 5577 5075 6006 8846 5299 1896 4521 6616 6026 2925 175 412 5917
4616 3722 3249 7649 7690 7580 5790 7278 3710 6429 4144 1400 1656 2247 2184 9028 6387 1215 4845 5378 9796 7678 6475 7395 9712 7459 1210 3975 0 7355 3889 5771 2109 9006 6242 9161 4088 8747 8954 6133 1487 5178 8746 69 2924 5049 6421 2388 2676 3044 738 5132 9482 3146 1691 3041 6851 8979 4473 7119 7510 3310 9766 9604 6975 4210 7266 3057 7107 1126 8686 7573 7089 4858 5778 5337 4139 4367 6291 3713 4675 6224 9184 9619 3012 1065 2481 8906 4012 2092 8775 7502 5222 8822 965 5264 8179 3463 1032 2668 4233 6434 6622 7967 5965 2350 4156 228 3692 5119 4116 2111 6566 7060 3728 5703 1773 4747 7480 323 7597 164 3104 9474 8120 777 7582 9118 7350 989 2617 7808 7135 1456 6314 1777 4614 7268 440 5054 5331 6426 8099 8460 786 3254 8317 2954 4492 595
4848 7798 5012 9466 5632 8725 7207 241 8170 1029 6853 6654 693 5566 746 5277 9367 5127 8443 4106 446 9838 8990 7229 6261 5784 3979 5557 7355 0 4022 7324 1141 550 1389 8483 8721 7507 6996 1033 9772 9994 670 3841 745 5924 2027 2439 9950 4311 3276 9791 6320 4130 4474 5148 7889 4049 3967 1387 7049 3795 9066 374 6186 4564 3782 6200 884 935 4401 9189 7130 8170 2857 3970 7277 5304 5486 9280 6919 9955 7140 8173 8986 1545 1260 3633 8768 1925 5700 6018 7261 1764 1724 1833 6228 2398 9273 1767 108 3480 6215 7086 2170 5101 1649 7064 2538 9225 179 3436 4693 3850 2529 5292 8727 118 2935 267 2639 873 503 2173 8404 9457 588 9287 6701 329 2851 2703 4218 7190 5189 6264 9443 9325 1722 4084 5672 4040 4920 3479 6696 1613 5474 2350 5361 2762
1806 3071 4603 2634 9981 3923 8607 4844 7196 1333 7835 9828 6272 8873 1657 6863 9931 5762 6892 5865 838 9803 4698 9004 8439 1250 8329 72 3889 4022 0 1695 778 3368 4385 9185 6956 679 961 4698 7887 801 9203 6286 7097 3539 3202 6954 432 639 4695 3618 640 3250 1068 2736 1038 7835 7492 8871 5995 9920 3690 1490 137 1800 9326 495 4420 2827 322 818 8763 7537 3854 7091 3648 4911 186 8741 1924 5995 2537 5381 4758 178 9681 6833 713 5059 3950 408 3244 9311 5529 7149 4089 4852 72 5008 473 7059 8132 2042 2262 3810 8769 1277 6880 2034 8522 3802 8299 2811 8631 9650 1626 1550 1647 3820 8293 5659 3472 221 8763 6088 2638 5033 8105 4620 7750 6493 4656 497 6095 4822 7503 1219 3868 9540 2759 2879 7114 211 7049 7200 7489 5767 3715 1397
4203 6983 2571 6028 9582 5468 9077 4729 1364 1323 7785 5899 8912 8258 1536 8004 2325 5784 7520 6440 5061 6163 7725 449 9116 4249 7147 7583 5771 7324 1695 0 5328 5789 8358 3623 6619 8031 2154 8672 1971 8130 7078 1286 5513 9228 7519 4406 9988 6249 867 9284 4417 8248 2941 3101 8031 4739 2423 3869 5640 3147 4337 2304 4098 332 5522 1544 3307 8145 4523 892 4780 3392 9940 3705 2582 5711 1114 4611 1372 5092 7446 3374 9422 8794 5000 4647 7668 2176 9168 7182 6488 6247 423 9961 4222 5166 6498 9793 3686 4535 8958 7077 838 4231 1131 8767 3860 2374 7228 5174 3071 9343 565 241 3919 6789 5756 1916 3719 5803 2185 3138 9283 8949 6410 1843 8026 9556 5856 9932 1615 1327 9105 529 5128 1040 5184 837 6693 837 3524 5424 7873 4029 2988 2700 1401 9479
574 372 2268 1647 6042 7452 9579 765 6408 845 2605 8865 6033 4797 1295 6664 8850 5980 1375 6580 4996 7216 8710 1380 665 5948 1842 5400 2109 1141 778 5328 0 4082 8870 7101 6718 5599 9066 9896 2325 2620 4398 7906 1654 3466 2394 6952 8177 5067 8861 3401 159 9137 8958 928 3322 7312 9251 3072 509 9260 4250 8630 1725 4575 7064 9340 5361 7037 3079 3222 800 8230 4973 7263 3326 4864 9034 8185 338 3297 4209 3316 5888 3124 2983 7736 5898 3268 4793 6137 742 9486 5369 7349 6492 3424 6639 1979 4968 9321 4766 7851 2226 7784 7309 7908 6346 4687 9751 7422 9039 2064 6165 6986 6040 9978 633 2068 2770 9967 8133 4221 7850 9432 6496 5914 2485 5625 1624 6567 1234 9194 9104 3528 191 1226 7671 1775 4259 7368 554 4093 387 1268 1898 7259 9022 8290
1357 8662 5704 9978 7525 3352 9297 3574 6223 8976 3842 7294 9108 8329 9722 257 6983 9145 565 5600 7135 1930 1250 8700 38 4666 2968 6621 9006 550 3368 5789 4082 0 6928 8197 4633 612 9350 8842 3039 4427 7332 8181 351 3610 2961 1881 4748 9480 3426 6997 8879 9055 3653 912 5186 2787 2841 5805 7974 8830 3319 4154 8814 6692 7857 6282 4565 4423 7613 6922 9405 9315 7365 4091 8317 2502 9419 1562 4201 7537 8739 8578 2363 8080 6490 6402 2942 8839 5396 7760 5684 6048 3158 7037 6520 9519 4370 3286 4030 5563 8923 7445 12 8419 9715 3075 1948 3862 8644 6979 1915 6634 696 5414 5983 7152 5534 7586 900 1003 6346 6298 8997 1193 4266 8410 3229 6252 4614 7176 2374 7288 7300 3444 6238 2261 4969 5015 1501 5414 9966 2644 5072 1040 680 359 8875 6688
5025 5490 9498 1755 7931 5900 9228 4241 5113 6893 5403 5392 3080 478 7654 1092 641 9373 3157 427 6601 3215 8287 2845 5000 3604 7110 7074 6242 1389 4385 8358 8870 6928 0 5571 2306 8234 710 6396 7074 253 907 3503 5358 1663 9645 1584 4028 692 6246 8417 6174 4509 5579 3650 2092 1359 7125 9897 7806 276 6647 1495 4404 530 7128 3262 2611 439 5851 9764 6625 80 9419 4374 6238 4485 8984 213 7897 1772 4110 2724 1954 479 9587 5104 4630 4502 1132 2635 7110 359 5655 7095 4747 2010 5453 5830 1728 883 1962 1682 8843 6642 5317 5207 6837 285 9007 834 8819 7111 7447 8259 4737 2407 2167 7256 5045 6900 1460 9984 1055 257 4421 4068 8075 3192 5643 5163 5648 4737 7397 8321 5689 4910 200 9758 542 7273 3722 5794 9357 7046 4940 2332 5185 3573
7864 2386 2206 9073 5309 484 4673 509 3420 4155 5931 9506 8689 4862 9184 3461 948 4901 9263 1857 9630 8779 1779 1406 5861 2255 4141 3329 9161 8483 9185 3623 7101 8197 5571 0 9053 506 3003 7179 8976 2775 6276 8304 8008 6983 7199 4820 1700 6611 6406 7273 4042 6202 9163 6185 3908 6121 2305 6223 3927 5583 8579 6468 4890 6208 4539 4094 3218 4247 3144 550 7619 3837 7235 2449 6499 8747 9443 4587 5427 4336 6098 4393 6802 7383 3070 5167 6521 2504 8001 4820 330 7390 4321 2764 3699 964 5846 8633 664 8758 1563 2502 5928 1369 9124 8560 4204 7396 2502 775 9973 5026 2262 9997 8390 3872 6385 832 8634 9774 9134 3164 5020 2805 6611 907 3305 9497 7567 8517 609 7670 8100 2661 5487 9835 8776 1443 555 2031 6487 8496 8941 3236 4375 1553 8386 9208
9561 2952 1579 5844 747 7169 4322 1323 1068 4448 7674 1996 2586 3295 6746 1208 968 7396 8765 2071 5509 2925 5281 7554 1230 8764 6328 8361 4088 8721 6956 6619 6718 4633 2306 9053 0 7686 8476 9392 3988 4861 55 7034 2353 1995 1611 7144 768 8331 7161 6830 4586 5883 5985 4746 2564 1376 425 3402 542 8307 4065 9479 5057 4414 150 4007 3062 4379 4666 708 8789 2532 1386 452 3417 3370 9905 3647 5319 7127 5899 3976 5690 9254 289 5871 4609 6420 4482 2027 2854 6719 9562 8264 143 7833 7684 2376 4475 5664 1386 3649 2209 3375 4458 3731 5291 9840 1898 5701 38 2962 5981 1061 1465 1684 5827 7328 9686 2519 5157 829 8498 4712 2238 8332 6443 5180 9959 9240 9563 9514 3359 9571 8695 7342 4472 2604 3784 5572 2984 8461 2234 1792 2887 2546 2263 2801
3753 7002 3252 6672 4364 5914 8733 2180 7369 1521 9815 3559 5115 880 4556 1971 4158 9073 5175 9584 8802 4614 9675 4931 4597 7511 5867 1336 8747 7507 679 8031 5599 612 8234 506 7686 0 264 4184 9526 1094 7652 9412 1281 8124 2248 2142 2356 1929 6088 1491 3365 4216 5430 1724 5297 4264 7333 6494 4539 9332 6331 372 8397 9022 94 6959 8490 6363 5292 330 7252 4160 5230 2906 6465 3855 3482 6832 85 4087 5561 519 5022 4423 5913 6363 5326 2501 6158 5911 3830 6721 8647 8878 2831 1987 4718 1110 29 6550 9384 3919 7289 6362 5256 1186 7028 9173 8677 3314 3936 8672 1629 7409 8714 8007 930 2139 2072 1965 7359 1633 4795 7766 79 6768 4720 8025 4048 8666 4401 6177 5408 6113 8107 6188 556 8672 7165 1510 4520 9815 2760 5935 5968 6779 6157 2576
3728 4860 3570 4177 6646 4016 2517 93 4014 6307 2868 8292 5997 8086 7861 1703 916 755 2800 2490 7348 7891 1176 5626 6462 5850 6408 5206 8954 6996 961 2154 9066 9350 710 3003 8476 264 0 9967 8133 993 5582 3380 689 5742 2195 4002 6194 8823 3176 7610 9395 2958 8586 7661 7371 6284 4019 9730 1730 6529 5218 6443 1817 4320 9116 4524 7215 9363 8457 4215 8616 7532 4283 9444 2548 6261 8416 9913 2396 2185 7632 1197 2059 876 2854 6732 1027 9516 6006 6245 7561 4897 1688 2405 8831 7574 4807 9812 4151 5600 669 9791 7143 2963 2713 2084 1025 5154 8628 6641 3802 8497 2025 3012 4944 550 3828 3341 2563 5865 1491 1368 7256 6594 9647 8386 7980 2200 738 2696 6649 7233 6121 3971 4255 2994 832 2124 5374 2681 4532 493 4632 2977 9349 616 2794 6857
9019 1 6871 9753 4723 4672 8708 1097 4264 7621 8618 5843 4987 9010 1876 4806 1108 7980 1386 4645 2131 6100 378 3095 8197 2026 3579 3329 6133 1033 4698 8672 9896 8842 6396 7179 9392 4184 9967 0 7731 2771 8513 5327 2655 6444 1557 3081 21 8522 7544 7115 8905 6101 647 4019 9841 5934 6783 1910 6476 8855 1147 5382 1945 6076 3187 6880 4176 6587 1043 8914 6040 2826 2034 19 6199 3968 2372 3537 4688 7672 5128 5921 3236 8792 5006 1534 3880 1052 7041 4252 3976 2184 9611 935 365 4327 3037 2740 3435 3994 6779 1574 4577 1995 4448 9868 1559 3876 6033 1700 2699 5681 207 1905 8924 3556 6022 5480 336 7652 988 2924 8235 7137 7915 9603 5451 2922 4738 7675 7762 3403 1266 7098 6613 6655 4563 3057 2648 3447 2722 9485 3713 8509 7709 9378 1291 286
3790 643 6688 9556 125 5414 7882 8568 440 9272 9037 9695 7579 6854 5028 106 8333 4487 9313 3484 5205 1890 1276 1262 8848 837 1059 7813 1487 9772 7887 1971 2325 3039 7074 8976 3988 9526 8133 7731 0 3144 2490 8508 7862 4929 7779 2481 279 67 5345 9365 5779 1257 4837 642 217 6026 2998 3362 8624 5172 7851 3166 3186 4244 9125 2023 9782 969 8679 1961 8632 9031 9696 1657 3944 2240 1440 2780 1911 8729 4475 6956 3148 7741 3411 5968 7108 8548 3831 5550 8760 5567 6728 9644 8628 2852 4285 4679 2661 7756 1747 6354 4527 4705 9506 654 9331 6928 252 8447 591 2012 170 7186 2131 9757 7858 4523 1569 3558 8531 8448 3386 6261 1707 3739 1637 9528 8352 8320 1782 9459 9036 2357 8994 3700 3571 8439 6318 69 6935 306 893 6348 9051 3678 2994 3869
4788 6186 6373 1369 6625 5087 6679 7279 9068 8451 7380 8921 7362 6727 2326 5534 6391 6281 1877 5264 7727 2114 187 6088 8946 1951 7424 4881 5178 9994 801 8130 2620 4427 253 2775 4861 1094 993 2771 3144 0 7259 5 3536 1411 9424 5663 6006 4585 7419 9732 1154 8537 4950 376 3778 7242 9032 2176 595 4893 8855 3695 1816 3677 5191 8063 9436 8292 9977 1213 5025 3409 2714 7521 9288 4422 9299 7999 4433 7548 4363 5159 9551 3996 3165 1325 9003 2221 8516 3988 7318 2218 3469 7780 8915 8407 9851 3068 6656 1404 5560 3387 2684 4054 3678 2530 6326 4157 2003 33 729 7052 6194 9326 1448 5567 6706 8206 2019 6183 6053 9971 7195 8245 8602 2954 7635 2746 5961 5562 299 5615 7791 8434 5889 864 3195 4248 5913 8062 403 4389 7981 1364 7405 1865 8048 2868
8668 5315 3040 9913 9692 8211 5153 771 6120 661 7890 1574 3328 4669 7150 919 8950 3760 8112 9561 4544 5772 2385 6545 3550 4478 3561 1911 8746 670 9203 7078 4398 7332 907 6276 55 7652 5582 8513 2490 7259 0 9668 7916 8768 8180 9613 1532 206 7624 7049 5932 7807 6604 4666 2416 3569 3698 3747 4641 166 1443 2404 5926 860 254 4766 2147 4454 5594 1782 1856 7159 8647 9222 9836 7444 9428 2605 3285 4457 8230 6693 135 9614 8703 3711 6698 8425 6100 9075 2326 2690 1398 6910 7939 4817 8869 593 8916 8711 1798 7461 4217 7371 245 3542 6931 5761 7674 7535 7067 4621 7542 6145 881 1104 2016 5512 2339 1543 4169 645 2290 3898 732 8469 3594 7333 7729 4442 5744 6984 8559 7032 7219 2832 5464 227 9412 7403 8492 324 7306 4890 6523 676 7063 7880
609 7224 9015 6239 2077 8502 8660 4982 8866 6978 1167 4082 3021 8730 60 3693 6029 1137 5658 261 6691 5080 6576 1211 2907 7632 9749 1358 69 3841 6286 1286 7906 8181 3503 8304 7034 9412 3380 5327 8508 5 9668 0 9343 3807 6168 7788 5638 2375 4689 7296 3065 4084 9901 4412 456 3116 2313 6883 8728 9270 1862 3122 3751 9793 5913 9359 9646 7336 6701 1153 8233 6587 599 1288 5103 8366 769 5359 9666 9130 9027 3505 8676 9195 3185 613 2530 6189 2028 8876 9090 1738 5812 7087 9044 2777 4938 5245 7233 4454 7738 8796 272 5596 7696 9294 2019 4899 4786 1911 5212 62 996 988 9496 1491 1895 9121 7076 8473 4972 3315 5788 7643 3542 805 2062 9672 4283 2603 6822 5897 9304 7649 1212 7708 7101 6901 8515 9175 7602 7987 7159 421 3305 2050 2326 3639
4830 3512 9529 4688 1702 1674 6619 2075 7557 1886 5600 5356 7215 9650 456 3129 523 6255 1190 6120 4874 3927 3660 8637 1360 4163 1024 5671 2924 745 7097 5513 1654 351 5358 8008 2353 1281 689 2655 7862 3536 7916 9343 0 9068 9131 7608 2295 4626 6751 1987 8330 7010 9577 6958 4130 5477 1377 366 837 2598 8490 2093 4232 9808 9094 9808 1495 5838 5952 9126 1745 4908 450 2066 6976 7688 5715 3514 4487 480 4119 1686 3505 707 8575 6560 2310 1450 2542 7047 6876 6317 7381 7594 2956 8781 1158 109 1663 5376 6455 7492 7241 6774 6996 593 4406 3680 8624 2447 5731 4690 7777 5790 6313 4974 4875 6529 847 5183 7698 8953 537 4317 7835 4455 6799 2824 8583 2249 7565 8172 4301 7522 1211 8621 5772 9410 7375 3995 6141 2005 4118 1951 778 809 8619 7538
8117 330 1682 7136 4612 8540 2157 2890 8440 9017 8287 3908 5128 3378 2345 7128 4576 2100 3770 8067 2643 3262 7699 723 6994 6148 7629 69 5049 5924 3539 9228 3466 3610 1663 6983 1995 8124 5742 6444 4929 1411 8768 3807 9068 0 6440 8162 8963 7295 1097 7415 6847 3538 186 8344 1339 8192 7866 6193 9220 1557 5502 250 5796 3199 6817 6449 8774 5907 1550 1289 7712 618 535 1493 5344 6616 9357 9114 6181 5041 1782 1153 8111 6961 278 9126 3100 6728 6244 4504 8106 2595 2380 5472 7194 2623 4001 1966 6327 2447 6379 8616 6245 9668 2191 7419 5373 9778 2295 617 4367 3271 5576 2610 1433 322 7268 2452 3274 3390 3137 2992 2533 4190 7436 8377 757 7955 8540 7245 3493 8690 1313 7216 3410 9705 5793 7904 3750 7406 121 6140 3442 3464 8977 7946 5669 169
3615 3892 871 6039 3945 3811 2054 5779 9019 3965 9727 8351 9487 2843 7666 9832 1741 1731 4314 6188 8539 7990 2880 3741 9217 2564 140 943 6421 2027 3202 7519 2394 2961 9645 7199 1611 2248 2195 1557 7779 9424 8180 6168 9131 6440 0 6564 8840 827 7394 302 275 2678 8880 4295 8242 9533 4215 153 8042 7352 2352 6298 7561 2406 2284 5441 4617 7074 5361 8076 58 3352 348 155 1659 6950 5449 494 5649 3375 8311 5920 4776 7829 3915 4340 8476 8660 6169 3625 3417 3588 5218 2161 7767 7132 5341 9840 9018 2795 1318 4486 7550 5627 7987 2151 3550 4986 728 9321 7833 9414 4180 3076 4583 2901 220 9959 3143 8335 9153 2399 822 7739 3811 2751 5726 3686 2645 2239 8150 6915 4560 4955 9538 4471 1477 697 1508 8000 3095 6756 1739 4273 8667 8634 4324 1312
367 1824 9735 6423 3606 6207 7655 610 7998 8298 7219 709 9060 568 8997 6564 3042 991 3990 1381 5372 3683 6817 5697 4960 7447 1416 7269 2388 2439 6954 4406 6952 1881 1584 4820 7144 2142 4002 3081 2481 5663 9613 7788 7608 8162 6564 0 9811 915 3761 2263 4505 6903 4480 5485 6603 3976 496 7506 923 5004 8611 925 5902 8153 1292 6615 4372 8917 941 4206 3259 9312 1779 2434 8871 5449 5153 4728 4608 8229 2641 4525 8175 2163 4195 8966 3717 837 3882 6319 153 5756 1178 8673 7087 2640 4085 999 8522 3770 5663 7352 8376 3955 7720 9631 9989 3356 2578 9299 52 2958 145 525 6280 228 4275 2689 8813 7884 8008 6764 5765 6416 8496 6499 2919 8862 1190 6086 3486 5102 3921 2883 1766 5044 3497 9415 8681 5207 596 4732 6257 3346 7200 4550 6667 8790
2093 473 4170 8681 8806 5151 2718 6640 2198 2985 2121 6520 444 4812 1138 306 6822 1747 1304 7683 8149 6342 3599 7162 9696 904 6221 6244 2676 9950 432 9988 8177 4748 4028 1700 768 2356 6194 21 279 6006 1532 5638 2295 8963 8840 9811 0 935 129 7419 7413 2167 4074 3754 9524 5633 7032 2253 2094 1265 6632 2581 8698 2690 8814 8975 6051 6130 3826 8720 7629 7161 7265 7709 3440 3807 4108 7162 7979 9094 1522 444 9642 1526 772 1294 6736 6439 6795 6721 8652 8945 2433 1125 689 7679 1889 1054 8469 4767 2707 1418 7341 3900 3851 7892 8698 6350 4106 55 1038 6522 6884 8003 8607 7397 5692 2748 1460 2291 3491 1888 7769 2545 777 5696 1492 4237 4706 9649 4379 4440 389 9713 617 8659 6362 2777 3081 1522 8204 9397 2819 935 7245 4533 2050 2028
1851 4811 4810 7291 6419 4439 4831 3964 5902 3167 9105 9168 4150 2560 4229 9147 6703 8234 2448 1473 8043 1105 5112 9799 6396 8791 9899 2991 3044 4311 639 6249 5067 9480 692 6611 8331 1929 8823 8522 67 4585 206 2375 4626 7295 827 915 935 0 5025 9717 9570 5987 5767 1811 1843 9287 330 1961 7225 7900 4714 5198 6976 4843 2261 8269 3193 808 7833 2701 4422 7948 9065 417 2177 5446 4997 2470 4683 5824 1013 2251 6449 1764 4658 6760 2203 6922 4716 4691 7450 4881 7959 258 8999 7545 8949 8164 4792 7191 6365 6748 6979 1925 3479 9980 9777 579 4267 2253 5217 604 7068 8983 6196 8417 8345 8270 3669 2898 2561 5477 7856 7046 2879 6103 4455 7406 516 8497 3343 3612 249 8070 9134 3451 1732 9277 8689 4226 2524 7299 4771 4747 5014 3052 4875 5506
6969 1564 5773 8948 5043 2401 591 7869 1388 3261 8841 974 8361 1209 4132 1328 7371 1777 8616 5688 8516 5340 2331 8710 5838 890 2919 6057 738 3276 4695 867 8861 3426 6246 6406 7161 6088 3176 7544 5345 7419 7624 4689 6751 1097 7394 3761 129 5025 0 565 6345 8283 7036 2551 3509 7458 3407 634 7995 3693 9394 5502 1986 6872 6422 9812 6172 7056 7121 7449 4008 916 1651 775 6930 6057 6470 4398 53 1054 4565 6241 8101 5327 4315 7293 1341 8435 5578 7025 5189 8253 2445 4731 8767 9301 2295 615 5760 4138 4322 6575 8580 7733 8418 2024 5818 5678 9970 3923 7907 5680 1027 6646 6131 6404 412 7220 1167 2381 8297 4693 8140 1714 711 1043 2533 3106 2860 3094 825 1935 7539 5740 6540 4526 7960 4160 8124 3775 9154 8687 2128 3781 3637 9002 6635 2912
8310 191 4642 2655 2203 268 1486 2734 9978 3759 1062 2426 235 3634 3258 9199 3963 2084 6890 4713 3023 1564 5466 1017 5308 428 66 3160 5132 9791 3618 9284 3401 6997 8417 7273 6830 1491 7610 7115 9365 9732 7049 7296 1987 7415 302 2263 7419 9717 565 0 7408 6610 8758 2117 2140 1167 1379 2092 3072 8051 255 4146 7213 3588 5672 5892 8594 1567 3357 6341 5621 3133 1534 2606 8110 5885 1704 3453 1774 4509 6404 9403 154 8102 2447 8190 8959 4682 5881 97 7299 8404 7220 5634 8482 8697 4589 7930 9605 7546 7642 1683 8661 4361 6267 3453 7198 5733 7326 364 7572 1047 4004 4755 2105 859 8598 1278 4550 7476 3017 7996 9043 7252 1367 4584 7223 3596 9954 6897 7401 8412 4853 2193 1496 8650 7650 1808 5557 1061 2127 9300 4741 3454 799 3978 9839 5949
1851 1119 5657 110 7315 9369 2991 6818 944 2205 9776 1103 8205 4095 9069 4017 5433 1353 3683 3204 2416 945 5458 3508 2744 8303 9650 7922 9482 6320 640 4417 159 8879 6174 4042 4586 3365 9395 8905 5779 1154 5932 3065 8330 6847 275 4505 7413 9570 6345 7408 0 9003 4333 2929 9896 2385 3926 8776 2816 1221 9746 2536 8008 2864 4007 5209 8184 3311 2195 2283 411 2993 4129 5052 8627 3948 9847 4165 3265 1290 7567 7714 9150 2790 4658 426 1885 8686 1156 9779 3967 7012 6560 562 4534 6805 4747 2962 7132 6968 1052 7505 893 8656 5898 2481 9387 824 8692 3398 5034 23 7874 2559 2942 1384 6588 5990 2035 2885 748 291 8896 3071 675 8050 8470 7017 2391 5164 8071 2904 8798 9345 4024 9384 5033 9688 597 3212 6680 6883 6418 5852 1255 3780 4348 8432
6581 915 3948 8050 3875 4550 4113 3978 1783 9739 3515 1002 4125 1193 7403 944 2307 3395 858 5026 7768 2433 8973 9816 3085 2259 8238 210 3146 4130 3250 8248 9137 9055 4509 6202 5883 4216 2958 6101 1257 8537 7807 4084 7010 3538 2678 6903 2167 5987 8283 6610 9003 0 8490 7816 3669 2935 1868 1441 9528 150 5398 4916 7985 3573 7357 7829 8727 587 8854 5881 6944 1972 2230 1459 8240 6968 3407 7225 1182 3084 6379 1032 5617 8832 9406 326 960 1618 2942 4204 8175 8632 6089 8784 897 1601 4948 3907 7708 65 7208 3950 4486 2273 2721 5332 4837 5045 4739 8784 7768 2039 6469 2781 2975 8541 335 8404 2763 8953 959 2105 1372 7621 1953 6626 5213 7617 2733 5614 8997 7478 4027 9479 3467 7596 9900 1574 5614 3472 6783 7659 2562 5335 4117 6481 3933 2742
