150
0 2329 7454 9175 1568 8508 1026 1796 7504 8914 6433 7183 6784 5061 2358 1292 9907 7446 6395 2170 6344 5707 4323 2267 2464 9538 580 2630 6150 3587 8118 320 8941 9280 6899 499 8304 789 44 1849 8779 76 5383 9129 7624 2794 7449 3285 3195 9248 1285 6694 4699 7010 6663 3469 6599 9504 2703 1858 2531 4776 5750 752 9498 1513 323 4157 559 2458 8742 7723 6685 140 3987 812 5106 9038 3343 9104 5170 6314 3763 397 4749 6132 9901 5931 3588 7264 1088 9124 7173 6136 4208 7734 2091 5384 9133 3114 2168 6352 6763 6020 2046 9641 1393 2992 7025 3065 7677 5945 8735 195 2239 3780 1390 3464 7126 9996 1706 8931 1718 7684 497 3988 6357 5537 2039 1288 1218 8636 1056 4697 3009 8098 8370 6272 9727 2001 9465 2677 330 7297 5698 8541 5542 5164 9355 1245
2329 0 5557 4899 8985 2719 233 339 5157 1993 1819 7112 5119 1472 7063 4150 9412 1581 2206 2928 8853 1151 2633 5117 3133 931 4540 8769 9506 3366 7979 404 4734 5581 630 1677 6541 4066 4528 8109 8099 4992 8930 5429 1252 4556 9992 6705 2514 2440 120 9287 8402 5519 7561 7136 8997 8974 7682 4831 7073 8479 2331 5941 9138 1420 2708 9890 3336 5730 6444 4770 5992 7861 6095 879 284 7227 7152 1131 1436 7552 664 7585 3398 2543 4890 5982 5884 1237 2376 2839 9857 937 7549 2523 5104 1952 9293 526 1608 5661 254 2186 4543 3597 6585 5817 2864 5084 9837 2586 4320 4000 7717 1916 9443 7900 8565 8078 7262 4865 5990 599 5512 4507 6071 9767 6827 8937 7236 3687 9978 6827 3099 8256 2499 1731 254 5306 1374 6492 1183 2258 8603 388 2045 9288 9754 6391
7454 5557 0 8782 1635 5339 7478 4551 8414 6177 2257 7861 2439 6824 9660 5247 6592 991 3797 5850 183 6230 3784 7360 4682 5275 5457 9323 9373 9642 6883 1015 2169 3118 6325 252 844 8762 2928 9620 1070 7300 3649 1630 7848 2220 1664 7093 3412 6718 4931 8698 6750 42 4025 4942 1259 6534 749 7964 7553 8322 1244 8486 6271 4664 1411 3327 1477 9220 170 6797 6302 1709 5410 2186 3356 9321 1752 4282 1039 7809 7493 8472 2032 9004 170 8438 8472 8166 3351 3813 7651 3179 4078 955 5346 4168 4767 647 9581 9276 405 2966 5546 2560 8135 6164 4314 8078 6767 2440 1623 676 4279 507 3066 4474 9059 7625 3500 6805 9589 119 9139 3915 8056 3047 591 9663 9598 3154 4597 6051 6441 841 6267 407 9028 4020 2401 4043 5368 4811 1890 2000 4353 5146 1346 7680
9175 4899 8782 0 1114 9575 5281 4177 3580 8955 6670 4892 6615 2195 3764 646 7011 9766 6159 5386 507 5235 9163 4899 8820 9907 5120 3305 7660 3397 3723 975 2315 3757 1882 6602 5441 9414 4334 7935 9790 3492 473 2003 3206 9017 5484 3543 8198 4857 2904 5807 557 9990 5464 9070 4788 442 7024 8882 4814 6774 6962 8810 4525 8885 948 7146 266 8580 8498 5503 4558 4553 2665 9462 1436 8607 7239 7981 2793 5010 9041 2422 1600 6409 8927 5067 6759 9329 3201 4830 2196 655 4982 1283 7274 3002 2445 4594 8219 6980 2114 7619 8721 4916 5568 3705 1389 7949 299 6894 2492 4073 9474 3886 9642 8947 5017 9964 750 1240 9940 1750 5914 6361 6013 1750 1669 1901 3479 4308 5076 6094 3294 1946 3832 7308 8260 8250 1362 9498 1148 785 5327 8029 3233 5045 6252 2123
1568 8985 1635 1114 0 2872 9759 4667 9308 3917 7394 7290 4125 1983 4411 8017 9147 8363 3757 2012 5045 2312 9084 1859 712 1197 5034 9660 9612 7132 2309 7350 6301 7144 1008 2064 3920 8042 4348 6829 7177 1823 6817 5429 422 4707 6294 7359 8827 346 4289 9562 3767 7402 4692 810 9275 4026 9547 748 7607 3875 6673 8116 3958 6079 2544 4412 9144 5786 755 7334 4248 2999 8857 4889 8163 687 697 6436 6389 2959 563 7626 8291 7153 9554 4556 1121 1448 9795 3786 872 2683 643 9732 9371 8933 4804 9972 8442 6081 3823 6656 7276 1122 4366 1696 7050 3988 8407 728 6357 326 308 167 3975 5138 2339 3908 7404 2264 1147 2391 2008 2634 7527 6376 9341 4784 8759 1773 7456 382 4143 9555 5451 1136 2242 3360 5076 61 3846 5521 9847 9884 1917 9283 143 8521
8508 2719 5339 9575 2872 0 6258 2998 8386 6155 4331 9166 582 4822 648 3728 1239 4966 1968 4700 7415 1077 3412 1341 503 3365 1519 7864 4205 8038 4576 8166 7229 9543 371 7706 2039 3511 626 8231 9361 4706 7124 9146 4358 1188 6187 9428 387 6379 9013 2746 9175 5666 1928 203 9071 1942 6287 6986 3311 4340 9753 1226 1729 6461 6792 6840 416 2885 8567 4353 7338 9127 3125 1453 6755 2744 969 9839 946 2548 7175 3992 6325 2410 4691 8685 1553 2807 6541 1553 1494 8565 1489 8346 5790 9488 9465 8352 6512 986 2735 4841 3663 8893 8695 4852 1457 6724 5342 3670 2452 8514 5710 3678 3363 1351 262 2022 9919 5336 1145 6521 477 1439 9136 6715 5575 4929 1725 8404 1339 694 4470 6822 5782 4076 3732 6800 6387 7498 8998 5483 7085 2693 7979 3724 673 3752
1026 233 7478 5281 9759 6258 0 3898 3138 7914 2991 5971 9615 2023 3241 2935 5807 7128 9481 3716 1418 3017 2466 1168 6018 5920 2599 9761 1299 5285 6023 6814 3454 5292 9073 9367 929 6045 7055 3952 932 5363 1193 2217 1663 2116 6396 2110 1987 1416 8728 1470 5587 2465 5303 1510 4283 7748 5855 3451 5043 1528 750 6316 5019 7513 4347 341 3505 4325 9950 9231 1147 3456 4416 1874 998 2924 9449 881 6280 4164 4333 3351 5684 7711 680 4516 9743 6030 7909 4189 3478 7158 5633 8060 1830 1723 4056 7569 3112 3615 109 520 6387 2510 388 766 7747 1138 8081 1240 696 6508 1479 205 2337 47 9924 9696 600 3297 9812 9172 3156 9917 6816 8032 6379 9274 1900 5164 6406 8517 8669 4508 6280 1146 5354 4284 1325 8855 696 7988 9722 3660 8916 5686 2327 8600
1796 339 4551 4177 4667 2998 3898 0 4693 6586 8949 7911 2439 8906 3355 4031 6482 8353 3520 7292 6645 6086 6960 1907 4461 3337 9564 1681 7177 3990 5636 1058 5157 3452 4326 9477 5013 6268 4912 7316 6009 4949 2866 2344 1148 6954 5164 8327 7302 6925 9395 9677 4218 4313 9281 9139 7422 7115 2528 9996 3363 1484 5239 6893 2900 9581 5039 81 9785 9152 4372 6830 3591 8468 6278 9163 1831 178 1121 9966 240 32 5388 7301 5099 2857 697 7996 4931 844 8261 7546 5949 1884 8494 8784 9344 4523 5440 2222 1584 1021 3542 3469 5388 2735 6217 5241 9736 5604 5926 6793 7485 369 6519 2694 3158 5493 4261 131 2407 4973 5910 6592 2696 2369 110 5619 6133 1925 2192 8824 5620 1321 8638 603 1499 9575 6913 3060 6370 7996 8980 7102 2454 4946 8205 9200 6523 5994
7504 5157 8414 3580 9308 8386 3138 4693 0 7268 6935 634 298 4224 9815 8739 6641 3486 4162 223 2639 9258 2076 6388 6839 7828 2253 3507 5921 3765 3642 9781 1664 9178 7222 5910 6385 3050 8733 4699 475 2131 2579 794 3929 8702 5585 2143 9053 8312 2954 7507 89 789 6137 6865 4408 1940 271 4824 9976 8675 9282 5018 9895 1748 4782 6781 1653 6509 3859 4212 5400 9830 1952 86 3134 1156 8300 6034 3720 9168 7891 1736 8029 4113 5664 8631 892 4342 2289 4897 5287 4772 131 2516 319 5972 5283 5506 8349 8144 8159 5603 8280 6329 216 6403 1005 141 3279 3247 601 4732 8258 996 4992 6732 5211 1087 6690 9735 5948 2874 5291 1208 4217 5244 1403 8013 3269 7786 7044 8422 7887 6774 7566 6233 9007 8701 9576 6899 1371 9167 3910 4291 4499 9168 1665 3390
8914 1993 6177 8955 3917 6155 7914 6586 7268 0 8514 4378 5407 6480 9451 3333 1570 17 5148 3458 7606 1218 3103 9689 1960 687 8463 4003 7345 4615 9282 2523 6204 5885 6696 1403 1813 701 4257 4413 9957 1998 9302 5174 2924 3358 5173 8422 2483 9377 1737 1840 9647 4687 2666 254 1101 9340 9546 954 5638 8441 636 8199 7278 972 2244 6649 575 8704 4993 2661 5000 8056 1186 1150 8729 6632 2219 6071 3075 1949 9538 7937 1709 1450 6950 2584 1070 4564 4853 1082 6348 5045 3037 1344 1321 9268 2028 7455 4178 9912 4279 7920 1925 101 8778 9015 8697 4260 2109 1224 6360 5818 6926 3990 941 4975 7980 8957 1770 6283 6982 5479 9048 9971 1337 6174 8021 5424 1932 8676 1159 8141 8202 7542 8785 4535 5454 9684 8358 8881 9335 5682 7281 3475 7089 5372 837 8768
6433 1819 2257 6670 7394 4331 2991 8949 6935 8514 0 8504 1217 1239 4887 6079 3016 9645 8817 5477 2322 4030 4387 5869 7003 4121 1533 2760 7563 8594 8333 6953 5269 9686 3427 8910 4621 7412 6836 8940 146 3429 5894 848 9303 4176 9667 474 9606 8983 5970 6781 457 7390 9268 2325 264 8704 3928 2050 5435 805 828 1534 1644 2210 198 2661 1293 8569 7031 1087 6771 8235 4577 9277 9220 2061 8389 4723 7890 7753 9788 4791 3582 3047 1229 3563 9551 6261 5979 4888 3481 537 3958 1941 8098 4043 1992 2111 1946 8171 8818 5902 4531 5387 4026 849 8056 3767 3878 6034 9439 2480 1959 6946 5641 294 658 8903 542 4840 312 1078 5694 7465 1855 2722 7073 2591 4590 8728 1448 3863 762 1087 8243 4812 9230 7543 1279 3460 9681 1776 2558 2037 2721 2056 5174 7659
7183 7112 7861 4892 7290 9166 5971 7911 634 4378 8504 0 4960 3353 7412 4633 3267 2651 6147 5136 8424 9151 9255 9470 2517 921 1474 189 2265 4745 3457 3925 5027 4566 1075 1025 4310 2891 4260 2970 1807 1385 6150 7000 4664 1958 8345 2241 5802 6512 6028 8991 7236 980 3558 6442 2849 1994 6039 8599 6678 6103 8578 2560 8954 9987 4282 1814 8929 465 4612 3215 7655 8991 8887 1144 4565 4348 3623 4006 8814 8695 7712 3773 7243 2036 3572 9660 4339 6853 61 6634 683 1137 639 7778 8116 2585 5956 8160 553 8374 1733 2920 8583 743 7820 3766 8295 68 2432 4809 5364 2708 8298 5476 3316 5482 4726 6012 8215 3992 6443 3412 6719 5983 5606 4264 9943 6547 7937 7632 6101 795 3160 2460 5644 4092 2837 643 5204 9315 6331 5376 2587 6857 2550 6211 9818 1383
6784 5119 2439 6615 4125 582 9615 2439 298 5407 1217 4960 0 5449 3002 7666 4271 9456 5883 2620 5266 9400 4019 1860 9125 9019 6771 388 1975 3779 9339 4641 9023 119 3166 9016 2750 3513 13 3908 5452 950 4776 5902 6064 154 6753 5368 259 4069 3866 2694 9328 702 4102 3269 8691 7797 81 5155 7281 3754 2730 9632 3127 7572 5533 3564 1315 3856 6604 4258 4855 3396 3831 3525 9247 4816 9137 2811 1485 8208 8345 669 9314 9576 5093 656 300 2903 9460 1491 665 2234 7637 5086 168 6797 7978 5966 5135 4978 5504 5809 9612 2259 2898 3222 248 3635 9045 7765 1659 7728 9755 5499 2097 2201 2918 9563 1902 2942 2593 7072 6850 8155 9989 3685 29 9731 6955 633 5128 7643 6367 8635 2491 607 9644 3753 5602 7220 2016 1186 9443 7581 207 8088 2588 2217
5061 1472 6824 2195 1983 4822 2023 8906 4224 6480 1239 3353 5449 0 2969 3496 5301 2967 4724 4970 9272 2950 873 1495 2984 7105 6353 3652 6202 499 2594 1411 1463 6412 1518 2143 4648 8362 4224 3060 5893 2730 6991 2683 2212 3358 3329 7030 8758 8347 7396 5072 8197 5075 2118 2582 8452 9803 6983 9487 9707 416 3491 4442 4337 4369 3997 29 4239 5113 607 2123 1156 2218 2522 1664 8197 9781 5451 7403 9745 1344 7744 6199 8860 7426 4249 3987 2525 6952 448 7580 2103 5818 429 3285 6909 6150 3895 7974 1357 4250 1730 2492 7720 9741 3199 9613 3757 1757 3503 4837 9676 7671 5161 3331 9508 7039 8362 4460 3600 4178 6578 7017 2295 8074 2873 2891 5455 5670 8041 5268 4115 2531 3586 9793 528 6175 6040 5557 2685 8877 4785 8560 9066 4693 9300 8024 6958 4120
2358 7063 9660 3764 4411 648 3241 3355 9815 9451 4887 7412 3002 2969 0 1969 4449 2684 2438 8778 4818 6372 355 7456 5612 2449 9638 6341 3262 8963 9669 5299 9571 8347 4082 8449 4323 6974 8750 3368 2300 3120 1548 678 6592 3555 3996 5321 9174 8269 615 1337 944 821 215 1660 7483 5771 7184 4812 5073 9613 6103 702 8898 6975 3528 738 1968 5675 727 788 8447 7879 3571 2823 6935 4717 8723 2975 3033 909 5139 3620 7114 7476 4920 2342 9459 9498 8614 9611 2930 300 7263 151 6455 7660 6645 3525 448 6248 5748 6577 7868 4345 4081 7502 396 7883 2846 3636 7584 4198 4618 1931 6887 9966 2146 8984 4428 8550 6141 6503 2676 5273 2271 948 261 7875 9968 5356 9691 7085 8853 2852 3334 9159 9536 3922 3925 4258 9715 7983 5912 4709 6096 5893 2051 9531
1292 4150 5247 646 8017 3728 2935 4031 8739 3333 6079 4633 7666 3496 1969 0 3022 5155 6707 9571 5246 6812 8075 2938 6476 4546 7135 1818 9710 9895 4874 7425 8803 4642 6132 6980 7953 3685 4231 6777 2370 5945 1018 4004 2598 238 8375 350 2010 6982 2876 7202 8062 1546 378 1707 1097 7008 4301 2361 9714 6923 3117 2390 4958 322 638 6260 8638 9094 3590 4645 9986 6680 10000 3005 962 1998 5299 2561 474 4481 1901 1877 4560 3822 9853 5236 9601 3566 5573 7302 4326 3372 7470 7168 3303 5671 471 2292 7207 1222 8956 2272 454 352 116 366 7041 779 7867 1899 5382 5116 8831 1634 9720 1056 2685 345 7055 7816 7869 4159 9276 9294 8088 9654 7291 3142 6833 7735 6143 9466 2519 9079 1347 356 1663 127 2171 7127 8396 7648 642 6852 5767 1233 5367 8877
9907 9412 6592 7011 9147 1239 5807 6482 6641 1570 3016 3267 4271 5301 4449 3022 0 1398 7081 2683 2206 163 4189 1727 6103 2424 4606 9151 7226 1572 4696 8139 2379 2630 7432 8280 8824 8157 443 9008 2879 1727 7730 4933 238 3425 3499 715 7260 2187 9433 6076 3134 1417 6072 8154 1199 1314 1823 5582 9640 1217 5464 1239 4813 1251 5671 9064 242 2434 8043 6247 4691 2108 7184 2791 5949 9159 333 2729 3718 3330 9074 6969 4852 212 8779 5199 6196 2101 3886 4809 2739 746 1547 4628 9038 7905 4231 2603 1245 9191 5360 8823 3474 1033 169 1632 6203 900 436 4467 3477 4313 9174 1864 3541 9005 3974 9724 8762 4026 6316 9786 8131 6719 6283 9274 4913 2078 1376 7622 8736 8062 5989 1685 5709 8730 4048 8185 8843 1324 5471 8643 6604 12 2044 568 2031 7736
7446 1581 991 9766 8363 4966 7128 8353 3486 17 9645 2651 9456 2967 2684 5155 1398 0 960 3568 753 443 5468 8942 1415 7171 4521 5197 8187 7539 1762 3107 2927 1025 4347 3451 2794 3921 3963 7611 6217 1318 2431 7574 6095 467 7015 7601 4500 6464 2562 1095 7698 60 7981 2577 5292 6064 7080 9773 7938 8850 1930 3402 1134 4031 7687 7084 6426 2892 3095 7942 3686 1564 289 106 4699 7151 8927 5745 8485 1332 144 3367 8985 7317 1278 3115 3687 2508 7820 8993 4867 1489 9305 6379 2320 2512 453 3142 873 290 8384 7162 220 98 7232 1277 3534 8430 5132 2856 301 8779 3417 7804 5091 8899 7496 4391 9320 5793 3587 7187 1580 5200 284 7556 3777 6359 2722 7118 7165 2267 2435 9604 4739 3996 3187 4987 8692 7541 8775 28 5829 1626 2846 3339 9282 8996
6395 2206 3797 6159 3757 1968 9481 3520 4162 5148 8817 6147 5883 4724 2438 6707 7081 960 0 7543 5154 8253 8080 2804 991 7532 4136 1916 314 8723 2619 6710 8015 335 661 6285 3937 7372 9721 982 3896 7150 5555 435 826 5274 6072 8405 8851 4456 9682 4671 3735 5766 5451 4228 1861 8563 9706 5749 3542 5476 6709 6212 9312 6479 9040 5258 3809 9010 7407 5727 7728 5306 6481 2866 5615 7731 2197 8715 7119 4664 4714 2954 7365 9860 2222 4102 5747 1925 6459 9099 83 3957 7876 609 383 1096 8091 3300 1060 3330 4524 3961 9801 2015 2949 2630 9677 2257 4797 484 6452 6297 7344 6948 2464 2319 3039 6064 5604 4002 7857 7531 454 8127 7615 2997 6581 7680 3279 2405 232 9735 7333 1267 5375 9377 5975 8389 2051 103 7743 2042 5221 8533 5476 9534 3536 3907
2170 2928 5850 5386 2012 4700 3716 7292 223 3458 5477 5136 2620 4970 8778 9571 2683 3568 7543 0 6312 6361 711 2000 309 6705 6877 754 6595 7830 5072 2441 304 4013 5650 2941 574 2941 4079 1204 1178 5451 9439 54 4724 5356 8276 66 9991 810 6812 9334 5263 9639 8761 1225 9654 3463 656 1389 1400 288 2071 4683 5373 7668 2717 3890 9145 9977 7437 3844 9032 7043 7216 2564 5253 4749 4114 9340 1198 9803 7465 6522 4587 5679 3274 9758 8827 3933 1488 1313 6616 6180 9986 8279 3666 6758 9870 4022 5051 5447 4061 454 4095 3786 8582 4214 6356 1819 7012 6387 5488 6904 7445 6485 6709 5096 2315 9654 8665 8638 6914 7470 5107 8818 7306 1872 3809 9034 3939 5133 869 7695 7111 5775 8023 825 604 5793 5473 9393 3160 5179 4258 3544 6397 1047 7704 2030
6344 8853 183 507 5045 7415 1418 6645 2639 7606 2322 8424 5266 9272 4818 5246 2206 753 5154 6312 0 3090 7952 641 9904 6679 891 915 7270 4033 5962 3492 5987 9854 2466 3349 625 7393 3214 2830 3350 1580 282 5541 4423 9931 9168 8604 8453 6714 171 2345 9832 6392 2250 4864 3156 6018 2689 4306 5399 4988 1745 6907 7883 154 4773 764 2533 9639 8864 2509 6140 5380 4948 7078 3015 4494 489 9652 8904 7803 8130 2613 8610 4778 2696 2043 9316 5871 6557 3073 3707 5206 722 5874 1246 3953 9930 9666 4809 7911 6429 421 7272 7178 36 3964 4597 7900 5808 9414 8737 9158 5020 6356 9918 8584 2732 4317 8628 7028 6740 6278 4846 7965 6050 7414 8274 9311 7413 176 6525 7542 5001 1338 1708 4937 1941 1294 9834 210 2407 8510 3077 2401 5019 2898 81 1890
5707 1151 6230 5235 2312 1077 3017 6086 9258 1218 4030 9151 9400 2950 6372 6812 163 443 8253 6361 3090 0 3461 2404 69 1147 8961 3402 3282 8166 2383 290 1000 4598 1539 1627 9913 5103 8598 9058 9312 7801 5351 3953 8598 720 9824 1115 9047 9472 492 9432 8454 4310 1109 214 6756 8136 5954 955 7922 1849 9853 5005 9711 5010 5908 7642 5684 7909 9796 8455 4888 9885 4101 8321 8440 6209 8355 5227 817 949 517 2104 5138 2844 5303 9755 711 2132 5693 384 1689 3913 2580 2462 5183 6314 5975 4623 9207 3960 4217 2355 4491 5944 2349 6458 9590 3461 2943 1054 2441 1582 9466 7732 6477 3097 3195 4810 3907 809 1291 4177 7969 4395 1929 9768 919 3600 8274 9882 5619 873 8614 750 1604 843 3034 8022 4040 7067 4849 1055 5897 9188 7465 9361 2283 4555
4323 2633 3784 9163 9084 3412 2466 6960 2076 3103 4387 9255 4019 873 355 8075 4189 5468 8080 711 7952 3461 0 5059 580 9611 1404 4256 6014 5810 4145 7340 7085 2077 8268 3201 9730 2385 5328 8927 2112 7258 1633 8798 317 1371 3138 144 8066 7752 7213 9104 9987 6544 634 9246 4571 7799 6779 548 2465 4021 1241 9435 3206 2015 8344 8577 9096 3198 7268 4133 7086 4922 9836 5900 3568 8955 2187 9947 9267 9454 1631 871 6135 2955 8304 3080 1460 2897 5115 4087 6782 5065 7810 2912 2446 2301 8880 9745 9860 5981 9185 8512 8914 3680 6126 1279 6484 2522 4989 2106 518 9848 4012 2743 5870 1814 9943 9134 5948 566 8512 8374 4166 7115 9888 5811 2593 4190 7904 204 8705 5990 9211 8968 7306 8252 4458 1598 8945 7799 4980 3188 3850 3532 6333 7903 9657 3297
2267 5117 7360 4899 1859 1341 1168 1907 6388 9689 5869 9470 1860 1495 7456 2938 1727 8942 2804 2000 641 2404 5059 0 8134 6453 2392 8395 2740 3306 1567 8402 8187 526 6476 5382 5186 8620 462 5415 5657 6171 4015 6068 149 8936 5348 5099 3121 4985 9275 5912 7738 6116 1853 1135 5056 1445 4525 9492 8843 5348 4503 8202 9039 7532 538 6065 531 474 620 7658 3733 6918 9856 6243 855 1299 4794 7102 3972 4266 2398 8267 4613 3726 3524 5189 5516 8783 874 450 4434 391 163 5724 4782 4579 9650 4133 7381 1127 6619 1832 9268 9211 1777 7991 1610 3445 6748 7761 9043 8896 2832 200 8689 1208 1278 9275 9954 9936 4778 7641 6369 3057 1314 3514 5367 6445 9690 6013 2075 7074 6214 7840 5571 7612 4790 6123 9131 8163 7560 7751 3097 2941 5868 48 1628 3452
2464 3133 4682 8820 712 503 6018 4461 6839 1960 7003 2517 9125 2984 5612 6476 6103 1415 991 309 9904 69 580 8134 0 5732 9649 5911 8715 3729 647 1059 2716 4224 6107 2465 1915 2052 7755 4080 6426 6006 7686 6720 5989 5976 4161 6765 6162 8691 9384 1445 2159 7613 4706 3171 4129 2271 3442 5842 4087 3444 6004 4272 9025 9601 1581 8289 8960 6637 7678 8037 8691 3074 5605 1294 9905 4284 4060 3404 3735 3405 875 8680 2381 823 1506 9325 7688 2330 1564 831 2136 4791 7132 367 2305 8284 8230 1436 249 2613 5257 3299 326 8938 3809 862 3067 3309 2014 4920 604 8086 5298 9491 7009 7094 7421 8647 920 4109 6517 5848 7306 3672 7681 5173 350 473 9518 4104 7228 9807 6223 2257 4626 3788 9638 6663 7917 9937 4950 6362 6544 8677 5887 2962 9679 6770
9538 931 5275 9907 1197 3365 5920 3337 7828 687 4121 921 9019 7105 2449 4546 2424 7171 7532 6705 6679 1147 9611 6453 5732 0 4737 4882 2860 9992 9358 6695 7915 8081 9956 3115 1089 1047 9093 5673 8194 7045 9480 9916 7397 4064 2721 9854 6619 8064 9153 4946 7451 1126 2434 5158 6503 4404 8214 2624 9444 1000 815 63 9281 5396 3644 219 414 3758 1884 1321 5049 8467 1272 4486 8363 3701 1223 3990 3820 5881 9822 2095 3952 1752 4106 5624 7674 939 5522 6278 6277 9404 736 9189 9189 5074 7823 4029 8017 9964 9475 3134 1057 1605 1698 6912 2162 2602 650 4664 7680 9579 6563 2126 6505 8874 8950 882 1139 3811 3338 2387 7745 8042 7130 195 1476 7176 8490 6905 4681 2741 4607 3459 5405 9843 3514 1983 2043 5418 263 3696 3321 6993 2361 391 2005 4807
580 4540 5457 5120 5034 1519 2599 9564 2253 8463 1533 1474 6771 6353 9638 7135 4606 4521 4136 6877 891 8961 1404 2392 9649 4737 0 5994 19 8455 4373 2522 2027 163 4278 4615 1777 7815 1082 9342 5608 1387 817 2230 1787 9671 8369 926 9653 3304 4287 6749 6325 468 9473 1491 1510 1876 3723 520 4598 8798 8342 7845 5164 4693 892 4636 3668 4508 4602 351 1225 1736 6814 1546 7176 3920 8988 9892 8242 3748 93 7171 4304 9521 5637 9772 174 1721 6319 4900 8066 8195 4616 717 5691 7948 804 7584 2060 2440 1972 381 4384 9627 4085 7506 2054 8928 1587 2752 8063 7667 3463 7903 2317 6352 5888 160 4454 5404 7513 2752 5567 4997 4531 8801 6616 1700 7601 6557 3079 8166 3015 468 8441 6809 4106 2026 9682 1880 9288 6428 6735 4802 5005 1907 6851 4974
2630 8769 9323 3305 9660 7864 9761 1681 3507 4003 2760 189 388 3652 6341 1818 9151 5197 1916 754 915 3402 4256 8395 5911 4882 5994 0 7944 2917 4013 8293 3787 7226 4639 3282 1089 684 9098 3354 3973 1849 4711 5407 2423 5670 3922 9535 2117 909 6331 6294 8538 9390 5780 8375 3277 6598 4070 6818 7410 3753 9801 6258 5060 8190 5509 5070 4762 7356 3624 9004 7943 9608 3494 122 9083 281 562 1631 8962 5851 9353 92 7957 8243 1764 4846 18 2964 4955 3680 5126 985 8768 7670 4325 1836 2411 5051 7722 7628 4181 7221 9556 4634 7832 5429 437 7315 3994 8864 2822 6097 5983 7504 2322 1786 3726 7120 2111 1833 6056 4416 528 8017 659 7319 8128 6412 4134 909 6472 3020 3570 4292 8647 7312 8354 9775 1805 4274 740 9047 8325 9551 5300 1848 1173 9822
6150 9506 9373 7660 9612 4205 1299 7177 5921 7345 7563 2265 1975 6202 3262 9710 7226 8187 314 6595 7270 3282 6014 2740 8715 2860 19 7944 0 224 7838 4522 9840 4968 1673 6238 972 9522 2963 1524 5336 7533 4271 4173 9193 8382 2412 7717 8639 774 4649 1398 7106 7056 4353 1175 6281 1634 7356 662 2616 973 6522 1934 678 3382 845 5913 354 334 9004 6361 5435 3172 9903 9230 6753 9738 4372 7278 6270 1077 953 4262 8133 4046 1683 3042 4650 3993 568 9997 3771 9893 2769 1458 3679 4066 1951 6259 1127 9217 8646 9528 9133 1858 5815 7545 4168 2201 9005 2091 8474 2445 2830 4520 6997 3308 4799 9249 898 3005 7096 839 7764 3417 407 6699 3374 4185 4999 8379 5749 6679 2320 8019 1226 733 8541 3535 5920 532 7026 4660 9807 6487 4563 2732 2815 6435
3587 3366 9642 3397 7132 8038 5285 3990 3765 4615 8594 4745 3779 499 8963 9895 1572 7539 8723 7830 4033 8166 5810 3306 3729 9992 8455 2917 224 0 9852 5292 8680 8037 1660 8139 1837 9202 8347 9604 4717 2389 331 7606 8944 4172 6768 5744 2083 8822 3571 9050 7813 5439 2663 3216 6228 9659 5733 714 6489 3759 3748 481 1345 4323 9974 3380 2819 8094 9435 46 3120 4017 7350 1476 7586 9365 912 6143 8218 8592 8162 8464 1587 7103 3788 3962 4346 4243 4202 781 6359 2812 5833 8295 9069 1866 5100 431 2647 9180 3535 5615 3497 5758 695 8564 2818 1571 3293 8099 4891 3566 4148 4823 8347 4713 2005 695 165 1735 6334 2877 6535 9005 5039 1895 4301 3441 5485 5456 9870 6668 3575 7565 8637 629 765 7247 8830 4147 3171 2014 1361 3310 726 1980 2071 7661
8118 7979 6883 3723 2309 4576 6023 5636 3642 9282 8333 3457 9339 2594 9669 4874 4696 1762 2619 5072 5962 2383 4145 1567 647 9358 4373 4013 7838 9852 0 1325 7980 9802 4331 6621 1368 1072 3657 3255 2782 4317 5262 6713 9585 1856 8698 1858 7538 2919 6724 5085 4025 2991 2450 8853 5185 4526 6943 3177 9979 7524 2250 6697 6742 2520 2111 2427 770 181 4127 7781 9105 450 8655 6085 2392 741 6958 950 4374 7225 8646 3338 6198 7525 973 1035 3461 2129 768 3969 7249 8131 4635 5033 9574 9267 6024 3974 5971 2138 7682 5185 6981 4679 9813 8446 1962 6101 2277 7598 607 8542 3237 9566 4587 259 6913 1397 1214 3123 9451 2562 4719 5232 260 454 8989 9299 4802 4462 9445 64 6496 3877 8419 1032 5050 6876 9582 4865 3055 9870 9048 6417 9022 983 9062 2439
320 404 1015 975 7350 8166 6814 1058 9781 2523 6953 3925 4641 1411 5299 7425 8139 3107 6710 2441 3492 290 7340 8402 1059 6695 2522 8293 4522 5292 1325 0 828 4331 1013 3675 1819 1227 1289 9544 7039 2468 1299 6908 5122 2924 9973 1036 6320 8646 4560 7645 4146 7449 7577 3861 4409 3534 5339 7628 9126 1176 4175 6204 7569 6288 3433 9401 7152 4101 8676 5984 6470 3876 7792 4392 5991 9093 2270 4795 7229 9772 6739 4242 2323 1273 6289 6013 7154 3446 1466 1599 3488 5253 6178 4887 2937 6867 9409 4491 1104 8482 5588 1539 8672 8149 7966 2047 8718 158 7009 6313 6294 9914 497 140 9405 4756 9709 7333 6166 3423 7651 1991 3671 1082 3690 8367 4251 794 1743 1908 5665 7513 7076 6183 613 1216 9341 8249 4066 9341 114 8932 3429 1460 3078 909 5560 5273
8941 4734 2169 2315 6301 7229 3454 5157 1664 6204 5269 5027 9023 1463 9571 8803 2379 2927 8015 304 5987 1000 7085 8187 2716 7915 2027 3787 9840 8680 7980 828 0 671 4998 6257 528 3922 2649 7851 6799 3088 5880 7063 9525 3747 1123 350 3 6164 5742 2105 6581 9285 3240 791 6642 2817 8988 4441 3312 1260 263 8714 9541 2292 4120 1733 4130 7472 3483 7338 2022 8729 1518 170 8418 263 2675 7729 2875 3627 840 6890 7978 4270 3730 9089 6840 3699 3965 3999 7325 7624 9600 7056 2076 4481 6068 7612 9176 4169 7181 671 5722 2848 4592 6095 382 8174 6445 8668 6525 5136 9087 4141 7610 8379 4292 8985 851 9617 2089 7763 8659 3716 1788 5874 6337 6158 192 9374 7869 1933 1827 6357 3396 2726 4082 7470 4062 5485 787 7208 9519 5883 9499 199 9292 1899
9280 5581 3118 3757 7144 9543 5292 3452 9178 5885 9686 4566 119 6412 8347 4642 2630 1025 335 4013 9854 4598 2077 526 4224 8081 163 7226 4968 8037 9802 4331 671 0 6765 7010 369 8850 7173 4103 3785 1396 8513 6338 9435 2165 2435 6986 8807 9380 4671 9342 5583 6676 2839 4027 5155 7836 1051 1864 8538 1487 3329 785 18 7742 3106 5700 9987 1853 4428 6437 924 2131 3289 7997 9349 4644 6851 4087 1202 28 7547 381 517 4854 3640 2850 880 8645 1284 82 9371 5981 8968 2118 1040 5568 6257 9084 3830 9839 3117 8584 8635 3667 9856 4992 272 4744 943 168 611 3242 7885 5288 2203 7985 4447 4284 6151 7094 5164 752 1675 2865 4821 7172 5244 3419 8362 8221 387 6475 478 242 617 6599 6039 7875 80 6568 7471 498 4720 9293 5982 6267 8281 501
6899 630 6325 1882 1008 371 9073 4326 7222 6696 3427 1075 3166 1518 4082 6132 7432 4347 661 5650 2466 1539 8268 6476 6107 9956 4278 4639 1673 1660 4331 1013 4998 6765 0 8520 5473 1437 9010 9587 6574 5921 5642 7880 6136 2996 2333 1304 2138 5794 8065 6244 4699 2777 9001 1611 8655 4005 5414 1316 460 2062 2193 8424 1056 3642 309 3330 9619 7735 4232 7154 222 3113 8167 6412 1186 3495 3542 5603 2368 2172 5851 8813 5547 942 6697 5416 9275 9796 6991 3789 641 3535 287 6970 1861 3178 9302 2291 4672 1013 7946 1228 5102 803 234 3511 7638 3381 6337 22 1710 8705 4067 1473 9014 1899 1871 6141 8746 6999 131 5035 6228 2446 8435 7905 4721 1470 544 6117 3840 7655 8053 7681 5564 6557 7249 3929 9719 1013 1676 4672 3499 2741 9553 2869 8065 1692
499 1677 252 6602 2064 7706 9367 9477 5910 1403 8910 1025 9016 2143 8449 6980 8280 3451 6285 2941 3349 1627 3201 5382 2465 3115 4615 3282 6238 8139 6621 3675 6257 7010 8520 0 9102 4540 1531 8537 1500 6699 3402 5728 1087 4932 4365 7824 7685 207 967 7848 7161 3792 5288 9290 7835 4699 9739 10000 495 7081 1691 9093 6738 6078 3652 9589 7890 5700 916 2594 8938 8922 9986 7674 9715 2642 5012 8216 6090 8852 4885 5500 4529 8105 2757 1393 3987 5667 3328 4326 4803 8681 3176 5385 9244 725 1650 5318 4739 1789 8984 935 4307 4971 542 9545 9094 9472 2455 2160 2018 7975 7645 4216 9011 4373 2169 7545 8922 4802 3699 4111 9298 7254 8932 8202 3661 3619 5682 4608 1281 7590 367 4128 9704 844 4696 4914 8283 9355 7961 5133 4655 804 7482 4024 1251 7251
8304 6541 844 5441 3920 2039 929 5013 6385 1813 4621 4310 2750 4648 4323 7953 8824 2794 3937 574 625 9913 9730 5186 1915 1089 1777 1089 972 1837 1368 1819 528 369 5473 9102 0 3510 3558 2699 5686 373 9706 1189 10000 8481 2135 4235 3004 7348 1042 8534 7237 2655 9260 3141 6441 552 7660 1390 1814 8635 5056 4356 1631 1982 4099 6961 5566 1695 1923 393 9623 2549 6899 2876 9111 6594 71 6869 8085 112 7348 7596 4753 8211 5930 5829 6450 7743 4361 72 6215 7126 7966 6962 2043 9366 8864 7309 9389 6091 9837 510 7992 5582 6547 8784 6813 2362 1260 1096 4309 3218 2959 7674 5068 8578 1083 7626 7606 2738 5376 5866 2333 4017 6963 519 4704 3199 7091 9950 2820 5 8124 5793 6490 6068 1247 1464 9221 9290 5308 8339 6761 4069 6876 730 2710 605
789 4066 8762 9414 8042 3511 6045 6268 3050 701 7412 2891 3513 8362 6974 3685 8157 3921 7372 2941 7393 5103 2385 8620 2052 1047 7815 684 9522 9202 1072 1227 3922 8850 1437 4540 3510 0 5831 5291 2912 4041 3716 183 8880 2955 5778 4872 3334 522 9303 4696 9444 4322 1752 1312 2530 6018 497 5172 5138 1437 2794 3981 9013 6691 4062 7100 2103 952 1889 1953 3320 1006 2158 9164 1041 3486 5174 4025 5070 2206 2748 749 9433 686 1539 3618 709 8492 9475 2010 3236 8122 7653 1096 2986 6351 9122 4087 1773 3174 2538 1097 1979 8700 4068 4552 8865 6269 4783 8729 9945 4012 7462 8073 5045 7451 2581 9574 7588 7785 802 7949 1743 8723 8368 5353 1574 134 9729 8912 9119 9702 4595 6781 651 4126 5035 6645 6913 8732 530 7280 989 6432 8359 3443 3942 6619
44 4528 2928 4334 4348 626 7055 4912 8733 4257 6836 4260 13 4224 8750 4231 443 3963 9721 4079 3214 8598 5328 462 7755 9093 1082 9098 2963 8347 3657 1289 2649 7173 9010 1531 3558 5831 0 4809 7985 4228 7783 3927 6130 5794 5359 4171 8263 4311 8083 5197 7893 4580 4486 9852 2345 9170 9677 533 1131 3160 7012 2084 4495 9270 5336 5842 7227 9989 2144 4899 8064 1241 2586 3715 1648 1747 8195 1644 1517 122 4656 8623 6973 442 1273 7262 1201 7072 2168 899 7864 8439 5208 3253 3087 4307 6667 7881 9493 6115 8894 9382 9177 2839 4609 508 9345 5638 7928 273 2953 726 5143 8489 6425 3257 5813 4298 8880 3 9077 2018 7687 3800 9661 4152 4951 9096 7712 7183 1563 7273 5503 3363 8106 9244 9635 6320 3322 9504 5123 4315 7698 3260 6695 6434 9167 1286
1849 8109 9620 7935 6829 8231 3952 7316 4699 4413 8940 2970 3908 3060 3368 6777 9008 7611 982 1204 2830 9058 8927 5415 4080 5673 9342 3354 1524 9604 3255 9544 7851 4103 9587 8537 2699 5291 4809 0 35 7110 8154 6882 5513 2983 7118 5458 6507 2038 1569 8759 1381 3281 4181 7370 8836 6053 4111 7609 5926 1362 5640 6808 2021 7878 2346 8119 2256 7066 6665 38 7718 7434 6740 5984 5919 6381 9225 9545 4553 938 8019 4031 497 9867 9213 6103 2214 2604 8516 1018 9035 4948 1117 2679 6722 7133 1558 8175 4584 5384 9640 3461 3697 6457 2349 8046 583 6018 669 1108 3072 2249 9626 2306 5202 6473 8052 1127 218 382 1882 4297 9125 8338 2414 5550 598 3958 4039 8115 6513 5642 4799 8661 9903 702 8787 7838 57 5101 6314 7143 4894 7213 2961 2361 7649 2815
8779 8099 1070 9790 7177 9361 932 6009 475 9957 146 1807 5452 5893 2300 2370 2879 6217 3896 1178 3350 9312 2112 5657 6426 8194 5608 3973 5336 4717 2782 7039 6799 3785 6574 1500 5686 2912 7985 35 0 6478 7239 8537 3152 3511 8555 684 6134 8586 6677 6966 8119 4134 2142 1524 4215 7999 5732 3461 1387 6894 8163 1778 9828 851 581 5000 8634 7611 5798 4164 8217 9897 7992 9691 7560 1358 3157 798 6647 8810 6603 3869 6706 4485 2766 8180 5963 8613 2368 7021 6940 6669 2912 6852 7715 7210 5172 2126 7708 180 1613 7617 3606 3955 2273 9942 4026 9205 1367 3597 6341 4606 9875 5716 43 4973 9332 2040 4982 6600 5142 4766 7970 1652 1675 5960 1391 1658 652 3519 7323 4038 1515 1126 1845 7725 4960 4728 9692 5863 3706 6422 2373 70 2714 3154 3087 1318
76 4992 7300 3492 1823 4706 5363 4949 2131 1998 3429 1385 950 2730 3120 5945 1727 1318 7150 5451 1580 7801 7258 6171 6006 7045 1387 1849 7533 2389 4317 2468 3088 1396 5921 6699 373 4041 4228 7110 6478 0 2725 9440 6106 5232 8275 4370 7046 5033 8810 170 7758 9011 8132 9093 3799 3054 4307 7370 2574 7873 6492 9682 4312 447 5720 191 6702 8236 2533 7684 4937 5270 1782 4528 9815 7900 7859 2870 6761 6041 8513 4756 3190 5675 892 6804 4279 4594 6286 7625 8975 9574 6320 6368 8835 2346 6898 3946 3070 9645 4330 5014 148 4387 7819 5227 2962 4985 9699 3476 4542 5567 883 8427 4661 4258 3156 6916 8291 1593 2435 2424 568 6901 1746 5676 5444 7136 5246 2361 1251 6926 5995 6127 1874 8382 3849 8053 53 5226 3981 5705 8876 1763 5217 7433 1586 4896
5383 8930 3649 473 6817 7124 1193 2866 2579 9302 5894 6150 4776 6991 1548 1018 7730 2431 5555 9439 282 5351 1633 4015 7686 9480 817 4711 4271 331 5262 1299 5880 8513 5642 3402 9706 3716 7783 8154 7239 2725 0 7952 7303 7978 952 939 8745 6904 7727 9299 6117 764 7843 619 578 5910 2754 4570 1312 1527 2720 5680 9092 6713 4070 9612 3086 7905 9241 4793 1961 4533 5623 9360 4419 1392 7070 6039 129 7429 9746 6519 2127 8124 5409 7453 910 2582 8424 145 625 461 7826 2922 994 4084 1723 4974 3736 5117 7394 131 6398 6336 6100 8809 5601 798 5424 4628 6636 7707 1322 2785 1039 2424 6931 2549 3268 5497 4938 5474 8967 5908 4457 5676 1743 7584 5827 3109 5810 6903 4424 4348 7909 4252 9129 2425 6710 8035 221 2771 4450 7661 7112 8202 3676 1787
9129 5429 1630 2003 5429 9146 2217 2344 794 5174 848 7000 5902 2683 678 4004 4933 7574 435 54 5541 3953 8798 6068 6720 9916 2230 5407 4173 7606 6713 6908 7063 6338 7880 5728 1189 183 3927 6882 8537 9440 7952 0 9195 5763 4811 3566 1749 6864 3122 8547 1446 9310 1600 2295 3890 5530 5183 9111 3477 530 6052 9404 2401 8746 6410 952 6958 1125 2486 3199 9255 7735 9316 886 6346 8385 2220 9295 8776 3554 11 2326 6855 8074 3177 5061 6112 5275 7767 769 8187 3962 5825 707 3636 6831 6988 3428 2816 3281 9593 8860 814 4804 7257 9462 4700 6030 8182 2069 8760 1801 1470 7261 6937 7082 3622 6559 2084 238 8184 5783 6387 6265 3878 4198 5225 9597 3548 604 8595 8005 4749 6962 7487 5768 3040 7941 2394 5257 4803 5062 6500 9268 4539 8145 7892 6354
7624 1252 7848 3206 422 4358 1663 1148 3929 2924 9303 4664 6064 2212 6592 2598 238 6095 826 4724 4423 8598 317 149 5989 7397 1787 2423 9193 8944 9585 5122 9525 9435 6136 1087 10000 8880 6130 5513 3152 6106 7303 9195 0 3308 8140 8139 8244 9190 2459 9612 4397 4908 5703 5727 5260 9835 3067 7544 7558 2265 3098 7964 7488 9783 9463 4271 1982 7650 7669 8479 4062 8614 8743 979 3559 8156 8604 5255 9220 1434 3273 5826 7441 5311 4365 1876 6771 4910 2108 7604 8571 8174 6654 3819 6116 828 6732 8080 1149 4301 9270 3129 8579 167 8959 734 2179 7984 9854 2887 2782 9834 9821 8598 8983 5359 1451 9512 4124 1301 1838 7742 1153 735 5166 379 1713 9860 6603 4701 7487 4932 3960 8717 5940 8898 5622 3835 2349 2738 9243 4809 7519 9597 3290 8969 6514 4790
2794 4556 2220 9017 4707 1188 2116 6954 8702 3358 4176 1958 154 3358 3555 238 3425 467 5274 5356 9931 720 1371 8936 5976 4064 9671 5670 8382 4172 1856 2924 3747 2165 2996 4932 8481 2955 5794 2983 3511 5232 7978 5763 3308 0 536 5631 2117 4549 3021 4087 7933 923 776 8727 3192 2304 2471 9282 3759 7421 1198 3002 8155 5949 3596 4749 1966 6673 5521 186 1152 5281 9542 2253 8288 1940 2801 4482 7713 2823 7517 3743 3450 6085 7779 347 9265 8370 3148 131 5341 6012 448 5781 4391 117 9821 429 5422 7024 4656 7778 7552 1065 260 3053 2864 8696 4153 1315 2943 6891 9791 2417 9476 6184 7592 701 6526 9924 793 19 8359 5299 2370 1607 9884 7933 7507 3396 9230 2334 1577 2533 2094 3957 7922 6906 5271 3500 5176 4451 5108 4186 5231 1542 695 3680
7449 9992 1664 5484 6294 6187 6396 5164 5585 5173 9667 8345 6753 3329 3996 8375 3499 7015 6072 8276 9168 9824 3138 5348 4161 2721 8369 3922 2412 6768 8698 9973 1123 2435 2333 4365 2135 5778 5359 7118 8555 8275 952 4811 8140 536 0 9425 2222 3081 5211 4865 2656 5469 3598 3357 6421 9048 5699 8949 7067 3099 4893 6989 3798 793 3563 299 9583 3688 9619 3287 7336 3718 2307 457 6228 6102 607 5309 5988 9623 9898 944 5455 5907 5257 6085 2586 6212 5289 1864 581 7776 8494 1282 509 76 8948 5994 9830 9392 2293 8433 2458 5048 668 8291 1434 7315 1775 8809 1748 1860 8593 6818 2306 4021 1824 1442 9951 5244 1648 3668 4186 6497 9454 4132 8241 4667 9387 7938 5761 435 1780 4754 7971 4966 9582 7986 504 9210 3982 2133 2141 5756 918 4987 5600 6708
3285 6705 7093 3543 7359 9428 2110 8327 2143 8422 474 2241 5368 7030 5321 350 715 7601 8405 66 8604 1115 144 5099 6765 9854 926 9535 7717 5744 1858 1036 350 6986 1304 7824 4235 4872 4171 5458 684 4370 939 3566 8139 5631 9425 0 965 9359 3291 241 9549 9120 5787 1685 1818 8157 3907 5223 7253 6564 7200 6867 9450 3624 6383 5882 4053 4913 2928 1226 2778 830 2614 9672 6319 6266 7087 6663 8795 768 4230 7219 6702 1674 1025 8497 5170 6602 8342 6789 2041 9980 719 8990 6429 2014 2549 6890 938 6250 780 8239 9772 8169 86 9215 6978 2038 9721 4901 1470 8800 8498 9633 5602 5045 8137 3304 2 4360 1278 3715 8942 5375 3059 527 240 5215 4991 433 7144 2227 3118 7347 2259 4938 5285 6973 7997 3341 9257 8012 3578 520 8183 5335 3771 4822
3195 2514 3412 8198 8827 387 1987 7302 9053 2483 9606 5802 259 8758 9174 2010 7260 4500 8851 9991 8453 9047 8066 3121 6162 6619 9653 2117 8639 2083 7538 6320 3 8807 2138 7685 3004 3334 8263 6507 6134 7046 8745 1749 8244 2117 2222 965 0 4221 9237 3010 5932 2826 6498 6817 9762 7709 4000 7724 5088 8112 351 6809 746 7124 5091 3791 2415 5295 8887 1899 6210 9935 8638 2743 8939 4052 9872 5535 7206 6478 7580 9766 366 7252 1131 1985 7670 9220 1266 1614 7858 8609 3355 7187 8688 2197 2000 3789 7942 3163 3344 5485 3809 9539 1902 5683 6442 1615 9104 6420 7576 1772 6646 6771 2124 2861 227 7496 1768 2593 4967 4770 7671 84 7455 8910 5629 9712 9848 698 1278 1210 3814 4311 9180 3227 3253 686 2474 1701 6535 2792 7466 265 3041 3265 3742 7952
9248 2440 6718 4857 346 6379 1416 6925 8312 9377 8983 6512 4069 8347 8269 6982 2187 6464 4456 810 6714 9472 7752 4985 8691 8064 3304 909 774 8822 2919 8646 6164 9380 5794 207 7348 522 4311 2038 8586 5033 6904 6864 9190 4549 3081 9359 4221 0 6643 9975 8468 7536 4352 8579 2845 2470 8558 1793 8789 6844 8895 9536 8548 5095 4917 5809 3190 8456 9124 8987 8200 3882 9783 46 9092 6838 2098 6881 369 2046 3209 2316 3181 9291 8055 2645 7184 332 6150 6320 3460 7054 2231 9096 713 6388 9601 5137 5280 5684 4292 9121 4225 2592 41 1996 109 5646 2592 453 1777 7873 1753 4489 3002 7654 1596 665 4421 7409 7705 1235 930 8236 3365 2359 9732 8371 5519 3354 4559 9023 7348 839 4155 1122 4199 981 8770 7661 6877 4599 4729 6641 3798 9545 63 6826
1285 120 4931 2904 4289 9013 8728 9395 2954 1737 5970 6028 3866 7396 615 2876 9433 2562 9682 6812 171 492 7213 9275 9384 9153 4287 6331 4649 3571 6724 4560 5742 4671 8065 967 1042 9303 8083 1569 6677 8810 7727 3122 2459 3021 5211 3291 9237 6643 0 9619 2279 2056 2647 7448 9181 2655 8270 9343 6801 2807 4197 5352 314 9926 7507 6062 6681 4829 2033 646 15 83 9682 4961 6396 2495 6442 9542 4102 891 1308 1664 656 5916 9909 1402 1430 6123 4986 4368 5617 837 5202 941 621 2360 2628 7990 9866 6810 3418 1237 1474 2913 361 7212 9223 3097 7535 4196 4574 7838 1356 2077 418 4714 8941 9130 6581 8204 6011 5026 226 5690 7777 9918 7866 9954 463 8077 5960 3705 8897 4859 1344 6498 9869 6775 6941 6473 5045 4129 2265 4925 552 7786 8430 8271
6694 9287 8698 5807 9562 2746 1470 9677 7507 1840 6781 8991 2694 5072 1337 7202 6076 1095 4671 9334 2345 9432 9104 5912 1445 4946 6749 6294 1398 9050 5085 7645 2105 9342 6244 7848 8534 4696 5197 8759 6966 170 9299 8547 9612 4087 4865 241 3010 9975 9619 0 4983 6244 4353 4797 5976 4217 1939 2117 7744 5593 2223 5951 6173 2421 3773 6432 3600 4566 3537 312 9029 1929 1208 183 2088 2210 4198 3058 5579 8479 327 3409 5423 9247 2624 4777 7504 6556 1876 8633 4952 6011 951 6554 8708 917 431 5171 5606 1056 6385 7519 1529 4029 6739 5487 5754 2303 5471 9562 4763 9969 7337 9520 6668 1905 9675 6597 4305 626 3994 697 1870 1010 5992 2097 2766 3147 6790 9942 779 1407 2459 3237 2157 682 33 2002 2493 5066 1952 520 1741 4166 1092 6877 3512 4680
4699 8402 6750 557 3767 9175 5587 4218 89 9647 457 7236 9328 8197 944 8062 3134 7698 3735 5263 9832 8454 9987 7738 2159 7451 6325 8538 7106 7813 4025 4146 6581 5583 4699 7161 7237 9444 7893 1381 8119 7758 6117 1446 4397 7933 2656 9549 5932 8468 2279 4983 0 3858 3929 3041 3685 8397 1699 6522 7584 8810 102 9367 6676 9002 5239 4373 5010 9234 702 6150 8674 5830 7413 189 227 2842 4815 6721 248 5507 3575 851 503 8040 416 2771 4105 6084 8756 5346 6077 3887 4004 9512 3224 9640 7581 2632 5137 9660 6383 6228 5346 5742 3580 7214 8181 8161 9125 3384 2761 7051 8953 8055 5045 6184 5780 7243 4301 6705 8121 1025 112 1534 3706 1094 1321 2398 2240 715 2376 3452 9992 4393 7920 8447 395 8192 8735 6506 7329 949 1927 96 5305 1179 3386 7723
7010 5519 42 9990 7402 5666 2465 4313 789 4687 7390 980 702 5075 821 1546 1417 60 5766 9639 6392 4310 6544 6116 7613 1126 468 9390 7056 5439 2991 7449 9285 6676 2777 3792 2655 4322 4580 3281 4134 9011 764 9310 4908 923 5469 9120 2826 7536 2056 6244 3858 0 2717 8907 132 2941 1216 8051 3767 7394 982 2383 7547 4998 8662 7443 3055 648 6539 2035 1938 1139 711 1934 8571 2173 4801 9109 7608 1423 9272 9261 801 4361 1409 3550 6695 530 1951 7233 4935 1471 2763 8968 9402 3783 28 7830 4515 6487 4882 4196 629 1180 2686 9829 2810 2716 237 4430 9171 1184 1067 3127 5451 2996 4557 4162 5200 7859 9951 2831 7781 9508 3139 868 1258 2151 4041 9909 9439 656 9620 5809 3255 949 2076 7493 8673 4784 2174 325 6518 5139 407 7140 9704 4545
