100
0 8886 9823 3958 1785 4456 4632 2470 4695 5195 7834 2642 8541 572 1743 7368 6840 1285 2522 595 3695 5283 6674 179 4725 6943 1347 2987 7996 2855 9255 1553 8832 8373 7471 5012 4866 3781 9118 1140 1226 469 5680 5341 7160 9189 5346 7379 3485 8531 7840 7197 5111 8378 3587 5051 3495 5179 1901 7521 205 9702 8998 993 1544 6129 9884 4327 5616 6622 8366 6666 6263 8319 7383 9841 5895 6924 6924 3674 4050 5649 2889 9721 1769 9027 5949 1737 7759 6265 7155 7459 134 2765 9098 1114 4721 7132 2918 8599
8886 0 3005 9102 853 9406 8289 4338 3831 1359 909 9793 5063 5962 3037 8362 8850 7912 9063 1462 8239 834 4824 2806 144 5775 1957 1555 7738 5450 4515 3167 7957 4336 3959 1411 9143 6162 8902 4682 4712 1338 7841 1506 4381 3177 7426 3200 1511 7253 8154 5800 5999 8197 112 2787 1418 65 1127 8892 4523 5135 9889 7854 5189 4476 3289 5559 6218 691 9118 6545 1524 7127 546 1121 8365 8713 996 8461 5606 4988 7462 1001 6114 8111 572 4270 9812 3755 2302 1154 6620 5339 2414 4677 5431 8872 6653 1473
9823 3005 0 7742 2604 1750 3532 1607 3781 3523 5526 230 2509 8759 2344 4529 8444 2453 8909 5181 2164 2701 744 5903 660 144 1247 1666 8823 776 349 2942 664 8839 659 8354 5009 2511 8681 5637 9778 4998 9089 861 8516 4245 8327 9340 4739 504 7287 4590 1811 6498 2493 44 8217 5753 659 5701 5469 6527 6249 7167 1108 8059 8690 2280 3111 1841 2403 1586 8106 8962 6190 8456 342 6950 4919 6405 2411 4278 5389 306 5291 9642 3341 6794 7507 3804 8253 8732 4418 5460 5160 9615 8666 1416 6123 8756
3958 9102 7742 0 734 6435 4404 3866 2931 5916 6587 6989 9032 8449 8129 4997 4836 8789 3565 5410 9782 2620 553 3817 9661 2018 4988 4601 6311 6322 11 1686 2865 4504 8011 4199 7958 8494 2159 5231 7164 7132 4373 6119 7619 761 9311 277 2357 1948 8991 9155 5171 4240 2976 9426 6465 4838 5766 507 6024 9530 8509 8107 7213 554 6647 6651 9134 7271 8768 75 6809 5513 8065 1211 7482 980 3087 8159 9501 607 6723 2975 1175 634 261 9788 7243 7830 117 5143 2270 985 1147 7127 1260 4014 878 5164
1785 853 2604 734 0 714 6445 6265 2905 4913 4243 1994 1466 142 8525 8015 2787 2012 3704 7852 3856 8499 5406 3219 2977 8055 3863 9493 7903 5695 3143 106 1293 1268 3059 3774 9578 6624 7797 5389 4858 2834 371 7271 784 9298 702 4628 4997 2153 5674 6074 189 378 9929 6240 4488 5781 1575 5760 8338 7817 7654 744 2581 5442 866 7559 4017 7013 6195 9989 3871 9170 9696 3310 8700 709 505 3307 8188 655 2792 7041 6876 8043 9266 8682 1208 6195 5795 6975 1162 3494 3340 1051 9402 8778 5400 4238
4456 9406 1750 6435 714 0 6765 3246 6341 708 6063 9252 5347 9889 6646 7671 8449 2659 7133 649 2123 1069 4489 2619 6657 227 5398 606 4919 348 7665 1541 4759 3876 7419 8869 5059 4870 4104 2768 9353 5544 3780 3217 4989 9343 644 4447 5471 4702 8060 1717 5128 2249 9422 68 8389 3385 2392 3388 5135 5262 4443 5643 68 9991 5062 6251 9146 3665 519 3321 3661 957 6370 669 5155 6408 2366 9277 82 4263 9904 1657 4588 6254 9699 4614 8060 5707 7462 9671 2597 4968 7702 5370 2916 5022 9446 3956
4632 8289 3532 4404 6445 6765 0 5456 635 2156 4175 4306 4358 3590 3194 5564 1694 5402 6666 1623 6270 430 6639 8004 3498 3897 3351 6489 4482 2627 4428 850 8221 9467 3302 8008 6175 2990 6183 5855 3076 2987 6280 5086 9312 4953 7414 9228 1679 5591 7 6294 5012 7373 6009 7147 3107 8495 8004 4301 258 9687 9798 6585 2406 3500 4170 7888 1445 9666 4892 7298 8200 9465 8776 2696 7547 726 6136 3039 2682 4507 4893 3109 4418 5944 989 4415 7310 6143 6956 5138 8985 8136 4384 6177 8229 3305 8352 715
2470 4338 1607 3866 6265 3246 5456 0 3043 5111 3676 683 781 1877 7766 6123 5350 935 50 2009 6922 9675 2461 7815 7412 8223 2212 4179 1519 3663 4125 5083 6081 3632 5271 2101 1301 7740 3703 6151 406 5578 1763 2592 3812 6978 5615 4357 9108 6575 8641 5338 9616 5917 7369 1501 3060 1248 1242 4247 3345 4622 8416 8151 3039 9462 7156 4754 392 7437 3782 8207 2254 1598 2701 1432 3030 568 6571 2308 3265 9493 7194 2619 7783 5711 2608 1695 525 4024 5541 3125 8772 8369 7441 4784 4307 1941 2718 2116
4695 3831 3781 2931 2905 6341 635 3043 0 2318 675 8844 9135 6165 8710 5637 6641 3267 9092 6295 5965 2083 565 1727 6826 71 8159 4968 5299 9673 5925 8099 489 9857 148 1368 4696 9306 4237 1262 5 3203 9166 6379 7507 1977 3767 4474 4879 7043 7560 3474 4503 6123 6974 5249 4194 5266 3045 7660 2568 8803 7070 2621 7409 6203 7672 93 8774 8871 5834 6967 5392 7721 4266 6582 6501 9136 9560 9968 6638 9911 2264 8750 3370 8450 3950 6516 6858 2783 6243 9087 752 4174 4218 9337 595 106 6344 9138
5195 1359 3523 5916 4913 708 2156 5111 2318 0 3434 1057 2719 7095 2829 1680 7052 810 7381 2082 7584 4430 6269 5160 7558 3390 1003 3311 2152 2258 1870 5944 5556 6797 1017 1120 6110 8714 4567 3735 7791 5784 7386 1702 4849 2823 3305 423 2355 1710 7334 5835 7684 8038 3646 1280 241 9967 2315 7875 6473 9459 5181 9188 4721 2194 4349 3446 4999 21 6124 2621 9560 2625 8562 424 3111 8815 4901 187 987 9692 6902 6697 1889 883 2934 5422 2073 9147 2525 4289 4524 356 8244 5646 3709 3120 434 2245
7834 909 5526 6587 4243 6063 4175 3676 675 3434 0 2529 318 9902 8183 540 559 637 8081 1155 5639 960 1576 4073 3900 9414 3300 9888 4054 5236 9374 2708 5877 9117 8935 4257 714 3973 8628 508 8193 9899 610 6984 5276 4154 9559 4008 8612 8687 4986 7289 9185 1352 573 7732 6626 5103 7804 8722 775 430 8562 4518 2543 3566 4058 2184 1775 9789 7278 7386 2445 9898 1877 2818 4790 9105 9515 3197 7161 6264 1316 2726 9131 6982 1902 6778 7496 1867 4380 8289 8640 3539 5912 6944 5693 7166 2560 7939
2642 9793 230 6989 1994 9252 4306 683 8844 1057 2529 0 7320 9899 1982 6787 3262 1753 2591 7302 2172 754 2294 703 3461 1102 1243 225 3104 2759 9168 2620 1220 673 5241 8554 594 4174 7642 1290 1350 6399 9543 5564 7755 2584 5678 9044 6212 6531 1567 3341 1935 8741 393 6124 8509 4438 217 8676 6715 8614 6537 2015 1848 7534 7523 4263 1400 2382 1074 8293 9044 5087 8648 9692 7969 6762 5123 7721 1991 6742 6810 7988 6668 6122 4605 9290 4718 6951 6108 8312 3322 3970 65 7367 6100 3204 712 9256
8541 5063 2509 9032 1466 5347 4358 781 9135 2719 318 7320 0 3270 2653 5845 8056 2344 476 6736 4259 5701 5339 4824 5082 5608 2282 4526 4164 1113 382 1773 634 9553 1946 3519 9409 3717 3866 808 3349 8511 105 5825 7581 1390 3797 8000 8299 8385 6601 1322 6314 621 1208 6525 9662 661 4066 7255 1132 8999 9703 9041 3479 4396 4929 4069 7388 704 2404 9685 2645 770 1135 2873 1363 5832 228 3713 8882 5759 4277 3595 4553 4412 9270 5815 221 8481 551 6189 9640 1652 3490 2371 2967 1778 279 1653
572 5962 8759 8449 142 9889 3590 1877 6165 7095 9902 9899 3270 0 2939 7290 2849 5595 9846 5035 8152 5419 4028 8696 4101 1102 8609 4411 2327 8131 3486 7619 1128 1137 5005 3370 4841 9994 6688 2199 8783 6896 6480 6467 5204 8837 8518 4134 9446 363 3964 1057 3163 9662 2281 1696 466 7979 1 243 5655 5803 765 4258 4010 5687 5825 2508 4463 25 831 3794 4804 9083 1814 5863 801 1647 4744 8863 1316 7640 5508 7336 1574 1151 227 912 3211 9895 4763 2411 5970 7597 7865 8667 2917 8608 323 5668
1743 3037 2344 8129 8525 6646 3194 7766 8710 2829 8183 1982 2653 2939 0 7614 1191 5498 1711 1612 8204 6355 7911 7900 9533 5588 2051 2813 3414 8374 5605 309 332 3824 1279 2380 5541 2410 4943 3000 2419 9329 314 8041 4581 8096 6728 8023 1325 5798 6920 881 9958 6949 3400 5099 7380 6225 4108 5774 1086 1591 1773 3918 1361 7247 809 8645 979 5514 9687 4550 6493 3249 583 4673 2241 4067 1559 384 8277 7457 8717 3038 8228 5692 827 1843 2798 7064 439 3879 2034 8914 3410 739 4681 9213 3356 2848
7368 8362 4529 4997 8015 7671 5564 6123 5637 1680 540 6787 5845 7290 7614 0 4173 2491 9399 3238 9363 3379 3714 4341 8396 5352 3378 3454 1192 1957 608 4234 7095 11 3885 6434 4219 9632 9482 838 7937 1854 4739 8488 301 5783 5698 6836 7669 8078 3501 182 6804 3880 6552 1542 3446 7037 4110 3960 6902 1374 8287 6150 8837 9300 4466 7485 6462 2642 9221 3320 7241 2378 8238 319 2637 9795 7390 8219 5128 5415 4535 5156 5115 7319 3850 2126 1506 8741 7939 5657 1938 5521 9838 2749 9859 2755 9721 6345
6840 8850 8444 4836 2787 8449 1694 5350 6641 7052 559 3262 8056 2849 1191 4173 0 4463 5824 4113 8758 3382 9118 7376 3675 768 6369 4045 9556 8480 33 6783 7440 4354 26 5013 6644 98 7805 4219 2619 8168 3706 5617 8319 8023 1405 5587 6030 5490 4162 9512 6898 4884 9732 5114 399 2331 7554 5647 6626 50 6195 2839 7107 7481 6529 3004 8117 1110 5174 3726 9457 3013 6459 5382 5201 9757 1738 9977 3488 6767 5136 9895 6757 9485 1882 8228 7453 4143 6644 7199 6721 3344 7948 8694 8069 1449 7892 9742
1285 7912 2453 8789 2012 2659 5402 935 3267 810 637 1753 2344 5595 5498 2491 4463 0 1298 641 5909 1623 9790 6410 4190 2532 2897 3449 4712 3082 4878 5307 3890 6581 9191 881 2342 3602 1638 9012 4231 8459 7604 3666 5864 6114 2026 1802 2434 9997 3063 8865 127 9371 7081 7307 5045 3176 1165 3698 3956 9623 1157 7012 2618 4360 324 3710 4187 9119 2390 9157 4928 9209 8498 5882 9145 8906 1320 5608 2888 2177 6110 5210 7136 5331 3988 494 459 4611 2487 8884 2606 70 6066 6489 7311 3272 1586 4157
2522 9063 8909 3565 3704 7133 6666 50 9092 7381 8081 2591 476 9846 1711 9399 5824 1298 0 8954 3069 8536 7932 551 1112 5958 9056 1801 3757 7811 6201 2114 6929 6460 5332 1396 8545 3988 7958 989 646 3872 1132 7660 1434 6090 420 7208 1929 3130 9117 5603 6689 9394 3529 9250 173 8305 1416 5073 9033 4526 8784 5951 4230 3317 5854 9517 9730 261 781 8864 5504 8039 4285 1746 9483 4292 5805 9459 3510 3012 8852 9870 6564 8060 1526 7628 9146 3942 2688 776 130 788 148 4623 1263 9472 3145 11
595 1462 5181 5410 7852 649 1623 2009 6295 2082 1155 7302 6736 5035 1612 3238 4113 641 8954 0 2310 415 9544 8183 2380 5803 9102 998 2206 2873 1205 8156 8081 2132 4776 6779 8187 1081 5286 4389 4075 8838 5802 2748 4877 8795 1750 3392 6640 1692 4850 1850 3353 2780 2782 9848 9922 4450 3793 1661 5478 6746 6814 9568 7935 9136 7425 9503 9377 5111 4106 5357 3043 3176 1322 3194 5907 9819 4785 1242 2695 5341 3486 1662 8083 4745 6680 1961 8105 5342 1520 2116 1632 8620 9197 8681 5678 714 1698 4924
3695 8239 2164 9782 3856 2123 6270 6922 5965 7584 5639 2172 4259 8152 8204 9363 8758 5909 3069 2310 0 1923 132 9873 7390 8160 1518 2335 1488 9537 3974 7678 7838 1454 208 5110 5153 4339 3858 9540 4301 5829 3864 6942 3305 2759 2466 3541 2320 3610 3684 2832 935 7774 1890 4573 5840 4705 5649 3314 8312 8570 9838 8448 6226 2879 893 5602 9956 6528 590 3811 9605 6525 660 1106 1240 3610 7825 6139 3568 1108 5532 3826 6179 6185 2014 3629 4264 4708 5459 3337 160 8045 6752 2641 9300 7675 9780 7804
5283 834 2701 2620 8499 1069 430 9675 2083 4430 960 754 5701 5419 6355 3379 3382 1623 8536 415 1923 0 9404 504 6541 911 9465 2187 8569 1359 3160 2548 844 4726 9297 742 1331 3587 7630 1221 9097 5742 8457 5298 3161 1573 9759 5131 1102 2473 8545 2080 6043 5185 9850 8946 6351 9661 5438 1038 2784 7852 906 1595 1868 6563 5692 4242 1398 2135 5233 332 8479 5501 9550 1777 2893 8540 760 8672 4410 5477 6812 8248 7548 4411 3994 1535 7835 9045 3741 1694 8218 9355 4559 3782 71 5984 2900 4647
6674 4824 744 553 5406 4489 6639 2461 565 6269 1576 2294 5339 4028 7911 3714 9118 9790 7932 9544 132 9404 0 4095 9240 3168 2357 8254 7259 1390 5846 5776 994 2588 4116 7322 8508 6411 7199 7982 8335 4629 1158 668 3678 3288 7058 7957 9439 8877 6186 169 6481 9740 2161 5456 3347 4793 1764 3500 1327 1528 8433 615 4954 798 8150 3619 8243 9467 250 4566 491 1066 5023 2269 8387 65 5648 839 7401 9499 3308 3276 3211 7867 5725 3993 9886 9587 7183 2878 1182 6233 9402 1975 8112 6554 9246 9318
179 2806 5903 3817 3219 2619 8004 7815 1727 5160 4073 703 4824 8696 7900 4341 7376 6410 551 8183 9873 504 4095 0 2562 1921 2790 712 7564 7805 6941 9135 9455 5640 876 8344 5108 8813 7964 2335 4183 1961 484 3374 352 4489 8629 6415 5851 3473 5432 6712 6823 8786 8703 2689 143 9559 5402 8816 2291 463 6217 2322 6839 9620 1625 5798 6503 5775 3955 8785 8750 8946 6220 7457 4149 2092 9228 5357 8513 4958 5162 5281 6129 7640 8401 5336 4634 3974 8164 8723 1241 1245 6938 7849 5617 6975 2794 1383
4725 144 660 9661 2977 6657 3498 7412 6826 7558 3900 3461 5082 4101 9533 8396 3675 4190 1112 2380 7390 6541 9240 2562 0 8111 2044 1435 8057 5772 6147 307 5496 6951 5743 2169 9258 5890 4230 121 9058 1471 9905 6789 9505 1811 6776 3448 4815 494 2501 6357 394 459 5084 5846 2460 5477 7425 9265 5724 3266 748 9708 2973 62 5040 769 7809 4290 8377 7781 6434 2622 5713 7644 480 4884 9678 6168 9864 7360 436 647 6400 4618 623 798 4766 5404 8256 9894 9458 9719 808 7132 4960 8835 4034 6968
6943 5775 144 2018 8055 227 3897 8223 71 3390 9414 1102 5608 1102 5588 5352 768 2532 5958 5803 8160 911 3168 1921 8111 0 4033 6682 4923 5552 2652 3106 277 8263 9720 5823 8227 1689 9238 3282 1982 3201 2805 1395 7836 389 6953 6542 3208 1354 8068 2432 7014 3382 559 3546 8640 7218 7948 4576 2482 2878 4265 11 1213 2944 7796 6233 5328 3508 8770 3302 2581 6829 1375 3270 7449 8101 1505 6019 9523 161 2814 7030 604 2714 8143 3537 7522 6261 1159 4852 8957 3301 7312 957 5383 3126 964 3393
1347 1957 1247 4988 3863 5398 3351 2212 8159 1003 3300 1243 2282 8609 2051 3378 6369 2897 9056 9102 1518 9465 2357 2790 2044 4033 0 9999 8550 8218 6794 1476 6792 7137 3976 9161 1626 8499 7254 9015 4162 3381 1643 4670 5085 5519 3558 1161 2524 6411 9430 3546 1544 7348 7059 3809 5911 8232 2543 1597 9825 6623 7464 3197 1202 7227 6615 6543 946 8856 7014 3356 5212 2307 7129 3649 8958 6646 3438 1622 5040 6544 8937 5597 916 3447 7450 8092 2072 2024 5066 3828 6783 3112 3357 8230 9467 8733 9457 8478
2987 1555 1666 4601 9493 606 6489 4179 4968 3311 9888 225 4526 4411 2813 3454 4045 3449 1801 998 2335 2187 8254 712 1435 6682 9999 0 7688 3573 8823 565 1209 6766 8085 1814 592 5369 7304 4113 6392 6505 6006 1741 2146 7536 6285 8982 1311 3356 6645 8475 4234 147 3401 7243 5432 1308 3346 9528 3322 6566 2652 4121 3427 2554 507 3306 2322 6167 1333 9945 5057 3464 8008 5845 5963 3814 720 5275 3583 9094 9709 221 9828 9556 1178 4701 7011 72 5070 8164 3908 269 2100 8664 9395 9181 8473 892
7996 7738 8823 6311 7903 4919 4482 1519 5299 2152 4054 3104 4164 2327 3414 1192 9556 4712 3757 2206 1488 8569 7259 7564 8057 4923 8550 7688 0 3985 1466 5101 1570 1958 792 9869 2369 2766 9205 6428 9714 2058 4663 2100 3967 3644 7014 7483 7841 8811 331 7713 9775 680 3224 9869 3001 735 6785 7850 27 3035 4072 1614 6428 1886 4135 412 4099 586 3339 8148 360 498 6954 4954 7779 8300 7690 8820 8521 8345 2033 5199 7980 7397 2398 1259 5521 2978 6740 5836 4404 7688 6396 4506 8000 2543 372 7440
2855 5450 776 6322 5695 348 2627 3663 9673 2258 5236 2759 1113 8131 8374 1957 8480 3082 7811 2873 9537 1359 1390 7805 5772 5552 8218 3573 3985 0 7502 7848 5542 944 1730 7040 3993 9081 5632 8402 9513 9942 6305 6220 3710 8689 975 3898 9932 2952 8959 5048 1859 4319 2921 1485 1018 7479 9676 3209 6693 6721 5044 3116 2942 796 47 824 3336 6676 4819 9766 3219 6060 2021 6955 2663 7732 9283 1805 3694 2830 6489 2136 8641 9588 6987 1653 3121 2323 2713 8545 4110 7830 8159 8967 7876 9280 7668 8005
9255 4515 349 11 3143 7665 4428 4125 5925 1870 9374 9168 382 3486 5605 608 33 4878 6201 1205 3974 3160 5846 6941 6147 2652 6794 8823 1466 7502 0 7713 8178 2285 7576 8336 3317 4256 2385 9600 745 6016 3801 8312 8117 9085 6378 1588 2650 2156 3659 9259 6312 4914 3915 1184 4941 1753 9493 4494 3939 5857 1672 8594 2611 8124 998 2367 8489 8541 1676 76 80 8507 142 2116 6930 6745 7344 4184 6904 5561 2184 3171 9060 9648 5603 1037 4242 7859 3677 1434 209 6028 3335 446 7977 5318 8719 8498
1553 3167 2942 1686 106 1541 850 5083 8099 5944 2708 2620 1773 7619 309 4234 6783 5307 2114 8156 7678 2548 5776 9135 307 3106 1476 565 5101 7848 7713 0 2401 415 2962 3086 2479 1245 2658 693 2055 9719 1184 4704 1927 4609 2585 9205 4606 4862 23 8351 1457 5738 1270 5799 8443 4713 5467 9945 4174 1666 2877 3687 8421 7498 8737 3258 3120 7855 4010 9272 6413 7031 2826 6051 9969 7491 9255 108 1770 547 2575 4072 8089 7353 9424 6541 9150 1585 6706 9612 9467 2927 914 8310 2093 5645 2084 7443
8832 7957 664 2865 1293 4759 8221 6081 489 5556 5877 1220 634 1128 332 7095 7440 3890 6929 8081 7838 844 994 9455 5496 277 6792 1209 1570 5542 8178 2401 0 8861 366 4014 820 9478 2442 6911 3515 2587 9720 9497 6503 8586 7080 7757 9270 2089 7684 3716 7105 2514 3836 2820 1271 4775 1364 1967 8841 1684 46 9112 285 8446 2814 8530 8135 4743 2860 3691 9260 3883 9304 7751 4656 414 9260 7060 4237 1291 1381 5817 5503 1429 9215 6770 3608 710 2307 6023 957 458 5674 5394 9208 1932 3598 5894
8373 4336 8839 4504 1268 3876 9467 3632 9857 6797 9117 673 9553 1137 3824 11 4354 6581 6460 2132 1454 4726 2588 5640 6951 8263 7137 6766 1958 944 2285 415 8861 0 5641 3826 8074 2451 1171 1027 4292 5634 7782 3350 8181 1705 9060 8506 2448 8268 8332 3995 4519 4397 7644 545 1767 8667 7210 6574 6189 4004 7668 3179 8143 6219 3902 2020 7833 9867 8013 8549 7142 5843 3353 6565 408 7309 5503 1649 4156 3998 3781 3633 10000 9557 8743 6981 7247 7694 3966 392 133 3409 1961 6934 6956 3413 3599 9335
7471 3959 659 8011 3059 7419 3302 5271 148 1017 8935 5241 1946 5005 1279 3885 26 9191 5332 4776 208 9297 4116 876 5743 9720 3976 8085 792 1730 7576 2962 366 5641 0 9400 2346 9456 9971 1383 8902 9270 5451 863 2770 5341 3029 3080 1768 9157 6850 3908 6596 5572 8351 5354 4823 9527 4777 9338 1044 8369 1831 1292 656 1558 6204 1525 8523 7264 7518 8684 1309 5710 7806 4410 3988 3792 1283 4882 3161 8373 6897 3344 747 389 1019 9243 8897 412 7830 8535 5365 6388 5958 5778 3057 9144 410 6904
5012 1411 8354 4199 3774 8869 8008 2101 1368 1120 4257 8554 3519 3370 2380 6434 5013 881 1396 6779 5110 742 7322 8344 2169 5823 9161 1814 9869 7040 8336 3086 4014 3826 9400 0 1656 221 7153 7567 2061 7781 1819 8264 5246 5378 3243 7646 9198 7476 7754 2051 6432 5701 4342 5967 5671 4016 3657 604 751 8081 9344 8160 6959 2195 641 1914 602 5024 5104 417 6796 2968 1589 2465 8362 5365 984 3461 1438 6484 6925 6410 8583 1570 1032 4934 8438 9466 2838 3699 9167 2741 4160 3189 9827 7017 1347 1796
4866 9143 5009 7958 9578 5059 6175 1301 4696 6110 714 594 9409 4841 5541 4219 6644 2342 8545 8187 5153 1331 8508 5108 9258 8227 1626 592 2369 3993 3317 2479 820 8074 2346 1656 0 5413 3357 4684 2702 3481 3232 3006 1152 5124 6582 2882 5668 7557 2780 1633 9204 6096 9754 9556 792 2172 8889 3103 5962 6968 6408 8721 7354 7575 7534 1910 226 5434 4318 9731 6712 7631 8989 9378 450 4194 2286 3398 9215 6311 546 5517 8789 8343 838 2430 5010 7959 9494 6368 9208 3806 8420 2458 8489 652 4912 2377
3781 6162 2511 8494 6624 4870 2990 7740 9306 8714 3973 4174 3717 9994 2410 9632 98 3602 3988 1081 4339 3587 6411 8813 5890 1689 8499 5369 2766 9081 4256 1245 9478 2451 9456 221 5413 0 4780 7215 3107 5462 7222 3734 8910 2440 4054 8803 4469 5576 1885 1825 3610 468 7721 1809 6771 9284 3955 5900 5424 955 986 5410 5380 3732 3997 8385 5733 8139 7898 4483 2250 4108 9464 1329 4448 250 2269 9816 9190 8878 6788 988 4369 8356 7937 6260 4045 3232 2528 2332 4782 7102 1438 6295 5722 3150 5129 9285
9118 8902 8681 2159 7797 4104 6183 3703 4237 4567 8628 7642 3866 6688 4943 9482 7805 1638 7958 5286 3858 7630 7199 7964 4230 9238 7254 7304 9205 5632 2385 2658 2442 1171 9971 7153 3357 4780 0 9262 9847 8496 347 5845 1358 4839 4121 2997 6266 9923 5295 2430 9624 1071 4923 3296 1761 4730 3880 4778 9734 449 3050 3474 4932 9466 6900 1294 4760 4939 9793 6312 3110 3297 1673 1748 2477 443 1127 7382 863 1185 2056 9205 7965 8904 3153 4251 1302 9774 3137 4149 8303 7126 4510 9159 3566 6206 2777 2943
1140 4682 5637 5231 5389 2768 5855 6151 1262 3735 508 1290 808 2199 3000 838 4219 9012 989 4389 9540 1221 7982 2335 121 3282 9015 4113 6428 8402 9600 693 6911 1027 1383 7567 4684 7215 9262 0 5364 2317 5131 6532 6299 752 3386 5508 9195 4330 2547 2996 8037 8258 3898 3053 119 7572 4146 2643 7040 7081 1858 3306 496 8562 927 6677 3685 1300 9910 3356 8709 389 7349 9536 8218 6653 6126 242 8793 9032 6756 9716 9212 620 5213 8274 9602 6161 8810 8603 7322 5657 2620 6975 8146 227 8837 9189
1226 4712 9778 7164 4858 9353 3076 406 5 7791 8193 1350 3349 8783 2419 7937 2619 4231 646 4075 4301 9097 8335 4183 9058 1982 4162 6392 9714 9513 745 2055 3515 4292 8902 2061 2702 3107 9847 5364 0 7183 8670 3562 3134 7645 1469 6809 4299 1444 7037 1701 679 183 1023 7604 357 2937 9189 6338 1195 5562 8448 1767 3517 5018 3440 4960 21 8607 6996 9593 1621 8970 4753 6447 3556 3524 8205 4601 6957 9969 7434 2407 3655 895 3294 723 6164 3012 9908 9639 6986 3793 9015 9319 8454 183 5524 1457
469 1338 4998 7132 2834 5544 2987 5578 3203 5784 9899 6399 8511 6896 9329 1854 8168 8459 3872 8838 5829 5742 4629 1961 1471 3201 3381 6505 2058 9942 6016 9719 2587 5634 9270 7781 3481 5462 8496 2317 7183 0 401 570 2902 318 3778 4853 2960 1465 7858 9240 3555 5471 6335 6556 6327 3185 5292 3965 7439 2135 1620 9232 8725 9919 2203 202 791 3393 9064 3355 2433 4468 75 5931 8306 9123 4736 4536 8277 9518 382 8041 9657 6057 1142 7421 7137 5776 8603 1847 9917 2750 8591 7205 7148 8993 7951 3408
5680 7841 9089 4373 371 3780 6280 1763 9166 7386 610 9543 105 6480 314 4739 3706 7604 1132 5802 3864 8457 1158 484 9905 2805 1643 6006 4663 6305 3801 1184 9720 7782 5451 1819 3232 7222 347 5131 8670 401 0 7494 7547 477 5736 6781 2283 6400 2320 2688 6234 9266 2178 8325 3997 9318 8929 4188 2221 5163 8320 9767 5474 3196 3074 6475 2199 6027 3700 6382 7634 3478 1251 2874 7677 9261 8793 1116 4674 1978 3622 4899 6857 1962 8161 4832 664 3856 101 950 8948 3871 2715 1494 295 3553 6896 6530
5341 1506 861 6119 7271 3217 5086 2592 6379 1702 6984 5564 5825 6467 8041 8488 5617 3666 7660 2748 6942 5298 668 3374 6789 1395 4670 1741 2100 6220 8312 4704 9497 3350 863 8264 3006 3734 5845 6532 3562 570 7494 0 1530 5050 9359 3732 1591 7810 8397 1039 4831 1195 9117 4725 6590 4215 2739 2 9206 7397 7415 9427 7912 6064 7204 9855 6958 4197 8047 1364 638 7848 2884 7094 1428 6749 2889 5036 2412 4109 4320 4260 8175 9090 4414 317 295 2458 8043 295 7191 133 3124 1984 5079 5233 8741 34
7160 4381 8516 7619 784 4989 9312 3812 7507 4849 5276 7755 7581 5204 4581 301 8319 5864 1434 4877 3305 3161 3678 352 9505 7836 5085 2146 3967 3710 8117 1927 6503 8181 2770 5246 1152 8910 1358 6299 3134 2902 7547 1530 0 6733 2688 3813 4069 6694 1642 7248 9930 9075 5940 2765 401 6408 1973 8694 7140 1265 8059 576 4418 2578 8686 7919 8264 138 5724 2530 7993 3807 5512 9997 6328 2019 8247 1827 8761 9321 2353 8789 4439 911 8593 8099 4646 9542 8426 6935 1014 6986 7407 6629 2250 1353 4026 6666
9189 3177 4245 761 9298 9343 4953 6978 1977 2823 4154 2584 1390 8837 8096 5783 8023 6114 6090 8795 2759 1573 3288 4489 1811 389 5519 7536 3644 8689 9085 4609 8586 1705 5341 5378 5124 2440 4839 752 7645 318 477 5050 6733 0 8588 1991 9792 8525 8220 5617 5987 9452 7136 3059 4952 5789 4069 3219 1282 2319 5217 4805 8291 8527 5056 6598 1744 3514 1125 6226 3309 1524 4558 4047 7334 8814 95 6788 268 6543 5026 7259 9898 8909 3930 3506 4120 3045 6293 2492 3938 7835 3251 4282 6854 5950 792 8747
5346 7426 8327 9311 702 644 7414 5615 3767 3305 9559 5678 3797 8518 6728 5698 1405 2026 420 1750 2466 9759 7058 8629 6776 6953 3558 6285 7014 975 6378 2585 7080 9060 3029 3243 6582 4054 4121 3386 1469 3778 5736 9359 2688 8588 0 9728 5670 6373 2511 7130 7096 8023 6764 6236 3369 1980 9621 8981 7486 5389 9243 3585 798 2002 9847 8983 3720 2802 1665 1923 2908 3676 7235 4270 3976 9371 1291 2893 5030 5655 7700 4378 5751 4250 7508 4275 8486 7173 536 1912 7250 6515 6204 2674 910 7398 6819 9858
7379 3200 9340 277 4628 4447 9228 4357 4474 423 4008 9044 8000 4134 8023 6836 5587 1802 7208 3392 3541 5131 7957 6415 3448 6542 1161 8982 7483 3898 1588 9205 7757 8506 3080 7646 2882 8803 2997 5508 6809 4853 6781 3732 3813 1991 9728 0 3884 1088 1868 5893 1521 4548 6144 4190 7788 5188 2039 1841 8519 2382 6375 9253 1727 3147 8642 7081 9772 4936 1326 6296 7770 5853 2777 605 6093 9125 3416 3136 2985 647 9843 2259 7251 6435 3719 7019 5729 7495 836 5834 5389 4394 937 7347 8124 2975 6607 4792
3485 1511 4739 2357 4997 5471 1679 9108 4879 2355 8612 6212 8299 9446 1325 7669 6030 2434 1929 6640 2320 1102 9439 5851 4815 3208 2524 1311 7841 9932 2650 4606 9270 2448 1768 9198 5668 4469 6266 9195 4299 2960 2283 1591 4069 9792 5670 3884 0 1335 3878 800 9980 8393 7683 7855 4168 7629 8454 1623 9973 7251 4374 1278 8349 715 9549 8399 3433 8919 5635 4191 6789 8682 991 2748 7720 9985 6676 5795 5424 8555 2925 4057 7389 930 863 8377 2525 1319 9143 6260 7537 9567 5827 3093 4247 5358 2809 9368
8531 7253 504 1948 2153 4702 5591 6575 7043 1710 8687 6531 8385 363 5798 8078 5490 9997 3130 1692 3610 2473 8877 3473 494 1354 6411 3356 8811 2952 2156 4862 2089 8268 9157 7476 7557 5576 9923 4330 1444 1465 6400 7810 6694 8525 6373 1088 1335 0 6672 6426 8253 7999 2538 8783 3620 8771 878 4559 7590 6616 1542 783 7219 3323 8340 7010 7629 934 5519 725 150 1064 8833 4053 6903 5238 4366 8563 1067 623 6465 47 9839 9500 2163 9633 2648 7027 9913 6754 969 1084 990 136 8296 5413 1796 6397
7840 8154 7287 8991 5674 8060 7 8641 7560 7334 4986 1567 6601 3964 6920 3501 4162 3063 9117 4850 3684 8545 6186 5432 2501 8068 9430 6645 331 8959 3659 23 7684 8332 6850 7754 2780 1885 5295 2547 7037 7858 2320 8397 1642 8220 2511 1868 3878 6672 0 3899 1855 2323 3870 5370 3500 8314 9742 5933 4634 7128 6109 2195 8434 3794 6195 1168 624 6730 4921 2408 7545 1101 2526 7286 3046 438 7240 3939 8579 5962 5957 8630 9604 8313 252 9242 3534 1085 1710 6163 8926 6929 6308 9454 5616 4264 4243 848
7197 5800 4590 9155 6074 1717 6294 5338 3474 5835 7289 3341 1322 1057 881 182 9512 8865 5603 1850 2832 2080 169 6712 6357 2432 3546 8475 7713 5048 9259 8351 3716 3995 3908 2051 1633 1825 2430 2996 1701 9240 2688 1039 7248 5617 7130 5893 800 6426 3899 0 3478 427 7625 5610 1498 8234 712 3767 8352 7481 5342 5077 529 6749 9000 4395 3330 3218 3668 3953 8654 9763 2844 6862 4187 7912 6617 9236 7041 2020 3852 8876 5482 8821 3190 3899 9530 1419 6813 9790 5226 7440 4252 4709 1470 2742 14 8865
5111 5999 1811 5171 189 5128 5012 9616 4503 7684 9185 1935 6314 3163 9958 6804 6898 127 6689 3353 935 6043 6481 6823 394 7014 1544 4234 9775 1859 6312 1457 7105 4519 6596 6432 9204 3610 9624 8037 679 3555 6234 4831 9930 5987 7096 1521 9980 8253 1855 3478 0 8356 9143 7141 3481 1474 9505 1845 6785 2879 9835 7305 7794 1677 9148 6060 3045 6005 919 9145 8455 1721 7739 782 4091 8033 3860 5940 9611 6188 4409 5561 5478 6114 591 6000 3002 9487 3583 2727 5913 4616 4252 5575 5346 5565 2752 2445
8378 8197 6498 4240 378 2249 7373 5917 6123 8038 1352 8741 621 9662 6949 3880 4884 9371 9394 2780 7774 5185 9740 8786 459 3382 7348 147 680 4319 4914 5738 2514 4397 5572 5701 6096 468 1071 8258 183 5471 9266 1195 9075 9452 8023 4548 8393 7999 2323 427 8356 0 8063 3067 6084 5473 1426 8405 6197 4757 7899 7176 4822 1380 6860 4338 3252 1868 6461 3082 6231 7503 424 7390 8650 1624 9535 6356 5031 4851 8932 8824 7381 846 1634 1910 9418 2098 3238 9453 9983 1075 5157 3249 1302 6715 6667 9436
3587 112 2493 2976 9929 9422 6009 7369 6974 3646 573 393 1208 2281 3400 6552 9732 7081 3529 2782 1890 9850 2161 8703 5084 559 7059 3401 3224 2921 3915 1270 3836 7644 8351 4342 9754 7721 4923 3898 1023 6335 2178 9117 5940 7136 6764 6144 7683 2538 3870 7625 9143 8063 0 9265 2273 1936 5885 4861 9664 8314 7427 5456 846 2695 9966 5157 3423 2621 9264 3282 6514 9475 4886 8436 5265 2334 2311 5298 3209 6827 3828 3080 24 1437 4088 8229 8418 7138 6093 5503 6729 9836 7577 686 1449 982 6663 2972
5051 2787 44 9426 6240 68 7147 1501 5249 1280 7732 6124 6525 1696 5099 1542 5114 7307 9250 9848 4573 8946 5456 2689 5846 3546 3809 7243 9869 1485 1184 5799 2820 545 5354 5967 9556 1809 3296 3053 7604 6556 8325 4725 2765 3059 6236 4190 7855 8783 5370 5610 7141 3067 9265 0 3567 5049 6925 7324 9383 4456 3619 2937 1644 9599 9886 5901 8093 9865 1906 1351 152 8897 2034 8349 3115 3933 2406 7328 3568 6625 4647 8802 4927 4529 5122 4644 3076 6942 5543 5515 2168 1677 2677 3717 4640 6592 1087 5196
3495 1418 8217 6465 4488 8389 3107 3060 4194 241 6626 8509 9662 466 7380 3446 399 5045 173 9922 5840 6351 3347 143 2460 8640 5911 5432 3001 1018 4941 8443 1271 1767 4823 5671 792 6771 1761 119 357 6327 3997 6590 401 4952 3369 7788 4168 3620 3500 1498 3481 6084 2273 3567 0 2962 3480 4655 3722 6836 4897 7123 3145 587 1006 8471 9753 3500 2513 4010 2350 5985 5617 5070 1607 9839 5170 9953 8379 313 198 5371 5810 9399 9123 634 2005 6251 4118 7654 4729 1290 3926 8891 3787 2633 4769 1152
5179 65 5753 4838 5781 3385 8495 1248 5266 9967 5103 4438 661 7979 6225 7037 2331 3176 8305 4450 4705 9661 4793 9559 5477 7218 8232 1308 735 7479 1753 4713 4775 8667 9527 4016 2172 9284 4730 7572 2937 3185 9318 4215 6408 5789 1980 5188 7629 8771 8314 8234 1474 5473 1936 5049 2962 0 1217 943 4150 6035 647 303 104 986 1061 1843 9927 8670 7401 4929 4788 8610 5460 587 1905 9289 7724 4462 7282 2299 1253 5780 5391 9924 4569 4060 3874 3394 8050 4712 3046 7455 1054 7288 6493 399 9130 9322
1901 1127 659 5766 1575 2392 8004 1242 3045 2315 7804 217 4066 1 4108 4110 7554 1165 1416 3793 5649 5438 1764 5402 7425 7948 2543 3346 6785 9676 9493 5467 1364 7210 4777 3657 8889 3955 3880 4146 9189 5292 8929 2739 1973 4069 9621 2039 8454 878 9742 712 9505 1426 5885 6925 3480 1217 0 6283 8439 8800 7904 2314 5281 211 6978 9266 2494 9364 6770 9719 6875 523 7078 8387 2366 8882 2447 8753 6866 2337 4598 1814 7873 6669 7999 4488 6889 8382 5492 2607 9642 9924 1673 5225 6705 709 2226 5611
7521 8892 5701 507 5760 3388 4301 4247 7660 7875 8722 8676 7255 243 5774 3960 5647 3698 5073 1661 3314 1038 3500 8816 9265 4576 1597 9528 7850 3209 4494 9945 1967 6574 9338 604 3103 5900 4778 2643 6338 3965 4188 2 8694 3219 8981 1841 1623 4559 5933 3767 1845 8405 4861 7324 4655 943 6283 0 5506 2782 890 6030 4088 4713 5762 7483 5245 2034 5103 5531 9450 8478 9082 7481 1845 4427 9680 3615 5630 3858 1040 7085 3194 5016 3440 428 6003 8273 970 4835 6430 8151 5912 6443 2353 352 7235 7366
205 4523 5469 6024 8338 5135 258 3345 2568 6473 775 6715 1132 5655 1086 6902 6626 3956 9033 5478 8312 2784 1327 2291 5724 2482 9825 3322 27 6693 3939 4174 8841 6189 1044 751 5962 5424 9734 7040 1195 7439 2221 9206 7140 1282 7486 8519 9973 7590 4634 8352 6785 6197 9664 9383 3722 4150 8439 5506 0 2357 3071 8612 1953 608 2597 5100 1236 9215 8477 5898 8455 9962 1767 7857 6451 7847 4466 3293 4912 7359 2406 8892 8886 4020 9742 3960 1569 8495 9747 7914 5105 5342 5958 3640 4045 7958 5299 8573
9702 5135 6527 9530 7817 5262 9687 4622 8803 9459 430 8614 8999 5803 1591 1374 50 9623 4526 6746 8570 7852 1528 463 3266 2878 6623 6566 3035 6721 5857 1666 1684 4004 8369 8081 6968 955 449 7081 5562 2135 5163 7397 1265 2319 5389 2382 7251 6616 7128 7481 2879 4757 8314 4456 6836 6035 8800 2782 2357 0 1386 9363 6060 9244 9689 9465 5015 7152 8886 4219 3492 9429 4212 623 1004 9092 8820 3394 1514 7998 7510 9134 5413 4115 7376 5639 6695 5771 9754 1646 5874 9759 183 6233 6550 3217 6157 9142
8998 9889 6249 8509 7654 4443 9798 8416 7070 5181 8562 6537 9703 765 1773 8287 6195 1157 8784 6814 9838 906 8433 6217 748 4265 7464 2652 4072 5044 1672 2877 46 7668 1831 9344 6408 986 3050 1858 8448 1620 8320 7415 8059 5217 9243 6375 4374 1542 6109 5342 9835 7899 7427 3619 4897 647 7904 890 3071 1386 0 6550 4268 3927 2666 5785 7264 4822 7816 9637 6677 1784 8000 3261 8247 4975 9322 7266 981 9680 5686 3213 5747 8653 9076 1846 347 6811 4388 2117 2060 9115 6192 4012 4159 660 6244 5610
993 7854 7167 8107 744 5643 6585 8151 2621 9188 4518 2015 9041 4258 3918 6150 2839 7012 5951 9568 8448 1595 615 2322 9708 11 3197 4121 1614 3116 8594 3687 9112 3179 1292 8160 8721 5410 3474 3306 1767 9232 9767 9427 576 4805 3585 9253 1278 783 2195 5077 7305 7176 5456 2937 7123 303 2314 6030 8612 9363 6550 0 4735 6444 2613 3013 7688 4154 8032 587 8037 5254 3954 4482 9075 7852 7527 7257 9224 5353 4310 7470 1665 7201 8622 6136 6253 5397 7914 9230 9346 7503 9643 7010 3691 239 1428 434
1544 5189 1108 7213 2581 68 2406 3039 7409 4721 2543 1848 3479 4010 1361 8837 7107 2618 4230 7935 6226 1868 4954 6839 2973 1213 1202 3427 6428 2942 2611 8421 285 8143 656 6959 7354 5380 4932 496 3517 8725 5474 7912 4418 8291 798 1727 8349 7219 8434 529 7794 4822 846 1644 3145 104 5281 4088 1953 6060 4268 4735 0 2941 6651 9438 6637 8677 7627 8900 1558 102 6901 1141 4846 3568 1826 9909 3456 6205 967 5899 8481 1908 5188 7637 5466 3943 9396 1766 995 9724 9443 9605 5556 7902 1187 1011
6129 4476 8059 554 5442 9991 3500 9462 6203 2194 3566 7534 4396 5687 7247 9300 7481 4360 3317 9136 2879 6563 798 9620 62 2944 7227 2554 1886 796 8124 7498 8446 6219 1558 2195 7575 3732 9466 8562 5018 9919 3196 6064 2578 8527 2002 3147 715 3323 3794 6749 1677 1380 2695 9599 587 986 211 4713 608 9244 3927 6444 2941 0 5756 4600 8382 8375 3887 8548 6987 9285 6189 3328 442 3840 5307 2004 2027 7469 4737 4397 2435 4919 1413 8976 9409 9287 2411 2920 7799 3615 5822 8819 3902 3342 835 6836
9884 3289 8690 6647 866 5062 4170 7156 7672 4349 4058 7523 4929 5825 809 4466 6529 324 5854 7425 893 5692 8150 1625 5040 7796 6615 507 4135 47 998 8737 2814 3902 6204 641 7534 3997 6900 927 3440 2203 3074 7204 8686 5056 9847 8642 9549 8340 6195 9000 9148 6860 9966 9886 1006 1061 6978 5762 2597 9689 2666 2613 6651 5756 0 6469 7300 1478 3613 4315 3604 8581 9440 458 2247 5095 7577 4825 1849 9565 8675 6912 9783 4177 2829 2464 2377 1565 6983 1191 1962 7119 86 1239 1852 8070 7872 1144
4327 5559 2280 6651 7559 6251 7888 4754 93 3446 2184 4263 4069 2508 8645 7485 3004 3710 9517 9503 5602 4242 3619 5798 769 6233 6543 3306 412 824 2367 3258 8530 2020 1525 1914 1910 8385 1294 6677 4960 202 6475 9855 7919 6598 8983 7081 8399 7010 1168 4395 6060 4338 5157 5901 8471 1843 9266 7483 5100 9465 5785 3013 9438 4600 6469 0 8575 1749 3858 5891 7625 5610 6299 3748 5927 1987 1842 1018 2 3306 6408 2458 4073 1656 2936 2983 7147 8412 152 8755 1689 7664 9404 8802 887 2737 5219 1629
5616 6218 3111 9134 4017 9146 1445 392 8774 4999 1775 1400 7388 4463 979 6462 8117 4187 9730 9377 9956 1398 8243 6503 7809 5328 946 2322 4099 3336 8489 3120 8135 7833 8523 602 226 5733 4760 3685 21 791 2199 6958 8264 1744 3720 9772 3433 7629 624 3330 3045 3252 3423 8093 9753 9927 2494 5245 1236 5015 7264 7688 6637 8382 7300 8575 0 790 2025 6455 5503 1347 7940 9595 9094 639 7863 8632 8402 7392 8524 5610 1700 3000 9318 1684 3182 1734 871 9835 90 8729 2457 1038 2366 1305 3399 789
6622 691 1841 7271 7013 3665 9666 7437 8871 21 9789 2382 704 25 5514 2642 1110 9119 261 5111 6528 2135 9467 5775 4290 3508 8856 6167 586 6676 8541 7855 4743 9867 7264 5024 5434 8139 4939 1300 8607 3393 6027 4197 138 3514 2802 4936 8919 934 6730 3218 6005 1868 2621 9865 3500 8670 9364 2034 9215 7152 4822 4154 8677 8375 1478 1749 790 0 2134 7886 2137 5925 8 6092 6559 9585 3359 697 1208 5383 6630 3523 2494 9467 6894 5046 9273 7691 3239 2139 3005 6394 7343 8020 2466 2614 9340 857
8366 9118 2403 8768 6195 519 4892 3782 5834 6124 7278 1074 2404 831 9687 9221 5174 2390 781 4106 590 5233 250 3955 8377 8770 7014 1333 3339 4819 1676 4010 2860 8013 7518 5104 4318 7898 9793 9910 6996 9064 3700 8047 5724 1125 1665 1326 5635 5519 4921 3668 919 6461 9264 1906 2513 7401 6770 5103 8477 8886 7816 8032 7627 3887 3613 3858 2025 2134 0 1322 3933 343 7738 8520 6055 4968 5459 5187 2394 6779 3389 9580 2413 3212 8018 7359 4696 9079 3626 2519 8389 9269 3234 458 3483 8805 6579 2908
6666 6545 1586 75 9989 3321 7298 8207 6967 2621 7386 8293 9685 3794 4550 3320 3726 9157 8864 5357 3811 332 4566 8785 7781 3302 3356 9945 8148 9766 76 9272 3691 8549 8684 417 9731 4483 6312 3356 9593 3355 6382 1364 2530 6226 1923 6296 4191 725 2408 3953 9145 3082 3282 1351 4010 4929 9719 5531 5898 4219 9637 587 8900 8548 4315 5891 6455 7886 1322 0 2396 8427 8022 640 7721 1981 7705 7215 8681 3394 3392 299 4528 3848 8248 6545 5762 671 4563 7972 7867 3942 8019 2074 6878 2993 5840 4158
6263 1524 8106 6809 3871 3661 8200 2254 5392 9560 2445 9044 2645 4804 6493 7241 9457 4928 5504 3043 9605 8479 491 8750 6434 2581 5212 5057 360 3219 80 6413 9260 7142 1309 6796 6712 2250 3110 8709 1621 2433 7634 638 7993 3309 2908 7770 6789 150 7545 8654 8455 6231 6514 152 2350 4788 6875 9450 8455 3492 6677 8037 1558 6987 3604 7625 5503 2137 3933 2396 0 2765 5064 8606 3796 1733 7717 1585 8760 695 4450 8916 6381 9323 6969 4841 7954 8405 6009 9625 59 7924 7263 3246 9627 4831 9812 9862
8319 7127 8962 5513 9170 957 9465 1598 7721 2625 9898 5087 770 9083 3249 2378 3013 9209 8039 3176 6525 5501 1066 8946 2622 6829 2307 3464 498 6060 8507 7031 3883 5843 5710 2968 7631 4108 3297 389 8970 4468 3478 7848 3807 1524 3676 5853 8682 1064 1101 9763 1721 7503 9475 8897 5985 8610 523 8478 9962 9429 1784 5254 102 9285 8581 5610 1347 5925 343 8427 2765 0 9562 2374 813 4330 9752 6639 378 4741 4716 2134 7413 2780 7552 5246 8540 153 4898 4107 2377 5098 5285 2779 5138 9346 2077 1413
7383 546 6190 8065 9696 6370 8776 2701 4266 8562 1877 8648 1135 1814 583 8238 6459 8498 4285 1322 660 9550 5023 6220 5713 1375 7129 8008 6954 2021 142 2826 9304 3353 7806 1589 8989 9464 1673 7349 4753 75 1251 2884 5512 4558 7235 2777 991 8833 2526 2844 7739 424 4886 2034 5617 5460 7078 9082 1767 4212 8000 3954 6901 6189 9440 6299 7940 8 7738 8022 5064 9562 0 7604 3164 3019 4009 9108 1097 7732 6453 7396 1502 2137 3887 1911 4452 8503 2565 2641 1102 8041 7623 2610 7488 3657 4519 708
9841 1121 8456 1211 3310 669 2696 1432 6582 424 2818 9692 2873 5863 4673 319 5382 5882 1746 3194 1106 1777 2269 7457 7644 3270 3649 5845 4954 6955 2116 6051 7751 6565 4410 2465 9378 1329 1748 9536 6447 5931 2874 7094 9997 4047 4270 605 2748 4053 7286 6862 782 7390 8436 8349 5070 587 8387 7481 7857 623 3261 4482 1141 3328 458 3748 9595 6092 8520 640 8606 2374 7604 0 5690 7997 6904 1402 108 2131 4741 4674 383 9334 6020 833 6773 984 9269 3652 982 3706 7050 1070 5425 9891 2389 6968
5895 8365 342 7482 8700 5155 7547 3030 6501 3111 4790 7969 1363 801 2241 2637 5201 9145 9483 5907 1240 2893 8387 4149 480 7449 8958 5963 7779 2663 6930 9969 4656 408 3988 8362 450 4448 2477 8218 3556 8306 7677 1428 6328 7334 3976 6093 7720 6903 3046 4187 4091 8650 5265 3115 1607 1905 2366 1845 6451 1004 8247 9075 4846 442 2247 5927 9094 6559 6055 7721 3796 813 3164 5690 0 2142 6353 8829 6190 4076 8076 8088 134 2249 7776 743 3172 6790 7434 4465 8613 2065 7289 7035 5341 7590 4829 7694
6924 8713 6950 980 709 6408 726 568 9136 8815 9105 6762 5832 1647 4067 9795 9757 8906 4292 9819 3610 8540 65 2092 4884 8101 6646 3814 8300 7732 6745 7491 414 7309 3792 5365 4194 250 443 6653 3524 9123 9261 6749 2019 8814 9371 9125 9985 5238 438 7912 8033 1624 2334 3933 9839 9289 8882 4427 7847 9092 4975 7852 3568 3840 5095 1987 639 9585 4968 1981 1733 4330 3019 7997 2142 0 5570 3178 6528 3555 9046 9445 2615 8008 677 498 7314 4206 8865 9056 2252 267 3703 4089 8354 2401 4224 584
6924 996 4919 3087 505 2366 6136 6571 9560 4901 9515 5123 228 4744 1559 7390 1738 1320 5805 4785 7825 760 5648 9228 9678 1505 3438 720 7690 9283 7344 9255 9260 5503 1283 984 2286 2269 1127 6126 8205 4736 8793 2889 8247 95 1291 3416 6676 4366 7240 6617 3860 9535 2311 2406 5170 7724 2447 9680 4466 8820 9322 7527 1826 5307 7577 1842 7863 3359 5459 7705 7717 9752 4009 6904 6353 5570 0 6364 2616 5707 4740 453 3704 6662 8857 4267 3212 3227 4832 4467 6736 491 4090 5986 8635 1372 5292 473
3674 8461 6405 8159 3307 9277 3039 2308 9968 187 3197 7721 3713 8863 384 8219 9977 5608 9459 1242 6139 8672 839 5357 6168 6019 1622 5275 8820 1805 4184 108 7060 1649 4882 3461 3398 9816 7382 242 4601 4536 1116 5036 1827 6788 2893 3136 5795 8563 3939 9236 5940 6356 5298 7328 9953 4462 8753 3615 3293 3394 7266 7257 9909 2004 4825 1018 8632 697 5187 7215 1585 6639 9108 1402 8829 3178 6364 0 1210 6073 5082 2838 2000 7091 7436 1855 3306 3059 7251 2998 7375 6889 5103 5373 4300 8399 8423 6102
4050 5606 2411 9501 8188 82 2682 3265 6638 987 7161 1991 8882 1316 8277 5128 3488 2888 3510 2695 3568 4410 7401 8513 9864 9523 5040 3583 8521 3694 6904 1770 4237 4156 3161 1438 9215 9190 863 8793 6957 8277 4674 2412 8761 268 5030 2985 5424 1067 8579 7041 9611 5031 3209 3568 8379 7282 6866 5630 4912 1514 981 9224 3456 2027 1849 2 8402 1208 2394 8681 8760 378 1097 108 6190 6528 2616 1210 0 2763 4665 8675 5856 1331 6382 6317 7294 4293 671 5113 1806 4498 4652 5727 559 5742 7555 5584
5649 4988 4278 607 655 4263 4507 9493 9911 9692 6264 6742 5759 7640 7457 5415 6767 2177 3012 5341 1108 5477 9499 4958 7360 161 6544 9094 8345 2830 5561 547 1291 3998 8373 6484 6311 8878 1185 9032 9969 9518 1978 4109 9321 6543 5655 647 8555 623 5962 2020 6188 4851 6827 6625 313 2299 2337 3858 7359 7998 9680 5353 6205 7469 9565 3306 7392 5383 6779 3394 695 4741 7732 2131 4076 3555 5707 6073 2763 0 3732 4389 4789 2843 4271 8914 5328 3427 94 9430 783 9922 7083 4624 6761 4613 3912 5030
