200
0 8184 8685 5643 2797 6861 9765 1002 7522 8716 2488 5628 6302 6130 867 7202 6151 4722 9389 4139 8073 617 3436 2165 3638 431 261 5711 6576 1844 9474 2623 9332 6912 3731 4958 9074 5975 8564 5828 4134 4261 9381 5618 4611 7726 2636 782 9039 4048 8686 1992 3129 6784 9148 4593 394 8691 2329 5307 8844 6685 4468 7676 3830 9528 7033 9815 5957 2134 5626 8487 6024 5860 4661 6637 3206 5078 3206 5070 1309 3984 3784 6796 7850 9508 1579 1101 873 4021 8712 3778 8413 5321 7218 7097 5780 5133 439 4001 7537 1567 3235 2560 4951 42 7243 4499 5627 9271 1286 1647 6990 4106 93 7896 8608 8837 6472 9308 3945 6233 4683 4977 8139 4282 1508 9008 3101 6034 9466 1838 7104 9225 4950 5453 6743 9677 3338 1918 7420 7951 4077 9271 3414 6755 2704 4394 5625 2458 5755 1013 1039 2267 5676 4334 696 175 4878 4013 7026 7990 4322 6825 3487 6229 2222 8412 4573 9329 4694 4613 5501 8837 6151 3291 6239 133 6056 6306 9277 3320 4426 4992 2826 4815 7861 3263 5799 1130 7717 1112 9941 3171 3039 3444 1801 2561 2487 5756
8184 0 3339 3370 1015 2352 8704 8769 2020 9403 6822 9604 2869 7955 3230 5509 3397 734 8727 9541 10 6321 8872 1645 4878 4337 2881 8110 9280 6301 6750 6101 5155 90 1400 4455 6221 5634 6155 4605 7328 3213 6302 6895 9038 4320 9105 521 5094 4647 3371 4383 8790 3034 1120 3570 1280 646 3616 6666 2473 7463 2461 9323 8375 2461 6211 202 1424 6532 6551 1783 8346 4710 6387 2725 7670 5890 701 6450 9456 4883 8005 7965 5318 2642 95 1728 2068 4287 1051 7192 2722 7530 7473 43 2548 9164 4838 4329 3906 6443 5964 6153 7827 3615 7867 3688 8296 3639 2261 7436 7825 6960 8908 4772 9221 7561 9128 9919 7494 3051 1892 1552 3673 3360 3446 5578 5969 2822 3881 8316 9008 5672 4306 9376 699 1409 1454 6311 1821 2924 2124 8356 7578 6733 8408 2122 2484 6217 6746 1421 4312 7996 8293 1710 5991 4041 5534 2252 3351 5317 3029 6964 1094 2308 2428 2736 2999 6679 3181 5371 4702 7751 3490 1707 9207 3078 7669 2229 7965 7505 6237 1566 4679 3580 1901 155 4771 4481 1372 9198 8690 5434 5599 7185 1768 4866 6467 581
8685 3339 0 7336 4402 6124 4921 7677 2588 7218 1574 9749 6715 5566 6023 8990 222 6922 1237 3414 4983 989 3473 4354 7252 3353 9290 4908 9603 7873 315 5608 6714 104 4203 7142 2167 47 4379 159 1840 8289 3839 1093 7794 7248 6430 8452 7685 4425 7696 389 9992 7291 4303 2469 7257 4636 8242 7948 5249 9287 7188 4964 6417 1284 8079 9806 7835 8500 4200 4620 7641 1817 5981 2315 4455 9340 9274 2503 7072 5532 2207 6264 9055 8543 657 5343 6255 6555 9858 7497 9694 4861 8538 9703 4227 7806 2019 7667 1356 3772 6191 7837 2551 283 2055 2510 271 7508 1721 7033 2581 2816 5642 744 2311 4669 5766 4134 8426 4794 4249 544 5968 620 8293 5165 520 6225 9948 4056 530 6290 2508 1391 6916 7819 9577 8901 1002 8741 4520 8372 5559 9108 2597 6239 9826 3719 2858 1152 2190 3280 7742 2481 4244 8409 4554 505 8193 6546 9268 5193 4216 8142 8355 4207 4064 9703 2475 4712 5465 6580 3158 7266 43 7263 6578 8297 477 5224 9547 4465 6330 2494 950 7093 1136 1696 5065 5358 4222 3323 5367 8522 8377 5321 3559 7666
5643 3370 7336 0 7111 8424 4388 9343 1134 747 9296 1814 8798 3412 5069 3573 3451 6632 9677 230 9590 8151 5632 3434 6987 7160 3486 2680 9346 9132 226 8983 4085 1730 2786 861 9775 5809 2511 4137 5667 7748 6439 5002 9919 3777 9517 5849 870 8939 6295 8670 1198 8736 5006 4647 5933 5448 1746 7820 7419 5583 6509 3275 3852 3567 3937 2150 5460 643 4978 1299 2723 5808 6513 8096 7713 3442 9944 4330 6651 3559 5612 726 6437 9634 3661 6340 4546 5721 7223 7971 6669 4929 6016 7732 419 4144 2687 6813 2948 5282 1314 5410 6128 5921 9750 312 6487 5028 9805 10 3808 9293 8282 8539 2094 7616 2193 9303 1153 9656 1635 5746 6705 5611 7613 2801 4223 3850 2407 4815 7441 5041 7520 806 9140 1101 7381 2883 389 816 8630 7250 7209 7169 2952 9769 970 2047 3421 9847 8300 5959 9851 9435 1133 1072 4024 2567 9123 6580 6887 8852 6885 6593 2204 625 8882 2145 3481 2633 7997 5071 8841 9198 4208 9569 8433 8540 1807 916 621 4681 4287 9963 1657 8985 5439 605 8259 6290 495 9791 9779 28 2946 5849 8474 1039
2797 1015 4402 7111 0 7759 870 5549 4303 5444 6668 3338 1614 937 9544 8083 5740 995 628 9908 5354 4812 4287 4328 4614 4039 1391 7438 5653 5716 3381 9480 3353 2927 7817 1061 3656 9667 8996 533 6943 3161 4188 7240 3067 4579 2965 7138 1678 2422 3433 2335 2341 6936 7490 8335 653 7421 9822 9174 9266 213 470 1711 1621 2299 2170 3897 6035 6686 1368 4192 5174 7682 5062 6405 7018 7372 2870 9371 5441 4486 975 1 3171 4538 9520 9811 857 355 7251 9836 1673 5231 8291 9870 4722 9195 723 2050 8552 2376 5969 8200 482 9328 7572 3962 7195 4020 6830 1191 5276 7279 6983 379 1013 8467 6779 1942 5440 8268 970 2184 5498 232 8319 1198 9941 8605 3136 2968 1586 3047 6520 5470 741 4633 8187 7809 8183 7203 3774 221 517 8047 6004 4863 207 3676 8038 6787 5354 8991 3237 482 2190 8776 6908 5824 1519 1686 3111 8996 9231 9028 9028 4186 8583 1889 1856 6224 4462 444 9729 4968 8769 3271 9017 3385 4025 7567 789 4570 1384 6838 17 4910 7784 3161 8275 8342 4471 996 7958 4630 3667 6394 168 8588
6861 2352 6124 8424 7759 0 9048 9330 2123 8924 3482 247 4542 4156 2354 3416 6443 7239 359 6923 4159 4610 5289 4740 2919 4288 8831 1071 3760 7534 7122 7632 57 1528 9988 6074 3013 5271 8053 4624 3190 5451 5523 2132 8154 392 5676 6301 9308 2801 4148 9554 1431 9713 9302 2498 9868 23 51 9398 8286 2782 5986 7307 2387 1604 5218 3853 5318 9750 8807 1855 4694 462 7621 6969 9596 9032 8867 9699 1474 8424 5107 4492 248 6642 6224 2897 8335 6629 8927 8873 7066 9779 7509 2488 233 1407 1928 8734 2197 4511 4446 2230 9179 9133 873 2858 1859 8237 7262 7606 3943 2870 8879 2650 2131 3256 4454 731 2086 244 6594 5126 3687 6046 9712 8842 7279 2563 5505 6150 7222 2483 7398 835 4258 8650 2796 3109 1738 9919 265 6990 8541 9009 5997 3118 569 7098 2403 6761 5968 7713 8204 1805 2809 5099 5637 2262 9083 4542 7449 1702 1174 6739 8262 8465 5111 6125 3006 1828 2892 8449 3947 3047 1481 997 8606 7469 9909 5542 1405 2061 3322 1102 4460 8594 6040 8768 5834 5371 8556 8857 2448 1406 8729 3171 7093 8087
9765 8704 4921 4388 870 9048 0 9782 588 6513 7188 9501 828 3510 3721 6071 6381 783 1127 216 4771 7301 5589 8801 2415 5800 115 6666 4399 6882 5136 8969 7054 259 5842 4355 6777 8448 1381 3078 9798 3046 4807 3518 2500 4481 5141 9868 8061 1093 625 3829 3703 451 5889 5664 2124 6839 7339 8498 5303 5621 1296 3287 9099 2148 4781 594 3317 2770 7788 2330 1489 4982 659 6617 9284 7497 1622 6872 7958 3453 3224 4996 6024 8300 8561 8280 8828 1844 433 7388 9930 6323 2902 2458 3627 7447 8627 3821 2699 8084 1768 3985 6921 9559 2026 995 6901 3710 5063 1654 5464 6251 6821 1924 1918 9409 7310 3476 5145 7195 2838 2230 6511 9713 7098 516 2517 6093 1653 438 5853 8588 8413 7338 302 5812 4678 3656 1743 297 9852 2183 71 1494 4897 8808 5107 6047 9339 728 1965 2358 7027 9401 3257 5327 8948 1175 2987 2470 8979 8736 6795 5983 669 1171 5845 3634 2499 5143 8534 6007 588 2509 2138 5569 1334 8564 3491 6626 6091 7093 6118 6642 8360 7130 6307 4816 7287 3106 4685 7994 5748 6121 9475 1861 1952 7038
1002 8769 7677 9343 5549 9330 9782 0 2799 8738 7084 3552 4268 792 7118 8924 8070 9128 7496 3013 2555 6311 6762 118 3595 3698 1716 4379 4167 6774 4688 8205 3673 9842 8507 6854 5781 4907 716 7770 5734 8414 3295 5523 9917 7830 5081 3003 3140 1006 5935 4971 4464 9171 6328 1990 98 3809 9601 6221 6347 7155 8306 8759 7813 4035 4330 2211 1322 4235 9935 5721 7243 7928 9147 1985 2017 911 3439 2230 444 8917 1262 3321 8916 9535 88 926 6823 8365 3663 890 6150 1260 3309 6077 4060 4884 1943 9842 6787 8645 340 6964 3607 2778 4957 5057 6192 2257 8244 3073 7596 7999 3384 8345 9978 6086 306 5505 4118 9031 6102 1387 1299 3277 7803 5198 840 5199 3299 9481 5054 5550 8855 5001 3404 6921 7176 9971 6999 6598 311 5608 1837 728 1633 9819 3679 9212 5614 4100 6595 4856 8317 3235 7474 5154 636 8228 8289 7638 5802 3487 9460 4843 5522 4454 8486 4957 6116 6571 2285 6908 8869 1812 8686 3423 7653 4226 4905 5486 5964 2411 7387 4268 3770 7420 500 8969 4052 1657 4329 3773 4641 9734 1044 252 5681 8772
7522 2020 2588 1134 4303 2123 588 2799 0 1518 8699 7767 8857 9420 3427 4570 7250 1809 3499 6032 8548 9227 98 73 8067 390 9021 8399 6794 9219 7065 4625 2634 4997 499 6954 3691 5215 59 8035 5173 3984 3685 9637 3501 5863 7595 103 9937 748 7757 9388 1937 6716 8672 1834 5361 1365 548 5830 6011 223 9899 4377 1311 9733 9909 5046 3673 8341 535 654 2876 6928 959 2291 2659 540 2120 3342 8697 3288 8750 8194 1162 640 6211 3458 78 7987 2726 9126 5972 3400 3342 9975 6222 8073 9095 9207 8204 5210 2419 5328 4556 5302 7166 4280 4469 7229 2555 7874 9284 8337 8142 5787 4245 4894 2287 7083 2314 4042 188 9590 9142 6234 1375 3299 8355 9708 4846 6112 4988 5661 5945 3928 905 1111 5146 8028 8282 210 5907 4195 4381 1648 6384 6307 5300 4843 765 1871 1393 5464 1315 5490 4548 2481 3095 319 2891 6606 6950 4042 8172 9577 6298 2294 1285 6917 5110 7553 5566 4229 2254 5977 5085 5500 8529 5215 8048 2199 7510 3028 4922 1401 4844 874 1466 9274 2418 803 765 2687 9327 8793 194 2488 1327 7500
8716 9403 7218 747 5444 8924 6513 8738 1518 0 8440 5272 337 3159 2767 4006 5563 4900 2228 1182 6084 1135 430 4749 2256 5454 6503 7115 4801 3719 4516 2320 3799 708 3637 4241 240 9149 1981 1512 3798 4415 7240 4127 1943 4677 1989 7589 670 2881 9182 6165 4487 6763 3081 526 9063 9737 2953 6191 2634 8259 5906 9473 5758 2525 7277 513 4307 53 2502 9981 914 8508 7096 766 4294 2752 3646 604 8283 1895 4586 7723 1455 4972 3951 1068 8015 434 2573 1884 5667 5409 349 365 7151 1083 714 961 5864 8843 7333 893 7052 6982 2961 4856 1665 1524 6655 7359 7233 3784 6302 4655 2081 2224 3856 9598 5808 5667 5286 4009 2751 2480 567 8653 491 2286 8652 662 7622 9537 459 5664 5834 7780 9244 7850 4552 5956 2819 6006 4605 1731 7936 5625 7482 1388 5397 8939 2484 64 6301 7644 5311 1811 998 2105 3791 2385 9477 87 654 2590 6289 9644 1050 2737 8260 9036 3639 6858 737 7753 8250 6659 4538 6592 6933 6657 1270 8706 3951 1442 6209 2589 28 6368 8733 1419 564 4842 6429 1953 7052 9481 3740 454
2488 6822 1574 9296 6668 3482 7188 7084 8699 8440 0 3532 4544 6199 5755 9041 8802 266 9136 8690 5594 8262 4158 9446 2 5573 2528 5127 2039 2679 9695 2946 9607 4272 185 178 5774 4356 8801 7708 5022 4967 8289 72 3610 7955 4894 3892 1173 6682 1669 8649 8024 2667 7109 3780 666 7912 7192 3374 1890 5750 3491 212 6299 2087 9288 2883 5118 7219 8561 9183 2576 7343 9837 2431 333 9179 1953 3214 7348 9182 5085 907 9178 8624 6905 9762 3903 3242 6326 4914 425 1481 9467 2798 4039 5529 4449 5533 8005 9519 6570 3618 4963 5512 9089 3386 6940 7926 7114 9892 2855 3079 2875 6468 1504 5874 1870 3965 1757 7877 3401 4997 2271 4041 6211 1455 2238 6534 4466 3395 1294 1927 5885 3315 6497 1683 3363 405 9270 502 5109 2669 1707 8757 3027 8577 6100 9528 4726 9768 7281 7453 6963 1069 1255 553 6265 9779 5073 8203 1459 1152 5943 1676 5679 4295 7372 2905 3072 348 9748 9094 8372 4769 6736 2865 5333 5237 9588 5585 6633 4564 2799 3840 6528 8820 4860 8172 9021 4276 9163 6768 5646 7756 1626 8549 581 4890
5628 9604 9749 1814 3338 247 9501 3552 7767 5272 3532 0 367 2296 9514 2657 7557 1634 2471 548 6521 9517 6853 8549 6285 9808 8896 7401 5028 4685 6296 5924 376 321 4145 439 9954 1097 3712 1064 1456 3395 1618 9354 9711 6848 876 5758 7678 1013 6383 6462 4924 2005 6942 6071 8902 2806 2001 1631 1394 6322 2074 3424 7496 8311 7012 1507 1943 1956 8459 7592 6065 6261 756 4202 4333 556 1701 6989 391 851 9912 6106 8952 4709 9319 7374 1345 8655 294 5829 9174 4010 3075 5271 6560 8593 8886 3823 575 8589 7287 4083 1093 9706 1989 4767 5326 2354 4367 1297 404 9460 1064 2281 9406 7953 8482 9886 8098 5852 4444 4327 4671 4552 5993 2102 1048 4432 2538 9607 3619 9713 9868 7934 8011 6033 8874 4249 5599 2976 9815 9854 8823 5266 2914 7024 4009 4978 3959 1954 9585 2480 8575 7238 3200 2353 5569 5064 95 5224 6354 7117 7349 5606 3977 7458 5077 8934 5160 4046 6477 6422 6868 2262 1675 2581 8873 474 7928 6292 2983 1305 6161 2881 5780 3831 7495 2002 2619 4235 4197 865 848 3843 4061 1469 8292 4023
6302 2869 6715 8798 1614 4542 828 4268 8857 337 4544 367 0 6871 447 8538 7828 8404 9285 6653 5459 937 8292 6390 3422 4195 6843 5994 3538 961 458 4609 481 9934 6685 9878 4469 2344 9051 2111 1956 2426 3620 1215 6528 2433 3494 98 4213 2991 1672 9556 6985 4248 110 9877 7430 1455 2571 6270 9859 9249 9080 7456 8815 3537 4881 2686 949 5010 4332 8004 9814 9713 915 3972 3496 510 5842 9653 6847 1142 3733 703 2692 7090 6682 8208 548 6614 9911 3385 7646 6341 2920 9777 6772 2835 9027 8111 6022 6958 6041 106 9686 3576 2805 496 6918 6254 2475 5090 7066 7359 5386 4112 4508 7111 8936 5973 3986 5453 5702 2667 6223 9387 7464 4274 4586 2833 4451 6919 4847 3528 579 90 5184 8665 5859 4515 6609 1907 4213 9041 3832 1493 7441 3672 8237 4770 8486 7004 6608 7114 7952 1076 5574 9215 5642 3788 2396 749 4772 2843 3579 2776 928 8304 1031 4869 8436 649 9271 6909 7501 8532 4335 2227 7520 5794 3465 7589 7902 6384 4320 4674 2235 3444 1572 396 1389 6200 6570 2132 9876 3042 5683 9034 7493 3195
6130 7955 5566 3412 937 4156 3510 792 9420 3159 6199 2296 6871 0 3753 869 5778 2167 543 8176 4817 2435 2018 891 7583 8395 5788 6119 775 3780 5536 9518 8220 4138 6366 2174 8625 3399 7519 5446 4455 8202 7557 6765 8471 9152 9714 3546 7507 2004 2140 1477 1825 6428 9852 7027 9512 3440 9967 2096 8908 8693 3742 6298 6202 8087 9700 9237 8436 2014 4687 179 7056 8463 2681 5590 9389 7147 9935 2004 4258 1931 7598 1540 8096 5692 8415 4393 5797 4692 3010 4706 8245 5234 7224 2652 6683 2333 9458 5180 9350 3186 188 2234 1011 2747 6157 2311 2431 9911 2545 3714 2800 8294 2679 5863 9900 9747 5291 6871 7939 7941 6209 4250 2057 6696 1475 6883 1087 6316 8961 4346 3333 8937 3832 6044 8612 9873 5045 4373 5130 7848 6540 2341 709 8459 2184 8563 9682 1181 4623 5253 5870 1578 6056 2676 290 5094 1222 682 4323 7910 5477 519 7352 6420 16 3799 7491 3880 2081 654 6116 3119 9027 745 3806 2458 1097 7231 57 720 3258 9037 8724 4103 6750 2469 7585 8868 8836 5336 7597 5417 4007 9765 4632 3597 6672 5510
867 3230 6023 5069 9544 2354 3721 7118 3427 2767 5755 9514 447 3753 0 7471 9538 3963 9400 4650 91 8094 3328 4415 2086 7920 776 315 1830 2726 9342 4545 4369 7910 3217 2301 7882 6788 6114 9923 3420 3054 4458 8696 5483 2051 51 3345 7052 2729 1544 6111 1515 135 9280 1931 4174 8758 9972 5096 7664 1783 783 4807 656 9955 6320 1884 5149 4458 6286 6549 8872 6475 9454 6201 7815 8665 3692 4759 2766 7933 164 1690 3108 1314 8994 868 7178 8283 6048 209 6433 717 1151 1363 6814 5814 3613 5213 816 4054 8980 1215 5072 1518 4059 3295 574 2601 7804 7397 2495 5864 9270 3462 8136 981 5390 4619 6853 9514 7338 8777 5273 5271 7524 3639 8555 6919 6753 3525 5613 8888 5910 9267 8750 4602 4172 1282 4402 6756 8769 1862 3158 5508 5820 268 9995 9394 7633 9677 7611 7041 6709 6848 4841 4476 9012 6209 4172 6826 8312 6121 8444 898 5899 620 3550 771 4013 3339 7608 2270 465 3389 338 8516 7062 4076 2058 1372 1413 9600 7308 2611 59 2242 2409 4723 7796 5992 8822 8145 7932 9971 1529 5651 7017 2382
7202 5509 8990 3573 8083 3416 6071 8924 4570 4006 9041 2657 8538 869 7471 0 7722 1299 6896 8436 1621 7970 3367 5264 6222 4305 8305 6697 3100 15 3985 831 3682 2867 4435 3435 7604 7151 8729 3049 9704 4443 8472 2812 3486 3936 19 3184 5789 8187 8802 5779 1565 4213 7372 3918 3032 8246 2829 3104 8191 2908 3449 3255 7346 5805 6044 739 6296 363 2512 6125 8809 5105 6910 3627 7047 7964 8034 2012 7560 4152 2488 8995 7075 8981 8645 5009 4424 9876 4756 8132 3303 9101 8189 19 6423 7294 6709 7239 6197 3979 1557 8294 7492 7292 9273 1214 8790 3731 9116 5817 5066 7227 1288 8270 7615 4861 5927 3092 6547 4253 2816 805 5637 532 4769 4610 5193 1216 9671 6462 3717 6874 6600 4782 3632 1630 2100 760 9830 9303 7152 4615 1079 3602 8097 2049 3613 9471 6243 7886 8954 6327 3766 9539 3418 8299 1386 9225 5849 75 5817 8095 8044 2406 822 5821 6645 8995 7501 3353 8036 4697 6651 4868 8735 3293 2298 3367 3562 6914 3971 2109 6097 5490 9306 826 7594 4548 631 9882 1911 1727 6077 1052 2951 2380 1277 428
6151 3397 222 3451 5740 6443 6381 8070 7250 5563 8802 7557 7828 5778 9538 7722 0 8392 7790 7657 6373 4373 2503 8989 4276 813 701 9534 1743 121 922 4626 630 4751 638 6219 7287 5178 6201 1679 5369 9986 8122 2948 9800 5949 3430 5882 8119 6187 1069 2036 9097 7993 9895 7872 3409 6133 1304 80 9140 5138 1567 1683 708 8193 734 1730 9859 2839 407 2073 6694 618 4663 9290 242 4326 743 4102 8965 9540 1274 8024 9808 3755 4709 5985 8429 5193 3280 2024 1287 8295 7050 2997 7244 9623 3524 5313 5974 2476 7729 8700 1498 1261 1786 7480 1755 847 5785 3673 5735 320 4104 2052 8701 924 495 4871 7932 4129 695 1716 2409 1357 1453 5173 9918 9459 5006 7570 8877 2320 150 3361 3594 2449 5210 3004 525 5695 1915 9570 3677 4677 8931 2913 3035 2529 1922 3215 7038 8675 9291 7762 5318 6090 2778 2681 7160 6702 1193 9190 8873 919 2175 4371 6134 9440 8760 7567 2201 9071 8452 4117 931 4433 2659 6523 9856 5280 3655 8663 883 6138 1192 9309 7815 6219 6189 7201 1040 1472 4936 4060 7667 6524 5880 3277
4722 734 6922 6632 995 7239 783 9128 1809 4900 266 1634 8404 2167 3963 1299 8392 0 2077 6833 2090 161 5351 3271 9438 5684 740 4428 7582 5711 8682 4176 968 1831 4501 6046 1284 5933 6072 2781 2024 7127 1118 9241 3002 529 9799 2818 5971 1493 5013 3732 5463 8783 6927 8972 7888 9502 8977 8608 6986 1023 5699 2530 2028 6400 2291 3163 6759 3326 1524 1121 5902 43 3615 5252 4035 6613 8498 4473 5103 2637 3142 4636 6021 5337 2619 703 3931 6054 6064 3364 3237 3297 201 1763 6056 6626 5462 4886 3307 9584 1558 1616 2368 3732 9236 513 1316 3295 2527 6465 832 1279 9112 2561 3183 9792 1934 5235 6171 3487 8295 8489 1870 5625 239 6097 6190 9483 5871 3 2945 6023 5971 731 1287 2542 6699 3295 7023 5587 2463 5967 4417 36 8263 3982 6941 5373 4222 6319 8531 1976 8812 5084 6767 7634 5098 4027 2866 5846 4246 7491 5942 2425 4400 408 9650 4027 7757 6040 6203 7602 5487 5698 8476 5511 3760 7804 6926 6493 6014 3324 8682 1879 9146 4083 898 4121 6498 7771 6049 5763 9095 9425 3339 3251 5239 1157
9389 8727 1237 9677 628 359 1127 7496 3499 2228 9136 2471 9285 543 9400 6896 7790 2077 0 358 4509 3094 8696 3228 1772 7473 3223 7483 977 1841 4384 5419 5760 7473 5205 707 8394 1053 2415 9307 3801 2271 7760 7220 4110 6440 1006 1539 6855 7589 2868 1857 5784 4843 5219 7565 3279 6560 775 1899 1570 8949 3733 3996 5485 8838 1089 3677 9995 158 1602 1343 9830 7538 6629 7992 6625 5636 5359 9839 5650 3624 2131 4970 905 7451 7101 6282 8405 9429 2252 3542 188 2255 6360 7794 7194 2806 7727 6145 4977 8531 6379 361 2861 5305 1353 1824 6016 9103 5840 3003 8007 2820 5049 8463 5717 6965 8172 2473 719 5824 5488 2531 5724 7243 5606 7490 7915 5180 1007 9843 3606 81 5550 3728 4420 2423 7406 8575 7036 9588 9425 790 6399 2316 7271 9062 6438 616 339 3300 8982 3304 5538 7504 3713 8669 2696 169 4872 3373 9723 4839 9620 9706 4847 7531 2631 6046 9856 4487 9918 7399 522 1094 6491 5200 14 6152 5941 1596 3251 2478 671 3331 2110 8507 7560 2373 7824 8416 9642 3522 9407 3227 1498 4201 3425 7913
4139 9541 3414 230 9908 6923 216 3013 6032 1182 8690 548 6653 8176 4650 8436 7657 6833 358 0 6792 7114 4387 1338 6134 730 1266 4114 3325 9548 4015 7087 5966 4638 6056 8208 9004 9497 1835 5232 1784 3636 8051 1690 2775 7651 2140 5211 8599 3278 8641 7029 2008 4194 4486 6346 2429 7687 310 6123 7915 5151 5889 2461 5028 3989 6683 2664 9673 8629 2625 3591 1534 8772 9116 48 7339 5330 3829 7292 1263 1032 7731 2089 4282 988 5987 8467 7243 1718 3388 6231 9392 8255 7139 9675 5712 5114 691 3413 8112 3147 4761 8345 5394 6578 7003 6449 4310 1187 1120 9982 9450 148 550 6622 1391 3906 8485 4935 3194 186 1289 9099 6766 8096 8546 2516 878 7799 7374 808 1874 5347 4828 7292 8201 6019 5749 4208 4920 5835 424 8003 3650 979 1316 9935 9338 4187 3631 5448 3502 1829 3107 948 8141 2490 7569 3762 8640 7450 2999 2733 4427 1684 652 4453 2442 3122 2348 7016 97 779 2271 7212 4232 7018 1167 5335 7239 518 7606 3482 2695 6010 8568 1679 7696 444 2511 451 4285 211 826 6920 8824 5224 8322 4800
8073 10 4983 9590 5354 4159 4771 2555 8548 6084 5594 6521 5459 4817 91 1621 6373 2090 4509 6792 0 678 6324 6353 5400 4221 5907 7929 2061 9509 2879 9838 2125 6921 9216 5099 4027 2897 8162 9678 2612 6687 8673 7665 3162 2602 7958 7852 527 7278 2907 3076 3587 9984 629 8629 7532 7787 8236 4960 9787 2708 5081 5226 2759 2286 3279 5558 368 4546 677 8238 6829 9802 2411 6515 946 1779 3556 9326 7264 4777 8506 618 1180 1527 8845 9125 1975 2805 928 4717 3088 8534 2971 6818 2074 9280 2380 5988 1098 8302 3878 339 5517 7618 4359 3832 9274 7997 2528 6262 7176 4518 8904 105 5558 7152 3325 3781 6648 7930 2062 9056 5368 8436 99 5959 3823 1749 4804 2825 5156 9146 6459 9172 3813 7520 4868 7876 2679 8154 2274 2458 7834 6692 6410 1548 7248 8974 1962 7288 8191 6504 7821 9616 4582 9974 6254 4224 2059 3397 2427 2769 9630 8776 2650 661 8783 7682 1213 8530 3700 9046 1676 9520 9884 6288 6990 3121 5795 2263 890 9649 2245 4345 5645 7644 3584 5928 7197 2653 511 2065 5204 4091 1550 3285 1669 7072
617 6321 989 8151 4812 4610 7301 6311 9227 1135 8262 9517 937 2435 8094 7970 4373 161 3094 7114 678 0 4968 1612 4129 5601 8222 5603 4442 3397 4261 899 8103 5723 7885 3877 7522 6032 5811 2722 970 7378 3482 4434 5939 3893 7748 8306 4158 549 3724 612 5235 4333 9725 6813 3309 4460 98 669 1980 4556 9216 3230 5055 5002 9148 6638 7154 5183 4851 9585 2280 6172 9740 526 3662 9085 9145 6966 8255 4548 9481 1524 7665 2401 4264 4195 4842 7376 3769 4807 6185 9852 2129 8804 8357 1896 891 4708 2391 2479 7473 3946 867 9759 6540 5452 2034 3738 2919 7996 8934 8114 850 9376 9406 7340 932 9871 3250 9987 6950 2230 7815 3195 3611 9222 2758 56 4888 9153 6341 4749 3073 5334 3797 3372 732 2147 8045 2479 9972 4091 9000 1126 7233 8974 9541 7680 9390 3331 432 8566 5328 7040 7293 5873 1498 3376 5996 7601 4838 9051 1879 2668 9683 4792 4118 719 7152 570 4884 9428 5927 6303 2109 9265 6105 3094 1545 4735 3487 8399 1581 8286 6634 3823 7504 4680 3687 717 2914 8 908 458 6529 536 558 1423
3436 8872 3473 5632 4287 5289 5589 6762 98 430 4158 6853 8292 2018 3328 3367 2503 5351 8696 4387 6324 4968 0 7787 8035 258 9708 5355 7130 6829 7409 6509 5129 5047 6263 9157 768 7548 7897 1444 3200 798 2087 1598 5703 9731 9315 8688 682 977 4843 5312 3617 614 8989 4708 6390 3209 1458 3626 2131 5097 8742 9006 4912 4237 1584 9639 1331 650 3637 3817 6708 9668 9742 5847 8900 5626 8954 8746 5121 3602 5117 672 3760 15 6472 702 332 1979 4405 5013 2327 311 4996 5746 2875 1186 4804 1854 8659 2240 1138 1252 3582 407 8276 1212 8476 7526 5053 6506 7124 7153 4987 5820 9124 5206 9141 7042 6555 7132 9018 4432 9872 3539 4540 4379 2755 9194 1704 8515 8539 2533 7628 6779 8137 7831 7831 8141 8809 7230 8090 9633 9696 7482 4033 4492 7731 6823 9286 7673 4852 2199 2960 413 1560 7207 4943 9409 8681 2769 9195 6574 7987 1644 1431 3249 5664 7634 9149 7905 5419 6790 8296 2253 2533 2372 6385 9031 3929 9320 5773 6922 7200 5720 2151 2228 601 3006 8223 2882 7056 4285 4533 5803 3307 6538 2985 7312
2165 1645 4354 3434 4328 4740 8801 118 73 4749 9446 8549 6390 891 4415 5264 8989 3271 3228 1338 6353 1612 7787 0 7200 8608 5724 2361 6788 6406 9854 4109 6742 2227 6659 7527 2518 5571 4906 826 5738 8727 4110 288 9857 6595 1670 3536 5497 6825 7681 3048 5623 6377 6564 5111 1775 9338 6183 3878 5466 2198 5573 3509 6426 3333 8004 6388 1891 1042 6499 102 8487 8844 3628 6076 5090 7057 2957 7349 9424 3677 3504 9946 4172 2073 9617 4946 117 8109 6432 8774 6395 4243 6968 6032 5819 6158 851 9460 2802 763 3210 6148 6999 3326 9588 3146 3551 7906 2185 6035 6527 2284 4246 4406 4697 6797 6479 860 7011 3486 9472 3764 4501 3115 8647 6926 1495 2331 5780 6181 9525 5997 6146 6488 4948 3934 8250 7817 1268 5691 5999 6269 3891 7264 294 1870 4847 5758 9345 4375 501 5867 4568 1148 5834 2689 2512 9875 8344 5989 8772 7118 6179 9693 6830 276 2419 5689 1740 5728 9667 8006 2811 7312 6453 7566 31 1312 6127 9956 6319 3305 6590 2177 6171 6502 6745 7227 5309 9932 5089 8601 8067 8228 6754 5347 6434 4040
3638 4878 7252 6987 4614 2919 2415 3595 8067 2256 2 6285 3422 7583 2086 6222 4276 9438 1772 6134 5400 4129 8035 7200 0 946 1675 186 5937 8863 3989 6693 9026 7016 5929 8423 3057 3916 2966 9034 2104 2223 2080 210 2039 6443 7773 1769 1785 9222 5077 7977 6715 9408 8925 5493 228 956 5851 7829 8135 3596 1543 9329 8220 8508 740 5334 8112 7846 518 7179 5747 2482 1800 4238 8322 2224 2909 5969 7787 143 7046 4162 1568 7877 6559 2493 4175 7705 3883 4813 2897 9544 1455 9659 5315 624 1655 675 3936 8813 7175 6640 6272 9184 9007 3781 1533 5474 46 7826 4809 8725 2815 829 3686 5347 3841 9794 5075 4546 6295 3233 3680 5639 4536 2543 18 649 1462 555 9676 3035 1807 6723 5442 5946 4355 1361 3883 6792 5660 7344 8611 1070 8561 4393 6129 645 4272 9246 8894 421 4230 2117 4612 6199 1645 6993 8983 8494 9581 7864 1045 4239 73 4539 7152 959 2754 9659 4922 8912 6719 4398 126 9747 9595 6481 9185 9021 2426 7740 5380 4977 5761 3989 9043 6807 4361 7704 8732 7625 1470 5270 3149 591 1143 4409
431 4337 3353 7160 4039 4288 5800 3698 390 5454 5573 9808 4195 8395 7920 4305 813 5684 7473 730 4221 5601 258 8608 946 0 2104 1273 3405 3278 4985 4233 8190 2015 9927 237 2613 8668 6932 4960 1386 4209 7274 645 9549 8599 3710 684 6829 9034 3513 8720 4714 9542 2940 2397 3761 3577 1722 9209 2347 8459 3732 5640 5698 1318 4379 929 278 9767 5298 2001 7552 2101 1718 4891 10 2138 8479 1686 6218 5508 8509 8757 6267 8086 285 6407 2077 2569 3353 9987 8181 7513 2355 3165 4419 870 1584 9510 6227 8132 9875 2967 4531 775 7762 4460 2332 3778 5976 7440 8287 3085 9006 9454 859 241 4621 8168 7066 8975 7551 6434 3538 1913 1447 789 7768 3047 7746 1894 3306 7502 8307 4646 4888 6585 4891 4571 2257 381 9741 1030 7766 9508 2625 1403 9550 3941 3658 9029 5083 9505 6254 4135 9992 7490 4459 4896 4975 4350 1985 5978 7751 734 5084 1405 3365 5834 306 319 8338 9089 4308 7538 143 4354 8362 9838 1847 4581 5613 5836 3269 4449 2208 9235 5336 9320 2327 9798 1243 5435 957 5731 8527 3170 1952 3932
261 2881 9290 3486 1391 8831 115 1716 9021 6503 2528 8896 6843 5788 776 8305 701 740 3223 1266 5907 8222 9708 5724 1675 2104 0 3185 7965 2797 4912 8178 3852 6618 6782 2695 8260 4951 9476 7222 8146 4402 8702 6459 4041 6775 5644 1366 7878 1722 8590 3024 3979 6960 3073 4412 4858 2264 9240 7457 6647 7822 88 1395 1641 3772 5822 3064 3801 7848 5735 4550 5993 7449 448 2120 6486 9000 2423 9685 8655 9202 1418 2921 9599 4858 105 8226 4731 5870 6478 3461 1174 716 9521 4166 4842 7329 6532 8664 8859 4913 918 5788 9782 5975 3370 5642 4280 5707 3103 2137 3098 142 2883 9866 5094 941 8930 1450 8636 6603 9512 7464 5856 5323 3913 1206 780 1853 5679 3328 1802 959 7653 6159 9962 2940 1368 1115 4340 8325 911 3325 3637 5974 2173 8458 6557 1112 5454 5661 2031 4151 5041 9182 8459 3281 5876 8581 9346 8624 4210 3101 6720 1460 3576 7438 1373 3539 2050 8957 4349 3719 8853 5232 1512 4771 3411 2707 4961 1500 7900 2009 2397 6454 2104 970 5008 1762 9866 7697 7229 4601 9282 1433 1098 8170 285 2973
5711 8110 4908 2680 7438 1071 6666 4379 8399 7115 5127 7401 5994 6119 315 6697 9534 4428 7483 4114 7929 5603 5355 2361 186 1273 3185 0 1178 895 6244 9196 6521 8595 5340 6678 2734 8574 9001 286 235 8661 2020 7198 2565 8303 5776 9298 1908 12 841 9283 7055 1233 5526 278 5029 8004 462 1837 5748 678 7834 8902 9405 8921 4778 5911 609 9363 6608 9569 7451 7342 6195 9403 6489 8652 8112 6126 9109 2853 3436 7291 3896 8971 9764 6092 1025 6114 4791 868 9735 1834 2912 2347 9484 565 204 5969 1756 2901 6294 6186 5017 2110 210 5058 2213 7337 8973 5526 1993 854 2977 1822 83 9918 5792 8808 7964 5997 662 5430 2425 3427 2009 3588 5953 7219 7233 3956 6899 5617 2562 2896 276 3908 5144 5306 7086 9421 3635 7118 7560 8766 4500 9842 7665 7803 8542 1481 9091 4923 8827 1044 7690 450 3396 2729 2850 4589 4385 5990 3157 2607 691 2541 4858 528 3187 5423 7933 1309 5228 290 9980 4531 8600 1443 5642 5855 2956 1137 6927 6096 8563 7086 3550 3157 5119 3176 7254 3915 3966 5526 251 8286 1659 4112
6576 9280 9603 9346 5653 3760 4399 4167 6794 4801 2039 5028 3538 775 1830 3100 1743 7582 977 3325 2061 4442 7130 6788 5937 3405 7965 1178 0 5762 9326 7165 9140 9578 530 1448 2869 2170 5676 4075 872 100 4618 4481 5410 5358 8328 3201 602 204 7449 9210 5238 4011 9576 9975 8222 8918 7246 913 8184 2801 6928 8367 6583 7823 1150 7418 2346 3493 3211 5167 3714 5989 7120 1373 455 4047 1931 3984 390 2202 7300 905 3345 8681 9494 6476 3461 2694 6790 7063 3680 1710 882 7001 6521 4947 2182 7489 3373 555 8907 3752 9284 5064 9920 7698 4124 119 4738 4906 8992 8202 1974 2374 5691 5862 5382 5151 5537 5381 5346 311 4881 9064 1316 3163 3967 521 8987 8944 5734 2671 2134 1366 1920 9672 7063 9420 3727 7118 6134 7878 9966 3279 6345 2868 8219 4774 3434 7936 7938 8760 6543 7446 6421 4585 1036 4533 1898 1837 5851 1632 7288 5583 3841 9012 2436 9451 8961 1122 3901 4549 4294 7992 8972 2882 772 6070 3719 1443 7145 5710 9447 6330 3384 4099 8459 3471 8530 2710 8457 379 4994 7266 6363 5928 470 8760
1844 6301 7873 9132 5716 7534 6882 6774 9219 3719 2679 4685 961 3780 2726 15 121 5711 1841 9548 9509 3397 6829 6406 8863 3278 2797 895 5762 0 6257 7814 1502 5073 6198 9564 3193 3117 6888 3181 1463 5823 99 1138 7388 8193 3645 8813 3299 4581 4232 5715 7340 1173 1043 1182 9041 9050 5306 8093 7119 2421 1236 1804 2622 6716 2685 7432 3764 1319 311 7379 7266 984 5022 4934 4457 8223 5353 8262 1774 2917 1003 3905 2888 8539 4172 1492 4490 8776 5593 7855 1420 3199 1195 487 3895 2308 878 6851 2549 1642 473 305 8613 5970 3982 6650 613 2293 8326 7117 473 7476 3734 71 2684 8404 2430 7447 5172 7961 6350 8551 5314 2209 4866 6349 8136 3733 9141 9142 9801 2446 3099 7823 509 1292 5992 9091 2850 7054 6868 7008 2571 4067 9847 5757 869 2201 1977 6277 9943 4445 6816 5041 8312 7791 5396 5894 8944 1485 2870 9591 2462 5023 7877 1601 6025 708 4239 8102 1331 6801 2360 2521 2584 644 7426 2223 8842 4241 2100 5851 1757 5650 1166 8532 4018 465 4848 7191 8888 4681 1527 2351 5438 2214 1942 9558
9474 6750 315 226 3381 7122 5136 4688 7065 4516 9695 6296 458 5536 9342 3985 922 8682 4384 4015 2879 4261 7409 9854 3989 4985 4912 6244 9326 6257 0 9206 7059 6415 7110 6131 3798 1962 6025 332 5530 1295 2432 3432 1098 1579 3971 67 2529 978 9290 8365 9249 9949 4695 2075 285 1712 2255 8841 9959 8394 3694 9563 1028 9036 4209 5669 4875 7954 1846 572 3594 5296 7279 563 2118 7213 9996 4157 2336 8250 6314 3787 791 6581 2980 7852 8195 4625 4236 6606 1368 1114 7402 9615 5156 8155 9736 761 7162 2840 6461 6663 5387 2822 2288 4230 3574 7913 5396 4035 3518 7756 3630 1653 8693 2327 5494 6385 1544 4025 9122 8361 1277 7296 6653 4932 3045 6887 9252 4068 4280 7737 3653 2082 17 3875 5969 2359 2628 7169 8882 4645 9494 4276 8523 5988 7832 1208 4984 9781 4128 6802 4162 4224 5757 3329 8760 1863 3121 4140 8117 9366 4203 2382 2710 544 7138 9182 1118 3781 4942 6252 2015 6159 6384 8563 6797 439 6029 2007 1808 8991 9649 104 2867 5571 5125 7004 9701 9986 6958 9080 3810 4989 3613 7519 4466 2013
2623 6101 5608 8983 9480 7632 8969 8205 4625 2320 2946 5924 4609 9518 4545 831 4626 4176 5419 7087 9838 899 6509 4109 6693 4233 8178 9196 7165 7814 9206 0 2741 7668 6720 2461 9331 3066 5347 9362 1141 2509 3412 7816 3063 1865 4666 8679 7525 1017 1657 2482 4251 8746 1215 7142 6267 2913 513 3184 3515 2195 9939 3779 3653 2593 8124 4350 3005 5529 5272 9524 1381 5560 9834 1029 5129 1726 6515 657 8040 7787 1604 9023 6077 3717 6510 5965 5743 7257 8271 8243 3732 5079 4705 5580 2983 9008 9536 922 7336 5332 2034 7552 5856 7916 1425 2297 9460 7662 133 4258 82 1239 202 8527 5923 9535 8872 2518 991 2348 1739 6302 3848 5144 8189 2195 2882 2171 9328 6204 2916 268 8399 2077 4803 2532 9806 50 2596 2263 1220 6725 9062 6329 2997 4773 3119 8611 9405 4046 3612 8078 1044 8824 5583 4759 5856 7878 2004 7765 9091 6806 3255 8421 1781 7020 1516 9854 8549 9506 6759 913 6732 6160 6958 478 9719 2436 5810 1224 9796 3433 3252 739 2821 4182 8332 6895 7809 8591 4025 3767 6442 4677 4491 9554 466 4037
9332 5155 6714 4085 3353 57 7054 3673 2634 3799 9607 376 481 8220 4369 3682 630 968 5760 5966 2125 8103 5129 6742 9026 8190 3852 6521 9140 1502 7059 2741 0 409 9686 4731 3044 9747 4447 5815 149 2291 598 2641 1911 9801 8620 3559 4624 5620 7473 7480 7468 6857 1588 3527 7235 4866 4879 3393 9977 142 4254 534 5438 1564 843 9718 253 4354 4442 9471 5615 144 4681 4722 4112 972 5488 6545 5278 7404 7650 254 2207 2789 9452 1177 4761 1944 8168 7791 8406 351 2883 3712 3327 9779 6598 1972 7446 4076 4331 7145 6728 5454 1469 4325 5584 6919 681 7449 2241 8516 3957 854 9402 2303 8459 2267 2033 2880 8502 7002 3272 7943 5210 7621 3567 7678 8842 4618 7334 2975 2993 1216 3591 9712 7940 4469 7635 4153 3241 551 6332 1606 9298 52 3825 2789 6565 4099 5043 5355 9080 8919 9479 4438 1136 6506 2361 764 4292 1143 9954 9466 1825 9540 2529 2496 2812 1912 8550 9367 8968 6110 1914 7337 3756 6703 4431 9518 9303 9716 5354 4820 7959 6413 8089 7415 1586 3314 4650 2537 9788 5547 2556 2575 7605 7389
6912 90 104 1730 2927 1528 259 9842 4997 708 4272 321 9934 4138 7910 2867 4751 1831 7473 4638 6921 5723 5047 2227 7016 2015 6618 8595 9578 5073 6415 7668 409 0 1225 2813 6657 9769 3545 8687 6025 9132 7519 3929 1216 5544 1676 8991 3141 7095 9600 4282 4528 1639 2582 7769 5508 7593 2481 7643 5998 8106 382 9106 5911 4669 270 8837 3194 5174 5888 376 3757 5666 2153 9555 8298 7682 2857 6617 1185 142 4440 1157 809 8415 8587 6055 5384 8144 6800 9504 4612 8364 1742 8356 5271 7830 4295 149 9190 2909 9405 8815 1601 118 3570 5366 1737 9692 6851 701 8640 8755 3388 8657 7066 7497 4723 9479 6551 4573 6388 9690 1700 3709 1412 7698 6571 1835 2770 5935 6680 1321 1049 1336 362 8033 6316 4985 3104 8507 3574 1484 5730 7006 899 1810 6987 5308 2589 8380 9423 4972 5954 2791 9501 1660 1726 9663 7174 1830 7665 590 866 5766 8626 8359 4684 900 4479 9971 8871 756 1189 7821 7172 8900 6751 5454 4755 5494 2650 2762 3426 8721 1327 4294 4551 4380 4933 9683 6777 3409 6312 6421 9359 9721 9303 7409
3731 1400 4203 2786 7817 9988 5842 8507 499 3637 185 4145 6685 6366 3217 4435 638 4501 5205 6056 9216 7885 6263 6659 5929 9927 6782 5340 530 6198 7110 6720 9686 1225 0 7903 5130 8946 3983 1826 7675 9618 2099 781 2344 677 2673 4658 5016 1799 4203 4988 2443 8681 9943 9299 52 7426 2203 812 5363 2231 5751 5241 100 7753 208 5528 7828 2308 6781 3870 8139 2351 102 7003 4739 4145 6746 8641 4268 159 3859 3901 2379 3133 5814 2022 9123 8358 4155 5441 7819 3203 5683 3296 8654 3919 5030 6330 9169 706 8147 3151 7425 4989 9883 933 6548 6279 6292 6603 5462 859 1633 4075 6050 7318 6274 5683 4927 6421 1357 6988 8755 5412 7660 6890 6457 2120 4642 5863 8128 6478 9925 8052 7650 3453 6562 3026 9546 7886 3760 6540 8504 9926 8840 2610 3840 1824 4431 8037 2449 3671 6687 4898 9534 1652 1418 1384 9666 224 920 6063 6279 3632 2824 4114 9693 4784 3030 3362 9930 8315 1367 2443 4201 8753 6641 9210 5270 825 2279 7578 8632 9574 1895 1983 888 4522 9444 2462 8356 968 8979 7629 7462 5157 5803 3157
4958 4455 7142 861 1061 6074 4355 6854 6954 4241 178 439 9878 2174 2301 3435 6219 6046 707 8208 5099 3877 9157 7527 8423 237 2695 6678 1448 9564 6131 2461 4731 2813 7903 0 3378 97 9019 5021 1678 5823 4657 8657 3966 5097 6135 6301 7617 7965 8941 2516 2015 1032 6796 7708 3830 4399 5915 6988 1398 9548 1396 5637 5621 8996 6498 1669 1931 4941 7543 6222 1455 1653 4685 9452 6285 4576 8422 6484 47 4180 959 8969 5884 9997 5432 9890 7895 4024 3103 7410 3866 951 3333 3508 5830 4360 9848 5193 7038 5092 3730 7844 2236 9025 4479 9880 9144 4748 3495 4726 5324 834 8433 8727 1238 2634 3736 9150 7464 1576 2519 1743 7077 2064 7572 5212 9391 7049 473 1877 9322 13 5817 5041 9553 9502 8329 7627 5468 8409 7882 5240 4843 2527 2529 1365 4081 3723 835 5268 9435 5069 7331 935 4215 9338 9973 2559 4513 8036 8814 4115 143 5400 1275 3424 3667 9650 4388 2330 1818 9143 9274 1225 1678 4424 9870 6348 5493 4893 2482 9884 8881 4089 7135 826 8278 373 8405 4086 9399 365 2090 3496 1057 6981 520 1213
9074 6221 2167 9775 3656 3013 6777 5781 3691 240 5774 9954 4469 8625 7882 7604 7287 1284 8394 9004 4027 7522 768 2518 3057 2613 8260 2734 2869 3193 3798 9331 3044 6657 5130 3378 0 8077 283 9643 51 4863 3572 761 319 7941 3333 6919 47 9863 334 5653 2548 7181 5703 5625 642 9790 7168 7319 8042 780 2531 31 7852 1912 8069 9375 3839 8079 8829 8340 538 6660 4119 1083 6512 566 4271 8929 4770 9952 4901 5287 9977 8214 132 2087 1797 7843 1442 1423 4115 790 7100 5096 3872 3829 2909 2948 726 8165 872 9125 9985 7400 9076 4132 8065 4891 1202 8952 4897 2490 7972 9990 1894 4317 4501 3890 8112 2963 925 5006 2074 6413 7420 4512 6312 5003 9075 9652 3852 7402 8321 3781 9725 522 3628 621 5285 9931 7957 2194 3346 8667 8018 5520 1199 9357 880 332 9049 2603 5135 1464 1995 7824 5755 1503 5126 7008 2809 1431 4025 4695 2889 7731 6239 6558 3165 3820 397 1583 3075 7937 7323 3829 2928 5327 9722 4490 3325 7019 9868 7029 7089 9470 2193 6635 7210 8475 1189 9866 4041 2705 5709 1555 8648 9811
5975 5634 47 5809 9667 5271 8448 4907 5215 9149 4356 1097 2344 3399 6788 7151 5178 5933 1053 9497 2897 6032 7548 5571 3916 8668 4951 8574 2170 3117 1962 3066 9747 9769 8946 97 8077 0 7697 4117 7452 858 874 6366 3976 5624 2209 132 4348 891 6193 6085 4663 1235 4990 4552 8445 4674 2683 5204 7595 8966 9033 5718 3964 8331 3548 8984 3139 3668 9301 9331 6492 1113 7365 3663 1854 3124 2609 6926 9877 6485 5717 326 6195 8761 587 2577 4597 8354 9233 3195 2802 2140 2611 2074 221 7008 5314 2260 5160 2574 541 7632 242 3844 6183 3515 7864 5635 8125 1044 5490 1483 3803 6602 2602 9901 2827 7393 9953 3311 348 7107 3543 3967 3831 242 9526 3985 6457 9117 6854 9764 5293 977 1024 6903 4884 9282 4781 3942 2978 5592 5559 8217 8550 8252 371 1198 406 4750 3089 6056 1046 3603 6441 8668 5078 898 5101 290 225 6094 3321 6339 3465 6461 1223 5344 7547 9258 6912 3739 1702 1958 3256 8143 9967 4606 6411 4920 6697 8233 7811 6154 1544 9945 8625 7597 4961 5588 7929 3162 5912 2727 2742 6073 3474 2740
8564 6155 4379 2511 8996 8053 1381 716 59 1981 8801 3712 9051 7519 6114 8729 6201 6072 2415 1835 8162 5811 7897 4906 2966 6932 9476 9001 5676 6888 6025 5347 4447 3545 3983 9019 283 7697 0 5453 1213 7587 6912 4953 5700 4135 4381 1941 3991 8295 6200 1681 7440 439 9253 7966 2758 6588 6666 6899 5388 3708 74 3973 6436 5011 3383 5077 6290 5042 3312 4016 7461 4094 5860 46 688 9863 6184 8181 9034 7364 8965 8744 104 802 4597 7140 2496 9769 3085 8168 3907 8770 1594 7482 8012 3019 5360 3226 2307 7246 4991 4688 5870 7923 939 1452 4812 2955 8444 2727 4422 5217 1041 5786 9232 5876 1506 1410 8336 4524 4815 4234 1495 9698 3008 4589 3885 4281 8282 5996 9902 7425 5818 4827 5254 7549 6949 1700 634 3129 6456 4309 6267 4006 3378 4791 2272 7376 2499 2607 9667 9067 5759 7704 2732 3199 4005 6047 4541 1632 7175 8570 8690 2749 4038 4405 6092 7851 9279 3401 2761 189 4983 1793 5332 2856 7362 753 30 1540 5737 5757 5264 9595 1386 6893 2009 4259 7290 4966 1143 1467 8639 1399 609 1575 9002 2531
5828 4605 159 4137 533 4624 3078 7770 8035 1512 7708 1064 2111 5446 9923 3049 1679 2781 9307 5232 9678 2722 1444 826 9034 4960 7222 286 4075 3181 332 9362 5815 8687 1826 5021 9643 4117 5453 0 7586 4568 4487 6081 4041 4782 1556 807 5181 4213 4535 6414 4781 6612 8106 8572 2584 3669 2828 5202 6831 8138 914 1543 5837 9023 6228 6298 1404 1986 4430 6414 2157 8694 3826 2533 8972 4303 384 5807 7138 1139 4927 262 8706 3760 4083 708 5626 3775 3017 5988 2257 3616 8438 7079 7544 9158 6542 2374 9383 1670 9305 9375 3979 7004 1099 8784 7934 9096 5042 6419 1472 3921 5680 7754 6031 2434 2341 9629 8383 509 7386 8853 6119 8176 3616 3038 8561 7531 801 5390 9883 141 896 1385 445 9598 8013 7330 4638 1449 2177 2711 7134 6952 4264 2350 520 7700 1932 6434 8836 4470 9054 9830 3034 332 8152 9335 2603 8412 9857 9012 7530 9931 72 557 3718 4896 1061 5519 6598 3421 551 9573 5300 1005 7051 4128 4705 3226 8622 5039 2074 597 3482 8525 3579 1173 1149 829 8740 5227 2906 7771 6788 5344 3795 2429
4134 7328 1840 5667 6943 3190 9798 5734 5173 3798 5022 1456 1956 4455 3420 9704 5369 2024 3801 1784 2612 970 3200 5738 2104 1386 8146 235 872 1463 5530 1141 149 6025 7675 1678 51 7452 1213 7586 0 5908 5015 292 4544 5309 6774 4477 4281 2448 3177 8634 8542 345 7452 795 7160 358 2511 1044 4941 9971 3077 4943 6556 6579 6176 8448 9556 3423 5735 2335 6796 4277 5117 1400 3111 2719 9436 7387 5314 7436 652 6595 4265 4823 4579 2493 5979 7582 341 9888 1071 7419 13 9919 2055 8850 161 8359 4389 7511 3389 8852 7571 8633 784 4978 7145 7869 3951 9068 8339 8389 5499 9391 2691 4098 9670 7863 3541 8076 4796 9032 7627 8466 1752 3893 9990 5922 9255 4340 2644 983 7932 7458 4280 5252 6942 8561 4745 9065 3919 7150 248 421 4797 937 8266 4281 5874 7194 8897 3880 5848 7767 3538 7471 1985 6903 84 1217 5918 9265 3129 4467 2286 6492 4828 5358 9286 8698 8889 2825 5413 4536 5303 2815 880 2485 9727 3775 3390 5719 1308 4324 7463 1826 4600 5788 630 3589 6348 7548 8442 6126 7022 8499 2160 5600
