300
0 3859 2879 3232 9159 8389 8634 3575 7737 2522 9714 7129 3664 3788 9447 4502 9133 8037 2619 7758 5882 2126 8970 7256 2393 93 7954 6758 3763 2570 7635 837 9288 7794 3935 6578 5195 3677 8937 2462 9336 9061 139 6210 2339 5037 6381 1299 8641 7464 9226 4717 6373 7709 2095 7434 3189 2810 1485 321 2351 8967 7058 3100 694 4261 9315 4187 1086 6911 7437 8239 4698 7207 7316 6005 8580 2236 5658 8566 6792 1264 9051 6531 4006 8075 7927 9771 719 5947 7131 5711 4535 2985 4524 6597 3145 9956 8977 159 5651 9181 1034 8630 3541 3108 3035 4622 1300 1537 5676 8431 1514 2005 2797 7210 4279 1006 328 3438 4879 7400 239 4231 5715 1073 4839 8443 4258 7907 5377 3461 6779 8974 4556 8768 5401 5222 417 7505 6805 7884 8629 1364 8225 7100 2946 6948 8669 2005 9045 7734 7661 8026 4146 9131 4064 6960 3261 7385 1506 3115 9057 6959 8315 1415 6423 4609 8244 8195 7439 4885 5376 9379 8154 7996 9647 4239 2430 9432 9528 2171 1163 3707 4033 9940 4261 3570 7567 7910 1938 4156 5364 1391 3455 8583 4062 5526 8106 4559 6397 37 2582 4343 3839 7440 2562 5299 463 8076 5392 4275 3744 6322 9858 7781 1880 525 6311 6066 8216 5956 8008 8612 3362 4255 4712 3425 4200 6289 6232 8709 9703 6910 2742 3073 203 4485 1358 6512 4955 4197 7948 7170 117 5253 4237 5741 7804 9347 2101 692 6223 9011 5928 9247 7630 3426 5334 5566 1219 7999 8398 7457 3438 5420 1351 7869 6105 6756 9105 5338 7123 1134 215 5986 9118 870 6038 9556 5852 8335 41 6743 5994 7372 4831 4389 5686 501 5650 819 4915 841 9137 1324 5127 7052 9813 2702
3859 0 8118 668 7368 1007 7120 4092 7318 623 4198 7514 3490 2919 4856 94 9843 4743 6531 5712 1419 820 5600 4492 6992 8594 2960 994 9759 242 9481 3879 9277 7819 546 931 2646 7415 4113 9474 7884 9478 8308 6685 4806 9656 6217 9548 5106 2816 2229 5497 8425 2453 4425 5746 8644 1722 1124 4945 9123 7821 4584 8811 7793 4727 5184 8917 2582 3610 9115 9818 5806 957 7984 6447 8754 2166 4761 7199 5759 6848 3839 8045 5283 4402 5814 4079 392 6600 5712 7574 9785 6013 9927 7445 4755 988 9347 631 8203 3774 6852 1877 5264 1432 3575 1474 7431 6712 810 2774 6536 8230 9501 9908 5816 1917 1656 3209 94 6995 3773 8460 3615 8153 5583 9978 1511 2532 6322 8524 7696 4627 4393 345 5871 4127 7490 7634 3424 6061 9132 1626 1893 8409 4077 9185 2341 3139 3245 5797 2486 5434 3715 788 5102 6253 339 148 2539 7823 158 4015 3912 3595 8667 5353 8629 6640 9982 9450 8487 5542 3824 9571 3498 4404 9267 5204 8848 5273 837 6314 1309 5864 9951 5135 4628 6036 859 7121 1841 5105 2791 226 73 5032 7637 5301 5961 8034 5512 5317 4501 5000 3454 4837 3631 3066 910 7883 5696 3573 6129 9559 8343 8718 3720 1468 5863 2151 8256 7087 8762 7503 1226 5705 43 5411 9884 7951 9248 8781 2048 6534 8359 94 9058 2433 5020 8205 1346 6650 1637 4690 9554 4949 9991 7601 9019 5228 4289 1447 5296 9767 653 2963 4625 9839 7632 4254 9710 9723 6515 7011 6454 9674 2033 8979 7876 2479 481 6182 9016 1149 2740 5151 5346 9172 6985 6851 7099 7276 993 3098 9292 1570 8774 5603 9869 4277 6621 3368 9914 3522 8517 2881 6627 4853
2879 8118 0 2528 1174 184 6173 5712 5154 8909 3807 8938 9881 5184 1399 9206 692 3784 5 7563 8008 0 8808 8825 7191 4707 4495 8593 2977 1906 8175 8509 6744 4578 6515 3995 2938 6320 4758 8589 1231 770 2609 7290 2758 4018 9200 2428 7702 7059 8478 3212 7715 6261 8930 6461 3965 2462 7225 207 3878 5058 7399 4632 9831 527 7989 9218 9782 8567 7607 2929 7522 4368 9754 7321 4499 5350 9940 205 875 3194 6308 3856 4017 7899 6436 5768 2430 5707 3555 6575 8419 4714 4761 7664 1362 5446 5617 8035 6227 2213 936 8669 9835 1199 1271 9820 5087 5047 1830 8424 7363 4321 6016 2268 1154 2138 2416 2753 2788 5240 5653 6014 9078 6997 3491 4335 6967 6105 8954 6958 1073 6226 6476 4610 3366 913 3634 4303 6074 2361 4747 3743 2304 1868 7043 7664 9379 27 6790 6778 5902 2448 5656 8408 9777 3123 5181 1007 7235 3671 4502 1667 9604 9152 8573 2177 6658 5578 8700 3110 2273 2958 7656 898 8266 4640 2467 459 4811 2316 7075 1675 4983 2167 4093 9968 4218 7775 6127 6868 1572 6817 188 2803 4930 9286 8303 4837 8259 627 8135 5544 674 7542 2650 7056 3258 7162 777 2397 6706 4780 2106 1800 6649 5210 6736 349 2079 7057 5119 9482 1528 6828 7770 8278 5619 9371 3392 3365 9009 8229 2513 2292 597 5278 9249 2891 949 9859 3083 2945 9307 4192 5365 9747 5294 905 6763 4567 5483 4868 6845 2736 7186 2061 8676 9255 4689 8196 8856 3519 6193 2900 6368 7189 6053 1826 6277 4362 6070 4605 645 364 3666 1935 6150 1400 7948 9222 4185 1212 2951 7414 2703 8245 3059 783 8429 8883 6395 2136 1113 4491 3968 7460 2872 9102
3232 668 2528 0 8189 5371 3290 8254 8322 5838 3544 7803 8878 7563 7553 799 4717 1315 6057 533 7190 2792 6366 5668 5089 5199 7552 2093 2912 477 6965 3311 858 5258 5649 2254 9766 6507 7287 4404 7084 2637 5860 3127 6067 5393 1543 1114 5708 2778 1899 2648 9097 8613 2738 2611 5303 5630 2512 9434 414 9601 4253 3370 4592 3860 1073 8903 1627 635 3843 7577 4480 4699 8044 2359 6458 5534 7769 717 8550 8474 6912 3264 4488 8610 6761 7799 7580 2967 9624 1645 7991 944 1463 6298 8943 8949 8375 9613 939 5592 3500 7524 3536 7032 9880 4137 4974 9319 6966 9688 3319 6829 564 5502 4318 2018 9012 4086 3769 1846 5655 6669 3388 1467 3763 9810 5139 7914 1047 4840 3023 9784 8884 82 6553 6839 6035 881 6624 2105 3478 6512 220 8531 5000 366 2784 9353 1320 3848 707 6958 5876 3312 6937 5404 1922 3441 699 6775 5379 6138 3000 9753 3307 814 8249 1611 9645 6100 3099 749 8223 9437 1839 7201 6068 3996 6115 5889 7057 2854 3813 5702 6858 9483 4129 7373 6931 526 9636 8411 8146 3910 9423 930 974 9678 4868 5595 4701 4933 2112 8571 2589 1017 813 8309 8421 3892 6654 2997 281 1136 433 4093 8201 1233 1546 6980 7895 4066 4189 7469 5518 4468 540 3956 4887 9571 2698 4235 9347 6851 8919 2595 6311 1233 695 865 801 8826 7735 9358 4565 3350 7400 1375 6195 7098 7465 7760 1203 5081 6289 1906 354 7820 7362 6020 7034 1556 9875 5231 6445 9175 4485 5249 1205 510 7671 9389 1480 6222 1825 1823 9246 2008 7647 6453 713 6370 8233 9169 8170 1885 523 5014 7203 4345 926 4228 4847 118 2814 1186 7918 1342
9159 7368 1174 8189 0 6485 2643 3637 9964 6837 4710 6365 258 2489 2330 9345 5927 6764 2783 7618 2298 5330 1271 1426 1675 7501 8085 5166 6035 5932 3667 7113 4739 5217 7891 2715 8799 9688 2192 9589 8650 9934 3981 3889 8993 2638 5085 6385 9699 2908 7864 9378 8289 7839 7753 1668 7955 6391 945 1238 6064 5132 9244 9210 6217 7852 8919 1689 6704 3754 3069 7414 6675 8053 1090 2274 9479 6466 666 3657 7960 9851 2001 5396 4187 362 681 1343 6007 1270 4801 4764 35 5648 3768 7085 3805 2387 4496 9845 6592 6109 90 1604 8619 3278 7617 7757 7196 7478 5360 9624 6425 8607 9645 6901 4317 7760 7948 6893 6883 1345 5149 149 8928 416 9789 7316 2306 1920 503 9108 5806 8879 1369 5181 1731 1533 4750 445 5657 4916 538 6922 3156 4468 3904 3060 7697 8377 5052 3694 699 3309 5944 93 2462 4585 5628 427 7097 7780 8806 6463 824 2732 7177 9009 3648 4384 4177 7793 6643 7730 5550 5442 5633 2402 4186 6047 4579 3679 6452 5322 6153 3047 4598 7995 5508 7583 5281 4385 5091 5883 4062 2991 3806 9924 450 4454 2360 6909 4330 9841 2369 7122 565 3479 2289 3980 8835 114 8419 8209 8486 3094 530 2638 363 7802 5367 9779 7746 7735 5670 3454 2340 4041 2692 5512 2444 4232 5969 4217 9864 2300 6644 8748 7733 9634 9722 8302 7020 7472 4440 1127 9230 7504 7227 7604 5077 50 518 9436 5552 3872 2347 3217 4450 8437 1329 4046 8074 50 4357 7563 989 483 193 5946 3183 8968 5960 9575 5659 606 9582 2454 1694 6586 8513 5198 872 5814 9078 9249 5176 3331 2243 7552 5039 4038 1184 1605 5238 7136 9856 790 4408 5788
8389 1007 184 5371 6485 0 7495 6943 5389 8442 9704 3080 3369 6518 453 382 9223 4017 8852 9843 3254 6900 4741 4345 3485 1727 9045 4411 6547 9708 9379 4401 4290 8301 2974 4429 9439 1149 4291 7225 9239 1572 8304 3855 2561 2353 5245 4903 9869 9381 4742 1 1040 6361 6255 7637 9707 2209 9184 3551 8710 377 6362 3002 8596 6182 7035 8299 9850 3531 829 872 9250 8416 2587 7986 9383 5061 9013 4608 3117 2174 8000 7684 7443 7089 7380 9241 492 9805 2137 2403 9381 5722 634 183 6355 6333 7804 7514 4554 8979 5440 2762 7768 8188 2092 8731 6336 4564 3467 7963 4016 8198 8566 9150 4389 3511 9868 6427 6033 1101 9906 5877 609 588 1236 25 6156 6737 8716 4117 6363 8431 1442 6022 2669 3742 6705 2349 748 1835 4169 5532 1005 2960 3804 6489 2576 3771 100 1065 1917 9300 9535 1166 5387 6377 4278 7791 3300 8424 2735 2307 1057 447 5188 6202 677 3848 3840 5091 5096 5839 7436 5237 2206 4280 6830 1079 5744 3292 8702 9840 4636 434 2690 6931 8584 8455 8114 5214 780 1698 7007 6102 8925 2901 9378 9429 139 6525 165 253 5344 7526 4364 2510 6965 1390 2699 5839 3432 3529 4682 458 5488 2379 4799 1686 8264 2448 4237 8884 7258 8889 165 2920 700 3834 2987 2897 2249 981 4489 9502 3829 8600 8130 9027 8384 541 3767 9595 8824 9868 8933 7554 4033 6 3243 589 8137 3765 3008 5800 2768 807 1017 8534 5612 8703 7991 9099 7513 2503 4761 4880 6459 5226 9783 3192 3600 9716 557 9159 1510 1636 9748 8271 9622 4857 2024 2214 9174 6559 5838 5569 7771 5151 5415 9585 3615 9871 1290 5210 7623 815 1274 5784
8634 7120 6173 3290 2643 7495 0 0 2005 6357 9990 3494 9586 2497 5783 4632 9995 583 1644 7063 7519 1923 4252 1457 1365 7500 1614 2858 9009 2206 2715 9258 6119 371 4778 2347 2474 3411 4656 9861 3564 8477 196 7137 8995 1163 9202 3099 5919 1987 4657 795 261 7165 3888 5952 7495 7368 3235 7309 1519 2633 817 5405 8815 4530 5442 1065 2879 7498 123 5744 3472 5425 1194 162 1271 6212 2804 3500 3923 2036 1740 2392 7580 4995 5839 4531 2616 8001 8487 5667 6299 9305 8707 2383 337 6667 1486 4639 9140 9464 1143 687 5862 3615 8958 7842 1005 3767 8568 4277 6450 2155 8051 1353 6344 6695 9805 2220 3784 4740 3138 848 3631 7392 583 5167 2815 2258 4946 9130 9692 7213 4341 3298 5014 4038 9019 4985 2342 8152 8620 7071 7190 7736 1606 7014 8865 8282 4122 6586 2801 1766 6629 950 1441 6230 2969 7796 2730 58 8031 260 871 5484 9655 6523 6533 5281 5822 1129 5244 1448 788 8678 1429 8976 8825 8412 2964 4482 661 24 5988 57 8313 4903 541 1999 4017 4720 1621 3202 253 8294 8385 8304 3095 90 939 1963 1532 9421 1947 8447 245 5438 6465 9324 3038 7664 2977 9798 8784 9033 4909 1500 267 7420 3768 6957 5047 8614 2727 146 1965 8420 6448 7706 7848 4121 1503 4936 3827 449 5090 3579 3494 379 8989 7671 4090 1629 4079 695 3451 5239 1814 3524 8835 9947 7132 1127 9802 4729 5939 1783 3195 2720 9919 8909 1006 5133 4411 2312 4097 1483 6007 3885 7893 4176 203 7224 4640 1930 8094 5646 3939 9900 5428 3724 8300 1669 8059 729 8632 4516 3056 7093 7407 4344 2809 7643 8240 9360 6519 3144 3910 8582
3575 4092 5712 8254 3637 6943 0 0 9266 5610 2765 1275 507 3868 4893 6763 3297 982 2971 2193 3245 2276 3357 2968 7499 2608 4962 7463 5544 8981 3496 4063 937 1613 5007 3489 6719 4839 7114 5528 3637 1558 109 377 5555 9426 9134 3776 319 150 727 3397 1324 2172 8065 2467 4572 4122 2540 2151 7767 4648 9227 5505 5829 3350 9870 3273 348 7862 7699 7431 4263 3582 3735 4242 6263 6157 6685 9547 4192 8421 7716 5999 535 879 1741 4605 1297 9164 2683 4736 909 6323 3616 8411 8903 9707 5484 7060 5338 2341 5923 9816 2422 6940 8980 785 5812 2830 1418 6066 9858 8680 9153 7895 4425 529 7271 4316 3124 7902 7228 9428 3980 7062 1537 4464 7624 1742 3136 5430 9818 7585 9798 7991 1038 5014 5335 7152 3170 3334 2055 5418 2314 8839 2664 971 4878 6976 8553 6402 7722 2949 9451 7514 8128 7419 4279 1468 1716 3383 5893 8521 3192 5083 9693 2017 677 4334 2191 3910 3819 2995 4685 1396 8154 4608 6620 9780 3647 7663 2872 713 8062 9145 3159 5835 5315 4652 9808 2695 6564 7323 2744 4965 7476 3564 4114 1434 6104 4548 9312 6129 8182 553 7088 6472 2111 6307 5000 9629 6275 8967 842 798 2324 9392 8092 4684 7328 2105 9809 9659 8853 7649 5345 7667 7430 684 7702 1196 4229 936 7046 6784 4142 1173 1397 1535 828 1290 7581 8847 7833 5390 8862 3488 6752 6959 8938 5860 7345 5215 458 3753 7786 2925 9628 2586 7255 7487 4335 6355 428 2559 7106 5413 6330 9100 1270 4358 2935 4343 8168 9935 8356 4832 5114 4709 5762 8557 1082 5968 7112 5014 5138 6138 9552 6319 7840 6203 6680 3831 4561 2541 571 2918 9446 602
7737 7318 5154 8322 9964 5389 2005 9266 0 2983 1132 4808 8613 7987 4650 8861 5442 9910 4817 1464 1681 9688 316 5977 1247 3972 1315 4332 1630 3439 153 5679 935 4917 4384 1965 5341 2749 7156 3472 3444 8537 9434 2715 6164 6499 6626 7954 7097 3493 7227 1659 2747 5922 8168 2463 2962 5014 2744 1342 787 1597 2484 8350 7073 7897 8718 3441 1153 3472 6320 5098 4385 5661 7870 1381 5098 1048 1509 9624 6467 6581 5155 4091 4396 6727 3201 1108 5202 8358 3031 4797 4062 4480 8562 9273 8729 857 5562 7094 6213 7234 4673 9777 4580 7388 5258 367 7491 3201 673 4637 3441 1148 6817 7085 532 8956 1040 599 8183 6481 8956 6324 9348 7808 2476 8248 4857 2545 2160 5087 2896 2535 5584 2629 7075 460 6975 9000 6615 4684 1213 5074 2094 8207 9432 7200 7443 6229 1381 8606 233 6354 8938 4255 5479 6904 9795 6619 7629 4546 8631 2945 3857 8102 5650 1038 7517 7548 6165 6466 5953 1098 4535 2018 7080 6275 7098 6215 9337 6851 3404 3985 5145 9065 8800 8086 4737 531 8877 4923 6010 2849 9015 9157 3955 63 3976 6149 2685 9468 7459 6195 4600 9438 5061 1498 9607 6926 2981 3372 3726 4794 5858 4911 1472 272 442 9158 2018 9409 6060 5452 6466 4528 6650 7431 3006 1749 6149 5256 3988 2949 1944 7033 8547 4134 5014 316 4969 4113 1986 9382 4861 3845 7580 8184 9499 804 4697 9550 3986 8463 1180 3964 7584 5824 9578 5539 7482 467 1024 9069 4199 8431 2526 338 4680 5288 8142 4548 2569 17 9741 8283 2869 9039 2135 9059 3542 6082 3048 3559 7482 3663 2605 7679 5941 188 8737 3195 4859 9585 6667 8550 281 3016 3143 3756
2522 623 8909 5838 6837 8442 6357 5610 2983 0 9241 6936 86 8254 618 9909 6327 5229 1514 3423 5372 7339 7891 7268 5741 167 2113 3716 638 6226 4707 5146 9414 4422 9027 4321 8601 3681 240 9422 7405 8382 7955 5841 8419 7446 5341 5846 1415 3518 6545 1993 5923 8549 2489 861 212 2988 3571 6940 1536 6975 5402 339 9901 6885 4846 590 7681 8469 105 1963 123 6477 2494 2510 2503 6376 8700 1342 1511 8001 939 9329 6531 9880 9405 6569 6895 3067 1829 3265 6421 6709 538 8436 4880 5516 9477 2375 465 6315 167 4559 8870 6750 2201 2258 6352 915 5555 1400 8575 4991 6820 4355 3443 4923 6697 4930 3125 6938 1184 6296 5331 2304 395 6994 945 5335 1193 1253 8268 8859 7089 9791 5483 4535 2876 6081 1156 9839 9960 8613 2175 7414 8758 9620 4875 6931 9925 6125 4005 1397 7570 8628 4206 6564 743 2449 3430 7890 9092 2290 8100 6862 2250 4735 5180 2382 3356 4833 7621 8235 3143 713 6445 3907 2246 8944 9903 7896 3031 5868 2469 6406 145 6286 3254 8153 662 3008 3765 7418 4548 490 8851 1422 1739 3841 416 5192 8440 3664 3411 4335 5146 1633 2291 3906 3236 9349 9946 2595 3300 9283 3126 6213 1952 2255 9814 8926 5028 7334 1754 3328 5528 8008 5985 7433 1606 6942 4143 5190 1074 3345 3737 3269 2451 7243 2473 8458 5341 1079 7548 2287 5984 235 6712 5940 6223 6756 8870 8437 3540 7595 3896 5782 5669 6702 4292 3267 2561 7688 2222 7038 4241 6719 1645 213 3713 5063 4963 9232 391 9038 4295 2963 3471 9572 7708 2270 7053 7085 6922 3618 5666 9329 2005 5173 7851 4228 318 7956 7113 7461 7413 6632 681 6970
9714 4198 3807 3544 4710 9704 9990 2765 1132 9241 0 6084 565 9461 7866 9528 2247 4869 3788 2675 9953 3680 2306 8483 3147 5434 297 628 602 1963 2216 7336 7326 9221 5635 1170 7824 9620 126 5635 8717 9099 7829 4325 1404 4584 2101 2413 7910 3535 7362 273 3728 265 6703 8807 3366 1888 4540 7041 3421 3801 5305 2244 5893 8360 2987 1678 3897 4417 6622 1387 1774 2252 2771 7689 3947 7458 9676 6338 4877 4258 7932 7756 9259 7639 9572 5816 7362 2977 2340 8386 7798 9759 5968 4206 8513 7043 5251 8509 9831 3707 9255 355 5656 1253 4113 2647 8574 2911 5614 742 8661 1441 3549 2822 1000 7514 4321 1929 4659 1713 9904 26 1378 6991 4724 6527 5555 6000 9358 6941 494 7412 6283 5777 5535 8324 8406 2241 8290 3920 317 9118 7282 6499 6618 3507 2436 2170 11 7320 6154 7250 9930 1327 8342 8919 32 3760 4486 8598 1223 3980 8922 5819 548 5960 6374 9710 779 8371 268 3418 9650 5175 1105 9692 9620 8327 8193 2498 9679 2844 3955 7980 2313 4219 9015 7519 2595 6502 1581 5264 5387 7680 7330 8748 874 6563 5432 3621 2186 3795 8651 4465 8702 1951 6011 8903 4544 4234 1617 2019 9060 243 346 9324 2610 5994 5999 5693 1974 9249 8278 6080 6153 8089 964 2805 876 4260 9854 5281 7864 1151 6695 2740 5925 8507 5487 8513 7684 3172 6975 5329 4581 3219 3406 3933 9166 21 5226 1231 7395 346 949 4445 8029 4549 8716 5406 1891 5432 7763 5571 6593 1216 8497 985 4103 4681 9414 2808 6114 9678 7750 9230 9070 6761 7966 6223 5452 8015 5994 5875 903 592 8172 6041 5246 7267 159 1784 1157 6117 1667 8872 5252 4171
7129 7514 8938 7803 6365 3080 3494 1275 4808 6936 6084 0 5377 4303 8289 977 6503 3176 7079 6044 9049 2980 2705 5679 7696 1511 2446 258 5105 3921 4534 173 5626 161 3314 354 2357 1910 9876 6545 9640 389 1724 3613 2262 8639 5302 412 9547 3684 9691 4144 1909 2870 1786 814 5258 3623 7834 6584 7805 2290 7840 1046 6162 3620 4643 9175 5562 6908 4922 8955 6532 4859 7387 5554 8887 1974 403 3464 1369 6940 5483 7931 1265 4837 1695 3723 7335 4610 9731 2265 9979 1654 3761 955 1367 8522 1634 1618 8596 7570 4208 9562 647 9745 3846 5074 359 154 879 1827 3591 9025 3526 8913 2262 1072 2067 3647 4522 800 650 1248 2467 8795 5263 2312 9540 7027 9950 8777 5234 1639 5749 6201 6533 8784 3697 8799 2386 1760 233 1322 5439 3734 5443 3361 8941 9210 3215 8307 386 3175 6112 3474 8603 7324 1905 7466 5340 3014 3021 7276 3654 7813 9453 1682 7545 8881 8419 4897 1421 1265 4742 4303 6381 1215 6388 7199 6534 7718 4879 780 2412 5120 5390 8506 2138 1819 2035 1625 7806 5649 5562 1496 852 1735 8906 276 9483 1624 3152 7920 1521 8367 6788 2031 9243 2971 378 988 3140 8221 8594 1001 1226 3752 4777 48 7663 4889 700 4076 4774 7028 1874 3874 1254 7407 1542 2041 1240 226 4568 8429 7620 5924 5172 5629 8119 9104 5403 479 6686 9452 2776 3525 4161 1948 5092 9050 7273 6962 6701 6975 9411 7166 1162 9715 7471 4475 9349 7235 502 303 1274 6399 8112 9815 4482 901 3672 2195 3778 7980 6312 6479 7518 9151 9758 2006 6636 3628 7875 3410 1611 9373 179 5084 1382 6589 1879 3596 266 5619 9579 990 1360 9398
3664 3490 9881 8878 258 3369 9586 507 8613 86 565 5377 0 6616 1197 1108 3912 1841 2964 8482 5772 6071 805 8191 8800 2253 741 6012 3236 5110 0 7452 3887 4759 5302 3711 5101 9381 1595 5341 7027 1636 1374 9250 2892 7885 2993 2688 9133 5984 6852 3338 1691 5510 1488 384 7162 3963 1727 297 7319 6151 8192 9144 1599 1782 1187 2844 9420 6113 2900 8511 867 3859 651 6243 1859 9258 3126 1826 6326 548 3000 8839 9747 6638 6265 9705 3493 2249 8282 9660 2444 398 6582 6468 7699 412 3019 7254 1705 1875 5406 2938 1869 3987 8799 7678 8680 1067 7318 9203 8231 3980 2325 5326 239 1340 8843 7913 3357 1700 752 9800 9577 8627 4606 8336 8272 8752 9750 3563 9235 9633 5540 4073 1860 886 8519 8849 6755 2221 8350 5095 1971 9933 1469 1125 817 3132 6826 7482 4284 992 2627 2576 673 8426 3081 2356 1648 4534 2242 8554 6280 7105 9609 6463 2680 3062 1694 4592 3627 3482 8934 3610 9127 3607 7324 1627 8461 2769 692 3952 756 3282 2962 9932 7763 2750 7213 7543 8576 4004 746 7001 5597 76 5915 1070 8764 4877 3240 6934 6816 6416 9232 2117 8081 2576 1964 6384 4659 3458 9562 1090 1111 3255 6455 7740 4799 5710 4088 6322 7237 3594 7017 7394 1835 7387 9754 3066 6140 7304 3003 8150 4718 3298 5935 6940 3972 5814 8807 9770 6520 8906 4359 1129 3605 5701 6500 6353 6017 2900 8587 6228 746 9516 1697 364 2300 5239 5733 5657 1000 8617 9527 3343 7149 9505 5762 4769 3369 2226 8252 5898 6551 6046 6719 3876 6774 9223 496 4128 182 4055 8141 51 1158 5497 3895 5008 101 8015 4348 3354 8754 8568 6046 8577
3788 2919 5184 7563 2489 6518 2497 3868 7987 8254 9461 4303 6616 0 8565 5783 4830 8877 1865 1525 3675 304 8546 2002 664 6238 9223 7012 8731 7311 8059 8160 3275 4543 1111 3015 2851 3221 7046 6139 6446 64 8686 9873 1931 643 1864 1790 694 7049 8440 5829 7759 6066 4021 4264 9194 4422 2533 8328 6051 7475 3649 7521 1598 5792 7052 8076 3096 485 8259 1221 1505 932 1805 5580 9779 522 9649 5750 183 170 1684 4792 4979 9792 3890 6028 9885 965 3796 5065 4560 3590 3912 6006 6968 4793 6845 5935 1239 3970 7549 8189 5308 6200 8776 8482 9895 7174 6930 8532 5070 968 3027 8896 6910 3690 3606 3703 2850 145 4916 6895 2838 630 4570 8625 9646 2251 9263 4121 6998 6405 3490 4242 3230 4337 4948 3402 2381 5070 9334 1934 898 8919 4168 2123 7867 8614 8146 7991 456 252 8382 4254 252 6454 9309 9915 6324 3044 751 3785 9856 1471 806 7569 6952 2741 9923 2529 2633 8042 4854 4923 9409 7006 7337 4125 9344 7968 7000 2588 2184 223 499 2064 5541 2560 3701 5833 5486 6615 6959 6181 5294 1238 8605 1148 1921 4325 8846 3944 9768 4420 5918 6946 3030 9419 9562 2858 5654 177 9433 5805 4638 4044 908 7561 6682 2558 8766 8189 1100 2456 6211 1888 1121 1357 3794 6080 624 3593 8473 8414 237 3825 251 9873 2143 706 165 6841 4168 8947 9279 6486 1078 5300 711 7723 3381 6048 2531 8405 4409 5331 8757 3003 9646 1442 9590 3039 4745 3789 1537 1411 8168 4289 3397 9484 3533 568 7972 2594 1922 946 4283 1208 8267 7167 5084 1152 5250 1900 7840 3684 9041 3106 2160 2334 8758 6648 9699 7860 7199 2167 1524 9679
9447 4856 1399 7553 2330 453 5783 4893 4650 618 7866 8289 1197 8565 0 7680 28 4223 3799 9626 3630 3051 2816 4715 7849 9882 6391 8943 650 8498 1341 5269 2385 6942 1042 8231 8681 4210 9256 7149 3787 57 1698 6385 8125 8769 9456 4304 8374 6913 3091 5753 7049 4835 4641 7535 1887 3253 2205 5303 1469 1092 8615 6035 3398 144 6297 5740 6685 7015 9581 3723 5077 1758 8304 3161 7637 9723 1946 5385 3968 6520 398 2831 4748 579 2741 9469 3381 8013 1873 8004 4411 5269 1359 9315 5630 9044 6680 4398 82 7648 5308 466 1796 8260 1607 2058 1902 5372 7844 3994 838 869 4875 9210 3359 8039 9984 647 8107 5147 5617 6722 9244 6293 4102 4462 9546 7587 8974 870 8213 8276 771 700 6940 9185 7727 2006 4744 5661 361 7094 9250 768 1638 2175 2439 4233 423 1097 2489 5396 8124 2911 7401 6431 2219 9450 2105 8394 1355 8561 9041 7933 4069 1335 7169 1625 5709 1974 7778 2248 5398 9902 5462 534 1991 5098 2686 4455 6263 7757 629 7327 2862 2068 6621 3057 4996 7540 2022 5728 878 7970 9001 2989 7286 300 8875 3167 8402 3553 8557 3989 1167 5114 5961 1671 98 6390 3361 9879 9022 7702 1755 9429 4763 9839 1500 500 805 5263 7813 732 2820 9754 9350 6434 9970 3536 1613 1827 4002 8668 3136 9889 5104 35 7991 9138 2807 6988 9601 2490 8941 3377 1467 4840 2537 1453 2431 4923 6498 6253 8696 6963 5140 9135 6062 805 8100 9140 6280 4069 9413 9807 5921 1884 5028 3981 5040 1995 9840 7686 1271 2772 2234 5866 1706 6148 2787 2418 1471 5267 2017 7949 2221 833 1227 7971 7570 7449 828 259 318 3344 3891 493
4502 94 9206 799 9345 382 4632 6763 8861 9909 9528 977 1108 5783 7680 0 4945 7366 7650 8874 5691 5027 4953 395 6258 3639 892 4975 9777 5411 8402 2396 4039 2608 8645 6713 4428 2155 1119 696 1242 9184 4335 7701 9455 2539 2197 1324 433 8690 3516 2560 3013 829 3729 9847 4370 7638 4233 793 7845 2717 9171 1213 2723 1845 615 5782 1297 8899 4210 839 3944 2584 8018 4317 4142 1254 1415 648 2828 235 8889 6537 3677 7428 3356 1786 4675 8323 4633 9488 6760 6719 4884 3797 4394 6711 7290 9020 3007 3510 4594 6350 2171 1935 9975 8445 5702 8179 9784 9669 4499 2252 8460 4871 5172 5157 838 9529 5755 7846 5773 3860 7080 8914 6967 8720 1908 4355 370 5388 5271 4380 689 372 3767 8047 5008 93 8681 3881 774 3473 2789 2899 606 8377 1737 1497 1154 3247 9395 9213 4260 9117 4052 356 3508 7080 211 7708 4145 6053 954 4994 9428 2207 2045 583 8359 4625 9146 4615 3929 1185 2931 8983 8971 3933 6763 8837 1924 7740 408 3938 7553 5004 8357 7882 2483 8811 2333 5139 3873 9116 3811 9717 84 6054 6587 8897 3261 1658 7561 9031 6348 7444 8423 4564 6745 968 6324 4209 9462 5945 4516 3140 6995 4381 5529 803 899 7079 4189 2663 1296 3751 8724 1594 7365 4580 7957 9258 6153 3428 8775 6191 3284 5224 5506 2392 3644 3088 5115 4177 9549 8038 8858 705 8116 4452 2049 1869 2667 6256 7768 1518 9929 8226 1358 2941 1063 3634 3538 7358 4626 9583 7963 6261 5798 9424 7958 4974 5759 911 967 5745 1037 6273 654 1923 8284 8331 5140 2617 7537 8579 8647 3542 7413 9814 3100 744 2144 7179 8364 9570 9300 6018
9133 9843 692 4717 5927 9223 9995 3297 5442 6327 2247 6503 3912 4830 28 4945 0 8207 9277 8724 5407 3472 6618 5852 2036 1019 4230 5495 5599 2063 5164 7536 6628 7647 8244 3609 4563 3556 5862 9253 3562 4346 6106 564 1646 2145 8129 1843 1131 598 379 574 2804 1835 3383 7012 4092 3550 976 6796 1749 3287 6484 3360 2868 9238 2176 7595 2218 8638 4910 2928 4417 4050 7501 9996 1505 6970 191 3944 9115 3876 8753 949 5337 5439 3033 6260 5036 7085 6576 9892 4560 9320 1322 9116 3817 1101 8866 4369 432 2858 2922 8866 9964 9969 7038 4336 1202 6276 6139 7675 8988 4959 38 8081 8690 7050 7184 6305 4903 6971 7893 8448 4513 1578 2322 6846 1672 2219 2736 84 133 7714 6421 169 185 8851 6021 4059 5121 1234 9276 3662 2674 4407 1472 2644 3963 2204 5939 8899 6675 146 2660 226 8565 1764 2311 9095 8189 7834 9877 9615 8617 5889 5478 4800 7635 7550 9042 1245 6930 5020 7924 2705 2123 9950 8706 1109 6833 1891 6209 1579 8540 9860 796 7976 5272 6484 575 4866 3022 3269 6653 9932 5292 4196 4924 3899 7597 777 7653 69 2899 6682 7076 7258 8377 7929 4287 9335 5711 7529 4282 7565 7079 6328 153 5286 3537 6655 3373 3195 817 4433 8345 5976 5459 6815 1695 1162 9443 4377 9497 8743 928 1090 7122 1444 9962 2241 7703 1016 4321 9820 8563 4648 7398 6330 9160 5106 569 151 3332 2656 34 8399 234 7930 8324 94 8256 2113 7445 3896 5489 6283 201 4846 9970 2786 9996 8995 1804 5470 5268 3381 1840 6388 7109 6125 9952 3772 729 2295 9878 502 5630 6281 1217 4996 78 277 3374 332 91 9379 7459 5877
8037 4743 3784 1315 6764 4017 583 982 9910 5229 4869 3176 1841 8877 4223 7366 8207 0 8969 9484 7268 3761 6844 7010 7929 5246 9719 730 4478 3082 4385 6926 992 5250 3946 4814 6867 4749 3511 5367 5937 3621 1251 4068 6575 6842 5496 1585 9583 4641 5583 821 2085 6828 6940 3291 7175 7628 1553 6299 2290 2485 999 355 5810 9841 7558 4554 692 9070 9119 9050 5437 5742 4999 9698 5765 7331 8664 3970 7086 9646 477 5387 4637 245 3528 2952 3379 8076 3346 8697 8886 2718 3509 4590 5330 504 2095 1686 8655 2408 5990 4370 7884 6747 9637 7398 8005 1583 4541 3456 5033 8181 1711 8568 591 7570 9520 8358 129 1158 5700 4495 947 6519 2542 5324 6693 6605 84 4536 9960 9691 2714 4974 8376 6633 5567 7424 700 9562 6273 7461 6925 683 1420 1686 5291 7111 6955 8057 9426 6633 7268 3507 5434 3411 8317 6466 9916 7193 4058 5951 4579 3507 9836 518 9388 6974 385 2786 2296 1592 121 5663 9256 5610 1922 2379 5802 9459 6511 9797 6126 1528 9072 8430 6700 7442 2272 5965 625 8040 3223 8178 9972 8129 4128 4879 4398 2563 7826 3847 2602 8176 7249 3176 7272 2234 8800 8002 1901 9212 6821 2798 4338 2802 7419 7956 6023 8260 2265 8750 3675 6755 3840 7356 1274 7961 2553 5854 4870 7931 788 4382 5560 1697 9088 5596 3269 7926 4384 7535 5138 4642 6394 5320 3388 8512 8380 275 6073 117 1999 2896 164 4199 6687 649 5337 8263 3703 5537 6897 4256 5864 1336 1642 7354 6705 9631 5598 3097 2850 6158 3370 3839 9621 6972 7070 9579 6973 2270 6956 3722 4614 2696 4150 8266 3606 7477 1840 5838 1778 7611 7906 6804 7442 5198
2619 6531 5 6057 2783 8852 1644 2971 4817 1514 3788 7079 2964 1865 3799 7650 9277 8969 0 3299 8423 3313 8052 6174 9310 5980 8304 4012 9732 6269 1552 2987 9721 7655 6446 2456 447 1956 4126 2343 6643 5947 2041 4498 911 9247 3404 1136 8138 5212 7717 577 7371 6705 1827 3208 4265 2286 2614 299 5811 7551 4623 7431 7040 2489 3013 514 4388 2381 5796 105 8573 5647 9304 3775 5471 2033 7727 9567 7454 1540 2756 3498 5272 515 3755 5728 7035 5506 8392 2895 4006 2166 7981 9874 449 8125 7610 2589 9209 107 9089 41 766 6855 883 9214 6157 3427 5202 4651 4146 2856 418 1732 3360 1446 2765 3157 7118 1431 9153 8791 2855 3197 1217 2389 6568 327 441 2605 4995 9101 4963 3358 523 2707 446 2259 7401 8170 4139 727 9009 4329 774 9144 7392 1781 785 9176 3364 6801 4275 5215 9268 8792 1704 4653 7201 150 890 5011 7528 429 5794 5738 6616 4124 6836 46 6940 8536 5534 5857 7934 3813 4759 4782 4760 3541 2715 6877 6947 2049 1257 6657 3159 8194 5122 694 7856 3479 949 9947 358 5648 8138 624 1573 1233 8424 7960 6174 500 9983 8701 9019 5446 8684 2589 2077 4960 4594 4649 2616 5306 9750 8246 487 7403 3809 8396 9519 188 6762 3586 8311 5601 7141 7627 4543 9769 3007 3587 8868 9865 1978 2710 2659 4587 8701 6433 2407 4618 845 1276 6742 1551 192 6053 3409 4686 2354 3134 9172 5944 9016 7218 2141 5705 9479 7040 7123 8272 4029 8439 7188 6251 9326 6405 9547 151 3953 7442 7446 1623 579 3103 6279 4460 5186 1676 1487 6221 5152 4798 2473 7871 7923 8962 1599 6241 6308 3112 865 2608 8949 1274
7758 5712 7563 533 7618 9843 7063 2193 1464 3423 2675 6044 8482 1525 9626 8874 8724 9484 3299 0 588 9555 1654 408 9972 9434 1527 8279 1980 8799 7339 6944 295 2043 7908 629 5051 5920 9107 3849 7396 7434 2149 7199 8378 2009 4394 6017 2693 4881 7900 8033 178 2017 4159 176 4746 8867 8618 380 5934 7547 8330 2548 8538 1195 9965 7632 2319 4824 3668 3811 1928 5732 2063 7030 6883 3756 7213 6947 3720 2422 7785 8930 4535 2941 7741 20 8271 9706 6039 9328 2117 104 8289 5481 3885 6906 3661 974 2150 1203 6225 1731 4549 9691 2366 1848 2979 5902 9218 3157 7185 1890 9362 4467 5650 7603 7071 3217 9060 6242 7882 2781 7655 4208 1667 4607 4559 9428 6725 8903 4187 8325 6499 8989 5951 1813 3349 4834 1523 3214 9907 9385 7190 5989 2052 9598 3796 1004 8904 7484 4102 8059 6832 665 2201 546 8680 5211 3831 3473 1091 7461 38 409 1136 7504 2252 7877 3118 2696 7522 3683 1524 4726 3239 53 5211 2285 2194 4634 8424 3887 3480 7675 903 2199 895 3999 8035 1153 1728 6427 6390 6905 5576 8531 9343 9143 7005 9928 5552 8863 3061 7575 9068 6364 1308 557 7511 3515 1594 1121 5364 7261 310 5664 2479 4951 4792 9065 3381 4029 7723 7688 1190 4774 257 2994 2800 8611 38 3645 11 1028 6321 8438 9163 6002 1647 7940 4767 8885 2093 1688 7739 3703 5373 3933 5455 6856 8445 9031 2321 9006 6490 6429 4805 9176 5095 9568 6999 4173 1400 3752 1331 7143 5680 9643 5930 2596 8669 5175 6498 5131 5757 6314 8132 1955 992 2285 8865 2043 3165 8723 421 5426 556 6565 9566 2579 5236 6194 609 3258 6915 3455 5369 9777
5882 1419 8008 7190 2298 3254 7519 3245 1681 5372 9953 9049 5772 3675 3630 5691 5407 7268 8423 588 0 9955 2097 1622 4387 6777 2875 2310 3129 8656 2116 690 6213 3878 7151 3570 2696 1724 1584 5992 6590 7091 6541 2041 9359 4639 35 7674 2275 8331 1500 1225 3857 2555 7887 4761 1173 1186 9670 381 9454 7263 4116 8017 4616 958 5271 5096 3610 929 2079 4852 113 3744 2783 9777 6006 1999 1669 5239 4694 3940 8346 306 5959 308 8689 1594 3236 529 8908 1388 4635 2448 7443 9768 7763 264 8521 667 6843 2175 7054 7818 7968 5463 9559 2639 9737 1576 3476 7692 7611 4595 6536 3862 8545 6123 9755 5880 5977 4000 262 5847 7234 1404 3735 3140 5664 2610 7142 2315 7379 537 6135 7845 7934 7818 1759 9128 5943 4216 147 9081 9546 8042 1042 3243 859 5848 7079 8974 3553 3513 7603 4165 9869 1017 4771 8628 198 1944 2889 8261 9585 5485 8560 8197 6640 2846 8436 5234 1357 1276 842 5469 121 3987 6999 606 584 8119 1977 9076 3630 4588 2031 8482 7476 2732 5170 2688 8572 1237 9725 4769 3003 8556 1664 6191 7743 8726 4103 2516 3899 5484 2294 8144 5009 1737 9099 2513 2329 5207 5881 2205 9138 4033 4580 7014 3120 3471 8530 3532 8857 4225 1924 8972 2028 2909 8451 927 3375 3102 1831 6190 6085 888 737 7806 6433 5242 3576 3279 9053 9367 7454 2061 4560 4977 3564 4119 460 3380 9505 1668 4609 1433 6004 937 27 8832 7866 1080 348 1570 1160 506 2262 8396 8470 6881 787 8749 399 1678 8028 1559 4883 3917 3980 9659 5379 2012 6642 6477 2485 7900 2019 7216 6098 8881 195 6566 5161 6464 9755 249 2367 6475
2126 820 0 2792 5330 6900 1923 2276 9688 7339 3680 2980 6071 304 3051 5027 3472 3761 3313 9555 9955 0 2405 9411 8853 6617 1948 9007 9764 9457 2570 308 4990 3419 3994 1061 4201 1602 6169 5497 910 4772 8301 2773 8266 5220 726 9769 9919 1065 8333 2426 5380 9637 4238 4954 1862 1230 6188 7582 3495 9550 8994 2551 9698 1304 327 2360 24 1034 5991 4852 9370 8363 3255 8522 7906 5049 7374 6651 6266 344 4720 8468 4263 7968 9153 6257 6737 97 13 9415 5162 9861 301 2476 7121 4826 8778 2090 7981 5259 4275 8315 5347 7251 4782 5876 3983 9871 6523 4452 4470 9288 8255 2000 174 7819 2473 9358 8523 4097 9344 6254 5629 2986 568 5661 8879 2049 2622 8273 13 3424 3669 1090 7499 1844 4020 1111 1916 5338 1288 1226 9426 842 6707 1038 3905 3021 3208 4653 2868 4414 375 3950 1189 4656 6658 9452 8614 7198 2904 4687 8813 7070 351 2231 2934 7929 9701 1339 937 9342 3253 5836 1132 2210 1380 1966 8192 8983 3581 8307 8860 3503 5041 2159 4477 5043 9160 5305 3271 6028 5061 4831 3217 4825 6334 2282 7642 2915 5313 925 273 9130 9603 1274 8164 1928 7514 3786 3482 5824 1701 7280 1871 4956 8012 3568 5612 7636 8195 1158 9786 7679 8053 1508 3057 1553 5825 8797 2877 308 4103 8649 7121 295 9934 1924 5282 1899 3791 1227 9168 9689 5614 8341 8370 855 8065 6743 1703 3376 4428 2821 122 2996 5623 7927 1047 1176 7905 5247 5879 8013 6134 2165 6096 2248 9480 9502 7509 5465 6457 6450 7914 944 2712 9111 4968 3270 973 6778 9005 8335 287 7273 4282 8683 9201 3491 9730 5893 8064 259 7791 4767 4138 8822
8970 5600 8808 6366 1271 4741 4252 3357 316 7891 2306 2705 805 8546 2816 4953 6618 6844 8052 1654 2097 2405 0 2388 2113 6801 8 5981 1398 4341 8422 9531 8203 1883 8516 7240 4924 8694 9027 3289 2601 4442 3669 5345 2565 1446 2684 1038 6099 7879 9895 7989 4576 1779 3056 3308 3125 5818 6239 7030 1578 6282 9820 3646 9083 4961 2965 1758 3444 404 3895 5806 7059 8548 8803 5483 7764 3325 7360 3280 8738 8864 9557 4071 9009 5906 640 748 9073 5577 4606 5038 8428 232 5455 1566 6004 7432 4262 3949 7500 2045 7343 4527 1760 2470 7771 6937 1908 5609 1829 7482 3346 1185 4497 7901 7904 1696 2720 4395 5951 2768 8965 6187 8006 7554 1732 4591 4761 9884 5043 1504 4495 8939 3335 8530 3018 1913 6794 125 175 693 3952 4341 1452 1863 8145 3954 8713 2726 5805 7758 6298 6279 221 2053 6783 5285 9112 4038 1873 4633 7755 2481 9615 5309 2370 2879 38 4115 9424 2329 6701 8173 5758 3677 4640 4591 734 4102 5892 1381 8878 6895 806 4305 4658 8525 8777 7892 632 5698 3490 7844 386 6463 3389 1058 4984 3409 3568 9633 5660 6117 3250 6985 4174 4835 9568 3536 6220 9271 1325 8110 9288 6337 1940 6649 8317 9781 6672 6740 936 4909 2842 185 4374 2523 5351 5249 8772 2404 4361 4404 920 2681 3678 4102 6318 1480 7676 4875 7223 4981 1298 5302 6444 967 9887 4088 5413 1805 2292 6648 9683 878 583 8291 7534 233 3756 7846 8487 7645 785 8563 4756 1271 2201 4102 2207 9762 3859 763 2309 8753 6751 8592 2622 9000 2888 3552 4645 7590 1563 182 2269 7854 6160 9445 3940 4207 1783 2096 4056 1338 4889 9722 5757 1369
7256 4492 8825 5668 1426 4345 1457 2968 5977 7268 8483 5679 8191 2002 4715 395 5852 7010 6174 408 1622 9411 2388 0 3674 1227 9917 3955 8190 522 1586 583 5682 8578 6686 10000 2234 9900 2578 4813 7191 2456 681 7311 5079 5844 8545 8006 5501 4287 175 8368 6743 7631 8010 789 5800 2133 675 4984 5632 5233 1915 1317 8534 7725 9939 6253 9696 6371 8638 9966 5190 7095 555 4960 4617 3647 2737 8952 9814 9667 102 9846 8970 1955 4133 5952 6574 8506 6920 4617 4631 3498 9224 3582 7866 9705 5015 1315 4188 4314 1379 3852 2840 6464 4096 8230 286 8128 9250 5013 2114 6109 7355 6716 8347 2932 8588 4310 8324 9078 5014 7353 3615 783 6264 142 1170 1820 4333 8296 986 794 9219 5153 5816 5743 6145 3618 5092 6309 4966 1102 5933 2158 8835 9298 7472 6227 7979 579 4329 290 8888 4590 7791 8917 282 681 8321 644 6704 8704 3180 8994 9091 1423 2002 4977 570 9771 3225 3787 8555 2388 2275 1900 8371 4518 5012 7428 5377 7262 2792 7443 849 3424 8312 9825 4316 1820 1695 1681 8777 4326 9994 1255 2911 268 6717 2426 1709 7890 553 478 507 2829 4824 8158 3531 9533 1115 4501 5601 6403 9038 596 311 228 2420 407 1875 6243 9878 8014 3951 3779 356 6403 8233 9837 296 968 3669 6274 3582 6967 6882 8461 9656 248 9892 7964 4172 8881 2503 8186 5550 4385 1339 5758 6269 6578 195 2317 2700 7593 422 9581 8871 7847 574 2701 9926 5268 5889 3075 6164 7712 8142 4787 2716 4074 4035 3580 9769 6694 8735 2864 6113 9560 1692 3954 932 167 8049 1108 8251 6947 9063 8823 324 8248 8741 3801 6610 6912 9644 3915
2393 6992 7191 5089 1675 3485 1365 7499 1247 5741 3147 7696 8800 664 7849 6258 2036 7929 9310 9972 4387 8853 2113 3674 0 7692 2598 4144 7194 2373 8522 1071 939 1969 3025 2419 8366 4876 1432 6771 3365 520 1613 841 481 4478 4686 7754 989 1028 8459 1994 3160 4559 3539 776 4745 6378 2818 3466 30 8467 3383 9369 8258 5261 4580 1222 1161 1843 1261 9378 4785 9312 9767 5233 3969 9623 6528 9305 8389 2247 5397 7455 6993 6734 5443 2473 1794 5078 4695 6442 3970 7963 189 3279 7645 5132 6483 9884 4006 44 5916 7484 877 3596 6839 5024 2688 3940 227 676 2814 2907 8996 9596 61 6811 8500 4790 7030 1588 4677 1248 2801 6288 6949 1331 817 4942 5322 3749 5202 1295 8762 7414 6293 2851 3683 3689 8987 704 4906 6119 452 830 7902 5147 1410 6250 4108 7874 9576 1559 3555 9660 5005 7289 2686 4790 619 7008 7070 2487 5994 3736 5376 5428 9568 7112 8223 9521 9735 6518 7843 5847 5912 1672 4667 7217 9752 8132 8989 9618 8791 1005 7719 612 2920 3799 6501 3020 1207 5174 4907 6566 4196 2786 5694 7918 4758 9205 1512 1429 3136 5657 5172 4650 3429 3227 6072 1658 2683 4582 1005 943 7054 4648 4949 9795 2366 4176 7333 5163 2456 1076 3861 7722 69 7297 461 5065 7273 3505 8221 2696 4809 1840 8216 6728 2629 8204 825 3360 910 2507 3082 4547 5583 8937 1989 1202 287 5221 9036 331 8537 5516 6743 1236 1483 4489 1130 3277 9564 4904 9979 336 9052 9075 6067 2510 7855 7785 5858 5506 2408 3386 1485 758 94 99 6249 9042 6771 5237 9083 9701 7267 6009 8541 7474 9727 2935 4919 3986 6966 5394 4477 2640
93 8594 4707 5199 7501 1727 7500 2608 3972 167 5434 1511 2253 6238 9882 3639 1019 5246 5980 9434 6777 6617 6801 1227 7692 0 5502 1613 7316 6360 4440 6714 7693 134 9753 2685 6869 2321 7842 418 9595 973 1524 7316 1672 3177 9732 3797 1695 4302 9151 1782 488 1422 3093 2044 5929 1640 4083 3979 4072 4045 7608 7539 3622 6828 2308 8704 843 6083 947 9899 8899 4233 2277 2772 8286 6950 9049 3448 8293 9959 7465 2922 5203 8766 9681 8295 5618 7125 8017 1684 4436 2851 3460 7868 1112 3231 4727 3549 1495 7555 2135 2957 9081 2350 9795 5350 2600 6540 8469 6393 2945 8521 6390 4602 7938 345 8316 77 5301 1887 2307 3243 7165 6262 2789 1269 3509 264 8561 9311 5136 351 9586 1098 6909 4353 6897 2746 9733 5704 590 1954 3859 5695 1490 6153 8240 3817 6144 6044 6948 6407 8811 939 8737 7459 4807 8304 2548 8169 435 6253 6617 1157 3057 1356 1397 3599 6010 2669 7868 8283 4393 8357 5124 3763 6508 8 1369 4282 5175 8874 4702 8813 2168 3930 8777 327 6008 6399 6040 680 4304 4734 3748 3317 7908 8171 592 2663 5642 2993 1234 2728 5566 8117 6471 459 3467 9955 9048 5570 7815 6093 3313 5879 2207 8598 4410 9009 2034 5157 3598 4322 6090 358 3476 8390 3816 6261 7436 6193 8872 2417 4820 1391 2606 6993 7224 8010 9802 4658 4108 8565 9360 2719 2928 5967 1542 7009 1369 4882 6314 2969 5357 9254 8000 800 5523 1836 8126 126 126 4836 9444 7455 7885 5234 724 9379 989 2817 5598 8799 9129 1185 7544 346 8241 445 4042 1742 5513 5368 8896 2888 5608 1222 3203 3585 4594 6481 6995 6322 7538 7265 9823 6642
7954 2960 4495 7552 8085 9045 1614 4962 1315 2113 297 2446 741 9223 6391 892 4230 9719 8304 1527 2875 1948 8 9917 2598 5502 0 2094 2567 6544 3172 8717 1765 1296 1603 7373 5118 7656 1298 437 1871 1340 6503 8804 8410 4871 8110 2474 9821 4101 9557 6368 3150 950 8893 3387 3612 1402 6634 8591 4731 6940 3956 5298 3957 7232 9101 3701 9671 2374 3964 1216 2897 4216 6108 1555 658 3216 4535 815 2937 1198 2506 8469 2028 9033 4173 5028 1507 2485 5589 8151 1839 1987 9757 3439 159 8194 4855 926 4921 6858 8945 7095 4315 7281 9797 3435 3213 2526 4725 6813 28 5817 9229 3016 7589 7391 5261 6740 7072 7946 8881 5735 7539 2746 1765 2441 3729 5010 9896 3495 1373 4211 1469 792 5965 1897 6129 1278 5201 8800 4767 6784 1817 5594 318 362 333 9885 1595 9132 85 8101 7546 528 8504 822 100 6062 3880 838 9475 4571 2452 6231 8575 4945 9723 1258 8567 5127 970 8589 7494 3448 5935 8975 5732 4111 6741 1479 561 1778 7511 5968 8392 7555 3541 4924 9618 6416 747 3575 7350 2642 7769 2933 5069 1198 8050 7590 6375 6139 2797 9003 9423 4394 902 2587 9380 3650 2335 7643 7050 9012 2086 2235 3998 1256 4569 1405 8018 8845 4748 2213 1732 4033 9567 2350 9719 2291 7236 3785 1816 1556 5977 570 8345 6465 3062 2321 7863 7870 2580 2187 4025 5264 7374 958 8786 4634 1151 7739 3770 4431 3814 3098 8433 6375 6836 1705 3664 5058 7942 3422 3945 8193 3722 5774 1074 1842 4007 1918 723 8965 6989 2397 2722 8329 2624 7848 4982 1206 4374 2309 9488 9490 7776 5178 1868 1842 4086 2165 7638 7637 9437 5744 6504 7441
