150
0 2507 67 3068 9355 2381 8593 3615 9400 4148 582 7670 9888 9550 9733 2075 5131 9724 7925 7217 8933 4199 6123 135 4711 3770 4967 8450 7268 7993 3388 6842 9971 7521 2025 3370 9433 2064 4039 8340 1158 596 6648 9227 5214 620 5923 3253 5971 1479 1345 4594 9695 7539 3477 7000 5715 4329 5362 5200 1126 3783 3062 9481 2511 7748 1929 6642 4309 8993 1286 7427 2833 2388 2960 7323 1128 3574 3572 1812 6218 4040 8551 4920 3844 4099 3865 1861 741 1502 6149 9685 162 163 74 7893 2681 283 2985 1923 7943 6946 7858 9285 4464 6646 6951 2973 1226 1547 4835 1948 4176 1811 1180 7773 2488 1205 6307 3248 4939 7222 7454 5145 1237 4826 4142 8322 921 7348 237 6754 1712 4463 6467 5639 618 703 1307 945 3928 9545 20 1419 4614 314 8101 1382 1760 1386
2507 0 9625 3942 6644 290 3116 6379 2347 3231 5678 4556 454 981 5231 5507 6156 6745 4840 6436 1720 4411 7167 137 5820 403 7074 9436 6846 2475 8347 1983 7907 3612 8356 2571 5893 6960 5123 609 7060 2321 8245 8754 785 8646 5503 3546 6806 3432 834 7965 7617 5089 8620 826 948 6041 8814 7632 6200 2071 4397 8568 7993 1939 9156 315 7302 1986 1536 1636 2656 4939 1376 8522 3644 9825 8646 4628 159 4893 8928 4662 3054 5710 7027 2764 2772 2877 6946 6606 6777 8725 5291 7610 2634 9888 5564 1797 3422 2622 5049 7481 1624 4623 8499 8474 5159 3270 2215 2567 7900 6333 700 8552 2117 9060 5489 6983 2984 8774 9938 3483 4533 2723 5971 6102 4012 4506 975 4702 2690 1571 5817 1151 5288 1288 492 7360 542 554 8026 4296 9023 4262 4769 377 9540 7445
67 9625 0 7483 968 3235 6417 2929 2461 8146 4262 5311 1771 4237 1902 6400 1967 5327 9282 8570 7976 1193 4359 6235 7329 2876 9533 3494 3541 5375 8974 8378 2742 7889 2132 1521 4372 3644 5275 7329 6433 8875 7545 3557 7935 924 5122 4894 6581 6017 5263 9405 6906 9453 7233 7156 7120 1394 7844 9449 1007 5762 231 5181 3359 3746 9199 5131 1154 1521 9814 4394 5413 2318 1910 5083 7586 2479 3063 6173 1877 5821 1440 646 9983 5294 8200 4871 729 2999 5983 6186 9848 9087 3663 3532 7507 5561 7013 3244 2507 6787 7268 1887 8567 2886 4073 5960 4505 2496 605 2308 5205 4022 7437 1607 7003 4353 3450 8615 5993 5483 4354 9575 9834 8066 5617 4161 9791 9507 3018 9128 2431 6710 6874 3789 3370 4488 5353 4451 2332 4508 1915 2102 5036 3589 5403 2489 1511 1625
3068 3942 7483 0 2469 5407 4785 3768 5542 6919 4410 8369 8827 5224 6849 5729 2580 2441 6508 7184 998 7574 774 4573 2371 855 1248 3118 8450 514 5379 8832 3651 4441 4974 1915 5351 2211 6176 4400 8937 4090 1822 9972 2541 5513 8024 6438 4606 2238 6197 6092 4708 3401 479 6631 9473 5259 8114 7501 4900 25 7636 8906 1694 6568 1105 3061 6934 2786 3829 8734 5620 6610 7415 9586 4063 229 6655 8733 8916 9970 442 1949 5509 5675 1716 5911 6618 9799 5905 696 6924 2027 2719 9921 3126 2625 241 3649 9768 7740 178 8862 5491 3613 2533 3463 3565 715 7481 2667 4407 7930 953 9392 7412 2581 4551 9630 8862 3794 8139 6718 7487 8647 5059 6405 9431 8091 7265 3851 3843 9182 7909 6375 1864 3795 6718 1267 6239 8665 2356 3517 9801 1258 4650 3022 8115 808
9355 6644 968 2469 0 9317 8002 1737 3802 360 5912 827 4892 2466 9633 231 5154 5171 5146 2938 2275 9752 5145 3083 4820 9061 74 6626 101 2893 2702 9763 7993 2648 4750 5072 4977 3653 3135 4463 5219 1522 9842 7991 2463 8577 6159 3758 8539 6487 2695 465 460 6228 8761 9499 7375 6379 1609 6349 1162 6814 4393 5440 1354 8244 5826 1848 5900 3749 9255 7110 9584 8969 7036 7918 8158 3155 9594 7004 8857 6248 1426 205 6655 8068 3000 9289 1808 1994 8362 1779 292 4278 534 8922 4984 4636 1929 9118 6930 3612 3869 4583 6297 1507 462 76 9997 2694 1802 5106 3567 8221 238 9913 746 6754 3291 7026 5787 5322 4059 8171 6291 5731 6299 7737 838 9964 6780 1206 8719 3440 866 9358 5218 5417 5409 6643 6521 4335 1792 1555 3331 926 8161 2239 615 9505
2381 290 3235 5407 9317 0 1407 6370 961 3781 2267 1754 8934 5704 3864 8157 881 3181 6330 5795 4891 7601 4622 5433 703 4240 857 7302 1928 5552 2082 8633 4607 6530 300 1422 8602 2384 9336 9049 8316 2032 4831 5523 2329 4910 9808 7029 3557 6285 3135 5865 2171 1138 5961 7709 9565 7249 626 3095 1114 4338 254 6146 5343 4118 5393 6452 4195 2418 2221 2847 2076 1801 1860 826 8486 7797 5266 5819 1350 6688 924 7424 7798 7458 694 9408 2825 8189 714 9602 1591 4440 1330 720 9227 411 4770 3198 1038 9494 3105 4508 4289 2046 8292 1359 5624 4609 377 9530 8768 9047 6333 9415 9736 5075 4874 7380 4321 7954 1629 5366 707 3919 8523 9135 3270 8490 7877 5795 1752 9087 3641 6074 6725 6308 8330 8844 1044 9360 8378 2797 6 3954 1950 2358 869 9231
8593 3116 6417 4785 8002 1407 0 4298 2536 7043 9243 501 9158 5617 6464 6321 6722 1270 427 537 8253 3578 8789 6484 1616 7452 6062 458 4672 6120 840 6950 9176 494 8514 9569 708 7364 8543 7143 2391 2350 7420 8132 5715 2813 5477 9082 2882 3954 4347 3731 710 1969 304 4295 1199 6678 8168 177 7407 846 4201 9134 6249 1370 4303 2294 2483 817 3284 6822 5891 4094 8413 7425 1281 6677 395 4803 7669 113 8053 2370 2521 8800 6112 7287 6083 2330 3565 6097 5124 8870 7271 22 7179 3571 5373 8189 7929 5850 1828 6312 4822 7037 2736 2383 346 3051 559 3695 1276 2917 4456 2906 4394 2814 2349 2529 5573 6185 9895 1932 5057 5485 8490 7461 7894 1747 10000 7604 9556 1820 2968 485 6641 8361 205 3068 9733 87 4570 7316 3006 5394 7013 9198 2946 606
3615 6379 2929 3768 1737 6370 4298 0 6253 4375 321 6749 4712 3185 9930 7596 1066 1603 6427 1087 9459 6844 8765 791 5665 8621 928 7129 4318 7670 2686 300 9600 815 8700 5927 790 7643 953 9021 6872 2095 8673 7336 3106 8940 3158 2469 4240 4189 1651 1330 8394 8487 1862 5992 6315 2773 4631 5445 1797 5776 9495 3243 2877 3448 9010 414 562 3679 2392 197 3255 766 7669 5919 8079 7183 5557 2061 3816 4948 2881 8746 2950 884 6913 4156 9559 9351 5868 4459 5516 6835 6827 5954 9146 7757 6014 4271 6772 9606 5101 3181 878 3602 3885 5309 7872 2552 772 2044 6674 7862 1878 4083 9387 5626 2136 4264 9705 9030 3923 8620 9435 3928 4563 3557 6247 8858 548 2567 9736 7489 7431 147 5211 817 5618 539 8797 4529 6476 6553 76 5804 2866 6219 716 7746
9400 2347 2461 5542 3802 961 2536 6253 0 3632 6919 252 1503 9467 7383 8164 4546 4423 6230 4987 7680 4533 1031 3806 7346 932 8185 5457 1355 5913 3939 3237 1115 5334 3354 4155 7041 2888 6846 8212 9505 3598 9694 5693 6936 4042 3500 2011 7688 4749 3881 3685 8636 9031 6015 4857 440 924 9841 178 4702 7870 5880 1877 8204 4156 3819 8978 5045 5485 6096 3086 3672 6013 3656 9863 4027 9335 673 6930 7170 8105 5958 8781 5725 6187 8625 5952 544 2514 8696 4391 452 6581 1426 3708 3294 7731 6837 4757 5063 1250 2273 3899 8868 5768 3469 477 8827 3829 6954 8295 632 4575 2182 5051 763 1976 12 3515 6894 6484 824 6683 8519 2782 2278 2478 8814 4542 847 2526 1665 1622 6173 4867 2629 8450 837 7860 6787 4591 9722 78 7074 1952 7872 7880 2791 4467
4148 3231 8146 6919 360 3781 7043 4375 3632 0 8026 9887 8959 8879 5767 6214 4265 2395 9962 5742 361 4599 1477 4941 6467 4597 6149 2223 4365 6176 2371 1897 7188 5199 7988 71 2855 8530 3938 1931 4898 2037 5897 7777 9856 1062 3547 3423 5071 2881 4175 7396 7653 3214 4849 6421 6066 2868 9746 4393 4988 9863 1128 1799 7923 4198 5654 3393 5074 859 4079 1231 6250 4190 918 7304 7702 6757 3598 4053 9126 4413 654 6338 9689 9456 528 7496 7636 9209 8576 7340 6573 9994 1982 8146 1738 9215 2431 1139 2479 5504 1930 4051 8843 1631 4024 7882 7038 4940 3411 4509 3613 7387 4518 6259 8398 5840 5314 4233 5039 4701 633 3856 3860 3694 8930 4738 1664 5007 6078 2833 7457 7726 7897 3100 8184 2112 109 4184 9561 351 7640 6382 5374 3471 8903 1744 5160 7307
582 5678 4262 4410 5912 2267 9243 321 6919 8026 0 119 5854 9570 394 5130 3999 3716 1973 761 447 7280 5383 9195 5512 4741 5258 6748 1694 5018 8519 9609 6215 8045 3640 5161 4621 3898 3909 7049 7101 4012 5329 3900 3846 1442 9475 8619 735 6244 9539 529 5531 1538 3564 3055 9220 1257 1309 7697 846 5882 6386 1215 3662 3122 479 2591 2956 3739 2790 6091 4391 9191 4789 333 8903 4897 4805 8170 3098 2277 6123 9706 7687 6724 4012 5920 4975 5276 8 7733 2605 4487 8568 6998 3671 2860 6149 3634 9319 4852 7897 2233 7269 3036 3508 8906 9705 2275 1057 712 9505 7000 8595 1594 4427 2876 7079 3910 4580 8272 9599 9455 8979 812 2993 4132 8663 5823 6498 272 8416 6318 3156 2791 6505 1725 3625 5277 3197 2761 1903 3255 648 2313 9333 2683 5460 2719
7670 4556 5311 8369 827 1754 501 6749 252 9887 119 0 398 7174 7149 8365 2227 6777 658 9483 2201 1415 611 2039 2960 4226 1980 5390 9229 4929 7248 3099 4749 9348 2369 5615 3966 6806 4486 1174 5395 8973 8337 1512 4157 6572 9333 7976 3841 8719 3493 9400 5022 367 9028 2216 8123 1165 1150 6647 3078 864 1633 3472 4951 4279 8119 5563 1297 5954 6346 3615 6031 1579 4723 2675 9881 9040 1441 3503 3020 555 8360 5083 8845 9759 3163 1598 5231 936 7171 3254 5674 4776 205 848 3144 7508 8708 9318 884 9517 5115 7581 2507 3436 5513 4326 9798 3123 2261 9842 5080 7002 3719 2315 1321 7823 731 7430 1102 1580 2954 2624 1161 4648 1658 6902 5715 4076 8357 4247 3942 5679 8821 1219 5332 309 8797 1880 962 9664 5116 9508 1703 1023 5471 9010 5879 8215
9888 454 1771 8827 4892 8934 9158 4712 1503 8959 5854 398 0 6217 9983 7814 1146 6367 1012 1475 9858 7677 5380 2026 8084 8460 5873 4532 1129 269 1283 814 1733 3679 1795 6249 3827 4968 3594 9158 3768 9697 6848 9810 4301 6641 9889 8247 4507 898 8359 685 7601 2184 2121 1830 7762 8920 629 8436 7810 1751 7177 309 9728 4290 4242 3821 8767 7225 8798 1388 8477 8546 2920 1913 1164 3765 9481 3632 6342 9886 8646 7577 736 1653 7317 9300 4647 4338 2736 3779 3236 2618 2459 1580 4892 4382 336 7742 4830 9792 5870 2441 2194 6635 4894 4607 916 3031 2230 6277 8489 9798 5222 5006 8706 3654 4170 3111 2548 7852 4514 4474 6024 6872 2857 3308 2308 4054 6434 7435 4951 2903 5345 6280 7135 9943 9016 3721 9981 6409 4672 6022 3709 5530 3625 2575 3607 6299
9550 981 4237 5224 2466 5704 5617 3185 9467 8879 9570 7174 6217 0 1780 5442 2505 5043 3570 6901 3029 3485 1264 3797 283 5458 2084 240 9635 9572 4924 5834 6390 6213 8326 1363 630 5642 9675 2355 202 1530 9113 2469 1284 6644 3878 6926 9073 1642 9849 3640 7307 704 7799 1803 2942 3991 1433 910 743 8977 1299 4562 6315 9079 1287 4360 9628 483 9748 2549 6179 7533 9426 7661 5611 3856 6848 503 2770 9727 42 9767 1511 2462 8013 4324 167 8721 2588 9009 2753 8089 1717 3028 5315 1605 280 254 8394 75 4814 7496 8562 2465 7395 9955 2828 2334 4994 2209 9682 7862 8880 1347 9638 576 9270 7127 2157 5303 6562 3124 5051 7913 5835 3153 7617 7950 7283 6524 4051 6653 8246 3650 205 4581 7694 2492 3190 561 3073 6472 8766 5049 9257 6081 2314 9068
9733 5231 1902 6849 9633 3864 6464 9930 7383 5767 394 7149 9983 1780 0 5479 1517 498 4110 5437 8164 554 8207 2696 7049 8954 729 7675 5722 2081 1428 8913 537 2307 2095 1732 5350 936 1842 5184 294 5334 5404 1649 7544 2686 3241 2117 558 9747 9300 3455 8290 3156 8375 5734 2665 2290 1673 1150 6664 9831 9476 2171 4017 9443 8323 4917 2697 7180 7144 1895 385 2555 1172 4419 2435 8639 3180 6792 4306 6747 1432 1346 5991 5778 8523 772 1108 6164 8985 8609 911 4922 9437 7183 5790 2938 6943 624 2980 5294 2896 2315 9484 2155 6962 1314 7574 2357 8822 3270 759 3319 4861 8199 6396 2258 5326 2005 2549 4631 6462 830 2982 4010 9752 2305 6047 7889 3545 4423 4862 7182 1213 6683 9379 7772 549 4191 2035 113 9590 8615 2041 3062 7583 705 3067 2613
2075 5507 6400 5729 231 8157 6321 7596 8164 6214 5130 8365 7814 5442 5479 0 5650 4110 8648 4409 1806 5941 3205 9807 7745 8295 5809 5507 5872 6642 179 6897 4032 2327 1620 1765 6423 2888 9554 9829 3564 6147 4589 4391 7941 4246 5559 1930 2945 860 2661 6146 6277 7113 8777 7820 7849 1975 9311 9964 9256 5592 4313 403 3517 594 9822 7365 5944 5475 6266 7109 4701 3446 3493 176 2138 2850 9776 4841 7460 3197 9673 7914 3639 1856 6908 262 9676 5779 2510 4797 1865 6523 8822 6210 6597 1466 8435 2570 6858 104 9214 2060 243 146 8166 9350 1683 8193 1705 7402 5836 4176 2840 1066 5064 3364 8508 6713 7276 3429 9296 1138 4786 344 3543 8564 7893 3237 8542 4006 5811 6056 7129 3012 6669 7763 9289 3798 9310 8404 9576 5457 4990 9914 9935 3880 8366 2095
5131 6156 1967 2580 5154 881 6722 1066 4546 4265 3999 2227 1146 2505 1517 5650 0 2496 5309 3526 3842 6206 3820 9418 4348 5658 2685 7283 8762 8023 8161 3425 848 7601 668 3789 9906 3863 9471 619 151 2398 5894 1789 1331 1557 168 3862 2964 1607 1480 9226 9419 4320 245 5021 1487 8896 6965 3607 5353 3279 7910 7588 1617 7931 4160 1764 7113 1520 1808 7192 5145 5008 7718 572 6882 6066 2645 3137 7981 4353 3142 5272 4531 1255 1959 1848 7987 1030 8794 4035 5857 9460 1639 5317 7321 6646 4107 2349 1604 5762 5282 9052 8992 313 6363 34 7981 3123 538 6066 5096 4706 2799 7155 30 7073 5820 1373 1903 8744 5051 8204 1023 6046 6954 3027 1895 6022 660 3824 4771 884 8834 9315 1731 8392 2238 1619 2173 3214 1472 3499 5944 3577 176 5829 3164 4465
9724 6745 5327 2441 5171 3181 1270 1603 4423 2395 3716 6777 6367 5043 498 4110 2496 0 1467 4001 4638 7611 3956 3516 3631 7368 3502 3873 581 4187 3243 8228 1575 1718 9132 2965 8471 2222 4596 4406 21 6425 5269 3939 7167 4684 4539 1180 687 6296 4042 8281 1034 2975 4553 7981 238 700 5211 506 4639 7744 9611 247 7824 2092 815 393 6177 4360 9785 5271 5436 9718 6742 3020 8929 784 6152 5706 3318 4898 9064 3065 1553 7829 8931 3970 3120 1824 651 4193 2873 3292 4174 8409 7839 5864 1224 5072 2796 9826 4166 1015 6822 3046 1792 1143 3746 3406 2731 6320 1175 3028 5772 6255 4307 1053 9917 5533 3497 5735 5899 7509 578 512 2430 3022 9562 9593 187 5728 4285 2301 5166 154 4367 3499 3056 1431 6379 1685 7652 4413 6860 8970 110 6251 4547 1811
7925 4840 9282 6508 5146 6330 427 6427 6230 9962 1973 658 1012 3570 4110 8648 5309 1467 0 5713 8645 155 6058 1566 1851 6450 688 6415 7878 2002 6336 7516 1382 6515 4343 9173 1791 230 1027 7719 75 3881 6928 5260 9701 2164 819 4265 7444 7549 9145 4536 4884 2678 4941 902 1313 3546 7700 7970 2322 3815 1272 1625 2635 3748 2974 1620 7101 1790 7265 2070 2276 9999 3018 3133 7488 8235 5897 621 9019 7203 2433 8000 9325 5292 6732 9035 2239 5502 8930 4290 1994 5496 907 6270 2862 9160 6974 9651 334 2245 1118 8301 2814 9953 3577 5972 979 8001 1503 5993 7492 947 7568 2379 5741 7441 2668 8762 4942 5441 7291 6389 5929 4562 2212 1543 9719 2979 345 7320 3754 6087 6661 1530 3224 1300 9671 3570 7676 7920 1866 4582 3397 4244 1091 9222 3694 8653
7217 6436 8570 7184 2938 5795 537 1087 4987 5742 761 9483 1475 6901 5437 4409 3526 4001 5713 0 1091 5195 2959 1638 8038 7045 1923 6645 3486 7600 7676 3124 3290 9255 5385 661 6514 7024 6233 783 3090 9900 3351 6518 7333 7504 7529 2823 4501 9833 7375 1134 6492 4726 7093 4571 8323 9050 2302 8783 2973 9920 4049 6751 8599 2742 8994 5771 6793 7569 2888 8858 1996 3157 3325 6213 4450 3754 9781 6384 4859 8709 8567 610 6875 18 5688 484 406 9442 3309 4286 1152 3669 6557 8544 2108 6907 3125 4946 4828 8766 7050 1862 2313 586 5364 390 9967 435 1324 1786 2607 1312 3000 1174 2697 4547 2599 3909 6900 1624 1963 5855 1441 6781 8350 5212 4274 4051 3526 7404 164 5134 9570 7212 7197 6660 4450 2038 2746 5673 8276 9274 8211 4800 3728 5437 4874 5195
8933 1720 7976 998 2275 4891 8253 9459 7680 361 447 2201 9858 3029 8164 1806 3842 4638 8645 1091 0 3394 8008 2684 1160 9599 7180 563 6769 7556 1029 9919 6989 2928 674 4302 6805 5599 5636 3114 2280 1426 4871 44 3414 9422 9362 4185 8693 8085 6996 8131 2079 5889 2164 4852 682 6294 2329 3911 1012 1424 3721 8364 714 1705 9980 3118 3076 205 2621 998 3452 1427 8185 6481 3085 271 8466 6790 7930 2682 4436 3059 7514 5485 2774 1448 8700 174 1320 3819 3770 617 7849 5716 2725 3564 6161 667 2433 9508 3750 6702 3619 5977 9723 8996 7090 1335 1354 5762 6126 1908 2233 5585 2630 8529 8377 1837 6076 3694 5130 6810 2721 4917 388 2804 3382 3527 5131 3433 8924 1897 5359 9412 837 3058 8094 3659 8113 2466 856 7724 7541 4794 3642 3659 4774 1652
4199 4411 1193 7574 9752 7601 3578 6844 4533 4599 7280 1415 7677 3485 554 5941 6206 7611 155 5195 3394 0 6303 4587 1153 3918 2465 6375 1700 8746 359 6462 7318 1338 7739 813 3361 2618 1737 9752 1964 8206 443 7710 7253 3517 2649 9821 8230 7270 3127 3040 4768 5840 2273 743 8579 4364 9530 9803 5917 9183 6262 331 5608 3799 3678 8160 304 3747 1661 5149 1141 5134 2930 7092 9647 9802 6470 606 5680 7283 6443 5027 2582 1463 3437 3833 5721 2040 8432 8811 491 4887 4505 3376 3335 2992 4922 3502 7005 707 6026 6547 8360 2870 4674 294 632 2545 9925 2690 3936 7141 7502 9352 9043 9263 1148 1009 9253 3543 4228 9612 2364 7695 5082 9774 4739 2081 3321 5466 5344 2736 7938 5282 9794 4706 8488 8610 4308 9988 5548 465 6909 2093 2569 8558 1731 1039
6123 7167 4359 774 5145 4622 8789 8765 1031 1477 5383 611 5380 1264 8207 3205 3820 3956 6058 2959 8008 6303 0 1751 4760 8359 7229 4266 9855 8463 653 1714 947 3338 8430 1203 5808 3164 9351 6727 770 354 3739 4429 375 7921 7822 3885 7919 4334 7703 754 5204 1035 7590 3197 7336 5021 7258 6027 2467 1160 9195 1193 624 7147 9466 7197 2290 3513 8286 6493 1187 6190 3211 1587 984 874 3239 6591 7096 2084 6788 3437 4265 6365 4353 1147 9589 5962 4057 4890 3460 23 9303 4019 3066 1403 1049 3591 8686 2129 484 1995 900 4463 5012 8620 3622 5120 8618 2198 1009 4007 8154 7549 2120 7776 4560 6790 9613 9887 8109 564 9021 8030 4431 1713 7023 4800 5928 6947 5949 1034 7039 7990 9891 3735 9303 6562 4542 4175 1980 1258 9848 1747 2022 8669 262 1303
135 137 6235 4573 3083 5433 6484 791 3806 4941 9195 2039 2026 3797 2696 9807 9418 3516 1566 1638 2684 4587 1751 0 8625 9783 5103 2695 5136 4430 5104 5277 6779 6971 1134 7454 2668 1851 2087 4690 9849 6139 3120 966 3586 5736 2111 7354 2212 4930 3648 9802 1454 9832 6109 1131 1031 3555 4989 3356 79 8285 1913 8269 7213 7495 7492 6216 3403 6342 4420 4250 1451 1122 5497 1771 1884 9947 5585 3253 2649 2043 8953 537 7282 2985 5568 3656 6970 2665 1459 4205 3787 4045 7764 8368 1865 7074 1219 6846 5471 9610 4452 358 8241 2469 5333 3832 2450 5271 9660 7929 7934 7410 9306 2281 3126 1240 160 7149 3428 7455 9403 3498 169 2861 2996 5025 1093 4545 4618 9537 4934 4440 8646 8464 3932 1332 6371 5371 2145 7556 345 7154 7172 6911 5301 8359 1247 4777
4711 5820 7329 2371 4820 703 1616 5665 7346 6467 5512 2960 8084 283 7049 7745 4348 3631 1851 8038 1160 1153 4760 8625 0 4377 2474 3465 781 7477 2613 5919 2004 4908 4227 4707 6665 7565 8715 1120 2407 2830 4805 2330 5474 8200 579 6286 7474 8729 8787 1271 2399 3091 6637 6384 8657 8193 8869 8933 6525 8594 9483 4776 5018 1199 8785 2042 5921 7265 2054 1716 9049 9468 3556 2998 6615 483 1421 7967 3473 7055 5534 2061 1738 4515 1197 6292 5194 6337 5329 6033 2848 9476 360 8369 2231 6138 4854 2498 3682 5315 9181 7719 4176 4233 8236 157 5226 9382 538 2368 2447 1429 5538 1270 1915 1804 9095 6751 8404 3521 6474 8364 7407 1637 8497 5943 1704 3095 9703 8417 8947 6162 9758 4420 6025 5034 7063 8526 4519 8370 3616 1284 1325 166 8433 5374 4946 4128
3770 403 2876 855 9061 4240 7452 8621 932 4597 4741 4226 8460 5458 8954 8295 5658 7368 6450 7045 9599 3918 8359 9783 4377 0 2808 6423 4794 1427 5092 89 3555 6631 7885 509 5639 4911 7071 7707 6254 8184 6623 1662 6212 7383 5536 1956 1814 6634 7893 3236 8566 8600 871 7998 6191 1745 7731 6283 868 8221 4025 7487 7683 5446 6805 6144 1179 8695 4183 7022 3670 2911 8219 8782 1069 6022 5649 7323 1602 4672 3363 3752 1387 6927 3620 4921 2075 205 7227 4486 5261 1179 3288 7528 3729 3046 5015 3834 4322 6839 6556 7051 5268 4170 1165 2771 4940 8956 5758 1514 3765 9727 9479 7671 1356 9339 315 240 8327 1598 2451 2395 3360 3732 2035 2445 3243 1999 3755 3544 103 2324 2493 8164 4806 9190 8131 9173 9305 4488 9748 5561 2655 445 7342 9210 2687 4144
4967 7074 9533 1248 74 857 6062 928 8185 6149 5258 1980 5873 2084 729 5809 2685 3502 688 1923 7180 2465 7229 5103 2474 2808 0 8471 9922 775 2416 6120 5039 2017 3514 8367 3023 371 7618 6942 1553 8643 5698 9369 4066 7260 8895 8208 6053 9309 4959 9647 80 3101 1411 2835 8012 5511 8769 6712 3433 5057 1504 1821 6659 1940 9988 4326 3477 3605 7064 544 7222 3779 5124 1550 3561 2196 9408 9505 5172 59 354 3448 3561 7452 9925 7029 1595 4951 209 6390 7646 7249 4275 4182 804 5769 8565 8081 8742 6430 4718 5449 3660 4763 7154 1052 7067 6753 1431 6641 713 3064 396 5443 8309 5916 1833 6948 6550 8696 2268 830 7836 1000 3266 2241 5285 2982 6008 8582 8894 2074 6905 2132 7420 9047 3758 2181 2198 4361 8985 6078 9706 2888 2654 24 7968 8109
8450 9436 3494 3118 6626 7302 458 7129 5457 2223 6748 5390 4532 240 7675 5507 7283 3873 6415 6645 563 6375 4266 2695 3465 6423 8471 0 159 183 8373 8736 2177 8930 6673 5727 6714 4108 1286 6912 3300 2804 9705 4548 1566 3362 1576 3486 5575 5503 5075 793 6213 3 5314 8154 4583 5775 9432 8262 1892 1257 3921 3623 8470 1048 8934 5959 6240 2187 9837 1553 3144 659 9774 7921 8855 1268 9257 3677 7043 114 125 2438 8054 5952 3550 8849 2067 6238 6400 8385 6436 1207 1084 2489 3974 174 1904 5684 7854 4645 7444 9791 4615 4520 7380 8931 6284 2395 6113 9106 4079 8905 4201 9424 7455 1717 5693 7573 8441 9168 1356 7844 5299 3113 8832 6506 3652 5303 3154 3076 6617 9024 6218 8831 3488 1702 8153 4806 5694 9139 5607 6703 5619 5000 9881 6704 1667 1178
7268 6846 3541 8450 101 1928 4672 4318 1355 4365 1694 9229 1129 9635 5722 5872 8762 581 7878 3486 6769 1700 9855 5136 781 4794 9922 159 0 7308 2476 5211 3198 2837 8911 2932 2318 9433 5731 4678 7440 5451 8323 8784 855 791 6240 5652 9813 3622 7969 9112 94 6659 5654 7867 1257 3418 1014 3682 4935 7244 7422 9774 6803 8763 8488 9672 3456 3468 2967 10000 7155 3112 9953 2590 4506 1841 8532 423 7995 9032 6777 89 2216 4548 861 5762 6537 9698 2565 9265 8180 4727 3768 2167 4143 4412 3754 6565 6823 8295 5469 2795 1514 9991 489 1558 5703 4922 6249 4868 2145 999 213 4046 6363 7891 2847 9543 1196 7198 2517 3640 862 936 9179 3742 2253 8707 8549 5484 5021 9856 7545 4238 6606 5183 430 403 8230 4302 9558 9710 6273 6217 8833 1921 8348 6175
7993 2475 5375 514 2893 5552 6120 7670 5913 6176 5018 4929 269 9572 2081 6642 8023 4187 2002 7600 7556 8746 8463 4430 7477 1427 775 183 7308 0 9896 8970 5046 122 522 6567 4465 9316 9395 3425 5534 1581 9677 9527 2605 4931 6658 4000 7861 5031 1201 1930 2709 3483 3126 7056 3283 8596 1638 5560 9879 1136 3356 3589 3076 1784 9609 7564 1972 5859 9012 3789 7571 6919 765 3829 4081 7563 9818 5303 3938 804 6951 3454 9342 4279 644 2125 4889 7942 2765 5328 7029 9239 1019 8908 714 8202 7419 1500 5105 797 941 7677 8115 2177 7939 9602 3345 4481 9525 6777 1684 2199 3717 9880 7637 4010 3065 2710 2096 347 4170 4167 3804 9368 8114 1445 1572 2645 292 1313 4102 681 2680 2441 2276 8998 5610 1241 9254 9513 8536 4583 1231 2199 1110 1404 3376 15
3388 8347 8974 5379 2702 2082 840 2686 3939 2371 8519 7248 1283 4924 1428 179 8161 3243 6336 7676 1029 359 653 5104 2613 5092 2416 8373 2476 9896 0 2283 7004 1339 5562 9595 7454 1485 5417 8008 8570 8599 6915 6897 9745 4279 1376 2268 1487 4607 7522 4365 9184 8369 5172 7046 1450 4955 9856 3549 8298 2832 4932 2534 2253 152 449 9467 4369 1544 968 324 1098 4671 1554 6362 3152 7550 7624 1104 8962 2072 3560 9551 8520 4745 9224 5682 6980 5943 9466 5200 2986 2988 9327 6081 9375 3175 1905 2517 195 125 1436 653 3907 7735 7734 4519 6313 3842 1016 3794 5560 2599 9709 2858 9565 2508 5039 8282 7464 7952 9498 9080 3862 6552 777 5117 7882 1121 1130 1666 8971 6408 3813 9198 7925 5667 8548 1345 7944 3148 8183 7213 5531 9499 9810 4766 8617 3597
6842 1983 8378 8832 9763 8633 6950 300 3237 1897 9609 3099 814 5834 8913 6897 3425 8228 7516 3124 9919 6462 1714 5277 5919 89 6120 8736 5211 8970 2283 0 6244 7815 8529 3495 67 9765 2602 9890 1517 3752 2906 4276 4695 9436 7358 1460 3638 5245 1591 839 1135 4400 9707 1211 5422 3756 5185 2057 898 5843 4573 3500 6807 4563 1319 7786 4953 9933 8954 7268 2621 8285 5554 4482 9643 2863 4964 2764 6196 6174 9005 6332 9493 1117 6456 7785 3941 1696 7599 5569 7297 2268 4436 3502 2458 3369 3001 8017 5673 2660 5441 9810 4690 8608 8962 3469 7090 9333 5766 5816 6318 8968 2172 9029 9445 8669 7721 1276 8105 1539 9569 8790 5356 4795 5239 6631 7074 809 9168 1732 7298 6341 434 8476 9016 8149 7175 1373 6084 4047 9469 730 1709 5796 1620 6661 6869 6945
9971 7907 2742 3651 7993 4607 9176 9600 1115 7188 6215 4749 1733 6390 537 4032 848 1575 1382 3290 6989 7318 947 6779 2004 3555 5039 2177 3198 5046 7004 6244 0 1283 863 5595 2285 4259 6025 5132 563 3465 4172 6919 6480 8146 2692 7155 4520 8031 530 1291 6425 8330 2105 4441 2461 8136 6984 6664 1780 4799 8350 4723 5933 3857 555 3227 1905 9141 9511 231 5445 548 7879 3713 206 9393 1792 2249 354 9570 7859 8816 3573 4386 6655 3617 7152 2107 3591 444 4068 5951 7047 7276 5231 5105 7232 2044 151 2152 3115 492 2974 6939 9158 4447 9528 7807 4166 3680 3546 5876 5341 5958 8449 8126 3564 2495 5104 5632 6658 1503 5594 4530 1836 7269 6627 5422 3748 2581 7267 5846 4921 9043 8194 8738 9470 1120 2309 904 264 6205 7361 2439 6811 3747 9876 5784
7521 3612 7889 4441 2648 6530 494 815 5334 5199 8045 9348 3679 6213 2307 2327 7601 1718 6515 9255 2928 1338 3338 6971 4908 6631 2017 8930 2837 122 1339 7815 1283 0 4267 3699 3908 5897 7743 1142 519 2326 7038 9659 2638 1425 5581 6062 5464 5110 9314 7893 7677 3657 5976 1258 3077 6143 5839 6858 7329 6670 35 8458 409 3570 8115 2950 1957 3066 4257 4861 7050 6485 3359 691 7527 5053 5897 9169 4271 1243 143 5702 8734 2089 2665 2613 3451 2416 9737 4309 887 1640 5020 5677 8520 6143 5631 1224 3558 8277 5588 4678 3887 8118 9192 5328 5550 27 1933 5185 1635 7928 1166 5173 605 4623 3553 6189 4205 1798 2504 6920 7059 7146 2455 6709 8026 8613 3311 8552 7200 1327 9260 8766 6056 5773 3333 2670 6070 6804 8056 2554 2685 1654 8253 1947 2544 9580
2025 8356 2132 4974 4750 300 8514 8700 3354 7988 3640 2369 1795 8326 2095 1620 668 9132 4343 5385 674 7739 8430 1134 4227 7885 3514 6673 8911 522 5562 8529 863 4267 0 5729 7326 3626 3933 4468 670 5131 8606 1173 3899 8835 1839 7151 7380 8694 4757 6686 2018 2606 4451 7385 1317 7356 9864 5354 7720 3189 6198 8028 9486 7388 4326 3813 3806 8133 5001 6003 9102 1784 518 6068 7442 8751 2496 7683 2632 7648 7745 5283 1008 9899 4201 5344 200 9958 4011 4297 3364 5277 818 412 5491 851 7762 1469 2027 8805 133 3939 6630 5301 8227 1595 6480 2668 3931 351 5595 1137 7275 3068 1990 7354 1704 14 2426 8737 8104 8076 9103 9819 1109 2761 2250 5751 306 4338 4811 926 1464 8111 7490 117 7798 9282 4915 278 14 7237 1192 8355 3370 9269 1379 2050
3370 2571 1521 1915 5072 1422 9569 5927 4155 71 5161 5615 6249 1363 1732 1765 3789 2965 9173 661 4302 813 1203 7454 4707 509 8367 5727 2932 6567 9595 3495 5595 3699 5729 0 6513 5129 4210 4252 1041 2360 2821 8067 5548 116 5410 6013 7942 4846 2740 7840 3287 6177 2681 7260 7078 1831 6202 8038 3911 4300 310 7350 2099 6251 2185 2534 6472 7499 1126 4253 4037 4846 3654 3879 7927 3845 5671 280 3290 6902 4455 2033 4548 6509 1008 6432 4977 2862 8661 251 389 9560 4892 7685 3364 5727 8017 2485 3980 6129 9913 2006 7475 3927 6035 7990 6414 9644 3519 9088 275 361 3296 4725 9094 6963 8654 3546 842 310 4940 6452 675 1125 8486 6407 6690 9884 1145 5392 9083 7771 7650 1350 753 3805 6621 7677 5380 8848 2684 6308 2688 189 5568 9255 5563 549
9433 5893 4372 5351 4977 8602 708 790 7041 2855 4621 3966 3827 630 5350 6423 9906 8471 1791 6514 6805 3361 5808 2668 6665 5639 3023 6714 2318 4465 7454 67 2285 3908 7326 6513 0 2987 6309 8417 6866 4206 5271 8772 1205 2443 7098 2650 6685 2486 528 5401 184 7675 3545 894 3765 2032 3128 4542 2772 1914 1207 4147 359 5617 6345 211 2409 6455 7162 5469 3066 4128 6600 6115 6087 6758 9793 173 1059 5002 6572 7342 4020 1768 3057 2811 8859 2446 3331 3121 7318 6746 3916 5130 8887 7121 6610 4565 686 9702 683 3613 1098 9968 3723 4511 7830 1716 3427 3269 1879 9323 2629 5306 9696 601 6007 5058 4227 8177 4583 4124 9864 5575 4479 55 6590 8298 2678 1471 9772 2555 6099 7983 6783 9030 4235 2174 9735 1569 7259 3417 3238 105 4586 3864 3532 7400
2064 6960 3644 2211 3653 2384 7364 7643 2888 8530 3898 6806 4968 5642 936 2888 3863 2222 230 7024 5599 2618 3164 1851 7565 4911 371 4108 9433 9316 1485 9765 4259 5897 3626 5129 2987 0 1293 6214 2871 9150 9021 7625 8993 3535 9882 6707 2602 7192 5763 4852 2271 6058 9070 4932 4870 4799 4683 5171 9335 4767 6155 1643 7774 5330 2656 4594 5370 7842 6908 8717 5785 4738 3274 5891 5327 2997 9005 6906 822 6840 3836 3824 1792 7766 3012 9558 1151 7673 4355 127 6741 9002 6849 4232 5834 839 6128 6933 359 5900 2018 9628 194 6379 3282 1509 8679 9311 5818 5960 9080 5616 6009 6262 1696 5027 8028 2560 8158 4361 313 2270 4229 9595 7097 3792 1655 8818 2113 729 3862 2522 8265 4660 3072 5424 4912 1487 9475 1256 9629 1023 5664 4186 38 1674 1017 2918
4039 5123 5275 6176 3135 9336 8543 953 6846 3938 3909 4486 3594 9675 1842 9554 9471 4596 1027 6233 5636 1737 9351 2087 8715 7071 7618 1286 5731 9395 5417 2602 6025 7743 3933 4210 6309 1293 0 670 9784 8844 7198 7323 8144 7158 6596 2481 9599 5997 221 8878 9842 9333 4797 7324 3914 4543 1684 9425 491 7740 7874 8967 2535 130 6248 6641 3355 1869 1340 5381 1332 3642 1061 9107 2952 5690 8135 8798 5252 819 6949 6875 479 1592 1130 8938 3522 1040 6066 5685 5113 1415 4000 1472 4196 4883 1942 843 8914 8665 3376 4628 7833 4003 5824 4694 5195 8875 9893 2788 5970 6954 3263 2415 1823 7564 5139 4425 6779 7886 2306 486 3896 6848 2050 5299 2200 9364 7431 1226 1373 8755 8155 7993 9382 364 9634 4730 9474 3469 5530 7074 3967 9615 5428 8443 46 1150
8340 609 7329 4400 4463 9049 7143 9021 8212 1931 7049 1174 9158 2355 5184 9829 619 4406 7719 783 3114 9752 6727 4690 1120 7707 6942 6912 4678 3425 8008 9890 5132 1142 4468 4252 8417 6214 670 0 6360 7928 953 3637 4251 8123 9062 842 4668 2432 1886 7671 9710 3580 9124 4154 3146 3883 1788 6236 2499 8734 4599 9085 8080 6553 9743 9142 4269 4373 2796 3065 2241 4787 8326 9285 2754 9786 6089 8475 2351 6765 7923 9792 194 1289 2484 5873 6003 2238 3338 1280 3400 8258 6272 8880 8317 6698 7378 8632 9653 9136 5374 4689 6640 7791 5441 9920 6078 5769 8098 2966 1854 8840 2648 1127 5417 1088 1476 9064 807 5122 1692 1266 7378 9254 7097 2291 2022 9834 4626 393 71 8016 1230 4913 3874 3423 6202 7190 8051 8422 9866 22 5353 2491 2439 8986 1726 5967
1158 7060 6433 8937 5219 8316 2391 6872 9505 4898 7101 5395 3768 202 294 3564 151 21 75 3090 2280 1964 770 9849 2407 6254 1553 3300 7440 5534 8570 1517 563 519 670 1041 6866 2871 9784 6360 0 9478 9125 1043 2926 4033 5844 2234 608 7360 4587 8047 7011 5287 6368 9967 9949 5863 7733 6289 5548 5173 8101 2975 1634 7830 1973 991 5797 5300 8962 7971 85 3605 5361 6699 9803 8785 4595 2408 6908 3090 8621 7932 8755 3621 5358 9320 2540 904 8798 7333 7781 3529 3924 9305 4052 2380 3390 4835 3279 9014 6998 5753 2898 747 4545 2901 5269 5865 6361 6823 1606 7258 1800 8075 2554 1674 2084 8049 4039 2018 1717 5412 3122 379 1482 5052 3679 4262 5449 5718 1195 4681 204 5392 3970 5031 6398 5266 6711 5981 7302 9149 9017 7466 1765 5546 9535 2208
596 2321 8875 4090 1522 2032 2350 2095 3598 2037 4012 8973 9697 1530 5334 6147 2398 6425 3881 9900 1426 8206 354 6139 2830 8184 8643 2804 5451 1581 8599 3752 3465 2326 5131 2360 4206 9150 8844 7928 9478 0 5047 926 8633 3742 9354 9372 2680 8500 6621 9682 5817 4824 3300 2089 306 8817 1356 6682 4145 5994 8915 1219 6217 832 279 3092 2469 460 8780 3991 9197 6495 1038 4649 1681 1365 6575 2778 9386 1750 6554 1155 8832 8523 9059 6636 3995 7619 5973 8409 6253 1113 2670 5083 7644 6589 351 7325 3331 196 5980 2192 1263 4210 1555 2042 5934 3648 6272 8887 4271 7628 1182 5050 8828 5083 1136 3802 1583 7535 3210 7663 428 2396 7753 7639 66 8464 3610 2719 7750 2239 1838 4070 1749 8203 2426 5336 6965 4674 2456 6840 9768 2905 3105 4293 9047 9908
6648 8245 7545 1822 9842 4831 7420 8673 9694 5897 5329 8337 6848 9113 5404 4589 5894 5269 6928 3351 4871 443 3739 3120 4805 6623 5698 9705 8323 9677 6915 2906 4172 7038 8606 2821 5271 9021 7198 953 9125 5047 0 5268 6546 7521 7841 7202 5393 4938 9641 737 1354 763 3458 2087 4443 2278 9118 5136 6687 2873 4413 3675 3789 9992 6906 5428 3928 63 9381 3183 7944 6073 5472 8189 6557 6337 7545 1136 9127 8310 6681 2016 4852 570 5885 8243 3662 6867 5194 1504 8541 9970 6417 4627 5164 4373 8172 3907 5122 8154 3065 8070 9349 8889 9484 5713 3674 7908 7300 4633 8734 2475 8855 8757 8796 8022 7959 4438 8583 7278 3078 592 5236 3584 4813 4519 8390 7141 366 7953 4765 8217 5080 3082 7801 268 5680 1814 712 9643 8476 9289 4853 2353 3347 1381 2168 5032
9227 8754 3557 9972 7991 5523 8132 7336 5693 7777 3900 1512 9810 2469 1649 4391 1789 3939 5260 6518 44 7710 4429 966 2330 1662 9369 4548 8784 9527 6897 4276 6919 9659 1173 8067 8772 7625 7323 3637 1043 926 5268 0 180 3173 539 2989 1802 5811 700 3219 8622 9748 8776 5081 8585 7880 3218 5872 6646 4310 5273 5155 2387 2169 6880 9307 4071 5836 567 1278 3227 4294 2568 1031 9956 270 2020 3784 5180 3431 1618 9359 185 6878 6763 1411 2844 4575 7562 6220 91 4822 4720 2848 1573 6346 1121 1124 3150 3178 9143 9506 9989 7707 412 5953 4372 8493 2140 6015 8129 4346 8377 735 2614 3301 4780 9540 252 6167 8966 503 7065 4493 7207 9050 1895 8235 927 753 3296 5807 8121 6829 9322 5618 3561 3616 3206 6021 2343 5005 3419 282 7769 6960 1069 1999
5214 785 7935 2541 2463 2329 5715 3106 6936 9856 3846 4157 4301 1284 7544 7941 1331 7167 9701 7333 3414 7253 375 3586 5474 6212 4066 1566 855 2605 9745 4695 6480 2638 3899 5548 1205 8993 8144 4251 2926 8633 6546 180 0 8118 5739 1564 2027 3744 3514 2808 1486 8406 5250 8568 1952 6487 4839 4838 9180 6179 2986 8148 9365 560 256 2534 9831 9796 1386 6893 7949 7866 4401 5363 1560 2200 2067 5679 9164 1291 4188 225 4418 5449 7841 8380 7870 5641 8777 1857 2488 7226 633 4211 6133 3086 9137 1697 3691 9501 9110 7571 8312 5307 28 5145 7146 6867 1760 9021 6208 9540 7601 1581 5530 3426 9649 1199 4927 2511 4277 3050 946 9572 9939 1155 5814 7693 5864 9588 5274 4355 8523 3445 1607 3559 5829 9620 6537 4147 3610 3018 4228 6370 839 2452 5109 5315
620 8646 924 5513 8577 4910 2813 8940 4042 1062 1442 6572 6641 6644 2686 4246 1557 4684 2164 7504 9422 3517 7921 5736 8200 7383 7260 3362 791 4931 4279 9436 8146 1425 8835 116 2443 3535 7158 8123 4033 3742 7521 3173 8118 0 7348 753 4398 3446 5313 1796 2681 935 2991 7753 282 9117 9054 7750 311 8686 5808 7423 5199 6734 6032 7614 2845 7605 4449 6887 9333 3531 2157 7251 5191 1585 3356 7486 5190 7438 7362 8261 2134 6784 506 1649 2026 1948 7542 1307 8268 2628 8713 3123 4467 9232 9585 7503 3739 5141 9678 4892 3517 1756 465 702 1317 8663 5657 1743 2727 7098 6733 7562 4079 4794 8095 7784 7301 5970 6093 7452 296 660 8218 3912 5436 9354 5024 8005 4135 4806 135 9945 5551 8356 5139 7515 2270 8587 2778 6103 5761 7269 4189 5216 9587 7553
5923 5503 5122 8024 6159 9808 5477 3158 3500 3547 9475 9333 9889 3878 3241 5559 168 4539 819 7529 9362 2649 7822 2111 579 5536 8895 1576 6240 6658 1376 7358 2692 5581 1839 5410 7098 9882 6596 9062 5844 9354 7841 539 5739 7348 0 1642 2611 988 7980 1704 5411 2563 8058 4179 5883 7480 5883 4461 6040 4439 1554 8259 6365 7497 9382 1735 5511 1891 793 5834 8103 988 6968 9186 8069 8402 9453 7396 922 8505 7507 5160 4970 9389 2983 2964 5907 2713 3035 341 6222 2728 9023 268 3258 8121 625 6347 4050 3579 6167 1626 1950 2879 8125 8355 6469 5638 4719 4539 215 109 6583 2425 3324 9196 8017 2055 7920 555 3500 6899 985 8266 6186 8126 4909 6351 6863 7754 6699 7145 3897 3340 5511 9433 7796 1019 9296 8376 8191 1712 4620 3176 4256 5277 2827 2714
3253 3546 4894 6438 3758 7029 9082 2469 2011 3423 8619 7976 8247 6926 2117 1930 3862 1180 4265 2823 4185 9821 3885 7354 6286 1956 8208 3486 5652 4000 2268 1460 7155 6062 7151 6013 2650 6707 2481 842 2234 9372 7202 2989 1564 753 1642 0 3678 881 6044 7375 2889 423 1199 3591 8099 605 6374 1048 8020 2602 1054 2699 9925 2403 8169 6791 7059 3497 966 3629 2558 4968 7744 7164 9950 2002 7681 799 7839 7328 8473 6712 4199 8684 2038 8062 1866 7809 9460 435 6862 4796 3692 7989 4379 8610 3985 4037 1180 5819 8465 3474 1759 2934 5761 1384 8674 387 2848 6311 8604 3595 5663 1323 3631 3852 3162 5641 2968 3513 9763 4044 731 5738 7338 2064 2402 1025 2588 352 6 5311 4860 9726 5982 5434 5494 4859 9102 283 2840 9254 2920 115 5805 8148 7701 8678
5971 6806 6581 4606 8539 3557 2882 4240 7688 5071 735 3841 4507 9073 558 2945 2964 687 7444 4501 8693 8230 7919 2212 7474 1814 6053 5575 9813 7861 1487 3638 4520 5464 7380 7942 6685 2602 9599 4668 608 2680 5393 1802 2027 4398 2611 3678 0 9391 1852 2872 355 9303 90 6735 2638 7337 9727 7560 9245 1295 2223 3926 3702 5860 9050 6752 1671 1081 5903 9239 9309 2711 1723 3546 9328 4698 7540 4386 4046 5088 1300 2258 8807 5390 4822 5311 3909 2645 8764 6007 3231 7177 8726 2202 7231 992 2728 7050 6497 6835 6215 420 4020 4372 2895 306 8763 8531 7275 7688 4937 1196 4697 353 423 5102 5652 3288 7443 8186 1624 1331 5842 7846 6588 8524 7161 9989 5510 125 5042 7471 369 6373 3692 8446 401 6372 1090 9123 2431 1617 7466 8441 9021 4195 7075 196
1479 3432 6017 2238 6487 6285 3954 4189 4749 2881 6244 8719 898 1642 9747 860 1607 6296 7549 9833 8085 7270 4334 4930 8729 6634 9309 5503 3622 5031 4607 5245 8031 5110 8694 4846 2486 7192 5997 2432 7360 8500 4938 5811 3744 3446 988 881 9391 0 4860 6547 8654 8875 2492 7886 421 31 2670 856 6064 1078 2987 8620 1772 3067 6571 8319 4433 1514 3230 8986 4152 4962 8601 3668 2189 1320 935 1398 8099 767 5479 5691 5379 6980 9296 1963 7218 6641 2671 3343 9151 3597 9864 7957 1718 6125 2559 8271 8556 6229 1783 5270 2258 173 5010 3329 9139 6381 8970 152 5942 2471 6388 9023 8725 859 6030 5177 63 5604 1025 4631 8023 2599 5557 6071 5431 8001 6763 2602 9900 9237 9072 6639 9926 9872 3101 5160 2720 6088 242 6580 6672 4031 8659 4926 9850 7932
1345 834 5263 6197 2695 3135 4347 1651 3881 4175 9539 3493 8359 9849 9300 2661 1480 4042 9145 7375 6996 3127 7703 3648 8787 7893 4959 5075 7969 1201 7522 1591 530 9314 4757 2740 528 5763 221 1886 4587 6621 9641 700 3514 5313 7980 6044 1852 4860 0 5670 6665 9870 5773 7393 6831 7551 6615 6969 2310 2957 3076 8596 1445 8643 399 4970 1304 4782 2381 6685 7529 7417 5831 2355 1008 8094 8998 8196 8157 3863 2537 5907 8253 5794 1364 9930 9770 4704 5611 1412 2277 8488 8505 4002 6788 6056 9848 3097 3910 5138 6772 8237 5589 8701 40 264 8278 7722 1140 7949 408 3447 6333 8831 4603 5536 5278 2352 8657 607 6255 2886 1066 5685 7703 164 7882 8080 5140 5562 3875 8383 5695 9485 9988 561 990 2362 5589 8543 4323 5076 1182 5088 5500 3735 1025 4167
4594 7965 9405 6092 465 5865 3731 1330 3685 7396 529 9400 685 3640 3455 6146 9226 8281 4536 1134 8131 3040 754 9802 1271 3236 9647 793 9112 1930 4365 839 1291 7893 6686 7840 5401 4852 8878 7671 8047 9682 737 3219 2808 1796 1704 7375 2872 6547 5670 0 1285 5274 4625 3656 3270 559 3516 6184 4384 4951 8001 5641 7164 5355 7792 9002 3647 1611 8256 8749 7289 1226 3350 9555 4003 3503 262 3177 4700 2399 7449 9850 5289 5382 4879 1606 3033 6140 6746 5555 3141 9956 8026 4841 4503 6387 4784 2312 8444 128 4079 5123 2012 6279 8533 8352 6646 6798 3220 1132 8454 7093 9067 3674 6025 8782 8943 3753 1678 7763 8715 4994 7231 5790 2229 6804 4480 446 1495 9219 8552 5810 969 6228 6744 4554 5800 5 5946 37 7418 672 9806 714 3376 259 705 7283
9695 7617 6906 4708 460 2171 710 8394 8636 7653 5531 5022 7601 7307 8290 6277 9419 1034 4884 6492 2079 4768 5204 1454 2399 8566 80 6213 94 2709 9184 1135 6425 7677 2018 3287 184 2271 9842 9710 7011 5817 1354 8622 1486 2681 5411 2889 355 8654 6665 1285 0 8408 6377 9839 4997 1391 4009 9074 6941 7649 4618 2190 9290 8798 2939 2218 457 8421 9466 3010 7933 829 6356 9589 7419 109 7833 182 2777 914 3903 2160 8278 8568 8733 4810 1573 2022 6166 6557 4817 54 2985 7317 956 813 2637 6590 2236 8940 261 8037 1826 7888 7637 3503 8189 8689 5573 8683 337 5553 4380 3700 8049 5637 2132 7046 1562 3273 3706 1381 5040 8808 5207 4152 314 9311 3176 6388 6876 8458 4342 1479 4063 4898 6524 7184 548 1192 8510 6612 4427 1570 8914 5117 4765 6688
7539 5089 9453 3401 6228 1138 1969 8487 9031 3214 1538 367 2184 704 3156 7113 4320 2975 2678 4726 5889 5840 1035 9832 3091 8600 3101 3 6659 3483 8369 4400 8330 3657 2606 6177 7675 6058 9333 3580 5287 4824 763 9748 8406 935 2563 423 9303 8875 9870 5274 8408 0 1103 8216 3313 3884 3216 1686 3230 6805 4781 9405 8251 4037 125 976 4591 6156 9110 4422 9491 3777 5598 3639 4901 556 9796 3172 5885 5269 5562 9829 1706 3765 4039 9535 9822 2235 3565 8470 3391 552 7475 7065 7971 5732 5341 833 25 1524 8989 1697 548 5398 7942 2028 9994 4782 8119 9191 9858 6379 5966 7200 6127 7045 3749 5752 8659 2252 4358 2448 260 2081 963 8355 8537 4531 8346 6512 8048 850 5808 9176 4556 4090 3245 9628 205 2822 7046 8721 5943 6090 2100 7147 491 6252
