100
0 8132 6141 2518 4119 126 3792 3710 3077 8357 1862 1478 5000 6809 3111 3975 7298 8415 880 3882 9916 440 4779 8596 3868 9544 2986 9561 4275 6361 3277 9709 5832 1038 3923 3421 9418 1350 7275 4086 9387 3209 2371 2342 525 4567 3993 9253 8533 6769 3944 1030 807 4923 6397 7377 3342 9691 9665 3229 7638 4915 6634 9317 6124 7026 6115 7790 2735 2462 6541 5208 8255 9365 4928 3575 7512 2663 8936 4465 5306 3300 8219 898 6032 8243 9008 5762 6611 195 2081 8677 2246 4539 981 4068 6162 688 3679 4650
8132 0 1366 9587 2989 6616 7831 506 8836 7746 5817 7751 809 2761 778 7256 6855 4879 1814 6211 4769 5084 534 9487 7200 356 8255 7871 1344 5752 4312 9340 587 1638 1022 3631 3326 1105 5564 7265 2592 8759 9293 6546 1634 8756 4740 9504 8581 5672 3351 2238 1259 3700 1759 2929 8480 2037 2847 9312 3864 9309 1078 7236 9219 7666 4569 6261 3900 7220 256 822 5898 8664 4874 8581 2981 7947 5823 5768 3424 2270 1056 6142 7705 3278 6994 4721 3403 9754 3412 484 6570 1582 1761 4463 6347 3117 2812 9920
6141 1366 0 5500 2020 2019 4478 7641 5690 9069 9937 7922 7741 2462 2409 5931 7124 3684 95 7445 8724 3430 200 6142 1817 9753 2282 5817 8 7792 1426 7865 7035 9146 2128 8621 2431 564 6968 3986 6199 6261 5922 7045 3000 6118 4403 8636 7962 8620 5153 1698 1193 9981 1267 6317 2669 7105 3011 5275 57 9329 1510 7817 4859 1011 9456 2019 5129 6285 5598 3545 908 9656 2207 50 3678 5484 1602 9949 6964 5944 4408 7148 980 1997 3291 4460 2066 215 5595 2182 6860 9289 6177 3275 2664 2402 8116 336
2518 9587 5500 0 2044 4144 4638 2758 8617 4912 3599 7037 5929 7079 4158 3083 5178 3225 2752 4683 6511 1297 8936 9830 4924 6418 7181 5659 3053 9199 4735 1840 8777 6842 9539 3970 1471 7960 1964 1852 4684 5391 4182 3188 6530 8760 2211 858 2600 6293 9370 505 8167 5061 2944 1216 9141 5581 1024 3661 7202 9872 2233 1001 3513 4449 9073 1996 8343 1472 6752 4502 3515 4213 8114 6181 6234 5970 9162 5610 8358 4536 9627 4076 9578 6140 9274 3650 782 424 4630 9086 6471 3163 6883 62 8280 5892 3019 3057
4119 2989 2020 2044 0 934 6498 7923 7154 5886 157 8231 3500 2668 2929 6005 8250 1032 6347 1808 7740 9883 7704 6071 4638 1616 8979 4965 8737 8323 6822 651 7169 4676 6495 5431 9709 2319 3064 2264 5267 2859 6414 3043 3721 3233 9197 1374 5558 2307 6363 4177 2673 8754 7236 7561 3137 5861 8070 7522 3145 5640 1349 8096 6092 8712 8400 7629 2704 3891 334 9519 4963 3775 6290 6329 7023 6363 2306 6131 6129 6459 3779 6414 4420 2808 3641 7216 4366 4695 7262 7417 4887 4777 8121 5660 969 2281 1115 5464
126 6616 2019 4144 934 0 9903 2525 3301 5437 798 3115 2952 3362 4360 9969 1566 3861 5961 515 8883 4941 1319 7807 8263 1121 5118 8768 4093 8220 2555 12 6502 828 5767 1303 746 4834 7110 4752 3984 9171 674 6548 3674 3381 6992 3918 1457 9076 5808 6572 4483 8733 3735 975 3389 44 309 8915 142 946 3605 2471 3371 7449 3769 3249 1371 6673 444 6122 4917 7930 1849 9171 4054 2743 5847 1310 7205 7149 6999 4872 2362 476 1304 978 6798 8955 9859 7346 8376 4260 172 5069 1692 6644 6004 2169
3792 7831 4478 4638 6498 9903 0 3750 72 1533 4484 8736 4048 7709 3583 1207 682 6957 569 3240 959 5924 2789 7360 919 8318 7081 6416 7203 1475 7381 4167 317 5944 25 2977 1946 4278 3343 7967 5598 3019 1368 6348 369 1675 4065 1706 4408 761 9075 970 6211 6486 3917 8793 453 3157 9609 9908 9011 4328 3396 2676 8416 5538 632 7260 2376 4756 6187 7767 9130 5707 8979 7552 8773 4344 4013 9289 5468 2857 4133 3950 5046 5904 3609 1083 4794 4239 5144 5713 1965 8488 5669 7714 3437 3476 5843 984
3710 506 7641 2758 7923 2525 3750 0 934 2855 4835 3179 5272 7785 1039 5894 9678 3360 6082 5700 6626 9804 6204 6077 8006 6085 5678 2537 9716 6813 6976 2985 9390 1305 6803 1027 9967 3584 8477 6545 7853 9117 7585 2230 1968 537 9928 4088 8416 6359 2736 5738 3797 435 4985 3549 3893 1694 5411 1524 2419 7444 2789 8864 315 886 1598 4230 6782 4860 1385 9614 7311 9143 2497 7797 4227 1515 9352 8497 7194 3674 2108 8125 4184 2430 3290 5328 1764 5588 3761 9855 4040 8297 922 9701 2740 2040 9386 1875
3077 8836 5690 8617 7154 3301 72 934 0 105 7870 4742 2207 597 1065 6000 8740 2289 7125 4644 4695 1882 2136 2481 1706 8418 929 1452 7462 9173 3448 8323 1941 2515 6179 766 8882 5236 5492 755 5846 5981 8307 2812 2703 9964 1110 2774 2083 9646 9925 4886 1976 9434 8887 5800 1347 8916 7738 993 8541 7533 4790 4859 149 5584 2840 494 1541 5418 9841 1700 299 148 865 6557 7177 7397 555 1221 1043 3559 4714 9067 286 3329 2667 9208 8359 5389 2673 8478 9620 7032 6045 9600 5342 94 3112 805
8357 7746 9069 4912 5886 5437 1533 2855 105 0 5637 3369 5896 8928 2821 2628 6712 1980 2836 77 9637 2353 8410 5949 6149 3520 7810 6982 8869 8666 6640 3993 3481 3121 1734 8082 8286 8243 1270 7690 4250 4508 387 3585 6398 8258 4265 3399 8302 390 2977 4537 7482 5921 9044 9022 216 8406 4928 6254 4343 6831 2827 9682 3232 2374 1217 2362 5844 9003 6875 3071 3300 3200 2597 3402 4530 551 9373 788 6152 4180 2852 6247 1173 7459 8260 52 7796 4740 6010 5283 403 1607 9382 4775 3179 1439 9013 1837
1862 5817 9937 3599 157 798 4484 4835 7870 5637 0 2196 4262 1867 2805 3006 1322 3187 9346 964 7463 9967 5429 5781 18 9319 4485 1545 375 6417 7010 7068 3436 5412 9700 1218 2163 6547 3386 4757 2166 350 2127 9084 4623 1896 340 659 2513 3050 8273 2784 4367 8596 212 7949 9199 3302 4473 6320 3545 7723 640 518 9830 3024 3751 3410 3315 1631 3201 6736 7893 1637 6575 8138 7812 3049 4926 1978 2040 5839 6646 7309 3598 8107 5035 4080 2887 9772 2341 4658 8446 8322 926 2586 3075 788 942 6594
1478 7751 7922 7037 8231 3115 8736 3179 4742 3369 2196 0 8863 1614 9416 5021 9896 7643 972 4433 5359 6788 9718 6652 7757 5895 1327 1574 3484 5335 9433 2910 3591 8144 5368 2723 5173 6364 6957 6519 903 884 1116 6863 490 5214 6108 1441 7050 3269 6963 8619 4822 5602 8023 3089 6302 9306 4199 5208 4560 7177 7517 4829 3071 3482 4101 1962 4368 1636 5404 5902 7242 96 1696 2379 3825 5059 630 4176 4469 9380 3698 5188 2458 3857 754 7357 953 4762 4102 6999 8106 5536 7316 1045 574 6829 1606 2579
5000 809 7741 5929 3500 2952 4048 5272 2207 5896 4262 8863 0 2559 1397 6876 5239 3174 9353 7282 5350 65 6726 3089 5740 384 867 3025 5807 685 8045 3986 3193 9483 6656 5860 8134 2337 4077 4781 1908 111 8168 6342 3506 144 9219 793 6949 5292 9696 6300 7345 8295 8533 7493 6491 7430 5294 1169 5370 734 8594 132 5284 3173 6063 1160 2124 6578 1771 1145 2225 9350 3950 7572 9666 7058 489 5242 860 6191 4205 1921 7825 8680 8484 6070 5354 4845 7999 8601 1188 7791 5774 3189 3718 502 2214 8302
6809 2761 2462 7079 2668 3362 7709 7785 597 8928 1867 1614 2559 0 2600 9793 1476 2707 6881 1805 7075 3311 9894 9590 7161 4157 939 2918 3114 4427 1724 210 2040 5568 3662 9358 611 8731 3057 3601 8622 2754 5270 9036 3094 9021 4179 3436 7237 4509 5538 4864 5556 9424 6374 1945 1780 3279 4713 4576 3047 951 4569 3284 6314 5620 8916 1249 3922 160 121 6779 7646 6393 9517 4943 7078 4358 3549 1435 113 5849 8223 7918 5026 3592 7311 3165 2260 8417 389 3183 109 3934 9675 2535 9128 4538 9832 235
3111 778 2409 4158 2929 4360 3583 1039 1065 2821 2805 9416 1397 2600 0 5167 6824 7289 667 9952 8571 228 3297 260 7195 3693 2158 1577 9210 9930 8607 2886 8703 4412 3018 4389 6108 6920 3081 9269 9022 5626 8956 8900 9273 3258 3814 5304 6387 8869 3631 275 3801 7368 9405 9564 8371 7341 648 7963 4502 7333 1058 8900 1135 7268 9447 3127 178 6027 1014 3143 7531 6207 7761 6898 7051 6335 9322 403 4619 5722 8027 8388 2926 7070 2032 7583 7570 2235 5976 4799 1152 6309 9948 3494 8613 2023 7960 2300
3975 7256 5931 3083 6005 9969 1207 5894 6000 2628 3006 5021 6876 9793 5167 0 599 2682 283 4317 5694 4359 6953 2046 1037 3031 9579 9686 2918 3615 3824 5024 9344 9704 5659 1082 1821 2706 9809 4244 7815 4319 8332 3756 813 8966 6086 9060 51 6175 6489 5195 1120 380 3009 1289 1418 970 1065 7050 7781 279 8250 1520 243 1795 2292 124 2966 7318 8421 1241 8014 1801 9974 2449 3619 117 8666 4218 6174 646 7433 7184 466 9250 4333 6294 9123 4919 8114 376 7363 4463 9641 2909 1155 1392 5680 621
7298 6855 7124 5178 8250 1566 682 9678 8740 6712 1322 9896 5239 1476 6824 599 0 9733 3503 6659 7914 2872 723 9230 277 4193 2256 2131 1924 1440 2268 6029 1068 2499 4976 5701 5504 8187 8698 1070 7428 4749 9018 9450 4463 2428 625 2104 2723 1565 171 7284 480 4981 7978 8501 8863 6167 1093 8590 2028 7675 8629 7746 9512 7798 551 1086 3024 9639 5963 6608 7056 3375 235 1475 9673 6737 6992 1467 2665 7449 9254 1137 3499 2790 3955 2750 1747 7877 3064 1931 8926 9565 4041 7410 7708 664 4266 3553
8415 4879 3684 3225 1032 3861 6957 3360 2289 1980 3187 7643 3174 2707 7289 2682 9733 0 3952 2483 5302 5078 6372 9688 1249 4022 2732 4879 4958 1696 9414 8974 541 783 3620 6736 2860 7984 8614 3744 8976 2467 4872 9245 3326 1954 4495 5652 532 2684 3996 1988 3533 9921 5171 3148 2760 297 1394 829 4897 1887 912 5723 4275 2521 1355 1842 6238 3793 8129 763 4112 8260 5601 6291 8500 8085 3104 7831 7478 2053 9316 914 8158 1892 2848 9333 5074 9617 3738 7818 4463 3076 8113 4897 836 4113 7387 4887
880 1814 95 2752 6347 5961 569 6082 7125 2836 9346 972 9353 6881 667 283 3503 3952 0 8757 1114 1945 4796 479 5241 8504 1162 2181 3416 5877 5223 3931 8278 5759 7590 939 2349 6754 5045 9049 5047 8411 5446 3324 2566 2381 1554 3706 1493 3803 4520 25 917 5576 107 5938 8455 9947 7602 8509 8367 4111 2309 982 2978 3279 6187 389 490 2105 3833 2652 6420 3595 4834 6476 2225 8498 9036 2812 4565 8864 1531 740 7959 6487 1944 6264 9851 2233 9146 6832 4725 6592 8306 6501 6697 9459 6775 9501
3882 6211 7445 4683 1808 515 3240 5700 4644 77 964 4433 7282 1805 9952 4317 6659 2483 8757 0 1792 6462 9911 6274 1939 8677 2195 2529 6897 6396 4340 7151 9485 2916 873 7334 3557 3456 2688 9656 9611 2239 9918 9700 736 2464 6184 7710 1709 5647 9799 1317 7621 1792 2237 5909 1527 8320 5349 2514 243 9577 7380 9050 9175 4039 5690 2118 2385 8518 7461 3989 3567 1703 6991 5650 5689 4663 2856 9240 264 4148 5713 8829 8794 6552 623 5321 8417 3377 5407 4338 7013 6154 4797 6358 7318 880 3526 7704
9916 4769 8724 6511 7740 8883 959 6626 4695 9637 7463 5359 5350 7075 8571 5694 7914 5302 1114 1792 0 9372 9681 6553 1773 289 7577 6926 6729 9836 4154 1780 84 1667 5255 2527 8413 3105 2740 133 7400 3233 2626 3452 981 9052 1129 1255 2571 906 9356 3961 940 3841 7243 1503 9568 7964 4046 7145 4799 7538 2269 8014 8068 7673 7846 8750 9416 438 5887 1854 767 208 5215 6342 9125 6748 9065 5536 9347 7449 3712 3342 8519 2231 6036 6500 1765 9390 9186 9163 9667 7234 6412 4895 6916 4627 3707 5461
440 5084 3430 1297 9883 4941 5924 9804 1882 2353 9967 6788 65 3311 228 4359 2872 5078 1945 6462 9372 0 5529 2223 961 3667 5818 4614 8126 9737 5935 7491 7906 2714 6819 4168 5636 5340 8331 4154 1555 1111 1740 8262 4581 4043 6462 1510 4310 2573 103 2231 4964 3029 7985 2206 5514 5727 3447 1622 9836 2246 6877 9987 5105 8716 4318 9514 9681 9752 3710 4056 5568 2114 6739 6072 4890 553 4637 7671 2939 2143 861 9593 3327 2617 8147 592 6274 6825 229 3754 9790 3283 4410 8862 7460 3883 7054 2640
4779 534 200 8936 7704 1319 2789 6204 2136 8410 5429 9718 6726 9894 3297 6953 723 6372 4796 9911 9681 5529 0 911 3335 5360 7399 2777 4833 5269 1751 7726 4952 3028 1284 6865 9019 8848 6252 9225 9870 3480 5211 8032 3544 5206 2702 802 6645 4501 7665 8828 6784 8180 7932 1928 1359 2215 2419 5210 3502 8041 3989 1869 7595 130 8440 9408 5431 4953 7446 8588 7501 3476 2864 1663 6786 4594 4704 88 5325 4248 220 2858 4426 4258 4423 3212 2274 7554 8055 2292 6852 3194 1251 5673 3789 1257 8630 8474
8596 9487 6142 9830 6071 7807 7360 6077 2481 5949 5781 6652 3089 9590 260 2046 9230 9688 479 6274 6553 2223 911 0 5043 9850 177 294 478 7392 4919 9700 3316 9561 8153 1761 6833 5892 2042 1366 2903 1610 4384 6365 1690 8037 8071 6956 7262 1991 1592 6796 7286 7322 8814 8764 6682 1139 9702 1697 7817 3571 4295 6726 3264 472 6585 1219 2024 2567 1346 9219 4453 4590 4675 2830 9751 5287 9178 4543 2094 6907 256 7722 1291 3647 9668 2400 5967 9912 936 1994 8109 8616 6183 2123 2694 4935 2201 9848
3868 7200 1817 4924 4638 8263 919 8006 1706 6149 18 7757 5740 7161 7195 1037 277 1249 5241 1939 1773 961 3335 5043 0 2782 762 7282 7094 424 1224 6764 7873 3414 8703 6111 2626 9774 2717 9692 9756 8321 5907 7508 2262 8063 8187 779 7646 7686 2218 2817 8775 3052 9544 9639 3472 2389 7033 8491 1433 3922 7256 1264 6315 5329 4620 7963 8902 8093 9568 1507 1795 2456 6897 1169 8528 3141 5105 1804 4180 888 2266 3984 594 7249 2573 9402 4500 2704 7685 755 8074 4384 7597 4328 9152 3610 8372 9776
9544 356 9753 6418 1616 1121 8318 6085 8418 3520 9319 5895 384 4157 3693 3031 4193 4022 8504 8677 289 3667 5360 9850 2782 0 1432 7552 2923 2660 4016 1590 1414 8868 6844 1192 2763 7557 7783 9451 6016 9061 7264 7099 42 3994 6097 7353 7384 8189 3861 3911 1440 966 2753 2748 8100 4439 4380 9640 3680 1669 8283 3712 7883 2421 5718 8344 8934 9635 6600 6161 1184 3145 5312 973 4125 757 8848 9342 7919 8998 682 1851 6504 6977 5844 9355 7993 7306 2876 1097 2142 2938 8209 4920 1005 2667 6680 2298
2986 8255 2282 7181 8979 5118 7081 5678 929 7810 4485 1327 867 939 2158 9579 2256 2732 1162 2195 7577 5818 7399 177 762 1432 0 4985 2884 9587 2233 1670 6273 1910 3749 5394 8851 790 8602 9420 697 630 3455 4638 5579 1202 6622 2737 4136 777 4775 458 9188 836 2969 8122 7423 592 4415 1360 8632 5138 8984 4785 9041 1437 6294 6887 6327 9461 3934 687 9315 6107 8743 8204 4839 5186 6017 2562 5633 2135 9888 2958 705 9240 3768 5433 7516 6706 3441 5781 4986 8100 7170 3200 4631 7531 4925 7825
9561 7871 5817 5659 4965 8768 6416 2537 1452 6982 1545 1574 3025 2918 1577 9686 2131 4879 2181 2529 6926 4614 2777 294 7282 7552 4985 0 3446 533 3914 2816 5342 2173 142 9401 8573 2467 6795 9275 8025 5211 973 5290 8772 3183 8461 2782 167 9332 6442 3905 8938 8621 3547 9773 3381 5405 4420 3319 9915 4329 5047 7822 8645 8212 2957 5564 2010 1809 157 9636 7077 606 7614 3737 9665 3929 2706 8103 7667 5502 9549 3932 3300 1949 5798 4079 833 8943 5623 3965 2019 3439 489 4545 4389 7521 9903 9273
4275 1344 8 3053 8737 4093 7203 9716 7462 8869 375 3484 5807 3114 9210 2918 1924 4958 3416 6897 6729 8126 4833 478 7094 2923 2884 3446 0 5836 3097 3737 8886 4693 2732 5009 813 3385 4935 2344 7995 3256 610 6929 3682 7512 5261 6772 6602 6408 8971 3427 2705 6125 872 1683 4809 1307 85 3139 5605 3200 2966 9198 801 8802 2866 8822 9856 9171 5116 4843 7553 4843 9525 5926 9935 7714 3399 8068 4572 6084 2755 4053 3516 2388 7401 4944 4128 4896 6647 6177 5530 2335 5754 3433 4022 7730 7249 7272
6361 5752 7792 9199 8323 8220 1475 6813 9173 8666 6417 5335 685 4427 9930 3615 1440 1696 5877 6396 9836 9737 5269 7392 424 2660 9587 533 5836 0 3840 4809 7405 4315 5349 2825 619 8189 6405 3500 8230 3414 7656 6475 7795 8369 8828 4688 4973 2546 3428 1517 4225 2643 5806 5522 2132 6933 220 1411 7982 8664 4824 7582 4928 8286 2256 5128 2685 5016 8380 6291 508 8854 8992 3383 384 4854 1133 5498 1058 4364 8246 4446 1461 3965 2912 5063 5375 5428 2836 7452 9824 2837 9487 8225 1470 889 6523 2813
3277 4312 1426 4735 6822 2555 7381 6976 3448 6640 7010 9433 8045 1724 8607 3824 2268 9414 5223 4340 4154 5935 1751 4919 1224 4016 2233 3914 3097 3840 0 3871 4907 8657 5819 2144 3149 6869 9002 2346 2646 7318 9814 6456 9887 6012 6882 2549 5359 6974 274 6308 1008 9796 9500 1369 5623 5643 8047 253 5178 4013 1517 8034 3327 7684 4403 14 652 6135 6000 4339 912 1431 7021 1786 5255 2142 6223 563 561 8239 9850 3481 3007 4232 4929 9612 2991 2204 4594 6755 4684 9478 2147 7085 8906 6363 2915 4878
9709 9340 7865 1840 651 12 4167 2985 8323 3993 7068 2910 3986 210 2886 5024 6029 8974 3931 7151 1780 7491 7726 9700 6764 1590 1670 2816 3737 4809 3871 0 374 2866 2769 3981 6601 2892 1343 2217 8316 5692 3279 5682 1261 2616 2345 720 7896 3498 7267 5980 5799 6197 4236 9767 1383 1265 1290 5406 6053 5284 6511 3796 6121 1458 7666 5237 7304 3037 6976 6200 1520 3654 3460 6911 8308 9234 3829 4739 7563 5368 270 9895 8833 1353 1441 6256 8359 5906 7424 1562 6691 2995 3727 5356 9174 2463 2916 1999
5832 587 7035 8777 7169 6502 317 9390 1941 3481 3436 3591 3193 2040 8703 9344 1068 541 8278 9485 84 7906 4952 3316 7873 1414 6273 5342 8886 7405 4907 374 0 6370 5574 7909 2947 5912 4391 354 2382 1821 8655 9292 2808 61 5520 146 1283 3833 17 825 4644 3655 3335 5488 926 7140 9455 4648 5740 2840 1641 288 6821 3593 6166 3094 6449 8724 1111 9893 4371 5573 7411 8562 3548 5292 4835 5148 7552 936 7086 5765 9073 1308 9055 9317 7099 9134 9825 3968 35 2552 5265 9365 5788 8016 1870 9045
1038 1638 9146 6842 4676 828 5944 1305 2515 3121 5412 8144 9483 5568 4412 9704 2499 783 5759 2916 1667 2714 3028 9561 3414 8868 1910 2173 4693 4315 8657 2866 6370 0 366 9987 1052 6105 9656 8222 1971 8249 160 3259 6712 4263 5538 2354 5059 6106 6279 8219 8465 7984 3590 7964 4620 8896 7268 2181 3220 1955 1499 9264 1597 2873 9939 2417 6233 5030 1791 6103 9500 1406 5709 4691 9885 9933 8594 6709 1650 8441 6825 2216 607 2691 3841 2027 148 3843 5355 575 1113 5599 5564 9369 1030 2443 368 2562
3923 1022 2128 9539 6495 5767 25 6803 6179 1734 9700 5368 6656 3662 3018 5659 4976 3620 7590 873 5255 6819 1284 8153 8703 6844 3749 142 2732 5349 5819 2769 5574 366 0 9692 687 9911 6849 9917 3390 7489 2088 6507 7189 1611 62 4869 6492 7705 880 3342 825 1043 8807 4490 6228 9831 8904 560 5141 1778 8561 5851 3551 1100 5186 7657 1637 2695 8333 2867 7269 4777 9436 1416 2718 7344 2810 3296 7190 446 4157 3556 7392 8310 3281 6926 4677 8945 1657 2332 20 3298 9179 1612 4402 8297 7598 7602
3421 3631 8621 3970 5431 1303 2977 1027 766 8082 1218 2723 5860 9358 4389 1082 5701 6736 939 7334 2527 4168 6865 1761 6111 1192 5394 9401 5009 2825 2144 3981 7909 9987 9692 0 3030 9394 4335 6055 726 1344 5334 6568 4210 9010 210 6845 3360 929 3315 2463 6806 3617 8516 8182 8240 1982 1151 9559 5199 8083 3637 5226 533 493 4408 4169 1320 3260 8920 6064 7739 4214 4208 4557 4138 5141 5936 5968 7722 6516 218 4242 9580 7898 8335 2401 6535 1225 9609 4066 7917 9808 9392 3817 4963 1503 5037 3211
9418 3326 2431 1471 9709 746 1946 9967 8882 8286 2163 5173 8134 611 6108 1821 5504 2860 2349 3557 8413 5636 9019 6833 2626 2763 8851 8573 813 619 3149 6601 2947 1052 687 3030 0 371 6926 2666 5232 9644 1491 1304 2039 8194 148 5514 3875 8267 26 3445 7711 5066 2550 7425 6171 1169 3535 8089 1353 681 219 7929 5155 264 5558 1969 1350 2890 2910 9029 2507 314 1203 4493 7276 287 5256 4700 9655 6707 5706 7231 2245 2220 1675 7320 6282 8483 1333 2810 9882 6903 3882 1796 1653 8368 2144 6887
1350 1105 564 7960 2319 4834 4278 3584 5236 8243 6547 6364 2337 8731 6920 2706 8187 7984 6754 3456 3105 5340 8848 5892 9774 7557 790 2467 3385 8189 6869 2892 5912 6105 9911 9394 371 0 2001 6922 4155 700 7315 6749 4397 1754 4120 2832 1444 4675 1137 9391 5037 6313 836 6047 7050 3211 1033 2039 3101 9925 5267 2155 1134 6670 6100 7395 1419 3312 4374 9519 4460 6430 741 4490 1016 3512 4945 1842 6125 4617 2903 794 9355 5256 9793 6558 262 3898 4736 2854 5096 4467 7988 2899 3071 4247 2741 5103
7275 5564 6968 1964 3064 7110 3343 8477 5492 1270 3386 6957 4077 3057 3081 9809 8698 8614 5045 2688 2740 8331 6252 2042 2717 7783 8602 6795 4935 6405 9002 1343 4391 9656 6849 4335 6926 2001 0 6894 6626 9457 81 488 5092 3245 2493 6197 2827 6739 2655 1587 7231 4561 3129 8998 1156 181 6250 4978 9306 2832 50 16 3622 7975 1868 5682 1957 7772 687 7740 2547 5682 8777 833 5982 5694 802 9841 6943 8564 4429 2989 5119 4980 7394 80 3630 2741 577 5691 8029 507 5783 7588 728 7142 820 9355
4086 7265 3986 1852 2264 4752 7967 6545 755 7690 4757 6519 4781 3601 9269 4244 1070 3744 9049 9656 133 4154 9225 1366 9692 9451 9420 9275 2344 3500 2346 2217 354 8222 9917 6055 2666 6922 6894 0 4289 3055 2365 7647 5727 5087 6843 5850 9201 9274 6769 801 9553 443 513 5318 3345 6315 7689 4754 5016 8276 9625 3954 9156 852 4139 603 8926 3298 4533 8472 6797 9017 7434 8966 7561 657 950 8124 6993 3469 4964 5750 2271 5543 1063 587 9427 5884 7397 9459 6951 3300 4060 9198 1636 3827 9340 7555
9387 2592 6199 4684 5267 3984 5598 7853 5846 4250 2166 903 1908 8622 9022 7815 7428 8976 5047 9611 7400 1555 9870 2903 9756 6016 697 8025 7995 8230 2646 8316 2382 1971 3390 726 5232 4155 6626 4289 0 950 434 122 3553 6968 5360 4990 129 7736 7633 526 2097 4671 4659 5641 5689 9338 5434 3761 2480 1985 4992 6964 9385 4140 1663 6962 9513 6709 437 6679 1993 8940 394 1579 4995 3834 3359 5981 9784 4656 4520 9239 909 4702 27 1191 7720 1585 7087 9086 1152 8296 2670 912 3854 9159 8703 378
3209 8759 6261 5391 2859 9171 3019 9117 5981 4508 350 884 111 2754 5626 4319 4749 2467 8411 2239 3233 1111 3480 1610 8321 9061 630 5211 3256 3414 7318 5692 1821 8249 7489 1344 9644 700 9457 3055 950 0 181 3863 2401 2409 7099 2927 8954 1301 5621 1362 4286 3853 2696 7423 3850 6388 2430 7303 6808 4080 9111 6670 2156 3684 8195 6224 2663 3513 5253 5997 6051 9109 4087 7817 8142 2580 8711 3238 3745 3827 986 7650 4211 2458 2882 2411 1545 1513 8345 9874 6131 3234 6073 7378 2405 1683 8182 9150
2371 9293 5922 4182 6414 674 1368 7585 8307 387 2127 1116 8168 5270 8956 8332 9018 4872 5446 9918 2626 1740 5211 4384 5907 7264 3455 973 610 7656 9814 3279 8655 160 2088 5334 1491 7315 81 2365 434 181 0 5313 9820 7023 480 768 3891 5457 2715 5887 4248 4811 2716 5655 8633 1822 7442 7827 8726 4765 2332 3050 2076 2257 2520 103 9368 7786 3001 7465 2051 9529 2624 7196 1512 3216 1234 3550 9192 3872 280 8146 1567 2727 7314 3785 7613 7106 8230 1943 5168 6069 4988 4348 195 474 3292 5177
2342 6546 7045 3188 3043 6548 6348 2230 2812 3585 9084 6863 6342 9036 8900 3756 9450 9245 3324 9700 3452 8262 8032 6365 7508 7099 4638 5290 6929 6475 6456 5682 9292 3259 6507 6568 1304 6749 488 7647 122 3863 5313 0 5628 4083 9422 4762 9647 6494 2904 7906 4827 8210 1090 1937 3894 8161 4995 6738 1363 1811 3223 2686 1219 4870 8321 3733 8689 9981 9028 7887 3287 9989 8198 6424 3050 5736 5588 8087 7965 3858 7635 5872 8461 8374 2897 1384 5741 4629 6551 9847 1228 3272 4141 4685 8320 1992 1776 9805
525 1634 3000 6530 3721 3674 369 1968 2703 6398 4623 490 3506 3094 9273 813 4463 3326 2566 736 981 4581 3544 1690 2262 42 5579 8772 3682 7795 9887 1261 2808 6712 7189 4210 2039 4397 5092 5727 3553 2401 9820 5628 0 9503 6698 7380 8756 6301 8861 6483 605 5210 7859 459 5791 7153 1061 9005 189 1772 4391 4977 7973 1003 5499 4375 7173 3842 349 2243 8836 6187 3496 5312 3806 7671 6007 1880 4355 8758 7056 5737 7648 4937 1955 5915 7623 7040 7972 573 4522 5733 452 6535 5936 2773 7996 2639
4567 8756 6118 8760 3233 3381 1675 537 9964 8258 1896 5214 144 9021 3258 8966 2428 1954 2381 2464 9052 4043 5206 8037 8063 3994 1202 3183 7512 8369 6012 2616 61 4263 1611 9010 8194 1754 3245 5087 6968 2409 7023 4083 9503 0 2530 6697 2601 6893 2104 551 3156 6674 7765 8614 9197 2002 4996 3490 2810 2836 3737 8155 1970 4489 8181 5660 6030 7401 3696 9271 5213 7579 1334 5951 502 6259 2076 6671 5514 3352 1520 4775 4012 6041 272 9740 649 1298 3743 9730 6509 3120 9531 2864 1630 6945 2960 2334
3993 4740 4403 2211 9197 6992 4065 9928 1110 4265 340 6108 9219 4179 3814 6086 625 4495 1554 6184 1129 6462 2702 8071 8187 6097 6622 8461 5261 8828 6882 2345 5520 5538 62 210 148 4120 2493 6843 5360 7099 480 9422 6698 2530 0 1572 3945 3968 9123 4425 7430 7021 3049 8925 5566 2599 5329 5690 3006 5482 5590 7990 4275 4314 5521 5851 4070 5482 4851 6809 3894 4368 8776 7806 8438 5740 3769 1710 9269 9340 8807 558 5380 264 2301 3245 3616 6699 6153 689 3470 1577 6082 4985 2789 1741 1576 6071
9253 9504 8636 858 1374 3918 1706 4088 2774 3399 659 1441 793 3436 5304 9060 2104 5652 3706 7710 1255 1510 802 6956 779 7353 2737 2782 6772 4688 2549 720 146 2354 4869 6845 5514 2832 6197 5850 4990 2927 768 4762 7380 6697 1572 0 9457 1189 3152 8087 1210 1325 9625 3359 2618 2162 8695 712 3100 8571 5231 2289 6792 9147 6142 9611 6343 9589 9741 3276 3842 5565 9789 7792 5473 8324 9369 352 3803 1875 6522 3063 8371 3366 7252 3102 61 9378 4017 1786 4261 514 5680 9504 176 4507 9583 1288
8533 8581 7962 2600 5558 1457 4408 8416 2083 8302 2513 7050 6949 7237 6387 51 2723 532 1493 1709 2571 4310 6645 7262 7646 7384 4136 167 6602 4973 5359 7896 1283 5059 6492 3360 3875 1444 2827 9201 129 8954 3891 9647 8756 2601 3945 9457 0 9391 7190 928 2339 2072 7450 8777 4386 5589 2574 2021 6161 4241 1106 3211 6643 6534 8965 6365 6363 7889 5594 1538 1412 9180 182 8304 3193 6107 424 3644 382 9466 4768 7302 4040 1667 6067 4927 3019 4688 2011 2942 7914 7932 5415 1780 418 2367 9463 2783
6769 5672 8620 6293 2307 9076 761 6359 9646 390 3050 3269 5292 4509 8869 6175 1565 2684 3803 5647 906 2573 4501 1991 7686 8189 777 9332 6408 2546 6974 3498 3833 6106 7705 929 8267 4675 6739 9274 7736 1301 5457 6494 6301 6893 3968 1189 9391 0 9845 6053 7276 9779 8357 9285 766 3284 4857 8255 6449 2553 4615 6705 3118 5974 2591 3422 417 7333 8719 1976 6636 267 6747 4869 2942 4877 3197 5429 1792 7896 6073 1364 6256 3995 6204 23 2341 1140 9434 302 7748 973 8149 9707 5704 7360 9378 9642
3944 3351 5153 9370 6363 5808 9075 2736 9925 2977 8273 6963 9696 5538 3631 6489 171 3996 4520 9799 9356 103 7665 1592 2218 3861 4775 6442 8971 3428 274 7267 17 6279 880 3315 26 1137 2655 6769 7633 5621 2715 2904 8861 2104 9123 3152 7190 9845 0 9904 5191 9127 7542 2708 1754 8659 4004 1884 6973 8547 1317 523 575 449 7662 1508 7325 7015 3255 5128 1224 160 4806 1105 7879 2021 1473 8682 7363 9046 7720 512 5165 9896 7675 5246 6390 7622 8 8848 1157 1292 7044 8901 653 1203 2710 7214
1030 2238 1698 505 4177 6572 970 5738 4886 4537 2784 8619 6300 4864 275 5195 7284 1988 25 1317 3961 2231 8828 6796 2817 3911 458 3905 3427 1517 6308 5980 825 8219 3342 2463 3445 9391 1587 801 526 1362 5887 7906 6483 551 4425 8087 928 6053 9904 0 4562 9788 314 3328 8411 5781 4177 2441 9443 5582 8474 527 1837 9232 9886 3847 7027 6031 9084 9568 3418 8336 7929 445 8567 6611 2896 3814 8729 6147 5082 565 4472 9146 4137 1496 2205 3454 5168 5836 5320 4544 7404 4377 201 8011 3985 3525
807 1259 1193 8167 2673 4483 6211 3797 1976 7482 4367 4822 7345 5556 3801 1120 480 3533 917 7621 940 4964 6784 7286 8775 1440 9188 8938 2705 4225 1008 5799 4644 8465 825 6806 7711 5037 7231 9553 2097 4286 4248 4827 605 3156 7430 1210 2339 7276 5191 4562 0 7919 1361 303 3811 786 2032 8010 3258 5467 2415 8720 7817 370 4459 5538 9556 9633 8985 9957 7130 8239 4804 6799 3910 7730 9439 5479 2973 1370 2302 4194 3741 5967 3663 2857 5513 4404 1023 7231 994 9906 5143 5375 4799 8340 1201 9183
4923 3700 9981 5061 8754 8733 6486 435 9434 5921 8596 5602 8295 9424 7368 380 4981 9921 5576 1792 3841 3029 8180 7322 3052 966 836 8621 6125 2643 9796 6197 3655 7984 1043 3617 5066 6313 4561 443 4671 3853 4811 8210 5210 6674 7021 1325 2072 9779 9127 9788 7919 0 7215 7520 7877 8297 822 7229 7573 8618 1387 1131 4554 8988 9572 139 8009 4672 9552 6984 1607 3438 1501 3025 9939 8974 5009 6765 1602 9295 7434 8206 8579 4098 1811 2704 469 1625 2905 3060 7454 6662 2398 8571 2469 2895 2602 8395
6397 1759 1267 2944 7236 3735 3917 4985 8887 9044 212 8023 8533 6374 9405 3009 7978 5171 107 2237 7243 7985 7932 8814 9544 2753 2969 3547 872 5806 9500 4236 3335 3590 8807 8516 2550 836 3129 513 4659 2696 2716 1090 7859 7765 3049 9625 7450 8357 7542 314 1361 7215 0 3942 834 3617 3829 545 8432 5345 6116 4324 8641 4349 1726 7752 2318 523 5268 2035 3899 6912 9319 9480 7594 3365 4683 9613 3034 2809 5049 8843 8672 2946 2369 2464 6335 4688 2165 8546 8730 516 4286 6535 4679 5386 8211 5750
7377 2929 6317 1216 7561 975 8793 3549 5800 9022 7949 3089 7493 1945 9564 1289 8501 3148 5938 5909 1503 2206 1928 8764 9639 2748 8122 9773 1683 5522 1369 9767 5488 7964 4490 8182 7425 6047 8998 5318 5641 7423 5655 1937 459 8614 8925 3359 8777 9285 2708 3328 303 7520 3942 0 1307 1062 6617 4126 1753 5480 3230 6494 7579 7216 409 9279 2930 296 5454 7174 8639 4090 8053 6744 4778 3749 825 8960 8252 8052 4852 7807 9090 5437 152 3053 3700 3910 1986 6458 436 8369 573 8375 4042 5403 6510 6557
3342 8480 2669 9141 3137 3389 453 3893 1347 216 9199 6302 6491 1780 8371 1418 8863 2760 8455 1527 9568 5514 1359 6682 3472 8100 7423 3381 4809 2132 5623 1383 926 4620 6228 8240 6171 7050 1156 3345 5689 3850 8633 3894 5791 9197 5566 2618 4386 766 1754 8411 3811 7877 834 1307 0 7777 9144 2775 2244 9176 5872 708 754 1993 444 9370 3776 3050 6499 308 7509 2495 5149 2714 5524 3183 676 9449 1199 5136 1649 2515 6469 2820 6411 7799 6284 5523 8993 3130 4913 2997 2636 7641 2154 882 8889 8404
9691 2037 7105 5581 5861 44 3157 1694 8916 8406 3302 9306 7430 3279 7341 970 6167 297 9947 8320 7964 5727 2215 1139 2389 4439 592 5405 1307 6933 5643 1265 7140 8896 9831 1982 1169 3211 181 6315 9338 6388 1822 8161 7153 2002 2599 2162 5589 3284 8659 5781 786 8297 3617 1062 7777 0 7262 59 3184 3377 2520 7193 6719 3843 9605 4046 3251 9852 347 5501 3538 2535 2468 5909 6047 3760 9770 2139 453 7242 3238 257 5672 1647 163 7130 5681 6241 9758 9787 34 5167 9151 5912 222 22 5676 1448
9665 2847 3011 1024 8070 309 9609 5411 7738 4928 4473 4199 5294 4713 648 1065 1093 1394 7602 5349 4046 3447 2419 9702 7033 4380 4415 4420 85 220 8047 1290 9455 7268 8904 1151 3535 1033 6250 7689 5434 2430 7442 4995 1061 4996 5329 8695 2574 4857 4004 4177 2032 822 3829 6617 9144 7262 0 8165 5366 5751 7750 8028 1197 4470 222 4920 391 2800 1118 1624 7648 479 3 4045 7025 957 5559 1097 270 4253 9443 4028 8387 8288 1578 6683 538 9120 939 9684 3502 3357 4751 2295 3050 5063 5167 1310
3229 9312 5275 3661 7522 8915 9908 1524 993 6254 6320 5208 1169 4576 7963 7050 8590 829 8509 2514 7145 1622 5210 1697 8491 9640 1360 3319 3139 1411 253 5406 4648 2181 560 9559 8089 2039 4978 4754 3761 7303 7827 6738 9005 3490 5690 712 2021 8255 1884 2441 8010 7229 545 4126 2775 59 8165 0 3824 4682 1519 3486 7556 1777 6648 1409 1382 773 590 2865 2635 6951 503 6615 9033 5496 857 1745 9565 7149 8259 524 8747 8450 3068 4008 9788 4764 230 1518 7324 903 1118 2052 9641 9347 6213 8973
7638 3864 57 7202 3145 142 9011 2419 8541 4343 3545 4560 5370 3047 4502 7781 2028 4897 8367 243 4799 9836 3502 7817 1433 3680 8632 9915 5605 7982 5178 6053 5740 3220 5141 5199 1353 3101 9306 5016 2480 6808 8726 1363 189 2810 3006 3100 6161 6449 6973 9443 3258 7573 8432 1753 2244 3184 5366 3824 0 3244 5893 5194 5938 2223 3620 1755 5025 211 6814 9029 7868 2742 2126 1571 7355 4039 621 6116 8885 233 3538 817 4915 4510 439 4183 343 5760 1958 4811 2032 1228 3149 2929 6327 8205 3411 9479
4915 9309 9329 9872 5640 946 4328 7444 7533 6831 7723 7177 734 951 7333 279 7675 1887 4111 9577 7538 2246 8041 3571 3922 1669 5138 4329 3200 8664 4013 5284 2840 1955 1778 8083 681 9925 2832 8276 1985 4080 4765 1811 1772 2836 5482 8571 4241 2553 8547 5582 5467 8618 5345 5480 9176 3377 5751 4682 3244 0 8792 809 1333 7958 1180 8130 7384 3077 7239 9820 5876 4079 5531 563 3101 9342 7631 8267 6038 8563 5084 2932 6818 3296 3166 9122 662 3816 8786 7585 7688 2062 6126 9426 342 7142 1671 9797
6634 1078 1510 2233 1349 3605 3396 2789 4790 2827 640 7517 8594 4569 1058 8250 8629 912 2309 7380 2269 6877 3989 4295 7256 8283 8984 5047 2966 4824 1517 6511 1641 1499 8561 3637 219 5267 50 9625 4992 9111 2332 3223 4391 3737 5590 5231 1106 4615 1317 8474 2415 1387 6116 3230 5872 2520 7750 1519 5893 8792 0 8346 5156 5799 7516 5585 7900 6989 5400 4680 7589 3740 641 8544 979 9070 259 7894 9096 9997 7099 8694 3686 8774 5955 5761 6783 9840 5429 3248 8981 5824 5753 7982 906 7226 6717 3544
9317 7236 7817 1001 8096 2471 2676 8864 4859 9682 518 4829 132 3284 8900 1520 7746 5723 982 9050 8014 9987 1869 6726 1264 3712 4785 7822 9198 7582 8034 3796 288 9264 5851 5226 7929 2155 16 3954 6964 6670 3050 2686 4977 8155 7990 2289 3211 6705 523 527 8720 1131 4324 6494 708 7193 8028 3486 5194 809 8346 0 2034 2962 8601 6063 6193 3457 5806 6384 9283 2998 4354 8943 375 8148 7297 7532 3175 7947 9451 5893 4907 400 8892 9504 6283 3675 4629 1768 6484 2501 3502 790 1413 8534 9070 7658
6124 9219 4859 3513 6092 3371 8416 315 149 3232 9830 3071 5284 6314 1135 243 9512 4275 2978 9175 8068 5105 7595 3264 6315 7883 9041 8645 801 4928 3327 6121 6821 1597 3551 533 5155 1134 3622 9156 9385 2156 2076 1219 7973 1970 4275 6792 6643 3118 575 1837 7817 4554 8641 7579 754 6719 1197 7556 5938 1333 5156 2034 0 7577 454 269 834 4389 8596 2027 3045 5413 1860 3379 3620 4046 3835 2235 5236 3089 6505 9164 6662 9639 8444 8742 2788 7710 5249 160 2506 3142 4465 5761 6335 1970 7179 8405
7026 7666 1011 4449 8712 7449 5538 886 5584 2374 3024 3482 3173 5620 7268 1795 7798 2521 3279 4039 7673 8716 130 472 5329 2421 1437 8212 8802 8286 7684 1458 3593 2873 1100 493 264 6670 7975 852 4140 3684 2257 4870 1003 4489 4314 9147 6534 5974 449 9232 370 8988 4349 7216 1993 3843 4470 1777 2223 7958 5799 2962 7577 0 9031 3010 607 321 8235 5641 1415 6090 9190 3420 696 3833 9681 9760 9992 1926 7414 7723 2381 7777 3691 1788 5778 6104 1598 4973 5874 8268 9585 2136 9954 3620 8497 8739
6115 4569 9456 9073 8400 3769 632 1598 2840 1217 3751 4101 6063 8916 9447 2292 551 1355 6187 5690 7846 4318 8440 6585 4620 5718 6294 2957 2866 2256 4403 7666 6166 9939 5186 4408 5558 6100 1868 4139 1663 8195 2520 8321 5499 8181 5521 6142 8965 2591 7662 9886 4459 9572 1726 409 444 9605 222 6648 3620 1180 7516 8601 454 9031 0 3292 2242 2742 9241 6252 4807 5260 8653 7607 4762 938 2821 7278 360 7406 6720 1101 3978 851 7277 1024 5317 7346 9873 5608 3217 1998 1852 5784 8444 2074 3741 9617
7790 6261 2019 1996 7629 3249 7260 4230 494 2362 3410 1962 1160 1249 3127 124 1086 1842 389 2118 8750 9514 9408 1219 7963 8344 6887 5564 8822 5128 14 5237 3094 2417 7657 4169 1969 7395 5682 603 6962 6224 103 3733 4375 5660 5851 9611 6365 3422 1508 3847 5538 139 7752 9279 9370 4046 4920 1409 1755 8130 5585 6063 269 3010 3292 0 7161 6065 8190 4508 9758 1209 5414 2725 6372 9625 9787 2145 4735 1904 6500 1272 4190 8472 811 6764 3841 728 2757 4933 9277 776 8560 8174 5025 7840 1872 3528
2735 3900 5129 8343 2704 1371 2376 6782 1541 5844 3315 4368 2124 3922 178 2966 3024 6238 490 2385 9416 9681 5431 2024 8902 8934 6327 2010 9856 2685 652 7304 6449 6233 1637 1320 1350 1419 1957 8926 9513 2663 9368 8689 7173 6030 4070 6343 6363 417 7325 7027 9556 8009 2318 2930 3776 3251 391 1382 5025 7384 7900 6193 834 607 2242 7161 0 2920 3003 4906 8900 2436 2650 5611 2288 6175 1110 2671 3196 4887 9600 2666 1372 371 2970 1376 8634 27 8731 5227 3757 8700 9066 9134 972 3088 8351 4290
2462 7220 6285 1472 3891 6673 4756 4860 5418 9003 1631 1636 6578 160 6027 7318 9639 3793 2105 8518 438 9752 4953 2567 8093 9635 9461 1809 9171 5016 6135 3037 8724 5030 2695 3260 2890 3312 7772 3298 6709 3513 7786 9981 3842 7401 5482 9589 7889 7333 7015 6031 9633 4672 523 296 3050 9852 2800 773 211 3077 6989 3457 4389 321 2742 6065 2920 0 7959 3367 2613 9387 1995 1069 7007 6640 147 3557 9809 929 5112 3522 6923 6986 2201 6776 9605 2274 9067 9977 5520 8352 5016 146 4085 3769 8518 2616
6541 256 5598 6752 334 444 6187 1385 9841 6875 3201 5404 1771 121 1014 8421 5963 8129 3833 7461 5887 3710 7446 1346 9568 6600 3934 157 5116 8380 6000 6976 1111 1791 8333 8920 2910 4374 687 4533 437 5253 3001 9028 349 3696 4851 9741 5594 8719 3255 9084 8985 9552 5268 5454 6499 347 1118 590 6814 7239 5400 5806 8596 8235 9241 8190 3003 7959 0 8961 1585 3693 9011 7286 6543 8186 1625 3024 3865 4875 1109 6189 1312 5604 7686 7275 3692 6493 708 6127 2979 6289 8700 796 8949 7058 3446 2489
5208 822 3545 4502 9519 6122 7767 9614 1700 3071 6736 5902 1145 6779 3143 1241 6608 763 2652 3989 1854 4056 8588 9219 1507 6161 687 9636 4843 6291 4339 6200 9893 6103 2867 6064 9029 9519 7740 8472 6679 5997 7465 7887 2243 9271 6809 3276 1538 1976 5128 9568 9957 6984 2035 7174 308 5501 1624 2865 9029 9820 4680 6384 2027 5641 6252 4508 4906 3367 8961 0 7164 8114 8045 265 6903 6406 8871 5175 3952 4193 3216 8378 2685 8447 9724 9478 1961 1517 3596 4383 4769 8653 4302 7045 4373 1023 6456 7997
8255 5898 908 3515 4963 4917 9130 7311 299 3300 7893 7242 2225 7646 7531 8014 7056 4112 6420 3567 767 5568 7501 4453 1795 1184 9315 7077 7553 508 912 1520 4371 9500 7269 7739 2507 4460 2547 6797 1993 6051 2051 3287 8836 5213 3894 3842 1412 6636 1224 3418 7130 1607 3899 8639 7509 3538 7648 2635 7868 5876 7589 9283 3045 1415 4807 9758 8900 2613 1585 7164 0 8085 9934 3959 793 2075 281 3677 5343 5073 8771 6598 9048 1818 3722 8887 6662 7647 7915 515 3294 2860 294 476 6998 9918 3 3580
9365 8664 9656 4213 3775 7930 5707 9143 148 3200 1637 96 9350 6393 6207 1801 3375 8260 3595 1703 208 2114 3476 4590 2456 3145 6107 606 4843 8854 1431 3654 5573 1406 4777 4214 314 6430 5682 9017 8940 9109 9529 9989 6187 7579 4368 5565 9180 267 160 8336 8239 3438 6912 4090 2495 2535 479 6951 2742 4079 3740 2998 5413 6090 5260 1209 2436 9387 3693 8114 8085 0 4421 5387 6152 1350 379 3107 3379 9837 9498 555 6271 4931 8613 368 2159 3750 1476 387 6273 6472 3714 1512 9775 6141 7970 4839
4928 4874 2207 8114 6290 1849 8979 2497 865 2597 6575 1696 3950 9517 7761 9974 235 5601 4834 6991 5215 6739 2864 4675 6897 5312 8743 7614 9525 8992 7021 3460 7411 5709 9436 4208 1203 741 8777 7434 394 4087 2624 8198 3496 1334 8776 9789 182 6747 4806 7929 4804 1501 9319 8053 5149 2468 3 503 2126 5531 641 4354 1860 9190 8653 5414 2650 1995 9011 8045 9934 4421 0 3281 8384 2897 1520 8619 6779 7562 4756 7697 1113 5943 2728 1966 225 6972 4527 8301 971 8228 8162 741 7957 9527 2386 5858
3575 8581 50 6181 6329 9171 7552 7797 6557 3402 8138 2379 7572 4943 6898 2449 1475 6291 6476 5650 6342 6072 1663 2830 1169 973 8204 3737 5926 3383 1786 6911 8562 4691 1416 4557 4493 4490 833 8966 1579 7817 7196 6424 5312 5951 7806 7792 8304 4869 1105 445 6799 3025 9480 6744 2714 5909 4045 6615 1571 563 8544 8943 3379 3420 7607 2725 5611 1069 7286 265 3959 5387 3281 0 2351 6589 7139 9998 9754 6576 6775 2690 8048 7106 9612 4244 2122 8533 8754 4457 8525 4887 847 3608 1242 1085 5549 5498
7512 2981 3678 6234 7023 4054 8773 4227 7177 4530 7812 3825 9666 7078 7051 3619 9673 8500 2225 5689 9125 4890 6786 9751 8528 4125 4839 9665 9935 384 5255 8308 3548 9885 2718 4138 7276 1016 5982 7561 4995 8142 1512 3050 3806 502 8438 5473 3193 2942 7879 8567 3910 9939 7594 4778 5524 6047 7025 9033 7355 3101 979 375 3620 696 4762 6372 2288 7007 6543 6903 793 6152 8384 2351 0 4621 3175 1410 4553 531 3978 7559 6712 9388 6005 5771 490 3155 5013 1839 3970 3066 5002 1447 1915 923 9653 7474
2663 7947 5484 5970 6363 2743 4344 1515 7397 551 3049 5059 7058 4358 6335 117 6737 8085 8498 4663 6748 553 4594 5287 3141 757 5186 3929 7714 4854 2142 9234 5292 9933 7344 5141 287 3512 5694 657 3834 2580 3216 5736 7671 6259 5740 8324 6107 4877 2021 6611 7730 8974 3365 3749 3183 3760 957 5496 4039 9342 9070 8148 4046 3833 938 9625 6175 6640 8186 6406 2075 1350 2897 6589 4621 0 1996 8823 6750 6210 9378 1014 3420 6660 5930 8720 7691 2371 1423 6184 5382 9286 7875 2076 2192 8310 3266 5401
8936 5823 1602 9162 2306 5847 4013 9352 555 9373 4926 630 489 3549 9322 8666 6992 3104 9036 2856 9065 4637 4704 9178 5105 8848 6017 2706 3399 1133 6223 3829 4835 8594 2810 5936 5256 4945 802 950 3359 8711 1234 5588 6007 2076 3769 9369 424 3197 1473 2896 9439 5009 4683 825 676 9770 5559 857 621 7631 259 7297 3835 9681 2821 9787 1110 147 1625 8871 281 379 1520 7139 3175 1996 0 6475 3791 4288 7495 990 9011 5616 731 5091 3158 2343 2842 1360 1958 2811 9289 1608 7105 4826 9194 3122
4465 5768 9949 5610 6131 1310 9289 8497 1221 788 1978 4176 5242 1435 403 4218 1467 7831 2812 9240 5536 7671 88 4543 1804 9342 2562 8103 8068 5498 563 4739 5148 6709 3296 5968 4700 1842 9841 8124 5981 3238 3550 8087 1880 6671 1710 352 3644 5429 8682 3814 5479 6765 9613 8960 9449 2139 1097 1745 6116 8267 7894 7532 2235 9760 7278 2145 2671 3557 3024 5175 3677 3107 8619 9998 1410 8823 6475 0 6 7322 9798 1138 6453 2061 6526 5274 3266 6138 8616 2458 9399 7504 2995 6621 2367 8985 9083 7046
5306 3424 6964 8358 6129 7205 5468 7194 1043 6152 2040 4469 860 113 4619 6174 2665 7478 4565 264 9347 2939 5325 2094 4180 7919 5633 7667 4572 1058 561 7563 7552 1650 7190 7722 9655 6125 6943 6993 9784 3745 9192 7965 4355 5514 9269 3803 382 1792 7363 8729 2973 1602 3034 8252 1199 453 270 9565 8885 6038 9096 3175 5236 9992 360 4735 3196 9809 3865 3952 5343 3379 6779 9754 4553 6750 3791 6 0 8782 4497 4684 6988 7220 9240 9595 8855 9280 5923 1305 604 9760 3326 1610 8707 115 3685 4384
3300 2270 5944 4536 6459 7149 2857 3674 3559 4180 5839 9380 6191 5849 5722 646 7449 2053 8864 4148 7449 2143 4248 6907 888 8998 2135 5502 6084 4364 8239 5368 936 8441 446 6516 6707 4617 8564 3469 4656 3827 3872 3858 8758 3352 9340 1875 9466 7896 9046 6147 1370 9295 2809 8052 5136 7242 4253 7149 233 8563 9997 7947 3089 1926 7406 1904 4887 929 4875 4193 5073 9837 7562 6576 531 6210 4288 7322 8782 0 6150 6532 5962 3727 8142 2570 7006 6775 5526 5317 4402 6235 8527 3711 2409 7522 2135 7786
