300
0 844 4409 4159 6199 5672 4932 1480 171 697 3054 4963 7829 328 8396 818 524 2203 8537 1809 3248 5734 9482 1413 2487 5561 4812 5182 7282 4636 3723 5187 2636 4622 4314 5677 2374 1004 7078 1069 2307 6102 3690 7985 3969 6949 7127 7073 591 7983 3275 327 9723 8983 9741 8761 6338 8291 6809 7207 1898 1303 8522 9759 1909 6071 9533 8189 5806 3570 7715 3677 5320 3384 1570 3396 6551 5607 2094 1273 8737 5856 9467 1596 1995 981 434 6050 9116 9254 5279 2796 6152 2230 8154 5666 5517 1612 3408 2709 4245 3913 2651 6537 8481 3307 3550 8784 365 5352 2877 8369 2331 6588 3948 7549 6688 955 5795 2633 7753 3417 6465 5767 5887 9476 2870 6547 2405 5463 9774 8986 6626 7056 3279 1742 5965 3363 5796 6507 370 930 1970 5427 681 6733 7544 415 3013 8076 7542 6177 8419 8001 7009 3967 440 4820 7449 2211 6437 8501 1491 5378 3303 3461 7714 685 146 5608 2448 7309 8199 4419 1931 6309 2516 8172 1275 3014 2209 4500 4551 4216 705 6040 8546 584 4471 1944 1997 5910 7183 7511 4385 3101 7581 3889 6467 5039 6136 6682 7421 6082 5214 8726 5311 2680 1916 6802 7069 7965 5568 5092 502 44 3683 5726 2217 6368 6934 4805 4951 9508 1880 8585 3431 5811 780 3341 8426 6733 2507 4162 9377 3102 1857 6808 5965 2679 4573 7410 206 5958 6175 3379 4499 9856 852 1149 3983 6767 3486 8374 2381 6119 964 9630 2898 157 143 4168 4821 1032 4157 3047 8167 1337 6672 287 2355 438 7349 8939 5388 7112 8576 1046 7222 3428 976 3717 9519 3686 3625 1555 2317 1461 5876 115 9002 252 1703 305 7317 2899 1904 241 1712 8919
844 0 6435 1445 9200 7844 8305 846 9979 6784 779 319 7820 9841 4259 5975 9878 597 3725 8076 7479 4472 9664 2065 3305 2514 5214 8566 9857 4781 2259 4927 3804 102 5189 1499 64 6012 8159 2951 2899 9944 8765 7753 9301 5630 4368 4669 2748 5087 2726 9547 2025 8520 5484 1060 3335 7246 6642 840 384 3605 4619 6259 252 4631 3661 7845 4815 5721 8039 8749 6583 4774 9158 6193 7146 5435 9793 6876 265 3365 9658 5914 3980 3914 4776 9016 8372 2669 7389 1877 1110 1514 1997 7214 5622 5334 6933 7062 3247 8421 748 5354 8596 9097 1246 6437 90 9700 878 6504 428 4429 3565 7123 2220 7612 8693 3486 7002 9321 3596 1718 937 3229 3454 4132 6146 1328 9735 6710 2883 7367 1363 2658 5923 2137 8775 3365 3032 8317 4045 7539 364 8975 6335 1039 1225 4796 2092 7584 9235 4231 3631 8547 7908 6327 9365 4888 2401 6530 9961 7769 7058 65 522 2406 3947 4250 204 9487 6229 3393 5311 2056 7200 6628 8520 2399 8102 7585 4585 1148 7870 4080 9524 6201 4646 427 5830 8194 3660 7013 2451 4500 8222 2680 4761 3509 304 7399 3245 7270 8447 2192 6386 6203 2429 1134 29 7074 6726 3534 8806 1418 4448 9852 325 8187 8748 6067 3369 4894 724 8079 141 9950 8505 715 2163 2530 7811 6730 7423 8466 8495 4842 6396 9862 8215 3401 4717 9802 1061 8881 4127 5462 6226 1265 2369 9203 4620 3030 4506 5830 7956 4841 6654 8425 7966 3856 8507 1970 3505 5008 9125 2640 3874 8183 1926 8815 7103 4566 436 5481 8988 5437 7653 743 3388 5134 975 2884 8382 9386 7405 6131 3397 1957 30 9168 2985 5594 7692 8923 4451 5639 3781 8674
4409 6435 0 163 4516 3314 4560 4478 2370 8271 1948 8501 9328 9880 965 9345 6337 337 6903 5291 2042 4530 9962 6765 6260 1498 8948 340 4500 9104 4091 9498 6146 9448 1862 9165 7719 6177 2448 8143 3332 6619 1256 1423 6135 8727 3873 9343 2224 6661 1861 7906 8131 9091 1815 7361 3008 1438 9198 2333 8183 9218 7822 288 3077 7409 6634 4883 1982 8814 2904 6143 5706 3126 3526 9880 2359 9867 2376 5736 3049 3845 1950 936 3585 3621 5520 8420 5263 40 183 4261 5244 5190 5695 14 1349 953 3327 4351 7588 8056 5326 7440 1808 8169 8906 2362 5489 4963 1383 4985 8487 1186 4713 6291 5818 1585 9227 2802 2521 2553 5090 5993 5680 4721 2097 5480 8264 8441 9370 5825 6578 1636 8272 226 6269 247 2545 37 3919 740 7614 970 6879 3504 1178 3497 2906 715 1876 445 3308 4409 6134 6902 9044 5295 5092 5048 6626 9823 6078 6719 1649 8191 9052 9666 7138 16 4280 9307 7841 1619 5277 3758 9064 4605 336 9641 5806 3585 5045 6196 6112 6925 6605 7161 8241 1792 9269 9357 2918 2209 5173 8081 815 8723 6303 3722 248 9566 6870 5002 1590 221 4060 969 9704 3387 8112 5699 3355 8063 1777 9546 8326 8687 9367 6978 1910 5908 5502 7979 3173 7064 5496 6505 9393 5424 413 2410 5867 1248 2683 6430 6343 9080 4788 8281 47 1976 5133 4545 6849 8772 829 3908 6805 1238 7131 4917 6899 5717 8044 8492 6426 4467 8029 6664 1960 3637 8946 7243 2141 399 8271 2406 6518 103 140 6465 4328 7361 3976 7312 5728 468 5848 8579 8470 1253 5310 2827 1323 5402 7821 3126 4679 1365 2842 4271 6932 2675 3930 2936 5896 9499 6903 8688
4159 1445 163 0 2727 8476 477 1386 6589 7410 8796 1138 1428 2090 3887 2256 6613 1715 2899 8860 7753 3477 8657 5344 8471 272 9836 9461 2759 6979 6677 4565 7711 797 8582 1075 8409 8186 1323 5835 9254 2386 6975 8590 1665 256 9569 1257 4120 7703 1086 5875 1074 5305 2933 646 9090 4178 4663 5272 1486 6580 7887 564 518 2743 9701 4890 3719 1549 7109 8573 3810 9427 65 6339 4019 7611 17 4151 4645 3081 4301 6130 1133 7806 588 6904 2006 4797 754 4385 7394 4252 7550 7090 3393 1329 7747 907 2109 3376 9434 8952 6672 1398 4405 8595 4243 179 9110 5453 5034 1053 316 7117 216 9523 9276 8783 1024 3691 8982 8365 9303 9081 1750 7286 47 8374 6338 4678 6803 1264 8450 4387 1664 9003 4127 580 8463 4041 6522 6062 7555 4255 2870 3791 2108 505 6132 7861 4011 300 4027 4531 9191 8123 7838 1196 5332 3494 4964 7045 6559 8896 638 1206 3125 8921 8572 1510 2770 3273 6953 8388 9739 6572 6157 4504 7531 8151 440 9844 2269 973 7808 3770 3418 9661 2577 8753 9997 4294 4659 2141 2903 9348 5676 3110 4634 9594 39 7826 3631 4963 4517 6990 3834 5032 31 4615 7137 4111 3218 3140 590 5332 5795 1746 5698 9718 1241 1871 2994 9989 1567 7154 275 8970 7300 7822 4821 1805 2383 9802 2504 4583 2278 6138 6360 7179 4276 6906 427 696 6896 9692 5971 9433 2584 2703 372 1367 7681 1677 7596 4050 7030 5255 5094 3442 6212 9943 8780 4614 580 3020 5189 5498 8364 7310 5529 6140 312 9796 7771 6806 4962 7673 9592 8462 8668 7673 1915 5262 7666 3501 4635 2029 2771 6346 8930 4472 7847 4346 4643 1622 5528 1868
6199 9200 4516 2727 0 6342 3522 1903 725 38 7808 5329 9484 6807 295 3928 7763 3544 4530 2516 2423 3277 6207 6600 6548 7851 9570 3820 1613 8390 5882 8588 4926 7853 2640 7360 3746 3568 7289 8217 1708 7134 7047 3244 4677 2766 2314 8403 2607 4642 4210 3647 1559 3980 5137 4268 246 1256 7098 6534 7303 6336 2441 7793 6029 6698 222 3928 1244 1762 7737 4305 5573 9016 7521 3832 5751 1663 6090 2041 4172 7078 642 9792 8401 5842 6952 5535 4227 6331 5419 6208 3319 2078 8660 3951 77 3151 9707 6907 52 3049 2137 2836 2861 4338 6472 783 7464 2438 8095 5629 6710 8621 4315 8834 6989 8559 7216 4644 1892 8429 9567 8256 7961 5478 2202 7060 1285 2712 9929 4193 1144 1298 6988 3426 9247 2609 8919 3394 4456 6998 158 3166 4121 7276 8952 2424 2008 348 3854 4205 6895 2342 6397 7494 2381 9847 3304 6760 7248 5547 1454 3721 8449 8782 8897 2366 6038 5309 9041 6117 3305 1784 194 2914 2888 3967 4006 3425 4007 1502 7121 6360 5518 9909 7564 9692 9871 4508 8614 4189 4086 9904 1596 9348 5829 9184 1313 915 8740 1168 7799 3079 8501 8573 2388 5630 5318 6464 3064 1587 3041 8566 552 433 4976 4376 6676 8667 8347 7549 7010 6845 5839 7837 9749 6422 2474 2669 2585 3301 7567 2958 5156 7884 7298 3846 1807 4199 6756 240 1336 2311 6908 8230 1564 64 6154 2766 6915 7259 7341 7983 4795 6624 2285 9266 6242 9775 2821 1487 6877 8124 2663 702 2974 5969 8905 8980 7569 4104 9730 4610 9676 7362 8603 6862 5527 8616 4212 6560 3184 8957 1582 2367 1941 1026 2708 5132 1002 678 5506 414 1990 1830 1633 5821 8931 373
5672 7844 3314 8476 6342 0 9600 255 6259 6027 4334 2278 141 2496 5382 3359 9851 8328 5434 1573 4182 3781 6812 7160 2472 1872 6317 4903 1374 9163 3511 3813 8811 1384 6580 5536 2931 4156 6014 982 3113 7835 390 6853 4276 118 1513 2165 6248 7960 321 7130 9764 1382 7839 58 511 7426 6682 4848 1623 9069 3738 6345 4113 3536 1537 9326 5842 3227 9819 8624 8787 2145 6610 6829 5459 1205 5156 1415 9090 2053 1820 467 4841 2660 4433 4662 547 3607 2038 5418 9422 1167 5333 6958 871 427 1695 9092 2324 5250 2682 2386 6334 8832 5671 3537 3434 4086 9045 4282 3472 6046 8311 8802 6065 8967 8078 5836 6494 3592 2311 8385 9629 1319 5296 4360 9691 2940 6554 7770 3880 5646 9080 3458 640 1205 9793 6829 2153 8898 5979 6041 3662 5060 1129 4100 5208 7559 3595 1022 5895 3049 6792 6101 1636 6484 1322 6489 7104 6350 955 6001 4011 2262 7028 2939 6838 4376 3006 1093 4315 7879 1157 2413 3336 6160 9689 5970 2830 1500 9073 5570 8143 593 505 3888 216 1072 9462 3665 5383 9350 9015 4917 1564 9451 585 9972 1500 3273 8887 536 1732 4066 6196 1136 3124 900 9133 1047 6758 5870 3482 2895 6114 9129 9299 8874 7092 7948 7388 5209 2247 4886 1805 1525 3675 6377 6959 2922 1241 7337 5065 5629 8203 6785 4325 5854 654 168 1647 6767 9191 5767 3038 6297 2923 1580 5665 1172 9153 9802 9170 8570 4349 7365 6107 5235 8729 3083 6150 5376 7360 8203 1058 2568 6842 4914 5938 6103 266 7482 9122 234 8718 9461 732 3072 2542 6431 8326 3727 3070 8023 6125 5362 5754 654 6301 6738 7141 2467 6360 1492 9623 1009 3601 6949
4932 8305 4560 477 3522 9600 0 5260 7027 4887 3961 9612 2098 8978 1154 2306 8366 2141 3896 3419 9215 4320 4062 3160 1459 4940 1499 8567 4019 4519 2422 25 6103 9828 1651 4641 4070 4341 5842 9140 6813 5990 4235 7054 2928 6510 2095 6120 8836 1010 5459 1586 109 8607 6305 4490 4471 52 8862 8158 1005 5988 6872 5810 5831 2322 9589 4750 1118 9763 5005 9936 2505 9760 2475 5702 6600 9848 4579 9938 1489 8026 8285 9391 678 2362 7428 743 1499 8567 1686 5846 4617 4654 1789 7249 8358 2790 2904 9841 9302 3955 4546 6837 9830 2891 4690 5329 7883 6667 230 4714 1329 4250 736 3743 1831 4962 6211 1117 3426 4749 6683 7683 7666 4665 3254 1897 2561 7592 185 1175 3000 5204 419 7742 3759 1864 9441 8053 5806 6454 8576 8048 813 2039 3376 3767 3493 834 202 6673 5529 8276 1957 231 3611 2423 7267 5823 4533 9692 2974 379 1006 5316 5073 5342 256 6260 6594 5865 1067 6137 3300 1070 9758 5922 8405 5788 978 6663 7539 6928 4521 4005 7822 738 6023 6060 7913 9330 4024 1897 4936 1223 8688 4243 8510 7773 5967 3916 2651 1001 3271 3961 8909 3602 5512 4278 6023 3872 3438 3151 2312 6544 934 2600 4481 6127 1238 9914 7365 1707 4648 54 380 4996 9343 8548 7913 5761 3735 137 469 4221 6440 8230 2071 4792 1354 7529 5078 5704 7943 7167 1678 2433 7492 1627 6195 1441 5185 6207 8901 5828 7598 3424 8084 6318 9966 7686 4428 8872 1543 2521 6715 3355 7407 6354 883 3501 4650 5651 6068 8626 9391 2966 5297 5067 4949 3237 9469 8589 9450 9586 2850 815 117 2472 2195 5667 7259 2695 4813 942 5720 5904 3807 9327
1480 846 4478 1386 1903 255 5260 0 6291 8590 6560 8820 2996 13 7972 2796 8989 4162 6963 9692 6567 5450 1948 4490 6290 1742 336 8705 2985 1982 8268 1012 7565 7827 2430 5746 9315 2419 2382 8688 4967 8620 2918 4482 4904 8914 500 3507 4799 9130 8700 8572 3929 1685 1380 4250 4600 3192 3787 7107 5830 535 279 3355 578 346 9523 2664 726 5215 8380 6557 3531 391 280 3849 3397 1967 9455 7901 7614 640 3951 2215 9447 1780 2334 9865 2817 7781 7796 3960 2727 2031 9701 9878 5821 1496 9624 8668 2516 7029 199 1781 7140 2125 3229 7729 8947 8208 8517 9431 2537 5884 8458 9341 5273 5844 973 8399 460 6569 9946 3210 9873 4138 5200 3035 1047 7105 2494 5255 8870 5151 3455 3509 9727 9874 8103 8569 4275 2489 1546 6133 3137 4078 7437 8103 2857 8874 4874 306 9599 471 4346 4027 6344 4410 6912 7172 8387 459 1819 8490 2485 5229 6805 5627 6833 5260 7379 424 4896 7990 8308 8824 2742 6766 5085 6538 4775 3955 7357 8942 917 7232 9698 603 9120 5214 2686 4524 9449 2891 8401 3281 6927 3415 5162 8343 1799 521 7462 6777 7209 865 9304 5140 812 2019 5976 4374 5464 3398 2882 2151 2182 4537 9091 5046 4615 8457 1598 69 8839 8030 1771 5669 4105 4512 9446 7241 3914 2699 8782 1599 8022 6055 1162 9003 5065 5359 5045 3376 6890 7155 7967 4812 3166 9908 8633 747 521 8079 8743 9078 6953 482 1014 1815 463 3424 9962 8325 1757 1706 9170 9040 3873 8892 3669 9886 9300 501 8814 665 9116 4814 8112 8129 401 5161 2036 7852 2265 1259 5011 2011 582 6828 7734 317 8426 4629 2836 8221 461 9766 9384 4425
171 9979 2370 6589 725 6259 7027 6291 0 5342 5734 7346 9566 5436 1304 6426 3500 9818 7102 5545 6901 7648 4730 1512 1605 3078 629 7560 1401 5134 4970 6573 2349 8895 4666 1701 1907 3797 3103 74 704 5376 6385 8070 9215 2408 7226 8439 831 1286 3497 9041 8440 6405 6039 3872 8801 5696 4489 3456 9051 5053 4446 7151 5891 4543 602 4894 9155 1513 2911 1438 567 8066 4919 7311 1342 4754 1251 6242 9028 597 7877 611 9223 5709 6278 2899 7582 6611 4762 1822 7603 6798 9592 133 9667 5589 2119 768 8681 875 2335 7926 1225 4925 2152 3894 9276 1413 2452 48 5026 1057 2046 9323 6034 3987 9591 8096 1848 7919 1451 3610 4699 1797 2719 3547 8513 752 4908 8693 2310 3395 5719 7681 6433 5044 9210 8896 6830 1134 3572 1422 3983 3247 2255 6388 7883 1122 5242 6748 5170 1491 9700 4294 6206 5419 1280 3748 4844 7811 9993 8528 3401 4855 7763 6726 4053 5965 8350 6358 8153 41 315 7718 4156 7649 2563 468 3344 1898 2983 3897 6648 9648 7874 8919 5920 5761 3231 2200 2389 2412 116 1144 5852 9268 5097 2249 5517 3445 4367 4167 2747 1536 5219 9849 4667 1715 4339 835 366 6775 757 5217 1742 2451 9681 6959 5068 2589 1284 2550 7753 494 8580 7624 3524 7 2902 5926 6026 6077 9234 4250 9836 8660 9337 8151 7895 8461 3694 172 5577 5906 581 669 6006 7035 3362 6821 5058 8335 6890 3744 3769 7668 1928 9222 9869 5558 2372 9862 3589 3259 6695 2540 5441 2022 420 3348 8485 9404 3940 9048 9875 2031 8221 939 6389 7681 4722 9396 9375 8554 6183 3780 5232 3281 9737 6180 4437 280 237 2181 6049 4641 6115 2673
697 6784 8271 7410 38 6027 4887 8590 5342 0 4622 9617 5992 8536 9436 6274 4409 4536 8130 7835 1876 4623 2603 5138 5941 6611 549 8763 8601 57 79 5758 4942 1847 169 4990 5304 9351 5872 6796 1443 8087 7930 1673 2674 8862 7911 6927 8773 9107 3294 6313 846 2855 68 1279 3502 9958 6411 317 21 9781 1353 9246 1622 763 5892 1635 6589 353 2709 1834 5467 6163 9046 6368 3539 6448 883 336 6551 841 9587 9804 5389 1545 718 5564 8900 3132 6162 6263 7015 994 8239 5133 3428 4923 5665 5660 3655 4380 9179 3551 6580 1669 5990 209 1516 59 2823 6544 1181 3157 3677 8359 460 7020 8290 5684 2725 8093 5227 9553 1861 6428 7724 6777 7826 2433 7277 3432 6147 8575 5127 6863 6596 5189 7434 2129 9140 9678 6531 9429 1624 5351 9940 145 8282 5257 9262 471 3489 593 2589 7254 9537 1125 1791 9335 3088 1195 4545 2163 3631 3657 5777 7140 568 4161 7669 777 1679 8159 9956 9713 9404 9605 3946 6735 633 6221 8191 2484 7942 1033 3515 8320 278 5834 8714 2164 4104 5078 5090 1888 4603 105 1724 3325 733 2533 2611 7546 3099 9113 7354 5146 6575 2949 8930 8542 5841 8569 2615 2576 8581 984 2894 4430 9602 2751 7444 8198 2035 9456 1254 3588 9445 8917 9718 7813 6943 9950 1231 4356 4693 6076 7575 8934 8532 2062 6553 2349 1464 4404 2194 7029 6152 4957 5667 119 1039 4348 4005 523 1870 7952 156 378 3445 940 3967 5712 7433 2551 10 923 7607 1918 5039 8866 6602 667 416 6961 1975 2146 5431 7379 3085 2101 2395 9685 6968 866 2594 6371 1160 8300 1077 1240 7596 6398 3147 6027 1370 1340 6990 6410
3054 779 1948 8796 7808 4334 3961 6560 5734 4622 0 9751 3635 503 9733 3155 1110 1738 9008 5872 334 91 4269 2695 412 6450 4583 9061 5993 3442 4775 1330 8278 8708 354 9112 4204 5802 3548 2695 5502 6912 2917 4832 927 5884 681 7242 8269 6186 2607 9773 6504 188 8445 8409 3591 9206 5287 5735 7300 577 2333 493 4110 1165 7956 4557 6875 4142 9044 7030 4564 6860 5360 8196 1337 2361 7895 8670 4081 4956 7518 2412 6888 1820 5061 1242 8177 2400 6243 4210 4602 1222 3158 5401 1165 4199 352 562 5059 6645 6860 8326 4856 329 1267 1604 3820 5178 1098 4580 9512 8121 4723 1461 1836 9484 5624 5332 5007 4697 2398 5646 9035 280 8632 9214 7877 5928 1418 871 8128 876 1302 3770 67 882 2968 2740 9039 5579 2165 2689 6073 8327 7931 1970 7059 8981 5248 2529 9138 7653 1722 5935 9476 9246 6417 9879 7774 7833 5385 2509 4112 418 9962 2271 7926 1423 984 2863 22 6679 2999 2650 5689 622 5641 2715 883 8660 6417 5109 5399 403 9447 3905 3362 1582 3223 1510 3297 1706 6553 8366 314 1303 7476 8948 7501 3912 2446 2250 1473 1125 8279 7750 3954 396 4979 1329 8668 4025 293 393 9589 4954 9538 7097 6736 1461 8790 2071 8357 6879 97 7452 767 7266 4248 9078 9120 3896 9488 3279 4275 707 1780 4601 3216 8455 1451 7810 7242 8929 8517 9654 2928 6203 6944 2260 3824 8876 3680 1911 6289 1343 5954 5369 5480 6618 4870 1195 1589 4026 7651 259 8982 9398 5621 253 3401 2966 4808 6030 124 3824 2796 4218 8465 1168 3908 6085 9181 914 5246 923 3604 6097 402 5348 3335 1899 1421 9853 5236 1633 5403 4150
4963 319 8501 1138 5329 2278 9612 8820 7346 9617 9751 0 406 6973 1299 5037 7654 3163 2163 2175 245 3517 5263 1245 4819 3110 1381 7778 9284 2118 7053 9643 8996 5775 8238 3480 200 1854 5591 7541 8083 9937 2753 6729 3510 5996 2228 3274 4691 8634 6969 5419 5150 255 5441 2807 3022 2873 2342 1230 8723 5932 3794 7519 2173 9636 4061 8515 188 2866 1787 2080 3668 429 4205 1444 7392 2592 8303 1851 4662 9124 9060 5046 3250 6892 6584 2428 2797 8132 6129 4312 8071 2270 7340 4997 991 2663 819 9041 3333 8237 8290 5540 6076 557 9489 1882 8749 1232 5273 3544 4174 7308 7712 3807 2689 2377 7537 1979 4848 6606 4185 5070 1649 2277 9570 4602 6830 615 6733 1025 1193 4253 1436 9022 2702 3167 7795 8537 1252 5985 5878 6572 7565 8885 4988 4217 7554 886 3268 2697 371 9784 3349 8720 5895 4941 6663 4125 7480 1955 6771 9768 5730 4645 9394 2844 5337 1143 3553 9155 9842 32 1132 4455 2810 8194 8810 5583 6462 5837 260 3022 3462 3528 8959 3763 3529 2387 6606 7622 9398 3732 9426 2255 4224 1267 4114 7942 7130 7015 6940 6220 4784 7369 9773 8223 3727 9207 2607 2901 1540 7097 9779 6581 3610 2953 6140 8565 2227 4104 4602 555 259 2248 3287 1942 3870 4181 9849 3490 9434 6837 1310 7958 5926 7635 488 2797 8976 6942 2579 2947 1427 9637 9728 3720 7467 3323 7083 2267 8955 5342 2587 7203 8630 5554 1892 4511 6935 2230 5926 156 1424 7688 5715 341 3455 779 5051 5246 8818 1312 9896 6100 5119 6988 1932 8128 7397 3499 6789 8813 2437 7364 6345 2201 9802 3735 1945 3629 5861 3332 7989 9906 9254 8046 7950 5365
7829 7820 9328 1428 9484 141 2098 2996 9566 5992 3635 406 0 9076 6197 9155 3525 1206 1933 6843 4496 6335 9692 3585 4490 4649 7114 6015 2881 8239 9704 6502 9927 6329 2552 6719 8954 6632 138 4342 944 9905 3457 2631 4618 1807 3145 5649 5305 8829 5732 3600 6198 5276 9808 8038 7531 3534 2151 1664 6547 688 266 6185 2238 5863 6782 8952 6030 9965 5125 9397 4876 9009 4139 7561 2521 7081 218 5163 6982 6864 9038 6200 701 6055 4625 38 4172 6427 4867 3789 402 1896 8014 6451 5835 8959 7922 3968 790 9840 3140 7315 3209 7450 940 9233 3368 4194 4418 8264 9755 7899 3062 8606 8273 9567 5571 6606 5234 4921 4519 7833 9889 485 9150 1886 3920 5948 9031 8370 8713 439 3106 5148 4209 4920 1142 4389 9352 9130 7802 998 5826 8575 1540 2700 410 6356 8985 1928 4362 9495 1549 334 3918 9108 9534 9613 7737 6406 9405 2890 4340 7248 5668 4918 3232 5954 6920 7916 9241 556 6219 7394 1368 8583 5886 8865 5641 1471 8648 4736 6767 6129 3321 7792 4080 7278 4616 4845 703 5537 8674 3203 1907 5697 2033 1730 5397 6404 6442 4553 7700 103 9700 1237 2315 2108 5029 2885 5490 4162 758 8941 4919 7707 5182 441 4485 1806 6536 3556 7670 7201 1553 4510 4501 6617 6917 4034 8259 8271 5821 9322 4782 2371 7148 1965 9640 9688 6372 8847 7939 6211 7572 1926 3447 4144 1236 1050 6141 6248 1190 6327 9785 6626 6119 89 9783 7581 5850 5300 3192 3814 9928 4338 9880 8001 8496 4182 1556 2891 3687 4159 1198 5791 6192 6531 2712 6631 4409 7250 5794 4434 6530 2120 89 8619 3774 2273 379 2124 7997 8617 5878 2346 8882 1175
328 9841 9880 2090 6807 2496 8978 13 5436 8536 503 6973 9076 0 7071 8359 4314 2585 8084 1661 9630 4394 2119 4042 8827 1890 1398 3181 561 2917 4958 8837 9348 9778 9865 4799 7291 2770 6535 1063 6579 5306 2641 6756 8482 9889 9997 2962 7958 5520 962 9150 5933 9921 540 6452 1567 9758 5723 1221 6523 6040 498 1747 4497 9843 5665 4833 4404 9106 4353 2954 9513 9227 797 7189 5903 7543 4404 625 6527 5220 579 8220 9904 177 6135 6814 9756 3546 1421 7658 4215 1350 667 5366 8799 1931 7745 2963 3829 3189 8174 3418 5080 7038 2797 3835 2357 6585 8990 4047 4281 5011 6457 8210 422 989 4258 518 7 9808 8755 6247 2947 8076 4107 2913 8900 7128 351 9875 6114 8648 8958 5909 2521 9903 431 9565 345 376 8962 8243 7713 6918 188 7992 7891 8414 9705 6358 7202 1198 8300 7885 7188 3877 730 924 3498 8505 422 39 4918 5688 3743 3553 1742 486 1887 9576 8799 2297 5779 1287 7125 4806 7672 3213 6423 6639 5757 577 2874 7241 1337 8805 532 4742 4477 9243 4295 4896 1280 2207 9792 8077 9210 8735 119 9460 2204 7356 2809 5042 1189 9149 3264 6232 3898 6518 1858 3267 6174 9143 721 2954 2592 3058 4472 8679 4793 2641 5829 7361 3669 3677 4106 3995 8683 996 6253 4874 430 6707 8874 538 2514 3550 1006 7144 7851 329 3816 785 6465 4226 701 8299 855 67 629 5079 1768 4359 5671 1470 8391 9475 855 6330 6911 5708 153 7472 1097 6157 3386 4740 7276 7255 8942 9026 2503 6886 1206 5157 2216 7397 367 885 1174 6784 7170 719 2840 1621 7908 7687 189 8304 3732 7854 9563 2869 2972 2106 9489 3075
8396 4259 965 3887 295 5382 1154 7972 1304 9436 9733 1299 6197 7071 0 1055 9424 9162 4020 7571 4791 7151 9735 9002 79 6974 6839 6158 686 5561 6237 8500 4188 9741 153 4490 2581 2204 4929 8039 1316 503 145 3273 577 2267 6747 4435 7577 4145 2495 9958 838 5653 3481 4269 7678 5876 4090 9011 7192 6795 8276 9136 6890 6826 4971 4351 9943 5808 9295 6587 83 3810 5862 3743 7893 6734 8411 352 5807 924 167 5468 7240 9337 220 7558 6437 3460 2649 3071 9929 2723 6300 1886 7238 6375 992 6509 3487 8196 1605 9436 4615 8142 354 9462 5507 3455 5972 2949 3202 4519 6600 2797 2137 3871 4529 1496 7826 3912 7852 2977 8994 4388 7702 5088 8962 814 4010 695 3296 4088 5665 1272 5660 5706 7147 9363 5037 870 941 1007 5702 6825 1407 542 6428 5828 4710 8848 1950 1280 7779 8724 1252 9900 4012 1425 713 3451 6403 2089 775 4806 4554 7609 2760 8253 6175 8696 721 9043 754 9748 2809 15 4861 5709 1315 8616 8882 8128 6788 7191 3037 9513 9766 3101 3035 2912 2030 7538 5002 3929 644 7477 9914 7483 1006 1451 8877 146 619 2611 7277 6083 2537 2641 6169 9357 8233 3653 4042 9187 7697 8584 578 1628 264 1809 355 6623 870 1363 7316 8746 6623 1721 4440 7301 6996 1405 1226 5314 2961 7341 8644 2686 3890 927 8351 7616 2480 7150 7482 8149 6978 5683 2800 4656 2872 7193 8045 3476 3592 3004 7614 682 1342 7385 650 5788 4722 601 8424 6328 2739 3414 6821 754 8203 103 137 8418 5729 9791 6479 2474 6426 5306 1965 2289 5833 7905 8964 4562 2060 4864 8431 6214 1152 4275 5583 9587 1410 3459 3960 81
818 5975 9345 2256 3928 3359 2306 2796 6426 6274 3155 5037 9155 8359 1055 0 5147 2405 1413 2703 9766 4439 7937 3138 627 6461 6744 1780 5233 3353 7437 5627 6264 1196 9886 184 8629 8975 9123 466 7391 8226 7220 6112 9216 7896 6642 828 7386 269 8013 7139 2338 2044 8026 4832 8513 5404 9823 9252 2953 4622 2245 8761 3128 7033 8408 4884 6139 4575 2783 9172 2217 1562 1397 9132 8749 5968 101 1823 8808 3890 7347 6627 7903 4915 9110 2967 7065 9713 9189 441 7113 5712 6923 5453 9884 762 3815 5595 1227 5822 7561 1485 2875 5203 9275 8660 2362 8937 9504 7259 1374 4592 8186 141 6644 2608 8755 6644 5433 8303 4553 9700 7953 9361 7982 1488 5186 8058 4228 2122 7437 6515 6321 9837 4573 5168 7807 3445 6556 652 5431 3310 8060 9637 2067 4653 7563 669 8537 4333 7233 867 4289 1037 5674 453 4564 3048 1298 6722 5365 7788 6065 7836 4717 3293 962 2199 9382 1730 1374 7201 3327 8678 8909 739 2244 391 6299 3941 5077 985 5178 5827 3075 7580 3498 1201 5452 5782 1093 6790 759 1474 3090 453 7085 5010 1677 8311 6866 4319 434 8320 9372 9094 4340 7982 3597 1734 6990 8468 5472 4230 5576 1512 5832 7967 2402 1400 6567 1011 9638 6605 6554 1698 2923 7983 8837 5113 1905 915 4560 4626 4221 2115 1778 4561 7957 7304 9656 7109 4874 4186 5106 2071 1441 1556 9783 5869 6616 7813 8916 3481 2239 202 4770 42 2417 3205 9271 3277 5689 3451 363 5997 4748 5386 1565 2826 5221 2457 7591 1885 9510 9338 1687 4749 2974 2251 9543 1580 9479 953 1812 2579 7433 5219 2522 6785 7682 2479 4946 406 3510 7066 1766 5436
524 9878 6337 6613 7763 9851 8366 8989 3500 4409 1110 7654 3525 4314 9424 5147 0 2379 2403 1294 9104 8647 9776 5711 9881 9101 2815 9715 1087 7749 9681 3689 3692 9378 4825 2769 5954 3827 7787 9731 984 778 8148 824 2500 103 2207 6746 4482 7691 5181 9876 2851 492 4264 3759 6808 2423 9029 763 5124 9363 2961 8410 5567 7496 2979 167 9018 6873 7443 3785 512 1398 9696 7701 4573 7416 9051 4720 4115 4229 7057 5133 3475 9910 6684 9747 5451 1131 3606 6753 3679 9168 1045 5116 725 2554 7530 1025 4363 3207 4890 1232 8183 970 3673 1817 8575 7425 2622 5305 9607 727 4983 8373 3140 7024 4433 5384 6106 5960 9653 5920 5586 8361 3205 6324 4675 4877 3279 1964 3231 5007 2745 1898 3616 5337 7027 7693 4221 2396 1530 4272 8293 1835 3553 6135 5988 7811 5055 441 8744 4987 8346 5297 756 5795 3735 426 5429 3126 4799 7560 9307 7866 6088 2323 3770 8406 7110 5662 3620 6831 174 6472 2764 1830 10000 9670 8243 1199 1291 386 5435 3838 5703 520 3414 5152 9295 1960 2271 8801 1125 1848 3939 9774 7104 3692 7406 3290 5357 3098 1164 6052 3451 4536 9740 5906 1797 1732 7333 3706 2515 7838 5111 2765 9918 3539 8920 442 8689 6754 2098 2062 4565 3031 8092 7174 9772 3021 7941 1436 2926 2062 8265 7328 8769 7980 4951 5430 7323 7002 4355 9283 3065 6188 910 3337 758 5933 7410 3718 5218 9947 9505 9568 5268 6467 6208 8898 8511 1783 2758 9806 2274 997 2536 9144 6737 3415 8024 1248 5083 7429 2586 7219 9904 3945 9613 4116 6493 622 5977 9248 3696 3045 4027 4322 6565 2384 8224 1367 3330 430 2330 2224 4204 8379
2203 597 337 1715 3544 8328 2141 4162 9818 4536 1738 3163 1206 2585 9162 2405 2379 0 4609 3201 9736 787 3122 2092 9610 1598 645 9916 7956 3231 51 8658 9128 1750 6086 1497 8257 2541 5882 0 4496 5695 5093 7456 9998 6975 6718 2218 4546 5359 7772 6365 8417 6172 6012 7673 1751 8225 2634 3977 9427 48 8840 515 9274 5110 160 8462 7842 1543 5748 1551 6778 38 9799 9047 3802 4863 6502 1714 6146 2418 2313 897 5680 2796 6641 2866 7097 5136 8300 293 1325 9704 1614 9364 9675 1908 5937 6774 6111 1275 6765 3423 1975 1895 5630 233 7621 5204 5012 3597 7951 8661 9 6488 9079 7804 2880 8184 1186 7759 314 7616 2085 9735 6305 2326 2537 2223 4474 4995 7211 5910 463 372 8053 1661 9446 2380 786 777 1533 5171 5198 9315 1563 4813 2573 4226 5625 9967 9759 375 5449 4755 5135 1808 5676 4241 7178 5512 4648 7169 1688 8504 1651 8230 2019 6497 5421 7397 3051 6058 1599 9919 7859 70 6292 5031 2990 770 2819 3841 4649 5001 467 6658 5292 6459 2606 1044 8921 7307 6146 9329 9140 7303 1065 3927 119 4620 8882 9311 3644 537 6696 1944 8827 3486 5247 7228 7571 3474 2880 7165 3883 3074 1236 9614 5711 3467 2649 3332 6201 4590 4725 962 363 7948 1088 8490 1090 7806 6074 8519 6447 2175 4653 1301 2741 9915 1391 46 4256 5499 8068 2293 4884 3782 19 514 5948 4279 6189 4054 2708 5896 2666 2525 9071 7209 2493 402 788 9587 3063 8163 3922 3597 6960 9997 2139 8325 3982 1483 8094 6970 9592 490 6070 5530 7454 4179 9171 7011 1126 300 5019 6499 4453 7121 9792 5732 1636 463 5508 5764 2261 1524
8537 3725 6903 2899 4530 5434 3896 6963 7102 8130 9008 2163 1933 8084 4020 1413 2403 4609 0 1300 3179 9729 1130 7672 5648 6896 4192 5826 6994 1055 6129 2381 4359 4260 9635 320 7495 6462 3065 7071 1603 8687 1017 4431 7493 6253 7432 7558 3583 3189 1793 5664 4337 4490 7906 9051 8675 7347 2554 5639 5250 2438 142 1581 2980 766 4371 2692 6758 6714 4934 9490 5620 899 7152 8012 2342 251 5390 8342 3329 9335 1804 2702 9746 1649 8999 9535 7658 3289 6140 8590 2271 7016 8101 6002 4314 9551 3721 9459 4358 6457 1439 9286 3796 1318 4095 9897 954 1047 7966 1657 5787 1717 8826 7468 1866 2282 3562 7667 1502 6208 6551 31 5201 665 6895 3042 4479 1020 6067 4142 2301 9597 9452 4134 4529 9741 3386 5441 7137 4146 808 1106 3438 7916 8985 5776 7696 4592 8270 3599 8821 4750 5318 6526 201 6046 5732 7928 8429 1383 5487 7108 7473 4428 4936 446 9098 5363 413 8417 8485 6249 8787 530 5173 7219 1225 9883 4106 6183 671 2598 4250 850 820 4008 3749 1779 3903 4259 4109 6386 1438 3475 3651 5050 546 7757 8758 548 9864 9421 9593 4268 8421 7351 3113 6537 239 1852 4241 3414 5345 9740 5564 3551 5827 7683 8808 8168 2939 5806 1323 7228 3954 2209 828 8936 6468 113 4367 5841 3694 6701 2277 4043 1468 453 7415 8641 6166 6587 4923 5253 4133 9517 2833 6086 9187 2276 1122 1744 4396 3035 8586 2210 1355 3920 1493 2811 5075 2687 2999 7353 4196 5303 1942 5142 5273 5946 2166 8434 6721 7764 620 5955 8159 3157 2715 5705 2742 2230 6652 8414 3072 8785 9465 3578 5460 2478 1180 4352 2092 7829 1812 6838 9264 3097
1809 8076 5291 8860 2516 1573 3419 9692 5545 7835 5872 2175 6843 1661 7571 2703 1294 3201 1300 0 9423 7072 6016 9932 7013 8140 2995 9647 9440 6233 1355 3264 6264 6296 2738 1781 4688 8896 921 7375 4390 8323 6654 6017 9609 3939 1790 7260 7772 3334 9230 1674 9772 6675 7856 6352 385 5554 5054 8570 3092 4579 4529 5492 4459 9208 4517 712 2812 8388 9845 6802 8719 3253 9072 283 5914 8978 4103 7473 4208 6622 1767 3250 3253 7518 8243 2136 2495 3742 2940 9952 2854 8561 8019 9995 3111 4941 4160 8795 9279 3898 3335 6276 1413 7065 7161 6637 8854 1865 3954 9931 4732 878 2544 7965 5455 1026 8985 999 1910 5392 5977 9313 1579 4235 5804 7979 1441 7138 4875 2676 9110 3612 8327 9877 1058 5049 4790 9445 4487 5253 6624 5233 2107 4265 4064 5273 9479 6430 4412 1356 6480 8267 973 214 4831 1799 1545 5058 7832 9031 1688 8366 3979 2507 3017 5506 25 1112 9475 911 2157 384 1487 508 2264 7614 4506 502 3104 2317 8718 4737 4188 3042 9736 9086 7263 3177 8982 1997 3935 8175 9778 3728 151 9372 2201 1034 9300 9404 4674 7785 3688 6579 1222 1492 3288 2524 8329 2065 5894 603 6501 4037 2024 6908 4184 5753 7534 5656 3466 2510 5895 8369 5536 5270 771 1514 7328 3369 2494 1670 5913 1406 1483 1673 2631 3450 3068 163 8672 4904 4444 938 6805 1077 1518 3996 7135 2213 5968 12 8077 3657 8304 9087 315 6173 3089 9137 1809 9053 1707 9697 2180 9345 8501 7445 483 7140 8768 6110 5667 6763 7428 9722 7159 9298 2125 9324 495 4286 5451 6525 203 8023 3259 4306 8396 6628 3702 2041 8916 1683 4757 2006 7405 6541
3248 7479 2042 7753 2423 4182 9215 6567 6901 1876 334 245 4496 9630 4791 9766 9104 9736 3179 9423 0 7960 5358 8995 8076 9204 6580 8170 3779 3726 8744 7473 4434 6414 6536 9842 7669 9655 9816 8920 5002 8180 1896 1475 682 6510 2482 9810 7288 4352 8362 1456 5758 1982 7936 8015 413 3518 8043 3819 2369 9702 3145 1089 1070 7980 2508 6009 7323 7854 6265 8063 3334 658 9715 7315 6377 5534 4096 7247 956 9494 8595 2105 3964 8559 1159 8025 4104 2706 8410 256 5969 4134 7491 1962 5128 3550 745 6918 5386 8009 3331 44 9116 889 8479 9569 6146 7727 6466 7158 8575 6234 9599 1285 6046 4637 5476 3295 828 8993 1943 392 7435 6216 6836 2853 7471 6308 2231 1979 8711 5300 3490 7834 1546 4189 8968 4262 4949 8734 7907 3359 6996 8102 6049 5523 265 2474 2916 476 9395 1987 9700 7185 5909 6542 2575 8818 4318 6970 1225 9594 3784 6 8002 154 7228 7481 556 3745 3828 2424 2207 702 9435 1370 2818 1266 9991 6207 3414 918 8213 8763 4874 8409 4016 8938 1831 2194 2228 7226 3948 6796 7686 4602 3476 3444 2216 7776 7312 9702 413 3644 976 6558 1325 5614 8019 4039 1712 6073 7990 5081 9180 10 3501 8476 7177 3837 9673 2382 5278 4849 2810 4581 9540 8655 6866 1552 957 1598 5312 3839 2101 8409 4686 2613 6721 6591 2131 7879 6852 1798 3167 9806 826 8807 1048 555 5704 7078 543 8807 8127 3996 3843 2429 9906 5825 1895 2121 891 6684 2617 5099 5414 2492 6561 9560 6141 3542 4593 3997 9404 8242 2621 842 3180 9890 1459 6406 2875 4193 8572 9588 9646 9906 9887 4582 9543 677 8881 1895 1217 5458 7352 8340
5734 4472 4530 3477 3277 3781 4320 5450 7648 4623 91 3517 6335 4394 7151 4439 8647 787 9729 7072 7960 0 8017 5531 4617 9617 8742 9577 5060 6906 9221 5811 8667 1474 3276 3694 2877 5950 5957 9707 2832 5244 1448 7498 6306 7492 4136 9848 6496 6717 3017 2188 2620 643 8388 3162 142 2002 4580 4318 6091 3928 3621 8588 8078 9778 8603 3541 8093 6722 4070 9494 5798 6446 3691 6892 1 1691 1487 9965 4635 5568 2793 2148 5507 2623 7879 9820 8796 2678 7013 5302 2008 1021 6109 4015 2627 800 6357 882 4000 3090 8396 6763 2370 6176 1822 1811 5312 2204 4208 3488 2825 6833 5808 1974 9833 7451 7426 7022 2485 7816 9841 3249 8375 1709 7970 2275 6109 1142 2534 2907 1600 9429 7612 8610 9843 7834 2334 9844 4049 2394 2328 8413 5875 8189 1150 5759 8777 2260 9407 5086 5388 9288 2128 2891 2052 552 9951 5454 5054 5691 7403 6726 765 3955 9330 5867 2075 157 4205 4318 1734 1922 9480 5484 7803 5073 3403 1626 3069 6328 8502 677 830 3989 4427 8779 3537 2088 3710 9886 2644 4793 9492 6059 503 98 8824 4953 321 6790 9559 2082 3795 797 6329 5093 9889 426 2702 4137 3741 1127 7208 69 5734 7837 3312 4172 1271 1007 6543 4472 9072 498 3509 6093 4097 6683 9196 8609 9501 3849 1261 5745 5812 8811 71 5834 3673 1090 6051 2399 4946 2993 7016 6395 825 2068 1461 642 2307 7052 8160 1303 4976 7471 65 522 7949 3833 9903 3707 241 8544 4948 1605 4834 1052 9742 4379 8932 6110 9524 5543 9477 7206 1004 2725 8636 3418 855 3461 1782 6633 4514 7857 8637 6 2814 3783 3502 7576 3996 870 6226 5832 6114 575
9482 9664 9962 8657 6207 6812 4062 1948 4730 2603 4269 5263 9692 2119 9735 7937 9776 3122 1130 6016 5358 8017 0 6987 2732 3180 765 992 5926 7712 2453 7206 8227 9772 4910 3898 951 1762 5329 3025 7684 949 3052 4157 9794 1829 8151 6178 7583 6048 5541 9022 5513 1372 3002 8270 6688 2447 1894 2351 923 7413 2386 1442 8492 3114 4830 7490 7859 2490 2571 2249 7946 166 433 7165 9721 7084 2604 5858 7175 3877 6798 5962 6688 6217 7045 7848 5028 7391 8823 8505 4728 7892 3244 7116 9266 6093 6576 529 9361 1438 5421 4586 9075 9740 2046 4247 6320 9245 2711 1732 714 5140 6556 8789 647 1592 3660 4941 7220 8381 1498 8989 8224 1076 7027 8116 993 9168 5866 1437 3005 508 1808 9117 1495 442 3209 9965 4445 2643 7206 8200 7196 9013 6330 17 390 7659 8001 7132 5358 9316 1522 6558 1108 9282 3322 7251 7842 2432 5557 852 183 9446 2153 2661 8772 533 3447 1171 6915 2814 8627 1630 2916 4362 9919 4094 4661 1779 4621 1409 8147 7128 2357 8673 7247 1598 9749 2293 1542 3025 6954 9505 7370 3648 8756 8487 3972 8611 5024 2911 5043 5218 7699 5991 5936 6446 1741 3731 1178 9538 1401 634 5782 8982 41 7717 9137 8366 769 6588 9281 2178 9940 1766 32 8932 3757 6797 3129 8378 4010 3533 6708 8503 8934 3071 1581 354 6955 6839 2536 9521 9065 6674 3209 2790 5536 1323 227 5710 5046 3086 8736 8861 9252 1249 1148 1370 5460 7659 1649 4293 729 6216 6304 5432 8872 1094 3505 1530 326 3561 8030 3516 6119 8821 4657 2498 4071 8351 6373 4596 311 2969 2318 7748 2302 1139 2239 8028 9166 8672 6781 7018 3580 9215
1413 2065 6765 5344 6600 7160 3160 4490 1512 5138 2695 1245 3585 4042 9002 3138 5711 2092 7672 9932 8995 5531 6987 0 846 2964 5603 1784 5515 7374 460 9982 8489 7330 7063 5025 6551 6887 9932 5866 5204 6462 2164 8420 8008 968 6191 1249 1990 8984 4574 9786 7025 1599 2694 3212 9038 6641 455 5596 9541 6803 7115 2466 5158 2433 9188 7136 6376 478 3012 893 5534 1757 158 433 4521 9526 5723 7032 7908 9240 6408 2419 482 8603 5785 3096 1453 332 1852 8396 7773 9850 8851 9425 4490 4514 6946 3575 8366 549 3379 2449 5833 1639 9161 4726 4770 5268 458 4965 6332 2339 7886 3310 8888 8442 6550 6554 8525 7117 8840 3129 2038 2978 284 6357 4793 3427 614 9807 93 649 9193 5477 5862 6317 2577 5544 6511 4808 2016 9408 4463 6386 3839 5068 3113 6764 1169 9778 480 509 5961 7775 5911 5305 4123 4154 9425 5321 9748 35 292 6093 3472 9475 8117 5945 4706 7461 8091 7535 5033 7552 7756 1480 447 9795 7876 7945 4744 3084 7452 2951 731 3123 9792 866 7347 1975 1407 6124 1944 9783 5172 59 4274 448 315 9367 2470 3701 364 4010 2625 9913 8421 9220 7537 5131 1033 991 5644 864 3147 3442 8698 999 2065 3630 371 9217 221 7599 7041 263 6325 5227 2334 4108 1833 3122 9055 3645 3161 9948 3632 4819 444 2193 7302 8266 9739 5178 6990 415 1546 4182 4668 2304 6426 2959 6077 1428 1860 9427 3965 8279 7094 3902 8084 9448 8580 248 8248 5108 4761 8640 2288 5734 6054 1969 9296 8469 8400 7757 2860 8938 6061 997 2019 7491 3150 5236 548 5305 2089 98 7898 1948 7307 8959 1997 4601 6668 7818 6171 1803
2487 3305 6260 8471 6548 2472 1459 6290 1605 5941 412 4819 4490 8827 79 627 9881 9610 5648 7013 8076 4617 2732 846 0 2812 1547 5741 6983 8436 3875 9143 331 5987 8842 3260 6748 9797 5915 9360 6787 5933 9790 8018 4172 9921 9098 187 3684 5644 6587 7076 1815 6797 7349 2797 290 978 8461 5862 4848 7047 77 3147 939 1674 8500 3644 5330 4896 67 6803 9473 517 3999 6945 180 9736 354 6292 1817 5182 9343 6388 8803 6517 5180 291 415 5950 5819 2462 8918 454 6002 7165 1017 1056 173 9891 1218 3431 690 127 631 6642 5401 2709 6330 5755 5807 2517 2234 6605 5932 5483 6625 9258 300 6147 360 7068 8434 5783 9553 3312 7143 1875 6346 4351 7821 9250 6743 2625 122 2592 3041 3904 1414 7203 1879 3185 1987 1695 4344 2651 4761 9411 969 2629 1333 3376 303 2205 9586 2563 9040 790 1682 7258 2668 769 5749 7411 8941 34 5593 2618 2759 2043 5949 7117 2307 7621 3595 989 4948 8104 6876 1099 9348 2750 6162 2917 6189 932 9475 38 8011 6168 2281 1128 9660 7612 2639 2711 1869 1201 9828 4614 2039 8148 4456 528 6013 9701 8174 8266 3631 2650 4025 4447 9331 7309 246 8665 327 1131 1058 691 4874 8657 3934 1660 595 2039 6061 5666 1266 959 6535 5276 3348 7081 8803 6410 5969 1364 509 626 1411 9503 2401 3799 2728 1340 2453 8298 5 2610 7558 4766 3394 5215 5106 3472 2632 238 1928 4873 9804 3270 7905 3262 8146 9680 1114 8659 5460 3221 2945 2389 8075 6078 3876 1477 6457 6146 8409 2351 988 7621 1064 1761 8741 406 7891 4374 5360 4533 3584 5083 451 9813 7329 7824 3105 5593 1137 5167
5561 2514 1498 272 7851 1872 4940 1742 3078 6611 6450 3110 4649 1890 6974 6461 9101 1598 6896 8140 9204 9617 3180 2964 2812 0 868 3416 4685 3986 6392 5510 1965 5707 455 1227 593 5890 6248 6110 1659 1387 1635 1878 2617 8427 1657 3686 2074 7772 9009 9119 608 6640 3633 3677 4361 9391 2741 6436 1659 7351 2253 3053 6630 362 9715 3091 536 7857 7295 1963 7380 7424 2340 420 4899 6771 9556 8597 918 7061 9452 2023 4139 5613 3651 9729 8842 2938 6958 4058 1541 1683 2329 3902 6965 7527 703 7494 4815 3586 914 6104 4079 2713 3730 7880 8328 1941 4031 9811 9498 8336 1222 7106 7215 4802 1121 6575 7724 6485 7088 2122 6749 7493 8263 1595 2519 4490 8618 8476 5752 5889 5835 1864 9171 8691 4111 3879 3611 484 6459 7666 6587 1046 9096 3162 3700 2379 46 179 4560 9576 9890 3913 4842 8726 5163 6419 5737 3649 5733 4901 3794 2650 4024 5710 8249 5437 2345 8132 3404 2532 2471 9304 8408 1295 7041 9496 2780 5618 1231 188 9827 4233 7996 8469 3758 5442 7012 1163 5450 6185 6387 9592 6451 8014 6235 2338 381 6780 5152 7624 3306 2419 7675 4992 342 1321 8293 9501 2801 8843 7443 2851 310 8818 9373 7494 8519 9398 1009 8110 4173 7691 9079 7831 9828 359 5087 8279 4127 6720 3996 11 5833 3579 4923 8271 2703 8385 3547 6063 3291 7695 544 8449 4860 6691 7857 9316 6080 6105 5137 8784 3699 2224 2894 7536 8785 8924 4911 3794 2861 5956 2287 8517 4791 1104 5369 727 2954 2780 6708 6802 5998 345 7930 5864 8391 760 7967 6978 4949 2345 7936 9819 5732 5276 806 2993 8768 5074 9066 5873 4761 2500 7013 3006
4812 5214 8948 9836 9570 6317 1499 336 629 549 4583 1381 7114 1398 6839 6744 2815 645 4192 2995 6580 8742 765 5603 1547 868 0 6897 398 9312 8300 552 7073 6027 749 9327 3925 4830 2998 8884 2370 6588 7366 8956 7397 1463 7233 8159 1656 2839 6559 6461 9008 9674 7316 829 1745 2923 4126 1592 2103 1307 8736 4838 2319 5263 5028 8590 9240 8489 9644 5877 6773 2375 8137 2993 5583 3558 7914 2867 3532 3483 277 7310 1929 4564 2074 3410 6939 3501 422 6298 7849 9806 611 3883 2169 8871 79 4134 7600 3437 4607 1123 8158 9236 3947 8553 1324 9889 5533 9942 2698 1091 3408 5979 475 5699 6164 7463 7848 4519 6931 7505 6258 3344 5248 3300 4883 1912 6075 3723 5551 9049 3205 535 2801 6123 1154 576 6572 1303 5522 3000 8081 6665 9086 7452 213 884 932 4435 2888 9916 9240 9036 5533 9324 1204 2304 4428 1598 3253 314 89 184 5686 6672 8874 9695 2135 362 5917 1856 955 9784 6778 7765 5359 9792 5238 9354 1494 464 8249 106 2134 1862 1871 6129 869 385 8189 9899 2905 2986 6098 9468 2915 1723 2957 1311 4475 526 3076 4830 4618 4552 7910 2513 9528 8686 2106 2617 9465 7364 8330 6464 5257 1102 4797 5913 8555 7038 7073 4430 233 1530 2399 3673 4412 1936 3652 3753 4489 2595 4015 9750 4700 6291 823 603 1678 1225 7479 4419 7283 1117 9576 9757 3603 3156 7800 8929 6653 7477 138 3028 9432 814 1877 4539 499 1824 9935 9950 1748 2021 1173 2823 5752 8744 7836 2034 116 7538 2219 9076 5503 9760 799 9697 5412 7362 2857 6245 2284 2980 5191 5485 7483 3981 6401 9255 1695 3721 4214 3335 2053 8509
