150
0 3474 3814 4761 6068 5103 7333 3937 3591 975 821 7259 8385 2494 7832 7875 9016 9041 2610 5336 1059 363 7650 6280 8674 626 7119 9655 4990 8835 6620 7164 3410 7538 9092 4146 8887 3866 5606 6368 356 6195 8557 5870 5246 4152 1607 1307 2586 1239 6106 3949 7863 8879 8956 946 8647 9461 7257 5216 3406 7750 2830 7666 8448 7535 1941 1804 4226 1483 140 1473 9122 2097 1694 9563 266 89 1283 712 5721 4426 3027 7097 9387 3862 1866 1340 3645 8704 7313 1904 1083 8291 9459 5249 6183 6306 323 7147 7446 7455 4514 8636 7627 4263 8230 3607 7495 5803 8442 3 4510 7204 2148 7556 919 1196 9165 552 5799 9522 7774 8449 5584 8327 5964 6800 6815 4869 8676 4031 4456 4517 7710 9579 295 3988 8937 872 6861 8995 2544 6252 2641 3845 6280 7605 5662 3541
3474 0 8695 8260 9617 7311 2393 6477 7636 9511 7103 4310 4931 563 153 8079 8780 2034 8095 9304 1432 1225 4385 7063 5628 2303 1084 8262 6867 6326 4269 3803 9636 6061 4038 3878 9728 9291 1104 1180 9423 5065 3279 8820 5267 2857 7014 9938 967 6577 5676 9231 8286 1926 9163 1413 139 2959 1350 8620 7101 6685 6490 4691 4214 5090 1126 2046 5381 6508 8693 7426 1748 3741 6733 4043 8978 7354 982 924 1242 2001 2328 3754 9723 9492 1433 9382 6295 6855 1606 4004 4220 1811 7783 5773 4188 1523 8622 9582 9736 2580 2630 4470 9287 7409 8651 3648 7679 5886 6058 9241 4462 5721 4245 8189 2172 1695 2517 7325 4604 5510 4349 3980 4450 7942 9295 7199 7209 4709 4455 2083 2768 5688 8672 5950 1017 7653 7798 6195 1434 9779 456 9477 3461 3995 9723 44 2052 8502
3814 8695 0 1623 7478 2643 4987 3036 2949 5350 2294 2787 5192 6043 4460 8009 2622 4629 7273 8236 2307 5514 7320 6883 1780 943 8920 69 941 7921 1831 9658 5464 9997 3012 9642 4103 6424 4175 5519 9084 178 1751 7450 7292 3553 1088 9514 6900 3202 9432 5902 7401 4101 5902 5641 2974 4851 2537 9952 7618 934 6302 2655 8909 6723 4288 4391 3910 8171 8664 8418 9689 8556 166 653 9533 8215 445 4770 7289 3621 398 2040 719 4434 454 2224 2669 1818 1448 6809 9957 9712 815 4942 1806 4532 8362 3350 6963 8360 3455 2784 1445 4419 8500 9349 610 1606 7141 6650 4456 6243 2407 9587 3232 5225 6648 6444 9898 806 8680 189 3851 9001 9889 3661 4093 6566 653 4040 8476 5380 3313 5496 697 9858 5970 7506 2505 7956 9914 1785 6793 4377 8490 1134 9778 1722
4761 8260 1623 0 6054 3566 4973 468 5069 6332 4203 3092 5832 2626 2540 3836 9359 2434 6268 9374 4933 931 7230 1869 1190 9602 8092 1363 9327 1224 1504 6024 1942 4147 4944 7477 1656 5779 6558 2774 6086 9736 1563 2075 6514 7065 2965 1856 3035 7006 4349 5333 4553 5015 8833 9778 1858 2802 2072 2064 7012 1303 6929 7829 1955 3681 8844 9645 2919 1769 7882 217 2752 3351 2099 5409 5924 6077 8905 9118 357 9129 667 9946 9525 8569 2792 8382 217 324 4967 2952 4961 8797 8114 3083 7393 7428 2984 220 6051 8905 7089 7571 9131 8627 7691 7474 8219 8305 1009 8111 8997 8142 2207 8984 1749 754 4220 5778 2354 4325 3651 885 2073 7373 9262 7589 8045 174 158 9149 8482 4331 7658 9500 8499 1193 5764 3467 7085 4412 6112 7356 9806 2847 2080 2484 5060 5088
6068 9617 7478 6054 0 9658 9356 229 9785 8736 3068 7208 3343 658 1590 3574 3631 6305 3115 5677 1802 6509 3549 571 9214 9880 2906 8811 4819 2086 3389 9791 5632 2480 3030 1452 2655 4807 9104 7683 8135 7223 3881 5645 3165 6561 9783 1134 2087 2776 846 4040 7443 8774 882 2070 3261 1582 4050 3946 9431 9606 9969 4967 6891 1371 4403 4814 9904 153 9683 3464 1993 9575 9656 2427 7183 838 6179 4880 1755 4851 9030 1084 2091 3882 7811 3909 9854 8741 6594 3460 6363 5729 8331 8387 4276 156 4504 7626 819 550 1263 6703 6197 3788 2203 6486 9770 8977 5091 2261 8640 9183 6095 5325 3843 9014 5856 368 9067 5078 3265 7248 4483 9839 3499 7856 4038 1089 1748 1127 9600 8250 3597 6724 2839 4891 9768 1418 8660 9287 6705 6745 266 5069 7793 9529 4565 6505
5103 7311 2643 3566 9658 0 475 654 2260 7256 19 3303 5084 9900 6758 2876 9266 5703 3813 6264 7358 2693 8398 4819 1633 3050 2499 9221 9099 3167 8499 9070 401 1274 2577 8736 1071 8751 4650 9757 1991 8548 8449 8086 7883 7780 3672 5360 7780 5410 351 1779 5411 8283 3211 2958 370 3027 4467 2403 6269 610 210 5485 4049 5987 5351 5690 3268 9284 704 1454 8686 7824 921 7775 68 4890 6860 4410 2132 3419 6133 7837 8970 9951 1877 9086 5536 6757 5547 7440 9159 767 5497 4542 7728 4584 3654 1898 2165 9091 3000 1617 8355 4599 9479 1134 7070 4454 8320 6642 8692 404 9833 9360 3716 7683 3789 8322 447 4488 9916 2247 5697 8951 6187 2564 9898 9297 525 8308 4551 8667 6393 8003 9293 5731 9068 504 310 6284 9848 5532 4244 1147 5564 2900 3789 7456
7333 2393 4987 4973 9356 475 0 2029 5386 8864 5900 762 2065 5162 1135 7056 7743 446 1720 7987 5105 5266 9231 7329 5076 9181 2554 2959 4430 5657 575 2051 5056 5667 15 7173 1552 6304 3252 2266 5955 1200 6544 3324 5957 5259 8762 9746 1371 821 9567 8536 915 3879 5500 3737 566 4961 4977 168 300 6496 2281 2354 7479 1889 4633 7681 6994 108 9093 8586 5697 2731 1152 2092 8058 7866 4528 8403 191 684 9610 2880 7587 1233 4736 8757 4762 8597 9005 387 3307 7988 6544 9233 5825 7855 9902 8547 3702 8618 8745 8593 379 5792 6351 7737 1328 795 7800 3184 1529 5938 3817 5342 2697 9431 8217 1991 1611 8252 2738 3176 2288 2278 8128 8444 6560 1030 9092 2024 1221 3115 4362 8127 7835 2801 8270 9904 8730 4283 7499 8110 7606 1436 9052 6441 5969 1191
3937 6477 3036 468 229 654 2029 0 2421 2930 2170 1749 7845 9160 1571 7225 8843 9776 8076 4583 4839 4300 5689 1252 6816 6774 8265 2176 1431 3557 1211 621 4067 1630 1375 4703 3208 186 8530 513 8631 5323 8631 4307 9503 3446 6772 3317 9472 8521 2213 6670 7813 1039 2475 1515 5580 6914 468 3468 1898 6026 4620 6345 8542 8578 5533 2243 5954 8692 2921 3882 4010 2663 8561 1529 2284 8355 651 9563 2701 3302 8023 277 3144 3045 8814 4033 3708 4894 3326 2667 990 6799 977 4725 6397 2912 6163 2038 9550 7247 3046 2419 337 4604 9462 7968 3927 3116 6560 4302 1143 6820 7703 7272 6677 4383 4571 1919 2930 801 6270 2852 2528 1982 4816 8032 6906 4720 6717 3502 4168 6190 3050 3826 63 1821 6469 6494 5272 9399 1293 7912 4751 2983 7106 9735 3460 6625
3591 7636 2949 5069 9785 2260 5386 2421 0 5416 5739 5727 5738 9340 5235 2983 3607 7334 127 8098 6982 3374 6409 5215 6631 8868 7547 3872 9052 6158 2466 6883 9327 2562 9211 447 5400 9822 7098 3391 4882 8059 2951 8908 9426 4770 6768 2806 7381 5058 5848 4188 4336 6833 6100 2703 216 5045 3352 894 3106 7691 2998 9399 9805 5951 3258 9121 4076 713 3575 4232 6006 9366 7775 7720 4806 854 6048 404 6678 7223 4076 2233 5178 5474 6391 1168 9381 602 6490 2194 9535 4672 3087 8457 9023 109 1494 8358 9450 7721 5561 5841 9572 1244 7054 1131 1165 2737 2086 3771 1237 3990 4783 5009 7096 7009 3645 1942 6838 7681 1266 907 1999 6379 3871 1915 4581 7449 9455 6259 7590 9045 5030 819 3063 6295 9995 3493 4620 3551 6213 4683 7588 7606 3244 6352 351 8591
975 9511 5350 6332 8736 7256 8864 2930 5416 0 8760 9956 8060 9285 1128 5429 9223 2455 9342 8328 849 9180 4550 5726 2014 3259 6481 9345 5764 4917 9185 9662 4176 6963 5318 5859 9897 9909 3895 2125 7582 2980 4913 8767 8500 6008 1930 5214 8752 7908 1673 215 4398 8130 5838 3626 5863 5387 9609 1198 3006 7493 6320 5258 9759 5018 7011 9418 4549 5484 1160 1773 5302 8705 8133 505 6859 6762 8546 5841 5500 2551 5882 3658 9251 3056 7662 8182 8405 2847 4107 4267 6832 3116 7441 5467 3369 1615 5452 958 3542 8181 2399 4987 3879 5950 6078 5652 4325 8176 7178 8093 6268 9060 846 8723 2624 7824 6473 2486 2651 1239 8394 6337 8828 253 8223 6227 175 7098 3395 2750 6763 4360 2130 7149 3746 8217 6112 6972 9572 2417 3418 3225 714 6318 8950 5575 8202 4846
821 7103 2294 4203 3068 19 5900 2170 5739 8760 0 3413 1534 6516 6106 6988 8170 8007 4039 3089 2691 8935 6688 968 358 7683 7577 4778 2858 3149 4083 4640 5979 2006 6800 3167 2804 9949 7564 1223 8727 5316 2678 5268 370 434 4285 4863 2063 4387 9010 6218 5093 4676 864 7994 2896 2269 3320 7279 6803 5739 5607 3475 4173 4665 6582 8025 3842 8598 9445 3890 4038 5255 9990 8932 8537 2713 4536 2939 2521 3774 9419 4799 7406 1439 6235 4860 5522 2310 303 8968 139 7697 6695 2191 8215 6866 2384 6086 4900 8517 6478 8773 7154 561 3633 258 2243 3077 5961 3483 4208 5286 5378 9190 5699 2914 9228 3491 5455 1309 6383 458 897 8927 809 3450 1535 1318 2250 1713 8976 4154 5987 6920 9625 6034 4241 2156 9403 7795 5107 9865 3119 4249 4102 9014 5360 2741
7259 4310 2787 3092 7208 3303 762 1749 5727 9956 3413 0 1657 7170 7605 145 713 592 484 661 6960 2595 5278 2274 3619 2701 505 3687 8336 497 9442 2680 6199 3628 2494 3753 8464 9755 4625 8820 9438 3168 8529 5521 6431 7873 7625 2894 3418 6451 2792 1083 7796 319 2946 238 8769 4611 957 7849 5042 3246 1929 7108 7009 8814 6440 5085 7353 6979 1993 3286 6309 1201 7384 773 3497 9569 8243 5601 4985 6934 3918 7895 5022 3130 6032 1555 2876 8589 6973 3776 9488 7918 3083 1104 2368 9019 8779 6363 3644 8180 8663 3312 356 1383 6389 7279 753 9958 584 2017 9186 2781 7402 6684 6764 2831 68 8101 1264 6178 822 6020 9875 6900 6371 7742 9222 6122 9744 7960 2055 7947 6880 5794 304 9087 7528 4706 292 4982 2975 7123 5839 1906 7103 3921 4858 9435
8385 4931 5192 5832 3343 5084 2065 7845 5738 8060 1534 1657 0 972 897 6440 9162 6689 9898 3014 1802 8908 4369 4583 1362 2529 1019 7036 9199 8212 7716 6861 4843 6900 1711 7638 3976 7871 6428 2457 9965 3111 4299 5120 1736 3138 5939 1181 7078 9148 5195 7523 4529 8512 8839 5410 4756 7202 7099 122 8772 2746 211 9146 2818 5934 6825 5962 4140 8122 3448 5805 4875 4392 119 4910 1320 5310 3965 7911 1443 6047 7511 8297 437 1063 2476 1377 23 962 5408 3515 7247 9004 5029 5628 1606 5208 5393 529 7319 5065 1540 5325 8486 3952 1589 5612 376 3387 4337 1881 2246 6885 2516 6206 19 293 1682 8458 422 4054 8977 5097 9499 3671 4858 5065 6141 4437 2629 7364 7467 9654 5320 1546 8329 2200 3781 3952 4681 9365 6221 4641 3877 7364 7586 6613 9167 1670
2494 563 6043 2626 658 9900 5162 9160 9340 9285 6516 7170 972 0 623 6106 5634 7323 4671 2251 7840 2318 4965 2725 4247 1354 2974 8527 1292 2697 8996 345 6233 7338 76 1589 4695 8174 7398 707 4012 65 3335 2251 9626 3998 564 2806 9716 2723 6549 1237 1800 215 989 6286 5417 1414 2551 5577 4264 340 2953 1940 3183 1917 7838 7131 7419 3480 7048 3754 3813 3581 2886 1144 2364 894 2339 9154 2934 5704 3119 8730 7456 9017 6654 1437 887 2155 9196 7241 159 132 8542 4720 5346 9199 8675 9501 3571 1895 7455 2052 7883 1422 4855 5127 1618 9240 8027 5948 4843 3288 9134 1245 9944 5536 9509 4365 9053 4212 4893 9645 8168 1528 4758 2010 4895 1599 2749 1818 7426 4874 265 3852 4511 5339 2486 2187 2691 8430 6250 9034 5090 8633 4883 8843 4007 5825
7832 153 4460 2540 1590 6758 1135 1571 5235 1128 6106 7605 897 623 0 7406 7626 4063 9411 1319 6643 8473 1135 2734 8851 4477 5866 5976 5698 5029 5583 150 1300 2581 1344 2009 7682 1702 6071 8375 3374 585 3793 8474 2899 4716 2854 6999 956 9393 7291 8583 2609 1461 5427 4441 3996 7018 79 6890 8814 5836 4910 1906 3332 892 2098 7580 3721 7846 8580 6016 9190 404 2907 4648 7036 9596 944 34 4569 8946 4545 7896 9542 4241 9041 3688 4528 4402 2511 7659 2 5659 2866 8584 1346 3429 8765 6305 3093 1425 6064 4518 33 8565 7940 5478 9322 8216 3102 5166 2751 4909 8396 4925 2828 3318 8182 9484 1520 6466 5650 5018 9237 3134 5445 6302 8933 2069 5127 896 4978 5474 7160 8153 2649 2414 8476 1478 219 1707 94 1131 2616 2894 965 9364 2760 5548
7875 8079 8009 3836 3574 2876 7056 7225 2983 5429 6988 145 6440 6106 7406 0 4281 5032 2211 6263 2369 617 61 6483 5445 3052 7704 262 9325 10000 133 4070 883 6053 363 5847 4896 5897 6985 9729 8343 7345 118 5245 9327 1914 38 4418 9323 6311 5797 1627 220 3508 3897 8084 611 8859 5937 6993 4577 6242 271 2346 9883 8003 4741 9243 5196 2940 5662 8964 5356 9380 2583 2862 1113 49 4633 3180 2265 5841 6618 4195 68 2190 1572 7453 3002 7530 7830 7532 2217 9464 5519 9459 3456 944 7178 3787 7538 3059 8360 1615 4377 6304 3232 4969 5346 4509 1478 4310 6792 8350 3125 5949 680 7760 6937 7625 1521 4746 1940 3768 588 4901 5773 5139 1671 578 3575 4225 2687 5988 9851 6842 3372 866 9306 5742 8750 7140 5583 8366 9591 5832 7909 1348 8071 5700
9016 8780 2622 9359 3631 9266 7743 8843 3607 9223 8170 713 9162 5634 7626 4281 0 1240 7338 2180 7083 6311 1987 8022 3103 328 7365 2914 4717 1766 2202 1551 6906 5797 3265 9444 1870 2382 4444 4795 8502 7186 2582 8899 5460 4685 5751 9166 2923 7815 4585 5638 8307 1779 1524 1700 1022 5770 4995 3018 4286 3635 9893 1982 375 7002 3885 3192 3540 5948 3244 1064 656 8025 7356 8415 5674 815 7683 5067 2329 1262 9436 9562 5259 4849 8883 3715 2092 1709 6219 7272 777 1262 7925 17 4339 8911 6857 9914 4779 5444 2665 3105 2687 9768 7612 3302 2442 9689 4824 2245 4689 9468 8932 2872 7811 4126 7545 5796 7910 5397 7832 1167 3410 1569 2505 6320 7503 6338 2867 5102 1237 6299 5274 4210 7554 3437 6159 5985 6644 9937 7158 3316 5096 7754 5446 9176 115 8324
9041 2034 4629 2434 6305 5703 446 9776 7334 2455 8007 592 6689 7323 4063 5032 1240 0 1389 1169 871 8204 8247 4621 154 7045 5592 8579 342 6064 9562 3433 5804 7939 5743 3665 7393 2767 925 904 9266 1032 8561 1853 8550 8243 8179 9891 4871 7273 8507 2069 8622 8710 9660 4214 7646 7502 4882 4104 8539 5565 4553 6907 6853 5165 8685 1678 8699 7451 3960 1941 5102 8385 3646 7264 8475 9611 7656 1202 4882 9703 8509 4491 8524 3058 3646 1428 9908 848 7804 6996 4188 8530 7870 5393 6394 2816 1169 3693 8647 288 4439 6126 1786 9974 1993 488 7644 3134 2964 8358 3559 2836 562 3187 5702 1605 4846 746 5387 7585 5303 8894 4187 6686 6401 4298 7404 6905 7383 766 339 573 616 3801 4406 791 7191 2338 1808 409 3661 284 1488 8773 425 2483 2387 9809
2610 8095 7273 6268 3115 3813 1720 8076 127 9342 4039 484 9898 4671 9411 2211 7338 1389 0 4812 6734 7344 8211 5642 2393 9095 4058 3724 6652 5223 5654 8130 9061 1638 8177 7690 9476 1610 8762 7278 5180 3154 9730 4204 5674 8280 170 4581 9558 7556 4000 8836 9483 9631 3598 216 8432 8974 7669 5349 3377 1788 6276 2310 1379 1830 1084 672 6630 4357 3135 7886 8172 1168 9849 2207 5617 8959 9794 9295 8457 4601 7806 9384 8404 1212 7166 3957 3421 3410 9476 5940 2650 2039 6366 9994 3531 7354 2906 4064 6625 2918 6287 1996 5894 6999 436 1240 7777 2989 3553 6962 8997 3941 8884 391 3811 3041 2146 8632 5251 8351 1841 2094 340 3240 4264 8196 3291 8272 6219 2186 8027 4220 4081 7969 8772 339 3269 5784 1367 8523 6266 5662 6196 9101 1068 4846 8588 8815
5336 9304 8236 9374 5677 6264 7987 4583 8098 8328 3089 661 3014 2251 1319 6263 2180 1169 4812 0 6603 4651 3212 8976 9933 7638 3775 9263 7495 8777 2395 2379 2505 3347 4759 4425 5698 3105 8064 8038 754 8202 3553 2513 3762 8264 8414 6155 1316 5933 4977 7818 9110 2310 3083 3100 2821 1933 5031 5857 9848 2568 1685 3709 2358 8704 8758 5443 9249 2734 1764 4761 5394 298 5123 9692 5862 7963 6047 187 5684 8779 1280 9193 2290 4698 2812 3178 5811 3500 9726 4794 8055 7040 156 2147 5327 2989 9859 8968 5908 4115 4928 1641 8168 9410 9991 1309 3655 7663 1237 7943 919 4965 9576 9774 6555 6544 8232 9030 222 9066 1401 5823 9109 5116 3283 6441 4799 1788 3311 3505 8457 2994 4579 3334 2026 4619 9916 9646 8811 2789 1358 3690 8512 4590 1721 7513 3946 5431
1059 1432 2307 4933 1802 7358 5105 4839 6982 849 2691 6960 1802 7840 6643 2369 7083 871 6734 6603 0 6227 4415 6305 5720 5880 9808 7546 2384 6029 7689 8874 3299 5070 6292 8765 892 5028 2393 2106 5258 4156 6465 3868 2911 9809 7528 1495 115 8318 522 3714 7155 7062 3036 9525 8822 5598 2614 8247 7924 6431 9036 976 9158 4098 9092 7300 3325 1945 284 4233 3698 2530 1857 3262 8643 1137 1124 3524 1513 4361 3095 3075 7310 7946 5009 671 3855 3889 617 6445 6099 2511 9617 5364 2296 2575 5541 4641 1058 9073 7437 9173 5685 9631 2568 7609 475 7526 2502 3989 6877 8668 7500 1460 1052 9704 9418 8651 7308 589 928 6609 8877 8394 2077 2989 2745 5512 4450 3727 1784 5920 752 1785 5381 9077 3482 8686 9443 9038 7238 3977 64 2797 214 9941 971 6102
363 1225 5514 931 6509 2693 5266 4300 3374 9180 8935 2595 8908 2318 8473 617 6311 8204 7344 4651 6227 0 8024 7563 2895 5471 1477 9422 3370 2906 4843 3111 2004 2057 3525 5791 2805 987 796 9707 1677 6591 8377 6041 8478 8622 844 2526 5136 855 7848 1249 4825 4543 3019 2467 6659 5644 6112 1355 8172 4929 7516 97 2230 6584 6003 4049 1828 191 7187 8215 7840 2091 4142 4123 8357 7462 1219 950 6951 5734 6581 2498 7158 8637 9255 5364 9131 2605 4215 4948 4703 3888 6556 3399 5388 3520 5069 2892 5796 50 757 7623 7338 3968 5297 1197 2659 9799 6950 1984 4733 1563 6875 8612 1839 9085 8497 3005 7447 9836 1950 3349 9131 3879 2296 7 5538 6575 8403 9116 3005 6141 8394 8560 1649 4680 6764 6817 9869 5160 6563 8927 996 8536 369 587 2192 2431
7650 4385 7320 7230 3549 8398 9231 5689 6409 4550 6688 5278 4369 4965 1135 61 1987 8247 8211 3212 4415 8024 0 3869 2213 3314 8084 6662 5183 9478 5924 455 7992 5982 8501 3620 4228 4352 7744 8741 3689 8840 5822 1232 8404 1657 1902 8559 8251 9736 2171 3325 4196 578 8845 3485 4510 2835 4310 4563 4452 953 1765 834 2487 4963 2907 9046 8701 182 9301 5204 1189 8950 8821 862 423 6650 4479 6170 2360 9489 7622 7499 7782 1844 4535 8751 7976 6797 1760 676 4526 205 7631 5881 2891 8965 1267 7285 4051 9527 136 9021 7850 8682 6133 4141 4120 1783 1432 3999 2950 1560 3943 4076 7876 9505 8405 7192 2715 5382 976 7874 7664 1335 3256 6687 5521 4614 2630 8553 4671 1763 763 3347 6707 183 8852 2172 3396 7770 3932 8129 3063 2453 7284 6563 4740 2116
6280 7063 6883 1869 571 4819 7329 1252 5215 5726 968 2274 4583 2725 2734 6483 8022 4621 5642 8976 6305 7563 3869 0 2757 713 8628 8679 4136 3373 8442 1413 352 1343 3907 9028 3735 3412 1690 7251 3691 4143 8769 3270 853 7616 2705 7605 4550 2020 8539 6064 2650 167 2116 567 5948 5212 2457 6905 2243 1784 2012 4664 3834 4218 382 3241 9458 7969 4309 8588 1783 7084 5089 2692 2411 6224 8581 5753 3880 4284 2714 1680 918 8176 3264 7319 9592 5145 6558 8037 4329 1802 2788 7886 3963 3406 8542 4310 5508 6242 6034 9307 8464 611 9546 4704 5504 6923 876 9849 3521 5876 7548 8646 9597 4635 860 1414 4466 2137 6853 7625 9377 6342 4181 9466 1766 4539 6379 2564 9888 7440 647 8459 2909 5732 2045 9523 3355 5634 7440 5193 7627 3729 5570 559 8887 2140
8674 5628 1780 1190 9214 1633 5076 6816 6631 2014 358 3619 1362 4247 8851 5445 3103 154 2393 9933 5720 2895 2213 2757 0 967 5076 4619 7260 994 6421 9527 7707 4661 8299 487 1330 479 6083 3656 6362 7677 7491 6518 4866 5377 9783 6023 1520 4027 4672 9724 2080 920 7982 7194 8851 9715 8931 9740 6166 518 2220 3687 6360 4774 5398 7813 4124 5573 117 6119 5766 4333 44 7722 293 650 4728 625 4933 9614 3861 9487 9620 1538 9562 6421 2766 6947 6113 1277 405 9798 4062 3290 7315 5418 2566 9421 6289 3858 1382 9313 4781 7474 7714 8085 2715 6103 5208 2684 142 8563 7998 6377 6301 1638 6583 2247 4683 6097 9629 2455 3962 9782 3564 5657 4111 600 8123 488 5095 6328 5629 7008 9835 2861 906 3962 1201 8577 4640 8701 1264 1868 1114 6254 4362 8010
626 2303 943 9602 9880 3050 9181 6774 8868 3259 7683 2701 2529 1354 4477 3052 328 7045 9095 7638 5880 5471 3314 713 967 0 8137 2649 370 6840 5116 6305 1471 6526 2754 1351 9198 2369 4918 5227 379 2067 1501 9517 5996 8276 2594 8315 9089 7793 6573 8858 8861 3398 4335 261 8176 9511 899 9698 3234 8436 1356 2671 1466 5763 7367 6230 9665 3558 1337 1769 5378 7188 8094 8383 5471 9990 5352 189 4893 3615 8986 9070 1881 4821 9317 8883 8624 6066 3894 2886 8423 4693 799 114 3020 831 9628 5357 3168 5440 8359 3307 2065 5282 3069 8277 8215 3772 4168 6606 2345 5273 9119 3566 3180 9392 5739 5130 6259 5896 7095 4734 4965 1295 3025 4993 3691 2244 3665 7995 4782 8993 349 83 8827 9063 8602 9975 7637 4534 804 2196 2843 3189 3780 3922 3482 4030
7119 1084 8920 8092 2906 2499 2554 8265 7547 6481 7577 505 1019 2974 5866 7704 7365 5592 4058 3775 9808 1477 8084 8628 5076 8137 0 9194 3608 5034 8528 3638 5566 981 9788 552 6713 4661 3215 7168 9722 5985 6710 5019 9750 5349 5849 1645 7764 2926 4702 684 378 50 550 4217 3192 4769 9322 1442 335 7 2643 5536 2258 9029 3393 9588 8531 692 902 5298 3394 2627 5095 8941 6660 4530 4746 9290 6440 9627 7932 1295 6286 1657 7593 7496 4934 6426 2212 7334 8769 9713 458 2803 4754 812 8206 6145 8305 7500 2997 4309 984 4214 6653 7341 3160 826 2039 9369 4028 3271 4008 2751 9111 3809 8681 1827 4859 6938 469 1578 8357 1661 576 1986 5100 4528 798 6789 3839 2534 6798 5882 3044 4785 5531 4884 9957 3040 7643 6954 7082 3579 3354 4762 9059 6497
9655 8262 69 1363 8811 9221 2959 2176 3872 9345 4778 3687 7036 8527 5976 262 2914 8579 3724 9263 7546 9422 6662 8679 4619 2649 9194 0 9948 3479 3437 9290 4218 9077 2506 3311 7015 6316 9982 466 4016 263 7629 8024 6481 3359 2034 8012 7977 433 719 3424 118 3825 219 3506 7892 148 1637 3958 3497 5098 8546 6696 723 8771 97 6241 6090 2081 6937 7164 4080 8721 8049 2591 9943 3993 4024 8861 8990 2231 4117 9606 4797 681 7184 3125 215 1221 6380 3712 6768 5163 8227 7062 5870 3311 3774 7813 358 7302 3194 8366 191 2764 5075 1585 886 6208 439 121 997 8836 3090 9346 8847 8127 4673 2508 9972 1072 3185 4038 6187 8419 8929 3516 779 6638 8964 2337 8933 6405 1494 1709 413 6270 5839 3235 1794 4431 631 2815 9540 7302 9731 6845 2116 5320
4990 6867 941 9327 4819 9099 4430 1431 9052 5764 2858 8336 9199 1292 5698 9325 4717 342 6652 7495 2384 3370 5183 4136 7260 370 3608 9948 0 1528 8680 9885 6034 7445 3734 1048 9708 2359 2707 7183 3123 6379 941 7897 8800 4555 6324 4423 1661 5786 6592 1538 9761 1711 9201 7676 3241 5152 4728 136 2609 638 1493 253 9976 1517 476 4522 6236 9558 5704 5168 3171 7838 7615 8886 928 5869 3473 7887 8032 632 9294 4020 6694 1780 4578 5322 17 6126 692 6709 758 6337 8360 3459 9917 1171 8844 3314 7563 7242 8570 1578 5167 1829 6412 8162 3116 2770 5176 6521 3361 3937 9723 4712 7530 3575 8675 4332 6144 6123 4445 2356 2943 7480 5731 9081 1370 4179 3756 5155 2596 9218 7170 8354 2224 1655 9366 8700 4747 7564 2825 9965 5640 3508 312 3611 2430 5471
8835 6326 7921 1224 2086 3167 5657 3557 6158 4917 3149 497 8212 2697 5029 10000 1766 6064 5223 8777 6029 2906 9478 3373 994 6840 5034 3479 1528 0 4602 3324 9559 7720 6251 4270 5465 498 7336 4408 5261 1492 6414 1494 5090 8361 4991 7543 9218 3400 1927 735 5082 4890 9001 5620 1103 346 5798 3957 6694 962 5250 1011 9401 4945 8789 8831 4947 7115 7846 8949 1293 6136 137 4700 7548 6592 7713 7171 3180 7408 2801 4442 2269 6152 6709 4487 2891 978 6962 4260 4742 1023 4019 7732 1579 3288 3980 4494 5542 1634 7839 6299 8187 1178 7755 7623 8748 3001 9273 167 5251 8800 5069 1004 2446 19 1566 4368 3419 5502 1483 4529 8134 7834 1381 4218 1715 1398 9968 2267 1612 7302 3252 2833 1288 814 6226 9558 451 6845 4676 8142 2362 3404 1491 2404 5079 5886
6620 4269 1831 1504 3389 8499 575 1211 2466 9185 4083 9442 7716 8996 5583 133 2202 9562 5654 2395 7689 4843 5924 8442 6421 5116 8528 3437 8680 4602 0 5727 8990 8669 4239 9260 298 6603 9496 324 1393 2400 6529 3603 5403 853 7815 3334 491 3244 5601 7067 7712 5862 9920 9516 2126 9085 6531 3120 7650 8182 8457 3438 4010 4095 3270 5727 8744 7348 2031 4924 1400 7139 9897 5101 3813 58 5423 6353 4844 3606 1026 2347 3350 5626 4738 993 4698 4056 6272 3411 7863 3732 4701 9840 883 382 5476 9335 146 7146 1098 7030 8311 8835 587 4023 3154 8458 1025 9648 5621 5243 4971 9571 4026 6967 1002 3752 7408 6317 9093 5970 1387 3763 1225 2416 9831 5758 3794 1315 6739 3195 1121 9305 3360 3179 5460 3751 2637 4759 9138 2916 3021 3705 6582 4905 9223 1417
7164 3803 9658 6024 9791 9070 2051 621 6883 9662 4640 2680 6861 345 150 4070 1551 3433 8130 2379 8874 3111 455 1413 9527 6305 3638 9290 9885 3324 5727 0 3879 3881 8784 8330 8986 7584 5161 837 8591 9723 9469 4955 8842 8988 4676 6614 5827 2134 5571 338 2858 3332 866 9533 3389 6114 5165 8382 9240 1397 8956 1860 4134 2109 7574 4577 4862 8402 4104 1301 4352 2744 7220 4143 7749 3444 368 2284 8710 3435 7276 39 1581 6583 1747 4576 7032 6516 103 5612 2201 4699 5342 3821 5376 6350 2591 2199 2188 9371 4575 6821 8479 9776 5884 954 3687 7531 9020 9 8516 9750 5493 6346 7711 6512 6456 3678 3676 1176 333 8030 8380 8476 1138 497 7756 2502 2883 1555 3156 7764 779 4706 9334 512 1977 5552 9368 8841 2920 1925 4965 6249 9622 958 365 6124
3410 9636 5464 1942 5632 401 5056 4067 9327 4176 5979 6199 4843 6233 1300 883 6906 5804 9061 2505 3299 2004 7992 352 7707 1471 5566 4218 6034 9559 8990 3879 0 2818 8753 3814 1296 1982 6058 9762 9605 6021 2204 8328 4294 2740 9274 1141 2562 5121 3439 1523 5979 5618 2324 9177 3603 942 8394 4780 99 3976 3292 9267 6592 6506 5280 8983 2116 8239 711 4568 4136 399 3262 931 6126 6749 9687 2737 1287 2690 3888 5373 5538 4270 2110 6884 3848 3846 7554 3416 7335 2620 2790 1733 6503 2021 7192 4765 1393 7715 4180 7201 3170 228 8126 7520 8206 6081 5373 9188 8250 1429 6543 6993 194 28 6440 9571 586 8130 4346 122 1722 988 3548 7600 822 7426 7126 4688 5933 6696 4608 3193 9502 5543 7116 5962 3094 5963 2994 2145 7001 5064 2974 5096 1530 9193
7538 6061 9997 4147 2480 1274 5667 1630 2562 6963 2006 3628 6900 7338 2581 6053 5797 7939 1638 3347 5070 2057 5982 1343 4661 6526 981 9077 7445 7720 8669 3881 2818 0 9294 3772 8515 1241 201 1895 7427 3713 8854 4646 8570 8621 6746 8413 3288 2966 604 8241 7237 212 5780 7735 9469 7064 2785 9958 3191 8313 2143 1461 9853 6788 1141 1877 1571 995 7218 4674 2657 8877 2675 9133 4178 8740 1823 3105 6638 8966 9500 2464 6375 2473 1390 9100 6667 3759 8006 5588 1244 5814 4489 192 3043 5533 4528 4663 316 4158 2388 9882 9442 8608 4398 4487 4661 1190 7099 3510 6807 2750 5075 8245 2077 9987 5217 7331 3423 8603 8489 6943 4176 9296 121 3222 2797 2480 6457 7866 2552 8557 6565 6507 6343 2663 108 499 12 742 5937 4212 2118 8171 2258 9329 1771 5811
9092 4038 3012 4944 3030 2577 15 1375 9211 5318 6800 2494 1711 76 1344 363 3265 5743 8177 4759 6292 3525 8501 3907 8299 2754 9788 2506 3734 6251 4239 8784 8753 9294 0 2747 3757 2012 6641 3691 2882 6866 90 3084 3709 2266 4020 8504 5999 1976 3187 1015 3562 601 6508 9392 8799 4090 4545 3344 3444 9647 4825 4120 8707 6434 9167 5859 697 3824 744 9174 8073 2772 9918 8238 8916 7653 7643 523 609 5223 7524 6502 9625 277 5512 4411 7998 7329 8202 2318 2738 3691 7027 9523 7195 7328 4926 3222 6926 1739 7697 4371 1351 5812 4131 7446 9633 4345 1137 2897 5578 9332 8965 5987 5078 4326 8772 3689 1433 8125 744 6963 1696 6585 9660 997 280 8791 2901 4925 6914 1698 3905 8443 9085 6557 1355 2443 8753 8061 7454 198 4609 7886 8399 6326 4303 3972
4146 3878 9642 7477 1452 8736 7173 4703 447 5859 3167 3753 7638 1589 2009 5847 9444 3665 7690 4425 8765 5791 3620 9028 487 1351 552 3311 1048 4270 9260 8330 3814 3772 2747 0 1141 7876 8309 3794 5245 1678 1077 6605 1436 5337 1535 5950 8672 9188 6455 8743 2703 3734 6430 2080 4993 1668 6051 4010 4751 4520 6776 9444 2441 2918 9048 924 1940 6581 4145 970 9279 9646 9521 9239 6564 9712 1034 7555 4633 287 4328 140 9151 8511 8025 8460 4150 1683 7508 4257 92 1817 1741 9389 3883 5774 2160 9268 8217 4751 5753 9859 7242 1385 3146 5102 603 4508 2993 7311 3000 148 2211 3369 4187 2263 6622 7836 5619 7910 8948 6162 8627 4454 7080 9483 3078 276 3199 274 291 2689 7502 9268 9274 1351 4924 4946 2149 957 128 2272 4398 2007 73 8796 4353 6247
8887 9728 4103 1656 2655 1071 1552 3208 5400 9897 2804 8464 3976 4695 7682 4896 1870 7393 9476 5698 892 2805 4228 3735 1330 9198 6713 7015 9708 5465 298 8986 1296 8515 3757 1141 0 426 2365 3994 7129 2331 1186 2206 1697 3160 5717 1253 6417 2771 9319 1296 5268 9505 2418 9289 6054 4345 7859 8610 300 2158 378 5763 5650 6157 425 2923 1746 1526 1417 9645 9365 1114 9312 6061 9695 1344 6917 9801 4377 5204 9762 9074 3828 8532 9671 6322 4761 8269 5832 3235 159 4419 2253 288 9680 7193 4039 3393 6833 4544 1276 9351 1021 9953 3894 4541 3365 1341 4135 6965 8320 902 7688 1503 4913 6741 5270 9810 8874 588 2545 6615 6061 1139 7727 7202 5581 8587 5853 8824 2195 7655 3468 3459 3295 9387 7588 8645 4054 5880 6206 1681 1021 4558 7837 6760 893 5887
3866 9291 6424 5779 4807 8751 6304 186 9822 9909 9949 9755 7871 8174 1702 5897 2382 2767 1610 3105 5028 987 4352 3412 479 2369 4661 6316 2359 498 6603 7584 1982 1241 2012 7876 426 0 7341 9283 7905 1748 2095 5277 1032 1626 6850 6900 923 5956 6493 6415 4459 5964 7558 1520 5032 2456 3647 9281 5842 6825 2997 9856 4176 3704 3213 5347 958 2702 9123 4317 9453 7531 6492 616 3572 6540 4000 9111 2340 4503 5693 2838 1380 5353 8616 1350 2106 5076 3069 4658 3894 7852 6208 9880 4461 9120 1332 6203 5033 394 943 32 8849 2852 292 7205 5851 8059 7469 9007 415 8832 7309 753 1627 9565 6074 3577 1640 8564 8271 9902 1635 6176 6986 5587 652 4773 8117 9742 7430 5635 3141 4119 2523 2866 3159 1042 8885 9876 8843 5733 9770 1570 8757 6709 7760 943
5606 1104 4175 6558 9104 4650 3252 8530 7098 3895 7564 4625 6428 7398 6071 6985 4444 925 8762 8064 2393 796 7744 1690 6083 4918 3215 9982 2707 7336 9496 5161 6058 201 6641 8309 2365 7341 0 6845 9807 8558 5458 7016 9521 7683 9718 727 9774 1098 9934 552 8212 7965 4492 8145 4795 6086 8851 874 2548 7265 4448 5323 9722 9857 8614 8392 1820 6689 9987 9571 952 2140 1660 3717 1252 1385 8026 1674 1258 7261 1213 4733 9283 675 885 2977 9432 3106 6985 1011 6164 791 9963 7479 4901 7372 8514 986 99 5054 2969 6556 2553 9938 3099 3010 181 7647 365 8996 8572 6774 4506 2622 958 5937 4071 19 4650 5563 84 6399 7963 979 8833 7282 282 3091 7204 2191 2947 5740 893 9339 8000 3544 227 7610 6578 9597 3324 2667 3113 5585 8801 3432 659 691
6368 1180 5519 2774 7683 9757 2266 513 3391 2125 1223 8820 2457 707 8375 9729 4795 904 7278 8038 2106 9707 8741 7251 3656 5227 7168 466 7183 4408 324 837 9762 1895 3691 3794 3994 9283 6845 0 874 4101 7209 1763 1851 5861 9736 6751 2932 2196 6933 1562 7114 6783 8735 4980 9904 9092 9759 2926 3451 5494 2105 162 4944 2166 4286 1199 7193 963 1029 8045 4528 5550 4198 7357 3059 1465 7898 8365 8525 3914 2100 1326 2426 3512 7691 9041 8508 6365 489 6945 391 870 1521 7574 4584 3065 3794 3002 1654 2650 6207 9955 2983 8712 4073 3890 4778 8171 5218 7404 3317 4243 525 3078 8596 9351 7396 2931 3439 2379 8825 4898 1360 9402 4628 3721 5392 702 3314 8491 790 1950 351 7531 8913 4249 4146 8274 3005 1065 6582 2753 6190 3929 1289 2700 2334 2384
356 9423 9084 6086 8135 1991 5955 8631 4882 7582 8727 9438 9965 4012 3374 8343 8502 9266 5180 754 5258 1677 3689 3691 6362 379 9722 4016 3123 5261 1393 8591 9605 7427 2882 5245 7129 7905 9807 874 0 5729 4533 9537 7757 3235 3323 4733 8513 8166 1291 5053 8017 8268 3099 8333 3351 7912 4969 7426 1043 7853 9717 8187 2777 6780 5750 835 3600 9199 9535 7549 8829 3228 9627 2562 1748 8746 5631 7341 8464 8584 4814 4640 4697 3808 1915 3038 6524 1755 3305 808 5036 9534 5945 5115 3065 3330 5718 1240 6736 3977 3106 9367 5351 2021 6441 9679 7184 861 8101 9160 1724 2083 574 7722 240 6682 1180 5781 782 2873 4142 9680 6030 7479 4677 7064 4201 8177 1293 3410 8951 9675 2305 9264 1463 1924 3146 5375 188 1139 9310 9251 4660 8728 3438 5658 5844 2032
6195 5065 178 9736 7223 8548 1200 5323 8059 2980 5316 3168 3111 65 585 7345 7186 1032 3154 8202 4156 6591 8840 4143 7677 2067 5985 263 6379 1492 2400 9723 6021 3713 6866 1678 2331 1748 8558 4101 5729 0 815 3351 4260 470 413 2603 2786 4747 9358 3053 1310 4670 114 9849 250 6077 3269 8831 4465 6802 2819 2564 7433 4365 1036 8937 7882 2990 8696 7868 5268 8040 9017 2777 178 896 5999 1822 5583 5890 5807 6346 7901 8405 8692 6908 5195 6090 6682 8312 9681 6645 1585 6596 831 4639 3023 4374 8409 5264 3575 5937 4590 9296 7873 9541 236 9787 1180 2977 2225 3917 7959 206 9855 9183 2329 7959 1669 3680 9712 4336 7342 9774 462 258 578 4728 9234 9544 8244 2072 9912 9072 8126 4344 7304 6811 8469 6812 7025 2471 2857 3271 4682 7541 988 3816
8557 3279 1751 1563 3881 8449 6544 8631 2951 4913 2678 8529 4299 3335 3793 118 2582 8561 9730 3553 6465 8377 5822 8769 7491 1501 6710 7629 941 6414 6529 9469 2204 8854 90 1077 1186 2095 5458 7209 4533 815 0 8806 1203 9478 6495 9751 2558 6548 4242 616 1783 6134 3989 787 1271 3935 3673 470 2589 2677 8305 7036 8153 2587 9125 4569 6194 3461 2997 1279 603 7064 4259 8438 6896 1776 1137 3532 2391 4346 4212 5138 5448 4800 8970 4991 1507 6739 5644 5287 3638 7053 6278 1649 5528 3092 6453 7140 3290 772 5696 8295 9494 8974 75 7899 493 4244 1470 556 2292 6663 9492 793 943 5837 589 8547 7632 1659 3613 8273 2012 4793 5572 4440 3843 828 3553 6032 4385 6133 930 1737 1959 8063 8973 3072 3939 8530 5093 2621 3914 6080 9632 7528 1492 5791
5870 8820 7450 2075 5645 8086 3324 4307 8908 8767 5268 5521 5120 2251 8474 5245 8899 1853 4204 2513 3868 6041 1232 3270 6518 9517 5019 8024 7897 1494 3603 4955 8328 4646 3084 6605 2206 5277 7016 1763 9537 3351 8806 0 6047 15 9243 9800 3282 1798 1460 1550 8269 9378 6440 889 4991 62 9431 8272 9554 1318 8892 1893 6943 4906 6020 2659 7202 8383 1329 5069 7511 7150 2304 7139 4076 2695 4207 3218 3736 9127 5417 701 923 6417 5913 7672 143 6420 4370 7838 8205 1086 2557 1190 243 9845 4203 9918 1688 6033 4903 938 5193 3321 2847 1430 5226 4179 8681 4576 6973 7371 5317 1832 3483 7231 9452 4153 8889 5656 884 5022 3426 3013 5081 494 2041 3948 3687 745 2621 8025 9190 4054 3508 4547 3634 3841 1328 6777 6112 905 1195 6209 5162 9077 4614 5584
5246 5267 7292 6514 3165 7883 5957 9503 9426 8500 370 6431 1736 9626 2899 9327 5460 8550 5674 3762 2911 8478 8404 853 4866 5996 9750 6481 8800 5090 5403 8842 4294 8570 3709 1436 1697 1032 9521 1851 7757 4260 1203 6047 0 886 728 8848 580 5419 4476 3029 76 2160 8728 1938 9621 8915 6484 1096 1350 2356 2992 5035 5263 9252 8196 5370 3011 9605 9542 2740 9609 4964 3750 9088 1926 3279 6470 7381 2150 6952 9287 9774 3948 1272 4133 4331 9138 3692 1324 1873 7569 134 8670 844 1122 953 6738 4762 9336 2970 498 4638 1159 3708 851 363 3003 4944 3886 5940 279 5561 1652 653 9847 477 2805 3610 4069 5994 7572 7331 8742 6251 444 6163 8107 835 1832 1803 6025 8401 4435 9423 3452 2861 2008 4644 3936 7360 8010 7334 8909 4189 4605 9550 1704 8095
4152 2857 3553 7065 6561 7780 5259 3446 4770 6008 434 7873 3138 3998 4716 1914 4685 8243 8280 8264 9809 8622 1657 7616 5377 8276 5349 3359 4555 8361 853 8988 2740 8621 2266 5337 3160 1626 7683 5861 3235 470 9478 15 886 0 564 578 5545 2082 3267 7197 3917 6823 6260 8063 3864 1189 3270 7044 9782 8497 5720 6674 6375 5029 5682 5084 5674 2167 3163 2711 7945 8289 2271 1915 176 5409 9111 685 6958 3600 9007 1644 2131 3310 7717 3366 2504 7787 3428 1959 6372 730 2079 4090 8915 9164 72 3747 2820 6831 7454 6976 5792 1560 1634 1360 6601 6880 3060 4378 8918 4224 243 6523 4659 3299 6220 9869 9397 4398 3545 5822 7581 5286 2634 7818 6968 2355 9443 9026 6537 7236 8114 6345 2053 1760 2990 7271 6867 4518 4758 44 2959 2163 8103 2752 8199 8624
1607 7014 1088 2965 9783 3672 8762 6772 6768 1930 4285 7625 5939 564 2854 38 5751 8179 170 8414 7528 844 1902 2705 9783 2594 5849 2034 6324 4991 7815 4676 9274 6746 4020 1535 5717 6850 9718 9736 3323 413 6495 9243 728 564 0 4686 2003 6639 4888 6854 5747 4629 8105 7494 4339 7792 3718 930 5625 8526 5915 4317 1830 472 5980 6549 5590 2586 7041 9038 62 2038 5610 3309 8629 2862 2337 3164 3747 9636 3169 8717 2032 6755 8774 8571 4948 1104 4867 238 8780 6557 2687 8358 3264 2058 192 5544 9009 4943 8309 4833 4067 6497 6830 4511 6020 9559 9179 7846 5134 94 825 7964 450 3341 7867 2701 1020 5451 2708 1375 9760 5910 2789 167 1565 9889 8763 8522 5419 1046 8651 9489 1462 8614 5829 1058 8756 935 1282 1599 422 5985 7216 7675 1007 7240
1307 9938 9514 1856 1134 5360 9746 3317 2806 5214 4863 2894 1181 2806 6999 4418 9166 9891 4581 6155 1495 2526 8559 7605 6023 8315 1645 8012 4423 7543 3334 6614 1141 8413 8504 5950 1253 6900 727 6751 4733 2603 9751 9800 8848 578 4686 0 4196 3103 6994 7957 5331 131 5288 6726 2330 3025 9993 2862 7416 6530 9902 5295 2679 2942 6478 5270 8244 4826 8907 9377 9321 9831 9396 6609 5360 8694 2509 5518 3107 1387 9065 5806 3228 7096 7737 3425 5176 1442 402 7836 2680 4262 7714 9811 9583 1067 7820 7347 123 7398 1424 7529 1316 5957 5779 8125 2574 8892 2060 2056 870 8955 5045 6699 3697 8121 8183 1223 5574 7743 355 2796 2156 5689 5895 5532 3864 5480 1908 8586 3658 8135 5397 1242 8898 7585 7996 5502 8043 9215 559 4786 1763 204 221 1291 5862 564
2586 967 6900 3035 2087 7780 1371 9472 7381 8752 2063 3418 7078 9716 956 9323 2923 4871 9558 1316 115 5136 8251 4550 1520 9089 7764 7977 1661 9218 491 5827 2562 3288 5999 8672 6417 923 9774 2932 8513 2786 2558 3282 580 5545 2003 4196 0 2397 8069 4965 9789 6801 7847 2316 7261 6093 9480 8168 4277 6533 8815 2712 1356 7114 726 3104 9661 6479 6326 804 6582 7172 60 7879 6833 6904 3718 8414 7304 2855 7566 5545 2342 1460 7317 371 7345 7853 9920 8317 3832 7084 6187 233 6675 176 5856 4298 6860 1091 2023 968 4042 9309 6002 1119 6285 9506 723 7035 7516 2690 5735 3860 4106 1131 53 3365 5643 8643 4535 1696 9749 1774 755 7524 1408 5348 2941 4591 719 1870 712 5270 9423 2454 6041 6455 9773 7415 5095 713 7429 5404 7924 4265 9358 291
1239 6577 3202 7006 2776 5410 821 8521 5058 7908 4387 6451 9148 2723 9393 6311 7815 7273 7556 5933 8318 855 9736 2020 4027 7793 2926 433 5786 3400 3244 2134 5121 2966 1976 9188 2771 5956 1098 2196 8166 4747 6548 1798 5419 2082 6639 3103 2397 0 3790 9934 83 2173 6677 3914 1717 994 3083 6091 1052 9304 312 9407 4705 9381 5270 6156 9881 2661 8450 4190 4140 9800 2941 4984 7196 9475 9926 8285 3952 3143 2130 4139 6745 5925 5540 8883 5943 4675 7520 2078 1414 4034 7778 5917 9692 2185 7549 718 5448 6581 3493 8283 8368 9514 707 6057 2865 7349 8698 3239 8202 1529 7409 6293 6723 7364 8568 2004 9773 7402 9081 2666 8957 6658 8499 2588 6296 1593 4041 3334 4036 4449 3058 9201 5181 4329 1152 8514 9590 6379 6058 4459 588 8033 2588 5313 6917 1541
6106 5676 9432 4349 846 351 9567 2213 5848 1673 9010 2792 5195 6549 7291 5797 4585 8507 4000 4977 522 7848 2171 8539 4672 6573 4702 719 6592 1927 5601 5571 3439 604 3187 6455 9319 6493 9934 6933 1291 9358 4242 1460 4476 3267 4888 6994 8069 3790 0 2410 2541 1956 9815 7891 4708 4121 8626 61 8457 4449 4970 2262 9475 1073 3203 1932 9466 9016 7509 5049 2252 6182 7373 8480 2213 7115 7403 2038 5165 6358 7073 3558 484 2909 6245 3070 6525 7324 4770 3226 255 5392 7369 9991 8074 4962 7556 7799 3031 7353 7911 3370 2697 9883 5441 8707 5288 7867 3508 1931 5680 3820 5320 7342 1704 6497 5629 3170 4215 1264 5668 2461 4808 5162 122 8242 5014 7494 1324 9271 4188 8519 9652 2571 6860 9028 7081 2311 6710 5004 6126 6446 6054 4044 5660 3870 8738 2243
3949 9231 5902 5333 4040 1779 8536 6670 4188 215 6218 1083 7523 1237 8583 1627 5638 2069 8836 7818 3714 1249 3325 6064 9724 8858 684 3424 1538 735 7067 338 1523 8241 1015 8743 1296 6415 552 1562 5053 3053 616 1550 3029 7197 6854 7957 4965 9934 2410 0 2340 9409 3907 1582 5574 1896 9847 6337 84 7193 8610 2773 5885 5992 9780 1420 1704 6842 7616 777 4822 7226 7514 3981 9321 3864 795 289 379 1239 4875 7595 8326 2288 728 8525 3849 6973 6361 1614 1277 2232 713 5961 9055 6138 7291 5971 3293 186 9080 8894 6295 8189 2840 1583 3281 8901 7139 3442 3160 9222 5713 2615 5343 8655 4334 6527 6033 7952 5304 9404 9225 1936 2240 5301 2786 5825 5797 9543 3267 43 8810 722 8778 1796 6019 78 9012 3073 9116 8370 9895 8587 2211 375 6462 346
7863 8286 7401 4553 7443 5411 915 7813 4336 4398 5093 7796 4529 1800 2609 220 8307 8622 9483 9110 7155 4825 4196 2650 2080 8861 378 118 9761 5082 7712 2858 5979 7237 3562 2703 5268 4459 8212 7114 8017 1310 1783 8269 76 3917 5747 5331 9789 83 2541 2340 0 8605 6321 9570 6918 2179 7830 3533 7943 9253 3834 3716 115 7314 4247 4713 4955 1143 6015 8087 9013 9880 6730 5081 8388 7268 6476 9022 4913 9558 2243 2771 5628 3022 4208 6723 2990 9268 3922 8435 3451 7070 1368 9686 4524 9580 4015 0 3157 3022 5978 1345 8032 854 2432 8518 8703 7976 1169 6582 6878 3424 6874 1106 488 1346 8753 2279 9575 9514 8266 4192 7405 8267 235 9152 6977 8373 5493 4074 3431 8082 1863 3044 3824 3707 9961 2576 2005 215 4196 9382 5716 3702 3719 321 9313 4007
8879 1926 4101 5015 8774 8283 3879 1039 6833 8130 4676 319 8512 215 1461 3508 1779 8710 9631 2310 7062 4543 578 167 920 3398 50 3825 1711 4890 5862 3332 5618 212 601 3734 9505 5964 7965 6783 8268 4670 6134 9378 2160 6823 4629 131 6801 2173 1956 9409 8605 0 8357 464 7563 1714 7241 4562 9899 9064 6275 5309 8160 9125 6749 901 6243 7279 5848 4544 9966 5061 7712 8717 7547 9863 4734 3717 9178 8537 3299 69 5935 2152 4941 6201 6642 3450 1047 645 7260 5943 4900 3175 519 242 9302 8865 2311 5902 293 7628 7943 1043 4035 5903 78 3101 3160 4484 353 8646 2693 6518 5177 3355 3698 1424 6775 3031 1023 5372 9371 2268 6710 2621 4843 5608 688 401 8422 8993 1978 2349 8590 5745 7861 560 8594 1158 3301 3750 4838 8120 7693 5313 476 3014
