150
0 5049 9469 3327 5018 7086 2510 3022 7002 1208 8870 5156 1974 9814 5476 8259 8872 3825 774 220 9849 5131 9656 5190 9606 3828 5124 4525 7243 2329 8007 2093 9221 5719 40 1955 5543 1405 5525 3687 5615 4970 7254 3170 5543 3843 3980 6022 8545 1436 673 5330 9980 2237 2336 8869 5833 7489 7966 8418 9947 6180 8140 3265 2392 3369 9071 2881 6025 8122 7320 951 8955 5544 905 8275 2620 7860 3048 4671 1277 9112 1212 7024 400 1246 9746 7416 8770 4948 555 4437 9557 5651 6146 4035 3914 7112 2050 7084 825 4922 9628 5056 7226 164 5247 3166 6343 7900 4719 1432 2177 6838 3164 2658 2216 2342 2480 2790 9665 7861 5348 8139 8449 4313 6987 8267 2266 1953 3898 4527 7432 4623 3132 8181 9252 7755 1940 7059 2234 6755 7709 1495 4884 6826 9795 7410 7789 6677
5049 0 3360 2484 3631 4283 9625 7944 156 8370 5535 2022 3704 1557 8375 7769 8939 8515 1800 1422 3738 18 7127 5151 4056 2739 2964 4145 6388 3017 4703 6912 4075 847 954 6303 8538 8433 8573 6017 6781 850 6657 9637 1678 8727 3268 7156 7856 2407 3784 125 5758 1303 2382 5288 3108 9685 1855 3208 5409 2575 8631 9165 7284 8197 6483 3278 6938 9957 2970 4910 2382 5302 8284 9871 8649 8052 4815 1147 7142 3043 7236 4809 3620 3461 6907 3820 6356 1254 6602 106 5212 8668 1652 672 364 7165 928 8916 5827 1808 7777 5829 9049 3783 5095 777 426 6215 4934 4954 2162 9393 8105 9604 7739 5384 4592 4611 303 4754 1486 4443 6995 1708 747 2870 4800 787 3762 6108 8148 4791 2581 8358 4003 3515 5532 2922 6189 1693 4698 6966 7363 7863 6912 6325 8547 7812
9469 3360 0 7442 201 5790 2647 295 8253 9744 4411 9554 7359 3749 3390 2586 3859 3488 3756 8231 1120 7699 2665 9028 1930 2149 8719 2199 5065 1823 1628 7888 8275 5354 2755 6125 7926 9174 5063 8815 2894 3236 4052 2577 527 3277 2609 3338 9672 3602 7935 6970 6692 9075 8203 5781 3870 1996 9546 5692 1976 2908 24 2774 3695 771 2081 9183 8961 1106 9459 3377 2660 9893 5094 5699 7856 2977 6732 5315 5847 2521 6306 6132 516 5886 8865 6573 8161 3763 3230 2756 3412 5111 8875 4097 578 4416 8210 6005 7980 614 1120 6986 1427 6507 2499 4649 1020 2629 7039 103 3184 6731 8214 5780 7290 4834 5611 4367 9399 864 5272 1589 9481 1831 2887 6741 3388 6508 9818 2030 1249 7198 6101 1860 9493 7039 4931 1461 6915 5437 9112 9000 2861 8440 1134 6901 2361 9065
3327 2484 7442 0 8090 404 9861 2820 4995 9894 4353 5210 5051 8878 237 9927 1287 4261 4960 8959 317 6543 5939 7593 6359 264 7103 5960 7792 4751 7263 7186 6314 3070 7031 295 9540 5421 2158 3066 7065 5650 7437 2427 6378 1471 3324 4118 6260 4762 6308 2040 2973 5405 473 580 8334 3580 6208 3595 3631 1811 1276 5379 5228 3211 2326 3160 713 6017 2464 6848 6387 2422 4049 2752 5987 1965 8335 721 2335 4424 7113 7278 344 9041 9314 2970 6821 6564 6652 2191 8604 6392 3557 361 8301 9753 1242 9882 311 8632 6015 4873 34 5884 6621 5631 5390 7334 8278 9351 3694 659 3483 2584 2066 8718 7681 1543 317 4509 1234 6065 1289 3843 1860 2200 1019 6075 3166 3586 3266 9941 4382 5042 9607 120 4245 7630 9577 283 8564 783 5063 9110 7928 1842 9291 362
5018 3631 201 8090 0 1874 374 5609 3462 3267 1303 6064 3157 2737 715 7139 7881 8835 2196 195 6466 5047 4027 5176 923 2715 9898 6096 8311 3050 8598 7492 4805 2994 9346 6768 1139 8564 2169 9214 6121 3505 8372 248 5318 4933 6528 3918 1031 7529 4512 4862 3015 5625 4396 6752 5980 6295 5686 5571 7343 4631 4479 2475 1829 290 5230 6630 5509 2132 5635 5487 7530 6471 7035 4415 7780 740 6047 9785 767 8681 2344 4269 3491 3119 2222 4094 6005 9263 1657 4196 1831 7666 1144 7642 9901 9834 5130 7094 9552 8801 6887 9086 8770 3199 4298 1085 1872 4971 2531 3875 5082 2013 5648 6185 8903 6990 4865 489 2899 5779 2796 5488 8169 9175 1559 1539 3206 5545 6478 1557 4939 6114 149 346 6218 991 2190 5828 3275 5309 2037 5901 4981 4121 1537 1669 2664 5792
7086 4283 5790 404 1874 0 8034 7502 7440 2929 5395 9428 190 5548 9984 172 4088 2341 5323 3355 4648 1398 4011 4023 828 7679 894 2110 4570 7313 3130 627 8172 8071 4061 220 9830 9387 5281 7660 6617 9282 6221 5485 7329 6081 1131 3680 2902 1668 9013 9879 9059 2707 4530 5843 1352 9011 5298 7369 1023 7780 7575 8685 1052 8034 5865 8671 7628 5192 2261 9353 7338 7997 5163 6763 7218 9065 6614 9304 1629 4297 4142 174 109 2823 6417 3841 5660 3845 4464 9976 6811 9567 8323 8073 3881 8625 1586 9492 1642 6096 5097 7293 5074 8723 2891 8712 4696 3804 9048 9863 7003 6049 2543 7718 2486 9734 8389 619 1877 4925 4435 9511 7862 5291 947 6381 1743 8808 3549 9507 4374 113 7527 3996 8314 3493 725 1926 3276 4070 7673 7939 8289 1201 8923 8156 8 9140
2510 9625 2647 9861 374 8034 0 3752 8090 1997 4434 402 7364 3477 2520 545 1661 8327 735 1543 5346 5538 9152 2770 6843 1352 6041 6104 6416 6078 4149 1074 8526 7556 7312 8134 6458 7044 9458 8088 7435 2627 2310 5425 3005 7037 745 9266 9296 3203 1421 7074 4281 1896 4641 7658 6255 678 3128 2846 1186 646 4633 9713 5555 2740 5591 7124 4415 9622 7596 4265 3459 5369 479 4285 6709 3648 3617 1439 2203 8470 2272 6789 2833 876 7780 8215 9771 6938 1085 5262 544 1763 2610 5444 4473 1749 3792 2535 2078 9532 69 9267 4727 4625 3124 1075 3436 9066 7790 7840 4206 9619 3027 12 828 3386 431 2841 3865 2130 76 8666 3267 2957 4743 172 5476 3085 9999 4656 1021 5801 8474 3530 5169 6631 1948 9644 9544 1517 1650 7569 978 2008 4901 1942 7860 5132
3022 7944 295 2820 5609 7502 3752 0 9757 783 5687 5617 4970 4615 9821 7432 4817 3351 8579 6433 4918 4733 9487 866 283 8354 5388 2463 329 2956 4611 9694 9964 6331 2128 4703 7245 9853 8964 6502 5667 9241 6943 9394 3547 5855 6664 6931 7702 3470 1630 1505 5242 3167 1728 7266 8364 3892 6688 2642 495 5024 6016 7471 6385 4041 746 8207 4913 8810 8582 8597 7046 8809 6579 2656 726 1945 2193 6518 9631 6362 3830 9699 3017 7612 9064 3292 5197 6911 7482 1648 8045 6607 9482 3297 6730 6126 6974 7864 5035 1988 9210 4587 5386 9997 8962 4412 568 5116 2236 4021 8561 6177 9177 8862 6699 4110 3090 9186 7640 4537 6986 7162 7809 9643 318 4085 1497 9127 852 6820 989 9307 6229 3076 7554 1494 9542 7342 4755 2299 7293 9057 7962 9247 117 2836 8328 1924
7002 156 8253 4995 3462 7440 8090 9757 0 7855 8042 1256 6375 4861 5128 332 1638 2778 2721 7283 5344 4935 6754 1888 9821 7650 8092 849 9257 283 7018 4523 5765 1392 1222 8767 1888 1929 5806 4474 5982 8000 9517 2639 6660 3518 1834 4473 7256 4911 950 6896 2156 6483 7787 8216 4140 8255 4470 2348 9131 8204 4048 3086 5493 6081 9362 6384 1043 5489 6274 1697 5818 9474 5036 1054 575 6148 3472 4511 2337 3936 6028 59 6722 5052 2524 8124 1541 1343 8101 9351 9401 3058 6228 7681 5928 6889 549 3748 5417 6665 7307 9270 7281 7618 3212 4447 1286 4024 1208 4216 3281 1055 431 5706 4332 5237 9464 1881 3087 198 9777 8824 9956 4110 6888 1010 376 278 5904 430 3386 8150 5191 2255 9016 502 6277 4460 1009 47 1223 2126 2585 6354 3428 2419 6592 1239
1208 8370 9744 9894 3267 2929 1997 783 7855 0 7680 3645 3080 3678 5141 6788 9730 5534 3530 685 9838 2387 8698 4454 5079 1876 2749 2163 8451 50 7374 6845 2068 6682 7124 7142 9034 5162 3626 9658 7211 9091 815 4117 5254 7100 9767 5115 7351 2573 8020 1232 3926 1741 8805 1184 9292 3855 130 8171 1609 9592 6432 5986 6248 8349 3380 1896 7125 7867 8556 666 6182 6539 1946 9198 3763 7029 548 3040 6196 4290 8972 8996 8912 3658 3561 528 6680 8839 1120 8116 7044 5415 1466 604 9436 7709 195 4100 6564 2013 3527 912 293 1033 6962 9086 6961 9994 8460 5650 7453 8559 5467 8738 4031 3755 6274 2901 6019 6450 2830 697 779 7708 4605 5566 5526 7423 512 3404 289 8550 9705 5461 9479 5169 2575 2576 5707 9811 2223 5357 2062 2328 182 9867 2198 6195
8870 5535 4411 4353 1303 5395 4434 5687 8042 7680 0 4036 4520 1867 6300 247 9510 470 454 8835 9491 6334 6689 5942 5170 8983 4325 6615 9064 8118 6085 475 986 3959 8069 7203 244 1181 4606 3646 1411 5357 4042 8257 4791 4578 4489 6880 9656 395 3072 3985 7520 6956 7042 7615 977 2622 9241 9217 2837 9418 4747 8331 4999 4707 1135 4553 9312 2176 9250 1939 5003 4846 7078 4690 5640 9356 6192 3179 4419 2345 6842 2738 8479 2845 446 6514 7178 352 7039 4555 4930 7096 2160 3289 776 6158 6277 9864 3427 4802 4166 6313 8821 9888 6855 8670 3817 2195 3609 2683 4890 537 1289 2245 3818 8858 1204 8549 2058 3891 3356 9546 8045 2059 9543 2764 5699 1914 2703 198 8785 2791 9419 8832 2565 4719 6639 6583 7855 9585 4393 6860 9392 5245 2158 3587 5278 3275
5156 2022 9554 5210 6064 9428 402 5617 1256 3645 4036 0 9863 5759 168 1034 7469 3185 2434 3312 9768 9593 696 3477 3253 9566 3265 566 6224 3898 5814 4442 6666 161 4751 8823 2393 4426 9892 6536 4763 5013 2283 6114 5968 8792 4973 6458 9137 1023 6658 9025 9859 1191 3243 3675 2933 8033 1617 1706 7271 584 9470 9975 4887 2141 5700 7000 9884 166 5175 1613 7069 5987 2608 3646 6970 255 6712 520 6816 5779 8755 5475 3093 2131 1698 3304 9958 1710 9816 1350 4402 5757 755 8244 7495 4765 1673 1376 4441 7326 4080 3203 4941 9454 2836 5154 1944 5171 3407 2227 5948 143 2795 6297 4915 9433 2851 469 1800 7896 6580 1376 2449 4319 8786 9509 1854 1322 6775 5541 3897 3975 3628 4137 908 4301 6914 9609 2480 7913 9661 5570 9556 8800 3968 7377 2437 4247
1974 3704 7359 5051 3157 190 7364 4970 6375 3080 4520 9863 0 1290 4780 9138 7532 4750 8807 7889 3101 8325 1293 3094 8553 4990 3821 2588 4827 2671 7461 7442 5388 9612 9437 3642 3475 7961 9815 6012 4932 824 1956 1187 1104 9878 1521 3024 58 3419 2855 3278 2937 3899 698 2318 9062 5486 4121 5754 7402 3795 6696 8650 632 2788 6946 7361 3513 6514 8472 309 5304 1463 9346 5098 4039 447 5584 4476 5147 9118 7158 2216 1800 4250 9760 2006 9371 2262 5082 1208 9691 9235 4442 9855 1974 8109 4699 9265 4119 1276 925 7130 7272 5008 5959 6786 7986 1764 9162 4213 1045 7956 290 8313 7379 8560 2636 7937 8478 609 5730 8417 3534 1806 4918 188 3922 3728 8899 7795 8082 9336 3184 591 1564 1271 7350 6259 7676 3839 9085 1864 1597 4004 9225 7120 4582 1245
9814 1557 3749 8878 2737 5548 3477 4615 4861 3678 1867 5759 1290 0 4718 221 2472 7110 6443 1638 4074 2362 5160 7760 2187 4006 7335 8095 6405 4302 3517 9227 1943 4360 2012 5217 6654 1626 9263 941 7786 7386 7691 8931 5749 4932 8908 6603 4354 8406 2207 4660 4426 7998 3952 6492 4027 5496 3029 1467 1330 1253 2680 7044 5709 6320 6150 5703 590 5412 1709 7770 5897 9085 8315 1534 9371 4054 715 2424 6453 6345 5136 6785 2117 7941 1324 7304 1271 9216 894 5315 6483 4088 1888 3366 6750 9788 8886 899 7529 4373 7332 1044 8031 1962 8531 2938 5739 9522 657 8797 4653 2622 841 5787 7647 5890 4447 3028 6946 8192 8600 2432 4526 5045 2914 5174 4341 1908 6981 8963 4280 6637 1453 9865 2120 631 5532 9181 5572 9109 5374 474 3575 263 3895 5410 9368 4767
5476 8375 3390 237 715 9984 2520 9821 5128 5141 6300 168 4780 4718 0 894 6034 223 3068 6248 8895 8706 3046 3028 8245 719 7953 8884 5923 9744 3894 9085 7174 6361 2745 8782 3819 7260 8961 309 3554 9909 5247 5319 6702 6944 692 7883 695 9146 5585 9212 9923 30 1961 8580 9220 9990 1619 7612 3650 9 16 3528 5437 128 6375 5511 9895 2923 8415 3892 6793 8887 5753 7315 2462 2165 6533 903 5772 8315 1048 1558 6114 3564 2581 1049 7439 9342 6081 1486 7800 3272 8125 3651 2766 3614 678 3122 7529 1539 7334 6273 502 4007 8555 6483 5637 2035 6623 8034 5125 7063 9931 6737 7181 9202 8067 8814 5229 330 3361 3681 830 4438 1858 6069 8340 2243 3790 2094 4230 3545 6263 7916 2457 402 1042 9352 6711 3668 5880 7959 7178 9332 3575 5425 2551 4750
8259 7769 2586 9927 7139 172 545 7432 332 6788 247 1034 9138 221 894 0 10000 3455 9065 501 5951 7925 8228 8646 1538 574 8231 3525 672 3961 2028 8434 706 6301 8102 7358 3714 67 5119 2935 3023 8494 2905 237 1880 3468 7792 66 2423 344 4677 4544 3902 7640 9523 1949 9804 2179 5082 9542 3874 8039 9618 9361 3061 5019 7500 3301 3932 3930 8211 3253 7237 9758 5953 4217 119 215 2098 5513 9800 5994 5729 9233 5043 5132 7861 6118 5325 8403 2586 4051 1436 6373 5311 7226 8444 6692 4026 7630 2653 57 4371 737 7183 1044 1249 8687 2996 5104 5432 5791 1676 3658 8463 8651 4763 5218 1022 9019 2699 2005 5555 3229 9066 5556 7742 6435 4250 6003 8393 2597 4221 642 7991 321 1048 316 9448 4104 7911 7293 9832 2703 8339 8831 6592 3666 2296 2783
8872 8939 3859 1287 7881 4088 1661 4817 1638 9730 9510 7469 7532 2472 6034 10000 0 5635 9894 5241 6833 1626 8325 7613 1536 6646 6986 1328 8027 8587 1088 5307 3721 512 3318 6307 6083 2290 6884 9220 6963 778 4823 6942 9517 5341 1617 9365 561 5877 8303 2472 8042 3094 4181 6709 9289 5332 1533 2961 1973 3818 7174 794 3511 7109 8616 8107 5333 5836 6226 9008 1403 216 3237 7711 9551 6061 9182 5947 7793 6582 4255 1390 6126 5893 2071 5145 1259 6630 6499 3535 8232 2283 5615 7499 74 9939 7138 5208 2674 787 9389 9535 9547 385 333 3025 7859 7614 8347 280 5767 1539 817 7729 4441 4071 9151 603 298 4132 1345 6111 6414 7088 4797 9423 8715 150 8792 991 8509 4628 7613 6050 1267 2691 5423 4287 7355 218 2337 6699 2072 7526 1171 6549 6266 9367
3825 8515 3488 4261 8835 2341 8327 3351 2778 5534 470 3185 4750 7110 223 3455 5635 0 5635 2403 8705 9633 2795 7442 2203 8099 5672 5229 4004 9899 1806 757 9320 4689 2528 8413 3477 494 2400 3619 5105 594 8198 5335 766 1589 9839 8432 2978 7325 9374 2466 7782 9577 1757 6624 602 5973 5458 2866 5507 3412 6198 2706 6369 5250 32 3426 8150 569 8861 6417 4468 2654 1100 6124 9304 7 6059 5474 5156 8272 1579 4167 6922 4267 4977 172 4775 5700 3885 8764 8264 6580 4239 178 6864 3916 1096 9266 4861 1304 9214 7035 4583 6015 5959 259 3032 8 5335 2093 1765 6505 5139 9196 2599 7509 4245 589 9901 6421 5344 2931 6156 7876 8797 7052 6630 47 6381 9528 1763 6084 5903 2857 5027 2029 8238 4497 5192 8148 2147 6804 9868 6761 468 4587 5673 7950
774 1800 3756 4960 2196 5323 735 8579 2721 3530 454 2434 8807 6443 3068 9065 9894 5635 0 3491 3979 3467 1512 574 4774 3805 6077 694 1104 2568 1924 9715 8761 8706 4780 4610 8988 1698 243 63 1304 1175 7682 6664 5941 9944 3648 4741 420 3977 8258 5893 9229 2973 6709 7753 9734 1603 5436 5303 3587 4184 6808 926 4403 7792 4836 9279 5395 7894 9254 2505 1905 2905 6983 1357 4661 649 6732 7402 5061 8325 4356 7232 1870 464 4897 1335 3073 2831 1890 4386 9466 2024 2920 7407 4301 9896 476 3010 2206 7854 4740 246 2863 2582 3075 7739 8776 8553 4538 4401 5606 6490 6619 7850 2453 7302 7518 8626 2225 3724 5881 3231 797 122 4058 9177 2136 9267 8574 6595 3673 9673 5092 5229 4886 4788 7810 4232 5451 2290 32 9341 3832 7805 4633 809 2314 8095
220 1422 8231 8959 195 3355 1543 6433 7283 685 8835 3312 7889 1638 6248 501 5241 2403 3491 0 7074 1211 9571 1962 9581 7050 3458 781 8121 2854 2017 4836 3858 7225 9865 7354 8441 3712 7033 82 6609 1612 3512 6657 9480 4619 3652 2611 4389 9520 7039 9288 275 7191 8696 5152 911 8095 8531 6548 7196 6574 4501 8145 9290 5911 8656 1726 215 5715 758 7503 5837 4251 3393 8065 1457 9469 9196 2362 5364 2584 4775 4601 2104 957 8888 7220 7950 5306 7143 7829 944 4740 4829 3369 8972 5744 8358 3870 9447 5735 3982 5721 4477 4094 2717 6373 8561 5243 4745 4633 355 3732 4902 1712 5971 3012 1150 3575 4708 7132 3439 8273 5025 2529 2261 2012 8621 1143 8990 9900 5042 38 3776 9321 854 7567 7516 5755 9666 2224 1875 8298 4202 4667 8675 8743 8278 3730
9849 3738 1120 317 6466 4648 5346 4918 5344 9838 9491 9768 3101 4074 8895 5951 6833 8705 3979 7074 0 8513 7728 7349 1086 4484 35 4362 3796 6211 247 6583 648 3268 5350 9980 9270 4012 339 5012 8947 685 8111 5123 4679 2307 7290 5477 9891 6284 6253 1838 8970 1796 7820 5548 5746 4191 4416 5006 4076 5537 9439 9216 7183 9205 8806 2781 7058 7855 4429 4965 353 449 1266 7168 7594 8654 3565 9604 6677 7410 4584 7649 7574 4255 519 1405 2638 4120 2298 7459 6079 6075 8526 3644 5117 4663 7437 4464 6043 4784 4148 6185 7644 4147 1577 7665 8813 8651 3554 2343 1617 6836 3420 4974 8970 9381 9111 5267 9281 4145 6075 6697 9219 7349 4404 6233 7795 751 6213 7261 50 5195 7811 1263 7456 9240 7039 7639 3665 6127 4051 9149 860 4281 5194 5858 5905 3500
5131 18 7699 6543 5047 1398 5538 4733 4935 2387 6334 9593 8325 2362 8706 7925 1626 9633 3467 1211 8513 0 9744 3315 6251 2222 983 3845 5631 94 9879 6491 9966 8327 7533 5580 8000 1982 6661 7732 2296 8040 2379 6672 9082 1730 8922 4572 2606 9597 2677 9236 7681 5754 5998 1998 4724 3651 9538 7079 83 4379 4207 5933 422 7445 6992 2514 385 5789 9306 7268 6331 9165 7851 7869 982 7260 1549 4666 6893 9713 9334 3177 6420 2739 5981 6445 5219 384 6059 9135 7077 769 9296 2748 531 7352 8961 2024 4654 4963 5472 1742 3978 7139 7910 3837 2390 1068 4889 7940 1881 5237 5832 277 3921 5114 4360 2543 499 1639 9951 2868 9459 6340 59 2004 5258 6179 7403 7815 6357 5893 4964 4995 9855 3936 9546 6304 2339 6229 696 5946 6365 6257 1196 6216 954 5536
9656 7127 2665 5939 4027 4011 9152 9487 6754 8698 6689 696 1293 5160 3046 8228 8325 2795 1512 9571 7728 9744 0 7960 5411 3659 2840 1258 7414 9315 7610 3866 2482 337 2616 3690 3881 8554 8519 2990 9066 8904 8745 3127 500 4375 6996 1741 3351 1638 4403 777 1215 6525 7641 959 8615 5775 4461 3966 7254 1864 813 9325 9245 3192 7693 502 3675 8376 8079 9462 9835 986 8108 5746 6639 6768 1190 3556 1528 6159 3449 5024 3664 4513 484 2598 8534 5485 8208 2153 5206 7431 3898 8761 5341 1854 9956 3587 6580 9640 8844 1358 7358 9509 2192 9239 2994 945 8339 4809 3091 9646 9653 4388 5695 1210 6003 8936 5588 5726 8324 8881 3196 2712 9661 78 8531 8936 1962 3121 8310 6461 7376 9821 8531 9857 5176 2696 1628 8315 2619 6679 6298 3830 2999 5322 6519 4280
5190 5151 9028 7593 5176 4023 2770 866 1888 4454 5942 3477 3094 7760 3028 8646 7613 7442 574 1962 7349 3315 7960 0 9675 2568 2233 4980 8515 7366 8537 3305 1876 39 2581 3369 688 4655 4780 3819 428 7508 8481 2970 4465 3343 4337 1753 8913 8097 5348 4852 8741 7489 7298 4864 2176 3042 2831 8970 6200 2625 964 8311 9793 863 8733 2130 6417 2122 7319 6830 2861 3028 6293 3096 4565 963 755 9480 2587 4652 7110 2704 7280 3652 4901 2436 1735 8553 8124 5719 3807 5058 3412 7876 8906 1622 2728 4909 7850 3145 2335 9417 105 903 1701 3083 2594 5990 5 653 2356 9553 8921 7792 4145 9691 4351 5726 8629 5308 2827 2133 7173 6589 9004 7995 5230 2195 4227 2667 5125 3768 6894 1230 2871 2472 4938 8579 739 7777 2687 4657 9933 7666 4787 3230 6684 2860
9606 4056 1930 6359 923 828 6843 283 9821 5079 5170 3253 8553 2187 8245 1538 1536 2203 4774 9581 1086 6251 5411 9675 0 1175 3537 8066 2558 1036 2111 6857 4969 8663 2322 9752 2963 2018 4326 5674 9301 732 6039 4875 5852 4842 9774 4942 9023 3549 8865 8056 697 9631 797 3451 4886 8602 4529 3897 7643 4028 8168 1764 9619 5972 9059 8206 9664 9319 4597 6485 7701 9838 5668 9783 8810 3705 411 5948 5706 4043 8095 1644 2249 4443 6769 4474 6324 5639 7721 2613 3386 5224 3589 4231 5880 9428 6203 8087 6043 1553 5448 6262 6705 171 3410 9053 3042 3414 4053 1325 4294 4643 4223 1687 6547 3368 1861 5118 4145 9609 6379 5956 6126 5748 66 1648 7189 6162 3107 1391 514 8485 4373 1905 7651 2953 8325 682 8498 7637 6646 6086 2204 627 6739 8746 6845 6434
3828 2739 2149 264 2715 7679 1352 8354 7650 1876 8983 9566 4990 4006 719 574 6646 8099 3805 7050 4484 2222 3659 2568 1175 0 1957 4928 5612 7659 7185 7601 7430 5810 9664 9857 3773 9084 6212 3985 4851 8590 2940 916 3274 1199 425 6940 3589 8739 2119 2963 2763 1516 6674 5351 4116 5650 747 7427 3269 532 7977 6633 8440 2233 7947 5889 8094 8322 8862 4572 8970 9235 3786 5120 2210 2436 3956 7960 4795 5111 816 5919 1298 7962 6287 2597 6386 546 6385 5816 9358 7073 5443 7534 8354 8742 1958 3912 6514 1219 7743 2141 593 5142 5479 7108 5832 4387 8660 2721 1106 7949 7415 2432 6631 9547 8169 8943 9741 2227 3192 1074 9583 4372 5187 13 4586 4683 4102 1602 4010 4458 9904 2855 8994 6591 6204 2506 5549 5448 2036 2530 4854 1315 7500 6018 2452 6848
5124 2964 8719 7103 9898 894 6041 5388 8092 2749 4325 3265 3821 7335 7953 8231 6986 5672 6077 3458 35 983 2840 2233 3537 1957 0 1812 5652 7649 7737 7666 5029 152 7980 3047 2213 649 4257 8206 1760 4007 730 7730 453 7699 2767 7097 4383 7864 352 4882 5718 8813 1814 5025 8988 6999 2019 5178 3338 4288 9968 1080 6879 3252 1149 5346 9143 6092 3404 9081 3895 7963 1880 2169 7551 6822 7468 5569 1553 9194 78 9306 1294 6218 9379 6935 9673 332 4488 8108 9273 9661 1039 881 2020 2211 8639 1253 9929 2257 2164 4407 3103 947 1769 2038 2717 7312 4290 7242 608 1048 3967 8598 6697 5048 3671 5283 7290 7621 8904 4538 6451 6033 7910 504 3864 8084 7935 7789 2823 5082 2353 5336 590 9813 4070 797 6739 2843 4970 2136 9737 3834 8366 8512 6830 8098
4525 4145 2199 5960 6096 2110 6104 2463 849 2163 6615 566 2588 8095 8884 3525 1328 5229 694 781 4362 3845 1258 4980 8066 4928 1812 0 4254 4697 9391 8635 4430 700 3150 1564 9331 9956 3798 8379 6972 5765 6436 2885 5294 9158 7970 978 1609 1888 5859 996 9162 260 7141 7416 6652 330 114 185 132 8087 4569 7315 2653 5893 9900 3152 3573 2496 5879 6124 7944 3875 1655 3338 8693 5941 1994 3666 2355 9133 7007 451 1184 3966 7903 853 5534 3781 5951 8141 3926 8419 6479 1030 8154 7753 3299 3705 3808 6274 9092 3388 3949 417 7763 6789 3614 575 2904 198 7261 2390 8288 9627 2429 1274 9607 650 8370 745 6786 7239 7891 1173 2750 3033 3830 2084 5075 9446 2133 275 2455 4330 9571 308 1089 6931 7917 5393 3058 3769 6067 6207 5315 7684 2061 8418
7243 6388 5065 7792 8311 4570 6416 329 9257 8451 9064 6224 4827 6405 5923 672 8027 4004 1104 8121 3796 5631 7414 8515 2558 5612 5652 4254 0 1831 3167 1558 7623 8462 7081 2795 9872 1787 8578 3748 8163 8414 7213 2368 9206 936 9912 9390 7004 9929 4675 2138 2435 6319 8239 8736 353 1568 443 5283 331 6989 6737 853 8612 3667 793 1453 1971 9258 8636 4365 6155 6888 8590 1068 8451 1299 2607 8386 2724 428 6419 9408 7805 9913 5441 1294 2108 4847 7980 7225 1934 2350 4957 3880 4099 2654 5410 3672 8783 6505 4358 2792 341 3167 1798 9814 1965 2413 8758 995 3246 6055 990 5017 3228 8491 9535 2294 7895 5374 1932 5655 5924 2310 3707 1812 8061 8262 1933 8839 2401 5353 5025 9736 6318 9920 6209 2274 5419 1511 1536 7010 8423 7491 8629 8498 8714 22
2329 3017 1823 4751 3050 7313 6078 2956 283 50 8118 3898 2671 4302 9744 3961 8587 9899 2568 2854 6211 94 9315 7366 1036 7659 7649 4697 1831 0 9678 5673 5894 5320 7137 2107 2910 7909 2974 6252 2003 9660 3277 4609 2449 9505 5578 2895 914 4362 9311 203 5715 4519 9984 6672 7086 5149 543 6069 3613 662 6951 5130 6424 3991 6019 8472 219 9751 4025 2568 2729 5440 3412 9000 8968 5592 2813 9928 1445 5463 5567 9863 7307 5966 6807 3542 1897 8534 245 8488 2359 2441 8389 1073 959 768 5701 9594 7757 1413 1420 9765 5161 5159 6060 7976 9144 655 6784 1935 545 4687 9115 2619 8447 2801 3023 9864 2579 3270 5854 3608 6778 5703 9252 1769 7578 186 1204 1650 2092 6430 1333 2220 3565 9195 5275 9804 8427 2165 8634 1387 2057 2803 5943 6644 9688 2602
8007 4703 1628 7263 8598 3130 4149 4611 7018 7374 6085 5814 7461 3517 3894 2028 1088 1806 1924 2017 247 9879 7610 8537 2111 7185 7737 9391 3167 9678 0 3 6281 2380 6865 8610 5653 6419 7924 7684 933 357 4767 446 9512 2866 8397 1299 3994 6578 7267 2820 836 8294 6140 6360 6237 3163 2666 1928 7806 4298 9490 4784 5098 504 3091 7385 2262 5309 4123 1719 8528 2931 1565 7789 660 9965 3343 1062 587 5622 9112 7104 9380 5987 5772 8548 7615 9777 2615 1592 3558 255 1855 2073 8513 7779 374 80 931 5410 3272 8482 7407 400 2497 3945 1108 8156 4489 4 4972 9442 8272 5954 4289 7284 5833 7447 1971 2115 7947 9936 1680 902 6843 7991 2005 2342 7207 8674 9932 436 9620 9451 9044 8947 3500 604 6628 2056 168 6699 9760 229 9733 8995 936 3085
2093 6912 7888 7186 7492 627 1074 9694 4523 6845 475 4442 7442 9227 9085 8434 5307 757 9715 4836 6583 6491 3866 3305 6857 7601 7666 8635 1558 5673 3 0 125 5331 2994 7012 8638 2957 7763 7743 5329 7310 9461 5633 5381 5757 5805 7543 161 8389 2746 4631 5852 1711 9838 2982 4751 346 4790 7740 9235 45 3862 451 2912 8558 3432 1613 1889 7934 8399 8437 3325 331 3404 4192 2247 157 9978 1337 6971 2184 3911 7999 4665 9234 9713 8059 6286 6764 59 7075 3217 7979 6412 8743 614 3483 5482 3223 4768 4443 1664 1512 4081 9211 198 7012 9088 5146 7407 7871 986 6142 8121 5518 1833 6628 5486 5075 409 2290 871 4723 1819 8818 5516 3480 9659 6155 9288 1245 8745 7694 2522 2977 8019 2959 3620 9951 3104 9662 1201 5337 1187 6680 7927 9059 5324 3234
9221 4075 8275 6314 4805 8172 8526 9964 5765 2068 986 6666 5388 1943 7174 706 3721 9320 8761 3858 648 9966 2482 1876 4969 7430 5029 4430 7623 5894 6281 125 0 8231 1966 4472 3857 8864 7835 6623 1303 3287 1335 6434 9008 2151 1452 6940 8499 8008 3508 5423 7557 4974 1909 574 8792 4030 6226 9364 8477 9507 9027 1028 432 5174 5819 6844 1223 9504 6711 8455 1890 1598 7836 7249 155 89 5742 364 5167 1005 8229 9586 8632 5413 145 7631 431 4222 4599 4370 7773 5337 1392 5995 5098 3155 1334 8013 1958 6126 1732 2151 4482 2242 2558 90 7528 4822 5670 5315 2219 4747 968 7429 7305 1834 3022 234 646 5296 1817 5374 8014 7022 1507 9408 7 4574 3857 6006 4683 6521 6259 2356 5864 4456 2556 1771 6984 4739 4543 7677 4701 9725 6057 9224 890 8487
5719 847 5354 3070 2994 8071 7556 6331 1392 6682 3959 161 9612 4360 6361 6301 512 4689 8706 7225 3268 8327 337 39 8663 5810 152 700 8462 5320 2380 5331 8231 0 7594 9673 638 6978 1338 9501 5576 4088 1625 2530 9865 3401 6750 8208 7252 3954 8410 3709 9729 6768 7666 4692 3113 7062 7248 5292 9611 6618 3938 3207 225 3408 2385 6372 2650 2570 1219 4549 9621 3710 5574 2927 6616 4386 2349 4596 7376 2960 1387 3234 1012 4616 9758 8812 2627 2700 6927 4447 7385 3854 6783 2960 9628 7194 4267 3840 8588 9013 7738 9870 6106 5906 7201 1588 3559 2652 8314 428 3311 9179 5771 6578 6923 1920 379 3616 7792 5262 8082 3113 1372 6264 8038 7375 3887 8846 8884 7589 7356 642 1216 2751 5770 4024 9841 7762 4754 1422 4230 968 2860 6552 7523 8379 326 7326
40 954 2755 7031 9346 4061 7312 2128 1222 7124 8069 4751 9437 2012 2745 8102 3318 2528 4780 9865 5350 7533 2616 2581 2322 9664 7980 3150 7081 7137 6865 2994 1966 7594 0 3512 7405 4492 419 5256 3580 9116 9489 864 5546 5786 9400 2704 9143 7306 1999 7327 3171 8977 5613 1738 3747 6117 4117 7935 6197 6583 7382 7451 4562 433 4396 3133 2620 7004 4482 9282 678 9487 7656 6542 7126 9885 1809 7645 642 1422 2153 5646 1402 2372 1845 8676 1582 3008 7877 6980 8455 2156 9613 2443 6258 3996 4027 2321 4786 4955 5615 5044 2873 9808 9926 7344 104 157 4722 3046 2036 7562 1467 5431 7999 2545 3788 6083 4593 2071 1741 392 8322 1024 7154 1820 3708 433 2985 3567 9008 6526 6986 8870 5585 4296 3903 6406 3374 1881 8490 3580 1566 7378 4762 7449 2410 3767
1955 6303 6125 295 6768 220 8134 4703 8767 7142 7203 8823 3642 5217 8782 7358 6307 8413 4610 7354 9980 5580 3690 3369 9752 9857 3047 1564 2795 2107 8610 7012 4472 9673 3512 0 6464 2619 6422 4027 169 8362 8248 8905 2290 9750 5868 9306 511 6994 1328 1431 3026 9641 551 1269 3768 6448 4188 3254 2958 2107 7179 928 7972 13 1515 6351 7540 1219 4275 4089 7979 6908 6810 5124 993 871 907 4103 4247 275 9917 590 4748 7352 5422 5755 8073 2237 9662 7213 1603 2566 3902 5579 2888 9313 2343 1745 9304 1698 63 7926 2116 5449 8349 4596 5266 7985 38 2221 8589 201 7394 5948 8248 8885 1889 7731 8969 3657 3950 3094 1676 2199 2195 2219 5946 9225 4640 1239 1988 3387 7312 2803 4593 6013 8210 7229 5412 9839 2043 488 9595 6560 1853 2634 7465 2095
5543 8538 7926 9540 1139 9830 6458 7245 1888 9034 244 2393 3475 6654 3819 3714 6083 3477 8988 8441 9270 8000 3881 688 2963 3773 2213 9331 9872 2910 5653 8638 3857 638 7405 6464 0 1616 2944 3667 6579 6594 6702 6990 5497 9526 8622 1408 6921 7943 6020 1847 418 6846 6646 1132 4665 8240 4162 1651 9145 7761 8576 9095 5796 3918 6486 8143 2856 8634 7557 2538 4711 1893 6227 5733 8040 7203 8210 630 1976 84 3675 2214 867 435 7448 7965 5321 6011 1084 2058 5765 2050 6838 1763 3407 3805 5710 5317 6093 297 7485 6127 984 3387 5862 7622 3161 8267 8996 651 2714 4098 4091 821 7998 9991 6729 7891 7455 3664 8516 3464 3236 8058 7799 3280 8103 8512 9498 2665 1518 1750 1753 1821 1806 8274 2945 1053 478 3255 9936 6940 5169 5144 6766 8419 8421 9703
1405 8433 9174 5421 8564 9387 7044 9853 1929 5162 1181 4426 7961 1626 7260 67 2290 494 1698 3712 4012 1982 8554 4655 2018 9084 649 9956 1787 7909 6419 2957 8864 6978 4492 2619 1616 0 449 9299 6208 2312 8744 91 8186 1025 4318 6576 1014 834 3770 6224 1966 1553 3416 7131 5864 5640 792 3264 931 3517 5226 6101 857 6114 3824 2810 522 2605 3040 1780 8354 965 5554 8906 8830 6998 3274 6572 7435 2710 3939 438 6581 2583 6387 1124 9062 6172 8788 9330 3212 3477 414 771 3104 9517 1126 7686 6307 6597 4609 4260 2942 3821 7437 6029 4637 2986 2511 4146 274 7050 429 4563 3013 536 2870 426 9332 6432 9442 6150 153 9880 6081 8458 3342 2349 995 7448 1795 6055 1734 1087 80 3980 5996 838 608 4727 2160 2565 5289 9496 9568 9119 7648 9652
5525 8573 5063 2158 2169 5281 9458 8964 5806 3626 4606 9892 9815 9263 8961 5119 6884 2400 243 7033 339 6661 8519 4780 4326 6212 4257 3798 8578 2974 7924 7763 7835 1338 419 6422 2944 449 0 9007 6519 8276 9661 8706 8348 3054 6617 5334 8225 2561 5043 9780 8739 2538 4751 1986 9431 5325 2798 9279 9695 3374 7808 7380 9247 2774 7111 3342 6816 5729 3181 4030 1348 1590 1175 7248 2279 7695 6836 7276 3803 930 5239 4100 2510 9458 4651 8864 4781 4633 3691 5031 2479 7702 9074 5861 2933 1656 1577 165 9149 3845 8501 6569 5981 6994 578 2640 4688 3546 1482 2448 93 9559 1808 9842 3397 3810 871 1687 7687 173 5628 8366 699 4205 6485 4523 555 4928 2803 1743 5646 5049 7297 6192 4740 127 2058 9208 9300 3412 4602 2547 1599 2138 2420 4331 1238 9680
3687 6017 8815 3066 9214 7660 8088 6502 4474 9658 3646 6536 6012 941 309 2935 9220 3619 63 82 5012 7732 2990 3819 5674 3985 8206 8379 3748 6252 7684 7743 6623 9501 5256 4027 3667 9299 9007 0 1751 1525 4867 3789 9743 4167 9100 5570 6063 8415 3695 3315 641 9452 3679 8021 3870 5492 6918 965 3983 72 6773 2991 8250 418 9315 6372 9672 3224 5857 9414 2172 7574 780 5600 4112 7311 3071 6132 522 2373 8972 4779 7355 5297 9835 1107 2667 9627 7304 4483 6598 7925 9915 4641 2972 8163 8777 4768 6450 2008 2872 9706 3892 5415 7797 5606 281 7065 4178 4565 6033 9339 9700 1488 6961 9999 1379 9006 8540 6428 7381 9385 7019 9515 7402 710 9571 7920 761 3197 3825 7245 2094 7593 8067 9590 9788 2804 1581 7373 160 2624 6559 9660 6323 822 3090 2110
5615 6781 2894 7065 6121 6617 7435 5667 5982 7211 1411 4763 4932 7786 3554 3023 6963 5105 1304 6609 8947 2296 9066 428 9301 4851 1760 6972 8163 2003 933 5329 1303 5576 3580 169 6579 6208 6519 1751 0 7871 4821 906 9714 8798 7008 7620 74 6896 8731 9646 1593 2968 4520 7540 4373 2794 4174 8681 3397 311 629 3114 9638 5458 2562 9973 6315 8965 9668 4893 2257 1173 7398 6198 2901 3214 2914 8720 3250 1370 4616 1389 1767 9681 9468 2724 7215 8686 7601 1813 1247 9873 7300 6166 3872 6591 2099 4050 1738 5652 9632 1692 1444 461 3458 2366 3126 8628 4067 6252 1099 8773 21 817 5268 3941 1407 121 4519 5945 3822 3242 3083 5038 6045 6636 3043 9717 3998 2910 4332 9160 8640 5929 3273 8676 420 5410 4062 5711 9412 3013 7569 8125 6622 4226 4393 1318
4970 850 3236 5650 3505 9282 2627 9241 8000 9091 5357 5013 824 7386 9909 8494 778 594 1175 1612 685 8040 8904 7508 732 8590 4007 5765 8414 9660 357 7310 3287 4088 9116 8362 6594 2312 8276 1525 7871 0 6658 7780 6962 3461 2287 7974 2406 9732 5981 6763 7584 8182 7219 9681 7731 6068 8624 6777 5519 7817 3773 4496 7640 1499 8057 2284 8545 9091 8256 7930 6227 299 2933 6218 4405 7958 682 6027 2946 5198 5548 5973 2444 2024 8345 507 2277 8101 9284 5767 2934 2966 6523 4043 8092 2849 9106 8437 3815 3978 1062 5939 4552 8526 6599 9363 4496 9717 6018 8330 1054 3612 7289 8906 3342 8359 415 9393 1167 683 6624 7491 3572 9481 2581 6744 3253 3311 7650 3454 1639 2017 8003 5384 3056 1471 1088 3452 7976 2474 6927 8543 5494 9768 3148 2336 5791 6293
7254 6657 4052 7437 8372 6221 2310 6943 9517 815 4042 2283 1956 7691 5247 2905 4823 8198 7682 3512 8111 2379 8745 8481 6039 2940 730 6436 7213 3277 4767 9461 1335 1625 9489 8248 6702 8744 9661 4867 4821 6658 0 5691 1504 6707 9161 1232 8774 2331 8871 5778 1813 4071 183 8850 4134 7384 4064 5426 387 1831 2634 3598 840 5493 2736 3311 8912 6359 8377 417 8028 5794 4936 6494 7685 7115 2613 2057 4943 2361 8998 5131 2797 3694 2860 3086 2102 9040 7977 9189 611 368 2899 4411 225 5898 6878 1927 6850 7617 5730 2413 5764 1187 2971 7828 6799 38 4712 7912 8944 212 9568 5266 1604 3765 9907 1442 1096 3627 4930 1695 9747 5166 4334 186 4008 4156 6624 6124 3539 4389 1144 4949 3675 5189 1151 1415 5013 3925 8961 1848 3895 8129 1510 2895 1079 1674
3170 9637 2577 2427 248 5485 5425 9394 2639 4117 8257 6114 1187 8931 5319 237 6942 5335 6664 6657 5123 6672 3127 2970 4875 916 7730 2885 2368 4609 446 5633 6434 2530 864 8905 6990 91 8706 3789 906 7780 5691 0 23 1235 4429 6948 3760 5578 1500 1668 543 2723 5491 7278 4247 4233 3189 9729 8560 60 971 4705 7650 6498 8037 9921 5719 4002 1896 750 694 8819 9121 8959 5184 5651 6467 7410 8343 5384 884 5958 961 6087 8139 5619 7562 3725 9372 1243 9840 8076 8555 6029 3525 6812 460 4830 5675 7257 8596 3025 1013 2437 6053 5090 976 469 3243 9022 6702 9226 2101 4392 5302 327 6716 7756 7223 6920 6763 7714 7728 7710 1143 8626 244 2466 589 6128 7792 8246 7859 7863 7784 8946 4269 2592 7196 6628 8342 9863 5859 3320 3632 9074 9646 8844
5543 1678 527 6378 5318 7329 3005 3547 6660 5254 4791 5968 1104 5749 6702 1880 9517 766 5941 9480 4679 9082 500 4465 5852 3274 453 5294 9206 2449 9512 5381 9008 9865 5546 2290 5497 8186 8348 9743 9714 6962 1504 23 0 7938 7110 8516 7259 9388 1184 1019 8439 3232 4295 3326 2668 697 196 7290 6912 7536 5105 9296 2891 3489 2571 8613 8226 7331 5149 8142 4619 5306 1778 3784 8230 1725 5981 9729 8173 5354 406 914 4099 3822 926 863 7962 1945 991 9256 8757 331 9208 4311 946 7885 6012 5840 6779 8025 4633 4701 5913 1998 8741 5742 7192 1744 5836 3778 8768 36 2545 1405 7708 7351 2343 5629 4122 3078 3970 9987 8079 4471 557 2681 449 6292 8632 1963 8424 2582 8020 7170 7734 5255 6076 4812 8401 6883 8054 8099 8522 105 599 7048 1157 1001
3843 8727 3277 1471 4933 6081 7037 5855 3518 7100 4578 8792 9878 4932 6944 3468 5341 1589 9944 4619 2307 1730 4375 3343 4842 1199 7699 9158 936 9505 2866 5757 2151 3401 5786 9750 9526 1025 3054 4167 8798 3461 6707 1235 7938 0 2682 3259 6748 8131 2393 4703 5939 1275 6927 9224 4308 3828 4579 4933 1617 4144 6621 1792 4987 4826 1629 4045 6486 8907 6529 4854 3837 227 2465 7882 6311 4540 7011 4400 3173 7551 6386 2849 5366 9170 5853 5103 2962 2741 4248 932 8487 5892 3742 8215 5845 1853 7949 1639 5199 371 2039 5864 5853 7763 5704 1697 5906 1451 4912 3990 1898 7992 5374 1164 6376 1564 7286 5154 4100 1349 1626 9164 8543 2481 5086 6505 1313 2158 2298 3787 6579 78 4497 3788 1639 4229 1026 1605 8238 5550 4558 128 2269 1703 1090 7481 4475 7531
3980 3268 2609 3324 6528 1131 745 6664 1834 9767 4489 4973 1521 8908 692 7792 1617 9839 3648 3652 7290 8922 6996 4337 9774 425 2767 7970 9912 5578 8397 5805 1452 6750 9400 5868 8622 4318 6617 9100 7008 2287 9161 4429 7110 2682 0 4282 1175 8569 1143 3118 8597 7558 392 9382 6818 405 6736 1318 7529 4736 1825 8455 6684 9531 9745 5244 8767 3600 2183 3821 2754 6476 3326 4561 1299 6886 2349 3015 7728 8372 4907 9999 1254 9627 4801 4831 7116 2131 3965 8295 6061 959 658 9717 1523 6837 1221 3848 2242 8458 7457 9272 9814 2980 6203 4593 3412 8277 1133 8074 5277 207 3295 8858 5989 3550 1256 3230 2896 5934 7270 1260 1553 7701 3474 1096 3134 2651 3280 6 1476 4650 8444 5929 7578 4765 1611 2695 3928 560 9501 4620 9680 1208 3751 1734 4381 7202
6022 7156 3338 4118 3918 3680 9266 6931 4473 5115 6880 6458 3024 6603 7883 66 9365 8432 4741 2611 5477 4572 1741 1753 4942 6940 7097 978 9390 2895 1299 7543 6940 8208 2704 9306 1408 6576 5334 5570 7620 7974 1232 6948 8516 3259 4282 0 241 826 9541 6544 4887 2368 1036 7911 1876 7392 5388 7022 9652 3137 3569 34 5866 8743 8407 2923 1205 5185 1459 1945 6803 3627 7727 8303 9959 4266 9121 7062 3128 4552 5392 421 5665 2450 783 2924 9189 9464 2519 3935 2575 435 9231 5745 699 6746 8513 2063 5158 8396 4881 1202 8332 2713 6322 929 4791 7984 2511 1932 9692 9039 2601 4 4523 5249 6970 2023 8289 9735 897 556 4346 1845 7013 3928 9713 8225 9065 220 8659 7241 2561 117 551 2049 1142 5060 9636 9562 8512 6756 9658 1405 3457 7257 3412 1470
8545 7856 9672 6260 1031 2902 9296 7702 7256 7351 9656 9137 58 4354 695 2423 561 2978 420 4389 9891 2606 3351 8913 9023 3589 4383 1609 7004 914 3994 161 8499 7252 9143 511 6921 1014 8225 6063 74 2406 8774 3760 7259 6748 1175 241 0 9184 4065 4698 1511 6857 9188 4642 4142 2823 3128 3870 2491 6305 7915 9623 4846 2780 4694 2688 8125 7288 8583 3933 6280 793 119 4279 604 4852 7287 9000 2100 2156 9614 8554 1746 6046 7552 6104 7219 8633 4602 5236 4359 2866 4451 8836 902 4173 5350 9912 6366 4855 8051 2299 2025 4697 9595 9608 5637 6780 4543 7071 4992 9640 3665 1074 134 1167 7255 6218 7020 3616 4325 3649 9437 4204 7381 513 3397 1326 1910 9973 1698 5713 8765 3618 276 1122 1925 2240 3185 256 3639 7857 7412 8346 6823 3087 8260 4581
1436 2407 3602 4762 7529 1668 3203 3470 4911 2573 395 1023 3419 8406 9146 344 5877 7325 3977 9520 6284 9597 1638 8097 3549 8739 7864 1888 9929 4362 6578 8389 8008 3954 7306 6994 7943 834 2561 8415 6896 9732 2331 5578 9388 8131 8569 826 9184 0 3572 3054 1485 2033 5597 1082 2811 4862 6338 6852 8405 9698 7048 6323 2810 4206 257 4845 997 6373 2301 5018 1526 7832 6482 9191 7422 8114 8421 4566 5775 9148 4075 293 6478 6231 6121 6052 9974 3530 3651 3257 2848 9682 2960 2899 8747 8339 6100 9962 6301 6053 5879 6039 1484 7062 1388 8939 3022 7355 5275 3603 2080 2970 36 607 6977 6043 891 1553 1035 8874 731 7403 3609 9952 1 7903 8180 3028 1342 516 2467 9434 3276 1944 3975 7365 3682 8649 4749 5332 3346 301 8411 5325 6890 3188 1774 1575
673 3784 7935 6308 4512 9013 1421 1630 950 8020 3072 6658 2855 2207 5585 4677 8303 9374 8258 7039 6253 2677 4403 5348 8865 2119 352 5859 4675 9311 7267 2746 3508 8410 1999 1328 6020 3770 5043 3695 8731 5981 8871 1500 1184 2393 1143 9541 4065 3572 0 2893 6389 1650 8240 2165 2848 3939 316 1379 7490 9213 2415 3532 4977 4474 4602 6233 9557 5166 8654 7330 7128 3535 1677 3015 6052 8730 7271 1195 8510 202 6543 8106 2596 1039 4799 6138 1722 6616 5005 2873 6539 6432 1215 282 8463 2389 8012 7611 1667 6483 7703 2817 4582 9151 9254 2360 9798 2715 4451 5882 5241 1969 774 9524 1257 465 777 988 1254 2446 6291 6269 5840 3578 1289 6460 6100 7627 984 644 444 2716 5569 7040 4641 3739 6358 2091 5193 5284 8497 8032 6032 6007 2053 8741 7663 7916
5330 125 6970 2040 4862 9879 7074 1505 6896 1232 3985 9025 3278 4660 9212 4544 2472 2466 5893 9288 1838 9236 777 4852 8056 2963 4882 996 2138 203 2820 4631 5423 3709 7327 1431 1847 6224 9780 3315 9646 6763 5778 1668 1019 4703 3118 6544 4698 3054 2893 0 6436 8251 4401 2483 4556 1145 7022 5387 5977 2305 9048 7724 9561 9318 5435 1694 2336 2163 44 1894 3301 7136 3641 565 4152 6419 7275 1528 8434 573 5903 9743 4968 8656 7147 51 5515 5679 7874 8092 925 3410 3357 4202 8340 8815 5973 1385 9402 7675 6173 203 8294 4142 9378 1090 4363 2220 265 9459 5049 8166 8717 3111 5213 9604 5996 5365 2032 3834 7146 7287 3198 2312 2104 9096 9012 5939 7318 8074 5611 1350 89 1968 6873 4962 9356 9947 4612 4222 4406 6595 721 8489 6303 2166 2856 6301
9980 5758 6692 2973 3015 9059 4281 5242 2156 3926 7520 9859 2937 4426 9923 3902 8042 7782 9229 275 8970 7681 1215 8741 697 2763 5718 9162 2435 5715 836 5852 7557 9729 3171 3026 418 1966 8739 641 1593 7584 1813 543 8439 5939 8597 4887 1511 1485 6389 6436 0 5139 5574 938 2376 5107 963 7890 5143 1856 1063 8882 8058 2737 3343 7252 9401 3828 1313 5950 1696 1680 7322 5424 4311 6033 4330 6127 4104 1395 9498 5448 425 1975 9551 2053 9369 1415 1714 4593 9907 3995 9964 60 4823 8651 9443 2210 1111 1610 5363 8986 3705 6178 991 458 5261 9146 192 5108 9422 921 3532 4998 5729 9485 5712 2019 8214 9349 7315 7839 2785 9426 6481 1014 7011 6170 4791 5755 1164 4200 6843 6104 4007 5913 4958 898 8911 9227 6024 8812 5551 9225 6825 2286 9260 6430
2237 1303 9075 5405 5625 2707 1896 3167 6483 1741 6956 1191 3899 7998 30 7640 3094 9577 2973 7191 1796 5754 6525 7489 9631 1516 8813 260 6319 4519 8294 1711 4974 6768 8977 9641 6846 1553 2538 9452 2968 8182 4071 2723 3232 1275 7558 2368 6857 2033 1650 8251 5139 0 6947 8514 16 2674 470 3340 8289 3154 8410 9317 1601 2043 5470 6763 4356 9444 8258 9476 6833 7922 6906 2189 5291 6817 1871 9611 5714 6258 1300 2832 9323 7491 1154 8875 6270 645 4065 4477 4143 7500 8384 5327 5372 2414 1115 4208 4889 9143 9717 1655 5584 9923 4596 6643 4025 6273 1490 3182 7258 9240 987 7423 6357 3748 5542 2464 9243 8296 9722 6486 7469 556 8353 780 868 9159 891 2672 7587 9433 4799 6102 1782 3028 2700 5104 8049 9037 6149 3158 9465 2033 7702 1152 5677 3267
