300
0 692 653 6716 5843 9922 704 4649 2685 1446 8664 9888 4906 7190 7635 4974 3276 3986 4711 433 9571 2465 6703 1861 3212 8762 9957 8919 6987 558 2079 9062 8834 3368 4951 4657 5026 2213 3726 1764 8555 9603 5001 6569 6960 5605 475 7944 7631 8893 6422 4787 4424 1855 559 2369 6950 5609 4434 600 257 7399 6656 5668 9940 7532 3337 1663 6096 140 4918 3324 6806 3935 7384 3744 4387 5593 1535 7489 8711 8704 4216 1669 7855 7604 1011 2972 2592 8379 5928 272 8286 7316 3967 3864 9143 1775 8604 2378 7741 9520 3568 2801 7901 8527 4588 3402 9354 7061 9210 2772 6368 7600 6397 2518 9212 8667 3700 7806 5135 1109 4934 3467 4134 9114 1718 1496 2624 7458 4406 1788 3814 3968 5960 2283 6155 6953 5124 9391 762 8266 9118 8482 4737 5242 8457 2568 9697 3238 1355 8784 543 7690 781 8617 7477 972 3796 8114 7088 9272 8890 9314 9694 1998 1899 7430 7962 8187 7589 5537 7819 9289 1219 4311 5080 4599 7172 937 9463 863 9087 7941 2266 1129 5384 5893 721 1058 9563 3184 1436 9814 5032 8808 1925 5073 6311 4493 5892 3604 6637 7337 1124 5679 1989 2029 6189 256 4040 427 5966 5229 8055 7122 8810 9873 3962 6989 9908 1722 5995 5205 4698 7423 8221 6064 4728 765 936 6156 8003 6813 4254 9657 9839 9350 4531 7943 8847 2282 1567 677 6938 2411 8391 2220 4728 4812 134 4667 7588 8628 1975 8970 835 3269 6764 8850 1245 9227 8207 6772 1451 7593 3216 478 9108 8243 6222 8776 1013 7855 8553 94 1393 7423 7401 3920 2522 9193 5012 5336 9709 8816 6493 2750 2859 2384 3084 5049 1849 6249 2387 6133 9777 1683 2246 8766
692 0 4562 5348 6 4403 5572 5741 3029 9598 1456 9684 8215 2991 4593 1025 9447 6692 6245 4643 8774 8607 622 5547 34 1883 5880 8569 4190 9145 7552 735 1176 2584 5696 5139 1734 3059 3180 1134 2376 8062 6270 6340 3973 3722 5568 6447 6333 7050 2971 2819 1218 133 3126 9611 4457 8836 168 1673 6698 8299 1278 1700 494 2781 6448 8342 9625 2943 2462 8815 1673 9241 4834 9516 7928 8535 5844 1765 852 8448 1793 1136 976 904 1162 7449 3341 2634 4628 5646 9694 1123 8509 1745 1017 8565 5701 4084 8755 1339 6879 7302 6124 9945 6754 5216 5562 9906 6793 5961 8905 7132 5625 2111 5946 219 8248 6379 163 7127 8765 9798 7962 5930 7586 3712 9877 6455 7330 2311 6659 2812 7632 4326 9652 7681 1182 9759 8782 370 4635 1618 4611 2771 8429 9439 4494 7733 4949 6099 9607 502 8137 8586 703 7082 206 612 5597 604 6739 8686 1138 5450 3821 4849 7056 1055 2785 2047 4851 3804 4409 1269 8377 7322 9222 5285 2492 2568 6267 3563 6890 2652 7742 8236 570 2111 585 1954 6046 2055 3149 539 4007 6583 4984 9642 7909 3735 581 2731 1913 4234 8444 6659 2151 9999 8358 5862 6351 3271 9212 8161 7944 2024 5780 9068 8954 6504 4392 2469 8816 422 8847 1539 5997 9264 4731 3785 2514 50 9331 2059 7726 5615 2959 3764 3731 447 8060 9140 7488 303 6987 6322 9242 1081 8240 9206 9515 50 8136 9577 7019 1355 8201 2228 1259 1108 4751 5256 3296 9010 5224 3526 2763 2244 7899 6160 8483 1894 3997 696 4676 3816 7017 3811 1522 3794 1665 3204 5878 8190 261 9841 6305 7401 554 9315 7659 211 6198 1740 1011 9421 6943 5437
653 4562 0 2803 4134 3902 4098 918 3535 9927 3923 3743 6164 7678 1026 5187 1938 676 8940 7487 742 6091 2051 6075 2377 7281 3981 8828 4667 386 6787 3252 8234 1738 2048 7812 2024 4096 3811 5816 4564 8392 7075 9093 1437 8993 4489 5003 198 2470 2657 7385 2164 454 8846 8443 3388 1876 639 1075 7311 8176 1867 9966 9565 3082 8302 1677 7456 4977 3341 4102 817 9083 8206 1690 5301 461 4841 1296 3140 3459 352 2957 4121 1465 8793 7894 9986 1372 6568 9191 9686 3294 6478 9151 5829 2319 6958 1205 199 3822 9121 5975 6259 6079 4923 1509 6392 9909 1881 3301 3965 8420 7228 5566 6610 9256 4690 4780 8269 2046 6688 8 5899 1044 653 8908 2730 1732 4371 9929 6034 5260 6229 3330 2134 9580 4277 4236 5925 1532 1743 6015 3008 947 7799 2851 6078 1653 7426 5605 2554 6523 3852 9766 3583 197 9209 789 8959 4542 7444 7772 8924 4144 4601 578 2609 522 5834 1271 721 286 8295 6190 9859 1344 5405 5203 5011 1860 3942 4996 6625 7805 9907 6113 1528 1194 207 831 8837 8989 3937 6224 1552 2510 9341 6448 1168 4720 6098 6550 1027 4905 7699 7104 4543 9876 6896 7262 949 7637 8064 9580 8811 8922 6614 1810 4156 3502 6442 6121 6049 422 2218 5225 7871 5077 6279 805 4535 6516 2404 1417 6233 6044 1569 3349 4441 5633 6946 8981 678 2370 1039 5327 3741 582 7113 6941 5844 3030 1940 1743 7386 3916 1042 2526 1032 8249 8569 7108 9704 4073 3440 4110 7731 9571 8295 4639 8628 8800 3977 8754 2287 3583 5175 7638 6843 612 101 9474 3261 9653 5864 2236 4987 230 388 6184 6877 9604 3858 4476 9948 4921 2228 6246
6716 5348 2803 0 8434 8862 7214 4507 8383 2409 7405 1456 2425 4937 3300 4072 8895 4091 1258 6300 2301 9894 3125 4981 1883 6700 1437 1490 8369 7405 3220 3077 539 6821 2215 2221 3171 3508 5214 5367 3384 6192 5282 8021 8498 6354 9330 5928 2443 5432 9711 5147 9344 4907 6734 1742 2672 2642 1538 6500 2696 4313 8927 6957 8419 2222 2524 4748 1732 9574 4700 4586 6517 8665 3257 9237 3986 7466 9298 6175 2045 8537 1231 9754 8151 5640 3859 9049 3823 9099 6060 8314 1386 1015 7969 3554 2883 9912 2931 7844 3337 4773 8232 8743 7489 392 6363 3541 8439 3697 1481 4334 8153 8120 9372 7621 4609 773 2298 6707 7282 4247 6528 8217 5177 4491 5195 8011 4090 5358 8362 5012 5737 5050 9107 4166 1322 4995 614 6047 262 5082 8452 2697 5641 1181 4511 468 1561 7527 526 1190 6961 3452 4380 6779 7508 6282 1494 5250 1508 3182 746 9627 1788 2129 3848 1807 16 5413 1712 9850 6824 3063 2689 4828 3096 4159 2707 5515 8830 5542 5701 7649 747 4132 6230 1974 9732 4225 7416 555 7795 3056 8714 1132 9484 2935 5065 948 6668 1827 9879 97 4745 8899 6284 9677 2117 6088 4568 5823 7232 6777 4641 5568 8085 2275 2801 585 8865 9574 5408 521 536 5654 3415 5847 5233 6910 5685 5270 2569 2625 6823 5250 6714 7976 5744 9407 8970 7047 7520 7248 7473 7548 1992 551 7606 4415 4464 7586 259 4550 6634 3659 8196 6089 7218 5727 485 2343 633 3853 5278 8908 8091 3726 4153 2394 6991 8074 8706 5623 2786 1341 3970 4619 74 2561 2575 5178 5152 8738 5237 1128 6771 1617 2237 9071 6046 457 5584 9550 7680 99 5155 3740 7216 2940
5843 6 4134 8434 0 2314 3066 918 4774 460 7332 1374 8723 6517 4782 1361 3618 7286 600 5305 5568 8004 4781 9797 5380 5206 7743 3913 8355 2960 1808 8209 3279 3805 8618 78 4382 4259 8815 6004 9353 7650 7621 6977 8218 471 6815 7303 8911 8503 1115 7446 5508 7208 2086 9910 6971 153 1487 4247 842 4551 2864 4975 5305 27 7845 838 8286 4714 2474 2204 4109 7840 2647 4905 7341 2874 3704 9861 3011 8605 9553 1079 114 7901 433 4517 1697 4281 9002 7153 6745 4098 8283 6224 4401 5075 3795 1941 9919 6120 2536 4445 8339 6885 1225 3221 508 7407 6232 4505 2937 2407 9634 5960 4903 1908 916 8207 4435 2210 3088 8125 9199 6616 6174 849 827 6759 6979 7106 3586 524 9161 7690 5323 8418 3176 4352 911 3021 5450 2788 1916 4390 9985 198 8595 2480 441 43 3773 9420 4611 5225 6185 479 9993 1464 6688 1300 7439 1468 1104 1147 2921 5503 5990 8028 7273 6947 3166 8454 2784 5512 6038 7978 4166 1720 3837 5940 1597 4858 8698 4668 8658 5531 8618 3061 6998 1209 916 5443 8323 2727 273 8167 1934 1837 7540 260 3927 5777 4831 1855 5847 6844 7680 9244 781 4802 2199 4538 4311 4532 6988 3124 1387 9246 3756 4515 3687 6209 809 9754 3729 6528 3066 7316 4573 2942 6571 2026 6349 9704 8594 5871 8107 1573 3140 9676 3837 811 8916 2371 3157 5625 9027 3886 5231 9733 2674 7278 5610 7424 7999 8059 7473 9790 1300 9860 3975 9604 9087 1238 8647 9104 5399 7612 6943 3844 1522 3075 6224 3447 1692 1119 1705 4089 4368 1118 369 4017 2062 2169 1146 1469 5142 498 6953 9101 6371 3793 1647 5623 13 8269 7288 1003
9922 4403 3902 8862 2314 0 5055 9736 8349 8685 8682 9491 8744 3704 7309 3921 3241 6680 4 8942 5242 9946 3613 1974 6971 2183 4833 9996 9874 2292 2609 1931 2140 2357 390 8310 9953 9126 6899 5052 134 9934 2582 2008 9068 6918 5332 7926 9391 8539 1144 7842 9099 9238 3755 4978 8077 227 7275 7864 7377 3620 5140 804 963 9610 9484 3761 9369 4027 6791 4990 9187 205 3795 3858 9855 9093 5220 949 3109 779 235 1690 5373 9177 8644 2153 4333 5985 5117 4679 1486 9577 4938 2400 7508 7161 9752 7977 2426 6402 3337 5938 6383 9484 586 1315 5433 6 9565 758 954 1965 9646 9809 5120 519 238 7622 8089 9363 7219 3542 7588 5860 3350 7432 7549 4683 1132 3010 3688 2832 9429 8770 7478 3811 4428 2704 9889 6672 5665 547 9019 9140 8162 694 8506 3586 2909 3049 5656 915 6962 5635 9754 9077 7733 6828 1924 2630 1788 5727 1197 5760 5350 6776 8573 897 5940 5281 9762 8241 7779 3057 4292 601 8768 1492 4317 4370 5444 3808 1478 2344 2601 2605 1736 1124 8114 9350 6165 4041 4158 465 1257 9695 4926 7256 7279 6247 4703 2917 6202 7371 3026 6298 1954 9502 2436 780 7018 2927 8068 9009 4613 8460 7630 322 2628 8320 7252 9461 2843 7637 9173 1668 4785 6372 2593 1924 3037 156 9333 3441 3574 5271 9493 8817 4914 9293 1582 7851 7695 4360 4305 2149 4361 6075 5223 7023 2744 8652 1787 5396 7026 1765 7229 3756 9661 3465 8287 6485 6153 5952 8633 7175 9913 7195 2243 4427 4074 8197 6045 143 4844 2257 8541 3981 2297 5293 8881 9034 8599 6500 6247 5088 312 989 2820 6609 6053 8287 6732 6864 9250 7369 2518 3991
704 5572 4098 7214 3066 5055 0 6134 1701 6874 4068 5161 2958 2649 737 6611 9684 5713 6988 8565 3180 4041 5359 1141 4423 8173 3637 125 4024 8123 4913 9269 635 3298 1785 4388 7825 698 7836 7056 5512 6745 2733 6033 5663 9995 376 5568 3176 1355 7855 2742 2861 142 8322 6904 7557 9376 1520 247 8146 4947 7655 3049 9590 6650 4352 9598 444 8686 7761 1997 8031 3733 3929 2911 7871 1901 9069 734 3628 3118 1052 396 515 5597 2576 651 5072 4099 6215 9207 6124 9820 9275 1030 1401 8686 4102 5702 7437 9923 7450 9627 8616 4486 9391 6525 3423 8748 2869 8582 7691 93 5476 4670 4202 7542 7277 575 977 3154 6854 4492 6916 6086 9476 1560 2729 6091 4184 478 9314 7040 2341 9494 3810 8987 4203 4581 8030 5212 98 26 372 2965 6733 4600 2579 1882 9088 7183 4722 806 9158 8262 536 8582 9184 5401 1541 1172 603 3684 8873 1946 5523 5866 9744 9447 5245 2016 7878 6598 9266 1657 4886 8437 9110 7517 3948 8311 4666 3248 3700 501 4561 8055 8435 5753 2296 3456 1470 5360 4412 6554 8668 4047 1682 8382 442 2848 3235 1338 289 5694 6181 9119 1331 4482 5917 8167 4617 7194 2197 4079 1634 4759 3833 5386 2467 7700 2821 3934 1002 2392 5177 4495 2171 6568 1750 1788 3299 2359 6580 780 6541 451 9277 7493 4829 5392 4203 2600 5291 7154 2723 6338 1564 9932 8828 5722 5265 7395 1653 5289 7609 557 7821 6352 8854 4381 6491 105 4091 9981 169 6207 2206 8392 9738 1069 3830 9170 7630 1695 9728 5678 8754 6079 2987 8376 9937 6264 8646 396 7579 2058 8043 7874 2814 8102 6228 6303 5316 915 3862 3839 1456 5864
4649 5741 918 4507 918 9736 6134 0 3628 7015 3437 1967 64 1358 2172 2464 390 1087 1388 3196 4590 5572 3867 8609 890 2657 8275 8843 2753 8213 6458 732 1775 1472 6280 2797 9293 3854 4097 9148 8673 6020 6029 3996 9412 9714 2612 4774 7659 384 8988 6779 4311 817 4766 4112 6882 1011 6407 9100 9211 7369 1743 4584 5396 6516 433 5580 5224 8891 9341 6805 9830 7955 3322 3923 5189 8670 2419 7291 1544 8610 4386 9324 518 6943 3310 8559 8221 8487 2615 8341 2445 2559 7588 6194 1852 759 4659 6440 3711 5198 5016 3093 118 9668 9236 3852 9573 4633 8591 7751 5246 5197 8718 3413 2264 5533 573 6967 5872 6787 2900 1962 3854 6107 4654 2101 8111 2885 9967 1691 1861 336 4397 5710 8101 4056 2133 4526 5301 6467 9254 2891 6381 278 2877 3931 3983 8902 6106 7672 8826 6092 1212 6470 333 8754 8052 9826 528 8788 1282 7275 2282 5785 4146 8516 3821 9542 2216 6521 9716 4136 2967 7985 1406 4842 9902 9648 6480 2997 3343 8781 9078 1271 7524 5342 5471 9828 1179 3985 1025 6438 4082 6284 1805 5683 4803 3495 9891 5578 2131 7748 8210 8925 5721 1758 2801 2930 5459 5296 8198 2527 862 407 2053 4926 1009 512 2696 1192 5080 7421 8086 9463 4372 6526 9620 4311 2287 876 464 9581 6162 6692 9408 8879 9819 7776 2511 7145 6486 2101 6218 4607 9503 4540 743 6945 9532 6386 4922 7864 4616 2880 7859 7815 9215 5670 3246 818 3871 7512 1443 3872 9119 1066 8268 9565 539 2067 4266 7329 2460 7721 1151 3229 3402 5687 6961 8852 5692 3398 5314 6415 4140 7130 6309 6726 4304 7424 3035 815 3549 9789 8682 8991 5348 2176
2685 3029 3535 8383 4774 8349 1701 3628 0 659 1488 1641 9034 2070 3788 4520 2052 1746 9515 1769 4981 3046 5860 6670 8398 9617 5296 7469 3963 5863 8089 2427 9784 6929 8705 3909 4862 1696 4444 1636 2048 7950 3895 4201 7807 1889 6652 1550 2802 3786 6124 655 2942 1172 7612 7025 9908 6600 1229 3969 137 7402 552 3078 1146 3465 4008 1092 8262 7612 4672 1357 2309 1837 1978 8145 6620 1058 6275 8243 7267 1264 3963 952 5017 3629 3197 7583 2989 3300 6888 400 6329 5019 8301 3388 2224 5375 734 8604 2074 5966 4379 6302 4574 3373 4407 6726 7463 8370 3291 8008 4034 9961 6590 9626 2800 9350 4218 6279 3230 3478 7661 193 6111 5687 4298 2438 5121 5112 6007 8178 1048 2332 7293 654 9649 8555 4161 2028 312 8899 4262 5190 194 2664 718 3586 5078 1763 9667 2714 9424 1734 205 1009 4080 5358 7395 7215 2119 2923 2492 1291 9676 7107 366 7255 9981 7915 4239 3019 2950 252 1032 5823 6757 3496 2464 9116 7256 4972 778 5582 4015 5166 9947 7532 6900 3884 3289 66 2109 2655 1066 7332 5495 57 1974 3630 8756 6962 9380 8709 369 930 7745 6663 2620 8795 5191 9566 8420 1711 3254 466 3280 9175 3272 0 5917 6690 8820 2904 2606 8941 7535 6143 6956 4340 981 6179 9725 8251 6989 5280 7337 9474 3094 2190 8018 7674 1974 1508 8614 6191 8939 4115 8725 1058 8899 1584 3603 5873 2824 3478 4336 3806 2577 9293 3917 4029 5312 1187 2715 8896 828 3891 320 654 2646 9396 2689 6392 4657 2030 8222 342 2679 50 723 1521 731 4660 8221 7907 3230 6033 2169 5500 4642 3865 9805 2852 4150 3135 7303 9477 87 2076
1446 9598 9927 2409 460 8685 6874 7015 659 0 5511 5776 5527 8824 3549 5362 5546 6071 5979 9276 3821 1311 9033 5426 8077 1083 4407 1458 3926 2474 3085 1039 3060 6747 5021 6867 494 7575 1445 7052 8561 6395 2208 685 84 874 2695 3506 3263 9511 653 1334 7298 4471 9852 4985 7629 9925 6739 9716 1320 6131 7800 334 7285 9286 2714 6335 9811 850 587 3927 731 8324 4737 9328 424 3340 3843 1833 5439 3053 6298 7918 9542 7893 2620 7052 7624 1422 4544 4421 523 620 6807 1498 8341 1891 4147 2194 4317 7706 1081 6219 8693 3598 868 2696 1063 4267 4867 2144 3314 4088 5123 1265 4301 9930 5163 4061 7676 7717 1234 2852 5244 7335 4140 9743 5353 1340 5908 8191 528 3280 6751 3607 5882 8919 6590 3786 4210 6383 6794 50 7100 3502 644 4042 1161 9082 9710 1798 2080 2825 434 6278 3399 1850 8448 6307 9497 5425 174 5814 7592 3604 1086 5075 5697 9304 4140 1645 8397 7139 3032 7723 8485 3457 7472 3667 1187 5663 1633 5192 9328 8865 9954 7470 9885 8261 8923 4888 2742 373 4852 2789 4776 3099 899 4193 7622 34 7399 5416 4282 3738 8539 924 6208 9050 8149 4755 3566 8877 2648 9301 5714 6315 1589 5809 1178 1565 8392 9678 925 2374 1976 1466 7762 7640 7022 7856 4838 5359 934 8686 4165 2094 7151 8208 4387 1253 8630 9105 1228 8690 413 8820 496 2877 9348 8690 7179 8319 6742 6382 6838 1441 2 5722 9428 2450 3145 1986 6582 2782 5093 3575 6303 6866 4854 9746 9244 8301 372 1468 1738 2786 1461 7852 2040 8981 5533 6793 6439 5405 4081 7874 7210 3442 9369 1687 1005 6375 1163 8583 2616 4146 9716 4950
8664 1456 3923 7405 7332 8682 4068 3437 1488 5511 0 2476 191 4461 2880 349 7464 9601 5102 5319 2183 7788 38 384 7116 2428 2963 5195 8450 1540 3071 2614 7954 2164 8738 502 4674 3088 1198 4000 1887 7557 520 7623 5437 6252 6925 6036 2528 7542 2068 8983 6994 7350 2036 2479 5924 4779 2380 5548 6710 8072 2518 6531 9965 7367 897 4994 6149 7753 9272 284 7697 72 2700 8020 1297 6437 8959 4261 9680 1290 5376 3292 5020 6400 5075 666 1883 414 9221 6419 8994 6722 2475 5169 6274 1450 1694 9384 4668 6447 3813 8965 5478 1638 429 8233 7316 3057 7496 1223 9378 8465 8877 2636 1961 7391 7090 4730 3339 567 8717 2930 2791 3517 3108 2629 9613 5601 1014 7132 7503 2130 1818 2026 1437 6368 2620 6031 4330 4230 545 4600 2186 4345 8235 648 8531 3383 9635 7176 5454 3846 8457 6618 210 3309 2673 2534 8068 2897 7627 1368 8289 709 8407 6997 1944 6071 7476 620 6962 7822 8890 2288 3236 8249 4013 1565 3125 7802 1622 7225 309 7918 2387 8781 9914 3157 8140 5532 4774 733 9132 1246 5734 3450 9951 2257 5170 7200 7464 7899 3269 4357 2840 5305 4179 9099 332 5773 2250 4563 7675 3743 7622 8608 11 202 2195 1006 6128 7400 3744 3467 7454 5051 213 8802 9397 9972 9354 1369 135 8242 8808 8830 975 2139 312 5110 2330 9437 9486 8501 6785 2071 4495 1465 4593 1550 813 6190 833 5751 9833 4247 4206 6668 737 1601 7984 1509 997 2707 1459 2388 3323 5881 8129 7853 1657 6356 9573 7011 6354 7613 3005 3732 3572 2575 4222 5407 6698 1881 6777 1025 6911 1403 7842 4478 1986 5255 5140 2353 4653 3198 7225 8628
9888 9684 3743 1456 1374 9491 5161 1967 1641 5776 2476 0 4216 598 2627 6204 465 6267 7529 8401 9523 8402 7179 6538 4612 6420 2429 642 7089 8041 2990 9052 8925 5526 5083 3100 291 5662 7441 2663 4988 1878 4708 3033 9491 4722 6156 4027 5152 395 3310 9412 8490 591 8268 6383 2348 3092 3550 9812 9198 1018 3584 2160 797 5208 5940 6811 1548 3857 2278 2804 4680 7855 7663 4317 9312 1113 4033 3139 5695 1461 8519 2505 3933 4529 3211 7143 4100 2616 1401 1166 5836 6289 7559 965 5171 2018 306 395 8584 5811 80 4908 290 8225 792 8355 2362 4325 1042 113 7126 6617 9333 8444 5376 3776 7895 9730 6609 9208 6156 5244 7258 7186 9720 9912 3845 6159 8955 3262 7063 38 791 9349 5461 2048 1829 9733 9642 8650 4743 7168 5639 4421 5520 6521 4666 995 4833 2792 9923 5882 1612 1173 5065 1337 1991 5484 9921 9045 6056 8 4866 9962 6977 7782 7677 8692 2355 565 2594 4693 4232 9420 9152 6367 700 2130 104 4913 1832 5980 4759 1612 8001 9701 3508 3758 8798 9871 7708 6694 5583 4469 1818 544 1179 4422 2500 1313 3047 5960 2870 3814 9 4762 7382 1007 3053 4241 2780 396 7759 9678 8241 9437 5157 7547 5313 9883 2743 6807 6076 133 1785 5869 5810 3805 5858 8967 8770 5780 1709 4551 2286 9153 4720 9111 6106 2287 6496 2212 2298 8591 8796 6940 1934 345 5992 8379 7118 3193 3770 9457 3602 8866 1397 1906 6028 3397 4836 7539 5349 1150 3192 4531 9266 2844 1535 9711 5877 7839 2090 6481 6048 54 726 3108 2622 6398 4042 8319 7451 1525 7243 3557 8653 5606 9479 5863 1030 8191 2127 5352 2801 401 1857 9917
4906 8215 6164 2425 8723 8744 2958 64 9034 5527 191 4216 0 1563 6755 1488 1298 841 4811 7840 686 1913 6582 4510 7488 8724 5824 7587 9395 9158 2127 4115 9923 5971 8978 9047 2518 5225 533 9991 3688 9487 8668 1631 7895 2052 4868 4978 5039 7090 6520 8951 2455 4039 19 9218 7218 8536 9503 1913 5917 6877 9392 9073 5500 8739 3154 1794 6993 5175 5376 8480 378 2112 7047 4499 1579 4567 8815 150 9441 4241 6457 7672 7704 8638 7189 6524 4209 5914 6894 6751 6167 3421 9557 5761 4929 7686 7362 5484 510 5496 5466 4605 1160 6757 3017 5029 2562 9769 9871 6286 2651 343 9432 5453 1459 8832 9116 7790 8272 4639 8947 5223 2559 6982 4952 5198 2025 7231 6593 4883 8895 1392 1998 4041 4000 8896 5224 4488 4724 5128 9558 6391 3467 643 1033 4280 9458 8343 1069 5185 432 2700 2161 64 7060 6344 4259 4093 8895 2056 4033 6741 9837 7627 2662 5490 2292 425 8234 6515 2689 3591 5426 3601 4436 600 9411 6686 9305 5327 2773 4101 4281 6590 3916 7506 5699 1754 1795 2244 3777 994 3629 4400 5097 9277 1822 8032 4629 106 2163 3262 9914 3305 1909 6631 3412 9235 3297 2419 1072 8294 9206 595 9487 1202 8135 5227 8947 9476 8348 1284 5919 8153 7579 845 7833 1477 4795 1580 1155 4496 2115 6518 8444 7520 5446 1040 8251 3833 2570 663 2717 5915 398 5268 8558 9305 518 7124 8154 960 9222 1942 440 7540 4332 9132 8429 8189 6860 5768 2247 2434 8857 1535 1636 859 8650 177 6852 3983 4008 3728 1509 9957 6293 1207 5112 520 5472 7585 9366 5273 6962 7006 8978 3219 7916 8704 2070 5936 1511 6603 5924 3297 4764 450
7190 2991 7678 4937 6517 3704 2649 1358 2070 8824 4461 598 1563 0 8667 1823 5278 5824 2433 7306 4153 908 9434 2649 7274 400 8278 547 5902 7813 3512 9507 5410 3392 3338 2216 1453 1318 8426 7475 4890 4071 5688 4241 2950 1023 8281 5215 5998 4962 3387 7812 2089 5168 1888 4427 9684 279 7411 6163 4939 2920 8965 5323 1617 3869 3393 3984 8888 9999 7364 1057 7735 4897 2903 7684 91 2726 7908 8678 7973 2033 1468 2755 2938 3359 6180 7454 9120 9125 5124 8562 795 6741 3851 2076 8137 2487 1634 2017 917 2365 7007 4570 2091 7644 1915 1250 5393 313 7088 6008 9713 9732 585 397 7567 712 4389 6553 8237 7235 748 2347 1746 4998 9267 9983 4260 850 1416 7037 3538 699 1046 9430 9720 7131 9047 2733 7094 394 3690 5195 5968 6343 9770 5480 625 2304 4900 1389 1463 8446 4325 3633 1657 9582 6304 3174 2068 6306 5488 8460 2127 685 6011 3445 8173 5509 164 7498 2883 9857 1511 7525 158 8538 3365 8768 2309 4187 266 968 7452 590 6177 5197 1939 4122 7064 446 8701 6626 4340 7926 5757 5877 8642 9449 7799 8297 6591 449 3092 3482 3881 3962 1032 6200 9091 5524 1499 5718 2028 2954 2443 9139 8108 503 882 2407 2305 267 5871 4571 3119 7543 3008 4450 3029 5073 19 2012 1474 1445 1682 9266 4462 6151 345 4106 5664 297 2783 6478 2804 425 3068 7834 3071 9456 3863 1235 176 3959 2119 8526 978 9919 6710 552 4558 7439 3315 5301 8792 3309 9332 9608 4673 5881 7750 9995 2539 430 4965 4377 6911 1303 5501 2747 3078 1936 8143 9198 5244 3581 6799 6214 8895 6876 294 1811 4560 5787 2647 3485 9226 1435
7635 4593 1026 3300 4782 7309 737 2172 3788 3549 2880 2627 6755 8667 0 7816 1469 2848 2753 6620 8768 2595 6833 5308 231 2620 1282 5260 721 7071 5145 6498 9671 6640 2244 9505 3592 1316 7003 8580 6276 2703 7554 76 862 5613 8009 4795 6117 4200 5787 4640 4815 1800 7687 3249 3806 7210 6694 9800 4223 388 6887 8832 3513 5979 2366 2325 555 9466 4991 6374 2033 85 9364 6343 7408 8543 3884 3465 9254 191 3748 4248 2902 7446 3276 9268 3098 1900 8909 2491 7562 130 5091 2910 7351 9337 379 9628 1392 1911 8327 7511 6193 9913 7052 4500 2295 7431 3292 5321 7153 9178 5103 9794 1493 9427 6109 3596 9960 6674 4614 3616 3179 6695 5584 8266 2311 207 4119 5099 7805 4909 3613 2924 1582 5720 8327 2230 582 9094 2107 7512 569 2674 9865 2262 4348 4164 6320 6374 9221 5017 1690 4841 9481 2404 6160 5846 5034 4670 4660 4906 3698 7656 7600 4352 4037 2322 2440 4356 3982 2243 7157 5975 5430 1779 2728 1035 6159 3571 3110 2683 7913 6251 2748 8132 6312 9240 9984 1315 957 9071 5379 7239 2046 2314 3334 8690 5275 578 9490 707 1344 636 7657 3619 3163 7407 7012 8096 5998 1041 8676 648 3620 105 2916 4363 7135 7732 7520 6604 1230 2831 9874 3747 3445 5475 1244 4756 3578 5561 1244 5813 285 9823 274 5991 9208 2156 5773 4285 9887 7308 6048 9944 8403 1336 3403 1872 8373 5963 9347 4843 4556 4841 3215 9250 6732 991 7176 9394 4308 9474 1946 4895 6053 1468 3523 9215 1760 2204 3997 4669 5255 7022 931 6806 4299 9549 176 4044 4157 9499 2057 6338 4644 4121 9919 3248 74 7161 5632 4951 4065 9077 3583 4767
4974 1025 5187 4072 1361 3921 6611 2464 4520 5362 349 6204 1488 1823 7816 0 6305 5398 9560 7698 7795 4114 5226 759 1874 6866 2322 2095 801 5602 5663 4612 4439 2239 5563 2728 6428 4333 7627 9735 3414 3752 2351 7738 521 8405 833 1345 2314 4971 2120 1804 4991 2385 1221 4510 2413 5327 9856 3611 3915 7140 2442 8852 9843 8956 1630 4019 5134 6836 9428 1389 8467 7330 3248 3450 9299 7587 5474 3367 5127 7934 7526 5624 5074 7049 6085 1678 6086 8355 5368 8333 8154 7362 6397 2824 8651 596 4572 509 8875 4597 4264 6965 9411 2583 6714 2055 8822 332 8424 6890 790 7517 5800 6235 751 277 6433 5247 9249 6285 2207 7033 9514 9886 8075 1514 9080 4216 1748 3493 8904 2609 8400 3827 1265 2496 3678 4214 5721 6490 1010 2125 4196 4785 2861 3351 9713 8326 3178 9271 3034 6455 1625 3635 5536 9388 5472 7299 6655 1890 3910 8039 3815 7600 1333 5465 9586 1210 5190 1731 3748 7418 1504 467 2569 475 8694 7278 3252 4257 9950 7239 501 520 5494 3566 3224 2284 2733 3248 6712 1230 7560 1363 4766 3464 5556 9173 7474 1647 435 8769 1816 9741 9779 1486 4677 6015 7877 5008 2917 4777 1028 5176 5620 4573 1112 5211 2577 5619 5198 6492 6833 1165 2723 1498 9892 4410 9962 9880 9270 6104 9625 5180 1133 1582 6027 3011 8001 628 2483 7840 4549 404 8239 5690 9044 3914 6329 7902 4508 1043 6155 4173 9024 5867 3467 2073 4261 8344 2435 5485 1641 1569 3967 6939 550 2741 4280 6852 7167 3369 7335 8167 5425 1896 7720 6590 186 2532 3566 1445 1483 7645 9972 5714 571 2335 9042 637 4498 7810 5673 9235 2293 2075 7571 1878
3276 9447 1938 8895 3618 3241 9684 390 2052 5546 7464 465 1298 5278 1469 6305 0 609 1053 8586 9762 1956 1902 2688 4238 7118 4185 500 2792 7188 3564 2007 7388 3763 4682 2858 1318 4703 8884 1189 4820 3700 2827 2259 2732 4303 4931 1050 3741 8489 9093 9995 63 8110 347 3017 3151 8678 4041 3082 1500 5079 9579 2166 4134 1834 2569 948 9673 9341 6483 9887 5279 8676 4277 459 384 9508 3327 7553 9966 7108 5580 4687 3148 9886 7092 6371 1460 3969 9047 870 907 6282 4523 1534 1184 6646 3619 7195 3923 9786 7357 148 7638 4053 9327 3725 4675 2409 4233 1534 3779 1696 1596 926 9559 3423 7391 93 4150 6060 6061 9567 6982 6963 1602 6685 3382 3450 4441 9085 3743 2547 3719 3239 3713 4440 7206 2905 2210 5056 1969 781 475 2543 3048 7130 5910 3866 4764 2260 1186 8827 2602 7987 3278 6427 2886 3699 1961 5718 3904 4834 1204 22 5384 2242 7271 9524 5418 5837 6091 9400 4023 7422 8332 1142 5858 3869 608 6725 4555 8321 4589 3124 7778 5853 2093 7731 9042 5312 5772 7138 3530 3848 9482 8543 8309 5644 1852 6635 5466 5972 622 2018 5058 5944 9985 5093 1595 4401 5429 9895 4798 7081 6055 7575 5904 1266 5290 3511 1403 6293 6778 2069 3832 6829 8154 1967 6284 3431 5412 4356 8135 692 6727 2997 1269 7004 3914 9605 1162 5069 1919 9495 4719 2728 7757 6802 3941 7499 3195 566 1603 2953 951 4561 1588 5318 2585 4364 7442 3356 8583 2625 9480 630 1204 425 5806 4331 5717 1071 8842 6828 8400 8703 5569 2367 1036 5350 1476 123 5229 1600 3604 7914 365 2834 7594 686 9860 7968 1931 8180 2072 386 875 1880
3986 6692 676 4091 7286 6680 5713 1087 1746 6071 9601 6267 841 5824 2848 5398 609 0 5769 3130 7155 7073 1720 1389 6902 2138 3108 9794 6578 8817 2438 3579 5584 6699 4003 9084 1637 4874 6489 1787 7610 1318 3157 602 3585 5116 7806 9488 7840 6476 6174 6990 3652 9215 7399 7637 9561 1111 5291 4271 9223 8932 4244 7098 5420 2656 9388 4516 2817 9483 864 6224 594 2675 430 7300 8841 7605 1970 6416 2641 381 2690 3368 8811 5020 8693 930 1648 3315 3666 2197 6825 723 3987 7166 4210 4557 5837 6644 1912 524 9289 9472 4572 1566 265 4831 6283 2156 7357 4901 6430 1474 5558 478 2669 9575 8500 3602 9430 2125 6018 4448 4807 4727 6355 9527 4541 4878 4528 888 2125 1291 6321 7702 9808 9746 8621 6405 9901 4924 4222 5242 2432 9699 9602 1066 8509 3160 6892 1830 8770 9045 8964 8096 2558 4194 2633 4892 594 523 9999 5344 7486 5323 2957 4230 3634 2181 2082 2979 8990 9882 1533 6895 1336 6026 1755 8800 1278 5289 1012 6949 4245 2898 2365 8071 8553 7626 7537 4619 7240 7836 8101 1195 775 4283 7913 3845 6137 4549 6516 1819 8842 7743 2811 4720 8739 7817 3425 8181 2641 6239 5791 1863 7295 8188 3056 8439 6860 4087 6787 8662 1796 4564 9428 6037 5550 2701 3654 680 5585 9563 1460 9530 7061 883 3785 8717 821 9626 8723 1042 5338 7456 5783 938 3084 915 1266 6720 9753 2039 6056 1736 9019 2263 6789 9061 4478 2826 5732 6962 2636 8132 4322 4688 4730 8674 3572 3144 9751 9722 6443 3499 2271 9210 2342 7167 9255 518 532 508 9098 1162 1729 7325 4497 1743 155 7315 1412 677 6146 4432 7767 842 2870 3437
4711 6245 8940 1258 600 4 6988 1388 9515 5979 5102 7529 4811 2433 2753 9560 1053 5769 0 3109 8750 8933 8654 3076 9996 9670 5463 1813 8458 2391 4988 9194 6670 6773 8539 8256 1966 7879 7540 5517 104 6609 4182 250 5705 1073 7530 6998 9765 839 4139 5093 7424 4648 1498 6513 6986 766 1396 5567 688 2827 183 9520 7155 4960 3712 3792 4743 9255 9468 6361 9251 5158 6541 4406 6793 3987 5111 8608 662 1046 6133 2483 504 2062 7752 3839 5745 8341 3267 7385 218 7816 3386 1171 5156 2529 298 524 2375 4190 1239 8420 8731 6521 6709 6666 5284 9484 3878 8137 5789 3577 9131 2216 2162 8510 8184 5141 8581 177 3793 7654 4117 8290 1952 2212 9554 6495 5101 753 5654 222 142 9538 302 110 4911 4815 3077 4447 5577 3083 3399 8885 716 8287 7793 1518 1487 8606 6639 885 8700 506 8182 2340 591 2345 1479 2858 4435 116 3457 6814 5975 7765 5609 9206 6740 7593 3932 5319 1052 4377 8222 6857 6250 2786 7569 2307 1592 1751 9968 8580 8122 9244 4163 7098 2053 3062 5612 5842 8689 9395 5103 7172 9231 3575 975 7268 1156 7858 3450 9846 7551 1106 9728 457 4019 5985 5561 3174 877 7977 2014 6354 5366 1046 8383 6145 4000 6301 8282 6132 6622 1376 9343 6926 7438 2339 2182 4093 101 6647 3258 7538 7679 9281 3462 8816 6908 4237 5881 1192 2648 6111 4911 9285 4711 4249 4572 8291 9358 4168 5722 8512 7528 3829 1591 104 1327 1716 1796 7642 3266 567 6650 1397 3410 3517 2030 9030 9061 7909 1318 1604 2743 2996 9772 7759 5272 6885 7495 145 3033 775 4740 6874 850 2603 8587 9666 6360 5448 654 2674 2172 4765
433 4643 7487 6300 5305 8942 8565 3196 1769 9276 5319 8401 7840 7306 6620 7698 8586 3130 3109 0 2083 6274 5004 106 1792 465 444 1214 2628 5696 993 8533 6439 3507 4437 2260 9043 5068 5064 283 3974 2778 4683 7174 2309 1555 6611 328 7706 1952 9901 8648 3472 2547 19 5591 8266 9668 7795 8036 3534 3980 8293 4096 1852 5305 8092 606 9530 5786 5152 1927 4927 9969 8836 1178 4221 4165 7555 816 1982 7971 2506 1398 4854 426 1322 6372 7473 1813 9599 6039 1394 4738 4322 4042 8271 1290 6004 3889 7196 6039 1033 8276 7253 3862 3228 6545 6594 8535 8009 7086 5696 335 3983 4507 1052 1424 3502 969 4640 1804 762 4627 6547 6150 3383 4338 1414 4699 3163 5562 5974 6851 5915 1467 2665 2119 8574 5305 8768 4881 2196 8771 6311 7707 248 942 1495 6313 1591 2769 682 5479 4482 36 5315 4720 442 799 5227 8078 2739 7782 927 2692 7466 6773 9086 7724 871 3896 4806 3837 6626 6261 9021 2931 8458 7101 3162 7999 8722 661 882 5348 3243 6631 2103 7664 44 2854 5525 2022 8388 7971 9553 3508 7450 717 4608 3549 2190 2201 1387 4365 9832 1507 413 4884 7322 4181 3723 6370 8701 4714 8024 6903 1624 3839 7731 6504 4642 1274 1769 9324 513 259 7532 5673 1342 4792 3386 7417 9765 3161 9200 3417 1895 4019 5779 1836 8357 2380 1226 4075 7126 7889 752 3598 1887 4258 3403 9313 6430 6362 1231 1905 7088 4234 9462 5898 8072 5628 5332 717 2976 1890 5840 3122 4038 2137 4880 3671 6126 3849 4391 4943 233 9442 9996 2743 2400 1682 7406 2537 3259 3634 7777 3330 7008 3039 5565 3344 1199 8826 3310 240 2721 4892
9571 8774 742 2301 5568 5242 3180 4590 4981 3821 2183 9523 686 4153 8768 7795 9762 7155 8750 2083 0 7309 3162 291 5010 8608 4507 5648 5298 5517 5378 678 6808 5087 7842 254 6493 9379 2593 7155 4908 2444 8727 7905 6233 8458 4186 9288 3265 6518 2888 2162 7868 9548 8409 1432 4738 1823 5086 3991 7510 4032 3811 9844 750 3333 2343 3619 7363 4572 2866 3008 1364 6287 2402 6675 7249 7147 2490 2886 1136 6151 8307 6943 2864 2775 5438 3901 7051 1434 9004 6967 7098 5993 7930 3542 3109 8587 8097 383 9421 8383 570 8964 6094 9199 1275 4576 8867 7903 2408 6171 6249 6593 7185 1298 7378 4732 8094 9629 5263 6687 2951 3730 6790 9618 2550 759 7256 2087 8858 7033 7283 2609 6296 7953 4520 3469 9955 4427 8581 3402 5524 8620 7820 108 4178 9865 1297 8602 2525 9150 4480 1113 1733 542 8345 5154 4844 8430 7052 1902 6967 8900 8641 4735 7512 7791 7351 7402 3630 381 3191 1478 4758 8603 9655 2575 6304 2104 351 14 2818 3813 6875 8115 6649 1617 4367 9230 5633 8253 5528 1108 6245 6814 139 8701 3140 6463 129 3715 3029 4571 3275 2304 3610 9431 236 2485 7729 4508 6717 7136 806 7953 423 9692 5533 1270 4371 6757 7886 3434 4773 837 775 4036 2355 3321 6902 1727 7364 5185 5447 3895 8787 3465 6074 4448 3943 5205 1243 4665 8033 8578 9984 31 5284 2203 7160 7648 6666 8250 2012 8313 796 6734 4076 7009 8108 6555 8257 495 4577 9630 4051 9497 8065 9152 6187 772 3635 524 1738 9289 7097 7981 4986 5764 9057 5725 8765 6633 8041 3052 7879 3129 9977 4927 4166 3245 2619 6189 2487 910 5905 7129 8967 2539
2465 8607 6091 9894 8004 9946 4041 5572 3046 1311 7788 8402 1913 908 2595 4114 1956 7073 8933 6274 7309 0 5048 9638 6854 5819 2934 5420 8849 3164 5680 4410 7493 4262 5251 582 1214 2665 8448 8169 7008 1782 4175 5907 6269 697 2709 978 6358 7078 6591 9722 9541 2822 650 764 6463 2137 3501 6177 2549 5299 9386 7343 992 3996 2613 5824 2553 4841 7167 3804 8313 7375 6338 2983 903 7861 9828 5293 14 371 4186 9441 9567 5645 2933 4375 336 2225 931 6866 7294 4073 5239 7991 6875 5176 6356 6316 5840 6502 9549 8186 788 6470 8614 3109 2148 90 4456 6017 5254 4884 9572 2175 9994 8639 8671 3341 4843 2707 7114 8784 1373 7109 2345 3409 542 695 8048 6052 2830 4478 9156 5247 2761 9580 1279 567 6744 1875 451 9748 3879 2681 8722 557 3643 2153 5581 6406 5640 2580 1100 8976 3644 7032 2507 938 2098 9491 5294 6726 4890 2820 8253 3724 7134 7884 7605 9889 2002 8311 2153 6036 3603 9849 318 9296 2394 4380 3929 603 1730 7020 9975 1493 4051 4477 5228 4133 246 5724 2662 2714 6997 5701 9824 2143 2372 5924 793 2549 1604 8595 2611 8073 7839 2954 604 2036 3522 2180 1545 9787 7238 1127 4236 287 2104 6247 6017 3203 9667 9929 339 996 2867 3842 1012 1621 5028 5354 2515 9371 2643 988 1502 314 5471 4558 1172 7621 696 8430 6796 9035 3825 305 7245 1825 3541 8445 2425 5623 1501 6792 3173 9180 3162 2591 9547 8146 1730 9788 7505 7789 5460 7344 4280 2231 2165 4565 5586 8894 3500 8439 3090 5685 1448 5049 5114 4363 8067 3354 6857 6711 5969 8187 1273 2406 1342 5068 8477 5643 5946 1954 6681 6916
6703 622 2051 3125 4781 3613 5359 3867 5860 9033 38 7179 6582 9434 6833 5226 1902 1720 8654 5004 3162 5048 0 2098 2792 1083 7160 2768 7960 4480 3641 5569 8999 6835 2264 9082 1587 9841 7469 7187 449 8047 7509 981 7232 8704 1278 3218 7675 6853 467 7090 4356 9765 4915 1124 497 3970 3332 1488 7582 7134 8159 8045 5928 4150 5282 9333 2359 9397 29 8605 6229 4182 8013 2799 6026 9954 3375 7712 6509 7392 6134 22 5633 2027 1003 4528 17 6473 3564 677 4812 8856 2396 9259 3265 3664 3106 6222 7164 7362 8958 6310 8808 7580 8797 7117 6304 8929 2862 1615 4047 6948 6390 2196 4011 7291 2438 1247 566 994 3010 5947 6432 2161 6858 1338 5107 722 6691 6429 7423 8647 3695 9936 5999 5747 9708 1985 2722 4628 4202 7118 837 3741 2680 4384 6509 9712 6018 3457 4590 8821 9508 3841 5624 6799 4432 987 5981 8731 9208 8504 9719 4178 9927 9014 7134 3992 8971 8779 1591 5320 4221 8696 2199 5395 9011 7450 5652 7909 5202 2805 7067 6515 6417 2883 9867 7648 2591 9784 157 2675 7657 9098 280 9702 6275 7020 6092 5964 4514 9730 6137 6831 3614 1128 713 741 3115 9796 2644 1097 9843 3140 5517 1655 4675 9819 3992 4132 4385 8700 3079 8072 9376 1034 2242 6434 5033 7594 5044 2220 1421 2043 756 1794 6096 3455 8863 1484 4867 6682 8826 6750 115 3513 2008 9567 928 5199 5240 3470 332 3720 628 318 5687 4301 8737 8970 4201 7017 3418 1839 6888 8661 4467 5377 4675 1955 7909 8979 9091 3258 3439 829 6016 516 3017 7313 7470 5576 4179 6586 1194 4280 3127 8454 6124 9681 4900 4189 1735 8590 2274 3974 2114 5823
1861 5547 6075 4981 9797 1974 1141 8609 6670 5426 384 6538 4510 2649 5308 759 2688 1389 3076 106 291 9638 2098 0 2852 7353 1385 464 7756 5979 8033 514 5292 7138 7372 9251 4670 913 1321 4709 8194 8237 542 6858 9913 1343 5846 6471 7102 2054 868 8664 4378 8720 441 9371 8860 7510 9278 1990 1243 3578 6910 9410 10000 319 7379 1867 5482 6430 8296 5802 5732 3874 2863 2308 6032 1246 6252 8529 5621 1505 6690 4167 9618 3150 7630 2619 508 3003 6024 2876 8755 150 9359 44 2788 9808 3933 8341 7013 937 3322 4078 9419 1024 5188 1019 9124 7020 6737 2087 2885 7101 3564 4317 1011 265 2703 1961 3953 410 2099 751 2578 7573 81 6369 6742 1704 4472 5871 6323 2201 6432 639 7963 8007 9118 3119 1159 6664 3838 5458 1237 2390 8436 868 9837 8108 5674 1123 7732 5306 5761 7418 8245 1764 1456 2991 3687 4525 9082 7564 4901 9560 5782 3863 5560 5610 491 8882 3775 3318 1931 5417 9165 8436 8020 4257 7431 3435 3099 5033 501 2338 7889 7822 5374 3409 2854 9941 2357 2979 5199 9754 1831 6948 2320 6050 1498 6773 8701 6320 3409 9479 1784 9050 4435 6360 7764 3365 7600 7598 8437 7573 929 4903 4707 3260 1290 6165 3055 7032 3729 6435 2386 8084 5035 3312 6987 7501 964 8586 183 6327 7673 5926 3866 7740 4409 1075 917 7376 2501 7983 7494 6785 5204 9711 4228 6063 8863 1056 2167 2286 9623 3513 4210 2999 458 2739 7453 7332 7574 4041 3221 6887 9456 9316 4366 3911 5321 7127 2227 8457 3318 8369 8498 1414 7301 9779 9695 7906 5338 6449 9565 1274 2628 2215 7367 634 6695 9923 2801 45 4347 4764 2870 498
3212 34 2377 1883 5380 6971 4423 890 8398 8077 7116 4612 7488 7274 231 1874 4238 6902 9996 1792 5010 6854 2792 2852 0 7678 9904 681 8869 4455 5512 8396 2865 6853 4759 9752 3225 9629 3760 2114 8821 9110 7750 749 4492 8623 3376 8863 1297 9700 9069 7301 7947 1043 9732 8085 9706 603 2586 5434 175 9074 8727 8882 6842 2395 7686 3537 2647 7726 1225 8392 520 5767 1021 7522 4236 5532 4280 4470 1568 8159 3200 8274 8079 1229 9403 8454 3084 6745 8222 2605 2045 4242 9604 2307 4409 2582 110 7637 5188 2018 3789 3530 609 7645 9867 4066 5344 365 9652 4132 8545 8320 5112 2942 4667 7861 3740 3320 4870 9677 5720 1865 3778 3169 577 7163 773 9237 8440 7228 9323 907 7445 3501 1312 112 4506 8413 9127 9910 6762 587 6140 1283 1546 6743 3700 1182 3812 1417 6887 2354 7095 9111 2990 5065 9578 6119 3540 6491 8000 1045 1265 6042 3913 6629 9652 2227 3235 6050 995 212 7467 5946 9362 5374 4125 7236 9856 4903 8593 3683 7590 7572 9145 2444 4072 5921 2226 8546 2541 1328 2049 8996 5409 7590 6958 5368 1183 4516 8373 1974 6939 9732 8733 3610 5710 6793 3893 6810 3279 5651 1279 2155 7091 6674 2305 7541 2047 4142 190 7082 8831 3106 4915 1171 984 8019 8220 9056 3363 254 469 3233 7405 2871 8515 1165 8748 4324 3813 8709 1149 9676 1721 9808 7482 6056 1024 2068 8600 7890 1929 9197 8775 5347 2802 1528 3016 2307 8957 6566 5455 4234 6576 6506 8926 4341 1018 9999 8257 6130 9810 3788 9177 6625 5392 6804 8869 1602 9728 7240 9665 5601 473 1914 4258 2091 4838 6063 9623 7888 9694 2237 1077 794 7219 4282
8762 1883 7281 6700 5206 2183 8173 2657 9617 1083 2428 6420 8724 400 2620 6866 7118 2138 9670 465 8608 5819 1083 7353 7678 0 6375 7726 792 2165 662 8217 2623 6869 1673 9423 7980 5104 2854 1223 8783 5898 5845 3024 1408 9 7405 5523 6602 1277 306 6399 3098 7860 3054 459 666 7126 9883 7048 2406 4713 6823 7882 2306 9316 9051 3127 7325 8260 9849 7163 1154 9617 4826 9008 3546 5065 3035 8111 4537 61 3172 4304 4774 2132 453 6461 460 8054 7142 9679 427 2550 62 9305 3573 5123 2454 7516 9439 4858 9978 1291 1902 4317 2798 9852 3385 7869 4481 3539 14 9714 6261 152 9193 2791 9493 1072 8765 671 5550 1279 7842 357 1169 9052 7110 2955 7931 9142 5530 926 9576 2686 16 6558 9429 6737 5247 3976 3927 41 9207 8745 9011 6092 2962 286 4584 9151 4237 8830 7544 7785 8604 429 3897 6699 6757 2626 936 9073 4307 7135 8632 3410 3093 6120 9508 1060 293 7151 159 8969 1944 6776 3790 17 7563 6777 4428 8449 291 7373 2054 8500 8359 9209 8371 1310 4029 2971 533 3476 1352 1255 3445 5304 4550 9236 9648 7257 5555 1929 8533 1496 804 2533 286 9425 9163 4746 7284 9445 7083 8973 5053 2228 1837 7936 207 9012 5212 2329 4913 1562 9108 5965 7294 4741 7865 2419 212 1344 6783 9827 7335 6767 8471 1630 8684 8869 5484 2334 9141 507 2327 5544 4204 6313 6424 1186 8132 1198 5673 1883 6093 9680 7735 7189 9216 8500 9806 5761 9545 8952 3303 5970 3024 1816 786 6444 1212 3311 6499 5133 6838 1091 3957 6231 3081 8764 1293 9566 1085 1886 1960 9885 629 1043 1872 116 9893 5859 1465 5259 7499 9535
9957 5880 3981 1437 7743 4833 3637 8275 5296 4407 2963 2429 5824 8278 1282 2322 4185 3108 5463 444 4507 2934 7160 1385 9904 6375 0 5698 4680 3743 8614 5423 5960 4098 2874 5646 8587 4008 1153 9499 7130 4602 432 2700 710 1495 8390 1404 1558 1576 3359 9432 2062 2513 7717 2237 4198 8113 6450 4456 5549 7905 8854 9483 1107 9225 661 2888 8150 9575 7304 7608 112 3208 6762 312 9931 3400 2464 9471 3915 2415 2715 8650 3826 5071 4022 6228 2924 3357 5508 3943 9660 5860 2330 993 4956 672 143 9711 6630 6210 7941 7506 1545 6705 2854 4758 1005 1927 1186 943 9925 2031 3069 6424 5527 3599 3935 2199 1075 7935 2923 7651 8902 3003 4718 8616 4601 1685 7779 409 2466 6117 5050 955 948 9618 7081 2522 8227 3583 9487 352 614 6468 1509 6268 4767 3568 3366 1807 743 4453 8772 3052 7150 4871 889 6257 8241 3679 5484 9725 7597 6796 8119 7630 8262 8166 74 9425 9551 4709 6946 2930 7391 9913 9648 201 4578 8087 3401 7031 6790 7450 3005 7179 339 600 6670 8813 6437 4139 2856 2452 4211 5474 2267 1352 881 6036 995 7659 1535 9252 9007 4695 3060 4234 8254 3122 6166 1629 5701 7668 1758 1812 4545 4573 1970 1075 3258 1270 438 1449 7950 3715 616 4117 2416 2871 2956 1191 7263 108 7945 2971 4812 2470 4718 8084 7931 2838 2123 7051 2309 2378 4054 7918 3859 1300 5667 538 4673 1888 2467 3905 9540 711 1880 8921 6641 8583 3242 2926 8392 3552 7158 6342 8394 346 5324 2168 5136 7735 9440 4697 2772 6032 6705 2035 8017 2448 8466 7336 7345 4223 8995 4411 7056 3467 1570 4849 9457 601 4585 7744 2009 6596
