50
0 3807 1750 6775 6647 1986 3176 4349 8274 4018 107 6701 4401 6088 5899 5877 3391 6293 8438 2736 4545 2590 9953 3893 9787 530 149 512 496 2980 3646 9219 9681 402 2380 9000 810 5422 3097 9969 2345 1083 1297 4103 1772 3176 2055 7367 3018 9303
3807 0 3271 4575 582 9970 8229 4836 7975 7848 3896 2036 9743 8184 4347 2112 2925 2753 8120 8225 8973 9228 1527 2920 7193 4157 2228 6073 6900 7034 9157 6005 3509 4206 7465 4551 9317 5363 1119 2572 4750 4237 8714 4208 3289 2369 8725 6665 5612 3348
1750 3271 0 7505 1475 9765 2119 583 3833 8117 7969 5328 430 7759 8858 2331 5375 1022 9840 382 4739 27 3295 665 7478 1215 8392 9074 9859 2290 3834 4131 6428 3656 2324 9924 9428 2695 9719 3646 4468 490 2111 6395 8669 3015 2926 3276 3242 5498
6775 4575 7505 0 4537 1633 6758 585 5443 9815 1202 5936 9065 7105 1840 4942 8275 1867 2826 3121 9362 2095 877 6859 4643 3470 7912 8696 7134 6908 4829 209 6999 4821 3814 2025 2581 1995 5460 3752 490 7886 6603 4965 2984 8539 1857 4674 222 3415
6647 582 1475 4537 0 1870 7228 1825 2684 1009 3530 3704 3956 6342 529 1123 4335 9590 7012 9494 866 2190 2932 4704 7138 9202 7460 2829 3609 5321 516 1470 9684 7048 8420 9558 3445 7436 6333 3496 6386 502 5189 6918 9151 5642 6627 2276 3726 5270
1986 9970 9765 1633 1870 0 6023 6660 3738 3290 1376 7061 312 5311 6179 6962 7363 6201 1311 9890 4257 3764 9065 8852 7214 4865 3655 5900 7289 105 1631 8768 7363 1684 4152 1431 1131 3901 2910 3310 4613 37 2472 234 5982 634 4565 4374 3960 312
3176 8229 2119 6758 7228 6023 0 6704 5850 3843 6617 694 6682 2809 1401 9944 4879 5522 7610 9080 843 5447 875 1355 2598 4183 3432 7658 1552 9435 8072 1749 7789 1339 215 5168 9979 4137 803 6371 7151 255 6868 8471 2306 4925 8140 1817 3902 6084
4349 4836 583 585 1825 6660 6704 0 412 9551 8481 3342 5673 9909 6785 7389 7892 3812 3629 793 2201 7510 2448 3614 5582 5390 129 4227 3915 8725 9631 2045 7684 2403 3369 2231 5415 5440 4764 5865 1300 5487 5264 9374 5637 3792 9844 735 373 9847
8274 7975 3833 5443 2684 3738 5850 412 0 3210 7913 3430 8678 2677 1728 6841 6723 8297 2805 7361 7049 354 962 6658 5422 3830 1132 1454 7496 652 9146 4026 6984 5219 9111 7718 4898 4926 2177 8868 3169 9220 3071 7384 3096 7241 8140 7032 6027 9622
4018 7848 8117 9815 1009 3290 3843 9551 3210 0 5713 4906 6922 5961 1616 162 4694 6704 2105 5956 7738 9409 2048 1194 3474 4979 6268 8449 9909 4398 8495 2327 9212 2704 8032 1078 5801 8919 3499 7938 9524 9604 7731 3093 3088 9006 5161 9075 402 6020
107 3896 7969 1202 3530 1376 6617 8481 7913 5713 0 5981 9615 1419 3731 9443 9661 403 8398 5149 6992 6672 6402 2287 1570 518 5841 6558 9964 651 9862 1069 3860 6262 5137 9840 1911 7436 458 2758 9128 7955 5409 842 2819 9533 1090 7583 7713 472
6701 2036 5328 5936 3704 7061 694 3342 3430 4906 5981 0 6408 733 5786 4551 8404 5118 5350 3078 6557 4132 3886 2163 3303 1179 3136 8559 9453 6535 8721 1172 3413 626 1971 2251 9701 6805 8402 635 9257 9409 3373 794 6635 5796 2479 8609 194 5641
4401 9743 430 9065 3956 312 6682 5673 8678 6922 9615 6408 0 83 23 512 653 9170 8491 2293 5289 7615 8790 3625 6303 5945 6138 8530 1770 3414 5539 5277 1421 2841 6569 3369 4703 7074 6701 8019 3166 5985 1637 5088 7431 921 4767 2786 2638 854
6088 8184 7759 7105 6342 5311 2809 9909 2677 5961 1419 733 83 0 8755 9980 8350 879 7638 9497 1685 9915 6106 1740 2792 728 8393 2057 1759 9897 8854 5906 4752 4260 7848 4004 450 6487 2217 4520 6335 2823 8718 2618 1095 3628 1298 4754 4687 812
5899 4347 8858 1840 529 6179 1401 6785 1728 1616 3731 5786 23 8755 0 5794 2580 3156 9153 6092 2542 8660 3146 7411 7125 8433 860 1648 7806 8487 1587 9950 8675 5449 7178 906 4294 181 5313 238 9797 6967 2900 9331 7422 2261 4747 1454 4062 1936
5877 2112 2331 4942 1123 6962 9944 7389 6841 162 9443 4551 512 9980 5794 0 3398 5399 1128 2459 587 845 3714 3353 6839 6978 2000 7280 9665 3214 5962 9992 5439 8608 3749 4155 7598 4813 4343 3507 9202 3696 8871 3006 3431 302 3039 3369 8252 6237
3391 2925 5375 8275 4335 7363 4879 7892 6723 4694 9661 8404 653 8350 2580 3398 0 8509 3419 883 3649 8401 265 8201 2782 7628 5759 1209 9034 4966 2560 7813 9342 5745 9598 362 2470 5413 7249 4134 8583 7536 7107 1618 5179 4563 518 7614 2386 7944
6293 2753 1022 1867 9590 6201 5522 3812 8297 6704 403 5118 9170 879 3156 5399 8509 0 9346 1563 1911 6593 1690 5248 8844 546 9397 3924 8431 4668 9784 144 9241 7213 5494 8939 740 4193 2825 561 3850 3986 936 706 4504 5571 9343 1840 9689 2347
8438 8120 9840 2826 7012 1311 7610 3629 2805 2105 8398 5350 8491 7638 9153 1128 3419 9346 0 3514 1701 6367 8804 3869 8919 3234 1781 5262 3985 5316 3775 8756 2307 5829 534 7673 9332 550 206 1865 7085 3297 4372 6678 7845 1544 3191 4883 6162 3352
2736 8225 382 3121 9494 9890 9080 793 7361 5956 5149 3078 2293 9497 6092 2459 883 1563 3514 0 8513 7657 4505 8366 9970 9069 9767 2399 4771 5160 9355 4584 5677 6810 1388 9008 2898 6477 5893 2852 9995 5665 208 7428 6784 7973 4541 3094 2503 3896
4545 8973 4739 9362 866 4257 843 2201 7049 7738 6992 6557 5289 1685 2542 587 3649 1911 1701 8513 0 2129 8880 7782 2319 8075 5920 9982 6642 7565 8165 3940 844 6111 2026 509 9479 7824 171 5145 5039 6062 1127 5792 7297 9475 3248 3399 800 668
2590 9228 27 2095 2190 3764 5447 7510 354 9409 6672 4132 7615 9915 8660 845 8401 6593 6367 7657 2129 0 8900 7167 8898 497 11 3991 1356 5508 5381 7522 9169 1003 226 4119 1138 9572 8899 5322 5051 6382 1916 6809 3561 8337 7322 3253 5362 5741
9953 1527 3295 877 2932 9065 875 2448 962 2048 6402 3886 8790 6106 3146 3714 265 1690 8804 4505 8880 8900 0 3265 170 6877 7521 7958 1631 6665 2682 2620 9950 9931 6807 3602 8571 8541 3384 6383 2642 3626 9270 1265 5041 4223 1302 5090 1079 8484
3893 2920 665 6859 4704 8852 1355 3614 6658 1194 2287 2163 3625 1740 7411 3353 8201 5248 3869 8366 7782 7167 3265 0 5931 8299 1195 1524 4704 3452 5071 9655 2477 4669 9383 7407 7627 2603 8724 1587 4925 1269 199 8441 7227 6514 4701 1847 459 2548
9787 7193 7478 4643 7138 7214 2598 5582 5422 3474 1570 3303 6303 2792 7125 6839 2782 8844 8919 9970 2319 8898 170 5931 0 9311 3897 7745 6618 9220 9540 57 8627 6172 1423 7247 2567 6071 8686 7682 2903 5125 9855 9725 1673 7278 5298 489 6275 7337
530 4157 1215 3470 9202 4865 4183 5390 3830 4979 518 1179 5945 728 8433 6978 7628 546 3234 9069 8075 497 6877 8299 9311 0 3582 8812 2446 2885 9189 6467 3347 8516 1793 2600 6535 6851 6481 6634 8848 9775 4232 4676 7817 5141 388 1463 7740 34
149 2228 8392 7912 7460 3655 3432 129 1132 6268 5841 3136 6138 8393 860 2000 5759 9397 1781 9767 5920 11 7521 1195 3897 3582 0 1509 295 5148 9227 7538 4611 4324 7304 1321 5804 8293 9007 5724 6743 7531 9892 4026 5285 2142 4067 3796 1193 5353
512 6073 9074 8696 2829 5900 7658 4227 1454 8449 6558 8559 8530 2057 1648 7280 1209 3924 5262 2399 9982 3991 7958 1524 7745 8812 1509 0 4872 9397 5526 5114 9115 9394 1244 2495 3888 7593 5699 4783 3625 1127 960 6235 4338 3898 8745 7492 3550 805
496 6900 9859 7134 3609 7289 1552 3915 7496 9909 9964 9453 1770 1759 7806 9665 9034 8431 3985 4771 6642 1356 1631 4704 6618 2446 295 4872 0 2178 6801 3528 3261 9996 6037 2718 8047 6791 4740 1733 9168 4974 3118 5293 5139 27 9356 458 9574 1912
2980 7034 2290 6908 5321 105 9435 8725 652 4398 651 6535 3414 9897 8487 3214 4966 4668 5316 5160 7565 5508 6665 3452 9220 2885 5148 9397 2178 0 5007 9008 4690 5211 5644 1254 2953 4416 1496 8056 5449 6671 9455 8632 8620 6002 2576 4277 8717 6563
3646 9157 3834 4829 516 1631 8072 9631 9146 8495 9862 8721 5539 8854 1587 5962 2560 9784 3775 9355 8165 5381 2682 5071 9540 9189 9227 5526 6801 5007 0 3881 3270 1253 2467 8695 7137 2332 9181 3127 2728 9168 9692 4525 5635 1728 5767 5076 4362 8351
9219 6005 4131 209 1470 8768 1749 2045 4026 2327 1069 1172 5277 5906 9950 9992 7813 144 8756 4584 3940 7522 2620 9655 57 6467 7538 5114 3528 9008 3881 0 4531 5794 945 9147 5112 2471 6512 1176 8757 8039 2534 7788 6789 661 4910 8046 8000 8686
9681 3509 6428 6999 9684 7363 7789 7684 6984 9212 3860 3413 1421 4752 8675 5439 9342 9241 2307 5677 844 9169 9950 2477 8627 3347 4611 9115 3261 4690 3270 4531 0 2726 921 3136 139 317 5606 4598 4218 5021 6573 2545 2187 9678 8347 9403 9481 8121
402 4206 3656 4821 7048 1684 1339 2403 5219 2704 6262 626 2841 4260 5449 8608 5745 7213 5829 6810 6111 1003 9931 4669 6172 8516 4324 9394 9996 5211 1253 5794 2726 0 9906 924 7499 7304 7523 9135 4117 8512 7556 1767 7219 6483 1434 177 3313 8689
2380 7465 2324 3814 8420 4152 215 3369 9111 8032 5137 1971 6569 7848 7178 3749 9598 5494 534 1388 2026 226 6807 9383 1423 1793 7304 1244 6037 5644 2467 945 921 9906 0 56 5920 1278 2575 5208 5790 7730 6233 7061 9655 9314 8096 250 7682 9451
9000 4551 9924 2025 9558 1431 5168 2231 7718 1078 9840 2251 3369 4004 906 4155 362 8939 7673 9008 509 4119 3602 7407 7247 2600 1321 2495 2718 1254 8695 9147 3136 924 56 0 2976 1271 2612 2163 1757 5310 3896 4492 7094 2749 1386 9719 5880 3674
810 9317 9428 2581 3445 1131 9979 5415 4898 5801 1911 9701 4703 450 4294 7598 2470 740 9332 2898 9479 1138 8571 7627 2567 6535 5804 3888 8047 2953 7137 5112 139 7499 5920 2976 0 4568 9992 4453 8986 3655 427 9223 4288 7944 1364 6579 7463 6262
5422 5363 2695 1995 7436 3901 4137 5440 4926 8919 7436 6805 7074 6487 181 4813 5413 4193 550 6477 7824 9572 8541 2603 6071 6851 8293 7593 6791 4416 2332 2471 317 7304 1278 1271 4568 0 3917 6774 9026 7355 3349 2507 7244 2821 203 6326 8652 6575
3097 1119 9719 5460 6333 2910 803 4764 2177 3499 458 8402 6701 2217 5313 4343 7249 2825 206 5893 171 8899 3384 8724 8686 6481 9007 5699 4740 1496 9181 6512 5606 7523 2575 2612 9992 3917 0 20 2945 8477 6608 6069 5211 150 110 1141 8062 5026
9969 2572 3646 3752 3496 3310 6371 5865 8868 7938 2758 635 8019 4520 238 3507 4134 561 1865 2852 5145 5322 6383 1587 7682 6634 5724 4783 1733 8056 3127 1176 4598 9135 5208 2163 4453 6774 20 0 5426 8332 8794 553 1839 4336 1003 7620 1420 5181
2345 4750 4468 490 6386 4613 7151 1300 3169 9524 9128 9257 3166 6335 9797 9202 8583 3850 7085 9995 5039 5051 2642 4925 2903 8848 6743 3625 9168 5449 2728 8757 4218 4117 5790 1757 8986 9026 2945 5426 0 8064 2985 6418 7880 5075 264 9400 5809 9834
1083 4237 490 7886 502 37 255 5487 9220 9604 7955 9409 5985 2823 6967 3696 7536 3986 3297 5665 6062 6382 3626 1269 5125 9775 7531 1127 4974 6671 9168 8039 5021 8512 7730 5310 3655 7355 8477 8332 8064 0 2111 4895 1871 325 2013 5759 4185 5914
1297 8714 2111 6603 5189 2472 6868 5264 3071 7731 5409 3373 1637 8718 2900 8871 7107 936 4372 208 1127 1916 9270 199 9855 4232 9892 960 3118 9455 9692 2534 6573 7556 6233 3896 427 3349 6608 8794 2985 2111 0 2739 5917 4994 5465 855 4460 8061
4103 4208 6395 4965 6918 234 8471 9374 7384 3093 842 794 5088 2618 9331 3006 1618 706 6678 7428 5792 6809 1265 8441 9725 4676 4026 6235 5293 8632 4525 7788 2545 1767 7061 4492 9223 2507 6069 553 6418 4895 2739 0 463 675 2082 918 7329 5514
1772 3289 8669 2984 9151 5982 2306 5637 3096 3088 2819 6635 7431 1095 7422 3431 5179 4504 7845 6784 7297 3561 5041 7227 1673 7817 5285 4338 5139 8620 5635 6789 2187 7219 9655 7094 4288 7244 5211 1839 7880 1871 5917 463 0 9566 7025 5372 9298 4085
3176 2369 3015 8539 5642 634 4925 3792 7241 9006 9533 5796 921 3628 2261 302 4563 5571 1544 7973 9475 8337 4223 6514 7278 5141 2142 3898 27 6002 1728 661 9678 6483 9314 2749 7944 2821 150 4336 5075 325 4994 675 9566 0 5241 9449 5596 5888
2055 8725 2926 1857 6627 4565 8140 9844 8140 5161 1090 2479 4767 1298 4747 3039 518 9343 3191 4541 3248 7322 1302 4701 5298 388 4067 8745 9356 2576 5767 4910 8347 1434 8096 1386 1364 203 110 1003 264 2013 5465 2082 7025 5241 0 7276 6220 6702
7367 6665 3276 4674 2276 4374 1817 735 7032 9075 7583 8609 2786 4754 1454 3369 7614 1840 4883 3094 3399 3253 5090 1847 489 1463 3796 7492 458 4277 5076 8046 9403 177 250 9719 6579 6326 1141 7620 9400 5759 855 918 5372 9449 7276 0 2524 7287
3018 5612 3242 222 3726 3960 3902 373 6027 402 7713 194 2638 4687 4062 8252 2386 9689 6162 2503 800 5362 1079 459 6275 7740 1193 3550 9574 8717 4362 8000 9481 3313 7682 5880 7463 8652 8062 1420 5809 4185 4460 7329 9298 5596 6220 2524 0 3193
9303 3348 5498 3415 5270 312 6084 9847 9622 6020 472 5641 854 812 1936 6237 7944 2347 3352 3896 668 5741 8484 2548 7337 34 5353 805 1912 6563 8351 8686 8121 8689 9451 3674 6262 6575 5026 5181 9834 5914 8061 5514 4085 5888 6702 7287 3193 0
