250
0 8250 6189 9896 9765 4944 2148 5071 6456 7350 5289 2121 2343 8480 9910 7351 1154 5830 1277 6691 648 988 3403 3987 8353 1635 9349 8936 4467 2407 9996 474 4988 5230 1559 6149 9817 1663 7496 7441 6166 4871 4074 6908 4141 9563 4001 7444 4618 4747 8791 8016 3062 3083 6981 3254 5348 4678 9288 3021 7887 7320 1232 274 4104 6951 6134 263 3969 5691 315 956 8420 9950 8344 4115 5679 4825 1072 8273 4923 8261 969 9305 4603 294 4524 2199 2282 5107 4486 5301 8783 6405 8483 2946 3596 1969 1667 3249 3646 3436 4529 5574 4018 7770 5350 2493 2640 3392 3645 5088 1084 5713 5694 2046 4914 9900 6439 8019 3372 9025 5053 5451 9425 4514 2538 6301 112 9256 3068 9931 7207 2917 3529 4985 7064 1466 7923 4655 9542 6148 4585 7215 1031 3955 9729 8147 9800 5790 1079 6617 7674 7508 1997 3052 95 9693 3882 3732 9801 1614 2894 2827 1716 5726 9645 8938 3659 4255 6339 4378 3858 4271 8304 4691 7448 3185 3169 4591 5061 4724 1003 722 7505 7017 2245 1024 1968 2482 125 2001 1904 4831 726 5665 5669 1234 9115 1901 1199 7530 8577 6686 4123 5771 3160 258 9794 1273 5937 3019 199 5647 8923 3488 6029 2352 3688 3426 7457 7340 1466 3637 3723 7011 7878 7786 7652 5384 1549 4196 6080 6263 2890 1562 9862 7242 7786 4573 3826 2351 734 7124 8220 9597 7656 2614 4121 7641
8250 0 9879 3646 4012 1151 2007 9818 9714 9266 4560 7645 1563 6541 6251 8438 643 174 26 3073 6408 9384 9262 9781 9111 9267 7172 5647 4860 6741 4286 5353 8473 3981 8711 1129 6957 4961 4611 788 9804 3512 6442 2931 4025 1999 7259 9114 205 6415 8352 7704 5036 6768 284 7464 282 8568 8078 8804 9136 8715 2882 8134 176 8296 418 8361 4032 1095 7175 9998 6908 7622 7973 4996 1458 481 9660 4194 8479 8914 4778 2663 8051 783 719 5269 2528 9191 8345 6074 5842 8653 5821 76 3089 7977 424 2596 4260 8780 7627 61 3711 438 5125 2657 2379 5455 4367 4866 4556 4839 6942 7182 4143 5132 4454 8647 5102 3785 9682 852 4169 8322 82 8496 9656 8523 3894 8422 2227 9632 4540 4970 5889 430 8539 9148 9882 9191 158 3387 8469 2901 9672 5823 5711 2966 2406 178 317 7161 4988 2661 2497 8193 1306 9289 4110 3651 1746 1120 2237 9763 8964 3261 5361 7128 5559 8014 6074 9769 8747 3876 6391 1658 6938 5455 9293 6054 9384 4452 4947 568 9041 6225 9971 8435 9172 8799 8262 462 6678 9423 9875 9256 9681 8562 1948 6441 736 8622 9263 9468 9026 9722 7618 437 9352 6961 2747 6886 6012 982 1621 328 3798 7151 9667 3894 1431 2511 1623 510 9227 8528 5712 1735 5174 4225 8999 3035 800 7654 242 144 3220 6294 6714 3360 8649 5248 8762 5759 5307 8132 2371 5354
6189 9879 0 1751 3963 4861 3465 9265 3506 5063 3769 8468 8291 4708 9726 7928 7686 1752 2430 6517 1841 7622 3650 2428 9868 2330 5413 6029 4160 4839 1982 3383 1826 7934 6021 8707 6661 9171 3763 2884 4893 6737 4129 5228 4875 4941 9593 1187 584 1555 1472 5866 9468 2640 5728 9199 4520 7658 7790 6094 1702 2450 1754 8412 4435 3225 2441 3364 3295 9205 9510 5394 6069 5464 1308 6041 7192 144 5542 475 1787 5989 8244 7410 6837 6070 5464 4936 2054 8768 2959 6360 514 8807 3689 7724 7544 7125 333 8611 5731 8683 59 164 4285 3182 5877 8099 249 5686 7431 5578 5478 4894 5473 961 3127 2060 5274 604 2872 1539 8405 5651 6706 564 8655 2159 5810 7233 8312 7762 9769 602 2363 4787 8948 8078 148 1131 5602 619 1319 9543 6152 4568 2961 3711 8550 4477 5274 9652 4300 1117 2789 4744 482 6555 5270 1521 2829 5495 2413 7104 8853 1862 3819 6668 7927 4035 4549 8549 5212 5717 1039 5174 4957 5079 8675 4969 7181 2626 3015 4989 9555 1234 9756 7911 6656 7768 3921 5182 6628 6189 7974 9526 4287 2392 3724 565 3771 8365 2014 7393 1006 1718 2982 6019 4555 425 6168 318 6466 4592 1489 1760 3297 5065 4490 7218 3043 806 5637 7618 1300 4843 7580 8789 2022 1147 6306 8923 6313 7898 8099 600 6787 6020 1041 8228 7560 53 5447 656 2330 1371 1921 2811 2787 3050
9896 3646 1751 0 8599 1478 5520 3788 8256 8381 5150 8681 3923 5932 1496 4990 7929 247 1945 2941 2227 1460 9175 8611 7996 8255 6494 1507 6412 3767 2964 5972 1697 4044 4088 9274 652 4358 7144 45 872 1094 9154 7112 1571 5311 4802 5803 2837 2602 5469 5388 8421 5884 4364 8127 1098 1210 6969 2129 8537 9994 1420 2773 285 3616 5800 3976 6286 9212 1741 8482 4655 2962 4390 5271 5562 3461 9371 4167 3874 2061 18 316 7133 2336 6917 4660 2086 6222 2655 1599 9303 7426 9794 2864 9890 516 4016 1229 9012 4232 4500 1140 6426 4818 6071 8897 663 4559 9608 1406 4706 8323 7006 8181 9307 6409 2347 1027 3768 735 7061 3643 7044 2063 1120 410 9323 1598 8073 6926 3257 9054 7026 985 7505 9554 3317 3114 3812 7065 2118 4747 8619 5587 9712 8512 9266 338 5532 8464 6173 2375 4917 802 1426 6919 4553 6976 2098 279 9242 9784 6963 8715 919 7509 5309 3352 6598 9098 4270 4416 3130 4135 4907 7443 4113 4059 1806 238 1446 2023 8330 9076 8343 5425 7954 7238 119 7913 6917 6157 5654 430 7204 5313 7933 3826 8893 7653 4165 2842 5609 3719 9856 4448 3659 4774 225 7135 3591 9298 2854 6239 7278 2347 7204 8907 1467 4081 4030 3624 838 4868 4125 2672 2188 4006 3105 9016 2636 3455 865 1710 6179 4096 4935 6804 3346 3682 6991 4671 896 691 3259 5356 3016 3635
9765 4012 3963 8599 0 5227 2314 3184 7817 5569 5239 8788 5219 7965 1678 8909 4658 8148 1918 8148 3652 3626 3765 6679 4406 1859 2508 1277 7215 2937 7545 561 5542 2212 173 2791 8575 3884 7984 7189 3265 1263 6070 9869 6335 7017 6510 3013 7776 2703 6996 8470 7848 3771 6301 869 5309 540 695 1097 952 6814 6021 8411 9043 2486 778 9258 9868 7746 8997 2644 9956 6867 9855 3962 9642 6172 4408 6112 7105 5549 4805 2106 7270 67 6043 566 6914 3776 5161 8420 2879 2313 7441 5177 9443 4599 9348 6499 2541 9288 1076 6064 9199 1934 4549 4055 9133 9634 3882 3751 8256 6884 7412 5992 630 5662 1263 6254 5833 6869 8758 4326 9455 374 4829 1469 4009 9075 6274 6108 5215 3882 2594 3381 7848 7560 8692 9183 9384 3929 4407 2482 8757 4022 4085 9692 8503 2910 2458 4462 2636 6123 8496 5949 4220 9093 1386 3020 6053 9485 9101 991 2224 1578 1327 4430 9968 6051 8446 7444 5835 4040 9456 3910 3484 625 3902 3674 4501 3784 7009 543 6787 2 309 5576 8915 5271 8287 2583 6760 8707 2069 1148 4034 3682 5736 2087 5501 7552 8652 5430 105 7219 5883 5466 8086 5744 6332 7377 2473 6528 5047 4094 396 1597 2584 3892 5862 6939 4513 2155 3446 6419 7440 9034 5317 9646 7430 7344 6023 9371 2036 2041 5367 6519 3643 7107 7557 3588 4557 6496 946 5986 4996 8485 677 1070
4944 1151 4861 1478 5227 0 2934 7534 8155 688 5674 1405 7391 191 8275 7642 483 7477 9536 7489 7543 1247 4559 1377 2704 9780 3751 8865 7966 5860 695 3128 1054 5445 3201 3155 9936 3522 2987 6757 3647 3286 6896 3449 4411 1453 1369 1303 436 1108 5746 3644 5709 6660 9070 1236 3030 494 7608 8778 6582 9128 8033 3250 126 5688 4754 3105 6324 9911 4004 2522 3718 3444 4783 9790 9439 6542 6743 9161 1745 912 3709 4328 4717 9696 4607 4745 8584 6783 6510 3568 5406 7964 306 6146 5322 3283 4189 7872 5064 1429 3522 6769 4260 5807 8165 3733 9409 4401 1663 540 5775 7735 1601 5882 6221 7123 2124 4809 5963 7922 8676 4286 6363 9876 9238 2051 4807 1470 7728 5898 4458 7217 760 7593 6472 1809 1785 6514 3963 7878 2851 3813 2365 7554 9578 4400 1056 8037 268 5085 6511 4490 7379 8191 8664 2499 3735 7971 1053 1153 9268 3357 78 8103 9453 4482 1616 1936 475 1673 3911 8704 9436 79 113 462 9154 9239 8723 2231 8579 1597 8540 442 5780 9033 4114 865 4236 270 9129 7113 2191 2993 1570 9762 8687 3461 3474 4202 4058 5536 3988 7486 1759 4091 3287 8164 4753 9737 5432 9816 4430 7149 7422 7077 8427 159 7243 4008 7556 928 6465 8672 2705 5900 7964 1645 5716 9321 7650 7319 2471 7655 6561 912 1216 5859 4991 2680 9392 6498 9397 5106 7847 4055 6443 4159
2148 2007 3465 5520 2314 2934 0 8304 940 2387 2232 3931 4626 640 5382 2688 3802 7502 9262 2518 5315 7032 9661 7505 1676 299 640 4709 1416 582 8043 5201 3688 1945 3832 7047 9169 1766 1889 1801 7978 9706 5026 9986 6599 3953 7696 9054 3874 8718 6458 2526 9048 9469 4434 6934 6731 3894 3912 651 9190 4350 9768 3415 8918 4307 5213 8421 4033 2351 4335 3075 9728 3110 4575 6161 4057 2779 5844 5075 9026 3034 1397 5758 5265 9416 3251 7545 3446 8090 6868 8500 8509 7977 6589 6658 9423 1068 9850 5932 3900 8513 7847 6975 9103 4324 762 7047 8798 1611 9250 1571 1241 3217 7838 732 6025 3694 4739 8287 4844 7622 4877 8404 7034 1834 8770 1449 7301 4702 3363 6080 7571 3134 9629 5127 9241 4883 9918 9831 6663 6930 1394 5378 3781 1408 6195 8626 127 1281 5936 3040 8330 8163 8794 6387 4445 3911 8767 306 5211 4577 1994 1551 8628 1091 3838 433 7137 4386 6361 7455 6731 466 9057 6441 6220 4542 3871 7688 3286 4423 6587 3477 2458 7173 1444 3895 4133 6826 9771 405 73 8343 8520 9045 2319 1402 7720 2196 8802 1223 1038 3471 8176 3020 146 597 2331 606 6755 6650 8655 759 5738 8160 6030 715 8347 2924 9683 3275 7977 9680 2767 7276 7188 5735 6332 6337 7571 3555 558 4950 6593 7228 9417 7672 401 8209 6835 7095 3679 4297 8378 3194 4446 9416 1674 1782
5071 9818 9265 3788 3184 7534 8304 0 1766 7695 3317 462 569 9398 2476 6933 2521 5065 6817 2702 1118 513 3454 885 4269 9253 1261 976 4068 2860 8497 5512 6455 3711 3197 1926 9563 8228 8255 5631 7075 9919 8494 3928 3006 4625 1740 8840 2627 7094 5488 2849 750 9081 9783 8070 1214 5958 5482 1531 1242 2593 972 9318 9494 1057 5456 2158 4466 565 1553 3016 9837 5970 721 326 1969 9954 7265 5269 343 6434 1418 8295 9690 6499 7335 2527 9256 1497 7590 9754 8140 4774 5926 9285 4362 975 495 5797 3016 2900 6049 8153 7087 3910 1776 9690 5765 3882 7683 718 9170 9647 3674 8841 2507 276 3943 4411 4525 1337 699 543 1719 1953 3058 2820 415 1698 5899 4530 4355 4767 3782 6126 7602 1079 2917 851 3884 2359 3526 667 7326 1477 342 814 2551 1911 62 2253 6258 4490 7654 2976 8438 3607 2186 5543 3990 7673 3072 5754 8428 3869 4193 7605 4448 138 7430 3988 7683 1777 404 1360 4512 3262 8778 5774 123 3798 1226 261 220 742 4469 3328 5163 6626 9407 3785 6022 6164 2316 8396 9393 2661 2297 4162 9982 3411 1088 8340 2542 7180 7321 8915 5607 8909 4667 3324 2793 3916 9750 4181 5863 2123 5562 5393 7884 7828 5589 284 6832 2171 7421 593 8514 1015 3970 6217 3405 3541 3103 8650 3961 2012 3246 9094 9485 7078 5711 4164 7983 6084 3142 4878 4115 1588
6456 9714 3506 8256 7817 8155 940 1766 0 5588 1059 3193 5449 4116 1144 1183 7454 3588 291 2191 1786 4130 6906 4436 8573 1143 3610 93 9167 364 8536 7843 4687 1068 9848 5132 3736 4165 19 8022 6695 4050 9468 1977 88 6188 5406 8893 8824 6615 906 8762 2141 2746 6149 2065 170 6830 8493 5773 3725 75 3020 7712 1863 3979 1674 5274 207 3105 8850 3808 1871 4330 6722 9303 8016 5976 3506 6886 1559 4882 7212 3761 4702 2171 4588 7911 9576 5894 2091 5194 3143 6410 5065 6122 1665 5845 7625 8347 2278 8760 5548 9766 6491 6324 9355 4646 7799 4368 7290 3710 4516 8349 143 6661 8155 5612 8061 8424 1615 9688 7027 8653 9323 1190 5160 3160 1688 385 7516 2846 5908 3169 4435 3433 1064 9300 8541 9972 3592 9219 4267 9204 696 9882 1742 4066 8007 1994 7712 5392 7274 3162 3810 6504 4527 9807 7963 1834 3438 7363 3054 7561 4784 6064 299 6826 5455 3396 9522 9385 4656 9887 6037 2316 2764 711 2665 5048 8070 3062 2836 9352 8407 4520 804 7625 3872 7868 1654 2436 4785 1151 8564 438 7577 3805 5036 7995 8266 6679 455 2858 1921 8866 7511 2652 4179 9561 5660 2154 9275 2315 7912 516 9379 3385 765 8756 9633 8911 3898 4554 8150 6086 3300 2082 7044 1308 899 3260 9636 4726 5876 3941 9160 5082 3199 116 553 3924 536 585 6998 9538 5037 5006 8976 8267
7350 9266 5063 8381 5569 688 2387 7695 5588 0 8442 557 6475 6864 6209 6115 7231 364 6687 7208 298 703 7023 1516 7503 7408 330 2629 7086 6426 2418 2205 7495 2078 8309 1061 5858 4637 6814 5217 3132 7160 2078 3609 1819 8287 3510 7308 5360 9733 177 8808 1961 2548 7307 4684 3408 3047 6485 9392 1682 4069 5502 6230 8572 9357 7278 3869 3619 8750 7150 4044 7781 3821 8368 961 9608 8697 9140 2664 5968 8028 8344 4680 9570 9079 1916 6477 2630 3837 5192 8171 4061 8112 6450 647 3877 4551 378 1907 5010 7169 9234 7067 4046 8024 623 3933 3774 7304 5112 7099 2465 8182 5821 1948 5798 8394 7511 5671 3494 6308 731 7895 5770 6205 2709 3862 7154 8936 1656 6953 2972 9180 3766 6381 3467 4531 8012 2675 4920 5122 3180 1785 3181 5943 1943 2478 4007 4259 4976 7414 6245 6760 2093 1309 6008 5175 260 6219 2845 1846 6812 8077 755 1187 4852 1514 9598 7984 3171 8991 5293 890 5774 7980 6072 8394 4078 8639 7607 5386 844 5814 9067 1758 5991 1672 78 4548 51 6151 6877 8420 7793 9987 2663 9050 6304 264 7594 1119 2095 7001 917 1277 8274 6494 3364 6402 9385 5213 9730 6458 4359 4366 2953 7023 9932 902 2516 538 6001 6653 9580 1046 458 1280 7068 6156 5000 1631 2819 8632 6541 3156 9581 9777 7401 4665 3639 7079 9065 7903 8972 8263 2809 3477 9336 8859
5289 4560 3769 5150 5239 5674 2232 3317 1059 8442 0 7732 9355 9732 9019 2875 564 5667 4137 6491 7171 8300 5266 265 613 9746 1535 4913 6439 4 5425 1347 6956 2420 7851 902 6010 995 6404 6723 5112 9914 5157 2288 7293 4720 1092 369 130 2906 9744 2415 47 2886 6240 59 2833 1823 670 647 471 7355 7785 2623 486 3327 8632 3466 3278 5909 2553 5187 7960 3161 5146 9415 7143 6350 4131 9549 5016 3086 9907 7360 4480 168 9753 1494 6170 2374 7814 3378 6578 7852 4635 3836 9060 5541 939 5549 6439 5231 9307 282 4257 5819 9818 2585 4241 1211 1552 3098 9783 938 7199 6434 3741 9188 4938 8251 7369 2071 8098 1511 4435 1582 9586 1997 8844 1376 3412 1479 8577 7785 2543 8310 5858 3746 1074 6239 2963 2758 6766 5961 2232 1459 6191 6601 6460 3423 4152 7853 4827 7823 8144 1343 8796 6015 1404 844 3600 6666 1730 8383 3568 4565 4616 6593 2551 8278 5580 596 8756 7220 8090 6997 4059 2376 3807 6141 6249 494 7548 119 5438 1097 7465 4634 6668 2232 2483 9219 3614 5363 8312 2219 8399 6654 2596 2040 8731 9239 2290 3867 6554 4613 7558 1375 3433 2039 201 6305 2469 1140 3560 4513 3313 3813 1306 3904 4056 1395 7026 4049 7410 3738 6110 6522 8294 3185 3751 5883 4988 3819 1337 9639 3317 3437 2420 3948 6048 4384 9286 7304 7771 1815 7178 2191 934 895
2121 7645 8468 8681 8788 1405 3931 462 3193 557 7732 0 353 324 6652 2439 7116 5863 3878 1683 1700 3179 847 120 8386 1280 1923 2677 508 806 578 5171 7957 5382 8189 8173 4740 1711 4774 4432 1604 1109 290 1533 1670 9597 3046 9127 3246 5644 7333 3216 5611 248 5769 9995 9325 3681 2688 5806 7234 7105 3040 9683 5734 8975 8939 6406 5290 3013 2328 7159 713 1503 5084 536 8462 7576 1385 1689 6819 1113 9662 5845 1342 9763 3722 6356 7930 6987 3331 4583 1631 3176 6287 3068 3662 9275 4008 6638 3428 4744 2832 1951 8527 7299 7492 530 8128 3802 3525 8221 7203 2419 3047 2835 5698 842 6407 2681 1949 6488 9194 7216 5669 9552 4778 7943 3123 7481 4662 9667 2685 6746 3482 4305 9308 2229 5381 1705 1922 3925 4880 9936 4993 5149 4158 827 7908 5150 8053 2462 4009 7341 4889 2387 9427 9614 2472 450 4390 6519 5199 4035 4712 7282 1453 7496 5179 1183 4836 8636 9243 6141 2487 1604 5930 8474 8552 1094 6241 4557 203 9853 4244 1312 8339 6889 2619 8458 8090 3108 9060 6224 1396 5164 5816 5432 1277 9127 1529 8106 6664 34 738 1561 9616 7442 1956 8082 5564 809 7551 562 5159 6687 3972 6803 5140 1251 9023 9598 3244 103 4942 2280 838 790 8295 5907 864 5851 2656 6715 639 5949 1408 6123 3805 8574 8394 244 9108 9326 1666 2732 6851 258 869 8939
2343 1563 8291 3923 5219 7391 4626 569 5449 6475 9355 353 0 1603 1540 2099 3828 7249 5440 4202 5042 8631 7670 7213 2085 9293 5618 3180 4696 353 5538 8970 9065 937 6633 6315 9561 2768 2578 7973 2715 1754 3791 9191 4396 8034 5280 2464 6170 7645 3769 6829 9427 9547 7811 5222 5628 3127 5702 4138 5955 428 4668 2321 3503 503 5866 9221 2770 3360 8316 5296 8804 7257 5234 6942 6638 8795 9574 7027 7495 2395 894 3330 9705 4432 9860 3062 1552 872 3336 893 5596 1220 2042 5725 6961 1787 123 1644 6364 9330 9561 942 72 2857 5694 8029 395 5406 400 3646 9928 6424 7579 8070 7437 5799 9010 8390 4345 4603 3888 7281 3184 9958 7215 4859 4506 8443 9660 5871 6740 3325 7250 8248 530 3833 8163 4355 6589 2707 5468 5674 4635 7928 2835 9805 7780 403 5527 2965 1798 7977 9286 4739 9420 8587 1260 991 9295 5407 3324 8207 5151 5541 3499 9509 5922 4403 7767 1774 9602 1207 9102 8687 3428 5958 7508 9888 7654 1273 2113 9915 9979 9891 69 8232 5092 642 7644 4250 1728 7842 6476 3512 3959 3564 352 9730 4781 3291 8791 4728 3946 7576 77 9577 3795 6537 596 6014 9668 8106 802 8525 8545 6386 5724 3674 289 7034 238 7860 7199 4405 2392 4411 7597 4990 8802 430 8745 1843 6135 2240 5892 4225 7406 415 8058 4696 4269 4390 5465 3887 7487 6999 3125 508
8480 6541 4708 5932 7965 191 640 9398 4116 6864 9732 324 1603 0 4114 9834 5824 2437 2561 7394 3880 6217 2944 2026 4720 2223 4007 4393 2731 451 139 4407 2748 2550 4435 8237 3500 9290 2113 1427 6636 2201 8720 1508 3694 7138 8544 6327 3809 8046 6529 6695 7435 5557 5205 9947 2472 3099 4310 4785 113 2369 9634 783 44 2001 9959 9740 483 2236 8805 3900 6452 5523 6504 9039 2840 7094 5814 5975 7666 32 9646 2952 7959 4308 8306 5449 8779 637 5941 6150 9525 579 8375 2107 643 8972 2679 5307 9556 8150 177 3088 5497 2186 9154 5104 769 6170 1258 8985 7112 8889 8913 5047 9191 4046 6451 3932 9727 1641 6011 1435 9445 6104 3353 8443 7049 210 6332 7390 8579 4495 7672 4606 1114 463 1983 4517 5916 2973 322 3549 796 4561 7570 1390 6230 6827 999 798 5605 3710 9093 3517 6304 5437 2941 7791 389 1100 4600 6878 2565 554 2469 8839 5419 1896 9268 8851 2788 704 311 1369 4163 7948 6988 6888 362 5176 6030 2979 2465 406 8749 3852 7982 4451 1828 1518 7451 5261 8310 1077 5440 7175 4879 8951 5796 1641 7879 9578 1290 7479 664 9310 8902 8003 6306 4857 1088 6550 2582 9518 1917 3979 2269 5786 9274 4943 280 581 3033 1129 9039 3306 5132 9589 4758 9403 8952 5649 6253 8488 1250 8580 5002 5110 6549 7069 1296 2910 601 6763 5044 2009 6723 9510
9910 6251 9726 1496 1678 8275 5382 2476 1144 6209 9019 6652 1540 4114 0 2340 8725 7061 5316 4811 6719 908 1690 7225 9741 7065 7456 7365 4399 7282 2010 5065 4735 7318 1391 2379 60 7084 5255 4614 8036 7026 4109 5228 101 3706 9619 9305 227 2036 6377 7729 6552 4151 722 9757 4575 8679 6251 7127 7281 3095 6402 5824 2926 1302 4858 6619 1223 909 7704 5927 7330 2555 1372 4011 2667 9943 9763 2462 9911 5004 2834 2689 7478 6061 6772 7727 6883 2799 4862 6316 7495 45 9853 3573 9897 7875 4924 8852 2417 4844 187 3578 2199 9478 7329 8954 1168 7739 6603 5483 6318 5274 7714 8500 951 2703 7902 7412 4393 3294 6680 5641 189 1306 9575 8219 7815 5709 7957 5484 9281 9286 6721 4017 5068 3528 6642 6052 406 3846 218 9327 4599 5273 6938 4019 4937 9296 2223 4832 5425 9784 2797 6249 1531 9437 8864 9026 8997 2156 8433 2776 3184 2827 6134 7004 3162 1393 1161 50 5793 923 8866 9262 3948 4355 1494 6934 90 1141 7048 851 8216 9486 1728 8690 1378 8554 470 2093 215 381 4608 9937 5620 6860 1506 2929 4715 1337 9230 3320 8967 2202 7727 1025 1669 7259 9318 4552 5964 8440 2525 3419 9278 3858 439 3036 7933 602 3615 4116 6803 9296 3829 4548 642 3569 3570 4124 6362 9258 1011 593 9001 16 2395 6639 9384 3324 4633 6007 636 6956 6779 6304 3321 3565
7351 8438 7928 4990 8909 7642 2688 6933 1183 6115 2875 2439 2099 9834 2340 0 5854 7255 2168 4560 1308 8997 3749 946 6538 5199 8723 8573 1008 7643 1504 9250 5890 2386 8598 6359 110 2611 1719 196 6308 9668 7292 9230 8634 9685 3521 4892 67 5947 270 2285 4041 5510 4936 2429 1479 4524 7924 6456 9021 1670 9540 7179 2871 4679 802 8262 5012 4496 4622 4354 208 3720 5570 6532 8730 556 4658 3485 3155 6185 390 8884 2984 6471 5693 4021 7998 8419 1886 4474 3624 1360 9223 2405 3297 2338 7882 5421 4444 9112 9783 7746 6387 3384 8336 8938 6957 7781 2060 6686 9858 180 4710 4004 747 7046 45 4768 8792 1951 9801 7130 9533 4021 7635 143 8591 8165 3686 6825 1242 9842 414 2177 4701 269 3670 3096 7136 9262 5819 5733 2923 8588 7761 5574 3670 5339 4691 5520 162 7426 6752 589 4113 5941 8554 1664 7792 3024 1208 6678 4569 6440 4136 518 138 911 9313 2379 6422 2605 9105 2788 4434 6806 734 5103 7250 796 548 8309 1269 3534 2514 8307 1105 4496 3482 405 1320 8285 6294 1221 1357 9991 5267 9319 1503 7605 1256 3504 7104 6575 1396 3683 6400 2372 5499 792 4033 2004 2344 8988 4457 6789 1818 1997 8730 4478 1212 2398 3800 5319 5314 8492 4505 4599 1370 458 6983 5742 1487 6490 6373 1176 1359 2616 7344 1931 7787 5181 7448 9783 7544 625 5729 2562
1154 643 7686 7929 4658 483 3802 2521 7454 7231 564 7116 3828 5824 8725 5854 0 6101 7243 1050 7473 614 6902 4069 7304 7236 7366 3762 3953 2443 4320 9182 900 3951 667 2047 123 2628 2989 882 7986 1827 6443 7289 3252 7075 4892 6084 1522 8842 567 4507 1036 9264 7801 5543 1317 3877 8157 9047 2386 1184 9517 4157 9191 143 2298 9728 1121 4076 6107 5478 5530 1272 1862 5918 2463 7780 2737 5357 9779 4016 1523 2327 4495 5547 4424 9548 7188 5120 6650 6966 2590 6441 1270 2027 2049 7599 931 7561 6940 6944 6792 1499 2751 703 8709 7621 7601 9607 3898 6132 3134 6176 3885 1777 3893 5211 4767 3627 8500 2766 1756 8580 2987 6061 9188 1850 5155 5289 3200 8227 8791 9544 29 6486 9024 9992 971 1611 8718 8931 7194 4761 613 4908 794 8400 8615 7704 7655 2618 6093 8747 3531 4458 6972 6402 6767 3632 9301 683 8090 6831 8110 7357 6716 7421 9361 4431 4718 5867 2146 8982 7537 3776 5956 1860 9395 3576 5706 4307 991 1417 1510 9893 3229 5714 7043 4120 4794 1205 4477 8075 7181 1638 3011 6978 2427 1307 3946 7831 8736 9735 347 8634 7484 5188 5046 6500 3243 2658 9106 4123 2822 2224 3715 2056 3317 9107 9697 4641 7019 8875 2083 7190 3476 5353 7722 6118 2871 5428 2946 3178 4038 5949 5643 8520 953 7075 6070 737 8631 9076 6142 7602 8208 6162 3729 4300
5830 174 1752 247 8148 7477 7502 5065 3588 364 5667 5863 7249 2437 7061 7255 6101 0 3190 4705 3102 3710 5768 2250 141 3103 3099 2668 5503 1737 8620 4554 1658 9006 6607 5634 7958 2492 6366 1979 433 1455 2689 2491 3274 6881 6653 1448 303 1058 8958 2656 9490 9342 1257 3009 7511 8143 5870 1442 1523 4494 2884 5429 8699 9166 3067 9946 8210 4798 4269 8692 8212 1461 9823 8974 1711 2654 5650 4357 4032 1050 1732 226 8997 6589 4890 7990 4189 2169 6398 5890 7521 9580 7157 8809 9528 3111 3489 5785 151 5014 6226 4416 6518 5575 6567 5188 1513 9908 4546 337 8068 9326 302 8688 4307 9736 5753 9884 8285 4604 4118 1767 5109 1836 1365 7931 3759 39 6341 8643 9478 3479 8943 3348 9750 271 7272 7256 3528 8341 8293 7865 1295 6515 1228 7091 3019 6242 987 1693 9125 7123 6338 2503 5422 9264 20 270 2466 5872 4759 7008 6909 7325 6237 9848 7823 8025 870 1733 3253 5162 8385 35 3836 8498 6351 3467 8059 7165 9708 4194 6768 9198 8449 2974 9393 7276 1815 1347 1198 6957 3223 8093 1802 1619 9724 9835 9894 9941 3298 4946 2302 4221 5717 578 7269 8815 258 3040 588 2680 8883 4375 1237 2128 3180 3421 1163 3159 2069 2432 3882 2671 903 1090 1391 9201 9693 8239 2501 9978 904 7752 3073 7722 66 9642 8975 7378 8317 2395 2178 2971 9584 5961 6102 8253
1277 26 2430 1945 1918 9536 9262 6817 291 6687 4137 3878 5440 2561 5316 2168 7243 3190 0 6380 6302 6142 6775 919 5568 7410 29 4997 6413 2033 3647 7564 3498 6020 8754 1834 6214 5418 7099 8534 2073 5599 7011 2141 3492 6649 395 4569 855 6724 5823 5099 1685 2773 5544 4202 2000 1247 2153 7722 2045 5463 7864 1486 2698 3301 1090 5983 6737 190 3930 8157 9292 3275 7957 41 3475 641 9383 2996 2098 1092 6616 6714 4609 8145 8311 6195 6905 647 2609 9783 8844 9344 7617 281 9312 9285 1991 7648 1725 9480 2944 4517 9720 7753 3639 22 4008 4798 4152 8215 455 3607 6522 4123 4752 6793 5166 9556 9378 1376 4715 4911 4074 6994 9890 75 8208 480 8423 7923 1916 856 2975 3200 5287 7970 1647 9423 6362 3076 4263 2139 8024 9052 4135 6145 3041 7560 6317 2774 3944 2789 8897 5029 8209 9774 4647 3288 7751 5421 3107 8021 8159 129 3262 6599 2482 5019 6623 6894 7561 1968 8123 4087 3798 262 3362 3766 8782 1464 7447 9199 6581 4951 7269 543 3179 3322 4843 4276 6837 463 7686 6940 5093 8560 1722 41 2025 1390 2248 906 1191 9101 5126 1883 661 9785 4803 7546 7738 728 5267 7252 8929 8486 9689 1110 1819 4989 2987 3216 1594 7626 6252 7599 2748 4997 8576 7434 5673 355 6376 7920 5878 1525 4738 7796 1919 5408 5747 2175 7353 5171 3788 95 3294 5716
6691 3073 6517 2941 8148 7489 2518 2702 2191 7208 6491 1683 4202 7394 4811 4560 1050 4705 6380 0 9374 517 1551 2948 9171 6925 5596 2947 8618 5483 5576 5314 8660 6081 1779 6993 808 9304 6508 6563 4756 5516 5221 6748 7799 7721 9152 2036 1681 8097 8461 8315 7625 440 5044 744 4857 3765 2197 8454 4188 5590 1665 1621 661 5951 6162 2539 2923 7288 1868 4498 7277 2907 553 7328 6389 1032 8476 945 9950 3410 4956 6699 378 598 986 5094 4457 6902 4919 2837 1574 3501 6645 9021 2737 5600 120 237 5148 1821 7279 7670 8178 5090 1698 3994 4203 389 7178 5939 8269 7641 9137 5626 6491 4820 6907 6879 4564 8370 9105 670 1525 4811 8541 1845 7260 381 3180 1453 799 4285 4789 4965 3893 8178 9020 4436 2889 8236 9564 1854 2216 7825 6648 2749 1617 5391 9191 998 9024 2482 8630 760 5499 7107 8504 4298 9936 9871 3158 6034 4619 1650 7602 5586 8552 5188 9114 1626 5194 7375 8414 243 9710 5146 6652 6833 8808 1123 6858 3181 7231 1710 2230 5350 7134 7486 2334 2476 3125 4266 3604 3959 7151 3693 5679 8065 9701 989 5830 4713 5529 8053 662 5350 3882 7798 1475 6398 4018 290 4809 7144 6345 7131 2691 3999 4539 1549 1059 3074 4530 9273 6625 4727 3020 1531 1146 4335 9887 9612 3708 3038 1443 154 572 7005 2353 3426 1589 3069 5137 7909 4504 7882 8714 7228
648 6408 1841 2227 3652 7543 5315 1118 1786 298 7171 1700 5042 3880 6719 1308 7473 3102 6302 9374 0 881 9374 6332 513 4606 2838 6571 9563 5700 9868 5838 889 2440 7569 4827 3409 1233 4390 1726 7994 1497 1913 7300 5652 4914 8314 1687 7284 7161 6393 5041 9483 1813 6894 8221 935 3645 7185 9873 358 5554 9987 8690 1847 589 2418 2830 9549 3724 3694 3457 6500 1878 6489 6522 7480 2445 1030 9995 622 8352 2414 964 9264 5143 4198 2323 8313 5736 2205 8375 2356 3941 14 9027 571 7394 3234 7599 5788 3183 3893 7347 3754 9134 808 1688 2191 4823 488 7208 7061 1248 7760 5870 2330 7309 1008 318 629 7966 1199 6651 6522 2798 2794 2924 7051 2577 5490 4392 6968 6172 6887 14 2220 8548 2172 5470 5968 3752 8668 6675 9773 4145 4438 156 7950 7093 2545 509 7819 6461 5726 4312 2659 988 6657 7590 1137 4745 3459 4897 180 1301 6667 5992 9370 7355 6417 4139 2950 6472 6442 6764 800 6292 3302 5434 885 8438 8799 9243 2164 1482 7522 864 8128 2339 1328 7665 5613 6228 8247 8289 5783 5702 7188 1635 5913 2995 8913 3054 2600 1176 4988 6558 3173 2026 739 4382 6218 1629 2824 5244 4730 7642 2967 9480 9352 4382 2958 8329 5803 8670 4963 8324 3387 8019 1491 9138 6497 4072 87 1574 123 1543 1216 3731 4497 5983 1668 1430 3800 1934 1737 1691 2574 6385
988 9384 7622 1460 3626 1247 7032 513 4130 703 8300 3179 8631 6217 908 8997 614 3710 6142 517 881 0 5828 8181 2796 5810 3947 4935 2509 6375 9912 1238 5241 8519 9898 8749 6344 4882 5104 226 9958 5978 7979 793 8391 3801 8117 6624 4746 4306 2304 7442 7670 7908 3895 4871 9316 1465 5760 720 63 8718 8147 8292 316 7130 2620 4682 5427 938 4306 5022 2392 4897 9296 6435 1259 8792 9863 8137 1748 6627 7445 5648 7452 5703 3494 8788 6227 5938 1919 9912 6480 8041 5788 7181 5614 1851 6998 8095 7489 6816 9339 9218 883 7688 6336 9932 3838 9543 3376 3379 6570 8949 9361 8886 5676 720 41 3064 7105 5721 30 2338 4803 7541 1054 3556 970 8346 2686 4736 3592 2107 1161 7162 6735 112 7986 6814 9504 3511 389 5335 240 6342 6769 838 9238 4544 6538 7629 68 6263 2188 2144 3122 1565 4872 5658 2597 9219 1016 191 9946 997 2039 7920 5284 3927 9419 903 8454 2129 987 9495 5940 3401 3445 9420 1828 8791 2847 6858 8007 1205 207 9328 2065 5081 904 8385 7401 7404 9151 2452 8200 6796 5870 3425 3570 3239 5712 2368 9465 9940 7726 7391 9016 1949 3054 5321 4891 6305 4601 3986 8191 725 4662 925 5118 2788 5963 4746 5798 2606 8284 271 7897 763 47 4573 5162 4818 3086 6470 3802 7672 9508 3813 9456 7707 3734 6009 8216 649 6141 7768 9226 6441
3403 9262 3650 9175 3765 4559 9661 3454 6906 7023 5266 847 7670 2944 1690 3749 6902 5768 6775 1551 9374 5828 0 7169 9136 5654 5320 7233 2993 5438 2917 4747 5922 7720 5169 4442 4027 3929 3165 2260 2565 4593 6529 4861 7061 6183 1445 5687 367 6352 3509 6920 1521 4950 8897 5188 8007 7947 8247 3947 4 9807 6702 3489 2164 5908 1095 3354 6482 5605 4117 7817 9723 8463 1294 2909 9574 5261 3161 4485 4935 3527 4468 4139 6893 3455 1749 8396 3582 2173 8777 9100 9928 447 8470 6132 8261 2815 5871 9406 7306 1559 8732 5819 9142 9873 1739 550 5992 4113 3506 156 5327 9105 8659 6170 4331 5915 7155 9653 7920 332 9678 7243 3467 3073 4065 5229 2248 540 8744 2799 8865 8094 8338 1918 2171 4655 417 2252 2351 8866 3078 3372 5653 6358 4720 2970 6174 6584 9393 4093 328 6616 1429 7983 3616 2962 2142 2903 6500 6362 7769 5027 6288 1519 6401 1044 387 9091 8163 8862 1172 6896 2627 5658 326 4191 1530 5483 1265 5973 683 9120 9780 7296 6074 9468 1105 6671 7584 5060 569 7965 7720 8811 5723 1675 9700 2647 8673 8152 3535 5585 6298 1035 217 4375 8055 9107 5012 5112 7003 4858 9647 8447 9822 2441 2109 2267 113 1672 2657 7631 1481 4912 5896 3486 2757 2722 5039 2079 5020 4954 8248 6694 1657 7383 7290 1308 9234 8505 7783 8551 1049 9132 6595 9434 7480 7979
3987 9781 2428 8611 6679 1377 7505 885 4436 1516 265 120 7213 2026 7225 946 4069 2250 919 2948 6332 8181 7169 0 3311 845 7048 3011 7827 4422 4633 949 1639 1114 2855 3794 7778 9590 1300 5242 5953 6660 9290 4381 7452 6769 1801 1764 6295 6122 4035 9563 8638 9880 3733 5238 5047 3039 393 3484 6907 1035 3574 9831 6906 4503 3362 6006 150 8354 1100 5630 4351 2425 5672 1765 1930 864 7036 4026 7987 4496 6371 6245 5392 7718 7111 4498 4984 7593 117 6166 3348 8018 9641 2376 165 4708 6653 8204 8410 1080 3401 2261 3248 1873 6378 2972 6485 399 6469 367 5213 3751 642 9109 7548 7851 7497 1600 2330 5523 2295 1731 58 8511 4666 990 8384 1728 9956 2743 3252 5868 7137 6720 5300 8950 3071 3877 1020 7000 7827 1401 5387 9775 1030 9132 5902 4334 305 323 5356 6251 3416 1321 1222 8076 9255 1374 7969 3723 2922 4342 9339 3164 78 5805 9474 9608 7028 5531 3487 301 8300 5993 2031 8085 3106 4462 9726 6316 8270 6902 1694 8203 8381 7525 2300 6307 3393 4839 9243 37 4650 704 5283 3850 180 2786 3852 4469 6610 215 2051 7808 4708 7801 8523 2153 3510 8100 2056 4434 8553 6727 1992 828 9359 4019 3791 7178 9785 1353 5194 431 4592 9780 9339 6302 5412 4335 1319 7287 1294 6224 7559 4506 7239 4002 9600 5042 7091 3417 7711 1504 6788 4393 4194 6527
8353 9111 9868 7996 4406 2704 1676 4269 8573 7503 613 8386 2085 4720 9741 6538 7304 141 5568 9171 513 2796 9136 3311 0 2904 9241 7701 8122 4477 5743 3336 9079 2153 590 346 9420 5983 985 7756 5887 7751 9060 5754 8415 9620 8227 1524 3606 7881 9830 3710 7467 3039 9513 1007 308 5050 7621 8226 3531 1757 7562 7806 4065 5677 3059 2882 1189 6659 1135 8296 4789 7606 6163 9961 3446 2026 5743 470 953 1447 6574 7394 5591 762 9263 3301 9345 1425 2467 1346 5410 5499 6343 5610 5893 1362 4634 1908 5853 2881 5008 9487 3019 2337 8590 9543 28 3730 8468 7241 9144 4190 5629 6546 8097 4966 995 6074 9871 4385 5351 1658 5395 3797 4283 5786 8869 2053 5798 7105 6508 713 2946 528 836 9564 8688 5448 8542 9173 6679 4080 7878 5182 5170 2690 6088 1148 9590 5645 9369 6363 5753 142 5333 2625 5244 8767 7699 3589 9710 1996 6160 1386 302 3526 8375 6613 9749 2045 1344 3163 7863 9145 6808 8664 731 2200 5414 6464 5291 8049 4157 4167 8501 6130 1080 947 7141 6376 273 3657 5261 7204 138 8088 5018 1960 8691 31 7856 9492 5779 4115 3073 3250 9524 549 3023 1923 4853 9510 2626 9542 1515 5175 4395 3333 7643 7458 9270 6964 2781 7138 5741 2656 4415 9942 7372 7338 6745 4443 1805 6872 2255 3340 3083 2165 1336 841 7417 2510 6721 1528 8600 9157 7266 1456
1635 9267 2330 8255 1859 9780 299 9253 1143 7408 9746 1280 9293 2223 7065 5199 7236 3103 7410 6925 4606 5810 5654 845 2904 0 3024 2268 9415 9736 8672 9286 8426 2906 2983 8756 8751 123 2109 5157 4371 9038 4146 59 6083 1209 1286 9323 6776 7644 6172 1129 2641 5602 8888 7827 1669 5019 7975 4855 7025 7590 4876 2488 4865 6935 3084 175 3159 3933 4793 4209 7840 9257 677 3965 4151 2734 1783 5579 3758 5094 4065 305 8274 8598 709 7803 4776 2011 3293 9438 9869 604 2967 3188 4466 5986 2921 5226 470 8540 1442 3856 1134 1136 7813 5751 8868 4303 9533 5882 4960 6095 3320 5159 4684 6032 5605 7700 1400 9171 8577 125 2467 1024 872 9922 2658 4724 409 2448 4735 4983 2657 9180 519 2072 773 8856 9925 6331 4434 8444 4034 3863 2877 895 215 5860 2227 8616 4570 7230 7276 4177 6189 4552 5188 3305 3389 5063 7433 44 8547 9391 1098 670 6355 9047 9718 1210 7560 7025 3234 5817 4641 1995 4117 8856 6992 9740 4000 9042 6387 2748 3467 2920 7149 1865 3038 7056 2494 738 9573 5616 7882 6851 5843 5959 935 8494 4221 9023 2405 6556 6916 4719 8332 9926 7291 6925 3143 224 2922 2965 973 5196 8391 6558 2995 4901 9347 830 1951 6983 3542 5664 2892 6237 3936 7333 180 4289 5859 2636 5242 3589 8884 9491 9996 1720 4008 9177 6551 7705 7924 2842 7003 226
9349 7172 5413 6494 2508 3751 640 1261 3610 330 1535 1923 5618 4007 7456 8723 7366 3099 29 5596 2838 3947 5320 7048 9241 3024 0 4790 5609 7553 9450 5575 3180 2605 6162 2811 5566 3388 6961 496 6113 1225 9241 7523 2420 4494 8267 8049 8960 7364 7469 8131 2648 8052 5016 6469 4469 1144 7437 7406 3672 2621 779 2239 4517 1436 1804 7545 3911 4341 3485 6117 2916 6620 6674 2177 5344 9346 1399 4204 5417 2141 3986 1694 6174 7938 2561 799 3201 5055 7409 1817 9452 2853 1294 3610 6977 9498 5977 4118 3600 2196 6112 1598 9221 7778 8189 2614 3729 8757 5469 9271 2709 1239 3101 5008 6896 4711 7558 4313 4106 6790 727 3562 9398 2615 956 5912 6881 9634 8017 8537 366 1563 8131 8577 6716 8160 2029 6495 6271 1166 6070 8695 2889 3422 6897 199 8424 8052 5092 9723 5070 8636 9533 2909 1176 2187 6801 4341 8824 9648 2167 275 1967 2717 5112 1970 537 5857 9692 6592 2225 9824 6663 3692 2718 9111 6449 4847 1136 3464 1242 1975 4092 8462 9716 3701 7527 2299 9678 6567 7233 9187 866 8375 3849 255 8300 1753 1445 8236 9827 8360 1412 8255 2323 8379 941 8967 2479 3702 9684 1723 879 4730 1129 228 6805 6083 19 9647 3660 497 9838 8604 9951 5257 6081 7141 6593 1180 3062 4610 7515 9073 958 3033 6688 3529 3987 1246 9584 3672 5710 6455 9739 331 4949 5605
8936 5647 6029 1507 1277 8865 4709 976 93 2629 4913 2677 3180 4393 7365 8573 3762 2668 4997 2947 6571 4935 7233 3011 7701 2268 4790 0 6850 2549 893 2326 4035 4928 7983 8680 8837 7579 3313 2869 9244 9798 9658 8839 2915 1375 9341 4562 3605 625 2747 5687 4173 9177 5405 8734 8464 3004 1250 3668 9994 9277 6262 9475 1699 4652 4541 7689 1028 87 212 3690 9133 1932 7076 3539 1022 7678 6856 4265 427 9108 8164 1919 3552 2650 4922 7666 9162 9167 2855 9314 7898 2399 122 9398 7672 3989 9565 3213 6494 7826 5940 4229 9972 3393 2251 6241 2731 4036 9994 8525 4589 763 2840 1229 484 5221 549 7611 7388 735 9421 2829 1055 4929 6796 8699 6611 1527 4082 6554 4348 1226 225 5965 3350 2429 6602 3353 5116 7490 4861 3108 7251 5269 1804 7771 8545 7964 7954 6990 1056 7582 3015 3700 3373 3279 2302 1484 4474 5733 8390 3012 7782 8444 4409 913 9601 7468 6456 6445 9136 3858 1760 2772 4009 8530 887 4532 9532 5700 1838 2370 8002 4622 5798 3873 7031 5933 6870 7676 7898 2025 3587 8125 9844 19 2482 2308 6215 3805 5929 3423 8211 7311 2219 7811 4470 7574 9702 8569 1538 1504 711 1971 4454 9820 4156 9134 7859 7995 2923 6941 626 7796 1655 6772 3825 6711 9925 3762 3814 3829 3377 1033 4433 4578 5298 5634 3037 3801 9384 7739 8532 3594 1029 7404 6317 2971
4467 4860 4160 6412 7215 7966 1416 4068 9167 7086 6439 508 4696 2731 4399 1008 3953 5503 6413 8618 9563 2509 2993 7827 8122 9415 5609 6850 0 9748 1253 3032 4248 8559 8068 8311 2419 7330 6568 3418 2306 7980 3810 7488 5211 1820 209 581 6977 7476 4367 639 5764 5772 2922 6344 2691 3036 7946 7448 3291 5299 5800 5029 7649 7621 70 5720 9424 8972 7598 2298 9016 3871 5390 223 2042 6137 1326 9771 6663 1877 5936 6107 3597 4886 489 6885 5284 2751 7927 4184 6524 7307 1660 2228 9802 2450 6530 5799 4259 7739 5269 3488 8962 1072 3180 3364 203 8417 4850 3862 3443 2467 8139 7303 2692 3567 533 8592 5551 3830 2167 9548 7836 4084 3775 6458 9711 1500 9854 2531 6847 9871 8672 4934 95 395 9670 7735 8153 6791 7190 7125 4130 4021 3451 1581 5222 761 3760 8947 3366 4090 2080 7539 6703 9732 3554 5759 2271 1950 5334 5178 6494 7327 3297 493 325 842 9901 1551 5104 476 6649 9734 19 8693 5634 2709 8559 4267 8152 4393 1149 7124 327 9518 893 7304 381 1437 9239 3168 613 6150 6429 5166 9124 7927 6196 5172 3304 738 8246 8178 8090 5279 9991 4103 677 7377 9072 6073 9884 6765 597 9553 6475 309 9032 4696 8915 5196 916 6644 3105 1891 7625 5679 2034 5673 3833 2627 906 5388 1801 5287 9136 6253 5955 3583 3458 1481 1237 7631 4167 5103 9706 9476
2407 6741 4839 3767 2937 5860 582 2860 364 6426 4 806 353 451 7282 7643 2443 1737 2033 5483 5700 6375 5438 4422 4477 9736 7553 2549 9748 0 2514 728 945 2667 1413 4039 7324 1143 1936 6937 7909 246 8086 806 4056 8142 8028 8099 5183 5597 8306 6110 4354 1770 7544 340 131 4686 4571 3043 6072 5635 6039 6498 5665 7005 9243 3231 1589 81 2615 8565 456 7523 8582 4612 8114 9746 893 1557 3931 1808 8440 373 1760 3960 70 7975 7946 1219 861 546 9130 5630 8024 5080 2003 4532 619 2484 6658 2675 1634 9897 227 661 5112 6761 3524 4917 1728 1683 6514 3483 2465 1611 4551 2674 6277 4259 993 8453 120 8244 4900 7622 1694 9779 3118 8316 6467 8767 7992 7235 2668 649 7494 2290 7009 1261 9382 4792 3702 7261 6230 6230 5454 7380 8555 5376 4852 9383 518 6961 5301 9322 1881 5458 5460 4395 8903 9471 8960 2537 8325 5853 8532 6108 4036 4230 4593 3316 2298 6641 2060 3705 6395 8028 6933 7082 3245 2618 7594 93 1174 2637 8971 6708 5008 1077 3029 6579 4290 5697 3818 5856 239 5379 7381 7053 8792 4038 7018 4407 1314 43 76 6821 4014 1651 3919 8412 675 549 8157 4166 4326 9517 9760 4341 7712 9649 5704 9031 3977 2604 4358 4980 6620 3112 4565 2583 5146 9734 6969 6797 9795 3958 7528 6338 530 9405 661 9815 3802 3433 4059 1309 6137 8970
9996 4286 1982 2964 7545 695 8043 8497 8536 2418 5425 578 5538 139 2010 1504 4320 8620 3647 5576 9868 9912 2917 4633 5743 8672 9450 893 1253 2514 0 129 8296 43 7509 3048 2715 83 8343 540 7217 9076 4944 2106 2950 2992 2029 9162 6499 2692 2979 5747 3412 6742 6976 9459 5691 2479 383 5826 5928 1291 9494 5095 5395 3138 1356 2933 7777 8291 5591 2343 2058 477 5715 6887 4528 3950 7056 4430 8568 582 8809 7760 2778 8263 9497 4938 6083 8931 366 5203 5385 7804 5329 8900 1625 2327 8845 9396 449 2500 2962 7411 3785 3861 928 1461 6711 7024 8040 8815 3850 9431 7922 643 1380 3401 1714 5500 8136 2516 6217 5631 9555 6010 9000 648 2944 8629 493 5375 2436 112 4547 5015 8127 9989 4497 9909 3658 1545 1765 8639 756 1489 7012 9981 1226 117 5487 5130 5324 1919 1071 2601 6582 1689 344 1735 1469 9851 3105 3503 9868 3515 8791 8623 4236 3286 1178 9967 4944 6722 8988 66 136 3123 5871 9922 4416 4962 4116 769 6006 6739 4366 5144 1281 8305 8116 7361 9457 1168 7953 3903 1380 1269 1252 6144 5523 976 8055 8651 3270 4608 9888 593 992 9506 8191 5266 1555 7896 7001 2273 4984 2202 8154 4233 5341 4281 6126 4359 1326 9822 1869 2202 8222 2542 5667 375 5830 4040 3161 3917 1709 6516 8326 5168 9017 7840 4312 4084 201 4632 5299 7457 101 492
474 5353 3383 5972 561 3128 5201 5512 7843 2205 1347 5171 8970 4407 5065 9250 9182 4554 7564 5314 5838 1238 4747 949 3336 9286 5575 2326 3032 728 129 0 3971 2772 4496 521 9507 7857 244 8166 5601 837 4104 7985 8243 3263 2797 559 3026 7319 9174 6561 1220 3988 5914 5627 4555 1345 8744 9204 208 8097 2127 2350 7645 3787 8561 5099 4282 5069 8461 6820 9812 4917 6660 5116 2611 8050 2465 5557 9900 4576 5828 1493 3586 2212 9529 6141 6095 9681 2818 3175 2594 4729 1039 4762 4382 1262 359 67 1093 905 3899 5561 2318 5018 5701 7789 5274 9843 9314 4054 7918 4801 3156 1651 4783 9330 8909 8907 3115 9532 3104 5665 7664 2208 8592 2862 4295 6292 4806 1618 4123 778 198 8279 2730 755 4384 7101 6374 7344 9729 8295 7171 5335 516 6849 2546 4678 1898 8637 2189 2262 2699 2337 8491 879 8058 5410 9270 4439 3931 1529 7070 4857 9769 9163 9380 9827 4931 329 2995 5542 3479 3258 6997 4484 9134 7382 2864 3084 1451 9629 2009 2950 8049 1201 9239 4061 4340 8008 1482 9298 9777 5392 8483 1713 7145 125 3854 5216 2210 3658 5855 6584 2686 7726 5910 1678 7250 5116 1002 8783 8075 5499 3308 9300 1547 9531 5123 8222 9208 6362 9648 7438 7258 4430 2773 6873 2293 6733 1049 8005 8656 2315 9728 594 4861 5153 4920 9528 2475 5029 2270 8745 5689 3475 5754 8649
