100
0 7021 9356 8748 4543 6100 1095 9160 6813 3206 2469 9932 2183 8339 5137 1002 4330 8943 183 3648 3091 4349 8323 8084 9844 6366 3606 4870 1409 8373 9465 976 7166 5 9630 6279 3274 503 3023 6199 2615 8719 1551 3673 5295 8609 5150 3070 5786 7073 6198 3499 1111 2879 1565 8077 8818 6332 7807 3058 5090 6541 797 8164 9990 8560 7705 6254 7396 6166 6373 6022 1242 5108 8622 4513 3558 6494 569 6417 849 7517 802 8871 569 7887 2030 146 7979 5571 1996 137 6512 1295 7919 6885 7724 7051 3075 8964
7021 0 5285 4679 8162 2903 5226 6725 194 7462 7082 7896 7687 7886 1812 7770 8085 1484 4829 296 1260 3520 8233 6466 344 6612 3406 7252 7739 6275 5856 5705 3885 5377 4002 5492 3053 3581 9223 4668 8315 2735 6232 7142 2440 2606 7703 9172 6750 8415 31 9378 9213 5368 8732 1297 9709 1314 9646 3996 2504 817 5211 2669 1721 8154 7193 8902 1962 2060 3838 6393 3723 1789 4799 1525 9365 3662 8580 6092 2345 2002 211 849 781 1843 7681 6921 4976 4682 3700 8652 6516 1467 6491 908 7124 9956 6409 3874
9356 5285 0 5393 8760 7169 6103 2132 2246 9462 8410 4308 1191 4394 8145 5601 2253 306 230 5191 613 9314 7312 8809 2256 3935 3540 2115 3427 6767 471 2810 917 1995 1600 9242 9195 2488 1852 3432 1174 6892 5886 6179 3155 712 4778 2541 4628 691 3487 2575 8815 8889 7327 2963 8091 6825 3069 3448 717 7713 9710 5653 7449 1909 9651 6868 459 8693 4223 4296 8251 5923 8783 8840 5108 7083 6218 5978 3290 8756 1409 2473 112 2342 3944 794 5595 552 6736 6353 401 9042 144 5998 9286 4329 2540 9725
8748 4679 5393 0 9734 1123 3262 1011 5707 7613 6701 6728 3229 1542 5402 7908 1022 6819 8228 4681 7574 4379 656 4375 6109 3642 7811 6310 869 1054 5892 5273 3283 1529 4743 3416 7580 2908 8451 7225 3756 4200 1491 7751 6962 6567 8553 8195 9086 2998 1813 1643 494 9686 7738 8985 9176 3268 1948 3242 9310 6443 7156 9088 133 4228 6975 2774 1019 2687 9909 5826 3135 5905 2400 1260 7821 4773 2274 8839 9492 3351 2366 9570 569 5189 7723 4116 6019 4195 4867 5942 7854 9229 4435 5495 2094 9713 1649 8870
4543 8162 8760 9734 0 2910 2580 2398 9505 1767 6485 5869 1380 2254 4651 172 6667 5651 3095 1253 3467 1608 2672 9248 9664 5143 4461 3618 2465 3792 873 3906 6147 3087 5299 6364 938 9130 8359 8062 6259 4887 4873 39 8122 1077 8870 6079 5639 6699 6433 6884 5068 7045 5352 1956 5677 9633 4931 7693 8627 921 8158 4582 2707 3973 4051 7186 7208 1578 2351 8997 9554 8825 2066 9285 2243 3793 6753 8167 9683 6958 1589 8111 6876 9067 8194 8422 4788 6878 278 6492 8889 3423 3271 1312 2904 2790 1412 8370
6100 2903 7169 1123 2910 0 1462 3207 5620 9707 5038 3502 7486 4091 8153 7888 5358 3092 6815 1234 9339 3631 7978 8379 8836 7625 7148 9929 2447 5152 3790 8607 2160 2966 868 561 9234 2151 6001 6709 5780 8000 1572 3837 8227 9051 7506 8281 9070 1771 6859 9078 4738 5020 1882 7645 4461 1464 9518 3953 2383 9626 7331 2080 6819 6952 4468 8417 7544 6142 9647 4526 7714 8330 5583 5533 2019 9647 4249 9111 2084 8059 2332 9363 985 3364 8230 1528 5463 2858 9543 4935 6623 1361 1133 1707 6207 9311 6187 1963
1095 5226 6103 3262 2580 1462 0 7465 7588 1651 1807 6327 8992 9739 4561 3964 9049 1769 3673 5064 1464 3942 8744 8656 5012 8751 6781 4741 5687 8765 5474 5708 7197 5115 1148 2998 7590 8848 1099 4400 4079 2520 7431 7585 1290 2387 4529 4416 9164 5323 616 9676 1451 5418 2342 6554 7144 8650 7175 1842 2871 867 8051 7843 9831 4073 4098 7689 4238 1492 5152 3657 9930 7533 7578 7831 7478 2266 2401 2517 6098 1399 1225 4061 9827 8315 8214 391 1751 7967 1822 2134 844 7856 4648 1979 1765 7101 3 1121
9160 6725 2132 1011 2398 3207 7465 0 1624 9109 5005 3276 2357 3734 8907 2681 9769 9090 2977 6575 2096 9066 4913 8606 1362 6994 588 6361 2936 1247 9508 1390 4688 2146 6374 6419 8502 7670 5717 7055 2146 3575 9395 9854 5157 9632 2191 1445 4825 5099 4148 2269 8516 5870 6149 5948 2579 8256 1460 3254 8855 6864 2130 9609 250 6610 7427 609 561 429 5391 9053 5291 5639 9670 3481 2859 6006 4643 1007 4234 2754 5303 341 1864 2530 2627 9070 3868 8476 1068 1236 6772 4854 8179 6220 9484 9937 5551 6805
6813 194 2246 5707 9505 5620 7588 1624 0 1588 3263 8793 8332 9416 1575 6820 4986 312 5471 3209 3880 6536 1880 3448 1145 697 5625 2465 771 7424 270 8496 1500 3118 4669 5708 6790 4263 9105 3677 2902 7021 6305 4450 6132 5694 7972 2005 686 3699 963 6021 2214 4007 8742 1075 3991 3889 6868 7950 9178 9523 8545 5731 2965 4144 9192 6156 5851 6943 4741 5564 9984 7647 7928 9892 744 5626 4888 3298 2802 3580 6498 4592 9080 3301 7829 3721 2645 1696 371 9255 7859 6766 7428 2629 7435 8849 8883 5419
3206 7462 9462 7613 1767 9707 1651 9109 1588 0 1369 2490 8032 6525 4797 3126 4854 6199 527 5512 2074 1909 6228 6713 3658 4777 7285 9735 3663 8285 8964 5973 6753 6875 1883 530 6444 9123 3828 2057 7007 2923 325 8114 3537 9565 5606 3583 550 5 8725 2881 3652 7038 4095 6967 2326 1291 7571 6561 2306 1678 3428 2648 4052 9680 9720 7711 8046 866 1540 7008 8411 4078 6736 3548 2232 9229 9777 687 5558 8772 7611 2822 4323 1520 5322 6654 6469 7453 7035 7415 790 8570 8247 9875 37 9083 2583 5696
2469 7082 8410 6701 6485 5038 1807 5005 3263 1369 0 9641 8395 6457 3118 2629 4219 4824 4799 8177 6659 1725 9551 4339 5201 809 7676 4503 3909 6635 5299 9600 9775 4170 7062 3598 6297 9660 3318 9052 2272 253 9946 2880 6880 2379 1817 4372 8028 7964 4602 6317 1084 2550 2257 6289 2047 1187 935 984 372 9066 5153 4457 7365 3116 617 9187 7590 2936 9259 315 1473 9065 1614 2984 4510 4213 6738 925 2774 9168 2121 7818 5065 2892 8806 3142 756 3197 7639 8666 446 846 9420 6406 3844 3779 5815 7041
9932 7896 4308 6728 5869 3502 6327 3276 8793 2490 9641 0 2951 6577 6721 4773 783 8285 4408 4056 4832 2557 6699 2781 2555 1357 7807 2356 1916 1819 3180 6901 300 2799 2 562 7273 1982 960 1566 4771 1866 9454 3806 772 8576 4472 2547 5162 2 3049 8362 1826 1194 229 7394 2109 5952 1108 4280 2731 5883 8071 9699 3164 6588 7764 874 8543 9461 33 1328 3420 3928 6894 7751 1237 1807 4579 6936 5604 1394 2554 9308 3351 3082 9364 7618 4708 4102 6776 9140 8152 2784 919 7454 6130 7842 3472 2815
2183 7687 1191 3229 1380 7486 8992 2357 8332 8032 8395 2951 0 5520 2257 861 8247 5535 4513 2996 8512 8868 7414 6704 6468 576 7555 9882 6013 3329 191 8440 6870 7570 4209 2881 5241 6568 1720 5087 6885 7903 3942 7925 1944 4310 4776 5672 7902 6941 2281 3941 7802 8326 5868 6154 9383 6392 939 7038 6565 8761 4890 1319 9090 5461 6791 6255 2676 1445 7893 3662 9974 9243 467 4103 1425 2233 9136 266 5499 3457 2596 6803 5766 9856 9590 4630 5489 6589 6434 1341 3566 8857 8436 180 5904 1081 8756 925
8339 7886 4394 1542 2254 4091 9739 3734 9416 6525 6457 6577 5520 0 925 2396 7153 7821 1096 1262 219 9537 9343 1501 6262 8643 9604 3393 9983 4457 7356 1313 8768 6221 231 2394 9708 5814 18 8839 4256 6866 6245 7973 9418 2080 7399 9868 7378 6533 3738 2989 3800 6282 6270 2737 5930 123 5606 9132 468 7609 3378 7064 2213 4749 2415 2502 8279 2730 7354 8686 2086 1118 8865 5771 6318 9063 2343 9088 9785 8695 4283 4067 1939 9320 4849 4731 1739 3177 7255 6040 391 7371 4571 7881 2073 8828 3281 2057
5137 1812 8145 5402 4651 8153 4561 8907 1575 4797 3118 6721 2257 925 0 2971 3085 8966 6666 4115 9410 1897 2583 237 6987 8621 4333 9269 981 7410 9711 4821 3448 8527 5545 7508 4045 4298 4505 7266 4472 2443 9785 7436 9630 9836 5897 7933 1471 9959 6966 8298 3236 6655 3387 9774 9331 1635 1619 6749 2374 3162 2757 2268 6279 2190 980 6613 8752 2787 7837 9703 3944 3854 8394 256 929 7755 5146 1101 3148 5660 7756 9842 5841 2973 4550 8526 1941 149 4295 4491 8315 621 9768 7141 8840 3976 2738 163
1002 7770 5601 7908 172 7888 3964 2681 6820 3126 2629 4773 861 2396 2971 0 7445 1728 6564 6645 5408 2153 8691 3373 461 2829 5727 8663 7474 8499 9889 6064 7201 2623 5314 1764 9834 5452 1077 8727 5640 6453 7524 5010 5697 7816 7178 2390 834 1546 5172 519 7234 8594 2835 2859 4810 6544 4796 2741 7576 6736 4477 8261 3328 9422 8705 4807 8265 5554 4086 3254 5224 2243 7369 190 8254 1517 7576 2140 185 4567 8150 214 3582 6725 9406 2449 8599 334 8378 5134 6354 1636 4345 4979 3705 1067 2099 7669
4330 8085 2253 1022 6667 5358 9049 9769 4986 4854 4219 783 8247 7153 3085 7445 0 153 530 4443 9015 4728 8469 8003 1128 4234 9539 2988 861 7904 4938 7654 5047 3738 8572 5911 1996 9833 2086 4761 4724 5729 6024 4867 654 5378 5573 2330 6536 1739 1359 1632 2470 6414 790 7982 4020 3051 9331 2985 2621 5029 3478 1652 8357 8675 171 9997 4497 2234 3092 5434 1374 1551 6952 7081 132 9831 7113 5411 7218 5482 2107 5296 4020 5553 1833 5053 983 494 2636 2480 4691 1542 8177 6207 864 2595 3581 3346
8943 1484 306 6819 5651 3092 1769 9090 312 6199 4824 8285 5535 7821 8966 1728 153 0 6679 2116 5543 3639 7082 2002 8604 3361 1868 4235 4164 5024 8997 7743 7641 9128 1561 8793 6571 6411 4481 6254 3 1055 6354 7719 116 2243 9886 8709 5555 7307 6642 9320 8003 7211 8840 6868 82 8682 6747 7539 3155 1312 2759 7984 2954 7655 2507 6039 4788 2341 7136 6801 6991 7068 4303 7147 4474 7261 1835 8386 8104 6231 8629 1388 4727 3642 9327 1597 4197 5711 8037 1134 4121 7602 2226 3998 1393 2630 2713 8522
183 4829 230 8228 3095 6815 3673 2977 5471 527 4799 4408 4513 1096 6666 6564 530 6679 0 6601 2281 3512 6458 3335 6512 7321 2718 2938 8274 1696 7245 4384 6481 2611 8221 1624 4993 5159 9337 1682 972 1803 4640 7523 4157 4227 4827 1597 4324 5745 9247 3244 1723 1132 2363 2917 393 3287 1235 4639 913 4469 318 9510 4055 1919 4889 5796 2356 1700 7206 9121 7200 5762 4509 2972 2298 5108 5676 5666 7887 4764 7098 6376 5717 8307 3673 7850 5543 3057 1262 2320 8456 5222 1697 3427 790 3737 3006 9100
3648 296 5191 4681 1253 1234 5064 6575 3209 5512 8177 4056 2996 1262 4115 6645 4443 2116 6601 0 2891 6895 8903 8370 4686 3093 750 7514 6991 8549 9153 1038 8221 3033 174 6786 5076 6206 6354 3692 2784 1865 8253 4835 4096 8862 5462 2377 4746 1561 2138 7722 3126 8416 7493 7598 4694 4560 4821 8697 6501 7369 8718 5396 151 1863 4575 8123 2448 9969 7581 6461 9683 287 2458 1360 9191 2215 9009 2448 1133 999 6097 4695 6387 3882 216 4319 6042 226 940 301 8167 3387 2452 2999 908 796 5316 6648
3091 1260 613 7574 3467 9339 1464 2096 3880 2074 6659 4832 8512 219 9410 5408 9015 5543 2281 2891 0 7543 1264 9375 5542 1948 9705 616 4587 1061 5268 7540 4125 3453 4354 7578 3980 5114 3518 6681 6504 194 760 9708 4471 4603 1443 848 2852 5424 2775 3622 4731 3350 2113 8374 1422 1396 8576 5549 1443 1754 2231 8127 2909 777 76 2646 9961 7066 5817 7586 5868 6327 8620 4034 8221 5163 4591 62 1916 8759 4425 265 5145 3026 2334 9548 511 8863 5019 2024 1701 9260 7769 6736 1231 3083 6839 629
4349 3520 9314 4379 1608 3631 3942 9066 6536 1909 1725 2557 8868 9537 1897 2153 4728 3639 3512 6895 7543 0 5827 3355 6401 658 9357 8357 4617 3947 317 9547 4452 2837 6585 8638 1256 5779 6718 2367 6165 9821 7011 747 9208 4671 9638 4847 4375 6603 3228 4496 7200 936 8554 4605 7163 460 1047 2050 3347 6664 5399 6226 9878 8688 8566 6559 9598 9934 7496 7518 6523 9000 4083 1733 3637 2071 9652 7299 6338 5076 8567 7305 5314 2464 7187 1760 8810 9957 5249 2594 6830 6147 220 8671 3547 1166 4400 7998
8323 8233 7312 656 2672 7978 8744 4913 1880 6228 9551 6699 7414 9343 2583 8691 8469 7082 6458 8903 1264 5827 0 9138 184 8691 1903 4630 8917 1025 1576 6735 9694 1734 8811 1037 2546 6094 6467 3144 4974 1830 710 4643 6496 6282 6676 2069 2860 5270 7178 34 2387 6941 8167 7192 6521 5360 8751 3948 4775 4341 7351 1482 2266 9474 8026 2033 1996 1926 1125 645 3764 4049 5597 3694 8599 8637 1661 7757 2218 6901 5450 6499 2061 7873 627 8304 8094 3984 2592 4500 5876 4971 8435 2358 2418 189 8774 1223
8084 6466 8809 4375 9248 8379 8656 8606 3448 6713 4339 2781 6704 1501 237 3373 8003 2002 3335 8370 9375 3355 9138 0 881 9804 7052 9471 4517 4230 4325 3922 3214 5377 2191 6196 6903 5133 4621 7351 8154 6736 729 4 8972 3632 6745 2464 3911 8508 4672 6373 2644 1780 5535 5288 8188 890 2191 3214 7052 7472 9100 3904 605 4803 9583 6367 6912 4380 5791 2748 1730 9838 9255 760 8700 9272 1315 8522 9069 1631 5250 7453 2277 2042 497 1978 8069 6933 6710 2960 7325 9885 3720 2000 9081 5240 8167 5590
9844 344 2256 6109 9664 8836 5012 1362 1145 3658 5201 2555 6468 6262 6987 461 1128 8604 6512 4686 5542 6401 184 881 0 3086 5767 1347 4697 9759 9324 2239 166 9410 4503 7463 853 1134 2479 7070 3306 4147 8866 7167 9586 9107 9467 9819 3948 1232 2758 6253 1391 2277 7009 3782 9360 407 5436 6774 3555 424 8116 3827 5160 9940 3777 8004 615 3134 6420 4185 1024 2131 1001 679 1918 5584 5130 9456 7858 2029 7388 6932 3323 3758 9977 5172 2681 4443 1109 2564 8410 3440 1478 5123 1612 9640 1257 2221
6366 6612 3935 3642 5143 7625 8751 6994 697 4777 809 1357 576 8643 8621 2829 4234 3361 7321 3093 1948 658 8691 9804 3086 0 4846 7336 2751 9067 9487 587 3283 5152 4926 9224 8618 943 9591 5783 2100 1620 5577 4327 9294 868 7385 603 33 5766 7441 8393 7621 3855 1042 6010 2639 319 7581 6573 3454 3058 5025 8321 2893 3627 5 2761 3817 1659 3267 1728 1446 417 6692 2080 1277 3943 8355 1550 6248 2908 902 716 5434 708 3627 2683 870 8684 2949 378 355 7841 187 7381 4319 8199 5363 8887
3606 3406 3540 7811 4461 7148 6781 588 5625 7285 7676 7807 7555 9604 4333 5727 9539 1868 2718 750 9705 9357 1903 7052 5767 4846 0 9832 2513 1485 5274 3581 9103 5135 5801 9375 7374 8500 7376 9136 9250 5280 6251 4493 9478 377 9266 426 6948 4258 802 2366 1779 8120 5589 6123 8499 7894 4378 875 2826 8776 8907 3105 633 4804 3603 3992 6892 1129 3367 5358 7315 7106 2005 5018 1545 8595 6521 9830 3716 9953 1743 4752 6290 2710 6828 5824 1747 3153 410 6035 6418 9760 5557 9555 476 2736 9149 1669
4870 7252 2115 6310 3618 9929 4741 6361 2465 9735 4503 2356 9882 3393 9269 8663 2988 4235 2938 7514 616 8357 4630 9471 1347 7336 9832 0 8312 1925 4232 5805 174 7742 6787 4728 9744 6947 1659 1591 7387 5522 7056 4488 9314 828 9010 2928 5057 8381 1457 7863 5154 7040 7860 192 6181 3484 5307 9853 6389 955 2280 1952 6199 2958 1358 5764 9294 4302 4754 9920 8200 924 4595 1301 8510 8314 8072 721 4108 3656 2563 7018 997 9896 4964 6268 8511 1977 6174 2907 9279 431 3885 832 4904 6923 7692 7205
1409 7739 3427 869 2465 2447 5687 2936 771 3663 3909 1916 6013 9983 981 7474 861 4164 8274 6991 4587 4617 8917 4517 4697 2751 2513 8312 0 8077 7304 2652 2462 1002 6606 2443 1456 987 5225 9462 5732 9376 3566 2398 8269 5110 3695 6910 1298 6527 3603 3663 4970 5296 3600 432 2943 3401 1048 7459 2042 4860 4468 2756 8369 1358 7639 211 4367 2791 4847 6403 5706 9802 4397 8275 3497 2762 1153 3307 2455 2196 5728 7577 2446 3001 3261 3800 470 3035 2479 2122 5272 4520 134 3523 7133 2514 1008 190
8373 6275 6767 1054 3792 5152 8765 1247 7424 8285 6635 1819 3329 4457 7410 8499 7904 5024 1696 8549 1061 3947 1025 4230 9759 9067 1485 1925 8077 0 4006 2697 6319 4501 637 2649 6390 2971 5939 6708 526 8720 2255 9288 4393 6766 6139 1581 2148 9997 1270 6409 2922 7397 7381 5629 358 8516 1319 3450 3585 3972 9388 470 716 9317 5208 1033 6370 4628 45 2123 8665 4004 9447 1023 5306 8241 6530 7286 7212 417 4243 5781 9627 6998 3033 640 9987 1784 2581 885 984 6405 1717 3449 2788 5628 8934 908
9465 5856 471 5892 873 3790 5474 9508 270 8964 5299 3180 191 7356 9711 9889 4938 8997 7245 9153 5268 317 1576 4325 9324 9487 5274 4232 7304 4006 0 5975 3408 9045 8582 4678 4221 4022 8948 5487 2643 4474 747 3121 7602 7724 7779 7197 7048 3901 9465 3749 8454 7097 4867 3962 6917 5546 3237 7376 7118 6656 9803 1291 5469 285 873 8545 4668 9876 7017 5522 6158 2336 665 642 8099 8792 780 86 2392 5010 1441 5935 2573 7663 4532 8856 1616 9673 6894 8904 4926 2863 1784 7054 9442 5057 5775 3714
976 5705 2810 5273 3906 8607 5708 1390 8496 5973 9600 6901 8440 1313 4821 6064 7654 7743 4384 1038 7540 9547 6735 3922 2239 587 3581 5805 2652 2697 5975 0 6834 5225 8580 1901 7063 2256 8373 9863 5438 1362 9607 3288 2316 2708 6091 8823 2104 7072 8472 6883 9231 659 5087 7736 8372 8931 3780 2183 2039 4463 5315 9991 8367 4734 4185 2734 9623 252 4292 2357 6645 8687 8403 3093 1275 1360 3048 3146 3829 4039 7452 3502 9235 6351 5742 8536 6734 8545 3706 5650 6879 4390 9009 5782 5273 1721 1890 977
7166 3885 917 3283 6147 2160 7197 4688 1500 6753 9775 300 6870 8768 3448 7201 5047 7641 6481 8221 4125 4452 9694 3214 166 3283 9103 174 2462 6319 3408 6834 0 7417 283 4140 8521 9298 5484 2990 7525 1196 279 8799 4037 3060 6018 2850 3915 5512 4323 4584 5322 6989 9359 8012 6176 9462 1765 2352 3257 6336 1698 8566 929 5403 5183 848 7654 4446 7434 6139 1328 746 6218 5326 8766 6909 9022 6673 8988 4596 3894 4274 2367 7082 424 5866 7855 1847 2672 1603 582 78 7299 4545 2349 1954 8890 7071
5 5377 1995 1529 3087 2966 5115 2146 3118 6875 4170 2799 7570 6221 8527 2623 3738 9128 2611 3033 3453 2837 1734 5377 9410 5152 5135 7742 1002 4501 9045 5225 7417 0 5656 9254 7087 4503 2360 2858 3063 2377 5662 7095 1562 6564 4773 8748 9394 8547 1423 3477 8114 6087 1627 9223 7252 2326 2064 6637 8410 8127 7714 2168 1033 551 1581 6332 521 978 1189 5997 7072 307 7431 4581 4874 1426 7632 299 2039 9557 1127 7029 7020 9674 9949 3202 7536 6973 5956 3623 5459 9727 1153 8080 2563 9533 2214 5496
9630 4002 1600 4743 5299 868 1148 6374 4669 1883 7062 2 4209 231 5545 5314 8572 1561 8221 174 4354 6585 8811 2191 4503 4926 5801 6787 6606 637 8582 8580 283 5656 0 8785 9979 2213 390 7348 4587 339 2911 7383 671 3187 265 7984 347 8818 6436 7801 1634 6446 6323 4184 624 777 9391 8572 7676 6918 2034 7921 2686 2129 3472 5522 7168 8789 9861 7564 3905 7698 298 1091 6937 4711 9488 5692 4856 9277 4364 179 2922 9759 5538 3641 9885 7618 4652 8151 1140 7635 6424 9335 6507 6589 8412 7601
6279 5492 9242 3416 6364 561 2998 6419 5708 530 3598 562 2881 2394 7508 1764 5911 8793 1624 6786 7578 8638 1037 6196 7463 9224 9375 4728 2443 2649 4678 1901 4140 9254 8785 0 2424 4037 1761 2879 8771 2141 6933 4847 8683 4154 2375 1553 9673 8001 5817 7303 857 3596 3131 7095 6704 9252 204 355 6531 2037 4043 7963 1143 9657 8696 4333 7206 1790 6041 801 1338 7509 2586 4654 372 6409 2816 4890 1277 5702 7925 1675 8512 7963 8848 6305 1993 8370 9761 6731 7411 9264 9618 6092 2966 6123 1957 9483
3274 3053 9195 7580 938 9234 7590 8502 6790 6444 6297 7273 5241 9708 4045 9834 1996 6571 4993 5076 3980 1256 2546 6903 853 8618 7374 9744 1456 6390 4221 7063 8521 7087 9979 2424 0 8359 6050 907 3664 3710 2798 5437 2790 2351 7762 2516 3654 2251 1538 2102 648 5633 8212 5297 1448 2434 6112 2119 8902 6931 2583 4044 4276 6160 8003 5068 3494 9609 3375 3520 2963 5540 9844 6964 4366 4414 8795 6997 9412 7084 9534 6246 5309 7831 5390 3957 2382 1587 5297 4259 9728 8265 334 6550 7431 8600 4268 3577
503 3581 2488 2908 9130 2151 8848 7670 4263 9123 9660 1982 6568 5814 4298 5452 9833 6411 5159 6206 5114 5779 6094 5133 1134 943 8500 6947 987 2971 4022 2256 9298 4503 2213 4037 8359 0 7601 707 7547 6908 7304 5818 110 978 6367 6786 7192 7846 6639 1015 8822 6733 3736 9721 5339 3344 2425 7258 353 5463 8248 2406 7711 8658 1217 3873 3001 4253 678 5695 4192 6458 3740 6870 1713 1939 8119 8348 9297 7901 7925 1345 7614 1860 990 6546 2430 1398 5647 2877 8542 6783 6406 2091 3636 1240 2111 4902
3023 9223 1852 8451 8359 6001 1099 5717 9105 3828 3318 960 1720 18 4505 1077 2086 4481 9337 6354 3518 6718 6467 4621 2479 9591 7376 1659 5225 5939 8948 8373 5484 2360 390 1761 6050 7601 0 1653 7952 2839 7601 366 1351 8777 719 4013 4311 9582 2233 648 2819 3176 1885 8716 8638 302 7341 3533 5229 831 4141 4612 4628 2447 7911 6917 6965 2661 642 480 2850 7817 118 1225 1595 2180 8307 8642 5016 2769 9400 3709 1603 9586 7200 7419 6893 1997 7421 4951 6413 2495 8623 6822 2388 6452 5427 6556
6199 4668 3432 7225 8062 6709 4400 7055 3677 2057 9052 1566 5087 8839 7266 8727 4761 6254 1682 3692 6681 2367 3144 7351 7070 5783 9136 1591 9462 6708 5487 9863 2990 2858 7348 2879 907 707 1653 0 4515 3157 6280 1469 9746 4563 2314 9201 9408 9912 9881 2742 5065 1171 4297 3738 1784 6066 8826 8465 523 6717 6832 2031 1049 5616 9925 3407 8910 7144 4911 5233 9905 6132 8524 6387 352 8423 8625 703 8799 6658 2253 8120 309 7496 8575 7759 2771 330 5620 6928 6908 7583 311 1880 144 7410 5341 3991
2615 8315 1174 3756 6259 5780 4079 2146 2902 7007 2272 4771 6885 4256 4472 5640 4724 3 972 2784 6504 6165 4974 8154 3306 2100 9250 7387 5732 526 2643 5438 7525 3063 4587 8771 3664 7547 7952 4515 0 7879 4008 3979 8686 7298 9765 568 1464 2558 5535 2905 7964 8581 4307 9008 5326 2166 7935 3495 7824 6971 8078 2772 5334 4883 758 5431 8165 4403 7394 3985 1830 4097 6967 9817 2728 6511 2154 9523 9843 8340 8222 8929 3479 8838 999 5732 7272 4628 4110 6103 7100 8883 4217 354 4905 2821 7535 5510
8719 2735 6892 4200 4887 8000 2520 3575 7021 2923 253 1866 7903 6866 2443 6453 5729 1055 1803 1865 194 9821 1830 6736 4147 1620 5280 5522 9376 8720 4474 1362 1196 2377 339 2141 3710 6908 2839 3157 7879 0 1171 8734 9192 9062 9739 2881 3651 3708 5176 5091 8594 1229 8044 2786 1260 4414 7563 5279 2699 9555 1643 7145 7614 8897 5518 3574 7630 4102 4293 7864 7394 9449 7302 1898 2032 5491 9949 7598 3040 3326 1872 6788 51 7111 4211 2017 8480 1232 4145 4828 6874 1163 2138 7154 1033 4604 1794 7535
1551 6232 5886 1491 4873 1572 7431 9395 6305 325 9946 9454 3942 6245 9785 7524 6024 6354 4640 8253 760 7011 710 729 8866 5577 6251 7056 3566 2255 747 9607 279 5662 2911 6933 2798 7304 7601 6280 4008 1171 0 1023 6704 7139 6194 6215 6317 3797 1466 9285 323 6525 8488 5609 4180 8447 5672 1008 7601 5199 7144 6414 1081 6480 1 3230 5866 9913 8844 323 9842 1292 7178 2475 3839 6510 3499 2450 577 2570 3982 2575 222 5442 3008 536 1093 6271 4950 8288 4867 9407 4495 195 8563 2264 8725 5882
3673 7142 6179 7751 39 3837 7585 9854 4450 8114 2880 3806 7925 7973 7436 5010 4867 7719 7523 4835 9708 747 4643 4 7167 4327 4493 4488 2398 9288 3121 3288 8799 7095 7383 4847 5437 5818 366 1469 3979 8734 1023 0 9108 5323 6143 9524 4514 4317 1743 1230 8025 2650 2659 3510 6611 3201 7579 1419 5451 8430 423 4111 4235 5690 8256 8548 3376 5662 1342 2488 257 254 4644 6028 3739 2779 7285 7710 400 5615 3765 8711 135 8258 7643 370 2394 9906 4936 1955 8239 7509 8335 8016 4484 4671 2446 1116
5295 2440 3155 6962 8122 8227 1290 5157 6132 3537 6880 772 1944 9418 9630 5697 654 116 4157 4096 4471 9208 6496 8972 9586 9294 9478 9314 8269 4393 7602 2316 4037 1562 671 8683 2790 110 1351 9746 8686 9192 6704 9108 0 2909 2566 8877 398 2737 147 5404 7124 5431 5967 5352 3626 1768 5041 7774 7685 979 8010 817 8068 2204 6418 4755 6312 9394 5528 3183 4685 8304 864 6015 159 6301 1751 2850 9276 1772 9737 6282 803 3734 8535 9526 9839 7892 5010 8458 1782 2157 9170 9816 2707 4957 8658 9422
8609 2606 712 6567 1077 9051 2387 9632 5694 9565 2379 8576 4310 2080 9836 7816 5378 2243 4227 8862 4603 4671 6282 3632 9107 868 377 828 5110 6766 7724 2708 3060 6564 3187 4154 2351 978 8777 4563 7298 9062 7139 5323 2909 0 3274 4567 2464 9487 2090 8436 2198 1373 5900 8541 5855 3084 9581 7866 1011 1756 6198 4385 3960 8524 5743 706 9117 4010 9712 7163 9379 7068 606 871 9570 4787 5142 8893 130 8335 7812 4196 2614 9919 6595 8784 5307 1061 2021 8748 1581 7090 854 1439 3468 5866 6992 9863
5150 7703 4778 8553 8870 7506 4529 2191 7972 5606 1817 4472 4776 7399 5897 7178 5573 9886 4827 5462 1443 9638 6676 6745 9467 7385 9266 9010 3695 6139 7779 6091 6018 4773 265 2375 7762 6367 719 2314 9765 9739 6194 6143 2566 3274 0 4651 6670 8580 7647 9689 7776 7427 2543 9396 2343 4667 5487 2830 3809 732 5849 9517 9826 8409 5695 1516 1510 3665 2829 8045 2737 7867 773 3203 1726 3549 2359 7221 8651 4963 959 5440 2076 8336 8406 713 1853 7288 3024 9387 6076 322 7632 8443 4399 8581 3212 3716
3070 9172 2541 8195 6079 8281 4416 1445 2005 3583 4372 2547 5672 9868 7933 2390 2330 8709 1597 2377 848 4847 2069 2464 9819 603 426 2928 6910 1581 7197 8823 2850 8748 7984 1553 2516 6786 4013 9201 568 2881 6215 9524 8877 4567 4651 0 6870 1495 4631 6102 3361 962 6320 6856 8337 6096 8524 8269 6489 6411 8465 7992 8168 4258 2742 1150 9447 8637 4809 6631 4223 7534 2464 9574 7938 1284 4401 8760 8649 3181 7678 7263 7186 1467 2430 2415 5111 4485 8197 5205 9780 3567 5117 5879 8120 5755 6521 205
5786 6750 4628 9086 5639 9070 9164 4825 686 550 8028 5162 7902 7378 1471 834 6536 5555 4324 4746 2852 4375 2860 3911 3948 33 6948 5057 1298 2148 7048 2104 3915 9394 347 9673 3654 7192 4311 9408 1464 3651 6317 4514 398 2464 6670 6870 0 7143 1558 1432 2755 2850 5451 530 6152 2706 8955 5325 3011 2923 3550 6682 6957 1639 2641 8079 6035 6297 5431 3933 2129 8697 9175 3198 929 1309 8133 4346 2079 6098 4093 7942 7764 2215 5355 4 8518 720 6873 1480 3748 729 6635 9449 251 2183 8570 7070
7073 8415 691 2998 6699 1771 5323 5099 3699 5 7964 2 6941 6533 9959 1546 1739 7307 5745 1561 5424 6603 5270 8508 1232 5766 4258 8381 6527 9997 3901 7072 5512 8547 8818 8001 2251 7846 9582 9912 2558 3708 3797 4317 2737 9487 8580 1495 7143 0 1108 6667 6834 1501 1034 5585 7964 9765 9255 8479 472 7111 9295 1743 6358 9948 4772 6956 756 3439 2829 9745 7961 565 1659 8426 3638 9507 6877 3230 3457 3335 4145 457 1543 2281 802 2001 3351 1368 8422 9301 397 883 165 414 820 9220 4323 31
6198 31 3487 1813 6433 6859 616 4148 963 8725 4602 3049 2281 3738 6966 5172 1359 6642 9247 2138 2775 3228 7178 4672 2758 7441 802 1457 3603 1270 9465 8472 4323 1423 6436 5817 1538 6639 2233 9881 5535 5176 1466 1743 147 2090 7647 4631 1558 1108 0 9715 1129 3676 1531 6020 8375 8211 9417 9255 8898 8837 7661 794 6652 8941 9104 238 9591 6412 8178 1767 5907 92 4201 6527 4718 8853 6846 4251 4200 4645 5507 1482 4609 7119 1655 4652 5795 4224 4190 7746 4333 6822 1900 6035 1836 8307 3963 8999
3499 9378 2575 1643 6884 9078 9676 2269 6021 2881 6317 8362 3941 2989 8298 519 1632 9320 3244 7722 3622 4496 34 6373 6253 8393 2366 7863 3663 6409 3749 6883 4584 3477 7801 7303 2102 1015 648 2742 2905 5091 9285 1230 5404 8436 9689 6102 1432 6667 9715 0 502 1908 3394 5310 8834 8374 9833 5780 6741 4230 3861 9377 8381 1064 1430 8908 5079 9497 7053 3293 6353 4541 5952 7271 8916 5853 6826 8759 6026 3973 1551 1264 1420 5275 6295 4253 2795 1964 9440 5053 5301 9594 4761 9742 8559 1087 770 8396
1111 9213 8815 494 5068 4738 1451 8516 2214 3652 1084 1826 7802 3800 3236 7234 2470 8003 1723 3126 4731 7200 2387 2644 1391 7621 1779 5154 4970 2922 8454 9231 5322 8114 1634 857 648 8822 2819 5065 7964 8594 323 8025 7124 2198 7776 3361 2755 6834 1129 502 0 6734 6269 2801 869 9939 646 1208 2018 6510 6935 3199 8001 8770 2561 4838 2330 371 9443 7359 7241 6035 4606 1094 4193 9921 7297 6210 3836 981 4526 6375 7142 1555 1967 4219 5024 4483 4078 8373 6126 5623 2229 5997 8126 6412 5718 9689
2879 5368 8889 9686 7045 5020 5418 5870 4007 7038 2550 1194 8326 6282 6655 8594 6414 7211 1132 8416 3350 936 6941 1780 2277 3855 8120 7040 5296 7397 7097 659 6989 6087 6446 3596 5633 6733 3176 1171 8581 1229 6525 2650 5431 1373 7427 962 2850 1501 3676 1908 6734 0 755 1348 4895 2016 1920 1385 6432 1512 9190 215 2106 4874 1682 4309 2944 9360 6206 6755 5823 45 4984 4264 2824 8370 4575 4172 4981 1302 6187 8697 5367 195 7318 1852 3800 697 4497 3840 8475 2206 9462 3102 657 2822 6846 8767
1565 8732 7327 7738 5352 1882 2342 6149 8742 4095 2257 229 5868 6270 3387 2835 790 8840 2363 7493 2113 8554 8167 5535 7009 1042 5589 7860 3600 7381 4867 5087 9359 1627 6323 3131 8212 3736 1885 4297 4307 8044 8488 2659 5967 5900 2543 6320 5451 1034 1531 3394 6269 755 0 1849 7642 8242 1922 356 1441 9324 7985 965 6115 5624 54 1089 3833 9858 6220 1841 1060 5437 2716 7828 183 2664 8556 1683 3475 578 8113 691 4912 2 1908 8207 3966 5647 6793 3270 1025 3876 7349 7525 7114 2719 2543 6004
8077 1297 2963 8985 1956 7645 6554 5948 1075 6967 6289 7394 6154 2737 9774 2859 7982 6868 2917 7598 8374 4605 7192 5288 3782 6010 6123 192 432 5629 3962 7736 8012 9223 4184 7095 5297 9721 8716 3738 9008 2786 5609 3510 5352 8541 9396 6856 530 5585 6020 5310 2801 1348 1849 0 7430 3697 6729 6093 403 3254 9732 5382 3382 4415 5363 7530 811 734 3105 2130 3810 8063 5594 381 649 3320 6900 6180 8530 3338 6585 9577 4767 5836 2747 3668 6068 3377 4011 9103 9788 3870 8130 5503 3261 9022 674 4446
8818 9709 8091 9176 5677 4461 7144 2579 3991 2326 2047 2109 9383 5930 9331 4810 4020 82 393 4694 1422 7163 6521 8188 9360 2639 8499 6181 2943 358 6917 8372 6176 7252 624 6704 1448 5339 8638 1784 5326 1260 4180 6611 3626 5855 2343 8337 6152 7964 8375 8834 869 4895 7642 7430 0 7624 314 2206 6000 7474 2159 1863 9331 4735 5700 8508 7818 1288 9436 5080 1517 7129 6299 7928 80 9220 1825 1574 1950 2743 6176 9898 9364 3941 6727 2773 1268 9094 698 648 1036 1373 8446 2536 8494 7467 4314 3276
6332 1314 6825 3268 9633 1464 8650 8256 3889 1291 1187 5952 6392 123 1635 6544 3051 8682 3287 4560 1396 460 5360 890 407 319 7894 3484 3401 8516 5546 8931 9462 2326 777 9252 2434 3344 302 6066 2166 4414 8447 3201 1768 3084 4667 6096 2706 9765 8211 8374 9939 2016 8242 3697 7624 0 6440 8372 4697 8119 5957 2538 4423 4165 2255 4132 2419 3447 8339 8821 7783 8506 8408 9684 2193 6229 4523 3023 3882 5874 5075 7587 8812 9730 1811 2266 1901 3517 9281 3197 6000 536 5403 6073 7964 8861 398 627
7807 9646 3069 1948 4931 9518 7175 1460 6868 7571 935 1108 939 5606 1619 4796 9331 6747 1235 4821 8576 1047 8751 2191 5436 7581 4378 5307 1048 1319 3237 3780 1765 2064 9391 204 6112 2425 7341 8826 7935 7563 5672 7579 5041 9581 5487 8524 8955 9255 9417 9833 646 1920 1922 6729 314 6440 0 2575 9637 3319 9276 5038 5944 6237 7049 9978 5898 251 3183 9291 1550 8388 6159 1324 761 3414 5152 5127 6166 2840 5157 4838 3484 7096 2860 7857 9643 1292 7484 110 4399 8384 8115 6966 610 4824 8368 5620
3058 3996 3448 3242 7693 3953 1842 3254 7950 6561 984 4280 7038 9132 6749 2741 2985 7539 4639 8697 5549 2050 3948 3214 6774 6573 875 9853 7459 3450 7376 2183 2352 6637 8572 355 2119 7258 3533 8465 3495 5279 1008 1419 7774 7866 2830 8269 5325 8479 9255 5780 1208 1385 356 6093 2206 8372 2575 0 3096 4146 1922 7907 860 6461 6083 2755 2497 446 1308 3072 6201 566 2876 6013 8830 6657 833 6434 624 6746 4669 9894 4102 6476 5039 4702 5957 70 353 9765 6634 6939 3166 7289 1239 3508 5724 9598
5090 2504 717 9310 8627 2383 2871 8855 9178 2306 372 2731 6565 468 2374 7576 2621 3155 913 6501 1443 3347 4775 7052 3555 3454 2826 6389 2042 3585 7118 2039 3257 8410 7676 6531 8902 353 5229 523 7824 2699 7601 5451 7685 1011 3809 6489 3011 472 8898 6741 2018 6432 1441 403 6000 4697 9637 3096 0 4236 1006 7798 6622 3282 5372 8431 6712 6053 8599 9231 5421 8730 1118 9884 5502 5689 7282 6738 9749 9781 210 3543 9709 2488 8695 4397 9980 977 5498 5503 1226 5923 1896 3541 9752 7689 5950 2378
6541 817 7713 6443 921 9626 867 6864 9523 1678 9066 5883 8761 7609 3162 6736 5029 1312 4469 7369 1754 6664 4341 7472 424 3058 8776 955 4860 3972 6656 4463 6336 8127 6918 2037 6931 5463 831 6717 6971 9555 5199 8430 979 1756 732 6411 2923 7111 8837 4230 6510 1512 9324 3254 7474 8119 3319 4146 4236 0 5585 2488 7223 5012 3714 7424 7697 7260 5027 1069 8671 9495 5953 2309 8953 3606 1070 6595 825 913 2055 7699 5799 8199 6762 2331 3955 3795 8875 5120 7007 3754 7742 6145 4760 7037 8078 6441
797 5211 9710 7156 8158 7331 8051 2130 8545 3428 5153 8071 4890 3378 2757 4477 3478 2759 318 8718 2231 5399 7351 9100 8116 5025 8907 2280 4468 9388 9803 5315 1698 7714 2034 4043 2583 8248 4141 6832 8078 1643 7144 423 8010 6198 5849 8465 3550 9295 7661 3861 6935 9190 7985 9732 2159 5957 9276 1922 1006 5585 0 1179 957 3932 1194 5038 4227 4217 6726 2506 3771 172 1159 128 1573 8132 5261 9585 8599 3779 9135 8789 1913 9982 9570 4005 9149 855 913 6779 4388 4941 4921 2627 6547 1979 5606 3428
8164 2669 5653 9088 4582 2080 7843 9609 5731 2648 4457 9699 1319 7064 2268 8261 1652 7984 9510 5396 8127 6226 1482 3904 3827 8321 3105 1952 2756 470 1291 9991 8566 2168 7921 7963 4044 2406 4612 2031 2772 7145 6414 4111 817 4385 9517 7992 6682 1743 794 9377 3199 215 965 5382 1863 2538 5038 7907 7798 2488 1179 0 7055 7655 9590 4915 4 4040 7998 4144 9720 342 3909 8986 7843 5187 1948 6049 7783 1640 2438 2120 7313 314 2454 4051 3358 2418 1983 6618 972 3397 2971 8249 6158 6790 8474 4657
9990 1721 7449 133 2707 6819 9831 250 2965 4052 7365 3164 9090 2213 6279 3328 8357 2954 4055 151 2909 9878 2266 605 5160 2893 633 6199 8369 716 5469 8367 929 1033 2686 1143 4276 7711 4628 1049 5334 7614 1081 4235 8068 3960 9826 8168 6957 6358 6652 8381 8001 2106 6115 3382 9331 4423 5944 860 6622 7223 957 7055 0 5975 1632 1863 4996 4890 437 4069 5738 9092 2062 7429 1538 5961 3033 2253 3971 8509 1031 6378 5748 2627 2181 9907 8900 9346 7811 2121 6620 127 4148 4787 1448 2702 5180 6295
8560 8154 1909 4228 3973 6952 4073 6610 4144 9680 3116 6588 5461 4749 2190 9422 8675 7655 1919 1863 777 8688 9474 4803 9940 3627 4804 2958 1358 9317 285 4734 5403 551 2129 9657 6160 8658 2447 5616 4883 8897 6480 5690 2204 8524 8409 4258 1639 9948 8941 1064 8770 4874 5624 4415 4735 4165 6237 6461 3282 5012 3932 7655 5975 0 1323 8441 6707 7236 6228 9409 5658 4335 2860 4844 1369 5968 5218 8993 5385 1684 2841 9272 3914 7359 3786 7971 5518 7197 689 1263 4927 8194 7853 2805 1185 3231 5301 59
7705 7193 9651 6975 4051 4468 4098 7427 9192 9720 617 7764 6791 2415 980 8705 171 2507 4889 4575 76 8566 8026 9583 3777 5 3603 1358 7639 5208 873 4185 5183 1581 3472 8696 8003 1217 7911 9925 758 5518 1 8256 6418 5743 5695 2742 2641 4772 9104 1430 2561 1682 54 5363 5700 2255 7049 6083 5372 3714 1194 9590 1632 1323 0 7796 2600 1209 6831 3819 6205 2264 4528 8766 3573 4597 6659 6090 1825 4761 472 3322 8258 6786 4125 7774 902 2904 5213 3442 6916 3106 4932 3039 6468 1001 4045 996
6254 8902 6868 2774 7186 8417 7689 609 6156 7711 9187 874 6255 2502 6613 4807 9997 6039 5796 8123 2646 6559 2033 6367 8004 2761 3992 5764 211 1033 8545 2734 848 6332 5522 4333 5068 3873 6917 3407 5431 3574 3230 8548 4755 706 1516 1150 8079 6956 238 8908 4838 4309 1089 7530 8508 4132 9978 2755 8431 7424 5038 4915 1863 8441 7796 0 3450 275 5636 4667 9994 8462 809 1438 4937 1998 9961 4955 8472 3727 7796 527 810 5156 1995 4508 4926 9981 7082 9151 1930 4417 4070 7765 2418 4432 9289 6678
7396 1962 459 1019 7208 7544 4238 561 5851 8046 7590 8543 2676 8279 8752 8265 4497 4788 2356 2448 9961 9598 1996 6912 615 3817 6892 9294 4367 6370 4668 9623 7654 521 7168 7206 3494 3001 6965 8910 8165 7630 5866 3376 6312 9117 1510 9447 6035 756 9591 5079 2330 2944 3833 811 7818 2419 5898 2497 6712 7697 4227 4 4996 6707 2600 3450 0 9880 350 7673 5024 4810 8863 8795 9865 8673 3280 6439 8791 4223 302 3183 4043 4420 2947 261 239 8612 1450 951 6370 1455 6406 4276 4467 5243 178 8959
6166 2060 8693 2687 1578 6142 1492 429 6943 866 2936 9461 1445 2730 2787 5554 2234 2341 1700 9969 7066 9934 1926 4380 3134 1659 1129 4302 2791 4628 9876 252 4446 978 8789 1790 9609 4253 2661 7144 4403 4102 9913 5662 9394 4010 3665 8637 6297 3439 6412 9497 371 9360 9858 734 1288 3447 251 446 6053 7260 4217 4040 4890 7236 1209 275 9880 0 5864 5634 516 7226 6265 8737 3860 331 8093 4131 1236 4060 7923 1196 9879 4255 5881 1079 4361 9616 8068 9677 8438 9591 7505 8754 9656 1674 4243 5927
6373 3838 4223 9909 2351 9647 5152 5391 4741 1540 9259 33 7893 7354 7837 4086 3092 7136 7206 7581 5817 7496 1125 5791 6420 3267 3367 4754 4847 45 7017 4292 7434 1189 9861 6041 3375 678 642 4911 7394 4293 8844 1342 5528 9712 2829 4809 5431 2829 8178 7053 9443 6206 6220 3105 9436 8339 3183 1308 8599 5027 6726 7998 437 6228 6831 5636 350 5864 0 3313 3790 720 4243 5585 3455 4913 7204 6603 7534 5525 4011 9557 8102 6881 1583 9747 2406 4916 5341 9053 7184 7359 8684 7801 5025 3545 1127 1225
6022 6393 4296 5826 8997 4526 3657 9053 5564 7008 315 1328 3662 8686 9703 3254 5434 6801 9121 6461 7586 7518 645 2748 4185 1728 5358 9920 6403 2123 5522 2357 6139 5997 7564 801 3520 5695 480 5233 3985 7864 323 2488 3183 7163 8045 6631 3933 9745 1767 3293 7359 6755 1841 2130 5080 8821 9291 3072 9231 1069 2506 4144 4069 9409 3819 4667 7673 5634 3313 0 9360 3760 1424 8334 3800 3768 6643 126 6375 806 2697 5791 7786 4389 3502 3319 7814 8742 1494 3094 4824 2356 3480 2755 3805 8492 5146 4410
1242 3723 8251 3135 9554 7714 9930 5291 9984 8411 1473 3420 9974 2086 3944 5224 1374 6991 7200 9683 5868 6523 3764 1730 1024 1446 7315 8200 5706 8665 6158 6645 1328 7072 3905 1338 2963 4192 2850 9905 1830 7394 9842 257 4685 9379 2737 4223 2129 7961 5907 6353 7241 5823 1060 3810 1517 7783 1550 6201 5421 8671 3771 9720 5738 5658 6205 9994 5024 516 3790 9360 0 1911 7786 333 4564 9968 2943 1575 6059 4307 5160 6888 849 1876 4995 802 1908 369 6505 6494 9878 5812 9878 469 1960 2630 2794 2723
5108 1789 5923 5905 8825 8330 7533 5639 7647 4078 9065 3928 9243 1118 3854 2243 1551 7068 5762 287 6327 9000 4049 9838 2131 417 7106 924 9802 4004 2336 8687 746 307 7698 7509 5540 6458 7817 6132 4097 9449 1292 254 8304 7068 7867 7534 8697 565 92 4541 6035 45 5437 8063 7129 8506 8388 566 8730 9495 172 342 9092 4335 2264 8462 4810 7226 720 3760 1911 0 528 717 4281 2253 3835 8458 3420 3453 1936 3963 8154 3623 1181 8681 7875 7673 5736 5879 7107 888 7464 7937 3283 5604 4446 233
8622 4799 8783 2400 2066 5583 7578 9670 7928 6736 1614 6894 467 8865 8394 7369 6952 4303 4509 2458 8620 4083 5597 9255 1001 6692 2005 4595 4397 9447 665 8403 6218 7431 298 2586 9844 3740 118 8524 6967 7302 7178 4644 864 606 773 2464 9175 1659 4201 5952 4606 4984 2716 5594 6299 8408 6159 2876 1118 5953 1159 3909 2062 2860 4528 809 8863 6265 4243 1424 7786 528 0 3861 6857 2707 2801 130 4964 1658 5747 3081 4941 5526 6149 3405 4607 3877 9504 9310 4104 3064 4226 337 6970 460 9710 3067
4513 1525 8840 1260 9285 5533 7831 3481 9892 3548 2984 7751 4103 5771 256 190 7081 7147 2972 1360 4034 1733 3694 760 679 2080 5018 1301 8275 1023 642 3093 5326 4581 1091 4654 6964 6870 1225 6387 9817 1898 2475 6028 6015 871 3203 9574 3198 8426 6527 7271 1094 4264 7828 381 7928 9684 1324 6013 9884 2309 128 8986 7429 4844 8766 1438 8795 8737 5585 8334 333 717 3861 0 6988 4149 7907 8660 9574 8958 4413 8158 1879 8798 4828 7380 5210 750 8712 700 2758 1193 1889 7620 3238 751 9235 1208
3558 9365 5108 7821 2243 2019 7478 2859 744 2232 4510 1237 1425 6318 929 8254 132 4474 2298 9191 8221 3637 8599 8700 1918 1277 1545 8510 3497 5306 8099 1275 8766 4874 6937 372 4366 1713 1595 352 2728 2032 3839 3739 159 9570 1726 7938 929 3638 4718 8916 4193 2824 183 649 80 2193 761 8830 5502 8953 1573 7843 1538 1369 3573 4937 9865 3860 3455 3800 4564 4281 6857 6988 0 1841 9451 2896 9260 9522 1636 1252 3774 5009 2249 7309 7894 5012 364 150 2225 7222 6739 4356 1456 204 8992 6896
6494 3662 7083 4773 3793 9647 2266 6006 5626 9229 4213 1807 2233 9063 7755 1517 9831 7261 5108 2215 5163 2071 8637 9272 5584 3943 8595 8314 2762 8241 8792 1360 6909 1426 4711 6409 4414 1939 2180 8423 6511 5491 6510 2779 6301 4787 3549 1284 1309 9507 8853 5853 9921 8370 2664 3320 9220 6229 3414 6657 5689 3606 8132 5187 5961 5968 4597 1998 8673 331 4913 3768 9968 2253 2707 4149 1841 0 4749 9675 3502 3376 5008 444 6022 3399 7967 8481 3048 5155 3922 7771 919 5111 87 7442 9146 6223 8418 6483
569 8580 6218 2274 6753 4249 2401 4643 4888 9777 6738 4579 9136 2343 5146 7576 7113 1835 5676 9009 4591 9652 1661 1315 5130 8355 6521 8072 1153 6530 780 3048 9022 7632 9488 2816 8795 8119 8307 8625 2154 9949 3499 7285 1751 5142 2359 4401 8133 6877 6846 6826 7297 4575 8556 6900 1825 4523 5152 833 7282 1070 5261 1948 3033 5218 6659 9961 3280 8093 7204 6643 2943 3835 2801 7907 9451 4749 0 3825 603 6665 6455 8885 9562 7197 7264 6946 9843 9969 3106 4950 427 8699 6686 9697 7014 7813 8659 4880
6417 6092 5978 8839 8167 9111 2517 1007 3298 687 925 6936 266 9088 1101 2140 5411 8386 5666 2448 62 7299 7757 8522 9456 1550 9830 721 3307 7286 86 3146 6673 299 5692 4890 6997 8348 8642 703 9523 7598 2450 7710 2850 8893 7221 8760 4346 3230 4251 8759 6210 4172 1683 6180 1574 3023 5127 6434 6738 6595 9585 6049 2253 8993 6090 4955 6439 4131 6603 126 1575 8458 130 8660 2896 9675 3825 0 1864 2373 7049 4499 7024 7962 8969 7616 9371 9277 1424 4440 1982 9000 2658 1634 5657 9203 4448 5217
849 2345 3290 9492 9683 2084 6098 4234 2802 5558 2774 5604 5499 9785 3148 185 7218 8104 7887 1133 1916 6338 2218 9069 7858 6248 3716 4108 2455 7212 2392 3829 8988 2039 4856 1277 9412 9297 5016 8799 9843 3040 577 400 9276 130 8651 8649 2079 3457 4200 6026 3836 4981 3475 8530 1950 3882 6166 624 9749 825 8599 7783 3971 5385 1825 8472 8791 1236 7534 6375 6059 3420 4964 9574 9260 3502 603 1864 0 7896 9884 6014 4233 2279 5435 2500 8367 2616 4266 3556 9402 7797 3527 3116 42 7033 3940 5432
7517 2002 8756 3351 6958 8059 1399 2754 3580 8772 9168 1394 3457 8695 5660 4567 5482 6231 4764 999 8759 5076 6901 1631 2029 2908 9953 3656 2196 417 5010 4039 4596 9557 9277 5702 7084 7901 2769 6658 8340 3326 2570 5615 1772 8335 4963 3181 6098 3335 4645 3973 981 1302 578 3338 2743 5874 2840 6746 9781 913 3779 1640 8509 1684 4761 3727 4223 4060 5525 806 4307 3453 1658 8958 9522 3376 6665 2373 7896 0 6251 9885 6678 1259 6545 4954 5240 7214 8707 3783 8687 7558 7953 1356 8445 9723 8617 6894
