300
0 8154 8260 3238 6360 5780 722 2295 8307 1780 625 3292 7792 2803 3538 9728 4975 130 6386 4773 5525 1798 9128 3798 8344 2770 9665 3254 3031 6474 8794 8156 6965 4891 4572 2317 472 6791 1539 6687 7699 6318 6165 3327 9080 7285 4684 6113 5015 4558 2343 6513 360 7623 3668 9633 4384 6599 6162 9001 4099 1667 8724 5746 5609 3737 2282 8947 1850 4650 9575 4783 9302 4063 9365 8050 2096 5000 6809 7822 8521 6059 8571 1668 8685 2056 9586 3007 7890 2818 8185 2883 2635 5678 4920 5003 3186 7541 3237 9330 3887 9322 5490 9412 14 1789 5142 2338 9718 3266 3232 5057 8982 1219 8512 4839 3835 2128 4961 6448 1417 5332 7469 4236 7463 3995 1433 8922 2294 1582 9093 3963 6382 7257 8812 5022 1015 6115 8964 7195 9708 3148 6104 2551 9627 7104 8907 9027 2066 2076 4451 1194 4888 4363 6549 8976 6296 4516 3387 3365 4936 8062 2318 6435 2092 31 5391 2964 7400 9423 4493 2163 2979 7400 9905 7161 4081 1294 6473 3396 6342 4698 211 5081 3464 8185 3962 4550 4588 2694 8700 7003 937 7943 6964 6807 8050 6178 8389 6694 5333 5082 4825 5459 7343 46 4540 6920 980 1683 9528 3513 6440 8204 3648 698 9225 1122 3115 5847 6776 3386 3103 4449 8198 4531 4469 1036 1096 7337 1547 1571 98 5152 2883 6485 3464 9717 5397 9048 4431 1176 1083 1937 3440 3357 109 6117 8525 6278 6437 6851 719 8816 5019 6630 7447 4572 373 4450 6108 8928 4490 9010 3998 9846 1570 4230 8920 8484 2810 1171 670 2000 1447 5190 6254 4758 3227 9360 7709 2513 8170 8447 5838 6545 4900 520 5246 8006 6656 8483 1642 5427 7637 293 3171 4634 5221 5246
8154 0 5318 2836 3500 9677 1178 5243 2419 4185 9222 6504 9267 6605 1816 2507 4717 4464 6809 1444 8170 3491 4763 956 9505 3566 259 3279 8449 7041 2059 1573 8945 5990 343 8546 7328 2040 1763 3548 7282 7746 5625 6905 6022 2054 3686 743 8578 4160 2674 6398 3301 7378 5309 3209 2860 4983 9598 1655 6570 1569 1079 9130 3373 3639 6219 6102 3812 7444 8139 4744 3121 2333 3261 5438 1040 9645 9613 68 7839 1438 6783 8268 50 7496 3824 8408 1456 23 7245 2262 771 1476 5114 5795 4387 6988 2346 4331 879 530 2725 2752 8022 6814 3887 4084 9319 5554 3189 1468 8721 9041 7374 9985 2280 4641 5208 9982 3267 7747 8340 5288 6682 6709 5407 5069 2696 8637 9738 9193 7429 9379 4329 863 6459 5783 7926 4896 1532 6032 6148 8745 2473 104 4772 608 606 1464 1085 7637 614 2268 7469 6580 9891 2072 935 529 6321 666 659 767 6710 2943 3364 1179 3007 8087 9434 6939 5029 5709 552 4440 7017 7306 2043 9529 5711 5559 6254 3615 9933 4009 43 4577 8250 8750 4061 5298 167 5329 5932 9186 2569 8013 430 4087 9544 5934 6020 4358 8431 8562 5458 1363 2498 9238 7382 3449 1638 2965 6928 2489 189 7226 625 9211 3563 5015 1730 2712 855 8874 9057 4482 5778 6196 4374 5325 2270 5035 6338 3005 4687 3172 7042 5902 6948 2214 5843 3269 7837 7882 6925 7465 4723 7277 8706 1692 4791 4183 9820 7274 9147 5284 6452 847 9412 7474 7569 6793 2882 3027 7959 2235 1838 838 5984 7299 8727 1546 5336 7403 4761 820 5497 9226 889 3893 4607 7605 54 6750 4939 1942 8649 4054 6301 2467 6613 8745 97 1751 5752 5403 7236 6743
8260 5318 0 9910 8373 2181 8150 1657 9150 4816 6426 7675 2190 6080 3786 1221 6290 9208 8912 5754 2504 5350 2676 3835 5896 7036 2034 2770 9609 7717 5588 8621 7417 6091 4986 874 5462 3758 5358 2171 513 7907 7474 625 3956 6828 5358 4123 8483 6743 1867 7865 3217 6005 1687 2158 2088 2983 1678 6338 8866 1587 847 5623 2051 4716 8589 898 3721 7673 3651 4437 9629 9094 6899 4297 563 4959 1434 1223 8571 1470 3883 3333 2151 6661 1843 3019 3641 9222 85 2151 4529 7121 1312 8159 4414 7205 4806 1745 9800 9436 5140 6839 7588 4454 9182 3013 7521 8482 7168 2918 8384 6625 4821 3943 108 739 696 5600 2291 3027 9775 1789 9005 3688 545 5589 1889 3117 277 9293 4569 6891 5286 2776 362 1896 492 3767 1199 5063 4768 5429 1514 3452 4978 2148 1405 5361 8786 2842 5247 5704 3051 9251 7384 6993 6295 1693 7123 8909 2391 3857 6238 5269 2823 7844 6450 2493 9884 6057 8053 9663 2281 1892 3256 9262 8245 6450 7317 7252 8122 7061 264 4437 7820 2852 9676 9196 5575 7157 4504 4149 8981 5566 3201 9051 2677 4611 1123 586 8118 8746 8673 7161 1444 1240 803 885 972 3321 659 386 9235 9929 6131 4193 1447 5686 911 5350 3161 5171 7203 8410 9755 5252 1544 587 5428 4828 3950 2465 6926 8553 3286 2168 4138 8265 5246 9425 2224 2201 4644 6835 1396 4625 9224 7342 6660 7363 6866 7881 8841 3083 1298 3142 5590 697 2144 7167 7045 2228 7637 3391 2515 1512 2130 8599 4598 4832 9538 2140 8136 4382 5787 4045 4729 4426 2669 934 6412 6415 3409 1457 7522 1165 2238 3671 9660 6972 3517 6932 3482 364 347 1238 6690 6922
3238 2836 9910 0 2341 3269 1654 8571 4577 5161 5061 3918 5456 5644 322 3017 5122 5739 7821 818 6794 9242 5592 4213 1468 9070 1194 8557 7757 4926 3285 5523 2553 5720 9092 1746 3754 4866 9812 5363 1257 1663 6732 7117 2583 7378 8072 4616 69 9028 7543 4245 780 746 6878 4240 244 3613 4613 7295 3977 3280 8028 5231 7205 8249 9951 9952 6538 366 1078 7468 2198 4341 6740 7175 1908 5623 7882 5892 5421 8230 9917 980 5378 5189 4242 4228 3454 7101 7749 4658 1934 6284 6197 8850 2837 4099 317 1948 547 3077 142 5053 648 991 9283 8437 3205 1677 2502 4028 1644 2461 3895 2085 7309 5971 8169 8917 3178 5726 7561 1372 5367 2511 3336 1416 3123 5943 5559 9288 3675 5639 6165 2028 8428 6138 1496 8490 2185 673 3462 4895 643 7766 2902 2164 6088 1039 2268 2886 2320 2200 8833 2827 799 6852 8917 7601 860 1398 5448 1423 9447 632 1233 3461 170 907 7694 1150 6103 545 9496 4119 927 8911 2949 4578 1786 2340 5836 9006 930 6075 2843 6806 864 4208 2999 489 2960 4167 5962 1601 1335 4279 4520 650 6077 666 6853 8915 7042 5934 8776 5528 836 4081 8889 4847 373 268 2510 8149 7237 4448 2669 8565 1054 629 7540 3806 5579 4380 2840 5445 7014 9277 9776 7143 8204 8031 44 1318 1556 4414 906 3926 8071 777 8074 504 3900 4408 3535 689 7657 1231 599 9549 9268 591 1560 4328 884 6055 8022 8350 600 5459 9336 7632 5846 1098 1626 8823 1846 6080 3065 4689 7435 4173 3411 3173 6779 6672 5625 754 7055 9242 213 8441 6473 1792 2367 8629 9870 7344 8624 3820 6707 2127 3315 4772 5114 2543 8483 4744
6360 3500 8373 2341 0 305 3813 2471 1069 8784 3990 3906 6975 7666 6330 9244 1065 9919 8766 683 4079 3375 6964 6944 8567 227 2723 9679 662 7831 8483 9703 3625 5516 7407 955 6714 6624 9581 2662 2178 1177 884 4320 7451 8809 6737 6017 2532 9197 97 6649 5346 5524 4554 3150 6237 7037 2304 6362 1392 2887 9082 694 8290 1996 5383 6022 7120 4397 6770 4040 615 138 8305 5481 6908 3913 6455 7792 3418 2475 9133 1758 1288 7974 4459 3289 3263 6760 8165 2890 2932 1358 4314 9962 9830 8634 3356 9691 6041 4248 9908 7005 6620 7597 4987 458 6550 6069 2708 8108 1405 9052 8583 2367 2632 9552 3892 4056 7771 2386 8308 4643 9093 8954 1250 71 7068 3973 9899 7700 230 8250 7498 8132 4488 8899 5858 2209 7920 6809 8891 913 1548 2764 2360 6522 7665 722 543 8575 3260 3641 22 1023 9700 8062 1252 3984 340 8807 8714 7536 6108 3526 8279 7727 3445 6906 7576 8296 1811 710 2091 283 8336 8907 3061 1990 8258 9689 1292 9871 6249 1074 7251 7661 6801 7930 7292 6703 6543 6363 8876 7783 9437 4366 4099 9604 1910 1603 2792 3015 1877 8970 1883 7993 1553 6535 7309 6765 2441 979 2447 3930 8534 341 1756 9117 1460 6509 643 2849 2484 2904 262 8355 2345 8996 2993 9656 5487 7037 2645 8667 9476 5791 7945 8873 4339 1041 7751 9537 2354 578 8313 2424 5251 8906 9865 1272 1345 4854 3127 5629 4570 5921 3154 3898 3638 846 3924 4107 2846 9771 2079 2528 37 3425 7020 8942 6588 7899 4835 2005 5072 622 3744 8540 8536 348 5532 5941 5592 7852 2260 8102 900 1228 8174 1000 9787 2428 6108 2378 6629 8624 7053 9973
5780 9677 2181 3269 305 0 5865 4643 842 405 83 8555 5400 6507 6852 1110 8202 441 2253 9500 4778 1527 3597 3399 8737 9795 1837 3073 8785 6976 1174 9011 3749 1161 5933 1360 9717 4590 5022 9589 2298 3983 5963 6751 9961 3184 6710 9555 4079 5933 691 9074 1941 9656 1534 3597 6698 5548 6899 8930 7296 8752 151 5329 2100 4280 9610 7496 6211 3283 5209 6467 8097 964 8970 6264 406 5863 6744 5730 3273 7374 5600 4451 5733 6176 7493 3 9068 4972 9375 4037 8525 7841 7104 3173 1939 7235 5394 5891 7864 4634 7383 293 4024 6316 4017 6821 8967 5029 8436 4400 9004 7360 5531 4289 9743 3982 822 1425 614 6521 4573 8928 2946 3572 739 1773 8221 1245 4034 519 7256 241 8781 5811 5129 6370 8658 4978 6821 7403 3847 9105 8296 3830 577 6865 4837 4388 2973 3039 8161 8350 5767 3161 6559 6868 5489 2668 5534 3299 1576 4648 3661 3153 1178 6109 3984 558 5285 4645 6287 9432 6111 3121 8891 7334 6922 6211 4902 1224 7338 591 6376 1643 6227 7088 8340 2177 6415 6007 889 2961 4877 8020 2568 8154 7270 8622 7762 739 5282 4952 85 4932 5867 2473 1079 7592 7242 4473 6281 1125 1329 5417 4012 300 8459 1513 2706 2183 3896 6265 2583 8691 7755 1964 9023 1222 2517 8286 3720 9995 3368 2669 4841 2038 7640 4098 8021 3229 9147 1436 147 3371 8522 4176 804 3132 3351 6782 1033 9095 5836 5107 3300 6787 3121 3384 5414 4941 5772 3460 3536 7686 5749 1569 6186 5379 8271 9494 6492 4252 6027 4361 6106 5518 852 5304 5571 2122 8871 4358 9525 3303 1244 6528 4124 1608 6823 6201 6964 1320 1687 7851 8369 6258 5947 9506
722 1178 8150 1654 3813 5865 0 5468 6763 2611 4518 4022 8056 2619 1364 2920 2256 98 7673 5260 3667 1120 621 6666 8803 5099 6412 2775 1980 6658 324 3355 256 9982 9187 9503 3604 4491 8258 7177 8920 8746 7903 348 9233 7094 2589 6382 9594 9388 1081 152 7025 2315 4890 1379 2412 6480 5536 774 3859 2643 2284 636 7209 4399 1015 8047 2201 6066 3068 5679 6747 6027 183 7537 2223 1925 9265 6909 1268 3185 6242 5649 9195 1539 8304 1621 6806 8105 4688 4168 7121 8994 6387 344 3392 5600 4132 7395 9891 6614 152 1158 4396 5899 6140 6775 327 6539 7639 6117 7082 4297 6696 6724 6305 2266 8466 6747 362 1746 9187 3691 793 1920 3412 5238 8269 1512 3918 8911 6734 8125 4032 8962 7460 1202 3233 5259 5995 1179 9292 4646 1714 5137 9057 7512 2278 1839 7093 5032 1395 9346 1966 5688 7369 2703 9320 9987 5459 1261 5514 5737 6227 6203 5959 5222 1725 3616 6218 6168 9640 3738 1933 3349 807 5233 368 3442 8796 8696 8241 7684 3688 5166 2745 4687 8255 629 9111 9716 7836 7092 5743 8112 5106 5973 9883 8364 5195 9422 762 8253 7295 4654 2211 7297 8525 4400 1686 5592 3726 4307 9922 850 5549 2831 1353 3520 6533 1032 9170 45 8538 1385 9090 5198 8589 1262 761 6121 7924 1679 3607 2274 6153 3761 2827 6545 3680 8347 6978 1864 1355 8486 6289 5127 3154 4403 7868 4227 4111 7800 8895 8040 2887 7425 827 4793 808 8219 5472 3080 1090 6122 9906 6643 224 1604 5089 8492 7767 7981 5998 4322 4335 6108 9956 5712 245 5597 4829 7127 6958 7909 522 412 6109 7410 9369 9542 9182 7750 218 1308 339 6155 7284 1253
2295 5243 1657 8571 2471 4643 5468 0 9017 9913 8966 506 9224 5693 4641 5596 6088 3390 7941 430 7636 2428 2144 7045 15 4582 8132 4000 742 7163 2334 2390 9888 790 7121 3786 1559 7964 1040 11 7038 7061 3656 1011 1743 3872 2269 2790 2400 3726 9889 7425 948 1874 7138 9605 9 7346 3701 476 1867 5306 3030 9193 7195 6446 8690 9903 7022 9027 4834 7903 6920 9364 1653 2892 5688 8938 6157 5663 3181 9267 7669 2634 3380 4762 6309 3453 1608 5538 3364 1038 8066 1665 9071 5259 3277 1996 4831 9176 7123 5583 9837 6928 2325 7820 3176 2263 4648 9264 2276 2548 2523 1957 9868 2138 6895 3504 1587 3119 6511 5101 909 5168 9233 6281 4958 6211 3722 6920 6607 7012 66 8738 597 8110 6842 186 4410 2264 4675 2660 4548 5571 520 8300 4050 1113 6138 8387 5221 5623 2734 4235 1045 903 3711 9261 8850 6198 4574 1663 6736 878 9977 9558 6072 5130 4572 6019 1574 3329 128 7778 1091 4166 9410 9027 9736 483 9163 3235 5357 819 1986 5473 6483 5985 352 4779 44 9261 3234 2567 3883 9568 6809 8380 4204 2365 9460 1325 955 5583 3182 1836 6418 4125 8318 8240 6710 5648 4607 765 1167 3175 949 4182 1745 1763 8968 1638 6920 2051 8565 6541 7715 268 3280 6098 4297 421 9088 5756 5537 4328 6768 1799 9752 4897 5981 9908 5835 837 2652 8870 7106 3152 7161 2903 5720 5730 7200 3296 5779 5122 1063 1587 681 8131 7331 4258 9767 4999 8756 4814 2487 7861 374 351 8151 6811 8078 6812 9637 5365 399 6928 6307 3326 522 6581 2386 2966 3652 7968 9658 1729 6326 7879 1314 1644 3097 4986 3437 3118 5340 5196 8799 9195
8307 2419 9150 4577 1069 842 6763 9017 0 3541 7347 5400 4280 5949 2487 8548 3440 585 8297 810 6336 1926 3724 8347 1105 2171 7784 861 4753 911 2634 2647 9500 6062 7706 2056 9033 7346 8790 9550 9119 3487 6950 1249 7740 3679 2710 4814 6261 2952 8919 2795 1470 6997 7447 9342 3727 8231 6412 7146 3405 8349 8762 1547 7493 4199 2811 1073 4089 3964 499 8352 7493 416 9561 9448 5447 542 8981 7838 1030 894 17 8084 458 5972 9339 4897 4302 6073 592 9566 7382 1687 7488 1085 9267 8405 8056 7945 4384 8069 1735 540 1719 1727 3521 8019 1620 969 111 5744 3450 2931 4718 5321 9985 5077 8395 9013 394 9109 4600 388 4433 1887 8173 2522 6262 4774 3334 5331 2122 4875 4666 7925 1035 9686 5535 6595 4089 4501 9816 6876 7176 2685 4505 3985 3162 3518 3154 7449 8608 9246 1669 3048 8282 1938 1789 3338 2318 3317 6327 3798 9268 8238 6207 631 6340 3667 2186 9879 7683 4505 6971 9932 4885 3984 6130 8719 7509 3484 9763 4232 1036 4783 116 1933 2071 96 7276 2377 4211 4157 7479 8768 2979 7892 808 7349 6639 5640 9688 2269 7520 5764 5550 2200 4575 2303 8929 996 4609 3287 7134 3555 3552 6191 7787 1933 732 4032 3849 4997 2873 5828 6630 4759 7522 125 4463 6316 500 1798 4462 3641 3729 460 3548 9568 9128 655 7243 7364 6436 8294 146 1571 5137 1844 6402 1428 5030 433 1299 4877 2855 5483 4560 1194 6743 8252 8468 4954 2215 3670 8596 5846 3920 8243 2519 9897 2977 8563 24 2121 7841 9082 3596 7624 2783 5280 6550 6915 7868 5723 6274 61 2683 8281 8929 1418 8889 7375 6715 3552 83 8431 2581 1551
1780 4185 4816 5161 8784 405 2611 9913 3541 0 7708 5174 239 6734 1258 885 2737 9399 6409 7613 7392 1216 2752 4010 103 926 7731 5076 4136 8145 1217 5508 3146 3810 6533 4401 2638 2675 7015 1733 6084 6706 4068 9260 82 3757 3421 7464 406 9214 4860 4382 2398 8337 9419 8338 6494 6324 5774 1166 8298 367 5577 5734 1116 7733 4349 367 5967 6436 2966 4980 3800 1217 5775 1927 4289 6716 823 3739 4550 5254 2207 3593 599 6615 138 7881 3962 6502 8240 4616 34 8975 4959 4898 9471 3518 7506 4369 9427 246 3028 6481 7054 7596 4077 7412 8896 4647 9612 1526 1700 1570 7632 9182 3988 4077 4090 707 7622 1137 3144 4579 7472 5597 8097 3631 4803 833 4745 4036 8706 1129 5048 4651 8791 2686 4650 6258 386 6527 6567 2501 2301 3542 6371 9432 8896 3544 365 3256 9262 7511 6871 7411 1616 7061 7513 705 1040 7084 2897 1366 1302 8264 1247 631 810 979 8963 5871 3656 1976 9217 5164 7207 459 1643 5028 6116 9199 5488 9305 7289 7521 3101 8936 3960 185 2056 1017 9419 7384 2332 6728 4264 6002 5607 2702 1911 3222 9897 2062 5700 3677 9436 943 8303 9917 2259 7908 5186 991 5068 9358 7070 2434 6189 4965 5188 9950 681 7325 5050 9194 567 3169 6919 273 9855 2987 1095 2437 5185 2652 7780 3544 5182 5426 4956 6775 8527 2590 9725 2069 5915 6614 355 7406 5105 5375 3753 6742 5981 9024 2430 1742 5392 4473 7614 8265 6205 7576 8799 6125 4764 8384 6178 4250 5063 2981 4652 8605 6936 8102 9396 7979 2596 7906 3212 9689 2699 1223 8851 5065 868 8695 5657 3361 6087 5590 3415 9770 911 2115 924 1834 2021 8138
625 9222 6426 5061 3990 83 4518 8966 7347 7708 0 7008 5966 7981 6475 3836 7564 6136 6803 2935 4576 324 4331 8603 3185 3203 9740 7873 8420 8651 8468 127 9319 5981 5428 3133 3770 12 3188 1717 839 9376 8908 853 5388 8624 6981 3765 746 8885 9182 6531 4679 6844 85 5259 5122 9122 491 577 8330 7932 604 9668 7733 403 9032 7968 9173 1302 7600 4703 7845 4839 6160 7163 7510 5860 5278 5242 8542 4612 6744 124 7528 2344 9768 8331 9927 9154 6396 1103 2732 7174 4340 8473 874 8112 1643 5974 5013 484 3461 3711 65 993 1581 1503 3559 1939 6942 6843 7986 586 6962 4476 7167 6118 6992 3799 463 8223 1421 8358 4724 3747 5688 5207 5194 9844 519 4145 6864 9213 8336 1964 471 3130 1716 8292 4006 9951 9052 431 6690 1422 3932 8982 6911 4602 606 5092 6872 4891 2899 3096 9797 7138 7424 6582 9928 8874 188 1669 507 8695 2681 5458 5660 3336 2651 4560 8642 1165 1783 8667 3079 284 1878 217 8305 7854 669 1108 1634 5272 2787 808 1219 1213 3982 5488 3461 9979 5743 7302 257 7633 975 1688 449 4678 7997 4639 2912 193 7386 3522 3079 5752 5093 2234 5426 2722 4420 6420 6887 207 1753 7227 5733 6813 5515 1181 618 127 1543 7400 719 8493 6665 1289 3650 2540 4906 332 1129 7218 3079 394 4163 6972 3321 9703 8337 6169 6723 3391 2027 677 3092 9359 9535 9355 5767 6922 7515 2978 9474 4287 2370 422 4503 4898 9415 3826 6929 610 4436 3059 788 2937 9590 6330 9893 4135 1611 1776 1224 3344 6485 1471 6410 7053 2562 1647 8948 8288 3506 8925 8278 9908 3716 860 888 8965 7343 2621 5896 2608
3292 6504 7675 3918 3906 8555 4022 506 5400 5174 7008 0 4277 5565 7119 597 3169 372 2176 9480 9761 1950 8523 4982 1520 5978 6037 5650 5516 9442 9719 8925 4466 9245 1888 2219 7122 9922 7922 2183 2703 9420 1653 8548 340 4015 4963 8904 6107 5149 7082 2529 1660 4713 9078 1080 469 47 3829 7126 3673 653 2452 535 3884 8924 9243 5815 9332 5153 9929 8736 2468 6565 6553 7004 9534 5216 409 9951 8994 7286 5301 3041 7200 3045 2154 3016 8854 449 5053 5740 9170 7170 4057 8439 9182 6830 2206 1537 5277 3962 7703 742 9586 4792 6840 4542 6740 7412 3139 9797 1251 3173 5817 9098 2170 9 7771 9170 8845 9275 5884 211 9777 9072 5664 7114 1906 9399 2927 5428 586 2871 5832 4898 7650 4892 388 8306 5541 9987 8441 5442 41 5510 651 9207 770 5564 6181 968 1221 245 3627 7857 5480 1512 1592 8341 9115 7730 9861 9892 7225 2726 4864 2054 975 376 8479 428 6811 4157 9276 9877 4127 3089 8853 6863 2676 7635 6071 5712 7599 3890 3692 9210 3905 5253 173 5658 9834 1352 4338 1482 4928 8911 2141 6217 3929 7469 3112 4976 4447 1844 6999 492 8113 7164 5562 2855 7750 195 4673 6101 3141 5883 8384 3226 4806 661 650 4410 6191 3746 4556 1792 6009 8967 2031 8232 5786 9817 1837 1885 3775 3274 4348 5164 1869 1582 5114 630 8464 2985 8390 6978 704 349 3610 7162 7143 6757 1825 3573 3771 3962 3173 3099 8493 6353 7059 9080 1196 8242 8969 1221 1149 8541 8006 1366 3933 9300 8269 7227 7424 5611 4144 8071 7075 8227 2838 7707 763 6690 5795 8323 738 3434 4322 6582 4260 6011 8161 7972 937 2619 9304 3035
7792 9267 2190 5456 6975 5400 8056 9224 4280 239 5966 4277 0 2909 1055 8711 9423 8655 3999 8922 5714 5124 6802 5213 2331 4440 2375 5334 5899 6680 7176 7828 3927 1937 8354 4531 8418 2658 7411 1342 8316 1229 7099 5388 6478 744 9654 9769 3844 343 4452 3149 9805 2674 3298 3741 4054 270 4641 9232 5583 1202 7222 6966 9768 8354 2816 2031 4859 4449 148 4040 2633 6903 2289 7299 6222 8451 5537 8181 9596 2234 57 314 7572 3555 4629 986 3084 7981 1863 6371 3744 1953 5603 5010 1907 4107 1959 1940 4118 2937 7133 1122 9596 4788 1065 4883 2651 312 9745 9978 7211 4765 2219 3309 9274 8 7689 281 7072 9804 8616 2373 2672 2329 9159 7264 4724 8532 8590 9082 6797 5181 3137 443 649 1807 9191 6156 3046 2994 4419 3556 9813 7010 8270 7562 4051 5399 1292 6815 9286 2111 4212 7682 8150 187 4922 1567 7844 9371 1727 1943 5164 4324 3406 7111 1537 5953 7260 1140 8399 3626 9959 3017 7255 3879 9590 7895 5295 8172 8229 8327 1913 3489 5706 971 1506 5000 9738 7243 4677 8538 7149 8631 915 2709 3223 8567 2559 9105 615 4316 2858 4313 437 3336 9854 148 9594 2139 1371 1920 9842 6164 8530 9078 5734 5763 9969 1000 8882 3334 2485 1600 3193 2574 2034 4734 1221 664 1988 5386 6628 5832 6487 3397 5828 5951 6784 1500 2824 6978 4845 5506 2130 5795 4826 7430 7699 7938 9391 9240 8140 5190 6831 3071 8284 3738 5775 9980 4169 1664 7009 1074 3118 142 1053 1225 9529 483 872 4422 4841 2044 9476 5231 5540 2606 5788 2208 739 4111 4317 4314 1574 7856 2499 2277 1363 5897 7427 1006 4331 5817 5321 8253 7597 8774
2803 6605 6080 5644 7666 6507 2619 5693 5949 6734 7981 5565 2909 0 9656 5432 5211 3179 9092 2245 6908 5093 9947 6103 820 7867 7717 2356 963 6533 4668 7962 6084 9793 4259 9278 1408 7112 117 8017 2964 5294 9848 2221 7364 3279 3073 6079 1004 7041 6178 433 8687 122 8620 4431 8945 3369 903 2702 5874 1317 2903 2916 7097 4964 1661 8176 9603 301 2245 4934 427 610 9344 359 6823 5458 3476 9288 9980 7961 9448 3600 3371 9229 5247 7565 8431 1989 7335 1442 1734 4663 7124 9089 2129 8459 6398 646 7165 7476 6529 2698 2326 2021 2892 7007 2835 8202 3553 1821 3287 4722 3302 8684 9001 7922 6992 3932 5781 4533 768 201 3432 9987 7794 9241 1245 2627 3152 151 3858 3516 7674 3706 2816 6821 8546 970 121 1936 7318 8566 5878 829 8084 9748 4231 8866 1202 7341 2823 6972 8725 4727 3523 3751 1007 2693 2531 1851 6187 5808 4897 2351 4637 6513 9124 2938 495 5108 2113 9823 1139 9248 4694 2956 8252 6856 8067 5414 6370 7118 7691 1762 8565 1976 5809 7848 6242 1080 5456 4218 5976 7532 6889 87 2433 191 5348 1263 4175 8891 4182 6448 5710 1184 1229 5543 5722 3038 1510 4959 1550 5636 8317 5373 3465 9355 5095 5141 857 1796 6973 6309 479 7577 8808 4745 466 4663 5503 5085 5339 2553 6025 2853 8254 4606 6430 2902 3393 9458 9832 2299 6479 5118 3079 2919 7602 5294 975 1216 9179 5021 7709 141 4807 2853 654 3908 4049 7811 7764 9990 3090 672 7727 8293 3617 3563 7944 2962 4775 5305 6895 5506 3009 538 9031 3906 1777 232 8909 5542 198 5121 1972 2176 769 817 4369 6951 6482 1650 6977 9094 5724 8320
3538 1816 3786 322 6330 6852 1364 4641 2487 1258 6475 7119 1055 9656 0 7235 2579 4923 4791 1497 1317 7915 619 4231 7293 8910 344 2468 880 9486 351 3458 8496 2581 8784 7730 3165 6005 2941 2289 9779 2112 43 2047 5319 2273 68 3998 121 7241 5842 1805 4161 4539 792 1369 3662 4843 7790 5759 1437 552 5029 1047 7621 5386 1085 7918 7189 4782 4619 1386 4381 9495 9392 5666 5417 6353 6862 2044 8753 4962 9343 350 2618 4331 4541 4923 8337 214 5669 2625 1868 4396 9718 2846 1672 8838 6256 1583 1334 9479 3607 2214 3480 6370 594 5581 9114 9985 7291 286 3574 5979 8274 1179 9723 4542 1347 3672 427 6151 5111 5164 8875 8292 6824 4848 6032 4555 3889 8998 6833 4835 6899 5020 2415 828 2332 796 6218 8100 698 613 5013 9410 2100 2925 3157 6138 9812 2425 260 8574 1287 8511 7388 7518 5016 6531 8086 9530 4480 3178 9112 8971 9578 7810 2159 3787 4403 8767 4357 8124 7592 4973 8540 5061 1580 6251 2241 6765 2929 775 5065 9449 4969 5595 9069 6475 6103 6733 4553 7082 2912 471 2852 8015 3510 3037 2709 4627 1051 367 2113 4940 6856 4080 7824 3732 223 2288 327 4011 7847 7165 7379 2492 3586 4847 2772 2204 6981 1426 4345 2809 6585 4462 5002 7003 704 3358 1038 1612 1378 7736 6732 8349 2685 8560 2202 8556 2782 9680 3944 5771 42 8672 3654 1192 6708 1225 4189 5937 4710 499 5163 8610 8369 4392 788 4477 3500 3393 2901 2679 9267 2236 4451 9460 968 402 8734 8725 3963 8663 2375 459 8327 3857 8136 7650 598 8746 5829 7462 2837 4503 7368 9999 3206 2313 4572 8093 9139 5503 6164 4306 2704 8419
9728 2507 1221 3017 9244 1110 2920 5596 8548 885 3836 597 8711 5432 7235 0 1846 3513 509 3872 7547 2221 9754 9186 9932 886 989 285 1219 1441 9348 5746 3729 5503 8683 7185 8875 7063 3677 8546 4 6009 7464 7745 7037 7664 3035 4615 4865 7120 1089 4975 8983 6940 8725 8827 7482 8358 243 149 2596 6324 3301 557 3343 2047 6545 6594 3825 988 302 1368 1107 5522 5400 1464 6393 197 9184 4012 636 5300 8102 4077 4416 1056 1542 1649 7280 4302 3988 7798 6913 9668 1825 7596 8718 7763 4036 608 7962 9072 5095 9250 920 5071 8966 5949 9597 3567 1413 7921 360 8169 2476 9830 4807 4764 2653 1202 5061 2970 9855 2448 4239 8699 3813 53 7390 5883 3897 3574 7398 9134 8411 2160 7328 4293 5908 5822 4470 4187 7191 5323 2352 2765 9074 1972 5666 7318 2168 2760 7223 2857 2614 1215 2801 8824 722 7453 3387 3721 8784 9712 2539 596 7966 1836 3930 2641 3674 6182 7661 9317 4314 900 4642 8436 6294 4102 4089 3794 1090 4938 6718 8155 6925 9783 4224 1377 6022 5949 17 7278 6650 7095 5294 4274 4164 8168 1396 287 4920 3084 7069 486 2348 2977 9993 2348 4154 4538 3739 4573 3114 1786 1701 8344 8704 5414 1441 688 7799 4727 2021 5049 1607 6363 9105 6527 8867 1350 1899 4209 5154 1209 2339 4438 8873 7722 3019 3475 3223 5019 3517 4483 643 8101 795 2283 7295 8889 2237 1849 9353 4054 3279 5314 164 6430 5746 1817 3465 8593 5234 9911 9730 1449 3027 7873 8514 3537 3355 4701 5812 8466 8948 360 38 8175 6901 9615 5600 8513 1019 8246 6776 3282 7523 5515 817 1114 4090 759 2857 5069 4183 77 9860 9160
4975 4717 6290 5122 1065 8202 2256 6088 3440 2737 7564 3169 9423 5211 2579 1846 0 1923 5656 6528 451 4399 5621 8224 7979 149 6474 6211 267 9466 1964 6763 7162 9586 724 7647 5270 5009 4969 5318 2434 4838 1918 4752 2048 1642 4706 9090 8242 840 9067 5438 6809 5689 7018 8135 4761 3139 3059 414 9287 6841 1745 4818 9877 3325 1688 8744 1382 5203 8545 8048 6248 3685 6440 6435 9654 120 6039 4635 2930 5760 211 433 5656 540 2350 1849 1876 7785 1008 7079 2945 1269 3432 4766 1715 170 8136 6843 5137 2890 9408 4970 7098 8099 7931 9642 1361 1225 8428 4207 7590 3136 5927 5047 7600 9029 4629 4024 9225 8388 9621 4499 5353 9804 3061 3590 9859 9243 5365 175 6214 9702 6720 1026 7285 5319 2630 9666 463 2130 6533 9709 7517 4165 3067 284 9473 8446 5959 7180 6512 1227 2520 1448 363 2488 1608 2014 1013 3596 8072 8686 2262 5412 8132 6319 2450 1325 3500 3235 9534 1424 7596 7449 6154 8431 9838 5553 9177 364 4216 9046 744 5211 8665 8095 4381 9313 6519 4946 6355 5470 8720 7594 5387 9579 4805 6440 8388 1891 6327 7578 2232 1988 63 2454 7311 511 715 3416 8082 5606 2511 8424 5944 3906 4877 8595 7784 1208 4162 7559 5516 2428 6960 3811 4139 7368 2940 2594 7706 8217 6706 2700 4618 7189 773 8354 1731 757 8300 9743 727 9002 3961 6330 4150 2430 3364 433 3168 9182 8191 9435 1684 7448 5246 8903 835 6901 6603 4277 5723 8156 1660 7229 4248 9891 672 4579 9910 6683 8073 2002 9735 6779 8743 9982 5768 1866 8014 9518 9555 1562 8358 7649 5257 6092 3337 4948 7268 3873 1928 2321 86 3699 1788 7783
130 4464 9208 5739 9919 441 98 3390 585 9399 6136 372 8655 3179 4923 3513 1923 0 9706 2669 1418 5682 7243 2875 9789 8806 7521 5459 6609 1719 6046 3024 8464 3450 4266 9049 7601 8673 6573 2685 3748 8233 6438 325 4455 6518 479 7546 3285 1752 6284 8809 2179 4581 997 2591 1726 9502 1710 2584 6610 3005 5174 3061 1687 7766 4277 9458 424 2226 7575 4709 9050 8333 1934 5132 4914 7269 3900 9769 8553 1167 6025 2293 8255 1533 4573 8369 2321 8934 7615 4095 1514 7476 8750 580 1747 5362 1743 7753 9240 629 9033 7233 137 1754 1345 5971 539 312 9623 2798 7149 636 6249 8331 4395 2315 8797 3033 724 7855 146 527 3304 9044 6670 9831 2996 7811 8690 6143 201 6671 7131 983 3735 2657 8251 4970 7919 1203 2841 7850 1573 3077 8899 3908 3455 778 8207 9807 5329 7174 3229 4128 178 7136 5691 6902 6683 7370 7146 4771 4752 3654 8504 4756 1427 1600 655 5380 1054 5920 8089 9928 5520 6162 8724 1092 3105 4018 4284 9459 9388 1264 6565 443 5930 1294 7306 197 9388 1575 6113 3565 6132 1989 4853 9511 4689 8285 424 2728 8930 796 2883 7583 8751 5548 18 7823 7052 1811 9245 7437 9800 6332 9138 5543 4320 9064 1707 5091 1110 2715 7914 1322 8355 937 1334 122 7161 5153 9797 5751 3612 3226 3556 2351 8746 2079 3523 5554 2836 1136 1453 3975 914 5978 2591 4130 2288 9496 1268 6366 5129 3485 8420 9136 8705 4114 5006 7332 2618 1337 313 3100 3795 3440 7142 3164 780 4038 1086 6072 4304 2106 7043 9818 7906 1021 6545 2636 1971 1774 9813 6281 1331 479 1085 7829 2087 3723 3438 8969 2724 2244 4864 1694
6386 6809 8912 7821 8766 2253 7673 7941 8297 6409 6803 2176 3999 9092 4791 509 5656 9706 0 6973 145 3289 4405 4168 7641 9363 8297 5752 2127 8226 8977 4100 564 3201 7964 5489 8453 9725 8983 6453 1199 1998 931 4646 752 4751 9540 9214 7450 8330 8934 1237 1059 4330 5777 8588 6069 8827 972 9330 2954 8829 6531 8618 793 9200 3791 2849 4807 6039 5263 487 7671 4010 8737 4428 8435 5539 2779 796 4704 1758 7815 2540 5886 7959 3402 9394 8732 8900 2744 5628 5161 3764 8256 4733 8450 2034 6261 6789 3473 5858 3173 5940 2544 2680 3804 1542 5603 295 8217 200 5360 4258 7427 6588 5443 3919 9727 9913 8838 9876 1716 1705 4846 468 9501 4702 775 8580 2370 1717 3685 870 237 9633 6303 8730 3295 6872 1696 6440 6098 9242 786 1463 5807 8214 6638 8798 3480 7001 222 6461 5453 443 3013 4877 4851 3185 8930 8738 726 5925 8040 2428 1438 5530 7967 2091 1930 5632 1718 7344 5792 5107 2541 2760 3890 3018 5978 2432 9106 3369 4284 1925 4442 6903 2735 579 4222 3136 5059 2707 1743 414 7553 7605 951 6601 7581 6452 2099 2890 500 4502 6394 8424 181 5639 3993 3831 7281 9025 3405 3452 9371 3029 5750 354 4194 7212 8755 3484 5200 3755 4572 2662 1136 5300 6157 839 9820 8000 8412 7079 130 3826 7850 7453 5749 3574 6844 8712 3527 365 7801 5338 777 4577 1783 3811 2409 6617 1164 5136 4254 9840 4644 3470 207 6681 2440 2991 5152 3154 7735 7792 5291 8982 9140 4999 7594 8286 7726 5603 1757 8643 7200 3796 6950 7448 8643 340 7749 3150 8328 9243 687 9676 9463 7792 3776 7615 2830 7709 7826 8333 9026 3529
4773 1444 5754 818 683 9500 5260 430 810 7613 2935 9480 8922 2245 1497 3872 6528 2669 6973 0 8407 7519 3578 3084 4727 1369 4784 4256 9668 3111 9040 3226 9596 2036 4952 661 7424 3745 4702 9905 8487 3695 2248 5351 4078 7912 9378 4990 6293 1083 4343 2346 8970 4701 699 9937 8915 5192 4651 4538 6227 5486 72 282 5443 6433 6847 149 6961 8526 4387 3909 5146 463 9678 9000 3811 5453 3317 7232 7071 9391 8691 3627 6683 1588 6791 5451 3136 4363 3433 4417 9467 8560 5601 1910 1267 2038 3173 3629 5232 6174 621 9893 8829 8993 5270 9454 8680 7332 5535 7486 3972 9073 7578 5790 9192 1740 6091 547 2428 624 7181 1499 4192 8541 4883 3603 334 3002 5772 4399 7860 9747 3653 3445 5643 9229 7845 3396 164 8271 4531 8608 3567 7504 7279 2378 9276 131 2273 2439 1428 2069 7574 6008 8806 4333 1343 2506 6000 4270 5360 8256 7157 5712 5720 1366 3577 9677 2567 931 7727 6660 3105 7947 2761 2881 7524 1510 4608 6263 7509 3106 2164 6600 1594 8584 6304 1253 3357 635 12 6898 4467 2125 7084 8260 2164 3233 4507 8511 7515 9909 1945 9284 6034 8232 2157 935 5450 1888 9364 4136 5960 3098 8771 5636 4216 1798 3194 8172 1972 436 7293 2652 9632 6373 5191 4022 3802 8657 153 4498 1641 7987 1991 8449 2009 7615 4386 6696 7715 3657 5195 67 3184 3524 9155 2945 2709 206 9507 6474 7236 8123 5357 2220 2481 1238 4856 5820 2520 9849 4573 5524 1764 5333 9576 3777 8465 6829 9442 5894 9433 2343 2379 4352 199 3378 4359 7719 1282 7502 8353 9503 6325 8121 6783 2952 6082 5461 1170 1705 9631 4213 6378 5597 3427 2198
5525 8170 2504 6794 4079 4778 3667 7636 6336 7392 4576 9761 5714 6908 1317 7547 451 1418 145 8407 0 9300 3076 8639 6028 8133 9910 1650 5130 9642 4053 5011 3437 2628 4586 8852 931 2403 4053 8774 8367 9170 2550 1999 8863 8873 9267 8456 9632 45 9286 9362 59 8089 2362 316 2694 6852 8902 3213 920 7153 3119 648 7639 7924 5093 6936 7658 1888 1754 9996 553 5493 2803 8591 8687 3665 3287 2698 3414 4707 5095 773 5248 8205 7679 2692 1586 8477 6889 6390 5248 2699 60 6169 2106 3016 808 5879 7484 2053 471 8763 6633 123 6941 2542 265 8530 70 6720 9136 1070 5156 763 872 9674 2645 4176 58 8210 611 4087 2410 4570 4318 6908 3336 1509 8407 2202 231 6493 9939 3878 1594 3238 672 2593 6378 3914 9803 3606 6886 7937 1392 4488 6789 6817 7079 5554 6763 6886 779 3703 2834 2188 6160 8339 485 7972 3030 6693 957 9780 5863 8205 8078 4236 916 9825 3245 4280 9522 3638 3424 730 8573 759 1483 2498 1656 6843 8843 4266 1476 1650 9247 6462 1869 7048 2605 8694 7143 6015 9252 8497 7922 4946 211 5560 9272 6365 8543 8084 5590 6529 4964 2396 3957 649 6422 8850 9541 9246 6584 9416 9063 9725 1693 7562 7391 401 4805 8070 5824 2251 2189 3040 6442 964 5446 8133 3173 6001 2020 6977 3546 7995 6588 7791 4149 1009 4434 1604 8621 3882 5933 3764 2628 8967 4756 9887 2487 4363 3658 2121 2958 3755 3397 8485 7447 2258 5085 1340 302 9281 6770 9024 5467 6219 3805 8584 3404 5242 5731 2721 3323 298 5295 6121 1045 4315 3789 1884 9217 1595 5255 6284 7119 5349 5665 2841 2240 2028 7854 262 4010 616
1798 3491 5350 9242 3375 1527 1120 2428 1926 1216 324 1950 5124 5093 7915 2221 4399 5682 3289 7519 9300 0 353 9528 1310 5009 6679 9212 2845 8107 8986 9168 108 9825 4675 7518 7571 7060 8850 3389 8218 1026 6230 556 9185 2419 5534 8156 8804 170 6474 4456 9218 5901 7366 7727 7388 4454 7859 1871 2371 9912 716 2707 691 9969 4495 2682 9961 3225 7610 7637 1322 4419 364 1290 5626 5703 7692 5908 7479 6136 7287 503 9296 5245 6444 6730 3625 3845 2546 3895 6607 9202 1501 8697 9528 1342 2243 653 6799 9900 4337 4408 7726 3522 9906 5350 4410 3441 7393 6668 4063 8253 4200 6797 9131 21 8411 1590 9564 4752 716 6659 3100 6933 7300 2171 7950 7884 3310 4755 8175 2077 2280 3660 684 4804 1396 1972 8859 2125 5537 3183 7125 3357 8845 3688 3480 8469 2729 2574 1517 4313 2686 864 6374 2111 4070 288 8437 8455 6000 5059 1410 4902 2452 5027 4623 6294 3643 2638 3316 62 6619 4075 7654 8816 3963 7945 995 7838 7456 4251 6635 584 9028 560 8946 2818 2223 3489 2253 4377 6101 3393 5041 2815 2318 3589 8758 3664 9017 877 6768 756 4739 7127 4386 7372 2541 4201 2078 9899 3489 6147 4495 2878 4861 2181 2594 60 4172 7657 2057 9648 5952 5677 808 1648 4914 7025 7623 4822 8035 7738 3931 2179 2368 6609 1381 7333 6567 3247 746 2988 9651 9368 5521 3378 2399 5570 9144 3047 7329 6891 7657 1325 1106 7370 1859 8352 5097 7275 100 1875 7083 4767 7086 3241 6443 2102 1016 6621 4395 4251 1117 9203 5719 1962 7639 6341 9022 8737 9717 9049 713 940 3169 6692 1043 9980 9761 8340 6578 667 6211 3212 1497 9122
9128 4763 2676 5592 6964 3597 621 2144 3724 2752 4331 8523 6802 9947 619 9754 5621 7243 4405 3578 3076 353 0 698 4829 9157 8434 1520 9204 3508 6042 4290 1143 322 5593 5841 1842 7947 813 3403 7 7790 7505 3604 7933 1772 7983 7998 6367 655 1040 7871 8340 8418 3308 3487 7498 9758 9266 3005 8675 8129 2359 6952 2213 5463 9244 4041 2221 505 6510 8065 1627 2878 4371 7251 1009 6697 8880 2703 2790 2602 3365 231 3300 4825 6612 5804 2722 4735 9841 9244 3406 8992 2679 4379 1680 4882 2598 4263 3920 2380 9211 9005 5466 4311 2214 3567 2721 8135 4004 4879 2708 7859 7151 9631 2243 1326 9854 8894 8227 9532 4163 9748 5320 9901 5402 8252 1559 4385 1353 1099 8937 1336 87 3284 2867 5738 8546 1447 5454 3398 6612 5670 4574 5927 6026 1911 7724 2211 7676 5121 2608 2466 7895 430 2657 549 8580 1859 179 2782 7450 2110 4387 7949 511 1827 3791 1372 3576 7017 1505 7869 4631 529 9029 5193 8256 3173 3461 3979 3954 5240 7752 212 128 85 793 9172 6364 1052 5507 3003 2481 817 746 874 7639 2805 3130 431 5952 6943 2976 993 3053 3598 1516 2980 5908 1030 501 2361 7700 416 5243 8812 1913 4099 8703 2934 1897 7627 2924 1830 21 6185 701 1152 1286 8361 5842 9159 1391 2985 2805 584 8815 3628 7179 9578 7504 3681 8043 108 6348 5433 3636 2946 3361 8731 7338 9468 4363 3499 4651 6441 6587 2267 6705 3615 6115 4401 8036 4094 8598 7174 7084 4403 5371 1430 7562 3553 9313 8546 9082 4408 9057 4233 8928 8320 7856 285 6591 5371 3165 9378 6808 9774 2885 1165 1179 620 7950 5243 2594 493 7316 9082
3798 956 3835 4213 6944 3399 6666 7045 8347 4010 8603 4982 5213 6103 4231 9186 8224 2875 4168 3084 8639 9528 698 0 111 3959 2710 7974 223 3262 8780 6670 2727 9347 2976 4748 9729 4807 5843 5670 2634 2269 1439 4427 3326 5426 8092 3248 8091 8655 4984 9058 1875 7682 4168 9636 3403 8540 5378 1878 4773 5356 9617 47 4889 2886 8448 3379 9252 1985 4961 2330 6408 1391 9131 6208 3785 5840 7950 7776 6460 7768 6878 6758 2687 6991 31 5359 8505 7127 1342 1455 684 6939 9177 2433 5507 6813 4249 4759 750 405 3384 5111 8761 4912 7237 6413 6179 7827 8565 2261 1449 7690 4399 3279 5734 4489 5117 3636 4942 5132 9869 5946 7750 9233 1029 8501 3337 9341 2536 7656 7509 84 4969 6889 5044 1907 8255 4547 152 8483 3672 9177 7151 8777 8463 4212 4890 3480 6423 4654 9469 7170 3163 9940 5531 1204 410 804 5348 2010 49 1864 5244 3894 7705 5031 8992 2009 4573 294 5567 4128 9315 5260 3865 4796 6176 7686 9287 8485 2509 2556 2725 4609 6947 9837 1306 2648 3801 7072 5316 63 3855 2784 441 3123 1583 5062 6555 9126 7150 6233 2954 6028 8561 831 4876 3008 116 9428 6941 9997 4076 8956 7782 3721 641 4738 1478 8553 1669 9234 6163 6482 2199 1833 8547 7071 8257 664 3859 3986 5935 8869 5234 5620 7914 8610 1661 855 7419 1493 4885 2934 7813 6327 2405 1531 5827 6877 6757 7047 4470 5460 3491 8256 1868 1082 974 5172 7967 260 2569 199 565 52 6349 8339 4491 3548 9378 1994 907 7812 749 5767 6000 5880 426 7168 1429 2693 4092 3743 3148 8230 3855 7235 8503 6515 5584 6706 2661 6446 1448 1707 1875 5679
8344 9505 5896 1468 8567 8737 8803 15 1105 103 3185 1520 2331 820 7293 9932 7979 9789 7641 4727 6028 1310 4829 111 0 9950 7150 4492 695 6485 7141 5441 5419 8190 7945 1480 7095 5084 3642 9473 7913 6638 8585 3255 743 1226 8302 2841 559 5199 7032 4907 6700 8934 7896 4902 5437 7571 5092 9968 4808 5310 614 9848 6272 4410 4478 3155 9027 7612 1998 9898 5297 2420 6929 40 8633 4315 1407 9378 2928 3566 1140 50 1229 497 8952 9249 34 9616 6204 8083 5551 1951 3092 5593 6478 1325 2646 5719 6232 846 7931 3596 9105 7683 2191 4966 4431 9589 8294 9072 4299 8107 3540 6073 1751 5445 7827 5606 4489 5092 7036 1663 4474 792 5476 6302 3565 4876 4231 6784 6957 1081 3573 4189 8586 7652 8013 2219 5851 2989 4719 3584 7439 316 933 4595 2530 6512 6621 8095 1656 5996 9470 1602 1896 3741 1596 7939 8881 3926 9232 8629 5169 9062 3086 5928 4296 284 9164 7339 4444 5579 3024 1575 7087 6958 5670 3600 7714 3994 9802 2733 755 9811 4540 612 5429 1348 2751 7286 3134 2411 11 9120 8313 4554 5475 9716 465 8851 556 5905 7199 8375 6590 4645 1864 670 6932 6913 239 1705 3960 6722 1625 2671 2781 9826 6859 2276 5702 6427 1722 6061 3430 3035 4045 5390 533 7884 59 192 3078 7789 9399 8776 4480 8243 6037 1565 970 8474 1657 4147 8172 59 1400 1764 3280 3221 9391 902 7433 791 3021 1832 8284 4128 8545 3471 929 9116 3265 5243 8793 12 8537 624 8457 2468 909 4125 1776 3233 9082 8421 9724 8418 5751 4526 4863 2354 1574 385 999 8459 9130 3938 2586 6996 7396 8450 9883 5900 8006 1005 7991 3103
2770 3566 7036 9070 227 9795 5099 4582 2171 926 3203 5978 4440 7867 8910 886 149 8806 9363 1369 8133 5009 9157 3959 9950 0 4583 1439 3859 386 545 4624 1163 9038 1784 1417 6043 8432 9843 9433 246 8056 1260 267 2373 9851 6080 6884 6141 2446 7105 1452 3163 6541 6450 6170 2797 5119 7413 5377 8967 7517 9235 1874 15 4594 9836 1834 7159 8538 7903 2673 2342 3278 1917 5432 5113 6494 3150 2652 1038 3462 2148 408 4775 5061 8626 6278 4020 6855 1518 3137 4012 4271 626 7835 8646 7647 5521 1830 62 3503 7401 909 3383 3693 3981 2144 3016 8860 9783 7974 1830 7638 5615 8533 697 625 8810 9961 70 112 8071 6840 6505 5493 7281 606 1955 9577 4501 1139 9829 9143 2150 5073 615 9892 8121 5724 6408 6220 6390 2851 3067 2055 1676 5937 1713 7919 2045 9416 5464 7116 1816 4089 7594 1473 1495 2916 2615 4175 9929 3149 8298 194 3589 8931 5013 5509 5767 4978 3547 7018 7235 8590 5591 3830 5137 2434 496 8974 3475 9046 4605 1104 4143 9558 9948 1873 4010 8283 3589 5032 6980 3113 3202 5837 8686 3915 9263 9400 2107 2105 3701 2226 4590 2233 6222 9299 7253 9841 6401 6610 9040 9266 8789 3202 3990 9895 3028 1545 7719 8457 55 831 6951 8491 1926 9354 3450 2858 3198 5886 1452 2632 322 7734 3223 9807 7118 4030 2131 7230 418 1449 5992 5979 8176 6226 2708 4948 8201 4685 9884 3644 9918 9513 1859 9634 4571 1806 1914 1091 1684 9713 4445 3109 6814 3451 4312 4648 8860 6142 6117 7679 6996 3041 7115 9231 957 3814 5264 8078 3689 5087 8343 6878 1461 7018 6241 4577 4635 6463 2019 4391 6270 764 1513 3714
9665 259 2034 1194 2723 1837 6412 8132 7784 7731 9740 6037 2375 7717 344 989 6474 7521 8297 4784 9910 6679 8434 2710 7150 4583 0 5057 3413 3375 9115 821 4371 1090 7506 9018 9751 3779 6067 135 6059 9690 1302 8203 8437 6984 6523 5405 5445 3166 5202 1987 7361 6100 2054 5851 1672 1826 4862 6797 4932 4132 818 8978 5938 7953 4318 5681 206 6898 7413 5620 9905 8259 2192 132 7611 8618 5479 4623 425 8353 4828 221 3451 1820 7555 8890 3836 6213 3254 1060 6612 8168 6125 7205 1730 1827 9410 4657 9366 4034 6538 950 5203 170 8237 1186 6980 2751 260 1039 5602 7270 188 5492 6107 5711 3299 457 3088 8894 1733 1806 3375 8246 6218 6030 4798 9343 2553 6297 8764 7045 5319 9043 7626 1138 9305 3195 9736 1970 8977 7362 7214 3710 8588 7726 92 6464 871 1124 5170 1527 8710 8469 8107 9537 6970 5939 194 4549 8163 4054 2839 4 9326 2580 5863 3028 459 102 3356 7511 6682 7128 4271 5514 9779 6827 1702 8979 3624 2567 8968 2254 3303 764 3012 9415 5838 5485 5504 8994 1370 2306 8015 3350 8215 7547 9022 7236 6828 8872 6933 8656 6635 6453 9639 6470 3961 8723 7544 7188 9991 6979 8637 6895 797 8260 8118 3398 4558 9653 3218 6753 1924 7269 6079 9745 7831 1960 3739 3997 2250 7872 9455 4954 2548 4285 8785 8566 3806 1274 6163 3073 7671 5656 5226 8533 7141 3027 8953 6662 9661 302 7160 1080 7974 9091 2581 9554 5933 1140 5327 7216 1542 3374 4311 5495 7503 1287 1277 5644 6715 6545 7156 6418 3454 8533 4134 4261 9311 8851 2293 8775 957 9664 9879 6908 1675 4372 6226 6217 3525 5428 8789 2146 7498 1554
