100
0 6901 3176 26 5734 3595 5287 5756 1512 1343 6094 1561 1367 256 5063 6108 7989 3903 3787 6226 1288 7841 5307 9912 5322 7297 316 369 6413 9260 5656 4887 6371 7169 4553 5249 1291 3138 9519 3021 4639 1338 6663 6887 5754 7208 149 5913 363 6712 1576 3287 781 4368 6283 4825 3794 3155 443 2109 4014 1534 71 5937 4971 1984 5578 2132 70 5997 6594 4825 3458 493 3757 6304 5280 524 6325 1733 6490 6155 4628 3414 8158 2722 5319 1653 5768 923 5081 1667 7227 4674 9968 7581 5670 3374 2740 128
6901 0 6802 1502 4656 2763 5998 7474 6758 8833 5107 633 1054 5002 8787 4656 2141 686 2600 6992 9145 4619 2095 4097 1246 2653 3100 8351 6352 2275 3879 9351 7660 5081 9057 5023 3155 8025 1924 1180 5297 6256 1932 3315 8691 8793 8983 7084 6041 3699 1649 4906 1541 8645 8441 451 9513 7938 8041 6549 1050 706 1541 4483 3105 4152 3186 1927 8640 8451 8069 6468 1155 4442 2816 4400 1809 1875 2140 2303 1074 8812 7429 3678 4694 3049 4564 8175 4255 7429 1434 2328 8347 7479 4411 9179 4297 2917 8162 2043
3176 6802 0 8758 5696 846 6704 9074 8464 1774 1002 8227 1987 5066 4770 1322 9398 6393 675 6029 4563 3787 1496 2246 5604 3862 7633 6423 5618 1126 8038 6813 4038 3767 8076 6735 3600 1991 2666 8659 5512 9667 6085 3156 3250 7522 1427 5009 6510 8521 3487 1619 5019 9573 2842 4538 6638 4572 2775 4999 7240 2274 3290 519 313 3515 4098 5309 3155 3073 5531 5071 6249 6580 634 5857 3430 4785 166 7618 9983 2322 6286 1051 7653 4319 3009 610 4233 6348 2642 2685 6210 4524 4440 6443 4385 7085 9022 7345
26 1502 8758 0 9843 8216 3719 977 8133 6449 2862 8727 7419 2774 142 5542 4772 2236 811 7332 5319 9049 6860 5672 8021 4576 9130 2766 7652 5811 1028 9608 31 2544 5941 559 1697 9121 6151 1058 5474 9511 9420 959 2295 473 2969 5401 5143 2047 7077 3496 757 3184 3368 3998 1566 5152 9723 4030 1123 3246 8630 5596 9686 4730 7834 9978 6942 3734 9392 4608 7506 84 8471 6385 8279 2305 2013 9055 2496 3141 7313 3370 3226 9559 4260 2015 4731 6558 4448 1337 387 7958 7381 3512 8316 9785 6544 3724
5734 4656 5696 9843 0 4937 117 2652 683 9641 1991 2586 5765 2130 6058 9434 2324 7491 80 8355 6579 6138 1969 1171 9555 2912 4582 1153 9421 208 4715 4895 9566 7193 2873 2925 4289 4500 2812 5126 9588 7213 3591 5429 1566 6952 7826 7947 1151 4557 1357 8678 8942 553 3110 8907 6401 2943 7170 6247 6307 2570 1461 6038 9718 3505 6945 1331 2177 3299 734 6628 675 39 7396 2368 303 8349 9121 8237 3415 2088 7779 9361 3946 4018 8490 5521 5018 2283 8431 5448 8202 4733 7170 8157 894 2464 4679 3208
3595 2763 846 8216 4937 0 7535 615 6109 1786 6807 8297 2678 8263 3436 8495 7018 5892 772 9878 4390 1010 9322 4499 6366 4099 5758 959 5353 7024 1148 1105 6494 4489 5130 1934 6390 4976 545 486 1443 9037 9218 3849 2936 9497 9234 9615 2696 1514 4412 4461 4663 5592 862 3819 3249 1449 6904 2319 3927 2699 7205 117 6178 8221 159 3782 3874 5568 4277 7984 3530 9960 7114 7358 8004 2070 9435 9382 5985 8845 4524 7599 2938 8092 1298 6977 7484 6152 3705 5093 3705 5107 4226 4518 7791 1738 7144 836
5287 5998 6704 3719 117 7535 0 8967 8901 7838 4922 3886 6074 759 7793 6856 566 1848 7080 8237 4172 7485 2193 9170 692 9939 1298 9863 6642 7867 1998 5601 5043 4507 6675 9502 609 5118 8975 9414 4364 3406 1764 3421 7822 9140 4479 1478 9229 2707 700 4169 7978 6265 484 9711 9947 83 9736 6701 9783 2619 1940 9597 2861 9377 1673 3659 9438 2500 3627 864 5796 4489 7789 3703 7716 6885 2379 9505 1221 2482 912 3882 1677 7729 1990 9058 8816 2702 7836 8833 2210 3236 8746 6138 6206 5280 9298 7674
5756 7474 9074 977 2652 615 8967 0 719 2434 1853 3780 3242 5204 2343 7964 7089 1274 8165 171 5073 9377 9041 7226 9676 828 6127 7101 2374 2226 3867 2168 5138 6471 4500 489 5666 4499 6515 6682 8786 2501 8914 0 1447 5671 8965 769 9740 7982 3383 6207 5353 8823 1456 306 7161 3469 7204 7108 3874 115 8486 5467 9305 2001 5918 5127 2919 3190 1361 1048 4940 8238 2551 6086 3111 6327 7855 7278 6533 4791 3837 9518 1534 1436 9841 1571 7654 6434 2502 1027 3842 8353 9408 1570 8719 9616 3520 7876
1512 6758 8464 8133 683 6109 8901 719 0 9968 8456 6669 8962 9497 9897 6696 7087 6573 3994 5506 1251 251 7226 4260 7936 1955 5448 789 451 3433 527 4137 1959 4061 6631 5039 8272 2639 4690 5753 6867 2716 8352 4883 3773 2712 7026 1861 2985 9134 632 1356 5199 512 5397 2440 2142 8609 1266 7807 3409 296 1116 140 9930 1541 1886 75 7010 1375 3462 4969 6475 9478 9448 6483 1311 2097 8055 9700 7363 8985 1518 1170 5219 3746 9588 2568 7037 9461 9605 6021 6339 2237 6193 3225 9638 9714 6984 3262
1343 8833 1774 6449 9641 1786 7838 2434 9968 0 2263 6424 7609 9342 6901 9983 4438 2608 2565 6468 157 7987 3242 9516 8551 2792 3635 9055 4766 6399 9181 1065 7990 8088 3156 8642 8435 1837 2888 2771 36 7233 3771 7055 5457 127 2508 8601 7897 8415 9493 5821 764 1998 8863 5931 5620 7738 8117 7897 953 9044 3850 3966 9049 9734 6565 1039 7355 4581 4225 2496 7112 6807 9205 7871 7261 3105 9068 4640 4991 4902 8786 4901 6304 4048 4727 2668 4329 3266 8015 2593 5556 3346 2559 8764 3586 4060 411 1373
6094 5107 1002 2862 1991 6807 4922 1853 8456 2263 0 184 5962 4306 3498 1534 4459 2926 736 1970 5090 9569 4584 8407 329 9020 9053 8901 5854 6727 7197 4083 1712 5089 5250 5118 5374 2294 7932 6504 3962 3561 8782 8492 9773 765 9722 5212 797 5352 4015 2293 1214 3376 2377 1128 2131 7504 5730 2128 4724 566 7670 1104 4308 5621 9453 3865 8664 2592 810 3455 6309 7066 4202 3874 7457 9712 8970 1980 16 5269 9754 3801 5806 1976 6823 6335 3444 4587 6536 1433 3178 691 4384 578 6703 6473 9181 2343
1561 633 8227 8727 2586 8297 3886 3780 6669 6424 184 0 292 9645 4002 3153 3706 4168 1935 2306 2576 3686 8275 5813 8861 2899 9166 8891 3749 7527 7226 9987 8763 4619 4209 636 568 4833 6732 5259 1396 2763 5993 404 7749 3245 7669 394 3978 8897 3096 6152 9966 4619 4621 1021 7774 4932 712 1484 9655 961 394 9071 1909 8678 9267 9960 562 5187 9080 5357 5579 5402 1479 5430 1402 412 8616 1380 692 9942 3116 3929 3184 3892 6576 6221 3743 77 72 722 9658 7728 5166 4341 1516 1541 81 4187
1367 1054 1987 7419 5765 2678 6074 3242 8962 7609 5962 292 0 4570 3969 6824 1396 3301 9614 7933 2072 6944 2476 8878 9664 4972 229 6050 1710 851 3502 7231 3757 9122 3056 7759 7145 7339 4159 7910 8868 2041 4880 280 3858 8118 3053 6509 652 9867 4340 535 77 9367 3477 5306 1024 7513 6192 7338 7683 8646 4581 1534 4913 9519 3208 1302 9839 2264 4872 5900 5919 269 2095 9403 4575 1066 487 1232 5167 5339 7867 1301 5058 152 1343 3499 2869 1053 5371 7752 7437 4851 853 8208 732 3059 3246 8379
256 5002 5066 2774 2130 8263 759 5204 9497 9342 4306 9645 4570 0 3043 5640 1570 72 7380 20 1615 1354 2484 6421 6295 6427 7502 3946 7940 1230 7332 6454 9349 5890 9656 1612 9184 2032 2510 8585 2293 9892 4119 2082 7464 4324 6774 7582 1477 2289 9370 9929 3310 4170 124 7194 2114 2546 2223 5140 4851 8023 9898 3631 8141 740 4585 3540 4922 2657 1231 7472 7 4573 511 6312 5843 1961 2880 1266 91 5503 9304 7267 9319 1298 4326 1059 8988 164 6056 7384 5396 6134 1648 3187 6696 8804 8610 1278
5063 8787 4770 142 6058 3436 7793 2343 9897 6901 3498 4002 3969 3043 0 7948 8929 2933 3880 3184 4830 9692 7556 2775 340 1048 6003 2809 447 6436 1755 5411 5556 235 6477 4481 2210 8906 5485 1164 7281 1181 3360 7333 5823 1257 2654 9613 9611 1264 3601 2145 4952 1470 9589 954 1173 410 681 4043 7872 4529 8280 5491 4951 7085 1050 751 1549 8290 5590 35 9495 3349 1011 8147 9620 8041 8230 9155 115 6540 9837 9243 9465 4143 1372 283 1216 4209 9158 3900 8923 2573 1469 7665 6864 9870 510 757
6108 4656 1322 5542 9434 8495 6856 7964 6696 9983 1534 3153 6824 5640 7948 0 7689 8058 328 1763 7541 4203 953 9932 3293 1288 1947 6195 9573 5122 5384 7083 8028 3002 7060 3888 352 7194 7789 3482 2551 8148 507 9885 5788 2681 8871 118 1999 6068 146 6166 4045 6885 8325 168 6102 5323 7138 7188 9204 7538 7607 9453 3103 7914 4554 2123 2167 3502 3712 4724 857 3768 1848 3913 4584 7362 4146 5913 9611 505 3210 3549 6022 2261 9536 6591 5074 2998 2738 395 6407 4517 9406 6343 7087 7815 1541 9380
7989 2141 9398 4772 2324 7018 566 7089 7087 4438 4459 3706 1396 1570 8929 7689 0 1465 5983 1481 7663 1668 3383 8826 1553 961 9659 1204 3548 9932 7337 4638 2396 1426 6916 1498 6562 2533 4761 2048 3743 4094 1740 9138 9065 1972 2747 2745 4829 8724 4891 4393 3813 4525 6814 6709 705 5959 419 2878 5170 9727 2303 7037 6478 2389 8083 1365 8777 6741 2611 3071 7025 49 8375 17 4236 9113 6127 463 2726 7222 1962 9455 787 1497 3370 1878 3918 2002 6480 150 4780 2035 9914 1498 6024 5628 6305 8
3903 686 6393 2236 7491 5892 1848 1274 6573 2608 2926 4168 3301 72 2933 8058 1465 0 3123 1300 2108 5398 385 3738 9159 135 6497 8186 1944 4532 555 1701 9918 7748 19 8795 3577 2284 5104 3417 1344 6709 5340 2840 3889 5329 1351 5747 5047 5122 1798 661 7224 6218 4731 2075 85 1445 664 3984 4709 7458 9030 4207 6601 1172 6038 2079 5648 3458 9523 9584 5757 5471 7772 7407 1856 1142 3151 8144 8213 5296 1525 5964 1068 2701 6462 1240 6787 9977 2494 6783 810 6565 7607 2868 845 9507 4246 7491
3787 2600 675 811 80 772 7080 8165 3994 2565 736 1935 9614 7380 3880 328 5983 3123 0 442 2370 4180 5390 7985 4811 8184 1326 5365 3852 4695 673 642 802 6593 8376 3509 3086 8576 8662 2392 3835 8822 8292 4849 7340 3226 9411 997 7210 856 3770 9603 4709 9636 8445 3042 7012 8133 8436 4279 60 9229 3237 3514 6126 5866 7637 6826 2254 7365 5246 7567 3306 4779 6343 3078 2388 1617 7850 5739 840 6017 4483 2034 6019 4126 9281 3684 5740 1500 7182 3561 3517 9978 7155 3684 7305 9433 380 9965
6226 6992 6029 7332 8355 9878 8237 171 5506 6468 1970 2306 7933 20 3184 1763 1481 1300 442 0 3948 9687 8567 6311 1110 8316 8901 2830 9907 1439 7062 120 972 4452 6091 6576 5084 1651 8306 4592 2918 412 1770 2222 3235 6139 5165 9388 4027 943 9608 4138 8698 5662 5562 9142 7646 3556 1588 4634 823 8990 6064 4705 7308 4290 7402 3089 348 8967 6847 1114 1840 5614 6776 4075 2957 2380 7245 9540 2233 4950 9264 674 2834 2783 1804 1721 6136 7407 7921 4492 4116 8481 828 83 8654 4729 1076 1365
1288 9145 4563 5319 6579 4390 4172 5073 1251 157 5090 2576 2072 1615 4830 7541 7663 2108 2370 3948 0 8490 4936 282 1187 1937 4380 9333 6357 7940 1610 8799 2439 9216 1706 5209 5680 257 3603 7002 6630 3280 780 2649 9799 7501 6120 712 9215 8182 8686 5154 3918 2185 3494 2177 1694 3087 554 9807 1808 48 5206 8260 9435 3387 6157 5586 4165 781 3946 9638 5813 6953 8369 6143 4980 5627 6036 2242 231 9373 8287 2501 3015 1165 471 8380 7268 9897 9202 9293 1154 8624 3844 8261 1278 1294 6723 9218
7841 4619 3787 9049 6138 1010 7485 9377 251 7987 9569 3686 6944 1354 9692 4203 1668 5398 4180 9687 8490 0 5469 5838 3070 7006 1522 644 1451 1199 3407 5907 5016 5252 4571 4840 993 2572 4138 9263 2860 2726 716 5482 9973 2469 6754 6054 6047 9172 3479 7476 5912 3966 1106 635 914 777 7066 6647 6728 4137 519 7159 4298 4722 7383 4979 224 9780 6743 7224 8782 2739 937 7173 2894 6933 605 8192 5088 8318 4839 6065 3832 8554 7530 4417 6211 9778 9468 9435 466 6666 3409 8681 7787 2260 743 4591
5307 2095 1496 6860 1969 9322 2193 9041 7226 3242 4584 8275 2476 2484 7556 953 3383 385 5390 8567 4936 5469 0 7174 9351 3392 2857 2396 4768 6117 7417 12 9181 785 1684 6589 3245 9288 591 3516 4390 6358 893 1722 60 8630 4025 6843 930 6450 8743 3301 775 2748 6935 6861 5361 8442 6978 5646 1408 6743 3005 1840 6455 523 1082 889 2723 4221 8382 9073 8406 2406 1960 947 3257 8186 2257 5762 7016 6484 9729 9858 6697 196 6463 9653 9654 2639 6266 3348 6975 3223 9264 5331 4025 725 1499 1804
9912 4097 2246 5672 1171 4499 9170 7226 4260 9516 8407 5813 8878 6421 2775 9932 8826 3738 7985 6311 282 5838 7174 0 3050 8188 939 4498 8515 8987 1866 2065 7043 2388 773 9273 9930 5014 1403 2326 9837 3362 465 7447 5147 5369 9632 4225 9438 7173 5726 9072 6601 8620 876 284 7437 4307 3041 437 2560 560 5615 886 3598 8658 4019 7023 3212 4367 6389 9538 1547 3596 2909 5364 5391 8821 1970 2131 1249 5809 550 7437 7317 3200 5340 1399 8792 2584 3890 9643 8079 2016 8217 263 2628 7714 2129 8554
5322 1246 5604 8021 9555 6366 692 9676 7936 8551 329 8861 9664 6295 340 3293 1553 9159 4811 1110 1187 3070 9351 3050 0 6403 8157 9512 2607 7186 658 8437 3424 8445 3798 6729 1492 9687 3026 6904 2728 6916 4471 3496 2390 1408 3503 3934 5547 6628 4282 4266 8464 6758 9022 3723 1189 5656 9600 5453 2105 9901 1432 601 8927 2222 5823 2172 7207 5447 8198 1030 6987 1001 7561 7061 6966 3853 9949 8886 4638 596 8787 635 4776 6711 6617 3637 434 1838 5966 9541 3828 8733 4367 7565 552 2051 1695 5746
7297 2653 3862 4576 2912 4099 9939 828 1955 2792 9020 2899 4972 6427 1048 1288 961 135 8184 8316 1937 7006 3392 8188 6403 0 2440 7710 7218 58 7431 8064 6945 4700 679 4091 2987 854 8826 3750 9384 7459 9846 2942 4519 4318 2981 4797 1773 6747 475 9755 388 763 2659 5173 9344 9323 2519 113 4624 9549 4536 3502 8010 901 873 9301 3186 8975 5749 6737 2790 6022 1160 5761 9262 581 797 8449 2092 9444 3940 3166 437 7084 7957 714 4128 3410 9933 0 8725 8593 2171 2429 5495 4600 6402 9172
316 3100 7633 9130 4582 5758 1298 6127 5448 3635 9053 9166 229 7502 6003 1947 9659 6497 1326 8901 4380 1522 2857 939 8157 2440 0 6126 1172 3826 6913 1174 7081 1375 280 4481 122 4754 7098 9980 1677 3637 8112 5622 1696 2143 9908 3658 1116 5279 831 2880 5127 7271 8147 7115 9679 1166 2109 4592 3375 1324 1082 2185 7502 4240 9022 8563 5444 6283 6888 8438 728 5155 6985 7500 5829 4550 1635 9755 4015 755 2833 5896 3701 4791 6290 7818 397 472 6274 5682 1863 3862 808 6176 4933 3515 4216 5452
369 8351 6423 2766 1153 959 9863 7101 789 9055 8901 8891 6050 3946 2809 6195 1204 8186 5365 2830 9333 644 2396 4498 9512 7710 6126 0 9536 1143 2684 9942 91 8329 4051 8893 2871 4097 8223 5709 4057 6408 8481 4918 8535 8591 7812 803 3358 9967 5084 2800 5467 1837 7038 1895 825 140 6432 7179 1285 5431 5933 3846 1693 1430 2513 4142 2877 5411 3738 7967 4705 4075 1391 3563 7534 7193 4951 4527 660 2073 4940 6031 9352 1234 7053 2501 2240 9065 1824 511 9501 1371 2083 400 2854 2580 2365 2906
6413 6352 5618 7652 9421 5353 6642 2374 451 4766 5854 3749 1710 7940 447 9573 3548 1944 3852 9907 6357 1451 4768 8515 2607 7218 1172 9536 0 7766 8226 6891 1847 5621 2189 9246 1184 7797 5111 9364 9363 9508 6035 7593 1865 2621 5673 6903 78 7054 4594 4324 3027 8079 801 4226 8971 3402 6883 3819 3405 429 3976 1432 1611 4332 794 9521 9726 3269 983 8819 9396 2931 4305 4790 5685 5034 5419 998 7646 1612 2827 8893 113 1587 2652 8123 2666 6718 444 5495 2449 2716 8010 7609 3525 7090 7466 6405
9260 2275 1126 5811 208 7024 7867 2226 3433 6399 6727 7527 851 1230 6436 5122 9932 4532 4695 1439 7940 1199 6117 8987 7186 58 3826 1143 7766 0 9519 4828 7122 9395 658 9657 5076 272 4325 9813 6915 8618 624 8439 9758 6379 4320 7150 3898 7095 3509 9325 1111 2652 7550 5985 8190 8551 4115 6552 5970 9674 7046 7313 7331 8059 4375 334 2397 2076 5182 2406 451 8632 9645 8158 907 7430 4267 6273 4067 991 7846 6728 5986 6990 686 1392 4596 1316 4423 6573 9261 1408 5786 443 9328 7779 142 7526
5656 3879 8038 1028 4715 1148 1998 3867 527 9181 7197 7226 3502 7332 1755 5384 7337 555 673 7062 1610 3407 7417 1866 658 7431 6913 2684 8226 9519 0 7869 1595 4135 6384 2668 5466 528 4793 3353 3196 5126 308 2721 9962 2489 1279 6443 5235 5774 974 2148 4984 1728 2575 214 9765 8423 219 3133 3539 7358 5903 7878 824 5464 4024 9914 1835 3871 8451 5280 7886 4126 9828 6873 7276 9786 6256 5079 1219 9440 1898 6031 3631 6531 3095 4351 3345 8791 964 9627 3366 5217 8295 3917 8246 4195 3884 5858
4887 9351 6813 9608 4895 1105 5601 2168 4137 1065 4083 9987 7231 6454 5411 7083 4638 1701 642 120 8799 5907 12 2065 8437 8064 1174 9942 6891 4828 7869 0 409 8600 2909 9939 3803 2098 8921 289 8321 2473 2522 2560 6477 6744 3326 8861 7455 5499 565 5573 6956 6243 9765 9792 5092 5931 266 7331 6714 8482 8251 6174 4626 4956 8988 7952 9833 9706 6472 9045 1449 87 4826 8094 3131 6708 9380 9502 1308 3824 5864 1389 8568 7809 9666 6035 1816 7437 6284 532 928 3441 9118 979 472 6788 6278 8154
6371 7660 4038 31 9566 6494 5043 5138 1959 7990 1712 8763 3757 9349 5556 8028 2396 9918 802 972 2439 5016 9181 7043 3424 6945 7081 91 1847 7122 1595 409 0 6118 952 2311 5041 3892 2856 3661 3042 386 8587 7887 5054 3047 379 2899 4503 140 7277 5703 3987 7012 5509 8589 3227 1640 4567 42 3247 209 3252 9598 4717 516 9773 3250 2537 8702 3579 2974 840 1404 4336 538 381 8033 5865 9499 9825 9670 9996 9051 4422 9522 6888 7094 2415 2944 8865 8263 971 112 7645 6587 7696 5401 8240 3936
7169 5081 3767 2544 7193 4489 4507 6471 4061 8088 5089 4619 9122 5890 235 3002 1426 7748 6593 4452 9216 5252 785 2388 8445 4700 1375 8329 5621 9395 4135 8600 6118 0 4240 1349 9354 9252 3539 1044 1586 5417 8322 1506 8518 461 1082 3941 3373 1226 5755 1184 2782 3536 3678 4203 8798 2624 4992 2940 5599 1577 2166 3749 5797 6738 8124 432 5876 6054 9326 4891 4619 5179 3244 2761 9329 4016 1270 4020 866 8060 8674 5635 2997 8465 6754 3840 9211 1148 4330 9498 1304 1198 1096 8662 9930 7545 6457 1341
4553 9057 8076 5941 2873 5130 6675 4500 6631 3156 5250 4209 3056 9656 6477 7060 6916 19 8376 6091 1706 4571 1684 773 3798 679 280 4051 2189 658 6384 2909 952 4240 0 920 3782 212 1147 2537 4953 4264 6083 3870 3016 7598 9490 3499 7292 2244 2297 5632 2574 1459 8614 8859 741 1005 8806 4893 9651 8635 5507 8340 2313 6765 1156 4428 3182 7917 5318 3477 6301 5239 4863 980 7330 2956 2607 3712 6004 3299 4127 9905 6215 4797 4592 4001 6506 1501 6004 3494 7154 1885 4893 8632 3585 545 1380 3204
5249 5023 6735 559 2925 1934 9502 489 5039 8642 5118 636 7759 1612 4481 3888 1498 8795 3509 6576 5209 4840 6589 9273 6729 4091 4481 8893 9246 9657 2668 9939 2311 1349 920 0 27 8280 8603 6813 3675 8629 8767 73 3869 5146 8525 2322 3965 4687 4079 1138 597 2021 5353 5481 6675 436 898 8255 2537 864 5026 794 6393 8980 7542 4074 3900 8001 3551 564 8815 5394 128 3250 5358 837 4193 7571 4671 1084 4244 4006 3471 9536 5869 3474 623 7715 7548 8397 517 1438 9198 1882 3732 612 3000 9035
1291 3155 3600 1697 4289 6390 609 5666 8272 8435 5374 568 7145 9184 2210 352 6562 3577 3086 5084 5680 993 3245 9930 1492 2987 122 2871 1184 5076 5466 3803 5041 9354 3782 27 0 5988 5278 9885 8165 5659 2796 934 7192 9917 6848 4274 2080 578 8764 9498 7358 1320 43 4198 675 4845 3844 7549 4917 2639 9307 6562 8013 3078 5156 8153 3280 6676 3506 2798 4491 5159 1696 226 1089 6041 9504 62 8890 6927 3287 886 6792 8703 8927 9947 6291 6300 5620 3748 2394 3323 1298 8843 3911 4647 5702 9875
3138 8025 1991 9121 4500 4976 5118 4499 2639 1837 2294 4833 7339 2032 8906 7194 2533 2284 8576 1651 257 2572 9288 5014 9687 854 4754 4097 7797 272 528 2098 3892 9252 212 8280 5988 0 429 6821 828 4053 2090 2370 8660 1647 230 2552 3093 696 1329 4326 3895 4382 69 7222 8676 6560 8773 5416 7159 3001 4839 7431 9201 9920 1204 9375 3865 5493 2742 2736 1950 5048 8611 2126 7879 6789 5412 1489 102 1107 7645 2044 4476 3767 8102 1898 6361 7765 7659 8896 8502 597 8288 1468 563 6295 8169 9785
9519 1924 2666 6151 2812 545 8975 6515 4690 2888 7932 6732 4159 2510 5485 7789 4761 5104 8662 8306 3603 4138 591 1403 3026 8826 7098 8223 5111 4325 4793 8921 2856 3539 1147 8603 5278 429 0 5971 2734 8957 4548 9058 9318 1623 3456 1456 7734 2841 7044 4344 1663 3698 6564 4787 5001 4913 7502 7744 9666 1525 516 6139 8092 3842 2259 5290 9620 2772 6093 19 3437 4911 8256 4927 8338 3323 4319 4226 6964 7889 8681 1462 9545 7756 2888 7163 9765 715 5144 6882 139 9573 9286 6229 7254 6700 5912 1279
3021 1180 8659 1058 5126 486 9414 6682 5753 2771 6504 5259 7910 8585 1164 3482 2048 3417 2392 4592 7002 9263 3516 2326 6904 3750 9980 5709 9364 9813 3353 289 3661 1044 2537 6813 9885 6821 5971 0 36 9384 522 5497 9262 4312 4618 1593 2146 7882 7248 9133 4802 9668 185 3910 9549 4972 1453 3792 4563 1949 9459 5368 6813 3919 426 4607 2367 7807 4778 83 7953 5366 4488 112 201 8347 5121 6454 1869 4838 9410 5649 560 4116 7518 2882 831 9565 5183 7231 2275 2586 9115 1555 5322 3253 9360 7760
4639 5297 5512 5474 9588 1443 4364 8786 6867 36 3962 1396 8868 2293 7281 2551 3743 1344 3835 2918 6630 2860 4390 9837 2728 9384 1677 4057 9363 6915 3196 8321 3042 1586 4953 3675 8165 828 2734 36 0 9050 7176 7103 4135 2935 3149 8749 6463 5374 5274 332 8801 2161 4876 469 5315 7265 895 6749 9902 6675 4075 678 4697 4521 8296 557 1794 9060 7828 3621 5399 6621 7967 3340 7012 6102 2051 5502 9159 7644 289 3385 7352 3644 9381 7535 2171 4185 5183 3656 8476 1821 1458 7480 4770 1957 9151 9206
1338 6256 9667 9511 7213 9037 3406 2501 2716 7233 3561 2763 2041 9892 1181 8148 4094 6709 8822 412 3280 2726 6358 3362 6916 7459 3637 6408 9508 8618 5126 2473 386 5417 4264 8629 5659 4053 8957 9384 9050 0 5438 7516 6142 7870 8991 5665 8676 7846 3224 6742 1045 1856 3105 6957 3091 4626 9712 9134 4094 3722 3151 6659 9638 9101 2441 4647 663 5224 5387 1777 9251 5794 4602 919 2571 9753 714 2015 2983 8495 7797 3763 3265 437 1571 9696 8467 1266 3042 837 6904 355 2378 7967 1607 2857 2904 230
6663 1932 6085 9420 3591 9218 1764 8914 8352 3771 8782 5993 4880 4119 3360 507 1740 5340 8292 1770 780 716 893 465 4471 9846 8112 8481 6035 624 308 2522 8587 8322 6083 8767 2796 2090 4548 522 7176 5438 0 8772 7635 1679 5493 9688 8484 5276 5940 2568 4082 5606 6539 3096 3475 4905 3076 3269 8265 9303 6253 6292 719 9539 6924 854 8319 6412 9086 4696 264 8760 6819 3028 6499 1986 374 4402 3787 246 3331 6225 4227 9690 8990 3191 8449 8144 5893 1146 2042 1857 6136 7597 6600 8466 4654 2952
6887 3315 3156 959 5429 3849 3421 0 4883 7055 8492 404 280 2082 7333 9885 9138 2840 4849 2222 2649 5482 1722 7447 3496 2942 5622 4918 7593 8439 2721 2560 7887 1506 3870 73 934 2370 9058 5497 7103 7516 8772 0 2512 2241 1831 8964 1710 3623 1435 4458 4960 9976 8524 9013 854 2126 1209 7805 6762 3427 242 1450 1311 3856 3164 9056 5570 4105 3380 2435 414 7183 8710 7314 9784 9082 8588 3736 9730 4416 6723 5758 1788 2841 7380 6139 7715 1533 962 402 1930 7620 4059 5476 1741 9348 2675 9850
5754 8691 3250 2295 1566 2936 7822 1447 3773 5457 9773 7749 3858 7464 5823 5788 9065 3889 7340 3235 9799 9973 60 5147 2390 4519 1696 8535 1865 9758 9962 6477 5054 8518 3016 3869 7192 8660 9318 9262 4135 6142 7635 2512 0 3242 9443 7568 4323 6683 74 8213 8960 3179 2418 2502 9330 5374 8909 400 4687 8370 6680 8284 1100 846 6204 8203 8346 7720 468 8117 5625 8948 2000 8373 9043 2955 6749 4396 4495 923 5965 1284 807 734 4719 5348 7422 1088 2810 2269 3124 180 8904 4391 5057 8905 2051 7505
7208 8793 7522 473 6952 9497 9140 5671 2712 127 765 3245 8118 4324 1257 2681 1972 5329 3226 6139 7501 2469 8630 5369 1408 4318 2143 8591 2621 6379 2489 6744 3047 461 7598 5146 9917 1647 1623 4312 2935 7870 1679 2241 3242 0 3864 7846 6579 1834 6835 1385 1949 6464 6217 6268 1855 5330 2878 4305 2456 7685 6404 3873 9919 1355 6566 8087 5864 4037 8048 8708 8514 3579 662 6537 358 7574 2322 3896 8048 5394 8602 3532 2593 2592 1509 8164 1077 2960 4160 1980 7542 5639 3801 657 3536 9520 4263 4461
149 8983 1427 2969 7826 9234 4479 8965 7026 2508 9722 7669 3053 6774 2654 8871 2747 1351 9411 5165 6120 6754 4025 9632 3503 2981 9908 7812 5673 4320 1279 3326 379 1082 9490 8525 6848 230 3456 4618 3149 8991 5493 1831 9443 3864 0 9126 1024 7281 45 837 8648 9733 8752 9910 1094 2083 460 383 9075 2772 6598 9477 8491 4635 9083 6237 2779 2377 7365 9298 1812 838 721 3213 8620 7261 8676 3768 6833 6007 734 5912 7507 5537 1619 1310 5237 7534 765 8170 961 3971 5563 3434 3100 1921 4118 1846
5913 7084 5009 5401 7947 9615 1478 769 1861 8601 5212 394 6509 7582 9613 118 2745 5747 997 9388 712 6054 6843 4225 3934 4797 3658 803 6903 7150 6443 8861 2899 3941 3499 2322 4274 2552 1456 1593 8749 5665 9688 8964 7568 7846 9126 0 5527 8900 6641 3308 1960 7378 6630 6488 1807 17 2330 452 9981 5072 9339 5994 8928 6683 8234 6119 1921 7162 5315 9548 353 3178 8718 8269 6747 8701 6796 6660 6056 2093 5149 9318 976 9311 7331 1582 2337 2972 7760 3407 9615 6883 2562 1442 9139 8920 5696 1033
363 6041 6510 5143 1151 2696 9229 9740 2985 7897 797 3978 652 1477 9611 1999 4829 5047 7210 4027 9215 6047 930 9438 5547 1773 1116 3358 78 3898 5235 7455 4503 3373 7292 3965 2080 3093 7734 2146 6463 8676 8484 1710 4323 6579 1024 5527 0 8340 4439 9964 8638 4176 8161 5943 4342 6872 6274 5256 2387 1969 5261 2442 3215 3 1361 4374 4439 8768 3678 9694 1028 9618 5015 5029 7515 6779 6928 5408 5528 5338 808 7510 719 3700 959 8388 9 5424 4421 6638 999 62 2118 4477 9282 3303 9590 7920
6712 3699 8521 2047 4557 1514 2707 7982 9134 8415 5352 8897 9867 2289 1264 6068 8724 5122 856 943 8182 9172 6450 7173 6628 6747 5279 9967 7054 7095 5774 5499 140 1226 2244 4687 578 696 2841 7882 5374 7846 5276 3623 6683 1834 7281 8900 8340 0 8345 4187 1108 8029 7592 7966 7940 931 3430 3717 9981 1146 5523 2679 4216 3520 4041 6082 8852 4593 1605 4365 6250 2193 8996 7638 8696 9545 4913 1951 28 8065 7759 6922 1272 3498 380 4022 3384 6058 6436 4849 7421 3239 3554 7146 3210 5510 4422 6177
1576 1649 3487 7077 1357 4412 700 3383 632 9493 4015 3096 4340 9370 3601 146 4891 1798 3770 9608 8686 3479 8743 5726 4282 475 831 5084 4594 3509 974 565 7277 5755 2297 4079 8764 1329 7044 7248 5274 3224 5940 1435 74 6835 45 6641 4439 8345 0 3954 8075 1570 1362 7075 4910 4884 5543 4116 862 4820 3384 9751 4306 8666 4411 5784 7979 1984 3972 9835 8417 355 863 8508 337 2071 7534 2504 8389 8996 2309 7947 4800 577 5313 8606 8795 38 8442 2303 2556 3763 8797 1093 4514 3688 4837 9970
3287 4906 1619 3496 8678 4461 4169 6207 1356 5821 2293 6152 535 9929 2145 6166 4393 661 9603 4138 5154 7476 3301 9072 4266 9755 2880 2800 4324 9325 2148 5573 5703 1184 5632 1138 9498 4326 4344 9133 332 6742 2568 4458 8213 1385 837 3308 9964 4187 3954 0 8205 7858 916 9819 8381 2719 7795 7070 476 8274 3057 9777 9081 3627 601 5505 6844 8241 1894 179 3099 3569 8168 2893 5825 7163 8198 5363 1435 8769 6216 1167 9493 8291 5525 4650 9231 9577 5923 7650 5510 1020 9568 9478 9530 1971 615 3747
781 1541 5019 757 8942 4663 7978 5353 5199 764 1214 9966 77 3310 4952 4045 3813 7224 4709 8698 3918 5912 775 6601 8464 388 5127 5467 3027 1111 4984 6956 3987 2782 2574 597 7358 3895 1663 4802 8801 1045 4082 4960 8960 1949 8648 1960 8638 1108 8075 8205 0 1698 1264 4627 487 8815 1327 1258 7952 2079 3164 5245 7650 1399 6604 4981 6404 3082 1288 8302 2927 1455 7227 9968 1113 1479 0 2621 4365 8604 6270 8023 5066 5612 8181 932 5675 9130 3512 6365 5025 2159 2340 3454 8844 8880 4037 197
4368 8645 9573 3184 553 5592 6265 8823 512 1998 3376 4619 9367 4170 1470 6885 4525 6218 9636 5662 2185 3966 2748 8620 6758 763 7271 1837 8079 2652 1728 6243 7012 3536 1459 2021 1320 4382 3698 9668 2161 1856 5606 9976 3179 6464 9733 7378 4176 8029 1570 7858 1698 0 9390 3019 5673 2088 1536 3209 5328 7771 376 9558 382 5204 9560 9164 3602 2399 6029 5602 8797 2792 5951 5883 8105 5487 7327 1551 2786 4686 6930 5753 9673 5458 6782 7721 5502 3730 1114 9294 3983 8215 2280 473 792 4037 4021 8436
6283 8441 2842 3368 3110 862 484 1456 5397 8863 2377 4621 3477 124 9589 8325 6814 4731 8445 5562 3494 1106 6935 876 9022 2659 8147 7038 801 7550 2575 9765 5509 3678 8614 5353 43 69 6564 185 4876 3105 6539 8524 2418 6217 8752 6630 8161 7592 1362 916 1264 9390 0 9528 9836 9303 8366 4163 1879 2324 86 4325 7008 8056 4245 1454 8833 1891 7422 7957 2910 5198 6771 20 2283 8878 2185 8473 5792 5181 8546 8829 5670 2080 2078 9549 6067 4135 8897 4323 511 8364 302 4184 8288 152 6832 5632
4825 451 4538 3998 8907 3819 9711 306 2440 5931 1128 1021 5306 7194 954 168 6709 2075 3042 9142 2177 635 6861 284 3723 5173 7115 1895 4226 5985 214 9792 8589 4203 8859 5481 4198 7222 4787 3910 469 6957 3096 9013 2502 6268 9910 6488 5943 7966 7075 9819 4627 3019 9528 0 3538 7412 6799 7458 4508 4909 8282 440 1328 7225 6877 8910 7492 1669 5208 7589 2759 7435 7357 9586 9580 3325 2530 9476 3805 851 6882 8480 7415 4182 907 4389 9667 2451 3429 1758 7902 6861 1502 5054 2303 105 2173 622
3794 9513 6638 1566 6401 3249 9947 7161 2142 5620 2131 7774 1024 2114 1173 6102 705 85 7012 7646 1694 914 5361 7437 1189 9344 9679 825 8971 8190 9765 5092 3227 8798 741 6675 675 8676 5001 9549 5315 3091 3475 854 9330 1855 1094 1807 4342 7940 4910 8381 487 5673 9836 3538 0 5198 4993 1604 8109 6014 6219 6652 9699 1251 399 2325 6640 6618 7335 4889 6671 9347 381 908 9625 6911 4699 266 8896 9429 397 2762 4625 9716 887 5472 7876 4495 9361 9672 2431 742 9600 4069 6828 2610 9966 971
3155 7938 4572 5152 2943 1449 83 3469 8609 7738 7504 4932 7513 2546 410 5323 5959 1445 8133 3556 3087 777 8442 4307 5656 9323 1166 140 3402 8551 8423 5931 1640 2624 1005 436 4845 6560 4913 4972 7265 4626 4905 2126 5374 5330 2083 17 6872 931 4884 2719 8815 2088 9303 7412 5198 0 3843 6290 7354 2134 7255 6531 3571 113 7801 5104 1721 3231 1580 3194 8203 4518 9660 6853 1410 9008 2923 3380 8648 7650 3387 7356 9036 5542 5079 6913 7317 7087 3389 9204 4623 9020 4698 5239 8126 9432 4697 6289
443 8041 2775 9723 7170 6904 9736 7204 1266 8117 5730 712 6192 2223 681 7138 419 664 8436 1588 554 7066 6978 3041 9600 2519 2109 6432 6883 4115 219 266 4567 4992 8806 898 3844 8773 7502 1453 895 9712 3076 1209 8909 2878 460 2330 6274 3430 5543 7795 1327 1536 8366 6799 4993 3843 0 2932 331 2175 7523 2510 7008 8063 8941 5351 5755 1341 7994 166 7264 7450 3184 6492 875 35 7713 2074 434 7033 8330 6801 5228 3731 453 1822 3223 4605 2667 8832 4713 2661 2303 9235 6545 8852 2926 4425
2109 6549 4999 4030 6247 2319 6701 7108 7807 7897 2128 1484 7338 5140 4043 7188 2878 3984 4279 4634 9807 6647 5646 437 5453 113 4592 7179 3819 6552 3133 7331 42 2940 4893 8255 7549 5416 7744 3792 6749 9134 3269 7805 400 4305 383 452 5256 3717 4116 7070 1258 3209 4163 7458 1604 6290 2932 0 958 6742 6116 4098 9058 9812 4722 5372 2119 8372 5736 8827 5496 6163 4544 8742 6353 1705 7525 7436 5438 405 5827 5249 6169 8987 5840 16 564 2505 8869 5186 193 2876 7254 5243 9289 6583 9750 9211
4014 1050 7240 1123 6307 3927 9783 3874 3409 953 4724 9655 7683 4851 7872 9204 5170 4709 60 823 1808 6728 1408 2560 2105 4624 3375 1285 3405 5970 3539 6714 3247 5599 9651 2537 4917 7159 9666 4563 9902 4094 8265 6762 4687 2456 9075 9981 2387 9981 862 476 7952 5328 1879 4508 8109 7354 331 958 0 7224 8322 1544 3536 8932 6825 9123 4023 4725 3098 7750 9914 537 5237 3892 4328 5490 1355 1971 1753 2682 6904 3578 9561 1324 5656 905 4720 8208 8845 361 1172 7336 402 3108 5085 7699 9241 322
1534 706 2274 3246 2570 2699 2619 115 296 9044 566 961 8646 8023 4529 7538 9727 7458 9229 8990 48 4137 6743 560 9901 9549 1324 5431 429 9674 7358 8482 209 1577 8635 864 2639 3001 1525 1949 6675 3722 9303 3427 8370 7685 2772 5072 1969 1146 4820 8274 2079 7771 2324 4909 6014 2134 2175 6742 7224 0 3327 8046 3866 8052 4455 2617 6289 608 19 6736 9763 1413 4791 808 670 7839 2731 5566 9942 4977 5468 4495 413 5410 5911 8359 9383 4763 7626 401 2366 272 4529 8425 7759 4663 3470 9838
71 1541 3290 8630 1461 7205 1940 8486 1116 3850 7670 394 4581 9898 8280 7607 2303 9030 3237 6064 5206 519 3005 5615 1432 4536 1082 5933 3976 7046 5903 8251 3252 2166 5507 5026 9307 4839 516 9459 4075 3151 6253 242 6680 6404 6598 9339 5261 5523 3384 3057 3164 376 86 8282 6219 7255 7523 6116 8322 3327 0 3443 3529 8614 7399 1164 3860 2936 160 3238 8463 3785 303 1796 5925 2935 7231 5582 4154 23 4962 3130 2100 1066 4717 139 7342 7062 2139 5943 6621 8514 9447 2498 2534 4102 8376 6403
5937 4483 519 5596 6038 117 9597 5467 140 3966 1104 9071 1534 3631 5491 9453 7037 4207 3514 4705 8260 7159 1840 886 601 3502 2185 3846 1432 7313 7878 6174 9598 3749 8340 794 6562 7431 6139 5368 678 6659 6292 1450 8284 3873 9477 5994 2442 2679 9751 9777 5245 9558 4325 440 6652 6531 2510 4098 1544 8046 3443 0 298 9060 9783 8870 2484 6546 1038 7076 1201 4013 3739 4606 8623 8434 3040 7636 1998 6596 501 7486 9527 283 1275 9747 6845 4440 2884 959 678 9449 8707 8575 8369 2270 8705 5690
4971 3105 313 9686 9718 6178 2861 9305 9930 9049 4308 1909 4913 8141 4951 3103 6478 6601 6126 7308 9435 4298 6455 3598 8927 8010 7502 1693 1611 7331 824 4626 4717 5797 2313 6393 8013 9201 8092 6813 4697 9638 719 1311 1100 9919 8491 8928 3215 4216 4306 9081 7650 382 7008 1328 9699 3571 7008 9058 3536 3866 3529 298 0 4571 5887 155 8839 2988 1477 4732 3581 7167 770 1875 1989 2370 7589 9539 8067 6443 5171 1401 744 8728 7702 6907 8333 5107 8382 595 338 73 6044 3316 8208 1578 6974 718
1984 4152 3515 4730 3505 8221 9377 2001 1541 9734 5621 8678 9519 740 7085 7914 2389 1172 5866 4290 3387 4722 523 8658 2222 901 4240 1430 4332 8059 5464 4956 516 6738 6765 8980 3078 9920 3842 3919 4521 9101 9539 3856 846 1355 4635 6683 3 3520 8666 3627 1399 5204 8056 7225 1251 113 8063 9812 8932 8052 8614 9060 4571 0 1282 1589 3495 7056 7748 4380 7374 1895 3603 719 1892 5950 3620 4068 3979 3560 7768 5467 1162 6680 8527 1283 6563 9224 2680 3661 5314 4623 1017 7549 2156 9129 9642 5999
5578 3186 4098 7834 6945 159 1673 5918 1886 6565 9453 9267 3208 4585 1050 4554 8083 6038 7637 7402 6157 7383 1082 4019 5823 873 9022 2513 794 4375 4024 8988 9773 8124 1156 7542 5156 1204 2259 426 8296 2441 6924 3164 6204 6566 9083 8234 1361 4041 4411 601 6604 9560 4245 6877 399 7801 8941 4722 6825 4455 7399 9783 5887 1282 0 4991 8417 9351 6318 3420 781 4460 2993 9534 9174 7859 9089 9836 6293 2145 3827 7706 7899 4222 6263 722 6836 3176 4925 1051 8711 5437 6913 7092 7284 8528 3112 298
2132 1927 5309 9978 1331 3782 3659 5127 75 1039 3865 9960 1302 3540 751 2123 1365 2079 6826 3089 5586 4979 889 7023 2172 9301 8563 4142 9521 334 9914 7952 3250 432 4428 4074 8153 9375 5290 4607 557 4647 854 9056 8203 8087 6237 6119 4374 6082 5784 5505 4981 9164 1454 8910 2325 5104 5351 5372 9123 2617 1164 8870 155 1589 4991 0 7473 1113 9699 7468 4354 1777 2733 5046 7249 3592 5056 2270 2499 4624 2175 5851 5956 6525 9578 1015 8816 4047 5974 7722 7021 7541 6383 5412 7962 2542 5419 1548
70 8640 3155 6942 2177 3874 9438 2919 7010 7355 8664 562 9839 4922 1549 2167 8777 5648 2254 348 4165 224 2723 3212 7207 3186 5444 2877 9726 2397 1835 9833 2537 5876 3182 3900 3280 3865 9620 2367 1794 663 8319 5570 8346 5864 2779 1921 4439 8852 7979 6844 6404 3602 8833 7492 6640 1721 5755 2119 4023 6289 3860 2484 8839 3495 8417 7473 0 8210 473 2311 1988 5093 1595 6107 6601 5422 138 9388 4054 7358 7420 9975 7583 6255 3953 6659 7650 5362 6544 7685 1630 2095 6655 3637 585 9114 7364 8051
5997 8451 3073 3734 3299 5568 2500 3190 1375 4581 2592 5187 2264 2657 8290 3502 6741 3458 7365 8967 781 9780 4221 4367 5447 8975 6283 5411 3269 2076 3871 9706 8702 6054 7917 8001 6676 5493 2772 7807 9060 5224 6412 4105 7720 4037 2377 7162 8768 4593 1984 8241 3082 2399 1891 1669 6618 3231 1341 8372 4725 608 2936 6546 2988 7056 9351 1113 8210 0 5602 6445 1160 594 5776 4903 7267 6345 6321 2016 6270 1016 5219 9345 5818 1748 4805 8711 9303 3917 5178 9110 5102 5089 6276 7658 1697 773 1079 6803
6594 8069 5531 9392 734 4277 3627 1361 3462 4225 810 9080 4872 1231 5590 3712 2611 9523 5246 6847 3946 6743 8382 6389 8198 5749 6888 3738 983 5182 8451 6472 3579 9326 5318 3551 3506 2742 6093 4778 7828 5387 9086 3380 468 8048 7365 5315 3678 1605 3972 1894 1288 6029 7422 5208 7335 1580 7994 5736 3098 19 160 1038 1477 7748 6318 9699 473 5602 0 8037 2386 1460 5818 4947 5616 1389 8488 4714 9119 8840 8075 6769 2993 3843 4381 7709 2001 7891 7156 118 9909 4320 8116 4901 6011 597 4776 874
4825 6468 5071 4608 6628 7984 864 1048 4969 2496 3455 5357 5900 7472 35 4724 3071 9584 7567 1114 9638 7224 9073 9538 1030 6737 8438 7967 8819 2406 5280 9045 2974 4891 3477 564 2798 2736 19 83 3621 1777 4696 2435 8117 8708 9298 9548 9694 4365 9835 179 8302 5602 7957 7589 4889 3194 166 8827 7750 6736 3238 7076 4732 4380 3420 7468 2311 6445 8037 0 173 3142 2961 8156 3042 2883 1575 9753 6892 1284 5403 6441 3978 915 4083 9046 235 3885 1324 1861 2642 5916 3106 5006 1126 4861 4296 3845
3458 1155 6249 7506 675 3530 5796 4940 6475 7112 6309 5579 5919 7 9495 857 7025 5757 3306 1840 5813 8782 8406 1547 6987 2790 728 4705 9396 451 7886 1449 840 4619 6301 8815 4491 1950 3437 7953 5399 9251 264 414 5625 8514 1812 353 1028 6250 8417 3099 2927 8797 2910 2759 6671 8203 7264 5496 9914 9763 8463 1201 3581 7374 781 4354 1988 1160 2386 173 0 4226 8056 835 2733 7161 9235 1942 1388 7990 5403 4686 1782 7942 1394 469 9035 6972 6451 2861 3070 8800 8175 2632 2663 9578 3441 75
493 4442 6580 84 39 9960 4489 8238 9478 6807 7066 5402 269 4573 3349 3768 49 5471 4779 5614 6953 2739 2406 3596 1001 6022 5155 4075 2931 8632 4126 87 1404 5179 5239 5394 5159 5048 4911 5366 6621 5794 8760 7183 8948 3579 838 3178 9618 2193 355 3569 1455 2792 5198 7435 9347 4518 7450 6163 537 1413 3785 4013 7167 1895 4460 1777 5093 594 1460 3142 4226 0 7001 6675 1133 3325 1213 1764 4679 8797 7252 3287 4401 3742 389 6738 5108 767 1373 8104 3703 3749 9422 8540 2899 4597 7095 7404
3757 2816 634 8471 7396 7114 7789 2551 9448 9205 4202 1479 2095 511 1011 1848 8375 7772 6343 6776 8369 937 1960 2909 7561 1160 6985 1391 4305 9645 9828 4826 4336 3244 4863 128 1696 8611 8256 4488 7967 4602 6819 8710 2000 662 721 8718 5015 8996 863 8168 7227 5951 6771 7357 381 9660 3184 4544 5237 4791 303 3739 770 3603 2993 2733 1595 5776 5818 2961 8056 7001 0 409 4801 982 3355 9822 4526 8023 3269 1875 7805 8202 7979 9981 6903 4032 414 74 808 9404 1705 9131 6821 2330 9974 1973
6304 4400 5857 6385 2368 7358 3703 6086 6483 7871 3874 5430 9403 6312 8147 3913 17 7407 3078 4075 6143 7173 947 5364 7061 5761 7500 3563 4790 8158 6873 8094 538 2761 980 3250 226 2126 4927 112 3340 919 3028 7314 8373 6537 3213 8269 5029 7638 8508 2893 9968 5883 20 9586 908 6853 6492 8742 3892 808 1796 4606 1875 719 9534 5046 6107 4903 4947 8156 835 6675 409 0 8991 3212 524 6454 7079 1325 3936 711 8548 4895 5972 4937 1738 8210 2775 9150 6840 1681 5576 1949 7968 2287 9782 4370
5280 1809 3430 8279 303 8004 7716 3111 1311 7261 7457 1402 4575 5843 9620 4584 4236 1856 2388 2957 4980 2894 3257 5391 6966 9262 5829 7534 5685 907 7276 3131 381 9329 7330 5358 1089 7879 8338 201 7012 2571 6499 9784 9043 358 8620 6747 7515 8696 337 5825 1113 8105 2283 9580 9625 1410 875 6353 4328 670 5925 8623 1989 1892 9174 7249 6601 7267 5616 3042 2733 1133 4801 8991 0 6174 6220 3406 6448 9378 7404 3888 5346 2027 5493 2243 7272 8670 7860 2989 2796 7700 8331 9945 7175 4933 4083 8436
524 1875 4785 2305 8349 2070 6885 6327 2097 3105 9712 412 1066 1961 8041 7362 9113 1142 1617 2380 5627 6933 8186 8821 3853 581 4550 7193 5034 7430 9786 6708 8033 4016 2956 837 6041 6789 3323 8347 6102 9753 1986 9082 2955 7574 7261 8701 6779 9545 2071 7163 1479 5487 8878 3325 6911 9008 35 1705 5490 7839 2935 8434 2370 5950 7859 3592 5422 6345 1389 2883 7161 3325 982 3212 6174 0 6031 1066 2847 9614 5775 6924 8039 2713 3872 2943 8286 1633 3125 7409 8797 9014 468 580 4963 8601 939 2219
6325 2140 166 2013 9121 9435 2379 7855 8055 9068 8970 8616 487 2880 8230 4146 6127 3151 7850 7245 6036 605 2257 1970 9949 797 1635 4951 5419 4267 6256 9380 5865 1270 2607 4193 9504 5412 4319 5121 2051 714 374 8588 6749 2322 8676 6796 6928 4913 7534 8198 0 7327 2185 2530 4699 2923 7713 7525 1355 2731 7231 3040 7589 3620 9089 5056 138 6321 8488 1575 9235 1213 3355 524 6220 6031 0 4783 4950 4220 5585 7425 6156 6554 1909 343 1675 4879 4156 4222 2924 9469 577 6772 3309 2637 9424 5108
1733 2303 7618 9055 8237 9382 9505 7278 9700 4640 1980 1380 1232 1266 9155 5913 463 8144 5739 9540 2242 8192 5762 2131 8886 8449 9755 4527 998 6273 5079 9502 9499 4020 3712 7571 62 1489 4226 6454 5502 2015 4402 3736 4396 3896 3768 6660 5408 1951 2504 5363 2621 1551 8473 9476 266 3380 2074 7436 1971 5566 5582 7636 9539 4068 9836 2270 9388 2016 4714 9753 1942 1764 9822 6454 3406 1066 4783 0 4737 4318 2099 388 6144 2014 1465 5502 6145 9330 8583 4300 2938 9009 1532 4509 6519 857 1697 8715
6490 1074 9983 2496 3415 5985 1221 6533 7363 4991 16 692 5167 91 115 9611 2726 8213 840 2233 231 5088 7016 1249 4638 2092 4015 660 7646 4067 1219 1308 9825 866 6004 4671 8890 102 6964 1869 9159 2983 3787 9730 4495 8048 6833 6056 5528 28 8389 1435 4365 2786 5792 3805 8896 8648 434 5438 1753 9942 4154 1998 8067 3979 6293 2499 4054 6270 9119 6892 1388 4679 4526 7079 6448 2847 4950 4737 0 404 3788 6367 5163 5647 2893 6969 7625 5181 3839 2267 8186 8964 3394 3979 7960 5158 9980 774
6155 8812 2322 3141 2088 8845 2482 4791 8985 4902 5269 9942 5339 5503 6540 505 7222 5296 6017 4950 9373 8318 6484 5809 596 9444 755 2073 1612 991 9440 3824 9670 8060 3299 1084 6927 1107 7889 4838 7644 8495 246 4416 923 5394 6007 2093 5338 8065 8996 8769 8604 4686 5181 851 9429 7650 7033 405 2682 4977 23 6596 6443 3560 2145 4624 7358 1016 8840 1284 7990 8797 8023 1325 9378 9614 4220 4318 404 0 822 5775 4582 5848 1743 6090 4158 5786 5016 8711 7460 7863 4557 9990 7954 8946 4063 178
