250
0 504 2027 262 3174 3833 2508 5731 5439 3212 9823 8430 8650 3779 4345 8 4099 729 9796 689 8584 8475 3608 5346 1632 3647 2244 1093 8176 3237 2245 2925 4801 6588 7641 5013 4404 9769 7219 9581 6419 773 4985 106 6098 8827 8357 5661 1717 9186 1729 2932 5935 2924 7743 1154 7649 1729 7916 3352 5827 5154 744 8442 4188 4786 3989 483 3771 8496 3530 2067 1910 534 9317 1376 3144 1645 1756 3300 8367 5856 6688 3994 3524 7992 8255 6090 6012 5030 4847 906 8472 214 6677 5975 6925 9775 4864 9464 8189 5073 1334 5080 2263 5172 1325 3675 1887 3179 2107 4762 1345 3462 9904 1833 4883 9878 7635 9531 6586 6757 3673 2816 8706 7625 1882 3159 3264 4418 2403 7511 6721 3555 9722 1487 2261 1483 7855 7385 5257 9643 9115 9922 2005 1709 6028 6488 2386 1629 7657 5287 4925 3936 6400 7917 7950 5019 9436 3551 1254 6384 371 5073 5822 675 9483 9254 9283 626 9401 110 8538 3762 7487 9908 7374 5441 3068 4927 4198 5719 7613 1265 7568 3506 2050 9096 9291 823 7584 2805 5903 3441 6158 1187 1269 7961 845 3119 7419 6568 9524 5715 7048 6593 7462 4109 1138 4101 1198 7221 9091 392 4405 6457 994 1873 7932 3157 6030 5962 9921 208 6618 4963 1985 6824 3213 9619 5210 1365 1309 5175 7822 3688 7360 8104 6945 9802 1672 3357 9980 3296 6794 5420 8168 923 6486 1854
504 0 1182 6978 1614 4664 3322 8249 2925 9158 6222 4217 2174 2557 2560 139 3898 9710 3859 8486 1787 2992 2 2553 5432 9528 3549 1786 5022 6739 5220 5373 8382 7401 4676 1684 3222 5037 7027 5434 5337 8551 2331 9341 3901 1023 9662 5838 1734 574 3094 1650 9711 4801 9461 1752 5716 1540 7406 4452 782 5524 3221 4893 9131 4009 2207 7115 2407 1293 2378 5804 3065 1876 721 7220 461 1812 4061 6636 7013 4481 4799 8933 1565 980 8240 873 7093 83 2793 1864 4552 8894 1617 5188 4021 2693 7849 7327 4376 121 3359 4557 9477 4793 1615 4455 7471 5450 2891 2226 2552 2398 1538 4713 727 1272 3592 6003 9600 8787 8272 8436 1516 6004 5350 7300 3921 8762 7745 390 4569 5462 1123 8385 2276 920 5566 2291 593 8622 3586 4561 5015 6860 6653 8922 4927 4606 9681 5406 9808 7988 739 2884 8081 9050 2458 7296 109 3439 5662 9501 523 5001 5226 7290 7979 5184 2683 3412 2496 8899 8589 6080 6649 4022 903 252 2862 2559 3453 3289 9266 9258 8991 6321 20 6283 3501 3038 641 3170 15 8488 1538 6874 258 6464 1398 7065 4326 6364 565 9427 4617 7454 8878 8255 8374 5471 948 3123 7527 8976 5161 5181 9812 3430 7496 1823 7302 2259 560 3345 8298 2450 3129 7704 1317 27 2295 462 8652 5631 5374 3428 319 1714 5862 337 8110 2329 1770 8175 9961 8529 9712 5275
2027 1182 0 3537 7458 3206 3334 8516 7991 8274 81 6429 511 3683 8535 7844 4170 7792 2484 8328 2139 6697 4806 5746 3396 2757 8552 9555 6205 1279 3763 9826 3564 1205 127 8386 3863 8355 572 6248 9049 5891 5545 9371 64 7732 3449 7833 4734 6397 7654 5431 3402 312 3370 4958 3934 230 7255 6197 7696 6888 6848 2667 7822 8960 9308 8405 5209 3888 181 8052 8072 2613 215 79 6264 8290 3389 9521 2788 8794 733 5508 8587 3830 4761 7383 5646 6188 3149 7495 9549 4269 3352 7273 4172 3282 3119 106 9987 4134 1031 8961 9525 1682 3779 4319 8020 8539 4644 9906 3178 9888 8331 6834 987 8790 5203 8097 4710 4574 5607 5025 5973 531 1183 527 6076 3370 1346 3132 9045 3673 4906 1153 7802 8766 3925 8937 7412 2430 6108 8985 2579 3526 7383 7713 6223 9725 6240 79 5901 404 7640 5388 2417 8867 217 7611 7436 3676 8361 1968 273 2654 7314 1346 96 4896 1140 2643 5340 1106 1534 3944 3396 9140 6392 7445 834 8853 3124 4464 2087 1122 3360 4180 4815 6278 5658 1271 2817 4186 6633 1490 291 3905 320 5735 3801 4986 2274 7189 2498 5590 8910 6829 4454 5389 9909 2489 1445 6743 3353 3864 6760 4067 1118 1106 9762 7170 6800 7791 8547 633 5338 1315 6620 6914 3037 3056 8446 8988 7133 2394 5080 1138 2595 9682 8915 6848 9615 616 5938 8895 545 8796 8654 1841
262 6978 3537 0 5520 7248 7303 1316 1340 1634 9749 7463 8010 3002 4289 2511 4553 2650 3498 4970 9769 1280 1744 6484 2191 2412 3137 280 168 598 5781 7516 6393 2873 5021 4387 9922 2407 400 2834 8181 3735 6478 3143 4293 7987 7096 5531 3709 7641 7389 8345 5938 8096 5634 74 1993 6618 8297 3426 1655 429 747 5417 5794 6298 3872 3627 9003 4165 4328 9282 8677 956 6208 1957 884 6607 6569 7332 8586 6982 5736 6326 9285 6554 4319 2271 4276 7679 8461 6387 882 8596 4295 7311 9294 3605 9886 5593 3934 3399 1207 7143 3323 9861 5484 4694 3124 2393 1355 9859 9686 3777 4224 2899 2227 3723 4502 5622 1977 3083 7754 3364 5657 752 6172 4570 6682 8310 902 4264 1108 6395 1931 5117 4809 9627 9150 877 5096 3682 6349 1938 4851 7580 9092 3888 3164 3060 5336 3757 3209 8859 3353 4164 8498 4482 8034 7382 7159 8335 4770 5623 3408 8634 7581 624 2684 397 4020 704 4746 5769 9939 4442 9614 1253 7875 9164 9220 7236 8755 1893 7398 8135 8509 9675 9556 9078 6267 870 5795 5630 6523 1405 7370 561 2299 9780 5020 175 111 2881 4671 5328 3623 2581 3231 1864 1497 9519 5542 8718 3876 2400 9903 2782 2925 4335 4604 5393 8738 1938 504 3410 2070 7922 7181 387 9059 1672 1461 9288 4008 3710 6346 1686 1758 8424 9225 5855 1068 4582 8728 9465 3008 612 6191 2597
3174 1614 7458 5520 0 3192 3909 2394 1586 8839 9514 9123 7454 7528 1211 1343 6538 502 3078 9695 8531 8570 1836 3146 9919 4174 1043 5734 5988 2256 8159 5584 5286 2876 6397 296 2332 7238 260 9002 4451 5282 5947 6112 659 7081 1730 7166 671 8171 4244 4996 6179 8092 6004 488 9721 1062 3958 578 8608 7341 4287 1316 7488 9167 9130 5142 4609 2759 7414 9304 4359 5738 3284 9770 7264 1410 9982 1837 6340 6602 5885 120 8415 1599 526 2064 9553 4644 7673 8115 7052 178 9988 7549 3008 867 9400 6802 4748 3155 8717 2049 2347 971 3238 534 2125 9137 5800 664 8999 72 541 4264 7352 3983 8273 8680 5390 4000 7696 6154 5777 5637 6082 8614 8472 9440 7975 4997 634 1268 4621 5087 5829 8080 8085 2276 8362 8668 119 8267 2256 3083 3648 7215 490 3797 607 7195 947 4902 5833 1799 9862 1493 4801 5212 1479 5819 4272 2914 5891 2970 8383 5890 3284 1356 2036 5404 2221 6210 6317 7716 1538 2215 5927 6296 9657 8787 1163 1309 9508 2509 8467 7968 1166 1176 2469 3820 5456 9715 9161 3427 6194 7948 2306 5018 274 8415 4071 4667 3390 7374 5694 435 105 3088 9674 9081 9620 3943 3584 6441 8083 1602 6145 6265 8805 5669 8450 1719 7859 7733 3014 4601 7151 7703 7028 4981 1221 8854 2984 7049 6422 1334 1303 2523 8662 4805 1625 5285 8505 1683 3269 3092 4667 5480
3833 4664 3206 7248 3192 0 6871 3053 7721 2538 7335 2969 8255 5380 7606 9468 5943 5000 3363 3875 2976 1877 4463 4543 639 7321 5821 7247 7040 7358 4683 5617 4694 4534 3252 7344 7333 5819 4140 2939 1636 5839 404 1012 917 7098 1511 4722 2677 2671 2074 9460 5407 6822 9029 3983 4018 9671 5039 9337 2201 7840 5193 9632 3657 9967 2346 7248 2856 2419 9339 6183 4717 2729 4503 1641 5310 719 7687 6016 9688 772 1080 208 6395 7152 3876 3375 8633 5627 1544 3939 8337 9882 3458 4332 7238 9914 9814 7689 1007 2672 6894 8092 9556 3841 8324 9464 2336 8299 3194 69 3743 2873 6014 3350 883 3555 9555 7300 7577 8273 4851 6119 4678 6114 4192 4517 9049 7835 6520 4815 2059 9699 7765 404 9445 4801 9498 969 5492 7707 854 5805 5289 3721 6785 9107 6314 5786 5578 8135 6248 6990 8737 5229 2265 2048 5689 4134 2343 4029 7699 7838 5800 2382 2367 5016 8101 2654 6528 4490 7038 2221 9194 8973 3326 2045 8233 3737 5460 7108 6917 6158 2085 8095 4772 9903 2160 4888 7943 7461 6489 5927 9140 4842 9477 6763 9876 8721 6729 419 6551 4535 3184 2158 3081 9032 3224 8777 8358 5919 3423 9837 1496 5710 1263 4955 8514 8336 8412 6529 3738 4543 6303 8117 5893 635 9000 8916 2629 577 1592 593 7971 6933 4307 9702 5508 6776 1518 8742 9383 2648 2358 8354 4579 6007 7553 5113
2508 3322 3334 7303 3909 6871 0 2084 5579 5466 9825 1457 1860 2283 8413 8773 6812 2175 9259 2085 4958 8510 1341 4615 8511 9004 9002 6934 9107 2865 5921 8790 7451 108 7445 9504 6009 1842 8301 8147 4956 8383 1963 6148 1089 7766 9891 5646 4225 4965 7254 8243 772 9249 3368 7781 1762 5825 5858 8364 1235 5560 6345 5389 7274 4424 5160 5574 2122 3430 4601 7324 1831 2748 8994 3441 3352 8666 9397 5253 5951 854 9670 3938 1721 4866 7035 8454 700 7236 639 6985 948 7492 2687 9302 2582 3910 1171 7153 8675 3158 8838 3959 6018 1633 6602 9108 532 5786 4477 6865 8822 168 1389 1305 2804 990 6157 9976 8434 9515 742 704 4850 7018 4583 4718 2822 7397 6166 3492 1268 9904 1048 8167 4240 5766 5233 553 7851 9519 3528 768 8302 8955 5686 3988 4005 3979 6458 5332 2094 8854 9447 2256 7645 906 99 932 3021 8289 5108 6333 6835 4125 6482 5185 7364 7553 585 3525 2890 5007 8372 1430 6014 662 2844 8824 1138 7174 5316 12 1494 8872 4526 3585 8349 7821 4203 4481 2247 8025 2430 8813 5856 4984 6961 2210 5567 2349 7350 2294 3762 3081 2039 1282 48 8321 4157 1729 7413 1625 6757 3502 9048 8258 9625 6644 3036 4470 5550 4670 8175 1935 1235 1850 8241 975 1958 7566 6052 402 8179 5250 6 1895 1162 3033 3560 2219 4885 3713 8960 5418 6458 4176 6426 4203
5731 8249 8516 1316 2394 3053 2084 0 599 5346 8026 294 7348 7069 5656 3451 5460 8161 9477 9593 1467 3831 78 3018 8247 5518 3856 3411 1092 8838 3139 2490 5020 3271 8514 2586 1205 3018 6487 5084 7089 1092 5472 8897 6672 7540 2568 1116 911 4437 2015 5129 479 730 9316 3872 6380 1712 2663 4849 4785 2509 5458 1284 4196 370 8556 7295 8665 7613 4561 9365 8811 1772 1336 9867 4867 2837 670 5998 84 4217 3717 2896 2646 4314 4937 7789 3612 776 5492 3367 7889 7115 8578 2551 1522 5023 114 7512 4754 8185 596 4811 2342 2802 2531 8655 8458 6349 7984 5797 797 4625 8001 1404 2156 7589 9923 212 4333 588 5466 1493 1113 1712 408 3520 5580 7449 558 7481 6864 7979 9239 7864 1899 3282 3512 2229 5785 1782 4665 7868 4227 4623 9940 5634 1668 5477 5014 3177 9467 981 6899 1835 2269 1374 2651 2631 1265 466 7962 4660 3855 9875 4352 2039 1554 8740 1460 3898 3563 7040 6646 6991 2627 3055 348 9975 8896 8119 971 4851 2473 6849 6746 6897 6360 6360 609 7322 4990 498 7377 6172 5499 3085 2041 8484 4412 5644 9620 2047 3069 5855 3665 1054 8291 369 350 2583 355 1039 6214 8389 3820 4946 7986 6714 8596 8357 4705 4835 8255 8295 864 2941 5152 8838 87 1352 4826 1574 8617 7277 7740 6292 424 7802 4076 3529 8532 8541 8699 963 5669 4056 323 4165
5439 2925 7991 1340 1586 7721 5579 599 0 2205 4377 9005 4228 3691 8289 3291 4074 8279 2217 6432 4427 6561 811 6446 962 428 5312 370 9797 9358 1377 6265 3213 2999 7462 5904 1384 2885 3548 4015 6945 89 3753 6069 5177 4000 1923 4998 9446 1891 4564 1335 9154 1520 5780 1063 7142 5838 7624 7658 969 2935 5031 9886 8074 5891 3284 2115 246 7180 6960 8813 5809 6860 6449 8456 3017 1688 4884 8823 1562 5454 5483 1226 962 6070 6794 6849 9637 2655 9784 692 723 7054 7445 5014 8990 6503 6432 7906 3765 8582 3746 6569 1017 2867 2529 132 633 1444 9493 4189 4079 8640 2959 1307 1484 8379 2858 617 1350 8213 6123 6836 7647 6953 8702 5026 6280 8489 9035 2893 2745 7210 5076 9570 9259 9649 1816 902 1934 7467 2813 5514 6506 4911 8739 988 361 8658 7413 1707 157 5248 6558 1370 7859 3830 9969 36 3091 4198 283 3083 8122 7768 2659 5538 9818 8151 2148 5216 4266 9241 4869 4823 2303 515 8114 1105 5497 4970 5120 2173 6066 9993 7360 1827 3747 414 5687 5860 2101 9848 6976 1423 7273 397 9411 4957 5082 9606 6229 78 7144 6100 4881 5406 5842 4494 5244 3479 2347 7661 175 9669 9012 6478 594 8938 4983 4342 4558 1509 1502 3855 4648 5535 7632 6543 6979 8754 9146 6151 9342 385 9508 6765 2842 5653 4092 7281 4322 1204 9190 752 7656 3697 6184 8313
3212 9158 8274 1634 8839 2538 5466 5346 2205 0 1031 7752 9456 7947 180 4929 4273 5240 220 9261 1870 9555 5858 3693 5991 85 6950 3914 8894 3563 4770 448 4585 5088 4940 4492 7185 6212 1008 3641 4948 7058 2308 8812 6207 3018 4112 8643 7257 1436 5967 784 2835 5513 7398 2348 4399 2261 2115 3105 7546 6147 5434 9377 7629 624 4627 2884 5206 2167 1273 902 343 7804 1558 7217 4559 2244 1180 3598 8192 2966 4574 4035 8506 5307 2000 3126 8030 8818 7573 580 2155 6142 4212 7348 6714 4085 1954 8224 2364 7028 3696 1113 3098 8573 9073 7619 5304 9027 3935 3272 8636 4406 7345 772 3240 6457 1752 603 4672 9508 4901 5047 3949 1601 3179 7476 2784 1743 1156 3286 469 8605 7119 8169 7613 9107 5140 5660 3424 8610 2583 1287 1586 209 6770 6779 2159 9882 1365 5123 848 8255 7584 7259 5126 3049 673 1527 3318 2874 1556 325 2322 2814 4610 3645 4438 8977 6918 6094 9506 6598 4346 7405 3326 8310 3519 5092 6328 5912 276 1572 7070 6 2447 8233 6376 5690 3405 1158 3061 2375 2236 9781 7245 2990 9532 6341 8954 6546 3526 8461 2335 200 1233 7404 5896 3512 5368 4165 8287 5043 1194 2532 2535 4391 6717 5930 222 3510 1560 9188 6783 6995 8839 5017 7264 42 1513 3952 1418 2720 6956 8107 1323 8766 1538 1930 9087 8710 3189 3887 4103 4300 4919 9227 5340 1218
9823 6222 81 9749 9514 7335 9825 8026 4377 1031 0 3117 4547 2423 5520 3884 6248 3387 4424 6661 8363 4026 7139 7372 1950 3343 7323 2418 728 7270 7155 9682 1886 3383 6154 6274 2647 3216 5556 2393 659 1719 4976 5560 6065 7973 5781 1458 7901 7235 8925 5211 9708 5668 4131 4122 6685 2884 2210 5722 3038 8343 6047 4836 772 5141 5214 6820 2950 6028 9249 8976 237 7604 3069 7861 7351 4755 8781 1479 9363 2780 1040 8667 14 8558 9498 7377 7064 5928 1289 2560 3520 4797 218 3768 9894 2745 2445 8375 4810 9065 517 8500 1626 528 5047 4988 7734 6797 9616 8384 9655 5339 9243 3955 3557 5526 6228 7877 4913 9070 3120 6144 2564 7055 9905 8538 5210 7405 8619 7507 9296 3406 5534 4102 4227 1798 5831 522 1688 410 8013 5801 7711 2389 3764 3888 8611 9289 5315 4354 4208 6074 3242 7537 2465 975 8721 6709 581 5407 1745 4292 2561 6813 400 2152 3944 2846 3920 3180 7604 237 8746 4900 9861 892 6967 8895 6076 3941 2262 4956 5246 6946 25 6980 8742 439 4400 9668 6577 1120 387 7145 3443 1674 6003 6262 3270 6366 7778 2044 8972 292 366 205 5564 8471 7927 1972 7094 3287 3293 5883 4101 6379 1571 4401 4097 5453 5059 4874 5828 2792 336 1648 1035 2331 1170 1086 2781 3061 9109 5176 7271 4482 9158 8747 9011 2959 1958 7913 3744 7627 8149 8447 6817 1174
8430 4217 6429 7463 9123 2969 1457 294 9005 7752 3117 0 4014 9172 8882 6342 9120 5175 4442 7079 6772 8432 5433 7762 5415 3989 3947 339 6096 6320 4001 3604 6792 5775 1376 9471 4563 3229 6976 6154 7838 895 9688 3738 6365 4675 7650 6096 5679 4396 757 1543 7881 8578 1256 7559 6935 2649 1133 6267 8095 5195 843 9306 7023 5695 8856 6017 4780 5333 1175 9294 6671 7541 9400 2643 487 8113 4102 2796 1246 9910 6944 7085 9138 6004 6131 2662 7758 2562 1275 752 5139 7911 8541 8284 9922 5387 2756 3646 6811 3691 679 7288 5889 3818 1845 7479 9143 2477 3968 6849 3782 3164 7818 3693 262 5753 1771 1799 222 9546 9894 8850 4150 7355 389 404 4699 6002 5814 8881 3416 1196 4753 5406 9064 2437 4766 5582 7600 4683 8872 7353 2739 6234 9670 7996 2236 4546 3493 9524 3562 5560 8706 1533 9350 1649 9695 6578 2159 6810 8950 2671 1871 8561 2171 6015 5183 5781 3076 3609 7154 1759 8046 1931 1304 305 5428 2771 5344 7983 6166 6883 3134 1876 8791 5004 1440 7904 4489 2769 3452 4864 9392 1475 1853 241 8455 3384 5170 5330 3847 9107 5461 2017 8343 8648 4457 825 8151 6208 4767 3642 7623 7833 6973 9333 7169 6040 7745 1911 7851 2428 3353 2091 1433 6608 3706 4512 543 104 4131 9627 3581 9908 5831 6222 1277 9377 6348 7764 9646 9764 880 1359 5975 9049 7819 1382
8650 2174 511 8010 7454 8255 1860 7348 4228 9456 4547 4014 0 7005 6619 8552 9241 4529 6394 7739 1518 2968 8218 6594 510 295 546 8788 7911 8907 9524 2390 4788 9906 3621 1577 9835 3707 2187 6585 9357 9614 5622 273 9782 4162 6688 2742 7639 2930 4116 2374 3638 46 8294 9838 2396 9939 3603 9601 6241 8223 856 6100 7617 4650 3087 9448 6310 8359 2706 7622 946 2152 9863 5544 6756 3046 876 7232 8296 778 2441 7563 7373 398 1681 5594 4929 9387 6975 8387 7108 1545 8757 741 5349 3532 2126 7148 9600 6614 1731 2907 3520 2773 6699 4279 7482 9245 609 8199 694 7275 4505 7462 9786 2718 6575 1462 4442 8286 9750 3126 2816 1548 3081 5659 9322 6159 2928 4338 7717 5793 3731 5761 1455 8694 1967 2015 9634 1361 5055 6663 7118 3704 1342 2589 2635 1235 6728 5409 5492 2172 691 9466 7152 3149 7579 791 3929 1423 8209 4577 3667 4550 8744 9567 3650 9116 7037 1665 2589 6704 8210 1393 255 2858 2820 3670 4021 5843 3434 8558 5058 2347 5105 7846 4837 5600 6864 7963 6089 2740 352 7599 1216 352 6945 5392 1698 722 1116 8583 7879 404 2944 6755 2471 3916 9765 8168 1505 4413 9557 4857 4504 4671 7152 4450 6966 14 5795 5476 77 5150 5106 8014 2907 3106 4436 2042 1801 4257 6988 6309 4225 6827 7956 1042 5988 3595 9910 7062 6420 6237 8449 2647 216 8317
3779 2557 3683 3002 7528 5380 2283 7069 3691 7947 2423 9172 7005 0 8945 9422 2942 442 4391 9768 5020 7695 6044 1088 3730 6940 6993 2738 7929 3987 6121 6651 9396 3806 6894 4305 6943 7007 8953 2873 4447 2642 6738 5691 7295 313 8689 2826 6768 139 6413 2022 862 8836 9672 1448 385 2452 4366 9495 7518 905 7154 8789 1412 1849 6294 4767 5135 4687 9000 6162 7829 3721 7191 9551 6169 809 1028 2393 9039 6781 5321 9373 6852 1063 2870 4529 3117 496 8258 4897 2500 8339 5860 7496 186 1516 957 7577 2389 4732 6225 2130 3590 3659 3873 7803 5827 3156 9563 6850 7256 9850 596 8832 5942 6521 6312 5890 6477 6671 6350 1561 901 9446 6111 6001 8199 7295 195 358 7302 4814 2547 4460 9812 2353 4244 8890 7439 230 2536 9783 2233 5997 826 6886 2891 6467 8651 6244 4544 3943 154 5662 4594 3478 2936 5586 8882 3179 689 2324 6608 7471 6968 7977 4039 4279 7601 5992 929 4069 684 9588 9827 217 9932 8607 1630 4780 6329 9701 97 6605 9670 92 6340 6649 478 7796 5047 7273 9240 4303 2737 4750 8384 9324 7754 3944 6537 6523 6866 6388 1206 8455 7127 982 6522 1177 4344 5620 8843 7630 9376 7898 5614 4836 8389 1793 6907 3940 1932 681 21 8705 1476 3433 4506 4269 6545 4896 345 8427 2581 2713 3146 4343 3874 6698 9617 8405 7743 5864 6566 3513 545 211
4345 2560 8535 4289 1211 7606 8413 5656 8289 180 5520 8882 6619 8945 0 2328 7310 5550 3586 8639 1365 156 8462 7985 8527 8144 3167 1180 9764 5895 2764 8322 8601 8723 7779 506 348 2877 1513 1564 9485 4783 8550 1894 7625 3264 4631 305 3030 2164 6994 6078 5487 6604 7992 4360 8232 7823 5751 4976 6803 4227 6232 1759 2849 4827 1239 1919 7948 1891 467 9514 9548 7458 4627 2211 490 1685 598 7959 6859 1899 8478 2060 330 392 3182 9563 8645 6299 4099 3154 7713 2144 4984 2870 608 3423 3273 7393 7567 761 8364 4727 5616 2072 932 444 3862 4128 4574 2594 7844 1404 3140 2030 2694 864 9964 6538 3206 9878 7625 8431 7101 4351 9214 742 6105 5442 2485 1750 5209 7051 8589 9769 5599 7887 6231 7884 8041 2604 5596 6762 1766 8781 8235 7661 9214 9183 3562 2337 5112 5672 359 7865 3506 6701 5323 6419 4257 1385 8134 4968 609 3440 3810 4159 6367 8210 8236 9706 1105 2097 7836 1825 3862 3490 7606 4818 4115 2256 7605 7364 949 8040 84 6830 4505 4047 8304 272 6305 8384 4465 3619 2796 3297 431 5528 1492 9280 581 7444 3102 96 4733 5933 1809 9473 3778 2598 4560 5672 6592 7545 6656 8555 9346 1343 8001 9011 9570 2966 2091 7882 216 8841 46 7759 9038 2630 7832 2449 4762 4635 2420 8529 4083 8325 629 6013 8052 1674 9747 2360 8517 1701 1735 4998
8 139 7844 2511 1343 9468 8773 3451 3291 4929 3884 6342 8552 9422 2328 0 4488 1398 1111 8206 5664 9644 4882 4062 4753 521 236 4709 0 6261 3422 9576 1251 9008 4170 8842 4723 9895 3621 4891 2993 5348 4609 4479 2040 6 436 6369 1204 3293 9604 2872 2106 2621 881 5563 6805 4830 3529 1443 9108 8737 341 6180 8884 9875 6238 9309 5100 8082 8959 6013 750 5945 1516 7608 2138 5302 4034 7578 5928 3796 7986 8822 2943 9152 3693 687 817 2216 9127 1389 8035 4580 9767 7061 3076 9704 6104 3490 1291 7808 1516 2619 7360 6924 2939 5944 6565 1675 4084 8082 9586 4572 5434 4193 781 9957 4686 1843 1245 7821 487 9274 2204 9902 2243 7383 8571 7467 9142 6035 446 7442 7201 7269 8121 1364 4057 1638 6489 3869 3911 2820 8112 8320 4546 8915 9276 1947 1579 2538 3425 4100 4176 9368 4847 2472 574 7946 668 4797 8961 7370 4434 6914 8945 2864 3581 3838 6983 9881 1763 6818 2619 5888 8821 5873 3653 3055 5072 2519 2254 7905 8446 2235 274 5727 2432 1370 1082 9594 9886 6182 6049 8131 5961 51 7085 3334 5177 4024 4456 3997 9907 4909 7201 7865 6606 8585 1293 6600 2678 8200 2462 3880 8564 812 2351 7884 3528 7137 276 1432 2477 3900 4370 9634 6059 3033 1334 5421 3037 9230 3207 8649 4787 7272 8622 5087 9132 6847 3804 1413 8732 7313 1213 4445 7366 2824
4099 3898 4170 4553 6538 5943 6812 5460 4074 4273 6248 9120 9241 2942 7310 4488 0 692 4888 4515 2030 7812 9311 8106 4209 4781 2207 7952 3467 357 3792 6551 1345 1081 2764 863 4414 1173 1850 4707 3011 1140 8482 3664 7940 8604 6911 7890 3763 6259 2666 363 7603 7031 8098 4057 3256 9741 5699 8426 8695 4021 3676 5475 9394 7249 3684 5020 332 1072 5464 4957 9252 7602 5467 2200 3726 8294 224 1019 5400 5973 9196 1240 8786 6580 5709 9869 4446 7340 1843 2558 1092 8274 9063 1850 5417 4805 7457 4974 5366 325 2016 5567 5614 9249 8727 3547 6913 3881 5188 6240 9781 777 7129 5862 9265 6645 1058 974 792 8284 2015 3758 9550 5290 6866 8570 1652 8270 5966 4860 9778 8610 5426 6463 3834 6122 3982 6099 9383 1633 5695 1303 1870 6472 8684 2923 2311 3337 6252 5514 7963 4519 163 9455 8638 9539 7665 5471 1851 7955 9324 4970 7251 2876 6757 9175 2822 5974 4571 361 8914 4007 7579 9370 6840 8973 6620 5077 1329 7441 3920 6831 2737 5089 2467 9266 2753 385 1159 402 9624 7316 2558 1836 2948 391 5118 3553 2967 418 6818 4040 1664 8815 1556 2530 402 8225 8066 1727 6876 3876 2370 1693 9146 3745 5245 4624 1590 4770 7944 2174 3605 7995 5354 4653 1717 5947 2560 6606 8264 2945 7706 7151 8831 8371 7757 2356 1158 2208 6735 652 3206 4209 3689 6420 27 8418
729 9710 7792 2650 502 5000 2175 8161 8279 5240 3387 5175 4529 442 5550 1398 692 0 970 1767 5659 1891 4071 534 2614 9872 3861 156 452 1510 4505 8110 6283 4011 5267 1096 1037 6682 7892 6923 7321 9579 1615 7773 2233 3947 249 5091 8929 8829 393 4627 2679 2054 7689 7536 2130 8199 797 1849 2834 709 7020 4838 121 4886 3674 6391 4781 5800 8274 7443 6840 4525 2418 2906 4899 3006 6339 6398 787 9285 6797 2489 6215 1801 3704 1886 7380 5451 3313 6833 671 4345 9972 200 6120 7451 1608 4621 769 5205 8899 9596 9354 4518 6278 4 1193 6731 9836 6976 5314 2448 9079 3169 1847 3717 7700 6487 5528 1609 2977 9867 7415 8768 2615 6059 3606 7610 5910 1614 7382 3836 1620 1114 3398 6318 9645 6518 2661 4253 6331 5028 3326 1506 199 5270 5604 1922 4193 8814 2506 5350 8407 2651 8043 3617 1838 5718 5264 3159 1192 5768 212 5203 6394 2280 5806 8136 4624 833 4269 7298 3836 3906 4394 883 6855 3936 1429 371 4117 2778 7709 6812 5208 4479 7122 2353 6165 9848 3589 1193 8759 597 2537 5777 589 58 8902 7887 3034 4387 7674 3497 2568 4924 5025 3753 1969 2474 9175 6415 232 7977 3006 9062 1298 7462 8550 1833 8636 5684 4942 5686 8356 6690 5512 4245 8586 8975 4755 2265 5077 9187 8117 8019 9515 371 984 7078 6394 2486 1904 5832 5820 4038 1690 3315
9796 3859 2484 3498 3078 3363 9259 9477 2217 220 4424 4442 6394 4391 3586 1111 4888 970 0 5513 7420 2930 9847 7674 4520 770 3971 5128 840 5363 9117 1878 2161 4368 6354 9471 758 9608 5558 4974 7510 3421 8317 528 326 8604 6490 582 3613 8219 6027 9523 6276 8926 6399 8481 5821 3617 5661 1054 8745 1973 6752 2778 7661 5353 4851 1159 6954 343 1672 9088 8123 9297 8803 8109 2726 5629 9616 8016 6754 7642 813 537 6626 1060 5763 7659 5352 3669 4805 3014 7499 6071 878 5050 1130 1892 1207 2549 5708 8942 2286 4135 4766 8203 2910 3586 8013 7689 179 9719 3619 1943 9559 9484 1062 1979 5762 2525 6461 9774 8106 8683 9563 494 8637 8539 4468 7028 1577 777 9233 6728 2943 4914 7733 7990 9427 8621 9502 2040 1155 9989 4304 7732 6989 3319 3210 742 5476 3189 7490 7934 4146 1206 8600 1887 2735 4037 9710 2879 4278 2061 2000 718 6587 7748 4438 8368 2092 6109 5403 8455 7018 3506 3402 9285 7837 7683 1827 7676 345 4009 703 3389 8749 991 4522 2785 4924 3649 16 3748 8635 249 1779 9501 2269 6764 4965 8063 3768 7522 6305 7959 594 3361 4220 8993 9357 5345 3125 9117 8076 2984 3009 1063 1894 4327 9456 4021 8068 1930 2000 7087 1707 1812 317 8566 1134 1224 4608 1017 2012 8714 987 4075 566 2564 1825 5419 5955 3552 8094 6533 7195 1564 2122 9884
689 8486 8328 4970 9695 3875 2085 9593 6432 9261 6661 7079 7739 9768 8639 8206 4515 1767 5513 0 385 8578 5231 1281 8011 6388 931 5930 2789 5867 3893 3567 6822 687 1933 1948 9400 8154 9315 6583 2491 7063 701 243 5226 9236 8088 9858 1526 531 6445 5533 1689 7788 9378 8773 1827 9479 1456 6294 1607 856 710 3956 4536 9099 4468 7601 6396 2592 8083 3594 4745 6748 2940 607 9376 6122 196 2785 8051 329 1110 7120 6586 9706 7710 6344 5245 6797 9529 7573 3899 1495 7023 7027 9744 1003 4207 9617 6517 8721 4745 7546 2849 5808 7387 9326 411 464 9390 1472 1338 6201 5216 6081 5785 1647 4358 4765 4910 6964 4349 5729 1547 5156 2539 7416 7746 7733 4692 5092 368 7571 9424 8661 878 9103 2895 8606 7913 3460 355 3057 4974 5188 5915 1376 4163 9999 5509 996 9208 622 7297 4076 4 3278 7674 6975 5376 8377 9865 8335 6165 9410 3125 887 2780 3517 7025 2911 8642 2610 7959 8827 148 7730 8248 7174 5913 1670 7891 9398 9667 30 9214 6654 5318 2917 4077 8743 8422 1433 4618 5333 569 2374 8950 2108 4563 9179 6343 9000 5777 3037 6975 1868 4748 5264 9998 7363 7019 4583 1442 9078 4152 9643 6213 3299 9375 2975 8118 4722 7961 2417 617 9610 2223 6220 1089 9471 7261 3988 2282 2628 1993 6825 945 3194 869 6909 3295 3268 1359 4643 1267 3318 8673 3024
8584 1787 2139 9769 8531 2976 4958 1467 4427 1870 8363 6772 1518 5020 1365 5664 2030 5659 7420 385 0 4285 9327 7659 882 7630 7472 6820 188 1663 6171 5941 9857 877 3400 8790 4471 87 3360 9670 8782 8810 3663 7189 6975 1176 175 6819 7740 1976 2671 3973 5792 9567 4851 7626 8191 8795 3085 788 8969 7609 272 8988 8145 5294 5814 1022 5195 5490 8895 6177 6351 9729 4909 6436 3358 721 9811 5173 6873 6434 9200 8108 6570 19 1172 5966 7747 7196 4600 8932 6651 4482 8990 8590 3573 4018 222 5591 2750 7262 3116 5683 7758 1267 1057 246 5427 9844 2502 4818 4832 3622 3268 797 4912 8378 6189 7387 7638 9893 390 6216 1045 3623 3863 8280 2834 5795 1190 7656 4759 3908 1957 6905 569 1508 849 7492 6887 9614 32 6070 6806 6698 2897 950 9490 4741 2763 5347 6467 4271 5165 6586 1330 3205 778 6493 6230 1926 5255 7969 4456 1148 7303 9594 459 4985 941 7706 2160 8859 2448 4663 7189 7811 6716 8455 5190 7913 6497 8655 4775 5101 3630 1808 2082 2150 474 6746 2765 6885 7408 2985 8782 6436 8799 5317 7524 975 6233 6135 9328 5509 7780 7285 5190 5605 8568 375 2376 9206 2655 4627 488 976 153 941 7942 1561 4256 2999 8793 4686 8304 9218 6340 5376 1555 1993 2027 2726 3956 1511 5778 427 4753 4374 4662 2186 1831 3530 8319 5080 1701 5790 9290 5343
8475 2992 6697 1280 8570 1877 8510 3831 6561 9555 4026 8432 2968 7695 156 9644 7812 1891 2930 8578 4285 0 4218 3749 7150 5603 1914 8678 2166 5982 9488 2021 175 1191 6772 3207 9294 9091 6859 4861 6393 1435 144 1376 8538 4080 3105 1714 7806 8331 4752 6104 996 3710 8780 3288 4942 2706 3520 3819 775 1811 4481 8859 219 1596 4872 4849 5275 3858 3889 9269 5241 1491 3249 6396 88 9856 2699 7868 8001 4846 2112 676 3772 4924 7693 9729 7137 9446 1337 3885 3820 5311 4878 9797 1581 7594 5397 2123 605 480 5037 1140 4641 2041 1320 110 1802 7645 2196 1731 5940 5744 6093 6269 2957 4674 166 3551 9577 2513 1895 9838 8714 3759 1855 7823 2576 2147 197 3061 5767 9657 9194 3760 2697 3813 2747 5624 2363 3141 5371 4587 1574 7378 2654 335 6012 1179 1283 9994 4310 5959 2218 2226 9791 4312 4303 2276 6599 2019 3056 5271 4120 8130 7745 8192 2939 4733 6250 6289 5819 6763 2699 343 2259 6304 8455 4201 4443 434 2028 6093 938 4549 6031 8201 3574 8964 190 7179 2270 7644 4734 5343 1454 5243 2708 4891 2724 307 8466 6924 6784 1114 2709 5253 1631 360 6148 9457 3553 4693 8704 3216 9436 8351 5388 3136 8045 9478 2171 9936 6664 2579 979 8263 765 2188 8520 4492 5886 2989 1538 4072 1250 2442 5021 5582 6417 5112 7424 8330 7652 7197 8466 8806 1325 8374
3608 2 4806 1744 1836 4463 1341 78 811 5858 7139 5433 8218 6044 8462 4882 9311 4071 9847 5231 9327 4218 0 5122 6835 4755 2467 716 6876 2728 697 2812 9479 5757 3942 3841 1255 7695 6275 160 3717 2315 5310 2033 6578 4716 7424 4974 7921 3527 1114 3236 3621 330 320 2529 5308 3965 6368 4621 1706 1907 8289 7513 1179 4692 7880 8832 7854 7334 186 2186 3329 2755 2429 3742 4758 2858 4263 2329 2256 4445 7456 507 8538 5755 6213 1768 5548 8422 1931 6894 1589 972 9982 8300 5952 2 8789 7894 1859 3735 6565 668 2727 2170 3009 7833 9552 7457 7186 9898 1002 7510 9136 3336 9875 8429 676 2830 2883 4819 717 3044 2060 7003 3139 1546 306 4457 17 1445 1180 3841 6343 1155 8860 5410 7715 850 8967 9598 7219 3488 6540 4979 7390 7069 1638 6627 188 6842 6843 2464 6186 9050 8485 2052 3061 3168 4688 6976 9082 4812 4512 3535 5928 4454 2573 2402 9703 7281 7597 5079 7928 9891 3059 8110 4805 5955 5518 3114 6291 2632 5048 7931 6351 4805 3276 8237 968 4149 1177 7337 8442 1758 9139 3247 748 2991 7056 3202 9958 1071 5066 7852 6123 5808 4857 5280 4663 6391 4586 896 2260 7210 8445 7991 5879 3099 5996 4414 3248 3764 7802 3903 8716 3215 5168 8504 1892 8407 8088 3884 2590 8582 6356 2650 5034 6411 271 6717 8247 6229 2904 3237 7000 8224 6236 7494
5346 2553 5746 6484 3146 4543 4615 3018 6446 3693 7372 7762 6594 1088 7985 4062 8106 534 7674 1281 7659 3749 5122 0 3347 6438 790 5540 2823 8588 147 8157 8666 4553 8582 8753 5345 1575 5896 1626 4496 9809 6745 2093 8141 3215 9519 1411 4036 8099 2151 4432 8007 4952 7792 9713 1260 1814 5993 8986 2854 1582 4855 346 287 3134 2891 3056 2562 7169 6673 1173 9672 1604 9781 386 6469 4300 4439 8211 9944 2085 2402 5832 65 7529 4813 3248 5627 3241 457 2047 55 6998 1072 4435 1825 3034 1079 1876 1077 8780 8575 3818 1501 6170 7175 4783 1473 6984 3118 5219 9115 2648 1201 9620 3070 9737 4509 7587 2586 6757 424 7185 6417 6643 1419 3454 7011 7636 503 500 9924 2905 4281 5412 3577 830 9435 8968 2498 2931 1279 8889 6382 0 1557 1268 8870 7044 2882 9870 7176 3500 3435 3659 3311 7431 6836 4458 9751 9734 5207 60 8125 4227 7964 8190 4139 1173 4814 2456 3261 6065 2488 3397 6117 6532 1983 5322 6515 7695 2719 3881 1032 6812 9339 7171 990 4354 4456 4800 4132 9054 8071 429 1387 9645 1251 2806 2953 6100 3791 142 2005 7604 296 8921 6441 4293 2673 5373 2536 4420 1807 459 1003 3599 6238 7610 7353 617 3600 3236 6025 6107 4620 3165 1174 2566 5167 8437 2709 3750 7239 6927 4859 5992 5111 9400 264 9903 1242 1478 9841 2331 5744 5762 396 5369
1632 5432 3396 2191 9919 639 8511 8247 962 5991 1950 5415 510 3730 8527 4753 4209 2614 4520 8011 882 7150 6835 3347 0 2724 7228 7040 2855 5021 6014 8454 3313 1325 8288 4933 9840 8986 4282 9184 5880 7327 2786 1374 3683 6474 8300 6620 56 2985 9800 4402 181 5214 7186 6504 6258 1793 6639 1788 7372 198 438 2192 6435 9146 5342 7818 6451 427 6892 8543 7244 7459 491 8733 63 8954 9801 5194 6705 3262 6143 9651 8724 5552 8426 4818 683 4320 6683 3300 2661 1032 6224 2610 3111 3622 2624 2154 2193 153 9071 9440 442 6186 5524 4446 1054 3967 4125 579 5 4394 4029 8959 8744 2026 8951 7096 9679 4875 2213 9506 249 4654 4025 1139 1017 8909 3143 5468 305 5203 6566 1689 2505 2218 3572 1406 9365 3068 7466 9386 7959 3146 1789 8545 9199 7014 2549 3413 2873 8248 4232 5513 2129 7667 3839 7726 510 4926 8343 7888 6248 9319 5679 7366 2097 5630 2646 3343 2245 9534 5923 4960 3952 5998 2197 9057 6463 5318 7842 7776 7697 5117 2858 5715 9561 9263 6216 7044 2323 102 2375 3996 3799 3459 8718 2954 8374 8765 6942 9905 9902 5346 4485 502 9650 2730 9586 8733 200 4930 1859 4935 7131 7673 107 3459 345 1353 620 8608 5886 553 8729 3091 3236 3349 2241 6586 4853 9941 3097 1355 6959 4379 2841 1739 9875 4961 5135 8267 9533 8608 275 1515 7072 7448
3647 9528 2757 2412 4174 7321 9004 5518 428 85 3343 3989 295 6940 8144 521 4781 9872 770 6388 7630 5603 4755 6438 2724 0 1859 3082 7381 9411 8002 7767 8220 4359 2767 4533 3397 9321 7706 5429 8745 6727 4263 1198 1250 2318 4999 1139 6968 7049 6127 3470 8185 5344 7922 1808 8588 5187 6053 5330 7838 9886 9808 1251 9944 9491 1614 8155 7270 8334 114 1532 7721 4932 8147 5671 4272 9859 7350 4863 8197 476 165 2696 5919 2896 6655 7628 3871 3188 7154 6309 7606 9892 3852 2568 702 3651 1196 3418 2414 771 1824 7018 9617 5318 4398 1297 6796 5263 8815 2299 8914 9746 9851 5570 402 1307 1542 1613 157 2527 8983 6335 4652 256 2715 8163 4057 2685 5074 1449 4913 1593 1689 2944 4054 7290 140 8260 2867 6631 1601 7731 312 1774 326 8428 9439 4738 4943 6795 6004 2254 752 8824 618 3118 8905 8012 2538 4290 6059 7708 9962 4867 416 3188 2351 5280 1781 780 4789 7001 3558 6301 9593 1313 78 3405 1734 9081 1145 7890 8260 7838 8322 4383 3695 2658 5286 5689 3949 6396 1110 7167 180 6278 9482 6054 3458 9882 8735 5802 1695 4058 30 7484 7544 1520 235 5299 8220 4660 6510 2160 9474 5817 6234 3042 3722 5874 7941 4571 616 4856 2312 4783 7278 7980 6484 8607 3963 6411 5242 8612 2623 2939 9213 2516 2011 7618 7650 1978 9110 531 7245 4277 1570 4500
2244 3549 8552 3137 1043 5821 9002 3856 5312 6950 7323 3947 546 6993 3167 236 2207 3861 3971 931 7472 1914 2467 790 7228 1859 0 3616 7947 1335 5716 351 5313 9886 597 2590 9808 1603 1930 7516 9730 2505 1289 2513 443 9559 5044 4873 9284 4590 2845 5871 8341 4231 4833 6341 7415 2985 2433 4623 9272 4295 9297 9552 503 9662 1730 9062 7334 6068 8047 8944 6605 7206 1424 9634 5819 1135 1123 4359 2613 4822 471 257 5711 7615 2661 7581 3768 9983 698 7312 8466 1262 2015 4531 7680 7048 457 9485 1400 6335 4161 5878 2761 2813 8834 4563 3503 8101 7434 5743 6020 5438 8425 7266 2260 9288 2766 5850 9376 6564 7085 2423 291 7039 6964 537 5320 9461 9122 6379 7804 1175 1083 7801 9857 3495 5273 1717 9567 9374 5289 5198 7731 3524 6079 7792 5088 7373 521 2544 3857 7356 3315 2877 6856 1847 3746 7571 4132 5182 5317 5253 4275 4563 6313 8983 8476 8448 248 7682 5565 8849 5942 518 5380 9384 6453 2845 9744 8644 8395 228 2773 923 5966 5783 1799 2896 8779 4691 4245 2020 6465 310 1074 6817 5048 5848 9350 7812 2125 827 2125 7723 8018 3473 1871 1269 5791 3642 2926 6320 2170 9140 7164 4725 7708 6473 7011 8994 4257 8076 3764 3888 9663 6072 6585 9641 9870 9279 6138 6874 844 5716 3890 1848 1074 4348 8051 2409 7708 2726 3196 930 171 5648 2681 6902
1093 1786 9555 280 5734 7247 6934 3411 370 3914 2418 339 8788 2738 1180 4709 7952 156 5128 5930 6820 8678 716 5540 7040 3082 3616 0 1213 4843 1350 3123 1619 299 5297 624 7408 6915 5759 8619 4626 6024 6051 7706 9735 8476 7633 4675 4211 9101 4203 2187 6480 1969 4376 5719 7801 8057 2225 7731 9473 5713 875 4216 7790 9361 7779 3240 9262 406 6945 907 6249 5719 7349 5450 972 5820 3951 6215 522 9008 605 1934 9609 4255 8459 8765 9354 7572 6850 7857 8795 6830 8291 6870 6366 2022 3144 4373 6527 8075 8587 1684 7242 4858 9269 6118 9624 9973 9413 9657 4758 6758 1621 453 9204 2059 8442 5012 9856 1385 7895 606 5794 6200 5689 7746 9319 3171 4376 6398 6185 1351 6466 5820 3494 3937 7827 688 4289 1911 1063 7475 8372 4169 3868 3166 1729 3245 7061 707 4210 1334 9082 8846 6340 9782 2857 6332 6401 6703 7521 3592 4468 8565 2008 776 1217 2253 2510 7907 1546 2884 6218 8070 2301 9319 7311 4470 6128 8075 7133 1170 7906 3876 2664 8993 6759 7987 8379 837 8588 4761 8094 1594 84 9818 3618 1858 9766 4250 8735 5770 4138 8 69 7077 1152 4371 6303 7501 1322 6257 8973 574 3395 3321 2898 9236 7611 3 6099 8772 8979 7161 5536 8482 1258 9369 5472 5847 2730 9664 9377 9752 9910 8116 9899 5213 5600 6859 9372 9076 6810 6109 6453 972 7421 8340
8176 5022 6205 168 5988 7040 9107 1092 9797 8894 728 6096 7911 7929 9764 0 3467 452 840 2789 188 2166 6876 2823 2855 7381 7947 1213 0 9190 9681 1831 8572 9110 9750 303 2723 3255 325 8531 1243 9716 1387 4716 9976 3549 9204 6872 3551 2410 3695 458 830 2076 4787 4093 7803 7567 9546 6190 7067 8221 570 6536 5832 6770 5187 6820 3450 7142 6294 629 6361 7910 371 749 2167 4944 2027 4256 1470 3814 7493 1279 3164 1632 7083 2189 6153 3629 4320 4226 675 6971 6917 2849 5955 6945 2052 4173 1980 9357 9839 6812 2310 6845 3383 6358 248 5223 3648 7143 7169 3186 6793 124 5358 4086 7084 5851 5888 4293 7755 4299 5424 5049 2858 8498 3302 6854 2497 8316 9176 1586 9203 910 1388 5044 4252 1420 1158 4860 2824 3239 8861 387 1462 2427 7571 8313 9827 8202 131 1555 915 4609 8559 8252 5191 152 2861 4237 2517 9994 5619 469 543 6616 5925 1015 451 7839 1844 6194 9494 3325 2085 1743 2654 3075 4267 193 6667 8164 3066 7800 9612 6466 2306 1390 770 4235 9270 4500 4864 6851 4899 188 3059 2110 3011 3861 3167 606 4648 9933 6653 9125 4364 9782 8914 4856 5068 9765 2578 4387 2448 3960 5282 7041 1278 564 4757 4983 1510 694 6946 6214 2133 7721 9164 9850 1282 8840 8028 4198 565 600 2490 6392 6762 3832 9919 6975 6097 1061 2053 2106 6431 2911
3237 6739 1279 598 2256 7358 2865 8838 9358 3563 7270 6320 8907 3987 5895 6261 357 1510 5363 5867 1663 5982 2728 8588 5021 9411 1335 4843 9190 0 6050 3758 1442 2072 7525 3185 8610 3608 8493 316 3122 2430 4921 3101 7751 9265 3277 5932 2298 775 1022 2692 1819 4291 8837 3959 9016 7608 4801 5694 3942 3164 3280 881 185 6507 1759 1825 1966 3249 8136 856 6135 8017 5509 7998 7526 9662 5272 6726 8375 6600 5007 3585 8712 1844 1087 978 2677 9025 9243 5342 3864 6357 8249 2192 8666 5157 1992 6573 5349 9491 6866 9940 3781 4577 5520 4213 2350 5342 7033 456 8894 8634 2660 2644 1682 7303 2603 1754 5796 9386 5564 6656 9749 8376 5153 9184 3655 5957 3868 7744 1918 9048 3820 3306 3714 8323 715 6594 4757 1713 2745 1432 815 2349 4408 1465 1842 4418 7398 7190 1965 882 640 36 1502 1390 625 6465 893 5849 9874 1532 9689 8615 8774 3140 213 2302 4525 7281 3422 8078 4979 6697 3636 6788 6655 9532 1237 7770 4652 2364 5787 7199 7040 1303 71 877 4793 2009 3889 4877 3274 4618 6848 6805 7077 1165 5696 8408 5953 4830 6961 1663 2204 7911 8861 4416 4240 2863 9614 7191 8894 5121 6885 2233 2750 9583 7865 7526 5527 988 2858 6050 9987 7816 4228 3498 2335 9509 9560 5636 7075 3755 8958 2392 2610 8886 4054 7932 6061 4717 6773 4125 4646 637 88 3273
2245 5220 3763 5781 8159 4683 5921 3139 1377 4770 7155 4001 9524 6121 2764 3422 3792 4505 9117 3893 6171 9488 697 147 6014 8002 5716 1350 9681 6050 0 9444 6628 2315 6806 9145 4369 6396 7427 6774 1559 7246 1698 4694 2064 7156 7850 1730 8486 2045 1473 1431 8894 1870 7361 3207 2382 4018 5793 8461 8823 1989 1416 7267 3670 6762 8606 4966 2388 3079 8440 5695 3752 3987 3406 855 1180 4416 6852 8866 8184 1986 4683 2847 6055 2740 2806 3166 8733 3917 4352 8471 868 7579 2850 1110 8372 2781 6279 9665 7820 7992 5107 143 5272 8157 8179 2777 6612 7074 4328 6797 1214 8108 5958 5562 2420 4823 2532 5587 6516 4011 1112 1399 5521 3662 6753 7931 2956 4293 5144 1285 4373 940 544 5470 8186 5997 3175 8189 849 2273 4696 9211 239 4186 9626 3715 6172 9795 682 7293 7549 3769 1248 545 8037 5533 1359 8313 162 15 3856 9221 4763 5310 9888 3374 7145 8632 2158 7831 7599 4887 4851 1629 7784 5179 1692 2282 7737 2912 5219 8266 2793 3032 491 6737 4278 2764 3138 3532 980 4740 6351 6421 7696 2336 6916 5671 761 8742 6173 8468 740 6486 5102 8780 7223 3679 225 1855 4836 8122 4751 7023 9123 2801 6963 505 5491 7384 6840 5626 3024 8687 3195 3439 4500 3890 3321 6203 4121 1500 8196 7198 7849 9356 4228 365 8442 6140 3008 6780 5132 3141 4736 5566 5315 6924
2925 5373 9826 7516 5584 5617 8790 2490 6265 448 9682 3604 2390 6651 8322 9576 6551 8110 1878 3567 5941 2021 2812 8157 8454 7767 351 3123 1831 3758 9444 0 9271 3595 7615 309 2440 2690 1014 4545 9841 2307 9676 1251 4566 175 8865 490 4122 7761 6465 1482 3863 3830 8191 7580 6543 8866 1261 6194 1301 9833 5086 1402 9059 8844 5878 1107 1988 1149 2464 2219 3166 558 8825 28 2913 4491 7599 3166 8624 994 8493 6640 9023 6806 4242 2464 9462 2562 6633 4926 6919 5143 6623 4915 3858 7089 6785 3841 8153 2967 1792 1697 7130 2407 8839 1767 1588 261 9380 2562 9119 6890 9631 8557 5818 8908 7532 8323 580 2355 2195 9095 2672 8984 5246 5790 5599 725 7869 71 9621 113 7880 1361 6937 1046 1011 6849 4425 1625 2908 7150 2873 2997 5868 4242 1089 6788 6428 9538 3654 1848 1010 3155 852 7720 4107 468 9209 7450 355 8576 5006 4780 3209 551 9560 8975 1383 8474 4161 1204 161 518 7293 2837 3934 986 2848 8451 9050 9320 9359 2260 2479 4433 8127 576 6348 4228 2660 8928 935 9424 9576 4912 4662 1523 5998 3501 727 9173 446 6237 1374 4102 6634 9263 9602 3917 342 3321 4118 3660 3745 3035 5767 6333 1391 1408 9470 4223 6035 4308 9220 1540 5983 7281 3438 1405 3301 1543 2470 6878 4710 9740 5890 8310 3577 8689 8224 6481 6975 706 2719 1881 3954 3725
