50
0 3077 88 577 8630 5290 9189 6498 6270 7639 6447 5800 1152 2016 8409 8812 7049 6105 7529 2641 6113 7409 3742 4396 869 6899 9082 4637 7761 649 6402 7891 8746 9729 7328 2767 7238 9860 1664 8501 1145 1173 2962 6329 17 2781 9722 4808 829 3626
3077 0 2916 6628 5581 9404 4389 2737 3231 7567 1425 4626 2518 3689 8635 6829 5366 5217 6065 5823 3133 8930 9217 2268 6226 3763 9054 8510 3086 4014 8863 6928 2802 2354 9957 812 6201 9893 5737 7075 2225 4034 2812 8232 1726 3794 9196 4803 5540 8032
88 2916 0 2928 864 6456 5110 425 7576 5256 3124 2662 5540 1512 2665 3207 3025 347 2272 1857 2816 855 3567 374 9700 640 3313 682 2919 8171 968 9496 3491 4061 3294 2682 512 2095 2225 3719 7181 5350 2830 9339 6517 7950 1510 1667 1913 9687
577 6628 2928 0 3924 247 6839 4620 7754 556 3028 4647 5879 1578 3439 8333 3722 3458 3098 9370 2786 1990 7641 4701 6313 7669 154 7669 7375 9158 1649 7730 9175 5437 8740 4415 5282 2251 9978 5760 9831 234 3323 4891 145 1689 3823 1690 1163 5590
8630 5581 864 3924 0 7568 3062 7893 1015 1838 7646 1357 9167 9242 6938 4236 7419 7476 5955 5745 9298 8151 7532 6155 2232 445 2996 9940 1811 9460 4733 9031 271 7197 3238 7769 4106 1444 8812 2823 4313 244 9696 6308 6554 9124 8584 2743 3043 1355
5290 9404 6456 247 7568 0 9650 8096 635 6122 886 5394 1575 9497 7305 5312 6963 127 4024 5242 1302 1530 3009 3261 2649 4437 4961 1537 3081 5605 6486 4692 6196 8090 3150 5222 9771 6104 7904 7053 8003 7962 6344 8770 6864 9945 5101 2152 6135 9535
9189 4389 5110 6839 3062 9650 0 8638 9938 9557 4693 5860 9493 2672 3340 9527 3922 6559 1767 357 3283 581 2653 3556 4914 5823 9736 1723 6710 8780 8364 2797 5047 2680 6731 5397 1130 3545 2917 133 4730 3268 3138 7034 2647 9153 7905 7308 6293 1943
6498 2737 425 4620 7893 8096 8638 0 6973 1398 4542 8124 390 7221 2416 5798 9244 9369 9662 6563 1631 498 7685 5426 479 274 3669 4214 3291 3348 4303 7859 4490 5132 4270 9350 8205 2277 7283 7093 3661 1511 9752 7415 6575 2054 8054 9329 5678 8332
6270 3231 7576 7754 1015 635 9938 6973 0 8311 2790 9273 3151 4821 3647 9539 9402 6708 4894 3792 4109 7791 5630 605 3660 3627 7113 1080 2548 684 1057 8562 6906 2092 4178 1335 1963 2800 2748 234 7727 5490 4590 4316 3288 3821 2076 3608 8077 6037
7639 7567 5256 556 1838 6122 9557 1398 8311 0 5097 6851 3838 7868 8415 423 1400 2496 9862 2539 6880 7926 6723 8094 565 7430 5955 9062 5323 4304 5384 1768 9074 5137 8067 3694 9779 7455 1125 408 8456 2451 3257 2015 5313 4394 8626 2054 9884 1528
6447 1425 3124 3028 7646 886 4693 4542 2790 5097 0 9687 9958 382 1414 3775 8637 2941 1589 5123 6794 6705 7087 1556 5631 2841 371 5893 5850 9826 9214 5186 917 1708 2405 3060 9518 8458 6380 419 9794 9984 9610 6693 3609 3268 3059 7272 4567 7722
5800 4626 2662 4647 1357 5394 5860 8124 9273 6851 9687 0 1788 8176 3446 1663 1713 3700 8690 7596 9023 250 7772 1642 7932 4334 9935 9543 9408 832 9722 250 6030 6940 1607 6310 220 5806 1957 3390 2674 7927 7296 6068 6884 8957 345 8380 3089 7531
1152 2518 5540 5879 9167 1575 9493 390 3151 3838 9958 1788 0 8497 1699 7840 8117 9128 1924 6495 4679 5721 7916 7642 2024 5474 101 5869 1199 2833 9151 2209 9912 7025 768 9757 9925 8254 6692 963 1610 8712 7697 8874 7671 3702 1022 8592 2419 3786
2016 3689 1512 1578 9242 9497 2672 7221 4821 7868 382 8176 8497 0 9085 3602 6959 9554 1181 3144 6191 4074 6520 5194 7444 5541 8299 1154 2613 6308 6991 4736 4773 7269 3973 108 6403 8755 3884 4246 1429 7473 3547 4231 4418 6950 2585 3608 4639 6296
8409 8635 2665 3439 6938 7305 3340 2416 3647 8415 1414 3446 1699 9085 0 4105 40 1977 1344 263 4115 7739 9011 3340 5125 9783 7671 5133 4580 1960 6941 5594 2261 8069 3193 3782 9471 7755 4482 9967 7038 7594 6488 6761 9736 3296 8457 9586 1978 4509
8812 6829 3207 8333 4236 5312 9527 5798 9539 423 3775 1663 7840 3602 4105 0 4383 4783 5237 2483 7897 5912 2877 1889 1149 7773 8403 6127 6261 7182 4473 4537 4938 810 1549 5323 3576 4947 9153 1759 6945 657 1388 7739 1482 6151 4170 7148 5923 7711
7049 5366 3025 3722 7419 6963 3922 9244 9402 1400 8637 1713 8117 6959 40 4383 0 8958 4161 3582 8414 7619 3778 7391 47 1144 2605 7824 9714 2638 3047 6162 7539 7974 8983 2313 6689 9685 5963 2053 3783 7088 8588 3313 3695 3881 5545 7775 3785 8641
6105 5217 347 3458 7476 127 6559 9369 6708 2496 2941 3700 9128 9554 1977 4783 8958 0 1911 9828 1654 418 7082 7450 4911 1746 3788 3741 9714 341 5601 6498 7177 6222 6382 6706 9474 1027 4798 4080 6440 8324 7193 6658 9969 1705 4767 196 9865 8572
7529 6065 2272 3098 5955 4024 1767 9662 4894 9862 1589 8690 1924 1181 1344 5237 4161 1911 0 1853 5529 9300 4174 1911 5745 5864 8360 8280 9750 1471 9494 7248 6427 6401 9750 5122 2620 6603 6270 8681 8529 5243 7275 2304 6434 852 7185 4266 9882 3747
2641 5823 1857 9370 5745 5242 357 6563 3792 2539 5123 7596 6495 3144 263 2483 3582 9828 1853 0 9374 8351 2131 7639 799 1985 2287 5124 935 4547 5067 1446 9158 4632 409 7265 5328 5998 4579 4510 7702 970 1132 3468 4110 57 1845 1079 8949 4266
6113 3133 2816 2786 9298 1302 3283 1631 4109 6880 6794 9023 4679 6191 4115 7897 8414 1654 5529 9374 0 824 2160 1438 5459 1021 9996 4312 5234 2635 3133 1871 4713 1461 4646 7524 7729 6352 4636 8057 749 6866 5788 7256 837 2070 3977 5815 216 2220
7409 8930 855 1990 8151 1530 581 498 7791 7926 6705 250 5721 4074 7739 5912 7619 418 9300 8351 824 0 1646 1849 6247 3174 5841 6550 8388 4489 9837 9240 3541 4356 9864 214 415 4808 2151 760 7896 8988 3488 6515 9367 8547 879 3981 6148 4959
3742 9217 3567 7641 7532 3009 2653 7685 5630 6723 7087 7772 7916 6520 9011 2877 3778 7082 4174 2131 2160 1646 0 2909 1167 2061 3798 7055 7098 8523 9924 2987 8448 2514 432 1342 4887 8262 7333 8779 147 2419 7893 8099 1001 4433 797 4184 473 6920
4396 2268 374 4701 6155 3261 3556 5426 605 8094 1556 1642 7642 5194 3340 1889 7391 7450 1911 7639 1438 1849 2909 0 4329 587 2650 2507 7298 3715 6886 8403 1978 2812 4239 1489 7556 8543 5246 9983 4950 7002 3311 1371 9666 7649 7439 342 723 3044
869 6226 9700 6313 2232 2649 4914 479 3660 565 5631 7932 2024 7444 5125 1149 47 4911 5745 799 5459 6247 1167 4329 0 7814 5445 2841 1501 7882 1242 8818 6885 3321 9690 9137 2309 1158 5193 2481 657 1298 2555 6670 4129 6787 6545 6721 7274 2936
6899 3763 640 7669 445 4437 5823 274 3627 7430 2841 4334 5474 5541 9783 7773 1144 1746 5864 1985 1021 3174 2061 587 7814 0 2812 1991 1782 9197 478 3352 5681 268 8619 6410 7711 4371 4060 3388 6351 4511 1008 3867 9659 2546 61 2438 8675 4620
9082 9054 3313 154 2996 4961 9736 3669 7113 5955 371 9935 101 8299 7671 8403 2605 3788 8360 2287 9996 5841 3798 2650 5445 2812 0 8030 9554 7686 6031 3263 526 1093 7718 8709 4857 5797 9573 2476 2472 8565 101 356 7740 2119 9735 1888 4598 2811
4637 8510 682 7669 9940 1537 1723 4214 1080 9062 5893 9543 5869 1154 5133 6127 7824 3741 8280 5124 4312 6550 7055 2507 2841 1991 8030 0 2015 2209 3435 5000 5503 1309 2148 2202 1563 4542 2300 3214 2034 6021 8628 3559 4675 3314 5909 5923 2826 4874
7761 3086 2919 7375 1811 3081 6710 3291 2548 5323 5850 9408 1199 2613 4580 6261 9714 9714 9750 935 5234 8388 7098 7298 1501 1782 9554 2015 0 563 9107 3224 7033 3875 7462 4141 1445 280 8219 4521 5754 43 8152 2654 4929 1976 9802 6524 5856 8648
649 4014 8171 9158 9460 5605 8780 3348 684 4304 9826 832 2833 6308 1960 7182 2638 341 1471 4547 2635 4489 8523 3715 7882 9197 7686 2209 563 0 5517 5204 1032 615 3117 667 9975 2395 894 5769 9768 8027 827 1812 9034 1015 3096 6135 8041 785
6402 8863 968 1649 4733 6486 8364 4303 1057 5384 9214 9722 9151 6991 6941 4473 3047 5601 9494 5067 3133 9837 9924 6886 1242 478 6031 3435 9107 5517 0 4213 5656 6015 16 2035 7154 6542 9958 1128 427 5703 5826 5283 9964 1836 5072 117 7482 3138
7891 6928 9496 7730 9031 4692 2797 7859 8562 1768 5186 250 2209 4736 5594 4537 6162 6498 7248 1446 1871 9240 2987 8403 8818 3352 3263 5000 3224 5204 4213 0 4169 7003 6214 8478 168 8012 6276 5106 6357 7903 3835 4551 9748 50 7920 5859 4512 5561
8746 2802 3491 9175 271 6196 5047 4490 6906 9074 917 6030 9912 4773 2261 4938 7539 7177 6427 9158 4713 3541 8448 1978 6885 5681 526 5503 7033 1032 5656 4169 0 9538 1454 9538 9050 2531 7696 6340 3613 3284 4844 724 7639 5127 4324 6743 2934 2558
9729 2354 4061 5437 7197 8090 2680 5132 2092 5137 1708 6940 7025 7269 8069 810 7974 6222 6401 4632 1461 4356 2514 2812 3321 268 1093 1309 3875 615 6015 7003 9538 0 8378 2351 5165 7645 9207 7879 1267 8905 4735 723 8141 8960 3099 3174 8617 1294
7328 9957 3294 8740 3238 3150 6731 4270 4178 8067 2405 1607 768 3973 3193 1549 8983 6382 9750 409 4646 9864 432 4239 9690 8619 7718 2148 7462 3117 16 6214 1454 8378 0 8689 1246 4819 556 7221 6306 7837 8992 3945 143 7087 8008 5487 532 449
2767 812 2682 4415 7769 5222 5397 9350 1335 3694 3060 6310 9757 108 3782 5323 2313 6706 5122 7265 7524 214 1342 1489 9137 6410 8709 2202 4141 667 2035 8478 9538 2351 8689 0 5811 8801 1542 9921 7617 3840 4173 6826 7362 8232 4291 2994 8177 4302
7238 6201 512 5282 4106 9771 1130 8205 1963 9779 9518 220 9925 6403 9471 3576 6689 9474 2620 5328 7729 415 4887 7556 2309 7711 4857 1563 1445 9975 7154 168 9050 5165 1246 5811 0 3839 524 9869 8945 3665 6887 6376 9653 8728 7107 5721 1772 1589
9860 9893 2095 2251 1444 6104 3545 2277 2800 7455 8458 5806 8254 8755 7755 4947 9685 1027 6603 5998 6352 4808 8262 8543 1158 4371 5797 4542 280 2395 6542 8012 2531 7645 4819 8801 3839 0 7557 1062 2934 925 6219 6268 2501 6341 1093 7042 4345 7865
1664 5737 2225 9978 8812 7904 2917 7283 2748 1125 6380 1957 6692 3884 4482 9153 5963 4798 6270 4579 4636 2151 7333 5246 5193 4060 9573 2300 8219 894 9958 6276 7696 9207 556 1542 524 7557 0 7010 2301 9649 7657 9861 3298 1890 4556 8853 8470 5279
8501 7075 3719 5760 2823 7053 133 7093 234 408 419 3390 963 4246 9967 1759 2053 4080 8681 4510 8057 760 8779 9983 2481 3388 2476 3214 4521 5769 1128 5106 6340 7879 7221 9921 9869 1062 7010 0 3568 7604 567 879 1954 5857 1633 5211 2996 985
1145 2225 7181 9831 4313 8003 4730 3661 7727 8456 9794 2674 1610 1429 7038 6945 3783 6440 8529 7702 749 7896 147 4950 657 6351 2472 2034 5754 9768 427 6357 3613 1267 6306 7617 8945 2934 2301 3568 0 4578 8713 3215 515 1085 3001 8133 3625 981
1173 4034 5350 234 244 7962 3268 1511 5490 2451 9984 7927 8712 7473 7594 657 7088 8324 5243 970 6866 8988 2419 7002 1298 4511 8565 6021 43 8027 5703 7903 3284 8905 7837 3840 3665 925 9649 7604 4578 0 8207 6259 5842 6785 1054 2366 3483 1873
2962 2812 2830 3323 9696 6344 3138 9752 4590 3257 9610 7296 7697 3547 6488 1388 8588 7193 7275 1132 5788 3488 7893 3311 2555 1008 101 8628 8152 827 5826 3835 4844 4735 8992 4173 6887 6219 7657 567 8713 8207 0 5457 7233 5609 842 7448 8375 6742
6329 8232 9339 4891 6308 8770 7034 7415 4316 2015 6693 6068 8874 4231 6761 7739 3313 6658 2304 3468 7256 6515 8099 1371 6670 3867 356 3559 2654 1812 5283 4551 724 723 3945 6826 6376 6268 9861 879 3215 6259 5457 0 7941 1074 3524 8233 4147 1224
17 1726 6517 145 6554 6864 2647 6575 3288 5313 3609 6884 7671 4418 9736 1482 3695 9969 6434 4110 837 9367 1001 9666 4129 9659 7740 4675 4929 9034 9964 9748 7639 8141 143 7362 9653 2501 3298 1954 515 5842 7233 7941 0 7641 4237 9056 7330 549
2781 3794 7950 1689 9124 9945 9153 2054 3821 4394 3268 8957 3702 6950 3296 6151 3881 1705 852 57 2070 8547 4433 7649 6787 2546 2119 3314 1976 1015 1836 50 5127 8960 7087 8232 8728 6341 1890 5857 1085 6785 5609 1074 7641 0 1705 6851 9823 2818
9722 9196 1510 3823 8584 5101 7905 8054 2076 8626 3059 345 1022 2585 8457 4170 5545 4767 7185 1845 3977 879 797 7439 6545 61 9735 5909 9802 3096 5072 7920 4324 3099 8008 4291 7107 1093 4556 1633 3001 1054 842 3524 4237 1705 0 1080 7432 9675
4808 4803 1667 1690 2743 2152 7308 9329 3608 2054 7272 8380 8592 3608 9586 7148 7775 196 4266 1079 5815 3981 4184 342 6721 2438 1888 5923 6524 6135 117 5859 6743 3174 5487 2994 5721 7042 8853 5211 8133 2366 7448 8233 9056 6851 1080 0 6119 2226
829 5540 1913 1163 3043 6135 6293 5678 8077 9884 4567 3089 2419 4639 1978 5923 3785 9865 9882 8949 216 6148 473 723 7274 8675 4598 2826 5856 8041 7482 4512 2934 8617 532 8177 1772 4345 8470 2996 3625 3483 8375 4147 7330 9823 7432 6119 0 7031
3626 8032 9687 5590 1355 9535 1943 8332 6037 1528 7722 7531 3786 6296 4509 7711 8641 8572 3747 4266 2220 4959 6920 3044 2936 4620 2811 4874 8648 785 3138 5561 2558 1294 449 4302 1589 7865 5279 985 981 1873 6742 1224 549 2818 9675 2226 7031 0
