100
0 3308 731 1915 732 446 7140 1547 773 4694 271 6861 2338 4094 6144 7756 3685 6843 5864 9436 7117 7361 6485 8816 8401 9060 5083 9779 6243 8621 8709 2025 4264 4258 3903 4529 4760 1499 5516 42 7732 5761 6071 1943 4107 9785 2401 4647 7919 4115 3883 2545 9157 669 5156 4470 2150 6642 9307 5648 6961 5720 4529 2217 6223 4196 5756 3275 2361 6325 9051 3577 6409 978 435 743 4715 4005 1145 2433 7284 5197 4188 2512 6142 8251 2120 1911 7549 8067 2229 6834 331 9724 4416 9547 5640 9306 2601 2074
3308 0 6277 3534 3752 1927 470 2375 2196 1020 6147 1794 9475 163 5729 7787 1616 6121 9792 2839 9385 879 6222 3445 8507 8995 3775 7353 1139 1900 8005 2263 2072 4362 2518 6723 3651 5553 2284 4172 5188 6295 1958 7478 1881 9532 6780 5217 2036 8715 5661 6264 1991 4785 698 8471 5858 4984 2013 3242 4209 8025 7810 1629 147 7260 7277 7727 7248 5167 1244 8682 1493 8113 514 4944 8530 5784 5073 227 1089 2196 5876 5357 1117 9406 6201 9670 4058 5398 3298 2578 8205 8334 5094 9169 3145 1836 2836 7179
731 6277 0 4534 2895 3869 7973 1645 5632 9581 5716 7914 3761 6519 3454 2951 2293 9995 4182 9159 8469 1410 3406 1650 3639 4932 8005 3759 4293 8635 8047 6334 7995 6358 199 2299 5173 2972 9521 2988 951 7533 4604 916 4835 9602 9363 418 1312 5918 5333 4695 1310 3012 5219 4439 7641 4918 7815 504 6719 282 9945 8791 4480 9370 4095 2664 8249 400 4692 7317 2929 1025 6659 8143 524 4722 9079 295 7645 5069 5523 1244 4005 6018 7972 3171 6847 7740 5531 1467 5618 5013 6200 3525 3622 5066 3020 3852
1915 3534 4534 0 5440 9269 8669 1335 5485 5946 9408 6376 7030 6974 875 6213 6791 724 3691 946 317 736 201 8589 2510 8015 2100 9462 2543 7612 4104 6714 4599 7825 3061 2404 1505 5055 6977 8132 412 9847 5740 962 2658 4012 3674 3405 3095 7464 2027 2878 8601 1148 8042 2381 7371 417 2403 4752 3160 609 2755 1482 9708 3900 7974 2214 2493 4810 9033 9482 817 1536 2020 4552 9252 7002 6626 313 1304 4440 6739 1406 2815 6139 517 3935 342 1234 1368 402 1040 9588 1506 9121 890 9283 7597 6443
732 3752 2895 5440 0 7827 8266 1939 3722 9460 1657 4323 7672 6943 4227 7877 4719 8161 6736 1581 1712 1424 4572 3463 7907 7969 4611 6550 7286 9234 9531 5655 1806 5082 2460 3691 6491 5608 524 4626 5583 7680 686 6960 9527 601 9328 6631 5126 9580 3867 884 6357 4301 1741 5413 3250 5152 8407 5559 6715 3467 1821 1146 2210 3003 5017 2655 8886 6561 9865 6210 8453 1091 4770 9093 878 453 2200 4017 2647 513 2537 7260 9372 5564 6321 5029 5124 5186 3376 4886 9228 4532 9737 8554 4322 7787 8822 4390
446 1927 3869 9269 7827 0 3493 6098 2378 2990 3958 623 9978 6061 4439 5510 1224 4666 3912 5370 4654 6828 1570 5359 1521 5554 4915 1348 9338 5125 9185 5259 1456 5695 7010 5513 8777 5892 6122 2226 4496 9714 2172 3882 7645 4520 6378 8015 2602 8104 7707 8629 2750 4247 2931 685 4300 4485 7681 2516 501 5781 3823 4152 1732 4175 2007 7735 3117 2323 9830 2833 4419 1123 4105 8846 3584 966 6032 6079 753 324 7066 767 1413 4389 8366 6652 1889 7891 977 3630 8193 6025 811 7103 8741 4683 1273 4293
7140 470 7973 8669 8266 3493 0 7345 5700 974 4750 5497 5918 2164 8489 3880 3300 5933 4959 3313 6543 2880 7099 3884 1347 2979 8190 7630 6719 648 8262 11 1832 1320 3024 6553 4166 3637 2174 5901 8597 5076 7171 3588 3845 9654 4242 2537 4684 3641 5612 8098 3634 1482 4884 3220 2202 6667 9447 3284 6501 9528 3636 767 5572 2356 4586 9509 7501 6928 8252 9769 6601 9265 5525 9760 5573 9973 4557 4663 4709 7172 9794 8647 1855 357 9302 9454 8879 1576 9965 1424 8589 8630 8172 6165 1652 7033 4295 9934
1547 2375 1645 1335 1939 6098 7345 0 8074 8646 2628 14 1674 1041 2846 9688 5862 4865 8130 5679 5156 3547 5424 5096 929 9308 3043 2885 4040 1716 7107 5061 15 6331 5006 5254 8266 78 4714 7290 7473 4315 4821 2161 5947 406 16 9203 3503 7730 2683 4439 5427 972 3156 1597 8966 2214 5336 5873 2723 2593 9549 8864 3935 2920 9490 1008 5740 7127 36 846 3743 9157 3694 3978 9337 2035 6062 7287 9464 3575 5718 818 7377 5167 4581 3471 9901 7759 2234 3852 9313 6262 6968 6668 4915 70 2295 4693
773 2196 5632 5485 3722 2378 5700 8074 0 1428 6790 4074 9902 4459 1460 4550 5179 2753 2762 4678 2794 2911 475 2453 6128 8111 6222 1619 6846 3217 4314 2908 6462 2644 7727 6631 7697 3155 2574 4001 192 7820 3465 879 4895 8111 662 9964 3060 5272 9763 7182 9303 5697 1748 3867 8320 4958 7774 495 1240 8431 9372 9039 9942 3322 7759 1467 4551 7937 985 910 5752 8990 8384 2507 7786 6130 9681 9467 7254 1115 5577 1043 984 6902 5680 8552 4516 168 4159 8929 8827 2642 792 5440 3993 307 8766 2349
4694 1020 9581 5946 9460 2990 974 8646 1428 0 9841 4258 940 2861 7907 9119 1020 3115 6351 6085 7167 7124 7219 8502 8049 2724 422 7940 4579 285 513 5741 7763 2380 4013 8172 2924 6980 1535 528 4936 1725 7939 9706 5260 1771 3703 8829 1532 9361 7234 3224 5693 6692 7898 2997 9120 4628 8988 9154 996 9351 3166 4525 2373 6277 4667 1814 2964 7059 369 2774 9478 9736 8484 4904 6006 6190 3824 4210 6697 7367 2868 8113 9058 7198 1445 6008 584 8608 6422 8660 6962 128 9597 1171 3799 5141 1509 6725
271 6147 5716 9408 1657 3958 4750 2628 6790 9841 0 3886 9482 4224 1320 4648 1592 3269 816 6769 5955 7627 773 8890 2086 7791 2209 5290 3562 3309 7113 3774 5304 61 164 1805 1968 9401 5571 5362 2186 6412 589 4197 8246 1375 1878 3619 4652 6612 2382 3051 2928 7618 2469 9961 4910 6997 8653 7037 73 6215 3053 7818 2565 2432 4794 9342 1266 1362 1671 4835 3583 6000 7194 5879 2112 549 7279 7823 8019 3859 691 4320 7258 8693 6017 7230 8449 9074 1833 7397 3624 4832 9868 5733 5436 2704 9352 9605
6861 1794 7914 6376 4323 623 5497 14 4074 4258 3886 0 4666 5533 1695 2468 7671 3581 1701 4243 1464 2710 520 2770 7317 6901 5300 3433 3931 3966 5549 8045 8354 1801 9947 5898 2084 2415 1361 7158 4835 4441 4183 4747 2429 4930 8523 6356 768 7571 4110 4115 1436 6907 7583 2387 3578 5316 3559 931 4652 4433 3823 9270 7146 2183 8104 5666 3804 7028 5456 4788 8447 3845 2683 4953 8407 5237 7376 497 3616 6621 1063 6367 831 7087 5904 3526 7984 5009 4378 7113 9696 5988 1892 5889 8770 4592 2103 9712
2338 9475 3761 7030 7672 9978 5918 1674 9902 940 9482 4666 0 8972 1010 278 9639 6162 6181 7019 8682 8111 8816 2503 1250 1472 8873 8554 9919 4855 8239 8692 4555 2713 9019 4405 9438 9565 3624 9040 9734 6297 2628 6290 2847 3194 730 8131 4723 4906 6506 8092 6607 6555 3589 1222 2744 8857 1635 8795 9278 1154 4303 8578 6755 9467 7438 8993 3696 8600 749 9094 3841 2991 6060 5538 6988 4428 8645 6592 3667 2063 558 6361 1836 3488 558 830 7641 2141 6004 3059 3954 6669 2548 7225 7491 993 4856 5680
4094 163 6519 6974 6943 6061 2164 1041 4459 2861 4224 5533 8972 0 323 1944 3398 1428 748 6986 4927 2282 6047 6689 8444 6913 8572 8823 3976 8259 996 5294 3044 4021 4123 7706 5136 3426 945 6591 642 5934 1358 912 5181 9074 5147 1498 291 2858 5939 8682 1691 9335 4502 9037 3315 7779 2910 6761 6705 3781 417 7354 1149 668 8364 3217 1708 2226 47 3057 3559 5361 4155 3498 7066 8223 9712 2103 1542 8871 3900 512 8286 9036 7334 3946 1602 6837 6519 6145 5204 5365 2916 3951 690 2879 9969 1063
6144 5729 3454 875 4227 4439 8489 2846 1460 7907 1320 1695 1010 323 0 707 7631 1198 3022 9347 3493 4958 3784 7781 7370 6304 2958 6298 8711 7150 8399 8374 2616 3934 3754 3454 6089 9805 1797 4776 342 5233 1472 625 7831 6650 476 6425 9577 3691 4122 9936 7040 7804 6240 9142 3344 1590 9576 9369 9183 5154 9070 4886 6432 5003 2644 1711 5759 3717 5014 773 5656 7843 7672 362 7285 5307 4874 8826 9091 8131 3131 3436 8729 9652 6176 4358 7093 7412 8457 9817 9639 7138 1141 917 6461 2944 4027 6818
7756 7787 2951 6213 7877 5510 3880 9688 4550 9119 4648 2468 278 1944 707 0 9507 5597 7578 9077 5224 7928 3756 8837 4914 1827 5032 5444 7486 3185 9526 2268 5760 9223 4137 6972 4094 42 2978 6763 6650 5478 2789 1817 421 6058 4024 5180 7827 7825 562 1305 5183 6145 2883 3419 7904 9430 6879 7280 4893 3365 7266 2606 4554 4380 8497 4256 8632 4205 9325 5374 5786 3038 214 8380 6976 7806 9550 9728 521 3255 3302 6707 8178 5292 6787 5381 134 6450 8415 9617 3910 9293 9030 8144 5095 3552 3500 3478
3685 1616 2293 6791 4719 1224 3300 5862 5179 1020 1592 7671 9639 3398 7631 9507 0 7776 4047 9008 7001 7247 5814 847 168 8404 4610 9644 6253 4311 3917 8837 5196 8246 9798 420 6288 6388 3240 2459 9528 7022 8786 240 7786 5258 9707 213 2542 5987 1989 3571 1359 561 3060 473 6894 2908 2440 5668 9324 7557 5861 5291 9398 7503 2689 6636 7890 9052 695 5316 3405 9648 4122 2052 9042 5181 5117 1870 4641 8430 1038 6833 350 3741 356 4157 6622 1302 5512 7612 4055 3185 630 8601 2796 1825 8039 5382
6843 6121 9995 724 8161 4666 5933 4865 2753 3115 3269 3581 6162 1428 1198 5597 7776 0 1712 5962 457 2295 9974 4109 5313 6167 2669 7108 8633 2168 5345 1148 1966 594 8911 7828 5150 477 1269 4706 6057 818 6665 9948 8080 5573 6109 7300 1138 4962 6278 4604 5493 2175 6894 81 7723 6437 7293 6279 8950 2210 9919 3330 31 5168 9719 7153 8614 4620 5514 2505 6322 7006 5890 400 3779 6060 4568 5244 2144 7864 1838 7412 7603 8555 8184 2800 2794 4890 8209 2863 668 6157 1250 1018 1727 1469 6912 7278
5864 9792 4182 3691 6736 3912 4959 8130 2762 6351 816 1701 6181 748 3022 7578 4047 1712 0 3149 8457 2818 5334 1724 1405 8220 1309 1788 7534 6613 1890 1806 2078 9180 3143 6368 883 2522 9641 3355 844 7856 6408 2488 6324 3876 1726 1928 4747 5267 7485 7588 7 9120 6444 9655 9762 1980 438 1236 3031 6832 9087 356 7053 9008 7511 9878 9000 5002 9739 8546 108 8376 8377 5229 2645 3959 5831 5246 328 772 5586 7744 3621 2289 2498 8725 3803 8282 8574 4126 6998 3127 6038 5127 240 6100 6478 9126
9436 2839 9159 946 1581 5370 3313 5679 4678 6085 6769 4243 7019 6986 9347 9077 9008 5962 3149 0 8995 8808 6523 5800 5443 5750 8186 4057 7685 917 4831 4555 3731 9223 1511 1258 888 6100 8902 9109 1309 5930 8071 5410 4648 8227 2617 4770 8797 7097 575 9535 3261 4186 7223 3971 4363 9426 1981 6453 2491 1242 5591 3969 9502 4187 8091 5248 9305 6614 8373 1888 9575 333 1449 7451 1043 3761 3431 714 3529 1052 3932 2448 89 4304 744 6265 9368 459 6568 7200 3474 1314 6188 1729 8483 3052 7518 8459
7117 9385 8469 317 1712 4654 6543 5156 2794 7167 5955 1464 8682 4927 3493 5224 7001 457 8457 8995 0 5471 9891 144 9383 6831 4032 7771 1792 6385 1784 3130 6382 1816 2769 4159 4431 5744 8244 9652 8803 6735 2847 4010 725 316 4719 7162 1593 1919 5048 8036 9640 6757 5133 9665 6386 7188 4152 3684 8535 4506 6237 3490 9704 3863 3078 7561 7952 7414 6712 1960 9258 2241 1468 7331 6497 6908 525 2525 1822 9872 5040 3889 183 6489 258 2178 1549 6871 1388 7662 1719 9226 3651 1872 9032 8802 7603 7834
7361 879 1410 736 1424 6828 2880 3547 2911 7124 7627 2710 8111 2282 4958 7928 7247 2295 2818 8808 5471 0 4457 7083 8450 2306 2359 3613 7801 581 7615 7680 3564 3728 7359 226 2921 7497 7181 9395 8665 7495 2904 6302 4509 93 4433 6533 3741 3963 8355 8667 6774 8519 2147 1542 8440 6415 3921 7875 92 1456 8757 9022 2941 7090 9063 4869 962 4080 9281 8595 96 2443 3347 1112 9900 4502 6626 8256 4803 597 6954 7837 9560 1907 4616 91 3250 1336 4847 9108 7835 4000 951 7344 5851 1843 200 180
6485 6222 3406 201 4572 1570 7099 5424 475 7219 773 520 8816 6047 3784 3756 5814 9974 5334 6523 9891 4457 0 9223 1612 6763 1926 1206 1777 5322 4485 8903 5014 5592 2999 6955 3931 5502 5946 2543 1930 4794 3545 8629 9976 1239 8487 5600 8694 6230 4733 7272 6573 3015 130 2495 7933 9029 9228 8073 8775 7146 3249 4422 202 1295 5438 8743 9637 5008 4293 8489 5130 6781 9728 6306 5004 8169 4592 2136 1630 13 9432 4706 3545 8211 8302 8161 281 6455 1328 5952 576 6762 1084 5583 1841 3034 5404 9716
8816 3445 1650 8589 3463 5359 3884 5096 2453 8502 8890 2770 2503 6689 7781 8837 847 4109 1724 5800 144 7083 9223 0 516 8160 5514 2018 1422 4458 9614 9828 169 4262 3864 7318 5247 2981 3551 654 7418 5095 2603 8954 6935 3110 8999 8407 9972 7583 8739 7445 3398 4087 8308 7050 386 168 942 9877 796 7037 1421 9550 9568 4580 1064 7007 1994 8955 2326 8014 7173 7882 2838 8441 591 7337 177 3081 2994 1703 6053 18 8325 7404 3547 5104 9103 5185 5139 4792 8724 1316 465 323 2196 9987 1608 9057
8401 8507 3639 2510 7907 1521 1347 929 6128 8049 2086 7317 1250 8444 7370 4914 168 5313 1405 5443 9383 8450 1612 516 0 8440 3958 2156 2308 8201 6777 6567 9185 1747 2079 5509 7229 9216 5718 2276 8869 7575 2698 165 1302 8206 1111 1549 4860 813 1865 2211 3855 8007 6896 1855 7157 2862 2984 3584 9433 8687 6717 102 544 6233 7411 3330 3077 2316 1677 2468 2789 1777 7760 4715 9191 9653 758 2978 9267 5764 5556 7782 4963 3297 7582 5821 9862 8921 9679 6147 7232 1898 950 2761 4025 8159 2041 3856
9060 8995 4932 8015 7969 5554 2979 9308 8111 2724 7791 6901 1472 6913 6304 1827 8404 6167 8220 5750 6831 2306 6763 8160 8440 0 9051 7906 247 9890 6765 399 5475 1770 4802 7562 1262 2838 3548 7222 5178 2615 2845 8579 3877 2996 542 2872 2736 2645 513 9113 1890 9483 2888 7504 8005 6586 1615 997 430 9568 169 9711 1538 4006 2625 1044 6682 2466 1590 2709 2883 394 6175 6523 1627 2423 1899 5654 6359 7896 7626 3464 4811 3000 6115 3188 2954 3657 3634 9610 5876 4721 1893 1165 3089 3036 9125 9955
5083 3775 8005 2100 4611 4915 8190 3043 6222 422 2209 5300 8873 8572 2958 5032 4610 2669 1309 8186 4032 2359 1926 5514 3958 9051 0 4351 6933 3452 462 8133 8740 1003 3372 7155 4922 3183 2839 1149 2931 929 9747 7497 1690 9395 3384 4496 8158 5361 8730 3437 4185 6504 134 2163 723 6812 4093 1209 9247 2962 1111 9303 6393 5374 8753 718 7552 5069 4149 9996 30 3147 189 9591 3404 2264 3934 7496 1948 4297 9930 1629 2686 7653 2598 2729 6156 7871 6776 2300 7867 7929 2043 7321 2647 6398 5963 2850
9779 7353 3759 9462 6550 1348 7630 2885 1619 7940 5290 3433 8554 8823 6298 5444 9644 7108 1788 4057 7771 3613 1206 2018 2156 7906 4351 0 8764 63 4022 9109 6539 2316 2992 3734 7644 2021 2656 8877 6892 4212 973 668 381 7075 7996 7826 1812 327 6632 6520 7885 1765 2720 9011 8644 8759 8198 116 5066 4797 5573 3992 9359 1386 1195 7073 5708 9997 7850 5585 554 5257 224 3143 8031 7306 3313 3096 777 3311 2147 2696 3589 4519 3164 7784 2087 8913 6905 1914 1413 5841 9735 2222 3355 3010 3898 8056
6243 1139 4293 2543 7286 9338 6719 4040 6846 4579 3562 3931 9919 3976 8711 7486 6253 8633 7534 7685 1792 7801 1777 1422 2308 247 6933 8764 0 6754 7109 8114 6716 656 5581 4571 8573 4265 9513 6193 6157 5923 9069 4307 4909 3618 7587 9105 3247 18 9996 1938 6081 546 7261 4116 7509 8443 9411 4798 9360 4148 3038 9637 2826 4224 8833 4665 9971 5729 5383 5799 2785 4380 9201 247 4672 3331 494 3064 2855 9836 131 393 6203 5781 9584 8040 5231 9562 7431 7494 2324 2661 8796 1666 9524 4906 2099 8269
8621 1900 8635 7612 9234 5125 648 1716 3217 285 3309 3966 4855 8259 7150 3185 4311 2168 6613 917 6385 581 5322 4458 8201 9890 3452 63 6754 0 1625 5284 5482 7659 3114 7125 5236 514 9606 9882 3071 9891 5199 5128 210 3734 5583 3726 8970 2209 7847 5723 2291 8108 5861 4072 2244 9728 8472 57 9375 1315 565 8959 4276 9022 9917 1012 5106 9263 9655 5744 9188 270 8601 7245 9707 4348 1276 7862 5567 856 2594 7096 580 9913 7967 7895 6729 5783 710 1839 39 8771 4142 7160 2729 5262 3578 5061
8709 8005 8047 4104 9531 9185 8262 7107 4314 513 7113 5549 8239 996 8399 9526 3917 5345 1890 4831 1784 7615 4485 9614 6777 6765 462 4022 7109 1625 0 7268 8974 3311 2563 6862 6749 961 9183 8759 3896 5386 7861 719 8566 9788 6959 9191 8317 4226 5389 4080 9783 1528 1456 6668 2274 7806 7480 8012 8107 6159 6125 2960 8213 7818 7299 2945 2452 1890 3907 904 2734 3610 3556 5444 5638 4575 3585 9962 5247 466 4626 7756 9470 7644 6036 3303 2270 3697 1978 9393 7643 7552 5465 8939 955 9 6851 9986
2025 2263 6334 6714 5655 5259 11 5061 2908 5741 3774 8045 8692 5294 8374 2268 8837 1148 1806 4555 3130 7680 8903 9828 6567 399 8133 9109 8114 5284 7268 0 6913 5537 9497 1414 9308 6265 5670 2678 800 360 2533 9172 9605 4366 2874 4897 1760 8764 2051 6956 1127 5720 6601 3926 947 8749 3362 751 7382 132 7226 8306 5132 1528 6377 2123 173 3234 1251 4426 5067 171 6638 3571 9795 4680 3014 7302 8589 7292 3683 8403 4381 8765 6701 9252 843 3431 8736 2991 2243 2294 6563 2308 1123 9956 9697 5675
4264 2072 7995 4599 1806 1456 1832 15 6462 7763 5304 8354 4555 3044 2616 5760 5196 1966 2078 3731 6382 3564 5014 169 9185 5475 8740 6539 6716 5482 8974 6913 0 3992 9559 5209 9886 7139 835 6325 7322 9923 6176 2122 7548 3100 9941 530 4706 9650 8084 9914 6397 9117 7916 8889 1537 4590 4285 2891 8420 2631 9642 4873 9785 936 4681 3741 7511 9744 9192 7366 6030 311 5366 7417 2044 9338 4648 5696 8423 8052 8178 1351 1423 2496 8357 9467 1040 4163 1409 7115 4838 9556 1272 8655 2409 1826 6192 9543
4258 4362 6358 7825 5082 5695 1320 6331 2644 2380 61 1801 2713 4021 3934 9223 8246 594 9180 9223 1816 3728 5592 4262 1747 1770 1003 2316 656 7659 3311 5537 3992 0 6853 1899 8066 6885 4416 6298 9743 2714 486 4832 3330 3395 5341 5330 7031 9639 8690 3959 1165 7364 7137 8892 4091 7604 982 9490 972 6560 9669 4879 3767 6231 7023 7281 4110 9805 9421 1242 6469 1148 9623 8322 8949 7956 7745 2437 5072 1613 8867 2006 1708 3995 276 3069 3250 1592 5542 7144 818 7537 2185 2108 7780 8835 7138 7379
3903 2518 199 3061 2460 7010 3024 5006 7727 4013 164 9947 9019 4123 3754 4137 9798 8911 3143 1511 2769 7359 2999 3864 2079 4802 3372 2992 5581 3114 2563 9497 9559 6853 0 2420 7271 3084 8017 3921 2429 3377 1742 1335 9314 7968 8679 8951 1461 1037 3106 524 3449 1610 7236 9046 2583 7972 4181 3291 2243 3663 5571 758 5249 637 6593 6798 9468 9309 7403 5071 1192 764 9094 8243 1681 1624 8547 1381 4173 6262 4601 5848 1584 8169 8277 1630 8984 2973 8407 964 496 2762 7478 3364 5605 7088 4345 4649
4529 6723 2299 2404 3691 5513 6553 5254 6631 8172 1805 5898 4405 7706 3454 6972 420 7828 6368 1258 4159 226 6955 7318 5509 7562 7155 3734 4571 7125 6862 1414 5209 1899 2420 0 6532 1820 7330 9966 766 2196 4436 4069 339 9496 1279 9508 9577 902 6929 4851 4713 3842 3933 1893 2917 9117 8094 6328 7276 7598 7152 6979 2431 1145 2387 1046 110 5012 1335 5400 1473 6480 5428 9056 5852 346 5808 5944 7284 6576 7609 6027 6702 7926 4582 5224 247 3386 1021 9374 3339 4610 3972 9932 2792 6727 1685 9279
4760 3651 5173 1505 6491 8777 4166 8266 7697 2924 1968 2084 9438 5136 6089 4094 6288 5150 883 888 4431 2921 3931 5247 7229 1262 4922 7644 8573 5236 6749 9308 9886 8066 7271 6532 0 5817 1450 1085 7781 3197 9408 9321 1420 352 2566 8794 3959 4284 2981 1935 8253 3611 737 2541 8274 2602 1656 2643 8312 1678 1385 8880 5577 3105 3902 4614 1143 1700 6464 4357 7445 1580 8899 8674 2745 3816 2228 2782 9102 8701 5594 767 5461 7883 55 780 2916 7854 3352 2967 8033 561 8790 178 5515 6142 2049 1884
1499 5553 2972 5055 5608 5892 3637 78 3155 6980 9401 2415 9565 3426 9805 42 6388 477 2522 6100 5744 7497 5502 2981 9216 2838 3183 2021 4265 514 961 6265 7139 6885 3084 1820 5817 0 2101 4360 3701 147 8098 6613 5132 9188 5640 1611 3050 6692 9343 5806 5440 9360 2865 1031 6323 9227 431 8796 6116 7743 1801 532 7523 9932 1783 167 8687 1872 2685 7583 5031 3419 8279 3430 2320 9259 775 6828 1614 8663 1131 3949 7388 6497 4670 1078 9696 6675 7789 9700 6123 7376 450 2859 4614 6648 3586 8157
5516 2284 9521 6977 524 6122 2174 4714 2574 1535 5571 1361 3624 945 1797 2978 3240 1269 9641 8902 8244 7181 5946 3551 5718 3548 2839 2656 9513 9606 9183 5670 835 4416 8017 7330 1450 2101 0 6581 5572 1831 6499 7191 2531 2794 7626 7708 3034 2188 18 9300 3065 6752 8742 1836 1708 1165 1685 7393 8310 4138 272 7958 2646 9884 2627 7029 3774 5815 3472 2561 3905 7822 8281 8079 1732 1230 6719 1207 6368 2669 5613 8069 2248 5200 5914 5291 3563 7513 5534 567 5064 1180 1201 5475 6177 6807 3593 2989
42 4172 2988 8132 4626 2226 5901 7290 4001 528 5362 7158 9040 6591 4776 6763 2459 4706 3355 9109 9652 9395 2543 654 2276 7222 1149 8877 6193 9882 8759 2678 6325 6298 3921 9966 1085 4360 6581 0 6283 8606 4776 7774 3671 1964 3378 2848 6233 5447 8392 7327 8842 6773 2091 4393 6963 3449 1194 4404 4606 5143 4340 1154 8027 9381 9507 6158 3845 498 3314 8347 8050 4822 5731 5512 7552 6580 6098 6907 8486 8268 7297 7745 6464 8165 1174 7384 2371 4797 2712 2908 5459 3446 539 3816 3074 3914 7851 3102
7732 5188 951 412 5583 4496 8597 7473 192 4936 2186 4835 9734 642 342 6650 9528 6057 844 1309 8803 8665 1930 7418 8869 5178 2931 6892 6157 3071 3896 800 7322 9743 2429 766 7781 3701 5572 6283 0 4381 1290 9158 5344 9126 5547 3344 822 9644 1222 7485 1362 7233 1240 8412 1621 1285 5384 2531 488 7651 4101 9894 7170 965 5391 8545 8990 5623 5856 8318 3063 5836 4133 8525 703 8202 3650 7347 9743 5386 5716 1662 2546 1857 1327 1186 9373 371 9062 8124 9352 9269 8524 659 157 1666 5466 9101
5761 6295 7533 9847 7680 9714 5076 4315 7820 1725 6412 4441 6297 5934 5233 5478 7022 818 7856 5930 6735 7495 4794 5095 7575 2615 929 4212 5923 9891 5386 360 9923 2714 3377 2196 3197 147 1831 8606 4381 0 5789 5598 6004 2005 5027 9518 3743 3746 8164 2414 3998 5289 1147 2604 4626 8262 1975 598 4892 1562 5390 7659 5928 6798 4708 3737 3085 9895 8490 2893 8553 63 7483 6454 1615 9821 5106 6273 9058 1838 2023 8630 383 2490 535 3859 781 901 6362 9490 8399 3808 7587 6720 180 4784 198 3324
6071 1958 4604 5740 686 2172 7171 4821 3465 7939 589 4183 2628 1358 1472 2789 8786 6665 6408 8071 2847 2904 3545 2603 2698 2845 9747 973 9069 5199 7861 2533 6176 486 1742 4436 9408 8098 6499 4776 1290 5789 0 3224 4375 9430 7004 8306 39 6925 3519 16 893 647 3591 7012 5648 6948 3792 2816 1728 3684 6567 9857 9730 8713 9781 8935 4563 7636 7473 3567 9042 3699 436 4726 2097 4567 3677 8752 1225 1549 4228 282 701 4662 3193 1527 1854 7339 9815 5081 9959 7489 2972 5893 3620 2576 404 8565
1943 7478 916 962 6960 3882 3588 2161 879 9706 4197 4747 6290 912 625 1817 240 9948 2488 5410 4010 6302 8629 8954 165 8579 7497 668 4307 5128 719 9172 2122 4832 1335 4069 9321 6613 7191 7774 9158 5598 3224 0 4645 6469 4655 5805 3175 3956 4912 9441 9563 3595 5929 9236 9477 5917 9589 4728 7523 4481 1017 8200 4991 2145 7276 9306 4970 1698 2290 7625 200 5714 2183 715 9905 7529 7396 1898 3152 5298 8499 4203 2590 6051 9700 6471 8785 8094 696 2577 9244 5697 6266 1225 1435 7934 1991 4891
4107 1881 4835 2658 9527 7645 3845 5947 4895 5260 8246 2429 2847 5181 7831 421 7786 8080 6324 4648 725 4509 9976 6935 1302 3877 1690 381 4909 210 8566 9605 7548 3330 9314 339 1420 5132 2531 3671 5344 6004 4375 4645 0 6642 9997 7006 9851 9208 4158 6118 2309 2097 642 966 4802 63 3409 9537 6230 6331 1039 86 6544 4214 6427 7813 8067 7652 4841 8336 2573 4060 9443 5817 4209 2966 8253 718 2514 1590 2079 4512 3103 7196 1875 6756 8945 1484 4135 5202 2379 2419 5661 1 8074 4511 6414 9947
9785 9532 9602 4012 601 4520 9654 406 8111 1771 1375 4930 3194 9074 6650 6058 5258 5573 3876 8227 316 93 1239 3110 8206 2996 9395 7075 3618 3734 9788 4366 3100 3395 7968 9496 352 9188 2794 1964 9126 2005 9430 6469 6642 0 2075 7153 269 9998 2274 9879 811 2664 2973 6391 6375 2713 7557 7586 4599 4350 1952 8001 6193 9791 75 6870 4884 655 7619 4972 6111 5419 824 5511 6745 6311 2991 303 5531 3864 8826 785 9401 1764 8508 7728 2104 9724 3148 2413 5300 457 6806 3333 3746 549 6272 9924
2401 6780 9363 3674 9328 6378 4242 16 662 3703 1878 8523 730 5147 476 4024 9707 6109 1726 2617 4719 4433 8487 8999 1111 542 3384 7996 7587 5583 6959 2874 9941 5341 8679 1279 2566 5640 7626 3378 5547 5027 7004 4655 9997 2075 0 9428 1839 250 708 4650 1897 2134 5640 9616 9392 233 8671 5693 1437 9688 577 3476 7072 3476 8380 3309 8029 9063 5512 8747 7248 202 3795 872 3161 8834 1242 6561 6714 6694 2697 7197 1987 574 2968 7868 5881 2464 4039 2629 8674 3476 7056 7038 7260 9774 5862 1805
4647 5217 418 3405 6631 8015 2537 9203 9964 8829 3619 6356 8131 1498 6425 5180 213 7300 1928 4770 7162 6533 5600 8407 1549 2872 4496 7826 9105 3726 9191 4897 530 5330 8951 9508 8794 1611 7708 2848 3344 9518 8306 5805 7006 7153 9428 0 121 883 2548 9335 8647 4253 5582 4233 7388 3500 3329 6748 732 519 6003 8938 96 1213 9097 7215 6330 6007 8719 4696 1459 5248 1093 6783 8742 5382 8543 2477 4480 3500 7647 6398 9319 1940 1339 1703 4103 7712 2106 8570 3116 1107 2744 8359 5160 5068 3209 9946
7919 2036 1312 3095 5126 2602 4684 3503 3060 1532 4652 768 4723 291 9577 7827 2542 1138 4747 8797 1593 3741 8694 9972 4860 2736 8158 1812 3247 8970 8317 1760 4706 7031 1461 9577 3959 3050 3034 6233 822 3743 39 3175 9851 269 1839 121 0 1286 142 2145 3868 7776 8870 40 2933 2076 1789 1211 9998 289 2098 2052 3513 9887 1544 3340 8902 8691 1300 881 682 7539 344 4039 5196 8093 1625 3852 1788 1742 1552 1212 6856 3748 4938 7158 6727 5265 8119 9813 7960 5510 3659 1569 7485 7027 3913 2087
4115 8715 5918 7464 9580 8104 3641 7730 5272 9361 6612 7571 4906 2858 3691 7825 5987 4962 5267 7097 1919 3963 6230 7583 813 2645 5361 327 18 2209 4226 8764 9650 9639 1037 902 4284 6692 2188 5447 9644 3746 6925 3956 9208 9998 250 883 1286 0 4008 2205 6241 6751 1274 1629 2173 4791 4064 9874 8489 6102 9368 7929 284 5294 1656 8590 457 3713 4520 9241 4678 2 209 8486 4805 8578 2235 3911 8465 4674 8457 5079 3840 1165 5966 6175 290 3079 9920 2658 3377 9797 6383 1345 9248 9906 138 5344
3883 5661 5333 2027 3867 7707 5612 2683 9763 7234 2382 4110 6506 5939 4122 562 1989 6278 7485 575 5048 8355 4733 8739 1865 513 8730 6632 9996 7847 5389 2051 8084 8690 3106 6929 2981 9343 18 8392 1222 8164 3519 4912 4158 2274 708 2548 142 4008 0 1230 5419 1593 9493 6173 9897 5394 1813 6471 4725 3206 9055 3700 633 7774 2298 6530 5387 7403 9449 479 5416 5527 8220 5872 3062 4262 2861 9123 5332 8179 2820 7146 901 4850 7917 2299 5379 9059 920 8675 5111 3442 9805 5546 7140 2744 2148 3192
2545 6264 4695 2878 884 8629 8098 4439 7182 3224 3051 4115 8092 8682 9936 1305 3571 4604 7588 9535 8036 8667 7272 7445 2211 9113 3437 6520 1938 5723 4080 6956 9914 3959 524 4851 1935 5806 9300 7327 7485 2414 16 9441 6118 9879 4650 9335 2145 2205 1230 0 9274 9187 989 8934 6349 4440 2570 1198 7941 9998 324 4224 1314 6735 9503 2500 9915 2279 1162 2320 1968 9276 5496 5233 9237 9209 4178 1877 6275 8331 340 1241 3811 6557 2079 7353 1976 2202 1279 985 1600 2799 8424 7293 9790 7023 5029 3516
9157 1991 1310 8601 6357 2750 3634 5427 9303 5693 2928 1436 6607 1691 7040 5183 1359 5493 7 3261 9640 6774 6573 3398 3855 1890 4185 7885 6081 2291 9783 1127 6397 1165 3449 4713 8253 5440 3065 8842 1362 3998 893 9563 2309 811 1897 8647 3868 6241 5419 9274 0 2881 6798 9430 1555 357 6457 2072 6208 6999 6418 8471 5792 7964 8015 7353 3643 6895 4394 1815 688 9125 2029 1475 2606 9146 1898 6720 9875 562 257 1213 7338 3383 257 6980 6767 9761 7791 4678 2576 5633 4117 288 7230 8664 3637 6243
669 4785 3012 1148 4301 4247 1482 972 5697 6692 7618 6907 6555 9335 7804 6145 561 2175 9120 4186 6757 8519 3015 4087 8007 9483 6504 1765 546 8108 1528 5720 9117 7364 1610 3842 3611 9360 6752 6773 7233 5289 647 3595 2097 2664 2134 4253 7776 6751 1593 9187 2881 0 9772 333 5549 8778 4974 525 4806 3906 2669 4268 1582 5868 5588 6028 7899 2177 709 9739 7233 9338 9771 2271 4285 4313 1461 5119 6959 2811 2913 4921 4022 5240 5497 9374 8889 8805 6651 7130 4416 5102 9007 4892 5529 1479 7420 6334
5156 698 5219 8042 1741 2931 4884 3156 1748 7898 2469 7583 3589 4502 6240 2883 3060 6894 6444 7223 5133 2147 130 8308 6896 2888 134 2720 7261 5861 1456 6601 7916 7137 7236 3933 737 2865 8742 2091 1240 1147 3591 5929 642 2973 5640 5582 8870 1274 9493 989 6798 9772 0 5813 3484 9676 2002 2373 6382 2795 1677 4417 770 8743 7511 5307 5181 2417 6596 7520 4594 5965 1439 4062 6459 1705 3686 9610 4593 2618 8959 2026 3052 7663 3901 7393 1757 781 229 9625 1287 7432 1592 2631 280 3170 3966 9435
4470 8471 4439 2381 5413 685 3220 1597 3867 2997 9961 2387 1222 9037 9142 3419 473 81 9655 3971 9665 1542 2495 7050 1855 7504 2163 9011 4116 4072 6668 3926 8889 8892 9046 1893 2541 1031 1836 4393 8412 2604 7012 9236 966 6391 9616 4233 40 1629 6173 8934 9430 333 5813 0 944 1370 4782 5515 4101 4253 8747 6560 1719 4014 7259 7089 6815 5171 1938 5659 5349 6100 4083 2395 7445 1934 7050 714 7897 527 4496 4019 7687 9343 5928 7555 2846 4311 4021 4721 2856 8465 4592 576 1503 9112 7616 1766
2150 5858 7641 7371 3250 4300 2202 8966 8320 9120 4910 3578 2744 3315 3344 7904 6894 7723 9762 4363 6386 8440 7933 386 7157 8005 723 8644 7509 2244 2274 947 1537 4091 2583 2917 8274 6323 1708 6963 1621 4626 5648 9477 4802 6375 9392 7388 2933 2173 9897 6349 1555 5549 3484 944 0 5510 6357 8736 9482 9510 9428 1820 256 3598 5188 5813 4563 1222 1458 3077 1563 8913 5915 879 4759 768 8813 4494 7357 8517 2577 556 5777 6827 7052 4680 2197 497 6082 6742 9181 4483 7520 7704 5299 1483 8376 6685
6642 4984 4918 417 5152 4485 6667 2214 4958 4628 6997 5316 8857 7779 1590 9430 2908 6437 1980 9426 7188 6415 9029 168 2862 6586 6812 8759 8443 9728 7806 8749 4590 7604 7972 9117 2602 9227 1165 3449 1285 8262 6948 5917 63 2713 233 3500 2076 4791 5394 4440 357 8778 9676 1370 5510 0 7265 3118 9663 4015 5113 6291 8306 9890 5867 6709 3094 8142 6874 8731 5302 9953 5990 1912 6771 1645 2287 9067 7306 8573 6117 5561 6039 8864 5577 6192 7955 1970 10 4347 8004 53 7462 1562 2887 9750 30 6655
9307 2013 7815 2403 8407 7681 9447 5336 7774 8988 8653 3559 1635 2910 9576 6879 2440 7293 438 1981 4152 3921 9228 942 2984 1615 4093 8198 9411 8472 7480 3362 4285 982 4181 8094 1656 431 1685 1194 5384 1975 3792 9589 3409 7557 8671 3329 1789 4064 1813 2570 6457 4974 2002 4782 6357 7265 0 7290 5106 2319 3045 5694 5443 7424 12 2149 1283 1012 4129 3046 2670 996 2712 720 836 8339 129 678 7716 4370 901 6640 5091 9529 9405 8516 7687 7628 784 3517 5787 5627 1116 9108 1315 8363 6170 4670
5648 3242 504 4752 5559 2516 3284 5873 495 9154 7037 931 8795 6761 9369 7280 5668 6279 1236 6453 3684 7875 8073 9877 3584 997 1209 116 4798 57 8012 751 2891 9490 3291 6328 2643 8796 7393 4404 2531 598 2816 4728 9537 7586 5693 6748 1211 9874 6471 1198 2072 525 2373 5515 8736 3118 7290 0 5441 1365 1115 8796 661 9497 9821 2951 7832 5853 6622 8215 2007 1970 5968 3395 7579 4340 3640 1142 9997 8732 5820 1335 7357 6702 3554 7043 793 4517 5794 3333 5218 9483 3315 7447 3945 4037 6694 7583
6961 4209 6719 3160 6715 501 6501 2723 1240 996 73 4652 9278 6705 9183 4893 9324 8950 3031 2491 8535 92 8775 796 9433 430 9247 5066 9360 9375 8107 7382 8420 972 2243 7276 8312 6116 8310 4606 488 4892 1728 7523 6230 4599 1437 732 9998 8489 4725 7941 6208 4806 6382 4101 9482 9663 5106 5441 0 8513 7179 5 9878 5407 5247 9266 5988 5584 758 331 5244 3060 9392 5988 3208 8489 6258 8473 5263 5684 9424 1500 4231 3045 1882 1822 1101 7898 6607 5311 9982 806 3884 4603 1334 1716 6352 7830
5720 8025 282 609 3467 5781 9528 2593 8431 9351 6215 4433 1154 3781 5154 3365 7557 2210 6832 1242 4506 1456 7146 7037 8687 9568 2962 4797 4148 1315 6159 132 2631 6560 3663 7598 1678 7743 4138 5143 7651 1562 3684 4481 6331 4350 9688 519 289 6102 3206 9998 6999 3906 2795 4253 9510 4015 2319 1365 8513 0 3129 1385 6454 6774 4726 9637 2031 4528 5974 678 4651 3099 1087 2329 229 9152 4624 7048 3931 9240 2386 4048 3680 6751 5055 6112 5573 5673 1999 5882 7888 637 8775 6419 1933 3635 2616 4312
4529 7810 9945 2755 1821 3823 3636 9549 9372 3166 3053 3823 4303 417 9070 7266 5861 9919 9087 5591 6237 8757 3249 1421 6717 169 1111 5573 3038 565 6125 7226 9642 9669 5571 7152 1385 1801 272 4340 4101 5390 6567 1017 1039 1952 577 6003 2098 9368 9055 324 6418 2669 1677 8747 9428 5113 3045 1115 7179 3129 0 529 6360 9923 3552 9081 5995 2637 6202 5411 6600 4271 9637 4914 4136 7793 8191 8431 3276 6879 587 571 7667 7599 540 4137 6155 6508 3660 4050 4054 8231 9034 3381 7975 1635 688 3087
2217 1629 8791 1482 1146 4152 767 8864 9039 4525 7818 9270 8578 7354 4886 2606 5291 3330 356 3969 3490 9022 4422 9550 102 9711 9303 3992 9637 8959 2960 8306 4873 4879 758 6979 8880 532 7958 1154 9894 7659 9857 8200 86 8001 3476 8938 2052 7929 3700 4224 8471 4268 4417 6560 1820 6291 5694 8796 5 1385 529 0 5268 5410 1804 8943 4857 3180 9993 5686 2527 4022 6500 9650 8105 8656 2030 4464 9817 6498 7699 743 8606 8307 7786 2780 3849 5185 6624 522 2747 9542 2892 9498 1832 3584 4091 3005
6223 147 4480 9708 2210 1732 5572 3935 9942 2373 2565 7146 6755 1149 6432 4554 9398 31 7053 9502 9704 2941 202 9568 544 1538 6393 9359 2826 4276 8213 5132 9785 3767 5249 2431 5577 7523 2646 8027 7170 5928 9730 4991 6544 6193 7072 96 3513 284 633 1314 5792 1582 770 1719 256 8306 5443 661 9878 6454 6360 5268 0 1402 1739 7156 664 8266 4422 7191 8806 9615 2914 8126 8054 8379 8336 7001 7885 5695 5672 9464 9886 8928 5817 6760 1819 4977 3984 909 7277 850 8407 8389 4043 7984 6970 797
4196 7260 9370 3900 3003 4175 2356 2920 3322 6277 2432 2183 9467 668 5003 4380 7503 5168 9008 4187 3863 7090 1295 4580 6233 4006 5374 1386 4224 9022 7818 1528 936 6231 637 1145 3105 9932 9884 9381 965 6798 8713 2145 4214 9791 3476 1213 9887 5294 7774 6735 7964 5868 8743 4014 3598 9890 7424 9497 5407 6774 9923 5410 1402 0 5847 435 6791 3275 6154 1466 5747 5953 4102 6006 3398 846 7188 8799 666 1005 8150 7068 3591 9609 7054 5698 4018 3124 3228 141 985 2480 6319 4353 8330 7884 2779 8143
5756 7277 4095 7974 5017 2007 4586 9490 7759 4667 4794 8104 7438 8364 2644 8497 2689 9719 7511 8091 3078 9063 5438 1064 7411 2625 8753 1195 8833 9917 7299 6377 4681 7023 6593 2387 3902 1783 2627 9507 5391 4708 9781 7276 6427 75 8380 9097 1544 1656 2298 9503 8015 5588 7511 7259 5188 5867 12 9821 5247 4726 3552 1804 1739 5847 0 7651 4711 3232 4712 5675 3244 108 3010 3999 8171 1631 9184 4415 5862 6606 9376 1198 5165 6521 8387 162 5909 9314 9087 7032 10 555 292 5691 5155 5766 3793 675
3275 7727 2664 2214 2655 7735 9509 1008 1467 1814 9342 5666 8993 3217 1711 4256 6636 7153 9878 5248 7561 4869 8743 7007 3330 1044 718 7073 4665 1012 2945 2123 3741 7281 6798 1046 4614 167 7029 6158 8545 3737 8935 9306 7813 6870 3309 7215 3340 8590 6530 2500 7353 6028 5307 7089 5813 6709 2149 2951 9266 9637 9081 8943 7156 435 7651 0 4442 3670 7860 3242 8516 9245 898 5428 253 157 9045 2590 239 3179 2416 1745 676 6860 3047 8422 376 7120 5579 6939 3037 971 2895 1619 4589 6199 8761 8609
2361 7248 8249 2493 8886 3117 7501 5740 4551 2964 1266 3804 3696 1708 5759 8632 7890 8614 9000 9305 7952 962 9637 1994 3077 6682 7552 5708 9971 5106 2452 173 7511 4110 9468 110 1143 8687 3774 3845 8990 3085 4563 4970 8067 4884 8029 6330 8902 457 5387 9915 3643 7899 5181 6815 4563 3094 1283 7832 5988 2031 5995 4857 664 6791 4711 4442 0 1477 2544 4018 7965 4751 7941 6473 5170 8304 287 4840 5570 4526 5686 613 4169 5941 6524 5327 4075 5868 3887 882 6117 404 5352 5533 8746 8669 3744 5425
6325 5167 400 4810 6561 2323 6928 7127 7937 7059 1362 7028 8600 2226 3717 4205 9052 4620 5002 6614 7414 4080 5008 8955 2316 2466 5069 9997 5729 9263 1890 3234 9744 9805 9309 5012 1700 1872 5815 498 5623 9895 7636 1698 7652 655 9063 6007 8691 3713 7403 2279 6895 2177 2417 5171 1222 8142 1012 5853 5584 4528 2637 3180 8266 3275 3232 3670 1477 0 1677 7688 4558 1069 506 1078 3990 1036 30 6765 7122 6292 7813 2401 8079 212 934 3759 6067 4250 2273 9262 2244 7408 1948 3769 1347 3164 4741 1459
9051 1244 4692 9033 9865 9830 8252 36 985 369 1671 5456 749 47 5014 9325 695 5514 9739 8373 6712 9281 4293 2326 1677 1590 4149 7850 5383 9655 3907 1251 9192 9421 7403 1335 6464 2685 3472 3314 5856 8490 7473 2290 4841 7619 5512 8719 1300 4520 9449 1162 4394 709 6596 1938 1458 6874 4129 6622 758 5974 6202 9993 4422 6154 4712 7860 2544 1677 0 4299 8779 4863 3906 3718 9180 1950 234 6516 4847 6340 496 8115 384 3806 694 5564 1515 6027 9158 6736 8174 6161 4752 9075 4901 1510 5780 3891
3577 8682 7317 9482 6210 2833 9769 846 910 2774 4835 4788 9094 3057 773 5374 5316 2505 8546 1888 1960 8595 8489 8014 2468 2709 9996 5585 5799 5744 904 4426 7366 1242 5071 5400 4357 7583 2561 8347 8318 2893 3567 7625 8336 4972 8747 4696 881 9241 479 2320 1815 9739 7520 5659 3077 8731 3046 8215 331 678 5411 5686 7191 1466 5675 3242 4018 7688 4299 0 6759 5506 7982 7257 2668 9385 8177 235 8021 645 5870 3956 5589 8009 3904 4310 2467 4963 7385 8105 5363 881 5427 1353 7082 5511 9211 5939
6409 1493 2929 817 8453 4419 6601 3743 5752 9478 3583 8447 3841 3559 5656 5786 3405 6322 108 9575 9258 96 5130 7173 2789 2883 30 554 2785 9188 2734 5067 6030 6469 1192 1473 7445 5031 3905 8050 3063 8553 9042 200 2573 6111 7248 1459 682 4678 5416 1968 688 7233 4594 5349 1563 5302 2670 2007 5244 4651 6600 2527 8806 5747 3244 8516 7965 4558 8779 6759 0 2400 9541 4359 8243 6429 1922 9878 7861 4554 5064 6893 292 305 7109 2276 484 3417 5686 6666 7699 5233 7338 3768 3025 6144 5210 4963
978 8113 1025 1536 1091 1123 9265 9157 8990 9736 6000 3845 2991 5361 7843 3038 9648 7006 8376 333 2241 2443 6781 7882 1777 394 3147 5257 4380 270 3610 171 311 1148 764 6480 1580 3419 7822 4822 5836 63 3699 5714 4060 5419 202 5248 7539 2 5527 9276 9125 9338 5965 6100 8913 9953 996 1970 3060 3099 4271 4022 9615 5953 108 9245 4751 1069 4863 5506 2400 0 6969 2120 2737 4109 3511 4191 6162 9211 1879 5648 903 1612 1471 3798 8553 8563 1348 1190 7956 8156 8388 1469 3763 4110 4067 4302
435 514 6659 2020 4770 4105 5525 3694 8384 8484 7194 2683 6060 4155 7672 214 4122 5890 8377 1449 1468 3347 9728 2838 7760 6175 189 224 9201 8601 3556 6638 5366 9623 9094 5428 8899 8279 8281 5731 4133 7483 436 2183 9443 824 3795 1093 344 209 8220 5496 2029 9771 1439 4083 5915 5990 2712 5968 9392 1087 9637 6500 2914 4102 3010 898 7941 506 3906 7982 9541 6969 0 2453 5238 6503 2067 7588 1331 9106 9256 4259 1668 3139 699 5087 2752 9301 1813 9780 7823 8932 2565 6305 1849 3367 994 4091
743 4944 8143 4552 9093 8846 9760 3978 2507 4904 5879 4953 5538 3498 362 8380 2052 400 5229 7451 7331 1112 6306 8441 4715 6523 9591 3143 247 7245 5444 3571 7417 8322 8243 9056 8674 3430 8079 5512 8525 6454 4726 715 5817 5511 872 6783 4039 8486 5872 5233 1475 2271 4062 2395 879 1912 720 3395 5988 2329 4914 9650 8126 6006 3999 5428 6473 1078 3718 7257 4359 2120 2453 0 1774 7233 6614 8643 8149 4481 6013 5177 4799 6251 7543 9639 444 4401 9617 6259 1820 5029 4065 8571 7865 1744 7072 7398
4715 8530 524 9252 878 3584 5573 9337 7786 6006 2112 8407 6988 7066 7285 6976 9042 3779 2645 1043 6497 9900 5004 591 9191 1627 3404 8031 4672 9707 5638 9795 2044 8949 1681 5852 2745 2320 1732 7552 703 1615 2097 9905 4209 6745 3161 8742 5196 4805 3062 9237 2606 4285 6459 7445 4759 6771 836 7579 3208 229 4136 8105 8054 3398 8171 253 5170 3990 9180 2668 8243 2737 5238 1774 0 6794 3777 5673 9158 8266 777 3271 1590 6745 7643 1328 1897 9034 8748 739 2084 9837 7272 4922 6391 4899 6938 5773
4005 5784 4722 7002 453 966 9973 2035 6130 6190 549 5237 4428 8223 5307 7806 5181 6060 3959 3761 6908 4502 8169 7337 9653 2423 2264 7306 3331 4348 4575 4680 9338 7956 1624 346 3816 9259 1230 6580 8202 9821 4567 7529 2966 6311 8834 5382 8093 8578 4262 9209 9146 4313 1705 1934 768 1645 8339 4340 8489 9152 7793 8656 8379 846 1631 157 8304 1036 1950 9385 6429 4109 6503 7233 6794 0 1591 3063 5604 8150 3975 3945 7066 4469 6004 4348 9613 7710 8318 3284 6417 3563 164 6160 6648 3933 7496 6944
1145 5073 9079 6626 2200 6032 4557 6062 9681 3824 7279 7376 8645 9712 4874 9550 5117 4568 5831 3431 525 6626 4592 177 758 1899 3934 3313 494 1276 3585 3014 4648 7745 8547 5808 2228 775 6719 6098 3650 5106 3677 7396 8253 2991 1242 8543 1625 2235 2861 4178 1898 1461 3686 7050 8813 2287 129 3640 6258 4624 8191 2030 8336 7188 9184 9045 287 30 234 8177 1922 3511 2067 6614 3777 1591 0 2421 2976 6849 8871 7313 7759 4306 2115 6284 1914 6250 6445 373 8045 328 9494 6640 1550 7436 9353 9726
2433 227 295 313 4017 6079 4663 7287 9467 4210 7823 497 6592 2103 8826 9728 1870 5244 5246 714 2525 8256 2136 3081 2978 5654 7496 3096 3064 7862 9962 7302 5696 2437 1381 5944 2782 6828 1207 6907 7347 6273 8752 1898 718 303 6561 2477 3852 3911 9123 1877 6720 5119 9610 714 4494 9067 678 1142 8473 7048 8431 4464 7001 8799 4415 2590 4840 6765 6516 235 9878 4191 7588 8643 5673 3063 2421 0 8614 7967 127 1692 6949 6428 6813 5770 5293 9691 329 5575 4423 2340 3035 6312 7223 110 870 3061
7284 1089 7645 1304 2647 753 4709 9464 7254 6697 8019 3616 3667 1542 9091 521 4641 2144 328 3529 1822 4803 1630 2994 9267 6359 1948 777 2855 5567 5247 8589 8423 5072 4173 7284 9102 1614 6368 8486 9743 9058 1225 3152 2514 5531 6714 4480 1788 8465 5332 6275 9875 6959 4593 7897 7357 7306 7716 9997 5263 3931 3276 9817 7885 666 5862 239 5570 7122 4847 8021 7861 6162 1331 8149 9158 5604 2976 8614 0 8396 1338 6046 641 7325 1949 6869 767 1938 9658 8972 5984 6017 7838 391 6824 1427 4554 3529
5197 2196 5069 4440 513 324 7172 3575 1115 7367 3859 6621 2063 8871 8131 3255 8430 7864 772 1052 9872 597 13 1703 5764 7896 4297 3311 9836 856 466 7292 8052 1613 6262 6576 8701 8663 2669 8268 5386 1838 1549 5298 1590 3864 6694 3500 1742 4674 8179 8331 562 2811 2618 527 8517 8573 4370 8732 5684 9240 6879 6498 5695 1005 6606 3179 4526 6292 6340 645 4554 9211 9106 4481 8266 8150 6849 7967 8396 0 1224 3196 8927 2423 4180 704 6808 5600 4375 5445 5221 3807 6044 5395 5759 5857 1243 5392
