50
0 3154 47 1513 8925 2160 2097 4185 7256 9706 2858 85 447 9812 5972 5242 303 987 7069 4316 3885 3959 9633 1734 7391 3429 1229 3760 1763 3771 3652 1618 7195 9579 1852 5313 7124 5175 7785 2659 6591 7716 2580 5308 6232 7339 3020 8770 1663 1584
3154 0 7420 9193 8094 1722 1200 3939 6068 2102 1375 6754 7743 7741 6184 2241 9984 6935 8128 3048 7596 4715 9008 1560 9829 9122 2617 5383 6102 3649 9766 3879 4059 7303 6414 8250 8103 7153 8829 2343 3331 3731 5661 5424 1069 1164 5016 1930 7806 2953
47 7420 0 7574 7678 24 6605 1168 9496 599 8541 7072 3078 442 8617 2070 3314 5637 6776 5330 3431 5862 3157 8878 4309 3307 65 4089 5254 8201 948 598 4899 225 9987 1786 402 6398 8587 6899 7182 5836 271 7396 2319 9631 577 2583 7608 5123
1513 9193 7574 0 9357 4376 8717 7671 324 4709 5578 5716 295 1107 1189 7238 69 8589 6840 1828 7857 1495 1979 4405 219 6380 1521 8705 8456 3843 6483 3630 1972 5323 9955 31 8503 6799 9305 9519 2709 8674 130 1344 2886 3814 3707 2854 5318 5595
8925 8094 7678 9357 0 6412 988 5665 7125 2098 8198 8128 3263 4981 8521 116 3317 5514 6773 3375 7380 3805 5067 672 5551 6353 9392 3762 6686 9289 6306 1258 1495 1590 1732 5100 8870 2020 7967 798 1434 525 3373 602 2050 8671 3726 9250 6894 6467
2160 1722 24 4376 6412 0 3917 4406 5659 2434 5562 7491 2819 7350 4328 8344 7641 968 4952 3570 8848 3726 7893 4940 9460 9500 9587 9053 6002 10 8883 2075 1204 1832 3641 2146 327 2637 8096 2626 100 8883 4242 5990 6261 3362 7924 40 4259 3993
2097 1200 6605 8717 988 3917 0 5312 2209 6791 4312 5896 5353 5309 2407 313 8277 5056 9741 8075 46 3822 1314 7729 7491 3364 7932 2224 2001 8209 7430 9195 1922 85 5232 3018 8867 3108 9868 6192 8691 1127 264 3206 9403 4871 1245 1892 2815 7279
4185 3939 1168 7671 5665 4406 5312 0 5673 1901 3281 9233 6249 4559 3232 4261 6637 9407 1900 6822 3828 4146 6254 6732 1641 6958 8687 3019 2666 2228 4553 2458 2327 8596 3436 8087 8760 2775 3388 3961 3028 2407 6401 1261 7683 5738 5231 1437 3588 1044
7256 6068 9496 324 7125 5659 2209 5673 0 9692 8679 292 436 1539 9413 9272 9849 1316 1720 6060 3937 9654 6898 8677 5571 6130 6481 9260 6933 9181 8851 2658 8825 734 4901 3353 3545 2694 9314 6525 7201 3788 7056 7690 3623 1180 8016 6994 6765 4396
9706 2102 599 4709 2098 2434 6791 1901 9692 0 4941 7161 4323 8118 705 7324 8151 5856 8200 424 7702 2683 8723 5050 4894 1724 8018 7929 1228 1156 2812 7198 7274 5703 7832 8193 4539 8685 5543 6365 2188 7514 301 9165 1409 6007 4608 2462 5763 5233
2858 1375 8541 5578 8198 5562 4312 3281 8679 4941 0 5254 6752 8080 9910 85 2443 2173 3377 6043 3684 6544 5420 6313 2141 9244 7196 9568 9430 8509 669 9711 9743 3863 5478 589 2340 8754 9537 9250 1091 5051 6123 6823 8028 4647 6158 8269 6042 3308
85 6754 7072 5716 8128 7491 5896 9233 292 7161 5254 0 4515 8462 3810 3647 7937 4438 2919 7977 8972 1893 3446 7686 1231 6788 8282 4189 1160 1921 1646 5849 8064 3676 7727 1285 7830 6037 4223 2468 8134 2070 816 2687 3300 9401 8148 9865 2471 3678
447 7743 3078 295 3263 2819 5353 6249 436 4323 6752 4515 0 7869 4360 7677 99 1766 6514 4316 3841 8338 9985 4657 1741 4774 9742 824 4098 2698 3934 2245 8391 9544 7540 2190 7700 155 2308 3432 8806 5647 5061 4674 844 5200 7599 1129 3774 6366
9812 7741 442 1107 4981 7350 5309 4559 1539 8118 8080 8462 7869 0 4167 7371 2558 4204 1858 2270 4041 8292 3548 7386 2736 1715 5144 7476 5305 8480 6206 2974 3048 2510 4579 6603 192 7915 1556 1068 1360 6939 2625 3659 1712 3728 3855 781 5300 1413
5972 6184 8617 1189 8521 4328 2407 3232 9413 705 9910 3810 4360 4167 0 1247 6367 8534 5813 1603 561 8451 2048 8837 8331 1605 7762 9500 7308 5364 1535 5367 1408 1971 6559 1738 5528 858 3856 4315 9746 9110 768 5448 5788 2038 7744 3986 9814 8011
5242 2241 2070 7238 116 8344 313 4261 9272 7324 85 3647 7677 7371 1247 0 1938 3512 3537 2124 77 2197 168 160 1266 2875 4295 9401 4328 3431 1824 1537 5510 3916 9212 9969 96 2972 9938 3202 6903 8307 8474 602 1866 1653 3647 2923 812 1302
303 9984 3314 69 3317 7641 8277 6637 9849 8151 2443 7937 99 2558 6367 1938 0 1750 4730 4110 6204 8953 6536 5847 7805 532 9519 3909 1145 9264 7394 947 6037 7119 7595 9460 6240 9871 6928 2968 858 9536 5264 9546 7755 205 2463 331 8316 4277
987 6935 5637 8589 5514 968 5056 9407 1316 5856 2173 4438 1766 4204 8534 3512 1750 0 5146 8744 9814 8166 7655 1518 4730 1874 4194 2142 8356 476 8725 3659 6309 8184 3926 5825 5398 4155 2236 4932 6082 4063 5068 1166 9610 405 427 4913 5520 7232
7069 8128 6776 6840 6773 4952 9741 1900 1720 8200 3377 2919 6514 1858 5813 3537 4730 5146 0 4311 4883 2624 6193 5980 3761 1461 7538 9590 1691 1917 3557 8456 4203 515 4957 9384 8011 7943 9083 6897 7682 291 8479 5763 4608 518 7606 877 7990 6441
4316 3048 5330 1828 3375 3570 8075 6822 6060 424 6043 7977 4316 2270 1603 2124 4110 8744 4311 0 35 5270 5794 3240 1415 318 8343 8967 7793 5858 4092 2625 1430 6412 502 6118 6241 9777 1669 8198 709 586 6275 7400 8527 294 9861 2404 723 5649
3885 7596 3431 7857 7380 8848 46 3828 3937 7702 3684 8972 3841 4041 561 77 6204 9814 4883 35 0 2038 1460 8928 2695 3154 1434 4401 7593 6751 5593 2357 2988 9507 5883 122 1943 1042 9129 7216 1723 9966 9436 5370 2976 5438 2445 7599 756 3540
3959 4715 5862 1495 3805 3726 3822 4146 9654 2683 6544 1893 8338 8292 8451 2197 8953 8166 2624 5270 2038 0 2333 1726 1237 9531 8895 6203 5900 8061 1331 5262 2838 8834 2344 8070 8854 5348 4187 4901 3637 7538 9237 4514 6887 5032 8833 3742 2626 2586
9633 9008 3157 1979 5067 7893 1314 6254 6898 8723 5420 3446 9985 3548 2048 168 6536 7655 6193 5794 1460 2333 0 4856 7929 5953 6208 1092 4447 7839 972 4376 5007 1740 1405 1555 7966 2440 5254 787 7019 7902 3407 8549 9566 2998 1202 7715 2111 5077
1734 1560 8878 4405 672 4940 7729 6732 8677 5050 6313 7686 4657 7386 8837 160 5847 1518 5980 3240 8928 1726 4856 0 4795 1880 9309 8374 7621 8068 2106 6291 9047 365 5759 6269 646 4203 8336 1180 6055 2592 8011 3967 4636 7187 1865 2593 9911 4381
7391 9829 4309 219 5551 9460 7491 1641 5571 4894 2141 1231 1741 2736 8331 1266 7805 4730 3761 1415 2695 1237 7929 4795 0 4831 8888 3654 4170 187 6728 6051 5924 9093 1261 9363 4366 8025 7133 8934 8364 7361 1143 867 5863 1186 2396 8760 1010 8148
3429 9122 3307 6380 6353 9500 3364 6958 6130 1724 9244 6788 4774 1715 1605 2875 532 1874 1461 318 3154 9531 5953 1880 4831 0 4238 3653 999 5586 370 5566 4531 9892 8428 3321 1709 1619 5886 4761 1221 8853 8218 2001 7596 3975 5960 4525 862 9847
1229 2617 65 1521 9392 9587 7932 8687 6481 8018 7196 8282 9742 5144 7762 4295 9519 4194 7538 8343 1434 8895 6208 9309 8888 4238 0 4009 1127 3496 6372 6967 5085 9969 6057 8632 5978 8933 5350 3462 142 9122 9522 1217 8064 1242 3087 5961 8198 7745
3760 5383 4089 8705 3762 9053 2224 3019 9260 7929 9568 4189 824 7476 9500 9401 3909 2142 9590 8967 4401 6203 1092 8374 3654 3653 4009 0 231 3195 9448 3401 1008 5217 9194 8418 8493 2579 2139 6058 2215 5795 3078 8970 7650 9137 2922 5543 1130 5331
1763 6102 5254 8456 6686 6002 2001 2666 6933 1228 9430 1160 4098 5305 7308 4328 1145 8356 1691 7793 7593 5900 4447 7621 4170 999 1127 231 0 7886 3276 4762 7887 8818 968 861 1010 7585 5369 1265 9477 2871 5876 6361 5986 1133 8731 3450 7207 8963
3771 3649 8201 3843 9289 10 8209 2228 9181 1156 8509 1921 2698 8480 5364 3431 9264 476 1917 5858 6751 8061 7839 8068 187 5586 3496 3195 7886 0 7539 9059 4543 8608 7840 2311 3372 2397 8676 8301 1398 6654 7079 706 967 6683 2253 740 9009 2393
3652 9766 948 6483 6306 8883 7430 4553 8851 2812 669 1646 3934 6206 1535 1824 7394 8725 3557 4092 5593 1331 972 2106 6728 370 6372 9448 3276 7539 0 4265 8232 6906 1778 7586 7130 6853 5354 6592 8531 4599 1003 8414 3119 2171 8987 5755 3168 5689
1618 3879 598 3630 1258 2075 9195 2458 2658 7198 9711 5849 2245 2974 5367 1537 947 3659 8456 2625 2357 5262 4376 6291 6051 5566 6967 3401 4762 9059 4265 0 647 5684 5969 2973 4917 7093 3519 5201 8790 8739 1972 4602 8058 6744 5410 4776 3665 7480
7195 4059 4899 1972 1495 1204 1922 2327 8825 7274 9743 8064 8391 3048 1408 5510 6037 6309 4203 1430 2988 2838 5007 9047 5924 4531 5085 1008 7887 4543 8232 647 0 9565 9127 5800 7030 6911 1407 4846 1838 7892 2403 5723 3011 3004 5584 3830 3833 4026
9579 7303 225 5323 1590 1832 85 8596 734 5703 3863 3676 9544 2510 1971 3916 7119 8184 515 6412 9507 8834 1740 365 9093 9892 9969 5217 8818 8608 6906 5684 9565 0 2997 7588 2365 9476 4117 1373 1199 8081 7023 9958 8911 7224 1501 5972 7792 6118
1852 6414 9987 9955 1732 3641 5232 3436 4901 7832 5478 7727 7540 4579 6559 9212 7595 3926 4957 502 5883 2344 1405 5759 1261 8428 6057 9194 968 7840 1778 5969 9127 2997 0 1916 1215 1447 6547 1024 6113 5095 6095 8403 4134 341 3438 2106 1057 8345
5313 8250 1786 31 5100 2146 3018 8087 3353 8193 589 1285 2190 6603 1738 9969 9460 5825 9384 6118 122 8070 1555 6269 9363 3321 8632 8418 861 2311 7586 2973 5800 7588 1916 0 3895 6138 7468 2724 7094 402 2123 3144 6140 4696 4407 5136 7148 2258
7124 8103 402 8503 8870 327 8867 8760 3545 4539 2340 7830 7700 192 5528 96 6240 5398 8011 6241 1943 8854 7966 646 4366 1709 5978 8493 1010 3372 7130 4917 7030 2365 1215 3895 0 6960 9520 2387 8979 8081 4501 3315 1996 4604 7022 9415 9537 4816
5175 7153 6398 6799 2020 2637 3108 2775 2694 8685 8754 6037 155 7915 858 2972 9871 4155 7943 9777 1042 5348 2440 4203 8025 1619 8933 2579 7585 2397 6853 7093 6911 9476 1447 6138 6960 0 9449 4535 682 1217 3424 2554 9091 5335 929 1310 2556 7974
7785 8829 8587 9305 7967 8096 9868 3388 9314 5543 9537 4223 2308 1556 3856 9938 6928 2236 9083 1669 9129 4187 5254 8336 7133 5886 5350 2139 5369 8676 5354 3519 1407 4117 6547 7468 9520 9449 0 8568 3328 6168 3037 8396 5005 3177 795 3803 3554 2266
2659 2343 6899 9519 798 2626 6192 3961 6525 6365 9250 2468 3432 1068 4315 3202 2968 4932 6897 8198 7216 4901 787 1180 8934 4761 3462 6058 1265 8301 6592 5201 4846 1373 1024 2724 2387 4535 8568 0 525 8370 1345 8891 8141 5875 1846 8426 7749 5243
6591 3331 7182 2709 1434 100 8691 3028 7201 2188 1091 8134 8806 1360 9746 6903 858 6082 7682 709 1723 3637 7019 6055 8364 1221 142 2215 9477 1398 8531 8790 1838 1199 6113 7094 8979 682 3328 525 0 6408 9127 611 6886 8280 9031 709 6329 9496
7716 3731 5836 8674 525 8883 1127 2407 3788 7514 5051 2070 5647 6939 9110 8307 9536 4063 291 586 9966 7538 7902 2592 7361 8853 9122 5795 2871 6654 4599 8739 7892 8081 5095 402 8081 1217 6168 8370 6408 0 5687 734 4659 3064 6200 9881 884 9052
2580 5661 271 130 3373 4242 264 6401 7056 301 6123 816 5061 2625 768 8474 5264 5068 8479 6275 9436 9237 3407 8011 1143 8218 9522 3078 5876 7079 1003 1972 2403 7023 6095 2123 4501 3424 3037 1345 9127 5687 0 3280 8850 544 2198 2665 9256 8277
5308 5424 7396 1344 602 5990 3206 1261 7690 9165 6823 2687 4674 3659 5448 602 9546 1166 5763 7400 5370 4514 8549 3967 867 2001 1217 8970 6361 706 8414 4602 5723 9958 8403 3144 3315 2554 8396 8891 611 734 3280 0 280 6369 357 2689 3647 1845
6232 1069 2319 2886 2050 6261 9403 7683 3623 1409 8028 3300 844 1712 5788 1866 7755 9610 4608 8527 2976 6887 9566 4636 5863 7596 8064 7650 5986 967 3119 8058 3011 8911 4134 6140 1996 9091 5005 8141 6886 4659 8850 280 0 9184 7142 8554 2892 215
7339 1164 9631 3814 8671 3362 4871 5738 1180 6007 4647 9401 5200 3728 2038 1653 205 405 518 294 5438 5032 2998 7187 1186 3975 1242 9137 1133 6683 2171 6744 3004 7224 341 4696 4604 5335 3177 5875 8280 3064 544 6369 9184 0 6711 8008 688 3505
3020 5016 577 3707 3726 7924 1245 5231 8016 4608 6158 8148 7599 3855 7744 3647 2463 427 7606 9861 2445 8833 1202 1865 2396 5960 3087 2922 8731 2253 8987 5410 5584 1501 3438 4407 7022 929 795 1846 9031 6200 2198 357 7142 6711 0 7797 1356 3551
8770 1930 2583 2854 9250 40 1892 1437 6994 2462 8269 9865 1129 781 3986 2923 331 4913 877 2404 7599 3742 7715 2593 8760 4525 5961 5543 3450 740 5755 4776 3830 5972 2106 5136 9415 1310 3803 8426 709 9881 2665 2689 8554 8008 7797 0 1999 6653
1663 7806 7608 5318 6894 4259 2815 3588 6765 5763 6042 2471 3774 5300 9814 812 8316 5520 7990 723 756 2626 2111 9911 1010 862 8198 1130 7207 9009 3168 3665 3833 7792 1057 7148 9537 2556 3554 7749 6329 884 9256 3647 2892 688 1356 1999 0 1230
1584 2953 5123 5595 6467 3993 7279 1044 4396 5233 3308 3678 6366 1413 8011 1302 4277 7232 6441 5649 3540 2586 5077 4381 8148 9847 7745 5331 8963 2393 5689 7480 4026 6118 8345 2258 4816 7974 2266 5243 9496 9052 8277 1845 215 3505 3551 6653 1230 0
