100
0 1291 5520 6941 1831 6826 4538 6628 8583 4984 7217 2666 9171 5645 1371 5887 8384 3977 1737 3729 3706 7509 2208 3088 7355 4290 1409 8986 695 8461 45 7201 1417 95 6952 5295 283 7939 8150 9018 4484 5658 8899 7460 4988 4475 2817 9424 8818 839 3634 7011 5959 5173 8693 428 7307 6450 1998 9082 579 7022 6603 5807 8151 7009 4258 3601 7568 2051 639 3009 339 3505 5620 4087 9160 3780 6983 5542 5625 4850 6346 1178 1722 6495 8507 2324 1436 8970 7760 2737 646 2061 2356 6309 375 1575 2311 5400
1291 0 9502 3820 2449 5699 7487 7658 7855 4741 6866 8445 1170 1772 7785 1756 8976 6368 660 5019 1209 8730 7471 5605 8984 5817 752 4145 8335 7467 4229 4539 8129 5282 1612 3938 505 5808 8136 9968 5570 3643 7753 7731 6874 5077 7602 6018 9456 7169 5059 2508 7472 9587 7216 1662 410 3861 1073 9477 8993 1871 5298 7240 6581 550 7024 1231 7127 3267 9478 3080 3979 873 3296 2984 9429 2458 1041 5141 7278 3143 7441 4530 9674 7208 8224 7323 5814 61 2346 4375 4423 609 1966 3090 5234 9271 5782 308
5520 9502 0 4980 7846 7444 6497 6330 7942 734 5140 9518 2089 9232 4465 5210 1205 1396 4450 3285 9863 3974 1915 4163 9662 5586 9985 1869 14 7062 1550 8776 7301 7105 4153 556 1032 4234 4055 161 5294 9265 8844 544 1258 6159 6577 8293 4997 5203 1643 3531 6596 1843 1239 6748 5909 825 5238 1794 6095 3228 7873 5431 3593 6780 6041 9570 4086 9234 8135 1097 6805 5774 8092 9041 1500 2140 4661 1940 7293 1110 9997 9846 2552 6622 6346 8598 6032 4078 5570 5008 8906 5908 9320 9797 7714 6332 6713 2363
6941 3820 4980 0 4440 7329 5520 7217 5195 6134 3621 6931 8014 601 8056 7074 7226 3907 9297 1282 5382 3070 6910 9842 1879 8009 4193 5473 3890 5211 5873 2570 4607 9082 8931 344 389 7445 987 5083 9795 9884 9968 9508 2955 1327 3077 1042 6569 6272 8198 3438 8455 247 4468 5118 987 3317 4040 1748 1176 7019 6614 9725 1135 4471 116 7563 9426 4718 8281 6748 1467 3230 9116 1191 3708 251 3501 7226 3128 5325 7754 7380 929 8617 5555 5837 9901 1654 8665 8707 9792 4211 1190 2735 811 5837 551 7594
1831 2449 7846 4440 0 6583 8380 9636 9158 3721 8707 4064 2779 5722 1002 7596 3088 3718 5261 2467 6230 8980 8714 6199 5518 285 9094 2721 39 6822 5435 4375 4450 8548 8530 3229 2789 1985 9847 8228 8428 6435 560 6682 3317 2939 4764 8263 4654 4990 5839 9046 6374 962 1995 7064 9633 7162 9246 6631 9467 7640 1093 5436 3764 391 7935 6020 3961 2502 915 1904 823 5639 5732 3181 1599 5475 751 266 3588 8322 2464 5488 659 2787 9290 2663 7026 6748 684 3256 3928 7163 6798 7413 8042 9207 3710 9351
6826 5699 7444 7329 6583 0 5453 4106 5895 2163 5292 4446 8395 8090 7431 3293 7272 295 5885 7303 8239 6098 9699 4806 2753 1552 6856 3000 8197 3374 6911 2214 4395 6616 9305 5680 7242 8294 3775 6499 8382 205 8993 1959 147 5934 6133 808 66 8850 2062 5058 9651 4318 6286 211 5132 966 8878 1822 8525 9929 5695 2094 7742 6196 5184 1677 2799 9026 2488 3668 3340 494 6616 523 4755 5405 8290 9145 3997 9066 4760 3618 2559 5318 1876 8079 9478 6752 1480 4258 5010 9686 4348 5714 4396 7251 691 8487
4538 7487 6497 5520 8380 5453 0 6054 9983 564 7337 498 354 350 340 6873 3284 5094 2993 7032 1985 7388 4269 4748 4767 8572 3034 3353 3307 3935 3147 3424 4474 9745 4354 2258 2221 8789 7346 6450 8 5205 4619 2122 2728 2233 2981 4012 1803 6287 1189 7330 3842 6636 3445 6550 8896 2267 842 4319 8891 6223 9653 4948 8328 2609 7008 2890 4315 6579 432 7359 4408 7624 9976 1602 6619 6578 8293 2517 6548 1048 9311 6138 3986 7045 8190 2585 8443 1424 6271 8862 2865 1359 766 4083 2146 678 6549 8815
6628 7658 6330 7217 9636 4106 6054 0 9850 551 1034 5122 1974 6310 7677 1598 6098 5647 4233 9761 6316 702 2138 521 7823 5345 7216 9315 6189 9900 1296 1853 999 7723 5485 9282 2082 1918 244 4640 924 1985 8396 890 4684 8015 697 5171 2563 2074 5327 7362 8114 8276 9818 1761 8654 8780 4567 8605 5942 9733 6478 4905 7994 4966 3241 74 1096 837 9159 9340 5794 9194 933 4366 8281 6792 4571 1771 7945 1288 4225 8189 5595 8273 304 446 3796 1462 4195 4192 4366 9386 6638 5133 14 7167 3201 9400
8583 7855 7942 5195 9158 5895 9983 9850 0 1636 1628 3657 3196 6907 7398 7035 9867 3639 9351 4013 418 5873 3822 6487 9523 2725 3877 3911 1028 4291 5164 6168 4296 8106 3569 7653 7117 4347 2557 8168 9954 2473 6467 9552 5739 7574 782 3158 9759 4583 9408 8140 1628 7018 9088 4504 5639 4806 2029 3578 827 5902 7072 5087 666 1605 8009 675 8674 6187 5744 2963 9193 3722 8014 9843 9350 6902 7387 1191 6677 9822 1205 7692 1599 4919 9356 8701 8870 2821 3739 903 1594 2508 6263 815 9891 3701 571 1594
4984 4741 734 6134 3721 2163 564 551 1636 0 887 8255 9224 9551 7716 5275 2556 6475 6884 1091 2429 2347 3365 8091 3697 6393 7490 4746 1564 2302 1981 8274 1370 4728 9956 6337 1510 8179 7680 3528 7640 2481 7578 5718 9456 38 9054 2938 5562 1288 1511 4683 7478 2281 3419 6827 3150 4067 1355 2 8462 4743 3296 6058 8707 1362 7635 8499 9665 3601 2542 7460 8975 8718 1368 6 2897 4786 9690 8476 7380 7972 6504 243 9018 8924 3322 6020 7974 9286 1282 928 1744 2397 18 8790 8129 6414 1865 5597
7217 6866 5140 3621 8707 5292 7337 1034 1628 887 0 9054 9339 1778 2295 7804 7689 7707 5625 5413 7304 6845 3524 5191 2565 3252 4831 7859 6655 4432 8530 7073 3037 6229 3545 5618 1018 9944 8833 7860 9027 9710 1548 9133 248 7347 5967 500 185 161 4439 2964 3203 3779 2531 167 4956 2566 6000 4101 3246 5443 3055 6619 3170 5959 7115 4137 2067 5890 2 9644 4786 7104 5339 4411 8534 2390 2754 6024 7919 9557 6985 3265 7812 1133 191 601 6536 8626 2122 5260 2566 9979 5806 7845 1588 9423 2453 5021
2666 8445 9518 6931 4064 4446 498 5122 3657 8255 9054 0 6311 6265 7019 1719 9924 5134 3522 9409 1628 285 9191 5655 7163 1923 9118 822 8675 3998 9999 3412 4005 6864 4239 9483 5108 4411 7339 2168 5401 1822 5055 2543 8331 3610 5006 1282 5214 5377 2719 2577 1833 6785 1116 9131 8611 2908 4704 1766 9582 511 1080 5131 2012 9840 1150 8511 5743 8050 8970 4769 6294 4528 1525 9085 4721 5878 5510 4972 584 9030 2605 7192 1322 3132 2190 9301 4518 9737 3655 4435 4416 2778 4863 5922 5421 9185 2936 6047
9171 1170 2089 8014 2779 8395 354 1974 3196 9224 9339 6311 0 8336 3150 6405 2329 5179 4227 8015 5863 2601 6321 1798 1613 1444 8089 168 1947 1851 4725 2377 8389 6120 1308 2977 70 5626 6334 8317 7874 1797 4562 5088 6009 6468 6315 8024 3359 7915 9042 3151 8576 9441 2519 2128 9513 757 1771 5378 5308 4297 9737 1110 3713 3848 6998 5002 534 3651 4181 1085 3296 6038 5679 3600 9492 8305 6256 2944 6073 419 2271 3598 2702 5568 1065 3478 7398 1610 3026 7117 3665 1572 8871 3679 846 126 2313 6599
5645 1772 9232 601 5722 8090 350 6310 6907 9551 1778 6265 8336 0 5800 6123 999 1090 2553 6219 8111 6340 5118 9533 1125 2016 5971 897 7109 7246 1007 3664 261 6012 6115 7015 670 5867 6885 9982 5424 8409 6083 9214 9924 7796 1270 9250 841 2720 7460 5277 4486 9350 2778 696 4813 3386 1940 3917 2415 5661 3547 5396 6463 555 5951 8944 7807 5027 3913 6797 553 4546 7500 7438 203 6706 1452 4996 4084 3725 8085 2412 7726 4755 1703 9598 2948 5255 3025 729 1816 3490 1536 3928 4043 9304 9246 9429
1371 7785 4465 8056 1002 7431 340 7677 7398 7716 2295 7019 3150 5800 0 2303 8240 795 2647 603 2253 9067 3082 5599 1629 2507 506 5734 2175 2571 9884 7985 820 153 4983 3079 3901 6074 3513 2970 861 6982 9671 693 7701 3238 5141 7755 2887 1464 838 9916 8132 203 1608 370 6044 8168 77 2757 8010 4705 6333 4124 8894 7370 2928 7658 3183 7785 9860 2526 1866 4971 8122 8731 7111 877 8228 1222 4990 6155 6204 176 9727 2296 7568 4141 6337 2913 3154 3698 6204 9277 42 6446 7783 4641 8657 23
5887 1756 5210 7074 7596 3293 6873 1598 7035 5275 7804 1719 6405 6123 2303 0 451 8656 5222 895 3257 9704 7867 258 8295 2161 959 7660 9740 8257 4025 2387 7870 6920 7315 9943 8192 4060 9274 1138 2667 5427 5240 8770 9260 6400 7382 5573 9916 9974 5927 3753 7733 3795 8152 4957 9186 9191 2539 4338 1394 4801 7176 9953 1603 5256 3392 3076 3569 8407 5310 1144 2534 9007 685 9411 8061 6851 5042 6058 5191 496 7571 2546 5051 3580 2166 2446 4343 57 5905 8948 6598 847 7523 4257 1789 3226 142 9596
8384 8976 1205 7226 3088 7272 3284 6098 9867 2556 7689 9924 2329 999 8240 451 0 2810 3849 9282 7255 4746 9335 3942 6346 2603 3481 6276 8967 5434 2957 8588 1115 618 9744 5621 8574 5915 5756 1157 6562 9520 3493 7080 2019 3140 2676 7432 9060 6464 7800 5015 3401 4500 5912 2268 2602 4695 3474 3427 6232 8550 226 4517 2772 6858 5241 4522 841 5571 7070 7329 2791 2284 5853 2021 1810 2146 6511 364 536 1102 7964 4870 9090 6470 9075 8924 5116 5640 1967 6251 3743 4038 8351 1759 472 7033 8016 3654
3977 6368 1396 3907 3718 295 5094 5647 3639 6475 7707 5134 5179 1090 795 8656 2810 0 2883 9421 2980 3542 4728 6874 1365 1534 5793 7052 8139 6958 5781 4249 1282 219 3069 7004 1150 494 6117 654 7258 4649 862 8722 8864 3531 8607 8764 6936 1878 470 7527 9303 1054 7486 1544 2145 5156 8742 7439 9719 5550 3236 3091 1525 70 6460 9025 8536 2571 2239 3097 8747 6987 7812 1991 1696 6796 9023 8791 8307 3323 7052 1349 9826 1987 3640 1477 9130 7079 2844 75 7189 7991 7835 2722 9796 9980 2998 9923
1737 660 4450 9297 5261 5885 2993 4233 9351 6884 5625 3522 4227 2553 2647 5222 3849 2883 0 3702 4349 216 8152 8055 5523 4793 8321 5810 8460 4036 7323 749 6529 7522 3394 8377 3369 4679 6543 8561 9243 8579 8933 3880 4676 744 7307 2495 8260 511 1881 5517 2300 21 4167 5251 9642 8575 9022 3010 6122 9234 781 5736 9868 2539 7088 8871 5343 8539 1414 1880 16 5856 2153 3420 9124 1247 4713 5105 9884 1020 3647 2303 6275 4807 3587 9289 5954 3587 6073 4207 2807 3393 4468 9133 9519 9205 6553 3096
3729 5019 3285 1282 2467 7303 7032 9761 4013 1091 5413 9409 8015 6219 603 895 9282 9421 3702 0 2401 3239 2029 8428 7819 7520 2100 9241 8469 7602 8727 7180 6923 7428 7248 781 3705 1583 2823 8132 7553 9501 3151 349 7390 6839 8770 9278 681 4510 7570 7546 1803 4218 6750 6248 2461 2023 6913 7102 4655 1489 1648 8777 2585 1219 5818 2833 1671 7190 6290 3056 508 8159 1755 1890 1204 6951 5594 6700 5426 7431 6363 7931 3835 3253 5848 1830 2116 3711 3996 9259 4213 4478 9163 7851 5198 716 4099 4467
3706 1209 9863 5382 6230 8239 1985 6316 418 2429 7304 1628 5863 8111 2253 3257 7255 2980 4349 2401 0 1671 9023 434 22 2983 993 9288 1766 1544 2326 9015 7047 8434 2936 4806 4586 7464 4256 9017 844 7688 7827 3224 9367 9372 7951 6816 7806 197 7607 7072 8202 1954 7331 6535 2136 4110 8918 3089 962 471 8281 424 9600 4591 6859 6410 7760 6432 575 3247 5105 6155 397 36 708 434 5058 9418 2008 2693 1648 6341 7601 3358 6076 1281 1950 1705 2174 847 784 1437 8702 1745 5022 3847 3627 149
7509 8730 3974 3070 8980 6098 7388 702 5873 2347 6845 285 2601 6340 9067 9704 4746 3542 216 3239 1671 0 5129 1955 2443 123 1997 4188 1827 2120 2991 4764 414 8928 3183 6380 4108 9738 8083 3024 5323 4850 508 5091 1073 1819 9282 1629 8128 954 7065 6796 3066 2199 6568 2421 4023 4621 3779 2043 1328 4271 9073 2545 7862 8219 2495 7969 8485 5155 6176 4298 8275 6749 4120 3454 9338 7683 7073 2376 4579 1153 5474 3521 4506 625 9822 616 9323 9002 8845 8825 919 4614 3836 6166 1222 152 3260 7464
2208 7471 1915 6910 8714 9699 4269 2138 3822 3365 3524 9191 6321 5118 3082 7867 9335 4728 8152 2029 9023 5129 0 2896 4520 7639 8152 8931 1197 9322 8984 1621 515 9926 7900 1314 2035 9843 2279 2304 1507 706 9094 9782 7316 3642 8696 17 8046 2245 5303 1201 4041 4684 9587 2086 5578 1480 1735 5213 5261 6731 1621 520 584 8010 413 5802 513 5183 2786 8132 8953 8413 7025 4286 9452 481 4756 892 525 9851 5450 1371 4552 7366 4567 1076 5791 2277 8658 4919 3808 9295 5103 8687 8363 9898 7852 5879
3088 5605 4163 9842 6199 4806 4748 521 6487 8091 5191 5655 1798 9533 5599 258 3942 6874 8055 8428 434 1955 2896 0 3930 2732 2636 8340 9212 2373 7976 6829 8780 8268 1213 37 9537 2066 4878 4901 9405 807 6095 365 8529 5952 1735 2507 791 4767 7812 7054 6753 7473 3209 8744 6228 7705 2524 9472 5994 6081 7931 1826 6038 6466 8491 2494 4631 1801 4095 7596 9665 262 9129 2025 839 1168 8222 2600 2705 2043 1611 5555 6186 4475 9400 7156 3551 7507 2582 1599 3757 2530 7383 6496 1605 8701 401 632
7355 8984 9662 1879 5518 2753 4767 7823 9523 3697 2565 7163 1613 1125 1629 8295 6346 1365 5523 7819 22 2443 4520 3930 0 3259 7993 862 8089 4925 9282 8113 7714 4481 3411 7244 9684 1956 8749 8948 8868 2400 2384 2025 649 4663 1200 5812 3140 3980 6807 2309 7073 5744 5222 9073 8524 2901 1420 9237 2178 8035 9152 5519 9933 419 8322 9854 1097 4217 6876 382 5744 5925 3016 6610 6607 8393 1731 2879 3866 9157 2136 9667 5006 4133 6720 4147 8044 571 1035 1150 5356 3175 8526 344 2297 6706 7576 3891
4290 5817 5586 8009 285 1552 8572 5345 2725 6393 3252 1923 1444 2016 2507 2161 2603 1534 4793 7520 2983 123 7639 2732 3259 0 1462 1506 8169 3502 185 9929 9807 6373 6579 9905 9375 9041 3873 4531 4795 3116 582 225 9785 456 5320 7296 8258 7525 1307 2570 8613 4010 1861 3141 4413 3693 2316 9764 2365 7615 8289 5100 2024 6266 3872 5106 8168 6971 8927 3051 2286 7164 5466 8037 2015 4190 8105 960 1401 251 6354 718 1302 858 7933 2403 8384 7706 9830 3239 8165 8462 3324 5543 1692 5928 1825 8794
1409 752 9985 4193 9094 6856 3034 7216 3877 7490 4831 9118 8089 5971 506 959 3481 5793 8321 2100 993 1997 8152 2636 7993 1462 0 620 1197 5069 3082 1694 4947 3062 3136 2319 9093 2328 8588 5599 1446 2280 3536 7103 4129 6982 280 8042 3104 9609 9337 5925 4424 4121 3607 7603 3820 2031 4435 9186 6724 6758 8347 5429 777 8838 7277 1431 1432 4772 1679 6122 3148 4039 894 8083 5978 5918 966 3268 9007 2603 7873 7155 4000 7010 8901 2314 2939 6381 1904 6791 6986 1721 7286 3929 5565 6600 5072 5424
8986 4145 1869 5473 2721 3000 3353 9315 3911 4746 7859 822 168 897 5734 7660 6276 7052 5810 9241 9288 4188 8931 8340 862 1506 620 0 8546 8325 7109 1614 4715 7454 4543 6282 615 2172 9929 568 858 1568 390 6303 9969 6607 8633 9994 6553 2222 1315 9187 5065 9311 3457 6664 1246 1529 349 1533 5816 4269 1314 5492 9142 2369 701 8369 5597 9242 5311 5465 4003 8759 4719 8583 1476 3828 987 5155 1134 916 251 3748 5738 7441 7367 4982 6203 4809 466 2799 3639 5082 1506 3223 7194 2780 2096 9392
695 8335 14 3890 39 8197 3307 6189 1028 1564 6655 8675 1947 7109 2175 9740 8967 8139 8460 8469 1766 1827 1197 9212 8089 8169 1197 8546 0 9820 8965 988 5314 5376 8572 8492 1498 8097 7451 4466 9798 1745 2241 2552 2661 8537 5385 6471 2864 2452 8742 6840 68 2473 2045 5488 6985 4676 6640 2624 6677 8142 2822 6794 1220 1882 1947 1782 4125 9173 6392 3356 1192 542 4574 7847 5484 7082 5846 7259 9774 4342 8680 6260 2673 6172 5585 4616 4612 9611 2193 2227 2686 9703 5539 9268 6318 9392 8437 3914
8461 7467 7062 5211 6822 3374 3935 9900 4291 2302 4432 3998 1851 7246 2571 8257 5434 6958 4036 7602 1544 2120 9322 2373 4925 3502 5069 8325 9820 0 5285 6910 6299 482 8277 6272 1173 2881 625 5496 3591 1209 3893 4713 1134 1227 7936 8111 5427 9903 219 5087 1947 1473 9126 1952 3472 7057 952 684 4521 7812 9156 798 6705 3464 4040 9629 2366 3406 3882 5619 8357 5676 607 9534 6121 7667 2235 4396 390 2671 2102 2236 3546 9499 603 4956 9559 6589 2039 9292 430 7177 6913 5896 7200 1917 8680 503
45 4229 1550 5873 5435 6911 3147 1296 5164 1981 8530 9999 4725 1007 9884 4025 2957 5781 7323 8727 2326 2991 8984 7976 9282 185 3082 7109 8965 5285 0 9956 3771 4033 7763 8827 8159 7879 527 6329 3884 1811 6355 9235 8924 4230 3355 3624 9646 4976 3550 8288 8660 7301 6085 739 4937 4973 1318 4106 219 8343 9726 1132 3180 5183 5931 1015 552 3504 8595 7252 1673 929 7090 1203 9790 3949 6991 5549 9890 7118 1960 2715 7489 3698 8487 1478 935 3065 3483 6507 4197 1933 8332 2949 4455 2755 173 942
7201 4539 8776 2570 4375 2214 3424 1853 6168 8274 7073 3412 2377 3664 7985 2387 8588 4249 749 7180 9015 4764 1621 6829 8113 9929 1694 1614 988 6910 9956 0 3842 7839 9367 4531 866 7420 1425 910 5834 4587 3383 5286 9772 521 8781 7122 4604 3722 8402 6911 9233 3192 3543 466 4521 9662 7209 8282 8374 6744 6465 4573 3514 4697 4152 2474 8492 861 5646 4730 1626 7704 3153 8986 5039 5451 3693 7355 5688 8666 3012 4436 220 8444 8401 383 57 7017 3931 3812 9078 2529 6012 3885 8864 9528 6184 1584
1417 8129 7301 4607 4450 4395 4474 999 4296 1370 3037 4005 8389 261 820 7870 1115 1282 6529 6923 7047 414 515 8780 7714 9807 4947 4715 5314 6299 3771 3842 0 953 1619 5531 3414 3511 1334 8526 5345 6946 2716 3016 8920 7799 706 6227 3595 7737 8769 2409 3264 5182 5395 4213 9686 4893 4449 7393 3831 4358 6136 4409 3702 4689 1549 900 5925 931 7784 1196 9710 5016 3273 8828 5310 6715 2137 5367 4432 5806 811 6858 8025 3319 4624 5004 9128 2091 8665 1230 1743 7080 4452 3493 7236 9257 2337 9369
95 5282 7105 9082 8548 6616 9745 7723 8106 4728 6229 6864 6120 6012 153 6920 618 219 7522 7428 8434 8928 9926 8268 4481 6373 3062 7454 5376 482 4033 7839 953 0 1434 4889 6435 658 6190 1550 587 6457 6877 605 9125 5650 5232 4785 9733 6196 8431 3925 4443 1117 2434 9062 8572 6758 9296 7776 7240 6865 145 9125 1295 1672 2494 3467 2556 1149 4088 5392 9383 9649 8003 5441 7473 555 8552 5408 3309 8689 1469 7826 4186 5741 3878 6850 3827 594 7506 4308 6851 1540 8037 183 2049 8952 9484 6721
6952 1612 4153 8931 8530 9305 4354 5485 3569 9956 3545 4239 1308 6115 4983 7315 9744 3069 3394 7248 2936 3183 7900 1213 3411 6579 3136 4543 8572 8277 7763 9367 1619 1434 0 5205 7364 8392 7550 3739 6329 5913 6480 519 804 966 7117 4891 1314 5162 8143 8593 2870 1646 8504 2867 2784 3434 2055 7638 4662 1912 4612 3005 349 4717 2646 2929 1937 9141 5006 5275 9451 2247 86 9269 2245 4192 3883 736 2479 1509 5732 4823 5866 9290 8137 5123 7968 8436 87 6239 9322 9190 1560 6662 3848 6313 1099 3866
5295 3938 556 344 3229 5680 2258 9282 7653 6337 5618 9483 2977 7015 3079 9943 5621 7004 8377 781 4806 6380 1314 37 7244 9905 2319 6282 8492 6272 8827 4531 5531 4889 5205 0 8832 3786 4335 3553 3689 1893 640 4885 4964 9248 3966 7110 5012 5269 7401 147 8706 8519 3040 8053 886 3212 6204 3950 7569 3692 9911 4650 7554 7798 2408 7925 9071 2041 1356 8763 5519 9982 9783 3858 6344 3992 793 1021 6602 7977 3811 5703 1295 6349 7619 8623 7612 6902 5035 7712 8425 1876 8671 6829 9029 2115 8322 8463
283 505 1032 389 2789 7242 2221 2082 7117 1510 1018 5108 70 670 3901 8192 8574 1150 3369 3705 4586 4108 2035 9537 9684 9375 9093 615 1498 1173 8159 866 3414 6435 7364 8832 0 2530 2170 2381 2283 8856 7637 2799 3597 6091 63 5688 3241 8428 2920 7051 3399 9778 8187 4995 3273 2873 2826 3770 9582 8099 2514 8057 9982 1387 2210 7115 7228 5723 7827 7183 9149 6110 2560 4221 9869 3396 479 9493 7242 6760 9151 17 1864 3681 2664 4127 816 3727 6125 7655 7691 6022 2932 3239 2149 358 7012 4774
7939 5808 4234 7445 1985 8294 8789 1918 4347 8179 9944 4411 5626 5867 6074 4060 5915 494 4679 1583 7464 9738 9843 2066 1956 9041 2328 2172 8097 2881 7879 7420 3511 658 8392 3786 2530 0 9085 2294 6719 5792 7711 7682 5303 1255 4571 7058 9884 4403 9042 6372 1068 8013 3201 8622 3363 5676 1470 8094 8208 9294 5608 9301 698 6524 2996 1196 2059 5986 466 7747 5611 3887 9962 4873 2858 69 9685 331 9942 9693 7574 7914 1200 6036 1433 1854 5526 6631 3012 2449 871 9255 9605 2727 2674 581 5435 8317
8150 8136 4055 987 9847 3775 7346 244 2557 7680 8833 7339 6334 6885 3513 9274 5756 6117 6543 2823 4256 8083 2279 4878 8749 3873 8588 9929 7451 625 527 1425 1334 6190 7550 4335 2170 9085 0 3597 2102 9138 9115 9391 7388 842 3327 9489 4804 3356 8363 8835 3952 2448 5855 1741 4402 1439 8706 617 8668 5331 9506 7254 4510 6334 3208 5551 8542 8437 1799 1290 4196 7005 8397 1270 609 364 8299 5061 1912 9342 548 1773 1697 2794 4659 5676 7776 1502 9149 5023 8926 2446 656 7971 9236 9039 2845 8579
9018 9968 161 5083 8228 6499 6450 4640 8168 3528 7860 2168 8317 9982 2970 1138 1157 654 8561 8132 9017 3024 2304 4901 8948 4531 5599 568 4466 5496 6329 910 8526 1550 3739 3553 2381 2294 3597 0 4192 1307 9941 2251 1096 1532 9145 5512 4906 4196 9344 6446 5266 5125 4602 8810 2795 4578 759 9187 3991 9404 7759 8559 4646 4075 1503 8106 2546 4843 9979 5732 5071 5856 4070 4177 5390 6766 9250 2427 6219 7633 5341 5681 7826 4795 2398 8610 6636 8825 8018 3598 8437 4732 9894 9809 4957 8867 3522 8527
4484 5570 5294 9795 8428 8382 8 924 9954 7640 9027 5401 7874 5424 861 2667 6562 7258 9243 7553 844 5323 1507 9405 8868 4795 1446 858 9798 3591 3884 5834 5345 587 6329 3689 2283 6719 2102 4192 0 6876 1754 176 3637 9827 5471 7761 1627 6308 1322 6742 1909 2419 3909 7671 9012 2639 9251 6260 1817 4355 3725 7377 5121 780 3585 3360 5126 316 2086 8182 7937 4726 1053 9322 5317 4497 8398 6968 7034 4023 3297 6301 8875 6001 5866 9310 6006 8388 7680 4165 6336 3613 8279 3294 2498 8184 1439 6766
5658 3643 9265 9884 6435 205 5205 1985 2473 2481 9710 1822 1797 8409 6982 5427 9520 4649 8579 9501 7688 4850 706 807 2400 3116 2280 1568 1745 1209 1811 4587 6946 6457 5913 1893 8856 5792 9138 1307 6876 0 9776 7122 8664 690 2499 9537 4891 9346 2144 8418 8326 9974 3463 5514 1686 6066 7510 245 3166 6835 9662 7962 8158 2698 1241 6348 7623 4283 724 4758 7912 9662 7507 6959 921 8616 1902 2046 7882 3311 9826 9750 9390 1362 4369 7937 2746 5671 2085 7543 8216 9211 4192 1786 2363 2329 500 8358
8899 7753 8844 9968 560 8993 4619 8396 6467 7578 1548 5055 4562 6083 9671 5240 3493 862 8933 3151 7827 508 9094 6095 2384 582 3536 390 2241 3893 6355 3383 2716 6877 6480 640 7637 7711 9115 9941 1754 9776 0 7129 6347 6479 8430 2054 8543 5348 4482 9675 2173 9866 4625 2806 3371 6707 5261 4951 8140 3892 1835 5953 9571 7691 8376 5638 8007 7721 1417 2644 2942 4870 5019 3629 212 9871 3727 4480 8172 2432 4966 2843 7040 8756 1749 9820 2977 8669 2603 6212 1193 4614 8618 1516 6479 7690 3717 8534
7460 7731 544 9508 6682 1959 2122 890 9552 5718 9133 2543 5088 9214 693 8770 7080 8722 3880 349 3224 5091 9782 365 2025 225 7103 6303 2552 4713 9235 5286 3016 605 519 4885 2799 7682 9391 2251 176 7122 7129 0 4407 7018 886 5204 4295 9564 203 6032 5833 6484 3277 8969 810 5642 3257 9663 988 4876 5261 1365 8218 2682 4704 9153 3071 9599 1924 6334 8387 7132 3589 5144 9719 2410 1721 2616 5928 4620 1675 4696 137 9091 6815 7061 3561 3152 7685 6786 6459 4037 72 5284 2119 3967 9004 5593
4988 6874 1258 2955 3317 147 2728 4684 5739 9456 248 8331 6009 9924 7701 9260 2019 8864 4676 7390 9367 1073 7316 8529 649 9785 4129 9969 2661 1134 8924 9772 8920 9125 804 4964 3597 5303 7388 1096 3637 8664 6347 4407 0 1035 8200 7991 746 2497 894 3928 9771 7002 3254 4003 3274 2405 3204 4646 4292 3351 3963 1159 793 9142 7827 8640 4454 205 4428 7705 8277 254 1192 6662 5060 4382 8128 7934 9368 383 9959 3777 2499 3761 6001 4486 4114 2173 3455 2026 6797 2971 7802 792 2615 1114 8439 2131
4475 5077 6159 1327 2939 5934 2233 8015 7574 38 7347 3610 6468 7796 3238 6400 3140 3531 744 6839 9372 1819 3642 5952 4663 456 6982 6607 8537 1227 4230 521 7799 5650 966 9248 6091 1255 842 1532 9827 690 6479 7018 1035 0 2696 2126 8199 9166 220 7763 345 3247 6139 8904 5359 971 5084 5882 4945 4734 7589 7738 8403 3705 391 9052 9108 5491 9637 471 7464 9655 1893 1461 3736 3058 6888 3724 4387 42 9044 5251 4226 1986 8731 7319 9333 7361 7315 9457 5344 6291 7650 5967 8253 5641 4890 9974
2817 7602 6577 3077 4764 6133 2981 697 782 9054 5967 5006 6315 1270 5141 7382 2676 8607 7307 8770 7951 9282 8696 1735 1200 5320 280 8633 5385 7936 3355 8781 706 5232 7117 3966 63 4571 3327 9145 5471 2499 8430 886 8200 2696 0 9303 8913 3180 1829 6337 4490 627 2292 7063 2433 4766 2137 5713 5219 112 9533 7453 5604 516 2163 8143 8004 5252 9178 4415 6079 2597 1869 7196 3021 6835 5202 4390 1050 6376 7720 7282 2117 6987 9281 9053 2808 3146 5066 5311 4855 9520 6121 9585 8493 944 2203 2385
9424 6018 8293 1042 8263 808 4012 5171 3158 2938 500 1282 8024 9250 7755 5573 7432 8764 2495 9278 6816 1629 17 2507 5812 7296 8042 9994 6471 8111 3624 7122 6227 4785 4891 7110 5688 7058 9489 5512 7761 9537 2054 5204 7991 2126 9303 0 166 3830 2426 7992 7440 6649 9700 8866 38 8013 20 2618 7404 3676 5110 9532 5212 1976 365 5060 8586 82 8310 8041 2524 6591 4504 6398 6652 1406 9116 9723 4906 5063 7262 846 3232 7405 8303 3302 1399 2394 6219 1121 8522 4157 490 4813 3259 9473 5530 1850
8818 9456 4997 6569 4654 66 1803 2563 9759 5562 185 5214 3359 841 2887 9916 9060 6936 8260 681 7806 8128 8046 791 3140 8258 3104 6553 2864 5427 9646 4604 3595 9733 1314 5012 3241 9884 4804 4906 1627 4891 8543 4295 746 8199 8913 166 0 8974 7519 9294 731 4691 903 9874 7284 6515 8098 5888 9937 1498 3077 2866 4356 6514 9029 4675 1662 7307 6983 5015 1542 465 5668 3278 3774 6761 2624 8201 9822 9044 5009 6153 4388 8250 6729 5782 4055 758 2936 1998 6128 7724 6950 9712 1644 66 5007 4717
839 7169 5203 6272 4990 8850 6287 2074 4583 1288 161 5377 7915 2720 1464 9974 6464 1878 511 4510 197 954 2245 4767 3980 7525 9609 2222 2452 9903 4976 3722 7737 6196 5162 5269 8428 4403 3356 4196 6308 9346 5348 9564 2497 9166 3180 3830 8974 0 2580 8392 4323 7373 2229 1950 4781 4674 4200 2749 317 9855 7438 8633 1994 806 8263 6240 4397 6420 7398 6836 5343 1659 63 2847 4110 7801 9135 8992 2942 8162 3804 1089 6012 7096 6643 5357 3690 2983 7431 4606 2961 8711 9841 930 9733 7622 3000 5638
3634 5059 1643 8198 5839 2062 1189 5327 9408 1511 4439 2719 9042 7460 838 5927 7800 470 1881 7570 7607 7065 5303 7812 6807 1307 9337 1315 8742 219 3550 8402 8769 8431 8143 7401 2920 9042 8363 9344 1322 2144 4482 203 894 220 1829 2426 7519 2580 0 7760 1120 8535 5171 3377 1748 5965 5063 3258 2500 3145 6654 3422 6492 5676 5467 9543 4032 3777 3296 4446 8657 3553 334 5825 2481 3665 4206 7731 110 3685 2566 1500 2372 650 9458 7616 6641 1769 4220 1093 7253 6959 7380 4318 1539 915 3627 3642
7011 2508 3531 3438 9046 5058 7330 7362 8140 4683 2964 2577 3151 5277 9916 3753 5015 7527 5517 7546 7072 6796 1201 7054 2309 2570 5925 9187 6840 5087 8288 6911 2409 3925 8593 147 7051 6372 8835 6446 6742 8418 9675 6032 3928 7763 6337 7992 9294 8392 7760 0 7822 9322 8347 9219 659 8048 4085 1559 7709 376 1062 155 2274 8761 7433 7084 6515 9670 4147 3380 7509 7270 373 5984 7129 9567 4569 3369 5225 7924 9573 7429 7828 6698 1983 587 536 891 9820 851 4961 8680 3703 6307 2573 2159 6589 1207
5959 7472 6596 8455 6374 9651 3842 8114 1628 7478 3203 1833 8576 4486 8132 7733 3401 9303 2300 1803 8202 3066 4041 6753 7073 8613 4424 5065 68 1947 8660 9233 3264 4443 2870 8706 3399 1068 3952 5266 1909 8326 2173 5833 9771 345 4490 7440 731 4323 1120 7822 0 3654 3881 5781 8606 6678 2173 4367 1820 7014 9969 5308 6788 1306 6631 2409 5320 7806 8466 7793 9705 7133 912 8217 3417 3483 8679 4034 8636 7058 4901 4426 3894 4108 5163 5094 9784 697 5135 3397 631 7387 1221 9971 2815 4724 9063 3636
5173 9587 1843 247 962 4318 6636 8276 7018 2281 3779 6785 9441 9350 203 3795 4500 1054 21 4218 1954 2199 4684 7473 5744 4010 4121 9311 2473 1473 7301 3192 5182 1117 1646 8519 9778 8013 2448 5125 2419 9974 9866 6484 7002 3247 627 6649 4691 7373 8535 9322 3654 0 3192 9824 1764 985 5753 5094 9041 6469 3295 1477 224 6836 9805 659 4637 4262 1333 3685 6861 63 1054 4910 5380 1867 178 4472 8027 1135 9680 1978 9889 5773 917 381 3341 2494 8990 2978 1083 5658 7479 6326 1229 3314 3365 9936
8693 7216 1239 4468 1995 6286 3445 9818 9088 3419 2531 1116 2519 2778 1608 8152 5912 7486 4167 6750 7331 6568 9587 3209 5222 1861 3607 3457 2045 9126 6085 3543 5395 2434 8504 3040 8187 3201 5855 4602 3909 3463 4625 3277 3254 6139 2292 9700 903 2229 5171 8347 3881 3192 0 1001 3689 9470 9988 4497 776 6897 1838 3080 1945 8620 3271 4294 9507 1834 752 6947 5844 187 2761 7917 76 4032 4451 2513 1688 3563 1245 8253 4929 7827 9216 6932 2382 9227 2422 3764 6525 610 3612 2789 4237 9157 1789 5496
428 1662 6748 5118 7064 211 6550 1761 4504 6827 167 9131 2128 696 370 4957 2268 1544 5251 6248 6535 2421 2086 8744 9073 3141 7603 6664 5488 1952 739 466 4213 9062 2867 8053 4995 8622 1741 8810 7671 5514 2806 8969 4003 8904 7063 8866 9874 1950 3377 9219 5781 9824 1001 0 5090 1821 1172 79 8897 305 6826 2887 5416 7782 3052 7215 310 9749 3570 8150 8285 2453 6549 8426 3332 8275 8498 6590 2546 8387 285 1573 2344 9330 2714 1890 8213 8933 4859 4934 8895 8400 4840 6417 4239 2756 2560 3117
7307 410 5909 987 9633 5132 8896 8654 5639 3150 4956 8611 9513 4813 6044 9186 2602 2145 9642 2461 2136 4023 5578 6228 8524 4413 3820 1246 6985 3472 4937 4521 9686 8572 2784 886 3273 3363 4402 2795 9012 1686 3371 810 3274 5359 2433 38 7284 4781 1748 659 8606 1764 3689 5090 0 6193 4169 5453 3498 3218 9656 4471 1839 8999 3487 1781 8139 5645 8607 9995 1725 1840 5670 7985 9944 999 8526 6596 4649 5651 8361 3765 470 4416 3945 2833 6887 5199 3440 910 6629 6782 6694 3276 5741 7242 6779 5373
6450 3861 825 3317 7162 966 2267 8780 4806 4067 2566 2908 757 3386 8168 9191 4695 5156 8575 2023 4110 4621 1480 7705 2901 3693 2031 1529 4676 7057 4973 9662 4893 6758 3434 3212 2873 5676 1439 4578 2639 6066 6707 5642 2405 971 4766 8013 6515 4674 5965 8048 6678 985 9470 1821 6193 0 7014 1205 9810 3134 8086 4776 8046 8707 3746 7533 9645 9024 5022 9600 4680 3739 8673 2291 2188 4394 7087 6322 9322 6346 2993 5582 7545 4035 601 656 2871 7015 9540 3102 4957 3912 8889 2933 188 2086 5800 5553
1998 1073 5238 4040 9246 8878 842 4567 2029 1355 6000 4704 1771 1940 77 2539 3474 8742 9022 6913 8918 3779 1735 2524 1420 2316 4435 349 6640 952 1318 7209 4449 9296 2055 6204 2826 1470 8706 759 9251 7510 5261 3257 3204 5084 2137 20 8098 4200 5063 4085 2173 5753 9988 1172 4169 7014 0 7319 9130 7531 4522 4854 2504 7165 4869 9056 1068 9084 618 5531 55 9811 9726 5834 7663 1316 9787 6448 280 3727 4508 1199 3340 7155 1557 2194 3635 4535 2356 2123 6328 2936 5582 2668 7566 915 2043 2771
9082 9477 1794 1748 6631 1822 4319 8605 3578 2 4101 1766 5378 3917 2757 4338 3427 7439 3010 7102 3089 2043 5213 9472 9237 9764 9186 1533 2624 684 4106 8282 7393 7776 7638 3950 3770 8094 617 9187 6260 245 4951 9663 4646 5882 5713 2618 5888 2749 3258 1559 4367 5094 4497 79 5453 1205 7319 0 3949 8789 7955 4319 7162 7881 1969 9160 2278 6152 8225 1474 2738 6440 2942 6555 8921 8427 2957 4264 8381 9508 604 5424 9372 2273 4342 115 5193 9929 6383 3511 9042 6458 1329 8205 5953 1710 4868 8621
579 8993 6095 1176 9467 8525 8891 5942 827 8462 3246 9582 5308 2415 8010 1394 6232 9719 6122 4655 962 1328 5261 5994 2178 2365 6724 5816 6677 4521 219 8374 3831 7240 4662 7569 9582 8208 8668 3991 1817 3166 8140 988 4292 4945 5219 7404 9937 317 2500 7709 1820 9041 776 8897 3498 9810 9130 3949 0 8462 2349 6600 5885 2079 9197 7430 7835 8740 482 1704 8622 3605 7801 2436 3298 4555 9439 4353 8845 7567 5993 1340 9665 2849 2356 2334 6807 3896 493 6433 8319 2402 2906 1441 6476 6858 2609 8702
7022 1871 3228 7019 7640 9929 6223 9733 5902 4743 5443 511 4297 5661 4705 4801 8550 5550 9234 1489 471 4271 6731 6081 8035 7615 6758 4269 8142 7812 8343 6744 4358 6865 1912 3692 8099 9294 5331 9404 4355 6835 3892 4876 3351 4734 112 3676 1498 9855 3145 376 7014 6469 6897 305 3218 3134 7531 8789 8462 0 8141 3942 172 3458 437 4435 2562 4740 748 7808 9516 5254 7346 4397 1665 1464 6917 5114 8235 8431 3627 1660 7990 691 1404 1340 6597 5558 197 178 8869 762 6596 7068 256 249 4075 490
6603 5298 7873 6614 1093 5695 9653 6478 7072 3296 3055 1080 9737 3547 6333 7176 226 3236 781 1648 8281 9073 1621 7931 9152 8289 8347 1314 2822 9156 9726 6465 6136 145 4612 9911 2514 5608 9506 7759 3725 9662 1835 5261 3963 7589 9533 5110 3077 7438 6654 1062 9969 3295 1838 6826 9656 8086 4522 7955 2349 8141 0 7599 7230 9391 7240 5558 8524 9248 122 2364 7652 7722 1191 1396 3246 9387 4413 5321 3762 2257 1490 309 1534 2154 972 9156 4306 1392 3810 4764 554 5121 861 587 4551 591 9839 9411
5807 7240 5431 9725 5436 2094 4948 4905 5087 6058 6619 5131 1110 5396 4124 9953 4517 3091 5736 8777 424 2545 520 1826 5519 5100 5429 5492 6794 798 1132 4573 4409 9125 3005 4650 8057 9301 7254 8559 7377 7962 5953 1365 1159 7738 7453 9532 2866 8633 3422 155 5308 1477 3080 2887 4471 4776 4854 4319 6600 3942 7599 0 1928 5501 2996 6083 4402 9196 3614 824 3488 1201 7442 1602 8997 9740 7944 3356 2189 9848 8914 6359 1799 5752 2815 8947 7561 2208 7566 7286 5531 916 147 9469 5107 8802 497 332
8151 6581 3593 1135 3764 7742 8328 7994 666 8707 3170 2012 3713 6463 8894 1603 2772 1525 9868 2585 9600 7862 584 6038 9933 2024 777 9142 1220 6705 3180 3514 3702 1295 349 7554 9982 698 4510 4646 5121 8158 9571 8218 793 8403 5604 5212 4356 1994 6492 2274 6788 224 1945 5416 1839 8046 2504 7162 5885 172 7230 1928 0 171 8495 2833 9673 8979 4606 8119 313 6645 3818 6502 2140 3765 3262 9965 376 9602 7979 5078 4913 9593 9370 5348 5727 8732 6111 6507 9533 7597 260 7642 5233 2380 6027 6836
7009 550 6780 4471 391 6196 2609 4966 1605 1362 5959 9840 3848 555 7370 5256 6858 70 2539 1219 4591 8219 8010 6466 419 6266 8838 2369 1882 3464 5183 4697 4689 1672 4717 7798 1387 6524 6334 4075 780 2698 7691 2682 9142 3705 516 1976 6514 806 5676 8761 1306 6836 8620 7782 8999 8707 7165 7881 2079 3458 9391 5501 171 0 3568 6513 3618 2574 38 770 6872 7064 1229 3874 3085 7695 3870 2029 8110 5869 1573 2116 1853 8159 2226 7171 6692 3590 3976 466 6392 4550 8139 705 7705 14 4283 3017
4258 7024 6041 116 7935 5184 7008 3241 8009 7635 7115 1150 6998 5951 2928 3392 5241 6460 7088 5818 6859 2495 413 8491 8322 3872 7277 701 1947 4040 5931 4152 1549 2494 2646 2408 2210 2996 3208 1503 3585 1241 8376 4704 7827 391 2163 365 9029 8263 5467 7433 6631 9805 3271 3052 3487 3746 4869 1969 9197 437 7240 2996 8495 3568 0 4585 5 6271 575 9171 1868 1983 404 2226 8199 9871 2810 4629 2724 1503 7008 3996 4669 8846 9186 2311 616 637 6795 1030 7020 8445 7438 9663 2986 4687 2398 1510
3601 1231 9570 7563 6020 1677 2890 74 675 8499 4137 8511 5002 8944 7658 3076 4522 9025 8871 2833 6410 7969 5802 2494 9854 5106 1431 8369 1782 9629 1015 2474 900 3467 2929 7925 7115 1196 5551 8106 3360 6348 5638 9153 8640 9052 8143 5060 4675 6240 9543 7084 2409 659 4294 7215 1781 7533 9056 9160 7430 4435 5558 6083 2833 6513 4585 0 6127 494 6996 4603 353 3308 7265 3503 3169 9449 6203 3 8670 7553 7753 2097 85 1079 8575 8939 5118 6310 7146 7206 9300 5646 6530 9765 4870 8345 5722 247
7568 7127 4086 9426 3961 2799 4315 1096 8674 9665 2067 5743 534 7807 3183 3569 841 8536 5343 1671 7760 8485 513 4631 1097 8168 1432 5597 4125 2366 552 8492 5925 2556 1937 9071 7228 2059 8542 2546 5126 7623 8007 3071 4454 9108 8004 8586 1662 4397 4032 6515 5320 4637 9507 310 8139 9645 1068 2278 7835 2562 8524 4402 9673 3618 5 6127 0 5834 9459 6827 2337 3513 102 1487 2943 8966 7913 4596 7615 2920 9806 3519 4544 9143 5274 354 453 7986 3903 9828 7530 4097 2669 8361 4539 4150 8732 8756
2051 3267 9234 4718 2502 9026 6579 837 6187 3601 5890 8050 3651 5027 7785 8407 5571 2571 8539 7190 6432 5155 5183 1801 4217 6971 4772 9242 9173 3406 3504 861 931 1149 9141 2041 5723 5986 8437 4843 316 4283 7721 9599 205 5491 5252 82 7307 6420 3777 9670 7806 4262 1834 9749 5645 9024 9084 6152 8740 4740 9248 9196 8979 2574 6271 494 5834 0 2211 7727 9398 1188 8405 9392 3455 8227 1025 8789 3805 1596 8277 3255 3679 9654 6862 8723 9661 4350 6761 1019 730 3846 4669 4683 3318 5335 9739 5238
639 9478 8135 8281 915 2488 432 9159 5744 2542 2 8970 4181 3913 9860 5310 7070 2239 1414 6290 575 6176 2786 4095 6876 8927 1679 5311 6392 3882 8595 5646 7784 4088 5006 1356 7827 466 1799 9979 2086 724 1417 1924 4428 9637 9178 8310 6983 7398 3296 4147 8466 1333 752 3570 8607 5022 618 8225 482 748 122 3614 4606 38 575 6996 9459 2211 0 8542 359 7344 372 5026 782 7786 9139 9767 3588 1180 3696 4351 6383 7837 2441 4135 564 2247 8915 1059 4477 5315 4884 2963 937 5423 7540 4567
3009 3080 1097 6748 1904 3668 7359 9340 2963 7460 9644 4769 1085 6797 2526 1144 7329 3097 1880 3056 3247 4298 8132 7596 382 3051 6122 5465 3356 5619 7252 4730 1196 5392 5275 8763 7183 7747 1290 5732 8182 4758 2644 6334 7705 471 4415 8041 5015 6836 4446 3380 7793 3685 6947 8150 9995 9600 5531 1474 1704 7808 2364 824 8119 770 9171 4603 6827 7727 8542 0 9972 1083 1671 76 6776 1339 9141 5264 9792 7836 5235 3370 7754 8241 5870 671 9493 6394 6625 9004 2070 9505 7460 9344 4552 8696 7839 2728
339 3979 6805 1467 823 3340 4408 5794 9193 8975 4786 6294 3296 553 1866 2534 2791 8747 16 508 5105 8275 8953 9665 5744 2286 3148 4003 1192 8357 1673 1626 9710 9383 9451 5519 9149 5611 4196 5071 7937 7912 2942 8387 8277 7464 6079 2524 1542 5343 8657 7509 9705 6861 5844 8285 1725 4680 55 2738 8622 9516 7652 3488 313 6872 1868 353 2337 9398 359 9972 0 4489 919 9038 3051 7596 1823 1994 5769 9745 2376 5410 5691 7405 3198 6895 9995 4640 7214 7530 2797 3221 9628 5358 5121 5271 3611 8195
3505 873 5774 3230 5639 494 7624 9194 3722 8718 7104 4528 6038 4546 4971 9007 2284 6987 5856 8159 6155 6749 8413 262 5925 7164 4039 8759 542 5676 929 7704 5016 9649 2247 9982 6110 3887 7005 5856 4726 9662 4870 7132 254 9655 2597 6591 465 1659 3553 7270 7133 63 187 2453 1840 3739 9811 6440 3605 5254 7722 1201 6645 7064 1983 3308 3513 1188 7344 1083 4489 0 5117 6216 9321 4144 2452 5343 4381 5099 1733 6530 4525 4685 2345 6798 3089 3727 2926 8788 2874 4932 588 3024 5784 4302 252 2563
5620 3296 8092 9116 5732 6616 9976 933 8014 1368 5339 1525 5679 7500 8122 685 5853 7812 2153 1755 397 4120 7025 9129 3016 5466 894 4719 4574 607 7090 3153 3273 8003 86 9783 2560 9962 8397 4070 1053 7507 5019 3589 1192 1893 1869 4504 5668 63 334 373 912 1054 2761 6549 5670 8673 9726 2942 7801 7346 1191 7442 3818 1229 404 7265 102 8405 372 1671 919 5117 0 916 4318 1411 3161 7256 3618 6459 820 5543 9828 5385 3363 9699 1395 727 5492 2864 3886 9720 3846 328 5898 7379 5006 2850
4087 2984 9041 1191 3181 523 1602 4366 9843 6 4411 9085 3600 7438 8731 9411 2021 1991 3420 1890 36 3454 4286 2025 6610 8037 8083 8583 7847 9534 1203 8986 8828 5441 9269 3858 4221 4873 1270 4177 9322 6959 3629 5144 6662 1461 7196 6398 3278 2847 5825 5984 8217 4910 7917 8426 7985 2291 5834 6555 2436 4397 1396 1602 6502 3874 2226 3503 1487 9392 5026 76 9038 6216 916 0 284 9620 3897 9599 1743 2759 3385 9945 260 8738 8215 2754 6887 7221 1763 3899 7388 4287 1311 8265 6758 1794 4032 9895
9160 9429 1500 3708 1599 4755 6619 8281 9350 2897 8534 4721 9492 203 7111 8061 1810 1696 9124 1204 708 9338 9452 839 6607 2015 5978 1476 5484 6121 9790 5039 5310 7473 2245 6344 9869 2858 609 5390 5317 921 212 9719 5060 3736 3021 6652 3774 4110 2481 7129 3417 5380 76 3332 9944 2188 7663 8921 3298 1665 3246 8997 2140 3085 8199 3169 2943 3455 782 6776 3051 9321 4318 284 0 3310 6849 8531 2435 8303 5194 5437 6981 1198 8034 8445 9965 1343 5789 8950 6720 5984 9238 3257 4704 6026 8666 769
3780 2458 2140 251 5475 5405 6578 6792 6902 4786 2390 5878 8305 6706 877 6851 2146 6796 1247 6951 434 7683 481 1168 8393 4190 5918 3828 7082 7667 3949 5451 6715 555 4192 3992 3396 69 364 6766 4497 8616 9871 2410 4382 3058 6835 1406 6761 7801 3665 9567 3483 1867 4032 8275 999 4394 1316 8427 4555 1464 9387 9740 3765 7695 9871 9449 8966 8227 7786 1339 7596 4144 1411 9620 3310 0 8686 8985 6483 8733 5300 3586 5053 5230 5119 1882 1236 1932 4479 1453 9022 8783 8191 7801 972 5135 8807 4440
6983 1041 4661 3501 751 8290 8293 4571 7387 9690 2754 5510 6256 1452 8228 5042 6511 9023 4713 5594 5058 7073 4756 8222 1731 8105 966 987 5846 2235 6991 3693 2137 8552 3883 793 479 9685 8299 9250 8398 1902 3727 1721 8128 6888 5202 9116 2624 9135 4206 4569 8679 178 4451 8498 8526 7087 9787 2957 9439 6917 4413 7944 3262 3870 2810 6203 7913 1025 9139 9141 1823 2452 3161 3897 6849 8686 0 982 6412 8840 4647 161 9321 528 1398 1265 906 901 3061 705 5407 6393 7596 7083 9187 1750 3583 858
5542 5141 1940 7226 266 9145 2517 1771 1191 8476 6024 4972 2944 4996 1222 6058 364 8791 5105 6700 9418 2376 892 2600 2879 960 3268 5155 7259 4396 5549 7355 5367 5408 736 1021 9493 331 5061 2427 6968 2046 4480 2616 7934 3724 4390 9723 8201 8992 7731 3369 4034 4472 2513 6590 6596 6322 6448 4264 4353 5114 5321 3356 9965 2029 4629 3 4596 8789 9767 5264 1994 5343 7256 9599 8531 8985 982 0 4028 1503 672 9942 7400 2991 7030 7350 6498 5910 2004 5917 5221 3901 3296 2469 4990 7819 2078 352
5625 7278 7293 3128 3588 3997 6548 7945 6677 7380 7919 584 6073 4084 4990 5191 536 8307 9884 5426 2008 4579 525 2705 3866 1401 9007 1134 9774 390 9890 5688 4432 3309 2479 6602 7242 9942 1912 6219 7034 7882 8172 5928 9368 4387 1050 4906 9822 2942 110 5225 8636 8027 1688 2546 4649 9322 280 8381 8845 8235 3762 2189 376 8110 2724 8670 7615 3805 3588 9792 5769 4381 3618 1743 2435 6483 6412 4028 0 660 2321 7484 77 4260 4397 4071 8153 7098 4967 3385 3341 32 87 3903 4071 1386 6461 3345
4850 3143 1110 5325 8322 9066 1048 1288 9822 7972 9557 9030 419 3725 6155 496 1102 3323 1020 7431 2693 1153 9851 2043 9157 251 2603 916 4342 2671 7118 8666 5806 8689 1509 7977 6760 9693 9342 7633 4023 3311 2432 4620 383 42 6376 5063 9044 8162 3685 7924 7058 1135 3563 8387 5651 6346 3727 9508 7567 8431 2257 9848 9602 5869 1503 7553 2920 1596 1180 7836 9745 5099 6459 2759 8303 8733 8840 1503 660 0 4400 7282 422 4279 6334 1295 7583 8783 2042 6701 6300 3816 5874 4508 6537 5483 1911 5107
