250
0 3188 9611 6576 4009 164 3463 6031 4587 8591 9942 5291 6595 805 7627 2807 8906 6022 3143 3155 9379 9558 6949 2425 805 6075 5386 6030 921 5675 8513 7623 7374 5185 683 5675 3316 221 8633 4558 3617 3268 222 3406 4413 5671 9681 1627 472 4845 8843 3603 3266 8626 8524 1764 1501 5900 7117 5654 5567 8304 1225 8626 7336 7813 2175 9922 6851 5850 5506 7554 7226 7044 4909 6852 7014 7794 1817 4037 369 833 1698 6261 1435 7459 9254 434 5289 3611 1305 6065 7939 6817 5653 5353 8613 5004 3516 5544 5251 9219 5006 2672 8221 1097 3123 3157 1351 8674 7904 893 9074 2772 7853 3701 9677 6237 890 9397 6884 1712 458 9689 9768 1186 2777 3629 1971 8852 3544 5333 9996 8482 2771 6263 7134 6229 7170 3563 848 6841 8064 7005 6280 7846 8328 2950 9149 8485 4187 3744 4711 1729 4199 5264 20 3458 7457 6354 4289 2202 5779 1449 9759 8806 6730 5966 4122 574 9920 1219 8364 3307 5851 3117 9307 7497 7603 4532 1865 8298 9986 9815 3314 1621 7457 9552 374 7477 6552 5897 2130 5802 625 458 9025 7688 6063 6017 4187 7226 9805 7051 7879 2522 9467 3890 383 6049 2622 2100 6375 2262 6151 7362 6109 5368 9699 7940 3384 1686 5163 3711 9026 6077 3308 9604 537 7903 2401 2910 3787 1555 8097 1943 7408 4919 1328 2176 425 4514 5124 4589 7051 9375 6362 8973 7618 1443
3188 0 4541 1424 6649 5105 4193 8673 6414 4873 9292 7972 689 2028 9366 71 3190 6514 419 853 5403 1596 3016 249 1093 8643 1113 2043 2170 4123 2313 6849 3078 5135 7488 397 6721 1966 5826 7169 3269 5963 1527 1676 7016 2610 8639 515 2313 3008 800 6018 9434 22 9146 245 160 9302 7846 4370 4706 9721 3069 2503 6585 6902 3172 1567 7591 7998 4719 4161 8211 7248 8011 1900 5706 2627 632 1238 2686 2104 8352 6283 6086 9963 9200 3063 5910 9363 3168 4364 6410 6827 8599 5284 5887 4302 679 3143 452 6885 6446 5799 3799 8121 9365 5955 6828 5981 4088 4220 3644 4942 2703 8218 8188 2639 1787 5658 9680 4291 9942 9321 1409 9785 1826 2648 8244 6634 734 4998 6449 2414 2397 6668 2907 8281 9258 6568 9183 3993 7315 3179 7575 682 2277 2672 7844 9441 4190 6274 3096 3967 9311 3131 669 2107 2017 7524 6887 6783 8175 6807 9234 2733 1894 2950 5587 8338 5578 9420 2316 2810 839 279 7326 9258 7271 5702 575 2288 7841 2783 8543 4896 6877 8087 3785 2086 1774 3957 3227 741 5529 6132 6462 682 7081 2782 4856 6992 3876 3306 600 1837 2919 8113 1905 1509 5007 9152 60 7806 981 47 2238 3676 7375 5781 8415 1173 1731 2014 3565 3971 8777 4900 6541 5204 5481 6501 8417 8991 5796 560 7506 7883 309 4909 1435 3000 1280 4175 5914 9202 6269 4004 5900 1432
9611 4541 0 6559 8031 1151 7413 1980 2197 9717 6974 7083 4166 3239 5516 9235 4258 8372 6972 732 7068 2728 4386 3593 4409 5965 9867 4027 2661 6704 9839 941 5041 9568 9118 7267 1129 2549 1288 1381 3373 1669 2454 4918 9471 2364 284 6755 6526 8444 1489 1823 2242 8536 1480 5142 7273 7405 3846 5521 8795 8067 5483 863 94 6031 7103 1635 5716 8994 5664 1638 1803 2031 3888 3371 1981 641 1966 6511 582 2867 332 4044 3733 8105 1760 4141 8499 5767 8435 2609 9051 8860 8744 5564 7893 3804 911 7915 7131 9700 590 8270 4010 1538 6364 2802 1556 2344 3972 3650 1664 8526 3971 6102 2594 7324 7343 9301 2162 4999 8701 6636 774 9966 3277 3757 2054 4816 4054 4878 7295 7239 490 3781 7064 7738 8131 1116 3960 7096 1663 9361 4547 177 8949 3817 9796 7956 7931 9871 4763 3524 9189 7920 4699 9769 5685 7766 1424 7024 4580 3073 1756 4789 894 8929 7152 2159 4642 2836 5384 6322 7762 1634 7463 801 7883 4173 859 35 7709 955 2323 4257 5822 3024 7662 2605 1992 7928 925 9432 7378 6888 6675 5082 8411 6422 1632 1435 4490 935 3546 6452 1340 9756 7720 5612 4944 8778 4840 2786 1664 1678 5254 8088 9230 873 5001 6091 5367 3322 9548 4969 1690 5531 4592 3826 6343 9126 5526 5588 5841 3206 3590 1870 1589 4330 3137 9617 4417 7853 8848 6672 3564 4840 9088 1980
6576 1424 6559 0 1059 7900 8128 8316 6333 5182 3705 1441 3236 3349 5744 1025 9792 2745 157 8014 6814 9436 5119 2371 3168 5085 5050 7215 1590 3155 2034 3802 2585 3609 336 6141 9332 6252 1065 7159 241 6919 1036 790 7639 3304 3372 3973 1025 4875 3226 7287 8351 2428 7404 1797 2966 7407 7739 3248 7589 4843 5918 8824 3925 499 8586 7219 4060 3568 8835 3222 1075 4840 9725 9861 843 1388 9517 274 8357 5301 188 2189 1977 7739 7319 6606 5998 8112 7754 9509 959 1850 6410 424 560 471 828 123 8058 5786 2672 2258 8224 1263 213 3351 5129 5133 4392 8718 2796 2889 6787 9804 532 188 352 2895 1537 1432 8670 6267 5200 7905 8119 7478 2960 7097 8556 331 3996 9082 2037 3499 8865 3763 9218 3963 324 8376 772 100 4773 9187 7552 1576 179 9361 3248 2994 6939 4149 7060 2222 6973 6487 6688 2453 2455 2078 9757 7883 6717 6742 3870 2591 508 770 4033 7476 7633 7214 1517 4940 7436 4833 3348 4542 2708 9898 7539 927 6778 4452 5195 883 42 1825 4528 1995 7526 932 9248 496 8601 7028 7312 1964 9721 4708 8807 7894 1319 460 3294 8706 3596 2393 8785 7845 8845 6379 9835 5674 526 898 1552 1745 3998 5327 5050 762 4426 1881 2098 4976 6284 690 1178 9708 3452 2823 969 3536 5124 9485 6132 374 9034 7818 835 9047 3640 1145 2210 8914 6517 6763
4009 6649 8031 1059 0 3217 6223 7078 9096 8499 9223 1199 5567 2163 4078 5978 318 7433 4900 4327 4999 3457 1259 133 1415 3559 4510 6515 1564 9488 7144 7318 2227 8766 3222 8611 8561 321 6343 9659 8903 2770 6105 2303 4193 1935 9348 7578 8997 1501 4148 6896 169 8905 9515 1509 1593 6838 4459 5600 7264 5345 3338 4893 1806 3616 8176 327 6698 159 5774 2423 5421 5460 4747 786 1794 6333 5496 7785 9977 502 5902 7908 2294 4508 7483 4698 5767 2763 458 7490 8721 3666 4585 6874 7297 7549 9181 532 85 5764 5060 6192 8493 718 6464 3228 3996 2220 252 3273 8927 5708 2579 9125 8081 9762 7832 5049 9133 7940 9247 7382 312 6612 5581 3293 5636 3847 4884 5733 6511 4870 9712 7879 8082 1962 3004 9737 1326 7997 9291 3401 4313 7644 4566 5774 1157 2743 4567 9713 5488 6924 9426 4330 9584 9894 1415 1138 3563 337 9427 7052 9980 6162 3067 3787 2981 4342 4202 5236 2077 9336 8341 6247 7136 558 2244 9147 2010 3112 3896 5105 7267 3512 7589 4244 5836 1662 8860 9442 3335 3968 3826 802 9292 6376 9671 3673 2838 3541 8608 337 8194 7728 9881 9551 6986 7951 1981 877 1860 5516 8055 702 9025 9204 1332 7233 3131 8685 6814 6628 2802 2471 3525 4141 3245 3610 5358 9377 259 2419 5956 7802 8996 4027 9672 4223 4068 4330 1071 3372 9324 1314 6865 7711 6291 707
164 5105 1151 7900 3217 0 3331 293 5781 8402 3373 7926 2564 4697 3802 5594 7835 5944 396 5845 6800 5503 7744 3682 9928 5287 4438 3858 1655 4586 8488 1948 7312 2527 5572 263 8094 4311 2127 2754 7436 9176 243 8000 4006 930 6008 4281 2891 9778 3056 7818 2123 6379 7049 2619 9506 1664 302 8343 6065 9041 2227 2064 7020 2028 332 6246 5984 6111 1029 8257 56 8521 6942 1686 6546 3746 5603 8454 6684 9164 7805 2126 5107 169 9062 442 7900 8623 6531 8212 2300 974 8520 905 7308 1712 5938 3502 1219 9933 6348 2645 1555 5322 1871 8555 3609 9094 9808 7652 4201 7840 2610 2224 9162 2808 4056 2260 7646 4878 1534 5762 4115 8219 2672 3122 850 6762 5828 3105 6676 4467 3314 709 1821 997 5467 758 6178 1278 212 8498 1583 1947 5838 1285 4382 7056 232 3014 9228 1342 9984 280 5023 7451 339 300 6502 9524 5311 3095 2234 8787 8215 6407 459 2067 2486 2297 3604 7775 5189 768 2109 1844 5838 7215 9916 2374 5102 624 8373 5352 994 3148 1039 782 8909 3477 600 4186 4958 2513 3653 4135 4822 1855 827 7551 2132 3545 9271 5044 2687 20 3037 5917 3456 3355 8085 8424 7912 4136 3545 6565 392 836 840 5481 485 1424 6175 7407 340 2468 2912 5877 5688 6252 6014 7364 3623 4345 1188 1500 713 8068 9806 7414 7836 9759 8563 4154 66 1510 5125 5179
3463 4193 7413 8128 6223 3331 0 9096 1577 9757 5456 7357 8636 7619 1321 909 3733 8522 111 7968 7598 6846 2364 8693 9686 5104 3311 2790 5472 3643 8351 633 2858 787 583 5662 4189 6264 1076 3694 5905 1008 6779 2156 5984 1136 7688 8379 6 7551 572 185 2223 1530 6919 790 7243 4491 8818 4238 4946 9740 5116 1491 5137 8169 8736 733 9180 7489 193 9563 4960 8621 2647 5310 7003 1942 5215 4194 6866 277 3549 7112 2573 4862 3230 4931 3801 3901 6033 9977 2247 4126 2537 529 4529 5261 3032 3286 9202 1157 9185 1382 7745 9713 6635 9656 8627 5569 4785 5975 1473 1099 2999 4373 2747 1067 4221 859 3157 3225 5605 3871 9784 6395 2752 379 693 8535 6428 5594 9060 1565 8241 7220 7740 4273 3629 2151 609 7687 4863 8549 321 771 8012 9428 2338 4441 7040 6066 3852 9197 2781 7482 9651 3715 7686 1597 7958 1262 8926 3705 3486 3527 1002 1316 5379 9917 8229 2860 5560 508 3348 8581 4490 2689 1139 6298 6506 6883 5646 3103 1991 4235 3260 7206 9284 565 1547 2214 3961 5774 3245 9054 7607 9151 3054 9568 8977 5483 2544 7544 5710 6770 9113 6432 4198 2679 2258 6278 6872 9034 3314 5560 2321 3266 4916 5532 1276 6059 9654 6089 9271 8757 8934 5427 1425 2713 1615 5031 5582 2719 5866 5178 2952 8783 4591 7728 2297 3819 4078 8580 7398 1107 1598 4610 4721 7781
6031 8673 1980 8316 7078 293 9096 0 7495 9418 1979 1038 1001 9473 3182 6843 8653 5956 6542 8867 973 516 8167 1942 9330 8281 71 6236 1505 2266 4132 6969 4561 6646 2854 9094 650 4227 8936 7718 30 9203 2206 3186 1169 9329 9375 4782 8299 5008 1999 4195 1447 8200 6059 5279 2740 1391 6128 5508 3015 5626 9688 4603 9149 4553 5280 2047 5139 3301 3913 5689 8099 7653 6000 542 823 9771 9156 9219 2513 8494 1877 3584 9016 2470 5692 659 8818 8302 8893 2103 9140 6645 5505 4917 7780 6660 3231 6599 3203 8555 8286 8649 168 7837 789 2019 3039 4059 9678 257 3202 8075 5345 9785 9608 7166 3128 7300 6298 1074 493 615 5329 1584 7199 2079 3045 1000 506 4971 8170 1812 8785 4715 1122 433 3929 2674 4770 5003 4642 6171 3656 1287 4761 2631 2529 9930 2614 2066 1228 6855 1934 3796 4225 3799 1557 667 3205 7827 1985 846 7478 6154 7533 3829 2637 3167 5495 2002 7488 2118 8873 274 6470 6676 1147 8543 192 4444 9217 2122 8817 5267 7193 4886 3946 4279 1193 4617 5085 313 5079 4159 3596 9200 6153 3286 2138 9650 9757 7510 8840 6487 336 5790 3051 3137 3399 4655 2798 6920 8231 6971 6566 8848 2650 6092 1410 6722 8981 3011 8480 3395 3541 1701 6835 8046 824 8954 6820 7734 4402 5971 3122 9125 7513 9890 7174 1059 946 4516 4952 5739 5546 6587 4968 2204
4587 6414 2197 6333 9096 5781 1577 7495 0 12 8172 1188 7043 2436 7157 2904 4097 748 2782 6176 7794 4680 8754 9413 1037 3661 5952 6883 9975 9517 420 5953 7727 2946 3906 5809 9748 3137 723 6655 2662 7734 9382 15 1023 1346 9858 9840 7596 946 5435 2264 4099 8949 6144 3490 5099 5445 997 9265 9006 7373 7277 9483 3600 7087 8531 7093 3286 2218 3082 4556 120 6139 1732 5145 8432 3118 8984 3663 5728 676 6195 2014 5583 7628 4096 9870 8203 2396 8806 1238 6958 2109 4108 8674 5740 8543 9898 3452 9228 5467 2049 2299 9117 4607 3177 8376 913 8670 8884 9571 5859 862 3793 7043 7864 7574 1485 5436 3612 6627 8430 4071 9568 5954 4442 1107 2524 6659 7698 6323 9332 8322 6431 977 3414 5305 6984 6086 4937 1437 7294 3834 4009 3778 5895 4103 8146 6960 8262 3554 681 1964 2401 6459 6238 4559 589 4896 4149 9215 5319 9398 5348 1123 8660 8573 1452 1514 7466 9067 9355 1835 4489 6339 7477 5332 3856 956 1076 1776 3211 3532 896 4960 7561 9170 1665 4491 3212 7751 4117 6940 4132 517 1346 4883 7702 4669 6856 3103 9581 8008 9964 7937 2355 1394 1528 2987 3480 1256 6960 7441 3478 5439 1922 7427 2817 8457 9636 813 1927 2773 134 3820 1086 2531 186 9746 7786 3220 9806 3067 7139 6607 8314 7561 3537 9004 7496 6550 4190 2438 2851 9843 654 440 8448 2853
8591 4873 9717 5182 8499 8402 9757 9418 12 0 5656 7066 870 8388 140 2500 2020 7201 7089 9767 689 9849 5531 6718 4589 675 9837 9133 8923 863 8411 6606 1087 5536 3530 6206 9809 7078 8338 89 262 6534 9194 9673 9016 4696 8008 7672 9923 5049 1082 5870 5423 5520 9938 6134 877 279 391 3005 7513 2106 372 6344 4357 2739 8248 8601 8832 9085 3185 2871 1283 3002 6217 3284 5987 3025 3772 5363 6221 7267 7972 2817 5681 7088 5944 7452 3337 2528 4022 3746 4282 417 337 5254 9204 4939 6855 9737 8157 8721 2185 9067 3782 2138 852 959 9685 9108 2552 9430 3872 278 2671 1670 7235 2424 8056 5839 4440 3501 6376 848 668 9082 5087 8173 9359 1509 4695 978 8614 5292 5110 5255 5993 2347 73 5400 3618 8448 9595 330 4551 5595 9462 8672 1629 5782 9566 4174 5510 5421 6800 2855 2589 8615 4971 5874 5658 1960 2960 3524 8061 8640 2522 8783 7461 8316 2708 5921 6231 6218 8217 556 5590 8378 2636 2034 7524 1239 9699 6214 5765 4922 9541 1626 1450 8676 1132 2289 2718 9043 739 1963 8173 4456 5782 2202 6050 976 4526 7613 2004 5914 8553 6413 964 146 1843 547 274 59 3024 3242 8485 7440 203 9353 2014 8887 6096 440 4363 8661 473 7765 2239 2034 9922 9610 6723 7005 5875 2686 6739 731 4952 2216 4294 5512 7829 451 5207 2842 4388 1928 394 5401
9942 9292 6974 3705 9223 3373 5456 1979 8172 5656 0 3122 9212 3938 312 9754 3133 2092 8446 3883 5735 5148 341 1318 9745 558 9187 3453 3515 3873 9016 8266 4762 4344 6534 1078 4523 832 7925 8472 9928 3093 882 8470 7014 9817 5913 2276 5663 1112 2920 4578 7357 9031 8731 8291 3772 4609 2195 476 9658 1941 8256 7377 2075 3559 2918 6368 8313 3849 7863 6249 3734 6053 6268 7902 4969 1942 2936 253 1884 7266 9455 5502 4388 5694 3440 6355 1085 2896 354 925 8749 2892 1661 6553 6545 1722 6327 6362 2851 1639 2866 8071 1107 3131 6970 6972 3927 5307 6192 6501 7874 517 8171 6164 13 8596 9578 2817 8369 8744 6804 6958 8953 2555 4627 944 81 8184 4217 2153 1211 7894 3985 2207 6870 7476 3234 5493 4718 6747 7984 7658 358 2933 5299 9285 4880 9336 7311 9842 797 2481 1983 7743 3962 6542 3072 7071 3669 6866 8505 6573 8859 604 5501 6811 8286 5271 8430 2657 7065 6572 3455 1571 8951 6350 1634 4673 9424 6472 6856 2912 3522 904 4297 8942 7910 6551 9507 4828 1482 6063 4613 2558 1272 1842 7497 3160 95 108 4200 2351 4071 7874 9329 5536 3351 9250 2884 4439 4790 9808 6304 7514 5243 7124 3475 91 5004 6025 7249 8236 7857 9425 8090 1154 3355 2547 3664 6994 6176 5475 3408 4258 997 6385 5099 6473 4105 8193 8680 988 9921 228 9157 8363 7416 8662
5291 7972 7083 1441 1199 7926 7357 1038 1188 7066 3122 0 861 6687 4927 9829 7029 5804 4936 7152 5539 3247 7912 1755 1028 1837 404 786 105 2987 9455 1612 9901 8628 3379 4734 5978 4920 7990 9652 9197 9656 5368 9899 1776 86 5880 362 3787 1734 9773 8190 2343 758 3405 9018 1135 4154 6629 4898 9250 6435 2612 6873 4794 637 1218 3976 8136 7077 1921 4195 7525 7464 6493 3443 4720 9808 5379 7647 4193 3057 4115 7248 1726 5925 4813 3432 9246 2422 8399 5190 7607 6211 3585 5087 8421 2093 780 841 7412 8054 9418 6521 5840 6519 1231 3916 6614 3044 5962 7325 2918 4571 289 3907 5577 9008 7038 3968 297 7022 2973 4832 9574 5822 8873 1847 9015 2590 9576 8022 6922 7812 8492 3417 5555 8890 1678 5288 9602 2756 4128 9483 2546 6901 4547 8003 1347 826 3663 8507 4177 1491 2349 4060 3451 307 1057 7451 9025 1165 5999 9601 1256 2660 9318 2626 3039 6592 7223 3615 5454 4497 8092 3573 1652 474 3650 7372 3115 8658 1026 2476 2571 8143 7335 3055 2962 8939 9776 8927 191 2155 24 3951 7800 5371 1011 7283 4815 6527 1059 3887 4116 8004 1901 8249 737 5403 4964 9420 6534 6284 8132 1962 2640 1949 414 73 3639 9097 8500 2259 9761 3192 1848 9018 7066 6366 6193 349 6560 3074 9854 3426 500 6687 269 4700 5350 6001 3776 1946 6432 3086 4769 7640 3591 9178
6595 689 4166 3236 5567 2564 8636 1001 7043 870 9212 861 0 7818 1884 3963 4086 8894 9049 1707 5321 854 3953 7191 7353 3753 4752 3388 8747 1019 8430 8028 3721 5222 8310 2243 650 4863 3856 6855 1634 4994 9000 8957 2094 1405 2316 4161 6102 8683 7967 4597 9044 9293 5998 5607 8524 3965 4270 847 7330 3367 4794 2006 1843 9037 249 607 2514 1430 8259 1448 5809 55 1315 34 6505 5024 5913 9634 2605 7198 8021 6796 6189 947 4720 1580 5361 8434 2496 3725 9593 3766 1108 6853 393 2818 3389 7004 9756 1657 3156 2357 5211 7984 9824 7482 1082 4191 1702 2113 2682 2528 1622 9130 819 1671 6508 387 6489 825 8839 7831 7545 3744 9610 9861 5270 485 3276 3760 9290 918 6503 8039 6250 3916 7193 3390 8919 2171 1110 3119 6910 1844 2958 6237 6138 8743 1702 4185 9239 1660 8957 6987 2823 8519 3001 4638 2446 7459 7469 4103 3488 1231 1066 4620 7469 6840 3813 8254 2269 7426 8666 748 7188 4905 8937 5549 738 1028 7082 4783 3345 8241 7750 3237 9683 3572 6151 7862 1641 3446 3383 6252 3557 1688 9548 4762 1310 5661 7564 6701 3268 8238 7231 7286 4068 9066 8689 5616 9999 1366 8487 4773 6516 9800 9886 1329 9393 8336 7565 3109 7901 1055 5431 1661 3817 5701 7978 6087 2218 4346 5915 4375 1085 5920 7610 3946 8758 471 2335 1975 9986 971 139 5977 3065 2843
805 2028 3239 3349 2163 4697 7619 9473 2436 8388 3938 6687 7818 0 2033 3269 3386 7634 1013 6505 4832 4225 5623 2983 7381 4976 2769 3688 6354 173 49 599 1956 1696 2213 7750 1416 668 2574 3439 3777 7182 8172 6558 6123 1203 9377 827 1936 4851 8724 6763 3775 2147 8846 9713 7265 4163 3527 8487 8309 5590 8169 6975 7233 6802 1576 4078 2732 6572 810 6404 6994 5741 7894 5308 8037 8353 2391 832 8185 5043 5099 9454 3362 8539 7426 2536 7202 4948 407 8017 6764 3764 8755 4854 7289 8268 4284 8685 1687 3451 9546 7410 2468 9120 6669 8272 4389 8343 6747 6079 5028 6343 2831 9276 5057 7648 6316 9755 70 9502 9850 996 8875 2599 3967 9054 3985 530 2411 1256 9970 4332 8364 2166 3672 2710 3492 2178 7373 7762 6129 4112 4399 9210 7963 598 5521 4447 9059 1750 1004 1694 5741 2158 1646 8715 7079 3502 5738 4099 42 2052 161 7719 937 7263 7263 1125 4427 5225 7119 3190 6214 6257 1872 2273 367 4994 8520 8214 5468 6847 4480 2026 4084 1989 8334 563 2212 6595 8943 9629 9323 5939 9792 9810 8862 8893 7124 5014 2558 7257 1653 4688 4569 6129 5394 7517 5572 9353 7583 6792 791 3192 8445 6638 4275 3439 7789 8168 602 1128 7850 1300 8463 1520 3605 7317 9761 1460 6470 6493 458 2234 3821 6326 3727 1442 638 3798 6489 2886 6923 1038 8716 2078 4040 3848
7627 9366 5516 5744 4078 3802 1321 3182 7157 140 312 4927 1884 2033 0 899 4391 3524 6977 5372 1414 29 561 2285 208 3610 2270 1691 1883 4569 6955 9408 6848 8035 6859 9555 8149 529 3102 9726 2572 1521 1902 3601 3691 6659 6757 9641 1693 1585 7033 3341 3691 3420 3901 6544 4843 5924 8777 6732 3468 4138 3091 5210 3540 2001 8581 8376 7727 8155 1116 1084 8590 8434 2004 9246 9295 7814 5449 4797 2077 3453 5686 952 5984 443 159 6296 8560 7960 5320 2968 28 8903 8052 2951 9192 8213 9346 3904 8511 5680 799 4794 5799 7667 9040 8825 6202 1997 7920 728 5247 7552 6871 8248 9114 5916 8735 2532 9497 5442 8010 9189 3260 271 574 6976 8407 1189 95 2508 4612 2636 9259 5331 6018 5809 8871 9253 537 6405 2971 3611 3269 1363 5281 4984 9035 5467 2796 9345 278 4715 6002 2560 9691 4555 7026 1415 8272 8494 4854 5172 4505 2056 7883 3518 890 7149 8954 5248 9419 9268 3497 5275 3954 9886 8850 5325 5942 7278 1923 5678 1647 1473 4803 4905 3479 3214 3532 9208 6139 6694 9299 8127 1144 4632 6689 3941 3521 7671 4777 4798 1895 840 1568 6314 5308 3520 212 3759 3805 3238 1286 9867 9178 4135 9771 8414 6173 3995 6689 5236 1222 2739 1091 7562 2627 5997 2683 467 173 9634 7484 404 5239 7611 5583 1566 99 6463 5045 9015 2803 9790 2503 7431 6153 9540
2807 71 9235 1025 5978 5594 909 6843 2904 2500 9754 9829 3963 3269 899 0 2856 5483 2846 2368 5791 4457 8634 9660 1877 2401 8233 9320 8196 1334 2736 6986 9388 5158 8628 1361 9276 3448 7180 9433 2900 6692 8917 5307 7138 5284 9459 2853 7862 2353 7747 3315 5419 9622 521 8776 5406 2702 8027 4607 9113 5313 6553 9736 6813 4939 1230 4176 8835 4562 5642 4819 578 2984 9551 6282 775 2527 9781 3637 2870 1329 5133 1556 9770 243 4236 7572 2002 4362 9414 3164 7984 4443 2423 4375 5679 5006 9679 2188 2924 8344 7299 7735 9742 7344 2100 6032 4665 4427 5346 7559 5923 1315 8763 6210 8777 1175 30 6632 2924 9111 79 5914 9379 7631 1846 8702 4597 6508 155 371 2377 2252 9508 7346 9021 4493 4668 4862 2011 4786 2535 8905 1087 7082 4974 1677 5909 5085 8913 975 8173 7973 4770 5416 8339 3374 5070 8696 6646 6728 6886 377 8987 97 8382 7298 1453 6618 7053 2450 9182 2453 8980 6323 3678 7262 1368 6345 1369 6275 4211 8480 5857 1926 7 8774 6311 7445 6069 271 5875 6008 6005 7880 8288 6592 2354 3193 4125 2153 2199 5940 9135 6691 4514 4773 7804 9485 3360 3782 7154 3227 4183 224 8866 4771 8408 6863 5727 8090 3879 6008 3002 7102 9921 5491 9410 8319 9403 408 1717 6557 6239 2550 1749 6086 1670 4524 6273 5858 6573 8338 710 2 2440 2126 1849 8463
8906 3190 4258 9792 318 7835 3733 8653 4097 2020 3133 7029 4086 3386 4391 2856 0 1613 9406 6242 9493 1411 4875 8850 3555 7859 8053 119 4077 412 606 2914 9512 2063 628 5858 7032 3086 9787 2673 5605 7479 5217 1495 894 8943 5512 1765 8447 614 1856 222 4330 371 7561 7491 7808 9828 3199 3139 8880 474 8167 5590 6957 6116 6227 11 6780 8315 7589 8433 4318 5111 3306 1399 1951 9352 9376 7862 8749 258 6054 1567 3634 403 3093 6470 7760 5392 3800 4432 4305 7048 8317 1250 3005 4084 330 3557 8257 3026 4600 7730 5578 1375 6519 4521 1956 2330 6982 9000 471 4495 3763 1453 8099 3544 4517 8760 8672 5389 4898 3704 6335 1466 1549 55 7635 5434 1631 4342 8091 281 9548 1137 3178 1633 404 1668 6785 5580 9211 2945 7334 7032 9841 6978 5036 6625 3095 8064 4729 8078 9676 6598 4084 1855 97 6309 6569 404 854 9838 7095 9106 1778 1072 4234 5396 6223 8174 9957 701 6398 292 1559 4777 4524 6456 8927 8285 7698 6752 806 6280 393 6419 6946 2282 1943 2621 7056 3807 263 5926 8266 5134 2367 1366 3128 1650 8499 6806 517 2652 7501 3763 8727 8828 2280 1106 4602 7750 8303 4520 5055 7862 8075 7905 9207 1729 604 8796 5775 346 5650 7718 3174 7395 1009 7674 6062 4025 5932 2427 904 5109 5942 2134 3536 2833 1983 569 4710 1907 17 5752 3865 5163
6022 6514 8372 2745 7433 5944 8522 5956 748 7201 2092 5804 8894 7634 3524 5483 1613 0 3089 7566 8884 6277 3986 1071 8638 6858 4849 3763 5375 2490 9652 4842 1962 8640 4425 5713 9707 3760 5807 9704 528 7933 5900 1992 4213 9159 3593 2009 7539 8895 3263 2053 7494 9845 1847 7195 5801 4717 2195 9029 6914 8388 5294 2598 5844 8087 7055 6673 6817 7986 3328 7670 7107 8486 9152 8164 5104 3500 3222 3141 2658 790 8710 5552 9477 2693 1468 4163 3489 7928 8434 17 3466 3510 2793 4637 2682 1831 2189 2348 1410 5192 7993 2884 122 1740 4695 4500 1088 8416 7855 5445 4691 4584 6769 260 5082 7365 1848 2043 2093 4582 8385 5404 5016 6855 1663 7024 9074 3655 4671 5633 5746 8477 8444 9464 3632 8877 7083 4827 3972 8262 7228 2514 3442 3754 6190 5998 7855 3275 4184 9251 174 6044 5713 5317 1772 6960 6280 3143 4318 2 3197 5833 5369 7941 9484 6385 9924 244 8343 2472 2621 4142 8463 2869 194 1507 7931 2180 114 572 899 5515 3288 6550 1657 6667 177 5177 9408 8583 7863 8223 9633 6113 2717 4265 9628 784 3367 9077 2540 4459 5255 9282 874 3061 5587 2371 623 1612 515 2842 991 677 8844 6924 4480 9842 1013 4774 702 7593 7683 9333 1904 2731 8721 8769 4224 5124 8507 2851 3247 3495 6672 4133 9854 9446 6982 6590 1420 3553 984 3047 5056 2175 1889 1258
3143 419 6972 157 4900 396 111 6542 2782 7089 8446 4936 9049 1013 6977 2846 9406 3089 0 2625 4342 401 1206 5805 6890 4015 7144 6139 3266 2868 9215 1797 9322 1353 8956 8829 8456 2569 4500 2031 2663 7446 5896 4439 9105 6834 3227 2021 9603 2905 5127 5248 225 6246 1234 7726 2961 9865 8163 4940 1670 288 4058 3938 2202 6482 4474 3744 5576 6321 2530 7233 2687 464 4470 8513 5696 3297 3188 8478 8185 6710 4617 4100 1324 2657 8002 4812 6778 7998 3808 4573 6908 5716 9883 6012 3781 8038 1223 1783 4308 706 7851 1352 4032 7467 8038 3800 666 8593 6289 9612 9550 2693 7595 6432 9158 3557 9423 4832 5015 9209 8077 1235 4282 13 557 3624 4104 4406 4125 4788 695 4500 8332 4890 3100 9700 8869 5512 3846 5449 1433 987 5281 2104 212 7208 7370 5235 3885 579 2478 3231 3688 2575 4768 6255 7435 5609 410 5636 7902 1488 1988 8980 5547 5421 6433 8165 3110 8017 7582 1694 2907 6772 1446 6976 5699 337 3540 5409 8650 2066 5059 4306 6195 362 2295 3245 8369 4267 6120 7620 6652 3215 5317 8452 6518 696 8453 9742 4630 3260 3435 8920 8828 1255 5932 461 2543 5936 6069 8845 5182 4940 730 9870 6101 7733 5046 7087 2749 2850 1793 3696 6675 1839 5610 5015 6246 7944 8966 1248 7964 2519 5900 8473 93 3341 6440 7887 2890 6837 9283 7999 1362 6177 335 3367
3155 853 732 8014 4327 5845 7968 8867 6176 9767 3883 7152 1707 6505 5372 2368 6242 7566 2625 0 3201 5292 4709 2543 8787 4948 8512 287 5691 8551 1292 4652 9364 9055 131 6219 9528 9040 197 8184 8609 9671 7965 2244 6670 9421 1067 190 3132 7103 7268 180 2536 7087 7887 6142 9761 1435 9862 8400 9625 9566 2102 4965 9394 8923 7195 8818 3656 7692 6509 5976 5879 2804 7794 9030 4701 5052 2294 8177 8158 1998 1903 7435 2099 5247 3783 8645 2102 7927 1737 7377 7616 6162 9768 5873 6888 6283 5419 8825 6980 1141 5093 757 3348 1316 9112 886 7425 7874 793 5168 2035 5822 8024 2506 1928 5036 7507 3183 3354 8673 9027 9170 4524 7874 8019 2223 6631 2923 9649 8773 1792 5463 2736 8429 7246 7911 1032 1198 1122 2063 8302 4063 9944 8850 2437 6345 5390 6160 9970 2708 6178 8977 2829 7670 9684 9404 8967 2445 8562 2827 5587 3808 7775 3338 1660 3148 6259 2588 2829 909 9780 5788 8842 1028 6563 519 9602 1291 6507 9278 9786 7775 8462 4834 2075 5496 4441 5025 5266 3313 3521 5832 5908 7125 1942 712 297 9491 8767 3642 7867 6071 3957 4878 2107 3554 6703 3181 7156 3253 7704 6360 4058 2245 8156 3791 8087 535 4368 6592 707 9935 5539 643 6834 5939 2709 8064 7794 2076 318 3478 2509 6179 640 3899 4520 6051 8041 9375 6327 3824 2270 8057 795 3255 1470 5511
9379 5403 7068 6814 4999 6800 7598 973 7794 689 5735 5539 5321 4832 1414 5791 9493 8884 4342 3201 0 8797 3180 8108 6581 731 5729 8111 5960 7008 7030 2580 4729 3571 1048 2830 910 9629 744 1483 6869 9176 4365 5649 9379 8594 8728 5915 5346 69 6315 4857 2526 4294 2585 8963 2245 5058 6994 1270 6085 9171 5774 6753 8182 6249 3151 1628 8450 2443 2434 1749 4057 5005 8998 7072 8402 3038 2490 9314 5793 6594 7523 1268 3146 9943 2836 4804 106 6478 865 925 903 7411 7002 9556 3896 2525 8813 3107 7432 2448 2169 5809 1026 8432 6255 7599 3122 9859 1307 3613 3890 9607 8476 2011 4119 7228 3914 8001 4258 3801 1952 7398 7736 5977 649 733 3899 5087 9539 9720 2002 1992 4093 8897 983 9541 5893 3803 3726 7803 2228 2768 9803 3379 1260 8069 9379 9747 4222 500 9980 2902 9980 1649 0 3402 3500 1880 6325 2525 2495 4307 4643 8134 7491 2929 7271 7684 6165 6133 1382 8255 693 9841 1534 505 9153 3168 9415 8428 8535 7220 7812 6291 4869 6545 3298 1493 1176 4683 1700 237 2912 5443 7982 9307 899 2513 8218 1837 8577 1660 9199 9862 8782 9717 816 3888 9598 1911 2418 2694 9228 1241 1528 2561 5761 7785 464 5674 4586 8696 5800 6156 9126 5933 5375 6047 7198 8294 6745 3693 4225 2049 6995 5753 1417 6316 6663 9167 555 1369 5220 4549 6576 9636 6639 447
9558 1596 2728 9436 3457 5503 6846 516 4680 9849 5148 3247 854 4225 29 4457 1411 6277 401 5292 8797 0 4619 2066 8574 3048 390 6601 2323 9625 4672 4214 7196 6689 8429 2141 2579 6567 8564 507 8762 7145 7638 3856 2343 9071 6318 2864 5089 9299 9000 3019 2831 1240 8401 4094 6369 783 3457 8673 3421 3804 8992 4396 8801 4702 2122 7648 869 7332 9488 7644 4011 4229 8830 9480 7113 4006 3370 568 9107 2126 3962 8114 7669 8861 2110 856 7161 3748 327 4295 6093 7078 2066 3062 6690 6595 9122 6602 7045 362 7708 8275 3245 8402 4263 7956 4374 4735 6511 2091 9762 9109 37 3851 1806 5578 555 1205 8294 3660 6999 3731 2199 6790 7326 5225 9116 2525 7187 256 1458 353 7457 920 128 8046 6568 3017 1271 1634 5958 2724 2878 2668 4195 4157 4176 8661 7346 3718 9178 8723 2433 9458 4717 357 5523 9868 4048 8427 620 6422 1438 1017 3418 9299 3874 8453 1684 8888 6906 8837 5168 7210 8667 709 5060 8229 2086 1609 28 4175 5029 5830 1816 5039 5130 6987 3815 4853 4374 945 7172 3384 7900 7561 6337 8788 5837 7001 5484 6340 1845 326 9780 6371 8011 8400 9142 7308 4654 9778 664 1228 3343 3354 6860 3614 7119 5409 9006 7251 6523 7632 8481 4852 1631 1422 3212 4003 1853 9768 121 1126 6131 1020 4507 5179 7893 6375 205 551 5615 4078 246 7222 7221 1549
6949 3016 4386 5119 1259 7744 2364 8167 8754 5531 341 7912 3953 5623 561 8634 4875 3986 1206 4709 3180 4619 0 4221 2855 2136 9566 7427 8640 2676 966 7610 2911 7829 1899 4412 9940 5915 5025 6781 7439 533 4415 7435 5179 7964 2825 4045 4199 2211 308 5967 2633 5365 6747 6522 2484 7657 3507 1866 9095 2298 4509 4292 1247 8179 187 1145 9570 3196 952 2381 7816 6973 1552 2491 4384 5967 7329 6439 2907 3705 6170 2982 9141 4530 927 6559 9850 328 8645 7922 549 3092 1913 464 7074 9222 9174 1381 2642 116 8705 832 6881 4872 1883 5487 4075 4952 2426 5884 7694 9656 9191 3858 2839 6515 7903 3765 8212 6993 8860 3777 6535 8907 7553 5339 5092 4750 7162 4296 8 887 1619 1205 5436 435 7195 9960 2386 8604 4411 9148 8812 8374 1286 9017 5 4701 1858 2992 5085 4803 9820 4490 2825 7 7290 5913 3667 9392 6 4046 2499 9495 9075 8978 3798 9229 106 2881 6386 6320 5512 1538 1376 327 4550 9782 3952 6594 7779 6387 9248 8428 4113 2169 5827 2566 8395 2319 4096 536 5543 1315 2334 8788 785 289 585 2443 7687 2195 470 8095 2382 152 6102 9005 5625 4915 1904 8628 8262 7515 2239 5659 5605 4342 2924 4526 2302 369 6164 8971 1488 4309 1862 9370 4024 4034 3023 1600 1020 6102 9666 3498 8508 2890 5431 2546 484 7405 7666 6129 7751 5092 4231 9027
2425 249 3593 2371 133 3682 8693 1942 9413 6718 1318 1755 7191 2983 2285 9660 8850 1071 5805 2543 8108 2066 4221 0 5730 5259 345 6403 5604 9436 3418 7620 3422 1750 1998 7265 3535 7944 7086 6449 2842 6746 9310 258 437 109 102 8660 4114 3285 2252 8061 3426 7210 8007 4855 7752 5284 3262 6445 8849 4417 8693 9989 6392 6192 984 6371 2528 7839 5222 2015 649 347 8650 7947 8012 8454 6865 71 726 4824 3349 4282 6037 857 2756 4413 8407 8493 6199 1777 1723 4935 9568 3517 3212 8169 683 3011 1861 3609 5520 6359 5015 4773 4237 6075 1516 9391 6598 6977 9643 3476 9453 2947 7590 4268 3584 6244 9839 914 8799 4724 1176 9722 506 7752 7323 8730 4326 1538 5686 2603 9970 4629 5252 2816 5024 5744 1332 7552 9803 8345 562 2951 8687 9562 7165 6110 4330 4705 3098 8324 81 7597 2509 1832 8619 9041 7394 3810 6957 555 1786 1322 1255 726 8609 6026 6823 1191 5610 4282 6667 528 9222 8118 4419 4096 1041 2334 6587 1063 9320 9435 3854 4235 3692 1473 4883 596 6172 4338 9783 6605 1052 5883 2901 241 350 5574 2397 427 6005 8891 8003 3268 331 9099 9757 7904 296 1569 4327 7146 9892 6131 4028 4862 7854 527 7747 5272 3105 4566 6456 4824 8466 1717 7868 4865 1019 9107 8773 6161 1751 8513 9653 7292 8259 1900 4264 1136 4 4443 6842 7261 6877 3675
805 1093 4409 3168 1415 9928 9686 9330 1037 4589 9745 1028 7353 7381 208 1877 3555 8638 6890 8787 6581 8574 2855 5730 0 189 9047 7270 486 4610 372 687 6150 1909 8012 5741 1343 1074 2698 9438 5175 6875 3709 2369 8348 7507 6913 3258 7206 3001 6030 3483 1714 7416 177 8192 2579 4764 9701 1761 7411 6429 9793 3284 3813 8707 4445 9632 9509 121 6035 9320 7198 5071 2716 756 6962 5988 4665 2767 9144 3613 9894 4022 696 8513 476 8022 1658 8273 1129 9840 3103 1553 8144 9835 5104 5555 1222 5693 8176 6505 5142 4501 3226 9688 9823 4430 6805 3540 5462 2081 4568 6876 4840 8314 7676 1887 7816 4486 4382 5964 8301 7754 1798 848 2573 1663 5352 164 1761 3599 8685 8816 9879 4056 8866 7730 5694 977 1260 734 6635 4138 8305 6151 3354 1310 2345 4596 280 2805 9176 777 4195 730 5108 1499 6538 1969 3986 8424 4006 7222 3296 2437 4687 4538 7165 1948 3419 6514 7223 1238 250 7609 826 5310 4878 9655 9149 6554 5963 542 465 9485 2434 4788 591 7350 1715 292 9111 5800 9721 8854 5204 1141 2242 7414 1132 7314 1535 2928 1159 2366 6816 1971 9530 8722 3648 7420 9510 2401 3135 1804 5317 2742 1478 9592 7239 3554 5742 1123 1 4151 4031 7616 1122 6881 6880 3064 6402 4499 6913 7260 2995 229 4664 3450 8292 6791 6061 6026 9301 7223 5948 309 7483 3119
6075 8643 5965 5085 3559 5287 5104 8281 3661 675 558 1837 3753 4976 3610 2401 7859 6858 4015 4948 731 3048 2136 5259 189 0 8597 8847 4712 3449 9640 4456 963 1946 833 6854 9105 8463 5282 7535 1375 6527 4085 8786 5495 9485 9568 2351 7325 6958 5375 1383 2375 9794 4974 7384 6939 9991 6846 3644 1491 9309 8069 2180 9758 9565 406 6695 8255 1397 2911 3733 8855 477 1586 9213 1282 8372 5421 582 3002 4798 4073 9516 798 3554 8372 7876 4434 3707 7510 5912 368 5413 2706 8656 6526 9944 5533 4586 86 7286 3136 9964 2543 5686 1917 1428 3210 8450 7183 9974 8882 8655 9554 365 1020 463 3583 4766 3642 1519 2626 5131 8297 4877 990 9591 1505 7302 3267 8179 6322 8340 8403 6123 9078 9173 9229 9464 7722 1187 9834 2687 8758 5541 2227 4914 7064 2913 5196 536 6945 764 8645 3199 4576 8664 3927 5396 4214 1621 530 2317 3452 9962 923 2945 5172 7060 9470 3995 5841 3351 9148 206 70 243 8942 8679 9859 9272 7600 3913 5352 7899 7262 1422 2634 8640 6534 9047 2034 9936 8740 1137 5096 5384 7894 802 9068 7954 6330 7817 4777 7833 8453 5369 9183 637 6162 713 1165 4392 8126 2816 9778 2514 4633 3049 909 2413 4250 1384 4660 6019 2365 7152 5925 5820 1159 8181 3656 3405 1577 8296 8355 3762 8472 3178 778 2988 4377 6431 4573 7798 328 7062 2209 5807
5386 1113 9867 5050 4510 4438 3311 71 5952 9837 9187 404 4752 2769 2270 8233 8053 4849 7144 8512 5729 390 9566 345 9047 8597 0 1923 7597 3618 1853 9386 1688 7005 8367 1264 1729 5679 8995 2537 5964 5218 4156 5684 6611 5567 3046 9722 7941 5896 7625 6635 4021 4263 782 6106 2142 7427 7683 7801 7107 6473 1395 9510 7703 3802 6753 756 1708 7251 31 3229 1188 6398 4781 8004 4376 2852 6467 6153 7658 5506 8595 8941 9358 324 1813 9422 838 7735 1329 3013 4453 4907 8273 561 3782 8388 4144 8912 3519 5990 9296 7928 7875 1170 733 4720 2699 4648 8500 1 8887 6741 9672 5568 9244 1536 6580 548 4005 6626 5799 4439 6354 4344 9143 9897 6191 955 1852 4112 3492 2787 6351 6238 6228 5810 7368 4657 5345 1063 647 8899 7799 1180 4044 5515 1528 4731 6624 1616 7346 210 9955 3522 5646 6664 187 8307 2895 5076 5376 1958 567 2520 4290 2095 2971 2791 7113 7304 3277 165 1356 6186 6709 4910 9762 9932 8347 10 2508 869 7092 1387 1780 4443 6641 8119 8003 5036 6553 33 5451 2801 2154 7234 7732 4519 3285 1857 8343 3942 4024 4031 2715 6300 1534 3438 7774 2647 1689 2312 1897 4087 9392 9662 4296 2388 7633 7618 5361 5129 1039 1559 286 5293 2286 4410 4249 5998 1767 4698 9039 2804 1672 8487 9993 8884 7903 1157 9778 6350 3645 6553 1025 1206 7585 6623
6030 2043 4027 7215 6515 3858 2790 6236 6883 9133 3453 786 3388 3688 1691 9320 119 3763 6139 287 8111 6601 7427 6403 7270 8847 1923 0 8377 7913 3199 3143 6170 5696 7393 3991 5128 7625 8872 4774 9104 5699 2652 4804 1133 8583 5452 938 7751 3104 5210 8259 3616 7364 6515 1071 3367 8080 5141 267 4062 6342 4601 2005 7612 6586 5948 3813 7279 9631 2847 2124 8876 2746 5877 6071 8598 2036 4152 3136 7554 9247 6941 8513 4324 1110 7536 7368 90 7164 1242 9300 8496 4966 9310 3484 6112 3062 3928 1126 7437 7475 8371 1169 9501 6976 8879 1195 9298 6722 3833 4935 8184 2867 3293 9348 1410 1836 1114 752 7740 5835 8871 6038 9171 4757 8620 4601 1988 7439 2530 5997 5282 517 7906 7978 4056 6265 950 9556 6878 817 2288 291 2947 8786 3294 242 6158 7892 5146 1275 8782 8191 1247 5013 3548 8292 7003 582 4077 1384 9211 827 6826 7230 5748 4331 6560 1303 2580 3920 7021 1536 6726 7916 7141 4526 3764 1322 5263 2274 3502 3743 9276 2285 2711 7549 5087 250 1095 7086 7743 4048 6165 7960 2402 4492 2657 748 2827 5840 6281 6451 21 5637 7708 1305 6518 1680 4364 6854 427 3448 2264 7903 5921 7219 5452 3667 9999 7915 6086 9905 440 379 1422 3058 7687 5791 8375 521 6255 4843 6735 8202 8105 7702 6014 5792 4192 8492 9649 5991 5734 5737 5835 8452 492 527
921 2170 2661 1590 1564 1655 5472 1505 9975 8923 3515 105 8747 6354 1883 8196 4077 5375 3266 5691 5960 2323 8640 5604 486 4712 7597 8377 0 4066 3082 9822 2434 1851 2474 2588 7729 5595 5740 4186 5265 6562 969 1947 2870 5531 4106 2602 9638 219 134 3248 2521 4044 1582 8366 4671 5508 7335 4422 4456 6273 5662 112 6578 7845 4760 9098 2397 6821 571 9601 6183 8973 4370 3703 1999 3001 2435 9235 5280 4056 5893 3421 8441 978 6319 4928 635 1556 5619 7643 8461 5902 4102 7591 4696 487 5048 1940 4676 5507 7967 5510 8228 7425 8727 1637 1089 3900 6879 7997 6360 8535 5703 4909 7733 3276 2383 2802 7340 2620 7680 4055 4840 3360 5530 643 15 6220 8299 6669 331 4710 329 1947 8251 3257 2487 172 8648 374 7221 1758 4246 2948 7373 2223 6114 4872 6599 6780 8893 3052 356 4146 3942 5975 3170 7266 5587 1864 6477 6148 7986 4850 1610 2584 8778 314 1171 5161 5075 8531 3372 2402 2883 9482 7106 8300 7135 142 7174 2501 9427 2423 3741 7798 7734 3030 2208 5625 3697 7381 9383 5435 28 9190 2863 9338 5500 3861 368 4903 1802 2331 7729 3474 2339 9639 3991 6155 4020 8405 8389 1690 2908 7102 4726 7726 6123 6218 683 7419 6057 8224 5862 1335 4916 6770 7950 5511 7540 8350 3320 4368 6561 6171 251 3176 3572 5956 1013 4684 7927 6062 3212 7027 4725 2210
5675 4123 6704 3155 9488 4586 3643 2266 9517 863 3873 2987 1019 173 4569 1334 412 2490 2868 8551 7008 9625 2676 9436 4610 3449 3618 7913 4066 0 8968 802 2069 9561 9694 9210 4088 6483 7028 5744 3803 6200 6517 6049 346 3004 4959 2453 3255 1546 9220 7821 4257 3820 9647 6232 9703 5251 6537 1911 7270 7977 2725 5010 9899 7493 4058 6039 8689 8620 1406 7698 8487 2657 3608 9459 3101 5390 7324 4721 3282 879 2920 5175 5278 9994 6256 1870 479 3586 6773 5724 4662 382 3725 4236 700 4617 4792 5983 6009 4437 7041 4093 9512 1629 9086 6915 1383 9209 3661 4448 7407 7262 7025 8696 9754 6465 7541 5464 7710 6643 2783 2934 5681 7767 1985 6072 9359 1351 5373 9615 1719 5682 994 8190 1912 9396 3621 9590 3644 5263 5525 6161 3818 7805 5033 3061 844 5129 8629 2970 3646 2170 6096 1984 9964 8342 7006 3290 384 553 7136 2928 6312 2254 4651 2564 7772 3443 6027 5919 6770 7713 4171 2513 7634 5153 6171 8401 4753 6214 3091 510 8471 8318 8889 7059 7579 5150 6585 5142 3928 471 7091 5521 837 8727 5987 3815 9167 3204 2134 233 5156 5068 2344 5137 2023 5262 6039 1002 6509 7362 9448 5359 1232 5345 1974 9672 6656 1709 8238 2302 4220 515 7357 9798 7998 6764 4607 71 9512 1237 1500 6794 5971 793 7923 6644 2476 4985 824 2637 4424 1415 2640 9363 2626 8007
8513 2313 9839 2034 7144 8488 8351 4132 420 8411 9016 9455 8430 49 6955 2736 606 9652 9215 1292 7030 4672 966 3418 372 9640 1853 3199 3082 8968 0 2334 5179 6354 7229 3195 4637 3381 8328 6167 7310 6923 9564 3192 6236 9403 1980 8244 6274 8267 5960 8924 903 1248 6873 5459 4631 6931 7572 3328 2004 7934 3173 6318 5659 7765 2533 8153 3487 6008 975 4912 2356 2004 4824 6075 3468 5071 6303 7982 7766 4467 8599 6921 6365 5770 3102 7427 4644 4249 4100 8118 7911 4641 1462 4427 6645 5833 1504 6006 3312 1499 1829 5913 3697 5671 3326 6013 741 5289 2105 6423 5262 7870 9336 4705 1982 9867 4350 9478 8428 4280 6483 5979 9048 1888 3083 9951 2552 3548 3716 3421 47 8705 5641 8200 5390 3049 244 9703 6121 7922 1640 6952 323 5222 9539 5731 3723 322 9384 1186 4453 1945 4317 922 2205 4711 1164 8311 2343 1060 1539 4845 906 989 3663 1974 5182 706 7295 7886 2412 1654 7214 1399 6259 6239 5098 5426 355 40 600 2716 681 9745 5364 703 3861 9436 8423 6699 5 4457 4693 7266 2404 9100 753 8627 1394 2816 321 1067 4315 4820 8531 2352 5780 5957 4392 8967 5566 265 6068 7583 8203 8982 8903 2597 7675 3910 8315 4582 5379 1740 858 3653 2932 5280 9901 1804 101 3929 5374 1007 5550 5298 2137 1182 9786 15 9413 4043 6986 7564 7259 7813 230 3730
7623 6849 941 3802 7318 1948 633 6969 5953 6606 8266 1612 8028 599 9408 6986 2914 4842 1797 4652 2580 4214 7610 7620 687 4456 9386 3143 9822 802 2334 0 4632 1919 8253 7817 7559 9664 7429 3437 5157 2356 6808 2479 4627 3898 8348 6344 4378 7262 7890 4033 8047 4517 8201 1255 9849 8430 4222 1395 2157 6562 7229 8355 3842 1619 7057 6976 8338 6829 3193 1209 163 5401 7153 2656 5641 594 8908 7516 2299 3065 120 8390 4036 965 9712 3472 8576 1522 7651 5920 6349 6118 4333 3146 9946 4850 5870 2322 6427 5012 2704 4990 1122 3229 7009 385 6457 2006 1431 9465 9947 4453 2132 8662 1197 3883 6656 1718 5153 3896 4753 2312 8571 6263 8835 7432 1745 8596 4217 4800 8844 7179 8066 7756 3676 6668 3010 9490 1766 8895 6645 2620 5565 7986 6063 5166 5116 5414 2116 1353 3801 4520 3963 8664 47 2411 4865 9909 5759 5021 660 5708 4285 2869 8318 7731 5139 6403 1626 1317 750 2547 6158 4219 1050 9815 2912 4688 1295 8717 8046 3885 3203 413 677 5383 6871 9275 1413 507 7620 5866 289 1157 188 9305 4209 2706 2827 2971 2603 8223 4943 6586 9552 7276 4589 6198 234 4451 3232 9646 2230 7426 2919 2097 5124 764 9105 9024 8289 2541 512 6778 4312 726 6012 4847 340 1059 777 4581 1579 6512 7664 1076 1716 9235 4004 5096 475 8965 8962 2046 8591 6945 9285 8374
