250
0 1167 4770 3022 3029 7438 6306 8952 6247 91 3393 4454 4563 8270 3402 4458 9237 6175 3300 3886 2178 9971 2245 9083 6377 8765 6860 1830 6047 5811 8215 5118 2597 4664 2897 8036 2360 1363 9938 6298 4789 1912 354 6941 1133 8378 494 3389 7927 7091 8705 1801 3849 4421 9391 3057 1705 2357 4868 2441 3407 1628 5473 6478 3250 667 4356 1227 2593 5827 6708 6009 3856 928 5704 5715 6552 9992 9209 7993 1626 6905 1658 299 5425 2128 3431 7390 833 187 9411 1096 5804 164 7715 5281 1870 9075 6620 2520 1403 9427 6147 2658 5656 97 3181 6279 7871 2386 7866 161 3460 6433 3064 6459 3177 7283 9173 5471 7411 6694 3757 4961 6516 9360 1702 2441 5194 7119 4005 4178 7892 4460 5853 8236 6887 2256 6287 9891 7207 3896 5279 9950 8464 723 798 3103 7310 4016 4452 9632 598 4779 3605 2765 3792 5940 4090 5401 5786 8896 238 5783 7564 5370 1536 8553 5910 5932 6439 7373 2049 3297 9222 524 1944 1971 4551 5515 2675 3945 6534 781 4784 7720 8850 5154 545 9910 6944 5477 1368 3413 751 3565 5085 7137 2945 5168 4482 6103 6440 8808 6505 3583 5422 1251 7473 5275 766 775 9647 9453 4388 9300 9494 7260 3746 3492 8952 5201 445 7434 2700 4796 4725 7040 559 5952 9046 4075 5997 8456 4884 8546 8687 7904 2133 3089 4454 2700 6838 1251 4928 1971 4852 244 6794 6905
1167 0 9288 4558 3487 5544 4053 6546 8821 2121 3544 5204 98 7274 2289 2690 52 8042 5755 9577 2098 2846 1984 3545 1321 1556 4634 3430 1382 6913 622 7603 9839 7180 2706 4151 5457 8675 1658 9873 8336 560 4532 9987 3920 3824 8927 7946 6415 202 8957 5677 4112 7114 6351 4842 883 717 753 7280 7637 9213 3085 3068 1785 4394 1149 2538 5683 3629 9787 3098 6942 144 753 1089 6809 9952 7347 1684 1679 9076 6301 9970 4278 8650 2225 1904 2187 3620 9138 1996 2857 1447 6382 436 9551 8112 857 4633 677 9734 2701 9839 77 961 8547 6534 4101 2205 8392 9117 6651 1811 4641 1844 8109 9539 6437 4916 7238 5975 8729 4908 4044 2689 8255 1699 8507 1041 5332 6084 7170 4310 2590 6802 5572 7875 1492 8681 6441 2494 7987 3229 6038 5185 9513 378 3132 8545 840 867 8212 7343 4615 386 7193 9727 655 2930 4968 9709 988 1329 7528 829 53 4141 7413 506 737 2452 8588 5459 4367 648 3354 6370 2450 7236 9134 1350 6624 3790 3992 7131 4285 8753 7017 7028 1266 1688 2794 951 1899 8822 9459 6872 9812 3522 756 5418 1960 6230 8891 6677 4454 1199 3516 3161 9897 7078 4916 339 7015 9750 7971 4558 2776 2139 3845 8210 4454 6780 3955 1426 3846 6491 5745 7321 8661 4707 1821 613 4657 263 6853 8530 4700 4351 7544 2455 8112 111 323 7144 8294 7275 8106 6427
4770 9288 0 344 6045 5361 9648 2259 9883 2745 2351 3397 5426 4445 8352 1204 6726 2735 5169 4148 414 4614 7553 5402 3129 1510 8069 4417 7621 6737 2379 739 1412 7426 3563 4060 8821 7581 7067 1663 3244 5964 7479 5971 2350 159 5255 1524 5355 621 1391 9231 7138 2762 302 9846 5113 3865 9745 9739 3730 9939 6438 8878 524 6791 7728 72 7682 9655 4062 6410 2964 3887 7894 8713 6657 1940 4886 3661 7281 956 2599 114 1065 1563 296 3576 5474 2474 9590 5129 4249 9447 9301 6453 4781 4513 2146 1665 5940 2887 7671 353 1348 8480 7051 514 2961 783 4199 996 6677 1858 6514 6950 9769 2589 3910 8983 7808 748 7687 6233 3119 2903 8884 5236 1560 7701 2406 1188 5664 7571 9206 1821 4958 4845 9509 6100 9686 889 9638 6663 7448 1803 6985 8654 5491 5871 3256 3839 2028 5210 3281 8275 3851 7499 6559 1221 1618 1009 9452 2046 6645 5768 1341 9398 4292 9706 6449 3729 9734 2734 4773 8923 6636 2131 7521 2400 3471 9680 2370 5032 1051 1022 6390 4235 8811 1211 8604 4014 363 1458 1668 1727 1499 8778 9732 8566 3034 7204 1844 386 6330 4861 6608 3003 5509 4582 3802 2999 8845 8878 360 4355 9668 9919 3643 7952 7014 3665 7620 2592 6850 9372 9527 7465 8583 5272 3762 9853 5967 6593 8221 1025 7348 3583 2436 2458 8971 7916 9057 9999 6105 5909 7029 3216 2024 3799
3022 4558 344 0 7622 2069 3826 1192 2683 9172 4249 8679 8137 663 2869 2969 5240 216 2322 2333 8382 6607 6807 3151 2702 5250 2412 4190 2277 8125 8492 3867 3130 2951 62 3440 3844 1235 1628 3755 7329 3158 5051 7253 3679 7086 8813 1416 8054 7637 2874 5615 7657 2843 7412 44 4390 8243 3888 4705 3155 3689 9396 3593 5435 8817 9784 7896 6188 9175 3538 8741 9605 1659 8528 1023 8216 7353 7565 8100 6500 7323 2233 7677 5600 6354 4611 4755 4401 6596 7132 4570 1070 7201 2792 3640 8269 3041 4123 8715 1128 1364 2770 9998 4408 8245 9374 7636 9258 4512 7995 8825 5552 5443 1977 8032 5514 5181 3014 24 9366 9771 6774 2432 3765 5740 2129 4687 8590 4111 251 275 9729 5765 490 498 4145 3635 2471 4508 8334 4859 9269 3022 3216 8719 6414 3581 2797 9110 3479 5973 1343 4801 5136 6851 7046 3735 8120 1976 2943 3397 1297 5312 4096 9762 2706 1180 7674 7515 7383 1013 4091 9381 6680 1609 8650 770 6855 9300 8400 6634 2178 6445 6959 9896 7226 235 7321 6037 1416 8637 570 7899 7725 7740 7296 3156 844 3319 4373 6780 8460 6071 8201 7517 6080 5649 423 6077 9085 2035 3578 5016 3452 4424 206 9008 5200 1661 5519 2636 3390 9211 7602 8481 4482 989 1434 8986 7892 976 3799 8346 7060 9339 1936 8675 8140 3059 4049 5640 5221 8830 9732 1033 9857 6481 2940 631
3029 3487 6045 7622 0 133 6132 933 2411 6639 3934 452 5556 2639 3732 2557 9477 7258 7163 2248 6090 7102 9050 7356 6578 6886 5335 6654 3365 9783 4824 2693 5703 3194 4678 5556 7880 7856 7694 2474 9269 1895 7619 9336 3246 3605 8133 6086 5060 7836 854 7344 6803 529 27 1302 3445 8030 9012 4603 6035 8173 3837 3191 4121 1624 2189 9453 8786 9695 5666 7732 5546 4110 7396 8810 8778 5650 4570 6178 6501 9988 9912 7264 142 403 7128 1284 8623 3688 6360 7501 3101 2892 9410 8992 9712 2857 6973 1248 9339 675 354 617 1241 7972 9692 7834 1830 1652 6768 517 3985 308 6274 7236 4561 3235 7409 3847 3792 7443 914 379 6302 5985 3089 9386 4228 4348 2958 6309 7011 8847 7386 3989 3797 6514 2578 3326 2618 1692 8158 4459 6743 728 5910 2927 1703 5071 1519 1379 6254 4826 4016 3725 5948 9012 2264 2232 9025 9733 4844 698 1005 2939 8395 2699 9683 5769 5216 4401 2656 7789 4830 6953 2343 9240 8704 2417 6700 8694 3329 108 4415 8997 436 9002 2131 3271 5641 8189 577 1080 1359 114 2683 6140 3561 9268 220 1685 7619 6041 7225 4753 1472 1265 3862 4905 3089 340 9027 3104 1251 1276 8938 297 5501 7012 9391 7458 1260 3749 5520 224 6906 9870 1260 4311 6251 7873 2042 1091 1273 8967 6452 4647 2023 6085 1570 4686 4230 9109 810 3970 6630 6377 9958 3608
7438 5544 5361 2069 133 0 5988 6634 3954 6703 4664 4451 286 5580 1999 2945 4407 4417 5018 8336 1067 2595 5347 6530 6533 4011 3765 412 4295 5876 4245 5946 8202 1569 6146 7522 1480 2689 7948 8218 4885 3428 6810 6136 8249 5276 4146 9926 4515 8633 2752 8695 2102 4683 4574 2674 4272 3443 8191 6216 7300 3738 9460 4710 7161 4455 5202 5362 9710 9371 2332 6526 1253 8143 7714 1697 1475 8079 8798 4840 4758 2722 3509 9149 6192 8575 2028 5490 785 9300 2039 4043 8166 844 2772 5570 3054 8871 5821 4588 9362 4555 5878 1830 5143 3678 7280 8104 1613 1338 4466 1554 8038 999 2779 4825 9423 6383 273 9990 7947 7609 6844 7695 3869 7467 6756 6886 9214 5021 9327 3455 9157 8648 6582 5806 4251 7934 6092 2674 9262 7252 8434 9329 4520 7357 3499 7226 273 2632 4867 3468 1422 4014 2925 7581 5821 7684 5846 3169 5698 6372 2223 4579 3734 4139 2640 4820 9775 4940 7659 19 4667 6934 3073 3954 8436 5403 7173 6140 152 5739 868 7664 7311 6704 2927 6011 6723 3150 1668 2931 3380 6880 3314 1046 9652 9884 4018 2441 8234 9097 552 3962 1449 9273 5326 9278 7615 8070 3648 117 2761 2384 8384 5624 7351 2221 6621 1767 4941 4500 2799 6965 1010 2277 5822 2936 8947 1063 4506 6216 7312 5983 2016 4052 7400 1753 4091 9946 9215 2717 8591 5461 5732 8397 257 5759 1045 7757
6306 4053 9648 3826 6132 5988 0 7813 1548 2001 9535 911 3171 4105 6058 9235 3898 2780 6299 370 6079 6587 3973 4147 552 523 5399 4501 8745 7497 4555 6465 1598 4688 9607 8598 3776 6445 3075 4504 3457 6812 8233 7768 8577 5843 52 9450 4720 6671 6030 5148 4409 8821 4083 7971 6664 8463 4407 7372 4858 1506 937 6371 6272 1674 1724 2382 3989 4897 2238 7461 6093 4954 5489 8231 2346 7445 2316 2174 5371 8711 6702 4974 192 170 2405 2693 4168 3196 2065 8589 2189 1339 7407 459 7993 7721 5992 8157 4841 8422 519 9475 6340 7052 2377 1661 8417 3766 7008 7648 3864 8798 6571 5221 9610 1008 4834 3921 4167 9004 7197 4022 5350 736 5029 8050 3006 2417 1900 61 9494 9044 4440 1381 7532 911 3569 6611 2096 3783 109 8821 8356 7764 730 1129 1067 1212 7565 3817 2520 4597 3215 8997 709 5933 5884 4178 2385 4376 3711 9502 4303 3581 251 124 7471 2578 4026 324 8694 3397 2282 6753 4945 4752 1774 3227 6098 7360 6239 4065 6320 9491 5978 2410 8021 5127 4050 3809 4200 9672 2295 3405 6468 8435 462 2196 574 4941 9199 4448 7719 2561 4705 1999 7127 8712 4491 6936 3398 430 805 5792 6474 6683 3142 7783 2438 4673 6803 2260 637 2309 1922 624 2246 1941 9512 1807 7639 6781 9188 8682 5586 7526 8995 9577 2153 9197 110 5401 616 472 358 2144 6246 8328
8952 6546 2259 1192 933 6634 7813 0 4396 9313 594 9845 7978 3465 8652 4572 8138 1855 9210 8013 1199 5164 8319 6669 1671 1458 3910 9736 6780 9233 2958 4466 7221 5186 2632 8904 7333 3394 6932 5527 2123 2147 232 8611 8910 349 5512 9785 6740 6112 6094 125 5596 2430 515 55 4881 4031 9903 107 4499 1742 5312 5048 6845 7592 7656 4544 2929 2521 1516 4444 1628 1857 6792 9920 429 9848 3380 3672 3813 3717 4919 8707 7368 3257 1106 9428 7772 2330 8117 8844 9303 7044 7184 1229 5168 2094 9749 1646 4442 243 4380 924 1826 4036 6570 852 5452 7948 7799 1771 7316 5474 4811 2846 8505 8645 5504 4987 6003 867 9026 3293 2829 7106 1163 4057 1227 9823 5551 8643 2255 3547 361 81 2646 5710 7066 1110 7404 9761 2619 3489 4934 2470 1577 4255 5943 1052 1271 2019 1365 1625 4959 7747 1691 8018 2181 4782 5568 4337 2581 819 1423 1350 8175 7951 1427 3447 360 7515 1855 2703 3771 2537 4146 4291 3465 2053 3206 3624 2879 1108 9359 8023 9803 6635 4732 6517 2587 628 8188 18 2859 3361 6851 4551 7157 6701 4903 679 1864 5477 2088 7860 5714 9554 9602 5632 9875 617 7064 2335 799 6501 7552 176 8765 5355 7267 630 4595 3991 6297 505 9638 3459 2153 7850 8610 6745 2908 7459 8835 72 5492 1124 5362 448 6943 6112 1036 1803 8643 993 8594 240 2126 708
6247 8821 9883 2683 2411 3954 1548 4396 0 840 8991 144 1465 716 5525 7343 8544 7167 8937 2098 2315 6767 8700 9238 5465 3147 7222 6272 3337 3371 2265 9706 2878 3089 1375 7347 6206 2679 8123 9097 5601 6847 2161 4870 7456 5902 1103 9673 6396 8335 3740 5694 2875 5387 5172 179 9731 6868 1126 3517 3302 8512 3510 5802 8085 6609 1470 2525 9782 2445 4090 1471 9882 9086 3281 9597 8909 609 5362 9285 597 7740 3821 8884 199 5232 503 6223 1849 1834 6426 3946 9875 3641 215 8993 8127 7016 9628 862 6321 6778 2355 7613 9907 1227 4982 9890 2481 2942 2315 3425 6847 4109 2620 7182 6693 5423 3280 9123 9875 355 7306 4999 1425 6623 4604 3779 3174 3869 2396 9047 6156 5916 831 5592 7484 8561 2502 4326 7248 261 1375 1380 5695 3155 3483 4193 4532 1856 8044 7439 9789 1082 1165 1997 8483 820 1848 872 2209 8695 2861 1234 6919 8289 8278 7490 1728 480 514 4001 4081 7216 6581 2268 603 9839 6511 7734 3938 8402 5385 3419 9337 2495 321 7469 2523 7717 8162 4754 4938 4644 1719 2811 4461 4013 1586 9290 8056 3199 4415 2632 4771 9694 3220 9566 3564 6485 3255 138 1354 6791 3647 1806 8187 7987 2620 1941 3378 6378 4711 2023 4962 9539 9213 8185 9194 6468 262 3225 7189 4667 9709 3331 7866 1236 9211 8454 4084 6987 2106 4862 8409 3667 8980 4640 3961 4523
91 2121 2745 9172 6639 6703 2001 9313 840 0 3276 8019 7640 6599 608 4095 2712 7783 4467 1402 9407 2609 5223 2883 9352 8961 1832 5846 9495 3255 8399 7202 9725 7134 8769 2151 6815 1002 4298 5106 5983 2824 1720 5714 5575 105 9598 7441 4329 4948 6832 9130 3060 6998 1445 1918 7871 5435 4196 9331 7447 1143 9892 5959 4019 80 4547 9321 7897 8126 8344 9553 7073 757 3882 2167 2418 2926 6419 7400 8560 2619 5209 5390 10000 3309 2438 2247 2692 6060 4479 5359 2641 652 2939 7930 3162 3810 8166 5281 5223 6505 2511 5269 7600 6687 9147 929 283 9268 2618 1104 9633 9347 1119 9302 3310 902 7772 2608 436 6342 4796 312 3080 8364 8531 2924 5340 446 3506 6698 5657 2746 5780 5118 2340 1978 5519 5704 1732 589 682 1212 243 2297 40 3811 3061 9861 4818 4996 8506 539 1463 9964 707 5879 7389 7272 1473 504 6143 3365 3926 9614 1034 1275 3538 8720 1584 6514 9294 8386 1896 7833 2858 5402 4455 717 2822 1665 4036 4262 6445 4361 1246 7944 3738 1066 3200 7067 5102 4258 3484 4322 925 9370 7257 7889 346 4069 5067 285 3053 7591 2037 8869 8582 9131 2929 7578 959 7197 7695 9443 4458 3883 6804 5793 953 6157 3754 2731 9983 1269 7350 3184 408 2584 9820 3698 1210 9351 6526 61 2896 1477 4792 2786 2354 1857 7393 4411 8477 4361 1376 8141 519 9886
3393 3544 2351 4249 3934 4664 9535 594 8991 3276 0 1652 3335 2350 9028 6061 5157 2926 1294 7756 4768 5523 8468 6757 9042 5662 9371 3025 2998 1456 889 6214 4250 7721 6887 6414 3329 6469 6938 867 33 120 3327 3493 91 3492 1249 6300 9735 6657 8252 4006 8279 6218 8864 7087 5066 6738 2255 1039 2890 8886 323 9964 382 802 5468 5939 1736 1382 6307 8832 5307 4683 2547 9873 5210 5867 7161 4386 6470 9768 2779 1088 2693 5340 7424 243 9977 6639 6406 8714 3880 5138 3563 8271 3770 300 7470 1995 8467 7836 3184 5920 4232 492 9655 9702 3001 5492 7646 8876 4114 8624 6874 7065 176 5988 7481 9111 7115 7170 6377 9763 6517 5147 7376 7628 7052 7913 3776 5808 4839 5389 557 4545 592 2356 5563 4131 325 3016 5150 8711 1527 1959 8076 9698 4574 3150 4975 7038 9547 9613 2989 7459 8545 9818 7427 416 3879 274 838 2710 1323 8615 3074 2340 6054 2980 9680 8550 6042 5434 1054 424 5498 7019 2107 7812 4510 7748 8131 6165 1582 3334 5974 1411 6338 1294 8699 7673 4190 7667 7060 4800 5343 3933 9155 2442 3003 269 7343 7812 1350 872 7608 5680 2391 4369 9478 3532 8822 1683 9078 8892 1428 5706 4195 3975 9035 1017 8746 6738 9080 1919 1071 2924 653 1558 5154 4100 3227 300 727 8255 2312 8727 5194 5176 7367 3681 9112 171 1478 1947 4768 1771 6346 9407
4454 5204 3397 8679 452 4451 911 9845 144 8019 1652 0 2635 1517 4181 196 5570 8217 8989 3432 545 2868 4192 2892 1413 9495 9360 7206 6941 3487 8667 538 8114 9548 7300 4036 9299 1617 861 1319 8061 5095 9130 2638 5645 1112 9516 4080 1349 6476 494 2245 3351 8107 6145 7495 3611 6714 1732 3682 5757 8181 3455 2081 9965 9493 1356 2367 3518 6916 1950 1170 6363 3827 4085 3943 653 5818 279 1580 4382 9306 9013 6850 1414 6158 6798 9475 6639 1122 7030 8868 6054 5911 448 497 3895 4929 9066 1546 3990 9193 1575 4499 8782 6092 2296 3838 1916 5889 6238 6018 777 5418 2051 7579 7479 9199 8133 4096 6609 4381 3500 9284 7041 590 590 5008 5101 4178 2119 7931 8559 9343 5588 2665 5276 6095 4519 9986 6935 2015 4322 1785 9277 1161 1821 5093 3362 1515 8943 9901 3498 4092 6751 2491 4225 2132 6195 395 469 8893 2272 4871 824 1072 2966 6989 1873 3873 3997 7047 3098 7478 6156 1145 7251 5603 4772 4412 6989 4860 4838 8567 8030 2187 8018 9895 7155 196 3736 4487 2933 1770 305 8335 2488 7407 5393 6240 4563 9882 5014 1346 8500 1192 7978 5699 315 6982 3218 5345 2065 9767 9604 2477 1567 8079 3615 2348 621 6705 8965 3443 8393 9869 3627 6184 8231 7225 2249 4386 7946 9849 9858 5682 3481 5734 5558 7856 5674 6407 1859 1036 9591 8319 5695 4574 5336 8726
4563 98 5426 8137 5556 286 3171 7978 1465 7640 3335 2635 0 8493 9358 9250 5984 4572 3490 9953 4184 124 8217 937 6949 7496 3866 8123 7744 2012 681 8226 7544 1911 5451 2534 5967 5203 5804 7725 1031 8167 1725 3751 619 8407 2697 9277 470 3874 9299 8865 1325 5318 5882 3448 2169 4500 682 8906 8855 8497 6838 7379 7374 9758 6392 9138 6570 888 6793 148 6842 8040 5238 7993 4814 6098 5646 7429 5128 4100 2695 2956 6521 571 9093 8165 2757 2912 5332 5822 1834 3749 2016 4942 9778 2636 7164 8959 1672 1552 7123 3524 4591 9068 9377 5523 607 9008 2922 145 1237 1913 3347 2669 4628 3131 4692 4709 9219 9705 9629 5248 1733 4054 2638 4862 7286 1102 3161 5577 2699 4900 6931 1446 6440 8785 793 8146 6024 9916 5418 3132 1201 4479 5772 77 880 8271 8224 1317 3363 8793 3183 929 4646 5055 5176 2381 3736 9022 3289 7912 6201 6877 2043 7905 8734 9512 8022 9234 5538 2164 8222 4571 858 7934 4 9657 462 7594 5417 9904 4337 9894 8298 3858 7135 9052 5069 2391 6180 7899 231 4826 7643 6211 2441 4440 8552 8961 743 348 3118 9387 8723 9973 9514 4717 1967 2739 109 9906 9415 6716 208 64 3346 5431 3219 1989 1280 5631 7706 3194 8508 619 6468 9651 5946 5171 4765 9182 120 4938 2773 9332 9737 3183 4226 4767 33 3963 4670 4154 430 4660 7847 7033
8270 7274 4445 663 2639 5580 4105 3465 716 6599 2350 1517 8493 0 7895 4870 8602 5411 263 3629 7360 6356 4518 8413 7373 116 4090 2848 4963 9643 8941 5348 3242 7229 9994 2685 6841 2161 7840 8984 3918 712 9463 1440 2992 1141 9706 9335 377 2087 5335 3390 9325 5739 8059 9316 8326 2792 7540 9024 3313 5528 7540 7705 4964 3268 9909 9893 6442 8436 8803 9504 9765 5030 7720 2237 6768 7616 6049 9975 7279 9505 3014 7511 532 3780 293 9281 8129 7076 9248 2941 2853 4409 870 7650 8397 2129 8084 7882 5786 1376 5587 2448 3775 6663 650 3988 4524 3153 4693 231 8898 7848 1238 1829 8719 827 2870 3638 6151 6513 3961 1916 3890 7356 5792 9407 3988 3619 8315 9501 3627 9161 9926 9133 2532 8885 8802 5313 9151 45 3947 5755 7549 3763 3144 5240 7948 215 7276 4166 1427 2417 2007 4157 536 3927 2010 2940 6149 8232 3424 9410 9929 3727 3357 3203 7853 1202 786 4148 7340 2912 2205 4711 5108 1396 6175 1762 4515 3718 1077 9314 7456 5529 5928 6615 9562 2472 9919 6316 3379 6006 7758 7282 454 4778 1125 2662 6023 9297 2910 6202 4087 5539 8207 9543 6798 3275 7947 2147 8038 5322 6997 907 9765 1363 747 4318 2067 4452 3336 5938 3087 9829 5513 3294 4521 4998 5402 7637 3790 6418 1550 9216 2979 9171 3401 7843 283 5955 8697 9613 2948 3705 384 2826 2934 4790
3402 2289 8352 2869 3732 1999 6058 8652 5525 608 9028 4181 9358 7895 0 8336 4718 1946 81 2982 2092 5226 9925 269 6330 6724 2690 7842 8077 6292 2094 6071 8974 654 7510 7345 2829 3323 1917 5080 2155 2594 4990 2036 8189 1502 124 8552 6520 2180 6288 6437 4637 3137 5950 5025 5973 2480 3562 3048 2903 48 4778 2630 4878 2515 4978 2963 81 515 4020 6514 9378 7618 7180 455 1656 5042 87 7341 5711 8488 4611 6974 8912 983 9504 8102 5222 8915 1085 3477 1906 4053 562 9966 8677 8301 6254 8308 6439 716 156 8330 2672 8658 8368 7842 4130 2728 3795 827 4314 8057 4852 9012 8008 3045 4395 8085 6030 1551 888 3504 438 5307 2058 183 6690 4743 4816 6137 3212 8424 1670 382 252 4039 4711 5905 1661 7069 4428 6858 699 2922 8850 2495 6864 9291 5441 2605 2208 6287 9262 8639 2632 8931 3595 1190 4515 8939 7338 1398 4538 4089 4808 8477 889 1982 1703 4479 9991 7664 2445 9182 2717 6722 5667 3739 8895 1806 2156 805 7753 8994 8766 2136 3443 1604 5378 8925 1579 5276 2779 8573 6077 8388 8125 6050 5494 361 3605 5012 4706 19 4955 390 5024 1349 4647 3754 9117 8162 5414 2725 1197 6796 4532 3565 1913 3637 8735 8168 2755 7446 9080 8101 5894 3180 7402 5144 2731 2911 97 8373 9254 1596 5208 9568 6828 7419 8862 7789 5075 3795 2329 6308 9177 803
4458 2690 1204 2969 2557 2945 9235 4572 7343 4095 6061 196 9250 4870 8336 0 8901 5915 8164 3293 2362 5725 1550 7758 587 9280 6807 1637 527 6240 3299 1741 5555 1491 7710 2627 821 5600 933 7647 4767 9959 9385 2117 8724 5198 6314 2366 5279 1838 8560 6355 6694 1280 4612 877 1281 9320 5838 4015 9890 4988 7916 7306 3676 2727 4593 9258 5394 6215 7275 1791 1425 7539 3919 3311 8586 3659 9116 2793 6941 8559 9503 4735 6910 8837 895 3291 4943 6889 1256 5373 8333 9026 1612 6672 5119 7094 50 6202 3904 4202 9832 5548 4839 9581 1250 5087 6389 4656 7598 627 3378 2679 5202 1826 7630 4692 1982 4159 6269 2514 7679 9576 5436 5099 5757 4305 1120 585 7802 9403 8896 4435 896 8055 1642 7883 8727 4140 6517 8389 6426 583 1803 58 3910 1025 8570 6295 3357 7113 9722 3949 7007 9443 5667 2813 9931 6867 728 9268 8535 5413 5118 4000 1820 8910 9042 9721 7514 4509 8127 4147 4359 2698 3451 6820 3833 5726 4563 7990 9232 7576 4270 2576 6802 697 5290 769 9597 6171 5991 887 1814 2612 1856 9846 48 1272 7566 4835 1376 1910 2340 2766 5743 6461 1683 5285 9666 2535 9780 7885 1461 3884 7955 1600 691 7999 8244 4728 1747 6958 4435 4403 755 6666 4032 3295 1393 4427 4224 7239 2968 554 729 6966 8880 6830 205 1979 172 7576 6776 8133 9178 814 6037 7513
9237 52 6726 5240 9477 4407 3898 8138 8544 2712 5157 5570 5984 8602 4718 8901 0 2855 7330 7167 7400 4131 3294 6248 136 6365 6662 8805 1481 3678 2716 8910 8476 9591 9668 9261 1626 5401 3588 5526 33 9327 6661 5748 2182 3675 5659 6382 5356 8842 3039 9740 1247 7125 1300 3587 7122 201 9742 6091 9150 8386 6546 406 304 9572 478 526 8540 64 6418 4086 6793 4191 4186 6081 1282 6207 3072 778 4687 708 2148 5162 4830 9162 260 2429 5316 964 3618 6121 3479 3836 5270 7517 9753 9466 2526 9853 9128 6170 5926 1067 7035 3235 8896 5395 687 2580 4442 2750 3397 3940 7678 7491 4393 9147 6007 2281 4879 401 3454 4752 714 4436 1682 1285 2482 3955 9829 9942 5162 5906 8139 8641 3890 780 84 7199 8616 6190 61 9943 9920 664 1065 3419 5739 2478 4448 986 4430 8802 5651 5841 6387 3346 7153 2706 1217 6525 8592 3024 1701 8787 5885 7006 2683 7270 8575 5011 6088 4136 7732 4412 9886 7238 4692 8744 2004 8373 7377 9366 8487 3860 1497 6234 3091 7460 1027 7422 5906 5234 5445 9974 5507 1396 1495 9452 5682 6424 2001 2391 3465 6069 6762 468 5001 5027 6177 7009 5133 5497 9019 7943 3909 7295 7193 7658 3872 7187 771 1165 6003 3794 9813 5292 4453 1012 6712 5041 9345 4788 7715 9420 7155 5604 5932 1014 8735 1001 2873 4133 1274 6046 6024 3565 7292 2040
6175 8042 2735 216 7258 4417 2780 1855 7167 7783 2926 8217 4572 5411 1946 5915 2855 0 7246 9161 5809 5699 1993 7042 8520 6124 9428 8208 3253 8168 7196 3180 2952 1364 7895 125 6124 4632 3300 5048 4988 51 5446 5762 3086 4063 9833 7133 150 1402 1536 4714 1305 242 6819 9832 7753 2982 6278 5043 2428 7563 6843 7282 4610 2358 2666 2820 8996 5079 1771 8740 2783 5617 3466 3235 9818 2921 4343 2665 5887 1329 6570 2729 6025 8924 8085 5460 2056 2216 8019 9215 8204 5823 5039 1753 7700 9243 1892 2111 4859 9648 2345 9046 5064 5558 6883 6178 4630 9428 417 8210 4151 4170 3263 9509 2042 5062 3103 4241 8989 5877 6181 1278 338 396 3086 6070 7617 3056 1089 7163 250 9614 2599 1873 7902 5253 8380 3156 9455 5064 4617 1333 7702 1258 7608 46 3113 1225 2802 6523 2749 5840 6923 3171 100 4022 6557 2200 1042 2074 7053 2120 5861 4413 8915 5602 9384 507 1859 554 8220 9894 3338 7244 4783 8974 5408 8051 1749 7704 9707 3000 7264 9703 9640 3149 54 4330 4385 9405 446 1824 9336 9962 5203 6953 9856 5444 5120 5663 6739 1807 4187 4399 4207 3348 993 8582 1413 8152 2299 2299 1864 4385 8713 650 2471 4608 9834 5536 6446 6681 7661 9659 4169 5589 4457 4733 8859 9945 2910 627 7066 9507 7176 7273 1615 2983 1210 5158 1213 8145 453 8326 6758 6896 7339 881
3300 5755 5169 2322 7163 5018 6299 9210 8937 4467 1294 8989 3490 263 81 8164 7330 7246 0 82 871 1444 335 5049 6853 9444 6061 219 7951 6759 1761 2508 2043 1948 8276 9660 5432 3687 3956 3595 8230 7466 8339 7031 8856 4316 4007 4056 2738 3658 8906 1539 1952 1923 6715 842 329 5092 6855 6550 4095 7449 8412 9224 9055 7577 8097 7207 5842 4901 2191 8675 7498 7125 2023 1969 7190 6835 4898 4666 2740 4392 3132 9400 4309 6701 5321 7593 5235 5955 862 1348 1718 2228 4668 3516 2945 2869 6245 8596 2545 3050 1921 7144 3799 7013 3853 633 6838 6663 4695 9316 779 9810 5281 1398 2467 6660 9369 7044 607 3540 962 5234 966 6816 6790 6126 3389 9213 6634 5499 5504 2852 7424 9945 8367 5 6609 5865 7617 6146 7527 1013 2207 3903 8293 5665 2264 3629 1734 7237 7433 6672 7551 1319 1594 2534 1093 2658 9731 8727 9561 9946 6732 3834 1225 6170 7680 3512 1118 5242 7874 9350 7466 4687 8098 9589 5429 8937 2345 3809 1148 4011 133 4558 6753 1236 5518 9918 6360 5363 6769 7252 4771 6662 6183 1681 2977 8845 5372 5874 1602 8225 7532 8108 3657 7349 1852 8061 2349 7663 639 1009 5790 2478 4855 9588 3922 2 2849 2211 3657 5139 962 7854 4917 5638 6329 87 2353 7925 7622 6694 7041 1312 7088 4191 7235 8224 7369 1617 9682 4766 6910 4269 8986 6049 2821 5211
3886 9577 4148 2333 2248 8336 370 8013 2098 1402 7756 3432 9953 3629 2982 3293 7167 9161 82 0 7777 6783 9886 4889 8327 3648 2245 9983 681 9301 1972 5569 1462 4954 6401 9515 8107 5740 7347 2778 5685 6044 3775 1999 6494 6433 1924 9237 2129 1156 6777 9658 8075 7088 1562 4470 5100 9956 6512 4381 7381 4479 4807 8773 2026 8310 60 1280 8488 8726 1795 4282 5782 7989 3927 3831 5981 9318 8096 4416 3188 4927 7799 361 6543 4112 880 8070 8973 7474 274 3555 7392 5593 4300 6400 7056 8700 1281 344 4339 7947 1815 5762 6 8373 1820 9233 6269 7579 3702 751 4998 9726 1808 6734 5286 564 7545 4350 5260 2232 9710 3386 6641 1375 4269 7822 8032 7242 2976 2131 6527 2036 1471 9468 8635 7925 8013 1006 5865 9213 6270 531 5353 8140 7327 4291 8992 681 2444 6239 2720 3355 987 4106 2506 1739 1319 4728 2968 8722 9002 5134 4327 5341 7702 5443 3018 4344 1372 2272 3826 2129 4186 871 8389 4119 4188 4722 4064 4038 9656 1459 6010 9841 4564 5635 5752 1586 2459 2257 5220 4462 9295 8333 3737 2771 8279 3517 7778 8875 1821 3379 5750 5124 7485 7916 1695 7382 6939 2610 3750 5278 2147 2644 6609 5838 3956 2481 166 405 5579 8976 1395 3311 9139 1921 6921 6177 5848 486 5361 3485 7729 4675 226 8644 3918 3181 9229 5836 442 3470 3551 2840 6024 3466 4345 3291
2178 2098 414 8382 6090 1067 6079 1199 2315 9407 4768 545 4184 7360 2092 2362 7400 5809 871 7777 0 7552 8942 8059 5663 9256 3455 7153 625 1432 7861 121 7828 5664 8388 2789 9908 5470 2370 5214 8777 559 9841 1403 5230 8674 7355 6645 5982 3038 3389 449 2632 2148 6646 8964 1033 9938 8881 5956 2706 3991 6009 2877 6760 870 778 9030 1782 5805 532 2501 2926 4183 257 5285 1139 9046 1533 8614 2074 7168 9779 7680 919 8387 1696 795 6085 7043 9648 7309 2928 3009 5655 5479 9619 320 9778 2766 4500 3790 8175 9260 5737 5596 3943 2971 2150 7074 1081 2767 257 4303 736 2542 737 8272 1386 2556 1374 7831 6049 30 7519 7894 5986 8931 8372 745 141 1917 2226 161 1139 2239 7387 7475 553 8565 6345 5477 6005 6599 7831 2672 2079 9801 1942 4838 2252 5461 6286 3782 9799 5325 4143 5949 8247 8896 2096 177 841 7955 6202 2900 5627 3497 9565 8987 1633 6894 4226 2362 3923 2273 4208 8613 6261 2918 1845 1271 8629 7332 6523 3935 3306 9830 6052 3098 1907 56 4851 7889 8523 1702 1461 9440 2997 119 5145 5315 3630 5656 9578 9078 7569 1367 3697 1945 6469 7742 5583 680 9708 9156 4284 3369 9294 7048 7648 5784 3243 7208 9087 7772 624 7637 6000 4319 293 8960 3411 7713 3732 6420 7160 472 9751 4561 3104 6554 7498 4959 4104 1017 3563 6479 5215 4927
9971 2846 4614 6607 7102 2595 6587 5164 6767 2609 5523 2868 124 6356 5226 5725 4131 5699 1444 6783 7552 0 1148 3779 592 1488 9854 8459 3279 1151 6337 2732 9523 9409 7011 1738 6853 4185 1177 9972 8677 4823 7229 5225 4757 7003 2574 2823 1926 5799 4759 1823 7309 3003 4887 4007 251 497 9370 9646 6728 144 3086 2847 1845 9160 6825 2005 655 208 4985 4971 3375 1278 1615 8158 4614 8680 4793 7232 9002 8802 3025 8430 4123 993 2360 4897 1160 7371 5711 6009 3721 5751 4093 3195 7672 3776 3446 2435 9388 5160 2073 3898 4309 5512 7669 5254 6867 875 6031 5720 605 2539 766 7692 1255 2170 5900 3137 3945 3152 4142 560 6472 7304 9188 2569 6348 3674 818 3835 8582 6444 4255 8700 4878 5537 7110 9149 3372 5910 500 4406 7349 3459 7966 5926 2069 7517 3378 5959 2531 151 3773 8361 5411 1149 1240 9073 2270 9233 9841 6473 4717 2042 1835 2122 2096 7057 75 9126 76 2802 4258 209 4318 9205 8827 8449 3388 8913 4279 7790 929 9140 4919 2481 7487 5406 7765 4400 2986 4908 3767 4690 6612 3018 5325 9194 6635 5 3069 2989 3009 1111 7443 7111 7088 4117 2113 4369 9561 6965 3215 7783 2006 3437 9588 4994 2410 2786 8941 4159 6730 7825 9019 3751 6753 3883 5278 9880 2243 5900 2282 510 1179 7215 1017 1621 5152 3249 4728 6313 8431 4601 1573 309 875 86
2245 1984 7553 6807 9050 5347 3973 8319 8700 5223 8468 4192 8217 4518 9925 1550 3294 1993 335 9886 8942 1148 0 7590 1505 6801 660 3809 102 8931 311 9778 1337 7676 1189 9645 7649 5411 405 6267 1619 9433 1901 6137 9424 5241 4370 2060 7302 7883 4578 1565 9016 9000 6834 8101 6993 6253 4377 1863 5344 8428 9051 2044 3076 7041 1634 140 5072 986 3653 3753 7354 5233 1475 4627 7500 7420 7577 2343 5741 6699 915 8258 148 4875 7112 8226 346 1974 4444 72 5738 5794 3497 2050 6297 8327 4878 332 6642 8868 6578 5809 576 4581 210 5872 462 9241 2061 7928 2746 64 2509 7386 2526 3753 7346 8128 1820 2154 6570 4578 8477 9434 8757 4771 390 1616 2568 3700 2754 6004 7022 6606 4719 9880 3076 8972 4926 6733 6205 6039 2044 4633 7970 4233 8738 3343 7620 8494 9787 7702 5664 2029 2123 3822 6942 6752 4547 3689 1544 7918 5855 6410 6905 482 9520 2794 3795 6776 8637 8879 9580 6705 4166 4093 8643 6710 833 7912 5717 9105 1880 9103 147 264 8841 2564 4164 3470 2289 9563 8920 1847 4365 9751 6495 9974 3094 2887 6872 1564 33 980 676 5568 3114 4955 5819 7926 3086 1441 6931 416 2473 4413 3447 7146 4278 9789 9954 957 9825 3471 6032 4100 1175 6549 3794 5925 4925 7279 9056 5029 6441 1843 7990 8599 2261 4339 1689 4264 3105 361 3623 7134 7050 5253
9083 3545 5402 3151 7356 6530 4147 6669 9238 2883 6757 2892 937 8413 269 7758 6248 7042 5049 4889 8059 3779 7590 0 9064 190 1755 4532 9056 3838 2069 5844 2614 4290 720 2264 6735 4392 9755 6208 3499 9894 6130 6302 6341 7812 5176 6310 5950 2320 353 7012 5820 8582 2397 3332 6012 6254 5657 3742 3792 8377 5790 1213 5903 211 5859 2756 3195 9417 8815 6999 116 5897 8688 5019 5935 4059 28 9922 2950 5985 4496 6006 1723 3684 7806 6787 5 1790 5389 809 7504 2374 8078 1957 8490 80 4614 6237 1373 3371 5775 5094 1110 8261 7406 2598 3940 5376 4473 5481 8994 8459 7564 3146 8726 5248 837 778 3527 2478 2460 8378 5030 9391 2874 9746 5447 155 9737 4267 8649 4968 6865 5772 9808 9953 9624 7172 4783 9455 9464 418 7015 5113 3056 6129 8038 3337 4475 4732 2289 7291 5728 2604 1418 5986 1492 2518 7751 2478 4083 1202 7569 6082 7750 7806 5318 3989 1079 174 9424 5132 7352 7820 133 6037 3065 5436 7175 1021 6434 204 7179 9587 4903 9091 8180 8722 1779 4528 8362 4482 134 539 3284 9469 4628 8108 8475 3314 6159 1758 2238 2031 4501 7754 7769 2904 7574 3900 5890 4196 7478 9786 8818 5967 5469 2932 2501 2208 3253 6959 9187 151 5784 9577 4884 9461 7260 9495 5984 2116 9590 9680 5388 8159 534 8383 2463 2351 1053 5593 8455 109 5263 6405 5911 8909
6377 1321 3129 2702 6578 6533 552 1671 5465 9352 9042 1413 6949 7373 6330 587 136 8520 6853 8327 5663 592 1505 9064 0 1882 2974 9789 6938 2450 2612 1073 7693 6583 2501 3334 2139 934 2394 9519 6001 1863 3066 3517 2251 7811 7248 5167 5851 6017 393 2532 8011 659 5051 6326 1413 2764 756 476 3606 7422 6186 4599 3309 3779 1318 2462 3790 7261 2183 8177 6274 3588 3869 8931 1391 3115 2849 2160 7587 6400 6524 6884 389 3735 1490 7047 1428 8484 7651 3635 8949 9233 2776 3384 191 1148 1862 7264 4487 967 6480 2964 8067 7410 5286 143 3605 1151 9845 445 8668 9336 8180 4922 1663 5094 3844 3838 29 6732 7274 4969 8311 4090 7590 511 4290 3261 8252 4190 1575 236 8198 6090 2320 4784 1093 8442 6503 9379 3956 1669 1245 9404 2614 5109 9776 4074 1108 1635 9560 9707 5822 3396 9435 6023 1317 2705 163 1332 1498 7676 3183 7999 2400 6095 8561 9932 9744 4718 1584 1285 5474 5731 353 5308 6823 5696 705 7380 6113 3539 2126 8271 1915 9156 1492 2841 2382 7294 4539 6628 4563 1240 1126 3585 7481 2727 5974 789 9101 1817 5321 7379 1633 9391 6804 150 3251 1896 8248 477 7594 4188 2756 6174 4823 9765 3999 7131 8145 134 1753 1287 4716 8859 2733 6913 2541 8293 7483 942 8138 5563 1214 9104 3071 5806 2928 8352 9964 5367 9879 8876 4298 7246 3671 509
8765 1556 1510 5250 6886 4011 523 1458 3147 8961 5662 9495 7496 116 6724 9280 6365 6124 9444 3648 9256 1488 6801 190 1882 0 1698 921 9513 8165 3385 5871 6485 7620 9103 2999 7937 2980 7760 1915 3360 612 3496 9487 9126 5469 790 6626 4426 8105 2397 9562 6199 6945 6588 3140 4363 2483 9422 9380 9998 3368 7950 1484 8667 7184 5406 1795 9377 525 6804 4953 3396 3913 7481 4240 8574 2420 1964 3398 4903 268 304 5777 6137 8863 5857 7342 6761 3743 8146 9685 6334 5899 3661 9084 4847 5522 2370 8346 4620 2257 2952 2758 6191 8638 5075 396 1149 3552 8115 1005 2935 4114 4815 7547 1891 5101 467 3661 8839 2046 1381 8151 2561 8086 5732 8699 8624 750 9492 2812 7327 5761 7911 5007 2056 5257 3395 6757 487 7307 6122 5664 9214 4556 160 1634 3011 657 1466 8442 4313 8543 7118 9267 4199 5963 9220 238 7694 1017 2744 4340 3214 8531 7473 1893 1173 1612 6493 3707 8002 6481 524 8923 1317 5526 2764 8554 3739 3099 347 5439 7963 1284 8779 3952 7905 5794 5484 9679 6700 348 2436 5851 4684 5393 8285 4402 6420 1224 4536 8567 9005 7637 3477 9300 3025 6660 9275 4712 4258 3155 272 6184 2524 4595 8933 8005 8922 2495 30 390 3925 2930 6923 2035 7907 9915 2712 274 6571 2474 9907 9678 3281 8852 5993 4108 3151 8049 6011 5881 8493 6181 1184 7376 1016 6474
6860 4634 8069 2412 5335 3765 5399 3910 7222 1832 9371 9360 3866 4090 2690 6807 6662 9428 6061 2245 3455 9854 660 1755 2974 1698 0 5438 1597 5286 9135 8676 1275 1422 2670 3157 1813 5102 3386 8495 5806 2436 6821 8569 592 4407 1998 7501 9012 9881 6392 7825 2694 3265 2572 6309 9684 1430 8576 8062 5935 1021 4127 9762 2161 4229 4859 8822 229 3803 9554 2284 3880 3639 9648 3400 4149 7047 5239 8296 5035 526 8098 6538 7778 8472 1574 2022 9061 5857 222 8062 7604 1509 8302 531 7004 1309 5287 5823 8412 139 3027 745 9718 7822 5546 8797 7690 4633 6181 5878 6920 3614 6132 6228 3 259 171 6003 8545 2681 5285 9491 81 3319 6696 1112 9711 6215 9433 9028 1016 2666 5258 7665 7116 4390 4930 5584 9300 5625 3759 770 9143 1102 6551 1415 3514 6496 6323 6456 1509 6126 8927 5150 1177 1905 6282 8991 6857 4183 9190 4624 3508 9351 4966 5056 4991 1039 2542 1819 1333 9742 713 3669 2438 324 6023 3841 4841 3161 4157 3649 3460 6330 5441 1806 3272 2447 1583 7407 4797 4977 8573 4850 9129 1833 7638 1756 7832 5407 4457 3976 8558 1820 337 2230 8620 1022 536 3622 1306 501 651 9829 7300 3312 6804 3037 5947 4265 2208 2553 7295 6440 4490 6933 2834 9161 9384 7457 973 9096 6236 1 531 1675 8779 8495 2841 9243 9078 4860 3960 8232 7256 9694 605 1000
1830 3430 4417 4190 6654 412 4501 9736 6272 5846 3025 7206 8123 2848 7842 1637 8805 8208 219 9983 7153 8459 3809 4532 9789 921 5438 0 1572 7263 9165 5995 5095 1301 6380 6993 8393 9851 7109 7328 1691 2908 7498 322 5035 7038 5703 7859 2515 5304 4178 4256 6157 3158 9979 753 3921 7980 4818 3769 4346 1472 2577 1832 8166 7611 3961 9892 5630 6806 6417 512 6062 2571 3969 1078 6873 4623 7886 7950 8391 1746 609 8464 9621 7295 1465 4406 7114 9444 1153 5604 6948 3161 8384 5036 2851 9074 193 2582 3899 756 2945 4207 143 8660 2259 1597 6783 5057 2748 1163 8531 2081 5557 6504 5236 9509 636 8242 2840 532 2317 4255 8905 5884 8147 5737 5240 6021 3909 8149 1016 6248 8735 9159 7259 6249 5199 4031 601 6016 399 3347 6737 6405 6895 5031 9185 8963 6083 4929 5033 2370 7730 8840 7997 1821 7594 2546 5748 3014 5004 7125 2681 5331 1678 3865 2069 3896 2438 6929 9770 7610 4406 6000 4828 8732 2873 1106 4688 6182 9790 2924 6694 4160 2194 6405 8589 6663 442 4088 6328 2052 5969 6363 7647 8716 3722 8694 4552 6130 8654 5725 4215 6594 1825 702 674 383 9269 5899 4671 2765 7677 8471 885 6740 5106 1947 5902 8791 5205 5449 6062 5734 8878 9148 6261 6773 3350 2133 732 5324 6082 604 7178 8719 6870 1624 558 4958 2693 2457 4413 9255 8806 3994 6295 1454
6047 1382 7621 2277 3365 4295 8745 6780 3337 9495 2998 6941 7744 4963 8077 527 1481 3253 7951 681 625 3279 102 9056 6938 9513 1597 1572 0 957 2951 9433 6098 3722 5771 4155 6400 2347 2809 3051 1339 7591 4848 8559 5342 7817 1791 814 7683 6871 8823 762 5965 7777 8623 7599 6020 1149 8324 5084 6085 426 4694 2316 5317 8906 6055 5128 6288 4093 5674 3583 570 5574 1832 8771 1472 4963 3144 333 3271 5942 6482 2842 1907 9323 1111 4401 306 6951 4879 448 6138 3898 1293 1568 3164 3359 5886 7106 8683 2563 5875 1700 9299 3438 1668 9752 6729 9236 1242 5322 2727 8716 9072 1182 6469 6848 6893 1924 6761 8159 7392 9413 8905 2869 3539 2224 3571 6911 1070 3259 5517 8173 1599 7696 2550 3712 7852 8673 3717 8358 7603 2382 2022 1395 8402 7820 4625 9388 8042 4323 522 3238 9351 2440 9151 6652 4689 1157 940 9357 196 4806 8528 1993 336 7506 5794 3437 3392 813 1708 8641 5353 4912 1573 2240 9712 1853 9898 7371 6156 900 6792 6881 5840 1794 5987 2824 3193 8366 443 2245 2583 5359 3315 5744 1986 9636 3672 6807 6041 695 2740 129 7347 4304 1699 6502 1896 3861 7009 1033 5724 7328 2543 2411 8272 4100 4168 3458 5343 7846 7857 5824 5774 8371 3863 3663 5440 2602 2774 211 2200 1400 1292 6974 8769 4630 2465 3768 1481 1835 7281 2760 7835 4681 6141 1031
5811 6913 6737 8125 9783 5876 7497 9233 3371 3255 1456 3487 2012 9643 6292 6240 3678 8168 6759 9301 1432 1151 8931 3838 2450 8165 5286 7263 957 0 4365 9001 3239 9512 5915 8838 8169 6893 373 5348 9955 1547 8897 2090 862 8036 5500 4079 4358 8383 6059 8299 3270 2563 2240 7917 5773 1976 850 5482 8388 6752 5006 1626 714 5564 5884 6711 4953 6972 8057 9769 4647 8676 5434 554 442 7355 6761 6575 6420 6500 9510 5505 6198 1206 3864 3562 7034 1497 2965 617 9021 9346 5414 5306 4614 7268 3887 7782 4296 3663 3580 7243 275 2387 3310 4716 254 5473 872 8354 9183 2782 358 7837 5653 8225 7572 860 8222 1985 1499 6175 5357 4527 9721 8604 7620 3056 7339 1360 6986 3195 5955 7475 7075 4466 8579 8165 8560 3595 9867 6066 2208 4950 4959 9957 78 3660 2202 5917 7125 6838 3752 4837 5141 4562 9534 4834 9235 1090 7043 2587 7495 7722 6479 7687 2188 8157 6621 9553 1270 7931 1170 5521 9281 3023 7600 2969 4265 6615 9112 1755 5387 7150 4584 7612 3487 6987 5379 4572 9716 3311 5412 3209 96 9246 4384 4802 8611 2266 3897 271 5199 3969 5072 9537 2088 9184 6480 878 8812 4383 2515 2702 4052 7391 3419 5149 3111 109 3972 2388 9558 9715 1983 1770 9501 1179 2711 558 8579 2802 8358 4256 4560 1339 1932 2188 948 4614 4274 4746 6236 8388 7969 581 8208 6220
8215 622 2379 8492 4824 4245 4555 2958 2265 8399 889 8667 681 8941 2094 3299 2716 7196 1761 1972 7861 6337 311 2069 2612 3385 9135 9165 2951 4365 0 4077 5060 3893 6363 162 7912 3129 4023 7700 2418 3144 8343 5331 2355 4614 263 8320 9906 3233 6830 6303 6748 9470 9207 9520 1488 969 3572 6869 7359 554 9590 6436 7644 4385 752 6908 3452 1080 7303 6386 2687 7702 6745 3613 8728 9894 3344 1930 3437 9821 7816 9351 1443 8440 979 6199 2770 6026 8290 6347 6128 7894 319 162 8728 6893 7071 7666 2154 9676 5747 3976 8755 5534 2122 275 8865 1080 7170 8773 1909 7047 4751 3490 423 6856 8628 4153 2404 9638 2009 9640 3565 9976 3610 6551 4272 7510 314 3699 4771 7245 2171 208 297 4093 6546 5721 8680 6284 5171 6736 8417 5248 9251 6974 1483 6648 6635 124 7335 8549 3679 5327 5244 8483 268 6582 9207 6726 677 5341 4251 3093 3494 7705 7074 9469 5507 7329 6430 1189 6044 4812 515 9993 2539 7894 7120 3238 69 5229 7740 9693 4717 7091 2589 3166 5016 6985 8531 9857 8536 2325 8145 9344 8989 5417 4420 6484 3533 9106 1875 2998 2427 3826 1446 234 7191 2106 2493 9967 2314 3284 8352 851 1038 128 3958 8459 2725 3548 3370 9912 6432 3328 86 4361 7257 1239 4127 4616 5569 9326 3315 8972 6441 8047 6197 9489 2763 5111 1233 6544 4956 2640 5688 6486
5118 7603 739 3867 2693 5946 6465 4466 9706 7202 6214 538 8226 5348 6071 1741 8910 3180 2508 5569 121 2732 9778 5844 1073 5871 8676 5995 9433 9001 4077 0 2819 2910 9048 7759 2273 9782 1877 3220 8007 6716 2477 5536 1238 9569 6599 3535 8352 215 3430 2040 1784 4103 6637 333 2876 6602 9892 8929 2768 6214 5774 3396 3308 9456 1996 3192 618 9716 2663 6808 3254 1239 7979 2793 2945 3949 3473 4845 9455 5005 184 7478 2351 5677 9550 220 8489 4742 1557 1839 6100 708 9655 2836 957 8606 2409 7121 2019 99 4272 7185 7016 7874 841 9091 1123 2223 4973 7623 7113 5631 4003 3815 8793 1995 5358 6349 2290 6344 1185 7577 9675 6826 7676 7682 3879 6095 2424 6718 6499 4662 4646 2074 789 328 411 9080 6010 801 3437 1927 2896 7454 6622 7831 7720 2744 1328 4791 5827 7624 2631 5228 1585 9041 4927 190 3127 9708 8873 2731 2616 9059 9748 8293 6378 5680 1964 7420 371 6176 7208 1435 9519 1960 4063 822 6230 1366 6296 3462 3756 2125 1358 4717 5172 5088 4901 5742 7716 1263 3678 4345 8854 3045 9823 3073 6060 5769 6622 3007 8207 3211 4393 9137 9218 9305 5241 6552 2663 4151 7949 7217 7683 2101 5146 7152 6481 8876 4549 8478 9373 4740 9461 1968 5717 6178 1565 6433 6195 9323 1955 540 3364 2383 45 9676 9830 2051 8203 4078 6780 1896 9295 7327 9406 924
