250
0 7132 7566 9069 2104 8301 4445 3263 6839 5985 1719 9368 7988 1356 5874 7325 8690 3222 9623 7247 1036 575 7899 2763 3994 3058 1693 5499 373 6075 4416 7431 4480 8862 9016 3290 9218 1568 1201 6566 1031 3589 6538 3211 5295 6935 5475 7972 7726 4647 2351 7449 8267 4575 9287 4592 6365 748 7364 9914 6378 1790 7659 1848 4739 1249 3789 5006 4058 6701 8720 5428 3535 3283 7163 4230 3660 1568 6770 4697 5532 9038 595 3515 3769 2670 3645 9883 5805 47 6882 4867 6540 4164 5370 264 7950 3739 7706 524 630 8002 3996 1727 9142 3392 9127 9675 8903 9819 3216 884 3328 2071 9382 1584 522 4795 9504 1697 2139 2695 4794 4097 8740 1733 3477 9070 7011 9072 6348 3153 4845 1462 4611 8250 6049 7251 4826 3921 9721 2951 6332 3702 1420 3433 9010 2892 888 9473 627 8075 3761 5761 1213 2590 9992 7922 4935 6136 1289 6477 5370 9550 8829 1494 2278 7643 360 9115 1294 9842 131 8178 1212 7405 2650 7886 8068 6747 3634 8981 7546 3799 2023 509 113 1583 38 7887 5166 7607 5874 5370 3598 4601 774 2111 84 3162 9908 726 2845 3505 3016 7998 9600 6343 7736 8400 8665 1006 4815 1455 5335 7426 9426 3404 7039 8046 9057 4607 3087 5120 2825 415 1575 2469 3261 8638 2033 7940 2719 7003 5739 7190 9454 2075 1790 2796 6609 592 5158 6857 8394 5414 1879 8641 3420 7038
7132 0 2015 3519 7309 1107 7317 5417 2422 848 5435 4257 272 380 8274 1443 5649 8511 1233 9229 3600 1031 8879 8271 8978 4868 5043 7793 3807 4591 2115 7362 4870 2987 1919 8640 534 9065 6704 6013 6105 5508 5841 2713 9304 5771 3035 3925 9735 6592 2135 861 4423 1000 3568 1935 8352 9020 9906 3852 9353 4706 1522 6813 249 4281 7157 7907 5820 99 4989 1089 3393 2624 9678 2766 2526 2351 2431 4337 9101 9505 1099 774 4958 6358 156 5658 2148 6872 7948 4471 6629 7066 1227 9119 4285 703 5574 7731 8355 4792 3205 6988 9207 3952 536 4484 2068 6469 928 6846 5685 6442 5886 5965 9638 6346 5202 9710 5598 3884 3235 5991 4050 5264 1921 2031 5240 1174 677 6622 2230 6501 8646 6118 4428 4480 9240 8457 9997 286 9937 5877 6455 6230 4655 659 3699 52 8328 8812 5544 252 4509 3405 2728 1405 3779 9995 6178 4574 3335 466 5115 9488 3659 9591 515 2677 495 9455 5042 2647 8581 9640 2236 85 9893 4482 4705 2283 5829 1436 1711 8062 4364 9571 1219 5302 7040 7170 6554 949 1629 800 6429 2316 1880 3922 703 3486 2302 6437 148 8364 2897 2832 9982 1318 5849 3389 1906 5273 767 658 3335 253 5417 4008 1392 4953 1222 299 1195 551 3149 5904 3920 9641 4921 8361 3710 631 4028 5041 7952 9683 4539 8689 2737 8500 6047 7833 1426 5253 7947 9901 1176 3556
7566 2015 0 3474 1019 9381 5365 2834 8192 914 8305 8337 3463 851 7568 2567 7270 4525 5436 4081 8214 3761 6487 9244 1726 1759 7207 5333 8070 7952 2822 5131 3027 4092 7509 5305 2454 6380 7432 4955 9397 5918 9357 6883 4965 8757 9987 2975 9030 5449 2810 7326 2679 6784 7637 2375 8509 6080 8229 4793 8075 7906 7193 602 4604 9920 4006 4944 8689 1293 8762 6146 7094 2126 9937 6801 802 867 5693 3486 565 8884 7416 382 9880 4758 194 4750 61 7826 5673 9690 8368 7288 1069 2184 6750 6736 1793 1090 9600 2176 4020 3644 3930 2062 2927 9327 6546 94 7214 7500 3146 7996 7089 2269 782 736 1522 1894 3418 4351 7100 2776 1897 2112 2622 361 2595 4494 371 258 4840 3892 3690 8026 1110 1495 3192 7800 5149 1649 138 2030 257 8947 9660 2127 6533 8822 1271 5351 954 9440 7371 2619 1503 6840 3411 5190 1361 1306 5282 2947 1637 4118 98 9658 4096 6379 4299 8244 8712 4742 173 6538 8897 3408 7651 6796 5690 5720 4470 3074 9616 4191 7417 338 2898 9521 7803 9969 6199 8590 3609 553 3841 9105 8210 1495 4495 8385 3780 4848 2166 6251 7620 9470 2610 5797 3670 224 5282 5643 9757 5700 6230 5297 3615 6602 2760 771 3213 268 6275 7237 7880 4695 9760 1634 31 6090 4737 8119 5063 716 7121 1667 2965 3033 7374 9143 2888 2893 8638 4988 7018 4632 7550 3404
9069 3519 3474 0 1456 9307 990 6182 9176 7821 5354 2503 326 3811 3184 7599 6198 3130 4308 1824 6559 2370 2498 8682 4547 6656 9640 8469 163 3617 8249 7160 2921 5814 3302 6127 1872 4368 1161 129 9675 1205 2574 9644 1633 7901 1319 7071 1773 3419 7601 5014 9103 3692 1138 4678 3702 9615 2179 2152 1508 3076 1093 77 8674 5607 3326 2256 8289 8607 2902 682 4649 1486 7000 3827 5221 1032 5343 9595 9679 5831 5347 8960 655 7835 1994 814 8910 9249 5562 8029 2341 8797 6236 6726 9007 4083 7861 4482 5114 9289 7744 3113 3173 6155 3378 9308 7701 2609 6814 8523 9827 9797 6595 8962 7508 4843 1445 4939 5359 4523 5321 5526 566 9184 8658 7137 8910 3481 9002 5753 580 5281 1992 6043 6656 2558 6213 4695 6685 4500 8550 4421 1409 1812 5632 2909 4289 1916 5160 7335 6597 6579 4237 9270 11 7257 1684 5576 9383 9256 5958 2164 6323 6560 5121 1393 7082 7324 8226 4060 4117 1144 5623 9941 6405 4558 9203 6845 664 3457 3451 6264 2328 289 7552 607 6278 2156 1322 4898 3435 3047 5475 9321 6002 7105 1919 5389 3880 4927 577 3400 1964 6613 1416 6604 6898 2347 569 5491 7146 1334 2290 857 2016 9102 9745 9977 3870 7969 606 2774 1881 3989 8745 6492 9105 9175 664 3665 3012 6585 1117 4530 2121 7728 2223 3497 2941 7883 4017 5096 3481 5153 9931 8593 7812 7250
2104 7309 1019 1456 0 9745 2281 7255 1392 9206 7352 7187 6798 689 1436 8134 6894 8315 734 7825 6321 7368 8895 4753 4227 4895 7366 1659 3587 5814 7214 5732 9743 2290 1926 7270 3482 8594 354 9024 8458 5789 4465 6611 2264 4774 1714 1762 3856 8197 5725 5844 1189 6199 9015 8889 1906 7860 3658 4706 2621 3661 5648 3117 4714 3035 5467 9124 4116 9964 6169 2925 7314 9963 185 591 2558 6566 8191 2390 5567 7981 8242 7515 6355 260 8759 3398 9485 57 89 5826 2935 8580 1643 5121 4296 3517 1886 3546 8602 6416 5021 5957 8507 5196 5162 2638 8135 2522 3648 8051 8193 7164 4321 9793 7044 610 5027 7336 7236 863 3639 3028 4896 5174 2050 6652 7503 9827 5506 1726 1387 2688 199 4417 7035 2607 4671 2923 8006 77 1700 2258 7989 2259 7986 3141 5198 1280 617 8336 6416 9625 9001 7874 9715 9230 836 7775 3018 1539 6900 1300 7684 512 1182 2526 7874 6847 326 9404 1514 8842 7789 2509 2807 5728 938 9028 2921 5251 643 8207 5133 2837 5421 8499 9429 5144 2171 252 5933 1314 1 1258 967 1058 5782 8616 2469 8381 4265 8527 3449 3466 8754 994 8062 9321 5645 7240 2515 5594 1127 1993 9789 4907 6966 7522 7507 6946 898 9252 5180 9877 1795 1833 8325 638 5715 5106 4744 3199 1082 4756 162 8593 1060 4401 7234 8540 6582 7848 7455 4825 7548 9611 7543 7111
8301 1107 9381 9307 9745 0 1311 1270 9332 2688 4277 7326 9712 3713 6560 6055 3085 5183 3232 7037 9703 2287 1229 4342 9363 754 1987 255 4338 4827 5240 4729 2140 9348 4980 1850 2199 1801 1972 4203 4530 7479 8132 4649 4537 6695 6588 8898 3472 9499 637 4054 7234 6998 6605 867 2586 97 3742 3258 1250 566 7769 8256 507 5908 8983 95 3170 8733 6993 5847 5316 3103 1217 156 8275 711 3202 9646 2222 1559 7777 9713 7917 6417 8134 6209 3898 2100 4904 6724 6426 7084 2755 1640 9681 2008 1618 946 968 9371 2731 7324 3337 7357 1382 6381 1655 2124 7203 6166 3393 5544 5645 8404 3628 5741 2132 7506 2014 7178 577 2607 895 4747 7568 6010 3894 2068 6464 4738 7972 9430 9976 2978 7857 5235 3352 3599 5257 4075 2243 5140 6953 9709 3430 2175 3274 4561 2837 2504 4660 3883 1980 7437 8871 2735 929 7150 1968 7332 1894 4871 1848 948 5971 7398 9116 6645 3191 9170 4498 5674 8418 8031 767 2005 1154 7576 4762 6497 3870 6793 3212 2092 2908 4990 9032 2303 874 4312 5699 1937 3459 9893 2010 4743 6415 6005 1454 3903 2173 8699 442 1209 7893 3765 5552 5397 8896 408 113 4807 9241 2038 7053 6672 5643 620 4630 682 2402 9371 4124 2770 2612 7244 7652 6354 531 7211 5577 4533 5377 8682 4566 771 3160 7537 1522 368 4919 7075 7869 103 9790 9638 9850 5356
4445 7317 5365 990 2281 1311 0 8753 9807 3700 4854 9791 2747 9055 155 2454 8211 166 2249 1583 9305 6752 8686 2744 2493 8067 713 2412 4180 5841 5240 2407 6088 5535 1363 7132 7655 2222 5276 554 9708 5028 15 2648 732 9309 7103 1152 8190 7570 4403 2311 893 4925 1870 952 2559 7314 7202 7047 1643 5462 6554 1969 2511 9926 6877 4625 7840 9003 7383 7818 4351 9635 3188 8221 185 5849 4868 2923 2683 8324 4611 3484 887 4861 4139 8218 8191 459 3145 6742 6772 1017 433 2447 1809 2543 5070 8114 3695 8886 7534 8098 7382 1297 17 6499 1226 4582 3089 8917 9728 4241 5665 7567 6517 8451 5984 9345 4418 786 3393 2620 5868 6728 3158 2865 2696 4509 3707 3665 3197 9923 9007 1143 2044 6748 5062 8121 9878 6637 6576 7822 3413 7764 5584 805 3644 5241 6283 8596 9986 72 6473 6662 4244 3698 171 7615 2793 2695 1405 2237 6912 3822 833 6618 4608 4384 4591 2470 1026 5798 2540 7452 2052 7939 6033 1567 6653 4550 6764 4576 7121 8515 6901 5459 8812 4891 5351 2149 4891 7271 4880 5941 9266 6910 7079 4744 815 241 1654 3564 6934 5132 605 7068 9600 5448 8959 6710 4470 1001 8006 9848 8982 3645 7659 4211 6124 2051 2035 7093 469 6901 8906 5074 9253 8770 577 1754 5847 1621 9596 3342 5610 8715 7230 8116 7437 1240 1496 3777 3725 8088 8805 1058 2597 5709
3263 5417 2834 6182 7255 1270 8753 0 7579 847 9823 9073 2241 882 2884 6360 912 6136 7408 5844 7693 3787 5834 342 1121 814 5037 8805 4435 5567 2525 1771 4309 7249 6686 7177 8074 5246 4622 2694 1649 5262 2920 5678 4879 8725 9665 4070 4372 3953 7029 6405 1888 2429 4358 2452 5739 7995 6572 2085 5549 169 4860 1870 3582 9952 7859 1069 5950 1562 2854 1254 8107 1137 3707 614 5289 4393 7812 2399 3459 3201 1213 2998 5938 4304 5354 5809 422 4738 6606 2333 6847 5924 4880 7959 42 1858 5002 7845 9913 2362 2594 5820 9636 7065 7145 9234 9275 1019 5039 4911 4405 8371 2392 9189 3452 9481 6952 3335 2376 1622 7283 5859 917 3214 4371 158 1103 439 2086 6497 7720 4924 4984 9263 2358 9570 3533 7529 8196 6160 2586 7125 3231 4621 4208 5312 8790 7430 8887 8913 1486 4049 5576 8533 9578 6065 9632 1431 3181 8424 9626 883 4231 6981 9245 2164 1487 5804 2987 8385 7806 56 7015 3802 7416 5630 2205 9514 3629 6530 6856 742 3235 7577 2727 4599 8933 821 721 595 9397 1908 5226 1482 5295 9616 2024 8162 1582 6124 218 8632 3795 4112 3697 2114 4852 3739 4646 6890 1187 6983 4910 2593 6648 4051 3166 5809 7731 4286 955 7618 114 6335 8214 6108 4302 853 8536 869 692 3814 7377 4799 728 1386 1421 8652 4053 5965 877 405 9808 1791 5723 7580 6273 6623
6839 2422 8192 9176 1392 9332 9807 7579 0 8260 2334 187 8068 9126 1876 7104 2213 3540 1875 1075 5495 9237 9375 4599 4499 1415 8907 2994 400 8898 7080 7414 5255 5748 4581 6021 7346 909 6629 496 5960 7516 1931 5504 9510 2141 4641 4846 7201 9811 3558 2332 7597 1255 3215 5366 4169 9453 1245 9876 1236 7207 4349 4549 532 3979 7978 3656 3440 3273 3506 1609 5724 3421 1407 2967 3860 8666 6302 6930 7261 1699 3640 8609 6925 8089 1603 4472 3578 2247 9847 7349 9460 3882 1767 1836 8871 475 1015 8605 3998 4948 5450 7158 4235 4247 7083 1468 6738 9131 8776 2825 5689 9549 1932 1905 2577 86 1766 2370 2940 1141 3799 8445 3087 9663 1082 7466 2740 2219 7934 3027 7165 5421 9979 1385 8152 5542 1063 5679 2842 4614 5634 3360 2571 8937 27 4273 4035 7596 1976 1194 5245 7718 2102 605 1727 5925 4229 7249 8554 2391 7797 5400 4510 171 1049 4714 5541 1182 6380 8531 3003 1188 679 8662 7370 6235 257 4877 1515 5814 2092 2904 354 4698 2666 8872 9230 9553 5821 9704 2431 1445 7276 1760 5771 8276 9434 8243 7750 8076 3705 692 8034 7512 6148 5814 5945 3479 9777 6929 7235 4067 2039 981 1143 401 427 8665 7782 1765 354 6337 2442 612 3322 2452 9239 8708 6420 7120 4912 1874 5522 5500 9928 5694 2002 2393 138 2908 3400 4197 2616 9851 7589 7653 1241 6460
5985 848 914 7821 9206 2688 3700 847 8260 0 5456 5618 1539 1084 3556 1081 7292 5125 7074 3380 866 6270 5254 5026 6575 4978 6282 5674 2260 5212 6797 9059 6360 6844 5650 4647 2068 2285 8648 5301 4143 4875 8797 1843 2824 8875 9156 2404 5564 7231 8186 6962 9165 3618 9259 4363 2837 4315 7776 8753 5812 5995 3059 1191 3728 7510 9528 2399 7948 8275 3237 3257 7788 5395 4049 8891 3158 4502 4229 1789 3557 1919 1914 4192 9851 4426 6062 5700 5396 3705 9516 9046 18 2127 9414 4288 3980 154 7041 6531 4421 4402 5810 9236 2460 296 4111 5107 8087 2364 5288 876 5967 3282 6224 9457 1864 9277 7859 3647 6601 8583 2814 5067 2668 6298 5792 6521 2815 8061 4164 2979 4098 4469 9044 6208 8421 1956 1177 7281 5657 1605 4563 3829 4756 5419 1530 3966 7451 5036 5858 1002 2203 5711 1661 9501 5070 6128 1551 5992 383 4211 7822 5732 1707 4205 9292 6903 883 8542 4056 8378 5357 1423 1094 6474 1788 5561 7075 1294 7847 3661 4004 7722 2421 3734 9410 9891 8960 486 7624 6545 5039 744 5637 252 3299 8024 530 3133 8823 5718 7290 2186 9091 3082 6550 6276 2626 3035 5926 1476 403 3279 3323 3592 1560 405 1473 9675 8474 1227 4415 7638 2792 2077 1090 9555 5648 2442 1759 6786 5701 4295 1236 2272 175 801 1855 9337 2457 5881 1090 690 2750 8357 6228 9291 7664 6801
1719 5435 8305 5354 7352 4277 4854 9823 2334 5456 0 606 6203 464 3651 5971 8457 7629 8696 8758 1772 2687 4052 9082 3363 4367 2875 1128 9291 500 362 2668 8646 8817 5063 4909 528 4784 407 1094 5077 8932 4128 326 4931 7160 3253 3051 7159 6464 8544 8804 8497 4152 3548 412 6919 2204 9225 6881 3240 8524 7436 7242 1870 4042 4753 219 8725 519 9700 9101 138 9090 1339 8004 4299 6705 3488 9331 2030 985 9542 7169 3240 7218 6662 4559 67 2313 5720 8828 3105 8312 8964 2196 9244 861 167 6393 9488 2577 787 6135 2257 8438 6549 9444 7558 7393 835 8695 137 6700 7178 493 7093 2625 1663 154 8727 9142 264 7246 6337 6047 8970 5233 4203 7393 3 9245 3829 8825 4504 1787 3467 7148 1444 8045 4407 3229 7895 642 7460 2116 5237 8212 1283 9383 8977 8290 8109 5483 7749 6060 4527 7960 5293 9228 2877 7373 7918 204 2450 3089 7113 7768 6345 7898 7431 2833 3426 246 7469 6008 4783 561 7081 9284 1724 3904 7537 4324 1018 6660 6055 2365 7130 4330 8838 2431 7383 2328 2535 6057 1046 1126 6576 3634 332 6604 134 4290 2006 7122 7380 8965 7102 7572 7234 4878 3872 1527 5116 5226 3192 8771 2775 4414 9590 1044 1138 8707 4945 4955 3099 263 4382 6568 3590 3574 8216 6455 6268 6532 9692 4739 2986 5874 1562 5898 3570 5545 973 891 9446 9293 7965 2990
9368 4257 8337 2503 7187 7326 9791 9073 187 5618 606 0 8782 9023 9989 7910 8481 9009 8893 800 4569 1738 297 1875 3566 4832 7071 6497 1845 2862 2713 3789 1876 4731 1770 1037 9489 8046 890 1815 1972 3044 7410 1286 8014 4504 1568 4091 9806 8228 3705 2052 3432 425 3347 4190 2738 4044 4649 5621 6617 433 5320 2890 7050 4908 7177 1183 7725 5045 2403 5422 3804 1423 8837 2542 8723 1435 5367 4739 6219 7403 972 8397 8354 2475 7196 9734 5750 2291 1876 3553 6999 9900 8403 4228 6085 5490 7820 3733 243 3438 1410 9451 5077 8949 4646 7200 3161 8001 4419 826 6560 8770 6366 1648 8803 9929 61 87 9299 1101 2889 6552 155 7896 6736 2788 5103 209 9978 4129 7623 9226 1789 9986 508 4450 5559 5603 7328 5665 2204 3136 2108 3629 4586 5338 8090 8699 4607 6337 7377 281 9110 8064 8881 3512 2165 5707 8244 6118 8784 3678 8428 9572 1474 3786 7318 3282 9556 6307 2456 9670 6811 4221 1534 517 3950 7165 1274 4671 3621 9032 2934 8941 2710 2728 1065 9532 4414 1494 334 4115 4791 3443 6546 1892 9404 7125 9027 303 4690 6503 6600 5603 5400 1607 1915 4995 2162 3338 5269 8689 8298 6103 5060 4720 9035 550 1205 7688 2294 9254 1139 712 4798 449 3805 8780 7533 735 1160 1134 3005 9062 4406 551 3999 288 8499 3522 5278 4015 9401 3400 421 1325 7424 1051
7988 272 3463 326 6798 9712 2747 2241 8068 1539 6203 8782 0 5312 3645 6261 8756 1639 7378 1139 6047 8398 3 2645 5005 7705 4351 6349 5016 8565 7951 8316 6330 1963 7349 7058 197 3566 9894 3914 4607 5649 2631 2818 9327 321 7957 6958 7063 9360 8782 9656 6023 661 695 5304 708 1037 952 4867 7753 6905 6601 8616 7202 433 298 4963 1067 9236 7320 3075 7136 9971 1677 1084 8158 2534 410 4977 9025 4378 9239 3826 4700 2776 9237 8005 6286 9681 8183 6242 2453 2272 236 8819 5427 8096 7760 2361 3016 5195 4116 262 6030 7117 7131 4062 7555 7237 5922 6335 8079 632 6999 3929 2146 7885 5476 2881 7827 3557 7003 8360 2737 9724 1012 1708 2437 6175 9806 554 6554 9393 3409 3589 9533 4403 696 4682 7331 9213 2831 152 9078 307 544 1847 4951 6026 3983 2467 8098 2156 6071 5703 6341 2787 9046 2764 5290 6919 7655 8355 2489 656 5007 7236 9279 4870 1966 2028 1516 325 7882 90 15 7993 4637 7522 4480 5984 164 2363 3232 1258 1886 3166 4172 6347 7614 1474 1904 987 1962 45 5779 1490 3252 7681 6570 4720 8761 2553 4734 9290 5863 917 4301 4079 3185 9402 62 7202 9476 8793 4698 3890 3617 5863 2692 8816 2286 2117 1403 8673 3655 3308 1189 2511 3470 7467 4155 1988 232 1082 5708 855 3235 9703 9686 8440 3973 995 6199 5274 2981 4668 2552 6186
1356 380 851 3811 689 3713 9055 882 9126 1084 464 9023 5312 0 6348 5972 3632 2019 7312 5698 7142 7135 2635 4318 9912 8248 5784 4975 6930 6705 5447 8623 2253 8151 4215 4296 9252 1168 3948 4417 153 7368 6360 7067 5599 8587 2787 6615 6916 6166 8284 5667 2962 4149 7480 705 1431 3993 2071 8564 870 1548 4742 9271 66 3031 9843 505 4180 9607 6556 8292 1235 5081 4103 6213 6173 2924 8335 2916 6075 1394 809 8990 9572 2953 3316 9484 7913 3696 3353 9601 1149 1797 9579 2195 4091 9164 3238 7318 2981 8881 2123 883 2744 4565 4631 8236 485 1065 1209 3017 1782 2844 7186 3262 595 1036 3991 4455 6277 5862 129 1003 5418 7167 5635 2685 1749 9478 6950 1012 9193 9146 6316 9453 3735 1707 4337 1972 4682 2505 5864 4678 7198 4043 1288 7773 9211 2317 9012 8531 2576 1468 5810 6264 3579 1906 9005 3835 1584 7268 7066 9202 2853 3511 6019 438 1315 4882 9812 7049 5309 6398 231 854 562 313 6836 3291 4671 7483 74 5575 6565 9785 5877 5910 6226 9624 9307 6078 5263 1901 9489 678 7821 211 6126 6903 731 6333 2527 4888 626 234 3766 9110 3468 225 1557 5004 4733 9348 8602 1005 7604 9699 9182 900 2957 1347 7951 393 6809 7594 8308 8807 3041 1648 7538 6754 9249 8541 828 4560 1911 5187 4162 6988 9734 2909 7864 6663 208 4049 6925 2947 1774 1027
5874 8274 7568 3184 1436 6560 155 2884 1876 3556 3651 9989 3645 6348 0 9271 3286 7073 567 8314 3481 8879 7902 9798 7971 7977 3249 1555 8022 5381 297 6758 8212 1130 222 2126 2155 2220 4983 1396 5154 6999 3955 172 8578 3228 1665 493 7234 5888 6630 5591 8951 7380 4173 4442 2641 9840 3109 1583 7976 3332 7577 9279 1264 9018 4071 855 7660 9245 6707 4155 7683 288 7454 8933 897 9242 1567 2676 356 6080 8979 6935 2492 1949 3598 1453 4013 9520 1430 749 248 5153 7529 3236 5775 6994 2283 4482 8520 7724 3392 9941 3588 4431 8192 643 5070 8139 7732 9247 1504 5832 6672 4398 3163 2384 8236 9441 3209 3211 3603 2655 7158 6859 1166 219 4040 3973 3992 5416 9096 4120 2058 4510 3860 6727 4302 8180 5588 7093 111 7896 7918 5591 1211 6615 5032 6933 3206 9775 8006 5725 2240 9209 6576 1559 4810 124 1800 5257 3822 8803 9587 7598 1313 6530 5605 6294 2874 5259 6567 5464 5639 9006 9656 1214 48 9599 1713 5156 4042 4938 2803 8827 6005 8584 8794 637 583 5722 9254 9294 5714 4302 9832 5757 9497 4367 9953 6305 5320 9332 7197 9288 5715 8318 733 9111 739 96 9626 3300 1250 6960 3695 9520 4706 3837 7461 9821 2396 4694 2046 4553 2479 8704 3076 736 8253 5606 5065 9006 3913 6447 2522 6570 4098 6035 6085 5439 3012 1831 6487 8505 4773 6765 5682 4187
7325 1443 2567 7599 8134 6055 2454 6360 7104 1081 5971 7910 6261 5972 9271 0 4408 6750 4267 8777 7512 6262 7848 6107 9601 5197 9698 4103 5150 2362 5194 7649 7391 9899 4393 4548 1854 3602 7604 9397 4889 4340 8244 9415 6968 3558 5303 7880 6674 8785 9511 8691 3642 4007 7609 472 3130 1324 5724 9776 9883 3146 7029 8212 5247 9997 1951 4539 4514 3743 4878 494 5449 2192 3690 3806 2930 6941 4569 5689 2697 6381 5797 1380 8156 3013 9990 9159 15 1454 473 6640 8053 8558 1854 6031 9066 2002 7698 1947 2175 2556 2569 7685 52 9155 8427 1026 1609 8610 19 3312 3062 1984 9735 1279 3836 9973 3716 1548 8030 3509 2742 2377 4887 3903 6018 5991 4409 5305 9459 9492 3005 2507 6927 5169 5655 3145 2887 5201 4384 4945 9237 4018 5686 7777 2455 8990 949 5720 1669 6120 3315 7010 422 8190 6900 9716 9190 7574 3875 2303 1853 7393 3992 7625 9954 7003 4191 9462 5828 6566 9748 6777 5078 1907 9298 6394 4477 460 1403 590 4830 9597 9453 9564 1720 381 911 7245 6856 2715 6296 1495 7131 2754 7972 7568 3766 6470 604 7947 8110 827 4341 6151 7207 331 8802 3132 9510 5970 7193 1467 1763 1132 3317 4033 2581 6116 4488 5471 120 5828 1833 8900 7938 8817 3664 914 7659 5641 2966 9393 2930 9323 2168 2190 2534 396 2130 6786 875 4508 3398 6770 3499 5317 4353 2603
8690 5649 7270 6198 6894 3085 8211 912 2213 7292 8457 8481 8756 3632 3286 4408 0 6412 8897 8856 3580 1257 8935 977 3949 840 8640 3800 8214 4302 6826 6583 6359 6436 8857 2927 4203 2031 2734 5996 1242 678 5990 177 8874 2863 2404 2195 5988 263 9406 6452 2256 8409 6217 9319 2778 173 983 8369 559 7800 9665 1931 6615 1283 4583 1970 420 6074 4700 2338 4266 9332 7057 7224 7408 9009 8764 7647 4915 4478 2456 8408 2401 4559 7023 1002 9468 4891 9255 147 4123 3000 4298 4743 5422 6633 3668 1847 4974 167 3483 9894 2285 3933 7364 5321 5879 4393 8242 5837 8705 7806 670 5171 4856 6227 1002 8092 7100 9790 7398 1122 1897 7353 2741 8467 3588 4837 7912 8422 1120 7535 2897 8492 563 519 5362 2630 7795 2902 6342 4273 2157 8544 7490 6850 731 3580 2137 2895 8548 87 7727 1464 7748 3113 2972 2089 8324 1429 5699 2249 1242 5270 1370 2907 7671 3606 3380 333 2269 7901 3105 1507 2561 4350 3698 1444 4989 2509 9008 1309 9654 7256 7440 9954 8109 6494 4790 4816 9658 6070 9284 6830 400 6523 2106 2654 1478 8168 1994 9746 3614 4111 5337 8951 6699 3353 2630 5093 1134 3039 4152 1904 2968 898 3449 7250 3599 8452 9197 3651 5456 6937 5299 7123 6789 4124 2366 6901 4964 5196 7546 5170 8359 5844 4826 9638 5245 298 5622 1525 9898 9156 3845 5730 9381 8492
3222 8511 4525 3130 8315 5183 166 6136 3540 5125 7629 9009 1639 2019 7073 6750 6412 0 8754 6057 2203 7906 5666 1126 7144 8248 7976 5601 5404 4448 170 4158 7306 9794 3337 1174 2238 6133 3898 7584 6130 290 8816 7862 9438 6877 9737 8073 547 6677 44 4231 2384 763 4479 666 2051 8477 6015 4597 2613 9253 8667 900 4897 1273 5068 6723 1989 9666 3904 6221 3240 7700 6512 4943 6532 5960 9817 4787 6206 2575 4646 6077 4535 9938 657 577 8899 9204 6085 8714 9997 2209 2501 6830 4112 1753 2431 5841 6965 307 76 844 7578 9312 457 3336 932 680 6076 2322 844 5287 5814 3407 7796 9761 5309 8003 9462 6689 4814 8503 6059 8700 5619 9173 5724 2586 5046 414 7626 1978 1251 5311 9575 1180 451 2526 9111 3224 8464 3669 186 2466 5924 6431 5342 2527 9624 9332 7709 8221 4948 1947 2632 6511 476 731 6708 6891 7105 7993 7511 280 679 7455 4507 7229 9668 3292 501 8710 864 9481 9963 6208 3896 5492 8461 7043 7221 9527 1577 99 3500 8478 9325 8470 8744 7595 748 3145 5317 999 1233 841 6844 7075 6210 5411 3219 8050 9967 1625 1977 1626 2304 7898 8124 880 979 4731 1630 1128 5588 7485 9464 5168 9350 5361 346 6553 5790 7403 2025 8652 6744 8672 5253 6132 295 9387 5583 1632 8349 2029 7027 542 3160 7809 1359 4663 9551 2106 2948 7544 2023 8729
9623 1233 5436 4308 734 3232 2249 7408 1875 7074 8696 8893 7378 7312 567 4267 8897 8754 0 7135 3300 7755 7165 8133 9222 3143 7410 9128 3832 9579 244 7840 4936 1908 7607 6366 4440 4008 2283 3312 407 5691 238 8458 8678 4359 920 1901 1000 9763 4556 7224 7157 1777 4403 9562 6288 3577 5966 240 811 8704 5861 6443 8161 3282 4252 7922 5122 8447 1984 6204 1430 4619 381 4781 7761 1184 1176 3055 5130 848 6764 4556 4523 6316 4560 7318 7337 6422 1607 4483 6326 2988 9618 5885 1218 1837 8790 3455 9800 2377 5784 1472 1792 7527 2683 1453 54 6793 4278 8100 4461 956 6717 4117 6614 178 2347 8637 6076 2939 8790 5343 9398 8365 1610 5007 8361 566 8301 8295 9940 4173 1156 6312 5657 2395 4393 8647 9749 6748 5561 9678 4785 9189 6289 9964 4656 8502 6656 793 850 3109 7825 410 6279 6605 371 7578 4017 7290 3309 5154 3404 214 159 301 3765 8764 2015 3991 2424 9288 5976 9541 5658 9746 891 2293 612 4849 5841 9636 3413 2731 9 4345 2571 6894 5039 1632 4752 2017 4373 3213 4879 1732 1044 8424 595 4654 126 3940 7602 6812 1372 3038 9042 7705 4686 1786 4733 8077 6768 6875 6749 3791 463 3630 9407 5389 1996 3969 3438 8216 9083 4036 4967 6319 4142 106 576 2786 4961 6939 1598 2861 759 7434 86 8312 8676 7124 4316 3770 2734 8423 3499 3930
7247 9229 4081 1824 7825 7037 1583 5844 1075 3380 8758 800 1139 5698 8314 8777 8856 6057 7135 0 8976 667 5074 5247 7606 7851 5722 7233 7427 4125 482 4022 8271 3511 2415 8487 2718 8850 46 4925 6998 8935 1914 6046 5961 4466 2188 232 2927 7264 5685 4879 5250 4122 9351 9918 5753 151 530 422 67 523 9947 6988 7117 6138 6201 6865 2720 6106 7582 685 3477 4616 2453 8267 3482 9365 1355 6772 3814 4808 2198 4687 5270 1170 8463 5 4453 6242 1150 720 5507 6778 6481 5298 2315 5365 5752 1327 7117 7497 8978 4925 6432 3890 1444 2914 8829 6769 2689 1866 2709 3113 6593 3007 5188 1787 3851 6755 241 9228 2686 1015 3053 8575 6370 8794 6159 1533 6064 9160 6592 9148 126 7563 6399 3327 5666 662 4997 7024 9149 3984 6444 6944 7575 7193 9458 8806 8349 4585 1340 3011 6374 7285 1078 3964 9277 9021 7826 6023 5434 3395 561 7954 2757 6659 4119 1779 3481 8740 4412 7943 7005 2429 4685 6314 2867 9349 2532 6679 4945 186 3689 1029 1273 3606 5213 8900 2098 2725 7214 7421 267 8738 2631 9584 1301 128 6373 9648 8657 2339 6878 3630 5316 8394 324 6633 6618 4296 6929 5062 6233 4118 5391 5939 2698 9907 8983 2897 5370 1951 9891 7545 1571 6009 6690 6842 3886 243 7460 978 1414 8339 5981 2315 8107 8502 2896 4439 3077 3780 5174 7101 8520 7688 970 3250
1036 3600 8214 6559 6321 9703 9305 7693 5495 866 1772 4569 6047 7142 3481 7512 3580 2203 3300 8976 0 5498 4571 6651 7721 6757 7876 3310 4640 1384 5250 7577 4399 987 1542 6452 1166 2886 8268 1018 8106 2194 7780 9559 5609 2129 5324 4298 370 6660 5026 1157 8035 9009 8920 2484 7216 3423 7653 6941 6104 1455 1597 7368 6743 7689 4884 5349 3278 9203 9256 7976 1781 87 5412 5455 1005 46 3764 3373 881 6072 203 5628 8121 9885 2671 4916 9534 3890 7203 8779 4727 1829 9810 6885 3730 6855 2280 4005 6088 6305 1834 953 7932 7383 7248 3227 3960 9481 9646 1801 9824 2515 7843 7227 2283 7068 2335 5991 7581 5522 1784 2963 7363 3877 7732 8521 3963 8684 9794 3482 7548 1097 1618 8317 7691 2765 5387 7692 9016 4987 1300 9434 3897 6223 7175 5977 6156 9889 9980 2819 5650 7269 8136 6193 2237 9155 2856 9321 41 7931 2987 1185 6862 3003 4345 3119 1202 1497 3178 5206 2904 7343 9075 5981 3204 6939 6108 8692 3500 7422 9096 8169 9524 3443 4515 4841 1988 2711 9867 5761 4386 8184 6214 9837 7423 9512 9213 390 5055 2953 3087 8801 6492 7433 2443 6278 6797 1744 4675 7711 1751 6533 2051 6645 7467 2272 5035 2420 7297 176 8572 7335 7921 4553 9546 7559 6488 6730 8702 3133 9081 9451 7544 4371 2438 9514 5282 8282 806 6972 6566 3189 6339 4934 4189 6941 2794 1790
575 1031 3761 2370 7368 2287 6752 3787 9237 6270 2687 1738 8398 7135 8879 6262 1257 7906 7755 667 5498 0 8790 5661 5935 2744 9313 3866 1552 1137 3418 5638 7420 8445 2649 9256 6146 217 280 4134 7409 6130 1008 7678 3348 8928 238 5179 7762 9371 9106 2344 4574 9655 3466 9066 3658 6669 9069 7649 8138 8860 9111 8499 9668 15 7714 6272 5285 7102 4304 8612 8660 5568 3221 9658 7442 9065 8264 7059 8189 3009 5403 5465 5419 1654 575 9074 1920 9501 2069 8952 4133 6072 337 6409 3410 2945 558 9013 9853 7815 8351 2649 496 3596 6943 9859 4373 3045 3145 9896 3903 8587 1152 1325 548 464 8029 596 9619 79 2700 5545 459 3442 2099 3543 7655 1157 2482 5427 3008 1447 2099 9160 7602 9781 5078 27 2592 9416 5516 3520 4875 8403 276 3225 8327 8430 6509 9944 1497 4111 6697 1139 3710 880 7127 152 6596 8898 8039 2981 9135 1504 1964 3696 464 2108 1621 8922 2424 1494 1076 6856 343 6810 6194 2002 6911 4524 9568 2860 2097 6156 6701 4080 8839 2904 8202 2924 5336 9818 1693 6485 6591 1287 2818 3921 7020 545 6916 6074 3583 928 3735 4707 7062 2187 6052 9897 1929 2313 9842 6227 5934 5048 2164 6084 2529 2282 3825 730 4237 8628 9549 4524 8621 1004 8704 2385 1517 9739 6385 4616 6061 8494 2210 4975 398 2397 2192 5089 6694 433 853 617 8480 8511
7899 8879 6487 2498 8895 1229 8686 5834 9375 5254 4052 297 3 2635 7902 7848 8935 5666 7165 5074 4571 8790 0 2930 7120 6027 5169 3995 2703 1613 6569 2750 4291 9244 880 8403 1818 1738 5495 3444 2312 3605 6198 7326 5512 4997 3726 6655 3798 517 4201 6303 9610 4949 319 6456 3398 421 3555 3991 8042 2323 9292 9982 9849 7965 7868 2235 9360 7059 3932 164 1264 4847 3252 4816 4779 673 4218 6656 8678 5629 813 4006 6977 2728 425 2275 8857 3221 4008 1635 4121 3203 2776 9091 148 421 2515 2027 520 8435 8272 8222 56 1926 8052 3307 4083 2008 1816 2027 149 9971 9656 3650 4007 7565 6680 6909 3918 1902 8323 8187 8635 6929 1503 2684 6831 2015 2033 8938 7401 7018 6702 361 7789 4159 7023 2038 8595 7485 9773 1724 1245 4903 3605 7577 3844 1308 4813 8181 3901 4010 9119 1086 4903 4821 734 4389 2601 2559 9977 5074 6391 4680 4251 7261 4632 7024 914 2192 9608 151 5892 5595 9918 777 6289 734 5942 6412 9545 2571 4878 3548 4609 9437 7205 2403 1799 2459 2658 7634 7146 3406 8200 788 1424 8150 7352 7714 1104 8068 7058 5148 2905 6366 879 9579 1496 3606 2313 3492 4255 1844 8084 6231 9806 1547 213 2656 4368 9218 5536 4144 3688 7980 9411 7555 7816 3342 6262 8957 502 2386 4930 5734 1913 2241 6552 4387 7270 4318 3368 7212 3346 4265 3265 3062
2763 8271 9244 8682 4753 4342 2744 342 4599 5026 9082 1875 2645 4318 9798 6107 977 1126 8133 5247 6651 5661 2930 0 1500 4081 1010 5543 4125 220 3206 5862 4656 5104 7240 9204 5679 8017 4788 5301 9735 628 1051 631 5514 3495 6992 254 8346 6838 2906 221 3206 9254 7656 6394 1214 7771 509 6221 8503 3974 6207 1786 900 1168 7829 7833 4398 9975 8535 1289 8814 8209 8534 1692 840 1362 5118 5422 222 3833 5778 5466 7611 5858 1215 9670 7398 5406 8079 7732 3602 1379 9484 1677 53 5879 4314 3550 176 1078 5777 4550 3091 2233 1085 3738 1500 2771 2834 3244 5702 818 3084 8132 9470 3983 3645 3892 1824 5576 170 3740 2877 5374 2706 9571 166 322 802 2767 533 8421 5636 6238 606 3824 2941 6302 412 761 9306 3468 7596 154 7180 8823 4084 7886 9895 7636 9295 7348 981 8200 4787 7420 7867 1689 6885 818 2748 2544 8311 9061 2467 2920 7682 8626 6865 764 5446 4054 6443 2497 9494 2331 387 4304 7346 5785 4471 6027 9204 6416 4247 1813 2659 8068 3804 192 9941 4456 7833 5640 188 2336 1423 211 5050 2601 9718 3171 5935 5992 5890 3866 6622 7082 1592 2141 3435 5428 3325 886 7695 8214 2459 9995 1499 5767 7113 2986 2963 4398 4944 8243 16 5473 9864 8997 5982 8275 3973 6598 1584 4372 6237 3793 7235 1565 9558 7235 9936 2305 7560 5606 3775 9223
3994 8978 1726 4547 4227 9363 2493 1121 4499 6575 3363 3566 5005 9912 7971 9601 3949 7144 9222 7606 7721 5935 7120 1500 0 7793 3679 243 3143 8326 1179 6125 5271 2425 8130 6947 2865 1931 6514 8283 8202 2335 8462 5095 1928 1970 4056 163 2381 8358 7340 6703 9064 1887 5992 8974 7258 8161 284 8021 3176 7389 8541 262 9304 7003 1998 1860 6731 1195 745 7298 7616 7410 4584 9646 2008 7943 5716 653 6630 3906 60 2094 2920 9818 7883 8086 482 7722 662 4902 9636 9103 2278 6262 5643 7362 8874 9893 7209 8853 9755 5190 7310 6548 7 5244 6880 7911 5608 9793 6082 4668 7075 2247 218 5648 1657 6005 3422 4687 1299 7644 3943 624 6956 2457 2228 7484 2373 356 5841 4835 5553 3687 3871 8551 3 416 9062 7125 9071 8823 4853 7331 8528 7090 9986 3892 8614 3511 1023 1300 8208 3173 5054 639 2620 2813 4662 9778 5573 2809 2084 2727 7183 3222 6007 7034 6472 3247 233 5183 4927 6731 2590 5397 7445 9022 3811 561 8057 5986 738 8161 3392 2937 2384 1945 9131 3179 2530 938 9501 625 2181 2547 2646 5792 5772 2337 2395 8689 1788 7463 5891 7841 4669 2225 5797 4715 7272 9386 9242 4 9888 9394 4246 4759 9565 2588 109 9343 1791 5718 43 129 1357 8389 6829 6415 6015 5370 3560 6344 5122 2616 6983 7727 6163 562 363 661 1248 9543 8278 9207 1107 2848
3058 4868 1759 6656 4895 754 8067 814 1415 4978 4367 4832 7705 8248 7977 5197 840 8248 3143 7851 6757 2744 6027 4081 7793 0 7570 8936 7163 4172 3317 6398 1759 7698 6262 685 8146 149 4204 2921 731 6328 7154 5115 2588 9365 8483 255 5761 3697 5027 288 8405 1042 6755 8387 6345 1181 570 8145 7286 7379 512 4409 4324 7187 7505 6295 6728 8615 5331 9383 4851 928 7457 715 3341 5103 1315 7718 844 4211 5334 5180 2532 8367 8603 1116 3111 4569 249 6262 2763 7327 4641 4611 9383 5806 9844 1063 3288 6727 5080 4615 9569 5941 7948 8143 3984 1280 2275 1004 5569 7895 3863 140 1127 8352 8 3146 3026 8576 1011 4845 8103 1522 1694 813 1243 2069 6330 1320 4009 5928 7142 6281 2989 4941 9250 2180 3286 7235 3750 1647 2633 4950 373 5508 4936 5532 5471 1541 5874 2617 1405 9506 5813 2321 5803 293 4125 3388 1002 4906 4985 6106 7449 792 722 7063 3888 9725 6517 6455 7448 5145 1122 57 5532 932 3458 7938 5260 9148 1193 6619 3688 8116 4821 4483 3322 574 2706 7338 4825 2546 2462 787 3518 5887 6964 6829 458 300 974 1324 9392 3484 6970 1747 3329 5933 7608 2801 1262 4510 7407 7598 8491 1358 6917 9489 5645 5513 2269 4385 9058 3517 4791 9847 5979 5206 8913 5410 1614 3588 1652 6723 9970 9398 8880 3903 6160 6389 8891 150 7866 1600 7514 1687
1693 5043 7207 9640 7366 1987 713 5037 8907 6282 2875 7071 4351 5784 3249 9698 8640 7976 7410 5722 7876 9313 5169 1010 3679 7570 0 7894 5913 4247 657 6295 5935 1504 1592 9031 3921 6262 3836 7292 1951 64 8514 468 7345 8963 1746 3378 3627 9356 9618 979 6320 2631 3666 5961 7599 6490 9990 2747 4960 9037 7627 9930 9141 9454 413 1374 2027 7410 3042 4345 7946 7126 1208 5933 7840 7976 9844 6700 8231 5630 3279 1203 5927 9720 8666 8360 4738 9367 3134 7140 741 2700 9014 2827 9319 3148 21 3728 9281 1110 4830 4253 2789 9595 145 7913 6715 1714 473 6266 8210 5007 1925 8699 8328 4910 6289 4432 4818 3765 6395 5835 674 8874 3050 6061 7620 3556 9908 8550 5596 1026 9122 562 6461 8717 9152 6278 1256 8313 7108 9911 2570 5983 4013 7339 34 9648 3521 5870 3829 4183 9956 505 2949 3392 9527 928 4553 4031 3953 7184 8722 9199 3327 6498 7218 5750 9967 7656 7099 6185 8714 5413 7586 3398 3752 570 1548 7000 2709 4441 1106 2341 6800 9298 8119 8051 8692 7932 1322 4841 5248 9291 7380 6137 6352 9537 1571 2335 8451 3046 9056 5949 9058 9886 1730 7088 4528 3924 1800 7546 2292 2747 3849 6395 2908 771 6472 4176 1390 4013 5509 9695 8814 5329 9951 9710 8840 434 865 8618 1352 9651 8614 1828 3875 6679 1816 4501 8651 7890 1319 4011 6159 8511 2808 7971
5499 7793 5333 8469 1659 255 2412 8805 2994 5674 1128 6497 6349 4975 1555 4103 3800 5601 9128 7233 3310 3866 3995 5543 243 8936 7894 0 1391 4023 1258 9746 8422 5800 1153 5303 6725 1983 745 5370 6057 7840 8930 8061 7931 8060 8315 8573 9682 4134 435 2762 5025 4060 7700 9641 8227 8372 4538 969 589 8335 1201 5228 1657 460 3174 293 4563 5141 6074 6955 7126 9599 4595 6580 4316 8607 9249 961 6562 5883 926 9782 6450 1482 3476 7785 5297 138 7336 8911 2241 7335 6902 6080 6806 2047 1095 7942 3516 1387 4028 3592 6370 3827 5317 2231 5083 3550 1158 2292 2253 8914 123 8605 203 1287 2133 9022 2335 1204 8972 690 9898 2194 7120 6588 4407 7703 8518 9434 4452 214 5667 9345 3779 5920 6603 8800 3695 9725 9322 3970 4721 1456 4680 9321 9661 7173 4514 9815 5431 523 760 5452 2036 3824 2298 6892 6574 4648 6008 1579 2462 4318 3207 9835 6188 7820 5705 3631 2278 6590 5578 3266 6512 393 2947 9695 66 3409 9393 4070 6063 1905 8553 426 2704 6160 7655 3040 87 2727 7572 1497 7978 354 5231 2817 409 3327 882 2129 5775 4901 3903 8842 9931 7459 3691 6461 4871 2241 2929 300 1203 1328 6049 8936 290 7200 4448 8698 265 498 9625 2179 589 3553 2699 2541 6697 2029 4252 4293 9190 119 1488 1675 1785 8080 436 6579 8691 5821 6060 7423 8102 7889
373 3807 8070 163 3587 4338 4180 4435 400 2260 9291 1845 5016 6930 8022 5150 8214 5404 3832 7427 4640 1552 2703 4125 3143 7163 5913 1391 0 5387 4900 9227 3466 4050 3208 89 2032 2122 7175 8167 5414 1017 5574 3356 9747 7459 3551 4314 4695 9709 6987 1198 141 8404 3221 1942 8607 9871 6687 8607 6148 3824 9776 9903 3378 7341 6609 8243 3742 21 7769 1515 7881 9596 6019 1424 1133 5378 3002 484 3618 4720 2261 381 7023 6982 3996 3851 1422 8622 3856 9197 569 4333 246 9377 3325 5495 361 6137 1284 5375 1099 5586 5472 4698 6650 1702 4769 4774 1773 3835 2407 5221 5693 5024 5230 7862 5015 7639 5086 694 507 7813 4810 5116 9181 3241 1993 8308 39 6773 366 1204 8255 7175 8337 2493 6123 4746 1583 9068 1602 6407 541 3874 7744 4822 592 9122 6070 5720 3736 3877 6988 9389 7466 8354 6708 9395 4039 3199 6746 8332 9073 3495 4967 3463 4021 1012 1376 9260 7090 8196 9309 8547 1767 2053 6613 852 9626 3713 9133 2280 506 7328 2025 9681 1207 8528 4213 5517 4038 3784 6605 2244 7 3913 1279 5267 1270 8571 8927 2569 5399 6991 5707 7206 2530 2730 4647 638 1253 8852 4841 7159 6837 2524 9473 9123 4687 9343 8177 2758 2940 9692 4351 4006 6174 979 719 9241 8449 5285 9632 7730 2691 8420 565 8218 1552 5894 7311 7892 342 1357 8854 4945 5184 2964
6075 4591 7952 3617 5814 4827 5841 5567 8898 5212 500 2862 8565 6705 5381 2362 4302 4448 9579 4125 1384 1137 1613 220 8326 4172 4247 4023 5387 0 820 9236 47 3326 2938 5083 501 4863 6562 6087 20 2078 8525 4992 678 499 2646 8176 2177 3334 8149 3090 8510 4708 2013 5050 6642 9247 7007 174 9201 7756 7017 2162 2019 1231 2485 5179 5719 7411 8352 9696 2539 2720 2496 7357 571 9452 2729 7654 2640 2579 5650 739 4664 2804 7063 2578 8365 8850 3726 5328 9557 1870 4976 8103 7255 3201 7071 2912 8001 7786 6710 4917 7818 296 3640 1912 479 4594 6844 6025 6006 2689 4298 6649 8252 9762 7165 6098 7358 355 3245 4236 3738 4382 6982 655 445 2618 8893 866 4114 6724 6397 859 5752 714 3479 565 2437 1415 6833 9106 4696 2793 5594 8827 3161 7001 8677 1755 8287 3051 5869 8161 9058 3748 5951 1507 8059 4352 9118 6711 1270 6204 8816 4919 9098 2517 7186 1652 3397 3668 5677 7009 2416 3581 2831 387 3230 4715 6065 3929 2708 9683 4561 8430 6070 280 6432 9983 36 9659 5972 4126 4086 8209 1926 2876 2264 2101 9138 6712 3983 2186 8394 6095 9383 888 6878 220 4899 5236 779 3448 9813 3530 8414 6245 603 5096 406 9305 4453 8376 7344 5397 4054 1903 491 4270 3193 2962 6427 1620 849 2813 1008 39 1151 8664 8320 2382 6068 3566 8932 285 6883 6155
4416 2115 2822 8249 7214 5240 5240 2525 7080 6797 362 2713 7951 5447 297 5194 6826 170 244 482 5250 3418 6569 3206 1179 3317 657 1258 4900 820 0 4599 3527 4382 2046 6132 4228 2037 7434 6031 6565 5210 7523 7073 8616 9394 3573 3279 8138 1457 8128 4599 331 4899 993 1593 7165 912 4720 2945 7088 7929 4847 898 6349 4884 6380 8122 6402 2429 136 6023 9441 2662 3051 6740 5005 6494 8740 7064 1175 7720 6366 5726 60 1573 1796 7557 7960 4381 7016 5380 8905 2308 965 8506 9194 8738 3967 8842 1729 6869 6810 614 7476 9859 3549 115 3003 71 3270 5273 5802 4724 5486 6568 8864 7822 4206 4225 5195 5781 2128 4557 7008 7781 4758 2670 2385 9514 8905 9342 6472 9208 41 5011 3645 4859 9478 4503 9375 8236 9559 875 2973 4124 9630 1526 3308 6509 1442 6045 7231 636 4058 9554 5164 748 3282 1828 9673 6653 9328 6292 2844 4144 4953 38 5808 6703 4979 6019 2740 4166 3182 816 7953 5046 1380 1168 8817 9882 2989 6278 3693 2911 1173 1435 9682 2784 8136 9473 7429 5976 3512 922 5366 2517 1324 3038 5765 1746 5443 2079 7104 7088 6685 384 7670 8050 1445 193 1655 595 2630 2756 5454 9502 6164 7381 4001 9320 2671 1756 4127 9383 3589 9340 2731 2607 7343 4378 8524 1386 4687 2405 7567 6284 9465 2608 6685 9640 4751 3791 5286 3710 9168 8717 1716 1532
7431 7362 5131 7160 5732 4729 2407 1771 7414 9059 2668 3789 8316 8623 6758 7649 6583 4158 7840 4022 7577 5638 2750 5862 6125 6398 6295 9746 9227 9236 4599 0 2314 6515 3075 7189 8095 1562 531 3258 5289 9099 3077 9831 903 1053 2999 4854 6116 4707 4800 9468 724 3870 8513 1060 3324 9760 9886 4374 5220 4897 7059 5703 2358 6611 3349 8018 6549 4062 6560 5481 7736 2898 1531 3860 2084 8835 8628 1417 5248 9163 6909 5990 6854 1356 6333 2587 6908 7878 5611 7562 8121 4803 7879 9915 6915 7501 4529 6718 9734 962 4891 4690 8580 6086 8674 5311 7234 8786 5536 943 887 712 9808 7003 7959 5897 7537 7729 3519 8108 6469 4978 5377 7742 3079 7879 4410 1602 5659 5116 744 9185 6553 4276 4540 9071 7696 3335 4661 6622 6145 4864 2130 1691 2139 4452 5958 9687 5410 1304 9004 8047 6483 1183 4228 8005 3906 9060 1070 962 5124 778 4209 4099 2522 2664 4951 4904 4293 9717 5831 6780 5130 8653 297 4464 7348 1736 6544 530 6917 3797 4803 4529 777 1965 2072 485 6460 7914 9590 9190 9887 3076 7949 3282 4818 8368 9299 1463 5402 6141 5056 1040 237 1364 8243 7283 7079 7502 3109 5180 4820 3822 6635 9781 4732 6169 9031 7229 1585 8132 7905 3964 9447 5956 8976 6085 8193 5641 5195 3041 1367 9340 2038 6505 7939 5495 1672 4866 8166 6496 1596 1262 6135 6988 6460 3824
