50
0 8619 119 1515 3877 6285 7937 7102 3987 9156 2217 7985 5719 7206 902 2944 7348 3667 9677 5620 3821 2077 977 7899 5048 5574 5600 2969 4218 2995 7463 1375 9013 1927 9111 3673 2033 5549 5848 4366 2934 9052 3219 1304 434 8623 6372 563 2627 7316
8619 0 7207 9854 6135 7284 5050 5007 4034 4270 2093 8166 7531 6823 7058 1643 4609 5119 6718 545 909 1366 6871 1811 1884 2162 5451 2948 5340 6979 3573 4104 3759 6833 7452 6228 8951 6961 5227 7703 9807 8270 2786 8985 5300 17 510 5273 3499 7031
119 7207 0 5116 2906 6004 8737 9503 3046 3228 3000 9477 2469 1244 929 8614 16 8236 5374 1707 2469 7849 4925 9338 8192 3933 7068 2565 5813 765 4717 9088 1916 7043 535 5102 3754 5770 8379 8330 9299 3605 6823 8876 9277 8721 9176 5230 5627 6010
1515 9854 5116 0 6643 2673 8748 3743 9645 7534 6391 8538 2969 431 1026 9365 606 3958 2193 4617 761 8357 1965 3236 6307 9514 1830 7766 3658 9764 7236 5500 1020 6849 8268 9364 6754 598 2135 5042 7573 7029 750 6002 1623 7224 1820 9180 9534 3907
3877 6135 2906 6643 0 8625 4997 6418 8098 4359 7486 5807 4554 7147 7539 8459 2080 649 8795 2691 8517 8952 3006 8496 5703 6336 8415 9918 6262 8500 6043 4996 202 2628 6182 795 1319 5546 3337 4509 6437 4750 3326 7584 4505 3650 6402 2398 8136 3123
6285 7284 6004 2673 8625 0 1194 2801 8704 893 344 6629 1036 3329 5845 9079 8088 7674 300 734 1874 3001 132 9255 6361 9560 2404 7088 9960 4275 341 7079 7054 1787 7723 3997 6592 7530 5053 5162 3473 7045 665 4724 8011 9360 8578 6642 4335 9724
7937 5050 8737 8748 4997 1194 0 9128 6781 6688 8158 89 7960 3106 8264 9581 6870 3728 4948 2668 1957 5153 2278 8756 9889 7401 3583 2143 1135 9403 2384 2830 51 9223 3669 3149 2614 8459 5680 6826 8800 1716 2480 5283 4451 2967 7789 322 6507 3098
7102 5007 9503 3743 6418 2801 9128 0 1807 6297 9615 4480 1969 4010 417 5051 5090 4120 853 8372 6004 2066 925 1463 6684 5305 1946 2081 1340 1805 8192 8232 7224 435 2961 4022 2275 7110 9626 1109 3883 6353 5137 9110 8729 1768 9044 5904 6274 398
3987 4034 3046 9645 8098 8704 6781 1807 0 7466 3792 846 4935 8153 5559 9470 6344 1363 1465 8149 2155 7013 4927 7129 4402 2153 171 8977 2967 2918 3681 4228 6222 5964 3512 378 2392 2855 5432 4883 9678 6347 9607 8486 3483 5174 7886 9246 2521 8104
9156 4270 3228 7534 4359 893 6688 6297 7466 0 9121 404 4619 1714 117 9300 7173 4182 1459 410 2662 2717 7938 1908 2052 3762 7939 8898 6493 8360 3399 5920 8588 7929 5169 8212 1288 1330 7462 969 1111 1708 6525 5534 1922 7097 8960 7321 9925 2653
2217 2093 3000 6391 7486 344 8158 9615 3792 9121 0 832 8436 7214 4371 6358 6751 2718 3869 2208 9837 5392 8417 7712 4113 5624 3249 938 1119 641 8877 7730 2288 2186 3173 2672 5239 3854 557 5602 2696 4623 6899 5346 9151 1243 5029 8599 1149 6093
7985 8166 9477 8538 5807 6629 89 4480 846 404 832 0 6290 1631 9811 6270 9272 7600 7039 7786 6743 9959 9981 6088 5504 9126 1576 6386 2807 9624 3098 105 4549 8678 808 2770 9666 7114 4902 7999 5287 8460 5912 81 5820 4000 1550 6502 437 3445
5719 7531 2469 2969 4554 1036 7960 1969 4935 4619 8436 6290 0 8700 4386 580 2854 8655 9044 2496 9121 5934 1480 6506 7339 5060 9973 2477 8330 6768 6023 8277 4329 1727 4116 7507 192 8706 7092 6763 3184 6706 5085 9696 5019 8932 5467 8375 6870 8649
7206 6823 1244 431 7147 3329 3106 4010 8153 1714 7214 1631 8700 0 4157 1817 5173 1118 4805 8265 4548 8121 8807 1510 89 9690 2370 9680 3411 4172 3926 2557 3481 8354 8322 2045 5235 8947 5960 3792 4289 522 3907 9853 2481 2106 8122 569 7996 3231
902 7058 929 1026 7539 5845 8264 417 5559 117 4371 9811 4386 4157 0 3467 2007 8937 7608 6921 8162 3409 2337 6839 9634 9722 3204 6347 875 1682 3436 9242 7912 8046 4524 286 3757 4968 2738 2472 3214 2870 9022 420 7702 8864 9374 2046 9347 6110
2944 1643 8614 9365 8459 9079 9581 5051 9470 9300 6358 6270 580 1817 3467 0 5725 7952 9910 7757 3880 6733 6335 5868 4794 8152 2543 9564 8803 7370 848 5456 2527 5499 4990 9183 2695 7358 8810 1931 3618 4702 3084 2999 7013 7641 3791 6175 4119 361
7348 4609 16 606 2080 8088 6870 5090 6344 7173 6751 9272 2854 5173 2007 5725 0 1023 7577 7798 4764 546 8748 210 9828 45 6472 5030 9900 4673 1455 6907 4670 6350 3148 3624 3649 602 8044 7105 3549 863 565 1432 3174 393 5907 2859 2740 2242
3667 5119 8236 3958 649 7674 3728 4120 1363 4182 2718 7600 8655 1118 8937 7952 1023 0 4503 4518 7337 2187 4833 1703 508 3272 53 9579 8725 5554 2493 9458 7216 8843 9655 3610 1739 7596 9393 1778 6991 168 7980 4856 6232 3182 2931 901 8392 671
9677 6718 5374 2193 8795 300 4948 853 1465 1459 3869 7039 9044 4805 7608 9910 7577 4503 0 5358 7942 4915 6214 7150 5107 5650 6051 1584 2557 4116 233 8472 5742 96 3530 6829 2279 5266 5036 1833 938 7158 5268 2474 689 2844 386 7526 4760 7258
5620 545 1707 4617 2691 734 2668 8372 8149 410 2208 7786 2496 8265 6921 7757 7798 4518 5358 0 1944 8665 7485 1212 6711 3916 9391 7991 6475 4850 9010 6816 8684 2533 7746 6522 3804 5298 134 5703 4563 7966 6255 3862 7419 8218 8599 1539 1705 8452
3821 909 2469 761 8517 1874 1957 6004 2155 2662 9837 6743 9121 4548 8162 3880 4764 7337 7942 1944 0 722 4122 4673 3870 6714 1534 9017 6573 6070 3559 2997 3723 9680 4370 6617 4858 9801 657 5176 9889 9910 9914 9292 9929 7057 9143 420 1131 3581
2077 1366 7849 8357 8952 3001 5153 2066 7013 2717 5392 9959 5934 8121 3409 6733 546 2187 4915 8665 722 0 1742 6902 6780 3180 4893 3754 5485 2594 9346 3366 402 2191 9186 1991 7178 5890 8392 758 5201 8452 2483 9416 513 3198 4795 6070 1353 5715
977 6871 4925 1965 3006 132 2278 925 4927 7938 8417 9981 1480 8807 2337 6335 8748 4833 6214 7485 4122 1742 0 3405 9022 6880 1912 3120 3988 5615 9798 4112 1859 770 1133 4221 8666 882 609 7315 8854 3212 9517 2585 5814 2003 5758 1720 5463 7180
7899 1811 9338 3236 8496 9255 8756 1463 7129 1908 7712 6088 6506 1510 6839 5868 210 1703 7150 1212 4673 6902 3405 0 5303 567 1162 2853 3004 8052 1752 680 5330 7131 230 9096 6280 1015 4083 7142 6835 4604 9301 931 8127 1363 8430 9158 1995 205
5048 1884 8192 6307 5703 6361 9889 6684 4402 2052 4113 5504 7339 89 9634 4794 9828 508 5107 6711 3870 6780 9022 5303 0 3464 2358 8902 2606 6645 2490 6677 3694 6712 7997 837 8706 1095 3862 435 3908 3255 7578 5812 9708 3555 6376 6712 9162 2014
5574 2162 3933 9514 6336 9560 7401 5305 2153 3762 5624 9126 5060 9690 9722 8152 45 3272 5650 3916 6714 3180 6880 567 3464 0 137 9629 6004 2759 2142 2549 3670 5961 5587 7108 2540 3808 4548 5230 2289 3570 6089 5200 813 3094 7056 6110 188 9961
5600 5451 7068 1830 8415 2404 3583 1946 171 7939 3249 1576 9973 2370 3204 2543 6472 53 6051 9391 1534 4893 1912 1162 2358 137 0 1990 5916 8909 5778 8954 4230 2844 91 3846 3293 7603 3942 5625 1961 3003 4377 3898 1244 9170 5728 9271 7825 8194
2969 2948 2565 7766 9918 7088 2143 2081 8977 8898 938 6386 2477 9680 6347 9564 5030 9579 1584 7991 9017 3754 3120 2853 8902 9629 1990 0 9756 4285 8779 2469 127 9580 2693 2283 7138 9721 4891 5391 5890 1279 8315 9395 884 7764 2900 608 8165 8890
4218 5340 5813 3658 6262 9960 1135 1340 2967 6493 1119 2807 8330 3411 875 8803 9900 8725 2557 6475 6573 5485 3988 3004 2606 6004 5916 9756 0 5675 1004 7524 3220 2710 2711 2837 2223 6710 5310 5378 8003 1952 5844 8078 3022 629 8521 4707 9715 5243
2995 6979 765 9764 8500 4275 9403 1805 2918 8360 641 9624 6768 4172 1682 7370 4673 5554 4116 4850 6070 2594 5615 8052 6645 2759 8909 4285 5675 0 9986 7622 552 2770 6098 9430 4843 2929 4920 3761 7675 7536 6758 8153 89 7469 7599 7635 2738 4640
7463 3573 4717 7236 6043 341 2384 8192 3681 3399 8877 3098 6023 3926 3436 848 1455 2493 233 9010 3559 9346 9798 1752 2490 2142 5778 8779 1004 9986 0 9377 4283 4669 9078 8880 5388 6991 2827 3327 7340 1056 435 4940 4976 7725 3573 4695 7744 9199
1375 4104 9088 5500 4996 7079 2830 8232 4228 5920 7730 105 8277 2557 9242 5456 6907 9458 8472 6816 2997 3366 4112 680 6677 2549 8954 2469 7524 7622 9377 0 2288 9628 3666 1307 8725 517 4568 5444 317 4156 8279 9232 7163 5584 2912 8779 9426 298
9013 3759 1916 1020 202 7054 51 7224 6222 8588 2288 4549 4329 3481 7912 2527 4670 7216 5742 8684 3723 402 1859 5330 3694 3670 4230 127 3220 552 4283 2288 0 9766 4940 3534 6920 1508 7735 158 7702 7069 3340 1678 8608 6729 7770 6955 4977 3813
1927 6833 7043 6849 2628 1787 9223 435 5964 7929 2186 8678 1727 8354 8046 5499 6350 8843 96 2533 9680 2191 770 7131 6712 5961 2844 9580 2710 2770 4669 9628 9766 0 7194 7831 3471 714 1218 85 189 1085 8371 4253 7240 9389 145 8598 4973 7996
9111 7452 535 8268 6182 7723 3669 2961 3512 5169 3173 808 4116 8322 4524 4990 3148 9655 3530 7746 4370 9186 1133 230 7997 5587 91 2693 2711 6098 9078 3666 4940 7194 0 3053 1404 7568 7878 2696 2137 5101 5358 6543 3723 2411 5361 5638 337 518
3673 6228 5102 9364 795 3997 3149 4022 378 8212 2672 2770 7507 2045 286 9183 3624 3610 6829 6522 6617 1991 4221 9096 837 7108 3846 2283 2837 9430 8880 1307 3534 7831 3053 0 7657 7757 2460 445 983 4760 4353 9943 6287 4715 9566 9511 7825 1472
2033 8951 3754 6754 1319 6592 2614 2275 2392 1288 5239 9666 192 5235 3757 2695 3649 1739 2279 3804 4858 7178 8666 6280 8706 2540 3293 7138 2223 4843 5388 8725 6920 3471 1404 7657 0 1879 3585 2063 8334 8086 8478 3490 1674 387 2845 1403 7499 8526
5549 6961 5770 598 5546 7530 8459 7110 2855 1330 3854 7114 8706 8947 4968 7358 602 7596 5266 5298 9801 5890 882 1015 1095 3808 7603 9721 6710 2929 6991 517 1508 714 7568 7757 1879 0 8549 9349 476 6092 7429 2564 1158 8094 9573 4288 5016 7898
5848 5227 8379 2135 3337 5053 5680 9626 5432 7462 557 4902 7092 5960 2738 8810 8044 9393 5036 134 657 8392 609 4083 3862 4548 3942 4891 5310 4920 2827 4568 7735 1218 7878 2460 3585 8549 0 3529 9612 4512 3776 6843 4378 1229 6294 1861 4907 8290
4366 7703 8330 5042 4509 5162 6826 1109 4883 969 5602 7999 6763 3792 2472 1931 7105 1778 1833 5703 5176 758 7315 7142 435 5230 5625 5391 5378 3761 3327 5444 158 85 2696 445 2063 9349 3529 0 2214 4865 8782 4346 8759 7694 5836 6894 6407 732
2934 9807 9299 7573 6437 3473 8800 3883 9678 1111 2696 5287 3184 4289 3214 3618 3549 6991 938 4563 9889 5201 8854 6835 3908 2289 1961 5890 8003 7675 7340 317 7702 189 2137 983 8334 476 9612 2214 0 6340 6726 4381 1711 8704 9706 4709 5482 6322
9052 8270 3605 7029 4750 7045 1716 6353 6347 1708 4623 8460 6706 522 2870 4702 863 168 7158 7966 9910 8452 3212 4604 3255 3570 3003 1279 1952 7536 1056 4156 7069 1085 5101 4760 8086 6092 4512 4865 6340 0 1133 2271 540 6852 1087 9633 5192 5865
3219 2786 6823 750 3326 665 2480 5137 9607 6525 6899 5912 5085 3907 9022 3084 565 7980 5268 6255 9914 2483 9517 9301 7578 6089 4377 8315 5844 6758 435 8279 3340 8371 5358 4353 8478 7429 3776 8782 6726 1133 0 5241 5191 2978 8236 2217 8727 4246
1304 8985 8876 6002 7584 4724 5283 9110 8486 5534 5346 81 9696 9853 420 2999 1432 4856 2474 3862 9292 9416 2585 931 5812 5200 3898 9395 8078 8153 4940 9232 1678 4253 6543 9943 3490 2564 6843 4346 4381 2271 5241 0 8731 3198 8653 5255 2888 460
434 5300 9277 1623 4505 8011 4451 8729 3483 1922 9151 5820 5019 2481 7702 7013 3174 6232 689 7419 9929 513 5814 8127 9708 813 1244 884 3022 89 4976 7163 8608 7240 3723 6287 1674 1158 4378 8759 1711 540 5191 8731 0 4528 5720 6494 6802 2229
8623 17 8721 7224 3650 9360 2967 1768 5174 7097 1243 4000 8932 2106 8864 7641 393 3182 2844 8218 7057 3198 2003 1363 3555 3094 9170 7764 629 7469 7725 5584 6729 9389 2411 4715 387 8094 1229 7694 8704 6852 2978 3198 4528 0 208 5057 5353 368
6372 510 9176 1820 6402 8578 7789 9044 7886 8960 5029 1550 5467 8122 9374 3791 5907 2931 386 8599 9143 4795 5758 8430 6376 7056 5728 2900 8521 7599 3573 2912 7770 145 5361 9566 2845 9573 6294 5836 9706 1087 8236 8653 5720 208 0 6712 9123 2766
563 5273 5230 9180 2398 6642 322 5904 9246 7321 8599 6502 8375 569 2046 6175 2859 901 7526 1539 420 6070 1720 9158 6712 6110 9271 608 4707 7635 4695 8779 6955 8598 5638 9511 1403 4288 1861 6894 4709 9633 2217 5255 6494 5057 6712 0 5274 6484
2627 3499 5627 9534 8136 4335 6507 6274 2521 9925 1149 437 6870 7996 9347 4119 2740 8392 4760 1705 1131 1353 5463 1995 9162 188 7825 8165 9715 2738 7744 9426 4977 4973 337 7825 7499 5016 4907 6407 5482 5192 8727 2888 6802 5353 9123 5274 0 6499
7316 7031 6010 3907 3123 9724 3098 398 8104 2653 6093 3445 8649 3231 6110 361 2242 671 7258 8452 3581 5715 7180 205 2014 9961 8194 8890 5243 4640 9199 298 3813 7996 518 1472 8526 7898 8290 732 6322 5865 4246 460 2229 368 2766 6484 6499 0
