150
0 92 1746 4542 4432 5665 3856 1335 6105 402 485 1907 9190 6830 3687 3315 1074 8257 3440 3845 7448 7399 5141 6410 8534 1194 2034 8588 4855 1746 5817 9689 4840 9166 3040 7070 3272 7391 9176 728 8744 8456 2630 6013 5425 9173 6546 2771 9273 5417 873 4984 1963 6417 3329 4350 5407 9202 4119 3171 2925 5575 3085 7984 355 3538 6846 6423 3784 5786 8248 6767 9046 9192 8818 4632 7049 6648 4758 736 118 2883 653 7856 69 1245 1342 9414 975 5358 6982 6872 4083 1585 282 5491 7444 9182 6366 208 3561 1513 9548 9639 2940 4728 12 1653 6048 3848 191 5355 6048 2856 4242 4874 7753 3566 7668 4817 5622 3991 8883 4298 5795 90 6109 2543 6475 3294 8732 9919 1772 7495 6572 2272 2547 4110 7976 5649 1172 5218 5630 8269 1510 3158 23 1586 6935 7367
92 0 4579 321 740 7560 5619 1434 3170 6788 8029 416 6603 4337 850 1048 609 3614 3460 4818 9579 7530 7176 5950 2906 8950 4931 4882 8204 9048 327 1116 6985 3953 1049 9822 1094 3490 7751 2792 9606 6973 6062 5780 4466 3590 8751 1350 8165 3385 3444 3603 2405 8616 6115 6248 7305 5248 7509 8743 7678 800 3264 7869 9245 18 8495 8717 4327 9165 9692 9429 6531 5805 5994 4670 9892 7030 9679 6569 341 1584 7851 4008 9595 4299 939 9534 5806 6717 9780 3943 5502 3478 4790 893 9778 2136 7990 3814 1645 9282 4583 6252 2150 9922 852 6984 4390 8897 2221 1856 4997 1414 1064 4965 2592 1195 9724 3830 2086 8247 8412 8890 8127 9881 1659 697 7517 8942 541 5555 4989 1060 1862 6844 5215 4565 2431 1287 1102 1628 2966 1542 8656 102 5341 2363 381 6692
1746 4579 0 4201 2967 9707 9762 2844 2260 3755 5871 8769 6031 6500 8202 2071 5524 3881 7350 6987 8306 320 4793 8135 4043 9934 632 368 2108 8465 7182 28 1481 9536 2524 5105 3036 502 3088 9042 204 2802 9079 6906 5801 319 6281 8051 777 8744 7278 6020 2339 4468 5645 8221 9679 5023 2916 631 9770 6365 3568 5069 1921 4005 7132 6650 8501 1842 9750 491 4026 353 8090 5194 2816 4529 7125 4891 1646 1656 2613 2816 2500 5152 161 5716 9856 6045 4131 6140 2523 5486 7334 607 3674 3931 7416 819 5825 2075 2741 2769 940 7417 6616 2326 2422 3669 1975 797 6326 6149 2157 9109 506 2863 5316 3155 5246 6931 8643 9782 6764 8017 449 7554 601 4271 8033 7754 1928 4265 8257 7086 9368 301 1698 1303 5617 7764 8983 9439 9408 7167 2802 3080 8608 9867
4542 321 4201 0 9378 1987 1285 8869 8519 7901 1126 2075 1276 4565 27 7264 4973 1091 5202 2665 7205 6795 8305 6195 4154 2774 3618 4615 4299 9497 4819 4965 1453 6719 6949 273 2937 4234 4776 3312 8598 4832 9388 7931 9292 69 5863 6783 2067 8306 6330 3008 7549 3823 134 4358 525 6867 8663 6085 5793 6120 7810 4517 157 1855 9738 834 6947 3722 7342 5399 2207 4578 747 6755 1632 3215 7425 1877 375 8802 606 4788 3853 9150 551 207 9531 9450 4165 2134 4373 4142 1229 556 1838 5412 7053 3757 6067 8420 4584 2073 7766 4955 4070 9444 329 6711 156 172 8603 2258 1376 5928 1549 3668 7602 4316 7976 204 3482 6287 7472 4467 2840 8768 7240 2832 5845 9548 2937 4737 3196 2633 9236 9197 1275 6329 2762 3048 1582 4963 2864 4039 4183 6911 7622 851
4432 740 2967 9378 0 682 6208 1280 5583 4441 2636 8566 6255 6997 1112 2528 5426 6303 1087 9291 3886 531 3264 528 2696 2907 6588 2161 6350 1351 2279 923 4227 8909 5473 6353 8306 4580 9302 5601 8368 6272 2778 2034 8468 7153 2062 1027 7437 3468 6553 8684 9362 4053 9292 9774 7160 3467 7359 7121 2332 554 8006 7136 9420 8291 3348 4164 5653 6830 7138 6966 9942 6734 9193 8178 2009 6843 9046 9546 721 2361 5330 2742 3492 8417 9150 2572 7709 9136 3735 3785 2381 8488 7683 9643 4106 2445 8435 8410 8135 6457 4303 8818 8771 447 8398 4 8328 313 344 3657 2051 3879 389 948 5007 4443 8535 2717 7376 6306 3128 9851 3994 648 759 8782 1305 6604 2368 2548 2696 3595 7739 970 4291 5553 5974 5943 7702 7941 1971 1878 3567 9792 5144 2689 9649 7515
5665 7560 9707 1987 682 0 5128 1488 830 2930 8526 3046 4105 188 6324 1976 2673 9073 1917 6795 8921 3046 1398 7737 2252 6461 4462 5812 4395 2760 1907 4363 8695 4880 7902 3421 2800 2874 2481 391 2505 8134 9195 3463 5481 9840 6194 8390 6065 1431 5683 8356 9583 5238 3932 1491 5115 9647 2946 6918 6880 369 9408 1222 5867 6784 4162 5719 7746 2585 582 8429 6167 4616 7177 7339 2843 3704 9404 6373 8902 621 2638 4460 3966 5496 2467 6988 452 3045 6602 7465 1323 5706 8702 2628 5716 8625 3172 9448 8526 8606 387 2419 3572 405 3029 9552 3028 2600 3582 7621 3407 460 8081 9506 9006 3236 6656 2711 7476 1083 5971 2444 7887 5854 8721 8704 3396 8383 7434 4777 7117 7346 949 8596 4006 6483 6712 5069 5962 1196 2963 320 1247 2823 8007 3676 71 3399
3856 5619 9762 1285 6208 5128 0 7784 4554 7524 8611 4411 8904 2410 1110 7641 3754 1158 5237 1564 7347 5636 9753 1343 4174 5908 4613 8157 5675 8841 1629 1586 4620 2308 4082 7665 7863 5037 808 2489 200 1892 2978 1257 7283 6568 3828 1752 8931 2423 7143 6739 2520 7709 2247 8678 8992 7709 2317 4772 3885 9569 8032 8737 9147 9611 5833 9582 8831 2426 4941 6294 4189 1973 2523 1129 8141 8094 667 3926 399 4 2987 7479 5671 565 7459 7616 9771 9760 6491 4856 76 5922 3151 5083 7757 3499 4859 7726 2655 2525 7612 2581 8495 4709 4676 5725 5394 8684 8941 3163 8045 8149 3455 2817 7814 695 932 123 2544 1015 4167 5221 9104 6831 4279 1353 5242 3988 174 8738 353 983 9058 3457 8030 2669 9314 274 9514 3619 556 5532 7756 2724 6413 1263 4246 7925
1335 1434 2844 8869 1280 1488 7784 0 9327 9074 9744 8342 4923 4741 7311 992 6991 9250 2034 4258 115 9583 6745 8116 5234 783 9472 3731 3145 8789 2869 8380 2957 6869 5551 513 4138 1866 9204 5498 2407 3748 288 1618 4383 456 4140 1057 1495 7181 5144 3058 6547 6269 9956 6419 8000 1502 7951 352 4521 6894 2772 1490 808 1971 141 1963 3848 6184 9205 1484 7917 906 4445 1147 6994 8924 3450 2985 3607 6208 537 9788 6947 7020 2200 9408 9253 563 5145 3273 7671 7374 5708 5026 7373 8733 2890 4775 7790 6368 6059 5165 7975 9410 2281 5139 1608 6200 398 5237 2252 5730 9038 5346 6602 7652 4598 6989 8949 5346 9256 731 4994 124 3936 5696 1989 1030 6361 3695 3015 8112 8542 1828 8197 6508 6270 647 4531 3542 7814 557 3151 4646 8844 8859 8766 5675
6105 3170 2260 8519 5583 830 4554 9327 0 1943 886 2954 7590 3138 8301 2878 9345 5601 9299 8035 5067 7842 3065 573 9323 1788 885 3960 4723 2495 2001 587 3274 6447 8607 999 758 9316 7925 7954 4246 8255 1336 2114 7295 6770 824 9106 8273 4532 822 3553 5873 3572 6141 2957 748 8374 5285 149 9069 5377 4628 4059 5579 3584 2019 789 4568 5300 5144 3949 4044 1049 6297 6792 5031 8805 1280 1570 3142 3518 3641 738 3016 4002 1550 7105 4454 5760 1261 4851 1389 2092 1906 8216 1143 4237 9552 197 9992 4713 7182 3751 3440 5371 8529 6236 3721 2003 8871 8478 5644 5361 6151 7268 4927 8472 1075 7493 4030 3467 9511 9180 5383 1262 212 4408 9969 228 2466 6150 407 4657 2784 1367 8121 6924 8857 8621 9691 9438 6141 4741 4602 8014 8649 3357 6785 7573
402 6788 3755 7901 4441 2930 7524 9074 1943 0 871 8912 8817 268 7118 1203 3218 1044 9840 3801 3226 8140 4441 3202 219 1076 9861 3769 4038 6677 5943 4296 134 9694 3085 9646 3145 9380 9917 4308 193 8900 3181 8324 6858 2006 5020 5747 4695 5063 6463 7159 1332 7040 5761 9611 9742 4468 5194 5720 2529 5426 6470 3259 3479 7512 9280 8586 3168 968 7246 7458 4653 5227 8645 2233 2144 8857 179 5202 2745 9486 1674 7404 8846 4101 1476 2476 9740 4505 7506 9240 2474 6497 61 2303 149 3154 8976 2685 7568 6549 3086 1226 4459 1609 6461 5060 4194 5088 7511 9682 9279 4611 3412 5405 2418 7207 4901 6592 5693 5518 9316 1856 4055 6021 5261 3552 2747 4337 7981 39 799 9820 469 7275 6034 1743 4290 6366 4786 4963 7794 2802 8125 9369 5865 4207 2570 7075
485 8029 5871 1126 2636 8526 8611 9744 886 871 0 9579 3239 7109 9015 5985 5344 8717 6269 1740 3803 2004 9484 9683 8106 6222 5833 5122 4 7827 4916 8373 8411 104 413 9658 4416 9372 2151 8249 6833 4496 1608 6527 3310 1278 2010 7848 8237 8295 7646 1127 8895 8028 1103 8509 6057 9255 576 1818 2984 2216 8170 6721 4651 1413 5326 7754 6683 7556 509 166 5099 2802 1359 2510 258 6407 5390 6011 3523 4742 5778 3284 1779 9616 2388 8736 1169 8670 6549 519 6123 1310 5865 139 5581 9563 948 66 5991 7991 7787 5497 677 4473 8910 9934 8627 1389 664 1616 2639 1777 2068 4414 4554 4832 7459 828 5244 3424 7916 1891 8787 3070 373 6714 5769 73 1505 1112 3481 768 633 7868 3788 7559 2871 9512 5167 4557 1749 9141 8275 752 1294 2345 7904 5236
1907 416 8769 2075 8566 3046 4411 8342 2954 8912 9579 0 1459 333 8924 6633 9495 6502 2014 5321 9534 9179 6822 6137 6211 2532 3491 5859 3424 1057 717 1029 2275 1109 5030 7411 7823 8510 6722 8880 5863 7905 2377 7976 2599 8250 3395 9038 6566 675 2349 4224 874 5848 4684 8233 6633 2511 9986 5193 2038 3687 2257 7982 5773 2228 2818 6618 360 6801 2143 6184 2273 8863 6778 4315 16 945 9701 1478 7190 550 527 936 5874 4510 1490 3935 1335 3774 6153 5942 9997 3086 7923 6462 5146 993 7145 5275 8225 4495 1612 7287 9810 2827 1866 2211 5474 55 803 2122 2276 9102 690 1976 6742 5315 9787 7763 8999 7410 6364 9366 2525 4029 3829 9351 6560 7709 7181 6976 3180 8131 1037 2161 6037 380 3169 2991 4952 4404 9878 5109 3899 6499 2472 6156 8420 1592
9190 6603 6031 1276 6255 4105 8904 4923 7590 8817 3239 1459 0 3469 9035 2503 5767 9101 880 8948 9281 6901 3063 5394 9664 7710 2988 2717 5141 49 3745 8173 1433 6078 9165 5631 4858 6361 6902 4192 4116 2232 7831 4124 8752 444 5086 4653 1786 1142 6969 9190 4277 9929 5861 616 2416 3289 8958 7523 405 6641 7 8843 949 5150 8770 4134 813 120 2221 7262 9270 4608 1185 4845 8808 7331 320 6925 1534 6867 5331 1211 3389 2531 7297 8489 3284 7796 6651 1992 703 754 5876 81 5626 2 4903 1388 3032 1742 5452 9364 4032 776 8263 6528 4857 1542 1317 9763 9854 1179 2285 471 4360 3792 9361 6095 519 1294 3780 6781 8815 9446 4116 4343 1664 3676 8577 3872 9484 4991 7185 1269 5032 627 3514 6228 6026 7145 7524 5658 8481 2227 565 5791 6574 9120
6830 4337 6500 4565 6997 188 2410 4741 3138 268 7109 333 3469 0 8149 2420 5930 4738 927 4262 8569 563 4154 4374 9653 8051 2353 2670 3874 6548 3971 2814 2573 1646 1027 6888 8492 1686 5999 1239 4403 7867 7292 9289 5805 2890 1913 2031 4173 6271 4540 3672 9924 2216 399 9274 8727 4927 5994 2138 7408 7862 7910 257 2195 3528 3175 1929 1304 2445 6272 5332 9429 9424 5918 61 925 8394 2813 3123 2304 5814 5440 6726 2889 9148 4496 2397 7867 7302 3584 8388 1667 6741 3114 1417 1168 9243 9083 1422 4363 6941 7142 4420 1431 8022 4703 781 6331 9866 4596 9427 8939 6307 938 4591 7889 2294 8493 8856 2644 6330 4246 8287 8023 7878 587 3594 6030 5687 7862 8016 3779 2094 3225 9311 9420 9789 3490 5009 3640 9536 8955 194 609 2686 6477 1201 6710 3071
3687 850 8202 27 1112 6324 1110 7311 8301 7118 9015 8924 9035 8149 0 9174 8427 2182 1161 5700 9756 3826 9525 6351 4026 7310 3808 9324 2115 8039 9922 8868 6623 233 6496 3911 2367 7838 1965 7410 4286 4085 9748 879 2746 6864 973 7134 5724 8508 4528 2281 8694 9876 6487 8007 3475 697 6862 4723 6926 6286 1098 666 4873 2125 4227 9251 537 1694 9324 6614 4939 2027 5278 7514 4154 6877 261 9591 689 7809 6946 8122 1300 3323 9693 6497 3717 9183 1690 1524 4670 5364 3132 489 6373 8932 1346 8292 3253 2626 1222 8860 1994 7053 7655 9655 8895 6714 9033 2328 2951 7666 4855 8388 8654 7073 3602 1897 1503 5420 8290 5189 3054 2969 7731 357 7911 8154 8800 1676 3535 3700 4039 7743 9414 1762 7699 8782 5582 1693 8371 5129 2342 4759 5344 9277 2355 9459
3315 1048 2071 7264 2528 1976 7641 992 2878 1203 5985 6633 2503 2420 9174 0 6706 1368 4834 5738 2803 3621 6813 4330 400 6878 737 1524 3489 9389 3031 2762 6860 6400 3705 7191 8863 8880 798 8045 5175 1108 377 9783 6731 7861 6086 2781 9997 9074 2364 6607 9505 9497 4502 4999 9541 2265 2348 6044 570 2661 6856 6393 5428 1518 3479 8214 3224 7614 9456 3776 5567 9253 4397 5519 5818 7449 9664 5742 4669 1309 785 4944 2688 5688 6335 720 8913 680 4454 7575 981 1873 9205 7360 759 9503 5474 3059 2298 3822 6706 770 4705 5697 2646 9349 7227 7506 2644 108 9824 7145 4772 2094 7281 6704 3923 6494 2698 847 3913 5094 9264 1968 4476 5958 4349 8316 2960 2417 5365 2984 6880 414 9727 346 8656 560 5070 7378 203 9038 5117 610 1679 190 4988 9250
1074 609 5524 4973 5426 2673 3754 6991 9345 3218 5344 9495 5767 5930 8427 6706 0 4978 1732 2721 5709 3412 8006 3093 9563 9298 1860 4636 4542 2886 2821 2921 4421 3995 3966 1018 5376 2196 8218 8147 5469 7213 9170 1045 6691 3205 6457 2370 3715 7873 6241 5879 6530 2394 4340 7745 1594 1989 2138 9000 4792 8459 3358 2168 1493 7596 3075 3168 3888 670 8248 7622 8550 3945 1400 8149 188 3160 7965 2556 4873 5059 5758 4421 143 5489 8399 2033 9265 1649 372 6133 6125 9813 5256 1359 37 9044 8437 1920 4431 5752 9018 4822 9491 7975 1084 1568 1344 8888 8560 3487 9128 3670 4385 939 8936 5126 8159 513 4051 1189 81 1095 5317 7378 421 7774 3205 4350 576 1722 4996 5925 8865 2924 7856 8911 7772 4912 1857 8032 5450 2788 1622 3393 4492 5553 7481 2360
8257 3614 3881 1091 6303 9073 1158 9250 5601 1044 8717 6502 9101 4738 2182 1368 4978 0 4587 6521 3144 1104 1385 3538 3821 6800 1896 8331 3654 9536 4878 5494 8973 5082 8554 370 7767 5287 2439 1073 2902 444 8232 2860 9821 5555 5973 182 639 8383 5381 389 9204 4694 2878 325 2084 9224 5691 2573 5043 7949 7757 9134 7122 7659 9930 9108 4888 7112 8397 2770 7148 7250 4363 2214 2562 557 1345 4587 4721 6270 9674 1747 8629 1067 7281 9599 7756 6504 1752 4100 3701 800 2706 9899 7364 5023 2325 2143 568 7884 106 7148 6153 6279 1994 8443 5870 5553 9151 1136 6681 308 192 7171 7600 273 1387 4705 8225 8036 935 8754 6702 5850 6932 3109 5196 6645 1139 5077 420 1921 8116 3848 7018 4044 7150 2376 9307 456 2777 8486 9364 1596 1726 5506 7971 9565
3440 3460 7350 5202 1087 1917 5237 2034 9299 9840 6269 2014 880 927 1161 4834 1732 4587 0 1690 7827 933 3429 801 8358 2540 2142 9297 6617 8286 9179 463 6095 1167 2310 8522 6521 3033 4186 6629 4557 1121 574 2304 2802 170 9231 2686 1371 9126 9695 1607 9398 9602 2542 40 4122 5621 5586 2119 4889 6418 9915 1362 5776 7832 8231 9354 5587 2609 2713 8919 6816 1243 1989 8905 3273 3326 3833 7058 5181 5024 8921 5538 2499 2584 5697 4162 3757 3629 7636 1812 6600 9270 4459 5027 5915 1185 3642 8183 7256 9801 5583 2750 4124 2890 5779 6624 9259 7354 4661 1835 6804 6897 9739 355 9920 3913 4915 118 6903 3797 6926 2146 9920 1232 1223 7063 2801 9701 7628 6787 3739 8327 5727 7942 1334 3678 1974 8729 4491 380 6410 3046 6951 3176 6762 635 4462 6455
3845 4818 6987 2665 9291 6795 1564 4258 8035 3801 1740 5321 8948 4262 5700 5738 2721 6521 1690 0 6632 9660 2535 2335 4563 3421 4517 95 3398 4736 5462 1233 3507 2957 5711 1741 3915 8394 6699 2781 4617 4616 4051 6755 2054 4557 3876 8613 4955 4688 9718 7874 7641 5670 8065 7095 8002 8932 4320 1246 5099 9665 6526 8460 6670 1162 9460 1355 2388 6072 1297 2825 2285 4048 8495 4246 4305 8727 8852 5746 7957 398 6342 8880 4054 4498 8271 1547 6819 7951 5991 3090 9512 1615 1228 2902 5219 2782 8834 6585 119 8286 9494 7604 61 1846 4933 1414 5980 4188 2491 3701 479 3915 59 2364 1154 541 7769 858 9074 3111 148 6667 369 8287 7265 5168 9522 410 6399 4688 6835 4331 4129 2916 5465 983 3634 8346 6248 7207 2194 6935 9947 9706 7407 8771 262 5083
7448 9579 8306 7205 3886 8921 7347 115 5067 3226 3803 9534 9281 8569 9756 2803 5709 3144 7827 6632 0 2564 3721 8579 9282 610 476 6521 5401 4871 868 2879 3623 6938 3008 2377 6452 5975 3674 4004 981 2945 4635 8754 1172 973 2639 2684 2538 5294 1136 5670 1423 6180 7497 2653 8400 1795 1317 2944 8273 8181 6926 1515 3749 6111 8051 9143 4818 3001 6146 486 8212 7387 9190 5288 2682 1015 185 8686 9514 5956 3331 7063 1848 6240 9602 7898 3823 2048 7895 8048 5420 642 5905 6785 2277 1746 1351 9395 6427 3012 958 967 5977 9733 7016 2904 1338 3174 5102 123 3971 6187 1995 6099 1964 2118 9117 9633 3487 5483 95 2381 5648 7112 4705 5611 9190 6063 6351 3897 156 3712 2510 7352 8593 8849 4721 8810 6149 7736 6159 8978 9358 8007 3478 9045 8520 8292
7399 7530 320 6795 531 3046 5636 9583 7842 8140 2004 9179 6901 563 3826 3621 3412 1104 933 9660 2564 0 4502 3647 2999 6377 5892 3881 1384 4843 9039 1258 4018 5490 5872 6119 9367 3738 4376 8677 5065 4049 5792 4196 7484 641 6185 8804 7166 8623 2064 3969 1829 4341 2371 7095 2722 7920 588 4424 3312 1853 8274 6187 1506 7786 1093 2882 1563 9628 7393 3184 4317 692 3379 4882 8936 541 7824 1383 2778 8110 2661 5607 1858 6328 594 7001 2239 7736 9214 4809 1709 6563 2804 3892 7980 8121 3602 223 1115 1675 1654 6085 5651 1722 8968 5549 3476 1565 141 9067 7781 2039 1062 6456 7652 6148 6099 7211 3962 990 5568 5560 4218 9129 1850 5980 7846 2766 1886 4828 3258 6540 8021 315 2504 1240 4716 5790 490 3978 3257 7832 961 3582 9630 940 3163 8464
5141 7176 4793 8305 3264 1398 9753 6745 3065 4441 9484 6822 3063 4154 9525 6813 8006 1385 3429 2535 3721 4502 0 7349 1619 6374 8873 7792 3386 4701 6738 6917 2115 6050 9429 6571 9875 3001 4671 7618 3674 7851 2634 3090 255 2882 8939 8357 724 1826 3355 778 5201 5816 8303 5603 6909 2591 7773 1448 4950 5920 1683 4195 9163 6586 3401 2829 3527 6443 9404 136 4007 2826 2481 47 1112 8556 4033 9209 9173 8518 2528 1622 4021 8720 9742 3345 5630 906 5036 9535 2287 7416 2378 5591 5289 8626 3317 4622 3048 1938 9058 6751 2123 6183 4364 5917 6550 2082 915 5314 6855 1753 3125 7251 489 9765 6638 7072 2688 3809 7704 6642 4764 4084 7365 5634 7158 9260 2981 4477 971 9409 2102 7266 7889 4969 5613 8670 3941 9840 2634 6417 8125 9146 2077 3293 1361 5544
6410 5950 8135 6195 528 7737 1343 8116 573 3202 9683 6137 5394 4374 6351 4330 3093 3538 801 2335 8579 3647 7349 0 8370 1094 4871 9875 9144 6885 1541 3607 8837 937 5894 9992 9058 907 1532 7928 7689 3924 5926 9812 3389 4006 5584 3652 4004 486 6756 8721 1780 2002 8535 6424 5007 2729 6109 7997 732 3388 1506 6945 1637 5355 1835 9742 2710 6312 3616 2674 778 7334 1459 6369 7470 2604 5204 5148 4899 1005 5295 5216 595 6858 1933 7406 4881 9863 7740 8525 2173 7531 6257 7307 4052 1293 3356 2029 6075 2521 1174 1846 8460 5651 4269 8138 9112 4251 8987 152 6493 3977 9708 2774 2182 5183 7374 8648 7652 2966 5758 6196 7463 7953 4721 1344 7156 3408 2054 7814 7475 5439 4985 9879 6116 5125 525 283 5556 3789 1982 56 2188 368 148 7802 714 6966
8534 2906 4043 4154 2696 2252 4174 5234 9323 219 8106 6211 9664 9653 4026 400 9563 3821 8358 4563 9282 2999 1619 8370 0 770 8793 1285 5240 5448 683 87 3893 2622 9705 9210 7819 557 5561 7515 7811 8315 7806 3996 6214 6627 7567 2739 6065 1319 592 884 1479 6599 7002 7053 3451 1815 6917 3556 4138 2524 1591 4373 9440 4608 1886 5707 9563 8114 2946 4511 1441 2371 5928 7248 3311 422 7053 4812 7509 2041 2327 8145 7648 5917 6057 5999 1657 1982 4661 9813 122 3168 3828 9518 5966 1761 944 286 6348 9899 7601 7442 1755 5728 4986 4069 1059 2528 9089 5242 4375 813 5840 3183 4651 847 2498 1279 8134 3321 5422 8726 6787 9454 5573 7618 3074 4889 5390 8181 4108 9467 9842 3813 8617 6156 4878 4230 1470 5535 2238 7970 2522 2759 3678 8141 9993 9711
1194 8950 9934 2774 2907 6461 5908 783 1788 1076 6222 2532 7710 8051 7310 6878 9298 6800 2540 3421 610 6377 6374 1094 770 0 7228 1557 9308 6122 8556 4180 6022 3863 467 2159 1522 6194 3294 9082 6604 9750 5732 2818 1034 2491 773 1591 5777 1678 3205 8702 5994 4963 2346 5713 7521 31 6635 1707 7106 5561 7898 9344 2521 4817 3046 3386 4820 9378 8373 4266 1524 7088 2189 5729 9177 8960 9962 9662 6101 1566 4633 868 1527 8991 2299 802 3754 6662 7695 4520 7559 1528 3016 363 6925 1976 5142 2527 871 2628 9770 2207 6702 7501 9615 3701 7693 7001 2707 9605 7 6407 7841 6074 894 3569 7643 5223 4788 1237 5694 1716 9980 5752 6222 5055 530 3627 8173 1141 8046 7365 7821 1247 929 4294 6307 2807 4369 6518 151 8240 761 6686 6061 4968 7059 1638
2034 4931 632 3618 6588 4462 4613 9472 885 9861 5833 3491 2988 2353 3808 737 1860 1896 2142 4517 476 5892 8873 4871 8793 7228 0 2993 8093 9802 3328 1929 7827 8304 1198 750 3165 6541 7472 3053 1620 5634 8279 2969 5148 9296 9885 2622 1445 2075 6670 3970 6213 7163 6688 1654 6885 9623 1476 4082 6411 1381 7889 2858 1390 3837 3009 9114 1558 3944 304 5808 5806 5917 3931 6329 1617 901 1186 7968 4526 569 1843 4980 6940 7476 5308 2172 7258 6758 519 9859 5172 7837 2119 7755 4879 3177 4074 5695 2465 7365 759 6235 182 3646 6924 7935 8529 6615 3465 4053 415 8686 1075 167 8435 6030 7292 4491 6070 7875 8891 9142 696 3100 8971 4390 9781 6560 6273 9610 7289 922 3869 8096 9036 2044 9249 3271 609 9382 1499 8236 4943 9723 6148 3040 651 8790
8588 4882 368 4615 2161 5812 8157 3731 3960 3769 5122 5859 2717 2670 9324 1524 4636 8331 9297 95 6521 3881 7792 9875 1285 1557 2993 0 7413 9082 5890 2137 9406 1641 9921 2134 9041 3434 7715 7437 4979 5613 6128 4215 2962 7936 1956 8638 1365 6758 6559 2915 9595 6324 7044 2395 8767 7918 3668 8211 6922 7622 2148 8059 481 2195 8354 5368 8592 439 6389 1301 1864 1650 7714 2065 2474 7239 137 790 5463 2479 5621 4330 7475 3590 8472 4379 4428 9017 5245 5993 9900 37 4194 2346 3070 5687 8376 399 4864 1674 7281 31 7754 7249 8074 2953 8663 7629 9388 586 808 446 5041 102 7054 6214 3380 1787 1424 7277 8000 2473 9979 6350 1673 4717 9029 640 6291 1578 7171 8619 455 4259 9678 4117 3192 2563 7947 41 4527 5104 1899 4555 4647 8321 298 8793
4855 8204 2108 4299 6350 4395 5675 3145 4723 4038 4 3424 5141 3874 2115 3489 4542 3654 6617 3398 5401 1384 3386 9144 5240 9308 8093 7413 0 6374 1975 2513 3097 9856 4534 4538 3432 2238 7312 4307 7217 7922 2195 3811 3212 5055 7410 5325 999 5188 4386 2264 2406 8414 5611 5404 7598 3649 5371 1700 2871 9792 119 2186 7845 8821 3215 2984 6412 3860 566 4537 5998 7990 5320 8815 6913 8030 4079 4639 6391 546 7834 3197 3250 3637 1974 9089 8455 5900 8162 8083 3353 5747 3249 6585 8465 3472 875 5357 4636 4739 7836 6277 2460 6788 7087 4383 8046 5556 2970 8270 9670 3554 2110 3383 9057 5970 4559 9163 8755 4605 8995 2490 3877 3426 1318 1268 5342 347 6459 8432 966 6179 659 9439 934 7990 1557 3259 1064 2660 1528 1524 5106 4120 630 8653 2824 9048
1746 9048 8465 9497 1351 2760 8841 8789 2495 6677 7827 1057 49 6548 8039 9389 2886 9536 8286 4736 4871 4843 4701 6885 5448 6122 9802 9082 6374 0 9392 1289 5305 6572 5077 7670 6315 3475 6922 8837 6034 6361 6493 6545 1939 2828 5749 9924 1497 1168 1679 9649 9824 1373 4310 6851 5673 8405 2087 5382 8806 6857 9509 9158 7635 5943 1252 7894 3951 8599 5016 9430 4194 8253 1307 7696 462 2583 3887 5271 3132 8885 5867 122 9447 7446 525 2458 2978 3132 5676 2823 7048 8020 1093 6887 5403 7388 939 3995 8132 3055 7289 8751 9688 9089 3832 4735 4746 4192 1564 9095 4003 9800 5932 6144 9405 7794 2094 3282 540 2500 9991 9917 5055 4256 2135 6078 9921 1790 5472 7966 6625 4500 5176 5933 6562 662 9859 7185 6301 8783 3024 4798 1079 731 8164 5185 1797 4343
5817 327 7182 4819 2279 1907 1629 2869 2001 5943 4916 717 3745 3971 9922 3031 2821 4878 9179 5462 868 9039 6738 1541 683 8556 3328 5890 1975 9392 0 6228 4579 5631 1756 4297 7099 4187 5835 6603 1813 2367 6557 6310 1296 8563 29 1699 2004 6237 927 6493 7823 3925 9813 1748 4578 1324 6942 1200 4599 6885 1319 2827 4545 6140 5260 4547 1063 8969 1027 7454 5584 1764 410 708 3768 9256 9038 9406 1753 3524 3274 642 5563 1614 9193 9892 5746 3634 3479 8176 7526 2683 5819 6973 6193 7972 2037 4617 6643 5428 4632 5864 5196 6247 6422 8309 1829 4219 3642 2256 4172 9143 7358 5529 22 1564 327 8571 9730 1396 911 9847 6685 4533 9885 2494 7028 3540 4460 9457 584 8172 842 8945 6028 8340 4753 142 7487 1095 651 3975 3363 3343 6361 3520 9633 8020
9689 1116 28 4965 923 4363 1586 8380 587 4296 8373 1029 8173 2814 8868 2762 2921 5494 463 1233 2879 1258 6917 3607 87 4180 1929 2137 2513 1289 6228 0 5352 663 6050 7066 7977 8925 2675 1945 1124 9158 1062 5947 2165 6059 7517 7389 9169 9628 6038 4010 4583 9650 3662 186 8564 4542 3075 7576 3083 3798 2215 4865 2037 2147 6072 1996 6371 3673 8440 6630 8076 5482 3249 759 1778 2262 4032 8733 5004 916 8376 3466 3642 8596 3446 8067 5560 8043 3056 4706 8683 9583 4555 4212 2033 5257 3628 8689 9490 5617 6469 3159 7262 3421 9525 8512 7759 6752 2394 2777 5479 8366 2740 9167 7837 662 8318 5224 788 387 6608 2782 9716 597 1985 3431 3124 8809 9608 1894 3530 6245 471 1614 7032 4715 2476 2049 2872 9097 2946 5864 4037 7311 2895 9772 6102 7278
4840 6985 1481 1453 4227 8695 4620 2957 3274 134 8411 2275 1433 2573 6623 6860 4421 8973 6095 3507 3623 4018 2115 8837 3893 6022 7827 9406 3097 5305 4579 5352 0 9194 932 3908 5177 9765 3981 1133 823 3103 6899 4354 6949 6792 4093 2353 5564 3876 9787 8117 4356 3699 4144 2355 1703 9453 6240 635 5240 784 5326 670 6804 4149 8508 7876 9188 1955 6588 183 8807 8711 7964 622 3595 5801 768 9929 6339 2021 7559 564 5129 7406 1209 1489 6526 9242 1801 4007 2146 2770 1268 8366 5333 3791 3290 5650 601 1839 2834 8922 4810 792 8602 9998 5187 4198 6666 6736 4324 6177 1046 8995 9091 3925 854 6329 8941 6521 5550 9194 4802 6266 8418 1840 347 8142 3876 1889 5315 9623 1926 7955 9452 3337 4547 3234 2638 8250 5586 3967 493 8719 8943 6290 7585 4873
9166 3953 9536 6719 8909 4880 2308 6869 6447 9694 104 1109 6078 1646 233 6400 3995 5082 1167 2957 6938 5490 6050 937 2622 3863 8304 1641 9856 6572 5631 663 9194 0 7417 8460 41 5179 2953 3831 1162 8778 5538 6380 7999 1642 2903 1306 292 8885 8808 1393 350 5330 7740 9966 451 4238 2585 5796 4808 6524 7413 5608 1001 4270 7793 1553 4343 4354 646 4489 4585 4459 3189 9640 539 7530 5384 5301 459 7364 9390 2817 7680 3599 2847 3661 7003 4922 9293 2701 2214 3525 291 6445 6745 2600 5883 3367 2850 6251 7029 569 7320 2532 9506 1746 1526 1742 9382 9777 440 4497 2744 5245 9864 8558 3255 4300 9373 5277 9693 4951 605 1548 9735 1333 8874 867 6287 5331 7357 5278 4715 5202 7406 404 1779 7352 1694 6370 8741 2392 2305 6746 1227 9351 2358 4608
3040 1049 2524 6949 5473 7902 4082 5551 8607 3085 413 5030 9165 1027 6496 3705 3966 8554 2310 5711 3008 5872 9429 5894 9705 467 1198 9921 4534 5077 1756 6050 932 7417 0 4011 5099 587 2974 8394 4171 5601 5259 751 7125 6260 3101 2572 2740 763 3146 4312 573 3840 5268 5439 111 8173 1992 2461 7394 1435 8571 8807 7828 5785 5510 3745 71 7552 7387 1627 1755 7156 4739 5345 9562 9497 7993 451 9638 7304 8189 9745 5387 4611 1147 9757 7483 8121 6842 1232 614 4061 7650 4939 7723 8412 1442 6197 578 9038 8208 7343 955 5023 3117 8779 8277 8164 1077 3433 6697 3399 7380 3196 5357 3168 4593 869 8357 1005 7260 5464 220 6485 5493 8109 9623 417 2662 6870 8551 6325 8155 8869 1535 3746 3892 5473 1561 9630 3608 7852 4998 5653 4344 1292 4203 8892
7070 9822 5105 273 6353 3421 7665 513 999 9646 9658 7411 5631 6888 3911 7191 1018 370 8522 1741 2377 6119 6571 9992 9210 2159 750 2134 4538 7670 4297 7066 3908 8460 4011 0 8149 8522 4326 5570 4788 8356 9349 8648 3041 4379 3278 3025 6597 5120 2023 1928 1906 8220 6479 2880 8613 40 1966 7156 9470 5489 5128 5449 9067 3469 590 1447 4683 6049 5489 2680 4608 6812 7816 6355 8057 9666 3738 8167 3109 2382 4208 2448 2636 2289 5577 4247 5716 6119 7372 7708 9408 170 1711 2533 4790 3205 9299 8319 4024 879 6299 9867 4902 512 4766 6203 6969 258 2014 1553 555 4930 8326 2506 3673 1593 5082 667 6485 8885 7245 4527 884 5526 6709 5764 364 6276 15 7178 6412 5737 9671 4321 8602 2418 4145 8271 1698 2366 2607 8446 773 9042 9111 6624 7829 5958
3272 1094 3036 2937 8306 2800 7863 4138 758 3145 4416 7823 4858 8492 2367 8863 5376 7767 6521 3915 6452 9367 9875 9058 7819 1522 3165 9041 3432 6315 7099 7977 5177 41 5099 8149 0 8301 2326 8629 1862 9450 3443 7821 2834 1369 6783 3630 2871 7903 2791 5889 6084 9085 1786 1068 7914 7362 8639 3679 8156 6133 7640 4459 7153 2282 4828 6439 7878 8452 4088 4817 9223 2848 8449 4303 5003 7634 4540 9846 4057 919 3125 8729 222 1546 6101 8477 8776 472 9893 8517 6829 5331 7018 3137 266 7936 7578 1282 5915 15 8296 1593 2500 4017 5069 3485 6436 5097 219 6125 3561 398 3495 8744 2055 7120 5577 3916 713 5318 9561 943 9532 4140 4123 1134 1991 1050 7807 6951 6565 9357 8744 1445 6862 7030 7180 7659 2384 5396 9552 5134 2719 3467 3990 4935 3411 9487
7391 3490 502 4234 4580 2874 5037 1866 9316 9380 9372 8510 6361 1686 7838 8880 2196 5287 3033 8394 5975 3738 3001 907 557 6194 6541 3434 2238 3475 4187 8925 9765 5179 587 8522 8301 0 6950 8381 2722 3533 2686 1004 3993 9220 5790 8448 5470 2648 6068 442 7899 6210 9573 3401 2945 7813 6349 873 6476 1141 5041 1275 9230 1474 4491 8913 2580 724 5575 4059 6948 7599 6365 999 8569 1253 8839 8979 1423 5253 4823 7308 3646 9760 8116 2300 5713 9752 2335 1623 8982 2257 2144 2486 7387 7469 6785 2254 4563 9033 5498 4141 5756 6489 9206 429 2377 8332 9875 3197 364 9699 3222 8739 8213 9097 845 261 9776 6330 1061 1604 4365 7177 4825 7169 716 4256 6196 1560 7156 9121 4827 5941 5508 9684 7851 2862 4830 877 7096 5389 2532 1999 8606 1569 6940 1004
9176 7751 3088 4776 9302 2481 808 9204 7925 9917 2151 6722 6902 5999 1965 798 8218 2439 4186 6699 3674 4376 4671 1532 5561 3294 7472 7715 7312 6922 5835 2675 3981 2953 2974 4326 2326 6950 0 8939 9035 719 530 5908 591 6690 5402 6375 6911 189 4394 2795 7776 6097 8343 5863 879 8295 6878 83 6985 7180 3448 7436 7026 2071 950 8515 8332 8255 4766 1086 6821 8592 8714 3437 6300 8271 4715 8976 9301 5835 9265 3682 5836 1733 939 4926 1524 7390 793 7261 9918 9849 7718 4107 723 8253 4881 4042 6945 9337 6862 545 2992 2557 9500 8576 9850 5444 8590 1135 3637 2724 6804 4488 9250 1751 1284 5212 4672 837 5000 3795 2699 6722 1983 689 3290 5079 1799 9162 7435 4748 212 1053 130 8477 2559 2645 8414 8762 3938 4886 7163 5006 2694 6202 1790 4399
728 2792 9042 3312 5601 391 2489 5498 7954 4308 8249 8880 4192 1239 7410 8045 8147 1073 6629 2781 4004 8677 7618 7928 7515 9082 3053 7437 4307 8837 6603 1945 1133 3831 8394 5570 8629 8381 8939 0 4880 9039 7397 9286 1531 4779 9232 6060 5344 1836 5525 2310 5289 8936 1437 1714 6938 2882 5265 2810 8732 7371 2648 2676 8124 1277 681 2141 5728 7753 5305 8615 3262 4879 725 8799 596 9783 8426 7435 7440 9262 8761 8652 7176 7712 2900 5121 5877 3395 8752 6188 8904 5157 5475 8413 8881 6189 4364 4595 116 4025 1298 1518 3398 8540 6407 1792 9498 457 6513 7939 8554 2485 8434 9654 6439 6335 9400 4002 2503 468 8056 263 3243 2208 1158 4858 3539 823 6775 464 4474 3546 9893 7481 637 8377 2870 9495 8872 15 8149 5105 5348 9038 7036 5457 7009 9544
8744 9606 204 8598 8368 2505 200 2407 4246 193 6833 5863 4116 4403 4286 5175 5469 2902 4557 4617 981 5065 3674 7689 7811 6604 1620 4979 7217 6034 1813 1124 823 1162 4171 4788 1862 2722 9035 4880 0 7119 4512 5541 4126 1048 8595 8563 6528 522 9262 4890 4144 2579 6105 6358 8056 6678 4410 7461 4353 8235 7073 3926 259 4090 8617 7919 9273 7980 8792 7057 7302 8691 4692 703 8305 6494 3067 7907 4817 329 4485 574 7480 1876 7086 534 2616 7254 1147 9933 9394 9340 7684 1018 6075 253 2664 3413 8774 4089 9337 1714 9606 8724 4194 6950 7268 6898 9741 3157 2335 8751 4332 3840 3679 3974 8189 687 271 2588 5846 3957 6026 6935 9426 8087 6171 5064 9549 1153 5055 9621 4159 872 4966 5575 6887 1081 2455 8733 2014 6303 7343 3018 4061 4064 2039 8988
8456 6973 2802 4832 6272 8134 1892 3748 8255 8900 4496 7905 2232 7867 4085 1108 7213 444 1121 4616 2945 4049 7851 3924 8315 9750 5634 5613 7922 6361 2367 9158 3103 8778 5601 8356 9450 3533 719 9039 7119 0 9749 7791 5336 7491 7668 1189 6972 8980 4728 6483 2782 5430 3945 3750 9468 7894 8755 1555 4621 834 2876 4945 6925 415 1548 2036 6792 9463 3804 3666 811 7175 7730 2486 5875 3591 4837 2435 7020 3356 8392 8372 5941 7818 9470 4532 4310 862 1187 6224 2514 9765 937 9810 2893 3986 5916 8739 2729 529 9845 5086 3226 224 6040 4253 7687 920 1889 6118 8140 4979 9271 8381 3686 8684 4087 3257 2571 1206 7878 2847 3621 1082 391 8181 7141 6755 7969 5410 37 4836 6140 2286 7437 3560 1335 2430 8171 4634 278 2633 9225 5314 6021 1898 6039 8576
2630 6062 9079 9388 2778 9195 2978 288 1336 3181 1608 2377 7831 7292 9748 377 9170 8232 574 4051 4635 5792 2634 5926 7806 5732 8279 6128 2195 6493 6557 1062 6899 5538 5259 9349 3443 2686 530 7397 4512 9749 0 7213 7236 6128 6614 2116 4665 1321 8267 6428 9698 17 6327 2286 1977 4033 2486 1763 451 3758 84 2784 3815 1631 5373 5876 4951 4691 8045 5992 4406 9900 4520 5727 2527 4291 6319 6569 4062 6321 2510 1250 1042 7121 4752 6535 6473 6459 6806 7580 4442 4663 6110 1676 4907 3447 4323 6610 865 1837 2398 6990 6416 3522 4202 3374 9920 5513 9166 7929 6517 5239 5148 3606 3563 6695 9653 2703 5418 7551 5461 2625 8968 7396 4591 2242 4809 5700 5365 3810 2687 9935 5775 2242 945 9603 1855 957 5985 1395 3881 576 3179 7479 1034 9005 8657 9585
6013 5780 6906 7931 2034 3463 1257 1618 2114 8324 6527 7976 4124 9289 879 9783 1045 2860 2304 6755 8754 4196 3090 9812 3996 2818 2969 4215 3811 6545 6310 5947 4354 6380 751 8648 7821 1004 5908 9286 5541 7791 7213 0 3275 6633 9256 7138 2674 5970 1029 8271 2042 5114 4539 5290 1556 9082 7984 3771 5377 2269 8745 8911 336 5144 4876 5967 144 7840 8404 521 6581 7890 8313 5446 40 105 3241 9211 1342 664 1368 8957 3617 5230 650 6345 9189 5445 4154 1167 3889 2699 9215 7516 7835 7578 2688 853 850 8474 6254 1639 3359 6263 2391 2206 3912 1309 7345 7768 184 383 46 8694 5890 6691 3674 8051 5112 2282 2156 8440 526 214 4286 6564 72 5132 1548 4397 2738 8224 2400 3924 8742 8962 7110 884 1112 7953 557 9540 2510 885 3646 8913 4758 7070
5425 4466 5801 9292 8468 5481 7283 4383 7295 6858 3310 2599 8752 5805 2746 6731 6691 9821 2802 2054 1172 7484 255 3389 6214 1034 5148 2962 3212 1939 1296 2165 6949 7999 7125 3041 2834 3993 591 1531 4126 5336 7236 3275 0 3758 9348 5016 6105 3084 4187 1886 5161 6821 2041 8178 332 1502 550 8324 9975 1637 7851 9086 4495 7632 6463 2984 5869 4965 8017 2123 2031 8754 1949 1075 9891 3155 1989 3554 5368 204 9056 3560 2197 9065 5032 1806 5126 2506 6779 1928 3215 8881 6111 9656 1997 6830 1577 6119 9906 1247 2407 8109 9141 5258 3077 3207 4598 3390 6982 9102 3975 9889 7320 9806 2185 7635 1615 4900 9016 4424 7582 3712 8012 1961 2523 509 244 6886 6466 6915 6714 5578 3219 978 9253 7355 211 4816 5198 3398 9957 6565 3425 9092 3313 7553 8712 4996
9173 3590 319 69 7153 9840 6568 456 6770 2006 1278 8250 444 2890 6864 7861 3205 5555 170 4557 973 641 2882 4006 6627 2491 9296 7936 5055 2828 8563 6059 6792 1642 6260 4379 1369 9220 6690 4779 1048 7491 6128 6633 3758 0 6208 9923 8182 7482 494 2284 5750 338 1154 4669 7596 7641 9563 7112 3991 5236 7941 1362 1839 7022 4847 8852 7377 3483 1897 7982 5652 2302 1948 1803 9931 6928 1688 9540 854 8480 9247 4233 4592 914 6833 1754 3603 3681 5345 4172 3181 8309 7606 6146 3745 561 3805 4778 2389 5359 9696 7844 1712 5243 4606 4019 4566 3785 2999 68 2902 4762 7890 3673 1253 934 9910 5663 3614 2331 7286 7376 4232 9051 738 3269 469 6039 2187 9111 5912 3811 1156 2160 2037 2282 1138 637 8932 8762 6744 7748 2314 3430 9973 9604 6897 6577
6546 8751 6281 5863 2062 6194 3828 4140 824 5020 2010 3395 5086 1913 973 6086 6457 5973 9231 3876 2639 6185 8939 5584 7567 773 9885 1956 7410 5749 29 7517 4093 2903 3101 3278 6783 5790 5402 9232 8595 7668 6614 9256 9348 6208 0 9845 3455 5567 3273 4741 5363 9776 6107 890 4460 7528 5407 4892 5516 5305 8805 5054 7206 5395 1551 643 2083 2129 4045 7275 575 3396 4274 2009 848 6825 2100 8372 6096 4886 6313 897 5850 1004 6623 7858 3514 7596 7642 3411 7182 1253 1913 2362 2208 9462 1496 8555 9552 1249 1745 2976 8581 5927 5376 234 9590 9135 3285 6263 825 5474 701 7201 7202 5970 1587 4294 8257 8804 103 5641 6800 6068 9339 1485 5774 2194 172 3178 5 6614 5692 2159 3946 6624 544 4848 909 8846 9516 4102 4108 6870 2906 8908 2061 3061
2771 1350 8051 6783 1027 8390 1752 1057 9106 5747 7848 9038 4653 2031 7134 2781 2370 182 2686 8613 2684 8804 8357 3652 2739 1591 2622 8638 5325 9924 1699 7389 2353 1306 2572 3025 3630 8448 6375 6060 8563 1189 2116 7138 5016 9923 9845 0 9943 7040 4452 1042 9902 488 458 2848 5037 5647 32 5861 8148 3712 7161 6056 4737 2653 5127 3456 5647 3285 9713 4122 1481 9976 2 9658 6833 8652 2338 2157 1573 6316 3566 1008 2357 1598 4696 8676 6692 6789 566 7549 2076 762 3923 2108 275 3830 4235 1162 6318 424 3197 9900 3809 1732 9718 1451 3128 4033 516 8533 3052 4404 3035 6284 5444 8162 5382 8356 2292 1639 577 4683 9674 860 6494 9515 4895 5246 2150 9645 6642 2527 8340 509 9395 2989 4832 1082 3365 2325 9566 1478 1927 4489 2084 7990 6630 4843
9273 8165 777 2067 7437 6065 8931 1495 8273 4695 8237 6566 1786 4173 5724 9997 3715 639 1371 4955 2538 7166 724 4004 6065 5777 1445 1365 999 1497 2004 9169 5564 292 2740 6597 2871 5470 6911 5344 6528 6972 4665 2674 6105 8182 3455 9943 0 6241 4806 3087 2730 2865 2642 9992 4436 3747 9347 9274 7292 4951 7431 109 1775 3993 5826 3057 3435 5892 7831 4934 5808 7326 549 4969 535 3597 6231 1545 9273 5012 966 2149 3787 201 2384 2632 4293 3655 3683 1671 7378 5647 5407 8135 5443 4102 9213 6287 6943 3325 2257 8893 6519 4127 9144 3652 9380 3630 6944 9172 8998 9774 2303 7660 3883 7171 729 2595 1248 6252 2082 8838 448 8610 2647 1099 1275 6491 822 7405 4963 7072 4657 4043 3036 7231 218 3375 3599 2749 4641 8422 1927 5797 3248 8954 8157 2777
5417 3385 8744 8306 3468 1431 2423 7181 4532 5063 8295 675 1142 6271 8508 9074 7873 8383 9126 4688 5294 8623 1826 486 1319 1678 2075 6758 5188 1168 6237 9628 3876 8885 763 5120 7903 2648 189 1836 522 8980 1321 5970 3084 7482 5567 7040 6241 0 1160 4925 2966 3427 8792 6086 4168 6715 1165 4674 1106 5503 7484 1737 16 7383 7190 1653 4876 2602 611 6034 8918 4362 2141 2513 3294 8190 5061 2592 8435 8360 6536 3846 3087 7561 3742 4036 4147 2290 456 1990 4917 9658 2649 2002 8949 6917 1149 8549 5231 7805 4706 2391 8697 6894 1467 1871 4655 3419 8767 7755 8269 9487 7959 3113 7232 8478 9139 45 101 2097 386 6929 4289 2427 5659 818 2978 7998 3877 4754 1980 5108 113 8019 8893 2375 5726 6766 9969 1575 9226 9475 9032 2493 9532 6242 4890 9434
873 3444 7278 6330 6553 5683 7143 5144 822 6463 7646 2349 6969 4540 4528 2364 6241 5381 9695 9718 1136 2064 3355 6756 592 3205 6670 6559 4386 1679 927 6038 9787 8808 3146 2023 2791 6068 4394 5525 9262 4728 8267 1029 4187 494 3273 4452 4806 1160 0 5240 9878 2204 4469 347 4304 5369 7419 4059 5752 7552 1458 5402 1787 3322 3259 8703 8362 2282 1758 7471 1212 4537 6479 3818 7004 8976 4531 1750 541 3334 9750 5975 9129 6101 6210 6861 5324 9830 5043 2994 3490 5511 1218 9313 1885 2166 8280 9731 6243 3086 1900 4080 822 5108 7335 6925 2096 6556 8953 1168 7212 291 5370 2549 8726 7137 9776 6911 4655 9692 5012 2895 485 4263 4374 1898 337 1983 8629 868 4109 9658 6255 6846 1484 7616 6873 2758 6355 1773 7899 6096 4554 2782 3414 3056 4629 4665
4984 3603 6020 3008 8684 8356 6739 3058 3553 7159 1127 4224 9190 3672 2281 6607 5879 389 1607 7874 5670 3969 778 8721 884 8702 3970 2915 2264 9649 6493 4010 8117 1393 4312 1928 5889 442 2795 2310 4890 6483 6428 8271 1886 2284 4741 1042 3087 4925 5240 0 9506 8254 1345 3677 7901 4467 2767 4615 8630 5937 2671 1983 1644 8989 4270 446 7841 8604 2295 8115 3555 2762 4741 127 9581 3651 9346 9567 3779 9491 3402 5391 5969 5938 2414 2186 2276 9565 8788 9832 8136 1884 6264 9322 3130 233 6916 2833 7825 3244 100 6897 1395 5998 8741 381 2971 3295 9191 2161 65 4254 7237 1517 5191 5485 7065 9331 6062 8121 4311 6550 811 8482 3577 9737 55 5338 6713 7637 888 7500 7266 1579 3773 3700 696 6723 824 1314 6253 1752 7226 9043 466 827 953 3936
1963 2405 2339 7549 9362 9583 2520 6547 5873 1332 8895 874 4277 9924 8694 9505 6530 9204 9398 7641 1423 1829 5201 1780 1479 5994 6213 9595 2406 9824 7823 4583 4356 350 573 1906 6084 7899 7776 5289 4144 2782 9698 2042 5161 5750 5363 9902 2730 2966 9878 9506 0 7936 9691 139 8813 7876 4415 5170 6549 4194 9196 6612 2324 8569 5849 9624 952 5136 7311 3001 6628 2237 2483 5421 1614 8389 3555 6312 7957 2539 6906 5803 7834 4706 8436 6784 1096 1478 1395 7647 1253 5222 8360 3707 3086 9689 173 6547 532 8402 6802 8011 2536 647 3403 8995 3768 9971 6189 8559 896 2313 822 4566 9482 4868 8155 4228 6642 244 4684 2967 7408 5838 4199 5601 8554 2972 1542 7439 76 2867 5249 9678 6104 5768 2140 5934 7561 3208 5692 2115 6275 2231 3671 9164 1627 9302
6417 8616 4468 3823 4053 5238 7709 6269 3572 7040 8028 5848 9929 2216 9876 9497 2394 4694 9602 5670 6180 4341 5816 2002 6599 4963 7163 6324 8414 1373 3925 9650 3699 5330 3840 8220 9085 6210 6097 8936 2579 5430 17 5114 6821 338 9776 488 2865 3427 2204 8254 7936 0 5860 5909 4624 2025 3480 5251 810 6487 3709 6586 149 291 2555 5258 4648 311 2742 2026 7319 4653 9605 377 7402 9756 1390 5416 5104 2143 7535 5345 5322 5103 5429 7337 8298 4111 3947 2935 5085 5515 1768 1364 1851 5882 2744 3876 4581 8224 407 1697 5896 8012 3486 3637 1479 7693 9783 986 8121 4072 3547 703 5452 1288 3024 9519 7585 1400 9690 2908 6027 604 7875 6941 7836 1835 3723 8729 2953 5280 9620 6046 314 5808 3167 1909 1452 8445 3201 2959 8776 9649 5897 9009 3264 657
