150
0 5904 705 2867 7125 9284 5191 5332 9825 8154 1694 4043 4624 8586 1811 4715 7364 1356 2161 9710 6399 7326 7713 1811 8771 1663 5365 8538 2689 555 9151 5201 7413 442 4279 9913 7708 6023 8326 8123 9262 6825 8346 6292 6493 7091 5246 4792 9511 8379 7978 4047 526 9191 5199 6425 3678 7843 8370 3925 4419 3009 5234 8341 3080 6618 9231 3974 6267 1778 4568 7301 7733 2259 4251 8713 6747 4059 3497 847 8578 2864 7178 6901 5010 5512 51 1786 9391 5045 5573 5392 8716 6699 9876 7684 7080 7633 2130 553 422 2006 6601 6609 1240 4297 1680 8600 5432 7193 6998 2856 1297 9765 5448 1393 3029 3374 173 5150 654 4334 4729 3964 856 1883 116 48 9950 6151 4325 2565 8067 3121 9885 4148 8577 6965 843 5883 4109 9855 4589 5931 8261 921 3875 9126 6072 7939
5904 0 7356 2148 679 273 2069 3169 2984 4964 3396 2381 4925 6560 4010 7014 497 1305 3996 9961 1390 9 3794 2553 7977 6020 6538 4355 7776 4118 5661 554 4395 4978 5343 8830 1102 7626 7894 5223 3797 8363 9425 864 632 8421 5964 8050 5016 9942 610 7769 2970 1299 2854 5532 7891 1262 2238 9766 5223 2194 7122 3796 5744 8208 2124 1284 6474 3944 1268 7331 3171 6173 6123 5889 6621 9931 6883 9972 4860 5850 1963 646 6783 2632 5784 9291 6331 6901 5459 9014 4700 6115 6122 3089 4951 8057 1004 4263 6835 2868 5030 7182 9370 8211 8575 3912 8625 7155 3842 5377 1115 1198 3088 3650 9300 5129 793 7576 2308 1543 8705 4110 6633 2523 1236 1902 4481 6775 8914 2950 5521 1199 3104 934 7858 7382 6706 8828 4672 1328 3968 5826 785 223 6562 3531 443 8593
705 7356 0 1714 9907 615 8289 2199 1063 1158 7267 6529 5384 9715 4576 6607 8960 1963 7311 9316 6311 7790 1684 9140 7255 9076 5349 3045 6965 1746 2413 9766 1697 9968 2125 1947 5836 1026 5583 3427 6211 1775 7340 3327 3429 9418 5068 6029 7205 3143 4945 7324 3835 2073 966 7448 8741 6461 8409 5545 1961 4028 9255 9738 3281 1144 4630 8375 1586 840 1706 3555 2893 7217 4619 9971 421 4490 9620 6872 93 1737 9266 204 8239 9205 5952 9580 6303 8111 4216 3542 5073 2177 6141 1749 9219 539 5392 1697 2675 6231 6707 5170 9664 5421 4507 3919 6807 8475 3989 1000 188 2173 8442 2150 8719 6585 9999 2443 7620 7145 2166 9246 5434 1640 3297 6472 8854 7261 8211 5535 8415 3875 3005 1129 9192 2894 2928 6182 3378 2463 6895 5476 4004 3900 7058 4307 2887 3081
2867 2148 1714 0 2177 2581 4271 5342 2055 9546 2027 9803 8673 1987 921 7806 7778 6275 6834 9768 10000 9340 9159 2792 1743 8818 3192 105 6564 1667 7037 9460 1070 9277 2640 1536 894 9708 5660 2470 3945 4858 5205 7305 107 210 1461 7229 9770 7094 6062 3286 8543 3795 4831 9115 5767 8580 9913 8482 7810 9433 3262 2208 6194 9811 8472 2109 5422 5593 4667 5211 5191 9834 6062 4775 678 3537 4947 6601 1824 9416 6265 3409 5962 155 6449 1093 5244 4330 5738 4802 3753 150 8223 5292 5689 4559 141 3768 1700 6656 8369 3864 6792 8140 5081 7016 4729 6311 9930 1167 8220 5155 9978 4735 8715 7601 9964 3997 4576 9409 5718 1160 8407 3203 9314 6338 5257 430 7889 4301 7459 3650 8648 5662 7017 3098 3741 8650 4921 9148 8940 8531 6110 6481 7369 8760 4310 3781
7125 679 9907 2177 0 8186 1322 3710 6010 1118 7811 4385 4538 7182 857 2082 8991 6293 3719 271 7307 889 2 298 3605 1227 361 3073 6563 8096 8685 9531 7168 7306 2414 6785 1161 8038 7546 8488 9673 7196 1269 285 2242 8692 3900 9597 7147 1707 9350 9448 7562 1641 2813 6569 6193 9547 4436 2061 9995 7447 5713 9258 1648 8175 6640 8196 992 1240 4304 3339 2172 4821 7686 2797 6121 795 622 211 8771 2809 411 3123 2567 6354 4658 1335 6797 4822 8800 1154 5672 2890 1153 9369 8240 4042 8795 6169 3578 6805 287 3145 2193 734 4287 4615 2033 743 3132 8036 3369 1330 3959 8071 83 607 2046 2439 4158 2149 6305 8691 2315 3035 8471 5560 9828 4683 2626 5590 7125 2641 5791 7114 7978 598 9492 9558 7262 4761 8339 6029 6474 4307 6999 1394 230 1346
9284 273 615 2581 8186 0 5936 188 7673 9946 7380 3523 7935 2390 2274 7428 3560 3423 4668 9341 3902 8512 2657 6016 1485 4684 3936 3176 506 1083 1853 7684 1787 5743 741 4739 6518 494 7301 5189 7790 1650 3574 5119 3623 5539 903 3345 2143 8443 1024 4355 2787 4676 1358 6385 9958 8958 7221 4891 5085 1690 6254 4872 2618 6884 1853 1875 1420 4453 2063 1346 1922 4931 9450 3291 7409 4900 3320 4176 9362 4441 5432 6338 7408 5760 4258 5171 5098 1330 7564 8528 2110 4596 1727 3667 4347 7765 6283 1135 3293 949 9379 3112 7480 7523 358 9974 1874 1911 2817 1541 5878 5235 5959 5173 2306 2626 9738 4902 6528 5574 1457 5976 4360 815 9912 7804 9122 3338 3107 1225 273 109 1144 1972 7293 6753 4320 1617 7210 6850 7126 6611 8021 7425 9341 6580 1496 423
5191 2069 8289 4271 1322 5936 0 1890 6350 5168 7315 6998 3006 6772 1889 2183 7316 6157 7562 8399 640 4420 8844 2689 1885 1691 4429 696 1325 6358 6479 9312 8614 7233 3745 4303 6735 6979 7944 7402 8943 8082 4165 9684 30 5879 3761 6644 2667 4943 7185 3818 8063 8641 7999 8353 1312 6420 6492 1234 626 558 1191 8928 5317 8856 3345 7852 209 1187 988 890 3068 7939 8183 9164 314 9774 5725 3057 9252 5855 5040 1455 4674 6068 9975 3983 7129 367 3175 2647 9361 3740 2217 3516 1067 2427 1284 1331 468 4155 1394 6747 4197 9257 5679 1751 6311 8914 4268 1463 4683 4734 2973 9233 6401 7191 6077 5362 9057 3893 7004 2163 4401 2552 4179 1452 7463 5980 8683 8760 8116 6476 7810 7835 1525 6485 5795 7941 9909 4754 2310 9509 4521 266 9420 4928 1216 7106
5332 3169 2199 5342 3710 188 1890 0 1044 7333 4737 9349 4243 898 2574 8848 2188 2208 3098 3967 1085 7911 4270 4936 6929 1103 4455 1737 1394 3288 4505 3902 1738 4644 8691 3102 5793 7259 4799 9191 124 9849 4212 9608 1522 9361 2546 3873 4817 2929 2739 3258 8372 1802 506 2801 1553 3297 6734 9439 7729 259 1087 9173 6246 414 9476 4155 558 9754 3030 5686 9628 6499 4874 1311 4912 9832 7325 1035 738 2863 6199 9394 7645 2086 5771 587 5528 361 348 9325 4603 2368 1765 674 1773 9104 200 5676 9186 5846 6496 9254 2881 6339 2783 9758 7893 447 3799 239 3974 7543 6528 2663 1399 5376 7961 6539 6041 8670 5018 7887 2315 5280 490 3319 8155 6089 2291 3657 6441 752 2451 8567 4589 6955 5336 299 4388 4632 4779 8742 7418 272 5376 2723 8581 8606
9825 2984 1063 2055 6010 7673 6350 1044 0 9698 3569 6522 5078 2845 5869 5620 9077 8510 6175 4756 7720 3965 5970 4547 8315 6423 3671 264 1278 6828 9983 8618 1771 3082 5333 313 5522 1841 961 8033 2610 4166 1906 3245 3456 5003 408 8394 5258 7929 1377 7440 276 7238 1695 7123 1033 4875 4909 9710 6737 3622 9030 1081 5580 9111 1809 6309 1283 8292 6382 6966 960 8139 3666 5399 6659 4542 568 6386 6127 6493 297 1472 4619 2505 7622 639 9453 3748 4227 2067 8946 1633 2376 3921 7284 9508 58 3507 7509 946 9014 173 5637 6373 9714 1549 8392 3571 8390 3552 1068 8807 7960 3411 119 5412 1424 4487 1096 888 905 4317 4256 6803 182 490 5742 5307 9958 664 8991 246 8849 7061 6695 7252 5432 1176 8428 1875 122 2036 8026 2886 4227 6800 5667 9708
8154 4964 1158 9546 1118 9946 5168 7333 9698 0 7074 6330 7285 3190 5860 1451 2883 6301 1473 899 392 4595 4310 126 7377 8448 4657 7842 5704 971 646 2681 7847 5482 1720 7203 8768 8564 1438 8733 2771 8189 1623 9935 6067 3685 8007 495 2498 5057 3193 3686 3712 5951 6776 8954 2309 1036 6339 8297 8854 8778 1087 2751 9093 907 4129 1553 9042 6288 7019 5057 8775 2460 3120 4029 3142 9156 9575 9814 5231 4154 9477 4754 9593 7152 4505 7959 1381 5818 7850 4245 7722 1625 3844 1359 9718 9487 4509 6901 7693 2303 484 4269 2993 5427 6902 2963 4326 2837 1292 9435 3384 2935 4395 4989 2294 5096 6938 5047 3163 4641 645 7767 5387 5515 3156 4528 2652 5401 2337 1055 9811 4610 5848 1564 7959 7772 4317 5900 6823 8874 351 566 705 2072 7161 3676 9580 3043
1694 3396 7267 2027 7811 7380 7315 4737 3569 7074 0 2088 9563 2997 6918 7481 9015 1692 5555 1917 9855 8313 1056 5157 7719 6247 9554 299 9178 8066 2840 9774 9908 447 8028 9175 7754 2262 143 1809 6912 1063 3736 8847 8550 1815 2701 4476 5331 3983 6017 3866 7247 4223 3178 3518 9049 6022 4995 778 1404 2031 4313 9459 3930 4591 6392 6512 4449 3733 1559 79 8845 5955 1407 8184 1395 2117 1970 6377 5296 8834 7689 6730 6417 2947 4279 3067 8257 4847 7437 5612 9432 9753 1997 1741 4543 5633 2115 6144 1225 3333 1657 5944 8179 3866 3223 710 7202 9080 4917 1025 337 2656 3329 9383 4679 381 3778 580 1700 5082 9938 8847 2588 1264 8965 9784 4892 1634 7963 2356 8199 1740 2260 7103 6809 97 1276 6483 3477 5403 381 4483 7213 3756 6820 2028 3426 3161
4043 2381 6529 9803 4385 3523 6998 9349 6522 6330 2088 0 9105 9323 7596 4129 2258 3385 9485 4058 8384 9056 7883 4349 170 8825 2112 3131 8020 7435 703 9011 5332 8273 9163 5536 2819 3167 228 199 6609 4832 7329 7870 2642 5968 6671 6834 1568 7823 7979 4084 8758 136 9559 1069 8232 6544 1564 4034 354 7248 6965 9031 6521 6484 5418 3494 484 7688 5622 3100 5418 2028 5682 4535 9589 9540 5656 2222 6961 8188 5647 1541 2314 7585 3583 9429 4283 4769 5747 9663 4417 9122 2424 3845 2885 9016 530 9275 2444 3641 3408 1158 7532 4712 9765 6558 6659 7799 1697 9086 4510 8640 8644 1243 7988 9439 8555 2232 507 3770 9931 5984 7744 3160 6442 1123 2188 3278 2336 7347 8995 4629 6780 6548 6643 3097 8345 1501 4903 1949 8643 1684 5732 6242 9697 3561 110 8717
4624 4925 5384 8673 4538 7935 3006 4243 5078 7285 9563 9105 0 5698 7433 9759 5474 156 4243 5384 4528 5052 1636 1741 6042 5800 6655 8180 8384 1469 5761 2488 4821 8556 6731 5951 2605 5947 4963 6089 2978 6441 2216 1540 4167 3861 6430 358 4972 3483 9775 7938 5536 7042 5398 7971 1953 2236 3020 959 6995 1862 2033 6407 2360 6368 9590 2418 4395 4464 310 3146 2836 5657 4121 8895 9973 1963 5509 7540 4531 1717 5472 7385 7326 1354 9789 3006 3866 4788 4776 1756 7802 5886 7306 7880 5281 9296 9156 2543 2327 1507 4655 8694 6642 3693 1519 3801 6161 346 5832 6624 6406 2301 2823 9399 6276 1714 3671 6451 8982 5768 8354 1067 269 9855 1615 7760 6771 3402 7846 2711 2642 5164 6577 2811 5430 7206 4182 3928 5210 8509 3337 4581 5435 7198 259 7189 4086 8735
8586 6560 9715 1987 7182 2390 6772 898 2845 3190 2997 9323 5698 0 5183 3195 1548 8459 5912 1893 6754 7082 7799 2676 4792 1773 7358 2479 815 8916 3518 6491 3547 8213 634 1176 5481 794 4494 9027 5562 9423 3486 4729 5144 8086 828 2599 5495 2252 971 9191 4229 2773 3382 9159 4583 8072 9199 6423 4692 9526 838 2222 8836 7347 8278 8037 5888 765 670 8798 5585 9016 8058 7674 304 7694 5208 2656 9347 3341 3955 129 3588 2165 4850 3491 5646 6688 7638 2715 8597 8212 2390 2717 4249 9105 4407 2640 7642 1411 3485 893 481 4096 6911 5707 6497 2452 443 2858 7515 3947 6942 7972 7069 1043 9649 9359 8116 6989 6199 8241 8594 4756 2056 1050 5199 1742 3479 7539 7403 5327 8514 7861 1534 2157 4879 6947 4340 10000 6499 9543 1933 4424 8871 1358 6438 4203
1811 4010 4576 921 857 2274 1889 2574 5869 5860 6918 7596 7433 5183 0 821 7982 4891 6899 5925 8168 2906 2141 9075 6992 2241 9171 7883 7334 3813 2097 4343 517 1215 9817 2914 8874 2103 3995 7666 1391 9324 8834 8705 9894 6695 5261 9438 3456 6980 3757 1698 8879 2377 5704 7943 3581 3442 8415 8696 300 2768 2852 4176 9569 2991 8310 3817 8967 3119 1452 5399 2329 9802 9543 5129 5827 5506 6864 3706 3066 2434 2278 503 8399 6178 879 5058 3866 7785 9954 755 4638 1900 1538 8494 1217 1494 3495 1725 6639 6728 5287 4887 7191 2311 2156 2277 4363 6270 560 4551 1384 4737 4095 9243 8882 3877 2453 3726 2528 9506 6976 469 8333 9652 8604 5281 3082 5465 6869 5133 4513 6763 3287 3021 3851 3750 9988 7092 5182 527 4990 9624 6942 7429 3702 9806 7356 5187
4715 7014 6607 7806 2082 7428 2183 8848 5620 1451 7481 4129 9759 3195 821 0 8555 3532 8190 8682 4500 157 2364 6716 4133 5002 3608 3788 8870 27 2991 1963 2033 3659 9108 7424 9385 8527 3597 4756 206 4073 3596 6060 7036 342 5386 6097 5447 8505 5808 1363 7562 6331 7626 9249 7956 5553 4393 1894 8523 93 435 3262 7848 3636 3302 7811 559 5423 9392 7888 942 1670 6812 7600 5535 8712 9781 520 1625 6090 9533 6439 2092 7942 8077 9624 2266 1665 9747 6916 2096 596 9961 2606 7233 8672 7215 4502 1214 3162 8809 8337 7555 1764 1509 6770 4906 8445 4160 8774 6977 309 7355 487 1320 1573 1201 3919 5784 1203 7297 8239 9273 8071 4516 7155 4250 1289 9253 3193 7570 669 7040 7657 7528 9383 1708 6331 1220 3370 3407 9568 5473 3981 3130 3824 5161 7188
7364 497 8960 7778 8991 3560 7316 2188 9077 2883 9015 2258 5474 1548 7982 8555 0 5463 4087 4305 9689 7547 4719 3944 8739 8853 3479 916 6242 3994 736 5872 9977 2173 8552 3311 9160 482 2442 5690 5874 2857 2531 4305 9965 3336 6301 6234 2067 7980 9499 9943 8867 6717 9369 8017 8240 5063 5773 1359 4430 7086 6744 7503 6212 318 3752 3622 6207 1002 7587 2709 3581 3164 7641 7400 3290 9531 1757 3770 1242 5160 3743 8509 8804 3816 9509 6205 8545 6873 7486 3689 7670 8471 7770 466 515 9705 4640 6560 5777 6620 7891 3894 3614 229 4965 9625 1387 413 9957 7385 355 9943 2800 5667 3028 7507 7466 3785 4476 1211 1360 1468 8000 2681 828 1734 5609 1572 10000 9230 2064 7791 5915 8227 8535 725 7783 7084 9982 6664 4364 7 911 5037 7325 4145 6735 7352
1356 1305 1963 6275 6293 3423 6157 2208 8510 6301 1692 3385 156 8459 4891 3532 5463 0 6465 6645 6408 4029 6020 6323 8092 7314 235 4216 5433 6300 7741 8838 9526 1202 6514 4505 1832 3890 2220 6307 7446 6094 9844 8196 1734 3529 2663 5157 3544 8279 1615 6033 7415 2136 1266 8043 4893 7466 8919 2 2094 6313 8600 5647 8676 8862 1127 922 4464 9396 5515 6707 3105 6227 5718 3375 4299 838 6657 6872 1065 327 4812 5152 1471 2825 89 8673 7982 9143 8763 7677 338 2867 7419 7986 3156 4290 7014 6404 9787 2350 3410 4295 6053 1337 6082 3511 2218 8594 3020 6402 1546 4316 9757 3879 2972 3445 93 8877 2376 4142 8789 3727 8280 8878 8662 4622 5607 7064 6127 284 3675 8822 9419 1489 7431 8203 5398 6808 6530 7924 2497 7151 8963 7904 8395 3552 4651 2504
2161 3996 7311 6834 3719 4668 7562 3098 6175 1473 5555 9485 4243 5912 6899 8190 4087 6465 0 6074 4320 2517 5038 35 2490 4075 3239 1011 9058 5608 6516 7513 6215 8829 1671 2383 3806 8884 6344 4921 6480 5761 2849 7619 3473 5019 9742 4657 2187 7753 4513 3143 5075 990 4034 271 8363 1564 7295 5164 120 8572 2126 2424 1448 1049 6151 914 9006 77 2442 7906 280 8427 5362 3259 98 7262 82 1294 9116 2246 310 5767 2053 224 6895 1787 4646 6724 554 4325 5134 1831 5440 5592 8339 1837 1379 4846 681 7832 7987 4948 1164 4204 2842 8464 8248 5702 4699 4658 3708 2033 2051 2537 9287 1601 2729 9019 5234 8095 5639 2120 7542 724 9997 2097 6336 5274 3810 9831 4322 4304 9585 6348 4685 6938 1419 7174 1475 8734 3957 3801 7807 7667 390 8979 5689 1827
9710 9961 9316 9768 271 9341 8399 3967 4756 899 1917 4058 5384 1893 5925 8682 4305 6645 6074 0 1067 7746 456 1930 7629 373 7576 2039 7559 6947 3210 2893 268 6446 2383 7050 6528 6191 696 3732 1179 2424 3515 8880 4296 7298 2539 4557 1100 4136 3164 2826 2213 5492 383 51 9447 8248 893 6380 8909 2784 5103 4574 8371 7252 6194 5126 596 4281 2771 4226 5401 5534 8091 5028 7303 4825 5102 7393 5255 2262 9474 4113 1907 9 8229 1961 7733 7207 7791 1498 1718 5315 9405 991 4350 9120 2334 5670 5172 6504 2788 3061 4942 5042 2294 4720 8161 3673 3902 6115 2740 7210 8907 9757 2937 7026 987 9626 9993 3564 8328 4339 2503 5619 7395 2136 1685 6422 2560 1855 8728 8930 6221 7656 4181 7382 1897 9364 2151 2077 4795 9835 1885 1014 3026 8443 6549 9658
6399 1390 6311 10000 7307 3902 640 1085 7720 392 9855 8384 4528 6754 8168 4500 9689 6408 4320 1067 0 1696 6057 9145 5815 3526 3867 7106 6846 763 8824 1559 874 6859 7661 6878 7410 1396 3745 6654 5806 2094 4112 4185 7892 125 9118 2795 5671 1331 5658 5894 1755 4414 9609 3270 7423 7193 2727 5756 2077 9458 2549 7531 6674 357 1832 8476 8106 1142 8659 4701 6519 159 2791 6281 1818 9200 5084 9334 7350 5939 21 8591 5136 2992 7518 2954 5963 4169 9432 7646 5144 1859 3567 3538 7893 8335 2615 228 4943 1084 8979 5141 4677 2868 8503 1850 5215 5652 4049 7442 2744 8947 6281 2357 3282 8329 9109 7130 9402 3670 888 1065 1496 2496 8623 6291 1206 5978 1425 339 8979 1440 4511 8156 6400 616 7145 1481 6551 9620 3431 2258 1374 7020 8802 8928 6021 4671
7326 9 7790 9340 889 8512 4420 7911 3965 4595 8313 9056 5052 7082 2906 157 7547 4029 2517 7746 1696 0 3270 8540 2079 5920 7661 2532 4361 1061 6104 9049 9005 2832 3927 6236 8492 2063 1647 2307 3616 6237 1443 4656 4520 2104 3213 517 3615 8628 2895 7914 4557 2207 7905 7512 7361 339 2665 5962 3192 1024 8857 9842 192 6961 3999 6845 5577 5744 4223 2161 7877 6346 5953 3716 6124 1146 6888 5360 9106 6126 2147 6131 8464 4759 725 4955 6831 3321 5381 6766 409 3843 1727 8792 8564 5964 2193 2985 1216 1187 9929 8707 6918 7180 1796 43 8461 2521 6520 3718 6180 7331 8950 1113 7061 558 5591 867 9904 9643 9971 8219 5384 527 7863 8282 4436 1759 6847 9832 8637 2907 2795 4839 9764 8212 3760 1545 6865 9546 7067 1280 2593 9439 7817 2552 2146 8030
7713 3794 1684 9159 2 2657 8844 4270 5970 4310 1056 7883 1636 7799 2141 2364 4719 6020 5038 456 6057 3270 0 6176 9127 4189 1321 7551 736 1191 6398 4857 5592 5827 3269 6286 1883 931 8968 4716 4343 8788 5055 7904 3659 7235 139 4852 450 9149 5989 8396 645 6886 2158 3666 5419 7216 5875 4690 1054 3084 7164 5694 5415 8382 8061 551 1265 1542 5804 8286 3062 8774 8095 6959 2442 1502 5719 8917 23 3958 8294 7667 4325 6054 7435 4647 6946 9138 4809 4179 3616 5741 2527 9394 1912 8031 1401 689 7959 877 7330 7360 6359 1454 7397 3592 7068 7060 5542 6530 9708 4355 5958 2945 1683 8495 219 3273 7228 9325 8327 5512 4952 8950 1286 767 3013 6166 8224 1012 5165 7819 17 8447 4327 8335 5819 8166 3797 1151 9903 152 3910 4753 3672 8378 2046 1122
1811 2553 9140 2792 298 6016 2689 4936 4547 126 5157 4349 1741 2676 9075 6716 3944 6323 35 1930 9145 8540 6176 0 3876 6754 1507 6417 7037 6059 5575 4001 5614 9533 2008 8327 1618 3061 3360 3338 3996 2853 5176 7023 3878 8677 4956 2117 8327 1132 7199 2810 7634 8018 3373 6548 3714 4903 8312 1276 8934 128 2064 9197 7661 8784 4299 7963 80 5767 4322 7308 868 971 5972 539 4462 3440 2079 3911 3586 4780 6157 4237 9457 7063 6663 88 5649 1034 6521 2545 8767 994 6482 3277 3310 6905 7461 5714 2212 8834 2154 7321 2450 8075 5197 5208 454 735 971 473 8063 8435 8971 9665 8290 8574 2521 3313 7533 3589 6217 416 6870 4720 192 5337 8396 1970 8461 7090 9245 8481 6510 8106 3569 4346 5413 4139 5747 5094 8574 5171 5626 10 6072 3989 3915 3030
8771 7977 7255 1743 3605 1485 1885 6929 8315 7377 7719 170 6042 4792 6992 4133 8739 8092 2490 7629 5815 2079 9127 3876 0 7728 2219 4188 5123 4818 5644 9194 4778 4215 4119 7624 5829 6451 960 8318 6740 2063 3633 5205 4898 5067 2512 2798 1961 1100 958 4025 778 80 9106 7258 2653 8884 5496 3984 8529 1390 2786 5125 5671 3907 6247 4028 845 2201 7213 3581 1841 7194 9982 6820 9717 6624 7090 9567 4722 8884 6926 4483 6089 3998 8838 6218 9979 3236 1156 1053 4127 9901 427 1548 383 340 6362 9091 6496 4605 9080 8629 7207 6058 6712 6211 1957 1399 1368 6740 1643 828 6 9687 753 6493 7490 345 4331 576 5189 8017 7505 7289 1255 7280 4484 9006 5942 6044 1439 6482 4465 9620 4811 2791 9735 5276 638 9693 4469 7876 9222 5459 1671 5995 299 264
1663 6020 9076 8818 1227 4684 1691 1103 6423 8448 6247 8825 5800 1773 2241 5002 8853 7314 4075 373 3526 5920 4189 6754 7728 0 9818 6655 1366 2870 3574 8739 5896 9220 5793 6144 9955 6437 5722 5821 4975 9747 9369 5749 7123 6649 5221 7517 2884 8950 9377 9864 5955 2627 473 7301 1279 5607 4372 441 8238 4650 7139 6618 7015 4413 1744 9515 8884 7652 7357 6254 9145 9881 9063 9749 9454 6521 5017 8465 150 1145 4919 4864 250 4522 9567 3330 6497 5108 9595 880 331 9095 6924 8627 8343 567 4141 6138 4141 766 68 1805 4180 851 1927 7954 3781 4459 8188 700 2854 6531 4214 392 3321 1084 6065 2782 5679 6147 2282 256 7689 8519 5658 2226 4125 7322 6369 258 9793 3958 5616 3056 7401 3998 2172 9138 741 2051 1545 8902 2131 3371 8646 2049 467 3879
5365 6538 5349 3192 361 3936 4429 4455 3671 4657 9554 2112 6655 7358 9171 3608 3479 235 3239 7576 3867 7661 1321 1507 2219 9818 0 3951 9343 7289 3040 8510 3451 9105 798 2525 9505 4056 7862 7253 5098 1064 1176 7228 5385 5549 5133 3644 9420 6836 7865 5410 1664 4146 6309 3712 3632 9871 1197 4679 1323 2259 7987 291 4472 2406 7351 5258 5900 2223 2839 4029 4296 5166 1145 1153 9791 9970 8491 3393 4708 5097 7754 20 5668 7612 5911 3299 9157 634 6958 6933 1454 2202 6962 345 7080 3537 7144 4575 2854 3287 1340 3461 5907 1034 6144 7945 2410 4756 5335 9217 1963 4177 303 6072 1155 9574 9219 6210 6958 9445 6016 7417 9961 3429 7802 2794 7964 221 4371 2309 7129 539 7492 5879 6311 3333 2997 266 8894 2910 1129 2440 6945 8425 4753 6352 9377 8270
8538 4355 3045 105 3073 3176 696 1737 264 7842 299 3131 8180 2479 7883 3788 916 4216 1011 2039 7106 2532 7551 6417 4188 6655 3951 0 9345 500 3087 3658 279 8828 4205 2179 141 8104 7885 2977 1222 8782 6506 6069 6614 4684 5373 2819 5965 8522 1059 3063 2451 5838 3257 7825 4290 4238 5487 1023 6313 5353 6676 1198 1337 6506 1474 7565 9368 7723 8473 1801 4780 4677 3037 9471 6261 633 9009 1524 4196 8005 2114 6842 560 1092 7972 8244 9620 6777 2954 2390 1582 8859 5337 4110 7420 2326 1686 6875 3169 8935 2523 2586 9747 2414 2667 853 8539 6724 7717 9996 2144 8709 1852 8721 336 3667 6004 6914 7947 9444 8516 121 7929 3946 2931 2806 6611 7032 4485 6725 997 4057 7503 5223 8461 8830 8307 7919 5788 2439 5598 1346 2993 5283 3167 9299 6214 8253
2689 7776 6965 6564 6563 506 1325 1394 1278 5704 9178 8020 8384 815 7334 8870 6242 5433 9058 7559 6846 4361 736 7037 5123 1366 9343 9345 0 2275 4820 8218 5153 1985 9221 5853 6310 2335 4768 6155 5211 9079 1142 7448 4309 1042 2926 4718 6251 4352 5364 8475 6462 2360 1075 9518 2052 8629 1828 5799 9231 8430 4911 4994 9929 2255 3451 6260 9662 5766 4681 2954 2704 5026 3427 8345 3856 9840 7213 5498 9458 9081 4786 503 8662 3246 1935 9004 5793 2746 3309 9293 8155 383 4853 5317 7311 626 50 9336 8569 6948 2971 3002 8889 9317 3339 5060 4758 1268 2187 7350 6102 3759 3623 845 3262 1878 8013 7781 5451 4635 5532 8279 6912 4333 2631 4899 6498 1494 3681 852 6426 1457 5275 1924 3787 6388 834 2147 4595 9606 1704 4616 2763 3972 2343 1867 1731 6867
555 4118 1746 1667 8096 1083 6358 3288 6828 971 8066 7435 1469 8916 3813 27 3994 6300 5608 6947 763 1061 1191 6059 4818 2870 7289 500 2275 0 9770 9371 1850 3850 9457 4857 152 4230 6520 7781 9942 8994 9409 3236 934 4871 6264 5725 7501 645 8216 3030 5127 765 3534 9500 3143 8822 2849 1194 4416 4528 2492 2551 8870 4024 4279 1655 9262 5396 4897 9768 5057 9236 6206 2445 9822 6715 5159 8576 4599 5544 6137 8564 3990 1148 9215 5119 9921 1840 5512 6112 5694 6348 418 2582 5165 8230 2127 3539 1545 2880 4756 3359 6158 4429 3374 3050 8267 5645 2593 6945 6464 629 5081 7919 1602 1252 9113 2812 6329 4058 8224 5375 8937 2246 261 7523 9199 1483 6097 9621 1460 2776 6865 5654 7970 991 1473 8142 9131 7169 2574 2244 9609 2337 8764 6330 4852 4310
9151 5661 2413 7037 8685 1853 6479 4505 9983 646 2840 703 5761 3518 2097 2991 736 7741 6516 3210 8824 6104 6398 5575 5644 3574 3040 3087 4820 9770 0 4241 5379 3263 8462 8726 7199 1724 9180 3507 8988 2005 225 463 5148 6022 7146 3448 1346 3363 5214 4184 6994 217 8453 4458 3401 632 6973 6133 9346 4772 4408 2617 2336 7333 3719 2447 441 1624 6776 2075 6128 8082 8014 6198 3213 1201 5314 2418 142 3579 1100 2260 4537 6739 2221 2917 3716 1935 5095 6756 2335 3275 692 4350 6940 8024 426 6441 7282 4840 4140 3280 7143 6387 1294 1128 2675 7461 9634 1905 7701 3368 6679 837 7079 7683 6413 7089 5411 7304 8176 4502 3464 9153 7168 867 8890 5215 3984 6643 4598 5749 7930 7563 1455 3991 9384 3994 7671 7745 4684 1641 4353 4012 7227 3188 3604 799
5201 554 9766 9460 9531 7684 9312 3902 8618 2681 9774 9011 2488 6491 4343 1963 5872 8838 7513 2893 1559 9049 4857 4001 9194 8739 8510 3658 8218 9371 4241 0 6528 1967 1233 2367 4030 2168 4476 932 8225 5711 3864 3615 203 343 8651 7488 1003 9941 7406 1787 1136 5857 1124 6597 9183 2258 2603 1421 3562 1331 7408 1011 1006 6345 201 5625 4639 713 5747 6850 7357 3929 1361 394 1333 7740 9019 4854 2103 9482 5881 2381 2384 6730 1275 7213 3425 8937 1786 1874 1269 5006 920 2071 7737 5731 6789 8275 9106 6748 1570 7561 1439 3982 5760 5056 8076 3694 1897 3259 2764 5883 8501 764 3759 688 5922 993 6465 4555 6046 1267 4268 8330 558 6928 5811 7992 5135 6434 3030 4433 3259 1641 2357 9882 6699 7421 687 7788 8148 488 5496 7130 8888 5715 7966 1744
7413 4395 1697 1070 7168 1787 8614 1738 1771 7847 9908 5332 4821 3547 517 2033 9977 9526 6215 268 874 9005 5592 5614 4778 5896 3451 279 5153 1850 5379 6528 0 1503 6050 2028 8481 2057 1368 2362 8669 106 7371 2350 1831 9189 3436 5693 9641 8791 4139 3807 1638 3844 4704 4338 6463 9669 8786 9008 9573 2893 95 8828 4481 3026 6037 9905 5459 7446 5962 5870 6034 8199 6798 6313 4807 8921 3937 3588 3237 2861 1622 1174 6743 7345 9720 4713 1148 5785 2115 4243 1625 3087 4345 8016 4505 6717 8441 7765 6115 3465 127 8916 3692 8115 1532 260 6744 7752 5900 3526 6775 9563 7741 2360 4963 2477 5557 3431 8679 6360 5437 8112 3029 8719 6044 6929 1291 2488 643 3776 8037 4855 9915 4298 2046 1175 5761 7434 1575 9421 6166 330 1173 3302 1973 6807 283 1594
442 4978 9968 9277 7306 5743 7233 4644 3082 5482 447 8273 8556 8213 1215 3659 2173 1202 8829 6446 6859 2832 5827 9533 4215 9220 9105 8828 1985 3850 3263 1967 1503 0 5178 5199 8509 646 2570 5738 9442 3899 2461 9679 3368 6489 6702 6675 9062 6441 1673 1283 5712 204 6352 4169 7725 8792 9846 4314 9458 2483 1489 9663 2037 7988 5583 4552 7566 5169 9613 7828 8275 3300 9245 6628 7548 7129 843 5791 3509 9115 7421 9632 3214 3880 5868 5356 5540 3199 6577 3153 3727 422 9368 6733 3558 4696 8848 1553 9849 8330 3118 3510 8865 5590 7137 2938 4088 6733 7173 1539 3353 4482 5361 2605 7828 100 6671 7879 9209 3752 773 4369 6734 4699 8673 501 8896 8965 2120 1227 8602 9499 5841 8380 8008 6006 1354 9976 4057 9678 2793 9137 1575 9322 8571 5995 7336 5621
4279 5343 2125 2640 2414 741 3745 8691 5333 1720 8028 9163 6731 634 9817 9108 8552 6514 1671 2383 7661 3927 3269 2008 4119 5793 798 4205 9221 9457 8462 1233 6050 5178 0 1621 8629 2054 6499 6447 9742 3294 1450 7381 8021 8045 9293 310 9200 5083 1066 6178 7257 3286 2506 9536 7622 9389 9596 177 9676 3944 1251 8139 2630 6248 8003 8253 680 5193 6672 388 6095 8240 3703 2061 8908 8096 1936 9798 523 3379 1093 5381 4104 6604 6244 6574 6050 6098 9050 8986 6764 1999 7004 4851 2669 8261 9374 9758 5793 6086 3009 7398 8299 3349 626 8807 8513 1921 4003 4474 7302 9534 6674 1725 7343 5260 1351 4779 8806 9516 1976 7401 2655 2853 5694 912 3907 7983 9178 5720 4854 4989 2802 9723 9885 9444 1130 4368 2426 2372 6620 671 9910 3199 7706 625 4334 2917
9913 8830 1947 1536 6785 4739 4303 3102 313 7203 9175 5536 5951 1176 2914 7424 3311 4505 2383 7050 6878 6236 6286 8327 7624 6144 2525 2179 5853 4857 8726 2367 2028 5199 1621 0 2899 5126 7840 2858 6200 4310 3269 961 7855 5575 3575 9678 7551 9537 5642 1113 3641 1879 8823 15 9480 6372 8261 942 5560 5738 822 6565 6898 7635 7728 8319 4426 2078 7315 3953 7646 2280 2932 4513 5758 2472 2142 4289 6078 7632 8980 80 6644 5737 1506 1990 5471 703 4840 7084 4853 6794 7819 7413 1844 4275 3866 2451 7862 6656 174 5138 1488 3671 8625 363 8605 7441 9944 5874 3690 3524 1189 9403 9500 6950 6925 5703 945 7432 6415 9396 3839 5073 6032 127 6233 4056 6165 2002 4880 5484 6783 728 365 7866 207 9531 4840 9417 7918 1396 1139 9212 7813 412 2234 2091
7708 1102 5836 894 1161 6518 6735 5793 5522 8768 7754 2819 2605 5481 8874 9385 9160 1832 3806 6528 7410 8492 1883 1618 5829 9955 9505 141 6310 152 7199 4030 8481 8509 8629 2899 0 572 3311 4066 3850 849 9360 8993 2748 6848 1741 4559 6167 9505 3866 2065 6184 4640 1567 8626 7303 2667 8713 8175 7934 3813 3192 2466 6194 6338 2462 6605 1727 7941 8602 9078 6148 9711 1062 3390 8255 9802 9518 2526 3347 45 7133 9701 4542 6672 5020 3894 333 9288 3670 791 1079 5802 5568 6083 7239 196 1753 9113 8895 4641 2218 2299 8442 1736 1060 6011 8265 5971 9125 5419 1094 1884 5842 5788 8350 8471 8117 3827 9014 6655 2093 1106 6104 3308 2374 138 3631 4662 722 6641 9501 8142 9019 1468 8945 5378 274 4727 6987 2398 8706 974 4210 7636 1548 6568 5448 5185
6023 7626 1026 9708 8038 494 6979 7259 1841 8564 2262 3167 5947 794 2103 8527 482 3890 8884 6191 1396 2063 931 3061 6451 6437 4056 8104 2335 4230 1724 2168 2057 646 2054 5126 572 0 8121 5946 9601 9405 6152 4770 5604 8026 6276 1825 7239 4286 6514 6707 4110 9472 607 800 8211 6606 393 3193 4614 6888 9735 4019 6850 5126 6844 5290 7994 6632 8578 4785 4733 2504 3921 9903 932 2911 9167 9398 2274 3325 998 6341 9134 4784 3703 6614 7367 3284 5329 624 2964 8090 9734 216 376 8070 3090 3793 1651 4035 9809 2280 1510 7155 824 261 4111 6028 9951 4756 4503 5365 7026 5853 7088 3710 5522 6940 587 2592 1530 5161 82 5324 1934 7431 3373 8426 1936 1574 9843 495 8427 1580 2951 9950 6600 8182 1676 949 3584 1372 1898 5215 8841 3755 4751 110
8326 7894 5583 5660 7546 7301 7944 4799 961 1438 143 228 4963 4494 3995 3597 2442 2220 6344 696 3745 1647 8968 3360 960 5722 7862 7885 4768 6520 9180 4476 1368 2570 6499 7840 3311 8121 0 116 7452 1801 671 829 6339 20 1375 4918 44 2793 53 9816 2970 5403 7298 8038 7870 6365 3697 2520 8836 5193 7331 7758 7874 6492 2948 4622 3778 4001 2397 3983 9086 2376 6250 4628 6913 169 9855 397 5040 6253 69 9476 5889 588 6448 9982 9273 2668 9352 250 5096 7977 5384 20 5389 8428 6 2595 7495 5738 412 7400 1387 7081 8923 4000 9192 962 5805 8607 3452 5552 8405 7482 6672 6886 2223 3094 9345 4130 377 4696 7602 2468 3418 2319 6329 4627 9084 9532 9559 6856 3546 9259 7922 7423 2604 2406 7217 6602 1517 9485 6147 5411 7930 5098 2973 2214
8123 5223 3427 2470 8488 5189 7402 9191 8033 8733 1809 199 6089 9027 7666 4756 5690 6307 4921 3732 6654 2307 4716 3338 8318 5821 7253 2977 6155 7781 3507 932 2362 5738 6447 2858 4066 5946 116 0 27 2456 3054 8193 1477 225 2503 9933 7701 7164 3911 334 5650 414 8439 6750 8229 448 5879 1166 2387 6058 9894 3457 1308 9085 9642 6242 9632 3457 6301 6908 8619 4781 4527 43 7377 218 8190 7821 242 5382 5120 4769 9059 2238 2789 5268 2433 2010 9600 7692 875 2209 8568 383 4676 5870 68 4804 8229 8408 91 581 1588 2990 2521 7667 6920 8087 8536 4102 9893 7313 8689 7325 5433 1523 938 2751 8892 119 8651 3891 3027 183 3127 5979 6880 4616 9132 9465 1300 4701 1897 408 9131 2865 175 6615 3887 7686 5644 7258 2620 8919 4398 7791 4990 5148
9262 3797 6211 3945 9673 7790 8943 124 2610 2771 6912 6609 2978 5562 1391 206 5874 7446 6480 1179 5806 3616 4343 3996 6740 4975 5098 1222 5211 9942 8988 8225 8669 9442 9742 6200 3850 9601 7452 27 0 2595 9492 482 9753 309 9638 4945 1944 1967 9806 4613 4356 9889 2747 4439 8441 525 5279 6909 2932 1949 2213 5403 6873 8037 7349 1631 7714 9886 3687 7448 8786 1991 5486 793 2713 8462 1329 151 8771 4753 5437 4598 4214 2370 4961 6323 4609 9392 7762 9063 6189 7922 9816 7259 8948 1820 2955 9958 1548 6055 5942 619 8387 4108 3239 4974 1809 7136 3650 4093 5137 8784 1102 5033 8931 5460 8797 8016 9644 4693 4420 6510 3191 1544 436 3036 9764 6338 7535 4119 5447 8990 3802 9603 2780 9851 3215 986 3786 7083 1696 7868 4687 238 6475 1942 4749 2207
6825 8363 1775 4858 7196 1650 8082 9849 4166 8189 1063 4832 6441 9423 9324 4073 2857 6094 5761 2424 2094 6237 8788 2853 2063 9747 1064 8782 9079 8994 2005 5711 106 3899 3294 4310 849 9405 1801 2456 2595 0 8582 6057 6968 2754 2799 9368 3049 7697 2556 3469 2900 9921 692 7952 3638 6958 2698 1742 9649 5026 2602 4137 1418 5849 7367 3682 3817 6980 1875 3673 4867 6726 5577 8053 8363 4861 4512 7236 5256 8559 6407 4352 3781 9456 7339 4692 8157 4111 3148 5389 5985 9070 8796 2118 2555 940 9928 3533 4524 9222 9661 396 8325 4920 8873 37 4146 7577 643 246 300 8933 8363 4274 3559 1723 6133 6800 5117 9465 2253 2087 10000 2524 303 678 5656 9462 5212 5955 6611 1479 4634 2699 6976 5420 8023 8234 4465 3425 511 7869 1915 7807 2361 1215 8555 2834
8346 9425 7340 5205 1269 3574 4165 4212 1906 1623 3736 7329 2216 3486 8834 3596 2531 9844 2849 3515 4112 1443 5055 5176 3633 9369 1176 6506 1142 9409 225 3864 7371 2461 1450 3269 9360 6152 671 3054 9492 8582 0 6359 7113 2359 9210 111 5744 6707 4690 1212 4847 3494 3711 2461 9863 3815 8558 9148 5117 132 3452 8398 5844 4496 6830 2845 8849 4404 1532 498 1380 9130 2811 1962 3744 6913 2394 7941 7195 3320 110 247 4124 7172 4644 3975 9438 4480 95 3022 4177 4022 5113 3620 373 6082 3299 7067 1468 3842 6970 4414 6868 2574 5999 24 7605 3220 1757 3230 6703 7553 6370 8069 2490 41 5142 7678 9472 6940 6908 731 2338 5403 5410 7576 3694 580 5462 6552 7315 1461 2766 3587 2453 2656 7832 5190 1550 5967 4104 5613 7046 1160 7769 3196 3962 2241
6292 864 3327 7305 285 5119 9684 9608 3245 9935 8847 7870 1540 4729 8705 6060 4305 8196 7619 8880 4185 4656 7904 7023 5205 5749 7228 6069 7448 3236 463 3615 2350 9679 7381 961 8993 4770 829 8193 482 6057 6359 0 9882 4946 9732 4003 4003 1737 1428 620 4209 6196 2129 5492 8530 9803 6608 3489 5451 522 2649 5921 6550 2543 2402 2763 2980 906 3804 5757 8365 4727 9321 3673 3325 4021 5977 1298 2580 7194 7210 5029 4530 3530 3984 7716 3311 9065 561 8425 9435 7272 1286 5232 4350 5027 1411 9522 1857 5953 5215 5668 8809 7875 3896 8586 4758 1283 9783 6276 281 8150 9287 3835 2797 434 5170 6908 8341 1605 4979 4382 4787 1781 9049 4190 5513 8440 9458 1082 2689 6116 5566 9121 7122 9438 7483 3517 2997 6320 1011 4029 751 9139 1518 1318 1170 8456
6493 632 3429 107 2242 3623 30 1522 3456 6067 8550 2642 4167 5144 9894 7036 9965 1734 3473 4296 7892 4520 3659 3878 4898 7123 5385 6614 4309 934 5148 203 1831 3368 8021 7855 2748 5604 6339 1477 9753 6968 7113 9882 0 9826 6911 7671 2761 1877 4201 6729 5973 7180 6783 2550 4003 2524 9770 7152 2433 1390 6114 8637 4681 5569 9260 6292 7986 4585 863 4237 2154 7104 8403 4032 6475 3968 6952 3814 9812 2723 6634 1507 9847 9853 1177 2377 9962 1331 701 9733 6990 2587 2691 4994 5708 8658 4540 5258 1059 7645 5127 316 3419 5568 8509 4341 1181 5445 8661 124 5038 5481 5227 5902 638 6889 3994 5712 2216 3182 7215 105 1413 7111 2072 9044 2296 2093 4045 7275 4410 5575 6286 2471 4408 9025 2917 2888 8545 9299 9939 5774 876 5581 4667 9310 1189 6545
7091 8421 9418 210 8692 5539 5879 9361 5003 3685 1815 5968 3861 8086 6695 342 3336 3529 5019 7298 125 2104 7235 8677 5067 6649 5549 4684 1042 4871 6022 343 9189 6489 8045 5575 6848 8026 20 225 309 2754 2359 4946 9826 0 3668 3984 374 5922 6374 1920 1073 7946 1757 493 5599 8691 3656 6154 441 760 408 4501 5562 85 5431 9217 9072 9687 6934 4901 7424 6662 4005 9200 5825 9786 173 3942 5388 728 3828 8756 3343 5899 8140 6928 7901 4197 3623 4220 92 6319 3772 4896 4967 3467 6579 6862 1892 3736 6696 672 8009 5542 7529 2907 8503 7563 3371 9375 8904 7104 2592 2045 6313 5279 2903 8941 9530 6444 7833 2884 7643 2418 6135 8575 825 1698 7467 3763 5392 5118 5103 3746 7554 2193 9942 7883 3382 9175 1661 2106 9665 1276 5126 5861 0 2122
5246 5964 5068 1461 3900 903 3761 2546 408 8007 2701 6671 6430 828 5261 5386 6301 2663 9742 2539 9118 3213 139 4956 2512 5221 5133 5373 2926 6264 7146 8651 3436 6702 9293 3575 1741 6276 1375 2503 9638 2799 9210 9732 6911 3668 0 4143 9224 9881 6982 3675 5781 5663 6668 6057 2090 550 1021 6201 2148 1159 5559 1645 7545 656 2563 1598 5816 9319 1479 6355 7841 439 9052 1715 902 3990 8167 9101 5492 5900 3931 1764 7212 804 5284 2668 1751 2537 2995 4754 2396 5617 5284 8526 5247 5198 9204 6253 7345 5552 8013 7925 5982 7928 8158 388 7405 4695 9472 4135 2031 5742 9107 4716 8132 728 1462 9097 797 2693 5955 6623 2571 4376 9655 6788 6498 3783 7488 1391 4134 2791 881 7950 8995 4138 5031 604 2546 9812 5265 3935 9051 4975 9891 2238 7080 7189
4792 8050 6029 7229 9597 3345 6644 3873 8394 495 4476 6834 358 2599 9438 6097 6234 5157 4657 4557 2795 517 4852 2117 2798 7517 3644 2819 4718 5725 3448 7488 5693 6675 310 9678 4559 1825 4918 9933 4945 9368 111 4003 7671 3984 4143 0 8296 3811 5005 4055 3581 8523 6267 9412 2305 4696 6085 3513 2544 4140 7385 4025 361 9853 7866 1349 4235 4321 7018 5709 8810 337 1383 2855 6510 4970 193 8686 4115 7999 9196 2482 2034 139 7344 402 611 9658 925 9244 7380 5401 9465 550 9896 5726 4746 4602 1471 1945 5050 9751 4371 7396 6059 2098 3261 9225 956 7030 2666 5500 2370 5652 2942 6824 5999 7115 9948 491 6002 7064 9761 9301 6265 1474 2813 2178 7863 8115 9242 8721 4440 2158 4129 214 9735 5144 6405 666 1193 1715 2829 781 8731 9488 457 6959
9511 5016 7205 9770 7147 2143 2667 4817 5258 2498 5331 1568 4972 5495 3456 5447 2067 3544 2187 1100 5671 3615 450 8327 1961 2884 9420 5965 6251 7501 1346 1003 9641 9062 9200 7551 6167 7239 44 7701 1944 3049 5744 4003 2761 374 9224 8296 0 596 7167 3513 3964 7092 2596 5584 4739 244 8085 8745 7460 7455 5856 8507 9552 8848 240 1276 5475 1092 6986 2188 5562 1892 685 4421 7408 2357 887 8650 5313 2141 8875 7520 5152 4408 8510 8421 643 1792 4110 7672 1826 3410 4021 461 2384 4110 100 977 3419 7609 3237 8067 7573 8754 8065 2573 7037 9029 5225 4903 485 3782 9926 2412 3438 9408 2968 9477 152 7547 7651 7220 5790 9016 9858 3818 1591 1259 9398 1016 9472 2109 3576 5663 5690 8584 6119 9097 3850 2420 6495 276 6118 4986 528 7084 9677 6922
8379 9942 3143 7094 1707 8443 4943 2929 7929 5057 3983 7823 3483 2252 6980 8505 7980 8279 7753 4136 1331 8628 9149 1132 1100 8950 6836 8522 4352 645 3363 9941 8791 6441 5083 9537 9505 4286 2793 7164 1967 7697 6707 1737 1877 5922 9881 3811 596 0 6551 4978 5862 1056 4783 7471 9008 2934 6199 3820 4577 5615 7703 2733 9882 6802 9370 3767 1289 4246 7040 6865 3170 7437 8056 1325 547 7539 5369 7646 1150 4550 7475 652 9727 1081 9875 6491 9891 1540 4996 4992 3802 3530 8075 837 1616 1497 7177 4509 9202 2697 6326 1777 8367 7677 7322 2000 5442 5685 833 3738 3153 7257 4471 1383 1796 2993 8460 7933 1903 2053 1506 7076 2822 6519 4611 7588 7947 291 4602 3535 9714 7797 5685 8478 8695 3013 2518 8564 4380 3984 5492 5872 2376 7192 7668 9828 4708 9051
7978 610 4945 6062 9350 1024 7185 2739 1377 3193 6017 7979 9775 971 3757 5808 9499 1615 4513 3164 5658 2895 5989 7199 958 9377 7865 1059 5364 8216 5214 7406 4139 1673 1066 5642 3866 6514 53 3911 9806 2556 4690 1428 4201 6374 6982 5005 7167 6551 0 4012 3455 2639 6066 6409 4468 7227 673 6595 1057 132 2282 5505 898 7859 4772 6017 6632 1673 7323 9359 1045 9936 5280 7102 9377 5151 9875 5570 4700 702 1409 9468 7321 9243 4757 3451 5596 1757 1799 2794 9259 8055 7561 2270 3932 2213 5648 6818 1032 8988 3408 3928 7983 1910 1935 9101 3671 8145 6484 8616 9904 6845 9626 5066 8647 9065 8893 9441 4282 5783 3923 2226 66 1512 6867 2785 8367 9447 2188 1155 6416 1637 9570 5486 8238 1805 4576 2667 6654 9876 4395 7069 2304 712 845 3428 2966 1812
4047 7769 7324 3286 9448 4355 3818 3258 7440 3686 3866 4084 7938 9191 1698 1363 9943 6033 3143 2826 5894 7914 8396 2810 4025 9864 5410 3063 8475 3030 4184 1787 3807 1283 6178 1113 2065 6707 9816 334 4613 3469 1212 620 6729 1920 3675 4055 3513 4978 4012 0 8923 171 4393 4280 6600 4998 1627 7050 4351 5430 2256 389 4483 5067 5956 1256 3857 979 1677 4431 3263 5074 1128 1510 7028 227 9031 8065 2380 5654 5613 7594 4360 3793 9700 3990 4615 187 3641 3715 5390 6161 9958 1279 269 3475 1518 4627 2535 9538 6156 6794 9169 8951 4297 3250 4131 3763 4024 8542 8475 4733 2582 6955 743 3207 3265 9105 1100 8924 6689 3442 4563 7995 3968 5703 5523 8075 5259 4974 3257 6679 4128 334 7268 4461 3223 8036 1297 5082 9303 1300 8301 387 92 4460 187 5369
526 2970 3835 8543 7562 2787 8063 8372 276 3712 7247 8758 5536 4229 8879 7562 8867 7415 5075 2213 1755 4557 645 7634 778 5955 1664 2451 6462 5127 6994 1136 1638 5712 7257 3641 6184 4110 2970 5650 4356 2900 4847 4209 5973 1073 5781 3581 3964 5862 3455 8923 0 1476 7325 2615 9107 3956 9662 2197 2845 4705 3979 5592 2822 2123 8454 1880 5723 2121 6113 2911 640 7833 6236 3957 4836 9059 6275 4730 3658 1384 2611 6402 6549 197 8573 6995 2355 5052 2584 1293 9960 781 7009 5292 8607 490 3195 2048 5294 3747 2095 4767 1999 4862 8647 8647 8710 2279 3404 8479 2776 3577 961 4906 1491 5347 4838 996 7766 1765 5591 6915 1005 8294 5044 449 8942 4450 5953 1806 1330 7914 5330 4998 5961 8289 9771 612 3445 5984 4776 5535 6662 7207 9752 8973 1520 5584
9191 1299 2073 3795 1641 4676 8641 1802 7238 5951 4223 136 7042 2773 2377 6331 6717 2136 990 5492 4414 2207 6886 8018 80 2627 4146 5838 2360 765 217 5857 3844 204 3286 1879 4640 9472 5403 414 9889 9921 3494 6196 7180 7946 5663 8523 7092 1056 2639 171 1476 0 4984 349 5663 9484 5793 6039 7033 2150 1705 2814 8256 6923 4811 659 6614 2155 6039 2917 7480 6654 7755 1489 9395 336 8057 5998 2964 770 2572 4149 3547 603 1980 9427 3122 5936 8570 3430 5221 897 9489 6786 3852 1529 6924 1077 1586 8518 3246 9214 4303 5145 9169 698 3872 9160 3730 4602 23 8117 4288 2949 2423 7721 4697 4264 6790 377 963 5458 550 6878 8867 7001 81 5732 8363 2596 5108 150 7238 7811 8729 1228 1737 9576 369 1562 3687 323 4971 6474 587 2348 3531 8162
