250
0 6694 7691 5445 9314 3085 7047 7737 7150 7564 2140 5636 6270 2655 3024 1256 7447 5333 1917 2899 2172 3004 8911 3617 22 3603 8834 1707 9112 639 6499 2078 9998 6873 3619 9885 2368 95 8025 1686 4985 6345 3633 8469 1330 2796 7954 4824 2699 5474 8221 5988 4309 6205 5290 3137 6728 5499 9430 6363 575 4978 30 4623 7928 2637 344 8771 9727 1515 1924 7474 562 4873 8765 1839 7555 8455 3970 3497 6056 5041 7264 9175 2531 7258 1492 3669 2024 3267 5765 5769 8031 5544 7011 6063 7256 7597 7643 4794 5574 8531 6223 4469 7575 7133 8921 718 3687 9700 8707 6790 9288 1856 5559 4006 4614 8014 8457 6549 4763 6429 6404 1722 3907 3565 8469 5053 6631 2266 1095 5535 282 3073 8886 7058 5315 8164 2953 1981 372 1656 3438 9673 7415 6304 2459 1843 2199 3205 4842 8364 7081 3002 7631 4248 7117 6094 4266 8625 3127 9478 3379 4555 7028 1896 571 2714 9134 6861 9462 3111 8146 1390 1117 8451 2905 1122 7635 9905 6514 582 5454 460 2872 2388 708 8475 4415 5837 8868 212 3559 7288 8411 1263 3281 1930 1477 4403 7540 6448 2062 4404 5351 4499 9043 2591 1962 1551 4379 4352 6804 4625 4021 2051 2398 6634 9307 2469 8407 3117 554 4428 2078 9914 8471 9748 2262 693 9191 386 6887 9363 4479 6786 2634 6827 4195 867 3290 2120 4834 1570 5094 3989 5390 651 2844 5674
6694 0 1428 4601 6245 7701 9601 1777 1131 6814 6831 8919 9705 9865 6197 5719 3071 2817 796 6872 3479 6202 6331 6650 8777 8844 8575 5198 9796 7682 274 411 2771 1145 7526 614 3503 7441 1444 6191 8855 9856 45 3088 8754 4164 2984 8176 7780 6256 633 5154 460 4638 876 5433 6991 3844 3026 7054 8092 7744 9658 6895 6613 4792 6708 434 5467 427 6835 2681 6203 7916 2101 8075 2886 9532 8094 3143 2310 7069 2299 6101 7430 9942 179 1311 8887 7200 5332 4606 5354 1482 8260 1968 92 345 3342 6307 1932 9316 4630 491 3169 1501 8014 8089 483 1928 8408 6287 3854 9701 6119 18 2807 7242 8983 5708 3806 6311 204 9247 2479 3586 2978 935 8953 7484 1100 7245 936 6721 5137 3101 2730 9070 3713 9995 8316 3847 6322 1457 3625 3766 8433 8778 9549 7229 1731 5778 5824 2434 6656 8404 7070 3712 4747 3605 7483 2242 9567 6321 441 5402 4277 2772 7309 8410 5391 7259 5524 7237 9514 5828 2535 5830 8470 5048 3184 5393 106 7874 3858 9177 885 6239 4732 8850 1893 893 3682 6489 125 3257 765 6632 4706 162 2245 1585 8358 2286 1890 7070 8548 2676 9527 8877 1592 3658 9294 3044 7375 9390 8260 4904 9570 2701 6437 2346 3034 5679 6991 3994 9146 777 4578 5343 3541 900 6881 4162 7690 3858 9803 9671 6398 7774 4783 7399 6609 7692 9695 624 4441 3231 7159 3210
7691 1428 0 282 1067 5321 3014 63 5239 1317 4375 0 1529 8423 480 3562 9518 1519 6386 6871 4957 4868 6733 1487 9764 7717 541 9691 6957 7115 1542 4436 9692 1739 2837 3357 7487 2130 905 9565 8038 1685 6081 8927 4513 4063 2724 1230 2265 1390 7382 6428 7076 1045 9001 9951 104 6055 5724 1354 3424 4765 3060 9563 6252 3178 202 1214 1884 6165 3824 9257 5464 4901 575 657 5502 656 2529 4975 5535 460 4372 1294 5670 8904 2890 3054 7018 2926 2989 1992 6459 6311 8677 1001 7830 4361 7718 7590 2354 9576 8502 6739 8771 2458 5328 4350 1152 2658 821 5428 3048 5765 4536 9599 7942 4382 6182 2084 9399 5030 4217 2589 834 6686 4450 3196 2640 1612 6838 2230 1643 6449 1284 5777 8391 6117 8050 3324 4824 1689 3654 7655 9268 6406 4233 720 359 1933 60 1845 1759 3370 8500 9576 5769 9859 1944 3697 4641 6238 5667 980 62 214 7811 174 3241 8245 9111 7867 6466 2452 7324 4000 5662 8944 5558 2714 5209 1405 1356 9982 7942 3725 8930 6200 4235 2537 788 1631 2589 5034 2104 7971 2339 8408 8980 6856 6390 7000 3689 4465 5727 4331 3811 4372 3579 7951 7274 5839 4996 489 5248 7163 614 4276 6370 4742 4233 8903 8148 2185 4620 9080 7187 3184 6833 5135 535 7381 56 9542 6860 6200 4031 3901 486 909 8074 3106 8689 5251 5114 6598 687 991 8178 5914
5445 4601 282 0 3272 2774 7875 6705 4123 5562 7104 6702 9328 4352 6395 5578 2636 3913 2393 6267 9642 5002 5030 6571 6040 8283 5984 4794 1293 8978 2728 3845 9793 9479 3894 3985 6681 7532 5709 1914 9454 8069 5690 1190 9897 4462 5523 4414 8293 9193 5705 7170 86 1278 8210 9332 6906 7205 6875 5146 326 9524 5396 8363 6128 2824 948 5021 3762 2991 5262 6874 1627 7981 6894 6323 7545 9870 3635 4763 1695 6455 4914 2317 65 8805 2766 5417 3892 7871 3359 1585 6033 4220 5231 5617 9880 9235 3707 8950 5346 7561 6658 5854 4346 835 1883 2081 3321 2206 4630 1591 8353 9790 4768 9026 6731 9963 1677 4808 4064 3706 6174 876 32 5744 1511 1955 9468 3607 9201 7972 5117 4426 7662 2914 8455 9152 9 9318 4761 7404 8078 9931 1726 3120 9094 8517 4924 3307 2684 2644 3307 4075 8175 1492 5161 1176 2604 1044 1296 7578 685 5553 5389 1861 6413 8430 6967 7247 9681 3749 5571 6641 254 8645 1775 9832 3573 608 246 7547 5705 1537 46 8074 9854 9503 8096 4076 3176 3021 5408 2729 7059 4143 4864 5933 4622 67 5270 1718 789 7509 5403 9155 1141 2953 4821 8341 4252 6283 3481 9112 6787 164 1490 8225 7416 2869 898 7290 7086 5190 6406 3906 2020 2281 9927 6935 5057 5600 318 6352 8887 4604 1390 1269 7556 2284 3024 6160 4026 9095 4467 2306 9466 211 5083 4269
9314 6245 1067 3272 0 4793 8361 5494 1070 1080 7789 1056 6018 2304 9009 2849 7359 5817 5793 7018 5015 7742 6470 7182 8627 390 7917 6848 4065 3262 1827 5409 9388 2030 4875 9773 1879 5584 5798 8830 2947 4006 7713 8634 237 2105 5842 1405 792 4240 6455 62 1590 8668 6339 3514 5961 3470 5904 6674 2553 9362 5986 1562 163 9146 3905 8631 4419 2858 6992 3829 9599 6404 9828 7309 5584 7098 1230 3419 4361 618 2496 6067 6706 8994 6594 7048 2207 2312 651 4039 2667 5795 9923 6698 8232 7017 411 4774 7878 385 503 6910 1826 6311 7530 9570 3768 6819 4059 4199 7326 8441 3029 1113 5678 9851 3207 5601 7996 4137 9592 181 9984 5061 1622 865 9254 4874 5334 9805 4654 2463 1892 2603 1087 2100 6003 8986 1989 5732 6876 5567 8067 3846 468 4542 607 6967 1004 7215 4451 6 4915 6110 9205 4922 9956 7759 7637 9435 5399 5865 6648 5437 589 2637 500 5258 4000 3248 6436 4336 371 6450 5795 469 5761 627 5466 6324 9757 2073 662 7947 7654 7161 5685 1862 9190 5739 8519 7264 3513 3697 4899 9972 9534 7517 874 7015 6818 2429 2463 1381 8114 4719 7968 6139 9451 7723 1648 1507 6184 8189 2032 1802 8969 354 9529 2723 9871 4143 336 2578 3904 875 447 2821 5852 2879 9410 3329 9950 8927 4544 9750 2893 4321 4592 3359 7244 1902 1509 514 6761 7268 9350 770
3085 7701 5321 2774 4793 0 3182 5967 8867 753 1991 3461 412 4076 1712 2617 4862 4866 5915 5636 2306 2682 9606 1964 2073 1560 3632 3850 9375 2311 7724 6069 9289 7309 2314 3638 1152 1726 6360 3848 8671 8646 564 2958 3695 5390 809 6364 6682 7075 8922 3079 4250 8696 4448 9640 8845 8235 3838 5364 586 2832 6101 8446 1421 8989 7415 9048 5783 184 9504 7485 6833 8430 1508 8689 4088 5352 5690 1290 5916 911 5314 6125 3604 2686 3426 5994 1169 4566 2336 9850 5639 7019 5317 5934 7513 7584 6036 6701 8336 4617 5464 9634 5479 1081 9376 688 1754 7479 9239 2018 3970 7555 3193 8693 5651 3923 1371 6346 6547 6810 4226 385 4297 3529 4920 8177 7993 9328 1915 5578 232 2351 8990 7600 2818 1978 7715 8236 5381 3369 3549 7380 5426 8101 495 8638 5643 7297 7020 8185 4222 5843 7877 4160 8795 6465 9028 8221 7465 2226 5131 5981 2384 4545 4844 8888 478 5946 3075 4926 4786 3343 6222 8664 9633 9927 2049 9541 6485 8496 4709 4484 3734 5426 8945 6718 409 954 6074 9603 44 2817 9306 88 9573 4206 6643 3546 3416 5191 8096 136 9007 3441 3434 6067 7967 2336 7759 3667 2526 90 7785 564 9565 8633 750 2659 1545 1987 9790 2869 6763 3263 3869 5740 4693 4294 9825 366 5186 9481 256 9919 4752 8950 8277 2394 6593 8417 9333 461 5800 654 6103 6568 576 3254
7047 9601 3014 7875 8361 3182 0 8765 5428 2874 2481 2019 5885 1680 7060 4074 7643 681 1318 7214 242 953 4800 8490 5237 7722 5413 6185 8811 8058 6693 6037 4277 4573 8064 3731 3310 3097 5351 5302 9681 4765 5352 6072 4646 5682 7570 2481 8297 1383 2839 6845 639 786 2241 7090 8683 8711 7524 554 1968 9234 5495 1248 3514 298 1507 1192 2437 4494 890 8914 4577 427 1968 2631 180 9819 2075 563 1874 3305 6679 9086 5002 3729 8923 1057 1570 6233 7287 2041 4536 5090 1778 5038 9712 1456 2203 632 5481 6608 5803 6088 3017 8563 3700 5967 304 3535 8023 1596 5766 4471 8596 4946 4812 9826 2384 4242 5958 9299 8014 3287 3720 2915 5279 8977 6890 1004 7909 6336 183 5166 8935 9826 198 4393 476 7994 1422 9292 8139 3717 7341 2613 6523 5208 1981 1813 5913 3476 5442 802 7900 1083 1440 2073 624 8759 8153 3608 2404 9783 7683 140 2506 7859 7250 1548 7602 7333 5670 2408 4383 4512 213 7337 7420 8330 5292 1560 655 7147 6031 3448 6515 3907 620 4576 6796 1307 2611 9664 5277 2931 4934 5670 4447 9777 5852 1141 9897 2209 9195 9094 6003 8652 1860 6507 3626 1658 3538 4044 9775 1796 3814 2331 2219 5685 4324 4939 3017 3903 1806 6879 1044 6755 3372 3785 565 7960 6789 1150 8984 4668 9034 3305 2342 5889 2077 3088 520 5744 1890 9497 8078 2531 4655 8957
7737 1777 63 6705 5494 5967 8765 0 2870 6226 4502 2547 9832 1921 3385 2907 9453 5699 3697 8300 3995 3703 519 4661 9768 5207 5450 563 9760 6888 5611 5124 1697 4475 9099 8693 8707 5925 8998 6892 728 1711 4874 4871 2840 6486 4388 2745 6262 8725 9726 3 8543 3900 1803 6915 6716 8333 272 7234 8267 7564 1951 2657 7813 1663 1982 4509 7803 4132 3360 6187 8596 9738 4028 8226 2474 9208 7077 5997 413 3087 3025 7223 7813 7747 6225 8992 927 5984 9372 895 763 3535 4203 8072 6396 2848 6564 2076 3180 6852 2905 9754 4743 8636 585 5122 8879 5338 368 734 8512 224 8837 6981 4425 2936 4066 5429 9479 5357 3035 5533 6658 3757 1006 9440 2631 1526 9597 1828 1853 3835 4095 6492 3925 8056 2258 5716 5742 2300 1701 2552 7599 9605 4328 8635 1804 4955 6524 3007 8570 9548 5061 9634 8112 6735 413 3996 9546 2454 2230 5124 1749 7751 3551 5787 9809 1933 8145 8525 8255 5194 3758 6947 8659 1787 2661 9935 1266 5932 822 1595 5671 7630 5010 1761 9894 7959 6938 2576 4974 7698 8758 5994 8051 9520 5057 1237 3066 4312 5177 5544 2500 6457 6465 4227 5514 655 647 8797 8603 4567 3318 7412 8186 5281 6052 2115 2023 8000 5474 7190 8247 6129 3400 4721 7904 7740 1511 3942 7118 2079 46 556 442 5506 1188 6 2660 1562 5858 5625 9804 9772 1694 7050 5083 8266
7150 1131 5239 4123 1070 8867 5428 2870 0 6140 4719 2222 6865 1118 6455 8750 2243 2803 3302 5155 1470 7124 9637 6284 123 105 7817 2331 9189 3331 4847 2192 4774 8734 3195 9524 5124 4869 9559 3791 1742 2811 2394 8509 5728 3606 3227 1978 9311 1764 4625 1659 9570 1612 1575 5891 4576 4135 8642 4515 2298 3687 5612 3074 275 2491 3823 7924 7061 533 6264 3500 6771 2228 2098 5835 6073 1352 452 4118 7846 6748 9178 528 4909 1829 7299 8481 2421 8901 4067 5319 723 8697 4718 2116 9595 6150 7688 7730 9316 8495 1836 2102 9634 4104 418 4211 1072 2595 2773 6324 3448 6903 3212 5747 4074 8339 9445 1853 6751 3520 8875 6616 9905 1242 6170 1408 6363 9881 1351 830 3395 3632 5411 6745 7963 1186 5323 7168 9971 7911 5809 1425 5520 5123 2274 7988 9001 2492 948 5066 1904 6929 1941 8867 5463 1719 2849 1633 7898 8684 8407 5409 9756 1648 6807 7515 8847 5996 8422 3775 489 6285 5183 3791 1243 2424 692 327 4041 5781 8207 9875 8774 2508 5526 1370 8578 4445 6572 7198 4651 5104 2968 5407 251 5999 4188 5566 578 278 3503 9476 657 2841 5738 5427 9065 5901 6389 7859 2037 5071 1319 8253 674 9909 1780 4717 5922 2230 1009 9419 3230 926 4502 4689 2399 7231 9455 1371 3462 8098 9161 1195 3664 3472 338 7337 223 3750 6232 411 1850 6226 8677 6734 1522 9052
7564 6814 1317 5562 1080 753 2874 6226 6140 0 6654 2314 6691 7560 1749 8309 6127 643 8650 5216 2381 2237 1449 8140 4146 4878 950 4582 5114 7950 5339 7994 1297 7594 2912 3931 2047 3205 4294 7587 9362 8778 7690 2393 2681 3102 1669 8304 1854 1984 3161 5093 7430 4766 3188 6633 7648 6040 3067 9513 97 9150 9145 6991 2571 9526 9315 9901 1894 9148 7440 9547 2428 8554 9648 3993 364 2594 7689 5412 393 4453 6915 8337 9465 5527 5241 4028 7666 9068 1773 5369 6581 1527 2972 1486 7120 3740 691 2994 8512 5071 5041 8919 8954 1519 394 7474 2160 3371 9234 8456 7188 6189 2625 3097 2062 1878 1297 9947 6098 2615 3372 8983 2339 2708 2264 7076 9683 6600 8611 2096 8978 5134 9107 8186 6215 6037 3399 768 3709 3619 3470 4775 1582 282 9372 8086 413 7685 5527 10000 4584 6872 8617 9915 6622 7104 1893 6985 2528 6795 6536 1356 5390 6469 110 3721 2732 8471 8052 747 2926 9268 6823 4474 8439 3461 2604 4841 7716 451 8557 4576 9449 5550 7190 1698 2242 2185 7118 3847 3118 8712 8491 3731 9826 5757 8570 3014 9168 5516 2449 3276 8086 5654 4031 5895 6527 9737 8123 3260 587 3680 5904 609 6496 7320 7117 787 5667 5048 7708 9296 9058 9886 3237 6967 4 6887 5524 2476 7115 1961 3900 3945 8027 9796 7382 3364 4367 2197 8931 7312 2277 5089 7519 1181 9834 7642
2140 6831 4375 7104 7789 1991 2481 4502 4719 6654 0 7605 2794 5175 8775 3339 3612 7194 1248 8624 6033 1515 4713 6544 186 3207 2700 7047 3282 4005 8105 1346 7018 8250 2190 3602 8956 5171 5340 4931 7383 7879 1335 5692 4759 2154 8086 7612 3354 3989 5804 3226 3098 3284 483 4465 3539 1787 2584 3502 4773 1515 8921 9277 4029 866 3015 779 7590 1546 4650 4323 2950 2967 3006 609 8341 9513 2868 4439 9720 4449 5134 1223 7165 1057 1635 8206 293 5856 7360 1851 6772 4265 1535 3425 812 4947 4804 95 5434 3950 2468 8618 3495 1545 6222 257 7784 6689 3855 6959 1848 537 2005 5661 9347 7642 7645 375 9812 3052 3308 4230 4352 9902 1866 5855 6309 7954 965 2146 118 7363 5533 927 894 6382 6508 6056 8291 1389 1875 5903 6361 4640 7099 6273 9576 511 8226 9420 5184 5817 1310 489 2085 8404 3086 826 4030 6933 8933 8283 8181 5669 305 4816 9496 7372 2077 8441 5360 6150 7504 8511 3066 9164 6845 5574 1437 4202 5118 8699 8147 3616 2025 6397 3276 9246 7546 6504 2480 649 3615 8660 2475 4932 806 3591 9791 9831 6992 3585 2912 8935 8592 2693 3124 8480 7683 5521 6393 9199 9490 6697 7580 5011 2492 1291 8065 5360 905 1573 8307 6690 3083 2265 5089 1503 3047 7148 701 2038 2680 608 2034 156 2922 1200 1179 9140 4881 7861 829 4499 5981 8287 2277 1090
5636 8919 0 6702 1056 3461 2019 2547 2222 2314 7605 0 5503 2577 687 8398 4071 3185 8455 2050 4660 4617 5584 2360 1503 9186 1833 7380 8855 7943 7363 6222 9025 8062 125 1243 1377 7390 8534 7055 3837 203 9656 3835 5342 348 7835 9133 5313 6771 3934 6881 6521 5086 106 9264 2895 1928 8134 1747 9783 3475 2993 1628 6607 6587 6686 3320 2470 3350 598 3906 5154 6848 9402 2363 6720 4432 2262 2565 974 3134 8885 8148 2337 1264 7643 3355 3588 4223 5570 1605 6866 3232 9403 3805 7447 8244 1723 1376 8632 1198 5388 8208 4191 717 7015 3451 5241 9327 7425 260 5486 5363 1529 347 9474 188 1296 4807 3978 7107 9390 6598 9388 6417 6676 1486 4864 6109 6815 376 9781 3123 3067 2451 3811 8366 3458 8903 507 3507 5148 7222 1483 5901 1385 4471 8758 4034 6394 9598 3124 2110 4913 7893 8103 6412 8670 4411 5282 3794 2952 3391 8378 6041 4088 2713 4560 5116 5709 4325 6986 2029 7885 611 2475 6652 4205 4672 7233 1714 4960 2893 5568 8126 3879 9505 1579 161 4093 2987 8505 591 6381 8239 6003 5260 6618 8087 9653 6074 4128 8054 5778 8291 9468 252 3942 7364 9807 3212 2650 8099 4126 604 8842 6132 5297 629 9808 7688 1227 9927 3828 1161 785 6344 7242 2294 6995 1779 1396 7923 1494 1778 213 6119 6582 7977 6894 823 6917 3300 8197 5609 9501 5296 1269 2113
6270 9705 1529 9328 6018 412 5885 9832 6865 6691 2794 5503 0 3637 2800 8200 5900 788 6440 8521 6153 4452 3507 6199 2754 2968 6360 4814 8810 3448 8666 4932 3752 279 7452 9837 8764 7615 911 5958 8130 6945 3861 1711 6448 7032 1533 4092 347 6081 8397 8588 7108 3430 307 3832 37 6849 4707 4584 3253 1332 4857 1485 4467 3396 8843 1440 7617 1218 3806 2436 7852 500 6922 3334 2422 2211 9916 3817 8698 9859 6833 1461 9821 3584 9846 4591 1228 9407 5267 8222 5366 8519 9789 3529 9776 7026 7851 2706 9578 1933 2958 3796 4768 4815 6224 8849 2900 6070 1470 4252 9400 6785 2118 9933 7704 2436 1105 4847 4568 4263 4351 3785 3117 6235 6737 5972 1460 5111 8441 8336 8077 2507 9412 4439 8331 1324 499 6902 9613 4665 2427 8516 5200 8473 8047 3858 5460 5739 8330 841 9491 4341 599 9006 9422 3274 2581 3488 2985 5355 1464 2117 1461 1726 7796 8916 2021 7192 402 262 128 2569 4666 9897 1785 1716 2070 7319 4360 4949 3204 3138 9930 1907 2957 9270 7842 6280 188 5017 2336 8139 3241 4545 6622 1637 4391 8123 1041 3849 1315 4460 4790 5885 7457 7811 7697 5829 1588 716 7221 1949 2924 9784 1860 7410 203 7901 9352 7242 2068 4016 3007 6923 1197 6268 6423 5996 2805 9590 5928 9339 1454 3353 5920 684 2031 8548 5115 7971 5149 2831 6244 2332 5665 1339 7127 1862
2655 9865 8423 4352 2304 4076 1680 1921 1118 7560 5175 2577 3637 0 7867 2212 8078 1724 7050 6683 6229 6010 6287 1820 9730 3021 3121 9554 6464 4080 1818 7473 2954 6820 310 5562 8595 3161 1733 7354 359 9768 1799 2950 955 482 8125 856 3705 3781 6359 229 4777 1727 7133 9955 2635 8902 5351 1757 4195 7383 7576 7133 5296 959 2626 5669 4120 1638 6680 456 8979 2003 6151 2419 3512 8071 2060 2503 7530 519 6794 3239 3402 4419 3017 6918 8533 899 3798 865 8091 8841 9151 8210 3329 4422 894 3330 4394 5125 2060 1351 2432 3159 4261 9360 1624 9352 2715 5842 9430 4108 147 4754 9970 2551 9168 7006 4554 7979 3234 6888 181 1618 9629 9487 486 6177 8518 1910 6714 4998 1169 8263 2969 997 2193 4146 1549 4840 7718 5309 9334 3229 4859 7823 249 7372 560 4711 8035 7423 4156 6501 4892 7590 3366 500 9582 9396 1923 4749 9780 7502 9756 2872 5611 8926 131 4564 6689 8925 6546 57 502 7533 7904 9958 1524 9694 1116 500 2212 1989 2011 7831 1956 9774 8314 648 5178 6312 1454 5225 1522 9255 5484 153 448 4103 647 4764 8766 9247 198 1906 1165 8075 2867 4223 6752 5329 5143 4970 6647 3471 8981 3507 281 1097 9232 3109 889 7283 1884 5244 5379 4240 3838 8302 2280 8206 9950 189 8223 1758 6750 7444 4285 4214 6347 5026 2035 1369 848 6243 984 7777
3024 6197 480 6395 9009 1712 7060 3385 6455 1749 8775 687 2800 7867 0 497 1922 6149 8542 1217 9651 5972 527 94 1663 2631 7586 1344 637 7880 8481 5147 7973 618 559 6885 3172 4839 8723 4117 8364 1355 1845 7268 259 6589 9596 9023 3948 9213 3163 2909 7735 9017 6110 2138 6204 9228 5180 4010 9822 2328 4393 6734 7278 2544 7100 16 5228 691 4056 5279 1647 8774 6912 4215 6258 5157 6771 3286 7711 304 1544 1761 2539 4061 7380 2148 6326 3219 3741 9495 1439 6975 268 533 3499 8815 5732 1247 2264 1532 1269 2079 820 5888 6182 8492 2810 8294 4213 7140 664 6807 6698 2452 682 6856 8283 7140 6391 9981 8734 9850 3970 9935 7185 6375 9677 8660 6855 2786 4554 1860 1943 3415 1344 2887 38 3149 8900 9367 6095 6481 960 4766 9348 8910 5122 143 8825 6760 3341 7341 7505 3711 9792 96 2743 5486 7315 7929 2940 8848 1563 2402 2123 1629 2328 3617 8607 5717 1113 7519 6187 2620 6471 4658 6995 248 1630 1048 8098 3676 1100 5801 5085 8656 9723 7852 8388 557 2467 8130 1012 747 8433 1289 902 1385 9831 3274 4546 9781 4234 9685 7182 6515 2576 6641 7875 9612 7848 9897 7856 7973 5330 9573 2423 4266 2203 5244 7272 1661 2875 6185 8207 7502 3551 6697 5299 5665 956 9559 8177 2803 5491 6499 8160 3841 44 2769 9088 7431 7850 9377 7173 7942 2396 2964
1256 5719 3562 5578 2849 2617 4074 2907 8750 8309 3339 8398 8200 2212 497 0 690 1081 7376 3784 8072 7463 2114 9878 6210 7120 7971 8743 7451 2101 3604 3730 5889 3869 3461 2435 4336 5596 5280 9619 4279 5374 1748 8985 3131 9185 1037 6254 7858 2124 250 9475 1305 4491 468 6849 559 885 2325 281 2796 8859 3634 5741 6653 673 5032 2356 929 4514 2908 2476 795 6932 8202 9404 3635 8116 685 358 8509 7574 9471 9357 2171 2724 3462 9652 8608 173 4394 1661 9089 1027 5454 5609 7150 2866 6490 3622 6894 4104 8678 9239 4812 818 9588 4770 5753 9759 5728 1773 5100 6099 239 7541 8900 7287 2521 9644 7899 8746 2287 7793 9904 6062 1217 905 8270 9115 1644 8387 4106 1121 5096 456 2148 6915 7865 9338 2281 4170 6575 3431 6171 7621 4490 9427 7268 954 2280 9607 6461 7512 2980 6128 8473 4384 4057 5821 8363 3074 2676 957 3041 2951 3040 2085 3603 3077 2959 3847 2543 4907 9077 5194 6314 3200 2048 4761 4203 5116 5116 5641 5538 9738 9834 1188 2190 1679 6050 1691 2522 7825 8127 8525 6276 2576 7030 8184 5421 2583 1337 2725 1735 1519 1165 1946 9577 2061 3771 7549 9646 7731 3156 8745 3287 6623 5668 8367 5868 5565 8948 1682 8300 1140 8010 3076 6649 8248 9972 3920 5243 6147 9450 367 8205 2721 9531 5601 6593 3993 1983 3903 498 676 464 2046 232 3943
7447 3071 9518 2636 7359 4862 7643 9453 2243 6127 3612 4071 5900 8078 1922 690 0 6369 5912 5326 9292 2265 3575 5294 901 8153 661 7175 6939 3376 1917 3485 1887 9208 9933 5260 3477 4893 2659 9045 5219 2686 1220 3645 3004 3572 9254 1616 2390 3766 2214 1560 3929 1953 2607 7250 926 6521 7888 7835 7924 9622 5083 4899 121 7871 9269 6913 3239 1459 7911 6541 5365 6088 7903 996 9203 5850 7566 1337 4752 1864 9622 4661 5034 7052 5785 1504 9854 5050 2345 2783 3484 3693 7646 3356 8376 7200 1083 3843 261 1568 719 3334 2398 904 8383 2827 2877 8835 6026 7221 5375 9360 3243 1412 3757 4435 5991 4511 6304 3667 2819 9100 9582 3524 8615 6586 4032 2359 6471 5234 6342 3391 5183 7756 7203 9814 7043 3969 3172 7254 3900 3047 9895 4730 6544 2946 950 8351 9550 6592 2773 9759 8234 8965 1194 5198 3349 2491 7558 5041 1037 526 7351 7291 1970 407 9680 1272 2277 4600 3148 9468 3300 8059 2814 5430 4889 3154 7544 1618 7181 5112 8389 6809 1688 6687 6968 7154 7394 725 2430 4447 8758 4960 7500 8390 6693 2105 8896 4289 4442 7327 73 5418 1235 9499 2163 4074 9959 7927 1281 3667 2111 4769 3692 3143 2788 7581 4432 4092 2000 6610 2812 5881 101 285 7940 4233 2784 2685 5270 8074 5371 5753 6720 6496 9718 5198 9271 2503 7728 779 8006 1203 5413 9817 6704 2390
5333 2817 1519 3913 5817 4866 681 5699 2803 643 7194 3185 788 1724 6149 1081 6369 0 8067 8030 1683 3354 3321 6143 8061 3220 1546 849 5059 7068 4337 6725 8489 340 1578 1460 9722 8234 6059 6275 6461 4152 525 1184 1378 5726 990 9365 7559 5965 8473 8397 4348 963 2362 1596 5230 8537 8831 5128 7176 7753 5134 8183 1225 8325 1476 1054 8453 1846 7715 7863 3078 4427 6601 5787 2879 2403 9163 7508 6729 1732 2097 3776 5238 6536 9647 2720 3063 8723 2179 9571 230 4226 1818 9114 7002 9578 811 5461 6495 9633 5414 7463 684 807 8200 2106 3219 4363 5826 1663 8121 2902 736 5525 8567 9357 2567 9557 629 9078 2955 3641 4529 3958 7440 3008 8000 5798 6717 8802 180 3800 2702 6561 8735 915 535 7376 9777 6054 266 1997 962 3945 4432 2702 8441 4395 7567 8839 5809 6503 8449 7422 7938 2539 5071 7635 4164 3365 7292 977 9278 9440 2297 9007 1426 7515 840 993 5145 29 4174 1948 3878 6889 8121 4437 7626 1846 4984 6371 9237 3613 144 5835 4291 6854 379 4821 4277 770 635 9860 4083 8815 7551 2971 3197 5737 6412 4853 7787 4685 2792 2887 7776 7341 1393 9027 8716 9333 1708 3380 8780 1045 6318 9414 8886 4337 5847 4406 1550 2455 6636 7108 1122 8170 9905 4727 3885 4608 3466 3402 5880 4244 8435 4662 6864 176 5212 6185 8895 1058 6880 6738 3349 4117
1917 796 6386 2393 5793 5915 1318 3697 3302 8650 1248 8455 6440 7050 8542 7376 5912 8067 0 1132 2457 152 4279 9060 996 3411 2258 2258 2563 5291 1677 1723 7350 3519 2405 6386 7923 1518 8504 9293 9203 9859 3895 9835 2729 5808 9154 7534 3227 8395 7301 6411 3187 9447 7828 8966 9088 9687 5291 2110 3175 8702 9544 8380 4806 5714 7667 8485 4461 9644 3835 2555 3601 3320 795 8914 3592 5883 9935 4259 2702 6728 373 4317 5672 3195 6733 712 8279 3950 1042 84 2225 6416 3477 9465 1765 9193 6746 6622 6444 5426 4830 7245 9852 1923 630 3616 1594 1803 2333 9860 3835 7926 4641 2353 3187 3149 5063 8375 2524 2752 9314 9173 4162 1561 5639 2332 6803 6825 4733 8835 2424 2111 2395 9300 608 8096 4539 1235 9537 7557 5066 1312 4114 1683 9601 545 5603 7908 4220 200 7605 4900 3058 619 8764 8131 5036 8907 2658 794 4417 6530 21 7887 758 2952 9617 4322 1823 2703 46 7995 8096 5321 9153 3088 1137 8129 7215 140 9030 1529 4741 4922 4634 5160 482 9621 4991 215 1321 110 4471 8159 6483 5083 8163 6641 7211 3258 5876 3326 2219 2087 1113 3050 6293 4294 3765 3155 4559 2750 4432 7126 569 3823 8199 2151 4467 3516 9511 9764 6034 5338 2862 5232 6976 2581 484 9773 3885 3987 8009 7753 8977 5319 879 6649 8926 1874 2441 6673 3694 3038 7425 5168 1808 1846
2899 6872 6871 6267 7018 5636 7214 8300 5155 5216 8624 2050 8521 6683 1217 3784 5326 8030 1132 0 983 9987 6022 2776 1365 9675 5244 8498 71 7834 6928 3523 9629 6356 981 2768 8573 5037 7577 1171 6578 4683 4182 8844 7547 6613 131 8361 686 9514 6977 6896 9773 3709 4225 5232 8642 7501 7227 9908 5197 6452 1200 505 9870 7454 6404 2934 3274 6875 8780 3521 4955 8689 6264 8047 4507 4527 787 7753 6664 7605 9448 7110 6384 2401 2082 755 2845 5953 9779 8232 2458 3766 4943 4715 7476 7306 5840 4556 9946 2653 4343 2494 6464 6274 496 9519 8147 4628 1442 571 1323 3187 6554 8250 2794 5883 1058 7573 1373 3450 1545 2160 2894 3540 187 6408 687 4541 209 4068 8258 4337 8079 7311 6621 3950 9053 1752 2507 2891 6725 8977 8008 4768 6639 8270 9205 5206 7857 324 4526 4933 1140 2635 401 4689 7150 9941 5458 3702 2378 2325 1468 8694 3095 3372 466 3911 8517 205 557 6222 3572 7517 5192 6671 4452 7630 9143 7182 4289 1525 5403 9043 4365 4613 1793 9416 6446 7139 2304 518 5530 1472 9379 6488 3481 2116 3522 1657 3683 3480 2237 4361 2695 454 1364 936 2894 6636 3812 5150 291 7102 9847 6083 8140 3009 7014 9098 4930 9031 9174 3867 7941 6270 7069 9575 1227 652 327 2149 1305 3562 3955 1042 9677 3955 2366 2311 9516 5239 4895 8612 2262 8648 734 9004
2172 3479 4957 9642 5015 2306 242 3995 1470 2381 6033 4660 6153 6229 9651 8072 9292 1683 2457 983 0 6576 3629 4114 2798 3701 8438 2336 9484 5476 2908 5258 1946 2556 9753 2841 5318 2562 8440 9977 2651 4483 8703 894 9374 5929 2359 6911 610 505 8581 5725 4371 1390 7859 9198 9223 6070 6826 8889 9436 2524 6886 4632 6720 749 9443 2707 1108 1338 8534 5483 8160 8609 2659 7720 4842 2412 1024 231 6790 2659 3247 8710 1591 39 5133 9811 9006 4994 7593 9689 4251 1968 2275 2097 215 3470 1020 6425 1817 8216 7866 6446 7951 8425 2119 2104 9294 2554 1173 3508 8547 7027 4040 9861 6970 5511 9205 4111 6645 2971 8075 6041 1598 947 8091 7277 5758 1231 3290 9524 8627 7881 7974 1681 5817 5067 6895 7169 3884 7906 6522 38 8012 742 7333 6442 6568 9510 7774 7396 3527 2655 5769 6486 2836 9351 3976 7998 6503 1909 8724 5955 9481 7389 7579 1168 1962 3307 1887 8361 8609 7879 8288 9852 3979 7689 7025 325 4368 721 5847 306 7010 3294 7121 300 8356 4074 7625 3271 3874 6235 7089 8164 872 284 334 4534 4709 9572 1722 6880 2602 1956 89 9702 6938 89 9233 8125 6593 5276 7796 7141 1986 4566 9014 5780 3649 1005 9868 4321 3830 5676 1230 1105 4792 4771 4255 9541 3462 3964 2830 7955 7350 6195 1862 245 8201 139 1880 1634 2116 6712 9519 5160 6159 7136
3004 6202 4868 5002 7742 2682 953 3703 7124 2237 1515 4617 4452 6010 5972 7463 2265 3354 152 9987 6576 0 9220 636 4205 5232 966 7656 2975 8869 7202 612 1047 7020 1270 9192 2899 6984 6496 2477 2208 3197 5745 7286 3054 7832 3014 5662 4144 882 5018 3838 6253 7070 8720 9929 885 868 7476 5460 97 9655 9870 4878 8226 9039 9240 8019 9741 1649 9427 7180 6675 5720 7761 58 3311 6228 9705 4972 8486 517 5225 4183 5791 6770 8641 7514 1029 203 4402 4695 8969 2089 4800 1000 7803 4537 8335 934 2169 3851 2138 3434 5603 9168 2212 453 6319 9749 1018 6351 6403 1540 9066 4812 8182 2631 338 9656 2057 7309 4563 6096 6174 9780 508 6500 9621 6490 609 3282 2539 2820 2976 6185 4766 3469 821 7182 722 7843 5188 2128 8318 5235 6069 6099 228 1182 6435 2774 8849 3439 7174 1987 3785 7107 8853 1099 6922 2941 3531 2345 8745 2259 7704 4499 4509 6989 5366 6928 7433 1677 3952 315 8 7447 5360 185 3276 1709 5023 2713 2412 2995 3554 1837 5006 5797 7807 9742 507 4313 9809 6593 3861 827 1418 5148 4153 1534 4580 9067 6003 5602 5996 4563 8105 8879 9048 2083 6040 4860 6589 753 4191 3545 3192 40 2822 9362 2662 3781 3977 1478 9275 7751 8427 4615 8325 2947 8061 4112 107 6800 8809 8993 2045 3397 6735 1958 4908 4867 4004 3095 1705 9542 6594 8891
8911 6331 6733 5030 6470 9606 4800 519 9637 1449 4713 5584 3507 6287 527 2114 3575 3321 4279 6022 3629 9220 0 907 4874 7947 4331 2515 3719 9324 2964 7379 8356 9466 8247 3493 7876 9654 6296 4525 6431 4679 6584 5029 5359 2748 5947 7067 4731 5140 9837 8338 4267 2213 6335 2291 2552 4336 2872 8729 3074 5448 1435 1558 6047 1117 1933 78 8943 4389 1549 6938 7705 3473 3117 1852 3623 9721 8117 5124 2053 8398 9534 576 3829 641 8501 7338 9697 5817 9061 3926 2315 965 692 6931 3792 6661 2461 5929 8849 6166 7089 4184 9714 6719 3870 3722 1482 1963 7949 4528 8656 2014 6393 2126 3742 4222 464 1538 1145 4874 3181 4969 9073 5711 3205 5361 7066 1251 2242 8147 8216 5229 8597 7109 966 3504 8844 3767 9103 6249 5171 5390 1603 1570 4329 4361 1047 1234 7996 1517 7197 5864 8852 4269 8604 7662 7741 5735 2370 8379 5456 1303 5526 7518 6968 7073 9480 2375 8146 3590 1579 1500 8293 9546 4476 9253 341 5757 2003 9901 7188 821 3934 827 7700 309 3747 9836 2840 3826 2040 3090 4542 5211 892 7857 1047 4024 3045 9241 3134 234 9458 1983 7928 1518 7146 4976 2647 6995 4246 1150 7740 5737 2169 7328 1883 2624 444 1411 7634 7747 180 5949 940 7970 8215 6321 2567 5030 7575 9294 7131 1802 4 4783 986 9037 4373 6710 3144 3647 5391 5276 9501 3100 2653 6623
3617 6650 1487 6571 7182 1964 8490 4661 6284 8140 6544 2360 6199 1820 94 9878 5294 6143 9060 2776 4114 636 907 0 9639 4305 5203 8580 4369 1284 4984 7301 4621 5591 3513 4439 1103 6372 5389 173 3074 3540 5378 7831 5347 9676 8302 6656 4537 7534 6152 1788 5453 3523 4435 8518 8452 6166 1782 4272 8258 3793 3474 1760 7457 7034 7050 8459 4540 2948 9812 8253 5695 5641 5926 9956 7669 8408 3209 6805 2136 7871 8993 7860 8523 4820 8859 7887 5697 8764 158 3667 9075 6590 9574 2501 876 9544 4433 9555 7205 5034 5196 9062 4243 1424 7286 3226 8302 6417 3541 3252 1431 5738 3542 9857 8322 2434 6294 5616 8202 6926 2634 6243 8669 5689 8764 8540 1185 4164 8000 4596 6734 2538 5331 1629 770 2753 5542 1429 7484 6118 114 9901 8435 7457 3614 818 8345 6374 3671 6286 5659 8602 2883 9891 7449 5599 6904 3304 8238 1164 6852 8565 6985 297 4269 1434 1984 1754 586 3794 7736 8072 6545 6684 6764 31 6578 9598 8819 9978 4763 4809 1430 7515 1856 29 8077 252 6945 4651 4287 6751 2910 674 6767 4337 7305 1126 8475 9993 2155 4530 9694 3800 187 441 7821 9725 2040 4838 149 4109 4364 6786 3175 2831 8453 8417 3105 3190 1476 2783 4569 5299 7740 3582 8386 1334 1176 5422 2176 1759 2078 5372 1902 1310 9094 5945 4998 854 6133 9251 8707 9046 2512 8165 2666 687
22 8777 9764 6040 8627 2073 5237 9768 123 4146 186 1503 2754 9730 1663 6210 901 8061 996 1365 2798 4205 4874 9639 0 5399 3555 9274 5394 2130 5531 9526 3023 6970 8953 9700 2502 5922 6351 4144 5664 8732 9705 6100 9563 736 5755 9906 8965 5955 1264 8567 542 2627 9132 7818 7786 7570 4397 4271 8683 6109 9736 2492 9858 1781 2071 4501 5776 1485 4374 2330 1991 6908 9225 2580 643 7293 4486 4242 9252 4709 5378 3505 3523 7998 5728 3717 5574 6311 3894 1468 7035 3750 5719 1847 8430 6778 7543 8346 9422 3847 6502 8576 5534 899 8422 1359 7473 1345 3596 5427 6101 8571 6018 1368 4029 3901 9483 61 4385 5610 8569 6029 2976 7613 8745 1351 9558 9634 4797 5365 3654 5906 3818 2592 3780 1523 4285 3015 6478 3192 124 4489 6656 4184 5882 5747 1637 2438 5338 9215 2461 9887 1448 3517 2421 7808 6763 6835 2983 2473 7767 2934 2504 3853 2271 168 7907 8568 2063 3337 8836 6589 7122 3636 6273 2652 5255 3056 8594 1506 7977 1383 3635 8740 1889 88 2212 6604 5065 1620 9224 4514 2252 9929 2834 3819 5359 8706 7962 5724 1877 6176 1422 4862 5142 5709 4957 4849 4206 2638 7447 3079 2962 805 1431 2341 636 9162 5259 1920 1382 9185 9227 3927 9574 4643 1344 1025 7586 6079 5835 8291 8334 7260 6982 5953 2149 945 5438 2522 1724 9381 1948 5815 1199 1482 8447 3086
3603 8844 7717 8283 390 1560 7722 5207 105 4878 3207 9186 2968 3021 2631 7120 8153 3220 3411 9675 3701 5232 7947 4305 5399 0 5079 1277 8587 2995 440 3025 9370 3373 9419 1963 4641 9086 1178 4598 9200 9287 5155 3971 4100 4070 4428 9135 5834 6600 6627 4347 8268 8618 5973 2782 7127 2506 1557 2436 7414 6996 15 7354 3577 6075 6379 7242 4664 4855 7491 2973 8521 6291 486 5200 5300 4180 7098 1925 1200 5571 8391 8019 4905 1640 433 7880 8908 1217 9528 9909 7017 382 114 9409 35 8127 5978 564 1027 1926 6992 548 8772 3971 5543 4914 8509 7488 7017 425 2852 6359 6818 325 8134 8475 131 4487 2816 5845 3509 8840 9174 9380 7340 6400 766 9405 7525 3090 688 8445 9540 3183 1637 8900 1831 1614 9399 3699 3940 4020 5902 4119 7175 3547 4372 2276 3567 6339 2875 6665 9110 3588 9535 2224 4986 1173 4916 2557 154 8008 9236 3696 3579 5918 601 7868 8924 9473 4600 1888 1542 4503 6283 8492 8855 8768 1691 8970 5605 972 8684 1140 5347 4822 9139 5878 1841 32 9526 2141 3540 9452 6507 4217 1526 3459 9089 694 1463 43 7742 3137 9393 6157 3640 8372 1286 5021 567 9676 3184 6965 5625 7935 7187 3302 4386 5450 6511 7886 4770 9383 694 4900 3404 3284 8224 4002 274 9541 2213 1290 8685 1862 3411 922 1330 4352 7582 9119 6567 6716 8516 7551 7641 5793
8834 8575 541 5984 7917 3632 5413 5450 7817 950 2700 1833 6360 3121 7586 7971 661 1546 2258 5244 8438 966 4331 5203 3555 5079 0 3772 973 2361 755 2093 8118 3720 8669 8080 8233 6608 2290 7020 5905 1866 7954 9090 1985 1810 6820 2907 548 6114 5938 3427 3199 1149 1507 7046 538 9305 1086 8055 8585 7707 4750 8782 4939 3313 236 2903 5788 8458 8514 9135 344 6055 9551 4279 7174 4069 3242 4723 5934 3753 5551 6172 1847 8802 5526 466 2931 6288 6952 9001 573 5677 4752 8836 4430 7371 2135 7918 2204 6084 3983 6535 1130 6756 732 2497 1499 9243 3232 9934 1353 1148 2959 5941 9770 2923 5929 734 4078 1096 2774 763 2917 5797 3081 8019 6544 7422 423 8766 6536 9008 9518 1826 1574 5219 7527 5026 7496 6129 1752 976 8047 6883 7263 8763 4174 1366 7527 7078 804 6457 9620 53 4334 2209 7449 8254 3433 8681 5831 960 9235 3713 3587 6342 8823 420 5432 3771 4980 8171 1723 1139 8320 2067 7719 1149 8847 7735 2358 6145 9237 3670 7703 2290 2856 1317 8412 6363 6582 4854 2171 2370 6354 485 1951 8607 1832 3077 222 6016 4006 2296 3556 200 4805 4199 5621 6359 2619 6186 6500 3707 5603 5874 8962 9966 2755 3543 8636 6041 7352 3514 1335 9277 1124 8419 238 6892 1386 3101 1594 7934 1453 1220 6278 9634 2187 7413 6493 1293 2657 5009 7078 9773 8036 7623
1707 5198 9691 4794 6848 3850 6185 563 2331 4582 7047 7380 4814 9554 1344 8743 7175 849 2258 8498 2336 7656 2515 8580 9274 1277 3772 0 494 7957 2188 2263 3745 2731 3783 9067 4708 3005 781 7631 4842 4535 6972 5348 3355 2784 2443 5728 604 3797 9024 9838 3859 5040 3754 5550 243 2536 2736 1775 5543 35 9497 3239 3769 240 3774 2761 2041 4236 9144 7014 2267 8214 4403 8998 9079 2790 4428 813 781 8336 1519 2600 8554 542 4747 4487 2038 1612 2380 4940 7118 293 8687 9115 2034 9451 7018 2152 1512 3972 3866 5713 4119 3445 5920 5136 7832 2625 9835 3941 1040 899 7534 8928 7588 2708 1410 9245 7477 8376 7747 23 7729 2825 5768 2382 9173 9966 3365 8217 6558 7900 2606 2965 4034 8990 9915 9267 601 1491 1432 3234 7122 4264 8931 3606 3752 5905 7950 5067 700 7987 7630 6416 7416 7980 1136 7552 7539 244 6877 6857 1071 2360 8301 784 1417 7365 1753 3170 1705 2518 9843 6390 8373 6808 7477 4702 9685 7743 8956 9175 6506 4249 4110 8062 2014 1655 6411 6943 97 9153 9576 4496 4509 3061 2149 1952 9288 3379 2398 343 4869 1969 6976 2883 8102 716 4194 1818 1803 7663 8909 1470 2816 6120 582 3710 2496 8726 6604 2451 2819 3648 3799 1593 4839 4497 2511 4166 4713 37 3702 733 7800 2315 105 2492 5887 1344 6861 6240 5111 8300 4827 4820 60 4977
9112 9796 6957 1293 4065 9375 8811 9760 9189 5114 3282 8855 8810 6464 637 7451 6939 5059 2563 71 9484 2975 3719 4369 5394 8587 973 494 0 4707 6492 8793 1112 6566 579 5015 2716 1581 9528 1548 2428 3010 2212 8458 7352 4258 3724 3721 8376 6726 8046 1799 1909 198 6147 9679 5665 654 758 5862 705 1831 1778 4162 3160 6830 3109 8041 4643 51 8059 5092 1129 1162 6796 1590 1102 7243 4400 9377 2021 9035 2794 1476 322 8967 5629 7636 8321 2952 471 1218 8995 8264 2283 3199 5419 6703 1851 6051 7334 5142 7019 4634 469 9393 1993 2632 914 5945 8188 3697 5394 1292 4839 9672 9077 3259 3263 7118 9149 7378 6691 6638 9228 2069 7993 8579 7289 3982 2122 5226 8912 2136 2702 6076 2549 2323 7881 1899 762 7332 4 7477 2142 331 9770 4151 9240 7870 9517 9199 2728 124 7645 8341 3655 6980 4757 4385 904 9262 4114 2336 4112 6736 1946 4315 6239 6023 2098 3197 9683 9856 8628 217 3474 421 2019 2062 2895 3132 7731 6733 9284 5091 7412 4217 5218 7808 2821 2829 2786 3376 3378 6139 2630 443 5426 7482 9127 9501 3246 7324 9063 6981 1517 3359 5040 124 5763 98 2907 2460 6288 1301 7623 5839 9804 4752 9364 3430 5754 8160 6567 4183 8224 2403 2448 565 4503 4525 8879 6916 5757 2554 9629 7303 3705 4710 8644 4738 2741 9865 238 4838 702 4782 7708 5950
639 7682 7115 8978 3262 2311 8058 6888 3331 7950 4005 7943 3448 4080 7880 2101 3376 7068 5291 7834 5476 8869 9324 1284 2130 2995 2361 7957 4707 0 9017 9898 7331 3953 2287 2403 4053 1056 1301 8863 318 4168 4347 3056 1194 7360 2011 9343 5921 2136 1026 440 7124 4159 4451 8264 7271 9648 2399 6100 5132 5116 6366 4325 8729 8861 8013 605 5711 6475 590 296 9098 7240 571 5176 672 4648 9990 5094 3718 5199 7537 767 5591 2498 6516 1342 388 4961 9947 215 1907 86 5497 2301 4408 2348 393 7311 6964 5133 1839 1523 7983 5058 1683 9056 7649 8005 4090 4490 5568 913 1082 2334 3755 6800 2198 1935 8641 3909 7823 1569 3165 7589 9400 1540 7537 8402 9736 8961 2689 6737 3439 7554 3176 5943 8551 3537 881 2429 5152 9353 6521 3055 8870 8740 9236 7968 4343 3326 2762 7241 3065 5321 5360 9813 8950 6583 383 575 5486 7737 1685 4154 4928 5672 9092 7368 4264 9353 294 6494 2324 7396 2033 4376 6504 1608 4472 1033 5622 92 7734 5681 9072 2377 8599 9375 4128 2669 769 1858 4027 2812 3925 3588 1380 8265 3574 7747 2872 5916 8657 2686 1952 6977 2162 134 3328 3377 5089 9371 9725 750 1484 2018 3348 6628 4556 2487 8214 3865 9314 4337 1781 4618 9841 7631 1239 5227 4506 2607 3395 8164 5004 4261 2460 4694 8147 3513 5486 4915 7745 8625 4530 7149 5363 3276
6499 274 1542 2728 1827 7724 6693 5611 4847 5339 8105 7363 8666 1818 8481 3604 1917 4337 1677 6928 2908 7202 2964 4984 5531 440 755 2188 6492 9017 0 1856 2402 7785 7603 9966 10000 2738 9014 2876 3960 7109 3938 7412 6503 2839 8627 4395 3652 5150 7618 1912 3242 9080 9175 2001 8572 7452 2289 1785 5303 9329 2315 6579 9867 9660 8874 2602 9149 1214 8227 3402 4038 1761 7885 4471 2434 1315 429 1879 9079 1059 7422 2770 9195 5004 2056 6087 3745 6067 7860 8059 6059 5261 9083 130 3790 9604 4588 2477 1425 8101 8004 7570 6128 9019 76 5385 3206 3417 2517 250 1319 6923 4800 3402 2108 9209 59 4753 1274 2991 4458 9488 7461 3376 6940 2072 7041 9161 1872 721 1922 9343 4208 5646 9949 4416 9122 2413 4916 6504 6251 7941 3666 885 5157 214 1178 4393 6668 2923 2458 5680 1801 5115 9243 5494 5072 5524 3537 1824 453 8658 6987 4187 5660 141 889 5662 9952 2094 5364 9894 5578 9149 4091 2669 3593 5167 8772 2046 5223 160 1049 8084 914 3099 908 2063 4736 4529 5579 129 9245 9523 2762 7460 6406 9101 1902 160 4843 5421 9019 8964 4359 766 8737 7196 757 2287 1319 3095 7918 5205 1668 2718 1612 3737 9993 9881 5708 2133 3032 8711 8062 8974 9743 7343 3110 6571 5159 2384 1815 254 4217 4246 4363 37 9726 8309 2832 9305 161 5195 7153 8099 5211 4326
2078 411 4436 3845 5409 6069 6037 5124 2192 7994 1346 6222 4932 7473 5147 3730 3485 6725 1723 3523 5258 612 7379 7301 9526 3025 2093 2263 8793 9898 1856 0 764 8772 1176 8017 7819 3964 6983 5144 4729 1977 9180 2810 7039 1851 6884 6489 858 1045 563 669 1404 8372 8184 5888 6126 8733 3963 3348 7780 8183 9490 8392 1091 2423 3999 9516 4027 5474 8771 5057 6851 6561 5616 4608 6163 2057 9517 4793 6397 7213 3622 7907 4386 3108 2974 1167 4733 7997 9085 6827 766 4444 4686 1379 5395 3575 8224 6842 4929 3214 1428 6570 6838 1923 7847 9336 292 7758 9750 6152 6976 76 4596 3258 2992 5437 6866 9209 1135 5892 7138 4384 7856 3325 8049 8542 1808 4973 8779 4549 5201 8448 2952 7180 9834 8974 140 779 9806 250 6812 9320 9620 5573 7693 7759 680 7073 6476 6872 2193 5921 4885 7804 1434 6817 1389 7787 7869 7793 3423 9012 9707 4547 1095 325 5670 3745 399 2001 5374 5163 3260 6519 6643 1319 5694 7592 9072 9087 3635 7011 1889 7347 8653 6544 9325 8671 3302 6082 1346 1422 8965 9526 8197 3248 211 5729 2710 2367 7791 8584 1248 9960 3462 3319 9485 5643 5586 5512 7049 6690 5762 7162 7312 8077 1527 4127 6521 7352 637 5678 9887 333 85 2206 4514 8013 8736 7675 3848 7925 5756 8010 8081 5615 5498 469 8899 4580 4605 8931 1529 1365 2574 9218 7151 3195
