300
0 6909 4008 1852 4433 7299 4627 6161 6460 6315 6929 3065 6722 7738 9707 2636 1793 8278 4325 247 3849 1669 8183 4411 7149 4866 478 6980 8703 9526 8103 7488 5592 3410 7972 58 718 106 1117 554 9231 3974 1345 4898 6131 7534 5376 8425 4220 8385 9792 1469 7082 2909 7625 1708 3467 5577 136 7512 567 4862 3209 2801 5175 4954 1749 6842 1240 8899 6771 7806 2831 6551 7224 8804 2598 8046 3391 9888 8545 4205 6648 8304 5493 2345 6756 7880 1525 6882 1615 2179 6379 946 8448 6102 5249 1574 4053 1734 9956 718 2322 4605 6227 9286 7159 1936 9654 2761 9212 9219 1245 4407 7209 936 848 2330 4778 2275 9652 7182 3694 9396 6031 6202 7266 3477 3184 2126 3795 5812 8530 6339 8548 2337 3124 9209 6554 9588 305 8409 8435 2761 1376 398 1984 7562 9541 1658 7863 7319 26 9980 2322 1275 6470 8508 7510 4675 823 3037 7601 3706 8963 6164 8709 5120 7249 1077 4150 8057 7454 4463 1195 6815 806 5605 5909 8837 1818 6849 1043 3860 9395 4032 3021 829 1075 2767 7993 9860 8197 9407 1001 9010 1330 5184 2731 2270 1840 1522 3641 3089 4009 8641 4800 4382 6121 5606 7967 5791 1538 4333 828 604 1832 6073 8976 8535 4960 2864 2145 5725 883 8932 6357 3179 1589 985 7293 4624 4598 1386 2108 4999 7985 3410 5549 3812 4584 3133 1024 2376 7838 6059 206 9564 5723 5450 883 6788 3273 1859 8084 1077 2752 8384 2717 6827 6782 5695 9317 3729 6338 7076 5611 4177 2570 7088 4805 4717 3472 7757 6420 2469 3762 1188 3889 2502 103 8405 6932 2771 4629 4137 5453 4584 4497 3534 7001 2814 9416 8749 5724 9482 1335 9936 8258 5315
6909 0 6781 6364 7942 221 396 108 5656 2541 4991 9841 1885 6166 2819 9935 5747 9949 8565 8795 3891 8589 394 6983 5183 5852 8411 6030 1153 6526 1627 2643 3700 3322 8563 2308 3594 7726 5072 657 1045 6101 5043 4494 492 7182 4167 7466 2109 1498 3592 4174 9462 6552 1675 7747 1169 2381 8352 4268 3911 523 9780 335 6136 1863 3432 2461 2745 1964 7560 5056 5009 5112 146 6719 3720 6927 4801 3802 7466 3387 8285 6864 7588 5590 8403 7325 1833 9470 6301 6439 7073 1435 7168 3152 9708 2858 4309 9617 4749 3634 3404 5774 2138 3316 4641 4751 5339 8573 1550 3247 8444 8960 6350 9935 3742 822 2824 4843 2085 3302 5964 1043 9918 7905 8416 6574 2900 8158 8646 4808 6909 4371 9863 5108 9686 2924 1082 844 4020 5283 7392 2147 3402 8884 4415 7369 7843 5773 6723 738 3367 6794 632 2692 5392 1212 8049 282 6191 6671 9310 9857 77 4682 2455 6333 8097 228 6127 8901 3140 9251 741 5955 9691 6551 3877 6270 9773 4134 6758 1356 5293 3056 8438 7594 6047 8287 9541 4653 3348 182 5906 6514 9013 837 9606 7 2840 2274 7385 9181 7607 5776 9012 4307 2948 9369 820 2173 5676 8574 8440 7009 6168 3827 7448 7395 9067 7150 1174 9800 7958 549 3786 5850 8793 4433 3210 7204 3353 8114 7000 6129 8880 1612 4589 8614 6389 7621 2225 1952 8349 3031 4017 6775 5925 5696 8160 36 9240 8377 9696 507 6881 2765 9459 3368 1488 7729 3258 5647 920 7677 633 4813 2510 849 9067 1400 2059 2014 2200 97 849 2800 362 341 3409 5553 6255 7195 9394 1559 8127 4654 6048 1960 7322 4076 6141 3438 2152 7172 1245 3570 2535 6901
4008 6781 0 8800 4104 9771 2301 6662 9192 4625 9264 2325 8833 3555 2251 4674 5212 3787 131 529 7780 844 812 6292 9933 5002 7360 7683 8074 4810 9249 2573 3401 1836 5065 3970 9605 8517 3557 1561 1877 4820 9969 6973 8971 3512 8210 1960 9208 560 6866 7984 2953 6256 2563 1069 5097 4685 4807 3071 8236 3759 8894 8436 6898 2423 6866 503 8804 616 4937 9226 314 6674 5672 7643 9835 2733 6697 8739 8684 7613 7455 818 5993 9770 1817 4781 7451 1884 4582 4825 8314 1274 9950 7967 2820 5751 3595 8274 6066 6495 8174 4586 4368 6503 7104 7696 737 1626 4415 2864 8161 5606 1101 217 2876 8093 2419 1089 4218 9856 4829 9165 3253 4710 2920 6937 7106 2150 965 8460 8263 9064 5943 5143 4075 1081 6096 9523 79 455 779 3216 552 7337 6158 1922 2247 7766 3463 9767 8420 5641 4265 9215 7202 1911 2761 7863 393 8264 7461 9332 2660 9768 6135 1538 7904 6841 5540 7521 105 3187 2228 9882 3063 7240 9706 9352 3471 9898 8326 4832 4942 4818 9212 6079 5451 8485 1919 2899 7861 8308 3503 3070 4155 6845 8836 6575 316 9681 3132 4962 8495 7898 1580 2914 5189 8050 541 7765 2103 2002 6918 7366 3531 7893 6043 5691 9806 8572 3283 4726 6134 8193 952 8435 3375 5311 7407 9598 8961 7933 6050 5753 5893 6295 359 9266 4586 7847 5223 5225 4362 946 6194 1163 548 1485 3565 1401 3358 2081 3934 7616 8635 9852 9560 1263 7634 8646 9896 5444 4406 496 3584 4965 7206 3378 1493 7986 7050 4285 4082 5659 4215 5239 7650 959 826 3070 3661 3687 3887 4885 2651 1999 379 850 2302 5213 2347 5737 2836 9772 4594 9664 2737 3226
1852 6364 8800 0 9067 6213 6333 2125 9506 253 6951 7103 6789 5403 885 2208 3929 7624 3633 1462 113 3601 5325 5788 896 4830 1702 9373 147 6195 4612 8485 6737 7383 3278 8832 5147 6177 5549 2755 5005 407 4269 1430 8141 8601 3485 6110 5515 2132 3822 6061 3111 3759 6326 1248 7863 4267 1608 8285 862 1000 4114 8322 5507 9332 2049 9796 8617 4990 757 773 7149 8130 7007 6492 3004 648 7802 3990 5219 2575 6672 2693 5157 6787 3609 1697 7436 277 3738 4449 6906 5452 3242 8274 6236 4310 5937 2660 9420 4246 9299 251 631 3195 9729 6241 7376 8212 1948 9676 8026 6897 1238 9835 4185 6240 6062 3642 1205 2316 7745 6819 8571 19 8485 5603 3426 7652 3405 4834 8323 6429 8175 8438 7682 2499 2672 2161 6041 2716 4908 2132 6201 2011 5123 8128 8017 8824 2162 5788 3329 6142 1388 983 658 2481 629 4109 8395 148 9684 741 6223 6987 9317 3093 4083 6374 4453 2443 4730 3044 4689 9512 2711 6590 1779 977 3821 1610 1969 7105 3155 1684 3606 4540 6904 993 707 8979 6115 5418 97 4110 1819 9298 724 7490 2824 9098 4690 1204 4319 2319 3240 8022 7130 7221 7017 4650 1169 7501 9460 4594 4805 3259 4000 2369 6012 2646 793 6483 8806 4418 8854 2676 5406 1434 9754 4876 1098 806 6648 5103 2562 1336 6250 8307 1876 4496 9128 5902 5289 5731 4653 7942 4554 8215 192 8196 9870 5689 1568 6461 8779 788 9892 1758 6973 4265 4634 1185 7357 5206 8619 9820 9009 5392 6268 3106 952 2662 8750 5412 9943 7745 7191 8404 5057 6972 8817 9750 2032 5595 736 5254 4583 9426 621 4478 4612 5981 8252 6534 8951 1259 8999 5188
4433 7942 4104 9067 0 6790 7258 6983 999 2311 4057 3513 6719 9581 5716 3812 4864 6887 4369 163 9605 5007 1244 8550 4020 2919 7612 8217 8087 7337 9632 209 9800 5328 9927 8675 8783 4975 3796 1127 6831 1437 9552 2178 4106 1407 1197 5475 5865 1622 6694 2538 9948 6441 1369 9856 4585 1353 8470 324 217 6229 1797 904 9801 151 7838 5405 2322 215 9940 1435 3318 416 4552 4605 6767 5746 3292 5187 5319 9629 250 7676 8531 7547 7787 2244 8846 6364 2168 3256 5117 7455 6155 3343 7231 7353 1537 8882 2021 9501 6519 6882 792 5415 8757 716 1759 2248 2845 7843 9259 3211 4965 4143 9027 3301 1462 1885 2327 8384 4662 8888 8066 8963 746 8231 9322 1702 8715 7464 2718 6523 1533 7518 3377 1850 117 2962 9030 1851 8955 3147 3875 6069 5483 7608 3597 9529 1062 3519 3114 6462 9736 8836 7068 3107 1596 4958 8333 3071 7064 1944 708 8917 8891 7430 7409 850 7169 5547 661 181 5190 3806 4021 9007 6974 482 3293 3793 2122 3997 6446 5152 7336 7844 7322 1250 1275 6437 5793 3417 656 7538 503 3801 3205 7648 3062 879 6898 1171 2770 218 9291 8320 9997 3311 593 9536 5644 6220 8594 5685 7363 7879 4059 4871 4484 1630 8196 4631 1467 3077 7243 6335 4985 994 5674 1007 6199 4261 1753 4630 3597 5992 7070 4371 8805 2304 3492 9495 3144 7503 4822 136 8865 4551 8754 148 1143 1785 1894 2697 263 9034 5913 2335 2700 7667 5838 1899 8279 5868 1235 1698 6696 7229 4064 5158 9869 6539 4659 2157 2272 2728 2361 5288 116 1325 8989 9509 4485 2999 4409 371 2769 5778 5869 808 8416 9656 8367 4175 839 1200 4423 1259
7299 221 9771 6213 6790 0 8778 930 3597 9251 5814 9374 9450 7932 3769 852 5345 5492 9250 6989 5342 8395 8895 6887 7889 8560 8000 4293 8686 5763 5552 2800 2945 2813 6739 6267 2943 779 5709 1856 1245 5964 8498 8315 4528 9866 6998 848 3204 9425 9410 1678 1780 9420 5056 8712 5851 6916 2308 803 7461 5887 3527 5681 187 513 325 9974 2387 4507 7970 1510 9429 7799 9981 8934 1178 1858 1947 6283 8778 498 9481 2212 6267 997 5798 117 2465 7400 8651 3343 6479 5218 503 5821 7605 3134 2428 6373 8386 9561 277 3614 1104 8323 8453 2623 1636 6392 33 3189 1436 8300 4752 9775 2383 5513 6464 7998 1662 764 2718 2902 6693 8817 5137 1045 2181 7243 6534 9826 8881 8989 6944 3811 1029 5072 826 2492 1402 5974 8049 4054 9107 2028 5089 862 1235 8238 1516 2972 3848 7713 8096 944 7430 1676 9260 5971 2725 3632 7788 686 366 5894 5485 3514 8301 2208 6622 2234 5196 8975 4008 3067 9820 5254 7628 6099 1444 5112 6437 9776 7902 6785 8731 5601 9030 5775 6439 7839 5738 361 3717 4571 9553 9075 1124 2797 7126 5475 3676 5015 6024 7476 3899 615 2391 6758 3717 7002 4896 882 8237 7717 2772 4141 8634 9193 9973 3211 8073 2377 5592 3864 7223 961 2340 9102 2629 6510 3555 9990 1477 8559 5368 8335 6440 3484 4163 6821 1427 1720 4978 4222 9193 2395 477 1145 1580 1563 9438 8715 6686 5847 3825 7201 1142 4215 5883 3963 7322 6150 3663 7947 2446 6319 5756 4170 1766 3366 1084 3528 9049 822 2744 9479 6158 6423 5757 1929 8334 4600 5829 375 3484 4424 5544 4712 2242 6450 3506 4099 5208 6415 6523 341 1850 1918
4627 396 2301 6333 7258 8778 0 8148 5710 5312 9780 1807 4795 6081 9871 6466 7384 5819 7399 3266 9877 4355 3682 9649 132 1233 9738 784 8151 8090 1419 1718 2363 1328 9259 5952 8843 6701 2765 8052 902 5562 8965 9739 2242 1673 5159 4451 3744 7178 4978 7325 405 2685 5398 9316 5423 688 5611 955 5411 8651 9130 8983 5114 4972 941 6569 8254 2343 6429 2170 2513 6719 58 5942 607 3631 1363 6786 458 3356 7840 9926 6991 1174 7460 2010 1291 1701 9845 3263 8050 5954 2809 80 8489 5272 972 6781 7830 2289 6391 1606 6450 2877 7269 1244 7803 6216 1402 6330 5730 4276 8504 2967 2462 1131 2172 576 371 3095 6113 3931 2413 366 7663 8538 8415 1460 864 4117 7128 557 3062 9187 950 459 6819 7624 519 3185 938 9983 4290 4710 6488 513 8027 3447 3960 270 9065 3817 464 6856 415 9007 5932 4231 4906 2252 1519 7115 231 8147 8788 3807 4648 7225 7653 6736 3375 7638 4773 5859 4886 888 6856 6706 1258 5740 6267 8894 4281 5501 5550 2561 5989 449 7758 6861 5178 9199 5656 5005 1222 6650 8153 892 9355 1486 5878 8585 6140 4545 2804 562 8859 5726 8895 6755 4785 7557 3897 8928 9071 8876 747 6189 8739 8815 8790 6162 1455 6870 8520 8332 5215 1140 6307 6866 5952 8132 1619 6884 4978 6402 8140 8567 9710 8960 5482 3798 9704 9320 9422 2796 7381 7635 6067 304 9864 1350 5708 7077 6457 4903 7911 6682 2528 940 9988 6879 5792 2439 8465 7 4933 4322 8787 4516 6003 7683 2438 3115 7120 2540 701 5530 7307 5763 5284 5313 3937 2187 2759 8582 3588 9732 3724 8884 3590 5498 1275 1993 4881 6004 4776 5109
6161 108 6662 2125 6983 930 8148 0 178 7870 5268 8822 2952 1003 7957 6656 2082 2082 8651 8565 1214 1072 5262 6394 4783 9735 8800 7700 1023 5190 9261 7123 5497 4433 5031 5737 5232 513 9794 2744 3888 6852 4965 6258 9092 6036 85 3900 7816 2186 8440 9874 1735 1432 7289 8982 8698 9047 1855 6751 8626 4961 8859 1385 3763 5433 9214 6686 3190 6313 6800 7008 2095 8653 9736 3209 4805 8794 6650 9034 2505 3336 8337 5690 1333 8179 4917 1227 2631 3106 7981 1212 796 9065 8547 8049 2045 7670 3082 6043 1858 5462 10 496 849 7849 2697 1114 8016 3488 7441 6503 2339 3898 9823 8134 1311 4445 7380 3185 8848 197 7737 6526 2287 5696 3509 5586 2299 1999 3791 2707 7640 9788 5164 2670 5420 2037 6962 3938 5002 2074 6896 6218 2469 2234 641 2286 8978 2229 5849 4769 5832 7209 8936 1258 2484 5559 7394 6933 1395 9470 1019 8015 8542 980 5852 1460 6274 4286 2746 1806 5689 9054 4035 8988 8426 7018 3672 1793 1735 5196 4200 3620 7890 3342 4153 8332 6601 8773 519 64 9425 3779 6088 4298 3106 6997 1862 4109 1598 4890 2361 4981 2273 5436 5575 1320 9342 5259 6838 6036 4317 7594 4572 5570 2205 6367 7389 3441 1608 7558 5079 87 1905 5195 1010 5006 2458 8889 9952 7160 5370 4814 9686 6739 7923 3004 379 3745 4220 6376 4535 6752 5097 8552 6060 1907 372 8439 2951 9098 7855 5758 236 6477 9705 4437 3974 6149 3889 9937 6213 3768 6804 7027 5406 2491 4136 2594 7894 7366 6853 7875 2850 6721 7841 2377 177 5174 1932 2108 6731 3700 3288 6951 5590 5752 8083 7348 2589 4708 3483 2051 2517 9707 2353 9591 6307 7293
6460 5656 9192 9506 999 3597 5710 178 0 8877 828 6336 8943 7079 6771 3153 5279 4908 1568 3550 4156 7338 7193 160 8530 8275 5731 6604 9286 2538 325 3325 8286 5081 1965 9969 4555 6037 1325 1743 924 5347 9084 2808 4107 1639 7511 4036 7723 5358 1062 5654 3681 7106 9337 3099 3256 9055 303 9638 4509 9046 3655 541 8693 9564 8034 9043 6989 1404 2546 5669 8983 8684 8921 1846 7958 9847 2173 434 6411 1543 5170 5272 5818 8074 1722 8380 2006 514 3582 2566 3967 2648 1969 7082 1262 3376 5028 7488 799 3765 5482 586 7836 5389 6416 9801 4960 9075 8109 4063 8912 585 9936 8175 7378 5446 3073 8868 6443 4429 8454 5924 2552 7900 550 2931 2236 1855 4282 3049 2504 3582 798 457 1070 919 2029 1997 63 4693 4202 6420 925 6822 5177 9117 6405 725 4837 135 4058 2906 2873 9405 811 4914 9928 9385 6599 9309 2989 5207 5688 5298 5686 6155 8081 7627 5116 2862 1454 8247 6494 1851 7044 2816 107 2470 7905 2005 1626 2594 5266 3581 231 5100 2330 1246 647 9529 7701 2758 7228 9563 3025 2141 9144 2206 9388 5836 6692 3892 8662 700 2108 1107 4939 2992 5509 2093 8070 5882 4916 2297 5852 7128 4778 6488 7019 6855 5971 7635 2806 9130 2858 5784 4577 6841 1044 800 826 5217 1778 6838 9025 7078 3077 1573 9411 5629 2335 4721 1730 1584 6535 9365 6312 87 5978 9173 7454 4597 2185 3111 9119 9829 8192 9767 4172 6661 1668 6072 7551 9686 9676 2934 1952 14 9690 6481 3820 8175 7388 3756 3068 7869 8882 6106 2699 3221 220 7518 9675 6728 1276 7683 6478 9106 5034 4147 7112 1625 6892 6775 7434 5746 1587 4471
6315 2541 4625 253 2311 9251 5312 7870 8877 0 647 8617 5872 5711 6193 7945 9235 5488 775 738 9565 5591 2486 1799 636 5197 576 2702 4892 9286 1977 1050 5974 3582 6872 9974 5639 9699 8171 4450 2229 1047 7897 4876 3448 8760 8093 5451 1049 5475 6257 6331 4017 9129 7285 5776 7329 5973 2193 7008 4873 7250 2771 2003 3015 7057 5727 7899 2075 1557 5204 7239 8813 8652 1321 8885 7497 2 5647 7091 6497 1785 8525 6742 6805 6344 351 3020 3124 8861 1854 1714 1777 4367 7868 656 9799 5561 3040 5472 4200 7943 4796 4406 7463 8042 5993 1486 7517 5324 3912 5840 3574 5855 7747 2651 7650 3016 4244 1116 4490 106 599 8842 8605 9959 8259 5584 2651 5114 7764 7203 6814 5400 5839 8506 1080 8449 1849 3261 3466 5157 3301 9782 9785 3739 9915 5148 4918 3493 2803 7780 2779 1156 2040 8270 1425 3312 6253 3333 652 1034 3467 5295 2310 8644 4153 8476 2824 7760 6980 3940 8463 3074 7161 1246 2084 219 1760 3777 5338 2088 9214 381 1804 662 646 5940 6186 7233 6648 2402 2522 2885 7686 6009 452 5499 5595 3274 3796 1760 3753 2012 7637 9859 9277 1724 1809 6796 3403 5609 6783 9890 4963 8965 4871 1085 9708 3258 9003 7417 6143 3176 7910 1815 106 7254 6815 3162 8575 2898 8983 8190 6164 7728 213 7619 7469 4099 4654 3937 1937 8946 6501 8052 5803 7188 952 3891 9240 7070 8613 753 8972 3181 6891 9518 2883 7750 3147 7832 7021 5531 9309 9116 5715 2196 6630 9357 5391 3454 2941 1021 6581 8655 664 2367 3277 5775 3608 3717 7964 4607 3621 2672 4759 1234 8522 9894 370 7844 1761 789 6187 8952 6947 9359 5625 2023
6929 4991 9264 6951 4057 5814 9780 5268 828 647 0 2743 6720 4211 4946 8960 3381 5370 7206 4526 5515 6205 5792 5849 5924 4824 6451 8374 8920 6026 2695 1100 2535 3613 5422 3399 6737 3707 6465 3916 3921 7607 96 4684 8494 4540 7859 7867 2396 8918 3700 515 6226 2163 5017 2179 538 2607 211 996 8953 4865 7601 1056 2962 4898 3616 5285 3806 7964 510 4256 3361 3825 7175 3032 8547 7474 4587 6265 6023 7122 1104 8995 4368 3176 3262 6788 7212 1265 3452 9699 981 5332 1014 2716 992 9162 1729 5449 4157 8693 7705 2900 6473 3277 222 373 4428 6879 2110 1415 5386 3847 8884 7510 6566 2231 2855 3437 2478 736 5712 2147 9779 2667 3203 7904 1313 4950 8575 4685 1264 1059 5170 659 4204 3996 3874 9492 851 4273 6448 1716 70 594 4527 6643 4218 8330 3158 4951 5244 4085 3741 7077 4711 7789 5747 7925 5210 2766 7893 7983 5418 2828 688 8883 472 7561 5846 2040 4607 7404 7588 9552 6071 2035 5078 3877 7748 7385 3503 1900 4665 1443 4691 9915 4280 6120 1390 4186 8484 4343 2012 9608 8027 402 5087 1288 2563 7499 574 7450 3913 5333 7947 3421 2784 7872 2632 9197 8747 6211 671 2299 2184 2576 921 5840 2298 16 530 8448 601 8109 8717 824 3569 6605 703 6549 1863 650 1973 9643 9093 8571 9597 4599 8023 4226 1454 7249 9988 8654 4501 4909 3875 4022 4747 2555 6542 4812 591 7566 3557 3163 8149 6049 727 5667 4076 3819 3497 8900 9546 9995 1348 6864 7420 9390 6938 4249 9569 9661 6130 2101 2250 2603 1915 3181 1043 9330 8900 551 4951 1684 1115 1432 2041 1707 683 5510 586 9036 7322 2117 4129 6105
3065 9841 2325 7103 3513 9374 1807 8822 6336 8617 2743 0 9801 5207 4421 1874 4636 4348 8370 6668 6407 6750 7014 2606 4654 1056 4031 5880 5408 735 5397 1524 1147 8311 6293 6037 121 3967 8249 4511 4473 1851 7986 3921 662 1652 5404 8984 2044 2077 645 4467 8211 4017 5134 7389 7029 5540 9595 8854 4229 6058 426 78 4362 9157 6779 6948 5444 3170 2485 1840 2733 9697 745 7334 8139 7162 2878 3735 3338 6369 1086 1405 4876 3810 1071 8958 9285 7597 3315 5333 5374 7263 4501 1162 1158 2778 4628 3586 8192 4675 6422 2290 4006 4692 8281 4419 9201 3966 1440 2704 4810 9141 1106 1051 4196 8370 3175 2519 3157 6916 8417 1271 4326 1219 6298 2659 8094 9719 1599 4909 2717 6914 6162 2007 9532 3398 8133 2368 4389 6568 8197 6086 1631 8365 1025 2137 6560 4880 5177 6098 8206 7383 3579 8108 3430 8321 6738 7510 4282 4944 6933 5056 141 9611 6666 9281 8224 9247 848 7455 6896 6255 8024 782 4577 5235 1408 4353 3857 9044 4676 872 7159 8210 1476 7970 7669 9469 3536 3405 1893 3551 5836 57 9431 2523 9538 7579 4989 857 9240 2448 2611 9282 4811 1264 9595 9363 9375 5476 8419 1580 3468 3370 2279 5045 632 4113 5466 6509 3021 5203 4487 7089 4773 869 7983 8663 2479 5456 3511 1841 4122 2944 4369 381 6132 7078 5131 987 9819 2297 1506 6923 5961 159 2825 8359 1735 4235 7908 1817 6638 9786 9234 5264 7677 5382 409 837 1616 4841 6153 9055 6279 6626 4551 9293 9126 8716 6823 1138 7479 6287 5868 7665 3487 9364 6756 1638 1504 9661 6185 2631 6298 8672 5197 5683 2540 1144 6608 9810 958 631 7963 1735 2594 8319
6722 1885 8833 6789 6719 9450 4795 2952 8943 5872 6720 9801 0 5460 4573 8838 7257 7728 9509 757 2019 8817 6701 8166 6246 1937 1714 9335 6972 196 5318 3748 6533 3867 2117 766 5289 851 9796 3255 675 7710 5048 2889 5854 1201 6245 8289 3698 8163 8829 7287 9806 2958 851 1323 3475 61 4141 1836 2197 6122 5534 4643 8711 9617 9177 5334 5789 2878 3228 7370 433 8466 3913 1206 3166 6616 804 3498 3359 6429 4942 7642 8505 1372 692 2952 2697 9081 5185 3732 3563 762 643 7706 2773 9799 1436 4680 2518 1834 3409 9734 2481 1206 7983 4178 8303 5114 2981 1854 8083 782 6162 8869 2184 3157 9899 9424 7766 5204 6368 4877 7754 3086 9443 4236 7632 4683 5110 8571 418 3332 1506 8827 9655 2683 8683 2185 7183 6342 6806 6111 9333 9307 789 9411 2757 6830 5178 4506 5483 9515 9123 1964 6327 5683 4004 7573 1897 1417 7191 9298 9802 8286 7522 7275 8866 371 1396 4084 9362 3760 1345 9885 6098 8888 5975 4185 8623 9969 2595 840 409 6211 8017 2337 7373 7763 8225 9264 1077 3833 8194 9325 1464 3042 2045 3629 2602 7876 9838 4611 9975 1872 6847 1649 2706 4069 7270 3284 4050 3943 7934 8617 9621 363 6378 3893 329 9576 8888 907 8387 5824 646 4599 9843 2546 8572 9933 3357 3325 7720 8586 9763 9111 9625 7261 5407 6513 6044 124 4645 5330 2887 2828 326 1383 6870 7094 8138 638 6712 2280 8253 1482 1975 2502 5169 7710 6523 819 7276 7292 4123 4349 6413 7516 2815 4097 5794 314 1514 2391 8324 4930 6441 7197 4198 9796 6186 3953 3239 2532 4709 3808 1287 2635 1312 6048 9514 7990 9421 1472 5051 5865 7042 4582
7738 6166 3555 5403 9581 7932 6081 1003 7079 5711 4211 5207 5460 0 2000 6060 3808 5538 6292 87 4328 8616 5716 8151 100 6870 6419 6322 4178 8840 3958 8017 1428 6373 4000 6666 6265 1811 5831 4179 6678 967 9456 9289 7916 4175 130 307 4975 5486 9334 9624 8048 5966 1548 3916 3112 679 7753 2515 4556 5426 2815 7833 6777 812 6494 2247 4889 1441 9747 4662 4102 5765 5468 7101 8585 2632 2875 4684 5483 8612 93 4933 8039 9108 1041 857 1922 8261 2504 1124 4624 46 4594 6943 9734 2373 8501 1843 826 8308 1528 8846 4803 4670 5977 8074 7217 7873 5566 4182 7066 2457 7732 8727 7079 5787 4089 3006 2564 7072 7247 7716 653 9277 7311 1816 1301 7511 9501 8322 5882 42 426 557 3171 9043 9446 270 8126 4350 7850 7791 4115 3583 970 6258 3320 527 2039 9361 8992 6783 7413 7223 5768 499 5804 2773 4016 3730 6711 4144 5207 9391 6184 9971 5846 6863 5968 3090 3475 2566 4305 7906 1116 7373 8469 9487 9517 188 3188 4688 6984 5483 1971 8872 8518 7352 5358 8240 8937 5201 9942 5302 1254 1819 6193 219 4980 2743 562 4698 1340 9818 3026 6391 2027 9753 3500 1707 1858 6654 8126 5402 8862 3843 1436 1556 5213 8525 5154 8054 4559 577 3898 4938 942 14 7822 4162 2687 303 9745 8051 8303 409 8752 7104 7780 9168 8751 8816 6078 3093 5563 8 3148 7357 5341 2574 6181 4135 1476 4274 6054 8287 6962 9679 3701 57 884 745 9445 3731 6675 4547 6333 8641 911 2415 2621 5782 3575 9877 1465 7419 914 32 3048 4992 576 6440 6671 8903 3894 1235 5645 6944 8014 4937 3278 5108 8874 499 9046 6242 6535 62
9707 2819 2251 885 5716 3769 9871 7957 6771 6193 4946 4421 4573 2000 0 9252 9517 6934 6498 6664 8685 4945 8948 3763 2279 4423 1999 7543 6509 6073 6396 5484 4628 9721 6340 770 64 8660 4863 1664 1299 8775 4205 5001 1666 9002 1104 3107 8041 2484 9989 2204 4593 1269 333 3456 1568 9521 442 6998 3123 194 2569 5349 6926 3971 9473 4690 5725 7606 7330 4542 7971 7974 7924 7191 7178 1089 2350 9078 5903 9254 9109 8124 8931 3081 3579 2016 698 5212 9908 5400 8253 2639 6399 3297 5589 3714 1291 5140 1262 3445 9974 6338 4597 9398 1656 4064 4683 271 7629 3430 183 4393 3697 4588 1402 4096 4986 7774 5161 5994 6113 9520 3186 4657 8998 6508 6558 3831 2451 5209 7063 923 9377 7737 330 8639 5164 4657 382 797 4461 9272 2354 7994 1304 9571 1168 5063 495 8191 8233 119 3807 6077 9771 9972 3829 9072 9967 9157 6079 4762 7794 143 281 2414 5474 9845 8699 544 9091 6654 3864 9685 5191 999 860 9150 1166 3874 4840 126 8969 465 6365 987 3209 6565 5229 5594 4409 886 7662 2134 1353 1250 6975 5602 8614 1719 4947 4293 9456 5827 7839 6213 4689 6351 7334 2832 8063 9864 5241 4383 4175 1868 3177 8542 5116 8766 6628 7349 5588 6727 9780 8785 1893 7412 9810 1291 8409 1229 5847 2394 1186 1157 894 7142 7735 2228 3487 5692 9925 1018 2980 4001 1034 5796 8209 244 1140 8627 4906 8188 8114 7932 3622 9551 2807 2104 9209 1158 2125 8863 2449 1241 5196 8569 396 2265 6010 298 6889 8288 6338 6303 3433 9744 6368 4494 8287 5727 3882 5214 7407 5796 9666 3531 9855 5357 8579 624 1645 1021 6750 6770 2358 513
2636 9935 4674 2208 3812 852 6466 6656 3153 7945 8960 1874 8838 6060 9252 0 6599 2819 8870 2686 5291 6458 5472 3083 4220 7201 4608 2505 2465 9526 6423 410 7255 9017 2415 5175 4472 6185 6481 6674 6357 3949 1845 9335 3079 7033 8721 6842 96 5622 5612 3510 724 2796 5107 4397 1108 7987 6706 9214 9151 5365 5596 25 2096 3811 7924 9817 4710 8346 482 861 2706 6101 5046 2640 1699 5525 2123 7701 5540 8381 6852 9977 3519 7640 238 7948 5561 9127 9633 5 256 4752 8101 899 885 6420 1049 1425 7639 1934 3014 5139 3555 8810 2758 6903 5721 6946 8344 1454 9129 9615 8171 2502 9901 4262 8216 735 946 8390 2028 2058 4530 8239 6176 6550 917 3808 5686 9087 9259 571 8267 9045 6238 9492 3234 663 9553 3975 5150 4943 1329 6400 6824 6177 3568 5835 5009 4120 617 4548 1615 6030 8750 7225 4750 4366 8399 4117 5677 7568 8632 5271 6607 1872 6186 7412 202 9388 497 1468 1490 9195 4657 9344 6866 5156 9883 5262 6483 949 1739 284 7394 4918 2218 5128 6870 6226 3003 4271 3675 4054 8853 9195 4164 3056 169 615 8835 1183 4001 9974 8879 7015 4948 92 6899 3766 9037 2797 1168 2529 9108 4223 6915 248 546 5743 5912 5931 554 6827 7759 4012 4726 3532 2514 5492 2534 5962 1839 3395 156 8145 4911 3925 7340 7241 5833 471 6678 7293 6109 4027 6079 4742 5729 2161 8265 9871 8293 9212 3080 8504 1127 5685 3675 3706 5555 8230 3832 9227 9477 9547 7949 7929 8544 9651 1053 2950 7071 7606 6424 7162 7148 6951 7092 5646 636 2033 111 4692 1876 6352 6018 4319 6886 9641 3519 7425 4163 6581 2906 1460 9492 3757
1793 5747 5212 3929 4864 5345 7384 2082 5279 9235 3381 4636 7257 3808 9517 6599 0 3106 3433 7475 7996 703 3570 4124 5747 5021 819 4000 9921 6326 4237 3279 6075 4859 5830 7260 667 2412 178 9801 4122 3840 7610 5504 9357 5884 416 3558 9212 3305 6038 427 502 6548 2659 221 1770 9229 8969 5555 3754 3244 8287 97 1441 8635 4802 6085 3983 7975 6851 3751 1847 8332 4651 9279 4079 1321 2507 1739 425 8629 9136 3762 8246 1810 235 3074 472 797 9112 474 3420 4271 7133 6611 9067 806 627 9621 8410 5793 3901 2692 3897 4266 6618 164 9708 3376 4832 8203 4920 334 7513 5688 5599 695 8885 6570 6559 961 7359 6819 9220 4554 3577 7093 3901 6341 2704 5473 47 7202 9906 4345 2907 63 4519 2378 9189 4047 2067 1478 933 6750 9472 2715 6124 3185 9208 9404 2851 4451 1635 7835 1982 3385 2394 6285 89 472 3373 8083 859 9195 6366 2252 7169 4587 7042 7344 7738 6523 900 1929 1573 1655 505 775 6613 631 6006 7042 561 4476 4104 3615 1542 7683 6148 9662 8978 6832 3140 2427 331 3778 8512 1582 9786 481 5725 5887 634 3244 4548 2869 6760 4269 1724 2949 6372 4863 5935 4725 2413 2150 7178 2242 4500 3482 2209 6266 1213 9348 2853 3513 321 5420 5005 9802 7487 2809 2940 4952 4437 8546 7258 2270 29 2598 231 6704 5472 5273 6756 3649 7677 9421 3839 3927 7186 4095 6356 8446 3874 8568 5851 9192 1336 383 2395 5615 8872 6656 7069 2029 5285 9219 1705 4525 6569 9919 7060 5520 95 9162 6765 2541 9266 2755 4635 3304 5443 4440 8985 8254 5345 470 1192 3625 1569 5259 6986 2460 8284 8232 270 4715
8278 9949 3787 7624 6887 5492 5819 2082 4908 5488 5370 4348 7728 5538 6934 2819 3106 0 4622 8382 6789 9273 6424 8329 6274 7746 3489 654 6929 5058 9139 415 2332 3413 1955 6841 3747 3126 4133 8832 6633 6781 142 8907 7791 2443 4839 1336 8494 8618 3882 5127 5161 1497 4147 868 3123 9363 7416 8743 5271 6558 7348 5647 2216 7446 3031 1681 1496 9170 2440 192 8141 2836 6640 5514 9965 788 9416 8375 9069 9977 4476 40 7378 9904 2417 6553 3864 2308 6411 7543 254 7406 3412 9471 7247 5719 9899 4935 3488 3613 7306 6046 386 1428 8123 1423 6649 7974 7100 4775 711 3234 5853 1502 9502 5726 6903 1737 3691 5915 6538 1971 4406 4413 6317 4332 8074 712 1960 9375 8802 9317 5320 6735 1176 285 4594 4606 3188 7606 1102 7226 4041 9066 8591 7001 1052 5728 2588 828 4090 3096 5203 9897 3077 2178 3907 2093 8508 6327 9829 8246 4092 1752 4148 6003 141 3846 6852 2609 9579 2779 1881 4478 8726 1053 7286 7493 3517 5817 8958 6237 8025 3214 6649 4461 5975 5480 773 569 9331 2980 2927 8712 2596 9057 1644 290 5562 7431 3247 1791 5503 349 1994 5994 4593 9821 5805 9390 3658 3901 4949 8804 1263 2737 1326 120 5974 4974 3139 6199 4799 9172 7960 2592 2408 5741 1436 9456 879 6815 8683 7709 6949 80 9729 3020 3786 1277 3497 7776 7253 6895 9041 767 2872 7272 5491 2594 4522 1312 4813 2609 9075 2413 4487 9523 9954 2781 1073 7818 286 9957 8062 5484 7106 612 7688 6864 1570 1975 6342 9436 1262 839 3089 6173 4502 5681 5863 9395 6261 5928 8726 3833 194 840 4404 1993 2034 8880 5126 2468 7637 2356 8857 5675
4325 8565 131 3633 4369 9250 7399 8651 1568 775 7206 8370 9509 6292 6498 8870 3433 4622 0 1503 9827 3087 8895 4741 4606 1490 375 254 3464 6216 1769 4119 6591 852 3094 4215 5940 2288 7083 2722 3145 1535 747 4000 5064 7884 4955 137 6543 1076 5493 4591 6378 1385 6039 3215 9646 2336 5553 4507 1870 2280 8700 7345 7020 6577 5876 1011 2963 3634 1506 2891 3532 8161 3825 145 6530 255 7876 9716 1468 5969 2925 1346 5822 2635 9672 1489 6558 3226 4406 2392 3156 3438 1169 9342 5635 1574 3397 7346 7674 4256 7045 652 9236 3480 6696 2209 5696 1009 123 8218 6350 6922 9463 1688 3512 4516 7344 525 4822 2642 2507 6051 2586 4501 5627 110 6558 5666 7144 1218 2703 804 3961 3814 3496 1604 6792 6304 4728 8813 4787 9873 7546 7122 8718 7470 6053 4366 4126 9233 1132 1519 8483 1515 3616 3605 6834 1836 4307 9383 31 5974 7998 8659 2091 8535 3858 4664 4353 7589 9031 1108 7775 2745 471 6897 2606 8136 3604 8247 1097 3722 6103 9329 6890 7238 5971 8124 9849 3034 9052 7441 8302 678 1329 6722 4976 9473 5311 1853 5299 2135 8072 2126 6227 1160 2308 1335 5758 404 5191 4361 5728 5698 4267 703 6736 9619 7447 5698 966 2 1257 815 9902 1062 4534 1655 3761 6613 5762 3020 6026 1421 4612 7703 7888 3925 8439 7626 285 3790 168 650 1095 1884 9497 1059 8677 1342 6556 6447 4971 7770 5854 1776 530 7070 2709 817 3123 7542 8054 2214 7845 1801 6813 8006 3899 5989 5900 8818 9298 635 7112 2231 6085 2953 1539 6280 7282 5374 8325 6859 577 7121 448 6575 6287 1055 7641 3203 3842 9133 2369 2108 8981 9380
247 8795 529 1462 163 6989 3266 8565 3550 738 4526 6668 757 87 6664 2686 7475 8382 1503 0 8410 2965 1440 5913 184 7570 9444 2358 3537 7317 3047 3043 1228 7654 1569 6282 5130 1441 7145 4811 6600 3038 9949 8066 6550 409 6874 7504 1163 7096 6691 6215 1792 6973 6505 5775 9917 2487 8901 2797 3186 8280 8557 2299 1564 8860 7897 5269 9034 1817 948 1612 3924 75 491 8186 9166 2893 8273 5414 7856 8589 2511 4380 1197 1941 9107 5859 1889 7447 4017 172 9145 4809 5774 7687 4201 1984 6893 4241 3878 7323 4227 7049 389 6470 3592 391 7699 370 5820 6791 9722 3334 6029 8264 5016 5845 275 3438 1167 765 4361 5313 4000 4494 297 1645 4126 7813 5441 5270 8485 6223 5851 2925 7885 1149 6465 6003 2928 1113 9050 7114 6344 2427 2725 5091 2337 8904 4906 9446 9728 1329 6757 8601 5627 2714 5369 8120 9753 4043 4757 7996 5864 7555 8165 3451 3657 8251 1746 8888 7181 306 8028 5510 6399 9318 3749 9390 9169 7830 1471 6456 9721 2316 4501 4433 9916 1878 8985 4605 3201 7590 8450 4461 5390 54 335 3633 7829 7452 5067 1396 9932 6501 6241 887 3736 7579 4846 3139 5277 9823 8258 7017 3794 7278 2674 9357 647 3301 8688 8003 3500 7324 5414 3093 7068 7961 7883 8619 8542 5913 9777 8775 6249 7024 6777 2522 815 1832 4599 9475 3134 1669 1372 1624 9167 8456 4260 8799 2459 4821 5315 4356 1737 7464 175 3139 8439 3389 6696 2115 4236 3425 6005 8721 9989 945 7053 8038 5917 2834 1939 3598 5200 4733 1403 1438 7449 9747 8969 8262 7480 8237 3219 9309 6219 5179 2077 6021 3159 2445 4508 9970 7605 8070 5233 3054
3849 3891 7780 113 9605 5342 9877 1214 4156 9565 5515 6407 2019 4328 8685 5291 7996 6789 9827 8410 0 8259 9748 3511 1414 530 4760 5775 1581 7219 3737 864 7245 9014 5300 7489 7241 4660 2136 4411 600 529 9790 9393 792 2500 9416 3817 7906 3779 3381 4935 2921 5579 7561 3822 9972 3109 7837 2939 8319 2805 6145 9992 667 5605 6670 8184 629 6284 8447 8888 2082 3992 1177 9454 5120 8925 4417 691 3102 9463 8314 9075 2834 1739 6485 8557 7968 5859 7709 4848 3664 7439 9588 144 9342 8886 1459 9951 6616 5215 4516 7898 5956 8320 1954 2586 3836 702 2672 8775 1005 8549 614 5276 955 3020 9755 6210 8731 7947 3432 817 7957 8111 6373 3629 6472 6449 3307 7100 4796 9719 207 8324 2946 2251 8539 1508 2611 3182 4645 403 2162 6568 2481 8627 7028 7541 2424 6238 9729 8735 3365 4699 4642 2316 8152 2842 545 5722 3854 3433 4168 3963 9663 649 8970 48 1629 7297 3842 6087 7369 4266 1588 9665 6746 460 1395 9046 5709 6657 6273 8979 3317 5503 2508 8122 1392 1973 8827 1790 8700 7416 1137 647 8726 6839 161 5469 9810 793 3555 9275 7152 5349 2768 9314 6960 4736 5693 8743 6238 628 4161 4021 2804 3861 8727 9495 6007 4530 7228 6591 9629 4777 8838 9899 3953 576 9777 6958 344 9703 2694 1314 7984 7911 654 2057 1029 9663 3698 5685 6420 3868 2101 3865 6253 2434 2103 5741 51 9141 6018 7445 6502 6393 8636 1512 5987 1289 373 1129 7593 9496 9074 8422 4243 8885 7979 6383 899 438 7329 6686 1375 2687 8620 367 6 4159 1432 8666 3976 6823 9494 351 5703 8520 4012 4764 8880 4790 2205 3654 7470 2808
1669 8589 844 3601 5007 8395 4355 1072 7338 5591 6205 6750 8817 8616 4945 6458 703 9273 3087 2965 8259 0 4395 2775 8495 482 254 2179 7686 9671 2155 1680 2720 2995 8628 8498 5781 8804 7204 542 5763 7095 8555 4519 2223 5865 8331 1228 6126 1492 4759 2596 8157 4048 2267 2173 2127 3120 1328 2382 5943 3174 8721 2026 5909 6435 9351 4559 8060 1600 1720 1096 6964 4701 8423 7463 3945 9057 466 6475 2900 3353 9972 9477 6347 3589 3366 9280 1215 7797 6275 77 8396 3486 6498 8335 5838 8497 8088 9550 6628 4029 5162 6121 2329 915 4008 1943 9275 7920 2222 9054 6616 4276 4644 180 4619 864 7001 3501 7022 2313 7737 8855 3285 7630 8384 536 5846 9540 9756 8358 5366 3924 380 3877 3401 8526 7917 8886 9171 7898 5321 2964 3746 9359 1120 304 2665 1970 450 9491 3133 231 7850 3579 9032 7372 3421 5942 1274 3165 6539 7164 3353 4903 4157 2855 6094 235 4179 1660 289 801 8033 5727 6450 3215 3418 4877 1524 9701 258 9051 4055 5330 5395 860 1988 5971 9969 9048 7633 5058 2559 3922 282 1672 1089 7265 29 6924 352 376 9412 4027 8018 4635 2141 951 1846 6611 878 3449 5270 1456 4168 5908 2762 7912 6076 5701 4178 6254 5174 6712 3841 3903 77 5891 8730 6321 700 8285 3418 6613 2568 4469 3912 113 9411 3400 6495 895 9742 996 518 8298 1736 7902 7544 1666 9324 4836 264 7738 452 7701 6842 8264 3499 5715 5628 410 4308 5686 7751 9986 4909 8959 4106 9392 1776 8019 8973 9037 624 8991 4784 8441 288 8529 4468 5629 199 5718 1564 7650 2230 5244 3055 3033 2845 8664 2999 5161 8814 6836 985 3032
8183 394 812 5325 1244 8895 3682 5262 7193 2486 5792 7014 6701 5716 8948 5472 3570 6424 8895 1440 9748 4395 0 2819 9095 6079 51 7552 4867 412 4063 1689 3426 7929 1876 4979 2130 8542 9173 2856 4779 8239 5487 6932 1604 5639 6065 6459 6260 9807 2999 4344 351 7375 6567 3993 4690 9958 7047 4253 3260 8335 9186 7428 1555 1675 5097 6868 1022 2314 4797 239 3819 8718 3429 7935 6194 9634 6654 5946 2080 7431 7386 1131 8199 8008 3409 8324 1809 1166 6654 7666 1520 7598 331 3713 5235 7090 7740 2005 2913 5834 5808 2914 8976 7088 5837 5192 7834 749 64 336 380 2889 7235 7726 3948 4920 3302 7227 9673 6996 9691 6452 5491 9260 8072 6827 3372 8255 1303 1982 2935 5812 3259 2447 6155 6619 3813 6481 7593 3868 4911 4327 3268 5545 9649 8777 8798 8176 3526 1748 436 390 4937 8008 9742 2479 7117 1763 9446 1728 5662 7017 7944 9581 9770 7953 7414 5557 1279 6722 7741 8636 8416 2956 7660 3745 7335 3881 4720 7527 4050 2252 3841 121 7371 2903 1276 7574 1422 2785 763 3297 8638 2635 2747 8354 9614 4919 2032 7257 8324 4268 7123 8516 627 9954 5170 4721 2004 511 2895 870 2839 2745 3067 4964 8859 4184 9502 2879 4519 8075 8697 3738 1738 7696 5640 4218 5744 4910 649 1658 6466 8403 1362 98 239 3033 1164 7021 4463 1949 774 238 7934 4946 4968 5380 3351 8712 8076 6339 5712 6239 5401 3601 4059 1144 3206 2286 1924 6997 2698 6785 3894 1937 9136 839 2887 2156 5017 1167 2885 4080 615 9201 3297 9373 8962 8090 449 2878 7149 2512 2361 8877 4019 2750 8418 6218 8523 5963 9703 4503 37 6558 7417 5131
4411 6983 6292 5788 8550 6887 9649 6394 160 1799 5849 2606 8166 8151 3763 3083 4124 8329 4741 5913 3511 2775 2819 0 1015 5590 3774 6090 9360 7326 6308 9380 7556 5305 8861 575 9503 2831 8636 6297 659 610 5762 1370 9239 2032 8403 4376 8516 8052 8723 3905 2349 4123 3583 8064 6084 6248 7048 7781 2969 7635 3840 170 1860 9482 3430 319 265 2186 6412 4075 2291 5567 2774 1038 1939 1190 8447 8874 7831 1443 8923 5804 8337 2073 6645 9563 4281 1312 7441 1931 9776 9867 6716 8794 7026 3350 443 3093 128 234 6123 3092 5171 3656 1655 9016 2576 8563 6780 315 7983 6439 8643 5589 7234 5388 366 1252 6873 5144 6810 8541 577 6379 826 8457 6754 5000 5340 4854 67 2406 9166 5413 4905 3686 4011 5408 1654 9421 9338 9329 6000 3399 8933 5193 5326 9834 1060 8929 9437 3718 7794 5275 7923 2876 8257 7354 7589 3327 8955 7576 1473 715 9969 6246 4685 378 9927 9059 846 7736 6491 6740 5672 7043 4053 5092 6925 6454 5655 5204 3120 1353 5052 3034 6867 1699 8913 7247 7178 1006 889 7651 3075 3696 9211 4718 2326 3806 2886 1077 3421 5438 7083 393 3609 731 6693 999 9780 8274 1894 1369 3677 8968 9960 4349 9603 5221 5397 3117 1513 9215 4732 5146 981 9793 6045 5613 1449 7996 159 854 2480 4038 4920 7200 822 2434 7689 6419 138 458 8813 1439 2000 1354 9293 1005 749 1068 6002 3665 6069 4699 5841 7060 52 3900 4214 5397 704 6798 5817 9625 3353 5641 2852 9591 1845 205 6437 164 7599 9273 5647 8984 1052 753 1007 6908 7923 489 8945 7607 4913 284 810 3215 7493 8423 4036 117 38 2813 1597 9658
7149 5183 9933 896 4020 7889 132 4783 8530 636 5924 4654 6246 100 2279 4220 5747 6274 4606 184 1414 8495 9095 1015 0 5919 3435 960 6284 2662 7232 9871 7104 4738 4231 2124 7069 3508 1858 4148 2935 7895 3135 4391 3958 2087 8195 7611 3942 1071 19 6724 1321 3967 1971 9872 8110 7788 344 4178 7525 6066 3439 4347 94 4423 6944 3834 4529 5346 7754 3776 9680 8959 2174 7648 8325 2377 4401 9376 5389 1210 2664 5638 4190 6514 3116 9501 8556 7973 514 5357 4942 9615 6086 8359 6491 8238 6706 1836 1951 9003 9394 4990 8827 2782 4219 8325 5655 7240 9679 7679 8161 4099 782 7478 2421 9879 1255 9319 5689 7423 1987 8513 6549 187 2183 8641 3246 7022 7936 5040 4306 5645 9782 6502 1163 140 4114 8859 8649 9128 426 8254 6867 5182 4890 3723 8312 7234 2410 609 8519 9846 8481 7523 8267 5505 1492 9455 3612 7644 1380 2656 8706 2188 4466 5406 6563 3739 9763 1628 5395 9466 1054 8005 5552 8437 8088 2336 8805 6601 8931 9532 8961 770 8057 8972 8714 1330 9408 6233 3104 3991 4174 1605 5575 2082 4640 2389 2808 8986 4491 5997 9869 5990 564 1957 8280 3234 1849 7834 1829 8236 3658 2363 1409 1621 5482 6460 4693 9974 5828 4640 5642 2328 5401 5176 9566 4654 690 15 3071 1802 4467 9066 7814 1174 8556 779 1502 4825 2168 7089 5772 5323 7455 5489 8612 3248 8717 8599 696 1632 6267 2161 1953 6617 1279 8953 6911 2280 5813 9118 4499 6518 4088 1515 2961 3854 8340 2681 6966 8762 7662 778 3863 1255 2348 7703 1767 9189 6618 2708 2386 7170 147 4988 4423 7379 7823 962 3041 1326 3772 8722 19 3416 5546 193
4866 5852 5002 4830 2919 8560 1233 9735 8275 5197 4824 1056 1937 6870 4423 7201 5021 7746 1490 7570 530 482 6079 5590 5919 0 4153 5677 4097 9860 8074 5299 8136 8661 3779 3276 3847 3438 5586 5633 6189 2345 7926 8189 7098 3609 3254 1106 4813 92 4279 6448 1790 6729 600 2410 5049 3328 8768 495 3181 1422 966 6287 2124 2530 8213 6808 468 1486 360 1383 2433 8382 2269 2147 336 2697 5520 5373 7456 8747 6769 3742 6146 7905 7774 6254 84 1128 2468 4635 4557 9956 1743 2408 6334 3250 2491 6219 3397 286 8945 9563 9896 510 8658 3109 6607 1176 9621 5699 2760 3074 1012 7504 9164 33 3284 4719 6861 5838 7828 6602 1995 1739 9248 2897 9346 285 2723 8746 3489 6658 9668 4638 2230 4172 581 8516 2863 8604 889 8699 6620 4920 4507 4828 5626 490 5078 3237 8883 1080 1389 4908 3694 6810 2784 6583 4719 3516 5054 3508 6318 7644 7370 1721 6417 8728 5010 6582 2967 1531 636 3252 4497 2516 4625 3186 9300 5904 8594 6664 6832 7337 9089 2646 4464 6628 3459 3863 4327 502 2121 9306 1628 8479 9169 6421 647 4637 7845 5017 6438 6907 7936 9078 3205 3341 1518 4894 5410 4860 3839 7947 5498 1034 4702 9187 6985 9672 5431 8221 1455 4226 2382 4082 4313 6872 2638 1654 9968 3524 3843 3523 9893 2672 4417 8808 8411 7834 2516 7234 9367 3565 6318 6912 9384 5808 5923 6406 8242 5237 3389 751 4329 7196 504 2446 1347 2621 7058 4157 6211 1861 6350 3444 6692 9580 1551 5071 2058 7772 6629 8514 8971 4063 3199 6810 4240 9714 7682 4516 3910 2412 4055 4818 8611 5223 727 9067 267 3337 9389 9931 9307 8360 3872 4233
478 8411 7360 1702 7612 8000 9738 8800 5731 576 6451 4031 1714 6419 1999 4608 819 3489 375 9444 4760 254 51 3774 3435 4153 0 8476 5150 8734 9335 6697 9063 8960 2911 1102 4109 6184 3099 4813 9275 1040 7807 407 7167 1603 2248 3877 882 4646 6477 3964 7201 102 4126 6260 8695 9121 7191 2802 1155 5021 7245 9898 7713 8633 2169 5222 8769 6205 4744 2912 6869 7225 2685 136 6780 4378 3135 510 1372 5102 7735 9604 6095 9749 5281 3094 9938 5924 3655 3419 282 6156 4321 9306 5671 2174 1547 4568 104 3886 3131 1751 5944 5039 6271 221 6172 5782 7858 3276 8228 3710 1778 1016 2455 3844 3987 9177 3489 7037 1732 5818 9056 9759 4592 5479 5964 2189 8521 3621 8105 1371 8240 4814 6190 117 6961 6285 8548 2396 9464 787 6250 7276 387 5825 6092 8032 2347 8392 4892 9064 6810 9918 5023 3853 2615 970 8767 7007 216 8269 7696 7259 8427 8458 7583 6361 9246 2272 7065 7234 7012 3643 9428 2735 7877 5702 4640 6510 4238 2288 376 5481 7449 9979 9649 1423 6504 1191 7503 3872 5764 4877 2427 1960 7464 6340 1686 7776 7006 6349 7016 3318 5738 5915 5844 8458 4478 2674 9794 6659 9105 2021 3994 1139 2988 2562 8735 7855 1776 336 5315 5220 9526 4496 8299 7554 6858 6076 96 7413 2647 3169 4682 2665 7186 3202 3379 875 3468 661 9729 2885 8222 5836 6755 9936 4828 8137 9002 5912 7042 2760 9543 5828 7700 1399 2591 1723 2932 9912 1988 9328 5910 6990 2958 3062 9248 5031 1817 9345 4141 4171 9664 4683 7433 5076 372 1952 230 945 5879 347 8492 1772 1186 7086 1604 2506 6187 2073 1269 8655 749 7845 3559 6817
