250
0 3396 497 2292 5406 7085 9201 1681 1511 3120 6507 8785 1722 6925 9868 6979 8690 7611 828 9086 1248 538 3178 6600 1059 2903 1031 3006 4141 4209 2743 9383 1743 6523 7092 7311 1023 3778 9225 5165 209 1602 9244 6432 3234 4414 1676 8535 8297 2765 653 8335 4520 9857 6161 7751 7608 2645 7278 6990 748 2364 3630 9273 2511 1082 5641 5091 6586 9580 3147 7413 5418 1251 5968 6408 6950 8131 3706 6884 4872 8662 5194 7902 2328 9161 9714 1760 896 2378 2342 5821 8344 8916 5793 944 1718 802 7177 4292 3880 9871 5119 2542 4092 1443 3087 5074 3285 4944 7122 4050 4826 3996 2578 8235 164 8465 3550 2239 9441 9130 4565 5351 9143 3059 197 6284 7698 5150 3200 6104 2723 8933 5689 1671 6614 8503 822 4154 674 2479 8675 6386 936 8205 6089 2386 228 9707 3124 4947 561 9663 8945 8902 1197 243 7624 5019 5287 456 6451 4346 7758 5867 6101 2071 8102 5398 1462 5658 2972 4732 5521 3893 249 7517 2842 3560 7826 1486 1009 360 151 1596 4068 6410 4242 548 3222 756 911 2945 2457 5347 4638 678 4580 4533 7077 2070 4072 2973 8359 4758 2328 4301 4747 3244 6973 1318 8549 7101 7346 2193 2227 5246 3463 2669 4007 426 3718 8870 4589 4374 3562 5891 6902 5986 6626 7271 3920 6764 3334 1910 2099 1620 8287 2872 8197 8609 5833 6325 6587 354 5374 5217 3831 1246
3396 0 6182 4790 4859 7295 8118 4366 3212 120 5589 3151 431 9523 9737 1493 4255 1087 3058 4810 7520 602 6159 3449 4908 9835 6546 5841 5791 8745 2067 8472 2220 5801 7108 9456 707 8086 6177 2006 6434 9264 2023 4391 9969 1625 3089 7718 8078 2685 5156 2142 5979 3699 7031 8321 8188 524 4225 9454 7186 7775 5394 8140 9807 212 3073 6668 5151 7572 6296 352 7005 6256 5023 7589 7585 1448 1378 6268 3014 8907 6430 7109 7306 5905 7783 4763 2520 604 5857 6337 1502 7983 1180 6028 1306 2324 2318 9054 1114 8500 6721 2965 7435 9748 7461 5811 6496 8774 7375 9528 4012 4893 1469 6076 2777 9014 4552 3274 4614 9543 3040 6447 823 373 1421 1612 3507 1713 2262 8738 6050 9555 7574 9575 2178 2340 9364 7934 1247 7020 6682 9580 1237 863 1260 59 5864 5535 6783 7063 4832 6693 1661 6149 4678 7389 6218 7477 8507 4922 8514 5492 4283 1249 8001 5741 9289 7951 6380 5771 5934 6679 6044 2410 5984 9345 4940 7711 1307 5364 7359 466 5127 8973 1207 1207 7424 1258 2294 3376 5405 279 4162 4156 9142 2436 6896 1077 909 4535 7684 8358 1590 5333 7105 1487 7390 8923 6887 1245 7984 1383 7796 4214 8942 1882 3546 3215 8174 9042 1296 9494 3635 3436 5503 4042 7165 6371 8087 8551 2960 6335 1968 6848 5353 7808 593 5270 4296 4371 7391 9211 2913 9536 9159 4290 321 2606
497 6182 0 311 5424 7467 8896 5089 8785 9222 9110 6678 961 2463 2429 2862 5319 1001 1219 9766 2828 5414 43 6222 1395 257 1721 7019 942 1825 1465 5966 8315 2576 5466 7009 748 704 7776 877 9433 2034 6772 7827 96 5028 2129 3248 7983 388 2021 256 3628 1311 715 5699 4963 1978 8394 2230 414 9521 3314 3869 7294 3279 1971 3072 7164 3110 9318 350 2426 5395 5992 3936 8660 6866 6823 1562 4688 9770 2758 7130 404 1321 4927 4787 8391 4241 8475 2619 8375 5367 3929 2961 2414 2197 8750 7930 4492 4499 7919 4837 3101 3341 167 135 5530 4153 7719 1983 2754 5895 4474 2858 4420 6493 1891 8630 7332 8409 8860 6264 4852 3755 4428 3663 35 6254 7819 1111 7547 4786 9255 3715 6275 7478 4396 8235 9333 6812 4657 6974 431 2232 3994 3476 2287 1576 8278 7504 6386 8341 3708 2926 7484 332 9845 1875 3167 6359 123 9628 9417 432 8715 5790 7379 6845 2051 4381 6875 12 5444 1416 856 1512 9293 2349 8577 9569 9159 7100 3579 8910 7039 5899 5530 8093 8720 4047 6093 2782 9214 7611 6650 9817 6641 712 9142 2746 7637 7944 2341 8008 3846 6548 7055 43 7313 7043 2573 4359 6398 3470 2634 5330 6511 4851 4537 6407 2729 1692 8434 2846 6962 9426 9746 3018 1572 6565 729 8398 6053 9814 2875 5379 8802 3356 6590 466 5598 4216 2422 950 4979 9234 5047 7370
2292 4790 311 0 8304 4480 3919 2466 3840 4865 8169 9993 5665 6864 5093 3616 1330 8408 3066 9899 612 58 1755 2832 8877 2938 7070 5040 6903 4016 4158 4809 8438 8142 5052 5569 4193 6221 8498 4442 6759 8846 3894 1684 7499 6457 7497 8937 9629 7865 3690 975 7831 1914 1856 4297 6634 1675 3217 1201 4579 86 6669 2981 5552 2751 6069 581 393 459 6300 9936 976 6905 1016 9053 5333 6215 9723 8666 5076 4540 1461 1260 1472 5160 1577 2800 1406 9632 1191 6116 2594 9594 8673 6213 2595 3971 4508 5671 1507 4443 9119 374 6896 7664 3471 5074 2124 6466 2368 8040 582 6766 1606 3820 1228 134 2001 4527 4084 3935 2123 5353 1783 823 4515 8818 5933 8180 7599 7314 2943 287 8806 6314 8568 6598 9908 5536 1148 1947 3523 9204 5727 1003 7007 2751 391 4465 8103 2206 8339 3625 1143 5951 1403 1313 9714 83 446 7173 6678 4520 1517 5519 8715 2819 8305 4895 9460 9162 9211 965 5606 910 6795 1172 9369 5868 5238 8752 2435 1946 1093 3859 393 4392 2691 6734 8423 8535 3723 5829 6826 3792 5850 2046 664 8145 6750 1348 5376 37 5479 4541 5582 9095 3455 3270 3156 8209 3955 7023 119 6627 8373 606 7157 6188 1472 1954 2295 1069 988 654 7229 1710 4468 849 5318 8299 3712 8345 1870 604 4449 7527 6811 489 7746 3306 2254 4432 1104 5458 9901 2774 1388 9147
5406 4859 5424 8304 0 689 6451 4066 918 3614 6858 8400 7737 9352 7218 8538 4275 4716 9455 3571 4196 6761 1621 3161 7627 2346 9143 2333 8274 9517 3909 7269 2157 314 3198 1135 7999 111 9505 6242 3229 7905 5691 8959 576 2301 7639 5174 3158 7837 1295 8096 8126 3489 2822 7071 3889 621 5169 3135 6704 4679 2785 3076 1607 6133 4813 3712 3906 286 5546 8527 4347 9021 2560 6142 8762 9078 9255 9217 5790 7584 9314 1508 5634 5588 4075 7258 2892 3953 3420 931 6066 3795 3770 266 352 6509 546 5946 5295 8728 4770 6431 2211 7786 5478 3366 6583 4326 4192 2147 3116 3888 5143 3244 2307 6281 7922 2869 9070 1754 8155 729 7445 5797 6585 6128 9213 9337 9910 3741 987 801 3132 898 6846 3368 209 4833 8716 9525 830 6451 9727 709 3017 9799 864 4106 7960 8698 2438 7359 652 5893 9027 3035 4504 9211 2073 1867 91 7972 9567 3657 7338 7711 704 3067 2717 1244 1982 3894 687 1480 1960 2771 6412 8633 4637 4025 2407 8358 2198 151 7830 9688 9189 4316 4300 1746 3186 4791 4976 2843 3868 4790 7158 7440 2956 8076 9525 7494 5913 4212 6635 9173 3142 7866 7835 1862 4995 5000 3404 3064 6939 3246 4908 7504 6104 3084 9188 6920 9926 1844 1863 3322 2532 3213 6542 1421 1902 7179 3999 1434 1386 9603 9434 3246 540 2832 2077 8931 7612 3508 8472 4554 4661 6898
7085 7295 7467 4480 689 0 6452 7068 9311 6392 802 1031 9786 5197 4961 3058 3949 1422 7461 6577 5254 9307 3526 9003 1060 4405 8700 5295 1169 6557 7061 1077 7508 326 4085 2124 4320 4318 5342 9714 2315 3690 6253 6670 9806 6531 1711 1460 3301 5162 9404 6265 77 1210 575 6951 8012 5623 2581 2887 8033 6590 7473 8356 6979 2459 6851 2864 8320 476 6333 2412 2176 7281 7350 2647 3886 515 176 5342 5488 6736 6142 1786 4333 5718 1686 553 9161 4320 8836 3099 9391 1561 6160 6690 1050 2981 1013 9663 326 949 5442 3116 3239 7322 2706 7347 1060 9701 2800 4688 2613 9458 585 6071 6548 3585 8056 9723 6226 5486 7082 2832 3836 6138 165 6158 1860 9097 9851 4554 9324 4615 45 7788 3733 9148 8703 9282 4896 9060 7186 8984 6805 4041 3545 5424 3414 1808 825 7759 9481 883 9409 593 6598 1960 8963 3034 4232 7613 5070 4924 5194 4299 1148 580 8397 5654 9571 1618 4845 7353 8612 525 7844 2062 5481 6910 5971 8249 752 6340 977 2755 180 4473 6262 9179 3726 2627 3809 5646 6812 3129 9654 8120 8706 9885 3460 1065 4297 1975 6951 4386 7422 6194 8095 7649 2566 9954 4493 8801 7679 2700 8102 2109 3869 9129 4717 6738 3107 1944 3181 9118 9374 9632 7709 526 6911 7321 8281 3197 9995 1042 6470 4331 7518 95 8652 2070 5949 9800 5892 282 3395 8532 3050 3454
9201 8118 8896 3919 6451 6452 0 4440 1724 7412 9801 336 1822 5027 280 847 7836 1817 7471 7200 5647 67 9348 8444 5112 1804 5505 5390 1751 6696 6543 5955 4673 7218 130 3953 6935 1407 4512 9804 6166 8385 348 371 3819 3673 3564 3108 7180 8411 9079 5322 6022 4501 7427 1443 6989 5158 9805 8176 8480 6359 1291 6847 7247 3529 4889 710 753 9602 5134 9981 5791 1019 9814 1681 4627 1112 1312 9153 1139 9867 1991 6971 987 4315 4408 8742 9862 235 1259 5876 1394 7004 591 523 8807 278 6121 8682 4639 9844 7909 8660 66 7283 6721 2655 1323 839 315 5841 5196 3380 9351 2345 2844 6747 3787 3514 8875 8246 1370 4364 806 4385 9241 8469 479 9640 2199 3448 6469 5948 7779 8000 5696 4681 7694 1262 9654 5511 4731 5928 3692 9040 7297 8456 9638 3751 8807 9537 2332 470 7813 9156 5529 9468 7213 3186 4720 5687 9854 1074 5754 3331 8275 5433 8764 6520 2867 1119 3441 3213 5355 5530 7126 6396 3372 2243 8824 9188 6053 4900 2816 3160 68 8033 7032 9127 9503 4029 7032 4373 8944 2266 827 960 7536 6549 3545 6017 7538 2347 4776 2082 1929 9129 159 5315 5795 1043 7188 7627 6375 3271 6690 36 1809 8630 948 8125 5847 3391 1991 1114 539 8092 5803 7167 3097 6834 9775 5170 8876 2804 8311 8996 3625 9751 4318 9593 6928 3363 4539 5449 1574 8068 5226 6852
1681 4366 5089 2466 4066 7068 4440 0 5083 2174 6087 3462 9447 8052 5631 4938 6971 5472 9867 7114 7634 8288 8257 1811 5482 3133 7874 3804 7144 5906 4346 8903 7936 8626 380 6015 9464 8876 7797 4259 9463 5709 1551 6364 193 7923 8683 8344 3016 1927 7725 7285 4147 2591 8003 9382 8373 8440 8351 2249 7820 137 5785 2350 1892 2852 1645 6747 1709 7772 9121 3522 2178 9445 1053 7193 4959 3751 8850 8669 1732 4414 9126 9583 5130 5399 9922 4346 1219 263 6883 1541 7222 9924 1842 2953 6324 5231 3255 1448 8118 1780 9502 9345 7881 4448 3039 2674 1214 5856 7576 9965 346 89 310 6653 7521 5033 5540 3451 836 5757 5171 2094 8616 5304 8883 9816 7955 2214 9596 2999 3913 9125 8643 8718 8024 9394 5056 3981 2504 8297 8977 3506 8430 4235 3547 3082 3440 9606 4033 6732 8879 4453 851 2812 6810 8581 651 1123 9642 2082 9936 459 8994 2482 1010 7105 3521 6700 8869 6236 6502 9372 8292 7744 3995 3977 6358 1528 2865 3197 1185 9904 3795 2269 6795 6028 9335 8723 4737 890 9457 1165 6202 3717 1070 8479 2691 3062 7174 4457 863 8348 6951 5067 5876 2865 915 9825 9396 9513 2256 2357 6091 3729 6158 3161 2809 3278 6076 7955 801 1934 3450 8359 7150 1879 417 4019 5982 8320 5672 4639 4455 3665 3635 3039 576 820 6144 4503 557 7610 1071 7865 3156 7726 6385 7589
1511 3212 8785 3840 918 9311 1724 5083 0 9035 5188 3286 5430 2945 6463 131 8282 2152 4458 3250 8316 6965 2332 6729 8201 748 2623 6656 233 6130 6361 4057 4224 7619 9187 9505 9552 284 8265 3652 7153 7560 3571 442 6816 394 6590 6298 6242 9424 527 6494 7191 5719 3094 2839 9635 3812 8173 8409 344 2137 6864 1828 2740 2544 643 5313 4410 7517 7781 3004 2748 2293 6613 2824 742 4415 4304 2041 2004 5585 1767 2180 3165 1448 125 8368 1 2516 4222 5156 3060 7985 8996 8371 6206 5956 297 1413 1392 1587 7354 7054 1803 9105 1567 440 5769 9169 5646 1057 761 4014 5574 873 399 2285 5081 8217 638 8593 1016 6046 9910 8378 2720 7522 6123 826 410 9641 9009 5282 7894 2523 2001 2552 1310 9358 9962 1483 7655 9875 2251 4443 9693 9309 3060 7012 2639 1502 2965 8072 2566 8655 4518 5443 9568 6 8887 1079 9698 7501 5004 5029 4175 5929 3174 3383 3259 5557 1553 380 6876 8603 4600 4943 8032 4815 6312 5976 877 8678 4859 9435 1242 2852 2719 5753 2741 3235 3505 7776 1892 9629 285 2446 2444 7642 5409 9774 8015 2234 3666 6411 2070 4250 9765 7928 4155 8266 3108 5208 9538 2306 4046 6246 7 6228 5931 716 2616 1457 7159 5192 296 3414 535 226 7022 3820 2201 9798 497 9418 1906 4732 6314 7938 7954 7553 4070 8309 6607 4747 6491 1866 1949 4692
3120 120 9222 4865 3614 6392 7412 2174 9035 0 927 9571 3051 5727 4466 6066 8241 2491 9044 7569 9229 9616 266 7486 7285 1770 6268 766 8397 8752 5048 9420 2278 4290 7702 6405 4862 7828 5416 2642 5001 7065 6984 407 6858 84 8561 2842 4999 3483 6294 4000 7950 4833 8608 8043 7672 3622 5720 1461 1067 2080 7096 2769 4864 7885 740 8068 82 513 5613 8919 1843 7290 9988 9834 2357 6720 9300 9513 6848 3305 2377 80 2758 9217 4553 98 3421 221 1574 2040 5508 8316 5621 2737 8340 5530 2816 1917 1162 9298 2562 5057 2068 6908 7641 6728 3907 1367 2503 4011 303 3065 7597 7574 4297 2557 6889 3766 6912 7678 374 2854 4669 9006 5543 1900 7479 2536 4590 3663 6821 1851 7600 9523 346 5835 1315 8884 5506 1537 2339 4724 6758 9268 8973 9853 9102 1871 4376 6633 6637 3577 5010 6108 4288 4279 2645 1301 5961 2604 5708 2803 9941 5766 9105 504 8950 9874 9514 152 7327 4484 947 8186 2388 6756 8208 4285 5418 3307 3951 1413 2830 5202 6696 1439 353 2678 30 5222 7353 18 16 7467 5016 2414 7087 8210 3305 7991 7612 8338 2388 3837 418 3947 8856 6187 9656 5071 6804 1556 6261 2367 3950 5113 5378 8422 8978 2253 8625 308 5927 4434 4359 8625 1644 4249 3951 8848 9107 960 8982 8652 489 5109 1836 5649 4928 8806 7340 8506 1283 7756 9030 5347 6622 8988
6507 5589 9110 8169 6858 802 9801 6087 5188 927 0 9111 4305 8692 1856 1040 8702 7559 4655 7854 6474 2562 806 4349 5053 4679 707 5129 7376 8318 5062 1922 6667 2715 2790 1807 4718 9913 8138 5494 1408 1788 5057 7713 9612 8258 2447 1896 3423 4642 8026 8123 207 7659 2277 672 6286 7485 4661 7391 2836 3297 997 3849 7595 7542 8402 5670 2073 8638 7256 7920 5343 6141 2033 399 8618 4452 7819 6039 8419 2991 4713 1600 8481 6266 6144 1297 8624 4556 324 1419 51 3994 5596 450 9871 5991 1595 7194 1896 442 3042 491 7251 8329 7208 9508 8582 8703 3290 3048 3480 9838 7909 5052 3843 1974 678 8207 6583 6340 2520 5133 6584 1170 289 9432 3958 8303 6002 7743 6966 8362 1700 8438 3166 2699 1978 1352 1032 2236 1664 2978 7864 5369 6751 8525 1986 7610 2995 2274 1046 6302 7472 1624 9741 7265 9458 3355 2349 2508 4640 3145 3711 622 7436 3663 588 8511 8767 9284 4763 8096 122 1572 3638 2468 3914 6562 4275 2308 4062 4032 6307 3597 6303 4303 3673 2135 3828 2687 766 6892 7427 7067 8562 4368 9199 5966 8980 6710 5914 0 9709 4557 6118 7439 4242 2000 2181 8475 6833 9399 6035 4726 3844 1962 5910 6542 3786 7602 3863 5329 9151 281 2206 9561 1544 3191 4637 1386 1498 8350 2437 8617 9783 2746 481 7333 5382 7793 9619 3121 319 383 8079 8435 1810 1259
8785 3151 6678 9993 8400 1031 336 3462 3286 9571 9111 0 6182 3853 4080 152 4918 5834 8860 1447 1358 1103 863 2424 6491 3169 4047 818 5449 9391 5129 7541 495 6157 9530 8345 234 4559 8499 6876 7374 8436 621 4956 3482 6504 4289 5708 6861 3330 5976 1105 6563 4984 4018 2148 9072 6559 3582 8687 3544 4245 7911 9209 9779 6078 9160 780 7815 5854 8327 2413 9832 2825 6678 4580 3060 4127 9690 7578 6955 672 1409 6991 8345 6674 7627 8109 7602 7444 7696 1404 8706 1554 3750 175 922 1782 6310 9012 3369 1320 4568 67 7423 7512 9431 5065 1502 5512 3694 8987 499 6935 3453 1256 7989 3800 5575 8033 465 5400 1240 4473 426 920 8668 6523 8037 1623 3093 5089 9702 5065 5492 6537 128 2824 5928 5209 1400 5720 7130 1923 2563 2806 2277 2069 7460 1792 1742 4819 6983 4365 2946 7171 5497 5110 8264 5739 5846 7464 6518 1766 7270 7271 9449 3302 4454 8999 7408 8927 6136 6305 4036 6876 1930 7487 6640 2147 209 3688 1455 2188 3809 8497 8251 9201 7725 4356 7643 4527 4968 7200 2414 2412 7593 6230 2505 1887 8476 4573 209 200 9863 2865 3883 585 8602 6810 7232 5853 92 6866 9344 2565 1376 2309 649 3179 997 8491 1245 1203 6072 3604 9436 5465 971 932 7204 5254 2706 2975 3785 5335 8403 3952 3410 4443 9417 4845 2247 4489 757 5000 9989 9702 7018 3283
1722 431 961 5665 7737 9786 1822 9447 5430 3051 4305 6182 0 6288 292 1445 180 9663 5780 9703 3594 5555 4264 5988 2976 1869 7566 6153 6436 6965 5554 269 9528 8883 4183 2685 5121 6609 4069 7815 9177 2101 5479 4017 96 4913 4009 1379 4910 1418 7491 7582 8771 3025 9212 6196 3780 3036 2731 1091 6683 4442 3625 7114 5380 758 7409 3501 8405 1597 1764 6053 6327 6336 9086 9534 484 5363 4827 4517 8159 6041 2044 389 5097 1375 1638 8105 2085 9396 2919 8447 6734 9933 7836 4341 1962 6259 131 3740 51 8253 9292 9764 4695 3903 5494 2499 2998 3743 6197 3685 9839 2674 9602 9319 554 3782 9465 6629 7206 262 2685 3533 6553 3497 3325 7074 7441 2851 5879 8871 1881 2573 408 4973 1531 4924 4363 7123 6165 9715 4485 6869 5387 4467 3670 4510 4272 3040 9216 5283 1307 6294 6542 9206 579 9444 5774 6720 3730 672 8809 1629 5693 2202 310 6002 7810 6818 428 8791 6842 8009 5452 7019 3501 5124 9257 7108 5523 9134 2163 5633 8120 209 2670 6315 9474 117 5333 9663 4832 6292 47 1604 4358 6418 8881 7203 1233 9252 6547 7842 6931 1777 2303 9902 2816 8795 9427 2482 5466 3746 3221 6508 9165 2669 268 8665 9536 8826 2979 2554 9123 8588 7666 8300 7481 927 4592 9114 9741 2558 2745 9672 4380 9077 3066 6297 2242 8295 5083 5930 9328 8761 8150 3639 4718 4575
6925 9523 2463 6864 9352 5197 5027 8052 2945 5727 8692 3853 6288 0 7163 6145 6195 9579 1950 1388 6633 4039 865 6837 4612 3354 3430 1891 5317 462 26 8003 6670 7738 2098 39 3927 4474 3778 8604 1787 513 2970 4977 2947 6914 4904 1623 9512 7744 1596 5019 2112 4970 4962 722 6685 149 8559 9733 85 4940 3880 385 2960 4767 3490 2962 5130 1832 1607 9815 6989 84 4580 7192 5433 2014 8372 6118 8620 8914 9781 6281 9918 839 6543 291 2927 4388 3424 777 2507 2956 6675 9189 5966 9391 383 1166 3898 2869 6861 8446 2748 2874 829 6776 956 9256 9697 5124 125 2227 6634 4328 717 1342 1912 3977 3234 6788 979 6364 8151 2220 521 4573 8926 6631 6946 7018 8026 3164 3303 9379 8217 8453 448 1048 4335 3056 2550 2265 294 3650 4474 4159 6675 3340 1270 3459 6109 7349 1859 1380 2217 3303 8722 8917 657 9376 5945 5145 6430 9281 2639 5825 3515 6877 2375 5817 1154 5008 5159 6483 9292 8189 6738 3993 233 1407 6468 4837 5209 1081 465 8683 5454 2420 6083 7654 3680 2091 3408 6368 6170 9599 5969 5896 8389 5290 6503 6092 220 6022 7098 3331 7234 8491 1462 7180 6364 8413 9148 4126 3009 9282 4624 8207 4037 44 9022 244 2912 4991 8191 1541 9134 1747 8843 4287 7465 7620 9628 6176 1277 2449 9076 7654 2025 738 3541 1462 6733 1251 6920 7158 8907 4243
9868 9737 2429 5093 7218 4961 280 5631 6463 4466 1856 4080 292 7163 0 2950 8756 4270 2868 5122 6919 1823 9921 1714 5718 8589 6282 9428 2832 4017 9164 5886 4329 8876 7781 5494 4054 3602 9377 2350 7078 1395 6011 5039 3484 8659 1420 6247 7192 6642 3325 7302 2719 9961 1234 7060 909 1706 1050 9298 2811 5188 9206 3247 5429 1601 6092 3914 1914 6066 423 6383 9326 2565 8756 9698 1573 3740 9148 5427 974 9931 7112 8630 7934 368 459 5759 3535 4477 5239 6335 7559 9185 8134 5632 1039 410 5965 4241 8102 9792 7172 5802 7145 6187 3871 483 1720 9818 851 6717 2769 9210 7162 5059 6440 355 3980 7003 9880 31 4641 2243 5800 3097 3029 3547 3674 4166 2092 247 1319 4740 9155 2965 2293 9193 5915 4337 3862 6651 2780 1599 5488 5841 7423 1726 9525 6972 3416 5374 3978 1781 6534 200 5942 1527 3267 2880 9115 3226 922 7021 2470 1302 679 6834 7667 6886 7691 1819 87 1394 7905 5592 4656 7550 8733 2583 1082 48 8193 3152 851 1158 1276 875 8409 4454 7283 4231 1616 5835 8232 2464 606 3177 7278 9278 4195 9577 3945 3802 2221 6189 9441 9197 5136 8674 8598 6397 5357 5565 8716 8048 7209 2818 135 6196 545 3181 3687 4343 9916 6954 7131 3974 5058 4276 9068 2189 4218 6272 4571 8654 2332 3073 7910 7800 3302 533 8271 375 7061 5299 4915 8468 6020 196
6979 1493 2862 3616 8538 3058 847 4938 131 6066 1040 152 1445 6145 2950 0 8865 3765 4613 8909 2520 6594 7329 2264 5293 2620 9501 3754 5637 3637 4662 1022 7936 2227 6779 1406 7884 8890 1727 1596 7304 8475 2996 4645 6742 2114 8779 7999 9099 6717 922 8217 2445 2654 1409 9438 5345 6091 7977 8446 3475 736 3032 7568 9723 2286 6091 9738 7228 2993 2676 3810 4322 8987 5053 8132 1894 4057 9755 4255 7110 5474 6788 2057 9561 5819 9158 5882 2304 6437 2062 8502 2834 8100 1620 7870 157 6146 5916 5399 5402 6329 434 3721 4083 808 7018 3161 7105 8583 4517 3795 3904 8628 8928 5129 2621 3089 9116 1451 8110 6071 455 3700 1582 5927 5260 5583 8279 8478 3847 2820 1918 6708 8387 317 3957 8172 9498 969 7061 4021 410 4217 1302 5705 8040 5399 79 2188 4573 5493 4024 8667 9025 550 4984 3625 8546 6231 9893 3101 5076 9423 752 2539 6991 976 925 7422 993 8309 781 5877 5168 6253 2526 3277 8574 3154 4744 2157 3666 6936 348 2391 5744 6970 4180 1138 1852 7222 8688 1085 4613 4267 8047 1967 5200 8856 6650 7650 8667 8051 3832 287 5356 9276 3636 5298 8500 5452 1109 5143 5795 1986 9364 9413 5553 3451 6432 1046 9243 6593 4413 7737 309 5433 1554 9788 3964 5746 8426 562 2719 6425 205 3265 3702 7887 822 8124 9947 1219 1743 7681 9407 5677 4195 8328
8690 4255 5319 1330 4275 3949 7836 6971 8282 8241 8702 4918 180 6195 8756 8865 0 4079 5815 2854 8357 4058 5492 9027 5269 1202 8359 4824 9091 29 6963 8988 3875 719 7688 6496 3805 1134 4731 6594 805 5855 7538 9491 133 6108 5832 9966 209 7726 7260 4735 163 4417 5561 6078 4293 2676 4934 4048 1520 5128 6355 4802 6745 2956 4421 3997 1071 3491 2060 637 4848 4681 4002 4177 6222 7891 4817 4939 9127 9251 8653 6427 5655 4116 9307 8381 4697 6838 7543 9313 1555 3920 8357 1696 33 3613 7494 2489 7871 136 1146 4351 3417 990 8242 6024 5939 1102 2432 5387 9002 1960 6146 3159 7031 9856 6918 8855 9115 3394 3982 4439 465 9087 2007 8246 6105 3391 577 5418 5851 2840 9536 8057 9158 7340 4648 350 4402 4042 7939 6678 4020 4144 8747 5847 9291 5576 1652 3074 6795 8360 9180 1014 9956 5554 3972 2094 8239 7993 9507 4095 6812 1754 8893 4808 2600 708 5721 684 8309 7961 3741 3930 1065 7485 1 8311 8478 9548 323 556 6367 9289 5252 8715 9182 2164 3461 8887 6659 9595 1858 7641 3068 4612 6994 6309 3992 3860 6845 7110 7607 406 6920 1712 8410 2837 4443 8080 3623 4853 6745 445 963 5892 4161 4448 4278 4004 8054 2296 1354 292 4797 3823 6733 5031 7878 1908 2404 1383 3529 4707 9430 5086 2383 4952 4810 2126 8141 3821 7186 9836 7106 409 8887 6547
7611 1087 1001 8408 4716 1422 1817 5472 2152 2491 7559 5834 9663 9579 4270 3765 4079 0 1723 3841 8339 7278 3487 8174 2428 4257 7925 867 8786 1135 9393 7658 4886 5782 1328 3905 7092 6564 7428 5777 2187 9128 3518 2552 6319 2005 2867 1926 3166 4061 6444 7702 5498 8701 2176 4639 3554 2923 2836 7452 2813 566 3362 2538 2818 8338 3176 3216 3513 8073 8392 7969 2354 7604 4563 5661 862 4425 998 9849 1329 7131 7742 3052 6679 2538 9587 2416 5378 6279 2291 9740 4203 9256 3407 2142 2304 9456 1910 5958 3169 4679 8342 1797 2326 9129 1039 8913 1128 3676 9638 7211 2304 6235 8946 1660 1841 5425 5337 3821 2070 3627 9066 535 1590 6254 4545 4416 2038 2754 9561 8128 9871 9215 9184 2049 3545 5257 6411 2057 8547 929 2406 9236 4002 1298 3354 3709 7551 4042 7096 1423 8401 5403 8040 7706 3592 5943 9467 1615 4554 3528 9145 7360 5165 9707 2427 9883 75 4097 6930 129 5210 463 4709 1930 3304 1327 6810 5950 2037 4570 8968 7271 1170 8557 4294 8564 2741 337 3421 2725 9479 4439 1669 629 5912 1385 4840 4081 93 3704 6565 1517 6814 4484 8750 8502 9928 16 4767 9836 1195 4606 4076 2085 9443 5769 3104 3528 7390 8192 4307 8081 7096 2996 6413 7230 6947 9516 7876 7519 2271 497 7222 4152 2976 3973 956 5462 7281 1746 7179 9672 9562 5389 6534 8592 8390 4511
828 3058 1219 3066 9455 7461 7471 9867 4458 9044 4655 8860 5780 1950 2868 4613 5815 1723 0 5992 9440 6103 973 7563 8249 2445 340 9610 9355 834 9769 4112 6780 2724 9396 3058 8736 8183 5025 2393 8841 1333 5984 149 5765 9137 7950 4492 8892 2361 771 6392 8778 5126 8653 923 1853 5441 2867 8337 5080 4156 973 6415 5711 6237 6790 2970 4568 3804 67 7237 5880 9131 2419 8967 9123 8566 3516 7966 5248 1405 6154 7083 6472 9785 312 1039 1658 4746 9137 6409 9081 9085 9484 7604 8285 1154 8940 1374 1349 4864 7987 2065 2383 6370 8984 1122 6993 9509 2535 5033 5135 9864 369 8808 804 5191 6757 5836 3150 2422 2076 9052 5852 7720 9425 5120 9879 3540 9050 3389 670 5980 455 1384 6880 5240 4133 9507 8652 9273 697 1694 4302 6401 6767 2255 2478 8710 9285 3309 281 8938 554 7448 5665 2761 4352 8102 5384 5699 5180 4065 3017 8321 523 2260 9512 4680 5891 6244 7537 6298 1787 772 236 2580 3892 2170 3157 275 1091 4229 812 1188 3148 753 6605 8155 4476 853 8 3333 288 7229 7458 8194 3976 5498 7690 9820 2710 8423 4718 6583 9370 916 3052 6650 8710 2571 9342 3411 7870 4155 6037 4299 8352 8706 3688 5817 1671 2465 822 1157 9874 6309 5326 5155 5569 4541 3875 6425 8288 9941 6516 4930 9706 2601 6204 8210 3513 9394 7246 4900 1826 591 5083 5283
9086 4810 9766 9899 3571 6577 7200 7114 3250 7569 7854 1447 9703 1388 5122 8909 2854 3841 5992 0 4097 2038 5842 4014 8303 7195 7130 3242 5569 174 9325 6855 5485 1992 4145 7458 3676 6735 781 6025 8019 2297 7600 3410 4407 4943 6886 4453 7973 4936 8993 3218 4886 6586 1598 3454 7630 1001 3556 3783 738 4253 3443 5957 6064 3104 724 6484 5922 5840 8593 3065 7481 1435 7285 409 7720 7210 4729 9792 8019 6658 9848 9012 4372 9818 2357 2614 1002 7557 3253 9156 8564 1946 2410 4396 7640 7493 181 2183 2 4777 5795 2659 458 5667 9134 4831 8492 7383 3598 9187 7933 9306 1334 474 8668 1653 6003 7139 3530 1484 1867 5671 5448 6589 4233 5804 1650 6100 8515 8262 8464 3312 9291 9830 1544 4608 3924 6910 2509 951 724 7980 2509 6563 8605 9998 5155 8657 238 858 6272 6389 4957 2537 2221 4893 2649 7640 8741 3180 8083 1908 9071 3668 8157 6364 169 1852 5790 5832 8331 1913 9312 4504 9171 9870 8863 5226 1117 738 4050 8388 315 1494 5143 9759 9706 3408 9165 7284 5626 8954 8247 5243 3910 7804 1991 6591 4477 9277 8273 6867 2270 9186 1700 7700 4675 6971 7461 816 1695 8505 2073 6290 8393 1195 146 8266 9773 5701 9948 5848 4610 9769 2495 4308 3926 24 6469 5594 449 1385 3228 7863 1952 90 4184 8697 4269 7067 4445 9510 2902 7347 2517 4618 84 9627
1248 7520 2828 612 4196 5254 5647 7634 8316 9229 6474 1358 3594 6633 6919 2520 8357 8339 9440 4097 0 59 5569 1720 5939 7100 7073 4172 5390 1546 1490 2466 8862 5553 6617 3083 7732 4721 2313 8788 4049 522 8661 790 7820 5453 5912 1869 7806 4521 6350 3525 1907 5237 2858 534 8295 9185 7944 1367 2821 7773 3111 9746 587 2724 7604 3789 6244 4926 9545 8710 5063 7369 8692 9761 22 1281 3588 8677 8021 9228 3903 8754 3252 7246 7914 312 9459 3247 7742 9655 5841 3236 1402 4008 708 67 1977 9766 7696 8286 227 8398 8060 1739 4427 562 8446 3710 1821 9730 6758 4810 6897 8891 9245 4450 2586 2545 9175 8765 1282 1768 9877 1066 7484 1603 3055 9062 1617 4505 1716 4690 3503 5125 1392 2044 1730 1624 1068 6018 9625 8919 5167 3114 5385 6930 1376 5645 4503 4741 3555 1147 6119 5284 9923 5589 6688 8052 5289 3451 4174 2473 7577 86 9431 6725 1295 7542 5907 1561 8230 8911 587 2379 2710 625 2946 7091 5297 218 1734 1809 4191 5163 4118 37 3312 6638 5830 5049 3409 9711 6097 5275 695 7440 6281 8251 7206 3189 7641 7609 5348 3535 929 9189 5437 2571 7476 3808 6045 375 3387 553 9453 9478 7394 2980 1310 9040 1076 2116 7438 7692 7997 7962 4046 7386 1516 7850 2475 3056 2709 1967 1868 5373 4956 6877 9361 7239 224 942 8986 6044 6533 7269 9547 960
538 602 5414 58 6761 9307 67 8288 6965 9616 2562 1103 5555 4039 1823 6594 4058 7278 6103 2038 59 0 3328 3906 1129 2172 7051 8816 2567 4008 2803 4255 6108 1002 8128 9291 243 74 2614 6969 5304 8815 7056 9520 7517 6974 2906 9252 5770 6636 9085 9266 1639 293 5809 2215 6500 6105 5412 8980 5164 3520 3923 698 3079 1638 7676 5980 4992 6795 1928 6054 6959 9022 1988 4293 3219 2189 5325 4106 3673 5977 1791 5983 3112 5051 1164 1799 8390 7387 8644 8612 917 7953 5463 8789 7312 2963 9643 7577 1386 2638 329 9229 8524 755 7478 883 2129 2334 1277 5403 8355 4293 8646 8519 7324 1630 1162 2951 2569 1914 167 3941 3247 4735 3587 8935 9959 2994 1549 9125 612 9931 2077 6392 5039 5511 5078 8299 3897 4052 8385 5533 1365 6279 8304 6910 2989 723 278 2669 2625 2744 9605 1423 1736 4177 8766 5368 9678 3977 5698 6458 5993 246 6091 2771 8566 2963 2889 1 3090 5842 5448 9601 2261 353 825 6336 9897 123 7309 9683 6464 8197 3529 951 935 7919 8508 39 263 3094 361 3040 6742 8497 6400 3214 8922 1079 6140 1380 2932 8984 759 3129 9959 3192 5562 6589 2206 5039 4557 681 7074 6384 5793 7246 6664 5788 2694 5798 16 7818 8915 5165 891 1703 3978 1979 763 9101 3462 9857 7987 2906 7396 9403 2909 7056 4647 657 9308 9051 6987 7778 9847 997
3178 6159 43 1755 1621 3526 9348 8257 2332 266 806 863 4264 865 9921 7329 5492 3487 973 5842 5569 3328 0 7072 5661 4084 2824 8194 4789 4095 3842 4694 4141 3819 5392 5172 6214 1946 3740 329 8973 2 9202 3325 8619 9953 3050 7715 4406 5836 1802 5412 2435 4201 8308 3888 2240 3398 1812 6620 6788 2792 6801 5443 8283 5955 4498 9731 85 1828 5497 7518 7712 1646 3768 2221 6225 8683 4531 2929 7415 8772 1968 8914 8187 7094 979 2105 3014 5244 5513 4008 8158 5987 1370 7735 219 9155 1237 744 8909 2093 5876 1521 287 308 4294 898 5674 9612 8653 9305 9047 9014 2611 2040 7441 364 1979 9125 5542 9800 1778 3058 968 8705 1497 9341 2409 3954 9626 3459 8329 9349 9294 261 7823 5188 8706 3150 9719 3007 4269 8860 3650 2908 2492 2106 1243 2416 3310 3575 9163 2897 64 8389 4016 4891 2416 4769 8579 5813 6189 2218 8266 4556 3049 4654 8663 4708 9464 61 5579 7015 1829 2989 2089 8243 8008 9911 190 2072 3096 6163 9904 1653 3536 3267 8587 109 4695 3267 6800 3997 8867 6038 5334 4577 216 5599 2803 3048 1495 8921 998 7493 1604 9004 5228 2045 1823 2035 9462 8642 5844 5760 2309 9526 3951 2582 3228 387 1577 1576 2433 3709 181 5707 3268 2199 5022 5430 7689 871 1180 5693 5070 657 6798 9996 195 3367 2457 7094 1610 1600 8293 7482 4396 4132
6600 3449 6222 2832 3161 9003 8444 1811 6729 7486 4349 2424 5988 6837 1714 2264 9027 8174 7563 4014 1720 3906 7072 0 3955 1778 2093 2985 8624 5158 720 7796 4977 1045 2854 2219 8200 193 9572 4650 1226 4292 3922 7360 5834 6394 2195 1646 2670 2379 3776 3114 1123 574 1194 8514 9433 9157 5810 5973 8288 7718 40 3984 2884 5477 1345 1045 2461 1580 3094 535 3567 926 4697 7270 2468 5480 7267 2177 832 7375 7498 2706 3301 4995 3056 4377 4 9768 664 4718 4743 3788 9016 7703 6875 532 5207 2653 9512 8122 7986 7690 446 6884 7418 8120 1781 9950 2154 774 8133 7187 1702 9026 4976 6165 8029 3578 3255 2236 6942 3473 392 5980 6794 5307 1202 2678 2160 6208 8001 626 8411 888 4683 4449 8078 4693 2052 4305 2984 3724 1666 8455 3395 7241 7231 67 8097 3237 6982 1887 236 4278 5151 8368 867 2825 5106 8767 8109 9938 5185 3038 5226 3893 2056 3501 7050 2529 2930 4661 8052 3351 4965 3576 4978 2764 6678 5307 8442 6432 6237 490 4088 5457 2437 2450 6877 1881 9111 4070 2175 6812 262 9878 4203 8700 6592 7505 9259 5745 890 7985 7290 5748 3107 904 3827 6868 6731 8185 410 5314 3628 8309 4758 6239 1647 5892 4182 5219 4316 6165 2693 8008 8582 2340 6760 4042 7513 562 7059 9583 5367 4817 6598 7926 7019 4788 7909 486 8100 9209 1956 8654 9 8739
1059 4908 1395 8877 7627 1060 5112 5482 8201 7285 5053 6491 2976 4612 5718 5293 5269 2428 8249 8303 5939 1129 5661 3955 0 8774 1857 7127 8025 97 625 2574 2416 8832 6504 1973 5250 4386 2388 6238 4094 284 3469 444 2902 5103 8966 7800 7562 6902 54 1654 4347 609 5464 8901 4438 1782 5252 5374 4433 2876 9080 5687 192 9885 2808 961 1731 5575 961 7561 5000 7968 710 5490 7814 6028 4269 1711 8644 9619 1754 4494 3765 8419 1746 1124 8420 5862 1265 3444 9412 2005 4967 8683 6148 7870 2134 743 6560 1112 6993 8004 2651 279 8101 66 7620 2963 4200 8510 2465 337 7019 8797 2143 9715 7225 4138 5065 3 1681 4995 2081 9949 2269 6947 5588 3369 3188 7126 6637 7256 150 47 5356 2984 8567 4031 4319 451 3441 2995 3065 7850 4784 6541 616 2315 1549 1562 3279 7194 4408 9229 6670 1792 568 1586 4580 1949 8902 2732 1041 3137 8434 7103 2151 3204 6201 7366 2465 5180 9678 4258 1399 6576 552 8806 3229 2223 7761 5332 4467 6993 6534 6462 2090 8925 8861 7774 3412 348 7435 6498 6455 4839 4738 5514 3181 3559 818 9846 9469 6964 9443 1958 8142 2508 3061 531 1970 5479 7416 2744 4893 4477 7333 2750 9490 3719 7193 3936 1840 1884 5237 3652 9163 1894 343 181 1997 1656 5725 1258 8051 2141 2729 6735 1303 9996 1580 931 9393 1411 2623 4002 8560 9534
2903 9835 257 2938 2346 4405 1804 3133 748 1770 4679 3169 1869 3354 8589 2620 1202 4257 2445 7195 7100 2172 4084 1778 8774 0 1848 8401 8250 8809 4000 5300 1345 7765 9636 9291 4347 9121 1325 8159 4902 5776 1374 5709 9140 6444 7130 3544 9028 1301 5261 8412 8124 916 8445 432 3065 8795 7680 8778 1787 2972 6635 4247 2443 8082 3469 2004 4572 6980 1101 8587 4596 8961 5426 7598 8180 4093 6157 3667 6797 742 6933 2126 153 7507 7515 563 8574 5164 8671 2086 9917 1495 7125 8892 9749 520 821 1619 1506 3704 7353 269 2960 7785 5150 8267 9111 9806 8286 6012 8018 3151 966 1854 3429 894 5927 4383 8035 6944 3282 8722 3627 3159 425 4633 1312 7505 6011 1644 2214 4594 9999 800 5291 4728 5505 586 2066 9580 1938 3345 5827 6714 3957 1400 2423 9606 6370 6076 6412 9316 5201 4855 6446 2360 2092 4905 8841 16 2053 1904 1301 6538 2909 458 726 4688 137 6129 1338 7993 9120 7878 3319 2678 8131 2783 1429 4379 3702 3873 7791 6995 9440 8501 4076 3255 6071 1935 4234 7708 677 2224 1532 2388 3528 2349 1334 9523 52 3278 8497 4833 537 4860 6754 5388 8390 3271 6606 3017 1081 3760 6895 3885 2059 391 2096 3134 6477 5933 6039 4767 4554 9458 1081 8683 7308 2107 6215 4283 7287 9591 711 2801 3806 3710 8703 6204 567 6256 437 6975 9066 9987 7663 3295
1031 6546 1721 7070 9143 8700 5505 7874 2623 6268 707 4047 7566 3430 6282 9501 8359 7925 340 7130 7073 7051 2824 2093 1857 1848 0 665 4643 2015 8891 6244 2082 8902 1914 2677 5178 5335 4670 5728 8307 2961 5090 2503 4948 5696 6042 3312 6593 8706 399 9019 7154 5424 6939 8375 4019 5509 7228 5814 3676 7768 9454 9293 148 2229 5675 6222 2804 2176 2117 3488 6104 2442 7075 344 7357 2517 4187 1500 4007 9874 2355 2844 1029 541 696 3860 8479 7526 3139 926 2721 5773 7059 2291 1984 4720 2732 7227 9110 1413 2208 6824 909 9601 9564 6192 5991 5320 2413 6330 1191 5275 5025 3329 5048 2448 2239 9903 1393 5718 6152 4018 8307 9734 4048 7699 744 1790 6466 1753 2380 1241 5547 2233 3140 1813 6313 7636 7412 2476 7109 155 5533 1063 7125 7173 5618 2941 5097 3580 133 4692 4491 3726 3005 7699 2949 6464 7882 6657 3127 6395 5864 3980 5583 1280 7163 6372 9110 679 2054 8411 5945 4506 8911 4417 4515 5078 4343 8603 8408 7138 9012 4836 2235 6779 2975 9542 1059 3044 3717 2037 1065 416 7828 7139 6268 6134 3358 8562 6143 7723 5764 1282 2081 7207 2146 5674 3428 7440 5534 8039 6521 2850 4797 4819 6677 4078 7656 8320 4459 9208 3831 6123 9856 662 6593 1556 2496 8676 7761 3558 4835 5308 9589 4066 6051 9420 2179 3318 2799 8167 4240 7942 7050 8156 7003 9318
3006 5841 7019 5040 2333 5295 5390 3804 6656 766 5129 818 6153 1891 9428 3754 4824 867 9610 3242 4172 8816 8194 2985 7127 8401 665 0 9781 2362 4944 3173 9610 5463 4002 1991 2820 1147 2172 1939 7030 606 5741 317 5723 9098 3995 9261 7993 2819 9885 5595 5347 5116 2100 5822 8179 9590 4851 8482 3860 7447 3878 3493 6171 2281 5693 9153 8954 5785 9659 8492 11 683 9858 3374 253 5995 2240 9858 686 7370 655 4585 9542 9510 1869 8885 8460 8042 3794 1629 2812 7418 509 6021 7154 4746 9016 3036 9290 1051 3498 578 7254 5221 1734 2934 8471 1095 8073 6024 7427 7303 3597 3860 7876 4558 393 5592 2969 1070 4530 7422 8235 7743 7367 6389 7833 1548 4632 907 7990 9148 6929 9350 3579 6465 1378 4141 5780 9454 3963 4892 742 8250 4493 5184 5904 9462 3452 4831 9292 3744 5978 9506 5018 2611 8362 26 4401 5465 959 921 1614 1320 1975 9383 8225 3395 5978 1910 9996 2771 1459 7885 3723 2450 7217 3237 9033 6198 3997 5574 8292 8144 4990 3794 9499 8994 1319 9644 2723 3911 2355 7141 1710 7882 8722 9020 3310 5271 2227 1547 3304 3502 4754 900 1831 6637 2679 2543 3247 2560 6741 5799 824 7415 8708 8229 5027 7846 8191 6008 9463 2992 6332 7033 1056 1114 717 399 8606 881 1326 5963 288 1082 4768 7573 2599 8148 5505 8629 8080 7348 6107 7169 1685 4490
4141 5791 942 6903 8274 1169 1751 7144 233 8397 7376 5449 6436 5317 2832 5637 9091 8786 9355 5569 5390 2567 4789 8624 8025 8250 4643 9781 0 8855 4671 5812 2622 8457 1275 6361 8037 2702 799 2429 3774 488 6360 9692 1054 2599 8162 4782 6280 5499 99 855 1497 6304 6489 1550 4363 6857 3101 1441 2633 9684 9753 495 4889 6973 8587 3857 9114 957 9797 1927 8859 1617 3565 2332 1690 1253 2266 1862 2356 1295 1130 9181 9503 379 6378 44 4945 6546 3160 5684 5616 362 5032 5398 3982 6942 3456 3938 5762 8449 8728 3231 8972 7618 8426 4359 6834 3487 9859 8181 6749 5814 4375 2535 3820 7844 6277 7922 7078 2234 1169 1380 5520 2144 8087 4134 6628 133 5405 8352 9810 9056 1689 1633 4980 3847 288 6618 1061 6037 628 3928 5728 7483 7045 3075 8415 2687 7254 7677 5811 4982 4705 7872 6075 5510 3400 5997 2660 6238 862 2381 2893 1286 933 9398 2455 9219 2250 4878 7338 3528 7912 8662 4996 599 1299 6329 4928 4845 2298 4443 6776 5556 7951 5693 856 2898 7959 4121 3509 4803 3454 2093 685 1190 5236 1200 2978 1020 3804 1956 7719 8917 1424 6652 3138 4008 6819 4322 1692 5848 2985 6034 3630 4734 7847 5664 7927 2530 4115 4070 699 9230 3492 4784 2166 2593 9467 1852 3364 1730 3524 6386 831 2082 3647 5162 5398 2908 4627 9137 4368 8095 4266 9659 534 5969
4209 8745 1825 4016 9517 6557 6696 5906 6130 8752 8318 9391 6965 462 4017 3637 29 1135 834 174 1546 4008 4095 5158 97 8809 2015 2362 8855 0 5438 9210 6585 9196 6490 8385 3835 2462 1554 5037 7901 5379 5786 1718 3180 7588 4262 5026 5351 3013 3692 9952 8331 891 9784 2242 8508 6567 5571 9212 3264 6870 6244 6696 5259 2199 8072 3095 2096 2984 7116 5051 1700 6868 9013 628 8058 2792 5174 634 6391 5687 9942 839 2674 4784 5232 1083 8405 3517 8683 4151 1287 2495 1092 1517 9519 2578 1638 8806 3610 6622 2014 5907 9805 4191 7010 6479 4614 8651 9962 1778 2705 7622 1309 5090 4361 7689 2111 7151 6988 1270 9739 9141 5793 7979 7420 9308 6039 2525 5792 1940 5432 5962 8608 6300 539 2921 1943 3802 501 2258 4938 5009 1630 4036 1051 5438 5194 4831 2404 4380 9720 2810 1100 255 5858 5729 8971 4878 64 5634 2709 9706 5524 882 2340 8168 9419 5600 5334 2462 2852 9166 936 8630 9041 356 3886 3504 5303 6230 5517 1713 7331 198 2470 2772 2519 2605 5261 7555 6943 1012 8811 9809 7997 31 7128 5541 6700 4515 9724 8727 562 4339 6819 375 5096 106 3325 6215 5285 1802 9946 5300 6348 7682 1645 1681 937 7728 2492 9041 7319 7359 5831 553 9904 8287 8237 4469 8807 613 2481 4553 681 185 153 7027 8107 2544 3634 7183 3863 6943 1957 5547 8265 2192
2743 2067 1465 4158 3909 7061 6543 4346 6361 5048 5062 5129 5554 26 9164 4662 6963 9393 9769 9325 1490 2803 3842 720 625 4000 8891 4944 4671 5438 0 4310 4260 7623 8871 1038 2523 5541 7358 1106 4789 4297 7689 3220 5107 9709 3525 5216 4654 6409 6744 5469 3416 9483 719 8200 7610 4479 4238 5381 7544 5087 9614 530 2333 1023 6575 9354 1053 9888 675 7522 7343 5639 5903 7203 2787 3215 7679 5876 4573 3286 4933 3529 1435 3475 3064 6958 5989 2194 5851 58 5707 5794 8927 127 5883 6238 5320 7682 6597 5608 8117 3406 62 6538 9100 2653 725 6660 7381 6471 6939 715 6924 4400 9474 6726 7205 6272 4298 2528 4136 1262 3620 7819 6401 4014 2707 2503 7072 391 536 5158 4642 6788 9596 6135 9652 5918 4305 5619 2174 9841 3600 6934 4238 3884 9179 5913 5701 1157 7575 2526 1106 3061 2769 9268 2046 6075 4496 724 7734 1934 4674 2972 9411 5981 6094 1770 6067 305 2066 8145 82 3279 7321 3368 4412 7371 386 5840 5473 7515 7938 4932 2434 2244 2426 7427 4399 4140 6281 1605 9866 6756 712 9277 8676 8402 8067 6363 9932 3581 9551 2351 7297 8169 9464 9372 1658 8822 5946 8577 3311 6833 1751 6951 4010 638 602 8042 9539 9194 5418 5045 2070 8718 3147 1362 3523 5348 4234 5370 2845 3689 9038 9154 2472 7233 9320 974 1328 8443 8928 9664 1940 9077 3516 2383
9383 8472 5966 4809 7269 1077 5955 8903 4057 9420 1922 7541 269 8003 5886 1022 8988 7658 4112 6855 2466 4255 4694 7796 2574 5300 6244 3173 5812 9210 4310 0 1803 9402 4737 3402 4088 1425 5496 4890 8888 1526 6305 1947 7455 250 9504 8215 2199 5196 8281 3259 9224 2123 4420 9979 8090 2977 6849 8702 4682 957 9940 9707 2985 4707 2928 5445 887 5903 2640 1655 1070 1562 3872 3095 7239 7703 9295 5453 3493 3623 9167 5828 8661 6154 4442 6110 8790 9989 2297 514 8870 4819 3655 5250 9515 678 3582 6506 947 4485 3184 1171 4938 7432 6222 1980 3035 7527 5989 333 2439 2955 8994 3093 2308 8741 2468 6902 7259 7511 7042 1156 3976 4010 9191 6016 1334 2605 317 9271 8130 3909 3977 7190 3404 5245 7667 7576 6776 6111 3511 5929 3692 6541 9058 7589 6383 2279 3276 9581 187 4709 9578 7828 3578 821 9319 7202 6463 5512 9155 2003 1829 6461 7552 2353 533 2846 6559 3636 4996 6815 5940 9661 524 7484 1078 8164 3091 2960 2290 1581 4851 9504 4394 9484 183 6625 2807 5084 7006 4129 7223 4204 4636 8303 9439 8356 3365 5534 8104 1889 1329 9145 7292 2514 49 3369 7216 7860 437 3029 5149 973 4302 1533 2950 3055 8829 7383 6233 6324 2137 2178 5160 2201 379 5508 6864 3986 5169 3013 3193 3891 8279 7698 3100 5967 4794 4593 897 2437 4561 5916 4983 9244 2224 5060
