150
0 8786 5794 4997 6937 7204 5313 273 4156 5036 5323 2827 4444 8727 2310 5077 9583 6845 1409 1217 7767 5298 807 5686 3090 6740 2364 1799 984 6173 2184 2068 8377 9516 4883 8838 5939 8609 5148 2748 3650 3784 6463 921 9747 5689 806 2600 791 5112 3271 861 3431 571 7247 7583 4453 8265 9866 3469 363 6383 5377 7870 8106 3381 7842 1425 3707 9607 8015 3895 7910 9600 3285 4742 1598 8642 6152 3100 9828 1138 7216 201 7615 5313 8324 6803 3302 4840 6557 1893 6850 1356 2171 886 9332 1772 989 3784 5759 418 8542 2608 1791 47 2986 4073 3976 3412 3117 7054 1967 2845 6890 6824 6313 4041 5494 7300 2585 1107 8752 7700 3683 624 6196 7604 304 5247 5386 5696 918 9482 1360 3475 3276 9065 9702 6361 9675 9825 6078 956 2939 6787 2099 7375 9050 4621
8786 0 8518 3714 4242 9284 5563 607 7878 9258 3667 8554 3352 8521 3274 2119 9271 4320 5814 4398 666 7066 5211 9217 4574 7794 5016 8426 859 7609 5975 3835 4499 1265 8701 2031 2334 7825 192 8867 8012 5565 9938 7342 867 6409 8753 3152 1860 7448 2609 6839 5092 2067 1589 9502 8791 8495 8260 876 9951 9166 305 7712 2966 3079 7503 1663 1718 7102 7375 7179 6012 9049 6593 5723 2042 6865 8271 9910 9886 3436 4168 2635 5127 2553 3318 1021 1126 9725 8541 3657 5156 195 8597 7667 8623 225 8493 8986 7649 1107 5756 3101 7257 7123 1418 4263 2033 2753 9165 4130 7717 8097 8304 4372 5396 4650 8095 2782 4913 3644 4343 3516 2780 7520 7797 7093 782 8145 8254 9373 3662 3576 4849 2210 9224 9429 2326 286 5117 573 1499 4439 403 6104 6016 6031 5869 432
5794 8518 0 8438 5679 6935 5047 1559 9436 2971 856 4852 7736 1689 1947 9576 2399 5186 1871 5888 2769 233 894 2661 6083 1170 2018 6375 6256 2614 7580 719 1346 7912 5687 6616 694 4335 8426 7791 2848 4525 5303 7718 4490 2093 4448 6030 148 4037 9192 5439 1138 9676 3627 1693 7902 6941 8648 7422 8927 8259 7479 6617 8470 8622 3981 4636 9884 9957 8493 9831 4174 8360 761 7946 6247 8578 4033 6634 9129 8004 9413 8043 7984 7551 8462 1850 6430 9988 7250 1752 5029 4982 2540 9811 3494 6386 8458 3122 4429 1310 1706 3473 6393 3827 1485 6685 1811 5777 7752 3799 7629 1791 4583 2356 6159 9750 7735 8882 4854 2808 6170 2002 6881 3390 7215 2460 650 4315 9258 5710 9447 4951 7880 8985 7908 4643 3616 9301 311 6633 9068 6443 9787 9317 1636 1469 6551 9427
4997 3714 8438 0 1150 968 8722 2390 1466 321 4121 2588 9557 1177 3388 1640 7855 1315 3797 7851 6166 2775 5169 401 6610 2565 3982 187 3010 176 3219 4273 9694 9592 4887 1716 3075 5997 9867 5836 153 3629 7536 2774 9072 3887 447 8292 9972 4002 1434 9330 8935 1767 4113 1819 2140 7147 3079 5848 2402 7751 8634 305 8501 2210 9808 5575 1345 4322 8740 5898 3372 6015 7916 8854 4980 444 5361 5601 7379 511 3015 5255 3534 5416 4901 4658 1778 6615 1236 540 8806 6742 1613 7339 2564 7076 823 8441 6938 8674 6397 8325 2146 3435 1015 7082 2015 7686 7984 4591 5402 9908 1040 6020 1122 7869 1471 1408 6451 6431 9581 3504 8815 125 9043 8172 8302 7192 7068 842 3092 3951 3179 5317 5635 5747 4945 5352 2114 9047 6679 3299 9112 3389 4316 3830 5203 849
6937 4242 5679 1150 0 2589 1232 3105 9407 9864 4593 308 9393 9897 6458 6790 7487 9429 3511 5905 8603 9671 526 2854 7115 8936 2121 101 4267 8001 4838 2509 8636 5069 3145 6206 6823 72 6327 5012 1355 4527 6264 2726 1693 9691 4570 8800 8260 1358 6902 6739 4606 5504 5340 6209 8743 4635 1826 9374 8800 6542 9346 7837 3322 2336 4571 5438 6321 3281 6702 3338 8776 9703 619 4588 6578 5922 6964 4915 7394 2439 4406 1268 6297 9848 8789 8389 4888 8201 8615 1153 4115 672 4534 2970 5301 6889 4168 1397 3415 7400 2921 460 1128 5336 341 8849 6127 8593 2337 1527 4585 2997 2430 8377 3357 2735 8402 6441 3555 6798 5614 2076 6937 2665 9588 7164 5466 3421 1715 6329 3846 7853 5726 7503 6948 8464 1346 7867 2916 2226 8435 4376 756 114 922 9394 9797 2272
7204 9284 6935 968 2589 0 9289 9841 5300 8496 1534 7061 5732 9100 9498 3291 9281 174 3555 1019 4297 3814 9668 5803 3142 5623 4438 2935 1332 1566 5128 4414 2655 3779 1967 3916 898 5765 2723 3900 6876 909 2188 5900 3595 1547 4491 8151 4127 3804 6859 1131 7404 385 2218 1877 3825 7827 2840 5982 6569 9499 5159 7213 2914 3335 9680 2168 3420 8745 5852 9143 2507 6912 4247 6061 6586 9680 4169 538 4387 9020 2312 7208 5612 6420 7903 4649 5639 2721 4482 6134 7774 4737 2155 7705 8601 8375 6328 8380 9513 9428 9825 5331 6930 3748 3970 8729 6895 8101 5937 8998 6118 2215 6112 2620 83 3964 8125 4831 5260 78 5708 9712 3475 1307 2143 7237 2330 9829 2927 8793 5431 5735 3471 4201 2353 9783 7802 59 7149 4958 7872 7474 4570 7659 2960 3973 2251 5282
5313 5563 5047 8722 1232 9289 0 474 5219 2933 3188 5472 3988 6502 2294 9148 3219 3448 3646 9291 7292 6074 3442 7449 2018 9546 7186 5804 4203 7986 8390 8072 5470 4744 3624 1289 3749 166 9995 9017 2015 1995 674 699 6634 7781 3813 7640 9649 2508 9587 6595 3170 657 5566 1828 4647 6092 7012 433 6848 2022 223 9729 8638 6999 2716 2249 3924 9418 1341 7675 1201 2526 9969 1776 8992 6110 5351 8393 7924 4577 7990 9862 6447 541 263 8536 9560 7330 15 1981 1402 3613 2514 5335 2512 5052 3593 4407 2503 437 2403 2207 9907 7893 4639 3035 9 4017 2185 1827 9288 4356 6319 3055 8017 581 2629 8470 8521 2336 8578 2285 222 7304 1482 6285 5100 6891 1314 8077 6714 3679 7055 5691 2750 8054 4475 7170 1073 5600 2840 9640 88 522 2698 8285 8952 9098
273 607 1559 2390 3105 9841 474 0 4397 882 4215 443 6698 1126 840 9366 3667 2610 9910 9607 2053 337 3637 9040 3309 4089 277 7466 2546 8808 3852 1857 9492 1120 8263 1458 1743 482 3436 7544 7995 4696 9325 5726 8514 2789 2193 139 8222 7527 4685 262 878 6735 3162 8818 7175 160 2706 3275 2261 3744 5943 8661 5308 9285 5629 8961 6056 549 5005 4766 6665 5634 8843 8558 530 4689 548 2148 3467 8513 8337 8338 9041 4590 8666 7971 6305 4343 8990 2745 5343 565 4608 3546 426 9504 9829 1571 5120 489 8833 8164 8396 2066 6457 3444 2717 1482 9470 9914 8341 266 5388 499 5771 6838 5219 1705 2736 3645 9831 8056 5617 2066 4207 156 109 3384 3267 3720 5022 5521 2510 3908 844 7593 8253 2714 1751 3417 2164 1194 8203 7821 7467 3794 2189 997
4156 7878 9436 1466 9407 5300 5219 4397 0 2369 2492 5214 8867 9883 9376 2566 681 4681 1083 1979 8719 779 3008 4056 6486 7200 344 3607 2023 5031 9848 8536 8147 4229 1674 4642 6155 7201 1722 417 5191 2157 648 9124 4926 9475 4278 1139 3103 2231 6158 8528 6974 444 5927 5605 7039 2377 5152 2178 6396 8043 8763 998 5051 1539 7764 1527 2813 9450 8226 8303 3985 4363 4816 4329 1997 5313 70 5159 6713 8573 5411 9052 5663 6301 2226 161 9471 982 8988 5972 3279 6527 7341 5955 2423 7381 3728 1950 785 6491 9976 3473 7287 7738 6452 6051 8115 8488 2810 8634 3309 8287 9209 1951 5395 6246 3215 4043 9318 7803 6144 4025 3160 2275 3541 2056 6226 4561 3485 4926 187 150 4351 7486 4596 8433 3255 2263 1659 8332 2330 1557 3924 4511 5674 9570 439 8803
5036 9258 2971 321 9864 8496 2933 882 2369 0 3302 3287 777 4090 6319 3142 9978 4987 6852 1419 2428 1104 744 9489 4689 2354 518 5811 6979 4242 6822 8202 3411 3150 9764 2552 1371 7314 6667 7809 9994 203 1239 5096 4415 6638 6209 3439 8689 3555 2849 3150 9825 2028 8569 400 2141 8747 1857 3159 6398 9271 4115 8127 7109 5342 8725 6365 3025 1106 2249 6575 6669 9553 1801 2419 6747 6461 5622 2098 3667 8423 4120 2415 3825 1725 3605 7278 1515 4057 6635 5635 6678 3793 645 2723 8688 8633 2759 9370 8928 2170 8631 4725 7551 2098 6124 4320 1520 7057 2735 1269 2846 4385 9015 2794 2613 1965 4346 6951 6770 615 2501 1717 1802 7672 7365 6324 6609 1045 707 1829 2182 570 4102 4946 4442 6043 9555 3212 9242 3158 1760 4939 2264 1355 4573 609 1689 2620
5323 3667 856 4121 4593 1534 3188 4215 2492 3302 0 3775 6866 6556 9056 25 9126 5291 8476 5252 767 7545 2973 8813 3034 2551 3495 7116 7026 3692 9564 1933 4661 498 3265 8142 3375 1953 7078 4392 2064 6335 3096 67 187 8453 4130 7087 1787 7097 7247 8186 5090 9046 5275 9614 4732 7325 8100 4921 5107 5851 5968 6669 3395 916 1842 1402 929 2183 626 6797 1939 9989 9042 7411 6935 9314 7153 1791 7676 4273 2961 796 2979 9857 4627 4587 7800 3412 118 5614 7469 4629 4331 6866 1282 2403 7115 1747 6832 9904 8356 3212 1671 9092 8962 9954 6538 70 9582 7110 7367 7111 9207 563 7783 3068 1864 6561 7561 1402 9360 4585 343 7296 4106 4780 5592 6697 3644 3347 152 3736 6025 7772 9203 6943 8043 6703 5377 6523 7017 6261 1840 2314 8623 3659 7976 4386
2827 8554 4852 2588 308 7061 5472 443 5214 3287 3775 0 5737 6626 2292 5930 7414 7306 4075 7027 2300 7963 1706 4957 1046 9753 1591 9309 8666 4942 7389 1279 6574 5908 4900 9530 8235 3192 7246 1733 2798 3482 849 389 1683 7567 3282 7230 7077 1589 8988 6069 2041 5489 7230 8 6255 6026 9054 5308 9161 2832 7587 5511 3461 7488 9014 149 3522 9147 9960 2863 4075 719 5063 4837 9001 5565 2950 6839 8195 7852 4497 3120 3780 1977 4620 3660 5535 3806 8122 5186 4605 4333 5135 1889 4050 6800 7396 7778 2654 461 1179 2382 8515 5131 4839 5319 6316 7561 9870 5349 2194 7061 3311 1173 3951 4489 9865 5003 2973 7156 7471 6383 6419 2747 3996 8663 5636 6535 8084 6956 3722 5145 9715 8298 2046 3103 5288 7950 6420 6984 1403 6630 360 7870 3090 7246 4028 3244
4444 3352 7736 9557 9393 5732 3988 6698 8867 777 6866 5737 0 5407 1979 5765 8016 692 7038 5292 2272 2168 7175 7368 7636 4230 8832 8175 226 1560 809 7711 8205 7930 5508 8432 9593 9943 9920 4041 8735 457 1493 4115 6796 5 760 8941 7807 6630 7864 2547 3451 1626 8441 1626 1353 8655 6998 5402 5891 4581 9014 8237 1334 1453 9152 980 9529 2028 1222 851 7141 3485 6840 8447 3371 7956 2963 6048 8911 3995 5597 4026 9928 9541 2417 3275 5388 5409 7620 1230 7041 6352 6925 2483 1095 827 4214 4882 1236 5415 3461 7160 7780 111 6632 540 1290 5330 1323 3859 8619 3160 1364 1592 8994 9613 2801 6637 2127 5224 3411 6040 9519 791 6950 7343 4383 4077 6393 6192 8210 5876 9434 411 4115 2841 3201 2722 8351 8613 6504 6524 4782 3669 6260 5209 2123 356
8727 8521 1689 1177 9897 9100 6502 1126 9883 4090 6556 6626 5407 0 1544 8172 3708 443 61 4505 5339 5267 3397 6848 2282 1169 8706 2609 9775 2306 1290 1894 4414 5492 6004 1329 525 1893 8499 1869 9304 2357 2759 2371 5173 6043 6088 4704 9698 2863 7359 3843 6387 6526 8150 7607 2467 8445 6039 6752 123 6521 2421 3858 7145 450 7652 9690 5040 9896 2211 8073 8442 179 8540 9445 1856 7155 4525 9068 1451 4387 2390 4316 5035 3276 2028 5442 9082 55 379 6006 3761 1672 6030 3110 5957 8272 193 5721 9771 336 5435 1641 1325 7773 1447 160 135 9631 7118 2437 9924 6828 7964 8973 5320 1901 7184 6797 7822 6614 774 1501 7734 1719 9066 6984 2769 4430 8156 7285 4072 3309 3784 414 4151 5272 4629 7659 8801 6456 8883 6103 1340 7955 4790 7461 9032 6975
2310 3274 1947 3388 6458 9498 2294 840 9376 6319 9056 2292 1979 1544 0 1208 2635 1655 609 1276 1438 4896 8722 2548 5695 3454 8419 3779 1341 7859 5481 4153 5296 464 1337 8162 3321 3871 6568 193 8663 5774 5978 6002 5221 327 2862 5248 9205 520 5924 9892 6884 9862 433 2274 2241 2527 3531 1911 684 4070 7184 5526 7326 200 8804 3910 7541 9866 3671 7210 733 8201 8062 5129 7016 2895 4658 2209 6816 72 5418 2653 5243 9264 8519 1880 1568 926 9572 2698 1362 9992 2489 7275 7036 9265 6897 6853 7379 989 3141 4245 6163 7220 4911 4425 4917 9813 2230 7167 7223 3815 5215 29 4775 1380 6534 5251 686 8663 9458 304 2098 9251 5962 5669 6044 2404 7289 7944 4179 8951 1389 6406 8392 6983 3944 1197 2257 9087 1531 8374 8279 2707 5346 4781 3071 6898
5077 2119 9576 1640 6790 3291 9148 9366 2566 3142 25 5930 5765 8172 1208 0 2945 4055 9648 4560 3350 8387 7121 1102 5196 6480 2602 5381 1837 4681 7237 1729 7261 6784 4021 2026 2943 5276 453 9027 7982 5990 1476 6740 2376 4566 3729 9724 3740 6218 3161 6528 93 2380 5001 3501 116 2294 2610 499 6261 9968 4726 2405 2600 4226 5066 3764 3115 8560 6550 3964 5617 2219 5551 7346 9410 9038 5725 6089 5886 7365 9826 9831 9659 1363 2976 4956 6479 180 1848 9253 2013 8736 8247 7504 5522 5262 7268 3506 8224 7751 2833 3639 1420 3666 359 2485 4581 1561 1880 6925 7210 2969 8462 1081 9020 3025 3263 1876 9853 2141 4792 1070 8011 1615 4410 1070 1261 7481 5499 7564 3017 5103 8885 6821 1560 1889 3687 1717 7057 9401 4363 2894 1750 3625 9847 7712 6730 752
9583 9271 2399 7855 7487 9281 3219 3667 681 9978 9126 7414 8016 3708 2635 2945 0 9472 9744 1126 6941 5500 2109 4491 2141 9520 5639 6600 2561 5914 3633 861 2934 2984 6549 5480 6340 3915 3075 4691 7062 6973 1892 7878 9215 9504 3815 7535 9533 5826 5807 6540 5289 9136 7844 378 6433 2581 3134 9355 659 255 8628 4071 2610 4495 9014 3667 5458 2338 7752 9039 51 2412 6168 975 7635 7442 6075 5838 2239 2468 3618 5683 4246 7378 4773 6056 3651 8974 3417 6657 3556 2101 5408 1790 340 7991 5548 9406 821 8003 1105 236 234 9332 3586 9694 6270 5756 9235 1817 8612 4284 8109 8708 9898 994 4055 44 2852 6100 8051 960 8497 3731 9378 9579 8453 5106 3479 1052 7786 4460 5545 8726 6434 1310 267 6652 5898 1165 7696 3174 5411 7616 7489 7373 5683 6044
6845 4320 5186 1315 9429 174 3448 2610 4681 4987 5291 7306 692 443 1655 4055 9472 0 4998 1699 816 8769 1283 9929 807 1820 1567 1854 9630 5915 8918 6485 1560 2718 5792 295 5516 4214 9215 4707 2275 3041 1742 8943 2751 878 8794 8723 8618 1386 1319 805 739 5748 1665 1811 7877 5827 3248 101 5061 7695 7562 4701 5251 840 2342 9525 7743 8265 9471 4736 2944 1241 6203 8591 3289 2778 1604 1193 5445 6977 7904 5821 2265 6657 5333 196 5893 8365 4910 6040 6804 3043 463 1853 2037 4282 9194 4691 1465 2339 360 6577 8299 3925 1261 177 6753 1725 1809 411 7705 8442 8318 5479 2377 1484 1662 4327 2125 836 7102 2138 3948 2573 575 6754 5757 1641 4513 5859 4192 9798 5979 5911 3864 5872 3482 8608 6574 7422 5514 7226 2440 8378 3186 3782 2046 405
1409 5814 1871 3797 3511 3555 3646 9910 1083 6852 8476 4075 7038 61 609 9648 9744 4998 0 7392 9702 2670 2283 3860 66 2630 5724 7071 7839 7678 9787 7822 2782 71 8968 7322 6705 225 1170 9619 666 5653 5186 2138 8932 1023 3943 5538 5684 9013 3277 9689 8550 3901 3425 308 8771 7907 343 9692 7564 9372 6084 7377 6519 6167 2744 109 9622 7258 3799 6055 1088 3137 747 3037 4170 1093 8541 6787 5548 890 8632 6981 3151 6444 6431 185 9026 3082 2963 3400 9532 9020 2083 658 6168 6975 7190 4329 7977 3232 7823 8712 24 2148 2367 4162 3630 1204 1317 1068 8816 3902 3371 5758 3547 2645 6252 5843 7823 5280 9957 996 1418 6758 5545 1463 5393 9309 4063 112 2040 9315 3146 9503 224 1488 318 1950 8650 6935 5225 8087 2018 2267 647 208 9645 6095
1217 4398 5888 7851 5905 1019 9291 9607 1979 1419 5252 7027 5292 4505 1276 4560 1126 1699 7392 0 744 7100 1492 1318 5711 1778 2757 772 2926 8770 3087 9657 5732 471 8668 9614 4464 3405 8835 8464 3056 2781 4995 5787 9782 2468 9349 607 7536 34 6493 7044 4273 3955 7841 6107 5794 6125 901 1526 2179 7166 4073 2540 644 3734 6291 4307 6175 673 5252 9091 3166 5458 8359 3284 9064 3952 2319 2607 9667 3394 8462 4386 8477 1287 5162 8811 1280 1272 3139 6681 1021 2500 902 5499 2132 1093 6703 8532 4400 3961 4890 8778 9348 5586 1568 5795 9110 1500 2380 4446 3953 265 7851 9523 1448 833 6971 3880 9049 5044 7290 8552 5001 577 6677 6180 8459 2099 738 8494 9089 3964 4197 4820 2644 7560 3118 8361 1423 5910 442 3135 3148 7267 9515 4816 4453 9273
7767 666 2769 6166 8603 4297 7292 2053 8719 2428 767 2300 2272 5339 1438 3350 6941 816 9702 744 0 2184 4304 9505 5369 3131 2011 8140 563 5959 2981 8756 9523 295 4765 8962 4210 781 6523 6499 9247 857 8502 7841 1702 5030 1830 1664 7181 6524 5085 993 1415 8551 9774 3507 2736 990 6850 7271 3836 5904 2239 4590 1092 1514 6512 7954 595 8849 6037 6243 5533 4950 989 4332 2456 6279 9580 4884 147 108 9718 7377 3426 2662 5435 4832 5621 2680 2219 5031 3834 7624 7015 6474 7825 2469 6220 9569 875 5328 1790 2218 2746 3008 5715 1889 7977 9180 8482 1346 6945 5958 6970 4472 3687 1689 6426 5420 6282 8232 6490 7998 9267 5137 8611 2230 156 1284 6641 3844 5910 8034 5468 8054 378 9115 9226 4611 9512 4951 884 2067 4794 1019 6229 1180 6714 7680
5298 7066 233 2775 9671 3814 6074 337 779 1104 7545 7963 2168 5267 4896 8387 5500 8769 2670 7100 2184 0 2028 6176 6557 9515 5156 1753 8823 7822 5920 9787 3307 2052 623 7159 2182 236 7666 6954 9486 8844 2746 8404 3252 9805 5532 345 4635 1400 3201 2448 1232 3953 4005 3178 8188 1899 6285 9690 5807 6731 1964 7602 6692 2899 8273 8735 4882 4673 8917 9523 31 3868 9084 6038 1686 1927 4829 6125 3824 996 8415 3288 4966 1309 3835 4037 2151 9223 4431 8456 3202 4779 730 9313 9589 872 8205 6362 2350 866 6568 8706 3754 3803 6818 8860 2200 6811 8630 8910 9178 3893 8614 5890 5994 3569 924 792 5863 53 9072 1479 1389 4459 4830 6674 6759 3575 5599 6208 3521 1077 8559 1078 1895 4572 7195 4405 7987 8300 2119 5868 7364 752 1113 3510 154 1465
807 5211 894 5169 526 9668 3442 3637 3008 744 2973 1706 7175 3397 8722 7121 2109 1283 2283 1492 4304 2028 0 1259 3934 8861 5380 5080 8106 7386 5451 2320 8057 1652 1243 5593 9318 9170 6056 1551 731 5037 6046 9598 4759 3813 8746 6243 7638 2512 6267 3748 2578 2198 5794 8599 3698 5337 4046 8684 3904 9038 2256 5359 5135 769 7351 5815 1585 4197 1834 170 9176 7904 8841 3160 5618 829 8876 7807 1715 6460 5297 1778 7254 6632 4912 8238 2043 7158 6726 2208 6811 5724 3022 2352 7066 8599 2569 243 9260 8915 8473 2973 6203 5589 5414 5174 2296 4318 3379 2034 2790 5532 2826 7892 6871 5400 8560 4364 1443 5114 4385 3510 4538 4413 457 8451 603 778 8650 7422 9873 7273 8700 3258 1540 1868 4420 1491 9038 5242 6058 5320 8974 1127 1528 3778 2685 6714
5686 9217 2661 401 2854 5803 7449 9040 4056 9489 8813 4957 7368 6848 2548 1102 4491 9929 3860 1318 9505 6176 1259 0 1060 3146 43 4372 2483 1564 3386 203 4343 2552 3587 3208 2784 182 4514 6352 7184 3685 1819 7886 7022 7323 249 1173 4999 8796 4435 1456 5072 9116 1927 2323 3195 8800 1022 5799 6171 2609 4654 8305 9669 2263 4668 2901 5506 1207 3875 2463 6775 3224 4016 2896 7033 2686 8882 4042 141 4166 7982 6908 1064 7934 1413 2878 2158 5094 3326 5531 3697 1706 2252 6746 6905 5924 4218 5690 892 1867 3850 583 2543 6679 9998 4445 5521 7221 2384 7275 2238 6779 9073 819 1476 8943 8389 6304 7677 5543 888 2978 3487 5626 4065 5338 887 7126 6699 6112 3974 3354 4739 347 2236 6835 6961 7458 6614 5938 6964 2123 41 8737 8783 9087 5777 1345
3090 4574 6083 6610 7115 3142 2018 3309 6486 4689 3034 1046 7636 2282 5695 5196 2141 807 66 5711 5369 6557 3934 1060 0 8589 8769 9973 1958 1148 3183 9160 1078 9212 9446 5373 6639 8572 53 9976 8826 5780 7035 6530 781 8229 1682 1926 8347 9838 5616 1538 9762 2540 4704 2748 4977 9370 8719 6934 4525 649 7560 268 352 2099 4347 5282 5193 3314 1142 9777 7089 1209 6782 7737 5028 5057 2509 3078 6076 8091 6822 5141 6230 3771 7790 794 4002 7551 7517 9642 6667 6734 8060 6918 3620 7091 282 6384 3881 3556 7467 5768 1735 5618 9352 2391 8407 7052 5822 4440 725 5373 1009 7799 1965 5208 3931 6267 1787 3541 9527 6918 3450 1553 7354 3395 9615 8968 5891 2951 5758 7326 5680 1757 4341 8017 8917 2285 2942 9566 5310 710 502 2816 9268 2306 4973 2230
6740 7794 1170 2565 8936 5623 9546 4089 7200 2354 2551 9753 4230 1169 3454 6480 9520 1820 2630 1778 3131 9515 8861 3146 8589 0 3821 2983 3602 3897 646 6546 228 7883 5314 1556 1855 5048 8826 6707 3390 7520 5464 7936 7180 6904 8695 3035 6 5663 2657 4402 8181 8354 3156 6807 3712 9747 6407 1470 5086 3546 7703 1175 2379 2777 3325 7993 5407 6312 6831 3936 7707 4765 3587 5324 6095 609 6826 4200 6547 115 8946 1430 6209 1062 2090 9905 9299 8100 4935 644 8464 5283 1892 9893 2464 9858 2353 6980 7512 6522 9234 737 4103 5684 5001 6616 4718 8425 5929 4741 5552 9035 7677 867 6245 4241 4737 9574 1337 775 5347 389 7582 9058 1316 6226 2087 9664 8013 1328 6742 9375 2907 2609 48 1977 5575 7893 3033 6490 182 9500 1426 4278 9332 4338 6685 6066
2364 5016 2018 3982 2121 4438 7186 277 344 518 3495 1591 8832 8706 8419 2602 5639 1567 5724 2757 2011 5156 5380 43 8769 3821 0 3101 4178 3523 9413 7470 3254 2515 29 7843 5046 5801 1521 7661 2384 616 9351 8821 3495 3853 6073 8824 9316 7103 4974 4929 3437 5252 3465 1111 5411 4475 1715 1534 3743 7655 7446 7937 4939 5593 4811 6673 8135 7131 4379 986 4661 8059 4603 1865 6346 9214 1445 7316 8649 8362 163 9840 391 3614 4363 9052 7468 7609 3318 4039 2858 423 8672 2552 7519 2019 5211 7371 6319 3862 7718 7921 6039 1347 8637 9949 3409 9681 3810 1333 8259 276 4730 8398 3039 9745 6971 873 9731 3124 4683 9890 1981 7664 5763 593 5326 1647 6694 149 5779 6750 4734 9706 253 8801 2464 9341 8544 5200 7602 2901 5160 7014 9348 6458 4859 4053
1799 8426 6375 187 101 2935 5804 7466 3607 5811 7116 9309 8175 2609 3779 5381 6600 1854 7071 772 8140 1753 5080 4372 9973 2983 3101 0 5456 7087 6065 40 2525 5598 1574 6173 2498 452 2580 8823 3367 2469 8161 2315 4666 8438 3424 1670 650 5865 224 7862 4976 47 2898 3044 2848 4753 8828 8627 9886 8518 8724 9809 1226 6777 648 8727 2582 6927 6703 2383 5747 418 1009 1248 194 5243 8505 8170 582 3755 7854 3188 5118 2122 5167 3098 6251 168 8421 7125 454 4323 8722 5108 8805 6336 9389 9197 1178 3928 5529 9553 3875 6022 6522 4881 9263 2405 4389 7196 1481 6861 1917 3492 4992 2839 6252 1272 931 6286 8999 9672 5120 8916 5599 8368 9541 6788 966 169 2194 5425 7244 9736 1638 7210 6727 9104 8394 8628 7978 1051 6869 7306 3607 6719 8937 6932
984 859 6256 3010 4267 1332 4203 2546 2023 6979 7026 8666 226 9775 1341 1837 2561 9630 7839 2926 563 8823 8106 2483 1958 3602 4178 5456 0 154 6133 6747 6114 6971 5136 8811 3851 1825 5168 7297 9767 7099 4445 1913 871 1736 7354 2878 8716 7632 2459 6443 3666 225 2807 7396 4915 6769 3205 8327 310 3063 9974 311 5624 4152 548 2232 7024 2088 8969 3541 4033 1704 1033 6432 8192 8359 4228 4272 5817 5953 3218 9734 6918 49 7497 5880 2602 2338 9883 9384 2385 756 4925 7633 2499 5984 684 755 4712 4782 1117 4 9742 9245 1451 7935 1585 3618 2093 5664 3555 6048 6894 2799 6454 72 4878 5744 6684 4209 5650 6956 8486 8097 1615 5298 9194 556 3701 789 6694 5403 4994 5404 5353 8669 4049 1182 1377 537 529 1497 5738 2760 7402 5622 716 4583
6173 7609 2614 176 8001 1566 7986 8808 5031 4242 3692 4942 1560 2306 7859 4681 5914 5915 7678 8770 5959 7822 7386 1564 1148 3897 3523 7087 154 0 6450 5047 7289 6475 5330 2218 6059 7097 5841 8872 3173 6840 4757 1770 8905 1982 5086 8346 1218 1472 6556 9764 5603 7081 5832 7545 8008 1378 1662 7631 4058 8303 5114 6620 4696 7256 5204 1554 7478 3757 903 218 4557 2458 4267 172 2733 2364 910 5972 5341 6014 6936 980 6638 1048 5972 3744 8659 3943 8505 6182 919 4934 9969 6251 4908 8617 7303 3797 4477 8407 8896 8028 9459 5809 9856 6271 2716 3531 5304 5171 3770 7492 1218 7739 2540 4014 809 2002 9192 4826 8928 2450 4950 7916 5572 2854 1408 8017 74 8050 2146 6093 4113 7128 2019 3176 4545 6042 2599 3313 4944 7652 7664 8322 7852 6478 1720 7487
2184 5975 7580 3219 4838 5128 8390 3852 9848 6822 9564 7389 809 1290 5481 7237 3633 8918 9787 3087 2981 5920 5451 3386 3183 646 9413 6065 6133 6450 0 3637 5861 1438 9081 7779 1054 2023 6896 42 2143 3564 3769 6604 523 60 8992 2577 5663 5139 9301 4869 4101 5375 7815 3647 1177 6220 7780 1680 9056 5417 5737 3616 4858 1917 2530 4537 4479 5920 9583 1621 8065 6316 1033 3178 9954 7883 5596 9740 2470 3664 8041 1960 1884 196 6304 4939 9562 3924 7366 7161 2757 2526 437 7013 7920 7151 1690 4073 300 5630 6105 5568 4362 9035 9764 1733 6981 1011 1574 1832 7131 7866 6 6865 4117 1412 1008 2894 7024 4272 7339 6572 5015 9562 3067 2761 9882 7401 1418 4069 5047 37 3741 7232 8938 7746 3612 2728 6582 5913 6085 5159 5399 6160 2804 4288 2336 5732
2068 3835 719 4273 2509 4414 8072 1857 8536 8202 1933 1279 7711 1894 4153 1729 861 6485 7822 9657 8756 9787 2320 203 9160 6546 7470 40 6747 5047 3637 0 2359 8194 1058 3500 6337 9406 8603 9961 328 1347 8100 7389 9013 7181 9304 9556 2763 7055 8059 6333 5743 9438 4480 9147 6792 997 7264 7661 2067 6680 9607 2795 8965 9127 5667 7513 8953 8596 4111 7350 7534 8730 9664 351 1883 821 1688 9811 7309 2918 4139 7871 6514 5477 6634 5312 1663 6646 1935 4446 9415 5147 660 4897 2522 4507 2982 4791 7266 5028 8951 3022 4413 85 8170 475 669 5312 455 8254 9125 6592 3092 9316 9147 1551 2924 6795 3835 1203 3965 7257 3140 2581 6109 3208 161 9876 4350 7378 2159 6747 3493 4416 2841 1036 7047 8447 5593 6427 5663 2004 6458 1775 7373 2344 9425 476
8377 4499 1346 9694 8636 2655 5470 9492 8147 3411 4661 6574 8205 4414 5296 7261 2934 1560 2782 5732 9523 3307 8057 4343 1078 228 3254 2525 6114 7289 5861 2359 0 767 9091 2472 1182 3369 7477 2083 622 7458 4367 6899 4924 9152 6361 8555 3410 2587 3844 1575 3641 5256 5027 9404 6492 9246 3270 351 6885 7605 9350 7163 2539 4398 7842 7478 7312 8983 3181 9674 9248 3620 5175 8182 9191 6780 2581 3088 1423 5706 1115 8587 4456 7022 214 6178 5285 8637 9882 5905 7995 8677 6031 3979 1798 2667 26 9839 9111 3374 1111 1829 8482 2353 9174 4495 6886 5302 8317 8887 1698 5649 9238 9616 1689 5067 5620 8912 6640 7304 7275 8377 6944 4419 6214 3282 395 8063 3323 4171 967 4712 5160 2386 268 109 7259 9089 9378 8216 3694 2296 3918 6097 4637 7147 5691 1227
9516 1265 7912 9592 5069 3779 4744 1120 4229 3150 498 5908 7930 5492 464 6784 2984 2718 71 471 295 2052 1652 2552 9212 7883 2515 5598 6971 6475 1438 8194 767 0 1658 1322 7866 3412 7278 5624 4525 1039 922 7694 8044 3058 1778 717 3638 928 4451 3935 9302 6013 91 1935 3680 9283 8162 4186 4847 1002 4162 7034 5995 6285 9836 362 1550 2802 3116 3440 550 302 6471 8656 1777 2754 9807 3217 5268 512 5281 8170 642 4753 2044 2506 4887 5411 3376 2370 1055 9490 2402 2655 4962 7686 5783 5463 4890 938 8600 4380 6310 8289 5045 3033 4127 7218 4820 526 7421 7155 8365 6514 965 1290 5975 1515 5356 5978 9829 5514 6127 5546 2663 9726 9792 2999 4897 8674 3380 10000 1308 1976 6413 9261 4908 5715 771 9662 8342 4256 7602 3435 1763 8489 6419 2316
4883 8701 5687 4887 3145 1967 3624 8263 1674 9764 3265 4900 5508 6004 1337 4021 6549 5792 8968 8668 4765 623 1243 3587 9446 5314 29 1574 5136 5330 9081 1058 9091 1658 0 6299 5034 5334 2679 6852 5643 6445 9184 3377 2402 926 1424 8770 3284 7565 3418 9573 12 2682 6260 9649 512 6555 9638 3158 5721 6351 9201 5670 7656 8156 3694 8591 5968 1614 675 5065 2185 6493 200 9035 1626 4306 859 9416 6691 9963 9130 3338 6741 2044 7453 2509 6435 2766 4868 924 8708 8170 7911 2824 1393 8014 8880 1771 4354 8273 5651 7809 2264 8636 988 5659 7606 5096 7467 2944 1277 5883 671 4958 8534 8983 5647 6264 9107 3645 7507 9311 7895 9829 1680 1290 3666 5139 9412 2135 9033 3423 6756 5560 4721 7129 6472 2311 2916 1544 1881 8628 9096 2201 8301 8946 23 7963
8838 2031 6616 1716 6206 3916 1289 1458 4642 2552 8142 9530 8432 1329 8162 2026 5480 295 7322 9614 8962 7159 5593 3208 5373 1556 7843 6173 8811 2218 7779 3500 2472 1322 6299 0 7196 8782 244 6515 162 7711 5469 6096 8063 142 4363 2318 8888 7737 5165 6161 4194 5312 6884 2814 9707 5373 3025 9499 4743 7940 8072 5266 3528 968 1530 6499 896 4198 3236 7453 7416 8588 4465 3666 2757 7837 6514 4117 9144 214 3742 1784 866 1084 3835 5011 9034 4486 5521 3072 1127 395 4165 2740 9440 5946 8004 4002 8065 177 8333 9288 6151 1608 6415 7483 3112 9595 2253 2020 178 3885 7447 3992 6610 2179 5160 7629 7497 3792 7360 8477 1493 2713 6961 8693 7263 5483 5098 7546 7905 5916 6919 9739 9071 6668 8673 1233 7616 5774 4300 9942 5391 9068 1288 2579 3823 252
5939 2334 694 3075 6823 898 3749 1743 6155 1371 3375 8235 9593 525 3321 2943 6340 5516 6705 4464 4210 2182 9318 2784 6639 1855 5046 2498 3851 6059 1054 6337 1182 7866 5034 7196 0 3653 2185 8128 7276 8644 3983 620 548 1667 5799 2853 1918 9744 9547 3466 281 9470 3265 8232 4557 734 3438 8744 4507 9192 802 6899 1229 341 1788 9769 7350 8675 8464 1606 6222 7320 5369 2875 8630 8084 1082 9970 1015 1784 657 1044 1171 6427 6735 6943 3789 4859 7769 2716 4611 9690 7840 2462 4587 5955 749 2895 1696 9114 5625 6368 1616 8512 8962 1030 8390 7324 8310 8524 2740 2999 6599 601 7483 7431 2759 7235 1496 5582 4580 3861 1483 3594 6734 9905 3968 5671 107 8803 9129 5779 6225 403 2052 4710 6855 9378 963 1885 781 4494 365 1136 2737 437 7499 5259
8609 7825 4335 5997 72 5765 166 482 7201 7314 1953 3192 9943 1893 3871 5276 3915 4214 225 3405 781 236 9170 182 8572 5048 5801 452 1825 7097 2023 9406 3369 3412 5334 8782 3653 0 4672 9921 1683 7707 4612 5188 664 7841 1000 3773 3542 5912 4506 8970 9368 1407 6234 1426 9503 3499 9650 6802 4199 1286 4674 9363 5679 2867 8205 14 1665 66 8249 1821 402 8459 9583 8275 4658 2638 2293 3425 8679 8474 9777 745 5621 8177 930 9218 5821 9306 2399 8395 8055 1775 5883 228 143 7996 3627 7783 9898 2382 81 1062 8877 7998 3902 5800 943 8301 2864 6316 8844 7835 4865 530 2696 7179 6474 7815 5905 7347 4571 5368 4225 4774 2004 7938 6321 8135 8663 4842 8481 747 3112 3447 6436 6287 5423 9301 2440 1290 2171 1671 5278 9568 4977 5261 8745 8744
5148 192 8426 9867 6327 2723 9995 3436 1722 6667 7078 7246 9920 8499 6568 453 3075 9215 1170 8835 6523 7666 6056 4514 53 8826 1521 2580 5168 5841 6896 8603 7477 7278 2679 244 2185 4672 0 506 9438 5035 543 182 133 1000 6139 8800 9172 9463 4679 8555 4995 1759 3447 3047 8444 8100 5891 7141 9144 6738 1322 1582 5647 3973 9231 6024 8363 4012 5514 5526 6035 4745 1634 3984 4994 5802 6859 1980 732 2352 2377 6767 2210 5807 1741 8651 599 3434 4111 3736 8664 666 3718 1760 8946 1211 963 9198 2305 9910 1745 7989 5836 6249 2030 4884 3999 5635 8238 4159 1228 7030 1659 389 9469 7572 2046 5009 8570 9594 8214 2695 2258 8072 5194 8567 7632 9556 5848 9413 4598 4236 1082 3952 4654 8543 3416 9037 8674 8582 9707 1017 8845 4158 9870 2227 8405 8485
2748 8867 7791 5836 5012 3900 9017 7544 417 7809 4392 1733 4041 1869 193 9027 4691 4707 9619 8464 6499 6954 1551 6352 9976 6707 7661 8823 7297 8872 42 9961 2083 5624 6852 6515 8128 9921 506 0 4286 8957 905 2475 7350 5314 4150 1149 549 3160 1447 3037 2274 8112 5795 362 2977 6524 9512 1412 2692 8341 4018 575 4747 5251 6055 7485 3430 2116 5248 5715 2199 6430 9049 1817 8934 9633 6182 4966 7623 8053 8683 4102 1831 7820 8399 4397 4373 8899 12 9746 4770 1967 9868 5380 9727 6287 5479 800 330 6333 1700 4819 7683 6141 7127 5066 9785 1951 3692 4996 3274 7267 5004 5110 2040 5125 3246 5235 2385 5785 468 9714 2224 1485 2964 7913 2686 4321 1347 66 9796 1047 7495 3528 3961 4971 8427 6598 8812 26 6122 3913 7571 7274 9458 4219 1968 3730
3650 8012 2848 153 1355 6876 2015 7995 5191 9994 2064 2798 8735 9304 8663 7982 7062 2275 666 3056 9247 9486 731 7184 8826 3390 2384 3367 9767 3173 2143 328 622 4525 5643 162 7276 1683 9438 4286 0 480 6476 4021 6556 8521 9932 2199 7886 6041 409 5758 3307 2502 6431 2368 2240 1170 840 2642 9679 545 3596 437 679 8497 2201 8875 8156 5835 4740 5730 9386 7589 5161 6378 6802 6985 1776 2826 3645 1101 768 7587 4146 2100 4232 8363 9982 7596 4447 3392 858 380 9028 3510 6503 7646 1895 4716 3620 167 6100 794 919 6888 5343 4310 602 1364 9924 1077 2616 4209 6915 469 2979 3430 3612 153 5716 8658 8131 1610 311 8435 1027 925 2190 9022 1031 7958 6415 2291 4258 5836 1648 1540 3183 9883 6225 728 4387 4377 2220 3298 5190 5078 6951 8945
3784 5565 4525 3629 4527 909 1995 4696 2157 203 6335 3482 457 2357 5774 5990 6973 3041 5653 2781 857 8844 5037 3685 5780 7520 616 2469 7099 6840 3564 1347 7458 1039 6445 7711 8644 7707 5035 8957 480 0 3149 5818 4426 8387 1169 5938 1136 6178 4814 7954 4465 7947 8625 5657 1723 5970 248 5728 3022 1220 4126 2244 871 1611 3965 3938 2420 6186 1370 9141 8949 8649 6628 3237 1699 7802 7366 550 8204 5663 9012 1140 9678 1224 308 4453 3167 3931 1367 8926 4093 5646 1495 7945 8450 8323 5753 5696 608 3816 3307 4630 1970 5403 8397 741 4738 402 2728 1277 7335 3422 4193 1200 8484 790 4763 6257 506 6250 5051 7777 8760 3398 8860 927 9706 8774 1009 9318 8013 2112 8279 4873 3964 1175 4441 4642 7934 7906 2510 1669 7102 3664 2053 6022 938 1124
6463 9938 5303 7536 6264 2188 674 9325 648 1239 3096 849 1493 2759 5978 1476 1892 1742 5186 4995 8502 2746 6046 1819 7035 5464 9351 8161 4445 4757 3769 8100 4367 922 9184 5469 3983 4612 543 905 6476 3149 0 6143 1443 3764 4555 1733 8376 2277 6835 6851 515 1028 3334 3897 845 9585 2005 7572 6546 9537 772 219 2661 830 9457 2870 1701 8758 6141 6703 9342 7211 6290 689 4814 4968 2958 9564 1885 3331 4030 8661 5621 9849 3852 5308 6458 5464 2005 8897 219 6770 1245 4866 8439 60 3500 6636 4985 9610 1011 3916 4528 9153 4346 3463 7231 7286 1269 8047 7084 9795 3291 8224 1198 5225 1930 4179 7697 925 5053 8671 350 1713 3197 3104 7828 3822 8885 1224 3411 8025 2622 3412 3363 1680 9383 2459 2790 7635 512 7290 9455 6672 7931 6675 4834 5162
921 7342 7718 2774 2726 5900 699 5726 9124 5096 67 389 4115 2371 6002 6740 7878 8943 2138 5787 7841 8404 9598 7886 6530 7936 8821 2315 1913 1770 6604 7389 6899 7694 3377 6096 620 5188 182 2475 4021 5818 6143 0 5065 24 3006 8304 8649 9547 5235 9584 7965 997 9508 6687 1816 8554 7757 4359 6805 6299 2576 7780 5153 1517 2348 4106 7112 7049 5557 3067 5116 9639 838 1285 1189 7674 3914 1984 6352 1427 575 9921 7826 1922 4319 9453 9763 8871 8771 9118 4835 1162 2290 7054 923 1837 4588 4827 9196 8200 5829 4324 6465 6047 7049 6865 5249 490 1393 8801 1832 8486 6253 3263 1575 7575 838 5168 7414 7626 2897 3842 8623 3413 5553 407 2849 3322 192 1209 9910 4387 2934 457 570 5369 8384 3896 6404 6176 8616 2698 3175 2126 1004 7552 6392 4762
9747 867 4490 9072 1693 3595 6634 8514 4926 4415 187 1683 6796 5173 5221 2376 9215 2751 8932 9782 1702 3252 4759 7022 781 7180 3495 4666 871 8905 523 9013 4924 8044 2402 8063 548 664 133 7350 6556 4426 1443 5065 0 1896 3736 9458 4677 706 3830 2131 6193 6352 7862 766 6803 810 7613 8689 9921 1242 5739 6964 3975 6708 8627 3400 4546 9295 8234 2949 5512 3684 4236 2809 8210 4476 9538 526 3912 5707 9963 6137 545 6583 5778 7 3948 7812 3455 5886 9982 4138 6314 5455 4260 6138 4762 5695 5876 4299 9505 3564 5859 5879 6636 8933 4811 4343 7321 4579 6933 2704 3731 9748 7624 9119 6633 263 2256 7208 5384 9844 3033 4431 3083 6193 1496 3975 8274 4627 6829 4430 5154 5052 6000 1237 5638 4146 6764 4860 589 3387 3169 843 4201 2545 2997 3090
5689 6409 2093 3887 9691 1547 7781 2789 9475 6638 8453 7567 5 6043 327 4566 9504 878 1023 2468 5030 9805 3813 7323 8229 6904 3853 8438 1736 1982 60 7181 9152 3058 926 142 1667 7841 1000 5314 8521 8387 3764 24 1896 0 3904 3054 8865 3465 9213 2518 5841 8046 2048 9231 1121 1222 5495 9384 5946 5560 7295 8493 457 819 9974 9074 3834 7190 1197 9452 1771 6331 2493 58 3863 3303 2526 593 1303 1766 4985 7944 771 3238 77 7452 6030 2042 4241 1913 7538 4857 3528 7250 8323 4641 8322 7007 4698 975 3512 9792 7880 3884 2172 8053 5940 1297 5510 6813 3293 6381 3534 990 5828 6490 1702 6799 1879 9849 8114 2332 9692 5734 9405 3842 4997 351 4566 1114 8877 2743 2683 6258 8533 5470 4449 695 8231 4006 7124 445 4869 3885 1703 2021 3317 889
806 8753 4448 447 4570 4491 3813 2193 4278 6209 4130 3282 760 6088 2862 3729 3815 8794 3943 9349 1830 5532 8746 249 1682 8695 6073 3424 7354 5086 8992 9304 6361 1778 1424 4363 5799 1000 6139 4150 9932 1169 4555 3006 3736 3904 0 866 1500 8140 4730 148 8290 9448 858 481 5272 3401 6281 7946 397 2798 8840 9126 7845 4326 9257 3670 192 4117 9344 3577 754 7404 2142 8370 1487 1726 6761 5178 6745 8192 3683 3824 9090 491 3382 8903 9485 4165 3925 9862 9244 2461 4892 3711 3346 7756 6575 2793 9841 4146 8604 1344 5471 3300 1395 4795 1895 7917 4010 1519 5329 5731 1794 4540 6418 1737 9064 9530 9782 8186 3120 2945 7517 9820 1501 3169 847 5324 7484 8791 3136 2129 2953 1654 4076 1392 9886 5441 3057 8540 3282 9688 4213 7357 9102 6258 2907 4978
2600 3152 6030 8292 8800 8151 7640 139 1139 3439 7087 7230 8941 4704 5248 9724 7535 8723 5538 607 1664 345 6243 1173 1926 3035 8824 1670 2878 8346 2577 9556 8555 717 8770 2318 2853 3773 8800 1149 2199 5938 1733 8304 9458 3054 866 0 3687 3967 4930 6559 3764 5540 2042 9851 4256 8730 3837 532 4420 8764 7149 6566 9502 7049 3867 2226 4899 6599 7006 8011 6871 4089 8928 1962 6195 7356 3878 948 4679 2091 8984 8309 9875 9432 5965 5529 2704 5080 7181 641 9063 6003 628 6633 7677 6901 879 8604 4235 2796 8708 6148 4105 7611 9189 7198 8703 9861 775 696 9426 7648 3055 6656 3318 7129 7191 4917 982 7167 4795 1089 4314 6715 2073 502 6524 6543 2473 7248 5264 4733 4418 8944 4544 3566 8152 8543 4292 6775 5735 3544 4768 5311 4983 2962 5586 9729
791 1860 148 9972 8260 4127 9649 8222 3103 8689 1787 7077 7807 9698 9205 3740 9533 8618 5684 7536 7181 4635 7638 4999 8347 6 9316 650 8716 1218 5663 2763 3410 3638 3284 8888 1918 3542 9172 549 7886 1136 8376 8649 4677 8865 1500 3687 0 2533 1606 4613 2164 5977 2128 5905 1457 4267 1032 9366 904 5419 3044 9323 3378 1515 6967 2843 3046 4056 7911 3109 8448 740 4658 7393 9758 6833 1101 3690 9887 7563 8732 3817 2566 1056 5398 1278 1658 2796 3476 2951 9797 8951 3621 1386 9566 4923 3919 3997 5742 544 8429 5144 6993 2715 8394 9438 3041 4800 2022 5513 9286 842 5461 2826 1012 42 2581 2444 1516 4928 9348 7292 3015 8275 7281 1624 9975 911 3560 323 1432 2004 2057 7433 8932 7006 9530 4783 7184 795 9260 2784 3168 4635 4536 4381 8562 2602
5112 7448 4037 4002 1358 3804 2508 7527 2231 3555 7097 1589 6630 2863 520 6218 5826 1386 9013 34 6524 1400 2512 8796 9838 5663 7103 5865 7632 1472 5139 7055 2587 928 7565 7737 9744 5912 9463 3160 6041 6178 2277 9547 706 3465 8140 3967 2533 0 7277 3150 722 7866 7202 4638 2765 379 3234 7265 4904 1537 6675 964 4828 8905 3312 3366 6096 9757 8176 4117 9355 9363 6350 7908 7281 3960 908 6969 557 1735 7953 7406 8909 7567 9288 6915 2477 2440 4617 4848 9108 8705 713 3719 5156 8169 6815 9131 3036 9404 6326 6578 8569 7959 7525 870 3514 7702 8679 4101 3351 8899 4121 8753 7367 6718 6742 6949 1304 383 47 5257 8456 2398 3021 7539 4126 725 7661 7251 1704 289 7103 1786 4983 6027 5361 5526 5703 8609 8179 63 178 6970 2102 3110 2831 8202
3271 2609 9192 1434 6902 6859 9587 4685 6158 2849 7247 8988 7864 7359 5924 3161 5807 1319 3277 6493 5085 3201 6267 4435 5616 2657 4974 224 2459 6556 9301 8059 3844 4451 3418 5165 9547 4506 4679 1447 409 4814 6835 5235 3830 9213 4730 4930 1606 7277 0 7769 3181 546 645 3727 8116 3807 4717 8753 9404 4091 7965 5419 6612 5753 5527 4685 2674 8097 1618 3968 5125 563 4605 6844 376 4656 8745 5874 1367 1167 4217 9048 7253 2598 4523 737 5951 1152 1999 9929 2960 7000 1424 7377 5849 9604 5366 4783 6186 1674 4548 9610 8205 6805 3455 1888 146 738 3055 8785 9394 303 5376 9629 8493 4854 4987 6473 8283 7823 8617 5244 5459 1346 5170 6871 8763 1655 6387 7654 9669 7552 8576 514 1005 2500 7715 8144 6712 9585 708 5470 4910 7790 9123 514 8804 1046
861 6839 5439 9330 6739 1131 6595 262 8528 3150 8186 6069 2547 3843 9892 6528 6540 805 9689 7044 993 2448 3748 1456 1538 4402 4929 7862 6443 9764 4869 6333 1575 3935 9573 6161 3466 8970 8555 3037 5758 7954 6851 9584 2131 2518 148 6559 4613 3150 7769 0 8251 3000 5747 5888 6256 2903 7873 8217 3078 416 3654 2930 7322 1360 3781 1814 6564 4233 1453 1523 8995 2255 4558 6362 8890 648 2581 8346 692 6443 8174 1555 6489 5605 5973 6186 3126 9943 6979 1386 5466 8885 8082 7177 4646 5447 8502 6360 7615 4461 3671 8166 11 8838 8516 4645 979 5254 6772 6316 2402 1894 8199 9704 7851 6034 895 1246 4805 231 7787 9279 797 6185 878 4501 9790 3864 3180 9355 7704 1913 9027 6557 7880 5220 6409 5102 6924 9917 1209 3998 4946 887 7089 1818 3762 6784
3431 5092 1138 8935 4606 7404 3170 878 6974 9825 5090 2041 3451 6387 6884 93 5289 739 8550 4273 1415 1232 2578 5072 9762 8181 3437 4976 3666 5603 4101 5743 3641 9302 12 4194 281 9368 4995 2274 3307 4465 515 7965 6193 5841 8290 3764 2164 722 3181 8251 0 3261 216 8460 9224 6097 9829 3906 453 306 7131 8947 3578 427 2464 8712 3091 5682 2239 5857 1667 6843 3767 5643 9130 6536 9286 3569 3116 7239 4739 8994 2382 407 2489 7984 3395 3350 8399 1440 8557 1533 8161 6316 159 9394 8334 544 7872 4646 688 5569 5067 7821 892 1215 2616 4210 8800 794 2458 1689 2642 2762 1844 9693 1507 8530 1272 3100 5891 6244 5688 2669 8217 9162 9007 2404 2468 2455 915 1254 969 7784 2138 3526 1176 4579 588 2822 420 3740 2642 1633 8319 3005 8809 9522
571 2067 9676 1767 5504 385 657 6735 444 2028 9046 5489 1626 6526 9862 2380 9136 5748 3901 3955 8551 3953 2198 9116 2540 8354 5252 47 225 7081 5375 9438 5256 6013 2682 5312 9470 1407 1759 8112 2502 7947 1028 997 6352 8046 9448 5540 5977 7866 546 3000 3261 0 8080 3143 2452 360 5040 869 8124 802 3316 6874 841 6495 5943 3582 4747 8921 2039 37 1293 2640 4060 5650 8256 4890 5396 8588 9621 1530 9570 6676 9978 1017 1696 5297 5460 3380 3074 5178 708 681 6101 5714 1085 2568 6014 5606 8685 58 9240 3588 7009 7812 2432 6014 8671 7569 3512 4865 7969 5192 5821 2121 3022 2446 7388 6232 5183 6745 5376 6480 4732 2056 6827 8342 6460 1829 2827 6807 3470 8042 6585 5268 6701 8764 7159 7757 5478 553 5648 7269 6392 4459 9855 2206 1000 9193
