300
0 2850 4472 867 1346 4479 9143 921 4354 8286 7874 167 8506 4497 3492 108 2750 3391 7781 6296 4301 7215 2350 8855 2736 7183 5947 6643 432 1194 6706 3686 9253 1954 3464 1741 627 9123 4882 3706 5464 4377 3095 9435 8844 2223 1681 7704 7901 7353 6558 5424 6419 352 4760 6803 156 2504 886 8905 7595 2725 198 1985 5970 4042 6478 2753 4250 7059 2780 6492 4031 105 3066 4036 5787 3232 5615 1643 1249 5229 622 3468 9220 8237 5257 2597 3244 5096 1721 1863 4900 1838 3986 5170 301 8735 1336 1770 2990 7389 4696 2589 2481 9265 71 5300 2194 7932 8257 7586 6473 9654 6117 9152 5268 912 1945 7562 4672 305 1231 422 2364 5074 1976 5980 5438 7477 6101 6702 9439 8937 425 8393 5275 1534 411 3145 2834 8623 2478 8902 8203 3979 9923 8388 4491 371 8039 7262 1815 6336 6192 6640 2534 101 3218 3389 2238 393 2950 2448 3512 6495 5678 314 503 8721 9785 1340 9317 9134 335 8964 6172 9058 2640 6463 3041 5255 92 3648 7427 1646 4909 5041 877 9384 4496 6633 7791 1913 8480 488 2123 5632 2829 3474 7915 1902 9404 5112 410 478 457 5474 8997 5765 6507 8837 4924 9629 548 4384 6785 9322 9710 3694 1482 6418 6162 2905 17 3127 4851 2359 2842 539 4239 8864 8409 6399 5409 8953 620 3403 5298 3516 10 7452 4000 5879 5731 8171 7217 9520 8130 6396 7072 1000 7234 2200 7414 1264 6291 4949 5906 6851 8674 2296 5455 2422 7481 7766 5116 5451 9688 6778 9707 2293 1381 8365 1841 3859 8023 330 2007 7908 797 6975 8863 4111 7388 130 7949 6859 576 1995 8353 3494 1729 7024 6911 5066 6508 1685 7750 4335
2850 0 8608 5597 9580 4000 7473 9587 2225 90 8624 3938 4881 2499 7238 9061 921 8004 7101 3402 3262 782 8881 7453 6494 1026 8226 5708 6773 220 948 9943 7790 495 9766 2021 9962 5615 9047 4217 7777 9990 3107 6865 1724 8766 8248 2308 326 9266 6937 858 2583 2596 5221 7186 3579 9132 8040 2246 5465 7493 1968 1789 1027 1660 9540 4570 6290 118 3673 3387 5248 207 2335 6890 8422 2622 2741 8973 134 9556 123 8257 5644 4378 9349 4383 7063 4953 4303 5085 8532 3185 5811 5139 8016 2015 4809 5428 7144 5812 6982 2106 2236 3845 3989 805 9772 7830 6805 2348 2677 3130 7069 8983 922 2722 913 5106 2240 2335 9725 3181 8811 2608 2832 4396 2895 5908 100 5411 2168 2948 227 5769 9695 9433 1425 2651 574 6239 4928 8662 6417 5720 9447 581 2705 4777 1643 6836 7798 6308 9573 1866 2786 5 3437 1538 8428 2165 6107 4158 9571 1264 6853 4374 4702 2 1230 7489 6242 7266 4938 8784 7182 8623 3915 7790 6591 7119 1321 1356 6164 7616 3841 231 4355 8209 9401 731 6154 8971 2001 3135 4636 5454 534 8838 2998 1251 1691 3737 3235 8261 896 6830 5958 5471 2053 5718 5606 8986 6147 1083 8491 7488 1052 1903 8770 9296 3716 859 9731 8360 3196 9725 3060 4976 6425 542 1385 7822 8391 4742 853 918 5151 8106 6957 9243 912 9848 4682 1966 8355 4795 6077 1402 6440 8659 7810 4758 6074 9854 6263 9106 2830 4176 5845 8714 7809 2464 2362 7124 4759 5778 9100 287 7269 7756 1477 4886 3822 10 8236 6271 305 4378 8471 3277 9604 8223 2050 8668 878 7657 2345 8770 6084 1879 9437 2343 5937 9362 5183 2202 2435 8637
4472 8608 0 5814 1588 9137 9337 4595 9927 6100 9187 614 1752 7059 9217 3519 5068 3407 7926 5956 195 1359 5381 9870 865 6887 6081 1592 592 698 7139 9457 6022 5139 7437 4368 9386 9176 4564 7041 1408 8925 3461 9029 4735 7833 7687 9427 7116 3225 484 8907 8635 9086 8415 5696 9309 9518 163 5878 1313 3163 4413 4205 4586 7743 5592 2052 9403 5348 7283 1680 6083 8139 6368 6400 5773 9659 3434 4131 3490 3640 4244 1726 241 929 7815 3932 7092 8712 6059 9374 3456 4416 3695 9651 7951 4876 99 7491 5768 6693 2239 165 5619 9605 1674 7191 2019 2184 7715 3678 6871 3554 1996 1270 391 7276 2201 8477 7673 9785 7981 9111 6497 6229 2754 9805 23 6736 3279 6615 3584 706 1598 7866 85 2855 4742 2666 7436 9046 681 7676 3670 2590 3175 302 3531 8264 8077 904 8397 1471 4854 7270 3754 4286 4622 128 5441 533 6523 4619 1301 554 8789 4903 9082 2389 8434 2764 5428 3386 9903 8931 6819 992 7620 6371 8333 4887 9913 630 9612 7764 7784 7389 8506 4388 6565 6229 3871 1863 2709 3385 3114 8001 9003 9810 8593 9693 4585 2907 123 820 1512 5297 6957 9811 1232 3648 8915 6442 4675 2874 3727 8426 8146 3982 6965 6355 2250 8058 1258 1759 3321 9943 9769 1039 3168 9624 858 3730 4497 3548 3612 320 8146 5591 2105 9714 6454 1310 7629 9472 6378 9351 5311 6490 1227 2231 792 6120 9280 7604 9644 4044 2279 5009 6106 7142 8751 3047 7965 1427 2013 311 9680 8515 5956 6771 843 5553 3019 9154 535 2652 1369 4959 9297 4968 4206 3908 958 8330 9982 7417 3920 4941 6906 9801 1209 3011 2439 7501 5953 3620 4342 79
867 5597 5814 0 7160 9201 6494 5578 6414 8747 1754 1238 4823 8922 6864 1534 364 6299 4419 5657 4110 8684 6430 9520 9223 4889 250 9170 2009 1206 379 7655 8066 8636 1895 8706 3099 3399 2016 4701 1764 7475 1662 7425 8291 4396 7226 5944 9433 806 6412 8754 1031 1893 3726 3069 4445 912 6837 7404 6933 9781 4996 7522 8584 9954 6971 3310 9793 4194 3110 186 8984 8220 2256 1864 8763 8326 8632 1233 1172 926 5362 4341 9786 84 3679 766 4837 3190 5422 7942 9449 5321 6060 5591 6243 6952 2068 6684 8508 6907 9339 4382 1001 5419 7696 2306 4402 8666 8497 7670 4523 4904 8367 6691 8148 1037 3083 2688 8996 9761 5906 2775 5967 1554 3891 1375 9442 155 889 2842 1382 1506 5262 2004 9527 6894 5219 4323 1731 6945 7618 3349 582 6391 1038 4293 2891 2395 7022 1084 995 2863 2473 9339 6124 2950 5591 3009 2336 9717 4511 9789 4720 4436 2019 8606 6473 3207 5946 6026 3576 6517 2324 1667 3741 3850 1321 6587 5490 2879 2042 6241 894 8941 8295 2819 4353 9620 7953 7911 495 6446 9453 3642 1206 3879 4784 2576 8742 868 4127 3955 3953 5160 4627 4977 3314 6826 4242 4379 6932 2641 6737 9923 9882 6927 8214 6378 9188 7555 6642 3952 2986 8635 8009 2798 7012 3208 8767 5987 9696 4227 8588 6572 2655 2930 2379 3334 5114 6422 4579 8427 8275 2763 2516 8518 2208 2487 4187 5165 6981 1630 6616 6780 9428 8640 1166 4824 9496 6794 2176 9126 3970 7038 2149 3528 876 6808 1631 7939 3675 671 3809 8202 5490 3604 3012 9113 3207 2724 5506 26 1681 8373 6930 8094 3913 6438 3453 8208 6788 9743 3242 8447 7788 2529 1526 6656
1346 9580 1588 7160 0 7013 5314 5395 6421 8472 5498 5949 5710 9317 6026 8746 6810 6088 7550 6844 9068 6152 3488 2432 1951 2876 9003 6651 3854 5246 1771 7346 179 4130 8001 6019 4311 3785 648 3608 6192 7089 2191 8497 3942 4972 4509 8718 9110 8899 3707 1420 7429 5983 8091 7068 9889 3158 2661 1830 3735 4570 31 6230 1906 8809 3594 6972 1251 9039 3974 3481 6314 1186 2840 6211 7743 4030 1686 9458 4348 561 7621 4457 1903 6415 29 9996 2977 7145 2365 5306 2570 4604 4965 974 5081 9911 3941 1240 6137 9733 4515 8140 9529 4531 7299 4370 1688 4032 8095 1606 7653 6959 1525 5633 5787 7481 4161 90 2391 8251 3411 9650 4084 1843 4538 3853 7342 7000 2088 2782 9215 8636 7138 1707 5214 6849 5470 6460 4858 2629 9169 4851 8249 9756 1889 4767 9027 9557 1188 7200 5692 7132 1024 6720 9323 4028 7551 2923 9295 1160 5750 9690 9682 9401 6229 9020 4860 118 3062 3928 8875 9628 2851 8409 9705 788 1198 5199 9468 2061 8280 8564 278 531 6840 4236 1647 8835 4036 581 9423 7071 5307 8401 736 827 4787 196 2510 7552 8354 2243 9309 312 7579 2177 6942 9931 903 84 9901 425 3070 5603 9850 3916 5780 9328 3312 5735 5266 8715 1567 1451 9708 4061 8622 8277 141 2976 6414 2162 3080 9747 2940 6714 6689 7385 6827 7157 5960 5322 2111 1815 3578 4036 6634 772 9167 2610 357 3038 4116 5498 1775 6288 4638 7029 6819 8231 5629 6198 131 7493 8689 5916 8947 7640 6752 1120 5395 4683 871 4622 3941 6319 9582 1028 1079 5935 6645 40 7791 7116 2438 1901 2780 488 1875 5385 1649 5351 8743 8511 9476 7800 2187 591
4479 4000 9137 9201 7013 0 76 2480 2600 9030 3238 7050 5865 5873 6291 9038 1944 5950 9306 3381 1938 8096 9952 2494 9128 4212 1295 9577 6836 7233 2039 3607 4087 6562 9260 6932 612 7934 1298 3331 810 1715 245 8892 4544 7129 4704 8544 9981 6588 4327 4732 1287 9303 6492 6040 9136 2141 4670 4772 2886 7526 1757 4807 9472 9539 5891 652 7921 277 3323 220 2377 5315 3104 8518 1788 8520 553 2482 2697 1395 8055 5615 5690 3766 5461 6666 1852 5099 1906 8520 2283 7488 7695 1736 5353 4478 931 8349 6436 4165 7422 841 2244 1533 9494 4893 6050 5416 461 1317 6697 3343 3959 1045 724 1663 8523 6707 2149 1128 1962 7897 7655 2823 1290 9304 6931 9854 392 2060 9481 9116 2752 3588 390 3526 195 4119 5084 3242 2821 2270 8275 7887 7484 7347 7917 5511 2467 2443 2451 998 2735 2992 2800 9759 4158 7229 8812 9442 6958 5523 1739 2050 1189 5972 8417 6065 1079 9972 7268 6440 9094 2028 4833 1863 4743 5396 4239 2307 4290 9020 8350 2197 5461 3590 47 6836 9683 6657 6506 7019 5196 4572 649 7268 1102 5713 5446 8747 8658 812 4766 3840 9977 4634 1051 4993 9542 2839 2968 5176 7197 950 8663 5412 3686 4780 394 2596 5486 2716 6618 4524 9116 5002 7683 9896 2269 3636 9561 7420 5349 9025 6434 7042 6774 8365 3848 2260 5425 511 3293 3150 2244 631 5294 5984 1562 7554 5912 3467 337 2616 1582 8546 8191 3388 5464 8323 5573 8910 4619 6561 1597 9421 3602 6182 5473 3113 2642 9086 7093 2463 119 4482 8549 9560 3289 354 3521 1848 5426 6027 6502 1411 7284 9792 6591 9975 8424 4142 8473 9594 5712 8517 1851 7095
9143 7473 9337 6494 5314 76 0 9179 8994 2591 5049 3752 8256 773 9872 9693 296 2077 4516 8101 4240 4744 5589 1976 7808 8420 2438 1684 9753 7149 3685 8837 3744 213 9327 9776 659 9130 3549 8248 1239 8438 6695 1662 6628 7142 8147 3148 7007 7815 5288 1789 6883 6680 7686 6602 9625 8523 2284 2976 9707 2220 2237 8183 7226 6206 8565 6147 6206 2011 709 718 2526 4177 4767 7844 348 845 2815 4208 8679 607 4555 4453 518 3423 6057 8490 362 9331 7154 7054 9456 3018 4198 2249 3941 4509 1414 5160 5843 3040 2047 9930 2528 779 1204 1353 2846 8764 2808 3520 9113 1780 198 5786 2171 4413 6854 2175 5428 1059 9799 3478 8261 8584 8119 8514 416 3178 9793 5058 9629 9182 5838 747 5533 3719 7274 5128 4444 3936 8855 7148 3221 7042 3963 2728 8291 7092 3304 4492 3913 3004 4299 3062 70 2671 4524 8469 8431 7593 1667 9453 5468 6777 499 2341 2348 9402 22 8685 6556 293 3934 8864 8983 3951 3608 8659 3997 3254 8923 889 7463 8979 5597 6343 6168 1986 8897 3155 3834 5143 1720 2153 7350 1621 8988 5399 2626 4671 239 2024 9241 1012 9193 3767 9029 2700 2008 4139 6162 2172 7971 5762 4287 7612 6 2500 2460 3395 2019 5065 8553 9383 8985 3477 3375 6216 3365 4046 931 5247 1795 580 6426 6869 6229 2039 8019 2714 4169 6384 1872 1233 8226 723 9092 9749 9677 7028 1986 9333 7266 8212 9681 6579 1191 1277 487 3788 6719 3603 7352 8853 2064 8803 4502 5681 5067 715 9797 4774 7062 356 502 5410 9499 8755 6460 675 9917 683 9063 615 8057 1728 8847 4770 8458 5096 860 7405 2867 9955 6978 4455 9472 1992
921 9587 4595 5578 5395 2480 9179 0 2246 7989 2135 4510 3081 457 8666 734 7878 2479 6700 8954 3832 3564 1240 9384 3672 2196 2879 9114 664 5392 9870 3982 746 3096 2349 9691 6844 2108 7132 8226 9278 3111 7978 8007 2795 4921 2946 8799 789 9096 4269 1761 5608 195 1263 381 1267 2491 2949 9084 4048 1397 8743 5725 3305 6663 6482 2468 5686 5897 466 3430 4805 3585 4340 840 8227 2393 6725 8479 8187 9455 1637 2477 6330 4703 3634 3228 8086 7688 562 431 5286 6681 8781 9816 8809 4554 2449 3848 7081 3013 7176 3667 2403 3717 2848 9163 1462 3563 101 3398 9826 8950 8629 1006 5382 4740 1973 1425 781 223 6902 7330 9912 8680 6651 437 5616 7729 9466 2104 5903 6044 708 5514 9132 1162 2610 2713 6208 1071 1997 8170 1596 3362 9899 2243 6875 4707 1795 9665 9082 9957 391 8079 6650 4830 8554 8927 6019 8437 729 7718 4801 5518 588 1575 1261 5374 3312 7869 9133 6005 3395 7260 3502 8883 3255 7348 6108 9484 8729 3169 6371 4331 832 7874 2565 1483 1653 445 2357 4438 799 2298 9401 783 7659 9169 671 6045 7769 9532 1137 5637 2633 6222 6604 234 8286 3524 9964 5543 2983 9982 7848 677 9578 5883 8606 3735 7591 5330 6515 2429 6564 3669 2451 9768 1232 9841 9806 6842 7704 2490 7781 3369 3538 6691 7021 784 6418 4695 3983 6841 5607 1706 173 5108 3940 285 9663 832 143 4093 1416 3051 8607 5690 5163 2455 3589 2881 3589 9477 4953 2244 4082 7986 2116 2872 6534 5222 7275 8910 2849 9795 6624 6110 8072 3258 4049 5738 9477 6532 4576 8909 4353 2078 9593 9057 3371 5168 4388 8612 5259 9139 1890 2596
4354 2225 9927 6414 6421 2600 8994 2246 0 2790 1674 3772 5278 4093 3031 4824 1763 2850 8396 3866 3078 4719 6271 5512 3005 6432 3980 4022 7301 1089 1959 9658 8640 6351 5496 4339 4639 8048 3160 1608 3823 2096 8280 4624 5170 1744 6292 3560 761 2517 223 1906 3103 6983 1140 4660 5617 7176 4672 9876 9692 36 9462 7203 2587 5331 9379 9825 9474 3826 266 9940 1634 5475 7596 6132 310 827 8816 489 33 8579 5016 9974 9608 1654 4936 813 15 1265 8955 9793 6596 9262 4775 2399 3391 8798 8040 4654 6443 5555 2304 8713 2805 9714 7393 7291 6015 6207 2817 2942 6281 2203 5350 6554 9130 5521 2 9687 5688 2842 7600 1604 3069 2465 4803 9667 5920 9019 6360 7728 911 7337 4396 412 25 8013 4948 4644 5723 2159 2465 1728 5182 5906 6891 6374 7192 2265 4134 9700 3053 7211 5053 1947 3268 1642 1457 1774 5520 3863 4809 1690 7184 1412 9174 9562 9916 1492 13 848 342 2834 760 5116 3177 8851 9260 5123 9610 8285 3026 2835 2345 9497 7195 2736 7358 1140 389 4883 799 682 4997 8513 5181 6696 6080 1370 6259 2524 564 589 4478 1601 1118 8076 7420 1788 3011 6572 344 3692 4162 9530 2887 4163 9676 8699 1182 3240 840 4381 3009 4551 5580 8684 3183 9050 664 4935 9645 1401 9880 6963 9899 8676 8512 7103 4096 6055 5528 9196 1884 3264 1773 6549 7078 49 6514 5013 2910 1969 4243 3218 9754 7860 9821 8562 4893 3684 1622 4582 9132 8822 3743 652 1226 3876 2294 7794 3748 2195 5916 490 9418 5771 2579 9417 8287 909 9311 7328 220 1612 9916 5148 8422 8894 289 6825 3671 3611 3465 1430 7647 4812 5407 231
8286 90 6100 8747 8472 9030 2591 7989 2790 0 5075 4082 6796 2422 6650 6172 7396 810 7163 3625 297 6003 1812 8698 2247 1854 7229 4046 3429 8736 2472 3567 2855 304 6975 3728 2282 6867 8742 9903 78 9051 1315 7621 914 4182 5648 1290 5488 2236 5891 5518 4919 787 2789 6415 863 569 9186 3440 5119 4207 6887 569 7664 3054 7039 7205 7038 9468 5232 1747 7619 3933 7292 3260 8782 8173 8539 1290 9161 468 8517 2811 4579 9227 8964 5132 5943 5974 7103 449 6705 313 9067 1551 3911 6883 3916 4492 3404 8843 1778 6842 9773 4314 8832 2923 374 4455 607 8790 3148 3232 8552 513 1169 5206 1066 2389 8210 2549 3413 1529 5541 2944 7606 7408 3604 454 6025 1048 2868 9029 2701 4026 9171 9849 7974 2336 8196 8333 6573 5263 3727 1583 7941 4268 5751 9102 277 2194 8938 4234 7095 3062 5288 2013 2789 2209 4524 4291 8439 1781 7317 6329 4256 3769 5457 8306 6357 4901 3912 4349 7458 4074 5731 6527 4792 9957 133 5563 8650 1825 5198 7721 3250 2307 7578 6257 5990 7128 87 6054 5543 2436 9852 2727 840 6985 7044 1211 1641 9258 8864 2840 9625 9074 6219 8737 7946 9715 5250 1350 7956 1514 4925 3859 2431 4721 6728 650 7322 3511 4307 8817 9361 8178 7195 8792 8666 350 7251 5210 9693 4736 1480 1175 5621 1692 1467 9931 60 275 1533 9054 5680 3929 420 4126 5927 2126 3436 1466 2856 4511 4893 3290 1690 6649 4513 8238 7946 3915 6271 113 6186 3352 1246 7819 5344 5766 6552 4217 5614 8437 9248 3611 7280 2190 5441 8461 3037 9583 7839 651 8503 4390 6601 2032 8411 1737 7460 7213 6121 1271 3159 3688 5370 1043
7874 8624 9187 1754 5498 3238 5049 2135 1674 5075 0 3352 3784 3288 3401 9701 6814 568 3575 3535 6312 6513 7732 5973 2724 7441 8901 4204 3961 4593 7098 5709 2307 2370 5821 5600 8141 1417 3989 196 8879 5258 6451 2011 2050 3512 2804 5531 7673 1155 518 7587 5138 9636 6308 2572 3801 944 1657 2855 9176 1584 9068 950 229 6563 6536 557 4166 7788 3515 9323 8166 15 9277 853 6433 542 6091 2509 4464 3471 8635 4807 7097 4517 3623 8380 592 1680 3017 1586 6921 618 9239 4540 225 6794 2646 7247 5553 6040 4869 2040 8593 6491 1225 8216 1181 7987 4566 6190 2513 9820 5806 9127 4826 6299 3601 2682 2112 3394 983 6850 5360 5434 438 9235 7891 4773 5931 7861 1763 6700 5810 5927 5618 9521 2170 3591 7649 4949 4089 7079 980 7804 1795 1751 3977 5386 5798 41 3527 6447 4157 1718 900 7617 1463 2823 4527 4118 9616 8996 5177 4761 3502 2844 4122 7822 5582 5895 3425 2274 803 594 2903 7847 3293 5840 8927 7605 9213 3773 3440 3703 7556 8613 4630 2288 5202 1459 4516 8698 3775 6750 7671 5577 372 7717 1993 3869 5717 8917 6369 2273 872 6662 1233 6206 2966 3906 6079 8239 5554 2116 5516 665 1093 5543 1353 5153 4586 4511 2180 3110 1474 2374 6962 6250 7333 7410 67 3181 9833 8355 7057 4702 5893 1106 4783 7524 473 6276 4110 6131 7784 532 2809 1843 4202 7315 3843 7797 2420 6361 5823 6093 3085 5746 6192 3926 3622 7764 9917 8643 2718 4252 8115 86 6614 2039 6325 7593 9115 5802 7017 6896 30 1915 7003 9696 8235 9062 2961 6321 821 6271 625 9420 9336 1763 9280 4341 7986 1475 3709 6413 5414 4732
167 3938 614 1238 5949 7050 3752 4510 3772 4082 3352 0 4343 326 9258 8936 3282 3430 2775 8747 9959 6142 1251 407 1127 2156 4946 5128 9060 3470 5397 4211 5938 5227 5711 7175 2543 5462 8304 5680 4033 2426 4974 4163 2842 6194 2999 507 9127 3141 1195 8191 2397 1821 1558 3762 4862 703 8219 4662 4058 4220 6457 6827 6930 8220 4768 3257 9250 6020 3164 741 5146 2652 6093 4191 3578 197 2307 1217 4109 8243 9783 7380 5605 4003 6074 438 1770 4201 2413 2235 5215 5160 7245 9006 9236 5162 9392 9927 1370 4829 8258 6844 4484 2719 1664 5206 3199 6 2217 1184 8918 7818 6624 3932 4441 5131 7063 4048 8536 5747 8475 6982 6329 9863 8795 1152 3252 2188 4501 939 7175 9060 2829 8859 7538 8557 3635 9956 9673 2472 9264 921 5397 8526 6887 106 4248 2966 6618 8008 1112 931 5438 4688 769 7315 1874 9847 7591 8315 255 3691 3599 5103 9207 1498 6696 816 2356 4979 5794 5126 5340 1308 4318 5023 2192 6841 5938 4859 9343 9016 8119 8506 4208 4725 9273 8831 9605 6181 6759 9911 9126 9056 7882 8939 6944 360 2894 4391 9748 643 7463 3129 1916 5058 5520 5468 6437 9186 1058 6237 8892 5469 3838 9550 6981 7566 6474 4836 7531 2030 2867 4616 6295 8154 8918 1618 53 1038 4838 7926 749 8723 7324 1895 6331 1036 4313 8561 830 4137 3184 3987 9501 5212 707 7210 5403 3853 9230 9025 8230 5865 247 3193 9494 6541 3810 6507 7137 5763 7230 3912 6444 4362 6103 3951 3634 8434 3181 6637 4182 2608 4302 6911 247 5588 913 6076 7529 3967 8744 661 4575 5771 9460 397 3677 9737 9518 9045 2888 9391 445 479 7940 1722
8506 4881 1752 4823 5710 5865 8256 3081 5278 6796 3784 4343 0 8505 2128 7287 1600 8660 2797 1657 7411 4769 8068 5982 5207 1809 3156 405 8423 7706 1189 4673 8889 3866 2959 7880 9840 8158 1766 6306 5992 9518 9162 2914 3170 7185 3766 8572 1841 3001 7419 545 2843 127 912 6866 4000 5834 9022 6975 478 3682 6598 3521 2345 1541 7322 603 5853 9098 4242 1454 5057 9598 8167 2091 41 2665 5523 4799 6535 9042 1257 20 2891 9544 8248 9318 5519 3068 3463 8989 1207 2899 2751 1717 5918 8394 8959 2139 1824 842 1520 5158 2955 7031 2918 1506 3791 745 4390 6423 7689 6260 1609 408 6054 7795 9015 2414 6855 9795 3197 9874 3399 1634 2491 5507 6626 5831 3526 6899 8622 4135 8147 6290 8842 315 2110 1618 8725 586 6801 4026 9132 474 2408 4828 2127 8466 6295 4688 3898 900 9482 8519 1084 2927 5780 9400 3067 9783 4370 8164 8595 4492 8345 4016 5756 753 9446 1307 4772 6164 7006 2972 6360 5113 6205 873 3787 1794 9584 9946 1473 7570 1726 2097 2774 8276 7557 3059 8276 3233 7611 298 3772 7333 4230 3642 7572 921 227 8263 9741 5347 9422 5855 2131 3724 2338 6440 4902 2038 1626 4477 430 8057 4327 4733 3431 3876 5564 94 7936 8246 9004 568 20 6186 9471 9322 6643 751 2343 3101 7066 6601 5192 9246 5332 1989 5348 4580 4549 6717 2531 7011 8219 8212 4425 473 9981 4106 3508 8411 2926 8457 2449 9975 6112 9241 6889 6366 6048 7004 3609 9726 8989 2526 7199 9265 5621 3899 2901 3916 9570 4851 2898 3031 6722 5540 5901 4505 3195 4094 4157 3004 5995 549 2978 3014 8922 4843 9577 4109 7638 8930 4803 170
4497 2499 7059 8922 9317 5873 773 457 4093 2422 3288 326 8505 0 7479 8138 9355 1651 1491 1151 8950 3206 5442 9055 8231 1943 35 2763 7703 7596 1056 6471 397 2451 979 8831 8777 7743 1377 43 6474 3886 2238 4705 5122 9854 3126 9513 6567 2688 6946 8467 9895 6769 613 9674 4298 6271 7114 6301 1993 8450 9948 9193 1014 7195 4834 3076 6162 983 2279 5771 43 4822 8967 656 7075 7917 4139 3024 9771 3525 7767 4791 5364 8116 9951 7824 5792 7152 833 2319 8177 4638 8478 7357 5550 5349 5645 8388 7933 8347 3043 1591 816 210 2132 9013 8706 2145 4780 9188 3588 9865 8762 7738 1894 1918 7352 7027 9713 341 4218 3189 8130 9449 2166 2321 2359 8751 3828 3143 8101 552 7607 161 7158 6729 407 8642 3290 3591 7192 9389 4925 4698 5946 509 4833 6667 77 7487 2568 7368 3826 2390 7677 6901 9396 3145 8211 28 6080 7728 7088 655 4219 2408 1306 1791 6376 9407 9072 7431 1257 8366 5808 7265 3155 107 7019 3918 1005 8060 7151 3302 6056 805 9874 1135 9536 5167 9118 8142 2546 6095 7392 5822 4762 6555 4005 9081 7095 9641 1658 2907 9671 6749 8368 7187 2182 1111 4681 3282 2171 2854 6713 176 1937 5010 7701 9860 3521 6449 9899 2999 8435 9930 9312 6397 1708 8121 7213 5964 5684 3030 704 7507 8574 8429 8001 2483 3033 4559 541 9633 7120 8726 1986 1591 2993 4664 5300 9174 9012 5503 867 389 9145 8002 8306 9567 3569 2082 7892 735 16 7872 4520 9411 1471 9129 1835 4382 9164 4806 2665 4110 7108 8344 6465 7168 7741 8036 7697 5084 3005 2484 7278 6958 3606 6374 2920 332 3772 6859 2886 584 2333 976
3492 7238 9217 6864 6026 6291 9872 8666 3031 6650 3401 9258 2128 7479 0 1656 4146 8474 6222 4638 978 989 1111 5810 2352 5183 7497 5569 9689 1275 9734 8485 2546 4944 2969 4188 8577 8234 9052 838 5834 6879 8951 1499 4926 2161 6533 4558 9056 7446 3019 4787 6597 6842 6306 9745 9365 8115 8089 976 370 651 1622 1359 8691 9111 2803 3314 6572 9816 8544 4518 202 2096 8268 554 2633 4093 505 3248 651 3714 8004 2790 1587 9401 3950 6115 8034 1029 5671 407 9575 5523 8456 9632 956 6299 8376 1348 8505 3973 1293 2614 6198 9913 150 8826 5084 765 876 6953 642 5893 9977 8332 3907 5057 4982 2654 1801 782 6390 5866 5835 1777 1702 5715 8337 7570 6275 7445 6232 1527 3272 3659 1155 8767 4851 8412 1327 9828 2752 456 5500 5035 1465 7764 9583 3402 3792 1536 7132 6266 9274 230 971 9177 7235 5501 7569 7083 9824 7580 3388 8412 6550 769 2924 5667 6836 4304 8605 2173 1592 7498 5096 2600 5761 9435 5810 449 4566 8098 2906 5111 797 9021 2770 7826 8994 7849 7973 6971 4344 4345 6208 3083 8420 8082 6319 2444 5564 5008 2628 1269 4848 4742 8157 8705 6819 3095 4058 1351 4355 7601 8611 4045 6488 9130 9160 1985 9223 4076 7460 5316 2818 2178 8683 4600 3736 5729 8298 9266 4253 7125 6913 9858 837 4834 3689 6969 9700 9903 1905 5749 2515 2958 1955 5715 1451 8436 1432 6835 3487 9388 7199 256 8024 5145 9128 1724 7744 1026 7815 6920 5850 6118 2363 728 3448 7170 9711 5888 5151 9101 3519 864 5805 6111 5617 5219 2953 8745 8697 1399 3102 3854 8117 2791 7050 9534 5442 7340 4988 4621 6154 6235 9327 799
108 9061 3519 1534 8746 9038 9693 734 4824 6172 9701 8936 7287 8138 1656 0 2284 4747 448 9034 5040 4312 720 6828 2657 6448 6975 7503 6623 3744 9613 1006 169 736 4466 6711 1536 8166 2835 6259 8751 1545 2674 8022 1253 2999 8626 6638 1688 6159 1710 5241 1856 1630 5233 8263 5115 5131 2866 406 2428 2269 8729 7724 8615 4381 2483 6549 6500 2881 2963 9505 1955 4354 6172 4480 1174 2208 5694 368 1710 3906 3467 2777 2130 5775 7056 2499 62 5808 1294 5005 3306 8493 8586 6603 2863 1457 8601 5371 9448 9161 9341 5926 7493 5680 4775 585 8034 8151 8691 7476 1834 5108 136 4492 9017 5623 7045 2209 7086 6709 8948 6700 3633 2629 5543 9185 3772 9885 5044 9498 5588 1514 7229 6282 4942 6518 3744 878 3593 5854 5173 4734 1130 9397 8419 9717 3979 5245 4125 392 8872 3067 307 6630 4270 9162 9350 8599 6981 3910 1018 731 2023 176 674 717 5190 7949 4710 7097 7266 4829 7819 2821 8359 7363 4770 8663 6069 354 1771 2848 5730 7293 5955 3495 9016 6804 8645 8718 1324 7244 9466 6174 3001 2958 8060 8068 9218 6548 9196 2970 5369 1085 1349 1709 6786 5790 4140 468 7622 9946 7168 2508 7151 643 6863 229 7639 6609 6623 1790 2227 1845 3522 180 693 8491 2245 2869 1175 6701 4284 3454 627 7225 2800 1203 6056 7508 5473 3900 7941 7061 9152 2182 2249 8829 2570 1290 4640 2913 6006 6509 9966 6601 8511 8996 9250 1504 7945 2908 2483 5039 8694 8438 7032 8375 746 4742 8722 8300 1881 4529 623 4521 5264 2333 3428 9327 9794 6410 6797 2098 6285 8941 5904 2163 2714 3799 3074 1120 6148 8819 3778 5758 3138 6377
2750 921 5068 364 6810 1944 296 7878 1763 7396 6814 3282 1600 9355 4146 2284 0 4073 8542 4760 3173 3950 1191 9764 457 4092 8659 9121 7823 2153 4878 887 8616 4346 4073 5271 8354 2193 6623 4195 2550 1464 4737 797 815 5939 2147 1466 7568 9512 9926 1695 4387 9720 2259 1060 4480 6051 5075 216 869 9685 4830 1040 3633 2100 2109 8501 5630 8242 6593 8605 5902 1784 6695 4953 9029 9673 4217 4220 3817 3612 800 1812 2440 5747 7254 2902 4528 1819 6940 5762 5642 3621 3999 8473 2892 7871 1987 3192 1389 7844 8000 2738 6888 8688 8234 3152 1685 728 2467 8854 9732 7379 4980 4635 4413 9398 2733 1004 2161 8160 8110 5738 9027 8043 277 7539 7210 1935 8981 2771 4781 2054 1648 5695 81 9788 7024 8221 9605 4762 9844 8182 7053 4728 6350 5463 6472 6633 7772 7444 110 6794 9917 6517 5772 4264 9235 1155 5745 7478 2774 3715 1222 5704 5055 1704 2419 3471 2623 1952 2214 5492 4244 6540 3245 2550 3582 3363 5104 340 8112 5213 7167 5944 5726 9510 4892 3410 6186 5387 5388 9689 2034 349 9451 6835 6379 2133 3591 2028 7301 8522 458 959 6106 964 2117 7510 7628 6778 6850 1113 3763 2972 1872 6333 6853 2320 8765 9835 5831 8201 5133 5895 4186 5029 5186 7044 6983 8711 3139 2064 8966 756 9932 8975 8802 4866 2024 3977 9138 1159 6849 8952 7723 2459 346 6104 2316 1869 4917 2575 2585 1945 3725 3418 9725 8815 7616 3328 3938 1174 252 8191 2728 7112 5604 6529 8842 3815 7396 8575 8591 7672 3950 3197 1396 3629 6328 1271 4428 6019 2299 3767 2511 846 1387 814 6445 7779 7869 9935 97 1843 7842 7845 485 6949
3391 8004 3407 6299 6088 5950 2077 2479 2850 810 568 3430 8660 1651 8474 4747 4073 0 4436 6584 5867 3230 9864 9635 957 5382 1184 6876 2746 8401 1026 4603 9552 1106 8043 4087 2151 2392 4571 3136 6808 3171 2121 9074 3189 9323 1030 9634 8313 1610 408 3260 7171 8280 8155 9959 6636 5886 2529 2748 5394 5146 9564 1312 3523 4801 9074 2882 902 7546 8322 1627 9787 6238 929 6390 9238 978 381 1890 7089 933 871 1978 4761 7772 3825 5597 9674 1981 8378 919 9241 9707 3444 3385 7966 3020 9727 7275 9358 5128 3282 849 47 8937 9550 8384 1779 9114 8902 7237 1076 1686 8064 5477 1381 9310 6165 6454 6315 4446 7404 6427 7841 5791 9553 5342 9528 5810 9836 3133 9783 327 1680 9645 7007 9589 8817 6040 9464 8564 7969 4004 317 6837 9210 7617 3891 6264 43 3835 1801 5976 2391 752 1060 8029 5666 6608 494 6568 6688 4765 2453 8299 1718 4314 4165 3873 993 8324 7257 9028 6910 6958 7922 3980 5989 6658 336 3920 7259 7091 7409 8169 8172 9813 6424 8160 9759 6457 7420 555 7050 2427 1582 8894 671 5834 4578 2297 980 7843 4725 7877 2226 1173 7709 9269 5353 6003 6221 3146 5738 5670 6675 4642 1700 4647 9129 6502 5637 2789 7448 8030 788 8517 5549 7633 1989 6680 8604 9418 1533 942 3007 2965 3559 3975 614 6389 7880 3688 9481 2281 1038 8060 2585 5600 8941 6143 6420 6813 8454 6562 4105 6169 4524 1539 5844 1151 9303 5094 9571 3540 5394 7154 9831 6531 2039 7708 7093 6537 7407 2717 595 4024 2897 1853 8632 7043 9918 4094 6611 6214 7767 586 5073 7285 3744 2494 9352 5383 771 3528 1167 4508 2425 2527
7781 7101 7926 4419 7550 9306 4516 6700 8396 7163 3575 2775 2797 1491 6222 448 8542 4436 0 8999 1247 3499 9134 5227 7111 618 1545 1061 6472 9554 6290 2302 3307 6146 4696 4468 3196 2377 3945 5552 1381 9239 7717 2221 4916 7966 1464 6729 4300 7399 5040 7196 5402 5512 5108 6956 2383 2836 8370 8876 1165 9573 3515 8530 3902 6662 9967 2515 3384 2960 1161 8851 9893 25 2706 2092 111 7604 4990 1169 3259 6677 847 9987 4344 6414 6428 5955 3842 6566 8746 2641 3225 143 3091 1319 1697 5883 3566 223 9122 9904 5958 4504 1738 7001 3315 8946 4043 1280 1626 4303 83 2684 7967 283 1245 7181 5792 1571 5146 5590 4667 1831 3871 8904 857 4257 6206 9296 7959 22 3220 3773 184 8977 7861 5005 9186 6436 4419 3929 8900 3740 2740 4863 1011 6571 6361 8566 4414 20 4213 438 3399 6852 8226 2178 5341 1860 8302 2615 3654 4273 1339 5080 4448 5929 606 4152 6965 5197 1491 8860 1283 5939 2928 420 2118 8574 6376 4148 18 2746 1878 8180 3146 1088 2223 1355 7852 3489 9927 9636 1137 3358 8723 4921 921 6370 1740 747 2511 6501 9081 6829 136 9526 6552 3402 9993 1200 1586 6718 9352 2694 3011 9530 7324 5612 8163 9610 7523 1839 665 9836 5758 8185 8377 9246 5152 153 7372 7854 43 1833 7349 1344 3619 1756 31 8263 6509 817 9552 8710 2884 6227 9820 7977 363 1695 9387 5305 4547 808 8208 1166 3811 4834 9291 3512 8571 9532 4789 4021 5655 3621 1792 5094 761 3443 9249 7774 2919 947 1374 6595 9151 8168 9472 5433 7970 7993 7623 6719 1038 6641 7293 1120 3768 7448 6874 9650 8161 4043 6326 9018 115 514
6296 3402 5956 5657 6844 3381 8101 8954 3866 3625 3535 8747 1657 1151 4638 9034 4760 6584 8999 0 4415 2637 1724 4604 9775 6279 8724 6031 5818 8561 7362 3890 6418 326 1651 8312 8362 8901 257 4683 8474 9888 7672 5174 3816 6348 6304 5434 1516 3154 9299 2694 8939 7321 7022 8107 4670 8361 8823 4273 1566 718 3676 2187 378 2986 9466 9338 1079 6202 233 5283 4223 2671 9905 8022 5936 8092 2629 3522 4978 7121 5217 6073 8954 7234 4822 546 1483 981 3616 8697 7850 6078 9024 5308 8840 2148 5837 2072 6223 6405 9806 1530 5369 1381 1928 3508 8736 3478 3906 3638 844 2733 6338 7925 709 3967 6605 3168 6254 5553 6996 7864 738 900 7961 7238 3605 2818 7250 126 6517 1582 9602 2059 6643 6328 7952 1752 6115 5489 6017 6225 786 2544 9589 4644 4161 3906 1359 7456 3467 7727 5055 9246 2831 8556 9299 7052 7778 6417 7509 6894 506 6018 6842 1281 5795 2528 1998 8020 4763 4163 3555 2933 1507 7206 7618 8448 7563 9829 2655 8798 7361 7336 1802 9329 1678 2092 3412 4596 4792 1272 9184 4013 4165 2195 4311 2942 3385 7660 2489 755 5313 3140 2362 3115 6487 277 1247 3343 3681 7402 1562 748 1481 6669 6330 5229 1766 6353 7154 3412 5309 1321 4302 2048 7202 3077 3991 2796 2497 8420 2155 2946 4263 3781 3046 8464 4586 1515 7982 4768 7654 2954 6514 4758 844 8731 2272 361 1101 7595 2127 2300 8209 5353 8488 4749 1761 3248 6183 2120 3925 8172 6560 5619 693 3126 6443 4241 9379 1816 5037 1246 9055 6626 133 2908 466 6676 2176 7054 3145 8445 9894 900 2936 397 6047 5681 6001 976 351 1571 4239 9364 20 7824
4301 3262 195 4110 9068 1938 4240 3832 3078 297 6312 9959 7411 8950 978 5040 3173 5867 1247 4415 0 7296 7464 3351 5892 2972 2639 1087 8884 9321 7724 1586 376 3536 6059 2759 7591 125 3030 7642 4952 5361 9486 2845 3247 5121 5089 8684 443 7599 3526 1143 5496 3021 8726 5599 5620 3338 5548 5121 6494 9033 9463 4251 2218 3774 8846 8423 9170 1620 7650 609 7856 5020 2551 6481 5141 4786 2436 7988 4314 3240 2381 7990 4102 4341 5655 2255 4590 2374 6947 7706 6121 7897 1297 179 3958 2832 2214 9352 527 9941 6265 1946 8846 9153 2019 873 9184 1784 6713 5039 2754 7842 7090 1837 2761 1340 7797 3675 5522 9345 4864 3301 1183 6790 9411 5567 4386 5506 579 6938 5397 6890 4625 8913 770 2981 4993 8164 2830 6715 606 7803 4957 3208 4651 4347 7658 505 9397 4292 1730 7721 1026 2721 7887 5934 7573 1686 5135 2031 3949 5254 4795 8932 7497 6030 2304 6377 8729 9218 9849 1102 1065 1535 5200 2488 6761 1473 3327 3964 9879 4225 7262 5405 1529 6934 1435 3743 3434 6913 708 1195 7383 2591 5000 8458 7287 3133 1797 7369 226 7734 3365 5210 8885 8779 8747 8166 3424 8294 3511 7767 3932 2250 2847 4907 2227 1700 7620 3205 8504 1999 7160 2304 505 3161 543 9607 5980 269 3907 8881 3960 9664 5355 3991 3863 6520 3127 5148 8758 6642 257 9237 4602 4880 2032 9912 2788 6735 9457 9172 5225 5632 1570 7349 9763 4049 1452 9833 5025 9926 6656 7040 8655 5716 6970 4345 8638 4728 5079 4730 5586 3299 4115 3900 413 1651 5247 7645 170 7297 7171 9307 4594 7886 2350 2981 4623 7973 9467 2371 4935 2250 6006 9752 5722 3322
7215 782 1359 8684 6152 8096 4744 3564 4719 6003 6513 6142 4769 3206 989 4312 3950 3230 3499 2637 7296 0 9657 720 5312 4347 9915 1749 4564 1876 6430 7371 8074 2016 8562 7548 1602 2542 7171 7979 2571 3202 640 3019 4604 2865 7702 4355 9009 674 3172 8119 5970 4174 8886 7746 1488 7171 7300 2345 769 9916 3678 568 4952 7725 8024 2045 3432 545 8286 494 3965 6694 2204 4884 4363 960 972 4786 898 2755 5631 3792 1848 5123 4801 6222 9081 5460 1618 7164 8601 5748 3930 4350 6621 6959 9007 9893 3064 7981 2043 1146 5096 6240 6340 7644 6697 8323 9388 846 9119 4241 2009 7901 6651 9019 4495 9629 8422 8374 690 3182 4435 6867 7167 7094 3201 2237 1216 4645 6263 1369 8841 6287 7008 7720 1965 6228 8194 1212 97 4998 5333 568 1913 526 7362 1726 6721 8739 9722 8011 2354 3957 702 1160 261 4827 9720 4396 2934 134 1122 7174 9055 843 5389 9377 1769 9415 5801 5696 9341 6821 1268 4887 4554 149 3378 6464 3033 6143 1930 9728 6404 6004 7188 5390 1915 626 1785 2310 9480 9104 3522 132 5708 8390 3464 1604 4841 1140 2224 8017 7822 8801 3899 961 3452 5680 645 8325 7600 9208 2400 6850 3574 4573 7295 1173 3938 3845 1026 2667 1081 7094 411 5611 2992 3697 2563 5708 1988 5123 1079 9190 7071 771 8375 3115 8542 8302 1970 846 1190 3659 162 4379 5384 6878 5955 3325 2801 1078 8529 1424 1228 1110 4719 3735 11 5413 5648 3215 8361 9940 1522 9024 1564 3950 6411 9478 6997 842 8612 3629 7834 1910 1941 3770 4753 725 870 8968 4573 3099 1894 5508 6605 5198 615 4498 1828 4316 3909 5805 1761 745
2350 8881 5381 6430 3488 9952 5589 1240 6271 1812 7732 1251 8068 5442 1111 720 1191 9864 9134 1724 7464 9657 0 7184 9467 3257 2409 4680 8844 7703 7663 9463 3229 8917 3986 4300 2909 7091 6538 3610 175 9928 790 2064 9630 7916 9870 3595 2713 6514 1272 8587 1397 3505 4167 5770 9627 2348 4062 7547 1944 6980 5833 7754 8748 9174 3579 2806 6830 8766 7998 1296 9892 197 1553 979 6619 9111 8413 7315 8436 8257 9184 1185 6202 9562 4555 1059 1246 6280 2220 3677 2850 8258 533 881 9979 9961 2139 5866 6760 5644 8558 2882 4820 4734 2677 886 8690 5159 2053 3542 8428 5846 646 3785 4999 9545 8993 2609 7458 8356 6420 5012 4115 1575 4776 3391 311 9762 9637 2455 3014 4030 9439 9203 5763 242 8578 6554 9160 2022 8980 4774 2493 3283 5748 9115 3607 6060 5084 6422 4315 6738 1214 9448 2700 5876 9637 5841 2612 1641 1423 2215 7567 164 1132 3417 8027 380 420 4498 7226 792 5766 4412 5908 3391 5821 2950 391 186 5040 6138 9270 5523 413 8112 4416 4254 3673 43 9029 7781 4367 6531 7019 4302 5117 6041 5539 2404 9089 948 6687 3658 2847 7538 537 2148 1992 9781 2641 9238 7189 1108 1432 5839 7740 1820 5900 8615 2401 345 7514 7884 7572 2607 6779 2989 7791 7038 956 1941 9837 4851 3418 3947 640 5656 6019 3589 108 585 707 6222 3954 6167 101 3991 8930 5890 13 8792 4033 3377 6931 4815 9871 1274 508 75 7497 8974 664 3562 2233 5482 2286 6276 693 6356 810 1575 5736 7544 3635 2129 983 3633 9196 4660 5286 1070 4200 4998 9579 3404 4934 653 6432 5870 979 373 9469 5988 7142 7898 9542 3968
8855 7453 9870 9520 2432 2494 1976 9384 5512 8698 5973 407 5982 9055 5810 6828 9764 9635 5227 4604 3351 720 7184 0 8541 1948 2867 8681 3205 9483 8596 4406 389 6312 7950 5665 2663 237 953 1284 4154 9517 2094 1092 6849 6241 8731 266 6384 7334 8937 7311 453 3442 3036 7114 6165 3121 5381 5424 82 6086 8797 4032 1559 9609 2784 723 7320 2702 4698 5777 5912 787 5415 2437 7724 5867 5304 3506 3585 8397 2511 6595 5412 2415 6935 4782 4369 5296 5669 7995 6116 4334 1035 7641 4952 3410 5157 5683 6513 7002 4290 2217 8084 3808 8639 6227 871 1083 3561 1145 492 757 591 4991 1333 6169 8789 7208 4150 1791 6342 4242 8672 2809 3245 8796 8403 7179 3276 5014 4160 4358 6193 4480 2374 5320 5467 807 6731 4384 4567 7214 1259 4916 1657 9551 2793 2570 9688 8118 3700 5469 5695 9920 7037 9985 324 305 7806 5067 7413 1192 4884 9639 3830 2447 4357 2161 9872 7632 6101 852 5416 5248 6024 1593 737 2692 7827 6869 4524 3157 8624 5186 9923 3372 6892 6886 9040 8979 8165 7127 3596 7184 3165 5591 1048 5853 5955 1171 393 2021 6714 3668 5235 675 1218 6866 9526 6964 1401 3641 537 2482 9050 9148 4728 1540 6443 5013 2506 4056 2176 2259 1066 4899 1834 6599 2419 5488 5206 6386 4454 9206 1730 4679 4456 820 2751 8244 8684 9029 3531 4013 108 9815 6038 7286 79 1371 815 514 6600 5489 1162 7948 9347 7261 5035 9727 9003 6556 8588 7481 7703 4721 6104 8232 2475 852 5375 2580 1476 2883 5249 1740 7888 4036 5715 5830 6751 6254 581 4401 9815 8962 8048 529 603 3514 7208 3069 116 5473 8751 9363 4294 750
2736 6494 865 9223 1951 9128 7808 3672 3005 2247 2724 1127 5207 8231 2352 2657 457 957 7111 9775 5892 5312 9467 8541 0 5659 7299 5608 4811 8686 358 1096 4814 941 9093 7510 7960 1843 1075 2412 6639 3083 9057 4315 5756 8898 2357 1745 4629 6304 4943 3343 8544 5026 4689 1288 2825 2552 3940 8907 5530 6131 3642 7118 5917 5572 1906 3720 6127 338 222 5711 8173 1670 854 8097 2651 2290 8496 820 9581 1107 3008 2834 2336 8449 5493 3883 3465 2856 5325 5120 8116 590 8284 7525 4883 3731 8086 4198 5966 3623 7724 5129 1442 6995 2680 8177 9696 9213 6069 8725 9920 7809 4070 6585 4693 9224 4585 4778 9370 6991 268 9342 8430 667 9132 6853 7645 7049 7711 9852 8931 1698 4028 2700 8324 4197 5754 8755 4776 2271 7677 6323 4281 9649 477 7510 9240 2259 3490 2988 2996 5627 4584 4107 7588 7382 1693 625 2150 986 3417 9114 8155 5283 7361 8811 3887 197 3530 6762 3262 7057 6125 8873 8596 6439 4551 355 1239 3811 9842 4457 6884 5495 56 9457 7254 7678 551 5327 2694 47 6359 7378 1718 8991 1655 9480 3850 7245 4360 6325 328 5318 1255 7695 6025 3940 8441 1620 5095 826 2830 2309 3557 3166 2304 5799 6977 8423 1376 5260 5492 4618 9681 6945 3018 6709 3195 7959 2803 7565 8598 5387 5247 2416 5041 1655 5228 9174 8396 2723 2460 4093 4028 4007 1238 4277 6175 8986 9224 2566 7760 9444 5319 3167 9479 8839 3226 5509 3827 3356 2933 1222 3384 6609 7935 9234 7318 2863 1479 1901 61 4549 7197 6817 7930 35 2267 6205 4323 4219 3550 68 3145 5192 543 9956 2602 3028 5680 2303 8542 4682 2354 3999 6286 7711
7183 1026 6887 4889 2876 4212 8420 2196 6432 1854 7441 2156 1809 1943 5183 6448 4092 5382 618 6279 2972 4347 3257 1948 5659 0 7007 8170 2596 7220 8011 9776 8987 6075 991 892 2797 700 7663 1516 5520 6231 4440 8965 9453 9276 6461 2996 4541 540 7598 9001 1704 78 3086 379 5060 7073 2284 7126 6512 5744 3762 7414 8056 7264 7777 410 4188 4291 5498 90 7414 6638 1962 9877 4500 6315 3888 9301 8686 352 5501 377 6818 989 7084 7732 5318 2639 1743 7744 2533 8264 458 4644 7679 1636 5050 7745 7726 7482 270 9065 6373 3846 2688 8120 1607 7652 35 5996 2311 8865 2307 6541 3147 3521 5236 4122 1574 1806 864 1923 3045 7431 6718 3668 1305 8823 1595 9086 7835 8593 438 5481 6746 8006 5217 3410 6441 8343 4123 9360 1564 5776 784 2966 3184 3821 782 8003 4419 8260 9288 2449 7895 8680 7089 173 7351 8682 3999 3384 2827 5380 5454 9383 7082 6364 2163 8553 5021 6086 5108 4715 7128 3992 7460 3860 2718 4165 7362 3540 6746 6031 1537 6377 7803 9366 5725 4988 2405 3319 4297 1561 5114 8407 2524 7834 9815 4924 2440 6979 5693 846 1024 314 1868 1372 5305 7754 7456 1314 4831 5901 5364 1940 7424 2074 173 8540 9841 7272 2192 178 1782 6566 6130 8323 9645 2537 2709 8324 6848 5776 801 250 4706 7635 8379 1312 1242 6642 195 1438 3557 4468 3422 5281 3594 5333 2720 1025 1228 7789 6382 8521 7195 2400 6991 5608 7284 6943 4413 2879 5954 9939 7727 1030 4176 6031 4421 2409 9116 603 4446 3683 9463 2459 7241 7989 1872 3559 160 3930 6200 8949 927 169 8030 9093 8386 8452 489 7536 4397 5051 3548 2444
5947 8226 6081 250 9003 1295 2438 2879 3980 7229 8901 4946 3156 35 7497 6975 8659 1184 1545 8724 2639 9915 2409 2867 7299 7007 0 4271 8759 4300 866 3631 1011 9140 4204 7197 6041 3752 7800 1764 4214 682 8949 4178 8508 7260 9665 5264 1341 907 128 3071 2207 4969 2402 5344 4609 9437 814 5597 9353 7246 6648 3853 5586 4716 1190 2926 6018 3771 2675 950 4919 3892 2110 7871 624 403 2858 5410 7547 9133 4042 7687 8779 1710 6163 608 7922 5179 8284 9455 2091 6588 1169 4042 9794 1655 4884 3792 8560 1575 925 5434 3400 7520 9964 708 6781 7129 4517 4128 4348 3414 8393 6790 6909 9839 6495 185 1522 4359 4046 7490 1432 1965 1968 1346 9922 7077 6199 7414 4274 8036 9617 5651 5208 6000 2557 4470 1314 1933 6647 9296 8377 9375 5134 9402 3412 5487 3389 4858 2325 571 1591 5828 1126 7933 3633 3519 869 6908 6473 7614 5402 2315 2755 6499 1904 6338 4648 4524 8934 3352 3472 2495 7050 4618 5573 1780 1535 4063 1515 2803 8674 8134 2043 7891 3775 4268 4274 1128 7272 9761 4943 5151 6789 2614 8297 9997 2988 752 8355 1900 393 4374 703 5885 2494 682 2180 3785 6720 508 9887 5604 7401 2996 1274 5218 185 7787 2974 61 8214 6283 2404 4611 7851 6393 7073 7137 9849 3048 6923 2063 3794 4407 8537 3732 5369 3693 1119 7762 4231 5874 6387 8554 3995 9135 1937 1675 9473 3091 318 2277 5767 7493 6327 9153 8182 8483 2692 2446 1714 8574 5481 3038 2377 2567 8749 1316 7144 2869 4915 5476 3531 8961 4456 6224 7730 1515 637 6986 9268 7972 8464 1936 5865 2335 9406 6708 9594 3439 2632 3471 8968 7124 3662 5726
