250
0 8796 6709 6271 5843 1373 991 1711 2026 8451 7951 9416 1743 9869 7204 5405 1872 4597 3318 7715 446 1375 9780 5505 8530 6858 7031 7680 1644 2866 8508 8615 6920 745 2075 7503 1655 7546 4771 2826 5699 9172 7773 6962 9591 1090 4876 842 7912 448 7890 7034 5174 9195 3747 3944 1538 8292 5428 2803 1471 4020 3350 9441 5198 8955 245 1891 4202 5864 3187 4341 9602 5855 4512 4049 3664 8732 586 6620 7179 8554 6361 1239 6063 9297 9828 2515 2637 7343 1137 7838 2741 2871 9554 219 6499 9547 6581 5039 2866 2991 8366 5493 814 3863 4905 2205 6649 5083 7287 9154 2653 2902 1787 164 7644 7697 5327 6601 183 7585 2931 9723 3954 9700 6660 2138 2192 6348 1722 3221 889 6789 4944 7905 2611 201 6554 6410 1906 8147 8790 5789 7471 5147 9394 808 6905 748 3648 5804 3921 8638 7512 883 1996 1009 7946 9464 4643 5081 3643 1808 9374 9283 5697 3306 8492 4566 8006 7036 5001 979 1157 3113 2656 6694 1899 6007 6182 1162 6240 5977 2281 8853 9461 6251 6064 8666 3000 4673 8587 8332 2453 3224 762 1641 3846 7738 4650 3248 4224 5304 9556 758 7801 9518 8192 5542 3297 2753 5427 875 6950 2760 9374 9845 3649 1551 9217 1951 4304 7116 946 3983 468 3870 8979 2209 3456 9893 5348 4883 9269 8022 9696 1786 3200 5523 3197 7483 1676 8653 3728 4514 8199 4019 5677 7333
8796 0 7931 8147 2485 9221 235 9052 6267 9203 6602 9594 5777 7860 2324 7557 9964 9026 4481 6411 3362 7536 3001 3404 3331 7450 7706 9951 6096 2331 3980 4823 1615 3993 3958 6115 2375 4099 6448 475 7161 6423 5705 8210 1829 7424 1347 863 1746 4140 7681 3816 3419 1860 4295 9308 1090 2650 9759 2131 9510 9343 8036 1781 5845 8525 9471 8955 1026 3423 3102 3835 9020 5821 3420 4245 1817 7202 9169 6142 7217 980 7424 8660 8587 2752 8386 3562 6206 1924 4469 2578 3089 2852 4660 1949 4157 1662 9905 1926 3504 3306 6581 80 9427 2803 7633 9359 5317 6014 2285 1247 67 6141 8298 4831 2629 1198 7274 6992 2607 815 4798 2393 3439 7481 313 4811 7445 9796 1775 7233 5454 6922 6283 1732 3047 5762 3578 9324 9520 6449 1593 5435 9572 5023 4564 1596 4932 4278 1038 8676 5725 646 4263 6632 3743 2879 6904 5362 6974 9595 6495 8347 9703 6498 3344 2705 590 9569 4982 8649 9564 4131 9513 5018 3268 1923 7215 9819 7264 6069 3521 1332 9103 2184 5868 2881 5753 2317 4195 4819 3033 9737 7805 2003 2672 1017 491 8649 2933 3703 104 3765 3869 1361 7102 7553 2126 7395 2129 3854 5447 6853 4214 6467 2653 8512 2177 1999 1381 8091 6033 8792 8232 5761 4759 6982 1749 6785 3731 6436 5839 9664 55 6948 9355 3210 8098 5676 5777 3189 3412 3491 9711 7868 2751 7858 717 6039
6709 7931 0 6260 2743 3241 8371 7284 6390 8384 8640 1606 5755 9964 5560 8775 5624 5398 2634 1839 9902 9748 4322 5607 7058 7005 8364 5668 7448 8033 3713 4548 7034 6695 4116 3308 2931 3252 5371 9237 4074 9663 4674 4014 5114 3839 4182 1725 7842 3550 6570 7642 7620 4532 2910 4788 4755 5189 5467 2217 6285 4804 6721 57 4689 2670 5601 4435 1702 6898 8620 5245 3151 6160 7682 3967 7440 5365 7193 3586 9585 4330 524 5231 531 5406 5749 874 8681 1081 6268 1109 8979 8238 5052 6152 5947 2220 6394 7751 4411 9697 1744 7910 6284 1963 6705 6853 9744 280 9164 3909 6192 155 6136 6158 6654 5857 4439 9635 374 943 4831 2839 7070 4310 3368 2702 2640 5160 3270 9553 5531 837 4768 5874 5448 7426 7248 399 693 5185 7667 3703 675 9861 7018 8642 5382 3814 8550 5298 1909 2733 6807 3268 7056 9833 6338 371 911 2062 3244 8509 2923 9462 9726 631 3480 3858 4471 8284 5646 2300 5400 8183 7452 7585 4516 7128 8004 5027 6399 9703 2896 2841 7766 9471 5327 7354 2043 5549 8834 85 2371 7824 8650 6641 9709 1121 7659 2951 5812 6883 8459 8676 6185 1809 873 963 6422 4739 1897 7188 6106 492 1032 4512 357 2764 3534 2623 5350 380 8317 7229 3172 5246 3447 6298 298 5568 1813 6805 3300 4500 4861 5743 706 9733 8304 5421 7126 1131 593 3672 4086 9544 8327 4654
6271 8147 6260 0 9367 7538 1438 9626 4215 1273 7251 6277 3154 8287 5678 9529 1153 7557 5793 8858 4226 6906 6104 9310 1995 9510 6212 7252 6231 6600 2359 867 4971 2894 3074 2348 3082 1292 346 7825 8688 7543 9498 6692 5454 9596 4259 3900 7769 9859 3532 3819 5883 277 983 6449 6585 56 7478 3003 553 5516 9214 3010 9926 5425 8913 620 3049 237 9373 1339 3696 9324 6962 3452 3701 3929 475 5377 817 6384 845 7587 9133 8390 7909 9848 4499 3816 4474 8634 5340 6432 8588 4220 4254 8105 2860 3074 1425 5134 728 5499 5172 8186 7388 1041 7423 3607 7072 8669 2057 7422 5576 7304 7283 1353 4329 4053 3237 3283 3899 2086 3437 2443 298 5250 3349 9711 9526 8225 7997 1935 7112 8835 3017 628 1477 510 8386 756 8950 4831 2752 8898 5137 8842 7840 1088 7556 5475 974 8897 9360 2354 5780 6304 3830 1452 8167 1919 7275 3611 7776 4647 2816 3613 8538 5385 9608 7946 5036 5482 2507 268 1078 7202 5703 3579 2993 9916 62 239 7868 152 916 5923 3365 4446 5730 261 1412 998 7640 7801 3762 1329 6485 6545 1689 5667 4360 5631 6016 6749 4142 9961 7858 4356 4015 6195 599 9934 251 1197 1196 8178 5243 5720 667 5841 359 8167 2844 8438 2408 2625 9177 7651 4789 9258 6216 924 958 9195 3672 6942 8988 3680 4889 2880 93 766 8348 1955 8451 5537 9688 4874
5843 2485 2743 9367 0 3775 3894 8472 1175 1103 8263 3518 8689 3936 3052 8536 9530 5599 7798 291 9932 3988 8588 2854 8785 9887 9807 894 1035 3643 3677 4394 9423 979 7278 8101 4669 1594 703 4258 6027 5125 5537 2749 390 5683 8608 1655 8735 4871 6906 9104 8118 1594 3613 7221 3876 3149 6403 8464 374 9716 9631 2346 3285 6907 1293 6924 4872 7233 2347 5334 3726 5610 3136 280 7374 9625 6898 3483 4818 3801 1083 5956 1905 6554 6261 1154 4993 3207 5272 1797 6241 7152 1753 8658 7658 9285 5375 5027 2750 4280 7506 4182 3373 8364 7062 1790 4800 1301 8618 9743 9087 3948 7617 247 9160 2064 7660 2500 5898 4801 7624 4965 9598 9567 3993 4553 4455 5103 371 1805 7113 1592 7488 9014 1592 892 2652 8330 7127 3340 3871 6734 1746 9746 4877 7790 7216 240 1144 6559 2239 8140 7294 2501 8895 6639 1340 7704 1824 1078 2244 7050 4365 4748 6653 4321 8701 6783 2447 9412 7990 130 2416 9761 3319 7583 4300 3482 9591 3710 2563 7309 894 4125 591 413 5126 6198 9743 6366 266 5661 1678 1942 4071 6917 1896 375 5483 4357 5050 4597 1353 6850 9180 7330 8137 7489 4014 1229 8305 4703 2914 5544 6256 5543 7410 5511 4328 9597 257 9013 4958 5457 8222 4280 5294 321 3258 3122 123 8109 1094 5645 534 3842 6389 4956 5834 4540 1443 7558 8367 8644 1806 2696 8875 7132
1373 9221 3241 7538 3775 0 7920 1512 6004 8710 9912 6586 257 4888 6429 5711 7234 6645 2703 8498 2056 9023 5630 3911 8925 1767 947 9915 5767 4355 4161 6798 149 5578 4459 8682 1340 1130 2197 3057 230 9318 7484 8452 6633 6793 7766 7898 399 8074 158 1323 5470 1906 7104 2549 4446 3163 5312 3777 1364 9790 8374 8138 6198 3469 2401 9140 8159 8063 7973 2914 4561 4161 4025 4683 7014 9801 707 5996 4999 5145 644 3820 9829 342 366 6047 1577 8184 2312 3642 1754 8341 1381 4743 4406 4855 6256 6288 8959 3364 6766 6028 3632 8549 459 3001 8873 7460 3548 5440 3837 7719 4575 8892 8201 836 9076 9431 9744 2008 2827 4089 4748 6129 3184 363 1469 2780 8671 604 1617 7015 3173 8431 4825 2801 2047 3736 7518 3744 6393 1569 1825 1332 8820 4124 1225 6563 1197 7029 9195 4742 2773 4592 3282 8935 9523 9793 2715 8175 1395 1601 9363 5288 6425 1243 5948 1212 6218 765 7979 8430 5176 8456 2677 2948 8752 1828 8059 7530 4239 9664 8512 5624 9216 7007 8194 3932 8104 3682 2756 4771 6512 2705 1963 2314 8495 9747 2400 6375 1779 3187 8509 1856 9885 1480 5519 7851 7272 7975 7020 8534 2000 7381 9062 4908 2946 9507 772 1059 7909 4230 310 4394 4395 4338 8401 4499 2357 5712 46 8280 3537 2715 5844 7461 4087 8189 5973 39 3601 1519 6988 9976 3750 9677 4556 8827
991 235 8371 1438 3894 7920 0 3775 553 4188 7470 2496 8091 3284 7728 3309 2106 3571 9759 5347 6635 9024 8268 6250 7950 4218 1991 5318 6873 6163 7279 7978 4186 776 6194 7907 4059 7609 7007 3840 374 9210 6833 3888 6786 1983 8797 2571 8025 3342 9948 8114 5652 1086 7375 6679 5156 3590 7974 696 3993 6634 2321 5237 4978 2086 7022 6268 4415 6602 2900 7220 7756 950 9865 1755 8195 3707 9910 2313 2238 9811 8581 1590 2348 5312 588 7524 1991 9328 729 7149 5672 913 2716 8631 4971 722 1034 2937 6987 816 4016 9359 9435 9257 9043 5457 4871 5157 7129 3405 586 2595 362 5212 1797 6159 2518 5543 4679 8980 6175 5378 571 9108 7971 6956 2136 4082 8699 7642 6537 7220 4891 5850 6480 4958 5522 455 1402 157 900 8563 6930 1593 2812 2440 2477 2369 1173 1338 1917 296 1163 914 2274 6656 4135 7009 9463 9666 2587 1858 6010 1713 2142 7870 2542 1039 4177 5791 856 9298 3649 3664 6331 7696 6751 3334 4299 6134 4104 2833 8325 1054 3087 6099 2454 2129 1098 3251 3726 1383 5824 6140 7562 8697 3633 1849 8017 6619 7272 7382 2892 7543 4324 4215 3404 7215 2610 2319 738 2184 7364 33 4772 8994 8743 9866 9591 8624 728 3904 3282 1276 5911 3567 3222 5056 2611 3808 1703 2706 1322 2547 5702 8327 5249 3992 3510 9230 600 2520 8864 8731 4698 5041 5273 309
1711 9052 7284 9626 8472 1512 3775 0 2315 8250 7328 2448 5187 4635 2844 5308 4882 2645 7831 2668 7838 9026 9531 1150 3791 177 1413 573 1005 2185 4675 20 2133 4877 4171 2656 5832 4787 1222 9342 7452 4755 1195 6385 686 7538 9157 8132 7531 6206 5692 7687 1980 5374 3813 6653 4000 9158 55 5298 7284 6320 2969 6898 3500 8280 5088 5438 9919 4284 1766 7123 568 4559 4779 3329 9378 2533 4682 8455 2973 1243 4365 7631 2824 6903 3051 6247 7293 286 4275 805 6056 1665 2500 5611 5260 2325 9470 5190 2761 597 1959 5458 6832 6563 9008 6199 7773 7163 5889 2696 8658 6326 4259 8537 621 2700 1074 954 5343 8342 7180 6345 6806 1327 1654 365 8022 3873 1235 7959 6540 5586 1088 6640 9169 3172 8551 256 9801 6811 962 8764 960 1125 7409 8064 5351 5930 806 8454 9634 1952 6908 5635 683 2962 3391 9823 9123 3472 8506 5752 2674 9377 2767 5484 2178 212 1940 4780 6007 8350 75 1590 4687 2862 2856 3976 7341 4799 2131 785 3814 4053 5640 8557 8892 2166 9084 6154 9742 9492 1804 9031 816 1153 9429 9986 2558 446 570 6417 2810 5661 882 2516 115 4132 6662 9469 879 1112 5536 2685 2854 4149 3504 3318 9901 5043 1769 9949 8777 9512 2028 8235 104 513 4213 8279 1324 5398 7777 6030 6064 8776 893 5910 5994 6258 8500 5087 8107 464 4706 3852 6496 2180
2026 6267 6390 4215 1175 6004 553 2315 0 2425 8194 3832 6445 666 1396 9966 2142 5770 8467 517 5084 631 2353 7324 5024 9438 4367 2022 7772 7577 4925 8708 7146 519 2928 115 9559 2338 9532 2020 3738 5562 2695 8556 4158 7183 3158 3105 793 917 8829 5996 6491 1336 728 7738 6474 9479 2195 3369 7691 2009 3639 6927 7109 9045 5119 8094 828 6246 5213 4666 4344 3611 2836 8549 2700 9008 1245 2875 6438 5972 5970 1808 3297 1142 6093 9679 8651 2202 2687 5093 7371 4428 5922 4843 221 4338 8623 984 9027 1762 5181 4756 9229 1779 2654 6875 3021 2982 1938 7279 2644 4046 1298 4759 1807 3868 3209 2695 2731 6498 8928 954 5136 1601 3725 9814 9412 6218 9017 5765 6184 9003 8819 4526 5887 9156 8915 8504 7939 6342 4385 7336 4517 41 2285 5015 6789 6587 1683 6908 7021 6376 2714 2800 2904 6703 9704 5452 1647 309 5866 5384 3257 1118 5712 4736 7064 1982 6011 4618 3308 1234 1886 6919 5007 5805 9917 8285 1960 2815 2996 8307 1548 3735 2934 4500 5584 6961 8731 8133 6542 5035 8995 624 5652 2316 1864 636 694 9327 5643 7210 3971 1718 4288 9925 6969 2493 674 9393 7187 5807 1100 3097 1195 8403 3103 4716 231 8552 8970 6725 2306 8227 8871 4581 859 9301 4618 3365 1599 3076 9626 6565 755 1982 6491 9971 3510 1488 2758 3709 7380 904 2100 71 9440 2386
8451 9203 8384 1273 1103 8710 4188 8250 2425 0 5801 8890 384 6963 9593 1848 5852 4165 6250 8336 4143 7938 7789 2057 7455 7649 6711 9545 2650 9385 1538 4259 4108 9557 5077 6276 392 8642 7371 8145 4931 3667 4265 6311 1537 8517 9633 8398 6214 8762 8001 8159 547 8063 9384 9309 451 6516 6096 8011 2978 1168 5232 7216 6171 8379 9366 8369 8031 8561 2637 5244 9070 8771 4745 2722 7891 664 4451 1496 9900 3584 3074 4836 6438 3803 9042 5385 514 454 5019 1050 317 8618 6042 2306 8529 2115 9243 2889 3784 5087 266 3583 1907 3132 2181 2683 8419 2477 1507 2163 7344 300 2901 2057 7536 4338 9694 8537 79 750 1410 6580 1135 3500 4903 3551 1540 2010 2285 9146 1261 7882 4919 1882 7709 8719 5935 9521 9529 4440 352 4033 2985 8109 2126 9427 2544 6366 2546 80 4030 4332 4560 4711 9885 4456 3561 8355 1471 6880 7245 906 5387 6839 6777 4394 1835 5512 3997 4726 6567 2939 473 5232 9217 5807 9818 8367 6522 954 8805 3097 4980 9916 275 4955 7127 5787 392 9276 8811 6713 8801 2035 1750 6979 7790 8735 6587 1735 6638 4333 564 7923 8573 6270 8116 7809 7317 2429 7324 2095 2370 5852 7827 4523 5375 8193 3107 3131 6467 8906 9425 9960 6846 8760 8446 2006 455 6412 8870 207 5557 5328 5752 9188 4934 2446 420 7734 9382 7487 9256 8281 5968 7159 3484 9977
7951 6602 8640 7251 8263 9912 7470 7328 8194 5801 0 3401 6297 6514 9115 5654 9156 695 4076 1186 5514 6874 4794 9792 3515 4450 1206 1533 1765 6672 3602 2896 4327 5301 7575 5305 912 6194 4840 5796 5230 644 676 9064 2091 9709 300 1017 8429 2399 1976 7603 6081 2137 4189 7041 8354 7120 3814 6624 9902 5014 5320 3746 4659 9904 1473 979 1607 4781 4990 3654 321 656 5316 4014 7407 3350 2669 6854 2020 8346 5715 1609 3179 8792 1602 887 5267 4636 4007 8957 4671 2991 4564 2160 7341 4235 9584 7000 8064 8703 9740 6167 2217 8329 5464 9252 9324 6453 1134 1745 8721 8742 8142 5285 9266 112 1465 1649 3538 8347 4228 2912 5916 5566 9936 5138 3273 7906 3441 1039 3820 2545 716 1728 4202 9512 983 698 2880 391 6397 7686 6993 3394 6101 3115 1304 3319 2373 3514 8082 1159 5034 7436 5074 7724 7795 1062 5454 2394 4074 255 4624 1996 7371 209 6773 9158 8085 1509 2621 1120 7183 1593 4342 9300 7736 9639 3684 9265 9699 7621 7907 5224 7307 1906 8692 5188 7426 9616 2931 9492 3778 3133 1671 7263 2226 3230 7885 562 7991 509 5016 910 5316 2487 3412 1409 363 8244 9713 4458 5496 5663 7946 2331 2343 1484 8560 6916 148 3930 7006 4666 2883 4016 1572 1635 5079 8454 3362 8312 1353 9788 5833 671 57 4523 5796 3132 7102 1313 913 2138 3258 2388 2466 5169
9416 9594 1606 6277 3518 6586 2496 2448 3832 8890 3401 0 35 3365 3269 5057 8272 8589 6132 3719 6788 3173 2127 3331 4542 2735 1669 7554 8561 6381 8557 9409 2148 7139 152 7211 8789 7529 2111 4304 1977 3580 5756 3496 1111 3961 6637 5651 1749 1483 5493 9193 7592 54 9734 1370 1481 4396 9282 44 4746 524 5492 1253 6584 5434 989 2009 5285 5783 7917 8472 4918 380 7167 5773 4615 4007 6297 4001 8578 5422 1581 9909 1011 834 3650 7901 3246 710 3121 1762 6848 4332 9420 5925 305 8078 4827 142 4179 826 2825 7574 8993 6598 6582 7954 1286 5678 1273 2147 4365 8831 3974 9355 4508 691 7493 9856 9956 8029 8726 7983 2907 4277 3999 9937 6994 4281 5283 4897 6755 470 2262 3843 4813 470 8997 2638 5370 584 107 568 5541 4038 4624 6134 3356 166 2146 9847 6346 364 7925 353 8065 6583 2282 8313 2928 8270 6645 2481 8038 3912 234 3336 2374 3309 6779 4800 859 2198 8654 4450 566 6276 8134 6991 2025 286 7663 1018 4230 9097 6812 1712 9711 9208 3019 6599 6445 4065 755 4814 7348 3599 1111 3619 9528 3468 2282 7049 2521 1697 1037 6424 7906 4658 7511 4755 2912 5963 4316 734 3928 8400 7680 5114 9485 2147 2589 35 8774 8069 7209 7303 6231 8399 6924 4977 5325 1157 7124 5335 1864 6442 4181 7862 9938 1571 1419 6974 5339 345 8493 1262 147 2143
1743 5777 5755 3154 8689 257 8091 5187 6445 384 6297 35 0 8305 4631 4918 8085 1645 8565 1727 5161 8453 5857 3453 7385 1380 4552 8016 9916 496 6377 8793 7202 8543 3735 6317 1901 7284 8153 3845 4499 7385 3790 9268 6858 4047 2775 7842 4291 1695 3587 5342 6624 3222 3951 4074 9627 6328 6531 5567 718 3994 3728 55 5968 3318 7323 5757 8962 2049 9084 7951 9787 6648 5007 5006 8256 3083 4440 1273 3557 8232 9882 2196 2711 6146 3838 6134 4468 3816 1374 1604 168 5262 2231 9216 2425 2751 816 6228 6819 3502 9954 9715 7307 2887 7406 2736 4544 8387 7009 185 4052 9822 5604 8030 737 1970 684 7908 1966 5743 7345 8503 2357 564 558 8558 953 8688 184 4363 8893 9198 5530 228 7766 8623 6417 8120 6034 9307 3449 9368 4057 4014 1610 3997 7521 9965 7743 719 122 1161 5836 5672 9513 1154 2480 2475 7549 8113 8514 2725 8666 9221 423 6923 5097 3471 8435 4369 8246 9100 7916 562 7145 3676 2460 8529 5347 5015 3462 2193 9876 1236 4295 4223 1763 1296 5218 8218 2402 4994 1935 7155 7276 7288 2267 1585 7703 3945 3528 227 697 1143 2489 5610 119 6386 101 9893 7157 7058 3776 2895 3027 4577 4186 3418 6683 2965 5225 5397 6949 5081 331 8788 1017 8031 1666 9170 6340 9442 1967 5550 3750 5260 6317 5286 4741 2002 5646 3747 1801 3953 8388 5287 3013 2584
9869 7860 9964 8287 3936 4888 3284 4635 666 6963 6514 3365 8305 0 4212 9073 1976 9389 3542 6360 7768 5991 6474 7976 3112 4217 2081 4200 6142 892 8075 4055 1125 687 7921 7294 579 9759 3600 9038 2760 5565 4072 2305 4535 4447 5117 1311 4142 2896 7878 6735 1812 8431 4232 325 2778 3991 8902 7976 799 2226 5650 9900 2352 4897 6350 4540 4214 6694 6535 9251 3391 46 5992 1564 5715 5823 4986 5768 5263 6775 6790 9733 1692 8449 820 5421 5473 9795 7510 1634 2039 4152 1515 2444 4179 3612 7732 1032 7476 4885 5357 8139 2373 1620 8433 2093 5560 1601 1337 3338 2085 595 5994 726 1648 1977 3081 2528 9436 4368 7591 2846 2855 1222 4508 8642 1323 1466 5144 9607 6099 8335 4105 4582 9661 1675 6792 4079 7582 4494 7712 6982 9637 5914 1177 1963 9335 1186 4352 1653 3726 6116 1842 8645 9585 5694 6785 1365 4679 6004 3736 9420 5830 102 8551 8803 4173 6118 2367 465 3994 4651 8562 9337 8197 3762 5980 4787 9248 5987 9572 8080 8975 3946 561 3240 7738 9042 6761 361 1430 4966 1738 8942 228 2462 6666 6526 7147 3533 9427 6364 7502 4821 1087 8861 4178 3456 7546 7240 5044 942 7859 9429 1160 4022 3335 5826 9002 1326 3905 994 1173 8971 4551 5808 5755 6472 6819 149 2676 6842 5109 965 7323 1257 6477 3610 6180 6305 1895 4294 9880 5828 8328 1471 7537 7275
7204 2324 5560 5678 3052 6429 7728 2844 1396 9593 9115 3269 4631 4212 0 9203 2560 2535 7789 8058 2071 8260 5562 4740 3462 2010 6927 2796 3620 2499 4210 9293 2143 6724 5167 9289 6739 6703 8250 4642 1659 1519 10 69 7683 326 2026 638 4222 363 3432 6517 6297 5654 4579 3612 6045 2342 9878 7724 4401 2714 547 135 6349 7795 4853 853 9902 6104 2595 6497 1206 1257 3299 4180 677 2790 418 5438 7924 2307 3347 6179 3019 6327 8367 3415 6504 6921 3786 7814 2802 6661 847 6323 728 6545 9828 3232 1093 4177 1286 6902 843 6254 3101 1827 4009 8933 8942 2836 3863 8130 6980 4219 8474 3998 9639 4764 3778 1601 8758 373 1390 2949 5794 791 9437 5315 258 1538 4068 763 3766 2338 5922 2482 5779 3475 2674 5320 2577 4880 5093 2193 5523 3523 1913 9097 3671 1805 5750 6939 6653 3785 3938 5177 6666 1261 784 9354 1168 4944 2090 3891 1400 3004 974 6633 5016 8350 718 1928 7765 6294 2564 707 5062 4611 3267 7451 4148 3564 9504 1183 2240 2031 2120 1271 6852 6726 1759 981 8554 5481 2283 7849 4818 8246 2506 7979 7423 4926 4254 873 3543 6761 4139 1726 780 7143 1856 6080 2693 5655 854 9557 5529 6550 354 720 1834 8530 9351 6236 8725 6260 1739 4499 4630 1415 9417 8003 8571 3719 5940 8910 3001 2342 454 4393 9423 9552 7533 96 4340 5473 9842 4710
5405 7557 8775 9529 8536 5711 3309 5308 9966 1848 5654 5057 4918 9073 9203 0 6790 5755 9295 1781 6988 3175 5327 8572 2026 6994 2082 4501 3286 4030 8248 7642 9832 4125 347 7163 1201 6318 7940 3652 8664 6639 3834 7504 5752 2102 6297 1431 5953 5718 6270 8747 5997 2943 7729 7874 7302 9703 981 6713 9311 3648 3980 525 9973 8728 7341 6777 1207 2931 5028 8272 8838 5514 7367 666 4244 2444 2633 9072 8852 666 4919 5966 4467 7912 2387 1529 8639 4396 1324 336 4429 5893 5218 1809 6772 2059 6727 7447 422 910 1988 435 9881 2215 1337 2733 6523 8341 9325 698 6328 1515 1637 4122 4021 4806 3083 9622 1181 9419 5089 5127 7839 9093 1468 4572 367 5536 2885 4468 1615 3599 3993 2001 7552 2829 2568 3549 5504 9377 7615 9289 7609 2323 9747 451 5698 7740 5075 7404 6805 9381 9110 4512 9376 1803 2472 8806 3671 7206 4456 4743 7982 3755 2999 3487 6701 2071 1799 9870 8879 5420 9613 5767 1381 208 2148 8488 8844 5101 3323 7595 3854 1035 332 7467 6577 9232 2795 8245 3896 9209 2666 5333 6841 839 5132 9348 3817 6663 4861 4134 8787 6698 7905 6118 6057 3715 7297 4844 2162 8729 5532 819 3945 9840 1408 4389 4680 8045 9630 3858 1604 10 5740 3385 3351 6775 8465 2746 3830 3787 9281 7176 3774 5284 6637 7999 7593 7390 9008 6671 7910 3569 2294 9498 2588 4907
1872 9964 5624 1153 9530 7234 2106 4882 2142 5852 9156 8272 8085 1976 2560 6790 0 4325 1677 6276 3670 4289 4364 7180 8909 595 781 6211 2549 7843 4641 2198 6906 5295 5792 7513 5150 9353 8078 442 2927 9382 3545 2287 6922 3434 610 5411 5665 3200 3197 2566 4002 7911 6516 7050 4713 8425 2989 2166 5937 7432 5080 9273 5410 8041 8645 4617 5977 7738 7039 6147 7172 7086 9168 3995 7782 1787 1071 4096 3025 6206 3387 2084 6895 8006 3965 2560 8531 7496 4113 8701 5223 6382 1858 3479 2704 2651 9880 7142 6640 4523 7806 5848 5993 4850 5631 4683 2806 3924 2045 4378 7212 5358 6016 7958 1409 6358 8273 5754 5938 3640 7358 9365 6263 2485 3168 6832 6338 2088 4332 9765 6865 5195 540 6190 8610 1620 2747 2175 8112 6901 7916 3600 2568 8556 5434 344 5931 9615 3913 7452 7580 9178 6429 6906 9158 3508 5718 1136 2908 7298 7785 6806 4076 2106 5583 3800 762 6866 363 3654 5526 4072 4151 3088 7524 7624 2909 1047 6012 7260 4125 826 6709 7505 3310 7967 2927 2452 5295 1998 6995 6716 7111 5927 5010 9308 6873 7040 9166 3578 1147 5766 7289 3101 9495 5096 7582 1744 9517 8304 8091 1315 3934 6598 3135 7975 275 860 9650 6094 3098 417 845 1971 3182 248 7055 6033 4700 6232 546 616 3030 2375 6138 9095 3160 6465 1449 374 8316 7067 6014 5278 70 703 6633 664
4597 9026 5398 7557 5599 6645 3571 2645 5770 4165 695 8589 1645 9389 2535 5755 4325 0 127 8426 6042 3134 509 4050 4551 9561 8685 657 6950 4661 5798 7716 1553 3501 8566 5355 4392 4147 2680 8799 9702 7127 5947 4883 9690 5821 732 959 7624 3625 80 5774 9407 4381 5820 2678 8308 8812 5821 9280 4126 3698 8868 6033 5700 9718 3885 2051 8261 9897 1005 3380 9755 9085 2094 6227 1557 9599 1292 8002 2457 2112 5640 5551 1783 6553 4131 9018 2339 5218 1535 9586 9774 9791 8448 9154 7884 5307 946 1797 1978 3273 6762 2247 1522 9133 4343 9904 9112 8109 3756 6104 1552 892 1545 5042 5853 2852 3694 8572 3726 284 7403 6312 628 9869 7609 6123 552 6563 9721 619 4461 8977 6076 3494 7881 8366 1763 1286 2796 6965 3152 478 2271 3845 7463 8681 6995 87 6725 5586 3511 7450 8053 3281 5137 9367 9064 6167 8014 3493 9663 7224 2003 981 5616 2313 7093 5166 8151 5276 5671 2582 7114 668 1538 7851 2830 5844 3967 687 902 6269 6971 7803 1498 7200 3018 3648 8553 6870 5204 7456 6630 3647 3975 5105 6004 420 5974 176 8258 1723 1030 9087 7800 5660 2601 5238 9983 5196 2419 7014 430 3990 3734 8864 1 1002 6451 3665 3269 7837 2194 954 5591 6591 4334 4051 5038 5082 3043 7282 5119 8059 2650 6717 9075 8797 5022 5255 9424 9529 530 2603 6191 3687 5225 9349
3318 4481 2634 5793 7798 2703 9759 7831 8467 6250 4076 6132 8565 3542 7789 9295 1677 127 0 9022 2171 4485 8710 8346 9519 1748 8453 5560 1846 9471 525 4858 1720 2345 4345 5490 1463 9677 4361 6928 6442 4076 8588 707 6176 4726 7023 6020 3629 6132 3135 3268 730 1648 4709 8347 5774 8816 3858 8786 6951 8897 8756 9760 216 5594 8330 5967 7562 127 2204 1919 647 6814 4455 164 4164 4073 9091 227 6839 9457 8714 2826 1922 6623 7480 5687 4515 6214 3811 6442 3130 1111 3857 9749 3759 8455 6419 9242 1654 119 3281 8958 3037 7436 4226 5900 3935 9003 9202 2395 7279 5221 3017 8599 8098 2040 7754 6965 8809 2428 621 4630 2978 3238 7785 4777 5093 2880 7552 4923 7424 4317 9475 9117 772 6533 1072 2032 705 4627 4340 709 4555 8661 6029 2572 3622 7504 8923 6143 8982 3857 8595 8169 2814 8034 4260 6335 1644 7792 3904 9611 886 2756 3213 7916 9556 2437 6072 2808 4041 9944 7727 9548 8186 6045 9486 976 9026 4278 7024 6098 3551 3245 6229 4318 741 9479 2623 8462 6356 741 2590 6459 3787 1498 351 1165 7086 7139 9677 5540 8707 3161 7728 6585 8463 5610 5004 7415 2760 3114 1999 1447 3850 7093 7949 7335 6801 7301 7859 2035 7608 150 4499 3764 6111 4445 9991 4788 7516 5815 276 7739 6791 2679 8200 7536 7668 8728 9908 714 1677 7508 7668 6286 8013 9460
7715 6411 1839 8858 291 8498 5347 2668 517 8336 1186 3719 1727 6360 8058 1781 6276 8426 9022 0 5432 9749 655 1835 1812 3912 8188 4880 3847 8497 1713 4841 6508 9248 1475 3948 3758 7478 8513 217 5409 6969 5013 5440 7688 9481 2437 7410 6395 6864 3364 4557 7505 9640 2230 7091 692 6439 8265 2862 3405 3096 1458 2986 971 4669 2097 4862 6164 72 4108 5783 5245 6713 7064 4213 3083 1048 6624 7500 305 7103 6174 4442 2042 877 6748 6512 9793 5577 4922 3379 204 3169 7074 5616 7294 3479 4131 5581 9339 1455 2450 8628 2577 3728 4763 5666 2874 4071 866 8301 4377 7727 946 6730 5738 8121 8220 3985 4524 6736 9317 9195 5966 6701 5052 1369 6228 3393 8493 5109 1332 2824 9574 6202 1897 7127 5918 2578 7742 223 523 8861 3134 4083 2337 156 8778 6028 2783 2013 4794 7507 2781 331 4489 1071 5195 1722 1164 8389 8951 1907 2879 8619 8652 7371 6640 4964 6174 9705 4545 3022 9430 1510 3540 1717 7303 2348 458 5381 5181 5645 9654 5299 8354 9386 5598 1961 6896 477 5117 1118 6249 1400 5107 5313 8973 8085 5242 3995 8624 500 893 9230 9090 2732 7009 117 1067 5024 744 8090 1440 3668 6044 8829 924 1311 4409 2575 7962 1000 6283 1907 2747 1152 474 5712 5271 457 8012 3555 3843 2174 880 3312 9814 282 5144 5591 778 7507 7341 4943 8467 1813 512 7517
446 3362 9902 4226 9932 2056 6635 7838 5084 4143 5514 6788 5161 7768 2071 6988 3670 6042 2171 5432 0 6289 9166 17 5591 8008 8519 284 9348 1194 7453 8284 4918 4597 1887 6732 9585 5743 7851 997 7252 5837 9295 6572 3119 2775 3709 8223 4746 189 202 5917 7708 1489 1449 2474 5598 4347 2076 3009 9617 7790 3901 7557 5984 4585 6446 7616 7904 752 6953 2535 7919 9400 9798 5580 6358 7089 5013 1120 9833 3390 2290 8607 4178 9141 9100 9668 3999 2846 1641 2589 441 1075 7198 7289 3793 1769 4454 4017 860 5887 1459 2591 6431 9253 8917 2380 5549 4664 890 4192 9272 9259 7978 8103 8188 2527 6173 611 4029 4814 3452 8654 2952 9732 9150 3432 2574 4200 6285 2165 138 2654 7133 6996 9114 4052 3112 9530 8239 3512 2060 7364 1697 2362 4232 5166 29 9210 2686 2838 9339 672 8522 2247 3404 2579 2548 6807 7467 3632 7959 451 7701 8746 1639 1843 1153 7091 6021 4961 7804 4201 8615 2317 169 4493 2418 3481 7621 1015 1545 6904 1796 2326 2034 6230 8613 6962 7636 2860 2956 5648 3358 7729 8854 6374 7909 6956 8158 6894 680 3299 6251 9707 1028 2858 4957 9005 4981 8852 8842 3708 4562 4454 4961 5908 2812 6747 9540 6292 7707 6472 884 8591 824 2421 7504 4942 2476 2068 1017 3588 6231 476 234 4664 549 3147 343 9380 3697 6981 6220 2231 172 1260 5669 9277
1375 7536 9748 6906 3988 9023 9024 9026 631 7938 6874 3173 8453 5991 8260 3175 4289 3134 4485 9749 6289 0 7481 1535 2443 2280 8972 7480 4768 1873 9340 6176 73 5341 63 3025 6681 438 497 2025 2079 7711 1353 7367 1197 5260 7735 520 6602 826 3263 293 2928 3658 8698 382 4719 3910 8029 4671 957 4340 4847 5891 4081 5553 4812 3658 6525 77 5736 4106 4672 8456 608 9041 7759 5685 1996 8109 7631 1714 6410 1732 4084 8548 4079 111 1340 3166 5110 3071 8897 7477 5365 6889 9902 7787 4118 3494 1951 5530 457 3140 5582 6316 7853 2318 8995 3611 982 9807 7498 1494 8089 4407 345 3777 2990 626 320 2390 9656 3878 6593 5993 1156 3949 5561 7489 9391 8670 148 5198 4905 2489 13 781 5023 2001 754 2915 1223 1706 8351 6140 5021 1279 435 7589 2143 9582 7743 1891 7572 842 6531 3963 6076 9089 135 8070 8559 6819 5635 8640 150 8937 3306 626 4550 4595 2873 2341 9701 463 8688 8023 9092 7658 4055 3773 5168 9829 6005 7783 5085 2324 8803 9878 5269 4518 2790 4775 5684 751 3949 6953 2874 5953 8411 878 1132 6834 4264 5121 1621 8232 7646 6578 5255 1924 6429 333 9512 3655 6287 7839 7260 1463 2433 6180 2290 822 2274 4297 6695 3220 7815 3251 4565 8266 1043 5907 6265 2987 8083 3094 4869 4454 9848 1751 5194 1752 1931 8357 9271 1351 6246 2471
9780 3001 4322 6104 8588 5630 8268 9531 2353 7789 4794 2127 5857 6474 5562 5327 4364 509 8710 655 9166 7481 0 1420 3880 6684 3399 4105 173 9958 3404 2580 5182 3746 2111 5379 5025 980 5624 5941 3283 7627 2905 5251 498 4157 2159 9221 7137 7512 2406 9500 406 9913 4566 7126 9728 3367 2220 206 1855 5106 5418 4746 4082 3528 8784 4621 336 2363 8215 5415 9421 65 1011 1657 4986 858 2287 1587 2001 8238 4375 561 373 7316 527 3111 5932 7235 2758 4859 8065 617 4224 9974 4239 9614 6323 8685 7697 6044 5461 6379 7186 8886 700 6170 6085 8474 202 822 7102 9724 9350 7853 9095 6060 1914 7556 8493 2989 8558 8569 9967 5699 5535 6490 8190 3974 5513 5229 2772 944 2901 6292 4143 7735 9158 8037 847 1924 1403 598 6067 7582 7600 8171 5318 6713 4776 9515 9035 1930 2963 621 3728 9741 6907 1931 6329 3076 9489 4217 1181 8274 4521 7670 1243 5722 4165 719 6742 6588 3847 643 1208 4363 8067 3284 9863 1415 9592 166 4644 8926 2046 8463 2513 1977 9064 2307 7556 3890 8348 5184 8953 7048 345 5031 5382 809 7570 9234 571 1344 1972 1854 3150 7423 360 3097 6079 4830 4628 4219 6013 7597 7142 5257 6228 1916 6594 8947 7839 7121 8933 5262 4836 7333 4463 5680 2221 3318 5474 3950 1846 2114 7632 2108 3025 8478 1889 6208 2356 7371 2781 180 6026 8091
5505 3404 5607 9310 2854 3911 6250 1150 7324 2057 9792 3331 3453 7976 4740 8572 7180 4050 8346 1835 17 1535 1420 0 9889 2964 3120 8323 7749 6006 2240 448 136 9293 8214 9080 3238 5177 5336 3536 2733 4670 106 559 9047 1224 8452 9948 537 5180 301 3163 9053 2822 2145 1964 3460 724 3602 4706 7938 5051 9497 7930 2145 4150 3627 4076 2072 6488 3505 9476 2750 2504 748 6479 4932 1405 4591 3876 6620 4568 9746 5690 4809 2501 8666 4144 8461 4172 773 6755 3679 3242 5456 7694 8948 5870 2685 9776 2796 7054 7491 8853 7413 2983 5007 8029 687 219 346 3159 2513 2662 7876 9572 9468 1362 4068 7824 6571 8958 6303 4780 4723 6139 8442 1508 1383 6131 5080 576 8292 1020 4211 180 4930 5000 1123 5753 5833 5773 819 6832 3161 4759 2899 8076 6020 5262 5632 9214 7976 3170 5842 944 1497 5667 9888 2188 7077 3240 1214 9284 2262 2610 8094 9247 1807 8864 9375 1043 936 2839 4382 6048 7617 1152 7866 1281 2789 3468 6180 3242 961 6528 8009 904 539 7292 140 5340 1260 1105 6155 9630 3830 3607 2024 7274 9391 1833 1900 4123 3678 738 4899 7696 7333 2836 9298 545 6274 6342 5184 3259 6953 4660 7907 5173 4111 1366 5192 541 8018 4503 369 1443 7517 7197 3992 7105 1540 887 7200 8433 3310 2952 1245 8703 4418 785 8198 456 609 8860 2684 4092 5323 5722
8530 3331 7058 1995 8785 8925 7950 3791 5024 7455 3515 4542 7385 3112 3462 2026 8909 4551 9519 1812 5591 2443 3880 9889 0 5713 7471 7508 2257 6358 2620 3121 5927 3809 8877 4573 3199 2481 5204 9445 2611 9269 1106 6236 8575 7733 8671 1622 5428 3520 3424 8546 6610 9435 2118 210 9777 2182 8822 8443 1519 5918 9536 3124 7064 9370 1183 3299 5774 1943 7222 5587 8550 3637 9849 2479 5953 7934 6610 4607 8668 1110 14 9403 6409 7172 1729 4566 7277 2453 5154 4917 5782 3016 1998 7790 7863 6466 2459 7419 2145 8100 3468 7820 8006 7264 6130 5927 237 1063 542 5809 5344 3410 8084 2729 8391 6895 7502 3972 6210 6120 3890 6145 2551 8782 6729 238 5646 8918 5612 1560 5058 8790 6217 1206 7768 9630 2335 9880 5717 9781 7687 383 1488 8296 5810 9537 3804 7023 6865 5490 5229 2704 7537 6518 1358 9787 7994 2522 9471 672 2185 511 4297 8905 3983 5691 9352 2806 542 9966 8567 8865 4291 2761 4159 9836 5399 6550 6419 5339 9568 4735 7909 2609 7159 1264 5533 6133 3032 7702 8476 1884 4563 4040 5112 3085 1286 3487 1538 2158 7890 882 4369 9798 7504 787 560 2102 602 381 224 5804 2652 5705 2511 9585 1262 8625 2969 5780 7094 7328 9668 5076 5783 2801 3469 4694 3639 6330 2283 8330 8753 3533 2912 8244 9163 3056 9545 6466 811 1883 5468 405 7808 733 7520 5178
6858 7450 7005 9510 9887 1767 4218 177 9438 7649 4450 2735 1380 4217 2010 6994 595 9561 1748 3912 8008 2280 6684 2964 5713 0 6820 21 4406 7119 3961 2114 6127 4877 1200 2573 6363 5278 598 5940 270 9517 6710 8307 2196 6080 5843 6975 8632 2527 9456 1372 596 7610 3935 4353 4423 8079 892 9585 1316 8001 9640 1661 3259 6045 2806 9397 2006 6376 7941 4400 7456 211 1964 5176 144 7903 6745 8331 2531 2565 7297 4880 1698 5988 7236 4494 1902 6039 4633 9218 7839 6522 69 582 8452 9037 7273 5825 8136 2516 8393 9335 9821 4664 9047 4988 2043 9228 2230 1458 7579 4338 4997 8365 106 543 3228 9244 2784 8817 2206 588 7278 4231 3275 8091 7142 663 9997 3042 5590 160 8497 8416 1544 9104 1151 8450 7520 6065 5485 4094 137 2819 2782 1665 6894 4286 9008 204 8189 590 2224 3564 3937 5774 3482 8572 8442 6546 7481 7707 9673 5105 1930 2583 2871 5771 475 1864 4495 2705 4344 1198 4007 2611 8768 7301 410 1678 4089 9422 7224 9016 7638 123 9168 1485 638 1011 8018 1567 3106 3097 698 4031 1086 3208 8447 2917 8781 4790 4576 340 2862 4629 1818 1172 2217 7981 9904 2597 4636 8631 194 7667 1290 2241 6452 8260 5083 7343 854 1475 3598 528 5620 4733 3581 8215 5718 1935 369 605 115 7596 5150 3357 163 8250 4027 9519 7771 3769 8256 3340 2422 4924
7031 7706 8364 6212 9807 947 1991 1413 4367 6711 1206 1669 4552 2081 6927 2082 781 8685 8453 8188 8519 8972 3399 3120 7471 6820 0 4769 7743 5378 5305 4629 4297 3386 7240 6955 4978 1205 4846 4493 6317 8416 8940 146 5404 4147 978 8328 7157 566 8783 6598 6964 4323 9284 9771 849 7081 6443 7894 2458 7092 5068 9408 447 8402 2284 3232 8593 7794 8853 7224 9204 6988 3922 6369 134 348 4771 7450 4376 7103 5287 7971 636 4077 3753 7731 6003 3710 7158 871 729 7491 4568 4408 9238 9 3159 9580 925 4876 1421 1833 7467 9797 4676 6309 6097 415 7239 7227 7420 6242 5213 3811 5937 2622 984 6363 1802 9034 2029 4818 4631 2228 3493 5186 4386 5552 8630 4147 3906 2984 6406 3744 4405 5038 3634 2509 722 1164 7060 691 867 9464 6001 4434 4311 7317 9109 7339 6235 5704 2395 3551 2787 1359 5997 9898 2484 9690 6136 3924 5612 660 7693 5280 3733 3660 5724 5683 3982 8746 2199 5510 8613 4687 9330 2826 3086 7493 7446 2269 8164 6567 1320 4363 5263 3900 687 4033 130 7778 9503 4264 9111 9831 2550 2044 6327 590 446 2603 2744 7480 717 9010 98 6551 4816 7273 5238 3224 8425 1167 2036 4921 7894 1415 7903 3147 5932 4391 85 3700 9626 6394 1231 9180 5589 368 8214 887 3188 7921 3670 1881 1633 6317 9610 2527 8620 1945 5491 5320 2970 5003 5377 3366
7680 9951 5668 7252 894 9915 5318 573 2022 9545 1533 7554 8016 4200 2796 4501 6211 657 5560 4880 284 7480 4105 8323 7508 21 4769 0 4263 2646 1876 326 7105 6003 3119 5120 2104 3135 7136 6538 8594 6764 9946 867 6322 3813 753 1287 1953 313 4879 7622 3092 7456 6784 6732 3259 224 3795 8466 2997 270 3921 4817 8915 9238 8074 1992 4591 6837 8601 5969 3966 478 1089 6993 736 9935 2790 4920 6324 7409 9256 8871 3443 4107 8221 7233 1901 2935 3125 8955 6937 8260 2711 5581 6491 2516 3845 5543 2260 7752 4528 9727 5481 4092 4830 9556 6687 369 2752 9375 1362 4625 6081 6063 6625 4755 5810 2855 8283 8162 6259 2994 5641 3119 2350 6090 8114 5726 3610 7430 4913 5476 8428 2554 1037 636 2934 9161 1956 4047 921 1195 5994 3850 9526 7805 1863 970 4981 6095 459 9434 8432 9490 3986 9396 8504 3002 1514 4666 53 343 5447 8513 1571 5226 6228 8504 8238 7854 5830 3733 3930 6873 8417 3936 5053 8113 3100 8445 3842 7541 7133 7673 3530 1562 2682 8516 7533 9530 6738 1592 8201 1151 7827 3321 7702 507 8021 6858 6356 5677 1305 9759 7882 1736 903 8646 9371 7351 9974 3056 9267 5742 3445 7623 1924 7919 9567 9186 7092 1225 8649 372 5243 7500 786 2462 9038 2893 7001 5851 4592 2779 2741 7509 1522 1287 6546 9283 6219 6190 243 6568 992 8846 7871 1164
1644 6096 7448 6231 1035 5767 6873 1005 7772 2650 1765 8561 9916 6142 3620 3286 2549 6950 1846 3847 9348 4768 173 7749 2257 4406 7743 4263 0 1978 4809 5180 2334 1998 3339 9483 3406 541 7953 3533 2384 2087 7022 9334 4607 2042 9574 9063 3791 3088 3448 2448 6807 8101 4344 6296 3918 496 9819 8721 7627 4070 5754 408 7927 9799 3490 832 3526 404 9092 6716 2749 8904 2642 1586 2158 3946 5469 5612 9992 6138 510 7406 8311 3781 8687 8828 1958 7888 5643 2303 504 5752 1934 2530 6181 875 647 2672 461 697 5556 7782 8325 6272 9876 6194 4737 6657 8778 1099 3194 3101 1960 6450 3716 9314 1549 15 3737 9383 1576 4198 9720 5510 7040 4764 1205 8612 6169 4853 387 6621 5203 4915 1557 5651 4089 4201 4505 4796 7580 3522 7613 4302 7154 7190 387 9033 4276 8636 8933 6220 6981 1195 773 613 4869 87 1194 8866 7113 7065 6068 4938 8709 9402 8170 8329 8741 9045 2058 3011 4296 4665 6987 6857 9519 7727 5211 8108 723 6331 9988 4850 754 6519 1098 1936 7989 8221 7519 7087 4970 2772 1209 5391 6048 9017 7940 1845 7657 1391 6944 7197 4430 928 4377 586 1636 9079 6967 5750 3531 4642 4507 6356 1499 8269 6417 2078 4894 2799 8821 9519 3098 8216 6345 4230 6236 3660 9326 9831 9273 1192 8315 3800 8395 3241 5670 671 8978 4775 5671 6412 856 1377 6589 6327
2866 2331 8033 6600 3643 4355 6163 2185 7577 9385 6672 6381 496 892 2499 4030 7843 4661 9471 8497 1194 1873 9958 6006 6358 7119 5378 2646 1978 0 4762 9331 1050 5376 2378 3503 9422 4188 9151 2396 4911 5919 3803 9371 6959 7939 662 5690 7419 4648 8244 4499 9027 8659 8008 6383 4463 54 8772 1699 974 9901 108 3431 7217 6687 6284 4435 9816 977 7050 8356 4176 8604 4983 5984 9915 6595 4697 521 6632 833 7975 6421 9190 6908 2041 3236 13 2067 7529 3201 6313 364 5318 6281 966 3407 1086 5156 7012 7467 1738 2438 2362 9753 3178 813 9624 2709 4469 6359 4605 8690 1861 4037 7757 2518 6977 1812 3357 6357 371 6300 2974 6132 5239 3761 3316 7813 2369 4841 5687 3182 6979 5699 8407 9491 2583 9897 5076 1876 5305 5218 9833 2933 4496 776 3079 3641 1999 2526 6146 9342 816 5221 2762 378 6562 6324 9476 8252 8133 463 2323 2209 5466 4430 7310 7752 8418 9552 527 7686 5171 628 1323 4170 6716 1882 6162 9288 7815 624 6254 4268 8387 9579 1740 5272 2287 7293 8019 8767 29 5806 3700 6927 499 8490 5234 5896 8570 5626 1743 552 7030 8593 3074 2288 1233 5686 8108 7809 2927 5972 3627 4000 3205 9738 289 1963 767 7440 5907 5786 2002 9720 2069 9418 3955 7866 5366 4119 6051 7035 7013 2400 4079 5993 2400 267 9659 1412 5674 1612 8731 3641 8582 6227
8508 3980 3713 2359 3677 4161 7279 4675 4925 1538 3602 8557 6377 8075 4210 8248 4641 5798 525 1713 7453 9340 3404 2240 2620 3961 5305 1876 4809 4762 0 1275 6398 2035 606 8020 212 6765 5452 2275 7895 5895 1901 1744 3076 1806 1442 5707 6848 7646 3853 8947 6437 1082 3149 8050 6419 4056 3225 6644 9793 6337 6810 7651 7848 7320 9383 5449 4554 743 2654 2475 747 2656 9440 8103 2617 4486 1762 7015 7927 4643 4603 4013 2888 9409 96 8950 6943 2098 8518 8292 4154 2571 4258 9159 3940 9344 7351 3842 7825 9931 3141 9774 9483 9776 7393 837 560 1133 7677 4554 1858 5540 1139 8928 6104 7973 2032 4415 8964 2979 7788 8111 7593 4422 4812 5028 3039 4110 896 1786 7874 9845 9370 7864 3617 5050 4475 4523 9453 5108 6703 7057 7194 3951 5570 43 3810 1685 4250 1491 6991 7510 4390 512 7499 1333 9585 8153 9317 5240 299 6665 3080 1446 5311 7075 9375 2910 4245 1193 6428 668 1930 4702 9007 3900 1895 3964 8254 4460 5642 4176 6086 2734 3455 5561 2165 2872 9334 5961 6236 7427 3950 4227 9940 5121 3047 9474 7617 317 4645 2482 1558 4073 5458 7865 9583 1395 9613 4678 9518 4420 1139 9284 308 3170 4071 5448 2531 1623 8082 5573 6967 5623 4992 4228 9751 6453 1836 6336 4071 8911 5469 9859 9476 9390 1737 3335 7806 5942 2220 2867 267 2638 9722 2628 4352 6691
8615 4823 4548 867 4394 6798 7978 20 8708 4259 2896 9409 8793 4055 9293 7642 2198 7716 4858 4841 8284 6176 2580 448 3121 2114 4629 326 5180 9331 1275 0 1018 8660 4376 2609 4174 4979 986 3022 2613 7098 2627 5225 994 6092 1421 8569 7339 9407 6210 9071 6160 1352 6271 2190 2059 8639 4576 4720 3248 1353 6121 2313 1272 9757 7880 5026 3555 9996 2124 1481 837 6430 940 8253 3105 6384 2584 9557 9020 7568 7121 2368 3750 2776 7074 8424 8681 1191 6437 5862 5427 886 5269 3389 6243 1470 9543 5773 9672 4989 9556 9322 8572 2522 7523 5923 7374 9431 3310 4882 3174 9216 3257 7545 8712 5582 5169 1143 3647 2780 856 8951 490 5407 7119 2217 4903 4026 7835 7161 6208 6986 9021 2065 8255 1785 456 2028 7306 7165 6189 4948 6753 8914 5251 4763 3349 7512 9204 4462 2591 3270 5449 5299 2530 6533 1547 415 1929 2378 504 9868 181 4618 4048 5744 8385 135 7011 8552 1828 3599 4431 6680 5942 1576 3931 7300 3546 9161 8360 2269 803 2465 3845 2287 9097 7074 4086 4674 5206 9619 3130 347 7192 6337 40 2754 6070 1689 761 4598 7811 611 9889 8064 7683 5556 6334 9937 7994 5177 4988 4419 2902 3478 1873 6445 1164 3526 9017 4930 2899 7864 5749 5435 660 5337 5260 2624 2709 1601 4438 4249 633 884 2163 2494 866 7539 8634 2184 7523 5028 3209 6986 2835 4915
