100
0 7449 5575 426 2499 5870 776 4790 9040 5358 4352 5333 9449 3531 7484 3737 116 1320 1833 1654 6349 7996 4053 6125 8164 3781 6542 6293 9502 8470 7187 1170 2850 5222 8419 3807 4581 6529 2741 5535 5775 2188 4530 5527 7974 8911 7627 2522 2261 8129 4062 3786 3636 9537 3446 9620 3373 3465 7318 7868 34 5929 8141 7013 7290 1833 149 1213 600 1652 8493 2314 9966 8903 5328 3923 248 3742 5638 1142 3878 9769 2527 3157 2955 46 7296 1647 7553 3917 2404 8404 6290 6021 7158 6801 1334 609 2067 8606
7449 0 980 4387 7461 3701 8673 1538 6789 5315 429 7550 7790 7895 4969 5605 41 9681 7396 7095 6612 9590 3974 9518 7514 2274 7136 3492 139 3596 3226 3094 5499 539 9635 2405 5366 7907 8661 809 1979 1365 1431 5428 5481 3165 6714 2023 555 7279 9429 9802 6916 1599 6280 5020 8185 8361 6998 1896 8896 1938 2626 9373 4782 6977 8915 945 8648 8719 8035 2860 4489 6125 5145 4628 5189 4228 3643 1797 5770 24 5692 9027 4390 6428 6267 8932 1498 1109 5044 6802 4068 6556 146 9059 2733 6129 214 1964
5575 980 0 5787 8368 4626 1476 5709 4338 7815 6840 7966 7553 1988 4242 700 8736 7451 6234 1261 9604 3305 7101 9853 291 1203 9641 5831 5653 4989 4904 3 458 906 9829 7760 5889 1785 5558 2991 2121 3373 2660 2429 1422 5009 7495 2098 8232 4991 4645 8728 762 7181 5014 8442 6069 9958 340 3091 5397 4972 5269 4087 2992 7628 5988 8400 590 6353 8902 8710 3493 3261 5977 6194 8644 8884 5555 5872 4833 3698 5567 2986 4410 494 9201 9009 2952 7454 9050 4432 8394 7609 5924 4216 1023 7111 4934 7814
426 4387 5787 0 5854 9010 3376 7917 7060 9934 7643 7310 8995 1518 9757 4529 1086 4843 1692 6152 5407 8733 9185 2091 2576 6510 3382 2516 1653 69 7946 9318 3552 2698 1392 1864 1446 3175 1578 9582 94 4287 5215 1838 5286 2329 8879 3370 7485 8653 1889 6889 4882 5591 7392 662 8933 1107 3139 146 5944 699 2791 3955 5015 5890 4447 304 5993 7535 6449 1596 9869 7217 3383 7503 335 2456 417 7620 2930 1825 7685 4474 5622 3729 1393 8890 3394 6740 8414 156 3417 1124 2011 5383 1076 8395 2500 4026
2499 7461 8368 5854 0 2298 7094 1372 2211 1719 6074 7670 947 964 9548 7724 9869 1138 8754 5236 8670 5421 3913 3782 9163 6106 9106 3304 7022 9412 2791 8167 1433 5395 4225 6479 1566 1026 9706 3123 197 4267 2524 9303 866 446 7630 7142 6920 5454 9139 5363 5714 4533 4120 1237 6069 1484 6877 2170 7108 5483 8999 2654 2815 3957 9973 8349 5380 6430 899 3934 1820 8606 4676 3824 4967 2874 4287 3039 9105 7126 283 1790 1054 8006 2034 7075 7611 1137 9374 3724 8286 6893 6253 1708 461 2967 9744 6951
5870 3701 4626 9010 2298 0 3318 2351 5465 4196 2410 3989 5246 7027 6775 2842 8194 1272 2969 7217 4850 5151 3593 61 5165 4446 5007 9659 7696 9737 1351 8772 9270 1727 2568 791 2518 528 2176 2263 9575 5981 3970 6583 5376 4323 3972 2514 6953 9937 7791 1689 1548 5878 4529 2480 6304 8254 4769 8576 44 5449 7917 2621 5715 799 4532 4982 4041 6482 5622 7149 6414 5515 7362 223 9034 3037 5791 1243 5959 6962 1203 6246 7456 9877 884 1159 1205 2357 5201 1217 657 3551 6072 2851 6486 7662 6132 3000
776 8673 1476 3376 7094 3318 0 2885 2440 4404 4848 7880 2361 6393 1662 9214 544 5327 1545 8534 9190 5985 3074 5536 3040 1625 3253 6964 1420 7143 5278 9550 1968 170 8383 2710 5772 8063 9277 4603 5647 6755 2831 5803 7300 5668 5876 8377 4053 8850 2028 5607 9843 8742 1447 3283 9226 8785 5520 5378 5707 9529 9442 631 7020 707 6018 7964 4277 4691 8169 1304 7489 6048 9574 5286 915 5447 5305 9268 28 1762 14 5614 7951 4444 56 5516 3643 1578 3265 5600 8748 5124 980 2999 617 4437 5930 3251
4790 1538 5709 7917 1372 2351 2885 0 8377 4459 3976 6075 3540 8349 8391 3717 7433 5464 6017 462 8186 515 8412 6598 9449 2426 4725 9284 3235 2312 3925 6691 6912 9666 4373 3476 9618 4908 9426 8634 2635 4466 3701 6195 3235 7975 8443 747 7447 723 571 7981 2791 8381 5337 5843 5211 4263 2926 5144 188 5238 6622 2110 20 7038 8688 9471 3624 8694 924 328 3576 6891 5380 9542 8351 3642 2550 4247 1510 9073 8928 3559 8655 7996 2099 2589 5119 6528 5382 5690 8698 7772 8701 9738 3660 480 4271 185
9040 6789 4338 7060 2211 5465 2440 8377 0 4355 9847 1059 3327 525 6666 5080 8311 8472 706 8484 1211 1959 2117 9941 7586 4262 7408 8039 1603 5336 2418 5764 2305 2049 7580 8397 2213 5528 6414 674 1756 539 3508 6183 7391 2338 8192 5212 8513 6732 9746 8041 5563 2401 5698 5482 9395 6296 6227 3788 8088 4905 2015 3971 3401 5234 9516 6840 1487 861 7727 8754 8196 1015 6266 360 3020 1015 1917 1771 5496 4916 3507 8755 1474 5287 4921 8960 7748 8103 195 7360 8133 4768 1535 2748 9892 2770 4357 6553
5358 5315 7815 9934 1719 4196 4404 4459 4355 0 8820 4808 7022 3288 5991 381 6022 9191 2353 1801 6500 7842 3409 8827 6677 7417 969 7010 962 8754 7985 8280 5251 5412 4430 7928 7825 2818 5744 4379 2295 7968 9870 9674 6268 5622 8718 1905 8756 1251 3182 313 5185 6133 763 9728 917 4867 5539 902 9036 4258 7111 2058 1005 9241 5370 1086 6409 9569 5227 664 6681 5658 3344 6300 2239 3068 1061 2273 7557 9550 4046 3154 1051 320 9701 1268 8909 262 6595 2794 2118 4925 7178 1839 7651 4537 413 8664
4352 429 6840 7643 6074 2410 4848 3976 9847 8820 0 911 1883 256 5454 2495 4647 2312 7782 2205 7837 96 1617 9076 222 7922 4423 5577 5273 1286 967 6927 174 7104 2135 1473 1337 7983 925 5318 542 1859 7027 5368 8036 5774 1074 6235 9055 9131 9156 4619 3334 6488 6001 66 4775 4131 2438 3861 1613 8856 5150 1370 5600 2806 1343 8498 7906 5064 9654 5572 3542 3118 3106 4475 942 7653 3120 3960 5751 2238 8357 611 753 8145 1381 9327 9555 8706 8691 6663 6733 4937 9007 9704 1993 8239 7398 3532
5333 7550 7966 7310 7670 3989 7880 6075 1059 4808 911 0 9313 9804 5134 5218 2222 9862 3280 6078 8747 7918 2844 3130 295 2267 3352 9171 6669 8167 8295 5736 3376 1690 1588 9200 2711 7507 4695 7029 8606 1619 8508 9654 971 3683 633 2282 7144 9211 7595 8926 4292 2043 4891 5360 5206 9046 4462 4255 366 8065 3183 2417 6709 1152 6404 4629 4609 1453 2962 8491 3430 3549 7984 8279 8468 391 7684 5739 4638 1562 4703 2923 2113 6726 7157 8662 8134 8567 4413 8522 6235 8922 5881 4379 9600 1226 2742 2229
9449 7790 7553 8995 947 5246 2361 3540 3327 7022 1883 9313 0 6073 1687 1981 1632 177 5602 8276 236 1986 1962 3713 6929 1020 5518 9611 2853 1428 3467 9809 4127 6020 2865 5792 9295 85 1129 6616 2122 7433 7402 195 3202 3795 4089 3579 6648 5831 1167 2875 8051 6300 1228 7251 3305 3785 7369 9890 5735 8114 7809 6896 6092 8424 5089 9 6250 4920 3971 8205 6748 4875 1296 3463 4501 486 2153 896 1942 2140 3657 1024 9415 951 4196 156 2470 7300 5342 9546 5807 868 3079 9023 3237 8157 9829 232
3531 7895 1988 1518 964 7027 6393 8349 525 3288 256 9804 6073 0 936 3538 9729 3866 6473 309 3924 5673 6631 6710 9646 8569 8083 1340 2802 8781 3292 4907 251 3343 6114 3788 2561 8802 7561 5268 8115 6766 9369 1973 1370 5265 718 1861 46 1243 4848 8133 1195 5822 920 1231 3798 3183 3247 2986 3876 80 3824 5783 9366 3387 4212 2768 534 7670 7669 5866 735 973 6625 4927 297 2985 1258 1158 8619 533 9340 5301 1651 3421 2033 106 5342 9101 8700 5437 6391 5244 8281 7456 5577 9833 1424 668
7484 4969 4242 9757 9548 6775 1662 8391 6666 5991 5454 5134 1687 936 0 8229 9200 8103 5304 8121 5696 4224 4534 4598 1760 7170 168 1006 2544 6282 7514 339 6852 9629 8629 9422 4963 6727 9834 822 6718 8506 1134 848 2631 6553 1917 8966 9036 1059 7373 8939 7006 6220 8864 2785 7435 2458 8814 9241 589 6843 4647 9251 6049 3599 497 8702 7451 1642 7142 1390 716 5482 1047 1646 8335 9732 8667 5436 1433 7571 9895 9647 3105 8075 9911 2239 4597 4512 7433 2568 6024 5132 2165 7503 5520 8517 9993 8357
3737 5605 700 4529 7724 2842 9214 3717 5080 381 2495 5218 1981 3538 8229 0 3738 6619 8092 8073 8189 8078 618 9202 4234 9688 8164 4043 9614 3446 884 4701 3255 9899 26 451 3954 7242 1760 3967 5243 7237 8852 7212 964 9585 554 8479 7846 7172 9751 7348 3925 4957 4812 824 8056 1134 4570 5404 8793 8029 3958 2670 7083 5991 4689 4526 9955 29 5092 1535 1152 5536 2735 2012 8133 9638 2760 5188 4026 1986 3878 2914 5087 4426 317 6476 371 4972 2957 9507 7487 2226 386 7101 3821 2096 6962 2565
116 41 8736 1086 9869 8194 544 7433 8311 6022 4647 2222 1632 9729 9200 3738 0 1081 3081 3014 1598 9005 626 1639 4814 1305 8304 7858 3293 8540 6302 3034 4937 5050 7302 2483 723 949 6327 7802 1831 7253 3433 8428 9049 9336 9714 9350 954 402 6944 1568 9681 2055 9183 2383 2190 4016 496 6654 7646 3833 5356 3082 5859 4094 589 8019 617 6242 7141 9830 3151 6519 3857 285 64 9381 9968 3810 8216 7143 2887 1130 652 434 5276 8797 6289 8639 7272 4922 6970 1128 990 1844 3394 1834 7333 2060
1320 9681 7451 4843 1138 1272 5327 5464 8472 9191 2312 9862 177 3866 8103 6619 1081 0 8125 6845 3306 1757 4579 4104 3003 7558 2130 5965 2158 1714 9251 8926 4398 2946 1172 804 8190 4527 9976 552 6394 7565 1441 4944 9240 2202 6954 7449 9959 3527 7696 4364 4248 7388 3637 5758 5019 8673 5358 7507 2175 7447 8116 3214 3083 8720 6414 6151 2934 9905 9661 5701 5014 1963 3620 4982 2821 7292 1876 844 2564 7026 5193 8657 3756 5775 285 8072 3173 6897 6720 2247 2419 808 6607 365 2013 9247 1033 7334
1833 7396 6234 1692 8754 2969 1545 6017 706 2353 7782 3280 5602 6473 5304 8092 3081 8125 0 9248 7307 154 5876 2473 8353 8281 2666 5044 2249 5582 9629 1132 6622 7208 5294 5743 6132 6746 6967 6929 9809 6997 6284 8416 1975 3566 9664 7389 7316 2203 1594 9297 6978 4146 270 8412 1371 6028 9073 2547 6867 9426 797 824 1397 3327 7785 493 61 2111 877 1110 410 4966 8665 3749 2223 5433 3725 6100 8258 5030 7438 8770 8033 9910 6765 5743 2480 3305 4818 633 9998 5031 5702 4737 9203 5671 5310 141
1654 7095 1261 6152 5236 7217 8534 462 8484 1801 2205 6078 8276 309 8121 8073 3014 6845 9248 0 8232 7178 3488 6592 400 2497 3644 6197 9634 1869 4691 8954 5039 1488 3181 7700 5808 333 2567 1357 2465 3888 9674 6115 2673 2999 7289 2535 4316 3085 8696 2808 6296 4279 6531 833 7601 2965 2035 372 6304 6663 6485 2492 8453 2602 7368 1802 5480 3203 1679 4658 2765 5213 4092 3950 2953 6249 2788 9410 8088 7313 9671 7228 1474 2960 1074 1970 7061 1673 4046 5349 1792 4907 5857 8391 6824 7235 3336 8972
6349 6612 9604 5407 8670 4850 9190 8186 1211 6500 7837 8747 236 3924 5696 8189 1598 3306 7307 8232 0 7825 401 6635 6796 9604 1333 3615 669 7762 7220 8057 3005 6969 9193 7280 3302 4335 7170 4033 6778 6569 2754 8237 4461 7416 5135 8515 5998 2967 6058 4813 1941 1070 4825 4036 2986 4610 876 7632 2437 8741 6311 7174 9459 8414 8782 4942 6255 8100 1731 3773 4847 5757 6403 7820 137 8962 8315 2260 5369 2216 6690 8632 8130 1733 9034 6507 6332 5312 2575 2671 1968 1286 2016 8134 709 378 7861 6120
7996 9590 3305 8733 5421 5151 5985 515 1959 7842 96 7918 1986 5673 4224 8078 9005 1757 154 7178 7825 0 8640 1681 2192 2580 2854 4850 325 5921 8069 2369 9734 6423 475 7960 3092 1294 3857 2121 3064 9068 286 1074 7102 1758 270 8174 8750 1332 4530 4596 2324 6681 8879 2438 707 55 6093 7519 9050 5872 5896 7162 6786 6501 7504 8886 4443 8453 243 2871 2242 3265 4070 4689 5972 3526 4906 7643 8257 3429 8450 7645 7864 3621 6243 5052 9017 3033 5097 3492 9094 5171 463 2593 1038 1983 4162 2329
4053 3974 7101 9185 3913 3593 3074 8412 2117 3409 1617 2844 1962 6631 4534 618 626 4579 5876 3488 401 8640 0 389 8525 4394 9813 6014 8112 6128 7290 6079 9412 3881 2711 4044 628 1425 959 9244 2625 4005 1567 2383 7641 1623 4005 7395 6785 9879 4068 4661 881 2982 7958 1826 3438 798 9539 7192 4779 890 4450 1688 400 3767 6658 7158 7843 6130 8390 4953 8817 2408 121 8047 2453 6160 2726 1896 3545 9854 6992 7841 5250 2831 7244 4375 3824 4254 1510 7456 906 1274 5465 7021 9044 2437 6723 5619
6125 9518 9853 2091 3782 61 5536 6598 9941 8827 9076 3130 3713 6710 4598 9202 1639 4104 2473 6592 6635 1681 389 0 501 4565 9737 6291 1920 3568 7142 1095 2529 9636 6304 7440 9128 1642 769 2591 1901 7386 7313 691 6482 5451 2023 2489 8165 731 5211 6772 4902 4309 9438 7856 1182 7615 9045 1734 9237 5831 3352 2225 7788 4293 7686 6501 3000 2465 4645 5208 4463 245 3490 1210 6218 1618 6057 3783 6273 3793 8641 7614 2284 4622 7344 2956 3103 5885 5856 7547 1911 3656 3739 1587 3299 9052 4523 7426
8164 7514 291 2576 9163 5165 3040 9449 7586 6677 222 295 6929 9646 1760 4234 4814 3003 8353 400 6796 2192 8525 501 0 5725 5900 8747 4103 450 6685 8509 333 1570 5013 7097 8165 4862 7857 689 4114 8182 7309 5524 1583 9144 2620 4412 5230 8319 2045 897 2263 6664 3509 7329 1489 8589 8157 8917 6450 7437 6172 8526 1837 5115 2660 992 1084 6179 4270 884 9906 5434 6188 4622 632 4896 4462 3147 8190 1783 7720 2963 411 5159 6983 3746 7920 2188 3639 1365 26 7403 7025 516 8328 5845 2768 9297
3781 2274 1203 6510 6106 4446 1625 2426 4262 7417 7922 2267 1020 8569 7170 9688 1305 7558 8281 2497 9604 2580 4394 4565 5725 0 1439 4889 5352 6550 9838 3112 9567 5924 2157 4541 1187 7188 2395 464 2353 9679 6906 2421 861 5829 1441 1713 1871 2777 6670 8515 3840 6652 6928 1604 7837 320 5563 4147 1772 3514 3643 6821 2641 5212 2163 7406 7574 29 3384 371 2947 8689 7591 7018 6371 7757 2564 7152 1165 3569 1374 7736 2759 1324 7437 7195 1026 3323 170 5157 7531 2005 9791 486 5528 6520 6864 9564
6542 7136 9641 3382 9106 5007 3253 4725 7408 969 4423 3352 5518 8083 168 8164 8304 2130 2666 3644 1333 2854 9813 9737 5900 1439 0 6638 7152 8028 810 7057 2884 9453 2139 5676 3733 2667 7680 731 4563 586 2224 7798 6142 9477 8016 9531 3264 6200 9253 7990 8450 3470 5995 2284 8539 743 6296 5475 1992 5419 3619 2405 138 2775 3783 5938 7657 9058 3090 3631 7559 6648 855 3402 6936 5260 5868 1391 9247 8967 1095 2310 5513 44 1432 5421 297 1729 309 673 6888 6655 1788 9621 1331 703 5944 2323
6293 3492 5831 2516 3304 9659 6964 9284 8039 7010 5577 9171 9611 1340 1006 4043 7858 5965 5044 6197 3615 4850 6014 6291 8747 4889 6638 0 2437 3726 2312 9604 6909 8549 4874 6945 6742 4349 1449 9227 3534 8220 4970 9579 5531 8145 6770 8923 7748 127 8184 8959 7509 7856 8805 5659 8708 3440 8129 9830 9306 3618 9896 9538 6889 5484 7448 9324 7114 3543 2552 4655 1371 756 2981 9300 1883 1831 859 7132 9984 5253 4819 7345 9488 2036 7716 3811 441 2736 7145 7469 8745 9598 4869 3006 5435 5017 4088 544
9502 139 5653 1653 7022 7696 1420 3235 1603 962 5273 6669 2853 2802 2544 9614 3293 2158 2249 9634 669 325 8112 1920 4103 5352 7152 2437 0 1660 6711 8133 7192 8951 8955 6083 2349 775 1897 2672 6484 7344 2305 9032 9274 724 3478 3899 7668 7700 6065 5539 310 3843 5916 1376 1102 8580 4178 5004 2584 9623 8031 3772 7866 5457 2688 659 1504 9955 7872 6269 7463 8797 3971 7444 6782 1411 5586 8669 9553 153 5692 8016 7498 9326 9186 347 8900 920 414 4366 6309 2790 8231 1862 5046 6426 870 5517
8470 3596 4989 69 9412 9737 7143 2312 5336 8754 1286 8167 1428 8781 6282 3446 8540 1714 5582 1869 7762 5921 6128 3568 450 6550 8028 3726 1660 0 3839 9557 4806 6245 1882 3834 2691 6054 2530 3487 6187 1773 8797 2566 6210 9307 9880 2047 3880 6326 9770 1367 5947 2349 6520 3556 1393 6285 6591 8173 5843 3295 4258 7691 6500 6478 139 1819 7245 4745 2282 6483 1038 8495 627 3904 4773 829 2298 1061 9792 6544 7345 1774 4450 6436 2590 3253 2610 2623 2001 8637 1344 1086 9625 7228 1794 687 7899 4461
7187 3226 4904 7946 2791 1351 5278 3925 2418 7985 967 8295 3467 3292 7514 884 6302 9251 9629 4691 7220 8069 7290 7142 6685 9838 810 2312 6711 3839 0 8821 1490 6580 1239 6164 2970 3384 7896 3377 7145 1414 8646 4833 6214 7544 5429 8527 9375 5452 9511 4071 9500 9537 7042 107 8505 6855 3055 6650 9429 2116 3641 9039 3334 1908 3224 5302 4755 8147 1838 9840 5298 1180 9807 6247 2853 1037 2529 2034 9550 9847 3070 8026 6050 4869 2622 8940 5479 4098 6102 1122 2029 6828 6174 9293 8008 5182 6834 5191
1170 3094 3 9318 8167 8772 9550 6691 5764 8280 6927 5736 9809 4907 339 4701 3034 8926 1132 8954 8057 2369 6079 1095 8509 3112 7057 9604 8133 9557 8821 0 6804 3001 2721 9216 5172 5125 8694 6126 3154 5930 7223 5510 6321 5571 88 5949 1737 8238 5752 7084 5656 7689 407 6329 7433 9004 9751 7690 6775 166 4441 6164 9664 2473 9373 483 1278 7262 4282 6466 3893 3975 3496 8274 7791 2043 5594 2211 1144 6418 682 4092 7829 6313 783 6601 4203 5310 7849 8051 4671 8320 4471 9676 8693 6721 7696 7949
2850 5499 458 3552 1433 9270 1968 6912 2305 5251 174 3376 4127 251 6852 3255 4937 4398 6622 5039 3005 9734 9412 2529 333 9567 2884 6909 7192 4806 1490 6804 0 3267 5602 5910 932 4098 9987 192 846 2071 1940 3250 2133 7997 5627 1458 2291 4296 3787 6861 4994 5429 4561 9670 2375 9695 4712 890 6630 5592 175 4466 9338 1905 6180 9898 7854 5516 8166 1251 9687 5860 2998 9657 6910 3361 7332 2421 1205 6307 6334 577 9655 2125 3285 1363 4557 9027 2754 1489 6101 6407 6706 7493 5955 2462 3120 7417
5222 539 906 2698 5395 1727 170 9666 2049 5412 7104 1690 6020 3343 9629 9899 5050 2946 7208 1488 6969 6423 3881 9636 1570 5924 9453 8549 8951 6245 6580 3001 3267 0 8767 8378 8967 4424 628 2789 5192 1083 47 9847 1145 5085 7552 8112 6062 8236 923 1861 4644 3544 1227 5540 5018 825 4406 4369 7014 494 1297 4617 5812 2197 7293 1475 5161 7569 7081 4287 1102 5449 6848 8428 5277 9212 2971 47 2930 86 4727 1718 6449 3551 1912 1047 4205 7522 8722 4184 5762 9079 5293 2579 4478 4036 9869 4395
8419 9635 9829 1392 4225 2568 8383 4373 7580 4430 2135 1588 2865 6114 8629 26 7302 1172 5294 3181 9193 475 2711 6304 5013 2157 2139 4874 8955 1882 1239 2721 5602 8767 0 5628 3907 9693 4484 6493 9990 8290 952 6262 411 4028 6505 2536 4356 6382 9745 7625 5893 7074 6320 8300 5793 1773 2640 8330 8865 3932 7664 2194 7255 142 364 396 9485 5641 2446 9894 4324 2795 1456 5834 4411 4427 5908 9790 7637 5410 3004 4745 7481 3774 4728 7497 9355 1168 3418 3145 5438 3653 6390 2211 4333 4456 9329 9305
3807 2405 7760 1864 6479 791 2710 3476 8397 7928 1473 9200 5792 3788 9422 451 2483 804 5743 7700 7280 7960 4044 7440 7097 4541 5676 6945 6083 3834 6164 9216 5910 8378 5628 0 8715 6489 1142 6544 5055 8057 561 9015 6823 6749 1935 2495 6441 2898 1253 7831 7664 7384 6649 5627 2749 4026 3843 8592 1545 7701 1559 8621 2529 4955 4849 9011 1653 5765 5982 1304 3542 4337 732 2535 9177 621 7578 9854 1852 7230 525 8668 2902 3248 6433 8993 1353 1409 9876 7221 6348 2449 7516 6863 1886 976 5044 8792
4581 5366 5889 1446 1566 2518 5772 9618 2213 7825 1337 2711 9295 2561 4963 3954 723 8190 6132 5808 3302 3092 628 9128 8165 1187 3733 6742 2349 2691 2970 5172 932 8967 3907 8715 0 2485 7358 3233 31 1675 1766 579 4816 6073 1603 5615 4718 2949 4370 5176 1944 9987 4866 538 6902 4952 6675 1854 987 9988 8338 5526 4906 7195 391 5126 9589 4120 1195 7065 9348 2628 9863 2019 8961 7157 3856 658 7342 1253 907 4574 9612 9953 5752 3142 2632 7324 4437 4034 2050 6902 5089 4698 6484 692 9641 3764
6529 7907 1785 3175 1026 528 8063 4908 5528 2818 7983 7507 85 8802 6727 7242 949 4527 6746 333 4335 1294 1425 1642 4862 7188 2667 4349 775 6054 3384 5125 4098 4424 9693 6489 2485 0 9141 9093 108 1521 7519 514 9728 5271 1019 3027 4678 3974 8794 2 6292 6770 7901 524 9058 7851 9894 5783 6347 8902 150 197 1769 5711 6479 1774 9902 8371 2687 87 2528 2936 8968 6015 8887 1788 7340 4148 6940 1848 4168 1054 6318 1549 1174 4158 3845 6231 7891 4878 9481 7701 5518 3560 2829 281 7927 6618
2741 8661 5558 1578 9706 2176 9277 9426 6414 5744 925 4695 1129 7561 9834 1760 6327 9976 6967 2567 7170 3857 959 769 7857 2395 7680 1449 1897 2530 7896 8694 9987 628 4484 1142 7358 9141 0 8963 3640 1756 6480 8968 9690 3839 75 4357 8871 3744 7713 1368 1002 7806 3098 6465 6175 823 6310 5126 6610 8449 1862 9404 8835 5213 1195 2178 3548 538 655 1289 1281 1912 1576 1796 5410 9789 3806 7576 7986 1870 3212 1003 7102 2892 4262 7135 6091 5788 8518 7423 7021 9840 4216 5211 1407 8861 9952 4002
5535 809 2991 9582 3123 2263 4603 8634 674 4379 5318 7029 6616 5268 822 3967 7802 552 6929 1357 4033 2121 9244 2591 689 464 731 9227 2672 3487 3377 6126 192 2789 6493 6544 3233 9093 8963 0 974 1149 4848 1370 6734 7860 3197 3655 9456 2077 2694 8054 2520 4632 8199 11 2326 932 9962 583 1419 955 9252 6674 3657 5107 2863 8997 7602 8142 7177 5850 4948 9690 9633 8904 9928 7795 1577 304 2337 5172 7875 6027 4032 4789 7879 4313 8198 7270 400 3432 9105 8277 6167 2125 1551 8194 1565 2035
5775 1979 2121 94 197 9575 5647 2635 1756 2295 542 8606 2122 8115 6718 5243 1831 6394 9809 2465 6778 3064 2625 1901 4114 2353 4563 3534 6484 6187 7145 3154 846 5192 9990 5055 31 108 3640 974 0 4807 7273 6086 7425 3618 44 5767 7007 4443 3423 2498 3382 8075 977 2879 1470 1305 8925 2970 9387 6782 3644 9788 9207 4041 2882 428 2171 4641 6611 7841 8413 5887 4343 1991 8695 9420 9653 7785 300 8932 4829 8320 5601 6180 1939 1822 7291 6253 9251 2766 2130 6109 7484 7585 9850 4918 8773 2412
2188 1365 3373 4287 4267 5981 6755 4466 539 7968 1859 1619 7433 6766 8506 7237 7253 7565 6997 3888 6569 9068 4005 7386 8182 9679 586 8220 7344 1773 1414 5930 2071 1083 8290 8057 1675 1521 1756 1149 4807 0 7907 508 8974 4689 2548 5331 893 328 3883 7024 9997 8953 1665 9842 988 6790 0 3820 2745 1007 9225 3328 2211 5308 9749 9497 799 6367 9200 4675 473 576 4324 1103 5840 104 3370 2435 6707 2700 8189 2780 5206 8626 8064 1109 8155 5906 2085 8694 6528 6233 6627 7442 7423 7462 6032 5433
4530 1431 2660 5215 2524 3970 2831 3701 3508 9870 7027 8508 7402 9369 1134 8852 3433 1441 6284 9674 2754 286 1567 7313 7309 6906 2224 4970 2305 8797 8646 7223 1940 47 952 561 1766 7519 6480 4848 7273 7907 0 5544 3525 3577 6049 764 3859 3750 2947 1137 2130 366 2143 2150 6980 9204 6595 2434 7114 4427 8895 268 932 4030 3037 1373 2313 4911 1640 7772 9772 7692 6426 784 3360 1223 8703 5520 8299 4722 9569 718 3250 450 7213 8345 9586 6626 3161 4804 68 6481 8554 6432 253 3887 7454 5715
5527 5428 2429 1838 9303 6583 5803 6195 6183 9674 5368 9654 195 1973 848 7212 8428 4944 8416 6115 8237 1074 2383 691 5524 2421 7798 9579 9032 2566 4833 5510 3250 9847 6262 9015 579 514 8968 1370 6086 508 5544 0 8741 6777 4635 2861 977 5893 3701 2513 3626 8839 1194 3447 6397 5929 6955 5763 9981 7806 5910 5740 9340 404 7272 9949 4945 6561 6467 2673 5214 3797 225 8274 2030 603 9986 1877 8450 1295 7153 8794 1208 9874 6099 2543 2064 2929 2495 2625 1591 8305 5224 5426 3042 1129 9405 7852
7974 5481 1422 5286 866 5376 7300 3235 7391 6268 8036 971 3202 1370 2631 964 9049 9240 1975 2673 4461 7102 7641 6482 1583 861 6142 5531 9274 6210 6214 6321 2133 1145 411 6823 4816 9728 9690 6734 7425 8974 3525 8741 0 2628 743 9778 174 1520 8366 597 1211 8221 2219 487 7916 9078 1708 9923 4009 1575 8726 9057 4739 4783 1163 2027 1529 9886 9002 2203 4061 1184 4092 7005 5432 6905 1866 4493 8538 1824 6734 1753 7852 4697 762 1127 1382 6224 3012 9700 5806 765 2360 7754 3822 6317 8861 6673
8911 3165 5009 2329 446 4323 5668 7975 2338 5622 5774 3683 3795 5265 6553 9585 9336 2202 3566 2999 7416 1758 1623 5451 9144 5829 9477 8145 724 9307 7544 5571 7997 5085 4028 6749 6073 5271 3839 7860 3618 4689 3577 6777 2628 0 9836 8854 9924 4381 7076 9165 3210 6376 5247 6738 3358 1399 4000 5907 9382 7693 5298 3710 3596 8757 3355 6705 8874 9491 2626 2278 6830 5901 8358 2043 5739 8864 8302 1995 6962 1137 5513 7938 3101 8940 4984 315 1392 7436 965 1828 9981 2364 4461 8180 1149 8035 9852 1304
7627 6714 7495 8879 7630 3972 5876 8443 8192 8718 1074 633 4089 718 1917 554 9714 6954 9664 7289 5135 270 4005 2023 2620 1441 8016 6770 3478 9880 5429 88 5627 7552 6505 1935 1603 1019 75 3197 44 2548 6049 4635 743 9836 0 9534 5500 0 5525 9656 7696 6858 6746 7061 5233 8008 1370 6318 8418 6949 5307 6479 2508 3942 1830 8663 1520 106 4414 8147 6871 2765 763 6529 2754 9935 8989 7053 8635 8061 8752 2110 4750 9992 1380 3922 2186 3089 9014 4071 1577 5860 9261 3223 3826 8411 4999 5829
2522 2023 2098 3370 7142 2514 8377 747 5212 1905 6235 2282 3579 1861 8966 8479 9350 7449 7389 2535 8515 8174 7395 2489 4412 1713 9531 8923 3899 2047 8527 5949 1458 8112 2536 2495 5615 3027 4357 3655 5767 5331 764 2861 9778 8854 9534 0 4780 242 2540 7074 6124 8317 7940 8683 5930 9230 7917 5806 4314 840 9554 616 7692 8565 4509 3146 2298 2331 7647 2806 5117 9430 8711 6670 6569 4496 9615 3667 4679 6685 6524 9258 7719 534 2123 9235 6262 8932 6502 3923 6673 9447 5433 5345 6097 9727 1217 6329
2261 555 8232 7485 6920 6953 4053 7447 8513 8756 9055 7144 6648 46 9036 7846 954 9959 7316 4316 5998 8750 6785 8165 5230 1871 3264 7748 7668 3880 9375 1737 2291 6062 4356 6441 4718 4678 8871 9456 7007 893 3859 977 174 9924 5500 4780 0 2215 4423 3275 4389 4092 9653 1909 532 4450 3589 6258 2599 7361 2868 5110 3889 3129 8591 2557 3673 4947 850 5803 6802 2169 3433 6129 4981 6558 5934 8035 637 8176 5584 351 7100 133 6160 8421 3397 8521 6948 429 2716 5116 7661 9960 6881 992 1043 5954
8129 7279 4991 8653 5454 9937 8850 723 6732 1251 9131 9211 5831 1243 1059 7172 402 3527 2203 3085 2967 1332 9879 731 8319 2777 6200 127 7700 6326 5452 8238 4296 8236 6382 2898 2949 3974 3744 2077 4443 328 3750 5893 1520 4381 0 242 2215 0 2924 8178 774 7584 4952 9455 3503 8893 5305 4590 1422 3301 324 4642 7835 7291 5213 3377 8199 7620 5083 4112 1926 1035 5531 8151 1425 4582 5176 6425 9129 2389 4502 2809 6383 4315 6816 698 5320 8295 9515 3623 6829 2894 379 4984 4141 5925 8563 7924
4062 9429 4645 1889 9139 7791 2028 571 9746 3182 9156 7595 1167 4848 7373 9751 6944 7696 1594 8696 6058 4530 4068 5211 2045 6670 9253 8184 6065 9770 9511 5752 3787 923 9745 1253 4370 8794 7713 2694 3423 3883 2947 3701 8366 7076 5525 2540 4423 2924 0 8716 7525 4869 7942 539 9241 896 2590 3468 894 3219 4642 5319 627 494 9648 9463 9447 3241 3597 8430 521 5452 6395 7146 9958 225 9810 2716 4971 7921 7155 2609 207 476 5934 387 209 4506 4604 4181 9654 2864 3036 6357 2465 624 4382 6389
3786 9802 8728 6889 5363 1689 5607 7981 8041 313 4619 8926 2875 8133 8939 7348 1568 4364 9297 2808 4813 4596 4661 6772 897 8515 7990 8959 5539 1367 4071 7084 6861 1861 7625 7831 5176 2 1368 8054 2498 7024 1137 2513 597 9165 9656 7074 3275 8178 8716 0 2915 2515 9049 3446 932 4053 9682 2695 4410 7996 6759 3484 9190 9792 4191 731 6395 6160 5272 7731 7623 1260 4648 9553 5997 3581 7220 2154 7634 8452 2987 9721 3683 8730 2527 8401 8828 9641 4522 1750 6028 615 3639 8976 3100 3643 1747 9656
3636 6916 762 4882 5714 1548 9843 2791 5563 5185 3334 4292 8051 1195 7006 3925 9681 4248 6978 6296 1941 2324 881 4902 2263 3840 8450 7509 310 5947 9500 5656 4994 4644 5893 7664 1944 6292 1002 2520 3382 9997 2130 3626 1211 3210 7696 6124 4389 774 7525 2915 0 9658 9553 9273 5622 5642 3356 6019 1535 219 2436 2631 9055 9906 2508 8862 7383 6030 1809 9613 862 6006 6938 1079 6867 4901 9741 572 2618 3471 2840 8963 247 9879 8177 7810 8762 411 1728 8505 2484 4072 2981 3923 9968 1632 4985 5133
9537 1599 7181 5591 4533 5878 8742 8381 2401 6133 6488 2043 6300 5822 6220 4957 2055 7388 4146 4279 1070 6681 2982 4309 6664 6652 3470 7856 3843 2349 9537 7689 5429 3544 7074 7384 9987 6770 7806 4632 8075 8953 366 8839 8221 6376 6858 8317 4092 7584 4869 2515 9658 0 6336 9959 8711 2636 5703 8380 5606 4037 7293 656 977 1352 1467 6088 8337 873 682 2865 1199 6269 4324 6946 6393 8659 6594 6427 7642 2186 5775 9000 495 4533 3896 2803 5969 3108 9892 6726 8790 4475 4322 4330 897 1182 8710 6641
3446 6280 5014 7392 4120 4529 1447 5337 5698 763 6001 4891 1228 920 8864 4812 9183 3637 270 6531 4825 8879 7958 9438 3509 6928 5995 8805 5916 6520 7042 407 4561 1227 6320 6649 4866 7901 3098 8199 977 1665 2143 1194 2219 5247 6746 7940 9653 4952 7942 9049 9553 6336 0 2747 6196 9329 1890 1543 9613 8291 9698 5786 5384 9678 1482 9098 9654 3933 7123 2335 7914 3055 2442 5355 6044 9474 2097 230 2319 609 9323 640 3406 5601 7310 756 7147 1557 7295 1398 6735 6622 9809 4961 2711 1328 4168 4586
9620 5020 8442 662 1237 2480 3283 5843 5482 9728 66 5360 7251 1231 2785 824 2383 5758 8412 833 4036 2438 1826 7856 7329 1604 2284 5659 1376 3556 107 6329 9670 5540 8300 5627 538 524 6465 11 2879 9842 2150 3447 487 6738 7061 8683 1909 9455 539 3446 9273 9959 2747 0 9492 2242 9266 2269 5842 1018 9697 797 424 5913 8513 1180 8031 6583 6094 9670 2092 7753 9656 8323 5808 2582 4445 6217 8682 7294 2969 3763 5295 9865 5292 8119 9584 2231 1626 5014 3477 8209 9159 6398 9351 8036 100 9685
3373 8185 6069 8933 6069 6304 9226 5211 9395 917 4775 5206 3305 3798 7435 8056 2190 5019 1371 7601 2986 707 3438 1182 1489 7837 8539 8708 1102 1393 8505 7433 2375 5018 5793 2749 6902 9058 6175 2326 1470 988 6980 6397 7916 3358 5233 5930 532 3503 9241 932 5622 8711 6196 9492 0 9456 3440 5035 4412 5568 8877 8678 3290 1228 9675 5355 7707 9422 6036 5471 1540 3195 4500 4635 9361 1860 94 9407 3064 6356 8184 1553 4853 6631 6917 3128 2465 1518 8924 6338 2498 7563 4330 5655 32 9328 2247 170
3465 8361 9958 1107 1484 8254 8785 4263 6296 4867 4131 9046 3785 3183 2458 1134 4016 8673 6028 2965 4610 55 798 7615 8589 320 743 3440 8580 6285 6855 9004 9695 825 1773 4026 4952 7851 823 932 1305 6790 9204 5929 9078 1399 8008 9230 4450 8893 896 4053 5642 2636 9329 2242 9456 0 1782 3003 4730 3925 1417 7829 6734 3365 3634 7255 7560 7741 9186 2101 1241 5537 1435 7091 9724 1363 9222 7207 4555 8581 4538 4118 3504 2605 5421 972 8273 5118 2926 8955 394 5720 9599 6046 1013 2001 9277 9310
7318 6998 340 3139 6877 4769 5520 2926 6227 5539 2438 4462 7369 3247 8814 4570 496 5358 9073 2035 876 6093 9539 9045 8157 5563 6296 8129 4178 6591 3055 9751 4712 4406 2640 3843 6675 9894 6310 9962 8925 0 6595 6955 1708 4000 1370 7917 3589 5305 2590 9682 3356 5703 1890 9266 3440 1782 0 731 1457 5363 2127 4960 9184 6227 4127 5975 1755 5335 9490 6081 6188 4788 3666 7997 7888 2518 2248 1312 9424 9444 7153 164 768 4559 8616 3533 3719 4503 4123 3570 9466 3804 64 3823 7858 375 4887 8034
7868 1896 3091 146 2170 8576 5378 5144 3788 902 3861 4255 9890 2986 9241 5404 6654 7507 2547 372 7632 7519 7192 1734 8917 4147 5475 9830 5004 8173 6650 7690 890 4369 8330 8592 1854 5783 5126 583 2970 3820 2434 5763 9923 5907 6318 5806 6258 4590 3468 2695 6019 8380 1543 2269 5035 3003 731 0 8900 7253 9133 10 5264 3295 8532 436 4964 8437 5409 2274 563 9215 629 5716 9672 4765 7582 114 9474 2797 2238 8169 4709 2102 8248 8646 4425 2617 864 4806 5561 9075 8694 5169 4850 2735 3095 6414
34 8896 5397 5944 7108 44 5707 188 8088 9036 1613 366 5735 3876 589 8793 7646 2175 6867 6304 2437 9050 4779 9237 6450 1772 1992 9306 2584 5843 9429 6775 6630 7014 8865 1545 987 6347 6610 1419 9387 2745 7114 9981 4009 9382 8418 4314 2599 1422 894 4410 1535 5606 9613 5842 4412 4730 1457 8900 0 1137 7716 7939 3513 4058 1792 3959 4253 1215 1224 6745 6638 7219 2684 5012 3817 1331 8928 2120 2678 9802 982 967 7835 1451 6343 5190 6306 6112 5719 9816 6526 3411 5562 945 6034 4854 9603 2506
5929 1938 4972 699 5483 5449 9529 5238 4905 4258 8856 8065 8114 80 6843 8029 3833 7447 9426 6663 8741 5872 890 5831 7437 3514 5419 3618 9623 3295 2116 166 5592 494 3932 7701 9988 8902 8449 955 6782 1007 4427 7806 1575 7693 6949 840 7361 3301 3219 7996 219 4037 8291 1018 5568 3925 5363 7253 1137 0 341 9989 5977 6695 4742 1564 9812 2769 6452 180 5301 1104 6611 7066 2861 7178 3837 6141 5976 8390 6159 5234 2969 6387 901 5721 38 2573 1872 7452 9460 5857 8612 4258 425 6192 6904 5325
8141 2626 5269 2791 8999 7917 9442 6622 2015 7111 5150 3183 7809 3824 4647 3958 5356 8116 797 6485 6311 5896 4450 3352 6172 3643 3619 9896 8031 4258 3641 4441 175 1297 7664 1559 8338 150 1862 9252 3644 9225 8895 5910 8726 5298 5307 9554 2868 324 4642 6759 2436 7293 9698 9697 8877 1417 2127 9133 7716 341 0 6812 4738 4560 2307 8195 2695 1459 6636 4915 5219 4436 9252 1359 9009 5536 193 2370 3788 6252 1457 2111 7924 3281 9650 6361 5573 1200 5512 5100 1680 9818 1098 7254 2762 9897 5840 5832
7013 9373 4087 3955 2654 2621 631 2110 3971 2058 1370 2417 6896 5783 9251 2670 3082 3214 824 2492 7174 7162 1688 2225 8526 6821 2405 9538 3772 7691 9039 6164 4466 4617 2194 8621 5526 197 9404 6674 9788 3328 268 5740 9057 3710 6479 616 5110 4642 5319 3484 2631 656 5786 797 8678 7829 4960 10 7939 9989 6812 0 7813 9904 1102 4743 2931 6808 8032 5368 4620 3509 4246 7851 8834 2549 4244 3433 9147 8831 3502 6573 931 8389 7910 5058 2246 1598 1497 5587 3441 2725 8718 2461 8907 1246 2977 865
7290 4782 2992 5015 2815 5715 7020 20 3401 1005 5600 6709 6092 9366 6049 7083 5859 3083 1397 8453 9459 6786 400 7788 1837 2641 138 6889 7866 6500 3334 9664 9338 5812 7255 2529 4906 1769 8835 3657 9207 2211 932 9340 4739 3596 2508 7692 3889 7835 627 9190 9055 977 5384 424 3290 6734 9184 5264 3513 5977 4738 7813 0 9628 8672 5711 2353 6800 4195 6344 9485 3031 3573 6928 4180 5652 2609 7299 9659 6171 7910 7661 6341 9039 3918 5589 2643 7740 9961 6023 5569 4018 5767 6547 7027 7099 2357 6368
1833 6977 7628 5890 3957 799 707 7038 5234 9241 2806 1152 8424 3387 3599 5991 4094 8720 3327 2602 8414 6501 3767 4293 5115 5212 2775 5484 5457 6478 1908 2473 1905 2197 142 4955 7195 5711 5213 5107 4041 5308 4030 404 4783 8757 3942 8565 3129 7291 494 9792 9906 1352 9678 5913 1228 3365 6227 3295 4058 6695 4560 9904 9628 0 6952 4033 8798 9944 7958 1899 5355 1913 9401 8007 9910 3902 834 2991 7994 1343 169 5175 4940 4501 6150 5701 3086 4733 1326 8489 9705 9885 5305 1958 6706 960 8279 8871
149 8915 5988 4447 9973 4532 6018 8688 9516 5370 1343 6404 5089 4212 497 4689 589 6414 7785 7368 8782 7504 6658 7686 2660 2163 3783 7448 2688 139 3224 9373 6180 7293 364 4849 391 6479 1195 2863 2882 9749 3037 7272 1163 3355 1830 4509 8591 5213 9648 4191 2508 1467 1482 8513 9675 3634 4127 8532 1792 4742 2307 1102 8672 6952 0 6797 3696 8211 1256 3834 1617 2486 221 9995 3078 7326 5488 7535 3836 8164 2304 4349 4065 8384 6384 2071 156 3448 7540 3318 1552 9155 4406 2647 9980 7107 2823 7201
1213 945 8400 304 8349 4982 7964 9471 6840 1086 8498 4629 9 2768 8702 4526 8019 6151 493 1802 4942 8886 7158 6501 992 7406 5938 9324 659 1819 5302 483 9898 1475 396 9011 5126 1774 2178 8997 428 9497 1373 9949 2027 6705 8663 3146 2557 3377 9463 731 8862 6088 9098 1180 5355 7255 5975 436 3959 1564 8195 4743 5711 4033 6797 0 6491 1787 5254 282 1498 9123 4005 9748 4844 1530 9462 5433 224 7827 7532 6172 658 4382 3483 8480 604 1038 3984 2788 4960 4244 7614 7637 5660 5283 6386 8762
600 8648 590 5993 5380 4041 4277 3624 1487 6409 7906 4609 6250 534 7451 9955 617 2934 61 5480 6255 4443 7843 3000 1084 7574 7657 7114 1504 7245 4755 1278 7854 5161 9485 1653 9589 9902 3548 7602 2171 799 2313 4945 1529 8874 1520 2298 3673 8199 9447 6395 7383 8337 9654 8031 7707 7560 1755 4964 4253 9812 2695 2931 2353 8798 3696 6491 0 6077 5409 2556 1895 5469 130 9110 4427 6574 4109 2445 366 9613 8362 6049 7636 8697 5770 513 3735 2053 7939 9422 8111 3364 455 6200 5842 6553 2401 7032
1652 8719 6353 7535 6430 6482 4691 8694 861 9569 5064 1453 4920 7670 1642 29 6242 9905 2111 3203 8100 8453 6130 2465 6179 29 9058 3543 9955 4745 8147 7262 5516 7569 5641 5765 4120 8371 538 8142 4641 6367 4911 6561 9886 9491 106 2331 4947 7620 3241 6160 6030 873 3933 6583 9422 7741 5335 8437 1215 2769 1459 6808 6800 9944 8211 1787 6077 0 9790 4810 4645 5634 8723 645 8286 8194 1897 393 3922 5488 254 5784 5916 1568 1819 4937 2773 1967 9623 3132 4084 9497 9015 6389 6626 2206 6571 3014
8493 8035 8902 6449 899 5622 8169 924 7727 5227 9654 2962 3971 7669 7142 5092 7141 9661 877 1679 1731 243 8390 4645 4270 3384 3090 2552 7872 2282 1838 4282 8166 7081 2446 5982 1195 2687 655 7177 6611 9200 1640 6467 9002 2626 4414 7647 850 5083 3597 5272 1809 682 7123 6094 6036 9186 9490 5409 1224 6452 6636 8032 4195 7958 1256 5254 5409 9790 0 9108 4902 670 793 1193 6537 8847 9819 4129 2971 5320 1563 8648 4699 9395 7995 80 8256 7721 6984 45 9099 9019 3912 3262 7033 7277 3899 4766
2314 2860 8710 1596 3934 7149 1304 328 8754 664 5572 8491 8205 5866 1390 1535 9830 5701 1110 4658 3773 2871 4953 5208 884 371 3631 4655 6269 6483 9840 6466 1251 4287 9894 1304 7065 87 1289 5850 7841 4675 7772 2673 2203 2278 8147 2806 5803 4112 8430 7731 9613 2865 2335 9670 5471 2101 6081 2274 6745 180 4915 5368 6344 1899 3834 282 2556 4810 9108 0 838 5335 6135 6368 7794 74 5372 8902 8064 776 9439 6198 8872 3232 5420 369 1139 1909 5411 6763 9194 5960 8970 1776 1595 9605 5059 2768
9966 4489 3493 9869 1820 6414 7489 3576 8196 6681 3542 3430 6748 735 716 1152 3151 5014 410 2765 4847 2242 8817 4463 9906 2947 7559 1371 7463 1038 5298 3893 9687 1102 4324 3542 9348 2528 1281 4948 8413 473 9772 5214 4061 6830 6871 5117 6802 1926 521 7623 862 1199 7914 2092 1540 1241 6188 563 6638 5301 5219 4620 9485 5355 1617 1498 1895 4645 4902 838 0 7840 4554 9867 8369 2006 6109 2144 1592 7623 7994 5390 5353 1355 6097 61 6684 2542 610 8058 120 9117 6663 3007 8087 7031 7649 1635
8903 6125 3261 7217 8606 5515 6048 6891 1015 5658 3118 3549 4875 973 5482 5536 6519 1963 4966 5213 5757 3265 2408 245 5434 8689 6648 756 8797 8495 1180 3975 5860 5449 2795 4337 2628 2936 1912 9690 5887 576 7692 3797 1184 5901 2765 9430 2169 1035 5452 1260 6006 6269 3055 7753 3195 5537 4788 9215 7219 1104 4436 3509 3031 1913 2486 9123 5469 5634 670 5335 7840 0 8165 8738 9620 1873 231 1220 8195 245 8198 6037 737 8169 8649 8156 5780 8349 3483 9111 9557 6918 4638 2672 8659 2236 445 4630
5328 5145 5977 3383 4676 7362 9574 5380 6266 3344 3106 7984 1296 6625 1047 2735 3857 3620 8665 4092 6403 4070 121 3490 6188 7591 855 2981 3971 627 9807 3496 2998 6848 1456 732 9863 8968 1576 9633 4343 4324 6426 225 4092 8358 763 8711 3433 5531 6395 4648 6938 4324 2442 9656 4500 1435 3666 629 2684 6611 9252 4246 3573 9401 221 4005 130 8723 793 6135 4554 8165 0 1456 9260 12 1817 9109 8648 277 9808 5002 5525 7190 5197 7634 3142 5088 6853 1778 5887 3231 2947 5852 4626 1188 6491 680
3923 4628 6194 7503 3824 223 5286 9542 360 6300 4475 8279 3463 4927 1646 2012 285 4982 3749 3950 7820 4689 8047 1210 4622 7018 3402 9300 7444 3904 6247 8274 9657 8428 5834 2535 2019 6015 1796 8904 1991 1103 784 8274 7005 2043 6529 6670 6129 8151 7146 9553 1079 6946 5355 8323 4635 7091 7997 5716 5012 7066 1359 7851 6928 8007 9995 9748 9110 645 1193 6368 9867 8738 1456 0 2768 1813 777 2928 9444 4296 4658 1414 5658 6351 4083 3423 5213 4438 3002 2263 2835 9032 7728 3744 9972 2608 9583 8102
248 5189 8644 335 4967 9034 915 8351 3020 2239 942 8468 4501 297 8335 8133 64 2821 2223 2953 137 5972 2453 6218 632 6371 6936 1883 6782 4773 2853 7791 6910 5277 4411 9177 8961 8887 5410 9928 8695 5840 3360 2030 5432 5739 2754 6569 4981 1425 9958 5997 6867 6393 6044 5808 9361 9724 7888 9672 3817 2861 9009 8834 4180 9910 3078 4844 4427 8286 6537 7794 8369 9620 9260 2768 0 8123 7128 8139 3840 3366 5510 9792 3489 8386 5593 7213 544 5151 1881 193 5591 6798 6452 211 2593 2594 1545 236
3742 4228 8884 2456 2874 3037 5447 3642 1015 3068 7653 391 486 2985 9732 9638 9381 7292 5433 6249 8962 3526 6160 1618 4896 7757 5260 1831 1411 829 1037 2043 3361 9212 4427 621 7157 1788 9789 7795 9420 104 1223 603 6905 8864 9935 4496 6558 4582 225 3581 4901 8659 9474 2582 1860 1363 2518 4765 1331 7178 5536 2549 5652 3902 7326 1530 6574 8194 8847 74 2006 1873 12 1813 8123 0 5058 2342 5209 7146 2829 5135 758 5982 8719 6543 7268 1318 4308 1922 8622 3079 6101 5599 3295 8111 8153 9867
5638 3643 5555 417 4287 5791 5305 2550 1917 1061 3120 7684 2153 1258 8667 2760 9968 1876 3725 2788 8315 4906 2726 6057 4462 2564 5868 859 5586 2298 2529 5594 7332 2971 5908 7578 3856 7340 3806 1577 9653 3370 8703 9986 1866 8302 8989 9615 5934 5176 9810 7220 9741 6594 2097 4445 94 9222 2248 7582 8928 3837 193 4244 2609 834 5488 9462 4109 1897 9819 5372 6109 231 1817 777 7128 5058 0 7159 806 1884 7249 9341 1183 1731 3598 5056 1407 7324 6132 925 8754 9063 6490 3473 3068 1255 5827 722
1142 1797 5872 7620 3039 1243 9268 4247 1771 2273 3960 5739 896 1158 5436 5188 3810 844 6100 9410 2260 7643 1896 3783 3147 7152 1391 7132 8669 1061 2034 2211 2421 47 9790 9854 658 4148 7576 304 7785 2435 5520 1877 4493 1995 7053 3667 8035 6425 2716 2154 572 6427 230 6217 9407 7207 1312 114 2120 6141 2370 3433 7299 2991 7535 5433 2445 393 4129 8902 2144 1220 9109 2928 8139 2342 7159 0 7428 6287 7977 4304 1544 5429 3213 9524 9360 9426 1491 5514 8538 5391 2247 3910 8534 4501 4121 7533
3878 5770 4833 2930 9105 5959 28 1510 5496 7557 5751 4638 1942 8619 1433 4026 8216 2564 8258 8088 5369 8257 3545 6273 8190 1165 9247 9984 9553 9792 9550 1144 1205 2930 7637 1852 7342 6940 7986 2337 300 6707 8299 8450 8538 6962 8635 4679 637 9129 4971 7634 2618 7642 2319 8682 3064 4555 9424 9474 2678 5976 3788 9147 9659 7994 3836 224 366 3922 2971 8064 1592 8195 8648 9444 3840 5209 806 7428 0 4685 7431 7751 3982 2912 5985 7536 918 1600 7518 2982 7460 3019 6613 1833 1457 5695 9212 2234
9769 24 3698 1825 7126 6962 1762 9073 4916 9550 2238 1562 2140 533 7571 1986 7143 7026 5030 7313 2216 3429 9854 3793 1783 3569 8967 5253 153 6544 9847 6418 6307 86 5410 7230 1253 1848 1870 5172 8932 2700 4722 1295 1824 1137 8061 6685 8176 2389 7921 8452 3471 2186 609 7294 6356 8581 9444 2797 9802 8390 6252 8831 6171 1343 8164 7827 9613 5488 5320 776 7623 245 277 4296 3366 7146 1884 6287 4685 0 2334 814 2634 4704 1423 8996 9084 15 9149 8802 9599 484 3688 7148 5844 2031 8861 8455
