250
0 3146 1290 7289 1576 8340 2654 8374 8821 5121 8214 5003 6749 9529 9125 3257 8910 8646 445 5617 8197 9002 2641 7830 1814 2076 6412 7215 5812 440 5836 1031 5128 1414 5881 1675 9647 1189 8508 4849 8082 4954 5833 2459 1109 5249 9571 5801 5185 8042 568 5471 8419 1136 6443 2387 5813 6046 7866 5565 7085 9654 8137 3464 6321 7201 5314 7383 868 1267 6412 5312 3304 8847 6601 9440 6924 2456 9332 9576 3045 3754 5210 1517 629 836 8730 1154 7890 2375 3521 1593 6323 5499 503 321 6659 39 9320 6828 6994 8192 7697 6538 6940 8681 3273 6431 1417 5745 2472 9192 8853 7566 9668 4350 8097 7418 586 6137 8405 8956 3465 5963 8584 5513 6177 3081 70 6501 6887 371 6233 1414 1628 639 4268 4582 4989 5779 3748 7526 8923 2292 834 3218 724 4265 9139 1321 5615 9248 1526 2496 5159 105 7375 6774 3338 3403 3486 2475 9147 254 871 7648 939 2055 1478 1321 8834 2896 6214 8319 9982 7009 6099 8894 1986 7706 1829 553 4842 7905 7720 9523 7964 4934 3887 6950 5325 4267 6623 2071 3948 5521 6578 5376 4247 5480 5914 6605 2175 859 7369 5309 9310 2351 8026 1419 6890 2143 1865 3588 9856 1714 4563 4119 3156 7639 1209 6862 2788 4602 1092 2165 5005 8540 365 7433 1241 7394 2772 8184 4779 2247 2735 3431 3280 6819 451 8497 3294 3061 7858 9318 6039 8398 3351 4729
3146 0 2945 1759 7812 2840 414 3303 6138 7524 1318 7640 9900 3417 2087 5703 3002 5941 8568 4540 444 8616 3531 1171 1689 7903 2880 9709 7901 6294 7183 6665 7889 6177 5216 5989 3421 6089 4967 9117 4379 567 4839 4031 7358 980 2352 6470 9935 6756 605 3494 6161 5068 2515 1160 2728 3376 7255 141 8618 6360 8217 881 6658 3842 3769 8440 9759 5589 5870 6649 7194 4414 3344 3083 5654 181 2809 3239 6258 3379 1512 3210 4193 3398 6937 1557 1483 2561 9192 3723 6142 6583 2186 9558 2376 3125 9777 6861 3761 140 5404 1709 1504 3899 1133 1107 5078 3121 8422 357 329 72 1089 8149 7716 7694 5119 1255 8433 218 8184 4773 8356 6196 9587 805 5109 7882 9645 3287 5819 5323 8136 7207 2474 3096 517 6419 9451 4283 7112 9161 3384 6979 7492 7660 2692 5831 6318 9853 5920 4764 896 6367 8818 1928 6740 536 70 3937 4781 446 1402 5161 5688 3317 1990 7157 2454 4615 7394 5107 188 3145 8771 7649 7183 8864 3022 4818 2055 450 9326 7818 3281 6827 9179 4326 7901 8855 2971 104 9707 3138 3942 8941 6119 5270 5456 3507 396 758 491 4374 4915 7234 6596 7069 8064 21 3751 6472 3834 6341 9161 3022 2913 6891 4033 4237 3800 4837 3065 8490 9309 2268 9940 4220 14 212 2803 5449 7368 1937 4305 3959 5451 3918 1852 580 9614 1986 4174 8328 6520 5725 9638 8715
1290 2945 0 4795 555 8525 8809 1223 8537 8270 8299 7730 2000 8012 4287 679 2134 749 9313 2851 7892 5723 2731 6677 2497 6677 5345 1320 1801 5899 7032 9071 3470 2349 4623 9227 7180 5035 3850 7202 241 7101 3051 9349 2540 8631 9994 131 9836 3551 717 3406 1922 824 2995 4780 9830 670 5929 1728 4447 5253 4422 6774 7235 4638 967 3753 9603 9182 2915 3621 1227 2049 5975 5427 8647 9589 9427 1029 986 3914 8517 5000 6914 9338 9338 5339 9897 9924 4934 7190 794 816 9513 1664 6735 2503 5898 6197 2812 4534 4953 8157 6613 4745 5316 2150 4679 9729 3131 9976 6944 4448 4373 742 2916 3566 4425 9421 6621 656 2047 9887 6537 9171 2182 4190 1067 3870 3091 9140 8947 3588 7319 3027 6996 5520 8542 4399 3520 1719 8052 3306 9171 739 5379 867 1609 1748 1247 688 770 9723 3282 8170 584 5281 6607 8219 856 4077 6832 3197 1309 2913 9046 3945 2406 6357 7002 3298 3959 4670 1615 9780 4110 405 6982 1677 6998 3375 5180 9856 9028 1217 2550 7366 7652 7530 2208 6242 8145 3424 1886 6572 3099 6615 9481 4557 4591 8005 1366 9774 7436 404 7237 8214 7479 1633 9794 2975 2983 4052 6371 2869 8423 5335 7279 6878 2054 1156 3167 7947 6809 6363 2989 3191 9295 9278 3628 3137 4292 3940 4629 8778 6581 3173 7813 287 6232 8421 8447 4942 9290 9348 7678 8823 3960 9070
7289 1759 4795 0 7258 6408 9240 3615 9741 7345 6307 9665 183 7206 3097 5507 2565 7652 4481 1088 2359 1398 5353 1295 4918 6395 8937 1798 2144 8778 8131 838 2556 6523 532 339 3164 629 5516 6908 3383 4098 2893 4372 8496 6910 8581 547 9932 4270 8125 7985 902 1098 5242 1879 8770 27 875 3510 3889 8144 4771 5461 7907 3230 6224 5993 9744 3281 2871 6677 9540 5165 3557 4339 6155 585 9621 9090 6194 442 7854 5864 6562 3206 6421 433 7034 6173 4151 3856 8033 8362 3419 6268 9186 3423 301 1395 4074 5750 2277 5390 1836 4946 7372 4245 2112 3808 2071 3330 477 8784 3065 7488 1415 9340 2041 9866 9416 3624 7643 8755 6551 9686 1857 8184 7727 4582 705 5713 6523 5036 3927 9176 655 6035 521 7463 1990 8784 1609 8024 5879 2966 1063 1825 309 5770 9829 3916 329 268 2246 9729 3476 5739 678 7122 1847 9053 2974 8333 2257 5825 2577 7639 4227 9049 9014 1920 3939 9753 421 4872 4113 1769 2262 6888 7139 8867 9912 7697 4819 4596 2069 6912 4686 2736 8080 2200 1480 8718 8285 9951 4504 6675 5334 4625 9435 8517 6872 3670 2967 2743 4393 8042 6055 1241 2660 3466 25 4260 8907 1693 6032 5249 2371 9018 7083 9089 7729 6319 9252 186 2062 1583 8370 7283 9883 6923 366 1068 7020 9021 7659 226 4241 6487 2757 6270 6774 5507 9484 1275 9875 1242 7434 8663
1576 7812 555 7258 0 7803 8313 2211 5512 9352 9968 639 9335 1606 144 1552 1137 3908 9150 2477 9524 3873 6391 8255 7325 352 7549 3337 9102 2981 8021 5137 860 7746 4204 5180 3038 2502 3748 8175 3988 6748 6244 4282 4072 1303 725 821 3162 9520 1429 7583 6322 8748 6609 8890 1423 7081 6123 7183 4103 6614 9927 6921 9692 8085 4618 8911 2527 7580 4052 1619 2529 4066 9732 724 3265 1578 2289 1191 1900 63 7471 1126 3030 465 9854 656 7267 1121 5123 281 7816 696 4519 999 2935 358 865 2823 7725 8778 9470 9684 8441 5920 2809 9388 6786 3431 750 1117 9965 9249 8650 8385 1599 3817 446 5623 3296 5696 5984 1870 5166 5348 7403 4804 5253 7052 3476 3487 2432 2322 2161 654 2403 712 8828 3534 6464 3617 1280 9404 8460 4426 1486 8052 5945 811 8216 9988 8057 6390 4842 536 8560 6120 4272 647 3160 9717 953 1107 4498 8047 8487 5485 4349 4838 6741 2199 7537 1202 1198 3519 4584 628 5862 4125 2113 1717 8080 3455 5965 87 6833 1576 3367 41 1020 7793 4048 6552 4588 7572 2208 7555 8782 6212 2855 8680 8482 3157 2039 5018 7373 7846 7992 9378 7477 6171 4378 3138 2478 3508 5038 7478 5620 8988 7460 8520 4488 5254 8334 2373 1934 9880 4580 5408 6360 2703 9175 9861 6993 2343 3655 1500 7954 6499 4550 4860 4610 3971 2595 8653 8015 3384 1546 3762
8340 2840 8525 6408 7803 0 7002 3890 8211 4573 6117 6964 8140 7113 8695 6173 7453 5728 6638 1377 5506 4258 4482 7609 3104 8188 4 2585 1246 3448 8596 743 9134 6553 7340 9067 3977 3178 7980 6980 8176 5695 5822 5169 4590 5117 3244 5154 5688 6396 6900 7036 4462 7739 8169 2770 2975 3307 258 7191 1927 5236 2443 863 793 6708 415 5154 2616 239 5339 6679 4818 6731 3383 2727 5820 4912 685 6225 446 2764 9021 8790 2826 7779 6010 419 6782 3140 6921 3152 4885 4859 9870 3809 519 9726 978 9284 1983 6603 273 9706 545 7700 7538 9254 2423 6226 3596 6369 7213 625 5029 5897 4232 3616 7923 9684 3173 6646 1046 1105 6450 7946 7873 7429 7941 5844 7577 9079 2762 7923 7856 1810 8850 3154 185 7054 2429 1354 683 600 9543 5455 1336 792 636 9939 1353 1003 4253 3646 7387 8117 842 7600 247 5118 119 5274 2629 7644 4891 5718 9419 1689 2948 506 2475 2390 3134 854 5046 6630 7633 8639 5490 1444 1021 5485 4884 5711 6049 6523 4776 9941 821 8927 2966 1068 6504 389 6410 7468 1698 1627 481 5549 6554 1688 2609 9918 2883 1899 4034 7946 8158 7421 1502 3079 2032 6432 9795 6081 7522 5304 7094 3475 5252 2684 2175 9008 6127 5793 8044 4224 2211 2781 3593 2252 908 3101 2707 444 4822 4514 7718 9545 6250 9640 7308 3101 5263 9263 140 1524 1178 2379
2654 414 8809 9240 8313 7002 0 7263 3036 1819 800 8714 3240 512 5922 7395 8895 3005 7452 6110 7484 4307 5236 6743 3123 1548 8352 4005 6429 8604 3269 8027 5382 9647 4764 1161 2764 3471 7523 6380 2171 6659 599 3525 8606 1503 4201 5716 3728 5988 6933 6018 4883 5175 3878 7970 8127 7738 2631 3667 140 1788 2693 3012 3646 8939 3106 5256 7291 4800 1681 135 0 9931 2418 6571 8234 3445 4611 7140 6018 7963 7250 7893 7219 7250 5999 9486 7008 8797 4625 2314 2314 7758 3100 3505 5337 8419 3477 7586 8443 3680 2663 7537 8071 9271 3826 9013 2572 2262 1106 7725 7584 6149 5606 5304 7245 1901 4307 3217 6409 1027 27 5814 4581 932 6050 760 7800 3658 9088 8447 6107 8619 1122 4813 7121 6176 4095 7519 9069 3834 4860 1800 2709 1216 2434 5068 2624 8934 5693 6530 7271 2856 8576 4152 9652 4941 1661 1852 8764 8119 3914 9446 5324 7697 2110 5454 1508 6111 6140 8131 9740 2691 9307 3165 8285 8923 7716 566 9782 9775 6316 3120 587 7910 7211 2323 9081 7125 2782 470 1871 8957 8627 6506 6902 1475 8332 7458 3945 7450 9193 7315 1253 1999 2806 7206 9278 2342 178 7733 7247 4948 7276 6843 5700 6523 2372 6853 3185 3869 3475 1948 3273 8507 4090 688 2548 1219 3489 6290 3093 5148 3686 7089 4812 8940 5653 3709 5890 9016 5005 9934 4528 9724 1027 7693 8043 5255
8374 3303 1223 3615 2211 3890 7263 0 1640 8258 9830 8962 353 6504 9091 7628 7425 4867 4341 4832 4812 7208 1533 6989 4403 3949 3462 1584 7095 9167 1694 836 2906 7687 1093 1872 9575 3229 1773 5271 9992 6566 3265 3522 5735 3969 8543 5487 1249 9571 3787 4260 8328 1503 6440 7575 7687 8935 7787 8389 5010 7850 2278 4267 5221 6607 5822 2494 4568 4718 2222 700 7615 7166 1305 161 2795 7763 8236 1033 1381 3388 2252 8328 1803 8446 8965 3150 9862 8774 4444 3875 6861 859 6047 2639 4655 7330 5034 9389 2927 5404 1145 9698 9713 3986 1560 1437 3166 5216 6204 2897 8082 2710 2055 4573 6274 4151 2485 2947 4978 3999 422 6478 119 2692 1432 4065 7722 4494 7065 2698 3963 6718 8299 6023 5032 6533 528 4278 736 9544 9867 154 1131 875 3723 5313 1381 3281 4067 6718 2150 2392 8084 6071 5813 4749 6846 1415 5358 7447 3456 6401 6873 6934 696 1555 9385 3700 5307 959 5328 6329 7344 9139 9990 3508 9285 3065 6634 4214 3820 7894 5432 5980 4829 9691 5213 3760 8907 8430 653 1603 577 6241 2989 1765 210 5597 8915 6367 3734 2762 2148 3036 4765 410 1905 9065 5982 4271 8406 7454 3157 6115 706 8357 9263 8123 4998 2012 8562 3807 1908 4857 2990 9356 1008 7477 5099 7275 5545 8961 1823 9070 1388 8501 5446 6533 1692 1384 6675 9023 6092 171 9490 8773 6078 618
8821 6138 8537 9741 5512 8211 3036 1640 0 7810 900 3289 604 5736 2541 9708 5783 1773 8215 4791 6212 6927 6450 5698 8242 130 5516 1604 4548 7396 2815 1707 508 3410 6324 608 630 17 9522 2187 8356 8790 5484 4467 4102 5414 9386 905 9745 1781 74 8451 3827 7627 3376 9819 9827 2370 6004 2222 9865 8428 7514 6715 3442 2053 642 5049 5350 6688 5834 8845 2656 1796 3101 9979 3768 8556 3414 5666 8943 9341 6769 1778 5730 3905 9216 8202 952 662 8045 6480 8746 4123 616 7135 8390 3981 1912 7439 3275 4009 7814 2863 2488 4946 6556 9401 3313 5897 7181 5959 4859 1481 3335 3334 7506 793 7521 5293 3832 4700 9613 565 5779 3335 7501 7817 6440 2159 6773 9400 2864 5993 7786 6530 3113 8196 2029 678 6249 7678 241 1488 3224 8009 4251 5079 1267 8470 2400 1091 7157 1251 362 1502 6679 4111 1580 5876 8664 2190 89 9494 1396 1503 6436 4217 4134 3254 2386 4078 3696 6451 6583 4035 9325 5795 412 8776 8836 4228 5040 9025 8395 3787 4127 7650 5185 5984 8095 981 2221 155 7401 1178 6027 3140 6129 6390 8014 5238 5629 3176 3132 6103 2631 1147 7150 8865 1097 1929 9769 4309 7521 6762 3784 3715 8158 2166 934 5336 2113 6861 7288 9090 9439 8774 8866 6649 2301 60 8653 4472 7424 8240 1186 9080 3270 4327 5217 3896 4409 676 1610 4285 3918 5831 2933 137
5121 7524 8270 7345 9352 4573 1819 8258 7810 0 1166 8179 128 8846 2674 7012 5867 4052 1981 4782 8683 5313 6713 594 3566 5787 4445 2287 6837 9600 7861 3265 1670 3659 7964 7251 195 4624 379 6226 8070 7378 7604 3783 2403 6594 7069 9902 5775 8197 2156 6774 5910 3079 2552 5104 7375 5285 555 744 5427 9541 4506 9852 2501 2519 816 4220 4691 5385 3291 7688 5819 3717 2677 8562 5902 1585 7160 6347 4166 9903 5448 3950 5569 3980 5695 7033 9808 9568 8152 8838 2507 2700 7104 3253 9133 6895 9280 606 6034 8284 1840 7856 1143 4759 7899 5488 9914 7414 5342 556 5829 903 1296 391 9191 8184 2292 9196 8855 3155 7559 6991 4322 6343 8998 2645 8837 4378 491 3742 8867 1706 3868 7335 9797 9028 1477 9363 5219 5153 9237 673 1808 4084 2249 7869 8033 5448 6407 477 9701 8582 8132 3169 6409 4100 3063 8121 2022 7144 8858 5479 6390 6813 6083 2479 6843 7971 1246 4254 6213 1018 9776 3221 299 8303 6906 6216 6993 2643 4481 8087 3586 5545 6505 4821 232 9292 7883 1009 7735 1839 8067 7877 7360 546 3834 7579 9157 846 5817 932 3056 4743 1718 1619 556 963 4346 8444 1358 1495 1425 7626 6504 1235 5478 5396 6055 5813 2546 8377 8599 1824 8057 9002 2740 7116 9689 8887 7787 4780 1855 2494 6804 485 1518 9863 8338 1713 2344 6454 4573 2235 1074 3282 682 7308
8214 1318 8299 6307 9968 6117 800 9830 900 1166 0 8784 2288 4501 8224 6262 1690 565 9767 5191 2678 106 8942 9752 9426 4422 7792 6656 7816 3286 2922 7664 2792 5576 9590 5134 3635 1319 3589 3619 3899 7068 7124 6693 3829 9055 7097 4681 2084 6950 7512 9585 3044 6894 9134 431 5120 2669 789 9114 181 8415 3412 7451 7484 6468 8442 1284 8777 7556 1497 5342 8232 4460 288 1401 6517 7945 5908 3677 2490 7417 584 7648 2443 1639 444 104 5204 4980 7501 3640 4986 6594 3263 1744 7024 9005 2737 61 7571 9474 1935 1628 5253 6348 7244 1351 8177 1046 2725 1813 8119 6007 2753 6971 3201 9471 7355 4581 7212 1689 859 1229 3086 8569 9326 8789 9270 3531 6576 6341 9438 611 6125 821 7974 5264 952 9961 6753 1650 6489 2543 3367 1002 3131 5674 4965 3878 4059 6247 3646 6938 8592 5607 8378 173 5983 6560 1450 7518 1680 2285 6478 3590 6779 4526 3889 1412 582 6718 7986 9485 584 5376 655 4083 4448 7809 1352 7032 2931 8946 1428 3027 6748 2229 2215 1087 3523 8202 9300 9751 2209 2474 732 9556 5846 1934 52 9771 8025 3930 1050 7397 2753 4378 2533 9378 9321 5525 8671 3358 9965 3880 9993 7410 7043 6798 528 9517 2707 1395 2756 1924 1081 9380 160 7804 8390 8967 4724 9425 9544 6385 2628 8324 7012 5657 3083 1774 9884 3287 9088 421 8599 5485 5518 4147
5003 7640 7730 9665 639 6964 8714 8962 3289 8179 8784 0 8041 5992 7302 5785 9029 5113 3767 5697 2479 1138 1913 6635 2355 501 4902 1480 2015 9225 4074 5661 4942 9256 7447 6879 5064 5127 3054 3862 4927 1628 2446 6338 3586 928 994 8922 5132 5147 9534 4082 2899 8947 465 1928 9043 5555 5097 4308 2005 1475 6660 3351 4074 3781 2820 4108 3263 9608 9225 7656 1391 44 3073 5910 7458 3227 9990 8642 5928 24 9470 1000 9330 1746 8665 348 2427 2350 9585 5969 4371 6644 9403 2563 4591 1872 8327 9637 6409 2344 9286 2164 5413 8596 6872 8946 8007 3466 4738 6199 610 393 1084 677 3844 2993 2215 328 3596 1972 7551 8915 965 6303 632 9293 3844 7956 8671 3467 5484 7777 8722 7371 270 9983 1360 4143 2669 8246 5999 6724 8874 4967 1883 374 1970 3837 6907 5834 710 7403 7643 5917 3778 9941 8184 3754 1509 2731 9266 194 2920 3111 5023 9331 3260 4187 4844 9808 3383 9027 758 3741 5662 7350 1387 8153 2597 6117 5207 5451 9147 5629 7965 2214 5244 3348 3348 8897 8758 4926 4818 9664 3136 5066 2 4865 755 8352 7487 7166 8147 31 3433 57 7846 2295 3054 4969 797 8398 6234 7775 9833 6137 4362 3165 4484 3064 7859 5996 7317 6506 7694 1382 1068 9611 8720 1905 842 3484 8430 1921 763 7858 8767 4763 4205 333 456 3563 6728 9739 6391 245 3766 5339
6749 9900 2000 183 9335 8140 3240 353 604 128 2288 8041 0 5958 9658 1385 4061 9635 6702 7 5583 5358 832 3477 3624 7563 8373 1608 447 6012 9910 3744 3791 5647 4593 4317 6984 7146 8043 9265 9917 3368 7395 7300 1350 3137 2851 999 7947 8245 3875 3567 8204 5315 8472 1593 7587 3342 5255 9179 7946 9908 9158 3328 3688 5027 9430 2198 2779 5794 7622 7550 8845 1964 970 3438 8780 5503 7210 4496 4148 5109 2955 9698 7334 2817 9683 6656 8789 2089 2720 1695 629 2472 1704 1146 6669 6342 3730 9387 1730 4607 7292 7826 4215 1945 7603 7395 9188 6662 5005 2437 830 9645 7237 8135 6671 7362 1105 6525 2788 5800 4168 4200 4599 4401 4117 5985 9633 226 257 8526 3716 5279 1653 597 3769 7436 943 9674 1486 2991 6365 3034 7632 890 8982 1499 7631 2543 4693 6093 8583 6956 6949 7920 1344 2912 4993 1243 4554 2805 2672 4882 2576 6424 3849 7934 2507 8901 2981 575 2943 2501 268 5677 667 1562 1450 6478 2778 1820 1865 4666 3725 1148 5971 313 3517 4072 3632 1144 1523 5096 8473 1461 6635 7160 9673 5967 1268 2991 1960 2417 8031 2155 2760 9261 6770 8344 8388 9413 4587 8050 6813 412 9190 72 1531 2380 438 5149 8476 7946 5696 5666 4181 2420 7924 1520 7307 1895 9428 503 8347 3683 969 4579 4882 6105 422 6246 2661 7180 497 8653 9228 9918 2546 3073
9529 3417 8012 7206 1606 7113 512 6504 5736 8846 4501 5992 5958 0 462 4909 3314 2087 3844 239 251 3122 9637 113 111 3618 75 4292 5802 4549 5979 5848 6463 713 5585 7685 5480 887 4502 7950 8506 5081 9384 8780 6626 1914 6750 7942 1717 2074 9532 5106 7358 5866 1924 2581 4152 5478 6885 7126 4580 8479 4493 2919 8165 3976 1899 9708 8805 5650 4357 4467 8715 9161 2422 9348 4492 3003 2114 4551 8627 7992 8930 9682 2294 3040 3882 1072 6474 5785 5713 1931 7773 5298 4384 3287 9423 433 7362 3639 330 9770 4308 5816 8628 8397 6658 3003 5130 8948 6190 2089 1729 3657 8988 7309 5041 2981 7371 2333 3885 9026 1121 1178 589 1874 5728 2185 836 6200 5098 3409 8397 810 7866 7344 8618 3085 1998 3253 1068 1722 1520 1188 7067 4378 2259 8235 8140 2399 5645 7115 4526 3935 2267 569 1475 1756 2170 4383 9840 5204 5784 5240 258 3487 8531 7990 656 5741 5229 1382 9141 1734 3032 4109 3056 3471 2806 4418 7715 6018 7310 12 5746 4698 8445 2634 634 8911 6286 8915 7641 4703 917 3533 9340 393 6085 963 446 5229 540 3706 817 1047 3985 8358 5610 5045 7704 2573 1681 9319 9578 1993 9652 9669 7616 5811 9674 264 574 1468 2440 2127 532 9139 4015 7399 4449 7019 3221 2374 8202 1132 2375 6530 3340 4930 4477 3424 8348 1942 8367 6559 1531 9088 1701 1409
9125 2087 4287 3097 144 8695 5922 9091 2541 2674 8224 7302 9658 462 0 733 396 1598 7716 4387 1017 1232 993 1344 6883 9917 8629 8787 5362 1900 9555 1451 6022 1431 8451 6047 8230 403 9333 1293 6998 3914 4361 4235 6725 4937 9932 1567 8016 9945 4951 8290 8769 8826 4205 8689 3078 829 4864 7664 8841 8383 5748 8526 1499 8916 2888 6626 9394 1666 2323 3551 8399 5532 6589 3417 471 5030 9576 9982 2138 87 4909 1696 1025 3490 6952 8986 6222 6329 2159 2696 416 1504 3958 5184 7154 2449 466 4600 5892 2407 6368 7678 1774 1336 7690 8675 7963 1542 8064 1384 4152 328 693 4790 1703 3896 1656 7491 7858 2418 7318 4181 8974 6605 9550 8335 9442 7570 2143 6783 7745 347 3849 4980 241 4312 3940 8997 4500 7871 9220 6376 7760 8563 3197 4046 53 495 8806 4692 5359 6795 7407 4233 9003 1042 2859 4937 5262 7984 9993 3503 9663 6016 2393 8142 9099 5842 107 8153 3305 3586 662 5927 2420 6864 8218 4347 2780 9831 4471 4337 6598 1409 8309 3965 8410 1654 4274 2223 3811 815 1714 2027 9139 3291 313 586 149 8108 3964 150 8444 8525 4810 4143 1297 5560 94 4933 1263 2210 7892 4686 9222 487 1421 8436 3229 1574 967 3175 3306 6111 4803 3881 7121 8132 1211 4526 573 5332 1292 7993 896 1885 3760 7725 1337 4485 1390 2197 7548 8017 9728 1973 3600 6665
3257 5703 679 5507 1552 6173 7395 7628 9708 7012 6262 5785 1385 4909 733 0 161 3572 2340 5833 1562 7505 5547 5770 9066 6587 5978 1292 8158 8717 6069 6098 2835 7139 6656 2549 7530 354 4012 5377 4726 9482 3093 4888 7625 2659 2658 1698 3915 1408 8175 5924 4005 8092 3972 8969 7625 6692 2624 1019 5034 6502 7201 1781 5097 9433 1171 2564 8004 6918 3580 2596 6906 7652 4740 1689 7530 1477 1293 1271 3750 4520 743 1730 2666 2319 5128 3994 2026 7566 6442 8940 7205 2788 1417 3901 2189 3073 7313 5065 4707 6135 6670 2544 9341 3580 1368 8717 1231 4014 370 9159 9419 5399 1506 7305 9788 9595 2019 6792 5231 958 4601 5537 6032 125 3409 3596 1768 4383 5656 8361 8287 8570 6326 7297 386 8724 3725 4993 9877 4336 9830 503 6607 3371 8506 861 8911 4554 8556 8945 4825 8376 9078 7553 2652 4376 9619 2294 8978 6128 7933 4254 4096 8586 9226 1782 7335 990 2178 2960 5012 8617 2240 5863 5272 58 4253 8677 9448 3229 3748 1409 1005 4655 4529 2094 9025 3247 336 7637 5495 6319 6291 4975 4077 5568 1879 5429 1754 4726 5975 6036 8965 705 9876 7247 8022 371 485 657 8699 3310 5046 6288 1545 8302 4685 2568 6506 1201 6251 6610 9335 9908 5200 789 1681 1076 2301 4275 5323 2506 7173 2918 572 8756 416 7312 6919 3671 9479 4923 1521 6834 9779 6070 6230 5552
8910 3002 2134 2565 1137 7453 8895 7425 5783 5867 1690 9029 4061 3314 396 161 0 9659 4318 869 1267 1073 1341 195 1742 8646 221 662 5087 4962 3364 2440 439 7020 5397 3916 1231 6510 6120 4701 5801 6225 2323 3594 3889 1108 6537 3861 6962 3356 8362 3590 4236 4677 8444 6963 6276 5110 5704 3387 3360 1017 1600 7683 3296 8448 148 2726 5390 983 4316 5605 6159 3047 4497 999 4823 318 9778 2627 473 7087 7088 1410 7568 7329 3077 8259 4278 7750 7554 8497 5407 9078 1622 8771 9625 1356 2590 7485 1908 4304 7626 3517 1702 1499 5650 4716 1066 9950 2930 4363 2590 7310 3404 4448 4240 1842 1514 7506 7617 4249 3297 3536 2082 4489 8043 2018 6205 6690 2427 9092 9431 4510 1808 8784 800 2429 9835 5456 4976 3423 1360 5589 1629 9114 849 5053 5634 3601 6701 6080 5863 2249 5337 933 9169 8579 4343 2997 2418 1953 6073 9275 7758 5399 2360 5698 4216 5956 6009 5618 9072 981 4953 2059 7566 550 5370 2159 8593 3548 1509 1752 1469 4151 6309 5276 3297 5444 5255 639 942 4330 5030 3093 7609 6241 1119 4507 81 5706 8718 2712 59 7055 8414 2802 9364 933 2831 4667 6864 4322 3543 9014 9401 1299 1221 3496 8954 3528 5970 3894 5459 4314 5313 9800 3780 8416 1727 5466 9841 6184 5016 143 2915 9059 6139 3962 5599 4508 4362 8960 2227 9452 5845 5795 2487 253
8646 5941 749 7652 3908 5728 3005 4867 1773 4052 565 5113 9635 2087 1598 3572 9659 0 438 6453 5581 5560 957 84 1309 5459 3962 3210 7230 4493 5884 3655 2949 469 5008 2667 8440 1197 9105 4060 5369 1973 9392 6968 3157 8737 1568 4761 9829 1980 5073 9269 8827 688 9587 2817 2549 8467 9803 4329 6873 2990 7834 9535 6042 1254 9522 1101 8258 5884 7717 1004 4086 472 3872 6500 1588 7382 9202 2442 7141 6982 4783 4388 7887 9991 6084 2734 1945 5912 2637 7288 1386 9303 3141 550 5019 3697 7520 9528 6092 741 1916 4201 7795 5520 2925 2671 1702 9942 6829 6181 1084 1082 8421 4784 1447 6394 2920 2825 3955 5359 6170 6007 189 1212 5001 7200 5674 5211 7567 7943 9560 4484 9779 9222 8478 6366 3771 6684 8201 1605 5618 5954 2914 7468 7923 6796 784 1369 3728 5198 4164 7268 7493 5857 3374 9134 5234 6750 3636 6300 456 1200 4215 9432 9480 9054 9277 5550 4859 6879 114 5881 2128 775 1771 2286 7995 3747 4852 2033 5241 848 7239 3695 6566 472 7873 5720 6321 5482 9098 4658 8137 4997 9759 4849 6472 449 5047 6435 8635 8037 8205 6504 8855 1022 5721 3842 4897 7525 6925 1209 1456 3765 3786 7879 3018 7243 2272 4200 8447 6553 4017 951 3812 8374 1160 9693 3501 1626 2955 707 5542 844 4239 1500 2066 9548 3953 8509 4514 1511 1827 6723 7641 7421 9216 8852
445 8568 9313 4481 9150 6638 7452 4341 8215 1981 9767 3767 6702 3844 7716 2340 4318 438 0 7160 4665 2209 8759 9189 9781 6560 861 6621 9355 3103 4511 6451 6475 7869 2493 6038 8045 3213 1221 3498 3952 5674 5344 9736 6659 3135 4326 9382 945 7581 5697 2652 3756 9680 4906 4553 3449 9865 1441 1036 2599 935 3087 316 1289 6099 4559 880 3901 9271 6772 3193 9452 8985 936 8389 8327 831 5295 5284 2810 5491 4765 2485 4167 785 7076 9345 3089 2688 8244 7821 7593 625 8008 1508 2654 3907 2795 7471 889 2733 8486 8722 7121 6929 3037 7783 7950 6798 9203 4064 3964 6636 952 2800 2448 6853 7082 2719 7160 6953 9154 9467 4133 7842 2018 1754 2856 3917 8097 8446 495 1247 8020 2618 5725 4583 8276 7200 9610 3776 6276 6461 6372 6270 332 9641 9893 6671 8884 7315 1881 2334 8095 2240 3051 2045 2018 3645 3306 737 4278 756 4392 8918 493 9640 5655 1414 9020 369 543 8362 5308 51 9739 4346 2438 5112 8843 3879 38 8096 9856 9966 6122 1082 4576 8748 23 1087 345 2094 5842 1406 4241 1342 8479 5881 4019 8442 5248 5816 7880 2001 9911 3220 6202 2766 6865 9137 5033 2512 9178 5597 3778 1698 7809 5262 4257 5673 6409 617 2062 5523 5473 209 680 563 3549 3240 1708 1721 7966 6503 5380 6368 3802 3653 7518 6008 7166 3404 104 6531 2538 8742 7155 5078
5617 4540 2851 1088 2477 1377 6110 4832 4791 4782 5191 5697 7 239 4387 5833 869 6453 7160 0 2658 9630 2370 3506 8882 1732 4068 1391 7342 9537 7119 661 3787 9225 454 8113 8665 66 5514 1407 5727 9822 8721 4151 2801 6355 1290 6977 2764 787 2646 2377 5142 5375 4001 2462 1333 8859 6316 6750 4205 5827 9555 1221 5298 8117 4582 6244 6187 8759 6271 8780 987 4840 1007 319 7806 123 9243 3727 6132 9335 3755 6023 5290 9300 1832 7392 3501 9429 372 9001 8732 3338 8017 8412 315 4635 3009 3550 6813 9341 2978 5296 5037 8051 4850 8845 5568 5009 3793 3759 3098 9863 1760 448 4587 5634 1449 4826 6418 8983 2062 6388 3308 7752 7648 6174 8525 3546 8478 911 7112 6354 8011 9475 4451 2678 1344 1862 5533 6767 592 8334 3473 4778 6391 168 4587 4247 2236 1573 9095 3092 1150 7812 4911 4637 4465 353 1118 1533 6015 6769 620 1121 3303 5703 9956 7350 994 3616 9885 1568 7101 4895 5956 9540 413 3332 450 1263 1030 7855 1204 2967 4455 1038 4586 2810 1483 1320 1397 7595 3334 4012 7706 2866 4426 8050 646 8073 1938 2322 8935 2237 6979 8287 5497 94 3838 6714 9759 3358 3210 8132 348 9727 4536 9182 521 4043 5112 4811 9176 9565 6888 6502 9268 4311 119 8812 3741 9281 9344 6274 374 3219 6454 6471 9287 3776 7555 1538 3517 9986 4681 1578 7192 115
8197 444 7892 2359 9524 5506 7484 4812 6212 8683 2678 2479 5583 251 1017 1562 1267 5581 4665 2658 0 3741 9081 1164 2353 9596 433 1866 3527 3611 8583 8047 6301 7692 549 5815 71 6058 8768 9166 8160 5792 4709 2078 8153 2957 1192 3314 9612 4674 9141 5678 4109 9593 2913 9754 3523 1073 4937 136 5255 2002 5373 6646 941 5987 9614 7093 4208 3215 1090 1252 8165 9370 7130 6802 1794 6126 5068 6925 4325 8790 7302 6261 5436 3896 7226 9642 8782 8587 1475 1516 3689 8773 4020 8752 3085 1758 263 8539 3485 2316 988 1746 1529 4980 7828 4541 6372 660 5533 0 8810 384 5567 7966 5212 2603 8808 2003 6136 8739 1154 8022 5109 1225 2038 9572 4810 6929 100 11 2140 5344 4769 389 2302 1495 6352 2334 1570 3289 8929 9187 580 1644 4803 8449 6206 3403 4921 3025 3030 8157 4009 8531 6445 7221 455 5575 3890 2129 6253 8970 1194 1919 3078 5524 9340 3760 9312 1671 6577 7444 8495 9550 8758 2503 2134 3889 1558 996 944 5464 5618 3759 2773 9202 7371 5712 5422 3678 7228 6978 366 3450 679 5144 3089 4765 9985 6378 735 2133 4227 1983 4996 966 4233 9154 5280 3448 2621 8556 2508 1230 1609 8505 8062 9628 1443 7756 4810 6610 2818 5449 5943 8444 1749 8880 4969 9268 2772 7073 411 5033 5898 4407 3358 624 185 6442 8542 5898 3663 7385 9660 8851 267 6245
9002 8616 5723 1398 3873 4258 4307 7208 6927 5313 106 1138 5358 3122 1232 7505 1073 5560 2209 9630 3741 0 1775 1864 8866 6904 8792 4727 9262 2217 131 1878 4928 4462 2666 4579 5035 9033 9256 8465 5800 6896 265 8246 3932 572 6501 9940 1213 6464 3557 4 6200 6810 6351 1559 6922 6436 822 9140 6406 3673 1164 3884 3570 1890 6176 7541 5193 791 6669 488 9566 8730 997 3402 1695 2247 2145 3961 5760 1161 2873 557 3678 8005 9910 5549 3896 7099 2597 3728 5600 5087 4645 9601 8309 1250 9497 2239 2210 5037 9855 9621 1764 9960 5721 7611 4257 4622 4980 9224 9924 4026 2997 4200 3393 9998 4282 3099 262 5892 6948 5435 9392 2483 9419 2814 181 5395 8170 647 5122 7740 5540 1317 6541 2562 865 11 2779 2732 5924 4174 1079 7287 3796 4590 4116 4183 3125 3700 7387 9948 116 3742 1066 6733 2226 110 4203 1742 806 5453 1311 1894 7233 347 7486 3259 3030 8645 5328 924 8073 1724 8081 4773 3858 6972 9799 8200 9110 220 41 9089 9573 5757 6209 7508 2164 7004 4437 1210 2093 4781 1664 767 9877 7660 2409 7794 5446 7292 2093 7597 8783 683 2585 9409 1261 4729 6734 320 931 4808 3199 2636 7678 3499 588 1894 8400 2235 6137 8295 3764 604 6231 6121 2070 7724 2105 181 9062 2335 442 6515 9692 3806 4141 2465 2019 969 8258 3982 4060 8172 4808 9724
2641 3531 2731 5353 6391 4482 5236 1533 6450 6713 8942 1913 832 9637 993 5547 1341 957 8759 2370 9081 1775 0 3268 3113 4845 8922 5787 3653 6709 5176 336 8299 7065 8989 4004 4203 69 2296 7312 807 306 1919 8365 5274 680 9460 7476 6333 7753 2266 1786 2719 815 7878 6245 2019 8306 6762 6608 9702 3956 5443 2149 5851 9155 7678 9022 6696 2334 6352 0 5981 2730 8974 2208 5161 7890 4320 6955 8542 9152 6580 7565 4676 5582 5500 9606 9304 3968 6018 4796 6201 3817 883 2858 2619 1028 38 9371 143 9676 1780 7478 590 8517 4839 4547 6091 9975 8776 7638 1007 135 8757 6182 2422 4273 5775 8280 5399 5126 6627 3669 7393 2769 39 3219 1553 8228 1570 1509 7829 9911 5535 2095 2618 7373 292 9958 7483 6377 3190 3672 9456 8596 2860 8211 3591 8626 1175 2288 5869 2186 9089 3272 3775 6420 1402 953 6977 8127 6643 6878 6475 2304 3143 6610 8609 213 6337 2951 2187 879 2023 6167 7992 9134 2641 1648 4854 3741 2616 738 5184 3934 8885 6083 591 2446 4671 4389 9847 432 509 3923 3634 3686 5516 4198 8387 9842 8379 5162 5047 6275 5541 2006 5079 6058 6657 4057 4610 8876 6525 759 8863 5900 8491 1152 1682 502 9602 5690 6028 145 1552 888 489 4811 5304 7210 1556 2459 8470 553 5284 3225 2183 2062 289 9744 4417 8734 4342 9855 7131 8361 8671 9850
7830 1171 6677 1295 8255 7609 6743 6989 5698 594 9752 6635 3477 113 1344 5770 195 84 9189 3506 1164 1864 3268 0 1752 6863 9435 7776 5689 4235 5087 2636 1756 885 8156 6759 5042 233 81 9364 1663 9958 6114 9492 164 1173 3866 1167 3371 6629 4591 9238 1976 1410 8114 1456 2934 344 2665 9180 4305 6657 3496 8021 2591 9368 8327 9314 8256 338 6848 5975 8351 2480 9085 4049 2981 9534 2497 3300 4539 2733 7690 7363 9094 3672 4015 5309 4843 841 6947 5351 5212 4507 7292 4614 9414 8955 4880 2942 3359 3520 7192 1759 7788 5865 40 3029 5615 6858 7475 6711 1679 3896 3079 3442 5118 3428 2747 4594 8236 7616 5191 2888 3727 9413 216 1675 3173 6642 8243 9663 9699 5850 7933 3633 8278 1155 5620 6346 6117 4872 3443 6583 4709 5968 4956 9926 9495 7257 5964 3033 3943 7592 8723 4113 6263 2800 5970 2111 8621 635 6879 5613 3672 6704 5264 4714 9894 3947 2309 8931 8653 777 5231 1252 6248 4019 609 3832 2575 3830 5675 7419 7901 9587 7128 9511 163 9813 6415 34 547 8097 2280 1466 9193 2639 5578 2065 2614 9398 4244 5163 2533 2054 9503 2646 6206 8758 8093 4242 9229 388 2318 566 8187 6164 4877 6781 6295 8298 4121 8895 8560 3006 3518 8002 4282 7289 2829 3161 4995 132 2050 4877 9844 3718 7559 6555 1343 2674 5619 9051 3996 4039 415 8473 5068 942
1814 1689 2497 4918 7325 3104 3123 4403 8242 3566 9426 2355 3624 111 6883 9066 1742 1309 9781 8882 2353 8866 3113 1752 0 2497 8638 2298 9202 258 2949 3309 5934 1533 2995 3913 6856 4951 7556 9684 8777 8059 472 7263 2992 4279 3817 7254 7078 3243 1783 4103 1829 8810 2680 5321 7643 2574 3820 6206 7026 6711 6128 3984 8244 4625 9650 5700 1893 8992 3784 1231 8094 4291 3463 7570 6829 1641 2629 5294 916 1014 3858 1296 9315 8408 8190 6464 9093 2611 5112 5748 736 6612 9981 4973 8468 9782 4436 5574 6013 9254 288 8572 5979 3316 4806 1080 2320 9096 4812 6634 4266 379 5098 838 425 6794 7747 1764 5527 9961 5677 3816 3082 2395 3893 8746 7538 2514 2417 8237 6244 8729 9063 3257 5411 8922 2857 3774 6507 3248 1455 3210 6254 4731 4247 1734 2854 1714 5678 6503 3005 3077 3674 6391 7353 6768 864 1098 2176 9807 1425 8911 8940 7163 778 348 1281 4184 913 5756 8014 4904 7105 3448 3625 6490 798 4720 768 4059 3011 9794 2153 1696 5787 9778 4376 1595 1039 8533 6528 4070 3645 2406 6997 4256 505 7587 7959 4810 7171 7391 7516 8847 7589 3498 2859 7340 6896 199 9541 710 6480 232 8422 2461 1414 2450 7436 8017 8786 5298 6248 7989 8185 1450 6551 3933 6846 7103 8212 8426 6709 9559 1358 4231 3522 4212 332 1822 9293 1496 4537 8030 7008 9855 2216 6148
2076 7903 6677 6395 352 8188 1548 3949 130 5787 4422 501 7563 3618 9917 6587 8646 5459 6560 1732 9596 6904 4845 6863 2497 0 4696 4563 3688 8529 2579 3774 2004 9270 7775 1902 3163 4855 2179 3572 6993 7838 4290 860 7251 8396 6157 4377 5572 5968 1770 2430 958 8974 6044 9849 3701 6635 3209 1379 6746 8518 8277 8432 5945 9923 404 5579 6625 702 8206 7872 4940 1718 3448 9224 8165 6520 7214 937 5621 184 6812 9455 5145 6030 6792 752 5148 1017 5644 5770 4114 89 2491 9880 477 6885 9239 3473 9353 2071 6579 3105 5662 2472 378 8728 7331 4329 8880 5190 5178 2920 5591 4150 4083 1527 776 9261 4387 9935 1091 9907 4528 9320 4931 342 6148 6208 1948 2304 9838 1245 9661 9335 5739 6150 1610 4184 580 1079 5243 8309 8858 7372 3945 4958 6286 6239 1649 1800 3523 9688 4877 3314 7311 5758 6325 7321 6885 726 7687 8581 1539 6997 1420 8321 3385 2398 463 9567 8924 6819 7548 7063 4418 1866 1831 663 9755 3556 7540 9231 7855 9099 890 6717 4217 6684 3246 7267 1713 2260 6090 4291 4671 8816 4548 6872 1699 3744 4627 7996 8204 2442 7995 2177 359 2655 2793 9879 8560 9703 1335 5242 4577 7498 8222 6065 8501 2088 5716 6464 184 4505 9623 123 898 6141 1321 1028 2111 2466 6940 7301 941 3064 1162 8550 169 2446 3767 1644 3433 2470 6832 618 8187 9220
6412 2880 5345 8937 7549 4 8352 3462 5516 4445 7792 4902 8373 75 8629 5978 221 3962 861 4068 433 8792 8922 9435 8638 4696 0 1341 3032 4448 6196 66 7920 8473 5176 2419 3351 9256 373 5382 6222 7392 9103 215 107 4616 8658 4848 5710 2909 5429 5793 6401 9465 2307 3631 8434 9679 4684 81 7954 148 9337 34 2896 6033 3148 2395 9555 6238 7532 5631 4120 3417 9117 6192 1708 7788 8864 4468 3775 9715 4742 3641 7419 9616 1867 5261 2477 8265 6862 6124 1144 5790 2189 8067 242 6564 9883 1959 3946 49 959 2907 8017 1286 5322 8849 670 7737 305 310 1345 841 702 3182 4763 2888 2091 6857 7360 5102 771 7965 4867 792 5120 5158 8523 638 7739 3903 7872 539 8481 5362 5724 1042 9890 7529 3260 9816 8654 6468 6771 3883 9959 9669 4005 5574 9854 9272 8941 3766 933 4172 2187 3191 9198 1004 9979 7046 3393 2845 9700 3144 4165 7196 2136 2568 3964 5648 4648 2231 9348 7509 5665 2861 9331 6177 2547 8572 2675 479 8253 2517 2517 1680 5994 3599 4615 1688 6443 9728 4413 2835 7630 8902 8739 6859 8895 7013 6859 6321 925 1277 6565 5254 7164 5661 7963 9469 4735 14 4668 6960 9074 8064 6480 4256 7651 4752 2801 3503 7934 6138 2714 9138 2134 921 4567 4410 6046 8046 4625 9316 5757 8634 1716 8777 6760 6894 9527 8385 3221 7923 7402 5162 390 9749
7215 9709 1320 1798 3337 2585 4005 1584 1604 2287 6656 1480 1608 4292 8787 1292 662 3210 6621 1391 1866 4727 5787 7776 2298 4563 1341 0 5394 308 3512 7932 7767 7117 1799 4352 107 7944 4733 1802 2151 7292 9473 2590 7812 3530 9725 8333 5766 4605 1699 5614 9083 2498 9587 514 8550 8363 197 3240 2445 6954 6334 681 6771 548 2058 2628 8058 9329 4908 1156 1570 6616 5481 2243 4200 7794 155 7148 7713 9273 6124 6052 4635 6719 6204 4666 7290 6996 9014 2152 6400 9158 8880 962 9869 8694 9937 9484 5614 2955 7247 630 4403 2274 5744 2006 8191 1001 1377 5173 184 1449 5171 7689 1228 428 8836 5368 8356 419 3441 6889 9132 7091 7502 3756 3078 8104 6379 2090 116 9769 9430 7019 3591 3374 3624 6855 9026 779 4644 1186 9030 5611 1202 1478 3629 7463 7250 3089 9088 4956 4980 682 474 3825 6949 5910 7634 3519 5173 9478 2206 8130 6204 6204 9264 5842 3025 9367 5357 6661 7022 6472 9159 1009 369 4949 9439 6713 963 8690 1815 8794 3305 9659 3062 5845 3703 7428 2658 9487 2743 2394 424 8141 3135 5683 4629 8176 2413 9689 2090 7722 6549 3644 9852 5347 4659 4199 3737 7553 3374 2180 5843 9930 7382 3242 8227 2137 9434 9442 9756 1199 5857 5965 2360 364 2274 7895 75 7823 1089 9428 1799 5732 9614 4895 5593 4181 5510 9069 3725 7154 6827 2216 1035 524
5812 7901 1801 2144 9102 1246 6429 7095 4548 6837 7816 2015 447 5802 5362 8158 5087 7230 9355 7342 3527 9262 3653 5689 9202 3688 3032 5394 0 54 7398 5763 339 4079 3011 3987 8980 4756 8941 836 5483 4887 9022 5996 6217 3794 3413 2313 4381 6622 3382 704 6637 4483 1524 5567 2350 7185 2777 8114 5495 8446 6631 9621 7958 695 797 8434 1545 4935 3442 4374 4077 5217 5515 1668 8812 9468 9541 778 4784 2732 5126 7774 1281 7035 3780 8482 5178 7395 7909 1151 3797 5945 2227 1082 5821 7450 9207 9488 4510 2201 5283 6960 530 2988 711 9668 9265 3512 3864 2017 2854 9857 6352 9289 5413 6479 2261 1769 8944 5566 3045 6965 546 9720 970 7497 4717 9401 6572 1159 2454 1041 6376 2921 9274 4178 9336 288 2187 5504 8869 6705 1083 9753 4060 7150 5796 6617 2877 967 5940 5763 7750 8801 2875 9427 9899 1361 4192 7925 5906 2099 3260 3518 3786 2413 7570 2383 6897 7543 2374 6347 3503 9368 8894 4906 7321 3742 3025 7652 1373 1088 3601 5596 3953 4501 9278 3292 3683 7271 9102 2232 4429 8870 5957 2985 3931 8659 6265 6025 6856 8467 994 2526 3338 338 1297 9997 5575 4815 7687 3890 3889 9352 2501 2643 7052 1687 5380 7441 897 5041 2825 6619 2859 1841 3853 2940 8879 2283 8782 3158 1173 1799 8478 9571 5585 767 2933 2102 5447 4923 9870 5184 28 5313 7388 2978
440 6294 5899 8778 2981 3448 8604 9167 7396 9600 3286 9225 6012 4549 1900 8717 4962 4493 3103 9537 3611 2217 6709 4235 258 8529 4448 308 54 0 5445 7242 1076 4455 2177 700 8404 9392 2954 443 8343 911 7500 7503 1897 2445 6914 1411 1806 1584 2304 1680 359 7802 6792 1249 3920 1976 903 7852 5268 6463 5206 5685 8781 218 4317 6411 6507 1334 4595 5035 1164 7514 2943 7658 5196 2831 746 2503 7517 1216 3367 3914 9525 7 6822 2094 8168 7847 4385 6605 3097 2374 4312 2951 4539 7042 5824 4328 2894 725 5375 9437 6847 4560 8760 5281 1239 8845 9954 4108 9572 4436 6395 9211 9218 1764 5361 8688 3911 423 708 18 2731 7043 3156 4182 1076 3833 2700 7173 3552 5574 1033 7702 3826 9978 6668 6459 4498 7077 2052 3093 5164 3131 510 8296 5247 8528 3645 430 62 1634 3317 2960 221 917 1232 458 6960 8702 3347 9480 836 3817 8092 722 938 3011 8907 9088 1747 4395 2972 575 3253 5591 7835 8705 577 5879 4075 2274 6452 1971 5806 1744 9481 8663 5008 9984 957 5490 5594 2570 847 3237 9687 3765 9119 7578 4267 738 6117 4170 4265 3918 3768 7703 8122 4578 1167 1111 5765 5445 5395 395 5155 5699 8536 5473 7546 7038 495 5437 378 8282 9574 6349 8213 6436 9097 7726 8775 9419 1313 7009 3447 4189 2128 9403 6998 463 5272 6604 2591 4923 2617 3106
5836 7183 7032 8131 8021 8596 3269 1694 2815 7861 2922 4074 9910 5979 9555 6069 3364 5884 4511 7119 8583 131 5176 5087 2949 2579 6196 3512 7398 5445 0 2606 3752 8209 4775 2674 6534 6536 7314 1605 1778 8241 9883 3123 7866 4428 7464 4673 3979 5529 286 3471 7883 134 855 5811 6042 7102 3533 5342 6064 2179 118 7883 1166 9307 4309 6898 9764 3146 221 2268 9113 5747 4172 3485 5696 9302 4648 3674 6429 8826 9969 8059 3552 3553 5721 9430 7063 950 792 3061 2783 147 4402 6779 3502 5835 7223 1055 1770 2387 8711 5241 6853 751 7910 4235 1973 3752 2581 3660 5784 5205 6291 7727 1964 60 3129 1454 7937 4443 4284 651 8155 513 6316 1674 8143 8454 1570 8536 6503 2816 7783 2609 8794 7172 3485 2677 6444 9902 7069 2519 9110 6812 2700 8666 3229 6714 1217 2064 4044 5797 2413 5635 9783 8070 116 4585 433 8120 6904 1459 757 8241 1672 6289 323 2743 2142 4087 3685 1792 3271 642 8706 9499 9025 5620 7883 1512 1887 7086 6086 4984 2264 6227 9821 4407 140 3160 2631 1568 1841 5083 7981 5683 3792 6352 2200 9732 804 8922 6778 2246 7690 6333 9418 3345 5488 2901 3591 3896 4705 99 334 6195 6587 6761 8931 2844 1452 3791 2093 9042 131 1788 9355 2386 5090 503 6319 5344 8852 8808 6535 2337 3452 8462 3918 7166 9351 7092 3709 4834 6541 3766 2527 239
1031 6665 9071 838 5137 743 8027 836 1707 3265 7664 5661 3744 5848 1451 6098 2440 3655 6451 661 8047 1878 336 2636 3309 3774 66 7932 5763 7242 2606 0 5549 3891 574 3438 965 3917 338 4222 6913 2709 8952 3768 2677 628 1954 9527 7856 2445 7303 8249 2128 1800 7876 3774 4328 5564 562 3535 8283 5386 9702 6423 6702 1223 7482 4827 7814 9594 6910 23 9934 7582 5762 3968 5082 6527 4472 1478 2877 6298 4441 5374 8441 4965 9517 6733 5064 7185 1192 9261 9903 5891 9741 3042 1121 7853 1620 2670 1608 2472 1413 7778 2654 8788 1065 2124 5939 5939 757 3416 7930 8127 757 1025 5724 297 4479 7155 7320 3174 8346 1578 2717 5905 205 1262 268 5966 5317 290 1468 6798 3160 3119 7534 8766 4510 11 3834 1673 7081 9993 8140 7140 8409 8413 8948 3560 3304 696 8464 5477 4971 2613 4696 8191 3606 2429 8322 6843 4596 5836 130 4899 122 9944 4504 3930 1365 9868 9285 952 8473 9186 9927 3393 9297 2214 9861 4763 548 3803 448 716 4922 738 1533 1690 8809 1305 1187 6196 746 7427 6667 44 9756 6469 6635 2043 5748 769 3727 27 7925 9215 733 3621 1979 8764 4197 9741 8112 4449 7456 380 1094 5174 8012 9378 8215 9613 291 6501 4835 5480 7477 942 5678 9313 9745 1252 4962 6934 7541 9703 4696 2790 5297 816 4589 2872 4154 642 3604 5381 8882 9984
