200
0 7758 2537 3662 6723 6705 5739 5342 495 3076 8184 6475 6624 4536 278 6598 1357 8142 9899 2472 3482 4105 4348 187 6664 2109 4777 5241 3694 3773 6696 1583 5108 2908 3113 3143 9983 9976 651 9309 5627 9698 6280 6611 8943 6207 3831 455 9600 4296 360 3267 6162 3766 9173 4924 3887 9657 4282 5106 6325 9635 4157 2429 850 8674 7532 3499 8149 7100 5270 2663 9737 4561 2149 8188 7598 6003 3989 7614 3561 4405 6328 6875 3892 4082 7232 1391 1042 5787 810 8438 2576 3143 7019 3921 1647 5541 7503 8173 3596 5242 3854 6536 5035 2484 8774 9648 122 6599 6969 3223 4645 9201 2866 6168 1968 4196 6825 8151 3995 343 7955 6789 1179 3283 1410 1205 7533 864 5908 2311 4004 3126 8196 421 73 6419 5467 9112 2345 2890 7634 7478 3675 3729 8072 5166 207 9425 574 2498 9958 1830 7861 4201 8669 4232 4778 6080 331 7905 6104 6022 8870 1938 861 6524 8457 3218 769 7006 2534 5607 2491 1673 4506 8214 6039 229 2822 9356 3548 1660 2775 6465 1207 666 1863 7262 3069 8883 4728 2636 4534 2098 240 9953 6798 7115
7758 0 8253 3842 5370 1874 8912 4533 8992 1582 6722 1497 6968 7525 3976 993 6973 4053 7178 89 6278 3720 5124 4057 6141 543 3905 8590 1260 6320 1461 442 6413 2066 6850 1829 9810 3674 1426 3852 5258 3947 6409 3724 4116 4408 881 9690 2791 3579 5449 1707 2502 7663 6913 5154 51 8851 4314 4042 6173 1498 715 4765 863 7054 757 4270 1942 6785 4197 3950 6140 9500 7482 9450 4504 4988 2725 5775 8644 7697 9752 149 6514 6177 3745 1271 7957 6132 7497 9637 9411 7513 649 836 9541 9916 2865 9729 418 7436 3643 5516 4362 6672 7784 5526 1527 9317 7939 7354 5964 7664 4476 2421 9919 9108 827 8260 9790 9687 1140 4268 608 3312 6343 3465 1847 7913 3606 9337 4284 4057 1750 5918 5630 2370 1542 7816 7656 5651 9344 186 6423 5088 6091 5104 4760 9788 8965 3652 2541 2010 7364 3996 7289 6923 1692 8522 4267 7360 8521 1428 3530 1506 5568 6706 5105 4142 4284 1684 3283 7783 5231 3898 8075 411 3580 1287 6888 4976 3158 6011 4974 2742 7601 5367 987 9161 9350 4293 9316 6424 7800 1286 7070 6173 6615 1100
2537 8253 0 4172 3808 9528 583 2584 3192 9829 8289 7672 4384 1654 761 8947 5572 4357 4935 9325 1823 6095 7758 6501 5728 1137 8646 9388 68 8027 3207 9483 974 8080 6522 7714 2489 3303 2632 7793 8927 4361 5472 4856 1181 9363 1590 1711 6429 2220 4512 7608 2134 4035 8459 3711 3853 6930 2899 8218 7629 7064 3010 7512 7739 2472 3816 4462 7211 6209 8196 8808 8398 4920 8779 9658 4440 5841 9761 2535 6754 5991 1163 9485 2640 1656 4811 3680 2282 6412 6856 3272 1813 6412 2903 7371 8443 2824 4199 1645 7719 2207 7177 7731 3301 7002 1918 243 5266 1821 866 9023 9788 3762 3820 747 9111 295 9114 403 8852 9373 629 8478 7864 8658 4633 2650 8079 4558 9708 174 733 5127 4488 2605 1411 2322 2698 9846 40 369 5000 7294 8375 3082 2324 1335 9206 3849 970 9377 9062 207 1692 1341 9447 2290 4957 6436 1464 1991 4273 7798 5020 994 7252 9746 8397 397 907 6084 416 230 5701 5667 7561 7898 1053 137 9931 6792 1148 6289 3277 8816 9453 1349 747 1050 2131 4373 8531 4522 1431 2219 6794 8277 2948 8212
3662 3842 4172 0 9495 4600 5551 4356 510 9677 7929 3252 6417 186 6963 3849 3411 5437 2546 7579 0 9710 7024 1147 2780 8994 9646 9778 7924 9319 4805 3361 6614 5751 2029 5920 293 1207 978 3523 974 8673 3115 4741 9384 3971 5694 667 1801 2982 4999 6356 719 5795 5827 3793 2213 8585 6127 4089 4011 1399 6005 8645 537 1901 6493 823 9906 9608 3666 4107 296 3157 9597 8078 3281 9874 3417 2143 7256 3490 656 3415 7331 387 8602 3687 426 2186 4642 9848 4528 9406 1956 8813 1131 8575 8401 1992 4191 5197 5907 1749 5237 5652 5763 9339 6134 7672 2989 8506 1305 1930 137 7189 7995 7523 899 2832 4239 2644 5230 2257 7076 1200 3794 8070 1640 2253 5361 463 6742 5665 9702 7636 1639 5589 1347 1147 2721 1684 3836 5159 5793 3771 2011 2615 2239 3279 1947 5953 7672 6955 1349 3405 7976 6103 4420 3946 677 8148 5191 7720 5230 8642 3862 152 747 1237 2074 3755 797 927 2448 2223 3334 7782 8894 8194 331 5217 6155 8289 5425 390 5804 25 1448 8280 8695 8782 9141 4776 5503 4786 2429 6721 776 5815
6723 5370 3808 9495 0 8946 353 8811 9772 6801 2750 4861 6404 7510 1984 4369 3256 5518 5558 7794 887 6315 7355 9489 1642 253 955 4236 3077 4335 3305 8345 3900 2782 1550 1820 6286 561 990 404 9497 7049 2434 7644 2500 5131 2660 9152 9720 1212 8137 243 321 562 1059 8807 211 210 10000 5793 8472 8014 6147 5685 5875 2913 1592 1555 7188 4414 30 6243 3498 7862 1303 3135 6229 3940 4417 8300 92 3460 2340 8582 3910 8515 3877 5612 6878 4911 9451 2045 8934 647 332 2928 4804 1866 4128 6208 8657 5629 4147 9093 4109 6137 3527 8642 3656 2452 8504 6325 9999 9437 2262 7660 4388 5781 4106 9312 1372 2260 4555 7353 9010 4117 7524 9265 1873 3817 7611 5461 8554 1432 1947 2997 6112 4081 3961 3663 9363 7542 7827 1188 7354 600 3658 3855 5538 3456 787 5742 1798 3583 6831 9306 8004 9838 3466 5246 4352 9283 4221 3662 8957 2124 1437 3546 8914 4705 2621 6998 3129 6619 854 8930 6422 6254 9920 6334 3484 5556 3822 4808 7080 5325 2 9481 7946 4702 8965 8858 6997 4391 828 6023 8067 911 6097 2043
6705 1874 9528 4600 8946 0 6137 6523 9309 8485 4274 3883 7285 3523 6881 9719 3105 6843 6784 639 261 4596 7375 5 8 4875 723 8649 7702 7638 4420 6915 9074 4491 5695 9955 7232 1239 2734 8024 1477 6528 4064 9384 1017 1712 9855 2507 5148 6434 8982 2677 708 3402 8388 6615 8220 7211 6040 6760 6990 6479 1703 4762 5069 9901 1582 662 3955 1304 1686 2497 3569 693 3669 8484 4246 7463 608 8 3305 6850 8194 3316 6968 8122 5710 8363 7959 4914 679 294 3108 95 9294 8414 6310 5120 2766 4539 3453 688 7220 2217 2131 6449 559 4505 8549 3984 3362 9362 90 7838 6986 19 2958 6338 1817 9195 2825 3467 6733 3710 9284 8995 5283 6774 4350 1063 9777 5809 6814 8029 3148 4774 849 893 9832 7519 9330 8892 1200 2297 6612 952 4239 835 6680 3021 1816 4525 7897 9327 3602 213 9747 183 68 4193 1563 9014 6810 8872 7667 1951 1414 9106 4766 9164 4841 2167 5858 9493 4184 1281 1732 9860 4951 3329 8420 5465 5987 7588 5066 514 6502 5150 7 5735 9097 1992 9976 7148 6937 6450 8408 3562 4759 2962
5739 8912 583 5551 353 6137 0 6377 4930 8312 9615 5919 2896 4355 676 2320 8008 1120 7664 1567 3812 7740 8642 643 9698 6846 1511 6655 4071 8324 1325 8804 9640 1027 1661 8408 2677 8511 6804 8704 5991 7300 6102 1963 6201 4945 3793 5630 5306 6520 9852 7579 1088 488 2153 6662 7343 8387 2546 2286 3444 7842 6681 8403 3517 7747 2755 3007 2838 1033 7275 1287 1263 3894 5008 4151 5694 211 3799 7822 2241 5861 4184 2496 5775 383 8352 12 239 4808 4682 8409 8420 6324 1421 8689 3453 5537 9432 9335 3599 748 4561 2852 2576 5632 498 834 6289 4055 805 3431 4358 5887 6155 8685 9191 1402 6120 545 3046 1878 7407 7695 8360 5869 6332 6163 1893 4606 3306 729 6191 7982 9389 5783 193 6557 6437 495 7717 5408 5010 4645 5846 3295 2875 9365 9027 3090 1671 3934 5129 8256 805 2107 2350 5108 9125 2833 3380 867 4414 9490 6181 19 2952 1134 852 3376 5102 7159 7529 3675 3605 9311 719 7443 3915 7803 6486 9322 7291 4434 1098 8696 8008 3305 2218 4056 8749 250 2085 8713 1692 7053 1326 3592 237 1024
5342 4533 2584 4356 8811 6523 6377 0 4060 6984 7827 4222 7087 6287 3226 3209 2251 8474 1893 8922 3660 2376 2869 9732 9548 6258 4441 4726 9049 6674 8097 8746 9794 4569 541 162 4693 6386 350 1430 8578 7374 162 7426 8251 6527 6379 3682 8188 1337 1293 3214 2250 9957 4620 5398 1114 5126 637 8993 6424 5613 3450 5613 365 6752 9231 3835 3829 3276 1504 1437 3653 2610 1570 2114 9102 683 71 377 4391 5988 4502 1699 337 6321 3759 425 7283 4499 4710 5879 3963 5280 9075 7388 3577 3776 6360 1947 8385 6900 2811 230 2472 6705 6455 4032 4137 5672 1955 310 1595 1441 5526 4663 4392 4174 2662 7626 3598 2045 5096 4961 4861 3749 2374 1717 4210 5418 4909 9842 9348 7380 369 3330 1433 5780 9291 4836 3527 7818 7331 280 6160 3577 4326 3483 8976 7428 8145 5861 5987 4956 7038 2696 919 4369 2759 7641 2223 3765 8730 9833 8001 8573 6304 6966 8062 4377 9722 7127 8578 7707 7934 3277 9766 7498 6992 324 4170 430 5373 5893 1321 5938 2868 3527 6160 2658 6525 9804 5140 8242 755 3958 3225 7592 3273 3876
495 8992 3192 510 9772 9309 4930 4060 0 4896 4272 4840 5902 6792 3101 4920 5471 6827 3017 5073 2436 3413 8466 8950 7715 1721 6148 328 5934 4018 4960 2686 3520 6074 9421 7031 2102 9071 8737 3377 6085 5355 3089 3085 4528 5481 8621 406 2602 6069 7438 1932 8725 105 6584 1750 4318 5617 3892 8912 5774 2049 4423 9545 6451 5300 8607 3276 6335 6829 6660 5086 3396 4331 2658 1060 292 6757 6674 1175 9668 7207 2888 5236 9716 259 5264 7823 720 4972 1162 4950 5242 6483 3456 2862 7356 6124 4600 4874 6572 5968 35 9713 4456 5898 7961 2255 8740 7391 5366 9239 8915 5655 6472 6005 9533 5067 5788 1972 6285 7179 8008 3455 3520 1323 9832 7142 8524 7441 8609 393 4949 8215 6321 2146 5715 550 9694 9847 1800 937 37 4955 570 3860 8126 504 3276 4155 5004 9216 1561 2992 8014 9130 5265 3376 2210 9805 7791 4791 5972 9351 8741 1232 8002 5361 7529 2662 6622 1818 8648 9499 5757 8323 7565 2872 7878 4023 5185 3667 7155 4737 1335 7488 5869 3120 4147 2061 4914 315 3608 6288 5456 4045 6410 5083 3692 1449
3076 1582 9829 9677 6801 8485 8312 6984 4896 0 2958 4774 1486 3570 1637 1615 6100 4888 6893 1403 928 4607 8882 5611 5148 114 2501 9267 2433 5580 7868 9248 6064 7801 7893 2274 6155 8670 4413 519 639 4685 7161 3085 4927 7340 7031 5022 8965 1905 5180 3021 3420 3938 9715 564 754 5517 4632 417 5232 3886 7892 7730 6063 5640 5386 9743 8894 3932 91 518 8933 4688 1784 2305 6665 1050 3518 2709 4348 7294 8717 9226 4581 9303 8590 2986 6945 6441 9979 6736 5843 2955 5823 2235 2937 6681 3212 6870 2121 8135 7601 7820 679 991 6664 9378 4818 80 4447 4930 4499 636 854 35 5159 7402 9137 3386 1035 1921 4186 1714 7263 7523 3812 5461 5757 3325 2591 9875 7861 8510 2982 882 1116 4899 7072 3649 2262 7150 3435 3410 3875 7450 8170 1413 5589 9389 4775 3379 4427 5933 278 3754 6438 7480 7961 4858 444 8036 6231 9161 9502 5019 6637 1684 5866 3082 262 9645 2208 1682 4615 3274 6995 636 4709 8700 9877 1192 4444 2151 8488 7978 3454 4079 6361 8607 3560 1715 389 6254 6201 950 9925 7177 9017 2831
8184 6722 8289 7929 2750 4274 9615 7827 4272 2958 0 3924 5261 3886 5656 8427 6709 6938 4848 7032 6240 2783 7408 920 4142 3388 5879 7804 1896 2880 7869 824 6515 859 3101 9152 323 65 1556 5554 8783 6719 2660 9800 4652 6156 2013 3380 3769 368 3833 318 7429 2692 7790 822 5378 6494 6577 1440 4138 6187 8334 6434 7711 4868 5390 4090 420 2715 1410 1204 7386 3683 3367 5995 4104 3391 6657 5836 8173 4660 2367 121 474 5984 6902 107 7616 9111 6655 5762 6326 5669 7186 6002 3021 9512 624 1243 1895 8415 8173 9293 3078 9482 6700 7687 5385 5953 8923 3331 5507 9630 1574 4345 9198 5607 7176 155 2149 223 5490 2200 5434 9625 8362 8484 5627 8564 3137 6592 7508 2953 6072 8460 2092 309 5689 4095 6173 7228 2239 413 6153 1764 2291 6131 9604 9915 9457 750 3699 6395 3323 7719 996 6570 8681 129 3764 7498 8004 3478 5367 6046 7771 6757 2287 5299 3053 9718 4798 1584 3828 2948 3127 5342 8431 6713 1842 531 3445 1751 5432 4486 4457 8593 5503 7413 7261 8970 3627 1574 5736 4712 6693 3841 7888 1043
6475 1497 7672 3252 4861 3883 5919 4222 4840 4774 3924 0 8625 7195 1396 5126 413 6204 9607 7274 4869 9727 2253 944 8267 3398 2282 6771 4684 7792 4286 1904 6857 5414 5733 2843 6980 7938 2006 1060 8921 2684 5905 6710 747 8991 8177 6236 331 1892 9879 6219 1171 3135 9584 3208 4966 6395 761 9310 678 5313 172 8581 5310 6310 1844 2322 7294 4764 2586 8434 5724 9430 3368 9184 6831 7530 2010 6404 3725 6380 9630 7499 1245 141 6704 8327 4239 1529 1851 1170 7691 7440 7393 6915 9271 2766 8177 6802 3784 1663 8761 9970 476 892 316 5553 7533 8362 8013 9179 7605 2049 3728 1532 5296 6775 4716 45 7168 2576 3027 9982 8968 7818 617 5931 3041 4819 350 5733 7043 3126 6855 2336 5586 7000 3407 8487 1296 6183 6762 6094 5448 9448 269 3291 5714 2971 6414 721 1751 1776 5584 6171 9032 4840 3178 2958 3517 4574 532 3489 2806 4172 3773 1455 9543 2100 3898 4140 6726 7624 9549 5592 4467 1432 4587 954 7611 4972 5673 4166 8250 2350 3008 1345 6126 1707 7065 6255 1262 8837 1153 3074 704 598 5967 3571
6624 6968 4384 6417 6404 7285 2896 7087 5902 1486 5261 8625 0 9242 1593 9078 4176 4537 7058 1293 2599 9443 3328 7374 3820 9041 30 9942 7584 3018 5376 1598 8021 6180 4820 9856 8247 2109 5312 5408 6828 2463 6849 5111 5182 8548 3742 5796 4018 5220 6568 6851 4785 7653 3627 393 2138 5895 6918 7796 260 9349 1421 5385 6171 5914 9635 2509 3095 6241 4686 8089 9145 2742 9343 2234 2769 9204 1028 861 689 1744 8829 2209 2414 2177 5770 3139 6163 5451 921 7338 9161 5554 7956 6691 6556 6646 1778 9045 5015 6033 4631 5978 2532 2263 5652 2096 5486 3373 4249 824 4939 9808 7142 4321 4083 7863 7939 153 8348 3418 1890 9910 4764 2441 9649 7759 5961 8059 5252 5563 7452 1902 4345 1403 6995 7403 5497 1563 8713 7411 7016 7601 2365 6329 356 3084 6742 3040 1840 8896 9783 1333 1957 3835 7673 4103 7412 160 3316 8826 3350 813 4260 7103 8358 230 3835 7039 2711 2736 9656 9050 5514 4054 5074 2670 3249 465 9231 5495 8940 85 4933 3870 9512 6898 2339 4225 2130 5921 3633 5285 5404 2956 9008 4690 8958 9610
4536 7525 1654 186 7510 3523 4355 6287 6792 3570 3886 7195 9242 0 9749 1867 9225 3321 1868 1882 4960 7186 6404 7690 7457 1197 2989 2872 2304 1432 4543 6983 4675 6838 4243 3801 8411 866 5242 2579 3049 3822 8938 745 5224 3566 9989 2868 7216 2607 4339 1366 3879 8759 2357 6228 7432 873 835 8742 3209 3686 1597 5677 1919 3464 2774 2983 2374 5449 3510 3407 447 9966 913 7302 4043 6617 6497 3271 5092 1751 9695 7800 947 751 2813 757 7494 9041 5837 4306 7502 5604 1645 4667 9946 7408 3884 4967 1447 1053 3689 1192 3459 1451 3379 9384 7213 380 7978 7623 5081 2099 9201 2738 779 2795 3935 9627 8161 291 3837 512 7567 5288 2304 1051 2768 2067 1 3242 748 6890 6727 912 9844 8351 6823 2936 2943 5448 1927 4406 4904 3740 4075 6672 2203 3910 4039 4876 8483 1079 3295 3289 2929 1375 6576 9855 4796 3215 1100 9887 2599 3790 9745 6791 1355 8922 3064 3815 6264 4711 4617 4370 158 4434 450 4755 4164 9469 4166 3007 9591 5815 2523 7582 9166 9229 5415 1108 991 7797 4692 8529 607 2108 5825 5809
278 3976 761 6963 1984 6881 676 3226 3101 1637 5656 1396 1593 9749 0 9586 2780 273 7639 2999 6300 4520 8261 8920 8350 4618 4490 9697 4152 1919 7896 4118 3359 6601 2409 620 3146 8600 7653 9371 5782 9492 6722 6187 4757 2229 2274 2445 6776 6011 414 1961 7741 6012 4112 9469 9358 4679 9201 8837 4287 9817 1818 4257 8684 867 1805 657 4268 8399 9486 1260 8611 3302 6653 1682 3298 8804 8594 739 6057 8855 2254 8215 8197 8283 5443 4301 5879 1825 4685 8765 7111 2108 7998 5787 6357 7009 1177 630 6696 3307 1625 3099 309 6026 3653 8820 7331 8393 4538 4021 3770 2742 2482 9888 5671 4337 6431 2345 9821 7275 4465 2537 8956 2466 6956 2591 4700 1539 3382 2509 9482 8138 1411 4323 4993 3422 1341 2820 2175 2534 1181 2243 8454 6567 9786 8918 7552 6208 9729 3808 7091 5011 582 16 9448 4146 8198 7833 3583 1887 9990 1645 4933 3242 8724 3315 4376 534 6136 1027 5879 604 3203 6991 9596 7741 6569 3357 3270 6029 21 1645 27 478 9735 4488 6838 5771 5728 7022 9044 3485 944 7058 5653 8660 2154 533
6598 993 8947 3849 4369 9719 2320 3209 4920 1615 8427 5126 9078 1867 9586 0 5879 6229 8817 8934 8942 4436 2512 9790 3468 379 4501 5777 6306 1586 8996 7358 3590 5116 1266 258 1761 7775 2040 634 4376 1593 1147 4136 2189 384 6572 1040 7212 2196 6107 3936 1377 4345 3631 6953 5860 5342 8524 8645 9487 7666 3002 2545 2449 5346 8094 1831 3418 2154 5822 9804 6425 1994 9565 8129 7510 3652 693 3097 9609 7964 732 7471 9357 5820 9070 9719 7807 3690 4425 2882 9667 2190 8030 9918 6362 4496 8812 6458 6653 7126 6391 4872 5847 7165 1121 5622 3793 7119 8343 8022 2386 516 8933 2136 5516 4243 4803 5454 2572 4638 8334 736 1683 7683 5532 6420 7482 5253 8101 6136 5925 6615 4904 7987 2451 4795 9458 407 1327 6136 5965 9539 9657 2326 383 9833 1847 6346 6208 3932 5588 5652 2573 6560 8560 861 2768 4391 5409 4256 2314 9547 9569 3371 1450 6314 8703 335 4340 8552 1467 4968 6495 76 7 5391 2762 4858 2542 1126 7071 2765 2947 8535 8733 7438 3075 2056 9097 6018 8291 448 9937 2751 6293 1152 8700 2740
1357 6973 5572 3411 3256 3105 8008 2251 5471 6100 6709 413 4176 9225 2780 5879 0 7987 1016 24 721 9686 5750 6073 1553 5228 3409 8707 1085 6790 8089 715 1864 2033 4758 8562 3625 7865 4206 6325 5282 9014 9534 5601 4199 5671 2933 9902 969 2072 5469 8842 457 2520 2913 5597 4683 1949 8458 6967 118 8486 4947 8962 714 9978 2246 9502 3675 3209 9519 4701 2803 7951 5177 8640 5497 6241 8066 5824 7439 6212 4539 1561 4576 7021 672 7224 4050 3595 5436 7573 352 4859 2757 8556 3631 1605 1465 5270 9856 580 2371 7985 2682 7224 1778 3295 2756 5597 1219 2867 2168 474 1863 9568 7477 1167 373 1375 7313 7109 1436 5832 3694 9200 9692 7679 6219 7504 3161 5696 1756 3323 8369 7584 4218 9514 9544 2765 5701 6457 9386 6575 5877 640 7800 3406 6404 7843 9692 9798 2887 6113 7069 1461 7810 6596 4118 4096 4154 6708 8910 4470 8321 4977 1603 4931 4940 6952 7147 1559 5851 3856 3427 8248 1152 6593 1949 4539 4709 4700 2653 662 2008 4381 5653 2435 2391 3591 8196 4299 2898 4943 7006 4900 7573 4729 9596 6047
8142 4053 4357 5437 5518 6843 1120 8474 6827 4888 6938 6204 4537 3321 273 6229 7987 0 1672 2645 5374 2788 6606 7341 1265 5048 5315 2016 9908 1394 9037 5497 7925 9089 8585 4068 9556 597 4053 7444 953 618 134 6983 6833 3822 2943 5099 9141 4422 192 9497 7894 7730 7650 2885 3608 4218 3903 5752 486 8142 191 984 6373 8350 6840 6930 2375 8338 537 3239 2922 9839 4322 8072 3631 3015 592 3870 5146 9648 1820 7210 8742 9104 833 1286 9878 5043 2267 6750 7247 2814 5101 9938 3418 6521 2273 8511 6479 8824 1845 8054 8411 9885 1205 7346 840 3035 925 1014 9204 9826 3800 6549 0 696 8012 8971 9235 1961 7412 5961 4128 5206 6555 9656 193 1366 8210 6425 8867 3025 9121 8949 9483 9385 8455 9824 1292 1279 3616 9303 2011 1847 7310 7757 2620 7000 5458 2821 2945 6875 1419 3339 8201 1247 5658 2214 9910 6779 5847 5419 8038 1743 7588 4294 4440 477 1103 6131 4304 696 515 4200 1524 8682 4459 8825 3631 2209 738 2887 5561 6930 3763 5858 8548 1935 2935 7171 7451 2901 6758 5416 136 7519 8099 2939
9899 7178 4935 2546 5558 6784 7664 1893 3017 6893 4848 9607 7058 1868 7639 8817 1016 1672 0 9225 3782 400 946 2274 1942 3537 7011 1656 6737 9985 887 2281 2239 3235 9536 4468 208 8046 8004 1126 1856 6787 7855 593 6342 8519 1174 8203 4227 9098 1034 7134 894 4878 2517 5942 5549 9148 658 3572 7012 1120 5591 5626 3203 2476 8227 6268 4090 6319 8538 2267 7571 4509 868 8134 1394 8554 736 3054 7419 4586 2506 1755 8292 7619 658 2862 7354 8280 266 1547 7304 1649 8062 8949 6319 1674 2162 932 5934 517 275 6805 9944 7107 1329 8734 7622 4549 1243 6264 2454 6811 417 1449 7811 8135 9992 6937 7551 8048 7012 9867 111 8989 3695 4573 1850 6416 3607 4677 6541 4851 1349 1763 5453 2459 8314 6381 5440 5362 6712 6713 4233 2680 7894 4894 791 9603 6416 4629 9703 594 8462 2534 5968 5764 8416 8121 9045 1652 9431 7939 8393 7386 3396 9014 5904 2688 1783 9655 7904 2737 5316 6503 9173 1481 7387 3907 4189 9154 4470 866 8796 9541 9919 3685 2808 5596 642 6486 8653 5734 3221 3386 3460 3400 1411 2192
2472 89 9325 7579 7794 639 1567 8922 5073 1403 7032 7274 1293 1882 2999 8934 24 2645 9225 0 2394 9838 8762 690 10000 8201 1690 4936 9712 9638 1056 1570 7705 793 1058 185 656 5582 3717 8782 1983 9525 7562 7315 9015 8703 1493 4912 8658 8883 2118 2765 6481 2333 6528 1042 8710 772 2910 2258 3024 6206 5466 1798 374 9188 8213 6762 7018 4519 2508 3757 8868 5281 7173 8211 2306 5717 297 4701 488 5270 7367 3376 4962 8669 4562 277 5487 9904 9237 1358 5814 7281 5947 3258 4721 9649 8729 9875 8591 2987 7124 475 4570 9321 1014 7164 819 9282 1912 4949 2768 2678 7140 836 8378 3287 5712 2542 1479 3405 2330 371 5643 9612 152 3939 9532 5809 6931 3665 4818 7567 2058 2314 305 6837 2475 7262 9521 2209 3498 7815 9861 2319 567 2724 7128 5562 120 7803 8067 5774 6012 7828 5585 3162 8513 2060 1016 6673 3248 8967 2019 8105 1154 7002 6276 7446 3663 815 7129 12 3596 8588 8469 4671 3566 2724 5547 8651 2846 3547 1076 3687 7203 1950 2154 5558 5616 4277 4303 8899 6955 9919 9123 187 8468 176
3482 6278 1823 0 887 261 3812 3660 2436 928 6240 4869 2599 4960 6300 8942 721 5374 3782 2394 0 7145 2465 9467 7220 7653 6291 9290 7061 5734 340 1368 3776 6978 1289 5835 9588 851 7495 9270 7142 1487 2782 8146 9589 1153 174 5251 4559 4874 9583 3568 4892 7413 6381 6024 7495 7848 1113 2934 3692 8262 3734 7715 3178 9622 6914 2925 8276 2283 3347 1687 4452 9492 5058 941 5372 11 4667 8328 4694 1356 1034 373 2581 912 9972 321 4146 7669 2409 3042 3142 8166 3218 5916 3531 8403 9877 7618 2638 1694 3166 1961 708 566 4061 5810 108 9057 5499 5300 9766 7625 4484 1482 8215 4750 1946 1162 107 8233 7158 6650 1463 5764 1851 3343 6968 7836 8939 8589 6008 6768 3275 6204 4631 2936 4570 4850 2243 8780 8755 3827 3822 8864 7120 7125 9692 6177 6447 9715 8275 2316 896 6472 8782 280 8895 9009 722 1021 3472 2263 5790 3684 1710 3298 7306 5099 8630 8274 7290 622 1182 3222 8660 8439 7799 2859 9378 4649 6557 8539 6032 6684 2168 1150 9162 5139 64 5834 4329 4023 4864 3069 5543 293 5220 853
4105 3720 6095 9710 6315 4596 7740 2376 3413 4607 2783 9727 9443 7186 4520 4436 9686 2788 400 9838 7145 0 7080 3293 7400 5920 5123 7548 7210 5990 8019 4617 5136 2134 3425 7094 1779 6999 1435 8565 5768 7421 5695 8722 8678 5562 2250 2654 9975 5793 6732 9623 6665 9563 6715 8318 5546 8691 3935 377 1100 1550 9123 4880 6453 6692 9322 5177 3479 3754 4400 3634 436 5214 7672 9781 148 6019 9302 7956 3781 7907 7919 7934 2007 1086 3118 5648 8559 6241 7874 3634 4629 55 5194 4482 7486 4135 1254 6296 1304 9030 1847 7010 6254 8258 5405 5900 5528 8861 9555 3282 1801 7004 4987 279 2006 209 4094 7 4634 2543 7164 9963 2054 2436 436 7750 6486 6988 5954 4608 1314 7461 3072 3637 9794 131 5226 1062 8225 2713 9691 7269 5713 6154 9591 2933 2178 1017 6284 2110 9591 3222 4685 8792 2419 7832 600 1310 9454 1125 1562 5432 917 696 1366 6780 2854 8032 6351 378 3561 4788 4270 2779 5732 8125 1732 1061 2366 3931 391 9376 2364 9213 2112 7010 6312 3794 1860 5036 6764 2655 7356 1413 2815 9434 3237 7273
4348 5124 7758 7024 7355 7375 8642 2869 8466 8882 7408 2253 3328 6404 8261 2512 5750 6606 946 8762 2465 7080 0 8850 6 6408 714 1265 6037 3511 3734 2416 2179 9055 3201 9114 6827 6059 6895 3827 9118 5864 3811 4558 3598 2302 5763 2736 7501 5095 2946 2854 4375 175 4626 1218 828 3620 781 9557 3605 9677 9919 5089 1086 1676 8650 571 4306 9051 568 7068 9720 6260 92 2466 5302 6010 3800 6002 1867 6342 8247 4241 5176 9250 1456 9268 6857 766 375 1027 802 9267 4722 7419 9359 7584 7947 2996 8092 6417 5720 2817 7563 6392 2848 3172 5395 2429 7678 2866 7733 413 377 8140 1213 5787 1416 9189 8693 9600 4739 631 7308 491 8075 731 9280 4190 4962 4726 4250 7702 6573 285 7413 1986 6899 5462 5719 7541 9128 9489 6293 8557 5394 7057 7021 1298 5673 7433 7285 7018 4729 473 9644 9515 3024 3497 2479 5538 9475 4594 6661 2397 1258 3439 7032 7683 3263 7968 7558 4803 2738 4405 1529 1678 128 4349 8174 3548 4920 957 3608 8202 4618 4637 4755 6347 6628 2173 2152 337 178 7090 1768 9674 5956 2072
187 4057 6501 1147 9489 5 643 9732 8950 5611 920 944 7374 7690 8920 9790 6073 7341 2274 690 9467 3293 8850 0 5531 3909 9900 5950 13 5990 7923 8193 6339 2861 4041 9944 8451 3821 9107 3234 6209 2009 8012 881 6161 3135 5704 3070 7698 2965 9267 5664 5040 3899 3494 7041 2447 2633 8783 3074 9443 8075 7760 256 5979 9281 5717 9195 7356 2328 8540 5301 2304 2165 5874 7613 6401 3766 8675 1926 4801 624 1591 2339 9314 7139 1870 2107 119 4695 8400 1767 7684 278 4032 321 4403 2314 1353 6197 9582 9259 1313 339 1770 2698 7215 4831 9194 4526 8154 9260 3676 8613 6770 9462 3437 1821 1820 67 8855 8733 322 1809 8684 2207 8885 4289 9892 9640 5511 4193 9566 3278 4496 4929 1408 6679 706 5649 8188 3240 485 4278 7900 6461 661 1174 7563 3798 8873 3751 8187 2752 9279 2065 2817 6729 1754 433 4639 8355 9391 302 1660 1835 8812 4857 7367 3086 6055 3037 8177 9294 4796 1520 2673 9128 6898 3418 5897 956 5352 4853 5052 5687 6536 8447 5765 4057 1293 8034 2307 4900 5582 2148 8586 9736 8202 6964
6664 6141 5728 2780 1642 8 9698 9548 7715 5148 4142 8267 3820 7457 8350 3468 1553 1265 1942 10000 7220 7400 6 5531 0 4202 8823 1436 5965 1765 7104 8807 6514 8434 5508 7964 9493 5746 2971 9380 4834 1781 2703 4445 9014 6273 8584 2186 4398 2253 2913 1178 8314 7366 6145 9044 4622 1430 9016 6411 2843 1522 7871 2217 6215 4655 8335 7653 8167 2224 2930 7466 4964 4978 6550 224 3608 9392 3193 4711 4018 8073 164 2761 887 1913 9566 4298 3955 3653 4562 9715 5638 3952 9746 8258 9486 7872 4050 4501 7501 9017 3041 1211 6142 3028 9760 8766 8410 5798 3565 685 9436 4324 5327 3475 876 6547 9165 2117 9462 7338 3783 2723 4070 747 6983 8108 5448 8401 3469 3177 4456 825 1645 6124 2056 4863 6599 411 9842 3325 2434 2335 8565 1352 1580 8543 8396 4739 1265 8595 4150 314 2925 9677 289 3659 2635 1469 4941 8530 9251 4123 2620 6652 554 150 977 2842 2383 3197 1149 7454 8470 5052 9221 7128 1033 2607 7982 9401 4216 9837 4677 4658 8121 795 3353 4305 513 6823 9578 3778 9535 6265 5214 2584 968 2503
2109 543 1137 8994 253 4875 6846 6258 1721 114 3388 3398 9041 1197 4618 379 5228 5048 3537 8201 7653 5920 6408 3909 4202 0 3444 8279 1535 3730 2024 2726 8810 9553 68 8458 7000 9258 3740 1602 3848 4162 3931 4196 7950 1556 5460 3654 2522 7118 9030 4664 5414 6276 7982 5388 4294 4669 3979 7295 6250 5795 5067 6637 4979 2015 4400 3256 4944 7015 1429 3858 3032 2033 3968 1376 633 8187 8010 1142 7644 9503 3751 9009 4566 1728 6371 9323 369 4850 9091 1087 2673 1280 4072 6066 7402 3449 5222 9415 6964 915 7166 6903 2737 9314 9835 7043 1865 4897 9033 3245 2082 8534 4935 4249 2828 9454 6718 6759 4330 6014 304 2585 8874 8958 9913 7942 9837 6763 5060 31 9084 9253 5538 937 2578 7586 3840 6109 252 5528 4258 8203 5328 629 4585 6668 7380 1012 29 759 6265 794 692 4919 1187 7135 7135 8623 3379 3563 9577 4389 7099 9444 704 7582 6494 8368 3579 1567 6026 802 4351 4875 2517 652 2973 5413 8662 8113 7081 3332 6968 6740 6797 1243 4437 7624 9094 5956 904 6264 2071 5982 7395 5602 425 1624
4777 3905 8646 9646 955 723 1511 4441 6148 2501 5879 2282 30 2989 4490 4501 3409 5315 7011 1690 6291 5123 714 9900 8823 3444 0 9430 9341 9371 4085 5210 7098 3026 3899 1627 9296 4271 2145 1120 9508 5990 9213 7426 8870 2094 306 8849 3804 7992 9486 1142 4837 7220 5069 9812 6958 385 871 2367 6109 459 8976 9372 3328 9155 8519 3358 5750 2824 9870 5994 9916 8910 1765 139 2891 8339 4543 7378 164 8353 7719 4282 5464 738 3343 3991 9477 8697 4149 3300 5545 729 6230 4 3522 9171 5059 6932 6467 7278 2682 7199 1657 6986 1977 1664 3228 8858 8314 9245 9041 7752 3851 9110 5180 6296 5515 9196 4139 8859 1891 1903 9449 3888 615 2459 7295 2284 5576 5587 3875 5412 4265 1013 6818 7554 7587 3372 2462 307 2242 6924 5007 1651 7591 2975 6504 9257 8371 5720 9748 7423 3315 8260 6352 2527 9201 428 7195 5888 4004 1273 4420 2421 9057 6956 2577 8473 175 1745 4662 5338 9847 4154 8811 9209 3614 1400 5815 3913 2851 359 1112 8168 8680 7256 1996 5413 4471 8764 4457 7411 5083 2658 4715 1209 5642 6537
5241 8590 9388 9778 4236 8649 6655 4726 328 9267 7804 6771 9942 2872 9697 5777 8707 2016 1656 4936 9290 7548 1265 5950 1436 8279 9430 0 130 9209 3892 1727 1690 9933 6066 9630 552 1118 8999 359 7262 3964 729 9939 6055 2902 1652 9146 8724 4082 5495 8394 5593 9996 1440 9436 8337 3717 8185 473 8917 6624 6854 2495 9299 6613 7272 6648 1480 3506 6577 8857 2907 8509 3769 5086 6337 9294 4985 8047 5000 3774 9869 1323 603 8221 3905 7269 1755 8408 5245 1206 8363 8018 1934 7639 1480 1569 9653 2668 6998 1830 6912 6867 1659 9797 766 9659 6531 2437 5892 7604 866 4158 9831 7871 7737 6095 2319 8936 3026 5130 1557 3812 1479 5123 4944 2124 9256 527 1763 202 7409 3923 3729 3896 266 1485 1358 1245 6652 3616 5974 6916 6263 7749 7340 7466 6534 5055 8672 9139 2716 740 4185 2653 5398 2800 2360 6093 1529 919 3908 6033 5271 9014 4320 5206 4526 7266 5085 8005 3759 4083 4869 5853 4155 1025 1337 1378 8420 3335 6068 716 7697 8356 4512 464 4280 8805 6332 5886 2173 6342 8239 7345 1324 5684 2822 1702
3694 1260 68 7924 3077 7702 4071 9049 5934 2433 1896 4684 7584 2304 4152 6306 1085 9908 6737 9712 7061 7210 6037 13 5965 1535 9341 130 0 4294 6094 947 7378 4050 1530 4588 6779 6673 8623 8459 536 8894 3263 3953 4141 5694 2404 9640 4211 2719 2686 7474 4787 9479 4154 3078 8849 2092 1078 3901 9718 9347 3754 8988 5042 2898 8686 5292 5530 9618 3540 5 6846 4765 6021 3439 2151 9675 129 5877 5691 2706 1673 6227 5271 8531 7185 5063 9034 3435 6846 2053 6744 4202 8698 8007 5404 5094 9813 4004 7646 2122 3331 8870 5520 8241 3066 7423 8530 1860 5149 4514 5331 4343 8164 1251 8877 1775 2154 3213 2589 5953 6659 6414 2121 6382 5520 5195 6671 2563 5046 6107 8577 5795 4072 9422 2531 4808 7404 7228 3888 3067 3615 6933 3729 2637 5537 7994 40 2358 7455 7619 7822 3553 6514 2344 7232 5513 4445 3691 2262 5125 9940 8875 1688 7245 9790 2473 7269 3016 9750 5797 7839 7259 6128 1157 2235 1926 6185 8617 4812 8531 352 4057 4363 5477 9878 7672 477 7709 4516 9249 9219 6196 1525 2027 5873 7149 7340 7294
3773 6320 8027 9319 4335 7638 8324 6674 4018 5580 2880 7792 3018 1432 1919 1586 6790 1394 9985 9638 5734 5990 3511 5990 1765 3730 9371 9209 4294 0 3295 2607 1981 8537 7863 8270 4240 9183 773 3853 4107 6599 9242 8668 1663 3518 2484 1828 2198 2195 6828 9858 6251 8923 9911 5748 8449 8292 5595 6883 1671 4382 7075 8970 4529 5834 8705 6751 6203 6166 3953 5270 653 6346 8356 600 3397 1249 2656 253 1288 9529 9863 4576 994 3036 4117 8067 819 9341 2033 5867 5899 5490 5074 2591 901 8685 8407 4959 5721 8421 6995 1398 241 552 1682 6126 3505 1916 4094 7146 7194 9511 200 852 3542 848 2850 3077 3577 2192 6789 5722 4492 3478 1440 8455 5738 792 1753 8200 191 2074 6963 1236 3053 3260 486 5442 1788 5396 4104 629 5810 9770 1276 7862 5806 7933 3293 8207 2423 5590 6611 1181 2978 8758 9599 2479 9078 5855 1937 6235 4512 3344 1351 6665 6390 7171 8336 3581 8574 9308 5267 5405 2811 4110 9979 5044 6241 9583 8919 7666 755 743 1674 6663 9182 7459 7854 187 1651 4932 4663 9931 5462 7369 9649 8118
6696 1461 3207 4805 3305 4420 1325 8097 4960 7868 7869 4286 5376 4543 7896 8996 8089 9037 887 1056 340 8019 3734 7923 7104 2024 4085 3892 6094 3295 0 4695 8436 5575 1264 3358 9478 9620 1189 9923 527 4996 8278 7597 3019 7937 1534 280 6247 6218 8127 2881 5121 7458 3880 152 7848 8709 6094 2273 9059 3426 3332 3656 1427 296 3892 4787 7534 3201 1137 621 2908 6677 6432 9239 4243 8966 9998 3521 7622 326 8670 9548 7691 8831 8648 5879 442 9806 4715 8294 6219 4691 9133 8464 5021 3962 7545 4104 5153 7592 293 8813 7182 6123 7884 8878 322 5758 3745 1380 8584 9336 2987 8270 2883 8739 3753 9133 3139 8021 4226 3239 8425 8220 5900 5335 7268 3189 7798 6175 6196 4151 8317 6259 35 3341 6756 353 4403 9829 7431 9621 2107 4591 1758 7276 3541 3100 9544 236 7449 9883 8545 2261 4713 6289 2514 3091 1894 839 6007 7397 5906 6254 5450 4998 9155 8674 2230 8255 565 9088 7154 4577 7416 916 9668 5970 9421 4825 5185 3907 5423 4962 3006 283 7233 5840 3683 9320 402 8620 8544 2757 6839 3475 6210 4453
1583 442 9483 3361 8345 6915 8804 8746 2686 9248 824 1904 1598 6983 4118 7358 715 5497 2281 1570 1368 4617 2416 8193 8807 2726 5210 1727 947 2607 4695 0 3014 5343 8241 2390 1428 6740 5915 6790 4609 5182 6995 2051 7584 7915 3828 8228 5704 6923 5282 303 4689 7311 715 1824 7546 3781 4699 2771 7490 1936 8251 8431 8923 8178 1964 38 8181 5894 7249 5911 5610 6541 5494 6584 6381 4872 6774 2173 5026 7185 1998 7258 4516 9359 8157 9751 2595 806 916 8240 3492 9427 7756 6350 203 8222 7680 8236 7294 5071 3158 2660 3646 1461 3223 8274 9995 2348 499 5521 1675 2313 2693 7279 8453 2006 4256 5978 4635 509 7 335 2961 171 709 829 8516 8667 8992 5756 5927 381 6452 7511 9285 3879 5054 6063 4352 1846 4045 8802 2455 9650 3550 4968 5686 4714 9090 200 1092 7751 6385 1530 2833 8276 8534 7606 9599 5511 991 7235 676 8369 385 9114 5479 229 2360 2787 6766 6450 2383 2532 2887 5717 7111 7866 7453 7887 8823 6361 1167 6709 1574 1572 7349 8078 4614 9494 3818 634 9436 3041 3255 4593 182 1763
5108 6413 974 6614 3900 9074 9640 9794 3520 6064 6515 6857 8021 4675 3359 3590 1864 7925 2239 7705 3776 5136 2179 6339 6514 8810 7098 1690 7378 1981 8436 3014 0 5108 1384 217 9697 219 1901 3707 2952 8288 426 1998 3789 1232 8313 4365 7375 9382 5345 6288 6485 6070 1413 1601 902 1978 6235 5505 3727 3367 7557 1070 3099 1395 4100 8347 2745 1802 4271 2557 1489 1559 6288 464 38 3018 2561 531 1388 9627 9964 7093 8251 594 6370 1097 4577 6367 4370 4676 3019 5364 186 3427 6381 7577 2320 1648 5315 9637 9234 5648 1775 3777 4334 7596 5388 1937 1803 3059 9611 4988 3633 3024 3531 5819 211 7365 6605 90 8948 7542 8369 6741 9100 5366 1969 412 5528 204 1609 909 2885 2876 1277 5699 9425 6883 8275 6776 2395 3547 2915 320 877 8881 5778 8071 726 4673 8800 9223 3595 3331 9816 6519 4500 6827 5508 7912 2193 636 1430 3229 3741 4068 236 7933 2103 760 7159 3063 5318 9976 4334 5722 5421 5310 5012 9162 8954 5677 2516 217 1341 3020 6381 6081 7913 7273 8265 7475 5025 8566 644 7785 4375 5617
2908 2066 8080 5751 2782 4491 1027 4569 6074 7801 859 5414 6180 6838 6601 5116 2033 9089 3235 793 6978 2134 9055 2861 8434 9553 3026 9933 4050 8537 5575 5343 5108 0 7502 3505 334 2675 3358 9948 8501 5456 8789 437 9222 6615 5625 1733 2078 1611 3210 8530 8425 9828 396 7146 1344 5493 7925 1375 102 5664 7047 3111 6928 6096 8941 2301 3147 3493 8672 7130 3173 1824 5564 7578 255 3562 8454 7487 8666 8823 8693 6449 3624 3998 1075 1352 5058 5154 1299 2905 6641 9293 6456 2589 1714 7130 1111 4365 7313 2214 5521 7349 5231 3074 2007 3831 7725 3329 3179 9834 1588 1410 3057 505 3084 3453 5964 5064 11 5247 1705 3318 6223 3417 8326 1304 4063 6219 8014 9115 9683 8380 2787 7155 8632 8343 5791 4458 5804 5279 9432 7956 860 5569 5462 9658 489 4537 3992 5159 4190 4979 6861 6930 1548 5526 5676 420 5050 3433 5275 3195 6855 8259 1377 8246 3387 3833 8545 4133 10000 4569 3130 18 3147 7284 2239 7249 8080 3055 4731 5913 1344 4617 3046 9701 8334 7042 2157 6546 9652 1657 3169 4549 699 1599 1622 6410
3113 6850 6522 2029 1550 5695 1661 541 9421 7893 3101 5733 4820 4243 2409 1266 4758 8585 9536 1058 1289 3425 3201 4041 5508 68 3899 6066 1530 7863 1264 8241 1384 7502 0 2539 4091 5327 5586 7433 9734 3215 6814 8966 5301 122 2162 5471 7560 7789 6809 9279 5747 1293 9839 9241 3938 7201 8829 639 9955 2746 688 2353 7972 1719 1508 9705 8837 1483 4092 360 3639 9395 8880 2174 4404 9505 7231 4822 9622 5946 8718 6838 1672 9060 1293 5274 4647 105 8707 4821 6162 6366 8360 2258 634 9377 248 5805 341 9454 3997 4577 7930 5352 1658 1698 476 5467 8276 4470 744 489 8253 7951 6667 120 2004 1413 6528 3763 7711 8657 2416 172 2321 7632 4180 7678 5538 4706 2652 6580 3540 7511 6526 3641 3925 9307 530 287 3981 5006 1200 5709 9028 3080 4807 7195 4066 1349 4495 1238 5241 2219 5883 9283 8911 7291 3375 3025 6606 3125 7686 2827 3600 6753 2906 3080 6288 5575 4758 1614 121 6936 5558 6463 3422 3589 1697 3405 3878 5769 163 4261 4261 9130 3131 4896 3101 447 7477 5641 4052 8973 3187 7151 7365 9334
3143 1829 7714 5920 1820 9955 8408 162 7031 2274 9152 2843 9856 3801 620 258 8562 4068 4468 185 5835 7094 9114 9944 7964 8458 1627 9630 4588 8270 3358 2390 217 3505 2539 0 9786 3249 6683 1239 8340 939 725 1705 8051 2706 6567 7821 2871 1727 3597 3566 7441 3824 2243 980 7087 229 8533 1537 6879 1596 5076 6671 8854 7794 6111 4206 519 6679 9761 8016 7353 1715 3053 7176 2772 5958 8554 8623 8860 6019 3587 555 3198 1539 6043 5699 3271 8135 9004 8372 6278 1522 8429 3807 7168 5035 8578 4099 2081 3038 4774 1010 1013 4070 4181 8280 7678 9038 7842 9654 5745 7158 5342 3937 785 7218 2618 252 8284 2270 4836 3130 5517 8063 9829 684 313 166 8430 1288 182 6522 376 1622 5205 3841 6222 2930 2934 2783 7004 6242 1925 8759 2338 8041 9431 8515 3526 3501 1643 6500 5939 9185 4829 6973 8047 8841 7479 966 6642 2925 9164 96 7256 2479 7172 7343 1683 844 5119 2607 5138 8971 2164 9627 6286 8651 8191 9772 2683 4560 4800 5301 1487 7723 5035 8873 7617 6317 239 1264 7610 696 4515 4150 9136 2843
9983 9810 2489 293 6286 7232 2677 4693 2102 6155 323 6980 8247 8411 3146 1761 3625 9556 208 656 9588 1779 6827 8451 9493 7000 9296 552 6779 4240 9478 1428 9697 334 4091 9786 0 3775 1150 4883 6993 7174 6322 3946 9685 8233 293 1390 2539 6480 6841 1978 4049 4619 7765 112 4959 5372 9409 485 297 2890 3978 9204 226 183 6620 1966 6933 3236 4851 8292 2576 8871 7090 807 7147 8012 3010 7941 8740 3497 3355 8445 9691 6532 2626 9614 8386 906 8177 6445 2470 8058 8178 5701 7393 8239 3611 8721 48 3379 4213 8907 1688 5781 8253 9966 2254 7913 8471 3164 1134 5242 9708 5269 2628 7265 6303 1520 999 8495 5582 2086 3688 4636 835 3689 8292 8462 244 6047 4963 419 1120 9275 2703 5510 6263 4248 6205 1600 6785 5894 3539 1253 4975 1985 7803 6557 4696 1424 9287 4451 5400 2787 4985 1850 3378 5178 3183 744 3905 3535 4704 5456 237 69 506 8671 7415 7864 5663 3245 977 5636 3435 812 4272 1184 5711 6856 890 3148 8151 906 4645 3331 8757 1445 5368 9040 9811 5222 5883 7935 9399 9537 4977 6434
9976 3674 3303 1207 561 1239 8511 6386 9071 8670 65 7938 2109 866 8600 7775 7865 597 8046 5582 851 6999 6059 3821 5746 9258 4271 1118 6673 9183 9620 6740 219 2675 5327 3249 3775 0 2188 6618 6007 8335 6852 2848 1798 23 364 2046 5549 9231 341 806 1523 9745 1091 6205 3538 5671 4549 4472 5959 9433 6492 5424 7751 80 9711 2655 4260 8482 7381 6715 2737 6651 5329 6631 1642 4592 4340 5604 3244 2260 8202 9636 2337 3672 1424 1850 8630 2298 9776 2955 3790 3376 3586 5614 3449 7385 8000 5274 1864 9005 4188 7508 9533 7471 1275 2429 4280 3884 3151 6001 1624 8534 1079 1564 4997 6400 9256 6056 9013 8942 9396 9445 657 7179 6314 1108 6124 2092 176 6875 5730 9559 9065 1423 1462 9551 1032 2068 3908 5406 4207 1233 1374 8313 2749 1908 2139 5721 8917 7919 9480 5578 9791 4829 1397 5709 5613 7722 3190 2470 4658 5179 8372 3572 5351 8751 5677 9486 7961 3427 9174 5932 1153 4949 5171 6641 4131 9223 4060 3531 2563 1369 227 987 8379 9782 895 9153 2026 74 2147 4537 9207 6231 2543 4170 1202 2539
651 1426 2632 978 990 2734 6804 350 8737 4413 1556 2006 5312 5242 7653 2040 4206 4053 8004 3717 7495 1435 6895 9107 2971 3740 2145 8999 8623 773 1189 5915 1901 3358 5586 6683 1150 2188 0 8795 8302 6888 1633 7733 6655 9266 2390 6751 3865 1203 5920 4230 8942 7899 5403 4485 4035 2867 7184 8949 2356 4644 8043 8422 113 7067 1462 8095 3792 7843 6230 4279 8806 602 3404 793 8201 617 5204 5146 2734 7941 5053 7043 6647 4212 8957 9776 102 5630 7661 8030 1514 6525 4943 5310 1174 2158 7398 5879 5969 1601 7745 7236 962 4650 8621 3267 664 4285 8035 2062 7142 6746 9965 1231 5102 2305 2661 1328 6714 4110 5499 2184 6965 7579 5705 2185 145 1458 5472 9869 9154 5780 4201 6870 5717 9968 3367 6576 9349 8032 1086 8796 6614 1423 1761 5018 3623 8795 1099 6978 5812 6704 6511 3955 5698 3266 542 4322 4524 2149 5164 3943 4496 8893 3133 8612 4520 3857 4623 875 6446 678 8712 5005 5969 7057 2488 5915 2401 6596 441 229 6711 4973 653 8897 2910 6853 3069 7045 9091 8048 329 7781 6893 9390 4788 6031
9309 3852 7793 3523 404 8024 8704 1430 3377 519 5554 1060 5408 2579 9371 634 6325 7444 1126 8782 9270 8565 3827 3234 9380 1602 1120 359 8459 3853 9923 6790 3707 9948 7433 1239 4883 6618 8795 0 9468 6807 7452 3197 7746 9304 2594 755 2148 8626 4102 7446 1698 5302 6237 9451 9287 6780 5923 4994 2325 6644 8073 8609 5638 715 8359 5667 5249 2416 8774 7540 1207 312 2074 6970 9866 5425 7617 1001 8344 2563 4835 7017 9727 8392 4366 7596 9308 2950 7708 6552 4303 3772 6265 4911 604 3324 3092 4264 6967 4979 6180 4529 7203 6374 2706 3382 7146 7403 4579 3458 2283 8599 7611 2401 3480 2391 1813 8728 666 8508 8222 1584 4625 5964 8055 9846 8599 5625 2022 9886 8421 1131 2526 4985 9269 6966 1469 6322 9453 690 416 2216 3577 9881 7296 3270 2855 6606 7051 8798 1000 7456 3411 4981 5138 3088 3142 3724 3432 9723 1428 6012 5964 4024 7394 1872 6918 3402 729 3544 9936 2500 8292 7996 3128 1766 8105 9542 8857 2157 1894 7903 9841 6624 1815 1399 4905 4361 5541 1264 1677 4505 4238 2636 6083 6292 2747 6587
5627 5258 8927 974 9497 1477 5991 8578 6085 639 8783 8921 6828 3049 5782 4376 5282 953 1856 1983 7142 5768 9118 6209 4834 3848 9508 7262 536 4107 527 4609 2952 8501 9734 8340 6993 6007 8302 9468 0 6701 5761 2864 2259 758 8676 9272 3136 9319 6010 3837 2228 1055 9852 4541 845 1270 9626 841 5330 9912 9495 6705 9822 7192 7073 3211 2095 8594 394 4556 695 1929 7274 2055 8500 2591 8750 9122 9706 7147 1447 5423 9658 9314 2812 2766 6231 6846 678 3608 6675 8294 4339 5834 1757 6246 9835 9692 9665 4363 6250 2884 9388 5937 1527 5822 6136 4124 9291 4291 5603 1775 3575 1418 8210 2714 4211 6768 3388 8063 2669 8877 6158 9672 3053 3170 2565 2360 6608 912 8823 8564 234 5397 1981 1 9792 1157 911 506 2492 916 4035 9300 8118 8501 4121 3981 8124 7264 7074 3352 9278 3534 9803 9501 5965 2755 5095 4260 9456 4173 5192 5211 7335 1755 7258 7486 5843 9513 74 3566 3227 5480 3522 9005 6765 4039 464 9516 5966 6946 1191 2466 3966 1925 153 1185 7227 6712 6797 3972 749 6774 3716 9930 8137 1533
