150
0 1214 8890 5176 7000 6886 7976 2753 2359 3232 8380 516 5261 2482 6191 92 4440 1402 1416 4772 1897 9235 2446 9476 470 8081 1129 9573 3940 4689 8945 1595 1158 5110 3309 7388 8138 4018 4872 2224 4476 5525 1206 6249 7832 76 6112 3745 106 9749 7118 9025 608 3729 7369 5430 8915 6158 8156 5762 1213 1152 5797 9735 5824 8417 687 8036 319 8258 563 6933 4423 702 438 4101 4636 3896 4563 425 4101 542 2459 1387 3576 501 5944 5933 5015 2158 2135 8870 7181 5465 1764 5170 5844 1060 6837 6753 5433 1161 2043 6073 9858 6714 3769 185 7365 9503 5146 8413 4036 2325 807 772 2950 1266 266 5725 9842 2965 7256 9192 6267 6692 2207 7118 7341 2483 3611 2271 8410 9886 4017 1462 5876 3416 6690 7941 187 1144 2842 3482 299 91 5980 8579 7812 6166
1214 0 1474 958 7148 4096 6397 2280 7646 7233 555 8664 5619 3533 8842 1461 4859 2931 3462 3525 6004 9144 7344 9920 1144 4906 8923 1509 6846 2904 1064 6817 2503 3011 1910 3854 1488 5664 773 8841 6430 7577 4135 2012 2857 5562 2257 3258 595 2696 6312 8132 2578 7115 6907 9895 1435 5105 9632 6017 6445 2167 8818 1322 19 4456 9314 5939 3613 3888 162 6908 7164 2558 3736 8893 414 1632 8267 9637 8297 6804 1031 2931 705 3894 5358 6473 3751 3855 4853 7237 8324 3333 5645 2949 4765 4007 8926 9737 6668 6334 6616 5188 6183 6823 4304 2613 7644 1967 9310 6931 3323 9222 1517 5948 7015 7847 9246 1377 2823 8502 2874 9935 8446 8416 8668 3317 8311 956 1100 6769 7382 7608 517 9664 8827 4763 7879 7999 149 8488 9874 3876 7702 7380 9594 6666 8561 5103
8890 1474 0 9566 1253 7399 3519 6830 2333 7995 9968 7969 9585 8837 1192 7617 5635 7140 5410 3568 6985 6002 8724 2981 4182 9417 1454 2876 6767 7949 8552 1212 8475 8986 2322 3280 3714 7219 9145 8879 9329 339 3922 9961 7183 3550 9405 6192 8736 1361 4224 100 2124 1039 6965 8651 273 5190 3778 6070 2455 373 1084 3833 9737 4795 4739 5312 3753 4957 564 6218 6718 3623 2590 7456 9175 30 9606 1795 9194 4417 2813 4732 8655 6562 9907 8816 4539 9779 2988 2675 4529 324 6209 496 9809 1783 7864 8476 4586 4692 4141 779 8001 7767 7691 7684 1786 1242 1332 8432 7207 455 3051 5502 2357 278 9158 1046 766 1544 8456 2325 1860 3269 1264 3542 707 7699 5049 3492 8906 4870 4158 5617 1939 5893 9571 4879 4481 9726 3621 8488 9049 6485 5152 8411 744 2093
5176 958 9566 0 7387 9427 4107 1523 8438 2155 4704 6349 8211 1812 1785 5985 1602 2481 1655 1098 2857 8541 6397 8458 5100 8940 9901 6916 3159 991 9494 5846 5626 2959 1196 6277 1725 588 8729 8741 7434 7387 9962 9253 9163 5339 8833 2112 1070 1990 8645 1563 7629 6646 6040 3844 3758 2 5777 9852 5129 6221 4913 5743 7847 7893 5520 554 1846 8709 7275 6707 2479 1230 7620 914 1792 5570 1889 6512 7246 2386 7494 8007 793 3920 1149 1875 514 9384 720 5024 9985 6349 8683 7081 6933 5596 6109 4221 9857 7395 7720 5040 1240 6220 2600 6560 9666 2984 2739 2079 4799 846 7164 2567 3065 1879 8645 7222 520 7713 3037 9217 4931 5094 5438 2175 1462 3001 7800 7993 7099 1081 2532 2891 1793 1631 8333 3966 3496 7198 5190 5129 3223 7066 8882 4734 8541 995
7000 7148 1253 7387 0 2455 1274 7038 3789 3300 1248 4883 2463 4735 1087 2668 3461 5596 6044 8685 7131 3473 5705 4481 8161 6432 3992 6221 9220 6312 4801 8009 874 510 8378 576 5614 4620 8256 8112 1272 9676 2898 3473 560 9836 3346 7248 7007 1115 2692 6809 4125 4930 151 1297 8613 7659 3299 9657 1981 4193 4454 2731 5286 5935 2513 3171 4262 6212 9381 9039 221 5867 8459 7068 4811 8102 6853 7906 5402 972 3017 5159 8338 5404 4815 5263 9019 4149 1919 8429 7207 6742 8120 4819 4763 3729 4240 3659 8562 6514 5485 3598 7459 9325 6864 1909 6377 3992 7710 5206 3704 6202 2319 6940 2978 3618 1031 8398 6384 5750 8269 3431 2538 9877 6576 670 7571 2610 4611 6324 3067 1809 5079 1754 8360 4520 4572 8975 4232 9049 5654 3666 6865 6235 6877 4708 7977 5842
6886 4096 7399 9427 2455 0 84 6509 709 4020 668 6582 5103 819 8667 507 8444 886 505 2407 7722 6986 6787 2291 7851 1286 7567 8040 4366 1770 339 9416 5461 1716 1892 6323 9489 8511 7530 8600 6220 1784 1324 1340 5999 9448 5541 3819 3900 4569 2697 5155 4975 6650 3566 6737 8188 9669 60 2323 4039 8554 1723 9236 8583 9900 799 4236 4516 399 7906 672 3423 5753 1264 6780 5041 5992 4868 1476 576 9989 344 477 1990 2924 4507 6248 110 4948 2811 1906 8181 8157 4758 1571 6589 6781 1201 4468 5585 8120 9156 4450 7978 3623 2724 8458 7033 4643 3007 1879 220 6812 9879 2081 3280 9050 4504 2380 6396 237 2923 8091 4437 8384 4400 3190 8237 7812 5368 7778 1139 7020 1755 4341 8580 9459 9003 8891 1737 6667 2896 7209 5070 8301 534 4578 8459 1429
7976 6397 3519 4107 1274 84 0 7903 6757 336 5864 4278 4723 3900 5668 6369 1275 6364 3248 1297 6903 5307 7143 5323 442 6995 4169 1797 1983 2872 9387 5627 5900 7418 213 3160 440 223 1400 5529 3569 9409 5044 1227 8105 916 8716 476 8012 5866 1863 148 1415 9555 7030 883 9098 6667 3934 955 3708 7234 3857 9458 6236 3896 73 7810 9919 8659 1364 5375 3367 1026 6736 3860 8942 2389 3068 2662 4552 5900 8045 3642 3739 1689 542 3891 7212 5165 6572 4104 883 363 4129 2721 9432 5074 5980 741 1991 1787 4904 2391 46 5227 3960 4322 4705 6175 5133 4119 6874 3865 5100 3945 9392 5035 5287 9055 5882 2509 5177 5748 8261 1590 347 6136 7089 2919 3719 1038 1393 2021 4440 8812 1056 6644 1408 2323 5850 1278 2351 5178 4418 9263 1888 5703 1854 3393
2753 2280 6830 1523 7038 6509 7903 0 3716 699 2317 9125 1913 1070 7127 7056 5419 1675 5970 121 1419 3466 1102 4630 8043 8520 7826 173 4833 749 3236 8519 1288 3725 3393 1652 1503 472 7272 9693 2116 6398 1471 8227 5055 8016 881 358 5486 4421 6737 9075 4474 1189 6063 1312 7129 1958 418 1937 4463 8888 3630 9241 3070 1888 5007 6989 5046 7014 9899 7519 5582 9912 894 5060 4121 128 3198 3164 3156 6618 463 9775 8491 500 1128 3730 8513 8517 4893 7241 5529 8489 3565 8071 7911 9141 9944 7911 5519 7513 5885 9072 3594 4015 8443 1760 6772 579 357 1597 3530 5597 4986 7758 4778 3836 3193 7135 8769 3871 5090 4497 2827 8001 2497 7916 164 8235 3659 6423 3967 7818 8815 8163 8432 9247 3170 9088 7502 6299 2778 9818 7388 6837 1727 8239 8469 3955
2359 7646 2333 8438 3789 709 6757 3716 0 8889 5531 6409 1033 8618 2245 6541 9933 5430 9181 2385 1772 8751 1573 517 5542 4054 5586 7667 2080 5770 6591 179 2026 8127 6248 8998 5431 293 3342 5948 616 8604 3837 3670 3231 6153 9494 7305 9665 8130 1848 1559 7809 4095 8544 8267 9942 9397 5638 836 3601 2330 2732 3967 4237 360 2847 9919 4373 3932 9002 2992 793 937 3000 9524 7280 9126 8482 6167 1778 7007 5923 6107 4683 4327 2994 6626 4679 1909 633 3565 8394 4398 2494 5507 2256 640 2477 8071 8519 8260 7481 1026 1091 1770 2638 4790 2596 9227 4136 7708 5421 4110 2067 8186 3323 9951 7433 7664 2941 8991 735 1637 1611 5032 3690 6136 7876 4258 8055 9206 8194 4630 8937 7311 5212 326 9127 4304 7078 3231 4495 6412 6784 9642 6022 1808 5809 7088
3232 7233 7995 2155 3300 4020 336 699 8889 0 4127 9349 3063 9910 9029 6215 8227 6269 7263 2560 5472 611 6691 6463 8344 5478 6896 8867 2556 1949 858 9046 2915 1879 8657 6780 782 6617 4814 2178 6496 7255 2399 9487 5192 5336 3797 9853 1369 2869 5188 4824 5327 2241 4105 896 3047 4784 1433 4653 6009 1911 8279 9577 2112 392 8199 2100 5938 6732 9244 2818 4927 9319 3270 2482 5577 7022 8287 5103 1721 23 6661 3778 8213 5805 5200 9470 1048 6402 9485 8948 9268 6315 2520 2080 6216 626 4895 5716 1956 6228 9841 6915 9482 3030 7520 2528 7012 3923 503 3209 3485 6506 4286 7042 9443 9613 7987 8082 1295 2764 482 5437 7517 4563 245 3428 9511 8978 4941 8399 2536 2831 8349 1628 2797 1971 8559 6908 6467 9340 6550 7840 8022 311 1208 7604 3310 5335
8380 555 9968 4704 1248 668 5864 2317 5531 4127 0 3528 4406 6821 6749 8065 988 1248 2467 545 9044 1600 9093 3353 5043 9068 4404 899 5035 3236 2667 838 2441 5148 6314 5673 1208 5346 9559 8490 6515 2765 835 6739 3896 2956 2153 1720 8507 3418 2486 2192 4299 8992 8440 4845 7565 7255 8480 6331 6619 3794 4590 9898 8772 8600 7154 2709 4231 8179 6726 5937 3976 9932 8797 4226 8300 8774 4611 2523 3032 7293 2556 9565 4503 27 528 1154 305 2987 1338 5889 7965 1022 8250 8731 1954 7751 7265 6962 579 2337 7688 196 4109 1281 4983 4993 5183 4606 383 3829 5441 3416 201 4770 3933 3392 2094 908 9468 5491 8338 3451 7227 2165 9135 6559 2120 661 9317 3740 2730 9418 25 8350 4460 1862 4215 3115 2796 1190 7420 7808 87 2192 7348 8288 5162 7257
516 8664 7969 6349 4883 6582 4278 9125 6409 9349 3528 0 91 8428 1708 430 2634 7276 4447 890 556 4552 8787 1469 766 4062 4030 779 7128 5923 765 2503 1519 4479 6420 3381 9859 9883 9159 7292 9522 4780 484 7600 7352 1741 9796 5237 6445 5946 2553 2699 5644 4485 3324 1092 5577 9744 2375 2413 5153 3733 9326 1398 5796 2388 4635 3583 6600 3262 7944 221 13 5744 9857 6461 8706 4171 7034 5520 9097 2916 2870 1693 6400 3667 6641 7688 6758 4626 8135 8647 2550 4185 4954 5998 5129 9658 9005 5009 7182 7479 1804 9295 7213 6144 8420 6653 594 1872 4611 7220 3201 3996 2274 5 5089 7754 7689 1006 4224 2995 5915 1311 8168 4085 8043 7421 2417 9830 5154 7206 3084 7028 4686 6302 3292 8122 2204 6602 9280 4144 5505 3914 8486 3394 2409 7914 7105 7644
5261 5619 9585 8211 2463 5103 4723 1913 1033 3063 4406 91 0 3847 6268 9255 3124 3539 1896 9529 5861 4681 1652 622 5525 8430 4139 8206 120 2152 3728 9724 4810 2346 4185 8731 8195 3784 6604 5996 7704 391 4100 4218 208 442 8900 6817 890 2997 2638 5967 6552 8942 4442 4029 9388 8805 8229 315 1128 2316 50 8358 2645 5964 1682 3445 4479 1519 8678 3076 3280 3815 4802 7418 4043 8647 4128 4915 3488 6109 6413 2696 2494 9209 4546 715 3659 1147 5339 3310 6493 9156 1671 5471 8321 1133 1056 7691 9273 5253 7025 5855 7499 5329 2628 3344 6978 8483 5549 6071 5774 958 6252 3705 2935 6999 4560 1720 1446 9618 5121 2609 4355 8139 704 4056 4206 8962 7594 4378 5433 4527 5721 1370 6370 8205 3793 2603 7691 4438 8618 2061 6802 9994 467 3775 2288 3586
2482 3533 8837 1812 4735 819 3900 1070 8618 9910 6821 8428 3847 0 2534 7697 4193 5770 1885 7712 4402 1407 7031 4769 4903 8874 9865 7531 6306 1214 4369 9183 806 377 184 2551 2146 6239 6395 139 4948 4100 2437 7756 6111 9205 2014 7775 9358 4801 4731 506 2013 9298 7435 7026 9529 9532 4889 2331 1433 3682 8115 9543 9867 3377 9305 9637 3909 5796 5759 2243 5750 6554 598 1790 3416 4139 3350 5908 2142 2452 3058 620 6951 2147 5527 4760 8301 146 1688 2610 8412 2439 1581 9774 149 1663 744 8353 4766 182 1128 9990 5906 6865 6958 5113 5717 9641 5117 343 2123 3611 8308 9907 6029 3577 177 1564 7116 4032 3076 9407 8637 5704 245 1716 3874 7292 8755 6383 8765 5220 9396 3131 2598 2267 5897 8919 1291 3583 1258 7701 4518 6092 2700 1055 3137 3537
6191 8842 1192 1785 1087 8667 5668 7127 2245 9029 6749 1708 6268 2534 0 159 2250 5305 6411 2349 2726 9017 9412 7917 7663 5556 1940 1676 7694 3652 1399 5205 2862 2736 6997 359 931 9036 5892 4267 1380 542 5971 7311 7314 1790 8025 307 6166 9326 1884 6277 539 7120 7870 3408 1535 6682 3244 5639 9050 581 6756 7007 1199 2523 3774 7880 1805 2326 3506 4403 8824 9339 126 4902 2582 206 28 464 7420 8514 6521 9660 8551 3730 8768 4638 1454 9580 991 2113 3282 2724 3459 191 7130 7178 9337 2111 5542 4748 7598 6398 3467 3955 1003 9296 6798 2301 2333 3050 6859 2660 4201 1525 1120 3930 7723 6838 5687 5241 524 1312 2390 4656 9052 6026 5677 9203 6761 8848 5819 7428 6657 6564 5866 4479 3642 4353 2363 9261 7561 6780 6076 7961 4789 6407 490 1062
92 1461 7617 5985 2668 507 6369 7056 6541 6215 8065 430 9255 7697 159 0 977 2366 5935 5007 8746 5614 2326 5523 1462 9290 6797 4011 6410 8693 497 9865 8857 1858 2832 2517 4431 8455 9606 692 6794 788 6325 9204 5480 5318 9628 8711 9925 7953 6888 9426 2558 5168 6702 9850 56 3214 3894 3963 260 9219 442 6671 290 669 1254 5172 7725 3730 8986 4495 8231 2330 6522 3284 2220 8931 2059 4880 2438 8268 1455 8888 9054 617 5890 8051 2146 6266 822 3792 5111 2782 7252 9006 3689 7370 5455 8101 1697 4981 3247 6817 9716 1620 4976 1841 4674 1085 6391 8351 9993 4419 1450 6045 6773 4426 6446 7918 3703 1477 2266 7062 298 69 5476 8673 5236 4465 2686 3975 3457 4489 8253 9651 158 9475 5566 9295 2496 8605 8269 5545 7645 9561 8150 2783 1143 4476
4440 4859 5635 1602 3461 8444 1275 5419 9933 8227 988 2634 3124 4193 2250 977 0 66 1955 249 2808 5622 3476 8488 4518 5074 5247 2470 4933 3015 8207 4796 6913 5249 3556 9034 1271 1740 2646 8625 3948 8811 3289 6528 5998 5120 450 7863 855 490 2659 7120 5178 1837 6350 7897 8731 5679 9981 3934 1017 35 4546 1437 2037 5433 7501 8183 2212 7892 7640 5341 1429 8478 5004 5288 7786 2527 1543 9275 8219 7204 8398 9017 4421 321 8688 8416 1087 5671 2904 7556 6614 5349 7637 4194 5057 8201 2182 9115 9829 8634 4804 9875 8372 7572 239 830 4034 9193 5882 5541 9847 8523 3151 5818 5982 3883 3675 7872 6409 1538 9701 5335 1025 9677 8680 5240 1545 9110 1745 716 9512 6167 4527 6863 5114 7509 2111 8523 9263 2597 2563 9754 3743 2263 2097 6215 4196 2073
1402 2931 7140 2481 5596 886 6364 1675 5430 6269 1248 7276 3539 5770 5305 2366 66 0 9637 9174 3513 696 3478 8779 9366 77 1946 2339 8929 1227 6160 5046 4510 3780 3290 3938 9623 6198 4197 5281 2062 8463 8092 2254 78 6806 356 6817 8860 7090 826 6718 1023 9000 8503 9053 1616 2593 5295 4154 7221 9983 580 3024 1546 297 6787 9332 967 4504 4269 6910 6973 3127 2246 2312 423 2977 9259 1865 1373 8455 3528 1563 7565 4463 5153 3458 2504 8289 1760 8131 8742 5819 8321 616 2493 7871 3669 9801 1250 7171 195 8283 3796 2859 7858 3362 3002 173 3790 1507 4796 3046 2931 313 794 33 9656 1523 6781 1598 466 4997 7945 3704 5078 667 4734 5777 9772 6051 5465 3062 4090 4450 4973 4060 4268 7410 8508 8890 4327 8469 4157 78 3251 1126 140 1303
1416 3462 5410 1655 6044 505 3248 5970 9181 7263 2467 4447 1896 1885 6411 5935 1955 9637 0 8051 3105 7878 5237 6411 7342 8136 3334 6949 1017 1840 2871 7936 5820 1681 2466 3707 5360 2016 3422 3222 3465 2337 2723 9780 9062 273 7618 3435 1063 5110 3489 9106 2458 9534 6250 4192 9382 3933 7041 8752 9095 4108 7383 395 772 953 1235 3472 6713 9414 748 336 5931 7479 5118 6107 8203 7819 4290 1966 4589 8516 2572 3575 2684 1861 3804 3423 3276 2045 3998 7230 3601 366 2432 1013 833 980 2589 3081 1314 955 2677 6428 9180 205 4441 4772 2612 3511 6890 5338 3995 3203 1716 6890 8824 9390 2539 7860 2922 4665 6577 6105 2590 9444 2382 8476 1276 6291 3530 4897 9886 3230 7158 6355 3102 3611 7645 153 9258 3942 2236 8046 9551 8732 5458 1385 8709 8390
4772 3525 3568 1098 8685 2407 1297 121 2385 2560 545 890 9529 7712 2349 5007 249 9174 8051 0 9943 9833 7793 2249 4495 5142 4264 8334 8066 4309 9753 8155 6586 5495 9448 9863 2446 8032 862 8026 7545 3118 6580 5087 9606 4625 5329 5117 1108 4570 5111 8842 1658 1140 3482 8049 6627 6303 3270 9856 2845 7996 2457 2388 6710 1286 5687 6354 4033 7874 4748 5010 9124 7075 8686 9878 3973 4763 1516 8894 1961 7770 3734 5577 7799 5161 9520 8624 6230 7800 2893 6345 1899 9975 4656 6058 6248 3691 8026 8415 9086 4365 4502 7125 4956 168 4191 2025 4908 1437 2853 6490 3779 5826 521 3035 3853 5921 2570 3725 9943 5280 6876 4581 3657 6304 8710 1300 9618 4046 3265 3195 4707 2435 6869 1094 1084 1149 6886 4349 4536 4677 3942 1111 7932 2020 8524 3994 1375 156
1897 6004 6985 2857 7131 7722 6903 1419 1772 5472 9044 556 5861 4402 2726 8746 2808 3513 3105 9943 0 6440 6019 5191 8707 4416 4176 4492 2762 3162 2380 8392 1012 9320 2273 8906 1791 1118 5967 9821 7525 9839 6560 285 121 9161 3291 7261 6529 5781 8291 6464 9766 2286 2235 3652 4130 4965 1865 8729 1132 3761 9276 8034 2608 8342 2100 7258 7762 1663 9097 5090 4800 6694 6788 6235 5622 3002 3949 6957 5513 2038 900 284 2140 8030 7532 6640 726 8804 1283 474 413 9254 76 2507 5404 443 8550 1331 6678 7905 6278 17 9220 231 5645 5516 9029 4084 5544 8891 1286 9254 9058 6394 1843 8544 3778 8489 6628 9277 6113 2326 6789 454 7686 393 9927 7550 7531 2950 3561 1380 3426 5066 8309 4349 5564 2363 3639 1769 2302 1176 2970 7169 3812 4279 3564 9528
9235 9144 6002 8541 3473 6986 5307 3466 8751 611 1600 4552 4681 1407 9017 5614 5622 696 7878 9833 6440 0 3761 5125 3877 2911 8394 3225 8608 9908 5897 9064 8185 7976 1854 8733 8013 6090 506 7035 3322 5071 2755 2272 4658 2166 7099 2210 687 1278 1891 2682 8220 1799 5999 9893 7552 314 7623 2045 7659 4415 4993 4354 681 6234 3435 7384 8225 4630 7568 3671 2946 8813 7757 8449 659 5347 3642 2874 6399 1554 542 9794 4873 1459 7511 202 9136 2639 7657 4643 688 9276 4822 4576 2213 3404 2063 3123 788 9862 7718 7993 6092 2519 8796 6746 5408 9363 6135 6055 3788 3954 5468 1078 3379 3722 1290 512 9077 8675 2190 4364 156 3857 3528 1359 4579 7947 1632 2931 8904 629 8274 821 4113 6221 1984 1474 2780 8902 4997 3786 3111 8114 9055 977 5244 1836
2446 7344 8724 6397 5705 6787 7143 1102 1573 6691 9093 8787 1652 7031 9412 2326 3476 3478 5237 7793 6019 3761 0 3865 2594 1558 284 8043 827 5776 4867 8652 1326 9039 7924 2368 4937 9781 9811 5810 4880 5921 5873 5422 1587 9647 7306 9387 4944 7040 8137 5759 3611 6230 7277 3954 6248 732 8738 9341 8626 4866 7875 9547 3265 3155 5606 1042 2932 5046 9909 506 10 3773 8561 6947 3483 9240 9585 1495 5909 2731 6154 2455 4409 2251 6135 497 8470 2735 6989 8417 6029 5816 4703 2427 424 1304 9090 9967 5210 1676 2345 4909 9741 4056 3917 7120 7624 4385 3470 2729 1007 2135 3411 4335 8016 3011 8616 3178 5908 9592 9519 4443 2868 3224 164 6983 6258 464 9008 3830 976 5455 6419 8268 6171 7711 656 3419 8628 8554 7281 6150 349 8165 6684 3180 8900 1949
9476 9920 2981 8458 4481 2291 5323 4630 517 6463 3353 1469 622 4769 7917 5523 8488 8779 6411 2249 5191 5125 3865 0 2650 5002 585 1392 7830 3576 6361 9131 4787 9245 6786 326 3567 8612 52 8431 1219 3144 9491 1510 5392 7637 92 7469 1725 9718 8027 5580 8552 6536 5009 7591 1488 9167 9560 8031 4868 6276 6770 2142 4076 8803 1260 5731 100 5702 9969 1189 8964 3226 6361 1402 1193 3936 9 6236 8130 2533 9742 8128 3369 4367 9875 1469 2888 51 9528 4750 8418 7017 2244 8853 471 5424 5110 8039 5308 6827 8971 5674 6459 7545 4648 4765 5824 1625 8937 11 8007 6242 8189 5698 8357 3574 9554 6933 1290 4365 6959 7833 6425 9835 7751 4811 64 3554 6637 6623 884 191 3942 9597 7526 2926 5669 8720 3941 3962 6456 8861 1136 1866 6650 9190 4522 5291
470 1144 4182 5100 8161 7851 442 8043 5542 8344 5043 766 5525 4903 7663 1462 4518 9366 7342 4495 8707 3877 2594 2650 0 7035 848 1061 5261 1839 7339 6518 9299 570 6558 5765 3410 727 1207 9753 1321 9621 8826 4964 6644 9483 1668 6122 3479 3430 6504 2585 5207 3924 3746 6454 9271 628 1383 3503 5916 441 2551 192 4320 7642 8551 1645 3918 1081 570 3457 1219 8725 7230 380 645 3583 4373 6418 3590 5827 7053 5214 8478 2255 6970 751 9894 7437 7796 6444 854 8033 1383 6461 356 5139 6630 5946 3600 4372 9663 6719 5671 4840 6428 3546 3343 5816 5456 3101 8121 3305 2128 2446 7666 6228 2578 3072 2151 3996 3592 4426 9119 1585 774 2809 3720 8876 3002 477 6076 4950 9876 9793 3363 2036 4881 6031 8772 9980 6224 6406 8540 9364 6205 9015 1651 4360
8081 4906 9417 8940 6432 1286 6995 8520 4054 5478 9068 4062 8430 8874 5556 9290 5074 77 8136 5142 4416 2911 1558 5002 7035 0 7807 5869 9073 6399 2234 607 1684 8600 5703 6018 9538 4048 337 2177 9894 9891 9244 5062 8874 6766 7955 3465 6008 6404 2517 6274 7098 3025 1954 6534 1440 8033 9401 6705 9548 7911 7056 6220 2823 4123 33 3803 2046 3298 9818 4878 886 323 7830 7991 9672 346 2594 3949 9537 1087 4747 3731 5200 9379 3687 4108 3275 4722 3714 2419 4717 376 8839 3293 1317 4946 6682 1533 9630 8489 6108 5321 6869 5646 1154 7114 802 5785 6260 7024 5228 8022 5127 1463 9870 5338 714 757 3726 1122 4541 1680 649 444 1411 565 4046 2261 2905 9562 4936 4040 2082 9985 3794 3010 7881 8134 5348 7254 3490 2169 7089 9220 5518 9839 872 5678
1129 8923 1454 9901 3992 7567 4169 7826 5586 6896 4404 4030 4139 9865 1940 6797 5247 1946 3334 4264 4176 8394 284 585 848 7807 0 2612 5659 8963 1739 9230 1914 8215 9517 9297 8710 2084 2670 801 9999 7215 1443 6979 8160 5962 5312 5766 327 7812 8708 1673 6631 9729 8113 5516 6939 2461 4288 2578 5468 6357 7228 5636 9817 2224 5646 3164 6577 7434 1302 5137 7538 9306 5912 3154 804 8672 6601 4725 1942 7575 4975 7265 7801 1449 6370 8184 5930 7278 4527 6009 425 4938 6088 9524 5129 424 7084 5547 4819 6436 3388 8757 7430 5297 2063 5907 4780 4707 2056 5981 1207 640 8164 5374 9142 3582 432 1833 6474 1476 4185 7379 3602 7285 682 3495 8137 3498 6355 2523 5705 1349 110 2517 2595 7683 9029 15 8162 8479 5462 9584 1207 8260 5861 4766 6437 3809
9573 1509 2876 6916 6221 8040 1797 173 7667 8867 899 779 8206 7531 1676 4011 2470 2339 6949 8334 4492 3225 8043 1392 1061 5869 2612 0 4191 3889 7943 4579 9962 4293 4 3247 1530 585 5815 7951 6138 1673 8275 8157 1423 4297 2243 1178 672 5271 8496 3038 4515 2116 9427 9282 5435 2637 8660 3738 7285 9611 4780 8521 5650 1782 5813 7078 1274 3142 774 1317 9608 4761 1545 7497 680 4643 8012 2196 2195 9304 5944 3373 2227 1942 6809 4195 1577 8627 6619 3411 8857 1891 4991 8822 2281 7935 4788 2448 260 3321 1206 8342 5514 1379 5976 6616 1539 4243 4305 1879 1572 7957 8467 788 9256 7962 5794 9884 4739 815 3180 3859 9265 7992 5325 3084 6156 8892 6327 8742 7803 9572 7525 4591 1862 2326 9947 8266 7776 5606 3267 3121 5791 2100 1757 1922 9400 5211
3940 6846 6767 3159 9220 4366 1983 4833 2080 2556 5035 7128 120 6306 7694 6410 4933 8929 1017 8066 2762 8608 827 7830 5261 9073 5659 4191 0 938 4487 5996 9758 3199 9033 2761 8998 8258 9178 5432 7546 1803 8623 3643 8858 6557 8818 9821 2654 3203 521 6114 113 7510 7797 5371 662 1597 3249 9618 8303 1220 2198 1429 3308 2398 8780 2540 5094 7001 4096 8741 3102 5132 6528 8340 5192 3284 8508 2667 8490 7428 9026 622 6603 2542 5276 3452 2886 135 3169 2891 3945 617 8442 1179 4680 242 8039 1409 4119 1077 6839 2267 3834 621 5167 4539 6382 757 1009 3122 6115 8314 4663 8221 8838 4560 214 4541 8737 1426 2838 7681 3297 46 154 3538 48 6674 3900 9914 548 6952 4842 6913 1967 5465 7564 7675 7797 5459 9624 5781 3580 7011 9502 363 9252 9735
4689 2904 7949 991 6312 1770 2872 749 5770 1949 3236 5923 2152 1214 3652 8693 3015 1227 1840 4309 3162 9908 5776 3576 1839 6399 8963 3889 938 0 7550 7110 9668 4252 5186 7066 179 7522 4039 5629 5686 7083 4936 4224 8277 9147 3727 6270 5778 4491 451 9526 728 2384 5310 4766 6150 989 6365 7637 9742 9117 2202 3700 9809 1949 7939 5373 8892 2708 2194 6738 4376 8444 7731 3376 4237 9944 5733 3929 1946 520 7994 9535 9099 7546 1565 528 324 6461 512 4723 3357 8775 924 9345 3073 6904 3338 3632 7036 2309 4930 436 9608 4369 9982 2713 5161 7006 7145 20 3547 3105 6675 3952 4193 915 5608 3169 3375 961 9367 6158 4197 5878 8253 6041 1399 6950 3676 1583 4715 4943 8036 7836 2736 541 6575 8719 8448 8037 6177 8492 1054 430 5383 7609 9059 6164
8945 1064 8552 9494 4801 339 9387 3236 6591 858 2667 765 3728 4369 1399 497 8207 6160 2871 9753 2380 5897 4867 6361 7339 2234 1739 7943 4487 7550 0 1621 4351 7122 1158 1326 849 2253 1680 6679 6517 8704 5864 394 6070 6441 6132 4707 4072 1419 4160 1207 2120 3140 5678 8192 6732 9029 9754 9876 2701 3181 9374 1742 2180 3503 6279 3622 2984 845 8072 7272 4855 8503 4287 5232 7144 878 8121 2522 4156 8292 3832 9283 5366 5584 7585 5040 2803 8064 7430 8697 5131 8942 2520 8622 2301 8046 6891 8253 9418 971 7355 989 469 8477 9008 5982 7657 7050 3938 6649 950 3915 6017 818 6812 2386 913 3260 1355 6833 3810 6822 2068 9196 1021 8819 6553 9594 5070 2863 3637 806 5550 9806 7877 5467 332 701 5747 4458 4951 538 2328 3166 2523 4008 8307 26
1595 6817 1212 5846 8009 9416 5627 8519 179 9046 838 2503 9724 9183 5205 9865 4796 5046 7936 8155 8392 9064 8652 9131 6518 607 9230 4579 5996 7110 1621 0 1851 6447 7289 8352 2492 1612 1771 466 1306 5192 6992 6185 9311 9219 5733 7649 512 1670 2928 7775 3458 7804 7922 3626 44 5110 8806 6084 9286 7678 5362 9867 5321 8147 9975 7593 2989 3775 8044 3942 4884 528 140 5956 679 654 9762 4013 8869 6325 154 6211 3505 3289 5513 9755 1912 4394 4340 1725 8966 2429 6838 8662 4736 360 5723 1493 785 1365 5536 468 2663 3259 856 1597 8372 6718 2968 6413 6982 7984 2969 2691 7558 9195 7649 476 2265 1082 5831 6527 4285 3912 5814 1646 9415 8117 3611 7022 9474 7833 5393 7774 6611 2022 2366 1108 4467 2788 2735 5929 2807 4258 9044 3716 8948 739
1158 2503 8475 5626 874 5461 5900 1288 2026 2915 2441 1519 4810 806 2862 8857 6913 4510 5820 6586 1012 8185 1326 4787 9299 1684 1914 9962 9758 9668 4351 1851 0 3753 4752 2899 8971 9801 3053 4592 4641 2195 5513 496 8834 7341 8261 4844 5516 730 3598 7775 2993 407 4256 9236 6396 592 3318 4977 9277 6949 942 1743 6136 1189 8037 8925 2468 2958 3827 6967 533 7630 3541 4108 8 5803 7525 7874 6894 7011 7667 5145 1488 827 7349 8499 7662 7953 7344 3818 3370 2861 5850 5357 8366 95 248 753 3449 8592 1320 4841 1048 4904 9885 922 4534 1306 8828 4721 8855 589 596 5471 6294 7496 8233 8952 1061 9943 4216 9965 1471 2332 3580 9376 9844 2899 8515 3530 506 1800 6368 245 1684 6950 5163 5079 7444 565 6556 9039 6064 8856 6507 4035 8330 3516
5110 3011 8986 2959 510 1716 7418 3725 8127 1879 5148 4479 2346 377 2736 1858 5249 3780 1681 5495 9320 7976 9039 9245 570 8600 8215 4293 3199 4252 7122 6447 3753 0 717 9895 5914 2755 6803 5396 6167 4756 6428 9348 8081 7956 7177 9868 7089 9220 8019 2577 5217 7533 3825 9771 8909 5243 1788 4513 9336 1327 8855 6150 2708 6715 3360 3208 9551 9252 8522 8591 831 8724 1639 2556 4693 1662 3657 3071 9234 5722 9851 9640 9292 4422 2743 4720 2247 2521 239 1451 1485 1082 8920 4471 1421 4251 5547 6289 1764 9104 8765 5977 2815 4701 7146 5650 7552 7382 5728 4644 8823 2309 6242 8687 9414 5128 7350 1560 9644 4798 9704 6696 7048 5143 2331 9421 8887 7869 7936 5289 860 9937 5473 9066 9190 1111 1098 8238 5147 3408 5683 168 2421 7355 9830 1844 7316 2506
3309 1910 2322 1196 8378 1892 213 3393 6248 8657 6314 6420 4185 184 6997 2832 3556 3290 2466 9448 2273 1854 7924 6786 6558 5703 9517 4 9033 5186 1158 7289 4752 717 0 4315 7357 6671 5095 7805 1469 2474 1322 1302 9850 9045 9864 6904 9479 708 7488 4913 9544 2222 7881 2851 6868 8623 2316 6250 1307 3481 5730 4036 7130 3741 3316 4991 3096 155 3110 9237 7452 9892 7685 1955 9554 1281 9485 553 2387 6827 2077 6914 443 9847 3107 3138 5578 3079 5648 6918 9330 9758 713 1089 8646 9060 3632 7383 4637 4463 7987 6220 6459 5741 4679 988 255 6482 4205 2116 8225 3813 7734 357 1294 1906 497 8209 1743 369 4734 7897 8144 8614 3653 5862 3172 3761 1910 1787 3984 6214 8358 433 8834 8362 9826 5477 8287 1046 9584 3328 755 8955 2845 8964 1684 8132
7388 3854 3280 6277 576 6323 3160 1652 8998 6780 5673 3381 8731 2551 359 2517 9034 3938 3707 9863 8906 8733 2368 326 5765 6018 9297 3247 2761 7066 1326 8352 2899 9895 4315 0 5969 5527 9110 6379 659 6958 4222 2950 5550 3759 2684 28 4608 5828 1580 5466 4279 474 1335 6103 7090 7653 5910 1466 7821 8376 1743 6274 8693 7989 9525 6507 1404 8621 9993 5302 823 6187 9587 2766 2306 9102 4258 1395 4803 6799 237 9929 7958 9653 524 3147 797 8413 4343 9151 8728 7831 6300 2680 3235 185 1786 3851 8850 9828 9944 9783 4252 8013 4398 2821 4221 5042 5621 7875 4057 402 9593 3446 2849 6119 9253 7850 8436 2467 4029 9518 7462 9079 3695 5112 4070 5608 4505 4465 7199 4392 9593 1310 5406 5551 892 5964 5176 6973 7278 6067 6554 2838 6632 7905 8741 700
8138 1488 3714 1725 5614 9489 440 1503 5431 782 1208 9859 8195 2146 931 4431 1271 9623 5360 2446 1791 8013 4937 3567 3410 9538 8710 1530 8998 179 849 2492 8971 5914 7357 5969 0 6984 5014 4417 2591 880 1155 833 8020 4389 1974 9349 540 5226 1730 3449 70 5403 5973 7452 9681 6442 8586 4668 6246 6292 8369 5512 962 7663 4177 6146 2709 7239 9289 7349 4474 9469 7737 3743 6403 5209 3527 2616 5236 102 3298 1667 8683 17 663 5245 4882 4324 3498 5948 8602 968 2201 51 1147 822 8122 1322 279 3237 6587 4044 586 9547 2841 8569 4303 9235 2056 4499 8490 8291 4753 2659 2459 2248 1953 1573 8645 2833 7620 1288 8246 4460 350 484 6575 4966 3182 8719 6449 898 3588 9312 5688 9603 2992 9068 2236 1878 942 7644 4028 452 7486 5756 8103 2061
4018 5664 7219 588 4620 8511 223 472 293 6617 5346 9883 3784 6239 9036 8455 1740 6198 2016 8032 1118 6090 9781 8612 727 4048 2084 585 8258 7522 2253 1612 9801 2755 6671 5527 6984 0 6437 3768 732 4394 7630 2466 1992 8288 2673 9644 6736 8802 7420 4854 5602 788 3554 865 1787 9295 6029 4117 2705 8263 4952 5074 9602 5987 3279 5236 2454 2540 7325 5662 6642 8625 1142 4383 888 1784 9446 6873 8448 7369 1433 7136 26 8210 4911 8676 3103 2122 3078 3165 942 925 5822 3935 8525 8471 332 4137 5052 3910 4174 7404 3565 69 4784 6596 6005 3095 9982 6116 1154 511 7188 6759 5905 1410 6318 4440 4910 5405 3213 7764 8739 305 9699 1486 4684 1782 78 6690 5346 3786 9034 9674 8655 7162 767 6340 8192 2322 9757 4191 7523 7231 7022 9739 6553 3757
4872 773 9145 8729 8256 7530 1400 7272 3342 4814 9559 9159 6604 6395 5892 9606 2646 4197 3422 862 5967 506 9811 52 1207 337 2670 5815 9178 4039 1680 1771 3053 6803 5095 9110 5014 6437 0 444 3870 4510 1718 3959 2518 1864 6508 3035 2241 2722 7388 6861 6639 4260 474 2770 3954 8218 8669 8079 7115 9970 9872 2724 5100 5709 5167 2446 5912 8726 6747 2411 6840 6120 8801 7113 8558 4188 8676 7867 7855 774 8173 8741 4463 8325 5852 9953 6604 5645 2159 2992 1182 2142 1332 5784 1304 7625 7422 2927 9750 4867 8611 1903 3038 9701 8472 2782 9365 1626 116 3253 2261 8400 6705 97 1938 9564 4021 4973 7996 5470 5595 6129 8791 542 9276 5061 4012 2739 3519 4454 9910 7946 4740 2248 6416 7103 8905 4815 9567 3339 3516 4966 3139 9432 8797 9599 8405 7593
2224 8841 8879 8741 8112 8600 5529 9693 5948 2178 8490 7292 5996 139 4267 692 8625 5281 3222 8026 9821 7035 5810 8431 9753 2177 801 7951 5432 5629 6679 466 4592 5396 7805 6379 4417 3768 444 0 1851 8068 7419 254 1932 4255 7406 226 3436 7326 9977 6513 2524 4135 1586 866 5288 1986 1132 8243 3943 9359 2729 50 2562 8122 2375 5007 8514 8894 3496 7097 3892 682 7597 6651 1427 7472 5715 8959 2858 4261 8799 430 8569 6710 6065 5003 5402 3725 185 5599 4012 3557 7667 2374 919 6310 2488 3767 4982 6678 7364 3826 4269 5295 4854 6975 6266 4376 868 6910 8187 9520 8033 1763 3850 6318 5296 8446 8132 473 2696 5585 5115 6384 9107 8527 6192 5637 2066 24 2555 3699 1688 7119 505 6508 7907 4202 7017 5332 6019 9043 4951 233 3460 4937 1031 4548
4476 6430 9329 7434 1272 6220 3569 2116 616 6496 6515 9522 7704 4948 1380 6794 3948 2062 3465 7545 7525 3322 4880 1219 1321 9894 9999 6138 7546 5686 6517 1306 4641 6167 1469 659 2591 732 3870 1851 0 7408 8354 187 8973 669 4708 9201 8487 9060 8931 4505 6119 6024 3037 2813 8590 8264 1854 5329 5374 5963 2179 9485 8391 9142 1075 4368 1204 4717 4198 8246 8626 8490 8429 5640 1037 3838 92 4816 5624 3395 5002 1801 3562 5856 1275 7772 4048 8849 6433 1147 7930 9018 2681 8556 8030 6542 7967 4079 5817 7348 1356 4657 5139 182 4845 8892 8924 9883 9634 5243 1953 9646 5220 4563 6751 5785 9234 2879 7027 5099 9617 8605 1466 5889 9357 729 7484 9935 7147 3932 2827 3242 3522 1459 3936 5815 2377 239 6896 36 1016 8858 9821 5133 7344 2046 2623 8774
5525 7577 339 7387 9676 1784 9409 6398 8604 7255 2765 4780 391 4100 542 788 8811 8463 2337 3118 9839 5071 5921 3144 9621 9891 7215 1673 1803 7083 8704 5192 2195 4756 2474 6958 880 4394 4510 8068 7408 0 782 3104 33 937 9699 8989 7915 5464 9549 2560 9620 9400 1881 6176 3924 6900 2432 8491 9122 2559 1754 2885 6762 8735 4700 5119 1999 2757 4956 4560 4611 4371 1085 5368 3817 7762 9948 7690 7451 29 8578 4145 4353 5596 4821 2651 4578 8490 782 5284 7940 5853 6843 2117 3384 4958 2967 791 1431 3250 7273 8638 8699 3585 8965 5187 9595 4266 7084 3994 6734 8789 29 47 9119 4930 2333 8460 390 4152 2378 8424 9351 1256 7906 4769 1518 3262 2290 7400 9988 8149 4709 76 609 2348 421 3462 4078 2226 1842 4545 5487 5419 9369 4921 1944 9474
1206 4135 3922 9962 2898 1324 5044 1471 3837 2399 835 484 4100 2437 5971 6325 3289 8092 2723 6580 6560 2755 5873 9491 8826 9244 1443 8275 8623 4936 5864 6992 5513 6428 1322 4222 1155 7630 1718 7419 8354 782 0 9113 7167 7479 9067 4968 1753 9178 8412 4579 5247 6282 6118 7381 4058 9658 7460 3121 8881 9885 7247 5855 9776 8701 6808 1972 746 6725 2182 300 6253 6739 2927 3912 4802 471 7876 2372 1984 4217 8720 3483 6907 6918 7816 708 4013 7241 6066 8060 5958 1810 2190 9106 6638 4141 5165 9148 9667 6394 7498 7871 8922 3964 9099 6816 6216 6126 7764 6257 1299 4334 9543 4534 216 4879 1329 8843 3571 5728 2643 7259 6944 9463 7765 4047 4778 5041 999 3004 6192 6883 9235 9244 810 5679 5434 2876 6627 3279 8574 4982 4830 8633 4927 5747 6845 2248
6249 2012 9961 9253 3473 1340 1227 8227 3670 9487 6739 7600 4218 7756 7311 9204 6528 2254 9780 5087 285 2272 5422 1510 4964 5062 6979 8157 3643 4224 394 6185 496 9348 1302 2950 833 2466 3959 254 187 3104 9113 0 9134 2143 8447 6556 8529 267 2868 9704 7350 2841 560 5753 4605 5076 8175 5647 4591 1558 6 3595 3772 7260 5451 3927 9538 5525 7286 1234 9856 1382 4497 2439 6282 7745 1296 9684 5718 371 310 308 392 1031 4228 6715 2228 542 7479 8367 2580 1284 6346 7013 9511 8146 9684 8116 4930 2434 1877 1491 8881 6944 3483 2036 5910 4809 6322 759 8644 8977 9575 2284 1317 1752 9903 5216 9717 6087 9565 7259 9344 9033 1588 3206 2516 1059 588 2946 1067 2108 6672 6234 6701 3382 7461 3072 334 7167 703 2971 9118 9130 5691 429 9811 8977
7832 2857 7183 9163 560 5999 8105 5055 3231 5192 3896 7352 208 6111 7314 5480 5998 78 9062 9606 121 4658 1587 5392 6644 8874 8160 1423 8858 8277 6070 9311 8834 8081 9850 5550 8020 1992 2518 1932 8973 33 7167 9134 0 8680 6671 9416 2464 4586 6592 687 7425 1928 3373 9768 6077 6719 8899 6008 667 688 7135 4665 2153 8453 5352 123 6145 140 8046 5392 5232 6189 3021 306 3417 6637 2915 6601 9267 6588 2354 3140 3724 891 1275 4901 7610 7167 9424 1283 2259 8329 8750 7817 4363 4694 3430 4806 8260 9946 7173 4604 6880 3401 4761 5899 1244 1362 6483 4657 4612 5484 2754 8023 1966 23 1237 5094 428 4533 4422 4488 1 7045 6270 1051 3992 761 3004 5917 207 4588 6518 1226 4094 9819 1208 3095 5315 2629 4477 2858 2484 7613 9609 50 7475 1150
76 5562 3550 5339 9836 9448 916 8016 6153 5336 2956 1741 442 9205 1790 5318 5120 6806 273 4625 9161 2166 9647 7637 9483 6766 5962 4297 6557 9147 6441 9219 7341 7956 9045 3759 4389 8288 1864 4255 669 937 7479 2143 8680 0 7646 8052 9112 3950 8634 2426 5798 6092 3372 2990 6408 3567 4811 6949 3731 7894 7646 153 502 8859 4811 3373 7700 450 7644 1193 3208 5352 115 6179 9693 8983 6614 9075 9852 980 4112 6748 4304 5909 3099 8345 5765 3738 2926 5004 3864 5977 5230 2007 8797 6598 1187 5038 8756 95 1659 9238 7520 2954 3561 3129 2956 611 8301 9501 1562 7375 5562 1839 2678 4551 6942 8895 6031 4325 6140 646 5338 4441 3865 8046 1089 4755 3094 9385 5198 6792 530 3354 3386 7893 125 2366 4992 8185 5871 1527 6569 6622 1975 9490 1156 2705
6112 2257 9405 8833 3346 5541 8716 881 9494 3797 2153 9796 8900 2014 8025 9628 450 356 7618 5329 3291 7099 7306 92 1668 7955 5312 2243 8818 3727 6132 5733 8261 7177 9864 2684 1974 2673 6508 7406 4708 9699 9067 8447 6671 7646 0 1779 859 8703 8635 4593 6659 553 2314 8114 5512 216 799 1180 9849 5281 6126 8676 1861 3717 1885 1148 9993 2239 1221 8703 1626 8635 3056 9931 2970 5590 445 2709 2469 963 9592 9169 7056 1884 1751 6188 371 778 1324 6123 8106 5267 1635 96 9300 2820 8023 5301 5712 7281 4893 1134 312 9022 2636 1282 1141 8912 7189 6028 3815 1654 9361 8889 5698 1882 625 6790 5140 15 668 4698 3971 8297 3300 1113 3392 8910 463 8227 5202 3051 370 3809 3948 2117 6567 9560 5289 5351 3741 9705 8963 1579 1001 5170 1863 8290
3745 3258 6192 2112 7248 3819 476 358 7305 9853 1720 5237 6817 7775 307 8711 7863 6817 3435 5117 7261 2210 9387 7469 6122 3465 5766 1178 9821 6270 4707 7649 4844 9868 6904 28 9349 9644 3035 226 9201 8989 4968 6556 9416 8052 1779 0 8248 3967 9244 8345 2056 2432 5957 9855 3413 1194 8540 6462 9825 6394 3243 1848 9687 6725 8361 9718 4584 1648 9718 9425 9030 8749 4007 5182 6502 3380 9600 5251 3695 2494 4082 9516 793 7893 6908 8903 6645 7677 8841 9396 8474 1745 2991 2690 8418 7540 2651 3090 9553 5700 6623 7807 6243 2966 792 3951 1377 1795 7764 2145 7992 9696 5270 871 4426 5930 8926 8934 4539 4353 1367 655 4148 3287 8267 7121 8224 1421 8663 7984 5873 8024 5764 2876 7321 519 3574 4014 1323 7711 1129 3086 5921 9041 1289 3494 2911 1327
106 595 8736 1070 7007 3900 8012 5486 9665 1369 8507 6445 890 9358 6166 9925 855 8860 1063 1108 6529 687 4944 1725 3479 6008 327 672 2654 5778 4072 512 5516 7089 9479 4608 540 6736 2241 3436 8487 7915 1753 8529 2464 9112 859 8248 0 7840 8464 2093 5984 7090 3908 4180 1949 8295 935 9431 1392 9399 3742 2928 5866 520 9248 7590 2131 9710 2760 6411 588 7689 264 750 8060 3346 9329 2018 519 6848 2156 4691 9846 6517 9693 4751 3892 5960 1718 1341 554 645 4873 78 4432 8845 7320 6158 8337 7586 5728 2507 9215 6168 4283 4550 8213 2610 6068 987 2430 9097 2645 9351 9840 127 6650 3703 3884 7072 877 3548 2251 8492 2091 7959 2756 4515 9183 3760 1067 9409 9751 3845 5374 5545 4793 6961 2079 2317 2017 2590 5038 346 4241 7979 1297 9145
9749 2696 1361 1990 1115 4569 5866 4421 8130 2869 3418 5946 2997 4801 9326 7953 490 7090 5110 4570 5781 1278 7040 9718 3430 6404 7812 5271 3203 4491 1419 1670 730 9220 708 5828 5226 8802 2722 7326 9060 5464 9178 267 4586 3950 8703 3967 7840 0 3852 334 2116 9544 6298 4877 3160 9312 134 2050 2180 2194 6387 9259 2845 8809 9395 1158 4925 1099 4650 7047 5758 944 3396 948 8196 6057 2941 3450 8947 3087 2347 8105 8578 6212 3898 1843 728 8177 2691 3437 3397 8914 6299 2582 2075 6271 1547 9181 3784 7627 1594 9695 142 179 7731 3084 286 3201 4146 666 8845 531 1911 8317 8958 4409 2113 6571 5723 805 8204 1035 4171 4123 6871 3731 5663 3052 2717 2952 8163 9475 4775 4146 3352 306 2614 3857 30 1507 5949 9540 1002 3375 3384 7393 5751 6799
7118 6312 4224 8645 2692 2697 1863 6737 1848 5188 2486 2553 2638 4731 1884 6888 2659 826 3489 5111 8291 1891 8137 8027 6504 2517 8708 8496 521 451 4160 2928 3598 8019 7488 1580 1730 7420 7388 9977 8931 9549 8412 2868 6592 8634 8635 9244 8464 3852 0 2043 3837 130 9826 9983 9991 2194 5826 6943 9158 7772 957 688 4359 906 3049 3217 3209 4476 8820 1297 6608 6333 3170 1630 3305 2518 9542 5246 4387 8662 6237 3743 6142 8880 5908 2682 9414 8655 2699 72 1352 1042 1571 4917 7091 3152 7951 9860 6976 3065 2419 4645 2545 4528 8753 1965 7974 830 9215 8662 3960 5989 3021 5170 8094 1762 9835 7770 3553 7029 4930 499 4983 8302 4215 5859 7623 7600 8709 5631 9251 9521 2961 6605 2191 7753 2338 3378 2509 2904 7712 4820 1159 9215 2238 2435 8614 5828
9025 8132 100 1563 6809 5155 148 9075 1559 4824 2192 2699 5967 506 6277 9426 7120 6718 9106 8842 6464 2682 5759 5580 2585 6274 1673 3038 6114 9526 1207 7775 7775 2577 4913 5466 3449 4854 6861 6513 4505 2560 4579 9704 687 2426 4593 8345 2093 334 2043 0 1149 7803 1149 4953 7430 7217 7633 309 4051 7398 7951 5337 2095 7932 9602 9581 3184 1154 2584 5584 6920 7097 5698 3390 5373 7680 9888 968 3999 3537 3467 2184 5171 5043 1423 7090 688 1292 515 1003 8052 537 9279 2621 5290 8322 1622 8064 8045 6826 6689 5321 9943 4728 4262 4445 4916 5941 3024 2147 5456 3256 6300 534 8136 4442 3581 2881 5343 2486 5659 9469 8955 5699 2042 6026 966 9670 8307 32 42 771 2305 78 1677 4155 40 6501 3676 1481 9248 3554 9872 8642 2989 5066 4663 1997
608 2578 2124 7629 4125 4975 1415 4474 7809 5327 4299 5644 6552 2013 539 2558 5178 1023 2458 1658 9766 8220 3611 8552 5207 7098 6631 4515 113 728 2120 3458 2993 5217 9544 4279 70 5602 6639 2524 6119 9620 5247 7350 7425 5798 6659 2056 5984 2116 3837 1149 0 888 3279 9001 7227 3470 2938 2685 5328 202 8996 6382 8015 1359 2804 284 8159 7159 3920 8773 3587 7448 7690 1549 8852 9365 9104 6988 9317 2747 9324 7931 9172 3463 9409 261 8403 6305 7414 7377 1511 2303 4781 1508 7605 4742 5897 8814 717 1653 8400 9592 9479 182 9711 7982 9439 215 5663 4448 6622 7295 4729 5906 5600 872 7187 3189 4801 3570 9081 7437 4156 1152 1521 5300 3879 8733 4789 1771 4891 3842 2363 4192 6405 8953 7826 9889 4526 3443 5186 5133 122 2765 323 6422 7946 4227
3729 7115 1039 6646 4930 6650 9555 1189 4095 2241 8992 4485 8942 9298 7120 5168 1837 9000 9534 1140 2286 1799 6230 6536 3924 3025 9729 2116 7510 2384 3140 7804 407 7533 2222 474 5403 788 4260 4135 6024 9400 6282 2841 1928 6092 553 2432 7090 9544 130 7803 888 0 6201 9468 6742 1612 6858 1025 8366 7896 4523 6995 6249 6501 5361 8249 1326 6640 6599 6838 2911 7520 1839 7210 2215 400 6928 7244 5100 286 5884 7551 7197 1748 6347 6640 3264 3565 1519 9501 9103 2143 53 4818 7432 1331 785 2327 9428 8484 9064 2524 5688 300 4731 8102 5277 205 3623 6822 8585 1634 5314 8694 676 4715 5863 6460 4775 9866 3254 8399 9128 817 4237 258 3278 8400 4266 6193 2499 6823 2631 7649 621 7087 9041 3444 8624 9310 4134 584 806 1833 2577 2817 8084 9274
