300
0 1654 7306 9196 9625 7429 9226 3832 8409 1638 7915 3549 579 4338 4712 5763 8194 7346 1758 6762 3590 6777 7377 1449 4928 2891 8251 580 8184 4369 4975 597 4929 1726 5153 2423 1280 4970 272 1826 6531 2175 209 8825 1063 384 445 4568 3117 9046 7926 942 6994 5203 6470 5772 8308 9828 6397 3412 7869 6944 2722 2054 7914 5142 9179 6228 9739 3348 5530 8469 9886 1029 6913 5309 696 7927 7943 7012 1560 6907 9028 6174 7829 5935 9759 2579 6089 5452 1942 3308 6467 4262 9388 3408 9666 6199 1848 4788 5402 8120 9698 5440 5089 1084 3831 5824 5341 505 2086 1398 3239 6647 2789 2589 665 2835 4458 1744 5228 6064 4769 5783 2530 8464 7779 6768 3823 9985 8121 3244 4458 6267 1935 8603 6872 3069 318 5575 3500 5529 2004 4431 1519 4238 1604 8766 4612 7301 7791 5764 6825 865 6331 7039 7841 5744 2294 3092 5607 9819 5490 5477 2188 1850 2808 4027 6579 1394 1372 2875 4414 6164 9165 9453 8394 9642 1981 1558 8001 7427 545 4146 4444 7009 580 1011 6681 9462 8111 5072 1715 6420 6265 3731 5029 7690 2904 4446 8514 489 6972 7074 9206 8357 5347 1145 1032 2490 4681 8788 2206 1209 4892 1923 2538 6193 4302 5671 7530 695 5053 8933 6751 2034 4208 6338 7714 5779 2285 5816 1137 7314 5784 2026 9077 9577 1126 2829 2052 9816 88 9600 361 9355 7571 757 8037 4249 2317 5104 3072 363 4358 9847 298 9675 8532 1274 9719 3186 4305 8670 7593 7072 8847 5319 981 3288 6325 2191 3917 9945 570 5904 1377 8815 950 957 678 2528 7694 2839 9602 9126 5757 3931 8924 5051 8460 2395 3417 9199 5663 3395 3413 9428 2641 7614
1654 0 4525 6939 8781 1665 4133 4672 9139 6787 7556 6989 9676 7582 9657 168 4143 9727 5229 9254 7945 6605 9065 2938 195 8861 6154 2970 6127 5022 2302 8042 559 6651 5640 2070 6214 6455 8868 7923 8559 2563 7592 5018 4951 1634 2581 5948 6537 8612 1921 7003 9400 9772 5360 4614 617 9101 3876 8108 7618 4674 2971 5193 6596 5304 6564 2389 230 4202 6214 4445 5342 182 6911 9300 3810 8404 7144 5146 3136 2248 5018 209 1152 3106 7188 960 6943 1919 1475 4822 8561 7762 2274 9060 3502 4656 1984 4343 5520 3193 3206 504 609 9403 6362 7240 9986 5845 2772 3803 2389 8915 3207 8584 2746 8889 3580 9179 4480 9496 3594 4868 531 4277 6212 6243 2957 6596 1384 6188 2012 1936 4261 5632 5235 698 3989 3037 4789 4157 7189 4748 105 6713 1521 6494 2155 9880 1270 8916 8887 1105 4806 5318 4740 831 1179 8309 4584 2660 2816 7737 7969 5630 4504 3350 546 2188 272 3792 2905 3147 4287 2079 8864 8395 1664 5120 7923 4746 3818 1011 4168 8283 6401 4647 234 729 3078 6966 6117 7796 1295 3760 913 3372 9216 7022 3518 8809 6701 2662 3546 7792 6030 3229 5563 3591 8001 9420 6709 6879 5550 5108 2750 3090 8819 9506 8853 5829 8937 1920 2608 7842 5089 4252 7392 6894 3996 9233 5168 2221 8300 5264 429 6181 9230 4328 6117 9942 3116 8964 4323 8949 5513 5696 7542 4429 111 8654 122 707 8114 9261 3313 6271 6339 2375 9973 3176 8414 8215 8381 390 2275 3608 931 9842 9784 1106 7969 8463 433 2323 9432 5844 1188 2959 9046 473 5354 6664 3054 7871 3982 3360 6003 9104 7084 5626 8689 8777 5852 260 4270 8009 513 304
7306 4525 0 919 9914 4233 3820 4920 6066 6101 5577 1529 7150 2486 679 9195 7807 3657 8891 8047 8210 4826 8780 4347 1551 7426 1709 6396 1153 2401 6841 8897 1133 9589 2245 1687 9851 85 2478 733 9078 2249 7557 1614 1939 1495 1255 946 6086 3726 8076 1967 1924 2471 3203 9587 3094 7081 2375 2027 3653 7338 3746 9004 9876 9111 718 3488 2886 1071 438 5838 1839 7214 9682 1857 1962 5154 7017 3998 8038 9441 8094 9652 7408 4178 2841 4187 191 5861 4207 563 7837 304 8387 3160 1460 1635 8180 9211 3886 280 6540 4767 1639 7503 1772 9908 8500 8193 436 5 5887 2646 3854 8646 6085 1864 4392 5557 7974 7449 311 8500 1316 8133 8427 255 5525 3722 9508 9267 5167 596 9219 7254 505 9205 7301 6591 9807 5324 1146 1389 5716 7738 3884 6156 1994 3769 2395 8765 1034 8294 7893 6106 1940 7322 6289 3310 699 7537 6207 6820 5046 436 8513 6345 7500 6176 1349 966 3816 1031 9433 6826 2558 7500 6753 7759 8584 8939 7905 7440 6580 6206 2999 8472 9162 8039 4250 5760 5449 9696 8454 2145 7755 1310 3374 9132 6218 618 7700 6888 2718 1970 6548 6930 2128 5601 4887 3704 5928 5200 4522 7523 1574 9556 3879 957 9162 9952 1191 7976 4613 7908 9597 6570 1077 7146 6644 5753 6172 9225 2224 3054 8426 5122 4069 7780 6417 7910 9568 6083 7131 1296 7322 7552 3249 1015 7864 3106 8651 1435 832 9703 5391 5098 7802 7312 913 7630 2416 143 6854 6134 999 122 1442 1500 4937 7274 8429 9735 5200 7561 3652 3351 8108 3345 7525 9529 168 9123 7500 9950 9990 3609 4735 8862 3770 2575 2996 4285 7953 6790 4801 2072 1800 5991
9196 6939 919 0 2179 6828 1878 8396 8649 1915 5268 1605 7609 9379 4006 2879 7807 1806 2937 4543 2965 4193 7121 756 212 3140 3338 9403 6058 9431 2642 8818 643 8483 1967 3400 4046 7192 1885 8898 5977 2585 6600 476 1911 6556 2447 8299 7245 192 3276 5379 1133 3415 4826 2456 9788 6023 977 4269 2574 8358 4 7614 3880 1879 3026 319 7968 5253 763 9158 3411 4792 1664 435 2452 8247 1324 1591 2717 9978 6284 3203 4415 4832 3092 6037 2222 3623 996 4863 8316 4453 1057 7946 2228 7025 7831 5878 3409 4265 6940 7629 9447 9827 7127 6189 1913 1543 2481 7868 9718 2234 963 8545 6340 1114 1873 2772 7949 3180 4000 3521 6040 3160 2190 8851 7671 6929 6747 7108 7290 1977 7276 1923 4346 1010 3649 2232 2362 2810 317 8599 2250 8007 4544 7324 4668 7433 8831 8065 6230 9617 3744 1341 1455 2991 2180 5210 6756 9544 891 5098 2734 9826 9892 3087 4223 9549 4566 6322 2947 7568 7663 8775 7303 1289 2037 1329 345 5819 1590 4896 3493 7555 4239 4676 6677 8249 8354 941 8603 172 8267 4312 2611 1725 6786 7209 3660 7344 7510 6655 3961 7251 2118 8865 7736 2937 3478 2476 513 355 7182 5477 2157 7861 1699 7922 5566 8029 2238 3525 4750 6960 488 4417 1153 7905 9689 3081 9269 1487 3713 1545 8536 5412 4611 1910 3253 4877 4255 4418 5034 5527 2010 825 7855 5195 5365 67 4318 1939 1737 9499 6128 7245 4217 1411 5616 6451 4032 7863 3640 2758 2515 4177 7582 5497 5762 9187 9639 5008 5125 2415 3117 6428 9242 913 7551 9273 4216 1628 793 5744 2040 8586 4588 3580 9946 9277 7783 7484 5081 6113 7562 8432 88 9751
9625 8781 9914 2179 0 2469 3139 5984 1157 7846 8963 2714 3940 4195 8993 5490 9691 4601 7279 1243 7654 9289 4733 3209 2735 4450 9362 6752 3729 1694 490 1601 8142 656 725 3903 4168 7503 2924 5982 9222 3004 3383 176 6232 1243 3309 7334 6880 2978 4744 340 800 910 4781 7291 5303 2619 9245 7023 3801 379 7950 4197 4323 5107 3830 9048 6859 8052 9172 2232 4731 2251 1769 1838 9062 4876 9988 7873 7556 3462 8494 7612 9869 3557 7663 9679 3819 8287 2987 6705 8154 7882 4381 8390 8393 9178 8495 4391 4206 1144 522 3922 4303 5450 513 9847 163 7270 5024 5695 8543 5659 3640 7029 4428 2085 2038 9136 612 2908 3967 2029 7195 723 4082 6854 40 6629 4888 4445 6842 9607 4084 243 4531 196 6847 7517 1262 341 2514 4192 1420 3408 4041 1637 7204 9598 2307 3735 7435 1581 1808 2716 59 6897 4906 9829 307 1735 8766 3817 9564 2352 6389 1249 8908 3023 5162 650 1334 7270 1211 7229 7292 2514 5740 7440 9213 5330 9594 1913 967 4365 4882 6566 4517 3789 2683 6263 6088 3729 9976 4514 208 7367 3908 3886 6321 7713 6490 5284 9721 3706 282 3670 1140 3857 4762 2050 2188 3821 235 5140 579 2593 4874 1389 7538 612 5695 2914 7771 7298 840 1907 7199 9230 9664 2815 1546 2985 1753 2086 7929 9520 1288 5401 6246 5442 8884 8701 2097 25 2301 3835 1710 3936 2046 5060 3892 8593 9625 8682 2787 79 9793 461 7649 6927 6204 3174 2868 9478 9282 8032 941 5266 2223 5494 1289 1604 769 6444 3622 7026 3197 2734 2188 741 5177 3587 3694 4561 1836 432 1393 7844 9186 3487 428 4839 489 3095 4998 485 2349 1820
7429 1665 4233 6828 2469 0 4070 1066 985 4805 8466 1709 9063 8065 5565 3969 3847 344 7137 186 8937 7548 8158 4674 5098 5783 5304 3546 1737 1071 9704 12 1852 7541 488 6306 2543 1543 696 4780 645 3238 8203 2652 5784 5254 7641 6661 790 1793 31 6676 3076 6086 8669 4686 4886 3514 2163 7793 2416 6783 2021 718 8933 6984 2859 695 8866 1034 1945 3021 2637 2214 2693 7673 2604 30 9385 6596 7726 1898 8308 4797 6623 8463 1527 3840 6519 7677 6960 4315 2655 5899 6913 7752 9036 772 7078 2864 4701 3546 9884 6141 822 3630 4500 665 2561 2601 7258 5933 9945 1097 2819 202 9646 7193 9954 2311 4640 778 4853 2348 3213 9577 5380 1046 9993 1885 2596 3756 9970 1298 6847 1338 1439 1290 6495 2397 668 8352 163 4069 9559 7684 3731 6120 2518 9533 6530 3558 8536 4571 2373 3508 8237 9738 5579 2498 9074 2807 5234 3511 4754 242 3546 8764 4418 904 7251 8360 5775 5382 9475 6964 4513 8075 3947 2701 8702 8529 7529 9001 3686 493 1181 3230 6392 2594 665 7871 175 7633 8297 8974 8747 2387 8120 3617 2150 3328 8555 991 7224 5177 8070 9745 7722 1254 1327 8525 2662 4150 9743 6962 5249 3705 8508 5709 665 2943 1079 3717 865 1707 7807 2998 3057 779 7764 5763 1452 9696 7474 1724 8479 9139 6258 8912 8597 331 2736 5551 3642 1331 3464 6139 6232 7678 7831 9523 2780 118 3090 4257 1884 7056 6340 6646 3280 3262 6744 7284 5861 9102 7716 3608 2927 6405 6928 217 1308 5984 8920 9096 4809 912 1091 1749 1211 9085 8952 8791 9215 3892 7028 3202 7155 389 2619 5589 5293 593 1412 8453 4090 642 3842 9253
9226 4133 3820 1878 3139 4070 0 9882 1850 2289 9476 788 7039 8072 667 3123 3513 4799 6732 3939 8915 291 3371 3500 6613 7230 9637 3727 465 6658 2425 436 7188 9283 5083 1183 8951 3475 3529 684 8121 623 7081 2030 4597 6292 698 7524 3092 1679 770 5303 110 389 8266 4479 7988 9482 641 9492 1379 2299 7302 4905 7087 6807 3921 3978 3574 7300 6983 166 6640 2064 9037 684 5706 6222 9011 1635 8516 5158 5362 6578 2802 6851 2634 364 1897 1364 850 2551 3063 3497 2491 2941 3070 7961 1311 3303 5900 5088 1527 9074 7053 7438 6235 1008 3785 5843 5297 524 5798 9411 668 9384 8037 7034 9828 7877 7264 9328 2818 9759 5579 223 7960 6250 5986 7699 318 1349 2146 8729 2303 7043 6910 8218 4697 7610 9255 646 8356 9972 8093 5404 9954 9922 9098 2 2423 7962 2709 5939 5480 7379 3467 6187 434 668 2212 270 6210 911 2829 7359 8098 6330 891 7865 8198 8043 1386 9212 1501 4031 6003 3722 3408 7352 3251 4436 4252 5079 5963 3879 4400 5829 9292 5476 4219 1833 2204 9208 3747 712 2142 4523 7601 6718 933 1922 5383 2856 6568 108 2882 7578 9914 4016 3419 9020 5988 4941 7729 6274 6899 9468 6684 4158 6172 4947 9027 4417 1823 4569 4554 744 8975 9521 9242 2191 5466 2619 9254 4896 4529 6133 1773 950 3734 3113 4081 245 1078 7538 4646 1992 22 3674 746 4939 3287 2983 1994 3980 7123 4868 2248 4755 5234 3670 1566 7000 9358 8387 867 9330 7254 5235 5192 3819 366 6302 9153 4991 3232 7231 2742 2281 3462 6417 5030 4334 7728 7937 1435 9753 4171 3822 8222 8472 9515 3785 4976 5904 1776 1152 3045 6765
3832 4672 4920 8396 5984 1066 9882 0 5231 2643 727 8794 4625 8326 6960 6309 9517 9075 1510 1264 4896 2013 5442 3834 4457 146 5991 9843 4991 3665 4007 474 1754 661 6586 3450 8807 5516 7422 8072 727 5939 9839 3619 2140 4272 4094 6942 9531 4752 1468 1823 898 4958 4651 345 2821 5623 5989 749 2234 8171 8261 2253 5439 3882 968 8021 9885 8361 8437 8981 4151 488 8675 3877 6751 9340 2928 5665 8203 3153 4259 1629 8777 2437 4589 5247 1885 6535 4024 2178 100 9726 9566 1079 1704 3543 8634 9983 3258 8430 3766 2258 5660 8084 8822 5778 9714 9441 7297 8148 791 1390 3710 3646 7429 8866 3615 9693 603 6173 8959 4263 9889 7056 5732 8413 6628 9681 5479 9296 3636 7420 8592 9590 1930 2751 5024 5576 9886 8317 9503 5090 2865 5052 1177 9830 4794 242 5800 6984 784 6299 5149 237 137 9537 3106 5464 4222 1322 9174 7982 4541 9821 1958 8813 3771 9560 3524 5825 8000 9685 8433 7705 2397 9335 389 9122 2112 2179 2466 5446 7313 6158 1017 4147 3331 9178 1995 9566 1490 2317 5506 7580 4682 1710 1080 6716 7511 853 2717 8937 2486 2250 5106 6391 4860 1903 2626 8738 3093 8524 6222 3166 1666 1461 2766 7395 950 3662 3972 9035 4482 6481 445 385 557 7610 7504 4992 6780 7762 6979 440 5246 1644 959 6474 7238 7505 4315 8696 3735 5433 5027 3659 6210 4576 3152 3196 9378 8813 3945 557 5974 1044 4171 8415 6117 9559 9922 1780 4185 9271 9469 7579 7973 6159 7123 6982 4588 7023 1386 9495 7013 788 7111 7989 5213 1477 5769 2685 4886 8945 8667 8123 3942 9240 4071 602 7602 355 2019 3236 6066 7364 4367 3916
8409 9139 6066 8649 1157 985 1850 5231 0 489 4695 827 1254 3443 3338 9816 2972 9780 7577 7984 6920 1114 8749 9753 5239 642 6698 5630 6284 7527 2887 9382 5925 1243 9769 6387 7441 4394 7444 176 9764 3234 2165 3688 568 3951 5019 7410 3058 8076 4204 4887 4259 9577 5048 3494 5561 3823 706 1228 7319 400 1675 3505 9253 8140 643 3276 348 5216 8448 1371 8064 859 9415 296 8980 5141 2553 7207 6202 2875 3175 7311 1187 4259 9691 5495 8275 8149 3349 7417 2834 3878 8813 7015 1457 8728 6082 5039 5886 8667 1631 882 9374 6733 7275 1567 269 6692 8607 8631 8754 3874 603 884 8195 3534 2513 2844 8615 3007 4982 5491 2816 4956 252 5095 7934 2860 159 5412 9040 372 6729 9153 3467 1752 7391 2791 6608 6505 3084 9941 8381 8717 3935 540 7322 7474 8321 940 3221 3726 9456 2828 687 692 6179 7795 3006 1559 4091 1128 8590 4354 3455 2214 4526 2412 5123 1175 6030 8045 3325 8136 7602 6610 6861 7083 6414 6891 6792 6657 1179 7471 806 2686 9878 10000 8534 9199 900 8967 3763 6860 2501 1790 5809 4940 419 5073 3847 8931 1041 4224 1855 9280 6400 8618 5127 9897 6141 5206 9373 395 2515 326 1533 3922 440 1236 7197 4388 5742 7758 8181 2646 2887 1875 8939 9816 6848 8987 4457 6847 5691 6841 7986 6130 9773 6901 3945 7077 3290 8431 1044 746 9548 9943 62 849 1732 5864 452 8678 8475 8752 7625 2722 8737 9592 8537 6707 7831 8530 2143 8661 8845 8149 8113 9780 5808 1343 3187 1387 8954 734 8678 23 5298 5177 8766 5673 1958 9419 9456 8696 250 6018 4291 4292 759 9427 2292 2418 770 2555 4064 7183
1638 6787 6101 1915 7846 4805 2289 2643 489 0 6457 799 3240 9552 26 7465 6453 1197 8923 3752 2651 2667 9166 3564 2355 6608 1113 2375 243 7067 3227 8495 5305 6183 9739 9619 5564 3140 9374 24 2924 7657 7647 8432 8805 2486 7403 2326 4733 5595 9711 2976 2525 2316 9452 1973 7198 6547 8552 2658 95 8826 5278 5024 3169 2571 4760 4267 7495 2740 2134 5934 9696 8194 5004 1532 4391 3624 9578 2338 4491 8470 9205 3923 9988 9838 9789 4170 4218 3506 4682 9013 273 9441 2793 8058 8411 4279 1638 6048 2382 8073 7735 7398 7411 9668 9073 9498 9257 5814 2700 3299 2231 147 7141 8409 166 6895 3945 6089 9404 3391 4255 9083 8771 4261 8160 4424 5738 1587 9280 750 1109 6307 1167 4450 5641 7503 8811 5897 8104 390 7791 663 7198 1281 3450 8425 9273 5276 5684 5472 5645 2485 7261 10 368 8395 9688 822 1636 351 203 523 3533 5335 418 9482 8543 7144 1209 7183 9452 2637 6045 5590 4960 750 5053 1787 380 1026 8177 6701 6509 8430 413 2306 3652 8245 4054 6380 9129 4481 8515 3391 3436 4374 117 9442 4431 4193 5474 448 7666 9130 4463 8718 3796 2240 3218 3790 5174 4841 8668 4972 7885 2992 1451 2636 3838 3761 6924 4122 9104 9186 4490 1966 4141 8691 3729 8801 6609 8221 9991 8129 4633 4159 5345 7013 7603 5104 5777 5492 4924 9958 5259 2601 4722 435 527 9021 7241 9711 3696 7532 9478 4998 3553 1784 1927 4850 605 8416 2340 5195 7869 3545 2001 1419 3567 9196 2786 5786 7036 4725 4185 6062 3307 5088 5634 7278 3357 5057 8346 5012 654 845 7865 150 157 7203 794 3461 5246 6154 7327 9082 6324 616
7915 7556 5577 5268 8963 8466 9476 727 4695 6457 0 7295 6003 5818 4651 1460 2924 3881 2617 6984 8857 1262 9123 2101 5087 9575 7062 1711 4874 8483 35 8858 7854 2068 3821 2018 7933 8014 6181 609 3759 3201 3502 5298 3143 2763 3419 5970 1581 5845 4041 1242 182 3531 8537 6018 3945 3553 7186 4400 7584 929 2125 2543 7330 2917 6268 694 2958 460 597 255 7371 733 4278 2731 430 5527 2404 2774 1096 3640 8091 5731 4309 2901 564 3906 4750 7177 3175 3669 4495 2626 1700 6188 4275 5365 3198 4497 1346 505 3320 2279 4210 8862 5865 6364 8357 8836 119 3928 5500 4202 756 4784 7205 1878 5395 6516 8030 703 5137 4848 6481 3828 4181 8992 7641 7406 5338 3424 5332 171 3418 5110 7378 7778 9685 7698 6934 1925 7431 998 9982 6968 3534 3401 9194 4779 3165 9139 1992 2530 7961 5581 9962 6475 3208 1744 2044 8123 5349 5528 5156 5109 5108 3377 1946 7453 8001 7979 9653 1055 7106 8906 696 9660 5916 5166 2367 2384 2747 2615 2679 5433 9095 3386 8964 6403 6058 2053 2636 6056 5086 9727 4986 9350 4149 3660 6620 4737 9862 7459 4826 2779 1449 9050 7589 4128 2801 6441 6478 4474 189 5872 4862 2994 9754 1390 9282 1115 3855 6209 4609 7806 4158 5665 4957 3512 2846 2646 5064 7512 4353 1101 8457 6168 1350 2002 4020 1138 9868 2108 6245 1800 4046 6086 3014 7926 1703 50 9090 9733 6320 9150 750 8707 1558 3177 1052 814 3846 6649 1190 4311 6348 7179 4317 9542 3120 3984 7353 8385 3271 3563 3652 7797 3552 6734 656 8317 6374 7173 8026 3840 4063 4670 9776 9151 1222 4444 1273 3494 1755 1218 9457 6042 4535 2888
3549 6989 1529 1605 2714 1709 788 8794 827 799 7295 0 6515 2862 7498 3977 6276 2048 991 5496 9966 5211 6268 8787 8307 778 2081 3115 4036 2013 6008 4071 6532 3596 9188 606 9430 7846 3611 3038 5127 7827 7683 6794 1273 7087 7886 7391 3751 5426 763 9927 8653 9785 3660 766 9602 4624 8631 9363 5361 9988 1779 5855 1854 9189 6799 9069 7722 9175 8548 1021 1473 8914 3539 2597 4384 8233 2926 7399 6902 1247 3342 6031 6458 7272 47 8596 88 1947 3175 51 1018 9403 9307 3142 9324 4269 486 2397 7686 6173 7947 7765 2516 8462 2272 8932 4911 5713 2867 7116 1931 5890 3137 6531 7615 2289 3827 3459 9450 1463 937 6462 529 976 8526 8973 9676 2232 4330 681 725 8442 5612 6242 1210 4198 8021 1575 6719 5701 6907 3215 6024 4583 9981 1815 4927 6675 1167 5992 4197 433 4155 4562 683 9282 8994 9964 3290 2405 3205 3092 1709 3784 775 1691 2268 9487 1053 2327 6800 7081 2896 8343 2387 7007 3413 583 4442 728 7582 9840 1048 4376 6466 7664 3580 2832 9923 5953 9398 3433 5863 5831 7821 1194 988 869 553 1866 6881 6549 7135 6666 1370 1305 8116 1185 8659 5557 2016 6309 3036 7358 6498 4457 8656 2415 7245 2950 9791 7157 6539 5229 3602 803 93 5327 2213 4423 3845 1892 9132 7071 483 9316 8623 4558 7645 1404 1409 2956 7495 4156 3954 6281 697 5711 6898 7115 3884 4580 1459 824 4942 1507 1139 9488 7849 681 2285 4994 2915 3018 4569 612 9821 5652 5820 1729 9679 8231 2271 2040 7029 2938 1353 3370 1718 6382 974 2836 6552 6942 4390 1138 3705 8149 4372 215 1519 8619 6967 3447 9698 3763 7639 1140
579 9676 7150 7609 3940 9063 7039 4625 1254 3240 6003 6515 0 4009 8525 2040 6385 4999 6815 8460 8940 2873 8897 9378 3654 6265 4657 2850 221 7509 23 551 3559 9103 6668 3 9748 2603 2784 1721 5286 9350 5533 3371 475 4485 9786 3376 2341 3390 3630 6770 1768 201 1450 377 5271 2716 6608 4193 5758 6748 7602 2775 7583 6698 3934 9444 4091 9901 8723 7331 135 6948 5391 9207 9165 4984 3465 8399 2716 9038 6416 5610 8678 9018 9765 8864 453 8285 5521 1393 9539 7786 1823 7388 4620 1372 5368 9215 7069 9829 9249 6545 8901 9198 7168 9001 7769 3136 6104 9519 3378 2437 1885 6344 582 8594 228 6906 1467 508 2003 1766 5550 3383 8696 6621 1414 3028 6803 2128 6387 1273 4794 6661 8127 8730 325 5118 2428 2957 5705 5171 2228 9960 2377 6603 4513 7110 4529 949 7344 8890 1895 5736 2476 4957 4163 9303 732 6874 7276 3128 9457 5623 6359 597 4305 7853 9894 7180 1282 7141 572 6682 9565 4413 5383 4686 4630 4057 4388 1509 4969 76 9083 3801 2835 8740 1627 2784 2270 101 3351 9029 3063 8348 9110 5161 2131 8171 8957 3445 9363 51 6460 8547 7458 5028 151 6109 7035 9127 272 4720 5324 2135 5684 3643 7961 524 6372 9168 6904 5289 4040 1508 4951 5137 9124 9075 3110 8372 2171 5361 3762 1133 2372 5595 290 9520 6203 7952 6947 4046 6441 682 2416 5474 8759 6414 4507 7346 6127 6961 1766 6813 2862 8172 5606 6846 6461 1917 6588 4386 741 3826 6329 7939 6880 2831 409 1338 8006 9289 5556 7055 9369 5968 2576 853 516 4499 6060 4531 1186 115 3908 7112 8058 8752 4024 6799 2830 7119 7413 2745 202 174
4338 7582 2486 9379 4195 8065 8072 8326 3443 9552 5818 2862 4009 0 5389 2662 8517 867 7515 9828 7614 4696 3967 9920 3085 4284 2307 406 9982 2597 7199 7504 7271 3686 1510 6855 5223 7469 1715 9045 2837 7237 4905 575 7069 6520 1398 80 8260 7257 1736 892 7627 1541 2485 4384 9450 5364 8677 4450 1475 2884 9783 7599 5468 1382 3936 5776 3609 2053 5010 6980 2646 9790 8085 6860 8856 1851 7462 5979 292 7404 3717 1183 9938 317 3042 41 8946 1161 7587 9331 5555 8731 2860 9140 1538 2784 1061 4068 6294 9315 1891 7035 9738 7042 1832 3710 5480 1750 7401 1536 3390 7186 3630 2435 1197 6100 6490 120 2497 5887 667 8075 3629 6223 7804 4288 8657 4204 238 1970 8989 1915 4831 8750 9869 69 2753 4724 3818 7739 718 414 7235 4363 8767 6668 5684 2783 253 1341 3365 2026 404 5668 7712 835 1798 9314 7172 4129 1610 6870 2843 5644 3072 2976 8158 1836 4194 8390 6671 3932 7581 4698 7629 4114 1792 6893 9889 2141 1897 8276 7418 7360 4312 9487 764 2216 909 1004 2368 5040 3694 5139 3364 3748 4657 2458 8231 1718 7133 1319 8523 7642 3183 4375 2948 8962 9720 7071 799 7066 5353 5838 3287 6376 2102 3098 2904 2522 5330 7029 7962 850 1610 2785 6464 6543 5435 8219 6220 5784 8287 8506 8332 9920 3483 5785 7772 4599 4963 6614 9075 7346 6967 7863 4644 7078 4332 8242 3100 3240 7780 631 7781 5135 6038 525 6327 2197 8929 3254 991 2944 6202 8060 392 3984 1278 7516 9238 5749 7895 4273 863 7850 6742 6340 6859 5329 1245 575 4779 4 1986 9638 7642 7025 7794 5344 6039 5457 7743 6973 737 1537 4425 441
4712 9657 679 4006 8993 5565 667 6960 3338 26 4651 7498 8525 5389 0 7500 2186 3138 3342 1972 2842 2295 388 4814 2073 193 2899 5779 3762 2594 7069 1526 1185 725 855 7110 9540 8917 1748 9326 7968 9647 3178 3713 9454 5558 9866 3223 3388 681 4616 4999 2461 4735 7571 8699 1517 46 3529 6286 2018 5099 2194 2753 1162 1992 6501 9438 5934 3231 6549 4552 4360 9612 726 23 3732 4171 2687 5494 6556 9447 6837 1485 8481 8465 2896 9117 1403 7337 5134 8026 6193 3502 5103 69 8118 8495 1662 9044 5546 611 7668 3297 742 7087 6084 2440 6346 9296 9169 6424 2100 2368 847 8602 2146 7931 8825 6729 4865 1762 3269 6460 4501 6064 3381 7595 1473 5550 6635 4127 7949 1554 2827 1683 4384 751 9785 114 7304 9060 3754 6195 8524 5886 5901 2816 2133 4878 4931 5521 9741 8217 2179 2902 9426 5452 3139 2119 7518 2225 3532 1390 998 1570 645 2978 1260 9706 4217 8253 2085 7851 9602 9968 9489 5980 8791 8285 4014 4694 4950 3 9237 2347 3380 8348 7026 8521 2995 3407 8416 3011 4078 9509 3585 2392 9714 612 6791 9981 1262 1931 2900 9161 4733 3940 6688 9065 8950 9216 3633 4001 2223 9393 3009 16 6602 1626 3073 3608 1101 1875 2634 2997 9953 1238 9591 1991 3209 560 2540 6317 9530 279 6631 8412 8476 4139 8290 8267 1508 179 323 9997 2401 6014 2075 2971 5721 5804 2794 5400 2931 3161 4628 1667 7325 9318 4780 1680 1318 7368 2426 404 5036 1918 7272 750 8545 6609 5385 4552 7849 4821 6379 4751 6301 7594 9864 6263 6733 9404 2988 493 5418 6064 7949 6784 7203 409 6042 5330 4988 923 1147 7377 3296 9189
5763 168 9195 2879 5490 3969 3123 6309 9816 7465 1460 3977 2040 2662 7500 0 9988 1599 2965 3372 9139 3956 3683 528 7722 1665 6299 4464 3289 6886 280 8167 4306 9911 1183 4165 9545 6677 289 8933 7809 4456 6265 4095 4262 8690 6498 3683 2687 1753 6537 6015 1237 7797 1135 737 8306 7778 9043 9117 5090 1629 2211 8150 9753 2599 8702 6622 5119 4448 9569 5951 2089 7937 1747 1127 3115 5125 877 9794 4994 6866 8402 3785 3013 2645 1909 96 9275 587 8625 9762 8832 4492 9803 6676 1360 2334 7653 8971 3401 9574 8898 6720 2983 3401 2763 811 8737 9064 2708 513 6139 6818 7063 86 2302 3569 3784 9737 7481 5450 9493 1873 3860 3325 4751 1783 699 6867 7749 2626 909 7097 5823 7325 8666 6847 6612 5875 6269 3674 3548 9103 9349 9337 9098 8873 4264 6134 1052 3460 3468 7164 7597 7999 5038 6740 4153 1511 6775 3443 7127 7028 4635 6984 5638 3685 4688 4671 6345 8857 3196 8210 7670 5776 1654 5860 4697 3653 2154 228 9534 8974 5060 3236 8254 7859 3354 6797 6534 9416 8791 4332 5034 7192 2719 5696 3910 5701 1409 1734 7717 3087 76 508 7708 8129 8943 419 564 4583 6582 6494 7184 5515 8895 7943 2832 4805 3671 3619 5435 7997 4907 5506 9525 6154 2739 2584 3257 7953 8042 9100 9788 3758 9126 8883 6026 9169 4626 3573 4676 106 425 7453 9419 8835 2349 1240 2371 121 5361 2568 4906 4537 8925 200 243 4631 5697 42 9842 3018 935 5241 9106 1959 5860 2707 8556 3991 7233 2627 4544 9192 7790 9134 3931 9609 6990 1787 7806 3954 9580 5081 3713 6823 7759 8704 8573 5275 5874 7012 332 1944 183 6136 7553 9883
8194 4143 7807 7807 9691 3847 3513 9517 2972 6453 2924 6276 6385 8517 2186 9988 0 6024 1865 7931 8717 2603 8863 236 2665 3877 2246 9110 3059 4704 7181 1955 3285 3414 3524 1659 794 6481 3238 1561 5195 8207 3599 5180 2679 361 6112 3444 4883 4049 4569 1983 3699 107 6056 7749 602 4760 1072 6200 83 9493 4931 5483 3319 7581 7050 2392 3951 7620 7368 9721 5832 8173 8993 5807 3262 4611 2557 5653 4433 1785 998 414 1327 4338 8890 3471 2654 4538 2035 7261 2993 2611 5875 6872 1182 6012 9188 2636 1072 9449 2014 1865 444 5698 7400 216 5605 1711 8769 2311 1159 4159 3669 6428 2984 5363 7129 6334 6212 56 7919 4108 2852 2687 3541 6197 2442 8913 2045 5594 3072 5399 9493 2779 7206 4447 1606 3392 6259 4812 7709 5750 5287 1079 2680 433 4494 3339 2990 1777 3835 3654 5745 3088 7333 1891 3280 1979 3723 5265 5037 5938 6608 3944 897 3465 7121 9237 7299 6523 9942 6836 7440 7150 1672 8904 5257 923 3313 6584 9804 4942 3929 8346 2895 6323 5630 888 4457 3019 2381 8138 7661 3333 9443 2119 5617 2085 9346 6456 3860 1783 5393 6962 7004 5733 7576 283 3036 5624 2163 7106 1048 9859 7071 7626 1535 1486 3636 5306 8076 4666 2084 5342 4576 4450 2543 7291 3937 1028 748 1837 353 515 202 9262 3865 3750 2927 9947 9310 3568 319 88 3872 7316 5935 1712 7895 8331 2680 8614 5301 8662 6240 4120 7525 5226 4821 4730 6279 889 6068 433 9673 1838 1239 8392 2672 2987 3356 4890 8809 2956 3657 8553 9802 9137 9680 1386 6968 9726 5152 3868 9429 6982 7946 8249 9862 9205 3961 3225 1626 3205 4070 9736 5006 7441
7346 9727 3657 1806 4601 344 4799 9075 9780 1197 3881 2048 4999 867 3138 1599 6024 0 7952 3744 6416 184 6851 9922 6750 4191 4439 785 8364 2316 6379 1875 7937 2756 1370 4303 2116 2448 8246 1046 2998 2883 5370 6877 2539 5809 7161 3118 3901 3671 9046 7262 2467 6725 241 3901 9531 4533 2775 1329 5106 7195 2381 2302 1284 2378 8477 5745 9034 9254 8639 7072 6538 6716 5487 1912 511 9648 9693 362 6801 1727 6834 4808 5819 8774 8133 359 1714 8825 6838 1474 452 7063 9646 2773 446 4512 852 1140 6770 1957 5842 2552 3245 5742 7695 6871 1520 1459 8816 516 4168 3673 9220 5257 2845 6983 7566 2375 783 8939 2505 149 4262 6116 8676 9277 1946 3748 5232 3456 6714 5604 1390 2446 9725 6853 6266 7129 9985 7685 2615 7438 1966 9307 3085 2722 9317 839 8264 5324 380 7219 3326 3131 3591 6477 3495 5 4472 6150 3275 5905 7728 2845 1280 6284 920 6551 9639 8741 362 2107 3503 2791 8760 704 7434 5073 7012 102 5635 7886 2145 9695 8754 8795 1901 8780 855 6174 1219 3484 8166 4411 4844 8001 2129 170 4730 1715 3371 7733 6977 3849 2106 6955 933 2922 5020 9482 2815 2283 6509 2861 1368 1874 570 7842 5151 5619 4899 9889 8631 5977 751 364 9959 9619 608 675 5655 7142 2885 1638 9266 8170 6072 5511 5225 1393 6476 3501 5836 3936 9857 7327 4755 3177 8324 1574 6069 2437 6241 9480 2883 7607 7544 7690 5217 6551 3907 7129 7323 4701 2035 4534 9083 3141 8898 4121 4198 6117 6398 372 9538 5562 1725 6597 4065 1643 928 1869 8755 3779 4182 4593 813 1327 4434 1639 762 6608 2607 7643 5103 4668 8576 8127
1758 5229 8891 2937 7279 7137 6732 1510 7577 8923 2617 991 6815 7515 3342 2965 1865 7952 0 5177 1988 6952 6161 320 540 8318 8768 9542 2240 6807 9962 1244 4565 9892 7140 5129 5193 2475 7146 7872 230 1381 2503 7318 6036 5026 8224 2072 7865 4074 6013 2576 3086 8532 3007 595 2359 9365 3154 5 9926 7008 4026 5472 3510 2251 913 2826 6784 3777 5438 9301 3794 6733 5788 4574 9849 931 6289 11 4244 5228 1279 7007 6477 8682 7944 1159 8108 2097 8776 1739 4750 8969 4832 328 2578 452 3812 8857 1169 2036 1758 7385 3560 7224 2665 6828 8990 9748 4767 4169 2914 8706 477 691 673 3314 7292 6414 6021 4110 7895 6493 417 2886 6876 5572 3674 2825 9983 2291 7655 4575 8199 9485 2723 7804 3876 6436 9539 4070 2230 3986 1314 2472 384 738 4337 38 2230 4322 7992 1166 6760 8922 8104 7271 6563 9645 3727 8634 764 307 3041 4715 595 4029 1480 1599 2305 5238 2459 7387 9639 231 4651 8955 8843 9317 8836 7440 6308 9782 8677 2518 7966 9170 670 9315 8602 9307 2998 1071 7513 5093 2901 609 3849 9819 6640 1906 4743 5127 8058 3039 3577 6023 7863 3570 7519 18 4606 126 9801 84 1998 5281 2798 8978 1712 8551 2223 4862 5347 27 1941 6544 1053 6901 8402 9904 7472 8964 996 9099 5936 2039 9644 6306 1562 375 6583 5833 343 2841 9523 8675 1757 2756 9777 3199 499 3699 8746 8745 5301 9843 1279 8146 2388 207 8843 128 2155 9326 8524 9698 7256 9691 7570 6928 9144 6415 833 433 9394 1568 404 421 5452 7776 3435 3668 3654 8133 7467 7233 1911 1121 9693 7193 7121 67 3176 2426 4533 4139 3788 9394
6762 9254 8047 4543 1243 186 3939 1264 7984 3752 6984 5496 8460 9828 1972 3372 7931 3744 5177 0 724 2270 6230 4196 582 926 2515 7934 3031 5348 2750 5914 6031 9047 8181 3685 1453 5930 4525 6981 3093 4570 7787 4806 4360 2146 4283 2271 477 6249 2390 1913 9756 5352 7430 7583 9541 6128 6929 7808 1870 1447 348 8466 3868 2742 7113 4337 8580 8537 8109 7179 5415 4996 4478 2823 252 8500 9917 4642 6638 6930 977 57 6540 3443 7956 1570 96 4305 9149 9890 4787 4405 933 3220 8787 5067 4197 3340 2462 4176 3946 2022 6973 5627 2980 9574 8373 780 5426 4009 4600 6906 7062 382 195 4631 596 2062 2875 1615 2026 8889 7900 7659 2777 4149 2512 9160 7803 8385 766 4951 6748 9666 7530 5452 9202 9899 332 1797 2476 3058 4395 7138 4549 74 1751 1790 4297 7977 5963 6988 7227 2451 7090 4783 7901 9608 274 5980 8889 4356 2916 1249 8984 4840 5281 1554 4266 6044 8937 2395 8963 9173 9526 3753 5266 1576 3014 507 2809 518 3244 2871 9819 1338 7695 5377 8961 803 5291 7946 4610 2459 1482 9214 3786 2228 116 506 9774 7872 7027 7957 6495 9742 2787 6922 1978 1203 3705 5090 8800 6151 7655 3418 1158 9314 9885 7956 6047 8286 2753 5690 6608 5840 888 4480 9924 6372 7712 99 6487 1404 9728 4468 8876 9276 4802 5141 995 1924 4752 7289 6111 9480 942 3505 8294 3948 2717 2460 4671 8122 5954 1073 976 9567 1584 10 5298 2335 8951 1793 4251 7 785 4953 4124 3175 6627 4028 2340 3155 7772 6340 1952 5131 3694 7300 4437 8132 4132 6157 352 2106 1220 6721 9748 2668 8507 6541 5029 2617 5462 1244 7654 4849
3590 7945 8210 2965 7654 8937 8915 4896 6920 2651 8857 9966 8940 7614 2842 9139 8717 6416 1988 724 0 7814 5065 4902 3422 8168 7651 8423 4499 7252 7777 2585 1201 1064 4259 297 4362 2099 8338 972 1469 4475 9524 7066 8751 6566 4852 4874 1939 7368 9912 962 9902 6192 9902 6404 1572 8660 5243 9077 5563 1175 712 7995 8058 9837 455 9373 5651 776 444 4959 1255 4406 7269 642 2676 8226 4491 7699 3368 4655 8224 1958 6135 3871 4234 1700 8578 23 170 9756 2580 3380 4436 330 9481 3251 6286 3158 4688 9729 3575 4501 241 6117 7058 7489 4395 6065 5970 3479 9135 299 5288 5939 3251 3035 6063 4986 7362 6709 5158 1284 7490 5089 3921 5231 3225 3412 8735 2890 6795 8181 35 7220 2367 2509 8108 3020 6175 5070 5698 1784 6806 8063 7209 4853 8860 2872 4003 8293 3163 7990 7585 7608 198 1780 3601 8048 9419 6858 8538 6198 3725 3446 7668 2412 2578 3491 748 5651 9860 5532 3125 4705 4915 2379 5440 1158 3149 9823 2965 8963 9570 6010 1941 9055 450 2308 1569 6 2007 8826 8830 992 7501 8060 9591 9716 7565 6798 2691 9294 7663 8388 2232 2282 5322 9347 6071 4411 1733 1414 8560 4849 6701 9100 5843 3241 2349 9105 3215 3628 1062 3657 8448 1017 6874 6091 1248 7066 7962 3204 8295 8577 1214 8723 6683 54 2060 1048 7790 2750 1769 8685 2732 6497 5226 6760 7321 7002 7107 579 8989 1565 4310 6777 6694 4800 9084 7426 3624 7209 3278 5016 383 8276 9994 8633 2313 6969 2929 9444 4863 1480 9859 7232 9592 7265 4004 6802 9489 6848 2720 456 3875 3046 8573 3232 545 4855 4558 3647 3872 4649 6536 6103 1587 7187
6777 6605 4826 4193 9289 7548 291 2013 1114 2667 1262 5211 2873 4696 2295 3956 2603 184 6952 2270 7814 0 621 6595 9805 352 694 9313 3242 1444 505 8614 1366 1059 5388 8174 8612 8415 3421 3885 5064 1236 8817 4061 5635 2001 1911 2070 3477 5306 6620 3330 5040 773 979 2269 3368 5057 5024 2536 1982 6228 5600 407 9096 8614 4281 7971 3557 6596 2525 9159 1105 6134 6207 4798 6180 5060 634 9888 4160 5286 3493 7194 6581 5724 255 5780 3821 2650 9920 9510 4624 8682 1671 258 7190 7791 8431 183 7811 9625 8266 7353 2274 6213 1700 3844 4667 2614 2508 8132 6104 1231 6456 2524 9432 5550 3748 2733 673 1083 9802 3322 4667 4053 1496 1488 729 2879 9835 8454 1862 4310 4698 8383 3588 7942 3943 9336 2032 918 6977 3796 6605 1557 9610 5211 5266 661 3834 1995 5961 7529 1091 2516 9667 3431 2310 2558 5200 1257 315 8703 1082 5113 9633 8998 1808 2262 9915 3440 7665 6667 4824 4458 8159 9329 3647 9826 1174 3383 9901 998 5592 2583 7967 7877 6023 607 6458 4659 7125 3940 9149 2048 9959 4620 3340 6614 9596 5403 1038 9619 2549 4270 8527 9513 2854 4013 1797 6286 2912 4562 4800 9526 2866 833 6143 9473 1567 6869 2871 2845 202 6277 2763 4949 9906 1576 5822 549 7004 4979 992 7111 2967 401 1653 2158 5358 8980 3359 1678 7025 8241 8304 6088 2109 6143 6362 3881 5447 6087 3501 672 1487 3026 7443 9666 7135 9675 2986 2635 9468 9792 3176 9764 1985 3150 6466 5874 8245 5386 4180 5514 9774 896 130 3888 5141 421 6871 3894 4457 6158 4832 1587 2802 5637 9825 8168 7803 2420 7575 5974 7732 783 8430 8938
7377 9065 8780 7121 4733 8158 3371 5442 8749 9166 9123 6268 8897 3967 388 3683 8863 6851 6161 6230 5065 621 0 6890 8953 3152 8062 8164 3618 5846 2220 4038 2754 9906 6070 9225 4976 4485 237 192 728 574 5984 5580 3318 7527 5376 3890 1130 8481 9469 9857 1079 8895 8308 3055 677 4381 4224 4246 7372 1715 9290 1673 7572 1101 2397 5874 9136 1417 1771 667 7508 3707 6251 4140 7745 9683 8867 6012 6439 7622 1758 5458 462 4872 184 9492 9943 6289 5190 2467 8309 5276 7933 120 151 4095 9871 2171 2790 3333 2848 450 4696 6184 3733 4589 1476 6084 6299 4971 1126 9312 354 1043 3682 1110 4621 6278 2281 5947 5267 7465 7876 7682 5643 8766 739 6661 423 5571 1269 4394 8975 9816 7363 7154 9200 7546 9041 8702 4774 6110 2385 8142 8712 265 8827 2057 5322 9725 4045 2653 6518 160 6130 8596 1150 1767 1924 9489 182 7881 5778 5408 100 1176 8555 472 6338 4330 9969 1706 7353 4705 2261 4527 2679 9767 6426 6404 1004 9004 4893 7394 4507 2295 2680 7999 192 4579 4984 5713 2325 7213 5112 5145 6369 7852 9590 4864 4346 2915 5364 1482 7991 3784 9459 3653 4170 3285 1195 57 6137 1392 2527 1963 8300 5657 1439 7464 9126 9918 2786 6347 8963 1554 382 8987 1178 9396 2714 4823 1795 3197 9344 8547 5330 5096 9236 8736 8342 2236 747 9650 3392 7239 1449 3284 744 4680 9457 3851 3558 4305 3700 7091 2035 5976 2122 2082 7882 4061 8043 4665 1410 115 2135 3234 6862 527 377 2639 8800 5336 4469 3965 9990 8342 4771 1043 4464 453 5503 7332 4891 2156 77 2231 2977 2014 4310 1503 6669 34 4802 7766 2834 6378
1449 2938 4347 756 3209 4674 3500 3834 9753 3564 2101 8787 9378 9920 4814 528 236 9922 320 4196 4902 6595 6890 0 2292 6243 910 7731 1024 5117 764 7140 129 3406 7426 6243 9613 5134 7094 770 6977 5670 268 3714 5068 9384 4637 5561 8893 9735 3249 8850 1083 7368 3115 802 8364 9560 6476 3603 2389 22 905 2680 5687 5001 1679 4225 3277 6517 1143 1200 1520 6290 3805 9061 2185 3654 8060 8858 7512 9419 7437 2475 353 9279 3071 3809 1136 1452 6092 1637 2374 6501 9323 3046 9409 8583 3277 4515 7382 5146 3159 8846 6102 5866 3827 2028 2331 193 6189 690 9973 6988 2502 1184 5901 6902 2508 7715 7778 9166 7648 7883 6686 3172 8290 4320 729 5876 8677 2820 7614 5468 8924 7018 2688 7474 9109 7982 9304 1477 3070 7650 6089 8302 1042 7041 4608 2745 2134 1346 8131 1197 8170 1351 9537 3649 2292 5027 106 7621 5001 8517 8233 2114 609 2678 5949 7728 3237 3245 9618 934 2274 1918 8500 3246 444 1184 6038 5843 6682 9902 5869 4316 9962 7174 4253 7142 5648 9900 979 4113 4772 8046 5300 9037 9339 7561 1473 973 5592 6065 2321 4184 6032 9149 3594 6050 2802 8007 2435 1709 8040 2696 4477 2547 5520 6467 4444 4264 4724 1714 2973 3975 1474 3315 8500 2213 3573 5895 7703 1734 7902 6600 2634 7906 130 6695 6107 6177 8951 9037 6623 7831 1504 4023 5259 6047 5947 7076 4118 7319 976 7917 128 3051 1450 7403 4059 1302 1760 5005 3701 5477 1657 9681 8342 2889 7679 6829 5601 3854 7023 8298 9042 8950 9825 2438 2605 1437 9769 3543 2056 7129 8971 5385 5292 6952 267 1970 9920 9779 1322 9304 4727 6582 1906 2092
4928 195 1551 212 2735 5098 6613 4457 5239 2355 5087 8307 3654 3085 2073 7722 2665 6750 540 582 3422 9805 8953 2292 0 390 1969 2539 2905 5643 7466 117 7585 4653 1430 9576 9330 3069 1367 6069 8737 5493 3955 3045 7417 7401 881 2963 8734 4679 9965 3543 4985 5079 8408 4319 7534 379 8135 2869 1289 7365 8921 2998 4199 8048 2310 2921 1446 6179 1698 5028 4584 4823 9761 8885 6070 863 9146 4100 1679 3410 8277 6921 8440 285 4457 7112 9749 1175 453 4191 6157 7068 639 9276 5958 553 3082 5613 825 4400 1383 8421 4120 8224 3644 5963 1791 5574 6269 6027 4313 8938 2762 841 6139 5989 7574 5025 5979 9785 7001 5039 1712 951 4308 3094 1143 6251 8944 9107 430 2096 2415 5022 3289 617 2640 7317 2186 4839 6559 6508 2380 413 6425 9045 4025 8765 3254 2157 2788 5440 3754 6356 152 7330 4056 4450 5606 4842 8632 5207 2023 8729 6118 8744 9373 3902 4652 875 7522 7833 5865 8695 6937 291 8696 5593 1624 8817 6860 1610 7801 6644 4417 2860 9759 1389 1809 1976 1050 8116 6224 3037 7938 789 8498 2063 9333 757 4945 7323 7859 8571 6399 2213 7299 9951 6075 7785 8891 4561 3809 7994 4884 3584 4327 1063 8519 9159 3953 5204 6417 2649 7714 9028 1298 42 748 1714 2458 6418 8595 2511 3454 8041 4956 7779 2652 1089 8782 5005 2144 7396 6674 5328 1508 8350 7688 7394 2918 1302 8292 4773 3451 2211 9413 5517 5537 2040 8011 2323 8671 8401 7353 4324 9052 382 3751 7172 3712 6259 246 8638 5154 9418 5148 6362 655 5460 1817 387 9704 9795 6142 2681 1397 8956 5564 3221 4753 1778 8264 1862 6752 8720 440 9608
2891 8861 7426 3140 4450 5783 7230 146 642 6608 9575 778 6265 4284 193 1665 3877 4191 8318 926 8168 352 3152 6243 390 0 6841 207 100 9977 2252 9136 2950 7838 693 2372 5241 1329 554 2038 4394 7274 3854 7623 7269 8633 1885 4412 3698 6346 6517 5439 7112 9512 8288 5106 3100 8976 9394 8333 4989 6472 1345 6066 2350 8120 4892 7836 1545 3572 4879 9000 2524 6350 512 2803 1118 5639 9540 8986 761 1531 5761 9211 1201 1463 3152 5603 7648 1984 7630 3927 8381 8970 3061 8702 6005 2163 930 1254 6132 9407 8686 7438 5359 9650 2124 5811 9390 5376 8218 8543 472 4464 6221 2738 232 2307 4226 3372 7751 7472 3264 9581 6906 5727 4760 7403 2087 4793 3293 7333 2310 2726 4738 4361 3099 5853 9402 2180 4060 8287 5191 9913 9530 3871 8328 6239 5469 6350 1843 5763 1671 1895 807 1160 8147 2026 6785 9703 6447 498 9242 2409 8253 3925 5756 2504 1097 3437 7158 8343 6623 936 9321 5301 1138 4625 6524 462 3422 5700 6566 2106 62 439 9446 3908 4811 7899 6938 1968 1230 5049 6997 1745 8373 9036 6786 2065 2248 7243 2353 3153 7574 632 7493 4256 8193 1112 9645 3375 6154 9906 9703 2763 3402 1772 6575 9942 9559 8518 9526 3809 9658 2451 6593 8315 4653 1826 405 8478 1607 5293 8039 8658 6657 3761 4569 7840 1784 9834 4592 3713 1151 1372 7234 9986 2839 6634 8896 7836 2618 9863 6549 6107 8805 8071 1689 7032 9024 2438 1531 7928 9965 3197 6358 7160 9075 220 114 8933 4134 5768 1911 7997 4558 5638 3374 7042 4420 6588 6485 1097 4854 1735 9913 7637 6165 2964 5505 4155 4814 1118 5910 6560 3774 4766 783 7474
8251 6154 1709 3338 9362 5304 9637 5991 6698 1113 7062 2081 4657 2307 2899 6299 2246 4439 8768 2515 7651 694 8062 910 1969 6841 0 8596 3500 9693 7539 3447 1072 6418 3126 382 5983 9355 7037 6321 7277 1802 1477 9244 3774 8769 5520 5880 8990 6216 1038 132 1580 2274 3523 3570 1792 9861 7709 3967 1585 3751 8523 2977 1490 7781 992 4049 5909 2684 643 7697 4932 5650 478 7965 2704 9985 9144 6535 3289 2081 3803 1223 267 1671 9818 3178 5184 7118 447 4679 8924 8418 9748 4712 3077 9564 5160 9552 4471 8456 3484 2201 5812 6165 3937 3882 8524 289 3910 244 758 7459 293 5108 634 251 9473 6938 763 9630 9119 5923 5934 2076 9612 1091 2426 6247 7583 4073 4483 1753 8649 2876 7729 1788 751 7275 5754 4388 8459 9448 2760 2910 7770 659 7024 9237 9300 2304 8295 9780 1358 4821 8161 2131 7876 8497 3172 2837 5756 231 8378 8983 121 9797 3274 8163 8079 334 2259 3145 7146 3285 7268 151 8407 7075 1726 5047 708 5909 1509 1576 6719 5049 9485 1597 901 225 9300 725 4491 3478 212 1370 4804 7805 952 855 4723 1752 490 8030 120 7228 5917 1178 4865 8332 8896 6621 7159 1399 709 5868 2665 6177 6875 9081 190 4108 5249 9901 6690 3493 2159 9817 4361 4715 7874 7491 490 5273 4797 9885 2952 954 7343 7427 5307 3925 8126 5890 171 2882 11 8143 5124 7128 6935 5909 9970 8472 840 8247 4570 712 5511 9453 1330 9743 2196 1631 3512 5708 9888 8738 7055 495 7981 8990 499 651 5903 6366 9470 8049 2958 2301 8965 5521 470 9348 3950 6114 9470 7962 2873 8417 2346 5249 7441 7115 9838 2685 3871 5404
