250
0 2351 7208 1153 5531 7759 368 2819 3110 3872 5793 5466 5168 8593 1933 8392 18 6113 5235 2533 2453 3539 9003 9661 5081 7900 715 7627 8780 6988 8177 7465 6089 7379 9959 3207 6299 5527 192 1354 8840 9416 268 295 4556 4508 6190 9747 6667 7236 1092 4696 5656 1154 2093 4791 681 6821 2494 7504 4903 2220 4404 647 1271 7957 3546 1765 8871 8361 7386 3383 7963 2922 9032 8029 3588 4407 6249 2551 5687 6786 8816 6644 4016 1841 9474 2573 2346 3231 3392 2010 7609 2741 7832 2968 8537 9849 6694 3418 6414 2777 3474 8385 1909 1762 5690 2051 1376 1367 7267 3924 86 9490 7828 6389 6442 9198 401 3052 469 940 8172 7709 4694 7095 5201 3371 5408 5523 9825 3484 4669 6804 3869 5786 7919 8734 2419 5502 9784 9663 8827 2043 4647 4611 9460 7268 1401 6501 362 7094 8809 3136 4832 5930 2479 6738 4644 4868 6392 1464 9607 7870 6211 5708 624 3412 641 3450 5837 9907 9553 7370 9311 172 9182 7676 3601 2781 5477 299 1216 1638 3185 9126 8106 9600 5648 1409 5654 438 7388 7719 8182 2693 6724 6046 4517 9734 5501 6385 8516 9570 2874 6134 6073 6295 8923 3419 1039 5439 2703 1429 9599 2593 2065 7916 4657 9421 5798 2795 2766 4687 5783 5183 4514 7833 12 9446 195 4793 1152 4803 7199 5809 5432 5819 9704 539 4032 416 1632 2276 3941 2935 9570 6038 3495 9325
2351 0 79 703 8982 3306 5338 240 6039 9726 9017 9843 1266 9729 8406 655 4816 256 5735 2749 9868 309 5251 7403 9443 7357 4859 1356 7904 8229 7929 3871 5297 922 3174 2121 3840 8794 1617 6691 3720 9661 3181 8172 9291 8065 6002 6158 611 2446 1305 3958 1207 5189 5873 9807 68 1507 8417 3626 5046 8062 1564 6021 629 9530 3641 966 2769 2877 694 3292 5733 4447 4902 1193 6333 1559 191 2877 2122 1955 1226 9519 1642 899 958 328 1458 8173 1225 5979 8801 5900 1306 4921 8642 5337 5632 6437 3308 9854 2330 460 9008 7460 9618 872 2051 8207 1398 430 5257 4459 7045 8295 8684 4419 3343 2276 7519 7576 9322 8691 1148 5468 4519 5944 5655 8831 2691 7780 274 664 7205 9264 7795 9319 7512 169 8171 335 9289 7151 9415 4268 5520 5507 7739 711 5638 770 4936 8591 951 54 219 7076 5238 5810 8421 339 191 8529 2096 6919 969 7543 8738 2340 8237 9934 2078 8630 8940 1847 6260 1932 2680 5636 1885 6243 9233 3362 5540 9385 6754 9972 519 5981 6802 350 4548 7279 4793 1833 9382 397 848 1138 4523 3626 7576 5430 3591 3321 815 4689 1799 9306 9168 9004 9262 6252 2157 6796 6661 3887 7152 9615 2719 8183 2812 9737 3519 6181 6265 5624 8346 5584 4533 9014 6302 2643 5025 3866 7710 5279 3852 8940 6069 9860 3832 2328 3268 1171 6998 7683 8798 1179
7208 79 0 5504 5904 4000 9186 7600 9173 8390 7248 6911 7584 4004 9594 2311 767 8582 4739 5336 6938 7771 6730 3202 578 2660 9466 5921 9862 6518 1274 1981 3399 3687 6109 4047 8004 8090 71 4082 4806 4862 6461 788 3844 4545 2270 2595 1019 1401 7745 7640 6363 7321 9583 2887 7299 9636 3799 8421 3790 5936 5406 6937 3968 7658 847 451 6223 8495 8472 3520 4202 2319 1322 5734 9625 9835 9413 7014 4051 4457 9399 7508 3524 895 1168 3260 7440 6032 1917 7563 4504 9432 4579 2187 5695 5981 8885 5949 9888 6853 6601 3733 9164 9406 9875 9148 5205 2536 3370 5252 5873 1652 9207 351 9662 9530 5526 9369 1003 5705 7264 4408 1693 7713 7628 1757 8241 8131 1975 8248 45 9022 7393 8188 9029 5017 5242 2849 570 3124 5513 6438 2597 7636 143 8886 7416 3620 8351 2160 3701 8944 1973 1819 8388 2499 1216 4296 3075 437 4323 9134 7352 3620 6021 5615 8680 3220 2023 8760 8474 2105 8250 3079 6142 7277 6659 7428 6140 9195 9652 4050 5472 3049 7720 5129 156 4549 8106 6369 2962 2627 1099 6062 8566 5765 3197 9227 5464 7996 6662 1903 5244 6727 9201 3369 9491 2957 3929 663 7974 2455 6192 6607 4229 8299 1049 2002 7978 616 5820 8787 9896 6602 8005 4860 6729 7641 8701 2116 9226 145 1236 5384 1511 8317 897 2959 1529 3638 5556 8136 532 6601 4608 1008 2102 6964
1153 703 5504 0 4840 8908 7226 8879 4370 3788 7938 3637 7786 5600 9883 121 1266 5962 4441 4929 6402 7646 4701 6661 3052 9648 6687 3805 9448 8346 5736 6879 6505 6841 424 6411 5868 6391 3720 6849 9066 2971 4958 3228 6488 7995 9348 4109 1239 1575 5767 9089 4419 2091 1975 1793 1961 4576 8480 3612 5658 7431 280 4007 3464 4044 8347 4644 6002 5776 680 6965 2528 2318 5194 8451 1383 768 7696 9307 6696 6052 2769 8763 530 6562 9054 302 1263 5183 2285 2883 9451 5436 4505 9468 5118 4563 7236 6425 1362 3348 1254 2469 3570 8830 5384 9731 5512 5286 605 6374 7113 638 3881 4429 3242 8095 5558 1156 2230 5135 9416 7243 2040 4049 6764 8976 9693 8974 6327 5762 3627 6464 9408 9526 7441 999 2720 2758 5633 5599 9151 7608 2420 4244 3809 6869 8189 715 9545 9316 8892 5920 9541 6757 4369 5843 6675 6275 7198 2686 3998 3877 1646 8493 644 5849 1722 7029 7605 5762 6308 8639 3303 6192 1033 7899 8764 2885 6680 4307 1095 7600 905 2831 2475 5692 7316 153 5496 104 6273 407 9834 2347 4115 6514 2493 9721 4714 4670 3583 6553 4884 6483 2350 7295 2764 6125 4626 933 9270 2891 6184 6545 5799 2014 9651 9781 4149 3255 4173 815 7285 4510 2097 5418 2288 8011 2267 6924 8721 483 1604 2029 6369 2209 139 1884 3994 4972 4198 9738 525 588 8144 7240 6311 9418
5531 8982 5904 4840 0 6235 2717 5393 9414 1541 1856 142 5697 9810 5208 1770 117 4828 6930 6898 4736 6431 5688 8200 2604 6793 5222 2471 4344 9584 1532 1676 3611 8729 2332 5710 6407 2991 2391 2496 943 9889 4618 1043 2362 4631 8547 3372 8165 8829 3195 2325 5622 7138 9976 8708 6145 1404 2262 8290 4950 9500 4976 5565 5996 9660 5309 3038 9034 929 2241 6676 3850 3516 396 407 5797 5147 5470 96 4450 4532 4483 6433 648 1376 6021 103 5204 8510 2401 3506 3278 6316 9988 4103 267 8226 3772 9832 3527 5080 5529 5865 3151 9660 5976 6512 4160 8886 3538 6569 5068 2443 5499 3356 8560 5846 7617 2802 5145 5347 1370 8580 8363 2069 9715 5690 7927 2696 5853 9444 721 7216 3908 7375 9432 5987 3237 5180 2314 4652 317 6288 6968 2812 4478 8346 5291 8868 9895 97 6877 2617 4697 7325 3123 2425 1972 3647 3053 2503 5520 1449 323 9854 5964 3866 6906 5031 2907 5400 1941 195 255 8314 1523 6851 3082 1072 8555 2570 9780 593 1773 2482 752 3709 1643 7081 7258 4908 4613 4850 9337 2662 1788 4674 2902 9972 2685 2372 5575 6418 2740 8068 6384 6321 3065 879 2727 6927 5268 8692 6123 6016 9301 2409 601 8869 1689 3610 8519 3129 4454 5180 4108 5806 7542 5200 6491 284 7139 456 5209 6441 8248 7857 4303 3655 9939 1602 9733 9127 4533 5013 950 8425 5292 552
7759 3306 4000 8908 6235 0 3369 2755 9691 1444 3455 4014 5363 1856 6548 2407 9870 4392 5009 4018 3656 8896 9730 1492 6609 1622 9306 6001 151 6780 7375 2231 1453 3929 8975 8966 4322 9589 4160 773 4612 8136 3421 5011 1564 7246 6187 9193 6780 3661 3783 9683 1870 5322 3726 4295 4208 3267 4491 956 7896 2234 6266 6833 8473 4845 8601 3764 7156 3392 1145 9811 812 8798 2152 6430 5072 1735 3864 4284 6603 1941 2969 9987 2794 4823 7974 7315 3154 9630 9354 5758 4759 4951 2053 6803 5679 7434 6578 3589 4117 2815 2139 2084 8565 898 5034 7791 469 5012 8969 2542 2101 8478 5597 1393 1689 1156 7040 8824 5744 4145 1576 3401 9063 6005 4212 5021 3062 1649 1893 1206 1148 9661 8474 308 9025 4904 997 1032 2776 3891 3893 6302 5300 3439 849 4329 8899 1477 8622 893 3513 9588 6380 4408 4561 9627 855 5202 6600 1693 5004 8252 55 7547 1069 7845 2570 8850 193 9264 8718 807 4236 1487 3307 2313 5509 2252 3358 1019 2443 9056 1188 4113 6894 542 9750 6330 2636 8186 6881 5554 4045 3564 3857 4236 2880 3131 79 6963 7269 9274 2052 8291 3050 4125 146 750 9663 9545 3301 3415 8250 4639 9662 8470 9532 6516 3695 8185 2678 9462 7456 2818 2174 7970 820 9671 6899 7822 374 7375 7396 6087 9627 5746 2581 4831 2171 1195 5538 4294 2166 7398 5940 9594 4186 5093
368 5338 9186 7226 2717 3369 0 5385 7402 3022 7566 9083 5265 2525 2042 2526 8733 5940 8185 27 5325 7099 5017 9786 8357 2202 3227 9804 3987 4978 468 4935 782 3303 8426 7478 2554 9205 4082 7486 1616 6324 9589 4412 1002 9709 7417 1671 9069 6634 4842 2911 733 6716 1195 3109 65 4578 794 8234 773 5748 7995 3377 7568 6732 1537 9226 9604 7543 8725 6299 9050 3220 7247 3466 1961 2392 4863 2987 3621 6769 5115 8299 8353 4674 1014 3957 811 8085 5979 9607 2350 8106 4856 6182 7412 5574 3121 2519 5748 5314 3302 4475 4256 6587 5680 3852 4951 5553 1919 8024 2564 9182 4275 7656 370 3410 6532 3906 267 1558 5086 4037 585 2752 6117 5266 7909 2369 2438 1360 540 3883 9981 8762 1068 3789 9724 8998 3069 4924 1198 8078 791 5922 1678 3726 7880 5872 3209 4112 861 3146 5304 1792 7648 4533 4297 8504 9558 567 2719 1590 8937 3985 7484 2325 4561 883 1952 6141 9899 2537 6340 1375 165 2806 7385 6968 264 3096 9132 4174 7206 8728 420 6263 7187 8425 3714 3083 8183 867 862 7715 825 6925 465 7428 4409 4330 4715 487 2890 3252 4236 595 1915 3571 658 2341 6793 5708 4254 53 8102 8317 6203 7985 329 3617 3182 9917 3225 4645 8221 4206 5810 9273 4547 1950 151 8718 7792 6871 2197 2007 753 1205 4681 3547 7792 6764 8738 7742 73 1852 2255 3147
2819 240 7600 8879 5393 2755 5385 0 7458 9880 1488 8377 1600 4218 7711 9495 2579 931 344 110 7968 5336 8378 6410 9924 4438 4099 1303 3479 1933 157 8102 6155 6208 4556 7439 7159 3978 7325 6043 792 4114 6112 80 2918 3570 7635 2033 899 9918 7254 9318 7496 4603 4909 9996 2689 7681 5961 865 9004 3215 5198 921 4875 754 5419 6403 7338 6332 6064 9746 245 615 3712 1938 9793 3583 501 9608 7006 4241 9512 7705 6754 2503 7772 7282 519 3940 8571 8217 6171 8510 4896 3718 3882 5562 6758 570 6879 6080 4322 5537 2201 6627 3179 6295 2495 931 3441 295 3332 117 4661 6155 4538 9856 4622 6107 9784 1209 8316 702 6572 8957 8807 2927 6912 5276 3364 8407 6133 6272 3451 2108 5708 1929 2681 9757 7381 8806 50 3149 9502 4893 5577 9719 1530 9108 4135 3112 9367 1689 8694 735 2014 102 8612 9630 7398 5330 9007 1562 7162 4614 3672 443 6805 3181 568 1550 8717 9976 7467 5118 5398 2701 2941 4513 1275 3994 1224 2138 6137 1326 3718 3062 1207 9120 851 7008 7418 3656 3067 4773 7752 3651 8590 9162 8836 9484 6929 8927 8107 6047 9644 7058 3485 4950 7940 1308 4311 4415 3912 9917 6275 6452 4677 6593 1217 8530 693 6001 2486 2362 4650 3806 2574 9235 8056 8007 1463 6012 6775 8982 2216 7544 5253 6221 7333 1767 4813 8901 1838 8960 9439 7692 4182 1710
3110 6039 9173 4370 9414 9691 7402 7458 0 5286 8299 5913 290 4097 3063 5199 1657 5363 6460 4519 8746 881 1119 6684 5320 2866 9428 926 7806 23 2769 4764 3756 7726 7934 691 2329 5389 4868 5701 1050 3124 7522 1134 7268 1688 7731 9130 7989 3257 5783 2168 9061 997 5721 7727 6121 2351 3400 1948 3874 7880 1168 955 1466 3183 8699 6908 3908 8670 7429 240 662 8651 4905 9826 7479 8631 1507 8659 2814 1215 755 1640 5474 5025 3801 4603 7012 3470 5901 5682 4523 3334 1913 7550 9649 6507 876 9765 2778 7923 7393 6359 7070 4468 6454 4195 4993 3531 9535 4954 5286 7995 5667 8163 4085 2337 5533 3120 1068 8920 7184 9636 2390 2704 2718 1896 5220 7527 9484 2870 7205 7005 6068 5523 4505 5415 2621 4327 6438 3892 5169 4174 5039 6009 7425 6099 2394 2501 9249 3389 6812 719 7121 5705 6694 6801 5533 6961 903 2447 5793 2212 3171 4797 7340 6846 3920 7249 6002 5732 5462 8350 2113 7255 3605 7612 3883 8462 8267 8397 4972 2440 6619 7373 826 2543 1117 9938 1263 4642 5213 3725 2791 7924 516 1630 1398 3438 9069 1492 1325 1125 3800 2033 7034 2003 5852 2003 2767 9275 6998 7925 4901 2065 4364 9949 4923 3794 4387 5744 564 793 5873 1760 555 2477 1891 8507 5575 542 6070 5586 2246 8630 7797 501 1958 1766 3905 5151 3391 4124 4902 5269 37 3510 7305 3101
3872 9726 8390 3788 1541 1444 3022 9880 5286 0 1269 9095 9048 2818 5707 2496 2191 8776 6329 6953 9525 3305 1180 2510 5425 6069 2968 8086 829 5405 2771 6732 3216 3846 7835 3299 874 3136 8979 7033 4335 3468 3187 6349 5101 2559 6444 2117 2366 70 5065 9147 228 8980 7826 2240 4673 5651 2972 4937 2602 3241 638 8542 8813 5736 154 4166 2432 3673 16 74 45 3683 824 6205 1016 9730 9134 3674 7999 3942 6313 8632 2967 7935 5145 592 5591 2663 3289 9082 1792 8972 2374 6772 6087 2442 6328 5621 3434 272 2646 8560 4123 5949 955 8338 2903 2668 5231 8299 2204 5649 2246 286 2813 3361 2738 7763 3660 6662 2302 345 5215 7128 3590 1243 7988 9301 618 9700 5348 3608 4246 4682 4476 7749 9337 2913 8681 8390 7999 7761 852 6905 7163 8232 5203 5934 3441 7868 7641 5513 9985 5653 9686 9845 2988 9344 6188 7986 4069 6906 834 9883 7198 765 9827 2776 9180 1839 3052 4243 2039 5908 6720 1678 1100 3279 9779 2821 5934 3958 9076 5914 8776 6017 473 9386 5406 8253 3897 1625 617 2377 5321 1405 7547 7891 6743 3952 6234 3234 9445 6804 5171 8166 5493 734 1040 4184 3853 9699 555 3204 7706 6530 4436 6955 8597 8537 6820 3895 2668 2099 9963 8339 6865 2190 8248 1523 3578 2480 9668 3216 3425 8754 5558 2570 4810 541 7095 685 6624 9967 5421 4191 4158 9621
5793 9017 7248 7938 1856 3455 7566 1488 8299 1269 0 9413 3608 8422 205 3058 1444 8272 2191 5302 8751 5020 2750 8750 7769 5255 4786 8528 5020 3634 8244 2674 8111 5016 3923 5129 5340 9799 5037 3657 6415 9831 9252 4551 1413 2599 5620 6483 9311 1113 6115 5043 6822 205 2838 4592 1669 6224 7959 3614 7617 2882 7720 3062 134 294 9184 2564 7404 381 9812 7672 7140 6346 7417 6614 6321 6827 2938 5064 5045 2004 6677 7259 8550 5215 5024 5155 2789 9289 5887 6948 9449 8780 231 2137 8113 6288 306 4611 1910 8198 3944 8637 7082 3706 3102 7220 779 710 6672 554 3887 3710 8064 7365 4572 5423 8365 1363 8529 79 8201 8194 4369 5779 7796 475 8399 1260 5597 4606 3568 8950 1810 2534 5101 4596 9342 8157 1131 8692 6640 8325 7755 1805 4431 7678 8070 1920 9957 3353 7507 2721 5027 8076 1327 434 2089 6366 4549 8602 4538 4480 6803 5005 9217 450 3328 8434 9469 9548 6816 7583 3189 498 9659 281 3855 4617 9822 5076 3199 1399 5689 6184 8920 8717 7959 679 8124 204 670 8812 8599 3934 4994 7129 4566 5559 5625 5298 4193 3051 3683 66 4665 9836 4061 2591 1980 4593 1533 9613 9559 3898 9870 2083 6063 2674 1219 1383 6172 1891 8717 7502 1953 3457 2404 643 1675 3182 5102 7260 5776 1151 5634 7662 9854 4436 5839 5846 7735 9071 5784 9307 1732 8122 3607 3926
5466 9843 6911 3637 142 4014 9083 8377 5913 9095 9413 0 5125 3957 3216 3211 8574 4046 6928 2651 1264 4049 7102 114 324 9469 9083 7383 2535 6113 6382 1417 3387 8711 4472 7910 1000 7408 6139 3151 26 3238 8852 4286 6385 7229 2346 2755 1657 6600 2665 9122 3786 9556 6796 3631 8279 6654 2860 1507 2682 5487 1908 4643 5653 8708 3108 8380 348 1060 663 7388 8639 4556 5708 892 5179 7120 3896 9778 5659 7395 278 7552 9680 4314 6198 8345 6740 4266 7249 7502 2465 9926 5729 2287 3656 9027 9770 7580 5359 635 8321 335 5923 268 111 7638 902 1598 5221 7466 7595 9767 6392 6157 2343 8696 9631 6486 4514 806 6886 4625 8280 7773 1220 4784 6562 321 390 9370 2487 91 4343 1549 2009 4990 2616 3732 2042 8714 4154 8897 1487 6926 8092 1051 3157 6796 2805 7207 4532 3382 5411 5630 8382 7194 1803 4885 8589 7941 4129 8952 9992 5371 2133 8273 2666 2964 7553 5885 5688 7722 249 2426 1999 6424 8217 6555 6348 9435 490 4250 6048 5600 149 5578 1638 1930 1956 2446 2820 3220 3942 7859 5913 4312 2622 2819 2212 4912 4624 8316 3449 8268 1785 5182 4567 8159 7725 3296 7258 1070 8943 4397 6542 9030 7555 5101 5529 2832 339 7862 5687 7488 9544 8330 6135 7317 8517 537 2720 7746 7609 8898 6682 8645 1483 289 1790 3444 3535 5968 8173 6750 3201 2510 9133 6158
5168 1266 7584 7786 5697 5363 5265 1600 290 9048 3608 5125 0 5787 573 6407 7099 669 2479 1781 8206 2943 9135 4844 26 2556 5080 5546 5970 1960 9596 1499 979 4698 5296 6878 6925 4844 2799 9095 4534 6673 2593 9407 1223 9313 7223 7662 6311 9079 7486 1021 5135 9823 9460 9064 3638 5787 8757 1045 4429 1457 7492 9030 2536 9346 4514 9467 3449 4793 5781 4546 340 1567 9168 6650 5321 7652 365 4054 3676 2557 4945 9198 1356 3274 6809 7109 3444 5036 8606 5557 3990 3922 9615 337 5721 7599 1427 8123 871 958 8812 7391 387 6168 2134 4500 482 8504 9631 1827 8423 1803 2894 3462 5681 1045 1207 6338 3868 5537 1028 808 1159 5859 4055 569 8721 1693 6341 2131 4263 792 6881 9937 9682 8000 3246 1277 3951 6253 9007 8741 7304 791 3513 2590 462 28 1989 7172 2731 5763 1701 4631 740 8217 8989 4242 3188 1597 7995 6651 3798 1003 8935 8718 8017 329 6162 1879 8978 4553 461 2267 3864 763 4014 1782 2499 7247 793 7067 6149 6067 4082 555 7139 5910 7484 2086 2525 2295 2609 4094 3644 2092 8325 33 1306 1737 8136 4989 7531 7058 119 6921 1059 4640 5979 3270 3606 662 6306 5636 6589 4149 4869 7344 9661 9522 1181 1839 9802 95 250 3663 950 4866 2671 3361 9554 9799 5464 3775 3737 3638 8742 2686 5464 5839 380 6354 8679 3975 7299 9468 3271 5882
8593 9729 4004 5600 9810 1856 2525 4218 4097 2818 8422 3957 5787 0 875 1533 7576 3125 1987 2856 448 9029 2422 772 7618 3370 7707 1050 9337 5050 9924 1942 7121 9529 9679 3772 8054 2050 4289 1390 3195 8105 2782 1417 7894 5719 3442 4561 7553 1469 1977 2969 7552 8685 4979 8315 6823 3265 9834 2550 255 2770 8913 3937 1140 3736 1803 1690 7741 4746 6335 8668 6389 5183 7839 8844 6535 8350 5111 5893 3987 3094 4384 2182 100 7567 6902 1498 9737 5948 9602 6355 4471 2168 6295 1741 875 4149 1586 4722 1317 7011 9607 2520 965 7240 6343 2558 471 5931 7844 1878 8366 1727 1922 4751 6771 6682 5249 2626 4668 2926 5859 9637 5540 4127 1589 2355 27 8448 6010 3796 9307 5673 2835 2235 2458 4494 3618 6885 92 6309 299 5216 1009 9633 7476 2251 9332 9059 3733 3576 3632 1873 4396 7857 531 5452 652 4951 762 3847 6284 9450 1092 6124 7232 8494 3944 8628 6651 8438 5378 4936 494 9603 8735 9566 5499 6547 5232 3694 5758 7460 498 961 9268 8861 3190 9941 9978 9943 2879 8584 4127 843 6404 3810 3757 9451 6252 4035 6504 2214 6237 9037 871 372 783 7002 1188 8474 5046 9669 1892 6991 5686 8565 3827 1309 3317 5364 577 2955 2841 5914 8715 7863 819 358 7986 5051 9408 7421 1419 201 4556 6115 3966 868 9636 1601 7497 8510 4901 9534 3753 712 7423 1962
1933 8406 9594 9883 5208 6548 2042 7711 3063 5707 205 3216 573 875 0 4498 8890 2485 1423 5573 9648 8272 6075 1363 9522 4782 4989 7052 45 3770 5242 4183 247 3208 4121 7990 4317 4703 9108 7089 4755 4571 643 8158 608 8643 2762 6190 3635 5868 1551 636 3576 4814 545 7069 8810 440 5548 1830 8615 1931 7034 3452 1748 3489 6043 6968 3396 3335 4035 3421 5425 6605 1044 6022 6865 4703 5515 3537 8815 823 5044 8707 1948 887 9304 7049 8251 5720 2231 8645 6414 8089 6912 4216 3438 2659 3770 9002 67 2980 8764 7608 1265 9192 3448 6437 4264 3665 4545 4725 2686 7419 6632 8159 8770 734 7408 363 6127 8973 103 1824 6226 6700 2533 4180 4957 6967 4496 3827 2586 9010 8770 4776 6927 1873 2737 2534 9437 3174 1521 2077 8908 3958 6482 4824 803 6981 8159 661 5409 5140 1659 6817 3042 9929 194 4780 9110 2005 1635 8958 9251 8536 3378 8084 4936 7559 1075 4883 1482 7176 4255 8020 9332 6705 9749 1506 6894 4557 8470 7396 4642 4819 1139 3537 6283 3441 2323 812 262 6714 5264 9772 8664 6540 1747 9922 4400 2622 4674 1420 4627 1269 7413 982 7028 3454 3252 8849 344 7430 3216 5181 6614 8680 1361 9532 6928 7344 4407 6134 9566 308 5379 7231 9569 3965 8902 6396 7725 2353 1310 9337 9204 8537 7861 8484 2014 7 2455 4172 875 1640 9660 1231 8517 5085
8392 655 2311 121 1770 2407 2526 9495 5199 2496 3058 3211 6407 1533 4498 0 6211 9188 9052 2119 6487 9526 152 8462 8745 4261 1479 829 891 5024 7707 9439 8160 3679 936 9459 7435 4196 4422 3638 3604 7953 3965 5716 6201 7104 6066 1676 1900 2622 5476 6339 2627 7798 8122 5467 705 9487 5916 4315 7264 8239 6607 8531 2277 812 6727 8345 6446 6831 506 7471 4975 996 2178 5973 3586 9300 4060 319 1242 4314 4544 4291 9948 2998 8428 5899 6879 2 2735 3216 4041 2644 3560 5922 4357 471 2391 387 362 9753 1583 2432 7212 9955 6850 5579 2106 7315 4919 1100 691 1079 6811 2851 7633 7921 6528 2030 809 4931 8364 9318 8900 2599 9543 9996 4868 3193 4783 1004 7930 2635 7703 5382 8142 1572 3267 5309 7815 6685 8986 8311 1846 2347 2046 5832 2414 8851 1722 8780 877 9785 8017 5293 4204 2158 4725 7570 7094 3859 9056 3173 8130 4274 6902 4095 290 684 7061 3902 9890 3567 6309 4392 697 5141 9778 6061 9303 642 1176 912 6722 72 6989 2736 9156 473 4364 4396 4235 7734 4425 8795 5034 3547 4971 7562 809 6321 1356 5736 9861 6167 243 6928 5085 221 2442 9199 7650 96 3399 4414 661 3615 8010 7083 6146 7527 4056 1591 4639 907 8168 1753 6969 8557 3203 6071 5507 8673 6055 1204 8502 9465 7573 7628 8089 3718 6171 2073 5513 7108 4559 2866 930 4453
18 4816 767 1266 117 9870 8733 2579 1657 2191 1444 8574 7099 7576 8890 6211 0 172 8409 9902 3706 1249 1649 429 8256 3437 9926 4936 5190 4071 6860 3828 2495 2607 3498 9965 6432 7261 8539 6090 8371 1957 6613 4174 6355 1534 6714 9856 7325 9449 6896 9087 741 5191 100 4295 2087 1989 960 6331 7005 282 1883 8114 3643 7817 1915 7572 1059 6132 8599 3394 9151 5059 796 7552 3510 1016 9157 8665 7801 1809 1973 7146 9631 9698 2617 5529 4477 5103 6005 9978 8857 1825 3372 448 9846 4128 687 2139 8583 315 4070 6330 3432 6339 6857 9281 7846 1979 3184 2140 272 8414 5087 6856 2540 4657 7263 453 1446 632 1731 5831 6254 3485 1928 7597 5987 8234 2113 4893 7057 7782 5880 3161 2791 7391 2763 5140 2009 5963 1892 5510 1106 1033 7057 2035 128 3344 2703 5446 4590 2025 2029 8679 9417 235 5753 6444 813 6455 1907 1990 958 1024 1480 7659 1965 8783 1322 6612 832 4654 9586 4719 3696 5859 4362 2896 6515 6917 758 5987 4547 9642 1720 2161 6176 6580 5326 6826 339 941 6008 7663 4418 2564 5417 7128 5828 6559 3586 7183 4109 533 4696 4603 2525 746 4160 6859 9986 547 1504 5376 368 4954 1625 9116 2364 2537 8842 8232 1097 7071 8148 6956 5741 3044 4005 7594 9065 540 3019 4325 7657 16 9679 3572 4038 4159 8264 238 3125 430 6518 2391 698 5560
6113 256 8582 5962 4828 4392 5940 931 5363 8776 8272 4046 669 3125 2485 9188 172 0 7999 7979 6894 3811 7193 8584 6779 7957 7933 8826 9622 8533 3092 4059 3614 9044 9560 971 4143 9866 6706 9656 4909 3995 3645 1164 8502 8244 6358 9696 5630 8162 1527 4497 4164 8879 2589 8836 7156 6930 9684 5139 1995 2859 1337 2177 2788 3072 9346 4653 3124 1789 1525 4926 8535 6423 6405 4131 1662 3411 1578 1373 3746 1933 2950 967 5221 7678 8783 4183 5001 699 1055 5134 1630 277 3988 9690 4452 5121 2789 2360 9293 8290 746 6879 215 8029 5023 9226 199 7426 887 9437 6902 9717 7078 6030 3214 6388 7980 5924 1806 9510 2097 5085 6389 5593 4328 6175 4920 9485 3712 2403 5532 9320 8593 4263 6968 2828 6397 2484 2345 397 2472 2932 2898 1284 3734 9359 873 4508 411 9721 1586 9475 7170 9310 6723 9028 5369 7636 1419 6821 7467 8938 1446 7856 2432 9663 4782 390 2718 717 9025 5651 5631 79 5766 6977 7048 1390 5806 910 4056 8789 37 2657 1721 5806 3918 2901 7792 7020 4935 1459 5389 425 7990 5109 8918 7693 8826 5475 9351 9880 3187 2127 7255 5908 1080 8188 7509 7588 8943 2280 2252 6449 9006 4326 7233 4211 1417 2714 354 5312 7553 113 8273 9823 3227 8034 7072 7223 6710 7005 6720 813 2373 6371 6149 9901 3838 7031 4866 608 2727 9077 7885 245 6638 434
5235 5735 4739 4441 6930 5009 8185 344 6460 6329 2191 6928 2479 1987 1423 9052 8409 7999 0 3500 8355 4264 2960 7555 2923 8508 2987 9007 306 4571 4779 999 2104 8572 5356 6574 5830 1178 4361 5721 2062 4717 8641 6264 2427 2050 8236 6227 355 9789 3928 7933 6804 6983 2894 1052 4089 6384 3319 7770 1312 4643 3834 8969 4811 7536 9678 9919 9266 4823 1996 8017 5070 537 1116 5371 7843 7915 412 3647 6638 2215 2815 3519 4501 3183 9667 2696 5005 7303 9093 4706 3641 1110 7794 7613 5019 9475 643 6343 9860 9922 4417 9514 4283 6282 1270 5718 6808 8871 3953 8398 4219 1547 8906 1428 5060 8478 5348 2849 6884 3074 3782 2317 7977 2600 3352 8660 726 1800 7995 7679 6720 5988 5310 7558 1605 1069 1222 5759 4305 5814 6302 840 3497 229 8607 3545 1180 9639 3831 6402 2147 3439 6971 9410 2453 9226 8770 7750 6844 3237 6436 1254 2421 622 9891 8321 5092 9176 8702 6460 8845 8948 6 6985 4947 4613 6704 5278 5320 1797 543 1025 3389 4250 9563 5942 9295 9880 2030 3365 5009 144 5257 7682 6340 7664 866 8286 5752 6004 3966 6938 9827 4769 4364 3415 4688 6465 9434 8219 1499 6169 6442 3648 493 658 542 1170 1112 7960 6921 1233 5282 5969 8928 3788 7118 5505 7489 3574 5307 1437 723 9550 8877 9389 7278 6798 6412 4433 7393 9617 7443 9874 4449 5133 1776 2996
2533 2749 5336 4929 6898 4018 27 110 4519 6953 5302 2651 1781 2856 5573 2119 9902 7979 3500 0 8537 6506 3843 8365 970 4527 2307 377 8127 8172 841 9215 562 6742 4547 8813 3744 9858 8553 7858 9640 5765 9506 8208 4989 4370 6939 2932 1560 1387 7353 5199 7596 3868 9400 4282 9907 7538 3301 6636 2180 3630 8838 4570 6481 5103 5698 7216 1953 5134 4594 4043 7100 1903 8375 8620 3314 732 5290 2403 2099 115 7942 2428 8469 9535 674 3517 3746 3408 6486 659 1839 2406 7913 8980 3651 6185 3069 1965 1243 6168 3344 435 1424 3936 5105 6760 4320 162 952 1156 285 1067 6615 3391 1087 3345 8643 6070 244 822 8947 3175 2492 7611 6158 6355 5782 3913 4377 2243 8648 7781 4820 6040 8728 4620 3577 1532 9790 6913 4033 7910 4359 6645 9481 8879 2291 7654 7548 7919 9921 3317 2424 2675 5628 7576 31 3168 100 5082 1256 2607 8878 8759 3855 2400 1380 2374 8309 7089 6134 2460 3980 8825 8242 5769 4083 3692 584 2463 2099 182 7389 3091 3410 9219 831 6571 8737 3335 1309 7697 6406 5072 7230 9151 2836 4217 4458 4480 3149 2521 5462 6147 3906 8195 8552 9375 9583 8251 8184 8722 2787 3229 842 9855 8025 3374 4101 261 2264 4779 2462 2847 3999 2852 1242 5082 7592 1456 3615 6530 8174 4110 2318 3008 4831 8731 175 2561 4608 7733 6780 816 5026 4648 218 5063
2453 9868 6938 6402 4736 3656 5325 7968 8746 9525 8751 1264 8206 448 9648 6487 3706 6894 8355 8537 0 7541 4862 8882 7845 975 527 5825 5935 8422 7966 6595 2504 7891 684 8556 147 986 3947 528 159 6540 3714 4426 672 2064 9556 4582 183 313 1116 3196 4557 7483 3210 6954 8216 2802 6889 5600 9311 5531 8756 29 7911 8438 5976 459 8826 6211 9067 9393 7341 7530 1558 532 7540 30 3112 9715 6345 1749 4412 4528 2913 8009 7307 3002 4437 8340 9287 611 8160 9364 3778 8843 7806 6374 4496 2077 1383 8961 8036 3533 2870 9091 3883 9073 3604 5629 8925 3006 4646 9794 7283 6567 4672 3145 8138 4311 5219 3462 344 9432 9427 5497 3440 7195 1462 480 7294 9556 6429 3532 6276 4025 7690 654 4794 5692 968 978 7279 4746 105 2332 926 4998 5084 8797 7151 3007 3876 5577 5354 4658 8521 8109 6703 4250 4424 8136 5245 86 6888 8142 6072 8921 9431 7466 1409 414 9810 688 6241 9492 8118 3829 5091 6885 6503 3221 6939 3791 6742 501 61 2155 7428 547 2419 2253 4551 4363 6191 1001 2234 1061 4501 1612 5417 5901 9348 1214 3875 3441 129 1212 4064 5817 2616 457 7041 5239 4805 5901 2750 5089 9773 950 8313 8025 5663 7316 1615 413 3786 906 4652 3777 3858 5261 4777 1783 9881 2348 6101 695 9395 8679 1751 8944 2791 1342 8327 3455 5759 9042 43 3301
3539 309 7771 7646 6431 8896 7099 5336 881 3305 5020 4049 2943 9029 8272 9526 1249 3811 4264 6506 7541 0 9891 7206 1052 9751 5224 5764 2620 5345 7719 8604 4388 3943 579 2498 3839 7187 2244 2762 4173 9501 3910 6711 2868 7833 2606 6166 9255 3332 9952 6576 7491 9297 6841 6283 1888 1448 7180 7816 2217 8269 1880 4680 3613 435 5284 3238 2544 9314 452 1448 7848 3999 1216 4994 2114 9481 2851 7547 6877 7683 8042 7013 9532 7010 3383 1021 3113 4927 2126 9351 9869 2530 2683 1416 5203 9042 1861 853 3739 9463 9606 5652 3827 7159 9405 2199 8569 9324 358 7890 4265 5905 9590 3906 5548 1219 766 4315 6223 5997 292 8812 7011 702 8792 4994 5518 6038 9478 3829 4891 9806 5436 6017 6262 2217 12 7501 3831 4196 4598 6219 7572 6753 4484 7140 2613 2469 2551 7636 9858 7667 9194 7629 5535 3809 6343 8888 9263 8716 7590 1194 2963 8799 1052 9195 2425 7556 2126 4283 6695 9905 5601 3737 7896 3896 5181 4413 8885 7694 3896 5925 4464 8797 732 3644 6450 2087 2987 9860 9426 5217 6133 7227 4110 8941 8373 3269 334 6343 8682 7388 5872 3616 6471 9248 2523 191 265 730 5930 9598 4440 275 5387 5635 8088 7072 8146 9198 5821 6087 1686 1622 7974 302 1971 1976 7195 5202 8838 3736 2386 1831 8718 6723 7361 7962 9846 7932 9542 348 2048 6372 9029 147 9067 9473
9003 5251 6730 4701 5688 9730 5017 8378 1119 1180 2750 7102 9135 2422 6075 152 1649 7193 2960 3843 4862 9891 0 714 8371 2682 9248 3406 5904 7099 2495 9899 6176 9212 5267 731 9214 978 5636 822 2276 4938 9546 7757 1119 4145 9004 7224 821 7143 2720 9151 5828 6291 4359 4642 8200 8712 3741 4300 2178 615 8678 4428 7495 3032 1185 5988 6567 3 5523 5865 5978 1459 1914 2866 9094 6706 7199 9251 8530 4775 1269 496 9705 8922 9581 9530 1396 2044 4504 4886 6875 7370 6004 5124 8092 9447 9997 7888 9346 7129 3126 3678 6937 5585 3308 379 2055 6312 5500 7954 4672 2319 134 8695 3895 297 4248 2288 1764 6454 2339 4958 367 6284 8042 1351 4053 344 6831 5625 5008 5181 4907 3681 4981 2545 2590 3898 4695 6630 4651 7880 7816 3397 8137 4635 7469 29 7148 9148 7994 3425 3525 7023 7875 5910 4785 4496 5601 1067 2888 2908 9066 5592 1498 3759 8990 2602 3646 9484 1498 7650 9710 6027 7358 2822 9226 8280 6947 4131 5631 1048 3549 149 230 3930 4775 3846 2430 2778 337 4217 2183 7819 3352 5042 9951 8212 7407 6662 1763 8031 6932 4243 5539 9309 2964 9360 7275 2481 3743 83 2017 5282 8922 2584 5373 6845 8208 2894 6701 3924 854 218 7824 920 7266 5873 2301 1868 3988 8141 8572 5054 9215 5689 3278 7094 6831 8690 8833 4950 6792 7086 9743 9614 5199 7021
9661 7403 3202 6661 8200 1492 9786 6410 6684 2510 8750 114 4844 772 1363 8462 429 8584 7555 8365 8882 7206 714 0 6119 8101 5771 5359 1574 1705 783 2779 4387 6279 5234 4611 4705 4804 7470 8350 1150 3069 8715 5009 2903 2950 3296 8074 6308 4311 7750 2274 62 3685 5796 8834 8676 35 3268 2600 704 9916 5055 3983 9931 9186 3509 4591 9322 7445 4202 1897 6311 4944 9527 8491 8948 2124 8377 2144 1679 5530 9192 42 7916 4533 205 5529 9761 9913 3638 9889 7629 1551 8226 1203 2703 3943 5297 3487 5521 2312 468 5043 6963 4308 3362 5405 1738 5233 5141 5656 7923 7531 1355 6165 5335 6077 5155 5636 9976 6174 124 9974 5597 1540 1417 8380 7390 86 1246 9253 9006 9435 4179 7634 9117 4549 8691 4433 6869 4888 9353 5948 1658 9029 3014 7365 1323 8612 7019 1421 3490 6136 6051 1393 718 9348 6773 8184 4392 5099 4047 2846 7949 8286 7704 4094 2379 1462 2286 7493 3292 8907 1729 7165 4711 9492 5042 1798 6081 6772 6112 5048 8522 2406 3863 2760 6527 2570 8890 1085 619 2330 457 1379 5057 7896 1523 2061 7736 3093 703 1727 7267 4727 9732 4588 4662 6296 1282 6576 4598 755 362 1505 1629 124 1107 5006 5466 4878 2293 4834 3876 6189 377 4465 3048 8387 98 1673 7742 3139 1282 6504 9876 7698 9653 9156 8323 5530 7876 3652 525 8869 5750 4129 6863 7365
5081 9443 578 3052 2604 6609 8357 9924 5320 5425 7769 324 26 7618 9522 8745 8256 6779 2923 970 7845 1052 8371 6119 0 486 8736 9890 1576 5116 6862 1493 4951 6729 1376 3411 5505 3050 7300 5749 6581 5867 5174 164 7239 1263 859 2276 3899 5461 2335 9605 7344 5855 5416 3086 9074 3648 2204 3508 4752 4714 7342 2506 7071 5071 4117 880 3954 4816 4380 9480 9545 314 7931 8862 5452 1548 2857 9013 9192 8709 8944 3061 9870 2497 5027 258 7905 7288 9991 6614 2741 9238 9377 8204 685 7582 4731 1822 5287 4572 4373 673 6938 3474 6879 1986 2731 4912 7883 8018 8034 2320 8385 8137 1983 9315 3252 9029 3959 4418 7669 7639 9794 9101 8749 7007 4654 4879 9679 6845 4851 6691 9449 1861 5846 2047 2043 5612 9166 4171 9060 4651 8356 1590 2803 6317 4931 9159 6764 3786 4815 4918 1906 8150 2776 9370 3754 4078 1251 7678 5026 9104 1419 2644 4998 1993 1641 3707 86 4910 2565 6632 3676 4912 1600 149 9619 100 9246 8846 5466 5139 6248 2356 8291 3544 1399 1815 5283 9584 3867 234 2789 9071 5784 2166 3252 2155 855 8774 673 3702 9155 1800 9066 2107 2321 2164 2809 265 7013 2356 8222 531 8221 1023 4818 1499 8576 6306 5324 8095 2751 9512 4448 7669 5309 2460 809 445 7981 97 4128 6518 4362 2655 1416 6238 5504 8860 9779 7837 886 2550 3906 7063 7395 1962
7900 7357 2660 9648 6793 1622 2202 4438 2866 6069 5255 9469 2556 3370 4782 4261 3437 7957 8508 4527 975 9751 2682 8101 486 0 3450 5529 9388 1753 1584 2244 8532 2119 6841 512 197 1869 9880 4772 8787 5310 969 6127 778 7773 326 6737 5461 4157 1251 8117 8640 3593 4041 4285 5578 8023 6766 2123 286 9432 4115 1242 543 3499 1362 5928 9061 629 963 9853 7186 6420 1619 1145 5865 8171 5848 9513 5949 1167 7755 7805 3433 9818 5189 5387 9426 2862 7556 3098 7860 2684 6945 6274 5558 3118 7442 1534 2090 7806 4744 5705 2229 1611 3337 401 9910 4744 3614 2540 6976 7945 4401 3707 7279 6428 9855 9531 2036 6098 6442 7100 3086 6273 6178 1185 8642 6736 5549 9469 2724 2496 5603 978 4614 8396 2994 9936 3434 3378 8417 3788 7444 7945 9513 8310 4986 8671 1959 5648 9888 8104 8398 7529 6339 4703 4088 7265 7633 6680 8680 5486 3781 7797 2371 2584 6265 7083 3630 7714 2366 1000 1153 6104 2624 4366 3575 9896 6581 8063 415 2216 7577 2234 4411 4792 5547 1370 4765 9355 7523 320 9873 9328 908 7114 5401 3029 9352 8260 8671 9695 83 8147 9745 9659 2305 5011 4524 1798 4723 4297 6376 2505 2827 5204 7480 659 461 9417 1857 5026 2420 1754 7459 3549 1605 6770 8804 6036 1474 7996 5485 2780 3124 7549 9999 7072 5747 9714 7063 7914 949 6508 4700 8547 9597 781
715 4859 9466 6687 5222 9306 3227 4099 9428 2968 4786 9083 5080 7707 4989 1479 9926 7933 2987 2307 527 5224 9248 5771 8736 3450 0 7815 2880 696 7500 6096 1569 1023 8059 1832 3842 6959 199 2938 9105 7144 4368 7456 6930 213 2762 1364 4680 1085 501 8003 225 1304 9845 6695 4187 6958 8167 8779 6644 3670 700 9169 8161 7202 3063 4455 1551 6376 2810 9023 6766 5757 4307 2127 7545 9207 5264 1320 9828 500 2548 7123 1337 7054 1447 9486 4087 8979 3484 8627 2435 5831 5861 8296 708 2645 9659 2969 3738 5496 2482 7204 6291 4958 1159 8361 5219 7903 8155 838 5248 4036 705 3956 7016 6276 2417 6775 3911 1724 7962 2994 3104 1098 516 8544 1065 1115 1926 1564 5068 4263 3734 2231 6003 3115 9874 8348 2705 6831 4217 4535 4485 3800 7624 8123 8292 6044 3558 3551 4923 7164 6008 868 7142 484 6121 1459 9175 6815 7555 8232 3493 4929 7828 7306 3458 1544 4957 2663 7747 9499 5356 9204 164 5498 5038 3668 9029 690 6666 3409 2866 450 4486 8209 9303 5561 9786 1084 6779 427 21 9159 9916 2690 6172 703 9348 6611 6961 1606 1600 766 8400 8803 351 8973 6273 3774 4152 7772 9035 4815 3314 7190 335 7548 2408 8077 8860 5213 2626 9439 4920 3489 5875 90 2980 4094 8560 7086 3716 1800 4801 2808 7744 1863 7723 1818 3234 1579 2206 1300 1873 3416 5481 4377
7627 1356 5921 3805 2471 6001 9804 1303 926 8086 8528 7383 5546 1050 7052 829 4936 8826 9007 377 5825 5764 3406 5359 9890 5529 7815 0 1254 6783 5038 2259 1219 6945 7425 3346 7182 1796 3943 1082 7388 902 5357 4636 9376 890 2007 2050 5092 7629 5213 1877 2521 7081 78 2765 8485 924 6657 7211 7315 4550 6438 9045 3489 8697 5816 9891 6160 462 1642 5430 5607 3646 5266 6545 5172 5993 70 9260 6760 5949 3591 162 2450 479 4222 4142 7648 8440 8507 7455 358 5573 4857 4557 1323 1202 6608 3147 1295 7003 709 4116 858 1378 6692 4652 4730 9142 9159 8314 4401 4993 6368 5774 3129 3540 2962 4563 9614 547 63 2997 2936 7024 4085 7581 2397 4336 4048 3545 3190 5407 2329 6056 5209 4296 8086 8311 9550 804 7082 9225 7651 1771 4669 2217 1699 7144 3273 2066 3071 2542 6779 8266 6472 6297 6570 7921 5020 8685 4105 9499 5182 999 3040 7389 9903 9606 8612 7703 3723 2740 9753 1983 1680 7624 7449 8934 5653 5348 9776 4432 2595 7843 9663 3062 127 4492 3491 6789 7167 4908 6147 9851 7625 2647 9689 3336 7578 6266 2918 540 125 5699 571 2568 1381 628 6012 6147 1053 6288 6381 6948 7606 4875 1919 5162 2744 9391 8844 8370 7554 5518 7554 4189 850 5486 7456 5651 2368 7502 845 3895 8416 1642 439 4756 5503 6453 9311 5864 290 9322 6409 733 1315 2989
8780 7904 9862 9448 4344 151 3987 3479 7806 829 5020 2535 5970 9337 45 891 5190 9622 306 8127 5935 2620 5904 1574 1576 9388 2880 1254 0 91 7711 7351 3052 2261 5845 8087 4049 9898 8969 3130 9142 5705 3359 8338 6662 8706 7599 952 8775 2937 1912 377 7909 1581 6644 6307 1073 7792 7379 906 235 3310 2731 5764 5019 4786 6226 2268 1110 8316 8250 7984 9837 7423 9186 7499 4848 233 5231 349 2475 9434 7791 8706 5088 2640 6627 5513 5795 989 7820 3039 1045 5068 2743 2995 8443 4133 3991 444 3021 7194 6742 4682 7895 4592 9249 2468 7810 233 3893 8127 5296 5784 3997 310 1089 5684 8691 500 5778 9583 1859 5289 5982 5348 3379 2181 6078 7078 4874 8557 6852 3308 5148 9337 2472 4975 2671 2748 4279 7464 4653 5495 8011 3108 7621 2773 4084 9506 79 7734 3338 7068 9936 5377 4372 6000 9098 145 5217 2236 9450 4359 2937 5277 2253 3507 1052 6354 8566 7620 8755 2419 4483 5212 8680 3499 7330 9374 590 2593 3677 5524 8386 4603 1428 5280 1644 2406 8250 6069 6371 7857 5055 9434 9185 1012 8312 4 8218 2579 1089 9454 8872 1787 1233 4981 5466 5042 5238 2620 5063 5670 4834 8810 2992 2191 8083 499 9020 3144 357 1558 800 4863 7133 1003 7206 4248 6773 8318 3766 6599 1564 4857 136 8479 7832 2576 6331 6488 6838 3280 4288 1241 3293 3140 3843 4449
6988 8229 6518 8346 9584 6780 4978 1933 23 5405 3634 6113 1960 5050 3770 5024 4071 8533 4571 8172 8422 5345 7099 1705 5116 1753 696 6783 91 0 7821 4391 8872 4308 1794 7042 1634 224 9204 7165 9225 6281 7100 7253 4008 9473 142 1258 5622 826 9912 2163 367 7808 7335 8077 1662 4783 2916 7576 376 698 3838 9988 8796 6940 1811 4335 1397 5492 5182 5789 6928 886 5042 1745 4624 1349 6158 6513 1024 5585 9386 8416 9408 5512 2333 5399 7876 6637 5505 3573 3692 4458 5950 8384 7933 398 6771 6501 5881 5023 2528 4155 9966 8320 5774 1459 459 1327 5054 4558 6266 85 7505 855 3991 5085 7216 3508 3919 4902 953 8789 5439 2692 1305 3488 4359 1215 867 3634 4469 2767 1659 6363 5143 5387 2113 405 8789 8421 4832 6656 7080 8383 3042 4231 6212 5694 8933 747 2389 1751 2905 2818 3860 1186 5383 4072 3580 2774 6540 6479 3884 9013 7373 9714 3151 5342 8100 6166 8219 1864 2497 7606 2277 1334 361 1023 137 8089 479 5196 7659 6982 8430 9071 7204 220 5423 8378 415 4541 2191 6330 1094 8674 7026 4702 3602 8869 628 4073 6624 2571 1235 897 6823 8131 6392 177 2777 1021 6347 1560 2845 6856 8767 7172 2382 265 5776 53 1531 6213 9552 1055 8358 3548 5734 5083 703 1974 1047 4369 9075 1102 2789 1001 8003 340 2010 8296 3281 7591 6170 6440 3734 7022
8177 7929 1274 5736 1532 7375 468 157 2769 2771 8244 6382 9596 9924 5242 7707 6860 3092 4779 841 7966 7719 2495 783 6862 1584 7500 5038 7711 7821 0 9967 1741 2606 8649 8233 7367 5141 7942 592 4588 1852 5839 8306 6671 8083 9009 1237 7744 9251 4189 2054 9894 5919 3637 8005 6564 4000 4817 8537 5184 4532 7659 2893 4705 1439 6752 9524 3072 3062 31 1255 1598 2039 8672 3141 3227 9804 5963 5942 7918 7360 4711 8021 8840 1283 7934 3217 1924 474 4150 5323 1670 9982 3825 3836 682 9488 9182 152 8680 5038 8146 4811 1856 6978 6081 300 1737 0 2379 3034 1004 7087 4609 7179 2145 4116 8031 8402 1254 6182 9829 5607 950 257 7016 3648 6688 5656 5542 4091 4416 5473 3771 7829 6853 3506 4372 9756 6220 1225 24 6784 7499 3504 1459 1141 27 1525 162 3811 4349 3122 8002 4025 1185 8865 6672 549 3801 3823 8734 4853 7209 9299 1715 7739 2637 3948 1883 3675 1014 3642 8668 3749 6557 2206 3812 7906 3001 3724 1537 1059 7821 727 6018 4547 1134 756 4936 2824 5198 4424 6405 4789 1325 4435 5668 4482 5222 1588 8995 7940 6387 5852 3522 2883 4734 1469 9754 587 3257 4938 4032 9359 3386 6999 7577 8374 1448 2842 8058 8871 2882 4517 6487 5238 9693 8281 3652 1488 6677 2709 7541 1650 8288 9827 1403 9145 3851 8978 6711 3236 2846 7306 2562 6193 7336 240
7465 3871 1981 6879 1676 2231 4935 8102 4764 6732 2674 1417 1499 1942 4183 9439 3828 4059 999 9215 6595 8604 9899 2779 1493 2244 6096 2259 7351 4391 9967 0 7724 6708 5798 731 510 7824 3707 9411 5684 5891 4598 2438 3852 2395 1896 1678 3210 810 7819 7016 3159 2860 1130 2694 5824 3075 5274 8510 2500 1660 6986 4048 654 5135 9189 4658 3599 5576 983 613 912 4483 5342 134 6527 9532 540 4498 7344 8753 4587 5255 9857 6437 4063 8559 3951 9742 7551 3888 2989 2 1062 2544 9922 7771 6282 4015 4429 7167 9456 4629 9752 4723 5119 8509 4147 9959 1853 7214 8002 681 3590 6804 5584 3403 2155 7011 6755 4087 4036 9249 6285 9531 6790 853 4678 4633 1858 3920 3975 1233 2331 7256 24 8655 6001 2502 8632 4574 6664 9239 6583 5341 9038 3612 1780 9068 5314 1287 4625 1646 6289 1215 3325 8096 3654 540 981 8655 4606 4764 1250 3118 8211 5621 2772 327 71 5798 385 487 217 8632 7861 3993 6993 9226 2519 1913 1225 3131 1371 7430 11 6474 6009 8796 3728 3915 1420 754 7101 1342 6442 4594 1118 6156 3765 1404 2642 5566 5613 5749 9875 3292 1035 903 6981 7055 410 8755 5786 347 4278 3357 6760 890 5248 3813 705 2271 8341 7730 9737 8031 1372 4049 8474 478 4009 4525 6103 4644 5982 1867 9229 1150 8571 210 2442 1419 5270 7204 557 9157 4686 7822
