200
0 6114 5282 4180 4403 8994 7528 507 9452 348 8777 6927 3452 9936 7487 8927 5211 4824 4080 5512 7811 212 4163 6668 9302 8089 2979 5731 6224 2455 7785 3207 8105 5581 822 6529 6692 3937 45 3740 2730 8349 7500 2061 8047 3097 232 2269 5967 8127 5698 271 2216 1439 3532 9923 4720 1533 363 8901 8431 4193 230 3330 1727 5264 9452 424 8993 1835 2909 2270 1636 8534 3646 1714 6558 5309 1027 6786 1172 9272 3970 2136 8524 4212 6166 2680 1164 4968 3237 740 4607 3788 6439 2580 6815 2550 4787 7870 3610 3729 3847 7886 7538 1512 218 7546 6442 5221 8363 6339 3417 2718 6338 7106 2841 7305 7889 4651 5509 9916 1981 7369 9655 652 5743 2811 6213 9316 8819 1549 2093 8859 854 863 4002 550 8501 8735 7072 3853 7910 4070 5445 429 4364 3167 9082 5093 7854 714 9590 9667 9073 6652 1826 4669 778 8257 5033 2163 5924 3743 5630 1454 7868 7278 3962 85 8789 3392 6160 8700 7767 2505 218 2109 5452 2443 2302 2685 907 6939 4187 3536 6241 98 1596 986 270 5134 4998 8436 5121 9880 5569 6564 1664 5465
6114 0 3048 3182 4513 5642 5604 4790 6680 7462 5711 1238 2905 7931 8444 8640 9810 6108 2677 6856 9708 9838 704 7426 7907 6962 7168 7038 4643 2471 8644 3531 8584 557 4103 1916 307 712 3503 540 4071 8932 812 3359 7136 1247 577 647 5977 4242 7208 2544 6357 3782 4527 4211 9068 7062 4813 6220 3433 6715 7504 531 2997 8305 499 9759 7050 4415 9338 613 1009 4331 2835 3671 9919 9563 6224 7426 4085 9477 7802 534 3069 918 2360 1734 8882 8152 1417 6847 1918 7700 114 1408 9743 7270 1487 7517 8182 8499 9452 7948 1863 3337 7743 5203 7457 9101 3333 7686 676 6905 6809 9169 6924 192 5577 2917 3274 6132 3419 5607 7311 2036 3374 2997 8818 3977 546 8062 1046 9490 9897 8657 3215 4826 1929 3057 1641 5181 6082 5088 1259 1075 710 1528 9628 6022 4596 7974 4990 6553 2018 3935 8099 3551 4943 564 5592 4502 6262 2384 7202 7539 904 6418 546 615 816 1359 9258 3620 333 673 4636 7274 3275 8282 5662 4364 6558 9878 7671 876 6928 9730 9930 8262 2413 2085 4763 9530 9319 6583 3463 1421 1276 5274
5282 3048 0 6761 769 6884 2280 5641 9748 7177 2668 916 345 6103 7521 1640 7374 7972 7140 3697 1819 4343 7367 5054 9315 823 835 9833 4468 5234 8973 4910 7451 9384 264 8396 7011 5697 9103 7973 6051 5971 5293 537 5916 3281 2778 5606 6056 6299 785 6119 1405 6581 6155 4220 3965 1606 3614 3935 4493 3721 2632 8507 7526 6137 3425 6034 4237 3817 8777 2778 2197 7778 613 1910 7150 4985 9674 3294 1797 8551 2689 3977 2063 6681 8370 8168 3943 3329 2919 18 6679 187 3756 734 8619 645 6701 2523 9253 8414 2097 1552 2457 4152 6402 7027 7745 6237 979 9778 5837 9913 1064 8580 3242 8319 1394 2338 3547 2852 6302 2799 5839 15 4221 5545 6573 7956 4885 5472 7088 4693 434 6877 5811 3615 5603 6586 5726 9388 5885 1756 4690 1778 7469 1875 2622 6718 1596 205 9918 4455 6073 4411 7078 2239 7782 5926 4627 5650 5748 1536 3056 4277 5109 893 4179 4696 4997 8096 2600 3235 5341 2775 1037 9628 5871 955 5353 3554 5768 479 7568 9059 5346 6622 9699 4323 3280 8365 2364 4114 63 4840 8311 4521 2868 6399
4180 3182 6761 0 5995 3590 7999 4557 2002 88 39 5826 7675 7102 3486 2150 5281 147 5826 4940 6720 5324 6362 6520 5136 5720 6251 794 3151 3743 6050 8586 81 9953 6471 2375 9246 1130 6859 7317 1291 8343 4751 41 8190 5066 6834 5565 1253 6991 4826 945 7989 8015 8738 299 8592 459 9161 5379 1680 5257 7090 1818 1273 9405 9087 6365 929 1076 8624 438 5418 8358 6787 8291 9482 148 3854 7726 2253 7065 8152 9465 7431 2445 206 1837 9244 2249 6334 8351 7662 6509 9011 302 5604 3495 6287 3679 6285 635 1987 9902 8417 8991 2829 9425 8182 5995 5709 6030 6646 1889 9367 8809 8963 2185 6545 3808 94 8815 2767 3098 7528 1965 9559 1240 5336 125 5499 5702 5590 747 8532 9885 4157 6024 1626 9127 2255 9280 2940 9715 1005 3702 3849 6621 1917 7163 4082 6260 1811 5004 4684 5342 6598 6406 3572 5929 5496 4018 68 7042 5182 9013 5619 8884 2319 4346 1747 1752 5502 9433 2997 2367 4719 8880 7933 2199 7959 301 920 3560 5142 2337 2072 3306 7413 9772 3490 7557 8526 7136 4648 5913 2450 8046 2643 7372
4403 4513 769 5995 0 6174 7741 9586 9731 3921 5005 3052 4386 9844 9857 3337 5343 9456 8520 1186 8197 969 2438 542 4964 6231 7044 3205 1065 1754 715 6117 7243 5607 1441 7637 1174 2288 2212 9387 3529 2796 1582 3640 1586 4918 1182 5137 1688 1767 401 3950 4018 6588 1605 1890 282 1540 7532 4078 1417 9212 1185 3202 4644 4340 101 8370 5527 4173 3289 9415 5873 470 2213 513 9603 8878 6037 3917 7708 5909 8330 58 1670 6051 6857 7921 1263 555 1257 2175 8901 262 4766 7965 1869 2643 9915 1152 7500 2336 7353 1990 452 1202 8540 203 7243 4574 785 9719 4940 4512 54 7747 9607 4568 204 3100 2748 4672 4891 4615 7050 1231 2656 4488 3629 7833 1702 1360 7377 3839 8363 6962 4915 1712 9176 9897 2570 8878 3712 2377 7027 7343 4723 4607 7811 4232 9093 1238 5390 1258 3807 7548 7095 9771 6151 5301 5619 3331 7041 8781 2598 9683 5190 6629 8142 765 5880 3443 910 7741 7294 7555 2371 2678 4848 9001 9108 9129 7327 3502 6519 9597 30 2456 5081 3079 8538 925 5263 4181 8846 9426 2025 8113 2696 807
8994 5642 6884 3590 6174 0 3130 4154 1294 2697 8908 6136 2695 6332 2521 3163 4640 3628 2424 4679 7708 3047 7834 7621 6341 9874 947 9662 5801 3763 3409 5592 1886 834 6659 3811 1955 8515 2328 7179 7574 785 3732 6783 7522 3526 3089 366 1789 5823 8870 985 5562 7110 6987 5050 8226 203 5734 8147 8679 6253 5276 3482 6663 1965 4384 6915 4781 9246 3863 2767 6176 1151 3758 2445 225 820 5621 6856 8031 3883 9878 4234 419 9586 4755 7122 3074 5122 9798 6775 1722 6424 1108 7854 1078 6715 7935 8158 6775 5024 9112 3391 7863 4022 8166 953 9380 4198 3899 6006 950 9196 9424 1795 4543 5565 6046 5320 2335 6955 6490 9379 2116 9655 8025 9166 1824 3718 3402 1776 4650 1121 8290 8979 6321 5534 8522 2963 1194 6705 3352 4362 3822 3130 5105 4335 6183 23 7862 6519 8926 7526 3657 7355 9293 9138 3922 4891 2172 8119 6969 4468 4402 5166 2156 8693 1277 7441 3414 7195 9683 76 4542 9379 2367 2611 5775 2272 4941 1288 8851 3980 9146 5202 6776 665 9620 417 1253 5017 5298 5529 6527 6160 5146 3245 4121 8941
7528 5604 2280 7999 7741 3130 0 3704 7230 5730 6453 9732 4965 9926 3482 3294 4558 5995 6515 9363 8357 8302 4485 9451 2513 2059 3448 8095 1189 9276 3426 7860 189 9002 4357 9124 7264 6130 8061 2531 3463 1270 4733 5830 3964 1132 5963 9530 8119 3324 580 5563 2807 1825 2592 3979 3048 9969 7680 6893 7469 8412 3314 5312 4048 678 6439 7011 8597 6087 8989 8708 6235 922 5932 9206 4223 4806 785 1959 7587 8759 5560 2617 6261 3619 7864 5046 8209 855 4099 645 8039 2622 8592 4069 8573 9712 134 490 6545 6508 2493 7020 2681 1528 2088 8420 2483 1072 5565 1287 7217 8371 6747 154 8229 458 6828 8773 6466 5462 7995 845 9776 5067 1569 5600 7630 4248 6270 9156 6865 5607 7091 9945 6257 6794 7368 8454 6241 557 4157 7919 5266 5292 2403 3210 4730 8035 5133 6847 6013 825 2907 9682 5329 3896 1897 1607 6476 3978 1651 2175 5515 6646 6445 9558 515 6325 2677 7588 7717 5154 758 6191 9070 4466 8347 3857 2016 4534 9782 6124 321 9517 2222 3991 9588 1983 870 9322 9793 7688 1755 1810 2459 1327 3405 4967
507 4790 5641 4557 9586 4154 3704 0 4254 8724 7111 1412 3222 4154 9632 5492 6616 4693 3459 2947 5743 7516 2124 8167 6951 389 5456 4909 8901 147 6284 2479 7978 4353 6888 5154 2329 2664 808 4947 5829 8300 5211 6952 9115 5672 6228 8801 4413 3783 7124 1286 3961 1843 1961 7159 3725 5773 1656 2092 6589 529 9369 3839 4968 8175 7269 586 3726 7495 4813 5339 5431 550 7174 5892 9375 6264 7082 9280 1586 3357 8728 1438 5356 5200 236 8410 8862 1713 8638 5172 6791 1754 9275 6756 3665 4983 794 4126 9319 6029 7 6266 4844 2069 7820 3999 6969 7330 3798 5633 5089 8537 9351 601 3613 5517 8367 2649 8737 9790 100 900 701 2976 8584 1311 7813 1340 9668 9593 3127 6746 4472 5796 4103 8079 4505 8047 7217 6001 5031 1437 1362 6914 9998 1152 140 4542 8584 688 7893 5825 2484 9383 544 9497 7152 7462 6795 4467 9736 529 7900 5379 7346 2881 8020 7586 5298 1847 6474 7953 5428 4521 4737 2335 9451 1774 6852 1295 3795 6618 3568 401 8154 9391 2375 6024 1738 7706 8659 9753 1001 1136 5443 6208 7559 1864
9452 6680 9748 2002 9731 1294 7230 4254 0 2353 4087 1301 6786 8074 9448 4014 3996 6485 3281 8923 2323 4589 8303 7322 2939 7223 74 8336 1115 4385 3745 5143 1612 8605 1145 6968 8404 1430 1699 1653 3891 4390 3827 341 7764 3693 5818 1384 4364 6340 9454 3405 2191 8260 754 965 1235 2010 6666 4688 8897 3551 5337 490 4435 2927 375 3846 1208 7598 1982 411 2337 3939 1503 5532 3987 1207 9557 9976 4461 3108 1044 2002 1161 2862 988 4417 978 7618 1053 5162 6777 2364 4536 3087 4284 4491 1902 1741 7361 9212 4493 7969 7012 6134 2577 8193 1161 5543 8153 2329 8439 7903 8384 7127 4070 7914 2760 1630 2079 9321 3859 2247 5566 3098 2722 7086 3334 3832 4538 3204 2539 1245 9198 1760 9994 3274 7653 7257 2609 6800 4391 9682 1729 2448 7702 8303 659 1654 5546 7367 5239 6010 1501 1253 3991 281 8876 9856 4731 6132 4647 6984 994 5548 1910 7313 6562 5571 7968 4445 736 927 4798 217 765 5126 3871 5532 3921 4551 5725 187 1660 6862 9326 8753 3498 7418 8247 9026 6502 383 9398 3769 6372 6411 3521 9309
348 7462 7177 88 3921 2697 5730 8724 2353 0 1438 4195 2108 7661 8917 5327 5240 9916 1064 6586 9199 7138 74 1431 1152 1579 6941 2065 7237 8464 3001 6457 5369 4911 8792 6812 4402 5325 2285 6950 6838 7253 9199 4797 2187 1796 7708 4651 265 1843 9302 808 8994 8761 5819 7201 4895 159 4457 6937 1725 279 6508 1456 8819 7093 8720 9680 2103 3295 1432 1018 4438 1934 4018 5953 130 3315 6156 2649 837 2820 6961 6113 5367 6198 5440 7792 5434 2407 8067 2394 5694 765 3837 3561 5760 4216 8418 2892 6353 2595 9357 5560 3639 8625 6359 8727 3749 3803 3303 8047 8415 5425 3694 3395 1180 5003 867 8582 4155 9224 251 1621 6117 7695 1734 9656 3426 6208 5345 4227 2156 7290 1564 3253 6857 8642 972 4748 7526 1832 3514 8700 8228 639 4059 1040 7616 7464 3383 6263 910 9320 9271 739 2995 9724 6642 455 9935 444 4079 8304 4328 2828 8213 7264 5543 1913 6495 8571 5425 978 5673 3265 8998 1255 775 8329 6132 1523 2091 7443 2228 3132 3867 8211 4896 9375 4314 2272 3978 7998 541 5402 2444 513 3503 3822
8777 5711 2668 39 5005 8908 6453 7111 4087 1438 0 4661 70 8631 8202 8925 9628 3636 9606 8568 6567 4836 6437 6703 3863 3853 1187 2519 9495 2890 1740 9289 5931 4597 1322 155 3850 2859 6048 7005 5559 2601 1252 4354 7409 36 9400 5525 2451 9607 185 2192 6717 438 7193 5121 8645 1598 3677 3395 7774 6602 7397 648 3321 2301 5371 3332 7275 6571 6713 5907 4928 9306 6941 8007 4985 3135 2812 3799 3645 159 8639 9920 5864 6940 1858 7756 3700 1830 3645 6195 830 5824 4401 3923 2722 4730 3845 5737 1676 1429 935 6694 3406 4935 9520 7150 8598 6571 1760 8792 6440 8954 5350 6573 3648 8772 8114 5632 1151 8512 5823 6858 9645 3707 6779 1876 6191 469 9271 485 4862 1959 6393 5533 9948 4479 7333 7040 9112 7860 5839 1347 757 5980 1655 8036 8700 2395 1178 3886 9081 9366 3283 2490 1378 1423 1013 4865 5193 9174 1223 5976 265 7083 1044 9064 8891 6608 3196 4238 2492 201 3691 7498 5514 4569 9198 7484 4330 3469 2907 9991 9971 8743 4563 3101 8857 5780 7366 1869 687 4308 9180 3088 5767 3876 2232 8826
6927 1238 916 5826 3052 6136 9732 1412 1301 4195 4661 0 5913 3806 7677 5193 7873 3671 6465 2773 2124 206 9232 9063 3681 2263 879 3199 7209 3051 5644 4417 9665 8529 9364 796 7306 1846 4569 1743 6981 5245 9841 5808 6775 3155 9189 8812 5866 9397 7556 8549 2039 2854 6199 9643 602 5811 8796 7666 3524 9101 681 4905 5155 2105 7910 1852 5201 6323 5473 7224 2127 2730 9249 9175 7931 9098 9005 6536 7604 286 2979 1678 7323 6569 2059 7296 1305 4186 1349 6403 1922 8068 8277 461 818 5914 1955 3000 6689 4545 4612 8401 4151 6641 3503 8253 2812 6771 9114 2208 7906 9723 3767 6380 8249 194 8027 6111 6556 1284 4288 916 7804 2134 394 9685 624 1583 4408 9372 3227 7395 9767 7172 4843 1455 5320 1368 6918 5766 3054 641 6394 6247 4461 3664 9504 8801 6021 3610 8210 7531 9622 9501 8276 6007 3725 9317 9982 9585 1881 5274 2372 444 3776 8294 8257 6501 5546 187 4919 8755 1393 9027 4932 4528 8208 2679 8244 2830 655 9852 9425 6412 4059 8547 6434 5266 2742 4275 2062 2259 516 9973 5537 2939 4660 8702
3452 2905 345 7675 4386 2695 4965 3222 6786 2108 70 5913 0 8446 9225 9348 4346 3 8927 2890 7679 270 1532 2045 9159 3665 9522 7671 2771 2349 6978 2750 5167 3482 2370 3581 4734 1500 7457 355 5183 8310 2730 6847 5754 2082 5766 9205 5336 5209 2216 7723 3161 4032 9785 2671 9004 6897 8461 2562 7350 3676 8525 8567 876 8686 5610 9643 6419 5324 770 3174 9127 3037 958 6643 6456 5045 1033 8134 3199 4926 2423 630 6922 3356 3578 4742 9092 5525 7271 5714 7847 8909 427 8565 3516 7314 5001 620 674 7687 4953 4764 3758 6487 5265 1312 1757 7955 6387 5144 3738 5030 5049 4165 7831 9548 5082 7150 5138 9853 8509 5752 120 3697 9289 5820 586 526 8973 4633 1415 3689 1300 9200 9060 2077 2546 631 1115 8251 4287 6395 7218 6786 1138 9342 5237 5682 4241 8276 9205 2627 7305 8455 5038 6688 8743 8693 5467 6657 5983 332 2178 407 7531 6820 1875 7334 1750 559 4889 1728 5054 5398 7570 9791 9854 1361 1810 7870 3268 1469 4939 2703 5122 246 8500 6020 6622 5869 3140 7336 4600 1504 9650 2666 9074 6515
9936 7931 6103 7102 9844 6332 9926 4154 8074 7661 8631 3806 8446 0 8917 5795 1975 3133 8257 3470 9204 9014 207 8139 3737 9380 106 1519 5249 4332 3554 4649 6669 6141 3267 4271 5381 2342 54 8097 2627 7374 9802 417 7058 4948 6080 7900 9000 4843 3736 6602 5824 5770 2361 3204 5504 2392 7273 5825 2827 9193 2090 9868 5667 2975 2536 8184 6422 9312 6841 8661 1268 7562 9375 3944 5845 6872 343 4573 8025 5609 2615 9660 2101 811 9904 931 1083 3203 7490 8311 5545 2299 9805 7776 1865 3976 4369 7640 4654 9375 549 2428 2517 8523 9188 7948 7198 3574 8 5980 8639 7327 3358 688 8337 8096 5294 6139 7986 7130 1947 1748 4021 4005 3278 7982 6423 2114 7612 6326 7070 8490 9299 7890 4412 9696 4828 6901 7166 2468 9590 160 8592 5831 5515 8393 8189 6616 4548 2127 7677 9528 3558 9882 4327 4228 4903 109 2076 3059 7526 6913 7031 7837 6135 6681 6154 7811 952 5688 7928 2916 9233 6748 1555 2846 1527 1325 5505 3663 9768 6984 610 4884 1276 7309 8510 3150 6218 10 4389 5296 3606 6269 490 9737 8133 6064
7487 8444 7521 3486 9857 2521 3482 9632 9448 8917 8202 7677 9225 8917 0 3713 4878 8673 8755 9641 4480 620 4290 2243 2794 5415 2628 3782 4403 5740 5616 2790 7871 8956 5774 1620 7242 8732 2011 7860 5659 922 4983 6938 1603 2031 9442 2742 1561 1280 617 3535 2808 8516 8698 2319 6070 8271 4446 9329 1045 951 6909 86 6491 8291 7138 6997 7166 6232 4661 9527 334 5823 7237 7857 8273 5627 1656 4149 7401 5020 5595 4309 9971 3165 8507 1032 1429 3988 9827 9744 7268 6562 5287 4267 5191 4896 4168 1980 2774 4277 7169 7112 6118 7479 8859 6618 7170 3877 135 6227 3462 3334 3253 3402 8715 5874 896 8793 4819 2482 3463 2206 3201 6851 8722 3339 843 7043 9146 5514 6292 385 3730 8744 4569 6326 701 7464 3715 9525 4370 9988 9713 9503 4992 620 5407 6973 8478 6998 8265 1755 3218 3706 258 5112 6121 9576 2072 7477 7687 8801 3423 8255 5239 4061 7471 9418 6346 7861 3171 8559 7939 1492 1738 5150 5998 9338 5665 8626 7976 4970 4512 3369 7490 6599 2698 4326 3826 4381 4508 3445 5052 5723 8962 9150 6301 9866
8927 8640 1640 2150 3337 3163 3294 5492 4014 5327 8925 5193 9348 5795 3713 0 2954 5408 3012 9304 3449 7747 866 3622 6113 4490 4970 7726 130 7587 2064 4625 7598 7594 4694 2117 9000 2229 3983 4068 4356 732 4032 4148 915 1702 3399 6874 6885 6181 9004 4343 579 9151 8795 9516 385 5564 1849 1740 8196 2323 4880 5496 1393 1725 134 2241 3284 7591 1488 6653 8196 3408 3899 2832 8201 9783 39 7152 5694 9198 4557 4049 5228 3358 5441 3838 9356 9467 7364 372 7167 9103 7619 6556 2569 3021 829 8167 7483 2177 8804 3443 9011 9533 3110 1754 8326 9397 3786 1858 3358 1890 1872 7669 2237 4785 4727 2329 221 9879 3636 2531 1530 7403 9975 648 4380 5 4680 6537 1781 9827 2449 3620 6320 7655 633 9341 6889 3383 3510 3126 1169 3335 6935 4469 6649 3808 4123 148 8122 4238 6025 7710 8238 6004 6381 8205 3565 2328 9217 2341 5908 3239 2057 65 4841 5086 762 7374 3414 3383 171 9076 9200 6447 3953 9132 1418 5628 1296 9288 6802 9083 5476 1622 9076 8286 3926 1054 6920 3239 2652 6413 6778 4899 5369 9070
5211 9810 7374 5281 5343 4640 4558 6616 3996 5240 9628 7873 4346 1975 4878 2954 0 6713 9599 1517 3432 4814 5350 3313 5249 9531 8198 6644 2053 9967 5215 655 7110 3197 7895 6618 2348 3860 4061 958 1977 1124 9367 9648 2944 2922 1921 4797 523 2931 6464 4619 6668 4176 8777 2639 3237 4737 3346 281 8890 4144 5163 5445 5610 843 8261 3187 1098 7724 266 8607 3267 4354 3117 7455 8497 5112 4915 2569 9903 2550 870 8187 2646 8478 4490 7194 3114 993 7961 1796 7046 8090 7863 5684 4940 6987 43 4646 3176 7634 4158 6168 7435 3211 1647 2983 3810 7631 9126 7731 7156 8554 5204 2532 9419 1447 7775 4026 7755 124 7974 2649 1464 67 5030 9855 8629 7295 8527 2898 3137 8150 6592 5012 2724 8286 4401 2810 4532 3602 5939 4039 5224 8299 4594 4638 4863 5867 1360 7812 4315 2847 1951 9555 1907 6307 8019 5672 6459 9187 9487 5575 8908 2656 9386 3921 9899 6654 8292 9743 2892 9152 1788 3197 9368 8947 9498 4250 9834 4656 4542 1448 1362 4900 7929 6167 196 155 7956 7242 991 6363 3435 5345 5258 6433 808 2128
4824 6108 7972 147 9456 3628 5995 4693 6485 9916 3636 3671 3 3133 8673 5408 6713 0 5470 6985 8180 898 5201 8695 6809 3360 7674 2793 5737 1927 6626 6635 752 2330 9724 4385 1059 50 8437 7473 995 3576 4477 6748 9586 498 2647 8356 378 9548 8376 4871 3573 9099 7706 5937 2616 6034 9652 4262 1886 1831 1990 2038 4148 8679 4705 9866 6025 6403 5613 7363 8216 3293 2904 234 6152 8465 9488 9875 9796 4552 8917 4957 6743 4158 8326 1309 7223 2632 8839 8825 6020 1290 5249 7210 4217 5447 5469 6638 9434 8400 6419 3834 1157 1360 4878 1367 5948 4025 6321 5192 8750 398 3843 236 9955 5067 8185 2794 2941 5763 3595 1151 9709 2807 7234 1214 2924 5448 7045 1216 6549 4206 7989 4575 2373 1013 796 9663 2308 3144 5462 1847 3929 7008 7908 7274 9058 5652 1705 6543 2710 4668 106 6706 9047 7510 9292 1918 6961 4024 4332 6003 320 9686 9419 1199 9427 7068 540 699 798 4388 2067 6705 890 6215 441 6150 2113 6977 6806 4142 1771 3395 9602 1456 4573 7847 1162 9796 415 2416 1177 776 8362 198 4457 2187
4080 2677 7140 5826 8520 2424 6515 3459 3281 1064 9606 6465 8927 8257 8755 3012 9599 5470 0 286 9087 5075 8669 3587 6880 2253 4134 5865 796 9700 8365 7294 6157 223 7870 8588 5208 9644 8361 1742 1088 2649 135 9732 4755 9710 2153 2556 5343 4569 932 9580 1228 1577 2683 5869 374 382 5604 9873 1187 7935 7039 2602 1026 6113 4217 3900 3453 9008 3918 6770 4270 2524 7253 6540 9971 6295 1297 8363 8181 770 7362 5561 7987 7126 6385 7716 8956 649 8744 8905 3261 4913 3193 7854 3903 4996 3567 5976 8971 8117 2779 3317 7414 5046 7516 165 8405 9965 4366 9260 1419 3468 6043 4155 1450 4218 8837 4984 5196 3604 3514 6534 8150 8889 2181 2427 8353 8770 7404 6546 8219 8153 427 5764 5423 4500 7186 5108 4795 6298 5133 7375 9128 7405 4331 7571 8645 985 5325 9520 4462 3943 37 8731 9381 7242 6353 3731 3941 5006 1584 2839 6542 6847 9841 9491 8127 6327 4322 969 397 6970 5304 4772 5682 5902 4398 4526 62 2590 3946 1064 3401 4593 5371 159 8185 3380 9376 6174 5370 503 8117 5368 5169 6539 9015 3393
5512 6856 3697 4940 1186 4679 9363 2947 8923 6586 8568 2773 2890 3470 9641 9304 1517 6985 286 0 1705 9683 5659 4170 318 5517 1486 9955 4986 1776 7110 9396 7053 6216 9076 5025 2677 7171 62 8276 285 8042 3642 5970 9986 1530 724 4980 4293 8351 5074 8676 1435 3001 5734 4995 5059 8093 2886 9138 6216 4317 8511 9124 5095 7359 191 1732 4980 7962 8945 9986 9874 7269 4639 9521 9580 3896 1803 546 4639 3633 4124 5480 5847 7481 8369 5636 7977 9264 9747 8876 7492 4969 7088 874 4284 1324 1495 6738 4536 4097 5999 6384 8623 418 1035 4117 6623 5517 9008 6694 7124 8487 1027 810 1204 3400 1021 9941 242 6225 7200 372 2754 1063 4065 9631 9131 4193 3223 7852 4535 4641 6264 7850 5803 4500 2008 1062 484 7677 5318 3388 7806 5233 4860 6312 4585 2683 6367 293 279 8871 5729 5266 7146 6863 1978 1409 2507 3912 4762 6800 3527 6959 9522 1319 6138 1626 1280 2958 4119 7275 9797 6623 351 3140 2120 113 4444 6588 5227 1433 2225 6422 3384 1021 6869 5287 2024 168 4120 4558 2064 567 8678 5381 6759 7009
7811 9708 1819 6720 8197 7708 8357 5743 2323 9199 6567 2124 7679 9204 4480 3449 3432 8180 9087 1705 0 6556 3248 5816 9924 2109 9416 9282 7327 4740 6449 4299 2657 6554 4127 8955 2944 8981 882 7045 3547 3929 1668 3123 101 6183 6888 59 6282 5807 8271 7925 6032 6986 1577 8853 7927 5454 940 9954 9818 7924 440 5749 7625 3141 8407 4837 7524 9030 6205 8061 980 124 4528 917 2777 4963 9034 477 2155 9921 1367 5185 1400 2141 5488 1498 4795 696 1395 7225 2481 2682 3271 7114 1195 7705 7543 6430 6431 1692 3066 641 131 6368 1565 2885 6669 2157 6722 7677 4475 111 4343 3069 1833 3230 4472 2303 1408 5612 4638 1847 619 6958 6022 6913 5355 2790 924 4459 9066 4749 1745 6743 1853 1870 2655 2836 3050 203 9220 3934 3959 1111 7001 1588 867 298 8899 4332 1563 8566 999 9051 380 8610 2471 3840 8734 7534 6099 464 4924 8975 5412 607 3652 7348 2620 3919 9122 3217 7079 5868 1208 892 8787 7990 2909 2977 1873 6080 8829 7213 4287 6420 7695 1622 7099 6622 5367 7618 388 4226 1548 80 709 348
212 9838 4343 5324 969 3047 8302 7516 4589 7138 4836 206 270 9014 620 7747 4814 898 5075 9683 6556 0 3500 6284 1545 1629 3466 3228 1656 4990 9069 2718 8849 92 6655 5996 7063 3468 755 5375 8802 5492 1795 8013 840 1019 4923 9745 3556 8717 1025 9032 4294 2134 5585 8349 4203 6132 1915 6660 6380 1433 7627 8622 6529 6199 2575 1974 2257 7279 84 159 9451 4078 3273 3978 2518 6622 9506 4477 4490 393 1253 8415 3355 4794 6888 9922 7388 4578 5080 1803 8897 3996 4204 3824 1895 4861 5703 8263 6637 2856 3692 882 9674 2348 1943 5739 9224 5713 942 6828 7110 425 8543 9567 5732 2763 3127 223 1150 7376 1444 1176 8507 265 8165 4407 484 5786 6470 1894 7619 6746 5907 8679 797 4152 2685 3074 9753 1001 9539 7011 1139 8925 1493 1893 1097 1934 3355 4850 6293 2145 38 2830 6311 3739 4940 8165 3090 1151 9112 4609 8291 2385 9079 9023 2492 8667 5194 8145 8019 2878 9509 4722 8600 8831 1944 8989 1294 862 2691 8150 9004 3590 6984 175 5120 1990 5201 1228 829 2027 3109 5214 6953 5148 4582 1054
4163 704 7367 6362 2438 7834 4485 2124 8303 74 6437 9232 1532 207 4290 866 5350 5201 8669 5659 3248 3500 0 9472 1852 2834 1873 4200 8074 1471 2844 5260 3533 8215 6330 5896 3443 6345 7893 2877 8621 1809 8446 2694 2715 5062 847 7683 357 8171 7477 5161 7852 484 5527 2773 4314 8914 9649 5484 9121 9658 215 4057 315 454 3357 7546 413 2914 3 2013 4296 2539 4165 9037 7244 7736 6380 9112 7591 8663 2989 9787 5613 2893 9574 7596 6264 7597 5561 7779 6385 3470 1698 8303 8108 1494 6443 5177 1316 1418 9737 3446 6883 9648 7536 7354 4477 2409 4631 6837 3700 9513 1988 5115 4774 4830 7552 2100 6647 1293 8722 751 7724 8741 4102 4101 3084 1866 6300 8007 7818 9436 3314 4242 5071 5894 4203 3548 7738 4793 2191 5686 6961 5036 5642 5383 926 4156 6702 5279 1377 343 7665 9511 3669 9279 4212 4393 9529 7952 4845 1264 2287 9139 10 6990 6380 3202 5920 3810 6796 3501 5268 5294 9067 5634 1762 2133 8289 4657 7945 1741 8915 8151 6460 4490 4381 5278 4354 631 4402 1900 4450 8309 2584 8423 1818 9688
6668 7426 5054 6520 542 7621 9451 8167 7322 1431 6703 9063 2045 8139 2243 3622 3313 8695 3587 4170 5816 6284 9472 0 2499 6776 9867 9781 2310 2183 1099 9651 7383 7325 8712 2175 8153 5836 7729 9562 6566 2697 917 7635 6126 2144 4666 123 5565 1183 2174 9285 674 2876 5707 7405 2669 7786 10 5495 9490 6824 4820 525 7611 1156 4694 1299 6522 8428 1382 5390 2329 156 7253 977 7651 7118 7664 429 6768 9597 1643 8272 9848 1898 2790 8985 9146 3233 5566 7963 7580 169 8080 1631 6566 3610 1389 7163 9920 1087 2866 3097 2325 4663 863 8253 2771 2481 9793 7989 728 97 3899 3383 795 6187 7347 5760 8890 6006 6651 6205 5528 5974 9685 1972 7179 6766 7203 1092 495 883 2603 315 5321 6414 6782 4982 6960 6479 6074 3295 8503 5295 1068 2647 4157 1056 976 1771 4235 7121 5586 4958 1045 3604 6783 1261 6287 6831 1078 5050 4117 6213 7620 9109 3734 8542 7344 2996 2703 9167 8006 3178 3940 6923 8841 2320 3090 6505 8165 4673 2900 3984 4139 2877 4764 1354 81 9668 9881 6470 9035 7534 4124 533 776 907
9302 7907 9315 5136 4964 6341 2513 6951 2939 1152 3863 3681 9159 3737 2794 6113 5249 6809 6880 318 9924 1545 1852 2499 0 1656 2508 9425 5783 3908 6521 6149 3169 5681 3998 12 2664 1414 8471 3234 4166 2410 3 6064 1310 1692 1587 343 5489 533 6743 2003 7650 5783 8389 2524 8223 2477 5651 1392 611 8559 7166 8936 2312 904 8475 9237 8456 3688 2553 870 8933 7591 3634 213 4551 7767 200 442 7069 2755 1330 4569 9947 7607 6797 4231 9593 3538 5786 9934 2642 5708 2225 5981 2152 9244 6288 4768 7507 2022 7321 6235 5628 3568 2995 9717 5214 4702 7452 5501 3555 8670 839 764 7413 8410 2474 6430 9298 7534 9866 300 9207 4134 9541 1175 1974 9044 7043 6780 3286 1699 7554 3845 6853 4908 2662 8205 3087 9036 5061 3357 7655 400 7958 3597 8626 2078 7311 8672 985 9463 776 2820 2232 2246 1660 95 9911 7236 9863 2118 3244 9056 5391 9622 950 3082 6665 668 9047 4454 332 7073 6171 1824 6954 6694 2093 2226 556 599 7984 8706 4339 3194 2332 6894 837 6722 7174 6338 5506 9823 6676 2651 4539 4252
8089 6962 823 5720 6231 9874 2059 389 7223 1579 3853 2263 3665 9380 5415 4490 9531 3360 2253 5517 2109 1629 2834 6776 1656 0 2875 5015 7106 8331 2420 4494 7165 8053 3438 2708 958 2333 3134 8778 1743 3015 7183 4514 7436 7679 6831 8864 8613 2072 6168 2355 604 3524 1653 3892 6675 1915 2533 9718 9795 5567 1383 7123 9812 6578 9641 2191 7013 2737 2404 2054 910 5082 6337 3451 159 1812 8555 1090 2774 2416 12 4181 6501 9957 9392 6674 8539 6088 5349 104 1183 2741 802 1734 7410 7277 9131 14 693 8729 5846 4159 4989 7799 6461 6848 2130 4785 3642 2658 5199 4591 5614 8692 9076 6585 474 8306 4483 7191 8695 5371 2904 5962 4490 8948 5076 9615 7828 9217 3322 537 382 1679 5967 2641 601 8906 8729 737 8083 2796 2945 3245 2511 5122 1616 855 9025 8853 5235 159 7597 6072 9442 7966 1030 165 2509 1075 4921 6349 8963 1849 6714 7156 3123 8849 9800 1267 2394 7675 1600 6553 7596 7649 9145 1586 718 3047 9817 7089 9528 9021 4667 3390 8852 2977 6993 8611 8449 17 8069 8168 4996 7119 8682 7659
2979 7168 835 6251 7044 947 3448 5456 74 6941 1187 879 9522 106 2628 4970 8198 7674 4134 1486 9416 3466 1873 9867 2508 2875 0 6540 9165 5994 3730 6143 174 8002 9536 6192 3894 4055 6776 8678 782 5880 211 7905 2657 1360 2219 9940 2551 4304 5974 6077 4225 9570 3850 3090 2958 2372 4793 3899 3923 8533 6255 9844 1804 910 9302 8863 6978 7700 8716 7448 4214 7543 9151 6741 8853 4554 8894 8287 6453 4066 325 6049 5620 5844 3305 1481 7396 4168 7305 3533 9815 4174 5506 2093 8711 6556 7267 3298 7128 5544 8633 8053 5319 909 4875 566 6939 7324 2988 2854 7395 8063 9004 7055 5507 3567 4039 4396 7517 6242 848 8692 8702 9855 2689 7879 5682 1309 5270 5913 9932 4882 2326 8357 3586 405 7662 7997 300 2172 4128 7393 3245 4196 8651 20 1312 2479 9887 1112 8245 7736 2546 2597 8565 3304 1758 2733 1229 2426 3759 7563 3495 8550 9376 6676 6740 8211 6536 9975 5771 7127 2713 7757 7689 5398 3769 4593 2896 486 7000 559 4368 286 2982 3630 6941 5424 6816 657 159 4308 4798 6310 3068 4749 8055 3552
5731 7038 9833 794 3205 9662 8095 4909 8336 2065 2519 3199 7671 1519 3782 7726 6644 2793 5865 9955 9282 3228 4200 9781 9425 5015 6540 0 8981 4392 2238 3100 1095 5772 8536 9501 1169 5640 5206 8999 5712 6072 6310 3838 9184 4730 1232 9148 2931 23 1488 6686 7739 7495 9343 1014 6602 2338 4041 9535 4927 5259 2349 163 1256 1050 5797 2356 6541 3003 3894 872 5589 535 4413 684 1644 4822 886 9558 1285 9670 5131 940 433 8575 8086 3566 4718 6808 1336 7854 2733 2002 8470 4263 3556 6945 3541 5846 6805 4991 5928 7947 9720 7128 4846 7897 4602 8000 755 1110 1204 6362 7641 716 4606 7204 467 3864 5593 2354 6454 6293 3981 1680 2430 5571 2215 848 7003 9531 7897 1456 6446 9715 4311 7340 1335 9973 7467 1128 8077 3535 2260 6417 2663 9746 9905 762 5056 6001 4772 6555 2596 7179 8674 9552 6661 671 7651 2410 2950 8359 2196 3069 695 4475 1351 6027 17 8934 5738 7232 4473 6503 3542 5512 3943 7721 9332 1427 8937 9592 3081 1484 3654 3303 3209 4308 1528 5598 3426 7662 3443 9523 2629 5437 48 1398
6224 4643 4468 3151 1065 5801 1189 8901 1115 7237 9495 7209 2771 5249 4403 130 2053 5737 796 4986 7327 1656 8074 2310 5783 7106 9165 8981 0 7939 1500 5184 981 8120 8600 5611 20 2100 7835 530 3834 6962 8072 1164 6233 9986 6142 94 1189 5798 9035 1424 1721 5290 5361 7277 1159 2396 7459 1605 9933 1433 1103 5608 6544 1751 2108 4408 8451 2549 8048 6848 5896 6750 8890 9867 4650 136 2323 1951 4008 189 1472 4055 8527 1160 8619 1064 4938 9747 9670 1917 901 2728 2575 2277 4774 5268 6016 9265 5770 9126 1634 7275 4764 156 7524 7807 1910 3874 5524 5268 5506 7821 9857 8452 1133 7679 847 3681 2847 4492 6363 2919 6166 5281 262 8488 3350 5964 7449 9457 7396 3281 8192 9034 742 3446 1207 4058 4367 1363 7690 8536 2275 3925 2373 5552 1250 9293 8324 9060 3308 6407 3219 5810 4208 2656 2471 1101 1557 7968 8741 8265 3106 3222 6054 7713 3242 5271 225 8107 3124 6356 6437 1374 3679 1258 5304 8901 6792 9230 461 2525 7976 3384 5349 4024 1930 8982 3337 4432 4074 5586 8737 6665 6321 1139 3774 2691
2455 2471 5234 3743 1754 3763 9276 147 4385 8464 2890 3051 2349 4332 5740 7587 9967 1927 9700 1776 4740 4990 1471 2183 3908 8331 5994 4392 7939 0 3526 4352 3298 5870 2853 2356 8647 6196 916 9889 1336 1584 9689 2563 7862 7717 7391 6581 7760 30 7687 8839 240 5596 3705 6753 7960 6241 7239 9280 8197 5832 6530 9827 250 2221 939 3126 7589 155 2200 8185 2523 2317 117 2057 2635 3855 7715 8762 212 5059 6200 7105 8283 1378 8504 9947 5774 6663 248 655 4838 4701 5297 86 1827 3663 997 1037 9384 340 1245 8672 7362 1712 5045 6222 3559 2706 5858 7284 7450 2153 9935 9407 8738 1785 9913 7420 1477 6794 4897 1286 9178 2196 437 3006 7271 987 8338 423 3694 5863 8198 6064 5775 162 9673 9043 8777 5371 4767 9922 431 7975 5566 1483 7594 4274 4390 2077 8148 862 2735 2363 5193 5856 4686 4316 3501 6451 6152 3197 1831 4579 8459 7200 5936 7526 5213 891 4007 8176 1098 4993 4573 9777 1390 9102 7759 4700 4350 4660 2606 3407 9783 1651 177 4602 3237 126 8966 1431 7583 3862 4864 393 9752 7606
7785 8644 8973 6050 715 3409 3426 6284 3745 3001 1740 5644 6978 3554 5616 2064 5215 6626 8365 7110 6449 9069 2844 1099 6521 2420 3730 2238 1500 3526 0 4546 8530 5963 1305 158 829 5377 1571 9222 3908 7904 2218 3398 8908 7868 5003 2482 3628 1247 9419 7713 731 5033 1378 2090 646 4718 1101 7416 7319 2099 3149 5590 5600 185 7737 6172 9946 2581 3938 7393 2467 2147 3284 1942 6966 5719 5466 4017 8826 424 3970 8254 9753 9933 3690 3630 9685 6660 7288 4317 883 1193 2392 5441 9534 7889 3802 6217 8692 3398 78 1086 1718 4734 6136 6236 8086 7217 7734 838 6193 4475 861 8443 7396 2276 308 1660 3307 4303 5080 4091 6160 3134 7790 720 5032 5341 8292 5449 7430 3349 3389 5330 27 6172 1033 9342 1933 6035 8734 9382 741 7920 8363 4115 6004 335 32 4610 9220 5852 7514 4020 2926 7241 9756 5497 5802 7828 4035 5565 4893 9587 7667 640 2137 2389 3477 9094 9995 3944 2995 9021 7933 1974 8364 4737 9389 6721 9494 4259 8985 7263 6581 1824 8014 3841 5112 8616 180 7277 2274 2941 545 8930 1324 308
3207 3531 4910 8586 6117 5592 7860 2479 5143 6457 9289 4417 2750 4649 2790 4625 655 6635 7294 9396 4299 2718 5260 9651 6149 4494 6143 3100 5184 4352 4546 0 9163 4211 3231 1236 7309 5369 9069 6763 4708 2913 3636 6824 234 6526 4874 687 7779 197 1948 4155 2174 164 3556 5551 3294 4140 6694 6996 4000 3870 465 3578 583 7432 8486 8841 929 8384 2974 3503 556 8761 7829 512 337 1902 5395 2726 7356 2966 4686 7006 9827 922 5674 75 7363 3806 9427 3812 8756 6101 1037 7080 8129 1357 714 4819 2076 9519 1142 119 8650 2598 6471 2773 8841 1666 3896 8552 8661 4034 3408 9612 6606 926 5121 6372 8762 4272 272 4292 1923 5991 2541 3252 8463 6037 5253 2226 1702 5010 9319 3262 3739 6177 634 4483 3294 3632 5298 8169 542 644 8672 5478 9625 7373 7703 7738 231 7614 9449 7346 6305 9401 9977 2860 6795 842 2360 2067 5818 772 5955 3170 4489 7276 2151 879 1372 8810 6395 3664 4707 5406 4200 5659 7090 1185 7795 8948 7832 2026 1333 6499 320 2571 324 9945 9261 6896 4238 3772 6805 2933 6485 7858
8105 8584 7451 81 7243 1886 189 7978 1612 5369 5931 9665 5167 6669 7871 7598 7110 752 6157 7053 2657 8849 3533 7383 3169 7165 174 1095 981 3298 8530 9163 0 5194 7116 8568 4065 6893 7668 2306 2134 6889 3933 7266 2219 6774 3991 7570 3432 8851 7695 3731 9129 4678 1219 9088 4861 3113 9795 6073 2093 2280 1397 8875 9505 7699 8295 1895 5503 2123 9102 26 1125 7747 5640 6288 3449 4834 8161 6486 7743 6424 2023 6056 3018 5586 6712 8662 2375 6220 6324 6227 2709 6704 8850 7618 2611 6136 8576 62 4064 1821 4323 6909 3865 5505 2546 9260 1373 1005 97 8089 8522 9262 1535 8149 9853 8415 1834 8296 9163 609 5223 2210 9840 2782 819 1237 5935 857 2182 2337 7495 2703 2111 9922 3276 3640 5278 1874 8785 4565 2561 2103 6423 2179 6931 9372 9067 132 1411 5750 5640 2921 6617 3796 5758 3124 7365 1737 1469 581 3660 3408 4449 5973 9590 2862 7445 9278 7435 7292 5018 3476 452 6583 2445 7338 963 270 3481 571 6193 7865 9369 9261 396 2796 5309 6478 886 8647 2764 6902 6319 2290 5964 7532 1441 8229
5581 557 9384 9953 5607 834 9002 4353 8605 4911 4597 8529 3482 6141 8956 7594 3197 2330 223 6216 6554 92 8215 7325 5681 8053 8002 5772 8120 5870 5963 4211 5194 0 2308 2805 1374 9906 7882 1384 2834 6985 7154 3745 7720 5933 9286 1489 3107 5294 3613 880 5711 6807 954 1646 5937 8822 1808 3553 95 4357 8833 135 1420 6541 6550 332 2759 2310 7976 1012 8560 6909 4051 7891 5449 5100 2046 2015 6837 1684 9567 4230 764 9505 593 8894 1085 9133 8365 8413 1361 3717 7288 7315 2705 2111 4958 4228 5283 9086 3373 4538 5499 8844 9552 4107 9355 1182 5469 1848 5017 5257 5427 4742 6883 6531 7620 1658 4243 465 7479 5874 3074 6930 2585 7219 839 7394 3579 2689 8034 1090 5741 6552 1407 2964 1268 5359 6136 5070 8835 5526 1869 7129 158 748 3620 9143 8774 4202 8913 2900 4269 9458 9359 8416 6251 7305 5743 7426 6704 9950 4017 2060 5094 842 9009 2346 2870 2239 1374 5030 7055 1487 2628 8713 1191 8305 5571 6645 9901 8581 7395 7420 8585 210 2536 8110 695 2192 3353 5642 1326 3235 8258 423 4377 1289
822 4103 264 6471 1441 6659 4357 6888 1145 8792 1322 9364 2370 3267 5774 4694 7895 9724 7870 9076 4127 6655 6330 8712 3998 3438 9536 8536 8600 2853 1305 3231 7116 2308 0 4873 1687 5 7288 4143 8198 4293 6207 1939 7701 7260 3596 6178 9685 9642 820 7859 2066 6727 9874 6587 3024 6884 5134 6436 7863 5810 5989 6558 8661 5037 3064 6675 4405 1691 4028 7758 3322 3110 4103 8598 9069 2648 8666 1442 2662 6073 4095 3011 3997 2769 5951 222 9331 8259 8838 6525 5631 2763 6854 6294 4822 1473 5132 3448 182 1978 2545 3464 9467 2362 6925 3309 6946 8448 3453 2921 4768 4270 4591 3384 7737 1493 1511 8712 2552 8735 1801 7100 5573 6561 7814 8672 1350 576 1263 3485 6228 3088 2448 7598 6727 3390 5131 7564 7513 9661 6400 6617 8153 980 5399 50 4293 6169 8854 4470 985 9906 5488 8309 9236 4511 602 2022 25 758 5493 7953 7151 7340 3545 660 8533 5322 3180 9275 1834 4349 7334 1938 92 4811 3837 248 6514 1381 6588 3203 3609 6589 1174 4213 8786 2532 7815 6203 8769 7337 8987 7181 6262 4995 4563 3336
6529 1916 8396 2375 7637 3811 9124 5154 6968 6812 155 796 3581 4271 1620 2117 6618 4385 8588 5025 8955 5996 5896 2175 12 2708 6192 9501 5611 2356 158 1236 8568 2805 4873 0 3908 1701 4021 9826 6998 706 6265 36 4186 1198 4220 7709 8729 4203 5034 3263 1522 7987 1158 9379 5867 2901 2771 9556 9255 5387 8712 2922 5441 5215 8210 411 4019 3458 6833 8358 9759 3069 3903 6982 2841 3180 8771 6958 5649 3933 3637 3263 5144 1282 2405 3701 6454 7814 7746 9505 4828 8418 8674 2100 3196 1931 8387 999 6233 5590 8117 8137 2049 7405 4772 3892 3549 6581 5534 1287 2638 5539 4942 5774 2407 6859 2223 5338 1199 9146 988 9878 3916 9659 7601 3925 1265 8568 4845 2798 1285 5812 9274 1344 8846 8333 7683 8222 834 9694 5429 3626 7754 8671 4741 6120 3929 821 7134 2841 1132 4583 4159 4997 6168 5126 3089 6304 7588 587 9113 4899 246 3960 1660 5843 4201 73 8313 8777 2424 1460 6187 3950 2136 2099 7515 5440 4248 2584 1300 8765 4320 1808 1431 950 7448 2353 1360 9029 1869 7986 9721 9002 3026 4102 7224 9842
6692 307 7011 9246 1174 1955 7264 2329 8404 4402 3850 7306 4734 5381 7242 9000 2348 1059 5208 2677 2944 7063 3443 8153 2664 958 3894 1169 20 8647 829 7309 4065 1374 1687 3908 0 3760 7725 4832 5909 7916 2627 8636 1995 6709 4833 3017 4278 3237 6493 1820 9537 9547 7250 9286 6173 514 1913 4096 4311 238 8019 6468 8262 1860 5520 6072 1632 4381 6905 7966 5411 9960 6755 9649 4227 1678 2863 3315 5016 2589 4500 1500 701 4706 6126 2305 5393 1488 580 4325 4286 4578 7060 7269 1317 2719 1755 9124 7399 4990 5510 8622 2101 7183 4807 905 2118 9983 9196 2982 3572 6416 720 1416 3514 6182 5699 3171 9394 9343 518 4898 3178 8974 5907 287 3612 632 1729 4051 6225 9998 2635 5943 6983 7937 330 3738 9721 3831 7367 5716 6214 9215 9985 5507 1290 1515 4148 7977 4356 6691 9342 989 1943 3802 3721 5026 7774 6520 8848 1335 3284 4259 3346 6013 2068 6725 4919 2085 8703 3973 6 8602 6006 2598 5303 376 7259 2483 4861 274 3072 3675 4088 9995 1193 6065 4311 9569 602 8736 3102 6149 1614 2199 2452 9158
3937 712 5697 1130 2288 8515 6130 2664 1430 5325 2859 1846 1500 2342 8732 2229 3860 50 9644 7171 8981 3468 6345 5836 1414 2333 4055 5640 2100 6196 5377 5369 6893 9906 5 1701 3760 0 2001 1814 4703 5824 8276 5511 8322 6259 4624 3077 6116 9434 4317 1804 2583 7519 2627 6426 6275 4216 8665 7022 9294 712 5740 2733 2397 5905 2843 9669 1810 5008 5571 2777 1245 3604 9019 1339 5088 650 7293 7940 9000 982 1334 1096 408 5886 4708 1824 4531 1464 130 5119 2357 5691 7216 2896 4034 6158 1257 1338 2084 9642 6783 9922 1931 4766 4626 6348 7478 6143 4188 7052 2215 3741 2321 2850 2677 748 2 1399 7783 8512 8743 1373 1436 3778 4125 7908 7050 5198 6337 8666 6230 538 5325 445 4815 9603 8143 517 7891 328 5546 2329 8670 6121 3276 4149 3649 1290 4605 4861 2330 7188 1077 4258 2186 7773 6468 4532 5551 1561 8976 4517 3109 1183 4175 6311 5103 1775 4354 2414 6171 966 256 9187 4666 8841 9861 9495 921 430 2001 2141 2650 8717 3117 9950 6702 3252 6515 3908 441 8513 4389 7829 6580 9968 8854 5073
45 3503 9103 6859 2212 2328 8061 808 1699 2285 6048 4569 7457 54 2011 3983 4061 8437 8361 62 882 755 7893 7729 8471 3134 6776 5206 7835 916 1571 9069 7668 7882 7288 4021 7725 2001 0 4817 8455 983 8751 2334 6417 610 9526 2720 9835 4987 7898 7088 7651 556 9647 7288 1093 9619 7947 7073 7861 4671 7234 7476 5918 4951 2059 7412 1040 5614 7744 3353 6885 75 8341 9965 1854 9183 6457 3474 7123 6237 6333 5424 5533 2248 1341 8511 3872 192 5958 6902 4380 2577 2835 2575 2851 4375 8009 6629 5244 548 6251 7355 1490 5645 5140 8088 7146 3836 6697 7198 2101 316 9915 8686 3523 8939 4463 1097 2556 6257 9144 9358 998 9197 9726 6102 3502 9031 2215 7397 6310 3869 7162 2446 9245 9780 6260 9639 7451 5676 5669 1051 9730 9905 9565 4567 4310 7488 642 8544 5794 795 2127 396 5297 9037 997 18 8798 1468 1911 9261 2182 9725 4694 3956 7294 5710 3287 7291 4039 2460 9189 1173 8842 9012 754 6164 948 7517 1345 9758 9686 5544 8686 4388 1211 7888 1661 1983 6189 1695 6957 1035 2985 6968 7173 7195
3740 540 7973 7317 9387 7179 2531 4947 1653 6950 7005 1743 355 8097 7860 4068 958 7473 1742 8276 7045 5375 2877 9562 3234 8778 8678 8999 530 9889 9222 6763 2306 1384 4143 9826 4832 1814 4817 0 8916 8098 9850 8052 9330 4349 303 5664 8083 780 1859 611 2701 6059 6184 5853 5555 2543 2953 4548 9373 6688 3637 7032 8223 7676 7956 5890 4207 2336 1008 3325 9398 7166 9730 3962 9934 8100 449 2469 5492 9973 1686 6602 3053 9429 6323 7300 7460 9044 4471 1013 3719 2651 875 7216 8492 9466 2140 2913 1894 7417 688 7612 1584 2553 5862 1088 3189 6562 1663 4505 5664 6505 3992 1233 1484 5533 6053 8254 7801 9047 933 9573 4487 9031 5768 8220 6387 8282 8664 956 8671 912 4363 9612 5245 8888 532 2521 8797 5007 6585 4190 6295 376 6897 7647 5894 3195 1236 9438 2166 8344 474 5426 6362 6049 6819 5214 6666 1975 9 5658 9455 6402 9862 2569 8439 2612 210 8593 6753 6023 2894 4452 4464 3146 5504 7644 3751 1455 8981 3492 6059 4205 3896 5631 5389 8363 6541 4382 1292 1605 2056 1744 1369 9547 8192 2195
2730 4071 6051 1291 3529 7574 3463 5829 3891 6838 5559 6981 5183 2627 5659 4356 1977 995 1088 285 3547 8802 8621 6566 4166 1743 782 5712 3834 1336 3908 4708 2134 2834 8198 6998 5909 4703 8455 8916 0 9281 7648 6738 5854 7506 9698 2218 6501 9190 7459 5975 5490 697 6509 2321 5599 1583 1155 1708 3152 7131 6774 319 5911 5967 627 5804 1459 787 6390 8875 5527 2089 8122 4716 1178 7862 8438 5452 6311 2813 5129 2029 7921 1129 6030 7032 9361 1837 5194 3283 2067 225 1240 5220 7646 1659 7984 2452 7399 8748 8209 7742 7470 4435 7804 7311 865 7477 7761 9272 1227 8605 8354 8717 7399 540 5338 3044 171 9259 5665 3859 5854 420 6489 6586 8124 615 7628 1653 2381 9269 2583 2238 1565 6148 255 3858 4337 4877 2372 8862 1568 5038 5486 6897 9039 5436 3158 5749 844 8892 1389 7710 2671 8349 6482 1224 4301 1732 4797 8924 5168 2927 7968 3039 9808 4714 4050 7063 6257 5988 4360 9330 5875 7448 4001 4968 6210 9869 7817 8062 9523 428 7062 2946 6453 9466 1425 2103 2991 9742 3725 3553 2457 237 1317 1293
