300
0 8319 618 3329 887 3616 3248 3764 4823 2191 1423 298 2708 7157 4223 9881 7867 9965 7858 5529 5590 8834 8802 2853 2251 7410 7519 5023 4132 3580 4278 2978 7312 5018 7290 8051 8028 9392 6535 4417 9626 4174 3588 3950 1248 7811 462 6120 3997 7129 5459 4650 7971 4542 2019 1968 628 1828 4041 3043 5827 6431 5028 779 4153 4221 4181 1335 1089 8081 7379 355 9486 7734 4792 4828 1498 737 3187 9127 1979 9114 5406 7897 4756 1469 3810 3888 7703 7485 5578 9995 2217 8236 6704 3340 6530 6105 3470 8081 3467 6718 7508 1944 8889 9368 3229 8243 488 5880 9823 2530 9883 2062 3106 1585 6554 240 1406 4954 3284 6336 9533 7959 6921 8691 158 8651 4752 3808 2435 913 2949 1840 5893 3852 861 998 2863 1779 9221 7229 3286 3815 8682 8052 8611 8413 8037 9269 2161 5871 8955 2479 7391 2784 3534 8289 6151 9194 9403 5644 2162 6663 9786 3467 4393 8693 1056 4963 4401 4390 9881 622 6743 5957 8849 1979 8101 1841 8996 4125 4196 8946 828 1494 8346 7853 9139 6833 3450 3768 9026 763 628 9256 662 6300 4384 9534 3292 7912 2462 8567 1554 2630 6815 7420 7585 4285 5637 7866 3851 9422 2003 5235 7301 9875 9575 7878 4230 8768 6979 1527 6711 5389 3201 7319 2895 1111 5823 9449 9879 4391 748 7072 8779 7194 5506 5802 3104 3984 8757 7254 7978 8702 4663 9316 7332 2462 9256 4039 8311 2940 4250 3395 7642 7420 2847 7344 4010 7767 9267 7914 5875 9980 9678 2437 400 1848 331 9885 318 3202 3529 1640 4791 4393 275 9576 112 333 8007 6135 7973 4249 3296 5910 813 2474 6413 6857 8407 1431 5137 6127 8709 7112 9900 7186
8319 0 8031 7903 9111 8156 1665 6004 9848 2758 2702 8337 9802 6873 2790 3981 6324 1246 1505 5463 3539 4485 1648 6826 7204 5980 6183 549 8640 6474 4923 5822 2002 3469 4380 6997 9104 5067 5448 3317 5418 2562 6794 4109 6997 4999 5152 5253 4841 1327 256 3062 6585 5501 371 5720 7426 8880 6702 9677 7127 4839 7403 5813 948 7469 1876 2482 4495 9818 9758 8446 2303 5401 592 4582 4548 8370 5908 2395 7839 26 5059 771 4208 6072 9965 3860 6749 6248 4967 4260 2488 7184 1119 9381 6532 6403 4358 5725 950 101 1339 6756 6786 2921 4432 4513 4044 1498 9158 9282 445 57 2265 4378 2463 4639 3349 8112 473 2559 753 3902 6239 2130 1832 3752 4071 1247 7861 4764 1110 7987 3987 5813 3234 8276 1609 803 9602 786 8393 7729 5244 8987 5499 7015 181 5862 8945 2654 34 2155 7952 4764 1207 9767 8680 5589 349 1103 505 2573 408 6427 2330 9857 8474 3586 1714 537 9193 1740 8602 4106 8928 6826 7664 9943 6810 171 2738 7855 8979 3591 2284 5578 4370 7653 5016 8294 3711 9063 6276 9066 960 6203 5735 7998 7920 1121 9425 8884 7341 1481 2919 2450 2383 6231 6941 6797 363 6560 7973 177 1544 6747 3637 5713 9139 6268 784 8884 7971 6133 6374 6057 7860 8012 3639 4133 3114 8419 6720 8821 8552 6745 3042 1106 8451 9581 4480 2092 1706 4231 3005 1723 5984 1736 1743 3597 4979 8632 2710 3162 766 8986 1189 7214 4194 9221 1183 9104 6892 3542 9628 3340 9143 1440 7388 6908 3360 7011 9079 6304 8703 8745 8852 2138 2665 9497 3277 1562 5513 4728 9105 1873 1252 6939 38 5975 7193 6346 7900 9958 6069 8613 8372 2744
618 8031 0 7433 7855 6960 6805 9438 428 4402 4980 6609 5139 2723 7424 6149 2337 2420 1589 6368 2721 9422 8895 7549 3136 7808 2490 7092 53 2184 9698 1582 8635 7281 1444 6653 5362 7822 3598 1857 4682 7557 8142 9809 8770 4359 1017 530 6682 9606 6821 3856 2229 5412 2581 461 6329 2486 430 1761 4416 1723 1815 1830 2792 2976 1670 3909 3390 4158 1924 7856 5155 4474 7115 4555 2921 1484 6092 9548 2707 267 9858 7550 1162 2373 31 585 1985 9688 4023 8345 4738 4600 4115 4177 7969 671 6749 8761 8679 6474 308 5262 3101 3476 2411 1928 495 441 6003 1903 844 5994 1482 4931 8386 734 2059 3304 9896 7689 3226 5330 305 1306 3771 47 2323 1531 4702 3332 3871 8382 4787 8621 613 8089 3510 4664 6575 5273 4603 298 1863 6505 5178 3416 7610 4066 2909 8165 5996 455 5950 2156 9992 5675 7926 7446 9913 8383 6735 3297 7048 615 6674 5564 5690 7860 1714 9399 5262 1955 8634 2680 5002 3395 7246 7149 2403 6312 7693 4972 4712 9685 3427 7902 9158 6228 7320 3243 5680 9725 4589 873 4302 9966 2513 7983 9584 9289 2767 5741 901 2569 4302 2332 2445 9462 5677 9551 3066 3149 8217 7900 5599 4205 9119 2391 9558 1573 3144 5477 9160 5834 1157 2349 8580 8173 5349 6954 6036 659 9713 7492 8763 9031 5608 6947 7976 4310 456 4057 6070 6126 6885 2562 5639 6413 5355 4680 6954 3790 1413 138 9359 2766 5852 4681 533 2406 6219 2210 9815 453 7476 7983 2171 7692 988 5710 305 2338 5309 3758 3021 6829 518 5018 3850 7506 578 1015 1031 638 4467 8467 9953 8836 7152 1615 3092 9652 527 6136 7076 6654 9999 371
3329 7903 7433 0 2921 9984 9649 636 1704 3997 9109 9120 5196 100 8128 9456 351 3763 341 1122 9532 9541 2074 2454 1982 4386 2759 2678 3198 9940 5371 5128 7887 5148 6226 6174 7432 1409 6323 1742 6781 6050 8 1085 7664 6541 1958 4202 454 6789 6898 7670 3548 8048 2358 3526 4835 7746 7107 7349 2226 9673 3848 3207 9464 6061 336 7724 4088 2733 9817 5618 5054 833 4049 8132 3895 7959 7698 7033 9835 669 7467 3574 4977 8507 2789 9860 7119 5223 9764 5810 358 2258 1785 6998 966 9623 1698 8164 5203 3387 1837 3095 4945 6621 2281 8334 9438 4058 5308 2060 3655 3162 5711 8749 289 192 2685 7108 8589 7503 9033 9949 1575 4894 2117 8295 402 1937 3704 8242 9202 7216 4810 1048 2694 8980 8308 3763 8071 3028 8141 7372 9975 6786 7446 8302 3132 2230 7656 8467 9073 999 7677 6556 6223 3466 6266 3767 4976 702 4990 1750 8209 8860 7413 5712 580 793 7380 7847 6899 9794 7569 7001 776 3800 9112 9217 4814 7908 8330 1027 6506 1150 1368 8938 8878 2760 7275 4698 9708 4363 7106 4146 5378 7674 6107 1211 4293 4771 869 3659 8633 9704 2696 5330 8355 418 6075 9891 8271 3543 4000 9325 512 7614 4439 4469 4691 6225 2459 8366 5027 7233 2720 2086 1397 7472 3362 329 9393 5816 3050 6472 6738 8870 9949 6909 5439 7750 2845 2110 2099 4293 1194 6030 4474 9399 9617 2319 6172 2856 5524 8733 4465 8292 5037 9468 9626 5781 1644 1263 30 6842 5280 5002 3407 4576 6653 3529 5118 4682 574 8922 9537 8161 3612 5798 8221 8203 7713 8624 6596 5262 4711 6203 9226 9556 4382 2595 8196 9771 8964 9411 3044 7512 1310 5653
887 9111 7855 2921 0 343 8013 748 6931 278 9651 893 9808 9374 1011 6625 2589 5090 7906 3904 3920 2044 2606 9369 1595 9161 7153 9395 7049 544 5850 5290 5454 8001 6808 1845 9401 4074 8146 3758 6799 2599 1972 814 9716 1316 6015 7693 2540 8820 8027 2841 5926 8461 3500 4694 4068 4417 1464 6883 5927 215 2271 7766 9461 9182 5315 6858 3516 1949 2664 1074 9427 3150 4763 579 9171 3371 3629 5698 9866 2564 4864 6840 3861 6053 265 4111 3744 9529 9638 5764 2477 1961 1975 8204 4649 4185 5712 813 7712 756 8986 7600 5014 7875 4848 3541 9123 6774 1885 3613 8981 1078 7284 7637 3936 6868 5895 2076 4362 5741 5050 3957 3199 5837 3477 9876 410 1779 2583 3956 9133 6471 993 6174 5283 8786 6351 7034 8933 722 886 7071 5881 6648 3539 3018 4193 3113 5772 4245 8116 9003 9237 2504 9650 7341 9209 8490 9690 6911 2429 1571 7891 1455 2441 4661 1914 8820 8353 9334 7702 3619 5533 877 2904 8059 2801 2774 6170 3484 2698 5328 4371 6625 5510 9134 4984 3231 4302 739 6246 3366 5935 4611 8188 9257 2333 7000 2808 5406 6325 9574 4040 5402 529 2906 1166 4509 2835 8836 5242 4257 5816 1481 2315 7214 260 192 9585 8491 7394 7131 2414 3017 5013 4098 1760 1027 6149 1756 1876 8917 4101 7485 3977 2889 95 5098 1508 4981 9251 6547 2111 3126 1165 9047 531 7579 4129 1341 1058 536 7500 3682 4848 8134 8149 8777 4084 1426 620 3110 511 719 3997 1427 7888 5203 3406 361 8317 8906 3421 3560 184 4229 8740 9489 7067 1674 8944 3329 1092 6556 3358 1126 8872 3011 3062 2842 6119 4919 6847 901 2556 7761 6717 7192
3616 8156 6960 9984 343 0 1444 1616 5702 2386 6485 5599 3677 1989 6299 8560 4665 8095 4594 5558 9228 8519 3312 11 1758 2596 7729 140 3520 608 9409 7193 9264 5766 7476 2788 357 7957 9561 1449 6794 1796 7063 9383 8727 40 3584 8552 3806 6902 1145 9864 8651 8652 2633 2220 887 6159 5791 2028 9023 9949 1636 3302 8253 7010 8381 8225 3458 1739 3924 8625 6317 6074 1208 9210 3345 5677 474 7507 1359 4328 4189 165 4944 4522 392 2253 5839 2127 1021 616 3671 6203 2393 5984 14 6454 1374 7390 4548 590 7684 3461 203 9209 4981 4222 9238 1619 8355 629 3337 3353 602 4794 6253 1337 584 4951 6470 9924 8620 1367 5349 4947 3188 2926 7495 1771 2391 9180 4961 6127 3442 8068 4135 4672 343 6738 8972 6457 1302 3534 8147 6271 6584 6531 4265 7773 2907 9684 5708 4833 5205 8235 4003 4944 6936 8808 4493 6070 7685 4056 3913 6071 6173 9462 7582 4763 260 5316 4348 650 8980 6006 8545 4531 9543 9225 2429 7461 6515 2736 9532 316 8533 2574 2939 3069 9489 9671 6680 3491 2559 4151 683 1180 6432 178 6263 1852 5081 3009 85 1640 3069 617 7648 7951 4898 1364 4118 2131 8918 3888 7139 1945 9081 4868 8283 3674 6960 216 1909 1247 135 403 3065 8903 5693 5140 2260 949 2432 5474 7629 7785 2747 4215 9314 5421 9128 1733 8282 3805 5297 5907 4638 2796 3229 3551 1124 1883 2194 7624 9343 6368 9746 7040 2855 1585 3152 8546 1507 9796 921 6126 8920 2722 6117 7472 7936 5436 9693 5400 6813 725 1188 2548 5162 5535 8934 1370 9223 4447 5655 3296 4264 191 3700 1710 3117 7559 9406 9468 4737 2906 8576 1181
3248 1665 6805 9649 8013 1444 0 1808 9231 9828 5777 7519 3827 4000 5055 2964 5576 1561 5434 5077 9669 4637 6297 2349 2027 4417 6724 1403 6630 8574 4018 2842 8478 8764 3300 8780 8809 5548 5807 5817 4688 9599 2524 9956 344 1108 8880 6586 3975 39 9099 9173 4783 9156 2707 391 6465 4425 2296 4107 3015 8337 5845 6025 5144 5136 3141 4283 1320 312 1184 8282 2029 276 2128 1962 3709 1319 6484 4381 3005 792 1589 2321 3632 1674 1060 8760 1099 8221 2986 4011 675 3729 6045 7373 5646 748 207 2529 9432 717 6952 3189 1606 7897 7118 3559 1465 816 9188 6077 2900 7177 2786 2129 5507 7237 1753 8615 3043 1496 2287 3833 1009 6625 3974 4882 1958 8784 7048 3193 2311 0 2534 2785 131 3256 9447 137 6258 8243 5848 292 8565 7652 5773 9330 2196 8544 9255 4428 2638 5978 8686 5242 7718 329 3593 4193 6274 109 1418 2157 5794 7367 6939 5113 5411 5712 7451 3581 1421 5611 1417 3233 9516 5866 5082 3342 7574 1311 8764 7279 8255 9060 3139 6358 6750 4874 1949 706 4526 4966 7093 9325 9208 582 3329 7331 1998 1779 8374 2116 8698 7415 3599 1449 6863 6487 5954 4022 3494 3931 764 2082 4197 2839 2495 2488 3644 2019 2595 1091 8336 1238 3626 6534 4004 9105 9073 4114 4419 2938 2049 6717 6346 2844 3930 4978 8377 3289 8794 3641 5863 328 8967 9254 4888 4307 8119 7491 4375 100 9077 9735 2291 1405 9343 5320 1099 9053 7787 1302 5208 7155 5019 3959 7524 552 3663 7532 1902 7875 7653 8076 3668 8835 4370 9534 4465 6028 8681 2677 6307 7813 295 4325 7131 3792 1771 2707 6317 7168 9089 7179 2135 2336 2877 430
3764 6004 9438 636 748 1616 1808 0 260 4540 2168 4572 4838 2590 3795 9537 3377 4359 1446 9752 9729 1751 84 9549 4475 4215 5933 7380 4652 1299 7890 6131 1519 2267 6731 9844 9897 7093 2064 5285 3052 6253 2921 1545 4932 5556 4013 2008 3507 8440 5110 8673 2795 9257 1 5271 7907 6867 2467 3318 650 2129 4965 2556 2276 4551 1665 3916 4878 40 4037 1761 3499 522 5185 8267 5232 9959 2244 8366 7335 5810 4569 1773 4337 1050 6586 7535 112 6829 7017 3637 7650 6743 7678 2686 8953 4067 5258 3746 4392 1833 5326 862 8055 5491 8255 60 9083 5146 5703 8084 4867 3238 270 3309 5098 8971 1147 2824 6985 5933 6740 1221 7076 4745 5291 7071 3870 6908 7924 4443 741 194 6715 7915 5212 6967 1155 7910 1450 4103 697 353 367 5226 1617 5403 9162 6127 6071 220 4036 9112 7179 5966 6478 3164 5299 6967 2249 1602 5547 6972 691 6445 368 7912 1233 6589 9243 9832 3820 4761 7928 7495 7024 3223 417 308 4695 3071 6770 8071 1858 3974 4026 5754 8139 7856 5575 4095 4012 2164 3120 3862 9672 7506 2392 8003 9515 6778 9886 8338 6059 1397 2555 5084 1186 6342 7771 8833 681 1579 4230 1313 3572 4138 3720 6258 5472 3481 6758 597 5870 4691 6159 3703 3506 8481 8353 542 9315 3001 1953 792 546 2002 6883 7198 6671 3660 9718 7205 1740 4300 2705 1201 2017 3475 140 8962 4566 4996 855 1377 7994 263 1593 155 918 7559 1443 9256 2726 6770 5831 3717 5191 4573 4391 8710 9761 769 7055 8496 351 3869 4054 3312 8394 8348 6967 7316 191 6257 858 3119 4578 7403 5574 4590 4187 1052 4065 725 325 8001 1808 9293
4823 9848 428 1704 6931 5702 9231 260 0 4136 8949 324 603 7870 3294 5876 5869 3385 2261 5277 6063 2274 5712 914 8768 7606 4721 6627 2705 6939 3970 3038 7966 1659 1282 6583 7958 7081 5016 1797 5569 134 1470 6055 5423 9386 1355 6445 9717 4879 4502 7083 5128 2752 4524 3735 7153 1384 6236 9642 8224 9508 2431 3285 5474 4474 7451 9137 9225 7049 8692 30 3523 7451 4994 2560 9472 3055 1131 8088 8856 6400 1344 6939 4640 5849 6846 190 1117 7713 5662 571 2256 4873 3971 3732 828 7361 7098 6440 9947 2478 9388 1868 9181 6058 3390 5082 159 5960 380 8322 2638 3005 4055 3673 548 1828 2581 8116 3752 44 2364 6004 7402 3060 2929 9799 9310 6829 1937 4309 3263 6833 5131 4332 7687 7129 7505 9249 7078 1239 3861 9778 8466 4934 8061 8178 4828 9269 7468 2603 6798 63 2563 28 2280 2917 9249 9419 845 5824 3720 1753 9068 8485 2196 416 7533 4052 148 5568 8817 9628 9466 5129 4185 2986 2083 6124 4234 3521 1185 1668 5056 2296 1315 1607 3145 3310 7427 6359 6698 6394 2356 9387 478 5158 1721 6677 2543 1387 8673 242 6979 4695 3952 3205 8863 6108 1633 5621 3985 4230 6651 5914 7330 9954 9713 740 9359 2083 4070 704 1350 9618 6260 6556 6324 3466 7453 7276 9952 5327 6881 8337 3808 6646 4059 6473 2717 9627 4289 5364 6311 7640 8711 2774 9718 4878 4171 623 3774 1818 2205 7755 4041 852 5950 9776 6642 9843 6739 1888 6804 4726 2826 1316 8753 9233 944 5028 3972 3908 4731 8315 6521 5483 275 8272 749 3733 8089 781 9673 1625 902 547 3990 6585 9576 7814 1661 2692 5542 7184 9111 9410 9098 5253
2191 2758 4402 3997 278 2386 9828 4540 4136 0 9314 6409 470 8552 8811 8615 9082 5894 7656 8655 3152 8047 4537 1387 9394 9972 8482 2050 2391 5360 1684 6833 8487 9633 1809 609 6686 7178 7684 4437 619 6707 5646 5386 6682 6269 2510 9741 157 8124 3016 4861 1544 4089 6115 3054 3690 2704 589 2476 702 8886 580 8985 2259 9746 9312 6555 2275 5044 9343 8824 1953 4571 1889 8220 4947 2684 4592 5078 5879 2525 9692 7107 624 1906 7316 2731 8863 5308 3389 4973 6259 5896 4832 9174 2293 5542 3924 7801 3547 793 29 5062 4566 507 984 3928 8429 6425 3063 9347 4408 4240 5230 1783 5566 2896 5394 7910 8335 130 5300 4579 6422 6722 4254 2135 8905 3381 1102 2263 8401 4308 3442 9070 2709 1630 9225 2262 6460 5814 2986 8575 6568 5869 3601 1086 4327 5582 637 7322 2241 2238 4562 403 2746 9839 6069 3146 2724 5257 8748 140 976 4170 9845 7778 7071 2566 3202 8863 3653 7188 13 7482 1686 613 967 9329 8130 2778 8584 8670 1762 2655 9354 1949 6236 3556 8411 3526 5752 2141 9340 5972 9223 4530 2544 2969 7164 4946 1745 970 3494 3377 4685 5236 5698 729 9237 3476 6619 2676 2683 2201 9282 1058 1284 1269 9118 4603 3829 9832 2245 4506 7749 5245 7246 8803 1360 6218 7565 1968 4129 5626 5079 1876 8393 9213 1628 1947 2438 3571 471 5702 5020 3138 6287 1294 204 7680 8423 3432 3661 8215 476 1106 6957 6019 3599 919 1398 9144 1386 1560 8778 9832 5090 3053 1406 5391 4309 6392 7498 2836 2605 1926 258 7670 5365 5919 4356 2488 7838 8707 8112 4154 7820 7655 5588 2737 7802 2666 3552 3480 4761 8056 6004 5995
1423 2702 4980 9109 9651 6485 5777 2168 8949 9314 0 239 4843 2826 3566 3995 1850 3194 7875 5254 6249 1133 2704 8939 3576 6217 2050 795 8427 1466 5619 4275 3115 3557 965 5840 4945 6908 6685 5755 5038 4668 7608 4153 3653 6256 4663 1721 93 4885 6377 3999 3759 3120 8381 84 3966 4144 8207 3301 9795 4874 1966 7086 1698 6173 9527 5908 1860 5866 2220 7897 2511 2982 479 2944 8716 8550 7515 1898 7426 1 9766 6724 9503 7515 6421 4323 8550 936 7157 4603 5750 8170 8151 3113 6164 8936 9648 9762 2475 4647 8907 8663 4679 6632 8990 5764 9089 2593 2969 9356 5734 313 2952 5384 5083 6522 9873 2566 2211 9793 2045 3805 222 22 6509 6701 3634 7646 5627 421 4611 8345 4117 9863 9864 4760 1955 9111 8109 1140 7442 2666 4404 1990 9075 1649 4425 3148 9367 447 3099 258 8743 8218 1324 7595 3913 3769 6291 505 1349 9495 3122 1613 6273 1778 3047 4418 2073 3186 6401 3482 8596 9138 5760 1291 9961 492 9329 1717 9238 5372 4390 1422 2754 9629 326 6704 7557 5704 1328 6579 7077 8289 3772 8361 2216 2706 1364 2497 2882 496 8035 1116 5150 8785 6605 7790 2783 1999 9260 5273 4073 8436 760 7533 7354 3610 9312 7704 1173 1366 8744 4802 8200 9645 5320 910 9806 4400 4846 1268 8028 3360 9502 6834 6606 9109 544 6788 200 3976 1304 1564 623 2348 4750 1377 7828 6825 689 238 9093 4319 8555 9525 3489 5112 4785 8592 9104 1424 2496 7221 3718 6887 3781 2149 1644 9945 1507 1775 4703 2047 7736 5386 8191 3967 9040 3776 6637 9772 4862 1505 5943 6389 8183 7453 6499 4381 1276 9469 4767 7344 3529 3844 762 3800
298 8337 6609 9120 893 5599 7519 4572 324 6409 239 0 9878 7948 7812 2138 6503 7554 384 7493 1761 709 5602 1167 4582 9775 4531 8549 6189 1756 99 4527 1321 8693 4329 82 6125 7778 6213 9218 5121 6004 2907 3902 9780 6514 232 5730 3164 2822 509 9211 2662 8007 3133 9761 7615 9706 9282 1428 4180 4776 1060 7110 8031 5960 8482 9344 4264 7070 7909 4014 7862 6074 9830 41 6653 4633 1404 5651 3325 3501 7105 4938 6354 3578 8880 333 8350 5812 1474 1540 853 7356 9055 2449 5718 6685 7785 2446 2218 5101 7938 9763 7267 1755 113 6254 1998 5412 2481 7959 2923 3296 4446 7545 4631 2132 9706 9954 3841 7093 5927 963 177 7982 6839 746 2531 3615 4958 71 6624 446 5739 354 5998 8683 6178 6756 1600 515 8237 2034 1466 4650 545 6264 3301 236 7409 4927 2732 6946 4824 473 5267 8882 982 5474 4605 6927 6253 445 1233 3100 452 3637 7322 9170 4468 8382 2171 6081 5408 5465 3086 4490 9831 2033 3441 7853 5270 6712 8911 7851 8182 1001 2861 5480 1546 5952 3328 4296 6788 9842 1464 1052 5486 6419 0 5132 5539 7638 6038 9529 9255 8244 7906 7933 1376 125 4092 9070 8999 8860 9284 1151 9042 2560 3897 2762 9639 5651 8088 8783 851 9172 6682 9119 198 2436 4458 8049 2926 9481 2982 4900 1614 5047 2480 9123 8278 6482 7902 5306 8257 3168 215 348 8773 1993 7127 7093 2166 110 4464 6375 989 5027 7521 3567 4427 9497 2106 6280 2423 8344 6162 6602 9178 3946 3279 6669 5622 9441 3399 9336 1883 7714 4766 9714 5623 5570 9626 5359 1942 9145 8699 8728 4340 5034 718 8188 4385 2528 8384 5539 6543 4329
2708 9802 5139 5196 9808 3677 3827 4838 603 470 4843 9878 0 7806 4177 7487 4939 9392 6520 8093 8546 7763 226 3569 7342 506 2273 2590 4628 6893 1765 8235 7622 6188 1064 7087 488 3178 175 4079 7150 9596 8521 7641 8658 542 6044 4418 3500 9167 2077 8891 7149 6558 4059 5993 5573 965 5833 1165 9495 1732 5367 5272 4598 3298 7860 962 9459 6599 1267 5217 5653 3334 9300 2867 5782 5955 9928 4429 9528 9614 2075 5778 757 4732 5026 6246 8041 9454 5953 9860 3703 3705 56 6026 4751 8220 6434 1107 1831 1005 5377 2780 8631 2711 8250 4768 1018 4443 5975 5358 6401 5750 3774 9081 6732 4261 992 4649 8980 4733 1573 2340 4819 9901 97 4702 4769 9799 8692 8894 6410 984 7729 6980 9690 2355 5198 5066 1799 2742 6583 3557 2827 9107 9311 9318 1016 5718 5166 6914 1614 7854 9870 3607 6626 8020 9419 2983 440 447 4268 7479 4284 77 8698 7562 2083 4733 2260 6098 6385 3235 3801 5484 2557 5602 3825 2835 2139 1211 9483 9780 6361 5660 7117 2582 4210 7855 2247 7733 7558 5827 1715 5327 3474 6055 1690 443 1426 9191 3092 1786 71 8023 8999 8393 2567 8955 4291 207 1099 2122 5453 5011 6575 339 6687 2993 1827 4582 2160 4998 7126 5000 861 5297 5872 1024 4926 3157 9009 231 2075 5092 4998 9357 240 6048 2002 7377 8973 3289 3824 860 5986 6915 4978 8582 9275 8973 4149 8861 6196 507 1790 2816 1664 7048 4654 1888 4466 6169 6132 884 2398 2130 1627 4500 5826 524 6672 3524 1376 2613 2696 8617 5629 4673 3510 9774 828 7943 7606 8072 9828 4985 9019 6703 7964 1775 9451 186 5179 1461 7012 5721 9470 9493
7157 6873 2723 100 9374 1989 4000 2590 7870 8552 2826 7948 7806 0 6636 5347 4099 9544 1910 244 5976 3296 5353 740 7524 1222 1440 2383 7894 804 6732 1071 2829 5244 4398 5897 5303 3828 5733 9879 5850 325 9190 6258 7877 3540 5716 1123 7922 8695 2801 262 3085 8501 6173 8925 4452 6463 1612 5134 8339 5626 2573 7874 7072 3043 677 5431 5255 2511 2893 1323 354 3428 4470 1405 2503 7694 5277 5596 980 8468 2449 923 3375 4937 1553 7779 6477 6983 4484 2229 3479 606 441 6176 926 4840 790 5238 1383 7091 2091 138 8454 4048 5415 2793 4753 8189 4644 2583 8404 8545 2370 7561 9709 602 6962 9589 6481 2331 4965 461 8184 4903 7659 2374 6981 1534 4259 4928 1203 463 6925 3683 796 488 2876 1431 1873 9881 4747 1695 866 6895 3572 4158 4709 1569 5004 2005 2765 2874 2882 7838 4306 8484 3311 5408 3147 8479 8984 6140 9530 9767 7111 82 1525 4078 1637 3423 5983 1920 7195 1096 1166 6288 375 1383 5021 590 3416 4806 8826 3194 479 6175 4032 669 1999 1485 967 9981 9862 3255 9986 9265 388 8158 2385 7853 1467 3895 9998 1544 5429 3066 4957 3569 5568 2222 5464 7090 2717 737 5331 8782 9821 4726 5012 9989 5665 8658 1786 76 7021 5925 6858 598 4484 5770 4126 8892 3699 2651 7315 5401 6496 6298 8705 9216 2548 5312 6050 5634 4058 8131 6695 2684 2476 2260 9422 959 7007 4174 8149 3406 3043 2996 8432 1781 2972 5737 6097 7575 9822 7345 4240 1123 859 1832 5690 33 2078 4195 3153 1285 6210 2478 3072 699 5013 3314 6124 2465 6568 2952 3936 646 9438 1278 6767 2501 8484 4003 5414 1810 635 8790
4223 2790 7424 8128 1011 6299 5055 3795 3294 8811 3566 7812 4177 6636 0 7708 7176 6121 2955 9506 4393 7513 1055 223 7214 1852 64 2146 141 9084 4102 7178 8924 1013 6875 8808 1606 7070 3039 7945 1012 343 8844 1928 9976 327 455 2276 5724 2895 4494 5763 1625 5663 9430 5326 92 6370 3001 8221 905 4597 3425 3546 770 5648 4081 1564 2519 7019 9043 7358 2310 5828 9631 4138 7776 8141 9559 9856 4570 6739 5812 284 5141 7338 8270 6279 1623 7526 373 8204 8693 4959 8815 2864 4336 5551 1293 284 3863 1566 8040 5102 5809 4961 9163 1000 9595 5515 7061 7352 999 2228 9398 3430 6848 8376 8247 6189 6025 4430 6993 174 9637 840 7588 7195 2915 177 7235 7223 1399 724 4681 273 7844 6621 5009 1968 9772 7164 8404 5004 6862 9011 9124 6080 6744 4058 3797 7343 3925 5034 4000 3639 8658 235 8741 7215 8728 3561 8558 7155 3804 2469 3624 8174 4376 3760 447 4102 9134 8860 236 5714 6931 4019 5131 668 2827 2262 6337 2183 8469 9275 7342 2792 8531 7372 876 234 3793 7265 1470 5573 4658 1090 7587 6914 2663 819 393 2532 5308 2183 949 6370 4100 6583 8740 1004 761 8197 1824 7652 8620 4919 8451 6838 3819 5153 4203 3425 6926 9285 5112 1830 3292 8442 7133 468 454 3792 7604 7017 6707 7553 6604 8032 2559 2524 2903 927 5256 2314 2946 6662 736 7491 7976 4455 4507 8684 117 3274 4408 1235 5266 6142 3413 6327 3912 5926 944 5103 4359 1128 908 1508 4790 2921 4610 7750 5796 3305 3134 7294 4236 7060 6690 1924 2631 3678 2411 515 9919 9648 9138 9691 3754 6890 9857 4480 7296 28 8430 8379 3397 9763
9881 3981 6149 9456 6625 8560 2964 9537 5876 8615 3995 2138 7487 5347 7708 0 4009 30 7831 6580 6628 7049 4037 3629 5132 3006 8153 4626 4972 9381 3379 9174 5617 8154 5894 3732 8953 1860 7693 2796 5105 4381 5219 1187 2331 1586 5958 4451 5593 7259 7198 1147 252 2492 8898 6060 7832 3434 4380 529 7202 588 6766 2221 5815 2083 6485 3142 327 24 5850 439 8037 4528 6442 3319 1182 7765 7015 2836 8500 8656 8903 6472 6497 7591 771 9658 2230 8538 2556 987 9473 9836 9581 5593 4745 2552 5363 1948 4285 8408 8270 6555 5527 7701 1377 6093 2554 514 514 1298 8761 2208 3214 9544 4244 8252 7613 3512 1057 6590 9149 7458 7259 3036 3845 2263 8184 3167 5829 1668 5783 5071 1644 2850 6310 7458 2722 4358 8796 1807 2943 5550 2185 5236 7792 1181 7511 2445 8165 8459 883 645 9488 4754 1936 9120 5717 5318 2273 1215 6645 8298 4813 6015 4473 269 4040 4722 9037 3838 4244 511 4816 1900 9333 8724 7259 618 8191 7520 2458 7872 5880 1907 5122 5202 4502 6910 4082 7968 5859 6414 9195 8875 9075 2420 429 7994 1644 3296 9222 9308 4773 9301 2836 6444 2318 3553 2745 10000 9820 6426 5323 1418 4481 5484 2776 9950 7153 7116 9261 8476 2975 6423 8478 5519 8855 6785 1188 1838 8735 5621 4261 2689 5316 8142 2082 939 1203 7803 5415 3709 6946 2844 2052 8264 6983 966 6288 1729 4841 753 4262 6316 5270 8471 2344 5867 1346 2232 6674 9207 7106 8519 4844 6508 4823 931 9215 6941 9958 31 3202 4421 4586 9317 8284 9895 608 7220 4300 1126 7171 3983 7972 7565 4170 5259 27 4416 3692 4424 4851 7670 9298 8454 4240 1708
7867 6324 2337 351 2589 4665 5576 3377 5869 9082 1850 6503 4939 4099 7176 4009 0 7017 3513 3785 4558 2581 8173 987 5496 5902 3561 9175 3580 5692 822 5088 1073 964 9941 4007 2156 5818 5302 4569 5551 2654 4899 2085 7446 2217 2811 9702 7538 9596 9499 5031 6649 3278 3291 3759 297 6975 8618 5395 836 8588 7565 8687 6456 7114 8065 9302 2610 7595 2447 8329 4135 9845 554 2764 6896 9099 5368 5672 9300 1947 7737 2016 5485 4283 2857 2325 3146 3563 9686 6677 4042 2749 9066 32 1697 8491 1477 6806 5173 6270 6755 9833 4661 1137 9190 4761 3067 9379 8133 4195 701 3893 4356 106 8573 7849 7138 4090 6884 5757 9183 3902 8105 8728 9552 2385 9847 4856 7894 3070 5336 9632 9370 3438 5783 9295 4583 6695 1012 4202 172 6160 128 9757 8836 3219 2208 4574 4151 6178 7522 2783 3687 8728 892 4897 3599 7730 1773 247 3189 6668 6435 5546 2690 186 92 5099 960 6286 8761 3535 7157 129 4190 6860 4558 6051 2101 1729 5008 4446 6830 2830 6462 1571 5917 8337 8678 3579 1345 5318 9645 3463 2 6304 2772 6335 2068 7007 361 7270 9725 5344 1311 7647 3518 1367 6777 4015 4444 729 4494 4832 1540 4682 9699 6684 1122 5204 6674 4570 7907 6306 6333 3963 9908 1322 7823 7151 5116 1029 1759 6289 5245 5583 290 3914 7551 7150 3116 8292 6384 9199 5342 3346 9618 3088 8371 8039 5812 3727 4455 5157 7437 4382 150 846 3559 6508 7387 6393 1372 7236 2929 9933 1026 3538 6730 133 8757 8026 4473 5823 3984 6841 2585 3529 1365 7359 884 2814 6470 2199 7109 4531 7682 2164 4912 8585 9291 9936 1575 3543 8352 7398 3213 4731
9965 1246 2420 3763 5090 8095 1561 4359 3385 5894 3194 7554 9392 9544 6121 30 7017 0 2550 5881 9370 9564 2159 3649 1281 2628 8645 347 9764 4090 5621 2144 321 541 4399 187 2280 6999 7369 3902 3028 880 2982 6695 5186 3442 378 5374 3013 4089 3108 6773 7925 7529 8468 120 2044 9778 7743 7981 1795 8214 8087 2030 6405 6848 168 3868 7886 8053 1388 9648 4496 7926 6133 1061 1715 8471 5771 8274 8935 9669 2616 7490 4300 4190 1850 3742 1503 4621 5765 5364 6144 8682 1469 2224 4679 7077 1334 1784 7386 3730 5988 6479 1440 9743 3132 8356 3384 6966 249 583 8260 2446 7201 3127 5249 7062 7737 8039 4169 3986 5591 9362 2380 464 5767 9337 8987 1078 9872 5646 7854 5394 7481 824 6751 9242 8190 2701 6851 3808 342 3255 2549 3383 9992 745 7130 7624 924 7229 1335 7590 6712 5139 8646 3389 55 1559 3177 2659 7164 5628 3214 4552 961 2810 2247 2803 3074 104 1556 4688 6713 741 9698 7342 1596 1888 2883 1848 7352 662 6274 1201 9887 7454 7169 7939 6171 7480 8816 3781 4404 7523 228 3229 2389 565 2286 9879 7895 3309 8640 9038 3453 6045 7078 4412 5589 1064 3350 603 3165 9034 1288 3038 1634 6563 7271 3048 7398 6303 7849 9321 7109 7597 8898 4774 4692 3939 68 2698 6890 4797 5055 8127 2522 5770 6390 4118 2795 8255 5327 6807 4471 4316 1962 1294 5603 7389 2840 7397 6913 4922 3132 9557 1500 3362 6645 9636 489 5820 9951 954 8484 7258 4624 2314 369 2037 426 9522 4041 1746 2381 4529 8393 6750 6831 409 3698 1807 78 8071 3123 3961 2166 8732 6568 8436 1927 5152 8169 4144 4644 6172 3291 365
7858 1505 1589 341 7906 4594 5434 1446 2261 7656 7875 384 6520 1910 2955 7831 3513 2550 0 8452 8722 5877 8717 9426 9497 8806 9036 9088 2217 8600 5539 3025 257 3177 5945 3764 8408 8792 209 2117 2874 6577 8108 5463 9817 7245 4924 4291 5856 2188 3926 9637 7023 8294 2046 8734 3077 9855 2135 7861 8026 7612 3735 1967 7589 2843 2579 6359 17 6557 6868 9249 3723 180 3879 8437 3199 5758 5800 968 2082 396 6422 5544 6409 6891 3360 7693 3752 5697 2068 8159 3574 3251 2792 4004 8977 413 4605 4494 8280 2876 5229 1726 8354 7903 2771 942 8460 5336 3299 4003 4685 2132 5541 7682 6436 7406 8806 9145 1123 3148 7350 5770 9553 4209 8035 6914 9486 7235 1181 4052 418 8990 7155 2647 8430 6773 3534 143 5637 1337 7571 4417 1892 306 8390 1479 110 8604 2130 7846 7335 2293 7582 7211 8478 1773 6634 4358 9664 1450 6940 7417 395 5481 8960 5015 3239 2779 9940 3751 5575 6557 7793 2923 4178 227 9193 4781 4555 3379 1426 2261 2875 3103 3235 446 7961 9482 3281 2575 6483 1593 125 3567 3051 7429 7568 3447 9286 4738 4705 8056 1495 9693 722 3912 9546 2256 846 2307 7756 637 5635 2771 2218 2419 2758 4119 2396 3073 3374 3104 8567 7492 5616 2803 159 6209 6436 3532 5061 7219 2231 1159 9422 2255 4837 3006 9880 5904 2664 1859 7167 8394 8087 5882 5993 46 3599 9567 6459 9005 1030 2270 6382 3097 680 9830 8514 8015 4460 5699 7835 4384 5234 8839 3334 3301 4040 7989 9826 6903 9019 379 9124 4178 5814 8373 8117 9595 4576 5182 7441 8352 2161 192 678 1212 1471 6636 3966 9064 1892 5040 6538 2985 9824 5191
5529 5463 6368 1122 3904 5558 5077 9752 5277 8655 5254 7493 8093 244 9506 6580 3785 5881 8452 0 8325 9529 5334 7244 6948 3148 5057 5265 1968 6788 2447 5322 821 5009 2917 8930 4069 8128 4794 6600 9285 381 5799 2494 1538 4193 5908 1474 2680 9379 905 1401 6008 2710 2272 2004 7901 514 9451 5675 8590 6133 7944 6583 8468 1314 4417 6102 4954 8798 9122 1183 8694 4915 1957 315 3248 4205 3110 4799 4007 4501 1480 9663 8842 7719 5249 8565 7231 9710 5609 2965 3622 9695 8446 8591 4564 6247 1508 1424 1725 4065 9411 4209 2675 5986 211 1702 8509 18 1971 4789 7589 8602 2904 5049 2619 7696 1812 9843 5284 4255 9055 924 9238 4119 6219 2486 4478 3237 3297 7276 2477 3423 3061 5042 5546 7957 653 8119 1170 8490 5041 2805 8837 9341 7847 296 4052 8788 1302 323 5369 9408 2817 8807 6369 9515 9528 5376 6210 416 9090 8970 1868 9471 9733 4213 5801 6624 5918 5433 3891 7899 628 8361 224 5468 7919 1451 2481 5915 2037 1279 8651 1442 8426 8311 1905 8785 8439 2166 9183 9042 182 6050 5104 5319 4158 6511 6102 1214 9776 1360 4614 5769 1860 260 2302 766 5439 2598 24 8454 1061 3956 2632 8233 694 1595 6848 7725 6971 9662 1049 3459 3571 2054 6902 260 700 133 6501 1 8411 6376 6353 3021 1998 2415 843 9536 1399 3725 2326 8772 88 9901 7880 6357 7404 9558 390 7634 187 7537 8271 6860 5501 5423 9976 9669 4463 4001 443 6836 8564 790 5304 7818 2492 7934 2202 9980 5784 7550 6595 1626 7671 6517 1933 5858 1294 5315 9624 7662 232 5464 9494 6221 349 9210 2380 5814 360 2140 5090 1288 6941 2816
5590 3539 2721 9532 3920 9228 9669 9729 6063 3152 6249 1761 8546 5976 4393 6628 4558 9370 8722 8325 0 4370 8586 1041 9309 7311 2734 367 8068 1202 5963 7310 3515 5235 2611 1481 4633 1922 4794 3598 9339 4672 8603 5317 7077 3822 4209 5019 5285 9780 8752 8224 9765 8902 5208 2510 1858 3436 6059 192 3067 9685 6169 5483 3578 3705 3312 2517 7997 2428 5949 1008 941 7146 4543 61 2302 7733 6625 1950 5346 6980 5509 4052 5963 7330 9754 7445 2727 1674 8069 1056 5764 2870 3914 9390 2941 3957 8863 2108 247 2019 7997 2575 6396 8870 1489 5182 9505 1331 5948 5323 9709 1261 1741 3759 4141 9186 1633 1430 1344 2078 4805 6999 5849 3659 9378 1298 154 4008 9866 8692 919 2204 1952 1765 2318 2803 7890 300 244 3466 5865 4879 7251 6945 5544 3881 8450 9496 1543 7882 5138 7540 6581 2024 2570 3156 6358 3655 6218 9484 7179 3020 6260 2 2984 7164 1921 1822 1280 9896 7615 3298 8622 4311 476 1370 3421 8804 9233 1979 6788 9111 5388 5699 3798 295 4877 5873 7932 8470 4482 7387 9375 9355 3321 9812 18 520 8085 3492 6279 7681 8590 3463 1619 6311 9728 1622 6113 1026 2583 1307 2303 6288 3640 6312 8346 2817 9888 1693 1038 3611 7199 463 2368 194 7495 5854 5466 1029 1398 2078 1842 3905 8284 7175 2041 4489 1581 4783 8555 7416 4125 8116 542 7713 6507 182 1297 1247 6706 3953 2364 2856 6475 8839 7888 6920 7818 2306 9174 8343 6503 9081 175 5289 4087 9728 7205 1083 7967 9274 8132 9364 9691 2241 7000 4465 6068 359 3494 7263 2277 6835 2950 1438 2450 9771 4497 859 2249 9713 6411 1608 5048 2780 5026 2252
8834 4485 9422 9541 2044 8519 4637 1751 2274 8047 1133 709 7763 3296 7513 7049 2581 9564 5877 9529 4370 0 4118 8276 5161 9244 3346 5848 7706 5393 3892 856 6061 4712 3698 3357 3966 7598 9475 7823 5254 5480 4077 9077 6105 8339 6822 132 4632 4425 5662 4061 1611 7797 8288 4870 4008 8218 2972 3062 4834 5905 271 7842 5441 3480 10 4574 7736 6689 5182 1927 5035 9479 1003 4809 1086 4699 6878 2351 5164 8291 9046 3760 4630 7228 2777 5478 2126 5669 2561 8313 7914 4876 2224 7094 4618 8529 4838 9931 4277 5193 1951 2289 6360 3011 7794 6816 8127 9873 372 248 4519 1577 2261 9319 7892 2967 4330 5402 6464 4983 2251 2413 4316 8114 7042 4622 5112 3877 2238 1990 4514 2174 1826 4651 6275 3156 4020 6070 2617 6936 9339 8154 4382 4905 3269 752 4872 5072 5138 7588 8857 9367 4796 7655 5527 9173 255 1402 3976 6262 3899 1743 385 1837 3016 9141 4292 2865 4377 2477 3000 8269 8810 9233 9589 1166 328 5403 7991 392 7775 739 957 517 6905 5744 5711 6334 912 8380 4846 6879 4103 7091 6555 9137 2142 5353 8669 5565 274 6928 3855 9293 9077 5942 8674 2567 2795 5643 4362 9968 9697 1216 2610 3014 9522 944 8524 6901 7754 1011 7185 7272 4587 52 3498 8719 6406 3646 4431 7144 760 7873 965 5130 6848 5121 959 8489 4419 4271 1038 8759 3152 6507 5264 837 9867 8471 783 1830 221 1506 66 4010 4511 1245 6694 9095 1330 4352 6578 277 5185 4780 7899 1547 5023 9296 2365 5081 672 6308 8091 4625 914 729 7170 4189 9586 2645 5210 5836 8154 8792 6360 6095 6893 4174 6341 1682 2704 6670 9861 8943 6291 5976
8802 1648 8895 2074 2606 3312 6297 84 5712 4537 2704 5602 226 5353 1055 4037 8173 2159 8717 5334 8586 4118 0 2323 8260 3657 9005 7241 2509 6849 4976 7081 2982 516 1763 1366 4121 68 2616 3126 9342 3639 1278 3735 2515 5233 3317 1637 1999 4186 2561 3846 2240 6550 1053 3768 6137 1737 2000 8471 3101 6990 3563 3792 9098 5098 3868 486 9004 1119 6849 1995 4895 1812 9473 9449 6411 2591 6242 8510 5104 3870 4696 6707 3932 4689 7867 7298 9814 9970 5377 3965 4810 4256 7929 6775 9981 5615 6351 9565 2283 2481 4701 599 7606 887 4287 933 8746 4540 5046 1967 7720 4245 6141 3723 3871 9668 3282 7387 1600 4515 5274 4890 4517 3487 7649 1665 8936 4175 1625 2107 8582 4059 2603 6974 5833 6529 1857 5258 7257 7801 5415 70 5234 5401 5344 9951 7043 6227 7040 1953 5364 1381 6252 5778 6771 712 5442 9807 9845 581 9857 2039 9239 2774 2132 4305 8556 5912 214 7877 9026 4482 8551 8244 5329 8306 9238 8155 7566 3436 598 9902 3315 1134 7223 8194 6877 8592 1253 7413 8984 8477 4256 4829 8675 5580 3136 2821 587 3442 7206 179 7827 3444 1862 8109 6170 2286 6863 1491 541 988 3929 6572 1912 2816 7594 8950 1263 1666 7082 9394 5280 7084 7840 6806 6861 9793 3432 8874 8133 513 8663 5677 4112 3684 3602 5858 3132 2697 1943 8382 6370 563 6802 4536 6153 3380 1588 6052 5399 899 7540 8324 3388 2113 6657 4193 5044 9079 2474 4404 9999 3576 6511 9326 9695 4258 9806 1486 4352 8465 9207 4824 2486 9090 6863 4439 9004 7900 9667 6654 1259 4735 793 3420 5820 8078 1444 1073 4857 7285 2305 2902 7227 4467 1670 6443
2853 6826 7549 2454 9369 11 2349 9549 914 1387 8939 1167 3569 740 223 3629 987 3649 9426 7244 1041 8276 2323 0 1906 5617 3458 1233 591 3705 465 6167 2145 4387 311 1507 867 7509 4480 5231 8823 7476 7198 5788 2346 102 6833 9220 2618 5720 4 4864 8583 1692 1788 2134 9637 1205 4082 9964 9572 3516 2479 1824 6 6617 4932 2693 665 5360 8094 4857 8911 6194 1608 8966 223 8243 6138 4462 7167 4003 5976 2099 8669 9884 7683 3513 9351 6666 9664 8563 1601 8318 8699 5229 702 6268 1452 8983 3947 3364 1653 7090 1319 4224 5893 9665 8593 9187 2764 478 3209 1014 5352 8283 1766 6269 9973 7966 528 5044 5991 6230 8586 5251 8185 6472 890 1137 8010 1750 5586 8871 2312 6411 7050 9924 5180 4912 4147 6199 3609 6765 564 8921 5277 9012 8345 2775 2325 3687 367 9186 1290 8176 1819 329 8018 5469 1705 1947 8756 5073 6512 927 9795 1281 1561 6743 3179 3199 3752 5743 8252 7879 3151 4214 9287 6024 6354 6953 6349 7828 3622 4284 7158 2200 2437 8716 8449 206 9794 6150 3741 127 3611 8800 1884 2080 6914 9304 8725 5275 9298 2052 8436 3117 7221 4183 8300 291 1871 7042 9876 1131 8320 7878 5299 8261 4912 1584 7084 7688 5546 8705 4486 4224 9773 9657 743 2231 9495 7740 666 2606 3265 519 6153 1501 4388 8412 1992 4088 1472 4236 3920 1535 9966 2659 1538 2980 116 8743 945 5674 5945 7178 894 6773 1057 6001 5444 7907 2625 805 2551 9705 8200 2267 6355 3108 8644 6142 7133 8093 7018 1564 1896 4608 2639 9644 6890 213 2664 3115 4459 8881 8766 2548 2584 5766 8212 8857 2027 1940 1858 6835 8814 527
2251 7204 3136 1982 1595 1758 2027 4475 8768 9394 3576 4582 7342 7524 7214 5132 5496 1281 9497 6948 9309 5161 8260 1906 0 5062 5715 1123 8742 5508 7527 3066 4560 9993 9162 5745 425 3864 6672 4351 1314 345 4217 7555 8968 8171 8085 9158 9171 9 9557 5348 3391 4090 5523 1466 393 282 9101 7535 9720 6267 6969 9138 3644 5471 1513 1262 8011 6865 8974 1933 1772 8788 5153 1743 388 3833 2387 2343 9514 67 6736 1204 2199 7513 7711 6439 3182 1969 7945 1728 442 1116 3769 5502 2174 9928 5312 2741 4385 6127 3326 7405 6454 6188 9770 7182 634 2701 7757 4840 2687 2139 4469 2522 8655 927 8923 4396 3747 699 3427 690 697 8509 5475 1978 6796 9791 1186 1613 1691 5762 9603 8098 7752 9946 5257 2605 7185 9004 4561 6318 9959 8879 2340 3672 8807 5901 9931 8532 7767 7999 8527 5674 4564 4120 1987 4352 4593 6161 4436 3682 9474 2080 2588 6799 9612 4512 9925 3440 9112 9495 7959 357 4609 6742 5326 8093 1837 4244 9165 4842 2583 4317 7296 4006 8906 1272 5849 8907 4434 3664 334 6763 1931 5632 3811 6890 136 4695 3609 3447 5641 4129 9451 9287 1422 8177 9941 2356 4488 8334 3348 4906 4003 945 9614 1630 2041 3330 1641 6190 5086 1443 1345 915 986 3441 225 3127 5366 9554 6032 1721 5872 9733 2899 25 2844 3016 1680 4336 3011 8557 6744 2175 1095 6173 9292 9784 232 2897 1548 8482 4884 2506 9966 5457 9874 2970 1254 6258 4611 3439 9340 592 6234 9139 4272 6361 7025 6895 4939 9247 1466 8346 4126 493 919 4130 9235 2497 2592 2870 1123 9746 7097 910 6012 9836 7719 8404 1590 6251 9483 2505 1272 5203
7410 5980 7808 4386 9161 2596 4417 4215 7606 9972 6217 9775 506 1222 1852 3006 5902 2628 8806 3148 7311 9244 3657 5617 5062 0 5391 8 6258 578 19 385 1159 6807 275 1203 53 7678 9133 2191 76 2570 4023 1046 3851 2304 2673 9181 668 719 3468 8417 5967 3520 7881 4129 2179 1067 9771 4547 8076 3562 2259 7142 2824 3420 817 6546 500 4974 6512 7849 8033 720 5000 6184 8107 6407 6053 756 1717 6934 3509 3382 5804 3158 914 945 9343 3967 1686 4934 510 7610 7434 172 8269 6901 6339 3301 1831 5896 4123 8367 93 2663 1716 7459 1587 8464 1264 7516 8445 8777 5262 3797 5453 5451 8343 8368 7927 9330 9121 8407 5983 5862 9882 4407 3767 5199 3130 6879 7060 4152 5141 2080 1667 4752 1142 6673 7406 696 4910 7449 2892 7926 3423 6678 6719 718 2327 2502 3965 4023 4792 757 6355 7286 2490 3786 6278 2200 2505 1835 1579 5270 8521 1006 1402 2272 5819 4413 632 9134 5896 6367 780 8077 238 5148 4171 4748 5054 2362 1420 915 3984 5218 5149 3373 4762 5112 1056 8435 3015 4154 4770 2978 4137 6796 2262 7516 1900 1074 6966 1231 6777 8918 3987 8140 4549 3045 3383 8843 1601 7635 5170 2943 9570 7062 4131 5118 2825 2954 9409 1281 9278 8629 1644 1289 2694 4178 159 1469 2378 1976 2307 2375 8141 1262 1918 5361 2837 8105 4370 1626 7665 9224 2360 835 6314 704 9665 6019 1742 6972 5435 7743 4812 2755 1161 9573 1255 326 1389 5138 5648 9359 875 5509 3790 1834 9025 2402 3810 8202 4081 6428 2512 6640 5607 4936 1581 9295 17 6689 8735 9949 5707 4526 5378 8892 9171 9161 9969 6143 4174 924 8049 5008
7519 6183 2490 2759 7153 7729 6724 5933 4721 8482 2050 4531 2273 1440 64 8153 3561 8645 9036 5057 2734 3346 9005 3458 5715 5391 0 2739 6755 8061 2341 7468 4832 2013 1550 2804 5397 4757 394 4708 7018 5235 9484 6396 2691 732 2331 1717 3150 1450 3279 9359 76 878 9778 4522 7985 8749 4842 4838 7662 6202 2471 6984 2788 375 6676 9904 5756 614 9118 3882 2613 9778 6943 2648 9582 4634 3290 6135 3509 358 7077 9200 2489 822 2913 2711 4724 1695 5788 3490 6865 9196 2222 4647 4270 4079 6669 9107 3265 3256 614 1446 7625 1756 5670 1820 6560 1960 2934 6038 1863 503 4195 2246 8919 7263 3567 7907 2380 6728 5857 81 6846 9677 7080 7437 9388 8459 455 9679 8049 2891 9822 6737 3822 496 1568 7261 3262 5024 5681 6614 9072 6764 3790 850 5732 5740 1164 9427 8109 2628 8198 1567 3823 4478 8153 9731 409 3547 4059 2799 8370 1024 5326 8978 8192 4728 901 5133 8128 4190 296 1850 95 7365 1569 298 4689 8434 8200 6737 1977 6155 6577 1408 6735 6802 1517 6499 1554 47 4383 7570 9922 2999 1492 1011 8093 6166 4961 1744 1572 4947 2643 8642 1553 1950 9659 9642 9489 306 4179 2112 9865 8634 274 8423 4118 7873 5145 3167 9727 896 3950 6968 1608 8843 7530 3813 6754 4605 9926 6480 3686 7874 3042 7447 9644 3227 4745 3255 4406 1103 6122 6861 1449 8516 7582 5798 5409 5432 7008 633 7881 978 1233 2692 9622 2263 904 9281 5727 4427 3131 1713 3902 5443 7837 6604 6941 1502 8611 7250 5642 6511 1952 5707 1476 4862 9360 2241 8991 7393 518 1262 384 2108 7513 8559 372 7629 7950 1666 2172 3042 1408 308
