200
0 1279 3711 1544 1273 4591 6735 9371 3977 8894 6718 2793 9415 1062 8613 3419 7562 9771 3463 9297 7968 4359 6673 3699 6597 1105 4917 4940 2634 7686 8446 9130 7327 5076 7182 9057 3435 9731 1968 798 2015 4746 8584 8057 8638 3223 6884 3221 4602 7308 197 3748 6514 7978 1808 5651 8814 805 3368 9123 3327 9097 4355 5625 3679 7677 8077 1846 8718 1082 1045 4062 3282 8700 2576 1708 8970 356 668 6988 1905 8786 1648 166 8563 8784 110 6070 6207 8714 5504 4703 4365 9112 5706 6680 1738 3047 7783 9808 8847 7484 6007 2126 6982 6181 660 4926 9941 4317 237 5367 2984 182 4702 1963 4880 413 2378 862 1102 8949 4821 5152 4208 806 1352 9180 1027 5410 4006 6322 9571 8377 2848 1991 4896 3208 6604 179 9752 531 2183 2586 5970 4284 7039 9151 4840 9013 4260 3578 1819 7110 2594 1124 1974 6651 3120 4665 1877 6080 5849 5987 1679 4672 6086 2761 7772 9539 3723 1075 5075 2396 4483 2372 3189 4106 4837 1796 7949 3657 4028 6042 6711 5937 229 6468 5199 144 7851 1208 4866 9408 7442 8110 907 5637 9625 3135
1279 0 3471 4118 4740 422 7585 6026 9182 887 5335 4655 1610 1163 69 9286 701 5432 1562 751 7510 7533 2428 9433 3626 8205 4594 2054 8289 2663 5943 8593 4535 4377 9011 2243 9043 7090 5054 6774 847 8595 1949 1574 4377 230 5405 8594 8837 9870 4987 1327 5212 7923 125 3635 6685 1269 2724 2834 9314 512 8457 6678 7622 3468 8909 4589 3943 9026 1730 2080 7797 3143 8039 5822 9381 8707 1192 9217 184 2260 8862 6303 1871 6671 4743 2137 9225 8939 4986 6792 5111 1372 7198 8803 8941 7199 5979 3703 4094 3294 1184 4947 4741 974 7009 7969 1815 7867 3869 7751 7631 839 9685 3791 3971 1621 3609 9468 7771 8608 9264 3749 496 7549 3774 720 246 9028 287 1483 393 2652 7010 5037 6626 5481 6374 3966 5338 7890 5122 7531 4831 8010 6885 830 5945 4888 9940 7976 4910 9318 6334 1675 9475 9159 8474 1606 5235 7273 6512 4323 2026 3194 7174 7987 96 6609 9062 747 2259 1064 4606 7273 1203 9383 1302 8847 6237 1813 4704 855 7532 8030 8419 1239 8030 9129 8189 3656 4769 8544 8681 4778 4224 4758 6169 9320
3711 3471 0 4828 6584 5353 2905 858 8872 9909 8465 5407 210 9878 1677 6639 2700 2861 9464 4467 6869 7750 275 7360 2020 8036 5923 8054 4109 812 8742 3911 872 7500 7145 6437 8272 3739 3516 6243 5457 4311 5732 1026 4624 7035 9099 5496 3340 9716 2195 6752 3131 6487 4547 2004 2696 1583 6670 5261 3884 5938 5093 3977 2106 7909 1465 19 1278 8515 5407 4715 4351 5887 9373 8226 204 6225 3725 1015 9212 8310 3187 5713 7857 7615 7344 8210 3015 8105 7486 2153 9784 2416 9072 8704 6549 2346 1814 7235 6732 7473 2309 2652 4689 6617 1977 3305 1513 3292 2957 3899 4252 7426 4050 7441 3763 7570 4931 2745 4845 2694 5860 6689 9095 4904 572 4664 5599 8717 323 358 8980 1738 7494 5143 3480 7868 4115 6534 1484 8348 776 4899 1963 1601 7136 4356 8848 759 928 2007 8200 2511 7939 5877 3811 8215 6921 7222 6373 4877 5137 8680 7136 1594 4569 326 1876 7461 8968 9500 4632 5575 5180 2835 6115 3470 4769 8900 9176 6851 9691 6511 4544 161 367 6467 2106 2904 3800 5718 6907 7754 2388 1179 8486 7104 1956 4720
1544 4118 4828 0 1190 1372 9054 2410 6885 7430 191 984 6307 636 2825 9259 2843 9049 1449 9370 607 5095 7286 1779 2026 418 3734 3267 429 9568 5884 1232 6182 4015 7923 154 6334 5474 8525 1310 7599 4459 405 1831 1509 1341 8822 2678 7455 4421 3121 4182 7615 1566 5379 6597 2190 3401 6062 5397 7967 5760 8723 9172 8804 2167 9440 7631 7636 4645 2909 5697 3613 9920 6302 8195 2679 5479 6649 4973 3572 5550 3711 6155 8445 7989 2410 3054 8775 8315 9618 9781 4647 9462 2293 2174 1243 5414 1802 6067 2146 572 1977 4593 5250 4339 8266 9490 6967 4620 6565 8795 6896 8690 3423 716 1037 6026 9887 5027 7084 2761 2858 6221 3945 6475 2723 3485 5443 3917 514 3859 8868 2030 6373 7170 7082 671 2043 745 6818 7072 2540 3956 7373 3339 8502 6669 2455 3291 5528 6172 8251 4171 2906 61 2852 1688 8323 2267 1510 1558 3614 2273 6629 8460 1083 7881 6207 1259 1580 9972 4773 3271 5041 1528 2980 5015 5754 1158 8950 203 6856 8357 5733 4013 131 1589 3042 5673 2356 176 4600 5622 7675 5529 2977 6086 5679 9806
1273 4740 6584 1190 0 5649 6880 422 2307 275 1025 5902 4703 9591 9587 8421 6487 3510 6451 7876 4033 8126 963 4694 3461 8261 8254 8973 6597 1078 4528 5679 5213 5980 8645 8701 5632 9881 2401 8723 8311 3636 1429 4728 4043 6019 3045 1000 7414 3466 5906 1613 5077 9924 5243 4747 9302 8541 9303 6385 2537 5765 6007 2918 7622 4217 2399 8772 6024 5672 6027 9276 2635 4067 5226 7867 5385 5354 4445 3085 8718 925 9021 9220 4027 7129 8702 3525 5638 4848 3231 2338 1802 8673 8149 6560 6480 4653 6495 5175 4543 1698 2424 7838 1319 1884 8215 3732 2600 7679 5174 7922 3060 6931 9268 255 884 1942 5697 8044 2244 4382 7727 624 511 3755 4548 519 6570 9130 1922 3555 6098 4572 6519 6662 5950 7833 4496 1331 4504 9065 6554 5403 6014 954 3755 3952 956 8161 8032 6377 1045 8534 2100 55 4050 7683 224 6240 5605 7145 7735 1470 5590 1183 4907 4004 961 3116 8267 554 3110 8565 8505 7935 6137 7403 3245 4399 1982 5131 4324 4314 7777 2319 5541 1785 1927 9432 9639 339 557 6995 4162 920 5228 6107 1726 4233
4591 422 5353 1372 5649 0 7576 51 611 1562 1229 7781 1031 5151 5061 1325 693 9533 7218 501 320 6801 3416 4514 6513 9577 7638 677 2119 7181 5827 666 6461 5597 242 236 9349 3272 655 9698 2792 5891 4704 1112 8599 5955 2097 684 88 8154 6258 9158 2702 2643 8958 4998 107 9602 6296 8309 5095 2656 7531 1869 9574 7413 3064 8164 4091 3072 1234 2383 3638 7676 5676 7376 4043 910 9816 3969 8471 6399 7150 2257 7896 8086 5040 2986 8814 3498 9764 9277 510 9148 1687 5959 7751 75 2055 6998 1368 8353 9408 9252 3176 1741 3780 1457 4156 4998 1288 4360 785 4457 7769 5623 4194 9890 7088 5596 9305 3558 2784 8225 1744 8786 4550 3868 2324 5628 4683 572 2780 3149 9808 7594 1601 627 6967 6749 6526 4112 8915 7419 6649 1125 1024 3785 2618 6846 8916 2220 9390 3184 1950 3000 1330 5066 8935 8371 7816 8121 8888 7961 7740 283 4224 9053 267 1414 8449 2079 9713 2997 9162 1933 4317 1219 5310 9274 6916 6416 3893 5397 5623 5661 2833 4258 8199 5758 2672 4241 9923 5367 4783 1690 3013 8239 7511 9244
6735 7585 2905 9054 6880 7576 0 1812 4884 728 6470 4965 1360 1703 474 6816 8225 3456 5451 36 5479 8847 1718 258 7529 6276 2035 8549 8774 720 4893 5422 9973 8942 4940 8081 8136 268 744 7031 7069 591 4690 4705 4664 9185 4007 2255 3948 6010 8987 4168 4501 436 6611 7019 1565 5434 9236 5564 5713 1116 7209 5191 2280 7091 968 8158 2212 6707 6569 3621 7824 1601 8762 6685 6371 4851 846 1386 9925 5971 3810 9366 684 7334 8907 720 4739 6685 5559 503 6051 7327 8916 9909 2382 1535 9048 3651 8180 1387 8805 4713 5894 8561 8677 2169 4745 6627 8888 5090 2590 1141 2700 6654 2865 9623 1706 7935 7033 3917 1851 8751 3617 1950 1894 4781 7129 5403 7085 2213 2441 4073 8442 5354 7222 9247 8547 8941 9443 1674 5936 2287 5177 5552 1039 6017 5143 7416 9624 4946 8478 8227 275 8452 9977 2241 7179 7224 2979 2016 4812 4596 4079 6350 5648 9756 983 5740 9905 1814 6997 6012 7810 9150 9272 7819 3910 2889 4920 6313 5452 2787 9470 3383 8024 7039 6149 58 2689 89 6267 8135 2066 6525 5758 1941 2839 4465
9371 6026 858 2410 422 51 1812 0 5428 5906 4744 7316 964 6035 6416 5187 3817 2765 3347 9441 9007 6516 249 4341 5015 9687 9434 9933 9422 7545 3496 3007 3004 7726 7581 3706 530 9260 7328 8302 112 2548 7536 9879 2715 6747 8489 904 300 2135 7127 4876 9130 2673 7148 8711 574 8295 1348 7391 4488 8220 5754 4856 8188 3572 4242 6766 1787 9167 5512 6113 9130 5158 2938 7407 4786 856 1744 6829 6672 4652 1728 2634 3229 7812 5543 6686 6860 680 9848 3154 7920 2988 454 9033 4639 6626 7778 7528 6794 5880 5234 8032 2192 8548 8984 4502 3457 9678 787 5251 5710 4501 3683 5485 7214 3449 7606 3307 2186 3530 8843 9216 5393 9444 7199 6513 6386 9144 4751 5005 4507 7695 5881 64 3755 3331 6436 8695 2291 1623 6110 6906 8756 4818 4842 7369 1724 2091 2476 5209 291 3178 4340 4969 1467 5868 1858 8532 7088 3943 704 8624 9123 8556 9783 8482 7084 7884 722 3902 9392 7089 6542 7773 4848 6881 3830 6587 833 9991 9790 7930 6292 3371 4827 2166 5167 8493 8042 3130 8378 8300 2016 1059 6769 6181 4617 5547
3977 9182 8872 6885 2307 611 4884 5428 0 9159 8893 4230 5569 7958 7320 9942 2646 1599 422 2333 5878 9165 5297 5526 6901 1270 445 5993 6505 3682 5904 5661 1682 7582 4423 1219 3128 7715 5104 7289 298 8465 9628 5382 2221 9622 3531 7713 6499 6155 9288 2936 1828 7150 5731 737 3297 5790 5108 8838 5609 6842 5554 210 1273 4831 2978 7962 3138 9945 3477 7197 9247 8757 6230 845 878 8521 9318 60 2831 5106 3161 8039 2015 7865 1970 8582 9304 27 4326 9032 1090 4327 7049 1746 9436 3800 2503 5434 6608 8545 7920 5756 44 704 5625 7295 2121 7004 86 1436 8017 7203 3493 3155 4267 945 482 9173 9376 7317 9093 6636 3890 4076 6347 2354 8626 7031 5442 7657 454 1376 5751 8661 1367 9333 7565 7412 9933 9761 6494 8839 6328 2736 2876 2938 6959 886 9294 5383 3420 2566 2103 3622 5912 8120 9479 9913 4882 3722 5362 557 245 5816 3021 6017 6423 4385 3479 8408 8130 3698 6870 5709 4954 8108 1609 9360 8668 9696 3712 2754 5436 5830 9498 5727 1030 240 4853 3672 384 2015 9944 2136 5410 4755 4278 7610
8894 887 9909 7430 275 1562 728 5906 9159 0 5880 6140 6925 9988 7862 3829 4249 7111 3297 486 9920 4888 953 1313 2060 9032 9483 4217 1976 8880 6252 9821 8481 7227 229 9200 6419 4598 5972 4877 9122 4785 3313 9278 3569 7400 4381 216 9067 6481 5086 9277 1544 6070 2697 4457 6897 2038 3965 9385 5387 2824 8077 8019 9271 9618 6780 7274 3620 8444 5764 4296 9969 2880 3767 4626 4708 9702 5065 3492 8903 3423 3013 5074 7266 6502 5371 7879 3994 8711 2098 1519 6533 9961 3613 9943 4223 1830 7224 825 6843 1997 3881 87 4685 8915 6508 5367 1334 4598 8199 6328 6846 3958 2324 5300 511 9960 8612 5509 5653 2332 7808 7009 4984 8504 2795 966 1205 5572 2772 1726 5200 1660 7463 7419 9610 1749 3467 9819 6445 4992 7250 2495 9645 4900 1408 6765 5563 6880 7678 3560 3174 8818 925 9115 5162 4719 1005 6520 4734 9702 4322 7384 4876 8291 728 1392 1942 2340 1174 5696 4683 3725 2126 2257 4940 7680 3863 414 6881 1196 5568 1310 1638 2687 7349 6329 9576 9140 6939 5999 7960 532 4859 3890 5366 2705 4648 2635
6718 5335 8465 191 1025 1229 6470 4744 8893 5880 0 2425 9371 2265 6832 657 9834 7328 6386 4823 5687 4874 4828 6271 6839 4097 2432 9073 946 107 1759 9714 4236 7548 3509 717 4384 7375 5562 7022 4546 5630 2686 8561 7369 5290 5229 2472 7119 3534 4106 4538 6101 9937 7208 6829 8478 5082 5065 5931 4533 1402 6795 3009 7224 436 4436 7221 9552 2193 1739 6209 5027 6874 78 911 6223 1584 3106 8952 2567 1310 2360 2279 7831 1134 8801 8631 6725 7680 1789 5798 8954 2050 3979 107 7330 6557 1912 5512 1205 746 9979 6256 6525 4940 9327 1470 2585 9342 8996 1999 4538 3480 1146 1718 7861 465 1873 760 8110 9009 5443 5532 3217 3432 6474 6417 5373 6444 3533 8973 5557 7536 2849 8112 7996 5967 1478 7007 1629 7713 1392 7900 542 2368 399 1642 5072 889 7156 2722 1910 7903 3388 8725 1656 3110 3454 7759 241 3022 224 2254 6045 5594 1886 4665 366 6281 1281 5283 5656 8665 8906 5174 9426 526 5791 4861 8058 6570 1691 8712 2493 387 454 5389 7898 3203 529 5439 7184 8156 3030 8496 1507 2715 2174 9412
2793 4655 5407 984 5902 7781 4965 7316 4230 6140 2425 0 1026 8975 5684 9365 1977 6478 2453 7430 5763 1230 8160 8654 6656 2303 9337 9464 2972 8240 107 1425 6880 7865 3841 1652 1124 1367 5439 9648 5545 5624 5835 7703 2328 9960 2861 9150 5406 8416 7772 5311 1943 3410 5101 9330 5261 6865 6016 9330 7754 5355 6770 7588 8108 4728 2762 9341 9328 2597 2504 2303 1126 5514 220 5563 1422 2071 1422 2041 4913 2591 7791 9093 4388 9449 4609 9421 1210 5343 4368 9645 1501 2471 2375 7099 8609 8610 3930 9008 8431 1726 2485 9932 3934 4074 9553 8597 7497 5114 5823 3037 2604 5451 7863 6909 333 8547 8844 3204 9431 2607 3587 1009 7661 7556 2608 8306 7219 8656 9991 1427 4109 7414 2635 9045 9024 4075 7301 2076 2082 4642 7495 442 8742 9670 2010 3053 1839 6060 8355 8827 3959 1039 7597 2468 5548 7070 5226 8330 7251 2667 9868 1779 3315 807 4986 2634 1746 8584 6322 8456 4420 6114 828 4414 5476 7234 4746 9321 9824 7725 5085 838 5228 4046 3647 665 3821 1622 4664 7957 811 4663 7806 1646 9841 2527 2008 133
9415 1610 210 6307 4703 1031 1360 964 5569 6925 9371 1026 0 8603 4555 4596 830 5192 1542 2355 4313 8414 7472 1558 5419 4766 7354 5953 306 9170 2560 7042 9404 7698 8290 9075 1182 6175 8680 8258 6370 9940 2678 7279 1905 3678 337 3418 4955 3044 2891 4535 1011 5176 6112 3814 8087 3041 5162 7360 4743 2053 4020 5302 4306 1587 1018 6720 5760 7966 8568 4715 4243 2468 5589 4865 2076 7991 4702 1881 3339 6680 2407 5478 9162 7031 7094 4961 8264 7821 6008 8548 4193 3294 6981 6589 536 3232 8920 1741 1965 2457 9563 7095 2547 95 8294 12 8820 5301 4444 7181 5909 6169 8228 6045 9990 5409 7659 8367 6563 4306 6417 7067 8635 5978 4685 7015 4656 1103 8939 1149 6128 8726 869 5453 7163 710 8177 3991 629 2739 3822 5776 973 2760 4951 9289 521 3719 3848 7703 8437 6156 7965 5391 4958 6133 1659 4178 6281 2554 1150 4385 4381 1102 2433 8465 8557 2490 9002 2673 8436 1044 7403 5600 1964 6164 9577 4132 3921 8463 4278 8367 3759 3460 3635 7724 9446 9613 6196 2847 3418 122 8646 377 3409 2444 5870 3405
1062 1163 9878 636 9591 5151 1703 6035 7958 9988 2265 8975 8603 0 3098 9788 6947 3050 2271 5355 5986 7076 8084 3692 1721 6039 3212 1965 3736 8765 19 2352 5266 2534 8793 1209 3230 2144 2709 7305 7488 2497 4973 5859 5602 945 9465 5379 137 8939 3745 4927 8521 2157 1663 7019 6614 5057 6002 4189 9448 9294 8047 3992 5624 5124 7755 118 8719 9217 8642 7791 7520 6845 9120 6478 419 7871 3119 4395 8748 8654 1380 9037 506 7093 9219 4324 7378 3728 1557 4000 933 6902 4006 2347 3567 7873 8405 8813 9703 7631 5169 7018 896 5777 2521 7700 4691 5059 7594 4507 5771 938 4618 9916 963 5681 8753 8066 4215 3728 6504 4725 4804 6658 2102 9136 7158 3056 6561 187 4863 6082 6957 1928 8082 4453 4159 1558 4834 9721 2363 8481 2859 7296 1162 7801 5187 9106 9764 426 7471 4401 1546 4854 2526 1329 5216 2694 1434 9915 3764 1853 1838 5264 7563 5004 7753 2395 311 2943 5437 7499 5130 7721 6375 9558 5916 1748 8677 4027 1362 9792 1869 2825 2086 6910 5193 7592 1180 9910 2804 8163 2886 6758 3817 2523 6438 9298
8613 69 1677 2825 9587 5061 474 6416 7320 7862 6832 5684 4555 3098 0 2051 844 4563 2224 34 7323 1905 9764 210 3169 4141 1817 1513 5384 6646 9767 3659 8767 1107 9253 6018 4604 7570 800 2446 2629 2765 592 7272 9808 5403 8294 678 674 2699 6082 4805 6753 2401 3977 3642 7017 1343 8436 5909 2806 5228 8062 1947 2593 1183 139 2566 5521 6275 363 2179 3793 8687 5477 4604 4985 9468 4283 6504 6362 4927 6501 5274 9368 1618 2675 8687 8818 2581 5197 6819 3228 895 5705 9464 6591 4033 455 6007 4225 7604 8240 3245 8486 6845 8839 2744 8002 7759 4261 2729 7447 6822 7308 3922 5800 3796 2214 973 3658 3511 9699 3040 4620 1010 111 7438 8312 5545 4876 1239 7387 5314 8135 9748 4359 6623 5695 2530 7786 1310 8212 6734 1862 2061 4815 502 6442 5018 4139 7291 3650 9248 549 8085 9184 133 507 3190 8840 3440 8593 8477 6595 5006 4287 2461 9840 7264 6580 1730 2973 4331 5763 282 8541 3381 8810 8043 4744 2115 3370 1546 7570 3797 3919 4017 7806 637 8871 6670 5320 4926 3897 5270 4487 6813 4691 8414
3419 9286 6639 9259 8421 1325 6816 5187 9942 3829 657 9365 4596 9788 2051 0 9307 6726 5208 6732 1196 2456 8472 765 1945 9744 2145 6552 4532 5590 5942 9302 3111 2823 885 5708 5849 3016 8042 9329 1725 847 1164 3069 8088 4429 4606 1541 6846 7592 9559 6740 497 5375 7519 3757 7296 4511 2919 7025 4523 1880 319 9147 361 6474 1692 5329 5982 7734 3677 5903 1555 5641 2698 8673 2631 9479 3795 4301 8979 4249 9931 6186 708 202 4432 2128 4780 3329 7202 1016 6481 3004 7592 7245 972 5149 131 4293 1533 961 2657 7754 306 2145 4226 7739 7760 8437 6165 844 3211 9329 9286 6620 5745 707 8612 3000 3996 384 1726 6313 7716 8423 4686 8374 5980 9474 5011 3041 176 4555 1066 807 7705 7843 8055 1250 673 9467 5605 7284 9100 6035 8215 93 7702 4381 7893 460 6691 4179 8777 78 2139 9213 1172 6102 4002 457 723 6255 3175 9495 1002 972 9878 8690 8037 4064 773 9316 1129 2065 336 1720 1890 9298 4053 2937 9700 3816 7762 3889 9164 5617 4423 8575 6433 8527 7162 8833 3769 513 5100 8314 4348 4007
7562 701 2700 2843 6487 693 8225 3817 2646 4249 9834 1977 830 6947 844 9307 0 9241 995 8273 5651 9560 6945 356 3468 1971 5237 7242 3729 3046 8008 6553 4878 2727 4758 8146 3234 2266 5804 4560 6366 8016 6506 2083 5774 3034 3025 5978 2462 2603 2691 4208 2969 5280 3981 415 9095 2576 7880 6868 9238 7788 1748 4501 5786 1927 2465 4330 2983 9654 1152 7348 2064 5796 8100 3266 8906 6381 3993 863 6771 4739 2111 5300 3186 4157 6376 6150 2888 2606 90 3534 1198 4394 3913 5532 8412 2300 9276 4252 972 2708 9997 7492 5229 9227 7425 9212 2030 673 214 8344 4687 3092 6306 1739 6467 1628 2612 6773 6782 6892 9860 867 9327 8290 3468 1969 8654 3082 5373 3557 7299 517 7317 2005 6473 738 3217 1389 6399 34 3581 1683 5041 5086 5545 9928 8756 3409 7441 1600 4565 1629 9977 9029 6720 3716 6871 2908 4124 2127 6621 5093 2900 8732 5724 6463 1393 9944 3232 8462 2384 8558 3814 8018 7928 5380 9578 505 1418 1020 7923 7902 7471 7010 2987 7548 2211 9941 6067 3363 728 8097 3567 5797 7006 8010 4657 5662
9771 5432 2861 9049 3510 9533 3456 2765 1599 7111 7328 6478 5192 3050 4563 6726 9241 0 3601 6228 8440 5991 5406 3145 2707 632 2123 1219 8217 335 8894 4859 3828 8622 5968 4769 4788 7620 3291 5555 1343 5848 7016 5983 5675 4692 1237 9095 4910 1138 2557 4409 1456 2148 9278 6705 6414 6240 8972 8789 8572 1909 7249 3820 9156 3855 6046 3626 1678 3033 2074 9844 4102 3233 2639 5944 2908 4391 281 419 9956 1325 3321 7420 1300 4905 5082 1036 9214 7756 2520 8825 5647 630 1192 9506 5008 197 6944 4190 2650 246 4306 3213 9091 5658 9020 9301 2950 9542 9244 2216 257 3717 540 8248 5181 2568 2045 8631 7088 3553 1590 1687 8887 1293 219 4308 989 4184 4688 313 6860 50 7575 3181 2430 8950 6439 2509 6420 5785 9130 1124 9494 5583 4423 6771 5374 3962 1548 6386 9309 977 2174 7863 8134 541 5409 3003 1289 5654 1056 4112 6158 7903 2100 8336 8400 6816 8614 4675 5066 1134 761 8700 4139 9597 9446 8263 5653 350 8915 7017 495 486 3350 921 4766 9800 5725 8964 8884 2650 7420 1464 9603 5155 6884 6319
3463 1562 9464 1449 6451 7218 5451 3347 422 3297 6386 2453 1542 2271 2224 5208 995 3601 0 4329 5854 3103 9542 5653 2111 4231 1047 1606 8903 1157 8123 2610 3599 5017 1828 5234 3927 3802 4539 6281 8263 2111 2931 4687 8296 2461 1821 3449 2575 8994 2720 6 7680 5434 554 5952 1523 1350 5340 7308 5196 1857 7847 5761 6192 6905 9508 6246 6774 9728 6086 3696 8905 6246 3241 8595 6200 9352 1046 7943 4962 2563 6335 7835 795 5852 2849 7726 5372 8031 8282 824 4768 9348 9361 1882 6955 9854 3570 9373 2527 1437 6819 380 7254 203 1147 4035 8724 3144 6547 2473 2754 1221 4004 8981 8514 2638 3102 1231 8148 970 1310 8435 7883 1071 2094 2047 6221 9289 7619 3752 2081 2599 7679 5760 9701 3591 4429 6375 5910 2200 6340 265 1323 2949 7042 6274 2742 5139 9587 2212 5939 2546 6 9697 8464 4510 827 8194 9842 6743 4269 1784 753 1547 457 5064 2846 6805 9296 7585 9023 212 2129 2256 6358 5059 5212 4806 6255 3716 3136 3868 831 8602 9922 4759 83 8327 8058 1613 8464 2120 9427 2311 761 7957 668 6068
9297 751 4467 9370 7876 501 36 9441 2333 486 4823 7430 2355 5355 34 6732 8273 6228 4329 0 1846 3545 6175 7568 1531 9016 7876 7348 6651 4573 7335 1152 9348 4347 8003 8028 5782 7006 2241 3368 9507 609 1158 3339 4256 3535 4859 4145 5910 3974 739 8466 7852 6492 75 7626 1484 2385 2744 4300 1184 8183 9711 6944 9766 5413 3435 1448 3783 34 4279 8355 5767 4045 2944 322 3385 8650 8843 1395 7427 9862 8470 2584 3160 5124 5759 3531 1243 3333 4221 8963 6279 8349 7897 7860 5041 989 7395 7058 3660 6655 3709 9151 7967 4348 5687 3250 7844 8917 9763 7681 8842 8431 6719 1417 2926 9198 2706 5784 6369 5494 7955 5038 8542 4008 3386 2207 1971 4372 5332 1983 9879 5936 89 5338 820 2330 5971 768 407 7472 2484 8934 4387 4995 8788 3635 1658 4903 5682 5487 7815 1108 9590 2226 4194 1192 9828 1352 1279 7911 5888 1200 7733 2012 4590 88 4476 1268 9707 3624 6103 7463 7198 7004 9823 2433 3836 4045 7251 4785 6252 334 6565 9081 593 4779 2895 738 1780 4348 4957 568 4762 8510 7629 247 5922 715
7968 7510 6869 607 4033 320 5479 9007 5878 9920 5687 5763 4313 5986 7323 1196 5651 8440 5854 1846 0 4314 6769 3930 8708 8793 4445 8481 994 356 6088 8345 7902 2976 7613 4573 1528 3748 6172 7528 1621 915 7735 2006 1008 2444 8566 9217 3667 202 951 3930 5844 4394 2935 1885 6564 5080 4136 1251 9001 5688 5306 5362 4769 4069 5450 5967 3640 9986 3642 2514 2917 2881 7341 7689 6678 6553 6453 6394 4119 6798 2720 2054 5640 1178 7883 7672 4031 4553 8120 7771 459 9102 1798 7579 2449 2208 6836 105 84 312 2321 675 2042 8540 3875 7512 2714 6718 3364 2185 5043 8690 7026 2521 7919 1200 2801 516 2633 4231 7142 2922 2880 6802 3 882 5357 212 1505 3821 3610 32 2296 602 5555 600 6892 6396 1463 3428 4094 465 646 2513 8141 8194 358 475 4585 4909 6591 3086 3797 9613 9241 1630 4188 2449 4068 905 1450 6510 8379 9435 4423 2 144 7741 9652 7401 2569 5807 9990 1219 3142 7076 944 7903 3126 4225 2423 4309 6158 6332 6392 6013 230 6451 5559 2549 1108 1759 3768 8845 8579 4650 2085 7504
4359 7533 7750 5095 8126 6801 8847 6516 9165 4888 4874 1230 8414 7076 1905 2456 9560 5991 3103 3545 4314 0 427 7438 3781 1810 9679 4196 9136 1395 460 3093 8698 9250 2759 4378 1327 3885 3816 6143 9763 8628 4159 4823 6368 9443 8078 4928 8066 5852 2981 3682 2804 7373 4874 4123 5304 6654 1077 5462 2047 5246 5498 7148 3380 7254 9795 7965 4460 5998 4432 5826 9952 6799 5752 8583 351 4036 4274 8850 5204 6019 5391 559 3921 9946 6382 8052 8524 7466 7840 4952 2664 8827 1383 9440 9805 3651 4994 4401 8870 5246 8835 6920 3644 8966 3502 5470 5199 2971 2682 8095 119 1575 9924 1811 9735 142 4966 4881 9869 9837 7102 6468 1957 3322 4883 5855 7171 7438 7373 1738 2068 9344 6016 380 8659 8667 4851 7269 7980 1463 4291 9327 1238 3212 6819 5332 9495 7074 5217 9250 7296 7606 4569 7906 8048 5864 7648 3255 7437 1267 721 5794 2582 5139 2814 2014 7748 5646 71 6743 4775 8721 9072 7647 2940 9367 3607 5086 7026 1104 3154 8359 5376 2395 5156 4483 8590 2944 9500 7248 4515 1092 6363 995 509 2338 1900 9585
6673 2428 275 7286 963 3416 1718 249 5297 953 4828 8160 7472 8084 9764 8472 6945 5406 9542 6175 6769 427 0 278 3625 2533 3646 6677 8958 623 4637 591 3508 5277 1134 7454 4156 793 1743 8497 834 4915 3722 4890 109 6668 290 2415 9976 8829 6303 8630 8498 6268 7322 8959 3225 1892 7886 2871 4099 6415 8892 8876 7852 1081 7471 2189 5109 7958 3509 1838 8190 1627 4544 6585 5484 9789 2845 4501 2333 9004 6238 2920 6054 6314 7773 9489 4274 4309 4058 1204 3942 2950 6144 8000 8928 5576 9083 6646 8484 4607 6795 8823 6806 345 4785 6587 9191 1555 3787 3825 3118 1251 7428 852 6129 5322 2217 8786 5236 5688 46 5959 1998 1305 8040 2422 3827 8642 4396 9168 9977 6088 7696 7428 8779 3540 9236 4404 9253 5641 9841 5988 3281 8315 7569 1138 5186 8709 1115 5064 636 9590 5908 3552 5770 2343 8105 8467 3515 9740 73 1893 3541 8174 1234 5440 6123 4405 678 3123 8315 320 4467 7115 9428 8556 1201 9277 4672 6642 3547 7921 6891 7509 2473 317 2266 4122 4125 9424 3872 8221 2941 9845 8704 9462 6108 270
3699 9433 7360 1779 4694 4514 258 4341 5526 1313 6271 8654 1558 3692 210 765 356 3145 5653 7568 3930 7438 278 0 9575 8477 2354 5065 4450 4721 2387 9007 160 1828 7659 4398 3073 4968 7710 8762 6028 4075 9180 3630 6084 8764 9649 3847 4813 7911 7579 5332 5233 6807 4177 4450 27 4297 3739 852 2229 9770 3281 5566 407 4302 7384 1314 8479 6732 2800 477 8763 1852 8449 3157 9837 5702 1588 8781 1617 9046 4129 8741 9050 1283 2470 1864 9137 3028 2369 3524 3046 9064 3734 6386 4252 915 5730 4326 9100 888 5494 9505 4360 7003 8685 473 6580 3477 115 6969 557 804 1631 9545 3722 2273 5365 4657 7400 1068 8793 5064 8118 8242 4160 7129 3152 2029 9037 308 8869 5535 2003 1268 7637 219 9648 7068 1345 9083 4469 4487 3809 7550 6294 2854 2514 3873 5287 7317 2782 7859 8422 2542 6642 1868 9091 5857 456 354 3856 3773 2409 7732 1664 4298 5989 1698 9862 7469 6527 4433 5787 3064 7906 9496 7454 6118 9237 6322 4573 8889 4215 6019 4972 889 5310 5355 5960 8059 3632 8209 7434 3498 5103 4379 395 7155
6597 3626 2020 2026 3461 6513 7529 5015 6901 2060 6839 6656 5419 1721 3169 1945 3468 2707 2111 1531 8708 3781 3625 9575 0 8975 8356 2536 2925 3996 2733 2640 9826 5340 306 7836 9752 3628 1466 5284 7164 3037 1461 1282 6207 6644 3971 181 8417 6864 4467 3431 2955 4670 7992 3234 9626 4293 6219 6333 3368 351 9810 470 9451 8263 109 99 3802 8501 3293 8226 3151 2380 9442 9911 2797 5708 2207 4174 2125 3232 346 7118 7726 4245 1019 5307 1014 4729 2233 6145 8005 9342 7192 9477 748 3080 4737 5601 8593 9326 2833 8328 585 4809 3274 183 2238 6601 4176 9650 9572 5794 8177 8181 8999 4755 3363 2653 6670 7209 6509 1483 6659 7923 7595 1229 5027 9553 8744 8903 2070 5927 3969 233 9043 2459 768 1679 473 3972 8952 6367 5835 6288 5508 1189 6803 6208 5292 7017 7331 70 2022 2528 4599 5327 6302 374 8382 418 3442 4104 6265 32 8689 5596 3034 5348 669 8703 4976 6686 2561 5049 5783 9846 4073 2757 4265 47 8526 9643 2833 6553 3833 2648 7251 9316 3372 8584 4581 5333 826 8112 7732 6515 2954 4212
1105 8205 8036 418 8261 9577 6276 9687 1270 9032 4097 2303 4766 6039 4141 9744 1971 632 4231 9016 8793 1810 2533 8477 8975 0 2889 7327 9609 9089 2474 6382 5654 8841 9069 4109 2670 350 7906 60 2610 6822 2420 9212 4258 6429 5387 9440 4743 7392 72 6754 6590 1836 2458 3320 8211 8942 2088 1987 1258 3530 2411 2570 8715 2349 4712 3294 5049 8018 7779 3131 4488 393 2582 2513 7938 3631 1673 2045 6346 4139 1370 6621 1420 8785 2292 16 9379 1882 8056 1724 1153 1540 3407 4729 8842 2807 5678 1894 2755 1553 8965 6750 1473 1541 1490 1656 952 3010 8286 2604 8775 284 1008 4084 4299 9447 702 2281 3226 2899 2943 4921 6315 7475 2698 7568 933 4958 631 2960 5755 6200 2891 8586 9895 8093 4677 1299 7279 6750 9487 2929 9926 8895 1435 6399 9041 2781 6724 1082 7243 5920 5224 569 3387 182 9927 9764 55 1368 8088 3908 2603 8735 5716 3872 2733 4937 504 2688 2438 2738 9167 552 4435 7785 6855 6917 5530 6927 9368 759 1689 6638 5450 3598 1737 7751 416 3415 7956 1907 1434 7627 1993 7262 3107 3500
4917 4594 5923 3734 8254 7638 2035 9434 445 9483 2432 9337 7354 3212 1817 2145 5237 2123 1047 7876 4445 9679 3646 2354 8356 2889 0 7057 4999 9848 9675 983 9303 7291 5650 2961 3816 8709 8165 4519 3404 2738 9767 231 5278 1919 3621 1724 3983 8614 3630 8673 2584 8665 301 1467 7464 6295 9516 7291 6097 2484 7315 5974 2400 864 5277 3209 5400 6088 2455 3017 4045 5702 2884 8783 4037 4376 9941 5693 8444 9291 3074 4815 1428 1654 2367 8635 8472 7837 2322 2828 742 308 8167 3510 5708 7854 6113 1851 9293 281 161 3455 9546 68 6266 7661 1626 4985 9387 7563 27 7327 9716 837 6434 9436 1271 3822 9922 7321 5159 3227 601 7002 5566 3192 9688 9335 86 736 8746 4381 6370 4444 6135 7669 3547 8237 214 8527 6708 6877 8894 3175 2161 2398 8003 344 647 8970 5329 4530 1646 2290 6927 4949 9285 5194 7727 485 2967 4651 4031 24 9650 3952 1382 5529 8790 145 6216 2329 1893 3625 8267 5001 4379 2479 2999 9594 9016 6873 1648 8627 4801 384 4388 7824 1283 1954 4826 7378 891 1013 9890 6932 2084 7359
4940 2054 8054 3267 8973 677 8549 9933 5993 4217 9073 9464 5953 1965 1513 6552 7242 1219 1606 7348 8481 4196 6677 5065 2536 7327 7057 0 5191 387 5247 3212 5668 5206 5658 6077 4603 970 233 2138 1127 5645 3597 3560 3108 6205 8041 7257 8155 7232 8941 1049 8335 5367 3228 9170 4403 8386 6823 1542 1667 7696 1696 130 6358 7436 5168 5782 5946 2130 2536 6482 5237 1385 1879 2448 6722 4775 7394 8979 1890 8695 8947 4319 3237 6968 9023 3660 5491 7688 2638 6241 7922 8052 2821 4377 4567 626 2189 1015 1816 4944 9331 6373 5426 6335 6454 673 4656 3390 1845 4369 3879 2564 1616 7819 43 3473 6974 852 8247 6782 8815 5373 2664 1840 9912 190 2733 2414 6653 2750 9319 3366 8284 8441 9551 5903 9349 6968 2405 8183 4639 9546 4696 3015 5398 858 5218 1539 7344 9256 774 5508 4520 6353 2061 3134 5020 5887 8147 9598 6926 901 6637 2805 5678 1524 4158 4541 8889 3284 9118 7649 4393 9660 4924 5882 2778 5259 3752 1203 3251 4889 4359 2569 9862 3040 13 7629 8680 8384 5744 6921 4131 6199 8483 5913 3908 1601
2634 8289 4109 429 6597 2119 8774 9422 6505 1976 946 2972 306 3736 5384 4532 3729 8217 8903 6651 994 9136 8958 4450 2925 9609 4999 5191 0 5099 9414 2443 2013 1809 3529 885 8463 7601 6363 3583 231 4597 3949 4922 7529 4728 353 3920 9564 5640 6838 7469 3429 226 1575 2339 3809 9255 4475 9366 9512 4415 8519 6853 4036 9117 5188 121 9876 4874 7684 4464 2106 7260 5330 4244 1536 8266 7711 481 6510 1707 7167 8664 4045 3401 9751 9314 5762 9500 5997 3465 9194 1956 4305 4553 5621 3108 6390 6741 4680 4747 6109 2539 2624 9673 8838 9709 9398 6657 2762 2524 5955 7230 1334 2933 5066 8332 2465 7133 2555 2286 5519 9102 3198 1724 870 1137 8540 6694 6741 5492 6264 2510 5667 3992 1643 3360 214 3937 1567 3332 6574 7849 3934 1924 6585 6511 2505 4314 8405 4402 6250 2924 8520 5101 7339 1476 1055 7179 6746 8216 7013 3972 4922 4795 9767 6201 7314 6673 7223 1221 703 8846 7190 2993 4887 9457 3301 9199 8363 3791 4248 6042 2251 2411 5121 1251 8288 2016 6584 1946 3492 8968 6760 7100 6606 4815 5780 3976
7686 2663 812 9568 1078 7181 720 7545 3682 8880 107 8240 9170 8765 6646 5590 3046 335 1157 4573 356 1395 623 4721 3996 9089 9848 387 5099 0 6292 2800 3356 6906 9646 1591 9042 6560 1383 7349 3038 3149 3304 8289 7140 344 2238 9585 8462 7489 7536 7342 6051 6117 1710 1743 9205 8837 7438 8248 4468 6105 2988 1955 65 7459 7481 8034 8743 4402 3585 9302 4842 4692 8352 208 9982 482 9050 5939 9997 295 3756 979 4505 1221 2736 7915 8027 5468 5975 9980 7594 5077 8973 5911 3746 9635 9222 7366 2354 9106 4614 6636 1245 4068 1117 8251 6144 4091 6919 1638 1509 1226 2760 2352 3743 8510 4118 4766 9945 7252 4746 9100 1461 950 2764 6948 231 3275 9436 2398 817 2425 6426 5465 2757 6876 8914 4096 5925 4911 6400 7611 2666 6471 6964 3241 9192 3461 3931 9367 82 2463 7238 6880 8536 8809 9636 8069 7205 3945 1817 8652 8811 7439 4175 5803 335 9478 2769 6498 5413 4443 9386 2145 1961 351 9325 1219 983 9143 1274 3910 1900 982 9375 8034 1611 5042 1452 9235 9896 1311 5579 9700 7352 3216 4584 2279
8446 5943 8742 5884 4528 5827 4893 3496 5904 6252 1759 107 2560 19 9767 5942 8008 8894 8123 7335 6088 460 4637 2387 2733 2474 9675 5247 9414 6292 0 2274 4691 864 793 5829 5266 8603 6859 9364 8843 767 5451 3569 9977 2054 4005 5716 1832 1049 6579 3568 7861 1559 2098 7577 7154 9454 3482 8923 7034 5701 5970 3484 110 9937 2281 9620 609 4798 835 9954 4075 3156 5497 3620 1269 8540 8995 2710 8808 1089 9526 8913 8479 4510 2772 8892 3812 6679 4433 7768 2252 4449 2849 848 6520 9543 1717 2732 5655 4325 1010 4056 7730 9282 9477 5918 161 8769 8184 3290 9684 8521 4763 3645 9255 405 2448 5357 5268 5160 7108 3021 4298 5004 1331 9975 9302 3442 2153 8818 2998 6968 4772 4656 2910 1516 1059 118 2393 1975 8540 4020 5962 2041 5894 4640 7559 8920 8871 3733 9941 3021 4982 375 6270 3280 6106 7947 8952 7865 5111 1993 3903 8422 2413 2150 4413 1365 3693 758 7635 1351 1741 2668 8891 6282 1598 5462 5503 3590 4973 1726 4951 1906 5824 3367 5142 2187 3170 6187 7762 2498 817 4858 4586 9716 622 8099
9130 8593 3911 1232 5679 666 5422 3007 5661 9821 9714 1425 7042 2352 3659 9302 6553 4859 2610 1152 8345 3093 591 9007 2640 6382 983 3212 2443 2800 2274 0 3889 957 8704 3188 9328 1981 7357 2353 3484 5994 4967 7246 6753 7495 992 2454 8265 2358 8413 7405 2875 4995 5626 838 4110 684 9502 8938 9227 6280 8018 6809 8034 9266 2848 5790 5405 5332 3446 2368 3282 2128 7464 2618 1255 6654 3933 5274 4616 7560 9999 2525 1648 4781 318 3613 1137 2749 9652 8707 5438 1700 3156 2820 2808 6001 1114 679 3599 276 1085 77 5822 6423 1912 4611 9626 2422 1558 8747 6402 1768 3547 6145 581 6147 5573 6543 9983 5591 9433 4794 1405 592 9041 3933 4152 2381 1932 4929 4179 1976 2250 5058 5301 3172 5635 8986 7417 1876 6425 8425 865 1891 2437 8860 3537 4628 9142 1825 9317 1541 5118 5262 8703 9064 8249 8544 3138 5281 6608 8640 635 1754 270 6605 9364 5880 257 6691 6073 8314 9656 988 1456 9038 7422 8854 389 2433 2271 4671 824 6256 21 2224 2187 9534 3539 1303 9513 46 2264 2170 3862 1282 1122 2289
7327 4535 872 6182 5213 6461 9973 3004 1682 8481 4236 6880 9404 5266 8767 3111 4878 3828 3599 9348 7902 8698 3508 160 9826 5654 9303 5668 2013 3356 4691 3889 0 4465 2053 5917 8467 9458 1215 7282 287 5214 7917 7785 2146 1105 9902 4735 2279 1830 2442 2097 9358 1797 7758 647 444 8160 1892 8213 1089 1483 5429 8729 4947 5304 2087 135 7349 5708 8886 7198 6531 6697 93 8979 5903 2468 1933 2997 1633 330 913 2367 5993 5582 6397 824 5888 4415 9612 5831 1427 554 6760 1182 4926 7717 528 5582 2242 9102 120 9674 6534 1509 9163 4207 5634 9035 5678 5833 5622 1231 2466 4247 4269 5191 360 3745 3659 2895 1006 1734 7063 2818 6470 1675 6230 9612 7578 128 8745 4377 3232 7414 5128 1898 7666 620 4976 5112 9585 8201 7031 5928 1132 2128 6220 3953 8026 8681 2415 6673 989 9952 4150 7047 6146 8982 5453 244 5519 9079 6633 8765 8560 2708 4811 7833 1050 3214 5768 4738 5042 8299 7190 9933 5887 3584 2046 1711 9908 3466 2896 3203 160 6588 3088 8916 9227 4134 2333 1117 8458 43 5955 8337 9037 5818
5076 4377 7500 4015 5980 5597 8942 7726 7582 7227 7548 7865 7698 2534 1107 2823 2727 8622 5017 4347 2976 9250 5277 1828 5340 8841 7291 5206 1809 6906 864 957 4465 0 4796 3734 3810 9932 8284 7121 7779 383 9448 3354 790 9346 9115 4283 3383 5847 624 4167 7079 9870 8535 6091 5329 8867 8379 6176 5984 7695 4683 5755 5426 9048 9788 8988 1612 3005 6322 7122 8172 7203 9408 7352 6586 9808 443 6768 174 8744 597 2541 7439 4016 8935 515 7720 2677 4332 1528 1809 7900 1135 1519 717 6108 2101 7673 7703 9460 1508 3434 2906 945 2080 6892 2127 9666 8059 6143 32 7636 345 8389 1768 9108 5464 1379 6508 3585 6210 4488 3307 9418 519 8114 3629 6602 1548 7079 9820 7397 708 9817 7536 7937 8241 7671 6706 4869 9480 9148 9807 5068 2882 2361 1961 8799 2364 538 7838 1755 2357 8866 1043 802 3252 7990 5048 5078 9886 4498 8310 8280 6874 7896 3953 3145 1717 9603 7138 9673 3876 5139 7526 1107 5108 4082 4703 6767 1806 7599 8659 2597 9098 9301 5741 5631 8320 8347 4951 1828 5330 6365 9102 1214 2122 2990
7182 9011 7145 7923 8645 242 4940 7581 4423 229 3509 3841 8290 8793 9253 885 4758 5968 1828 8003 7613 2759 1134 7659 306 9069 5650 5658 3529 9646 793 8704 2053 4796 0 2058 9237 7606 6960 4855 8647 3832 2222 6257 6934 5552 937 3087 246 376 4449 4196 9005 7676 1377 9992 9908 7698 3635 8905 7894 7745 5673 5401 5859 8629 6600 1791 2512 5443 4471 3439 2870 9229 411 6737 2285 4406 7971 4472 531 6342 4586 2851 9520 5852 1893 7829 164 3604 9978 3474 8073 8643 2771 6619 2446 4338 3910 1112 5264 3450 5934 1623 8394 2919 9514 2669 5219 5162 4427 195 5298 7744 8750 8708 6405 1529 9610 5616 5175 3237 63 2835 6707 2815 645 8515 8348 5845 4448 1680 110 7284 1731 3992 571 6189 7089 919 3447 4746 2945 8966 3692 5011 7671 3534 4091 1179 4185 5884 4959 6573 7016 396 3359 7200 65 8222 6537 9292 3497 7930 7804 4411 3873 1895 8642 3359 4884 5567 5042 5364 469 458 5980 6250 7284 584 2945 7602 1234 4147 6329 4884 2339 1195 9091 722 778 3143 8483 6701 6749 5357 4118 4510 8963 763
9057 2243 6437 154 8701 236 8081 3706 1219 9200 717 1652 9075 1209 6018 5708 8146 4769 5234 8028 4573 4378 7454 4398 7836 4109 2961 6077 885 1591 5829 3188 5917 3734 2058 0 55 3111 6594 7534 4705 5502 2296 7476 2178 847 712 5854 1407 8106 5664 9776 8905 9877 2900 4668 6928 1095 2402 8432 9739 5647 6116 6759 799 221 3097 2258 2468 6633 7514 881 4144 3666 8175 5668 2136 1963 8774 2137 3216 8960 4743 3808 1179 6025 5777 74 525 2591 4727 9507 416 3633 7173 8820 3821 4937 7738 9989 1340 823 7908 1221 1108 1469 1002 9979 8853 1781 3470 9389 4264 1697 3407 7358 5274 1996 9269 6793 6370 4483 1890 249 292 8934 6433 2441 8582 9389 6196 6015 7845 1062 4879 3428 9013 2192 3880 3320 7763 6419 7662 5831 3707 1240 6446 7132 4204 2220 5661 411 3651 7461 6739 4311 749 7115 1152 9375 5307 9395 7203 3707 5338 3855 8777 4910 7009 30 9581 5221 7184 1241 8161 6899 2620 4839 4468 13 7456 8147 3436 8579 131 386 5970 4657 3816 3839 1279 2130 6229 2414 9302 9974 9929 5160 4384 3426
3435 9043 8272 6334 5632 9349 8136 530 3128 6419 4384 1124 1182 3230 4604 5849 3234 4788 3927 5782 1528 1327 4156 3073 9752 2670 3816 4603 8463 9042 5266 9328 8467 3810 9237 55 0 3656 4348 9164 286 6106 6576 3317 5886 7019 7068 8188 7283 32 8769 1681 3114 2029 3423 6870 1638 390 3835 4826 3220 941 5641 2342 3572 4590 7237 5314 3157 7158 5887 8849 134 3417 2752 2090 8874 9811 7441 371 4421 1526 7129 4567 7342 6855 8009 3713 3705 8886 3858 2788 7361 5528 9393 8890 3623 3543 3429 3566 6250 4581 6205 9473 193 2616 1396 1953 3307 1502 3764 6536 1789 2240 7861 1530 6824 8382 6033 6810 8410 1742 917 5919 3927 383 895 9124 6458 2654 9967 3490 7842 7905 4341 4299 7199 3397 5014 8521 8560 5968 2402 6216 9767 768 829 5343 9239 2134 5644 1807 6311 7731 6534 8668 880 7808 3793 1554 8103 3486 789 4000 7601 8273 5725 7014 1425 3991 1328 2913 3094 1312 2001 9870 9041 9783 1097 1040 5538 1464 7077 6058 3298 5873 9929 7872 7596 80 4304 5595 9597 3291 7536 7947 7241 7591 1368 525
9731 7090 3739 5474 9881 3272 268 9260 7715 4598 7375 1367 6175 2144 7570 3016 2266 7620 3802 7006 3748 3885 793 4968 3628 350 8709 970 7601 6560 8603 1981 9458 9932 7606 3111 3656 0 9388 3231 1920 2020 6701 33 2398 4732 1976 9613 5841 3774 4307 7239 1522 885 8697 6747 6060 2459 3105 8507 6813 187 1934 6880 1213 4105 9420 6230 4370 7028 5294 6951 2109 8856 4234 405 8922 5669 2087 128 8100 4422 9357 6533 7957 8411 2070 6611 7980 757 1266 2659 3826 6172 1827 6777 7690 4541 3055 1873 937 5301 89 1116 3269 5362 7840 5456 745 9579 9754 917 3841 4334 1431 4449 3502 1207 5582 7553 2490 5047 6471 4545 4949 5957 7906 4949 1719 8496 7761 2033 962 6910 504 7337 9139 3757 1868 9457 4004 4116 6615 1567 5938 5210 4030 981 4882 1370 8398 1252 3232 8753 5572 2289 1176 4961 6795 3274 2047 8316 7772 8851 77 1042 1313 5844 7542 3146 4877 1893 3060 6265 3507 7027 8777 1803 5107 8677 7400 5228 4468 6807 7460 6346 3661 7421 7253 9698 3570 9291 9960 469 9803 7774 3681 34 2148 5311
1968 5054 3516 8525 2401 655 744 7328 5104 5972 5562 5439 8680 2709 800 8042 5804 3291 4539 2241 6172 3816 1743 7710 1466 7906 8165 233 6363 1383 6859 7357 1215 8284 6960 6594 4348 9388 0 2502 1939 7822 9036 919 7968 7588 6749 3068 2312 2584 9843 1343 849 7762 8688 3747 1485 7377 6535 98 6359 38 1568 1172 6845 9656 473 1249 5562 5450 1014 1672 6149 3154 2381 5327 5842 1702 1450 6073 615 2984 9297 5526 8986 3936 7241 9167 5480 4048 4031 3394 8265 9489 1348 4079 62 7153 6081 8018 9195 1117 3097 1665 4579 2815 9867 8042 4361 9649 5288 5199 2127 6592 1503 1581 230 2955 9506 9187 390 7235 7822 1340 1000 7770 9222 9458 2274 1297 2548 1455 8089 7556 4678 2312 2992 9902 455 3604 1287 1022 1570 8915 3793 8715 6687 1133 9926 9555 8462 3563 4604 6838 9163 7941 1764 1373 3876 2848 4888 8630 288 6824 4276 3174 3263 5238 296 4881 6840 5119 9702 491 7412 3845 2328 5594 8283 4905 9647 1166 3316 9803 9700 6834 589 4544 1257 2987 4784 6223 411 3464 1642 8384 6091 9414 2517 2836
798 6774 6243 1310 8723 9698 7031 8302 7289 4877 7022 9648 8258 7305 2446 9329 4560 5555 6281 3368 7528 6143 8497 8762 5284 60 4519 2138 3583 7349 9364 2353 7282 7121 4855 7534 9164 3231 2502 0 8209 6688 6591 4535 621 2119 8396 5274 2645 2434 4022 7913 1359 7391 2473 585 3680 8473 1954 4288 9073 593 3984 8725 7793 6850 1686 7525 5553 1744 6115 1700 1698 6283 1989 2967 5059 2403 7659 2312 3329 8637 2973 9348 9651 2269 6611 8637 3019 7085 2583 35 7211 5773 8292 3829 1783 7951 6805 6089 6290 5250 928 2393 3339 5443 6721 5494 6515 154 6772 3837 9511 1846 5156 393 4992 5640 4889 9248 5456 6646 1516 9337 9044 5176 5422 2016 2060 4543 3138 4112 8379 6865 7467 3960 9134 5595 3861 6063 3034 6127 4235 202 899 7719 2370 8071 8193 6571 4595 1586 3216 3693 9808 4163 1937 1510 3905 1366 2916 6638 1356 5328 1649 1203 5807 1806 4112 6747 6274 987 8116 9369 2175 5053 2648 7138 6505 3362 8421 9719 8438 9215 4759 9304 3125 7079 2053 5030 4781 9252 4465 4758 2467 5572 7816 8242 4815 296
2015 847 5457 7599 8311 2792 7069 112 298 9122 4546 5545 6370 7488 2629 1725 6366 1343 8263 9507 1621 9763 834 6028 7164 2610 3404 1127 231 3038 8843 3484 287 7779 8647 4705 286 1920 1939 8209 0 8773 9778 9310 199 753 8491 9955 6491 5269 7581 5464 885 3853 7314 6578 5479 9184 4397 2153 8663 3512 1468 1829 4244 7850 7850 6890 4053 4092 2885 2544 3223 2554 5838 822 3415 2682 7784 6444 1876 7139 6628 713 7057 4249 7922 5769 1890 7475 4901 6712 3356 2129 5105 597 9972 7434 3965 7491 7573 8674 9816 784 7127 6640 942 9089 9254 795 8721 8452 3867 7454 6113 167 1630 2594 4454 84 7312 5302 237 7241 5229 566 3748 3097 6578 7206 8307 9437 4703 9480 8333 6032 6089 6358 8546 3408 157 3402 1269 509 3709 4296 4200 1086 6079 6906 9950 9834 41 1352 8355 5910 8938 4525 5474 55 3739 3688 3448 9744 428 3904 7168 125 2732 3071 4471 4612 8881 87 6061 8188 4420 8537 3203 5063 6361 514 4581 4682 5451 1171 7163 7179 5360 4611 3862 761 3793 902 2 1530 6246 3583 4927 5283
