100
0 3146 6501 8404 1892 187 9814 7651 225 70 6826 7943 7862 2771 5530 86 1219 8100 3987 3750 2583 4199 4744 50 8927 5863 7117 4211 5374 2521 936 2820 5952 8543 7657 3593 4322 853 4728 4558 1715 7744 886 641 9655 5258 3033 8438 8112 2323 5222 4167 8148 203 3002 6899 5839 2630 9005 8876 1227 825 287 1488 8739 8798 8256 1401 3576 6551 1296 7556 6951 8076 160 1171 5871 5441 2050 2094 6396 4947 8474 2542 5633 1002 7763 5716 7958 1004 4723 1733 8299 7663 7700 1221 2813 388 2472 7846
3146 0 2126 1419 6405 9116 8530 1313 592 2143 7547 1245 6161 2594 4017 3379 2608 1759 2675 1204 3715 4879 2265 9047 5514 60 1902 536 6640 2386 9537 7869 9052 9488 7273 3315 2882 5138 6175 963 2643 5287 6574 7327 6278 9371 2048 2856 7867 5982 8074 5822 3020 8302 5171 1584 4360 1747 377 6528 2753 3193 9894 875 1326 5070 5471 1001 8153 7624 5192 1466 6350 4476 8220 7477 4072 5279 2018 7301 9042 8429 7112 6709 9600 3374 4502 160 3396 6041 8609 7313 5701 4675 7988 8463 6524 5810 5614 7178
6501 2126 0 2103 6875 1825 9399 9362 2491 3355 6105 7285 3107 5346 7297 6532 1225 2355 5033 4464 6333 958 9565 5147 1126 6164 9348 97 3389 6309 6933 3406 8075 2781 3412 9103 5161 3176 3183 9593 6198 4690 1754 9769 7708 9147 2800 8062 409 9003 4898 5184 5338 3347 2517 645 1028 7801 3270 5266 723 5643 3256 7958 3975 466 2512 8653 3218 4982 7777 8451 2811 6904 8798 7271 191 2933 1042 9219 7942 7749 2931 9309 3993 2834 2668 3744 1160 8993 8458 3277 8546 6680 3315 4193 7916 7307 3699 7815
8404 1419 2103 0 8321 6005 8390 2443 7859 5194 6644 6170 7568 1501 4404 1441 8001 8193 2572 6950 2117 7521 7100 1737 3515 3490 3753 7816 3262 9963 3708 808 7197 4964 542 6083 1016 5502 5497 2950 3027 8280 4966 5065 8660 3067 7345 9704 5488 685 5722 8778 7355 3630 8117 6626 459 7996 2790 7605 3232 9573 7902 5089 9772 6869 6008 1767 2165 3149 6541 7069 9494 8271 563 3341 7013 4138 7606 6771 4128 1400 1070 1354 1429 404 2820 4514 1490 987 677 9395 7500 8067 5741 3828 4492 4670 7328 6720
1892 6405 6875 8321 0 73 2626 1955 6311 2889 1091 7892 3122 4447 7929 2572 9432 865 3830 8803 6015 5271 6051 4901 3843 5744 713 8649 4114 3995 2457 6160 3220 850 5828 2939 3204 9824 3248 4784 8548 120 8441 4357 244 2773 5094 8571 1262 1875 8409 3323 1038 6531 7362 8151 591 2583 6046 3977 1590 9984 3378 5284 8027 1164 1440 4855 6957 49 1918 4459 4423 2598 645 7783 2412 8998 4417 2931 4695 4343 4960 4391 4385 9803 6698 724 5384 2152 231 2178 9001 2466 3592 1653 6995 882 495 6182
187 9116 1825 6005 73 0 7175 452 9646 578 1524 7770 2813 967 1718 3409 6945 7786 6199 4959 104 6816 4641 3621 731 4602 7120 8096 1852 4724 1577 8540 3835 3357 8000 9912 8463 3125 3987 6863 6451 9097 9434 4973 9638 5834 4836 2221 4403 9907 8306 9130 6363 1517 2792 6997 3390 5592 9057 177 2782 751 3870 6930 1851 6797 8498 629 9479 7377 4559 6617 2596 202 8749 5743 537 2002 3045 4479 6841 8028 6290 176 1444 992 5811 2613 2164 8157 52 4788 4145 3932 3252 1708 3472 5001 9054 8102
9814 8530 9399 8390 2626 7175 0 8702 7055 8457 3009 4710 2138 4256 4158 5194 6120 1265 6246 807 5192 8754 1404 7698 6658 8233 5448 8470 2657 2059 1544 3114 727 5827 962 3712 2796 4809 1743 3291 5765 6407 5635 5240 60 1661 6195 8913 5372 890 3004 9990 7102 1279 4051 4340 9409 7877 9569 7749 7240 2961 9414 8542 8585 7016 4004 5317 6803 3996 5243 6826 3937 5510 1933 4650 698 5991 6521 139 4724 7394 5476 5785 6841 6365 2575 2607 7016 4998 6590 9045 824 6481 6797 1664 4625 9170 6345 6361
7651 1313 9362 2443 1955 452 8702 0 4799 5065 6886 6605 3137 1209 2399 1023 2754 652 4445 1864 9964 1548 3716 2162 952 4575 9695 2890 5470 8670 9742 4558 9193 1381 8980 3663 3477 6363 7930 6365 8437 8801 6364 3730 2664 280 9305 4116 523 4212 806 2410 9781 4213 8789 9592 8616 8884 9634 7125 8514 8980 1984 386 4628 748 831 1649 4841 2952 9663 8119 3180 9569 6096 3560 2995 619 51 6964 2473 9194 989 7989 5341 8234 3939 6828 6560 5195 4104 9 2913 3700 829 2408 7766 3569 4831 1853
225 592 2491 7859 6311 9646 7055 4799 0 9435 7252 11 9700 403 7200 1331 6329 1593 4901 3335 6424 9983 8735 795 8967 9112 8952 3635 4668 1076 8136 7624 9288 5943 117 3565 9458 3245 7020 6184 6735 4132 4809 411 2162 8462 7914 7697 6578 4107 7151 1839 9676 5534 4795 1784 5897 5960 1292 7746 9842 8636 9915 3150 6381 113 9708 1194 4417 5690 9699 5537 6589 5560 6474 2273 1457 5914 6311 3958 7345 2755 3106 5565 3197 2842 7021 3780 2459 4179 9042 4608 875 4817 5098 5638 9208 1693 4748 8033
70 2143 3355 5194 2889 578 8457 5065 9435 0 3053 3275 7917 9447 2411 6757 9468 7257 2031 730 9420 3632 6977 1045 6978 4892 3904 753 1738 5598 2564 3142 4033 2041 1005 9431 3286 3229 1077 9287 1798 5602 869 1417 3690 6727 3185 5920 4070 1933 596 8758 672 7841 1667 965 1320 1746 3309 5052 5015 7359 6929 671 9182 6853 5185 7727 4149 8024 9163 5250 6068 5060 5128 8387 1676 5821 6640 1086 4317 7636 4864 5142 8884 964 8036 4217 5060 6189 9560 6354 1089 102 6661 6375 4396 6195 6974 5612
6826 7547 6105 6644 1091 1524 3009 6886 7252 3053 0 4673 3969 9132 6415 5366 5006 8428 6546 6952 3310 673 4357 7017 277 4077 6239 8533 9428 321 728 3756 5879 423 8038 3802 4889 9385 5114 3455 7803 4694 693 7979 3377 6019 769 5604 5508 2419 3933 5731 8220 305 1129 646 5680 5651 5222 1074 4969 7199 2558 9341 9323 8873 6941 4813 8122 8516 3102 8493 6688 7088 7154 7709 3929 7103 491 6379 628 1740 6604 1993 9161 9525 2337 209 5097 8845 7557 3977 469 336 168 6771 6923 6322 6930 5132
7943 1245 7285 6170 7892 7770 4710 6605 11 3275 4673 0 397 2237 7954 2545 98 2508 4147 1468 1201 3019 4211 798 592 3756 7455 1460 8020 634 3337 6109 1930 4474 4398 3133 1152 5798 9406 1199 977 982 237 1554 3605 1853 8731 9567 4911 8272 3712 8322 9571 5013 6362 1534 1273 8998 7108 2775 9562 4240 8418 3642 6303 9831 7788 3186 7513 757 5926 9362 2679 8140 9429 353 6310 2756 6955 8677 1953 961 5593 1353 1277 9496 7078 8994 4963 1056 2618 4139 3880 9655 3111 3876 3878 7405 280 2747
7862 6161 3107 7568 3122 2813 2138 3137 9700 7917 3969 397 0 7533 3974 2323 7292 2185 4105 4314 9835 1851 7484 6134 8400 3087 2680 6442 3479 1240 6077 1543 2241 5524 1438 8500 9862 6053 9422 2248 947 281 6448 3984 2060 3081 3925 8536 6645 585 2811 3982 175 2654 4469 6463 768 5045 2217 6054 3905 1300 6425 5896 1087 1335 7412 9238 7957 5280 3431 8584 813 5597 7528 4120 637 506 3700 4246 5928 2813 8427 5481 4985 2183 4784 4774 1166 5966 7373 5808 9752 9565 9227 3287 9864 5079 1988 8407
2771 2594 5346 1501 4447 967 4256 1209 403 9447 9132 2237 7533 0 8133 7316 6946 5075 6646 5036 5317 1270 4468 5634 8963 1074 4955 6869 7970 3149 9690 6457 8091 7078 1176 8066 6408 231 2061 7361 2663 4726 5948 9876 851 9876 1621 488 9503 5859 176 10000 7297 5452 1195 6641 4017 2911 424 6762 1109 3344 1481 4103 8434 6020 8052 8986 8539 3003 9855 7320 6739 9809 6112 9527 6415 9045 5071 1008 563 7426 1239 3850 4898 1840 4953 2721 215 593 8568 3930 1605 4229 6957 6260 1772 2612 4510 4570
5530 4017 7297 4404 7929 1718 4158 2399 7200 2411 6415 7954 3974 8133 0 2237 7708 3708 5200 4247 1493 9706 6683 567 4447 7905 8583 2796 2051 6507 202 1265 7555 7315 5944 9341 6023 1829 4667 1395 2246 2204 218 2440 7446 7856 1873 2220 3460 82 7996 9019 937 1480 2212 4897 4647 981 1852 9725 8710 8201 1529 2750 2881 6217 3782 8217 671 8643 357 6937 3467 1700 2356 7884 8831 9213 6547 9350 9141 5175 5742 4751 6497 7611 3711 7306 7206 9002 7840 7610 1745 7252 704 751 2959 8851 336 2894
86 3379 6532 1441 2572 3409 5194 1023 1331 6757 5366 2545 2323 7316 2237 0 6278 584 4699 4752 5853 8910 2288 8831 7162 7651 4564 967 1486 7007 8555 2918 7084 9855 7351 5758 470 5979 4153 2772 8783 3433 6674 7051 4645 6511 9972 9084 6701 8461 1735 7418 8079 3407 8778 8694 4238 6677 5641 180 1367 3008 5351 8604 9244 5886 1780 4660 8467 8501 3705 7116 3182 5524 2745 6913 7546 3928 6088 9868 9309 2105 922 1733 1018 1419 5647 2751 4927 475 3547 7425 8315 4445 4193 6855 9187 6491 696 7107
1219 2608 1225 8001 9432 6945 6120 2754 6329 9468 5006 98 7292 6946 7708 6278 0 8208 9638 6761 9092 3595 1355 2395 7236 7901 9712 8099 1509 7046 7798 7357 9581 3440 4752 528 6238 1536 3158 5081 5987 9254 3084 9062 620 4009 9439 3749 176 6153 1487 6727 5968 7627 297 750 197 6077 3615 7157 9241 6234 4161 650 8015 7279 1177 2424 3360 9596 5194 80 7693 5717 8485 3327 7333 941 2042 1226 9256 409 9834 1412 6953 7094 6011 2513 8537 7321 8244 6697 3017 7255 8419 7033 9884 230 4422 8102
8100 1759 2355 8193 865 7786 1265 652 1593 7257 8428 2508 2185 5075 3708 584 8208 0 6794 2844 1328 7899 8164 5264 8979 8519 4689 7680 9097 3826 6304 3038 1536 1057 1016 2699 4438 6946 5308 7922 3800 7861 5776 1777 898 7086 6224 3852 1851 6691 7097 1779 1068 8901 134 8426 5474 3034 5389 4622 4392 2383 7291 2941 9241 9419 4284 251 8793 9526 2489 9465 7793 7709 8069 6140 2905 4541 2720 7851 993 777 217 957 9636 2138 9612 7624 9723 415 366 712 1733 4220 722 9636 5731 6805 6056 5730
3987 2675 5033 2572 3830 6199 6246 4445 4901 2031 6546 4147 4105 6646 5200 4699 9638 6794 0 9644 3834 7538 5920 3521 1000 4807 3857 2838 4819 9305 4885 188 3989 5900 5246 9061 79 2638 9985 3142 9379 4300 2999 3129 725 7612 5211 3655 1848 7248 965 5702 4769 4830 9307 5192 3043 9549 4322 691 6838 8111 41 8540 2712 5622 9490 9279 7138 2384 4958 3150 3125 3013 7927 1249 1686 5499 5511 7406 5694 1465 9658 9357 3090 3943 715 2347 6195 38 2743 3452 7422 2269 5684 6353 600 500 6325 5124
3750 1204 4464 6950 8803 4959 807 1864 3335 730 6952 1468 4314 5036 4247 4752 6761 2844 9644 0 2211 7766 1424 5393 8430 1681 227 203 1327 6207 7988 6242 4840 2257 2232 7480 9792 3073 7171 7915 7685 7157 2869 879 652 8838 5680 2993 5743 5757 5932 5178 6419 9062 3085 5097 8590 2155 3157 7102 9287 3203 6978 7426 4013 2835 8876 8897 4933 7525 4373 3937 6979 7171 5754 9661 4824 3662 7722 3682 3884 2862 4103 8905 341 5686 7194 3392 1106 519 8436 3531 4986 4300 225 164 1408 8820 1724 5318
2583 3715 6333 2117 6015 104 5192 9964 6424 9420 3310 1201 9835 5317 1493 5853 9092 1328 3834 2211 0 9776 9281 653 2583 2641 8882 8897 9644 6541 116 6690 642 5634 3345 3902 8774 863 4846 1006 1712 6569 8453 5532 917 4421 9526 8958 9520 5187 4235 996 7636 2652 9299 4546 9325 8380 8960 551 44 1943 2093 3407 8494 2396 3300 3217 5489 2449 3892 2019 8438 3628 4084 1716 5744 8512 979 6477 7555 948 3340 518 4223 5451 1458 2787 824 7203 4399 8144 864 8617 1477 128 8710 9992 1267 5044
4199 4879 958 7521 5271 6816 8754 1548 9983 3632 673 3019 1851 1270 9706 8910 3595 7899 7538 7766 9776 0 9952 3804 262 8746 3867 1885 1221 3560 4769 6299 2080 221 9623 9376 3719 1390 4493 8813 2676 4395 3035 4117 2588 2651 5636 834 3507 8312 7997 1701 4580 4508 5004 6388 8865 2024 4590 4607 335 1707 810 4759 4318 3841 6819 5777 8020 7398 6766 5460 7599 1236 995 4670 9940 866 2590 7752 5816 4923 829 8566 9954 5850 8517 8593 7575 4532 3232 1566 9545 622 4161 8278 2010 9595 3898 5590
4744 2265 9565 7100 6051 4641 1404 3716 8735 6977 4357 4211 7484 4468 6683 2288 1355 8164 5920 1424 9281 9952 0 8329 6405 379 1860 1941 1983 1122 393 7563 129 3169 5108 5119 2069 9335 3938 1382 4306 8551 2152 8315 4573 8818 6468 5724 85 5939 9697 4342 8413 6780 1845 2918 8247 4940 5095 1468 2511 3726 8683 9165 8721 2793 3598 3581 4159 9020 4055 1657 9772 2843 7464 4245 7982 9028 948 3663 4313 971 8385 3211 9952 8155 4581 958 4711 2303 8866 4456 3271 3044 1296 9871 3464 7989 7716 9069
50 9047 5147 1737 4901 3621 7698 2162 795 1045 7017 798 6134 5634 567 8831 2395 5264 3521 5393 653 3804 8329 0 6176 6993 6071 5571 6052 7501 7117 1963 1755 5057 1331 7652 5592 3308 1586 9810 5216 9353 9044 6569 4135 603 5702 9255 3586 1863 510 8641 9891 5326 6015 4590 6007 9966 3525 8576 4280 7888 2651 6203 1119 8896 6196 7563 558 2660 740 8927 1951 9149 2989 4435 643 3491 5630 7913 8493 7930 1227 550 3655 5343 4098 9059 2336 2970 2087 6499 7728 6568 6822 2564 5125 2563 7858 1134
8927 5514 1126 3515 3843 731 6658 952 8967 6978 277 592 8400 8963 4447 7162 7236 8979 1000 8430 2583 262 6405 6176 0 5028 4340 8795 9795 2753 7973 6907 587 4584 6167 2301 6640 8807 4837 7189 3997 7232 4085 6190 8342 3130 8217 247 8389 1545 2679 721 648 1132 2237 1925 4907 6361 6933 7991 8584 2013 8434 7333 6623 7160 8516 8866 9661 5224 7087 2655 4641 8351 2283 3891 6638 7359 8196 3885 9807 2165 3312 1788 1881 4945 1000 2115 4032 5096 624 5329 8106 3072 2541 1175 324 1412 3116 181
5863 60 6164 3490 5744 4602 8233 4575 9112 4892 4077 3756 3087 1074 7905 7651 7901 8519 4807 1681 2641 8746 379 6993 5028 0 5285 9496 7843 1610 4490 5468 2651 7720 4183 4309 2594 1382 6027 9110 7300 8131 5154 704 2328 9886 542 8734 6064 625 9240 4595 7741 722 4550 6838 9098 2309 1365 2373 4840 5015 8253 4807 113 7290 9748 7174 4009 7419 4964 3599 3975 1010 9640 8100 9828 4817 7390 6012 9670 1738 8628 3362 4663 7673 2810 6137 2251 7445 3231 2234 851 6984 7718 2178 9810 1027 2130 5821
7117 1902 9348 3753 713 7120 5448 9695 8952 3904 6239 7455 2680 4955 8583 4564 9712 4689 3857 227 8882 3867 1860 6071 4340 5285 0 1220 4712 4835 7560 3625 3575 5381 4253 3915 2648 1162 9847 6413 1399 8498 5141 4099 2120 6025 1139 9514 9356 5884 212 8954 5199 9111 2058 737 8976 8302 5575 6634 8747 6209 7206 2163 8269 7337 1301 3236 413 4032 8849 5834 2994 3182 1726 7778 3034 7794 325 5966 6068 2865 9888 5920 2980 1418 8400 6428 1989 5268 2480 7362 5296 9595 7000 131 2522 5751 3607 224
4211 536 97 7816 8649 8096 8470 2890 3635 753 8533 1460 6442 6869 2796 967 8099 7680 2838 203 8897 1885 1941 5571 8795 9496 1220 0 7364 1883 523 5678 4619 1407 1031 8564 1917 30 1321 9903 1706 1133 351 4959 5089 1363 7044 1347 8846 6968 3721 5165 1351 4103 6944 136 9733 6941 5399 2508 9360 7491 960 7875 6017 3226 2266 1946 6221 1881 2495 1746 6571 1483 1712 9881 4568 9444 6089 1642 903 2965 4803 3429 6602 3461 6798 7818 5471 9267 8806 758 3104 8262 3649 9341 1401 6231 7427 3815
5374 6640 3389 3262 4114 1852 2657 5470 4668 1738 9428 8020 3479 7970 2051 1486 1509 9097 4819 1327 9644 1221 1983 6052 9795 7843 4712 7364 0 7001 2064 4899 4667 6408 3227 8051 3695 9362 3502 1139 1033 1546 5610 8646 3561 6619 5899 329 5182 3522 2565 471 1894 6281 5238 6363 2208 1859 288 222 8945 313 16 4855 7308 9389 8756 3322 5106 7942 3112 2474 9292 7191 718 2680 3943 1112 5861 4585 5206 2637 734 9878 2039 8800 2353 4010 9635 4824 2101 386 6737 448 3195 1384 2654 7439 8197 7385
2521 2386 6309 9963 3995 4724 2059 8670 1076 5598 321 634 1240 3149 6507 7007 7046 3826 9305 6207 6541 3560 1122 7501 2753 1610 4835 1883 7001 0 855 593 6152 8084 4206 7309 8129 8918 4061 8006 4367 9581 5403 9366 8187 5529 8834 4305 4879 1169 3306 113 310 3517 8235 5423 7923 6807 6057 9693 432 4050 551 5511 9348 524 1347 604 1331 787 5774 2615 107 1713 8341 8952 9825 5360 2331 4575 561 9792 9158 8180 463 806 5305 9271 6296 450 5565 1112 1831 4763 891 7511 949 4472 8285 6712
936 9537 6933 3708 2457 1577 1544 9742 8136 2564 728 3337 6077 9690 202 8555 7798 6304 4885 7988 116 4769 393 7117 7973 4490 7560 523 2064 855 0 2059 8994 1564 5108 3061 4976 447 6878 6847 7029 6327 2231 1056 2489 5584 7481 3578 9778 3195 94 6654 5836 5028 2125 8586 9761 397 711 1405 7584 8501 7489 1597 7207 7406 6800 3791 4289 9263 7863 7153 9534 3333 1196 9023 9206 8623 209 7722 4166 4557 2296 4538 279 6097 4503 9094 7587 3180 5533 4855 2713 156 7657 7248 3448 1687 9464 9278
2820 7869 3406 808 6160 8540 3114 4558 7624 3142 3756 6109 1543 6457 1265 2918 7357 3038 188 6242 6690 6299 7563 1963 6907 5468 3625 5678 4899 593 2059 0 8309 3200 8382 1645 4839 7488 6957 5127 4827 9566 7693 5060 2915 5505 1225 6351 3094 2058 8705 8114 9119 7352 6621 6004 9832 2425 2361 4291 2951 3971 4181 3287 6328 8565 7354 7947 973 9619 319 1938 4889 3383 1082 8977 8014 7168 8987 6500 7245 7975 4212 4778 7844 2281 7513 956 6910 713 7730 9865 7542 5305 3141 5665 4298 208 6807 1052
5952 9052 8075 7197 3220 3835 727 9193 9288 4033 5879 1930 2241 8091 7555 7084 9581 1536 3989 4840 642 2080 129 1755 587 2651 3575 4619 4667 6152 8994 8309 0 5180 3436 5779 2534 6575 4701 7554 8371 5567 8900 7609 9945 7071 4850 5003 2168 7774 898 2320 7484 9339 6520 8778 9311 8121 4860 8307 3909 7154 1062 8582 2062 344 590 485 4767 1977 905 1618 5168 6898 900 5555 5747 1455 369 7705 6123 3227 4861 2017 9936 2547 7506 6779 4578 5179 3166 6716 6150 8104 3701 3779 5117 3709 1944 1290
8543 9488 2781 4964 850 3357 5827 1381 5943 2041 423 4474 5524 7078 7315 9855 3440 1057 5900 2257 5634 221 3169 5057 4584 7720 5381 1407 6408 8084 1564 3200 5180 0 6295 8412 5875 4159 6976 9360 8874 82 6136 5462 5094 4405 7478 8567 412 9070 7497 3289 7541 9776 6565 6907 9948 8596 1984 4172 8314 6925 1225 7508 2051 2126 4034 65 2298 7952 3940 9138 5607 368 1669 9203 6437 662 5374 9075 8786 1511 5683 1492 2829 1942 9751 5534 9497 1420 4461 110 2921 4833 4094 9897 9052 1516 4940 4147
7657 7273 3412 542 5828 8000 962 8980 117 1005 8038 4398 1438 1176 5944 7351 4752 1016 5246 2232 3345 9623 5108 1331 6167 4183 4253 1031 3227 4206 5108 8382 3436 6295 0 436 1038 9352 2171 1888 2558 7111 5438 9128 4057 9706 3313 4809 3811 2306 2942 5153 6879 5898 8474 6044 1547 9707 643 5014 1436 8672 4344 2075 4532 5519 4382 6342 6160 1975 218 9701 5533 1444 5435 7786 3483 3100 9391 262 5918 6888 4530 5389 9224 6588 176 1755 1141 3647 5337 7951 9677 2190 6322 9722 8715 5567 5041 890
3593 3315 9103 6083 2939 9912 3712 3663 3565 9431 3802 3133 8500 8066 9341 5758 528 2699 9061 7480 3902 9376 5119 7652 2301 4309 3915 8564 8051 7309 3061 1645 5779 8412 436 0 7805 2950 6108 733 8561 8502 193 3314 4842 6016 3028 3231 5593 2431 9869 2945 1219 7676 8269 4458 6491 3710 7399 4745 7434 8938 3296 5761 5988 9152 1154 9269 7966 6383 6508 4948 4591 3735 7841 6141 4926 7392 7451 6890 1625 8302 3267 9163 524 2054 8098 3659 4823 6203 6593 6355 618 6770 6380 3020 9321 6078 50 2716
4322 2882 5161 1016 3204 8463 2796 3477 9458 3286 4889 1152 9862 6408 6023 470 6238 4438 79 9792 8774 3719 2069 5592 6640 2594 2648 1917 3695 8129 4976 4839 2534 5875 1038 7805 0 5814 9138 7772 2298 5776 514 4507 3063 6756 8242 3385 9722 566 7144 7283 5401 2103 8491 8236 5752 8811 6343 621 2903 3294 8664 5081 1845 3328 247 5843 4129 9553 3302 6556 7521 479 9343 4053 775 724 8877 717 1320 9144 9199 6361 4257 6890 9525 2640 7288 4066 66 4215 1734 9334 5350 9934 220 5457 135 7665
853 5138 3176 5502 9824 3125 4809 6363 3245 3229 9385 5798 6053 231 1829 5979 1536 6946 2638 3073 863 1390 9335 3308 8807 1382 1162 30 9362 8918 447 7488 6575 4159 9352 2950 5814 0 5937 8445 1106 7731 369 2464 9475 3466 2983 7405 1096 4283 6676 8438 5205 4693 2275 3288 5894 5353 3258 6515 8977 9733 4891 6703 86 6131 2789 6298 5287 5575 2778 529 7787 4954 289 8611 4661 4601 3416 2162 1963 840 8481 3693 7351 117 114 7243 431 6617 4360 6256 6661 7532 9789 3901 8164 7317 5708 6575
4728 6175 3183 5497 3248 3987 1743 7930 7020 1077 5114 9406 9422 2061 4667 4153 3158 5308 9985 7171 4846 4493 3938 1586 4837 6027 9847 1321 3502 4061 6878 6957 4701 6976 2171 6108 9138 5937 0 2382 1517 8240 4871 5016 2117 8513 2362 4230 5173 3784 9576 1233 1173 2492 6853 2786 9171 771 6518 2564 3322 6983 4606 7646 5160 1866 4234 2856 8117 7256 334 5766 1970 1957 3933 5132 552 6909 8663 8012 4346 1958 259 64 888 7019 120 7916 6870 8967 1195 8415 1059 4619 4528 6541 3874 4275 2353 293
4558 963 9593 2950 4784 6863 3291 6365 6184 9287 3455 1199 2248 7361 1395 2772 5081 7922 3142 7915 1006 8813 1382 9810 7189 9110 6413 9903 1139 8006 6847 5127 7554 9360 1888 733 7772 8445 2382 0 3737 4565 5836 2513 846 2637 6263 1606 1861 1944 2386 3343 8817 1211 3971 8775 9325 7517 221 7659 9874 3853 843 1125 8029 4367 2653 7203 8585 586 7697 1253 6098 8762 6052 12 9389 2124 1551 7935 1541 836 9339 2805 6892 7949 1458 7428 1808 6144 7884 7620 751 7025 407 3919 6988 8114 5507 4687
1715 2643 6198 3027 8548 6451 5765 8437 6735 1798 7803 977 947 2663 2246 8783 5987 3800 9379 7685 1712 2676 4306 5216 3997 7300 1399 1706 1033 4367 7029 4827 8371 8874 2558 8561 2298 1106 1517 3737 0 244 6155 7072 2811 8834 1316 9795 444 5600 8121 5966 2804 7192 742 4454 2182 5688 985 7320 8645 8141 1917 679 7697 5841 9282 6825 4354 9768 3921 991 748 7718 3875 9155 6879 1133 773 961 9585 1053 9631 2600 2917 8695 1001 870 4957 5956 429 3109 1371 5058 2073 6116 9339 3914 2424 6959
7744 5287 4690 8280 120 9097 6407 8801 4132 5602 4694 982 281 4726 2204 3433 9254 7861 4300 7157 6569 4395 8551 9353 7232 8131 8498 1133 1546 9581 6327 9566 5567 82 7111 8502 5776 7731 8240 4565 244 0 984 4413 7639 7313 8675 2454 5553 2882 5935 6211 8539 1978 3535 552 1251 5769 7565 556 4796 8970 1185 9137 4555 3504 6912 8638 6195 1903 4988 7327 3394 4138 5660 333 1455 8025 3222 7775 242 6446 1016 3294 3764 2745 8758 6642 7238 9709 7970 3654 126 9618 8647 4894 5490 5248 735 1436
886 6574 1754 4966 8441 9434 5635 6364 4809 869 693 237 6448 5948 218 6674 3084 5776 2999 2869 8453 3035 2152 9044 4085 5154 5141 351 5610 5403 2231 7693 8900 6136 5438 193 514 369 4871 5836 6155 984 0 4353 9585 7824 4582 8133 1844 7649 70 1933 6050 1614 673 7094 9465 8707 3416 3376 8602 3776 7432 2148 3083 1837 954 8469 2683 443 9656 7809 1574 2970 7946 4708 6558 800 9001 56 7681 9517 8201 6925 896 2954 3080 788 4054 1348 2920 6721 1595 9403 5563 496 8525 4608 4470 1555
641 7327 9769 5065 4357 4973 5240 3730 411 1417 7979 1554 3984 9876 2440 7051 9062 1777 3129 879 5532 4117 8315 6569 6190 704 4099 4959 8646 9366 1056 5060 7609 5462 9128 3314 4507 2464 5016 2513 7072 4413 4353 0 5893 2684 7507 4623 8810 6114 2706 1394 5235 444 1313 382 4142 7326 9200 1938 35 1187 4278 7260 4109 6577 1390 1806 9893 350 4389 3229 1649 6978 6231 2451 5979 3672 690 8337 7909 5613 4579 5040 7555 5489 4442 3134 9070 1897 1805 6225 3889 7165 693 6084 1672 1124 1176 2488
9655 6278 7708 8660 244 9638 60 2664 2162 3690 3377 3605 2060 851 7446 4645 620 898 725 652 917 2588 4573 4135 8342 2328 2120 5089 3561 8187 2489 2915 9945 5094 4057 4842 3063 9475 2117 846 2811 7639 9585 5893 0 8361 5106 9813 4968 4706 7590 4170 2048 9020 5059 9457 1068 3933 1269 9764 2985 7847 1385 3580 2003 3053 3057 1607 4183 600 4545 8341 7918 6874 1231 905 1439 7425 949 1987 5278 3994 194 9222 3846 2091 9273 1984 9278 619 9240 5271 7997 9449 8134 7903 4862 4453 2726 4262
5258 9371 9147 3067 2773 5834 1661 280 8462 6727 6019 1853 3081 9876 7856 6511 4009 7086 7612 8838 4421 2651 8818 603 3130 9886 6025 1363 6619 5529 5584 5505 7071 4405 9706 6016 6756 3466 8513 2637 8834 7313 7824 2684 8361 0 4765 3682 7912 1724 7757 8649 3462 4444 6793 1471 5447 3146 9920 8263 1045 847 4678 5581 7265 8002 7577 8792 8579 1985 1023 8291 5850 6072 33 3301 9621 7312 2100 6564 3960 4049 6153 4937 3694 8453 2677 2179 5141 909 4420 8771 1137 2825 97 9576 1467 6809 8933 4546
3033 2048 2800 7345 5094 4836 6195 9305 7914 3185 769 8731 3925 1621 1873 9972 9439 6224 5211 5680 9526 5636 6468 5702 8217 542 1139 7044 5899 8834 7481 1225 4850 7478 3313 3028 8242 2983 2362 6263 1316 8675 4582 7507 5106 4765 0 7954 6586 3773 8938 8654 6955 2836 7034 1838 9003 5365 4934 942 2512 893 7034 4996 2291 5672 8079 784 4633 1039 9533 458 1808 7287 974 9438 3024 9815 5851 7902 3092 9636 4470 1315 6261 8435 1821 2592 2400 5342 6494 2848 7238 4893 4571 4126 238 8498 9223 8132
8438 2856 8062 9704 8571 2221 8913 4116 7697 5920 5604 9567 8536 488 2220 9084 3749 3852 3655 2993 8958 834 5724 9255 247 8734 9514 1347 329 4305 3578 6351 5003 8567 4809 3231 3385 7405 4230 1606 9795 2454 8133 4623 9813 3682 7954 0 5080 1734 1649 823 7413 5195 8936 462 513 9096 2618 252 8486 3062 1522 1749 5414 5664 2435 4159 4907 8021 5610 6442 3978 5919 7028 5798 3880 5917 1322 7920 6580 121 9689 3854 5290 209 9846 4825 2989 7308 235 6422 5430 5161 4704 3134 2912 3669 6817 1756
8112 7867 409 5488 1262 4403 5372 523 6578 4070 5508 4911 6645 9503 3460 6701 176 1851 1848 5743 9520 3507 85 3586 8389 6064 9356 8846 5182 4879 9778 3094 2168 412 3811 5593 9722 1096 5173 1861 444 5553 1844 8810 4968 7912 6586 5080 0 5798 2173 3599 9986 4954 7297 8261 2101 6459 3923 8479 5406 2772 3523 3072 6734 6040 6977 9970 415 3249 8613 2887 8504 5767 1726 5960 2465 5458 999 9807 1763 8045 7257 535 5609 9296 93 8096 9371 9011 1130 58 3934 4502 5529 4548 499 2685 3089 5085
2323 5982 9003 685 1875 9907 890 4212 4107 1933 2419 8272 585 5859 82 8461 6153 6691 7248 5757 5187 8312 5939 1863 1545 625 5884 6968 3522 1169 3195 2058 7774 9070 2306 2431 566 4283 3784 1944 5600 2882 7649 6114 4706 1724 3773 1734 5798 0 6434 6675 4393 4973 290 3858 5027 4346 855 3408 6002 9685 3105 3323 7014 4632 9390 5733 3146 8182 7160 911 2191 9344 6272 1633 4273 9338 2410 4432 4402 7654 6079 1228 3891 7632 8230 303 9141 3573 4328 3012 4403 6004 9745 2749 2299 8605 5561 9943
5222 8074 4898 5722 8409 8306 3004 806 7151 596 3933 3712 2811 176 7996 1735 1487 7097 965 5932 4235 7997 9697 510 2679 9240 212 3721 2565 3306 94 8705 898 7497 2942 9869 7144 6676 9576 2386 8121 5935 70 2706 7590 7757 8938 1649 2173 6434 0 9621 5292 2431 7427 3359 6161 467 8840 2270 9414 5636 9645 3987 6489 8258 8610 6989 7531 7279 1646 3918 5411 6953 6559 4601 2332 9023 9649 1800 545 8060 9715 1863 4956 1685 1804 866 7157 6824 9761 4843 599 3403 9532 1784 3660 8060 6400 1694
4167 5822 5184 8778 3323 9130 9990 2410 1839 8758 5731 8322 3982 10000 9019 7418 6727 1779 5702 5178 996 1701 4342 8641 721 4595 8954 5165 471 113 6654 8114 2320 3289 5153 2945 7283 8438 1233 3343 5966 6211 1933 1394 4170 8649 8654 823 3599 6675 9621 0 7382 5631 7986 9484 9442 1349 7317 7477 9375 5246 7967 2927 1719 1542 9109 5838 7920 3437 5157 5386 1372 5627 4869 767 6276 1511 7972 5120 9815 2468 4192 5285 6133 953 8477 3399 7145 2653 2840 1216 7503 1177 2191 311 9458 5768 9563 8508
8148 3020 5338 7355 1038 6363 7102 9781 9676 672 8220 9571 175 7297 937 8079 5968 1068 4769 6419 7636 4580 8413 9891 648 7741 5199 1351 1894 310 5836 9119 7484 7541 6879 1219 5401 5205 1173 8817 2804 8539 6050 5235 2048 3462 6955 7413 9986 4393 5292 7382 0 8391 8743 6962 1332 9037 3115 9089 9508 7237 8019 6684 9599 2571 5632 9643 1364 5842 6534 5261 8283 7622 5255 7765 9331 5685 1399 8779 2195 8998 5591 9913 5137 9359 6315 5082 5077 7777 9238 2529 6743 1208 2013 3167 1667 835 6794 2805
203 8302 3347 3630 6531 1517 1279 4213 5534 7841 305 5013 2654 5452 1480 3407 7627 8901 4830 9062 2652 4508 6780 5326 1132 722 9111 4103 6281 3517 5028 7352 9339 9776 5898 7676 2103 4693 2492 1211 7192 1978 1614 444 9020 4444 2836 5195 4954 4973 2431 5631 8391 0 5559 1077 3000 4652 8816 439 3823 9655 7160 4464 6924 6732 5497 4064 6900 6199 1909 5836 7372 7278 6840 5166 4371 5407 9243 1111 332 9663 446 4575 2876 1285 7068 9019 1518 8702 2034 9877 8517 9984 4876 1458 6891 2450 5544 1907
3002 5171 2517 8117 7362 2792 4051 8789 4795 1667 1129 6362 4469 1195 2212 8778 297 134 9307 3085 9299 5004 1845 6015 2237 4550 2058 6944 5238 8235 2125 6621 6520 6565 8474 8269 8491 2275 6853 3971 742 3535 673 1313 5059 6793 7034 8936 7297 290 7427 7986 8743 5559 0 1534 3234 4659 5068 5644 2446 5816 7170 7129 8710 9333 9171 1545 1588 2521 7846 5307 3457 7285 5090 6793 1376 4744 244 7940 5227 9818 80 7464 8955 2043 7445 7497 7578 6458 4612 1169 1736 8175 3919 7393 9171 6158 7313 5702
6899 1584 645 6626 8151 6997 4340 9592 1784 965 646 1534 6463 6641 4897 8694 750 8426 5192 5097 4546 6388 2918 4590 1925 6838 737 136 6363 5423 8586 6004 8778 6907 6044 4458 8236 3288 2786 8775 4454 552 7094 382 9457 1471 1838 462 8261 3858 3359 9484 6962 1077 1534 0 6133 2630 9249 9055 1499 1592 8619 6857 4499 4915 6712 235 5844 5321 8521 2877 1810 2519 2086 4664 7485 3636 1549 1180 8098 582 8990 2014 7805 4827 3801 7832 2062 1665 1874 9571 3948 6149 4844 2114 8728 307 4408 7881
5839 4360 1028 459 591 3390 9409 8616 5897 1320 5680 1273 768 4017 4647 4238 197 5474 3043 8590 9325 8865 8247 6007 4907 9098 8976 9733 2208 7923 9761 9832 9311 9948 1547 6491 5752 5894 9171 9325 2182 1251 9465 4142 1068 5447 9003 513 2101 5027 6161 9442 1332 3000 3234 6133 0 4332 3752 7815 2567 2743 5046 7 1043 6213 8840 4255 8440 9125 8068 5870 5510 4712 7964 2364 3777 8120 7341 545 6755 3039 8863 5815 8487 4584 4364 7027 5920 2006 73 1254 7425 4724 5898 9379 2394 1519 5864 1485
2630 1747 7801 7996 2583 5592 7877 8884 5960 1746 5651 8998 5045 2911 981 6677 6077 3034 9549 2155 8380 2024 4940 9966 6361 2309 8302 6941 1859 6807 397 2425 8121 8596 9707 3710 8811 5353 771 7517 5688 5769 8707 7326 3933 3146 5365 9096 6459 4346 467 1349 9037 4652 4659 2630 4332 0 1104 7660 5142 9155 9276 15 8493 6912 7817 9764 2302 9581 1439 6012 4734 4732 3352 4217 4987 2355 1232 6077 7589 184 9744 6255 3928 5206 3772 9131 8831 9933 4375 9764 2275 1020 984 4903 5211 9229 1842 4082
9005 377 3270 2790 6046 9057 9569 9634 1292 3309 5222 7108 2217 424 1852 5641 3615 5389 4322 3157 8960 4590 5095 3525 6933 1365 5575 5399 288 6057 711 2361 4860 1984 643 7399 6343 3258 6518 221 985 7565 3416 9200 1269 9920 4934 2618 3923 855 8840 7317 3115 8816 5068 9249 3752 1104 0 8609 2214 2708 4298 129 1926 4200 6659 3960 3094 8250 2312 576 2118 3582 2293 1880 3025 3064 5736 6497 8626 9343 9928 9205 3270 7892 4280 8600 8454 9867 309 6368 1155 5078 1898 8986 7550 3516 3231 7700
8876 6528 5266 7605 3977 177 7749 7125 7746 5052 1074 2775 6054 6762 9725 180 7157 4622 691 7102 551 4607 1468 8576 7991 2373 6634 2508 222 9693 1405 4291 8307 4172 5014 4745 621 6515 2564 7659 7320 556 3376 1938 9764 8263 942 252 8479 3408 2270 7477 9089 439 5644 9055 7815 7660 8609 0 6856 7463 3570 986 7225 1748 4110 8169 3863 8234 5677 1329 1335 4067 1743 7261 5447 5853 7701 6174 9290 2383 2315 3028 7615 9565 6874 3721 4251 9203 6315 4577 6051 573 1230 3936 5923 636 6942 2268
1227 2753 723 3232 1590 2782 7240 8514 9842 5015 4969 9562 3905 1109 8710 1367 9241 4392 6838 9287 44 335 2511 4280 8584 4840 8747 9360 8945 432 7584 2951 3909 8314 1436 7434 2903 8977 3322 9874 8645 4796 8602 35 2985 1045 2512 8486 5406 6002 9414 9375 9508 3823 2446 1499 2567 5142 2214 6856 0 1389 9647 313 7836 5489 600 1565 7277 5851 5447 2253 51 7250 1434 375 222 6549 1495 4351 4698 5647 6345 1271 5869 1252 3289 2324 6539 9989 9628 9605 1486 5317 6099 6554 8879 7779 7093 7431
825 3193 5643 9573 9984 751 2961 8980 8636 7359 7199 4240 1300 3344 8201 3008 6234 2383 8111 3203 1943 1707 3726 7888 2013 5015 6209 7491 313 4050 8501 3971 7154 6925 8672 8938 3294 9733 6983 3853 8141 8970 3776 1187 7847 847 893 3062 2772 9685 5636 5246 7237 9655 5816 1592 2743 9155 2708 7463 1389 0 1653 6218 8119 9912 6568 6498 8371 8309 4472 3535 7893 3179 7850 3366 5514 4599 4707 8594 8145 4265 6445 8116 9502 5491 2116 6731 1541 6674 5584 4588 8698 1013 712 5023 6369 6193 4920 1486
287 9894 3256 7902 3378 3870 9414 1984 9915 6929 2558 8418 6425 1481 1529 5351 4161 7291 41 6978 2093 810 8683 2651 8434 8253 7206 960 16 551 7489 4181 1062 1225 4344 3296 8664 4891 4606 843 1917 1185 7432 4278 1385 4678 7034 1522 3523 3105 9645 7967 8019 7160 7170 8619 5046 9276 4298 3570 9647 1653 0 3226 6294 7830 659 4630 5852 9798 9806 1301 9245 7273 1842 852 5099 4447 8052 2269 7031 2318 3513 706 4176 8286 4377 1172 4133 4128 7424 957 9278 1691 7036 8414 9861 8575 195 6240
1488 875 7958 5089 5284 6930 8542 386 3150 671 9341 3642 5896 4103 2750 8604 650 2941 8540 7426 3407 4759 9165 6203 7333 4807 2163 7875 4855 5511 1597 3287 8582 7508 2075 5761 5081 6703 7646 1125 679 9137 2148 7260 3580 5581 4996 1749 3072 3323 3987 2927 6684 4464 7129 6857 7 15 129 986 313 6218 3226 0 6548 6302 1111 4454 8204 9706 7706 3858 1394 6308 4665 1214 9368 2637 5287 5298 7032 3423 8455 7983 3215 999 7040 5252 9235 9371 5728 9087 3760 6951 5100 9319 827 6667 9888 3807
8739 1326 3975 9772 8027 1851 8585 4628 6381 9182 9323 6303 1087 8434 2881 9244 8015 9241 2712 4013 8494 4318 8721 1119 6623 113 8269 6017 7308 9348 7207 6328 2062 2051 4532 5988 1845 86 5160 8029 7697 4555 3083 4109 2003 7265 2291 5414 6734 7014 6489 1719 9599 6924 8710 4499 1043 8493 1926 7225 7836 8119 6294 6548 0 6086 3076 6294 4242 3164 4851 5654 5415 8858 5475 6063 9621 2132 9901 2642 8836 1085 875 3525 2940 476 7197 4248 1984 1744 7786 7337 182 127 2351 100 6241 1113 8490 4535
8798 5070 466 6869 1164 6797 7016 748 113 6853 8873 9831 1335 6020 6217 5886 7279 9419 5622 2835 2396 3841 2793 8896 7160 7290 7337 3226 9389 524 7406 8565 344 2126 5519 9152 3328 6131 1866 4367 5841 3504 1837 6577 3053 8002 5672 5664 6040 4632 8258 1542 2571 6732 9333 4915 6213 6912 4200 1748 5489 9912 7830 6302 6086 0 6058 5709 9463 615 1184 3384 5701 5742 4882 7461 637 3708 1217 8780 5452 6161 2123 1903 1329 1509 1505 9078 9463 9120 761 5278 6814 7011 4034 8771 8295 1490 6444 6873
8256 5471 2512 6008 1440 8498 4004 831 9708 5185 6941 7788 7412 8052 3782 1780 1177 4284 9490 8876 3300 6819 3598 6196 8516 9748 1301 2266 8756 1347 6800 7354 590 4034 4382 1154 247 2789 4234 2653 9282 6912 954 1390 3057 7577 8079 2435 6977 9390 8610 9109 5632 5497 9171 6712 8840 7817 6659 4110 600 6568 659 1111 3076 6058 0 7223 3342 5721 346 5942 7977 3722 8289 1130 2201 2746 3782 136 7113 7969 7473 8214 4515 6539 8788 2628 5222 6500 9336 9022 7203 4015 4358 4801 1605 6986 6885 6237
1401 1001 8653 1767 4855 629 5317 1649 1194 7727 4813 3186 9238 8986 8217 4660 2424 251 9279 8897 3217 5777 3581 7563 8866 7174 3236 1946 3322 604 3791 7947 485 65 6342 9269 5843 6298 2856 7203 6825 8638 8469 1806 1607 8792 784 4159 9970 5733 6989 5838 9643 4064 1545 235 4255 9764 3960 8169 1565 6498 4630 4454 6294 5709 7223 0 5390 5522 5252 1166 1673 9055 2245 2710 6835 1376 4422 7472 7302 4142 6175 9713 3539 9820 2574 5442 1898 8339 8639 7501 8158 8817 9553 6738 4127 4275 8857 8888
3576 8153 3218 2165 6957 9479 6803 4841 4417 4149 8122 7513 7957 8539 671 8467 3360 8793 7138 4933 5489 8020 4159 558 9661 4009 413 6221 5106 1331 4289 973 4767 2298 6160 7966 4129 5287 8117 8585 4354 6195 2683 9893 4183 8579 4633 4907 415 3146 7531 7920 1364 6900 1588 5844 8440 2302 3094 3863 7277 8371 5852 8204 4242 9463 3342 5390 0 9702 8340 2781 8896 5502 7540 4500 4868 4104 3583 2041 7170 7773 9452 709 5801 3909 5366 887 8336 4122 747 698 6332 8972 6150 6571 680 4765 5820 4075
6551 7624 4982 3149 49 7377 3996 2952 5690 8024 8516 757 5280 3003 8643 8501 9596 9526 2384 7525 2449 7398 9020 2660 5224 7419 4032 1881 7942 787 9263 9619 1977 7952 1975 6383 9553 5575 7256 586 9768 1903 443 350 600 1985 1039 8021 3249 8182 7279 3437 5842 6199 2521 5321 9125 9581 8250 8234 5851 8309 9798 9706 3164 615 5721 5522 9702 0 3698 1440 8707 2689 6125 988 96 8304 9090 7028 1648 3028 9125 6352 6880 9065 1752 1499 6237 9072 4438 1057 5456 5001 982 5786 5188 7534 7721 9254
1296 5192 7777 6541 1918 4559 5243 9663 9699 9163 3102 5926 3431 9855 357 3705 5194 2489 4958 4373 3892 6766 4055 740 7087 4964 8849 2495 3112 5774 7863 319 905 3940 218 6508 3302 2778 334 7697 3921 4988 9656 4389 4545 1023 9533 5610 8613 7160 1646 5157 6534 1909 7846 8521 8068 1439 2312 5677 5447 4472 9806 7706 4851 1184 346 5252 8340 3698 0 8543 5071 2783 1156 5214 1673 9141 4592 3885 249 5641 2227 303 7859 7641 9814 1331 8247 4446 5030 2901 5764 2261 4801 7530 1001 7786 7850 801
7556 1466 8451 7069 4459 6617 6826 8119 5537 5250 8493 9362 8584 7320 6937 7116 80 9465 3150 3937 2019 5460 1657 8927 2655 3599 5834 1746 2474 2615 7153 1938 1618 9138 9701 4948 6556 529 5766 1253 991 7327 7809 3229 8341 8291 458 6442 2887 911 3918 5386 5261 5836 5307 2877 5870 6012 576 1329 2253 3535 1301 3858 5654 3384 5942 1166 2781 1440 8543 0 8071 901 7829 4677 8754 5028 7240 9517 8624 7293 8038 701 2332 4111 1212 2289 5490 5228 3042 8752 3437 2715 7373 7946 8823 7529 9255 3090
6951 6350 2811 9494 4423 2596 3937 3180 6589 6068 6688 2679 813 6739 3467 3182 7693 7793 3125 6979 8438 7599 9772 1951 4641 3975 2994 6571 9292 107 9534 4889 5168 5607 5533 4591 7521 7787 1970 6098 748 3394 1574 1649 7918 5850 1808 3978 8504 2191 5411 1372 8283 7372 3457 1810 5510 4734 2118 1335 51 7893 9245 1394 5415 5701 7977 1673 8896 8707 5071 8071 0 9552 7728 9659 6676 4246 3400 8089 7477 8530 736 2703 7514 3465 7597 6738 152 3789 9147 1278 7053 4314 5386 2003 542 8924 1565 2934
8076 4476 6904 8271 2598 202 5510 9569 5560 5060 7088 8140 5597 9809 1700 5524 5717 7709 3013 7171 3628 1236 2843 9149 8351 1010 3182 1483 7191 1713 3333 3383 6898 368 1444 3735 479 4954 1957 8762 7718 4138 2970 6978 6874 6072 7287 5919 5767 9344 6953 5627 7622 7278 7285 2519 4712 4732 3582 4067 7250 3179 7273 6308 8858 5742 3722 9055 5502 2689 2783 901 9552 0 3847 3416 301 8681 2047 8056 7487 5466 7635 2869 5868 7510 5741 7163 5656 2423 3764 2509 5471 5148 9192 4093 8896 8328 3874 616
160 8220 8798 563 645 8749 1933 6096 6474 5128 7154 9429 7528 6112 2356 2745 8485 8069 7927 5754 4084 995 7464 2989 2283 9640 1726 1712 718 8341 1196 1082 900 1669 5435 7841 9343 289 3933 6052 3875 5660 7946 6231 1231 33 974 7028 1726 6272 6559 4869 5255 6840 5090 2086 7964 3352 2293 1743 1434 7850 1842 4665 5475 4882 8289 2245 7540 6125 1156 7829 7728 3847 0 9221 5841 1744 5839 7933 664 5331 4866 2180 337 2071 4490 816 7237 3798 553 7395 9968 9839 4179 6761 512 6933 3139 2040
1171 7477 7271 3341 7783 5743 4650 3560 2273 8387 7709 353 4120 9527 7884 6913 3327 6140 1249 9661 1716 4670 4245 4435 3891 8100 7778 9881 2680 8952 9023 8977 5555 9203 7786 6141 4053 8611 5132 12 9155 333 4708 2451 905 3301 9438 5798 5960 1633 4601 767 7765 5166 6793 4664 2364 4217 1880 7261 375 3366 852 1214 6063 7461 1130 2710 4500 988 5214 4677 9659 3416 9221 0 4782 6487 3033 5020 1980 1298 6867 5200 4672 5621 2814 2886 2664 172 6988 1819 6533 5104 6482 2938 6250 338 92 9392
5871 4072 191 7013 2412 537 698 2995 1457 1676 3929 6310 637 6415 8831 7546 7333 2905 1686 4824 5744 9940 7982 643 6638 9828 3034 4568 3943 9825 9206 8014 5747 6437 3483 4926 775 4661 552 9389 6879 1455 6558 5979 1439 9621 3024 3880 2465 4273 2332 6276 9331 4371 1376 7485 3777 4987 3025 5447 222 5514 5099 9368 9621 637 2201 6835 4868 96 1673 8754 6676 301 5841 4782 0 4514 7451 3866 8561 8355 1255 9805 5490 8028 7788 7554 1751 1975 9211 7542 40 325 404 9094 6622 7681 1426 5063
5441 5279 2933 4138 8998 2002 5991 619 5914 5821 7103 2756 506 9045 9213 3928 941 4541 5499 3662 8512 866 9028 3491 7359 4817 7794 9444 1112 5360 8623 7168 1455 662 3100 7392 724 4601 6909 2124 1133 8025 800 3672 7425 7312 9815 5917 5458 9338 9023 1511 5685 5407 4744 3636 8120 2355 3064 5853 6549 4599 4447 2637 2132 3708 2746 1376 4104 8304 9141 5028 4246 8681 1744 6487 4514 0 1979 6464 6191 503 9174 9220 128 687 5142 3851 4721 4591 553 1831 4912 9195 2779 3664 315 4138 4674 4563
2050 2018 1042 7606 4417 3045 6521 51 6311 6640 491 6955 3700 5071 6547 6088 2042 2720 5511 7722 979 2590 948 5630 8196 7390 325 6089 5861 2331 209 8987 369 5374 9391 7451 8877 3416 8663 1551 773 3222 9001 690 949 2100 5851 1322 999 2410 9649 7972 1399 9243 244 1549 7341 1232 5736 7701 1495 4707 8052 5287 9901 1217 3782 4422 3583 9090 4592 7240 3400 2047 5839 3033 7451 1979 0 5334 3292 722 5626 9533 4332 6569 3305 1679 2562 4176 1250 2983 3518 8067 8947 7681 3379 4836 1139 1857
2094 7301 9219 6771 2931 4479 139 6964 3958 1086 6379 8677 4246 1008 9350 9868 1226 7851 7406 3682 6477 7752 3663 7913 3885 6012 5966 1642 4585 4575 7722 6500 7705 9075 262 6890 717 2162 8012 7935 961 7775 56 8337 1987 6564 7902 7920 9807 4432 1800 5120 8779 1111 7940 1180 545 6077 6497 6174 4351 8594 2269 5298 2642 8780 136 7472 2041 7028 3885 9517 8089 8056 7933 5020 3866 6464 5334 0 3538 5749 922 1432 6767 6670 7963 888 5894 6656 1802 6488 109 1389 2715 6399 1092 5648 7684 813
6396 9042 7942 4128 4695 6841 4724 2473 7345 4317 628 1953 5928 563 9141 9309 9256 993 5694 3884 7555 5816 4313 8493 9807 9670 6068 903 5206 561 4166 7245 6123 8786 5918 1625 1320 1963 4346 1541 9585 242 7681 7909 5278 3960 3092 6580 1763 4402 545 9815 2195 332 5227 8098 6755 7589 8626 9290 4698 8145 7031 7032 8836 5452 7113 7302 7170 1648 249 8624 7477 7487 664 1980 8561 6191 3292 3538 0 7708 8949 3111 1131 6071 6374 2366 137 8179 6703 8144 1440 7181 125 1359 1853 9551 2294 849
4947 8429 7749 1400 4343 8028 7394 9194 2755 7636 1740 961 2813 7426 5175 2105 409 777 1465 2862 948 4923 971 7930 2165 1738 2865 2965 2637 9792 4557 7975 3227 1511 6888 8302 9144 840 1958 836 1053 6446 9517 5613 3994 4049 9636 121 8045 7654 8060 2468 8998 9663 9818 582 3039 184 9343 2383 5647 4265 2318 3423 1085 6161 7969 4142 7773 3028 5641 7293 8530 5466 5331 1298 8355 503 722 5749 7708 0 8146 3151 5905 2585 9261 9471 4331 2113 491 6568 101 2302 3078 9624 2965 2726 7646 6571
