50
0 6203 4136 5702 4563 4726 8409 7888 4313 9575 7959 3660 6443 7629 7904 4018 7462 5643 9765 6934 3582 1184 9085 8459 8837 2518 8294 953 2670 1741 3842 2503 3245 2863 8369 5030 9059 9306 3529 9417 1515 5375 1984 1209 8954 4163 7698 2772 1044 5948
6203 0 3804 3020 7364 2863 1503 4312 9095 408 6804 4647 247 8011 4536 2444 1392 6681 6846 140 5311 4131 7144 9191 661 326 6502 7511 5624 3545 1426 4013 6546 457 7336 5450 4268 4615 2312 6551 4487 7663 9816 335 684 9580 5005 7681 1723 2590
4136 3804 0 4004 4149 3441 7192 8940 6964 1127 5201 8683 2007 4541 5496 4307 1164 3838 6379 5347 8062 3188 3331 1571 700 5244 3884 7986 5988 4522 8271 7827 3066 6309 8303 8075 7821 8442 21 8279 7468 1868 9855 3890 331 4821 5642 8521 9275 9563
5702 3020 4004 0 1531 5016 2278 5105 3525 6234 7377 9419 9185 3334 5046 5329 3895 4277 2476 9403 7082 53 2123 5489 3320 803 8283 2040 809 1436 8793 4196 8877 7862 6806 1597 3919 5023 2739 8191 8660 1428 7669 6033 8089 1320 8645 2387 4419 954
4563 7364 4149 1531 0 2633 1748 7939 6730 4561 7057 8750 8987 3800 7028 3107 5955 8327 5435 6085 9651 9787 2397 823 7625 1061 5655 5933 8693 1439 6251 30 8740 5098 8156 4122 9869 8301 9423 2004 8111 3278 4599 3507 4223 9637 1738 44 3952 6326
4726 2863 3441 5016 2633 0 3527 5445 2115 3243 9848 3803 8001 4496 610 6984 6811 7507 6883 2662 6435 609 9706 8295 8586 6286 7058 2758 9627 4881 3619 9627 5409 742 7893 1333 1978 6752 8092 5847 8277 5769 5454 1150 6004 6775 5808 9342 5465 9493
8409 1503 7192 2278 1748 3527 0 9508 9027 7489 9757 9727 3964 1301 3759 5311 22 5334 3290 7712 9473 179 7962 4451 1010 4556 1963 9931 9161 9698 9033 273 360 1870 4603 7000 6838 6111 479 6752 2605 8892 7141 6463 1529 6933 7884 208 1987 7748
7888 4312 8940 5105 7939 5445 9508 0 2629 6683 4042 246 6515 9185 8987 6130 8321 9775 8184 404 6092 9389 3869 3391 4466 4476 2668 8493 8551 3777 3937 4675 3292 9492 1051 6092 1641 49 4212 3873 747 5009 3350 8964 2135 8383 4369 5940 6348 8433
4313 9095 6964 3525 6730 2115 9027 2629 0 6257 7796 9410 7569 7152 6057 7337 6985 497 5809 1753 3630 5846 4588 5902 1951 2660 2517 3747 5545 3946 8259 4369 9620 8874 7007 9849 7961 5773 2697 4824 8095 5297 1334 1050 7505 1385 6990 9384 2730 9052
9575 408 1127 6234 4561 3243 7489 6683 6257 0 5073 5719 5762 3449 7114 8670 8984 2464 3187 9111 3712 7447 3923 6201 3734 9924 807 2826 6669 6811 2462 1238 8513 5062 485 4503 2144 260 2044 406 1096 6437 9842 3162 3929 4843 4255 6226 484 9125
7959 6804 5201 7377 7057 9848 9757 4042 7796 5073 0 2592 8607 3504 7899 9222 8602 9972 2405 8898 5090 7632 21 883 6255 1030 7949 7992 6261 7808 4830 2169 9665 7393 2148 5390 928 3979 1697 2407 7172 8730 9035 3079 2424 1306 2095 3177 2509 1175
3660 4647 8683 9419 8750 3803 9727 246 9410 5719 2592 0 9126 1181 9849 9395 7349 5336 5165 8251 9746 2729 1157 7278 7617 3694 5229 6702 3029 7417 1716 8819 2848 5437 252 8850 6260 8580 4461 3013 6535 3364 7719 9589 7211 4117 4090 7825 2774 4273
6443 247 2007 9185 8987 8001 3964 6515 7569 5762 8607 9126 0 9377 3998 9004 2175 1914 8950 4595 7386 609 4124 6076 8372 6813 8159 5633 3270 7696 5231 2111 9522 229 8401 6323 6247 2704 2968 3291 409 3805 8429 1444 6010 6257 8471 8889 5535 1943
7629 8011 4541 3334 3800 4496 1301 9185 7152 3449 3504 1181 9377 0 5209 1574 6196 4959 5487 2306 661 6688 2508 7323 9166 9481 6202 2955 5578 4616 354 7346 2124 7432 7361 9949 4117 2233 2176 5213 9598 9748 1235 371 956 4759 23 293 2868 3828
7904 4536 5496 5046 7028 610 3759 8987 6057 7114 7899 9849 3998 5209 0 9002 8823 3545 6383 8742 2932 852 4075 306 4634 4585 4217 9477 3504 7425 9147 3832 708 3600 3334 4472 8180 3980 6342 3525 3684 5097 438 3355 4676 2718 1804 3009 6721 7552
4018 2444 4307 5329 3107 6984 5311 6130 7337 8670 9222 9395 9004 1574 9002 0 3748 5167 2618 7740 1470 7882 6040 2726 3408 6595 5918 5619 1821 1412 2110 210 9661 4080 875 8693 124 3542 2297 1411 8172 7017 2547 9311 4558 1401 7872 2804 5141 300
7462 1392 1164 3895 5955 6811 22 8321 6985 8984 8602 7349 2175 6196 8823 3748 0 2048 8622 5329 1974 6672 9678 2788 6633 9320 4165 3513 4014 9754 5149 6353 4643 4565 8644 2796 5210 8040 2638 2030 819 5238 9398 8529 3731 4323 1895 8723 5996 3382
5643 6681 3838 4277 8327 7507 5334 9775 497 2464 9972 5336 1914 4959 3545 5167 2048 0 7877 3114 4320 8371 195 7176 4494 5763 8969 8330 9767 2025 7469 198 9709 5142 7173 7395 6500 4558 8029 4490 8363 1942 3868 7566 220 6500 752 2734 1699 5802
9765 6846 6379 2476 5435 6883 3290 8184 5809 3187 2405 5165 8950 5487 6383 2618 8622 7877 0 2089 5974 7134 4224 6742 5756 4158 7596 7661 6462 3110 7439 8948 8596 171 4622 6895 7131 4607 3999 7485 7415 8652 5478 3499 2746 2608 1013 5767 5368 4539
6934 140 5347 9403 6085 2662 7712 404 1753 9111 8898 8251 4595 2306 8742 7740 5329 3114 2089 0 6857 4875 1534 9978 4319 7001 8470 3814 4425 4351 3896 9089 6168 957 1615 571 5312 1164 2256 7435 2652 874 5911 8997 5767 1672 2957 9175 8961 8713
3582 5311 8062 7082 9651 6435 9473 6092 3630 3712 5090 9746 7386 661 2932 1470 1974 4320 5974 6857 0 6105 6061 6242 6762 2507 5031 5602 9222 3525 7470 9275 4046 645 4252 3897 9783 4555 7362 2475 9988 5723 7838 6410 1094 8731 1717 7900 194 4242
1184 4131 3188 53 9787 609 179 9389 5846 7447 7632 2729 609 6688 852 7882 6672 8371 7134 4875 6105 0 343 6569 7110 7703 6402 6200 539 1767 4871 140 8364 6150 5776 8983 2358 9606 9836 2582 8204 8833 4848 265 3265 551 7045 9808 4802 1104
9085 7144 3331 2123 2397 9706 7962 3869 4588 3923 21 1157 4124 2508 4075 6040 9678 195 4224 1534 6061 343 0 5315 2020 7376 5275 1093 4143 2617 8184 4821 5134 8156 5780 1748 7741 6767 6045 3687 2213 8124 581 1926 2276 2484 9310 7452 2917 6461
8459 9191 1571 5489 823 8295 4451 3391 5902 6201 883 7278 6076 7323 306 2726 2788 7176 6742 9978 6242 6569 5315 0 8916 4814 7979 276 1268 829 6163 1189 3305 228 5514 5994 4204 5555 5886 1844 1023 8177 9859 1911 8519 5542 2665 8525 1104 1459
8837 661 700 3320 7625 8586 1010 4466 1951 3734 6255 7617 8372 9166 4634 3408 6633 4494 5756 4319 6762 7110 2020 8916 0 7404 4247 6396 4874 8346 6703 830 1236 6364 8270 7157 2545 437 3478 3960 4387 4200 5185 2147 9098 9890 8539 8806 6707 5162
2518 326 5244 803 1061 6286 4556 4476 2660 9924 1030 3694 6813 9481 4585 6595 9320 5763 4158 7001 2507 7703 7376 4814 7404 0 6987 6845 4355 107 2820 6199 4899 5571 4508 88 3643 4642 9544 2667 4587 4856 3735 6911 9618 7302 4020 7508 2922 1024
8294 6502 3884 8283 5655 7058 1963 2668 2517 807 7949 5229 8159 6202 4217 5918 4165 8969 7596 8470 5031 6402 5275 7979 4247 6987 0 182 1176 493 7883 7215 8522 4021 9522 4850 6563 1842 3240 8896 4473 4946 8190 4340 6935 3127 256 4362 2834 991
953 7511 7986 2040 5933 2758 9931 8493 3747 2826 7992 6702 5633 2955 9477 5619 3513 8330 7661 3814 5602 6200 1093 276 6396 6845 182 0 3840 4473 3600 631 748 1178 1943 7800 113 8591 9929 153 6944 1746 2425 6836 6731 3959 2514 6783 2274 9035
2670 5624 5988 809 8693 9627 9161 8551 5545 6669 6261 3029 3270 5578 3504 1821 4014 9767 6462 4425 9222 539 4143 1268 4874 4355 1176 3840 0 7423 2284 8933 3752 9515 9905 5352 8005 8541 5678 6366 622 9903 5018 2893 7906 4233 2575 4325 8308 4791
1741 3545 4522 1436 1439 4881 9698 3777 3946 6811 7808 7417 7696 4616 7425 1412 9754 2025 3110 4351 3525 1767 2617 829 8346 107 493 4473 7423 0 3938 2371 3092 3453 4179 214 1373 7929 2578 5351 2770 7226 5213 6944 2511 2007 6189 6151 4057 9994
3842 1426 8271 8793 6251 3619 9033 3937 8259 2462 4830 1716 5231 354 9147 2110 5149 7469 7439 3896 7470 4871 8184 6163 6703 2820 7883 3600 2284 3938 0 6626 2148 4365 1484 6231 2697 5809 2946 1503 5844 5477 8886 9496 5857 9930 6136 5016 5082 7570
2503 4013 7827 4196 30 9627 273 4675 4369 1238 2169 8819 2111 7346 3832 210 6353 198 8948 9089 9275 140 4821 1189 830 6199 7215 631 8933 2371 6626 0 568 5970 5245 3569 4513 8100 3539 6681 7971 3664 1531 3242 3714 433 9212 1532 1159 3109
3245 6546 3066 8877 8740 5409 360 3292 9620 8513 9665 2848 9522 2124 708 9661 4643 9709 8596 6168 4046 8364 5134 3305 1236 4899 8522 748 3752 3092 2148 568 0 879 5078 9398 3079 786 9395 2128 5914 1403 826 8520 1017 9594 5414 6547 5677 9080
2863 457 6309 7862 5098 742 1870 9492 8874 5062 7393 5437 229 7432 3600 4080 4565 5142 171 957 645 6150 8156 228 6364 5571 4021 1178 9515 3453 4365 5970 879 0 2501 5403 8775 1350 432 5810 936 1291 5453 7466 9978 3782 4743 8652 431 6151
8369 7336 8303 6806 8156 7893 4603 1051 7007 485 2148 252 8401 7361 3334 875 8644 7173 4622 1615 4252 5776 5780 5514 8270 4508 9522 1943 9905 4179 1484 5245 5078 2501 0 901 3635 4202 5162 7827 1562 9457 1195 5953 7751 9207 8915 881 5168 4470
5030 5450 8075 1597 4122 1333 7000 6092 9849 4503 5390 8850 6323 9949 4472 8693 2796 7395 6895 571 3897 8983 1748 5994 7157 88 4850 7800 5352 214 6231 3569 9398 5403 901 0 4155 4470 6201 2700 1778 8428 7136 1646 8441 5582 3467 5256 8572 5458
9059 4268 7821 3919 9869 1978 6838 1641 7961 2144 928 6260 6247 4117 8180 124 5210 6500 7131 5312 9783 2358 7741 4204 2545 3643 6563 113 8005 1373 2697 4513 3079 8775 3635 4155 0 2688 7594 5492 660 6004 309 2702 7343 98 4222 9636 8850 5597
9306 4615 8442 5023 8301 6752 6111 49 5773 260 3979 8580 2704 2233 3980 3542 8040 4558 4607 1164 4555 9606 6767 5555 437 4642 1842 8591 8541 7929 5809 8100 786 1350 4202 4470 2688 0 9247 2298 895 4620 358 9012 9759 7783 5156 9643 3605 5361
3529 2312 21 2739 9423 8092 479 4212 2697 2044 1697 4461 2968 2176 6342 2297 2638 8029 3999 2256 7362 9836 6045 5886 3478 9544 3240 9929 5678 2578 2946 3539 9395 432 5162 6201 7594 9247 0 2991 2178 2068 3224 9222 6627 8234 9769 2746 4146 1681
9417 6551 8279 8191 2004 5847 6752 3873 4824 406 2407 3013 3291 5213 3525 1411 2030 4490 7485 7435 2475 2582 3687 1844 3960 2667 8896 153 6366 5351 1503 6681 2128 5810 7827 2700 5492 2298 2991 0 3597 9702 6953 2333 3907 6841 5464 2573 7805 3507
1515 4487 7468 8660 8111 8277 2605 747 8095 1096 7172 6535 409 9598 3684 8172 819 8363 7415 2652 9988 8204 2213 1023 4387 4587 4473 6944 622 2770 5844 7971 5914 936 1562 1778 660 895 2178 3597 0 6722 6747 4577 7250 9636 1477 9625 1183 7067
5375 7663 1868 1428 3278 5769 8892 5009 5297 6437 8730 3364 3805 9748 5097 7017 5238 1942 8652 874 5723 8833 8124 8177 4200 4856 4946 1746 9903 7226 5477 3664 1403 1291 9457 8428 6004 4620 2068 9702 6722 0 8342 8164 9431 3818 3467 95 417 8247
1984 9816 9855 7669 4599 5454 7141 3350 1334 9842 9035 7719 8429 1235 438 2547 9398 3868 5478 5911 7838 4848 581 9859 5185 3735 8190 2425 5018 5213 8886 1531 826 5453 1195 7136 309 358 3224 6953 6747 8342 0 7432 9169 8591 1171 3413 6354 5973
1209 335 3890 6033 3507 1150 6463 8964 1050 3162 3079 9589 1444 371 3355 9311 8529 7566 3499 8997 6410 265 1926 1911 2147 6911 4340 6836 2893 6944 9496 3242 8520 7466 5953 1646 2702 9012 9222 2333 4577 8164 7432 0 5195 9612 8076 2760 4691 7139
8954 684 331 8089 4223 6004 1529 2135 7505 3929 2424 7211 6010 956 4676 4558 3731 220 2746 5767 1094 3265 2276 8519 9098 9618 6935 6731 7906 2511 5857 3714 1017 9978 7751 8441 7343 9759 6627 3907 7250 9431 9169 5195 0 6095 4756 1645 1300 184
4163 9580 4821 1320 9637 6775 6933 8383 1385 4843 1306 4117 6257 4759 2718 1401 4323 6500 2608 1672 8731 551 2484 5542 9890 7302 3127 3959 4233 2007 9930 433 9594 3782 9207 5582 98 7783 8234 6841 9636 3818 8591 9612 6095 0 8936 6493 6755 4972
7698 5005 5642 8645 1738 5808 7884 4369 6990 4255 2095 4090 8471 23 1804 7872 1895 752 1013 2957 1717 7045 9310 2665 8539 4020 256 2514 2575 6189 6136 9212 5414 4743 8915 3467 4222 5156 9769 5464 1477 3467 1171 8076 4756 8936 0 3938 6478 1202
2772 7681 8521 2387 44 9342 208 5940 9384 6226 3177 7825 8889 293 3009 2804 8723 2734 5767 9175 7900 9808 7452 8525 8806 7508 4362 6783 4325 6151 5016 1532 6547 8652 881 5256 9636 9643 2746 2573 9625 95 3413 2760 1645 6493 3938 0 1358 280
1044 1723 9275 4419 3952 5465 1987 6348 2730 484 2509 2774 5535 2868 6721 5141 5996 1699 5368 8961 194 4802 2917 1104 6707 2922 2834 2274 8308 4057 5082 1159 5677 431 5168 8572 8850 3605 4146 7805 1183 417 6354 4691 1300 6755 6478 1358 0 2625
5948 2590 9563 954 6326 9493 7748 8433 9052 9125 1175 4273 1943 3828 7552 300 3382 5802 4539 8713 4242 1104 6461 1459 5162 1024 991 9035 4791 9994 7570 3109 9080 6151 4470 5458 5597 5361 1681 3507 7067 8247 5973 7139 184 4972 1202 280 2625 0
