100
0 9881 8922 6838 200 3634 5598 3147 8567 5370 4068 8351 3971 9593 760 3336 9669 3377 951 9240 589 2752 4612 5039 6240 7698 2213 4053 4363 4498 967 941 2749 891 7513 1220 3459 3018 4748 1534 2245 4624 3731 2207 9181 2888 1037 9989 8597 6527 7344 8296 3581 8281 1163 7270 9328 5781 347 1454 4888 37 7554 8493 3509 9061 818 2400 6689 4356 4686 8830 424 1151 7923 9418 6257 70 700 6271 7677 3777 5450 5763 6704 1466 9419 9931 8933 8108 9569 5223 4201 7113 3320 7761 8429 8199 4456 5214
9881 0 6452 2028 2850 9453 1054 4949 5527 5947 6357 1968 9078 2746 1512 3259 8450 5749 5511 9267 4005 3803 9976 1578 3143 8009 4947 8719 1499 5179 6974 3855 1359 9490 841 4123 1465 1002 5016 4180 9029 8247 6143 3625 3954 9822 7754 9837 2592 6483 9268 5882 9474 850 6658 1299 9721 4886 1333 7029 3441 6707 8714 5924 6871 3608 6254 170 6553 6575 6762 3087 2443 5771 4443 4699 4742 5064 8003 3770 7984 5539 794 1461 1352 6788 8123 7454 2987 6948 202 5145 7515 4081 6582 1798 5561 3632 4755 3588
8922 6452 0 7457 8996 893 4738 3525 4529 513 8422 5458 7257 6021 7280 1611 3933 2499 7048 8265 9875 5675 5554 6974 7527 8915 3486 5851 3965 5764 6340 5074 6121 9220 2645 6098 5334 3330 1671 701 4062 4940 7981 5075 3473 1675 515 7120 5134 2464 7955 7304 8333 5220 2426 7677 7 1435 3883 1253 6039 4084 8872 6376 8111 2267 5504 8832 2879 2276 547 9206 372 2600 4750 4018 6250 2278 2034 4848 956 2815 3747 8945 7424 7836 4124 4885 1753 9937 3448 139 9992 2879 4663 6175 814 8491 9130 6847
6838 2028 7457 0 2880 7922 8310 5465 2400 2531 5773 9336 3341 23 9865 2238 3751 1647 7835 1828 1331 4364 1745 1803 1984 8473 837 2870 5254 7729 5582 2072 1686 3635 2549 1009 9776 8409 4557 3359 5334 137 2381 5111 4947 9018 181 336 8347 5192 7441 6321 6005 4542 5799 2407 3804 2579 6293 6761 4065 8775 1761 1276 1330 5379 7818 9034 7216 2774 3533 4831 6209 796 8518 2196 5741 3881 3226 8950 1520 6832 6431 5487 1148 871 2408 404 5675 6519 335 7928 8107 8882 2866 1911 6183 3632 6206 5559
200 2850 8996 2880 0 9920 3617 4539 3338 3133 8653 9012 8506 3237 8474 4634 2927 3450 9757 3425 1375 9328 6677 4380 8022 5060 4812 7646 9645 2829 4797 6897 3477 1472 6523 8549 8354 5182 8700 9683 2085 7084 3090 8465 9457 1568 6094 6689 8993 2126 5333 8099 326 4981 5023 6850 904 477 3141 4514 6130 9670 5926 7971 5504 9847 8398 1644 256 153 6172 1399 2556 3047 3492 6775 5264 5217 2807 5168 6948 3971 6787 5911 4400 6118 9185 9596 8441 8937 1347 8021 6670 251 8447 990 3240 3616 9660 7324
3634 9453 893 7922 9920 0 9828 7412 5757 2928 597 3420 3585 8786 3759 2646 464 9646 8042 4115 4918 5140 4215 8423 6903 8628 1630 6949 7787 7863 8207 1616 8072 7129 6979 582 3520 6368 8974 8435 7582 9517 1341 1527 7836 7088 9292 4852 1302 6801 135 6320 1588 1463 4474 5254 5441 8927 7484 8950 6919 9610 3666 4673 8109 1240 414 9610 463 2389 6585 211 5827 238 3472 853 3058 6613 1028 6966 2422 9500 8888 3471 2665 6090 6448 5717 5310 1572 3594 835 638 9641 942 6686 8544 7936 4425 8777
5598 1054 4738 8310 3617 9828 0 1554 2122 1886 4806 9266 4073 3877 5328 52 885 3735 8024 6897 5652 2674 9330 9023 7779 4340 676 5260 612 5406 3748 8970 48 9187 6603 1763 1323 996 7702 2980 5598 7942 4144 6543 3254 3987 7551 791 9783 2800 5387 7048 8230 4836 2789 2238 220 4231 2009 2085 2255 6644 7466 4571 6215 7455 9697 3741 476 9798 2235 4754 6646 6009 7151 2409 2229 1342 2539 1166 6016 4934 3613 5272 7056 7841 1544 5695 1722 8533 9433 5573 2790 9974 938 911 7492 570 2345 4082
3147 4949 3525 5465 4539 7412 1554 0 5828 927 6559 5730 8109 3791 9082 1908 1988 919 2370 6721 5399 2360 9363 4763 5515 6450 8350 7091 8590 7594 6865 3179 5587 8295 2266 1594 159 7754 3227 3772 1308 7276 9002 8085 9149 5719 2698 6504 3458 9951 7808 4408 4068 8365 9452 942 8774 2634 5610 8381 2558 9573 3288 7589 4786 6439 9407 2520 3668 5523 6952 8066 4122 3719 7607 893 5073 4899 5408 5489 8894 4430 771 960 9323 3602 4791 873 43 5665 3651 4496 3755 7397 4239 454 4813 7826 1574 4724
8567 5527 4529 2400 3338 5757 2122 5828 0 7263 4023 5808 8388 8726 5451 7984 3169 3096 4359 8386 8077 1655 9018 9120 9971 2683 4916 9485 3456 3789 8497 1801 4629 8222 1642 1944 4927 555 7260 1378 9610 8281 2611 975 5598 7123 3662 7054 5968 3581 2719 5329 7661 3658 6808 8291 5969 4376 2298 8029 7405 2090 9204 7992 5952 2578 1532 9968 4625 3948 980 4768 5720 8719 6628 4271 2528 2621 4679 5470 874 9686 839 5151 7751 1327 3198 3187 8790 7086 3120 6300 9357 1710 5703 4954 2722 1259 1295 2655
5370 5947 513 2531 3133 2928 1886 927 7263 0 9098 6849 3610 7399 1865 1683 6636 8182 3823 587 6971 5107 4727 1853 6752 7644 5167 4704 7053 2391 7786 6512 8581 6641 2168 1723 3894 9115 8454 8193 7257 229 5155 3321 1867 561 2363 43 591 9856 3750 548 2560 6512 4276 5072 8821 2620 8996 1928 4736 6758 5937 3661 996 5147 5565 2189 5330 7572 5127 8278 2665 4101 6302 547 4514 4807 974 8340 4678 9037 9929 3272 7251 8173 9685 907 573 7477 2844 5977 6934 1824 4122 5161 9978 9562 8204 8487
4068 6357 8422 5773 8653 597 4806 6559 4023 9098 0 2031 3716 1628 5039 9998 2766 8404 2913 9840 5254 7750 5449 7865 5384 3262 5216 2483 7454 2308 2940 1291 5460 682 3297 1159 360 1342 7517 7632 4313 2204 1807 5918 4195 4010 5817 9519 1626 4600 3325 171 5706 8556 4367 4644 189 9633 271 6088 9384 4349 2975 8348 8298 3230 4561 3277 5381 6976 1773 3865 6212 5241 8958 101 6578 1193 1964 8287 9045 5827 9320 3081 7302 8485 599 63 903 4041 8085 957 6025 8921 2363 2414 1760 1284 8883 6590
8351 1968 5458 9336 9012 3420 9266 5730 5808 6849 2031 0 2299 2449 7834 6333 3863 8751 6856 4176 6914 8978 5964 7192 2614 8429 4558 9404 7113 602 4133 5623 3252 7636 2631 8795 4819 9317 487 2820 7914 6049 6993 7011 3088 7209 8678 8231 9978 7035 3245 5052 9024 1946 2729 774 5472 2092 5814 1695 337 2751 5583 1057 883 9345 3886 5570 6862 5673 9120 2611 2215 109 8975 5235 8371 3677 6466 2144 9466 2724 5598 5758 5164 9292 8677 5444 3313 4079 598 1602 2943 860 4886 8008 8920 1470 3153 557
3971 9078 7257 3341 8506 3585 4073 8109 8388 3610 3716 2299 0 4592 4460 2175 807 1521 1634 2819 9649 6847 2957 6453 9114 9371 3660 7814 9223 9393 1310 4116 8961 7967 9622 4018 2645 8785 322 5852 1946 4410 247 4192 5928 3809 2860 9629 1266 7441 9614 1082 7213 3919 6107 5659 4743 5276 2084 8746 5028 5181 8019 4169 3574 9543 195 6918 7833 5856 6436 5747 3354 1458 5919 5666 1516 6062 2744 2840 7080 1718 3659 5540 6384 3323 479 3451 7190 2648 1634 3074 9353 9929 7033 5912 7893 7065 4880 9131
9593 2746 6021 23 3237 8786 3877 3791 8726 7399 1628 2449 4592 0 5504 7844 86 4731 9613 9187 1843 3226 8882 1569 9425 7398 5489 2070 2866 5288 3687 3591 9876 2615 5801 8093 2149 519 7917 1102 701 1581 44 4629 3756 4488 3180 3759 8445 7159 2383 2226 3896 299 4747 4082 1134 6918 930 4629 9567 5065 2630 2216 7815 3145 7861 7205 935 2378 8099 5695 31 5360 185 2930 3621 1229 5152 8212 2759 9459 2295 4563 4157 303 7027 5498 5097 5494 5879 574 5675 387 1324 4793 2343 8884 9396 8498
760 1512 7280 9865 8474 3759 5328 9082 5451 1865 5039 7834 4460 5504 0 1631 9995 4833 1021 1022 6673 7814 8260 4926 5543 205 2090 3440 9583 4253 1908 3290 2507 8375 4965 4961 1948 2755 6945 3257 8167 6932 5475 5200 6444 8540 8048 7043 7695 4919 4615 1456 7877 8061 6188 5211 9086 4534 2103 1099 3203 7273 1344 3300 3665 2064 7566 168 4789 3142 7196 3766 147 4983 4652 7601 8639 3697 1917 3526 1895 6478 8866 6116 5228 3841 8285 4808 3859 7969 75 5849 6082 2460 8032 7351 7756 3778 2829 4741
3336 3259 1611 2238 4634 2646 52 1908 7984 1683 9998 6333 2175 7844 1631 0 3427 6254 9325 7745 1985 4619 5007 6305 9396 3981 6201 9901 8543 9075 8946 374 4015 4311 449 7021 9526 686 1056 1126 2289 7076 3007 8876 9508 3426 2947 1401 4636 6453 5093 783 7237 5181 9799 7630 3906 9251 1171 2005 9669 4674 9123 1701 2606 6254 2131 4046 7169 9058 9948 1375 7506 9958 8170 2756 6526 1591 4313 4044 9647 4379 5553 2365 4037 6958 1300 1249 7537 2887 3713 8759 7046 1595 1012 4070 7179 9193 6896 9878
9669 8450 3933 3751 2927 464 885 1988 3169 6636 2766 3863 807 86 9995 3427 0 4860 5280 9682 7727 9102 1114 6188 3992 5387 3134 9402 1332 2941 1810 4936 3919 4494 5028 636 707 2019 704 9503 2997 2260 1671 379 6895 7094 7827 8577 5176 7970 9918 5116 6071 3491 8676 6181 1334 5134 969 5731 1263 8880 8509 1384 4952 4837 4962 3483 5762 9810 4371 336 4584 1030 6532 6905 2902 6386 5997 1816 1625 1821 2658 720 6692 4142 8841 7256 664 2470 5926 7679 9593 3347 925 738 1228 616 7044 8263
3377 5749 2499 1647 3450 9646 3735 919 3096 8182 8404 8751 1521 4731 4833 6254 4860 0 3353 9844 7335 1604 9268 249 4111 9387 326 6542 2837 7212 1121 1242 3715 9512 9969 574 3420 1149 5709 6245 4549 8784 2483 2750 9044 9678 8024 2906 1054 347 6623 1648 3426 8179 796 1255 983 8665 9313 8966 5287 9085 5336 6835 2954 9003 8416 2483 6624 6083 8609 611 9504 6509 6428 9933 3239 2775 9878 9914 6851 9779 9737 554 8171 1360 9003 2409 2169 2494 5884 8876 6088 8293 1210 1471 6948 1708 8903 7356
951 5511 7048 7835 9757 8042 8024 2370 4359 3823 2913 6856 1634 9613 1021 9325 5280 3353 0 1218 1473 2771 1221 703 3316 5393 3165 3691 1840 6441 2550 9112 8135 9345 3084 9056 8705 4574 6238 9486 828 3847 3309 3603 8123 8753 41 5669 5158 7924 3884 1756 5074 8808 5180 7999 1210 3095 7221 3737 3446 7754 1765 2714 5446 6873 9258 3848 3128 1258 8832 404 6137 3779 8668 5540 1548 6122 8032 7998 8788 5821 142 20 5401 4390 3938 7227 8130 9355 6597 4049 2431 525 9778 7750 4581 2124 3626 5594
9240 9267 8265 1828 3425 4115 6897 6721 8386 587 9840 4176 2819 9187 1022 7745 9682 9844 1218 0 7473 2529 8644 5024 9346 6036 8903 225 5980 5802 4144 7817 6823 5121 9132 38 9874 9079 9754 8553 9816 2320 9415 2300 6621 9953 9047 4180 3545 9331 8613 2994 177 6551 8702 5259 5301 7602 4422 4927 2001 247 6001 1899 8266 8819 9883 28 9071 89 5639 4527 3611 4605 7595 3970 5747 9430 3073 2905 4986 1396 3060 5607 7563 5061 2934 7227 7555 8639 2954 5175 1835 7812 7613 2995 646 7200 8918 7604
589 4005 9875 1331 1375 4918 5652 5399 8077 6971 5254 6914 9649 1843 6673 1985 7727 7335 1473 7473 0 8282 4668 8366 4155 7178 1813 9489 6910 6593 5808 7947 2629 2496 5957 4702 1670 4656 5967 5640 4441 9656 6672 4284 6509 4969 8362 2756 9457 7720 2242 6479 6351 6471 6595 8422 1507 1631 9204 4106 2392 3700 6896 9734 1851 5535 908 7830 857 1876 6779 7090 2520 1092 4845 6607 9782 1417 4651 7643 2064 8111 9028 551 7136 4889 5391 6021 1381 2742 1225 9066 4013 9768 4533 8319 8041 4009 4629 7960
2752 3803 5675 4364 9328 5140 2674 2360 1655 5107 7750 8978 6847 3226 7814 4619 9102 1604 2771 2529 8282 0 4031 3289 3004 4602 2062 5175 8648 2670 6870 541 1809 172 767 2650 2262 8519 3207 9991 1148 651 5388 9447 187 130 7160 1624 5027 789 1169 6206 5162 1985 1386 6437 3387 7156 3624 7135 5432 8421 4418 843 2302 3784 3112 5193 9562 8238 9063 5577 454 7746 582 1328 8833 7845 3048 3292 5093 7527 3926 8246 5408 8555 3823 4215 3031 5904 1021 7225 3441 5792 7788 4888 5080 6842 6477 9859
4612 9976 5554 1745 6677 4215 9330 9363 9018 4727 5449 5964 2957 8882 8260 5007 1114 9268 1221 8644 4668 4031 0 8020 8762 9596 3863 7915 4052 4145 9968 8009 2787 1643 4458 8611 6606 3041 1198 3458 5465 890 5025 9712 5898 2192 6742 9603 205 514 7471 1541 3704 8042 8161 5210 5659 3740 5389 679 9640 1937 6305 320 9437 7910 1450 5180 169 8013 5735 140 1252 4918 9488 2504 190 2238 3254 5375 2288 4755 2355 6054 7459 5356 4754 6778 3196 5551 6607 4551 4374 8633 2402 2716 4685 6561 3186 7824
5039 1578 6974 1803 4380 8423 9023 4763 9120 1853 7865 7192 6453 1569 4926 6305 6188 249 703 5024 8366 3289 8020 0 4229 6490 3475 8989 1600 2228 8252 2812 4128 1245 9415 483 7520 8259 473 9138 3253 4772 3973 2132 1557 8155 4319 173 273 5711 7652 7475 8285 2009 1013 2834 8611 7732 7171 1044 4808 1016 1488 8605 1433 1002 7128 1276 6370 6524 1906 9088 8299 3035 8588 9163 8574 1129 5860 5713 2016 7015 5639 2342 4176 6603 1380 6781 1170 9398 5957 4235 4115 9593 9771 1413 8349 1121 640 9453
6240 3143 7527 1984 8022 6903 7779 5515 9971 6752 5384 2614 9114 9425 5543 9396 3992 4111 3316 9346 4155 3004 8762 4229 0 260 4281 1519 3393 8158 159 7551 773 544 9761 7460 5443 3009 2032 7166 5335 4408 4357 5907 79 1666 3704 7605 4161 9618 2886 7463 2158 6600 4003 2014 1095 9393 7838 8607 9933 8170 5128 3305 9571 3221 3228 3426 107 976 3114 9145 5704 1554 2464 5337 9239 1484 5978 1761 7946 5979 5651 7608 6638 4844 118 9180 1672 3575 4207 636 7704 4427 8216 5870 4228 2241 4418 2475
7698 8009 8915 8473 5060 8628 4340 6450 2683 7644 3262 8429 9371 7398 205 3981 5387 9387 5393 6036 7178 4602 9596 6490 260 0 3428 9723 5364 3200 6792 8165 8405 7355 3739 9951 2032 5877 7639 3054 977 4496 2918 8851 5490 4081 6797 2415 8655 68 373 3889 9253 8463 88 2483 4963 9192 1122 6680 5217 4212 763 9871 8309 1324 250 6440 1133 123 8927 653 101 9772 3300 872 2660 1450 1896 3434 7726 2763 4669 8880 8835 4927 7739 1929 4512 5476 2660 641 6619 9696 2310 3228 2080 1847 7902 9560
2213 4947 3486 837 4812 1630 676 8350 4916 5167 5216 4558 3660 5489 2090 6201 3134 326 3165 8903 1813 2062 3863 3475 4281 3428 0 1754 8330 9254 9037 5094 4724 2726 1660 2480 8705 7530 3967 3690 3926 2879 2194 5573 577 8230 477 4105 9164 4076 6421 8678 4446 2744 8468 9227 4911 5587 700 2667 1474 926 3380 5064 8904 95 6073 239 8284 8380 1278 7756 212 6790 6986 3332 4157 5718 4336 8520 5123 4852 1876 4126 5414 9113 1484 7958 1411 1400 5799 2972 3934 7455 7027 8266 6560 7728 392 471
4053 8719 5851 2870 7646 6949 5260 7091 9485 4704 2483 9404 7814 2070 3440 9901 9402 6542 3691 225 9489 5175 7915 8989 1519 9723 1754 0 5232 7685 3276 1950 7717 6174 2732 8068 6634 9189 2864 5639 3327 5778 701 2747 8618 3765 291 4548 3383 9047 3547 7210 5766 4665 4219 265 3030 8062 6653 2396 1686 8563 5367 5689 8359 5940 4998 3392 987 1262 3350 2110 3489 9820 5678 1048 7109 7210 8029 305 9477 2876 6261 5453 9815 2426 813 8949 7642 9103 1613 7268 3075 9364 1328 7136 7744 747 4391 7412
4363 1499 3965 5254 9645 7787 612 8590 3456 7053 7454 7113 9223 2866 9583 8543 1332 2837 1840 5980 6910 8648 4052 1600 3393 5364 8330 5232 0 5014 6514 3547 6853 978 8674 8925 8103 9757 9076 6465 2694 3001 9996 5856 1694 9822 751 2049 9088 5106 6061 2900 652 1095 2725 6119 2490 7889 4234 8727 2987 9420 9400 8623 7102 1046 9951 4966 7235 6806 6246 6420 6522 9802 446 9204 7570 3821 2263 8419 4139 9919 9800 1754 8248 9312 7825 8612 1609 1085 4780 1140 7608 425 9134 6197 8157 5463 4634 5484
4498 5179 5764 7729 2829 7863 5406 7594 3789 2391 2308 602 9393 5288 4253 9075 2941 7212 6441 5802 6593 2670 4145 2228 8158 3200 9254 7685 5014 0 659 6238 9368 3172 4774 1001 2953 7739 6563 7815 2764 3335 7863 1568 5887 741 8280 8809 3826 884 8834 189 1946 8018 5396 341 7378 1722 9293 3236 4207 6089 1766 1072 5783 9263 4437 8939 144 1292 7667 5317 5196 8575 7384 3394 9883 5251 4860 4906 2890 2922 984 3251 9152 6807 7862 2058 7900 2718 3586 9397 2079 3266 543 7272 5353 2180 8065 8277
967 6974 6340 5582 4797 8207 3748 6865 8497 7786 2940 4133 1310 3687 1908 8946 1810 1121 2550 4144 5808 6870 9968 8252 159 6792 9037 3276 6514 659 0 6185 7925 5586 7500 8535 5439 2991 3675 1858 4568 6730 7868 1376 1419 3279 8843 3850 4609 2412 441 4445 5609 2728 371 9641 7495 2085 7736 7498 393 6240 8760 1484 6836 1723 2070 5080 6846 9938 8478 680 84 5955 1189 256 2687 3221 3801 918 6469 1196 8021 808 1829 4243 544 1423 6069 5606 843 7414 2274 4958 7563 74 4019 3312 419 4715
941 3855 5074 2072 6897 1616 8970 3179 1801 6512 1291 5623 4116 3591 3290 374 4936 1242 9112 7817 7947 541 8009 2812 7551 8165 5094 1950 3547 6238 6185 0 7204 2149 6181 4349 4019 921 4866 1858 6204 291 2786 2687 6513 9912 2167 6381 6186 668 1528 9851 6556 8540 8505 2342 71 4394 9790 6650 9401 7781 800 4471 6959 1296 8800 390 485 3904 2542 8637 352 344 1417 9555 9808 9886 5132 6979 4054 8109 3009 8845 8343 140 7434 7836 1065 7550 6416 9252 5502 525 9721 9116 5764 2214 1952 4424
2749 1359 6121 1686 3477 8072 48 5587 4629 8581 5460 3252 8961 9876 2507 4015 3919 3715 8135 6823 2629 1809 2787 4128 773 8405 4724 7717 6853 9368 7925 7204 0 187 7707 8551 7450 7882 8957 3772 4879 4826 8254 2155 1918 3774 9345 5826 4275 2098 9708 3168 9453 3007 2150 3587 2884 5110 4602 1751 2785 8735 727 133 6305 6583 9871 2626 864 2073 3671 4758 3438 3663 8835 1618 7437 3603 2756 9435 1835 435 605 1513 2067 6834 8504 9719 2226 5873 1621 1438 2382 3601 3508 4053 4878 4682 2520 6098
891 9490 9220 3635 1472 7129 9187 8295 8222 6641 682 7636 7967 2615 8375 4311 4494 9512 9345 5121 2496 172 1643 1245 544 7355 2726 6174 978 3172 5586 2149 187 0 7084 4344 6298 5650 7286 4947 3125 5752 4654 110 9877 3345 1599 6069 357 3700 9910 7132 8102 1757 7078 5592 387 6113 558 2619 4227 3135 622 2633 4123 1351 5509 6805 2062 8739 4648 2497 5324 654 7164 8430 5169 8238 8555 7266 6930 5082 8580 6029 8135 8483 2819 128 9838 1917 5781 8816 1695 8773 4492 1523 1750 8101 3571 2067
7513 841 2645 2549 6523 6979 6603 2266 1642 2168 3297 2631 9622 5801 4965 449 5028 9969 3084 9132 5957 767 4458 9415 9761 3739 1660 2732 8674 4774 7500 6181 7707 7084 0 433 6173 6403 7164 8301 6103 7959 4633 1543 124 6518 1625 6001 9410 9063 7889 5132 9706 8507 5122 9045 5025 273 3184 2536 7179 8835 8695 5403 8885 5509 3456 8947 1035 836 1813 1991 7885 151 220 3272 7510 3606 6609 3069 5351 3810 9075 9032 7996 3638 6765 6440 2003 8030 9763 1185 1648 9791 5233 4456 2056 3961 9394 5695
1220 4123 6098 1009 8549 582 1763 1594 1944 1723 1159 8795 4018 8093 4961 7021 636 574 9056 38 4702 2650 8611 483 7460 9951 2480 8068 8925 1001 8535 4349 8551 4344 433 0 3894 9871 3994 8770 4411 87 3303 5154 1660 8922 6672 983 2216 7812 8852 7163 7780 8288 4771 4154 6310 5860 4981 4152 1245 6640 5139 8667 2228 3406 5748 871 9978 1757 981 8032 349 8309 3790 7856 2848 9710 741 3080 115 6076 6086 8684 9410 1985 8352 2438 5743 3657 6888 2616 6869 1732 932 2621 804 9164 651 5575
3459 1465 5334 9776 8354 3520 1323 159 4927 3894 360 4819 2645 2149 1948 9526 707 3420 8705 9874 1670 2262 6606 7520 5443 2032 8705 6634 8103 2953 5439 4019 7450 6298 6173 3894 0 1629 1240 5835 3492 8023 275 2214 1705 2380 1171 9594 296 247 760 1500 1984 6582 4767 4148 3839 9650 7024 3927 5291 6074 7273 4948 824 6661 6437 6078 1048 2406 2754 8988 2383 3246 202 7061 8969 865 2852 3600 5951 3587 522 8214 8708 3053 2678 5757 6019 3290 6903 2333 9673 3192 8810 9049 5755 7885 7247 4415
3018 1002 3330 8409 5182 6368 996 7754 555 9115 1342 9317 8785 519 2755 686 2019 1149 4574 9079 4656 8519 3041 8259 3009 5877 7530 9189 9757 7739 2991 921 7882 5650 6403 9871 1629 0 5730 5633 2125 8857 3823 2299 4353 3333 3476 6119 1963 1873 178 8255 4970 4329 8209 7101 7037 1552 9717 4733 580 2841 4907 5721 7819 5375 3683 1437 6557 8280 9119 5673 120 9266 1001 5610 7950 8211 8610 488 1951 9666 9506 4457 6229 5726 2420 6614 7980 3458 6746 5238 9940 3274 716 6791 8353 2028 3066 5654
4748 5016 1671 4557 8700 8974 7702 3227 7260 8454 7517 487 322 7917 6945 1056 704 5709 6238 9754 5967 3207 1198 473 2032 7639 3967 2864 9076 6563 3675 4866 8957 7286 7164 3994 1240 5730 0 9337 2367 2029 5028 503 5756 5641 2760 4135 2127 231 4484 5100 4753 5445 6927 8482 6562 4736 5657 9118 258 2813 2591 7164 4463 3186 9508 3498 1577 7109 7574 3978 8014 1961 741 6789 8076 7937 1376 3417 3996 687 6011 6084 7855 5598 3390 4911 4653 4566 3518 7243 543 9018 2515 561 1579 9935 5463 7489
1534 4180 701 3359 9683 8435 2980 3772 1378 8193 7632 2820 5852 1102 3257 1126 9503 6245 9486 8553 5640 9991 3458 9138 7166 3054 3690 5639 6465 7815 1858 1858 3772 4947 8301 8770 5835 5633 9337 0 9633 399 3189 3739 4928 65 6296 1544 890 4884 945 8021 1846 4398 6 7199 4271 3761 4843 7222 2939 9041 8407 8921 5463 9513 9215 2955 8230 6154 2356 2622 1380 5363 263 7355 6937 6334 1154 1902 3786 9060 6691 4526 8071 5475 8941 1610 7169 604 9522 1229 4345 9188 2474 9826 7980 4613 1993 7691
2245 9029 4062 5334 2085 7582 5598 1308 9610 7257 4313 7914 1946 701 8167 2289 2997 4549 828 9816 4441 1148 5465 3253 5335 977 3926 3327 2694 2764 4568 6204 4879 3125 6103 4411 3492 2125 2367 9633 0 4709 6974 5520 8767 8677 4425 6974 9469 1339 2255 4758 569 763 8656 8268 8479 653 4218 2188 1230 4354 5491 7734 6726 3777 9773 1521 4353 5155 2320 9140 5763 1809 3723 5025 7916 4413 1037 9393 9878 3298 6047 2637 6226 5987 4869 4522 793 5702 6167 2910 6446 7517 510 8254 8405 2883 6814 3801
4624 8247 4940 137 7084 9517 7942 7276 8281 229 2204 6049 4410 1581 6932 7076 2260 8784 3847 2320 9656 651 890 4772 4408 4496 2879 5778 3001 3335 6730 291 4826 5752 7959 87 8023 8857 2029 399 4709 0 8421 5812 593 3153 2664 854 384 1712 5058 5187 9840 7181 4564 9401 1155 7747 8608 8472 6455 2098 1451 3813 4195 2539 2511 1181 5177 4956 4364 4262 3239 8974 6547 4140 3956 3552 6338 9415 6013 3824 6261 6551 2801 8 2457 4883 1900 8288 4510 2695 3794 30 1217 5708 7077 1468 3086 4363
3731 6143 7981 2381 3090 1341 4144 9002 2611 5155 1807 6993 247 44 5475 3007 1671 2483 3309 9415 6672 5388 5025 3973 4357 2918 2194 701 9996 7863 7868 2786 8254 4654 4633 3303 275 3823 5028 3189 6974 8421 0 2655 7422 1130 4998 8894 8112 4446 8826 1185 6799 2483 3671 1033 2191 7786 4992 5234 2472 3112 7163 4263 3218 6453 3378 3823 7959 2871 7792 1305 2996 6115 5638 6491 966 5150 3510 2126 1803 5237 5518 4249 49 6493 6489 251 6534 2113 6781 2138 572 7298 7628 6776 2989 1332 9271 3638
2207 3625 5075 5111 8465 1527 6543 8085 975 3321 5918 7011 4192 4629 5200 8876 379 2750 3603 2300 4284 9447 9712 2132 5907 8851 5573 2747 5856 1568 1376 2687 2155 110 1543 5154 2214 2299 503 3739 5520 5812 2655 0 6306 5043 43 1643 5280 8187 8052 3405 3931 4291 2417 8915 6751 4988 9821 3476 5820 1603 8834 3958 2086 4588 4536 3129 6579 9156 2679 7881 3437 2288 725 5363 4110 6933 9386 1653 5294 9974 2986 8971 4583 5550 1847 9253 3974 1377 8273 5629 3373 3546 2517 6398 7728 804 8150 903
9181 3954 3473 4947 9457 7836 3254 9149 5598 1867 4195 3088 5928 3756 6444 9508 6895 9044 8123 6621 6509 187 5898 1557 79 5490 577 8618 1694 5887 1419 6513 1918 9877 124 1660 1705 4353 5756 4928 8767 593 7422 6306 0 9078 7779 181 9511 1215 4228 2686 2132 6948 7311 6192 3813 9271 4061 5454 7307 8134 7429 487 2660 3540 7744 3990 6514 6053 4982 4965 8933 3465 8380 9253 2813 5984 4136 4447 4402 241 2256 858 4362 281 7377 1488 4011 9 5178 1589 9222 9854 6484 1285 8582 9136 925 6939
2888 9822 1675 9018 1568 7088 3987 5719 7123 561 4010 7209 3809 4488 8540 3426 7094 9678 8753 9953 4969 130 2192 8155 1666 4081 8230 3765 9822 741 3279 9912 3774 3345 6518 8922 2380 3333 5641 65 8677 3153 1130 5043 9078 0 6866 2391 5869 5269 5735 7974 4894 3066 4979 9216 9302 5360 2823 2325 8950 9111 489 4640 3984 6771 9073 642 4711 481 2742 8274 8564 2065 1168 1466 3097 9020 2777 6738 5306 2328 8923 6351 4153 9899 7924 5885 883 2867 3627 7472 9026 1041 1062 525 5502 5713 2566 2566
1037 7754 515 181 6094 9292 7551 2698 3662 2363 5817 8678 2860 3180 8048 2947 7827 8024 41 9047 8362 7160 6742 4319 3704 6797 477 291 751 8280 8843 2167 9345 1599 1625 6672 1171 3476 2760 6296 4425 2664 4998 43 7779 6866 0 5750 9946 3437 7128 1080 3880 739 215 2171 2113 8725 9311 1157 376 3933 6142 1730 4525 7160 1362 5536 4013 2194 2376 1932 9791 7211 2102 5244 8978 2121 2557 546 2329 6976 7979 5901 436 352 6821 6104 4345 8140 9200 2481 3437 1972 7893 9871 4804 3543 6840 4868
9989 9837 7120 336 6689 4852 791 6504 7054 43 9519 8231 9629 3759 7043 1401 8577 2906 5669 4180 2756 1624 9603 173 7605 2415 4105 4548 2049 8809 3850 6381 5826 6069 6001 983 9594 6119 4135 1544 6974 854 8894 1643 181 2391 5750 0 7095 2429 8724 587 7626 3687 8783 518 2557 8813 8934 7358 3958 1401 1422 5180 5107 9535 8005 3946 4218 8036 6330 9063 9723 7973 9914 9969 9622 1799 1921 5829 6584 6367 4488 8351 1983 8026 7292 2719 9418 6921 8582 4709 4919 3828 8168 3110 3114 9611 9236 3025
8597 2592 5134 8347 8993 1302 9783 3458 5968 591 1626 9978 1266 8445 7695 4636 5176 1054 5158 3545 9457 5027 205 273 4161 8655 9164 3383 9088 3826 4609 6186 4275 357 9410 2216 296 1963 2127 890 9469 384 8112 5280 9511 5869 9946 7095 0 2058 8633 2664 1283 9387 5434 6916 9261 5182 3589 130 3884 4557 708 6280 6051 3810 4601 624 5776 4147 763 3364 2386 5362 1213 6273 8932 6549 1477 4200 8105 8375 7970 1177 6159 575 300 8015 7444 5520 4928 2064 9338 9372 222 22 9600 5987 9050 8895
6527 6483 2464 5192 2126 6801 2800 9951 3581 9856 4600 7035 7441 7159 4919 6453 7970 347 7924 9331 7720 789 514 5711 9618 68 4076 9047 5106 884 2412 668 2098 3700 9063 7812 247 1873 231 4884 1339 1712 4446 8187 1215 5269 3437 2429 2058 0 9247 8001 9466 6142 2755 8914 7899 4071 9693 6509 5367 9241 874 2366 3773 602 7426 5238 9146 259 5491 3684 38 8481 7728 7212 2993 6475 6270 3169 4492 8292 4871 19 6136 6702 5497 3119 2689 8950 6977 2398 5061 310 7759 8626 2690 8596 5754 2342
7344 9268 7955 7441 5333 135 5387 7808 2719 3750 3325 3245 9614 2383 4615 5093 9918 6623 3884 8613 2242 1169 7471 7652 2886 373 6421 3547 6061 8834 441 1528 9708 9910 7889 8852 760 178 4484 945 2255 5058 8826 8052 4228 5735 7128 8724 8633 9247 0 7905 8937 680 726 8081 2275 8227 7128 6802 8559 8891 6073 3444 8768 3568 460 1159 1101 8651 4878 1363 3218 1049 7464 6221 1969 5473 8262 2423 5019 5623 9559 6293 8865 4102 3887 7295 9452 6720 8372 9758 9784 6187 5639 1956 8727 6646 6234 5351
8296 5882 7304 6321 8099 6320 7048 4408 5329 548 171 5052 1082 2226 1456 783 5116 1648 1756 2994 6479 6206 1541 7475 7463 3889 8678 7210 2900 189 4445 9851 3168 7132 5132 7163 1500 8255 5100 8021 4758 5187 1185 3405 2686 7974 1080 587 2664 8001 7905 0 1429 4139 8272 5477 5483 4566 3201 584 353 1505 5403 3991 5932 7856 4629 5384 4702 8652 3081 4532 6041 8320 7270 1640 5517 6939 9783 4185 2040 8700 6528 4139 4369 775 228 1002 2396 9664 9005 1704 1612 3285 3036 6433 5869 9126 7530 2878
3581 9474 8333 6005 326 1588 8230 4068 7661 2560 5706 9024 7213 3896 7877 7237 6071 3426 5074 177 6351 5162 3704 8285 2158 9253 4446 5766 652 1946 5609 6556 9453 8102 9706 7780 1984 4970 4753 1846 569 9840 6799 3931 2132 4894 3880 7626 1283 9466 8937 1429 0 2233 8793 688 7771 9230 5995 6201 8636 1521 1462 7356 1358 6494 6008 4265 6016 2401 7260 8740 2570 1933 5424 4106 9612 1651 4592 147 2963 221 1394 9360 1058 8944 4738 631 4807 4440 8184 8056 6074 9913 1190 7201 4829 8149 2891 4193
8281 850 5220 4542 4981 1463 4836 8365 3658 6512 8556 1946 3919 299 8061 5181 3491 8179 8808 6551 6471 1985 8042 2009 6600 8463 2744 4665 1095 8018 2728 8540 3007 1757 8507 8288 6582 4329 5445 4398 763 7181 2483 4291 6948 3066 739 3687 9387 6142 680 4139 2233 0 1319 5005 8219 7566 5868 6545 462 8309 5548 8047 6631 6137 2005 3086 2653 5840 4573 1570 4318 4172 5232 3798 2395 4603 8829 3247 2631 9555 8591 4278 916 8652 5189 5871 8805 6005 6186 4676 9345 6941 9725 6715 1529 2464 9175 2400
1163 6658 2426 5799 5023 4474 2789 9452 6808 4276 4367 2729 6107 4747 6188 9799 8676 796 5180 8702 6595 1386 8161 1013 4003 88 8468 4219 2725 5396 371 8505 2150 7078 5122 4771 4767 8209 6927 6 8656 4564 3671 2417 7311 4979 215 8783 5434 2755 726 8272 8793 1319 0 3810 6453 7271 7487 4986 2818 4483 7802 2511 1235 1834 1782 1834 7055 1604 6415 5872 7838 5717 8830 4159 5271 9264 5067 4831 1160 6755 1209 1423 2668 8738 8729 5158 2653 9564 7119 3374 6830 5260 8926 9052 2025 7478 316 4185
7270 1299 7677 2407 6850 5254 2238 942 8291 5072 4644 774 5659 4082 5211 7630 6181 1255 7999 5259 8422 6437 5210 2834 2014 2483 9227 265 6119 341 9641 2342 3587 5592 9045 4154 4148 7101 8482 7199 8268 9401 1033 8915 6192 9216 2171 518 6916 8914 8081 5477 688 5005 3810 0 5668 4348 3767 313 1778 9320 334 7158 4178 4277 9208 6041 2290 6245 4277 4454 3616 498 9830 3083 6491 9019 6426 5825 1175 5138 8317 6969 3317 5763 1412 9629 706 4015 3365 4813 8797 9716 3224 3314 7147 7853 8207 3174
9328 9721 7 3804 904 5441 220 8774 5969 8821 189 5472 4743 1134 9086 3906 1334 983 1210 5301 1507 3387 5659 8611 1095 4963 4911 3030 2490 7378 7495 71 2884 387 5025 6310 3839 7037 6562 4271 8479 1155 2191 6751 3813 9302 2113 2557 9261 7899 2275 5483 7771 8219 6453 5668 0 4774 3444 2619 7229 7413 7167 4651 1252 4451 8397 5582 9302 1177 9868 4632 7673 6459 7790 7147 6799 9713 5067 7063 1306 8488 3380 8599 8248 9033 5030 9003 5348 832 5806 2082 5745 9102 6038 2378 9741 6063 9858 519
5781 4886 1435 2579 477 8927 4231 2634 4376 2620 9633 2092 5276 6918 4534 9251 5134 8665 3095 7602 1631 7156 3740 7732 9393 9192 5587 8062 7889 1722 2085 4394 5110 6113 273 5860 9650 1552 4736 3761 653 7747 7786 4988 9271 5360 8725 8813 5182 4071 8227 4566 9230 7566 7271 4348 4774 0 8804 3920 6706 7858 3853 2036 9481 503 7245 5158 3849 4314 5574 9942 8954 8435 6115 615 5566 2911 5092 896 7303 3473 3254 1500 7415 8352 78 6042 3271 7234 4797 8836 4334 795 4476 7103 8223 2363 22 6467
347 1333 3883 6293 3141 7484 2009 5610 2298 8996 271 5814 2084 930 2103 1171 969 9313 7221 4422 9204 3624 5389 7171 7838 1122 700 6653 4234 9293 7736 9790 4602 558 3184 4981 7024 9717 5657 4843 4218 8608 4992 9821 4061 2823 9311 8934 3589 9693 7128 3201 5995 5868 7487 3767 3444 8804 0 2382 7603 7402 6096 7088 1541 4563 5605 1426 6206 5735 7516 3390 1139 8274 4712 6188 3785 4696 3121 1676 7684 5776 6605 2515 6158 9848 2701 3071 8540 8884 5858 726 5723 9217 6196 5882 5466 3517 2539 9478
1454 7029 1253 6761 4514 8950 2085 8381 8029 1928 6088 1695 8746 4629 1099 2005 5731 8966 3737 4927 4106 7135 679 1044 8607 6680 2667 2396 8727 3236 7498 6650 1751 2619 2536 4152 3927 4733 9118 7222 2188 8472 5234 3476 5454 2325 1157 7358 130 6509 6802 584 6201 6545 4986 313 2619 3920 2382 0 5685 5324 191 8341 5091 3257 6366 7218 8788 681 9207 9591 2401 8563 1550 3174 4952 2932 8923 1014 2744 5965 5253 7446 7090 4680 3681 4612 3786 529 6304 5754 9335 3830 4013 8529 4796 9918 7556 5237
4888 3441 6039 4065 6130 6919 2255 2558 7405 4736 9384 337 5028 9567 3203 9669 1263 5287 3446 2001 2392 5432 9640 4808 9933 5217 1474 1686 2987 4207 393 9401 2785 4227 7179 1245 5291 580 258 2939 1230 6455 2472 5820 7307 8950 376 3958 3884 5367 8559 353 8636 462 2818 1778 7229 6706 7603 5685 0 8356 6759 8684 4189 8359 9117 1458 980 9203 9692 8831 4604 1843 8649 6150 2771 5104 1821 1996 7569 7334 5436 1275 1528 3831 5090 6329 5728 7164 6798 940 6886 5665 6012 954 106 6941 6940 322
37 6707 4084 8775 9670 9610 6644 9573 2090 6758 4349 2751 5181 5065 7273 4674 8880 9085 7754 247 3700 8421 1937 1016 8170 4212 926 8563 9420 6089 6240 7781 8735 3135 8835 6640 6074 2841 2813 9041 4354 2098 3112 1603 8134 9111 3933 1401 4557 9241 8891 1505 1521 8309 4483 9320 7413 7858 7402 5324 8356 0 2795 3214 591 2666 8899 4264 3142 862 4413 866 7276 5391 8355 3441 914 7605 3159 8012 9609 6587 2232 98 5630 9524 3509 4640 1495 1788 4904 1454 2969 4016 1551 8658 3958 1773 2649 9391
7554 8714 8872 1761 5926 3666 7466 3288 9204 5937 2975 5583 8019 2630 1344 9123 8509 5336 1765 6001 6896 4418 6305 1488 5128 763 3380 5367 9400 1766 8760 800 727 622 8695 5139 7273 4907 2591 8407 5491 1451 7163 8834 7429 489 6142 1422 708 874 6073 5403 1462 5548 7802 334 7167 3853 6096 191 6759 2795 0 3341 728 940 12 7982 428 2302 7337 845 1539 830 8206 2333 2775 1910 1040 9552 1969 6569 338 6054 9160 634 7751 1991 5696 9513 1238 5845 941 4847 8944 712 6193 7483 6898 2247
8493 5924 6376 1276 7971 4673 4571 7589 7992 3661 8348 1057 4169 2216 3300 1701 1384 6835 2714 1899 9734 843 320 8605 3305 9871 5064 5689 8623 1072 1484 4471 133 2633 5403 8667 4948 5721 7164 8921 7734 3813 4263 3958 487 4640 1730 5180 6280 2366 3444 3991 7356 8047 2511 7158 4651 2036 7088 8341 8684 3214 3341 0 7653 2830 4756 9972 7705 7557 2272 9405 5967 4664 5954 781 6207 9674 7411 1955 7102 2417 3421 6969 9956 3432 8528 3698 4047 2114 6428 4180 2669 2310 2135 7210 4175 8610 8655 1229
3509 6871 8111 1330 5504 8109 6215 4786 5952 996 8298 883 3574 7815 3665 2606 4952 2954 5446 8266 1851 2302 9437 1433 9571 8309 8904 8359 7102 5783 6836 6959 6305 4123 8885 2228 824 7819 4463 5463 6726 4195 3218 2086 2660 3984 4525 5107 6051 3773 8768 5932 1358 6631 1235 4178 1252 9481 1541 5091 4189 591 728 7653 0 3485 839 2366 3025 2793 7084 9387 4909 8517 6123 9298 9158 6669 2082 9194 3492 6696 8071 5997 7735 2999 5424 4144 3401 7770 468 1256 5693 9096 690 9713 1247 1227 6987 5473
9061 3608 2267 5379 9847 1240 7455 6439 2578 5147 3230 9345 9543 3145 2064 6254 4837 9003 6873 8819 5535 3784 7910 1002 3221 1324 95 5940 1046 9263 1723 1296 6583 1351 5509 3406 6661 5375 3186 9513 3777 2539 6453 4588 3540 6771 7160 9535 3810 602 3568 7856 6494 6137 1834 4277 4451 503 4563 3257 8359 2666 940 2830 3485 0 3912 4249 9831 764 9918 8536 1594 7384 5690 1133 4706 44 1964 4610 4098 2985 1378 8955 8939 9271 6128 588 5493 3710 3192 1489 423 4263 5855 1571 8003 6349 5172 2300
818 6254 5504 7818 8398 414 9697 9407 1532 5565 4561 3886 195 7861 7566 2131 4962 8416 9258 9883 908 3112 1450 7128 3228 250 6073 4998 9951 4437 2070 8800 9871 5509 3456 5748 6437 3683 9508 9215 9773 2511 3378 4536 7744 9073 1362 8005 4601 7426 460 4629 6008 2005 1782 9208 8397 7245 5605 6366 9117 8899 12 4756 839 3912 0 2257 8743 5148 9516 8065 2937 4814 6048 7873 806 3534 4263 1313 5845 6784 6050 8397 767 8647 5397 8174 1272 4401 4684 5637 4847 3718 9003 9299 1979 5233 8683 4667
2400 170 8832 9034 1644 9610 3741 2520 9968 2189 3277 5570 6918 7205 168 4046 3483 2483 3848 28 7830 5193 5180 1276 3426 6440 239 3392 4966 8939 5080 390 2626 6805 8947 871 6078 1437 3498 2955 1521 1181 3823 3129 3990 642 5536 3946 624 5238 1159 5384 4265 3086 1834 6041 5582 5158 1426 7218 1458 4264 7982 9972 2366 4249 2257 0 3656 8635 4658 4022 1917 9664 3345 3051 8774 9433 3425 5 1759 2305 2953 353 4908 9465 822 2888 211 6242 8730 6531 8472 8418 7850 6305 6061 4657 7892 3213
6689 6553 2879 7216 256 463 476 3668 4625 5330 5381 6862 7833 935 4789 7169 5762 6624 3128 9071 857 9562 169 6370 107 1133 8284 987 7235 144 6846 485 864 2062 1035 9978 1048 6557 1577 8230 4353 5177 7959 6579 6514 4711 4013 4218 5776 9146 1101 4702 6016 2653 7055 2290 9302 3849 6206 8788 980 3142 428 7705 3025 9831 8743 3656 0 8654 8603 2058 5604 2730 896 3803 6186 506 9903 9335 9165 8357 664 3587 8376 6249 6972 8197 8622 2952 6915 9781 9871 5565 5040 7478 7859 6629 3684 1084
4356 6575 2276 2774 153 2389 9798 5523 3948 7572 6976 5673 5856 2378 3142 9058 9810 6083 1258 89 1876 8238 8013 6524 976 123 8380 1262 6806 1292 9938 3904 2073 8739 836 1757 2406 8280 7109 6154 5155 4956 2871 9156 6053 481 2194 8036 4147 259 8651 8652 2401 5840 1604 6245 1177 4314 5735 681 9203 862 2302 7557 2793 764 5148 8635 8654 0 4671 2286 2262 1270 8812 2860 1195 5592 2588 5199 444 4025 4032 263 6879 1066 4117 9450 1239 1881 2318 9174 2722 4200 1642 9016 6680 882 4466 7386
4686 6762 547 3533 6172 6585 2235 6952 980 5127 1773 9120 6436 8099 7196 9948 4371 8609 8832 5639 6779 9063 5735 1906 3114 8927 1278 3350 6246 7667 8478 2542 3671 4648 1813 981 2754 9119 7574 2356 2320 4364 7792 2679 4982 2742 2376 6330 763 5491 4878 3081 7260 4573 6415 4277 9868 5574 7516 9207 9692 4413 7337 2272 7084 9918 9516 4658 8603 4671 0 2176 3080 2412 8982 4338 3664 9377 3439 3173 2168 8317 2339 7246 1947 6195 8322 7891 6319 4852 1277 3605 2567 6835 1424 5970 9614 8964 3119 5765
8830 3087 9206 4831 1399 211 4754 8066 4768 8278 3865 2611 5747 5695 3766 1375 336 611 404 4527 7090 5577 140 9088 9145 653 7756 2110 6420 5317 680 8637 4758 2497 1991 8032 8988 5673 3978 2622 9140 4262 1305 7881 4965 8274 1932 9063 3364 3684 1363 4532 8740 1570 5872 4454 4632 9942 3390 9591 8831 866 845 9405 9387 8536 8065 4022 2058 2286 2176 0 2492 5371 7537 4503 7733 45 349 991 9098 3817 8486 2241 2942 5022 1486 2259 1305 9822 498 43 5562 4862 765 1252 8045 224 7676 8480
424 2443 372 6209 2556 5827 6646 4122 5720 2665 6212 2215 3354 31 147 7506 4584 9504 6137 3611 2520 454 1252 8299 5704 101 212 3489 6522 5196 84 352 3438 5324 7885 349 2383 120 8014 1380 5763 3239 2996 3437 8933 8564 9791 9723 2386 38 3218 6041 2570 4318 7838 3616 7673 8954 1139 2401 4604 7276 1539 5967 4909 1594 2937 1917 5604 2262 3080 2492 0 8486 3656 7750 2254 6049 8592 9781 2716 5351 4061 2468 9051 9903 3331 4498 5930 3045 6306 2095 9578 7436 5589 3030 2550 9024 6460 7671
1151 5771 2600 796 3047 238 6009 3719 8719 4101 5241 109 1458 5360 4983 9958 1030 6509 3779 4605 1092 7746 4918 3035 1554 9772 6790 9820 9802 8575 5955 344 3663 654 151 8309 3246 9266 1961 5363 1809 8974 6115 2288 3465 2065 7211 7973 5362 8481 1049 8320 1933 4172 5717 498 6459 8435 8274 8563 1843 5391 830 4664 8517 7384 4814 9664 2730 1270 2412 5371 8486 0 5131 8960 3213 7491 9928 2107 4362 7355 3047 5192 5685 1024 8463 4501 8321 303 6116 5514 5727 3769 1862 8558 9648 3333 4766 6701
7923 4443 4750 8518 3492 3472 7151 7607 6628 6302 8958 8975 5919 185 4652 8170 6532 6428 8668 7595 4845 582 9488 8588 2464 3300 6986 5678 446 7384 1189 1417 8835 7164 220 3790 202 1001 741 263 3723 6547 5638 725 8380 1168 2102 9914 1213 7728 7464 7270 5424 5232 8830 9830 7790 6115 4712 1550 8649 8355 8206 5954 6123 5690 6048 3345 896 8812 8982 7537 3656 5131 0 2729 6990 245 5667 4731 5338 6811 7164 8657 4708 4619 2119 9433 7624 8196 8965 1580 3133 6833 8872 4358 7460 8588 9442 1381
9418 4699 4018 2196 6775 853 2409 893 4271 547 101 5235 5666 2930 7601 2756 6905 9933 5540 3970 6607 1328 2504 9163 5337 872 3332 1048 9204 3394 256 9555 1618 8430 3272 7856 7061 5610 6789 7355 5025 4140 6491 5363 9253 1466 5244 9969 6273 7212 6221 1640 4106 3798 4159 3083 7147 615 6188 3174 6150 3441 2333 781 9298 1133 7873 3051 3803 2860 4338 4503 7750 8960 2729 0 9515 5158 5484 2539 4760 9002 9371 9870 6377 780 3897 8651 6905 857 8336 3582 801 7735 3586 4522 6480 8846 9145 3487
6257 4742 6250 5741 5264 3058 2229 5073 2528 4514 6578 8371 1516 3621 8639 6526 2902 3239 1548 5747 9782 8833 190 8574 9239 2660 4157 7109 7570 9883 2687 9808 7437 5169 7510 2848 8969 7950 8076 6937 7916 3956 966 4110 2813 3097 8978 9622 8932 2993 1969 5517 9612 2395 5271 6491 6799 5566 3785 4952 2771 914 2775 6207 9158 4706 806 8774 6186 1195 3664 7733 2254 3213 6990 9515 0 5395 7849 8142 9683 3219 9057 6814 5519 8680 147 3328 4404 6820 2298 683 5413 6841 6775 7207 9226 4281 2626 7277
70 5064 2278 3881 5217 6613 1342 4899 2621 4807 1193 3677 6062 1229 3697 1591 6386 2775 6122 9430 1417 7845 2238 1129 1484 1450 5718 7210 3821 5251 3221 9886 3603 8238 3606 9710 865 8211 7937 6334 4413 3552 5150 6933 5984 9020 2121 1799 6549 6475 5473 6939 1651 4603 9264 9019 9713 2911 4696 2932 5104 7605 1910 9674 6669 44 3534 9433 506 5592 9377 45 6049 7491 245 5158 5395 0 9775 5879 7030 9434 2838 4943 6139 9811 271 955 7746 1252 4358 9969 2895 3965 1079 8439 2314 8718 1637 5926
700 8003 2034 3226 2807 1028 2539 5408 4679 974 1964 6466 2744 5152 1917 4313 5997 9878 8032 3073 4651 3048 3254 5860 5978 1896 4336 8029 2263 4860 3801 5132 2756 8555 6609 741 2852 8610 1376 1154 1037 6338 3510 9386 4136 2777 2557 1921 1477 6270 8262 9783 4592 8829 5067 6426 5067 5092 3121 8923 1821 3159 1040 7411 2082 1964 4263 3425 9903 2588 3439 349 8592 9928 5667 5484 7849 9775 0 3370 6706 9450 4475 9549 8910 1178 6684 8598 7102 2157 5764 7546 7936 3911 3813 5900 8157 6589 8507 7959
6271 3770 4848 8950 5168 6966 1166 5489 5470 8340 8287 2144 2840 8212 3526 4044 1816 9914 7998 2905 7643 3292 5375 5713 1761 3434 8520 305 8419 4906 918 6979 9435 7266 3069 3080 3600 488 3417 1902 9393 9415 2126 1653 4447 6738 546 5829 4200 3169 2423 4185 147 3247 4831 5825 7063 896 1676 1014 1996 8012 9552 1955 9194 4610 1313 5 9335 5199 3173 991 9781 2107 4731 2539 8142 5879 3370 0 2701 2321 7297 9817 3397 839 1253 7557 8584 4740 6319 5892 8777 8560 4933 8770 6600 2901 3324 2493
7677 7984 956 1520 6948 2422 6016 8894 874 4678 9045 9466 7080 2759 1895 9647 1625 6851 8788 4986 2064 5093 2288 2016 7946 7726 5123 9477 4139 2890 6469 4054 1835 6930 5351 115 5951 1951 3996 3786 9878 6013 1803 5294 4402 5306 2329 6584 8105 4492 5019 2040 2963 2631 1160 1175 1306 7303 7684 2744 7569 9609 1969 7102 3492 4098 5845 1759 9165 444 2168 9098 2716 4362 5338 4760 9683 7030 6706 2701 0 1208 9666 3005 584 1143 3337 6818 8166 575 593 340 5021 9316 5827 4257 2334 9808 5301 153
3777 5539 2815 6832 3971 9500 4934 4430 9686 9037 5827 2724 1718 9459 6478 4379 1821 9779 5821 1396 8111 7527 4755 7015 5979 2763 4852 2876 9919 2922 1196 8109 435 5082 3810 6076 3587 9666 687 9060 3298 3824 5237 9974 241 2328 6976 6367 8375 8292 5623 8700 221 9555 6755 5138 8488 3473 5776 5965 7334 6587 6569 2417 6696 2985 6784 2305 8357 4025 8317 3817 5351 7355 6811 9002 3219 9434 9450 2321 1208 0 421 3180 2489 9661 2899 3905 4787 8547 948 5227 9013 4527 8280 630 5901 8702 4024 5788
