200
0 6507 4272 9158 2563 4835 2289 7295 9563 3579 4387 5672 8996 5574 6009 6649 1055 507 4627 6118 9332 4362 563 6924 1579 4873 1189 2921 4735 4293 358 944 5879 7796 3279 793 9113 194 7286 3012 1064 797 4229 3622 5329 6771 4148 8042 2372 4648 5911 5038 1115 1843 1474 9570 8462 3578 6691 550 9725 9744 6237 4930 4343 9936 5420 4347 8857 9008 9493 3896 4575 7235 8803 3643 5830 6105 5281 1439 7583 6923 3354 9005 3185 539 6519 2823 6840 2844 3443 5930 6313 6537 8390 984 4157 5720 5135 8236 5377 4485 9568 7812 9600 9562 1463 5014 1027 5271 2533 2521 7306 2461 6283 7944 6507 8285 5791 2927 4319 6187 7385 5990 9832 2281 4906 7159 3328 4595 4301 1607 2159 4184 8860 2513 2381 5672 3742 3693 6597 6639 5505 1645 8840 7592 9988 5129 3392 6823 9262 3294 2087 5181 3076 6731 9866 9379 1015 9997 2675 7869 194 6029 2069 9945 149 1765 7019 2946 83 1546 5481 5030 6485 5807 9568 3068 1807 8103 9205 2852 3499 3731 9237 7207 8253 2877 7873 5530 3037 1281 2571 9485 8902 5206 4242 9211 2985 9200
6507 0 3090 2847 8225 8582 9624 3556 764 3937 995 2434 5547 7768 4077 5814 5007 6859 6847 1720 811 634 7663 5484 3743 3681 5453 3973 7589 9661 2764 5019 8309 3276 6504 8741 1532 7476 902 4533 9425 7739 9941 6276 3809 5727 8582 142 9592 1336 1520 3365 9113 1590 5824 9170 9437 6708 115 3523 1787 5963 70 3662 630 1480 9594 3835 3682 68 7889 6909 1708 4800 15 2999 9328 3587 8182 9910 7217 2422 5178 3455 7604 6863 7147 4743 4771 5353 8812 5671 8317 8453 8967 4584 3509 9805 8889 7809 2188 3571 970 4449 2809 8545 7027 8877 9301 9148 9536 8641 9439 3634 6884 5107 5669 4410 27 8471 9392 9220 8277 1223 7912 4753 2032 6037 1156 1661 2289 7447 1214 6661 360 6081 297 2520 1583 1406 9764 1057 8495 1810 5666 7391 8417 4234 1969 1388 8703 2735 4142 61 4366 9783 8101 5578 4106 9175 3743 1381 3016 5596 4307 3190 725 2428 825 7156 1660 34 3687 1524 4158 4546 8857 5121 990 6379 3754 7411 5737 8949 2980 5532 7369 3421 4819 2970 9866 6233 581 7987 4648 2505 588 7845 2426 9530
4272 3090 0 2434 5798 7432 6398 2867 7710 7329 2508 343 2585 318 2053 9368 1572 2781 1825 753 9129 9664 8202 3367 9154 5125 1272 2504 3073 5840 3512 95 5842 5700 9827 8596 464 9518 296 9897 6856 1983 1849 8920 3926 2095 1006 3140 1237 3650 6621 6825 3948 8447 2325 6921 6154 2330 5887 5764 9229 9717 4954 382 5786 9453 5350 9894 7835 1752 8491 1637 545 9249 8465 6805 1781 7561 1718 7628 6966 7887 5762 6169 9967 6975 3856 1660 6337 3188 2756 3797 1619 8497 3326 7448 7927 7018 8257 9329 1241 4024 3587 5110 4043 9345 1335 1717 3007 3462 6564 6386 2271 2714 7210 9626 1186 8167 9833 2521 401 7039 6938 1159 464 3238 382 4598 1433 9209 8765 3483 4552 6637 1123 7165 10000 479 2362 3614 1993 3413 1554 8120 1143 2060 2183 6819 2231 8069 1912 7347 9891 3891 1206 354 5563 7699 9780 7455 30 4826 6225 5821 9877 6781 7750 2602 6416 9503 759 9684 6732 2001 9573 1521 6081 8060 8498 5064 8995 2638 6638 9960 1769 8508 9477 161 1109 9549 9722 9244 3782 5744 1732 7877 6075 9721 6093 3972
9158 2847 2434 0 9161 7018 4748 4576 1422 8320 2363 157 9056 6675 4425 264 6953 4962 966 2581 245 1487 6843 5857 6727 1335 5569 712 928 1079 5585 9923 7290 1424 8663 6537 1252 851 1796 418 2715 7931 2158 4857 5554 5646 334 8949 859 9713 7013 8302 6628 5185 1265 463 1125 8114 7900 2338 178 6630 6125 8043 4862 2650 1932 7466 5730 4199 9062 6758 2047 6243 8055 3119 860 5237 5902 269 1381 2305 9648 2044 9877 8816 8738 4816 5695 7720 1321 45 4873 7451 948 3795 160 3542 2990 8157 5080 8266 8034 3743 7110 1928 7571 5633 5648 2678 5945 7655 2004 9530 1150 5915 671 243 1287 4749 2988 4140 4706 2506 4104 3840 5370 4892 6524 944 9742 5230 4799 5177 3806 5086 8174 6787 1059 2479 114 3050 2240 8948 4772 3226 2665 2587 2693 3086 946 9595 8587 1855 7259 6318 2304 5189 4301 4822 2864 9868 5434 4110 430 1856 3348 5165 2970 909 1296 346 6421 1449 71 2007 4832 3497 5879 5835 9613 9704 3623 2277 1200 9704 6246 6788 3509 3772 7977 9621 370 4577 5743 1143 8147 4359 5571 3504
2563 8225 5798 9161 0 1214 3069 8825 7867 4564 1363 3665 4696 4906 8638 3576 2891 4773 7526 2642 275 9989 3379 3294 9570 6291 3030 9301 7270 9988 6108 6310 1968 9159 9551 6751 1423 2750 3958 7862 3720 6878 6888 6962 5362 8301 2991 2046 3663 244 5957 790 6151 5199 3183 81 3439 7635 2799 3376 8705 9102 2642 6838 5545 5212 9487 4586 4471 3758 476 6064 4743 4886 7202 8256 8046 2801 3250 5629 2561 4376 7380 636 8633 8352 3832 7466 471 4988 4011 5992 9987 6317 3545 6451 6194 8205 3268 2487 3297 5577 7387 7779 4764 6899 9796 5690 3085 9032 5443 3747 471 4337 1584 9673 5514 6824 837 5271 8468 3263 326 8765 5318 7343 2471 9195 5055 9400 6511 7241 9479 4857 8045 7751 9396 5968 9479 4720 2066 9762 7114 6600 4829 4424 3516 5166 8084 4550 9816 1470 6794 7837 5388 5295 5656 4737 8577 7145 8663 1613 2967 5301 9427 1685 633 4864 4323 2777 4355 9890 5359 8865 1707 65 6031 7547 8910 512 6384 1266 2429 9843 2579 665 4253 3316 7237 6238 3085 3515 8685 2654 2080 8979 3581 2566 1300 4698
4835 8582 7432 7018 1214 0 9432 3845 8474 5487 8154 3816 8344 8398 2971 9727 2391 6771 2470 9453 842 3666 7784 5003 4807 3201 7704 2283 3988 1618 9629 2265 4838 832 3282 5072 7070 6219 6897 2896 9586 7441 6112 1057 5681 1176 2040 8928 9677 4078 9584 4632 3285 8401 6857 7889 6291 5431 6345 6594 5503 2543 1993 2555 2664 2018 2734 6466 1878 9313 7515 2295 6073 3947 5941 8867 6122 7166 2776 592 5828 3683 6450 708 9042 6845 4371 3647 4917 5605 9059 1365 4368 5581 1771 8631 50 6260 1110 3460 7840 6084 696 5807 6860 9871 9951 7717 8698 8215 615 946 6165 417 1928 8904 3019 9446 3839 9504 8732 2079 3917 6359 7005 8869 9902 2468 6901 6115 9893 5234 6371 5779 1179 3658 7460 6061 9095 6898 324 9767 1329 4216 7838 1036 5020 6686 4219 8776 5490 6951 7640 6199 9132 5549 4267 4392 98 1676 3223 485 6897 8528 6097 6771 4110 3866 3799 113 2407 7759 1910 873 6062 3872 3804 4495 2578 4810 8184 7849 7656 6022 9473 7822 5092 3901 8111 4977 7305 8675 8264 4121 5459 1316 1093 6064 9948 9372
2289 9624 6398 4748 3069 9432 0 5647 7307 2302 917 8383 7175 4071 8258 5373 8165 1405 5705 2288 5209 5573 4587 907 322 7153 3386 8789 687 7840 6498 8872 1344 2034 1286 9738 9529 5132 3364 8193 1101 1079 3063 7795 5155 7016 6754 949 7085 394 9270 3074 8068 9284 7159 5080 4147 1860 1614 9001 9360 1228 5781 1820 9898 6357 4621 1277 9193 9317 5057 5156 4027 5579 9957 5851 9198 105 4648 1619 2347 7686 3704 2490 2577 3227 6443 1938 7390 8478 7413 3272 5383 3130 9834 5078 8406 942 8790 3987 4789 8159 5817 1859 9394 7470 2909 9022 9571 6485 1523 79 3015 9533 8398 3609 2211 8690 905 635 9518 378 9384 1230 8758 5021 8316 5368 663 5910 2484 4978 5823 5376 3514 6385 5116 7289 6244 6619 5617 4788 9503 2495 7599 9206 9640 2011 21 5976 3982 1368 850 7742 1382 1382 6359 3574 6532 3010 8239 3050 3218 3024 6990 6849 4695 2174 8085 1975 9800 7337 2981 3671 8110 9757 8747 2006 2876 2468 4069 5664 1182 6436 1640 1668 5354 6914 144 8890 8000 2650 5117 8680 2668 9530 1520 3095 4326 576
7295 3556 2867 4576 8825 3845 5647 0 1697 3970 2311 202 8049 1484 7656 5017 6112 498 3952 4271 978 237 3337 6802 2876 6628 7583 7067 1246 9717 8899 4341 6494 4307 4785 1785 8905 9075 2087 5841 8342 1043 3768 4724 5317 8396 3791 8429 1778 1084 3142 4488 9933 2483 1988 7360 6754 2105 1339 8309 10000 9529 7748 3147 4230 5784 1069 3298 8259 5234 9112 4259 1970 3477 3539 2916 4657 6558 8089 3766 4377 8696 7632 2355 5409 1445 9631 3803 7405 1883 2325 2143 1323 465 7469 5572 1819 9889 1638 570 5118 4513 9083 4881 868 8653 9281 36 2329 6302 2312 7235 3023 9974 8481 4569 9431 2626 4025 1863 4611 7188 3922 8634 8790 3105 7870 2275 188 9505 5431 4123 7487 7660 593 4643 5771 3724 1134 6928 8125 1655 9051 6075 7157 2121 9911 3833 2836 3806 2869 9807 1357 8266 720 1584 9993 1245 6482 5937 2051 8353 5125 8850 7035 8718 510 5065 3594 7064 9588 4489 70 4788 9849 4360 6609 6291 9058 3170 8535 887 4173 3383 3676 1355 1188 2611 9568 7201 1932 9498 9998 8038 2316 7001 8733 6572 3509 3623
9563 764 7710 1422 7867 8474 7307 1697 0 2534 8043 3604 5511 2725 8442 4190 1278 8812 412 2287 963 7808 198 8098 8318 4790 9976 6719 922 3961 2193 8608 9830 7188 4172 8192 6827 4042 1322 6033 2447 4385 1495 3592 6449 3095 3435 7049 315 8346 7315 8977 5141 2357 5843 9630 4878 778 274 1108 8817 943 5423 2196 1642 7713 9325 7522 1411 4889 7810 6107 2971 2119 3928 6477 2903 8450 4005 6903 6547 1897 1588 6658 4136 5578 2068 8365 9792 7202 3147 100 6360 7030 5975 8199 2179 2748 8690 7359 8027 663 7156 6279 7912 4172 607 3310 6547 8383 4015 6854 9558 9125 8808 3999 1527 9549 7522 8366 2391 5339 6198 9400 2397 5117 8748 4240 2371 81 7200 3356 2117 7506 6891 96 2995 4396 9574 9314 9451 4746 6127 8931 9879 3759 5346 5226 2097 2954 9191 2317 218 5560 7157 1395 9589 5676 7917 9101 1237 5828 4267 6408 7265 8122 8575 319 3133 9680 3317 6281 7069 6815 3356 5852 662 6883 700 194 3828 2390 6816 9106 4706 8671 8238 8961 1296 3913 2193 9197 8451 3125 2695 9987 1304 9161 9288 7950
3579 3937 7329 8320 4564 5487 2302 3970 2534 0 5783 6064 7827 4578 1728 5809 4820 8904 4236 4668 2805 1292 6183 1278 730 3006 2174 5364 1496 9626 8005 8641 6567 23 3728 53 1259 3611 4673 1525 3789 7313 904 4258 9669 859 8000 7880 9048 1175 7644 1588 5315 8928 5818 4517 7454 1463 6459 6255 5620 0 3191 1695 5698 129 2683 1393 4395 6241 7652 4316 8109 4522 4252 9721 3534 8200 3298 2806 6782 3127 3045 7151 8836 4836 5160 2963 2685 3619 4545 9868 6478 3538 7736 587 2951 682 8001 440 9179 6450 843 4428 1276 8529 6490 1883 1371 2810 5836 9348 8453 8758 5520 9824 6104 2000 8657 6747 8207 6612 4148 2320 361 2034 2611 7434 2574 3552 2649 4186 8065 7230 1976 9160 9881 3188 7038 5228 2857 7982 3287 2765 2985 7580 1142 3144 4104 1322 8841 417 6682 9007 4075 4176 6042 7836 4237 8337 1189 5697 8231 7934 3372 9585 1727 9298 4968 5840 6660 7701 1186 2982 6381 2269 3768 3616 9839 8469 1341 571 7566 9415 9674 3692 9342 6868 4823 8127 584 350 463 6428 9470 4153 7910 8582 6421 5331
4387 995 2508 2363 1363 8154 917 2311 8043 5783 0 9774 6459 1295 3642 7311 4550 451 9661 2128 5790 4574 4373 3353 4360 9281 9096 6631 4718 8183 7008 8206 274 5887 2259 6368 7601 3527 6982 479 2101 1879 1747 1733 3903 5834 1887 7532 7500 8694 8183 1516 5145 5346 1160 3079 4508 9497 4256 3305 3419 172 5047 5273 333 4997 5654 6861 7578 6137 9109 9492 5474 5073 4301 1054 8151 5950 136 8181 2237 4968 4278 294 1903 7419 8006 6084 8649 4223 6621 6689 9029 4801 1519 5227 5834 5706 7624 2675 3945 3968 5332 9338 9901 5345 3204 8675 7346 2678 2009 9763 736 3797 8382 8475 7518 5712 4553 2278 2948 698 4149 7936 3286 757 8071 6625 8350 5555 8217 782 5738 4457 2017 6590 7029 4549 5214 7479 4931 9744 7128 9757 3192 9174 7014 5795 15 7597 8441 4979 7466 3790 8965 2312 7439 974 5142 5174 836 3928 2004 8316 814 1867 5098 5819 2881 1512 5955 3090 3000 2957 8092 6246 472 5589 5713 9005 5257 6211 2743 8220 249 2312 7886 1498 2811 6095 1670 9523 4457 6976 2071 8279 4102 7919 162 6384
5672 2434 343 157 3665 3816 8383 202 3604 6064 9774 0 9929 4128 5142 7211 6622 5579 4323 1995 3648 8369 8245 7061 6054 8919 5070 8339 2600 4151 6304 6849 933 4106 3785 9233 49 7549 9309 3236 2279 6850 5115 588 6306 699 3043 2882 9844 9353 7503 2073 806 2317 2941 919 4337 9645 4624 5466 7149 9247 5509 2574 2144 6116 5398 6542 6122 7797 8611 9752 4757 1445 5162 7835 2350 168 3674 7910 9965 5167 7317 1235 2842 3283 5435 4340 4455 5686 3092 7177 1075 2460 5586 8876 4441 4107 1443 9334 3876 5696 7047 2952 6563 8379 8135 7134 7065 3701 2654 2946 8162 6312 1989 2122 5203 9741 6839 3489 1475 5495 8073 3268 3075 3948 6156 5960 3953 1769 851 434 2570 4308 943 2366 2109 685 7455 8158 6236 6157 1797 5231 8292 2418 8317 8042 3183 2130 6990 2807 6410 533 5545 2015 5461 9422 4209 7973 2700 2973 749 3764 2833 6300 5522 2192 4907 7474 3399 4757 3943 4294 6498 7481 2037 6316 9357 9971 9407 208 5097 5669 9062 4798 3609 4133 1632 6748 5426 3564 9206 474 7062 8046 3520 5794 4538 7487
8996 5547 2585 9056 4696 8344 7175 8049 5511 7827 6459 9929 0 8804 1055 4722 6656 8632 3 9257 7624 7884 4500 4214 9934 9466 6691 8078 6684 7403 2942 9802 4836 6304 2935 5236 5836 3839 2076 620 5902 3994 5517 4750 5611 9249 576 2962 7820 2920 2943 1541 155 7925 5384 8212 9894 6555 5696 79 6849 6398 1519 7090 1207 8084 3263 3037 6 37 6977 6109 9717 795 7439 2046 4550 721 2042 2010 5261 7081 3736 95 4455 3230 8384 894 7196 9726 6260 3231 9344 7695 6080 5168 6255 2774 5287 3251 2636 2206 9824 8059 2394 8653 5580 6050 2888 8837 4196 197 1201 2546 4062 8524 4563 4724 8317 3120 205 1254 2153 3470 4223 1365 2983 4480 227 8614 7729 2452 1285 7702 5876 7275 7837 1898 2956 2491 87 85 4557 5688 2255 1857 1748 9131 7796 8549 6619 2532 3117 9328 1589 8917 8762 6891 7965 9273 1100 1708 6929 5783 7676 1971 3339 4180 7345 1566 996 9726 8127 6317 773 7922 5966 7468 4467 2493 9637 2008 4999 7995 1890 1273 75 7796 2973 2204 2224 5023 2296 6127 5213 2820 6621 5655 5637 9567
5574 7768 318 6675 4906 8398 4071 1484 2725 4578 1295 4128 8804 0 9774 3287 6103 4767 1689 5769 7674 9 8852 3830 6978 5749 901 8000 6645 442 3426 9163 5447 3913 9171 6142 1978 2230 4330 5057 8785 9093 8854 2766 389 2207 7947 4636 7766 7292 1347 3088 8376 9908 7656 6104 2742 655 8838 184 4479 8992 7290 4186 7241 4359 8445 7923 2671 1189 4091 694 5902 4513 6250 7752 832 6171 1748 1048 7565 2636 1904 3889 6809 3517 3268 4240 8216 4478 5091 6667 5656 9082 4693 4395 8046 9522 3503 3332 480 334 831 6927 4710 3838 2031 5843 8609 7262 1102 6785 8276 3165 3704 6214 8988 5802 2913 4 3193 1540 5532 1509 882 4053 3536 3473 1819 5172 3969 6218 8213 4294 387 9026 4943 5340 8222 681 4235 8367 7302 2971 918 4928 7164 7187 1323 4509 6737 7488 1531 3226 9014 7500 9381 3638 244 1157 8734 4047 2391 4655 9550 7870 4330 4166 9720 2553 6537 6336 7182 3724 7156 3615 6861 8488 4393 3158 2953 2869 8284 5469 1143 5143 580 3141 3411 7410 2879 9052 5927 6768 1703 9810 780 7034 1178 5128
6009 4077 2053 4425 8638 2971 8258 7656 8442 1728 3642 5142 1055 9774 0 3288 3981 6850 7077 9897 9448 9854 8783 2100 4495 3430 2427 8280 3160 1148 8514 6396 3116 3277 5695 309 6394 258 8257 6062 1833 5946 5886 3979 4602 6408 2685 3474 5335 207 5381 8155 1900 8074 4210 6855 6696 6892 4057 1944 6355 9507 3545 9587 8454 8075 2732 3049 4098 4880 2267 2066 8329 9964 1569 8637 5087 5263 474 7346 5617 3080 339 4445 9636 1071 397 5029 796 492 4515 1212 4671 3251 8761 2175 6646 1778 7695 7968 1509 3355 9722 1302 1184 3397 1268 8319 9372 4687 251 3363 4419 4654 7495 708 2839 5073 7814 7522 8603 8770 9761 4856 7954 2330 7636 650 3219 686 3634 626 7674 5053 2119 3578 4649 3243 812 2202 1768 5763 8178 6712 2001 6506 4825 8598 9264 4683 1926 233 6542 1429 5477 8100 2456 6355 6558 9059 3229 13 2504 7779 4488 3296 4314 6210 3786 5000 9204 2822 2773 547 7572 6921 9797 1503 533 2493 7716 9792 3027 3464 5356 5448 4077 4341 5226 7374 5535 9182 8581 7915 3582 270 1671 7312 5508 5795
6649 5814 9368 264 3576 9727 5373 5017 4190 5809 7311 7211 4722 3287 3288 0 3037 4406 6856 3993 9646 8989 6745 1550 1782 7938 2234 2330 8884 6325 6601 2576 1792 9142 3016 6115 3628 1227 5833 6930 8371 4581 4284 2559 1065 3372 590 9995 1222 4280 54 4102 1399 8809 8799 9028 8404 5166 3368 5328 8224 2466 6915 1927 3119 8584 8758 4878 8749 9946 7553 7051 705 2477 1865 2449 9268 5427 8069 7641 3579 5230 5071 9711 4205 3212 6922 7497 5674 2321 2828 6460 5379 3649 5317 4077 8221 8909 5124 1298 875 1851 1251 633 1817 1674 5755 7389 9822 732 8940 7172 2269 1567 2090 9586 6871 3911 1426 2883 9692 5527 3253 6852 4808 1855 5844 8842 7036 7142 8578 9903 9182 4420 2371 5660 1670 4888 637 854 426 3521 2744 9052 6597 5684 2293 3093 9967 5022 5695 3329 9430 5970 709 5497 2463 2741 677 8287 192 9699 4398 7534 2473 7269 8360 9765 3009 9843 2007 1201 1738 827 4441 1733 8890 9400 53 6215 6206 385 1940 8565 2677 1072 9820 4561 4443 19 9842 6913 1067 7293 1000 8075 197 2666 3697 9000
1055 5007 1572 6953 2891 2391 8165 6112 1278 4820 4550 6622 6656 6103 3981 3037 0 7080 6103 3940 473 7590 1453 7061 3875 7980 3833 9455 5610 9753 1025 322 4359 8171 263 7063 7441 1764 540 3282 7277 9812 9663 6466 5593 6874 6558 6461 2065 6579 8355 8731 9204 8506 6444 5413 460 9662 1021 1812 9031 5691 4617 5788 1443 7619 5068 4621 8530 1356 1815 2154 5935 67 3046 2897 4845 6964 5867 47 7537 4488 4545 1573 717 5534 4132 9916 6645 7827 5509 3919 8073 898 4974 315 4225 5011 1771 4449 5540 4226 8348 1892 2769 3371 8150 7466 1453 8727 8196 4919 1379 6304 9391 6534 9730 5567 6730 7496 2870 2926 495 1675 7975 8044 9314 6551 9336 9838 6 8723 7303 6618 8377 1218 5985 6894 669 2289 9064 8416 9984 4946 7722 8662 9188 739 970 5509 1062 4029 1124 8146 9243 8278 9291 8299 9056 8526 2756 9017 7535 2055 1896 9158 3507 5909 4459 2123 5124 3273 232 1004 5802 7668 5243 8591 9831 8848 696 2383 4251 33 2962 5258 3501 766 3271 7900 3715 3104 146 8481 5544 3033 943 5870 3403 5980
507 6859 2781 4962 4773 6771 1405 498 8812 8904 451 5579 8632 4767 6850 4406 7080 0 5919 1674 4717 8888 1748 5696 6294 8685 2945 3136 2604 2750 6785 6830 8411 9947 9621 9334 9127 4045 8666 4889 2199 1976 2019 939 3302 6367 5475 4549 7695 3414 8773 810 889 1965 5815 803 6195 8032 6638 3070 1811 9 6923 3489 113 7345 1021 1217 8946 3550 6990 2687 5824 6427 8137 3985 524 6349 3370 6359 435 9848 4720 2727 6568 3927 7846 1205 5060 6880 3346 9142 1896 1070 4506 9332 2731 3782 1191 10000 4899 9022 8661 1070 8517 24 177 6722 7958 8709 7365 2260 7433 9325 1835 5560 7290 3318 4531 2374 5044 1284 4618 3666 3020 3856 5766 2442 2036 7052 9295 8768 2622 1396 2289 9573 5404 4119 8815 8586 8236 6581 5384 9873 4252 5503 3509 3585 7454 6048 3141 3209 5965 6440 8461 1942 6617 1990 8112 8880 8777 2065 6852 4597 9561 899 4581 5707 1848 1824 2195 1372 1922 3314 2995 6661 6765 712 2189 147 9438 963 3253 6555 7975 9555 9221 4690 9634 2682 6632 5375 7246 2777 86 3450 7904 8716 7897 3770
4627 6847 1825 966 7526 2470 5705 3952 412 4236 9661 4323 3 1689 7077 6856 6103 5919 0 7715 373 7676 6316 2342 3642 8131 8318 204 9439 4205 4095 6955 650 9784 5326 122 9389 4558 8180 6092 3034 983 3161 2244 4424 1753 4444 8625 836 9535 6354 6445 742 3242 6099 5994 2626 9960 2710 2778 6359 5106 5451 5594 4805 4747 1458 682 7018 530 2544 4520 5814 8101 3050 5180 7395 6033 283 4397 4029 6460 1402 8530 6722 2744 5083 6996 5379 8548 5028 6917 4112 35 4365 4334 4503 3612 1173 2730 6854 2936 2297 5672 4770 4387 8637 7465 1566 2914 1944 3378 3726 8523 3677 4820 1205 9996 2154 9962 3277 4468 3233 7784 8677 6062 5359 4923 0 404 1298 3407 5043 4466 8569 3714 3249 5697 136 4352 3533 9594 2849 1525 3596 2567 6239 5949 5234 7827 3259 4259 8176 5296 3099 3910 7553 473 743 1240 9875 920 2571 4532 3001 3969 2252 9481 7566 8289 9729 6494 4076 6525 5674 1396 7865 9255 1508 9292 2756 4468 8864 4111 3218 2223 3532 9088 4468 5296 1612 194 2367 6164 600 5151 4039 3355 3988 846
6118 1720 753 2581 2642 9453 2288 4271 2287 4668 2128 1995 9257 5769 9897 3993 3940 1674 7715 0 2340 5512 9515 7988 9545 5846 4660 4787 5949 6642 1058 1514 7492 8637 4412 3211 4494 366 9167 2108 1917 4315 6490 1483 5359 8956 6690 6957 9317 9856 1718 6407 2547 2848 2479 1306 6799 6801 6276 3051 1223 3144 2289 5519 2871 5180 171 7689 7705 3569 2515 7507 4996 2590 5730 4011 8827 4135 2648 3342 375 8985 1816 4461 8968 1320 6034 121 5849 7632 8437 306 7979 4247 3924 3980 747 6601 6788 1940 9884 4897 2002 8289 6488 2829 3688 2173 1056 2893 6351 8286 3934 211 9646 7027 3518 1145 6806 7030 7023 6367 9551 5762 4314 8674 5554 9111 5024 8456 3449 2835 8892 4532 7407 2404 9380 3696 6702 2768 296 2408 2737 3539 6069 4996 6709 4035 7973 6645 835 8754 4219 4401 4570 3799 4080 5506 99 8472 3177 4886 2362 6123 9451 9240 3607 9829 5724 3001 73 8028 5399 7773 3205 3050 5302 1158 9693 4885 9196 6665 5718 1052 9600 1234 3616 8264 3905 2530 9883 5828 3917 3952 8559 5973 6651 2174 8480 5786
9332 811 9129 245 275 842 5209 978 963 2805 5790 3648 7624 7674 9448 9646 473 4717 373 2340 0 375 20 529 6745 1962 5516 280 1322 341 9625 3270 9150 7648 2943 6198 9095 5721 2903 7785 9610 4065 3499 4749 4690 254 6351 709 1836 7324 3216 7249 9201 1081 1967 4026 370 7274 4866 260 7999 9404 3508 2541 5602 942 723 9485 3121 1851 7317 9447 8283 6734 7476 5357 8786 5646 5003 8848 8969 7156 3643 9848 7502 6613 1540 6174 8823 4942 9765 1314 1165 3318 7806 9337 8168 9841 7177 2766 4281 432 649 5666 3399 62 3536 5119 6342 7972 1408 5078 7091 5907 664 3167 8765 4173 8728 8296 4836 1194 516 8934 5448 3052 308 2635 3698 1539 6176 4351 4389 8147 9117 7849 6240 7477 8227 9297 3048 5477 9189 1008 7308 6598 2353 2799 4822 4143 376 2515 8988 6544 5192 8801 2460 7417 9170 1184 5915 6172 6416 4908 6631 3524 154 9209 6845 6155 3425 3222 6738 2783 3549 4389 3667 3954 3368 8445 6639 2914 146 9755 6154 805 41 5018 6042 1797 7827 1623 6820 4200 6745 6652 1700 4473 3436 3518
4362 634 9664 1487 9989 3666 5573 237 7808 1292 4574 8369 7884 9 9854 8989 7590 8888 7676 5512 375 0 5691 6625 6074 3140 3445 7154 4022 5663 8256 1796 1156 9343 1954 1271 4480 3297 2928 5547 2661 6351 5376 7775 650 1595 9859 5917 7446 4222 9158 2244 5162 8854 3 1114 418 1970 8117 7433 4998 9828 3255 717 6011 9436 7081 9300 3166 9843 7293 2181 5915 8048 9438 9062 8640 6082 8158 805 7006 2784 6071 6482 5469 6922 6325 1305 2807 706 8481 7855 6947 249 7612 674 447 3864 3395 9400 8331 8109 9783 2327 1913 7293 7514 8693 7393 4634 8990 7796 1397 1477 5379 6815 1602 3107 6625 1630 3697 904 6821 3200 5466 4111 4434 3764 6230 6242 8282 483 2223 6231 3230 7040 5519 9664 7843 7549 4580 7195 1574 1750 405 3461 6884 282 3062 5355 1688 2494 8429 3084 9644 9314 5061 3855 5664 2087 3532 8711 7466 397 6372 5258 4923 7700 5707 9070 7146 2561 3572 4964 5055 4530 2837 8030 8725 3252 4478 6292 4201 3773 7512 7900 5247 7396 7441 9195 1513 5620 6018 3407 8822 152 2333 2630 6150 1635
563 7663 8202 6843 3379 7784 4587 3337 198 6183 4373 8245 4500 8852 8783 6745 1453 1748 6316 9515 20 5691 0 3921 284 3867 7835 1370 9841 9594 5236 4661 2023 3311 1050 3076 4603 3753 3003 3931 6352 5728 3401 8308 1061 6268 8208 787 6766 7349 3318 769 9724 8697 6866 2406 359 6060 1426 8931 6277 5770 1806 1446 9468 5939 7060 9285 1976 5182 4355 6211 3653 2737 4357 3445 7512 1854 4747 1272 1845 4531 5975 3483 5687 7146 7102 2528 5459 3081 5321 3521 9685 2813 2441 3227 923 7706 3911 3496 5822 2578 7821 7833 546 1954 3615 1323 8201 1193 5773 6879 3700 5283 8115 3775 3355 7973 1232 6211 4804 4419 6294 489 6145 9100 7400 3741 6253 4767 2394 9038 8254 4100 5481 610 2919 7783 6512 5604 771 1836 7875 7170 2527 26 4068 9318 4981 5612 2412 6749 2608 2308 5364 1708 233 1313 5769 1017 9755 2513 3438 9972 1781 1921 5448 371 1887 7550 1228 1134 9973 1850 9368 6149 5147 7498 3235 4441 4927 887 1349 1960 7503 5390 7687 5454 5690 3452 4728 1399 8118 4156 890 9279 5387 133 1547 6030
6924 5484 3367 5857 3294 5003 907 6802 8098 1278 3353 7061 4214 3830 2100 1550 7061 5696 2342 7988 529 6625 3921 0 9689 4745 1447 6826 5181 8353 3562 6716 2652 1744 5430 9434 3203 237 974 9170 4448 5866 7675 8907 8107 8029 9766 4579 840 976 7180 8075 9603 1951 2004 5246 6582 8204 1233 5382 6825 7657 6697 9042 7357 877 4315 2039 8733 9415 5689 5795 8923 5705 3664 2351 4751 5787 6438 3625 4507 7363 1805 9319 8526 3467 7158 6370 2997 7838 2633 9069 9877 1705 5071 3817 1267 7153 7550 6433 5208 6348 8925 4047 5408 9078 2124 7363 9216 8151 4167 4652 3793 1926 5194 9143 4241 5067 5157 4658 7123 179 2820 1145 9984 4208 7894 1490 6290 3145 1177 3793 1660 6355 7884 9750 6513 9704 7542 9733 6415 9160 8823 351 8636 2743 8725 5740 339 2899 4028 366 8654 4056 621 6752 8900 6196 1571 1435 1143 9527 1610 9918 4423 6237 8170 4915 8163 8482 1761 5019 2075 2710 9574 6294 1795 4935 8781 8681 2546 7125 1878 3058 1849 4161 9357 6937 7724 8624 868 7186 6411 6962 1787 8560 4987 1964 9080 1597
1579 3743 9154 6727 9570 4807 322 2876 8318 730 4360 6054 9934 6978 4495 1782 3875 6294 3642 9545 6745 6074 284 9689 0 2782 2256 8005 8453 7659 3534 3501 5848 9732 8358 4317 5604 7718 3938 5819 3022 2994 8430 4443 8173 688 8297 2880 9558 3603 5531 9883 2481 1876 7581 2293 8687 7594 2023 6983 6966 394 4694 9941 5414 4070 9353 5275 9583 2993 3032 4596 477 3569 2493 9998 4685 4520 8505 8997 2489 4276 6172 4674 3918 4897 2349 9161 1756 5153 1992 8653 7507 8749 1129 8215 8694 8018 6950 8267 3247 9782 7965 6486 4098 2677 6937 8499 2306 3116 7785 990 4822 4490 385 5380 6109 5956 283 5561 5190 9368 2351 7110 5054 4175 3685 8933 6623 3170 8775 5444 5354 3006 9661 7219 9491 8682 3694 1272 5222 6137 3811 2215 5015 4812 181 8270 8938 4227 6788 3312 4133 2344 142 6139 4179 4923 9912 7794 5979 6046 9486 8088 6102 3569 1585 7267 6177 5938 4470 8579 6289 388 2753 3265 5853 2022 8044 1009 6470 2542 9305 8205 1376 964 7875 1110 6928 7458 8458 7444 1608 8270 7366 7011 8718 747 1736 412
4873 3681 5125 1335 6291 3201 7153 6628 4790 3006 9281 8919 9466 5749 3430 7938 7980 8685 8131 5846 1962 3140 3867 4745 2782 0 6644 9315 1589 1955 1039 8129 8146 1273 2316 9446 9471 5812 8088 8579 6094 8824 8252 1218 7810 2166 5031 5687 3559 55 211 709 1988 4702 64 6254 2443 2892 6629 7432 3030 5149 1186 8510 4640 7393 9326 7463 789 9994 7811 7483 3536 2697 1089 5500 7534 5053 7492 9244 7568 191 764 5025 3939 1133 3703 7324 483 9721 6242 4648 9925 1623 9352 5770 9416 6731 3618 2181 1530 5146 331 5768 2918 5825 3451 5555 3044 5147 8494 8547 2332 8790 6737 5778 1937 7085 3697 2637 3759 6593 4939 9318 1565 6844 8825 5499 9944 2644 3234 3711 4627 1156 3464 2510 4393 9846 4275 4565 106 2087 5512 3410 1302 5218 3532 8486 3348 9683 8714 3204 6827 5118 5024 398 204 7639 7987 4758 6665 7906 9140 2385 2175 5408 44 7891 3626 8703 3671 3649 7391 7216 3362 5118 6217 6823 6594 5004 9868 9570 1810 9411 6619 7385 7174 1771 814 4440 789 9938 6259 4334 6616 3156 473 9333 7608 1166
1189 5453 1272 5569 3030 7704 3386 7583 9976 2174 9096 5070 6691 901 2427 2234 3833 2945 8318 4660 5516 3445 7835 1447 2256 6644 0 6020 6156 2827 878 268 9516 5755 5588 7026 4522 4218 4140 2771 453 6383 6838 3322 3592 8020 603 4054 4242 7907 5900 7506 5021 6946 2094 4384 5827 8693 3629 4581 732 6210 4751 2877 1821 2190 6505 7493 7715 7179 7407 8066 3019 9650 1622 1356 53 6656 7220 5807 3849 3401 8906 6359 4138 5267 4995 5232 5604 2734 686 6236 4149 6727 4159 927 6831 8150 2635 7847 757 1789 7426 7428 9965 9749 1947 1183 9813 1191 9449 4326 9281 3405 8510 5383 1767 692 3764 2812 8246 821 7802 2545 2262 8434 7149 8270 9746 6772 5781 523 5968 9517 8411 10000 7380 8357 7632 9530 6436 3070 1578 7201 208 559 8731 6 1971 1880 1681 2846 7093 9415 3872 5928 3987 2146 6430 4303 4589 9416 6837 2114 6365 2773 6523 1731 2302 6972 6049 3870 560 2448 6572 4589 2542 1896 8484 907 6931 2600 1929 1405 5160 5450 3464 1962 3945 9600 8754 1791 3456 9691 4728 1235 5877 6782 3822 9265
2921 3973 2504 712 9301 2283 8789 7067 6719 5364 6631 8339 8078 8000 8280 2330 9455 3136 204 4787 280 7154 1370 6826 8005 9315 6020 0 8791 3405 5390 7199 9414 2510 5086 5846 178 4334 9556 1666 9386 756 1136 263 2677 9321 6538 9035 3746 1799 9380 9838 9015 6568 9800 1656 4594 7022 7373 4329 9699 5801 6132 9077 9879 8572 1249 2677 8742 8691 5494 1171 1478 7822 2517 4182 6378 5407 4146 7859 2884 1812 3665 7170 3967 3003 5647 6576 7040 8183 5090 433 3749 8664 3006 3849 7487 2639 5323 6547 5793 6714 6982 7973 6280 6919 7742 2310 7755 2643 8271 8217 586 7878 8569 8231 388 7691 524 3585 8661 1919 34 3338 2802 8724 6541 729 6393 4564 5931 9117 2028 207 362 4511 557 7576 3399 7406 4763 98 2410 661 8525 2494 1973 1549 2011 9328 1975 7211 1984 7845 680 5638 3000 4090 4332 8904 9477 4164 7679 9038 350 2517 1174 1889 3419 7653 6797 6882 339 6868 6401 5695 9886 4918 2585 3155 5727 9743 2968 6856 8060 8321 2677 5167 2662 3794 372 4669 7859 2840 1074 9906 9346 9566 1045 471
4735 7589 3073 928 7270 3988 687 1246 922 1496 4718 2600 6684 6645 3160 8884 5610 2604 9439 5949 1322 4022 9841 5181 8453 1589 6156 8791 0 9943 1143 8125 9512 4747 2832 4833 1377 9888 6045 2237 1516 657 8427 3681 5979 8490 8156 3853 8475 7529 9649 4163 5459 6413 1286 8624 3543 9747 8690 6812 6029 3646 7061 2257 558 315 4305 2223 3322 2440 2294 700 7270 9277 4384 8888 4743 4185 6867 1167 1327 1338 8710 602 1215 7085 2860 1961 7951 1574 3970 3563 9456 2281 5145 3608 1440 3492 286 4668 1639 111 903 26 592 9807 5235 1573 673 6399 7506 3109 2067 358 6625 3606 4399 6188 7901 9133 1260 9434 2913 5352 7102 5344 1231 9622 8814 2620 4777 3582 6539 1610 9958 3526 4952 1069 7270 5687 5943 7046 9427 3651 3001 8537 7154 8938 2650 4875 7991 6826 8371 676 4433 8403 6789 5616 8583 8424 4002 2550 312 1713 1657 336 8638 5134 7235 5933 5071 6589 4234 2165 4502 8448 2525 6389 2198 9120 5598 4672 4865 9737 9116 9895 8895 4920 3006 1580 7395 6288 3438 7172 1931 6845 894 5522 9189 6996
4293 9661 5840 1079 9988 1618 7840 9717 3961 9626 8183 4151 7403 442 1148 6325 9753 2750 4205 6642 341 5663 9594 8353 7659 1955 2827 3405 9943 0 7189 7000 3429 4545 4451 9562 2243 1407 9423 2319 1312 3285 7589 7980 3998 4733 5474 19 4405 9873 2175 1566 8007 5999 3131 4297 9895 9611 4427 1556 8542 8324 2832 7654 822 1245 5890 5852 3023 5356 2313 2671 1427 3831 4439 3853 2740 5753 4516 9235 2443 2856 5651 5146 9562 6794 4058 3090 5034 9893 5159 5549 5136 9304 5072 2468 7313 4068 6016 909 5574 6414 3205 1073 7689 4303 2564 9907 6634 8251 2333 7996 3125 7524 5778 4535 6283 2418 8409 3805 6834 6138 4570 7051 3530 5632 23 4466 3823 8895 6612 7955 9471 2064 5494 7526 7450 4477 1311 3924 1463 2804 5273 2074 6617 4726 3349 4324 290 8813 9258 8168 8580 7786 9159 2581 1784 2180 2766 7077 3179 7532 1527 6438 8981 4212 1458 2420 4213 6919 1429 840 3440 1538 1997 6319 2630 2491 1506 2935 6961 9261 8683 3594 2332 3235 9928 3937 4441 1670 6231 9758 8676 7237 8411 2209 9023 3130 1833 1815
358 2764 3512 5585 6108 9629 6498 8899 2193 8005 7008 6304 2942 3426 8514 6601 1025 6785 4095 1058 9625 8256 5236 3562 3534 1039 878 5390 1143 7189 0 8759 9100 7734 1012 3695 7402 7094 5890 912 1622 9745 8891 4372 8700 3132 4812 6571 3653 8970 7784 8065 6643 792 3423 7751 3469 6040 629 847 2605 5962 2281 5614 8787 3369 6575 465 628 1551 9813 2937 1278 8825 7508 7028 7467 1895 3543 2950 8248 5593 8357 3963 7134 6938 3262 8301 1086 2011 9840 7034 3435 8024 4971 1619 8072 6882 9258 3331 527 1605 2781 5657 9452 5625 248 9337 8106 3666 1252 7639 133 6683 9019 7602 5466 695 4579 2364 67 9981 369 9442 3505 4720 5075 3670 8497 9971 3346 535 1012 5258 1960 8780 5395 4035 3197 9239 5233 7349 3418 9240 8607 7918 999 6254 2955 2676 2853 7892 49 5081 4693 7574 5546 2810 3766 3716 1212 9800 8298 7463 4970 6949 8033 7122 2502 4240 3675 9903 578 3746 8177 7823 6132 8165 1777 6329 853 989 7436 7588 5746 7167 5064 890 1737 560 585 222 3706 4664 1873 1124 1605 3518 3227 491
944 5019 95 9923 6310 2265 8872 4341 8608 8641 8206 6849 9802 9163 6396 2576 322 6830 6955 1514 3270 1796 4661 6716 3501 8129 268 7199 8125 7000 8759 0 2014 2112 8361 7202 8797 5094 5732 4840 7420 7556 2013 5000 8296 1958 7240 1790 5538 7074 2094 998 1248 3201 7953 1796 9968 1881 2795 8868 2333 3447 532 4942 31 9298 5535 7837 1454 2028 1363 9686 1873 9631 9055 1783 2254 3893 9338 6582 3259 4486 2237 20 326 9020 4687 2291 5717 3194 4194 1305 1104 7943 477 1720 5999 9260 3437 7324 2998 4075 7134 1621 2065 5760 9383 6167 5534 9736 3280 6208 8973 664 3098 3907 264 5793 2291 4579 6550 7911 2926 6640 4237 4823 8432 9205 8302 7875 8228 6589 211 8576 979 1322 5737 3775 3232 1792 1023 8278 1643 775 2195 5205 7542 443 9375 6977 1855 1853 4119 5648 9557 8434 1961 8027 2744 1678 5104 9377 9689 8705 1222 8156 3574 364 3735 5129 2071 8898 4557 4950 4258 3998 580 3177 5190 1366 3523 7214 6374 4286 9214 5062 2314 2937 6465 8672 7968 9973 2102 2689 2058 7040 4544 6758 3438 1830
5879 8309 5842 7290 1968 4838 1344 6494 9830 6567 274 933 4836 5447 3116 1792 4359 8411 650 7492 9150 1156 2023 2652 5848 8146 9516 9414 9512 3429 9100 2014 0 8620 474 8903 5621 5251 3979 4634 2799 8267 4386 7251 9458 8885 7142 489 6316 2706 2743 4877 8703 9664 4036 8401 7102 6428 1222 9085 10 9937 7556 6069 976 7699 6728 2440 433 7531 4491 2101 2552 6954 4428 7368 4330 8289 2533 1319 4150 694 2445 8745 7143 5894 6166 6926 3228 9916 5613 4260 4164 1721 1924 2101 6752 2896 3507 9059 6464 5998 3152 1744 6097 9353 2686 7062 5808 210 7496 865 8897 641 8341 244 2629 4193 7982 4831 4491 185 7823 3552 56 4556 2285 4683 2996 2650 7071 2278 5085 1976 7205 1977 2753 2317 5169 3315 3053 4860 4834 1777 8103 1130 3348 1850 7470 1114 6974 2544 6668 8237 3964 962 8383 3690 3741 9579 4340 5578 710 394 3508 3752 5130 6996 9455 6121 6528 9721 3617 7963 3668 8725 9522 8124 1860 3911 8610 8764 8535 5399 5681 1339 8251 9529 9970 6499 190 8694 9027 9276 1908 3846 5081 8037 6963 2633
7796 3276 5700 1424 9159 832 2034 4307 7188 23 5887 4106 6304 3913 3277 9142 8171 9947 9784 8637 7648 9343 3311 1744 9732 1273 5755 2510 4747 4545 7734 2112 8620 0 2725 2875 2710 7407 1103 5369 6972 6572 7205 3044 4833 3835 5478 3999 8110 6352 5881 7570 7887 5775 5898 2498 4082 9297 308 7831 8191 9151 3002 8499 1593 1210 8402 614 6469 4149 7206 7821 640 2470 2532 6763 7399 356 5650 9417 2754 9339 1927 7400 6620 3863 6732 8820 3927 7095 1587 9583 3431 7522 3003 7916 978 5223 9884 8520 4647 2241 3578 7729 1285 5698 2831 1497 6564 4662 7017 1342 424 2991 9912 9080 2268 3110 2224 5215 1341 7744 897 9249 6574 7907 5872 2924 528 4158 4432 7147 3335 7077 404 3593 8423 6188 5474 7682 9949 4591 4692 8739 1798 6485 3889 3912 5810 2818 4144 3679 5459 3377 6265 1165 9636 9909 5193 183 3715 4843 4256 8703 5449 1038 3670 2787 2814 638 1233 2235 79 5688 8157 1221 38 4287 3749 4925 5643 8203 6554 3560 215 5385 7517 5811 8797 7029 3024 3155 7900 7809 2772 1633 4933 7485 6915 6801
3279 6504 9827 8663 9551 3282 1286 4785 4172 3728 2259 3785 2935 9171 5695 3016 263 9621 5326 4412 2943 1954 1050 5430 8358 2316 5588 5086 2832 4451 1012 8361 474 2725 0 1551 3262 6555 5711 8150 4524 8542 8120 5204 7386 6791 1824 566 4193 8948 1162 340 6445 9598 2962 5832 9284 2554 2251 851 3048 1341 6077 3080 9075 8395 1551 7603 2664 9818 4584 9105 7900 3566 2973 7058 4661 6646 4826 9399 3363 1895 7426 7736 3788 3702 2057 6137 8919 4109 2506 2173 9163 1196 8577 6817 7159 8948 4480 7152 5345 4728 2653 4758 5095 9600 6557 5037 252 36 3560 3855 2461 2522 2197 50 4808 4451 6784 4705 551 551 1311 205 2856 1951 4292 918 6009 713 8206 3734 6897 2986 395 4653 9342 6451 7133 2839 3292 2736 7340 9555 4217 7000 190 7229 8317 3815 8129 5812 5060 68 8873 4745 8063 9646 2231 3382 9350 3963 6745 8403 8866 8713 8893 2542 595 1706 9555 5101 2883 301 9628 9697 6575 6494 7014 9659 4679 9284 3327 5 3749 7372 4993 2830 7952 851 4220 2014 5469 489 9485 3271 1084 8789 1675 9095
793 8741 8596 6537 6751 5072 9738 1785 8192 53 6368 9233 5236 6142 309 6115 7063 9334 122 3211 6198 1271 3076 9434 4317 9446 7026 5846 4833 9562 3695 7202 8903 2875 1551 0 8245 3288 3612 8920 1633 9999 5587 1558 3354 4480 5031 4470 5006 9559 7976 7936 4290 9735 3178 2325 3850 7874 117 8301 9312 5504 3108 7071 7507 6107 3663 5825 8009 4473 3473 5676 1954 7494 7524 3530 6575 3629 3397 5448 1279 273 2545 9104 6978 4702 9881 1426 4335 3934 278 8363 5169 8285 1357 4233 9077 8388 7954 972 9189 153 7310 1608 8279 179 5004 6085 6534 269 7139 5338 7492 4811 2026 8428 5086 5064 5756 5742 8729 9801 8779 4955 2414 8350 408 7523 4723 8763 5652 2331 8647 9584 2022 6101 2390 9182 5948 4272 465 6746 4405 1457 9064 1445 5076 9479 572 2706 2857 7662 9977 5786 9415 5142 2149 778 360 9448 6251 5254 1818 282 8344 6885 3632 1220 4459 123 1043 6625 5682 3458 977 8257 4719 3456 3138 8623 944 2404 5641 2458 6385 3688 5795 527 2257 409 289 4711 4968 7214 992 2531 1968 8321 9568 4574
9113 1532 464 1252 1423 7070 9529 8905 6827 1259 7601 49 5836 1978 6394 3628 7441 9127 9389 4494 9095 4480 4603 3203 5604 9471 4522 178 1377 2243 7402 8797 5621 2710 3262 8245 0 8676 6247 9922 9672 3471 6360 2290 3262 9521 3036 2042 9028 140 110 5273 956 1214 3122 6602 3899 5157 5738 3847 573 951 6538 8532 4750 613 880 783 7401 6496 1958 7219 83 9886 8805 1659 6323 4536 7689 1737 9579 6141 7468 876 9913 8993 5747 7180 802 219 5220 3743 5334 2801 8866 5670 6514 7810 5392 176 3090 4905 8476 7011 787 8702 9877 9204 8543 713 3243 4544 6020 8961 7136 7170 5544 1457 7599 8159 7714 2481 2308 7403 2641 7273 4123 6048 7368 8197 3092 9825 8157 6201 8515 4638 8166 2074 3733 5836 9316 9309 5126 4516 1902 9782 1758 8385 3878 7397 6838 8854 1410 9597 2236 4953 3766 3129 4575 9878 6857 3908 5717 8337 8712 31 766 8751 3684 1394 4304 4440 5931 4591 6649 5449 4722 5431 3866 4890 9643 8105 1870 5285 4022 8315 1575 3330 5022 4954 7127 1115 2014 4273 3794 5520 7230 5563 9211 2608
194 7476 9518 851 2750 6219 5132 9075 4042 3611 3527 7549 3839 2230 258 1227 1764 4045 4558 366 5721 3297 3753 237 7718 5812 4218 4334 9888 1407 7094 5094 5251 7407 6555 3288 8676 0 4218 5274 6831 1938 1456 5975 1476 1330 8303 4940 5172 2548 5462 5330 2791 6622 5530 4067 9712 396 9 8877 1352 515 63 3323 6284 4965 5549 1368 1560 8474 5439 284 882 6238 9557 9342 5746 2259 6351 1642 680 3555 202 296 1382 8393 3412 9233 1013 5089 8710 257 1756 9544 7918 4381 1307 679 7299 3796 720 455 783 8762 7228 5163 3679 1454 7282 4941 2210 9151 2355 7185 1570 77 4300 6396 794 8075 2769 6169 7520 1364 1529 5675 3017 2738 9653 906 3175 705 9281 7511 2444 3699 8482 5101 5895 3797 4293 6430 5767 5368 9236 8463 3645 6819 354 8723 9821 9391 1093 2314 1021 3284 6794 26 4375 5972 4145 4051 6968 2727 5888 8280 4326 7345 1859 5287 1891 3313 8202 619 3315 5447 3272 2059 1374 3931 2102 4568 3379 7542 6100 3245 5613 878 5237 532 4485 7972 1265 6506 9931 2881 3757 838 5083 9101
7286 902 296 1796 3958 6897 3364 2087 1322 4673 6982 9309 2076 4330 8257 5833 540 8666 8180 9167 2903 2928 3003 974 3938 8088 4140 9556 6045 9423 5890 5732 3979 1103 5711 3612 6247 4218 0 4515 2334 5230 2303 9057 4750 8600 6683 3957 3728 3137 6409 787 4173 6348 7848 495 4478 1192 8947 3797 9060 7157 2566 8909 8765 9588 2424 6723 4489 8304 2781 3051 7832 4942 9454 4080 5930 1832 3664 687 4912 3901 3779 9397 9964 2210 6743 9707 2085 1009 2320 8606 2520 6903 5520 5421 5388 1156 1019 2671 9523 2336 1984 3472 9985 2751 6069 6733 3673 9406 6113 5314 2212 1935 9952 7093 288 4739 6551 9843 3603 9333 9243 4565 3273 2660 8674 9210 2626 3897 7344 6384 849 7178 9595 8639 9023 8418 8009 7660 5520 5488 26 5224 4900 1597 6533 4875 2165 9999 3463 3520 149 8486 4927 7952 78 3783 1266 8857 8491 5647 2870 8667 9744 3132 1190 3378 4257 1826 6691 6659 74 1169 1811 6368 8689 1041 1644 1424 4167 9041 3830 3854 9876 5147 3462 52 3798 302 9739 1867 2938 1572 1256 812 3832 7211 3339 9315
3012 4533 9897 418 7862 2896 8193 5841 6033 1525 479 3236 620 5057 6062 6930 3282 4889 6092 2108 7785 5547 3931 9170 5819 8579 2771 1666 2237 2319 912 4840 4634 5369 8150 8920 9922 5274 4515 0 7556 2584 5271 9746 998 6849 3245 6070 6182 195 3892 5509 3378 7030 6057 9160 182 6676 6496 8154 1907 9697 8377 4845 2969 6465 3286 7186 8018 6790 3783 1926 7012 129 5896 3199 7709 2930 7246 3558 5120 6507 1761 5525 859 5508 8028 9928 5944 6707 9279 5781 9941 5563 3655 5065 5971 1800 9310 6321 1866 1897 8456 9027 8946 988 9994 7791 3082 7077 3285 3996 5903 6759 5152 156 3372 2760 4599 9548 6306 420 8720 6019 8059 7667 7620 4547 7507 6275 9450 1962 7355 9087 9363 6219 8312 4768 3826 1129 9953 2808 2409 5499 1980 8948 7189 5643 600 7222 4 6430 1531 5586 211 9005 7620 6414 3309 2262 6047 5535 2829 2932 5579 4480 1783 1359 6286 27 7344 4693 1682 4749 6883 6015 7235 6446 9151 2373 754 4806 6985 4746 8132 7870 2736 6163 8611 7692 2058 8915 1644 2482 7434 6902 3328 5289 7819 113
