100
0 2146 2356 5398 1188 2714 3894 34 4618 205 5484 9916 9890 8060 937 6070 2345 4616 1937 3185 6689 5354 2273 1169 3083 1168 3793 7241 2227 2846 9047 2626 7348 7262 9493 5842 5302 1280 5414 4669 1217 3377 5899 8360 5979 474 9637 8719 2022 1519 1837 8347 7275 8576 4795 9715 3046 6825 2136 1610 6467 3854 4947 4341 986 6143 8203 9993 2875 759 9025 5039 2441 3905 3889 550 437 8836 669 7573 4512 9543 3817 1036 2344 7765 9748 6374 4591 4800 3036 6681 7551 9205 684 5648 5345 9405 694 4919
2146 0 4210 3566 1412 5632 3362 469 6095 3615 1914 9757 9960 9004 7314 9701 1977 6949 5544 7190 1612 9451 8281 9517 4808 3576 9441 722 4949 708 6287 3721 9382 6789 4206 9338 5110 4531 9496 4372 3665 8493 3476 7539 283 3490 4286 3209 1858 2775 6643 3057 2293 5767 921 7264 3863 1647 5934 5042 9949 4394 4557 9714 5173 3835 410 2088 702 7803 7416 2921 2320 2952 9101 4843 5160 5000 4297 8764 7262 3745 546 6531 3765 6000 7739 7092 3372 9946 7023 9306 720 9591 8273 9566 7035 3640 4893 7217
2356 4210 0 4076 5785 3577 839 4086 5234 6848 7053 9075 4268 2018 6460 954 9316 2353 1184 6467 2699 638 4690 1584 6392 9422 7114 9768 6687 5269 1649 7595 1742 2707 4339 8932 8635 3467 6426 9879 7874 5424 6315 491 5415 5444 5552 3347 4088 9064 9403 8041 1602 9633 8770 2532 8345 1546 6758 4716 714 5215 21 8624 8485 5737 4219 2818 252 4224 3980 2736 6078 4399 9552 1766 6460 9965 5977 9524 7057 439 6508 5722 2266 6424 381 7498 9545 7263 3857 755 3462 9002 8559 2483 7756 3195 3401 875
5398 3566 4076 0 2633 2189 1745 3216 7574 1492 9295 9395 3375 5345 5429 4924 1111 9990 3816 2739 6054 1777 7630 4201 8885 8534 4047 657 4607 2602 3570 1158 9879 8166 5254 4734 3847 1271 1975 6056 5877 4601 7583 9695 3145 4286 5892 9939 4109 4578 6584 4724 2173 5036 3641 6251 6258 1549 1855 7745 7460 5626 3395 6769 2617 131 1361 2168 1773 1916 5897 3618 4162 8010 8194 72 9931 6706 278 7484 4825 5100 5919 6942 1670 7825 5609 8567 4092 6216 8200 2440 2012 9065 9047 5018 1780 3406 4624 5228
1188 1412 5785 2633 0 145 2521 1564 354 6119 7851 5058 4060 1955 9218 3668 7846 6787 1445 5409 962 7236 4519 9545 4552 6429 623 4585 5187 1256 7010 9203 721 8394 7780 5293 266 8653 3946 3740 5617 6283 7342 1397 3868 1920 3865 2069 3390 2239 2219 3993 6677 4215 9880 4780 439 9695 4204 1016 3085 3587 9427 6116 6392 4747 2985 4876 3924 218 7163 3176 1637 1687 4421 1182 3390 7476 5022 6880 6676 7938 647 1314 3555 9177 2893 4019 8608 4678 7682 5210 3640 2801 7813 1531 9515 499 762 2457
2714 5632 3577 2189 145 0 647 4796 8941 1788 8758 8304 9154 4753 9391 2434 5680 2018 1681 5123 8024 7089 3116 1158 5251 4665 4301 6292 4508 1758 6374 6444 1882 5018 1391 1460 2698 4459 2998 1060 9144 6768 2128 2607 4136 4004 8027 7463 7608 4227 4144 7288 7550 5649 7953 1504 1458 2911 814 703 6550 4275 9797 1279 1747 4020 1005 8944 432 9526 4337 8252 6305 2387 4730 7089 5471 5901 5086 5121 5646 9492 3846 5665 1945 7993 3571 9241 9955 7747 9842 4793 9465 4139 6366 1240 9001 2644 9852 1746
3894 3362 839 1745 2521 647 0 4368 4414 4465 9824 5495 4186 8826 831 128 1358 4524 2178 9997 1142 6257 6963 9282 4118 449 6448 2562 9252 3534 4849 6503 7553 1413 4706 209 3123 6467 1738 1622 6217 4846 8811 2072 1489 9381 9091 2893 1215 9568 9085 9666 3881 2719 8273 9265 5550 9966 7033 7552 4041 2896 2862 9207 8731 8710 9353 8681 897 209 3005 4309 9589 6156 4583 828 1003 4030 2384 7008 4335 5149 631 1330 1036 1642 3926 6598 3223 2236 7907 1613 4107 1420 2195 6360 8911 8594 4898 148
34 469 4086 3216 1564 4796 4368 0 8778 2008 786 594 9471 9875 9847 4314 8519 3427 3906 3430 9545 560 9449 3039 6670 4967 9096 1869 7444 5564 1345 257 2449 3018 3596 3069 1602 5620 5207 4515 8674 7962 9346 6306 3708 7093 641 1557 9628 9164 7829 7431 9246 2866 871 1061 8709 5449 4491 2939 3430 2104 680 2322 1264 7311 6942 590 2876 120 9690 1632 7725 3781 9421 4547 3292 3947 4079 7100 1193 8333 951 263 6389 341 5033 9162 7558 126 6183 2728 7609 8336 9244 9007 1834 1395 3862 4420
4618 6095 5234 7574 354 8941 4414 8778 0 1387 6552 5077 5319 7003 3158 7091 3596 6391 3424 1007 4677 8998 1423 9454 5005 9072 3610 2677 5009 3070 9335 9444 7148 8875 9831 8650 8760 8717 4857 4316 1115 6732 9470 2199 3994 4841 939 4199 6653 9428 7562 8779 3167 7893 5498 5014 6051 9214 4156 3052 4124 6842 7881 6168 3165 6039 1201 9317 4565 9386 7268 7400 1848 7206 5476 3238 2720 3065 6677 7460 1711 2577 803 2843 5461 51 4007 6471 9818 9048 5981 3104 6025 7781 9880 9728 4868 7550 9305 5091
205 3615 6848 1492 6119 1788 4465 2008 1387 0 9358 7979 1231 7698 7318 668 626 1316 984 9570 2879 4024 8068 6194 2356 7089 4623 9449 4764 4523 2272 6647 1089 1097 6597 4878 5996 7433 2312 2914 2929 1730 7357 210 3499 5022 6365 9382 6322 3700 4108 3307 6326 9083 4514 8722 6617 2141 2765 6974 8932 7512 4409 5973 9663 8072 9572 8672 2817 353 6614 2694 3245 1382 6474 6121 6651 8453 54 8591 1986 7767 5476 7974 3455 4096 49 784 7208 8704 3104 3410 5946 548 4050 7592 9845 2203 3547 9997
5484 1914 7053 9295 7851 8758 9824 786 6552 9358 0 140 3130 5490 3462 2692 1159 401 2421 5619 4978 5783 7081 6299 5485 2619 5941 6790 772 7955 6024 3420 6827 3188 5460 5823 4589 5709 6686 6773 5844 4842 6542 5923 1442 7010 4075 5764 3359 7879 765 6103 1005 4357 7493 8061 9680 3725 6163 2557 5944 4703 3157 8163 8881 8220 2719 7938 565 4165 8364 9198 3315 4880 9507 1706 9618 3183 417 4981 1862 6458 8393 3556 6716 5743 6038 2867 8406 7502 7929 1682 7229 2204 6229 7094 861 3995 5303 358
9916 9757 9075 9395 5058 8304 5495 594 5077 7979 140 0 4843 4983 4061 5549 1929 2012 2894 1149 998 2101 6059 2854 7144 300 3576 159 7986 6304 4060 9237 5347 7067 734 7608 9181 408 9356 6690 272 2009 1129 4715 9571 876 2673 5493 7924 8138 6675 3461 7936 1078 8782 2864 6105 3478 4049 4887 5167 390 482 1842 5127 1433 3423 2304 5355 8161 2393 8922 2990 8380 8332 8826 2086 742 1281 918 194 5418 7022 1025 1701 2075 2839 5360 372 2984 7868 9805 1622 6334 3333 9260 1826 1474 1123 2225
9890 9960 4268 3375 4060 9154 4186 9471 5319 1231 3130 4843 0 4048 1859 5252 7996 1720 1183 9170 3448 3801 3277 2338 5875 3173 9836 7287 3889 529 2428 6077 865 4416 8900 7349 5924 715 7328 8825 9061 3700 2189 5227 5119 9808 1895 1244 5471 3117 9164 6779 8905 9969 8075 7162 551 4374 6243 9582 3911 9823 2704 1158 9040 8372 3311 2466 8943 4771 3069 9384 7101 6701 8209 6399 9519 1484 1013 9414 4767 3442 4885 5040 2485 8237 3118 5184 5444 2099 8693 6841 9458 5401 7459 8437 8754 483 8124 3256
8060 9004 2018 5345 1955 4753 8826 9875 7003 7698 5490 4983 4048 0 6806 8699 2729 4242 8094 2150 3899 8162 4356 7284 8544 4888 8117 3721 3190 2950 6429 5741 4860 9220 7758 3508 5679 1713 9199 3949 6419 9265 3882 797 5592 8446 7105 1790 2762 2852 5923 1761 3954 2637 23 9173 6842 3440 2717 9453 2956 1508 4659 4124 6904 8498 8016 648 8048 4725 6442 4031 1986 2012 1136 459 7399 2018 212 8614 4063 5207 6505 1510 4465 2786 2042 8377 4559 7476 7796 248 5162 1012 8789 8353 9269 2619 6080 6862
937 7314 6460 5429 9218 9391 831 9847 3158 7318 3462 4061 1859 6806 0 5033 3489 3147 8806 8043 300 7597 7150 4958 7021 3630 2279 8050 2828 986 8558 130 762 6733 4432 9784 2698 2087 8423 1310 5774 1192 626 4378 1920 6568 4600 9368 8162 5309 6847 5158 2327 6228 3464 8828 3735 7505 5677 5915 3027 5628 7450 8296 6409 3151 1277 3437 1897 8846 372 5485 2811 2499 1413 540 3071 4396 8272 7373 665 2256 3781 9835 5110 4585 9133 6249 105 8280 5470 9421 1934 898 3291 1321 7630 2891 2657 9808
6070 9701 954 4924 3668 2434 128 4314 7091 668 2692 5549 5252 8699 5033 0 9981 8566 5985 3930 3928 4479 6998 2080 3 6980 4746 7692 1396 4241 216 2351 4239 953 9219 347 6333 8611 3428 596 2615 2782 5347 4123 9783 9998 4018 9733 6834 2316 4292 14 924 8059 764 1420 4437 5201 6523 9831 1834 3068 2729 7792 2258 6875 6833 3847 2137 1744 7127 939 3616 9031 3410 8728 8051 8589 7564 1435 8281 2249 9172 3971 3572 4365 6209 6629 1563 2149 5123 6046 588 6217 2900 7480 1624 2366 2811 5505
2345 1977 9316 1111 7846 5680 1358 8519 3596 626 1159 1929 7996 2729 3489 9981 0 7596 1547 348 5809 8411 6721 1816 2603 4278 7612 8385 4087 6185 5838 8781 4094 1071 8043 5367 2293 969 1750 6384 8269 5545 1911 7956 7075 6876 1649 463 8600 2815 6676 7542 6666 6407 4644 7338 226 8293 8641 9510 643 6661 1113 6115 5227 6739 822 8350 3674 3992 7716 518 2165 8452 938 3013 7159 9605 1575 5556 2988 7797 732 8781 5011 8222 6022 4720 4770 658 6305 7976 8483 7201 4363 3799 373 4260 3170 3880
4616 6949 2353 9990 6787 2018 4524 3427 6391 1316 401 2012 1720 4242 3147 8566 7596 0 3130 5773 9363 4379 6893 7778 617 3996 8573 9034 5957 2683 8182 2635 4659 5615 3878 9119 3350 9389 361 5120 5628 6843 4321 4028 2398 6318 6741 3292 2720 8644 9862 8229 5437 2469 9117 2200 8837 2447 9962 1764 2195 3081 4290 1291 4622 7504 9010 5932 5584 7063 2700 926 4720 9760 3208 5165 6803 5037 364 7654 9330 5749 407 9197 2616 9630 3737 3074 2929 1070 3831 2681 3882 3626 5684 3757 9297 5981 8728 8896
1937 5544 1184 3816 1445 1681 2178 3906 3424 984 2421 2894 1183 8094 8806 5985 1547 3130 0 6818 1180 6865 8449 5710 4532 2915 2333 3401 1343 2502 4147 1326 1128 8271 6992 4808 135 5697 5450 1260 4806 9953 1634 4458 5662 9638 7038 7696 7990 5201 7286 1188 6173 3410 8004 6484 6475 394 8548 7774 3400 7238 7360 2078 2080 731 4802 9517 2260 1415 1241 2862 3107 7628 4566 2569 7215 4894 8935 284 4280 3169 6520 7611 5216 5244 5901 7414 6100 4050 3047 2077 1154 7535 1816 6950 8492 517 3228 543
3185 7190 6467 2739 5409 5123 9997 3430 1007 9570 5619 1149 9170 2150 8043 3930 348 5773 6818 0 2420 2583 6177 8479 8452 8503 297 8098 9857 972 2982 7040 1831 9775 8501 1320 4817 7943 9891 180 5685 3521 4113 6495 5565 3739 8035 8035 5556 4843 6547 2269 5419 7720 7709 5872 3851 3795 1806 9831 8263 5045 5458 6434 7736 486 9228 9595 280 1456 3284 5951 7679 5003 4706 7511 1807 6063 1272 9864 8007 1628 3312 5148 2768 6789 5426 3638 752 8863 930 3723 6717 3206 4673 3557 9705 696 5961 6248
6689 1612 2699 6054 962 8024 1142 9545 4677 2879 4978 998 3448 3899 300 3928 5809 9363 1180 2420 0 3735 3991 8394 6085 70 4689 6840 7843 5234 952 9404 84 42 5065 719 6030 3019 2743 7049 8592 4342 7612 1566 2931 3935 1062 9170 4182 1037 2492 373 99 693 3418 6351 1284 7825 1942 3105 8273 513 318 6818 7625 7718 4050 5452 8365 87 6318 474 6717 4337 2196 7822 9508 5342 8054 2260 709 7246 5125 4610 7933 1325 616 7182 4383 8805 8508 8584 1773 3534 2914 79 189 2081 9684 736
5354 9451 638 1777 7236 7089 6257 560 8998 4024 5783 2101 3801 8162 7597 4479 8411 4379 6865 2583 3735 0 5698 3218 4057 3133 302 9265 7064 7439 4902 5915 4244 3773 699 6526 4429 7218 1202 5091 2950 6233 9522 6335 8431 2637 5787 4012 7784 4594 6170 9195 8728 711 4324 473 9339 5929 94 3470 5925 191 2102 7856 8004 4629 4867 4730 9850 2642 951 1794 5733 4069 7623 948 2034 5436 2146 2580 2209 7555 8761 3215 852 2692 9887 6800 4769 3300 3475 9804 225 4124 5236 619 6962 5244 2663 3427
2273 8281 4690 7630 4519 3116 6963 9449 1423 8068 7081 6059 3277 4356 7150 6998 6721 6893 8449 6177 3991 5698 0 1039 8096 6065 7246 7331 6490 3107 8647 2523 6703 6690 5333 7629 9161 3910 3563 5590 5771 2943 3758 2598 7078 8670 5802 5156 1308 7413 3628 5758 5230 5898 4602 3560 6579 3824 5049 1630 940 1343 6561 5980 571 6739 3619 2528 4360 7250 3739 285 9923 6020 6660 1157 3868 5592 602 7541 950 4292 911 6002 3933 7009 7178 9856 6832 9541 4049 8676 2874 3190 2096 4172 5066 2663 9622 3368
1169 9517 1584 4201 9545 1158 9282 3039 9454 6194 6299 2854 2338 7284 4958 2080 1816 7778 5710 8479 8394 3218 1039 0 6624 5628 2614 8077 4783 7235 1040 5446 8538 191 1317 8698 4249 4481 4832 1324 2539 2868 1127 7671 9403 2921 186 5190 223 8664 1256 8058 4339 9513 9125 5317 5598 3275 5897 3515 439 926 7707 1561 5088 1672 2323 5223 6069 3162 2065 5533 8493 1329 9259 5290 1423 8051 5971 2145 3035 2554 3240 6460 3907 5182 1198 9969 361 1547 4950 2226 1412 6334 3545 5603 7562 470 8530 2635
3083 4808 6392 8885 4552 5251 4118 6670 5005 2356 5485 7144 5875 8544 7021 3 2603 617 4532 8452 6085 4057 8096 6624 0 3520 2446 5929 9016 8030 8583 2716 7001 8263 9664 8525 7570 5714 5364 8202 3986 5404 7329 2173 6272 3789 5648 5590 1499 7856 3449 3285 3548 5205 3026 698 7407 2341 5921 1276 9464 9537 2127 1175 5889 4068 8099 3777 3454 7962 6776 799 1856 5662 9190 6375 1288 4887 9916 6731 3389 6944 3552 5417 2486 7149 1288 5925 5746 418 3808 4911 8652 4311 429 2339 7202 1681 2236 6873
1168 3576 9422 8534 6429 4665 449 4967 9072 7089 2619 300 3173 4888 3630 6980 4278 3996 2915 8503 70 3133 6065 5628 3520 0 3314 6344 1540 3948 6948 8835 7624 2618 4683 5781 157 9054 6855 2816 8072 98 9370 815 5134 2431 2977 6695 3236 9471 8793 2471 7487 1598 9969 6596 236 705 862 3265 9299 6538 3025 1409 8242 9100 4040 3787 2442 8342 3938 6679 9776 6006 1715 5536 6967 2858 8083 618 8140 4881 9081 1656 4203 6860 1761 6051 2349 4011 3472 2119 8024 2949 6463 5395 3565 3923 1931 6467
3793 9441 7114 4047 623 4301 6448 9096 3610 4623 5941 3576 9836 8117 2279 4746 7612 8573 2333 297 4689 302 7246 2614 2446 3314 0 7337 2908 1110 4447 357 8927 4922 5712 9751 2662 851 3397 8249 2654 1387 1416 8132 9926 1470 4435 144 5745 2758 5794 3937 8307 9182 7502 2685 4191 5632 8997 166 1959 7940 8929 1333 8186 6766 5055 2316 6983 9963 3415 1730 2684 370 6256 1974 5637 4206 9543 7110 6729 5264 6721 4291 3340 3759 6710 2411 344 5847 4378 2315 9144 2222 8391 6614 2898 4161 8079 401
7241 722 9768 657 4585 6292 2562 1869 2677 9449 6790 159 7287 3721 8050 7692 8385 9034 3401 8098 6840 9265 7331 8077 5929 6344 7337 0 1043 3572 2948 5378 2572 3939 7789 9738 2433 6799 6351 7571 1774 1757 799 1299 5637 8033 6958 8051 5512 2560 3151 2337 3129 8031 4938 6498 3548 4694 5836 7191 5925 9405 8226 3193 9159 5654 2367 2617 268 4076 2624 8859 5657 3329 2749 1368 7486 6289 140 3222 5865 8721 1454 5042 6068 2331 9005 2349 1188 3176 7664 7062 1905 1202 5703 2346 2859 8538 1218 5280
2227 4949 6687 4607 5187 4508 9252 7444 5009 4764 772 7986 3889 3190 2828 1396 4087 5957 1343 9857 7843 7064 6490 4783 9016 1540 2908 1043 0 840 2542 6924 2945 9006 5867 4665 2885 8080 2223 5499 7326 8482 7463 3431 5271 8893 7167 4840 2207 2783 8139 7285 4666 9201 4541 4502 1512 685 2165 7371 2299 8835 1463 8944 1391 1805 388 1151 1273 9221 1478 1468 4930 5585 1500 3752 6238 1155 6377 4531 2938 9473 8179 2037 508 7434 3682 8351 7430 3565 4479 7987 5126 2052 1031 897 5726 1622 4108 5374
2846 708 5269 2602 1256 1758 3534 5564 3070 4523 7955 6304 529 2950 986 4241 6185 2683 2502 972 5234 7439 3107 7235 8030 3948 1110 3572 840 0 5635 6587 6552 1424 9871 1600 4692 6062 2751 2079 8194 662 9552 8062 5506 2209 3928 1802 5867 8478 5867 3539 7143 1513 633 955 3884 760 2582 6463 546 3577 1283 9166 1581 4977 3583 6637 8492 7122 9957 7829 1080 3268 8116 2954 1578 8367 9177 5345 3421 9409 4393 505 5706 1718 5754 338 6360 2224 6013 5373 5119 1072 729 6554 951 7737 7538 4775
9047 6287 1649 3570 7010 6374 4849 1345 9335 2272 6024 4060 2428 6429 8558 216 5838 8182 4147 2982 952 4902 8647 1040 8583 6948 4447 2948 2542 5635 0 9268 3470 9939 8017 7049 4577 5214 5569 9062 5547 3689 3354 1067 5851 5990 4420 8175 8676 1548 7769 813 3953 6797 9661 1851 6063 3341 6720 1367 8708 9192 4760 6339 3931 8629 5010 2868 8446 5863 5386 6837 1573 1198 8841 7462 1496 1300 9121 1988 4584 3361 4914 2685 5391 6231 4381 2546 2758 6971 742 5057 4935 7992 7113 7794 1521 102 9619 8029
2626 3721 7595 1158 9203 6444 6503 257 9444 6647 3420 9237 6077 5741 130 2351 8781 2635 1326 7040 9404 5915 2523 5446 2716 8835 357 5378 6924 6587 9268 0 1174 1960 1693 9248 9998 3860 6010 180 7363 7750 6802 6168 3698 8326 7398 2289 7718 1238 1956 4660 942 5437 7567 9132 8975 8806 4095 4645 6703 121 8228 3284 6490 2086 700 2546 8847 984 1324 186 6519 7096 3449 4834 7080 232 126 8558 2895 5464 5223 7446 5131 4044 3144 8310 6987 6629 2856 6910 4862 8273 7922 3147 8692 5111 7037 1489
7348 9382 1742 9879 721 1882 7553 2449 7148 1089 6827 5347 865 4860 762 4239 4094 4659 1128 1831 84 4244 6703 8538 7001 7624 8927 2572 2945 6552 3470 1174 0 9888 4120 4283 4757 4742 9330 395 7497 9511 1899 3490 1588 3774 2296 9690 3805 4427 7007 4130 8746 1237 8847 3068 5160 4938 875 9919 4424 1381 747 7171 8404 1434 7785 7391 2488 9117 9739 5556 6202 5555 7031 3749 8390 5674 1593 5326 63 4223 3749 1415 5162 6605 2690 6499 1433 5367 4861 3580 8857 7134 529 5587 43 5867 3008 3172
7262 6789 2707 8166 8394 5018 1413 3018 8875 1097 3188 7067 4416 9220 6733 953 1071 5615 8271 9775 42 3773 6690 191 8263 2618 4922 3939 9006 1424 9939 1960 9888 0 1028 6754 4428 7421 2779 7340 9270 6721 4163 3526 1651 3719 4011 5563 1573 5784 5298 5522 2112 8125 5974 2340 6913 3127 3275 2028 2099 1446 541 1916 9832 7693 9019 4559 2757 6264 4458 8511 1951 8981 1906 6066 5038 4975 4002 7081 4046 3100 4694 4035 8666 1798 7137 1831 2887 141 5890 4465 9488 328 4199 5936 7771 3690 1475 3921
9493 4206 4339 5254 7780 1391 4706 3596 9831 6597 5460 734 8900 7758 4432 9219 8043 3878 6992 8501 5065 699 5333 1317 9664 4683 5712 7789 5867 9871 8017 1693 4120 1028 0 9492 957 7952 3032 5923 3296 6039 7991 303 3883 7062 5058 413 8875 927 7791 5649 4567 2380 2621 5744 6736 4277 3168 629 4159 8274 1189 8126 2936 1656 8903 1415 5628 941 8400 2562 9835 43 6865 1501 8964 1893 9987 7437 1029 2948 7201 7303 4046 8054 8227 8023 8439 1668 1057 2085 6901 847 3917 2866 3618 6528 1276 7541
5842 9338 8932 4734 5293 1460 209 3069 8650 4878 5823 7608 7349 3508 9784 347 5367 9119 4808 1320 719 6526 7629 8698 8525 5781 9751 9738 4665 1600 7049 9248 4283 6754 9492 0 4031 1722 9473 2663 8939 4914 3592 6584 3387 459 1555 6458 1091 8044 3028 5874 9449 6875 7431 7055 6872 9157 6314 5355 9064 4581 228 3174 4832 5756 2041 9320 5871 3572 4066 8824 8097 9691 5773 4799 2730 9673 7761 3746 3254 4233 1238 2143 475 6784 6205 9404 5295 1988 7619 6620 9626 9927 5300 111 7526 9118 6212 3116
5302 5110 8635 3847 266 2698 3123 1602 8760 5996 4589 9181 5924 5679 2698 6333 2293 3350 135 4817 6030 4429 9161 4249 7570 157 2662 2433 2885 4692 4577 9998 4757 4428 957 4031 0 6969 4909 4970 3723 7937 4788 1647 6661 9172 8681 5148 5002 7559 6163 7414 5377 663 1575 4852 2218 1700 9309 9109 6192 5644 3179 1683 8330 7680 4624 4257 7908 667 4450 7983 1569 7442 5631 9546 4311 3938 6901 2659 6310 1886 36 3752 7200 1566 918 7947 3958 8105 8453 7857 775 6774 6826 7476 8153 282 7825 2054
1280 4531 3467 1271 8653 4459 6467 5620 8717 7433 5709 408 715 1713 2087 8611 969 9389 5697 7943 3019 7218 3910 4481 5714 9054 851 6799 8080 6062 5214 3860 4742 7421 7952 1722 6969 0 7970 2748 6184 2918 2142 7694 5078 5819 3622 2588 8472 6113 6132 4090 7286 7514 3786 8093 948 931 9003 6449 1479 1108 2848 8886 2912 3739 9016 9646 2747 8334 9263 3248 5499 8555 5223 3831 1791 1639 2845 9233 3677 573 4702 7779 7650 4175 7231 1380 5063 2601 6485 544 5805 4772 8808 790 6709 4196 2318 2146
5414 9496 6426 1975 3946 2998 1738 5207 4857 2312 6686 9356 7328 9199 8423 3428 1750 361 5450 9891 2743 1202 3563 4832 5364 6855 3397 6351 2223 2751 5569 6010 9330 2779 3032 9473 4909 7970 0 9349 2982 3369 8318 4030 8779 1807 2020 9324 6803 3844 467 8211 2119 676 9614 6732 7361 4709 4136 4136 9600 2792 3229 8179 2900 8254 9250 8024 52 9321 1779 6184 7115 50 2147 9002 6830 397 9405 3769 5950 7634 8466 1007 7926 3308 5691 7388 7229 6234 2332 8832 7771 4438 8918 5107 9525 6667 8240 3631
4669 4372 9879 6056 3740 1060 1622 4515 4316 2914 6773 6690 8825 3949 1310 596 6384 5120 1260 180 7049 5091 5590 1324 8202 2816 8249 7571 5499 2079 9062 180 395 7340 5923 2663 4970 2748 9349 0 484 9700 8846 7707 6583 6451 5046 7985 8969 4995 1646 7344 6125 6494 3969 1546 3910 2320 9671 8172 1539 408 5238 1538 9037 6339 7799 7003 7980 4946 2319 1455 1647 8395 7157 9333 6590 196 319 975 6539 5166 5450 4956 7501 6531 2560 6740 9572 8810 7142 3945 3848 5655 9627 7908 8941 7057 9717 1024
1217 3665 7874 5877 5617 9144 6217 8674 1115 2929 5844 272 9061 6419 5774 2615 8269 5628 4806 5685 8592 2950 5771 2539 3986 8072 2654 1774 7326 8194 5547 7363 7497 9270 3296 8939 3723 6184 2982 484 0 542 2393 3691 6291 209 508 9532 9299 4738 7420 6307 7886 8936 5525 7390 2189 7460 2525 7692 3503 3843 2314 6030 6664 7520 7614 7661 4998 7091 3628 7415 8012 965 4741 2809 8234 9544 3072 9224 2693 4292 9347 9270 9572 6829 241 1747 7255 8454 4743 3966 6157 2937 8823 5152 8779 5818 4095 4351
3377 8493 5424 4601 6283 6768 4846 7962 6732 1730 4842 2009 3700 9265 1192 2782 5545 6843 9953 3521 4342 6233 2943 2868 5404 98 1387 1757 8482 662 3689 7750 9511 6721 6039 4914 7937 2918 3369 9700 542 0 9059 4256 3607 1563 2356 5278 7997 1399 5721 9141 3743 1736 2129 5468 7584 8067 5488 4586 6789 3599 6494 9969 9970 9613 2378 8374 1593 2326 2058 4951 9748 7800 5240 3455 9867 8202 5155 6026 6939 1946 9777 8927 7503 7362 7088 8586 8817 5166 5583 6094 6931 8707 7101 8230 6758 3426 9234 9661
5899 3476 6315 7583 7342 2128 8811 9346 9470 7357 6542 1129 2189 3882 626 5347 1911 4321 1634 4113 7612 9522 3758 1127 7329 9370 1416 799 7463 9552 3354 6802 1899 4163 7991 3592 4788 2142 8318 8846 2393 9059 0 3345 1121 3673 1261 5264 3333 8987 1235 5319 3490 5852 7038 1830 1310 7200 6860 2283 7245 69 398 6378 3507 1471 8067 7797 3172 3614 9965 2211 9817 9257 6298 5127 7166 4574 5772 2519 2482 7405 8376 4440 7930 7222 6426 5984 4594 3185 9272 3630 6768 1279 8194 5105 3088 6267 2219 849
8360 7539 491 9695 1397 2607 2072 6306 2199 210 5923 4715 5227 797 4378 4123 7956 4028 4458 6495 1566 6335 2598 7671 2173 815 8132 1299 3431 8062 1067 6168 3490 3526 303 6584 1647 7694 4030 7707 3691 4256 3345 0 5039 6609 7798 7684 9225 9117 5550 4332 8981 1081 1098 9589 871 5043 3513 1500 4104 5208 9307 7622 7154 7698 1911 3508 7396 5267 4229 2927 3645 556 574 7536 8957 2218 8993 7392 8175 5394 6837 7426 7296 7733 570 2252 647 2845 2985 8091 90 4285 8571 2573 6465 830 1073 2599
5979 283 5415 3145 3868 4136 1489 3708 3994 3499 1442 9571 5119 5592 1920 9783 7075 2398 5662 5565 2931 8431 7078 9403 6272 5134 9926 5637 5271 5506 5851 3698 1588 1651 3883 3387 6661 5078 8779 6583 6291 3607 1121 5039 0 9992 1460 2741 2688 1267 9647 1674 4508 6105 1526 1599 4150 8770 8502 6206 8893 1119 6313 2758 5560 1004 4760 63 4750 3454 197 8826 8536 10000 9982 7284 9961 2979 987 5191 8294 2852 6357 9811 1942 879 1557 4147 5789 3919 3509 4868 9873 9467 6149 8644 1157 5621 2957 9797
474 3490 5444 4286 1920 4004 9381 7093 4841 5022 7010 876 9808 8446 6568 9998 6876 6318 9638 3739 3935 2637 8670 2921 3789 2431 1470 8033 8893 2209 5990 8326 3774 3719 7062 459 9172 5819 1807 6451 209 1563 3673 6609 9992 0 2613 2692 3757 9374 6548 9015 3188 5705 6643 9943 3266 7191 9690 427 2146 9504 7237 8981 2930 3357 1893 9224 6818 4119 6988 6068 6497 165 1794 7828 393 9383 5386 8837 6391 2629 8543 6559 864 4156 7774 8761 4665 5954 6262 8326 1992 6754 9922 1845 710 1859 5512 6270
9637 4286 5552 5892 3865 8027 9091 641 939 6365 4075 2673 1895 7105 4600 4018 1649 6741 7038 8035 1062 5787 5802 186 5648 2977 4435 6958 7167 3928 4420 7398 2296 4011 5058 1555 8681 3622 2020 5046 508 2356 1261 7798 1460 2613 0 4904 5419 1540 6546 966 925 6443 8860 3572 8437 2496 7426 2904 791 7899 6355 6747 6578 7670 5350 2276 5201 5408 6379 3268 5813 7616 4978 6322 9067 6654 2178 4290 5760 6195 9009 9951 3517 254 7595 1835 7480 3166 6947 5583 4497 8405 5843 3365 3775 2593 9944 9695
8719 3209 3347 9939 2069 7463 2893 1557 4199 9382 5764 5493 1244 1790 9368 9733 463 3292 7696 8035 9170 4012 5156 5190 5590 6695 144 8051 4840 1802 8175 2289 9690 5563 413 6458 5148 2588 9324 7985 9532 5278 5264 7684 2741 2692 4904 0 5922 7645 2308 6178 1551 2255 1439 6203 2420 3022 1643 353 9138 4161 4206 2733 306 3347 9609 6427 4403 7151 1902 5793 5092 7540 552 7536 1046 5709 1983 7503 8764 222 7938 693 1796 4771 6503 9617 4029 6068 3932 9939 5344 3311 3298 8657 5071 7445 3179 8142
2022 1858 4088 4109 3390 7608 1215 9628 6653 6322 3359 7924 5471 2762 8162 6834 8600 2720 7990 5556 4182 7784 1308 223 1499 3236 5745 5512 2207 5867 8676 7718 3805 1573 8875 1091 5002 8472 6803 8969 9299 7997 3333 9225 2688 3757 5419 5922 0 498 3559 8473 4747 8085 9402 6469 6305 9944 6259 5490 3142 1766 5981 9534 7058 7263 1996 3115 3469 1254 9013 4528 3332 939 426 7280 2167 7480 6610 447 6476 9762 2839 7927 1962 170 8680 114 1672 3445 953 2950 2006 1615 6459 5738 185 202 6341 7205
1519 2775 9064 4578 2239 4227 9568 9164 9428 3700 7879 8138 3117 2852 5309 2316 2815 8644 5201 4843 1037 4594 7413 8664 7856 9471 2758 2560 2783 8478 1548 1238 4427 5784 927 8044 7559 6113 3844 4995 4738 1399 8987 9117 1267 9374 1540 7645 498 0 9344 2421 3250 331 6342 7975 6592 8616 7596 2666 9007 2934 2601 5830 9350 1870 4014 6949 562 8958 6885 705 7652 183 564 8693 9086 2853 687 7393 226 5221 4580 7113 6362 3849 5427 5045 6152 8220 4532 9771 4884 3177 2854 5025 4836 5460 4735 9645
1837 6643 9403 6584 2219 4144 9085 7829 7562 4108 765 6675 9164 5923 6847 4292 6676 9862 7286 6547 2492 6170 3628 1256 3449 8793 5794 3151 8139 5867 7769 1956 7007 5298 7791 3028 6163 6132 467 1646 7420 5721 1235 5550 9647 6548 6546 2308 3559 9344 0 728 4502 2066 4054 6570 2997 7098 8014 4162 9889 9314 7686 4218 3368 4246 3576 7705 630 2470 5330 4177 1055 2062 7812 2494 2674 6987 9844 7075 2219 592 8693 6266 8916 5305 1960 1224 9370 2236 9028 8334 9245 9178 5832 9276 7553 6937 5916 1438
8347 3057 8041 4724 3993 7288 9666 7431 8779 3307 6103 3461 6779 1761 5158 14 7542 8229 1188 2269 373 9195 5758 8058 3285 2471 3937 2337 7285 3539 813 4660 4130 5522 5649 5874 7414 4090 8211 7344 6307 9141 5319 4332 1674 9015 966 6178 8473 2421 728 0 2345 2188 6007 9145 7578 4607 7178 7718 5057 8546 6873 8937 9218 266 7423 6229 9723 747 6845 6593 3477 1108 4992 7514 3302 2042 521 2802 2035 3015 2152 1987 2204 2384 3501 7176 616 2573 3956 1747 4895 8498 4193 9652 8364 3586 6139 6284
7275 2293 1602 2173 6677 7550 3881 9246 3167 6326 1005 7936 8905 3954 2327 924 6666 5437 6173 5419 99 8728 5230 4339 3548 7487 8307 3129 4666 7143 3953 942 8746 2112 4567 9449 5377 7286 2119 6125 7886 3743 3490 8981 4508 3188 925 1551 4747 3250 4502 2345 0 6399 3665 340 2640 2091 8144 4882 3055 3225 9383 1806 3478 9287 6275 9354 3703 8072 3802 3032 235 5810 5481 6640 2785 1360 4038 3390 2624 7005 1276 1784 5648 1854 6648 3097 9614 2415 5200 7206 8772 7424 5617 8083 7131 266 5249 9245
8576 5767 9633 5036 4215 5649 2719 2866 7893 9083 4357 1078 9969 2637 6228 8059 6407 2469 3410 7720 693 711 5898 9513 5205 1598 9182 8031 9201 1513 6797 5437 1237 8125 2380 6875 663 7514 676 6494 8936 1736 5852 1081 6105 5705 6443 2255 8085 331 2066 2188 6399 0 6110 1893 4226 1038 3127 4618 6106 2735 6562 4999 77 1287 881 6019 1041 1946 560 5928 6791 587 6825 3269 27 9456 5411 1993 3302 8095 3375 1521 3076 2366 3526 2423 2054 7611 7641 3182 5899 3150 7501 5621 7934 8000 4395 2986
4795 921 8770 3641 9880 7953 8273 871 5498 4514 7493 8782 8075 23 3464 764 4644 9117 8004 7709 3418 4324 4602 9125 3026 9969 7502 4938 4541 633 9661 7567 8847 5974 2621 7431 1575 3786 9614 3969 5525 2129 7038 1098 1526 6643 8860 1439 9402 6342 4054 6007 3665 6110 0 6982 2235 8516 3130 8375 8578 4998 4498 4094 2154 8352 2752 2817 7299 1540 1470 1708 3255 7317 1125 9223 6746 2284 2431 2200 3770 8511 2979 1131 5299 702 6949 6832 7845 3290 9147 7497 9626 8541 400 1935 9045 8891 6531 646
9715 7264 2532 6251 4780 1504 9265 1061 5014 8722 8061 2864 7162 9173 8828 1420 7338 2200 6484 5872 6351 473 3560 5317 698 6596 2685 6498 4502 955 1851 9132 3068 2340 5744 7055 4852 8093 6732 1546 7390 5468 1830 9589 1599 9943 3572 6203 6469 7975 6570 9145 340 1893 6982 0 547 8917 5126 9783 9970 2504 4221 4842 6462 4674 8670 6432 8666 4812 1214 2047 6567 3390 4381 3631 8464 4387 8765 9932 2570 3711 5003 1089 7419 3816 4409 4177 1900 7976 9820 4728 7928 902 4448 3397 824 3306 7468 5974
3046 3863 8345 6258 439 1458 5550 8709 6051 6617 9680 6105 551 6842 3735 4437 226 8837 6475 3851 1284 9339 6579 5598 7407 236 4191 3548 1512 3884 6063 8975 5160 6913 6736 6872 2218 948 7361 3910 2189 7584 1310 871 4150 3266 8437 2420 6305 6592 2997 7578 2640 4226 2235 547 0 1238 5193 7444 7319 8423 5613 9675 730 5763 3083 8328 1265 3940 8278 7606 8643 1601 1561 5760 9275 7787 8107 3936 1404 6478 7520 2379 7511 5301 9819 429 380 21 930 1575 4686 5142 681 7630 2314 5628 8748 2792
6825 1647 1546 1549 9695 2911 9966 5449 9214 2141 3725 3478 4374 3440 7505 5201 8293 2447 394 3795 7825 5929 3824 3275 2341 705 5632 4694 685 760 3341 8806 4938 3127 4277 9157 1700 931 4709 2320 7460 8067 7200 5043 8770 7191 2496 3022 9944 8616 7098 4607 2091 1038 8516 8917 1238 0 5456 1293 7727 7024 4221 1234 442 9716 3050 2425 3606 1339 3907 385 926 3287 4628 1693 297 5895 4158 3294 881 8923 469 2244 463 5137 7643 6138 9369 8640 7978 273 9612 6307 8230 1479 8833 6987 5301 652
2136 5934 6758 1855 4204 814 7033 4491 4156 2765 6163 4049 6243 2717 5677 6523 8641 9962 8548 1806 1942 94 5049 5897 5921 862 8997 5836 2165 2582 6720 4095 875 3275 3168 6314 9309 9003 4136 9671 2525 5488 6860 3513 8502 9690 7426 1643 6259 7596 8014 7178 8144 3127 3130 5126 5193 5456 0 4431 645 7233 6079 5380 7476 3269 2996 4555 116 9005 8696 7420 8523 3182 4754 5896 3523 2182 1284 8718 1425 8526 356 9031 9513 8154 1627 8665 7144 9229 1183 6827 1011 5155 6597 2212 5481 3553 894 7722
1610 5042 4716 7745 1016 703 7552 2939 3052 6974 2557 4887 9582 9453 5915 9831 9510 1764 7774 9831 3105 3470 1630 3515 1276 3265 166 7191 7371 6463 1367 4645 9919 2028 629 5355 9109 6449 4136 8172 7692 4586 2283 1500 6206 427 2904 353 5490 2666 4162 7718 4882 4618 8375 9783 7444 1293 4431 0 1341 4277 2681 7304 8200 38 4034 4351 1724 2249 9267 3557 500 1297 6536 7386 7951 5598 847 3942 7918 7349 1836 2817 3132 9046 8762 6950 6983 2427 5397 8470 5740 8191 6380 9223 6975 4483 6638 1053
6467 9949 714 7460 3085 6550 4041 3430 4124 8932 5944 5167 3911 2956 3027 1834 643 2195 3400 8263 8273 5925 940 439 9464 9299 1959 5925 2299 546 8708 6703 4424 2099 4159 9064 6192 1479 9600 1539 3503 6789 7245 4104 8893 2146 791 9138 3142 9007 9889 5057 3055 6106 8578 9970 7319 7727 645 1341 0 6023 6474 1265 1871 3802 8257 9999 4683 941 2680 4850 4763 2221 9946 1278 5837 1402 7859 5547 9074 3112 1862 5626 8879 4865 3553 3400 9529 6179 3828 5579 1134 6657 6592 5280 861 3511 6209 3687
3854 4394 5215 5626 3587 4275 2896 2104 6842 7512 4703 390 9823 1508 5628 3068 6661 3081 7238 5045 513 191 1343 926 9537 6538 7940 9405 8835 3577 9192 121 1381 1446 8274 4581 5644 1108 2792 408 3843 3599 69 5208 1119 9504 7899 4161 1766 2934 9314 8546 3225 2735 4998 2504 8423 7024 7233 4277 6023 0 3188 7814 1716 2596 5740 7154 532 6459 8814 830 8921 5359 6983 3776 7640 6102 9421 1132 9944 8448 1184 6778 5126 416 6958 9797 9545 8119 4664 178 9460 7398 377 4274 2394 2090 8690 9111
4947 4557 21 3395 9427 9797 2862 680 7881 4409 3157 482 2704 4659 7450 2729 1113 4290 7360 5458 318 2102 6561 7707 2127 3025 8929 8226 1463 1283 4760 8228 747 541 1189 228 3179 2848 3229 5238 2314 6494 398 9307 6313 7237 6355 4206 5981 2601 7686 6873 9383 6562 4498 4221 5613 4221 6079 2681 6474 3188 0 1746 9122 3921 4523 9942 7838 4573 7534 942 2516 3304 4496 510 7963 8221 1548 287 290 1730 2166 2898 464 2599 510 903 1940 1163 9828 1963 4037 7476 1038 4051 9202 1440 8847 4944
4341 9714 8624 6769 6116 1279 9207 2322 6168 5973 8163 1842 1158 4124 8296 7792 6115 1291 2078 6434 6818 7856 5980 1561 1175 1409 1333 3193 8944 9166 6339 3284 7171 1916 8126 3174 1683 8886 8179 1538 6030 9969 6378 7622 2758 8981 6747 2733 9534 5830 4218 8937 1806 4999 4094 4842 9675 1234 5380 7304 1265 7814 1746 0 1892 1969 5066 2553 7986 596 88 8584 642 4796 9199 8780 5841 6969 8291 9145 7377 4565 1848 9735 7042 478 3793 6689 6723 1007 1176 7120 1096 5850 1159 1074 103 8470 9017 8807
986 5173 8485 2617 6392 1747 8731 1264 3165 9663 8881 5127 9040 6904 6409 2258 5227 4622 2080 7736 7625 8004 571 5088 5889 8242 8186 9159 1391 1581 3931 6490 8404 9832 2936 4832 8330 2912 2900 9037 6664 9970 3507 7154 5560 2930 6578 306 7058 9350 3368 9218 3478 77 2154 6462 730 442 7476 8200 1871 1716 9122 1892 0 551 60 2816 1114 5349 4604 1447 5920 3524 6447 6350 4797 912 4180 1707 2843 1009 6810 2118 575 1665 3080 6355 6823 2642 1363 9816 4600 1417 8545 5462 8852 2417 3237 7982
6143 3835 5737 131 4747 4020 8710 7311 6039 8072 8220 1433 8372 8498 3151 6875 6739 7504 731 486 7718 4629 6739 1672 4068 9100 6766 5654 1805 4977 8629 2086 1434 7693 1656 5756 7680 3739 8254 6339 7520 9613 1471 7698 1004 3357 7670 3347 7263 1870 4246 266 9287 1287 8352 4674 5763 9716 3269 38 3802 2596 3921 1969 551 0 7910 5748 3170 4343 117 8532 9791 2533 1070 5118 1004 1496 8337 3072 9491 7225 2616 5352 7124 4145 5426 5031 5143 7257 3567 8897 3135 2950 3361 5425 8924 6146 6142 8925
8203 410 4219 1361 2985 1005 9353 6942 1201 9572 2719 3423 3311 8016 1277 6833 822 9010 4802 9228 4050 4867 3619 2323 8099 4040 5055 2367 388 3583 5010 700 7785 9019 8903 2041 4624 9016 9250 7799 7614 2378 8067 1911 4760 1893 5350 9609 1996 4014 3576 7423 6275 881 2752 8670 3083 3050 2996 4034 8257 5740 4523 5066 60 7910 0 7155 7152 7330 1624 3197 2547 1417 3641 5779 7556 7122 6160 3027 7816 6755 3426 551 7670 2049 9832 8744 1827 4361 9826 9453 1645 5664 5691 577 7848 4763 3432 2969
9993 2088 2818 2168 4876 8944 8681 590 9317 8672 7938 2304 2466 648 3437 3847 8350 5932 9517 9595 5452 4730 2528 5223 3777 3787 2316 2617 1151 6637 2868 2546 7391 4559 1415 9320 4257 9646 8024 7003 7661 8374 7797 3508 63 9224 2276 6427 3115 6949 7705 6229 9354 6019 2817 6432 8328 2425 4555 4351 9999 7154 9942 2553 2816 5748 7155 0 5167 4952 8070 7067 2449 2887 2455 4767 6315 538 6067 9944 4976 7401 8022 9960 6239 6188 4464 7205 2658 1153 7407 69 6213 4880 1508 1348 6602 1495 1616 1701
2875 702 252 1773 3924 432 897 2876 4565 2817 565 5355 8943 8048 1897 2137 3674 5584 2260 280 8365 9850 4360 6069 3454 2442 6983 268 1273 8492 8446 8847 2488 2757 5628 5871 7908 2747 52 7980 4998 1593 3172 7396 4750 6818 5201 4403 3469 562 630 9723 3703 1041 7299 8666 1265 3606 116 1724 4683 532 7838 7986 1114 3170 7152 5167 0 2386 6250 7101 2461 442 126 2340 2043 2102 4225 9679 5770 1432 3485 9096 7304 2855 3235 2093 1819 2278 6530 6502 6065 6296 5853 8701 7845 6471 1575 8750
759 7803 4224 1916 218 9526 209 120 9386 353 4165 8161 4771 4725 8846 1744 3992 7063 1415 1456 87 2642 7250 3162 7962 8342 9963 4076 9221 7122 5863 984 9117 6264 941 3572 667 8334 9321 4946 7091 2326 3614 5267 3454 4119 5408 7151 1254 8958 2470 747 8072 1946 1540 4812 3940 1339 9005 2249 941 6459 4573 596 5349 4343 7330 4952 2386 0 1640 4298 7578 9245 1940 124 5967 3644 3656 8250 2238 8435 6989 4084 2424 10 715 1618 6520 3424 2400 6306 7759 2361 1202 8223 5247 6340 7894 385
9025 7416 3980 5897 7163 4337 3005 9690 7268 6614 8364 2393 3069 6442 372 7127 7716 2700 1241 3284 6318 951 3739 2065 6776 3938 3415 2624 1478 9957 5386 1324 9739 4458 8400 4066 4450 9263 1779 2319 3628 2058 9965 4229 197 6988 6379 1902 9013 6885 5330 6845 3802 560 1470 1214 8278 3907 8696 9267 2680 8814 7534 88 4604 117 1624 8070 6250 1640 0 2434 8247 7891 5397 4549 4940 7291 6692 8802 5892 6562 2264 7442 1312 8388 8430 3788 9383 6456 8672 4541 8483 9168 4857 1591 2589 4006 3304 8455
5039 2921 2736 3618 3176 8252 4309 1632 7400 2694 9198 8922 9384 4031 5485 939 518 926 2862 5951 474 1794 285 5533 799 6679 1730 8859 1468 7829 6837 186 5556 8511 2562 8824 7983 3248 6184 1455 7415 4951 2211 2927 8826 6068 3268 5793 4528 705 4177 6593 3032 5928 1708 2047 7606 385 7420 3557 4850 830 942 8584 1447 8532 3197 7067 7101 4298 2434 0 553 613 3750 4885 2275 1080 3626 3668 5520 3125 4232 5408 406 7843 991 8864 5901 1141 2754 7234 502 6188 1232 2760 9242 8935 3149 307
2441 2320 6078 4162 1637 6305 9589 7725 1848 3245 3315 2990 7101 1986 2811 3616 2165 4720 3107 7679 6717 5733 9923 8493 1856 9776 2684 5657 4930 1080 1573 6519 6202 1951 9835 8097 1569 5499 7115 1647 8012 9748 9817 3645 8536 6497 5813 5092 3332 7652 1055 3477 235 6791 3255 6567 8643 926 8523 500 4763 8921 2516 642 5920 9791 2547 2449 2461 7578 8247 553 0 2528 3845 5030 6418 7915 8741 8847 8885 2628 5776 3512 2765 2468 9458 2926 9362 1737 3392 7187 5367 2362 7573 232 1552 2283 2690 5617
3905 2952 4399 8010 1687 2387 6156 3781 7206 1382 4880 8380 6701 2012 2499 9031 8452 9760 7628 5003 4337 4069 6020 1329 5662 6006 370 3329 5585 3268 1198 7096 5555 8981 43 9691 7442 8555 50 8395 965 7800 9257 556 10000 165 7616 7540 939 183 2062 1108 5810 587 7317 3390 1601 3287 3182 1297 2221 5359 3304 4796 3524 2533 1417 2887 442 9245 7891 613 2528 0 8208 6788 4274 6406 1797 7024 2839 2953 239 5730 2539 3838 8245 6414 4055 6509 7559 1466 7283 9393 463 5956 5994 1249 9778 6388
3889 9101 9552 8194 4421 4730 4583 9421 5476 6474 9507 8332 8209 1136 1413 3410 938 3208 4566 4706 2196 7623 6660 9259 9190 1715 6256 2749 1500 8116 8841 3449 7031 1906 6865 5773 5631 5223 2147 7157 4741 5240 6298 574 9982 1794 4978 552 426 564 7812 4992 5481 6825 1125 4381 1561 4628 4754 6536 9946 6983 4496 9199 6447 1070 3641 2455 126 1940 5397 3750 3845 8208 0 2501 9862 6409 781 9169 9504 572 8087 5044 260 2442 8902 5876 7400 7857 7149 9586 3770 2356 2844 9896 6059 1572 8749 8298
550 4843 1766 72 1182 7089 828 4547 3238 6121 1706 8826 6399 459 540 8728 3013 5165 2569 7511 7822 948 1157 5290 6375 5536 1974 1368 3752 2954 7462 4834 3749 6066 1501 4799 9546 3831 9002 9333 2809 3455 5127 7536 7284 7828 6322 7536 7280 8693 2494 7514 6640 3269 9223 3631 5760 1693 5896 7386 1278 3776 510 8780 6350 5118 5779 4767 2340 124 4549 4885 5030 6788 2501 0 7544 4304 469 4088 5622 3197 8032 9194 606 2979 2338 9565 7552 4845 827 1548 6701 9406 472 3608 9992 1912 4511 3744
437 5160 6460 9931 3390 5471 1003 3292 2720 6651 9618 2086 9519 7399 3071 8051 7159 6803 7215 1807 9508 2034 3868 1423 1288 6967 5637 7486 6238 1578 1496 7080 8390 5038 8964 2730 4311 1791 6830 6590 8234 9867 7166 8957 9961 393 9067 1046 2167 9086 2674 3302 2785 27 6746 8464 9275 297 3523 7951 5837 7640 7963 5841 4797 1004 7556 6315 2043 5967 4940 2275 6418 4274 9862 7544 0 6100 2974 6552 6040 7672 1893 2898 6840 6505 5049 5036 8317 3134 5685 3371 1693 7930 5334 333 5394 5908 8341 7293
8836 5000 9965 6706 7476 5901 4030 3947 3065 8453 3183 742 1484 2018 4396 8589 9605 5037 4894 6063 5342 5436 5592 8051 4887 2858 4206 6289 1155 8367 1300 232 5674 4975 1893 9673 3938 1639 397 196 9544 8202 4574 2218 2979 9383 6654 5709 7480 2853 6987 2042 1360 9456 2284 4387 7787 5895 2182 5598 1402 6102 8221 6969 912 1496 7122 538 2102 3644 7291 1080 7915 6406 6409 4304 6100 0 8772 8975 8821 16 528 5780 3167 7529 6934 2586 648 9089 3671 1 7552 3526 6121 8969 9738 2017 6256 3566
669 4297 5977 278 5022 5086 2384 4079 6677 54 417 1281 1013 212 8272 7564 1575 364 8935 1272 8054 2146 602 5971 9916 8083 9543 140 6377 9177 9121 126 1593 4002 9987 7761 6901 2845 9405 319 3072 5155 5772 8993 987 5386 2178 1983 6610 687 9844 521 4038 5411 2431 8765 8107 4158 1284 847 7859 9421 1548 8291 4180 8337 6160 6067 4225 3656 6692 3626 8741 1797 781 469 2974 8772 0 4787 2519 8378 583 1306 9029 6080 5697 8544 924 5907 1214 6142 6997 4133 5626 9523 1911 7012 1779 8417
7573 8764 9524 7484 6880 5121 7008 7100 7460 8591 4981 918 9414 8614 7373 1435 5556 7654 284 9864 2260 2580 7541 2145 6731 618 7110 3222 4531 5345 1988 8558 5326 7081 7437 3746 2659 9233 3769 975 9224 6026 2519 7392 5191 8837 4290 7503 447 7393 7075 2802 3390 1993 2200 9932 3936 3294 8718 3942 5547 1132 287 9145 1707 3072 3027 9944 9679 8250 8802 3668 8847 7024 9169 4088 6552 8975 4787 0 2143 8868 4260 7986 4979 914 8194 8966 3539 6310 7799 1832 1381 4757 501 9305 1695 3598 1367 3211
4512 7262 7057 4825 6676 5646 4335 1193 1711 1986 1862 194 4767 4063 665 8281 2988 9330 4280 8007 709 2209 950 3035 3389 8140 6729 5865 2938 3421 4584 2895 63 4046 1029 3254 6310 3677 5950 6539 2693 6939 2482 8175 8294 6391 5760 8764 6476 226 2219 2035 2624 3302 3770 2570 1404 881 1425 7918 9074 9944 290 7377 2843 9491 7816 4976 5770 2238 5892 5520 8885 2839 9504 5622 6040 8821 2519 2143 0 2418 7765 2515 6203 6148 6782 4522 4284 4170 9619 4964 7193 626 6685 2111 4212 8773 5716 9713
9543 3745 439 5100 7938 9492 5149 8333 2577 7767 6458 5418 3442 5207 2256 2249 7797 5749 3169 1628 7246 7555 4292 2554 6944 4881 5264 8721 9473 9409 3361 5464 4223 3100 2948 4233 1886 573 7634 5166 4292 1946 7405 5394 2852 2629 6195 222 9762 5221 592 3015 7005 8095 8511 3711 6478 8923 8526 7349 3112 8448 1730 4565 1009 7225 6755 7401 1432 8435 6562 3125 2628 2953 572 3197 7672 16 8378 8868 2418 0 8351 3819 8335 7732 5543 9829 2294 1514 1966 3910 7140 6537 5842 4240 5867 9166 7106 5681
