150
0 8124 3420 70 5716 4569 1216 5381 4175 7831 9188 1327 3049 3637 116 6286 6776 7074 3804 1095 279 3060 5055 4856 3840 5351 6974 7068 7747 5773 5145 1384 6172 5011 7510 3676 9273 2040 5513 4948 7095 7180 7006 3613 5874 883 1788 3564 2913 8032 9037 7597 8998 1504 2266 6840 4159 6161 7851 9204 4792 3489 8149 3536 6519 207 2075 9974 2437 2927 7359 8433 1439 2085 496 9313 1067 7347 7606 5625 528 1594 8510 6328 167 241 2196 1424 8632 223 9367 5509 9345 5830 952 9661 5618 6609 8311 4779 5052 7211 8390 4572 7990 8509 1210 2950 2642 6951 6146 5809 5343 8843 3826 4290 6685 5366 9361 6480 4415 4389 2622 645 692 1876 3656 8495 6031 4565 7194 3171 2281 1645 9005 4938 3621 9780 9339 7278 5698 662 5628 7882 8467 7889 5932 6399 4902 2780
8124 0 6454 9103 2308 9097 1885 6504 6709 6707 7583 2648 2751 961 2799 6452 4589 3563 152 1764 9814 2971 2145 9499 9213 6821 11 2341 3704 2463 602 2570 8150 9049 8382 3547 9598 5441 8106 4535 6359 9920 1865 6340 6554 7807 1501 5983 629 17 4733 6158 6759 6720 7632 7704 3621 1863 568 247 6942 9427 8653 4556 9706 7586 5000 5314 4380 3723 6468 6543 5404 5546 1675 5143 1048 1172 5661 5847 2805 53 7620 7454 9168 1238 4865 6346 2699 1896 5386 1023 8625 6871 9344 6382 6152 1346 3043 9247 9455 6501 5388 502 1011 3686 2751 9511 4335 3684 2374 3024 3271 3773 7298 5994 7909 1077 8677 2088 791 8067 6620 6152 8878 9818 5150 6398 5892 584 7524 7151 239 4281 2841 3708 5820 5940 7965 6711 4716 1356 9162 2153 5943 9509 3141 7111 1443 9840
3420 6454 0 1263 954 2060 6195 7661 8413 1004 2211 6099 8511 8589 9308 7610 265 9443 6228 1671 5946 993 7534 9079 8767 4290 5470 1889 9496 3029 9515 9476 6283 5926 6557 9723 3001 7414 8293 5372 2484 7480 7030 2451 8356 6398 8055 5215 6009 1932 1265 7066 2495 3281 2059 4329 8725 741 6871 1258 5555 539 4736 6481 5777 1821 720 9910 4575 8765 8459 3677 9805 9989 5028 9259 9734 9210 2774 2758 5589 7815 1391 3421 5532 1508 5091 4633 7475 1882 6256 7635 2573 5784 1613 8455 3215 2904 9739 1314 3797 1315 9235 4078 3000 5055 399 3817 6693 4660 6186 7613 5323 6364 471 1466 2504 2576 6352 4192 9571 5094 148 8943 6976 5638 3711 9220 126 2393 2685 9102 7674 9613 3845 6102 7064 655 3021 300 156 6215 932 1036 8039 2703 8176 3864 9354 1404
70 9103 1263 0 2729 7738 1356 6855 8011 2876 1492 9314 2500 5424 3841 7068 5830 1183 8562 3273 5206 7830 4122 6819 7941 2435 3313 4879 7314 7711 1904 3827 1307 5629 7700 6789 1879 7351 8290 5105 1943 1437 8363 6978 7253 8167 86 7120 2590 2776 8175 6797 4700 8663 8204 5168 3336 1411 3256 2831 2475 1906 9583 5752 6363 4337 9403 9713 8017 541 2100 9626 1103 3618 7022 6560 8527 4507 8159 6147 2126 6155 1986 1942 6254 1408 8263 5341 1037 1836 3854 4066 6093 566 5917 1966 365 9560 3949 5478 9505 2781 9776 9973 4960 6989 1979 8069 9800 8443 5511 1894 2960 8543 8037 8663 8045 5711 7466 1355 7985 1395 6664 5819 3302 7291 7798 9776 5566 2949 6312 3997 5025 2335 6554 8673 1288 4970 7188 365 9761 6457 4831 7774 6877 3205 1811 4630 970 3644
5716 2308 954 2729 0 9873 6471 5809 1495 9315 8507 9350 4487 5467 6590 4342 8379 8397 2931 3471 42 1039 1308 8842 2091 9606 4097 3958 2980 7277 1027 7340 5301 1075 8288 6978 9308 5618 4129 2550 8220 9437 1697 3394 4930 4295 7373 9366 6052 8010 4249 7458 9037 3694 8275 8303 4581 94 5541 7282 9812 5999 9318 4966 2799 8322 2543 69 1235 7169 6231 7190 3691 1970 121 9393 6154 6170 8901 3302 6454 7259 4678 9470 4435 6314 5034 2861 4183 7592 9677 1077 8953 7935 8130 6694 8998 8691 3100 4228 6615 6025 687 285 9519 2481 9560 8029 4489 8621 1851 68 2398 9392 8803 8349 1137 4604 4103 6074 1021 248 5128 136 9205 3513 7602 1940 7274 7727 8285 9867 9832 6595 1905 6300 9581 1936 727 2657 7569 4458 1233 5426 1481 3032 850 6763 4851 1049
4569 9097 2060 7738 9873 0 5581 3488 2403 2649 1427 343 8614 3336 1034 3387 368 8698 7284 4486 1938 4233 1266 1704 8520 7261 8762 2392 8886 3683 4793 8088 2855 8179 212 3920 2868 9612 7006 9211 3653 611 8932 430 6863 2194 2638 1592 3101 633 7436 7312 49 9128 7681 1126 2993 3899 5303 6280 3115 339 2660 9787 5864 5924 6556 1739 2810 9771 89 5273 3279 357 3200 3171 220 8253 6479 393 1770 2498 1105 128 2956 8011 1051 7125 5764 6867 9079 9372 8161 4785 7820 3285 12 227 189 891 6932 2394 4357 7518 5986 2272 1155 7973 8415 8884 8718 3051 6191 8406 5183 2696 5014 3 1594 4682 2195 7113 7932 36 2270 7443 377 6497 2404 1819 2858 3696 2507 8765 3972 3993 2738 5629 7389 2019 7848 8430 5485 29 5605 2163 8000 9350 2278 4840
1216 1885 6195 1356 6471 5581 0 9300 4077 2219 1232 6830 300 7348 845 7398 9187 7765 3933 1169 1733 9783 7931 8389 2886 5098 6028 4243 3231 7206 5184 1373 2983 8287 2886 713 9263 5699 6513 1934 1114 6722 5932 1616 556 4622 5544 2963 4738 9092 8998 2079 2031 4489 5204 386 8918 8083 125 800 1338 4726 46 1193 1676 1871 4773 7716 7782 2863 7048 8315 623 4166 7837 4475 7132 8305 2728 1885 9648 2370 4563 4985 1596 5253 6314 8263 3595 3600 9326 2686 702 6784 875 830 6412 296 7825 802 2418 2384 2509 6906 9414 9964 4410 1382 9826 7744 1698 5246 3399 869 4948 4647 7725 7828 4446 5938 1986 6501 8249 9989 2812 3329 9757 2024 5206 8503 412 9967 6039 5948 1001 9035 8767 6837 7392 7162 7117 4630 8 2650 3108 5958 819 139 5765 1050
5381 6504 7661 6855 5809 3488 9300 0 9291 4488 8514 2266 5342 7762 2060 6435 3120 4157 5311 4593 4509 8928 4995 9743 7276 8902 7716 9335 3794 1866 9044 7320 1140 9407 7985 4039 2615 6819 895 4403 2142 1479 4829 2924 6822 2191 918 126 3236 1402 886 687 6681 9953 3835 5070 8629 9510 6153 2438 4867 5777 1099 4693 815 3439 5139 1582 3495 8174 7332 160 1743 187 2484 8087 2964 4619 3168 9040 2864 3944 7433 9474 3933 9839 3114 7661 511 1464 2274 5133 311 6785 3969 1775 2682 39 3924 3171 5061 8110 1186 9614 9986 9054 8244 1716 9801 4526 2343 8634 2282 3302 4996 9541 8273 3029 932 8733 8260 9459 4269 5187 4978 7604 2193 5608 6640 1576 4459 6413 2925 3303 2128 4499 106 7816 6231 5265 3663 9448 4475 9741 9513 6817 3305 6913 1435 1272
4175 6709 8413 8011 1495 2403 4077 9291 0 5882 7744 64 5597 624 289 4589 7130 178 5610 9341 2566 8766 4240 236 3749 3088 9198 1999 8985 9054 720 4164 9775 1416 3681 375 6327 8394 9814 9361 1632 1850 3295 3278 378 332 5519 2598 8343 4786 7251 6637 3053 4913 5034 1903 2372 3844 381 9796 188 5871 1871 7732 519 6165 8458 1575 659 6061 2051 1989 7046 758 7409 2304 5635 8956 4022 8751 7072 6198 5589 3403 5680 144 5691 2952 3694 2404 2311 172 4746 2227 8228 9480 5031 5266 1769 6777 3921 3357 440 6115 7475 6510 2459 1301 8642 7988 6895 4561 4388 9774 6912 6305 1034 6061 2698 8280 7885 5891 3254 8820 9303 2773 6470 5515 4325 1274 7717 657 4472 911 4634 2853 2081 5315 1226 5798 4797 1333 3472 2723 5745 3184 2014 3683 9253 4030
7831 6707 1004 2876 9315 2649 2219 4488 5882 0 1705 7306 8968 7045 1950 2422 988 4389 3076 9069 3088 4885 1222 9590 5089 8192 1485 5581 1341 2661 91 2099 9404 4823 5271 3301 6529 2810 9276 9813 9711 2373 2090 7416 7485 1191 171 6644 3654 144 3080 4855 6886 1527 397 4470 8892 4498 7392 771 2066 8814 844 3082 4311 4625 3219 1442 3240 7104 1362 8591 8496 1550 8917 2325 9241 9350 509 1762 468 4530 4446 3671 4349 4371 9114 4571 327 6320 9849 5377 4349 3677 9909 6417 1933 7113 1362 4991 6088 1740 9821 2267 7545 5180 3113 5568 8608 9504 6939 8941 6161 5508 4307 9950 6581 6203 1856 8267 4401 9016 5109 6426 4750 7895 7486 3238 7980 4195 4223 5861 8048 3491 4637 4472 4782 3402 7829 4284 9018 3864 1232 9630 8576 5311 4078 7496 7020 4636
9188 7583 2211 1492 8507 1427 1232 8514 7744 1705 0 9653 1483 7318 518 3865 4465 4561 9262 7932 4986 473 761 8625 2989 2245 3752 876 4472 5610 7196 5470 9278 9486 1452 402 4588 5018 6510 7324 4586 69 6582 2965 4571 4783 3721 2619 1894 1904 6690 3644 9416 8510 7415 2371 1244 7860 5 4263 4144 2885 8817 9608 1450 3598 7290 3436 142 6637 7846 3701 2985 5441 9312 685 771 9776 6626 3977 9485 5394 3918 8424 444 1050 3679 6879 8672 2571 6402 2419 3461 3323 5469 9408 9416 4076 8228 2948 1017 386 1626 8713 6487 3001 9255 2792 482 516 3619 4936 9140 8336 254 5806 6878 526 2790 8853 8991 1648 5571 940 6993 1754 363 7014 9333 9150 4888 2048 2802 7040 6746 5732 3404 7354 9238 7320 2602 5186 3758 1085 8019 2417 4616 9834 9492 2243
1327 2648 6099 9314 9350 343 6830 2266 64 7306 9653 0 3957 6261 7534 4224 8534 5501 5470 7326 8113 4743 5812 1702 8381 5614 822 1390 6339 3790 5503 718 724 7676 4595 7971 8938 1018 8573 2486 673 7737 4917 1472 2824 1521 3370 34 6713 2707 3477 7628 7523 8015 9407 8944 3449 6643 2743 6822 6056 7279 3370 8597 9795 494 1307 6224 6055 6581 9423 6713 1181 6677 3544 9461 4046 290 7012 1361 3973 9135 863 5511 3862 9865 8619 2901 6886 8171 258 973 969 4384 3419 5360 7277 8836 4846 3984 4824 9696 5984 6380 7417 3937 5273 8442 7566 2457 9526 2770 7626 6970 879 3098 1010 1280 4756 7935 3827 3697 235 4112 9501 1244 5609 3880 6058 6440 5305 3965 2953 9810 4617 2806 8674 6577 878 9493 9390 2167 4431 4334 2385 4429 98 9975 4900 3079
3049 2751 8511 2500 4487 8614 300 5342 5597 8968 1483 3957 0 9793 6023 4674 8723 812 2971 6957 455 184 4296 4592 2644 8399 9189 8680 9762 263 7906 7461 2284 8699 975 1075 5449 432 7877 4990 4823 9443 6839 8978 6569 324 1860 6271 6576 7336 6405 5865 2347 6440 4167 7243 2976 8221 9630 4603 2095 3255 7258 6908 576 2814 7699 2702 9639 4659 8560 18 8314 3387 4071 6403 8289 3521 4908 7545 8462 5675 6698 520 298 4220 9186 4655 8854 5189 3441 5696 9569 3728 6701 5662 6786 946 3057 4517 8269 1663 2261 8517 9028 987 1582 4672 5450 3822 8947 5449 4217 355 7390 146 9811 2456 4637 3061 7604 1971 8028 608 4244 7000 6131 6112 4247 1478 5406 3673 1882 7361 7360 6322 7906 2652 6290 9416 1118 5233 9143 4229 1929 1736 7688 8463 2855 2573
3637 961 8589 5424 5467 3336 7348 7762 624 7045 7318 6261 9793 0 9095 42 7486 8458 8876 8593 6099 4243 9152 6911 6778 5965 5799 3508 5073 1392 5825 3260 8392 3088 2597 2879 1816 3938 5083 5608 9885 525 9722 4253 5424 4575 1501 5368 9295 8799 9884 4332 6372 3828 8809 1316 1854 4930 5469 1848 1396 8748 3364 8621 4577 2350 7720 8407 8743 4124 5501 865 4919 8756 1432 6011 4540 828 3482 1445 5025 4097 4562 6689 536 2816 2195 9976 6512 4267 5183 4098 7465 350 7766 8124 3024 7797 7794 4971 2966 321 7868 6571 2843 8383 642 8139 5490 5364 703 5997 3083 928 9538 8815 4528 2826 2586 9116 6465 1932 4708 4733 8825 2369 6580 6556 6298 4908 5959 2420 2584 2601 1403 4535 6191 7825 7574 6238 2415 3030 5234 1130 2250 4506 7386 2833 1346 7828
116 2799 9308 3841 6590 1034 845 2060 289 1950 518 7534 6023 9095 0 6738 7195 2696 2134 7626 3217 3836 764 5508 4960 7626 2752 6443 1826 8689 1455 6207 1513 8220 9255 6729 2808 3279 5686 1887 780 3253 8320 3797 8187 8121 5545 946 3211 1725 4054 3045 4030 3942 7134 701 6675 9144 4483 3824 1733 1995 5849 1842 7270 5229 5304 8200 4344 7674 7997 2191 2206 4870 1553 6106 7467 6862 7368 7297 6356 6285 6798 3916 4271 3325 9304 8574 8234 8869 8140 1335 5664 6136 9811 6171 3380 853 8094 8454 3368 5565 4219 9026 203 6797 4437 3541 5311 1253 7644 647 8107 4487 9907 3696 8977 6779 4635 3320 2395 53 6711 3852 8730 6336 6514 3036 1511 5406 8758 1864 8625 6472 1642 6917 2581 2698 360 6934 3275 1773 7513 7573 4554 23 4971 5289 9647 7656
6286 6452 7610 7068 4342 3387 7398 6435 4589 2422 3865 4224 4674 42 6738 0 9377 2800 8231 3045 1003 4934 8433 9548 2073 4074 7462 4401 9834 2317 8065 9616 1313 9437 6628 7693 3648 5107 5904 3257 1355 2068 5582 5841 6991 5144 4381 3775 8728 6817 210 1799 38 188 5148 7664 5787 2021 8231 9402 7896 1511 9067 4470 7471 9981 2851 1256 1126 3129 1424 6503 5344 9310 9818 6450 1377 7071 9931 1069 4209 5466 3437 7977 1159 2781 6512 818 760 9979 5428 1482 3434 1245 648 698 7453 754 4129 7033 3659 8505 526 6719 2691 1781 5210 8941 7585 7682 7356 4487 5622 2155 1257 1672 4213 3682 2776 3884 6033 3872 6840 2758 5118 3200 7613 4646 632 9122 4937 7874 3187 3739 3641 6564 4640 2156 2340 6090 693 5821 8748 275 9989 4090 5376 1293 3664 2400
6776 4589 265 5830 8379 368 9187 3120 7130 988 4465 8534 8723 7486 7195 9377 0 9940 6231 37 6506 6266 8535 1139 8519 4314 7077 5530 229 5771 7081 2133 3985 4726 8318 1631 8394 764 7089 2342 5210 2332 311 3584 2394 4476 4767 4736 5048 3563 7781 2488 7492 6608 8260 215 279 372 7018 8246 8641 1768 2055 5622 5838 5767 763 8874 9975 1249 6309 4506 6101 9134 5748 7607 3955 4764 3578 4827 172 6416 1177 8281 560 9859 4149 1732 2990 3301 3640 9449 3886 1969 812 6621 13 5277 806 7227 4597 7662 1213 4843 1719 5727 2552 8943 9140 1416 6217 6824 9733 3511 2828 5645 2212 3963 3843 5544 7925 3174 4881 428 7531 1936 2812 1117 5917 2082 8570 7412 8420 7778 7678 1318 6282 1793 5619 3970 2606 244 7770 6831 5312 9008 3727 833 6325 1159
7074 3563 9443 1183 8397 8698 7765 4157 178 4389 4561 5501 812 8458 2696 2800 9940 0 6988 2021 1282 2718 6383 54 3543 7470 5659 8075 4206 4665 8010 544 7033 7512 4788 2407 1150 9986 7959 739 8932 4108 9885 2764 3972 2874 1047 6980 4632 5642 3772 7368 3689 779 9538 8264 8769 9479 8886 2404 6487 5744 9532 6420 9002 6255 2378 7167 3645 952 8421 4687 3584 7601 6143 5700 1379 1596 9839 3565 2349 1098 6944 1610 9517 7954 5311 2719 5625 863 3335 4330 207 8356 1588 7486 1561 7826 4112 9757 8834 7210 2852 7436 8013 1656 9737 3047 9853 9883 4414 8894 7962 897 2193 3032 9292 8958 3652 2803 3936 4364 2222 3124 3774 6966 8966 8143 7149 4101 6489 2861 489 5776 766 4904 1705 7813 3775 386 9311 5164 5376 8768 3760 4621 575 2239 1435 1540
3804 152 6228 8562 2931 7284 3933 5311 5610 3076 9262 5470 2971 8876 2134 8231 6231 6988 0 2251 2212 1999 4739 7950 2074 6749 6379 3945 8697 7028 7444 9471 9391 6089 6833 1048 3008 6194 9616 4736 7249 1557 2179 3382 5858 3098 7556 2599 2830 5379 2985 3981 9738 2034 9876 377 4095 8928 4606 2404 3776 9698 1842 9496 5742 435 6574 375 220 4534 2596 261 4141 6806 9525 325 9300 3948 3358 9371 2718 4822 7859 5796 5794 4634 847 6763 9028 8674 4975 1700 1904 6663 4658 2973 8674 1034 1582 2121 8054 4261 4620 5008 959 8732 8620 3359 9982 506 7844 7402 1664 4473 5178 8665 9626 1268 4831 5621 7082 7335 1644 9203 9072 6163 6832 567 8327 2817 5376 2836 6362 6555 4266 881 3522 714 8050 22 9883 2678 464 1622 2668 9474 9562 6014 548 9770
1095 1764 1671 3273 3471 4486 1169 4593 9341 9069 7932 7326 6957 8593 7626 3045 37 2021 2251 0 2391 629 471 9401 8797 964 1322 9050 5032 1395 8615 6358 1604 9473 9733 5510 4573 1748 9613 7396 297 3957 9997 2409 9394 2848 9268 5783 3700 6780 2786 7318 7959 3655 2379 273 2078 209 8696 5033 9514 571 4254 2269 1062 385 7138 6800 9154 8978 1640 3533 5667 3410 4307 3957 4797 4794 8924 2062 4397 1327 5206 6596 2202 3004 5586 2489 7007 4604 4406 7317 1118 8647 5701 8998 5345 6621 3307 1133 3869 8342 6544 7191 6406 278 9230 8829 5745 1666 5910 1875 523 588 2476 6643 5457 8877 4715 2543 9107 1870 1659 8827 4758 2487 7207 8155 2164 2118 2802 6948 4001 1164 8987 6789 4485 939 398 8802 1917 2158 7385 7983 3493 3414 4226 7710 3873 3815
279 9814 5946 5206 42 1938 1733 4509 2566 3088 4986 8113 455 6099 3217 1003 6506 1282 2212 2391 0 6483 2551 9642 2508 8573 3168 2631 8312 9641 7961 8076 1378 7526 8385 7209 9117 8154 131 7919 7389 9413 1694 4331 6964 6642 6238 3566 4684 2943 7803 4092 4380 3405 6866 3172 8670 6843 9308 7364 6499 7532 1353 921 8833 8288 5552 7582 2334 6024 2306 6720 5915 5165 7364 4240 9702 3472 3306 1904 8363 1412 2702 8408 3428 2547 5978 2065 4719 1676 7559 4853 2194 2428 1144 7901 9086 4844 5135 4170 5927 641 2539 9179 1224 2560 6186 7311 5102 7423 2513 5443 6210 3288 1685 2893 9717 8888 9359 5937 502 7232 5513 3261 8198 1103 679 9124 593 9179 5505 3430 9590 3098 2593 1612 5132 2651 649 6945 1279 1477 4986 4209 6652 6685 7654 3069 2721 2445
3060 2971 993 7830 1039 4233 9783 8928 8766 4885 473 4743 184 4243 3836 4934 6266 2718 1999 629 6483 0 3445 9530 5006 3908 9137 8638 8125 4542 9682 5099 642 5313 3011 9412 4853 6529 6444 2689 6821 5735 8320 2153 498 851 500 624 6004 9124 8819 1728 1225 5477 147 5524 393 5121 7852 7517 3715 8019 6370 9868 4617 4865 8096 7088 5407 673 3899 8581 8377 6221 3839 562 8531 7686 5392 8431 6609 6714 9935 6857 8116 7943 9898 8465 5032 4477 8130 9848 2815 7294 2082 6344 3972 9416 4133 7424 2646 1214 1372 392 3697 9075 8829 171 4568 6849 2861 7368 5728 9215 6240 7335 175 4446 6520 2507 2669 2841 7108 3462 1035 7324 4037 8630 410 8798 1775 9160 3029 4609 1341 2778 4987 6343 6415 6821 8388 9268 9400 2164 2689 2858 7476 6419 7920 4519
5055 2145 7534 4122 1308 1266 7931 4995 4240 1222 761 5812 4296 9152 764 8433 8535 6383 4739 471 2551 3445 0 9584 4409 5159 1361 9424 9631 8042 3289 1620 6133 4178 4416 897 8430 9490 1533 3652 9302 4949 5178 6605 1253 4899 703 7379 4475 2377 2668 6297 5939 3368 8646 1115 3 5331 1237 2211 8563 4286 3239 9160 4544 4476 5689 3644 3209 9229 1433 4214 9225 9694 6119 9509 9137 9578 7031 932 1594 2686 3590 8590 8202 693 4309 9456 8203 3330 4571 5644 4362 6271 204 6177 1109 1580 1847 7731 9916 267 2301 474 2720 1069 4116 7618 6291 448 9649 6875 3954 2525 4366 8811 9183 5780 9965 7416 4691 4227 6266 5068 4400 1561 1945 1104 5684 4533 6568 4185 9873 2483 3102 2942 6246 4123 1923 1508 9411 9035 5471 4515 2052 9516 6582 7304 9378 2323
4856 9499 9079 6819 8842 1704 8389 9743 236 9590 8625 1702 4592 6911 5508 9548 1139 54 7950 9401 9642 9530 9584 0 607 6863 5218 8946 2615 324 1771 8802 6910 544 6783 9453 3673 574 6767 8372 3873 7984 2405 7869 2236 7234 5767 70 2270 7968 7807 2639 945 321 4457 8020 5303 8963 4722 8953 6006 4188 8337 3705 6337 272 6311 6383 1287 7486 99 33 6822 2853 908 7352 1721 6507 3147 8152 2268 3577 1239 5122 2966 9967 9562 7512 9957 7066 8908 6512 6648 4474 3990 2139 807 9599 9441 5800 7887 6857 6057 2627 595 2490 2232 7728 6044 8456 6852 3975 9388 7094 96 1102 4867 1837 8916 4498 4478 4688 3057 35 2906 366 2200 8938 4592 6351 7385 2305 5165 6788 6429 4858 8761 9254 6449 5847 3301 4251 5443 1856 4188 1408 7268 1200 8452 3667
3840 9213 8767 7941 2091 8520 2886 7276 3749 5089 2989 8381 2644 6778 4960 2073 8519 3543 2074 8797 2508 5006 4409 607 0 9183 5799 5146 3603 3068 2500 2991 6942 2261 8860 2605 2094 2590 6365 8937 8712 2359 3539 1609 6785 447 460 2 1573 412 951 3582 3380 439 7275 5833 2100 9890 8767 918 3121 1113 3674 2999 1757 7157 639 1611 2938 6451 1003 8473 6222 2821 5786 21 5172 2225 5205 6166 454 78 1990 1701 5873 9490 5358 4585 8709 5032 893 3157 5605 3073 5205 1746 6099 2090 2795 8181 1248 3677 9747 9372 6361 3649 8487 6985 3041 6595 9931 5694 1874 1641 4132 53 44 460 5429 4116 2516 5101 6605 7574 3453 6860 6315 7939 7137 6950 6590 9438 8186 6189 2028 8823 9937 1506 1884 9402 9635 811 2495 9483 4535 6899 7205 2416 5019 1630
5351 6821 4290 2435 9606 7261 5098 8902 3088 8192 2245 5614 8399 5965 7626 4074 4314 7470 6749 964 8573 3908 5159 6863 9183 0 1689 7375 9693 9452 7654 3485 2409 8354 8344 877 3584 1380 9827 6252 7290 4369 7824 1701 7077 9327 7931 9885 3519 3715 9722 3140 6410 1837 2641 8815 3717 6724 6578 8035 5481 1962 2764 4560 5933 1641 5186 5720 3892 2395 596 214 5678 6639 6316 714 5847 4048 7217 6807 7844 8357 360 1518 6387 6320 7347 3507 7221 9714 2111 3117 9848 6273 5789 8888 7460 6042 4330 6821 4273 7844 2706 9083 1602 3035 9589 7158 2946 2662 3186 7417 4084 5287 7040 7312 6456 8825 8866 8761 8153 9670 212 67 6601 7603 8839 3117 605 6054 9071 2569 2364 6430 5454 553 2168 5022 27 3098 44 7217 6731 7715 3143 2313 8785 9848 1014 8747
6974 11 5470 3313 4097 8762 6028 7716 9198 1485 3752 822 9189 5799 2752 7462 7077 5659 6379 1322 3168 9137 1361 5218 5799 1689 0 2924 4122 9385 1811 3152 8740 8904 6783 6491 83 2164 8502 3845 7577 1335 290 6848 6696 1651 3906 6451 9430 2382 4336 1992 7456 3893 3663 6916 7966 8890 2280 7674 1851 9153 6554 2892 6443 8540 3441 8214 888 3954 1963 8692 8396 2201 2778 2175 1479 9039 5827 4639 2649 8057 7455 525 5530 2369 5998 8911 851 6823 7965 2715 3676 521 9871 6935 11 5350 4182 9032 3925 9036 4737 9584 7538 6492 8519 2798 2590 3583 2858 8845 1419 1179 5451 6262 2422 6276 8961 6266 8923 6288 6376 5311 459 1937 1688 844 47 4832 4690 5047 6392 3528 425 4822 2324 2039 5420 1485 4547 9461 3917 2571 4750 5976 5447 8054 1316 8153
7068 2341 1889 4879 3958 2392 4243 9335 1999 5581 876 1390 8680 3508 6443 4401 5530 8075 3945 9050 2631 8638 9424 8946 5146 7375 2924 0 7118 6539 7203 518 9953 7562 4065 2153 3158 5811 103 4766 1299 6621 3992 2280 3987 4216 3904 2725 9189 1937 1392 1619 9769 8732 6988 4822 8649 2683 2003 2084 1242 5412 9547 7313 5252 1308 7594 6044 1474 8291 801 8447 525 6692 9479 2135 3396 9360 8735 1075 1247 2915 589 4062 9334 6650 8804 3273 2394 6935 3477 3676 4379 5483 9455 2324 2263 8250 3109 5947 988 7767 6762 8261 5250 7950 188 5136 5723 4546 679 7326 4016 8062 8830 3457 177 5594 5899 2214 297 4261 9172 281 3155 2320 8720 1790 2048 4976 9800 5862 382 2437 1180 5391 2256 3704 4297 4105 6399 509 6087 1087 566 2874 5583 3296 9765 7447
7747 3704 9496 7314 2980 8886 3231 3794 8985 1341 4472 6339 9762 5073 1826 9834 229 4206 8697 5032 8312 8125 9631 2615 3603 9693 4122 7118 0 8717 7287 6929 5171 1385 6611 8070 2860 9294 4422 1329 8615 3674 3395 2270 157 5911 3034 3382 6516 7739 8508 9693 8365 6291 6180 1074 3407 4583 8740 6633 5986 10000 7215 6544 6170 8324 1299 7298 8204 8549 3842 5683 3649 1241 4426 7441 2959 3223 1574 4539 9134 55 6014 9897 1235 4667 3278 1845 9404 4502 7625 9201 7286 578 8588 3239 2995 4065 5587 4664 277 137 2531 5304 3977 7966 1167 1539 331 5680 5781 4924 4707 6806 5522 9406 2149 7670 1418 5727 4342 2418 7468 1678 8074 7935 1007 5445 9925 2652 653 2627 1120 184 8205 5990 4730 337 2846 7562 1764 6258 2567 1084 8734 2762 8885 3007 9025 6925
5773 2463 3029 7711 7277 3683 7206 1866 9054 2661 5610 3790 263 1392 8689 2317 5771 4665 7028 1395 9641 4542 8042 324 3068 9452 9385 6539 8717 0 5232 8619 5394 5910 5125 2532 6640 6015 485 9301 7978 4311 4300 8597 4800 9290 6617 8318 6592 2229 2617 1835 2100 7534 5811 6401 957 8995 3780 2079 9450 4440 5541 4212 2847 5384 1169 638 8436 2629 8072 5560 4043 2236 8533 7988 1566 2280 1762 9893 4535 8821 4772 3676 1910 2156 7139 2697 1407 7568 2302 1092 6447 3429 6478 1316 8393 3941 1778 4441 7027 9446 6379 1178 2710 3032 3626 6285 6547 4943 1996 7671 7252 5932 8050 4197 171 5487 194 4869 9061 4231 2802 9895 4439 4101 1137 3841 3668 6206 5160 6368 410 3733 4625 3307 8193 9515 3334 2165 1140 2778 4808 3797 3215 432 752 5347 3040 6358
5145 602 9515 1904 1027 4793 5184 9044 720 91 7196 5503 7906 5825 1455 8065 7081 8010 7444 8615 7961 9682 3289 1771 2500 7654 1811 7203 7287 5232 0 5103 8252 316 9847 2660 9308 9104 5832 8289 5865 1563 893 9368 853 4475 6496 7717 2226 9556 6405 4493 2405 8055 6092 5172 1060 606 9097 8798 1882 1270 9350 7039 8157 2968 481 3993 431 7543 1366 3965 2518 8363 7684 8858 4126 2484 4279 4535 5006 4644 3084 9755 2902 2273 6710 1976 280 1593 6891 4711 7179 2737 1888 7515 9128 6996 6056 8932 1554 3716 5141 4837 4268 3418 5334 8188 9261 9324 5526 4214 3355 4892 8185 5343 4518 6498 3929 6878 8503 5849 214 9758 1900 3385 2895 1795 6387 1775 6455 4892 5753 5595 730 3606 501 9075 2501 5059 3435 5224 6336 2079 2190 7141 1323 1645 987 2328
1384 2570 9476 3827 7340 8088 1373 7320 4164 2099 5470 718 7461 3260 6207 9616 2133 544 9471 6358 8076 5099 1620 8802 2991 3485 3152 518 6929 8619 5103 0 4647 3703 6803 200 5241 6833 202 7418 3481 6351 8779 2652 1455 3550 7871 6392 9238 1844 4611 9573 2433 3363 5085 6195 5543 5866 4265 5890 7455 9487 5110 621 2293 3100 2885 2192 6076 7289 4826 5288 3131 5522 9397 5290 1041 7304 7965 6516 5059 6911 9935 1821 8164 6681 3749 1933 529 6758 7693 5490 5412 6673 5150 4894 6651 9648 9321 1399 3410 1237 9177 2863 528 296 2510 982 4107 1243 4565 708 7411 7329 5285 9486 430 7500 5265 9599 9326 9294 687 9437 5746 2846 3597 2808 3279 8439 5200 2115 5076 9276 498 1163 7851 5212 2058 6893 1097 3766 5382 7791 200 1268 1122 4320 6203 5005
6172 8150 6283 1307 5301 2855 2983 1140 9775 9404 9278 724 2284 8392 1513 1313 3985 7033 9391 1604 1378 642 6133 6910 6942 2409 8740 9953 5171 5394 8252 4647 0 3157 9990 1619 2522 9868 2562 8376 7456 8839 803 1892 3368 8897 9034 7178 61 5281 5628 9083 9974 545 9184 4995 2569 6134 1212 874 4772 3948 890 9887 2974 2535 31 9948 9334 1290 3811 6065 567 5102 5895 3709 5707 7664 2840 9629 6494 4409 5217 8153 6115 2857 313 8875 3632 3026 369 5854 9442 5420 7512 6925 4940 8784 7407 2029 4650 9625 310 8569 155 153 2997 9211 9886 4364 1244 6544 1272 1660 3590 6843 884 6364 6916 5518 1662 4865 5551 5662 5038 3936 2812 3725 9565 8877 7866 9268 3008 2892 6698 2765 3060 1411 6075 4620 2020 3638 9821 4218 8487 9965 2280 8359 473 2486
5011 9049 5926 5629 1075 8179 8287 9407 1416 4823 9486 7676 8699 3088 8220 9437 4726 7512 6089 9473 7526 5313 4178 544 2261 8354 8904 7562 1385 5910 316 3703 3157 0 4272 5564 1042 8958 6089 1778 8548 4161 8756 7434 4314 8448 7771 7496 316 4088 3584 8464 9887 4054 6548 3871 5004 9502 5620 8473 347 2441 5010 3335 6888 9472 5162 7473 212 1968 1950 999 6648 1320 4723 2431 236 6337 9002 3852 7075 8530 5829 8094 7938 7175 3923 309 6027 8329 7450 8987 3415 3178 3100 4240 2399 8773 763 7706 4307 4777 665 2695 1490 5805 5386 3663 5268 9419 3026 9826 9776 4024 3162 2867 2514 2436 9926 4903 2609 8274 3612 1406 8641 15 9216 563 9713 9846 7394 7358 5893 8555 8013 9548 521 3815 8282 1014 588 5055 1187 2883 7789 2944 7075 835 5855 4919
7510 8382 6557 7700 8288 212 2886 7985 3681 5271 1452 4595 975 2597 9255 6628 8318 4788 6833 9733 8385 3011 4416 6783 8860 8344 6783 4065 6611 5125 9847 6803 9990 4272 0 1634 2479 2581 6238 3182 9339 5272 8887 1122 1132 707 8422 4155 3157 142 6019 658 8095 7201 239 5807 6532 3592 8912 9722 8931 780 6501 734 2379 3382 3323 1357 9526 9154 7066 9429 3776 8928 9405 2512 8766 6539 2876 5380 8645 3914 8058 6785 493 1020 6281 9052 8221 7342 9527 8831 8070 50 6253 7672 1424 124 2903 515 4617 8684 6224 6446 5716 5277 9083 2157 5780 6674 5138 8903 1858 7574 1777 6161 862 1422 8846 3942 945 5797 297 5248 7240 3293 9086 4262 4461 5180 6119 235 7511 1847 6511 8342 6703 733 3762 8589 6615 3742 7362 4532 8855 4700 79 8002 7110 9856
3676 3547 9723 6789 6978 3920 713 4039 375 3301 402 7971 1075 2879 6729 7693 1631 2407 1048 5510 7209 9412 897 9453 2605 877 6491 2153 8070 2532 2660 200 1619 5564 1634 0 8265 682 7762 1356 2608 6053 7577 5645 9338 9225 2129 2949 7980 1924 3302 7952 3162 8158 5075 358 5714 2014 9406 6622 5785 1989 4460 8607 453 7080 1942 740 6061 8817 6048 1716 3879 8022 1930 826 8560 5564 5120 460 4279 9820 5645 6118 6330 8709 6981 2074 6517 2637 7114 3618 3233 2425 2949 6667 2143 205 8372 2833 4941 2067 3248 6918 3123 7635 5862 2584 9458 5486 7594 9714 9842 162 5905 8897 4946 4072 2034 1434 3399 7495 719 4546 904 4795 1403 6620 1380 2606 9629 631 9171 1672 9454 9096 4898 2807 5093 8666 2511 2664 3850 281 1489 8128 194 2342 4810 1957
9273 9598 3001 1879 9308 2868 9263 2615 6327 6529 4588 8938 5449 1816 2808 3648 8394 1150 3008 4573 9117 4853 8430 3673 2094 3584 83 3158 2860 6640 9308 5241 2522 1042 2479 8265 0 4812 9388 9914 6004 247 6592 5590 2101 8554 3675 9927 8011 689 7143 5176 4904 4206 745 2711 8966 9720 3154 2103 9965 69 5285 6317 1349 1843 4226 8943 5352 6641 5040 3705 3672 4715 1551 8137 6455 8387 7530 9076 8847 3282 2420 7386 2645 363 2448 5951 6436 2388 9673 9599 3969 5397 1283 666 445 7975 4329 7272 1023 9114 1867 5669 5251 8342 1070 9841 4608 2868 9921 9592 900 8492 5612 7457 367 3447 3851 1932 4272 5174 4479 3119 6282 148 8013 5869 3651 3435 4271 6642 1074 6921 9812 6434 958 3759 8404 7585 6674 1675 2120 9328 901 9203 8890 4802 2771 1588
2040 5441 7414 7351 5618 9612 5699 6819 8394 2810 5018 1018 432 3938 3279 5107 764 9986 6194 1748 8154 6529 9490 574 2590 1380 2164 5811 9294 6015 9104 6833 9868 8958 2581 682 4812 0 4578 9017 4132 6440 9678 5927 1223 4047 7353 5751 8552 7387 9392 5048 334 7466 588 3844 2092 273 111 1767 2208 3302 9742 985 4148 4309 6238 6582 1669 1203 9556 1716 1439 3770 3845 4264 5394 5149 8120 1445 3620 5114 8339 865 2608 6988 6412 9705 9347 3287 3963 1415 8304 8366 503 9826 3671 1807 2006 9015 5154 6243 8189 36 6481 5376 4102 9943 8085 5736 2770 6816 2200 7530 7003 3621 4840 7557 2688 1612 5680 2672 1786 9367 3281 9029 5357 2370 6800 9358 4799 4944 6349 1602 288 6939 8862 2251 9878 3658 6600 9035 6695 5743 8241 5312 8488 3445 6487 5363
5513 8106 8293 8290 4129 7006 6513 895 9814 9276 6510 8573 7877 5083 5686 5904 7089 7959 9616 9613 131 6444 1533 6767 6365 9827 8502 103 4422 485 5832 202 2562 6089 6238 7762 9388 4578 0 3738 1921 5528 3299 6247 8524 219 3673 353 9601 1908 3520 88 5183 9450 2818 5766 5786 243 7161 713 2992 5204 1541 5191 5493 6422 9383 3025 7155 8435 3761 985 6313 7087 3814 3361 4446 2318 7503 8373 1206 9983 8234 617 8930 6012 6129 5406 2514 1703 7808 6805 4883 6663 8801 7563 4264 3417 3618 8780 8161 5956 1959 2998 4370 4044 6084 8921 2477 7452 3162 2105 8673 8298 1509 299 2772 905 123 1553 6108 8041 5127 8252 9800 3913 4862 3728 7427 3296 7109 5469 274 9474 2201 1196 2305 6865 397 9406 7119 3869 4986 3172 3554 9989 9842 7210 5452 2825
4948 4535 5372 5105 2550 9211 1934 4403 9361 9813 7324 2486 4990 5608 1887 3257 2342 739 4736 7396 7919 2689 3652 8372 8937 6252 3845 4766 1329 9301 8289 7418 8376 1778 3182 1356 9914 9017 3738 0 7116 25 2452 9072 5196 4680 4218 8020 2262 995 5592 1173 372 192 5734 9042 8214 4015 3677 2221 9264 482 33 7404 275 6657 1545 2304 198 9012 4603 3702 1518 9147 1853 9058 1725 8270 8625 2824 9949 9246 1551 202 1144 475 1551 3617 137 1698 1775 116 9042 9790 4259 7017 7731 1967 5840 5275 2622 5856 4791 8685 5511 5306 9381 9264 7094 1549 8327 1101 5614 9436 2163 3428 1922 7504 9857 6570 785 6719 6891 227 5005 5724 7112 5419 7507 8532 7343 8738 5772 5177 5082 6318 6579 643 5945 5167 5723 8898 9218 2585 851 5857 2877 5525 5587 4846
7095 6359 2484 1943 8220 3653 1114 2142 1632 9711 4586 673 4823 9885 780 1355 5210 8932 7249 297 7389 6821 9302 3873 8712 7290 7577 1299 8615 7978 5865 3481 7456 8548 9339 2608 6004 4132 1921 7116 0 6239 7690 6946 5361 8805 6470 3869 2274 9348 6430 6466 4831 4205 1900 1079 6113 5077 9669 4417 9614 3646 2841 8256 624 5404 8296 1528 2649 2416 6356 7729 6875 4500 5616 2145 7169 8899 9550 4744 3928 6255 9253 9572 8918 6668 4283 7052 6303 3568 4846 4547 7682 2469 8342 7332 8737 10 3312 2815 2665 387 6691 2102 3551 9465 274 1675 871 3838 3924 2685 7099 245 3660 7363 5474 2470 1679 2919 9619 9608 8057 624 6540 5498 4861 7489 3856 3248 703 5862 1129 9971 1425 6427 7228 1194 4060 1967 5868 2749 2692 11 3134 5552 5371 3951 4265 155
7180 9920 7480 1437 9437 611 6722 1479 1850 2373 69 7737 9443 525 3253 2068 2332 4108 1557 3957 9413 5735 4949 7984 2359 4369 1335 6621 3674 4311 1563 6351 8839 4161 5272 6053 247 6440 5528 25 6239 0 7052 7319 6088 2162 1337 3367 2366 7502 39 7653 1698 1547 7073 895 5989 626 646 5877 7973 7723 9620 1632 6469 279 6730 7789 1755 1092 9281 1913 9201 4450 5874 5070 8127 6339 2786 3536 6168 1165 1044 6578 2286 647 4490 4623 2997 4664 2781 8449 7748 1607 6332 1068 356 6332 6860 7159 935 5241 9616 4752 6724 2460 8958 5167 4691 6482 450 9526 9243 4591 3743 4488 5225 1873 2099 3883 4646 6269 5225 6933 1320 7148 5458 7388 5558 4325 3639 7574 9089 554 3996 4130 3905 1572 5196 4601 6186 4114 6530 767 6993 1757 1099 813 9295 5997
7006 1865 7030 8363 1697 8932 5932 4829 3295 2090 6582 4917 6839 9722 8320 5582 311 9885 2179 9997 1694 8320 5178 2405 3539 7824 290 3992 3395 4300 893 8779 803 8756 8887 7577 6592 9678 3299 2452 7690 7052 0 2431 426 4245 7753 8314 6976 2255 5705 5179 4195 8358 1651 4376 2629 6867 7877 5026 9074 8104 1627 7175 8926 8169 3821 9579 5282 4181 1163 6186 1122 5944 8749 5301 5130 1166 6972 4526 5639 3031 9735 3352 5959 1885 208 933 2299 8717 887 9049 1711 6565 8428 9528 7871 5883 7561 5615 7424 5301 2382 1459 2700 5194 1510 1080 2412 3981 7556 5028 8779 9406 5429 3083 7173 3266 3318 2874 3765 3918 5555 4312 645 6524 9520 4555 7315 8813 7926 8350 6372 8865 726 5038 9703 7120 4605 1219 9942 5186 3895 6760 7987 5864 7583 5332 5182 2599
3613 6340 2451 6978 3394 430 1616 2924 3278 7416 2965 1472 8978 4253 3797 5841 3584 2764 3382 2409 4331 2153 6605 7869 1609 1701 6848 2280 2270 8597 9368 2652 1892 7434 1122 5645 5590 5927 6247 9072 6946 7319 2431 0 9746 987 2741 6204 6332 6510 7778 9121 1081 5373 6694 2626 1009 2690 1835 2161 3557 2159 9645 3330 9727 3086 1196 9618 7541 8688 5221 4169 3304 5827 9911 7816 1739 7213 8810 4193 8669 548 6704 5470 9850 3457 7621 1206 8359 6485 2201 1620 9369 2186 8158 8441 7011 41 350 7053 5889 3013 6379 5426 3063 2679 2458 4316 1245 8716 6427 4079 9287 4289 6312 6901 5483 3382 8060 4552 8593 4706 1131 9129 4171 5341 7104 9509 1857 7822 6494 7173 6313 6504 984 2086 4 938 8492 2926 7511 5758 3694 7190 388 9737 9053 9155 7648 1150
5874 6554 8356 7253 4930 6863 556 6822 378 7485 4571 2824 6569 5424 8187 6991 2394 3972 5858 9394 6964 498 1253 2236 6785 7077 6696 3987 157 4800 853 1455 3368 4314 1132 9338 2101 1223 8524 5196 5361 6088 426 9746 0 4380 1351 1635 5187 6819 7781 5195 5685 3197 9074 8324 6873 1152 9217 9793 325 5350 551 7789 9689 9594 6279 4021 4326 1849 7351 9018 8470 705 8569 6677 1546 1695 1731 7302 2885 4619 4638 2590 1815 327 1707 7643 9812 670 2904 4004 3353 9587 3331 9346 7911 6463 1425 9783 8049 9881 9807 7422 3899 3291 2469 2445 2805 1228 19 9448 1540 5666 4863 8940 4267 1823 1374 3992 4201 7344 5562 9290 5428 1427 1492 6958 7586 3478 5667 8152 4903 7471 7697 4615 6991 1503 6940 752 1351 8024 9449 1291 4956 3570 6571 41 2854 1194
883 7807 6398 8167 4295 2194 4622 2191 332 1191 4783 1521 324 4575 8121 5144 4476 2874 3098 2848 6642 851 4899 7234 447 9327 1651 4216 5911 9290 4475 3550 8897 8448 707 9225 8554 4047 219 4680 8805 2162 4245 987 4380 0 5047 7388 8349 8168 8453 2452 5062 3824 3299 86 239 1885 5856 8970 5681 331 7762 5038 6096 2419 4333 6148 6359 1699 918 61 9973 3589 3338 7208 2467 7816 7854 6415 7380 7130 9766 4602 8252 4017 2852 657 20 9754 2027 8115 2444 2851 1007 7785 8210 5859 2571 6334 8143 8878 7950 1699 2692 4680 5209 4432 6555 845 516 4372 896 2785 3448 959 7453 9274 6027 9710 297 7813 3216 5134 6767 391 5193 7419 1423 2592 2657 3194 1289 6680 6990 8548 5563 7293 5239 3959 7646 3989 6761 8213 4245 9882 3808 4347 1535 8953
1788 1501 8055 86 7373 2638 5544 918 5519 171 3721 3370 1860 1501 5545 4381 4767 1047 7556 9268 6238 500 703 5767 460 7931 3906 3904 3034 6617 6496 7871 9034 7771 8422 2129 3675 7353 3673 4218 6470 1337 7753 2741 1351 5047 0 7 8549 8536 562 8348 4057 4348 4887 1353 2317 3646 327 8359 6869 5370 1435 190 7512 4248 3312 1623 2544 1843 4757 8422 1746 3429 9567 2371 1725 9182 2775 3358 9306 1650 9769 6050 306 3506 7909 3645 2929 2561 3188 4904 8206 9015 9489 1794 1307 2966 1236 7667 3719 5066 3212 2266 6058 3200 9060 8595 9821 5621 7327 4211 3189 8334 9728 9313 5845 2845 101 7956 7888 8879 8703 9385 5859 4680 8048 5569 449 1031 591 7285 7064 7189 1322 9181 1418 8783 5410 9152 464 4296 5023 5828 7331 2892 3933 514 7328 296
3564 5983 5215 7120 9366 1592 2963 126 2598 6644 2619 34 6271 5368 946 3775 4736 6980 2599 5783 3566 624 7379 70 2 9885 6451 2725 3382 8318 7717 6392 7178 7496 4155 2949 9927 5751 353 8020 3869 3367 8314 6204 1635 7388 7 0 5818 8267 1691 1819 6369 498 7203 4892 9263 7243 5554 7649 2513 5806 3347 2094 25 5099 2924 6001 8176 1255 3400 7017 8523 4472 4713 3410 5533 4748 9107 2398 727 5350 520 6248 6198 8289 4626 8442 46 3833 7528 9276 8504 457 190 6290 8924 7280 8262 5865 7244 6788 9376 9618 3713 375 1269 6407 9920 692 5474 630 5752 7514 1694 318 1129 1725 4559 8905 1821 9670 127 8677 4884 3980 2273 1776 5022 4345 4333 7375 1081 1073 7851 56 6889 587 1637 4672 7565 1521 5900 451 920 7249 3553 228 5302 3840
2913 629 6009 2590 6052 3101 4738 3236 8343 3654 1894 6713 6576 9295 3211 8728 5048 4632 2830 3700 4684 6004 4475 2270 1573 3519 9430 9189 6516 6592 2226 9238 61 316 3157 7980 8011 8552 9601 2262 2274 2366 6976 6332 5187 8349 8549 5818 0 5267 4166 4699 2727 5667 3553 4618 1942 171 4746 310 6993 9668 2928 3331 1751 9136 258 5697 5930 1939 6868 7283 1995 3776 2420 5909 7142 4544 3008 7250 2063 7158 679 7099 9703 8584 5662 859 9912 772 6992 2015 7983 8119 100 6068 6581 4901 945 3960 1486 9640 9015 7819 3995 8033 9375 699 2495 6669 103 4902 6082 2527 3539 4186 2068 8549 2949 5898 1281 8746 4736 8040 9599 6264 9065 9973 2852 9453 1638 3126 4803 8497 4855 2844 3615 1633 3707 3041 5634 978 369 2654 2911 7008 2694 4380 9706 1596
8032 17 1932 2776 8010 633 9092 1402 4786 144 1904 2707 7336 8799 1725 6817 3563 5642 5379 6780 2943 9124 2377 7968 412 3715 2382 1937 7739 2229 9556 1844 5281 4088 142 1924 689 7387 1908 995 9348 7502 2255 6510 6819 8168 8536 8267 5267 0 8805 6691 6523 9062 387 6004 7044 3488 667 7352 1774 6068 879 4989 6934 7803 4575 9839 6231 7198 9376 6208 1125 1250 6099 5229 3167 5547 1629 9346 7817 7160 6624 9957 3708 4347 1958 6104 275 7555 3427 2979 4637 5592 7670 5050 3170 6830 3186 6401 9766 7496 9197 2768 6925 2582 1325 8092 4970 1264 3807 7325 9562 6025 3513 7722 290 922 9408 6305 2625 1450 5915 2925 8099 9976 5734 5129 7208 3950 4818 2273 7485 8251 7121 1167 7724 107 340 2219 5820 8816 953 6041 7188 2135 4120 5882 5028 2596
9037 4733 1265 8175 4249 7436 8998 886 7251 3080 6690 3477 6405 9884 4054 210 7781 3772 2985 2786 7803 8819 2668 7807 951 9722 4336 1392 8508 2617 6405 4611 5628 3584 6019 3302 7143 9392 3520 5592 6430 39 5705 7778 7781 8453 562 1691 4166 8805 0 6049 4045 7055 7657 8751 929 231 761 5180 8436 537 610 9480 4062 1872 2377 1982 4720 1981 2592 4890 6797 4846 9419 9205 7715 9133 7995 2065 3981 6087 9013 3354 3257 6733 6332 1358 69 8871 5501 1024 698 4166 3735 194 2286 5290 4043 2934 8879 5337 5113 8412 593 8346 6470 9761 3988 3914 5041 6230 4569 1015 8906 8636 3151 4450 7392 1708 62 5956 1828 2963 8284 3755 1875 6774 5335 8203 2567 4825 815 3136 8617 4331 9392 7087 3472 6104 8702 5157 1195 9546 9792 892 1806 7309 9048 766
7597 6158 7066 6797 7458 7312 2079 687 6637 4855 3644 7628 5865 4332 3045 1799 2488 7368 3981 7318 4092 1728 6297 2639 3582 3140 1992 1619 9693 1835 4493 9573 9083 8464 658 7952 5176 5048 88 1173 6466 7653 5179 9121 5195 2452 8348 1819 4699 6691 6049 0 6186 7391 8310 7470 5610 5717 3959 8166 9080 7189 4416 8304 7451 1814 1661 4224 5425 2787 6031 6249 1394 8988 819 7042 2747 943 1293 8442 1442 5813 3406 817 3568 5453 1690 8130 9205 7259 1259 6796 100 3094 7822 1241 9953 5118 1515 5179 8874 9694 2315 7892 2731 3222 6095 7545 9128 4511 3313 3364 9602 9832 2331 9699 621 3356 8582 813 2625 5477 2061 8465 4597 3014 8975 5681 1304 7925 9837 2621 8593 4550 7862 4488 4883 1018 2290 5562 1142 7133 1988 9259 1654 5001 6543 7115 6994 2845
8998 6759 2495 4700 9037 49 2031 6681 3053 6886 9416 7523 2347 6372 4030 38 7492 3689 9738 7959 4380 1225 5939 945 3380 6410 7456 9769 8365 2100 2405 2433 9974 9887 8095 3162 4904 334 5183 372 4831 1698 4195 1081 5685 5062 4057 6369 2727 6523 4045 6186 0 7782 9650 4593 85 8658 7138 4958 2629 8392 4295 7325 2797 1621 4992 6876 6401 9762 4082 5940 8606 301 918 8554 2984 3222 701 5495 1833 9865 3531 1906 7708 285 3660 505 974 4030 8399 4582 6374 3706 498 6676 1037 8894 8798 9042 8902 3356 2237 5133 7824 6897 3102 5154 173 448 3959 3076 6064 6244 3404 5980 5599 7281 9070 1037 8161 1661 355 2127 2737 6916 4137 6587 226 9347 2368 8328 5955 588 2156 5685 908 73 1238 4110 4452 4963 7757 770 877 2533 4728 7515 4850 8923
1504 6720 3281 8663 3694 9128 4489 9953 4913 1527 8510 8015 6440 3828 3942 188 6608 779 2034 3655 3405 5477 3368 321 439 1837 3893 8732 6291 7534 8055 3363 545 4054 7201 8158 4206 7466 9450 192 4205 1547 8358 5373 3197 3824 4348 498 5667 9062 7055 7391 7782 0 5191 9997 778 8078 4782 5556 3415 9695 8856 8210 3097 1797 1010 9811 1545 8010 4020 4134 3294 1601 9308 6132 8562 119 7422 3417 8125 6915 9136 4153 195 2210 3264 6308 436 1912 3342 4390 7599 4596 2024 4953 2208 7405 6571 5561 6983 4330 4678 3109 3218 5098 6601 4580 3786 6953 310 183 7624 5820 4144 8629 7282 5523 7177 6784 9948 5889 2478 3488 8068 5758 2132 2117 7403 305 5612 8703 2981 4700 1163 5594 7720 108 8785 5863 5758 6263 6254 65 6082 4688 2373 643 6298 8969
