150
0 5071 4541 6953 8786 1485 264 6932 467 8194 4801 2165 5083 2453 2959 9625 2300 8824 5552 8141 9812 5597 8817 2389 230 5398 1896 5765 1156 8274 9788 5737 9245 5994 851 27 2666 9712 858 4477 3001 3582 6040 9461 9426 9054 4430 2630 5246 673 477 2339 6833 5751 4862 3986 2028 3137 8595 2108 7014 5261 417 8700 79 5424 798 7838 353 441 137 9850 5149 1740 9410 6069 5636 7121 8594 1990 811 9862 6169 9650 7047 2610 8955 5573 5331 7040 8887 9266 5921 4583 918 8147 5632 1875 6666 3999 5049 2202 4956 149 3723 7366 7803 4650 2605 3705 6400 9386 679 3040 4627 9657 83 178 5915 1082 4540 5966 7113 3744 4019 3599 4245 1201 4434 1476 8458 2776 1540 8643 3245 521 8387 4930 1419 5345 6475 7466 3333 4726 8570 972 8778 8029 8251 5390
5071 0 6578 622 5146 8616 7354 2741 6425 3275 1528 8215 6878 6086 683 5090 5977 4982 6647 4776 9460 3583 807 8066 9801 4511 2143 6054 1968 4021 8895 2796 1417 9653 726 9875 4660 9829 1686 9102 5216 9169 4661 8520 679 2799 3516 6836 1781 2168 945 1920 9175 848 2551 1027 2153 997 9421 2844 2058 4337 3378 846 8334 7028 3063 6095 8625 4233 5205 8107 4084 6449 4175 483 4663 6560 2641 7827 9981 4682 1023 3186 6666 2433 4598 4490 2214 4474 1699 6396 4870 8093 1584 455 5011 7713 2706 5562 926 8091 4766 5372 4914 7060 9923 3525 1265 9857 4740 9272 4135 2947 2621 1452 1912 5338 3540 9688 2177 7673 5865 6284 491 1233 6821 1282 1139 560 4298 6144 7130 3216 26 2200 6691 8249 9363 8190 2873 9357 3696 7219 6938 5148 9904 4523 5676 6716
4541 6578 0 2323 575 5262 5105 7103 9567 107 4545 7083 7823 1223 6652 3847 2228 7732 4213 1362 5750 823 8515 3041 5789 2037 9856 1424 2110 2090 7814 1778 9074 72 9544 8144 7474 4602 7667 7718 1229 5599 6983 7469 9743 7863 3304 5979 994 6388 5349 2865 5473 8534 5447 6489 4506 8744 89 2599 1852 6761 7202 538 8105 7919 6609 946 6910 2270 2826 1470 2992 9969 7959 5238 1489 3320 4125 149 5342 628 5220 337 1201 1729 4399 9014 8977 2456 7955 1527 9173 9276 1118 4563 4759 2935 6721 3075 8477 6620 6771 4089 6621 8437 3588 7032 1271 4217 1210 8014 6554 6036 5000 8354 3009 1559 5338 7778 6884 833 4347 9220 7029 9046 9832 6969 9574 2719 9584 3764 8456 1517 5717 6880 3709 3354 7362 5201 4202 7898 7356 6417 3854 8105 2175 2940 4257 8283
6953 622 2323 0 7342 4188 3906 9446 6253 890 2983 7796 1964 2401 579 6576 9462 2778 3868 6281 9325 2377 724 2193 4129 3897 8348 7924 4950 4895 6539 7759 7966 1082 3716 716 7410 7372 1073 770 2793 235 4703 2486 8201 5942 9729 3883 5626 5293 3771 3183 6697 8194 1273 2805 8896 3484 9839 2497 1448 9141 8325 137 1928 7426 2333 9184 1148 5297 6824 9459 3811 3267 1767 778 8959 6956 7204 8899 9156 8772 4766 4236 1548 3347 1168 3999 8533 1141 1233 1827 7284 2719 5195 3091 4359 6128 4250 5287 769 2128 5008 4992 7034 8718 4722 4997 2694 3212 7912 1936 2394 7911 8867 9382 2736 7776 4718 3096 9304 9681 4957 4835 74 6475 1894 9266 188 5342 7190 2405 3705 7008 2403 6802 261 6640 3180 4292 2483 7380 4227 3126 1872 8758 1185 4881 6720 7473
8786 5146 575 7342 0 5386 212 4985 4032 6767 8261 9478 3147 1794 177 7326 295 6580 9860 4082 9339 7305 5512 7912 135 9053 27 7969 5835 7412 1578 8564 8024 5827 4460 5819 9864 9016 2127 3217 7397 7795 2448 4259 7875 5427 5429 4838 6900 1796 8633 3807 3043 5822 1825 4264 9154 6176 2096 9588 9146 8627 5938 3324 3262 7744 5131 8499 9071 5219 1656 77 9332 2991 9145 2503 3009 3832 8594 7833 2667 2986 5997 1657 4017 4307 5280 6118 6517 7840 8962 58 3592 3420 3719 5417 7646 4353 1084 8830 4815 9883 6252 9071 460 6210 583 6181 1962 5399 7 7999 8852 4469 5221 8038 6924 8844 9875 3380 5471 3725 4874 8503 5022 2168 8494 8107 1648 904 8 6447 4340 6882 5754 7645 2231 7040 9637 3671 3665 6142 7897 3495 5656 7250 7451 911 9156 23
1485 8616 5262 4188 5386 0 8526 3703 1587 8201 2004 221 1280 9902 6563 3687 9747 106 4912 5834 6403 6277 1776 1027 8080 1313 4089 9267 9200 898 857 2093 8591 2101 9740 103 9419 2513 6988 3897 1487 4483 9045 6689 3425 6236 9365 5515 8207 8375 2104 2875 5642 7531 3710 1570 7541 9888 1311 5694 4433 4428 9512 3148 6908 2763 2882 3662 3707 116 7549 6962 2689 4927 201 7376 6954 3176 6865 243 4317 127 6716 6945 5203 3676 4764 251 718 1811 5897 1706 1233 7712 8159 1601 7636 7759 6852 1968 1318 845 9656 6045 7172 4966 2143 1103 9341 5228 363 5195 3754 5299 3386 5298 1144 10000 5468 7058 7469 7401 6258 960 4841 7140 6504 8134 7729 5399 3105 4295 5075 7481 9516 8645 9766 3631 9727 4126 297 9502 4680 54 4995 8869 6931 8211 5097 2800
264 7354 5105 3906 212 8526 0 568 9534 4757 8960 313 3828 7570 2202 867 8862 6043 6727 6175 696 7311 1497 3753 8073 256 7495 3079 729 777 3533 5655 3907 1450 752 7755 8473 6477 4583 9277 8732 8724 8559 2460 3204 4819 8097 2366 6278 1837 498 1835 1177 7541 3382 525 4367 2615 4189 1973 6721 3845 2951 3476 2293 7548 9004 8355 9845 9584 6862 749 1624 258 416 5379 6120 3206 904 3430 6668 992 20 4957 1652 8272 5519 543 7799 1877 7280 6263 5969 3677 2507 9303 6386 6238 3294 7792 1732 2932 1627 2148 2870 9285 5139 4803 8549 4892 9124 9336 2759 8453 7930 667 5014 6027 8985 3602 8065 2530 6529 730 7905 6723 8698 1315 5331 8693 1088 9097 1239 7282 6266 2632 9517 1097 5616 5295 1030 8172 1878 79 4404 417 169 3270 2238 6965
6932 2741 7103 9446 4985 3703 568 0 8317 3473 6453 730 3071 1286 1275 8476 5949 1584 5407 2265 9579 6608 3704 9220 3221 4479 3934 9984 8036 6922 8041 6593 6902 95 1212 4455 1508 9177 1397 9625 6511 8282 3879 5978 8803 5522 1758 3523 8949 8671 8997 4966 9317 8103 3506 814 8121 7216 6954 882 5927 378 8903 6981 76 3508 2884 9272 919 2235 6433 5785 7753 283 2961 4833 4368 5394 513 2490 6623 6206 9024 1952 4793 6619 5450 2601 3331 6738 1439 6286 7904 527 811 8536 7732 9171 4296 1681 9668 9303 4774 978 4123 9845 2101 3090 8629 7742 7414 8345 8852 9140 7304 562 3534 8756 4692 9177 5036 6685 2527 7714 2767 4174 8685 7385 5387 2412 284 2448 1986 7927 2779 9926 6760 8691 6702 4973 648 8560 6235 9826 9886 1528 9238 2191 8327 1859
467 6425 9567 6253 4032 1587 9534 8317 0 5792 2693 9519 1939 6524 8957 7604 7495 884 1925 607 7046 9696 8633 2113 5126 6916 8935 7284 7339 3110 2476 8478 3408 8396 4918 9881 1706 5015 2180 5475 401 858 3752 7430 6036 193 837 7682 1497 3022 6913 6068 9733 3639 268 164 2546 8449 5994 2759 3660 9258 2446 5188 1912 1570 4270 7120 582 8564 971 207 9055 4277 1414 4116 1589 2740 974 3865 8312 7474 3104 9160 81 5234 6692 2645 5390 9618 5254 5780 5683 5446 1486 7767 2101 843 5894 1510 5534 3644 4285 6888 7305 1917 1897 6977 1148 7424 6725 5523 1866 7195 9555 2331 6757 932 9188 7726 8978 8791 5961 7741 2669 5569 7045 4667 9652 8850 8101 4127 9311 1787 9055 694 959 9105 6461 5445 8720 8280 1604 6121 7477 2327 8414 9562 6097 9796
8194 3275 107 890 6767 8201 4757 3473 5792 0 531 9066 6644 2395 7564 7986 4890 9936 5902 5395 4890 7202 7479 9659 368 8432 6096 4987 3790 9080 5230 5807 8493 5061 2088 7207 75 4054 1150 847 7936 1362 3222 6623 2574 5315 8421 3524 5018 9320 3710 279 5833 6507 8481 5780 4377 4472 329 2755 4762 8994 8970 6559 2764 5017 6818 6132 1683 5932 7330 6103 5141 282 3571 5484 4651 2384 4775 6520 9088 4299 9850 4629 251 2290 3694 8802 6046 9616 4528 278 7224 2445 5400 8168 6243 4535 7010 7814 5221 3183 1327 8173 3063 8362 1073 6599 5590 9399 5002 8672 9616 831 1868 720 8766 8142 3787 506 7279 8534 4671 1650 9804 3217 343 5607 3059 6117 4447 6663 9911 441 4229 1738 6581 905 4341 6882 2326 5213 9970 4994 7087 1537 4975 5842 4576 1163
4801 1528 4545 2983 8261 2004 8960 6453 2693 531 0 9081 8562 5475 4510 9319 8781 1161 5849 3524 7917 8294 3603 4828 6630 6550 4457 963 8816 8797 2962 5226 8913 9633 6243 8520 2434 7075 5042 1184 2853 8131 5700 3431 7949 4247 7631 190 6097 8978 8667 266 4575 8809 1905 2474 2089 9641 4899 8221 3286 4681 5315 1399 6950 2809 9751 7152 1236 3789 8214 1734 8883 5255 6473 378 8835 5062 8895 4316 1713 9055 7215 9090 2725 2701 3951 9391 8597 3335 6039 6498 2536 1187 115 921 3661 3293 8548 1644 7851 8911 3200 7774 4070 9706 8758 6715 5782 8490 4857 8392 513 3790 9316 2994 7833 3290 3047 265 8407 3348 7233 6492 8504 7309 3821 8286 4595 5470 969 1081 2335 7748 5348 5111 2224 5464 4090 1105 846 6139 4628 3480 8422 3565 4518 1493 7447 8424
2165 8215 7083 7796 9478 221 313 730 9519 9066 9081 0 3086 2832 3505 9433 431 6199 4105 2160 2646 7998 8591 4395 2125 8008 3462 3601 6843 7652 7571 546 9124 5411 3863 5297 5285 9889 5672 7334 7106 6059 4436 257 2731 1797 6304 7541 5706 8107 4477 6507 3562 9505 2271 9236 317 7022 5377 5809 1300 8328 5891 775 5198 4015 1901 6739 1573 5124 1778 3008 8095 3432 708 3049 5547 49 5686 8671 6806 4369 7543 7832 4506 2175 2553 6845 4794 8742 6359 8208 1669 9852 7828 5623 288 9269 7397 8237 1763 1503 6007 9133 6759 5850 9023 2681 7905 4313 4583 7780 234 4837 4688 2967 4100 3005 9624 5093 8924 2322 8774 7374 5840 7885 2035 5713 2935 8610 372 7430 9604 823 2174 8923 5404 4640 4126 3628 3492 9151 4625 1248 3785 8219 1580 7264 2776 4601
5083 6878 7823 1964 3147 1280 3828 3071 1939 6644 8562 3086 0 7500 3751 1451 5234 277 3998 35 6533 804 6068 7751 1930 8916 6379 3739 1971 3171 3335 996 731 9269 8632 4299 809 5965 6137 4735 524 8250 7435 607 4313 6679 761 5027 2797 2793 5 7676 6898 6461 3470 65 7044 6311 2272 466 8831 8277 3727 2053 3543 8784 7892 7793 4244 8574 1709 8316 7734 8862 9093 9095 5654 1061 5357 3019 6377 438 2356 446 135 3799 5357 1196 9754 2723 6789 8910 1322 7019 6347 3907 1676 8607 139 9296 8750 8236 9630 6147 8407 5011 7354 3620 2444 8222 1882 9650 2245 1127 9656 7842 4942 938 9682 763 1895 3795 494 6440 1323 435 217 9087 3520 8996 5414 9371 3397 6018 6316 1702 3802 2209 8948 8795 5340 1399 1172 3326 5521 8592 2076 1082 6786 9676
2453 6086 1223 2401 1794 9902 7570 1286 6524 2395 5475 2832 7500 0 6402 4191 6174 5422 7656 9060 2133 4462 6743 3994 5159 5193 2393 7341 3482 4539 3600 5110 2743 3367 2737 8003 1842 2017 4110 9432 5519 4285 5568 4217 2842 2276 2389 8799 427 586 7990 5078 2087 614 6303 8022 4467 1621 1148 2383 3967 6940 2183 5860 5465 2118 9471 5501 8415 1178 7703 8477 3787 3602 917 3965 3897 1538 2418 5574 2138 238 3445 3823 1743 2905 721 1213 3074 7601 6179 1148 4070 7581 3032 1769 3454 159 2162 3828 5729 3922 5380 4455 8954 538 4655 6424 7605 9507 3162 1753 4716 7483 2886 3278 3485 2684 9005 3926 5413 3515 5583 2680 3571 8562 3692 8161 6646 5553 4034 822 6264 3461 5936 397 8889 994 8010 178 5604 1857 6883 4177 5508 9915 5909 6653 6300 3270
2959 683 6652 579 177 6563 2202 1275 8957 7564 4510 3505 3751 6402 0 7739 5008 952 6111 3557 8214 2690 3455 7948 9515 1073 3135 9997 3704 5295 4156 9188 1760 8998 8591 3514 1200 8011 6036 6496 6412 87 1952 456 227 9799 1664 9670 726 1862 1353 7201 7772 6377 5324 5583 4668 6661 3119 3673 8991 4635 6925 3801 3113 9560 1258 9700 807 4660 9286 293 7437 6356 6363 6856 7982 1114 2443 2743 1009 2875 1725 4473 2936 2099 3432 8121 7968 4031 1527 5556 2555 2120 3951 4319 8228 5640 1834 3059 5237 8651 2614 7232 7139 682 6005 226 8001 6458 1769 4224 3066 1509 4398 1709 1279 7509 2322 8773 6097 5687 8500 2333 83 8524 8814 8553 8295 7874 5682 4068 9437 7016 9143 2562 5282 1628 6671 9802 620 1831 2340 5128 412 7639 279 9180 6896 2733
9625 5090 3847 6576 7326 3687 867 8476 7604 7986 9319 9433 1451 4191 7739 0 7518 7549 3577 9252 6725 9508 4530 2053 8043 512 6662 4345 9090 3377 9561 8209 9535 5691 3281 9243 1683 8314 115 6104 9108 7749 6262 685 2689 6306 2347 748 5611 8139 6147 3026 8985 7511 953 6514 3174 6022 5650 5320 1195 2859 3881 8374 6086 9129 7713 2368 5855 8810 2154 3644 2872 9685 8043 6950 9660 7693 4755 5177 1731 9361 6729 1057 4562 6434 3400 92 5911 9982 6977 5380 2783 9862 5478 3025 7582 6211 4331 1895 6587 1752 7780 8934 72 5385 2243 9703 328 1727 8786 4673 8968 4590 2420 3425 8520 7502 2595 5147 1637 8323 8747 984 6957 5114 4493 6461 1623 2561 1924 726 9256 3110 7823 3880 6165 979 5049 6797 9917 9246 1584 4781 4067 6457 2350 6529 9871 2663
2300 5977 2228 9462 295 9747 8862 5949 7495 4890 8781 431 5234 6174 5008 7518 0 8137 5130 174 4537 8200 9782 2437 5873 3261 2536 5629 7532 2401 3501 5844 7604 1474 69 8013 6141 2686 5743 7482 7910 2684 2578 9723 1759 9596 3524 8071 2997 2759 1098 1008 5473 5477 56 5763 752 1760 2744 7699 2927 9130 4739 2088 9987 7705 3078 9390 9419 9440 7967 6305 5272 8503 2936 8197 2259 6713 8302 8347 2855 9968 5369 3674 5011 5096 7269 3692 7012 2367 5296 5353 7310 9190 9009 4737 8807 3295 9358 4780 9551 7234 3408 2363 7680 1417 4951 8181 7865 7568 8612 6729 9334 4943 1068 5440 4714 6092 7067 3019 9884 3667 8304 3024 1600 9934 7170 909 9619 6047 7787 7639 5095 7773 4472 4346 6662 1661 5166 4479 8102 2717 8633 7807 1318 3815 1375 2321 3430 6491
8824 4982 7732 2778 6580 106 6043 1584 884 9936 1161 6199 277 5422 952 7549 8137 0 5346 2355 5992 5180 6003 6917 4853 1557 9656 3186 7498 7716 393 5945 7726 6045 3609 9508 8959 6530 6791 2064 1557 8012 7073 2111 9167 9407 2671 3842 8667 7063 7077 7140 3112 5805 5566 8750 5964 6285 8677 1441 5378 8619 6263 3617 3024 3994 7410 7422 895 1715 9644 551 3918 952 8434 8029 6365 2594 2121 8742 3336 2389 2951 1094 79 7818 623 7185 8717 9138 7408 8985 345 5904 8543 2829 8038 3971 4545 6860 8730 696 2110 6426 6207 851 6080 191 6848 3816 5910 8609 8553 1927 5186 4330 2142 1621 3666 8029 7215 4725 8015 6033 738 179 7289 4047 5570 2767 8496 3997 8591 9321 1864 7570 1744 2252 3592 2289 6291 52 3102 561 1686 5418 6008 3149 6159 9850
5552 6647 4213 3868 9860 4912 6727 5407 1925 5902 5849 4105 3998 7656 6111 3577 5130 5346 0 4186 8970 872 2269 2109 7888 270 2053 701 7936 7342 3632 5644 2883 573 3623 5336 1001 166 5036 8730 4515 259 7259 6875 7182 2916 3902 2860 4142 2496 2839 927 3741 8241 3880 5467 8800 8694 3871 8230 9431 7885 2948 7000 6713 4630 4492 2001 4110 1395 6479 7598 5994 8070 806 1491 9219 4184 3044 2959 1568 8261 8657 9666 4336 8869 5588 2538 5242 3536 4105 2912 9006 121 7678 3813 8336 9423 9879 4911 9274 4180 9289 5195 1365 6547 5406 7324 6464 8431 1476 9558 8187 938 7152 7478 2709 2123 349 9614 8208 2599 8480 6082 9579 7983 1458 919 6784 1103 8993 6952 6410 5175 5815 7924 9058 7939 8680 3064 7533 4514 4126 3291 4396 3461 7124 3659 5929 1758
8141 4776 1362 6281 4082 5834 6175 2265 607 5395 3524 2160 35 9060 3557 9252 174 2355 4186 0 5511 7592 8866 5375 2488 6262 1556 1898 9443 6839 7845 3416 1998 6989 7278 3791 8352 5707 733 36 276 2075 1901 8640 6031 5041 1641 9315 4603 2870 7757 6006 4478 4640 5908 2960 4145 3998 7921 3808 7993 7912 3949 2865 7834 1981 7979 1108 3510 627 5099 9021 6857 5332 8502 2423 6885 2337 8547 9497 318 8350 9158 6434 7574 9061 8012 9585 3017 9314 2255 1556 6837 1153 3189 3223 796 8708 1592 3031 6632 8991 9 3942 3228 6401 9161 1222 9610 734 2187 7564 5615 5340 314 6833 7102 3222 9424 5074 2685 3974 9414 2989 2519 8908 9104 1704 8700 9267 2828 5474 6107 6878 1759 5968 2838 5730 4710 8399 6233 6540 7820 4247 2435 4300 27 2838 6756 9748
9812 9460 5750 9325 9339 6403 696 9579 7046 4890 7917 2646 6533 2133 8214 6725 4537 5992 8970 5511 0 3755 8151 3125 3715 2212 626 6117 8135 7631 2598 1965 6212 2299 1250 7821 283 4722 2173 8876 5958 5551 3155 6653 684 6796 5126 9633 6400 6071 8527 7125 9626 8204 8258 959 1020 6850 5106 1316 9726 2858 2890 4787 8739 4909 3816 7590 3649 3763 7634 696 1507 3257 3039 1245 8873 4077 5895 2878 9956 8340 3550 5980 9129 2075 6829 2451 7484 6968 1397 4059 8706 7102 3190 5781 6404 8425 8643 454 8647 8904 3666 9323 9605 2159 1595 9924 1018 7406 7470 2769 9294 4249 6448 3565 9496 709 291 9414 4575 5662 3995 2003 6558 5643 2636 1672 2251 885 6115 3335 4778 9750 2898 9114 7 1232 9365 6103 256 6197 3814 8875 2214 8401 1661 1993 3827 407
5597 3583 823 2377 7305 6277 7311 6608 9696 7202 8294 7998 804 4462 2690 9508 8200 5180 872 7592 3755 0 4679 1341 2785 2046 7543 187 7618 4971 3830 3238 8254 9066 7731 6132 1286 9984 4866 5134 7108 8200 5513 8465 5203 5678 5483 9733 5389 6960 4035 7919 3659 4084 1228 7783 7739 9701 2791 6090 512 1552 1843 5031 4196 9650 7377 8414 1968 8693 5751 7071 9232 435 2294 5147 4836 8498 6978 8418 442 6749 8852 5732 6050 7461 6915 1383 6934 5322 2471 383 4745 6319 8945 1745 6079 1551 2707 5622 3740 8042 1503 1330 4134 5819 3062 2965 2019 5979 978 4733 3867 5543 7958 9480 9276 7699 7862 8125 9015 2863 6770 3679 4962 8541 3604 3900 1428 5048 5453 2567 2570 9997 4180 4865 305 2647 9314 1544 2820 8 1873 6307 7652 3780 7985 770 3240 8676
8817 807 8515 724 5512 1776 1497 3704 8633 7479 3603 8591 6068 6743 3455 4530 9782 6003 2269 8866 8151 4679 0 4531 9565 7422 7046 3733 1856 5821 5321 5415 7845 5061 5425 4501 17 4612 3797 4269 8989 9690 9148 38 8165 6409 7791 6631 3181 6357 485 3429 3311 3548 269 5753 860 8536 2492 8355 7317 4116 9145 9441 8068 1659 3142 8695 8441 1668 2030 7095 8927 6446 5790 3545 8951 4945 7608 1443 1291 1283 5619 6782 6122 6320 2625 3394 7144 6990 5868 3700 6923 6156 5182 5961 2732 6911 6319 4436 6458 2613 3275 7230 522 6427 7292 1867 9234 4824 1740 8510 8976 6451 6620 2926 2842 251 4972 2071 1037 6421 8904 8154 6969 2710 375 5528 6549 8484 5226 5268 6626 8478 7201 6069 3220 7939 905 8194 491 1180 2266 7412 9625 8130 8507 4251 6773 5299
2389 8066 3041 2193 7912 1027 3753 9220 2113 9659 4828 4395 7751 3994 7948 2053 2437 6917 2109 5375 3125 1341 4531 0 3777 2469 8718 165 9429 3797 4475 8753 3249 7970 926 1708 1906 2303 3616 9417 3237 8143 6440 7466 4135 6639 3693 3682 9821 5918 6159 8896 4187 5834 3596 7529 867 688 7248 2190 8603 5594 2066 1570 8268 1469 594 4597 1541 2056 8488 731 6048 8543 436 9600 4479 9796 9136 2438 5047 1507 1735 8347 9212 595 4341 8939 7301 2053 20 1132 581 9766 4437 4588 4487 6221 865 2157 7983 6285 1608 538 220 1127 2612 7001 6562 3510 5478 6472 2299 2371 1655 8616 1983 8864 5069 8532 2741 1740 4834 4426 9292 1159 8427 8569 2198 9097 5564 3418 9398 9864 3852 5489 1006 2962 6139 8954 7212 2334 5556 8147 1165 4078 4717 5934 6222 9754
230 9801 5789 4129 135 8080 8073 3221 5126 368 6630 2125 1930 5159 9515 8043 5873 4853 7888 2488 3715 2785 9565 3777 0 3208 9383 6622 3963 109 414 5989 4166 6403 812 9231 790 1793 6125 8646 9148 7748 4287 2630 7876 3307 4001 9468 7548 7530 7724 9856 4797 9324 6094 2694 1773 8309 4605 9446 1091 7166 6186 333 546 6618 3262 6004 9267 1837 6081 3243 983 1586 1147 7425 3759 9273 6412 9910 2174 2494 5507 4815 6214 4938 7264 6550 6683 7198 2857 4091 2215 2489 3988 2214 6794 6499 2624 7740 8198 316 9535 629 3385 8866 4119 7288 1709 8812 7344 9847 2269 8818 2256 7326 5624 1962 4587 3548 6697 659 3974 6414 809 4585 5736 7274 1506 3828 8301 2582 1540 4033 3603 4328 4776 6284 2682 225 4489 2194 1230 5244 5223 9769 3225 8974 2057 3521
5398 4511 2037 3897 9053 1313 256 4479 6916 8432 6550 8008 8916 5193 1073 512 3261 1557 270 6262 2212 2046 7422 2469 3208 0 5550 2925 9357 8703 3764 5228 3134 5204 6910 8880 5818 3153 6414 9199 3724 2582 9960 360 7830 7072 850 1413 1337 2373 1775 5308 8133 7607 54 6939 4277 1950 3765 2835 1607 8964 240 7366 1740 623 24 6643 2637 8553 3157 1397 2460 181 2180 6729 5744 6159 6784 8956 9289 1531 8409 7420 7592 3521 111 4159 5168 3200 3234 8676 5443 3593 3040 7273 1691 7456 5714 9140 4470 393 5906 936 8084 800 518 2822 5395 1210 5965 2358 3007 9555 6998 109 3028 2585 9641 9174 2636 9104 5728 3386 3500 7606 8167 2262 9097 120 2909 4270 4781 3431 6235 5845 1442 7264 437 6760 2490 5125 6367 3839 3377 1950 7967 6265 1234 4356
1896 2143 9856 8348 27 4089 7495 3934 8935 6096 4457 3462 6379 2393 3135 6662 2536 9656 2053 1556 626 7543 7046 8718 9383 5550 0 5561 796 1812 7958 5717 5191 4393 9034 7185 5095 1890 9229 3673 677 8775 313 3437 8695 5258 1095 317 7845 2775 8281 8277 8421 5266 6761 6472 233 8353 5054 5382 7858 4261 142 7194 3058 7563 3265 9713 2276 5398 3512 7365 3817 7415 7320 2557 3576 2078 6043 5067 4087 8348 5956 5683 9470 3102 6462 8512 1879 8258 3595 6829 6118 7713 9133 5875 6552 3875 3525 6479 8280 4780 1930 7163 1498 7050 6524 265 552 7950 5885 5799 2086 8987 1630 6750 7435 4330 6471 8237 3541 4847 1098 6404 2486 3534 313 9872 394 5695 9285 499 3377 6647 2267 8734 158 220 8657 5074 77 8046 2689 4432 814 5544 7320 2411 9000 252
5765 6054 1424 7924 7969 9267 3079 9984 7284 4987 963 3601 3739 7341 9997 4345 5629 3186 701 1898 6117 187 3733 165 6622 2925 5561 0 6751 4679 29 7565 2257 8568 6839 8041 2410 7091 2219 8864 4888 6287 5066 6225 8216 4477 6243 2658 6813 224 7249 3963 8727 6748 1432 625 2340 3031 1382 7155 3929 5092 1495 1842 4810 3156 3860 667 2400 1711 7216 645 4989 9681 370 3135 4503 8156 8651 8313 8777 8172 1006 8952 6173 4916 7070 5841 3353 6833 4399 4352 7596 4267 1230 4576 645 7591 9344 4845 615 7282 7566 4274 8396 2694 6075 9673 7093 8789 3445 3938 5417 4441 1060 322 6996 8763 9573 1271 5269 8778 3285 2782 9085 7577 7195 5089 8634 9940 7051 1181 3006 8166 9709 2864 8066 8140 7977 5819 5362 2183 1204 8972 6504 6341 1119 7348 383 777
1156 1968 2110 4950 5835 9200 729 8036 7339 3790 8816 6843 1971 3482 3704 9090 7532 7498 7936 9443 8135 7618 1856 9429 3963 9357 796 6751 0 3052 5010 7435 9501 574 9034 8302 967 9193 160 1813 2511 5058 4604 6178 4286 3223 3769 6950 1340 1195 2667 2383 2947 2835 3047 5084 752 1430 2646 6399 3077 7338 7556 2868 7765 8066 103 5755 2295 3612 5573 8879 4217 4051 3171 9299 7802 8126 6096 1414 1098 4173 3744 8684 5189 4086 3546 2847 4814 6452 9727 5830 9789 2466 2646 956 9419 7929 8429 8345 2663 3877 5666 6722 8971 4592 3350 5681 3466 398 1248 4354 4623 5738 4524 3307 4349 2269 20 9863 6992 3171 6851 2572 6070 8458 1145 4981 585 7771 8805 337 1315 9049 9108 8118 4794 1323 7412 1703 9868 1880 793 6589 6078 8947 4216 1286 3682 9688
8274 4021 2090 4895 7412 898 777 6922 3110 9080 8797 7652 3171 4539 5295 3377 2401 7716 7342 6839 7631 4971 5821 3797 109 8703 1812 4679 3052 0 9819 6293 517 3370 357 1935 6301 7380 7196 10000 5328 2661 9097 1590 6385 1707 6526 6074 7770 7598 3191 8901 9335 649 1211 3688 6261 9650 3227 3435 3899 5483 7581 7424 5238 2061 9255 8925 8421 6894 6478 8035 8151 5962 8577 5194 490 5245 8299 1975 2763 658 2846 8621 1640 1640 5618 1048 1236 1211 6771 232 8452 9385 2068 4940 4870 8941 699 1502 480 4118 5697 4507 5472 2997 4826 6348 5971 8248 9692 4368 2220 5422 7663 1376 9987 1826 4656 8039 4180 2450 2231 9199 1850 2236 721 8077 1575 9851 5226 2824 9863 1242 8472 9810 1370 897 3772 9842 5127 4328 4085 3977 342 7877 6635 7914 7299 5361
9788 8895 7814 6539 1578 857 3533 8041 2476 5230 2962 7571 3335 3600 4156 9561 3501 393 3632 7845 2598 3830 5321 4475 414 3764 7958 29 5010 9819 0 5450 8457 735 7457 3150 9749 3223 486 6622 9325 6352 688 7061 2324 4269 2369 8745 8325 630 6314 3248 6700 5261 7196 7532 9258 5842 1061 6441 8311 9611 5899 4696 8907 6681 6123 9549 2476 7728 372 5501 109 3456 5971 6263 5661 570 3271 3999 8891 6391 4649 230 7643 9807 8114 4041 7108 8677 5878 3122 1997 9997 5553 9716 8109 5116 9818 5303 2155 3098 1677 6952 4830 4855 9229 5554 7583 9114 9147 7257 1687 1074 779 1938 8951 5835 6181 7283 9058 8371 6641 2474 6413 9808 8100 1507 6295 8172 6283 5769 3673 7949 3361 4678 5403 5977 4500 3730 8618 9132 4974 6878 3520 8757 5286 3993 7322 8902
5737 2796 1778 7759 8564 2093 5655 6593 8478 5807 5226 546 996 5110 9188 8209 5844 5945 5644 3416 1965 3238 5415 8753 5989 5228 5717 7565 7435 6293 5450 0 5053 1196 1751 7913 6882 1775 3933 5493 7328 1549 4218 8816 4989 3663 652 1048 7053 130 1673 6076 495 2629 7718 9846 7436 8177 1099 6342 666 9423 5955 3180 3113 5039 2290 3779 4674 5340 7564 1900 8685 3224 190 7813 9963 1537 7995 5657 4408 6842 3983 4856 7892 6975 4285 2615 2463 3060 7177 210 3382 4602 1468 5690 5381 6532 6748 4927 2522 1664 2227 4488 1640 8392 3832 5681 835 8594 3604 453 2166 2337 6348 5968 9829 6401 8782 6279 6496 9162 6620 6167 454 8019 9840 6621 5080 3717 3758 8621 5591 5360 7159 9591 1514 8834 2923 1030 2895 7711 4811 5213 2177 7998 7989 8392 5087 4853
9245 1417 9074 7966 8024 8591 3907 6902 3408 8493 8913 9124 731 2743 1760 9535 7604 7726 2883 1998 6212 8254 7845 3249 4166 3134 5191 2257 9501 517 8457 5053 0 9679 5083 247 2735 5355 1573 5985 1855 2847 7295 329 2545 1479 4026 7095 210 8579 4252 2208 1707 1782 3542 4852 3737 9982 9220 1430 1807 6337 4479 1846 7943 495 1669 3097 3285 1272 9537 7860 7918 8966 7056 9638 9605 8483 5640 8901 3215 8053 5186 9875 6549 4910 1424 4354 7477 668 1548 5943 9216 1803 7521 2992 698 3566 1016 1905 2328 7264 8530 5675 9126 5566 7025 256 1396 53 6951 2227 8483 1490 6406 3961 264 8581 4512 8959 2274 2009 8793 8540 2046 3436 9030 6434 8354 2157 6142 3384 9215 4152 2171 2462 6892 6760 4409 3500 6638 6732 8320 3825 9246 1482 2662 247 2708 5894
5994 9653 72 1082 5827 2101 1450 95 8396 5061 9633 5411 9269 3367 8998 5691 1474 6045 573 6989 2299 9066 5061 7970 6403 5204 4393 8568 574 3370 735 1196 9679 0 3727 6517 7488 3073 2448 2221 5487 8800 6186 4511 2367 5489 6383 8501 7915 4855 6653 7909 4947 6877 2567 1008 1575 4287 8924 2759 2464 343 6017 4449 5523 328 2298 5095 1744 6328 77 5901 120 3486 4708 8271 1971 4092 3248 7998 5577 1911 5777 7148 1941 412 7538 5111 7462 7920 9697 5576 2215 6536 5326 6565 5860 3327 7362 9987 370 477 6407 8531 5854 6440 3385 5855 1964 3784 7724 467 1519 2557 909 4748 6433 7360 2613 3840 6435 3750 4837 5841 9570 1516 1074 4563 5390 8866 2955 9482 6468 1897 5508 3515 5213 3528 1891 9459 7320 8075 7960 8960 4886 7033 6538 2027 1227 9582
851 726 9544 3716 4460 9740 752 1212 4918 2088 6243 3863 8632 2737 8591 3281 69 3609 3623 7278 1250 7731 5425 926 812 6910 9034 6839 9034 357 7457 1751 5083 3727 0 7038 4115 4280 8762 6434 4451 6183 3502 2167 8171 8363 741 831 4308 3216 4652 8970 8179 7059 3821 5748 9078 4878 7366 2759 3828 6401 3927 2981 3686 3113 9017 5327 2741 5325 3864 7822 5276 7821 7020 3226 4001 1173 3915 5664 8151 6150 1242 9048 6475 1335 9374 4644 3974 1607 7997 2456 8134 2454 6941 1342 8760 9293 8322 9485 4576 1624 3026 5993 6565 751 7339 8783 3122 74 7582 7188 409 6486 2230 1349 4299 7407 322 428 2074 531 8293 6921 6316 7411 4368 7988 9304 7844 4698 2821 5453 7862 7963 121 3613 3983 8428 7812 9479 3 7269 8982 8097 8582 9325 4950 9982 5538
27 9875 8144 716 5819 103 7755 4455 9881 7207 8520 5297 4299 8003 3514 9243 8013 9508 5336 3791 7821 6132 4501 1708 9231 8880 7185 8041 8302 1935 3150 7913 247 6517 7038 0 9260 9211 4987 9250 1450 8174 3144 9507 7232 8776 243 6970 9540 4266 6110 7043 1313 225 1275 9605 3182 2394 2167 3471 1127 2016 2708 6678 8880 4779 8848 5583 4867 7756 4821 1921 3798 223 3456 8640 4953 7845 3116 6607 2034 6421 4097 4379 4153 9061 3412 1510 4153 1582 8147 3357 8230 5432 1155 7979 6124 8202 5896 6261 828 8853 3289 9699 6284 1048 1032 8305 1584 7659 2535 8423 4205 936 2120 3052 4949 9234 1675 1943 7719 5136 2742 9288 552 5433 4424 5181 4469 5784 3122 7732 1948 5441 4909 5428 669 8094 6983 1910 2464 5034 9841 8568 2855 2240 4840 9163 7312 9248
2666 4660 7474 7410 9864 9419 8473 1508 1706 75 2434 5285 809 1842 1200 1683 6141 8959 1001 8352 283 1286 17 1906 790 5818 5095 2410 967 6301 9749 6882 2735 7488 4115 9260 0 7377 5275 2470 8455 7915 9150 5099 2088 828 1291 3465 5760 3409 6890 6339 7002 192 500 2268 1827 2793 5110 6958 6256 927 9188 9464 2867 8991 3207 5124 8597 3709 928 5599 2212 3478 2106 7191 1313 7091 6929 2230 3691 485 7393 1075 3967 3456 407 6781 4261 8663 643 5897 4860 6440 5144 2842 5924 2258 5475 9365 8006 5924 431 6416 9177 9334 7596 2069 2671 7352 9458 130 896 7399 8428 1289 8878 1368 5380 2973 7583 7462 1689 496 8515 1909 7831 4524 1668 4921 4921 131 6241 6123 4418 7312 9079 6282 9984 5456 3242 5074 2189 5246 6525 5996 3200 6799 3276 4651
9712 9829 4602 7372 9016 2513 6477 9177 5015 4054 7075 9889 5965 2017 8011 8314 2686 6530 166 5707 4722 9984 4612 2303 1793 3153 1890 7091 9193 7380 3223 1775 5355 3073 4280 9211 7377 0 1871 8154 6306 4718 5542 8240 6959 5445 6952 9065 8156 3956 604 8638 6647 4787 6248 2604 1726 8924 9840 8065 4605 6266 5586 7879 6540 3594 1438 2204 3099 2960 4139 5612 7752 3222 9206 6560 6595 233 1267 5337 5089 2424 5546 2006 3396 6505 7005 3342 5921 1295 4744 9704 7174 6799 7983 2212 7154 7363 553 2952 8560 6086 1936 9414 1744 7978 4736 1511 3123 9160 6140 8490 8564 6645 3185 9404 6041 9553 2704 1242 9458 6282 221 2508 2832 4166 4464 3343 3442 9590 4009 441 5270 5685 3570 7071 7610 8493 2799 6444 2343 4596 1915 755 5608 7209 2272 4499 3050 8398
858 1686 7667 1073 2127 6988 4583 1397 2180 1150 5042 5672 6137 4110 6036 115 5743 6791 5036 733 2173 4866 3797 3616 6125 6414 9229 2219 160 7196 486 3933 1573 2448 8762 4987 5275 1871 0 1996 2597 6257 4256 6234 5078 7429 9152 3230 294 9406 8355 3676 9820 3978 5545 3935 8520 6885 6804 3823 5107 140 8178 7937 3797 473 9937 5701 3255 3752 5764 9908 6499 6997 2050 598 1694 5293 5347 6596 9842 4775 9781 5596 2056 8811 2278 7117 6691 9938 7624 4593 3685 7056 3110 8468 4006 5834 8040 1252 5925 9677 4187 6292 1262 2779 1889 987 6422 2487 124 4764 4877 4812 8558 8464 771 720 9237 2167 7321 9901 9810 6184 9689 7613 7322 9298 5628 704 2816 3034 5971 8306 2244 4264 5373 7926 578 7512 6971 934 7461 2020 520 7944 6026 6118 3173 3126
4477 9102 7718 770 3217 3897 9277 9625 5475 847 1184 7334 4735 9432 6496 6104 7482 2064 8730 36 8876 5134 4269 9417 8646 9199 3673 8864 1813 10000 6622 5493 5985 2221 6434 9250 2470 8154 1996 0 5835 6181 3990 9744 5976 5275 8427 5818 8997 8799 2154 3276 5844 1417 9719 2948 5745 6245 5086 1467 8795 6378 5147 6524 2683 6326 8176 7424 339 2252 7153 5470 904 7819 3684 1635 3207 2683 5931 1681 5694 3395 5313 3768 7046 5609 3126 8669 8781 6137 2466 8410 4343 904 3470 5762 3067 5340 3763 5112 8319 7927 1973 4613 4223 8805 5434 2986 9286 7159 3353 9211 3213 1091 9755 8629 3831 8920 3168 4288 408 6754 6145 8917 8790 6735 6096 7761 8195 1803 4948 8817 4641 7847 6919 9864 4230 4483 6914 2974 129 989 753 9531 9594 4300 5716 5099 434 9128
3001 5216 1229 2793 7397 1487 8732 6511 401 7936 2853 7106 524 5519 6412 9108 7910 1557 4515 276 5958 7108 8989 3237 9148 3724 677 4888 2511 5328 9325 7328 1855 5487 4451 1450 8455 6306 2597 5835 0 7937 3491 9788 7147 4010 2245 1655 438 6041 4976 6636 208 3066 2703 2609 9010 5581 7324 1933 2764 5892 7403 288 6797 2027 1355 3154 3656 6747 6136 4559 794 1665 9218 878 9898 570 281 4516 4545 3809 4322 8870 4228 7566 3499 3797 9862 8320 4094 8257 483 8103 9122 6703 6602 7339 9312 8215 1695 6196 5831 9784 5846 4208 9783 6492 8309 3311 5704 8867 5573 2422 6175 148 9652 8584 2836 5324 3056 8749 4654 3143 290 7029 1495 7618 3069 3582 909 4560 331 9357 477 2732 5733 2595 6894 1362 1272 4305 8082 4801 2025 7390 6912 6852 3498 6895
3582 9169 5599 235 7795 4483 8724 8282 858 1362 8131 6059 8250 4285 87 7749 2684 8012 259 2075 5551 8200 9690 8143 7748 2582 8775 6287 5058 2661 6352 1549 2847 8800 6183 8174 7915 4718 6257 6181 7937 0 8452 3052 9015 6728 6071 5853 5420 2312 3243 2931 1779 8641 408 5466 9335 7107 3518 9220 2411 5526 2534 108 4412 8386 8430 2451 8302 8535 2079 4627 5027 9398 4149 4765 2957 3158 4856 3856 1800 1369 687 7027 46 428 1722 9292 1377 9061 4189 2351 4151 9513 9281 8514 1478 7611 9029 5315 6848 6179 9325 6159 3996 7729 6044 1707 6707 1394 1489 6862 6170 1548 8430 4465 6825 8469 5057 9258 4975 2057 4004 5282 8973 3795 2266 7925 7596 651 4877 8297 339 1018 4000 3353 3271 1630 8868 8744 1523 8198 1004 8036 1358 8626 6054 1584 4009 594
6040 4661 6983 4703 2448 9045 8559 3879 3752 3222 5700 4436 7435 5568 1952 6262 2578 7073 7259 1901 3155 5513 9148 6440 4287 9960 313 5066 4604 9097 688 4218 7295 6186 3502 3144 9150 5542 4256 3990 3491 8452 0 644 3738 2397 1890 8705 6947 2278 2575 9771 9307 928 2818 1315 6802 6611 6730 6061 2637 5725 8975 2293 771 2176 8742 4816 24 5433 4880 4752 3775 6083 8359 3939 8781 1567 2447 4767 7780 4737 9484 490 2883 387 1220 3281 2886 1546 7886 2479 27 2598 743 9455 5084 5128 7301 8102 5513 6984 2925 4953 6800 2320 9572 9988 6413 6870 3388 2988 2724 4213 5565 8674 6749 2041 6621 8986 4310 2937 8119 6891 2476 1225 7796 5922 8296 7023 8313 1363 1004 1960 8529 7186 5662 1659 3176 7122 8566 6876 3878 3369 2390 5515 142 344 4219 9741
9461 8520 7469 2486 4259 6689 2460 5978 7430 6623 3431 257 607 4217 456 685 9723 2111 6875 8640 6653 8465 38 7466 2630 360 3437 6225 6178 1590 7061 8816 329 4511 2167 9507 5099 8240 6234 9744 9788 3052 644 0 3656 6300 9852 4291 1601 7058 3213 5623 5016 9202 6059 8959 2561 6534 8447 2351 6648 4542 2291 7384 1453 8851 8819 920 2861 6695 977 2355 7860 5141 9866 725 1099 3938 9622 1620 9424 8102 2867 5110 9876 5664 5022 4558 3121 2497 6900 3529 9580 4137 2171 5075 7691 9094 2102 9098 2800 9126 7477 8034 8983 405 7704 6645 7125 5554 4718 1599 8449 4442 9486 2787 7236 3958 1446 3959 5464 302 1564 2196 1724 5661 4700 5455 480 8644 3213 7601 7338 1369 409 2479 1695 6525 3012 8246 9976 5895 1791 8776 4934 6144 407 2009 9215 8521
9426 679 9743 8201 7875 3425 3204 8803 6036 2574 7949 2731 4313 2842 227 2689 1759 9167 7182 6031 684 5203 8165 4135 7876 7830 8695 8216 4286 6385 2324 4989 2545 2367 8171 7232 2088 6959 5078 5976 7147 9015 3738 3656 0 1790 497 9773 3344 3228 430 8054 9038 8464 5317 8238 5731 2331 1021 501 2261 5698 8210 1037 2404 4584 9995 9003 9573 8579 6819 4102 2891 3042 4058 3325 6877 3060 7687 7839 4935 8183 8319 2298 1322 1020 9085 4783 7880 2819 1653 5526 2339 1157 1121 2388 4323 506 4341 7617 6549 4456 1789 2145 1616 4187 5256 9843 616 141 3654 3267 5694 1716 5017 8938 1455 3400 9008 1431 4866 3907 964 486 8094 8446 8062 8421 6320 2258 8554 542 4054 3594 3818 8347 1693 7190 3604 7711 4124 1508 6218 8818 4053 4348 2284 1927 5134 7424
9054 2799 7863 5942 5427 6236 4819 5522 193 5315 4247 1797 6679 2276 9799 6306 9596 9407 2916 5041 6796 5678 6409 6639 3307 7072 5258 4477 3223 1707 4269 3663 1479 5489 8363 8776 828 5445 7429 5275 4010 6728 2397 6300 1790 0 7738 544 2160 1627 6603 2557 9560 6197 1367 6983 2926 9775 1987 7383 4497 353 8770 2810 9367 2293 8763 3804 6741 9958 1103 7542 3785 3580 5227 13 2291 3447 527 150 1763 1227 6404 9210 9560 1438 6751 9671 280 6336 8641 7024 3149 9403 4763 4936 1951 8005 2560 1003 5131 2516 999 2321 360 5542 5033 4202 277 4425 3043 6472 6296 8624 2602 3215 5264 8102 6684 1356 9565 8207 1362 9509 580 694 7805 5502 3908 9472 8897 8811 9928 3204 6677 6467 1874 1705 4395 3869 4661 8899 9271 2811 7180 5073 5785 6933 8813 7580
4430 3516 3304 9729 5429 9365 8097 1758 837 8421 7631 6304 761 2389 1664 2347 3524 2671 3902 1641 5126 5483 7791 3693 4001 850 1095 6243 3769 6526 2369 652 4026 6383 741 243 1291 6952 9152 8427 2245 6071 1890 9852 497 7738 0 5570 8563 382 4990 1433 3042 797 5731 9946 1073 4218 2226 5703 3568 988 933 8926 9668 8968 1025 122 727 1860 670 6532 8509 5421 8469 75 2686 7849 1755 4203 7581 8028 7544 5581 6053 4345 5543 1656 7866 8953 4590 3807 7565 362 4927 8580 7859 2829 8551 3256 625 6306 613 9899 9093 4211 7232 9844 2517 76 9117 1386 7846 5194 861 4889 3157 2089 3491 8490 5127 3436 6055 6233 2755 3572 7231 6235 2264 8605 6833 6688 9057 4860 8863 6055 1852 4164 6084 1912 6226 7120 6822 7493 4870 9746 3208 6854 6202 6781
2630 6836 5979 3883 4838 5515 2366 3523 7682 3524 190 7541 5027 8799 9670 748 8071 3842 2860 9315 9633 9733 6631 3682 9468 1413 317 2658 6950 6074 8745 1048 7095 8501 831 6970 3465 9065 3230 5818 1655 5853 8705 4291 9773 544 5570 0 8539 6586 3009 1645 1551 5028 2596 7627 4793 9094 916 9107 8554 1953 1120 4872 2859 6884 4255 9156 357 1991 3269 8619 16 8615 2288 1776 6242 133 8913 3059 1924 6212 1632 4806 6654 9042 2700 6839 9805 4322 7033 1989 4420 7606 4489 2839 7533 8746 7428 3145 4869 74 4891 245 6880 3403 5941 1167 4981 8383 1600 354 8434 6029 3546 7240 9216 6841 2707 1108 5826 8400 7667 6393 4167 3646 6968 4096 7807 2660 3774 9924 8334 8084 3795 7311 7559 4052 4338 6524 2773 8078 2698 4036 5342 6224 9042 6698 8247 1925
5246 1781 994 5626 6900 8207 6278 8949 1497 5018 6097 5706 2797 427 726 5611 2997 8667 4142 4603 6400 5389 3181 9821 7548 1337 7845 6813 1340 7770 8325 7053 210 7915 4308 9540 5760 8156 294 8997 438 5420 6947 1601 3344 2160 8563 8539 0 860 154 4564 2184 96 8053 3734 553 3294 2931 8473 7639 9427 3884 545 2669 7768 299 3914 5249 5744 273 1252 5323 3756 826 1082 8013 6192 6671 6065 636 1058 2206 1796 7093 6186 8841 5092 30 5823 3395 4044 1802 630 9505 3466 9595 3147 2497 1191 3723 9300 3704 9426 1337 2421 5441 2617 7176 9870 6803 3084 2075 3097 5165 4754 8940 7078 2080 9378 5450 9746 8384 3668 7487 7008 3553 1939 1085 7486 1842 5153 7334 7991 3175 1897 8616 4467 6747 8782 4204 9846 5106 3115 4430 574 6348 6248 6291 2250
673 2168 6388 5293 1796 8375 1837 8671 3022 9320 8978 8107 2793 586 1862 8139 2759 7063 2496 2870 6071 6960 6357 5918 7530 2373 2775 224 1195 7598 630 130 8579 4855 3216 4266 3409 3956 9406 8799 6041 2312 2278 7058 3228 1627 382 6586 860 0 4505 9310 8833 3680 5750 9177 9894 5651 1484 6982 9356 8298 8307 4724 7344 5323 5917 5577 341 1580 6690 9676 6963 3960 891 2755 6394 4861 8797 5562 6221 186 5707 6981 8160 2040 3857 8608 6162 9606 3539 6684 4538 3774 8809 994 7936 2860 3582 5691 62 5530 5278 6838 5193 5140 6999 7895 6226 7658 1748 9333 4885 2249 1051 7742 9734 8790 8993 6641 5157 3884 7330 2850 7382 9749 3345 6701 3351 3186 1742 5010 5254 7766 6509 3977 1803 9516 315 6315 1478 5174 2294 7692 5824 3371 440 4088 850 5537
477 945 5349 3771 8633 2104 498 8997 6913 3710 8667 4477 5 7990 1353 6147 1098 7077 2839 7757 8527 4035 485 6159 7724 1775 8281 7249 2667 3191 6314 1673 4252 6653 4652 6110 6890 604 8355 2154 4976 3243 2575 3213 430 6603 4990 3009 154 4505 0 3020 998 8995 5738 422 3347 7043 696 6336 5939 6690 5927 6229 1392 7770 4263 3040 3558 3744 9879 8256 634 4420 1448 7906 4139 7915 6030 5892 7145 4655 9294 7828 8566 5262 7412 4878 2377 3898 6859 4624 7322 4519 2596 25 7324 6882 4987 5655 1164 3388 9950 7851 9594 7700 6365 7881 9436 984 760 3484 7787 9113 4660 7659 9799 8838 2109 5651 4999 510 8811 5218 8950 112 4429 1996 304 9002 2543 2974 1880 5224 8835 8996 3556 1278 283 7923 8246 5905 8226 391 4583 381 1963 4618 6811 4097
2339 1920 2865 3183 3807 2875 1835 4966 6068 279 266 6507 7676 5078 7201 3026 1008 7140 927 6006 7125 7919 3429 8896 9856 5308 8277 3963 2383 8901 3248 6076 2208 7909 8970 7043 6339 8638 3676 3276 6636 2931 9771 5623 8054 2557 1433 1645 4564 9310 3020 0 9845 3764 2269 4381 2425 1970 6733 5031 6693 9266 5006 4841 1424 7036 6261 7293 9547 3939 4011 954 61 6595 5100 1303 2365 1287 9974 3083 4140 374 6668 6270 9023 2057 5786 7886 4795 2958 464 4834 5917 7396 3182 9580 2460 2680 3430 1735 1070 9564 4710 993 984 8984 7203 8117 4730 9174 4960 6643 2566 5692 1230 1582 8364 5271 6417 3940 8655 1372 1490 2965 2448 4359 8242 8797 3038 4259 2115 3951 5946 5505 3327 9734 2788 2465 8364 7496 2586 1433 1575 299 8224 6035 6889 7967 6289 2692
6833 9175 5473 6697 3043 5642 1177 9317 9733 5833 4575 3562 6898 2087 7772 8985 5473 3112 3741 4478 9626 3659 3311 4187 4797 8133 8421 8727 2947 9335 6700 495 1707 4947 8179 1313 7002 6647 9820 5844 208 1779 9307 5016 9038 9560 3042 1551 2184 8833 998 9845 0 1567 7703 6498 8841 7305 6957 7431 3569 2782 6497 4658 4565 1677 2419 9232 2659 8280 4993 4 9179 313 1716 4977 7493 5190 1207 761 1081 2157 4429 1634 1118 3561 4380 3035 3914 9297 6609 2794 2369 2975 9420 3435 4406 169 9823 2019 658 8182 2781 8189 5652 4124 1154 6944 2925 6811 4336 8235 899 8362 6796 398 8058 3953 5857 6970 1433 6690 7151 1861 2834 5428 6970 5406 6802 6768 5283 275 4209 1175 4094 56 6308 4101 2362 4692 2496 7540 8608 2856 6918 7035 7708 8298 5253 9320
5751 848 8534 8194 5822 7531 7541 8103 3639 6507 8809 9505 6461 614 6377 7511 5477 5805 8241 4640 8204 4084 3548 5834 9324 7607 5266 6748 2835 649 5261 2629 1782 6877 7059 225 192 4787 3978 1417 3066 8641 928 9202 8464 6197 797 5028 96 3680 8995 3764 1567 0 1293 9535 2020 8761 6048 3123 6405 533 2753 6963 7165 6879 9949 776 1423 2970 2553 9671 8672 4855 2553 7316 1148 7724 9410 2417 8438 913 6128 9363 7289 7794 6252 2991 7224 3734 3778 2906 9524 3875 6075 1857 6141 1331 9413 2029 5654 539 5249 2116 7731 6904 6495 7048 3390 7602 4998 6205 4373 1965 5151 507 1091 9588 6360 3283 1933 6717 1999 1257 1440 1864 4299 3444 1738 5500 3425 4121 5113 6057 3077 8693 2816 4445 1669 7618 5032 818 8324 1841 9532 5912 4712 3577 5862 3708
