300
0 186 7768 1127 7581 8849 7120 4091 116 3399 4857 310 9378 6992 577 9433 9737 3086 1516 1518 101 4893 2937 8615 7907 8142 4247 9661 2484 4980 2398 3313 4892 2311 9181 9926 9744 3756 6197 7867 2161 3595 658 4939 4749 8146 7877 6283 7976 5149 3917 7225 5612 9929 7383 9500 5401 2326 6315 5699 3959 9329 3890 3350 3052 4005 7962 1408 7046 7771 7952 5021 1531 4674 6093 831 4413 103 3048 4675 1868 9491 2956 6600 3878 194 2695 237 7740 565 8913 2060 8146 3775 2929 183 21 12 5583 1866 1586 6586 6368 4388 9893 6118 8992 5823 2723 9304 9466 1590 1244 2713 9132 1190 1402 9598 9801 3041 6931 3330 837 3142 6339 2742 2923 8688 470 8168 7986 299 5396 3664 3977 1235 5966 8359 2227 3167 3301 6879 1740 3412 1142 9074 3830 7307 2095 2754 3464 2265 5864 9680 734 9621 1595 6043 3270 7008 975 1828 5996 7909 2325 1555 3014 4958 1656 7205 2662 184 7479 4471 3284 1834 9362 7913 3206 8650 669 615 4544 8645 3230 7056 9740 7290 5165 4875 6164 3836 3543 1304 8705 7190 9724 8743 2468 3940 4168 9646 5529 4923 461 9548 3563 9638 2368 8100 705 6039 9046 7888 840 2142 5035 7244 2896 9548 2961 2458 5359 4849 8665 1024 703 617 5840 2511 1550 4555 994 3554 9420 8238 952 7985 9176 4446 8079 1716 5720 4404 6887 2206 1732 8792 7044 5556 318 8312 1520 4800 2956 9430 932 2450 8310 435 1943 1096 2152 5743 228 5875 5713 7772 9728 8639 3983 3434 5733 713 1847 689 7816 6416 6329 1071 3347 4761 7418 4523 6889 9186 7732 9574 890 188 4927 8062 7299 4386 3185 4952 3280 6796 7806 8154
186 0 8199 9074 3332 7590 3217 1164 1223 6840 9296 9139 4395 3897 2228 8496 1247 9255 7364 6391 376 6711 6900 6323 4509 9238 1066 6532 8881 3577 6247 8403 3043 406 6585 2369 258 9535 8223 2351 6592 1752 9114 5494 5256 8501 4439 1102 8192 4683 6015 2444 9285 4202 5390 9183 3867 4296 7932 5568 5033 7853 1502 3422 9359 1980 2646 4404 9625 3390 4118 315 7871 2030 9248 7165 5931 2376 5167 8931 9295 7741 1579 438 5361 7894 8065 3951 3657 3164 9589 3677 906 2396 1453 3741 7082 12 8059 5088 9304 8906 9899 8826 9748 7403 9055 8147 1964 2263 4685 6557 3499 6866 8864 5115 4803 8459 7792 8152 4825 1040 3190 1939 1174 3082 4995 2015 7203 7945 817 2058 2028 3760 1992 8355 2573 599 3964 1024 374 8963 5649 5585 4763 1873 8952 5928 5319 999 252 6610 1042 6667 726 5439 2058 4702 877 3996 1957 2620 3801 6776 1350 9639 803 1762 1549 8435 7421 1534 7087 1129 2362 6877 9480 4762 1543 3670 4178 5396 259 5017 7407 4468 365 5067 4865 1425 9797 2934 4862 1016 7768 7442 8786 1536 9589 5673 5756 6041 4022 2131 2471 6310 537 6551 6277 6112 9172 1277 7332 1185 568 519 8906 721 4906 1243 8633 5972 856 4086 591 743 373 2367 2278 7216 641 9128 8747 2438 1825 4537 9805 2534 5979 5307 1297 1147 6137 6107 7311 5069 2346 7175 4120 8174 2596 9896 7130 9809 4864 3577 1960 1718 2074 8146 4393 8809 1247 2637 7104 6021 2478 5818 277 4697 2369 1204 101 22 8135 4582 5682 42 496 7285 3445 4789 3531 5814 274 7485 7601 5064 1781 7068 5247 9088 3918 8896 2612 3657 7830 2600 7445 6915
7768 8199 0 4688 3468 1042 6973 6838 3469 5688 1367 1056 8562 7793 39 9997 2638 9033 2382 1096 3171 6908 6074 7258 8517 9212 5165 8809 8868 8758 369 25 1167 798 6700 4623 1544 990 8082 5616 8344 6631 8731 2990 7102 6052 460 7453 5235 2976 2875 4226 4389 5001 8974 9274 7040 1855 1943 3465 9533 716 518 1311 435 9129 121 4109 7565 8548 130 8007 1884 6666 441 2949 5316 4320 8490 2527 3575 1954 2837 7323 789 6884 9989 7472 7905 3634 9312 1775 5315 3080 8213 8170 5184 3725 5477 7580 5100 7280 7367 35 6645 2267 8523 9481 6220 8263 1198 406 5573 8928 3691 9729 2494 6931 7098 7014 8523 8883 9840 9735 9824 7124 6603 1126 8512 4169 6284 3395 5851 3751 605 8596 1682 7669 1575 8434 2914 6140 241 394 4955 6717 4809 6143 9199 8122 9036 4275 4860 2995 2755 7198 7549 201 856 6546 5953 9507 9182 4809 915 7234 1778 4606 9301 2233 1248 8508 5295 277 230 4949 3391 880 1520 5479 6009 541 1370 6481 3358 4108 8196 5279 8951 2313 5923 3683 622 309 2468 6330 3750 3677 5919 9777 5030 7648 7087 6032 8704 6924 4855 4075 7530 4215 5175 6417 4915 3232 7572 8632 1073 4160 1978 2737 8624 9873 2240 751 9408 804 1658 6817 472 1362 2538 5104 3055 6290 6497 6130 6049 8805 6890 5303 9038 5305 2540 5073 7773 5619 5251 5575 2918 5359 9635 2612 3829 3165 6360 409 1221 9114 9129 1374 2573 9078 3663 2047 7366 2135 668 5969 574 7549 2959 5705 558 3279 421 2026 722 6811 4898 3331 4329 820 5091 964 9394 4276 4081 8567 1550 3188 3610 9888 993 1124 9484 9078 7378 1575 904 1018
1127 9074 4688 0 6891 8846 7155 191 6137 5529 1543 5245 2365 1656 4830 1567 3294 9722 1918 4349 1106 3440 8660 9959 1381 7352 8234 6941 7572 8320 9475 2238 1737 5540 1112 4484 2007 8139 1529 960 4901 3177 1095 2758 6058 4404 7031 7932 2834 4795 5304 4845 658 1932 8285 9075 8401 3947 3536 8798 9233 2576 2667 8499 5722 3562 4045 7640 937 8761 248 4815 1091 7721 2758 8938 8587 3706 2843 1348 5398 5593 5412 7497 1904 7528 5097 6681 9118 8541 1463 6822 2758 5021 3351 5840 2882 898 8874 8440 5780 5845 8513 6028 8904 6741 5684 8839 1450 5679 5477 4080 5563 4607 1621 8581 3319 1186 2659 465 5647 2337 3245 8447 2825 601 5318 3758 4589 9711 3971 7653 4952 4626 9478 5422 8447 4039 3198 1780 8333 6299 1363 5381 4727 4323 1955 408 1235 7246 4913 3958 7247 901 874 3759 3903 4323 1435 8101 4603 2614 1356 40 5848 8171 694 6596 3632 9291 4640 8639 7377 652 9549 2255 4188 7253 8999 9814 6000 8081 1755 6483 4809 6398 4165 56 704 6441 1870 7593 4291 3587 4711 3568 5167 2108 2891 5491 1468 2343 3729 5967 5709 9094 5226 7153 7373 8823 6933 5062 8107 5957 7372 7356 6884 2819 6116 1724 8374 3815 1895 6487 4790 286 2288 170 7589 6423 6129 9743 1082 1556 845 518 9028 7933 650 4432 8051 5789 7623 2362 9548 4405 9051 6884 5822 8272 3387 8630 9757 4775 3659 5206 796 2782 5257 4401 2822 6488 18 8180 6375 3711 1934 1649 3215 3905 1917 3171 1421 8643 1745 6732 7067 7631 594 3603 8316 3102 2815 595 3178 3904 8789 964 150 9177 3657 1743 6845 7144 7573 3229 2467 1113 5107 3580
7581 3332 3468 6891 0 7717 2408 4181 666 1294 574 6798 1262 4717 8414 2003 7122 9301 422 3307 9196 2335 8150 214 2824 1034 3360 1269 9981 3787 5379 318 8297 3227 6819 5695 4273 3710 1096 7235 10000 656 406 5575 303 6273 5425 186 4757 6471 5232 7698 9201 6373 3677 1727 3233 8609 2966 275 2079 6680 4097 4558 7350 4956 5022 6820 9665 6864 6965 9735 4437 9822 9808 483 5808 6740 4665 5142 5748 6706 7169 3058 2100 7206 6963 622 6458 4092 7676 9940 6103 3437 187 6309 4430 3500 357 4733 2338 5858 6549 8568 1075 5913 3507 2193 1422 3293 5729 5804 2975 6117 4060 1396 332 8979 3176 1756 4809 5497 1500 5703 4881 8121 3688 7990 5779 1821 5793 4265 3287 8843 4163 4821 7888 493 6851 4127 8164 1302 674 6043 4872 891 167 1631 2097 2087 9904 4030 8688 1497 7145 4072 843 2033 8469 881 9691 7118 7455 3612 3535 2903 948 2286 1832 635 5065 7368 4029 7876 9109 9006 9124 3342 681 1658 6828 3952 4979 136 2301 5566 9246 3265 980 3406 3800 8596 4222 9662 8229 7006 2849 898 4963 3644 6296 5654 1683 4545 4751 7588 998 2942 9108 5331 8776 9164 7995 4547 2576 3531 9734 7012 2341 2087 456 2360 6674 4627 2517 3245 67 9918 9674 830 6522 6430 2548 7140 4791 8829 5582 4290 4777 6356 7555 712 4049 217 475 4085 1717 4328 1186 9611 443 9464 9767 9264 2878 446 6191 5937 9192 1624 2930 6323 5159 3225 1187 7242 4517 1021 5124 9870 1152 9526 4817 668 4805 5056 7884 523 2893 4306 6070 2652 6309 2792 287 5117 2539 7779 8518 3219 5038 4634 3324 9409 1955 8716 1970 6940 4243 3531
8849 7590 1042 8846 7717 0 2272 8780 782 6351 8563 9776 8603 7406 6051 5560 7344 9030 6576 4641 2653 2815 7349 8324 5461 6720 5683 6589 8130 7435 1608 2162 4745 5341 8375 1290 1480 5331 3109 3583 1440 4267 6713 4935 4642 7169 9081 7996 6454 1752 2909 4761 701 2639 7541 8587 3001 601 5129 3025 8755 455 2086 416 9681 7377 294 3547 992 2280 758 9879 5889 6784 5280 8508 9562 8667 5365 425 7125 4274 9472 9609 6941 1125 8213 7201 3345 8259 8635 7985 9185 593 6675 5533 4436 2172 2947 1172 4355 4811 3616 7066 3981 6773 7068 1659 310 7102 8052 2462 3289 3370 626 4015 8637 3342 7238 6094 6936 6536 9546 6477 4898 7153 2393 3434 9181 4962 3078 6173 7171 1173 7969 3215 6225 8951 2932 5448 2021 1925 3199 6721 3119 2126 304 1339 8697 6219 918 4023 4559 3185 3492 8137 9118 106 3692 3234 688 5575 5770 7572 4793 7051 8811 3313 9533 5072 6032 8466 2398 668 2350 6765 3468 6766 4621 6223 1988 3304 3453 1384 7476 9450 874 6482 4198 8685 5255 2802 7824 6237 1890 4327 127 4638 1557 6257 3867 341 1933 7465 4635 5702 5335 6065 9932 5716 1768 5469 7600 5439 5376 7483 1566 1070 9032 7470 4550 3052 5536 8978 3204 1776 8662 2922 9100 55 6241 2693 2976 1272 9513 7096 4816 9965 3203 5182 9346 8562 3431 8123 6547 8196 3891 7679 7904 3495 7089 5110 1620 8745 1173 7623 1677 9505 7984 131 9657 1074 2333 8778 421 5221 3938 3213 279 2073 6755 4203 5238 4486 1690 9823 5281 1129 6356 272 3521 105 2187 9530 8108 6360 3714 943 1881 6379 167 1347 5783 1352 9680 8717 2028 6521 2461 1799
7120 3217 6973 7155 2408 2272 0 166 4637 3272 9866 7214 1205 904 8427 4441 7859 5065 6751 525 3810 3428 3552 2897 7524 7699 767 5273 7647 3743 2523 9600 4893 6235 5346 1273 8479 7696 1571 1629 8690 3774 580 2565 4035 2451 460 4905 352 3638 411 8716 6459 5931 1671 6613 8542 5666 1028 5143 1173 4409 6338 5565 421 6019 7537 8894 2198 9516 9799 3295 9664 4332 7895 301 1909 4264 5157 6154 1219 2969 6975 7594 3323 689 7108 9562 3681 6637 4403 5830 6122 5016 2402 1401 368 2055 1796 5923 5553 1557 4717 2843 3783 4908 8262 9626 330 7518 3504 6095 1148 6287 8650 5204 376 520 6166 8888 8185 1905 3321 1361 4484 4603 2107 5561 1948 3587 1935 9375 7561 4167 4877 1742 9235 7064 2697 6726 7086 4187 2435 7842 5166 6898 3457 3142 6443 5739 6792 2190 8873 6888 6564 715 6176 7272 1075 5424 4835 5054 8926 2984 5116 8375 762 665 4565 4758 2289 2679 9065 2195 2886 5263 86 8962 4110 9135 416 5784 3286 6377 4728 3604 5816 3392 2360 7942 1057 3005 7110 751 9953 2032 6982 1868 9730 6062 3335 4918 1979 8947 5006 7397 5932 5271 1405 8685 5077 6852 2386 739 448 5880 7436 1916 5528 1839 3719 122 2374 4044 4195 6163 2246 8385 645 5669 3800 3639 9899 4812 7816 8343 7130 5522 38 1903 6385 6439 242 4324 5454 2329 5329 9206 6987 537 3608 9889 2063 4951 672 2514 539 5230 6199 9189 6659 5613 249 8988 2766 6375 6551 6025 4727 5688 6694 476 8807 1485 2074 5827 6044 5720 5533 9328 7072 1233 8575 3031 283 708 2497 955 5841 8368 8307 2936 7477 7423 7776 3018 5286 7860 4891 8471
4091 1164 6838 191 4181 8780 166 0 7505 2164 4648 2979 2304 9681 9836 4309 2682 9527 5698 6140 8158 8912 575 7800 1570 3999 3298 9103 1154 7944 29 5088 8609 8484 6789 6011 7220 6223 8131 9149 49 783 4176 6261 8996 6002 1163 5448 1750 6639 5893 6319 8109 9147 3139 7862 3865 9583 4389 8360 6069 1812 7505 2739 6157 8252 9852 5469 1316 8156 3821 2376 7521 3084 7374 3829 8674 4017 7520 153 8375 9461 1080 2213 4540 8747 3609 170 4921 6595 2065 6803 746 3883 8068 7735 7041 4359 8994 4478 2774 4843 3157 3568 6451 3188 5011 5532 6852 5520 5106 9231 1292 4930 1573 2396 3275 1644 1374 4268 2494 1197 1806 5506 7327 6859 5735 2299 7968 7300 402 8279 3475 5251 6785 2707 4206 327 6625 4314 4657 874 930 3886 5693 3658 8067 7603 1197 2056 9400 7090 9146 8739 7828 1646 5186 6728 6160 3154 5287 7916 5702 675 3786 7495 172 5058 2735 908 3051 2579 8870 279 1272 728 6086 8287 296 7017 8805 8782 4433 9048 8470 6024 329 1702 5005 6780 925 998 1521 9707 9223 2670 6033 7790 4636 2862 4715 2416 2604 9044 1834 995 3789 5224 3010 2162 98 1782 4677 3713 7993 7528 4542 4986 5248 505 3685 6069 4129 5226 1697 9395 4463 9303 6001 7776 6703 384 3842 3183 5989 8293 8346 3639 356 3887 903 1743 3614 4782 8876 6314 895 5806 3582 7119 4288 180 6943 3893 1552 6836 2909 7769 2251 8319 7899 7981 5394 6323 2986 6967 3179 7278 6010 1004 6778 633 3793 9291 1369 7181 3552 1714 4111 3178 1989 3878 5247 6021 8500 8174 3063 5874 4079 5364 480 6425 3597 6852 6871 9264 1794 5694 7524 5508
116 1223 3469 6137 666 782 4637 7505 0 7161 3252 1847 3298 6248 2609 6579 4641 4287 3405 2180 1821 1434 4217 4419 8922 425 1591 7622 5782 5413 8144 9198 12 6341 7349 902 8022 5678 9487 3622 5389 5289 6022 7982 8121 8567 6455 6595 2816 4237 2855 6283 6389 7587 524 7231 5994 1742 5863 3431 1244 7753 4683 9598 9586 8043 6540 3043 2617 7411 1604 590 2322 6105 749 3014 8746 6913 3651 2650 5545 8682 8577 6705 1581 9547 3968 1650 3679 2022 7943 8788 5528 3670 2355 9997 5581 4357 3702 425 9131 2438 6250 6452 4319 4850 7005 8849 129 3093 3854 5417 4222 4101 4164 3505 9906 7695 5291 4411 2105 4479 8883 2022 9617 437 2004 7393 598 5362 429 7532 3125 709 6701 3008 9732 8273 6760 5747 5782 4028 7113 6812 7992 1569 4862 4847 8933 6620 701 2789 5196 344 147 60 6382 5576 8539 9753 8452 396 3686 7531 413 5202 3037 5220 8228 834 7213 6628 1183 4444 8097 5306 5022 7855 8649 181 5042 5678 7974 235 1477 5569 5601 4817 4391 4943 4305 304 8534 7670 4383 4397 3820 4927 3173 9155 3334 3777 3193 7277 4871 8075 7284 2837 2459 4783 9218 4524 3949 109 8324 2553 9606 8257 1125 3078 8212 6 6988 1982 2931 8795 8435 3866 1176 4601 3955 587 3263 5140 7195 6339 445 4346 143 2340 7250 7827 5932 6623 3401 1683 9712 973 3766 5368 3408 7423 592 7585 6250 1300 2459 5724 352 9931 9192 6991 5756 2203 4409 6210 4664 4031 5193 5631 7024 233 4685 8801 6370 7298 9289 3248 2856 5109 9779 8633 8213 9263 5557 8512 5993 8989 1126 970 9941 7528 6613 4101 9947 5590 2189 1919 241 1406
3399 6840 5688 5529 1294 6351 3272 2164 7161 0 3599 9393 4739 9453 1728 3219 454 9411 5276 825 837 6433 6365 6756 6033 8918 7305 3353 3023 147 9277 1886 9557 6110 5418 6935 611 9129 6532 6116 7126 3312 5395 1649 4195 9383 2488 1838 7074 5665 7288 2146 909 2031 1724 8852 3698 2278 3863 3129 7087 9790 9709 7701 2152 5097 9292 992 2291 8866 6647 6189 2303 3944 9344 8195 3624 1876 2233 1180 4134 6797 9996 9242 4367 252 8328 2776 7467 4638 5440 4479 325 973 3166 4851 3511 6955 7780 7201 7874 1073 3818 6914 5067 323 9190 289 6033 7556 3893 2948 7985 931 1252 6103 345 2659 4496 3839 691 5114 7476 7656 7482 1210 289 7034 7736 5189 4738 9029 5857 1117 4279 8791 9800 2742 1595 1952 1579 8702 5568 9349 7881 292 3770 3143 6153 3147 6124 3400 7025 2396 2523 2775 4825 81 3693 818 4471 9910 2895 5053 6697 9425 6296 2143 4817 8586 3485 7599 9625 2843 8580 8637 3456 2966 858 3842 360 1667 1417 8889 3562 4549 3687 5339 1894 8151 8722 4952 8215 3902 2526 1108 5815 9897 9262 7003 7358 4777 4068 4978 2594 6672 6006 9407 2238 1905 4173 5673 6290 5925 7759 7115 1251 910 385 3088 6467 5302 777 6445 1570 6405 6106 3094 64 7998 4962 239 3343 5888 734 8666 7815 7287 6569 1707 7750 6345 6063 4900 5394 7593 6737 3621 4705 8971 5181 9581 8059 6970 1468 6192 4998 4177 6507 8606 4883 9756 5097 3334 1969 7596 5807 2020 3829 2849 4399 4487 5036 4956 116 4567 7465 5177 5158 4794 3918 2257 6379 3905 4780 2476 193 2632 1539 8053 3072 7376 920 2503 1441 5255 8844 4548 3803 3045
4857 9296 1367 1543 574 8563 9866 4648 3252 3599 0 5118 3178 8558 4408 9546 7314 2901 6544 9670 9885 7762 4011 3024 9558 5032 5959 327 7560 482 5197 1726 540 4040 4869 9571 1275 5772 3362 4843 1951 9220 7683 5517 11 581 3280 8098 4179 285 3986 7695 7861 3291 9303 2862 62 4500 1931 3268 5709 967 2818 3447 6896 6166 2121 3826 9372 4893 2376 6617 4415 8529 6224 9656 2687 9102 4796 9 5813 8950 8627 9391 5973 3544 1513 2019 6739 9545 5041 291 8894 3444 1373 8713 7529 3907 5128 3204 6505 7197 6247 3237 9334 4910 6782 3016 6597 4580 5659 8931 1950 1737 82 5872 2214 9663 4514 8792 9291 883 7161 5813 1227 2534 2607 553 5344 7412 7245 2963 2841 1359 2674 9746 4749 7017 3877 5566 5161 7285 1058 4794 442 6952 9915 2552 809 3404 6032 3044 3056 2153 439 6029 4555 9512 7645 716 2126 2856 2221 3451 2584 8019 1314 7410 8861 1125 4769 4893 1162 3798 9982 6724 7919 4492 6871 6195 4530 8924 6121 1830 919 3696 7157 3795 5246 4260 5206 1025 7165 8024 9194 6252 6620 2095 1623 1810 4017 6723 7653 1200 3290 6526 6727 7233 7192 8162 4971 7608 3607 6103 3812 4894 1569 2068 1049 5801 8642 3058 3055 6466 2774 1151 2581 498 8778 1791 915 3530 3159 4357 1419 2879 2328 6966 7672 9934 4059 165 6166 1132 6193 9015 6657 5370 1782 2140 363 5735 2162 2069 4793 9830 9767 6284 2139 1162 4305 2580 8141 1790 8868 20 234 2958 5037 9256 1126 6443 3074 67 6008 3510 2904 1834 7678 8665 4669 6132 4189 8410 6456 4674 1600 1087 2300 6215 5582 1000 1786 9588 807 2955 6522 3365 1037 2177
310 9139 1056 5245 6798 9776 7214 2979 1847 9393 5118 0 5574 914 3633 7894 6877 7807 8278 921 6164 1968 6808 3692 7141 1318 9530 7578 5440 2423 7489 6485 6695 7458 6664 4240 2766 4290 1922 7220 693 6816 5509 7360 4745 4220 2817 6482 6080 2475 5626 5107 5322 9244 2207 6710 9863 6984 4519 2718 1872 518 2738 8848 2620 467 6220 4212 8638 5815 4499 7504 2687 6540 5719 4406 9848 9944 4413 8022 7804 4947 7166 326 423 7200 9522 9718 2126 5671 7035 9817 7061 8942 7903 3419 2746 8552 7401 3175 2499 4240 6380 1485 1819 1925 862 641 8998 1061 2607 2148 3371 2500 2437 2447 1357 8391 4502 4684 3451 1239 3636 6628 6615 1205 7554 9780 8678 2482 4620 2569 742 5418 4592 2846 1551 5127 9431 910 9199 7777 5883 4107 3499 3530 5781 6643 454 6399 6149 3540 5686 570 8952 594 3675 2194 8273 8801 2251 1659 2863 6466 3832 1855 493 8826 14 1831 5805 4607 5184 4221 4817 539 1911 4859 9362 4140 9864 7463 7672 1279 9086 7353 6084 7897 6002 5522 9488 6100 8357 4290 51 7889 3275 5107 4770 5955 6483 1588 1451 2 1342 3031 2585 1964 4445 9654 495 1174 1643 4599 4134 7614 2133 908 9509 1891 9135 8532 7274 6158 4405 9807 8921 7252 8272 5616 9092 4240 197 7958 6158 8793 2537 9599 4073 6463 1061 4998 9991 8512 5528 962 5316 4416 9644 6221 5245 7474 5012 4179 1732 5738 8145 1671 3867 5012 1814 3478 1046 7581 5055 8316 5977 5290 7007 5187 6901 5324 4505 1250 4942 8147 6348 3507 8199 9777 8473 6131 3892 5792 7247 8392 6933 7054 1266 147 4509 4407 6831 3228 5723 3851 8506 5563 3447 4982
9378 4395 8562 2365 1262 8603 1205 2304 3298 4739 3178 5574 0 838 6284 4181 2346 1388 7337 579 7250 9492 3167 4793 2832 3701 8924 1321 9821 8614 5470 7066 7052 8405 9864 9289 8426 6668 6579 2480 9164 1879 8041 364 9967 8625 8097 4788 5808 4118 266 8276 8385 6203 1569 9055 6377 4175 4067 7617 2620 3739 7238 8068 6784 8013 9571 8529 2028 8441 6819 9094 5189 9131 511 3665 4443 602 9748 5039 5129 3735 438 8149 2279 2834 4032 8332 1247 5732 8411 8555 7883 3704 4133 3951 1739 332 6367 270 1653 3535 5664 6325 1498 6095 2657 6227 7970 8032 7005 2285 4601 8635 2485 3460 8544 1119 191 6661 612 8077 4951 6821 8447 2786 361 2730 4417 7145 9018 1619 9790 8478 6153 2434 5977 5949 5164 7572 7739 7404 7968 2652 1665 5189 3065 4557 8379 4956 4249 3510 17 2645 4222 964 8749 4372 349 2123 6912 2984 3139 9483 7318 8630 9741 3607 3943 3008 2947 107 2589 7523 627 8301 9908 7232 6053 5625 3665 8 1074 600 9952 1128 8371 5589 6347 9645 1242 5489 1601 1579 5579 9658 3766 9032 2806 8849 6821 6395 9153 8513 6457 8142 4421 500 2691 7919 7947 4125 5245 6525 8102 8300 9868 435 53 9463 3144 3541 4103 4606 8562 5592 9845 3156 1831 6621 6132 6144 4253 9864 7923 6473 6050 7935 5774 4485 5197 2513 1669 8840 8936 891 2121 6133 8788 2430 3900 2139 1824 5096 9804 9265 2551 6056 6101 8242 1870 3233 9112 1954 8655 8462 6845 931 2281 6898 1074 800 6111 1010 8637 700 4025 2015 7293 391 3010 4341 4773 4870 7427 1365 6965 9506 6426 7341 2516 8046 7239 294 2765 6399 3123 4730 9662 625
6992 3897 7793 1656 4717 7406 904 9681 6248 9453 8558 914 838 0 2674 1548 4850 2 5298 3302 4334 306 6354 3133 6987 2818 3749 7796 1223 5279 6690 2173 748 967 7846 9503 6722 8461 5533 1259 8653 7662 5018 8799 9625 2776 6122 5977 9325 8919 2043 3578 3337 9974 2992 3377 3110 1179 4831 822 8750 8424 7421 7327 9874 6062 9771 6451 152 1189 3742 7013 7737 715 3828 5602 8428 6893 7731 5313 3721 4221 95 2442 8251 2250 790 7290 2764 3677 8854 8826 2370 130 7317 990 5466 3922 8294 9578 4588 1120 880 54 7005 4430 3019 2295 7201 4223 5647 8838 3594 6065 5510 1676 6544 6353 5468 6440 4526 5472 8205 700 7412 2281 8074 9576 9525 6767 868 8170 2220 5240 1930 3148 993 8518 8749 5968 3433 8183 8071 4290 4782 9514 2475 3802 9630 9086 7846 4838 8843 2806 904 2151 7402 8900 3939 2024 9159 8023 6564 9572 8141 9503 6337 4995 351 8342 4208 7225 4867 169 9019 5889 4708 8053 9688 7685 7093 4535 4447 9301 4910 4901 6951 1907 9136 9170 8745 7262 2177 4731 7463 9328 6523 8957 2363 2682 1662 5407 4030 4559 6333 9016 2291 6830 3284 7741 6948 9399 9863 8520 6460 213 745 6488 3010 3406 8674 5823 8201 7736 1437 1561 3102 9896 1495 5677 2602 124 2513 4347 2409 8476 938 6676 5394 6893 6628 1445 457 7715 1274 3739 1590 2275 3782 1719 3013 7920 445 8749 3404 4251 9851 9740 8846 4338 3853 5925 1231 1226 4648 585 9195 1475 1236 6289 7298 3817 2294 6788 1308 6439 7039 574 6032 7430 473 927 2801 6122 2989 3840 3939 5641 8589 2521 2554 9614 867 7 2811 4608 4934 4534 2997 7626
577 2228 39 4830 8414 6051 8427 9836 2609 1728 4408 3633 6284 2674 0 5689 5454 4945 5059 8685 3085 6403 3235 2103 405 4141 7515 8940 126 9783 749 4710 3996 4233 3865 9954 6452 180 6822 9039 1241 9139 6087 783 9393 1281 8492 6157 5243 3685 6559 5801 5194 1212 8056 3039 2041 7020 4650 8780 5143 1642 7698 8514 7494 7927 7042 5003 6142 831 6498 8054 2552 3555 1166 7071 2244 6311 4897 991 7923 8264 5530 1432 4035 1654 7942 6522 4549 4741 3093 9591 6885 9780 1190 230 9663 9217 889 196 5644 6712 7559 5620 9328 8451 6724 3149 1171 7296 8809 308 510 128 703 2951 5822 2722 7004 4907 2382 8649 8308 2107 4424 2416 5575 6289 4437 2887 6211 9384 7011 797 1987 7545 784 6135 2197 3026 1836 7087 1599 4050 3050 5819 598 6380 1823 6418 2685 670 1794 2612 4583 653 1036 4114 5597 1642 3694 2679 2084 9170 3869 1333 7876 2290 4571 2091 2686 1422 4330 1653 9158 4438 5938 1819 7272 2602 6513 4850 1134 2320 4444 9165 72 5155 8835 7249 1044 9927 5053 6522 645 4094 6733 6810 2901 6600 3975 4525 6244 5899 1194 392 7134 5986 3380 7399 3545 283 8568 825 3181 5973 7108 3284 1315 590 979 5669 1048 9516 1102 4372 3414 6630 2303 8880 9792 4135 1342 2523 6796 5567 5892 4134 8727 9057 4629 6519 1371 905 3757 8938 4731 4166 6371 3922 6829 1843 1097 9286 7038 862 9004 7680 1646 7163 7829 582 4041 7644 6303 6545 6926 2834 1236 9258 1022 775 978 8561 3244 7775 6408 2590 3881 3857 7311 3213 9739 2121 4943 3644 5067 7923 955 3286 5520 8740 1184 3404 870 7301 3458 4932 649 8775
9433 8496 9997 1567 2003 5560 4441 4309 6579 3219 9546 7894 4181 1548 5689 0 1438 7746 2934 5571 7255 5465 732 1226 8895 1403 9949 5000 2612 5836 8212 46 843 8819 4722 7284 7834 6420 6062 951 4040 5479 6856 1376 6404 3735 7797 7609 4047 4961 6011 2192 4603 6533 7178 7371 5309 2958 10000 4398 2840 4631 7945 8965 3867 558 298 6088 7230 8118 9374 8880 1634 4424 2136 7162 5466 554 2435 847 3791 2188 1781 4743 9631 4639 31 5610 6177 7481 5797 9774 5688 6477 4811 6651 3094 1171 2941 5637 4664 405 5366 5173 3837 9129 6738 3094 6903 990 6818 5220 6268 6061 4004 1970 4795 2276 6443 2906 6863 5287 5815 9153 2031 2649 8620 1748 9486 2120 2653 2334 9596 6758 2706 3031 8471 397 790 7975 6183 1467 5193 1981 2858 5852 3790 7465 5101 9117 8536 9753 4173 5233 4563 7816 4425 1701 5868 4748 5084 8272 2955 353 7248 2432 5009 4407 519 3705 5874 8873 6019 2300 1912 3985 819 1447 4973 9279 1126 727 5205 8368 6299 7845 6027 730 1754 3618 8811 5862 5411 3239 1693 3305 8217 1186 2083 8000 8522 7623 789 3772 2618 5774 5029 505 5652 3639 6131 8890 7512 8786 2283 9692 7309 7881 6232 1662 7063 4752 919 3914 7612 5072 9256 1120 6416 5921 8453 6514 7318 3041 8168 682 6632 7946 759 7057 3761 6876 1620 3652 1544 7101 8817 3804 7483 5038 4044 1362 1824 8979 8799 3735 6067 2666 5001 6933 6756 1646 8757 2767 6579 7550 7019 4579 1329 6399 3129 6785 165 425 6456 4476 9047 4131 3572 4547 3473 9740 9304 18 443 267 5740 8065 6731 1985 4279 4576 7952 8464 6807 5979 3865 8681 5274 8632
9737 1247 2638 3294 7122 7344 7859 2682 4641 454 7314 6877 2346 4850 5454 1438 0 2805 556 8060 5946 2766 3917 8585 1685 4163 2709 5343 2752 8756 1996 498 9889 745 1147 140 6802 7840 235 1282 9706 6781 8576 7081 2598 9933 8811 7835 4424 3361 431 5121 4117 5212 3205 4655 3173 6323 6194 6490 4989 193 6298 8519 9774 781 7406 7689 2114 4892 3756 7665 4263 3035 4652 477 615 4266 4394 648 2666 2225 274 3481 2286 2476 16 6933 5182 5301 997 6332 4504 3540 9880 4659 4799 7876 4126 7933 3994 2265 5867 8842 9776 2417 5359 130 2080 6807 2483 6635 3993 7977 4700 9286 3827 789 9056 2995 4690 8254 4077 6028 1147 2949 7615 2778 229 652 723 235 5524 9918 1112 8412 7289 3328 5372 403 8160 3091 3182 7342 9023 4049 4017 9327 4017 3804 8467 124 6034 3645 4178 3283 2838 1188 9748 1166 7275 4425 8393 4293 4641 4765 725 9686 8588 734 654 1689 9833 5666 8091 6757 4450 6058 9174 5151 7570 575 9589 1829 461 448 1373 4826 9688 4644 2981 7997 6354 7167 6663 5980 2135 4296 8144 1788 1113 1396 9619 5415 2505 4184 1613 1654 9084 4535 7729 8288 2551 8227 5369 4073 1641 2026 5478 3683 8164 7763 4210 7121 1371 2789 8209 1183 5388 5164 7077 6202 3728 1862 5281 6794 8588 9599 6019 8092 4866 6751 45 6025 3971 9727 7818 457 9414 3960 7173 4038 1826 9332 1115 2590 3578 9569 7304 1027 3835 2858 9683 3195 6433 1302 8979 683 9537 2228 5492 1319 1433 3995 469 2286 435 1509 8352 8761 9404 4164 3488 7014 5754 7761 5605 8293 346 5698 5068 9149 9532 9000 5537 7116 1265 2665 810 6845
3086 9255 9033 9722 9301 9030 5065 9527 4287 9411 2901 7807 1388 2 4945 7746 2805 0 1901 346 6746 6279 7364 3176 5022 2731 2321 8741 8176 8346 9379 3903 5583 2155 4811 8271 4167 3867 7091 5463 6348 9703 5163 5723 9143 1923 3215 5914 2502 3817 9478 3070 1428 1052 5313 4131 8773 9810 8467 9634 2749 8681 8751 5769 2057 6553 7662 901 8369 128 7172 5870 5399 8406 157 6237 8242 7796 6773 954 1362 9204 482 538 3069 2203 9917 9994 9988 9764 9879 6970 490 4373 2757 4883 8655 4128 915 8412 5913 4993 4072 9957 5384 4340 9196 4456 2424 554 1976 4700 2295 4659 8090 910 9696 9474 1477 1396 8736 4571 8553 6346 6442 140 1681 3951 6364 1336 8276 7017 3988 3215 2222 8651 1160 903 5776 244 9770 3335 1115 8482 7756 7719 5584 28 8617 4696 1488 5035 4676 8163 3511 524 6758 486 5153 5900 5255 6553 1475 262 9792 39 7913 2164 2514 3844 4997 5112 8867 9733 8927 9659 9062 9414 4760 3425 3015 6463 6680 2436 2865 8274 6551 4332 6704 6494 3850 1594 632 1199 9392 1683 9891 1281 9783 401 1625 7291 6833 8641 4198 9098 2429 3750 731 9885 6104 7436 5470 8255 3070 7741 1317 1886 5712 4202 4998 2515 1296 4548 1448 9006 3730 5587 3002 9068 3574 8035 8447 6136 7160 8599 359 7836 460 8993 7481 8795 4495 3941 4921 5953 7734 5832 18 4290 4239 4362 6861 4045 335 9635 4796 5429 4200 195 5173 1457 2548 2480 1023 7392 5366 8920 4554 125 4743 9551 6098 1541 1402 6698 2410 6798 5444 9006 2478 361 531 4201 149 9823 1794 8508 9722 6935 3467 1119 2614 9074 5520 5455 5631 2341 9817 4356
1516 7364 2382 1918 422 6576 6751 5698 3405 5276 6544 8278 7337 5298 5059 2934 556 1901 0 1514 6490 1709 2537 709 6410 9686 1121 2607 6347 3084 221 8565 3877 1045 1226 8262 3476 3756 2632 5212 1190 3792 5433 9372 2428 1724 5489 5333 3845 902 1467 7022 171 7203 7321 4031 1900 7096 5154 5636 2887 3062 3472 8944 4909 9711 703 1012 7918 139 684 5252 4197 2445 1177 2941 5738 8413 1395 5877 4219 870 5142 7811 61 1022 9162 3761 318 5476 400 2663 2939 5060 5716 6538 5302 4405 8402 4227 661 275 4269 4908 2129 881 4644 1507 9096 6051 648 6417 5336 9168 8156 4480 9469 5197 6450 6526 975 7281 1740 9609 2496 5724 5828 8956 2342 8827 6892 4114 3029 9358 2411 5636 7646 6289 9070 8359 6952 9888 3195 5532 6569 3060 9977 365 6259 772 2627 7176 8915 5342 6321 5768 2844 242 4360 4976 7844 2424 7615 3600 5032 9074 3592 34 6202 9798 3237 5849 9180 3388 4836 8164 2783 4685 461 9081 6210 6044 4080 4832 7163 974 9402 7997 2054 8066 8016 3832 4095 2956 2870 3861 7492 6508 6769 5281 7808 448 5613 7235 9684 8366 5767 6917 5630 9477 9323 9053 5098 449 3460 3650 8004 4122 7598 2098 6288 1857 5358 6362 6273 9418 4999 1181 9178 7526 7206 5979 9336 2026 818 3216 9793 3538 5750 5876 5171 2491 6684 2035 7289 3899 5663 6082 6876 5781 1437 7018 1686 216 8803 6301 7918 9343 7080 1307 9201 3547 4359 425 3327 3510 8710 3215 2995 1564 1354 7384 9152 2281 2912 7035 6288 1417 2989 6606 863 5194 9198 5678 5698 4511 7602 72 7830 8590 4858 5744 8282 1689 722 6692 7700 8526 7709 3754
1518 6391 1096 4349 3307 4641 525 6140 2180 825 9670 921 579 3302 8685 5571 8060 346 1514 0 3462 4850 8617 3967 1044 3764 4339 774 6699 930 7369 4395 1700 8509 6742 7993 8003 9231 2351 97 3012 267 3276 4994 3133 5782 7706 3222 1167 9037 5226 9936 8642 8993 1675 1308 3965 7329 3010 9902 6986 5193 9429 6434 2088 3066 4665 3504 2403 9967 7365 2518 645 6168 2772 6706 2025 8722 9441 1083 5470 238 9446 3542 683 5709 4372 4928 3397 3421 3432 9876 9193 2417 9677 7825 4204 1624 3756 977 4648 472 5366 1463 3389 2642 5073 9365 6162 4840 1118 6039 8047 3268 8618 9062 23 1511 8764 4301 5681 4657 7115 8992 4931 9601 2842 6828 7004 4366 89 5551 7028 7854 1862 8387 6465 4233 4082 5512 7651 9764 6315 4294 2180 9513 8679 1757 9416 4895 9341 2534 1906 5965 4198 2252 6382 8628 2058 3423 4515 6217 2841 1971 2714 5587 1658 470 4819 8595 5761 8226 5829 3415 8696 1535 3731 3622 832 4694 4199 102 4238 9752 9123 8980 968 4636 1413 3136 2119 6967 1264 1022 5763 2231 7422 5210 7961 5256 2102 7572 4517 331 1254 1453 5067 7274 4848 8888 5416 2882 8635 8952 8480 2282 323 9938 5574 6484 7777 7719 5848 2502 1750 7423 9268 7075 1597 1845 4462 1858 5758 5474 9998 5581 8968 4384 883 5065 5554 2609 3156 2924 9810 3986 7823 8370 4181 0 2786 91 8476 5457 1104 7048 3523 4258 8505 9701 6448 7686 7580 8489 3341 6329 8152 9567 9024 4672 6942 1921 4224 1765 1332 8944 8597 812 5773 8863 6201 2216 4595 9622 6455 637 6994 9791 2074 3720 9435 4345 6910 3388 4010 5774 2348 1144 3691 2601
101 376 3171 1106 9196 2653 3810 8158 1821 837 9885 6164 7250 4334 3085 7255 5946 6746 6490 3462 0 7066 4121 5066 8500 4940 4956 458 6928 3508 8151 1615 5481 5062 2045 6450 9865 5614 4027 8042 5537 4986 4423 2193 5507 3406 6579 3177 1337 5031 4897 8016 1054 3345 2782 2487 4413 946 7943 3375 5556 6803 2062 6327 4965 1897 1527 2480 6083 6379 6457 6771 6796 5127 2507 1863 9094 6285 7864 4215 7372 2501 1951 6375 1476 5601 1367 5132 2335 1810 701 8694 4473 5810 5686 600 252 2602 103 7517 2044 1281 2834 1623 8211 1184 38 3878 3777 666 4427 8748 7571 5818 2266 8559 3115 9708 1446 8973 7442 8210 7479 7135 6809 7468 5740 5774 7428 226 8419 8352 7948 4269 1936 6606 184 5690 9308 1828 8694 3679 9581 677 8697 3922 8440 6317 3743 8372 3973 9309 9446 4464 9027 1329 3983 338 2699 6239 5942 1898 1979 170 8255 6725 4434 8868 1280 2856 9074 4136 8552 6421 4624 8907 1075 1275 5141 9811 5555 3823 3500 2917 3620 5728 237 6572 1884 5628 2503 8472 8516 8647 969 2918 3787 8 926 4914 5149 2738 229 7062 6355 2959 4222 3834 8123 4307 1992 9862 4991 5189 2862 9296 3491 6284 4849 38 4203 5473 3374 5105 6745 3566 4722 8032 6651 5286 7227 8939 9188 3590 5423 4628 4170 997 9689 178 5981 3467 1820 4706 6930 7562 8308 2543 25 4560 3237 7726 2460 7386 4618 4288 1082 4325 5790 1139 2552 5259 761 2209 8329 4862 2159 525 3642 8529 6795 7511 6133 3663 2747 2107 6633 876 2978 8356 1666 254 1371 6489 8368 4366 8173 5489 7473 9955 5158 8869 2887 2294 2184 2688 4635 2939 4126 1057
4893 6711 6908 3440 2335 2815 3428 8912 1434 6433 7762 1968 9492 306 6403 5465 2766 6279 1709 4850 7066 0 1813 3967 1011 2838 2021 9078 7100 8449 7848 1591 5107 9982 6029 1760 4108 960 5088 2139 7992 5299 7958 3397 5832 2636 2311 3118 800 5250 3365 5150 2406 7131 1241 9600 2784 7403 1710 255 2093 9821 4515 8531 7360 5662 9259 6120 1371 3940 5804 8542 3082 5793 2283 9357 2674 1150 80 162 1539 214 5480 8687 8866 1784 3124 15 1481 8993 1434 3229 541 5362 3684 8226 7992 4481 9801 1946 7601 8133 2525 6467 538 5850 2897 5427 6577 3765 8462 7781 3840 9924 2049 7071 2279 436 7655 3496 2931 8862 7084 125 5321 3919 903 9352 9612 3202 8218 9841 5210 7693 7714 562 9789 5532 8819 2539 1857 8787 6806 1164 4264 7656 3586 9202 9789 2941 3447 7321 1526 178 5358 2742 5777 8180 1736 7929 4695 790 4867 4108 4388 6259 7770 580 9388 1827 7478 9097 2360 6100 9524 9773 139 6363 4425 8726 9256 8660 239 2986 2237 5001 5181 3474 6682 9269 7950 8722 5086 4909 4509 7619 17 6681 4216 3755 3543 5613 309 4726 3053 6304 5466 2736 1341 4131 894 5313 5250 3375 6291 4999 22 8063 3352 9668 5988 589 7823 534 2828 1476 6775 6637 1348 4066 8551 8021 7320 5835 6866 8423 365 9995 816 6836 4641 6212 2236 5028 5846 1869 712 3906 4909 8853 5971 3965 5935 2875 5392 460 253 4750 6162 3665 8147 269 9382 7804 4282 656 119 4723 5970 7994 7260 1810 4238 6037 6220 909 7719 1930 5909 6236 8022 5696 5003 1311 2196 6803 3836 5832 7530 6369 184 2935 764 2716 380 4621 8321 1370 5833 6270
2937 6900 6074 8660 8150 7349 3552 575 4217 6365 4011 6808 3167 6354 3235 732 3917 7364 2537 8617 4121 1813 0 7368 7873 5739 3733 6552 9348 315 4629 4612 1350 9285 8326 8108 782 7313 3316 2229 2152 8192 6367 3704 5099 6963 9713 223 623 5628 7701 5843 5032 8969 6540 1043 9331 1577 1698 1104 70 6157 9596 9959 3503 7528 6329 8493 981 4107 1939 6913 3074 2353 9998 8778 2401 391 1851 7357 6465 5812 182 1425 4121 9842 7523 404 4993 959 7017 5022 4275 968 1 8090 9791 4874 7352 7238 4422 6172 6924 757 1852 9509 6869 4984 8231 820 4898 4715 4747 6414 6002 4570 2864 5429 4799 4520 8152 4558 5617 4954 5730 521 7887 2957 5320 3158 1206 7555 5547 7630 2351 8741 4028 4435 2902 8108 6195 7924 8031 7041 8542 3820 4609 1385 101 3195 4782 7942 8940 5477 8858 4622 1814 9616 9935 3799 9390 7322 2532 8492 3379 1736 2533 6274 7870 7186 5862 1508 420 650 990 3119 3112 8931 5215 350 3236 8464 3575 2172 3508 7396 5100 5947 7256 6888 6507 8533 2942 1990 2463 6463 8053 6957 2688 1493 6637 2904 4009 6032 8536 299 1609 7021 2292 8952 9664 2558 563 7580 6131 9780 4690 4664 486 9633 6065 2218 3100 363 3218 6390 4052 339 7645 5826 9052 1931 1344 6330 8450 2233 4737 7034 8713 7045 6931 3777 3070 2491 7011 4663 8656 3884 7571 3354 9475 7772 812 6891 8319 9297 8267 8546 8699 5646 2706 6807 6032 9946 1905 9529 4671 6377 4007 4417 7054 7211 7548 8608 5782 4888 4297 1216 2462 827 2938 2194 415 8554 7044 124 8661 7014 8035 1913 6677 43 2819 2105 9895 1155 8014 1323 869 7969
8615 6323 7258 9959 214 8324 2897 7800 4419 6756 3024 3692 4793 3133 2103 1226 8585 3176 709 3967 5066 3967 7368 0 4522 9755 993 5461 3341 7736 4323 9846 3796 6933 6670 4668 6518 4811 5467 978 81 9985 9623 3538 8503 9834 3404 5856 1386 4505 3583 922 722 8082 862 5409 5664 484 9523 921 8674 8528 9141 4955 2194 4186 4373 4477 2915 5921 8475 6067 7074 3572 4919 5693 2027 8879 909 879 8975 2691 8134 2553 3179 3491 9319 6221 4779 8834 9057 5831 568 8267 612 8301 658 2310 6646 9282 4627 9574 624 9697 4967 1286 7605 8446 2023 1215 4130 4371 2594 6686 9592 9815 4813 9863 6619 5662 8750 3470 5853 1864 3662 8170 4195 4341 1570 7383 5433 6447 5729 6075 9617 9270 6795 601 5953 5161 1317 2193 545 4036 3820 8469 4531 8320 5814 2092 9412 8719 3209 6974 4502 1504 593 8302 3325 5604 3583 3573 9234 6335 1866 8777 9640 1542 875 6910 3322 1465 2830 1458 1768 4572 1202 1237 2116 1962 6963 2714 2082 6558 2493 9204 3651 2998 6951 630 9443 8565 149 3225 9614 7210 9079 3286 8967 7528 1606 2383 210 1041 3536 2110 8363 7538 381 4215 8197 798 1049 1039 455 41 429 7637 2135 553 9622 6416 4374 5840 298 3215 570 7102 3443 4147 4057 858 2371 2134 7365 3125 2749 4493 6737 1118 4759 912 6216 8607 970 3148 4811 6007 8576 2264 4541 673 9942 9077 9835 1926 4342 6745 147 6992 5587 3754 7360 2175 2286 2535 3880 8828 6950 6538 2614 8915 4453 3781 7491 3435 6738 1374 6594 6525 8537 825 7877 8848 5381 859 1785 4791 3830 7471 6475 7071 1359 9997 8087 7036 2878 3955 9101 1732
7907 4509 8517 1381 2824 5461 7524 1570 8922 6033 9558 7141 2832 6987 405 8895 1685 5022 6410 1044 8500 1011 7873 4522 0 8533 3473 7303 9127 8262 6663 6849 1981 5468 7982 957 5421 2677 3537 9518 7699 1471 9429 9006 3845 7709 3243 8630 6010 7577 3184 42 4731 4481 3653 1492 2960 4115 8388 9249 7361 7261 7970 6937 6416 6216 9305 9616 6807 6481 5131 7276 1587 112 5890 7683 4272 5345 2771 9010 6565 5011 6116 5445 2923 8268 7590 2035 4537 9872 3459 9558 3411 2499 3531 9523 3060 5716 3403 8306 3794 2720 5500 8176 1217 7691 4041 7781 2387 1133 1627 634 7612 9679 4008 6315 4663 1080 2265 651 2246 4116 6187 8885 9245 9893 353 4508 6778 2137 8041 4842 7334 3534 7294 6679 3062 8849 7757 235 8850 6013 1981 5469 8082 6217 3336 5394 1575 7869 687 2058 4807 112 2799 1064 8728 8095 5118 2074 4122 6879 4432 2974 236 1128 3106 5676 444 8863 3590 8732 148 9076 7548 4917 1372 6896 3072 3856 3223 924 7551 6515 4666 4323 386 4677 1394 6549 909 9118 3678 8666 7173 6457 8862 7011 3071 2340 4763 4761 5818 1883 3607 2096 5706 4758 3872 8391 3534 6908 7406 4594 8724 6371 5412 7129 8451 5989 564 7585 3944 6506 1562 9716 1345 3098 6744 1256 1939 4433 8582 8039 8962 4048 9561 5205 5343 7595 2162 3137 5336 1702 8913 1642 7802 5372 6203 7178 6323 8987 829 1075 5886 7990 3178 728 179 6729 7875 5470 819 8089 4446 4282 1217 4089 2881 7841 3372 6889 2453 3463 6958 7527 6839 924 5003 5049 6182 7619 161 7523 7238 6824 2080 1618 6324 1170 7211 2352 5274 1507 1656 5679 9125 9211 9537 6684
8142 9238 9212 7352 1034 6720 7699 3999 425 8918 5032 1318 3701 2818 4141 1403 4163 2731 9686 3764 4940 2838 5739 9755 8533 0 3850 1327 8022 2782 2990 1315 2875 5621 3234 8961 6978 4137 9027 487 9488 107 9994 4346 4941 5294 7859 6089 909 3604 2928 7084 9907 2441 7519 4154 9342 5906 9204 2642 5557 7875 5131 2814 1357 8210 7824 5119 43 1462 1586 8343 43 8028 9224 8747 6907 2202 7767 9174 1953 1986 8078 5872 4323 1475 7674 1412 4079 3592 9064 1592 7214 522 8698 1004 6929 1986 86 1747 3619 457 2016 2235 30 8142 646 5286 9520 4047 8158 2389 3375 5231 6566 4824 4045 9203 3942 7316 3445 3116 3307 840 2603 215 1630 3035 1649 9051 7312 9497 3449 9380 2504 6646 774 3634 2302 824 4688 5666 9057 4752 9396 3365 9956 4302 6308 5643 9752 7502 6646 563 7692 6756 3703 8951 8975 2320 730 5596 9151 4592 5949 2098 3089 2755 9794 5220 3313 5171 4111 122 5594 8609 4974 7146 5285 8926 5612 5567 4989 6800 3521 8321 3581 2630 1050 9554 2387 2984 8970 4970 4678 2766 7801 7511 6706 8473 2763 7513 9674 270 6724 6215 6529 2143 7646 7874 2301 9184 929 4900 8001 2051 2937 7710 8928 7569 3354 5118 2352 5051 911 8570 6890 2225 4700 9467 4271 7104 6695 2563 7289 3112 8937 8225 1540 4319 8997 3706 3365 4577 3920 1654 4707 9752 9819 4222 3289 5999 323 5443 9322 1344 7902 894 1918 5757 2259 1610 4927 2256 3027 7374 4072 2620 9991 4365 664 6567 3736 5339 8848 3370 1578 2971 9775 6267 2716 2250 4253 6374 3158 4426 2821 9440 8293 809 9375 1240 3822 7718 5725 4110 5999 8750 1593 3753
4247 1066 5165 8234 3360 5683 767 3298 1591 7305 5959 9530 8924 3749 7515 9949 2709 2321 1121 4339 4956 2021 3733 993 3473 3850 0 6021 9750 3327 267 9363 9269 7152 397 3755 4900 4787 7836 851 5095 6999 7918 3049 5162 5112 6156 1895 9371 7853 4141 3336 8344 1443 408 8648 9438 8019 6610 4964 2749 1660 2852 1975 2280 6836 8628 9267 5500 8438 2919 797 7439 4844 6357 6107 5368 8222 191 3857 9088 4642 3891 8326 2976 9433 1987 4150 1494 9602 4321 216 4063 1129 994 2010 6614 6685 3812 2422 7319 3713 8770 1503 3012 7586 758 8623 1970 9578 2230 3230 9717 9187 5787 8277 9292 6898 3441 9972 987 9676 8964 5561 5596 5194 4719 6206 1407 9670 4034 818 334 3843 9149 4618 439 4723 9094 5894 9131 9214 3099 4393 4950 8244 5738 4668 5205 4233 9537 3056 5896 8485 336 3319 7532 4492 6648 9161 6711 9692 1760 7585 9617 8776 5351 3066 6224 9648 6945 9611 3225 8435 9238 1904 4427 4559 5480 7297 5187 6090 8824 6800 4699 9211 5983 4184 1533 9909 174 2978 6332 5207 6775 7224 7073 9693 6859 4784 8561 9079 6859 6610 989 2112 3043 909 1268 4159 7944 8166 3923 7786 4477 953 6361 6903 7882 603 5766 9405 4406 7969 7821 8772 3631 7782 9121 8459 6473 8773 7057 1248 4769 6312 9540 1447 9958 3192 2850 6183 6861 2218 7411 5479 1205 4236 1130 5729 4605 1410 2140 78 9844 4202 1629 535 8088 4817 6748 3727 9151 214 9221 6964 6275 6964 6968 6569 9795 6254 569 7876 1938 9141 9065 7777 6277 5339 2260 4463 9685 2481 6764 719 1250 6448 4600 394 5780 1447 300 4740 3540 300 4656 104 8775 8933
