150
0 7967 7628 2536 8357 1383 9878 3908 9483 2653 9709 3150 2170 3146 2377 2633 8883 5184 6754 1808 5831 2257 3973 9424 3442 2793 4887 2231 4592 150 6554 7738 8735 5179 6331 2324 1089 2231 4379 1855 8108 6567 3908 3988 9430 4215 177 3488 4246 558 7909 5429 9717 6720 2041 4300 193 7686 317 108 4702 1146 7039 123 9798 123 7880 4993 2975 9550 3616 7822 9885 8925 3925 1212 7266 2751 808 5656 2944 8010 67 1826 408 470 9705 5800 7662 208 2064 8279 377 2694 6413 1071 823 4035 8446 2255 8582 8953 2740 1532 4370 7387 5753 8375 2147 8428 6440 2587 5321 983 8176 6889 1871 6626 7993 6999 9611 1735 8795 283 905 6165 4013 8619 6002 3029 8050 2561 5920 4078 198 540 1890 3292 4760 5244 3854 5302 6641 7914 2586 7583 3545 6886 5029 9102
7967 0 28 8582 1855 2407 2294 9014 6594 1359 7044 5224 9720 7009 4281 130 7678 7185 8829 7405 1059 514 2010 7166 5064 2368 4241 9151 3747 8838 5034 5563 2665 7883 4666 785 9786 9833 6553 5440 1501 7461 2235 2987 3257 4760 4903 3540 2701 4110 3890 8109 8872 2881 993 4077 2494 3956 4728 8846 571 3224 2790 429 4830 6617 3988 91 5492 6151 6376 7147 1366 5932 4716 7573 7659 3395 5598 6921 9779 901 1229 7246 5825 603 2245 9954 388 7770 6788 2084 8783 3012 3702 9250 1918 7434 1755 2292 9303 3240 176 10000 724 1307 8968 8414 3327 6381 7486 4883 155 4957 4117 8282 6067 907 3260 8119 7781 55 7039 9865 1081 881 7636 9047 9204 2480 2021 853 9812 2181 9996 3821 3097 1441 7592 6708 797 6323 9130 4927 755 5200 1992 7270 666 6638
7628 28 0 8320 2551 4504 7191 5812 3083 9387 2070 7789 6090 2723 705 3164 7719 5240 4539 343 4399 8308 5676 7834 3249 5869 6556 8935 4883 2337 8127 8176 6668 363 7571 7537 657 3780 7726 2744 5259 5073 3616 9203 5545 3363 7481 7005 8160 6273 9251 8781 8225 1211 4598 4757 4407 1110 4659 2479 4918 5454 2115 9790 9115 5268 5923 179 3432 5304 2783 3521 4278 3587 1151 4879 3952 9330 2018 9541 6906 2308 8360 6341 8562 2333 2144 2006 8314 1746 4653 6837 4542 1364 4310 303 5428 5412 7996 4717 3516 1711 3060 313 9010 6259 6623 4545 2616 9499 9452 6607 8630 6327 8138 8531 7709 3644 4523 2407 4605 268 1471 2121 1201 4885 6625 9036 1655 3664 6670 958 7342 5225 9942 5574 1304 521 9970 1309 9520 4913 7065 9746 4368 5422 3509 4981 1362 212
2536 8582 8320 0 5281 6107 835 7969 2345 4463 2573 6877 1989 6947 982 3559 6890 6494 9311 9762 551 5410 2267 776 7684 2641 9916 5012 3163 5017 3436 5940 8614 7569 6626 6439 8435 3559 2618 6718 9244 8187 9151 6235 8966 7335 7334 589 606 281 8594 7500 4379 542 5328 6798 2795 2165 7589 7276 5639 6315 8911 1266 337 7490 9244 2662 9441 3456 5280 9260 6275 69 2505 3033 3732 409 9475 4009 2112 9193 1640 5790 8497 6116 8745 7112 2386 1294 811 4687 1494 3970 4809 2168 4673 4950 9820 5096 9926 3389 9677 4223 6429 7045 307 1108 5957 1883 1578 4743 8363 7445 8572 9699 7991 5113 2647 8148 8500 9176 6223 603 9375 3787 8156 7009 4531 9239 7102 639 6069 2939 5267 6901 7050 5769 3089 4371 4005 7917 1889 3893 8268 7291 6290 1453 3667 2731
8357 1855 2551 5281 0 2324 9308 8809 817 8961 9080 3666 3697 1691 4274 1716 63 1257 8478 9283 4770 4523 4590 2976 9745 8720 963 3968 3295 6973 9097 3080 5367 4456 6250 4019 8187 7904 9664 1808 7504 3247 6547 5837 5087 2078 9373 9254 3862 1087 5389 499 1076 3778 9332 4638 3089 80 1147 720 5452 1663 8463 4017 4836 2473 5311 9761 6933 5681 7301 3439 3705 7057 6800 5116 8743 5892 4096 9356 5481 8636 9093 3489 6738 9522 7373 8146 9469 4446 8184 5733 1494 9565 3217 9131 5925 449 8186 9613 3033 1533 3780 6848 5620 4275 1568 110 2923 9573 5211 3056 7156 1269 6235 4492 9618 1406 5546 1098 2954 6117 3519 2720 723 2912 3908 4712 8021 6920 2181 377 1275 7213 2083 4968 4631 4142 6114 2747 968 9880 4009 955 5291 4964 4959 2500 533 6316
1383 2407 4504 6107 2324 0 1698 2005 1318 7078 2836 4665 1120 9793 7221 7833 5171 2137 500 7295 3743 4254 1264 6451 9219 452 54 9735 5997 5709 8955 8072 1654 2348 9637 506 7870 546 6497 7599 512 9590 9017 6056 3684 5033 8101 6255 1458 4520 2674 5750 9613 4415 181 3757 5624 8982 149 2463 4845 4200 6562 5519 5118 8194 528 7779 6398 29 4939 1050 9788 1002 3641 819 8138 5730 9464 1483 5238 6434 143 9661 7303 1570 3431 6678 5402 883 373 8641 9462 8066 2281 3732 4967 3484 8540 4561 71 5598 8231 1819 6387 5833 114 4538 3655 9146 4559 6945 2337 842 7677 4779 357 3288 6951 8948 5058 996 9241 652 6994 131 9276 1402 282 6657 2912 3583 1646 6786 7167 9411 6836 7383 1014 7394 3511 3701 7742 8916 2 5466 6957 9515 3881 7272
9878 2294 7191 835 9308 1698 0 7139 7069 2690 582 4881 138 7094 8371 3992 7152 1764 7263 1953 319 345 5986 6920 6941 1518 1931 8438 5627 6777 1008 7932 7253 4620 9373 2639 6210 5925 8246 1002 1248 1980 2688 7740 1216 7277 2928 1891 6893 6488 1866 2524 3433 4850 5519 8464 5060 2040 6540 8666 3170 1834 5702 5269 4668 1961 501 7305 3607 1527 4171 611 5439 108 9335 7074 7759 6642 7128 4257 3301 8924 9199 1378 3860 1757 3639 8887 3991 53 7901 1292 5582 6007 760 6760 6512 468 5645 1001 7208 2170 5085 3587 3834 2230 5648 2845 4336 4273 5470 2991 2799 969 231 9742 7367 8572 4504 2569 4733 6840 8061 9095 229 5569 8314 6780 9903 705 6380 2446 7729 318 2634 6192 3208 4656 9735 2598 6240 9500 2023 419 6387 1713 1807 8961 3383 2216
3908 9014 5812 7969 8809 2005 7139 0 7152 8149 1668 6440 1728 4236 7852 8363 8365 9802 4802 4614 6738 9235 801 4740 5886 2101 3658 1534 3217 7039 8119 5997 2210 9414 3577 1729 703 3775 111 1533 8583 3869 1056 1225 5235 2291 7663 3446 8201 830 1386 6774 1231 304 5184 4543 168 5581 1078 1001 9205 8694 9895 3994 4761 1932 1694 3374 8744 5789 4438 2119 6071 5077 6127 7304 3514 2132 2844 8536 1733 3086 6923 6515 3881 7385 4816 342 1781 2119 5654 5511 8758 123 2413 3537 345 3555 8865 8679 7315 445 3527 4294 219 3901 3837 3766 6109 9372 7360 9476 2632 8384 6096 5850 7174 7721 6971 8629 3208 9566 9123 2211 9429 2383 2444 4165 4074 7315 6361 1233 2853 6256 3502 3173 1821 6733 7000 1197 2410 6064 65 1932 5060 4112 7755 1505 1628 5145
9483 6594 3083 2345 817 1318 7069 7152 0 7355 9617 3884 686 7900 8179 4328 3104 9063 7130 7037 6915 8019 4900 9216 294 8504 5378 9359 8865 171 853 3005 2505 9778 9846 4949 7284 3193 177 4188 6779 7100 2587 2893 1953 8818 8251 3360 9422 1718 1966 5427 1570 2809 3343 6522 5971 6689 4401 1992 5226 9591 3668 7808 1103 324 8985 1770 9042 3217 7287 2372 5123 3958 5918 392 938 3020 7751 8980 1898 3358 4778 5501 3271 4935 245 8202 5247 7565 5101 924 9365 8122 5439 2622 7180 5634 4849 1790 5687 6060 5763 7234 6717 3149 1935 2861 4210 6999 4844 3579 6735 5511 1872 2893 290 4469 6236 422 8864 3770 1262 9419 6273 6353 5949 3234 2025 537 9069 8079 1219 2440 8395 7242 9428 8807 4386 4352 283 4568 6390 5797 2450 8175 3836 6088 6216 9323
2653 1359 9387 4463 8961 7078 2690 8149 7355 0 4668 7544 2163 6442 8311 514 5366 710 3471 8273 55 8490 7790 6983 6276 9348 1793 1503 4175 4188 4664 1039 9911 1957 393 882 1567 4647 2352 9442 9100 4786 8758 3908 2962 9412 7832 7002 5773 7126 8537 446 515 603 3404 3954 4488 5831 7494 9900 7969 5003 1326 8676 5071 2552 4251 1705 552 7567 3324 6372 8331 7893 5315 5340 8322 8085 6170 3821 8045 8879 2073 1874 9622 2314 7473 1731 2357 4130 2311 8257 1848 3105 7065 6491 9581 663 2707 722 213 672 4973 6916 5375 2013 1847 7227 8669 6354 9527 4799 6655 6457 4707 1854 7217 477 3154 2889 5691 8553 4727 4046 51 8645 2704 4488 6342 5012 4581 9155 8041 6209 5390 6735 1678 9096 5312 9507 627 6516 4422 5702 9352 10 8106 2790 1117 8987
9709 7044 2070 2573 9080 2836 582 1668 9617 4668 0 5122 6093 9941 8871 9418 8261 8721 127 7111 3833 9845 468 8874 288 6160 8500 1918 6882 5215 1051 9303 9727 6000 2475 5275 7719 3195 7460 9356 7392 8952 8523 8115 9685 4308 4800 7844 9438 1297 7601 5977 4210 2157 6229 8530 7222 898 8485 6633 7027 8668 823 3682 4927 3838 4870 3927 5811 4572 8714 4708 6088 273 8195 68 2747 9737 4593 7660 3385 1713 9117 9289 8001 6915 2539 624 4575 3263 648 2006 7007 3241 7813 7584 4424 5978 5857 2459 3082 2394 8266 2453 2227 1451 1293 247 4620 9318 389 8955 5614 677 2305 93 4501 1654 791 6242 395 9802 3527 1015 4133 8941 7218 4266 6583 7772 8779 9680 3291 2965 1008 5268 972 1170 4786 3670 7834 1418 9627 1229 9371 7967 213 5571 2278 5942
3150 5224 7789 6877 3666 4665 4881 6440 3884 7544 5122 0 1422 395 3766 3978 8170 9931 7443 2904 3084 8770 8411 4614 7452 6976 4187 6936 2962 3258 112 4583 8158 651 7386 6965 4821 713 2743 168 7909 3014 2349 2975 5385 6710 4676 2734 3755 6558 3588 4295 8898 8879 6768 4176 468 6704 5147 4905 7609 6266 6019 3285 4331 9770 5003 3498 1559 2067 1231 3415 9760 4467 9816 8452 268 2064 3145 520 3381 8011 8982 7770 8403 3551 6747 6834 7698 5208 5839 523 4201 8313 5352 291 7352 300 7430 2366 9491 5513 4042 3699 5288 6137 9794 7881 8106 3820 5831 5083 1726 2847 6332 5850 5903 4697 7717 6502 7393 5804 9899 6614 5759 1980 9493 1802 3387 4271 1811 8892 1544 3362 1240 7769 334 7748 9792 5598 7385 1874 9221 5389 9185 842 2570 9905 1931 3553
2170 9720 6090 1989 3697 1120 138 1728 686 2163 6093 1422 0 6823 6416 3111 3376 9487 2604 9893 4303 1529 191 4552 609 8962 1489 2855 1007 33 5913 6534 5720 1315 1639 5678 7144 7066 3732 8849 8903 1957 5594 5127 1862 6689 9766 1533 7817 6974 1873 3937 2236 3105 9221 3542 9873 1360 8485 520 65 1732 6635 5325 5286 9142 2052 7664 5626 3136 4234 3150 9812 5857 8755 1953 8119 9599 4370 7871 886 1450 5218 1963 9406 2931 4124 174 2609 6733 759 5447 2390 9409 97 6341 5975 2973 899 8609 6134 4014 3762 369 9202 7343 1975 1787 1793 8511 956 3726 8504 5615 9604 2356 267 3719 1376 9681 8859 472 6847 3229 9543 4002 1020 8498 7299 7166 4921 5220 4298 8317 5876 7228 4992 6185 8073 2855 7999 3853 3747 4021 1265 9207 1572 6565 1243 3559
3146 7009 2723 6947 1691 9793 7094 4236 7900 6442 9941 395 6823 0 3371 7113 7179 7932 7776 1287 1527 9469 531 6385 3006 2630 2578 3770 1006 3911 9788 5907 7485 2800 1968 7559 5118 1429 5548 4848 9262 7229 2386 6064 3452 7766 9865 6595 4984 9106 8031 5665 2646 2783 8009 6209 6083 5144 294 9622 5783 7247 7792 3049 2555 5585 6418 9295 3187 3449 5554 493 163 6164 6628 386 2582 465 1994 992 8514 92 3362 3161 7280 7433 5452 2544 1733 2542 3514 9399 1755 5463 3072 369 7044 7174 8688 3149 524 2819 2564 3425 1137 9532 8071 2710 7596 3367 8326 5379 9248 6112 1171 9652 4392 2284 2352 4865 8207 6613 657 6816 8785 2390 1311 3894 259 360 6905 9930 1536 6479 3705 2508 5871 9775 5124 9390 5505 9273 2624 4115 25 1679 8931 588 1324 147
2377 4281 705 982 4274 7221 8371 7852 8179 8311 8871 3766 6416 3371 0 7006 9468 921 4788 7484 3394 4383 8561 6320 4160 6578 7931 3827 1705 4127 3807 7485 8692 9038 6877 4017 6172 3730 4386 388 8415 5466 4709 5325 6384 3027 8198 411 2456 6526 638 4739 7945 6031 7279 1016 7142 8839 6750 1031 9783 7340 1168 206 8979 4583 4446 6822 9929 3474 7541 645 4854 4694 7475 6970 2209 6860 7517 6657 4390 6003 601 901 2507 5366 332 5113 4095 1511 9070 5651 8205 6943 5432 3795 6769 5841 6717 9022 1635 8594 5948 2442 8054 1348 5466 2206 9037 6453 4063 9837 5534 998 8442 7356 2201 2078 1316 4832 161 1066 1265 4722 247 4407 4400 3026 786 5494 3852 7536 7851 6925 6155 9667 1745 2182 2193 5058 4636 1353 9953 4573 7303 6481 2772 6825 1060 2758
2633 130 3164 3559 1716 7833 3992 8363 4328 514 9418 3978 3111 7113 7006 0 206 3801 9862 797 1508 9997 3976 8609 7237 7165 1974 3477 8120 330 2315 5107 7636 3913 3644 3379 6462 2915 7267 9472 8716 7618 3211 5317 5906 6499 9670 7302 2806 4444 8419 4354 5173 6990 8059 8244 3266 2488 4933 2592 409 118 8513 8823 2783 2593 462 6165 7167 7241 5150 2899 9488 6660 5793 1547 4113 3926 8517 1776 253 9468 6648 4195 5188 5908 8191 474 4820 238 7104 6654 7742 1982 2839 4069 39 4437 3050 104 1214 5027 1809 3237 9583 4958 6641 8679 71 298 4356 4783 3769 4273 582 5153 7639 6198 4635 6462 436 3629 9567 3845 8189 371 8771 1991 6978 5385 1326 7467 9581 371 9015 9392 848 1665 6689 6205 5959 6344 5515 2346 3944 6761 9066 6498 2119 8223
8883 7678 7719 6890 63 5171 7152 8365 3104 5366 8261 8170 3376 7179 9468 206 0 6167 8304 277 7807 514 2085 4502 1411 2928 3291 278 8092 5098 6243 4461 1872 6632 7591 8313 4268 1891 8973 8169 7924 4653 2936 7556 6332 2377 5444 6545 2972 1032 816 9005 2538 3840 2921 2357 567 3830 9361 3623 3881 6718 3469 2871 7392 2150 6823 5020 5328 8930 7918 8573 6407 5217 5220 1068 2805 5918 4935 3730 1549 6268 661 2017 1791 6862 2362 6956 7010 8467 3655 271 4160 7294 6170 8230 1051 2964 1613 9641 5505 9139 2949 781 5131 4602 6378 9700 2922 69 7106 1930 9372 2686 7676 8527 3637 9557 6341 8465 5406 7709 4699 3943 2331 4627 2449 5757 9935 7266 5420 4614 4341 4552 2400 3846 4707 9000 2637 7722 5096 735 4101 6576 8976 1747 3405 2404 532 2356
5184 7185 5240 6494 1257 2137 1764 9802 9063 710 8721 9931 9487 7932 921 3801 6167 0 7886 9422 2218 3062 9914 846 8203 2249 3087 964 9386 7827 3515 5055 6567 8442 1088 8316 6559 8538 2454 7020 3450 8968 7496 9455 6534 7730 3649 5439 2259 6911 1009 4880 3610 9246 4503 8790 9502 7250 1505 2118 2118 6828 9732 356 3112 3055 2620 8130 1435 8259 3926 8924 514 7134 6565 6161 3908 2423 7872 8769 5427 4723 2766 166 7677 2337 444 9690 9540 7254 6513 2300 657 7663 6242 3403 4699 0 2088 2254 8844 5359 5 4750 1946 8058 1746 8799 1580 888 7923 8652 1861 2361 5776 788 987 5536 9099 3261 3020 4808 3489 4957 8807 8508 470 5539 7874 7878 6636 331 6994 29 6589 1497 7527 2560 1142 2226 6231 1977 3881 7456 4523 4662 7816 5020 5621 9667
6754 8829 4539 9311 8478 500 7263 4802 7130 3471 127 7443 2604 7776 4788 9862 8304 7886 0 5641 3762 9337 7286 5018 4232 9251 5927 8398 7455 7174 3454 7829 9269 161 5625 5930 8836 1209 1464 7630 6579 2461 3671 4865 835 136 9771 7694 807 4872 9968 9357 8235 8181 2277 1649 4284 2895 4189 6480 606 7988 786 8535 8860 488 8234 5229 9440 7246 8334 3204 4494 522 7538 229 9332 19 3754 4694 459 8948 1531 104 7667 4529 6414 7096 941 6640 5034 178 9111 4925 9424 1195 9540 9132 5446 6221 9012 3456 1828 9735 4898 7530 6792 2505 7258 9492 9987 6612 9836 3397 8658 4109 5684 1616 8996 1618 5550 4857 7096 7034 3146 7045 7626 9066 6282 8681 6295 7028 2047 2580 9355 8277 2645 3361 8531 7545 9837 9141 4416 3027 8207 1010 4814 3937 513 1683
1808 7405 343 9762 9283 7295 1953 4614 7037 8273 7111 2904 9893 1287 7484 797 277 9422 5641 0 9778 6214 9699 5632 1916 8585 105 6859 6082 8511 3858 5044 9485 1671 5783 6533 6978 9653 3569 9864 6164 6751 9757 9587 3530 6419 7495 6047 4496 5335 8121 8013 6056 4766 6307 7891 264 8294 5767 6077 7410 4263 4909 8520 6650 371 6160 1807 4650 8526 4154 857 5093 4016 5470 1195 6768 3074 6762 4591 5148 3095 8251 512 8399 6860 7478 6189 8621 8082 8363 4347 7072 3036 816 5456 8053 2420 3367 745 3124 7075 8620 3524 9536 2065 6922 9032 7253 1910 4599 836 4806 4751 9560 8719 6844 7817 9916 8256 9703 8543 2466 9545 2502 9169 8056 4127 7398 8430 7338 7477 5573 9708 3104 3386 3767 1840 2704 953 650 9292 9386 7290 4478 4360 4814 3495 3328 3128
5831 1059 4399 551 4770 3743 319 6738 6915 55 3833 3084 4303 1527 3394 1508 7807 2218 3762 9778 0 9193 8783 124 606 2556 8118 9276 4718 3991 366 802 4477 8573 4468 2272 4422 2083 6951 3908 5311 2390 7837 5280 9739 5770 9259 5390 5079 9004 2304 1328 9643 600 8109 2594 6436 4758 544 127 3863 276 9404 1011 7015 6073 1378 2699 8424 2693 5490 4745 3978 6076 7901 5359 3419 3184 3593 9280 236 2056 6526 6979 9966 123 3096 8071 1334 9805 9404 9088 6889 8225 3627 6202 560 5633 516 3936 4737 5211 5350 2941 4325 9599 9600 7233 569 3122 2749 9224 6228 27 8057 9729 6658 4171 9608 9805 8504 208 202 1920 3784 4443 201 6041 6498 7933 359 3510 5636 161 7867 327 1861 688 284 9754 9075 7970 2357 5074 9390 2666 3378 2135 1183 4374
2257 514 8308 5410 4523 4254 345 9235 8019 8490 9845 8770 1529 9469 4383 9997 514 3062 9337 6214 9193 0 156 5396 3855 504 6629 9331 1631 3078 7945 331 2834 4727 7980 116 7873 9598 1679 8 952 5185 7983 8065 4893 4808 3858 7556 6613 9638 4130 8734 2419 1749 9130 2104 8268 9725 9313 7703 5468 2090 5327 619 8335 2972 4568 145 6584 632 4504 3593 6611 9208 9411 5367 9464 6262 4551 6024 8716 4074 2919 2080 1107 6444 6145 1617 8213 9532 1548 5540 9770 1646 5879 5192 2824 7130 3824 3424 1870 1746 8302 6159 6916 4419 5483 8012 8301 3219 266 3826 9249 9744 6337 9632 665 190 7303 4625 3182 3426 7433 1812 4011 6365 6833 7458 4390 1836 365 4305 379 8974 2605 4497 5676 2650 1539 6904 1804 4855 5966 48 1829 2980 4359 2251 5862 7615
3973 2010 5676 2267 4590 1264 5986 801 4900 7790 468 8411 191 531 8561 3976 2085 9914 7286 9699 8783 156 0 2713 8753 3143 5973 1271 663 7339 6600 4195 4100 3973 1127 1709 7505 3632 4476 420 6242 6496 8087 9300 9575 7564 4662 1210 913 2490 8574 6595 2625 2888 5807 9695 3579 8 1144 4115 7673 9040 5253 8175 8655 9001 3748 4965 5030 7483 4177 712 9850 910 5041 2701 6771 5773 7186 7216 9105 5098 8518 5350 1593 7559 2515 3971 5946 3585 67 9756 6140 7767 3766 5195 1663 4419 740 8596 3981 3424 6984 7286 5233 4602 5382 6706 1866 3424 9859 7252 6541 265 5995 2350 4125 4782 7018 6369 3281 422 2870 8704 1652 6283 3523 2584 5795 7725 4139 2240 4648 3892 5871 7101 1399 5547 5629 1563 7672 8239 3950 1900 479 2199 4703 5549 2171 8231
9424 7166 7834 776 2976 6451 6920 4740 9216 6983 8874 4614 4552 6385 6320 8609 4502 846 5018 5632 124 5396 2713 0 4707 131 2886 6444 4877 103 7870 8044 7836 6698 6579 4141 8287 1007 6637 6854 3180 4213 7491 8837 5815 7043 3486 9791 3695 1100 2007 3227 3222 69 8416 4695 1034 2414 7185 7551 8655 7359 553 3668 9197 2108 8197 9205 3859 2372 899 2049 6723 1110 1170 1573 3210 5195 263 7362 76 4608 9963 3600 5958 6627 602 9625 2393 5550 9320 7412 5534 4774 5202 4028 4451 6751 9971 2853 5164 701 7131 6690 27 1117 3030 8616 1412 6846 349 4926 9114 6538 2488 3135 1275 8264 4536 155 163 285 7127 7734 5789 9411 5294 835 7797 2445 5656 1031 1389 6163 3156 4258 5396 4854 3727 9696 435 927 3035 2776 370 8416 1694 5999 2704 1919
3442 5064 3249 7684 9745 9219 6941 5886 294 6276 288 7452 609 3006 4160 7237 1411 8203 4232 1916 606 3855 8753 4707 0 2812 3194 5187 7436 7480 6445 6625 9869 8941 180 9453 4413 4846 3250 9934 848 4786 3194 4127 1293 4901 2868 1389 2005 6630 5806 6488 5888 3918 1849 292 31 2306 3735 945 3876 8832 2859 2491 9981 2219 5011 2098 9876 3778 4206 5532 1718 8566 4300 2164 967 2082 7642 8591 3347 6619 3573 7810 5060 1273 2083 5073 1203 8051 1482 8789 4476 6054 1166 7820 5304 9260 2727 996 9593 406 7618 4357 1003 7695 5854 3803 1794 5383 7806 2301 8970 2767 4334 2966 5515 286 2709 2098 1040 1246 8988 7410 6404 7637 8214 2568 3758 634 237 9667 2289 2393 3219 5103 8385 605 6425 8482 9696 7429 843 6654 5193 2302 2861 5054 7227 5693
2793 2368 5869 2641 8720 452 1518 2101 8504 9348 6160 6976 8962 2630 6578 7165 2928 2249 9251 8585 2556 504 3143 131 2812 0 8823 5435 4050 4280 2865 8249 3461 2431 4887 1043 5166 9460 1533 9719 5053 9703 2983 3667 9788 9649 2723 2395 5837 5013 3953 9106 7545 6324 9014 2800 1353 4952 4055 518 5088 6792 9938 6583 9166 1850 7137 3112 4319 3346 3490 9780 1116 3592 8447 5667 4001 970 4075 2514 1287 8462 2129 8814 5894 5312 7544 7562 5471 823 8747 655 9036 4424 4142 8983 8546 3154 7793 5527 9690 4365 7335 3670 585 9116 5216 8675 1765 4922 357 4620 7505 7896 5396 1838 9323 9505 3896 6954 5766 5883 2265 7705 4637 3435 8053 5884 8888 5640 8920 6510 3979 8089 9890 6238 5184 6196 7559 7140 2602 2721 2100 6991 4665 104 5378 3378 5670 3045
4887 4241 6556 9916 963 54 1931 3658 5378 1793 8500 4187 1489 2578 7931 1974 3291 3087 5927 105 8118 6629 5973 2886 3194 8823 0 1888 8855 8828 8959 7012 2193 2737 7627 3243 7092 2421 2629 7173 4823 5577 134 293 5772 9761 7859 8558 9032 662 2847 852 6512 2743 1803 9120 4305 892 6510 4073 8151 9662 8649 9458 7632 3536 6035 9864 9892 5449 7565 4842 8562 3252 8990 3997 2702 6133 9964 2070 7101 5556 1326 5311 9625 410 6960 5885 6591 5324 3063 3025 3468 1802 1220 6850 7072 4382 8384 8024 2444 6673 7711 3993 1055 7973 3350 1085 6841 504 9884 3456 4590 2948 8651 9627 7551 1117 2946 6189 7398 7907 6651 5340 7080 5410 5808 8282 7018 5868 718 2946 4395 3836 8851 4508 5744 9057 8417 4441 9609 7288 1271 4243 5632 7168 4061 2279 5481 8706
2231 9151 8935 5012 3968 9735 8438 1534 9359 1503 1918 6936 2855 3770 3827 3477 278 964 8398 6859 9276 9331 1271 6444 5187 5435 1888 0 8315 4061 9846 143 9442 3758 6448 2024 7862 7085 7808 4351 1298 6250 7921 3588 7240 1334 2248 2443 3314 3008 6251 4969 9746 8130 9315 7068 4623 2609 6653 6729 1255 6683 9735 97 3717 9228 845 6877 1278 9049 6457 9828 5479 3166 6388 5980 9963 2608 3102 9683 1688 3872 8529 3533 4601 3905 5377 6990 4198 72 2109 2404 8081 7280 4667 1974 659 6498 530 2505 9067 5951 6698 934 6036 7395 4991 803 2443 2024 6592 6260 9428 1550 8107 6070 5351 3970 9546 6891 3070 1153 4459 925 4705 215 3014 3511 8801 6144 7966 9911 6477 3865 7292 5567 7702 4205 3026 8036 4869 9379 1014 1019 4824 5816 9518 2652 7660 2265
4592 3747 4883 3163 3295 5997 5627 3217 8865 4175 6882 2962 1007 1006 1705 8120 8092 9386 7455 6082 4718 1631 663 4877 7436 4050 8855 8315 0 638 3246 8256 7449 6196 8669 3837 3802 7879 8408 899 9817 6263 8815 6097 8913 8205 8073 1059 4367 6580 145 365 6958 7396 5467 9788 5563 2214 9942 5680 6109 3788 6256 651 5518 9195 8039 7940 2727 1513 1003 5504 8999 8283 1353 7792 8861 6171 8101 9346 1656 2941 9027 3369 503 8988 9793 3067 762 3196 8146 5791 5109 2817 6588 2004 64 2107 5182 650 3068 9321 2643 142 3113 6849 9795 2470 4223 955 3219 7127 7241 962 3341 8304 8258 1472 5538 993 8469 9842 3049 1924 1251 8851 6724 5570 1503 6775 1807 7292 6601 1481 2965 6715 8739 896 5858 9588 4028 7667 3599 461 5414 6853 8967 5056 2147 3923
150 8838 2337 5017 6973 5709 6777 7039 171 4188 5215 3258 33 3911 4127 330 5098 7827 7174 8511 3991 3078 7339 103 7480 4280 8828 4061 638 0 3008 9690 2425 5907 2426 7828 6505 4742 5142 1179 3626 4997 7265 7691 9006 4951 770 9617 4346 9167 3342 6600 9633 2432 5505 6723 1177 8335 2906 659 5041 4060 5307 6309 6232 4651 9246 8911 2026 5045 114 3056 3615 3863 4381 9827 1412 734 3777 2428 5179 4026 6987 6926 4029 4086 107 802 671 5626 7069 8920 6468 5215 7583 2217 9044 4294 2880 9765 2582 6530 7357 5330 6008 5927 1331 4510 6815 2221 8068 3392 7737 2940 1628 2743 4047 3662 1991 6455 4710 6051 8318 7297 6364 5894 5866 2144 1671 8574 4545 5555 7640 3381 2856 1573 153 560 8650 5724 1522 5371 3688 7836 411 8488 4930 5950 4422 7071
6554 5034 8127 3436 9097 8955 1008 8119 853 4664 1051 112 5913 9788 3807 2315 6243 3515 3454 3858 366 7945 6600 7870 6445 2865 8959 9846 3246 3008 0 1607 9878 7377 7628 8552 5241 9471 2052 4300 3388 1399 9084 5554 3740 869 3220 1796 5659 7647 9304 8920 7682 3481 9980 4043 2645 4923 14 7723 430 1065 6825 1735 5868 3966 7700 4973 4751 5837 193 6167 3760 9594 1647 7478 9079 4957 851 981 4288 934 3625 7272 5424 8496 5044 6217 100 8837 5707 3236 9251 6708 8924 1678 3093 3485 4307 4805 1673 9587 1705 3328 1608 8713 4571 2536 3825 3077 5480 8418 9479 3194 96 5155 1730 1917 1517 6582 6690 6716 6183 5493 7033 484 3976 987 7263 2621 905 6448 5921 7508 2542 8166 8294 673 1320 8876 6118 9247 3269 4352 8021 118 1964 233 8487 5797
7738 5563 8176 5940 3080 8072 7932 5997 3005 1039 9303 4583 6534 5907 7485 5107 4461 5055 7829 5044 802 331 4195 8044 6625 8249 7012 143 8256 9690 1607 0 1798 4193 8323 7951 7953 1091 5724 3124 1216 315 1159 5425 2571 8441 1211 6200 889 4290 6541 7122 548 6952 9506 3902 6835 7471 2790 9034 8125 7058 6406 4225 571 8320 9324 1113 2883 2179 4316 6742 670 8275 9985 2789 9085 4652 8305 7930 4247 7200 8969 5902 3967 8163 8416 1629 1516 563 6719 3022 2750 1075 1465 3885 8704 7703 4831 9826 1839 7721 9933 7290 9426 7001 6580 4360 1950 4139 2457 9461 4763 941 2227 1455 3538 2744 6091 8319 1078 4081 4214 1112 3842 2950 1509 8919 103 2572 4269 7925 4247 4872 9428 1798 2482 5426 7476 5731 8965 3502 8805 8467 7184 5494 2988 9359 3985 3129
8735 2665 6668 8614 5367 1654 7253 2210 2505 9911 9727 8158 5720 7485 8692 7636 1872 6567 9269 9485 4477 2834 4100 7836 9869 3461 2193 9442 7449 2425 9878 1798 0 8458 9375 6163 8595 8642 8374 1782 7652 2382 9653 7035 5562 2616 1291 9865 3830 4598 8389 1680 1988 3015 3452 8256 3525 8508 3332 3154 1457 3348 5629 3076 4107 9752 4651 5211 7652 5688 217 6811 9018 1882 3543 4425 6601 4084 6384 9753 2028 6898 4663 7596 2250 9784 330 8574 3144 7931 8481 2230 1634 985 5814 9759 2275 7361 2319 438 3096 3520 1663 3269 7757 2048 1381 8423 3649 4258 6076 7268 1671 1787 4216 987 7720 9284 1781 1143 4428 3593 4349 1047 4924 8529 8517 1855 61 7576 4412 407 7210 1173 6774 3702 5884 7499 8660 3657 1864 3287 5862 6435 9410 8251 7554 6446 5668 2107
5179 7883 363 7569 4456 2348 4620 9414 9778 1957 6000 651 1315 2800 9038 3913 6632 8442 161 1671 8573 4727 3973 6698 8941 2431 2737 3758 6196 5907 7377 4193 8458 0 4265 4207 3636 8024 8112 1833 7904 4984 5502 4999 3804 750 8133 8517 8687 6962 9151 5003 9116 774 3111 7222 3396 3698 8107 2457 82 2395 4736 8124 8332 8010 3913 5636 5660 298 565 6452 5007 9366 9188 6186 3627 4524 917 4945 1170 8859 1662 1563 508 2131 4619 3832 4746 4656 6842 3252 6130 3811 740 3490 4794 9664 392 9580 3010 1903 4649 8048 9094 5665 5649 8372 2148 7601 4855 818 7251 339 4686 7210 1920 2235 9583 3938 4604 3295 6256 8021 9176 2002 2338 514 9654 269 1788 5444 8194 4513 8106 9042 6185 1896 6364 3420 1143 433 6591 6162 281 7441 7055 4987 7628 5191
6331 4666 7571 6626 6250 9637 9373 3577 9846 393 2475 7386 1639 1968 6877 3644 7591 1088 5625 5783 4468 7980 1127 6579 180 4887 7627 6448 8669 2426 7628 8323 9375 4265 0 630 3992 3767 5528 1924 6858 1016 4849 874 3964 4170 4973 8215 5070 5706 5984 9908 9917 9065 5849 3210 5284 1451 825 5963 7247 7577 6228 1621 917 7970 5607 936 502 3090 3323 3592 4209 7751 5782 331 870 2039 5638 5494 515 9640 9268 5722 5470 30 588 6412 7239 5874 3589 6848 5948 6953 8978 7781 913 7115 1624 2690 4024 2726 8212 1857 3924 6892 4843 5190 294 3213 8192 8417 2278 8904 8915 1327 4312 9242 1277 7484 7023 6441 1737 2975 617 1259 8953 1430 4825 9118 1711 9402 9211 247 4095 5253 7724 7567 8056 150 5759 9096 7122 4434 198 9863 3407 3845 2849 4650
2324 785 7537 6439 4019 506 2639 1729 4949 882 5275 6965 5678 7559 4017 3379 8313 8316 5930 6533 2272 116 1709 4141 9453 1043 3243 2024 3837 7828 8552 7951 6163 4207 630 0 3546 6974 2416 4248 4688 1004 548 2642 6414 1230 3311 6703 4841 614 8630 691 8459 2787 5301 41 8513 5531 574 169 2403 258 4235 2859 9806 954 9862 8352 2535 7985 3358 2719 241 1594 2572 4169 4343 6787 1206 7356 6271 1109 5688 4035 9569 4557 6185 2294 9082 8159 4901 9851 1035 5208 523 9638 4633 6452 4886 3302 8981 2618 6840 1242 4292 1061 8667 9673 1462 6073 9642 974 9952 8423 2906 9751 3190 3084 5936 782 7803 6907 4683 3920 930 266 3478 1648 5821 3180 7881 3770 225 8731 41 6097 403 4395 2181 6932 8542 9995 6792 9923 2771 6759 9903 3966 5430 7628
1089 9786 657 8435 8187 7870 6210 703 7284 1567 7719 4821 7144 5118 6172 6462 4268 6559 8836 6978 4422 7873 7505 8287 4413 5166 7092 7862 3802 6505 5241 7953 8595 3636 3992 3546 0 5452 7775 6016 5845 9908 7145 9016 7511 2736 3153 5894 3425 4726 1610 5811 6154 9085 1837 9763 3963 7273 649 8700 302 5929 7159 8175 835 7350 9812 6661 3161 8919 1011 5679 4122 3243 3378 1837 9959 3253 3986 2397 5996 223 1868 1334 7128 4551 528 2951 1838 8883 2318 298 3775 9116 3879 4004 6046 3209 6051 4609 2512 6760 8788 3377 9846 5343 4340 7193 7461 9755 8473 5702 486 5447 7306 8369 9957 1190 1216 9323 6436 4060 7802 383 8272 936 9231 8802 8271 3700 879 6214 6396 2391 4018 5897 8541 9169 9962 2088 5181 9011 3093 6123 889 1874 9955 6123 3177 9638
2231 9833 3780 3559 7904 546 5925 3775 3193 4647 3195 713 7066 1429 3730 2915 1891 8538 1209 9653 2083 9598 3632 1007 4846 9460 2421 7085 7879 4742 9471 1091 8642 8024 3767 6974 5452 0 2553 5972 5436 3134 135 465 7165 4598 5998 26 2087 7997 9937 4600 3709 5789 6930 7255 837 1537 9288 3723 1895 4667 2172 815 4473 5854 2099 9263 6980 4508 5474 7797 5149 1302 5880 3465 459 1346 5350 1736 8852 6756 8830 6255 1003 8480 1358 3055 567 5418 2404 8609 7992 1411 574 3776 8849 5058 5173 191 6840 6069 5607 4182 5644 608 3029 7646 8961 5409 4931 6503 7481 3986 9813 5748 4928 1038 8093 1768 3257 7211 6660 646 5925 8637 3310 2957 3346 2161 7345 9753 3191 2525 1839 958 2020 1388 6549 1717 8973 7511 2497 3096 6505 5717 997 9827 3403 9554
4379 6553 7726 2618 9664 6497 8246 111 177 2352 7460 2743 3732 5548 4386 7267 8973 2454 1464 3569 6951 1679 4476 6637 3250 1533 2629 7808 8408 5142 2052 5724 8374 8112 5528 2416 7775 2553 0 701 1193 7057 7766 8351 3012 5169 3780 4180 1127 6836 5904 4728 7223 1083 6390 462 7579 4934 8720 3590 2882 9161 7268 5279 9697 295 7730 6272 1434 2961 7181 3614 3075 1717 1022 3791 4565 5208 3389 4412 4118 231 4201 2702 8911 1581 9596 822 8105 3872 2511 8160 8736 3929 2064 3229 2691 1722 8670 1910 4956 3721 3812 2391 5649 4511 2796 2974 1999 906 4544 6395 5363 3777 1229 9217 843 7013 8056 3181 3662 7982 9863 7390 8081 6579 9539 7851 7536 5338 1675 4958 2182 380 9488 9484 1835 9929 1636 1855 3814 6607 363 5916 7996 9334 4501 2349 5968 1314
1855 5440 2744 6718 1808 7599 1002 1533 4188 9442 9356 168 8849 4848 388 9472 8169 7020 7630 9864 3908 8 420 6854 9934 9719 7173 4351 899 1179 4300 3124 1782 1833 1924 4248 6016 5972 701 0 7319 7031 3236 6912 1555 883 7485 945 8791 9192 6641 1203 7823 9605 1317 9376 406 8987 9980 2191 1848 6444 8029 9738 1422 6536 3601 3905 5543 1722 9676 4736 5424 3179 4056 7003 3489 659 4602 7009 4048 3217 8129 504 1548 7819 4684 1640 4677 2141 9721 563 1847 3634 5657 8123 6438 3259 3155 9350 4424 4609 7043 3 7613 3433 2439 7379 4555 9939 5597 4400 8101 343 3225 3630 7427 7731 922 3106 221 9402 4927 4159 4895 479 3999 414 3088 5284 2155 4069 5115 2391 288 8477 6623 6693 7999 7180 603 5875 2410 497 5524 5986 2895 1485 1684 2390
8108 1501 5259 9244 7504 512 1248 8583 6779 9100 7392 7909 8903 9262 8415 8716 7924 3450 6579 6164 5311 952 6242 3180 848 5053 4823 1298 9817 3626 3388 1216 7652 7904 6858 4688 5845 5436 1193 7319 0 4781 4506 8828 6222 9058 8641 2192 905 1224 4918 4939 1279 9991 6838 5145 8730 4549 6634 8678 5936 4326 2982 8967 1945 2474 2531 8898 2170 6791 7199 2441 5390 6463 4670 2962 6793 1285 546 8323 6259 7533 4474 4155 1662 855 7171 6256 7194 7790 4940 5645 3458 4188 2046 561 1547 1983 8775 7655 4252 6530 8988 9548 9380 2723 4833 4751 8444 8782 4290 1791 3159 4553 553 8372 884 1820 3383 1244 3944 2002 5633 5011 55 2605 5076 8060 9900 4114 9499 7679 6278 9882 6191 9866 4071 355 139 3990 1549 9763 7004 2972 1724 8703 9164 7085 258 5487
6567 7461 5073 8187 3247 9590 1980 3869 7100 4786 8952 3014 1957 7229 5466 7618 4653 8968 2461 6751 2390 5185 6496 4213 4786 9703 5577 6250 6263 4997 1399 315 2382 4984 1016 1004 9908 3134 7057 7031 4781 0 8182 438 7110 9775 5647 7013 9945 9285 869 6182 2335 603 2589 9227 2637 3106 6948 1906 8896 7145 4843 3211 8552 4587 3053 9057 6903 5973 2128 9980 2608 143 2411 7306 4766 5006 5628 2330 740 8676 9484 394 2179 8004 5171 352 4997 3861 7954 5677 4406 4296 4794 6068 9912 4009 8755 8036 8238 1763 3970 1578 454 200 166 7338 3058 9735 6337 7741 9128 2862 4041 2431 7574 6423 6166 8345 3682 5388 2687 8436 2912 7357 980 789 4803 269 994 2564 4204 2740 511 1530 3674 1556 6884 8093 9576 1229 8293 9109 9428 7481 4575 3644 3597 1113
3908 2235 3616 9151 6547 9017 2688 1056 2587 8758 8523 2349 5594 2386 4709 3211 2936 7496 3671 9757 7837 7983 8087 7491 3194 2983 134 7921 8815 7265 9084 1159 9653 5502 4849 548 7145 135 7766 3236 4506 8182 0 5243 1295 3095 4836 5704 1122 283 7713 8396 9681 9304 3303 6914 4976 3055 6655 5736 8831 7896 8050 6535 8891 3699 169 1745 3700 2902 6288 2373 1577 130 7759 6942 8449 8104 4435 7293 861 4557 611 5155 9741 9056 9767 5785 4424 6574 5943 3251 7434 9742 442 5574 1214 3233 4803 878 6018 7471 9938 284 1168 9576 182 4412 3629 3382 1344 139 2390 9186 8399 5969 5561 8008 4323 8363 9507 3750 1611 5239 9223 5479 9448 6612 9444 9933 132 3995 2144 593 8356 4709 6637 397 2958 2293 6765 5153 6200 4021 7044 7675 4328 9877 1486 3034
3988 2987 9203 6235 5837 6056 7740 1225 2893 3908 8115 2975 5127 6064 5325 5317 7556 9455 4865 9587 5280 8065 9300 8837 4127 3667 293 3588 6097 7691 5554 5425 7035 4999 874 2642 9016 465 8351 6912 8828 438 5243 0 5537 1703 5653 3220 2423 9355 1013 8471 3270 8673 7059 2339 9991 6275 9240 8869 3535 2626 2134 892 607 1780 9815 5623 8406 8139 2686 5427 1785 4777 2940 1562 8120 7435 5747 4850 592 4273 173 7681 2163 1065 5340 5035 5821 3938 2727 4720 3343 8742 7731 7479 8300 1578 8149 2461 7235 775 3597 5150 9370 4718 3083 6799 6041 4729 1302 110 2405 6440 2325 9978 8610 1740 9147 8615 7647 8224 9804 7357 1849 10000 442 3662 9016 4533 4467 7144 6430 9099 4425 3435 8122 2680 5471 4677 5428 7146 5933 4238 5994 6266 3634 4728 2727 3907
9430 3257 5545 8966 5087 3684 1216 5235 1953 2962 9685 5385 1862 3452 6384 5906 6332 6534 835 3530 9739 4893 9575 5815 1293 9788 5772 7240 8913 9006 3740 2571 5562 3804 3964 6414 7511 7165 3012 1555 6222 7110 1295 5537 0 4014 7983 5414 8731 720 5473 3826 2224 2034 2587 3613 6029 1633 8257 2684 3642 4146 2984 8465 9017 8761 2625 5466 858 2132 4171 847 6486 9463 5558 3704 2537 6942 8568 3241 7269 1707 9362 9017 8325 471 3683 819 7793 6148 2181 2700 2962 1621 7427 4862 2133 9738 576 341 2104 291 3086 8701 5895 2188 7979 1537 2596 7316 3193 7359 3497 1310 2620 8118 6656 6276 2772 4782 8123 6493 8777 8054 4939 2249 7146 8600 2952 3031 3407 5195 7915 9621 3479 6547 4285 1143 1354 7090 5313 9030 9784 2846 1603 9551 2156 593 8626 5122
4215 4760 3363 7335 2078 5033 7277 2291 8818 9412 4308 6710 6689 7766 3027 6499 2377 7730 136 6419 5770 4808 7564 7043 4901 9649 9761 1334 8205 4951 869 8441 2616 750 4170 1230 2736 4598 5169 883 9058 9775 3095 1703 4014 0 8222 7937 4251 6396 286 7672 3923 4110 791 1511 2667 3136 7955 2521 1065 6735 9481 6405 6292 7934 9853 8019 562 9656 3217 8218 3891 3436 8295 7659 6044 4809 5545 8700 624 9679 7636 7960 8341 8348 2404 7394 4478 3926 1421 4664 8353 9148 777 6972 688 7662 206 4313 6192 264 2615 6205 5594 2312 5772 3003 8251 1753 3963 6418 5484 9257 2313 3488 6643 9268 6205 2636 8585 6479 5963 5932 2632 8554 5315 5490 9781 9426 120 9547 7785 5663 1388 1108 3006 4999 2299 5811 9667 4400 9280 4126 8026 3170 4618 9280 9851 7684
177 4903 7481 7334 9373 8101 2928 7663 8251 7832 4800 4676 9766 9865 8198 9670 5444 3649 9771 7495 9259 3858 4662 3486 2868 2723 7859 2248 8073 770 3220 1211 1291 8133 4973 3311 3153 5998 3780 7485 8641 5647 4836 5653 7983 8222 0 3243 7831 9178 590 415 895 5524 3575 1208 8889 2796 8949 7908 5568 1582 3328 8609 8371 2834 5421 8874 640 3244 6257 3198 8409 1649 2010 9073 8310 6673 7962 7734 8968 305 775 6715 3179 1040 5572 1633 5771 8281 5695 85 8894 8163 9410 5112 1099 1397 5399 1344 3384 3245 7145 8691 9459 7198 6146 79 9649 2521 7519 6246 8808 9953 5743 4933 8154 861 4215 8572 2388 4305 3441 1005 867 9433 3305 6309 8965 5715 7943 4129 8345 7852 5909 1163 7837 9763 9915 2752 1744 2618 1436 3119 5305 4906 3480 6264 1648 8523
3488 3540 7005 589 9254 6255 1891 3446 3360 7002 7844 2734 1533 6595 411 7302 6545 5439 7694 6047 5390 7556 1210 9791 1389 2395 8558 2443 1059 9617 1796 6200 9865 8517 8215 6703 5894 26 4180 945 2192 7013 5704 3220 5414 7937 3243 0 5061 7160 8711 4696 3612 2309 3309 4474 7096 8190 1264 1296 1790 6989 8412 5416 4418 3813 5710 6240 184 7647 5543 9694 315 2607 6338 8641 4453 5767 7805 8525 953 3853 6050 8149 6685 7304 2248 4492 712 1318 8196 3063 5336 6765 6649 8153 6156 5305 192 1154 3716 6364 8100 4266 4462 4785 2733 1912 6215 6747 2581 9125 2286 3182 7656 5328 8988 7725 207 7314 3063 9509 3711 8122 5198 1772 277 8632 6133 4846 7210 1928 8030 852 7625 3518 3677 9953 5307 2289 7696 4160 4264 1210 7 5807 2841 2019 8472 6048
4246 2701 8160 606 3862 1458 6893 8201 9422 5773 9438 3755 7817 4984 2456 2806 2972 2259 807 4496 5079 6613 913 3695 2005 5837 9032 3314 4367 4346 5659 889 3830 8687 5070 4841 3425 2087 1127 8791 905 9945 1122 2423 8731 4251 7831 5061 0 5686 5427 8711 3369 3164 2994 5165 7166 3071 2166 5561 5229 9573 9641 1604 1954 1467 6768 2302 9925 4700 9910 8030 7515 6169 9413 5337 4291 3958 4252 2021 7214 3613 3129 5985 7412 4159 69 9206 17 7825 6752 1678 6070 8253 5720 8073 8271 268 485 3942 4671 9522 5580 6459 1075 96 4792 6670 1923 1517 4006 6101 7864 8352 9419 8146 65 657 6006 6231 74 9277 5698 6554 9647 1871 9144 5738 2259 1456 2708 4214 7667 8340 8362 4009 5365 2265 2718 3134 3034 9355 2764 23 6172 6615 3185 1233 3794 9513
558 4110 6273 281 1087 4520 6488 830 1718 7126 1297 6558 6974 9106 6526 4444 1032 6911 4872 5335 9004 9638 2490 1100 6630 5013 662 3008 6580 9167 7647 4290 4598 6962 5706 614 4726 7997 6836 9192 1224 9285 283 9355 720 6396 9178 7160 5686 0 9645 5436 1342 7347 940 6729 4696 800 1209 2738 8262 525 3130 3083 4421 1460 6627 1801 7429 9170 2854 9125 5286 3495 964 7474 139 6180 8696 3270 3506 7729 9407 5980 5068 7795 9433 2060 6286 7907 1493 1679 466 9904 2356 7064 6011 5538 1339 7437 6160 1008 9951 5999 7837 7900 2267 5010 9866 1652 9765 6496 3562 829 712 6917 557 7701 661 2742 4473 9574 9926 6863 9723 7271 316 926 6532 2977 1356 9682 6281 1717 8039 6076 9753 4453 9683 1942 4177 2902 9257 8031 3152 1710 3209 5176 345 943
7909 3890 9251 8594 5389 2674 1866 1386 1966 8537 7601 3588 1873 8031 638 8419 816 1009 9968 8121 2304 4130 8574 2007 5806 3953 2847 6251 145 3342 9304 6541 8389 9151 5984 8630 1610 9937 5904 6641 4918 869 7713 1013 5473 286 590 8711 5427 9645 0 7301 1404 13 1395 4595 4037 3411 9848 1746 942 9288 9283 879 4723 852 4865 9042 8529 6837 4041 298 480 2918 9387 5168 1776 6487 2637 7881 7486 3452 4235 37 6329 1597 1529 331 4664 4069 7244 6238 3383 9756 144 2869 3801 5779 4888 6404 7766 1434 937 6743 2529 8473 6698 8847 2905 5530 8685 3737 3301 1194 2630 8055 4952 2263 8729 9338 7144 7484 7582 8810 7091 9797 4659 1216 8225 9299 3252 7683 2090 3675 5377 7496 5894 9211 2852 6081 1317 6439 5326 1630 9378 6708 3812 3617 6900 1745
5429 8109 8781 7500 499 5750 2524 6774 5427 446 5977 4295 3937 5665 4739 4354 9005 4880 9357 8013 1328 8734 6595 3227 6488 9106 852 4969 365 6600 8920 7122 1680 5003 9908 691 5811 4600 4728 1203 4939 6182 8396 8471 3826 7672 415 4696 8711 5436 7301 0 1308 490 6341 9113 6360 6285 8143 7268 7843 4864 2353 5269 6566 3880 1579 270 9718 9165 9977 8252 6676 5435 4394 2276 2601 4362 8995 5814 5648 1744 4288 1888 6192 399 9731 9278 7344 5141 274 6789 3631 6207 1209 5546 3862 2457 8660 7714 6033 3140 1223 2695 1470 4352 7096 6377 6837 6692 8146 8109 458 8635 4114 9044 9004 7658 9939 6668 5422 3887 2089 2157 9116 2292 7740 9827 3248 122 4379 7705 2510 7346 5302 4146 3175 5298 9084 4612 5333 9500 9030 9638 3127 3815 4638 1804 9265 4063
9717 8872 8225 4379 1076 9613 3433 1231 1570 515 4210 8898 2236 2646 7945 5173 2538 3610 8235 6056 9643 2419 2625 3222 5888 7545 6512 9746 6958 9633 7682 548 1988 9116 9917 8459 6154 3709 7223 7823 1279 2335 9681 3270 2224 3923 895 3612 3369 1342 1404 1308 0 4979 1277 4833 3841 3131 1284 9754 4292 1806 8036 3563 4074 2479 9563 7499 5025 4836 7236 1894 2739 6853 577 3409 4418 3756 9163 1391 7172 3506 6225 9059 22 8706 5666 2891 9745 9699 7028 9869 4357 7551 8003 9491 3561 9328 1433 3281 9471 2776 3760 2867 2156 1264 75 9694 9192 4537 745 5253 1804 9597 2584 7495 5340 6136 651 5608 9485 3361 5910 9069 2297 3074 7897 9932 9488 6000 7999 108 260 9627 8125 624 569 8505 3554 7395 1354 8841 4634 6286 7756 2444 140 4699 2588 8108
6720 2881 1211 542 3778 4415 4850 304 2809 603 2157 8879 3105 2783 6031 6990 3840 9246 8181 4766 600 1749 2888 69 3918 6324 2743 8130 7396 2432 3481 6952 3015 774 9065 2787 9085 5789 1083 9605 9991 603 9304 8673 2034 4110 5524 2309 3164 7347 13 490 4979 0 4786 6404 2255 2493 1443 3116 9881 8388 4868 7555 2841 7816 7557 7936 5117 7976 5212 2852 3764 5141 9358 1836 1847 6364 10000 7246 6728 4628 9475 5303 8151 7837 1536 9584 7182 2870 8551 9052 8427 1596 6600 4468 6905 5640 8824 271 8946 8595 2142 4626 7104 4413 1784 8380 9174 7276 2399 8090 4903 6656 5518 5048 9403 2278 97 4521 9004 2137 5142 6468 6483 5939 8324 3232 3580 5472 1496 660 3382 694 2074 7357 7131 9761 6024 2120 9514 9492 6181 6549 8170 4474 5773 7419 1786 7977
