150
0 8858 3780 7989 3212 9782 9237 8061 2351 3167 922 65 3397 9060 3334 8275 631 420 3691 318 4495 4149 6488 3892 7060 6670 1040 6808 7674 7083 3652 143 2354 9684 9166 975 7719 8152 6145 6849 2108 6868 9205 6036 5113 4469 703 166 9789 6895 6327 6959 7611 5885 7701 5412 2287 3738 9412 8566 2959 6023 2802 5682 9308 2547 6589 7383 1165 8662 7502 4714 5227 9462 1286 4650 360 3065 4979 628 7061 8829 5561 4858 122 4973 635 2213 2024 1196 552 2543 6783 7214 7102 1966 574 9609 5088 1917 9116 2105 392 1615 7227 8172 4077 3597 5886 6717 8035 7267 5948 3974 6394 7757 3116 8427 668 7217 1143 6936 1641 685 8676 9712 1541 5702 4451 9077 148 9111 3600 1740 624 6528 1910 7102 5059 6099 4230 7932 8165 3377 5153 3606 4483 8878 5097 4599
8858 0 8621 6610 2287 4786 6056 7847 4022 6593 6149 7935 6092 2191 4414 6757 2451 7817 6897 4403 8712 7361 7773 4688 4935 4782 9263 1908 5440 7543 289 8583 9493 9208 8439 4199 8074 5060 7600 8104 2878 7190 9494 711 5394 7957 7794 9912 9309 7648 6760 6346 6060 3963 9157 9142 5902 1917 9422 6014 4850 951 1819 8598 6182 5969 218 8712 4013 736 5106 7368 6949 2271 6858 9855 866 380 8359 8987 1420 8551 6469 4120 5300 2204 1201 5049 1024 7087 2939 3682 1780 5885 6924 9329 2944 212 9300 6293 3841 6140 9643 4216 9599 152 9057 9494 189 8495 3468 7751 5198 8753 9871 4380 2240 9909 1128 5441 806 1959 1110 9357 6882 4618 2966 6209 6276 5456 6706 1153 1321 9540 9372 4045 2231 1949 5347 7250 8021 8304 3071 3114 4532 9348 2248 1789 9967 5738
3780 8621 0 6249 6350 2716 4865 9249 9123 6172 8260 592 3519 4460 7702 456 7681 6757 5458 7970 6485 6543 2574 3465 430 4577 2638 1016 5749 8591 7505 3462 8676 3431 1823 4686 1989 5339 8867 6576 4002 9670 6430 540 3148 4269 4835 5699 9508 4155 6137 3893 8871 6007 5543 672 7074 8117 1126 1369 6532 1101 9077 6634 4636 709 5239 7762 2795 4260 8181 9281 2449 7348 8267 6802 2561 7609 6521 1977 5511 2545 2370 6878 3161 3980 8562 2871 4934 9364 3970 3183 8182 2409 8457 5075 7463 4002 6499 5339 402 6109 4768 6498 7561 4205 1076 1932 7153 6542 9073 6202 2082 3094 3625 7267 4708 7506 2608 4514 1138 559 7787 8553 4944 1783 7479 1134 6011 2793 1714 5155 3257 9009 3306 3642 5093 4652 965 9906 8904 3177 6080 2542 2189 1917 5571 4605 479 6932
7989 6610 6249 0 4234 464 852 3096 1021 2853 3771 7578 1754 4939 2388 9303 7871 2137 1167 3824 8762 183 5202 5130 9887 1203 9787 2405 540 8181 6911 7059 8468 4000 2898 7497 4389 9063 2751 9994 9910 2712 8125 1457 1559 9201 3299 6786 2149 7389 3558 4921 2354 9193 9993 677 437 6293 6286 2529 6661 7724 8644 7597 4390 3017 5847 6728 3002 1637 6414 251 1647 4367 7765 7492 765 8926 4757 4224 9597 5305 8776 4921 6922 8979 1684 177 9894 1251 486 8638 9106 798 1381 4277 4078 9727 2209 5777 2658 5667 890 8566 9419 4605 1683 3382 902 6941 4499 2726 8165 6108 5713 6656 8034 1655 1929 197 9714 6308 3014 3477 9829 2310 9787 2321 864 8909 3055 8243 9302 2922 7346 2231 7063 8348 1053 140 3300 1385 8010 2087 2777 33 580 9513 5278 9124
3212 2287 6350 4234 0 9937 5414 2451 4756 6524 4642 3855 5946 744 7920 3360 5245 8555 5262 625 909 1371 9090 1626 4860 2376 5498 4797 3638 6729 5772 866 7394 3193 6843 6633 2525 2591 5840 4896 3043 7120 3776 4307 6102 6633 900 9098 2885 9728 6762 388 104 2360 6120 5644 2434 6779 5210 3728 4187 2169 1976 9972 5324 9673 2301 1252 2196 7023 553 6074 5536 1103 1696 5497 4401 4360 7478 752 1910 9597 1804 4729 4775 3637 8557 2667 1540 6700 6855 3585 6756 391 9470 3853 1341 9112 8154 7893 2253 1702 6607 3026 29 709 3430 711 6115 9499 3282 9176 4849 1932 3013 7595 663 2813 5397 6611 1929 352 8399 8740 3788 6514 2798 8526 9623 7855 1553 862 7498 2341 1614 6127 3230 7776 6043 3667 2126 8856 9849 6545 3237 809 4009 3189 3643 2459
9782 4786 2716 464 9937 0 622 4321 2388 9916 1863 7004 4585 4516 3949 6717 5919 8320 2709 3073 1272 6253 9568 9067 5918 2526 218 2742 1208 4980 3151 4962 9726 8830 75 2629 5667 9609 6558 5354 3326 3889 2040 6102 9779 8841 5961 178 3437 5710 2233 7638 3989 9257 9417 6233 9086 666 5163 2713 5896 8984 3444 951 2547 2844 2270 7180 9994 6233 660 2058 5827 4543 1712 9112 1512 7398 9949 1264 6255 9708 4996 7235 4838 8466 8602 8053 4243 3230 6809 292 1487 2444 2104 1766 4851 6462 9255 2078 105 3440 1441 7271 8853 200 8978 954 6122 7129 3961 393 8470 5932 4206 8181 8956 7117 1406 4817 4901 9229 9775 6186 8063 4453 681 7243 2249 4298 8918 1580 2747 2834 6431 2074 5549 2610 3190 6750 626 4233 9813 3693 4123 5235 6132 2077 6753 9099
9237 6056 4865 852 5414 622 0 7479 7991 7751 2595 9065 1922 8485 8316 1058 4316 6526 5131 6556 2016 3123 757 6788 7114 7582 3075 9813 6483 9617 4513 5678 1971 8743 387 481 708 1769 8462 4431 4602 2426 2237 3861 6075 3819 6122 6543 4073 7485 4580 1905 818 2751 7573 8534 8842 3069 2784 547 5480 2200 840 5526 7517 3503 4550 8975 4814 809 4858 1502 4426 9619 8728 5060 8989 3055 8380 2592 7053 8395 3736 8208 1064 5541 1556 1302 5819 5577 9758 1083 1421 1007 2508 5015 4886 1952 8364 393 2681 9514 9752 6427 6739 3372 916 1063 845 9325 9245 8837 1079 1434 4972 8042 1146 7916 4962 7197 2672 768 6346 2926 249 4119 7119 5094 3904 4594 7510 2423 2411 173 1585 2311 708 105 9057 8199 9044 1354 9153 351 1597 4340 6434 7054 1313 3386
8061 7847 9249 3096 2451 4321 7479 0 6742 2251 4010 2596 1694 2582 6965 2291 6580 5470 4336 7969 6708 467 7926 2246 2756 9642 60 4268 6956 1220 919 4050 7572 836 9048 3207 2004 5073 5247 2936 1009 9140 1912 7107 0 803 3930 9749 3918 292 4966 1212 6478 220 7925 9529 3518 5348 9569 7803 6044 2318 6375 3038 1014 4610 8594 6893 1516 1405 8204 8591 6474 3071 8589 6555 3924 6316 9698 6945 721 3439 2837 4872 5630 8257 8052 9463 7237 6162 6888 7480 2255 7395 6847 4108 2063 672 3565 3343 3510 9195 2856 3455 3598 1565 3017 7307 709 8287 1930 2457 1633 4286 1115 5710 153 2214 9050 3397 874 8260 3104 7015 229 5243 146 9734 8037 9355 3296 2843 5299 1430 7449 5334 1254 2523 2488 3881 1089 7547 7749 9356 4288 9795 6701 3671 1115 2985
2351 4022 9123 1021 4756 2388 7991 6742 0 2258 3088 1100 7482 4339 1429 8690 7083 7814 2047 472 4801 4990 910 9548 780 5236 8501 2962 4708 4475 5192 1895 7723 3605 5449 3449 4813 295 7542 6213 9595 8731 5276 3206 7053 2107 4831 7869 9165 3 2687 5096 4662 3424 909 729 1489 8388 1181 2798 8018 8557 9137 4428 9558 5016 1521 2549 2015 353 2714 9632 183 8558 6916 3469 7756 53 3618 373 6965 5091 7289 1118 8771 596 8153 5879 4404 1781 2847 725 4453 8044 4283 5879 4014 5725 2801 9651 7134 2320 2415 7365 3483 6624 2325 6735 1682 5531 3608 6533 6223 5742 8342 5847 8872 8269 1712 5564 4025 2233 2319 627 6273 4664 6993 2752 1363 1380 7929 9441 4478 6099 2399 8875 7589 2211 2149 7919 2346 8475 5835 2378 3332 9376 6435 5252 8506 8453
3167 6593 6172 2853 6524 9916 7751 2251 2258 0 2466 6154 4403 3511 3103 1426 3543 9842 6774 1462 348 7651 6573 417 6782 6123 2819 8614 8109 9711 1525 655 1365 7697 3919 3420 3168 7503 7220 1872 7773 1840 3618 5759 5811 2147 3420 1782 9028 6577 6105 8045 8539 3186 8597 4815 2249 1075 1281 374 6148 6307 3354 3348 1139 5467 2692 8405 1760 9109 723 356 5519 8323 225 6847 4396 1378 1684 9459 2138 736 350 1653 1105 1138 663 8346 4153 2018 5879 9147 9998 8951 7478 3363 9851 4503 6999 527 6577 3449 4807 8436 575 3780 6859 32 8514 1014 7386 4814 6641 5159 3729 2823 4957 8732 9659 8412 9096 5338 2539 5843 5622 5438 5187 8224 7725 4780 2558 1534 4890 9943 9615 2475 3330 5269 5337 6540 4365 4673 7166 956 4991 5245 2942 8473 9405 7438
922 6149 8260 3771 4642 1863 2595 4010 3088 2466 0 5382 3709 8268 9918 6101 7631 2695 6065 6586 7547 7712 9917 2994 9723 8997 4186 1722 8568 3349 9564 2609 7884 7459 9657 7935 1584 3239 8252 9869 6398 901 9006 8435 4984 3600 7612 9044 9710 9514 8323 8592 4460 4651 2169 8829 434 4831 4495 8543 8626 5497 6841 9461 7217 9630 8196 1945 8767 4262 7625 5666 8650 4082 1522 6624 8914 1776 740 7675 5447 1171 6291 4496 9540 8437 1943 2911 1290 7542 3588 9976 3129 7073 9543 811 7504 6862 4319 1397 7686 6521 5322 2726 3454 9444 5560 5619 3323 5934 9632 4914 484 6570 2226 7648 6740 6164 712 6974 9168 3835 2155 3146 100 7662 6366 914 5603 6081 1785 1844 10000 1726 5258 7985 1567 8402 374 4975 8805 4986 5753 4076 5839 5844 5218 1183 2358 3488
65 7935 592 7578 3855 7004 9065 2596 1100 6154 5382 0 6765 3231 4800 3357 5418 7521 765 3727 806 6431 6608 5604 8629 2471 7894 8678 8947 8449 1544 2253 9314 740 8452 5317 2202 7324 3498 9093 2036 8193 9738 2568 3091 8174 9529 7686 4481 6434 2095 317 555 7871 2766 1899 3630 1055 9571 5554 5232 9847 7205 8138 7599 158 7928 9551 3277 723 383 1833 108 2107 2791 3794 1756 559 1708 9749 1261 6205 2338 6880 3678 9050 5514 8341 5083 6752 4582 298 1420 6216 1465 7795 1335 3459 6792 6092 5777 7108 9792 5637 4034 7736 8771 2121 1074 8721 9584 4680 824 2441 1596 944 3772 741 8752 9530 1188 9874 5048 3154 3677 8360 1405 6022 5198 6347 3566 6362 6542 2516 2016 398 7321 5967 2364 3569 6734 2679 5952 7065 70 5947 1401 777 9147 3068
3397 6092 3519 1754 5946 4585 1922 1694 7482 4403 3709 6765 0 9691 9115 4310 7096 6434 4689 7081 2889 4138 4533 6333 2595 2827 2423 5827 5555 7796 8349 1323 5596 6650 1903 5489 2183 3794 2655 5004 1709 5283 4701 1300 8780 6892 9176 5925 403 1662 1494 577 8076 8844 5956 5451 3302 4682 3187 2036 1468 1797 6840 4827 7186 2207 5204 6064 4364 1698 9953 6810 7271 6699 4053 6139 5286 8871 3973 2936 3731 403 8016 1413 1697 4967 2948 1614 2921 7234 2697 858 8605 6102 1887 6430 6325 9727 9357 1832 3255 1067 8204 2060 6707 4016 7625 6058 4148 9408 1788 2137 7393 9333 9394 9767 8204 6112 2639 3279 9921 6904 3529 5747 328 4238 773 3870 8048 5889 5217 1142 2766 4814 2072 3840 7496 3393 9878 5539 6075 8426 6932 5224 5853 699 361 6023 8726 4007
9060 2191 4460 4939 744 4516 8485 2582 4339 3511 8268 3231 9691 0 2100 401 7649 3265 7145 3833 298 5931 1310 8655 3106 590 8279 1708 698 4750 788 6134 5876 9928 4715 8539 5507 1396 8626 6133 5551 4427 3184 9217 7631 4945 5214 2313 7400 2074 8127 4176 5395 746 2204 1701 9602 1079 4518 7658 6526 9882 65 6023 886 3211 1134 7237 3141 2160 9314 3947 8961 7532 7151 8331 1410 1983 3502 8517 2153 594 5001 7308 6186 7632 6422 9907 8977 8848 594 1557 5401 3858 3162 6733 158 8881 3421 6048 9406 3714 7726 5745 5211 1215 239 1049 2655 4273 6481 894 1175 8212 2304 6219 5883 7367 2921 6844 967 3 9264 7334 9225 3030 897 3976 9975 783 4594 6686 6165 1929 502 2876 7673 3189 2977 5478 5524 6645 5801 2688 4788 6950 5042 32 5656 9744
3334 4414 7702 2388 7920 3949 8316 6965 1429 3103 9918 4800 9115 2100 0 9987 288 6376 6337 1795 592 7086 7225 4219 9321 5501 3238 3929 4435 3391 6456 4519 3471 9378 2705 5618 9708 3368 6051 3095 2970 9129 2482 9479 7938 8951 6730 4472 7500 4038 7979 6282 7870 5821 9196 7155 2283 363 1700 1086 5256 2377 4182 3661 1473 4974 7854 6368 1278 5191 105 5640 7069 4589 736 5439 6187 5694 1306 9809 7183 9468 7520 2269 4391 7873 264 1772 710 6401 1445 3198 2221 4196 4857 3729 7857 3473 3155 300 8379 7432 7503 2448 3296 4885 2496 9854 9249 7347 6946 5416 265 6209 9299 3983 1488 14 2289 84 5088 7710 6199 4170 5688 1936 9990 1099 9005 3300 7181 7112 98 8249 6760 5435 8475 6398 7905 6313 1327 901 3157 3183 9922 9936 5932 5485 6421 2782
8275 6757 456 9303 3360 6717 1058 2291 8690 1426 6101 3357 4310 401 9987 0 5095 4665 439 2786 3811 7656 2243 9371 3023 4210 2737 5293 6660 1589 2938 2261 7254 6186 7700 3280 8376 5742 3274 2134 8283 9233 408 1312 53 9897 9937 3123 5283 378 6113 7662 6107 6668 8747 2642 746 5367 8730 5975 3881 8542 9315 1614 8922 9028 927 895 4952 6005 6696 3008 5495 1372 8972 7708 626 5139 7861 9860 9883 8411 3332 501 8374 3930 7693 4988 3330 1689 5080 8001 6985 287 6837 6659 9370 88 8932 2547 3709 4450 5388 2659 6066 948 6396 1021 1862 4624 8567 2520 7892 9672 8702 8781 2591 4415 9152 167 787 9933 9337 1177 5310 7863 8935 2484 9538 9866 1295 6951 1005 4524 5484 8348 5055 624 329 3308 2602 3135 9147 3381 2575 7780 4453 9040 2087 8606
631 2451 7681 7871 5245 5919 4316 6580 7083 3543 7631 5418 7096 7649 288 5095 0 6765 9675 5043 6569 2519 5624 6759 278 2409 3278 8793 4149 3795 359 9017 5489 1662 6412 8303 8651 3747 1984 1524 5905 604 5842 6759 1886 2248 2270 7177 8679 6427 6911 4647 3675 5585 9625 7997 3407 6563 770 2141 2812 754 1649 6952 9001 4123 2116 5649 2500 529 505 4946 2737 4345 3311 4342 5265 4899 7570 3930 6370 9237 808 5899 3301 4581 7848 4971 794 7007 9577 2228 1976 5946 524 1497 8461 2264 1629 6692 9081 3153 5227 5403 7412 3981 2884 2992 8411 3808 3564 6587 9666 6615 4769 5429 2625 8676 8288 9913 8889 8926 2541 5434 6893 8267 4865 2681 5089 9774 8628 6280 6331 8078 7822 4258 5271 2501 5766 7077 5277 3313 3913 4229 1118 4609 3154 4391 1389 4472
420 7817 6757 2137 8555 8320 6526 5470 7814 9842 2695 7521 6434 3265 6376 4665 6765 0 9693 21 4179 9244 3775 8365 1809 8542 4174 6408 646 1342 2610 4044 8419 2321 2786 3125 1290 4002 5132 4076 2425 7418 2074 7559 6797 4843 7167 9867 7956 4814 5550 9164 7657 8066 6762 6454 4097 4892 8541 3116 3988 8533 6924 1385 8130 3632 3732 3458 593 4515 4101 5243 3796 9410 4595 4040 5559 1875 1722 6177 9329 2904 2421 7127 4110 854 4712 9744 1381 3309 9546 985 2833 9545 9206 7312 435 3257 3165 5872 8203 4056 3439 3275 7049 704 8332 4709 714 5104 8571 4469 8949 9707 3906 7430 6582 5531 4366 2429 9780 937 6979 4525 3463 6545 4339 9785 1253 2522 9133 221 1757 8044 3868 9328 1415 8911 5979 4824 9612 4868 2500 4914 8690 4512 4680 9326 7180 1528
3691 6897 5458 1167 5262 2709 5131 4336 2047 6774 6065 765 4689 7145 6337 439 9675 9693 0 6256 4688 3939 8102 4507 4626 9010 6305 6352 7409 9967 9327 5694 6149 2725 1495 978 4973 4242 905 5828 3912 7907 1234 2134 429 2306 4813 6654 9215 5625 6704 5676 9398 5078 3793 5937 8529 3705 9779 8302 1286 4280 6292 2032 6921 2179 6153 5506 2434 2758 4179 4348 4934 5832 5631 855 8327 1523 7183 4618 4082 1241 3363 3048 3782 5803 6150 276 807 9148 6954 6664 3918 4978 9162 1236 8288 4755 1611 4789 8863 9466 848 9118 8393 932 5833 527 220 4578 3932 8591 4035 3341 5447 386 9054 9669 4060 5470 1352 4368 6015 9670 6627 4639 9864 7277 2689 3080 3023 5184 8436 15 448 9997 2097 6609 8717 5798 6235 937 3977 5214 2322 3868 4805 555 2715 1984
318 4403 7970 3824 625 3073 6556 7969 472 1462 6586 3727 7081 3833 1795 2786 5043 21 6256 0 6232 5751 694 9607 446 9966 8501 4001 1839 7668 7407 5448 739 4905 2942 7415 5413 5591 7938 5703 4968 5190 4247 1008 6036 8483 2617 2426 6435 9337 1999 7201 5371 3985 523 9174 6256 2986 1788 8926 7490 8361 2394 2232 7250 4516 8251 6628 6134 7632 4003 4283 3267 3985 2305 2179 5091 7955 8880 335 2249 8974 4430 9342 337 6573 6840 4935 7291 8377 1928 2897 6053 7426 832 5560 593 961 2151 4128 3477 5260 8531 3258 2648 2490 9040 9361 9633 2111 1823 59 3843 2122 9387 9713 9389 1343 6182 5254 9548 8807 9614 7932 3938 4486 6719 6084 5234 2519 1304 7389 9659 945 553 6297 7132 8875 4568 4332 252 752 6635 6502 6518 8811 1216 7392 9833 5078
4495 8712 6485 8762 909 1272 2016 6708 4801 348 7547 806 2889 298 592 3811 6569 4179 4688 6232 0 7344 1715 9877 4254 87 6331 3286 148 6293 4349 8911 9242 6706 6219 4566 3142 9008 2786 22 6961 9304 4906 5043 4381 607 6976 621 8023 9386 2873 2046 8035 6551 1378 6018 6262 5806 7991 1030 66 895 9762 7613 8880 1821 7426 1838 3897 2180 6262 5688 7436 6070 1716 5934 2485 9447 3916 6669 4575 4039 9551 6767 7654 4522 3682 8046 2419 8166 7826 2150 6833 8340 4155 6524 6077 7174 7356 1221 3819 6509 535 9159 1211 5713 5484 7315 8548 6119 9836 5204 4646 6170 4887 1118 5725 5421 9518 8706 1736 1512 954 2300 1323 5727 8350 802 3640 4134 9168 3107 550 5772 7398 8280 5424 3046 3530 2074 9433 8060 7660 184 1864 4966 984 4938 7421 5185
4149 7361 6543 183 1371 6253 3123 467 4990 7651 7712 6431 4138 5931 7086 7656 2519 9244 3939 5751 7344 0 996 3195 2929 1316 384 5369 1908 1562 1987 7097 9420 494 8468 5394 3057 1899 35 9607 744 6775 7918 621 2516 4352 4361 8266 7829 3547 9779 3912 2292 7010 9560 7830 2595 2459 3580 7826 9069 2647 5406 2614 5705 3699 5782 6615 227 6470 2234 1122 904 8002 228 1952 8853 7665 6682 4435 3337 9026 5857 4522 8429 9584 7662 1175 457 6654 6674 1614 9777 8089 8123 6565 7061 9161 3314 8182 5162 3513 9207 1245 8383 1241 8228 465 1254 8382 4815 1502 6162 3734 1940 6304 225 3785 1222 8168 1140 8270 326 7712 3469 797 483 9844 9014 5247 7190 239 3439 1548 1979 5507 1057 3579 9681 3470 6755 5820 2038 825 7945 3824 8728 4377 5674 9172
6488 7773 2574 5202 9090 9568 757 7926 910 6573 9917 6608 4533 1310 7225 2243 5624 3775 8102 694 1715 996 0 5125 335 2086 2188 4636 5059 4753 7293 7011 8568 173 1048 8420 4298 9227 3395 6631 1682 4335 1071 8459 4552 2630 9437 8271 5172 5400 4733 1386 7462 9880 8090 2498 8770 5692 2163 6417 7210 5116 2829 1853 6822 5120 2284 9902 2548 9267 573 1637 6115 3003 5755 8541 9742 8290 978 8693 1714 7522 9548 3236 4673 9628 7611 5541 8311 6671 9630 8379 6611 1354 9548 191 1889 4329 6185 72 2224 6977 13 7837 352 9163 1107 7601 5263 2911 5272 2996 3402 6997 3741 3315 7447 1808 4941 1606 5181 7788 5164 4495 1395 7242 2805 8680 813 2867 9791 4646 3036 5670 9210 3964 2482 1424 6039 4858 2651 5720 9486 5797 1929 940 4499 6729 2894 6575
3892 4688 3465 5130 1626 9067 6788 2246 9548 417 2994 5604 6333 8655 4219 9371 6759 8365 4507 9607 9877 3195 5125 0 921 9777 2582 5997 6147 936 2351 8587 7985 9362 8671 2853 5318 8337 5884 318 9593 4180 6861 9512 4257 3666 5464 3913 8474 7521 9940 8256 147 4394 6035 2204 5468 1789 3968 457 6464 5754 9015 8521 2847 4949 9404 7920 2543 8381 9087 6630 6855 4303 3866 2705 7499 9682 1701 3824 4887 4487 8077 816 1101 8545 9926 7129 2214 4101 3235 3209 4434 4926 4633 8505 2545 9375 1508 7862 2499 618 1908 2812 2460 7415 2507 365 3092 6634 6533 6920 4455 2708 9829 6066 6778 6323 8663 7485 6084 2378 8080 4545 3783 2894 9494 9312 2474 9726 4713 664 8724 2536 647 4858 3431 4299 4786 5942 5028 9621 8407 1153 6202 9833 5697 7933 7995 228
7060 4935 430 9887 4860 5918 7114 2756 780 6782 9723 8629 2595 3106 9321 3023 278 1809 4626 446 4254 2929 335 921 0 5819 906 7204 8735 3325 2858 7920 232 4065 370 8798 928 2892 4283 6256 8238 3672 5302 8219 3317 4877 5821 4166 363 7629 7922 6394 194 2617 9199 2407 7253 2331 3586 8565 9058 8538 8214 594 5968 5179 1200 556 8986 3911 2154 3596 6885 8139 2084 561 3779 2791 6613 1905 5582 5153 6679 8948 9862 1252 6725 4716 2557 6907 73 4039 8121 3343 9939 8183 4620 350 6271 6972 804 133 1693 7713 9672 3758 8343 7738 627 6947 4682 2646 766 8990 8307 4719 9153 1547 297 4099 8002 5839 3662 4198 4841 8325 2647 6331 7713 676 5750 5043 4284 6693 3492 4410 6311 2335 9054 4195 474 8316 2307 9550 7534 4717 1592 2959 7104 4529
6670 4782 4577 1203 2376 2526 7582 9642 5236 6123 8997 2471 2827 590 5501 4210 2409 8542 9010 9966 87 1316 2086 9777 5819 0 5349 4241 1486 7771 606 7203 6367 797 2380 2296 8257 8036 2837 1507 9529 4539 7118 2021 252 4675 6196 4067 4663 8479 4752 3661 9902 5975 6218 9225 3721 7740 450 8800 3348 8549 1952 1332 823 3333 6445 3111 4879 663 8308 649 3168 4832 4931 6550 6789 5884 989 5751 4584 9482 1096 5686 3510 8790 6423 2908 9430 1728 1807 7616 3198 1957 6008 8144 2124 8563 7362 5825 6907 4647 2257 4849 5300 2848 9905 2247 752 3833 5602 3494 5477 8916 6740 5267 6189 3339 4690 1935 7605 8771 1114 4820 5732 9571 3780 5964 3131 5492 3181 9529 9077 2361 271 489 2385 4370 4836 1018 951 1311 1473 9136 1898 552 3850 6339 1105 997
1040 9263 2638 9787 5498 218 3075 60 8501 2819 4186 7894 2423 8279 3238 2737 3278 4174 6305 8501 6331 384 2188 2582 906 5349 0 625 6895 5407 488 1056 6591 9233 9603 1616 8821 778 2330 8599 4954 9947 3309 9341 3029 2083 5630 6435 691 381 9053 456 9717 619 7301 4311 2619 2778 6949 3919 6694 5111 6964 1816 9749 988 9161 8033 2812 4153 5147 1960 766 200 9225 647 7350 5498 5075 325 9518 3332 5213 8749 4927 3142 4523 8379 9015 9757 3918 669 1823 481 6412 2311 1521 460 3036 9657 5677 2821 3550 8723 2674 7866 282 5051 9290 3989 2632 8663 4411 2562 7140 3066 2278 1605 4708 7475 4885 9856 2838 2015 2259 6159 1201 6388 8457 4121 2981 1885 5189 7257 3482 452 4884 3203 8918 9144 8546 4378 8192 5722 4511 9784 98 3707 7048 5308
6808 1908 1016 2405 4797 2742 9813 4268 2962 8614 1722 8678 5827 1708 3929 5293 8793 6408 6352 4001 3286 5369 4636 5997 7204 4241 625 0 6273 4515 7092 8555 5019 1469 7627 4395 1698 9440 3244 6557 3024 1679 2189 4657 8454 1068 5875 3049 9361 5463 2244 4585 4931 5628 447 7940 9390 1960 7175 8244 2492 3586 8964 2068 6178 1286 4529 9805 1947 1427 5284 9904 8750 2268 8798 7180 5375 1883 2921 2192 1235 6655 5722 3677 167 8247 8957 6328 345 4023 7875 3155 9034 5415 295 6332 5208 5020 2290 4423 5803 9643 4574 2139 5462 2917 2111 6255 4248 4321 4882 7601 6180 6088 2310 7166 2402 6028 7216 8586 1128 8082 3013 2061 1144 6763 6508 9927 1870 8691 1806 9886 7079 2094 9506 789 8501 9947 1140 6989 3785 1667 9588 8934 2696 3239 2650 6135 8946 4674
7674 5440 5749 540 3638 1208 6483 6956 4708 8109 8568 8947 5555 698 4435 6660 4149 646 7409 1839 148 1908 5059 6147 8735 1486 6895 6273 0 5359 8875 4217 8877 3648 6763 7307 4387 7334 7203 8600 7091 7289 8946 8157 9167 420 3676 6358 2530 3538 6032 23 8705 8665 8024 1315 4832 5849 6591 9207 4221 2797 5995 7033 4865 3010 571 5123 5153 3894 5931 7497 9283 3412 7180 8617 5757 1412 7836 6480 2304 4264 4456 9147 9959 6414 4912 9281 4151 9222 3077 3767 6637 7568 4723 6272 7263 6981 2192 9457 7827 3471 6957 8940 4914 4105 4820 910 7168 8182 9977 1944 5767 7917 4716 3414 5734 5298 2018 9825 7784 9898 1170 1979 9856 9952 7317 5606 5078 6401 1357 3330 2007 9937 5338 3486 9801 3355 1656 5909 7207 935 1560 6640 6288 3324 2365 5749 881 3551
7083 7543 8591 8181 6729 4980 9617 1220 4475 9711 3349 8449 7796 4750 3391 1589 3795 1342 9967 7668 6293 1562 4753 936 3325 7771 5407 4515 5359 0 7989 1723 909 1790 5333 1388 9047 2290 417 8350 8021 449 39 4640 8101 5448 3645 2376 191 7902 8623 6567 2195 6485 1515 2990 5282 3465 3481 4062 7088 5735 2960 4948 378 8106 8166 8903 900 9946 3071 2672 1197 1360 7913 9137 8532 8601 2737 2234 9924 506 8869 5307 9590 8788 5956 9231 3913 8607 681 102 7228 6939 6593 1569 3635 69 3110 1818 4883 554 8640 1630 3374 9504 803 4808 6363 4257 3947 2779 9461 2231 3319 3715 1652 1548 3155 261 5605 5000 6142 7207 8020 3110 2798 308 6093 7308 9257 4771 8453 2336 7408 2367 4168 7122 6912 1232 5792 1823 9791 6161 6288 3792 5260 2301 5858 3335
3652 289 7505 6911 5772 3151 4513 919 5192 1525 9564 1544 8349 788 6456 2938 359 2610 9327 7407 4349 1987 7293 2351 2858 606 488 7092 8875 7989 0 3237 2896 821 444 3857 3697 5244 9915 6585 3221 4314 8595 7102 1686 1912 9902 4076 8986 2948 8494 2299 8998 9922 7924 8081 6126 8617 5086 846 997 192 2778 413 1555 6068 2163 1117 4672 5546 1792 4404 9265 7867 4914 5839 9025 4955 6691 3560 9008 1082 4897 8581 5853 4627 7025 3502 5368 7804 4898 6979 8776 1743 4291 1077 7604 1390 8382 375 9334 4138 4475 7315 1628 2221 1143 4288 9168 2543 2217 5556 5675 3659 6211 6658 8431 2944 701 7455 4024 2748 3942 709 1762 5541 2854 4592 4590 5499 5385 1824 3101 6453 5737 9194 2103 7614 2827 1476 6208 75 4222 8221 2175 1376 6208 1757 9523 4341
143 8583 3462 7059 866 4962 5678 4050 1895 655 2609 2253 1323 6134 4519 2261 9017 4044 5694 5448 8911 7097 7011 8587 7920 7203 1056 8555 4217 1723 3237 0 2842 1997 4874 993 5932 9087 3765 5923 6051 7829 122 9718 3574 9009 5841 941 8898 6859 6378 7516 8814 4550 7061 6110 1549 8711 9002 4453 3177 5185 9879 5953 6108 4020 7123 4333 4142 3951 9266 1956 4150 7900 8889 3414 7229 6664 4809 5382 5141 4620 4140 6894 3691 3235 7257 5910 8667 1892 3768 1237 6367 5204 2607 4378 168 2947 4132 4562 7604 7790 9423 4792 4384 4998 74 2097 3784 6953 8693 2608 2343 1176 3053 1192 5654 3951 7462 6332 2080 5000 3427 3503 9952 5727 586 6061 5655 3104 3434 817 6577 1472 4584 269 4467 8370 2880 2790 8230 1722 9433 5076 3825 9433 4563 2827 542 8822
2354 9493 8676 8468 7394 9726 1971 7572 7723 1365 7884 9314 5596 5876 3471 7254 5489 8419 6149 739 9242 9420 8568 7985 232 6367 6591 5019 8877 909 2896 2842 0 2125 2550 6854 4242 6218 8813 2940 6141 1715 6815 9902 8358 3289 5542 2791 1357 7960 9196 5730 6146 5625 1480 4880 892 9600 6378 1631 420 255 9152 6910 7486 8193 3054 1255 3537 1218 3971 6793 3116 7776 244 1386 2658 7156 8168 528 8979 6881 2109 8132 3448 4803 7507 6860 9542 7049 2190 7822 3996 2145 6266 4296 9636 2543 2327 2925 6206 7421 5277 9909 2624 1697 667 6707 7373 5963 9683 6520 2297 5698 1451 6189 1767 9192 6789 1185 6666 6903 946 4887 1329 8671 7602 5010 1822 4062 8619 750 6677 8155 3587 4777 5402 8907 6439 7850 1777 7289 4165 2673 6168 1836 2638 642 8669 1288
9684 9208 3431 4000 3193 8830 8743 836 3605 7697 7459 740 6650 9928 9378 6186 1662 2321 2725 4905 6706 494 173 9362 4065 797 9233 1469 3648 1790 821 1997 2125 0 2211 305 9594 6033 5306 2845 7522 5408 7008 8454 2065 3370 9339 7012 4666 6732 526 929 3211 4337 9815 9168 8181 8206 6140 7005 494 4654 7246 9091 3301 5603 3991 2439 5613 1052 3568 3113 5886 6471 4547 3153 8556 9500 3673 5101 6633 6775 6091 2184 7364 6185 2142 6405 2719 3755 4249 3383 7679 6221 3455 4316 3201 2879 5293 2576 1501 1137 8545 11 9502 5629 3544 7665 3665 9565 3943 2917 1616 1184 3888 5895 9606 3552 323 5446 9754 3027 6833 7212 2709 9610 4294 8203 4577 8829 3578 6359 5419 7853 9743 8112 6422 2114 3840 7733 623 9849 969 323 6131 1557 4963 5191 2045 9470
9166 8439 1823 2898 6843 75 387 9048 5449 3919 9657 8452 1903 4715 2705 7700 6412 2786 1495 2942 6219 8468 1048 8671 370 2380 9603 7627 6763 5333 444 4874 2550 2211 0 6243 6043 3590 3051 91 2585 1788 159 3861 1383 4084 8018 1226 1338 523 858 1230 9781 8671 3454 888 1284 9205 7229 4796 2246 3324 9518 5609 5370 1629 310 7062 8211 8195 7899 9118 213 6406 4042 5500 1722 2268 9300 3006 2360 5400 5300 4200 9340 2387 7708 8253 4432 1972 6693 5479 3912 5724 2462 829 2500 9409 6257 9919 5165 1473 7800 9694 6616 3565 3968 2062 6804 8593 4203 514 2518 1000 1135 3211 5927 7318 6597 7294 2235 1905 3712 6461 4338 2123 1205 6461 8586 5004 793 8944 6871 5996 7219 9533 7556 7748 5816 2370 835 6871 1089 3439 3148 4973 5413 8406 6942 3467
975 4199 4686 7497 6633 2629 481 3207 3449 3420 7935 5317 5489 8539 5618 3280 8303 3125 978 7415 4566 5394 8420 2853 8798 2296 1616 4395 7307 1388 3857 993 6854 305 6243 0 413 5300 6476 3200 3238 4426 2227 6078 5349 2928 3218 2802 5695 2472 7834 5822 9526 7014 9972 7878 1063 4790 8312 9064 3934 296 6029 3548 1033 7671 3488 1669 1300 4508 7062 10000 754 4421 6445 1570 8625 6880 7 8829 9023 657 7903 164 8884 7727 2521 753 4525 2887 8930 8775 2395 3908 7569 3969 3860 1879 4932 1795 2798 2114 2910 793 4792 3464 1655 8489 5897 8511 1838 8388 5657 4436 4677 2097 4778 8360 4848 7322 5942 4059 6557 4574 7589 403 6320 4025 5597 6561 1967 2823 2833 2167 8304 2853 8026 5054 2188 7729 2604 9714 1595 9052 6331 850 8113 2606 2139 195
7719 8074 1989 4389 2525 5667 708 2004 4813 3168 1584 2202 2183 5507 9708 8376 8651 1290 4973 5413 3142 3057 4298 5318 928 8257 8821 1698 4387 9047 3697 5932 4242 9594 6043 413 0 3169 3681 8861 5875 5125 93 2445 3950 4526 4522 6946 1461 2291 3607 4281 734 5958 9572 6605 4727 9630 9598 9361 3173 8998 2169 1430 6563 2775 3489 8255 5253 2539 4914 5752 2183 7894 7167 8346 3356 5542 5410 2911 6147 8794 8995 6473 2913 8044 2112 4281 404 270 9662 9610 7730 4012 2062 8059 3734 7810 9598 7844 8576 9111 6968 5423 4142 922 730 1579 2990 3208 4156 1443 7726 5504 1757 6471 6190 870 3291 6156 9794 5392 7488 9426 3015 373 9656 4945 8647 8397 6626 2342 9389 4220 4952 7807 2281 9374 7541 1411 6792 3927 7163 6105 5794 7028 743 5752 3278 1434
8152 5060 5339 9063 2591 9609 1769 5073 295 7503 3239 7324 3794 1396 3368 5742 3747 4002 4242 5591 9008 1899 9227 8337 2892 8036 778 9440 7334 2290 5244 9087 6218 6033 3590 5300 3169 0 6535 1032 8496 6748 8411 7956 6498 1426 1884 9679 4253 6027 2517 2590 318 1946 7078 3534 6721 9483 1638 5413 3400 428 8106 8387 2042 8116 8717 2936 8594 3778 7798 6152 5991 2410 9908 6323 3039 7975 4502 8320 2055 1609 7140 7836 2693 7475 7949 8562 7283 3120 8601 8252 1477 4607 5924 1054 1892 1958 9009 3742 1883 4462 2745 4690 1267 8416 5560 1985 2981 542 9659 7424 1396 220 8746 5914 7887 9750 1650 897 4501 7658 2115 4468 4581 2918 5604 9254 7419 9481 4304 1890 2900 7129 8480 4869 5164 1741 7115 1974 8274 7366 3498 8937 4915 928 2061 731 8940 6486
6145 7600 8867 2751 5840 6558 8462 5247 7542 7220 8252 3498 2655 8626 6051 3274 1984 5132 905 7938 2786 35 3395 5884 4283 2837 2330 3244 7203 417 9915 3765 8813 5306 3051 6476 3681 6535 0 3669 1332 6926 952 9041 492 918 3553 9848 8805 2477 4141 3428 3744 1487 8740 1322 1318 8026 6082 3935 6115 6359 7815 1964 8006 22 7819 1730 2118 7025 4230 3490 8322 7381 7747 4807 6008 9223 9829 2549 5245 1153 6605 8396 9293 2823 7836 3681 965 8253 1593 1866 1018 3283 811 4678 7180 8204 217 4307 7423 882 6743 4937 6004 3570 2876 9719 860 2904 370 3014 2183 1399 231 8151 2201 8276 7354 9155 7610 7792 5387 6793 8614 2270 7327 839 7734 755 5316 1738 4413 5783 6900 6198 7274 8077 6280 7855 9460 4914 8971 9963 4177 5771 4984 4079 4456 6830
6849 8104 6576 9994 4896 5354 4431 2936 6213 1872 9869 9093 5004 6133 3095 2134 1524 4076 5828 5703 22 9607 6631 318 6256 1507 8599 6557 8600 8350 6585 5923 2940 2845 91 3200 8861 1032 3669 0 2251 6064 1199 696 75 6 3519 2246 8278 8780 2679 1045 5997 2410 3471 1292 3955 8258 2567 8101 2791 9325 4967 1454 3913 2405 5207 3382 5681 3907 217 2023 1105 3158 1090 9941 8126 1966 9189 5873 6432 5398 4083 7749 7961 7984 8315 1442 8595 7631 8348 1880 1539 7115 7992 1617 9290 1134 9396 9105 3494 1146 4502 4670 6278 5765 6754 3309 4443 8409 849 7154 8879 5876 8953 3602 7127 6830 8732 200 2576 2175 5876 1251 3254 768 7503 5857 9144 6731 2843 7222 1987 9462 5885 6621 3780 6256 64 8452 8786 5044 7562 5329 4393 1330 8180 164 9229 784
2108 2878 4002 9910 3043 3326 4602 1009 9595 7773 6398 2036 1709 5551 2970 8283 5905 2425 3912 4968 6961 744 1682 9593 8238 9529 4954 3024 7091 8021 3221 6051 6141 7522 2585 3238 5875 8496 1332 2251 0 9876 3661 7259 2510 6534 902 6743 3890 4494 8093 819 7724 3498 2450 2140 8500 3018 9633 4677 1408 7324 5590 2307 238 6825 2906 2239 9153 4527 9744 7434 3934 7485 4759 749 9379 5634 6067 1992 9392 9790 4768 9010 4531 1896 1013 2513 339 5755 4124 9670 280 2196 7202 640 7603 5863 1993 1682 5796 6845 6613 9001 1379 9858 6528 6662 7443 3864 6020 9691 245 4174 8232 8033 6750 8140 8104 7920 4758 3923 1979 2029 5591 1304 7427 3049 5998 3504 3743 318 2155 5481 5842 9848 4254 6860 8127 297 5719 3641 9667 8126 586 393 4621 354 4712 2793
6868 7190 9670 2712 7120 3889 2426 9140 8731 1840 901 8193 5283 4427 9129 9233 604 7418 7907 5190 9304 6775 4335 4180 3672 4539 9947 1679 7289 449 4314 7829 1715 5408 1788 4426 5125 6748 6926 6064 9876 0 4896 4805 6801 708 622 7671 9919 8514 4903 7231 5657 2719 4091 4065 7275 831 2526 4261 788 9044 6685 3128 9786 894 4259 9060 5492 6077 2227 6870 2881 4418 2682 875 4073 773 7479 3756 8969 7849 1572 9918 3304 8042 970 8563 1837 3491 5769 5449 750 1191 4036 3885 7721 8436 8946 8787 1018 1162 3596 3868 7288 4885 4814 1510 2904 8854 4963 4954 16 9124 7767 7769 6238 470 845 4480 5029 9195 8649 8405 4592 5196 9817 432 4122 1817 5517 3009 8977 2775 3603 1782 3508 4639 159 7194 7134 9856 1629 6501 596 7284 9363 9222 4018 4216
9205 9494 6430 8125 3776 2040 2237 1912 5276 3618 9006 9738 4701 3184 2482 408 5842 2074 1234 4247 4906 7918 1071 6861 5302 7118 3309 2189 8946 39 8595 122 6815 7008 159 2227 93 8411 952 1199 3661 4896 0 1195 6989 3826 5274 3141 4205 8153 9359 1660 9810 148 3956 7633 9494 4061 6104 2196 157 3983 3496 9358 7199 8505 8390 1702 6879 762 6808 8518 6325 6224 1595 678 4109 3460 8076 1554 5619 680 7579 9893 7117 4371 4046 7230 5779 827 6670 2748 674 1938 8797 204 7703 1385 1486 416 3081 6364 4145 1192 4138 4704 8381 8797 1627 2113 7492 4551 6615 658 719 2154 7791 207 8699 9743 9898 5872 1854 6990 4004 7846 1626 2156 4506 1237 8616 8079 3001 7488 3790 9692 5137 5718 3206 9239 3515 840 8080 2956 8200 8898 518 9726 5661 2855
6036 711 540 1457 4307 6102 3861 7107 3206 5759 8435 2568 1300 9217 9479 1312 6759 7559 2134 1008 5043 621 8459 9512 8219 2021 9341 4657 8157 4640 7102 9718 9902 8454 3861 6078 2445 7956 9041 696 7259 4805 1195 0 95 9480 3637 1632 4515 4478 5841 561 7311 9237 1695 7211 8181 8730 3822 1334 8675 2475 7216 5456 6302 620 6305 6607 5690 1109 4214 8406 2121 7572 2360 1249 4273 5266 6044 7438 9717 8744 6965 4701 6919 9280 9429 7149 7986 4725 7743 5029 9811 3417 4237 9106 9514 9517 6612 2716 4110 2926 8678 8 3013 8141 2442 1207 5056 9806 693 6205 9245 730 8228 727 8448 2960 8883 6076 3913 518 8950 2369 6985 6869 6593 4552 2235 9535 5948 5350 5104 9644 2990 275 31 3042 192 999 213 7142 6064 59 3273 9763 6534 2326 3865 5529
5113 5394 3148 1559 6102 9779 6075 0 7053 5811 4984 3091 8780 7631 7938 53 1886 6797 429 6036 4381 2516 4552 4257 3317 252 3029 8454 9167 8101 1686 3574 8358 2065 1383 5349 3950 6498 492 75 2510 6801 6989 95 0 4685 7845 461 7819 3235 2157 3213 1186 9160 7538 7709 475 6814 516 5712 377 2343 9234 9396 1268 1558 638 8244 150 3751 7051 2681 634 9449 4846 5095 1401 3681 7781 4141 6247 5251 9813 8591 6259 2407 2937 507 5407 2279 7516 715 2198 8074 4060 6103 1243 1578 4967 1633 6791 624 5431 1155 6257 2447 957 5392 308 5854 7114 8104 363 9782 1730 2548 5412 9706 1902 5594 6582 941 4517 7007 876 7794 1630 6287 7153 4641 6419 8681 8967 502 7226 9531 5677 8408 1207 3453 4264 924 2667 6078 1943 91 7574 5596 2101 4627
4469 7957 4269 9201 6633 8841 3819 803 2107 2147 3600 8174 6892 4945 8951 9897 2248 4843 2306 8483 607 4352 2630 3666 4877 4675 2083 1068 420 5448 1912 9009 3289 3370 4084 2928 4526 1426 918 6 6534 708 3826 9480 4685 0 4644 8556 7297 2916 4559 3183 6596 5003 3464 9919 2232 4248 3787 4076 113 3094 2521 4225 8005 1369 7775 8580 9093 1577 643 4193 4981 150 448 2202 5612 8878 9675 377 3028 2423 2788 7877 2398 3074 9848 3417 9711 3745 647 3230 1777 2198 2590 1285 8664 549 4943 3058 7254 9313 6791 2326 2958 3196 7960 1323 4093 4632 8063 8268 3846 9984 9890 5796 2202 5272 7843 7520 9946 8802 8530 1766 6139 7549 5309 2449 2034 9764 1267 389 1336 1107 2647 850 4352 7130 7538 9358 4577 3617 4985 3765 89 602 9489 4955 9031 9304
703 7794 4835 3299 900 5961 6122 3930 4831 3420 7612 9529 9176 5214 6730 9937 2270 7167 4813 2617 6976 4361 9437 5464 5821 6196 5630 5875 3676 3645 9902 5841 5542 9339 8018 3218 4522 1884 3553 3519 902 622 5274 3637 7845 4644 0 4187 1852 6775 5826 17 1923 671 4029 121 9705 4235 9956 1828 7621 6090 7943 1792 8105 7008 8480 7557 4804 9761 1666 1849 3043 3981 8325 2693 421 3350 1264 2427 9291 2045 1413 3219 4878 4218 8065 9176 6086 2571 1603 3896 9496 609 6467 4445 8580 2064 4338 8533 1895 1537 7223 7533 3083 6921 2608 5507 6555 5913 5180 3954 6500 9012 9087 1994 9040 4834 9271 6225 1736 4021 917 5654 8187 7946 7597 6322 536 2204 6698 1603 2977 4231 321 3608 5734 4251 9886 9544 3396 1959 1234 5717 3490 4910 5460 7779 6570 9150
166 9912 5699 6786 9098 178 6543 9749 7869 1782 9044 7686 5925 2313 4472 3123 7177 9867 6654 2426 621 8266 8271 3913 4166 4067 6435 3049 6358 2376 4076 941 2791 7012 1226 2802 6946 9679 9848 2246 6743 7671 3141 1632 461 8556 4187 0 1417 5556 1928 3670 5033 5040 7627 8316 9075 1863 5373 3856 6544 8980 9377 8488 472 7443 4778 3414 9926 5594 8312 7562 5921 9751 6266 4736 1644 356 7062 7072 2434 3447 3630 3531 3446 3660 5571 843 227 8631 325 5585 4707 7716 7211 9517 790 1675 9314 7534 4028 5722 7234 8232 9138 4503 4802 3241 9657 8477 523 3853 8477 2216 1365 7051 9851 8168 3728 7995 6929 4091 7388 9809 4997 4045 6005 4826 3119 4009 6559 5547 6553 2981 4639 4860 4096 7911 682 1641 817 6664 9590 7608 8959 3951 7460 347 8449 9844
9789 9309 9508 2149 2885 3437 4073 3918 9165 9028 9710 4481 403 7400 7500 5283 8679 7956 9215 6435 8023 7829 5172 8474 363 4663 691 9361 2530 191 8986 8898 1357 4666 1338 5695 1461 4253 8805 8278 3890 9919 4205 4515 7819 7297 1852 1417 0 3739 8368 5255 588 9994 7152 7510 5942 9030 7203 2538 5753 5397 7707 1229 7146 9695 7164 5070 9746 6287 3630 1688 9359 8859 1881 8256 8966 7987 3919 639 9401 564 5734 5644 1420 531 7546 3497 4131 9877 8554 6343 9646 5571 4847 5365 4201 6680 5599 66 6938 1081 3044 2781 6246 1025 2023 8597 8536 9781 5068 611 8973 7570 4091 6767 4522 1 3732 3332 8268 8331 3354 2886 7471 1787 3617 7199 1702 4956 3041 1820 6918 5429 9247 8504 9409 6687 319 1270 8440 7307 5729 3393 7484 553 1482 3898 6558 8828
6895 7648 4155 7389 9728 5710 7485 292 3 6577 9514 6434 1662 2074 4038 378 6427 4814 5625 9337 9386 3547 5400 7521 7629 8479 381 5463 3538 7902 2948 6859 7960 6732 523 2472 2291 6027 2477 8780 4494 8514 8153 4478 3235 2916 6775 5556 3739 0 9311 2492 4026 1150 7778 6158 3010 3724 6140 356 7459 1849 4829 1554 6165 1767 2630 3435 3084 9816 7614 6963 1239 1196 3353 9403 5288 7668 9007 294 2822 8185 7531 5505 7899 9444 5670 1790 2597 1318 4247 2011 6070 5522 9844 1407 6965 7468 1241 5360 7795 5447 6460 4106 1529 2652 8505 1631 563 4540 5411 1641 4814 9194 2679 1172 8547 1480 7649 8714 5899 9593 1729 9707 8425 7544 6840 8288 1709 5843 2955 6536 3398 5470 1741 1846 9689 5701 4227 5141 3817 9255 9079 1975 9577 3686 2183 1072 1798 4212
6327 6760 6137 3558 6762 2233 4580 4966 2687 6105 8323 2095 1494 8127 7979 6113 6911 5550 6704 1999 2873 9779 4733 9940 7922 4752 9053 2244 6032 8623 8494 6378 9196 526 858 7834 3607 2517 4141 2679 8093 4903 9359 5841 2157 4559 5826 1928 8368 9311 0 9153 5780 8797 3525 3084 6665 9414 3359 6498 5546 3595 2319 2640 6364 811 6559 8805 9430 1459 9450 6589 4719 6816 5939 1814 3173 1358 8057 3901 150 7628 7767 2665 1217 4683 3693 3790 7650 7872 7584 7627 8099 3954 3521 623 1110 9451 3954 1325 3996 7919 5893 3484 862 1610 6681 3069 6495 312 7996 8344 1995 8231 2204 4202 6942 6636 8114 4292 6822 7755 7354 5689 4269 370 6904 5005 3336 8782 4492 6284 3017 7426 2418 1049 1040 6258 7555 3918 8630 8315 3905 3343 2683 8649 3906 6474 9344 5310
6959 6346 3893 4921 388 7638 1905 1212 5096 8045 8592 317 577 4176 6282 7662 4647 9164 5676 7201 2046 3912 1386 8256 6394 3661 456 4585 23 6567 2299 7516 5730 929 1230 5822 4281 2590 3428 1045 819 7231 1660 561 3213 3183 17 3670 5255 2492 9153 0 9872 2471 5282 5868 9571 5259 2565 8738 7499 2282 4271 9401 9068 6835 4114 8210 8558 8619 1773 8346 9461 7408 1737 9266 8028 5022 5562 1114 5489 4666 905 7559 9183 4519 7869 5546 3300 2451 9168 7131 1871 8001 5493 6112 6240 5510 812 5169 2385 9292 8080 1875 3037 7012 2942 7025 3543 4005 5146 3399 6346 9810 3350 241 9662 9563 5966 7499 786 7098 7282 6108 7825 6398 3983 1330 8379 5472 4979 8362 7009 32 9208 277 3954 850 3998 6332 346 917 9997 1352 1785 2287 9768 4104 9971 3622
7611 6060 8871 2354 104 3989 818 6478 4662 8539 4460 555 8076 5395 7870 6107 3675 7657 9398 5371 8035 2292 7462 147 194 9902 9717 4931 8705 2195 8998 8814 6146 3211 9781 9526 734 318 3744 5997 7724 5657 9810 7311 1186 6596 1923 5033 588 4026 5780 9872 0 9730 657 4825 9448 99 3319 9051 1840 917 3213 1390 8246 1948 3533 5339 5434 1570 3801 1966 8380 1060 1447 9046 5070 2768 8933 8434 3815 3002 3702 8883 3405 5083 8319 881 7258 7448 4070 5858 2118 9807 4133 7024 9682 7252 426 4150 7312 682 9724 1247 3466 6533 9617 9452 7815 4058 4323 8342 1094 8102 5774 2443 8436 7520 5426 4888 3551 3475 6450 422 4372 3001 8033 1406 4524 8574 5720 9194 8893 3638 8888 3956 8942 9850 276 6091 5814 7294 3724 4006 9635 7282 3463 4159 9708 3520
5885 3963 6007 9193 2360 9257 2751 220 3424 3186 4651 7871 8844 746 5821 6668 5585 8066 5078 3985 6551 7010 9880 4394 2617 5975 619 5628 8665 6485 9922 4550 5625 4337 8671 7014 5958 1946 1487 2410 3498 2719 148 9237 9160 5003 671 5040 9994 1150 8797 2471 9730 0 2907 2836 1363 3817 3350 2246 3569 8544 4176 261 4224 6573 1010 736 7704 4220 8023 3537 1086 5116 6230 3258 9184 305 711 4806 5399 7766 3916 7200 6831 4974 6722 9389 9250 4070 3884 3613 1599 7275 2185 3561 9718 3653 719 4024 4565 2302 4969 6907 6955 385 7019 3436 8174 9604 2547 1147 9423 6914 5145 9771 6503 1118 7006 3216 1316 7348 3129 366 6322 8260 3118 6747 5957 1839 8747 6077 5275 6404 3575 3468 8140 6856 2129 8596 3799 1580 8609 5657 6668 6913 6716 8658 7883 1490
