150
0 4631 1501 650 6083 491 5237 8034 5642 2246 8364 1360 4884 569 147 6169 3581 4126 4541 344 4488 2844 9451 3732 5994 3436 6014 8760 9627 4539 3376 5876 5027 9169 1759 4603 3413 6521 5981 9160 3234 3106 506 8110 7715 9671 7293 5178 2688 6886 508 7506 1901 1051 166 6546 9093 9361 6151 9033 9716 3240 8089 3755 6129 9752 5345 2924 4031 676 458 6438 9323 9432 4097 5696 9613 3681 8300 6378 8532 9868 9405 1147 7064 932 5858 3699 4958 3587 8851 6377 2736 3813 1130 5646 1864 797 3131 197 6355 3822 5947 6446 5599 6254 7070 7592 8250 1998 6830 8874 5524 5852 5145 1706 9664 9076 8711 206 9464 4865 7181 8875 4540 9308 9823 3945 3654 817 5434 4157 1994 1153 3093 761 9747 5081 3782 8515 3138 9405 6721 4831 551 2682 2598 4856 4844 467
4631 0 4504 3476 1203 1249 5346 5869 3774 4944 2335 7207 8833 5794 4406 3989 2455 326 2245 826 6056 8614 2458 3109 1623 2149 4048 4699 2653 4909 7532 6918 838 9249 5970 6015 2619 5111 7849 5120 3477 8002 4243 5411 9271 3579 4043 191 1376 2372 4062 6964 8269 9591 6816 2539 4855 5549 7245 1690 7409 7688 311 5799 3656 612 7801 6208 7845 2948 5146 2086 1540 9866 1707 234 9380 4513 3001 6562 5993 9827 8057 6320 5268 1679 5736 2668 4446 2709 7294 645 3284 9359 7876 7308 8022 2455 9594 2744 4971 9472 6969 4705 7330 523 8663 3417 9941 7301 2548 1125 2967 8029 3580 5673 1765 7883 9980 9206 3119 3993 3419 3651 4585 7495 7605 9969 2523 7696 6153 9095 5171 4416 5194 8737 8970 3221 8433 1413 8729 9077 6553 1835 459 999 9648 5707 4058 829
1501 4504 0 1802 5945 4667 8521 5638 2460 4370 6912 2115 1811 7919 4873 6821 7481 7351 9477 8596 5261 8331 9046 5824 5748 2846 2315 5960 2628 4747 7082 6753 8920 9830 9500 7808 8543 1670 8747 6280 8680 3305 5800 8627 7393 6997 3668 505 8154 4840 9328 9577 8524 6601 4041 1739 318 5021 6620 7878 4981 7020 5150 2249 9838 2695 3708 4218 7096 6681 8614 7937 4089 3346 1889 2606 8491 8111 6939 2730 9829 2444 5571 5547 3136 5761 571 4227 3917 957 5701 996 6202 4621 4441 199 6923 7015 3261 8577 7955 38 1825 850 1237 3905 7050 4997 551 2618 8707 1051 5174 6430 2492 2302 6201 2907 9912 7104 7193 2126 1987 3868 2392 1538 9434 4614 9641 9662 2597 6535 2717 2580 2268 5360 2209 1162 982 8557 933 4984 8256 5497 6477 3547 1648 9903 6754 6383
650 3476 1802 0 4216 9201 6951 582 785 7294 6634 1329 4233 1738 9877 8814 4848 5215 7081 7149 9808 9941 7898 1542 4771 9470 114 8716 9007 8959 4773 6667 7285 2153 8610 8578 6938 2802 7160 2051 1453 387 6777 5663 8443 1291 3278 1119 2143 4230 8964 2362 9784 4422 1196 4178 7543 5131 8386 8196 1036 4133 5627 8750 8814 4119 3526 5121 7808 2694 4553 4331 5431 839 3031 9059 6177 9843 9860 5351 8961 3600 7119 7416 505 5145 161 2710 9216 5863 1021 7637 4545 9420 2567 2768 3824 9001 6403 7205 775 6815 1948 3027 2369 9699 4435 1018 3131 4428 9682 3931 7333 106 3852 1116 2533 8698 8021 2261 936 8206 4960 3548 4053 9707 7659 8817 879 7114 891 3395 5467 8402 7176 79 7165 742 5713 801 296 9496 3690 4285 5485 8931 9182 190 1506 3209
6083 1203 5945 4216 0 4675 6810 4429 9747 1503 8224 5012 4404 4116 4307 159 4843 1721 9633 9155 4556 3076 6461 2216 396 3234 1593 3516 7224 6464 4670 1666 8078 732 7121 5663 50 4876 643 989 4728 8281 3839 2111 6414 5773 9147 7016 3559 8776 5489 4645 4069 9417 1875 3920 4520 7972 4255 9366 1851 673 7012 749 3089 5434 9564 1547 1973 8884 9419 2463 9201 1259 5422 6646 1214 5804 4281 5180 99 4677 2733 639 5668 328 3869 2442 5914 3215 4195 8454 2764 1801 9889 8990 7461 1707 5392 4712 8439 4728 6284 8641 1328 6100 7448 419 1141 7330 6304 5713 5899 492 1127 6439 471 6983 5666 978 8714 6960 6517 7826 8582 4992 218 3905 2925 7174 3791 9408 4086 367 4298 583 1220 4276 5967 3115 1726 2945 2065 8353 9488 8123 7992 5994 2033 8710
491 1249 4667 9201 4675 0 9948 2979 1549 7702 8986 5505 4429 9204 6659 4939 8178 1352 9327 9939 4942 1477 4156 3808 6801 8031 1992 4485 5675 6781 7851 3464 9308 7036 6858 6254 7504 7408 3224 5681 8653 3699 8711 6869 3087 1289 2076 9591 6696 5010 2477 3221 9789 499 5586 8723 3233 4183 8806 6111 2606 7128 1414 9007 7041 1878 9748 1746 7844 6942 7294 8380 6022 8714 5280 187 9983 4816 8015 7700 6981 2619 9624 573 9342 955 5407 4791 9814 6218 7548 6050 3466 1077 8241 8035 2666 929 9374 3095 2187 9610 4632 1906 7637 9192 4676 2270 8214 7923 5330 5150 8269 9268 4393 7860 4898 1140 9301 2076 2835 382 4502 3197 8264 3121 6786 7639 4072 1876 9902 5317 8463 3694 6992 5037 3585 9288 7496 5548 6248 5553 9151 9089 8390 7902 5850 2540 3369 6428
5237 5346 8521 6951 6810 9948 0 9689 4712 3095 7384 9302 4220 1457 6554 2543 869 9955 9376 8927 1188 1901 5323 9440 4708 5018 9741 391 2266 6167 8479 326 2416 7151 4719 5794 7952 7118 9351 9495 9354 9485 6411 8110 5377 6533 1362 2734 5324 9783 5711 8215 343 729 5153 4442 2008 8363 1507 5958 9000 4015 2001 6274 5748 1178 5108 8828 4796 9525 971 1836 9683 5521 303 9056 5412 4958 4842 5090 82 9415 3477 1339 1688 3776 6690 9529 9461 8239 872 308 1095 5171 7858 8315 2777 4987 7235 9040 479 1432 4037 3996 8426 2048 8770 9315 5318 5017 995 2089 5776 1065 5993 6921 8690 4441 2796 4663 3834 6396 6990 7510 7978 1573 8089 1081 3397 8052 9467 874 3541 2991 5158 2407 4464 1315 7139 7387 8201 7461 863 564 9683 8294 4435 6025 7146 6366
8034 5869 5638 582 4429 2979 9689 0 9492 4279 6537 4706 3083 9025 8294 2611 3281 3134 3265 2977 9662 1197 3853 456 4263 2686 9659 4276 6332 175 9869 7502 1908 1842 1944 8065 4429 8028 7078 8204 7451 5067 8130 6308 8633 8573 3505 4692 3136 3585 1224 4374 8819 4532 583 3682 7156 276 7921 4255 5507 7829 1987 3158 6382 9767 2962 3071 4973 287 2302 8586 7636 3904 9860 4743 9240 1741 6782 3840 455 5592 9156 8289 5524 5430 9716 4968 7415 210 1228 3216 1719 511 5734 5615 3063 6296 1452 5325 4157 1573 348 375 9473 1078 6117 1500 1923 7457 3884 9073 3906 9289 3622 4686 1892 8067 9959 7994 2178 968 6567 459 9963 8346 3414 9672 4821 9444 4623 9770 9041 8440 9799 4798 8873 5005 7676 2097 7466 8113 8111 5654 5679 8938 7599 5434 3662 1061
5642 3774 2460 785 9747 1549 4712 9492 0 109 8723 3795 2145 2960 2779 9830 714 9416 7727 2508 7173 3836 3096 6688 9448 2313 2695 7036 552 5677 6425 722 1824 6481 9344 4474 1166 5588 9094 6134 6480 7968 9815 1575 1372 5557 7973 36 2455 5208 8855 6591 2117 9283 3806 4166 3274 7037 5440 6475 236 586 3062 2246 3926 1193 4825 8754 6078 8785 856 1304 6693 5949 7633 5354 6175 3229 706 1002 9343 4932 2099 7053 7766 8617 5957 1948 230 4457 1227 3726 6972 8038 4138 4049 1934 2857 2361 7185 7590 5488 9499 116 3549 2993 4689 272 7423 5947 4479 7640 7293 4404 6913 4436 6739 3905 1060 4467 4372 5438 5446 4576 5825 1272 7837 4367 7774 7460 3025 4035 1171 9098 53 6630 6755 8063 3218 2822 1396 4082 2426 8413 2233 6125 9460 7315 8619 4149
2246 4944 4370 7294 1503 7702 3095 4279 109 0 9981 9098 6903 5594 9149 1913 3396 312 9237 1750 1099 7069 7835 3863 3479 9351 3476 4166 1921 2076 2201 4413 2060 7640 8666 2367 9710 1699 5640 8701 2419 1691 1122 7894 7106 135 7352 7720 9592 4769 7755 2397 3796 3558 4600 9230 7411 4540 3470 8769 3707 338 9593 9282 1249 4357 2412 3798 2866 303 72 235 1623 2050 8275 4546 790 7165 7196 200 6001 7014 7379 6509 6553 8456 3169 5516 2205 4142 7777 4225 1568 5739 7070 1816 3829 1185 9696 199 7589 2897 5302 3037 1959 1306 8084 4958 2353 5170 4074 2227 6110 530 5924 2882 4399 2038 1372 6490 2020 1526 2245 2020 3083 1369 6337 8799 2250 6928 9773 6025 6882 5842 188 9919 6148 5143 9910 5579 5185 4314 2776 3519 7587 5384 6605 5254 6222 3418
8364 2335 6912 6634 8224 8986 7384 6537 8723 9981 0 8272 221 3482 6929 9911 3244 3972 562 9151 4909 7188 6850 1663 9142 824 6257 416 5160 5080 3320 4123 9235 9639 8567 7779 2139 8932 4193 357 8294 334 3811 9276 7483 1000 589 5784 6615 9969 5475 905 825 4146 7152 3492 9909 2768 7892 1990 8988 9707 2549 7032 1332 7250 6089 5713 4311 9950 9519 2405 4455 5398 5184 230 9218 9864 9663 888 1161 4853 8980 2669 3454 2282 1566 4096 2152 1930 1078 451 4679 5850 578 141 3539 4621 8437 8800 1175 2598 4014 6584 2244 3986 5497 6258 2247 1759 4938 1901 557 5609 8838 2862 6205 6594 5984 3942 3075 8805 2919 4643 9532 2798 9583 9898 1692 8700 7524 6127 6079 5242 4421 2858 7176 7328 7650 6216 9857 310 2607 3497 7840 7609 3485 8557 3002 6607
1360 7207 2115 1329 5012 5505 9302 4706 3795 9098 8272 0 7616 3072 7257 6934 504 6059 5951 7469 7304 3542 7110 9715 4276 2517 2991 6824 9458 6870 6083 3115 7362 458 38 1381 9470 4236 2303 9819 4917 9757 3489 3829 649 3311 4984 7613 8325 1782 7097 6293 7488 3828 9491 30 6202 6428 5168 1997 1050 2431 7481 7943 3330 7517 654 4378 2656 5110 3659 9899 6723 1398 4823 2196 8839 7707 8823 1547 7663 5638 6515 8794 9902 6331 2778 610 4069 8391 7754 9704 8278 3019 6264 2481 9405 9167 2885 9659 7605 9115 7617 558 6085 2439 3946 8796 7932 9287 1909 1119 6818 343 3111 2691 4633 510 273 1997 119 8734 6525 6456 9877 6452 7088 9363 3182 7823 7241 8215 2662 4614 8983 3335 711 1563 7261 1966 7727 3601 4467 9514 9970 5907 8758 3232 5440 6782
4884 8833 1811 4233 4404 4429 4220 3083 2145 6903 221 7616 0 2977 6472 7097 7548 9931 5162 6181 8474 9444 92 2387 8665 9680 1449 5395 5170 3838 3359 6014 758 1935 440 2635 6921 1365 7522 4420 2822 9619 6211 4892 4162 7286 1920 1872 4361 3947 3767 9070 3891 7662 6342 4887 4941 3213 8689 8999 7786 5449 523 9433 5612 4894 9206 7052 1557 4437 6701 3184 4469 2643 8110 8050 1115 5407 2882 1903 2085 9580 9132 5150 5454 3298 6935 597 2932 810 6096 5779 3914 1385 3130 4480 1132 3002 2550 9497 410 9704 3631 6618 8497 5585 537 3501 790 9829 9502 3542 8609 9942 3352 7589 2680 1836 5408 4329 5139 5196 8851 4343 2637 6703 3892 3813 2375 5807 3646 2992 6338 1507 6999 2968 2962 8923 4943 5028 5471 2177 5484 8687 163 1579 4072 4169 4659 8092
569 5794 7919 1738 4116 9204 1457 9025 2960 5594 3482 3072 2977 0 7310 5543 3736 4026 3797 1484 1997 3628 188 2043 6408 7607 6544 7034 9835 3997 7208 9621 3138 7538 3801 8577 2746 5432 863 45 3355 486 9182 812 3086 2759 6354 1833 1429 3367 4210 3368 1497 9018 993 4750 2203 6515 9314 9852 4111 9579 5458 3913 7533 1812 9119 42 3996 2404 8446 1816 6625 4126 9330 579 3722 7908 4524 69 3333 7626 8094 27 5604 9081 4611 2702 5991 6755 8762 7493 6747 9281 3376 6907 6173 1110 3009 3729 8382 1315 2760 2634 4578 7756 7698 8473 3729 7750 5835 8000 3621 6300 6043 6624 170 6412 2388 1365 9607 86 9826 9405 6456 4237 6770 8137 6888 2120 9575 1943 1097 8112 9917 7411 2331 1155 8006 2337 5620 7299 423 2876 8628 6494 2407 6880 8787 9604
147 4406 4873 9877 4307 6659 6554 8294 2779 9149 6929 7257 6472 7310 0 227 6407 2501 3708 817 6345 8771 9063 3614 2658 4221 6355 9649 6603 4333 9035 5677 7413 3293 4606 5910 9386 7726 4934 2436 4771 298 4252 3029 8626 9373 8213 7247 5214 3785 8343 6076 9082 1116 3457 1532 9886 3210 8396 6515 3371 1449 9114 4632 3540 7028 2855 7372 9656 6949 2174 2178 3518 5075 3018 4597 7972 5876 1514 9757 4107 5800 2374 9132 7787 4386 1226 9982 2415 944 9431 185 1559 5295 2290 7897 8415 8954 2738 5042 8590 8098 2282 2137 670 1816 4236 2252 2568 6800 420 2696 2074 7788 4156 3487 712 2998 9023 9589 1718 6436 5936 249 7229 4005 4613 1455 8302 5410 7838 8332 4973 2504 7903 3668 5333 1565 3455 7578 7489 5236 7272 3111 3903 6974 3033 6037 1349 7196
6169 3989 6821 8814 159 4939 2543 2611 9830 1913 9911 6934 7097 5543 227 0 5727 1177 928 485 5125 5309 6739 7123 1215 3635 3124 8028 6223 6392 1869 6701 9070 1026 103 9598 5882 8119 4610 4628 6091 2317 9043 8058 5787 4962 974 8167 2328 8863 7683 5764 9804 265 4681 6419 2550 4629 7346 8127 3254 1247 9939 8245 8126 7934 979 9517 9092 6852 2881 7468 9617 3817 8971 4517 608 2597 1991 9897 3600 1140 1310 7079 8274 2034 8521 261 3018 2610 7884 7280 5849 349 5605 5139 873 6279 9009 2717 6869 8961 7760 5511 6300 1521 1792 7035 6543 7211 5464 6487 770 9246 4119 4387 9528 1762 5941 9035 4570 5346 2697 9856 2868 3900 2066 408 3145 7131 8192 6122 2321 1953 9408 685 5511 5888 653 787 3744 9115 6210 1983 649 4391 6755 9502 446 3885
3581 2455 7481 4848 4843 8178 869 3281 714 3396 3244 504 7548 3736 6407 5727 0 8875 2275 7499 8798 1987 1569 9922 825 254 9840 7618 5842 9062 3395 3848 1775 8728 3199 5162 932 4834 9719 2847 1442 7434 2950 3301 8207 1642 1484 848 7487 7119 5990 2255 2280 5292 9319 7642 186 9856 3860 133 2216 8364 4021 5809 3685 881 8194 3855 9871 5898 3779 5963 3787 2781 820 8960 1442 9113 6033 5319 8018 5675 6340 9484 4081 8114 8931 4103 1258 541 5817 591 4440 2234 5734 3359 1487 4884 3603 9294 384 5748 7279 1038 5767 371 2020 9614 8769 8579 3710 4321 1582 4378 2705 2738 5530 2025 5414 7442 1762 113 1306 1209 4688 3441 1721 676 9231 3920 2055 4424 4820 636 8088 7021 7376 5326 2503 7886 386 3588 7279 1537 7800 2289 4056 4965 2789 4362
4126 326 7351 5215 1721 1352 9955 3134 9416 312 3972 6059 9931 4026 2501 1177 8875 0 7731 5927 4429 4214 1750 7523 3770 6097 4281 1719 660 7569 6115 9777 9617 3485 8024 5357 3353 6502 6862 4781 3655 2510 9281 330 3388 7264 1187 467 8650 7357 6046 7730 6538 1277 5944 9495 7880 6705 5357 113 6938 6836 6457 1736 4577 3071 9697 4959 1281 6769 1733 3480 8580 3452 5617 6294 6906 9037 98 4446 4380 8185 5329 1022 4632 3447 4042 4825 9802 1632 4710 8980 4523 9679 3550 8553 6997 7600 8483 5504 4648 8990 2697 5438 5283 7475 174 2422 4618 3101 8989 8256 4938 6614 7568 3515 7127 4771 9038 1139 3225 1557 4673 3192 4966 9918 4122 5500 4495 6372 7391 4365 5923 9550 6152 7429 5181 3555 6812 2337 8323 4906 4737 4374 5056 287 1606 5609 1636 6846
4541 2245 9477 7081 9633 9327 9376 3265 7727 9237 562 5951 5162 3797 3708 928 2275 7731 0 4837 5518 8732 4052 8806 1769 6543 1086 874 3253 865 5858 8318 1528 7928 1721 9578 4074 9482 4075 4341 2873 4631 3717 3514 4947 6045 7905 2562 8446 8858 6468 915 3335 1123 6946 8307 4659 2723 2325 5767 1780 3649 5547 4725 5281 8956 468 2717 6989 2324 4387 581 2067 2415 5283 6811 6388 4470 384 8236 8099 6172 5447 6648 9847 3383 2440 3906 9519 1169 7087 4130 4793 9347 778 3573 7084 5051 4472 8061 8504 8865 9551 5586 2557 8307 1649 777 1010 8704 1756 2989 2518 1973 3003 8008 1108 8962 1140 2687 9821 9128 1977 7571 1862 1467 4212 7086 5960 8715 9381 1770 257 8925 600 7627 4291 9782 5253 3588 1513 8753 3709 7776 3156 8255 1404 7902 5969 5063
344 826 8596 7149 9155 9939 8927 2977 2508 1750 9151 7469 6181 1484 817 485 7499 5927 4837 0 4233 8618 9034 6208 8159 9714 6540 957 1242 2816 5522 1 53 4982 5522 4552 2332 5166 779 3759 5543 1076 3840 4578 1400 6567 5520 2347 7187 6778 9764 8152 7924 7677 1553 2138 5273 4770 4840 2325 8599 7001 638 6205 4739 3200 7445 817 5577 6779 1595 7344 496 1725 4118 8238 9864 7243 2628 3916 696 6513 8898 2498 4611 1543 7627 7484 7808 8039 167 9014 9067 3786 2157 3549 5214 1600 7083 5101 357 4945 3806 7783 5182 8662 5492 4364 3128 3220 7585 9041 6069 4155 3966 878 9118 3442 2229 905 3317 5548 1318 7492 4160 8437 5421 3845 8647 9531 7441 7316 6838 6764 9559 4724 9473 3746 5223 8677 471 7131 1301 5318 6799 5034 6193 8809 6082 9692
4488 6056 5261 9808 4556 4942 1188 9662 7173 1099 4909 7304 8474 1997 6345 5125 8798 4429 5518 4233 0 3625 7742 1514 6725 3615 4567 5936 9582 8022 4752 5451 239 3711 5190 2349 4015 2627 6477 3643 7677 6766 5951 8333 9981 9208 2977 7774 6820 1887 8547 7090 2070 803 7881 5396 2737 8307 1925 3560 7208 2544 2464 5722 8048 6455 4621 1175 4628 466 2369 6821 1777 3718 5615 8530 720 4907 6756 9802 7067 1830 63 1564 3867 2573 7825 8844 8424 2266 9086 8638 4417 5022 8880 3000 6304 7763 3453 25 8700 7490 3251 1957 3577 6066 1784 6541 910 2002 2354 9369 1804 251 9187 5254 2784 5789 3618 9030 2855 1060 4084 1397 8833 3120 4133 8875 5942 2331 8882 1244 4989 963 4060 6378 4942 7377 280 6238 8779 4165 2985 5679 2269 9844 7300 1639 8321 4098
2844 8614 8331 9941 3076 1477 1901 1197 3836 7069 7188 3542 9444 3628 8771 5309 1987 4214 8732 8618 3625 0 7459 7008 5117 5793 4939 191 115 1445 9563 1521 8154 1592 4494 6789 6054 6701 5443 5818 9706 3709 1414 7001 6897 7129 2302 694 168 717 4857 7013 7077 9433 1640 1633 8116 6202 2920 5710 6510 1208 4448 2298 9695 6420 2603 8747 3922 1661 9518 439 4518 1183 9941 2655 907 71 8313 1078 5613 8143 1888 7649 1164 5079 9996 1891 863 9826 4754 3674 7596 4372 8285 1096 1756 8651 2706 7742 3746 7585 9061 8997 8039 4994 800 5254 9932 2925 8607 3046 6727 2685 1854 978 343 32 1988 8767 7674 8413 9502 1365 9123 9112 5228 4734 8095 4797 8269 6289 6756 2256 993 848 6764 8654 6123 398 4546 7419 1110 1401 7586 1673 3288 7756 8325 5954
9451 2458 9046 7898 6461 4156 5323 3853 3096 7835 6850 7110 92 188 9063 6739 1569 1750 4052 9034 7742 7459 0 3501 1423 6539 26 3491 5156 504 4271 3014 7369 6542 3939 8296 5721 8619 1357 9424 9941 8165 931 4207 2026 8190 7904 5222 9504 7637 5665 4162 9386 1580 7902 3376 8096 8182 1613 4955 2643 5819 7438 2256 2050 890 1603 6461 1679 3669 3177 7824 6926 4744 2075 6766 1935 444 8550 3227 446 7860 6312 7225 3253 8224 7312 9617 8333 3736 9737 3728 9246 7689 8666 8967 6789 6139 2826 4200 3136 1925 463 9540 5749 4749 2792 3980 1910 6867 7176 517 3531 5602 5951 9382 3873 755 1538 7330 4632 1735 7231 9292 543 9853 1027 554 4975 688 2295 4698 1383 6263 2168 3461 3608 5573 4862 6940 6241 8154 1568 4518 3363 5635 7977 1188 185 5057
3732 3109 5824 1542 2216 3808 9440 456 6688 3863 1663 9715 2387 2043 3614 7123 9922 7523 8806 6208 1514 7008 3501 0 8043 4417 1174 9426 6452 5549 7014 5163 9750 9807 2807 7518 4301 5961 9370 1151 350 2243 9087 5744 2008 2260 6675 5996 9061 3578 5170 2163 2866 8007 742 1335 5977 6241 5534 1000 2586 3776 3570 9838 9570 2571 3325 7078 4593 9834 3037 7258 8001 4240 9640 7953 6133 3975 9584 4438 6474 7222 1093 9180 2484 3265 327 4043 2154 8187 3107 7140 9726 3420 4571 6808 3766 8158 1278 1712 1119 7489 8022 519 146 5126 7736 6129 3874 8774 5408 1014 7930 2326 9091 4323 3264 8980 3669 7254 7822 254 2422 230 1181 9551 2095 4148 2729 2939 9780 1088 6529 3140 3458 1654 9662 3464 1457 8337 2831 1325 8834 442 7404 8727 7303 934 1538 2764
5994 1623 5748 4771 396 6801 4708 4263 9448 3479 9142 4276 8665 6408 2658 1215 825 3770 1769 8159 6725 5117 1423 8043 0 7398 6550 5360 7010 7492 2744 3438 3730 3869 6365 8410 8110 5256 5837 7462 7973 843 3197 2704 3903 841 9297 5690 8863 6589 9521 7505 5601 1813 9805 4727 2231 3278 6886 1570 5922 3634 5536 5887 6272 7831 3576 4280 5107 3722 2316 5786 4998 2619 9345 2460 6275 7268 2443 18 248 1070 1112 4083 4874 3888 3508 2402 1386 9259 5943 3381 7795 1670 1560 9371 4040 217 3405 9142 7444 3591 384 6086 2810 8240 4652 8353 9459 8316 1027 8525 1360 5279 6734 5154 1487 5351 8925 5377 3700 1615 3404 7450 8846 8918 6957 6537 4230 9993 4712 2843 9124 1277 506 2550 6808 5165 4432 5561 3265 1583 4704 7544 7150 4170 2994 7353 9061 529
3436 2149 2846 9470 3234 8031 5018 2686 2313 9351 824 2517 9680 7607 4221 3635 254 6097 6543 9714 3615 5793 6539 4417 7398 0 9135 8172 1077 891 807 1703 425 6417 8696 7321 3496 9376 4680 7567 7019 7747 8670 2677 4417 4599 6536 8815 3716 4242 1585 2834 8683 8124 1300 4286 3663 3124 7322 1482 9674 8063 9591 5668 6314 4063 9934 290 8969 6156 9807 489 6842 8352 5897 128 7895 5314 4343 2568 3111 5484 243 9423 886 2933 2788 9735 5032 4587 9996 82 9672 3968 5 7451 1061 7789 2348 2107 1022 1888 9812 3764 8960 7708 2428 1791 2997 7811 2543 5122 6761 8864 5672 1243 7157 8484 4589 9769 4056 4704 7690 5908 7169 4629 4922 2282 3858 7917 5612 5298 4384 8607 4890 1143 4303 3991 8471 6302 7056 8901 3515 3196 2502 1371 8035 6095 6764 7874
6014 4048 2315 114 1593 1992 9741 9659 2695 3476 6257 2991 1449 6544 6355 3124 9840 4281 1086 6540 4567 4939 26 1174 6550 9135 0 5327 8377 2348 111 3910 6737 7281 3317 4898 5469 4553 9135 2809 4232 1696 4516 2602 5660 1781 24 6010 1689 4148 4698 7151 9233 3884 7559 9026 4966 6717 553 8403 4724 6860 7927 9960 5194 921 9430 5145 993 5061 8848 6223 8397 1798 7509 1377 9838 5306 1904 8266 4116 4903 5465 3003 5358 7748 3025 8888 6223 5028 1966 4880 4183 4853 686 8263 426 8914 5006 7753 7373 4928 6020 6431 3540 7331 2069 9582 3290 8210 7314 5328 6190 4719 9368 9130 3096 8144 6533 534 7254 9797 822 4993 8783 7994 2489 4931 3482 3255 6859 1768 256 4783 4416 2295 1477 7707 8380 9002 1776 8952 7479 9082 3270 4425 6864 6070 8196 7431
8760 4699 5960 8716 3516 4485 391 4276 7036 4166 416 6824 5395 7034 9649 8028 7618 1719 874 957 5936 191 3491 9426 5360 8172 5327 0 4136 3784 3365 9404 774 6907 1622 7284 1254 9320 3183 5894 9609 5844 5364 9859 8057 9435 9692 2347 6152 3953 8835 7472 6581 994 3558 5649 1338 4735 6923 1938 7789 9288 4341 4328 7705 411 7263 8354 5427 2371 2859 2413 3989 9679 6827 8549 8377 7706 1064 8649 4902 2580 3012 6449 8914 1679 761 7341 1352 3787 3304 9343 9567 3107 2712 8648 9915 6622 1139 9624 6818 82 2544 8702 1750 9561 1525 7493 4075 5589 992 7518 605 8101 7146 5240 1635 3359 8338 7958 1785 3549 9299 6218 7417 9153 2251 1730 2970 760 6300 6982 72 8845 4310 4344 3497 6332 4160 4056 3474 2093 3329 5456 6580 1762 6414 8538 9172 8594
9627 2653 2628 9007 7224 5675 2266 6332 552 1921 5160 9458 5170 9835 6603 6223 5842 660 3253 1242 9582 115 5156 6452 7010 1077 8377 4136 0 9181 6960 747 3595 4534 7153 7070 5400 7149 2638 5765 800 113 5142 2639 933 6446 3822 5177 8265 9279 5773 2554 9172 3626 5790 1348 325 6421 5975 681 4860 5509 1677 2380 2009 2198 1758 9673 7272 3050 7464 4172 6987 542 8567 6753 7371 3758 5518 8041 6794 321 520 1228 4116 1596 8921 5940 4151 4891 6789 5224 5211 882 1312 4699 9169 3145 3047 3487 4657 5444 1655 4729 5319 8210 6646 7494 7924 78 8895 7759 1316 9015 2773 5980 9566 642 5888 6574 1480 2352 9277 9183 2936 1957 2152 6372 7989 2533 7624 9356 2813 4766 6625 487 7602 2946 2171 8603 7324 993 3153 8493 914 6824 6285 2933 4359 2873
4539 4909 4747 8959 6464 6781 6167 175 5677 2076 5080 6870 3838 3997 4333 6392 9062 7569 865 2816 8022 1445 504 5549 7492 891 2348 3784 9181 0 5238 8476 264 1300 2219 9620 9363 6331 4824 4136 1715 4793 2663 7357 658 7035 1413 9583 306 4328 2109 9188 6979 4746 5648 1475 5919 7093 1227 2239 2267 4603 4869 4802 6616 5334 3565 5474 6609 2931 4198 9003 7163 1114 1024 8784 3068 9729 1676 6360 9015 8890 2484 863 6906 1084 2522 5542 4637 6419 5306 7152 5325 7408 5048 2269 7884 7582 3140 3989 3095 3990 7180 5816 969 3029 5165 4203 9790 5573 8407 4038 4444 660 2494 404 9034 8204 633 1064 6356 8199 185 4237 7827 8254 6815 4808 1146 5525 5611 9270 8514 5444 7051 9517 7967 5633 2061 4974 7461 38 7294 5390 8923 1391 6777 8030 606 7763
3376 7532 7082 4773 4670 7851 8479 9869 6425 2201 3320 6083 3359 7208 9035 1869 3395 6115 5858 5522 4752 9563 4271 7014 2744 807 111 3365 6960 5238 0 3270 7630 8077 461 4832 9150 524 6881 8557 1402 2366 486 1810 9316 480 2051 5986 2453 2545 8338 2114 3258 2242 3656 1837 1698 3213 3652 956 4132 8468 9221 8869 5416 2454 1838 4781 9771 603 6446 7062 21 2287 8982 7993 2233 715 6957 6877 2618 7359 4641 9043 5753 5388 8662 939 7860 6615 4540 7556 148 4113 3901 5832 7063 2307 4656 4394 4733 3359 6272 5493 820 3534 8163 6080 9059 1736 212 3878 8118 5286 2244 1484 2841 2081 1660 851 3229 9911 8714 843 8046 7873 3789 9295 4912 3296 7351 6137 8595 7692 162 9879 9184 7135 9091 3874 883 7280 3406 5641 65 2711 7571 3794 2612 1643
5876 6918 6753 6667 1666 3464 326 7502 722 4413 4123 3115 6014 9621 5677 6701 3848 9777 8318 1 5451 1521 3014 5163 3438 1703 3910 9404 747 8476 3270 0 8335 390 6872 7722 8020 9125 9026 6780 6412 6113 5160 624 7095 2426 3941 835 2855 2089 2754 5089 3253 8604 3883 7404 7327 5173 1562 1805 3741 1141 956 1672 2817 7290 5326 3804 2115 534 2077 3689 6910 5439 8331 3312 5720 8262 5104 1224 1112 8717 6282 5459 5602 990 6903 4509 2241 4510 6673 4815 1946 1359 8940 7241 3664 3817 8355 7667 768 9777 990 5682 1032 5170 4975 6680 4005 1101 9408 5060 1442 7719 5249 4723 2193 1148 2322 1345 5039 6123 9878 722 6144 9739 9383 1654 7551 1732 694 7118 5275 7801 4398 8022 2113 272 7502 7718 9421 4502 8052 5370 2393 6876 7110 3423 8935 616
5027 838 8920 7285 8078 9308 2416 1908 1824 2060 9235 7362 758 3138 7413 9070 1775 9617 1528 53 239 8154 7369 9750 3730 425 6737 774 3595 264 7630 8335 0 4491 9648 5428 9887 616 3689 2671 6617 7669 694 8673 8085 4752 5572 8833 5870 6112 1155 1565 8886 3418 5193 7640 434 1984 5190 262 172 3453 8081 3589 1405 7070 1526 4843 7802 5666 2244 5537 7759 9618 1658 1766 2903 9134 632 9514 2732 893 1578 7725 8745 3313 7372 8781 3178 9828 1368 1233 4682 3895 5796 4840 8402 8365 7441 1607 5662 2606 113 8428 8341 5238 8730 2509 1298 7537 3225 6892 5074 2899 9711 4077 8315 2561 8512 6966 9263 8363 264 4146 9605 1581 6907 1769 5722 2975 913 4966 5346 8016 1836 6788 7450 4505 7102 862 174 232 3169 2213 2423 8194 8454 4013 5343 1062
9169 9249 9830 2153 732 7036 7151 1842 6481 7640 9639 458 1935 7538 3293 1026 8728 3485 7928 4982 3711 1592 6542 9807 3869 6417 7281 6907 4534 1300 8077 390 4491 0 1107 4822 3516 1587 6448 873 154 8274 8835 1133 6357 1674 5806 2575 9841 3246 721 8184 8072 2154 7148 763 1239 4946 152 8016 9518 2797 2601 2131 6981 3334 6725 4419 7190 4107 3580 1296 2907 1811 5504 9326 4518 3534 7787 7151 362 1478 5724 7195 8194 7133 2846 8365 3506 1539 9153 1278 8355 3412 8382 421 9447 3214 1223 1344 5200 1889 2036 8884 7541 9613 9234 5685 515 1209 9831 5748 5264 2534 64 4384 8715 7927 4180 6534 6873 6465 1538 5078 3946 9078 2158 1075 6331 7214 2475 360 2970 4936 1304 7995 2414 8793 7120 6585 4997 8439 9629 6325 487 2970 6921 141 7113 4333
1759 5970 9500 8610 7121 6858 4719 1944 9344 8666 8567 38 440 3801 4606 103 3199 8024 1721 5522 5190 4494 3939 2807 6365 8696 3317 1622 7153 2219 461 6872 9648 1107 0 6172 7130 7106 9026 7197 8350 3189 9297 3241 7716 4730 1093 8282 5445 4321 6246 2796 8420 4674 8050 7575 4580 640 3638 8603 6807 6917 8187 2460 9654 2061 2758 3892 1437 4053 8439 8602 4361 8017 5371 8228 5689 5203 5646 4837 6481 3098 2548 7786 6938 4310 1127 4126 2183 1958 5730 4429 871 1218 6673 8837 5383 7267 2715 7307 9823 703 1565 4726 6667 9384 1024 5662 138 8929 4294 9604 745 6416 7251 7520 2018 5672 2716 9077 1707 3694 8078 8461 7972 815 1733 1809 341 5726 5062 9190 9618 7333 8280 282 2422 1792 616 7915 505 1220 8771 4490 6163 5468 4971 3278 6589 7524
4603 6015 7808 8578 5663 6254 5794 8065 4474 2367 7779 1381 2635 8577 5910 9598 5162 5357 9578 4552 2349 6789 8296 7518 8410 7321 4898 7284 7070 9620 4832 7722 5428 4822 6172 0 4541 8438 7198 7734 9762 4951 2303 2981 8370 2669 8166 5370 6023 1541 3265 821 7428 1747 5038 9303 8640 8106 2121 331 8876 2904 7657 8391 5666 9213 6792 2242 87 2747 9345 6777 9748 7764 1055 3927 4195 7032 505 9356 9638 7069 5793 5077 6603 1073 2259 2214 677 8624 629 6990 3222 8259 6480 7397 3741 3543 3626 7172 2733 8972 1563 7314 4125 4025 7646 7322 411 8743 8806 9478 7457 1688 2183 3519 6703 5134 8335 1059 8026 492 7663 1158 2266 6279 6250 6540 157 6568 9454 6123 8582 1074 8829 1691 2148 8326 9742 8815 60 2651 6558 7916 9625 8475 3877 6089 3636 9092
3413 2619 8543 6938 50 7504 7952 4429 1166 9710 2139 9470 6921 2746 9386 5882 932 3353 4074 2332 4015 6054 5721 4301 8110 3496 5469 1254 5400 9363 9150 8020 9887 3516 7130 4541 0 4060 1793 2732 7171 3361 3068 4162 5987 6698 1687 3244 2516 7357 5600 9763 4320 6560 1908 1423 9347 1974 7954 7928 6054 7416 8364 7436 2361 1292 5454 5573 5465 6530 8505 4986 5399 5747 4517 9879 2270 8760 6672 6514 9093 7059 5165 3598 1488 1273 3646 5815 8299 3091 7417 3378 5327 6661 3932 5636 1233 7878 3190 398 336 3593 1020 8624 3727 2375 1965 3869 8526 2555 4101 1239 9200 5936 6944 6101 1416 4676 525 3672 5817 144 6548 4952 9700 5892 7142 7679 1480 6151 9032 7812 2988 3744 4692 4427 7458 355 6876 2610 9924 7133 1819 408 2862 9429 5340 8706 924 7751
6521 5111 1670 2802 4876 7408 7118 8028 5588 1699 8932 4236 1365 5432 7726 8119 4834 6502 9482 5166 2627 6701 8619 5961 5256 9376 4553 9320 7149 6331 524 9125 616 1587 7106 8438 4060 0 6340 4270 6328 6699 47 5147 819 1810 513 3048 7742 7786 851 7704 5090 9852 9250 6209 2812 4225 4066 6236 3229 7746 3462 980 9272 9079 9020 5564 3858 9282 1466 4355 729 7639 953 3039 1486 5567 1755 1117 3878 7767 129 6702 311 9310 3430 5327 207 2200 7727 8526 3516 4144 1555 5749 8231 5891 2685 364 5988 285 6485 6072 8054 8171 6522 6586 6032 9278 5201 4819 417 9370 8438 6886 8808 2580 7136 373 3646 3922 3411 8472 4977 1176 150 7411 3093 1359 4858 1584 7089 571 3550 6057 7016 6625 4070 8961 3410 6162 7792 3260 8611 7051 3419 237 941 5957
5981 7849 8747 7160 643 3224 9351 7078 9094 5640 4193 2303 7522 863 4934 4610 9719 6862 4075 779 6477 5443 1357 9370 5837 4680 9135 3183 2638 4824 6881 9026 3689 6448 9026 7198 1793 6340 0 5199 3687 7023 8514 6327 8636 455 3330 8020 4605 7777 4846 8675 5775 4573 6843 3302 6368 2025 7926 2725 5156 8426 8633 1369 818 951 2215 2604 3490 6656 9525 4594 5106 4016 4224 9715 4895 9529 2391 1264 8407 6562 9690 5920 1668 1306 3192 8243 8579 5759 1754 701 430 5879 9263 6402 2875 2136 8123 4452 5739 1628 9752 3928 9863 4683 9748 8596 4059 5253 7322 7666 7874 3748 3428 691 5904 5541 6873 8530 1345 7511 1710 7296 2153 4302 3130 287 6645 5227 7986 2519 1847 7595 1160 3977 9393 4148 9585 5547 824 1738 9107 102 1596 789 308 7032 7191 471
9160 5120 6280 2051 989 5681 9495 8204 6134 8701 357 9819 4420 45 2436 4628 2847 4781 4341 3759 3643 5818 9424 1151 7462 7567 2809 5894 5765 4136 8557 6780 2671 873 7197 7734 2732 4270 5199 0 3560 3143 8377 1997 4682 4574 8350 9558 9359 4435 1177 1702 8909 2595 4878 7207 6795 4728 5797 1764 3028 840 3805 2674 3925 9594 6681 4264 6483 7060 8536 7480 6269 2715 8958 1513 2090 4850 4562 1416 2467 9121 7050 9335 5489 3898 2957 7241 4939 9671 5815 5765 3389 3012 1655 9569 8503 2339 7350 728 3417 8146 9503 7857 2513 571 2340 5925 2968 8310 9553 4042 2617 5318 3816 3166 9318 188 6800 3548 5489 16 4394 8904 6778 9524 3305 3299 3002 2692 6776 3986 3400 5982 7102 1185 692 7060 9129 4336 2797 4712 1886 7135 5530 1851 2913 4694 5993 8140
3234 3477 8680 1453 4728 8653 9354 7451 6480 2419 8294 4917 2822 3355 4771 6091 1442 3655 2873 5543 7677 9706 9941 350 7973 7019 4232 9609 800 1715 1402 6412 6617 154 8350 9762 7171 6328 3687 3560 0 3104 7403 61 5404 7583 2456 5674 9758 4768 8485 766 4127 6731 3717 7769 4138 3557 5368 3497 7930 2496 6887 5306 7282 3541 4715 8804 8100 6928 1 1244 7379 3628 2577 8722 3237 1822 5198 758 5125 3881 4482 4100 6643 307 399 220 7870 6442 8498 7876 2992 9768 3733 4931 2174 3955 1061 26 3543 3959 8947 3215 1245 2752 6009 3266 2084 1215 390 6264 3864 5584 9219 4232 8631 1166 8181 2094 1458 6104 8478 5615 3313 8941 158 775 2456 8674 8941 1480 9601 8544 3777 7006 4680 6590 2289 370 2996 9007 2530 7777 5183 6174 6491 2132 1659 8198
3106 8002 3305 387 8281 3699 9485 5067 7968 1691 334 9757 9619 486 298 2317 7434 2510 4631 1076 6766 3709 8165 2243 843 7747 1696 5844 113 4793 2366 6113 7669 8274 3189 4951 3361 6699 7023 3143 3104 0 4388 1597 4538 4875 6502 616 2269 5439 868 6086 8501 2683 9671 1822 3412 7192 7203 5605 5888 2367 6313 1454 554 3030 7743 8674 8453 7941 4364 939 9628 1994 6345 3683 7749 706 2094 1748 2451 2267 3352 2562 7608 9496 9351 1603 1707 5906 9865 3732 8278 2858 8686 6630 4515 4833 5672 7103 6251 2093 2611 8866 1123 8583 9083 9968 4143 4071 7531 6510 1441 4660 6695 3034 7551 1855 2476 9403 7430 1325 2795 5366 3067 6369 5528 1122 8145 6175 4168 8952 2701 9663 3098 6202 3530 7627 8340 6714 2421 9360 9352 3797 2902 6872 5748 6212 6987 2246
506 4243 5800 6777 3839 8711 6411 8130 9815 1122 3811 3489 6211 9182 4252 9043 2950 9281 3717 3840 5951 1414 931 9087 3197 8670 4516 5364 5142 2663 486 5160 694 8835 9297 2303 3068 47 8514 8377 7403 4388 0 8136 5310 1446 1394 8948 5145 7148 1639 8623 9977 7835 4425 8949 8987 2145 5992 523 3316 8267 8078 6987 6901 2864 6881 5090 3905 4883 1086 3810 9972 9581 7910 6713 9738 7125 3292 2047 7184 8627 3695 5959 7813 3395 4670 841 7015 7574 8359 1491 1856 2244 5226 4435 1986 9612 1672 2305 7325 6194 288 4356 7036 6738 3846 6589 9301 7822 1244 2569 1752 4433 3280 8805 3459 8358 2597 1381 3624 8190 9897 2192 5271 4052 9280 7375 7904 3102 2959 5620 6713 7511 4490 1112 2131 4950 8100 3181 937 7802 8306 3107 5008 9909 8183 5345 354 662
8110 5411 8627 5663 2111 6869 8110 6308 1575 7894 9276 3829 4892 812 3029 8058 3301 330 3514 4578 8333 7001 4207 5744 2704 2677 2602 9859 2639 7357 1810 624 8673 1133 3241 2981 4162 5147 6327 1997 61 1597 8136 0 4995 8398 6608 8453 2813 1861 7847 5576 4737 6919 3243 8913 4424 5962 5156 8396 3995 7878 269 8673 4043 8132 8955 8362 6867 3397 7599 8442 5046 7140 9563 7533 7960 6982 3166 7291 1379 6886 3970 5030 6886 8568 3332 3103 1741 8855 1281 1555 8351 9249 8143 5159 3065 6767 5132 4053 3377 6177 4309 2809 8960 2429 6402 4146 2999 222 3298 8306 6533 1313 2876 9815 8702 3594 4398 249 2540 6968 7892 8324 7799 7054 389 1269 4080 5604 4163 3113 7646 6804 7568 9599 5336 7217 3126 2821 8189 1964 3342 6344 6988 5218 5002 5586 1497 1745
7715 9271 7393 8443 6414 3087 5377 8633 1372 7106 7483 649 4162 3086 8626 5787 8207 3388 4947 1400 9981 6897 2026 2008 3903 4417 5660 8057 933 658 9316 7095 8085 6357 7716 8370 5987 819 8636 4682 5404 4538 5310 4995 0 6490 2340 321 7140 7655 4502 5140 396 3942 1294 4665 615 4306 5728 6192 1126 4717 3458 2963 9039 1677 4616 4811 4537 3837 2092 1023 5028 8116 1378 768 1678 3704 2784 7793 7787 1962 1386 2359 9228 792 5949 5673 9993 1264 6803 9993 3294 1262 8496 4385 6429 6074 3414 8944 1173 9876 1505 2330 6260 9427 6899 4364 7074 6332 8492 3639 5766 1958 1760 8993 8711 5847 7232 55 910 4180 2421 4908 4869 8822 4057 1127 8781 5594 8131 4302 2911 2971 3025 524 732 5664 4542 776 4049 7235 4999 9691 7447 9638 9155 795 4397 710
9671 3579 6997 1291 5773 1289 6533 8573 5557 135 1000 3311 7286 2759 9373 4962 1642 7264 6045 6567 9208 7129 8190 2260 841 4599 1781 9435 6446 7035 480 2426 4752 1674 4730 2669 6698 1810 455 4574 7583 4875 1446 8398 6490 0 2990 3031 381 4197 5357 8896 2272 2107 3937 9263 7691 9657 2011 4714 8545 1824 4403 2711 9595 780 180 6016 2211 1932 3459 7596 5006 6815 5468 2880 1934 720 1781 1187 5178 4210 6902 7971 3402 8332 5728 9606 1951 6417 5630 2430 6404 7583 3337 6517 8748 6803 2565 6801 1194 1330 5052 685 6889 4887 2415 7093 5436 403 9269 3547 2554 5260 5103 1071 8294 9763 7657 8999 2360 3514 5566 4156 5452 708 5062 5155 6028 3912 6436 5721 6714 6035 6378 1182 5217 4233 3401 5125 6684 4879 5621 7635 2952 2218 2910 174 7624 90
7293 4043 3668 3278 9147 2076 1362 3505 7973 7352 589 4984 1920 6354 8213 974 1484 1187 7905 5520 2977 2302 7904 6675 9297 6536 24 9692 3822 1413 2051 3941 5572 5806 1093 8166 1687 513 3330 8350 2456 6502 1394 6608 2340 2990 0 4152 4886 8122 8054 6551 1984 2770 1379 795 9018 5230 6488 9510 5966 8653 862 1938 4400 6046 373 4194 3360 7539 4544 7864 4676 2304 525 1644 7372 9214 5087 7365 7463 7714 7500 7244 862 4008 3570 5136 5871 6146 6985 9989 8035 1923 8549 8178 1792 2184 7301 9721 5915 6827 7298 1277 322 1287 6849 8278 7567 9902 1823 552 5251 3030 2154 2755 8820 9791 5807 2587 8014 8496 5943 6987 3652 3393 2469 6965 2866 7027 8411 6064 2599 3011 6952 5725 6739 4814 4989 6579 9900 3774 3411 1327 3889 633 1310 9948 7804 9965
5178 191 505 1119 7016 9591 2734 4692 36 7720 5784 7613 1872 1833 7247 8167 848 467 2562 2347 7774 694 5222 5996 5690 8815 6010 2347 5177 9583 5986 835 8833 2575 8282 5370 3244 3048 8020 9558 5674 616 8948 8453 321 3031 4152 0 7134 2826 7736 7977 933 7083 4535 4142 4479 3536 5077 2849 4469 2548 9982 3397 5686 3737 8657 828 8895 4386 92 3137 6882 6283 3230 8227 7353 2611 941 1018 1381 3926 499 5028 7304 2256 6404 7314 6038 5426 2177 8979 4560 4839 1267 6444 655 5708 4421 1876 7870 4208 906 6701 753 1998 9270 7623 6515 9152 5887 6861 324 9513 4840 9529 4327 9572 2276 2003 3003 4948 8379 9398 9105 441 1325 5571 404 5567 6921 8140 8812 9391 5776 1602 8500 869 3950 6806 4630 8714 5895 7705 6656 6900 7029 2763 2086 5044
2688 1376 8154 2143 3559 6696 5324 3136 2455 9592 6615 8325 4361 1429 5214 2328 7487 8650 8446 7187 6820 168 9504 9061 8863 3716 1689 6152 8265 306 2453 2855 5870 9841 5445 6023 2516 7742 4605 9359 9758 2269 5145 2813 7140 381 4886 7134 0 6095 8955 4694 7089 8561 5988 5511 270 5402 1335 2148 9817 9756 9389 8380 9241 5374 9210 9924 5467 9323 9707 9566 2889 3218 6876 798 9538 4201 1712 5935 1416 3789 596 8917 5987 1389 4795 1072 1092 8490 8657 678 8000 9983 802 3107 2679 6162 7678 8291 1947 1607 7839 6458 1912 291 7428 4255 3018 4003 2464 786 2421 2293 2641 2930 8025 1288 5387 7722 788 820 8821 8072 9148 6587 5549 468 9127 3927 8039 1025 1684 6857 8818 3157 3847 2823 5418 2071 4271 8421 2219 9372 7754 5981 4329 8540 9337 2015
6886 2372 4840 4230 8776 5010 9783 3585 5208 4769 9969 1782 3947 3367 3785 8863 7119 7357 8858 6778 1887 717 7637 3578 6589 4242 4148 3953 9279 4328 2545 2089 6112 3246 4321 1541 7357 7786 7777 4435 4768 5439 7148 1861 7655 4197 8122 2826 6095 0 2951 621 1944 6331 2060 7704 4315 7185 6452 3054 5565 4512 4409 1901 4783 1945 6854 7729 9388 3648 8081 1799 2762 6622 3341 1840 3292 3412 5752 7125 8483 3292 2159 4781 4375 7266 4801 7531 7056 2738 6438 1634 7118 8017 7320 4904 5883 1033 2181 8798 549 9193 9765 9715 8574 1967 9587 6220 86 9849 8850 2820 5550 8965 6295 7334 5686 5402 8861 9807 7275 7945 785 1169 406 2610 4514 2247 4072 8734 255 7508 2892 658 140 3948 7791 1940 2435 533 2812 5394 5524 9565 2312 3794 9794 69 5208 5966
508 4062 9328 8964 5489 2477 5711 1224 8855 7755 5475 7097 3767 4210 8343 7683 5990 6046 6468 9764 8547 4857 5665 5170 9521 1585 4698 8835 5773 2109 8338 2754 1155 721 6246 3265 5600 851 4846 1177 8485 868 1639 7847 4502 5357 8054 7736 8955 2951 0 5186 1535 4584 6683 5887 6975 3029 9873 2161 321 3316 336 5061 7820 9872 8214 3700 317 6263 8138 4335 6853 7920 3416 6465 1979 5492 896 6083 4899 2951 9542 1659 2119 2888 2363 2645 5819 9969 795 3129 5702 7079 5679 1683 5669 4637 6201 4916 1551 3292 6223 8892 927 4432 3819 4519 7776 7098 8706 1758 5554 3511 3351 8243 1767 6666 9971 2420 3922 3259 8757 9441 1173 5894 3046 686 8082 7559 9968 2570 7634 4969 6223 9313 7600 9781 6992 3639 4773 1387 9028 2897 5400 62 775 5630 8577 5235
7506 6964 9577 2362 4645 3221 8215 4374 6591 2397 905 6293 9070 3368 6076 5764 2255 7730 915 8152 7090 7013 4162 2163 7505 2834 7151 7472 2554 9188 2114 5089 1565 8184 2796 821 9763 7704 8675 1702 766 6086 8623 5576 5140 8896 6551 7977 4694 621 5186 0 1316 738 1764 3274 3452 8595 3575 7686 9630 8946 8860 2632 2473 8055 7665 4856 6797 3899 4967 7722 3953 5700 3126 3832 7886 1290 7825 7349 7434 8335 4206 502 4295 1460 6421 4753 2987 9433 5863 8273 5606 5923 9310 1686 1540 2231 2409 4737 5481 4787 5878 6317 1969 5685 6010 8448 980 8251 970 8948 9232 8401 689 3312 9084 1812 8516 8843 7833 2493 2549 1070 8884 1436 2151 1163 5918 3301 7679 1683 4916 4832 1658 4209 1576 6591 8854 1617 9468 3040 6695 1613 4354 2990 3101 8560 7866 378
1901 8269 8524 9784 4069 9789 343 8819 2117 3796 825 7488 3891 1497 9082 9804 2280 6538 3335 7924 2070 7077 9386 2866 5601 8683 9233 6581 9172 6979 3258 3253 8886 8072 8420 7428 4320 5090 5775 8909 4127 8501 9977 4737 396 2272 1984 933 7089 1944 1535 1316 0 2461 376 1810 5200 1692 528 8588 7553 9784 1097 3158 9198 5879 1258 10 7600 9387 4502 5403 5866 5747 5282 7491 5613 7038 7873 9947 9015 2916 1445 5817 2623 2460 459 4334 5021 7765 152 6868 9064 6189 190 7306 4686 5569 2881 8247 6737 8053 7694 4904 3230 2651 4502 2290 6714 4744 3090 7395 1487 411 8390 7944 4441 5445 8160 2013 4201 7173 8136 9150 928 556 9472 4290 7919 2339 4167 5963 1612 7650 9441 4639 2222 7851 814 8946 9372 297 2729 4975 8172 6809 1093 1980 9381 9516
1051 9591 6601 4422 9417 499 729 4532 9283 3558 4146 3828 7662 9018 1116 265 5292 1277 1123 7677 803 9433 1580 8007 1813 8124 3884 994 3626 4746 2242 8604 3418 2154 4674 1747 6560 9852 4573 2595 6731 2683 7835 6919 3942 2107 2770 7083 8561 6331 4584 738 2461 0 5260 8075 826 5318 830 3342 5571 423 1697 7628 4980 6262 5313 8338 7876 6547 9232 658 3012 6458 7951 6829 835 3785 8375 5652 5259 9332 982 8780 7503 445 115 5643 504 971 9955 7353 2653 4395 2446 3426 2205 5410 9516 9057 373 5238 5041 3119 805 7547 663 2419 2081 8792 6480 2147 7558 6139 3669 8207 9991 7585 6609 3808 9756 217 3354 1182 4959 6845 9189 3086 6483 8629 6214 9134 6773 9661 6034 8567 3729 3786 9378 6258 4165 9395 8516 5027 8891 5031 6603 9399 3706 3066
