150
0 2281 7653 4156 8297 4350 8178 8076 7883 1894 7336 746 1858 4975 8488 5829 2585 9242 8580 5625 5864 7626 7225 8205 9049 105 4234 3230 8282 1542 9191 205 9630 3342 2799 8999 6408 9601 9326 8622 1546 9622 1416 5069 8624 3496 3126 2089 4801 6951 3529 1543 3779 6377 6558 5564 5383 8221 7481 3137 5814 3425 5405 1380 9701 2322 8064 6107 3792 9224 8335 6846 3212 2407 3184 7039 4094 7471 9257 1555 785 9337 134 9544 3539 4501 5861 6675 7982 6607 1551 9080 2893 849 8086 2074 2413 8768 1973 6879 3082 1296 6007 385 4808 3905 5780 821 8406 350 3598 7212 4201 2031 3019 9716 5439 169 221 9085 5473 4300 2526 4085 7716 4890 2965 2750 2244 4157 503 7455 8512 5688 8421 2588 1207 2561 7401 9848 1941 4889 3814 4963 1148 5225 2232 9137 7696 4514
2281 0 2211 4619 6828 5831 3553 5347 7831 3522 7210 7834 6622 631 1804 4086 2714 9570 4597 5285 8607 9666 9317 3458 4606 9741 1619 8829 2743 3866 7756 8890 2949 8793 2110 192 9767 2240 1275 9165 8424 6767 8075 9722 1579 1028 9985 4580 5699 9562 988 5333 1131 3383 3127 2218 1103 2961 5474 3000 1298 4378 6601 1431 5185 6926 3452 3580 1020 6430 709 6101 7217 3548 1456 5320 3061 3518 4807 4681 8438 2382 2797 6081 8546 9521 3366 8604 195 5930 2775 5174 1108 8718 3952 2126 2951 5085 7239 7124 4420 5305 6256 2895 1196 3866 8263 803 6214 736 2804 6255 6246 1506 967 5112 1850 6774 9816 5990 7537 6820 3154 1638 2665 7205 4161 3884 1787 2648 1720 7647 9892 7730 9743 8266 4014 5024 7063 277 3960 6291 6812 1767 4209 8346 5502 1722 2815 6852
7653 2211 0 6249 5925 9544 1441 2531 3816 4533 8957 3287 1809 636 9133 369 7528 5826 3327 5106 3493 8212 4242 1862 1541 6606 5234 9527 3623 9130 2421 7524 201 2659 4184 9322 17 2628 9535 135 5331 2120 4491 6487 4998 6024 8847 9112 9468 1575 7397 4015 4368 4107 8430 5786 9170 839 9633 9197 9466 6419 9850 7960 8050 3687 4076 9872 7094 8530 6742 2453 5216 9901 2891 4220 3140 7161 766 2514 2292 4300 1563 4925 6970 4397 33 5886 7219 9929 5568 8659 3338 2521 8450 7509 1429 8177 3563 6770 5716 286 3621 7430 9683 612 3076 1511 8482 6062 5328 4274 6084 5431 2798 1772 5971 922 9934 10000 1533 4754 9949 3500 374 620 1780 1338 8716 2472 7201 9870 2390 302 5746 6642 3736 5661 4361 3944 9997 7358 1038 7176 9922 216 6468 9244 6508 5663
4156 4619 6249 0 5297 7514 9515 2386 6916 5078 9671 2341 7765 7176 6426 2800 7267 9895 2486 6938 9320 4129 1777 6508 5179 3195 7219 2673 6352 4725 3593 884 5561 3514 9119 6498 6995 5372 6492 9209 8190 4589 192 7806 7084 2661 2254 2191 3620 381 8913 2345 3390 5549 6980 2889 8323 5637 5946 4708 6193 3652 7978 4494 7890 1665 3471 2723 4372 9146 2522 5749 8051 6958 9198 7450 4522 8217 2516 5832 4990 7315 4377 4178 5301 2690 3198 2566 8196 6243 58 3301 3903 6364 3774 1854 914 825 3065 661 6515 3267 5270 8520 2599 4008 1655 4655 7431 6465 887 9037 6414 855 511 4895 6218 1365 9598 2460 9022 9995 8537 6125 7768 1971 2616 8978 5640 9060 8101 3053 2193 325 7723 4427 4156 2383 4776 7113 8087 7786 1335 9447 5648 9087 5675 9319 2231 188
8297 6828 5925 5297 0 1147 9517 5262 7658 9741 2924 3116 4914 8604 1318 7351 3004 2114 6485 8785 5074 5353 5748 1205 9969 7850 53 7048 608 172 1089 8881 8464 1718 8172 2840 9416 3065 7128 6682 5160 4534 4370 2698 146 4006 2153 4197 6748 728 8019 4867 1941 6348 1563 8041 639 907 505 3449 2199 5759 8490 9855 5530 767 1436 2839 4022 8594 5168 3916 3826 3162 2800 1937 4567 8835 5913 9918 9300 2398 6606 6299 2253 5870 7275 2657 2051 2798 9777 7096 3412 4408 49 6523 9575 3529 644 2376 6449 5246 5564 2509 230 3651 6704 6398 4902 4767 1906 291 7360 5942 8246 2963 6976 8774 9007 4154 7319 1092 7980 7963 2425 4773 4560 1604 3472 1064 7951 4656 2414 1281 943 8156 3699 5441 3661 6878 9430 786 1096 347 9407 2978 6164 686 7197 3740
4350 5831 9544 7514 1147 0 2690 5948 5585 6902 1014 2770 6713 4620 6362 5893 5016 3563 7968 7338 9646 2130 6256 2920 5865 1596 1365 1346 8080 412 3568 1906 422 2596 2081 4867 7984 2463 3743 6443 7266 6425 9148 9207 6820 4160 2925 108 9938 2400 9592 3364 5190 2258 7620 2390 6827 9520 6209 6873 1640 3100 6215 9366 2485 5917 2654 8642 6497 7116 825 2036 3840 6009 84 4969 8148 7410 7665 3375 8860 6330 6242 8192 6567 5794 5411 9142 909 8828 9497 7052 1343 4662 6254 5015 6674 2932 650 424 5596 5278 1363 6604 4834 8142 3237 4976 1722 4341 8325 4124 1756 3442 626 3123 5131 4914 80 9520 6185 1018 7917 5813 2068 87 8482 9216 3232 5808 9004 8092 4295 9282 8512 7070 1344 5336 3149 8365 6249 5997 415 1957 1379 6171 2463 4436 6620 2703
8178 3553 1441 9515 9517 2690 0 8660 3547 4038 9212 9375 1673 6469 28 1221 9063 2549 2467 5013 1011 2326 2018 7960 9610 6803 6120 4853 8043 4722 8729 7603 2081 2638 6618 8702 7904 5433 2360 4784 4566 7466 1149 836 5041 2312 2060 640 7988 2990 3623 8066 8920 8395 1597 9316 1530 8372 1082 2370 2867 9130 5390 4481 6245 9198 2593 8659 6191 9759 8052 8825 275 5490 5092 5516 8757 9401 8956 4681 8501 3084 6278 8581 6477 1886 6687 7832 6627 9902 6068 2168 6935 2123 5751 4886 686 7753 3951 9350 5950 898 4783 1093 2685 5095 3055 850 7423 1596 6875 5656 2659 4709 2211 9737 2421 7085 6824 1681 507 5298 8912 7261 1305 6665 3652 9811 73 4085 7583 943 3175 5324 1089 3402 3387 5667 1260 3113 3327 1296 2041 84 8731 3223 5401 2983 4555 7935
8076 5347 2531 2386 5262 5948 8660 0 491 1424 8577 3136 8615 9080 7827 6935 415 1891 4617 5252 4499 7280 4415 7732 9772 6816 2265 2458 4486 2618 2011 487 9570 3323 878 5480 1737 6022 3355 2984 2374 9797 786 589 2646 6588 9827 9316 2360 817 7064 3218 2965 5489 9059 8340 31 4539 7468 982 8669 4025 3913 3753 148 5453 5734 1669 8646 4193 1389 5 2203 8460 8865 247 2303 4436 8327 955 7823 4323 2574 5640 1621 5226 7843 4070 4295 1090 8329 9370 543 8823 9804 3862 4148 5130 8802 8566 7946 3533 3885 6616 2262 9649 5927 7200 1357 5718 3724 9618 3393 4876 9313 5021 6913 5698 1715 9957 7111 694 2541 2043 3939 9481 7216 1684 2383 242 7830 1243 1292 3196 7624 1018 5081 7625 5402 6544 9879 4528 8089 9570 7713 2148 596 3593 2588 2304
7883 7831 3816 6916 7658 5585 3547 491 0 5535 6648 6103 6249 1610 3364 5493 4600 1112 7131 8125 9133 4751 5361 281 8920 4414 5943 7620 666 3606 4214 4055 6921 7941 4109 9228 9894 1793 6942 4381 3296 6602 7190 9202 9285 2095 1402 7633 227 190 3900 7882 8731 4950 6561 1703 1871 9748 9012 272 6695 3676 153 5102 7168 6732 265 5046 4659 9505 4498 7177 2734 827 8062 2912 2392 7456 2907 3492 8008 4446 4223 9920 2650 3914 4199 4423 3067 6676 9997 3348 8360 525 3445 2555 2787 7681 3707 8298 1748 5593 4686 3493 7413 6318 9980 7095 9906 1378 7106 9702 2017 7340 7820 870 8820 2752 3694 7202 6997 1652 7122 2032 8490 9868 8705 4890 9872 4295 101 7453 9994 2731 2922 6879 1898 5346 5311 5020 1442 1856 7499 4464 8263 197 9498 50 9152 7536
1894 3522 4533 5078 9741 6902 4038 1424 5535 0 2118 4467 6204 3013 4030 336 569 1514 7610 6383 1264 6790 6098 7043 2054 1477 5120 3639 4476 7981 1217 9960 6875 1845 7341 4316 4626 9283 6108 9728 8080 6601 6013 4403 1372 9296 960 5498 227 1725 7603 9415 3993 3515 2010 4983 6326 6420 3593 2563 2894 1989 6767 4008 989 7710 748 9449 4330 6373 7671 2211 4742 6530 6354 7542 1919 4762 70 7832 3441 4716 816 8101 9972 7156 4149 5999 5689 2247 9781 4040 5741 3848 5758 2779 7008 8416 6775 2803 6068 9391 391 6427 8854 7042 9851 8662 2804 4677 643 8588 98 7013 753 6482 7493 5373 3366 7726 8375 7168 5835 2775 2419 5726 8174 5851 7632 7133 6807 3239 5848 5412 3304 6951 1049 9902 6426 5330 2464 7129 6476 2966 8708 7777 6847 4566 2735 444
7336 7210 8957 9671 2924 1014 9212 8577 6648 2118 0 8959 1993 4592 9918 2573 7577 4415 2274 8343 557 7653 2709 1814 3407 7287 642 1596 2798 3992 9585 2712 9225 9167 4822 9727 1066 5647 9318 661 6586 7887 1139 7920 3571 6338 5748 9831 6594 7978 1354 6297 3688 1883 5530 628 714 5684 3805 9528 4857 2010 3856 2345 7864 9775 9861 8174 775 348 7425 5244 9445 8396 658 7944 5095 5857 2703 1547 1086 1206 177 6121 5950 2253 8192 7446 3491 2569 619 557 3618 4776 8597 3334 2655 5261 889 5402 4331 6226 9936 1180 3614 6553 5409 584 4007 2101 2345 7837 5752 7801 2347 8746 38 5706 61 2835 1925 6437 4092 63 294 7543 317 2189 7117 6569 7841 8603 187 8939 4110 4112 4717 5280 6404 6590 7254 1854 4250 8259 2343 7943 6534 3434 8265 4334
746 7834 3287 2341 3116 2770 9375 3136 6103 4467 8959 0 6988 2807 2539 4704 8862 6214 6578 1713 2452 1075 9658 6737 6307 2990 1065 8695 6618 1116 2745 7488 2547 1280 7308 4312 3402 174 8696 384 6423 3872 2256 2530 997 7395 5388 6727 5690 9738 6441 4634 702 7140 4350 9936 1534 5969 6746 7411 9998 4907 7446 8770 3994 1529 784 349 3933 8255 1549 8351 3237 1041 6596 6138 8125 2090 4377 9525 4010 1608 677 6563 8389 8648 467 2870 3004 2764 7777 9157 8602 1366 2085 7549 2781 8589 7767 1250 1959 6965 4477 1532 4611 2361 7348 3979 8587 3530 5832 6055 217 848 3445 1622 7291 3194 2594 2192 3397 5591 453 6893 8183 8432 6032 2399 4866 3652 7776 5674 3468 6181 4220 6915 782 5912 5173 5352 8024 3770 4395 1459 3600 7606 6192 1113 7420 3128
1858 6622 1809 7765 4914 6713 1673 8615 6249 6204 1993 6988 0 443 5728 4267 3807 9980 9833 6889 8970 8617 1011 8695 9391 5391 5019 7826 1358 319 8237 8740 6961 9224 3258 4040 428 4371 626 7074 3805 316 5794 4017 2260 5459 5415 3197 9976 8133 1788 4634 5133 144 9651 729 7627 5604 2960 3773 3651 9681 2567 572 7749 7120 3206 3001 4367 3768 7458 2919 5996 6220 9121 2110 7277 6507 5666 7627 7245 3905 9291 607 9511 4730 3939 6077 3649 1487 734 26 4420 2386 4667 3306 6987 7271 9110 747 667 7867 7941 5193 3476 92 3454 5176 800 2710 2649 9442 9625 2436 4567 7646 4754 3259 7748 4127 6519 364 6533 6493 4330 2969 2014 8665 8373 2442 7102 621 7294 3399 8142 8778 7584 398 624 7365 7627 1050 6725 4820 8261 4552 6191 7406 2730 9524
4975 631 636 7176 8604 4620 6469 9080 1610 3013 4592 2807 443 0 7889 1553 5619 7375 2469 9622 8415 2052 4925 3233 1036 2926 7808 4006 8224 3087 1364 9169 5974 7714 8475 6630 2840 7724 9506 1749 5552 5633 1939 5251 9807 7403 4712 9586 8533 3500 817 9856 4082 5925 704 6439 9631 7722 1959 5127 8239 7517 5832 2867 3977 1798 7043 3063 5877 6076 2774 9830 983 8445 8043 8329 3660 930 6714 6490 5081 9311 2827 784 8764 8768 272 7690 8644 1479 5767 4668 7856 1841 4647 7435 8829 8699 8947 3491 7046 5273 3588 4994 5375 3743 9385 3298 4628 4736 1566 331 6892 1735 8232 2950 9108 1346 5295 3276 3929 8752 7435 5560 918 7342 5229 4245 5314 6616 7230 7415 8684 4702 8108 6975 6105 2379 9542 7520 2288 1183 8081 3838 8162 7420 4187 3136 4283 7505
8488 1804 9133 6426 1318 6362 28 7827 3364 4030 9918 2539 5728 7889 0 7584 8257 8332 2674 2505 1011 8952 4966 987 376 7671 5562 9529 9051 320 3952 5410 3269 6681 3440 6320 6439 7271 1506 201 1686 9531 3931 9975 769 1657 3713 7482 868 7004 9836 4694 2399 3426 8681 546 6179 9911 5920 4432 6838 9944 7692 6086 6294 121 1326 495 1608 5923 8698 5933 1352 6801 4618 5317 7925 2327 3301 2335 77 772 4534 4519 4601 9819 7999 8394 4243 9852 3028 833 8726 4017 1116 8022 4390 2674 3136 8133 2776 4478 3833 7184 7999 4687 1230 4468 9846 6496 7525 2455 9525 9614 2360 847 3819 7968 167 5809 1905 8861 868 7168 5089 3034 3129 8235 5640 4238 9670 7299 7516 9357 3531 1704 9295 6190 9475 1446 4490 1370 3609 684 7287 9840 3548 4300 9656 7254
5829 4086 369 2800 7351 5893 1221 6935 5493 336 2573 4704 4267 1553 7584 0 8352 7982 4568 8378 6389 8409 1118 956 9205 7968 1732 8357 9383 9439 8806 8430 1748 7650 3873 3855 2017 4485 8746 5736 1182 3998 9144 6543 2184 8782 1085 9141 4608 4028 1575 9250 4958 8287 2296 3786 4283 8310 449 9644 6200 31 4332 7089 280 4315 8071 8830 5067 7351 9820 6467 163 6058 4569 7228 226 450 2425 4749 1049 5411 8434 9929 3457 3730 9186 3104 2827 7497 3309 4599 8040 2957 4036 5150 2475 1365 3710 779 2732 3358 6439 1594 4205 4565 792 8801 5583 5217 8006 7763 2481 193 3605 8368 5111 5540 8996 5617 1679 1630 4337 2071 9819 1493 3656 5010 460 2176 8151 4562 6828 8677 2564 2512 5493 3789 8731 8600 8393 6727 1295 4333 4084 370 7477 2101 251 2421
2585 2714 7528 7267 3004 5016 9063 415 4600 569 7577 8862 3807 5619 8257 8352 0 1318 1362 2429 2386 3077 5462 8187 7544 7934 7382 3144 6359 3687 5515 5889 3426 2862 8772 2353 9536 1743 3623 6900 6615 8346 8725 2438 7414 8140 6491 7775 3114 9712 6164 6613 1937 1427 5631 1985 2089 4665 3824 7704 445 5361 8947 1429 2776 7336 6187 1165 5948 1949 2320 8086 3217 5152 4154 4722 5869 1975 7418 8667 3708 8543 8469 8823 4696 4581 894 9898 7907 524 9014 9335 6730 4896 4448 8880 9388 2189 6345 5490 5503 5885 9398 3320 368 6851 3117 8655 5852 4038 7832 2441 5853 7261 3733 1966 8542 2767 469 3122 9393 4474 53 1160 1028 9154 4615 7979 2955 8613 3964 9036 7821 7854 4557 7969 515 7984 4755 9499 1080 3467 195 346 633 4881 1198 7841 7137 8792
9242 9570 5826 9895 2114 3563 2549 1891 1112 1514 4415 6214 9980 7375 8332 7982 1318 0 732 5435 2079 1460 2710 5909 1861 8072 6263 4405 2405 4247 7943 8822 6843 306 3761 7619 6749 7664 3017 1827 2891 2679 3423 5273 645 6824 9647 2876 7849 4013 1059 7017 1501 6962 3621 7939 468 9313 3228 4061 9131 2853 5566 9897 2589 8155 8770 9731 3925 6739 2120 8648 2685 1318 4621 7856 2164 7300 8400 1380 1965 995 5407 574 199 6976 3953 8665 5277 320 997 342 1325 8816 1202 7122 7306 5991 9257 6268 6294 4737 6633 6279 5769 6990 691 326 6009 8911 9889 4660 6952 4962 2907 3148 9223 3128 770 3699 5683 7140 328 2350 8604 7639 8223 3872 4340 1887 3769 1407 2967 6439 5865 7652 4494 2223 2958 3910 4604 3949 1034 1784 4104 619 6720 6306 6448 4099
8580 4597 3327 2486 6485 7968 2467 4617 7131 7610 2274 6578 9833 2469 2674 4568 1362 732 0 7197 8221 8846 1901 5413 3690 3328 6366 8064 9053 4195 2048 2762 644 5167 7047 1952 755 762 6608 6278 802 939 2631 1224 2401 7247 9679 1146 8158 2334 7542 1962 2845 2982 99 2612 474 8397 3100 3 6009 3891 9267 8196 8784 1990 4759 9197 4259 566 1005 2855 4754 6513 3698 766 442 2849 8926 7437 4698 9753 1599 657 7607 4097 149 3656 9046 4787 5888 7078 8686 4098 744 31 8634 3920 9669 8250 5490 3118 9624 2754 2473 2533 2518 7641 1562 1276 6835 6665 6765 7996 9747 315 8339 3100 9816 228 5902 136 8183 1538 1186 9002 6108 9836 5233 8186 4613 4412 3029 4322 4166 3092 3341 4477 4007 2926 2144 914 6070 9406 5687 4277 5213 3488 3937 9890
5625 5285 5106 6938 8785 7338 5013 5252 8125 6383 8343 1713 6889 9622 2505 8378 2429 5435 7197 0 1321 9443 9104 9308 6165 2479 1449 336 3223 9175 1938 672 6130 3311 8503 7613 1101 8151 7366 3598 8004 6956 6300 1804 3245 5281 3597 4341 702 9497 6625 6136 5780 419 9388 442 5318 7164 7123 4289 7510 2984 9141 3572 2006 4814 5696 6709 946 5508 6724 3188 2882 975 5123 7896 2881 1657 1239 3732 5267 6162 4302 9674 8495 2808 6295 1050 2046 5231 1896 4998 5186 2507 9112 1724 8055 7754 5472 2588 7420 7570 4699 1823 817 6895 858 9275 9975 7259 31 5004 3841 5088 3915 7699 1337 4037 8643 4043 4212 4786 5048 3921 1529 8608 6371 5388 7355 248 6597 3049 1000 5878 7839 3588 3893 6356 7282 4227 3662 5538 2932 5928 6056 2183 9868 4567 1252 1015
5864 8607 3493 9320 5074 9646 1011 4499 9133 1264 557 2452 8970 8415 1011 6389 2386 2079 8221 1321 0 4259 6999 781 979 4260 5689 5075 6418 2878 8537 1121 5447 6026 2926 732 7402 5516 5063 2618 9879 9442 7999 1837 219 2116 5412 9070 7724 1980 1039 5357 8525 7144 4842 9763 4464 2312 2894 578 6294 2834 1772 8786 4791 282 46 7814 392 7616 1825 5586 7910 6132 7055 6982 8268 9984 9866 9306 3749 7902 1960 830 5032 9072 6338 4390 259 7261 7779 6031 9994 1475 2913 1335 8814 406 9125 7064 5179 744 9560 7662 5764 873 7805 6201 6110 4054 2846 545 9659 2617 5412 6381 8894 6029 9199 9266 5781 5847 6129 9833 3361 2456 1802 7532 1733 4908 5223 3372 2547 5424 7578 9735 2850 556 3432 870 2893 9792 1602 1566 1784 6859 3808 8442 2458 5526
7626 9666 8212 4129 5353 2130 2326 7280 4751 6790 7653 1075 8617 2052 8952 8409 3077 1460 8846 9443 4259 0 7925 7266 2245 4303 3592 9790 3717 9502 3836 2486 2230 787 6604 3947 6909 4721 710 1073 5753 9806 6119 3552 8245 6443 8056 9467 6696 7578 352 6261 3896 1254 9316 9007 2283 9000 8761 4163 7286 8996 6502 8033 4738 6399 9344 8564 3418 9875 9174 5933 6058 3767 2048 2415 769 5515 2272 7675 7460 3582 7947 6951 9990 7372 9071 1893 5635 4688 41 1359 3762 6502 4594 7290 7153 8773 8963 3978 4115 5342 1789 7923 2749 9344 7462 4044 5585 553 3957 9596 7647 7435 9351 802 4363 3914 1266 3106 1424 7517 9297 9533 5863 7524 808 3217 5013 744 9328 7793 6145 9241 8642 4557 637 6326 2600 7771 8616 6292 8644 9433 9476 9074 1286 6914 3243 6806
7225 9317 4242 1777 5748 6256 2018 4415 5361 6098 2709 9658 1011 4925 4966 1118 5462 2710 1901 9104 6999 7925 0 9809 2483 4056 886 2383 548 1911 3024 4330 8049 8287 1972 8930 6115 1091 3443 225 9259 1394 8712 9229 9266 7674 3923 2115 6181 1750 4366 6383 8731 1714 1624 4534 6085 2302 7221 7952 3142 1104 6828 6163 9400 7968 5614 5608 7030 9261 9268 4823 7797 381 5164 7655 9685 7715 9893 7705 7263 4789 6970 2499 573 7425 792 5962 249 6757 5249 1368 4951 8062 4185 1900 3044 5472 3325 2657 9936 7140 7580 7189 1258 7605 4656 5127 8921 7685 2089 327 2352 9986 5825 6549 1472 7589 4211 6034 1596 3573 7303 6087 9893 9291 9782 1814 5647 8787 7434 7354 6121 9162 7315 9067 472 1895 8640 1113 9985 9845 349 7880 4041 9236 4722 8379 1113 221
8205 3458 1862 6508 1205 2920 7960 7732 281 7043 1814 6737 8695 3233 987 956 8187 5909 5413 9308 781 7266 9809 0 611 5869 6819 478 8659 7488 3370 5472 7498 3626 3809 9922 2720 4639 1688 4980 1794 4990 9107 8336 677 2194 9665 4205 9460 4023 4255 5709 8364 2522 7314 8628 3685 182 5416 4471 3487 4976 9880 620 1408 7454 2871 524 3884 3986 1056 1974 8666 2795 6194 4868 7327 1842 2801 1836 8762 6214 2922 1838 469 2530 3592 9842 4956 6469 6549 5994 8114 834 3659 4786 4080 845 2107 658 9872 6974 1840 9035 8821 5046 3494 3069 1462 31 1194 4910 8745 1303 7018 6869 3866 3798 5489 8621 4314 4538 769 2105 792 7035 1225 9778 6716 3071 9275 3190 7978 285 6032 4084 4526 4630 6282 1682 3555 1314 359 2578 1034 7002 2795 1106 6825 1657
9049 4606 1541 5179 9969 5865 9610 9772 8920 2054 3407 6307 9391 1036 376 9205 7544 1861 3690 6165 979 2245 2483 611 0 4752 3093 3260 2514 4653 1221 204 8317 8269 4621 7962 1762 2146 5915 2348 2366 5777 2692 5661 3515 1108 5641 400 8952 7518 9836 5153 3498 9528 2923 1851 1848 2541 6672 9160 1467 7621 7290 353 414 9515 5691 2027 8607 7335 9079 9267 6807 1048 1834 2868 2277 7313 7402 6233 6529 8614 7418 7943 9105 872 1571 3749 4826 1549 2783 4378 5255 3252 9555 3620 1208 326 2708 7413 9498 3330 4105 8358 8440 8658 7235 3720 5927 9213 8429 3820 9097 676 2658 7252 436 4225 858 8350 8385 9149 7757 8475 3121 7607 8844 8733 8100 1375 2190 2974 3852 3323 5679 8852 8424 6834 2693 2894 184 4400 3481 9977 9035 3569 2654 1058 4148 8152
105 9741 6606 3195 7850 1596 6803 6816 4414 1477 7287 2990 5391 2926 7671 7968 7934 8072 3328 2479 4260 4303 4056 5869 4752 0 4071 3696 3329 2114 8639 1161 9666 1965 2246 372 6033 3964 7295 9367 455 7643 309 8703 5410 2819 9183 7446 747 3767 3285 6805 4344 4454 1063 8914 3340 7498 2359 5464 6262 9051 282 2478 3701 6896 2398 8243 4937 3115 967 6937 9899 7354 9863 7196 5300 3251 7924 9849 2884 3974 1188 1960 5493 8415 8714 763 2511 6757 35 1630 2162 8428 1161 8345 3639 1741 7203 9503 3987 6387 4675 5646 3876 1302 3564 4611 575 8465 1436 492 9831 6325 5139 1116 7701 4278 1785 606 2204 1449 3401 9239 5945 6659 1475 2823 398 5729 7447 6062 3031 4585 7541 2657 4393 4489 3356 8696 5090 4765 4247 637 7083 5093 5475 8154 7400 3438
4234 1619 5234 7219 53 1365 6120 2265 5943 5120 642 1065 5019 7808 5562 1732 7382 6263 6366 1449 5689 3592 886 6819 3093 4071 0 332 2594 7086 3542 7880 8620 6617 8991 9160 2217 6055 2241 290 4576 509 3504 6241 5603 2595 5542 5930 8296 8666 2962 7628 1164 6607 4854 527 6209 4204 3479 5903 3156 6446 4203 5946 9221 6827 6550 408 6579 6445 2841 3377 7026 2209 1354 1523 8215 7627 1568 686 1229 2278 4532 7424 6125 7873 7043 8269 7413 1168 5581 9551 8494 6119 7830 6152 8536 9077 4502 6450 9006 1442 5581 8978 3343 2333 5002 186 106 4883 3158 2445 1114 2149 2237 8748 4173 2678 7731 5397 5480 9535 241 9740 4707 4402 7977 357 5335 9782 458 7807 1411 8132 2741 9344 582 563 5245 7374 4790 3522 6836 5440 5789 90 6858 4596 2168 7998
3230 8829 9527 2673 7048 1346 4853 2458 7620 3639 1596 8695 7826 4006 9529 8357 3144 4405 8064 336 5075 9790 2383 478 3260 3696 332 0 6084 9195 7382 6465 8617 8491 6415 1950 2560 9907 2020 2250 9539 3793 7459 4207 6762 5599 7541 195 2403 9084 2540 1679 308 812 5749 1143 3018 7710 1248 4619 1242 5385 9572 5260 3302 573 2463 3236 8030 4357 9177 7834 34 557 7292 2336 1985 8505 2885 5083 12 1694 3497 5304 4325 7814 5364 723 838 7414 5069 3277 7930 5106 7793 279 7055 9054 8477 413 206 863 8532 6697 4532 6091 1221 2602 1922 4535 795 5057 2366 5419 2868 7052 8455 3500 808 3715 7922 1459 209 1100 272 8227 2996 3608 7595 34 1145 5222 7030 6164 3522 490 5728 2514 5297 872 4915 9041 2472 8593 4899 1455 6585 5914 6552 1672
8282 2743 3623 6352 608 8080 8043 4486 666 4476 2798 6618 1358 8224 9051 9383 6359 2405 9053 3223 6418 3717 548 8659 2514 3329 2594 6084 0 520 1884 6144 6329 4036 4591 1262 3717 209 9144 924 8834 9147 3627 2277 3650 3808 2285 5015 4354 6301 7791 1059 367 5654 9561 9685 133 1935 6312 6580 4427 2331 1882 8263 3335 5389 3397 782 5962 9814 6211 2617 9344 581 6777 9426 9104 9122 569 9191 8435 935 332 7933 6948 1573 3413 2413 1087 8693 4970 1591 714 4635 9082 9800 8345 4692 2578 2170 2153 1647 9182 4267 6247 5098 3956 5250 737 7945 9765 5598 414 7596 4789 8409 6587 2217 1681 9510 6541 5021 2872 5913 8312 7991 1829 2395 3182 8004 1243 9739 9787 1290 1324 2305 2142 2782 9193 7076 8978 1369 7158 5903 861 7330 7391 2459 7676 8002
1542 3866 9130 4725 172 412 4722 2618 3606 7981 3992 1116 319 3087 320 9439 3687 4247 4195 9175 2878 9502 1911 7488 4653 2114 7086 9195 520 0 6841 3015 440 7805 1310 9205 8550 5447 7462 5027 7070 1259 2 8136 970 7981 5072 4893 6469 2574 1504 6896 7235 3813 2440 5621 12 4640 7161 6654 2273 508 4372 8559 6498 7304 4998 3687 6360 9601 1421 6461 6398 670 2081 4226 3912 6148 1101 580 7620 2768 3110 6221 6309 150 424 5429 4189 9871 6665 2485 5588 2285 1208 9596 8185 2277 2966 3553 6440 6571 984 3609 6518 6046 2526 1181 1577 9032 2980 9472 1695 6741 2300 7306 7318 7271 9020 6517 5000 1668 7960 1989 1009 9760 9899 4436 7477 4208 8578 8127 7199 2571 5415 4062 6012 3361 9010 8276 6988 4151 5301 2686 3880 7028 148 406 6637 7843
9191 7756 2421 3593 1089 3568 8729 2011 4214 1217 9585 2745 8237 1364 3952 8806 5515 7943 2048 1938 8537 3836 3024 3370 1221 8639 3542 7382 1884 6841 0 6317 8336 7807 7812 8803 4239 3785 2821 4564 4664 7046 6264 5102 9849 5135 1175 1519 7898 8664 357 3987 6545 4588 6729 3504 9253 2251 2550 6169 942 9903 887 9924 1255 5680 6925 823 3542 5008 4120 3205 2270 7300 4828 430 7028 9155 3334 4470 9912 1708 2851 9240 432 5554 1056 1533 2388 1219 1818 7220 8002 6967 7930 3027 3183 4073 9640 5917 7811 1474 2957 1219 7329 9465 7160 883 5189 8088 6056 2783 6173 3008 9381 2540 9945 7819 9004 1464 7600 5692 8116 9071 6945 9005 3973 4999 2036 3525 4975 4743 275 1895 3825 2964 5645 227 4130 8320 7195 302 3856 3212 6588 6105 8894 3741 9315 6611
205 8890 7524 884 8881 1906 7603 487 4055 9960 2712 7488 8740 9169 5410 8430 5889 8822 2762 672 1121 2486 4330 5472 204 1161 7880 6465 6144 3015 6317 0 5463 48 4519 2492 2039 922 8726 562 8819 8470 8019 536 3339 6205 8426 6743 9648 1459 749 8541 4188 1076 6751 3904 5377 9942 5210 8405 8255 5354 427 7213 6430 862 698 5522 857 6496 1223 9022 2523 3009 417 5447 4363 6971 3462 2014 1100 7134 8014 8092 6630 9738 5288 9663 8778 1907 4545 224 4959 9841 8488 1542 558 9099 5707 1910 6849 3136 9394 1495 340 2382 5487 6799 8414 1147 2018 8540 7556 295 3353 4809 860 8640 636 1349 3935 3808 5700 7331 6632 9256 2933 5731 8693 9971 5086 4250 530 3609 2526 4214 2543 6385 3176 574 2925 485 6386 9494 6318 7998 3207 5680 5989 7958
9630 2949 201 5561 8464 422 2081 9570 6921 6875 9225 2547 6961 5974 3269 1748 3426 6843 644 6130 5447 2230 8049 7498 8317 9666 8620 8617 6329 440 8336 5463 0 3850 4702 1974 2999 5721 1459 76 158 3108 7934 1489 5983 4906 6509 5436 651 5907 4172 3836 1536 2444 6648 8487 386 8394 2182 9514 3430 8511 1319 8515 5100 8885 3942 2526 5540 4080 6251 1333 991 9610 8442 6022 1256 5422 8442 3067 8332 5102 2986 4665 5651 1369 3135 7870 6478 4092 6266 1786 1167 486 3111 8880 6630 1433 9390 6632 1308 4382 5937 715 5386 5255 4451 4573 2440 925 313 9259 4021 4443 9993 3291 6227 6481 9009 852 1458 8893 4097 523 8312 750 43 6006 8913 7306 425 8656 7448 2483 4774 513 7871 8001 3295 4790 1074 7920 1199 1701 6570 8919 5000 9888 8770 6655
3342 8793 2659 3514 1718 2596 2638 3323 7941 1845 9167 1280 9224 7714 6681 7650 2862 306 5167 3311 6026 787 8287 3626 8269 1965 6617 8491 4036 7805 7807 48 3850 0 7918 5713 3164 1790 882 8042 1465 5648 3872 3775 8092 1884 8739 2458 5381 2517 1938 7064 9524 5506 4838 2269 449 433 9183 5011 3319 872 324 4585 837 2925 8505 2580 914 9351 7265 45 8202 9626 5095 2236 7441 2686 8918 5825 3931 8137 6516 1462 3293 7257 8443 619 4157 9019 703 5660 7393 8874 5216 2277 8085 4245 6972 6424 9716 433 6953 5913 5119 3445 4135 6450 8009 3203 6103 351 2729 8238 8042 2719 787 6077 2382 5990 8067 8210 470 2108 3233 4082 3507 3285 9014 4403 7295 1001 4858 8471 1297 464 1020 5328 6007 1234 2008 3121 6593 6634 5946 3905 7656 9765 6174 2576
2799 2110 4184 9119 8172 2081 6618 878 4109 7341 4822 7308 3258 8475 3440 3873 8772 3761 7047 8503 2926 6604 1972 3809 4621 2246 8991 6415 4591 1310 7812 4519 4702 7918 0 3534 4694 3220 6864 9637 5813 1328 2467 7051 5922 1286 3305 2772 37 6404 7344 5381 8509 6796 3907 6590 6276 743 6387 6476 7392 6220 9337 4906 614 4652 101 7298 1067 2000 9186 3733 3908 5257 9532 8868 9530 9655 7538 7728 1593 6612 5296 4829 645 4314 8373 962 632 5571 1491 7742 833 6806 5427 2243 2461 777 9354 3087 5841 9979 3126 6389 7708 2974 8752 5363 4397 9204 2087 3086 7776 2223 1307 9940 1977 7118 1271 2966 6373 7059 8686 5102 2886 2429 3350 8307 994 87 7929 9030 690 4010 1015 2134 7268 4268 7142 5678 5600 9047 1687 7133 7920 3643 6904 2602 4971 9933
8999 192 9322 6498 2840 4867 8702 5480 9228 4316 9727 4312 4040 6630 6320 3855 2353 7619 1952 7613 732 3947 8930 9922 7962 372 9160 1950 1262 9205 8803 2492 1974 5713 3534 0 4661 6205 4123 9549 9079 9759 1251 4699 9390 9126 3839 886 645 2524 5139 7793 4499 39 5017 8826 7535 4968 8244 965 3701 2018 4059 9783 1255 1627 4802 1065 948 4163 2908 2506 3244 1924 9689 5762 9469 2852 607 3035 1709 5275 58 3026 251 4349 6955 1294 7232 6275 1054 82 4684 8981 7248 3389 8611 2716 221 4932 8061 1409 7569 1501 9368 6348 3754 3935 6109 5992 6933 9654 2275 298 3291 440 1168 595 1343 8965 2807 6581 3052 885 4164 8214 7389 7721 3715 9479 3694 9392 1577 2794 482 1511 2859 1541 2709 4592 8994 748 3152 6419 9966 1615 8984 3526 6785 9281
6408 9767 17 6995 9416 7984 7904 1737 9894 4626 1066 3402 428 2840 6439 2017 9536 6749 755 1101 7402 6909 6115 2720 1762 6033 2217 2560 3717 8550 4239 2039 2999 3164 4694 4661 0 9447 9808 174 2411 9018 5608 7562 501 2771 2192 6557 9802 9461 8621 9561 9157 9267 2249 5432 8707 5644 899 9711 9720 5761 1698 5796 1549 7333 2396 7336 1004 9422 1072 4570 2081 9756 807 7690 5491 1305 5671 6021 1275 8295 8901 2567 5644 5951 6285 3400 708 9651 6846 544 6706 9152 9386 3787 8473 6361 9245 745 4137 1734 4525 2059 7488 8201 97 5851 1227 1506 5666 5100 8043 8425 978 3941 1983 8088 4782 1092 5767 2648 3444 1369 4088 6296 4344 104 7847 99 486 6851 2966 4608 735 5498 9678 4763 3629 8350 3002 8790 5457 8051 5704 7963 5632 6704 5122 1745
9601 2240 2628 5372 3065 2463 5433 6022 1793 9283 5647 174 4371 7724 7271 4485 1743 7664 762 8151 5516 4721 1091 4639 2146 3964 6055 9907 209 5447 3785 922 5721 1790 3220 6205 9447 0 5697 7384 9233 492 3543 2578 5638 4563 4149 9679 1079 5237 2931 4491 8306 2099 2055 2735 667 4332 4349 1528 5861 982 4233 7130 4668 3665 6946 4651 3579 9894 3854 9637 686 1638 1988 6014 4741 5138 9976 1939 3808 9212 237 9028 1204 6962 4543 1617 636 4738 4313 1404 4663 8105 4509 4025 9486 8379 7530 5901 6525 6806 3553 3615 5457 7702 1552 3790 8369 1511 9755 1427 4475 9234 5110 5206 4391 3496 6608 9441 3818 7263 522 7355 6686 2296 8529 3509 6852 9716 4816 2209 2626 5790 1767 1194 8497 7739 4046 6938 89 6644 5479 8145 3646 5849 3222 5358 3559 7988
9326 1275 9535 6492 7128 3743 2360 3355 6942 6108 9318 8696 626 9506 1506 8746 3623 3017 6608 7366 5063 710 3443 1688 5915 7295 2241 2020 9144 7462 2821 8726 1459 882 6864 4123 9808 5697 0 8999 4012 1495 2319 1101 2126 8555 2803 7687 5471 881 8582 7690 7282 9722 6082 9578 4310 9561 7705 2207 7486 3044 8350 5240 7129 8560 8717 4936 1072 6253 2325 2274 9436 3496 4313 4687 2581 9681 5604 1564 9045 6762 2217 3935 5489 1050 9644 529 1919 8884 9566 9254 2927 3949 7564 3194 9458 8245 3229 5763 7550 6659 7717 5821 7969 1700 8576 4299 9630 8994 1110 5402 8207 2805 8034 7353 5666 797 1981 6955 1071 8057 4448 1956 1224 7161 7616 2396 2611 3053 485 7432 2192 121 6318 681 5531 4777 4149 2726 8034 8250 9240 7447 7060 5188 292 6765 8153 2489
8622 9165 135 9209 6682 6443 4784 2984 4381 9728 661 384 7074 1749 201 5736 6900 1827 6278 3598 2618 1073 225 4980 2348 9367 290 2250 924 5027 4564 562 76 8042 9637 9549 174 7384 8999 0 5203 8485 7707 9645 2811 9166 9041 6021 6232 3598 8392 9393 209 7744 5553 2349 7017 1273 1128 3264 5182 6480 242 151 9813 4281 2806 7034 3393 3315 9714 9890 9766 9433 659 8983 9040 2833 5144 8302 2208 2632 3194 4285 2696 6274 1050 1930 1979 7006 8489 8896 7664 351 950 8546 3762 7013 9100 1508 8413 9282 3859 2941 7698 8627 5953 100 8382 3102 8029 281 9718 8566 4167 1771 1301 9861 172 1943 8221 1922 9235 610 7177 6363 9964 8331 9762 95 9288 2074 8538 9834 4012 9582 5998 7487 1320 8814 142 1264 5221 3497 225 5266 4589 2320 4862 391
1546 8424 5331 8190 5160 7266 4566 2374 3296 8080 6586 6423 3805 5552 1686 1182 6615 2891 802 8004 9879 5753 9259 1794 2366 455 4576 9539 8834 7070 4664 8819 158 1465 5813 9079 2411 9233 4012 5203 0 6722 5097 9731 2987 76 9105 1516 873 3982 1359 3229 369 4437 6690 4444 3322 9848 4929 4629 1852 9083 4194 7194 9304 7189 614 9755 3112 5304 3197 9748 2703 889 2901 9201 3715 4460 1452 5784 6480 9342 9858 5117 8850 6926 1616 7747 1650 2243 8407 290 1117 4353 717 9648 9846 5382 9662 5636 9150 6834 2089 3476 6784 5322 1573 3099 2051 486 3429 5555 643 2189 7883 445 8919 6905 1459 814 9953 5357 810 88 4949 7838 8164 2909 4918 4187 2485 9960 8896 91 4112 2505 3968 3278 5074 3159 8789 7919 4733 715 666 1258 6878 1897 5201 3020
9622 6767 2120 4589 4534 6425 7466 9797 6602 6601 7887 3872 316 5633 9531 3998 8346 2679 939 6956 9442 9806 1394 4990 5777 7643 509 3793 9147 1259 7046 8470 3108 5648 1328 9759 9018 492 1495 8485 6722 0 9675 6395 7258 6816 7460 2074 8205 4404 2974 5847 7349 5096 4652 7059 1295 1649 1491 1457 8408 5088 1874 7738 3593 3876 5311 196 9 6209 1301 4329 9437 3409 8328 4000 9767 6125 7532 8972 8077 4178 6437 1858 1960 2411 9064 8889 8081 6700 1715 3528 4998 8867 973 7834 3330 5971 7044 1619 35 3961 3576 3765 4688 923 4518 1769 4561 1932 1885 7755 6085 6275 117 1210 1460 7553 4982 2774 7574 5045 2172 3307 3747 198 3268 9014 7725 7762 2591 7463 328 1194 5411 2927 5047 1562 5040 9246 8239 7539 1076 671 2075 4610 4919 1245 3546 2741
1416 8075 4491 192 4370 9148 1149 786 7190 6013 1139 2256 5794 1939 3931 9144 8725 3423 2631 6300 7999 6119 8712 9107 2692 309 3504 7459 3627 2 6264 8019 7934 3872 2467 1251 5608 3543 2319 7707 5097 9675 0 1679 1974 3368 517 2541 2264 9228 3080 2057 6777 7670 7199 8523 5703 5585 9584 1873 4665 7879 1654 9279 2114 8233 7277 5371 4396 642 8457 4853 7676 9656 2056 8418 4312 4354 8776 5366 5330 4696 4521 3094 6129 4556 1427 4768 9406 8530 7649 3687 6567 5452 7471 8766 5171 1681 2597 9273 1540 2717 829 4917 9418 2321 6722 1008 4814 7942 6669 810 3234 2771 6624 6749 5711 9417 7397 6429 7130 9346 7427 4763 1722 248 7282 9626 9683 6115 8697 2984 1277 8770 3555 7027 5827 1257 5605 9452 7363 3200 5144 7573 2919 6926 6040 5970 6061 5928
5069 9722 6487 7806 2698 9207 836 589 9202 4403 7920 2530 4017 5251 9975 6543 2438 5273 1224 1804 1837 3552 9229 8336 5661 8703 6241 4207 2277 8136 5102 536 1489 3775 7051 4699 7562 2578 1101 9645 9731 6395 1679 0 6750 5767 5713 1844 8945 7442 6990 6537 2763 327 5042 8579 9666 4639 8617 6560 7915 1647 9142 5848 2878 8392 1260 3706 9895 1189 2233 3707 6053 7046 2473 4182 5845 5466 5675 3316 826 9710 7136 8609 1134 8483 381 6738 3169 3105 2195 6231 8494 8935 7750 2327 2718 5414 2035 8433 316 1442 6304 5232 3624 4932 3909 9379 2535 9561 8518 7912 825 7362 9894 2956 5131 805 8463 8385 4981 108 1744 6570 9728 6027 7506 6674 4891 244 6597 1938 1768 26 4422 6440 3011 7629 5950 2945 7397 3261 9475 9459 3532 7742 2336 2872 7131 9176
8624 1579 4998 7084 146 6820 5041 2646 9285 1372 3571 997 2260 9807 769 2184 7414 645 2401 3245 219 8245 9266 677 3515 5410 5603 6762 3650 970 9849 3339 5983 8092 5922 9390 501 5638 2126 2811 2987 7258 1974 6750 0 871 551 3746 791 1753 9517 4694 1022 8926 365 9775 4662 561 3477 4680 9088 162 577 7543 7920 345 7428 7892 926 2153 5205 3921 5878 3782 2643 7993 1711 520 567 394 6049 4026 2357 8294 6139 8505 4018 5184 7750 9423 6426 6747 2184 431 8233 9257 6014 9847 5798 7427 189 129 2184 5480 7551 7840 7969 4523 4043 282 4036 1222 773 8918 4796 3280 7739 8498 1066 9766 2935 3982 6132 9975 8508 4656 200 5804 8670 6479 3280 9703 4365 5959 6181 6534 5135 2722 3262 3227 2410 8222 823 349 1287 8984 9286 942 6676 564
3496 1028 6024 2661 4006 4160 2312 6588 2095 9296 6338 7395 5459 7403 1657 8782 8140 6824 7247 5281 2116 6443 7674 2194 1108 2819 2595 5599 3808 7981 5135 6205 4906 1884 1286 9126 2771 4563 8555 9166 76 6816 3368 5767 871 0 4434 8049 7293 5507 163 4469 8303 1335 4208 5688 4183 1221 91 9274 5974 7913 3858 851 5337 6058 7551 7158 9829 9290 3849 3701 9000 886 7174 9074 9902 2732 6143 4366 8364 5491 1783 9154 4872 88 7961 8913 1051 4446 2145 6481 2766 5011 4180 5524 7983 2468 6840 8893 5209 1496 6949 2691 2698 7472 8997 1173 8381 1374 412 7127 3816 5514 5424 5648 3936 8138 4649 4309 7497 4113 820 5620 5248 9623 7057 4004 6370 9664 4611 2031 1679 6511 753 6556 9334 6365 8743 2284 7720 7070 6734 144 8507 5997 9990 3884 7876 5352
3126 9985 8847 2254 2153 2925 2060 9827 1402 960 5748 5388 5415 4712 3713 1085 6491 9647 9679 3597 5412 8056 3923 9665 5641 9183 5542 7541 2285 5072 1175 8426 6509 8739 3305 3839 2192 4149 2803 9041 9105 7460 517 5713 551 4434 0 8616 9082 1670 5776 1574 7100 6430 1653 6773 8487 5173 9444 7863 1509 5547 6124 2762 7129 808 8497 8799 9107 8624 8617 3087 7447 1319 6464 3960 9159 8765 5377 1653 8885 7028 3442 6435 812 2555 8296 7431 1877 4594 9135 9776 4373 8305 3052 2717 6453 5731 7435 1213 5954 8530 9095 550 6654 6985 3118 3459 190 300 4896 2783 3964 1519 7994 2580 7687 4711 7987 8165 9711 6813 8811 4146 5446 1663 941 6092 6324 2435 7962 7670 3504 2284 6318 8013 7976 1861 2556 5739 1809 7815 4055 1842 9866 2365 8370 645 2157 5388
2089 4580 9112 2191 4197 108 640 9316 7633 5498 9831 6727 3197 9586 7482 9141 7775 2876 1146 4341 9070 9467 2115 4205 400 7446 5930 195 5015 4893 1519 6743 5436 2458 2772 886 6557 9679 7687 6021 1516 2074 2541 1844 3746 8049 8616 0 3963 5795 7696 5675 2212 1826 6953 9884 3051 8224 7800 6466 8103 862 8531 6369 2006 6413 6434 3446 1664 6937 7295 5676 2628 4478 4873 9595 1451 2597 5347 4733 4257 3662 5777 5395 6801 762 2144 2175 6089 1818 9361 3525 674 7678 4637 1193 4979 6271 6435 4480 8485 4640 9409 4460 7269 103 3309 6304 6196 9511 6369 7043 3159 2235 5736 8878 6766 8214 1144 6760 3775 4157 3987 9315 4064 7926 4455 864 2828 6465 9600 7366 4112 3 7621 2384 3286 9048 1588 753 3171 6695 8915 8257 2663 5381 8938 9083 9246 2034
4801 5699 9468 3620 6748 9938 7988 2360 227 227 6594 5690 9976 8533 868 4608 3114 7849 8158 702 7724 6696 6181 9460 8952 747 8296 2403 4354 6469 7898 9648 651 5381 37 645 9802 1079 5471 6232 873 8205 2264 8945 791 7293 9082 3963 0 1051 3224 5285 4809 6323 4929 7892 267 2074 2670 8957 3357 3381 8464 4801 6158 4167 9201 5193 2554 5730 1326 860 2372 4307 4952 880 6685 3140 9372 3023 3677 6307 6681 6594 4403 9965 555 3180 1005 8058 245 5222 8137 210 1609 6631 3128 8198 5825 4081 1074 1175 3445 9149 5476 2908 2765 4518 6163 400 6848 7782 769 4147 4392 9792 6585 3032 424 6182 1930 2505 9190 3895 7382 6336 7395 6814 3065 62 9598 2146 510 8866 5769 4363 6943 4295 3406 3193 9277 597 7151 1846 6995 5393 8426 5540 7826 4935
6951 9562 1575 381 728 2400 2990 817 190 1725 7978 9738 8133 3500 7004 4028 9712 4013 2334 9497 1980 7578 1750 4023 7518 3767 8666 9084 6301 2574 8664 1459 5907 2517 6404 2524 9461 5237 881 3598 3982 4404 9228 7442 1753 5507 1670 5795 1051 0 4706 2129 1270 4029 909 6682 3057 3357 4808 7715 6291 9548 6101 9474 2512 2852 5110 2676 5260 2407 57 4472 5657 3386 6519 8366 553 5899 6331 4930 6204 3157 1241 4992 554 8073 4832 2518 3347 5889 2305 8614 9043 7481 200 459 705 5594 6739 4906 7923 4737 564 4600 2105 2721 2865 9580 3922 1314 8399 5834 3090 79 2149 9715 8252 2603 2726 6921 357 2239 8934 8738 5936 2966 1592 324 4389 4104 2687 7017 2016 6865 9163 503 9744 3139 6403 6678 3070 4764 1127 5023 3579 3265 3458 3997 7695 2896
3529 988 7397 8913 8019 9592 3623 7064 3900 7603 1354 6441 1788 817 9836 1575 6164 1059 7542 6625 1039 352 4366 4255 9836 3285 2962 2540 7791 1504 357 749 4172 1938 7344 5139 8621 2931 8582 8392 1359 2974 3080 6990 9517 163 5776 7696 3224 4706 0 4697 1748 1148 20 6452 4599 9844 1018 8193 3030 2067 5306 1120 4213 4836 9257 4421 6826 7522 3770 1251 2261 5238 6709 2833 1443 3283 7195 2512 912 9658 1661 6310 1241 4139 888 8451 5970 6219 2652 3287 2531 8195 657 4885 2325 7965 8296 9361 659 5757 4465 5979 8740 7520 6302 9604 5105 3214 4382 5570 8499 2186 4530 9108 4562 7999 1068 4244 5614 52 5981 8918 2353 1357 845 3987 3283 9278 9411 2178 9139 5106 8748 4117 681 1124 2216 4787 2934 1170 5978 616 8304 7297 2485 2264 9348 2012
1543 5333 4015 2345 4867 3364 8066 3218 7882 9415 6297 4634 4634 9856 4694 9250 6613 7017 1962 6136 5357 6261 6383 5709 5153 6805 7628 1679 1059 6896 3987 8541 3836 7064 5381 7793 9561 4491 7690 9393 3229 5847 2057 6537 4694 4469 1574 5675 5285 2129 4697 0 7545 8823 103 7447 9009 4602 638 9448 6062 9597 4518 4822 7090 3080 6200 6279 6313 5451 4525 4475 8165 8628 8590 8976 6260 5449 4297 1782 2759 9863 4189 2265 2624 4087 5460 4783 6571 3926 3646 5064 354 63 548 2711 4908 7538 9747 1717 535 9425 7424 1971 8698 5508 5141 5206 5784 9112 2901 7049 6745 9985 1184 2428 1345 9499 5307 45 5572 2169 3452 7493 6345 7809 3706 2528 1319 188 879 4327 5345 8321 5332 8471 6692 2864 3240 6913 4406 7645 6684 1635 3430 1685 9978 147 1450 1539
3779 1131 4368 3390 1941 5190 8920 2965 8731 3993 3688 702 5133 4082 2399 4958 1937 1501 2845 5780 8525 3896 8731 8364 3498 4344 1164 308 367 7235 6545 4188 1536 9524 8509 4499 9157 8306 7282 209 369 7349 6777 2763 1022 8303 7100 2212 4809 1270 1748 7545 0 3244 8828 5754 7706 6430 8963 128 4424 8078 4320 9921 4446 5320 1606 3988 3314 6738 3340 3165 1763 1405 3262 4748 6087 7209 2137 1442 9181 1043 5610 7575 726 5112 7816 2520 9542 3393 6611 9301 5723 2728 3807 3122 7570 3500 2993 3371 5566 9829 2396 7655 3427 468 306 4286 3989 6348 9930 1655 5200 6019 2777 134 8443 7399 3843 3591 3144 390 7323 7646 5038 1914 543 2901 7874 2065 5394 3438 4376 1310 5899 4808 2977 3997 8391 5309 6903 1430 9239 7337 4758 2561 2748 2517 8272 9454
6377 3383 4107 5549 6348 2258 8395 5489 4950 3515 1883 7140 144 5925 3426 8287 1427 6962 2982 419 7144 1254 1714 2522 9528 4454 6607 812 5654 3813 4588 1076 2444 5506 6796 39 9267 2099 9722 7744 4437 5096 7670 327 8926 1335 6430 1826 6323 4029 1148 8823 3244 0 3019 7298 3925 9785 4526 1386 3717 198 849 6638 976 3256 3469 1960 305 951 7388 6652 3704 1533 3489 2969 363 9108 40 7759 4381 1475 4849 9946 7078 4932 5643 6816 2440 8860 2183 7629 8285 9989 7285 8105 3692 2723 7813 8862 2937 662 6443 7878 6195 2845 7358 706 9436 9441 2353 6407 6795 1028 578 1633 9327 9685 9665 6436 8562 8957 1391 5148 904 6576 4104 7048 9130 4252 5736 4747 9536 5477 3403 1493 4453 1956 1118 332 8185 6756 6809 214 3148 3905 7693 9296 3194 5232
