150
0 8506 6447 2291 1957 7304 2161 5360 623 1669 3974 1716 3396 5819 9604 5122 7706 6605 5087 4640 9322 4472 2903 5477 8671 5142 6077 1904 5207 6021 1263 9292 4637 6622 4283 4497 5823 637 3408 5806 9472 5714 8566 315 3238 5000 610 4247 6006 1105 27 7061 9177 5996 4529 3933 5344 7445 719 4807 7780 7272 1987 7001 985 4720 2628 8441 7908 617 4287 8712 4125 6339 7561 7835 6015 1474 2978 4413 3509 6719 371 3962 8311 3783 5413 6760 4493 9794 5775 2468 5194 5443 2324 241 3019 7425 9566 7841 7242 6703 567 2485 331 6935 5917 9488 4748 5459 2002 3254 520 3268 7390 3487 3768 2557 5575 9830 8979 816 7119 3793 3004 5767 6359 9794 6953 5751 1865 1310 2412 1111 7655 154 8424 879 981 6511 8619 182 1918 2210 7001 4165 1196 7882 1945 371
8506 0 2354 8587 7357 8457 9059 9553 8523 5173 5241 7614 5416 8233 1002 8824 3970 5060 3446 5680 2443 5166 8037 6547 7009 149 1993 7310 2432 6644 7963 5361 2159 9959 8545 6361 7389 9404 8045 3315 2088 1221 2258 7195 7514 104 4710 795 5787 6146 5477 7316 4942 5767 9335 6953 249 1664 5902 9127 4808 8175 2949 3706 6024 3901 1703 4404 2859 8097 8408 2146 9419 4160 5338 336 481 9631 9139 2944 8848 7725 2995 845 8536 3420 3425 2816 5624 7772 2795 4195 3929 7955 9954 1504 9098 8789 2825 6729 9718 9170 1654 5094 765 8484 6792 3670 9299 9828 3017 9597 4528 53 8402 2771 3035 9922 7864 9222 9484 8117 6839 3384 1170 623 47 8019 5987 4502 1248 2454 461 1794 2091 8075 2349 7887 9889 350 484 4042 7793 6770 1017 6604 5332 1816 994 9966
6447 2354 0 4650 3508 1898 3078 1448 1076 2058 2458 267 6792 1031 980 7170 2419 4867 4711 6588 2623 7819 5729 9472 2528 2940 8268 9402 9886 642 8854 6747 6309 161 4585 9621 3303 8087 1335 4477 3058 9421 995 9989 7688 6251 2303 781 9820 554 130 2164 7911 302 9774 5850 8443 6533 2284 1304 6959 8372 4629 6780 1671 3060 6821 2050 5149 741 7707 9318 7964 2399 397 6988 7664 1213 1708 4762 534 8780 9318 6468 4636 6301 6223 2219 3750 9897 6434 48 8188 4166 1560 5569 3221 134 8566 5084 9540 7959 1990 2906 9800 3925 2198 68 4581 2761 3200 8853 4236 6636 6678 4865 9045 4807 8036 3678 6509 6782 1282 8035 5428 351 8849 6969 811 4101 8139 1879 2629 5003 4855 9313 7668 3945 7174 6846 2662 7205 2929 8677 981 527 6285 5483 4010 6593
2291 8587 4650 0 9053 9072 6664 3193 2401 2995 9731 9253 4638 2404 2562 6993 2587 7139 4442 8938 7544 4681 9704 9398 38 1427 694 8078 1488 719 8101 6895 1921 8084 4014 739 5822 4795 1206 3679 916 3331 7547 2270 5131 7280 4508 6120 4604 1124 6709 4613 6630 2989 1745 9704 8344 2087 5634 9433 6950 8496 1312 7341 8381 7855 6897 3685 5941 3677 6688 8717 3302 7561 1062 8787 1741 2512 3833 3296 2924 9972 9951 8572 9733 9962 5922 628 6717 9387 5202 4962 4960 9750 4137 3495 4832 8160 3796 1263 4191 4099 4743 7843 2391 7278 6119 196 2267 2036 9911 2329 809 6714 1208 7184 8058 4713 7069 9 4403 1254 3094 7541 2390 5261 4456 3865 818 3351 955 1081 7558 7558 9316 428 8371 3251 3729 9689 87 7370 6361 1697 2710 8430 8811 2006 6976 8095
1957 7357 3508 9053 0 6965 782 5711 5821 1032 3135 4576 906 7548 479 2547 6619 3338 3941 9179 2243 6779 4340 9676 5051 118 7191 9264 5917 4175 2983 9478 6149 4485 2952 3760 6356 5610 1052 5016 6741 8657 9673 7202 2172 1400 8858 984 7353 6535 2817 2316 3178 6897 1670 7987 9358 2537 6960 9641 1822 5818 2804 3528 2844 6835 1755 8430 484 7263 6450 6369 9388 6846 4599 1385 4263 3441 8809 5724 6490 8494 9289 6442 2137 2593 2719 5691 4031 3656 1713 6041 6902 7666 1689 9815 757 6380 1525 7039 3234 4828 7865 8619 1065 3015 8826 7289 2752 2124 6369 4291 7078 7272 1483 7619 3610 4658 9755 580 4839 4340 5034 6163 9234 1211 1697 1417 9792 1265 7876 6550 5966 3960 5581 4582 4807 1810 2428 9838 5106 4335 1160 6442 5442 9946 7057 987 2820 6527
7304 8457 1898 9072 6965 0 1885 428 7979 7707 9652 3321 9607 5675 5891 4989 3653 5272 3228 7617 5738 6603 8466 3184 4696 6422 8381 1690 6305 4101 1195 4683 1428 3955 3466 4456 2361 8482 6459 6190 3099 7305 8014 8688 8493 3198 9201 7985 8112 2951 7211 7493 8218 3355 8518 1465 6384 1091 9638 7533 7908 3168 8660 7441 4895 4765 7169 2354 220 9969 8561 7962 4119 2356 9093 8876 9299 8431 2283 5457 2059 2960 5027 8927 2655 5308 4466 3986 6787 3218 8025 4311 46 4030 9801 4527 4931 8975 277 1178 3250 2787 611 5349 9263 9991 6802 2997 1332 8431 4836 213 2633 1190 8314 3758 6082 6433 2216 4202 9890 5315 26 8063 2713 9495 4511 81 2340 934 7909 891 268 1263 2190 2448 1189 6259 4964 4066 1653 3328 5525 1263 1432 4746 9623 1316 1837 3655
2161 9059 3078 6664 782 1885 0 1050 105 461 1017 7737 9368 4906 3075 459 6533 6277 3116 2425 2743 9863 177 252 971 2941 8971 1113 4022 7282 3283 4664 1603 5665 5674 2752 1832 5244 2314 6239 775 3455 3753 1452 6356 4885 7297 3053 7141 5832 127 7273 256 3329 6685 8409 3998 1957 2039 4690 3332 1177 4449 7772 4733 9704 7489 9685 9778 734 4061 3008 4743 3663 3099 1126 6476 1139 1875 8627 1289 4333 4875 3255 9464 4611 1481 6699 7993 9482 4646 335 3637 833 7056 4514 9345 2934 6864 7844 958 8591 8699 3455 69 4923 6311 9639 1845 7310 7924 4774 3284 2237 1597 24 3159 1245 343 1650 742 7921 4941 7063 9061 2216 4139 4103 2345 7111 8099 4834 1969 2608 6611 6645 2038 3977 4754 6268 6693 2972 8405 2164 3326 1295 6519 1398 9212 7395
5360 9553 1448 3193 5711 428 1050 0 8427 48 3890 238 419 8340 1436 3364 2944 2176 135 3996 1607 5691 496 6909 3581 6543 9511 8748 5216 3479 637 4682 5975 9547 817 7868 3036 8907 5782 1374 9731 9342 6646 5676 4344 4814 6277 3054 5827 3031 9433 4962 1575 1279 6266 3528 4731 4600 6075 8579 1600 3608 717 5089 5832 8280 7344 4406 1611 7590 1575 5736 1295 4326 2101 6681 3722 8747 2841 8708 1511 4787 6852 5281 8348 5545 4927 1397 7034 9269 2718 5214 5896 6109 7555 7095 694 7726 9342 2978 8244 5676 3812 914 356 9261 3996 1536 480 1526 2015 9986 6631 9314 6247 9469 8997 451 5273 9748 7215 3426 1607 567 5036 379 5186 8084 8592 6954 8049 7175 8041 4622 4812 187 4196 6966 6055 9490 4763 2836 1453 6336 4348 5334 6230 9371 8715 7867
623 8523 1076 2401 5821 7979 105 8427 0 3145 2826 5609 1190 277 4962 1572 3891 2286 1593 6024 5083 1118 1477 3878 3029 5187 2799 7032 7509 8661 4857 6791 3110 8196 9290 5488 8085 1076 5131 4535 8164 8046 7490 1703 8101 9728 7980 2051 2340 7716 2200 7505 4763 7387 3035 5806 5539 3559 1212 8359 9905 2401 9059 5934 9081 8735 3581 4106 1503 7788 2084 8107 6131 9313 5570 3038 5112 6603 8885 6768 5504 5059 9352 6323 3091 882 5230 453 6808 8372 4065 2902 8002 9292 2855 8564 3135 2971 166 6242 4864 4338 213 9521 4442 6122 2363 7167 2440 4351 1441 3599 3676 6652 8001 7095 5265 3381 5253 5647 6859 368 4932 9794 9351 4815 2011 6546 7356 9564 914 1791 6136 920 6327 8888 678 9122 6478 2022 1787 4493 3615 6082 2459 2807 5137 380 9811 3470
1669 5173 2058 2995 1032 7707 461 48 3145 0 3773 7704 2697 1128 7416 7484 3852 3002 9695 1390 5324 1119 342 1691 8766 795 465 5038 2508 2857 4569 6564 8303 7552 8625 4620 4737 6356 3639 9943 6484 8074 346 4036 3305 8136 2775 2043 7145 4864 7974 6983 3965 1944 6689 2496 2887 3078 8279 8107 8922 198 971 1139 4582 8757 5393 4664 6781 8530 1526 2272 3821 9957 6090 9769 9164 288 1994 9384 35 6312 1873 2498 6519 6820 5974 839 7073 803 9728 5827 5407 9624 1188 4012 8407 460 5253 1238 5279 8940 9134 9791 7682 133 2239 9509 7302 7999 4941 3401 3198 462 4022 642 7930 4931 7464 8200 3742 4342 10000 3671 2727 4873 8703 203 8670 4103 1674 3937 2120 7851 7990 5661 9549 634 9115 3262 9347 5699 4018 4503 7858 4356 846 7954 3981 8954
3974 5241 2458 9731 3135 9652 1017 3890 2826 3773 0 9097 6396 9909 846 5025 1826 8774 5722 663 9115 1267 9893 3679 9452 8155 2084 5462 7169 3038 7309 5786 9529 174 6562 2982 5318 4597 9707 3465 6180 4763 3745 813 6504 1943 845 344 9748 6669 2005 4516 5774 4517 5628 807 6751 2599 6370 2613 28 6975 1087 5505 6296 9305 4842 1903 2147 8466 4663 7343 4212 7667 7435 7873 8552 186 120 7250 833 7744 1058 5504 4876 6170 8385 314 8051 4227 4466 2394 6183 1346 3650 6515 6427 4197 7067 2991 5330 3708 3836 2568 529 4749 601 753 6590 5270 591 6536 8296 8020 8028 8566 5726 35 1147 4123 4786 2632 5616 3549 8282 9950 5319 3456 516 734 5355 84 9564 174 6140 2774 7708 551 5350 3572 1466 4201 3485 3417 3214 3564 3069 4549 3206 240
1716 7614 267 9253 4576 3321 7737 238 5609 7704 9097 0 2417 4070 7806 8923 1528 4828 9139 4589 2453 2767 5810 9810 9256 3484 7309 8545 3398 6688 918 9618 2775 9519 2556 5686 8859 6035 4470 42 3490 4878 1157 5273 535 336 9062 9003 5685 1595 8703 8346 4580 5906 5320 1918 6366 8607 204 9388 7201 1797 840 4455 6005 1686 4193 8487 6421 9058 8019 969 9053 8497 7412 5701 6990 497 2750 8114 9326 1914 4451 5620 6213 9229 2850 6747 9538 5874 4288 8244 771 5834 8231 1939 4274 7619 675 9201 2661 806 3151 5698 605 1447 9089 8615 4440 9338 7140 3575 989 2174 5794 8926 6789 8649 7981 5995 9236 7484 7281 681 3534 7770 3545 6744 1207 3447 156 6767 8338 1662 5418 7984 9262 6205 1650 308 1810 6050 6138 9075 2457 6394 2495 7809 4131 329
3396 5416 6792 4638 906 9607 9368 419 1190 2697 6396 2417 0 8478 8142 306 6066 1062 174 8444 2635 601 8243 4227 3367 9898 1484 4402 1188 2971 4698 3027 7771 7278 7975 2687 1801 6950 9970 4026 6808 9657 4338 7055 9398 2584 3586 468 2669 9354 5553 7615 2949 41 870 3243 9253 5166 3457 4536 3858 5605 388 2003 5561 341 5570 2904 5351 5574 2542 1314 124 4963 4056 6049 243 7642 1025 2247 3372 302 8644 6952 837 2624 9748 7276 8059 2565 3646 2033 2460 1443 3344 9791 4109 4136 2689 5191 5755 9839 5097 6119 8005 3080 3116 3351 9433 9645 6582 5109 9922 3848 8281 6619 5458 6248 2737 6857 9128 4538 8536 1530 8489 1521 6765 6802 9655 940 8316 7695 4589 9560 9285 9221 7500 1017 8450 9255 9342 1229 1179 4871 8371 3120 6717 7458 9731 5824
5819 8233 1031 2404 7548 5675 4906 8340 277 1128 9909 4070 8478 0 8702 8815 2908 3395 3629 1999 9989 8054 7218 4445 3843 1696 1961 7863 6611 2 3462 4677 8932 5339 4243 6874 1973 4687 136 6186 6537 4565 8648 2878 2540 5935 8635 4335 2261 4515 5311 7198 8955 2205 0 4570 4796 8815 9089 5320 6214 9611 1505 5575 5386 4009 617 2510 3125 3262 3599 9426 2635 2143 6151 7856 2158 2299 3755 4139 9415 4956 1886 2672 7376 967 9630 4597 6993 9049 3559 6075 1304 1616 1998 4392 881 3656 4303 4147 4317 6515 1497 8383 9774 4934 5118 4808 2903 3216 865 6938 3918 4183 1382 3633 5364 4777 8028 9421 1314 5607 7646 6758 4440 8592 8170 4576 7122 4253 4189 5444 6785 466 2186 1169 8724 3443 9874 6339 6037 2219 9717 9830 5052 3396 2915 9997 8009 5808
9604 1002 980 2562 479 5891 3075 1436 4962 7416 846 7806 8142 8702 0 1695 459 6531 8552 1618 7364 9873 7164 6264 2860 1151 8637 7039 9891 2094 4790 291 4155 1972 1901 1424 9552 4545 8966 7500 7413 6064 9885 453 1898 110 4100 3955 5340 6753 9622 9978 7112 523 1692 6041 7886 3086 3964 7521 3333 3881 1033 2393 9656 4627 747 7018 6461 5760 5428 692 1122 1613 7478 4452 9187 2364 2172 9473 9637 1439 2479 1921 2481 4743 2911 8018 4406 2109 921 6056 6083 8448 9071 2325 2913 5475 6203 3058 6090 7507 4593 7868 5134 1511 3823 5684 8167 6613 23 5461 4707 472 6299 2566 7208 7151 5452 8990 499 330 8982 121 4642 2004 2634 4714 1708 1752 1689 5619 2711 3406 1774 3593 9463 4616 6147 1086 117 7509 904 1943 5793 5942 9076 4997 8471 3733
5122 8824 7170 6993 2547 4989 459 3364 1572 7484 5025 8923 306 8815 1695 0 7380 2639 9127 6190 9087 2629 7173 7714 5187 3712 4657 1235 7708 8027 1213 2821 14 2876 9438 3181 4332 9773 2555 8711 881 4232 1573 6610 3083 1582 9959 8650 170 8500 2483 8906 730 4555 9166 6929 4640 6609 5719 2341 1265 8564 2600 1217 1237 4013 3358 5550 7248 2173 8345 8794 4244 3460 7817 9108 4076 8842 2081 5417 4468 1775 7661 8076 7621 5368 7526 3064 5956 617 2670 9962 2194 142 4161 794 2761 7641 1132 8098 20 7302 2751 3755 1835 3657 3800 452 7288 6584 7850 9272 637 5481 141 9922 2258 8650 7436 4142 8484 1323 3986 4146 7258 2602 175 5085 1130 6648 9428 5875 201 8770 9130 5257 7147 2175 1490 5665 6234 6780 8656 2890 2240 5165 2994 417 3848 930
7706 3970 2419 2587 6619 3653 6533 2944 3891 3852 1826 1528 6066 2908 459 7380 0 3068 7923 1677 9356 3991 6427 45 641 6269 7250 8109 4161 6241 277 8381 621 9165 1667 6883 462 6495 2015 3718 6500 884 8401 5249 579 3338 752 6066 7165 4952 9408 1390 9838 8733 4438 6184 2739 2430 9438 5667 7265 4622 8955 7424 4411 9068 9270 4106 6008 9162 6594 1631 1863 9536 1800 1854 6880 5840 8560 1974 1006 9002 1753 5643 3727 404 819 4285 6331 1516 6232 4867 3020 9517 7574 5344 956 2757 7281 4663 7857 6133 1964 5104 771 346 6554 9231 8160 8323 9965 9973 6172 3024 2859 2166 7961 4470 6080 8947 7027 1941 1955 9405 7531 7315 5865 8954 5737 2683 9746 8870 5972 5717 3529 5469 7358 2961 38 5678 4266 4399 6703 1748 532 5618 5698 8501 1653 5780
6605 5060 4867 7139 3338 5272 6277 2176 2286 3002 8774 4828 1062 3395 6531 2639 3068 0 9153 8019 5699 714 5008 9080 1612 6248 6360 9655 2211 1949 4651 6453 6403 4907 9971 9900 5226 7235 9255 5459 3994 6824 640 9050 9099 5005 8069 7264 1176 3014 4960 8483 9415 210 9528 3251 2405 2965 1036 9311 7265 6850 2724 7439 5011 3593 6631 480 8608 214 3786 5591 9870 3805 8744 9313 1504 3166 1583 4969 2332 5924 7873 5857 4761 2987 7583 5232 4386 1837 5912 4993 3572 9802 3013 1876 3033 9318 6884 5268 3456 2238 7179 932 8784 6844 8104 7859 4587 7902 2338 5293 1203 9174 8042 473 7451 4996 3054 4521 9737 5767 8115 2305 7724 6895 9557 1359 4108 4963 3426 3810 39 5408 3003 1074 9594 326 6754 9584 5210 6928 9303 5270 5967 6028 1965 9720 6552 762
5087 3446 4711 4442 3941 3228 3116 135 1593 9695 5722 9139 174 3629 8552 9127 7923 9153 0 254 9352 8438 8851 8534 5386 191 3874 3116 466 8445 5005 3544 9084 7292 3908 1940 1654 8963 4884 4542 2015 6936 2188 8738 2107 5495 5515 2634 6761 8253 7125 3251 9126 9704 8899 9478 8088 5862 381 129 2973 6214 6228 4177 7869 4724 7196 8556 7563 7350 3782 2786 5479 3177 5020 5298 8838 1400 1607 2700 8944 3259 5315 7462 214 805 2460 9393 9652 4402 5597 746 624 7127 2082 8674 993 9850 6160 8331 4272 829 4352 8036 5196 5875 1972 4337 804 3972 3206 5507 55 352 4752 7448 6799 4138 6782 9056 1849 3105 3840 3102 4854 3644 4634 2843 4726 9863 8442 8549 2979 6971 9247 1236 2736 1935 2757 2699 3927 6214 1860 7069 6654 2985 1280 7747 6294 2293
4640 5680 6588 8938 9179 7617 2425 3996 6024 1390 663 4589 8444 1999 1618 6190 1677 8019 254 0 1367 7313 566 7794 5183 2917 5768 5631 2534 8010 5874 7579 4490 6588 3081 6007 1908 9984 5262 6846 5357 3519 1399 5412 9475 8350 7546 884 5952 3227 3235 6339 5043 3086 2051 5578 5073 1916 8507 1907 8266 8152 8160 239 8952 2701 969 9063 6167 2 5599 7900 7036 1832 5297 5804 7036 258 4782 5184 513 7169 5451 2263 5829 1381 7372 2107 6172 9153 4334 6751 9553 7372 1248 3752 7525 1919 7797 741 2521 4483 7041 8463 2831 812 8041 7616 2910 9499 7805 4004 4863 7797 1443 5474 6268 3078 9350 1679 9575 9195 7697 322 67 3931 8619 6971 7397 207 645 5196 7677 3932 1885 5888 3766 5652 2476 779 4831 2801 7938 3574 6212 1958 3838 2989 792 8020
9322 2443 2623 7544 2243 5738 2743 1607 5083 5324 9115 2453 2635 9989 7364 9087 9356 5699 9352 1367 0 3414 6755 9944 8397 2105 1149 654 91 9788 6280 6276 4416 4929 9326 864 7211 3667 8112 5937 1468 3853 4255 5153 6671 7684 4954 6678 9963 357 7921 863 9971 4145 9820 2023 3598 6839 4437 4722 17 8600 1432 8677 1139 5151 3611 1002 1015 4470 6287 7375 4956 295 8501 2122 8024 4851 3857 9802 8242 8137 2872 4349 29 1628 9206 458 5671 6585 8716 365 8045 901 5632 3306 9303 8016 9851 2233 2232 8601 750 375 6504 2280 5857 2686 6745 885 8667 5412 8507 3486 6901 369 7260 3948 9401 7241 994 5922 8932 6222 2188 8092 7545 4976 4293 8803 9394 2697 2475 1547 1735 7137 8962 8488 1963 1789 1815 5964 9045 1951 6361 2921 9488 6749 5939 1373
4472 5166 7819 4681 6779 6603 9863 5691 1118 1119 1267 2767 601 8054 9873 2629 3991 714 8438 7313 3414 0 5382 1353 9558 1976 7310 7781 3570 7585 8925 6055 2437 7182 7207 967 6305 6980 5293 6676 5499 2693 9260 2080 7562 2612 920 7704 4184 2735 1188 3488 6489 5611 9340 8085 3713 2335 8364 9055 4310 9162 8073 8478 7117 1950 4133 3445 2331 3300 1337 7553 9660 318 5200 2734 1784 8064 2123 1955 8654 5814 8825 6382 4695 8829 9032 1791 8903 910 1816 9228 5773 6692 5500 6766 4849 8411 2383 5808 5988 4904 5395 5811 2025 2414 6934 423 5620 501 6225 1037 9334 7504 6250 7973 8712 731 4360 3970 589 1567 3659 7526 3522 9544 9945 7673 5786 2683 5760 9631 4094 7065 9870 5336 5274 5205 8696 3575 9025 8105 3780 3915 3300 8981 2430 664 834 2666
2903 8037 5729 9704 4340 8466 177 496 1477 342 9893 5810 8243 7218 7164 7173 6427 5008 8851 566 6755 5382 0 9588 3136 5530 621 740 8916 4845 6415 7937 4565 9817 7116 4687 4322 909 790 1046 9777 7261 3838 3200 408 3101 2290 1217 8870 1450 8800 1317 2774 611 5058 669 8 6663 5495 1553 5768 2347 4329 3186 2140 5664 8156 1318 1793 3046 9015 9515 1160 6814 5319 4323 1770 9426 2087 7026 8750 7766 466 4731 6731 6328 4682 3819 8232 7125 5848 366 3933 9447 1964 1676 8579 3635 2913 6705 4951 3124 3161 6043 9344 7208 852 9874 2964 6687 5387 818 8707 6650 3370 5689 8195 168 4066 9188 1880 3759 993 1805 2323 8477 3850 5822 690 4935 89 6944 3044 7533 4441 6987 2416 4387 1422 3660 2655 9075 143 7479 4589 5615 248 8094 3769 5952
5477 6547 9472 9398 9676 3184 252 6909 3878 1691 3679 9810 4227 4445 6264 7714 45 9080 8534 7794 9944 1353 9588 0 4270 175 595 9601 3699 8484 5997 8150 5940 6232 3437 1285 5101 1645 1169 1705 989 7092 3258 6278 8177 6351 5217 3128 792 8703 6263 538 416 3506 9132 8597 8023 1170 2315 4837 5496 9186 1074 5597 6985 914 4743 7724 740 6578 3509 4689 2115 2978 1349 8680 2769 1916 4149 720 2017 6105 3554 7936 288 171 4557 4386 7224 8411 9396 6183 3965 1951 4268 603 3749 8857 5214 3449 3217 7910 2973 1912 7364 2422 1087 1219 9769 4936 5726 3703 8353 4163 4404 7641 9890 99 231 1178 388 1302 987 9678 4199 5737 5017 2742 4028 5700 2254 5822 5923 5417 205 3443 2191 426 5768 7342 3685 3538 6661 5768 3110 5856 4382 7642 6164 1678
8671 7009 2528 38 5051 4696 971 3581 3029 8766 9452 9256 3367 3843 2860 5187 641 1612 5386 5183 8397 9558 3136 4270 0 4415 7810 8388 1101 5287 9867 591 3644 7037 1847 4984 4935 904 3541 8402 4667 826 669 2114 5501 5809 4572 4920 6427 3298 8571 3086 5863 422 2547 4265 4266 5994 9240 1983 150 549 4820 8398 2968 9167 6633 6743 3712 4952 1230 1566 5602 6397 4960 1483 698 4911 4663 2220 5236 5662 8918 3323 9542 3288 1030 9191 5475 72 5066 4219 5646 4447 412 9344 8620 8459 8006 448 2690 9542 5683 8642 3209 5512 7292 8136 1341 6130 3365 7973 7835 6779 4602 2782 678 7200 461 3916 5744 9339 6800 6074 538 6536 3764 9266 6942 2546 9500 6084 9511 2272 8665 2117 39 4409 2236 7546 5606 9103 2272 1991 3418 2845 8028 6546 8995 2329
5142 149 2940 1427 118 6422 2941 6543 5187 795 8155 3484 9898 1696 1151 3712 6269 6248 191 2917 2105 1976 5530 175 4415 0 8498 9256 1250 5884 4780 141 2914 421 5466 5918 8159 3542 4278 2388 877 6186 9207 2810 965 6181 3562 5929 2272 1176 8358 6904 909 1921 4809 2585 9822 6182 5670 6742 4208 5532 5567 8290 3431 9489 8238 8683 1976 8418 142 5315 1915 1557 4676 9863 6192 829 8097 6603 6469 4280 8542 450 1491 3520 7749 1719 2665 9587 7960 4926 8674 8103 2435 5738 4080 6992 9074 2742 1974 8985 8400 7238 9017 2413 9728 9043 3232 6849 8251 9578 5695 9451 1893 9494 8322 3901 4981 5134 7512 5100 5763 6853 7566 9507 5666 2475 9543 7716 1787 2119 8870 5087 2106 5655 6420 6423 1225 182 1391 294 4520 9489 5313 9231 7463 1658 9991 7522
6077 1993 8268 694 7191 8381 8971 9511 2799 465 2084 7309 1484 1961 8637 4657 7250 6360 3874 5768 1149 7310 621 595 7810 8498 0 2077 4154 348 6777 2152 2553 8844 7977 1693 9141 3029 1149 3103 9973 6843 7245 1225 1260 8623 151 7391 506 8871 1104 7952 8222 7061 1006 7225 5860 2940 4707 3926 7101 614 9600 1719 2630 6611 1345 45 5178 4665 4598 4597 5983 703 8558 3300 7235 8129 6753 5448 6072 77 4785 5717 4077 3729 986 5261 912 8717 8101 3913 1199 8821 6897 2174 5452 3682 4698 6855 9238 8414 3362 6411 7936 199 8872 4047 1607 2913 2397 1585 4676 6844 8480 9555 397 3224 6446 6072 7979 7694 1105 822 9926 4830 6182 7569 7443 2504 9337 6564 2236 390 5349 9341 8723 5629 5633 2880 9916 8932 5346 3147 354 9284 6113 8603 2873 9063
1904 7310 9402 8078 9264 1690 1113 8748 7032 5038 5462 8545 4402 7863 7039 1235 8109 9655 3116 5631 654 7781 740 9601 8388 9256 2077 0 5557 4467 3396 2481 6335 6905 3743 4782 9902 9326 2817 7554 7005 5679 2178 1723 8894 1859 5401 5433 2749 1578 9063 9109 1841 6418 1634 2816 6507 2177 5071 4401 1946 9197 7719 4724 1548 4821 2008 8119 6841 8765 3192 6089 6438 6408 8893 7233 2366 1443 2990 3917 3812 6467 9889 9034 6959 4782 1631 6547 1342 10 9599 4125 4997 1108 4632 8608 421 2376 1668 4759 1716 9307 2867 5039 5754 5053 7264 2834 2902 9443 44 9511 2586 3398 9954 9475 9276 4646 8023 7482 5227 3248 5805 961 7374 6941 7473 2206 2931 3734 5601 5932 9111 1577 3148 8687 4862 8401 7012 943 1903 3827 1455 7266 9273 5609 6587 6779 2826 1958
5207 2432 9886 1488 5917 6305 4022 5216 7509 2508 7169 3398 1188 6611 9891 7708 4161 2211 466 2534 91 3570 8916 3699 1101 1250 4154 5557 0 31 8061 5939 7972 6373 9856 2211 5149 4242 1484 7776 7052 814 1417 3536 8996 8096 5850 4520 1736 5440 7391 5376 5665 7023 8431 4578 5525 3387 3342 756 7883 4850 4651 4989 4791 4828 3235 6884 8134 154 5606 6140 7177 4295 5980 9653 3634 8528 917 7725 7645 1128 4985 5537 8578 8403 8960 56 3484 383 2987 5185 7532 2163 8293 249 9880 4622 8813 1217 5909 6323 2803 6196 7128 5248 9647 7225 2485 7302 1041 5372 5154 4778 9651 7022 7433 6896 9487 2391 5114 7448 9094 2139 4514 9024 4566 1288 1579 2522 2705 5079 5110 4568 6108 2488 7463 9979 6173 2781 7042 4505 4827 8009 8889 4857 8407 4574 6437 1459
6021 6644 642 719 4175 4101 7282 3479 8661 2857 3038 6688 2971 2 2094 8027 6241 1949 8445 8010 9788 7585 4845 8484 5287 5884 348 4467 31 0 1811 5157 8185 6497 9887 5104 864 9631 4842 7378 8616 4681 9377 7543 3897 2165 3681 9482 2024 6716 5464 7636 2309 1536 733 3302 4528 4566 1252 978 9147 2849 7732 2792 1515 4190 578 6679 1839 4268 4358 2080 4274 3978 261 1655 5978 5236 1541 4104 5736 250 3532 4807 5896 4962 2961 9421 3214 5338 6466 1638 2890 8336 5525 9441 6972 9029 6228 4216 3896 8116 1139 6299 5585 6878 1262 3418 3903 8920 7880 1118 1363 2876 9283 4095 5375 9874 3729 3017 6605 3793 9610 4640 4608 5196 6073 9741 706 7767 5650 982 8390 3281 9317 6444 2137 5400 5510 2070 8643 8459 2655 2875 1149 7370 4956 2428 5889 8069
1263 7963 8854 8101 2983 1195 3283 637 4857 4569 7309 918 4698 3462 4790 1213 277 4651 5005 5874 6280 8925 6415 5997 9867 4780 6777 3396 8061 1811 0 5947 7476 2243 9187 8375 202 2583 1012 1381 1299 7880 7197 7591 1308 9147 4476 9115 1039 4744 1805 6345 8700 6178 2186 675 1075 9365 2497 7256 4288 4435 4423 518 4109 1228 3873 1844 7466 2078 3634 6173 862 5563 5485 5390 6172 5941 6364 9507 7984 5626 511 3019 8634 4088 2323 7413 8124 7835 4579 702 7635 3225 644 5344 2305 9658 3873 7538 5910 5207 1277 4369 4070 1177 5132 2005 7571 5256 2864 8917 8003 6230 2410 9473 6937 8729 6896 8366 8342 6544 7306 7870 772 3825 6464 3771 6441 5320 9904 9347 4237 942 9549 7583 1873 664 5084 1133 7412 6115 353 8900 5214 8448 6358 1617 2418 1579
9292 5361 6747 6895 9478 4683 4664 4682 6791 6564 5786 9618 3027 4677 291 2821 8381 6453 3544 7579 6276 6055 7937 8150 591 141 2152 2481 5939 5157 5947 0 5201 9293 2910 72 4966 447 6957 3691 2616 5420 4694 8835 8427 6854 917 802 8364 5658 1801 9898 7200 208 3672 6995 4522 6566 6329 259 8311 4074 8119 302 592 1137 8116 2209 9918 9395 7095 7193 3574 2692 9139 9828 7168 5453 6337 6472 8165 8177 4606 341 1532 3468 1527 4219 6682 7275 6415 5437 6065 3053 8129 6980 7219 4661 505 2355 1241 7230 7255 2038 3729 5558 3692 4937 2309 218 6448 3750 6764 7102 8915 9114 2657 2198 1093 3149 3607 1654 2991 864 4956 9836 3245 9606 4599 497 6109 2674 6139 8965 1131 3066 6409 3633 1072 3201 1355 1934 277 6027 2276 3360 8914 2334 1018 8065
4637 2159 6309 1921 6149 1428 1603 5975 3110 8303 9529 2775 7771 8932 4155 14 621 6403 9084 4490 4416 2437 4565 5940 3644 2914 2553 6335 7972 8185 7476 5201 0 3050 5020 9728 5033 4387 579 210 5413 5570 7989 566 6556 257 3387 4134 2933 4948 3869 2559 40 9943 3960 2636 2128 8512 8993 7540 4984 3222 6141 5984 632 1242 7243 4825 4065 6059 3240 1476 7045 8103 7647 8604 9213 4297 7499 5528 6330 4775 7757 671 5387 800 2010 1119 4365 6472 7473 6337 714 7797 7107 2159 8581 9790 6433 707 8705 7820 1699 5103 3013 2211 7488 5836 42 3747 9876 1159 8886 69 7623 1649 225 5381 1148 8903 9226 7310 2438 2218 5589 9452 4552 8966 9095 4459 7538 2895 3496 3167 1372 5741 2337 7177 8332 4330 3421 6660 9126 8334 908 5333 6448 9272 4083 4044
6622 9959 161 8084 4485 3955 5665 9547 8196 7552 174 9519 7278 5339 1972 2876 9165 4907 7292 6588 4929 7182 9817 6232 7037 421 8844 6905 6373 6497 2243 9293 3050 0 4631 1944 678 1490 6893 8947 7887 8874 6672 1045 560 9096 618 2680 7929 3072 5440 9121 3682 6267 8476 5202 8112 5163 9121 8294 1555 8808 9825 6908 9064 6130 8318 7266 3441 9545 1299 3238 9423 4849 8689 8476 6295 3856 2864 5886 7001 3619 8011 2398 3100 5898 824 977 3021 7673 6171 1303 942 6037 6974 2559 4618 3392 2868 4453 4512 9175 9617 8938 7297 4021 3321 2119 1788 246 3855 3012 2396 7123 7017 818 1793 9748 3091 6016 4873 5934 5144 9455 1716 915 5579 3668 8473 9751 6459 9235 293 6614 1404 3187 5361 3644 4820 3500 1261 2376 9671 8411 1682 3144 8923 3406 5979 7858
4283 8545 4585 4014 2952 3466 5674 817 9290 8625 6562 2556 7975 4243 1901 9438 1667 9971 3908 3081 9326 7207 7116 3437 1847 5466 7977 3743 9856 9887 9187 2910 5020 4631 0 3611 8116 8243 1731 6268 9588 1309 7821 5207 8196 7085 9634 3213 1451 7699 2186 9194 4678 8122 572 8592 7013 7976 2271 6370 8913 835 2544 9559 8371 4223 4286 7699 4226 8272 1020 9403 6481 5030 2590 6994 6083 8989 2586 572 4448 4659 1734 6547 3491 2408 7795 8108 3041 605 7085 3186 6094 3907 5249 4121 6334 8373 9301 3572 7582 5859 4738 5453 4517 9228 9854 5354 9403 3005 6914 54 9071 8426 7819 5564 320 681 1091 1080 235 2681 4491 5804 6858 8775 8593 3102 8247 6924 4809 7292 6222 8185 1623 9273 8167 3052 1575 3227 4663 2412 7180 9876 805 8879 9427 2334 2503 5525
4497 6361 9621 739 3760 4456 2752 7868 5488 4620 2982 5686 2687 6874 1424 3181 6883 9900 1940 6007 864 967 4687 1285 4984 5918 1693 4782 2211 5104 8375 72 9728 1944 3611 0 36 8828 9002 4783 5618 6938 232 2268 9138 8660 9530 3722 3682 7875 7486 9502 3863 8274 4601 4960 1787 1209 2875 4284 3325 1327 4375 9472 5574 2442 6884 6341 3922 8875 1259 3271 8479 9302 7910 8758 8396 8005 5712 6917 7921 8371 1992 3109 7973 740 9431 4162 1959 3247 5520 6589 8423 9107 5204 2440 8626 3251 4627 9611 1278 6757 3208 4786 725 4358 1739 9252 6350 7777 7721 7565 1634 8275 2155 3802 2428 1582 6309 5070 17 3076 2731 7935 5684 3453 3547 4241 6059 6700 3196 3712 1145 5820 4170 1885 2623 8068 9033 6622 1243 7046 7944 8149 8594 4896 6733 4474 7199 7054
5823 7389 3303 5822 6356 2361 1832 3036 8085 4737 5318 8859 1801 1973 9552 4332 462 5226 1654 1908 7211 6305 4322 5101 4935 8159 9141 9902 5149 864 202 4966 5033 678 8116 36 0 9485 1686 3454 4601 8747 1325 6077 9447 6737 9300 4873 8963 5614 8609 3448 5482 394 1462 2051 3549 6685 9154 8340 3694 2325 618 3734 9068 8710 718 6129 4405 7640 695 8847 4743 2309 140 9734 3984 9274 1786 1267 9707 386 1309 3883 23 6796 8507 6991 1751 2325 2767 404 3190 2395 6453 250 7906 2478 6900 8915 7878 4235 3168 1507 564 7551 3629 2798 5159 4917 4947 2085 8530 0 9640 3473 4607 8971 4404 8272 4647 6719 4804 434 2842 6707 5803 168 4931 8860 9542 6266 5229 464 9962 197 3572 5514 6590 8047 4508 3293 6765 7605 6567 8340 5726 9614 8478 3894
637 9404 8087 4795 5610 8482 5244 8907 1076 6356 4597 6035 6950 4687 4545 9773 6495 7235 8963 9984 3667 6980 909 1645 904 3542 3029 9326 4242 9631 2583 447 4387 1490 8243 8828 9485 0 6392 3740 9721 9810 5342 7484 9785 7310 2735 621 9558 4869 7448 7418 9255 9473 1512 8360 140 879 905 4723 1593 4998 81 7863 2614 93 8075 5921 5588 6902 5336 691 4219 8240 3745 3132 8167 6633 7806 3687 655 9707 4096 7688 9998 1498 9020 4166 8515 3102 5207 5362 6275 3929 6524 2273 1481 5747 6769 242 1049 9414 4873 1867 2752 8142 3425 3951 2610 8873 2830 4490 591 363 9271 8663 2761 8002 2408 7951 2248 9982 7434 9323 3608 6360 913 189 8209 2158 5833 7094 7647 3871 5468 3685 3511 2460 2222 9005 5204 3599 6751 7929 2261 5960 3449 8585 2126 1895
3408 8045 1335 1206 1052 6459 2314 5782 5131 3639 9707 4470 9970 136 8966 2555 2015 9255 4884 5262 8112 5293 790 1169 3541 4278 1149 2817 1484 4842 1012 6957 579 6893 1731 9002 1686 6392 0 467 3583 3543 8202 1290 658 4276 1244 7581 2028 3993 4973 7082 794 5474 6844 9540 3430 3003 5738 7753 2272 2161 2846 3851 7464 8941 6881 5494 6943 3804 4468 6352 8362 7967 642 1018 8402 916 2588 4931 8300 4358 6761 8119 4130 2296 5128 5529 4348 9643 7484 4204 9226 4330 4045 5289 6366 9099 8027 632 7839 4940 3917 993 1028 9672 5246 7381 3632 8721 969 9102 9751 3843 3624 4439 9356 9532 6316 6654 659 8483 5968 311 3200 8496 2526 7530 2885 2972 5446 106 6531 2517 199 3083 612 934 7789 1713 1244 3046 8628 9061 24 8497 8820 4584 8773 7798
5806 3315 4477 3679 5016 6190 6239 1374 4535 9943 3465 42 4026 6186 7500 8711 3718 5459 4542 6846 5937 6676 1046 1705 8402 2388 3103 7554 7776 7378 1381 3691 210 8947 6268 4783 3454 3740 467 0 4234 1649 2079 4905 1042 6466 2619 3132 4521 1505 6337 483 4130 3284 6225 1420 8469 3944 4323 3760 3084 5525 1194 3615 2858 6307 5959 8039 1113 6162 3420 9132 7150 6157 395 7757 8711 5645 1054 7483 3691 1493 4119 186 3465 7065 386 2924 4702 7091 7335 1436 9457 2347 9637 492 3166 9745 5424 5150 9065 4387 8499 3899 4405 3053 4335 8235 2200 937 7859 2658 3969 3304 7233 8840 551 1053 813 4186 2425 9553 9 4580 6310 7699 8610 6475 8296 7662 5350 4169 3166 4894 3805 3762 9356 382 7636 7700 2709 2831 4751 4715 7926 2090 4775 9870 2424 3263
9472 2088 3058 916 6741 3099 775 9731 8164 6484 6180 3490 6808 6537 7413 881 6500 3994 2015 5357 1468 5499 9777 989 4667 877 9973 7005 7052 8616 1299 2616 5413 7887 9588 5618 4601 9721 3583 4234 0 6259 8191 5527 2612 1327 8702 8666 1576 6430 1907 1755 9942 8199 3461 6383 6961 1310 2020 9429 7375 9566 3682 1171 3201 7289 9364 2801 7686 3521 1629 3407 1281 3488 5315 8852 5591 5900 1916 9238 6516 4648 1012 1118 8923 6559 6624 1921 2892 7804 9773 6717 2184 6874 5535 4245 8267 7847 8303 867 7978 6321 3258 8482 8771 3202 4232 8533 9817 7013 621 3584 5948 4484 418 7482 907 1119 5214 7973 19 6900 2764 6032 8086 2514 3401 3496 7383 8494 2718 4278 6794 3402 9444 3973 9774 3747 7278 2648 7117 4438 2956 2899 2227 7064 1875 6365 4432 8063
5714 1221 9421 3331 8657 7305 3455 9342 8046 8074 4763 4878 9657 4565 6064 4232 884 6824 6936 3519 3853 2693 7261 7092 826 6186 6843 5679 814 4681 7880 5420 5570 8874 1309 6938 8747 9810 3543 1649 6259 0 3709 4691 1170 502 3061 5312 822 8850 9147 5335 7109 6042 656 5472 2819 5196 6795 5427 7112 1556 27 221 8966 4111 4875 6095 3750 7920 2550 5558 2082 6381 1594 3783 3455 5934 6246 2291 7987 9364 7447 7446 1148 4199 9579 4808 5118 3043 3338 7069 9615 9030 9065 7380 9659 5843 8908 9258 6457 3628 3836 4047 9070 3752 7071 840 1696 1313 526 9702 4492 2851 1534 3222 9459 2929 7678 6675 9748 1604 6257 1249 9736 5191 5140 3333 5126 5391 3045 6302 4567 5556 9787 3771 4978 9166 5098 2632 359 1969 5710 2009 3079 919 1142 7635 9011 6823
8566 2258 995 7547 9673 8014 3753 6646 7490 346 3745 1157 4338 8648 9885 1573 8401 640 2188 1399 4255 9260 3838 3258 669 9207 7245 2178 1417 9377 7197 4694 7989 6672 7821 232 1325 5342 8202 2079 8191 3709 0 2350 6422 7285 4844 8978 5774 9795 417 6825 9913 9084 9889 2974 5464 7705 9471 5215 7399 2707 3010 994 7891 9126 3643 684 4138 5961 7194 8111 5838 8863 8574 1659 1976 1011 4363 7762 8031 7847 7549 7413 5006 8053 2455 2689 40 688 7812 2614 741 1959 3245 3013 1901 520 4323 4867 6041 1849 5660 9552 6848 8391 2951 4759 3824 3932 1373 5585 6493 4797 3717 7232 7166 5906 6103 4206 1421 5922 1475 3245 167 4847 6130 4073 4983 9892 9171 2538 2911 2089 3505 7625 4853 4834 168 6486 6891 4821 428 5106 52 2182 3185 7127 9253 9392
315 7195 9989 2270 7202 8688 1452 5676 1703 4036 813 5273 7055 2878 453 6610 5249 9050 8738 5412 5153 2080 3200 6278 2114 2810 1225 1723 3536 7543 7591 8835 566 1045 5207 2268 6077 7484 1290 4905 5527 4691 2350 0 4442 8179 7252 4451 3436 6553 191 5351 7467 624 2929 6824 2000 4542 1650 9076 5694 5156 798 8406 7752 2811 7812 9136 7835 6187 6018 281 3349 1805 4511 1450 4943 6523 5693 8584 4048 4585 7259 9277 6653 6115 6683 1649 4413 1755 1361 8172 7461 6699 8992 9842 1302 9395 9914 1388 8786 2491 2187 4145 1906 8219 3768 499 5648 2609 5381 8444 264 8426 9712 3071 8965 5854 5608 9318 1135 9882 9914 6126 4814 3720 2088 2261 9355 9604 5724 3020 3683 8320 3011 2371 6382 9998 3611 1520 1634 9125 1723 4698 1302 1849 1114 1551 4355 1431
3238 7514 7688 5131 2172 8493 6356 4344 8101 3305 6504 535 9398 2540 1898 3083 579 9099 2107 9475 6671 7562 408 8177 5501 965 1260 8894 8996 3897 1308 8427 6556 560 8196 9138 9447 9785 658 1042 2612 1170 6422 4442 0 9133 1425 4574 1171 8211 8737 4530 8017 7121 4233 1393 5562 4264 3864 6483 5432 1333 7532 4759 7653 9832 8271 2243 4198 7968 128 2342 9313 1013 3108 8997 8045 6219 4732 13 4705 1996 5780 5096 6278 8885 6004 1575 3369 7794 7493 6383 9084 4502 2098 7207 4409 5810 1704 6651 1269 5101 1599 7415 568 3707 4048 2885 9084 163 3110 6007 8195 8972 5502 779 4306 4969 7696 609 5505 3391 8790 2820 7917 9043 4588 1398 569 9189 9778 6720 2020 4240 7379 844 5851 2549 4092 5272 1188 1224 9984 3155 8195 5909 6178 6073 5960 3972
5000 104 6251 7280 1400 3198 4885 4814 9728 8136 1943 336 2584 5935 110 1582 3338 5005 5495 8350 7684 2612 3101 6351 5809 6181 8623 1859 8096 2165 9147 6854 257 9096 7085 8660 6737 7310 4276 6466 1327 502 7285 8179 9133 0 1846 2429 7597 6088 147 7633 8276 3979 636 4183 7633 3111 2919 9846 5700 1796 7904 7697 4630 1517 3981 7352 4793 1907 7832 8263 1915 4850 976 6739 1967 8697 603 8210 2251 2973 6310 1620 7362 4475 245 7188 3068 9815 513 3411 2304 6703 6183 6438 2495 5624 5505 6812 1045 8383 9606 6615 3130 100 1956 8282 225 1891 6956 1856 6195 5481 8577 3804 8805 9727 4736 5888 5153 505 8849 1365 7284 537 5959 6236 7638 8065 7770 5001 1803 7895 9949 5923 71 5331 248 6617 9046 1800 9917 566 5597 6049 1975 6574 7744 3937
610 4710 2303 4508 8858 9201 7297 6277 7980 2775 845 9062 3586 8635 4100 9959 752 8069 5515 7546 4954 920 2290 5217 4572 3562 151 5401 5850 3681 4476 917 3387 618 9634 9530 9300 2735 1244 2619 8702 3061 4844 7252 1425 1846 0 1700 3937 4954 9440 1449 2046 2616 2432 9958 6286 2727 5560 8042 598 1464 7620 4703 5166 9602 4377 2202 7534 5096 7752 4220 6257 7321 6385 7817 8648 1367 4309 1036 5966 5191 3677 3287 2240 3342 7314 4621 7592 8491 5098 6063 5749 4745 8605 295 5274 2025 7520 5231 7812 7897 9190 5524 1093 4639 9759 2099 2203 9892 8238 2422 8992 4560 3719 3248 5595 5801 5020 4402 6384 6450 3670 1117 5018 6313 6772 2292 3625 2103 7807 2116 1396 1352 1710 1457 4960 2843 6486 2561 3643 5631 9471 253 2660 834 5136 4388 9751 1576
4247 795 781 6120 984 7985 3053 3054 2051 2043 344 9003 468 4335 3955 8650 6066 7264 2634 884 6678 7704 1217 3128 4920 5929 7391 5433 4520 9482 9115 802 4134 2680 3213 3722 4873 621 7581 3132 8666 5312 8978 4451 4574 2429 1700 0 701 2628 7639 8630 2213 6219 5424 7042 9085 6438 3627 1009 4610 6910 2942 415 6332 4230 9677 7664 647 5603 1207 6947 9024 7345 5614 9350 9425 1623 3212 986 6450 1966 6868 6706 2532 6213 1518 6947 4426 819 5731 6369 5326 7937 9910 2902 3543 7534 7899 4190 7584 3404 1600 7608 4552 9805 8630 5363 1068 8682 1514 6163 101 4450 2794 6567 5315 2690 7459 8041 3696 1800 7346 4537 3963 9146 1152 693 4847 9237 4064 5709 8709 1230 6638 4658 7025 9751 513 8718 9136 411 622 2192 4940 883 7241 2655 8691 2789
6006 5787 9820 4604 7353 8112 7141 5827 2340 7145 9748 5685 2669 2261 5340 170 7165 1176 6761 5952 9963 4184 8870 792 6427 2272 506 2749 1736 2024 1039 8364 2933 7929 1451 3682 8963 9558 2028 4521 1576 822 5774 3436 1171 7597 3937 701 0 1584 1724 6799 2727 2540 1478 3800 4348 3467 3627 6580 1042 1632 5936 3908 2625 8801 4408 9725 8158 3007 653 7969 6211 4963 3416 3581 7409 668 1511 5818 1751 6052 7513 4572 5977 658 3144 9956 7666 5330 8209 5421 7343 51 9291 8282 2937 263 533 9891 9923 5817 3711 9406 4458 6240 1194 8112 1008 2132 258 9057 9668 2295 6529 4994 5895 2698 506 673 6127 8732 9369 287 6455 2618 2361 4024 1334 7538 5712 1899 5812 2141 1113 6293 1572 347 6953 6618 8051 7596 1801 3300 7131 4568 670 3332 4751 5624
1105 6146 554 1124 6535 2951 5832 3031 7716 4864 6669 1595 9354 4515 6753 8500 4952 3014 8253 3227 357 2735 1450 8703 3298 1176 8871 1578 5440 6716 4744 5658 4948 3072 7699 7875 5614 4869 3993 1505 6430 8850 9795 6553 8211 6088 4954 2628 1584 0 9983 4991 2550 4882 9380 5854 7034 539 1434 8103 9936 8249 2460 8586 442 7288 5921 7394 1442 5419 1709 4814 1534 493 7335 8789 988 5842 4743 9522 3887 6014 6456 3839 253 5683 5978 3586 8014 4827 4218 2256 5404 9548 3577 8555 4860 4740 1661 4142 8784 4119 9567 4091 4738 9618 4902 7678 2119 4249 6058 6345 9047 6400 2803 7544 8954 2008 6076 5463 9139 6347 8240 5270 9456 1178 312 4054 3908 9147 7340 7223 1165 9910 9581 9618 5593 4382 3591 7862 8199 3185 8700 6331 8615 7707 5649 4913 9813 9894
27 5477 130 6709 2817 7211 127 9433 2200 7974 2005 8703 5553 5311 9622 2483 9408 4960 7125 3235 7921 1188 8800 6263 8571 8358 1104 9063 7391 5464 1805 1801 3869 5440 2186 7486 8609 7448 4973 6337 1907 9147 417 191 8737 147 9440 7639 1724 9983 0 518 8540 1361 8991 4714 8184 4445 7377 3249 3368 8553 3363 8492 20 6905 7818 7632 8340 339 7117 5576 4531 826 2137 6680 4402 4038 7732 3757 8182 532 7001 9806 3691 6921 7596 2987 9488 9744 9302 7587 8649 7602 1330 1100 365 4920 1002 8361 1163 7751 7457 5243 3531 7778 2782 1307 3086 206 3371 9918 7421 7296 8515 3180 9883 4800 2646 8498 2412 5079 1412 7619 4046 9092 2117 4047 2259 4958 6498 3438 7120 9570 2501 8013 5194 5762 8326 6727 3674 3911 3206 7175 5029 3380 6636 6741 6239 3170
7061 7316 2164 4613 2316 7493 7273 4962 7505 6983 4516 8346 7615 7198 9978 8906 1390 8483 3251 6339 863 3488 1317 538 3086 6904 7952 9109 5376 7636 6345 9898 2559 9121 9194 9502 3448 7418 7082 483 1755 5335 6825 5351 4530 7633 1449 8630 6799 4991 518 0 1722 8831 9668 3985 7928 911 8571 1262 9938 1307 7414 7770 635 1328 6513 8152 5069 1914 7595 2210 4442 4778 22 3807 53 6715 6359 1325 7769 4440 7901 5431 3667 575 7670 7928 2748 8892 6276 9397 4992 4026 1210 7392 6038 5973 8051 5364 4535 4457 4366 3990 8003 6813 9701 8542 3516 6350 8211 1706 4754 8608 9994 442 301 1319 6691 2634 8295 4224 9834 5257 1999 2710 6670 7141 4950 3113 8934 5243 843 7471 3627 8372 3132 9511 5551 5748 8297 8334 3474 4438 2239 5584 3368 4356 7825 5944
9177 4942 7911 6630 3178 8218 256 1575 4763 3965 5774 4580 2949 8955 7112 730 9838 9415 9126 5043 9971 6489 2774 416 5863 909 8222 1841 5665 2309 8700 7200 40 3682 4678 3863 5482 9255 794 4130 9942 7109 9913 7467 8017 8276 2046 2213 2727 2550 8540 1722 0 5926 2174 8727 4601 6631 1606 4703 7838 1727 3848 2949 1360 8114 1331 8558 5957 7516 9211 8329 8235 6343 3749 4723 1527 6411 7213 9094 5968 1157 2827 8062 7976 6413 9124 6773 4277 4706 9250 9633 6941 4440 2585 5010 3467 2549 9109 2165 5607 6332 3477 94 2760 3926 8786 4592 1754 1377 8899 8877 5606 1632 1852 749 7367 9346 16 3526 8794 5641 3216 1900 5347 7474 2690 6768 7790 1028 7854 9608 737 1058 247 9363 3979 7979 3676 2485 3734 2081 1443 7462 6596 7227 8478 5284 4465 701
5996 5767 302 2989 6897 3355 3329 1279 7387 1944 4517 5906 41 2205 523 4555 8733 210 9704 3086 4145 5611 611 3506 422 1921 7061 6418 7023 1536 6178 208 9943 6267 8122 8274 394 9473 5474 3284 8199 6042 9084 624 7121 3979 2616 6219 2540 4882 1361 8831 5926 0 1551 208 686 6991 3809 7562 325 1385 5707 3664 4585 2257 7502 5109 2009 5525 9568 4279 7603 5680 441 3657 6640 7567 7166 8064 973 9035 5345 7687 2088 3866 4016 6288 237 4725 6843 5059 2959 3186 1978 2019 3775 7531 4881 9319 6894 1707 1846 274 6789 6866 3690 1000 1643 1715 7106 5921 4424 2934 142 3265 3618 7071 3635 4943 420 2940 586 9257 3816 9524 971 2350 3805 7394 5756 4638 4045 5809 7927 933 8637 7585 3514 6509 9087 8955 7743 6492 6216 4075 7117 6280 7873 1120
