250
0 3158 9549 747 9653 8179 3026 8534 2708 9565 6292 3391 8922 7414 5831 7949 1305 4617 7944 6403 563 8725 7414 528 4247 9446 1580 1199 9960 6034 4043 6577 9174 8046 2588 8599 6542 549 2640 6556 1738 5988 6958 4185 8494 9566 136 3547 7778 800 8330 2779 9098 9962 8915 407 4540 8779 3897 5828 5988 1390 3068 5789 7048 3315 7530 564 8838 4665 972 7880 8676 9726 1222 2241 9487 8799 4866 8005 7074 8594 5086 8828 2231 2151 9023 5513 5377 8556 9632 3914 6981 2558 3825 3955 4493 2958 5187 9211 7350 8008 6123 4033 7906 9814 8779 3289 8139 7600 520 8422 4562 1485 2460 8664 5246 8258 7596 3141 2938 7256 8101 2133 1968 5962 1646 7548 8354 906 8371 9109 4560 5295 6895 2873 43 4602 1686 569 4797 2380 3386 3775 8210 1226 8247 904 4714 6474 6054 8041 6764 3292 6512 6369 7896 8707 3943 308 4892 4577 2643 1886 274 7863 3338 6848 2728 8815 3320 6314 3894 2726 5568 9561 445 7098 840 5231 6895 1409 2921 7110 183 4828 4679 658 6386 2957 3996 4557 3809 5549 9045 6269 8243 6189 7742 5824 2808 8446 9394 3761 5783 6309 6651 2194 3910 4328 8091 7471 2562 451 4785 3243 5039 1441 3438 832 246 6652 2899 2031 4563 5035 8086 2565 376 8099 9083 8648 6161 6255 266 7696 7093 2337 9906 9377 831 1550 3091 8736 6095 5134 9612 7124 4419 5921
3158 0 8225 5480 9403 876 4869 8546 8143 3692 8460 123 7363 7510 1842 8928 6944 5809 3373 2244 2930 5220 4306 834 1638 8302 3939 9355 1336 6936 3955 3518 939 964 9741 4531 3405 6531 5232 402 6068 6037 3195 5146 398 2832 6803 504 776 1466 438 4586 3557 1007 4704 36 4320 3440 2829 2425 6246 4189 1693 1306 8480 718 9110 6105 3715 2645 180 4252 8056 7683 3702 5973 4019 9014 2311 3780 1483 2956 197 2770 6183 5815 9045 4248 2392 9018 8707 3761 5744 9014 2313 3444 8631 6822 6301 2074 7054 1121 6013 2331 3993 9231 6157 5651 5241 8095 383 6106 5211 4982 5730 2253 9440 800 9455 5744 3328 1063 4720 9616 992 3855 4478 8728 2383 725 1461 3433 1684 649 5530 5240 9110 7956 1922 1864 6010 1615 8561 7377 1532 4158 8829 8693 1913 3346 2068 7983 8037 8753 4080 8905 4098 7616 887 6575 397 5674 8885 7764 7635 7197 3071 3526 6807 2001 5418 6101 2641 7854 4038 9024 4710 3745 6247 5134 9731 6159 5343 6527 5763 4835 2566 7357 9612 532 5514 9266 5637 1186 2524 7958 6115 523 8113 7625 24 7425 7201 2094 8952 7238 8609 5004 2544 3474 6376 5354 895 655 1636 8804 6517 7996 8658 3303 5339 891 1377 729 7575 9361 8670 4987 1542 5592 3406 9886 8263 7870 3246 6934 8946 4217 4756 8254 9880 1213 7140 4753 5965 4956 6621 6963 5717 2854
9549 8225 0 1560 3720 650 4466 4760 8618 3860 3202 433 8584 5726 897 1440 217 2285 6766 2345 7570 6023 2772 7278 6634 1289 2157 3176 584 5599 431 2304 5543 5523 2677 8924 4843 1063 9449 5102 8426 6719 3538 2548 7094 656 552 5806 2096 4118 2353 360 642 4946 2969 4145 7917 1596 3134 4118 8307 4572 9251 2049 4330 3022 1005 3030 355 2777 2239 98 6154 3628 226 356 4960 8063 6352 1669 3419 204 4212 4012 1559 7882 9534 5474 9244 9811 9375 8616 6099 9361 6178 9167 8464 1404 6212 1782 6830 4752 346 3766 601 3604 8429 7585 8100 8678 1656 902 2917 9 9806 6405 6313 2524 5833 4839 1324 6807 5336 7770 2015 7698 446 593 6689 5480 4988 6142 368 9297 2400 1980 8500 2473 2554 1821 7921 5414 892 3091 4060 6542 1894 8643 7631 1778 4204 8419 951 9445 315 7616 7767 447 2075 9156 6883 6046 1090 359 550 2678 4250 6832 9406 9712 5031 447 174 7867 7714 3180 8762 9649 546 9902 3976 3269 2013 1340 3644 1118 4189 7716 5145 5747 5238 9523 1197 2339 199 7333 598 7739 2022 2084 1071 4711 2888 3263 7668 6468 7730 229 163 1047 3043 1707 9259 1110 2284 610 2389 1758 9303 9468 5492 84 5557 7278 1542 7913 3392 5163 848 8884 9633 5033 4700 2337 877 5965 8733 7990 543 1935 7103 8954 510 9531 3301 2068 2285 967 6166 3726
747 5480 1560 0 8279 5253 7009 4887 600 8906 2575 9273 2051 3437 1305 5828 3253 1941 2419 1767 7065 5185 6863 9696 6212 2672 1262 9669 2573 7915 7346 3622 5964 8103 2667 939 9524 6290 233 6662 583 7336 3433 4050 589 5901 2365 3249 7396 9069 9537 2733 6620 2728 8907 1514 8349 4608 4093 830 7736 3736 5276 2249 9388 6734 2984 9748 3168 6063 2402 6414 6581 3332 2839 4258 8930 3580 3651 7881 3161 2979 2456 2765 9272 8340 1382 4213 8 2218 618 4327 9648 7948 1645 2858 5684 3578 6584 2434 5161 1998 1484 8043 4110 3738 6144 2936 8641 9910 3629 5975 8366 2861 9842 7597 2553 8252 2200 8284 7083 2089 4977 6866 6439 7816 3575 3468 9913 2183 9102 3685 5171 8408 5546 410 3134 1244 4286 8763 1550 3148 9108 4339 8752 685 5094 7790 3985 9593 2613 5393 9209 5550 2640 8706 3759 2204 1868 2491 4387 4216 9095 3797 3944 5730 9627 3997 6648 6069 2499 9340 949 4594 4194 4395 4636 3564 6111 8326 7114 282 9691 4066 4529 6880 2651 8326 8956 5464 8156 9277 1310 2028 1919 7778 6394 4259 3784 9610 3334 3827 2175 666 930 3500 9478 9865 9112 9751 1975 2870 2799 1483 5069 8216 5019 6381 9666 8339 9591 8237 3328 1281 8791 2466 1342 9753 7799 1643 3668 29 792 7825 7800 1084 9454 9640 1307 3054 9872 7048 475 3911 6882 9698 4851 9227 5297 4286
9653 9403 3720 8279 0 1148 4895 5308 6809 724 5204 1065 597 9898 1803 4920 9464 619 7624 5317 1914 9425 4128 7634 5285 1551 7563 1173 1109 6366 5676 4114 8269 619 3724 7708 5942 1917 5918 3291 8700 8388 7460 8273 2105 202 1607 8951 5206 2921 826 7352 2046 3810 1957 9479 5844 1050 1760 7061 5901 1356 6556 5344 9293 2631 1657 2041 5128 420 4926 5894 5931 6293 5336 9545 6045 5770 7405 5786 2016 389 3866 3017 8123 4448 183 6658 1936 696 1165 1188 8586 5925 257 4392 6956 2589 5047 3873 4543 9818 4494 3664 7751 2209 6510 6095 6146 6697 6090 8010 9010 1487 6912 6473 4347 4683 6752 9984 6544 9119 8690 6264 5155 4901 5657 5171 687 5779 8307 7655 9416 9613 5900 5178 2347 6875 5324 1774 7337 1309 7387 7706 1666 7485 8192 2655 6727 1757 239 6106 9833 8104 5642 2139 5819 1570 2357 173 9214 2517 8157 1433 2242 2977 2134 4476 1560 4535 6927 1858 5384 7236 625 4880 7924 3894 7412 6462 8131 5050 9188 6172 6051 6584 9375 8287 4923 2192 1788 5740 581 8160 2814 9580 7928 5702 1504 2219 8102 9876 8803 8154 7127 1174 5225 4618 9389 538 2377 7928 1727 6623 1604 656 1175 2777 9455 2732 3584 4583 4244 9655 7222 2052 6421 2050 3669 6748 2984 7667 9893 7527 9217 8595 1494 6590 1331 1121 8613 684 4920 2823 5433 849 8478 4346 8254 3597
8179 876 650 5253 1148 0 2715 3784 2468 6115 7309 6930 5078 8047 112 8980 2984 2176 4214 3283 8831 2519 2115 6149 7374 6463 1592 7626 5051 8385 2733 2715 3790 3042 514 845 6207 95 7742 3239 2570 5088 6590 4077 1515 6294 4187 3727 4110 6178 2921 3879 7199 8939 2148 3768 5503 1379 9116 6537 8341 4418 8058 4649 7600 2497 9316 9039 8559 2197 4331 7987 6490 7100 181 1558 898 6800 8090 7594 6832 6825 4222 4160 354 9611 1193 32 4784 4221 8900 928 7842 3151 3079 1525 8801 5290 3693 3320 5015 2770 7021 1172 5106 2912 5464 9280 4664 1212 9058 1046 9968 7816 2918 5016 2975 3266 9006 5539 5091 2317 1530 5816 4157 4915 273 568 3110 7999 6320 7905 9882 3289 4203 8792 803 1214 1929 9010 4107 7136 4548 3624 4914 3452 382 5759 1041 2131 9954 2401 7392 9052 9256 9155 2727 4227 5512 3733 5090 5211 1803 1247 6718 2650 3476 1520 1862 6456 4794 8349 8552 1974 2598 2226 9534 5391 2446 933 2537 9692 7821 5289 4011 6406 6657 3749 9576 227 2440 7428 9128 9899 9422 39 4824 9867 9714 6084 7034 2706 7033 4060 8464 9447 4820 9795 5805 7616 5563 8826 8179 9009 6898 2428 9883 8301 5662 1598 3160 3982 1654 6746 5908 2344 5513 5085 5219 3344 7302 7236 3444 6734 5409 8745 1439 2340 3399 8808 2112 1778 4703 4099 6184 7481 2302 6887 527 2542
3026 4869 4466 7009 4895 2715 0 446 6921 8261 41 9898 7239 3106 4072 200 2645 678 3237 9677 9900 462 3187 5234 5618 5353 2254 6381 9671 8944 1749 9217 8804 4996 7051 4945 9758 3754 1877 5791 103 6516 2935 1406 743 8547 1244 244 6764 2870 6133 5572 9876 4644 191 2071 4029 8612 8251 9079 5747 1987 6184 8681 8478 4114 1076 6562 7917 9863 9775 5848 2707 7326 5403 2210 8923 4025 5394 7846 2235 7341 255 2223 8182 6138 2876 6047 9276 6420 7390 5799 1730 8188 8299 3805 3917 19 5783 7276 1788 7565 3286 3148 1609 8217 6544 2900 2955 2172 4014 8153 5619 9417 5266 8990 4873 6547 4618 1162 2701 7868 8256 3267 1502 8366 5146 1253 5978 4891 4533 569 4737 1115 2717 4176 8974 3018 637 8002 7100 335 6920 7266 3413 3315 2112 2610 2842 8340 3768 4215 7114 5921 4866 242 8734 9008 5425 872 9349 127 6688 9032 4187 7943 793 1671 3793 1133 8313 6525 542 9218 5968 7478 6205 1270 1845 1206 9459 4419 2044 4365 8451 6232 8637 3181 9627 1957 5184 8544 7821 7262 9670 7274 4895 4233 8258 4471 9181 3207 3712 4621 6653 7596 7276 7775 7265 4563 11 7020 8247 4550 6382 8968 4586 2701 6682 241 7091 6075 6454 2194 2547 7809 8769 2239 2004 3819 2233 4363 629 5924 612 1781 580 2037 3293 2621 5982 484 1186 9676 965 5976 8258 9993 802 38
8534 8546 4760 4887 5308 3784 446 0 6761 352 2824 7051 6597 8612 7521 4865 4616 5297 4013 443 8186 7580 8262 5585 5705 6650 2413 46 1832 3888 3305 2124 500 5574 458 201 3843 6475 2483 7871 5821 4385 2746 2144 1125 2521 5159 9958 8837 7597 3545 1861 8944 1173 7567 3608 5834 7559 8768 8468 5032 9381 3380 4505 8154 4510 4757 2969 6323 5879 5761 426 8796 9503 1731 9727 9875 9925 2368 3387 671 2147 1973 6605 8116 837 7213 6298 1105 960 2391 9864 6604 3706 9444 1136 5499 9028 7999 8635 4601 9939 6349 4042 2383 1535 9999 9308 6139 5499 3023 412 6995 6827 5399 7328 870 5569 5682 4759 8808 7516 2922 456 2302 433 9031 8146 2175 2966 295 5989 4414 6367 7664 4007 4982 7127 7773 6320 5777 7982 213 8381 178 3951 5402 3613 1222 1353 2892 1385 4820 9243 2891 1172 6086 1420 7113 3155 3335 2055 2013 6256 2187 3368 3674 7170 4492 1779 2322 6193 4297 2772 8570 7858 5348 9866 7925 3665 3544 1051 7514 3483 8207 1956 6912 2123 4786 1712 4259 8917 7670 3873 9310 1646 9667 1302 3040 8437 1771 6695 873 2034 356 5938 2864 8473 6013 1665 3457 1567 3588 2793 1115 6201 2868 551 8967 7579 4393 9853 4665 9193 9516 903 5262 4751 6744 7054 685 9902 4836 9795 1702 14 9769 5400 272 7295 8063 6533 581 5215 2717 2783 2884 4232 2548 658
2708 8143 8618 600 6809 2468 6921 6761 0 4374 5627 9497 2115 6685 2622 4214 1716 2066 2379 4273 6197 9549 5104 5763 7528 7401 2601 2220 4462 8038 2750 922 1202 3985 8094 1560 1876 2256 2866 9844 8507 5356 7740 9046 2023 6669 4903 2686 506 1612 7372 1319 9961 6391 7258 8788 1451 8004 369 1980 8970 7191 8278 2121 8938 4321 4415 3966 6317 5710 1604 4172 8719 8536 5308 7341 9667 1 3782 8373 9034 6571 6345 7989 2662 9674 1292 6133 3671 1393 6630 4956 9846 6642 1921 5036 917 5710 7610 7207 8038 8501 7734 9481 2509 2913 221 6885 4496 6373 1114 1857 2083 8383 3284 2823 53 3537 5864 5354 5859 5369 1101 9415 485 9810 7638 100 5921 1165 8209 5910 3257 4871 60 424 2621 4881 1078 9541 3761 2179 8224 782 2451 6460 836 2752 7582 5171 7200 6462 5213 1273 4979 5876 7852 139 9436 5992 9005 2610 9357 7827 6013 7061 3694 4064 4842 8548 6590 8990 4003 8508 8838 9612 1089 4076 9813 4123 7233 5433 9549 6724 2260 2568 2771 9780 290 9867 5688 3682 555 4262 609 6087 4402 6255 1706 124 6368 9350 4817 7155 8842 6467 5316 1742 247 9647 5902 3076 1403 7528 5166 6311 5674 5194 5948 9766 1607 8023 8540 1348 4448 8236 6784 7330 9116 2171 7415 3569 2802 1374 836 9399 4837 3800 5488 3543 1433 3535 8916 8601 3777 3210 6979 6299 4405 1034
9565 3692 3860 8906 724 6115 8261 352 4374 0 6906 4484 6342 1916 4241 153 3526 8512 8313 4711 5895 9557 8648 5276 3321 4442 2071 1623 621 5490 6509 8406 5994 1501 3094 2464 3891 1159 3199 4907 6085 5974 8050 2804 2099 9437 9250 171 7331 871 509 9374 7337 1365 7368 1358 5378 4805 2931 398 1839 6958 892 2574 6368 970 3816 1452 7393 883 1880 2924 1294 6946 7273 4375 3381 9790 3269 8915 7727 6765 8188 1598 939 9253 2144 8191 4021 9637 2757 6656 479 9125 1459 4704 6269 7855 8133 5787 9295 4713 4243 5320 6805 6389 8887 934 8838 1926 7444 2082 482 9720 4768 8779 3426 7333 1900 6596 2439 8066 5204 7131 8748 4879 5456 8394 7775 4585 1376 1068 9232 8878 2986 3777 7483 6754 8679 569 5003 9682 4924 6336 1694 3722 13 7462 3849 8532 559 9863 2323 2857 8408 2835 6570 9744 6975 3673 2304 7189 4966 1140 2947 5022 2490 5825 8317 481 2948 2257 705 1021 347 7319 2058 7814 7787 3580 3290 1824 5972 7452 8209 8008 1886 2652 7221 6581 215 2749 3993 4677 6205 6631 7230 143 7599 4117 4078 173 2573 7255 447 868 968 7853 2931 924 1410 1051 4302 8073 1922 9108 8970 8757 4781 4860 5067 7908 8725 7133 9708 9505 8642 8153 4848 4222 1907 3103 2342 7466 2924 300 6040 5707 6663 5685 9515 3061 4559 7723 2974 1865 8678 9557 2548 8961
6292 8460 3202 2575 5204 7309 41 2824 5627 6906 0 88 3327 8981 3791 4528 2255 8554 1988 3655 435 7376 3760 7915 3435 7581 2380 2191 5920 7782 9615 1604 6665 1596 201 3854 5785 4466 711 1772 305 2595 2587 9272 2910 7388 118 1940 1371 1857 4946 9921 6395 855 5356 3556 1319 1257 7216 2235 1504 6004 9475 2720 9294 9737 6104 2505 2297 6717 5651 1230 45 4449 7456 3717 5633 6300 4242 1512 2928 5695 3990 1854 4101 6467 4279 93 4034 9196 9795 1848 3494 4913 1914 9807 7421 9565 1975 573 5570 7133 4525 4409 8880 8802 9161 150 1778 7813 2469 3051 9537 6482 8286 8258 3511 7402 7674 5898 5324 952 3370 2027 5214 3758 6504 7733 9781 7583 4216 2256 2792 7875 7670 8839 7716 4182 7362 8987 9572 9166 3543 714 5591 8590 8567 9030 9083 598 8290 775 8380 5962 7624 6065 8764 3085 8011 2873 6928 5369 8194 1521 9314 9935 8298 4249 5186 431 6240 8782 7691 4316 9110 7593 7459 9188 3598 2983 8766 7770 4992 9605 9260 8305 5327 8410 3005 6861 2237 5736 7415 8675 1819 7784 1307 9556 7471 910 2274 2343 729 1122 4360 1046 1849 1077 4821 8487 4074 901 7214 5252 6250 5032 6817 4302 4689 4693 7634 7634 1500 5290 9871 5280 3530 4091 3124 9898 5413 1088 313 5377 3613 9705 2935 7154 6354 8816 6559 7490 4438 69 9407 5772 6192 1816 4675 1262
3391 123 433 9273 1065 6930 9898 7051 9497 4484 88 0 2873 210 6558 7534 4203 7879 5602 4808 3051 8260 6785 5916 1186 8296 6873 9435 1467 3939 6896 7392 5737 7752 8549 2650 4990 890 9966 6126 9884 371 5399 6021 9862 2090 4228 505 5081 6103 4262 3918 5126 2997 6638 682 289 8428 9777 1042 7203 6175 2863 5230 623 5256 2909 8902 6946 2775 2292 8784 9784 6319 3814 6806 7387 6318 3688 9211 8522 3435 831 1407 5751 5233 6091 9975 5095 6651 1871 6513 3928 8052 6941 6147 7443 6460 3442 8355 3302 1349 5472 3231 7114 2656 898 1770 9643 3556 8169 4907 8176 5823 4444 1548 7590 3608 8763 8052 9969 1312 4515 5653 1106 5954 3362 5229 8087 7187 8589 9086 3352 9097 1101 9646 8922 5868 7354 7725 4073 1227 413 2030 5998 4513 4751 5910 2663 8339 8966 8982 2617 4610 7148 3735 8460 8844 9220 5117 8951 5764 4504 1719 241 7250 6268 4294 9988 6142 4723 9548 5706 8678 7408 5025 4850 8490 2975 7642 4281 3357 5938 2345 5481 4333 8634 8160 6483 1745 82 8731 5215 1489 6079 9289 2838 5365 9796 7571 8103 7229 4617 2168 778 8654 2856 9975 4539 5887 2173 6827 3262 8364 4213 3700 9973 966 5437 3254 1160 3778 1121 5692 673 8345 4449 270 8309 8211 2769 5413 3370 4239 5305 7715 1520 4822 7169 4531 353 288 5219 5083 1639 4527 9521 8601 4215 5276
8922 7363 8584 2051 597 5078 7239 6597 2115 6342 3327 2873 0 8974 9570 9068 8366 6037 2340 5173 4751 183 73 4158 7200 1930 1515 8379 8084 1818 3109 1830 8846 5539 3593 254 2554 5144 1975 2970 1914 9350 9398 2771 5619 6254 7971 5633 567 3549 4198 3444 7849 8113 3015 6752 3918 7055 3929 1724 2492 7181 117 3036 1637 8491 2665 5060 3080 2161 3474 4158 5829 9358 8637 3450 9116 3083 6743 4175 187 9211 6921 2145 3955 7801 7652 8937 4746 2268 5831 5600 8160 5376 4255 8961 5982 424 1674 3763 5123 3132 4921 7228 2819 7158 5411 535 6847 1331 1551 5017 195 7766 6041 8602 4004 2410 1103 7318 8542 7054 6155 2394 5987 9420 7748 1385 5416 7557 1013 1425 9388 6352 7798 6042 6189 8825 9435 9513 8379 9919 3389 5155 7478 2339 2506 582 9500 3703 7979 5888 7329 2919 7125 8280 7339 5035 7620 6006 5407 3000 8542 1025 771 8598 1872 568 4679 8075 5689 7240 6725 6193 1045 2463 5475 1687 1198 9252 2702 5685 5746 4080 721 3973 5702 226 458 7785 5243 4041 941 6601 7680 2210 5229 3513 3893 1797 9236 8046 3980 9268 743 9421 5926 8692 5848 2438 9937 4625 6321 1023 4084 9487 7984 4836 4974 9383 1917 818 2187 8734 5854 2515 6451 5336 2463 3464 3260 9908 9632 7307 4200 8522 3626 1597 792 2771 1358 2657 1713 7785 1930 5322 2704 3516 7301 8787
7414 7510 5726 3437 9898 8047 3106 8612 6685 1916 8981 210 8974 0 362 7646 3719 487 2808 2478 512 4453 7305 6147 1844 498 7020 5830 3090 3466 2332 4676 4205 8108 1329 2611 1544 9298 3973 6026 6155 8533 8624 8131 2673 9592 8988 2491 7722 3496 579 1989 3282 8293 1394 8161 3754 3027 9769 4228 4738 7638 7443 4340 2356 7040 1964 5885 590 8489 7169 7174 1304 8625 6825 1602 9839 3146 5316 9484 7656 8970 2145 5601 5918 8745 2207 8800 4766 8203 4623 7001 9637 758 6290 2139 6795 8873 8916 8326 7849 1393 9313 7478 6878 6088 8634 3041 8218 1206 8412 4626 6257 2540 3563 2237 530 2256 2213 9312 9525 4532 5180 6219 8067 4610 724 715 87 8227 1148 8991 4965 1605 9767 2242 9766 428 6983 6463 6113 6570 8363 2902 3277 9361 2351 8868 8201 3620 358 2462 5145 4430 6694 2121 6067 1031 9059 3300 8430 7035 608 7230 2394 3186 8129 8015 7503 7416 5616 2162 4244 9612 3733 8133 5877 957 8322 8013 895 5275 7065 8402 4291 6588 888 6398 6878 5840 4805 915 7445 5158 8904 2784 6858 6179 7348 7267 8569 9131 2997 5276 2537 3303 8152 6567 6697 8895 7378 423 8506 339 8265 1095 9501 7690 1374 3142 988 6122 9941 178 85 9579 4405 6234 2029 6552 1891 7093 688 5517 643 5659 2828 9925 6012 894 194 6235 1151 8290 7254 4530 1558 8833 5200 1554
5831 1842 897 1305 1803 112 4072 7521 2622 4241 3791 6558 9570 362 0 4732 8451 3988 9153 29 1010 2252 8560 7656 8565 3074 9393 5301 770 8489 2608 5379 7771 4233 8067 8916 6752 9920 9371 8103 4582 9331 1790 737 3363 6027 7695 1091 1815 5339 1487 2120 8697 2945 265 934 5421 7455 8310 1786 1157 2577 5622 565 3207 6832 6111 6935 9045 1619 3986 5054 5852 1712 9638 7550 9298 1987 5625 724 8280 8217 4392 7931 5434 1438 4826 8618 5506 7164 1137 5545 4745 7647 8671 8017 6415 3000 9766 6963 4531 7190 4503 4233 5569 7206 7414 5506 8264 8288 5145 6316 3210 6733 9734 1191 2099 5635 8686 5345 3834 6740 1686 7233 3763 5702 3426 5954 136 8605 5466 7466 2890 6762 9959 1956 1889 6838 276 2951 6251 2395 8191 8800 3139 6368 4089 4961 2856 2697 7413 8917 3403 1227 4779 8946 3462 6603 4745 9237 8488 708 5820 4684 5375 8197 5187 6280 1285 1498 6066 3625 82 951 7809 1146 9625 3831 5831 4509 7380 7179 5422 3485 620 7720 9944 7783 5021 678 2965 792 8381 2588 98 8192 7930 1560 485 1861 4455 2968 8873 2011 8396 7357 5320 4834 9308 8339 5228 410 9456 5660 5522 4407 8832 9903 1026 4166 5783 6921 5932 3991 6445 6690 6173 4970 4979 3546 7533 9152 7692 4333 3506 3018 8145 240 1657 5321 7930 4708 9050 1314 6280 8443 3208 5750 6932 1260
7949 8928 1440 5828 4920 8980 200 4865 4214 153 4528 7534 9068 7646 4732 0 4895 5897 7115 4938 9798 1360 9398 5843 3865 3855 7906 1187 2210 9082 6575 4184 7969 1200 2861 1466 9288 2139 7666 7375 5935 4724 2975 2888 4717 112 2720 6981 4007 7726 4209 9076 2385 3704 7586 3574 935 7591 5829 6843 8179 2375 5707 3538 5492 4736 2426 2168 4147 6285 9480 6048 2233 9257 5866 7253 1248 8436 7378 9843 799 3953 766 9495 1725 1809 4734 2455 7888 8731 4211 7440 2058 573 6619 2075 1464 7909 9575 6715 5456 9076 2791 6585 5843 4021 6824 6559 1365 4724 9931 608 1302 5922 6107 1607 51 5186 359 4558 5321 7613 2245 8597 387 2873 8575 2697 4723 814 8199 1515 8702 7990 6826 8143 8662 31 9322 7252 6128 1982 814 6771 6436 4244 5709 9234 1635 2118 7676 8527 5067 3663 7171 2859 3485 3953 976 5856 4764 9381 997 9380 5765 5978 2394 99 8388 7759 6104 5043 7012 3928 7405 7187 5120 4644 8188 6808 4624 2105 6191 759 4858 8938 4383 7249 5408 2165 5355 4694 6128 7262 6762 2538 4881 1314 8736 7536 3326 56 8092 6196 6587 4964 3168 7943 5167 2852 7092 6651 7811 695 6996 5057 2976 1032 2707 1716 1470 4361 3575 1482 8676 9508 4865 2904 154 7286 3242 6885 5760 5370 9729 1771 1084 9496 5032 6149 1075 7355 2527 8218 5190 5835 1611 9745 5694 6791
1305 6944 217 3253 9464 2984 2645 4616 1716 3526 2255 4203 8366 3719 8451 4895 0 9828 2114 4886 9536 7276 2983 779 5202 9687 9998 5699 1188 6524 7563 6006 1597 8736 2646 4136 3733 9815 5987 3314 7797 6610 744 7592 6469 6507 6336 8002 6947 1522 2344 7369 4372 4196 6750 6667 5133 1233 3775 5926 183 3076 9642 2128 7956 1280 9715 8043 5413 8367 4657 6507 9973 174 8515 226 8928 7803 1114 884 6320 4240 115 4803 3178 1646 3226 8908 2370 6967 2190 2625 9013 9017 3469 9142 9630 5340 4757 7454 3933 5371 2123 2107 8573 6310 8296 5141 8206 2263 7297 5060 2170 6617 6180 6051 1752 4370 9158 6586 5483 1338 7860 4391 1282 4566 6475 6893 3211 6759 8024 2861 9248 5651 9711 8947 914 7998 4212 6657 8212 8296 7345 2981 8435 1571 763 1222 7393 8810 8488 168 5152 5949 8464 7935 9557 3591 7885 7183 6388 378 4629 7584 8160 8743 3625 9049 7879 865 3511 1084 3135 1923 75 8750 9124 1828 7604 5200 2801 4332 6760 9976 1673 2997 5258 5536 5318 8762 4232 9627 9160 6723 4827 7529 2090 6335 5297 3217 6984 4262 4088 8783 1916 6190 2961 7973 6381 4249 1344 5911 9252 5800 7837 6307 6104 3941 1100 5271 7791 9847 173 633 9959 3039 1405 6753 9162 881 9354 9256 7367 9803 3736 795 334 3109 3576 8202 195 4934 3630 7694 2667 2230 8009 4172 567 1094
4617 5809 2285 1941 619 2176 678 5297 2066 8512 8554 7879 6037 487 3988 5897 9828 0 5929 6625 5011 6851 1250 8026 2813 4425 6541 5521 54 5407 8435 3510 8653 2948 8786 4053 6592 2981 3319 2445 2848 6714 206 7962 3193 2903 332 6903 1856 1203 558 8483 852 4965 5232 1148 8780 3268 2112 3446 8770 6580 6659 5678 4687 3888 6650 7263 3208 4942 2514 3002 2025 6400 8589 4530 8460 9636 2551 896 5946 7637 8108 6460 2401 6595 9919 9904 4338 184 9793 9400 4869 882 7802 2851 7499 6252 2619 879 6218 967 2568 8832 6749 4951 8369 1627 6977 4210 3985 7633 4788 7733 435 7931 3854 4087 7082 4981 1419 5239 8769 4158 9245 3149 9694 4517 9254 6528 2721 6306 4420 1476 8098 3328 5013 2371 7893 5596 3117 1200 6168 3957 3750 1129 7588 5078 4599 926 9363 4708 179 9040 9331 2428 550 9216 5572 8928 6539 2319 674 7791 2788 2839 5493 6470 1469 8097 3683 5235 2560 4714 195 5921 2884 6984 2672 7208 7216 6860 757 6152 4230 3617 1661 9530 5873 3657 5188 8329 5245 4626 5795 487 7695 4634 3328 8832 7378 3628 993 3020 547 5394 6145 7309 574 5118 6858 5305 8299 8902 1260 8528 9985 8451 1556 6081 377 4874 9611 163 2910 9005 6948 4073 9162 5396 7185 716 1836 5832 8143 8289 9160 2649 4214 9679 4906 8556 247 8915 4914 6872 7338 7007 5947 6956
7944 3373 6766 2419 7624 4214 3237 4013 2379 8313 1988 5602 2340 2808 9153 7115 2114 5929 0 8803 3974 2595 6736 3947 5896 9938 5924 8293 9845 1612 3061 2449 4223 6837 4225 6448 7372 3693 565 2118 2710 3100 961 9145 4300 8292 7263 2251 3311 7309 3894 1723 4082 289 7380 9903 695 7555 7069 3853 8741 2811 8309 2771 4627 4541 2253 9669 0 5130 8530 7283 5776 1389 3556 6397 9481 2348 936 6718 6044 6855 8792 7390 1043 3495 3723 7997 5384 3129 500 1118 3466 4542 3109 2457 3523 6831 9777 5871 6524 4899 2664 2234 8296 6306 1389 662 3288 6577 6908 6910 7869 5333 1831 8491 4602 996 824 4887 970 6083 5303 322 2746 3168 9274 4217 3932 7884 7715 8560 1796 9361 3236 8710 591 2033 3387 7039 2275 1335 8213 4286 4253 2257 7728 821 3509 6190 9038 2529 9749 6656 5497 6323 4319 1334 6764 1029 9790 3830 1472 76 5663 6904 828 6492 6694 3245 9012 2362 3960 4837 1654 5214 2186 8093 3186 6641 6022 4437 4489 8151 6403 8890 3893 885 4022 2903 6516 7628 6146 5528 8062 4600 6146 7901 3647 9747 4482 9708 7229 1566 3136 8227 8386 178 9773 1963 4131 647 4631 3783 1564 8257 1412 6428 4809 8761 3193 7669 1063 7899 3985 4061 1900 9006 6237 2213 6135 6376 282 9747 1032 6681 238 7400 4629 3766 6929 1060 3550 1822 5773 2040 7589 5291 4170 2959
6403 2244 2345 1767 5317 3283 9677 443 4273 4711 3655 4808 5173 2478 29 4938 4886 6625 8803 0 6428 5967 2197 4268 4144 4746 4342 4202 7171 5595 5169 8864 865 831 8903 3832 6766 8126 5717 6008 431 8880 1875 3806 4013 983 6794 4821 7855 430 9188 481 7427 9135 3067 7884 5392 6139 4974 7992 4735 3097 5578 6692 9472 7367 4633 1181 6081 5148 9305 4457 6243 5511 9615 8473 4920 4012 842 324 4740 9419 113 203 8328 1771 9931 1184 1148 8135 6437 2309 7383 9508 2954 3521 5608 9815 5073 8089 195 9907 5010 426 7539 4420 917 748 5085 5631 8816 5081 3691 9737 5823 5798 1208 3505 5802 9629 8264 9139 4254 8465 7501 6484 8610 9732 5500 5851 8003 5910 1693 9982 4774 5150 1220 5311 6000 8306 2663 4463 5188 3842 9790 464 9388 2652 349 2538 8430 2978 1128 3071 4980 4459 2670 5257 5316 8711 7939 8058 4571 9660 3042 5243 7145 7564 2830 6994 8587 982 563 6155 9272 3212 5558 3379 4311 5721 2126 3812 671 6463 8560 5896 6075 2508 2542 3447 9757 7549 5161 60 7041 3551 7271 5277 5767 8403 8452 4694 8611 8849 1748 9929 700 7957 7961 8283 8334 6520 6993 5218 1427 4682 8688 4443 6530 2680 83 6450 5854 284 3328 8514 1923 239 772 8536 4240 3330 5946 5972 3505 2148 878 4220 6257 6051 4846 3847 7792 5325 1669 7615 3481 7438 9757 5338
563 2930 7570 7065 1914 8831 9900 8186 6197 5895 435 3051 4751 512 1010 9798 9536 5011 3974 6428 0 1767 7337 3143 4709 2671 4609 8214 9658 5792 2 8317 5940 1952 8801 3679 8851 846 836 5909 3930 4461 1183 7785 5565 9108 3228 4132 7324 2834 7013 4630 3338 3565 8828 2417 201 154 4759 564 3294 3623 5624 6955 8587 9229 45 8299 7105 7799 2174 8916 6730 5192 2128 1467 4730 4351 1593 5284 7132 2678 5045 2853 1358 3631 1650 1509 42 9485 3917 3340 8288 5689 6033 6951 4677 6086 828 9392 5068 3436 6557 2702 7756 8516 3688 3680 8574 8667 1857 9027 2267 7992 4965 4412 9969 3468 9116 4064 8583 713 8609 6784 8599 7167 8313 7720 3363 6976 8798 2982 9498 3934 47 8670 8213 5699 6401 5216 3638 5904 9072 3901 9174 6842 7546 7959 355 8504 96 7890 2950 1969 859 8851 4068 9018 8340 8432 7340 6498 6600 7330 615 8702 547 9119 4848 2241 9714 6654 2703 2903 5985 4942 3054 3061 5508 9072 2113 5533 8992 8051 6446 421 7301 4183 9081 2901 687 1169 5479 4881 8389 9363 2663 5765 1597 933 2516 3000 293 5650 7616 3315 4384 4310 1123 5769 2446 4420 9898 9675 2126 4841 7527 2457 3383 3444 41 5984 172 4573 754 5626 6615 9889 2372 6191 6651 9197 3207 8460 1590 8072 8603 4573 7542 6858 3557 4504 8603 2496 5040 6564 8904 1654 9878 5487
8725 5220 6023 5185 9425 2519 462 7580 9549 9557 7376 8260 183 4453 2252 1360 7276 6851 2595 5967 1767 0 5621 9708 4690 8796 6845 8200 4908 2471 4182 8734 2117 6820 159 1762 8691 8241 8665 3516 7860 2216 5244 7983 1746 4137 3836 8960 5678 858 2254 1147 4193 6827 1193 5230 1244 8944 5784 8973 7705 1455 704 5791 3200 581 8305 1157 4350 747 9686 8704 4553 7981 8696 4015 1354 1020 7692 9 6898 9079 6180 7731 7326 2946 6966 2715 2634 3713 2635 2717 1338 3277 3807 2838 9559 7513 526 4932 6899 6562 4636 7752 2423 4898 9986 5271 4886 1177 8492 9214 7375 4762 616 4223 599 1618 3520 4861 5321 1662 1205 40 5021 2606 8268 7839 9772 5594 6597 9207 6788 371 7759 6738 6042 6224 4891 2756 6871 5152 9928 5395 5249 9111 622 2863 7054 1489 6267 2173 2270 8559 2721 4866 6874 4480 593 5294 6513 6752 4360 6377 2468 7859 4332 9619 8889 1181 7352 6043 6395 9945 446 2710 8139 9493 9488 3571 5424 2411 4112 3470 1078 3163 2841 7719 1693 974 2835 6051 8846 9225 7715 8487 8458 7136 957 4816 7054 2453 5456 7301 9781 3575 8575 1612 3668 8917 1895 291 1518 6678 5545 2782 9979 6979 1315 9684 2470 887 7839 9916 4081 1218 9150 2374 4346 9178 4922 9524 3443 2649 6801 186 458 2195 679 2926 8895 6851 2268 3420 1134 2072 1003 9298 12 8845
7414 4306 2772 6863 4128 2115 3187 8262 5104 8648 3760 6785 73 7305 8560 9398 2983 1250 6736 2197 7337 5621 0 3452 5857 3329 525 5843 7559 9282 7566 9461 6880 5184 7285 2404 570 270 7064 3608 6206 9468 4965 6189 1150 5953 9693 9202 2058 7101 515 2051 9273 7156 2207 9243 1456 6006 1296 9497 9340 5045 8651 5542 7847 6105 3516 1258 2390 8747 5479 1166 3708 4768 5779 293 3512 4767 3105 6130 4041 9972 7568 6518 7831 8989 1438 7165 8457 7862 9996 1332 5153 6193 9490 9785 2400 3167 8077 7769 8151 5844 1535 4997 763 287 3913 4099 7457 9026 9000 8778 1732 6678 2685 7235 3477 9857 6075 4473 9753 3912 5437 9614 1799 1983 8008 771 4662 3513 5120 1491 5845 2148 9535 5748 8214 8695 8807 8887 2734 34 1659 9765 1673 2096 3346 1106 8260 1008 2621 8592 4354 6770 3716 7895 1927 1586 5371 3578 622 2522 171 3374 5076 4411 3847 2136 6305 1912 9061 8607 3481 4410 4439 7893 2384 9300 8028 1718 8295 4125 1203 5386 4550 5802 2079 8232 8758 7406 6338 9146 2833 4418 6804 8943 3716 4519 5002 5160 9545 6454 4015 6037 7478 2485 6061 6818 2108 5831 4468 6230 1836 4201 3111 595 4463 7815 9862 4127 5307 8100 6128 3029 5355 8548 6852 1775 8847 112 3705 9122 2464 3782 8435 701 1326 4849 986 7157 7263 758 4931 9306 6595 1641 4334 3633 5373 4381
528 834 7278 9696 7634 6149 5234 5585 5763 5276 7915 5916 4158 6147 7656 5843 779 8026 3947 4268 3143 9708 3452 0 9704 4473 6075 5502 9865 3057 8443 275 7312 7089 8784 7453 686 1061 1750 82 4607 6778 706 6500 3784 281 8051 8463 2513 7769 6778 5964 3416 8904 5781 5363 3228 9710 4617 7905 1283 8798 4736 6557 7312 7318 8029 7988 8834 6222 205 3084 9583 9895 3411 877 5764 2287 8700 8171 2830 1420 1638 3080 6280 5373 6136 5363 6051 7071 3314 8648 9125 3585 1108 5521 4810 681 5310 8675 9323 3427 8390 2250 2919 7523 7150 4333 4420 6855 1315 5971 1429 5262 6979 9254 1206 5286 5804 5279 2302 4428 1925 3269 4280 8947 4968 6956 6024 2599 826 400 3422 1825 477 6285 7657 6603 6897 7020 482 4241 3264 4272 471 3876 2139 3463 7796 2491 2378 9751 7703 3778 8293 7525 5346 3755 3290 1931 3325 8833 4322 2866 3032 4792 49 6429 8807 8908 9873 3622 7661 1950 1735 9983 4824 9788 2230 5143 2552 2927 8347 4669 8429 6985 7797 8425 4591 3944 6889 9591 1529 5542 3771 1930 3722 2618 6902 2570 1906 2656 4530 5326 2025 8297 5966 2089 5770 4547 8688 1712 1331 4541 3919 7751 473 9192 9579 4089 3128 9366 6748 3526 4881 7516 892 7811 4329 7779 2667 3068 8294 7302 1594 4760 4549 8595 367 1838 5742 8761 404 5090 115 9682 6337 1022 6239 9467
4247 1638 6634 6212 5285 7374 5618 5705 7528 3321 3435 1186 7200 1844 8565 3865 5202 2813 5896 4144 4709 4690 5857 9704 0 5399 419 4324 8825 6321 3408 1614 1793 7758 9600 4250 9095 1012 5137 3077 4200 5626 978 3735 8711 8778 8865 8321 4853 2161 5810 2798 1793 2117 5251 9632 7734 1944 2656 199 3238 3843 1914 5157 5424 4128 3458 7472 3851 430 3733 1950 7354 6392 1480 6055 4228 1286 1073 9928 596 3420 7974 9687 6763 6261 4267 8448 2983 9301 4800 5518 5034 3093 135 2754 8921 6439 4682 312 58 6075 4511 80 6435 670 902 7446 5836 7652 6627 7282 8873 8035 6053 3955 8082 371 3722 4967 8220 8365 3516 4901 6148 1558 3707 1916 1071 2075 1264 913 7295 1142 6162 3480 4614 9325 57 5457 4956 7111 9028 5979 4481 2155 4482 6024 5138 5684 4543 6808 8172 5839 9849 763 2925 7232 2306 1851 7063 6886 626 6236 6444 5554 6529 9044 2959 273 7013 8791 2006 6330 4725 866 2531 1945 5987 1351 4610 2354 3518 1305 1091 1108 914 6907 1496 9748 2735 4393 846 4233 4276 2286 3794 8346 2696 1760 9898 9290 9749 9056 2462 6640 7738 7409 3419 5177 1595 6555 581 1329 4255 3783 344 5968 9381 2743 9235 9948 9414 7140 6434 1791 851 1842 7297 8651 3718 4335 9561 7046 6732 6109 7953 1540 7022 8243 3515 3098 7141 9224 8901 7269 7089 4963 2439 2918
9446 8302 1289 2672 1551 6463 5353 6650 7401 4442 7581 8296 1930 498 3074 3855 9687 4425 9938 4746 2671 8796 3329 4473 5399 0 3643 8680 1132 3610 4919 2768 4066 5079 7856 319 2116 6824 1233 4745 5182 5728 3868 9760 8460 400 9174 1492 951 2405 1563 322 1442 6321 6005 3198 7003 5088 5996 8088 3515 3156 575 9416 6812 2248 7407 1659 3027 4108 4022 9971 6071 9387 310 7976 626 8755 4042 8226 5979 1204 1968 8799 3758 7634 6763 3461 6351 660 3631 8768 3906 1799 3474 3987 8824 6188 6447 7068 5644 3813 9047 434 5597 5767 5319 5973 5548 1825 5994 2198 7388 687 2572 7343 4487 560 2727 6801 4563 7641 4511 2600 7146 4330 3416 7460 4539 2159 8442 8988 2122 6917 1794 3574 4662 8380 5770 601 4457 3058 6076 3161 7425 3779 5110 4094 797 9664 6867 3178 2766 8306 4214 5313 3801 203 1502 4140 7293 1850 2065 7503 954 2020 9144 2221 999 6591 9115 5046 8366 6628 3429 8166 2512 6466 108 486 5820 7550 9273 3934 3575 79 3168 3833 6099 4583 657 3515 5220 5028 7263 3352 1167 1823 803 6786 4438 8873 1791 1582 6054 2190 5611 2705 9132 9240 323 4438 6803 8882 8438 4545 1370 7076 1028 6010 1414 171 4804 3058 3698 1920 7243 4201 8331 9738 6072 1807 7986 9029 3393 7909 555 9681 8544 2867 8761 940 2590 2934 3815 3895 950 7789 833 9354
1580 3939 2157 1262 7563 1592 2254 2413 2601 2071 2380 6873 1515 7020 9393 7906 9998 6541 5924 4342 4609 6845 525 6075 419 3643 0 6452 5225 7328 8023 2370 1359 8709 1695 9016 1150 5271 1098 9391 2056 8134 4060 1264 8115 5430 1967 2386 8432 3464 8062 8724 7203 3559 2854 1975 9102 7040 46 6251 2689 4478 8320 2607 7082 4309 8030 1531 3075 1380 3956 3651 4161 3368 435 7727 6496 3365 7782 4762 9666 6606 1430 8245 5972 3532 4878 4717 2604 5684 5741 7024 4811 5867 5361 7252 6970 2660 7297 7110 8547 9235 4397 5686 5827 6198 7823 525 7509 2979 3876 1152 4019 7682 8507 8946 7888 9550 7484 8105 5113 708 538 7016 8841 277 7108 8276 9354 7949 7860 4891 5439 8431 101 2504 6439 2869 8557 8337 7056 7223 8280 358 8864 3845 4670 8756 8481 3574 622 7685 175 4330 1162 6605 3714 5515 3255 5570 6967 6972 129 9634 7958 2407 8267 6457 3063 1797 4629 3209 4968 5094 7725 5544 2002 8199 9317 7724 9200 5359 3706 438 2039 4191 7710 6880 7432 1764 1444 2738 7804 3210 1827 2383 4082 7112 3770 5103 8831 9089 9232 4476 4193 2526 6387 6531 5088 2653 8160 7111 7578 5610 5368 5038 7975 1500 1105 8403 8330 7405 506 3489 1095 2138 2140 1273 6588 3684 3583 4661 3586 4126 8504 1165 6687 7784 9200 8144 2730 4970 868 7529 3589 9191 2784 9385 1818 1476
1199 9355 3176 9669 1173 7626 6381 46 2220 1623 2191 9435 8379 5830 5301 1187 5699 5521 8293 4202 8214 8200 5843 5502 4324 8680 6452 0 9216 8016 5 9216 5727 2097 1753 1971 7977 246 4289 8128 9384 8223 6972 5175 5355 6191 325 6789 4249 8943 2870 1167 1790 712 6594 230 5462 6415 8441 5401 9051 5800 5294 1806 7168 3110 5037 9441 9954 693 5670 2404 4202 1844 3691 2301 5029 1178 1116 5025 3638 7619 9256 1072 4149 3506 7855 702 1996 7528 329 9811 9460 1554 4117 500 4976 4721 7265 1890 8371 6049 4761 2710 3816 9068 6585 5542 9158 2387 8559 2007 9458 9005 2316 1163 4064 8522 8647 9079 6543 4532 4564 5275 951 4210 6075 998 7000 6929 7844 1405 7728 4267 9428 4807 6554 5768 5901 2588 8760 404 8599 476 93 4736 6794 2599 5582 4315 8426 5971 6355 9845 7414 4441 9083 6483 538 6018 1613 1748 1789 778 596 6325 9339 1338 2322 1544 7933 8001 3677 9662 3366 563 9079 5426 4457 5161 8246 7052 5307 4729 3957 967 5115 8390 2925 3773 382 6924 7681 2236 7271 3398 2047 8579 8004 1543 8931 8765 8933 2593 9590 1932 7300 368 1378 552 6961 9348 7109 4748 8075 9160 4789 9751 5175 6937 4219 1667 216 940 2577 3595 852 5396 7620 9779 5129 2299 5934 8671 9498 8561 5254 4124 560 8217 8782 7660 7933 4295 9791 9982 8065 472 2431 6772
9960 1336 584 2573 1109 5051 9671 1832 4462 621 5920 1467 8084 3090 770 2210 1188 54 9845 7171 9658 4908 7559 9865 8825 1132 5225 9216 0 2631 8569 3291 4437 7738 5590 1916 8339 4048 2948 289 9174 2901 5280 3545 6909 8288 921 7207 2751 1906 4405 4861 3648 1469 1369 7870 3647 4586 3421 5160 9860 5979 8360 6923 1699 8428 9404 6022 7954 8559 4121 8383 3838 1927 3047 3212 4184 4139 5157 8937 798 2096 7602 8576 2491 6267 699 1606 744 1417 2735 3496 9180 8607 5759 7075 3530 1938 6441 9323 6118 1298 6142 1936 5378 5283 4637 5449 370 5129 3097 5724 8471 6262 8592 4466 8362 7137 3152 9106 7743 1285 3103 841 3556 2613 9609 1892 6169 8813 8751 3179 8902 3433 452 1266 3961 9235 2890 8797 9110 1369 4844 1226 9710 6007 2215 3909 9220 4160 6001 9369 6751 1011 2763 4146 8783 4992 2591 8656 2834 1028 8996 6260 3226 3239 7135 2515 6490 9261 7791 444 2655 7280 8815 1238 8902 2992 154 9054 6044 1323 2156 353 613 6652 605 2310 3133 8111 2412 2021 8912 2297 7805 2114 1167 544 5672 8383 1931 7170 2524 479 759 2544 8248 6823 3863 705 6923 3337 5302 7975 9672 6935 9583 1060 4682 8370 2597 2280 4174 7418 112 7322 4147 1393 3512 2313 8019 9420 9668 7250 1943 4881 2402 4042 4088 3761 7669 7230 9756 1065 7516 9146 8204 7286 4795 6958
6034 6936 5599 7915 6366 8385 8944 3888 8038 5490 7782 3939 1818 3466 8489 9082 6524 5407 1612 5595 5792 2471 9282 3057 6321 3610 7328 8016 2631 0 3429 2451 1588 3812 2175 7712 7401 6572 1358 5865 3725 1731 2416 2483 250 1261 1629 287 6299 8871 134 5975 4736 1254 330 6909 9559 9939 2599 7013 2470 528 750 4922 5798 5727 3320 4165 9976 5625 1838 4309 4932 4447 648 7813 6788 6715 4789 9999 201 1660 7030 4374 4897 4129 2541 345 8665 2252 2176 548 9754 6817 3466 2598 5662 3274 41 3009 1533 5932 6174 6639 762 2942 5034 7194 8675 8164 9891 3634 8730 1599 5701 7095 1596 3747 3048 403 4620 3336 1535 4097 8194 4025 5372 6189 2717 8198 4340 5337 6762 196 7981 3329 5315 271 1591 8021 190 7890 6891 1796 2204 1620 7513 2350 1384 127 217 1308 97 7896 4339 826 4218 2959 2121 4449 9377 8265 62 2584 1375 7990 349 9016 167 2030 3333 3349 8426 5346 36 9633 9531 1428 954 1289 3723 2353 9528 498 3481 5203 6621 2424 7424 2772 401 7628 4318 2548 7283 3288 767 9137 1701 9269 8638 3872 4172 2090 3791 4413 8367 7991 9723 4084 6065 8993 1150 2328 4007 8362 1013 9154 1633 7840 3883 9474 7761 4906 9864 5608 8433 290 402 4103 1379 426 3538 7093 9295 3646 1677 7381 8409 7762 3253 8574 8409 6538 9642 311 2069 6029 6195 3819
4043 3955 431 7346 5676 2733 1749 3305 2750 6509 9615 6896 3109 2332 2608 6575 7563 8435 3061 5169 2 4182 7566 8443 3408 4919 8023 5 8569 3429 0 3201 9663 3179 3161 5187 1418 316 6087 6212 5387 67 1183 9307 4369 8624 2788 3363 6485 3687 2134 4874 763 7470 9973 6616 6094 7923 2180 3729 8189 3609 5709 8654 4889 1639 9625 1168 7362 4274 9593 5495 267 7185 9057 1085 8453 3366 5024 8587 7583 2308 7243 2149 773 3564 9836 5027 6351 238 8119 4475 6276 8363 7857 3848 7649 2120 2015 6505 2409 7228 5859 3415 6206 2661 7837 3258 5471 5544 3511 7788 5040 4055 3958 1642 487 6426 6864 35 8083 6782 837 163 6188 6739 7253 1356 3030 6897 1998 8537 8193 3753 5995 5695 5677 3881 8728 4327 478 9093 2810 1317 4218 2073 6985 1827 2132 4674 241 8117 8697 3247 9845 256 6062 3117 6356 2110 3822 1865 929 6839 4099 6487 9265 3799 3443 7699 6027 2898 3580 5509 1000 7386 4408 63 1692 3943 1121 7235 1820 9688 9751 1208 5877 3306 1280 1063 2203 6795 2961 6579 6221 6394 8887 4775 6583 746 9249 5448 4422 5967 6389 6175 5335 4366 5191 8278 8632 1373 8886 9059 5888 8936 5094 8794 2920 4314 2155 7807 1447 2927 5977 9331 5556 4393 1742 4062 7278 6693 2684 5723 2203 3536 7113 6430 7053 8359 6008 9081 5589 793 6141 4728 7267 5251 1925 3802
6577 3518 2304 3622 4114 2715 9217 2124 922 8406 1604 7392 1830 4676 5379 4184 6006 3510 2449 8864 8317 8734 9461 275 1614 2768 2370 9216 3291 2451 3201 0 2254 153 3082 3222 7665 7262 3162 4541 5240 4830 8793 947 2337 6596 9571 6720 2828 5654 9004 1597 7003 8181 4359 585 8108 3469 4198 1021 3792 2984 3731 6783 7809 1842 4784 1358 2276 3444 62 8795 381 9790 9443 1272 8673 8449 8703 5483 3711 8385 3025 6835 5156 3114 8896 1497 4345 5404 5719 7532 9214 4670 1565 6744 7254 1562 8524 3776 8311 4176 4395 1927 4738 8958 6341 6540 7616 2689 251 4774 9390 9567 1845 5641 5372 7999 8264 3639 5856 4522 1601 747 1127 1188 8398 2714 4576 1266 9130 4103 4538 3591 741 5189 4894 7340 9999 6131 2163 8367 186 3504 4304 2532 1130 1301 3616 1984 696 3631 8142 2854 1012 1433 4477 9663 7823 4741 1293 7242 367 133 9600 1444 5859 9377 2888 4654 8127 3322 4907 808 3622 7839 2792 60 7010 3665 2376 1760 8753 6978 5610 9087 1052 4643 8039 1453 1379 7223 9490 4429 8518 5482 9054 8478 4922 4291 6077 8786 3505 2448 7796 910 4633 5924 4477 9708 6945 453 632 4378 4367 3763 2291 7948 1189 871 5364 7390 4414 1499 5580 1971 9603 1928 1205 9038 5928 9642 5333 5312 9217 9752 4456 2488 3747 7194 1653 6225 5978 7895 6630 7126 9942 1199 8265 4204
