100
0 2183 6972 7700 6010 2651 5383 1536 9402 9846 173 9342 5612 914 542 7464 5082 6653 9156 2301 1664 5407 1083 4815 7696 2176 6154 3782 1511 78 8434 7265 9390 5504 6818 2318 5305 9057 7018 4015 1292 5265 1958 1011 9555 1959 2757 5508 2328 6972 3053 6725 4365 1520 5196 8633 9417 362 8224 777 4149 9898 9781 2905 2129 175 9223 4454 5709 6751 7608 714 7427 2905 9642 7420 2574 3447 5246 2816 440 1372 9388 8657 5941 7335 9083 6060 3305 4559 7767 7073 573 9910 8056 3505 9425 9658 9217 1306
2183 0 2918 7479 438 5217 5173 7611 8980 557 5583 8267 4547 8380 9051 2451 4765 9222 6691 4924 3908 975 6311 9404 3325 7970 4628 9367 6111 9358 2256 5108 85 2350 7480 4186 63 7717 2561 364 1321 922 6401 1734 7888 3746 4042 584 4591 3279 3135 516 6620 2531 3994 74 1520 7012 8277 1960 289 5016 2587 7745 2269 8489 2350 8368 5877 2655 1231 1294 6177 4744 8898 7906 4257 3058 5719 1799 2981 6921 2635 9749 8717 9469 5468 8081 4528 8574 1924 5731 3288 9341 1077 6867 1099 9256 9282 1272
6972 2918 0 2621 5787 471 7475 1932 8976 2003 615 9261 4711 3182 6392 7657 264 2240 1487 2807 6610 1700 2702 3290 8007 893 2752 4171 9570 8574 8165 242 3984 9707 2562 885 956 8966 8465 1762 7697 3923 4301 5405 9772 9654 7834 5327 5885 1612 3600 4396 1975 3723 251 5200 1195 1865 229 8154 2958 516 733 7670 7855 7702 3271 5725 8985 7629 8405 8817 938 4271 1572 163 2255 6473 1758 5992 8315 8295 9041 4464 782 5770 2075 2337 4658 5244 1062 4822 3996 2187 1577 8013 2760 6121 2268 7023
7700 7479 2621 0 5300 2095 8850 5072 1663 9067 6832 8355 6490 786 9170 5923 700 4121 7034 2334 3747 5750 3148 449 7404 7909 5087 9151 3456 132 2605 1096 6914 9251 6004 286 8022 1245 8050 1358 5745 1966 7451 2076 4096 2468 5520 6058 3076 8123 4640 7533 5651 1637 3186 7797 4 2003 4315 6055 2379 6610 9412 8856 4520 4475 4211 2938 8536 9376 1112 7763 5060 6382 296 6685 8511 4334 3705 7418 5672 4049 5802 2412 3839 3148 9068 2816 6457 1793 7772 2712 7839 1832 3297 2589 2278 6202 2984 4873
6010 438 5787 5300 0 5234 8732 3601 5377 4898 516 1351 3435 1158 2661 5475 8352 1201 8254 2551 6225 9620 2211 5131 9062 2871 5042 1708 4403 8230 926 1226 4548 943 5081 1043 50 2761 5992 3919 9428 9065 2585 1963 4702 3880 2312 2693 4562 9606 1188 7380 1208 3641 7754 9564 8555 2230 9848 2829 7025 7110 7413 7942 767 4013 3090 8264 9906 1201 6830 2039 112 678 940 4084 2135 1968 6918 794 2998 6691 6195 2481 2422 5255 9188 2857 125 4265 5214 5865 6285 9437 456 64 9471 4766 6006 4617
2651 5217 471 2095 5234 0 176 697 988 1794 4109 7266 5206 4195 4116 5961 7794 1463 7229 7922 970 6703 8188 9988 1063 582 5129 4033 5337 1569 5054 1334 3556 2299 5045 6211 4454 9092 20 2123 5727 1902 692 7237 2201 4298 2768 5655 9533 3133 9362 1784 7974 8616 8371 7237 9524 5607 3798 4694 6406 3696 9267 8306 2966 9788 4005 1839 9805 2150 5254 8456 7012 4178 8528 466 3165 2208 5365 7463 7089 790 3476 7732 4839 2015 4439 1777 712 9961 6183 4419 4623 4070 9069 9629 4114 1335 9101 4438
5383 5173 7475 8850 8732 176 0 9308 3502 8827 3574 3221 1525 4314 4674 6096 319 3881 165 9886 5356 5848 3755 4934 6886 6092 2792 3942 899 6253 47 5269 7799 5826 4393 2278 445 3981 6569 7464 395 6392 4862 4501 3165 5956 1478 1476 7423 8513 7361 5887 780 2040 7270 5318 2921 2626 6318 4030 4140 2137 6559 2383 6015 7886 2912 8440 6118 3017 6370 1355 3976 7281 7665 6550 3247 1851 8938 9658 3255 9438 8209 3302 9250 3308 3037 1853 421 4216 2443 8341 4069 2767 3266 2311 2167 7274 7688 618
1536 7611 1932 5072 3601 697 9308 0 7285 248 9140 6231 9357 3639 7314 5422 7014 5621 8084 3404 9211 7382 9082 5284 4016 1167 6131 8059 5543 194 664 3215 2231 2623 5562 759 9697 1911 1963 3578 7828 3876 6582 9189 9836 5898 5612 9370 3320 2289 9917 2977 6389 2287 9139 5673 9347 1809 9022 4319 4883 4969 3703 5928 7494 3686 5975 4945 2598 6009 9455 7299 1150 7530 7150 974 6137 3079 4329 6973 9006 6696 6885 3136 389 5535 7540 551 5640 2364 1730 1641 5064 2889 4777 191 3197 1667 2283 2596
9402 8980 8976 1663 5377 988 3502 7285 0 6340 9915 9495 1763 9798 5449 7825 2323 3536 3728 660 8569 2512 9039 80 904 7684 8233 33 2322 3160 1474 5576 2633 7942 3435 907 1585 9835 170 4021 9550 9436 1205 8928 9652 1536 2461 80 5774 8563 6632 6336 6048 2936 619 8594 1664 2143 157 4312 9375 8236 2184 6240 5793 1550 2689 8838 2900 5893 1048 1543 4033 3266 2498 6266 1427 8408 3199 8629 648 7648 5391 6489 4179 9600 5004 9989 107 3530 6174 5178 2837 550 2126 4283 697 680 3359 9613
9846 557 2003 9067 4898 1794 8827 248 6340 0 4886 8936 2396 6606 650 5591 722 8926 3423 2033 5620 7501 4705 8561 2245 5271 9049 3401 8109 1695 1340 9272 8191 6342 3427 7414 2206 4472 3573 8990 9062 8368 1088 4604 9301 9416 9612 6296 5410 1964 3822 546 3855 9085 6938 890 158 2184 471 8902 8937 9946 9538 713 5527 3754 1006 2794 473 7784 3943 9118 2317 5320 1483 8861 8894 3376 1058 7381 1267 6988 2369 3839 9234 6531 7013 5204 7314 4147 9657 8306 5919 6135 9910 1175 507 5806 1301 1695
173 5583 615 6832 516 4109 3574 9140 9915 4886 0 7474 5100 328 6023 1118 9352 1942 4791 3023 2886 3021 2125 5665 6789 3489 7365 3674 9930 9812 6260 9058 8726 4636 6765 7920 9579 339 1161 7325 7117 5076 2275 4327 9753 9369 3113 8372 4384 1666 4189 7452 5994 3965 8206 9245 5206 4712 8226 7976 8613 8113 9766 5017 1700 5241 6537 5079 9030 813 6308 2266 8774 2786 146 6677 4643 1219 6722 2622 7354 438 537 7182 8764 4683 5515 6260 2902 2042 7723 3522 3485 2530 5235 3809 905 2531 2730 1846
9342 8267 9261 8355 1351 7266 3221 6231 9495 8936 7474 0 1085 1592 1827 5804 5366 9413 2356 1415 6039 2577 3695 1327 147 8768 7812 8904 6527 1167 9886 1065 7305 3931 8133 8607 2538 3181 80 5837 7893 2581 3702 754 7 4294 7260 8928 7173 4814 2962 4239 4191 6423 5871 8298 8616 7557 1605 382 2905 628 4954 6836 6148 940 4279 3241 9016 5986 1716 2480 6502 9199 51 8336 5052 8308 9357 152 6465 3576 4926 8770 8710 9806 6865 2513 6468 2275 2033 6592 4963 2217 9383 8087 6381 972 6266 2858
5612 4547 4711 6490 3435 5206 1525 9357 1763 2396 5100 1085 0 1145 1067 9594 4251 4751 4652 7899 4816 8161 4453 776 5172 824 4933 3142 7975 9023 1176 9285 7340 9494 8043 6765 8975 3984 1504 376 4311 2881 2374 9715 2784 6042 624 401 2380 5987 2429 2592 9082 7088 589 5505 7819 7934 3351 7046 1339 7260 6586 9290 7727 4429 7881 1467 9400 8409 7294 4848 338 8274 9042 9121 5583 6540 2719 799 3173 6899 9648 3365 1114 6155 3123 1969 8790 4590 3132 3891 3582 9109 7734 9917 7719 6327 3373 6968
914 8380 3182 786 1158 4195 4314 3639 9798 6606 328 1592 1145 0 8537 3480 5600 7695 521 6817 8087 9185 5323 9269 7814 3311 491 8445 9206 5381 8813 3710 5300 3616 9714 9727 1712 7844 5806 9284 9382 9536 8874 4132 4226 1142 5494 6949 1890 4807 5012 3211 3900 484 2624 532 2816 2517 2962 3288 6936 1076 6497 2980 1604 8343 2501 5380 3874 9694 3620 9139 8883 5845 1592 793 7922 9178 4118 3666 3299 3682 9874 3594 2993 8777 1170 6125 7515 6516 3590 916 7159 8644 4769 4965 7329 4535 1370 522
542 9051 6392 9170 2661 4116 4674 7314 5449 650 6023 1827 1067 8537 0 7717 1092 4767 7312 1199 7600 8109 6514 2856 2462 9866 2839 6312 3705 4794 8532 988 3187 3540 1081 5238 3586 5085 2973 1537 1680 9965 3440 8919 7216 9461 2788 6762 6049 5609 4990 3281 8354 8737 9177 5670 3723 3299 9491 3994 8997 2306 2807 8345 1847 3248 4957 1083 8854 179 4253 2466 995 9832 8027 6825 8255 9287 214 8713 4595 216 7145 8249 3667 6518 9451 8343 2224 180 1271 5163 5907 5945 5818 9837 2151 2943 9860 564
7464 2451 7657 5923 5475 5961 6096 5422 7825 5591 1118 5804 9594 3480 7717 0 6504 7952 830 5854 9802 612 377 6668 9210 3509 2771 411 6831 2451 1454 1398 2144 2023 8231 4375 368 4385 5660 4944 196 6362 8996 6240 4958 4848 6468 3372 1416 296 2915 215 7020 8316 5701 6587 949 716 2996 5536 3905 9161 5972 4893 4391 6268 6093 5143 6653 5006 3477 443 69 2393 8573 4387 7128 3834 3969 4112 8626 5555 7809 9054 7655 7219 696 9145 4402 1883 5555 3335 392 9112 3688 9107 9296 2948 5244 8734
5082 4765 264 700 8352 7794 319 7014 2323 722 9352 5366 4251 5600 1092 6504 0 5748 9289 3011 112 196 9535 8104 8943 9257 3673 7686 3773 2780 5653 7160 5805 3504 7427 8974 2953 3761 8544 3215 4162 4321 7455 9299 4754 6272 654 9 8570 1811 6882 520 4369 3963 7510 6126 8550 7972 4290 5619 8493 2957 1879 4951 4373 2671 9559 571 2788 8260 7148 148 4285 7162 2386 7252 2195 8077 7384 2789 8665 9281 9537 3934 9801 4049 4704 4376 8008 2092 2787 8161 8406 707 5180 1995 3268 157 9637 1976
6653 9222 2240 4121 1201 1463 3881 5621 3536 8926 1942 9413 4751 7695 4767 7952 5748 0 6821 1042 6792 5934 6547 1447 3289 1175 5255 2616 8826 2979 4137 8918 985 1312 4636 5303 7325 8316 6639 7604 906 7225 2988 1654 2498 2331 7099 8150 4930 99 3013 8017 7603 9152 2761 2784 3979 3224 104 4829 5387 3628 8063 7235 8843 4946 4089 8140 8682 8712 2884 2882 8716 9226 7438 3100 4904 3799 6787 434 1144 5492 800 2033 3288 5365 1949 7076 2116 1126 8109 6168 7589 7328 3609 8479 8011 542 9203 2752
9156 6691 1487 7034 8254 7229 165 8084 3728 3423 4791 2356 4652 521 7312 830 9289 6821 0 8171 5907 4151 626 1052 7238 5769 8362 2249 6042 1691 832 9930 6204 7114 4633 6663 434 7388 9901 1437 2108 907 4121 2521 3788 3457 5054 5662 6716 135 316 856 5431 9925 4708 5473 322 158 1998 1460 9714 5218 5764 1110 6286 6016 1630 105 2772 8910 3430 6289 704 5617 6953 111 6022 3135 5852 2098 1073 2996 3440 945 9994 4790 1820 841 5589 3142 3214 1164 7973 2698 2300 5147 5880 7282 1048 8260
2301 4924 2807 2334 2551 7922 9886 3404 660 2033 3023 1415 7899 6817 1199 5854 3011 1042 8171 0 4941 7810 954 9518 1763 7314 8244 975 2866 1189 7132 6499 5950 6461 1081 819 851 8276 9318 3970 9206 7928 6548 4206 9480 2738 3192 7046 2869 2226 1104 1603 9939 142 3112 4201 3608 2444 9242 7967 8694 8250 2074 2496 7919 7217 3637 9103 312 8566 1733 846 2607 4084 4528 1765 838 2714 7780 716 361 2536 98 4823 3634 6019 9083 2130 9935 8139 9339 9506 776 2017 8629 4060 1119 4753 669 1987
1664 3908 6610 3747 6225 970 5356 9211 8569 5620 2886 6039 4816 8087 7600 9802 112 6792 5907 4941 0 2384 598 7923 9803 7935 7538 9474 8270 1812 3938 7312 8135 7418 9139 2294 1451 5999 2041 7266 5188 2011 9775 7944 3982 9182 6859 4418 6246 7802 5244 588 7820 8787 3276 9943 8943 9404 2664 4926 77 8042 4313 8672 2303 8897 5491 2114 614 6101 2959 3762 7984 7801 5523 8687 7080 9562 1579 6696 1771 7206 5776 5027 5088 5100 5242 7872 2135 8447 7251 813 9798 9929 1492 9284 3374 3831 3054 4975
5407 975 1700 5750 9620 6703 5848 7382 2512 7501 3021 2577 8161 9185 8109 612 196 5934 4151 7810 2384 0 2656 6498 6258 1930 7043 7326 326 4640 6856 3829 2662 7108 6329 2424 3919 6397 5646 228 5937 4160 3361 5599 8566 8685 7592 7304 2764 7943 5612 1559 323 9995 2665 9002 9563 2558 767 6906 4085 9396 4437 9201 2196 1499 7359 2554 3992 4739 1380 1533 849 9689 7804 4610 2789 6826 7134 5165 8194 7251 797 2304 1489 7845 6737 9765 9972 3264 8480 6589 9911 4445 5106 8519 4326 7885 6356 9313
1083 6311 2702 3148 2211 8188 3755 9082 9039 4705 2125 3695 4453 5323 6514 377 9535 6547 626 954 598 2656 0 1005 2748 5582 7230 9002 729 8728 6241 6994 644 9623 2340 6690 3121 9908 8798 7684 6765 7367 2580 3981 7124 1129 5963 367 1039 10000 1472 4572 3117 535 2870 7589 7225 6477 4308 3057 3558 1673 8255 2325 1409 7486 5275 146 1684 6427 4913 864 840 9787 2168 5473 6130 3639 9606 5041 2177 3852 8585 785 9126 2293 3180 4024 8308 7089 1893 7716 8042 7982 7128 7880 9991 6258 4387 965
4815 9404 3290 449 5131 9988 4934 5284 80 8561 5665 1327 776 9269 2856 6668 8104 1447 1052 9518 7923 6498 1005 0 878 7204 9708 8657 4904 6950 7998 755 7653 2841 2593 9651 7077 6809 2016 5232 282 1961 3466 1716 6198 3907 1278 7678 5104 5618 4184 8379 4472 4252 5832 4533 4407 1469 8334 7327 538 5299 3366 8222 2922 9729 6070 7509 8223 9813 9600 2830 396 5090 8879 3560 982 6975 2694 2752 2313 2725 0 4433 6316 2387 2154 538 2779 1734 5039 7082 9449 2235 3139 5291 8660 862 1343 7637
7696 3325 8007 7404 9062 1063 6886 4016 904 2245 6789 147 5172 7814 2462 9210 8943 3289 7238 1763 9803 6258 2748 878 0 2197 7389 9976 7928 7624 9759 7347 2529 1801 103 5227 3169 6251 2020 120 2964 2828 5866 7733 2682 5994 8456 8843 390 7410 8918 1598 4224 1595 4705 6727 7629 8510 5111 2384 6240 7407 6993 7224 2221 4639 2244 8114 1622 7999 1510 3167 6097 220 3713 6446 387 7290 1916 8709 2933 5801 4588 9590 9368 5191 7321 648 8613 2067 3249 7745 7870 7259 2628 4235 5557 9338 5470 127
2176 7970 893 7909 2871 582 6092 1167 7684 5271 3489 8768 824 3311 9866 3509 9257 1175 5769 7314 7935 1930 5582 7204 2197 0 4353 6451 1130 9705 1680 3707 9131 2565 6966 9607 9355 2898 6072 7795 7094 7902 2783 1258 4570 4197 7223 7980 9157 996 3383 1055 1088 2821 640 5101 7634 9641 2857 9101 7727 2980 1877 752 9395 752 3441 4359 3077 1585 635 8130 957 9 4964 9357 9707 4032 3498 1595 7778 5377 6695 7646 475 8541 729 8992 1692 4133 4675 2848 1825 4307 5071 9239 3992 1870 4943 1583
6154 4628 2752 5087 5042 5129 2792 6131 8233 9049 7365 7812 4933 491 2839 2771 3673 5255 8362 8244 7538 7043 7230 9708 7389 4353 0 9247 3210 1416 9005 4698 6318 8679 2283 307 984 8872 34 8061 1957 2833 7370 2 4328 3021 183 7653 9437 5519 9802 5419 2713 9445 1409 5559 4315 4597 9430 4660 8263 8811 8430 747 9386 3218 5037 2580 6231 1233 4797 6324 6378 7838 1135 4173 9609 3034 2300 315 8487 4482 2010 9734 386 1294 2554 9803 2966 8111 2774 5771 2570 722 117 7790 2876 4343 1736 4460
3782 9367 4171 9151 1708 4033 3942 8059 33 3401 3674 8904 3142 8445 6312 411 7686 2616 2249 975 9474 7326 9002 8657 9976 6451 9247 0 9371 5593 7998 5629 4476 9740 7918 164 2709 3652 1816 979 123 3406 2885 7434 736 3397 2091 3879 5805 5399 2881 5605 2171 3112 4192 6575 1013 5125 880 8105 967 7702 1113 2624 5158 1008 3396 6844 9723 5623 9860 4166 7673 9051 5123 9342 33 3065 7996 1261 7774 6315 5887 7214 387 4145 3058 1985 2662 8558 6421 4360 7641 3349 9767 9051 1483 3644 5575 6587
1511 6111 9570 3456 4403 5337 899 5543 2322 8109 9930 6527 7975 9206 3705 6831 3773 8826 6042 2866 8270 326 729 4904 7928 1130 3210 9371 0 9371 7208 9732 6425 6406 8231 9837 27 926 3404 1044 4260 1185 9401 5280 5746 8967 2070 6429 5062 2843 7447 1061 6509 3443 4141 6583 2559 1779 1026 5984 2612 856 9431 7681 3224 6137 7841 4687 8682 3001 582 7864 1871 7139 1496 3730 2716 6510 2060 8883 226 6522 313 879 9202 3331 6008 4224 7529 4842 1431 7488 3365 9059 5529 1460 3378 6933 8845 1138
78 9358 8574 132 8230 1569 6253 194 3160 1695 9812 1167 9023 5381 4794 2451 2780 2979 1691 1189 1812 4640 8728 6950 7624 9705 1416 5593 9371 0 3106 5576 4009 5270 4404 571 9965 4297 604 6566 9901 4956 8740 3504 1479 3008 6906 4681 5638 8579 5572 3382 7469 8784 4712 2832 9741 8707 4380 9267 7350 4529 2027 1880 4258 1590 5864 1929 5500 8822 8125 8891 9989 3659 765 8186 3356 2114 8338 9526 2322 5466 7464 6349 5121 6607 4248 9556 9755 9716 8277 2742 4292 8171 7300 2283 7458 6174 1733 4883
8434 2256 8165 2605 926 5054 47 664 1474 1340 6260 9886 1176 8813 8532 1454 5653 4137 832 7132 3938 6856 6241 7998 9759 1680 9005 7998 7208 3106 0 6892 1626 8737 5194 9889 5966 3985 6127 6456 4078 8246 1964 2394 707 8780 6528 4795 5480 718 7375 4768 3038 3124 8797 9139 6431 1728 9123 3160 2096 8012 314 9019 6342 1305 6140 4672 2939 4535 3233 2084 9864 3624 6214 6507 1276 6130 2497 7301 3122 8254 3296 4760 2283 1177 6320 4722 2442 8809 3204 9102 9391 3258 1178 938 2488 2492 6427 4433
7265 5108 242 1096 1226 1334 5269 3215 5576 9272 9058 1065 9285 3710 988 1398 7160 8918 9930 6499 7312 3829 6994 755 7347 3707 4698 5629 9732 5576 6892 0 8045 5664 3576 5208 4420 252 2074 161 4033 6684 9997 5595 1976 4471 538 5635 413 8540 6012 9552 4885 1010 9731 9729 4964 996 6623 8103 7686 9691 5691 8319 2835 2823 171 9530 6777 2066 1025 584 6377 6054 2173 558 7461 6907 1610 6170 769 6527 8480 7157 5501 5516 2666 6293 3124 9558 8866 4411 7276 5767 8439 6307 8817 8726 9081 8263
9390 85 3984 6914 4548 3556 7799 2231 2633 8191 8726 7305 7340 5300 3187 2144 5805 985 6204 5950 8135 2662 644 7653 2529 9131 6318 4476 6425 4009 1626 8045 0 2842 4930 4950 6188 8041 4971 2898 8031 481 1501 1201 5247 1055 644 7710 6827 784 6606 6583 7820 8330 7858 6497 855 3401 6789 3585 7098 3422 1925 6812 5003 9998 9738 7104 203 2560 1520 8628 2389 9221 4664 3673 3605 5570 7403 8910 2391 5633 6775 2711 1183 3154 5708 2237 3960 4197 758 9684 5248 1139 5999 7812 6726 2382 4536 218
5504 2350 9707 9251 943 2299 5826 2623 7942 6342 4636 3931 9494 3616 3540 2023 3504 1312 7114 6461 7418 7108 9623 2841 1801 2565 8679 9740 6406 5270 8737 5664 2842 0 9418 3909 3779 6381 6685 2176 5479 2491 832 1288 4612 7438 8137 8216 7389 4273 8612 7212 7310 6507 2393 4781 921 6278 4613 8788 2483 2937 9121 9232 796 492 7295 4299 5043 2117 6017 3644 1415 2143 3916 3470 7377 6752 2399 4310 7139 4705 279 5235 4680 7565 8309 4953 9345 9610 6358 8105 4610 265 869 2037 3426 2068 8899 7676
6818 7480 2562 6004 5081 5045 4393 5562 3435 3427 6765 8133 8043 9714 1081 8231 7427 4636 4633 1081 9139 6329 2340 2593 103 6966 2283 7918 8231 4404 5194 3576 4930 9418 0 3901 382 5929 9316 1370 6641 4438 7715 8290 6368 2444 801 1961 6090 4564 5529 4914 3384 5060 4692 1775 9950 2768 6512 3348 3290 5856 1076 2255 2584 1512 1845 3157 6735 2502 2580 413 4458 872 2750 3394 5837 5676 4049 5619 9643 6866 5602 7602 8721 8743 4283 4537 1163 4343 1364 8321 871 3013 6480 1714 8224 445 8391 6732
2318 4186 885 286 1043 6211 2278 759 907 7414 7920 8607 6765 9727 5238 4375 8974 5303 6663 819 2294 2424 6690 9651 5227 9607 307 164 9837 571 9889 5208 4950 3909 3901 0 1611 8108 9825 4628 4200 2579 3096 9171 1734 9770 3475 2072 3195 9648 2557 8993 2265 1275 3618 1594 4268 5748 724 7170 6793 6396 1794 1485 6833 3424 579 32 7983 3419 4547 9569 1364 8143 8913 4246 8792 61 6818 2477 4317 951 9121 8153 3208 2565 9834 1094 6722 6002 882 2607 7843 7437 6610 6516 7396 9269 3192 623
5305 63 956 8022 50 4454 445 9697 1585 2206 9579 2538 8975 1712 3586 368 2953 7325 434 851 1451 3919 3121 7077 3169 9355 984 2709 27 9965 5966 4420 6188 3779 382 1611 0 5533 8782 9261 2018 3451 5057 4618 1044 9703 162 1195 324 6701 7996 6135 7640 1095 249 3544 3625 6624 733 4368 9891 2574 1200 6367 7454 7001 7233 3991 8709 53 3133 8155 3796 4598 2173 1440 6683 4444 1908 7755 164 9359 342 6940 4638 1992 8064 2467 8507 7712 5481 9369 5871 9814 1442 2625 1070 6581 1003 7663
9057 7717 8966 1245 2761 9092 3981 1911 9835 4472 339 3181 3984 7844 5085 4385 3761 8316 7388 8276 5999 6397 9908 6809 6251 2898 8872 3652 926 4297 3985 252 8041 6381 5929 8108 5533 0 667 5578 5392 3292 1448 6045 9666 6265 2242 7201 4140 1082 7636 5412 923 9545 9797 5614 1521 2663 1620 6977 4685 5663 6147 5961 7155 8620 7169 8096 9375 7792 5955 8248 7455 1253 3945 7608 5130 123 3232 1246 5199 20 6112 8091 2453 3813 5610 6459 7698 8543 9133 6486 9234 9465 6160 4195 4405 9519 335 9398
7018 2561 8465 8050 5992 20 6569 1963 170 3573 1161 80 1504 5806 2973 5660 8544 6639 9901 9318 2041 5646 8798 2016 2020 6072 34 1816 3404 604 6127 2074 4971 6685 9316 9825 8782 667 0 6098 8096 9628 9413 6352 8412 9244 82 5405 7900 6385 376 9284 8152 2129 6014 63 3461 439 9738 1568 2263 5933 1347 7631 848 5872 6823 1850 1192 8289 1074 2960 4161 9025 375 2836 8516 919 9296 4488 6019 6756 3978 8250 453 9822 6002 8274 9737 9648 2304 1078 6027 1886 222 2579 5347 8852 857 3340
4015 364 1762 1358 3919 2123 7464 3578 4021 8990 7325 5837 376 9284 1537 4944 3215 7604 1437 3970 7266 228 7684 5232 120 7795 8061 979 1044 6566 6456 161 2898 2176 1370 4628 9261 5578 6098 0 1363 2325 7569 7439 3477 1984 3023 9579 5786 4233 6902 1333 8981 8990 25 3135 6328 7471 9818 9276 9405 8109 6202 9196 5757 8940 6089 8347 9901 5425 7494 68 5390 6225 2797 1923 1994 4404 5248 8380 8932 6248 2319 5369 1683 7070 8025 6792 2961 462 5541 2166 5309 5200 4768 9158 8806 4259 3085 9114
1292 1321 7697 5745 9428 5727 395 7828 9550 9062 7117 7893 4311 9382 1680 196 4162 906 2108 9206 5188 5937 6765 282 2964 7094 1957 123 4260 9901 4078 4033 8031 5479 6641 4200 2018 5392 8096 1363 0 2572 9918 7075 6454 3060 8930 9779 6164 8939 6970 1112 2616 2299 9646 4903 3178 4787 2104 6886 3779 5959 8796 9824 1240 2370 5929 6882 3529 991 5595 2388 5725 1256 920 9468 2720 9172 6716 877 2476 9974 7284 8636 2633 5061 9105 9601 7752 7944 5193 5599 7749 941 5968 9432 4861 7629 9501 591
5265 922 3923 1966 9065 1902 6392 3876 9436 8368 5076 2581 2881 9536 9965 6362 4321 7225 907 7928 2011 4160 7367 1961 2828 7902 2833 3406 1185 4956 8246 6684 481 2491 4438 2579 3451 3292 9628 2325 2572 0 5685 5720 7943 1825 6594 6380 4808 9545 6981 2434 2622 7247 4098 559 5689 6743 7153 360 8308 7254 4446 2709 9675 1710 5859 1668 3362 5348 7272 2463 4923 8993 259 3421 7875 4434 8001 6613 6842 6084 9003 4843 9654 7265 2783 3753 3042 1925 5452 3807 4669 2761 45 2657 1696 7077 3263 9674
1958 6401 4301 7451 2585 692 4862 6582 1205 1088 2275 3702 2374 8874 3440 8996 7455 2988 4121 6548 9775 3361 2580 3466 5866 2783 7370 2885 9401 8740 1964 9997 1501 832 7715 3096 5057 1448 9413 7569 9918 5685 0 2996 8042 5067 91 2307 9985 4198 8119 8814 6093 277 9927 7300 415 6546 7685 2463 4185 7349 8375 4372 7677 2895 8115 5467 4257 1089 9266 6024 6873 7632 2651 8595 190 5230 7354 1479 8233 2390 3586 4230 1573 8594 4198 3732 5458 1695 4151 4398 885 3805 26 1004 4475 8334 4510 1259
1011 1734 5405 2076 1963 7237 4501 9189 8928 4604 4327 754 9715 4132 8919 6240 9299 1654 2521 4206 7944 5599 3981 1716 7733 1258 2 7434 5280 3504 2394 5595 1201 1288 8290 9171 4618 6045 6352 7439 7075 5720 2996 0 237 4211 1482 4986 8845 2683 6015 8361 2475 1256 3831 5620 9104 4825 5404 7829 1142 334 5457 5571 3010 8596 7491 6122 2626 7888 7197 7144 3356 3570 2082 2976 4831 3723 9102 228 8340 3051 4171 9161 5107 6061 0 6138 9675 7288 6601 6461 9785 2330 4407 7533 3521 9950 7882 4178
9555 7888 9772 4096 4702 2201 3165 9836 9652 9301 9753 7 2784 4226 7216 4958 4754 2498 3788 9480 3982 8566 7124 6198 2682 4570 4328 736 5746 1479 707 1976 5247 4612 6368 1734 1044 9666 8412 3477 6454 7943 8042 237 0 6670 6579 4641 9422 7593 5075 4625 4268 6222 6223 3176 6820 690 3563 9365 2070 5635 2166 7039 9681 1703 876 7383 6303 1001 7034 7165 4994 769 9239 5521 7832 3497 9665 6818 8811 4673 2818 8212 5654 9362 4827 1206 4375 5504 4737 4888 910 1976 7401 159 6639 7968 8769 3155
1959 3746 9654 2468 3880 4298 5956 5898 1536 9416 9369 4294 6042 1142 9461 4848 6272 2331 3457 2738 9182 8685 1129 3907 5994 4197 3021 3397 8967 3008 8780 4471 1055 7438 2444 9770 9703 6265 9244 1984 3060 1825 5067 4211 6670 0 6184 8458 9719 850 7120 4905 7151 9046 4569 8280 8093 6683 8359 9162 69 2026 5783 4540 3022 562 3872 8649 1487 419 4880 8246 8321 4204 8246 1748 7333 8735 6627 1415 9484 9971 7321 9420 8808 1431 5405 337 9307 8528 6140 8828 992 608 5023 4813 3812 6177 8306 7664
2757 4042 7834 5520 2312 2768 1478 5612 2461 9612 3113 7260 624 5494 2788 6468 654 7099 5054 3192 6859 7592 5963 1278 8456 7223 183 2091 2070 6906 6528 538 644 8137 801 3475 162 2242 82 3023 8930 6594 91 1482 6579 6184 0 9045 7280 3916 9743 4900 67 6731 2874 7893 4311 8071 5532 8589 8338 6730 7785 9168 7585 2160 6658 7551 1773 6842 9829 9902 4443 2893 2125 7622 1112 4266 574 7564 4609 952 8735 9713 7790 2290 1384 4688 6090 1868 9565 8011 2612 2616 3140 8763 2992 7449 6369 8817
5508 584 5327 6058 2693 5655 1476 9370 80 6296 8372 8928 401 6949 6762 3372 9 8150 5662 7046 4418 7304 367 7678 8843 7980 7653 3879 6429 4681 4795 5635 7710 8216 1961 2072 1195 7201 5405 9579 9779 6380 2307 4986 4641 8458 9045 0 2568 6965 9589 8267 2086 3012 7385 2994 3792 4496 8099 1937 3472 9658 994 4884 3724 1483 2683 15 5659 4552 8243 9759 8765 4943 8403 715 5650 8262 7389 9286 2127 2238 698 224 1635 7227 4158 9247 2224 832 763 6097 2551 5866 9916 4515 3281 8865 5530 8789
2328 4591 5885 3076 4562 9533 7423 3320 5774 5410 4384 7173 2380 1890 6049 1416 8570 4930 6716 2869 6246 2764 1039 5104 390 9157 9437 5805 5062 5638 5480 413 6827 7389 6090 3195 324 4140 7900 5786 6164 4808 9985 8845 9422 9719 7280 2568 0 115 1903 1158 2179 5549 9115 3352 8174 9686 1408 2776 6626 7152 422 9199 6520 7369 9754 3542 840 2964 9102 9808 4823 4769 912 476 6142 8267 753 6827 4291 5455 41 1029 6315 8802 1200 4192 5417 2326 6816 3725 9571 7651 4569 4239 4907 4605 6600 6203
6972 3279 1612 8123 9606 3133 8513 2289 8563 1964 1666 4814 5987 4807 5609 296 1811 99 135 2226 7802 7943 10000 5618 7410 996 5519 5399 2843 8579 718 8540 784 4273 4564 9648 6701 1082 6385 4233 8939 9545 4198 2683 7593 850 3916 6965 115 0 670 2955 3205 441 3251 7199 669 1737 1977 6000 2954 5844 7950 2023 5546 388 5542 8327 4726 1450 2535 1067 126 9099 2552 2266 9277 4881 4150 6710 1320 1288 5554 2129 2177 5266 2050 2824 5571 4506 4885 7105 9403 7485 245 8662 327 5483 3143 4148
3053 3135 3600 4640 1188 9362 7361 9917 6632 3822 4189 2962 2429 5012 4990 2915 6882 3013 316 1104 5244 5612 1472 4184 8918 3383 9802 2881 7447 5572 7375 6012 6606 8612 5529 2557 7996 7636 376 6902 6970 6981 8119 6015 5075 7120 9743 9589 1903 670 0 4783 316 3530 5058 6676 1565 5443 9927 9366 8242 7514 8132 3454 2220 8092 3403 7079 961 4429 541 1979 5374 5482 8042 4518 9831 4719 1744 7672 558 2912 2769 3574 3388 7845 4878 7242 4599 5433 3370 1442 248 7107 9187 1710 5385 7632 601 3583
6725 516 4396 7533 7380 1784 5887 2977 6336 546 7452 4239 2592 3211 3281 215 520 8017 856 1603 588 1559 4572 8379 1598 1055 5419 5605 1061 3382 4768 9552 6583 7212 4914 8993 6135 5412 9284 1333 1112 2434 8814 8361 4625 4905 4900 8267 1158 2955 4783 0 7620 5618 814 5461 81 7171 5101 9912 2053 3930 9743 4584 6140 8152 2947 290 672 8970 2199 5942 4045 2114 8798 320 7245 2706 9573 945 2032 3355 5418 9077 5936 3304 4622 8894 411 4360 7676 9598 1694 529 9506 1598 7924 5419 3001 6362
4365 6620 1975 5651 1208 7974 780 6389 6048 3855 5994 4191 9082 3900 8354 7020 4369 7603 5431 9939 7820 323 3117 4472 4224 1088 2713 2171 6509 7469 3038 4885 7820 7310 3384 2265 7640 923 8152 8981 2616 2622 6093 2475 4268 7151 67 2086 2179 3205 316 7620 0 8613 5502 3706 7518 5165 5938 6773 7919 8240 727 9952 8581 4853 1570 2256 8127 7074 3585 4003 3771 2873 3560 9366 4561 6216 6830 101 4144 5992 9723 6428 4181 2577 3015 7754 5990 164 2728 1552 3156 9490 3521 5522 5244 5965 2405 7445
1520 2531 3723 1637 3641 8616 2040 2287 2936 9085 3965 6423 7088 484 8737 8316 3963 9152 9925 142 8787 9995 535 4252 1595 2821 9445 3112 3443 8784 3124 1010 8330 6507 5060 1275 1095 9545 2129 8990 2299 7247 277 1256 6222 9046 6731 3012 5549 441 3530 5618 8613 0 49 9729 6466 2388 1427 518 426 7722 6157 8547 5909 1776 1089 5922 2259 4737 5567 6263 1362 7961 4605 3989 9538 1352 7200 9159 4299 9960 253 59 4259 5876 5012 3036 9424 233 8957 5310 3899 3257 4984 4310 1324 6798 205 1757
5196 3994 251 3186 7754 8371 7270 9139 619 6938 8206 5871 589 2624 9177 5701 7510 2761 4708 3112 3276 2665 2870 5832 4705 640 1409 4192 4141 4712 8797 9731 7858 2393 4692 3618 249 9797 6014 25 9646 4098 9927 3831 6223 4569 2874 7385 9115 3251 5058 814 5502 49 0 5750 7680 6658 9360 872 9660 1496 5924 7115 6965 5782 3757 6553 3034 7285 9863 4867 9367 5759 9129 8151 8083 821 9700 8736 6365 4917 5614 8516 2412 9552 9614 2227 6374 1157 6337 607 7106 5232 3061 4502 8040 6948 2701 1061
8633 74 5200 7797 9564 7237 5318 5673 8594 890 9245 8298 5505 532 5670 6587 6126 2784 5473 4201 9943 9002 7589 4533 6727 5101 5559 6575 6583 2832 9139 9729 6497 4781 1775 1594 3544 5614 63 3135 4903 559 7300 5620 3176 8280 7893 2994 3352 7199 6676 5461 3706 9729 5750 0 582 6157 1688 4979 4896 7885 3394 6857 5011 9408 5892 8475 708 7064 1704 6565 8892 6072 6107 3941 7044 3154 4809 5227 5899 5965 571 1580 5701 8006 4218 582 7393 6141 5713 6517 2985 5732 2447 4434 683 3758 657 994
9417 1520 1195 4 8555 9524 2921 9347 1664 158 5206 8616 7819 2816 3723 949 8550 3979 322 3608 8943 9563 7225 4407 7629 7634 4315 1013 2559 9741 6431 4964 855 921 9950 4268 3625 1521 3461 6328 3178 5689 415 9104 6820 8093 4311 3792 8174 669 1565 81 7518 6466 7680 582 0 4338 6179 7864 9541 2191 4916 7884 836 1858 6740 7417 4729 1735 1325 5194 5106 978 6139 6141 4664 7745 7066 7252 8379 5762 108 9017 4569 7238 9291 6225 9640 4616 7467 9529 5545 8711 9008 1982 7876 3650 3561 4034
362 7012 1865 2003 2230 5607 2626 1809 2143 2184 4712 7557 7934 2517 3299 716 7972 3224 158 2444 9404 2558 6477 1469 8510 9641 4597 5125 1779 8707 1728 996 3401 6278 2768 5748 6624 2663 439 7471 4787 6743 6546 4825 690 6683 8071 4496 9686 1737 5443 7171 5165 2388 6658 6157 4338 0 6917 1781 9553 8349 8204 5619 6830 3915 2765 8066 2383 5760 4153 72 3139 348 3554 6347 1928 8647 3496 893 9145 5852 2488 8752 8818 5465 587 8648 9230 346 2265 3089 1544 4658 4683 2035 3260 1484 8843 3559
8224 8277 229 4315 9848 3798 6318 9022 157 471 8226 1605 3351 2962 9491 2996 4290 104 1998 9242 2664 767 4308 8334 5111 2857 9430 880 1026 4380 9123 6623 6789 4613 6512 724 733 1620 9738 9818 2104 7153 7685 5404 3563 8359 5532 8099 1408 1977 9927 5101 5938 1427 9360 1688 6179 6917 0 3534 3759 3561 2950 4606 7494 7683 4373 1809 4136 6355 274 1903 4015 190 2444 9534 762 9767 8282 2553 2990 1111 6544 7390 3189 7336 3887 3095 2684 4667 2153 9964 8448 5392 8611 7385 6306 4256 1105 8055
777 1960 8154 6055 2829 4694 4030 4319 4312 8902 7976 382 7046 3288 3994 5536 5619 4829 1460 7967 4926 6906 3057 7327 2384 9101 4660 8105 5984 9267 3160 8103 3585 8788 3348 7170 4368 6977 1568 9276 6886 360 2463 7829 9365 9162 8589 1937 2776 6000 9366 9912 6773 518 872 4979 7864 1781 3534 0 5527 5376 1885 4320 3307 2775 9043 7121 9836 9996 7015 8817 8147 3443 1705 6857 2306 9767 3887 8158 1438 1616 4333 24 5250 393 2398 1562 5380 566 2160 2596 1273 595 8217 4904 4620 8327 7410 97
4149 289 2958 2379 7025 6406 4140 4883 9375 8937 8613 2905 1339 6936 8997 3905 8493 5387 9714 8694 77 4085 3558 538 6240 7727 8263 967 2612 7350 2096 7686 7098 2483 3290 6793 9891 4685 2263 9405 3779 8308 4185 1142 2070 69 8338 3472 6626 2954 8242 2053 7919 426 9660 4896 9541 9553 3759 5527 0 9747 3610 7 3766 749 1528 8186 1221 314 3397 1820 5422 7159 291 2024 7246 5752 1218 8643 996 297 948 7874 6093 6577 6714 4660 4894 4410 7576 8279 653 2504 7979 4438 5640 1854 3011 3424
9898 5016 516 6610 7110 3696 2137 4969 8236 9946 8113 628 7260 1076 2306 9161 2957 3628 5218 8250 8042 9396 1673 5299 7407 2980 8811 7702 856 4529 8012 9691 3422 2937 5856 6396 2574 5663 5933 8109 5959 7254 7349 334 5635 2026 6730 9658 7152 5844 7514 3930 8240 7722 1496 7885 2191 8349 3561 5376 9747 0 1546 9783 94 9108 2474 3572 1001 1113 9892 5256 2063 7376 3268 8425 823 974 3738 392 8247 2803 100 2182 5361 6024 974 4735 5162 5120 8158 1517 319 4124 2630 1664 5354 5235 4895 7987
9781 2587 733 9412 7413 9267 6559 3703 2184 9538 9766 4954 6586 6497 2807 5972 1879 8063 5764 2074 4313 4437 8255 3366 6993 1877 8430 1113 9431 2027 314 5691 1925 9121 1076 1794 1200 6147 1347 6202 8796 4446 8375 5457 2166 5783 7785 994 422 7950 8132 9743 727 6157 5924 3394 4916 8204 2950 1885 3610 1546 0 6904 3009 9477 9538 2454 7983 3671 4005 2991 1861 5732 4672 8233 1126 1197 9458 7174 6468 279 2202 7264 3304 6491 4571 6614 8137 8333 2137 8283 6248 272 4783 5082 7868 6851 1012 6368
2905 7745 7670 8856 7942 8306 2383 5928 6240 713 5017 6836 9290 2980 8345 4893 4951 7235 1110 2496 8672 9201 2325 8222 7224 752 747 2624 7681 1880 9019 8319 6812 9232 2255 1485 6367 5961 7631 9196 9824 2709 4372 5571 7039 4540 9168 4884 9199 2023 3454 4584 9952 8547 7115 6857 7884 5619 4606 4320 7 9783 6904 0 7873 1723 3910 6948 5388 1259 5322 4269 4076 5350 9095 4376 1112 5260 137 7362 4244 8961 6575 292 4788 2065 5675 8895 8425 1987 239 7811 3229 8722 8380 7373 3936 7291 6673 2496
2129 2269 7855 4520 767 2966 6015 7494 5793 5527 1700 6148 7727 1604 1847 4391 4373 8843 6286 7919 2303 2196 1409 2922 2221 9395 9386 5158 3224 4258 6342 2835 5003 796 2584 6833 7454 7155 848 5757 1240 9675 7677 3010 9681 3022 7585 3724 6520 5546 2220 6140 8581 5909 6965 5011 836 6830 7494 3307 3766 94 3009 7873 0 9284 615 4518 9218 456 264 5043 486 2289 2183 8274 4624 8934 330 6559 4450 2675 472 2542 9826 2522 4006 7277 3760 2508 4578 6622 7340 5343 5892 1796 6286 3021 2304 9445
175 8489 7702 4475 4013 9788 7886 3686 1550 3754 5241 940 4429 8343 3248 6268 2671 4946 6016 7217 8897 1499 7486 9729 4639 752 3218 1008 6137 1590 1305 2823 9998 492 1512 3424 7001 8620 5872 8940 2370 1710 2895 8596 1703 562 2160 1483 7369 388 8092 8152 4853 1776 5782 9408 1858 3915 7683 2775 749 9108 9477 1723 9284 0 6727 4378 46 9165 3084 6673 9502 6200 9391 9632 8573 3234 1608 8918 6720 1518 5976 9262 8889 3625 975 6563 189 2785 3002 3477 4441 6706 8714 9252 4921 2927 6302 3486
9223 2350 3271 4211 3090 4005 2912 5975 2689 1006 6537 4279 7881 2501 4957 6093 9559 4089 1630 3637 5491 7359 5275 6070 2244 3441 5037 3396 7841 5864 6140 171 9738 7295 1845 579 7233 7169 6823 6089 5929 5859 8115 7491 876 3872 6658 2683 9754 5542 3403 2947 1570 1089 3757 5892 6740 2765 4373 9043 1528 2474 9538 3910 615 6727 0 6174 1591 1169 8331 9146 6094 2930 1780 4784 9515 8010 1099 2952 4312 9157 6524 3868 5399 2544 4913 4507 825 8981 5955 7547 9295 6835 6340 6589 7040 7243 1306 4974
4454 8368 5725 2938 8264 1839 8440 4945 8838 2794 5079 3241 1467 5380 1083 5143 571 8140 105 9103 2114 2554 146 7509 8114 4359 2580 6844 4687 1929 4672 9530 7104 4299 3157 32 3991 8096 1850 8347 6882 1668 5467 6122 7383 8649 7551 15 3542 8327 7079 290 2256 5922 6553 8475 7417 8066 1809 7121 8186 3572 2454 6948 4518 4378 6174 0 6042 5578 4047 1527 4819 609 7371 9008 6761 2712 7968 4874 4799 668 4356 8427 1836 2809 2850 8295 8466 3148 782 9369 407 5285 8893 7674 7091 633 5997 9927
5709 5877 8985 8536 9906 9805 6118 2598 2900 473 9030 9016 9400 3874 8854 6653 2788 8682 2772 312 614 3992 1684 8223 1622 3077 6231 9723 8682 5500 2939 6777 203 5043 6735 7983 8709 9375 1192 9901 3529 3362 4257 2626 6303 1487 1773 5659 840 4726 961 672 8127 2259 3034 708 4729 2383 4136 9836 1221 1001 7983 5388 9218 46 1591 6042 0 7059 5175 5576 5941 3177 897 935 7350 8787 3991 1430 7462 5600 6307 97 1806 2563 112 1294 8437 2719 7176 393 2274 3853 6066 1122 8094 8159 2491 261
6751 2655 7629 9376 1201 2150 3017 6009 5893 7784 813 5986 8409 9694 179 5006 8260 8712 8910 8566 6101 4739 6427 9813 7999 1585 1233 5623 3001 8822 4535 2066 2560 2117 2502 3419 53 7792 8289 5425 991 5348 1089 7888 1001 419 6842 4552 2964 1450 4429 8970 7074 4737 7285 7064 1735 5760 6355 9996 314 1113 3671 1259 456 9165 1169 5578 7059 0 884 9975 5545 6818 9634 4477 8942 1760 355 107 9602 9357 9051 5913 3685 686 4853 9618 688 3170 9026 3296 890 1254 6005 2816 4841 5064 6209 988
7608 1231 8405 1112 6830 5254 6370 9455 1048 3943 6308 1716 7294 3620 4253 3477 7148 2884 3430 1733 2959 1380 4913 9600 1510 635 4797 9860 582 8125 3233 1025 1520 6017 2580 4547 3133 5955 1074 7494 5595 7272 9266 7197 7034 4880 9829 8243 9102 2535 541 2199 3585 5567 9863 1704 1325 4153 274 7015 3397 9892 4005 5322 264 3084 8331 4047 5175 884 0 8795 3465 5434 1533 4725 7278 118 6138 6639 1894 7808 8697 8687 5704 4772 6627 7278 624 9302 2693 3063 100 3365 591 9670 9031 7449 6577 7226
714 1294 8817 7763 2039 8456 1355 7299 1543 9118 2266 2480 4848 9139 2466 443 148 2882 6289 846 3762 1533 864 2830 3167 8130 6324 4166 7864 8891 2084 584 8628 3644 413 9569 8155 8248 2960 68 2388 2463 6024 7144 7165 8246 9902 9759 9808 1067 1979 5942 4003 6263 4867 6565 5194 72 1903 8817 1820 5256 2991 4269 5043 6673 9146 1527 5576 9975 8795 0 4748 9013 7158 3789 8957 9266 1524 877 2604 5477 53 5471 2468 5044 2572 9085 7433 2652 1528 2902 8748 3461 9047 5097 9405 8841 2198 8538
7427 6177 938 5060 112 7012 3976 1150 4033 2317 8774 6502 338 8883 995 69 4285 8716 704 2607 7984 849 840 396 6097 957 6378 7673 1871 9989 9864 6377 2389 1415 4458 1364 3796 7455 4161 5390 5725 4923 6873 3356 4994 8321 4443 8765 4823 126 5374 4045 3771 1362 9367 8892 5106 3139 4015 8147 5422 2063 1861 4076 486 9502 6094 4819 5941 5545 3465 4748 0 3427 5225 8633 3488 7871 7949 2442 6753 6135 859 2807 1685 4565 4302 3376 9566 6636 243 3700 164 7234 2883 8375 2471 7064 2345 4680
2905 4744 4271 6382 678 4178 7281 7530 3266 5320 2786 9199 8274 5845 9832 2393 7162 9226 5617 4084 7801 9689 9787 5090 220 9 7838 9051 7139 3659 3624 6054 9221 2143 872 8143 4598 1253 9025 6225 1256 8993 7632 3570 769 4204 2893 4943 4769 9099 5482 2114 2873 7961 5759 6072 978 348 190 3443 7159 7376 5732 5350 2289 6200 2930 609 3177 6818 5434 9013 3427 0 5539 9088 8795 9446 2122 866 9772 9532 9763 5735 8653 5291 8068 4196 2874 3266 4194 2349 9994 684 801 633 9889 9560 7779 9746
9642 8898 1572 296 940 8528 7665 7150 2498 1483 146 51 9042 1592 8027 8573 2386 7438 6953 4528 5523 7804 2168 8879 3713 4964 1135 5123 1496 765 6214 2173 4664 3916 2750 8913 2173 3945 375 2797 920 259 2651 2082 9239 8246 2125 8403 912 2552 8042 8798 3560 4605 9129 6107 6139 3554 2444 1705 291 3268 4672 9095 2183 9391 1780 7371 897 9634 1533 7158 5225 5539 0 7202 9402 9835 239 5396 4481 1648 1449 1565 9664 1743 3086 3020 6337 3812 4046 3976 9035 3600 2531 7397 3118 8997 5580 6360
7420 7906 163 6685 4084 466 6550 974 6266 8861 6677 8336 9121 793 6825 4387 7252 3100 111 1765 8687 4610 5473 3560 6446 9357 4173 9342 3730 8186 6507 558 3673 3470 3394 4246 1440 7608 2836 1923 9468 3421 8595 2976 5521 1748 7622 715 476 2266 4518 320 9366 3989 8151 3941 6141 6347 9534 6857 2024 8425 8233 4376 8274 9632 4784 9008 935 4477 4725 3789 8633 9088 7202 0 8789 7749 555 2267 6977 4659 5781 7368 6591 4138 8833 8535 6556 8080 1552 7934 4323 6470 8123 2918 9369 5292 8536 6307
2574 4257 2255 8511 2135 3165 3247 6137 1427 8894 4643 5052 5583 7922 8255 7128 2195 4904 6022 838 7080 2789 6130 982 387 9707 9609 33 2716 3356 1276 7461 3605 7377 5837 8792 6683 5130 8516 1994 2720 7875 190 4831 7832 7333 1112 5650 6142 9277 9831 7245 4561 9538 8083 7044 4664 1928 762 2306 7246 823 1126 1112 4624 8573 9515 6761 7350 8942 7278 8957 3488 8795 9402 8789 0 8302 7603 1012 3726 5604 6161 8607 2470 4685 4163 3165 2327 5317 8233 2943 9086 6753 1627 4408 1057 496 4112 6711
3447 3058 6473 4334 1968 2208 1851 3079 8408 3376 1219 8308 6540 9178 9287 3834 8077 3799 3135 2714 9562 6826 3639 6975 7290 4032 3034 3065 6510 2114 6130 6907 5570 6752 5676 61 4444 123 919 4404 9172 4434 5230 3723 3497 8735 4266 8262 8267 4881 4719 2706 6216 1352 821 3154 7745 8647 9767 9767 5752 974 1197 5260 8934 3234 8010 2712 8787 1760 118 9266 7871 9446 9835 7749 8302 0 1168 2361 606 2729 7512 2669 7319 4592 6509 9002 9694 128 3494 6610 7665 9623 8401 4513 2926 6983 3289 3794
5246 5719 1758 3705 6918 5365 8938 4329 3199 1058 6722 9357 2719 4118 214 3969 7384 6787 5852 7780 1579 7134 9606 2694 1916 3498 2300 7996 2060 8338 2497 1610 7403 2399 4049 6818 1908 3232 9296 5248 6716 8001 7354 9102 9665 6627 574 7389 753 4150 1744 9573 6830 7200 9700 4809 7066 3496 8282 3887 1218 3738 9458 137 330 1608 1099 7968 3991 355 6138 1524 7949 2122 239 555 7603 1168 0 3121 9072 3492 4108 9364 1930 2009 1738 3190 743 6208 6390 9578 2952 2109 7223 6569 2550 5147 940 544
2816 1799 5992 7418 794 7463 9658 6973 8629 7381 2622 152 799 3666 8713 4112 2789 434 2098 716 6696 5165 5041 2752 8709 1595 315 1261 8883 9526 7301 6170 8910 4310 5619 2477 7755 1246 4488 8380 877 6613 1479 228 6818 1415 7564 9286 6827 6710 7672 945 101 9159 8736 5227 7252 893 2553 8158 8643 392 7174 7362 6559 8918 2952 4874 1430 107 6639 877 2442 866 5396 2267 1012 2361 3121 0 9868 3716 4964 6064 857 9817 4844 1333 6574 8490 5776 4951 1177 5859 4098 486 5182 2167 6348 2904
440 2981 8315 5672 2998 7089 3255 9006 648 1267 7354 6465 3173 3299 4595 8626 8665 1144 1073 361 1771 8194 2177 2313 2933 7778 8487 7774 226 2322 3122 769 2391 7139 9643 4317 164 5199 6019 8932 2476 6842 8233 8340 8811 9484 4609 2127 4291 1320 558 2032 4144 4299 6365 5899 8379 9145 2990 1438 996 8247 6468 4244 4450 6720 4312 4799 7462 9602 1894 2604 6753 9772 4481 6977 3726 606 9072 9868 0 5051 391 6767 5090 3942 4024 1272 1061 4372 3174 9157 1434 5873 5765 617 1924 6938 5036 8774
1372 6921 8295 4049 6691 790 9438 6696 7648 6988 438 3576 6899 3682 216 5555 9281 5492 2996 2536 7206 7251 3852 2725 5801 5377 4482 6315 6522 5466 8254 6527 5633 4705 6866 951 9359 20 6756 6248 9974 6084 2390 3051 4673 9971 952 2238 5455 1288 2912 3355 5992 9960 4917 5965 5762 5852 1111 1616 297 2803 279 8961 2675 1518 9157 668 5600 9357 7808 5477 6135 9532 1648 4659 5604 2729 3492 3716 5051 0 7673 650 8448 6643 775 923 7570 8554 7183 6827 7188 6696 1819 8248 7968 2591 6366 5066
