50
0 4533 5071 6121 5174 2385 2984 4053 6525 6416 2080 1575 5962 3641 5601 4454 3938 2070 7246 5886 4911 2676 2101 7225 7098 1631 6409 7107 9426 1503 3393 5387 1252 2620 5642 6005 7924 9914 2215 65 23 7701 7249 2442 6939 3014 990 4688 1100 4261
4533 0 6245 363 3778 805 8587 763 8585 606 5330 9787 9114 739 7758 3364 7470 6035 676 6299 4461 2525 991 4001 9849 9050 5478 224 921 9901 9791 591 6299 9197 3370 5318 1623 6043 3644 283 3867 9194 3431 4746 2728 7682 7365 9967 8202 6635
5071 6245 0 7171 372 2165 1845 721 2402 9900 7507 8508 4298 3842 6954 7929 6841 1469 2464 8867 7652 4126 1666 8374 8400 4777 567 3900 7199 3850 9067 8529 1415 5915 7411 2844 5285 5709 1219 5214 6041 6295 2406 7606 2097 1692 9779 8268 7905 7714
6121 363 7171 0 8096 2573 8876 322 7560 3185 5930 8666 5227 7784 3647 1073 1187 9527 1894 863 5153 5319 6284 7136 8364 9132 8372 312 6047 8748 8684 1912 8188 1873 1694 411 3419 6186 2677 1662 2032 3718 6160 5797 7904 6938 9924 3403 3885 4021
5174 3778 372 8096 0 4891 383 1659 33 6404 5465 9399 6446 1870 4303 7114 3064 2440 6289 9993 3649 5698 3316 877 9100 9006 9836 6314 8861 8124 8670 1661 9207 7445 5128 3251 1050 5543 4147 3379 3742 1750 4141 6011 5570 20 2956 8251 7956 952
2385 805 2165 2573 4891 0 8152 2 4788 1398 6657 6986 3708 3475 7639 5502 2367 7094 5691 2864 7912 4681 984 8441 6651 2490 2977 4115 1481 5621 2895 801 8470 1503 9096 1250 4240 2313 5555 875 5794 4013 3159 9665 2103 7343 2075 4061 8666 3370
2984 8587 1845 8876 383 8152 0 7981 8046 6075 2930 7752 4409 1481 7481 668 5008 382 2533 1891 6590 5434 3787 6502 8863 4739 2768 7520 1109 2524 6951 598 4340 4873 9002 1480 2150 3346 4411 9578 1992 4991 7747 3295 7085 3855 6600 9875 6329 1333
4053 763 721 322 1659 2 7981 0 3855 9549 9398 9404 3315 546 2073 9187 2541 9514 2497 2705 5820 6311 9629 2236 9935 4634 864 1926 3558 3047 2427 7634 166 5896 3733 4193 5483 6350 9569 2877 8770 6794 4100 3302 1186 3477 6054 6333 8153 751
6525 8585 2402 7560 33 4788 8046 3855 0 5796 924 8835 8267 3850 16 8580 3012 4459 3959 1217 1154 808 1433 4413 7960 7701 9926 310 3333 3681 6002 1434 1210 6351 9053 3594 2380 2056 9985 7996 7844 9004 4708 7326 9926 3343 8357 783 2052 4677
6416 606 9900 3185 6404 1398 6075 9549 5796 0 5834 1726 142 6540 295 2573 804 1061 9482 8956 5629 4132 2026 4428 6584 8214 4880 4085 8998 1889 2514 5113 4504 3139 704 3890 9361 7272 8095 2079 3806 9751 6191 9768 910 9812 2134 3849 7497 4155
2080 5330 7507 5930 5465 6657 2930 9398 924 5834 0 7366 9244 5520 6786 1946 827 5015 6460 2106 2258 8335 513 2117 8515 2444 2667 4372 1203 3260 9820 8600 2739 4747 8258 8459 3146 2235 1752 2053 6736 672 9032 1434 1476 1837 9332 1133 3812 3114
1575 9787 8508 8666 9399 6986 7752 9404 8835 1726 7366 0 9450 4115 3011 2772 6863 8776 4626 6236 5497 3871 7071 3828 9836 717 1236 8381 5037 2694 7346 4715 7168 6722 2381 8570 1445 1125 9248 2063 6632 5778 990 3207 2133 7165 5473 565 1720 505
5962 9114 4298 5227 6446 3708 4409 3315 8267 142 9244 9450 0 2101 7751 9711 37 8065 6227 6493 6492 7604 5378 9103 7760 1046 5540 1049 9711 428 1771 7715 1539 1356 4653 5071 4229 5120 7557 3508 2048 3387 8865 5242 5298 3876 9208 5967 6660 7351
3641 739 3842 7784 1870 3475 1481 546 3850 6540 5520 4115 2101 0 4995 539 9090 5724 9980 375 1466 9833 2840 1014 4185 3301 1718 6682 6567 2696 6917 552 148 5705 7149 3152 9030 9431 897 2084 2230 7107 5679 2546 2242 5149 369 5030 2983 3921
5601 7758 6954 3647 4303 7639 7481 2073 16 295 6786 3011 7751 4995 0 9834 4636 9268 7795 5799 1924 4302 5072 4243 1080 5708 4845 6373 7020 7037 3113 8889 1661 54 5227 9928 3001 3095 7545 9677 4270 7454 2858 7081 4554 9318 5906 7434 1083 7659
4454 3364 7929 1073 7114 5502 668 9187 8580 2573 1946 2772 9711 539 9834 0 1921 7293 6744 2983 9667 204 1886 3562 5292 1387 5596 1518 5058 23 663 9811 8827 2904 9297 136 3715 7277 6471 1213 4922 7752 3915 4668 9756 5041 1294 3216 7609 7293
3938 7470 6841 1187 3064 2367 5008 2541 3012 804 827 6863 37 9090 4636 1921 0 5082 9625 4107 4803 171 7653 5570 7212 2062 3535 2313 8021 464 7861 5402 3785 8966 232 5792 2571 6304 9505 4083 249 5346 4137 5239 8558 5077 6826 8971 7691 5142
2070 6035 1469 9527 2440 7094 382 9514 4459 1061 5015 8776 8065 5724 9268 7293 5082 0 7628 1434 3446 5086 7519 2620 7167 2910 6232 203 6182 6401 5185 2834 2635 6388 8254 8384 1519 1343 8513 2779 6239 7406 1250 9003 8407 4056 9744 9949 9587 3825
7246 676 2464 1894 6289 5691 2533 2497 3959 9482 6460 4626 6227 9980 7795 6744 9625 7628 0 7628 2119 9099 296 6782 2271 2750 9497 4781 9003 5319 8534 5300 9012 8917 7867 6884 7196 8750 2327 8284 9559 9570 9402 7725 1151 8030 4228 2831 798 341
5886 6299 8867 863 9993 2864 1891 2705 1217 8956 2106 6236 6493 375 5799 2983 4107 1434 7628 0 7649 8887 4827 3820 5165 1780 1677 2326 5350 8013 3452 5661 1206 3725 7226 7398 9639 3312 4287 5173 3817 8656 5537 3150 7950 5312 9114 9646 2225 7572
4911 4461 7652 5153 3649 7912 6590 5820 1154 5629 2258 5497 6492 1466 1924 9667 4803 3446 2119 7649 0 7395 7256 4583 56 2757 6303 1372 8743 9481 9530 8221 8197 3704 1765 2556 3903 7070 414 5803 6001 380 9935 3583 7357 6469 7284 9673 363 7244
2676 2525 4126 5319 5698 4681 5434 6311 808 4132 8335 3871 7604 9833 4302 204 171 5086 9099 8887 7395 0 169 6276 3795 572 2540 5911 6963 4725 2173 8388 9516 5227 5780 926 3105 1344 4075 3478 5336 2965 4607 3557 2426 579 7932 869 8549 5408
2101 991 1666 6284 3316 984 3787 9629 1433 2026 513 7071 5378 2840 5072 1886 7653 7519 296 4827 7256 169 0 1789 4404 2848 8346 4466 8531 36 855 4980 4250 1921 2777 9716 5374 8985 8368 4664 5831 2207 8128 300 7536 9512 2371 4834 2827 2634
7225 4001 8374 7136 877 8441 6502 2236 4413 4428 2117 3828 9103 1014 4243 3562 5570 2620 6782 3820 4583 6276 1789 0 4707 8214 9392 9566 879 6889 513 9159 8068 3850 9212 9609 9936 7128 6096 4919 4126 5799 4563 3839 51 6320 7043 8608 6921 9695
7098 9849 8400 8364 9100 6651 8863 9935 7960 6584 8515 9836 7760 4185 1080 5292 7212 7167 2271 5165 56 3795 4404 4707 0 5217 4967 8924 4579 1872 4483 8088 5575 6303 8782 5950 7103 1152 225 9959 8161 7917 5107 1179 1866 6391 5608 7281 7385 5922
1631 9050 4777 9132 9006 2490 4739 4634 7701 8214 2444 717 1046 3301 5708 1387 2062 2910 2750 1780 2757 572 2848 8214 5217 0 5885 6380 6242 1671 7361 1527 2324 8912 1423 3464 9459 55 8366 4275 7229 8704 7486 9875 6162 7152 5348 3241 2646 7352
6409 5478 567 8372 9836 2977 2768 864 9926 4880 2667 1236 5540 1718 4845 5596 3535 6232 9497 1677 6303 2540 8346 9392 4967 5885 0 3450 377 8318 9975 6363 4264 7180 2991 962 429 8134 5097 6024 2570 993 2043 1116 1426 5590 7147 9907 966 8313
7107 224 3900 312 6314 4115 7520 1926 310 4085 4372 8381 1049 6682 6373 1518 2313 203 4781 2326 1372 5911 4466 9566 8924 6380 3450 0 823 7047 8293 9674 7866 5426 1734 9292 5806 7347 3542 1964 1871 1067 9291 7291 716 4393 3049 3855 1785 770
9426 921 7199 6047 8861 1481 1109 3558 3333 8998 1203 5037 9711 6567 7020 5058 8021 6182 9003 5350 8743 6963 8531 879 4579 6242 377 823 0 274 9951 2713 455 7809 3730 3309 7681 285 4803 1664 5323 4967 1966 8222 2411 3577 7698 8772 851 4910
1503 9901 3850 8748 8124 5621 2524 3047 3681 1889 3260 2694 428 2696 7037 23 464 6401 5319 8013 9481 4725 36 6889 1872 1671 8318 7047 274 0 9695 6554 1346 6367 1800 6792 2667 6209 746 8921 3469 5855 3964 4876 5767 9744 7019 3577 4308 7084
3393 9791 9067 8684 8670 2895 6951 2427 6002 2514 9820 7346 1771 6917 3113 663 7861 5185 8534 3452 9530 2173 855 513 4483 7361 9975 8293 9951 9695 0 8843 3443 5907 9531 4665 3307 7057 6400 7471 4150 4135 6952 7433 8694 5644 5704 4768 3088 32
5387 591 8529 1912 1661 801 598 7634 1434 5113 8600 4715 7715 552 8889 9811 5402 2834 5300 5661 8221 8388 4980 9159 8088 1527 6363 9674 2713 6554 8843 0 8611 7258 1054 3093 7428 6543 8518 3299 1890 6992 8565 3356 4762 7544 3484 6716 8735 135
1252 6299 1415 8188 9207 8470 4340 166 1210 4504 2739 7168 1539 148 1661 8827 3785 2635 9012 1206 8197 9516 4250 8068 5575 2324 4264 7866 455 1346 3443 8611 0 3654 3017 5013 5549 9553 9902 4845 1263 6385 4143 5065 1288 7814 8316 3807 3160 718
2620 9197 5915 1873 7445 1503 4873 5896 6351 3139 4747 6722 1356 5705 54 2904 8966 6388 8917 3725 3704 5227 1921 3850 6303 8912 7180 5426 7809 6367 5907 7258 3654 0 2808 7717 2000 7731 9985 1957 1222 389 8380 8015 1326 8143 6289 989 7419 878
5642 3370 7411 1694 5128 9096 9002 3733 9053 704 8258 2381 4653 7149 5227 9297 232 8254 7867 7226 1765 5780 2777 9212 8782 1423 2991 1734 3730 1800 9531 1054 3017 2808 0 188 8743 7759 3284 982 6204 7745 7504 7910 7849 9828 7247 4280 2475 9167
6005 5318 2844 411 3251 1250 1480 4193 3594 3890 8459 8570 5071 3152 9928 136 5792 8384 6884 7398 2556 926 9716 9609 5950 3464 962 9292 3309 6792 4665 3093 5013 7717 188 0 73 9362 8615 7386 3233 7407 6526 9840 9819 9608 3651 4247 451 8072
7924 1623 5285 3419 1050 4240 2150 5483 2380 9361 3146 1445 4229 9030 3001 3715 2571 1519 7196 9639 3903 3105 5374 9936 7103 9459 429 5806 7681 2667 3307 7428 5549 2000 8743 73 0 9718 1907 5989 6280 6596 6793 7001 8831 9938 3547 6864 6050 610
9914 6043 5709 6186 5543 2313 3346 6350 2056 7272 2235 1125 5120 9431 3095 7277 6304 1343 8750 3312 7070 1344 8985 7128 1152 55 8134 7347 285 6209 7057 6543 9553 7731 7759 9362 9718 0 6057 9619 311 3781 1697 8022 7895 5778 9183 6263 6494 578
2215 3644 1219 2677 4147 5555 4411 9569 9985 8095 1752 9248 7557 897 7545 6471 9505 8513 2327 4287 414 4075 8368 6096 225 8366 5097 3542 4803 746 6400 8518 9902 9985 3284 8615 1907 6057 0 1280 966 3170 2595 3518 3389 2838 5949 1628 898 92
65 283 5214 1662 3379 875 9578 2877 7996 2079 2053 2063 3508 2084 9677 1213 4083 2779 8284 5173 5803 3478 4664 4919 9959 4275 6024 1964 1664 8921 7471 3299 4845 1957 982 7386 5989 9619 1280 0 7283 1901 4412 3559 5115 338 7645 5231 4428 369
23 3867 6041 2032 3742 5794 1992 8770 7844 3806 6736 6632 2048 2230 4270 4922 249 6239 9559 3817 6001 5336 5831 4126 8161 7229 2570 1871 5323 3469 4150 1890 1263 1222 6204 3233 6280 311 966 7283 0 4262 1852 4633 906 3885 9319 5301 9567 113
7701 9194 6295 3718 1750 4013 4991 6794 9004 9751 672 5778 3387 7107 7454 7752 5346 7406 9570 8656 380 2965 2207 5799 7917 8704 993 1067 4967 5855 4135 6992 6385 389 7745 7407 6596 3781 3170 1901 4262 0 381 1109 6675 615 6745 7394 3829 6940
7249 3431 2406 6160 4141 3159 7747 4100 4708 6191 9032 990 8865 5679 2858 3915 4137 1250 9402 5537 9935 4607 8128 4563 5107 7486 2043 9291 1966 3964 6952 8565 4143 8380 7504 6526 6793 1697 2595 4412 1852 381 0 3223 8669 2020 7588 5990 3099 5502
2442 4746 7606 5797 6011 9665 3295 3302 7326 9768 1434 3207 5242 2546 7081 4668 5239 9003 7725 3150 3583 3557 300 3839 1179 9875 1116 7291 8222 4876 7433 3356 5065 8015 7910 9840 7001 8022 3518 3559 4633 1109 3223 0 764 2128 4320 7696 9357 4803
6939 2728 2097 7904 5570 2103 7085 1186 9926 910 1476 2133 5298 2242 4554 9756 8558 8407 1151 7950 7357 2426 7536 51 1866 6162 1426 716 2411 5767 8694 4762 1288 1326 7849 9819 8831 7895 3389 5115 906 6675 8669 764 0 5299 6265 1741 1387 9862
3014 7682 1692 6938 20 7343 3855 3477 3343 9812 1837 7165 3876 5149 9318 5041 5077 4056 8030 5312 6469 579 9512 6320 6391 7152 5590 4393 3577 9744 5644 7544 7814 8143 9828 9608 9938 5778 2838 338 3885 615 2020 2128 5299 0 9547 3127 5207 3055
990 7365 9779 9924 2956 2075 6600 6054 8357 2134 9332 5473 9208 369 5906 1294 6826 9744 4228 9114 7284 7932 2371 7043 5608 5348 7147 3049 7698 7019 5704 3484 8316 6289 7247 3651 3547 9183 5949 7645 9319 6745 7588 4320 6265 9547 0 9796 5070 8511
4688 9967 8268 3403 8251 4061 9875 6333 783 3849 1133 565 5967 5030 7434 3216 8971 9949 2831 9646 9673 869 4834 8608 7281 3241 9907 3855 8772 3577 4768 6716 3807 989 4280 4247 6864 6263 1628 5231 5301 7394 5990 7696 1741 3127 9796 0 1931 3430
1100 8202 7905 3885 7956 8666 6329 8153 2052 7497 3812 1720 6660 2983 1083 7609 7691 9587 798 2225 363 8549 2827 6921 7385 2646 966 1785 851 4308 3088 8735 3160 7419 2475 451 6050 6494 898 4428 9567 3829 3099 9357 1387 5207 5070 1931 0 148
4261 6635 7714 4021 952 3370 1333 751 4677 4155 3114 505 7351 3921 7659 7293 5142 3825 341 7572 7244 5408 2634 9695 5922 7352 8313 770 4910 7084 32 135 718 878 9167 8072 610 578 92 369 113 6940 5502 4803 9862 3055 8511 3430 148 0
