250
0 4305 9223 3274 4837 1250 651 1418 3616 8357 3563 309 9620 3179 819 7864 1314 6022 9302 7884 5017 1776 8722 7267 6847 2554 2530 9513 4352 52 8366 3 1265 9951 8009 1360 5780 5822 8522 653 3041 9985 167 3647 2995 9312 1442 1447 5260 360 9610 6506 9783 8392 9142 3924 2978 3340 8046 9766 9569 63 5593 6405 6792 4641 401 797 15 4776 4801 7789 9615 8693 2578 1479 5029 9344 2024 8148 5232 3755 575 7132 6548 3461 8555 2623 2507 1018 2708 1748 1167 6949 7284 3464 5268 982 7231 408 4982 810 4080 6562 1511 7484 2843 8146 3154 8761 706 8943 8733 7950 137 1174 1530 7878 7365 2568 586 7439 4036 9729 6890 2093 7185 6723 929 2417 669 8850 7882 1338 1259 418 3564 9545 2077 7307 9434 521 1962 1097 2081 4947 4101 1182 4348 1263 9120 5833 2331 4279 8600 1333 3375 7174 8387 6692 8257 8239 3029 117 977 1886 8598 9821 2421 8115 7228 6994 6062 4355 2935 6797 8929 9739 2583 2116 1047 1862 6748 6584 2438 9663 1986 8228 332 1256 9414 1846 8798 1748 1575 8746 595 8085 4498 2752 161 4838 8997 4297 5486 820 8916 99 4782 1169 4932 8712 7742 8522 4363 4212 6530 8070 8854 1230 1971 445 9715 7745 2834 237 7784 9039 7810 2812 8472 3482 6298 7176 3800 9951 923 4373 668 2941 2405 1944 2020 6771 4242 8988 6735 4511 6333 6362
4305 0 4649 5068 2943 4212 7399 2922 8014 2533 6038 6681 1198 7306 5339 5962 5486 272 1737 680 8871 9008 519 430 672 6617 4350 5497 3695 1395 6429 701 5704 777 8810 708 576 7537 9372 1526 7151 3819 8310 5420 4101 8118 4095 3865 4867 8151 9392 9231 7417 4808 4765 4584 9694 500 4057 4437 7549 5440 9375 7752 4385 3921 1511 9943 9557 5567 1447 3782 5045 7972 5521 6119 2835 9516 1174 6658 7660 6432 2017 4857 5576 5871 7745 8980 6111 6845 3015 487 2136 8109 957 9330 7869 5130 7719 3817 718 9551 6404 5347 6918 8035 7731 8829 2136 6997 5641 2408 4233 5565 2489 3287 2091 6945 9852 6805 3233 2935 3166 1828 3353 8043 198 3407 5629 2363 8997 8040 232 2989 2491 432 5094 7997 2279 2638 7218 4789 2712 3398 7050 1552 9006 9815 3792 396 6621 1508 6027 6683 6799 6606 6248 2419 7401 7874 6751 6640 2621 5393 5882 5120 7064 5883 4398 76 1102 9837 8257 7658 1094 7501 5970 6779 2199 3991 2885 6306 9365 9400 6135 9508 8959 315 6991 8190 3111 9486 611 7566 9819 5199 5095 9288 2971 3671 5910 4821 9264 740 6004 275 5253 5591 1907 3614 4212 4249 9828 4390 1769 6590 933 9482 6523 375 8535 1247 2057 2925 8054 3983 2492 6133 8670 1550 7572 3787 7090 3133 6296 8832 5624 709 3066 8633 722 4055 34 9442 6461 1163 6445 530 6392 1786
9223 4649 0 2990 5114 4758 2698 9918 4166 6722 1074 371 9594 2831 8739 5779 6950 779 1870 9871 2259 6082 712 8645 9104 9528 7224 4025 8514 9082 4812 5548 6693 3661 1326 1113 8102 66 3474 2240 16 7870 5520 490 3233 3458 7822 2656 5062 1431 9856 8048 7725 3191 7065 4431 6455 5105 696 5215 5868 821 3117 1545 913 4625 3808 2674 8508 1213 4858 1412 6369 2903 2755 4167 6533 6402 725 3015 3615 2613 8956 7236 9431 7809 2527 540 5997 3184 2420 5418 1729 1298 8771 7148 3192 743 9141 3269 8967 3300 6586 3347 3899 6599 8969 291 1858 8850 553 5993 1432 3307 6151 3991 1152 4973 6139 6632 4480 8185 3316 6666 1212 2849 1833 5541 352 2909 3995 8433 4682 1215 2865 1845 3383 5593 8203 2221 1067 8723 2454 9238 6977 1760 5846 9090 3226 708 5235 8186 5783 9838 7132 5940 8032 9040 9053 9911 6474 8275 444 6199 435 9351 9132 5725 1319 2471 5881 7657 8942 7981 2138 2327 2082 1931 7459 6834 8162 4382 1324 5215 9604 6965 4887 2215 9128 1046 9030 3844 5739 5851 5273 9577 1867 4536 9495 2965 2645 4702 9233 1955 5275 9475 3133 768 4199 6939 5903 1976 807 2653 9361 8651 6230 4745 4649 2145 4905 5388 3778 8458 736 1472 1454 2573 6575 2997 8984 253 7111 8821 7905 8904 1968 2928 8105 5451 562 5355 6530 2936 6640 1211 8268 5418 6188 7795
3274 5068 2990 0 6535 9529 3186 4250 4692 1057 9761 7357 3408 6886 3501 6655 4739 5521 8188 749 1965 8104 4394 1590 7163 7105 9950 3142 668 4853 6560 5053 2859 6604 5583 2270 2770 3548 2961 3844 7961 4911 4363 35 1489 9935 6656 2668 2817 2673 7981 9628 6124 8587 9668 6896 4498 4518 3498 3114 6104 9657 774 7466 2452 4225 9314 8186 6052 8189 3417 7777 3713 9983 1525 1373 7463 8556 6877 4627 1277 5886 8197 1768 4213 9760 8464 7042 4592 7859 6719 8376 9583 6930 5444 3911 5825 6599 6728 2268 3702 5407 3169 7100 3982 9194 8621 873 2654 9787 7527 132 8623 3656 8045 2641 2831 8834 1997 4622 6719 4655 6736 6414 2115 1385 8230 1830 8597 654 6942 514 5968 507 649 8581 8428 5196 7659 9101 3279 3164 9909 1701 1869 3071 2788 3257 3826 8482 3170 2194 192 9028 590 2742 5644 800 8073 8460 6942 2850 505 6424 6570 7152 7879 2338 3442 9940 2099 5483 8753 8771 3097 62 2128 7676 6087 9230 2584 273 390 3191 8002 5545 3065 3133 6648 669 9108 4057 2477 855 7643 3982 881 3638 7886 9645 7661 4635 4586 2381 1956 4490 7949 6075 7389 1370 5567 3824 1936 1645 3216 1645 7172 1545 7789 4040 290 7509 1122 1224 5679 1098 8307 9342 7984 7976 1695 6179 7963 5651 530 9568 4939 8891 4719 4669 1977 8863 9332 4816 4699 5247 8661 6582 1707 8589
4837 2943 5114 6535 0 3111 7373 6235 3318 6472 5549 761 743 5826 779 3905 5300 955 5069 3055 7542 3347 8212 8291 7050 5192 1491 9042 7409 7293 2421 7220 2739 5392 3189 9958 7319 7141 3736 8348 1033 1590 5953 3277 3132 1715 3443 5503 2918 3997 7881 3496 2806 5125 6745 9231 88 517 1202 9781 9493 1928 7125 3078 2788 5603 7252 5606 6845 286 8865 6323 5394 7683 2883 4152 485 5391 1869 6370 9604 3498 8190 576 5169 3016 4049 8122 7964 3410 5574 2926 2128 4369 3416 2938 3110 7062 6794 37 348 2519 1810 3832 3874 7946 1676 7372 2721 7063 8166 4674 6902 8452 5049 2230 7183 2748 9518 2327 2247 6612 6791 2031 7595 2585 4860 4500 4578 1127 1993 5028 5645 170 2106 3891 6251 3330 1832 6614 9567 2185 3335 8157 1185 6804 6499 9848 680 7788 8503 4562 8645 7927 2400 6066 2463 2600 804 2229 9611 4389 1711 4132 9602 9116 1500 4933 3420 6900 2455 2396 346 7545 3572 9105 4175 1952 1855 6796 1689 5800 9834 9257 1287 9363 9908 7510 9325 4704 8210 7117 4913 3995 8811 6890 8154 2336 8998 1550 6286 5096 8469 9900 3797 3631 8962 3849 5273 7143 4421 6486 6650 7655 7897 8085 7808 6411 9916 2964 4734 2906 7637 2734 1948 7877 9564 215 8331 8993 4537 1636 5898 7108 431 1736 2112 308 3396 1844 4592 8649 1210 1926 831 3282 409 5502 3511 5605
1250 4212 4758 9529 3111 0 6840 5712 4576 3654 605 7457 4883 491 6732 3828 4608 9099 2091 7158 886 3138 6188 4688 6829 3761 9870 1595 9930 1674 8530 4488 334 4010 7409 2738 2887 5974 6050 2141 6805 1305 1994 7521 9511 6792 6069 7142 1665 6118 1945 2938 6069 1480 6346 5661 1655 952 6261 5464 7178 9598 4599 7446 6869 6570 1957 467 4837 4829 380 7335 9085 9491 7904 5278 9489 2100 6063 4761 1496 4368 476 2599 1472 8421 3860 3439 7707 6651 2311 9136 9266 7066 1183 9058 3166 5445 1925 2401 9869 3603 4069 9603 4180 3639 7210 2306 1423 4950 4326 9808 9234 8331 2600 9980 5996 9362 5054 6416 2380 7523 4123 2259 8742 7048 2831 7745 8707 9056 6428 3923 7218 4162 2414 1339 3768 9044 2556 8363 7490 2212 8480 5081 7020 110 5895 1962 4719 3346 73 9460 4672 1880 5465 3287 6666 326 5482 3104 9521 5435 100 4497 40 4869 2390 9553 9793 4635 1885 8442 870 6302 5661 7188 4402 3551 6379 5443 9482 9217 2646 4197 2756 7590 2711 649 6163 2423 7696 4343 6641 2683 1661 6254 4717 5149 7615 9672 4375 9459 2606 8866 8443 3846 8148 1612 8247 1265 5988 2450 426 5745 392 8067 2933 6499 3187 6486 8609 8600 6807 9299 5424 2730 7342 8752 3272 2616 9521 2054 1015 8727 9971 7662 6416 2406 1177 1197 5078 5204 6475 8968 9019 8785 6376 893 1589 8582
651 7399 2698 3186 7373 6840 0 8108 4421 5977 5698 2214 4052 2153 6639 6561 253 4553 8135 505 8365 2836 6832 622 7817 6659 7059 6452 2826 7639 6850 3252 7001 8791 4438 4394 3084 745 7112 5823 2037 6608 674 8862 4670 1415 7287 2758 8023 3155 6545 973 5850 9192 6134 733 3063 2424 6336 3535 9425 4190 7995 7466 4003 6910 7138 8318 8475 9008 3019 9277 2920 9204 2804 1057 1890 1657 2022 4084 5007 253 2975 4899 2430 5917 3696 1399 6009 7536 9901 7542 5050 3013 3596 8166 9198 7019 6783 1531 7724 1812 3783 2617 3331 9112 2183 1597 7124 8010 4470 9488 8112 9740 1484 5964 405 542 2103 9778 8547 719 1585 7939 8129 3861 5184 8107 4063 6388 1260 9983 5736 998 3348 5159 2908 3972 1209 8075 904 9152 7503 7866 8997 6553 7684 2115 4169 3538 5947 8188 8374 4912 5451 3902 6925 3913 7786 6347 4398 9093 5140 4545 1837 1363 1978 4947 887 5788 7911 3928 9907 834 3857 4505 9602 9017 1815 7149 412 7044 4913 1299 1233 5191 520 1979 9878 8177 5 2513 1659 2304 3949 8474 2201 8196 1890 1573 2450 211 4315 510 3885 12 9688 5347 7654 1444 3064 1861 4518 3355 6398 383 3987 9625 2596 1884 6831 9891 9567 8357 69 1005 4543 1057 8103 9853 9720 4694 4882 6561 5737 4501 869 7631 5144 3965 6076 7327 3215 5711 4386 5821 583 3207 4275 4581
1418 2922 9918 4250 6235 5712 8108 0 5799 1218 2960 6669 5312 3996 3589 6827 7478 8466 369 4043 2375 8066 1120 6239 4263 9847 5588 4209 2958 8628 1359 6683 4073 1521 6667 8790 8850 2491 1571 2823 7583 8953 540 5078 7269 6998 7045 4979 5087 9453 3754 1987 8476 3723 6991 8147 555 4028 1464 7338 3915 7082 5721 5398 5337 8813 3732 7959 1602 951 4411 6995 1660 8057 8832 5530 7185 5482 9484 354 5984 6823 4429 114 4418 15 9379 451 9906 4975 9948 1864 8279 9055 5521 1598 3015 7404 5996 8807 9345 1325 3346 8135 3041 6501 8857 3326 7827 8367 2271 744 5860 5613 5740 5555 1080 9614 8829 4232 3710 1628 6378 3534 5491 4901 2221 24 7464 8851 3153 3394 6254 1034 4426 3920 6151 7070 1654 4055 9954 8512 1198 7964 1730 6803 1021 1750 3578 1208 4702 6293 9945 8658 9770 6394 9288 4036 5096 7761 7202 3886 7296 8773 8987 8462 9641 3779 3260 3078 6007 9686 260 5344 5541 3966 9368 5559 6775 7928 1671 5194 1588 9839 169 6763 6427 9216 950 2287 7012 6411 9808 8721 5687 3948 8389 806 3210 7599 2192 9755 2737 7750 946 6604 4402 5221 1387 8523 2805 9506 8637 2841 9629 7264 5830 9390 5937 9747 748 2315 8453 8584 2759 2743 6998 8964 5452 6899 7668 5876 3319 4696 2579 8807 9316 7362 6729 9987 980 9893 9695 6843 5686 1536 3537 5456 2572 6445
3616 8014 4166 4692 3318 4576 4421 5799 0 715 8965 8038 6823 1852 4819 6544 95 6256 9278 4638 8914 879 3602 4149 914 9144 7255 7049 5791 7680 515 4438 2879 4452 5801 8171 8615 3887 6887 418 6733 7859 832 6279 7849 9887 3340 2393 776 295 4010 8053 1885 7273 1149 7485 6198 7941 7628 1129 8297 3964 4478 8318 5163 9575 3254 6492 8078 9023 4711 3232 2443 9151 5294 5699 6475 8079 1141 4168 909 3461 8347 3013 5576 9482 9470 8804 9169 4407 3731 8040 854 8615 9929 3635 3564 4410 5305 2131 425 3069 4239 8742 6422 2674 7660 427 5657 3455 4268 2276 3796 675 8842 6867 7223 6714 9751 192 5835 3274 5600 425 3249 8483 6053 2908 8107 8898 4789 7314 4910 4038 8155 1962 7523 5145 3910 4559 9318 2429 4950 97 4202 2912 3249 4173 9464 684 7230 2369 9827 5100 1586 6242 9443 8918 8562 6809 4367 6193 1745 9739 9629 7450 135 4505 9978 3417 6477 5181 722 1572 431 7455 7687 1335 3098 592 6976 1601 1206 405 3004 1069 6188 6514 5525 1880 8921 2027 1546 2774 650 7023 4119 11 1412 5143 5750 7380 567 376 3492 2796 7300 2071 4379 1590 9771 8813 5230 9474 4277 8657 4389 3158 544 974 8318 4198 3666 134 8701 1414 3988 9308 1540 9322 5367 8524 7197 261 9740 2743 4086 5656 5230 5259 4890 1788 2378 8521 8629 8643 1135 8203 3304 7304
8357 2533 6722 1057 6472 3654 5977 1218 715 0 9834 7692 4849 7030 8684 7509 997 6081 7820 5310 2488 1203 5345 6127 2563 4345 7454 1284 4500 9932 6198 5828 3588 6421 9158 9169 5508 9191 7944 4253 6943 139 6700 4278 7383 7743 9448 6049 8223 7415 4731 7296 2984 6937 8266 1054 7757 1676 7090 9460 6567 3917 1200 6508 306 9284 4557 1717 99 8337 1260 9585 6742 5817 7110 2924 9965 6449 6378 9888 173 431 2111 7405 5738 9152 2423 5955 4237 5595 7754 2216 4875 2139 6488 7547 6699 1733 8129 4348 6289 7482 1791 3711 9758 8132 6089 6845 6672 3791 1238 3937 4327 3410 8982 6379 876 3159 6714 4241 1455 3455 9525 9699 5564 9359 1708 1427 7410 968 510 4786 4936 14 6615 6668 7088 6557 5139 4497 2422 7127 8015 8676 6825 2635 7058 3050 2880 4922 4410 8791 8394 2033 4131 40 9021 6641 2240 3108 3632 7243 1001 4423 9602 4559 7279 3264 7785 7387 7773 7971 7645 8050 9354 6708 4422 9595 7554 783 3782 5065 4420 2563 5218 4012 8004 4971 4129 36 6330 5351 8624 8156 3085 9791 6489 9948 1421 9675 7249 7420 2215 2460 2465 4483 7198 3434 6371 699 5076 9204 1714 301 1093 9307 1925 6671 3246 2836 8177 6790 999 5497 5196 8767 5324 6838 5402 446 4455 4986 6936 7368 753 2833 7171 6918 6576 693 2844 8953 9726 4317 8922 3785 4842 5961 1100 8516
3563 6038 1074 9761 5549 605 5698 2960 8965 9834 0 6256 3974 4458 5085 291 7318 8591 8924 658 1703 6964 4632 2754 8419 5311 5053 6559 3395 7731 4907 7529 4392 7309 179 3053 4158 9082 3098 9392 9305 2348 4098 3844 3810 7515 3433 2683 2211 299 1930 5459 5332 4963 565 7817 5391 8908 3380 3319 9455 9261 3360 9428 1649 9639 8319 8826 5557 3330 1586 6510 2376 9804 6665 1963 1392 2610 9338 9858 9583 6337 2300 6690 3189 2711 5069 3857 3700 5896 5320 1686 8058 8614 9995 9468 4394 1944 5139 3560 5379 5982 7662 4045 1167 492 4062 7759 3878 5376 2878 9819 6820 9518 1525 6948 3602 1421 3918 2454 7059 5244 8197 2901 8503 6246 6494 2611 1605 5972 117 1277 5938 806 6956 349 5723 3025 9834 6296 5740 9441 2352 6570 4791 788 3125 1308 8579 9365 8322 4027 6828 9558 353 8274 9438 6805 9223 7687 746 6521 1729 3454 5973 8964 5397 1594 3636 7353 9304 2386 3296 158 7912 282 5939 3445 602 4972 7034 7666 7079 4606 2776 7970 6596 4887 4080 2014 8267 9018 3256 1163 979 4798 9378 3846 1153 7590 309 9504 6433 5196 8573 2449 4271 3312 8289 7785 3241 4806 8027 884 1012 2988 4961 9003 6166 1234 2599 2259 270 5422 2443 6198 4190 9259 3329 7174 9599 3672 9350 3582 8958 7832 5288 6798 3440 559 3872 954 152 8739 3923 2570 2814 3808 317 1546
309 6681 371 7357 761 7457 2214 6669 8038 7692 6256 0 6612 7807 7954 1081 5600 8459 2522 1387 7971 4723 4178 3922 347 6442 9068 633 4020 6487 2024 4786 1755 7125 9443 6012 3791 6187 1074 7821 672 7399 1601 3189 924 8102 5924 3245 464 4925 1331 1743 4561 5970 36 5352 8126 2564 9117 7289 8491 1408 4697 1554 4869 8958 9602 9637 9019 1972 5358 7858 4743 2688 7567 9700 9981 4808 6696 6055 3378 8003 7911 7432 5229 1801 1565 408 8326 3404 1174 9989 3286 4232 4843 997 6647 4404 6635 2106 9277 457 1368 3589 9768 5675 1699 8033 666 9720 5786 724 2871 2244 3100 4680 9898 4750 1130 2906 1706 8978 1009 5816 8505 8775 9343 4398 5125 794 4615 90 3805 8189 5637 9159 6250 3187 6871 5182 1706 8992 5637 5053 5657 5420 8972 9235 1056 2869 4198 6807 3926 1208 8616 6792 3482 4147 2482 8727 7478 6363 5511 1150 4824 7442 5808 9317 3411 9144 8409 2953 7668 6855 4640 2732 156 5623 4643 7078 2721 8529 8331 7424 8647 6889 1961 107 8240 3714 3037 1116 3390 5515 7864 8732 7860 443 5878 157 4459 1994 7762 1278 4081 9829 5592 1126 1368 8086 2914 6181 196 6822 3025 2301 7395 3459 4714 1153 9553 807 1183 9241 7499 4233 9939 4957 4507 474 4288 2177 7195 9382 6833 9529 5095 9867 380 988 5890 7407 7537 4307 9154 6162 5371 8885 5342 4257
9620 1198 9594 3408 743 4883 4052 5312 6823 4849 3974 6612 0 6781 192 2171 4354 1222 325 8152 52 4723 3038 6145 3899 5318 5238 1247 8923 5903 1674 1026 5001 5236 1461 7737 3528 6969 8955 2438 3199 7244 9336 847 9625 634 6161 2210 6993 4902 3128 2780 6832 8127 2991 4791 9834 2047 4054 7218 8704 9612 7100 3779 9647 6410 6658 5646 602 153 6665 1782 7002 6696 8209 2773 7044 6904 1600 6015 7863 212 4054 9401 4667 9742 826 7037 2874 4804 9518 8908 8942 2682 8472 2210 1438 8850 6253 3400 4776 4500 9978 616 4654 8780 3897 1969 4313 3370 2467 7346 3723 6861 8444 8099 831 4922 6985 6341 5282 5741 2750 3271 6371 2301 7156 1445 9914 9525 8410 4898 3768 7136 6586 6180 6737 2114 5434 571 1912 4033 2315 2406 7218 8214 3957 2580 5027 879 7037 4281 7096 9892 2739 7586 1937 1133 7554 2902 6339 7385 7041 2302 9965 2726 4456 2611 8722 9956 6048 3992 2496 2202 5862 4040 2483 5134 6732 9535 6865 5892 688 8353 9968 5551 7927 3814 4399 396 8717 8490 3978 404 3204 9647 3518 1160 8103 5884 6408 8515 6516 3515 6077 5955 7729 8579 2563 5940 1640 8674 1147 2707 8097 5791 7296 4044 1051 6611 7522 359 4715 7547 8467 2877 3059 956 8344 447 1440 1103 7539 7427 6335 9244 4676 4108 1219 92 4902 1739 1731 7589 2266 362 9923 9267 2063 9640
3179 7306 2831 6886 5826 491 2153 3996 1852 7030 4458 7807 6781 0 1725 8866 7946 8592 1586 6729 9164 1375 815 40 9362 2711 8512 2810 8991 6963 5667 1435 2739 2838 9312 7707 7431 8294 7825 8047 5327 8002 7820 154 3373 8286 1537 1376 6158 1764 8584 5981 925 2464 3201 2920 5753 2053 6431 4017 8481 1277 4955 6614 2111 595 5234 123 7896 7869 2130 701 7834 5304 8400 3804 2405 2758 8065 3509 8538 4691 9578 9290 4262 9770 6034 8760 6971 823 8491 3248 3588 2396 3312 6722 6275 9165 4902 158 3103 6952 8961 5934 3566 3520 3564 2193 4889 5428 5408 7301 2325 3709 1442 4772 7049 2165 9246 8288 1713 6418 1561 7005 5889 1773 695 954 8297 5885 2973 4090 4828 5066 20 59 7113 9057 439 2785 570 427 5008 5565 1815 2151 9938 5785 6871 3353 9490 8905 6547 2808 1052 4209 2133 6867 2630 3619 7499 8337 6243 4730 5116 8458 9980 276 9182 8228 4559 8391 2205 2938 7397 6392 6511 4783 7464 1780 5624 9815 7134 2722 7954 9766 1676 6142 3449 4227 4716 8949 5048 3565 8029 8177 896 9077 9702 9360 7325 7449 5246 2424 2178 7135 6528 4318 5573 713 5501 3220 7889 3144 4778 9604 8070 486 3351 3113 936 2683 662 4133 4355 9918 2379 8289 2698 214 9017 3346 5592 7430 6587 1297 7788 9223 7826 3355 731 5292 2875 61 1440 4161 8677 6577 405 7126
819 5339 8739 3501 779 6732 6639 3589 4819 8684 5085 7954 192 1725 0 7239 8732 3583 1035 8286 9648 4759 1588 8547 197 8090 4004 9497 7999 2073 720 1867 8518 7773 6025 6315 7938 5200 8889 8561 1459 8246 3417 1172 3002 517 334 5139 7048 9546 1446 1083 863 2762 2264 4925 4494 3645 5789 5869 7920 1486 6473 4598 7725 9431 1843 6151 4724 4354 5855 4492 6746 2381 6853 8190 5910 8517 433 391 6319 9841 4733 653 5445 5327 6575 7976 1852 4243 336 3657 1385 9464 2856 1740 7930 8432 1711 9995 9326 4912 6706 4353 9275 7855 5450 8611 1508 3476 9671 9414 5935 1398 3486 6320 2559 8862 7702 687 9769 5854 3137 4504 8602 6692 428 3837 4275 9060 3855 760 5906 6393 6728 2719 3252 9907 5963 8398 3299 9340 540 4132 9754 9559 7868 45 7683 3436 5533 4724 4723 9407 2798 3740 4810 7300 3894 4557 5094 4631 899 5823 5470 313 395 8509 3410 5583 3403 8889 6932 6490 9494 9564 9169 1383 4484 288 61 4181 6180 9508 1837 5370 6364 5742 1138 6290 5602 4381 3666 8327 3534 7339 4780 6111 4459 7467 5169 1906 6948 9794 2281 3218 4908 4973 466 8973 7919 937 7193 175 7678 1077 1730 2777 7308 1407 8082 924 8252 5611 775 4390 9925 3928 9056 6615 4319 750 7274 3364 3466 1628 6012 3767 5023 7890 8833 9803 6838 3662 2775 1109 5745 1354 6041 5964
7864 5962 5779 6655 3905 3828 6561 6827 6544 7509 291 1081 2171 8866 7239 0 8352 1244 2872 618 9970 1108 3803 2697 7689 6093 585 7705 1117 6608 6655 3162 4185 459 2010 6059 2671 3644 1460 8944 5540 7386 6455 6751 9789 4881 3343 3674 178 4797 2331 2771 1071 1676 6999 7783 3725 9797 7183 3001 1750 7340 3409 5747 4508 7967 2352 1447 276 6337 8494 2408 4052 8728 1498 9303 1142 6726 8242 3095 8932 4284 9509 1696 7115 4369 7748 8753 9706 7616 4929 872 2222 8336 9114 2100 9414 7729 9637 3486 2558 3480 4870 6360 5362 6500 5283 4625 6059 881 163 9710 568 3604 7949 4249 8761 8271 4337 5808 4968 9673 4032 3044 1541 2421 7964 9598 6375 3574 5141 9169 3402 5916 6712 5636 8927 211 1719 6081 577 718 6219 641 5636 4770 8327 7292 8047 7776 7970 6154 8533 7651 4391 8274 5367 6097 7425 26 7084 4414 2604 2930 8823 1337 9350 8855 4 6777 3417 6740 9573 4831 1020 6468 8663 3524 6752 7031 4253 2498 1303 3539 2771 6961 7075 8995 8204 8802 1769 5523 7758 5738 8631 8370 6274 2424 1129 8045 8793 9467 5076 5735 7827 8169 8329 7729 2252 8198 6888 266 2941 4654 5609 7950 1544 7349 4020 411 2921 1797 2309 8507 7397 2593 6291 3430 6777 2162 5223 3719 5030 1011 2365 2198 5385 9705 3659 3165 6240 9571 8667 9509 6484 7127 533 7196 8405 5077
1314 5486 6950 4739 5300 4608 253 7478 95 997 7318 5600 4354 7946 8732 8352 0 9023 942 2052 3718 6957 3233 5614 7398 5006 9861 3370 6265 8331 7255 6903 9077 4189 2462 7053 8455 9458 4261 332 9857 1093 4443 3073 8921 8999 8770 7248 6573 9248 3032 9361 7389 9589 6234 4927 3019 5806 2833 1432 2732 3206 3568 8205 4217 3561 6758 8350 1078 7793 1016 2525 9736 6579 1228 3099 4932 974 7062 1015 4959 2296 3379 1614 3635 7541 1424 288 4250 937 4401 1787 2270 6551 8020 9995 9321 1146 4698 6691 766 4506 9043 2073 6720 2718 326 5250 5115 905 1046 9379 8494 6745 2239 6325 7178 7258 3033 2708 242 959 319 78 429 8217 3689 3582 8050 1776 3337 295 394 567 38 2277 8973 5450 3160 1829 7201 5052 1819 9316 8329 7547 6476 2491 5802 9361 7245 6602 9383 6445 9897 1390 5869 4362 9170 6564 8914 1337 5799 4103 2960 907 3426 9079 3914 2129 4104 2114 7764 675 7944 5641 7348 9657 3471 6403 9982 5059 3618 9473 5019 222 782 2586 5430 7629 7720 3053 7850 1897 2939 5733 6882 946 3638 1448 8872 6199 580 4867 47 6115 7810 4568 9830 1856 2063 5228 2851 5175 3363 7611 9624 250 5870 6580 3185 188 1815 6344 9535 6733 7893 7747 3895 7484 4238 7496 3119 9341 4498 2260 88 7332 6156 5945 8122 5564 7949 3790 7775 6243 2290 4039 9887 3345
6022 272 779 5521 955 9099 4553 8466 6256 6081 8591 8459 1222 8592 3583 1244 9023 0 5244 7987 9971 4307 3182 5707 7938 9378 5922 5346 5987 860 7140 8578 5683 8630 6924 2221 4632 2972 3609 7796 8735 8032 7043 9741 5818 9102 3300 5798 7475 9096 8093 3432 7347 356 2810 185 100 7532 7816 4115 725 2790 2963 9301 8599 7256 1801 6408 5955 6177 9475 2875 3523 825 2244 3964 5087 465 9172 3216 4516 1274 8697 7363 183 9853 1379 9464 6518 2416 4400 9866 1106 8513 2500 5844 7018 8365 5092 4142 6603 7414 2875 2461 3344 2547 9592 8496 5774 1959 1364 7836 9198 4181 9655 8769 7345 8675 5773 6847 3727 3291 161 1795 2893 8806 2638 9015 4807 8147 827 9784 8315 9425 1085 2475 8506 9719 5689 6443 628 4293 6158 1257 3267 9599 5966 4078 4817 8464 9474 7778 8917 11 2750 8632 6432 9623 283 6140 4097 9488 9892 3051 7354 3559 2498 1124 8238 4565 1411 6245 723 6067 9261 189 5597 4885 4627 3948 5819 8666 3381 8189 4534 1275 4824 1312 5381 35 6916 1899 7856 3591 6649 1937 3674 9630 8114 8912 7252 9364 5316 4007 6045 9945 7146 7156 5733 9947 8813 2943 5165 3408 8477 8404 7784 5876 5235 6139 2020 6106 746 8688 5257 4730 2231 2407 5686 7217 4313 6097 4845 2118 4330 1941 2119 4637 9634 6828 9071 1851 4338 167 1883 9075 5000 7353 2882 6528
9302 1737 1870 8188 5069 2091 8135 369 9278 7820 8924 2522 325 1586 1035 2872 942 5244 0 4002 3287 9008 3007 463 1687 6016 1499 3085 2771 4021 7204 5211 1895 3250 9573 7220 6446 422 57 6116 9717 1194 1306 7428 5299 3393 9493 3989 9550 2281 5207 428 3018 1958 6882 246 1723 2707 9673 9036 3596 1382 1032 8553 2537 6440 3354 6298 1657 7017 4468 7655 7842 7288 2413 9522 8158 1804 9016 1868 7598 6639 1112 5574 6826 4178 4182 7622 1385 607 674 9121 2224 7853 9764 5105 218 7128 4334 5932 8717 7973 2245 4646 3865 7194 7449 416 3607 5088 9527 6491 4581 6631 2902 6953 402 9168 3390 343 8041 6431 9938 789 3933 547 6965 8526 6284 2358 2240 6937 1527 2275 5231 5887 1314 1705 1922 1072 9927 9133 7825 1056 5659 8712 9590 4771 5116 6316 3285 1955 1821 3441 3715 9754 7562 5071 6392 1974 9604 1025 8342 5852 5572 654 5021 2700 5351 7643 927 8081 3016 1829 2758 1083 896 1299 5389 3210 7686 858 4440 2414 2776 9601 377 6179 2114 5586 2436 8879 6819 1489 7438 4974 9774 8414 9554 3888 7255 2950 723 7077 5263 5571 7724 7848 441 3216 2760 2627 4181 1992 4252 9295 3922 9715 4187 3100 7640 3156 4831 9052 3403 9995 4509 6725 420 8116 5729 8050 8026 5466 8284 4336 7209 4899 9166 1510 4184 3410 7326 8139 9396 7620 7791 4772 4857 8643
7884 680 9871 749 3055 7158 505 4043 4638 5310 658 1387 8152 6729 8286 618 2052 7987 4002 0 9400 3012 5190 9954 936 1878 4051 6631 5077 8097 3119 8610 5657 2620 4227 313 9571 662 6690 6967 7477 4062 6149 4846 8812 8125 1059 16 999 6659 4090 5785 9093 1906 6485 2021 8731 430 2351 7955 5516 176 2065 3404 7111 6801 8851 5898 2603 8385 1222 4321 4806 2698 6904 2956 1717 1796 5942 8679 5344 1622 9726 6747 2560 1497 3903 7841 3094 6581 7186 5700 4811 6303 2850 5487 3739 7625 8166 901 9207 3824 469 3755 393 2825 363 7408 302 4098 1340 8822 884 529 4914 4446 3292 4062 6086 2814 4487 6246 508 5646 8982 1345 7518 5017 3944 3941 2671 7823 6363 9401 9121 8938 246 4199 4002 8230 8716 233 4368 2628 6245 4892 8611 5822 4599 74 7299 9971 3146 2870 6656 532 3716 2094 2814 1449 2565 8182 8688 14 6756 8275 481 9820 699 9352 2162 1789 5496 6933 5125 2049 7340 6674 2362 3034 3209 2695 7358 9020 3354 7278 179 3823 2909 3743 795 1348 5434 8185 7758 4368 8633 955 4577 8594 9582 5446 6650 6321 6953 4424 2387 44 1540 239 6584 8351 892 9277 3417 694 9587 4538 5276 5163 3874 1370 514 1746 9550 476 5014 9317 4218 6002 5836 6448 5032 7301 1132 345 7084 855 5236 9759 8351 9553 6212 1795 8900 9859 6871 1556 7693 7329
5017 8871 2259 1965 7542 886 8365 2375 8914 2488 1703 7971 52 9164 9648 9970 3718 9971 3287 9400 0 6515 6516 3799 5799 6697 8342 9719 9304 1500 3685 5733 5215 7082 2599 5037 8903 9958 9229 8650 4878 3688 1077 5703 4716 5119 3702 4221 3002 9817 5718 2157 6399 378 4266 5799 7569 1250 649 1662 3241 5057 7922 7279 9872 9569 6480 6575 4984 961 4969 1495 6717 3565 4383 2438 2542 2914 405 7284 5604 7823 6683 9614 7934 7781 2731 1415 7616 1461 4134 6625 2667 877 3136 9665 7 8120 8332 8262 1508 7600 5705 6749 4601 7739 8637 4122 8796 9337 612 1121 5957 2223 3100 8407 78 5078 235 9281 8860 7952 4628 6387 1286 6347 4554 7805 6653 3860 2676 9078 2359 6323 887 7754 820 5435 4546 6897 1465 614 3465 2088 3275 2120 4745 6459 3957 4687 2030 3327 1133 1526 7511 1973 8178 4010 1247 7008 6215 6898 9741 1552 4025 1233 115 8569 9291 1447 330 5671 3603 1708 4829 4963 2141 4390 5627 2391 2864 572 5886 7281 3633 2467 1107 1715 5551 9693 5741 6552 603 7171 4288 4785 6674 6075 1460 8731 908 4706 4051 2657 2887 9017 529 5880 4848 7840 6059 3629 5821 3444 191 1732 5517 9022 1967 4190 4561 985 1230 2676 6355 4196 516 4712 7536 3021 3103 3179 5088 5555 8296 6118 1759 8474 5283 1277 9080 2192 3078 2201 6288 3495 221 5694 4772 8800
1776 9008 6082 8104 3347 3138 2836 8066 879 1203 6964 4723 4723 1375 4759 1108 6957 4307 9008 3012 6515 0 2841 9623 2242 3914 3147 4192 114 3123 6405 5146 8188 2939 6124 3970 1078 7323 714 2937 6536 9398 5730 1651 3879 584 7095 73 25 6296 8022 5275 7005 1088 9456 9945 9213 6548 9820 9835 2100 8768 4698 1743 4454 3826 7353 7419 7437 6630 4552 5586 4698 3073 4483 7818 5312 4610 1804 1227 8895 6302 6208 8994 5502 1147 1218 1200 8997 5067 2113 6880 4709 3459 1284 5867 7361 5762 2402 394 2879 8262 5704 6306 6016 3511 9069 8652 134 5898 2536 7129 363 9209 2512 4841 9619 1294 3359 533 4444 7722 8105 1205 6827 2881 5406 7498 8260 657 448 1283 6479 1345 5881 7190 3506 4326 209 7424 551 2803 1840 7345 7776 2916 6512 4852 5266 592 4837 674 6412 9290 479 6343 2731 2897 982 8154 959 2302 8490 6987 1491 8089 8838 1783 3998 9194 276 9529 9753 7357 8908 3684 7524 7952 1806 4851 8411 222 2261 8803 1423 1753 1434 3678 6299 5236 8346 6040 3968 9711 8444 5183 2608 8218 1125 3023 5712 9363 8817 6384 6079 4188 4935 6353 3043 7871 4635 338 5904 6295 922 2655 2027 3000 5722 7485 3505 1960 4007 1675 5388 2096 4917 6772 5281 4767 6865 7475 979 2081 9709 8799 857 3431 3419 8691 723 5640 8450 4411 3302 3982 2461 4401 1110 1514
8722 519 712 4394 8212 6188 6832 1120 3602 5345 4632 4178 3038 815 1588 3803 3233 3182 3007 5190 6516 2841 0 5605 9987 3583 3816 7980 1999 10 3032 7959 6878 5260 1833 2851 4645 1369 7525 4132 543 5128 6708 6516 7203 3909 1084 6287 4895 7960 9543 3569 8524 7393 3174 3862 8107 6559 7471 9884 3532 2140 3778 5103 7632 7912 9425 9650 2554 9841 4711 9729 211 5317 886 400 6659 7986 8254 4499 2466 1304 5411 3943 3662 8540 8447 3545 2667 1530 9410 1056 1435 1018 6824 93 5969 1307 3507 621 7955 5088 5957 3820 8405 7539 5148 5633 8393 3822 9256 995 7932 7248 8609 6438 4145 229 9399 9091 164 6034 3838 9834 1136 3438 5006 4098 2532 2537 7158 6879 3444 1119 7883 284 7090 8046 9485 722 4418 6022 4116 7858 2749 2093 7400 9810 262 3206 6339 6095 1305 4190 9735 972 3653 2802 1557 1307 9731 8665 4104 4059 4974 7295 6754 9533 3367 6870 6567 115 7729 2202 6634 3922 3247 267 2582 2782 3728 9095 7232 7405 6152 8862 9211 3913 6292 7438 8359 2550 1404 6461 5625 926 4085 390 2731 4848 3793 5659 4912 5093 5684 4942 2191 6474 1274 1468 9678 2543 8719 5291 1868 286 3362 7491 5417 8132 5534 9059 1981 6647 3526 85 1081 9796 4875 3985 5420 4875 358 2191 1695 8392 9142 9190 6118 3772 2122 2247 1241 9507 2670 4660 9699 4590 6469 3842
7267 430 8645 1590 8291 4688 622 6239 4149 6127 2754 3922 6145 40 8547 2697 5614 5707 463 9954 3799 9623 5605 0 7544 2296 7407 4417 4865 7824 2553 1839 2682 8968 5899 1574 3779 3879 1065 8705 2483 6550 4331 8257 6213 5270 8424 5222 856 4661 6427 4982 8697 4619 9497 3151 2685 2302 3162 5987 3284 5817 2566 1208 417 5898 7684 5074 8461 7748 9439 5091 104 6248 81 9685 3324 9622 2834 9780 5020 6310 2776 3173 5927 4628 4074 5157 5255 3800 4907 2624 7400 2815 4382 5075 2520 3123 6119 6978 4921 7684 5486 2604 8501 6201 4522 9040 127 519 9238 3688 2981 7945 3145 9598 6531 9483 1202 11 6428 8868 7189 296 8375 658 9655 3103 6269 1687 9387 1665 9759 8272 4724 1849 5849 6828 2662 1254 7390 1834 3743 5857 8558 504 8762 5060 2356 6860 2356 3104 3171 2788 272 5886 850 2445 4993 5578 2536 4389 1194 610 7813 1667 4909 5009 8466 5829 6416 616 8062 7636 6588 9894 1362 2987 9987 3461 9776 8824 9917 5067 9567 749 9689 1851 9317 8768 8774 6049 7742 9463 824 8159 5752 6023 2667 9333 2686 7480 8267 2040 3084 3631 8197 284 34 3347 1045 2527 3103 5879 7166 8378 8645 6922 8288 6370 6247 9192 7203 7870 6261 3626 1810 7068 5891 7355 5450 2569 1279 7475 9875 6186 5390 6198 9596 2561 9579 2745 5853 5812 7741 7093 1797 2093 632 2507
6847 672 9104 7163 7050 6829 7817 4263 914 2563 8419 347 3899 9362 197 7689 7398 7938 1687 936 5799 2242 9987 7544 0 4636 3964 653 349 5453 9314 8833 757 2577 6933 7860 7 6555 8795 5632 8380 4690 420 878 3191 3521 862 6976 7587 697 3406 6398 9868 2303 3434 5353 7325 6294 319 7682 5842 2103 9143 1199 7177 3102 2572 8778 4299 4822 9410 6570 2979 1929 2053 994 2023 9457 7809 4206 6333 8479 2993 8534 5799 6053 8498 4741 3976 7259 7895 5267 4538 454 5026 1348 4983 9439 5454 5636 378 6931 9413 9265 5133 9250 9590 5305 4788 5201 332 7459 6493 7096 6429 5268 9937 7296 4209 557 1167 6873 6387 1103 9878 987 4503 9627 9290 350 2840 5304 9361 3600 6133 5598 317 1360 4627 9483 3756 1932 5983 6341 1680 8338 6311 8114 6062 4774 9142 2023 6998 8618 1314 6881 5115 2104 1792 5202 1215 1432 293 4586 7461 3560 8808 5734 20 8406 1291 3941 6269 1244 3643 9371 1132 1866 4614 8030 1013 327 1432 6271 9943 6197 4055 6597 5352 8192 992 3170 8304 438 3991 7614 4952 9423 3361 5245 5852 8518 3927 7960 7891 9724 5986 6426 8013 7665 3656 8680 594 4900 9080 6751 8671 6474 7423 2962 9115 2955 283 2272 2762 6434 950 5160 4293 2660 4056 1654 6526 4059 5840 1885 2603 8536 1145 3963 70 4602 3202 9337 5364 8051 1493 7197 6061 9296
2554 6617 9528 7105 5192 3761 6659 9847 9144 4345 5311 6442 5318 2711 8090 6093 5006 9378 6016 1878 6697 3914 3583 2296 4636 0 2981 4697 8702 7332 5471 8197 8404 3599 1167 3912 469 4200 5760 1084 7251 6837 4536 7817 1103 9648 5155 2936 2981 4888 6076 194 2270 4455 2592 3824 936 4587 6735 1657 8116 4053 3372 1500 8744 8244 2613 1361 5827 4310 237 4906 8698 9473 9300 2448 5536 2713 5517 5786 3212 5833 5294 9031 8903 9182 6579 8261 4273 6189 1646 3042 2447 7484 3626 8256 2323 4130 4654 6435 9385 2248 7679 4460 1466 5807 1036 8234 5420 817 9253 4090 9964 4092 4322 5913 9312 4899 9435 174 12 4777 2323 4468 4601 9770 2207 9077 82 215 3645 7707 4805 8218 9078 6 5482 646 7938 7565 8268 4603 3679 9101 4887 7639 1864 6604 3390 3672 9463 1062 1437 4026 7082 2700 7157 6931 6389 6391 7706 2737 4797 9198 9423 9366 7243 3013 9852 9838 6517 2020 7860 4482 8575 8837 8750 237 412 416 9892 8364 2409 7893 5824 8884 2275 1743 9326 8791 5626 5077 8087 3781 8892 4656 1442 2207 491 5617 6586 9593 4799 7031 9202 7058 8986 6359 3509 6876 60 6435 2526 7840 3692 6086 9756 495 7113 2809 5436 1687 9150 209 8160 9593 6277 4785 4886 5808 448 3942 480 4468 8661 913 4490 1016 6436 8326 3459 2827 7962 7612 112 3392 5752 1952 6863 7203
2530 4350 7224 9950 1491 9870 7059 5588 7255 7454 5053 9068 5238 8512 4004 585 9861 5922 1499 4051 8342 3147 3816 7407 3964 2981 0 6947 9771 8562 9923 5062 8247 1371 8481 3877 9089 8118 9457 23 4813 8740 1403 2292 1385 2220 2204 953 5947 5361 6201 9611 2004 3603 5454 3248 2252 1035 1098 2847 4820 9767 5174 6813 304 9366 2842 523 1080 3504 9011 4843 2096 6359 5551 7025 4738 2330 9951 1547 3490 1713 2146 3504 3632 891 7248 2485 4824 6626 3259 3842 2632 8025 1319 3049 2107 894 145 1118 6716 292 7083 1336 9929 3408 4225 7346 6222 4629 5475 8632 4014 103 3798 5456 6041 7672 386 1246 3286 5315 442 3717 3476 35 7802 6257 3163 5815 2446 901 2864 1026 9001 7449 1756 4749 4078 7048 4103 3731 8636 356 6921 6151 1997 6960 3714 1566 4934 4052 7788 7817 6673 318 5650 6430 4946 6258 4760 5346 199 5510 3995 5944 2857 8738 8218 6597 9837 155 8743 2255 7811 5849 111 4012 2944 7948 5262 5354 5457 174 2008 2361 2999 3705 3297 6666 493 2223 1049 3519 2904 5803 5053 7270 5987 5254 6364 3685 1406 1934 3109 6877 6236 4955 7589 7198 3251 4135 3580 3083 2491 6310 6688 9849 262 1070 2140 9954 6336 5800 7389 3127 5168 4297 6067 7955 1954 8131 5046 4845 3174 1434 7066 1473 8807 3128 4404 3746 5025 3081 4536 5759 8933 9479 1423 2605
9513 5497 4025 3142 9042 1595 6452 4209 7049 1284 6559 633 1247 2810 9497 7705 3370 5346 3085 6631 9719 4192 7980 4417 653 4697 6947 0 6045 239 2562 4513 6949 2262 4525 8476 7256 4988 5482 2249 1135 447 4465 9223 7864 1092 5577 5283 7234 8579 8730 9985 9021 982 3745 5757 7218 5534 7965 5132 2141 8007 4566 6346 6871 9731 7764 4792 4104 5896 110 4436 2396 3556 3292 9082 7566 3855 5975 2849 6579 2854 8638 1380 7654 6631 9815 6663 1209 3578 7988 5884 3011 6218 4785 5707 753 3661 9696 7662 4233 5542 4541 5769 4900 8605 2990 3824 9115 223 7158 1978 9060 1498 3218 5046 7740 1251 2126 4269 8585 9381 4265 211 1911 5010 3790 5287 3365 169 4631 1470 173 4644 8689 6426 7827 8416 205 2418 509 5583 8063 428 711 3053 9395 131 7950 7905 7795 3563 1387 5794 8827 9415 5488 3237 3198 7379 1981 7744 8253 9762 6235 3844 4046 7807 7911 4491 5281 5195 7310 874 1627 5698 2466 6740 4815 2660 8731 7936 2845 3560 5465 1433 7937 9994 6125 9678 7097 4017 4513 8471 7782 3171 3542 8669 2567 9816 6538 8748 5716 4831 6774 4721 6077 3238 1713 3927 2272 83 3711 9410 1879 7417 22 6626 441 718 1889 4752 9169 1172 6639 3536 4091 7575 5809 2356 9604 3722 2640 4941 9332 1616 5400 1214 6374 9052 4306 3746 2531 3589 6931 9657 2639 1914 9837 4363
4352 3695 8514 668 7409 9930 2826 2958 5791 4500 3395 4020 8923 8991 7999 1117 6265 5987 2771 5077 9304 114 1999 4865 349 8702 9771 6045 0 5033 4494 5877 2560 1307 428 6967 7364 1250 8232 112 9870 3241 7307 1346 5061 8624 6663 5559 5593 5794 2297 3131 3153 7290 7788 9042 2470 684 6402 9691 6329 2251 5325 2322 8925 4357 905 6594 1177 2781 3356 1190 1074 4364 631 6013 2821 6241 909 7953 1463 2431 1 3497 1810 5696 309 5338 88 7483 3639 6139 3984 5987 7306 9460 5878 9026 3604 3892 4490 3593 5286 5382 2689 9166 7209 8083 5084 1501 4320 7898 6498 4394 7585 6317 339 2799 8005 7276 2214 2236 7168 7111 1020 5725 314 7160 2059 5918 5084 7329 2109 2577 8042 9747 8733 4251 8264 8227 989 7549 6538 3369 3828 1372 1348 575 5515 1981 1247 2374 9626 4463 2854 5201 141 7001 8460 3910 2784 2235 8249 7366 4548 7435 8592 3 9112 695 721 2284 2128 9165 2255 1966 3318 5480 4656 2304 8916 7730 6117 8299 4466 3898 8440 3515 6663 9036 9580 9849 3054 1975 2986 1435 2094 6583 7335 2054 4891 2569 8530 3093 9100 3370 4844 1161 5712 5430 4202 6101 5940 8364 8874 6562 5443 7057 3779 8824 1678 7824 6517 4693 7246 7618 1172 7210 73 4839 3220 3890 5428 710 1055 2548 4016 5327 6081 2752 8228 3869 8878 6286 4863 5424 2812 1495 5598 3069
52 1395 9082 4853 7293 1674 7639 8628 7680 9932 7731 6487 5903 6963 2073 6608 8331 860 4021 8097 1500 3123 10 7824 5453 7332 8562 239 5033 0 1549 3156 6583 79 1478 4113 4885 2791 9196 5229 9570 2666 8914 2353 4155 5328 4347 2340 3849 9520 8043 689 7599 536 4139 7200 3311 2867 6210 9054 2175 2396 1010 1545 7014 9368 6928 9131 1652 8340 7387 3064 3613 3083 6812 3673 9837 9751 487 1159 8290 9211 8550 8524 2419 6161 3390 1732 3777 3643 3479 1034 5115 2613 6122 9408 2937 282 9801 3032 722 288 1945 4934 1132 3982 5288 6694 4002 7707 7459 6693 8319 7277 4502 3939 9680 6301 5670 1378 6382 7930 6234 8114 7318 3962 2585 5641 9209 8151 6186 842 7190 8949 3778 1626 3847 5915 3864 4633 8862 5734 4811 4630 2639 8305 6136 8149 7813 2876 439 8884 1988 4071 8876 4556 3016 7681 6469 81 182 8338 6796 9402 7065 7577 1441 2555 9678 8596 9355 3626 4933 1048 1717 8368 6975 3909 5793 7685 3092 6071 6510 3782 8622 2996 460 8014 5211 389 6299 5372 8429 2196 611 1705 4444 46 5238 7493 9141 2414 8243 3917 2334 7109 7876 9117 5573 5476 2684 3763 7634 2772 339 4620 851 3394 5748 462 9259 5167 6348 9742 3377 1982 9754 9101 627 2528 7429 7418 3333 1419 6415 8806 2128 7769 2668 3882 7495 7275 5023 3991 7217 9317 3328 2966 3325 8672
8366 6429 4812 6560 2421 8530 6850 1359 515 6198 4907 2024 1674 5667 720 6655 7255 7140 7204 3119 3685 6405 3032 2553 9314 5471 9923 2562 4494 1549 0 4375 8587 8324 6197 7853 3659 5253 4304 1723 472 1905 4623 8491 806 161 1801 9121 3163 6557 5638 4795 1453 8215 9131 2254 8185 3874 2193 4822 5095 6563 3716 5595 4455 273 2314 1570 2120 2509 2635 5319 9548 801 1617 9438 2703 5467 5490 4302 3145 8193 269 2261 9656 9065 3640 5596 4631 774 8514 9537 5167 5768 8593 212 8160 7086 4860 7518 5674 2099 1752 2590 4208 383 8233 3099 5727 4518 6619 1954 164 3215 1422 2379 2080 7854 2567 3085 4707 9099 3406 5688 6977 5507 7675 3276 3851 6541 9179 1159 6707 6166 7424 9869 9649 8869 9544 2641 3372 3823 9833 4333 8235 9323 7357 2834 779 3550 6610 9092 3959 465 8523 9944 6493 5443 8990 773 4894 6815 1840 4265 420 4675 1992 14 2648 1961 4966 2253 8519 7125 8190 7361 181 6890 3202 2987 7613 7420 3001 7302 931 3600 3076 7397 9913 1920 803 107 9731 3389 6006 9426 6824 453 5982 8906 5694 5927 1208 1743 1093 8459 4577 3358 7135 528 8109 4114 1300 2235 9209 7140 1735 8008 8745 3571 5222 1502 4574 6705 822 4422 9974 6634 947 8174 9417 9762 6716 7932 4850 282 3046 6606 3814 1554 3797 2144 7831 1227 49 4597 2850 3808 2371 5604
3 701 5548 5053 7220 4488 3252 6683 4438 5828 7529 4786 1026 1435 1867 3162 6903 8578 5211 8610 5733 5146 7959 1839 8833 8197 5062 4513 5877 3156 4375 0 1352 2941 4034 2675 9267 604 3447 6595 1602 6199 3149 1420 5799 2177 5044 5700 3007 7554 1730 9561 9012 1522 7109 1533 9615 8865 4979 4842 1874 4919 101 3360 7787 6640 5913 5153 6052 6627 9160 1337 5209 3400 5765 3789 4711 6623 4937 3216 2975 9016 7948 7593 1271 7921 9375 6359 7886 4296 9167 8995 1575 1547 4930 3250 6184 992 2139 8446 7441 1839 5055 4693 5841 6604 7350 6806 7028 7222 5367 6322 1459 7196 4575 7594 1189 6522 3227 762 8817 2773 6600 3311 1489 6302 3291 2495 9715 4684 3806 3319 744 3881 8655 6453 8533 2682 1374 2977 2949 7436 821 9146 9158 1714 6747 6837 4474 6737 6510 4949 8628 5181 32 9607 5739 6330 8175 1611 9422 3191 4752 6456 7454 613 8229 7642 3143 2058 711 3644 3762 2300 257 7192 4868 9936 735 2901 8355 5693 5525 830 5920 9581 5003 1370 9130 3408 3439 9427 9501 6257 3423 5310 5627 7580 430 2947 3695 6985 4048 4048 9327 2240 3750 4318 7143 2285 2952 5217 4306 5427 103 7071 5628 2464 6443 7904 4805 39 3795 3926 7007 6349 7196 6844 2811 5716 9694 5966 2381 387 2857 5644 7706 6390 6166 8634 5315 2441 4035 2850 2701 9843 3711 5389 6846 9953
