300
0 3102 1220 219 6818 5810 2618 3961 3793 2539 9899 9322 4093 4894 5602 4962 1514 5523 9836 3222 2206 1366 314 537 7603 2393 1908 4184 8254 1889 6542 9703 3264 6994 5727 5930 8755 5606 3423 9817 7282 8211 383 8076 9721 4251 8748 2126 7083 8160 1923 7668 5408 7967 3060 7121 8429 699 5660 9402 5663 4878 4434 6205 5739 7119 7289 6747 3135 3995 4461 1850 7376 6563 6834 1051 8915 7651 3072 3133 709 2314 1108 2090 5016 9095 5638 1263 9471 9089 5070 850 5020 3374 6482 578 39 8741 1902 1773 6381 1599 5622 2917 2046 9576 5308 2348 9229 6787 7716 8415 9500 3555 1460 7445 4801 8924 9304 199 9448 5103 9822 5087 7933 9243 3143 2295 5071 6182 5489 4671 1664 5004 2100 438 9190 2859 6248 4556 2304 9801 8976 7437 5277 6255 9840 2539 6162 8702 2325 5217 2512 2409 564 4321 2053 8879 2937 7120 6596 2004 1964 4672 9208 1267 8590 7328 9219 877 5846 2264 3642 5539 1370 6179 4699 1777 205 5108 2591 1901 5771 5336 8325 6454 8246 54 1389 9591 1110 1745 4273 6677 9346 371 2870 462 6116 9534 3597 6560 7381 5853 5372 5549 6579 6358 6244 8171 1896 2928 694 3639 3450 5932 2567 52 3683 5951 9962 8878 4747 6702 7790 2180 407 2447 2073 7113 2661 401 7318 4105 8748 4774 4856 9520 4654 2740 6698 466 2477 617 6263 5738 6467 5557 4735 459 1882 5318 4835 9057 1713 9380 7606 9080 7573 2972 2387 7971 7944 2290 7019 7185 8756 4606 7298 2369 4753 649 2855 5890 707 2173 1406 7208 9962 2330 480 9962 6041 1250 7152 6908 3194 3960 9181 9339 745 4168 7360 2037 8493 6253 5356 5712 5607 9879
3102 0 145 2980 6724 8807 8748 7440 9970 5954 9293 4306 9373 1617 4839 8952 897 7835 1113 1848 6846 812 1154 1185 5518 2786 2062 417 6869 9330 4871 4672 5439 7191 2080 4160 3881 4674 8570 3123 7053 2770 4941 4153 9843 4528 5933 9316 3127 2503 5500 1990 2608 5593 7786 4857 5253 2426 3422 9932 4843 3040 7230 7992 8003 8399 7922 1872 7100 1146 1162 4052 9501 5833 8548 334 4265 5023 2105 2366 5414 9749 7912 604 5201 5554 3466 4978 9528 8457 6120 4890 7481 4366 4022 5 9830 4157 4958 1888 4769 3005 2918 217 7421 8808 6931 4701 1657 5371 9277 1473 1320 2223 6209 2710 5450 3122 4113 4409 1008 2880 4940 4072 4774 1685 5221 8385 7105 969 4472 7255 2182 9132 5265 8057 6238 8668 2783 5006 7617 7424 9843 3493 1459 2149 8202 7599 2737 5603 7713 1106 7772 7180 4495 3562 1219 5039 1879 7218 6987 4736 6553 9868 9166 3429 2862 4249 5413 3305 5940 4305 4230 4716 1340 6156 7260 3507 2289 9287 497 6118 5031 7903 7310 6046 5072 1044 1707 2370 335 1252 100 7501 625 8832 2615 8340 9397 3997 7408 8792 2183 8815 9084 9969 1734 5102 6728 6139 1776 4048 6444 3578 6694 3868 4107 5493 797 3226 1897 3585 2060 3568 2759 5150 297 7479 6133 8158 9012 6996 1072 1301 8682 3687 887 5301 3520 1317 7955 2334 3828 1952 9757 5908 6427 2881 345 1078 5314 9118 2958 454 9617 5207 6694 5448 2135 9124 4005 4673 7600 7640 3065 388 3297 8574 9635 2050 645 3681 7898 5408 3725 9228 5872 8654 5559 2453 5157 2926 4704 2841 7688 7556 2284 4342 9477 4847 5350 4497 4410 8440 6415 912 5231 9141 8932 5630
1220 145 0 8511 9507 2591 186 3530 9234 2115 2976 2018 3303 6204 3880 5363 7820 8160 1361 7609 9596 6177 9642 7542 2000 27 53 5297 2617 4521 5960 7617 1777 3448 4685 9935 1277 6036 2718 6657 8160 2070 3564 5592 8644 9977 7000 5930 2030 9501 9376 6800 5670 2106 5647 9126 2386 4749 4854 5551 1623 217 8970 4736 8436 5220 6128 4833 2632 7571 9697 4833 8856 9668 6652 4877 2367 7626 518 5598 2913 1912 1766 5034 1005 8102 3947 5855 1587 2018 8809 4026 5966 4594 3096 7143 7849 4914 4055 9694 9392 9393 5091 4125 5225 8654 997 7575 1634 3423 102 5190 9362 8367 7108 9393 9857 5894 1067 3662 4011 7884 4945 3947 3568 2693 3635 8869 831 4029 7401 6622 489 258 5244 9957 5978 7609 5706 1119 4501 3002 5199 3442 3885 124 2950 9078 7121 1484 8793 5564 3550 4290 8853 5183 9552 630 6904 8445 8914 7063 3486 8583 3969 2523 1534 2547 2601 849 9331 4075 2075 6532 2121 2133 3649 4988 1221 9585 7206 1771 3630 8366 4466 8096 5212 6208 1419 4393 1839 4517 9751 6819 7689 3549 9586 3205 246 5151 2081 1639 7793 4380 542 9317 4601 1679 4575 4619 8290 3563 877 437 7566 1341 2061 5827 4356 2474 1133 1794 1153 7975 6189 8038 2912 9741 7202 3570 3748 3572 3803 7009 3221 8230 9091 6639 874 8192 7720 3901 8180 3549 490 858 7626 1402 8748 6134 2105 6663 1720 3328 404 3087 5914 512 5498 8372 4455 780 9087 7581 5578 6965 6422 2517 9147 6939 6874 204 1799 1281 9409 4920 1548 5018 6062 1139 3413 3243 9734 7501 9735 752 8538 9525 1714 9006 9234 9233 9254 2638 8794 1740 6889 4273 4064 8955
219 2980 8511 0 8660 3432 410 9534 826 4868 5413 243 2983 1135 9529 8642 522 1032 1869 6933 4912 2103 3104 8924 8331 2272 965 2773 7876 6640 9852 9296 9663 7561 1588 1120 1257 2593 6915 9370 775 4255 1790 2870 4473 9698 4793 4436 711 3453 1711 5182 8567 7710 1243 993 2789 2236 4115 8326 7768 778 7443 6186 8426 5106 1645 7557 7063 9326 6832 1920 3478 3676 7464 8539 1583 5521 5078 7096 3720 9195 271 7102 3897 8512 3067 7525 884 1165 8945 3626 8314 4383 5580 5388 7372 7998 6295 1786 6245 1105 5008 7039 551 656 590 710 3876 4704 6864 4917 1464 1675 6032 6826 3229 6173 2753 2042 6668 1279 4817 8213 6932 2070 1766 6036 6301 3085 3451 8207 8118 3216 5136 8737 6396 2820 8078 1773 1718 4770 3388 2859 4738 3161 9020 2569 2201 2605 9434 4642 836 9933 4584 7747 7 8973 2594 3161 8453 8744 224 5576 673 7055 4787 9675 4618 3033 7574 6689 5178 8244 65 8738 7929 2956 6197 1743 2524 8134 9447 8653 4888 2964 3031 5988 5997 9299 2596 9841 5072 1061 3101 771 5925 2792 9860 90 3200 2194 6599 661 9661 3988 7993 2426 9468 6146 796 8622 2417 6784 359 603 2235 4877 8240 2382 8724 1908 5440 3411 9861 9794 9961 517 4150 7742 3638 3191 4674 1452 7740 2366 8315 9693 478 7758 4995 49 7258 2437 3869 6886 4292 2433 5811 7479 4020 4210 3170 7944 4486 5878 602 5749 1691 3018 4320 8062 1587 2174 7055 3045 9905 3287 5201 2093 4122 2401 8022 6457 4388 7844 8363 7606 1663 3702 4762 2 4506 7748 292 6236 7827 5821 2655 7111 5371 4718 4914 9925 6832 440 5525 1731 4934 6427
6818 6724 9507 8660 0 2289 7499 9702 4710 8966 643 2057 3232 6212 5944 1996 4879 9119 1405 632 8590 6907 7872 9114 834 6635 7673 6635 5111 1427 4080 3827 5513 511 6525 7712 5413 9828 7255 7589 8605 1560 6587 4281 6156 565 3640 2340 5299 816 3401 3132 6322 2954 213 2520 7052 3498 8724 8984 598 5958 7019 5012 7951 2330 9813 8608 3888 9495 3003 2962 7492 7039 5824 6988 4974 9157 6756 386 2258 4113 9579 7437 2306 1268 6094 8339 3491 5473 1753 2233 9030 505 9945 7352 2049 7887 8567 2688 4983 7722 7860 4328 9849 8144 6461 2858 4906 3433 1346 5892 7836 6540 5972 5437 4329 1885 2991 4705 3823 103 4026 1905 7261 251 3914 647 2394 4555 2731 3242 5107 9754 1027 775 9295 900 1522 4058 8663 1929 6556 530 6721 6966 9697 962 6054 3465 8966 8090 2749 1244 5007 1753 8022 1297 8860 5720 6762 7233 1372 6994 8171 3787 4507 4156 7629 35 403 460 8082 7230 455 6714 4238 3961 8741 7765 3688 3341 9627 4735 1463 4969 4307 9087 7984 6579 6087 2729 6732 3500 1257 6565 7088 5385 6438 6720 3961 8399 512 1421 9386 9572 1569 2580 8550 6248 19 769 4268 7485 851 802 8517 4048 6700 1105 7008 976 3535 9407 8451 7480 4066 1216 6485 4252 5721 9010 2461 1071 4905 9310 2230 7635 8510 5825 394 5320 4629 6331 5979 5975 3262 8004 8775 967 6439 5384 9027 5378 2903 5268 7515 1659 174 9870 3811 7326 2385 9884 3444 6745 6451 3456 8347 2503 7640 4481 8625 2347 7413 7120 390 5432 9258 3400 2524 7696 2978 5929 6043 8671 1447 9620 104 8971 400 1558 303 4227 1465 8308 5477 5326 9749 4431
5810 8807 2591 3432 2289 0 3865 8163 2884 9492 9983 1313 4827 6128 4018 7257 7125 5210 6792 7050 763 4877 8786 3708 1767 8547 1484 8597 7354 1069 5182 8436 1857 6766 1898 8024 6498 7822 6002 4222 5921 5818 5566 7139 1348 2546 7388 8553 8105 3696 1921 7821 3371 8577 7086 7217 2142 8262 8161 8226 7194 8046 2695 6516 9706 4436 6694 6717 5039 8151 6279 8167 4713 3522 1355 7519 821 6010 7938 278 8159 2420 2458 746 8313 3853 1559 4616 2064 2421 3424 5236 7238 4741 9390 296 4736 8767 5646 5575 220 3024 1721 1324 2638 1102 5339 4408 1506 14 9379 9249 8640 3679 8721 2857 3849 9524 4695 1656 454 5781 1571 7373 1114 495 8088 8089 2553 7823 7115 5006 7587 5551 4666 2453 4059 7755 7714 4723 5846 344 5629 3701 7131 7101 2219 4885 3487 9711 406 2072 4910 9771 6818 2915 9604 5689 3870 1339 1527 2180 4333 7698 5026 7990 9191 5999 1388 6565 7199 8728 9097 8647 1035 4837 1477 1861 4718 8017 8178 6259 4583 2290 2925 3279 856 5073 2143 9422 3748 3091 3572 8188 3907 8582 4191 3602 4479 6982 5317 1147 3731 1904 5787 4012 5019 6143 389 9100 1538 6390 7583 915 6843 9168 4587 5904 1360 4124 2250 3218 91 6374 368 4984 3103 8637 7731 5005 2334 3396 7206 5866 7803 300 7887 5443 9223 877 6739 5136 2569 2675 5711 1843 7368 1616 4217 3126 4840 5579 7059 2371 5733 8098 9149 9388 8332 1656 9660 9114 1122 3680 9813 8315 9869 5997 1163 1249 1817 5653 4153 5419 3273 5978 88 2583 4887 9831 6757 5349 1480 6410 8441 9682 3202 5786 6829 7510 3536 8416 5481 2951 4841 1491 4319 2058 5354 7312
2618 8748 186 410 7499 3865 0 7142 7653 3305 3909 493 8300 9147 5176 397 924 8908 7566 1447 2710 109 1344 2502 1058 2992 6507 3629 8950 6468 7876 3053 7432 4797 151 2799 3798 6523 9646 7959 5451 2192 4432 6648 5120 8258 9766 2719 5658 7657 9946 589 7142 9479 7202 9220 4221 9869 8210 4476 1818 5106 636 2325 7790 8725 5309 2450 5662 265 6855 2764 7012 3256 4062 663 1118 2689 1489 4212 4287 452 4211 7613 8407 9273 5471 5239 8460 4181 5866 5510 9102 3355 2732 3562 2353 5910 4345 6803 5616 3368 2694 4165 4723 7520 5913 1280 4375 8463 375 4016 551 7896 7925 4224 4646 6863 7014 7344 8051 994 3023 3709 4847 3719 5278 8399 3183 417 7246 5577 4574 5552 361 7935 2475 9955 3387 2951 4493 4376 1905 7080 8234 8993 6330 6520 4326 9803 997 1317 7273 1358 3778 112 1963 960 9082 8653 3830 3662 1397 1309 3574 2562 8925 3880 2353 7138 763 8731 7483 6980 9351 904 1491 4971 374 2125 8186 7161 8939 8834 4813 5566 6554 2434 351 6967 8614 5863 4414 1888 5225 6467 1831 5780 8185 8590 6123 5920 5821 9194 6258 3722 8860 5310 6680 846 9348 2633 9308 4180 9599 4880 1927 3053 443 6459 1094 1717 4238 3524 6658 4657 7312 2715 4265 5702 3992 745 7308 8711 1264 8569 5973 5042 6083 4750 8155 6881 7741 5761 3825 8214 3806 8884 4305 7045 5239 1547 256 4384 50 163 2859 9228 6440 6624 7610 4638 1924 5003 526 77 514 5382 7773 7251 4400 3061 7672 9711 3504 5853 5404 7902 1072 7397 1182 6730 7840 5796 8539 2779 7004 2947 8671 59 3938 6604 9582 6564 4788 6390 9454 905 5211 2609
3961 7440 3530 9534 9702 8163 7142 0 4262 6414 8519 4453 1030 3290 2487 8367 857 8442 3115 30 2652 3583 5172 4374 6692 3301 7475 6695 3223 9359 2377 8437 8577 420 4158 9628 7252 4952 9766 8037 3854 22 6191 858 8505 6081 1515 3745 799 4054 3912 8712 1302 7700 637 1804 8070 2045 8823 9739 1577 6055 9596 663 4065 3554 6542 3713 4422 4275 6521 3504 2372 6160 2830 5711 191 3159 6977 9700 9668 9070 6154 1358 1660 7624 9629 199 4592 3309 3761 7359 36 4055 7099 823 3506 6806 3885 3459 19 9189 4444 1694 8659 13 6609 1828 1559 3655 497 2135 3118 6926 9682 8569 1756 7099 7476 2776 966 8215 6218 794 7616 6567 4041 8649 2458 1829 9923 7714 5096 673 2892 2555 7578 4098 126 408 4119 12 1076 3321 702 674 9401 8302 5886 7873 8457 8004 9968 9694 2064 1028 4760 7116 845 7623 7953 812 4035 2339 8080 356 947 9236 1328 2513 7540 5075 5107 2561 6758 5437 4117 2892 5007 2652 7230 2154 6241 730 8398 9686 8631 5841 6480 2760 5747 5011 2511 5670 7701 2131 2486 1038 8210 1048 1536 80 5361 838 2013 3463 823 1968 6966 6368 3906 5472 1643 8812 5850 5991 35 5833 8977 3637 676 5248 7921 4657 3866 655 1568 3032 3555 1847 9848 5477 3812 1630 3517 4124 3750 9054 87 2958 1649 1676 9085 8907 6763 9453 2431 1698 1297 6001 7018 9876 9750 5772 619 2590 3517 5527 420 2647 9723 1922 6043 1053 4808 3136 4462 7709 2023 6208 4546 2820 916 3328 8586 5529 6936 5677 5423 6640 6066 7553 6309 6827 2202 2320 5453 4923 709 1350 7295 4912 8566 6536 9333 6882 1976 7874 7689 4447
3793 9970 9234 826 4710 2884 7653 4262 0 3929 8459 2945 6397 1189 738 9745 4830 4323 2031 8924 2407 7161 2634 4736 9876 1138 1483 2719 9798 2493 6982 3753 2575 473 9627 659 8168 9763 6557 6949 5474 9218 9552 8031 826 6372 4713 9398 998 3034 6340 4030 2115 1599 8859 3576 5562 7569 8616 8906 7834 4591 3673 6625 7099 5410 6041 4949 5235 6596 215 2511 6685 8246 4756 8328 2416 9742 137 4061 939 3878 4059 5330 8345 7397 4827 9695 7554 4275 6246 7839 1627 5175 7728 6402 9821 9508 304 4541 2619 8885 3712 7826 8489 2537 7190 4395 9000 8930 2097 4498 5653 7011 6287 8759 2068 1920 2748 531 2942 2028 4165 2044 8245 2888 4528 1615 9413 366 8890 7976 6970 703 1371 3894 1878 2706 4874 9186 9107 6471 3697 1744 8721 5342 7804 1700 9277 5758 4872 810 2640 2511 6173 1985 6782 795 7213 6582 7697 1531 5649 9607 3294 2851 7519 5714 4943 8207 5267 4559 6882 561 518 1244 2983 4997 5298 3915 6521 1325 7273 7246 4539 2875 6777 111 595 1334 7547 5606 8106 2164 6577 4400 3618 5991 1610 6950 6618 6347 8701 8773 6443 4161 724 4531 1871 7697 6212 7231 1578 8385 502 5870 576 8880 7196 9043 6486 6630 4431 4020 9434 1942 6091 1645 6416 7902 9057 6759 1837 9644 6091 51 9607 223 6973 3802 1796 2669 2575 434 9355 1573 1071 8884 9540 8868 8240 7546 5282 5147 2558 7513 567 3840 6490 8043 235 2496 6475 9990 5311 7459 4969 5267 3094 659 1796 4880 5423 8022 6551 1804 4038 2009 4171 2237 2421 9096 674 8210 1529 2877 9012 125 3566 9552 4113 7739 1131 5448 9261 1687 5626 9639 7934 1949
2539 5954 2115 4868 8966 9492 3305 6414 3929 0 1592 1522 8071 1347 2530 4772 4527 1033 8709 8316 2619 374 6780 5966 4334 858 1161 842 3031 4521 6267 1554 5316 2428 2445 7948 6580 916 3253 605 6720 1230 4435 6120 7075 6848 4304 3513 8907 404 6085 7009 8200 7849 4584 2021 875 7506 8491 5639 1344 5618 1350 1929 841 3736 3026 4909 7340 6022 505 322 7223 4804 7857 7427 9985 690 3713 4650 5905 3663 2483 2678 5715 1385 712 7101 974 8803 736 4929 2242 243 1700 4102 8191 5435 3134 8056 2980 7995 5499 5814 681 5263 1279 1780 8382 7234 426 2104 994 4863 6384 3138 4396 2629 2565 2854 5375 1141 9186 1776 9368 2885 4831 2519 5999 8756 8903 641 7319 1526 6726 8436 9041 8129 2697 1274 4620 3761 7575 9554 4249 7952 7608 687 2120 7705 8481 5696 7055 4382 5537 4529 4949 2762 8708 8479 850 8109 3060 1026 5240 716 154 3434 9247 4042 8320 5843 727 5974 8890 8084 1426 7236 7537 2727 4287 9377 6298 3551 7738 1251 2124 7432 6621 9851 1867 6565 7497 9349 338 5087 5007 967 4548 1888 3370 2647 2694 7086 8217 5066 2971 7317 7981 8353 3436 9829 9949 4787 5923 1270 2537 6973 5833 4833 4414 9154 9248 1281 5614 5372 8699 6212 9760 1665 8280 9572 201 714 5801 7833 4105 2779 6598 1187 9759 6936 3952 7338 9710 3399 8106 8192 9884 9940 3175 211 4295 9979 5557 1589 2681 4606 1087 4601 1900 4954 9300 3005 2291 3818 7049 6481 9696 2163 1629 8966 3985 8470 6377 8979 2572 4760 8567 9728 1341 1223 458 4991 5413 7355 9220 5607 6213 1648 298 1703 6090 7398 3580 4285 3316 983 6645 1364
9899 9293 2976 5413 643 9983 3909 8519 8459 1592 0 2335 1230 1936 3976 2420 4493 268 9981 2456 9139 4762 5368 9518 7412 5306 6792 5201 6828 9635 7169 1109 9798 9620 1536 3061 8438 3838 8096 6494 6474 8981 8562 3954 6817 1186 4558 177 1170 7931 4226 9081 2967 8579 290 2180 6947 2815 6518 5383 889 6470 6125 7920 1030 5335 4117 5244 2236 8416 2444 5417 7218 853 7756 8640 5514 1540 8796 1668 6701 4817 7734 3154 4466 5984 6004 4135 8489 4432 5905 4773 8146 2088 155 3110 1371 3593 4273 3553 8476 1893 6473 8241 7996 6041 7892 5826 7265 2953 422 9624 8807 2897 6760 7555 2093 8690 5263 7800 5406 7730 4960 1458 9806 9641 8834 9497 8576 2382 2603 3368 3245 610 1838 1368 4284 7956 9374 7235 9128 5948 8603 9555 9031 9901 819 2641 1447 4235 4293 5750 6043 3492 8717 4132 9297 1689 5691 5479 1029 112 750 574 6700 7131 2998 564 9306 6439 906 9349 2691 9898 5227 578 4275 8064 6281 1595 4781 1890 587 6325 1122 5855 1836 7337 5441 5400 1842 8193 964 3552 8620 3237 1393 8002 1708 6124 9906 9287 6195 4234 2237 3356 5409 9451 5081 7955 739 532 9055 3267 934 4053 6856 1591 193 3486 7660 4886 1421 5558 2224 7696 7896 1108 2976 8334 9034 6378 8337 220 3915 4727 8094 8606 7633 8649 4623 6218 7482 3489 8973 8830 1001 7798 3348 289 5399 6682 5237 4652 4665 3834 9934 4742 3780 48 531 4290 9819 6015 2171 6021 1770 2416 5463 2835 9051 3017 9412 3496 1271 4353 8449 3984 3324 5369 3133 65 7265 3326 9687 8762 7247 8247 3574 9142 7829 9698 9725 9894 6325 3874 159 1668 2544 6266
9322 4306 2018 243 2057 1313 493 4453 2945 1522 2335 0 6395 9637 9278 7375 2684 7583 5849 7091 4683 8282 2876 9633 2351 9403 4766 4047 2546 4139 1605 4819 1113 4540 9427 9688 684 9245 4316 3620 2822 8793 7573 9853 2699 2713 4098 4129 5501 5603 5108 1684 621 1430 2925 8394 9300 6986 2964 4662 4090 2484 6833 1593 2597 4464 5184 5950 4175 8414 8443 4725 8509 1704 9527 8587 1019 7519 7802 3013 1426 4413 8016 9040 1153 5696 1711 35 6677 4557 3140 3833 5151 6345 7236 6891 835 9408 2131 9955 7246 4399 9894 8833 8863 5049 1222 4803 4440 9888 6570 7720 8672 566 1646 9048 1912 1070 2779 7151 254 7156 2149 5829 8016 8995 3708 4440 5377 5802 469 223 5849 2032 3538 3451 6980 3987 9620 1781 2606 7990 6117 6667 9198 9143 6019 1382 290 6787 4559 7593 262 7625 7226 4528 878 5842 8454 4571 4046 5009 3658 4531 256 4106 2736 1539 5411 3804 5999 2859 9970 6878 701 9906 3388 7598 7045 5656 5445 1100 3819 7128 4867 8325 3596 9438 202 2362 2734 4852 9864 4006 8633 7036 8081 4870 7703 509 3760 3015 4304 7612 4383 1894 4435 5849 2647 274 653 3269 298 6822 2413 8037 8829 7255 5076 9739 4660 9077 815 572 114 4627 8536 579 3698 6559 275 5579 6063 7036 9692 7007 6582 3892 8337 2588 8542 9356 9573 8357 8839 5771 9423 6394 4461 6339 3230 5497 8264 9533 3456 8218 8960 830 3057 899 9438 4935 7031 1897 1555 2277 1420 2146 3345 968 4942 7349 5069 371 9479 1363 9233 8458 9155 2119 612 1496 6721 7717 4891 4968 4204 3319 2759 6988 4097 7095 7653 5225 762 8557 4233 187 3975 4618
4093 9373 3303 2983 3232 4827 8300 1030 6397 8071 1230 6395 0 5657 5791 4412 4743 6430 2156 8732 2155 1406 5859 7389 5653 8504 1678 6879 6736 3666 5818 8487 3351 3704 6472 79 2956 8082 8585 4694 8423 4735 983 3030 1333 9654 3970 35 5226 7934 560 6816 18 8181 9711 5200 9010 239 7549 8489 8179 6904 2708 4982 4216 6011 8165 3851 9347 9303 4564 5041 790 8753 1397 9117 7344 6960 2714 6670 9258 8021 8165 9691 544 9662 5903 1780 6366 4948 3923 3178 9976 4133 807 4472 7110 9322 7252 6635 6340 7448 8616 1691 7559 4175 558 7476 286 6781 8634 9325 2101 1447 9962 3365 310 979 9695 6593 9646 9493 8365 809 2314 9884 3452 4319 7800 20 4384 3121 1086 1941 4052 7618 5049 4311 1977 2034 7475 8465 5210 8326 8004 6153 367 3856 2717 8826 5783 5655 77 4346 8567 9796 3176 165 7918 2982 5852 4035 191 7372 6753 7471 7863 7333 4744 359 1916 9445 2436 4999 7870 4510 7930 3303 3096 2189 7665 9018 827 6257 8227 3811 461 3767 7821 885 8161 8234 1611 6977 5584 314 6088 2298 9432 5753 9625 8080 6534 3666 219 3338 1448 10 1851 3017 8168 2299 689 8332 8626 2199 1284 3115 5830 2518 3820 5276 2174 388 7371 5411 6732 5608 8665 4546 5085 1056 5011 5091 9063 3358 4542 8887 2116 3481 597 6503 2515 5578 962 2587 4274 2954 2542 6904 1396 7320 7075 8869 2293 3700 4965 5023 3479 1410 4338 3318 212 6199 5917 7019 6948 5049 4764 9125 1929 5720 66 267 481 6405 6026 8331 5869 4780 3398 1617 913 6632 278 8498 6914 1831 8781 3203 9266 3406 681 7454 6269 8059 822 1809 5902 887
4894 1617 6204 1135 6212 6128 9147 3290 1189 1347 1936 9637 5657 0 2703 9798 1072 5380 3670 3246 1675 3000 5583 5501 2083 1336 2999 4817 8092 5521 5561 178 7548 6483 4336 9124 3715 92 3903 8078 2228 4422 8744 4296 9741 8569 7108 7821 3668 5337 2466 4817 4010 4799 5425 4797 9430 573 448 7999 1253 8958 8007 6518 1874 3345 8097 1807 3471 9353 2016 2726 5731 6963 7589 7900 1268 7117 1394 8513 3933 1749 6810 2906 2279 6213 9035 7633 7536 606 8666 8681 3814 1033 3009 4574 9016 6103 1736 2974 8567 9532 2742 5800 9970 271 6858 9759 5168 8761 4345 8477 2746 8191 4284 1132 6010 2963 829 2629 457 1046 1443 7561 2987 9958 7518 8965 1673 1559 77 9516 3927 2745 1292 6460 4141 4550 3093 6161 7013 4966 9130 6816 376 1591 3637 2817 296 7637 6727 2654 2567 1788 9195 5949 3698 3983 6785 5192 7354 5695 3971 2743 2150 8317 7150 9814 234 1358 3613 9146 6054 2017 322 4403 550 8497 4756 1249 3977 318 214 5743 7547 1606 6286 4671 1461 7837 9170 2852 1589 6240 9886 3912 8448 6819 7322 5669 8117 4328 434 8091 9351 2341 5807 9988 4749 4953 7425 2245 8247 8063 8240 2564 1254 1612 1220 9002 4348 7430 4699 4756 5924 8677 4081 6665 8473 2968 5090 4120 7302 1093 7569 7166 745 7505 6474 9710 2870 2035 3706 209 1172 6693 3527 1298 6295 6533 4020 7591 2322 1679 8738 9634 2520 6620 2584 5304 2934 4819 9546 9848 2844 8082 2357 2139 3383 3988 8282 2131 6044 9772 993 1526 6402 4854 6318 5448 5734 286 8758 8589 5377 9964 4850 1183 6251 3969 3164 8919 4037 3061 9869 816 4163 9786 2154 8926
5602 4839 3880 9529 5944 4018 5176 2487 738 2530 3976 9278 5791 2703 0 2933 7297 6739 7745 266 1828 6275 1145 5039 1189 4646 4246 2468 7010 9859 9153 9923 7227 2315 8414 2943 3917 8868 1506 586 9978 7265 6176 9768 171 3031 1078 4933 5485 1380 5906 5415 2581 383 4814 7658 3828 9311 6841 194 8012 3031 4751 2708 5631 1497 5213 5276 268 2511 1248 7599 8795 5348 7863 4206 2006 5007 6673 45 3424 2118 1280 6406 8731 4673 5737 8191 2472 8292 1845 2074 9268 6257 1296 4514 1606 735 5499 1496 5146 4985 1905 55 7095 5526 4071 8277 4442 4135 8067 368 7862 5422 9922 893 9564 6972 1108 8221 6326 9175 3408 3947 610 3603 3881 4111 739 3175 8215 8919 1756 8411 1555 5535 8937 9902 5434 3705 6277 2774 5233 2753 2616 564 8752 2412 4094 9250 1615 1110 4952 3459 5561 3552 2898 41 9823 1298 3660 2788 4454 4288 9314 1826 9971 9264 4637 4354 3799 8879 371 8291 3324 2314 9662 5646 5547 7872 1209 751 8828 2159 7402 3566 848 8315 7588 710 8642 3646 1098 8443 2507 3448 312 1250 4389 7482 7991 6622 4416 3256 7128 4439 8532 2146 8663 9652 5650 4346 8135 3110 2863 886 126 84 2089 715 8440 3062 6777 4934 3187 5925 5196 2548 7794 728 8872 5439 6900 6252 8650 4638 5323 2204 4436 1037 9055 2222 6994 9533 8352 1872 9444 8553 6067 2138 9119 7427 2155 7761 5784 2171 8359 7249 6222 2816 2567 7879 6731 7660 7395 3050 9696 241 4189 5064 4556 5868 2917 7643 7396 7134 8207 697 6925 2960 6503 6626 4572 1679 9845 6866 8473 2283 2058 3310 750 1842 503 5790 6060 5675 3904 2965 9522 4075
4962 8952 5363 8642 1996 7257 397 8367 9745 4772 2420 7375 4412 9798 2933 0 262 9251 6429 7712 6078 5907 6308 4117 896 5028 231 3547 4628 4380 5968 4268 4223 9440 7819 426 5339 2188 1193 1233 8412 7034 4521 9706 9288 7901 170 3059 9987 3388 76 4776 5526 6966 5321 1254 1425 1616 4133 3820 3687 5565 9802 5874 6918 7630 3923 677 1747 5677 6025 912 9711 2859 354 680 5608 8401 2567 9903 4424 2387 2322 7142 6459 5810 3478 5539 5947 746 2918 2013 5093 5646 8 9702 8709 8922 3220 8417 4494 5145 2728 9967 9468 4978 3374 2864 4225 7399 7038 3766 9830 6710 615 1275 5729 2492 2212 2824 204 1992 3362 2161 4249 58 8777 8942 2267 711 8701 4615 8579 9519 5311 446 7790 4841 1402 8883 4911 8121 3805 5542 3741 316 1998 8607 2046 8918 1596 6097 3334 1403 7669 8154 3013 7630 6045 6168 3885 6957 6437 3463 7122 8196 4903 337 5945 7079 182 2347 2101 2527 1642 5946 8550 9483 8551 447 5036 4011 6190 8047 2736 5701 4612 9656 53 3445 194 3739 499 540 9436 7647 1169 6494 9242 1106 2705 8994 5323 9896 1611 4605 2142 5002 1476 1442 9898 1450 7023 6580 1716 5595 3590 2221 3686 5530 2369 8104 8341 8972 1402 9624 1065 844 2692 8015 4435 1738 281 4360 7766 2010 7357 1574 6933 9661 8647 1007 8939 9349 3940 5064 4709 250 8877 5442 1604 4500 8345 4733 7782 4816 6140 7101 2639 359 9152 5858 1730 1416 6458 9165 1962 9843 4506 178 3037 4919 8425 4410 3144 2324 3317 7335 3591 3612 5945 5955 7018 2382 5298 9820 9634 4620 6020 5749 5376 86 1086 6450 7712 4438 5942 5385 1202 9892
1514 897 7820 522 4879 7125 924 857 4830 4527 4493 2684 4743 1072 7297 262 0 9294 7172 2408 2550 1433 9563 4293 675 6224 592 9204 5223 7661 7824 4963 2676 5925 9014 705 8524 324 2513 2626 9514 8468 4749 2270 323 4662 4777 229 6816 9677 5101 9614 5892 5429 7727 3322 8265 1592 9410 8758 3857 746 6719 109 8135 1507 4089 8327 3252 3040 1033 2938 2037 997 5360 2330 6017 9184 8230 9554 654 3844 7491 1675 8783 6978 92 593 3800 5348 7429 6178 362 9794 384 7789 4371 7988 5788 6384 6667 1706 1661 3169 1383 7686 1510 7474 1483 7958 3800 6019 424 7753 7289 4699 6366 6604 5025 6998 4022 3665 3974 9650 8142 6106 381 3054 101 9727 7635 3504 9945 6077 1754 25 391 2110 251 515 9241 6831 9344 9748 1232 6041 9345 1379 8262 340 6078 9750 176 7416 9718 954 7939 4243 8533 2806 4642 6946 4148 4703 1119 544 8967 9028 2407 6490 1219 2832 5765 4555 6225 9885 2331 2417 2580 5902 6816 551 86 6105 1706 5230 985 8703 3369 388 1600 846 4458 5116 6329 1607 5209 5621 8966 1320 3184 8088 382 9819 487 1592 5883 5800 8732 7572 8812 7894 5133 5568 8251 1988 1278 9677 2016 2282 7931 1709 2501 4972 8744 7806 5016 318 9207 4926 1242 9511 7438 3230 1981 4118 7026 5815 4800 191 3557 9790 6427 7900 5868 8477 701 7911 7445 2276 1187 536 385 1828 7197 2723 4207 9643 3916 851 4493 902 8626 8579 8501 9006 6730 1156 9147 1954 8521 1124 6466 3793 7249 5972 6340 876 1785 9067 4764 8531 61 9611 914 5339 6459 5983 2389 9902 3827 2113 8541 3779 2806 6888 4201 3795 3588 4310
5523 7835 8160 1032 9119 5210 8908 8442 4323 1033 268 7583 6430 5380 6739 9251 9294 0 7381 9483 7717 7699 788 5032 233 2684 167 1161 1481 7527 4083 2593 7925 4345 9836 7085 8958 1597 252 2153 9626 3090 6033 8839 6275 3281 6522 9332 3126 2985 4589 2590 5821 879 8836 8338 6442 5465 2793 8536 3118 8004 9185 2851 9835 7323 5775 7852 1683 6243 4398 6216 9876 3013 6470 5957 6070 7889 4563 2303 5580 1312 3255 9034 5112 6978 6914 2056 8771 4782 5071 347 8657 7730 6696 1319 5352 1198 8441 2781 9499 5853 4077 850 6806 8061 3245 3525 4745 8088 6261 6498 2493 7718 8901 7570 448 8102 276 9941 62 7929 7638 9335 4422 1965 985 7491 6318 5124 258 9892 377 887 935 7491 2451 5303 6195 8212 8088 7539 4179 2124 4751 3790 8499 3679 546 9244 352 9348 2888 6354 3308 1782 3530 9146 7249 7037 1830 6700 1105 1013 2042 9569 3168 5163 1041 7752 9247 874 4720 6778 917 3671 668 6624 1612 179 6755 1140 6762 1376 2461 478 6924 2101 9222 2037 1176 8335 9662 6281 6742 1883 406 29 5268 3086 8086 6497 7047 6765 3005 7329 7772 8425 759 7685 1732 9333 5999 4132 5425 6838 589 8591 1737 5663 8639 6187 3780 7573 8109 4408 4408 6364 8605 8178 7062 9971 2792 9116 8115 6468 3059 4599 1759 5558 4701 335 5258 7735 8812 7860 1346 6982 4066 9242 9151 8282 1615 1374 2709 9293 491 6585 2677 2753 9281 1259 6268 6363 6034 7791 6123 7557 4050 1734 1915 9754 4527 1870 563 2663 7367 650 5 5252 1294 3422 3313 9248 7963 8815 6949 9924 7486 9235 4970 2240 3827 9825 4869 9395 4875 3165 7517 1250
9836 1113 1361 1869 1405 6792 7566 3115 2031 8709 9981 5849 2156 3670 7745 6429 7172 7381 0 5741 6413 4675 1963 7642 3768 5934 1685 0 7619 5752 8489 7603 5955 7334 949 8047 2229 5513 2001 2650 7908 7824 990 6724 3378 3585 497 3306 7424 6655 6759 8260 55 308 3861 962 2479 8520 9842 5759 1122 6052 6232 9674 3929 3621 7362 1432 6886 7486 5551 4801 3363 7965 8859 1873 6907 3120 6866 3771 1728 7404 8223 6040 7586 6544 5870 4527 9731 3682 4801 8210 7204 7758 1576 921 5918 8885 2644 4508 2969 3477 3918 7735 499 3651 8493 8813 1875 8637 8103 5006 2987 2108 4106 6397 4989 9439 4254 7671 7110 7276 332 4818 4604 9315 6057 3285 5544 8638 6475 781 1498 607 9708 2437 1963 2042 6178 6315 2949 4173 4397 4904 3256 4186 2040 9027 2753 3024 3270 4933 8007 2091 97 3939 2182 4633 7105 6654 8855 6501 7223 3578 816 8948 5189 2836 2533 404 8988 1875 5440 1547 1474 9272 1985 5893 3638 8713 658 6038 604 8407 1651 6970 5636 2941 1485 294 8671 777 9027 618 6344 8417 9948 2424 4299 3230 8493 1366 7714 2323 9014 3615 8290 2353 406 6899 4361 4994 7988 3084 3330 219 4550 7273 3146 2326 3927 1613 9649 3896 1992 4994 210 7523 726 4946 3870 321 2797 9593 9844 8388 4004 9829 8004 8482 9733 9144 934 8924 5206 8854 4986 2794 3602 2769 9249 6807 4818 838 9962 1898 6398 8953 8101 4785 6544 6566 4379 5495 7685 7113 2128 6882 3864 2740 2095 5351 3422 873 1817 3063 862 1749 880 8424 9191 1410 7329 2441 3917 3356 4157 9376 1669 8316 4493 8395 4360 7743 7791 8082 6263 7922 3307 2916
3222 1848 7609 6933 632 7050 1447 30 8924 8316 2456 7091 8732 3246 266 7712 2408 9483 5741 0 2261 131 2384 1895 2578 7095 1678 7199 1462 6103 5967 7631 7209 359 5883 6974 9860 5570 7990 7750 9839 6567 5479 5351 2301 8902 591 2142 7507 4520 523 1431 2666 2142 1049 8672 3345 5398 7109 5551 6760 8220 241 4675 4270 6918 2115 6775 920 7771 4127 1328 2654 1937 4613 4143 1827 1266 8338 3120 7193 3060 381 1199 4779 4981 3014 8919 7127 2200 9495 1884 3944 4727 1818 9554 1990 1147 1519 8309 1587 8234 7690 4568 105 1313 6189 3148 8869 2918 4407 1165 2321 775 2915 837 1514 2844 6978 7400 4023 3192 2466 62 7015 6503 6767 7794 468 448 8596 4259 5586 7611 7726 9488 3281 4954 4033 2876 5027 2364 9280 7193 2009 5709 2685 6600 5311 449 4622 8830 5665 4036 8724 7629 2581 819 6498 2738 2762 9386 368 9100 9230 4335 3775 5851 3097 9523 7296 8005 2478 6022 2080 5014 1505 9520 7361 529 4903 7420 289 2267 2034 5004 6250 8460 6575 8848 2389 4138 2673 4107 8499 9210 2391 1102 9979 9245 5566 1130 8113 6156 9439 3172 4591 5009 2755 4624 780 1708 5652 9912 4413 2158 6264 5367 912 7356 2317 5236 750 5261 9340 9598 9466 6940 2707 7165 813 5013 4118 2118 992 7016 518 8497 7762 8510 666 6842 1534 6454 7840 9704 3420 9333 7154 2971 4571 6655 2615 5468 7508 6890 2041 8580 7972 3057 9481 9208 8375 6125 2073 8528 6184 8676 6304 1709 1543 278 7299 3721 363 847 2818 9192 6696 6044 8697 5307 9015 5487 8197 7818 9126 381 5612 9893 2251 1546 8684 9591 3644 3544 9627 2873 9315 9393
2206 6846 9596 4912 8590 763 2710 2652 2407 2619 9139 4683 2155 1675 1828 6078 2550 7717 6413 2261 0 5153 4395 166 8656 5468 5853 3559 6131 6141 9766 6599 1489 8660 2317 2716 1882 4658 9147 6211 1596 8231 3524 4444 989 8976 467 7414 2562 4371 9112 5114 9689 1549 4373 4358 4843 8549 9175 9192 4769 5913 4335 4317 6601 7022 7759 4611 8230 9937 9286 8945 584 3160 5944 8281 3186 1932 3890 7722 900 3072 4271 5806 1117 8710 4728 9252 300 3277 5675 2234 3056 9035 5989 7766 6542 4383 2634 9979 1663 2047 705 6877 8434 2711 297 9655 8361 5785 6366 1059 2414 3170 9117 7857 9991 8042 3011 2978 9588 7109 8519 19 1868 966 287 7868 9714 4504 7971 2500 3067 995 8628 1865 9630 4935 603 1120 8393 6206 9233 7206 2684 71 7339 2163 8433 6562 8588 5033 2486 4329 9197 6354 9207 7000 9356 4047 6377 107 4386 4536 8239 6628 194 2645 3391 9528 5373 9660 7635 9752 5298 7121 4934 730 4259 681 3254 503 8100 9607 7960 5332 9731 3970 4482 9547 2426 7325 1940 9364 5648 7562 2850 455 7016 7319 2841 8019 2587 8142 4500 7125 2821 457 4197 6524 4200 1768 9335 8018 6533 3920 4466 4984 97 5079 935 6151 31 1225 2081 3662 8123 3223 7956 1565 738 5467 1724 9372 3908 7896 7173 4257 3029 3001 2437 9936 914 3799 9436 5325 1389 2710 1185 3866 6576 3139 1927 6416 5514 729 1130 9948 356 5446 7196 9359 7805 1985 2043 6062 3524 4931 5682 8707 8615 2319 5934 695 7573 1122 1201 1555 7705 6369 1520 2827 6321 3532 6342 8463 5585 9073 2854 8194 2480 7821 7545 7781 4324 7675 6176 4200 2563 8128
1366 812 6177 2103 6907 4877 109 3583 7161 374 4762 8282 1406 3000 6275 5907 1433 7699 4675 131 5153 0 5483 1045 5110 9949 5761 694 2781 1716 1172 9534 5586 7743 5222 7968 2598 9030 2395 6665 5434 5013 6559 9471 5179 4975 9794 6768 7319 4944 9658 8361 5441 2540 7381 4559 3360 7821 3025 5842 4051 8626 7345 1507 7036 5730 8198 9707 1984 3056 6959 3652 5860 8952 1276 8771 9768 3797 2213 477 8617 8650 4839 4737 8329 1750 4934 563 6841 2887 9859 73 2262 1729 2129 7943 6075 6298 9231 1895 2252 2410 8090 2259 801 9910 4433 4745 702 792 1214 6683 1162 544 8815 4259 5128 894 9975 8061 5474 3504 7902 972 8305 8704 2500 6595 5805 2619 5774 2653 1854 7562 3675 168 8329 6947 3640 9493 3655 2721 5669 5389 1133 4773 331 8470 4984 942 3241 85 2341 5694 5015 5012 7293 4142 1159 3228 6071 9548 6285 9317 7394 9080 8837 6451 1995 5756 9892 9389 3404 4251 8958 5637 7819 108 6707 7135 8213 5813 4725 2957 9857 8903 8201 7913 1893 7795 3067 5316 8471 5719 65 1028 3772 6832 8180 2983 1819 209 3354 1555 6958 4847 1160 5198 2851 9886 978 1493 6082 247 6659 8064 4854 9862 2285 7536 8528 5114 7545 738 8302 2949 6970 5260 3941 2360 4166 9201 9278 1594 8184 2947 5375 9019 1609 2372 5197 7870 7689 8761 807 8216 1312 2325 6041 9624 9195 1109 7268 6480 3203 7773 9871 7401 2977 1299 4919 401 5291 9462 2950 7589 9115 4388 9658 2753 3692 5582 7114 4540 26 2059 971 9675 6298 7667 2400 390 1123 7478 4726 7947 3970 3739 793 3606 8254 1028 6537 1732 2068 7303 5180 6534 2909 4152
314 1154 9642 3104 7872 8786 1344 5172 2634 6780 5368 2876 5859 5583 1145 6308 9563 788 1963 2384 4395 5483 0 9171 8101 8863 7095 8193 1785 9663 5658 5913 6968 8502 2353 8538 7833 4319 7617 8001 3470 8729 1836 4341 4743 6502 5645 5910 9687 3873 6849 83 2117 6518 2456 7921 5760 1416 5737 5082 7892 891 1089 4455 5894 9375 7716 2863 3407 5888 4911 6979 5653 2140 8222 5058 5707 9138 4944 4089 7292 2374 6659 3689 2643 6083 4090 7233 4561 9936 6793 228 5592 2641 7479 5779 6546 1703 6224 1593 206 746 315 1183 3516 6318 5807 6430 5528 9816 1415 9728 9337 7340 2878 3452 9227 5969 1880 6558 1352 3140 2341 5806 5874 1873 1371 2957 2563 4460 7527 1636 431 2081 7373 7821 3094 6488 5835 5098 6553 5620 7368 7431 7530 8976 8680 1469 2115 4062 1351 8422 6272 8996 1932 9174 2848 2257 5670 1031 9125 4684 9528 551 6353 1099 2144 5471 1264 6377 7561 295 598 1498 7370 9494 1282 3743 1285 9993 5577 6986 7809 8746 3924 6132 9018 669 3420 3516 5769 349 8085 6841 2650 5149 5248 243 5986 8361 2522 639 3626 2053 1605 4973 2071 789 9856 2965 9419 9348 9827 6975 904 3687 449 9852 1316 1860 2662 4312 1153 4810 7042 1851 9624 2826 3155 4913 907 6931 8654 3316 9632 1481 6192 4204 1271 7149 2914 1296 8527 884 8795 8870 6973 9611 1652 2929 5222 4395 1871 9599 7324 5068 8341 5222 1510 8204 3560 2041 1809 6606 684 3659 8735 296 3042 3438 7839 2485 7511 2060 6075 7433 8199 7861 6303 3571 4755 8423 5195 6623 4958 10000 6454 8446 2281 1906 6450 361 7944 8232 9244 4036 5231 8117 4057 1148
537 1185 7542 8924 9114 3708 2502 4374 4736 5966 9518 9633 7389 5501 5039 4117 4293 5032 7642 1895 166 1045 9171 0 2394 2136 655 3649 8218 9570 9175 9204 5540 2401 4131 7444 38 1455 3073 5830 2723 198 7053 2645 2344 4897 9944 7978 3329 4603 181 8737 7537 6454 7476 8780 2021 6274 2379 74 957 885 4000 7573 6638 1732 3180 1018 7852 7243 3651 7786 8395 3355 3791 8096 5996 5345 5764 9163 1929 5684 6000 9313 2629 9379 2859 1201 4787 8113 8669 2703 2216 7386 4756 564 3462 8983 6898 1257 5691 3522 3745 156 7965 6359 4902 2183 8923 2711 7856 5562 1432 758 1193 7290 8817 1113 7057 5866 7162 7461 2206 2853 9171 692 6179 4071 2235 9947 7484 3372 1768 895 4670 7546 8687 4722 1250 9832 1202 1253 7023 6388 7330 709 3948 4504 9471 3627 7278 4194 2769 9539 2536 4865 1377 9225 8970 8952 1927 2475 7462 5659 9199 1491 4987 6097 5154 5500 9502 6585 1882 8168 4366 9344 948 9786 2635 6672 3041 3807 8891 3628 3494 3314 1259 838 7367 3404 44 4153 220 1319 3820 7339 5314 1082 2344 1469 2663 1082 4689 9852 6664 6439 3811 4051 5395 3989 3897 7348 8501 7551 6768 2855 1197 9898 2447 7578 8541 5155 4743 2543 1308 1446 8118 7527 6560 2052 6590 6408 7148 5076 8138 9998 1770 6362 26 9481 6996 4864 7222 4991 276 9996 89 6058 9338 5873 1782 3599 1135 2488 2590 1583 3258 4741 5802 1761 8890 2748 156 1269 3142 9950 3987 9259 3941 6240 7712 6922 2973 3839 4957 7599 7450 3707 6695 1156 9812 8224 9529 4694 1115 8483 3054 4415 9455 7290 5547 5130 1001 5994 3132 6245 6089 2313 6023 7820
7603 5518 2000 8331 834 1767 1058 6692 9876 4334 7412 2351 5653 2083 1189 896 675 233 3768 2578 8656 5110 8101 2394 0 8372 4114 2368 706 8626 8114 4736 6542 3910 4486 4127 3353 3086 9335 7437 3910 5167 4485 812 2557 344 853 1169 8295 3203 3907 9517 6210 6856 1684 4407 9162 8333 5658 3680 41 6867 4647 2329 3645 2595 6399 7606 7279 1163 5297 669 4186 5398 456 1657 8553 1391 8315 9179 9151 679 1267 9033 726 6256 6673 4427 5720 4301 8885 9196 5276 2773 518 996 9748 8146 9751 6331 9949 5964 8061 7079 952 4689 3558 4941 1665 9109 5743 2254 5039 8921 820 1394 909 1931 4738 7445 8383 7937 5031 5935 7562 5665 8094 8525 5259 1528 9051 5372 9206 4435 5981 7953 5662 9090 7376 3769 1971 9072 5963 9953 8085 770 6716 3104 6416 2239 3415 4087 7777 2254 8988 8472 87 3760 7720 526 613 6156 4823 1 554 5462 7338 1184 6143 3791 582 5964 7041 3115 8220 3634 3126 5204 3649 2242 3664 4431 3147 6940 2736 7458 5373 7079 2457 5272 5193 7898 9821 1428 1548 6222 5098 1735 3521 9118 2622 1907 4 6411 6610 3624 5297 11 3339 6992 1257 3639 174 2303 1984 6288 8897 3109 8721 498 8020 8648 802 399 325 128 2250 4603 3266 1538 9007 6725 8012 6531 2438 683 6049 416 4082 229 9153 2595 5156 2308 4992 4127 84 9414 6253 3308 1035 2848 7773 1390 9258 2834 8850 8815 9767 9359 4493 4479 6980 4853 217 4624 1524 4862 699 5735 6775 2508 9943 9954 7849 2712 9568 6373 7198 3936 3207 7420 1072 31 3672 4171 5966 6464 6174 5994 5178 9619 3206 5997 6055 3524 2141 3985 3283 3297
2393 2786 27 2272 6635 8547 2992 3301 1138 858 5306 9403 8504 1336 4646 5028 6224 2684 5934 7095 5468 9949 8863 2136 8372 0 7760 5014 398 3519 7211 6151 1109 833 9941 3524 2920 8388 7293 7835 1328 4448 4131 8811 6832 6251 170 4380 413 3955 955 8506 1559 3066 7320 4230 1830 4114 9911 6045 8869 801 5019 7196 640 8442 5180 2280 4223 7198 2323 4011 7285 6295 1489 4020 1846 4735 645 3944 2452 7575 6606 4226 5350 9695 1751 9441 1626 2004 8301 8417 483 6507 9698 8423 3841 5171 1406 9596 237 8597 2785 4599 9403 84 4188 8859 7246 247 7178 4911 5193 6524 3894 4419 2149 6887 6193 2067 2921 456 6952 3826 2967 1279 9376 8607 6569 8603 5355 3010 2277 4228 4421 8761 9418 3715 6679 7 5852 5832 7882 3563 5875 6068 8904 5518 6516 7115 7482 3979 3113 3782 1997 235 5248 27 3355 2101 9486 5078 3232 7848 5723 2899 8902 5923 8213 3502 42 4976 9847 3442 1891 7220 834 9859 6068 6488 8910 4949 3843 8386 2603 6036 8233 4436 964 9319 488 4325 2464 3857 305 7325 3426 8009 6748 3742 9998 9416 6723 2597 9645 3683 374 6704 772 8235 1290 9337 5507 9996 889 836 4368 2259 5940 7211 1867 7887 6723 8184 1317 9537 9916 1791 7611 2923 405 6342 7564 7575 6762 8198 68 141 4967 2143 777 4743 1415 917 3824 5592 8717 8403 6858 2930 9791 3729 4932 3919 9112 229 150 7332 5733 8188 6316 2972 8072 3387 329 4858 3581 4292 8049 5392 7857 1717 8442 6563 3246 6500 3803 7705 4876 7810 3086 4501 8973 4139 3654 3535 7993 3821 4502 2404 6727 4967 6441 7658 2656 795 7088 3540 9371 5302
1908 2062 53 965 7673 1484 6507 7475 1483 1161 6792 4766 1678 2999 4246 231 592 167 1685 1678 5853 5761 7095 655 4114 7760 0 8452 6541 69 6002 4037 4609 6715 7850 6329 1666 3515 1769 6641 3721 1560 1586 3424 4300 6337 4616 4569 4072 3369 3849 4011 6957 1897 1417 1144 7506 9913 9625 571 9590 5767 1720 2735 9800 8283 3069 2191 6789 5967 6598 9176 4210 442 1134 2440 175 7541 7623 4755 897 2684 5323 9758 8305 721 6213 935 6972 8703 2380 173 5517 7006 1373 1789 6082 8711 282 6674 3554 5539 4172 1675 8782 3031 6566 2801 8855 8539 3063 2137 3881 5208 3836 7406 8899 5067 74 2257 8835 6954 4511 5363 7794 2534 7373 8246 6016 1361 8269 8826 9960 1391 259 227 7881 2295 8868 4493 7244 2019 7928 4717 3649 1012 9981 3269 4325 7474 9863 5421 9453 151 8893 3241 8663 5279 2026 7373 6942 4918 8522 9572 2406 6912 6178 5499 386 3242 2729 7358 8526 2332 8297 6162 3651 3722 2570 7056 9490 7105 2668 5040 953 752 9432 1741 8928 8526 6340 9058 7608 2449 4993 9687 6368 5614 7161 4080 8708 690 9245 6842 4333 8276 8709 3036 8678 8267 615 7375 1091 5663 3195 2726 7548 9267 1878 9853 5258 2591 2101 3401 9935 5087 8697 8908 9319 7363 7752 5783 3263 8032 2557 5972 3366 9200 2744 1187 5948 5261 1255 7043 8041 2847 7716 2498 7065 1684 1893 6396 1949 8947 7392 2816 4073 5475 8758 5900 6584 91 8946 6515 6405 2318 4524 1750 6437 7407 1793 1856 6729 7787 1840 9283 1962 2112 7979 5346 3600 6762 7933 2897 4248 5180 4780 6988 366 5519 5344 7141 367 1867 5257 7931 3432 1162 3987 3977
