300
0 3406 9870 5513 2747 4102 2130 700 9860 5437 9615 8236 1465 4 7239 71 2074 3533 5813 5205 6599 8124 7872 3919 8951 1070 2257 678 8342 3262 5600 4019 7564 4099 2483 8759 4767 9763 2997 1917 4435 9463 6618 6729 5940 8330 6605 6995 5850 3085 3552 3650 840 1544 8072 4164 9833 5674 2370 2656 9056 4008 7732 3302 8540 2542 952 2200 5131 3109 2740 8967 4564 7185 144 6327 8058 4787 4038 8198 5791 865 6712 9969 4126 1285 9489 343 5292 375 7546 5177 3949 7333 8786 3632 8151 4923 4517 2081 4050 4432 1359 3910 8523 122 6758 560 9692 8237 8683 1553 8209 4775 5293 5933 6986 958 4518 419 34 2624 2824 9201 1852 3132 3582 7488 8801 5502 4419 4385 3986 1713 4508 9474 489 4233 9282 1050 5560 4629 4369 5243 8099 2383 8498 1068 2619 3014 7209 1570 864 9838 2937 4028 6238 2588 8886 3198 2564 8105 1987 3572 5895 1337 9116 606 9647 1611 8671 1960 453 5228 4269 8804 8997 7257 2369 1135 5391 4354 6859 3665 4808 6244 1778 6134 9082 4314 8867 1639 1347 8157 4416 3344 5558 5219 7071 6117 2325 4819 5761 6848 1527 4522 6571 338 5215 9939 1003 5247 4519 2980 1889 5095 1386 3417 4470 5225 5584 6906 7824 3545 1560 1092 3871 3649 7847 5909 8057 5665 7473 9523 2219 2861 4015 5691 1359 4431 956 5342 6434 5089 8599 3205 2858 7667 6656 3222 2664 6478 8490 2557 2055 2135 4995 1065 8552 7365 4803 5917 2913 5185 4093 1634 9121 3169 9670 2950 9776 6544 7730 2062 2343 5221 6628 2963 3682 8986 1737 2397 7485 5230 1053 2557 6592 1217 975 7548 2341 5759 1022 2386 7950 5164 8940 2904 5802 60
3406 0 2240 5644 5724 2924 5909 1056 4108 1518 3470 5044 8418 3850 7332 3732 5909 3651 899 371 1488 2824 7361 8128 5722 708 1876 662 6173 889 6302 2627 8901 6927 2926 1505 246 2717 2434 5415 7522 3803 8520 6512 2251 7884 7152 7950 3706 8054 8859 9009 1738 5154 5145 409 8929 2751 3607 8788 9459 5645 7107 9206 8682 1623 8780 8188 3876 3556 6267 8376 1585 9403 9514 1674 1050 5951 6087 9946 8985 9872 1698 7248 9311 1988 2664 2910 3476 5733 2758 4659 6586 5466 2522 5142 1975 5909 6250 7504 132 6143 5675 9784 2624 78 3019 197 7230 2177 3272 840 7730 469 8109 2882 490 2343 8181 2176 1046 4631 920 944 5971 2817 6163 8859 2691 3047 6623 6874 1617 6306 1984 4001 6916 2336 8361 1273 4198 9221 3163 7207 1465 1193 8404 5601 6934 5896 6902 8372 3399 498 7483 7309 500 6720 3773 5697 5111 9749 7079 2264 9144 6797 1485 6257 9246 6145 7081 4409 7748 2122 2721 5142 5572 4602 2903 2225 949 5643 7099 389 3400 2290 5742 5 1867 8694 9741 6289 6855 9580 655 8292 2641 7845 2842 4746 413 1529 8046 2606 7053 7750 8511 8758 640 756 8633 444 8478 6110 4880 1217 7388 7485 2901 2964 449 5430 7235 4468 4680 1423 868 8217 5597 4161 7863 8071 5519 6658 875 5092 6479 9093 3113 5588 6637 3922 1387 5240 3713 8307 7433 9688 491 9666 662 2707 6985 4540 1825 8778 1179 2696 6676 7795 4150 4444 2860 3496 4921 2927 7634 8651 5046 7978 239 4958 7181 5735 299 2161 3058 4598 6723 9341 5823 3672 4080 1515 7834 3752 4704 5413 9833 3274 2728 8525 2723 5958 1911 1285 1419 9924 5485 6775
9870 2240 0 8427 2909 669 5988 7872 4222 7597 5458 5978 2864 2969 9517 7778 476 7418 4851 3471 6674 5456 2621 4931 7711 1911 5034 6706 4423 6634 2976 2406 5931 8666 1363 239 3736 2731 643 2551 7704 2738 339 6045 3654 254 8972 5788 9952 8626 8568 3955 8524 3620 4571 5562 7657 6509 1414 3820 7009 4601 9193 4944 6476 4102 4390 1056 9424 406 4274 9267 817 147 1097 4478 594 3036 6048 4940 587 7524 7138 7550 5693 3180 5212 7558 154 2322 1387 9885 6140 7384 5225 4640 698 8885 5649 8514 3543 9759 6377 2163 6016 9302 6328 5703 9743 2299 2937 310 5805 3742 8760 8356 4385 764 6505 6486 9225 2188 4388 7154 5818 5492 6775 4226 6041 8664 819 9990 2417 6767 3985 2458 5458 8188 1676 7156 5478 4068 430 2509 6588 456 1007 3620 148 238 9094 3807 2921 6381 204 5504 9654 8977 675 2234 7949 1089 336 5596 7262 248 6586 7932 6843 8643 1069 1533 3170 8340 9821 228 7453 8094 8608 5180 6664 5032 4490 4362 2256 6048 3222 2091 2627 3145 6042 9742 6334 8310 5586 2221 332 5002 3005 5563 7478 4716 5214 4432 8440 6134 9368 998 2403 9609 9397 7549 7489 3388 4564 9998 7665 1413 3115 974 2184 126 97 5593 2378 9719 4200 9849 4815 1055 4646 4411 9511 9184 6452 7700 9818 2918 1076 2864 9056 6209 4336 841 4084 194 9959 2248 1113 720 3937 3132 5999 5146 1797 6873 7801 3166 8789 3134 2805 9460 8640 6741 3002 3137 4506 5298 9625 2587 6363 6548 5079 6326 6804 6299 6976 8127 7920 7580 8336 9927 3571 4618 7204 8306 378 3248 9044 1517 521 1559 1680 8833 9132 9726 5904 56 1092 9869
5513 5644 8427 0 7289 1965 9564 2081 9815 5789 4921 9605 9650 8708 1532 9847 4398 5842 6704 9561 6888 9912 9758 1898 4699 1253 3339 5941 5825 5739 6298 1767 7942 6614 5408 7453 7276 1627 5507 3334 48 4447 855 2389 4122 7123 2827 87 2068 5521 1369 2338 588 991 91 1826 4511 1486 1382 757 9975 9991 1355 954 5911 2786 3026 7547 4701 7308 7116 190 9988 1924 9264 2418 7989 1919 4510 286 3242 2320 5665 5442 4375 704 1425 8232 2992 1445 3952 800 3093 1778 4597 2419 8873 5754 5888 5068 7645 5132 741 7733 1389 7489 3771 1402 8597 841 614 5975 6906 4263 3010 5688 2479 666 6760 7501 5492 9072 5613 7924 8295 5773 8288 2058 9235 678 8801 7276 9155 2149 9080 8512 1094 7447 387 505 5145 7909 4336 9967 863 6822 1794 7274 1425 4511 1556 4688 7706 4275 7964 6300 8078 1438 8820 210 3095 6139 5957 4067 4600 8352 6357 3509 8222 30 6561 1175 462 7467 1396 4926 1462 1678 3279 5653 1147 2669 1551 1295 2023 7992 1440 4834 6991 2946 7051 6638 8559 4682 9081 7078 5973 9239 4434 2296 969 1151 9670 9375 2628 584 2809 6452 1302 451 6758 8475 7981 5256 1953 2142 6377 9527 7984 8635 9535 5657 5791 6972 2194 5400 9508 521 4468 1125 2569 330 4181 4626 3051 4907 7217 1166 8458 8342 7418 4425 4999 9719 9214 1126 105 827 6397 1758 707 898 4943 1853 764 315 7696 537 4281 988 7516 869 2853 9554 6650 6454 7174 4608 894 5416 1503 1356 7115 6859 8130 3424 8062 2271 8685 5446 2466 1373 4389 3880 526 9719 9935 2903 4491 7819 2352 4460 7572 9806 4106 1142 6272 4437 2755 1565
2747 5724 2909 7289 0 5322 9031 5201 5483 4175 8234 2683 9087 3539 6060 2168 2940 6974 9012 7914 5091 8138 3562 7066 9078 3376 5861 7916 9824 6810 4012 7215 5498 6547 2296 4501 8957 9107 8878 1484 4181 362 1127 8590 8091 1449 4707 4473 3355 5748 3173 7663 3709 4212 8368 1579 1570 1892 4834 3277 260 5868 151 6806 3746 829 7493 8236 2801 7630 7994 9042 972 7972 9983 6240 956 2936 1911 495 9638 657 1020 1277 7241 7233 2901 1551 5431 6594 7367 2738 2993 5135 1768 2446 8546 9836 3978 1896 8998 866 212 7943 8184 4216 9078 1951 2517 4226 9927 9955 1129 4422 3646 6005 137 7093 4223 6832 4669 1855 5351 7912 1097 250 8682 2778 953 5263 5552 6344 2330 2923 3759 9578 634 187 8001 3506 9596 2983 2894 5795 1719 9005 8375 186 4790 7211 624 5587 6954 3025 5413 5808 5472 3245 8816 1585 27 744 3192 5569 4446 1500 4693 5988 2979 2666 5060 1658 1550 3360 4345 4076 8689 9001 4376 9542 8781 6515 7957 1321 8282 1150 2380 9580 3298 7034 7413 7659 8630 7290 3395 6248 6047 7576 6900 7521 8441 7900 9601 5023 5147 67 5833 5587 3945 1340 4927 7325 4697 1931 7612 3957 7802 4117 8011 46 2147 832 6934 5254 5208 9208 9407 3586 1298 3341 3987 9193 7461 2285 4353 9102 8079 2974 3453 1798 6047 4375 6283 425 3056 7196 150 7670 5786 1363 9831 2087 8169 347 5638 3157 9743 1919 1314 9489 7164 7007 4821 3372 8463 777 1910 129 5252 6977 253 3211 855 2752 6919 9013 5084 2058 6304 5188 248 3456 5790 5418 1616 4041 3644 8907 4949 4272 3820 5186 3632 7141 1085 1632 9975 9616 4499 9839
4102 2924 669 1965 5322 0 7556 3317 8301 261 2607 6918 9401 8258 7377 2606 9824 3400 4816 3729 4233 8224 3738 4082 1802 4811 2068 46 7950 1185 1168 7673 6975 1505 393 4282 3089 1545 939 2274 1327 3439 7402 6946 2995 5514 6254 5572 2955 5471 952 4282 1422 109 1735 4346 760 5589 3333 953 2824 5839 6417 7567 5606 7137 7718 4867 8316 9929 8474 4678 7431 7596 6609 287 4534 8878 7228 8703 2210 5724 2153 670 426 5149 1297 4521 2826 3937 4994 1524 2358 7185 8900 8959 1710 7942 5507 1466 1625 1852 921 7659 2303 9402 1421 1302 1382 3978 7790 7581 1159 1136 1889 116 4874 3875 9372 472 2686 429 8751 7628 1427 2409 4866 9046 7896 4256 5392 4307 5890 7882 6800 1952 5853 9215 757 2692 8532 9159 9388 780 5636 9735 247 6375 2265 4829 2306 7559 922 4668 3998 9652 2780 2374 5766 1286 8312 8745 8516 3482 931 1577 9577 7763 6667 3776 1846 643 7235 6156 4523 1305 7741 7674 6936 3994 5913 1912 7274 6200 3158 1001 5512 6485 4713 4821 4857 5855 5021 1649 7189 2106 2171 7754 5577 9396 1933 2445 1824 1022 4329 9744 3738 7380 6763 1960 580 4877 9526 7805 6998 3052 4199 4351 1752 8187 5613 6743 9369 9147 8071 7279 4681 2001 1687 2750 7887 2687 8907 8038 7896 2812 3246 9776 6154 7558 7255 6270 3537 2652 677 1420 4005 8273 7184 1525 4771 4475 5353 2845 5676 7899 7163 4761 5682 6733 5167 6053 692 9315 8836 9867 7900 8371 7388 6562 5480 8756 4687 6873 152 6086 4382 3592 544 1460 5609 8321 6484 1679 5058 1537 194 7955 7324 7839 969 3075 2878 9394 954 1426 9985 9381 3978 8765
2130 5909 5988 9564 9031 7556 0 4727 1703 644 6935 9508 2802 1636 9712 5332 494 3522 1892 3427 1836 9752 6209 6308 4096 1252 1691 7438 7252 7113 9203 1967 3841 3288 9099 1558 3234 413 5 5853 3963 2832 7307 8531 6872 1531 6284 1405 9448 6640 7451 8992 6082 4780 1985 537 2599 1947 4323 4564 1602 8983 2875 3137 397 441 8723 80 6258 9175 2649 4514 3594 1522 4483 6875 5351 3984 2231 2875 4661 8005 8277 9030 893 5635 8306 3365 8358 9429 602 7887 5469 5641 3229 4734 1774 7235 9510 3739 3731 9483 6337 2974 2229 3614 2371 9403 5209 5621 851 2975 6007 1057 2738 8782 366 2233 9821 3035 8023 2274 2591 5033 1700 4376 6383 6449 7933 3109 9583 9772 9934 7911 3627 5481 5528 33 8159 7224 7761 5333 9835 3561 6310 4244 2630 6272 3484 9972 7059 1475 9343 221 9944 8894 5573 1348 1094 3305 2479 4126 5639 4792 2951 7620 9768 1739 6262 9495 9937 4281 7817 9165 3538 6082 6312 6355 4913 898 2802 2097 9136 5225 5277 9238 411 9190 3847 4729 1763 2206 8795 130 8519 1744 1861 1994 406 8085 5031 8373 2819 970 9617 8363 8825 9849 863 3188 9520 4739 5525 4805 4732 4720 3034 9885 9186 1303 569 4091 1972 8385 9011 7309 7302 2769 8552 5014 7808 9932 1447 6381 411 1378 3640 9027 9510 3218 1067 4786 3501 6103 8157 6645 462 2622 7379 9656 9755 7858 6367 572 9870 5443 9319 3380 2938 1911 8188 8161 8722 7551 7473 9202 883 9334 1181 3169 9122 6297 9752 4103 5363 4765 9507 6245 6050 983 3258 2128 9508 1862 5791 5741 289 4473 9179 1860 6890 3444 5860 4228 9479 8981 1151 8807 4368 2258
700 1056 7872 2081 5201 3317 4727 0 9006 5857 3186 1278 8073 4385 2140 1804 7076 8693 4224 7271 3898 7518 8630 6331 2372 4449 2489 6665 4929 9602 1920 2208 8429 9095 3876 4272 6172 2599 6496 5731 6942 5344 2788 3205 5168 7255 5146 4443 7147 8566 5443 7521 9637 8353 3289 416 6610 6967 2942 4709 1118 7403 1441 9573 6243 5898 1361 5757 6626 7058 3077 4053 6441 7434 8724 5072 5462 1949 9519 9513 4886 8831 996 125 292 5157 2073 9557 7898 7740 4820 9769 7941 1051 1367 5982 2604 5313 4981 394 8395 3063 2069 4077 9591 7061 3287 2056 7914 7959 4638 5674 4844 4220 7333 3546 175 6718 8298 2619 7536 5028 6376 7456 6648 1640 3002 5244 7399 7166 3776 9634 3035 2598 3956 4770 6548 9937 9008 3532 3799 668 7891 1948 9204 6373 3435 7361 3265 1747 7764 9786 6025 8936 3219 1920 8409 2075 1576 9951 979 2995 6905 7250 8532 5398 3332 9217 1708 4252 2955 3410 349 6199 2703 1985 5954 1004 4701 9263 444 9638 114 7537 4768 4019 7981 2718 4929 7027 7372 3353 1764 8592 3008 3988 355 2646 4556 7856 1641 3998 7079 6358 6909 2345 3944 1428 4464 2591 8480 7969 5828 7061 7342 934 6820 6743 3937 1438 6201 6477 8096 4353 5710 1538 4348 4554 5306 5844 1202 3783 8871 868 1730 8651 3718 1372 509 20 6611 7774 6532 1107 1302 6684 5027 9236 6001 9898 8787 4354 2544 8797 5221 9676 2491 5971 4149 2800 3711 1639 185 8737 7035 4702 4814 9471 8956 3658 6988 7933 7690 8751 7114 1638 8322 1839 8522 400 4036 1351 9383 7406 3705 5061 291 8763 3673 4782 700 1941 8342 6051 4460 982 1097 6585 9728 5200
9860 4108 4222 9815 5483 8301 1703 9006 0 2362 6660 6773 199 4874 7598 5188 6140 9037 9750 7540 3675 8369 1764 9902 9838 1694 1969 6712 36 3941 7418 1008 3566 2781 3969 3639 6985 9484 1533 1635 2513 3512 8505 2317 16 955 8600 5381 2668 5466 4756 8612 9641 9463 811 8339 4538 8985 7677 579 7878 8628 3297 7657 4148 9971 8423 9040 4016 2110 1147 7543 6405 6647 6856 6690 3640 9758 1390 2779 9 8162 9375 5380 7992 2542 8599 6484 0 7743 5093 1812 2886 8834 1915 7676 9242 7182 3362 7254 357 7145 3983 3691 6324 46 8337 3891 5267 987 3658 7683 4695 4575 631 7439 9617 6491 1380 4618 4330 4002 126 5382 4130 9608 246 2290 5228 7128 9408 2455 3167 3314 4216 4566 5245 1019 5063 9998 1258 6231 9847 273 469 377 3611 6974 2485 5851 1445 9208 8332 4717 9862 1821 9841 7261 4182 8046 6431 3928 5195 4075 6951 9908 1492 3977 2682 9425 3491 4813 9339 7784 7473 8786 7572 102 5078 1868 2802 1923 1480 7491 4013 4241 7016 9259 3326 8734 4022 8065 1960 1286 5044 5979 231 8103 7763 520 3367 6703 7247 3227 8255 2742 7738 4511 8109 4110 7353 4142 9859 5978 9861 3636 9449 9420 1889 5771 2945 6893 7457 2904 7745 796 5933 3509 7180 4955 4719 2865 1407 1345 9927 715 3956 4872 4551 6029 1218 9811 9093 1360 7080 2469 9912 2499 3909 6686 9081 7635 7738 6004 7265 4545 5249 97 9454 2375 7834 5992 7158 7906 9933 8816 9967 4669 6956 3150 7452 7950 4451 614 8539 6227 3297 4503 4183 4050 544 9247 9696 5185 3734 201 7426 2032 8468 935 5847 6024 7781 9597 2518 8980 5987 4802 5051 3922
5437 1518 7597 5789 4175 261 644 5857 2362 0 2803 1174 6568 4565 5754 7111 53 93 2643 3022 1214 4380 6494 529 9920 3896 2021 2346 6633 9102 7437 8681 7002 9009 3659 6230 4168 4791 1070 5998 1074 1133 9527 8054 9485 5317 9936 2564 747 2363 7340 9615 1888 9701 1097 3738 9618 4898 7877 8546 6931 3706 9145 4758 1457 5815 5407 8075 9446 5779 7797 3475 4149 7923 659 810 7018 7619 2872 6671 1401 2003 9767 1569 9003 2399 3730 856 8640 5342 8354 1338 5364 2675 6905 3056 6879 5154 2068 8123 4398 2702 8068 271 9038 4622 180 5295 1040 1149 5124 1966 569 8572 4848 8038 5850 5244 2259 2095 8710 537 6499 298 3496 5176 5825 1993 4833 3279 2706 4347 1947 7849 454 1015 3837 1522 6923 6087 4825 5954 9296 9169 4202 2826 5632 6921 1646 4321 7942 1375 2628 1725 9726 1062 5044 9452 5302 3104 7612 811 9859 1978 3028 3687 46 903 1166 8761 1365 1922 8057 1438 1745 4504 4886 2112 1644 192 4107 7270 6871 9470 1109 6024 9818 4531 9382 9591 65 8284 9558 4644 423 6685 9540 8079 3032 2650 242 8212 8032 3483 255 1475 5203 3359 2479 5125 8217 4910 1035 3561 1270 1187 9260 4713 6194 4468 3666 6088 7322 1173 4880 4645 7833 9641 5298 7289 3931 2177 1174 7140 6824 3729 6848 3478 2598 8662 5348 1698 4473 1607 6722 4768 5232 2915 7071 2703 9378 4865 3297 3343 9104 436 8403 5423 7679 9768 4911 8868 9117 9302 4071 7228 906 6427 1339 7647 9956 9270 3407 7079 2535 8506 7369 9017 1076 5490 5841 9781 5353 5656 6278 5937 6723 1108 6865 1393 4236 4693 6843 3084 4435 7869 8745 9899 4613 4617
9615 3470 5458 4921 8234 2607 6935 3186 6660 2803 0 7456 4795 8296 9180 9289 9278 5623 7980 353 6289 7361 1742 2472 8382 5846 2266 4908 1703 8217 7727 7870 6937 3891 8278 8436 8621 4386 4163 9971 613 151 8559 455 2320 7388 1126 3296 3438 9120 4298 7119 7648 9459 4318 8969 1032 6476 792 9466 7928 8182 30 2598 4978 1874 6399 213 8951 7580 3196 6212 9379 4076 9830 2447 1103 8870 8979 6705 350 5361 1314 9059 2337 8424 1977 962 4836 8284 6297 9994 7965 6399 5687 219 9855 6548 1992 2649 277 3428 8128 296 459 5643 7410 7568 6001 8666 2965 2772 1859 193 5567 2777 4592 8669 4000 6401 8213 1411 8189 9292 61 3218 241 4377 2929 7088 4739 919 3915 6146 8542 5886 1856 8555 1769 9360 3888 9768 2189 4765 9293 9465 8456 3756 5238 9726 6255 6648 8991 1806 6134 6421 9733 931 6119 5079 7222 847 897 5955 2935 6867 3250 7763 4654 5183 2279 2849 4564 7882 4427 2547 5888 5065 7734 4283 8729 6252 5383 8660 1997 1742 2548 9352 6499 1445 3333 3154 380 6096 8570 2832 9517 5439 580 3142 9598 6836 3558 7895 7831 8054 7020 3657 6541 152 5382 5337 2682 8557 1403 1248 3886 5967 7556 5134 431 7773 4248 9708 628 7633 7986 8886 5765 624 3898 190 9974 4287 3879 3864 7920 3804 1205 66 1790 4781 9708 8851 2893 6113 6500 8618 2543 4899 6664 6086 1918 3170 1958 3792 848 9474 4854 3860 1352 4184 5408 1976 9094 140 4120 9514 8672 5314 1019 822 3507 2733 3456 6647 7782 169 3997 7791 3097 8528 7797 4614 4673 8269 3954 3213 8019 6756 916 9424 8916 4729 5203 9229 4901 3074 3159 9328
8236 5044 5978 9605 2683 6918 9508 1278 6773 1174 7456 0 6840 3334 3428 5028 9041 2363 5713 7479 2500 617 6492 4180 3650 2866 6804 7269 4979 9 4466 3368 3274 252 3608 8497 7064 3484 2800 9068 9258 6065 5924 4928 3276 3552 749 9417 6033 2938 4558 7060 3103 6606 137 1545 4100 5222 9236 8081 5814 5334 1864 2187 1086 4766 3755 2471 5521 6707 5564 9089 8776 5863 5102 5107 8567 3924 8217 8607 7392 4543 5060 9260 4704 6633 3539 953 6976 3942 7078 9514 3248 284 544 5055 2715 9025 7269 24 5297 8889 3890 3802 133 7209 2048 5905 5291 7641 1840 848 4458 8638 9156 8746 6780 797 8733 5924 1162 2568 2504 5384 8818 9656 7003 2449 6612 9419 8949 2994 6741 7878 7928 4385 8126 381 3590 6239 4325 5566 7172 2836 6520 6626 7562 8599 872 4292 5497 5299 7655 1441 7685 9302 6894 8447 6273 1429 284 2247 5554 927 1740 9453 7949 3269 6073 5335 2685 66 384 7875 9185 5041 2238 9979 846 2093 2923 4581 3574 5908 8860 8872 7354 5135 6661 1743 902 606 4153 5280 2227 1528 5248 658 5669 3993 1931 7673 7567 2230 1634 6278 6098 544 201 4587 6958 8237 5250 9200 7281 3075 5919 905 7410 4917 9445 7282 1292 8107 4742 4418 1714 7280 2002 1353 9260 8024 1725 9256 6502 2271 8246 9220 9989 5030 6491 2856 3330 210 5203 1831 9055 951 8588 2585 20 4458 1630 761 7295 5742 1011 8355 6829 5718 6512 6760 4269 6023 9304 6576 7888 9592 5810 1053 8937 853 7344 3066 2033 3165 8509 1884 2376 9259 4783 5817 1928 7692 2109 7558 7415 1664 1112 6321 7489 8837 7188 3288 2352 9673 3559 7741 5309 6106
1465 8418 2864 9650 9087 9401 2802 8073 199 6568 4795 6840 0 9096 79 7561 5635 1143 9219 8369 5370 8523 3353 4243 5314 1538 8230 2730 875 352 7693 6341 9787 4257 9704 9053 4167 400 3189 3224 6264 9035 5307 8665 8542 1524 5159 6092 7817 5705 7731 5682 4794 4542 1479 3203 2344 4986 865 3500 8026 1885 1577 8120 6833 3571 5250 4859 5089 4451 6831 9018 2736 8317 8564 4534 8867 385 9291 3522 1815 2316 5258 9440 7754 9522 8737 7890 2703 7555 2152 5170 3433 7759 9890 2977 5356 7811 2771 223 2716 6154 5661 4435 778 2288 2237 2048 7068 7722 2209 137 9604 5267 6939 7087 7013 3693 4979 9752 6414 1586 5813 1219 8884 6310 4227 7017 4740 7482 2321 6619 6691 2763 8462 3695 1690 6897 917 3842 2989 3759 9045 3751 8660 2787 5754 9425 2275 9952 4794 5391 1130 3754 4919 3245 3759 1152 8078 306 9278 6007 1762 1528 8658 2313 1494 3763 5170 4545 9 7053 2841 3958 4571 7639 5445 9197 2904 3086 2499 7972 3253 7991 4305 9367 2325 3852 8907 7867 2042 7447 74 4922 1576 1515 407 3928 6407 8268 4001 7984 3340 1261 1071 5394 5683 8681 8383 1412 9626 5509 2055 5857 8657 2998 6849 8006 3114 8668 2935 6341 9868 9995 9504 1463 1840 8267 734 3634 1111 2205 1172 7446 2333 5707 4793 3188 9874 1372 2022 6795 7983 4279 5867 4879 6420 398 3753 7780 9347 2047 5799 4817 3612 9541 4158 1398 4805 6739 1860 5627 572 4732 4423 3993 6236 4490 176 233 4179 2834 7012 8768 16 4654 5514 9972 8749 2311 7711 2558 8980 2787 2580 7112 2215 1345 3774 849 6141 2788 4341 2867 5969 3970 7331 1991 4652 4931
4 3850 2969 8708 3539 8258 1636 4385 4874 4565 8296 3334 9096 0 8443 7514 6804 5469 1309 8232 675 8360 8831 8666 5129 3169 2412 5792 3863 5776 1014 2981 6281 1853 4170 7139 3497 9564 5610 4459 8576 592 6855 7893 1277 365 5765 6471 1427 9976 1360 2978 503 5489 4103 4983 5234 8496 4989 9933 1314 3829 3669 4454 5817 4461 3301 9437 7442 7680 5863 6243 5999 4182 6544 9064 9593 2297 1022 3444 7518 6702 4343 4487 8526 3929 1017 8459 937 2514 660 820 3341 7253 2584 3564 4609 3477 1733 7759 5516 3775 8071 8754 9016 4544 6337 1361 4928 5636 8782 4080 2746 518 3973 3032 2696 1270 2475 5580 2990 5871 2179 3899 1535 3041 6560 8855 9234 5659 2536 4772 8294 2215 7848 4905 3148 8205 5569 2779 6618 3057 8628 810 9978 4667 6255 3473 6511 6165 3048 5701 1416 8565 4681 5654 4464 1820 4765 7500 6874 6586 5590 7588 1409 3339 1108 8374 7995 7809 9440 6796 318 5408 3789 7446 9714 5412 3477 2810 4155 5351 9672 6943 8869 847 8282 2939 2545 6972 6253 6575 6253 3227 7303 7493 6563 1288 1253 504 860 569 4551 4076 2834 7553 5549 5359 2574 2381 637 8532 112 1231 9266 1146 7914 6571 9925 1467 7626 2231 8434 9856 2429 2475 4972 5534 9852 5410 7263 5646 8208 1493 9254 3876 3696 3194 48 8418 5249 9536 1700 270 1633 8027 9024 3900 7242 7761 1118 631 5462 3206 3756 6614 5389 6239 9670 1567 7877 3828 8318 8425 6851 3176 9814 8491 2663 400 1145 4567 5863 9191 6259 9812 1072 3586 1046 8653 8425 9550 182 5327 3092 4627 9441 7917 2710 69 2661 8292 5059 887 2709 2776 8784 1265 2320 7320
7239 7332 9517 1532 6060 7377 9712 2140 7598 5754 9180 3428 79 8443 0 8947 1729 6065 5521 6922 5885 3584 4868 5737 9891 5893 6525 5808 92 5454 8225 226 3490 4514 9021 8744 4675 8780 6472 8301 9811 7459 3299 5051 5457 6325 213 4400 8415 5277 7885 2617 2726 3658 3427 9044 6735 7829 634 314 7007 2696 8846 1023 4818 4111 5457 3104 4444 6882 4142 3036 7307 1560 8375 7260 9783 3889 8129 4067 3560 8956 8492 4899 8955 1740 4111 4773 6471 7821 2661 1909 3865 1671 8136 5282 4255 1934 9074 5111 62 6153 5993 9181 2411 2885 8351 6264 3619 5057 9575 5514 9205 2170 1276 5206 4218 8673 2681 3934 3411 2963 6563 9852 3475 9179 8058 1978 1421 5185 8932 2249 8645 3820 6616 2849 6250 75 4602 9274 3697 5663 9397 8008 3717 93 307 3782 1750 4692 7474 409 3727 6634 4001 6363 1952 1544 2742 2643 6186 9553 5569 1034 1684 4408 6190 1405 84 9422 9965 4523 6331 2104 7256 6186 5631 9562 6637 8740 4406 4320 3954 8693 5112 8879 7439 380 6238 5822 9709 6392 6552 5682 7888 3131 9368 248 2204 6100 2737 7033 2005 9457 169 949 8205 5311 6020 5205 328 863 5954 3146 2799 4574 9021 8871 9326 8352 7465 7113 9769 4179 5179 9108 610 5621 9519 2963 587 2160 5001 4222 2860 1131 2193 5791 3042 9609 5976 9450 7273 278 5827 6640 4270 9602 5808 1040 6059 7177 7352 4318 7590 132 361 3494 4554 3490 6858 3569 2147 7725 7590 467 1668 6986 4299 8629 1513 8775 9674 1515 5962 361 4947 9044 1384 4580 8422 8909 1498 1278 8622 9374 7510 2099 5506 4644 2567 9821 339 7702 7331 7893 3152 7653 7322 5844
71 3732 7778 9847 2168 2606 5332 1804 5188 7111 9289 5028 7561 7514 8947 0 6867 3220 5969 190 5788 8120 1607 9314 9627 8357 8823 3033 8382 3050 9201 5206 366 2352 1585 3600 3206 6744 7922 2113 7352 8646 6132 1471 1961 7260 2732 5071 6734 5455 2168 6663 3371 1673 1654 667 269 8603 7966 777 4651 8288 5092 4345 2783 198 3507 2154 7953 1456 8629 9931 2468 3024 2629 4421 6555 1379 706 6830 838 6995 8926 5516 9065 7454 679 2693 8928 245 6405 4390 5830 9255 4911 9411 7837 9058 3652 7462 945 1781 5762 2674 631 2105 2498 7955 2144 5789 5876 3611 8270 4418 2372 9546 62 8521 2863 4918 7512 2262 8070 9971 9981 8050 1904 1162 7653 1505 9840 2328 5965 350 4401 9875 8386 3873 9482 9518 7495 787 5839 6574 5483 1315 6509 8905 2880 4604 3495 4018 6761 5965 1913 75 5954 8756 7410 1551 4713 9957 8656 70 5142 9239 1436 4757 6334 6422 9734 7964 3167 6192 9806 371 4839 441 5120 1965 4678 219 5124 5156 244 9079 9120 7191 9778 9060 2255 4715 206 9876 1328 3609 5696 696 6984 3280 2617 9642 4896 3088 6509 5993 9090 4265 5732 6963 1392 500 3623 2178 7507 907 477 1537 6099 3861 7618 418 3098 9237 6552 8231 715 3503 6493 5839 4403 6181 9587 5578 1574 9546 1322 7271 6118 7524 5888 9896 7986 1960 8549 7679 3635 9201 2430 7389 8727 5290 1391 4089 8606 5631 3375 7916 7555 2389 8595 13 6710 9621 8833 3549 4191 3633 7548 5462 167 5783 5310 3675 2765 2693 1841 4270 9026 1679 8315 8540 6773 47 2540 8507 5133 7910 4393 7050 9463 5883 1970 5615 7410 9027 1741 121 185 1762
2074 5909 476 4398 2940 9824 494 7076 6140 53 9278 9041 5635 6804 1729 6867 0 672 562 2571 2532 3330 8256 2757 7634 4496 7306 5435 8942 6251 1733 4594 2050 5812 5812 305 5407 6853 5445 8978 3466 7526 4957 2201 4188 6908 8626 5062 5321 426 2983 3031 7455 2046 2006 2018 2504 2732 2669 6747 2134 6614 1577 7083 8448 2052 9178 5646 1008 717 8704 9902 4504 4457 4374 2226 8549 7085 9282 8131 5558 7773 7693 3407 3029 38 2240 398 8074 7895 4609 3442 7478 9055 4164 3717 6532 366 7517 1907 6260 6884 3642 4691 1785 3327 6271 2612 7337 8298 5609 4933 4205 811 3740 117 7418 4758 9473 2706 2226 3765 9412 9628 1947 8340 2962 7380 5703 7001 1322 5719 8606 5219 1430 751 8476 8057 1682 4848 3379 9800 527 9810 6097 7873 615 9746 4431 4623 9453 2595 9987 9734 9927 5108 6883 8201 6144 3916 1992 2328 1937 316 5050 2447 738 1185 3734 7251 1212 8983 8064 2952 9979 2291 4217 6118 9346 8980 5401 8730 5406 9210 4987 6956 6193 3840 594 6592 6763 1376 4318 6336 1223 4465 7523 375 3096 5285 2739 6475 181 3236 1044 2752 7287 9309 2015 7515 2001 2453 7630 1314 4653 301 5106 8241 3915 1081 6686 9517 9491 5552 800 3922 1265 7242 5886 9362 6647 8573 2873 7335 4576 2028 4167 7645 8297 4133 5457 9580 5275 2445 6251 8412 4820 6867 8103 8202 3003 3433 5926 202 6610 1798 3100 2448 7219 8442 8561 2386 8572 4954 7505 2320 6886 6492 6027 3617 2912 92 3365 3533 8383 5441 852 2788 6385 2408 6170 1224 2320 1034 6692 8536 7808 7206 6693 6272 6893 7981 167 9217 2748 562 2802 7740 9583 3210
3533 3651 7418 5842 6974 3400 3522 8693 9037 93 5623 2363 1143 5469 6065 3220 672 0 2301 5721 3239 4456 7151 7640 5123 4140 6012 129 7413 3419 2364 1643 9284 292 8747 9138 6959 3278 890 4737 5713 1458 4499 7815 6609 5600 91 571 710 8577 7934 8728 3903 2326 686 4658 8268 8817 7156 4217 2438 3381 7828 4981 3744 4075 7404 9497 68 3805 4996 3474 4775 768 8424 1016 5332 8909 9002 2032 1880 7928 8912 6670 5870 2792 4901 7142 1659 1167 9202 6682 1251 4761 4371 1672 9905 3741 4738 6620 5639 3426 7430 24 7263 8781 4981 3012 5507 6540 659 5773 3320 4982 2079 5744 8219 290 5318 8218 2779 140 5592 7563 96 537 4214 4144 7258 5428 470 7195 288 9456 3363 8996 3941 5338 8672 9957 4971 5759 1170 9877 1675 6730 3254 5175 9960 884 6792 5511 5008 4971 2257 220 7403 3109 5099 7148 3398 3344 1835 8079 276 5008 7311 8099 1679 5703 8077 3901 3406 2245 3287 4078 5238 6777 9593 1828 2594 864 847 6141 8509 7082 1806 1633 6599 3080 7341 6674 4012 8496 6535 3940 9643 8679 5393 5526 9090 3678 5774 47 9572 3850 4336 1961 9213 7263 7809 9421 8885 8804 2609 7554 6600 1260 5701 4639 7544 6219 6938 5741 8556 2299 798 2168 2319 123 5393 5660 7668 6279 1613 9061 8764 8111 68 3277 5464 5250 9019 4744 2036 8895 4484 8098 9491 8708 6132 232 3171 905 7209 1603 4892 7900 4153 4701 4882 4834 1374 8916 5409 3416 4838 2312 5787 6276 6929 9144 8439 7468 5782 6201 8306 2443 107 7048 2905 9040 2704 8830 3649 7936 1378 3446 1174 4633 8422 5714 1804 5625 3862 866 3060 684 2998 6748
5813 899 4851 6704 9012 4816 1892 4224 9750 2643 7980 5713 9219 1309 5521 5969 562 2301 0 790 8801 192 1638 9327 1675 3152 1711 9456 5092 9056 4103 2478 7757 8923 8029 727 3677 8526 1703 4190 7097 1398 9282 1844 6292 9342 5882 5276 822 7113 7991 9427 8824 7194 2664 3933 6604 5915 4526 2860 1092 4326 7333 2890 8504 8140 536 2723 3740 7532 4500 3173 108 4324 3506 1233 7237 1424 3124 4274 4675 8339 6415 4569 7090 2324 9893 8030 6148 9677 5613 7452 3603 6409 7709 3682 3706 9799 8281 9262 926 3998 3191 9525 9386 8488 3624 9873 7552 4197 2445 6568 2603 5573 2946 7567 2282 1528 3542 4604 3797 5421 5239 2715 5688 6838 3894 7665 6503 7975 9299 7816 4472 8272 9695 8990 6869 933 4466 8016 5476 3144 8424 1712 8163 3972 6260 7821 3442 851 3844 7062 8266 3926 5660 257 7291 8005 7934 2265 2382 5036 5872 5295 8845 1015 1187 696 8173 2782 2986 2690 9526 7066 3654 1181 989 1108 2825 7445 8623 6904 4947 3422 6101 6173 556 395 368 3410 6343 9495 9114 4440 8537 5230 6326 5738 5607 8494 1341 6646 1113 7307 2256 8364 3297 2259 296 1447 3281 5537 6508 8127 1650 8434 6711 8161 77 4800 3322 3161 3112 3304 4938 2513 4343 5674 2437 5462 3451 9271 7362 4502 7550 4315 7570 2174 2779 3112 3554 458 8150 7028 9831 8010 4943 6873 9415 7389 6825 6000 825 8853 1515 3325 12 7508 8115 52 1914 369 2740 2229 8635 7192 9950 6339 5759 4536 3746 3195 6912 4576 1911 9511 5398 5055 4486 3090 1713 7462 7466 9680 7871 4806 3494 2978 2244 4859 1980 4946 7446 8835 8256 541 9147 2363 6405 5257
5205 371 3471 9561 7914 3729 3427 7271 7540 3022 353 7479 8369 8232 6922 190 2571 5721 790 0 2584 3872 4389 7625 5720 6260 5938 216 8748 9563 1705 3102 4565 8637 957 8348 1808 8418 5543 7941 1074 4291 2150 7447 9006 159 8794 1460 3498 8049 7121 8213 956 6296 3907 5410 3042 275 9217 1079 2366 543 542 6386 7233 301 3671 9927 1150 1662 9346 9227 6897 1504 4948 7342 6970 3737 9313 8973 1678 7704 1548 4141 2604 5886 1670 5709 5062 5775 143 6039 748 4308 5949 6422 8760 276 5785 4412 4108 4289 3391 1797 4389 8673 751 6063 6625 509 8208 9670 8148 3200 3064 7580 2465 5036 3988 7673 2316 6515 3347 9404 2676 6513 8211 1155 6273 8578 1854 2019 735 565 4001 8951 8130 4789 5557 772 1746 3872 816 2103 4574 4403 8649 7075 5397 4574 7842 3894 6926 4316 6494 8686 657 2919 6687 3869 5023 4738 6482 2971 4957 6646 5342 6334 5747 6111 2425 9989 6407 4220 5780 2 5786 2995 9115 7710 3819 9298 9616 6372 9118 9219 4847 7450 3750 5834 4549 3249 5255 2222 3699 3523 8620 2357 1758 6544 455 8372 2890 2452 2636 1440 2863 4707 7789 4734 1912 5656 2381 2196 4142 7782 5288 617 2619 4687 4291 2885 2919 2748 3902 824 5453 8487 7489 9487 1216 5642 517 1128 3409 7600 8470 7003 5592 5345 3264 2551 6957 2090 9350 5314 8795 8121 1128 4304 7987 1722 642 4524 8203 7892 5952 3626 620 9030 8909 240 4702 9044 1346 5399 1935 4569 9855 1030 959 2937 2096 4079 5764 5434 2082 9193 2183 6592 9184 5750 4451 8949 4742 1198 8887 863 888 6925 9607 9463 6604 5491 9773 2052 2902 5083 2617 6600
6599 1488 6674 6888 5091 4233 1836 3898 3675 1214 6289 2500 5370 675 5885 5788 2532 3239 8801 2584 0 8916 7327 2376 544 8757 3084 7838 3641 9440 9675 9342 8614 8194 6110 2845 1674 6036 7087 8718 4387 5711 2166 4952 7039 9826 8202 3223 4950 5805 2522 462 6749 7425 1620 1301 892 8789 4217 7876 2168 6986 4334 3109 2176 4753 1736 2555 2671 9124 4010 1561 3387 8073 790 5838 2413 7849 4143 4662 2046 1501 2165 6235 2758 790 5950 9918 1068 2293 3523 6811 6543 1454 1481 2668 3359 7395 2852 4123 5326 2487 9137 9116 6894 1324 6336 9909 878 5201 1029 8857 1215 650 9162 3382 2356 1683 8416 498 327 4042 6045 5291 3886 7966 6814 1474 4988 7197 222 4298 7953 8309 7787 8635 7304 4760 2622 3096 1206 7496 6442 7486 8865 2757 6186 2439 264 6076 5685 6771 3015 2580 1652 3322 7559 9922 5335 4853 7096 6564 1006 7581 548 970 3162 4254 4676 5264 1130 8913 9524 8488 2479 717 9899 6399 8850 8761 9685 9566 3535 7860 9569 3553 8975 2317 2053 2646 9955 6218 8129 3394 9008 2507 5348 4760 3929 1135 6223 4095 2173 4651 2307 6848 2968 5105 5434 6288 4036 1594 2454 9200 6661 4691 2702 3748 2461 7984 7515 2256 6526 2578 2765 2037 9582 5980 3349 6025 8588 7342 7292 2019 89 8602 1508 4524 1281 2314 2169 8150 4861 8983 8015 9520 311 4106 4526 9067 8646 5993 2315 1737 758 856 9308 5839 1224 3836 6271 2545 6253 7732 4815 5401 7371 4377 9527 7006 8067 2721 8199 737 5594 8031 8463 4995 450 9450 9195 8960 5902 1200 4969 124 245 3099 3999 5257 6598 249 2765 5668 9587 9190 6940 5361 5179 2533
8124 2824 5456 9912 8138 8224 9752 7518 8369 4380 7361 617 8523 8360 3584 8120 3330 4456 192 3872 8916 0 7296 2471 632 5430 2157 3196 2779 7327 1729 7840 6256 8354 6305 1606 9004 13 3287 9479 6354 5914 4624 7907 147 7203 9510 6967 757 989 8403 1570 5543 2077 6960 9004 2673 3236 4022 1097 9591 4685 7457 3135 9626 1154 9903 783 8766 3701 2921 9372 831 9135 5190 7586 3912 4871 3976 3243 4830 2713 2078 4237 4863 6833 839 1037 9414 5758 1979 517 5751 7616 4296 7111 3540 9721 1575 7579 415 3749 479 8032 5737 8804 4116 5445 6738 1794 9384 6131 7235 4577 3410 2545 2225 657 595 5437 2389 7865 6496 6802 1525 8342 4716 7388 7122 7832 9385 9952 5681 9476 6587 131 4255 1307 2654 4415 3335 7279 3070 8950 6304 5992 2911 889 8719 4536 3898 1972 3241 7347 6110 9444 4807 7114 9490 9094 2111 7706 7205 6995 6848 9290 3421 5639 1374 7826 9772 2676 1605 1001 9307 932 944 5736 2614 5579 969 2581 6845 9800 6434 434 9952 6267 8629 8875 2191 4861 5730 7567 7244 5769 4612 7088 3166 4506 9134 7851 5815 691 5861 9820 1408 8763 9638 4693 9221 1119 2672 2979 6918 6367 2068 1204 8118 3044 7333 7685 4456 596 9588 4283 3271 1471 2123 3687 607 3101 7013 8860 2133 2647 3994 1269 2905 24 1809 5817 8996 1420 2321 9770 819 7407 2177 4546 9847 6983 3722 4178 9770 5067 4654 45 5310 4696 7671 7402 9451 3345 522 1450 8585 2394 5408 3722 4618 3389 6266 1423 6658 3211 757 7765 7484 4064 7131 794 716 757 8184 8623 1039 7371 2280 6806 8812 2804 7286 8615 8902 134 4483 3952 6358 4312
7872 7361 2621 9758 3562 3738 6209 8630 1764 6494 1742 6492 3353 8831 4868 1607 8256 7151 1638 4389 7327 7296 0 1998 2179 1375 6494 7582 974 9292 5023 5896 6964 1191 2904 3412 4208 993 9437 2385 9563 6547 414 8964 6887 4251 1429 3209 7672 7182 2129 3634 4883 7678 7018 4221 8098 6959 3794 9202 4340 5199 5786 6850 5426 1506 7383 1418 9789 7091 2808 5247 9964 4567 6487 6754 7785 7017 3728 900 7062 4954 7953 8853 1653 3259 5216 233 4050 799 3521 1438 7083 2233 2560 197 6663 617 4153 3124 1500 8101 3662 6285 4931 8722 446 3803 5770 4537 9463 1475 4216 5385 9356 4105 8340 8328 8917 111 7241 9794 6522 6678 8693 403 3607 3567 9731 4817 6969 1622 5828 5475 9232 8029 4492 7195 1298 5787 6735 8588 9287 6562 7597 2004 7608 4823 8275 6944 3101 9787 5333 3349 663 638 552 5788 1633 1858 3554 5687 8637 7938 7797 6526 1042 9146 5621 9647 9941 7109 9026 4114 9696 3400 8068 4952 866 3839 5630 6912 6663 773 7965 5599 9986 3509 659 7080 609 8910 4567 2730 6334 9009 6733 7831 2915 4896 7952 9028 2750 3710 4853 8094 7850 9567 7063 562 8235 8707 4073 8844 2879 66 5070 7936 4248 2350 4103 4369 2353 3994 7029 9286 2114 7188 7416 6623 2625 6819 1438 2978 1057 1018 7585 1644 4795 821 9641 3481 4564 8778 357 1781 376 1537 8128 2933 9020 2110 2542 3157 9455 4297 5305 5762 4030 9473 4230 3455 7714 2111 9081 3982 5104 8876 3978 3065 500 3309 575 1231 2149 9374 8603 9921 6062 9549 6442 1178 5154 9797 7727 1938 9729 1366 7986 755 6645 9614 981 5869 5922 842 6216 1689 511 6882
3919 8128 4931 1898 7066 4082 6308 6331 9902 529 2472 4180 4243 8666 5737 9314 2757 7640 9327 7625 2376 2471 1998 0 395 1861 5619 593 7087 6465 2106 7013 2441 1905 8594 9618 5880 7738 1796 4325 5753 4761 2565 472 9442 1222 2940 627 1339 6588 3441 6362 6696 1793 8518 1170 5196 1429 1571 7719 3116 6039 1682 7625 4592 602 3135 8873 2643 4889 2143 2812 6597 8548 5758 3289 5414 5757 2003 3134 7624 858 8496 1018 6429 3693 6047 6915 6322 5492 1847 5529 641 5062 6387 3327 944 7384 8265 1986 6271 6017 4933 7629 7742 2066 3345 859 929 5731 6084 766 9381 8734 1877 5057 5141 6801 9011 7727 9253 1585 1125 9731 9958 3003 9202 1185 401 6868 3536 3867 2810 3736 5909 3339 8522 2831 5869 9317 9983 2733 6044 3480 1114 9604 1488 8859 1009 9262 708 5951 19 557 4442 5554 2494 2499 5352 5407 9031 1877 9006 5980 3712 9187 717 7002 6447 3652 4798 8232 1794 8095 9087 9022 8869 418 8829 8051 4572 705 8688 3194 358 5383 7202 8721 9005 6367 1451 9918 5429 3803 3052 1618 8743 760 4496 6640 8216 315 2707 7923 1641 4634 7127 9273 2522 7895 1028 8141 9916 9459 3041 149 6248 9787 6812 5175 915 548 8655 7683 8145 6187 5222 9244 2496 4514 660 8176 5488 4208 8057 4669 6920 7669 2915 8007 2346 8279 999 460 3578 69 9664 4307 407 5985 7006 7828 1105 292 9669 6982 8793 9774 9533 4317 9448 4198 3978 3011 4199 4680 3320 2978 9639 4167 472 8307 2458 6086 2670 213 7644 8559 8477 6185 9932 8161 8938 4344 7739 717 4172 3220 2295 8362 2402 7707 4579 1461 1543 1126 5887 6539 7566 6499
8951 5722 7711 4699 9078 1802 4096 2372 9838 9920 8382 3650 5314 5129 9891 9627 7634 5123 1675 5720 544 632 2179 395 0 7811 2138 349 6728 3480 3423 387 176 6364 2618 694 9038 4408 9487 6224 8755 4390 5047 8065 9658 5376 5877 928 3063 3232 4219 6363 600 9458 3815 7100 9160 6297 9022 8740 6875 8818 7577 7244 6060 7502 4104 1749 7988 1049 8638 1468 5879 30 6998 6029 2033 9148 5106 5615 9608 919 5341 1096 1130 1698 6581 4602 9740 9536 9457 1042 5265 9380 1005 9624 9182 9181 9937 8713 5930 5212 240 529 958 8868 339 5633 3553 1104 2743 7153 2007 8237 209 9923 9604 1013 8030 3367 2770 3050 8521 5344 3812 4941 3629 8727 9820 6633 1251 9396 1011 5059 7487 6733 5868 641 1770 7369 8694 850 6409 2594 6854 903 8361 2882 9555 5501 9073 4368 2040 6461 2310 2512 348 1470 261 3689 9910 3280 3718 26 9559 939 5826 2768 5395 1129 7348 9304 4618 3111 4159 5931 3439 6217 6196 2230 2634 5444 3973 6994 2993 1509 8778 3260 3540 7969 382 2518 4677 8415 2933 1172 3356 3342 8084 2058 6653 6227 4353 1135 2074 5637 1373 6206 8867 7838 1840 2795 6109 7127 4099 9821 1547 5978 8634 2181 2063 2515 9240 8529 5863 4225 9327 9995 5538 3836 5987 2653 4841 1280 1439 9699 5985 3045 4558 7621 1213 2777 3539 8897 9800 7563 658 8304 2318 4030 1441 3294 3101 8054 7537 2873 7823 6526 3202 5890 412 2237 3286 284 1019 789 4908 3124 1595 3906 1823 9166 5033 3158 6614 946 616 6627 6664 7052 7042 9618 3161 674 4114 3647 6931 6509 2646 6226 7197 8475 257 6906 4155 2959 4794 5238 3939 9220
1070 708 1911 1253 3376 4811 1252 4449 1694 3896 5846 2866 1538 3169 5893 8357 4496 4140 3152 6260 8757 5430 1375 1861 7811 0 8101 460 6592 4149 8088 3740 7614 1966 5082 6159 7917 1188 4508 1369 6104 3895 9125 9110 91 607 2358 4579 8012 2326 5240 7881 6414 3892 238 9932 1654 6436 1927 396 3732 7570 4624 5503 7679 1734 1524 9931 9980 5812 3063 6907 2432 8432 2538 7913 9258 4386 2968 323 8827 7352 8449 7489 4133 7797 9843 7649 5927 8280 8774 3774 1312 5023 698 2246 7470 5859 4757 8525 288 3801 6421 346 9487 694 6280 6967 984 3979 2941 5453 6819 9821 3643 9270 7592 8187 9691 4696 5394 4013 601 5810 89 8765 6361 1535 1532 3033 1350 9708 4351 3805 2499 5231 9571 2594 9471 5389 5188 260 8863 7315 3561 8540 5264 5883 6173 8093 2967 1455 4934 9649 2273 3846 7158 3518 1409 1638 7151 7442 3366 4352 7310 4298 7412 971 6482 8459 3348 2533 8358 599 9183 362 5288 1089 437 4704 6072 7977 91 3489 3484 9033 7844 3694 4116 4935 67 5285 5441 7261 3801 4056 7008 4024 2924 817 7404 641 2185 1542 2973 1198 282 4120 1032 4549 6685 1912 3815 6798 2730 1630 5547 6431 5685 4860 7763 5500 6167 6565 2579 2721 675 1162 8533 8214 545 7505 1873 4248 9171 6810 9875 7607 2473 9812 1884 9829 7070 7766 8863 2189 7449 3568 4994 6354 3431 4675 6715 272 825 5032 1421 6971 8465 9799 4730 8658 1502 8991 2352 9750 2447 1232 3938 8909 6223 3936 2811 6236 6336 2990 8235 4041 8941 3973 9176 9474 5865 7985 9994 5265 511 3452 7533 8264 3936 5414 6184 2021 6660 9944 239 3643 8196 5619
2257 1876 5034 3339 5861 2068 1691 2489 1969 2021 2266 6804 8230 2412 6525 8823 7306 6012 1711 5938 3084 2157 6494 5619 2138 8101 0 8945 1970 5929 4377 8248 2772 8199 3214 6206 3111 9529 3798 7926 7314 5194 1136 7478 7126 5871 8719 8117 5124 292 8148 7446 7269 4876 8247 4304 5719 4099 7266 7111 5146 3712 3863 65 3306 5965 6861 618 6411 337 188 4376 1548 6584 2246 7371 3990 1829 1521 8290 3291 403 2645 3594 2368 5840 6578 591 3799 4527 401 6420 7012 433 5046 2407 1636 1999 3506 6735 5365 8424 3452 8868 1488 4889 838 1405 4550 7715 36 5250 5863 7720 2016 614 3861 3948 2264 358 3887 3513 5977 4640 4130 7978 2651 3999 350 5604 343 3895 1365 9132 281 3993 35 3319 562 6888 2135 3488 2051 7036 3924 631 1779 2155 3271 6797 5350 6078 2421 9261 2213 9585 4773 6870 6453 4514 7794 2818 8123 7455 7187 620 6391 6677 6966 8202 8944 8228 79 4176 3167 5398 4080 4450 9810 995 324 5958 5552 6787 5295 3007 7537 2576 2718 9731 3725 1416 2875 9510 711 9632 7136 1690 957 172 4264 292 125 9371 4933 2181 7224 2240 9938 2021 106 1268 5737 8458 9835 9292 2737 1765 4785 368 4649 5042 4580 7351 9745 5336 2057 6970 3963 5442 1115 5100 5162 9386 5278 9673 4551 8161 6156 115 488 1096 3456 7211 9151 9725 2811 3060 4758 9086 7245 3654 6838 4611 2757 9297 1956 8770 9559 8688 6340 9956 8434 5079 6282 6607 9015 8556 3955 8845 3454 5477 4880 7580 6697 8851 4592 5174 926 9383 8398 6838 6865 5324 426 9067 5655 5663 1010 2791 8153 9828 3969 2278 417 9877 2543 5854 4923 9795
