300
0 6180 6374 2687 2194 5112 8413 1988 7704 9389 3843 6602 5766 1146 3615 5965 6390 2445 7857 3883 7109 454 9917 363 3389 9163 6557 4915 9410 2295 8023 6933 538 1889 1801 3477 858 4401 5887 9016 5904 2004 5413 3263 7641 9603 4831 8570 675 2088 5268 8609 538 5670 8024 2875 4143 6629 1365 1080 9320 5603 219 7492 1811 6515 3263 3263 9987 259 3972 2650 8787 4637 6848 784 4136 3073 9874 6394 7761 8328 6082 5541 2649 1798 7542 3224 1991 2407 9113 5749 9654 9241 9102 1281 9520 4980 6665 2689 9688 2679 1631 3232 6796 8713 1071 1126 4265 398 4304 6710 8773 9866 9602 3497 2675 9983 8257 9798 5798 6758 5945 3431 7146 5303 1057 6399 5332 4048 1482 6105 4758 123 4991 367 3778 4039 907 3874 4875 1434 1766 6815 5339 1794 5693 4445 880 9724 7574 4984 1889 9561 5326 4781 1109 2206 4712 835 144 2861 8544 6434 6179 9340 2548 9717 8058 9216 2748 1846 4569 7790 2307 2083 6672 7387 5274 8923 4811 3720 4581 483 4888 5593 3775 6757 547 7537 3334 3482 8407 5806 4602 9987 4317 6033 2352 7559 6907 6732 8113 135 4926 4557 8905 2802 162 1639 409 7831 9720 9580 8552 3700 3695 7946 141 1731 8568 590 383 9986 1156 8652 8551 3457 7364 2605 2195 9308 7917 4701 4234 8810 1111 8163 7747 1476 9145 2651 1219 7000 9910 7677 7904 3497 2143 2572 7255 7379 5058 9525 7548 1846 9973 6652 8478 5445 5489 8442 5970 2574 4695 7442 1485 5424 793 4916 9381 8416 1082 7075 620 2570 5006 8194 7203 3974 3511 131 4629 6369 6714 6990 6883 7301 4489 8539 7442 8858 3809 6001 7014 3217 7659 545 117 8000
6180 0 356 77 8399 4574 1186 5597 3158 640 9933 811 2052 6054 4590 5609 7147 3447 8936 7986 2847 3830 1569 2723 6697 7717 129 2056 7884 2766 7769 6655 565 376 5012 4009 3585 9627 8360 92 958 34 2298 5107 9799 4480 9175 3245 7363 979 6354 7011 8370 9027 9685 2836 1724 9827 524 4535 1649 1339 3757 4357 8349 2967 3016 3516 836 1364 4101 8408 5820 336 6967 2400 1913 9865 1915 5953 4715 3737 383 11 1565 9343 1642 2993 4923 5031 8329 2515 1389 9540 3063 9616 3347 2410 8822 8042 554 2016 3386 2800 1918 1600 8324 9384 7606 3085 3836 3335 6691 8419 8602 3792 1489 2883 3288 7154 7005 9765 9921 4843 9469 3182 3380 7645 8591 8291 4692 2319 2503 5711 5555 5264 8270 6824 3938 5751 4430 5726 3311 741 8552 2548 9117 5471 3812 4656 6387 2972 5665 5800 8876 6050 8531 1982 2665 7409 8710 4453 8466 8030 3872 1988 7489 9241 8722 6294 9697 4733 9070 7924 7784 8466 8395 4506 4607 3914 2813 2339 3959 9330 9869 744 5405 7191 5423 3612 9016 5868 6948 2366 3478 6215 8885 7826 1746 2053 9725 4477 3868 3351 132 3779 585 3536 6057 8723 9438 7752 9602 4387 2357 7288 5170 6521 7031 5499 3695 4138 9321 6914 5999 671 8647 3820 4202 9221 1274 8804 9996 8520 5075 2904 9467 1240 3257 8631 3470 1234 7641 7549 8034 8139 1534 1123 7875 7743 1570 121 6913 2788 3830 4798 4765 234 9329 3978 910 9063 9790 8557 1580 5396 3311 4404 7300 6366 7994 2072 8585 8244 122 9355 665 1 3382 3248 593 2939 827 3198 5784 1614 2254 1739 8472 4912 4030 4216 5269 1443 4231 8107 9092 8996 459 4623
6374 356 0 2367 847 6593 6939 2707 2215 6466 1152 9270 7955 1640 8032 3190 1023 554 3526 9249 8023 6686 9156 2170 4413 8003 4407 6880 1158 227 9610 7508 6020 2714 5008 5171 9972 9357 5673 9371 2489 5616 9811 1999 3825 6971 9665 2410 3706 7260 2077 3954 5510 2227 1844 6672 4486 6750 319 5063 4042 7909 8089 9303 407 2477 4235 5141 8726 1914 812 6521 8504 1928 3510 1306 9236 8244 6927 626 6519 7222 7722 1658 9318 8358 1558 7382 5847 5961 2029 462 9724 5286 5211 3953 5453 6994 5735 4010 9756 4839 6348 2896 1830 488 214 1100 4393 5295 5096 1810 2171 604 6851 3365 9431 4341 8381 6920 9325 7096 6135 6676 314 104 6385 7351 1940 4823 8760 8807 8490 8563 7528 3789 6872 7373 8601 9075 2366 975 3140 9752 5716 3287 6674 2933 4205 9894 7495 6729 5587 6589 4355 1812 1206 8593 3315 9043 9022 4848 7517 6824 3838 6040 2322 2220 6656 5243 6445 3414 9123 3461 9011 6240 2974 157 1575 79 6365 8585 450 9224 7948 8820 8215 4470 238 8165 4240 8907 4044 8268 3324 75 8054 8362 5144 3415 315 655 8577 1260 5082 4828 9468 295 4873 9637 251 9267 1165 7025 2709 4187 4243 848 9360 1724 4009 8127 2889 4395 635 2540 4696 1899 5985 2944 7562 751 1252 1982 6279 2019 8094 1262 1994 9526 928 8848 1906 634 1861 1838 8464 9289 3823 9648 9429 579 1579 6554 765 6451 24 2675 8416 6826 3261 9871 9800 2657 8188 9127 5631 6859 9783 8978 1450 1268 7908 1632 584 1760 504 9699 1223 6557 5637 2493 1609 567 1341 2738 1792 7433 6186 6853 1350 8777 9504 9243 1620 9933 7406 4131 134 1932
2687 77 2367 0 4176 1672 3870 1956 4432 1625 1448 4968 1379 8665 9884 4091 1206 774 8811 5175 6182 5792 7228 8359 4730 5086 3605 9579 1152 5977 5224 288 878 9721 2530 1227 5201 8061 5072 9690 6284 391 1150 451 807 4324 6263 3617 4425 1573 1515 4177 8990 9169 5099 6460 1026 8511 2539 4198 2396 3019 6406 7677 6937 1686 4438 2359 7471 8293 4634 8917 8195 4550 5187 1668 4768 2511 5027 6002 9644 743 8910 8710 4784 8403 108 6520 7389 9776 5043 5407 6469 7643 8651 4417 7706 9280 4728 1428 1260 8017 8793 7171 6519 5738 7049 2061 1838 3821 7198 2548 7523 517 9016 4727 2911 6027 6968 9773 1386 4051 6476 8799 7440 7357 4897 7473 8588 4332 6170 9708 2663 9405 4878 9723 7903 5438 239 437 5796 930 2761 4226 6333 8950 8503 8731 8434 7868 6122 6616 9554 9921 1652 9769 7886 2047 6730 8535 7228 8893 2208 5925 8418 7487 8230 205 3993 3976 5533 7408 4403 4268 8501 8479 1905 1928 2231 8700 9956 3213 6388 8607 2042 4998 2980 4035 4769 4796 9366 1698 2141 5292 6716 6749 634 4313 521 2962 8127 1 6355 1128 3970 2417 8011 1504 4147 4934 5767 8229 3718 596 444 2320 7046 7484 3017 8191 4799 8642 7445 9708 4585 5121 9462 5719 5093 3190 5795 8666 9273 358 1952 1003 6384 9677 550 9070 3462 2836 1222 3153 231 9358 2987 1189 5401 9250 8535 810 1102 8909 44 6731 1335 6378 75 8615 4897 4939 4235 134 19 1895 944 3392 1686 6209 6859 169 5235 5454 8315 7053 98 7534 2189 6017 4803 5026 7466 5584 2261 4942 4155 554 9177 2682 9298 2708 243 9493 7082 4666 3458 7292 5676 4861
2194 8399 847 4176 0 6113 3469 6617 2437 6258 1082 209 5269 1243 1668 1664 2673 3110 1173 1760 7623 5974 7714 4948 9887 3466 8484 6784 2678 5410 6270 807 6761 5042 3994 1043 8035 5373 5295 9735 6455 1777 7054 6604 279 8269 4284 4932 2266 4683 652 295 3808 8636 6285 3112 4999 8921 5795 7012 6662 8907 1854 9735 5695 9303 9206 5625 4626 8566 9848 3097 3718 1485 4213 4665 8186 8046 4378 5133 1317 8277 5022 113 2813 8794 2188 7808 495 7520 1876 3681 8143 5713 902 7450 5184 277 1160 3072 8087 6885 7930 2603 9868 2277 7399 1304 4823 6653 651 1615 9943 9650 9627 1027 6395 8373 8139 7455 6806 7691 3463 1923 8653 1159 3153 6723 2947 5793 7870 9541 1223 8992 4682 8906 2785 5066 4238 1797 6406 4893 2395 2514 9267 7805 4196 9062 3031 4556 4561 3514 4399 9988 1938 676 966 1426 3928 1241 8267 9390 4655 146 6903 965 159 3023 5022 4506 8119 9838 5290 5361 3382 9668 9337 86 1903 4580 4294 569 142 7752 7756 8001 6330 2413 4245 5849 6614 4004 8242 5266 4669 3379 4831 5703 1041 2416 2596 3263 2937 6849 4602 4405 5081 3478 1013 5172 7280 1224 7371 8962 4207 566 8264 5390 1909 8327 778 6428 8053 2368 482 6950 7276 8120 5831 8007 6310 2156 6905 7623 2984 7465 5287 5165 8926 9574 814 8784 5691 8749 5166 9675 7145 6330 3070 9737 3331 6088 7370 1568 3903 3997 6438 4590 7944 4186 2516 6320 9814 7534 1816 2501 164 7446 8075 9799 6555 1305 5198 1684 8003 2610 4476 7795 4111 8584 4510 1098 2541 9147 4946 5144 6125 5552 7355 6549 8044 620 5255 4842 5912 4829 7322 5344 1365 9807
5112 4574 6593 1672 6113 0 9465 1874 9384 7702 6897 5657 8512 4917 8800 8479 2879 1001 5983 7636 8939 5513 4356 9894 6716 8540 8756 2287 3949 8063 3990 4705 8298 3192 4146 4146 9663 7386 1946 7284 4312 4743 9110 7220 7756 4832 1600 3595 6306 6314 7813 8201 3611 9327 3385 5671 4505 1965 964 8226 9216 4885 2795 809 408 483 5824 6192 3011 2385 4053 8110 3336 2208 1803 3433 2021 3068 2308 1181 7144 6609 7752 6016 8508 2466 4789 2714 773 4397 9506 9358 5320 8506 4061 4974 7647 368 43 5407 9419 2772 6817 2356 8949 2247 6222 1328 1487 3992 6564 2084 467 5830 5479 1290 7911 4233 5574 3809 9467 3458 9239 549 184 5722 6430 4681 1876 6656 3526 7826 469 5733 231 7842 8474 1735 801 8430 9242 245 1998 9662 1585 4621 772 5308 2763 5687 6829 6887 7484 7539 1966 2029 3910 9463 2699 172 312 8729 5445 4483 5787 3938 8524 5910 4491 1127 3497 4698 2259 879 7982 8352 3559 2455 324 3099 6681 7469 8202 7384 9192 9774 9443 6205 5950 8548 4380 3536 1668 4378 7694 6796 4183 2673 342 4162 2511 5234 8769 1462 9125 7198 427 1868 6787 8489 5480 7880 9210 7156 9226 5048 4834 699 3566 5385 6666 2135 825 414 2486 456 5600 7314 7254 6323 2792 9241 6817 8465 7540 6241 6063 9987 9616 6921 7967 901 9028 8050 8703 1009 915 5241 9616 4322 5730 7407 5754 471 4744 765 6184 2665 6526 7404 690 3382 3446 3747 8110 9831 7012 4399 4942 4447 7522 3650 3952 1804 6311 1096 3345 2385 5445 8728 8931 1596 3171 4984 2223 2049 8275 4552 6008 3903 4191 6692 2137 6099 2265 7166 3453 3762 6446 3508
8413 1186 6939 3870 3469 9465 0 4569 2989 2294 9468 3037 6821 6955 1960 708 7314 6495 1557 127 7627 2866 5257 5135 2014 6375 7884 903 7146 8793 2961 3318 9811 7020 1470 2439 4032 2444 1997 9134 2332 6890 5774 1288 2771 6227 5602 2071 2069 370 9636 2462 1050 9449 4916 3248 1980 6538 9210 6324 2105 1158 911 2709 790 2632 1390 4384 9083 640 270 1229 9660 9780 8293 7435 5468 5721 2216 558 9094 7408 9536 6563 824 4883 4795 7369 2459 5544 7051 9760 6828 2644 8093 1757 867 591 4236 2720 6709 6295 7951 3197 3469 6416 1237 6637 7464 6215 4936 6083 6949 7552 8212 3541 8048 2286 4560 1936 3619 2825 1863 5810 412 4900 5290 8350 6191 3062 5703 9337 356 9618 8491 2156 5087 5768 7414 7697 3536 8974 3013 2997 6048 7727 7202 2096 6325 4795 6388 5702 9002 4512 5617 7028 1861 6921 6393 8468 4212 6054 5114 2489 5303 7218 9635 9288 3385 8260 2163 7350 4332 5880 3176 5518 1336 4691 3901 4882 1124 2282 7094 9636 6262 7782 6436 4242 1110 4163 3537 3856 6869 5544 9765 4697 102 6469 6008 5749 7689 2898 3521 6149 39 1958 399 3720 1396 7709 6377 1663 45 9554 5757 420 856 792 7936 7203 3454 6959 3310 8716 3228 442 975 9564 19 8990 6278 3609 7067 6004 6751 6190 7333 1293 55 902 5921 8307 7731 244 3238 5040 5697 5540 230 4874 4168 629 7791 5703 983 5865 8035 3188 8459 1541 3068 6462 8538 8077 1773 2554 9637 2769 5135 4560 1285 9803 4921 2052 5379 3367 4532 9557 1640 4776 4339 8440 4315 8911 2214 6174 1974 4905 9431 251 4376 2630 5426 2751 8747 1126 3257 3168 8798 1850
1988 5597 2707 1956 6617 1874 4569 0 1021 3867 6613 926 4701 1614 6464 1302 8434 771 990 419 7780 3866 332 7024 40 1055 3027 6173 4614 9838 93 7584 4971 2642 1895 4068 9675 5329 3331 4126 2116 7732 9959 4998 8428 7843 895 5458 7131 7880 681 1227 4766 9605 6796 2517 502 5636 6004 4065 8586 651 8608 9189 1132 4825 2024 5977 6176 5606 3613 235 1006 3082 1313 6589 9426 6607 8406 1928 9647 5537 3026 4430 196 5681 664 2268 7468 9934 224 9447 6892 2460 4805 1418 6937 9403 1813 3726 8455 6100 5657 1471 9449 9552 5252 3290 8473 9716 9491 4973 9265 2106 7167 9410 1287 6264 9638 6456 2194 9706 174 517 5739 4534 4164 2782 9842 5883 8475 4122 508 8147 5945 1642 1127 1576 143 9848 2416 4554 586 9899 7456 1349 9597 9687 8979 6799 5829 2279 125 1523 4321 650 9091 6968 9147 9447 7269 6601 7804 1812 4099 9039 7712 9662 1321 8483 9996 3150 5029 9727 8182 0 9724 485 8113 467 5313 5226 1141 7346 5175 5479 1766 1925 5951 3965 2544 2993 7570 1389 1194 7402 3094 7711 7064 7049 7962 2442 8374 704 8796 5853 896 8999 3080 2627 634 5369 4873 8348 7610 1822 7248 2014 9140 6165 3584 6110 4220 7873 2697 3415 8763 2534 7232 4111 7124 708 6016 1273 8010 7492 4788 361 3263 898 7625 269 7256 9709 3728 4453 9364 8605 436 4773 1027 7299 7367 5142 7516 5346 9228 8288 9276 3620 5081 4139 2896 2528 884 1185 5128 5390 5415 2519 8915 964 9529 1828 1804 4861 7357 8004 3003 1010 7920 6918 2409 8568 5365 4141 7707 523 8814 4443 112 4439 2174 6037 8728 1049 3291 9856 3750 8089
7704 3158 2215 4432 2437 9384 2989 1021 0 7324 5180 9844 1185 6798 140 7545 6323 1239 9120 8723 8250 5322 5954 6781 6380 5548 8584 3568 7839 5687 4722 8170 2813 1491 1079 5079 4314 1641 4744 3703 7191 3717 5911 8894 9360 4310 2025 7604 6951 7659 486 9727 3260 5786 2759 190 2331 2295 872 4898 9303 4367 6085 5297 582 6149 8902 265 7698 2282 5399 9820 7738 4426 8950 3824 4681 6350 206 4636 6401 3484 7992 9741 2775 3279 4073 2414 2273 9035 3233 2504 6341 6220 6504 3741 6724 9994 1148 3137 7172 4931 780 7595 1291 9780 7633 4127 85 7917 631 7171 691 2892 8433 9009 2045 4674 2631 3185 6787 1218 7435 4630 5805 9989 6035 5661 4252 3917 475 3572 2316 1139 1401 8215 4291 6874 933 5570 6194 4970 343 9485 8029 5976 1581 2995 9564 5941 4082 1656 5239 4245 5816 2490 6759 4221 4144 2578 9702 6798 9451 262 4605 2360 8543 9495 2676 8901 7698 4375 2685 8305 9330 7696 12 3669 98 9085 9184 9758 4119 5003 165 3274 9180 729 3212 5688 5110 738 8762 4943 7918 1138 2371 7307 9656 1871 3032 7166 3200 8738 7409 6133 39 31 5425 5165 5809 2564 6263 5465 1723 8763 7998 4347 7143 2747 5020 7582 6907 4869 2761 7289 7236 780 2924 9831 2933 4644 8120 5006 8740 1469 3995 9180 6923 5012 8773 8307 8876 6537 8304 2231 4466 7862 2538 7317 5470 8156 3864 7533 5356 2986 9962 8944 4764 1981 6611 6662 6509 2967 435 9439 9968 2690 8822 8197 2527 5699 3216 6338 1368 8091 8600 2699 5574 325 5141 9231 7929 1338 7719 3523 5755 7498 2172 7908 73 7565 3671 2796 7243 2642 5036 6705 3951 2638
9389 640 6466 1625 6258 7702 2294 3867 7324 0 2753 9390 700 7094 254 1008 3540 9260 5192 7565 1000 4713 3329 8655 8282 2505 2504 535 356 9535 2452 4333 7434 2463 7010 9962 5049 1906 8882 4916 835 7404 6164 6653 9539 1668 8409 1218 1403 2664 7088 4853 7957 1850 2250 3632 1380 714 3946 4933 3681 1090 8455 858 2536 7339 4737 3474 504 5809 4940 8329 7457 9869 4623 5803 4670 4082 6685 1140 4811 5273 2372 6142 5419 7134 8423 8995 2763 1510 7891 7559 5049 8419 2927 7190 3269 7954 9493 9898 545 446 423 2069 6284 8960 9080 4119 7192 4624 2187 6509 8520 2702 1134 290 9647 9172 4934 4156 7328 551 2654 2378 9968 9073 1913 1188 3194 5268 8128 3055 3593 7810 8216 8360 3175 2520 6535 6983 5717 4864 7426 5313 1780 7875 4503 4686 8848 1117 5440 2001 7730 6885 2765 2862 7246 1246 8339 2713 7170 7847 7689 9216 4052 2190 2969 2974 8787 544 7842 5243 5359 8071 7076 4778 1501 6056 4018 6369 538 8976 3191 4577 5530 7669 7395 6516 1691 7983 32 757 6601 2840 7681 4438 1482 3489 2924 7570 824 30 9076 8702 4987 7099 1679 8320 1346 2506 2734 5043 8337 428 1676 4514 4146 2499 8072 8119 3774 5566 9107 5431 5373 5899 147 5218 5251 16 8137 4097 5996 4604 6600 7545 2972 9661 26 6897 5363 5142 3336 7551 848 9919 1295 9319 5405 2531 9380 4199 5249 6273 6652 8125 43 7397 9494 7850 1322 4101 724 8425 4311 56 9637 3650 2095 289 8935 5625 9993 46 1233 9417 7496 6958 1007 9291 4412 5455 3448 8620 3567 8027 7655 6997 9024 4631 2441 4808 8235 5595 7737 4284 3021 3093 7101 8589
3843 9933 1152 1448 1082 6897 9468 6613 5180 2753 0 6070 4092 5616 1901 2261 5987 4049 3503 5274 7279 6994 3424 9487 5664 7444 7722 5401 60 8065 3312 4325 1235 1045 6479 2728 4471 7779 8666 3721 2528 6206 2795 4947 7351 5980 4839 4090 5044 9231 4955 3008 9227 6563 6917 7775 4136 6003 9003 5002 7220 9581 8410 1173 2522 5350 9377 8993 4345 5433 7628 1544 8738 5573 8535 5204 1688 6172 4277 8549 9425 1100 6414 5770 8941 4921 7741 8374 5073 9683 9834 7008 8273 1393 420 570 1816 1346 4797 5109 2347 2910 3163 4881 7243 9270 8017 6482 8843 2147 7548 6497 3347 9426 8017 7742 4019 3388 3097 8473 975 8617 5567 5386 751 5522 5597 1925 3535 1490 7952 9123 9895 5231 2213 3489 7115 9311 3073 843 6026 858 3112 4250 2132 3271 7671 6464 2990 2098 7484 4582 2061 2831 918 4078 3638 7123 9528 3390 1302 5558 9734 3773 8136 530 7533 449 2340 5700 2447 4225 1172 1523 4586 677 8977 1698 1965 9098 9426 3486 4429 1701 7269 5145 3820 563 5180 305 1473 9348 9120 2479 1772 2836 680 682 3738 263 2604 9768 8806 5978 2065 4051 5827 8717 1037 5720 5427 2979 1501 1577 9864 6470 2098 4186 6158 1288 3463 4932 6257 504 2966 2303 5714 9464 7944 3703 6591 6231 2460 1290 9956 9388 6056 7766 8272 5067 3550 3263 5847 7226 8115 7746 174 6922 6301 135 5521 9487 7501 6689 3069 4333 3082 2594 5737 9360 5169 3369 6871 939 6187 9922 2554 2557 4418 4825 7924 920 8479 8792 9918 9443 473 3000 8635 4881 4994 2577 811 3219 1869 6312 1722 7637 1204 6405 1259 7895 2049 7923 5016 7134 2958 2408 4121 9035
6602 811 9270 4968 209 5657 3037 926 9844 9390 6070 0 6938 3414 2455 5503 7019 1560 5954 5254 9116 8950 2979 6084 7619 9460 6187 9528 5145 6544 1025 9183 1346 5868 8047 8549 6152 1511 8496 8509 2638 3857 818 9218 9063 1149 7269 5116 5037 2251 5441 6870 2837 3452 1357 2593 7312 8104 1353 6993 3442 1430 9084 900 5896 4344 931 3740 8126 2522 7549 4492 2927 7346 7167 2198 3563 9505 5609 1618 6572 5474 2800 7624 5283 8701 5350 8941 9293 1520 2083 6657 5474 936 4677 9603 8305 1299 6343 6571 1168 6413 9273 6689 5914 6288 534 9071 2272 2477 963 7670 1085 9394 5055 2764 8502 5902 8344 3489 3873 4936 4439 2661 8959 9322 5312 914 3742 8620 9096 3479 1115 3350 2588 245 9950 3190 907 4864 7893 2185 4507 5254 1217 6750 1881 5339 9429 2081 7603 928 147 5176 1842 3351 5335 5018 1121 3959 8183 1138 7223 3181 4644 3401 4951 715 4369 91 3885 7154 9458 2941 4302 4279 7300 7874 2397 6379 9875 4286 1907 5963 3756 9045 3291 6952 6848 5386 5390 2946 690 1459 576 5320 3856 8135 1312 4598 4094 4872 8074 9944 5610 7464 5887 9927 171 1743 4981 463 432 1552 11 8107 6322 1499 5204 322 2598 4140 4231 8573 3695 3073 2406 6781 9070 7412 7949 1644 4748 9660 1120 137 4695 6087 3404 5528 4101 9192 8951 1977 8835 9553 1055 4318 7503 1150 6143 4210 614 5835 7589 3391 6875 7134 5065 1197 3818 2122 9804 2452 1653 9443 5569 8334 6075 9190 8396 3002 6003 9382 971 2183 6652 2336 1119 3380 1395 3301 2365 7187 866 5205 6541 2479 2537 5578 891 8616 100 4773 3627 7786 5477 6145 9976 6425
5766 2052 7955 1379 5269 8512 6821 4701 1185 700 4092 6938 0 8810 3600 3123 6719 105 5383 5680 2067 3082 701 6401 8901 3307 6004 6427 2006 5526 6965 5959 5643 1718 8993 2193 8971 8726 2462 5027 4162 9482 4093 5199 4572 9701 7224 2780 4308 4787 3575 3449 1150 6609 1672 8107 3754 863 4895 5023 8741 7057 7420 377 3733 3210 4187 995 7795 6704 2451 3179 393 5995 5330 6706 1521 3978 3448 4000 1759 6540 5432 1177 2949 4062 9997 3545 7340 938 468 2230 8063 2431 2729 5889 5796 7457 9207 9143 6563 649 5813 9620 4920 4465 4586 4501 8688 8715 6674 8844 3883 8642 7211 5140 469 7890 876 6248 3164 9234 129 5540 9224 8756 15 8703 8447 1715 846 4458 1584 8563 6789 4266 3414 1708 7030 383 518 9129 1725 461 458 2433 5310 7141 3923 8337 2763 588 726 413 361 6643 4816 672 997 7776 914 2038 9014 2641 293 4798 6176 9929 1770 4860 9113 9387 2946 3882 594 5219 4165 720 6692 7786 1799 7955 1969 6905 3994 7656 3062 8429 579 9706 5464 7657 5152 3159 8538 9916 2238 8775 2975 45 1720 6781 4347 6908 2529 5930 6344 4841 6633 5525 4353 8479 2934 13 6870 5659 6681 4376 6765 8670 1921 5479 6258 6927 5104 1228 1675 8135 2441 4537 8901 4751 1405 3396 491 2325 3721 106 6378 7443 804 166 3474 8693 8289 3938 1293 5294 2407 5623 2633 9978 6467 1067 524 9268 6691 9722 1282 949 4787 2207 4812 1932 1812 7796 6893 9386 7475 7749 1707 7404 963 6150 7282 2239 298 3681 1237 3877 6523 3556 3860 8802 3662 6515 945 9607 551 4456 9376 1833 264 6345 410 9288 3631 9701 3546 6510
1146 6054 1640 8665 1243 4917 6955 1614 6798 7094 5616 3414 8810 0 7703 7184 5930 3801 5688 3151 6398 9650 3600 5070 9245 8869 1116 1261 4955 2368 9145 6744 8129 2964 4416 7757 9647 5316 1357 3397 7245 1725 4435 4744 7720 1021 3299 8172 596 4668 5577 2053 2093 4147 8487 4467 1413 7369 422 6167 8195 7375 2993 6669 2613 8708 9085 7559 3091 1186 8574 9509 506 8060 798 217 1044 8569 9911 480 4859 5319 7125 5141 5089 5374 7824 1634 5466 874 3894 321 7533 6961 7662 4629 5121 6420 479 8379 5857 4436 1671 7812 2258 4535 6766 3646 7448 1184 7572 7773 5804 3828 2517 4651 5098 9559 884 5058 7418 5508 5042 2576 4001 9171 122 582 7965 9613 7675 5009 3276 5240 5235 3113 774 1820 5825 2748 902 3565 9642 6342 8468 9493 571 9202 902 690 5583 3599 8056 4550 3622 5546 1993 8972 9719 4860 4769 1859 5065 96 8764 6213 1755 6406 1034 371 7296 283 4120 2112 7635 6502 9833 2158 3594 4495 115 3542 1273 7397 5708 8913 8400 6775 7794 3806 7486 1350 7001 8946 2466 7384 1461 7692 3615 9940 1333 42 1622 4523 3339 3706 9276 3145 3522 6217 7143 4272 8417 6884 499 4253 3426 9486 6798 2625 6696 5441 6326 7502 3521 670 5199 5968 1017 7082 8340 2478 990 4579 6932 4309 5805 5332 7904 5725 2211 3291 58 6825 3785 1669 3626 7551 7032 3013 3291 1179 3664 9438 9589 1114 2164 5233 8306 501 8356 8310 9402 6142 4793 3829 6421 495 4569 5129 5849 4173 6119 7915 6777 606 1472 8451 7575 6627 2842 5539 1828 9849 2572 3881 9390 4967 8952 9956 9083 7881 9409 5987 5314 7693 8067 6200 2351 7245
3615 4590 8032 9884 1668 8800 1960 6464 140 254 1901 2455 3600 7703 0 8473 2808 6140 9816 8218 5985 2495 6373 2197 7039 5913 8486 5126 7345 7867 6101 2876 943 5097 6702 8736 2693 6793 58 8871 6592 9954 3859 7274 3420 5252 2 7332 2707 3672 7618 8346 8508 4690 3620 5741 5449 3532 9518 5577 9048 7387 6141 1322 5940 9113 28 5894 9905 4473 4522 8678 1533 9943 6482 3457 4621 9890 2279 6995 82 4707 5090 6045 2656 1495 3442 8715 9568 5948 7886 5719 4544 9201 5307 9122 9537 9857 2091 8967 2185 2530 776 3336 9205 7448 7468 9860 4368 2640 5305 2536 2964 8748 6126 5308 9956 5703 1554 4074 9744 6277 1785 7404 774 1061 1255 6388 7653 6041 7852 5971 2349 329 9708 5917 398 3453 9873 8197 2211 6052 7985 1456 5231 5987 9638 1631 9743 2934 23 6760 628 1290 4765 9582 7362 7133 6140 2512 7160 5680 6494 3477 5219 2650 2382 5993 8142 2703 4756 8548 8782 2850 4454 8842 6401 466 3564 8128 646 4860 25 3097 3012 8080 1899 8749 783 8494 8519 3822 7935 4700 8093 5542 4179 7757 3956 8900 3176 1490 4068 7572 1764 7101 8210 9890 4598 6226 5798 240 140 131 170 4024 3182 5016 542 7390 4824 941 4033 5362 1251 4627 6913 7242 8829 8692 9469 521 1087 3155 6748 7622 6199 4317 5691 6918 7903 5 2667 6933 1413 8743 5833 7514 7600 5897 6330 3245 7882 3529 8787 5558 8418 5385 1366 8817 4690 2384 3874 8582 5277 5713 3234 8869 4024 3143 3538 1694 7275 4359 1027 9152 3788 3718 3839 669 2666 2533 3367 1850 7613 3406 3490 7809 3633 3450 2705 2675 4472 6487 800 4816 8624 3107 9806 4983
5965 5609 3190 4091 1664 8479 708 1302 7545 1008 2261 5503 3123 7184 8473 0 9630 3801 2446 7632 2322 1412 7392 3888 5911 8416 7138 1126 8086 3511 5101 8413 7513 4712 6402 5457 1060 4243 926 9618 2434 3153 8788 7613 7542 3756 8349 6158 6484 4500 528 518 5716 7320 9177 8124 4454 4295 90 7112 5158 4623 4989 4321 3608 9057 2189 2829 9855 4984 6655 7182 7362 3143 4747 9195 4493 1732 3801 9864 5123 2223 6377 6899 5991 1033 9604 4540 5939 1872 5896 725 2122 2857 7342 7700 7693 4496 7734 3400 3627 7225 8918 2019 4060 8095 4626 3897 503 8227 626 3841 5643 8962 7589 758 8372 9357 2209 5474 3748 2538 1802 6384 8105 962 837 4390 1857 5494 2335 2456 9769 7142 4377 477 9115 2326 9373 7730 7292 6447 1559 8870 4418 3627 63 2343 2276 6653 2024 103 8419 1303 607 8546 650 8281 4645 2877 5926 7097 7179 5765 3149 3345 6427 6647 435 1204 5760 9649 3502 9159 5062 2568 9676 9539 1605 1530 7752 4981 9604 6624 9312 4593 3314 7299 6913 9529 6194 4964 7212 2370 3939 6934 3361 5904 7104 5220 5376 4198 9816 8864 5324 4917 4744 5610 8835 6252 6002 8330 2104 4966 7016 9275 383 2562 4318 4135 2674 5634 8453 165 2729 3320 8242 8778 8391 1726 3961 8376 476 7773 9364 5453 2017 5707 7429 226 785 7858 681 4321 1121 5069 6582 9107 2338 2737 2021 3960 8401 4320 5797 2244 9124 5106 8448 3109 3912 1785 1855 91 3972 2565 5848 7682 1882 7445 4672 6972 8385 3485 9315 4096 4684 4977 6368 1302 2824 9530 4964 4989 446 3390 2729 7 3115 2423 4391 5712 1376 1909 2524 4412 3881 7694 8705 6833
6390 7147 1023 1206 2673 2879 7314 8434 6323 3540 5987 7019 6719 5930 2808 9630 0 4815 1427 4513 6120 218 552 4345 540 9856 7715 5077 1463 4846 1394 747 7152 2410 8518 2121 9865 3715 5101 9351 1961 2558 9820 2713 6990 2355 6 2651 3582 5687 4744 6669 6359 690 5571 3352 3877 8930 3874 6790 2934 4320 8695 258 8477 4631 7797 2106 1077 7158 3710 6606 5444 5028 4651 396 3165 4565 8314 9128 9549 4819 9685 3698 7688 2874 3245 6330 9997 9530 7869 5684 9213 3165 1892 7728 8084 5688 5427 5689 1525 5053 8348 2070 5064 1256 8225 7697 9342 472 4763 3314 7198 2245 3393 6416 546 6288 2712 3159 6752 3693 9938 2443 7046 5938 3180 635 9391 9721 6135 1514 1186 2659 152 5809 2891 2356 5640 1827 5949 1572 995 1686 8562 2001 5223 9536 3741 1535 5925 6593 2913 7334 8702 6975 7545 4531 4983 4632 1864 2378 5900 5649 5700 7512 9936 3031 9205 133 1149 976 986 9057 1678 2666 3376 8514 6427 8896 9584 1738 985 4699 3664 294 7571 7607 4093 9723 3855 3861 6765 1580 9131 5587 2067 424 1858 1597 9587 5158 8439 2542 2786 5640 4711 1945 8612 3171 732 7045 3993 6853 3948 45 7104 1780 9178 437 8423 936 9277 6372 5049 1353 422 1304 6113 8219 4700 7623 5278 5224 3561 9475 2416 9875 4030 6713 5856 9618 3496 8649 397 6961 8004 2493 5497 4948 5795 3374 5990 2989 4936 3134 5270 47 980 9470 6264 5719 3309 9744 6941 6920 7783 8990 9349 1604 5409 2853 7679 99 3670 7972 4016 3701 1232 1957 5161 6149 3040 7474 208 3410 8727 6126 1716 2849 4810 7212 5404 370 5821 7141 145 7501 3588 4266
2445 3447 554 774 3110 1001 6495 771 1239 9260 4049 1560 105 3801 6140 3801 4815 0 7147 6929 8475 8633 4178 6046 8435 6661 8228 6534 7648 3110 4422 3443 8483 6963 585 682 1152 5389 3843 8278 6443 3240 4857 5418 2512 1944 7394 9458 385 8437 4938 3968 689 3820 3842 5083 1832 85 7025 3958 932 6237 6905 7262 9287 7829 7829 7266 3255 1140 639 7328 8051 5470 1898 6231 2521 8163 3279 6138 7002 5060 3973 7499 8365 5395 9555 8923 1052 8177 1343 6539 7967 7975 334 196 2407 5003 8693 2722 9366 9024 5382 2757 8596 5932 580 5137 4119 5218 9425 7074 1471 7430 2512 1515 5885 7545 4150 8503 3377 9673 4270 1512 6646 5952 3523 8484 995 6787 742 4143 5956 6307 1833 9004 5716 7711 76 3930 3942 7437 7075 1515 9006 2644 5153 7628 3387 8042 688 196 3203 9141 9284 9001 6454 6209 8892 8650 6966 2300 9635 1878 5111 1651 6756 3469 6377 3343 8073 9397 5351 3503 6789 756 3845 9624 4231 5096 7875 2889 3485 9088 5168 1026 3525 2127 2875 7240 276 4184 2293 3224 4509 9039 5263 8823 8462 564 4741 6111 3649 56 3389 998 5937 1043 7130 751 3711 2821 2218 9696 820 5932 6484 5402 1620 3787 8859 2903 8360 7154 309 6361 2643 4689 9313 1540 2584 6545 736 9573 4681 2224 3999 6886 1320 4951 9623 1652 2034 9106 415 141 4297 1188 2485 5432 1065 2942 1893 2496 4621 9927 6947 3985 6149 7176 7744 5942 7281 8988 6799 1226 9908 1698 5650 3774 2910 8650 2275 1741 6436 5972 5137 6129 7495 5854 9820 5738 8339 1233 1962 6356 7903 2653 4877 6577 4332 3709 3247 4482 4607 5192 4797 8186 7683 2419
7857 8936 3526 8811 1173 5983 1557 990 9120 5192 3503 5954 5383 5688 9816 2446 1427 7147 0 2001 7917 1958 402 4399 2190 5309 5327 8167 98 7734 4210 1553 2005 813 4663 6871 7333 6374 5430 5846 7540 9981 9600 1784 3975 6008 3524 8476 4529 6419 5378 4101 4792 6774 3204 4407 2799 2450 3963 2406 155 3561 4519 2595 2797 182 1367 2683 2131 9516 9293 9488 1239 5107 1217 3272 226 6058 201 4478 6937 1523 9640 5778 2587 1898 7895 3384 9055 9590 7789 5708 1566 2322 7187 8762 6038 9432 1627 5764 258 5955 3338 6370 9886 9289 9454 2913 5147 1686 3129 7405 3955 7404 1871 2640 2269 5226 4571 6162 4727 6405 7733 5927 7509 912 2694 538 4563 4939 8045 8873 4926 3612 7220 4497 8779 2601 831 2399 8776 2139 1011 8397 5628 7367 8515 4145 2082 939 6470 7511 7168 5249 6512 5863 3437 8538 4657 6643 4688 1648 8917 6073 6399 3397 1326 8249 5876 1087 3718 940 877 8478 8797 1785 6825 9921 8279 532 7000 9707 6824 9287 9579 9768 4419 3805 5365 8725 8613 2805 5184 5280 4511 9996 1870 8025 2313 3836 1255 7117 4980 4105 7151 7404 3484 139 8989 1471 9753 47 3804 6229 2508 9086 2558 7175 1258 3544 8460 4374 130 8374 1855 2137 4941 8646 7353 4053 9513 6273 4896 5666 7927 3493 4963 6814 2938 272 6106 9455 4268 3960 1566 610 5494 6064 8478 9381 6647 8339 6370 6294 8903 6687 4905 5744 4503 8639 9945 7228 15 9988 1251 6028 1516 4708 2425 2073 4318 140 5338 2307 3123 3975 3171 3162 7899 7537 4583 4654 6605 1835 7620 1 5643 4597 8939 9022 8691 5620 9103 6304 365 5374 4012 6950 2934 7948
3883 7986 9249 5175 1760 7636 127 419 8723 7565 5274 5254 5680 3151 8218 7632 4513 6929 2001 0 4640 3932 2567 3825 837 5149 8846 1298 2938 6037 7707 384 2439 6885 5599 7808 2028 7771 585 4001 9518 6127 159 4623 5589 6809 3415 3394 872 7573 1362 6793 2799 4558 8826 3599 4428 8525 2832 5070 3876 2251 7808 1515 2442 9386 5060 6266 4963 1222 1606 8490 8045 5892 259 1221 3119 817 6497 8096 9761 8126 8805 7340 5500 1363 1515 210 4753 535 2172 5201 2052 1672 3963 1270 660 6210 4048 8901 639 4431 7324 8214 4274 4538 5592 4416 373 9634 4068 3084 7915 5218 4024 7560 7783 3488 6996 9921 2217 9956 9136 7453 2363 5668 711 6760 3397 7624 925 5922 9693 2787 5504 6175 6164 5447 458 5113 2276 6331 5208 9303 2040 2216 8216 2484 4221 1088 5266 6931 8155 2615 7985 5900 8006 3340 8310 9861 5800 9495 997 4510 1391 3357 5830 644 8585 3158 4902 1302 7679 4708 4588 4464 4481 4987 2415 6561 87 4787 2938 1385 3348 1958 8387 5501 8983 7663 6081 2516 3265 6075 2019 6032 2204 7648 6399 7058 7569 4445 6285 442 259 9083 1197 3798 7144 5010 8321 4844 7319 9663 2130 9718 2008 662 260 8968 7235 9200 7684 1169 8967 8795 7549 7526 9234 3198 2436 7558 9758 63 7574 5628 9709 8499 7300 9499 7489 30 2012 8086 9593 4589 4453 1958 1727 2893 6392 6605 9473 1457 1296 5579 8696 1093 717 8072 4478 1417 2320 2086 1881 8225 3185 2837 5225 9687 1882 1741 7728 3200 7736 8523 2869 3089 2428 2153 1055 1960 4942 9665 9375 7745 5601 7307 4433 9959 7955 203 8086 5220 5354 9042 1957 6899 2987 6051
7109 2847 8023 6182 7623 8939 7627 7780 8250 1000 7279 9116 2067 6398 5985 2322 6120 8475 7917 4640 0 4176 2824 5154 1836 6823 7761 1493 3318 9938 2512 2869 3753 8225 3366 1043 3231 9929 2385 9823 4600 1876 8695 8495 7856 4957 2629 4734 9597 2508 8243 3432 7096 6788 9777 4459 454 5127 6313 2018 8153 9855 5492 8960 6304 3855 7119 4148 2170 9295 3168 7555 2955 2334 8388 6232 9924 5203 7936 2885 4029 1185 1557 229 5008 3533 659 7033 1015 4935 6934 1741 9341 4656 813 1619 8306 6249 3572 472 4164 8059 9237 4571 6973 4497 8579 9766 7358 2726 271 5612 3692 1009 1226 8382 5555 9182 9805 5621 2995 7619 5288 203 8131 5687 985 836 8131 2504 8670 5688 117 1297 6885 5884 3778 1225 2019 4725 2591 8736 4434 952 1473 8715 3447 3640 19 7799 819 5354 656 9763 2379 4368 9844 1860 7455 5890 3014 9506 7364 5525 5412 4036 2201 8482 1502 7422 6831 2624 5382 7085 6308 6039 7616 2583 6989 4599 7166 4279 3887 5617 4807 612 8222 1678 6564 6511 5873 1513 9197 9313 5138 806 3345 5849 397 1940 3223 9378 4583 7678 6352 4830 6610 8246 6576 2322 2315 584 9408 3665 6398 5360 2493 8677 5482 2538 2557 3777 807 8234 8092 1716 2564 3295 3747 3435 9475 2817 7503 9664 5706 420 2459 6525 9332 6202 3190 7015 5940 5336 8536 3053 846 9124 2650 9068 6621 4078 2495 1302 7458 6390 5347 5734 2044 2341 962 7603 4002 6058 5669 561 1529 2679 3434 2701 7830 1090 7249 2626 7950 958 375 2374 4544 944 1592 1618 1736 9052 5948 1531 9058 4712 9806 7197 1069 6771 3186 9071 7594 8602 5191 8744 4793 1565
454 3830 6686 5792 5974 5513 2866 3866 5322 4713 6994 8950 3082 9650 2495 1412 218 8633 1958 3932 4176 0 3267 6577 6887 8531 7721 7808 5804 7334 4038 3133 4956 7258 1897 7096 2202 1806 6911 651 8284 2374 9700 1321 5230 7900 8537 1451 9311 7116 2124 2355 9628 4294 1810 9582 3883 6412 2676 1424 9 2106 8732 9457 9282 1419 8333 4317 2124 9170 1664 2113 4452 556 747 8971 5437 4241 6403 4075 1809 847 7133 4728 4819 1591 5 59 1712 8779 5618 4905 8174 8869 4462 9457 6177 7289 718 8202 2174 1713 7342 8991 3432 2905 945 4334 8894 1776 6216 7269 9416 164 3464 1364 1991 4917 4547 1072 9485 2855 1953 4777 698 7846 8475 4772 1732 5265 8180 1244 9451 590 5462 1387 6505 3969 9310 7219 4213 362 9793 8582 8607 6287 6645 9574 1049 8866 9792 6642 156 6292 5651 3191 5691 1380 127 6376 7965 2466 1856 2742 2359 2185 6250 2816 3835 4635 7127 405 9149 3408 2301 2253 7334 9581 2982 6693 2885 9478 5673 5192 4857 258 8537 8340 1597 554 8459 6892 319 4528 2441 1561 2273 4138 7198 9825 285 8394 6969 2862 7904 3188 7771 5971 9885 7076 4747 9571 1804 4654 2389 296 8234 4636 3904 2003 832 5102 7224 9440 9426 996 3544 6873 3664 643 1997 3472 4237 7771 7693 7710 2912 4771 9338 3356 2914 3945 7501 1662 3689 4410 5384 4563 9485 9362 6030 3330 3151 21 2079 4004 3194 9053 7301 3483 1950 8525 6707 2713 3713 5891 4292 8736 4152 4109 1904 5734 2042 3690 6899 877 433 2864 5406 8222 6210 6910 7125 4154 1581 2668 7421 1634 2736 4627 1211 649 3794 2206 8069 4088 4642 63 5823 8254
9917 1569 9156 7228 7714 4356 5257 332 5954 3329 3424 2979 701 3600 6373 7392 552 4178 402 2567 2824 3267 0 6872 9061 82 5708 1848 5795 9226 6704 5562 6874 3924 7484 9571 9574 8294 6322 1796 8050 6818 6642 5473 8190 9973 9022 5643 1442 4257 5592 2632 6872 5058 9061 4812 1094 2861 8834 8168 5631 8909 1863 1822 9165 7131 8107 3445 5045 3970 3900 8111 513 8004 8024 2994 3970 2973 1187 6833 2107 2579 2929 9884 5673 6674 8484 1231 2730 1104 4512 478 290 1434 8249 4972 6772 3128 476 5859 7323 2526 9880 2585 9470 5652 8440 5528 7314 5943 5665 3994 7890 3251 5157 4691 1730 1746 7785 800 9528 9266 449 4967 5957 7764 5025 5243 6345 2560 1297 5936 1027 7122 2976 8626 5992 2820 1875 3934 5274 7930 3778 6403 2440 521 3910 4642 846 4729 1806 824 9768 2558 7385 8041 8316 7267 80 6280 3984 332 837 4423 4345 1608 2231 9625 9873 4643 5024 3488 1508 3432 4641 7776 9121 1621 9646 7649 947 4833 8139 8993 9129 6852 9013 6790 1406 2585 2427 8192 5293 4431 9735 2936 928 5258 1973 5754 4644 3658 9322 1474 8149 8285 5000 1945 7405 9815 1678 5099 9380 6761 5558 4429 2878 4256 5810 5175 4885 946 6916 5829 7693 8622 3969 1712 1219 2161 8572 9387 1198 1936 4030 3714 8109 969 189 6950 7527 5389 6868 3295 7694 2100 7813 5233 2727 7999 3184 3034 565 6812 9765 1081 3291 7138 9513 6229 1597 4677 6929 5664 3981 9857 5208 1968 8438 2344 127 9150 2393 72 4790 2437 4842 255 2326 3814 2365 8694 2243 3909 3109 3629 6626 9766 6231 8080 1319 1805 1983 272 7646 5961 8198 7208 9515 1693
363 2723 2170 8359 4948 9894 5135 7024 6781 8655 9487 6084 6401 5070 2197 3888 4345 6046 4399 3825 5154 6577 6872 0 9192 6254 384 450 8799 8584 8490 3822 905 6263 4427 6866 9051 9398 5654 3511 3279 6927 4753 1544 5820 5645 6558 8297 4697 2333 9668 9063 1076 4713 8026 1244 8378 5464 2326 9478 9659 2333 4761 2476 6252 8620 6994 6059 2436 1026 26 133 7582 2634 3619 3731 8865 9811 5660 9228 946 783 7368 1735 8452 3218 2081 9122 2043 773 7379 6026 9579 5395 7952 7010 7911 4515 4290 4862 5632 8754 1173 8592 5210 3550 4539 3340 4393 3564 8321 5258 212 5404 2885 1309 2073 6919 7999 5064 5773 7821 7660 8782 3670 6327 758 2810 6708 5771 2160 3677 6141 1724 2077 56 7558 6260 1970 3922 4371 8070 3962 9993 29 2882 9008 3110 4658 3433 7176 4293 5500 1629 5451 5223 8608 4551 8338 1476 701 8020 5700 5771 6134 6896 8668 981 1597 2634 5244 8592 7390 1911 8577 983 7537 5652 232 1733 8789 1913 3212 7099 9156 8211 7617 2783 2980 19 3907 8140 7020 4741 5986 37 4086 8107 4982 5857 1818 8278 7559 4616 5203 9489 7090 8692 1158 8771 3051 1939 3998 8017 6791 8440 2790 8506 6406 3664 5062 7424 4007 3652 6693 4831 4546 1016 3428 2298 1025 1925 6815 4201 8992 6618 1589 5036 935 4443 7868 2852 1235 8421 4593 2489 1433 8148 5241 3887 2000 6812 3885 5175 8439 1509 2152 5781 4652 2516 1732 5839 3280 6245 4689 2125 8658 9066 5056 5457 9025 3531 6087 113 2034 343 927 6544 9971 56 4452 2750 8202 5095 8759 9600 8458 403 5975 3447 519 8481 1758 3439 9078 1549 8863 719 5276 5138
3389 6697 4413 4730 9887 6716 2014 40 6380 8282 5664 7619 8901 9245 7039 5911 540 8435 2190 837 1836 6887 9061 9192 0 8403 5831 6038 7068 857 6125 2368 7797 4392 8182 5916 5255 9022 3288 6018 1906 8655 170 6893 3338 4760 6818 884 7787 2649 8807 7873 2577 3208 2964 7560 1658 6100 1872 9404 9413 5536 8210 2894 7089 1044 7930 2254 6016 8759 2267 1478 2417 1533 2131 1460 6747 6617 3863 1789 5767 9570 4177 2335 1662 2764 3705 422 725 5268 4901 3219 5523 3163 9687 4650 9394 1233 2449 4907 23 7602 7411 1863 52 4950 5699 5296 6229 2088 6008 8992 4327 7183 3620 5384 2346 3782 429 7284 5278 7641 1670 3021 1769 4845 5142 8384 6803 3357 7049 9399 1821 9596 2125 1552 8965 6679 5438 2134 775 3987 2108 510 1958 1688 9583 5167 8499 7086 7671 3678 9557 2656 5102 8499 780 4304 220 6921 349 9564 5004 8252 5888 2373 9795 6978 3906 8642 386 7833 9489 1650 9927 417 3331 2093 8364 6107 3889 2584 9381 7866 9141 2723 4689 9861 508 2204 6125 2354 2164 5634 2473 766 4476 446 7210 6149 3643 9461 1541 249 3872 7889 9234 1541 5822 2599 1603 1794 1216 595 5700 8665 2811 7181 1838 1764 1336 3805 4172 4411 9238 8709 9379 6001 249 8760 1360 4705 8555 7979 4272 6619 8671 1487 8181 773 9045 917 2825 85 218 5437 6723 8526 8315 4146 9170 849 4228 3934 8774 964 2805 2853 8437 3844 8148 9881 4647 2230 4795 1727 70 7201 2704 2929 3679 9757 8031 3429 1937 1980 6316 701 9424 5364 1996 5873 6264 9521 6434 8664 7245 4638 6155 1337 9001 5824 9894 8348 5410 1243 4821 4440 6805 5479
9163 7717 8003 5086 3466 8540 6375 1055 5548 2505 7444 9460 3307 8869 5913 8416 9856 6661 5309 5149 6823 8531 82 6254 8403 0 5432 6484 7574 4562 6787 2890 4879 3983 327 3125 4185 7430 6792 2405 8574 8831 404 950 8283 4362 9452 6622 9512 6484 3853 7126 9355 3302 2936 1629 5103 4218 8667 9304 8968 1614 2261 6766 69 2373 9656 131 9103 4661 4815 2019 8297 7906 3974 2143 550 7043 8936 6949 8133 286 7713 3866 6216 452 7012 3151 8897 1590 6610 1699 5370 7202 2360 5338 2464 2211 2242 4296 4080 1840 1828 7949 1313 1380 4229 9234 389 4263 7125 2410 2147 5744 3397 9585 5955 1313 1587 1660 4844 238 892 9668 617 813 6560 7669 5408 2543 4992 8671 6812 1064 7370 3929 7119 4581 5410 4327 415 2817 3144 318 3453 3436 3226 6331 2494 1082 1809 3120 1228 1063 7698 5004 5136 9712 4000 9713 731 8904 287 5135 7908 9366 3141 9947 6536 3640 6868 7744 3921 4640 6857 6034 9526 3804 3249 7992 1437 5832 9196 4414 7329 3954 924 6803 9900 7166 5618 3271 2976 689 1222 8022 1731 8754 1060 5208 9620 4892 1087 4710 3989 9516 8655 9779 8686 4522 3611 7172 558 2715 2945 1813 7243 245 1227 5178 6267 6765 8715 4982 9940 5509 9297 4916 503 7387 4090 8296 2746 8435 590 3824 5851 2366 3185 4923 9941 9519 8614 5556 5007 134 7406 6763 6869 7368 5573 8311 523 8269 8224 5392 795 9576 9110 7953 6781 8997 5436 2772 3930 2745 1677 7708 6559 4423 1809 8403 4935 7405 12 5885 6864 2274 2246 5670 3335 4537 9035 5321 5607 2729 6164 6515 8851 1240 6143 805 2740 8833 7157 2224 5406 1428 4618 372
6557 129 4407 3605 8484 8756 7884 3027 8584 2504 7722 6187 6004 1116 8486 7138 7715 8228 5327 8846 7761 7721 5708 384 5831 5432 0 4323 3748 8017 2612 8428 220 1077 6557 209 903 2730 9953 8383 2824 6462 1849 7702 3524 3563 3982 771 2405 7933 9012 6504 9257 8150 5287 5271 7173 7759 792 4428 6778 3436 1710 4874 8432 6420 1358 3908 5692 612 2556 6500 1961 9289 2565 4572 9459 3872 7583 7625 1592 2795 2778 5841 88 3158 806 2369 8929 8665 600 7423 8497 6332 194 6140 9207 4338 573 7957 136 8705 5451 8747 7758 9837 715 3912 3728 1513 1818 8998 2909 1151 9678 8628 7930 1609 3400 7497 9856 1878 9494 2088 4532 542 1289 2688 3648 3491 1581 5433 3405 8960 8144 6255 88 3815 8909 9848 7851 6305 7409 9117 9126 5499 3342 3011 1556 949 1171 1623 7895 4337 90 1204 7509 91 5787 715 772 1969 5427 8889 9410 142 8466 9250 1388 1636 7196 1540 7372 5209 1586 9959 670 7763 8456 6970 6615 6112 2902 8852 7030 9813 4460 2443 7940 87 5843 4011 431 1028 6131 1611 5918 5303 8146 5413 392 7294 2917 8716 9555 9817 10 2050 6060 7248 4539 4865 143 7105 9390 7293 2501 3089 7311 2630 6545 7846 4631 368 6414 9518 9064 9521 9445 5651 8772 7331 2123 9215 838 415 4669 944 5945 3134 1068 8708 9356 8103 1017 5948 2016 6168 201 433 6291 40 4957 676 1066 7632 526 339 3543 5423 3416 3104 8230 5648 3910 5681 2771 6268 3700 3144 6163 1419 8464 4869 1245 1808 8213 9422 1977 3491 3170 2074 5641 7171 694 7322 1886 3880 625 6653 9925 7081 749 925 470 2991 3704 5480 2300 5520
