250
0 9758 7026 9651 1823 8741 9833 4729 5093 7008 1517 5812 3424 1203 7467 9752 4120 8984 1911 354 4202 6800 7795 3636 138 6580 9614 6120 689 2526 6612 3934 981 1863 805 2201 1741 2641 1422 5538 3418 1815 2644 6992 9846 2878 6348 1879 9870 481 4434 390 706 3076 508 847 7988 7349 9150 269 6902 3854 2683 49 7819 8528 4899 2861 8783 2451 1911 102 6557 6264 2204 2598 1528 9943 2267 6372 7139 2231 395 2183 6743 8595 2926 4700 7245 7261 2871 5423 7013 1167 1709 8354 4639 8145 88 299 6805 2066 3774 629 1620 7005 4787 4202 6539 7412 912 7500 6272 2172 5891 2742 7928 1846 4319 2102 4195 864 4650 2558 1424 7496 1985 5446 3776 5438 1518 4933 3568 7893 2544 6324 219 7074 9806 4472 3408 5151 6068 4065 333 2657 618 3303 2733 5394 7524 5450 2357 7006 2903 7246 661 2535 2514 3491 5491 95 2000 4367 5249 6262 6606 3768 7287 6221 7216 2975 6391 9548 8231 2163 996 1810 4020 5155 1042 2640 8491 4255 3822 293 54 9556 9592 1627 1999 3889 7567 9983 6696 3311 2028 2532 7803 9574 7677 1345 9205 1689 7911 3621 6797 124 4283 9744 2299 9537 2234 9300 5660 6030 6652 7316 9099 727 7592 3641 9190 2242 8444 4223 6298 8816 3217 9594 21 5502 6958 5544 3376 6811 1821 2282 7426 342 2215 6298 289 3954 1201 7916 935 552 5940 360
9758 0 7973 7607 3495 8001 3364 8499 499 1774 1026 6656 9302 5246 6619 5671 5385 5732 7713 818 1004 6618 4121 6230 3482 523 9617 7056 3324 7832 2093 1058 5393 2020 1524 3352 382 4087 7054 2435 5765 1787 4890 9735 629 6601 9617 9471 8021 4020 9007 4421 4670 9341 3090 3456 860 382 6899 1829 3265 5207 3773 9453 7752 4841 9517 6014 3959 8473 277 9320 298 289 8473 4389 1040 8029 2918 7904 5189 7277 6535 6189 1607 2408 4490 1729 3672 1359 7681 9341 5648 5448 4361 4450 9151 9896 4046 1934 4434 9701 9896 3152 5342 1818 7433 4967 4549 3329 8472 2041 3458 246 9811 3327 2363 7865 8382 3964 3385 5994 3552 789 112 6921 1657 701 9309 8799 1038 2825 103 5511 9560 1898 344 9612 4538 6841 8707 8804 3289 8422 5443 6522 877 3226 6281 399 2632 8594 6741 9186 6248 6386 7665 4072 4609 1202 1484 812 5307 1274 671 8609 4864 4074 2422 433 4012 8584 6179 1704 1088 6780 5896 7762 7604 6472 3020 5686 7002 9294 2929 1156 8079 5723 5114 5023 9930 8608 5115 9584 4907 6281 5116 831 8718 8517 5715 7877 673 2132 2674 4361 7540 9054 6928 6617 1510 4571 1068 3454 4300 7553 4211 5452 9375 6455 9004 3090 5670 7920 2789 6488 5121 3162 4769 2583 6078 8555 6946 9015 2872 4800 2566 5120 751 6018 9597 4521 1819 965 2959 6928 8286 9638 4262 4676
7026 7973 0 321 5769 1374 1727 9630 6487 8265 3848 442 3994 6595 4262 470 6687 7640 6861 8975 9137 3068 2181 5643 7636 5298 5344 1347 6706 921 2 5690 8297 467 2554 9161 5276 1069 9457 9534 3553 1094 975 8568 103 7737 2483 3473 6490 286 2638 853 3986 7703 5604 3619 4324 2531 9331 304 6025 491 1654 7440 9112 8991 9300 2013 4968 8256 2029 1126 4988 1087 5529 2969 1868 8746 8143 4028 9669 9670 7543 2515 2828 9747 8722 9780 2095 6364 3716 1407 4271 7887 3015 1248 463 677 4546 5079 4985 5915 4801 1631 2671 8127 3859 5167 8485 4468 5554 6777 9323 2177 9927 7433 4644 6544 204 6363 8992 6096 1934 8492 3953 7806 4264 9790 3566 3299 8278 3787 2742 9475 3088 9861 341 5391 7310 4396 1320 3189 9183 4207 9965 8931 820 7288 2970 729 9190 5248 9949 9139 7936 3071 533 9387 4909 2743 6628 674 5162 3652 1458 8498 9728 2165 7294 9382 9653 361 8405 3984 3435 7211 8741 247 3861 9652 5016 9150 5922 7326 7780 2305 2108 5587 5873 3796 9855 4884 7616 1048 5244 7651 1370 7986 8164 9317 4549 7933 3562 2543 3639 7345 9321 3202 9619 4992 4395 6928 5897 3235 7526 8284 3209 8648 8618 4644 8923 9341 9496 665 958 7058 7570 760 5891 1485 503 808 1944 9409 2445 230 6483 8267 6297 8999 2975 362 951 1207 660 2743 429 6302 4329 3409
9651 7607 321 0 2365 6689 8155 9238 4132 7202 1309 2006 2176 877 629 9497 854 4491 1778 3641 6357 2843 5141 5771 740 8936 484 3134 6688 5616 2875 2358 9606 7886 7240 6189 8642 3206 9901 2470 7876 5764 8915 6164 7940 9116 9175 1526 6660 9001 5771 8283 2048 443 4297 4284 2114 1465 4448 6487 3008 8094 417 6017 291 4499 8958 7429 897 8300 5500 2328 1872 5829 2570 6568 8531 361 8750 8846 3848 7786 8799 2044 2450 8797 4531 5883 1304 5661 4448 561 7861 2035 2173 6013 2181 1159 6236 1301 9523 859 345 5590 1956 2493 8793 8902 4338 3862 2428 6147 9807 8960 7569 3860 7943 3305 2420 302 8902 9852 9753 4661 3902 6085 3042 194 3600 2648 4326 8494 731 5164 4515 7594 8675 5504 4488 7079 9348 2227 3962 5974 5626 9383 8281 9270 9480 2935 8823 6623 7871 6437 1202 3904 2362 5015 2512 559 2482 3462 4558 3440 4671 7921 7658 2872 2473 3630 4290 3717 9225 2127 7609 3495 1645 2910 8085 8103 3101 1489 8707 5018 2509 876 1462 9564 12 1277 7787 2737 5660 2208 510 1714 3192 422 9246 6837 4035 6017 4598 7499 3842 745 5054 606 9269 9743 6976 7159 2486 7942 6852 3719 5217 6363 8602 887 9172 8484 3948 9646 3259 8432 1779 4950 5079 3033 6329 9136 2847 818 4141 6870 8982 2157 9329 5215 2438 8153 6007 1691 6899 501 8454 8136 1812 3821
1823 3495 5769 2365 0 2780 1127 352 3851 3970 8373 3615 3455 7738 2075 6607 4984 3169 6036 6872 7656 1037 9476 2790 404 277 4528 6200 3059 5261 330 8943 1639 59 8325 6435 1209 4641 1142 3311 3211 3225 8535 44 8733 4453 5256 7704 6611 6842 715 3903 2018 8932 8236 5828 8218 4985 7326 3007 3808 346 1560 4356 9703 9208 9505 3908 8044 4823 5987 1082 1922 1802 7928 7140 4817 5006 4171 4660 1812 5315 957 4275 2057 6544 6113 9563 2607 1752 6545 8885 5792 9342 6748 885 4798 6944 4174 8787 8054 1580 2791 8067 217 4979 9437 2279 4817 3975 3345 9412 1042 7647 3622 6949 5796 2305 9187 9342 5256 5060 6175 60 1368 9617 1277 4543 4719 949 8945 776 6662 8472 2666 6024 9061 3075 4845 624 5228 9179 8761 7518 9204 3257 5103 1128 5179 9174 7718 5961 3207 8469 8268 4383 2743 9812 6352 8812 4373 5102 1313 7043 7656 9322 6449 8154 195 6734 4673 3480 3169 9845 8664 1835 4605 9880 8660 1161 3480 7059 1926 8802 2843 7702 8036 9165 6519 5915 8000 1742 638 1277 1745 4156 6885 6807 9945 1438 9598 734 6979 7976 1400 5068 8704 1148 692 1085 260 1567 177 6549 5073 9522 1676 7373 2287 9738 5614 977 1979 2553 5669 5445 2076 8961 6853 4457 9687 6605 8612 1005 4350 867 4515 8321 5165 3068 3893 2524 3148 1935 6023 5479 2949 7017 1648 2606
8741 8001 1374 6689 2780 0 6791 6445 4567 9543 5369 5840 6767 4907 5990 8000 4071 2384 7383 2970 5321 9189 4596 2311 9987 560 1599 3446 71 402 77 4987 3288 1105 2196 1720 3281 9578 3290 2892 5778 5884 7882 7344 2460 8654 3948 9393 5814 207 2163 4383 5082 7575 7107 9319 7757 8339 7630 5027 831 8478 8480 690 1253 2712 8445 4899 8733 7606 5127 8543 8938 8540 8260 4748 1058 146 9159 1924 6831 806 6936 4067 9866 8318 4465 6219 6652 7610 8388 5466 335 2440 8435 8344 1121 1882 6586 671 6943 7189 3234 9663 954 8414 3635 8517 171 9437 282 5882 3042 5294 1213 2606 7436 5250 8277 5693 6412 9440 6578 325 9388 3775 4766 8330 6102 5791 953 6010 5212 232 9252 6860 396 4000 1588 9785 6064 3345 4586 3643 5503 2595 3620 7270 8632 9678 8853 2609 4791 4590 3768 6393 1752 5868 9734 4214 8315 9325 3838 3188 1344 3967 7394 5059 533 1938 4790 5769 1696 4509 9210 7530 2318 3727 8640 2320 4442 9542 2133 5840 947 8555 4271 4233 7274 1815 2490 7734 2312 2862 7378 2974 9891 425 7093 4154 5839 4438 3051 4601 3290 2574 8125 2599 3568 8200 4768 595 8355 8162 4315 9590 5885 1041 7760 4709 9553 6107 2568 2328 8300 2514 9880 4578 5729 5924 6685 2865 9204 2292 5569 5148 1129 7237 6246 8914 3822 8982 6710 5478 3537 1636 4988 4681 4257 5753
9833 3364 1727 8155 1127 6791 0 8071 8022 468 5283 272 1387 6388 614 1480 4681 490 5435 1891 1848 7774 8281 1461 5831 7070 9645 7299 6801 5712 8197 9436 2827 3637 6738 2412 4990 5412 7447 9741 4592 1440 4895 8611 5317 5027 4035 7647 6177 8095 7429 691 225 1801 2198 9578 7243 2001 9339 4078 7098 3304 464 157 2676 7828 937 2963 5125 2411 2916 336 1556 8749 9058 6728 9953 9454 7093 7866 9870 9276 6714 5834 6981 6809 6125 2438 9198 2711 7806 704 4117 4895 4744 8311 1665 4737 8334 6775 2789 7498 3953 6944 8989 6176 7511 2144 6200 6031 7828 9414 4774 5321 356 5104 6592 1616 8374 8314 2187 5103 4150 2328 4772 8112 7477 4737 1238 6890 4533 4689 4712 4616 3465 8071 6285 2718 3903 9744 3798 6165 384 4052 2659 2414 332 2525 4529 8878 9531 8517 6292 308 7167 4795 8978 8496 3805 6257 6029 4636 9235 2670 6152 8963 8246 7538 5807 9929 118 7049 4507 7539 2212 4999 345 8430 4105 3449 4022 3478 3221 3167 6360 3128 9628 1885 5620 8970 7114 5451 3130 7160 1046 5810 4831 2758 2450 1050 6109 266 5706 5728 5715 9942 4540 5844 974 360 3940 9896 3712 1807 4162 6561 4818 8822 9865 2178 1688 5433 5757 9093 6134 8215 5696 6328 1558 7249 2038 408 2321 2828 3514 9486 7426 9322 4907 7079 3561 7453 9891 3216 4116 9526 9181 9782 5014 7572
4729 8499 9630 9238 352 6445 8071 0 2418 1655 7099 2131 4325 9966 4314 3164 9359 249 1710 8866 5080 5960 6463 5624 5017 6346 4349 2263 5259 1390 1934 9029 7778 972 2154 3517 7442 7242 5952 7681 9358 3025 2900 8202 3485 5098 3495 7310 4244 421 6710 1535 4720 45 9362 4875 3530 2226 5794 6245 2414 1082 4197 7445 3589 4972 520 8805 4804 7213 8127 5859 1787 5377 2961 3645 3109 3012 2283 1813 1727 4013 7180 5354 1010 9226 2599 7063 1240 6490 2674 7316 649 9938 9528 6453 8072 12 7634 3310 6380 9214 8379 3716 7266 562 1693 5196 7021 1814 5801 7681 9422 2335 8556 9912 5980 5041 1340 6653 8593 1226 6389 3033 3213 6947 3665 8614 9560 5625 1147 1800 735 157 98 3573 6215 6846 6434 9076 842 2896 9048 6624 2208 4 966 329 6766 7648 9470 4425 4990 9059 411 1009 5392 4168 7923 8771 4695 5073 7448 260 4662 5651 9775 8070 3635 6180 3504 507 3278 2231 2125 2768 3142 2473 6891 8259 1417 7638 1321 1361 9594 6538 5562 8344 7459 5370 1277 2799 7353 7473 1370 8158 7480 9449 3153 6949 9435 5102 3443 5040 7888 4309 2727 2865 6609 9579 5302 5466 7297 7942 958 8246 9568 1073 2341 9211 6730 5042 712 7006 3934 5943 9941 7003 4952 1386 7551 8428 3881 5396 784 1162 3160 3335 4527 3783 3776 9496 1575 4570 9169 4730 410 290 1507 7705
5093 499 6487 4132 3851 4567 8022 2418 0 9732 1511 3469 6587 7207 9806 3138 6565 6969 9900 3215 3801 724 2155 777 1316 9331 6092 3876 57 2599 9044 4349 9966 1966 359 2965 2626 8945 4172 4137 199 1018 5987 7951 8155 5760 7683 1643 549 1857 2089 9943 5752 2885 1761 1904 1187 814 2373 6322 7851 1809 3264 4802 6498 3784 2972 4796 4290 7970 2910 7946 6693 1230 6448 1049 967 7136 9134 8472 8595 5327 790 8067 8199 6760 7684 5629 6712 3543 1522 8744 37 4238 1232 2250 8264 3546 7152 4556 8597 9651 6499 8951 1500 6919 8479 3483 4756 495 6883 6531 5457 6793 5732 3237 1568 3682 4984 7850 8347 6168 1323 6280 7177 5764 9630 3077 2455 6842 3899 5712 7205 5558 2069 952 4399 1609 3894 6438 6871 5445 2546 8224 5463 7834 3225 8389 514 8310 9392 6159 5688 5382 9608 5813 8793 2117 3302 6222 4315 3472 9189 5225 7179 3586 7344 5941 1683 5582 7025 9318 7247 4766 9927 1496 5127 8678 1929 6112 7617 9371 7441 155 6283 4491 3454 2467 32 4879 8995 7582 4567 1057 990 7071 1990 2350 8660 389 2844 6935 921 7875 8807 8301 5451 3358 8244 6625 7635 845 5346 2949 7794 7987 1128 4822 6340 9325 4047 502 5201 8446 8226 1771 3894 9247 9103 9225 511 8718 4912 3223 7508 2756 5298 3167 2690 9059 3828 9384 8720 4436 1341 3501 3939 6718 5955 9747
7008 1774 8265 7202 3970 9543 468 1655 9732 0 593 4810 2493 8214 495 2140 8083 9588 9515 9643 938 6552 4859 4585 8101 5578 8448 8785 1733 8910 735 9260 6309 5730 9370 9999 6312 5166 1125 7914 9911 4474 4757 7471 4781 4558 2645 6477 7993 12 3150 8791 1743 2731 2455 1143 5706 5884 4878 762 2751 1158 5415 381 1495 2921 5822 2143 5194 5916 5804 9588 9047 2759 7399 128 9825 3133 9298 9800 1801 2192 4223 1323 5836 4325 2206 2199 8397 5899 3526 9793 9273 913 6875 4118 6093 6495 2850 924 1519 4450 9901 8281 8677 7301 5590 9719 8072 4613 3746 6612 3471 8440 774 8947 7755 4668 8031 4372 9836 3634 1591 251 5112 8543 8457 584 9078 8344 984 9049 5384 1300 2020 3941 273 2873 8619 174 5848 7587 3454 725 2387 3448 4280 1319 949 2606 5983 7177 2484 2735 6597 6351 2473 9952 8373 7984 2285 3487 2956 98 5887 6634 6408 5977 6557 1680 484 420 6150 3053 1538 3583 7009 2813 3090 6375 3744 9691 6419 4477 329 5477 871 4823 9908 9167 3608 2994 1919 7925 4738 8078 2456 3046 7928 2110 7907 5401 3718 7442 5619 3661 9520 2210 5317 3639 3868 3196 9400 1964 7385 4288 7400 1708 7956 4504 1669 8115 1580 1697 3785 6162 5047 2797 6849 6507 4494 9765 6745 7986 2334 1076 5233 377 4023 6794 4133 4558 4459 3847 7428 4758 4425 8286 1425 2505
1517 1026 3848 1309 8373 5369 5283 7099 1511 593 0 201 2340 9297 1551 3917 9003 8470 7250 5398 2284 3756 8186 8468 9370 9019 3351 7240 6889 1470 409 9200 7173 2471 7567 2928 9833 6307 4126 4771 9852 8126 3792 9801 8251 487 2403 782 2421 5183 1612 4162 2052 175 9786 1971 9949 8512 2237 4022 4181 5748 9975 5049 6371 7722 3307 5152 2092 2390 2104 9261 2690 6239 4432 5336 3041 14 7071 2636 1604 2293 928 5164 2142 219 1039 4929 6051 9848 1969 4312 9074 7622 3786 3463 49 1142 3106 3428 5492 4824 109 3236 418 4431 878 7336 2390 4444 346 8895 3063 5495 9648 5852 1758 943 7944 3843 9708 8920 4706 1678 470 282 4855 184 7586 1803 8889 7630 4981 5230 5449 6287 7329 8829 5934 8583 9046 6453 4320 4053 625 4199 8057 919 1201 4993 6746 6920 9493 9321 1014 1427 3294 2136 6152 9955 9190 2062 8751 3975 5680 3580 4227 9226 4506 2363 7978 2103 5248 9384 965 7673 6361 335 9083 8964 1297 3091 9081 469 2211 6636 5562 5815 402 4525 4794 8107 5231 6800 5838 9293 3502 7467 7759 3032 636 4908 1494 5528 4832 3789 9478 5540 2649 4459 5786 3435 1971 5680 2541 2840 7412 8131 9219 142 9604 5075 1803 1079 400 4407 2184 1126 3571 9067 884 9767 2072 244 7153 6750 4605 9177 2293 6661 2833 7996 411 8305 6708 9430 660 6094 3489 3126
5812 6656 442 2006 3615 5840 272 2131 3469 4810 201 0 8857 5961 5840 3102 7934 9866 2435 9247 8215 5362 3018 6036 6869 4945 9396 1411 6372 3008 1935 1706 9136 2401 1011 2539 9639 9951 2043 2597 6228 7162 1764 7280 7341 7202 4423 1776 3279 5884 7942 6403 5074 1657 3731 4252 3290 1937 3323 8840 358 2463 8437 7861 5067 1809 5557 5482 2871 5556 4105 7760 9969 1444 7759 4426 3208 6917 4880 9134 7736 3996 6980 8652 1443 4682 4909 2198 379 3787 8503 2992 2121 2689 6935 3514 5225 3219 9926 6543 2789 9553 3701 1193 4316 6 7453 8128 5210 7005 8289 376 913 5301 4763 6038 9448 518 6152 6332 9667 9479 8516 3012 2897 7199 8290 258 1754 4507 6939 2169 3738 4200 7852 6978 462 2913 8651 9904 5550 7127 1947 9838 7399 7469 2391 8149 8694 1408 4385 5600 7377 9493 5163 190 6256 5174 1889 2125 7182 185 7164 5083 2132 4004 7509 4153 5478 5093 2705 7046 9471 8581 4190 9735 1711 9008 1944 957 1780 6464 1735 989 773 4001 4147 4648 5054 6659 9371 9842 6738 9125 4405 1965 7482 75 8433 8668 9959 704 6854 7669 7286 7513 6868 7419 7564 3675 9033 1969 7467 5621 103 1780 7869 3161 3594 5412 3830 8441 9039 2895 9654 8516 4458 8321 7876 9143 392 6608 3895 492 8583 3516 4934 6305 5745 741 8957 3567 6511 5977 9988 3609 9419 6793 662 6129
3424 9302 3994 2176 3455 6767 1387 4325 6587 2493 2340 8857 0 107 5287 4258 6766 8219 4355 4204 7120 9214 7595 2916 5309 8914 9242 3446 916 5421 1819 3092 50 1224 7006 5944 4653 470 1748 6578 9321 9916 4169 9767 2050 6425 4341 8588 841 8303 4695 1438 6161 7356 7101 2678 772 8531 1030 6710 7571 2050 1850 9812 7869 5092 851 9731 3489 8444 4193 7772 6804 3611 102 9969 6267 5458 8106 2573 8430 9686 863 3045 3605 6497 4931 4691 795 8396 3266 5799 2257 5700 9352 6475 7606 929 549 4653 4185 9865 4980 6537 8424 4316 2859 8149 1758 320 9660 7588 5528 2255 7794 2401 9558 7251 6993 8157 8110 472 9694 8186 2605 4485 4960 3452 634 2100 8063 4737 4191 9548 8883 755 9817 3842 4701 5096 267 9746 9832 4499 4554 6832 3528 5744 6121 1056 4854 9171 3185 9330 1328 2372 8453 5885 8615 843 5740 5118 8744 2306 7587 9102 1525 5299 4561 3665 4122 7563 935 6349 6020 2121 7203 4967 3362 2643 3586 7503 7041 1414 5374 1681 5662 9815 178 5626 4085 4923 5730 5425 3291 3760 8826 6138 6641 8465 5582 6675 713 7293 6455 6905 8804 3856 8335 7481 8171 705 9258 5683 2084 3726 8789 5772 4872 7229 3999 388 5482 3310 5148 6337 615 2530 3131 3130 3378 4073 6431 152 8523 1350 5748 8773 8740 5599 7023 7508 694 995 2414 2014 3460 7371 4354 8819
1203 5246 6595 877 7738 4907 6388 9966 7207 8214 9297 5961 107 0 4827 6458 6603 8508 1756 7758 9390 9440 9082 7546 7150 1620 8498 4801 7776 7790 4307 874 4587 5492 5424 9843 2332 8250 5662 2632 3006 5056 5378 8069 1914 2619 488 326 8087 9182 5935 963 1223 7726 7150 4597 2813 4098 9894 5592 7862 7837 3367 3302 3368 8399 7981 5145 4670 9503 510 0 2512 8409 8808 7522 7461 8476 4876 3925 851 2918 7677 2587 9031 7748 6697 2039 3144 5859 2735 7141 2258 3587 3961 8586 1271 1291 8554 7352 1601 9378 3331 3907 2821 258 5223 9608 3052 958 6748 6798 773 9039 719 7027 8613 1837 4672 1740 4630 8550 4622 843 2720 3650 5463 6669 8886 4918 2604 364 4817 8044 4762 1916 1775 1383 3826 8929 6153 3739 1284 6171 6477 6275 3461 4658 5828 3180 741 9425 1370 8073 8746 5968 9191 7477 3232 3572 4370 7907 6864 8152 1060 1494 5252 2605 1369 5469 1646 2333 7004 4236 7581 8537 9003 1397 1170 3673 3283 9661 7014 3207 7360 4096 4440 797 3701 8633 9118 5335 2905 353 4185 2625 7821 2268 5983 8054 6281 6385 5754 5968 214 9207 3173 7029 2147 1772 3589 1026 9785 6570 5229 8104 8482 8515 4978 9530 1173 6859 9394 7320 7573 2352 4673 806 4691 6723 6620 8412 850 6023 411 5861 4907 1369 2464 6189 5598 2820 2672 9926 3753 349 2814 8733 4342 9030
7467 6619 4262 629 2075 5990 614 4314 9806 495 1551 5840 5287 4827 0 1201 711 5702 3012 6854 8816 2744 3100 3264 7627 3049 9284 5575 9616 1053 3272 3391 268 3909 9469 3820 7755 1243 4551 7647 1509 6066 3095 5835 3239 2630 6294 6401 8302 7631 6295 309 4693 1011 4827 4897 2273 8364 3111 5719 5162 1100 8547 9595 3409 2178 2043 8439 8791 2974 4079 4348 7579 318 6312 42 8749 7463 6104 5932 5245 2756 7903 6267 8495 9415 4352 497 3478 6044 8955 9612 6794 8601 3792 529 5999 5003 2726 3261 2301 3684 1831 8085 9645 5811 3642 2803 8592 355 9372 8715 3125 5528 6768 1500 1581 9221 5643 6186 5665 7264 7260 9514 4058 6823 8843 8078 1093 2575 3664 3706 9436 9649 5184 5360 4640 1679 8065 2101 5306 7563 5152 2744 6630 1245 21 4532 1329 4192 8822 3212 6978 4520 43 5880 3470 451 7425 1651 2187 6877 4070 5885 2624 3184 6994 57 1618 9424 756 4219 8489 8938 2089 3263 6388 471 1052 139 4887 7562 8390 8595 2825 7488 1477 188 4735 4812 4726 9629 2569 2499 1198 1806 9308 2307 8261 9521 7438 9051 1219 4071 1610 4033 1716 7135 6288 1055 3916 6351 1694 6747 7060 1988 5110 7863 2143 5077 4681 3164 7866 3439 8775 3616 9883 5912 6833 1555 9620 5790 3243 2963 5939 2999 7775 7858 5135 9187 7094 1566 3852 6937 8848 7739 7508 3812 8063 2018
9752 5671 470 9497 6607 8000 1480 3164 3138 2140 3917 3102 4258 6458 1201 0 4060 6768 6141 2710 5967 6660 5707 7326 7770 7990 8152 1223 9126 2742 7363 1276 9116 781 1019 5098 5312 9526 2214 6514 435 5605 9215 6655 1531 2985 9614 5224 6036 6153 6341 4133 6307 9446 9557 4690 2546 7901 2962 70 5230 9054 9268 5826 5583 9150 9298 5166 8548 2878 855 4638 2231 5800 6651 7983 8591 1025 9745 1553 2838 1333 1245 4557 4636 7821 2571 9005 1203 1613 7088 8533 8133 2729 8301 2143 492 4979 8184 4377 3044 8053 5198 692 7427 900 5069 5793 4969 905 585 9439 1752 1391 555 5152 760 3034 9143 5366 8503 5730 9195 3548 7941 5065 8869 3836 2494 4133 2943 9501 2652 2578 9727 1948 9742 9935 42 4275 7011 5694 2739 1478 2127 3109 8643 9405 5385 9574 2367 780 7814 224 8129 7087 2890 9734 6022 7281 3751 661 4355 7529 6216 5052 141 4798 9051 3283 6328 6373 2762 4961 8579 5272 6342 1489 9215 1403 7380 9656 9885 7002 3047 1069 1889 6382 1814 1076 2297 8470 3869 192 8368 4974 8185 8363 2752 5720 6096 6202 2134 9351 5528 505 5318 1984 7096 8375 509 1785 5163 342 8814 1107 2537 5557 9146 3827 927 6457 3615 1828 5529 4751 7493 7623 6733 6988 4171 4305 198 89 3728 3181 3277 5243 790 1215 9202 9777 2943 3195 2834 4625 8649 4287 1406 8902
4120 5385 6687 854 4984 4071 4681 9359 6565 8083 9003 7934 6766 6603 711 4060 0 271 1987 5817 295 115 7366 9537 2509 1718 4132 7491 5890 8035 1041 8826 2831 3982 9621 7811 4089 7923 2789 6793 1380 4130 4664 258 2756 8557 6579 7945 2768 3814 3874 5583 6695 6483 8748 9130 4967 5034 1555 9919 3817 6880 4908 2957 3798 197 9109 7835 8130 2868 6190 7114 7220 6978 3349 1032 5459 7333 828 9386 6545 5731 6738 3836 269 2488 5307 5757 2765 1745 6828 5838 8957 3853 842 1482 1147 8596 8546 9419 8061 1583 8265 4565 5593 8652 5866 9671 9360 6169 4217 7453 2744 1062 6387 7325 7926 2046 633 3515 3221 6309 6393 2930 1867 9639 504 4323 8527 8889 6919 6896 8536 3933 1690 4281 3130 6381 8917 4041 1612 7208 7931 2609 3188 7023 7463 2363 1459 9707 8066 6683 3051 5611 3268 2658 1485 4276 1008 7755 2709 3213 1556 4945 8015 6913 3728 9157 1353 3442 3750 3698 7433 9736 1909 5700 3877 9121 7181 2056 6708 3189 7046 5654 1445 2265 6531 4268 4553 7856 6549 5557 4003 5397 2652 4898 9743 3939 2420 5877 9734 2217 7967 6652 3604 2506 2663 6416 4293 5572 4728 953 3467 4739 6403 4364 5963 9233 8888 5405 733 7843 1226 9069 2556 2268 6874 6503 483 4463 5525 6609 4545 8070 3484 6311 7767 2465 9364 8835 1735 2426 3177 985 5434 2202 1301 9740 2854 9224
8984 5732 7640 4491 3169 2384 490 249 6969 9588 8470 9866 8219 8508 5702 6768 271 0 187 1023 6623 9294 1288 6069 1900 3350 8251 1395 8123 9637 4419 3491 4784 5760 9923 271 4212 6043 9926 1557 5119 4802 6022 1594 9928 5223 7266 4081 84 5119 4418 2464 6863 8964 4021 1157 3032 3764 3605 8210 2650 5033 3368 3298 9229 4145 7461 2157 7003 5882 7348 9359 6905 8178 604 4824 5919 3533 1663 7334 7600 3984 7298 4208 7231 2491 1463 7403 5632 9274 3944 1006 2387 3634 2714 6998 8569 5298 2302 3667 3259 2883 4493 5040 1868 381 9992 5156 5001 2273 6029 593 2977 8243 3528 3138 7322 4890 5308 1903 1377 6703 506 290 4795 9247 9308 4735 4061 9521 3011 2298 4419 6116 2764 1206 5387 6510 6776 9596 7889 5574 5574 4893 4065 5371 7853 5328 5646 3452 9009 4074 1670 3587 6274 3567 4992 8811 4166 8853 7368 442 7366 2564 7577 7690 3074 3685 3917 3449 5489 3364 7347 1727 5223 3078 1712 2416 277 4013 4347 443 6782 2770 3855 7520 9683 1324 1623 3667 5806 1835 8408 232 4590 3353 709 7214 6123 2412 692 191 3442 932 4491 3412 7218 2473 2528 2530 1050 5167 3484 1741 166 2078 7190 1663 7242 8492 157 2764 7045 7554 7827 9493 6982 4722 6100 5169 9699 198 6185 8110 9472 6349 8830 6860 696 7292 2680 1719 4383 3954 3334 8412 6634 7446 1620 8924
1911 7713 6861 1778 6036 7383 5435 1710 9900 9515 7250 2435 4355 1756 3012 6141 1987 187 0 6005 6120 8088 5139 5409 1151 8536 3755 6829 8925 4387 8466 1047 4671 8620 9203 2240 8631 3721 51 5257 4320 4177 1481 9787 666 1637 9357 1261 6747 2006 4801 7646 4224 5387 1349 3036 9459 6952 7227 7080 8803 4364 4303 4000 1932 133 684 973 8184 4244 9014 218 6572 3286 6574 2135 152 8648 575 8613 4133 8949 1202 3555 7924 9005 2015 6755 3970 2312 5145 697 5155 7228 4732 4086 7834 7508 1554 7953 4305 7087 9655 9319 1996 3350 112 3590 5616 9593 7462 9336 1455 1407 9508 1030 7529 9073 1659 4994 7097 4087 202 1380 1362 7625 1336 1846 2539 9538 8346 580 6277 7712 1400 7694 5563 4255 5424 3936 862 867 5 3619 7789 221 9442 4769 5043 4691 4383 385 3784 73 955 419 7279 540 1453 5658 8310 1812 6055 7808 4682 5276 8645 8829 6635 6210 8271 8448 7813 7879 480 3418 950 9540 6320 2497 8744 1501 8761 727 7649 1247 2815 730 4017 7887 9526 271 6585 627 8834 9044 921 2042 3701 6690 6541 761 9960 2615 991 1494 9440 3906 4611 5049 7087 7577 1815 5730 6740 7747 9535 496 6407 3032 8633 6497 3610 5273 3546 3075 9032 9843 9994 8363 283 6806 1197 9260 4956 8670 4389 1946 2441 5954 2315 6664 931 1360 4999 986 5522 2108 8960 1734
354 818 8975 3641 6872 2970 1891 8866 3215 9643 5398 9247 4204 7758 6854 2710 5817 1023 6005 0 9937 7285 8100 9002 863 3596 7517 8976 6883 9333 3924 8848 3504 9281 1726 3437 1590 144 8380 7919 7416 8875 1577 3064 7745 8834 783 6621 8613 2342 5868 3203 1503 2748 5575 8002 8813 9634 8977 12 3132 1047 5982 3982 2369 143 8495 2550 66 7173 7768 1059 1438 8025 6725 1987 9375 3508 8262 6835 5998 1818 3763 6182 3394 6087 8965 7156 5412 5767 3759 7365 3780 6484 2709 6650 9039 9625 106 4061 1645 1516 533 1824 2899 6286 6601 4552 8312 4810 8143 6312 780 2789 9967 8148 5570 3216 1143 73 3795 4662 52 8697 7179 5804 8585 3008 7562 4096 4913 6366 3018 2135 9036 3391 9173 1354 3575 8770 45 5970 3358 8072 1309 318 5831 6862 7491 4084 9138 9430 9805 8879 2965 9597 5356 1400 364 6907 2400 2619 7311 2372 4175 3784 8801 8531 163 7269 1870 5938 2241 603 2951 3015 8054 2776 4131 663 1286 1496 8164 8574 3880 6339 6553 2778 6432 6849 2397 4585 5381 5804 3874 9738 320 6450 4888 7883 6432 935 989 1089 9943 4427 6241 3130 383 3512 4049 5185 5535 92 9098 1560 1001 5907 4695 8960 457 8831 3835 2830 9430 9238 8006 4325 1232 3758 2277 7521 7717 2171 8763 4565 2032 3081 6256 6403 2414 3732 9407 7526 7051 6122 2703 2662 4087 3852
4202 1004 9137 6357 7656 5321 1848 5080 3801 938 2284 8215 7120 9390 8816 5967 295 6623 6120 9937 0 8931 9331 1482 1936 2746 8040 1353 9631 3308 7099 7581 8039 9164 9086 3506 2540 4009 9508 8738 9413 8230 6207 2183 8834 8032 9873 7513 1679 5198 4991 1267 2724 3277 9451 7054 3976 1580 3352 4685 918 6095 9425 338 685 484 707 4069 9734 31 1502 8545 6396 5702 3290 9463 5725 2363 9825 2093 7644 5297 7595 5043 1879 8823 5133 7718 4747 137 164 952 6800 5787 6557 6453 6495 6292 7971 2688 3898 5088 2845 917 5937 7174 9752 5315 5993 5755 3310 8632 9684 5705 1519 8133 6401 5562 1167 4746 9746 3725 2980 5360 6496 9562 7693 2915 7345 7841 2829 4230 4998 7144 4288 3822 8750 8069 3320 8039 9248 324 7005 7718 3928 8743 6197 4754 3951 647 8073 4737 3585 5073 5253 6736 9520 2490 129 474 3767 3533 2148 477 2832 4822 1634 7909 9273 4528 6739 6661 6231 1748 158 2085 1571 5974 5240 7377 8139 1259 7170 1083 7797 6597 2223 363 9172 5229 1063 3292 1227 5328 7891 7062 5331 7934 3802 5688 3328 7551 9595 4640 2512 8376 9410 8422 3911 964 9647 6599 3525 9019 9079 7763 2487 1934 3501 5294 9678 8963 1067 6867 6485 3187 6626 4342 1553 3419 4386 6951 5122 198 4369 3263 1790 425 9236 8254 9796 6066 8030 2509 1987 8824 6755 6532 178 8165
6800 6618 3068 2843 1037 9189 7774 5960 724 6552 3756 5362 9214 9440 2744 6660 115 9294 8088 7285 8931 0 3037 4268 9524 6599 3423 5064 4605 9615 5455 5937 7967 4386 5693 5975 3274 5854 9276 2485 7610 7633 4033 7987 8627 2086 5423 8940 363 6497 5016 1797 9608 7421 6581 119 7019 7940 6877 8255 3666 9167 2234 332 9849 3247 1007 912 9898 9020 2321 3407 9529 2366 3902 7746 2672 1367 5625 135 3268 9170 7362 6840 2077 6012 4418 1429 6383 1531 9967 557 2467 4258 4031 3716 3550 2276 4245 1343 3868 1459 4839 6182 3679 1330 5818 4762 5358 4481 1408 1921 5273 7303 8691 5080 6722 1362 7640 9860 8438 6900 8215 7071 3712 8693 1750 9767 3878 5437 8189 2129 6465 3225 1154 5224 4756 2739 1300 2807 5420 5065 5274 1364 8065 6689 4850 3210 1986 5172 1595 8620 5465 3105 3665 5396 4730 8835 865 3585 5168 6684 4244 8068 7850 3156 4541 3130 3486 6907 2390 2221 9147 763 3480 9688 5177 9459 1325 5487 8972 8240 7797 2852 3122 5850 775 630 6437 6290 2803 1033 3038 1477 1341 5182 7338 7970 6227 2138 244 8304 3476 6477 7391 490 3927 5113 4686 6105 1691 7680 9914 2761 2955 6656 539 3159 8837 7456 6214 6233 9943 5431 6328 6668 4079 9333 4899 176 9766 2774 1099 6270 8268 9671 2564 8679 6189 2360 2314 2513 571 1969 6800 1504 5284 7252 2354 5352
7795 4121 2181 5141 9476 4596 8281 6463 2155 4859 8186 3018 7595 9082 3100 5707 7366 1288 5139 8100 9331 3037 0 9107 3189 5486 9331 2093 2225 4429 5383 2074 6125 7580 2329 3823 8495 6698 1207 655 4598 5027 6014 9626 2148 8323 6416 511 4217 8961 9156 7688 95 3712 8161 2113 7018 8316 7893 1814 3730 6726 1053 2082 4818 593 1332 9084 5150 9431 351 4092 6343 7659 4034 5383 5885 3706 367 7038 3267 4780 2474 3331 2347 3709 1038 4510 5998 6452 3295 9205 3113 2165 7948 9484 3146 9243 6944 2410 324 5898 1181 3810 5056 4065 3778 1883 2297 9341 3824 6114 9256 8734 537 9783 4609 9295 970 4578 8214 6210 8005 565 198 4930 7791 4816 592 4632 8220 9678 458 6529 1047 4909 8744 4418 287 9261 8722 4934 1933 1709 9398 167 1812 208 3703 9476 1123 1546 8082 1037 9558 6970 2792 9304 5394 5583 8597 7924 552 7647 2203 3910 2464 194 3584 4721 4166 1842 3054 7707 5626 5729 3129 7794 8300 8640 8809 9596 6240 8679 2604 2566 7906 8062 6607 8092 49 6903 7796 6859 2056 6115 8668 7266 7311 1126 4207 1193 5799 4613 6284 5475 6686 2575 8452 4804 5109 4646 6191 2264 8843 4028 5032 7527 9043 6375 8488 4095 6282 4 3635 7281 7389 3076 5591 5879 7034 6070 627 1112 9756 5114 2523 8353 7221 4138 9069 9520 8667 5614 4885 331 8576 1724 1434 1059
3636 6230 5643 5771 2790 2311 1461 5624 777 4585 8468 6036 2916 7546 3264 7326 9537 6069 5409 9002 1482 4268 9107 0 2662 3900 962 3257 7817 4901 6481 6991 2363 385 1329 3068 848 6603 2951 9161 2035 9715 8056 7395 4400 6824 6393 9068 5703 9465 5493 6616 7199 3884 9415 4277 2572 875 4849 8751 8972 8755 1255 9941 3319 2698 249 8921 3062 2931 7979 6460 1433 4095 9561 1011 8825 7922 7654 3619 1434 7463 2550 2434 100 6963 1974 6718 7380 9931 9732 2404 1732 9044 4709 1858 1052 4317 2658 2419 1357 8194 2316 8066 7542 591 5806 9526 5026 3037 2135 333 6613 4065 6797 9611 1404 8522 2098 3314 2975 1569 6418 4208 5204 984 7088 3040 3866 3189 573 4362 5202 6751 974 8874 5635 2064 2569 8798 3627 481 7989 8418 9733 5082 8391 8562 8694 5125 6817 8242 9208 1151 538 6124 9279 4571 3455 8861 4643 9461 7323 772 7263 9826 2790 9416 4701 7193 3655 7262 5117 3922 1109 827 9810 1447 9697 3638 2777 1184 9936 4472 349 115 1580 9862 8258 7255 3264 9704 1616 158 228 851 1858 7813 6714 8540 4964 7792 2940 9216 8519 5062 6621 6685 2046 6208 4234 8996 3991 8510 7975 7484 9648 3888 4529 6963 8278 7710 7515 5452 8025 78 8482 7528 7492 6215 5833 1313 3525 8760 5084 8547 6990 3349 7745 1044 992 1462 8019 351 1382 5326 2230 1526 4283 1890
138 3482 7636 740 404 9987 5831 5017 1316 8101 9370 6869 5309 7150 7627 7770 2509 1900 1151 863 1936 9524 3189 2662 0 135 9912 4202 9845 2335 6052 6837 9651 3475 6936 8819 3728 6605 310 1538 5399 759 3662 9505 8997 6589 9023 5564 900 9854 5555 9295 329 7213 5470 6773 6442 5859 568 957 6503 6405 7568 5108 1491 7210 6225 8420 6927 4112 764 1520 4283 1493 2842 2266 2305 9403 6817 3353 1666 7269 8598 1986 5810 6114 145 5986 6560 3163 5851 5338 7644 6415 1888 3787 4007 9698 3251 1720 9090 3226 912 9697 5586 9964 1473 9073 4112 6897 3728 461 7877 4419 1852 7593 2091 5102 1924 6595 8215 2743 3182 3916 9368 32 1178 1248 3508 1327 7898 6755 4699 9204 4292 5457 8510 7368 2323 7471 295 2549 6463 3463 8159 6316 7437 9039 3770 3172 5423 9620 624 3839 9310 4083 2477 460 4191 6790 6961 79 9708 1506 4560 7582 5206 3395 8277 4313 6769 3719 1875 9423 6881 9256 8025 7755 9086 2690 9133 5091 2617 1112 1015 2599 5003 7957 5471 4870 521 3551 7877 3425 4093 5918 4267 9143 6949 4261 390 7164 1333 6445 9525 3743 5913 9083 9315 2047 4255 3915 2546 1621 6937 6925 6257 7688 5268 2109 1803 9418 9753 9613 4335 7108 9908 3144 925 6804 5819 2197 1315 640 5189 7805 7832 3799 8012 305 2038 8332 3816 6285 115 8601 4244 3180 5517 8111
6580 523 5298 8936 277 560 7070 6346 9331 5578 9019 4945 8914 1620 3049 7990 1718 3350 8536 3596 2746 6599 5486 3900 135 0 9453 5434 8691 6805 3769 8267 1255 6636 9414 5563 3012 3959 2095 2138 5155 3021 4746 2420 9434 6066 6891 9427 1746 7055 6052 1588 8839 6807 5885 3631 1283 2791 5749 5002 7801 9625 2467 5858 7352 8535 8374 109 667 5879 2125 5064 906 3941 5484 9837 142 5000 3450 9866 6913 3545 585 6195 3345 5664 8799 3643 8648 7726 6281 67 9021 4050 3219 5879 8457 7352 3726 9680 8178 7938 1989 4224 4690 8654 2123 5444 650 2342 6609 1188 5314 6037 7529 9429 407 6602 2148 7795 5929 8532 8739 3649 1718 9224 798 1288 1648 729 1607 7707 7747 9313 9818 338 5780 1162 5777 6151 1642 6351 9136 7092 4673 4598 7436 9047 8858 7639 5360 7962 7693 6649 1433 7673 2167 1166 1719 2527 4461 6229 6386 7725 5564 6937 8650 8415 416 988 7086 7116 3230 7979 4762 6996 6066 1315 3200 5127 6501 4607 4091 4491 1040 1247 6228 9142 2885 3438 7915 9504 4251 5513 6264 3178 1549 1914 7646 6436 7356 9945 6556 9563 298 1305 7428 4528 6954 9770 1856 8818 8526 1462 9553 9421 86 8935 2290 2646 131 3955 9964 8607 2001 9573 7511 1554 1039 9930 5226 5840 3437 9559 5059 5135 273 3666 5108 1259 7732 4229 9260 6212 583 1415 2294 5438 5993 8959
9614 9617 5344 484 4528 1599 9645 4349 6092 8448 3351 9396 9242 8498 9284 8152 4132 8251 3755 7517 8040 3423 9331 962 9912 9453 0 2490 7035 9551 4395 6117 5828 5574 4109 4919 3655 3269 9478 3402 5762 8844 4589 2090 3860 3778 9122 1111 3992 2853 442 895 6950 8370 113 1971 3026 4904 2781 7233 184 9294 4819 5752 6022 7432 6548 2635 8057 6236 3490 9924 223 3652 4801 8985 6185 1391 2251 1282 4576 6635 2325 873 1105 1487 2578 4369 5594 8679 2640 2358 7663 3401 6213 9101 3936 5496 9235 2349 9694 612 8211 8192 2156 8907 2259 2569 1543 1675 7257 8902 3072 4744 464 7472 4490 7180 6362 5986 4584 9919 640 7208 9847 1766 1001 8683 9478 6101 512 878 8087 1038 4758 5617 2192 9138 9765 8802 3833 6278 2009 596 3236 830 1862 4380 6675 2876 8198 1601 7392 4991 5379 2892 5307 45 401 4226 2025 4724 808 9662 1320 512 4663 9612 1136 4885 6845 3067 7546 830 4121 205 5648 316 5100 1171 8609 745 5241 1996 4491 3369 6758 3844 7076 6855 3058 8254 2651 9487 1849 2535 9048 9832 4010 6619 6454 7840 9081 4398 1337 5410 5892 8075 7394 572 4126 2410 153 9621 3267 7809 7603 1685 5857 9271 5139 8018 6072 6954 404 729 6638 3575 6269 8803 6909 7985 2482 4453 4016 9034 7383 3692 4418 8558 3628 5888 5313 7123 2212 8904 8786 2657 1198 9967
6120 7056 1347 3134 6200 3446 7299 2263 3876 8785 7240 1411 3446 4801 5575 1223 7491 1395 6829 8976 1353 5064 2093 3257 4202 5434 2490 0 8102 1382 2421 3238 3786 1452 6518 9560 6659 5918 7601 3359 3421 667 7499 6044 8149 9299 4398 681 2189 164 2060 1806 1060 6478 4847 113 8408 8145 7292 4875 767 5479 7576 5118 2027 5147 2980 8359 4933 789 8027 884 6328 3200 1619 3038 4485 9469 4118 7899 1249 6924 233 4283 2643 8210 8971 5003 6718 1412 5693 5003 8785 2718 41 9876 2161 3814 6937 9650 3266 2730 1833 5738 7005 8899 2923 6458 7704 4861 3349 2414 1869 3213 5858 8042 2621 5128 2472 5960 4896 3390 4393 8167 7441 1488 3904 921 9933 2668 35 4222 2999 3427 1112 2538 7038 2913 6197 1242 232 7505 3595 2860 142 5449 2454 2374 3015 5980 7125 2132 5145 4628 5869 2080 3159 9660 7536 873 2549 9250 7702 6250 6510 7751 9010 5705 7341 9246 8163 3963 2797 8664 1946 1000 3661 9274 4534 552 5065 272 2868 8376 2122 1014 1326 2824 836 5849 6270 4107 5671 2382 9611 5169 7622 4397 1270 4467 4408 6875 5762 8799 8985 9095 902 3656 135 2960 1300 414 6582 3348 5767 7192 5042 5229 9609 5939 4938 2197 7582 2538 380 5735 4090 2883 6372 8235 1258 1532 238 4972 8398 1448 6072 9799 273 8276 2319 2071 2989 7543 9353 154 5032 8045 1875 8622
689 3324 6706 6688 3059 71 6801 5259 57 1733 6889 6372 916 7776 9616 9126 5890 8123 8925 6883 9631 4605 2225 7817 9845 8691 7035 8102 0 3371 1598 5703 7321 2673 3722 2320 335 2766 8611 203 5605 3496 8941 4973 1244 3119 650 8741 1145 1500 6826 5282 9119 2236 4735 2740 9001 4812 7173 454 3674 9642 1760 3976 9575 6388 5201 2332 5172 5349 8352 2673 6133 7054 3229 9536 523 2854 9468 9941 2725 2268 798 1505 7941 919 4345 9164 8182 5182 5043 3323 6832 5846 7181 4763 2595 5860 8614 2600 4400 1337 7744 7560 8853 2708 1274 4256 3290 4829 6604 2067 3480 3210 3050 6604 7260 8231 4869 1111 3960 3861 9042 7224 7362 7286 2001 3715 1303 2412 6461 1752 9004 1355 1170 9419 7248 5344 1102 7382 5451 1233 320 1440 6603 9010 300 4878 9885 738 6644 7887 1724 9370 6765 8598 716 864 7695 5218 8130 5370 1957 8166 9598 8361 553 62 5774 6275 4369 4328 9360 8607 3569 4296 1863 6502 522 2362 5977 1984 2700 9403 2102 3497 5012 7292 3336 1018 3439 263 18 6923 4595 7779 7915 1240 6076 6935 5218 8904 6324 991 6261 2052 9238 1635 5006 7169 502 6576 1254 4715 5276 1260 9297 4715 4100 31 4515 9130 1452 7142 8699 3688 5713 9882 2483 509 1080 6684 8197 1857 4526 4428 3419 7363 7350 9512 6587 6746 153 7319 1235 7711 9138 2467 8857 6946
2526 7832 921 5616 5261 402 5712 1390 2599 8910 1470 3008 5421 7790 1053 2742 8035 9637 4387 9333 3308 9615 4429 4901 2335 6805 9551 1382 3371 0 9440 5105 2498 6804 8345 2184 1422 5738 5094 3169 107 2348 3700 4331 4745 5328 850 4983 5363 61 15 9728 5102 9489 6977 6456 9359 7878 5829 7947 2551 377 7528 6771 8372 6908 6150 4601 3433 2257 9963 2305 1235 9223 400 8643 9243 1090 1283 6704 99 4286 1616 2467 8340 5337 8954 5416 936 4351 882 5021 9311 4965 6443 2153 4066 9197 8888 6947 9362 6512 6180 6991 8297 9693 1310 4306 4967 7986 4080 2266 8618 4293 1192 2638 2428 4502 7984 3993 2691 6652 9518 9447 4728 1757 4422 4508 9172 8597 9343 7989 1596 6700 3114 9530 7158 8901 5967 1248 9126 5240 518 4448 374 8178 2648 5616 2291 9275 1497 1586 7274 6261 6599 837 5097 5534 5128 9092 3183 9475 3887 365 9592 314 8824 6524 1991 8055 4166 6107 1569 6483 9535 5778 46 6673 3551 3498 1386 993 6920 9161 1721 9875 4389 8155 5581 6416 938 4388 5704 2802 925 156 8691 5000 1137 642 560 5190 8230 5198 6078 7705 7500 8006 2606 1153 8913 2104 4284 5923 712 1512 6409 1418 1808 8466 736 4788 5948 3663 4786 1423 3230 232 4308 1103 5243 5471 506 8489 1013 8571 309 7799 7940 8256 6058 6646 4065 3370 9004 6819 4126 9504 4801 8700
6612 2093 2 2875 330 77 8197 1934 9044 735 409 1935 1819 4307 3272 7363 1041 4419 8466 3924 7099 5455 5383 6481 6052 3769 4395 2421 1598 9440 0 670 415 3428 3344 6501 1970 4048 6588 7974 1916 4511 9361 3090 2905 238 778 4602 3072 8350 2343 9636 1942 9106 6582 2029 4530 9478 9826 1281 7277 6466 4777 509 9228 1939 6754 1154 9580 8105 6736 8060 9719 6452 5183 1293 6405 523 7074 1916 8260 6146 9950 8578 5477 8505 8052 5243 1003 9352 9244 5849 4915 8432 1978 1309 8946 5102 180 4157 6947 7826 4259 9620 9000 4933 9705 7968 1424 3313 3767 6925 3021 4465 2385 9037 295 3091 2224 3789 9799 9869 6633 9630 3378 1 1607 6166 29 7986 66 8097 7744 1556 9726 6427 4024 993 1753 4071 1151 8388 2950 4760 8596 5006 4261 2083 6500 2449 9976 7716 6438 295 2065 7431 4568 3822 9285 6183 4148 1019 1746 2186 4077 4572 3339 5238 8026 5476 5246 4466 3013 174 2488 1405 7273 741 7135 9250 4384 8985 6707 3269 6613 5023 6582 9330 7320 6710 8286 7539 8735 7889 752 5044 7509 291 4223 3553 5579 8098 1949 4885 5920 459 9459 8383 6797 3248 5515 7930 572 8393 2666 1264 832 3958 1733 5396 1436 3615 683 605 8578 392 708 3740 7227 1960 4831 2653 4004 1664 4470 7859 9033 3787 9199 3901 2758 7908 3453 2593 3058 7076 1866 3477 3195 9082
3934 1058 5690 2358 8943 4987 9436 9029 4349 9260 9200 1706 3092 874 3391 1276 8826 3491 1047 8848 7581 5937 2074 6991 6837 8267 6117 3238 5703 5105 670 0 1483 6008 9066 5854 2242 9710 7917 9662 7204 2400 6570 9281 3218 1674 5762 1156 3638 871 7297 7884 8010 4963 497 1538 7635 4036 5501 6531 3192 5095 6666 7873 7636 8258 8830 738 6404 3765 8504 5889 4673 2865 2172 2191 3566 625 1292 8093 6768 6002 8870 8292 6032 9564 2339 4001 9841 4561 5546 2622 5339 1255 7726 4285 6292 8049 5488 9072 5355 7623 2046 4774 7818 1979 8215 3454 6768 6233 7170 1155 16 5532 9018 1296 7252 126 1922 7387 8083 6569 5996 3944 4205 1594 548 9260 2568 7035 4623 5104 138 5263 2674 7970 7773 295 2949 6585 4792 4385 366 4402 305 1526 1028 1790 762 2755 874 5784 4962 8086 9220 9792 8235 6198 4638 2140 110 2027 3302 2490 7265 560 7357 7079 5035 9195 1942 2841 3961 4224 1829 3370 9420 1665 7144 299 2367 408 4064 8947 8067 9234 8951 3044 3467 2518 73 7046 9727 215 4595 8993 2982 8131 2651 5140 8710 5256 8542 867 8400 4384 4450 6351 5849 6495 9400 5376 9573 3967 7437 9375 211 733 3560 2305 898 3898 3389 5894 9671 7369 5914 1744 7516 1040 537 248 1153 115 7088 5777 9219 7399 566 5469 7508 8331 5860 1296 9231 2841 5673 7696 4902 443
