50
0 7376 9378 9069 9584 5726 6152 1696 3622 8694 6655 8404 2518 2204 1008 5971 7833 5776 9111 8106 9688 6936 3010 2152 7516 4853 3135 6204 8014 1956 9080 8990 6785 2346 6263 4808 8765 8675 727 198 616 9202 4023 2771 7362 8125 3008 3052 3171 2552
7376 0 7305 3330 7584 7394 4098 8146 6068 748 5501 3986 331 462 2191 6908 182 2269 3239 1060 7819 9781 5220 4469 5799 6471 9000 9842 725 5536 395 1608 5768 999 2194 6857 7526 812 4588 1910 5800 9257 434 736 3671 8433 1587 4725 8915 336
9378 7305 0 9093 1436 9417 5729 9699 5678 3738 3463 639 9005 8992 8395 2086 1428 7988 449 6096 4969 7316 4305 2938 2652 9845 1342 3318 5662 6609 4290 9729 9816 6553 3620 8334 7946 8693 7351 3363 2153 504 7410 7911 5724 3949 2468 9639 8545 6469
9069 3330 9093 0 9729 8614 1823 2533 8170 6780 572 3429 949 9693 2097 2220 4927 7899 5242 4994 4450 3524 5987 5773 2395 1829 9537 6338 6017 2572 5464 6090 3126 76 7678 7536 3720 4213 1539 7360 2731 9896 7347 488 7793 1997 780 3109 4380 8017
9584 7584 1436 9729 0 2264 2830 1895 7112 1069 5340 2402 1208 501 2626 1013 7398 8835 6091 1546 218 5169 3244 6346 8574 1115 4093 5500 2398 5719 1737 1532 9470 455 9986 6968 5791 4976 1705 3853 2594 1934 5246 4733 9124 5503 9651 5262 7864 2048
5726 7394 9417 8614 2264 0 2564 2668 2451 841 4194 652 7097 640 8572 6806 4073 6876 8104 5788 1112 8258 2822 2117 8313 5847 9681 1403 1795 6036 784 8093 340 5590 8436 1190 3595 9843 7996 3722 7510 5297 252 532 4329 897 8286 1915 2389 3182
6152 4098 5729 1823 2830 2564 0 3910 1365 4361 2572 7218 7897 8837 6415 8924 6924 2672 8338 1092 8788 5104 2160 4463 1072 589 1653 5902 2803 7972 3653 4225 6076 1501 1665 666 730 7951 8746 1708 6077 9900 8001 6416 2080 2691 5635 2999 1582 4271
1696 8146 9699 2533 1895 2668 3910 0 9393 5940 729 3338 3609 9260 5404 142 6692 1114 4577 3532 8205 1836 2351 4917 1785 6068 9302 9863 7748 8424 2386 8818 5665 5641 690 5877 4412 9284 1507 3731 7896 4954 9641 8869 7478 5519 1988 1840 7861 6756
3622 6068 5678 8170 7112 2451 1365 9393 0 5426 3370 9127 5347 379 7843 6781 65 4302 7278 4733 2441 5334 6589 8706 7642 9493 5464 8598 3995 9853 1453 2478 4334 8861 1880 8621 5 583 8908 1625 9911 1594 1164 1276 6868 9104 1154 9786 4648 3674
8694 748 3738 6780 1069 841 4361 5940 5426 0 1109 4062 2435 43 4679 1733 3411 7824 357 459 6838 8803 4055 4156 6126 5760 9096 2963 3672 1755 4636 6295 9434 4718 43 1160 8613 5611 5889 3957 186 1478 6636 5004 6591 9611 2696 6010 3606 9264
6655 5501 3463 572 5340 4194 2572 729 3370 1109 0 3211 3093 5460 6825 3763 7980 5937 6104 4536 827 2639 3677 5523 8971 9548 9933 8028 4058 2503 842 7816 9401 8626 371 8029 7452 8993 1210 4660 8414 5267 2431 9493 8300 8781 3838 5973 7380 3753
8404 3986 639 3429 2402 652 7218 3338 9127 4062 3211 0 4483 4482 148 784 8061 4181 974 4835 1596 7014 5405 6437 7903 5666 963 9913 7270 2589 8083 4080 2381 8085 4302 9158 4990 9218 9415 5458 3617 5842 3158 2729 666 3288 252 4854 690 4864
2518 331 9005 949 1208 7097 7897 3609 5347 2435 3093 4483 0 969 6958 2039 3115 2564 3972 9374 7678 2400 3033 4645 3436 175 7754 4751 5713 858 2902 3821 321 8490 7006 6966 7246 8185 3450 1021 3712 3482 5604 7372 203 1522 3403 4559 4957 9950
2204 462 8992 9693 501 640 8837 9260 379 43 5460 4482 969 0 3125 4861 7702 7181 7091 9188 6789 3512 1298 6619 4370 3425 7053 8366 5067 2156 1889 1856 3461 9812 5936 214 5147 1375 8140 1249 1072 8786 9519 2617 4411 5770 7415 4383 5625 9659
1008 2191 8395 2097 2626 8572 6415 5404 7843 4679 6825 148 6958 3125 0 6466 6319 8494 1373 6713 7030 5423 627 2450 6293 6326 383 5043 4875 2545 6766 6615 3030 2446 4964 6184 5755 664 7358 9656 6782 1305 9790 1352 6061 2511 1983 4217 7061 9888
5971 6908 2086 2220 1013 6806 8924 142 6781 1733 3763 784 2039 4861 6466 0 563 4688 6012 546 4263 3052 6094 6670 5672 4431 6012 5365 3342 2541 1809 6288 1637 5080 9949 1383 455 2248 1280 7658 7740 1504 4613 882 317 8807 1840 6407 9478 8959
7833 182 1428 4927 7398 4073 6924 6692 65 3411 7980 8061 3115 7702 6319 563 0 3050 4801 7378 2697 4482 2475 7940 4932 6190 2566 5762 784 5858 4820 9125 2155 8666 2908 6438 6482 1098 7399 8488 3110 660 123 5892 5343 9124 6665 683 3160 37
5776 2269 7988 7899 8835 6876 2672 1114 4302 7824 5937 4181 2564 7181 8494 4688 3050 0 1166 1369 3544 2400 4526 5489 6966 5357 8315 9925 7672 6377 8900 9412 4352 2635 3726 763 5897 8638 4133 1072 1632 3988 7126 8298 9510 9145 3305 6868 3135 2134
9111 3239 449 5242 6091 8104 8338 4577 7278 357 6104 974 3972 7091 1373 6012 4801 1166 0 687 9275 663 4935 3539 867 9253 9418 7436 6184 811 85 2893 8862 6608 6270 6369 1680 8978 3215 5076 2143 2256 6224 2365 9226 7591 4202 4316 4892 4886
8106 1060 6096 4994 1546 5788 1092 3532 4733 459 4536 4835 9374 9188 6713 546 7378 1369 687 0 6705 2085 171 270 6391 3826 8813 9472 6415 8197 2746 5461 5043 6721 6244 6239 2957 7161 7462 2967 2631 1878 2615 7873 3155 5530 4236 7640 2026 1857
9688 7819 4969 4450 218 1112 8788 8205 2441 6838 827 1596 7678 6789 7030 4263 2697 3544 9275 6705 0 5523 4322 3040 357 8841 6377 4834 1168 5634 6619 814 8061 6095 8018 1858 2071 312 2720 8439 6107 9445 1264 6358 9425 2836 5589 7866 2457 3899
6936 9781 7316 3524 5169 8258 5104 1836 5334 8803 2639 7014 2400 3512 5423 3052 4482 2400 663 2085 5523 0 9714 6080 4186 6065 5087 1996 8825 1005 3433 5383 7625 8830 1277 6844 8754 9845 7134 4876 3697 3226 2788 2697 8060 5165 4973 5580 4221 5936
3010 5220 4305 5987 3244 2822 2160 2351 6589 4055 3677 5405 3033 1298 627 6094 2475 4526 4935 171 4322 9714 0 1989 4759 5739 8379 3217 2714 3476 7823 4276 6217 8526 8686 3913 746 4751 4774 6119 2898 4065 2160 3403 6126 1771 5860 7113 5799 8608
2152 4469 2938 5773 6346 2117 4463 4917 8706 4156 5523 6437 4645 6619 2450 6670 7940 5489 3539 270 3040 6080 1989 0 3490 7518 9925 4264 1857 536 8010 9306 8958 9789 7804 5433 1970 3504 8119 9916 3858 9979 3163 2961 1268 8168 3393 9922 495 8855
7516 5799 2652 2395 8574 8313 1072 1785 7642 6126 8971 7903 3436 4370 6293 5672 4932 6966 867 6391 357 4186 4759 3490 0 589 19 9371 4031 2818 8952 2080 6021 5636 8549 4687 4735 4420 6749 2106 6060 8963 4316 7991 625 5300 3053 7657 7929 6547
4853 6471 9845 1829 1115 5847 589 6068 9493 5760 9548 5666 175 3425 6326 4431 6190 5357 9253 3826 8841 6065 5739 7518 589 0 4843 6359 3245 6973 1845 4931 570 4749 7208 6128 7361 278 4257 3084 6769 4924 2762 6165 5605 3611 8756 6773 6133 3990
3135 9000 1342 9537 4093 9681 1653 9302 5464 9096 9933 963 7754 7053 383 6012 2566 8315 9418 8813 6377 5087 8379 9925 19 4843 0 5038 8384 1082 6453 4026 7552 4824 5303 7714 3476 5359 1664 3932 4135 9184 6689 4050 7434 4669 1382 1458 8136 5486
6204 9842 3318 6338 5500 1403 5902 9863 8598 2963 8028 9913 4751 8366 5043 5365 5762 9925 7436 9472 4834 1996 3217 4264 9371 6359 5038 0 1337 8679 9252 5088 1338 2039 2535 6583 5638 9554 7451 1467 9920 6820 8152 617 484 8870 2707 5408 4435 5632
8014 725 5662 6017 2398 1795 2803 7748 3995 3672 4058 7270 5713 5067 4875 3342 784 7672 6184 6415 1168 8825 2714 1857 4031 3245 8384 1337 0 2394 8073 1566 5679 414 768 3614 2937 6569 4880 7111 7525 3154 3295 5807 2947 567 9372 6645 5142 84
1956 5536 6609 2572 5719 6036 7972 8424 9853 1755 2503 2589 858 2156 2545 2541 5858 6377 811 8197 5634 1005 3476 536 2818 6973 1082 8679 2394 0 3331 2003 80 7092 6269 3862 2490 1899 3010 9752 2006 1568 9540 9302 1587 4198 4066 9101 497 3647
9080 395 4290 5464 1737 784 3653 2386 1453 4636 842 8083 2902 1889 6766 1809 4820 8900 85 2746 6619 3433 7823 8010 8952 1845 6453 9252 8073 3331 0 3890 3979 8150 3214 5160 7699 7462 3857 7930 1401 7099 5895 8880 1918 1479 9068 4424 5889 7812
8990 1608 9729 6090 1532 8093 4225 8818 2478 6295 7816 4080 3821 1856 6615 6288 9125 9412 2893 5461 814 5383 4276 9306 2080 4931 4026 5088 1566 2003 3890 0 3791 9899 326 867 1069 4749 7434 4130 8442 6048 5389 2150 3645 4249 6495 9631 1147 2671
6785 5768 9816 3126 9470 340 6076 5665 4334 9434 9401 2381 321 3461 3030 1637 2155 4352 8862 5043 8061 7625 6217 8958 6021 570 7552 1338 5679 80 3979 3791 0 8338 7498 4583 6068 637 9464 3724 3296 4083 5137 1883 5750 9959 8909 4474 7482 1496
2346 999 6553 76 455 5590 1501 5641 8861 4718 8626 8085 8490 9812 2446 5080 8666 2635 6608 6721 6095 8830 8526 9789 5636 4749 4824 2039 414 7092 8150 9899 8338 0 4639 6702 8135 1695 9512 9229 1269 8476 2839 8084 7912 3357 2681 9937 9753 9052
6263 2194 3620 7678 9986 8436 1665 690 1880 43 371 4302 7006 5936 4964 9949 2908 3726 6270 6244 8018 1277 8686 7804 8549 7208 5303 2535 768 6269 3214 326 7498 4639 0 4496 407 7562 9502 2865 2812 4182 1063 6593 1678 2689 3737 3045 1719 5250
4808 6857 8334 7536 6968 1190 666 5877 8621 1160 8029 9158 6966 214 6184 1383 6438 763 6369 6239 1858 6844 3913 5433 4687 6128 7714 6583 3614 3862 5160 867 4583 6702 4496 0 7755 3676 76 7253 5375 140 9856 8683 9914 3317 9645 8160 6862 9568
8765 7526 7946 3720 5791 3595 730 4412 5 8613 7452 4990 7246 5147 5755 455 6482 5897 1680 2957 2071 8754 746 1970 4735 7361 3476 5638 2937 2490 7699 1069 6068 8135 407 7755 0 9723 5853 9348 9503 8301 7894 3601 9390 7393 7334 5182 2488 4942
8675 812 8693 4213 4976 9843 7951 9284 583 5611 8993 9218 8185 1375 664 2248 1098 8638 8978 7161 312 9845 4751 3504 4420 278 5359 9554 6569 1899 7462 4749 637 1695 7562 3676 9723 0 8401 8536 7766 9537 1240 4689 1947 7843 1478 146 9038 1498
727 4588 7351 1539 1705 7996 8746 1507 8908 5889 1210 9415 3450 8140 7358 1280 7399 4133 3215 7462 2720 7134 4774 8119 6749 4257 1664 7451 4880 3010 3857 7434 9464 9512 9502 76 5853 8401 0 1263 1168 7342 4625 8886 3619 7997 2226 8925 9479 4229
198 1910 3363 7360 3853 3722 1708 3731 1625 3957 4660 5458 1021 1249 9656 7658 8488 1072 5076 2967 8439 4876 6119 9916 2106 3084 3932 1467 7111 9752 7930 4130 3724 9229 2865 7253 9348 8536 1263 0 6689 6675 3733 6413 2301 3045 1075 626 8062 1802
616 5800 2153 2731 2594 7510 6077 7896 9911 186 8414 3617 3712 1072 6782 7740 3110 1632 2143 2631 6107 3697 2898 3858 6060 6769 4135 9920 7525 2006 1401 8442 3296 1269 2812 5375 9503 7766 1168 6689 0 1911 3855 5275 6728 3903 1058 5495 4170 3300
9202 9257 504 9896 1934 5297 9900 4954 1594 1478 5267 5842 3482 8786 1305 1504 660 3988 2256 1878 9445 3226 4065 9979 8963 4924 9184 6820 3154 1568 7099 6048 4083 8476 4182 140 8301 9537 7342 6675 1911 0 338 4724 4448 693 4680 8515 2631 4277
4023 434 7410 7347 5246 252 8001 9641 1164 6636 2431 3158 5604 9519 9790 4613 123 7126 6224 2615 1264 2788 2160 3163 4316 2762 6689 8152 3295 9540 5895 5389 5137 2839 1063 9856 7894 1240 4625 3733 3855 338 0 9923 2056 2769 9408 5930 9783 6463
2771 736 7911 488 4733 532 6416 8869 1276 5004 9493 2729 7372 2617 1352 882 5892 8298 2365 7873 6358 2697 3403 2961 7991 6165 4050 617 5807 9302 8880 2150 1883 8084 6593 8683 3601 4689 8886 6413 5275 4724 9923 0 9127 1276 5072 7548 4234 8702
7362 3671 5724 7793 9124 4329 2080 7478 6868 6591 8300 666 203 4411 6061 317 5343 9510 9226 3155 9425 8060 6126 1268 625 5605 7434 484 2947 1587 1918 3645 5750 7912 1678 9914 9390 1947 3619 2301 6728 4448 2056 9127 0 7493 1948 6574 6676 2902
8125 8433 3949 1997 5503 897 2691 5519 9104 9611 8781 3288 1522 5770 2511 8807 9124 9145 7591 5530 2836 5165 1771 8168 5300 3611 4669 8870 567 4198 1479 4249 9959 3357 2689 3317 7393 7843 7997 3045 3903 693 2769 1276 7493 0 9950 564 8781 7849
3008 1587 2468 780 9651 8286 5635 1988 1154 2696 3838 252 3403 7415 1983 1840 6665 3305 4202 4236 5589 4973 5860 3393 3053 8756 1382 2707 9372 4066 9068 6495 8909 2681 3737 9645 7334 1478 2226 1075 1058 4680 9408 5072 1948 9950 0 221 231 4831
3052 4725 9639 3109 5262 1915 2999 1840 9786 6010 5973 4854 4559 4383 4217 6407 683 6868 4316 7640 7866 5580 7113 9922 7657 6773 1458 5408 6645 9101 4424 9631 4474 9937 3045 8160 5182 146 8925 626 5495 8515 5930 7548 6574 564 221 0 4383 3141
3171 8915 8545 4380 7864 2389 1582 7861 4648 3606 7380 690 4957 5625 7061 9478 3160 3135 4892 2026 2457 4221 5799 495 7929 6133 8136 4435 5142 497 5889 1147 7482 9753 1719 6862 2488 9038 9479 8062 4170 2631 9783 4234 6676 8781 231 4383 0 8212
2552 336 6469 8017 2048 3182 4271 6756 3674 9264 3753 4864 9950 9659 9888 8959 37 2134 4886 1857 3899 5936 8608 8855 6547 3990 5486 5632 84 3647 7812 2671 1496 9052 5250 9568 4942 1498 4229 1802 3300 4277 6463 8702 2902 7849 4831 3141 8212 0
