100
0 65 3899 1294 1488 5589 3483 6216 9766 9045 9507 9518 1309 2121 1090 3210 6379 4803 3191 5171 4960 1114 6075 8540 5426 1918 8741 331 578 1128 1545 3883 7319 5995 3874 9788 5872 8870 5225 8784 4706 9292 8243 8445 1466 7410 8677 4695 5742 4966 3782 4639 9071 2670 6483 4461 4526 7729 2387 6056 890 8146 4677 6116 9741 1395 9515 9103 9179 8751 3587 8946 4884 6520 3673 5082 6124 4423 2495 1324 8355 3977 2340 1152 228 2853 6012 9619 7728 8650 2535 2715 9421 3875 8212 7082 618 1102 8123 241
65 0 7628 9099 2989 7828 5280 3350 6558 1077 1922 5117 9407 6385 2710 941 1717 933 6099 6987 7722 554 991 3070 6830 4753 315 4495 5705 2734 2260 5689 646 3163 5799 8721 8178 2171 1729 3530 9060 6511 5158 6681 873 3996 2728 2415 4731 3463 7843 6146 4042 8200 6452 9414 4846 9419 9639 8272 2009 8380 1154 1881 9395 9316 7303 899 5669 9832 6906 2834 2161 3414 5412 3867 7060 9668 8806 4058 3234 3660 8883 866 3601 5237 4515 4737 355 2314 2317 9653 6433 4783 7601 8128 9249 7487 6015 3051
3899 7628 0 7757 9099 6949 5777 5936 2027 9259 2016 7960 3661 1413 6251 6546 1809 2482 6618 8719 536 8973 6560 3033 3399 1876 7213 5527 3201 5260 7392 6954 92 7445 4374 5956 6811 259 5085 7236 5963 9423 8956 6383 1149 4231 4307 3890 4301 3931 3330 6055 8709 829 4910 5798 6835 7931 6408 1734 3223 4042 4018 7154 8141 8405 251 9238 2577 3615 8204 7530 7772 2019 9911 1170 4845 5115 1305 1627 9782 9142 4883 4331 7402 8413 9479 5826 16 3795 6275 247 2193 9301 7712 6701 581 4248 5206 3421
1294 9099 7757 0 9264 5900 7695 6783 2608 6416 2206 9472 4810 4112 2492 5650 3373 4971 2682 8526 8789 1857 995 6113 809 9365 8038 7649 4155 4335 2007 3121 9444 2606 8960 1756 2744 3658 8028 1702 976 6137 4073 1495 2583 5232 9362 2931 8815 8021 218 4023 660 7220 6171 3033 4661 8085 3958 8047 6882 8098 8604 6264 5055 5680 9548 9223 5893 1975 2726 1238 9743 520 7961 2876 2310 734 3990 541 1331 2595 8982 7001 2823 5099 8296 2478 3401 4232 9161 4026 7568 4292 2473 1799 1066 2677 9203 7264
1488 2989 9099 9264 0 6132 1094 1877 9382 8663 6070 1523 4208 2229 774 8031 5477 8814 6791 2006 8405 7516 3571 4107 6590 8487 3101 8106 6523 3632 9339 3028 5002 5794 7890 5042 7628 2133 8904 2819 7778 450 9643 873 9419 4276 5842 3282 1080 5209 1682 4298 464 2857 5930 5635 5699 3055 809 3559 9588 568 9907 9857 8594 4226 663 3468 7420 7134 8617 9565 9040 1231 3069 7012 2490 2622 3519 4733 8237 7442 8014 2683 8069 7620 2382 6191 2148 1705 5330 5555 8670 9420 3256 38 4679 834 1806 6770
5589 7828 6949 5900 6132 0 5201 568 8418 1154 1840 4876 2697 7442 5360 7544 1925 496 2739 3562 2768 2328 9069 5174 6583 1260 2679 3778 2829 3421 8341 3308 2483 7750 5731 7056 7953 3636 9611 865 4915 6737 544 4741 5753 1679 7937 3161 2513 100 6058 487 4681 8539 9095 8082 7776 5077 1470 1955 9962 7628 7603 8379 3411 8539 7930 6537 547 1905 4335 3275 7114 1503 9288 5560 5397 1018 4982 9189 6962 3655 9650 4989 9327 8240 1336 3166 7393 7536 3476 2322 9088 2332 8091 6654 3476 8437 3216 8868
3483 5280 5777 7695 1094 5201 0 3113 9912 4100 4177 4506 5331 345 7771 8913 8976 7934 5035 5689 7528 5007 6281 1994 5291 2245 1245 2870 5614 6371 6871 8176 6422 2510 1167 8555 5052 9937 2640 148 3213 107 1708 5408 3178 9267 5617 1254 4634 6303 3023 3410 1305 9254 3260 8502 5806 1536 6180 8921 5775 9237 4471 7257 8021 544 3146 7053 9852 4970 4974 7577 1131 5074 9329 6513 9330 6081 1585 1250 9271 2590 9514 7471 3903 3335 4440 615 8434 9854 3849 4492 6609 881 8697 2004 4515 7157 6697 9376
6216 3350 5936 6783 1877 568 3113 0 9748 6964 1663 6975 2421 7478 1097 4060 8270 7567 1845 1585 4618 4614 7487 8750 4805 7055 1987 6021 2954 3255 5086 5370 6667 1805 1071 3650 5271 2338 6490 877 6690 7353 8289 7661 7032 6432 607 4475 5013 4867 9114 7614 8129 124 2256 3778 6863 2601 7972 7423 8294 8772 7818 5452 3603 4098 9736 6096 8787 9864 4771 698 9756 9739 4888 3589 4977 2062 3436 7224 8411 4501 3514 8830 6093 3418 2710 4554 4805 6453 8615 6337 5372 6670 9391 2122 8916 6691 5356 3927
9766 6558 2027 2608 9382 8418 9912 9748 0 3806 4089 1231 4798 8852 7088 370 4437 1632 7761 6609 512 3837 832 1705 5892 2647 4974 6600 9865 1012 1855 6970 2057 5574 7980 1813 4059 9689 6530 9079 4728 4380 9124 2529 3598 8742 3776 374 8529 6499 3461 2440 4948 1477 4792 2261 8021 2594 1771 2376 7241 5457 5604 8995 2578 8464 4232 2192 5456 6574 9971 2683 3529 67 9275 9532 7536 8673 6767 9569 5771 6173 6178 725 2316 6108 5249 7530 7400 4331 2535 7399 2185 6831 9878 9632 1671 8956 8295 8416
9045 1077 9259 6416 8663 1154 4100 6964 3806 0 3548 5710 658 5490 7586 974 5474 4409 9638 3519 6408 3421 2479 2797 6629 8199 9520 308 6188 3541 797 685 9088 7731 1690 5898 2422 7895 433 4353 2803 1208 9770 1731 3896 6559 6961 2370 1942 6488 6220 9037 983 533 1939 4498 2872 5976 9317 9884 3675 5977 2039 5601 5955 174 184 1205 7988 4082 1787 7213 2766 937 8887 983 9967 3929 6816 4607 3590 8235 5549 7595 2662 3149 7317 9178 9478 3220 5564 2179 7371 6015 1759 2819 4894 3791 6996 4030
9507 1922 2016 2206 6070 1840 4177 1663 4089 3548 0 2248 9732 4089 4776 5729 5683 6912 7994 4648 2584 1205 7325 4844 431 687 272 4053 6862 4415 2587 2037 9253 5616 4454 9732 4470 7232 4422 2952 6978 1380 5639 2288 6711 8013 7326 4202 7086 8016 3933 6604 2383 4642 1024 5028 6187 229 173 6029 8284 4997 881 2835 3613 979 3846 2227 4738 233 7722 4243 9936 5621 6329 5004 3916 242 9599 6295 792 5095 2467 5659 2516 4136 9663 5637 6086 4255 5232 9130 1750 8211 799 3854 1401 7539 5194 9993
9518 5117 7960 9472 1523 4876 4506 6975 1231 5710 2248 0 7427 4265 625 1566 1124 3762 8231 38 9713 714 579 8116 335 3616 4877 1482 3154 4845 7733 16 2104 8982 3887 5268 3862 2540 6079 5878 9722 2488 1047 6333 8751 2907 296 4379 9391 7400 3035 330 3409 5059 4654 8561 5587 5206 5029 728 3696 4440 1630 7392 4929 3876 1739 1932 7758 848 9852 7986 229 5758 4345 8602 4771 9019 5519 2592 1991 219 3144 4110 6710 3956 7856 9164 7676 1462 7424 8260 8437 9423 4953 9537 7914 9219 3790 7662
1309 9407 3661 4810 4208 2697 5331 2421 4798 658 9732 7427 0 7857 412 1711 3405 158 956 8340 818 859 2416 6550 8781 6465 4659 9278 4463 809 8241 8585 3349 5058 3474 1595 2414 2390 2441 6959 9620 2815 7481 3752 7983 9827 3157 5133 987 832 3063 5308 3387 6258 1288 2221 8 8271 871 5097 3475 5187 5656 2018 1850 7560 1721 9162 1360 7060 8948 4772 5013 4483 2556 7934 7369 7814 3401 777 4837 5995 7291 2671 3302 6247 8419 7973 6837 6763 1990 1235 8358 1297 7805 7772 499 9650 7225 3552
2121 6385 1413 4112 2229 7442 345 7478 8852 5490 4089 4265 7857 0 6738 959 8186 7638 4760 2575 2767 9107 9950 2210 9905 1888 7401 810 1327 5581 2474 880 1172 2243 1390 2851 7423 7263 4724 9474 8730 8262 4072 9364 111 9585 4575 1291 8991 3580 5541 1524 8209 9378 7527 4872 5862 8896 1741 9520 8116 6092 2698 9834 6861 3608 2082 5397 7283 4301 2700 3033 8338 1306 4723 4371 1424 7449 8669 5328 1351 8083 5305 3181 7348 9568 9922 225 7413 3494 1108 7091 4184 7504 5944 2915 329 3281 2789 7787
1090 2710 6251 2492 774 5360 7771 1097 7088 7586 4776 625 412 6738 0 1889 7751 7437 9866 3572 5265 7690 9783 5908 7708 9316 1323 4199 2255 4938 757 7826 4524 3881 2235 6867 1810 4825 3359 3190 3233 6155 6790 862 41 2337 1114 6125 7490 7113 362 7788 8969 5028 4430 8968 5890 572 2197 1597 8287 1505 3644 1679 7913 6222 9661 1143 4898 2275 2248 218 732 5024 5125 3415 8281 195 9877 3119 2992 5771 476 9559 5694 5376 7873 3785 2773 6811 500 4135 686 6183 580 6480 5209 8257 7100 2087
3210 941 6546 5650 8031 7544 8913 4060 370 974 5729 1566 1711 959 1889 0 6051 997 2055 5903 4042 8516 3278 641 8668 950 3115 8020 9889 2157 5170 5378 4670 1336 6970 6138 8522 1624 6051 5286 620 2423 8596 2135 6090 293 1703 9938 5666 7970 1234 7230 5411 12 8019 6465 1933 2876 5420 8345 8468 5041 1565 5724 1694 9834 2927 9320 699 8028 2278 6556 801 4124 3620 9384 325 6411 2514 220 2052 6958 3403 7670 2499 5520 2678 1999 1867 9500 3467 4459 4168 714 250 3850 3683 2270 3626 7937
6379 1717 1809 3373 5477 1925 8976 8270 4437 5474 5683 1124 3405 8186 7751 6051 0 8859 7359 513 9743 5444 6484 1637 7190 3744 2921 693 6506 3081 9540 9421 7437 6650 4052 3425 9161 2084 3535 4197 9783 5870 7971 4318 9071 4524 6290 5501 7052 1198 5257 1504 9039 4274 8003 9104 8873 3680 1144 1931 7491 2321 5013 3303 855 3774 4574 4941 9454 5802 9401 8749 189 8191 4552 5302 6011 7450 7418 1817 6129 8777 9424 7998 3730 31 677 433 767 6767 6420 9026 6910 6649 4867 1103 6510 6737 9761 6352
4803 933 2482 4971 8814 496 7934 7567 1632 4409 6912 3762 158 7638 7437 997 8859 0 1471 2583 3350 7568 9793 3332 7477 6203 6659 9489 414 1809 6897 5085 3487 1464 4583 8164 9537 8448 7102 2092 5185 7660 2680 6213 8447 6794 8695 1753 8585 8935 3555 2930 9103 2231 4521 2078 5135 2153 6776 6916 7161 9470 5870 8734 1229 7679 4742 9005 3179 2380 4286 4839 421 91 2069 1093 8066 9179 3192 2256 277 9641 4419 9091 5774 5838 4119 9982 8804 8217 8414 6199 3884 8374 7341 1847 8333 9536 6621 1370
3191 6099 6618 2682 6791 2739 5035 1845 7761 9638 7994 8231 956 4760 9866 2055 7359 1471 0 4598 6225 7029 664 6470 3977 1108 8932 4029 7004 9006 1092 6268 1601 142 3028 6424 6889 500 6294 8504 4956 7931 5176 7834 2371 3723 3455 9157 953 6387 965 999 2315 7728 5883 4856 8043 3385 7210 20 5438 8062 1446 224 8717 5539 2784 885 8375 7638 3443 8870 5564 8065 9737 4234 7432 6936 9662 6744 3272 7713 6017 5453 1017 8680 2610 1671 4486 1808 2469 6841 8987 6600 9681 7750 1300 8933 8984 3595
5171 6987 8719 8526 2006 3562 5689 1585 6609 3519 4648 38 8340 2575 3572 5903 513 2583 4598 0 6903 8339 2377 4492 7426 3458 6711 4622 2459 7538 4981 6332 2304 6404 8240 7746 1815 8830 9282 3491 4320 381 3751 412 7445 9842 6627 5076 4038 9820 6572 3153 9586 4485 2058 9641 248 7252 8976 7343 2982 1414 7191 8001 981 2883 8661 4906 4475 1512 5056 2556 5800 7125 2977 1476 998 6445 7076 6644 1483 1336 9407 7731 3093 5895 1817 9777 7212 7074 2745 9894 9452 5298 7197 7392 290 3791 4138 8392
4960 7722 536 8789 8405 2768 7528 4618 512 6408 2584 9713 818 2767 5265 4042 9743 3350 6225 6903 0 772 8826 6243 9880 4728 2413 2014 5206 791 9797 9798 4111 5070 3413 4621 6429 5219 1360 6144 7074 5622 6944 442 985 8617 5200 2914 8036 9367 6836 8293 6872 7761 7548 8117 8967 7862 9236 3826 3179 6940 6933 1167 5653 2502 8033 9809 2025 8663 1414 5355 485 7509 7919 1106 5005 6001 8635 3495 404 7845 6364 3898 5210 8079 8833 5502 2867 6853 1992 6750 9810 8828 781 3702 8729 3945 5992 6509
1114 554 8973 1857 7516 2328 5007 4614 3837 3421 1205 714 859 9107 7690 8516 5444 7568 7029 8339 772 0 6011 7845 7425 5130 4209 5637 9429 2809 6448 7739 1325 6161 9551 2753 3822 3854 332 5595 7718 8698 2503 8404 4555 9406 4312 4080 5818 1407 7753 8172 6340 4846 6951 5970 9885 1074 6862 9645 4506 7344 7215 1552 1404 6273 641 4397 8836 2554 9844 6674 7269 9726 3875 9183 3062 8152 7453 4833 6407 517 3268 6099 17 4213 7654 8812 8311 600 6750 6218 8913 582 6224 6237 3342 6486 1030 3640
6075 991 6560 995 3571 9069 6281 7487 832 2479 7325 579 2416 9950 9783 3278 6484 9793 664 2377 8826 6011 0 7816 5178 3743 6011 3728 9013 5331 5256 6994 8823 1167 9317 7818 7288 729 6287 1578 2273 2377 4196 1478 5359 6045 102 1150 2137 5270 8918 7318 8077 141 9043 6637 9476 4775 2344 8386 3649 439 169 9945 8743 9401 1010 6547 5206 2051 2112 9842 8230 2602 5525 2533 2368 3075 948 7642 804 2095 4878 9245 6528 5446 9110 1272 7089 5274 5172 2834 5563 5053 3355 3568 9192 1647 6271 1472
8540 3070 3033 6113 4107 5174 1994 8750 1705 2797 4844 8116 6550 2210 5908 641 1637 3332 6470 4492 6243 7845 7816 0 2369 1022 3261 6993 7026 9306 2584 7083 585 5070 8257 3405 4967 6209 9329 1816 1641 6333 5158 8568 5655 8289 6330 6081 8995 3329 4473 487 6133 8499 5207 5163 5057 5120 2614 8479 6368 381 4651 5237 307 3021 7630 6584 4981 5734 480 2962 9320 2024 886 5180 4929 7752 3248 9381 7808 3647 6991 987 1076 2338 2672 3745 1924 936 9467 7012 1639 1136 1374 8177 2888 952 2834 8782
5426 6830 3399 809 6590 6583 5291 4805 5892 6629 431 335 8781 9905 7708 8668 7190 7477 3977 7426 9880 7425 5178 2369 0 1618 516 9741 6944 6481 3229 9949 8297 1741 4768 5891 943 6445 1475 4300 8841 1995 6335 9877 3293 664 4994 6045 409 7498 7446 4455 4061 1885 8012 7316 526 7982 9402 692 7707 9559 603 5774 4247 8767 4554 9018 2057 1769 9392 8424 3917 5766 6448 9216 206 1513 6673 2766 4494 3152 3916 6782 1943 3427 9697 6125 3594 3212 5664 9956 3021 4275 6475 2719 5518 768 3464 9150
1918 4753 1876 9365 8487 1260 2245 7055 2647 8199 687 3616 6465 1888 9316 950 3744 6203 1108 3458 4728 5130 3743 1022 1618 0 6096 2737 565 570 398 5866 8439 7149 4703 4868 2393 2791 2655 1851 945 261 4937 3500 5184 4952 5905 7876 1221 2398 8721 6775 9617 5858 1668 2147 3006 8364 6018 397 537 6546 2355 7319 3694 9239 7781 8649 6237 4626 6213 7521 917 4741 9798 3605 957 7676 8756 7130 1980 6383 4125 2871 2636 6106 5149 4684 2606 1878 6168 8968 342 1769 6224 6159 7193 2370 6579 6617
8741 315 7213 8038 3101 2679 1245 1987 4974 9520 272 4877 4659 7401 1323 3115 2921 6659 8932 6711 2413 4209 6011 3261 516 6096 0 6040 3312 954 1723 871 8511 26 8086 3243 1137 4612 8291 8656 591 9712 7881 2280 968 3932 5945 1980 6369 184 5512 8082 1551 8050 2221 4761 680 7177 8839 8562 7065 1935 2781 9952 3764 9391 7027 8437 4652 6162 1110 787 4586 1194 8143 59 4454 4966 3222 4672 5786 5489 4182 2612 260 1607 5008 9099 7382 8213 5526 7121 3905 3764 8614 660 8345 9443 232 1407
331 4495 5527 7649 8106 3778 2870 6021 6600 308 4053 1482 9278 810 4199 8020 693 9489 4029 4622 2014 5637 3728 6993 9741 2737 6040 0 8617 6345 8295 4041 14 5646 9455 2252 4708 8193 7736 662 756 7919 6060 4347 9103 9002 6379 132 9505 3407 4336 3026 816 5815 145 5659 9084 1342 6844 1903 4590 2904 8990 9746 686 2466 2049 3898 525 2946 275 3263 8626 5259 5658 2863 6290 1157 3907 5327 2104 7388 1032 2487 6493 702 8527 2751 3742 3828 2345 4669 4912 1719 93 649 4441 9464 9486 6447
578 5705 3201 4155 6523 2829 5614 2954 9865 6188 6862 3154 4463 1327 2255 9889 6506 414 7004 2459 5206 9429 9013 7026 6944 565 3312 8617 0 5715 1724 6679 5110 2152 4161 694 4760 6636 30 6049 5548 9821 765 6293 2232 4674 9609 7123 297 574 2820 2204 2585 4683 5811 1378 9155 4880 7914 4130 2272 7487 4626 8518 3707 6457 7025 998 9669 9113 8023 70 5092 2179 7969 5845 7947 9182 2493 1475 2031 5913 906 6320 5197 4544 5195 6019 9606 9181 6820 5068 4765 9700 36 6493 9654 3545 6402 1691
1128 2734 5260 4335 3632 3421 6371 3255 1012 3541 4415 4845 809 5581 4938 2157 3081 1809 9006 7538 791 2809 5331 9306 6481 570 954 6345 5715 0 5440 2627 837 2935 2071 9959 3641 3105 9637 3410 646 8887 4183 3873 3524 6654 9649 70 8495 8080 4089 6801 2424 508 1949 7582 3723 1604 7304 4591 1248 4013 5071 879 7566 730 4074 3021 1579 717 2933 4931 6903 4908 2341 4816 8500 9142 1078 4196 6967 7325 1895 7800 5469 6605 2238 50 3405 846 5266 7371 6249 865 5088 7153 4011 8493 3502 9967
1545 2260 7392 2007 9339 8341 6871 5086 1855 797 2587 7733 8241 2474 757 5170 9540 6897 1092 4981 9797 6448 5256 2584 3229 398 1723 8295 1724 5440 0 8344 1518 6806 4669 5910 2265 7847 9623 1938 410 4404 7648 3775 1365 936 5474 7679 2004 7532 6853 1752 6163 9638 7001 5854 143 770 7511 2540 3212 361 2101 9324 8618 5723 333 8211 2145 9837 3021 6846 8929 8084 3669 5496 182 4188 6635 9379 292 1338 8348 4216 3640 1916 3653 3122 6414 9545 2047 5894 2111 4381 16 4409 662 7522 7854 1354
3883 5689 6954 3121 3028 3308 8176 5370 6970 685 2037 16 8585 880 7826 5378 9421 5085 6268 6332 9798 7739 6994 7083 9949 5866 871 4041 6679 2627 8344 0 1784 8487 7081 2884 6176 6467 6884 4801 3362 1768 9467 8289 3387 5638 7424 5840 8801 4661 7114 7573 608 3142 2563 4546 7911 173 5419 1474 9553 6803 2488 5425 1852 6321 434 214 9195 8048 7573 3050 65 4496 3204 990 7234 3025 8877 9858 6389 4141 9259 2402 9587 1613 6637 7088 9030 3442 4283 6044 9066 4589 518 3718 4318 2991 2987 2190
7319 646 92 9444 5002 2483 6422 6667 2057 9088 9253 2104 3349 1172 4524 4670 7437 3487 1601 2304 4111 1325 8823 585 8297 8439 8511 14 5110 837 1518 1784 0 9669 7634 3142 2681 9726 1265 8902 4658 4943 1313 179 135 216 8790 3657 3142 6416 8545 7511 4448 5995 9041 2921 5599 4726 536 5978 294 1350 678 851 6468 5633 5909 5586 9218 4436 3833 4801 6828 1448 2064 4893 9926 4760 5202 6623 1689 9034 2426 6440 460 604 1348 6359 4274 9848 560 8054 7991 7713 4926 5985 8459 8289 521 5090
5995 3163 7445 2606 5794 7750 2510 1805 5574 7731 5616 8982 5058 2243 3881 1336 6650 1464 142 6404 5070 6161 1167 5070 1741 7149 26 5646 2152 2935 6806 8487 9669 0 6061 7762 3094 3352 2686 7080 1319 6518 3136 9367 2651 3054 4425 3581 8774 9276 3047 9314 7768 6214 5078 1148 4591 3851 9562 7 6814 4610 3848 7273 430 8869 8779 4723 9767 7810 516 6563 1739 9553 8097 3236 4960 9443 3596 273 4491 1846 8646 6049 4292 2523 6722 5184 4234 3059 9204 199 3633 2584 465 4677 3350 5733 1053 4863
3874 5799 4374 8960 7890 5731 1167 1071 7980 1690 4454 3887 3474 1390 2235 6970 4052 4583 3028 8240 3413 9551 9317 8257 4768 4703 8086 9455 4161 2071 4669 7081 7634 6061 0 2362 3090 7187 1056 7441 80 2140 8893 349 6931 2259 2244 4116 5268 142 742 6651 2573 5899 753 4216 9753 4474 7400 7408 8530 7389 803 1112 3355 1014 6791 8070 8540 1330 8926 5339 8540 429 2236 230 6915 7947 2270 9657 4200 9877 9042 8709 119 5057 9467 4614 5727 5222 6919 4675 461 7539 6990 8829 430 1031 3254 7812
9788 8721 5956 1756 5042 7056 8555 3650 1813 5898 9732 5268 1595 2851 6867 6138 3425 8164 6424 7746 4621 2753 7818 3405 5891 4868 3243 2252 694 9959 5910 2884 3142 7762 2362 0 8370 3531 4151 9987 1978 6097 7784 5331 8174 4864 2461 4713 5645 9434 344 3200 8284 8997 5932 6843 4166 7977 4895 6472 2997 9313 5319 3892 7508 2007 1453 1043 7583 212 9949 924 6302 9308 1115 6506 9686 4124 5533 6613 7704 6156 8495 9416 356 6463 6563 5579 3876 5233 5007 4035 3256 7087 3722 845 2983 6814 7813 8833
5872 8178 6811 2744 7628 7953 5052 5271 4059 2422 4470 3862 2414 7423 1810 8522 9161 9537 6889 1815 6429 3822 7288 4967 943 2393 1137 4708 4760 3641 2265 6176 2681 3094 3090 8370 0 2944 5391 1445 6701 1698 7860 1103 4617 6689 3423 820 6329 8161 6425 8293 8545 3479 2035 4072 7730 8532 9998 7681 38 2351 1914 4387 8324 289 8317 7995 971 7355 3311 5305 5439 9536 184 6520 7552 9977 1408 4603 3299 5286 3498 9217 1248 2501 5118 8274 5250 8991 8690 65 6211 9666 651 5170 1872 3795 7147 7008
8870 2171 259 3658 2133 3636 9937 2338 9689 7895 7232 2540 2390 7263 4825 1624 2084 8448 500 8830 5219 3854 729 6209 6445 2791 4612 8193 6636 3105 7847 6467 9726 3352 7187 3531 2944 0 6599 7613 2510 2697 2427 8347 1000 6474 5587 1579 2735 223 5483 8310 2461 3273 4772 225 4855 6636 5276 8399 4573 2594 604 971 2031 8358 3221 3372 6082 5019 7306 9077 3043 1642 123 2601 3981 6684 5921 4075 5606 3738 2204 9299 4117 5761 5853 886 405 8577 8916 6560 7010 1258 1161 1438 702 9239 9398 5096
5225 1729 5085 8028 8904 9611 2640 6490 6530 433 4422 6079 2441 4724 3359 6051 3535 7102 6294 9282 1360 332 6287 9329 1475 2655 8291 7736 30 9637 9623 6884 1265 2686 1056 4151 5391 6599 0 432 8398 2050 1308 860 5798 5607 5907 9859 9584 6815 1392 9351 8871 3716 6782 6433 2071 9341 43 9448 4722 1991 7066 3955 6695 5598 4678 4840 795 4057 2661 6624 6667 8663 9617 6910 2005 684 6071 4035 4476 9541 3293 2201 9611 1663 4637 4844 2849 5366 9193 5927 3224 625 1715 3013 6908 1097 3610 1244
8784 3530 7236 1702 2819 865 148 877 9079 4353 2952 5878 6959 9474 3190 5286 4197 2092 8504 3491 6144 5595 1578 1816 4300 1851 8656 662 6049 3410 1938 4801 8902 7080 7441 9987 1445 7613 432 0 6576 1917 4442 8478 4280 2785 3175 3790 1841 6638 6066 5137 3059 4288 5202 9823 4824 2716 6441 8576 1500 7358 7834 1792 8817 412 6965 4908 2860 6354 2981 45 1348 2123 3942 6871 2746 4473 5485 5157 7014 6339 4292 2078 4575 5736 8618 7696 9717 5458 8314 5918 375 8211 1744 6976 5643 1256 3277 4824
4706 9060 5963 976 7778 4915 3213 6690 4728 2803 6978 9722 9620 8730 3233 620 9783 5185 4956 4320 7074 7718 2273 1641 8841 945 591 756 5548 646 410 3362 4658 1319 80 1978 6701 2510 8398 6576 0 4553 6543 7220 4038 3746 5521 1391 3274 1252 5498 7107 6472 1434 1244 232 6528 1560 4903 1996 3585 1925 7263 7563 3897 8433 5707 5602 1088 1683 802 5442 2372 2374 8909 3892 651 1748 5620 2673 2742 5313 9710 108 8489 1989 9599 3316 6146 5823 6239 3163 232 1914 6301 5636 4965 934 5461 2503
9292 6511 9423 6137 450 6737 107 7353 4380 1208 1380 2488 2815 8262 6155 2423 5870 7660 7931 381 5622 8698 2377 6333 1995 261 9712 7919 9821 8887 4404 1768 4943 6518 2140 6097 1698 2697 2050 1917 4553 0 860 5558 4110 2526 6429 4807 4834 927 2169 5892 9695 8168 419 5181 4611 795 717 9268 1160 8374 4809 7910 8038 2684 9503 7070 7072 2043 740 2749 1719 1004 8945 4226 8935 4117 3572 6618 4571 783 1839 4188 3064 38 6291 9653 1056 3558 3286 3593 6482 7690 3983 9028 2912 9974 2493 1845
8243 5158 8956 4073 9643 544 1708 8289 9124 9770 5639 1047 7481 4072 6790 8596 7971 2680 5176 3751 6944 2503 4196 5158 6335 4937 7881 6060 765 4183 7648 9467 1313 3136 8893 7784 7860 2427 1308 4442 6543 860 0 6262 2820 3887 1709 6664 2463 4269 4178 1696 4626 7373 5139 8784 5108 7724 1786 5236 1686 1089 3704 1275 5375 3381 3057 1350 6456 7491 7854 6595 8644 573 2389 2638 6847 3573 1482 6306 3822 2336 702 66 2907 7736 3460 9927 3909 5613 7076 3199 9054 322 4908 2065 8272 1463 2091 9213
8445 6681 6383 1495 873 4741 5408 7661 2529 1731 2288 6333 3752 9364 862 2135 4318 6213 7834 412 442 8404 1478 8568 9877 3500 2280 4347 6293 3873 3775 8289 179 9367 349 5331 1103 8347 860 8478 7220 5558 6262 0 7462 8547 29 1318 9170 4800 5907 8605 8160 4182 5085 6869 5422 6344 6372 8818 8585 845 8923 1837 5369 6072 4875 1347 7169 4710 2736 6596 8783 7221 7708 6564 9630 8082 9358 7261 3320 1225 6889 1928 8198 2786 2392 5788 1256 6768 5314 5909 5896 8823 3224 3200 9134 1015 1099 7735
1466 873 1149 2583 9419 5753 3178 7032 3598 3896 6711 8751 7983 111 41 6090 9071 8447 2371 7445 985 4555 5359 5655 3293 5184 968 9103 2232 3524 1365 3387 135 2651 6931 8174 4617 1000 5798 4280 4038 4110 2820 7462 0 545 520 7954 2452 4106 1822 8910 4559 914 7628 7131 6405 7774 4972 6697 1955 9429 4728 2372 4947 2020 1105 8767 9594 1597 7016 6498 3620 6941 2963 2071 7757 331 8988 1930 9226 6386 7175 4227 8483 8467 8000 6370 1185 8146 1720 18 3358 2176 7981 8214 174 492 4868 5439
7410 3996 4231 5232 4276 1679 9267 6432 8742 6559 8013 2907 9827 9585 2337 293 4524 6794 3723 9842 8617 9406 6045 8289 664 4952 3932 9002 4674 6654 936 5638 216 3054 2259 4864 6689 6474 5607 2785 3746 2526 3887 8547 545 0 8800 6148 1280 7039 5734 3848 2790 980 3187 109 3139 982 1622 9332 2098 6217 1165 9252 8370 8269 6153 2244 1717 3500 2112 2918 1865 6577 9097 2886 942 7793 6787 1026 6880 294 4260 6060 3346 2600 3858 3261 1255 485 4864 7320 6980 307 1483 8999 5490 9135 9767 9164
8677 2728 4307 9362 5842 7937 5617 607 3776 6961 7326 296 3157 4575 1114 1703 6290 8695 3455 6627 5200 4312 102 6330 4994 5905 5945 6379 9609 9649 5474 7424 8790 4425 2244 2461 3423 5587 5907 3175 5521 6429 1709 29 520 8800 0 4091 5277 8506 7321 6766 9828 8577 58 1891 9968 8778 8642 1747 1375 3129 1493 2825 9478 3884 1532 1392 6993 1823 9183 4089 1174 7861 6512 7266 9475 7332 1684 2950 7404 765 5827 3421 8937 4194 8921 8607 2178 6413 4663 9867 255 1033 6773 4430 6651 1684 7258 6662
4695 2415 3890 2931 3282 3161 1254 4475 374 2370 4202 4379 5133 1291 6125 9938 5501 1753 9157 5076 2914 4080 1150 6081 6045 7876 1980 132 7123 70 7679 5840 3657 3581 4116 4713 820 1579 9859 3790 1391 4807 6664 1318 7954 6148 4091 0 1501 432 9516 9464 3489 406 8978 3516 7097 5159 294 3854 5656 4635 7065 1596 8277 3849 9440 9445 9329 515 2239 4465 3176 7985 1619 3223 7791 4694 683 2161 4521 4278 7794 9972 4081 9899 1839 9699 9735 883 5841 6756 17 4307 1735 8353 698 7129 9004 8152
5742 4731 4301 8815 1080 2513 4634 5013 8529 1942 7086 9391 987 8991 7490 5666 7052 8585 953 4038 8036 5818 2137 8995 409 1221 6369 9505 297 8495 2004 8801 3142 8774 5268 5645 6329 2735 9584 1841 3274 4834 2463 9170 2452 1280 5277 1501 0 2187 485 2600 147 9460 1452 9885 8000 2949 4311 333 4837 4717 5659 4167 1029 4224 4968 1145 783 6508 4733 5819 8056 3431 752 9392 8879 1393 1923 163 4281 173 9229 5469 1195 235 4238 8786 880 3718 9908 379 506 9255 5424 3695 7549 8827 5023 275
4966 3463 3931 8021 5209 100 6303 4867 6499 6488 8016 7400 832 3580 7113 7970 1198 8935 6387 9820 9367 1407 5270 3329 7498 2398 184 3407 574 8080 7532 4661 6416 9276 142 9434 8161 223 6815 6638 1252 927 4269 4800 4106 7039 8506 432 2187 0 5989 1084 6099 8623 2067 6463 2072 122 1939 5498 3348 6988 4644 2461 4869 3515 7135 1246 4338 1972 2362 3822 6558 8059 6705 743 9912 3179 1164 985 2861 6479 1713 1670 5223 5208 9922 1271 1160 6691 6756 3611 1911 4158 744 9301 4150 7237 7906 8541
3782 7843 3330 218 1682 6058 3023 9114 3461 6220 3933 3035 3063 5541 362 1234 5257 3555 965 6572 6836 7753 8918 4473 7446 8721 5512 4336 2820 4089 6853 7114 8545 3047 742 344 6425 5483 1392 6066 5498 2169 4178 5907 1822 5734 7321 9516 485 5989 0 897 5348 7290 9800 281 6727 441 4395 8890 4872 3025 526 1191 5935 8084 7349 242 9316 6636 9553 8355 9347 3575 9381 2886 9301 8547 3417 1220 6424 375 399 1273 7193 6320 2224 8896 8301 4164 1104 7853 3807 6800 5698 5407 386 2952 4123 8640
4639 6146 6055 4023 4298 487 3410 7614 2440 9037 6604 330 5308 1524 7788 7230 1504 2930 999 3153 8293 8172 7318 487 4455 6775 8082 3026 2204 6801 1752 7573 7511 9314 6651 3200 8293 8310 9351 5137 7107 5892 1696 8605 8910 3848 6766 9464 2600 1084 897 0 7476 6938 1246 1752 8696 1181 2836 3032 5064 5443 536 9749 6917 3300 4021 9191 5906 4174 3950 5807 8089 677 3431 363 1340 8123 7238 6063 1724 2911 8164 3133 4928 8573 1723 8269 1215 7402 8050 4918 3120 5074 2043 4720 9961 1535 7361 6318
9071 4042 8709 660 464 4681 1305 8129 4948 983 2383 3409 3387 8209 8969 5411 9039 9103 2315 9586 6872 6340 8077 6133 4061 9617 1551 816 2585 2424 6163 608 4448 7768 2573 8284 8545 2461 8871 3059 6472 9695 4626 8160 4559 2790 9828 3489 147 6099 5348 7476 0 6441 3892 7547 2075 6954 6518 4044 2905 866 7083 6408 7639 3139 905 7038 5194 7509 8668 4000 3314 858 1394 1922 1139 8021 6585 8861 2880 4959 5240 5082 3084 5867 3026 2555 732 8195 3224 4422 7283 6174 7989 8343 1605 6919 5535 3843
2670 8200 829 7220 2857 8539 9254 124 1477 533 4642 5059 6258 9378 5028 12 4274 2231 7728 4485 7761 4846 141 8499 1885 5858 8050 5815 4683 508 9638 3142 5995 6214 5899 8997 3479 3273 3716 4288 1434 8168 7373 4182 914 980 8577 406 9460 8623 7290 6938 6441 0 921 6944 3056 5152 8642 9501 7430 5769 9902 2949 2319 4556 8550 9698 8837 1432 6650 1037 6284 6326 4112 9732 3421 4943 398 2425 5098 4609 4995 8822 1003 8089 1447 477 7157 9049 3686 9103 5161 5561 8961 6536 7040 5473 2416 4077
6483 6452 4910 6171 5930 9095 3260 2256 4792 1939 1024 4654 1288 7527 4430 8019 8003 4521 5883 2058 7548 6951 9043 5207 8012 1668 2221 145 5811 1949 7001 2563 9041 5078 753 5932 2035 4772 6782 5202 1244 419 5139 5085 7628 3187 58 8978 1452 2067 9800 1246 3892 921 0 92 9346 917 6805 962 1105 9312 6682 3301 456 2136 5167 3785 4541 8111 3075 3824 3431 8842 7506 7712 1212 9459 6892 7083 1338 1880 9005 6417 6871 9464 8521 3160 9190 5962 5262 1154 8054 3347 4974 8792 4333 2407 2259 3718
4461 9414 5798 3033 5635 8082 8502 3778 2261 4498 5028 8561 2221 4872 8968 6465 9104 2078 4856 9641 8117 5970 6637 5163 7316 2147 4761 5659 1378 7582 5854 4546 2921 1148 4216 6843 4072 225 6433 9823 232 5181 8784 6869 7131 109 1891 3516 9885 6463 281 1752 7547 6944 92 0 4524 4926 3425 615 394 9001 4153 8344 1079 3469 8607 9428 2183 2286 1293 9197 9654 114 5021 6510 9376 1910 5081 8834 2558 4870 3472 2775 4686 9936 8465 7470 9168 1750 5443 8376 5914 7633 8887 3607 9629 4286 4648 2425
4526 4846 6835 4661 5699 7776 5806 6863 8021 2872 6187 5587 8 5862 5890 1933 8873 5135 8043 248 8967 9885 9476 5057 526 3006 680 9084 9155 3723 143 7911 5599 4591 9753 4166 7730 4855 2071 4824 6528 4611 5108 5422 6405 3139 9968 7097 8000 2072 6727 8696 2075 3056 9346 4524 0 9144 5439 5905 5918 381 6934 1222 5397 3477 8162 1925 9453 6304 5179 7812 2974 3663 4917 8132 2226 5235 5480 6625 249 5235 4812 1378 6441 6347 6868 7139 7154 5395 4586 6769 1465 2241 2403 442 8419 8707 7854 844
7729 9419 7931 8085 3055 5077 1536 2601 2594 5976 229 5206 8271 8896 572 2876 3680 2153 3385 7252 7862 1074 4775 5120 7982 8364 7177 1342 4880 1604 770 173 4726 3851 4474 7977 8532 6636 9341 2716 1560 795 7724 6344 7774 982 8778 5159 2949 122 441 1181 6954 5152 917 4926 9144 0 860 3970 3079 5595 5900 3333 5418 1088 9108 1578 1477 6130 9598 9438 9639 2086 5309 2093 4146 4224 6567 5110 5512 8758 4362 2578 4365 2725 2957 3063 1589 566 8218 1763 2756 5551 1919 4263 4526 2720 3379 2225
2387 9639 6408 3958 809 1470 6180 7972 1771 9317 173 5029 871 1741 2197 5420 1144 6776 7210 8976 9236 6862 2344 2614 9402 6018 8839 6844 7914 7304 7511 5419 536 9562 7400 4895 9998 5276 43 6441 4903 717 1786 6372 4972 1622 8642 294 4311 1939 4395 2836 6518 8642 6805 3425 5439 860 0 8480 4400 1926 7992 3063 7372 6826 8891 7754 155 8402 7790 3615 5286 5688 4610 8201 5860 699 5717 6286 4751 1904 7046 7158 1475 5176 437 9225 9016 2146 5707 4566 8922 6398 8984 3769 7022 7142 7399 7247
6056 8272 1734 8047 3559 1955 8921 7423 2376 9884 6029 728 5097 9520 1597 8345 1931 6916 20 7343 3826 9645 8386 8479 692 397 8562 1903 4130 4591 2540 1474 5978 7 7408 6472 7681 8399 9448 8576 1996 9268 5236 8818 6697 9332 1747 3854 333 5498 8890 3032 4044 9501 962 615 5905 3970 8480 0 6570 2800 5362 8074 8650 9009 6584 229 4498 19 6570 9107 3618 9469 7260 3621 8397 9531 1307 1138 8615 5817 296 3121 2974 9246 5439 7381 8103 7752 7931 4073 254 3366 1581 9813 7300 2128 2277 643
890 2009 3223 6882 9588 9962 5775 8294 7241 3675 8284 3696 3475 8116 8287 8468 7491 7161 5438 2982 3179 4506 3649 6368 7707 537 7065 4590 2272 1248 3212 9553 294 6814 8530 2997 38 4573 4722 1500 3585 1160 1686 8585 1955 2098 1375 5656 4837 3348 4872 5064 2905 7430 1105 394 5918 3079 4400 6570 0 9052 5778 1823 9702 7934 9663 3740 7896 4887 660 1871 2078 9750 5185 951 2710 9919 6855 2041 6690 7610 6929 3887 7826 2406 3450 6391 4690 681 956 3211 9156 1921 8314 7084 6454 2241 1240 4289
8146 8380 4042 8098 568 7628 9237 8772 5457 5977 4997 4440 5187 6092 1505 5041 2321 9470 8062 1414 6940 7344 439 381 9559 6546 1935 2904 7487 4013 361 6803 1350 4610 7389 9313 2351 2594 1991 7358 1925 8374 1089 845 9429 6217 3129 4635 4717 6988 3025 5443 866 5769 9312 9001 381 5595 1926 2800 9052 0 827 7391 7830 1989 8388 4490 8591 1897 4521 3322 1689 4886 9886 2871 9349 1584 5930 4933 9906 2401 445 8705 1827 1313 2403 1164 1501 9205 7354 3195 8849 8709 3172 9256 9403 3445 1009 4113
4677 1154 4018 8604 9907 7603 4471 7818 5604 2039 881 1630 5656 2698 3644 1565 5013 5870 1446 7191 6933 7215 169 4651 603 2355 2781 8990 4626 5071 2101 2488 678 3848 803 5319 1914 604 7066 7834 7263 4809 3704 8923 4728 1165 1493 7065 5659 4644 526 536 7083 9902 6682 4153 6934 5900 7992 5362 5778 827 0 633 3123 6148 8494 3263 575 9259 5404 5313 5959 5673 953 1187 745 4665 8994 9163 3724 3405 7166 6798 3167 9476 4144 7884 7858 5680 1476 7762 8691 6277 2026 7484 7277 2349 3601 8074
6116 1881 7154 6264 9857 8379 7257 5452 8995 5601 2835 7392 2018 9834 1679 5724 3303 8734 224 8001 1167 1552 9945 5237 5774 7319 9952 9746 8518 879 9324 5425 851 7273 1112 3892 4387 971 3955 1792 7563 7910 1275 1837 2372 9252 2825 1596 4167 2461 1191 9749 6408 2949 3301 8344 1222 3333 3063 8074 1823 7391 633 0 8534 1281 1138 9371 3568 1665 9127 181 3403 2568 3101 157 3210 3507 9607 6815 8409 2547 6480 7152 7059 806 6141 3175 737 9456 437 6335 119 1544 8221 6964 5524 2956 7998 5540
9741 9395 8141 5055 8594 3411 8021 3603 2578 5955 3613 4929 1850 6861 7913 1694 855 1229 8717 981 5653 1404 8743 307 4247 3694 3764 686 3707 7566 8618 1852 6468 430 3355 7508 8324 2031 6695 8817 3897 8038 5375 5369 4947 8370 9478 8277 1029 4869 5935 6917 7639 2319 456 1079 5397 5418 7372 8650 9702 7830 3123 8534 0 4654 486 9206 8750 9890 4355 3032 4879 6035 6258 6079 250 5801 6878 3195 3989 8841 5527 6088 5981 2295 1223 2774 867 8602 8534 5612 9158 2392 9901 9578 9535 7908 7918 3096
1395 9316 8405 5680 4226 8539 544 4098 8464 174 979 3876 7560 3608 6222 9834 3774 7679 5539 2883 2502 6273 9401 3021 8767 9239 9391 2466 6457 730 5723 6321 5633 8869 1014 2007 289 8358 5598 412 8433 2684 3381 6072 2020 8269 3884 3849 4224 3515 8084 3300 3139 4556 2136 3469 3477 1088 6826 9009 7934 1989 6148 1281 4654 0 7920 5406 5550 4757 3869 8139 5847 8800 2429 1274 2235 2942 2736 7692 8453 1021 6826 9499 3985 3817 2897 7329 8498 8983 7934 1908 6208 9112 7011 1010 540 5177 7233 1119
9515 7303 251 9548 663 7930 3146 9736 4232 184 3846 1739 1721 2082 9661 2927 4574 4742 2784 8661 8033 641 1010 7630 4554 7781 7027 2049 7025 4074 333 434 5909 8779 6791 1453 8317 3221 4678 6965 5707 9503 3057 4875 1105 6153 1532 9440 4968 7135 7349 4021 905 8550 5167 8607 8162 9108 8891 6584 9663 8388 8494 1138 486 7920 0 7431 8207 5202 7145 5555 1140 1758 2991 5872 4521 7500 3612 2024 3399 775 9240 2286 749 7828 7124 200 5065 6428 3298 5301 8557 2711 280 1323 656 1283 1616 1765
9103 899 9238 9223 3468 6537 7053 6096 2192 1205 2227 1932 9162 5397 1143 9320 4941 9005 885 4906 9809 4397 6547 6584 9018 8649 8437 3898 998 3021 8211 214 5586 4723 8070 1043 7995 3372 4840 4908 5602 7070 1350 1347 8767 2244 1392 9445 1145 1246 242 9191 7038 9698 3785 9428 1925 1578 7754 229 3740 4490 3263 9371 9206 5406 7431 0 3440 9880 343 3456 7698 8178 3915 1376 2331 1503 7581 2704 4616 7493 877 8236 7631 3782 1082 7060 8806 5788 6733 5467 8377 91 8269 4282 9891 8647 1709 936
9179 5669 2577 5893 7420 547 9852 8787 5456 7988 4738 7758 1360 7283 4898 699 9454 3179 8375 4475 2025 8836 5206 4981 2057 6237 4652 525 9669 1579 2145 9195 9218 9767 8540 7583 971 6082 795 2860 1088 7072 6456 7169 9594 1717 6993 9329 783 4338 9316 5906 5194 8837 4541 2183 9453 1477 155 4498 7896 8591 575 3568 8750 5550 8207 3440 0 8878 6465 2045 6571 4786 1508 7583 6851 3942 2110 6392 7447 7214 4044 8069 3223 811 5527 3112 9829 7601 3917 8278 4214 5179 6401 1640 1970 5792 2879 1959
8751 9832 3615 1975 7134 1905 4970 9864 6574 4082 233 848 7060 4301 2275 8028 5802 2380 7638 1512 8663 2554 2051 5734 1769 4626 6162 2946 9113 717 9837 8048 4436 7810 1330 212 7355 5019 4057 6354 1683 2043 7491 4710 1597 3500 1823 515 6508 1972 6636 4174 7509 1432 8111 2286 6304 6130 8402 19 4887 1897 9259 1665 9890 4757 5202 9880 8878 0 548 247 4985 9992 5349 6945 3539 1878 1707 7803 2420 8430 2488 6284 4276 6817 4720 2255 6617 5205 2669 4101 2453 8078 3515 6020 6127 3164 262 6921
3587 6906 8204 2726 8617 4335 4974 4771 9971 1787 7722 9852 8948 2700 2248 2278 9401 4286 3443 5056 1414 9844 2112 480 9392 6213 1110 275 8023 2933 3021 7573 3833 516 8926 9949 3311 7306 2661 2981 802 740 7854 2736 7016 2112 9183 2239 4733 2362 9553 3950 8668 6650 3075 1293 5179 9598 7790 6570 660 4521 5404 9127 4355 3869 7145 343 6465 548 0 3427 798 1062 58 4295 9060 8061 8713 9954 2215 4323 506 6637 4871 4444 4320 6712 5340 5910 1632 7127 1345 5827 278 7731 9665 5235 6614 4051
8946 2834 7530 1238 9565 3275 7577 698 2683 7213 4243 7986 4772 3033 218 6556 8749 4839 8870 2556 5355 6674 9842 2962 8424 7521 787 3263 70 4931 6846 3050 4801 6563 5339 924 5305 9077 6624 45 5442 2749 6595 6596 6498 2918 4089 4465 5819 3822 8355 5807 4000 1037 3824 9197 7812 9438 3615 9107 1871 3322 5313 181 3032 8139 5555 3456 2045 247 3427 0 2970 8541 3153 4961 3767 4448 9652 8596 9789 7670 7686 972 4547 4980 9613 1038 6574 7535 6900 7893 3499 5135 145 3314 669 4941 9818 7903
4884 2161 7772 9743 9040 7114 1131 9756 3529 2766 9936 229 5013 8338 732 801 189 421 5564 5800 485 7269 8230 9320 3917 917 4586 8626 5092 6903 8929 65 6828 1739 8540 6302 5439 3043 6667 1348 2372 1719 8644 8783 3620 1865 1174 3176 8056 6558 9347 8089 3314 6284 3431 9654 2974 9639 5286 3618 2078 1689 5959 3403 4879 5847 1140 7698 6571 4985 798 2970 0 8437 8466 805 4861 6232 10 41 2114 5542 8984 9367 7133 3967 1266 4075 721 83 7787 2283 8772 6396 8464 3036 537 2285 1556 1297
6520 3414 2019 520 1231 1503 5074 9739 67 937 5621 5758 4483 1306 5024 4124 8191 91 8065 7125 7509 9726 2602 2024 5766 4741 1194 5259 2179 4908 8084 4496 1448 9553 429 9308 9536 1642 8663 2123 2374 1004 573 7221 6941 6577 7861 7985 3431 8059 3575 677 858 6326 8842 114 3663 2086 5688 9469 9750 4886 5673 2568 6035 8800 1758 8178 4786 9992 1062 8541 8437 0 6714 9400 9941 6241 4062 9727 1431 6907 5716 1529 6550 47 1328 9749 2459 5848 9576 8980 5734 8164 2959 1574 7589 8075 5318 208
3673 5412 9911 7961 3069 9288 9329 4888 9275 8887 6329 4345 2556 4723 5125 3620 4552 2069 9737 2977 7919 3875 5525 886 6448 9798 8143 5658 7969 2341 3669 3204 2064 8097 2236 1115 184 123 9617 3942 8909 8945 2389 7708 2963 9097 6512 1619 752 6705 9381 3431 1394 4112 7506 5021 4917 5309 4610 7260 5185 9886 953 3101 6258 2429 2991 3915 1508 5349 58 3153 8466 6714 0 110 864 1287 4026 200 2135 4534 2270 7255 9826 3929 5033 3964 6014 818 3555 243 4807 3389 9869 2104 3056 8210 2117 7154
5082 3867 1170 2876 7012 5560 6513 3589 9532 983 5004 8602 7934 4371 3415 9384 5302 1093 4234 1476 1106 9183 2533 5180 9216 3605 59 2863 5845 4816 5496 990 4893 3236 230 6506 6520 2601 6910 6871 3892 4226 2638 6564 2071 2886 7266 3223 9392 743 2886 363 1922 9732 7712 6510 8132 2093 8201 3621 951 2871 1187 157 6079 1274 5872 1376 7583 6945 4295 4961 805 9400 110 0 325 8386 9483 1367 6356 5080 8189 8376 3411 5664 8143 4005 4401 7900 8734 3342 8661 7559 9569 2884 6954 7440 2660 4649
6124 7060 4845 2310 2490 5397 9330 4977 7536 9967 3916 4771 7369 1424 8281 325 6011 8066 7432 998 5005 3062 2368 4929 206 957 4454 6290 7947 8500 182 7234 9926 4960 6915 9686 7552 3981 2005 2746 651 8935 6847 9630 7757 942 9475 7791 8879 9912 9301 1340 1139 3421 1212 9376 2226 4146 5860 8397 2710 9349 745 3210 250 2235 4521 2331 6851 3539 9060 3767 4861 9941 864 325 0 9986 2057 3601 9706 8334 172 744 9039 2596 2589 8149 3522 9560 8421 5731 4531 1942 3230 8847 821 9962 9673 4910
4423 9668 5115 734 2622 1018 6081 2062 8673 3929 242 9019 7814 7449 195 6411 7450 9179 6936 6445 6001 8152 3075 7752 1513 7676 4966 1157 9182 9142 4188 3025 4760 9443 7947 4124 9977 6684 684 4473 1748 4117 3573 8082 331 7793 7332 4694 1393 3179 8547 8123 8021 4943 9459 1910 5235 4224 699 9531 9919 1584 4665 3507 5801 2942 7500 1503 3942 1878 8061 4448 6232 6241 1287 8386 9986 0 5149 5029 1030 8835 1989 3245 8989 6344 7812 1177 4993 8774 6774 8204 7749 3917 5131 17 3993 1084 8274 8388
2495 8806 1305 3990 3519 4982 1585 3436 6767 6816 9599 5519 3401 8669 9877 2514 7418 3192 9662 7076 8635 7453 948 3248 6673 8756 3222 3907 2493 1078 6635 8877 5202 3596 2270 5533 1408 5921 6071 5485 5620 3572 1482 9358 8988 6787 1684 683 1923 1164 3417 7238 6585 398 6892 5081 5480 6567 5717 1307 6855 5930 8994 9607 6878 2736 3612 7581 2110 1707 8713 9652 10 4062 4026 9483 2057 5149 0 4739 9202 3740 3150 4221 6328 5038 7490 223 1992 7578 7496 6973 7163 9629 1013 2185 7202 6917 3523 5323
1324 4058 1627 541 4733 9189 1250 7224 9569 4607 6295 2592 777 5328 3119 220 1817 2256 6744 6644 3495 4833 7642 9381 2766 7130 4672 5327 1475 4196 9379 9858 6623 273 9657 6613 4603 4075 4035 5157 2673 6618 6306 7261 1930 1026 2950 2161 163 985 1220 6063 8861 2425 7083 8834 6625 5110 6286 1138 2041 4933 9163 6815 3195 7692 2024 2704 6392 7803 9954 8596 41 9727 200 1367 3601 5029 4739 0 3639 8087 6267 5307 634 6139 5713 8260 1829 6009 7296 5263 2719 8380 5515 5444 5085 8666 4648 358
8355 3234 9782 1331 8237 6962 9271 8411 5771 3590 792 1991 4837 1351 2992 2052 6129 277 3272 1483 404 6407 804 7808 4494 1980 5786 2104 2031 6967 292 6389 1689 4491 4200 7704 3299 5606 4476 7014 2742 4571 3822 3320 9226 6880 7404 4521 4281 2861 6424 1724 2880 5098 1338 2558 249 5512 4751 8615 6690 9906 3724 8409 3989 8453 3399 4616 7447 2420 2215 9789 2114 1431 2135 6356 9706 1030 9202 3639 0 3722 1582 8733 3290 4834 4365 6793 8385 3321 4599 8961 1253 6982 9931 4635 8533 1972 3650 179
3977 3660 9142 2595 7442 3655 2590 4501 6173 8235 5095 219 5995 8083 5771 6958 8777 9641 7713 1336 7845 517 2095 3647 3152 6383 5489 7388 5913 7325 1338 4141 9034 1846 9877 6156 5286 3738 9541 6339 5313 783 2336 1225 6386 294 765 4278 173 6479 375 2911 4959 4609 1880 4870 5235 8758 1904 5817 7610 2401 3405 2547 8841 1021 775 7493 7214 8430 4323 7670 5542 6907 4534 5080 8334 8835 3740 8087 3722 0 5773 1042 4097 414 1191 6695 7894 302 8996 4986 8511 4629 3379 1546 6080 6763 1146 9491
