250
0 6970 7847 3822 3428 6580 9520 6417 8987 5155 8303 5269 8691 9192 1886 4207 7975 1910 9360 8859 1810 7699 3829 6424 9052 7006 5004 7794 4971 5307 1499 6599 1321 7002 9066 2098 2894 4857 9257 8726 6984 5234 8519 1398 3218 7634 5005 1719 2695 1609 995 8390 5322 3134 151 5304 5191 8148 9334 4216 7613 9538 5591 4074 8855 3815 5912 800 4871 1369 5915 1039 2263 9530 3027 4596 4795 212 8279 4250 6699 4895 7538 6485 8464 6599 1611 2477 1433 1837 5094 9739 838 2111 759 6068 9178 3922 9502 9611 9465 685 5439 3409 2732 3077 731 5488 618 4276 4217 8691 4234 731 2670 8630 3202 9824 143 8726 743 549 4235 2537 3620 6516 5742 7693 3893 5706 878 4096 8368 7877 954 8777 1165 3969 5683 7713 7379 9048 2789 1591 1188 9367 364 983 2926 6491 2216 4340 2027 1552 8743 2424 3283 3016 7751 1067 3077 2027 66 2648 9712 6225 937 4413 7583 1971 689 524 3498 6 6952 8034 9830 963 1494 8460 4656 6509 8782 9085 8012 2820 8183 2360 213 4923 5042 775 3496 9304 3498 7571 3654 9170 9990 5245 4070 9594 2518 4404 4101 1861 1856 9083 5233 4708 1783 8948 7548 4689 2926 9051 7321 8026 8179 3512 3226 2314 9341 218 2145 3497 4175 3321 1611 3149 9596 7959 3808 4416 9321 7184 6302 8966 34 9675 5739 5925 924 2712 9037 5797 3216 1427 9155 3721
6970 0 7931 1723 8473 4615 7273 6737 5257 1083 1214 4333 9265 730 9181 7777 3094 7172 9275 4253 6075 9736 597 1184 8360 1277 1361 9535 8602 7509 4026 6075 391 6484 8682 2185 8759 3413 8685 9198 1570 1649 5713 3683 5277 589 2451 3527 6125 5313 3136 2894 1505 6528 3196 9392 7982 6854 9422 3738 7643 395 2027 6923 5995 3768 767 5004 1211 2857 923 1867 6413 6152 6707 8889 9044 3103 5393 4137 6840 9155 3069 1443 2178 3693 6037 3548 4664 9777 5334 9102 4826 3625 855 2791 7418 6292 9295 7363 8363 977 5422 1819 7504 3663 8258 2319 5231 7170 6473 3691 79 5008 5194 8925 6878 5351 1691 1281 4621 9993 6536 6924 8267 6674 2490 530 2762 7397 3924 5360 1232 9865 738 7707 3497 1317 1414 5547 1281 6232 9686 5588 6360 5868 7941 4728 539 1166 2922 8161 9983 4297 7382 8987 1545 9166 9689 1621 6851 4873 4647 4879 1919 1229 2717 596 3473 8552 9300 4080 4543 6347 1545 4410 7414 2991 479 1347 2831 1557 9820 9685 6738 1424 3099 4326 3821 9936 5580 5272 3718 7060 7356 6371 2248 9568 2348 7889 9373 6410 7074 2065 497 4340 7336 6691 9094 3412 4087 4542 3341 7146 7293 8943 3626 821 3868 9622 5742 7279 3553 3480 6201 727 6811 76 3572 5937 5106 3305 7837 2414 8068 7363 2681 8908 8684 3154 6925 8129 8340 5101 6427 6817 3915 6492 8789 4872
7847 7931 0 3369 1984 2979 7735 5840 4416 6521 2896 2618 4184 3880 9817 9626 7408 2527 6237 7721 4207 9193 4250 2197 985 2867 2866 9213 6655 2784 4387 9874 951 6633 184 171 4385 9659 4040 237 6095 2990 8780 7106 5361 607 2598 2210 5085 9065 9099 1192 5721 7899 71 9207 1148 7468 822 8978 1763 3303 9568 5068 8535 1555 4781 5851 5526 2000 9800 2174 6991 4646 7341 3715 1993 4803 2627 8726 1587 5640 9407 9605 5709 3694 8383 5355 6421 7191 1687 1808 386 8439 9481 8155 6431 4005 8209 6149 9329 3792 4230 9341 8579 7125 3482 564 885 4871 1901 9786 8918 1397 4979 7597 3494 429 3007 6688 3800 810 266 5297 5746 4668 3621 7290 3601 4971 8859 5823 4053 3501 9285 4580 8509 6065 8116 34 6193 9555 43 7744 1940 326 962 8075 2718 8392 6868 8299 9040 2275 6632 1279 9045 9300 1051 8393 170 3914 3077 4183 1844 9176 3004 4748 5950 7354 3645 9643 9354 5285 2531 5884 5938 1111 1013 460 5185 5032 7773 615 9079 2938 2128 9596 991 366 47 3089 9578 4550 3519 9370 2994 7652 534 5211 1018 3416 1876 2993 7071 1069 7064 8380 7196 2042 2042 6864 4381 8864 147 4085 9850 6359 917 5759 3939 5039 4262 8238 1153 6580 9360 8653 6743 835 4968 1102 6702 5323 4014 6476 1835 460 2580 1167 8390 7733 6579 8962 6512 344 2188 3986 5863 5832
3822 1723 3369 0 6201 2944 6250 4687 5135 518 309 4018 5490 8426 1191 9022 5663 9384 6688 7334 383 2042 9361 10000 5342 8664 1352 6184 4992 994 4772 4545 2482 1903 2083 8126 225 2228 2815 2801 8257 9309 876 1504 6855 9865 1358 1653 2935 7952 3426 3961 5024 3311 3004 9829 6018 4056 6629 6618 5379 560 1110 2249 4854 4843 7761 2579 3629 8943 383 4393 2882 5316 886 1380 9982 6635 8474 3270 1431 387 7488 6387 4873 9107 5429 1892 4707 4647 1037 448 9384 217 720 4151 8621 8863 8567 1857 2728 1157 7594 2369 3519 5931 9952 2940 6477 5629 8817 7042 7524 3059 1663 6863 6672 6799 2084 486 7923 1021 7168 8853 6104 2304 7036 868 6502 1189 5260 7541 5808 1422 4887 4690 665 7979 422 2087 6709 7613 7538 1301 2357 9987 9093 3228 7454 7911 3592 9784 8145 2413 3988 7568 4833 8256 3300 3697 8810 3421 5753 9978 9344 8235 9117 7732 1852 2213 7648 9353 6288 316 8155 5927 925 5989 683 2815 1669 4926 515 6346 369 7920 8682 7386 3086 617 8575 4013 8575 1114 1132 5740 6452 91 8138 5061 5394 6212 8652 5830 7664 7715 7655 6455 2273 420 841 8401 3159 1914 894 1481 150 4714 3865 2286 6245 4370 7826 9332 2592 3450 9291 8806 8980 1884 1125 5522 448 1685 121 3300 1120 9001 2736 4019 5907 4091 3906 801 4887 8886 483 770 9794 457
3428 8473 1984 6201 0 6863 6281 6254 2587 8605 9122 8435 3966 998 2707 2621 3582 4828 2254 4701 3915 5411 3807 1316 4656 808 6281 4474 9309 597 499 4295 9451 3122 9648 7506 5146 9483 6565 5301 291 1506 6840 6674 8195 6986 3333 7277 7261 8816 905 5488 9434 6844 9415 9011 7281 5248 3819 8694 1449 8689 5222 2299 2487 8771 2464 2447 2070 5021 7748 8621 58 6879 5704 9991 4657 3836 8376 7625 2864 9377 8670 6679 6083 9498 543 5804 8765 685 4999 744 1230 7323 7071 8674 4998 6351 4518 5533 3613 544 3657 1044 3229 5188 9014 5680 6124 7992 7202 6347 5813 8911 9821 7697 4610 3055 2792 9378 8172 1675 370 6821 5224 3980 212 765 29 4154 9557 300 4554 8998 408 4209 7071 1248 2119 5942 3181 394 9115 7884 258 442 5613 8645 6237 1143 9483 7551 2046 6104 2002 9582 6254 4347 2705 4889 9689 3130 7738 931 433 2137 3140 7580 771 4392 7697 6782 1885 4241 382 4489 8285 2497 2135 5179 3196 5116 3486 9540 7279 6993 5715 6664 7549 1871 1222 474 4145 3497 5364 7762 5852 8637 3355 6533 2836 184 7637 6605 8646 8344 3917 7345 6608 7364 4161 8943 4706 6000 949 3682 8286 9113 9821 7134 9486 4867 3118 4685 1884 1227 5450 3808 7210 3285 3850 3201 8987 1320 3418 6578 6224 4429 7204 8970 9754 6231 5226 8162 734 123 8464 9751 4690 5796
6580 4615 2979 2944 6863 0 7056 2000 1373 7435 9146 7091 9738 6234 8461 77 8454 9375 2906 6390 2800 2718 6954 9515 6000 1048 3700 5591 1882 3006 1198 3092 6388 596 8032 694 8207 375 8292 539 3632 9943 6864 9441 7482 8934 7953 1024 6395 7722 6240 2188 1323 1323 8248 5103 5942 6090 1055 273 3263 7268 8134 3575 901 6406 5045 2688 3349 6231 1053 9376 1482 3336 1851 2536 9441 2259 4956 862 1598 6387 6085 4884 5364 7620 6486 7548 8531 14 1997 3086 1069 6195 4051 6161 6446 2688 6729 5780 981 1733 5707 6303 1961 5379 9151 5121 228 1862 3302 3526 1598 4709 9915 5696 7387 8672 9256 696 1898 31 1730 674 2497 7318 9821 4783 1277 6831 7928 123 9923 179 988 8999 5203 3754 6924 6681 5346 8600 1761 8600 5908 806 3728 6806 842 5285 3279 8271 4210 6980 9014 1161 8141 5699 7640 6038 5232 3793 2921 5606 4408 5364 6068 3236 4891 1769 5443 9410 4740 6172 3443 9156 6885 4415 8595 2142 712 5421 9902 7050 4626 1367 2854 1089 7998 2281 5948 2769 5303 2131 6128 6819 908 2541 5260 5860 7248 8801 1109 1862 9222 5133 314 2985 5557 4746 4739 4787 1752 4044 1833 6959 59 5427 1601 8644 7739 7801 2064 3711 7164 6179 9375 6642 1890 2999 8764 4264 5398 1323 5537 5778 5995 9941 9285 2354 5916 9613 6600 7438 3120 1161 7756 1292 4934 3020
9520 7273 7735 6250 6281 7056 0 6954 3870 9745 6198 4369 7240 7910 1883 508 9471 6773 8258 1519 3019 5936 6918 4118 9473 6056 5517 7383 5801 722 977 7088 3558 2976 8992 9388 3873 8312 2970 6507 1493 1053 9745 5825 3630 8582 7919 1658 8862 4668 6841 9453 5550 1639 8995 443 2009 7312 823 3325 7210 4555 805 5417 266 7210 858 6702 3914 3280 7792 2542 6389 7957 2852 9637 2660 8520 982 1269 9214 5336 8515 7331 8741 195 875 6595 2215 4690 9931 8717 1418 109 5798 1890 6617 6779 886 2609 4316 7374 6935 6061 2015 3978 911 7937 3965 1373 111 4628 8579 6508 8951 2724 8573 3120 320 8359 8876 7310 7454 5020 8910 1070 9076 9449 7320 5123 3604 6808 8358 4021 9726 9075 7318 9801 2989 6155 3590 7070 3895 460 664 4572 5 4162 1135 7334 3165 2774 8450 777 6833 312 8232 3222 6755 6614 6712 5381 1303 2790 2953 2143 4784 1830 4564 6458 3625 7707 7676 797 7263 2206 9808 3510 9042 5029 9598 285 9990 7591 3848 6946 193 3772 3418 7676 5545 3542 4315 938 3717 2420 4180 1493 5004 2001 8724 9024 9084 7667 3187 670 551 4301 683 5064 6923 5659 6983 816 2597 2761 6411 4472 2761 7951 809 5416 9144 2220 6627 8966 4799 1384 7559 8391 4451 7348 2511 7490 5153 5222 6152 8472 2122 934 6333 1517 2820 4361 1297 399 4783 9294 3524 2435
6417 6737 5840 4687 6254 2000 6954 0 5168 9333 9488 823 7385 8450 8157 4016 5301 1249 1023 7252 8725 7815 5768 3252 8001 5910 1379 1915 1272 2713 5403 1786 1730 2709 5880 489 6488 7150 3961 5142 9020 5982 5838 54 844 8485 8508 2144 9764 6642 4247 9274 1747 6986 3415 2149 8004 4117 738 6182 9550 6023 9511 1161 2509 6484 4767 9838 463 1139 900 7453 7074 2786 8518 460 1480 6751 5669 6306 1683 3751 2392 7489 8368 1374 9529 1135 2932 555 1385 7120 7072 5665 6589 6412 5764 4863 4523 6639 4247 6838 5694 68 8986 3774 6399 3695 2365 1632 4453 1849 9974 7338 9645 9451 4897 1157 2139 465 7114 6237 8267 5501 597 4717 958 8790 7982 4544 9721 7332 9871 4905 1615 429 9087 5840 9581 6468 3171 2417 5210 1314 6999 2322 5577 1100 87 9973 9882 7784 2680 2240 1173 5768 9917 7891 733 4067 2734 5543 329 202 6919 387 4394 2549 8887 6554 3735 8822 2514 8602 7041 8757 6766 276 6561 823 5216 7482 9110 3811 9992 5170 9516 6820 9261 6594 2374 3275 2379 291 73 2162 5461 6635 6300 4482 63 4042 6774 7683 1966 6689 7630 1054 3218 1157 4254 8756 2643 1504 2664 9824 5396 8649 7219 1612 6760 4084 1655 6266 3192 7607 9025 5566 5320 7110 1544 9039 7154 3778 3639 5597 3404 4661 4431 3272 2150 2514 8347 5318 1270 1734 2220 1449 743 744
8987 5257 4416 5135 2587 1373 3870 5168 0 6708 3169 5765 1751 2657 3314 3967 6697 6616 9008 7409 3633 6521 1924 7911 5383 5035 8276 8597 78 9721 1484 9092 4157 9403 5327 2685 3340 4421 671 4306 4172 8989 300 8853 5797 7187 9068 2723 9263 9875 6863 1237 5056 1972 1112 2473 466 3321 4816 7244 681 1665 7523 4794 6657 3962 4554 3779 2038 5056 1554 3427 9722 5087 5907 5237 213 938 4546 9475 3271 7371 9955 3222 9061 9868 9499 508 9763 899 6990 9556 2834 5155 6428 6350 1306 5871 5237 7358 7771 8250 5220 5307 3258 9622 3721 734 6278 6834 2097 4487 770 3462 7516 7107 1321 288 6939 8252 8757 2548 855 4621 6817 7646 4148 7107 3793 8211 7108 6960 1925 1037 9423 7258 1662 2910 4985 931 8100 7095 2686 1428 5083 1374 2313 8976 4170 9522 7780 2180 904 1779 6501 4111 1336 7449 2590 5547 5956 1352 79 1783 8532 367 6612 5913 3325 9543 7278 8941 3726 4694 1475 1558 297 7432 6542 841 5642 4146 3835 6190 5646 5105 9503 9328 4044 824 2680 8571 654 3320 6653 8875 5761 4898 733 8214 9988 1817 5466 9364 4134 2834 7280 8889 7068 5600 329 209 4169 9367 579 506 4232 9117 3995 5578 1842 6499 4210 3280 6148 4518 2185 7711 4733 160 6986 943 5563 8379 8965 3270 47 2956 4200 5097 6311 2647 9580 2673 452 368 8180 7693 4134 695
5155 1083 6521 518 8605 7435 9745 9333 6708 0 9528 7226 8591 5949 236 8381 2696 2485 2256 3809 1556 4879 2902 5567 2219 1668 9539 7993 4000 3628 1654 6780 3375 2103 3736 5507 5358 3402 2279 8203 9695 4596 4471 6343 23 9488 1818 1713 2585 6010 9623 5076 7300 9506 8705 6507 7331 8534 969 7253 7967 7076 4516 7218 699 9173 4209 2601 6638 8033 2873 6101 4719 3232 8216 4506 1316 4745 8880 6663 6624 6494 8017 3986 4327 4848 816 1900 7386 5329 6793 3225 1052 1344 4907 748 1428 5102 2809 3530 8190 4498 7479 8982 6927 8597 4256 2436 7238 3847 889 4676 1393 460 2130 835 3038 5700 6027 6378 4189 3460 8120 8628 9615 512 8493 754 8822 2757 671 6012 7621 8412 8245 739 7317 3244 7502 4026 2268 9526 4398 2962 5265 4694 1479 4230 7706 42 6544 8611 6087 3379 6235 91 6869 6747 3484 6006 4192 7785 4095 2515 8554 4740 553 5591 9412 3800 6958 1513 2461 645 7040 6838 5075 4444 9046 5315 6895 713 5546 3621 8408 6320 9131 9640 73 976 1801 5636 8289 2095 576 8639 8622 6792 1898 7322 1164 6896 6226 7087 9772 4551 6324 4791 4842 3190 3482 6724 5164 2759 9986 9835 7796 3776 9097 1446 1235 6310 5279 341 1741 3855 4866 6062 2709 5057 4761 8602 5695 122 7901 5493 1253 2554 8559 664 977 7274 6030 6655 4710 7895 8107 7754 6567 1749
8303 1214 2896 309 9122 9146 6198 9488 3169 9528 0 6381 1258 9668 5664 7798 4856 8989 1610 4470 6008 5725 8388 132 5387 4708 5750 416 5259 5103 2381 5261 1226 4670 1994 6457 9194 7946 9753 224 8828 3174 9865 9659 6131 4791 5920 7102 9886 3910 9777 331 647 9187 6842 68 7365 5868 7136 7256 5398 4186 7122 4982 1848 8098 9497 5059 6653 595 5043 4835 1459 320 6108 7804 4254 474 654 254 2975 3150 1035 8995 8156 346 3101 728 7136 6124 2114 422 664 3136 2259 3641 9663 322 8059 6058 8586 5947 5278 3878 8587 943 1838 3254 3662 6432 746 1022 7130 1322 5982 1124 8379 2963 4732 593 6684 7285 5623 1023 3316 498 9629 4699 2569 6173 146 7974 1075 209 5687 4101 1639 8869 8287 7215 164 3877 1466 3052 9678 2283 6801 7531 8800 6883 7290 1259 8793 5710 2342 1750 1018 4618 4492 3194 1108 4168 1483 120 9428 3238 3777 9040 2055 230 5288 9048 1534 2792 6543 7681 9438 5488 1170 5078 666 7015 1039 4295 367 312 7223 4738 487 6171 8284 8089 2841 1184 2592 3452 2956 245 8741 7284 2574 7907 8334 5542 5323 9592 8429 1789 3686 5739 7773 6844 106 8509 4565 4043 5710 9565 2654 9119 3892 4965 768 8603 1473 9871 8560 9574 7506 1985 9359 1046 2455 9415 6100 6370 8502 3862 4365 3994 7766 152 9048 6948 723 4869 8160 6616 8483 7602
5269 4333 2618 4018 8435 7091 4369 823 5765 7226 6381 0 5159 7608 9267 6873 8968 2748 5451 1693 1583 6570 9894 4915 7283 9012 7473 7410 8378 5971 3867 6451 6330 9714 8626 794 2272 9664 5002 833 9817 6535 7445 7202 8283 7996 6347 5170 7587 4600 4720 8172 2147 4534 210 9877 2751 6170 7321 5720 1075 6263 6176 4084 7677 5222 2123 6663 6605 6247 7184 9681 88 1394 3568 4048 6634 9374 1233 4653 8257 3629 528 965 6919 4923 9955 1403 4734 9888 8649 5138 5034 1655 743 7187 8634 6956 2822 6755 3144 5445 8401 2387 2085 9834 7946 1582 3699 2890 1238 8907 5905 8532 2033 4012 9548 9774 2179 3618 5422 9611 4020 9105 6647 8275 7231 265 6015 7061 5957 8466 1179 9176 2394 2320 512 7905 4843 7732 9010 9085 5874 4159 5185 1796 4028 7200 3911 1981 2578 5298 6729 4535 5823 6642 2565 7502 9641 5080 375 1380 8607 3518 3350 321 7446 77 4286 9867 3244 7948 6821 4663 8266 1481 1028 4483 6039 1173 8038 4063 9283 5017 3020 2803 3381 2745 2622 6981 2253 7922 7169 6768 9064 9501 4451 8917 5305 922 2905 8231 3808 2326 3184 9688 3258 4128 645 2322 2717 8533 2924 5255 1264 5827 5473 9137 3220 4072 2732 5761 8050 6676 483 2999 1847 9693 7164 8219 7631 5028 7133 2665 9841 4221 4833 1732 3047 4095 4654 2147 3741 2519 8285 4766 772 4706 9714 2158
8691 9265 4184 5490 3966 9738 7240 7385 1751 8591 1258 5159 0 7135 7067 7868 8945 4727 5544 6255 824 3719 3008 1833 6422 3791 2112 3075 826 7905 9021 9230 2913 8085 8008 3568 8428 2394 5989 6090 365 5172 4618 1251 3916 207 8921 7986 1209 9271 4138 4977 2503 9408 1135 1163 629 4403 2642 7096 2723 9966 8476 3774 630 2924 1728 4302 7000 1977 2408 4843 7000 6942 2064 4582 1971 1270 5696 9068 8337 7281 4888 2470 2186 7475 8433 3953 9744 9491 1622 6466 3472 5926 469 5663 9646 7163 1208 4058 8662 1783 6339 5716 2305 7094 7834 6205 678 9624 614 7350 6580 965 719 5631 7316 5808 4732 6957 564 431 9418 4933 9084 5617 7098 8372 1571 9194 3890 5414 45 5719 9412 6387 2420 4180 4242 4098 5388 8331 5429 7705 8447 3645 3070 2743 461 5854 2719 4779 8722 3233 551 3186 6974 6830 2525 8388 5540 2632 3052 8256 1272 7471 4118 7879 3259 1075 2355 7279 927 3549 505 3528 1745 2039 7214 8348 9927 1870 7343 7193 4344 5474 9382 7761 2443 4036 703 559 962 2015 4439 6378 4410 7756 152 4973 208 4999 5324 2555 1277 9042 759 3668 1237 584 3003 1265 814 13 5407 687 8534 4137 3387 2339 7027 542 7273 584 7717 2410 3713 9431 8372 8352 778 6683 7940 9380 5340 8626 7474 5052 8367 5856 7888 70 9741 8380 4575 6318 3182 9089 7156 3695
9192 730 3880 8426 998 6234 7910 8450 2657 5949 9668 7608 7135 0 3545 5553 2495 2767 4663 5310 6417 8930 3809 7609 8721 7196 4668 7060 7567 4689 7552 6645 456 3905 7585 7446 7438 2334 4365 2057 8850 8561 4705 790 4232 6224 6314 2909 3381 4236 323 6039 2499 4266 6455 6774 7021 287 828 7313 9159 7692 4773 6336 2721 2839 9768 1345 5678 7961 7068 980 8451 9379 7234 5660 9463 259 9335 2223 1595 5091 4112 5194 4954 5836 1156 9192 7658 3942 3153 530 1502 4115 9462 2211 4479 2802 650 5817 30 7165 8426 7640 1630 1337 7742 568 1463 4988 2069 4692 5243 9966 5589 879 6713 7973 7947 687 6435 156 71 18 7888 9646 6526 5372 9146 8714 9003 5387 8285 3831 3533 7650 6242 680 3506 2524 47 1297 5088 4770 427 4752 107 5299 5483 2672 2456 7546 8714 990 2354 894 8311 2192 3645 7385 2726 6072 2870 4500 3810 6332 9826 6521 2781 7044 7339 1569 3653 5864 6768 3044 2916 6736 9990 9111 476 1087 4329 3386 9467 2690 8284 3376 9864 3936 9113 8190 9678 9773 9301 8191 8139 3544 4491 9030 8539 8643 1797 2337 4104 2240 8326 6560 7390 4934 8699 437 3810 276 7619 6672 2275 3997 7471 2138 2213 3890 5072 4046 2830 2989 1184 4377 3158 9306 8992 9632 8772 8202 4748 5577 5325 9630 7167 4600 5300 2663 1998 352 1524 2852 9146 4089 6859 2940
1886 9181 9817 1191 2707 8461 1883 8157 3314 236 5664 9267 7067 3545 0 1130 1421 7072 2899 1854 290 9300 170 2020 3236 4697 8802 9121 8016 7345 5870 629 4734 9867 3663 2093 2211 5579 106 5991 5944 8887 3545 1463 8311 6461 9260 1065 911 480 6207 7326 6885 7796 8888 6822 360 1512 5758 2495 3251 4834 2564 602 6730 1804 8476 7026 9339 8119 1225 7161 2211 2768 2437 2735 7412 8037 9229 9982 9246 2571 9669 1581 6717 1841 3167 7488 748 3360 3273 3298 9246 8702 5200 2735 7072 4465 5356 9895 1560 1210 8043 3627 2316 3890 9754 3580 7413 582 9588 1022 3504 9279 4433 9817 3907 4236 6297 5820 5852 2536 2316 6158 3 809 7008 5255 3081 2397 151 4545 5368 1715 5877 4906 4590 8973 2630 4759 392 2822 2552 928 7684 3576 8256 3425 7864 2664 6033 9761 1720 4213 4737 2224 4124 1980 8340 6635 6617 4841 6054 9334 1889 661 6659 747 7253 4490 637 6507 1637 6473 5816 2980 8628 5131 842 290 9474 988 6555 7468 8543 7024 9566 8428 6708 9205 4208 6650 5784 6809 4360 3599 3122 1007 6037 1328 7214 9040 9764 8923 8535 4886 817 1312 7270 1031 5649 9638 7799 2424 9422 4976 1208 9204 1496 7498 6186 2343 9612 5951 5511 8124 5206 3606 3604 1064 1928 4379 3294 2715 7367 5432 3778 2283 9050 7303 4718 6508 7694 6500 9888 5114 8975 4203 7452 6145
4207 7777 9626 9022 2621 77 508 4016 3967 8381 7798 6873 7868 5553 1130 0 3104 4807 9432 6772 2132 30 3793 6545 9825 6305 5036 4080 7848 2606 8481 3079 1540 9843 1356 6162 2329 7149 5191 1032 4387 5637 7022 6940 1657 9977 3464 3605 9284 7447 4748 8827 2018 9036 2633 9226 7551 7819 5392 4455 3506 3744 6553 8418 9130 39 5903 4373 9616 3569 1861 9776 1163 4680 6781 8414 4839 3166 2369 9711 5539 8928 9778 6797 2038 4472 2945 6123 2493 8308 4334 7334 7900 9524 7349 4032 5170 5300 4903 3800 6005 6213 617 692 8953 8293 1575 3001 7101 5219 1397 3371 4600 4721 1694 267 4890 9270 3930 7709 265 8062 7018 9581 6848 6664 8060 4187 2591 96 2334 9651 3703 9165 5999 8288 7796 613 9121 3649 5743 7396 6613 1335 5808 5156 4626 1383 3265 888 2267 2141 7827 1780 7482 9187 7882 8449 2627 1954 7346 7666 2093 6720 5479 2899 8984 5554 9121 3670 8777 2813 3462 4789 9630 5296 2691 423 2681 3147 7605 5814 309 6341 2689 3223 5926 5804 9299 4458 3045 3720 1473 1342 5126 277 1711 5958 8312 8662 4659 6465 7271 5079 6503 7916 171 9683 4324 2001 2197 9359 2695 581 3182 2476 8612 1329 7724 6152 3825 1502 8935 3435 1268 9194 6092 4599 8742 9167 2353 9518 1763 6975 6231 2818 4449 78 9373 8197 443 1767 3890 9874 1368 4716 4512 1573 3884 8052
7975 3094 7408 5663 3582 8454 9471 5301 6697 2696 4856 8968 8945 2495 1421 3104 0 7552 5783 6252 8118 1189 167 1985 8419 8211 6321 6891 6165 9525 9754 4637 1456 4290 131 127 2328 7776 9438 5068 113 7522 73 762 7618 9376 5739 7404 582 7704 423 5012 5247 9695 7035 7998 6684 9064 3126 6989 3339 7207 1121 9022 4817 2189 8138 6929 5870 8195 1090 1371 1742 9307 1999 7571 9827 912 577 8177 2448 2951 4366 7299 9113 9851 2346 5555 7934 1415 8172 4330 5118 4731 2975 5261 1133 726 5347 9262 7808 6920 8863 4804 3330 643 3764 6493 7459 843 9844 4790 8475 9064 411 7668 7033 4027 1328 6855 2062 7758 6298 1042 9694 2184 4401 5577 6252 5155 177 4376 5402 1682 7826 6245 3185 6653 1995 1927 6001 1146 7376 1881 1667 1595 1097 267 1803 2688 9226 6637 8401 4312 1007 6091 3510 7583 1448 2206 1175 7532 9167 3821 5173 6353 6903 530 2586 3303 1413 2266 7981 9008 2234 2702 8150 2942 5581 170 7975 779 1676 7631 1990 659 7617 3443 5811 6504 2044 2302 186 208 1607 8865 779 2250 4995 8228 8925 2877 5636 5401 8526 5434 5207 6379 3516 2666 8214 812 7312 4965 8087 5489 7531 2790 7667 5517 9787 3942 7240 3934 7612 6754 2950 4221 2290 5756 9883 2796 1220 8739 6047 4205 8445 5796 9744 43 9448 1192 8731 3136 4474 8428 7000 2061 3871 5697
1910 7172 2527 9384 4828 9375 6773 1249 6616 2485 8989 2748 4727 2767 7072 4807 7552 0 8005 4436 3943 7328 6694 3047 6490 1918 8353 1030 8339 2879 7268 6604 8234 9387 2841 4672 7569 4432 6873 9310 8520 9458 6667 6523 2157 485 4920 3145 7383 8420 907 1105 3761 4731 887 3733 7474 7045 5982 8916 2960 3872 4949 4543 7981 8413 1394 2597 3103 8080 3225 3785 9034 3485 817 2381 6234 6634 5923 7683 5778 4604 2534 6993 6098 1625 7585 5261 482 9206 8004 6358 6735 8919 5907 8328 9590 4859 9688 5399 1042 4749 2410 2479 8364 9651 2647 6629 2219 8985 1038 4065 2838 5610 8287 1599 8646 9689 9118 752 451 9152 9998 4264 876 5885 5582 9548 5935 4485 5024 5339 5302 5274 501 5809 7766 9478 4235 4682 3514 8506 1543 4007 3357 6026 5009 4376 9298 5369 4636 3412 1506 1118 8542 386 8269 951 1922 2501 6654 8495 5884 9444 6720 5622 5043 9501 3022 683 6178 5840 8412 9396 7647 7699 535 362 3503 2592 1661 5289 6671 9143 6471 8421 4429 4523 9679 3015 2604 2651 1423 1805 1025 7870 3338 9358 6658 2415 282 679 9590 3834 7054 9108 2805 7098 4020 6737 5022 1555 348 3661 4580 961 1725 1040 2837 4751 6235 5427 6361 5483 9714 6837 854 4408 9300 2937 383 3580 4003 198 1877 9222 7924 841 3115 6857 6534 3006 5687 2308 952 7127 8920 1544 4824 950
9360 9275 6237 6688 2254 2906 8258 1023 9008 2256 1610 5451 5544 4663 2899 9432 5783 8005 0 3306 767 5866 853 2243 7785 3095 2147 6735 6066 9786 9897 9705 7064 3606 1842 9397 5004 1149 5878 2067 8506 2651 8847 6942 2676 3232 6870 2658 4854 5292 7348 2167 9387 5924 1417 9092 4470 1279 1595 7495 1722 4075 6884 8453 7868 4004 9177 9653 8535 3664 2623 3786 252 9173 4325 547 3410 4648 3461 2357 1656 3602 4450 3613 7313 7855 1023 29 690 512 2247 1051 7580 2917 3166 3240 6985 6148 6291 2186 3679 9137 8682 9105 2203 6803 3983 3891 1130 4381 7096 8112 405 9643 335 3748 4471 528 9880 4613 5405 9057 1291 9725 4275 5601 9275 419 3879 1456 3142 116 7259 3709 9213 2772 5084 1462 3318 6153 7801 1357 2591 2311 6742 8720 6638 1613 9559 496 2670 8274 6816 2085 8451 5792 2810 4438 1469 956 6000 5379 5235 6277 5298 3111 4658 9385 1874 7320 2840 4886 5314 82 6701 5974 2254 5689 8034 8651 2216 2364 2866 709 1934 2825 9456 4124 9425 5705 3465 7102 3312 6009 9599 3519 6739 7265 3840 8891 6975 4547 9109 7287 491 581 7112 1173 787 2899 3442 9902 9646 3555 5755 2480 232 1498 6531 7260 8118 9396 670 1074 9135 7082 5231 4383 4569 4209 4726 6639 1973 8357 1816 3484 1061 9194 9275 4632 9487 4457 9268 8319 9455 1991 949 8803 6836 8404
8859 4253 7721 7334 4701 6390 1519 7252 7409 3809 4470 1693 6255 5310 1854 6772 6252 4436 3306 0 2472 4102 3961 3345 7038 9926 1000 8197 3148 2358 5161 2462 5712 9016 1028 6625 5586 8512 9213 9532 4993 5787 4350 8705 9592 22 3463 2491 4296 938 3619 7391 940 2664 7177 7818 665 1685 6695 5782 449 2111 5009 4060 1559 8589 310 8404 9079 5339 9616 3304 4069 1327 5152 147 3513 9492 6351 4787 2302 4283 2625 7168 8256 7947 2271 551 1916 960 7698 6841 1199 4599 8211 4323 626 1750 7478 5641 2566 107 5474 2102 2604 5025 5325 5798 8378 560 2285 7781 9803 1185 9909 9984 5046 7238 1896 8577 6638 2596 8380 1414 678 3766 2320 9307 288 7183 277 2457 2736 1725 7914 749 5465 3345 448 64 8691 107 9785 4870 3295 3947 9489 6734 4029 1148 2579 5322 6659 6457 4404 1018 1150 840 5541 7250 8856 4683 7877 4611 2785 4972 247 3962 21 3820 3492 2274 5519 2844 1199 5437 4930 6596 4081 7241 3531 5314 6580 6485 2633 1718 5380 6105 9705 9482 7568 6454 8856 6544 8338 8942 8871 1944 5949 8975 7777 2815 6125 1800 6524 8726 9803 4984 1730 6146 8636 3967 3859 8323 6087 5883 2750 7324 3248 6068 2257 5542 8256 2574 7109 6954 8359 6148 1388 4265 9657 7768 4852 969 6820 9865 9936 6654 2779 3080 5213 1107 5242 2785 4048 3754 1617 156 1887 9489
1810 6075 4207 383 3915 2800 3019 8725 3633 1556 6008 1583 824 6417 290 2132 8118 3943 767 2472 0 4596 1545 8905 367 6553 2947 4754 2813 9584 7334 1143 3327 6631 837 5593 8683 2267 7750 2377 3262 1651 713 9763 7368 5580 7016 3876 1604 6352 9984 8984 858 3615 3995 2080 3370 1278 117 5955 82 692 9780 8239 5775 4126 7364 157 8127 5951 266 1553 8846 5883 9015 390 8797 4947 198 735 1348 362 4186 9448 1938 6618 6197 5567 4825 6196 706 3146 5093 8336 4658 8718 7047 5545 9002 767 3617 1625 3614 8498 7840 3999 213 9425 731 1621 6089 3036 7555 4271 4637 8522 1911 6768 2421 5895 9724 3105 9502 6089 9672 9724 1527 8084 4197 4989 4616 1742 5620 8513 9228 6197 6186 2738 5725 5998 9786 6288 4097 4840 1570 1043 5418 9303 4357 3887 6861 9541 3818 7746 532 3596 4910 8833 2020 2610 9745 1388 1828 3875 5448 6737 2140 1440 7242 5945 5781 6671 7212 5562 4605 8590 923 1204 9418 4359 5957 1999 3499 3235 1240 8662 9807 906 5304 4830 7590 1091 3141 5584 6412 391 2909 234 7105 2443 188 9974 2133 1932 8624 3566 5079 427 7983 5435 4322 8198 2789 3719 6303 6791 3438 8941 2749 4437 1151 5137 3490 8181 3995 8845 6195 7291 2556 9309 7798 600 184 4882 8253 4584 9435 8644 7081 5121 195 8637 8205 3213 1703 9863 5141 4419 3526 7803
7699 9736 9193 2042 5411 2718 5936 7815 6521 4879 5725 6570 3719 8930 9300 30 1189 7328 5866 4102 4596 0 9129 6761 195 6932 3292 1944 8021 4850 7322 4958 1527 484 1425 8832 6202 9034 1228 2435 9509 6182 9272 3529 4143 341 5126 5604 8772 1983 7824 7590 389 6194 7636 9996 9360 8508 7812 9951 408 463 9943 1728 8882 7112 8425 2198 8107 6669 9056 5442 2771 5671 3146 430 5222 4069 1236 6124 7864 585 2707 9620 8369 7771 7955 9687 7519 962 8665 9284 1103 7489 8082 3894 717 8951 3097 127 9195 4827 2600 9403 2015 5464 6150 4528 1624 3650 2793 4090 1999 5732 6707 621 6120 1674 1872 2251 6003 7841 4761 6676 9595 5325 2851 6754 2464 3358 4172 2936 2956 5396 5923 3372 9753 7943 1473 8088 3934 2239 3732 9818 8016 7642 1631 5846 4684 3456 8888 3038 8645 2062 1560 3358 1852 3039 2613 8476 769 3292 9624 31 9622 1046 9140 4550 3926 6427 6507 1366 2260 6120 54 762 4847 6939 9931 8469 5250 7924 5975 8120 1467 8313 8821 4511 5839 1355 9529 9705 4447 5237 4603 8412 2625 3295 615 2990 5848 3159 3964 8444 8760 4962 4592 8180 9606 197 1352 7801 3019 1976 1421 2996 4235 2766 1630 3327 5208 9983 5899 4969 2865 5773 9485 2841 6962 4091 6290 2965 9824 5223 5085 2819 2548 9477 5924 4997 7775 2291 9680 3066 7579 798 6691 3172 5543 9747
3829 597 4250 9361 3807 6954 6918 5768 1924 2902 8388 9894 3008 3809 170 3793 167 6694 853 3961 1545 9129 0 9802 622 7600 7334 9420 3955 3840 5780 3789 8363 1934 5698 3207 8913 7695 610 4301 2072 1608 3125 1635 8564 9259 7684 4106 5834 7984 3836 48 1993 9812 42 3133 2979 8898 2420 6016 235 7629 9339 3696 2226 2432 7711 6537 3140 6879 5515 2766 7865 6904 606 1691 9270 6773 4620 4386 8557 3665 7568 9323 3555 5389 4797 980 4098 3171 9633 1008 9177 8971 2404 8986 2190 8591 5590 3911 2503 2183 2245 7333 5067 1579 6217 2947 6175 7550 7942 7549 7967 8983 3369 2809 9558 566 4378 5317 1197 9402 5121 9809 4087 4657 2093 473 93 7677 3233 904 989 9469 6487 7766 9321 8499 1570 1836 9176 4194 5102 9194 3199 7113 710 836 1540 6982 4206 6248 4219 9423 9387 1681 2992 8403 2188 7490 4549 3067 8941 5833 4145 8886 2699 6095 6326 2834 1128 2371 1792 5432 6907 4167 1205 7889 8395 8902 5853 7601 4697 5474 8160 959 7274 6511 9724 4362 9362 4716 574 2655 8375 1314 8509 3569 6112 4588 3121 147 5807 4313 4903 7672 8714 8394 6940 5576 1926 8241 3516 1069 2914 2003 3 4614 502 6883 5284 2822 6908 3959 2743 2300 8709 2381 7249 6933 6525 8675 6358 8053 1776 9934 6996 1055 3185 6337 7236 7870 8281 4408 6310 7673 1439 66 2181 2450
6424 1184 2197 10000 1316 9515 4118 3252 7911 5567 132 4915 1833 7609 2020 6545 1985 3047 2243 3345 8905 6761 9802 0 1823 654 2487 7202 4703 4366 2647 1030 6015 5415 6615 8596 7156 1710 4817 1168 7766 562 8114 1834 3064 7491 394 8105 4971 2921 2609 5513 3457 3036 8831 5942 9032 7075 3807 4799 7626 7893 8824 8492 2625 4889 8516 6035 9607 1106 8045 6713 549 8360 4890 3473 2180 7418 3376 1253 8100 5545 8317 8723 9551 9522 3275 2494 2699 746 6291 8805 4064 807 8894 2340 4136 7432 8207 9147 1735 5104 2299 5108 6592 8991 3930 2640 4006 2801 1880 7672 6455 8102 5991 6191 9098 8497 3320 2439 8037 7261 2262 3969 9753 9019 1784 4995 8592 8305 931 5793 5951 5859 3504 8523 7702 2764 9043 3307 9797 2879 8534 4175 8956 1813 7601 6993 2148 2685 2560 4386 1906 4365 7953 3616 2070 5700 2465 776 8250 6706 7389 6581 3317 9953 1246 670 9014 7570 580 939 144 6427 8401 7896 6951 9801 806 7589 3926 2838 8307 917 8708 7666 2091 3846 3450 5199 5326 9444 1753 3827 9874 7847 8780 4182 2435 6379 5054 9769 705 7031 4737 4843 306 7166 6802 6345 6753 8050 254 5326 5098 5252 1227 5696 1057 2993 8240 4737 1576 5852 1183 2409 7765 1313 628 1248 8385 8082 3233 2533 8508 712 2831 9636 3226 8055 7461 9283 9890 8980 2666 3084 1768 9195 7286 801
9052 8360 985 5342 4656 6000 9473 8001 5383 2219 5387 7283 6422 8721 3236 9825 8419 6490 7785 7038 367 195 622 1823 0 196 5587 9557 4201 511 5889 755 153 7254 7736 3608 2615 2925 9294 9467 1072 701 5896 3638 7651 6880 7349 1435 2744 9117 3953 8514 2352 1374 144 3954 5262 3730 3128 5731 3217 7097 3293 5521 9563 4905 3639 5565 9927 1468 5556 5955 8858 143 8792 6626 6575 8797 7280 3407 7830 3498 514 8670 4095 5883 1246 3985 6069 4973 5446 8856 1049 1634 1699 7532 5497 940 7850 8938 2562 9095 5136 931 3695 7631 3038 1877 8015 3294 2252 5175 6594 1262 2941 6329 8329 2952 9852 8226 8030 5810 7930 7247 5153 7579 9343 7636 5293 2839 4360 1479 364 3881 3419 3950 7277 3378 4850 2303 9877 9048 4807 9834 2205 7771 2540 7365 3004 9905 7329 1221 2170 2204 7359 417 1414 210 46 3333 3470 454 8276 1826 5575 9252 2842 6896 2934 1481 8932 6636 4626 5572 6826 6327 5614 9857 2688 2608 9788 1737 8141 3340 7907 2758 1832 9165 9217 5419 5985 8664 6863 3073 6266 9071 5337 5240 5312 5522 5933 1504 3376 8998 1454 9044 1027 9772 4081 9237 8641 5788 3144 1619 3515 2173 6329 3141 5382 4540 5033 961 5671 5355 1677 2499 2056 8262 3859 1336 2072 2963 5099 3531 9790 7646 7278 4887 9981 8167 148 7692 2531 7233 8587 1719 9269 9087 6332 1824
7006 1277 2867 8664 808 1048 6056 5910 5035 1668 4708 9012 3791 7196 4697 6305 8211 1918 3095 9926 6553 6932 7600 654 196 0 9826 448 4456 6142 8581 5336 5187 6605 7183 3155 6184 8228 7938 268 8142 5657 7457 936 7262 2748 9776 7670 75 6868 7944 774 8392 8401 5273 2927 291 3601 1990 3236 9875 4481 8036 3595 7191 4630 8655 9225 4770 3638 6198 6498 7459 3304 4473 2743 5301 4750 4238 6650 299 3137 8848 9747 3743 5610 150 2539 4461 7027 3482 9833 4803 9379 1963 6048 483 8017 7939 8360 3711 4712 9052 9456 142 4440 9866 3295 2819 5109 9444 8385 8193 4900 5468 6597 773 1141 7638 3030 5783 2226 1317 5750 9418 4095 396 3170 2115 4804 8823 4552 9360 7049 3855 2658 2862 691 7405 7775 8381 7828 9519 4676 8178 3287 4927 7233 6229 9305 8091 6618 9574 4700 4329 165 2167 569 7987 6204 7752 7311 9988 1069 301 1809 1728 9686 6187 3165 1602 7291 1478 160 5575 4513 9101 9805 6673 2495 1156 3745 176 6450 8623 4938 7104 6608 3753 7686 2759 1595 2878 640 3686 8867 5692 102 1501 6307 7587 3542 7628 8337 370 5036 1590 4215 2510 2074 2103 2372 2057 8413 4702 7400 9623 5975 3195 9037 4451 6274 6789 5254 969 8887 4083 5768 7162 764 3364 7820 6149 206 4956 4308 5035 4681 4967 2962 3930 7396 1233 4514 226 8631 7578 8114 4927 8867
5004 1361 2866 1352 6281 3700 5517 1379 8276 9539 5750 7473 2112 4668 8802 5036 6321 8353 2147 1000 2947 3292 7334 2487 5587 9826 0 4257 7415 1067 3454 652 1368 2349 5341 2806 9362 3735 4616 9975 5146 7101 4700 437 880 6428 5940 5209 7788 2744 7945 3486 5973 1913 8299 1027 6176 6296 4699 6024 5426 4198 2028 3178 7610 2202 2895 3674 7823 4035 898 9901 9337 8412 9999 3504 4231 4211 4820 3956 2642 9048 9270 2309 9944 7191 5049 8407 8223 8972 215 754 5017 7211 8246 1176 8725 6023 2468 4696 7257 9679 6441 4271 6429 2332 7706 8079 63 1616 7308 7883 2474 8043 1866 6630 6206 1340 9835 7942 9643 3113 1233 123 1260 1426 3888 7007 8706 2669 7983 9694 5185 8173 4563 1737 8455 6485 7511 5390 4269 5547 594 8369 6818 6962 8021 2471 3278 9260 5969 6575 767 5014 3019 2735 2207 8638 1086 8212 7031 1673 9496 9560 4914 2496 3021 749 6127 4222 8846 6055 452 9518 9020 7064 37 8051 6102 7287 4040 9872 7730 2516 1867 6418 9517 6869 7966 1918 3435 3112 339 3363 420 9979 3115 3039 5897 7724 5110 5587 8174 1494 8451 4591 1931 3457 9748 2805 6786 563 5530 5415 8963 8718 707 5109 2802 1948 8169 6256 4681 3778 2619 3547 1200 8377 2248 4997 1472 6392 3121 6205 7489 7181 1364 2900 8382 4044 2268 8356 6706 9611 5260 9796 6604 6617 2142 7714
7794 9535 9213 6184 4474 5591 7383 1915 8597 7993 416 7410 3075 7060 9121 4080 6891 1030 6735 8197 4754 1944 9420 7202 9557 448 4257 0 9631 2862 8015 8944 6525 6441 1492 3118 9729 315 3462 9851 2282 1874 2264 530 1093 2297 2998 8940 1498 8775 7760 5932 4581 5990 1688 7934 2994 6637 3558 4127 10 7177 2715 4547 2529 9005 6221 4032 238 2041 4439 2855 8473 3161 5013 8583 354 9990 250 9018 7072 5229 4818 7970 6982 6310 3924 991 9211 6305 6330 8878 4148 1720 9574 131 6720 2116 7663 2513 6581 79 9758 1460 5218 7294 7438 4839 3544 3585 2030 9537 2151 2240 9984 7918 3085 1259 2800 9978 1212 6258 3327 7714 1385 3683 2541 9422 4499 6934 9602 265 6561 8363 5646 2439 4969 5008 4187 239 8076 3936 1658 2476 4762 147 9244 6055 650 1022 7041 2632 7609 7364 7201 3487 7614 631 3719 6991 3870 3018 5493 4385 1216 3050 6090 2090 3964 1815 3797 8103 2578 3989 922 3831 6286 8467 8206 738 1080 2736 3408 6193 2654 4379 2319 7748 2763 5986 6990 5123 6615 6330 9364 2283 1755 3030 972 4946 3974 8737 1308 2677 6518 1643 9437 9413 519 7486 3234 4055 2289 2969 3117 9401 9817 4574 4843 1632 8848 490 6452 6121 7740 7542 9322 8404 7296 2043 3408 5354 7646 1824 8400 3905 5706 8765 4945 5236 9114 9468 3642 8145 8879 1379 3242 5530 8314 6497
4971 8602 6655 4992 9309 1882 5801 1272 78 4000 5259 8378 826 7567 8016 7848 6165 8339 6066 3148 2813 8021 3955 4703 4201 4456 7415 9631 0 4523 9677 3594 6142 9035 4679 8526 4973 9200 9909 3707 1850 6792 5445 5204 3482 2014 4726 1423 7171 9256 6725 2648 5863 8974 3696 7045 5652 8961 4002 6055 9151 2171 2528 3659 8023 7014 9278 2447 4659 5586 1851 9833 394 2090 3859 2384 2460 9815 3410 5579 7978 7057 3871 9221 3624 6844 4854 3072 2317 9526 934 6549 3855 903 7879 1509 6004 4229 4119 3527 9959 6264 6090 8747 2596 952 9983 6948 6828 6479 2057 4677 9136 2061 5324 2976 6762 8748 770 9647 2201 9661 1820 2332 5517 3319 1336 678 9133 6439 4167 6731 8243 2230 5113 7412 7007 567 5250 7400 341 5424 4190 2738 1576 7245 6373 2068 590 1779 9468 6503 9534 161 2653 7172 8456 5660 4036 9949 5235 5741 5181 6559 96 8986 3110 5738 5310 4190 5680 346 6145 8651 9315 5926 5977 4532 9393 1411 6784 1854 1336 9205 7727 582 3749 3694 562 828 5879 6680 1577 8583 6032 8229 6876 1591 5463 9568 2774 3490 5494 5120 8018 5008 8818 7519 2534 8758 8778 2081 3753 3365 5069 2182 5927 891 9575 3788 482 4370 8844 767 5500 2739 3388 4369 5388 2660 6762 893 5131 5560 6315 6917 9862 998 7026 1137 4098 2805 2723 8784 3399 3180 874 5637 5325 6192
5307 7509 2784 994 597 3006 722 2713 9721 3628 5103 5971 7905 4689 7345 2606 9525 2879 9786 2358 9584 4850 3840 4366 511 6142 1067 2862 4523 0 9263 2733 2714 4857 6832 3190 5241 8037 2148 4786 4838 9009 8738 4391 1289 2786 8573 7182 9371 974 4911 4625 9015 71 8948 2985 7806 9429 3044 922 6247 2578 6911 6230 6112 4982 8665 2628 4382 3130 7005 1928 6508 861 1242 4392 1135 4139 7682 4528 1310 544 1199 9388 383 9583 345 638 9916 8619 3522 1288 2267 9565 5148 2424 9086 5670 2632 3508 3188 2831 1594 2653 1506 5062 8594 8936 3210 925 3123 6358 9206 2201 3044 693 59 6861 6641 7589 1721 7198 400 5253 7344 3028 9949 3481 9747 955 1083 6024 614 3391 7786 9232 6566 1192 410 8974 4326 2621 7605 9136 9616 3385 746 2078 1551 7177 1608 3219 2671 6778 6522 6339 5206 5649 9500 9342 4894 5463 5475 4661 2536 2778 2926 7825 7366 8534 8251 479 7974 9958 3086 8226 282 8690 5327 7950 7365 3318 8733 1066 5325 5637 8775 7099 9069 5663 2052 8564 3124 5176 9929 6238 4177 8037 5745 2029 4390 7434 7529 766 9258 4314 845 8915 2705 6593 4786 4489 9746 6627 4153 4466 3752 5023 1928 2024 9377 4791 5526 2975 8256 5043 9829 4360 9875 8378 8109 8522 9155 11 5111 9930 4761 8760 1825 3822 2953 1938 3393 5964 5434 6891 7001 4399 5133 151
1499 4026 4387 4772 499 1198 977 5403 1484 1654 2381 3867 9021 7552 5870 8481 9754 7268 9897 5161 7334 7322 5780 2647 5889 8581 3454 8015 9677 9263 0 9035 7083 673 6873 6964 6079 8852 6846 9067 6201 2333 4210 884 3129 5893 2750 6387 6739 9659 9575 6574 2929 7258 1895 4692 1584 6755 9752 979 8591 9535 7984 4825 1635 8903 1196 4085 2987 737 1511 2657 6657 7531 4890 8786 4396 1667 6525 9156 3741 6786 2023 2636 3749 5577 5331 5813 6732 5498 7742 847 1031 9659 3698 5907 1084 4053 4757 3864 9850 7234 4606 9853 7681 1901 4989 1787 3473 779 5737 6481 2523 5412 1896 7317 7641 3784 5379 3693 2541 3826 4081 3096 1764 442 770 8541 4672 9083 5198 7704 5446 3146 2445 1841 1192 6059 3248 6046 1054 6427 4618 7209 749 2892 5637 3187 3645 2277 2806 22 7478 72 2559 2695 6248 148 3668 4718 2840 8663 885 6382 8182 4935 2717 9907 1083 8250 6400 8620 6951 7174 8909 2149 7684 8673 9650 8182 9485 2956 131 435 4632 5713 9877 706 5963 6224 8018 5405 3643 9363 9326 6143 8000 8783 5553 6055 6181 4848 2520 40 5677 5747 1029 4138 4545 9500 5273 3670 7541 5796 2848 5507 7418 6974 660 7643 9200 1647 5146 6890 2769 2120 5211 6387 1063 4156 6795 9616 7112 2637 7208 2649 115 864 6058 5323 8239 6795 9181 6039 8190 9827 4682 6229 2403 3872
6599 6075 9874 4545 4295 3092 7088 1786 9092 6780 5261 6451 9230 6645 629 3079 4637 6604 9705 2462 1143 4958 3789 1030 755 5336 652 8944 3594 2733 9035 0 4871 448 436 1481 8176 822 6272 4991 5275 3969 9816 9241 5320 5032 9568 2231 3349 7346 7776 6320 1930 4845 6325 7018 8939 8487 3157 3039 7050 8254 3922 1645 1732 6410 7079 5256 8770 6025 8920 8140 9249 6702 4269 1324 8348 2390 7595 5214 5094 9264 3677 5385 2318 1841 1791 3135 904 5683 9237 9027 3205 5744 8782 9232 4578 6044 6540 912 2789 8656 5344 811 8937 7931 7409 2555 6239 976 2628 2028 5424 6220 8640 4328 2473 545 234 8175 658 6966 2623 6231 268 2362 8089 3812 3368 7019 9379 4967 8523 334 4582 9260 169 6558 1327 772 4973 8314 4371 573 9402 4356 6506 2895 6997 3993 1162 429 5352 7627 4568 8372 7789 9001 582 8947 801 1271 8260 6975 3389 9627 7078 7753 2899 472 1530 5798 5706 3410 8741 6338 3812 4861 292 4748 4984 9499 8945 7549 5547 9529 7137 8030 9694 5009 7526 5871 41 3283 8476 9257 6999 3598 4456 894 3136 1392 2413 5091 1000 3993 5628 2178 1968 8929 9182 8035 5388 2301 4960 1019 115 7886 1621 9435 499 5032 5707 9980 1697 3700 3751 5357 8598 7539 2704 9280 3536 7769 5643 5607 4155 9784 5549 9329 4206 1983 6781 2247 3185 9719 6402 4187 2012 2199
