50
0 2780 7652 5750 4460 508 9535 6228 4585 3215 9706 7249 1351 5756 5429 4124 4036 5193 5101 5619 2622 4358 2802 4384 4834 3691 6177 8145 6658 9612 7059 7457 6986 6432 4917 8793 5444 529 9558 291 4423 6878 9274 4652 1693 162 4928 153 9202 7904
2780 0 946 6611 3459 1912 3715 8996 2061 6819 7233 5749 5780 2475 1318 7294 4210 8798 9540 5420 3592 8294 826 7197 4647 6619 1691 1126 6421 9219 476 453 6138 6845 7263 8774 7164 7245 5310 9855 8206 4832 1923 6459 7644 1381 3398 1528 5349 8014
7652 946 0 4821 8437 9866 4191 4321 4000 9501 7870 7340 8592 1215 378 8637 1307 6539 4542 9 6119 6462 3960 7088 9732 8843 6395 9707 6254 6786 391 7240 9141 4652 551 9505 8071 4485 9133 8694 8638 3805 4177 47 4379 9678 7466 6332 6080 5749
5750 6611 4821 0 9815 1692 4617 9957 6390 509 1312 4534 1230 9076 2550 4931 9725 8483 8338 1801 4277 482 1381 861 3876 4797 7858 8051 8272 4049 5244 3121 6222 8157 2526 3285 1497 7188 7395 7278 9463 5055 9516 2338 1510 9676 5633 4087 784 7003
4460 3459 8437 9815 0 7940 1776 3335 6116 4323 8007 7622 4216 4003 67 3859 6159 8481 5816 2179 1973 2411 3915 8804 14 8621 2972 9493 8092 9379 1174 2329 9327 6118 786 5111 5257 8623 2665 5092 723 6296 7801 4282 6279 2525 8624 732 2847 3836
508 1912 9866 1692 7940 0 5557 2621 8753 2133 5542 699 7466 9619 4295 4656 2229 7031 1437 7434 8155 317 761 9795 4842 3037 3954 6953 3147 1656 8682 6863 2429 6482 9072 6149 5521 6011 8763 9552 5755 8009 5954 2428 5478 3860 7466 6901 1353 4197
9535 3715 4191 4617 1776 5557 0 3474 5811 14 6767 2293 1352 10000 8629 4551 9399 2267 8294 9774 1839 1800 2438 4135 65 2085 6101 8646 8878 8371 2144 6700 6026 2294 6522 5337 6653 1855 4552 3556 3743 8222 6939 3051 636 1131 5436 4582 7501 9785
6228 8996 4321 9957 3335 2621 3474 0 5519 3948 3933 4938 8808 877 9036 9035 100 1046 821 8565 235 1243 892 55 1754 6723 3617 2836 6736 5992 1027 3143 8506 3103 5667 4915 6194 629 2092 4865 2328 8188 5987 1568 1240 8568 6951 1943 931 1174
4585 2061 4000 6390 6116 8753 5811 5519 0 8662 8045 8325 74 5781 2648 2164 9040 9359 8223 79 4588 853 1691 866 5263 3159 776 3886 4196 9026 3781 7092 2924 8512 6491 9144 2287 6286 7451 8684 7494 1781 3400 7708 3349 5582 9354 1753 777 85
3215 6819 9501 509 4323 2133 14 3948 8662 0 3661 5640 3370 7290 107 1112 4316 5086 7166 8019 7152 3475 4594 5221 5811 9182 3068 2673 6756 6838 1873 628 2136 1617 5770 8220 3368 9606 3524 5827 4245 6632 7251 1230 1026 8770 4173 9730 7659 3036
9706 7233 7870 1312 8007 5542 6767 3933 8045 3661 0 3287 5901 2677 5247 7461 6815 3555 9124 69 8574 5277 7155 4309 6624 5346 200 7272 6831 9491 943 4298 4978 510 9311 6947 2149 7174 5178 9229 3515 9206 4612 5435 214 657 2886 3793 8961 6981
7249 5749 7340 4534 7622 699 2293 4938 8325 5640 3287 0 5290 4794 1845 6884 5286 2858 4939 3237 2275 4071 3777 6995 6460 9451 4829 5617 9593 4130 1092 4395 6138 2923 3689 4270 4810 4273 9052 8420 8238 1788 3043 5016 8967 4376 7237 6742 1813 4038
1351 5780 8592 1230 4216 7466 1352 8808 74 3370 5901 5290 0 1112 1110 5925 5432 8730 3623 316 451 7572 2295 5882 214 2733 8237 6463 3634 6097 4833 327 1543 7151 9690 1380 2670 6162 7923 4692 7760 9794 5463 9218 5936 1126 8111 6610 9015 7350
5756 2475 1215 9076 4003 9619 10000 877 5781 7290 2677 4794 1112 0 7968 5227 2329 6859 1526 5378 8548 3260 3950 8344 4983 3096 6271 3333 7150 4920 4543 3811 7928 6312 9803 5275 1694 1683 3475 7488 9822 7345 3388 5690 4482 6640 4334 8830 2452 3902
5429 1318 378 2550 67 4295 8629 9036 2648 107 5247 1845 1110 7968 0 1530 4710 1242 8450 4375 61 7014 1939 2412 9325 8903 5216 798 4625 142 3074 293 5186 7904 6142 6158 6574 415 7433 6441 3118 9108 1929 7302 8833 3904 5922 3938 2179 8964
4124 7294 8637 4931 3859 4656 4551 9035 2164 1112 7461 6884 5925 5227 1530 0 2460 767 9672 3247 6046 1901 2115 5871 3386 2639 2461 9915 279 6212 6053 2563 4859 5145 1700 2722 6457 8841 426 9410 6106 9398 9150 2821 5940 6431 5995 455 7981 1922
4036 4210 1307 9725 6159 2229 9399 100 9040 4316 6815 5286 5432 2329 4710 2460 0 2957 6386 5313 7566 326 3046 2002 8698 9602 3441 3978 4726 7647 2465 8172 9813 5781 6102 8354 7930 1778 9935 4842 6998 8975 4795 4374 5150 9469 3264 8192 7190 7257
5193 8798 6539 8483 8481 7031 2267 1046 9359 5086 3555 2858 8730 6859 1242 767 2957 0 8376 4957 9493 7257 3296 3182 8632 743 8331 4314 3706 6661 8652 3024 5377 4803 6264 7263 8915 1482 415 3375 2698 9866 5152 5467 4822 3056 7366 6890 4682 446
5101 9540 4542 8338 5816 1437 8294 821 8223 7166 9124 4939 3623 1526 8450 9672 6386 8376 0 5373 1726 3885 9482 5376 2818 9655 7955 2015 2221 850 7126 3957 7449 6385 4974 6361 7864 3778 6328 3855 6693 7163 3249 3849 8737 415 6527 3621 5752 5445
5619 5420 9 1801 2179 7434 9774 8565 79 8019 69 3237 316 5378 4375 3247 5313 4957 5373 0 192 3945 2303 6725 7261 2689 1374 9683 7463 3871 2173 8316 4 3499 3934 1327 4803 3215 6066 2991 5399 8225 3981 7960 8376 2923 6760 7135 6851 152
2622 3592 6119 4277 1973 8155 1839 235 4588 7152 8574 2275 451 8548 61 6046 7566 9493 1726 192 0 1393 4163 4783 4088 5251 1102 3116 9193 9628 5767 1259 782 7846 4467 463 5090 7941 9454 4997 1553 9031 3068 1217 2710 3369 904 4199 3600 8992
4358 8294 6462 482 2411 317 1800 1243 853 3475 5277 4071 7572 3260 7014 1901 326 7257 3885 3945 1393 0 1773 1278 1732 5396 7396 4979 3242 9693 1078 3256 9903 7785 2435 6997 8492 5805 6747 7912 5801 1120 296 3644 7108 7706 4492 2448 8837 750
2802 826 3960 1381 3915 761 2438 892 1691 4594 7155 3777 2295 3950 1939 2115 3046 3296 9482 2303 4163 1773 0 1134 3935 8974 8686 1294 8577 4371 9779 5273 7129 9092 467 7035 3437 5554 2146 3815 902 651 1854 3103 9451 625 4395 3030 9780 3074
4384 7197 7088 861 8804 9795 4135 55 866 5221 4309 6995 5882 8344 2412 5871 2002 3182 5376 6725 4783 1278 1134 0 4565 4674 9758 4868 8717 91 9386 268 6588 4811 4271 3093 7779 672 7509 414 6750 7196 9156 4003 5556 5125 9904 9984 2595 9773
4834 4647 9732 3876 14 4842 65 1754 5263 5811 6624 6460 214 4983 9325 3386 8698 8632 2818 7261 4088 1732 3935 4565 0 2498 9032 1502 146 9328 6850 8090 1198 7022 4101 9442 8858 8298 4059 9827 4136 4544 6926 4622 5062 2720 5629 3855 7099 5975
3691 6619 8843 4797 8621 3037 2085 6723 3159 9182 5346 9451 2733 3096 8903 2639 9602 743 9655 2689 5251 5396 8974 4674 2498 0 7045 4819 6327 9009 2419 2612 1792 4630 5527 1237 4775 5516 8439 74 3212 7672 6381 9442 6214 2914 9967 1223 7023 7355
6177 1691 6395 7858 2972 3954 6101 3617 776 3068 200 4829 8237 6271 5216 2461 3441 8331 7955 1374 1102 7396 8686 9758 9032 7045 0 7362 5240 3534 1817 1527 4527 8575 6427 7595 1833 3562 9653 809 6128 6130 3145 9021 8904 2873 8495 5254 5949 1242
8145 1126 9707 8051 9493 6953 8646 2836 3886 2673 7272 5617 6463 3333 798 9915 3978 4314 2015 9683 3116 4979 1294 4868 1502 4819 7362 0 5954 2488 8489 7408 7641 9931 2546 4568 1422 187 7435 5793 1131 4675 4802 717 3243 4249 356 13 4382 2002
6658 6421 6254 8272 8092 3147 8878 6736 4196 6756 6831 9593 3634 7150 4625 279 4726 3706 2221 7463 9193 3242 8577 8717 146 6327 5240 5954 0 9735 7282 5235 2982 719 57 1101 4900 3776 2584 3014 4897 3059 1924 7259 8233 5439 1432 808 4986 6742
9612 9219 6786 4049 9379 1656 8371 5992 9026 6838 9491 4130 6097 4920 142 6212 7647 6661 850 3871 9628 9693 4371 91 9328 9009 3534 2488 9735 0 4212 3373 7758 3302 55 4315 7616 1830 7498 4119 594 961 1567 3246 5840 1373 4347 1005 9670 8205
7059 476 391 5244 1174 8682 2144 1027 3781 1873 943 1092 4833 4543 3074 6053 2465 8652 7126 2173 5767 1078 9779 9386 6850 2419 1817 8489 7282 4212 0 319 1585 2236 2450 6731 8582 4969 9281 2524 2897 7408 3355 5264 6988 43 1716 8663 4934 7284
7457 453 7240 3121 2329 6863 6700 3143 7092 628 4298 4395 327 3811 293 2563 8172 3024 3957 8316 1259 3256 5273 268 8090 2612 1527 7408 5235 3373 319 0 5037 9803 9046 3829 2361 1204 7421 4319 4718 3842 7155 8892 8961 2013 2978 4409 9763 4376
6986 6138 9141 6222 9327 2429 6026 8506 2924 2136 4978 6138 1543 7928 5186 4859 9813 5377 7449 4 782 9903 7129 6588 1198 1792 4527 7641 2982 7758 1585 5037 0 7805 4810 6296 140 8987 5221 7599 5358 6070 2506 3472 4928 5049 456 4383 5549 2401
6432 6845 4652 8157 6118 6482 2294 3103 8512 1617 510 2923 7151 6312 7904 5145 5781 4803 6385 3499 7846 7785 9092 4811 7022 4630 8575 9931 719 3302 2236 9803 7805 0 8203 3246 3501 2533 2006 2035 5193 968 3761 5493 3452 2562 7247 4895 1496 5075
4917 7263 551 2526 786 9072 6522 5667 6491 5770 9311 3689 9690 9803 6142 1700 6102 6264 4974 3934 4467 2435 467 4271 4101 5527 6427 2546 57 55 2450 9046 4810 8203 0 5936 8445 3284 6868 7433 7221 3960 4799 6822 1478 168 1578 5573 7705 7747
8793 8774 9505 3285 5111 6149 5337 4915 9144 8220 6947 4270 1380 5275 6158 2722 8354 7263 6361 1327 463 6997 7035 3093 9442 1237 7595 4568 1101 4315 6731 3829 6296 3246 5936 0 7449 4060 6973 2827 2828 6671 4634 6796 3277 8378 4094 9062 4871 3611
5444 7164 8071 1497 5257 5521 6653 6194 2287 3368 2149 4810 2670 1694 6574 6457 7930 8915 7864 4803 5090 8492 3437 7779 8858 4775 1833 1422 4900 7616 8582 2361 140 3501 8445 7449 0 2683 5885 7887 2598 4983 73 4134 4082 8996 2495 7590 6144 823
529 7245 4485 7188 8623 6011 1855 629 6286 9606 7174 4273 6162 1683 415 8841 1778 1482 3778 3215 7941 5805 5554 672 8298 5516 3562 187 3776 1830 4969 1204 8987 2533 3284 4060 2683 0 434 4858 4324 5995 1226 5249 5907 4466 6796 9698 2623 4957
9558 5310 9133 7395 2665 8763 4552 2092 7451 3524 5178 9052 7923 3475 7433 426 9935 415 6328 6066 9454 6747 2146 7509 4059 8439 9653 7435 2584 7498 9281 7421 5221 2006 6868 6973 5885 434 0 9510 32 3386 6749 4153 5667 5412 719 6407 1522 4886
291 9855 8694 7278 5092 9552 3556 4865 8684 5827 9229 8420 4692 7488 6441 9410 4842 3375 3855 2991 4997 7912 3815 414 9827 74 809 5793 3014 4119 2524 4319 7599 2035 7433 2827 7887 4858 9510 0 8389 3184 8267 4052 3690 6789 8804 9023 6336 3080
4423 8206 8638 9463 723 5755 3743 2328 7494 4245 3515 8238 7760 9822 3118 6106 6998 2698 6693 5399 1553 5801 902 6750 4136 3212 6128 1131 4897 594 2897 4718 5358 5193 7221 2828 2598 4324 32 8389 0 6117 449 5186 5601 7573 2863 7651 7101 359
6878 4832 3805 5055 6296 8009 8222 8188 1781 6632 9206 1788 9794 7345 9108 9398 8975 9866 7163 8225 9031 1120 651 7196 4544 7672 6130 4675 3059 961 7408 3842 6070 968 3960 6671 4983 5995 3386 3184 6117 0 5082 8436 988 1027 3685 3297 3623 9899
9274 1923 4177 9516 7801 5954 6939 5987 3400 7251 4612 3043 5463 3388 1929 9150 4795 5152 3249 3981 3068 296 1854 9156 6926 6381 3145 4802 1924 1567 3355 7155 2506 3761 4799 4634 73 1226 6749 8267 449 5082 0 5895 6375 4579 9339 4877 2632 9204
4652 6459 47 2338 4282 2428 3051 1568 7708 1230 5435 5016 9218 5690 7302 2821 4374 5467 3849 7960 1217 3644 3103 4003 4622 9442 9021 717 7259 3246 5264 8892 3472 5493 6822 6796 4134 5249 4153 4052 5186 8436 5895 0 2699 1648 7670 6982 8553 7971
1693 7644 4379 1510 6279 5478 636 1240 3349 1026 214 8967 5936 4482 8833 5940 5150 4822 8737 8376 2710 7108 9451 5556 5062 6214 8904 3243 8233 5840 6988 8961 4928 3452 1478 3277 4082 5907 5667 3690 5601 988 6375 2699 0 1718 4943 8424 314 3867
162 1381 9678 9676 2525 3860 1131 8568 5582 8770 657 4376 1126 6640 3904 6431 9469 3056 415 2923 3369 7706 625 5125 2720 2914 2873 4249 5439 1373 43 2013 5049 2562 168 8378 8996 4466 5412 6789 7573 1027 4579 1648 1718 0 4254 526 8878 3475
4928 3398 7466 5633 8624 7466 5436 6951 9354 4173 2886 7237 8111 4334 5922 5995 3264 7366 6527 6760 904 4492 4395 9904 5629 9967 8495 356 1432 4347 1716 2978 456 7247 1578 4094 2495 6796 719 8804 2863 3685 9339 7670 4943 4254 0 5223 9175 6392
153 1528 6332 4087 732 6901 4582 1943 1753 9730 3793 6742 6610 8830 3938 455 8192 6890 3621 7135 4199 2448 3030 9984 3855 1223 5254 13 808 1005 8663 4409 4383 4895 5573 9062 7590 9698 6407 9023 7651 3297 4877 6982 8424 526 5223 0 6863 3443
9202 5349 6080 784 2847 1353 7501 931 777 7659 8961 1813 9015 2452 2179 7981 7190 4682 5752 6851 3600 8837 9780 2595 7099 7023 5949 4382 4986 9670 4934 9763 5549 1496 7705 4871 6144 2623 1522 6336 7101 3623 2632 8553 314 8878 9175 6863 0 2160
7904 8014 5749 7003 3836 4197 9785 1174 85 3036 6981 4038 7350 3902 8964 1922 7257 446 5445 152 8992 750 3074 9773 5975 7355 1242 2002 6742 8205 7284 4376 2401 5075 7747 3611 823 4957 4886 3080 359 9899 9204 7971 3867 3475 6392 3443 2160 0
