50
0 4923 6434 2890 7179 5003 6612 6705 3054 3741 5542 5482 4623 9115 9599 4245 9399 7765 3504 991 791 5933 63 9012 5725 4309 7103 5845 6973 3784 3562 9613 8662 4411 2388 2472 7491 4507 8241 4605 5895 6478 1526 7987 9341 2488 7593 4481 612 3706
4923 0 2351 3449 2978 4572 2284 9514 3647 3161 3243 7262 2453 2813 6 6088 7558 9384 6876 1539 7128 878 3704 9688 6001 5198 9493 2500 1406 6661 6387 6279 2084 3756 5446 5282 6295 1746 682 4073 4224 9486 725 5191 5096 1529 3431 3080 8139 6245
6434 2351 0 1574 2659 9815 3229 9152 3851 9540 7079 9965 3051 7364 7284 8753 6256 8970 5378 2171 4559 114 3750 4747 2586 4855 5289 3631 7476 1514 3885 5971 2474 4947 8618 416 641 9261 4651 2937 2419 2596 4930 5981 867 1813 3282 598 3041 8323
2890 3449 1574 0 6250 4276 7947 7337 1050 7865 7858 946 2543 4791 6331 4478 9373 9968 451 7885 6501 866 6795 2660 8041 9449 6653 5529 1787 3115 8001 3510 198 203 9558 3845 8346 6624 8599 8911 6636 4011 1266 4370 3302 2998 8489 9121 9865 7781
7179 2978 2659 6250 0 983 4591 7555 2296 9049 2839 2244 9740 8351 2478 1204 6219 1975 455 7464 990 3354 1160 1303 5807 2053 2004 3467 2188 8285 4020 4015 7278 2266 7704 7526 6863 4905 5830 5632 9951 496 8285 1214 9737 2310 7712 7429 2688 1217
5003 4572 9815 4276 983 0 5044 7328 8285 4537 613 2617 4542 7049 8292 7135 4445 6923 6497 4570 3077 7206 948 4233 9561 3522 7693 5905 344 5521 8469 9448 3196 6990 8995 8401 8144 135 4040 6379 9985 8235 6962 6873 8627 5213 9720 2941 520 3120
6612 2284 3229 7947 4591 5044 0 8213 1290 1657 3663 5114 9585 1135 3343 4454 477 6243 558 8711 9394 1013 9778 2975 5696 8887 3568 2575 4120 2666 2664 4457 732 7482 5611 1428 7578 3539 9142 8488 6831 8463 9164 8449 4067 1352 3585 2831 3170 2177
6705 9514 9152 7337 7555 7328 8213 0 809 2281 9984 6642 989 6168 6495 1885 1143 7793 700 5323 8438 8902 523 5419 2484 6266 8606 5355 2944 1813 2824 4591 1830 1991 3049 3441 6489 7390 9831 7902 770 7304 6649 4069 1986 2917 5931 32 2780 6041
3054 3647 3851 1050 2296 8285 1290 809 0 8668 7655 4611 861 6479 9809 2888 2149 3919 9554 7586 9738 291 8457 1932 1263 7020 2629 5344 6113 5428 9042 5166 6950 1200 7164 4446 195 4108 6205 6871 1642 3445 6333 4156 9695 3330 7843 1675 5295 1475
3741 3161 9540 7865 9049 4537 1657 2281 8668 0 6525 8847 9877 1258 4477 3294 2567 3034 9911 8592 1104 3714 5834 4824 389 4025 972 8718 634 3705 7863 2293 9232 2494 360 3275 1391 4913 9801 9020 6654 8224 519 1394 5533 7118 2791 4342 740 3200
5542 3243 7079 7858 2839 613 3663 9984 7655 6525 0 3174 8027 2860 3994 1607 4733 4941 4527 6983 1455 660 8451 9458 3650 2318 8758 8763 3583 2193 6585 2246 4832 8421 9597 2035 6650 7193 3344 8782 8623 2598 1692 3859 8104 968 359 7259 602 1431
5482 7262 9965 946 2244 2617 5114 6642 4611 8847 3174 0 4407 9333 6223 8297 646 2977 147 2510 7992 1297 2949 7509 3955 1985 487 6851 1154 1733 2808 7218 3663 5716 7666 1854 2052 40 1418 7696 3714 7029 4528 8794 816 1417 1870 8515 8855 5409
4623 2453 3051 2543 9740 4542 9585 989 861 9877 8027 4407 0 5234 3248 9353 8171 2367 6927 2233 3929 3041 3849 8156 3109 5914 2368 1423 3005 589 8039 6714 7209 1067 2896 1592 4241 2294 2277 980 2362 2371 7166 1076 9247 7843 4740 4298 21 2179
9115 2813 7364 4791 8351 7049 1135 6168 6479 1258 2860 9333 5234 0 2758 3460 6094 3639 3851 9580 9181 7959 2333 8664 1288 2005 4957 7724 86 4442 2473 4607 8767 3648 8136 9675 7784 3615 2458 7854 8050 4648 6925 3447 4793 8537 3875 8168 7735 4175
9599 6 7284 6331 2478 8292 3343 6495 9809 4477 3994 6223 3248 2758 0 688 6083 3112 2520 1176 3540 52 5518 74 882 7009 8406 7848 8295 8376 4023 8769 9590 3868 6966 5069 9573 1386 1599 7991 5079 7149 1847 6085 6801 8778 7637 126 8069 5126
4245 6088 8753 4478 1204 7135 4454 1885 2888 3294 1607 8297 9353 3460 688 0 5651 8255 971 2893 5282 6336 4689 7917 8306 9550 9852 2942 8848 7824 437 4066 8481 7617 4735 9099 5134 9955 6022 4090 5593 4739 4984 3142 9066 306 8030 8944 6828 1225
9399 7558 6256 9373 6219 4445 477 1143 2149 2567 4733 646 8171 6094 6083 5651 0 96 1577 9781 8307 4424 2134 3320 1447 5274 6627 733 3660 3395 7444 4505 3496 2853 9897 1159 2963 3399 2062 4507 3767 9584 5100 5894 889 9332 3605 9043 6554 8615
7765 9384 8970 9968 1975 6923 6243 7793 3919 3034 4941 2977 2367 3639 3112 8255 96 0 437 2771 25 1092 3709 6981 3473 5230 2073 6448 6715 4039 5821 5424 8514 6430 429 9233 6482 5800 6107 5269 6321 7589 2512 3680 2602 8759 4775 4734 6847 3153
3504 6876 5378 451 455 6497 558 700 9554 9911 4527 147 6927 3851 2520 971 1577 437 0 4214 5278 4272 5126 8129 7940 9275 825 4532 2146 9404 490 1641 5085 5419 8729 350 3515 4215 9349 7340 1404 5086 8385 8030 983 6168 9273 9514 3730 3837
991 1539 2171 7885 7464 4570 8711 5323 7586 8592 6983 2510 2233 9580 1176 2893 9781 2771 4214 0 1675 9860 6068 9575 8925 9120 5636 9448 805 8923 1327 363 9746 2623 6897 5958 3164 242 3503 9337 183 5114 5092 4203 9671 7660 9517 8347 9219 3518
791 7128 4559 6501 990 3077 9394 8438 9738 1104 1455 7992 3929 9181 3540 5282 8307 25 5278 1675 0 2053 9672 1406 4626 6195 8322 2878 7841 9760 4840 3121 5892 1833 9691 397 9726 2397 8654 4643 3033 4946 4020 9927 9606 7565 2017 3727 811 4561
5933 878 114 866 3354 7206 1013 8902 291 3714 660 1297 3041 7959 52 6336 4424 1092 4272 9860 2053 0 9899 7863 4006 9265 7536 4957 5707 4726 6958 7927 3318 1762 475 4944 3409 5361 4473 9059 6235 2423 2262 6940 3538 7515 5095 9862 6956 4247
63 3704 3750 6795 1160 948 9778 523 8457 5834 8451 2949 3849 2333 5518 4689 2134 3709 5126 6068 9672 9899 0 2617 9790 8283 2020 6603 3651 6062 3361 6987 7920 8548 8097 9602 7016 6452 1745 3202 5972 6023 6486 3156 8887 4322 3709 9023 6186 9753
9012 9688 4747 2660 1303 4233 2975 5419 1932 4824 9458 7509 8156 8664 74 7917 3320 6981 8129 9575 1406 7863 2617 0 2806 7849 4805 3528 6885 6559 9856 8278 8626 8468 9606 599 3388 5159 5214 7930 3145 4010 5022 7189 3746 9636 1569 2091 3809 3748
5725 6001 2586 8041 5807 9561 5696 2484 1263 389 3650 3955 3109 1288 882 8306 1447 3473 7940 8925 4626 4006 9790 2806 0 6773 484 7123 7380 5342 2299 685 7408 5622 8264 2840 1479 9508 4886 869 9658 3194 344 3223 3018 2981 972 5603 8870 8874
4309 5198 4855 9449 2053 3522 8887 6266 7020 4025 2318 1985 5914 2005 7009 9550 5274 5230 9275 9120 6195 9265 8283 7849 6773 0 3088 8565 2777 4160 5630 8720 370 8814 3137 3408 602 5976 7303 9002 5061 6933 5630 298 3027 2564 8810 8798 5756 1365
7103 9493 5289 6653 2004 7693 3568 8606 2629 972 8758 487 2368 4957 8406 9852 6627 2073 825 5636 8322 7536 2020 4805 484 3088 0 8660 1211 3482 4830 1850 6026 8412 8166 7348 7773 7181 7603 6596 4150 4321 4443 9632 4674 6362 7569 6929 2631 7148
5845 2500 3631 5529 3467 5905 2575 5355 5344 8718 8763 6851 1423 7724 7848 2942 733 6448 4532 9448 2878 4957 6603 3528 7123 8565 8660 0 2588 1112 8684 9365 5424 2254 8504 822 4784 9243 5010 3910 4272 4132 9506 9410 1135 7489 2246 9449 8568 3171
6973 1406 7476 1787 2188 344 4120 2944 6113 634 3583 1154 3005 86 8295 8848 3660 6715 2146 805 7841 5707 3651 6885 7380 2777 1211 2588 0 8043 4446 9287 7045 3216 9468 862 4823 4791 9679 5550 1979 5200 556 9814 5469 9728 6126 959 9764 1565
3784 6661 1514 3115 8285 5521 2666 1813 5428 3705 2193 1733 589 4442 8376 7824 3395 4039 9404 8923 9760 4726 6062 6559 5342 4160 3482 1112 8043 0 5420 4241 1944 3507 4107 6708 5125 6400 5463 9277 2567 3053 6826 1521 8239 2009 1164 5813 2839 8875
3562 6387 3885 8001 4020 8469 2664 2824 9042 7863 6585 2808 8039 2473 4023 437 7444 5821 490 1327 4840 6958 3361 9856 2299 5630 4830 8684 4446 5420 0 4130 9049 9601 7145 7811 5457 9386 3253 2212 1780 5875 8866 5153 9269 2639 126 813 5190 4956
9613 6279 5971 3510 4015 9448 4457 4591 5166 2293 2246 7218 6714 4607 8769 4066 4505 5424 1641 363 3121 7927 6987 8278 685 8720 1850 9365 9287 4241 4130 0 3915 2281 8877 5670 1395 4025 2995 6958 8379 2818 486 7793 5238 2801 540 1976 2168 7877
8662 2084 2474 198 7278 3196 732 1830 6950 9232 4832 3663 7209 8767 9590 8481 3496 8514 5085 9746 5892 3318 7920 8626 7408 370 6026 5424 7045 1944 9049 3915 0 9997 1490 1451 7497 2071 6538 1565 8347 9036 4766 7066 8884 2622 8640 522 5198 3482
4411 3756 4947 203 2266 6990 7482 1991 1200 2494 8421 5716 1067 3648 3868 7617 2853 6430 5419 2623 1833 1762 8548 8468 5622 8814 8412 2254 3216 3507 9601 2281 9997 0 1176 6163 3081 1057 309 8183 2100 3492 2967 73 9206 5098 2948 7751 1903 7274
2388 5446 8618 9558 7704 8995 5611 3049 7164 360 9597 7666 2896 8136 6966 4735 9897 429 8729 6897 9691 475 8097 9606 8264 3137 8166 8504 9468 4107 7145 8877 1490 1176 0 2850 9459 420 3708 2461 4651 2281 2414 4615 7850 237 3066 2713 7674 6857
2472 5282 416 3845 7526 8401 1428 3441 4446 3275 2035 1854 1592 9675 5069 9099 1159 9233 350 5958 397 4944 9602 599 2840 3408 7348 822 862 6708 7811 5670 1451 6163 2850 0 4754 6608 767 8429 3724 2442 4480 8333 3409 5154 3465 5923 3505 8467
7491 6295 641 8346 6863 8144 7578 6489 195 1391 6650 2052 4241 7784 9573 5134 2963 6482 3515 3164 9726 3409 7016 3388 1479 602 7773 4784 4823 5125 5457 1395 7497 3081 9459 4754 0 5609 218 5761 4192 2706 3699 9980 2656 9278 1781 4426 8670 4854
4507 1746 9261 6624 4905 135 3539 7390 4108 4913 7193 40 2294 3615 1386 9955 3399 5800 4215 242 2397 5361 6452 5159 9508 5976 7181 9243 4791 6400 9386 4025 2071 1057 420 6608 5609 0 9907 7934 795 4528 1987 1509 7908 5713 8839 1912 6576 3904
8241 682 4651 8599 5830 4040 9142 9831 6205 9801 3344 1418 2277 2458 1599 6022 2062 6107 9349 3503 8654 4473 1745 5214 4886 7303 7603 5010 9679 5463 3253 2995 6538 309 3708 767 218 9907 0 4796 8808 7305 3902 6791 8104 5886 3991 4961 2818 1094
4605 4073 2937 8911 5632 6379 8488 7902 6871 9020 8782 7696 980 7854 7991 4090 4507 5269 7340 9337 4643 9059 3202 7930 869 9002 6596 3910 5550 9277 2212 6958 1565 8183 2461 8429 5761 7934 4796 0 211 4386 186 5814 5094 1455 5935 7530 2243 3125
5895 4224 2419 6636 9951 9985 6831 770 1642 6654 8623 3714 2362 8050 5079 5593 3767 6321 1404 183 3033 6235 5972 3145 9658 5061 4150 4272 1979 2567 1780 8379 8347 2100 4651 3724 4192 795 8808 211 0 4061 3204 6867 7720 3096 2792 8323 6532 344
6478 9486 2596 4011 496 8235 8463 7304 3445 8224 2598 7029 2371 4648 7149 4739 9584 7589 5086 5114 4946 2423 6023 4010 3194 6933 4321 4132 5200 3053 5875 2818 9036 3492 2281 2442 2706 4528 7305 4386 4061 0 3926 3018 6235 5987 5960 5604 6045 6030
1526 725 4930 1266 8285 6962 9164 6649 6333 519 1692 4528 7166 6925 1847 4984 5100 2512 8385 5092 4020 2262 6486 5022 344 5630 4443 9506 556 6826 8866 486 4766 2967 2414 4480 3699 1987 3902 186 3204 3926 0 8121 8770 1645 9477 2985 7249 7879
7987 5191 5981 4370 1214 6873 8449 4069 4156 1394 3859 8794 1076 3447 6085 3142 5894 3680 8030 4203 9927 6940 3156 7189 3223 298 9632 9410 9814 1521 5153 7793 7066 73 4615 8333 9980 1509 6791 5814 6867 3018 8121 0 5445 4367 5229 6683 8328 7986
9341 5096 867 3302 9737 8627 4067 1986 9695 5533 8104 816 9247 4793 6801 9066 889 2602 983 9671 9606 3538 8887 3746 3018 3027 4674 1135 5469 8239 9269 5238 8884 9206 7850 3409 2656 7908 8104 5094 7720 6235 8770 5445 0 4690 7957 7401 4946 2166
2488 1529 1813 2998 2310 5213 1352 2917 3330 7118 968 1417 7843 8537 8778 306 9332 8759 6168 7660 7565 7515 4322 9636 2981 2564 6362 7489 9728 2009 2639 2801 2622 5098 237 5154 9278 5713 5886 1455 3096 5987 1645 4367 4690 0 9780 3382 3108 6398
7593 3431 3282 8489 7712 9720 3585 5931 7843 2791 359 1870 4740 3875 7637 8030 3605 4775 9273 9517 2017 5095 3709 1569 972 8810 7569 2246 6126 1164 126 540 8640 2948 3066 3465 1781 8839 3991 5935 2792 5960 9477 5229 7957 9780 0 5766 1101 5618
4481 3080 598 9121 7429 2941 2831 32 1675 4342 7259 8515 4298 8168 126 8944 9043 4734 9514 8347 3727 9862 9023 2091 5603 8798 6929 9449 959 5813 813 1976 522 7751 2713 5923 4426 1912 4961 7530 8323 5604 2985 6683 7401 3382 5766 0 6135 6186
612 8139 3041 9865 2688 520 3170 2780 5295 740 602 8855 21 7735 8069 6828 6554 6847 3730 9219 811 6956 6186 3809 8870 5756 2631 8568 9764 2839 5190 2168 5198 1903 7674 3505 8670 6576 2818 2243 6532 6045 7249 8328 4946 3108 1101 6135 0 53
3706 6245 8323 7781 1217 3120 2177 6041 1475 3200 1431 5409 2179 4175 5126 1225 8615 3153 3837 3518 4561 4247 9753 3748 8874 1365 7148 3171 1565 8875 4956 7877 3482 7274 6857 8467 4854 3904 1094 3125 344 6030 7879 7986 2166 6398 5618 6186 53 0
