250
0 8479 5232 143 2858 6677 1413 1424 4846 7376 4028 8995 5263 3503 2479 4800 6148 6645 8216 69 4924 1392 2230 5393 6530 2956 9739 152 8632 8490 8247 7552 6493 7144 967 2503 4134 5064 7012 2095 8048 4317 1843 9626 7752 3955 3838 2112 9671 5147 3930 4468 6623 1163 8368 2685 1031 8295 5953 622 4857 4957 4325 2936 9764 1893 7818 5916 6181 5997 117 1784 9513 9177 7127 450 420 4584 3267 9376 1316 1295 6702 9049 812 1207 9134 4409 8053 5837 3663 2356 461 1836 3475 3706 2092 16 4042 3299 2145 3079 7133 3409 4767 4928 475 2009 885 4566 9104 8399 8984 4603 9922 9692 3843 5114 9334 7918 3279 625 2282 4538 9900 791 2548 2405 6614 4033 6836 5113 3197 5804 9013 2848 2129 9124 5771 8601 9371 6453 2678 4528 5585 4884 4193 1993 845 9478 4835 9779 7836 3705 6299 3185 2137 1167 1985 3491 1982 1012 2666 9473 4980 2011 6073 5308 916 5906 276 5423 191 9012 1835 1381 9953 6082 4169 9396 1441 1648 1236 3812 4612 3971 1894 1592 1368 9878 8595 899 5773 1474 8537 1700 3630 6539 3969 9602 6788 3452 9009 2440 4220 5365 5212 7644 3675 5962 6244 8696 637 2020 676 8228 3139 4986 7757 4549 3922 6434 221 3329 2479 1669 6810 1039 898 766 3025 9250 2231 7037 7921 8310 1051 8661 2528 7063 9143 3132 2875 5159 7014 1026 472 5139 1129 9529
8479 0 407 5226 7533 7922 2646 3209 4902 1677 3423 3409 3794 4469 6674 3282 5912 6696 23 4860 9247 9059 1300 4662 6129 4464 6486 9217 4269 5004 2952 6539 8462 9047 262 9335 6428 1046 1795 8547 4508 5593 6467 1540 7609 3382 3552 9328 7434 1347 4515 5085 3649 2429 8497 9747 8518 6969 4409 6475 6308 5608 7644 2653 4611 7472 7941 9610 6505 7123 4122 6673 1586 3888 9539 3479 4741 5234 5896 2293 3608 4511 5668 2494 8982 7974 6750 9472 2351 356 6864 6477 9818 7900 7761 1660 580 7526 2105 9893 5258 8203 2131 9075 1319 5377 2860 2895 5901 2744 6017 8034 9739 6506 3279 6291 3649 7449 2288 2638 5553 8990 9502 9594 201 3404 2524 8547 7460 1327 2600 636 6723 2605 1122 9007 6179 9603 7731 6387 217 201 8668 2952 3256 4152 8335 1580 743 9287 6382 2906 8497 500 1424 2692 1470 8757 6222 2214 9314 6631 8042 6856 1153 897 9413 2091 3816 4546 4595 6400 388 5331 67 97 9341 608 1429 9737 11 4085 1163 9548 3431 9216 4006 765 5120 2082 3783 3655 7444 5123 2482 6879 7865 4317 3622 3727 1282 6634 6257 3114 2602 8886 4587 3454 911 1300 8266 2090 1168 7869 3632 7624 6296 3248 1642 638 9857 5524 9449 2179 836 1012 4738 9764 7521 3870 2418 685 5819 5915 4257 6454 4858 7144 6024 9219 6221 3817 6017 9691 6463 7698 5886 5894 3031 3435
5232 407 0 9051 5742 5681 2699 6546 9031 3293 5877 7717 5665 2155 2989 1100 8921 4587 9259 8748 5874 6417 3431 2541 1691 732 9567 2095 8202 3832 5013 8065 1479 2646 7194 6995 2302 7813 351 9545 318 5716 2952 6161 84 8700 6816 6641 8956 5219 8194 4775 2089 2667 5747 8031 3764 1131 17 1495 3501 6886 3696 2889 9249 7592 8793 4472 9173 4852 9345 611 5783 6828 4549 8210 2588 9096 9040 4748 6726 537 1000 5610 151 7927 7456 3635 8070 9841 2426 9030 9995 1565 7131 5867 9370 652 9883 9881 7268 1829 9457 6704 5790 6519 2186 8334 3641 4690 2371 549 8424 6831 312 6564 7815 6098 5788 5287 813 1451 2271 6454 9768 6800 7998 7571 4077 1671 9427 6449 141 2076 5489 157 2404 5672 6167 7327 780 9856 7027 6032 8678 2686 446 4311 5006 1053 6059 7703 2758 6049 5557 6077 9278 4241 7659 4592 9498 9752 8023 7616 1894 6125 8144 8005 9113 5280 8649 603 8918 712 5816 8180 8949 7060 2517 3238 9992 1675 3360 6269 5308 2310 9544 8372 2280 7584 4216 8353 5485 8005 6061 8090 9870 9335 6870 4155 7643 812 1895 7755 82 331 2352 8565 4937 9703 909 8074 9293 2907 1623 5243 3249 7689 8091 1330 94 5453 1362 707 9927 2753 7397 5667 6500 1146 3423 7618 8503 3325 6001 1873 5517 9607 6109 3657 8092 2088 9426 7605 8896 6854 6642 8656 2908 3985
143 5226 9051 0 9356 1562 1389 5608 4193 3891 9124 8550 508 4035 727 8776 7924 7513 3562 2857 1682 1424 8356 802 2606 4445 1503 3288 5263 6215 3796 3220 1973 2727 7707 3565 5199 3714 3332 4907 3065 8359 3986 3630 4557 3693 4890 2960 5745 554 9932 4134 5095 6290 6764 3483 9277 3545 8522 4959 9963 5886 2354 7198 7217 1372 2078 7256 1318 8239 4398 5371 6871 8332 6297 1857 9783 4948 9232 3834 3245 2451 5610 5108 9543 3254 370 6079 4162 5548 1812 913 637 1083 8370 2742 2900 7219 2946 3021 651 2877 8255 8169 1075 1862 1579 4768 5 6230 5986 6937 3495 3307 4332 782 9181 6376 1742 4156 9062 4553 3306 9440 5567 4063 1039 3347 3997 9566 2717 6786 5172 6148 4613 3214 9064 5783 2257 8372 4367 8647 618 1516 2040 4793 3485 5007 4330 3580 2730 4008 7798 7137 5635 2592 8141 3613 9913 2750 3902 1727 5519 8868 9210 2722 7495 3574 6686 7736 5303 9539 8996 4777 5346 6825 8792 5244 8004 7467 1283 6959 9954 6717 6547 6449 7909 4273 5564 9932 9667 1963 6148 7867 5121 911 9009 2663 7938 1979 4564 3541 7075 4284 558 3851 7763 8583 3272 1121 8291 8924 794 1813 1960 6232 1255 3494 3221 7494 1107 5207 1680 8024 7810 4656 7447 1038 214 7575 4472 6223 9535 5369 3448 8433 9247 8466 9611 6202 193 3619 2244 2297 1230 3465 647 6052 1906 2506
2858 7533 5742 9356 0 4226 3648 3558 9524 4360 4757 6083 6135 8718 1461 5706 5300 8672 9902 9735 1278 6182 696 45 579 1637 5200 4725 3720 1614 6798 8900 4941 2787 9950 2216 3171 2731 6001 8913 4503 4535 5068 2910 5457 3192 7484 1110 7794 8094 6799 5788 8644 998 1600 9456 5631 7088 9340 219 8638 7841 8175 1872 9815 9246 9723 1157 5456 4337 7931 4174 3796 3683 890 7550 5698 7415 9283 5113 2555 6948 1685 7171 9259 6536 2437 849 2770 5988 3892 4762 353 3127 9557 7021 7201 5436 2029 4575 9387 8914 2386 5499 3600 8101 2304 9412 3995 3276 8585 1069 7210 9543 2540 993 3840 7175 8553 1223 6721 2086 6415 506 5993 5774 3326 9951 340 2765 8335 823 1892 3045 7263 6829 2823 6062 1767 6198 7652 4672 1464 9642 488 5729 3064 9468 2473 8785 3121 3524 842 8939 96 6819 8436 6921 2015 1111 5465 8137 8235 9866 6166 4082 4589 4728 2547 8282 6394 7918 3992 5385 3105 2634 8464 4860 4550 873 9214 2899 1807 3430 2928 9133 899 9490 9915 9894 4830 8445 6572 9868 4661 2158 9868 8249 4245 9500 9856 8960 8643 3519 6854 3371 1737 9837 8798 1842 2033 7787 1319 2516 9358 7740 2702 8809 9703 4715 6067 8702 8940 4419 5348 775 9786 7865 6321 5134 7827 9967 3465 3567 4198 7678 7533 7979 6147 7538 9410 6511 3792 4927 4189 8493 1249 5189 314 539
6677 7922 5681 1562 4226 0 3408 3278 8575 509 9662 2047 6425 7129 5284 3921 9437 9647 3984 6499 4528 3409 5795 1231 4660 8607 6470 455 6021 616 2 232 8290 3354 8986 6535 8856 8344 2044 9032 4544 9559 2221 2062 4201 1123 6343 8266 0 6688 4632 9705 901 2900 3323 6287 7580 418 6492 2240 1669 1711 6722 3924 3354 8198 1778 9149 7794 3682 2160 976 9017 9737 8020 9478 4316 4945 7381 8844 9374 9419 699 515 5861 451 3666 8683 3224 969 7090 6892 6716 9505 1467 7455 9686 5918 3742 1871 4517 9193 8403 80 8672 7300 9849 3797 8817 554 9860 1065 5383 3695 1681 7660 9509 3024 2691 3722 3137 1012 817 1286 5943 3269 6175 7457 4067 469 2283 45 9713 8335 6077 2878 3959 2069 5220 3388 5252 416 9801 9361 7515 6672 2939 6980 7339 7944 7199 2902 3192 4133 3544 9568 505 2997 6128 5118 2071 4759 3028 788 6461 7634 6720 6025 9406 8363 2571 7361 2907 9012 1767 5929 3038 8688 2766 8178 5009 799 4186 5731 4153 3034 3037 317 5582 8841 9281 6803 2858 7182 829 2573 9181 8487 7925 8506 2730 5376 4378 2677 4284 8230 6986 4007 7564 2612 3524 5158 5926 7834 9219 3348 7298 4092 5460 8388 2908 8200 5457 1572 6929 1151 8457 4741 2467 2397 8368 8901 6307 1246 8841 269 5700 1466 8946 4608 1588 108 9537 5092 9282 190 5562 2025 6640 9885
1413 2646 2699 1389 3648 3408 0 6198 3547 1782 7368 5120 8663 9187 4954 4982 3159 448 7238 100 8579 456 2979 2730 2001 2895 1751 9315 4813 800 7819 9141 3740 750 6028 7944 8701 4126 4964 5598 7962 1444 6657 3353 6355 9062 9201 3682 5805 9649 1081 8487 7437 4931 3921 4791 730 9049 5206 9905 8357 4042 7796 7330 2816 9088 9152 5154 3359 9899 6810 41 4254 1176 3067 9353 60 5117 4820 2888 2286 1650 2587 3651 5714 4892 2607 8312 5647 2347 3088 5987 6574 3081 2256 5518 467 6026 2132 7170 4370 5569 7001 5790 2533 6295 9711 9926 5010 5556 4017 8381 9980 2542 1670 7459 8347 7263 1821 6683 8646 2020 1309 3496 5635 327 4814 3451 4815 2117 4225 4828 6198 4705 2211 1569 1698 4063 5830 7265 7359 4562 6680 9755 6185 8735 1841 7623 9320 6753 3487 3533 860 2358 4860 6496 6534 9512 7884 4044 1765 2851 9581 3227 6047 913 2193 1937 3155 7190 2741 3277 1048 1132 7031 7447 4614 6459 9143 302 7585 7264 7100 8276 5098 5078 46 7748 5519 8650 1927 2203 1798 9285 5708 2636 1147 9410 5107 3944 1035 9402 147 4312 9822 8510 7140 8396 590 9865 6899 2023 5912 8638 4347 1023 2903 8844 9650 975 7118 1615 8720 8809 9831 5226 6615 7394 2349 1592 5990 7752 3237 9807 2642 1096 890 9120 5075 8873 9663 9116 8391 223 935 2501 912 9298 5581 5598
1424 3209 6546 5608 3558 3278 6198 0 124 3200 6387 161 4742 4648 5552 1054 2912 2652 510 8773 4285 9127 9870 2560 7195 6793 4435 4420 8930 7884 6231 1429 1928 1693 5445 810 8241 1993 1003 7195 8259 5143 991 3982 5393 2874 699 5628 5203 6295 49 2344 6932 1683 8842 9507 7624 981 3406 5077 6182 3044 4290 1261 2916 3368 7161 5066 1113 7183 4314 5308 2501 2333 1202 5439 6460 5817 9615 9766 9434 6419 9269 3038 1589 8267 6914 5159 5845 2342 3280 7197 3341 7533 2810 2016 605 9841 399 7788 9043 8569 1432 9044 3287 9018 3652 9763 5652 288 3821 9649 8306 8788 2033 2013 3681 5269 9939 9830 3659 7840 5192 2296 337 6749 5587 1612 7935 1218 1415 83 7357 8224 2247 5496 4550 7802 4238 3161 274 5849 4134 5388 2928 8428 3768 9935 5741 311 4329 6242 6048 31 6466 7258 8831 8807 2657 2838 6975 986 4216 9386 9613 4077 5759 5235 4709 9766 1191 144 9143 6044 8079 8579 4108 3982 8776 1734 1454 3405 2641 93 1400 7716 6495 2890 5682 66 5219 4868 562 7901 3070 8842 5076 9913 9900 4562 768 6524 6308 4166 6676 5781 4683 5115 3268 3716 1457 3363 6911 56 2708 776 2448 442 7192 6444 8212 2052 897 4947 12 6313 9153 4952 59 6937 7056 115 8774 7725 7474 6013 9332 4793 24 421 2255 5855 1881 8624 3936 8612 7458 3706 630 5102
4846 4902 9031 4193 9524 8575 3547 124 0 3817 5240 7432 2244 3463 5022 1287 2967 7996 5647 8324 5697 701 7902 3161 4916 9402 6641 1852 8469 6960 7605 4958 6172 220 4583 3312 1853 581 3258 8182 1508 850 3716 6845 4920 5171 251 5967 1448 4479 2212 9980 9201 1558 5395 9346 4670 8389 360 9825 3039 6139 6005 4807 9244 2899 1329 8089 1785 7963 7875 1925 1564 5379 9464 7323 7524 7393 4274 1198 5124 1850 1671 5298 7859 3224 333 5351 8516 9539 719 3219 6470 4986 7070 1957 2034 4714 483 7490 9994 5048 1404 3223 5776 3582 433 851 9201 7150 9017 226 7678 4493 4270 7807 7156 3311 7678 2450 7969 5936 9317 6409 7684 1304 9363 3585 4553 8221 1170 4992 4017 1651 2572 1090 9359 6227 8780 7040 7195 3725 6486 9289 4569 2398 8448 303 6010 968 1528 6434 3879 2786 8036 644 9179 3559 2769 9644 4761 4337 8038 5759 5513 5465 8078 3379 7724 3330 7354 7595 1420 9515 6762 5548 2579 4579 2484 1542 7185 7942 9410 6688 725 6288 2549 404 8294 5552 2526 7317 4530 6070 8599 716 7724 2482 5249 8857 5182 5050 2144 7006 9089 9205 6155 5534 8750 7760 2476 400 111 9375 5988 5504 304 5731 2717 7954 8714 8604 3432 699 4217 2578 6182 8359 7550 940 2495 7814 3506 8911 4688 4391 1787 127 800 3145 3914 9608 1098 8507 5203 131 9326 2730 6148 2724
7376 1677 3293 3891 4360 509 1782 3200 3817 0 5472 5213 4315 4135 9671 3389 8172 1272 5601 3894 3605 7789 511 7074 3114 2430 3172 2586 6545 3571 6362 5238 1748 8162 7261 2670 5936 9543 2861 1304 6726 7834 5471 815 6148 9945 4622 9561 6176 112 2671 1539 3891 8289 606 4371 4826 9160 5645 333 6263 3466 9961 7706 7178 471 4400 4497 1286 2725 7795 3481 99 2926 9203 4103 6324 81 7751 8769 1103 6780 8078 5821 7093 1227 411 9846 3449 2563 9385 452 4747 364 4358 9443 4958 7323 9647 5854 8747 6197 2256 8031 5306 1776 8441 1243 2724 7799 2716 7485 8792 7921 3915 9693 9121 4594 9275 5325 6680 3986 5736 6857 2739 8592 2338 160 3356 2502 2694 1924 9827 8661 7104 4990 1982 3690 188 1826 3198 9394 875 9417 1399 1512 9928 661 9050 9639 7310 875 3749 4225 1262 6429 5379 8482 5691 6939 2248 6570 741 8098 1276 732 5476 5677 1539 3976 8652 5088 6933 3093 1869 5247 6395 8249 8971 5435 1994 438 1555 9230 7213 4921 5913 3387 3148 5550 5272 5299 176 7221 8984 6743 299 3954 1517 8878 2335 8805 70 9301 4698 3075 6785 2609 7375 3923 9087 6037 8786 4155 4136 6800 9628 3771 710 2560 732 1732 8394 4908 4357 3063 7965 42 9824 9483 9290 1479 505 969 2299 3119 8359 1695 7326 1100 3076 9990 13 8186 4496 2333 3447 7976 723 4346
4028 3423 5877 9124 4757 9662 7368 6387 5240 5472 0 4093 5788 2053 497 401 3541 3638 5267 7695 7383 2575 7953 5505 785 4415 3236 3790 5871 826 6586 6253 27 6636 2444 8577 1238 7923 1198 3141 5442 6892 7952 5743 4179 5241 4655 7027 7977 4289 5760 668 468 7020 6168 6230 5164 8389 1054 8607 7030 4376 3175 7852 3259 4980 8102 2391 9539 607 2028 7469 4506 1900 5037 5683 2993 9868 5011 3051 8095 190 8204 6379 850 7885 8101 9336 2521 7643 5215 6832 1958 6211 6898 2381 9483 2009 7663 8886 1484 5148 7681 3146 2620 1478 6865 8910 5728 3287 6643 8388 1302 7640 3225 788 3216 8167 1544 5312 852 2667 673 7521 4175 6989 9800 498 8966 4362 9684 7711 9427 1184 2682 3545 7049 8821 5229 2400 2189 7726 4077 2233 4697 87 4274 1153 2480 7861 948 4240 8941 8691 6245 9211 6532 8723 7539 4881 6428 1940 1207 1706 3813 5095 2839 4284 2219 2973 7371 5189 29 4162 5407 3004 9705 612 3858 1847 3147 5954 6347 4814 4908 2380 2538 4332 7708 6164 3293 8165 7993 6462 5185 2782 6407 508 3215 417 5856 6261 562 614 828 2222 3408 5566 7798 240 563 657 2278 5806 8280 9866 624 4204 3167 7093 1236 1581 482 4296 5717 4043 1057 4803 2979 6639 7953 1870 2367 9572 6438 4070 9024 6387 7109 2715 3734 4526 6786 6488 9880 6166 4180 4814 9049 1923
8995 3409 7717 8550 6083 2047 5120 161 7432 5213 4093 0 5899 4365 9583 1164 9590 17 5645 3713 1215 7191 2184 3877 2173 3985 5436 6912 3822 3626 2589 6142 8201 265 6914 789 9769 6204 8537 1569 3208 3004 4129 5136 859 314 2312 6777 4852 1490 5752 8827 986 6255 6952 7924 5896 3180 430 4972 2306 4470 5680 230 214 8791 2880 8111 4774 4942 8474 7880 5157 2441 9395 326 7855 4488 3477 9542 7504 8638 2158 6607 5207 5837 9889 207 4844 9895 1240 5229 2458 8511 5360 7701 2872 9354 1091 6445 2547 6221 5820 404 1876 955 2940 8590 907 3690 4763 7616 7441 9718 1360 5190 6203 38 2282 8987 9593 9928 8159 8442 6202 9330 3820 6161 674 4085 8497 9831 6410 217 1722 3590 7855 4446 8784 4669 525 1680 737 6745 263 7200 3465 3976 3680 8973 6638 5930 2531 4861 1067 2849 1159 7391 654 4203 7262 7185 4557 5678 6393 3351 2230 453 1759 279 8359 8402 3671 422 4949 1007 7671 1009 9553 8726 4167 219 3152 720 1841 8752 2137 5895 5948 384 2103 613 3328 6862 5746 9712 9091 5543 5447 7858 2987 3584 798 5653 1428 1715 4502 7329 8411 3857 4412 5826 6851 7045 4974 2237 1447 2843 6362 8229 5383 4525 3750 1019 4983 3812 1496 2321 2870 4817 554 4201 6523 6774 2387 3841 3594 3862 3330 6921 9632 3787 4125 5461 4576 8902 7151 1557 6909 7158
5263 3794 5665 508 6135 6425 8663 4742 2244 4315 5788 5899 0 9038 305 2730 1534 1106 2878 1615 7320 7098 1826 7617 1913 9301 1058 8299 5685 7052 723 5263 9880 9925 7429 4563 3138 907 9852 613 3809 9138 577 1250 9290 5284 6685 2348 1095 6217 5204 7163 7832 1220 908 8651 9479 423 3893 2082 5815 4199 1732 6985 5646 3629 2142 2235 6145 7766 6762 8802 3278 9767 6756 3582 4120 5772 2742 7193 807 5932 4335 7255 2286 8712 6748 3908 8203 3201 6754 4428 9754 6263 224 1550 4622 4847 1630 5336 930 7784 2071 8792 6659 4497 8002 594 1743 9723 2356 724 5678 8291 8835 4448 8435 8730 7973 1967 5225 2593 4569 7432 2656 8800 8298 5276 6731 9113 789 1879 7245 1971 7546 3898 6077 9581 4878 9803 4777 1872 858 3601 3825 6160 5828 3225 7143 4509 9659 1180 6778 4911 4765 9875 2944 1510 2416 9089 2929 9148 2972 8220 4570 177 8031 5477 7992 3639 4092 8446 7302 2012 5105 7890 2447 8406 6803 2325 5235 4678 6412 6923 934 6836 8463 6084 4688 7141 5685 4460 6264 9159 8937 6510 4207 4501 6083 5679 1566 4908 4263 1968 4196 1234 1769 7260 6091 4177 7866 7988 7281 1548 417 2792 5669 1070 4262 6487 1415 4733 9376 8195 3456 1121 2434 7853 206 346 459 1959 6524 8411 3341 3117 6668 5141 9908 5774 5025 5333 7128 1047 4964 4784 3569 5907 5722 826
3503 4469 2155 4035 8718 7129 9187 4648 3463 4135 2053 4365 9038 0 7065 9619 1767 2630 8937 8144 7100 7462 5409 4040 1192 5522 4189 4053 9338 2905 2352 1094 1901 3566 6406 9881 8553 1596 4978 5619 9351 5969 5513 4809 3660 6459 1816 367 8746 6174 4184 9515 4918 8736 5007 7238 4080 8016 4105 253 6367 1292 7029 6198 5689 6418 3932 9434 9239 92 6777 527 8100 9501 2986 2409 3849 7672 4394 1865 2771 1956 8553 3279 4160 1369 1170 1842 1224 2866 8591 7555 8048 4827 5071 4159 8841 8235 6976 7405 9369 1870 3377 7497 3555 5099 3573 8775 604 256 820 7314 9926 8658 9893 1100 9157 2710 2674 433 2200 7632 7403 3098 4942 2422 3145 518 5499 1175 9051 2245 4431 1771 3525 2006 8503 4148 2014 5919 6239 7969 8310 7054 3151 2781 4642 3966 7646 2085 6414 8648 9934 8058 9478 9783 8096 9768 7444 4111 3454 1006 5803 1717 6813 2209 8744 3446 9657 2448 7965 3818 1746 2340 2521 8278 5887 9060 3403 1860 1758 4063 8183 7591 11 2258 5529 8252 5437 2730 8123 2446 4658 8808 1392 6111 1937 4702 8536 2634 1187 5154 315 9410 9673 9508 7631 8574 6073 2436 6405 3060 1509 775 1541 8033 3851 6963 4876 2143 54 6471 6512 9077 8061 1327 7585 6484 9023 4207 964 8827 8837 5418 2997 8606 3188 9630 4619 9702 7651 4645 6661 4491 310 4192 1007 9374 8717 4426
2479 6674 2989 727 1461 5284 4954 5552 5022 9671 497 9583 305 7065 0 9273 3494 8056 4013 6230 3180 3181 5631 8087 9202 1242 2230 9176 6434 5189 1705 88 9852 6531 3154 5000 3763 2995 4242 5251 3929 7362 8623 8212 7104 7595 7446 7234 4228 7527 3822 3451 8763 6172 7434 6805 1316 5042 8782 9907 4474 8341 7655 5140 8139 206 8972 1831 9371 4402 6635 2390 6740 3751 81 2229 2355 3630 3096 2847 8093 8156 8267 3166 824 9043 5231 7507 3471 7277 2370 4591 8533 4827 7648 7049 9160 7366 8814 7358 2471 4635 3063 2963 6841 9995 2738 9640 4525 7433 2423 716 5679 2535 4449 8975 9701 8853 8605 4482 6309 9033 9571 5305 74 7288 7053 744 3819 1700 9822 3624 9133 2348 2346 2641 6558 5223 2097 5222 4532 4372 7483 6115 2128 2087 1392 6153 3199 321 3700 7791 5692 5859 4160 687 4586 1493 769 8263 8837 9977 7344 7223 1954 8789 7499 5819 123 7900 8345 7284 6784 942 1649 952 8022 6237 6071 3693 5423 8702 1557 4110 1535 4772 5956 2246 5467 2054 6181 3460 6076 3004 9916 7743 8263 1817 4143 4085 3430 3652 5967 3169 4811 3327 5821 5545 7788 6720 1865 4774 2308 7877 2010 1491 5646 3778 2970 5573 9244 3252 1510 4598 529 1915 458 2621 206 1358 3349 3741 5051 685 8918 79 5170 223 4860 5650 537 3514 7250 2436 7597 1747 4391 1897 9409 4280
4800 3282 1100 8776 5706 3921 4982 1054 1287 3389 401 1164 2730 9619 9273 0 4521 897 2900 5644 1401 8282 3527 9264 9910 9737 1877 6069 5899 9519 674 9815 7483 3348 4379 5845 7598 9390 1500 831 4781 9934 1537 4071 8791 5177 4296 7289 136 9844 2590 9774 7229 9399 7213 8732 9507 8233 9356 7091 5607 698 1111 8067 9298 6215 920 267 1630 2576 9015 8706 368 2260 5871 90 7128 6051 6401 9320 710 5010 1512 9873 8165 3670 1896 2838 6312 4649 1658 6328 4743 8488 8013 2347 3264 1575 1278 9433 5913 2597 3800 445 8603 4254 4401 7157 592 9743 1504 1508 2648 9942 5454 6384 1938 1475 9073 5019 9972 4448 5833 2178 9820 3621 858 3160 1094 8466 7060 5219 6426 3748 4209 6674 1301 8309 977 6889 4390 4209 7711 5798 2071 2781 2915 6891 2561 9401 6953 8681 293 9543 4901 2558 2216 4446 9177 573 5675 6977 6778 230 2515 9184 9154 2221 5164 4762 5809 8058 7870 2119 5106 5625 6866 4478 1962 5398 3647 827 722 2727 7498 5188 1280 5438 3523 222 7825 451 8079 4523 1393 3633 4705 6296 4473 8344 2238 9348 8322 7971 5103 6739 53 5083 6344 8718 8142 5368 6263 2002 7081 6536 6046 9789 7171 4496 6902 7328 1779 247 2501 5095 1078 341 3083 4450 7681 564 6646 3176 7344 5268 2350 6761 5007 8399 6171 7776 1820 4003 8473 448 7488 2936 84 5989
6148 5912 8921 7924 5300 9437 3159 2912 2967 8172 3541 9590 1534 1767 3494 4521 0 6565 7449 5387 9030 106 308 1511 38 6572 1102 3765 7531 8562 7889 7470 6123 3182 6836 2401 4059 5189 2476 4497 4979 2788 1741 2865 7241 3960 5433 8885 4631 5032 4107 5674 8178 6771 310 7085 7950 5273 7987 9723 7449 2719 3930 4968 7814 5459 2568 186 5144 4531 2116 5183 1818 1665 8486 2689 1967 3343 8202 6075 3393 2933 8198 4385 754 9967 2455 8271 8321 7610 7618 8715 126 395 7157 2114 257 3417 451 7006 4262 5185 1644 227 986 4501 4689 9979 4998 8402 9245 2546 6248 8400 7356 7938 7795 8047 3720 3214 2329 8009 9 3881 4247 8595 9679 3061 9166 7302 733 7214 7130 4182 6524 9393 5963 1389 3603 9493 115 1071 8885 8253 5168 796 4694 3414 825 1533 7571 4550 3147 2071 4511 7501 9599 4607 671 3127 3075 9424 8085 8525 5468 7775 3839 349 5126 7508 6493 9120 4549 7831 5466 7044 2468 9753 3439 5034 8879 3173 4140 3637 9221 8660 3172 3930 1985 9503 3441 4273 894 1552 7212 1072 9116 8361 8572 3264 1069 2070 744 1535 4448 342 3326 130 4360 2343 402 6548 1103 4638 1681 6851 3203 517 3401 3794 7821 956 1012 139 2312 6133 5428 5307 5885 8877 8564 9623 8758 8544 1994 4999 442 5956 7851 2244 4914 612 1851 7956 4059 1947 1999 7278 8924 1947
6645 6696 4587 7513 8672 9647 448 2652 7996 1272 3638 17 1106 2630 8056 897 6565 0 7719 3910 5508 9761 398 8254 4064 7680 6325 5478 463 721 3473 593 7309 427 1571 5542 7220 233 14 6045 3041 5652 7600 2987 9308 1091 7127 8562 6435 8640 7866 9924 1750 2782 985 4078 4577 2197 748 2678 7890 7715 8212 7997 41 7391 1805 2518 9646 313 4226 768 4373 5767 8079 2357 6517 2124 8791 2316 3474 4081 5156 1661 951 1082 5580 200 5355 6905 6887 9118 5325 7823 8734 4791 2311 8911 364 1367 1773 4107 7799 126 3320 5021 1960 1132 3339 9445 9546 9761 8800 3773 1830 4647 6918 280 5913 9988 9900 3421 7034 6251 1273 606 4218 5111 7626 2780 2729 4242 6734 5326 7042 5390 1464 9911 5014 1891 339 1775 7210 8943 3346 3981 2317 2370 7529 9207 4756 3940 1560 8144 2296 3086 3677 3544 4570 6905 9179 74 2639 3983 9684 8692 2211 205 7535 8995 2899 3398 8991 6173 5044 1496 275 6471 6731 2993 8608 5298 8053 2533 1340 6004 6560 2961 7023 8352 7937 1754 7069 2075 8835 2037 3465 8190 4030 7873 5283 5258 3966 1656 700 8682 2785 1289 3697 4760 2681 7205 1285 5511 459 8757 552 3651 4315 6279 1881 4142 8867 4885 7389 6198 5716 4426 1264 2143 2456 2784 1383 5534 9390 2979 470 5303 3238 8379 6452 3403 7932 9310 4948 9679 6564 7089 4504 2214
8216 23 9259 3562 9902 3984 7238 510 5647 5601 5267 5645 2878 8937 4013 2900 7449 7719 0 3003 7519 6328 2131 2826 2942 235 1882 7687 6559 1588 8568 9622 4982 844 4962 9694 4348 7841 137 1132 3251 6512 1435 7373 3346 8055 4737 1553 4240 9537 3369 8301 5067 2736 987 7345 1728 6414 7520 2021 8316 4131 2807 1955 1807 9173 8615 7749 7934 4743 5314 3868 4301 2952 2246 2063 8498 4054 9290 8213 8304 9250 8997 8932 4429 3032 4386 8746 8115 1938 9818 76 50 8133 1305 5855 6782 5021 8262 1180 5178 642 7334 2759 7732 9398 5487 6748 2217 1712 8637 9052 8525 5740 1308 8080 1967 4885 5343 5552 7412 9615 8621 1792 6319 6407 9118 6023 7585 3431 7779 7483 5027 5128 6296 226 4015 813 8377 746 5111 1989 5394 5043 5017 5859 3569 8869 2110 1953 7617 3116 2179 3503 4175 7610 8833 1363 2979 9434 7972 5221 4892 9712 8835 2187 1370 970 2355 2458 2526 7168 1106 9493 557 1698 6882 5284 746 9779 9766 8629 8976 1546 7747 5889 6431 9911 1791 8425 5437 9673 2788 3210 8951 5787 9108 8294 2802 4700 336 6243 3970 3257 5528 1235 6872 7712 1204 224 4605 228 6505 8934 8208 1188 1120 9921 9776 4467 3503 7479 7789 4230 171 8641 9296 518 109 9220 2958 4243 1784 7287 9535 6078 134 2835 2877 4910 2383 8526 1035 9178 4155 6613 6880 2147 7096 4468
69 4860 8748 2857 9735 6499 100 8773 8324 3894 7695 3713 1615 8144 6230 5644 5387 3910 3003 0 6797 1596 8402 6427 2536 3078 5499 6940 2718 4743 4414 5585 6300 4865 7548 9982 6497 1012 2799 5466 8597 8060 9458 8893 9607 3134 3172 2486 321 6369 2061 5493 9515 8917 994 225 57 8274 3391 2199 8754 1837 5081 6459 6417 777 3377 1080 4627 8021 3276 2563 4658 8280 1641 5192 1824 619 2157 6531 4961 1883 7426 7784 2042 76 2707 6184 7086 4653 1715 3080 93 3393 6761 5999 9705 6139 8952 3343 9403 1604 3646 3377 9719 283 5522 2159 7700 6935 6727 4298 8441 4275 9249 866 1416 9873 4435 4033 2670 5603 3254 3408 1744 5042 6164 3824 9406 7470 3486 3737 3917 1119 3328 6666 8019 6166 2293 304 3564 9174 1996 9332 8445 4046 8579 1928 2538 5017 2404 8006 8486 8825 1798 4791 4195 4991 348 8169 9114 369 4236 9090 2375 9849 7231 2767 6127 1829 4160 3636 3659 8688 6925 346 5227 6701 2827 9663 6276 161 7705 5390 7696 4292 363 2614 2066 100 714 5210 9395 5685 8734 1717 4331 964 1957 7770 3411 9062 6257 5187 9291 4364 9251 5426 3257 9468 3551 5901 1543 3666 7566 5381 7992 6071 7273 4861 9719 4949 7934 6425 8982 4260 7876 6421 1204 7898 5417 4099 8868 6508 6463 8274 3872 2935 2652 4335 7946 1315 3716 2209 8672 1195 7646 4413 2695 1730
4924 9247 5874 1682 1278 4528 8579 4285 5697 3605 7383 1215 7320 7100 3180 1401 9030 5508 7519 6797 0 2276 6501 7073 5397 371 8593 7908 3010 7233 3354 8613 4255 8861 1421 4274 5224 6511 6373 6299 4388 3317 8917 2874 7253 5526 1117 9511 5474 4291 3789 526 5491 8792 5408 9126 9198 5566 3169 640 1098 6971 9713 4895 2078 3991 1569 8423 83 4900 8297 1157 4595 546 3679 3744 8314 8585 7228 1631 7785 8652 2320 5521 9835 2087 6565 953 3375 6625 4130 5075 6360 6823 1673 7723 7960 6367 5669 9196 1449 2815 4983 5998 9485 7649 6471 7617 1871 4792 4119 2564 7749 2665 5 6474 7272 1033 4696 7359 186 2717 5440 9857 527 3662 2849 3786 5179 4531 7036 5679 5835 4105 6754 2609 3456 8512 8921 7657 2475 8991 7471 4115 3616 7069 4307 9655 5501 5761 9414 5970 2570 5068 6420 3385 6606 4433 8977 2602 8083 5252 7249 5470 1175 5949 6351 3604 5344 9328 4543 6936 1063 8800 3909 3285 7987 4489 9105 697 4489 6745 8493 394 217 9143 8885 717 130 5030 7832 5654 6548 6261 9729 8803 4328 5957 2433 6174 4266 4150 3168 3712 3430 5349 5467 4108 5390 5097 8355 315 695 2272 395 365 5021 676 2595 3767 5041 5215 3720 4587 1479 4946 7326 3012 2189 556 5867 7145 7655 3731 5898 9858 2236 2016 5296 1174 649 6413 5148 9703 1153 6950 7268 7360 3388 5772
1392 9059 6417 1424 6182 3409 456 9127 701 7789 2575 7191 7098 7462 3181 8282 106 9761 6328 1596 2276 0 5246 4234 8911 5109 9288 5267 507 2067 6167 2389 1537 3733 2837 3514 4928 9186 3026 2947 6730 5636 710 92 1047 1892 6564 1963 887 2712 7361 5066 3961 367 6521 9708 3843 2548 1902 1825 1237 2319 1002 9518 1743 3356 540 7288 4755 2486 8861 1956 7684 528 9732 730 2671 1057 6367 6610 4803 8974 9671 2815 4254 9094 3058 4111 1213 6389 9417 6847 3144 500 3071 2014 4786 762 1104 217 5440 7713 1852 1868 4363 8827 3648 9407 3964 3149 251 7689 4716 4858 2072 8219 5394 9644 4165 3997 9466 5589 4066 8404 5067 8055 5720 2785 3347 4163 573 931 3347 919 4485 6230 9381 4677 9128 9698 3374 5636 5884 2874 2093 8744 3674 2304 2440 4873 4602 9627 5452 5922 8810 4954 980 5511 1139 4155 9876 4947 7698 6745 8199 1569 9276 7206 2837 8052 6548 1206 5212 5929 2103 6082 9421 6981 8591 4140 5240 1715 7832 6737 7672 5231 6308 1246 1580 5818 3317 5134 7173 1101 6096 9537 3946 7187 2882 6275 6205 9408 4259 6751 2419 1937 1740 7012 3316 1530 6094 8606 3110 2479 8517 8881 3938 5603 9950 4111 9085 4257 4932 3840 6254 4861 9371 7626 3774 541 4645 9122 3223 30 80 8091 3152 4873 6071 4569 5461 1065 2511 6104 4262 2828 4237 4104 8395 3864
2230 1300 3431 8356 696 5795 2979 9870 7902 511 7953 2184 1826 5409 5631 3527 308 398 2131 8402 6501 5246 0 3664 2671 969 1773 7012 4741 4684 2474 1896 3928 2811 2052 9016 5820 3952 7453 5178 330 3670 372 484 1021 9380 3851 451 2413 2619 2090 339 8144 9725 2805 5642 3704 3839 5732 8494 1912 2063 7361 5139 4226 7093 3482 4297 3759 872 410 4050 2812 5187 6012 1711 3463 7118 1917 8723 1909 249 1763 952 2384 8596 4601 4210 3876 9486 2905 3953 4968 7995 4387 1534 5973 2040 3059 5494 1071 5740 5943 7211 2346 7353 4844 9207 3339 8385 8206 6672 4554 3914 5962 1282 2375 3725 8649 430 2782 2021 3770 2949 4268 9741 2176 2065 6808 7319 9201 8677 849 4675 1414 3025 6604 4779 3179 7690 5618 3746 5351 6368 5263 6162 1815 7980 1649 2905 3877 4570 9689 6552 602 4225 8997 9201 9971 1117 7306 8986 6216 4331 2593 1011 9831 6442 6974 2301 2224 8403 345 8187 3252 1774 8820 7605 9575 726 6785 9736 6605 9760 4716 2020 6296 1962 5107 1486 9807 4464 2534 624 4673 2687 3568 4419 2566 4445 4069 7809 3096 6416 211 7631 3537 752 9407 4651 7256 6192 1096 7610 4585 8063 7925 8044 577 7633 6708 8558 7826 70 9650 3704 1081 6258 32 3787 2607 2944 7272 7694 900 7816 7360 8849 1309 5842 2052 9127 57 5768 7039 9184 7712 7981 7430 3672
5393 4662 2541 802 45 1231 2730 2560 3161 7074 5505 3877 7617 4040 8087 9264 1511 8254 2826 6427 7073 4234 3664 0 7544 6725 512 309 9015 479 1143 2779 5753 5892 9484 6052 4141 3447 4865 5025 7394 9379 4287 1715 4358 68 1964 2764 7398 3302 1012 6709 6066 3456 313 3729 4862 2866 6983 3644 3205 3286 9726 4165 8714 1676 3111 1105 2225 2020 8013 4526 6622 4954 6177 3704 9075 4524 8222 2514 2831 3958 1000 8140 6410 9804 570 4689 676 3443 8699 9596 8968 3639 4489 9686 8468 6290 6665 137 7563 4106 122 6357 9106 8395 3090 5856 5038 6497 6913 9174 4480 5717 4027 8035 4729 4371 5620 7907 9892 43 2010 8018 7903 5470 7068 626 6100 163 4002 4675 6742 4806 4100 4022 5440 5900 3541 4429 8925 8509 7954 7642 8736 9421 315 7523 8383 1670 7207 3197 9871 7996 4097 369 7794 579 1274 9240 3073 3912 9270 7489 108 5071 1063 5483 6337 3132 6516 6112 4625 886 4669 9312 2060 258 3393 5546 6085 8989 1405 6701 5858 7885 4005 8908 4586 9083 1460 4076 4766 448 5803 6988 4590 2804 1018 7921 7496 1130 1479 8227 6326 2189 5775 3001 8243 2427 6545 6772 2712 5942 5825 9173 8710 2503 3755 218 2576 1298 8568 4239 2362 6281 3231 2493 1107 8177 6516 2058 495 501 2288 6309 6759 2320 2862 2372 3828 8278 7532 7897 4631 4696 4987 8235 1261 9866
6530 6129 1691 2606 579 4660 2001 7195 4916 3114 785 2173 1913 1192 9202 9910 38 4064 2942 2536 5397 8911 2671 7544 0 2054 9276 7588 2663 6359 3583 9627 7890 8589 1735 7088 2285 7742 8865 1440 5362 1083 5618 8060 7487 3583 5272 5049 1035 695 6584 4053 3330 7464 2058 9190 3707 9810 5966 8974 8073 4952 477 3571 2201 6073 2649 2250 9949 7066 2571 6240 4606 3567 7378 3298 3177 23 7751 8485 2108 2074 40 1294 4789 6391 4657 9124 2850 7051 7052 8634 844 4001 5611 9800 6565 7989 7149 5939 6360 844 6087 6651 7166 4780 3585 6853 9468 2729 3069 2802 7978 7607 485 9198 5735 7734 7086 1785 9358 1886 9225 8961 3149 4783 7319 5623 7613 5412 8702 4557 8218 8146 478 5865 5538 3347 558 7685 1129 5557 1407 2916 2539 8389 2579 1060 4754 524 4520 7761 2208 2894 597 8333 9022 9978 8821 6107 3879 3124 5045 9940 7510 3048 7834 4124 6271 9519 9735 5105 6979 6838 9329 4980 8102 2697 1718 9354 9649 6587 5524 5002 5233 3306 7545 7893 4236 5257 5414 7447 6078 9636 8147 4049 4612 8586 6834 5908 46 328 6843 2938 8639 5410 6527 4057 3746 8622 8432 9157 1853 3201 2782 2958 6868 6310 7822 1687 7482 3680 4800 7458 2029 8643 6743 3088 8526 1631 4598 8046 4683 2143 6858 9659 2936 5221 1018 6917 5638 3915 890 8988 9498 7487 3035 4368 2862 1044
2956 4464 732 4445 1637 8607 2895 6793 9402 2430 4415 3985 9301 5522 1242 9737 6572 7680 235 3078 371 5109 969 6725 2054 0 1679 4553 4125 3000 1048 3160 8100 186 2285 8697 1524 2515 9539 2259 7472 8100 3254 1985 7441 8776 3726 5142 4155 9393 1928 7280 2715 2840 5281 846 9926 9961 6478 7342 4779 5944 7688 8411 9138 8082 389 8089 8268 369 8409 6325 7555 3449 4477 8339 9822 840 7377 4601 3825 610 2683 4093 4725 3212 1615 6414 2717 1198 7058 2825 712 8959 212 2096 6106 8824 7070 5399 4776 8123 412 7024 9278 1907 4578 9657 3303 3686 225 4051 116 1167 5060 8961 2348 5052 5406 9949 7275 6632 5544 6513 4918 7144 5967 7212 9260 7719 9783 9746 6719 9461 1648 7047 5125 129 3988 125 5045 2496 8303 8464 5984 9254 1309 6005 9403 3774 6409 3374 4502 5482 9332 8612 9027 190 7543 5134 6015 6484 8244 4017 8136 4318 8679 7538 6980 7076 2771 9634 7697 4454 8577 7463 3454 1089 9764 5099 6668 5642 492 8236 4659 1258 4542 7878 5279 9363 9551 428 3774 7402 3425 2539 9928 7160 6000 6682 387 920 7295 5128 5539 8104 5508 5410 936 4006 3351 8644 6732 6367 7995 2613 3713 1055 8967 5545 3910 4478 7654 8193 9607 1904 2455 6614 2728 2129 3851 9788 828 3248 2617 5200 7971 6142 4950 7725 3240 60 2444 313 641 957 6450 8322 9311 9544
9739 6486 9567 1503 5200 6470 1751 4435 6641 3172 3236 5436 1058 4189 2230 1877 1102 6325 1882 5499 8593 9288 1773 512 9276 1679 0 4076 521 5654 8850 4701 8050 6032 6557 1039 8052 7370 4093 8730 3301 8330 9270 2838 937 8387 1445 7576 937 7246 1449 8460 8207 4300 1186 7602 8432 2595 709 5261 5206 7815 6987 7063 2317 8551 4551 4886 2242 8070 9856 7874 2382 3769 2270 9753 469 9176 7429 2976 7398 801 8780 6240 5269 4914 5067 5008 9385 9430 5772 3185 8712 9300 5366 8053 8876 3544 9830 6014 3041 1224 9928 6594 9745 4428 5727 8043 5230 2893 6944 751 3885 1929 8593 3210 400 3681 2045 3246 1942 1338 3759 7972 4704 4416 7141 6540 3329 6771 6319 8042 3820 4273 669 5468 6785 9352 33 6664 8121 5625 5222 9106 6381 2771 4893 5582 8898 2309 3425 4175 3835 8259 9644 2444 6035 5111 5058 4641 3953 8807 2049 6620 5959 2927 6141 8469 9540 6218 9364 3392 6699 3760 4991 1894 3558 2021 2773 8995 2251 5461 9057 2148 6604 362 8236 7684 5509 1745 1626 9163 5486 3706 2763 8658 1988 3342 1353 8207 8978 9413 4020 6632 396 3111 2745 2600 8736 7651 7309 6215 2901 9130 7894 4624 872 2470 4876 4596 2737 5711 882 8295 9856 3144 2117 6906 7165 9851 8012 813 3330 2102 5968 9953 5477 2600 4954 4217 4 4967 9012 8505 2516 8725 428 3366 1518 7885
152 9217 2095 3288 4725 455 9315 4420 1852 2586 3790 6912 8299 4053 9176 6069 3765 5478 7687 6940 7908 5267 7012 309 7588 4553 4076 0 2580 2843 8288 166 3772 9252 759 2886 5500 1688 3383 3331 4054 1279 3888 3355 2086 7506 6965 4269 4546 3147 1616 582 6391 9489 7925 9859 2536 2324 6528 8640 5583 6748 7217 9648 7050 3869 2469 5988 6988 7865 3874 2216 7961 2207 8503 3409 4831 2378 9506 8181 2437 8233 5815 40 4969 1806 9590 5076 5164 4949 3837 1775 4737 6764 2824 9081 5648 6620 2206 7088 76 5722 6013 2506 554 5549 2676 4734 6694 8169 1730 2040 7834 3672 303 5308 2399 2954 6489 6210 5829 1759 2805 3762 3227 3485 3437 1951 763 3702 2608 4892 5638 7093 3712 4531 1504 3459 6081 664 815 2427 4905 5315 1249 2512 9443 7646 2781 7295 468 7720 2631 6116 6661 4332 8717 7711 3717 7877 5312 7446 1985 8271 3240 1049 6589 2269 5569 3204 9089 8114 314 4018 7455 6650 563 1286 5115 6812 1479 1219 9051 3923 1744 7339 7756 4545 9142 2187 3535 4293 2544 6182 1065 9419 7570 967 6224 7881 3658 7173 2973 8349 4812 7294 8618 5890 8182 5033 7128 9132 8496 1297 8606 7291 6996 8447 9412 9649 9589 5059 881 5935 6842 9051 1059 9266 2420 5753 1966 3543 3464 4993 2927 3566 3195 9267 1616 7560 8005 7871 9586 5431 7775 5297 2762 2821 8822 1511
8632 4269 8202 5263 3720 6021 4813 8930 8469 6545 5871 3822 5685 9338 6434 5899 7531 463 6559 2718 3010 507 4741 9015 2663 4125 521 2580 0 1847 1895 6023 7991 9000 8163 434 4044 1088 7727 3641 6793 288 726 8667 7252 6684 2380 4613 2299 1608 8697 3405 8002 5567 4538 6851 9261 6739 1594 5194 2924 2587 3049 4024 1422 7470 3821 5357 7510 6344 4980 3212 1448 2609 3232 960 165 64 2532 5800 31 8644 4655 6940 4583 6747 6426 3972 5775 8162 8874 9874 3689 2974 7184 7590 9814 5089 6554 7636 1595 5563 4353 2549 804 2933 9177 2928 9257 9561 4263 2946 8312 7085 9012 6370 5807 3681 9475 3528 1333 5195 5148 1730 2804 2757 1987 4845 9365 9405 1327 9550 6552 9571 1779 7801 6260 6722 6821 6063 712 9601 2162 2339 9115 6695 631 1254 6199 4128 861 4848 6308 2766 2792 8232 3186 7338 2935 2443 5144 4869 7464 1992 9884 2342 2818 7477 6000 347 9356 9010 1194 8409 9113 6815 4297 6789 9729 4084 6971 4406 1051 6859 8525 9435 5396 7121 6442 9736 8512 9980 5080 2335 257 4889 6494 1984 70 8558 249 9943 141 5827 130 4992 3215 4388 4613 2543 7568 3350 5207 2093 9233 1087 1573 2301 489 1567 1929 718 8802 1097 6472 2076 3971 1427 1082 2925 3121 5517 1496 4562 5580 6558 8638 3837 2220 7311 6452 541 8043 6078 4573 431 3967 882 1687 2630
8490 5004 3832 6215 1614 616 800 7884 6960 3571 826 3626 7052 2905 5189 9519 8562 721 1588 4743 7233 2067 4684 479 6359 3000 5654 2843 1847 0 1872 9465 3147 9016 8657 769 9274 7688 3721 7792 2892 3256 8909 5467 4789 1260 1556 7930 8642 6779 954 7645 3892 8687 5636 2363 8624 4023 4287 4462 1704 2812 7780 9288 1963 509 9703 9908 9591 665 4320 4871 6940 9013 2642 3891 5392 8247 5293 9728 128 2834 6353 7705 7414 164 432 4656 9806 1876 1716 7666 1368 7066 6850 3761 4847 4017 258 7699 5170 2410 1095 4960 9149 7345 4115 8895 8583 8496 3776 5352 7720 2308 5017 7727 7724 6851 5597 1832 2385 2596 2047 9384 9787 5070 8528 5712 6324 4148 974 3489 3798 6298 6367 3479 3198 3591 4800 4217 6299 1351 5296 8726 6542 9547 8350 9285 7294 5299 5606 7420 9503 2683 7969 9819 5816 2731 6614 8471 5093 6239 1858 4755 7148 7526 7172 4197 9043 1594 4982 7295 5640 100 8929 2004 5320 5640 6164 5162 5711 6631 8332 8139 8263 9451 4431 4942 5345 2444 4875 4840 9232 8326 3878 2595 7390 9151 3568 6674 3721 7469 8636 5230 2852 177 2455 298 9110 9821 4328 6168 9975 8292 5653 7388 3016 80 1014 8474 251 5132 6755 153 808 9485 1872 3772 1021 265 3158 3021 2102 8096 9086 5366 2496 3630 1310 7921 6527 4781 9688 2658 155 256 8333 7780 5613 3023
8247 2952 5013 3796 6798 2 7819 6231 7605 6362 6586 2589 723 2352 1705 674 7889 3473 8568 4414 3354 6167 2474 1143 3583 1048 8850 8288 1895 1872 0 9444 8516 246 457 2638 6912 3249 1865 3743 7925 4070 6866 1622 8919 5397 5923 5930 3288 3338 5375 5242 1188 4476 8713 3942 2341 7853 1870 332 7953 7954 2939 2263 3809 1621 1700 5270 1318 8920 6508 3740 2376 5854 5521 8837 7893 1109 9798 934 1940 1629 4235 953 7639 9280 9540 9338 5475 8068 9640 5144 8899 6588 4488 4232 5400 4712 7092 8768 8167 2251 3957 8520 7339 9701 7409 6300 9973 7942 1880 7084 1786 8286 9598 2961 2795 8239 8037 664 8067 5180 4950 4173 1942 1696 638 8471 5566 6431 7815 681 2793 6567 5795 605 7756 4092 2381 5232 5190 239 8183 8495 1651 6117 9444 8648 7649 5917 4456 8515 3799 2397 5561 9239 9788 81 9973 7583 2663 9085 134 8751 2633 6838 3007 3789 5036 1088 4683 6170 2772 6297 7807 1600 9049 2696 103 5497 2601 4405 7673 5231 2721 5734 5902 3339 5954 8726 5450 4406 2180 7276 7242 3763 3750 6801 549 1372 7088 2673 8822 9337 1685 3801 2574 6746 7043 8777 5002 5081 4036 1984 3763 7354 7589 4727 6850 3231 2675 8866 9450 544 1580 9146 8263 2037 7532 5874 9259 472 3829 5382 6128 9872 1123 9988 5168 4578 7840 3542 6591 2204 9404 9395 2664 4400 6631 9857
7552 6539 8065 3220 8900 232 9141 1429 4958 5238 6253 6142 5263 1094 88 9815 7470 593 9622 5585 8613 2389 1896 2779 9627 3160 4701 166 6023 9465 9444 0 282 1219 3902 1529 4898 8389 1852 687 3763 751 5184 7197 8421 6778 155 8951 2476 5100 3138 9083 3373 2477 7786 1457 5786 1422 3681 5739 5569 9855 4215 9198 6492 2954 5792 6343 1685 8997 102 2803 9804 9556 2654 1958 3906 5813 1758 2955 9432 587 8321 3651 3161 5480 9511 3613 6541 408 2546 4055 2424 6044 833 5670 7040 3735 2045 4015 1147 563 3770 2551 3266 4814 531 9832 701 3644 7050 3440 927 7082 2138 5216 9608 5513 6493 5405 2105 9708 4662 8737 651 8193 682 2400 2285 6166 7666 9604 3084 6770 6936 94 5981 3974 9951 738 4335 8171 598 5118 6385 9608 5893 7700 2187 5144 8122 6309 3785 1334 7622 3682 9358 4296 4439 4086 3926 9417 8026 8887 137 3993 9286 9293 6811 4373 55 8245 7794 2283 7660 5553 8035 1046 999 4522 3050 6613 1400 8854 2057 1905 2055 5138 4495 3856 2415 9274 7959 3260 4630 6734 9680 6531 7783 8677 9145 9676 6002 5245 2576 2706 7638 7744 801 7320 9462 8418 4601 22 8524 2809 8124 5867 9496 3253 5314 7203 322 2108 7890 3063 9783 6516 5010 3891 3434 6937 6108 9217 3609 8346 2630 2308 8232 6220 2682 2363 2679 3950 5056 6992 7504 595 591 7045
