150
0 4547 244 3361 2127 3950 603 949 2869 9724 3362 2668 3556 8669 4089 1579 9130 1050 1982 814 3923 3806 9999 714 9809 1434 5813 54 8259 8806 2334 9257 6576 7835 648 219 5352 833 2563 5161 2958 7871 4439 1859 516 505 7053 3122 418 8427 7139 2772 5409 6630 3150 7028 9745 2103 7071 6871 2516 7062 3680 7963 8256 4331 1595 5072 1913 2187 7099 9055 3985 8087 2486 6556 7085 2438 2478 4030 1088 3320 4059 2177 9668 9849 4937 3553 3510 1040 9279 1896 1105 4685 9010 6 5837 1543 5257 6115 2290 4995 4985 4868 1335 3997 8065 1350 4366 4836 1722 1016 9022 7388 6224 2218 4205 744 5008 6570 6389 4550 2837 2966 3321 2135 4956 8899 1543 6909 5431 2268 1494 359 2677 4580 4049 2563 1911 5356 2453 5722 1109 2222 1902 8897 4443 3868 5614 3600
4547 0 5924 5348 3269 763 6373 7491 4099 3722 6230 1958 5943 963 7194 7086 7513 9973 3107 2969 2235 1365 2650 1331 4521 1161 9583 8461 1315 4862 8187 5519 8411 8403 1738 479 6225 2163 6425 2066 5961 3541 4762 836 1313 865 4467 380 5459 892 6252 9409 644 523 7350 2722 5361 7160 1995 9967 4723 2652 4442 8394 5889 6160 6759 7656 6400 4282 6208 8916 4603 8136 6892 7756 9306 3376 6760 624 9874 5932 4552 6579 68 5611 3933 7608 9732 8979 5822 8825 7910 1275 8326 3900 8751 417 1538 3922 3706 5087 2175 4138 5611 1231 6719 6343 5722 8463 8489 1137 5294 3812 8052 1014 9378 2286 8447 5328 5178 3029 8892 4649 8457 6248 6793 9556 3256 7146 1844 5813 8340 1663 6898 3717 677 5676 1592 2787 8913 8658 17 6019 8540 9163 6712 3139 6368 2636
244 5924 0 4295 3694 9144 60 5940 3813 3035 9348 5139 353 1258 1353 3583 8175 6574 7657 8414 6812 7401 1991 6731 4235 5825 2760 3323 1363 7310 3232 7455 8011 5031 9040 2259 7537 852 51 3065 1401 4445 1251 8869 1510 6525 740 4770 8712 3554 5230 9565 1578 2164 3503 3156 2371 4769 9608 1035 9583 3128 5712 5008 8204 1215 3510 6365 2756 5118 5851 3342 3489 751 2796 96 9574 2678 5041 6898 1511 5397 6665 779 2076 286 2360 1783 2916 9308 1747 7786 6529 1414 7364 6970 1801 7773 1124 3046 4111 3238 2756 7326 2534 3012 1078 6938 5661 8114 1261 8096 2719 3023 7313 9835 2452 9417 7278 9405 8661 7777 3407 6437 1812 498 3716 9216 5095 8176 5147 2213 6213 4733 424 4816 626 3921 1802 8717 9355 9766 8282 5861 8026 3185 1860 5210 4012 9713
3361 5348 4295 0 2577 9743 9686 9752 8531 7640 7578 9669 789 894 9648 2584 8744 7690 9165 9440 5189 3857 1017 7837 6519 6890 6745 6429 1498 9023 539 392 9594 1262 3756 358 9014 7129 9958 9398 6442 7753 620 2310 8272 8366 3482 7271 555 2863 2955 9249 5483 1775 3569 9760 5443 6544 5191 4938 3460 4800 767 3464 8845 2664 3009 1274 3675 3182 2295 7279 4228 3161 2436 1948 9112 592 6587 4502 8773 9551 5087 7436 2030 9537 798 9606 7752 728 8069 6446 1224 2958 3764 1538 1134 2176 492 3046 8700 2248 8137 3213 6837 856 8905 3309 5821 38 8949 5574 4444 468 2757 7685 707 2592 9225 9848 1278 2137 2083 7194 9748 2930 7293 9958 2318 2151 8851 176 9046 9379 1893 1768 6737 2749 6091 582 1255 578 9979 8639 4392 2507 2274 2554 8536 3956
2127 3269 3694 2577 0 9540 6595 3791 8212 2937 6302 4578 8591 3212 7992 7038 4881 7839 7564 1370 4882 3806 4485 4196 5591 1196 2497 8588 9450 4806 101 2322 1015 832 2576 906 3174 8433 5366 8550 7020 7090 4997 9986 2326 6872 4561 9542 7424 8107 9104 7706 1210 6904 8043 1226 5974 2975 8634 528 5563 2597 8799 3222 8853 4593 7815 1939 1967 3312 9406 913 556 7491 2722 8535 7233 5252 821 1562 4872 5499 3964 6704 8 8378 474 526 6092 3708 9333 8575 2761 8297 7226 7124 5445 3657 7216 5851 6431 6056 535 2318 2329 8202 6914 7387 9012 2860 5024 3862 5657 3337 9036 6562 4216 5711 8405 5515 2548 4792 134 2232 9225 7547 8242 4360 7744 5205 2542 3250 5106 4324 2788 9144 5529 1896 7639 6729 7533 7885 2483 8538 3901 7554 655 4877 7913 6633
3950 763 9144 9743 9540 0 4452 2585 9470 4193 5751 3140 9181 778 3298 997 3224 3437 1914 1740 9591 3427 9303 4136 7189 4691 3364 3236 108 4211 3688 2308 5125 1857 201 2928 1496 4301 9042 97 2004 9587 5048 167 4979 3876 6832 9425 2562 3667 3527 2979 4697 8997 9140 59 3654 4867 4693 2013 7181 3381 2373 8198 1867 5276 3753 4519 1627 183 5214 2254 772 5757 4428 4970 3976 8643 4017 8377 3867 1509 3800 2439 6495 1881 5369 3166 3176 6742 7224 8382 1513 77 7333 1881 6282 1690 1001 2567 8386 5482 6549 6040 6884 4319 7356 8726 9205 8039 4348 4900 1272 9687 2331 8436 6073 3487 2337 8335 3557 1995 7251 6506 4683 510 5702 9013 7397 4191 4852 7239 8196 9759 4962 9742 866 9526 559 8910 1814 5762 3734 9298 9310 3550 2741 1788 7629 7112
603 6373 60 9686 6595 4452 0 2182 7766 4634 5314 4943 7850 8492 6884 7161 724 6551 5839 3000 7491 5516 7847 3981 9301 2195 8467 6384 8043 394 4698 3181 3754 8771 3796 1794 7948 8465 6480 2265 4309 1795 5913 7943 9704 418 1747 6881 5361 8982 4364 7401 1182 9873 8191 5253 1063 5636 2449 6251 3170 1321 8845 7339 175 8954 2133 6838 4280 1673 4680 1395 8471 5333 3873 3188 7421 822 6785 589 5217 8697 3994 1750 5065 4487 9170 50 5554 2525 7916 1984 1692 9462 2260 7293 9158 754 4557 1912 9353 5844 7257 3820 9412 2145 8241 3219 4573 5602 8995 3678 6039 3712 979 4940 4771 6535 4509 3455 6646 2443 7382 9470 2288 1500 2578 9638 3765 6666 2113 9821 4110 4299 1982 4159 267 3210 9330 7220 5818 3529 8822 2406 3087 9435 4501 8227 8468 9657
949 7491 5940 9752 3791 2585 2182 0 3413 7460 469 5835 3998 5936 6172 8806 3481 9609 1865 6718 9957 8849 7022 6891 5364 2161 4831 2941 7909 5239 8824 7558 6115 8526 4101 528 9641 8389 4268 3765 3639 553 1806 5983 6633 2421 6884 2831 3598 6279 1634 4311 4793 2362 2543 6668 1796 5654 4120 4228 7618 5264 1559 9580 5965 852 5987 2146 2723 4566 6993 8258 1223 5459 4292 2547 3727 9786 4068 6366 7011 3825 5832 1724 4927 3461 8314 7591 30 6313 4800 8864 4634 9671 9339 7637 5706 9710 2570 7705 5348 6527 4763 7163 4876 3117 2310 1804 956 3703 2525 8773 2348 1918 1012 2457 1106 6035 2883 7666 1403 9672 7469 8566 7091 5897 7016 95 7069 6886 9084 4564 8342 9652 5236 7281 5731 3376 7812 2800 9219 1249 4584 608 9731 3702 856 3911 4323 5898
2869 4099 3813 8531 8212 9470 7766 3413 0 640 4119 6015 9370 8677 6469 196 5257 5507 130 7053 3377 3052 4743 9476 2142 3664 5337 6541 1357 1847 5443 4665 3415 1645 8151 1188 7050 5076 9945 137 552 3099 968 7215 2926 9720 4350 7687 4994 3588 2496 5258 7654 136 761 6395 4070 43 8758 2038 5503 6027 9414 8675 5926 3690 8971 1677 5916 1135 817 2883 7702 1037 943 8806 5167 9225 8737 102 4034 2287 2573 6730 695 6334 9176 5430 4635 6237 9492 215 777 5028 1784 3195 1613 5747 354 4696 3893 3931 5732 5017 7536 1000 7220 276 5642 6351 5483 4012 652 4635 1328 8621 5089 9573 9153 3269 8827 5133 1600 7690 9094 7694 5631 2808 7868 1950 128 7984 3610 6561 8788 8665 2079 4324 433 322 9903 3456 5809 1129 5870 3141 1726 2943 6779 6028
9724 3722 3035 7640 2937 4193 4634 7460 640 0 8470 2786 5962 9705 3283 9169 4687 8851 8431 6651 6799 8588 9191 257 2877 8988 7272 3420 7754 2102 4654 5044 2975 6896 3135 6623 3775 7065 6464 8899 566 5381 6107 4993 7790 3148 4934 4689 3053 9374 6504 9533 9611 4778 7758 4585 2928 2340 2143 4241 9557 3939 8709 7710 5426 4076 19 8423 2231 1039 6997 2972 2457 5363 1760 6673 4463 9894 5567 6698 7511 9330 4085 4936 264 2376 5666 3272 8329 2563 8123 2448 4470 6027 8611 3082 6102 6086 3850 7915 4501 8984 8073 4922 6857 2545 3568 3027 3224 5210 4603 5995 1236 4178 1208 9485 6577 6931 1641 5573 5727 1582 465 3387 9163 5956 2270 4917 1055 7632 4789 2555 2875 7534 7213 6753 3353 7971 7865 9468 5527 2683 5599 5082 5052 6143 6961 6222 5716 7969
3362 6230 9348 7578 6302 5751 5314 469 4119 8470 0 4483 2916 7794 2704 4624 7991 4694 4018 9375 8087 5937 9682 5020 4802 2522 744 8430 2426 3514 10 8361 3411 3930 4681 2610 5691 1803 7188 9320 6372 189 1727 1500 1747 8088 2453 3830 2066 9275 4067 9586 5846 4751 806 3929 582 8068 746 1719 1863 2749 3815 2819 2343 1248 9591 7232 6703 4737 9681 7957 1680 9299 2925 7398 3229 7168 2919 8526 8260 5104 8182 6891 203 9531 5477 9251 1551 4213 9013 96 8136 4891 8700 693 4778 7403 7362 8469 7968 272 5413 7051 8439 9512 77 8967 2282 6319 6897 9064 2536 15 9085 768 8656 4691 2925 5175 4090 4167 8359 701 3376 6057 2318 4020 8065 8181 8079 9943 2595 6616 2563 9649 1071 8573 337 2931 2310 8030 3987 7995 813 1507 1467 1793 202 6279
2668 1958 5139 9669 4578 3140 4943 5835 6015 2786 4483 0 1911 9344 1768 5962 4665 4772 1175 7384 6114 9307 3161 2939 3082 2472 5881 4419 5288 6107 2424 3947 4658 2864 5436 5465 5746 523 1185 415 2465 6018 304 6518 4410 5891 9895 3555 8423 6566 4021 5174 8567 6756 7461 8393 7175 851 6427 3955 4602 2137 78 9466 9495 2696 224 6981 2306 4241 9713 8560 7357 2964 3501 980 4140 340 8135 3374 4705 4391 8202 910 4624 8843 4784 4986 2068 4785 4352 8185 6250 1149 1369 3672 6691 4668 8682 9894 2871 5928 709 5433 6654 889 6686 4002 8599 194 8580 9452 3555 2010 9995 1923 9465 1683 2144 3740 6454 2980 6493 405 581 5361 8123 7416 1819 9170 7885 523 2721 3143 9131 5993 3054 5485 5186 5410 4875 9552 920 9496 1794 1520 8755 4844 4589 6062
3556 5943 353 789 8591 9181 7850 3998 9370 5962 2916 1911 0 9096 8412 5400 8131 6144 7712 8287 2054 1480 1993 217 1414 1367 9171 8445 7215 4175 9822 5264 8315 9987 1548 683 607 233 1315 2798 4099 8872 9093 6744 6561 3879 8364 3130 3229 8640 164 1174 6453 8645 1850 7125 1718 620 8098 6771 8747 3499 9974 1694 3914 7828 2765 6934 9299 4107 8909 1907 3401 7947 4474 5302 1553 1041 5256 6833 4008 4835 9062 6802 869 1177 1422 994 8117 2971 5478 6331 6727 8030 1774 9369 9762 1552 2796 2568 520 6463 2654 2252 2782 4007 807 1018 2237 5681 9113 4834 3352 1877 7967 3373 5023 6160 3747 3470 7164 9389 9392 7265 9944 2347 27 8225 6926 5129 9655 6294 9998 5441 292 958 7073 358 5297 4235 3744 4664 706 9011 4363 2727 934 9472 3368 4206
8669 963 1258 894 3212 778 8492 5936 8677 9705 7794 9344 9096 0 6666 1122 6474 9438 744 3794 896 9728 106 4995 6717 2173 7570 9053 1881 4114 5608 3164 1666 419 8951 470 6266 4284 64 3765 8174 7606 9050 9424 9732 9194 6144 3590 4420 3842 4084 603 9531 9783 3489 2276 6594 2757 21 5228 8501 3173 8407 7923 4014 3117 8306 3362 7571 7488 2104 900 1873 5323 742 5349 48 6333 6787 4600 9076 9480 412 7171 9413 651 1753 1843 3118 8302 3591 5603 5722 4127 7615 4115 1778 2011 678 5633 5565 6414 9641 1465 1458 941 4263 2422 5310 3032 5053 5411 883 3319 8939 8593 9511 3542 4206 7371 2885 6787 4270 5090 6407 8570 5681 3860 3623 7992 4715 7343 2457 6933 8373 3894 9336 6063 4728 9370 2309 6922 1207 3728 3908 8311 3672 3294 8233 7725
4089 7194 1353 9648 7992 3298 6884 6172 6469 3283 2704 1768 8412 6666 0 6409 141 7409 1470 3465 4947 6009 5572 2105 5794 8284 6986 7928 5421 9100 9949 3114 292 3118 8847 8212 2141 1764 4776 7572 3688 9905 5604 4857 6161 2345 5878 1048 6169 8414 1975 9795 3349 2428 2713 9168 9539 5211 2311 7397 62 6968 6514 693 463 5475 8964 6529 4252 1535 1563 9502 6109 3402 6509 4521 7615 4688 7011 7656 9683 8916 2286 553 1913 8154 8365 4413 5746 436 8700 5290 5936 9234 5925 4468 4731 399 4980 2376 1851 3163 6912 6493 4012 3011 2168 1342 6496 8092 4973 7388 2796 8408 990 738 5571 5939 6022 4196 2158 3217 6949 6797 7187 2378 3159 7920 9461 289 905 2031 6230 7154 6995 73 2724 60 796 8005 7889 6053 1859 8503 1659 1721 7906 8100 8517 1152
1579 7086 3583 2584 7038 997 7161 8806 196 9169 4624 5962 5400 1122 6409 0 5156 3799 7176 8977 3081 8040 358 6447 3937 3083 150 7834 3092 1558 6347 3275 3853 334 2335 4297 1147 9437 9777 4310 8211 8900 3485 406 7310 6044 3315 406 3045 7382 4547 4976 5969 2634 6945 8276 3248 6757 4690 1132 4156 4125 4252 5756 7984 7326 6115 3211 2899 4327 3185 2848 1932 4326 5549 1113 2637 3114 4602 9960 5055 1713 6332 9513 2873 1414 1603 1523 362 896 8782 6497 9632 9782 5536 6466 4305 6300 2988 3803 4269 4575 5574 3903 4554 6805 5028 601 9648 3850 6705 5014 1536 6722 1427 7839 8655 2306 2404 8571 3930 1725 7301 3707 3692 3017 2023 5952 4311 2243 2551 2386 1645 8516 2026 1129 1193 8524 1152 8263 9332 2008 8767 1672 8517 346 7896 5130 9361 3639
9130 7513 8175 8744 4881 3224 724 3481 5257 4687 7991 4665 8131 6474 141 5156 0 6411 1959 3028 2334 810 2168 5779 6193 6665 1241 2919 4529 4113 1081 5353 4947 239 4937 142 8692 7132 7227 5909 9841 9270 9652 9414 8452 1418 2696 3154 7455 5920 6865 2951 9692 6191 8219 6910 1450 2323 890 5414 6614 4566 7979 6665 8291 3129 8550 2958 5850 8871 4662 8311 5711 2566 8023 8701 8922 7999 4277 816 4414 6691 6433 4879 7497 1633 9236 9781 4445 9718 5101 3855 6539 9791 9006 6987 2736 9430 7285 892 2525 286 5912 1910 8244 466 6763 7145 8591 729 9353 886 5394 2109 9889 9583 2371 4865 7206 7484 9923 8580 8596 3893 3345 4824 7880 9663 6585 8367 8371 3617 8623 5401 5710 724 9113 2694 3439 4353 6570 3963 5436 6254 6175 8888 3678 5197 8574 7273
1050 9973 6574 7690 7839 3437 6551 9609 5507 8851 4694 4772 6144 9438 7409 3799 6411 0 195 916 5620 3329 8856 602 1458 8807 4310 2223 1557 2427 128 5362 935 8914 3954 3608 8829 5827 1848 3225 66 8245 6912 4108 4129 2856 9876 6348 8895 2557 750 193 4491 140 2101 478 5132 4826 5772 746 7916 7581 1642 4871 4237 452 3014 2273 1722 5695 1390 3436 4592 3279 1561 212 3594 9401 3880 5900 7682 6827 1672 8287 7521 9717 5189 2594 8359 7547 8708 2632 4034 6125 9374 9198 1208 269 4175 9635 8227 4331 5587 8574 7618 9390 880 7017 2950 9494 119 4541 3962 9605 7460 2371 785 7789 5591 6597 7649 3261 1443 2257 6022 8765 5833 9683 530 8299 154 8878 1331 3125 3923 7164 7720 4175 605 8787 4290 3926 612 9087 9387 4268 2132 6699 5732 2997
1982 3107 7657 9165 7564 1914 5839 1865 130 8431 4018 1175 7712 744 1470 7176 1959 195 0 8980 205 1595 5892 945 2297 6756 3288 6095 2721 1871 2118 655 8374 444 3174 4607 2658 2711 8972 524 2750 574 1700 7301 7023 6412 2095 1672 4301 1457 2433 8654 8192 4942 6638 8866 9694 2860 9410 8843 1798 4178 8037 3119 6182 9797 7315 9801 7727 1352 1405 5616 4746 1433 5229 8759 2820 7840 1472 1731 2861 8965 4288 7600 8378 1462 5103 4795 6310 7054 1156 7281 880 5122 5600 5478 8524 3167 9847 1291 876 6633 4336 6796 9199 9720 4267 3142 3249 1922 5316 5058 2590 59 4865 4277 5194 4132 4500 7315 9034 8429 7141 7330 6155 9533 7646 8120 7431 33 6745 9464 7293 719 3189 3844 9551 8188 9404 428 3264 3293 988 7024 44 8379 7815 3272 2087 7653
814 2969 8414 9440 1370 1740 3000 6718 7053 6651 9375 7384 8287 3794 3465 8977 3028 916 8980 0 4125 3983 6343 6809 8869 8316 832 4979 1878 4634 4172 4310 4643 893 4971 4750 3242 3650 5292 3145 6103 7297 299 1234 3452 6473 4434 2570 3205 5594 8198 6819 7390 2194 1547 1020 4234 6029 6394 2082 8116 6169 8564 9540 1641 9746 4147 5452 7824 7270 9016 6271 4175 7155 3718 9303 7506 6391 7531 7598 3629 130 7562 346 430 5151 9500 247 1723 921 9234 6224 53 3923 8035 8790 5398 7411 1020 5250 6051 826 9588 953 8536 4285 8864 1302 4211 5851 6480 2979 155 2992 4520 5719 8935 9879 4084 5129 1799 1594 9411 1670 7121 2722 4425 8510 5493 7174 7308 8873 5121 5101 3064 2959 3420 3828 2926 8821 5031 7155 2185 7367 765 3646 3718 636 2793 7978
3923 2235 6812 5189 4882 9591 7491 9957 3377 6799 8087 6114 2054 896 4947 3081 2334 5620 205 4125 0 5821 8534 9072 6186 294 9614 2571 3767 9692 927 3960 7672 8309 3686 126 8207 7773 1311 4975 5806 2829 1099 2447 2384 8501 7688 9559 2682 9519 2666 9711 5247 7660 5429 490 6989 6040 4913 7237 7054 8981 1850 67 8608 2414 2652 1926 8045 302 5485 6559 7370 7399 7375 9114 4701 4865 2840 9330 5869 5654 6940 5932 3377 4128 8344 3760 7102 9676 1340 5796 1833 9452 467 3956 1610 311 543 6556 9849 583 3930 3968 687 1618 4445 5862 3128 9162 5920 6365 3056 2440 2918 4360 7819 9867 7515 2471 1384 783 10000 7072 2668 9365 5689 4441 9794 8653 2860 1626 6406 6445 3728 6584 7977 5487 7696 5697 8938 8019 5994 590 2650 676 9496 3894 7197 2870
3806 1365 7401 3857 3806 3427 5516 8849 3052 8588 5937 9307 1480 9728 6009 8040 810 3329 1595 3983 5821 0 559 2012 9705 3664 7993 6768 1205 3287 7235 2819 3512 5022 6604 5292 8572 2562 1892 4546 1468 8150 7566 3054 9180 299 1357 5510 6363 4956 6485 2583 7656 2334 537 5505 5712 4873 2002 6778 4677 9006 5531 8454 2181 7984 3881 7561 2145 2671 8831 1341 4880 2029 4875 3355 6916 8611 211 4364 5215 4388 82 3667 8905 684 7747 3537 5174 6709 1654 2121 2014 5465 3568 2153 1809 8831 9860 4167 3727 628 2662 6361 6720 2468 2008 4527 6627 7391 9843 8521 7085 3066 1082 6128 1810 6476 631 5797 2644 2631 3846 2774 2821 8215 3064 5325 1327 9184 2707 7587 4138 5195 3753 5146 6532 2455 1989 1502 2473 2340 7960 6136 6927 1751 6447 1602 659 9548
9999 2650 1991 1017 4485 9303 7847 7022 4743 9191 9682 3161 1993 106 5572 358 2168 8856 5892 6343 8534 559 0 7210 6108 2049 1394 1878 7943 7239 4647 8344 6122 7566 279 58 3523 3811 1761 8311 6479 5284 3631 6924 7557 84 3561 6199 5020 6748 6378 135 2834 4983 8743 7860 174 4461 3727 1207 1260 869 416 7607 8564 9414 3501 5429 929 4193 922 8999 8322 3326 302 3091 1432 2702 3871 1442 4764 6158 9032 3258 9395 9398 2425 2843 1756 1378 1177 3806 5423 7620 6461 1780 4262 2591 4183 764 9658 9312 7046 9069 3988 1710 8963 1382 7310 8904 183 3701 9416 9022 1036 4729 1482 6849 3435 8148 9318 7655 1350 9621 4979 2468 3621 7051 9221 2564 1437 389 2049 3018 8070 7400 377 7785 4267 7659 5118 6609 9764 4530 5987 7066 4027 6775 6056 1886
714 1331 6731 7837 4196 4136 3981 6891 9476 257 5020 2939 217 4995 2105 6447 5779 602 945 6809 9072 2012 7210 0 8757 8062 7644 1849 4564 2063 4799 5720 5973 4249 1790 6855 3853 5846 6746 2412 6879 1604 1143 1767 1628 613 5207 530 5253 6331 567 5208 4751 1338 5598 5180 3275 6458 9255 5776 5693 5115 3096 1718 2138 7475 420 4379 2675 7986 5348 4988 3411 8236 4089 9361 6554 6246 1565 8938 4241 9000 5113 5934 3572 9501 9691 8333 3189 1133 6090 6786 5879 461 2942 476 9104 3832 4463 111 4674 2826 5530 9582 6530 5381 971 9012 4813 8420 2252 6536 7066 4683 2916 3404 232 2652 2640 5969 3690 8202 3188 4059 2803 5943 7807 810 1457 32 7771 4705 8158 1633 8786 6216 369 4510 9949 5567 7428 1006 9291 2663 7753 1443 1094 779 5225 4278
9809 4521 4235 6519 5591 7189 9301 5364 2142 2877 4802 3082 1414 6717 5794 3937 6193 1458 2297 8869 6186 9705 6108 8757 0 6367 7000 4107 4425 9162 2417 6212 883 8064 6822 2426 412 1768 9393 6038 4079 2399 7230 8554 6302 7554 9652 8758 5430 44 7440 9723 590 218 5851 8952 4139 6929 3647 7085 9230 4221 2665 1859 5690 2537 1412 9478 2813 6534 5845 6647 8030 219 739 7085 1509 586 6606 1441 3823 2738 727 2442 4636 5631 5643 1904 567 9323 7370 413 9963 2821 8857 8877 493 6822 5495 4735 8635 2527 7422 4675 6702 3153 7627 1360 9474 1055 4752 887 3005 243 6796 9466 938 3461 4279 2823 51 9842 2687 2894 2901 2701 5459 4313 3294 5931 1224 2293 9789 1941 8434 9888 7 2493 7681 2085 1129 4087 6448 1105 4092 3471 8165 8490 5596 5433
1434 1161 5825 6890 1196 4691 2195 2161 3664 8988 2522 2472 1367 2173 8284 3083 6665 8807 6756 8316 294 3664 2049 8062 6367 0 2391 5625 6509 6042 2307 267 211 7284 5287 9898 6595 4540 4158 9804 1279 5698 615 4487 7460 7149 1066 3561 9980 9863 9420 9887 4748 5320 3506 6767 5920 763 26 7609 5684 2857 8341 8591 2297 6046 7290 9576 7255 1690 2763 6680 8822 8780 8045 1937 9907 6618 3654 1177 4808 5832 3939 5625 8989 7501 2035 779 269 5521 4691 539 796 2204 6004 6373 8440 254 7811 9850 949 3586 9308 1397 7328 9154 418 1964 9933 7540 6834 5474 3155 2952 6108 7466 6008 5492 7872 5395 1424 7582 641 1468 2928 7470 7830 2922 7346 9079 5894 7547 7413 4830 6356 195 5888 2150 3756 1938 9001 2340 5378 797 1204 9126 707 1107 5314 2646
5813 9583 2760 6745 2497 3364 8467 4831 5337 7272 744 5881 9171 7570 6986 150 1241 4310 3288 832 9614 7993 1394 7644 7000 2391 0 6918 7978 7978 3271 4645 1259 2053 1685 448 5064 9974 8314 2925 4785 6388 8500 9758 2610 6539 8554 5525 2905 8894 9336 916 9466 8117 2696 9926 5819 9983 3863 3532 4178 1950 9529 4698 1516 3446 432 6061 7887 9038 2880 2091 1060 5225 3757 5585 392 9067 534 2642 1106 9967 3498 587 9662 451 2625 3929 5644 9041 7479 1622 7561 5819 4827 3697 6471 3252 627 5096 578 844 1829 5260 7678 5980 5441 673 6550 5727 8908 7190 2339 5305 2302 1116 5368 5424 9344 9302 8092 598 9083 4836 5337 6432 9250 4461 6790 7688 1891 4854 9690 673 4358 224 5822 9816 9554 3233 2107 2259 1315 1145 9907 9148 9631 9250 8283 8643
54 8461 3323 6429 8588 3236 6384 2941 6541 3420 8430 4419 8445 9053 7928 7834 2919 2223 6095 4979 2571 6768 1878 1849 4107 5625 6918 0 1575 9502 260 4218 8955 7438 155 4670 8127 1024 9831 2443 2997 7360 8490 9678 3828 6460 9316 8093 4748 6916 5881 6224 6251 9558 4879 7695 3812 2684 8055 1032 197 3139 6 4429 2985 2050 3890 9842 3045 7723 3710 4679 6534 6793 8558 9641 828 452 865 2317 2184 6208 5555 7552 627 2394 6359 9938 2415 8755 7340 575 354 2745 198 2279 4239 693 9714 5749 127 1225 3950 6127 1021 7859 6635 4509 2739 1947 544 1060 56 9384 7106 2239 6871 3219 8580 2503 6137 5206 8352 4313 7883 7580 305 6106 7406 2183 8165 9043 5701 3114 3376 7609 5615 4387 1176 8347 8868 1964 6171 4558 5186 441 7035 3156 1927 4508
8259 1315 1363 1498 9450 108 8043 7909 1357 7754 2426 5288 7215 1881 5421 3092 4529 1557 2721 1878 3767 1205 7943 4564 4425 6509 7978 1575 0 5076 6749 8630 7519 2405 2291 2173 663 42 3124 672 9540 8719 6578 8374 6161 1813 9039 3185 3368 777 8 9995 3948 390 1319 3885 1458 8559 1896 3636 1263 4029 9119 6603 5030 8448 6721 8763 6802 2269 8557 4642 9293 7677 2816 7377 4611 2022 4110 1479 8495 6741 2253 8509 5838 9837 168 6498 5883 6121 9132 873 5096 9995 3660 820 5500 4950 8638 575 7317 2421 7143 6226 366 2079 7182 9006 5545 9670 5085 9871 260 9644 4529 7198 2177 6984 7732 3444 3364 2857 7351 5456 407 6975 2146 2175 5637 8779 639 1750 6698 3743 8819 650 1419 2488 1400 7 7670 1125 7936 2141 7909 576 938 2533 5928 6094
8806 4862 7310 9023 4806 4211 394 5239 1847 2102 3514 6107 4175 4114 9100 1558 4113 2427 1871 4634 9692 3287 7239 2063 9162 6042 7978 9502 5076 0 5932 7973 5081 4757 4438 8479 9791 4905 4724 540 2165 2761 7881 3025 1120 7531 6284 6415 3706 3026 6023 1082 5591 760 9888 6578 4930 3410 2638 5089 9881 6985 4780 7291 1182 7877 1245 6739 8966 6880 8227 9799 2495 1303 1777 9497 3317 2974 4416 9577 1049 8179 4228 8218 5996 6279 1106 9928 4105 7243 1751 7247 8457 6095 4545 1829 7379 6225 9158 2042 6059 6475 8685 9260 6543 5738 2364 5238 3786 158 2763 7127 669 7633 9963 1039 5040 1175 8568 8548 6122 1677 4104 4387 4825 3909 2142 3169 1131 5914 4350 4598 6502 5926 5658 2230 3715 2240 5959 7313 315 237 939 8906 7904 2966 5212 9600 2377 9886
2334 8187 3232 539 101 3688 4698 8824 5443 4654 10 2424 9822 5608 9949 6347 1081 128 2118 4172 927 7235 4647 4799 2417 2307 3271 260 6749 5932 0 6181 8046 1669 6386 8838 185 2889 353 7595 1594 943 1920 8932 3372 4735 8642 5441 6985 3427 1425 2879 4439 1991 253 930 8076 7807 359 5907 1690 6253 3527 3955 5475 4546 3566 6870 9576 4367 6003 8230 1054 2522 4972 2057 835 4695 5385 4537 8367 8384 3077 7829 6493 8050 2333 9754 4690 476 8319 7735 1189 4130 3920 8675 2151 6447 41 9509 7459 527 5930 9765 2266 6415 2614 6089 8576 2172 2430 1368 8503 4608 3367 940 2630 5463 6454 4350 3323 1945 5780 7770 9989 9392 3408 7962 4987 8203 3484 7971 4990 2986 1187 3217 8785 7537 7276 4576 6433 8080 3206 7749 3033 5303 5195 8724 2336 4665
9257 5519 7455 392 2322 2308 3181 7558 4665 5044 8361 3947 5264 3164 3114 3275 5353 5362 655 4310 3960 2819 8344 5720 6212 267 4645 4218 8630 7973 6181 0 8695 2942 622 4937 3118 6819 2684 4017 2233 756 7663 1828 1408 5976 5197 7920 8822 692 3066 4312 6167 3335 3439 6575 8122 7553 8343 4050 4580 2038 1348 2511 8161 9868 3013 3324 8122 2625 8279 4387 7257 7034 4856 9520 1133 708 3332 6577 4189 7177 3201 9976 7158 603 4002 1269 62 802 2072 746 7733 1847 9984 4533 5514 8145 6838 4373 956 8991 4203 6395 2989 7138 8969 4857 4072 3676 9617 965 5037 500 497 6222 8241 9353 5555 6776 6738 3722 1814 1533 4032 9988 6500 4784 3936 7932 4979 3546 9958 819 9462 314 9333 2038 3016 532 9046 7415 5268 7179 1127 3939 7868 8870 2940 3350
6576 8411 8011 9594 1015 5125 3754 6115 3415 2975 3411 4658 8315 1666 292 3853 4947 935 8374 4643 7672 3512 6122 5973 883 211 1259 8955 7519 5081 8046 8695 0 3783 2747 2708 5630 7967 5938 5674 7778 4256 6750 6344 4946 5178 1818 4879 2335 5904 312 895 4493 8728 676 4314 7468 6703 5278 5567 7089 9515 600 975 7323 9543 6899 5455 9378 821 8496 8906 7888 2442 4978 3861 5886 6205 9480 7473 6521 9769 7503 8859 4166 3442 6427 97 2495 3488 301 3189 1635 1872 9704 62 7461 3242 7790 7380 6887 3239 9814 7807 5175 3286 3000 5853 9528 3702 6527 3010 8917 7263 5827 6459 7263 4249 8704 1110 4849 4484 3068 8530 7807 2686 9340 1211 3988 7121 4356 4090 5605 3493 1966 5512 8751 792 9931 5447 4896 5040 1138 59 134 551 7074 6592 7820 6280
7835 8403 5031 1262 832 1857 8771 8526 1645 6896 3930 2864 9987 419 3118 334 239 8914 444 893 8309 5022 7566 4249 8064 7284 2053 7438 2405 4757 1669 2942 3783 0 346 8298 3722 6135 3829 3004 3698 6752 8557 3245 1223 4890 5257 5723 7500 1745 1609 7665 2327 6058 8420 4495 2875 3021 6912 6838 5954 340 8264 7356 4497 1902 5757 6057 1697 9599 6507 8919 9120 7717 7902 2847 8256 4880 5188 4946 8248 2824 9641 3161 9951 3847 7350 9740 2723 4633 6950 1625 6599 2229 9037 3783 5473 761 5999 2513 2860 1870 9989 6806 8572 9421 9872 2284 815 281 7937 4811 6352 4675 293 6539 6687 1193 8562 8673 8570 3873 2815 365 79 5418 9938 384 3144 8068 2154 9897 4723 6290 929 793 7855 199 6004 8451 2880 3380 3220 5730 3100 974 4153 4710 8295 9426
648 1738 9040 3756 2576 201 3796 4101 8151 3135 4681 5436 1548 8951 8847 2335 4937 3954 3174 4971 3686 6604 279 1790 6822 5287 1685 155 2291 4438 6386 622 2747 346 0 4630 6262 3692 9191 7738 4386 7725 2806 4463 8015 8433 3910 5748 3653 1919 7616 2660 717 2321 7571 9114 3429 6334 5120 9731 2151 6458 9414 8553 3602 8755 4302 1445 3179 2220 2854 5843 4121 7833 6299 4018 5235 880 2643 1416 5543 8359 7381 2998 2931 2506 2302 9325 1230 6094 6019 7190 2240 8192 34 6732 3654 43 8683 4951 9778 9076 9802 7939 1483 1533 6332 6130 9503 637 4451 1350 728 7249 9403 6060 1609 9353 314 2453 9311 7751 1516 8968 5342 3758 3238 1047 588 3811 541 1405 4737 4784 7242 1223 1649 859 4134 9455 6495 9164 7874 3697 1917 4264 5595 8082 9198 6450
219 479 2259 358 906 2928 1794 528 1188 6623 2610 5465 683 470 8212 4297 142 3608 4607 4750 126 5292 58 6855 2426 9898 448 4670 2173 8479 8838 4937 2708 8298 4630 0 1473 1707 9233 2880 4706 4361 7128 5286 872 8062 486 5912 5877 4283 1556 356 4001 9551 2006 6870 252 9792 7769 8911 9101 8815 7224 7111 1825 2759 1518 9955 2220 1597 1790 4494 9712 6686 1734 2206 1435 4340 6548 7543 3691 7161 3372 4617 4261 7185 2587 9440 2175 2024 4319 4483 4353 8144 1502 6676 1827 3739 1738 6390 2322 3523 2856 66 7363 6648 8768 7001 6138 7604 7799 3899 9381 1102 2510 7844 5273 6163 6041 4887 8119 4897 4409 3329 2719 612 7328 4826 6977 7202 7963 6854 90 9847 7742 9973 5090 4379 5741 4419 662 9096 9234 2216 2985 9476 1138 3132 202 3887
5352 6225 7537 9014 3174 1496 7948 9641 7050 3775 5691 5746 607 6266 2141 1147 8692 8829 2658 3242 8207 8572 3523 3853 412 6595 5064 8127 663 9791 185 3118 5630 3722 6262 1473 0 5209 8665 7480 8244 120 8971 1779 2137 147 3073 2927 4752 2102 4549 8802 2228 4183 4667 8102 9152 1036 1531 7209 8416 8501 9796 4654 6414 4101 2764 4 7251 4925 5812 5624 39 9830 3696 3552 587 195 6289 1530 4047 9798 323 5592 8224 2753 20 4955 154 1984 2767 5236 1618 2099 4860 2840 6693 7151 3758 9622 5145 7752 5987 3802 5166 7321 7436 9185 4412 9040 725 9043 606 8483 2921 7743 445 862 6901 336 9902 129 4894 5430 1722 7977 1689 9983 9702 1057 4397 2171 4912 1429 2751 1209 9153 3747 5566 9644 6335 5268 2585 2971 8067 9916 3124 2470 4765 9323
833 2163 852 7129 8433 4301 8465 8389 5076 7065 1803 523 233 4284 1764 9437 7132 5827 2711 3650 7773 2562 3811 5846 1768 4540 9974 1024 42 4905 2889 6819 7967 6135 3692 1707 5209 0 8328 6979 5642 6444 2625 3651 7479 90 5190 8798 8597 9259 7895 5782 8012 2810 2400 2633 7917 4300 6673 8589 3614 179 4827 2713 3908 7135 4852 5224 2093 5778 4454 8487 5612 7042 3773 7598 9116 8864 8088 9132 7070 2327 7545 6024 149 7896 7096 601 6943 1393 8222 8624 9261 4774 5364 6596 834 2555 6833 4813 3257 3301 1285 2762 7993 1464 2152 510 6001 9167 178 4146 9148 9492 9419 1293 3099 2175 8469 5790 9171 5764 1434 5811 5973 4318 7020 3665 8082 7913 180 6752 4428 8219 7362 9861 9386 4736 1288 2121 4320 35 4815 8627 5729 2251 5038 2579 7714 2644
2563 6425 51 9958 5366 9042 6480 4268 9945 6464 7188 1185 1315 64 4776 9777 7227 1848 8972 5292 1311 1892 1761 6746 9393 4158 8314 9831 3124 4724 353 2684 5938 3829 9191 9233 8665 8328 0 6909 6510 5671 6657 6508 2200 2542 1273 5207 9231 1526 6990 6852 8455 4719 9305 9898 3234 2104 1016 3621 4899 2687 9739 4306 6677 4858 7123 9758 7156 5053 987 6309 3170 5612 620 614 7222 8432 5741 762 2309 3018 4731 1195 7712 671 9201 5120 8904 401 3666 2696 8108 4341 7736 6896 5382 4945 1243 5816 1044 954 617 2270 8041 9135 7422 1116 8947 9705 7436 7978 6429 1232 887 8069 291 6097 9844 4192 7341 9447 5330 5701 6675 6300 9003 5598 2169 6533 2801 4985 3008 214 7610 8920 9891 4503 7798 5453 4065 4987 5420 2845 7641 7093 6295 9733 4568 5821
5161 2066 3065 9398 8550 97 2265 3765 137 8899 9320 415 2798 3765 7572 4310 5909 3225 524 3145 4975 4546 8311 2412 6038 9804 2925 2443 672 540 7595 4017 5674 3004 7738 2880 7480 6979 6909 0 476 3869 515 6238 7663 5336 6651 378 8805 5033 3961 4161 5591 6058 3305 4066 3778 4033 4291 3409 6050 6348 5688 5987 6900 5197 4068 6209 5847 7048 6816 6845 659 8029 3487 3612 9111 4491 1679 3023 9130 3752 1304 1815 8560 8394 8027 7826 1606 8823 7291 7751 2220 3588 33 4222 1864 8670 8627 9807 5142 7508 5039 1401 6656 5295 6156 2254 5376 5934 9336 89 1338 9806 543 8370 2891 7501 5200 3354 3392 3408 4192 7899 8160 9141 6038 6752 6254 8208 9493 7549 7337 7112 5114 5676 2034 9784 1780 2645 3080 8052 4529 7676 9905 7630 4717 443 8261 5281
2958 5961 1401 6442 7020 2004 4309 3639 552 566 6372 2465 4099 8174 3688 8211 9841 66 2750 6103 5806 1468 6479 6879 4079 1279 4785 2997 9540 2165 1594 2233 7778 3698 4386 4706 8244 5642 6510 476 0 8567 3571 6062 2028 3492 2499 4986 1106 7888 6087 3993 141 4103 1137 49 4332 7532 3246 9544 1568 9287 5445 3457 6132 7262 1257 4919 9738 9162 6568 1061 6726 3312 1739 9557 1405 9814 3942 9603 9372 1217 5603 6582 2101 3230 7488 4954 9464 299 4543 6213 5913 2834 855 3159 8752 9505 5242 9172 3512 1741 1158 6119 2126 6950 1951 1262 5898 4400 3215 6179 6876 1173 9133 3391 9653 6780 8247 2008 5022 4341 2844 6607 7425 238 480 2473 3913 4620 9002 6735 1276 1338 6002 444 9259 9633 8366 4212 2414 1932 821 9838 2526 9189 3156 1895 6331 7810
7871 3541 4445 7753 7090 9587 1795 553 3099 5381 189 6018 8872 7606 9905 8900 9270 8245 574 7297 2829 8150 5284 1604 2399 5698 6388 7360 8719 2761 943 756 4256 6752 7725 4361 120 6444 5671 3869 8567 0 7135 1327 9289 565 1115 2016 1550 214 236 2862 3683 5295 6434 5378 6066 9792 8507 1232 645 752 3914 3460 836 6102 9074 1296 2999 3563 2014 6772 9248 8016 4602 8541 5762 4653 3822 5201 9793 8947 5164 4407 279 8284 1048 2221 2514 6637 6158 4435 1595 2835 4980 9035 7176 41 8555 1701 2568 1058 6496 3721 2453 6204 5623 1650 9577 5161 8840 7341 9095 7112 3284 3281 4969 5281 7041 4968 2403 8063 912 1783 721 5516 7937 389 9353 7193 5386 9640 3699 5281 7381 7746 6909 524 9498 7528 8824 7488 2164 6990 4623 1095 4162 3492 6178 9354
4439 4762 1251 620 4997 5048 5913 1806 968 6107 1727 304 9093 9050 5604 3485 9652 6912 1700 299 1099 7566 3631 1143 7230 615 8500 8490 6578 7881 1920 7663 6750 8557 2806 7128 8971 2625 6657 515 3571 7135 0 6632 7332 7930 7876 9449 7842 2526 6319 10000 1151 9749 5360 1267 6428 6023 3806 3509 3907 9373 1627 4088 6012 8798 7882 8379 1684 4653 5382 9514 9682 2151 6477 569 3902 4982 9890 1273 1750 9496 857 6357 8149 5899 9841 1491 6114 5229 462 8488 9237 1896 1588 2265 241 2492 5718 9280 7494 773 2128 6634 9636 1691 4118 5660 8081 4403 8698 4054 9548 3760 5614 46 8365 7847 4990 2874 4146 2656 3569 8917 5667 4062 4813 9528 9476 836 3619 5334 1989 8188 7790 8580 128 8724 2124 8182 8236 6824 5797 8887 3228 247 312 4208 6976 4363
1859 836 8869 2310 9986 167 7943 5983 7215 4993 1500 6518 6744 9424 4857 406 9414 4108 7301 1234 2447 3054 6924 1767 8554 4487 9758 9678 8374 3025 8932 1828 6344 3245 4463 5286 1779 3651 6508 6238 6062 1327 6632 0 9605 4933 9589 6175 8179 3651 8289 8471 8354 2861 78 641 5506 5451 4854 9295 7688 5014 6389 2974 6873 1973 2995 28 8386 1556 7591 7194 5358 7734 1555 6297 6817 1368 7634 7811 8097 4186 4809 1592 128 4817 9641 9571 1467 4915 9610 3416 118 2291 3375 8647 1172 4067 8000 4106 6002 6875 1482 1450 5221 7103 3007 7141 8291 5596 6865 8433 3447 2740 5400 957 9799 2095 9078 8206 2582 3444 9923 217 4834 9895 5934 8578 5299 4073 5546 7558 3014 8161 7827 2470 6735 8790 6951 7803 3564 646 4828 6110 9389 670 429 2763 6168 5382
516 1313 1510 8272 2326 4979 9704 6633 2926 7790 1747 4410 6561 9732 6161 7310 8452 4129 7023 3452 2384 9180 7557 1628 6302 7460 2610 3828 6161 1120 3372 1408 4946 1223 8015 872 2137 7479 2200 7663 2028 9289 7332 9605 0 4868 6211 9908 957 9438 8718 8577 9309 5508 4187 5747 1799 1266 5835 9045 4775 2512 8020 9865 985 7404 1197 9021 632 6018 9704 4914 2624 6835 6889 9703 4247 7795 6453 4656 714 1271 8384 5867 4766 9443 957 5236 3530 8804 3013 3178 2422 2661 666 623 9770 1058 2407 7540 9485 5903 7586 5755 1737 3751 6343 4717 4046 2122 6855 1268 3559 2179 7208 2429 3562 5290 3986 3210 4587 6103 5594 6557 7256 6576 289 1422 8003 9719 8987 6200 6718 5443 6235 756 5443 3008 8853 7828 3833 888 8225 5912 3702 518 3232 4619 3320 8519
505 865 6525 8366 6872 3876 418 2421 9720 3148 8088 5891 3879 9194 2345 6044 1418 2856 6412 6473 8501 299 84 613 7554 7149 6539 6460 1813 7531 4735 5976 5178 4890 8433 8062 147 90 2542 5336 3492 565 7930 4933 4868 0 7649 463 9748 995 8360 4957 2205 8142 1451 9497 1113 7456 7802 2503 399 7025 4049 8610 9663 2984 9572 2693 4900 1699 5004 9338 7460 8885 7385 4811 6913 7645 3627 2408 1990 6316 4520 6741 6441 5459 7852 3532 2444 9048 5341 2879 4022 643 2439 8487 4414 7783 9737 2706 8662 6448 4419 5694 6482 9703 9740 3346 1857 3822 6799 7023 7959 1518 8419 2550 1231 5074 3233 8899 1205 3123 1537 6173 676 7858 2088 812 3391 9733 47 8874 125 545 7945 7934 3820 2144 9825 8821 1142 7241 993 9820 1432 6683 9225 5731 479 6790
7053 4467 740 3482 4561 6832 1747 6884 4350 4934 2453 9895 8364 6144 5878 3315 2696 9876 2095 4434 7688 1357 3561 5207 9652 1066 8554 9316 9039 6284 8642 5197 1818 5257 3910 486 3073 5190 1273 6651 2499 1115 7876 9589 6211 7649 0 4289 519 7444 1702 6820 1537 3080 5530 5132 2384 5013 2796 505 6416 8773 4207 4769 6751 7309 9238 5811 4384 3507 9927 4938 6532 9769 4272 7128 9161 1110 8398 7492 9383 1737 2378 7738 4154 2247 3182 3598 8019 5386 9912 2526 2396 1674 5592 2054 6411 9957 7092 1711 9386 9320 6734 5693 2107 5352 8529 6990 4757 3345 8717 6330 6672 9557 35 5861 9722 1578 6168 7163 2288 9747 8626 5090 8570 563 1128 398 4111 1658 7211 2979 5320 5839 5890 9172 7348 1098 5673 5570 7400 6359 9638 2142 7063 6573 1266 6980 8467 8828
3122 380 4770 7271 9542 9425 6881 2831 7687 4689 3830 3555 3130 3590 1048 406 3154 6348 1672 2570 9559 5510 6199 530 8758 3561 5525 8093 3185 6415 5441 7920 4879 5723 5748 5912 2927 8798 5207 378 4986 2016 9449 6175 9908 463 4289 0 8263 528 5415 544 9972 3965 7392 4948 9890 1969 1095 5000 4815 6689 1985 1979 7714 6833 6017 9047 5287 4601 7686 3031 9498 7099 4405 5616 1052 2665 5957 7756 7413 7075 8005 7509 6213 3290 1850 5615 4268 1053 4940 3285 3503 946 7208 4567 5962 9472 3379 2762 4564 1788 705 3300 5723 5153 316 6767 7091 7651 1622 5135 9584 975 3776 1741 1259 6215 8077 1175 8094 8180 3125 5503 1106 789 2325 8235 5682 6199 7749 1094 8319 6877 1366 1676 5943 9436 5534 6202 7330 3894 8823 9253 4074 5097 9626 2465 1919 3721
418 5459 8712 555 7424 2562 5361 3598 4994 3053 2066 8423 3229 4420 6169 3045 7455 8895 4301 3205 2682 6363 5020 5253 5430 9980 2905 4748 3368 3706 6985 8822 2335 7500 3653 5877 4752 8597 9231 8805 1106 1550 7842 8179 957 9748 519 8263 0 7087 5780 1748 2630 9022 2426 2742 4822 9910 6055 7876 809 5615 3113 3711 8675 7751 7300 1360 4558 281 7509 8764 9294 1793 6018 8146 194 5650 3823 4491 276 2527 4024 3316 3166 9984 1725 2640 3531 9294 1159 4345 7966 4871 7269 5136 2272 5452 1665 7081 729 2960 3842 2206 1592 8013 2164 8259 3687 8521 5851 9820 9810 1506 6374 6968 998 5501 8018 5388 9869 3524 5094 6363 3777 2808 3303 5864 3243 3516 3341 1548 9487 7723 8042 4556 8116 2434 8212 8494 5820 9664 6092 2960 2016 4287 9086 4677 4905 1301
8427 892 3554 2863 8107 3667 8982 6279 3588 9374 9275 6566 8640 3842 8414 7382 5920 2557 1457 5594 9519 4956 6748 6331 44 9863 8894 6916 777 3026 3427 692 5904 1745 1919 4283 2102 9259 1526 5033 7888 214 2526 3651 9438 995 7444 528 7087 0 2002 4770 4553 2550 300 2429 2610 2297 5568 9439 3976 4955 4375 2033 474 293 5553 7020 504 2642 9594 4995 6745 3048 3047 1837 2555 4991 2049 8447 3457 2199 8422 492 1460 9868 4264 2769 4628 1192 1652 9405 1902 8451 2799 4562 4961 8956 6468 3781 6185 4296 3822 3608 4087 8200 494 9285 6970 4789 2505 134 2647 8553 2358 4708 265 7298 5607 9 2004 9872 4829 1829 3975 7970 6527 8047 3503 1370 9019 1205 3839 4125 8497 6646 8650 7012 3086 2458 3479 5535 1937 7464 1175 3831 7886 8467 887 6152
7139 6252 5230 2955 9104 3527 4364 1634 2496 6504 4067 4021 164 4084 1975 4547 6865 750 2433 8198 2666 6485 6378 567 7440 9420 9336 5881 8 6023 1425 3066 312 1609 7616 1556 4549 7895 6990 3961 6087 236 6319 8289 8718 8360 1702 5415 5780 2002 0 3487 501 2575 7707 8577 3511 6334 9983 422 6315 2130 3558 7264 1043 5339 9994 1184 3961 6435 9422 3919 8892 4825 5853 7515 7986 2509 7810 7200 7546 9095 43 6117 6872 2768 7595 8608 9951 566 6869 7680 1157 9358 8623 6513 3543 8992 3457 8122 4844 9534 6525 9503 960 27 3008 5368 107 4297 7765 4087 9575 7229 8846 5834 1609 9939 7459 2147 2085 1778 5842 2824 7692 8645 7529 5657 7213 1094 9757 2790 7299 8277 6036 9658 9035 4696 5012 7952 7961 1935 679 5380 6976 1245 2532 7971 3181 990
2772 9409 9565 9249 7706 2979 7401 4311 5258 9533 9586 5174 1174 603 9795 4976 2951 193 8654 6819 9711 2583 135 5208 9723 9887 916 6224 9995 1082 2879 4312 895 7665 2660 356 8802 5782 6852 4161 3993 2862 10000 8471 8577 4957 6820 544 1748 4770 3487 0 1073 9616 6520 9978 4551 227 2005 4457 9482 5143 5305 9205 2049 7790 4448 2801 9937 5260 9935 7169 8134 918 8553 2200 6636 8727 9256 1477 9517 4812 7772 2922 581 9220 4375 6936 713 2977 679 3594 3738 5750 4625 604 8830 1274 9887 1483 2471 4672 2008 4958 344 4925 3909 5218 9192 8323 8196 3757 4178 3148 201 9069 2243 660 9083 8354 8602 1132 563 8962 2722 3989 1719 8583 4661 6896 127 5007 9304 7544 8827 8351 8688 1348 3531 6315 604 7463 10 7791 9108 3874 3586 6556 541 8361
5409 644 1578 5483 1210 4697 1182 4793 7654 9611 5846 8567 6453 9531 3349 5969 9692 4491 8192 7390 5247 7656 2834 4751 590 4748 9466 6251 3948 5591 4439 6167 4493 2327 717 4001 2228 8012 8455 5591 141 3683 1151 8354 9309 2205 1537 9972 2630 4553 501 1073 0 386 5397 6317 6095 4775 9501 1276 6079 9650 875 6761 6367 6315 6321 688 5582 8105 1730 1536 1935 1414 7422 5312 285 7265 7746 78 4862 4590 8156 3036 614 7976 1954 5668 975 3408 4219 1757 421 8496 5465 7686 2094 1227 6133 6819 3483 214 9790 9660 2001 4706 6328 7465 875 7665 2872 8378 6003 6274 5518 1459 344 6287 2025 5733 8032 1045 2574 6273 98 4274 7273 3631 6352 4293 1781 4678 8449 1257 7541 8326 4410 3586 7400 5144 7698 3837 6127 6299 8936 4883 5947 2040 5275 6166
6630 523 2164 1775 6904 8997 9873 2362 136 4778 4751 6756 8645 9783 2428 2634 6191 140 4942 2194 7660 2334 4983 1338 218 5320 8117 9558 390 760 1991 3335 8728 6058 2321 9551 4183 2810 4719 6058 4103 5295 9749 2861 5508 8142 3080 3965 9022 2550 2575 9616 386 0 448 4243 8105 6511 4649 4576 8136 5993 4973 5931 2432 1387 3121 1589 7688 1509 3989 2133 2551 3296 6934 5772 2139 5103 9370 7105 438 8638 4647 4727 663 1654 1434 7448 8390 1681 826 4272 4565 1911 6526 5179 2050 790 5169 7409 5605 7406 6991 792 9028 8295 3312 1471 4362 6512 3639 6800 3273 2885 9459 9851 8171 2310 181 2006 9374 8121 2221 9453 2586 6629 4594 7540 2699 6205 24 611 198 2103 6530 3715 3474 4550 3739 9961 645 7440 8480 4701 982 5656 1695 259 1807 926
