200
0 9295 1857 241 8261 3281 5064 3227 5539 2359 5878 6891 1867 6430 2054 9460 5911 7207 2183 7668 4663 9570 5501 5176 9372 6000 3509 9869 9817 6784 6798 1288 196 8652 7421 5372 7042 5501 3701 8207 2749 282 3556 5172 419 9469 7388 1592 7411 467 4025 4526 9593 6162 8049 1090 3967 2978 732 5624 7771 3742 7849 5366 4021 7700 475 3629 9156 6059 5180 5258 4275 9768 9695 2812 5904 5607 6694 2680 1857 5657 6523 8459 6229 6120 3321 5480 5959 3937 2212 5108 5318 2823 4810 4908 1081 9141 3124 6103 7246 1660 9110 1020 6842 8219 7337 817 1196 3544 1054 5573 2559 3320 9491 1562 8604 3547 2419 8576 1604 7489 964 7293 1941 7229 9050 7346 2357 2598 2721 9922 6553 7572 4481 6694 4088 5782 9101 6271 1203 9045 3890 4578 7468 5555 8268 3115 7454 5160 6608 9091 1914 5596 6835 6620 4985 4688 9159 9454 7873 1990 4878 5986 3058 8579 3572 2552 7473 549 9747 9634 1889 4450 2795 476 9723 6515 1741 1112 6171 8082 7897 9100 7398 4692 5727 4488 9933 3356 9424 2122 1538 8418 4018 1805 8513 481 6959 214
9295 0 3899 1867 8480 9239 9927 4289 6350 4074 1222 7457 7162 9558 5291 717 7025 7918 2866 8695 5068 600 897 2438 6986 2933 4086 1406 6462 2557 9059 7868 1597 3579 5182 7148 3743 1526 804 8350 3951 4771 2764 6130 7004 2832 7731 3650 1822 9470 348 7424 35 7864 9732 5193 8011 1023 7891 943 762 3385 1861 8202 9735 7349 7898 3384 3505 7923 3520 3352 7326 4934 9827 3871 1467 1710 3505 7852 5326 5394 5211 7864 8918 7780 3773 3108 138 4779 3296 1833 9348 4357 2425 9988 8547 294 1378 5917 813 6490 7106 1502 4752 7101 9672 935 763 3658 7529 3603 2848 7136 5959 4370 2245 8332 751 1685 9880 922 5066 4049 2366 8133 3353 7716 1781 8377 9357 1656 7064 2618 4188 8107 4094 1725 5185 3307 2262 2507 8637 5196 6704 5574 9194 2955 4588 7645 1960 9975 3825 1242 8617 9268 3411 5008 3166 1757 3935 3326 5299 3883 4651 27 9337 1492 2911 9600 6358 8534 2913 5878 1616 9788 6336 7207 703 5130 9778 9426 9203 5845 1256 5576 3363 9387 1273 2158 9135 9490 3358 4258 4922 7889 2679 4289 6586 9299
1857 3899 0 3167 6569 9011 1525 2930 7700 1521 8170 5879 5157 8488 7444 8350 6268 4367 145 2614 5372 6135 2185 1021 2691 3316 9719 2386 1575 814 8130 8562 8436 4590 2930 48 2731 4523 683 337 8807 8065 8511 6670 3016 4455 6498 8690 7862 7969 3126 36 656 376 3924 2869 9168 60 1891 2664 2795 3685 313 8867 3365 9846 613 9079 8348 4347 3426 3825 4259 1678 59 139 2200 465 2182 3844 82 2797 8935 1533 437 5385 1448 3569 324 6209 1254 6055 7850 175 4931 6999 5393 2556 5311 8163 8118 3941 4688 7251 1484 1888 5791 7452 1443 898 9211 252 1831 5539 1438 1167 2042 2661 5730 4805 1285 6116 6416 9643 5426 9446 6389 1651 9916 2092 1062 5292 190 472 8010 5086 4184 9343 3367 5040 125 7500 733 3549 5848 9036 916 9924 2609 4041 433 8221 6256 3507 8549 1482 1920 274 7144 1677 9500 9087 2611 3559 5487 2181 7253 2124 7617 535 4837 5561 3841 4046 5783 3821 4839 5165 5797 8358 3600 1706 3561 4998 7487 1045 4358 9555 1771 4005 3687 6 9016 9841 8703 8484 3443 8099 1899 9640
241 1867 3167 0 4757 9830 1837 4503 7072 2330 4388 243 3399 5625 5082 8320 7380 3304 206 5465 9013 1138 5833 5983 6010 8171 7493 9948 8093 5634 8826 4610 8687 1860 7304 2034 534 1799 3707 6456 5285 4419 3219 7955 1062 1076 6082 1800 7593 1728 3916 6660 3486 633 6776 2328 1243 9291 1895 9833 7876 5593 4964 6692 5038 2404 1728 5191 2850 7389 4794 27 4308 5660 4121 3725 5988 3915 1653 196 8623 2822 8711 9704 8893 3501 1659 9772 8590 3326 1431 9683 803 7451 3757 7569 9409 8882 5953 424 9194 4612 6295 8972 6032 9630 4174 4371 7822 2406 9277 3600 6612 1463 8323 6282 754 5196 2063 7021 9799 8880 5171 5153 3452 5986 6261 4358 8292 2955 5931 2592 291 3209 9261 6810 1376 7695 3808 68 4777 5188 9831 6910 4457 8217 7204 5997 910 9997 866 4483 5993 1482 6707 6991 2835 5619 8227 3112 4732 3104 6381 8576 1561 748 4937 3822 6672 4954 3617 4732 3545 1483 6158 6160 7041 9521 6531 6917 360 9686 9812 25 8937 6632 7754 2660 4133 9086 7788 7359 9239 9399 3228 4042 7770 1691 8554 2584
8261 8480 6569 4757 0 5522 9846 4967 7876 1356 1882 8936 2585 6194 4557 1037 6135 1767 6855 6059 749 7860 8034 8999 1485 4463 472 400 9173 3939 3370 1649 5990 1143 9989 3719 452 7907 8733 1518 8990 2963 7039 6939 4675 7811 573 5834 8549 2943 9435 8959 9249 7710 8532 4943 4252 9558 8272 5538 6847 7256 9133 7997 5720 1197 2419 1051 774 2028 1162 3047 7892 1356 5620 8950 7898 2233 7530 6535 9517 8227 2145 435 1326 5127 1261 1297 934 5957 8397 6597 1249 4159 1010 6931 4542 5467 3937 6443 8548 7909 8368 3354 8610 3269 5927 6729 7975 8750 8741 3290 6010 8464 3614 2885 6273 1045 9343 4163 477 1308 4840 3000 1759 952 4044 8662 3453 5868 6706 2860 106 2479 9261 262 1710 9356 4257 9716 6711 3267 6859 1308 9443 1273 8162 4840 366 1105 651 441 512 7714 150 2015 5867 9560 7168 8062 7191 8437 5971 4 4915 9614 4677 6256 1302 9453 6339 5809 7404 2991 8533 8872 8215 2378 1027 1396 9029 4145 2729 3600 512 1116 7894 2705 3326 6477 901 6682 8449 7381 3746 874 4902 2013 7238 1432
3281 9239 9011 9830 5522 0 3149 4828 6938 1641 8637 1755 9925 3280 2141 7816 6014 3117 6075 7054 682 7889 8742 6097 4917 7412 3781 445 8130 2829 662 342 7677 1278 6804 3053 2012 3631 6113 1016 4465 6875 6802 2980 3300 2761 3771 2766 6147 9027 7919 2315 693 1236 7679 4051 487 5025 5674 6239 6043 4556 7179 8686 608 3041 1435 7629 2031 2896 3075 283 9587 3895 3300 6244 6726 5537 9932 9657 7731 3224 3502 6504 5688 2504 7517 5819 4046 7082 4241 6732 7563 6516 6658 5090 7232 9085 3201 836 5767 932 2421 3253 1117 6179 5491 1106 9290 105 2161 3000 7753 7357 1856 1263 7282 6028 6816 7151 4256 6882 341 4625 7499 4898 4704 9802 2723 6021 2394 6427 3386 3187 7929 9855 464 6087 4008 3880 339 7517 6138 6183 7507 3584 7573 3252 3406 2201 413 8657 6916 8077 9940 2205 3340 2786 8648 354 3141 3029 1759 8105 125 4088 8820 9336 2863 9137 7304 2734 7968 1541 1018 1820 3309 8183 7625 3451 6842 252 1018 6698 6877 3921 5525 8444 8577 1029 6353 5120 7061 1075 7833 426 8105 2253 4785 6402
5064 9927 1525 1837 9846 3149 0 1435 3325 658 453 4171 5065 9601 68 9407 336 2048 1006 813 2844 1370 64 8858 1725 4039 8324 5253 6454 2782 7383 3948 5655 7477 3392 530 8368 367 4282 4981 6997 8424 4771 9197 1626 4972 913 7825 5650 4358 1468 4062 2467 2621 2646 6289 9426 5961 362 5394 4610 1678 7635 735 3668 3680 6811 3884 839 8397 7910 3439 377 4851 9378 3329 1253 7324 3163 9008 7390 7403 839 7279 430 4286 3098 7594 4166 7680 5530 2355 7797 3726 4932 3122 2106 6088 6443 251 5371 1782 1530 6253 8971 9043 5848 2294 5430 2678 1740 5553 4958 1830 3481 8707 9732 8622 9778 2922 4732 7521 6073 9156 8213 3559 335 8753 9957 613 5852 8031 6061 9462 7974 4448 9362 9535 6628 5246 6347 5846 3907 9795 2691 7024 9880 9716 880 3547 9237 6547 7388 8991 6657 8176 1494 7466 7311 409 6397 2377 8673 3918 3460 9092 6438 9054 696 6585 8890 4967 2882 5868 7247 7142 1276 2436 8861 1804 3227 9631 2049 6649 2365 4869 1808 4940 9986 6989 5139 7624 8588 2478 1397 1270 3372 5147 4402 4148
3227 4289 2930 4503 4967 4828 1435 0 7197 9232 3030 8303 864 2261 4188 8852 1844 8379 8812 6250 1362 9010 7640 7668 6100 3855 3235 8931 4118 770 3570 2522 3235 3294 1227 4090 3170 7459 1357 9430 2032 1952 9507 4345 6203 350 6318 2010 619 8847 3168 6493 8871 5244 4425 1581 1228 7457 7754 9081 2082 3239 9968 5858 1394 6260 216 6562 4209 7263 2056 8629 4469 2929 5172 8363 7508 1159 4361 2415 3038 4299 9699 3477 1940 9636 5962 580 4010 4316 3622 7680 1662 9423 5133 1249 2664 7136 6898 2593 9114 8960 2134 9794 5959 2508 7016 9664 400 5753 3020 5186 1635 9097 1351 2957 4329 9212 3656 2448 5549 7002 7045 6997 6990 1901 9515 5845 3987 4731 2531 1801 1580 908 4336 4402 9437 1496 4738 9937 481 6958 7531 5674 9118 1162 4102 9565 4189 9627 3229 6567 2154 505 9552 9471 8629 8413 5332 6595 6550 3489 7024 8360 7849 856 769 101 3747 9004 3126 8664 6315 3607 3184 8561 3518 5485 541 7854 2684 629 6903 1305 5085 7827 7354 3442 1252 1878 3071 150 385 2738 3884 5655 2047 1683 7125 963
5539 6350 7700 7072 7876 6938 3325 7197 0 9268 4126 8165 7748 9696 9174 5674 6049 2740 5695 9283 4714 7443 855 4879 3738 7735 8842 3694 1882 243 7942 3991 9242 380 2894 2371 7221 3791 3296 5942 9746 2159 4672 5275 1142 6121 5624 9759 6058 8154 2231 4028 4486 1917 8903 7577 8134 4802 1464 4253 6534 6211 5748 4774 1966 2942 9336 7153 8802 3909 2393 1716 7447 5373 2877 7915 9215 2945 6858 6807 4451 154 9488 6143 6523 5436 5565 9681 7913 5302 1548 2859 5998 3266 2238 5675 572 3895 2828 3712 9737 1888 303 8648 7593 7891 415 7332 8996 2282 6103 5843 8676 3342 7421 2247 6375 6998 6728 29 9693 6450 3396 972 30 513 3261 2335 9282 2777 3804 6919 815 397 1744 9396 6125 3398 2833 4797 4243 843 9754 2719 3321 4383 9190 671 4127 666 6506 4254 5070 3149 5386 1361 7892 6424 3881 3554 1501 5581 9608 9922 2680 5056 4733 8696 3586 252 8612 5850 6412 2666 3753 7998 3471 2369 9861 4851 9775 3282 811 5945 9923 3454 2021 7712 9105 5091 2047 2526 1753 9888 3407 4017 4790 3002 3275 3180
2359 4074 1521 2330 1356 1641 658 9232 9268 0 9641 6395 1352 979 3821 2305 8068 6068 8136 509 6318 3467 2958 2867 1470 2933 4983 3698 1131 6929 9228 7576 533 2894 5357 4638 4358 6339 4346 1998 6409 3294 9199 128 3281 3517 5751 4301 357 9452 6663 8269 3296 4871 8727 7017 4135 4576 4320 1806 1190 9448 5174 5538 7489 3458 1010 9808 3395 1697 7626 2542 8827 8569 4921 1853 1482 4046 9032 8359 3640 6582 8269 2619 5349 6886 2458 4649 4691 855 9355 4056 1554 9792 7469 5962 1044 2388 1384 7189 2283 8537 2234 3383 4494 9377 3645 5660 7210 7886 5466 1571 9027 8929 6208 4703 9659 1782 9047 8077 4661 672 2011 8092 5799 9201 7314 7315 7873 4691 341 3403 3574 8467 1902 7298 3136 6606 5346 9068 7758 9377 3907 411 3754 3141 609 7958 7038 9670 888 686 9419 521 1553 6827 8432 2865 3876 587 1109 6941 407 2475 9578 4515 7188 5342 5164 2475 5685 9432 4466 2213 7580 8914 2723 4600 364 8621 7757 7564 5878 2110 1862 7651 3024 6465 6979 8525 2960 9823 5917 2391 7749 4114 4717 1165 6249 8835
5878 1222 8170 4388 1882 8637 453 3030 4126 9641 0 2634 8563 4566 6250 648 1221 6692 9413 3261 7068 3588 6746 9640 128 2181 418 8778 1392 3995 8904 4110 5448 2973 3641 873 9118 9816 5959 966 5508 8182 1489 458 5606 3388 3014 2074 321 1949 3371 2568 4882 6080 8432 7059 7086 8361 7644 3884 7303 3529 7820 7339 4039 3182 8392 5368 5104 7312 1829 3852 9588 1907 3213 8244 3449 5829 1359 4670 751 2067 6434 2521 7571 5014 7112 9977 2861 1600 4233 3309 2065 5192 8407 9510 9632 7339 8114 5 1847 8381 2611 603 6871 3770 9260 2359 411 2490 9404 7038 3324 4829 3517 6454 3280 5631 1199 6559 479 6126 2407 985 1535 1292 2208 840 813 3609 4743 9732 9171 3220 4477 9187 664 630 4156 7207 3517 516 7759 8930 7540 1915 8235 7003 1764 5820 988 4083 5143 8744 7266 4763 7196 791 9817 7548 788 5108 2738 1830 460 7223 7832 810 1808 3166 3773 638 5841 3669 8505 9885 8261 6178 7372 5594 7675 8909 3334 8305 4378 9723 2003 7238 5027 9598 6603 5612 2186 7709 5072 2748 3030 1858 8842 8492
6891 7457 5879 243 8936 1755 4171 8303 8165 6395 2634 0 4046 4740 9120 3783 5283 5839 8354 2207 4960 2560 2035 9484 6791 3460 2273 7097 8122 9818 4435 5503 7850 7462 2885 6943 5510 2439 539 3970 597 161 7376 6324 3632 2380 8952 1515 2581 195 3757 280 5008 2699 3715 1999 5947 6901 679 501 545 8222 2301 230 7344 5826 2528 3889 4604 3684 1331 8299 2060 3635 9174 5014 3494 8855 8041 3 1541 3866 181 4145 2733 746 4906 8703 9612 5092 8194 8085 7086 3473 4425 2138 8265 9691 4846 1505 5449 299 5305 4108 8394 7034 7363 8052 9485 4355 7313 8997 1692 4822 2275 2373 8293 3343 5346 1895 8040 1325 3623 4905 9492 7820 222 5198 9006 3779 4295 5110 4438 1367 7770 4948 6356 1980 2537 7635 5507 5942 1085 7826 9771 7902 9520 201 1329 8361 4204 4267 8230 8372 7093 7984 3774 8404 3097 479 7852 7283 4176 3743 3743 4818 7882 4480 9483 510 195 8026 6243 4270 6493 1899 2245 3106 4329 5572 6493 4004 4389 8534 1911 660 619 1730 5551 2067 3642 7977 6591 9573 2191 6161 9314 263 5465 1298
1867 7162 5157 3399 2585 9925 5065 864 7748 1352 8563 4046 0 1932 4289 9915 1876 4831 3559 7642 3141 5235 7894 1579 6531 9825 4057 9278 3157 2529 1514 8652 1604 7468 4485 6896 6200 4875 6036 6716 9556 1582 1131 9519 9145 9912 8552 248 2120 9978 7315 5112 4468 8015 6372 2481 3103 2157 6905 525 8057 3053 924 7463 468 7650 3802 5699 4504 109 2912 4019 732 141 1909 1195 1333 820 290 773 1482 866 6587 9375 8220 5210 860 8380 4556 2771 219 3208 4981 5109 1753 1216 9374 6924 6848 6983 9369 293 9528 4692 3470 1364 1001 6750 280 6970 4570 9444 9858 6337 8853 8682 702 7678 9729 1299 8796 7467 2414 8633 6554 1591 9332 8336 3636 1811 3766 6455 4973 2956 1593 1899 2986 3024 1591 870 4764 8990 3800 9444 6985 6041 1167 764 6743 2447 4716 6538 6529 4948 5116 3596 3029 2140 9321 5715 1695 192 4974 6371 7851 9669 5027 9898 5143 2209 9023 6570 5946 1219 6394 5578 4742 2657 3073 8511 7443 242 7749 8668 2721 859 475 7417 5073 2929 7904 6508 797 3663 4428 9747 3253 6765 5294 8149
6430 9558 8488 5625 6194 3280 9601 2261 9696 979 4566 4740 1932 0 7803 6580 5981 8135 6061 3705 4748 3548 8250 1215 1303 6156 4213 4872 706 1979 4589 6073 3779 3037 4025 1743 4325 5332 2145 1304 4221 841 425 1047 5288 5823 798 225 5907 9228 4203 1811 2009 1992 6994 2420 6964 4352 8755 6306 9133 9298 990 1044 8160 4032 2193 8654 5480 4771 5430 3751 9566 2569 2009 8719 637 1749 585 7152 4045 3318 7420 7794 7259 2897 6958 5856 2428 1650 6708 1734 8147 6368 5417 3546 6145 8673 2831 6900 2284 9680 7083 9371 8903 4674 7689 9152 2729 7633 6797 8649 2936 4528 7384 3088 156 1541 5837 934 6532 5085 4115 2489 4783 4213 5016 7994 4540 4426 2800 4826 3910 3430 9531 2786 4880 3347 8292 1294 4720 8662 3814 6507 9440 2580 280 4943 7035 6231 587 9285 3129 2857 7764 9497 9361 674 6465 4372 4923 7731 477 6628 8320 6555 9372 150 812 8367 9054 1685 9620 6796 3647 2682 3158 6375 1190 8663 5671 3121 9326 3717 8432 182 8670 4124 9860 9224 3711 7587 9134 9561 4363 2457 1514 3456 7438 1916
2054 5291 7444 5082 4557 2141 68 4188 9174 3821 6250 9120 4289 7803 0 1397 3108 4913 8927 9095 5000 3774 9567 2885 138 9625 6425 7879 2221 1932 9186 9237 3443 9466 5639 9714 3513 5618 847 7591 4214 2698 1415 1618 4029 8595 7423 1428 3068 9992 3302 3816 7266 9158 826 7755 5550 1952 8505 1052 4851 448 4634 7114 1312 572 9075 8740 159 8823 3749 7645 5018 4394 2158 2926 9693 9627 1572 5644 8978 1695 9863 4542 8961 6308 2060 464 9271 946 2479 2243 1862 3017 8614 7116 4838 1815 2498 7222 5533 6729 3578 5728 2773 6532 2968 7863 8377 6530 2278 6842 1664 19 331 9236 336 6870 2434 7687 8213 3007 9538 9650 5709 4310 2642 5955 4947 8214 4957 1743 7629 9546 7679 4986 52 2884 3496 9907 6894 5971 9874 2182 3215 1092 13 4972 21 9296 4394 6514 7633 9909 9270 2331 1340 3990 1889 3864 2632 8934 3541 8972 2662 3671 3963 2883 2316 3667 5924 691 9937 7840 6332 8663 798 5197 5206 1124 8047 4937 4194 1427 2879 5273 2239 9556 3733 8323 2780 2070 8462 2669 8752 8157 9217 28 5183 6305
9460 717 8350 8320 1037 7816 9407 8852 5674 2305 648 3783 9915 6580 1397 0 132 1169 7098 3608 3260 7265 4077 929 5841 1840 4400 1232 7369 9073 7320 8225 6613 1290 8977 668 8364 789 6441 275 9164 9 5872 1359 5244 465 5052 3371 4351 8790 2486 2636 7522 4843 4274 4709 4768 1149 7969 337 1666 1343 1903 4385 6121 8834 3234 2419 4530 1212 6119 6884 9121 8682 3660 1463 2450 0 8325 5613 6517 8149 4399 6998 8636 4921 2179 6428 2270 1626 4865 2964 6293 8186 7505 7893 1602 3640 5653 6081 5622 9024 956 6117 7923 3712 3613 4617 5174 8713 9095 250 9358 8486 5921 1763 2804 2722 6720 2750 7292 4149 1871 7391 707 6732 127 4471 6235 6025 1388 4035 7363 9962 9965 6885 6438 8108 2419 5626 1106 5559 9758 2452 5824 3661 9405 3357 7703 448 9266 2423 2388 2045 1219 3632 3123 5895 2367 1262 9245 3202 257 1355 2922 1879 3828 3723 1568 5912 7635 9789 9068 4309 989 7997 3013 2687 3408 4101 5297 9026 795 8885 8149 4482 7696 9168 1226 1043 7876 3088 8808 8958 8355 4764 2431 132 1566 5095
5911 7025 6268 7380 6135 6014 336 1844 6049 8068 1221 5283 1876 5981 3108 132 0 937 6043 7692 9038 4621 6616 6463 9087 9097 1115 4221 7267 1316 8523 8158 7589 866 4507 1717 1194 9611 1346 6166 7767 1837 396 3502 1175 2309 12 9848 3147 5859 3872 6691 5119 2243 2024 6598 4615 1504 6821 7854 6442 519 9954 8563 5813 5914 7686 2265 1249 717 1990 8702 1903 4314 6416 6919 9021 635 600 7791 1094 2104 8095 5823 9728 5784 7443 3144 3263 7827 2903 6045 9084 2509 4462 1105 7421 2463 3419 3250 6899 3200 6138 8401 4811 13 7252 835 513 6415 9977 1430 986 6526 2130 4745 9567 4311 6713 2188 5898 4090 2248 2203 5312 1846 4842 4667 6780 6364 7075 6720 5691 9496 3527 5207 1189 6481 4643 7603 2407 3801 4601 4816 8383 1191 2770 6432 8190 7671 9864 6221 4048 2596 825 7673 792 7922 7550 3661 9597 8673 8055 6281 8512 1503 9676 6613 2708 4197 7043 9444 1653 2372 5962 5409 247 7432 3960 3929 6655 6633 6899 1311 8711 7957 5606 8298 5396 7414 4481 4933 9392 5605 1991 6355 8000 6426 3681 4043
7207 7918 4367 3304 1767 3117 2048 8379 2740 6068 6692 5839 4831 8135 4913 1169 937 0 3053 7358 376 2121 151 6342 6311 7401 4759 4409 2364 8227 581 4535 458 779 9875 6749 8249 4819 9709 9837 3278 392 3487 2318 9500 374 1605 565 6301 2856 7083 8885 3743 7131 5341 2185 2309 2417 2199 4157 7093 1070 4668 9333 2120 8755 8871 871 1235 7894 2735 8401 1474 443 5399 4450 8824 5390 6967 1629 5243 4922 9485 7059 8141 7181 2482 4377 527 5006 5186 5787 9737 4502 5505 3435 1110 4132 2011 9411 2446 2618 7890 8568 4713 4214 2615 9293 7487 5720 9751 837 5600 2040 7929 3348 4775 4027 7523 3139 3937 5253 6803 6751 551 1507 9203 6425 1828 5899 2459 8157 4150 8453 9598 4564 3029 1248 1620 820 4387 7119 6778 38 9778 6135 6494 7079 4658 8888 4798 7971 2722 3969 2373 1088 5318 3966 7911 3644 4100 215 1994 2615 6894 4024 7 7739 96 1100 6561 9366 7183 3238 6307 7107 6967 2702 567 7158 4045 4958 5347 5701 1886 4772 9829 1006 1841 7508 3936 2159 2826 9582 1354 6331 9098 3854 4625 6895
2183 2866 145 206 6855 6075 1006 8812 5695 8136 9413 8354 3559 6061 8927 7098 6043 3053 0 3155 6828 1482 8371 354 9239 9614 6299 780 5097 4955 1006 7196 1683 4140 2769 6000 2632 803 7512 6291 5775 7690 3153 6008 2665 4339 7398 6545 6477 5712 3186 426 9420 7927 3564 885 4258 7664 7288 38 8938 9323 3892 6343 8021 5829 5938 7465 2149 6170 4158 9885 9746 9373 8388 3052 6785 8482 2253 9097 5863 4724 3920 5115 9396 6030 9484 6135 1573 9077 8450 5351 7340 3450 3551 6061 8725 4448 9681 6771 2687 1219 9964 9838 2365 5956 4223 8420 6740 9776 8575 8690 2962 5153 9562 4772 1420 9721 2867 273 5383 9887 7976 7509 6040 5114 8358 5815 1837 1312 6496 5941 7671 5505 7047 3392 2325 3854 5377 3913 264 2175 7328 3575 4686 5701 9504 9957 4020 4506 6447 879 7520 1997 9994 4267 473 4146 3472 4374 9315 5222 4317 6300 6218 1018 4312 5950 1584 7403 4206 5386 243 8896 3630 1048 2876 5233 1477 1683 1749 9645 7585 9141 3706 8989 1508 6317 7566 1513 9919 4046 1452 3476 2293 843 973 9433 3324 2156
7668 8695 2614 5465 6059 7054 813 6250 9283 509 3261 2207 7642 3705 9095 3608 7692 7358 3155 0 3756 1566 9565 3374 3751 5195 5884 5544 9181 3274 3241 3464 8962 2182 5751 3965 4712 9581 2898 929 1604 4859 6866 5421 3863 7623 8969 431 5250 6031 2715 9537 2647 4284 2810 6759 2837 4197 4408 502 1062 4427 1107 9982 7709 6434 1157 6139 664 2083 7031 1902 6596 4139 4269 7020 8731 7976 1589 177 9223 5263 6636 5529 9393 5807 3308 7167 5741 2922 5936 8751 1479 6406 4152 142 9491 4523 3374 3656 5254 7414 1210 4183 413 1212 7576 5671 8255 5868 7818 8783 911 3250 8552 1436 9856 3632 5448 8944 7873 8331 2298 7920 2560 533 8274 6339 9334 1666 9768 6313 1935 1243 230 1026 6250 7143 1404 499 9092 5367 7662 1002 5692 420 9892 9277 3510 6144 5631 7036 8675 9185 5869 8750 8177 7768 5262 7511 8950 6794 2489 8597 8308 629 7919 841 9762 5730 4518 631 8791 2066 4541 9738 3573 5548 3144 9736 2845 3997 6131 8884 7324 6869 1637 617 5063 4770 271 5650 4738 2547 1803 9413 4613 3330 1408 943
4663 5068 5372 9013 749 682 2844 1362 4714 6318 7068 4960 3141 4748 5000 3260 9038 376 6828 3756 0 7685 9321 8838 943 1081 167 8434 5443 3171 8116 3800 9396 7843 4336 6613 9146 6144 8249 6454 1928 5624 2482 810 1713 2957 6684 6084 6947 8713 9716 6759 3285 9080 9416 8360 3953 8368 3897 3244 3951 8604 6987 8455 6776 3610 1294 4621 3590 253 3204 5338 7083 2067 4316 3346 3734 1485 7595 1664 1092 177 3974 596 4485 2647 2686 6938 8881 867 7521 2556 6980 6529 2180 5166 2386 1200 192 4669 4478 7448 8782 7808 8319 6958 3147 2254 9780 521 3353 3936 6941 4950 6958 6330 5813 8970 7566 6495 7967 9303 2390 6097 9478 4184 9361 6517 5875 2277 9461 2399 5 8282 1607 665 8948 3789 5966 9572 7405 1695 7233 3993 5778 1525 5975 2675 6426 7899 9345 1098 7138 6050 3063 1529 3683 1765 7461 2153 4768 9177 8870 9004 2002 4043 8381 9074 1746 5841 2893 8230 4197 5597 6047 3303 7514 1839 4326 8904 9638 8885 7070 4946 4408 5495 6461 9921 1101 994 5817 1773 5950 5379 7513 46 9933 2789 8508 3948
9570 600 6135 1138 7860 7889 1370 9010 7443 3467 3588 2560 5235 3548 3774 7265 4621 2121 1482 1566 7685 0 5313 2786 1680 6575 9688 3482 1067 3584 176 7472 3609 6463 2347 8639 5429 5589 8550 8431 2190 404 8366 1950 332 9539 5452 7368 5756 5156 7757 3806 8788 1365 4023 4279 7142 2127 3290 9002 468 454 3050 2306 7843 9 809 4841 1324 2847 1588 240 9665 4326 6321 4938 251 7154 9931 1936 8509 6778 7116 9960 2824 7755 5479 7091 3208 2041 6686 4138 611 9711 3550 6969 4750 8459 4295 5727 2121 7559 8851 1398 2018 3608 6380 66 3462 8289 6902 1937 5551 1398 5124 3494 7588 6870 2584 9934 9950 4873 9828 4760 9875 4444 3646 3086 6312 5910 9647 7084 2780 8329 3828 8656 8782 5493 5064 4693 4365 6776 8115 2078 8419 5984 309 8099 1088 9262 6924 6154 134 2616 2048 2644 4617 2457 5662 1565 5326 1031 1472 1024 8053 6542 2763 1647 1998 8418 3818 6942 8360 9905 2630 7977 513 13 7042 9624 5961 7924 1613 6447 2205 4542 6425 904 7784 1487 6371 9142 1435 5931 3652 1380 6983 7159 4457 9042
5501 897 2185 5833 8034 8742 64 7640 855 2958 6746 2035 7894 8250 9567 4077 6616 151 8371 9565 9321 5313 0 9432 465 1601 6305 4553 1894 4239 8061 7886 8837 275 1651 6190 1721 2820 9466 7339 2327 3491 7836 6065 7079 4815 1962 5215 3431 9968 4924 8760 5420 2426 1343 73 1376 6233 2512 636 546 9396 2611 9336 8553 8602 3414 254 9659 121 9257 448 2400 704 5880 515 7653 4789 9070 4532 1842 8358 1932 3977 1360 9963 7170 9952 4897 9083 4919 5711 2806 2338 1495 424 2374 9125 1415 5419 1117 109 7772 7415 626 3965 6597 3699 8943 6127 9761 5982 7663 3853 2336 3765 7178 3264 1809 322 5766 5507 3570 4421 4087 2828 3929 6485 6910 3141 5242 812 7357 3800 4032 8115 841 7532 8247 795 9402 7092 7728 659 6075 3576 3816 8287 6182 1897 9148 5617 3711 8864 6778 2549 8580 214 2015 3480 9240 2440 7256 4394 3427 83 6572 788 5049 6720 1829 2227 7851 8985 295 7573 8192 5636 4517 2243 375 1095 1173 561 5181 1120 3266 9143 8664 6277 2253 202 7862 1180 9209 5325 7216 371 1380 6455
5176 2438 1021 5983 8999 6097 8858 7668 4879 2867 9640 9484 1579 1215 2885 929 6463 6342 354 3374 8838 2786 9432 0 1410 1339 4824 3321 4020 4956 1045 7895 9935 9728 206 852 2283 268 1293 3765 6181 2408 6389 8718 9789 963 1319 3148 5936 6156 3135 9951 5195 912 194 6821 7734 7870 81 6882 3882 4329 4459 2161 2248 3531 3708 2318 7797 2786 5058 2234 9121 4026 2718 4397 6428 7052 404 2422 5806 3636 6571 1025 1620 345 5566 8449 9178 8901 6368 4531 3666 9364 7579 4570 2638 8893 1065 4544 8340 5617 6558 5925 3978 1511 2262 4736 4500 981 1826 2418 395 6505 8109 4170 724 1644 1308 1990 1758 9275 3251 3969 9975 9579 2500 1862 711 2618 9456 2460 9408 8724 6141 7694 7721 1500 8579 3391 6058 4782 7497 2695 4147 8147 1641 373 2808 7801 8127 3348 9882 6658 5990 7860 543 7324 5741 5402 915 8307 1617 2285 4712 7411 9283 453 6330 4026 7345 2781 1466 417 8334 2462 4768 1801 3267 1455 1656 8722 8919 2035 8719 9520 3225 8558 5416 9204 2737 8539 6410 462 4008 1630 6255 1656 2623 7295
9372 6986 2691 6010 1485 4917 1725 6100 3738 1470 128 6791 6531 1303 138 5841 9087 6311 9239 3751 943 1680 465 1410 0 5010 4785 8757 154 5123 7213 3738 673 3832 6018 2883 4134 592 9702 6569 1628 9667 2043 7556 3525 1297 2881 3427 5857 7889 4369 3828 4678 5515 6470 2680 1273 1347 5474 5641 1821 8548 9626 3567 1063 1467 462 6589 6079 6636 4073 186 6807 955 1141 4482 4572 8795 8202 1790 3779 2995 5971 2871 9553 4402 2813 9213 3526 726 6694 4287 7177 7139 7681 2078 5569 3938 2793 6907 8988 1382 5950 5357 1830 8814 7184 8424 2128 3220 1189 7218 9176 5342 4408 2733 8990 5187 3356 2604 3599 3602 539 6398 8713 561 7065 7313 8862 1969 1022 5831 6028 5689 6241 7132 2788 6460 7425 2362 9885 4374 8397 5073 1335 1989 9416 938 5910 680 9923 4467 8684 6295 2127 1397 8550 7536 9607 6356 8245 9504 4776 262 6835 969 941 2930 4757 7314 2236 748 6041 9526 8809 5491 3030 2996 3420 5399 6753 6771 4668 1568 2682 524 5999 9136 5274 2139 8727 4726 6731 5779 9695 3682 6998 9454 9155 1033
6000 2933 3316 8171 4463 7412 4039 3855 7735 2933 2181 3460 9825 6156 9625 1840 9097 7401 9614 5195 1081 6575 1601 1339 5010 0 892 3251 4548 3909 7096 5265 584 8935 8166 4467 552 4543 1071 7552 6603 3984 6458 88 5211 4840 7942 9298 2585 2784 9391 6730 2899 5389 188 401 9256 5497 173 6415 7455 9367 1434 5460 7299 7909 2374 6403 6641 3998 5382 151 9766 159 6004 3771 3224 9862 5201 2518 7855 4754 8652 9771 6244 294 8684 8007 715 1747 7848 851 4324 3661 2809 7168 1091 2237 9489 4737 7042 423 1288 2451 2097 4630 1170 9189 8267 4629 8569 3405 9180 6070 4753 3716 6363 4886 6789 5450 7778 9430 8591 5873 9489 9281 6463 9738 288 3876 7662 3165 7487 2700 9091 2476 2999 942 2096 3495 7774 8284 1365 7934 6245 8995 4697 8294 7846 4110 683 9920 5454 4257 2126 33 5374 9617 9283 387 6164 9435 4965 2654 4498 9965 6790 5992 7406 9651 2659 8481 7207 4769 8779 5259 5416 2073 5718 2336 5247 6288 8634 8329 4769 2446 6272 3474 1564 4208 4265 1267 3729 9980 1573 7230 1417 5831 2823 9856
3509 4086 9719 7493 472 3781 8324 3235 8842 4983 418 2273 4057 4213 6425 4400 1115 4759 6299 5884 167 9688 6305 4824 4785 892 0 6614 5251 3117 5496 1459 2509 4689 3519 1347 2320 5149 7578 4723 9832 2283 4662 8697 713 2561 1115 1115 4643 4995 2784 1418 996 8780 7050 9666 1812 9852 5363 4955 562 2829 6416 3531 428 485 4455 4773 5768 9015 6655 4698 7706 4684 6592 3325 1610 4180 9181 7164 3426 8728 1315 3836 1424 777 551 7742 9849 7444 7636 6932 1737 5677 5152 273 8661 6637 9208 951 3023 1474 8601 6205 2020 6230 2233 5962 7761 9871 2088 384 6542 2433 4996 2388 3184 4489 7720 6716 3710 3698 6619 8627 29 3595 7523 1401 9176 1292 6429 8285 2570 3834 7673 1760 8593 7429 7362 1081 9760 9217 371 6577 2982 3345 7749 7844 4465 6143 8771 7254 3219 5559 7485 1319 3401 4831 9433 6471 477 4256 2082 3796 5662 8547 7840 1004 1051 367 1662 7328 9956 5941 432 7216 4804 9277 5487 5627 9026 1593 7059 6445 3852 4165 161 2734 1636 3520 8303 9068 5295 244 2097 8891 2616 1998 7244 9461
9869 1406 2386 9948 400 445 5253 8931 3694 3698 8778 7097 9278 4872 7879 1232 4221 4409 780 5544 8434 3482 4553 3321 8757 3251 6614 0 4410 16 1394 826 3326 2013 5570 4209 9899 3593 7857 6602 4351 7279 484 4626 5785 2604 7127 8489 2703 8617 3163 3377 245 5534 537 3118 3352 6526 3620 6469 1787 3908 7836 1568 2546 6926 8289 3664 2305 3650 291 904 9055 7573 5110 3087 5583 6186 7945 8933 6256 8968 2828 8090 8517 5937 8665 9309 3666 6150 6214 5810 3898 9801 2138 4175 9045 7559 6515 6613 7055 7891 9872 6816 643 8283 6155 2480 2526 2753 6710 7830 5540 9926 9213 5029 2554 3070 7863 1941 807 8832 9045 869 5921 1715 5692 7946 7183 3069 7533 9453 5637 5227 5893 6398 9253 8171 4272 9276 1269 1807 2823 5663 9200 8374 8882 1016 457 9792 1708 6779 4728 9003 5834 9498 7828 4685 5423 856 7887 2799 8522 4064 561 8688 2173 7800 6161 5288 9285 5207 9352 6785 471 9547 3311 5407 7725 9459 4292 8704 6674 506 1856 4186 1071 8032 6446 5897 5760 2120 4910 871 3380 1838 8133 6754 3319 4550
9817 6462 1575 8093 9173 8130 6454 4118 1882 1131 1392 8122 3157 706 2221 7369 7267 2364 5097 9181 5443 1067 1894 4020 154 4548 5251 4410 0 1576 625 467 3128 3187 3814 4902 1121 2154 9564 5095 9121 8334 8836 1730 3328 8220 9977 8443 1604 8451 8200 1825 2745 2262 1404 1835 2598 6237 9389 3589 6298 745 8072 1009 9209 3556 1378 9526 2756 9755 3870 5871 5441 1881 1422 1324 3485 7715 4199 6793 416 8335 5178 3899 1083 4566 4319 1835 5733 1012 2505 6328 1310 2185 3705 8424 9292 1900 2563 8779 9547 7684 7734 756 7996 6111 8541 2235 1844 8263 9288 1874 5429 3140 1101 3804 8935 5501 3762 1655 3603 5059 7224 5639 6920 7956 8782 8378 2757 9322 775 380 6730 2757 7190 9564 9228 4580 7892 1199 4904 2072 157 2555 6437 8891 1627 7333 7753 8743 4639 6312 4542 3518 5824 4982 929 2825 644 2495 7945 5690 2968 2055 6405 1536 4971 9864 1640 3789 5089 7543 6457 4116 7625 1944 183 2602 9372 2715 6046 6428 5700 114 3929 4666 9983 1087 1288 6001 715 1243 2549 102 2422 7475 1436 6251 5297 1877
6784 2557 814 5634 3939 2829 2782 770 243 6929 3995 9818 2529 1979 1932 9073 1316 8227 4955 3274 3171 3584 4239 4956 5123 3909 3117 16 1576 0 4370 6371 1687 5445 3535 5586 5037 3686 9913 9146 3386 2240 6743 8519 8261 5169 6874 8227 2383 6937 8345 1551 9188 5696 5462 5720 2521 7681 4223 4391 659 590 1321 4208 1141 3793 5196 9144 3999 4912 6809 4175 6958 6859 1193 2478 9412 672 1960 3257 5409 1263 2904 4019 1152 3352 4510 2879 204 312 4181 517 1908 4735 4246 441 8609 7892 9448 3188 7422 7894 4762 5175 6962 1173 3312 4014 3429 3051 4007 979 280 7092 1638 4154 8246 3958 1253 1242 9165 606 3161 1527 7052 2984 7525 3398 4442 1128 2820 2434 1626 590 3175 8368 3135 6880 5925 3266 4730 8618 1322 2379 861 7329 397 4523 8174 4214 1416 46 9717 2942 4098 5332 579 2619 8937 8185 3430 8942 2813 4787 5232 6501 7493 2417 8189 9567 7805 2403 5977 5343 2964 9671 6102 832 3343 5639 1507 6951 2305 9049 1887 4141 6508 625 6266 6631 205 3537 5060 5486 6530 5476 8045 176 2677 6102
6798 9059 8130 8826 3370 662 7383 3570 7942 9228 8904 4435 1514 4589 9186 7320 8523 581 1006 3241 8116 176 8061 1045 7213 7096 5496 1394 625 4370 0 8809 2308 5605 233 451 2976 2577 5573 9346 624 5299 5405 1403 8955 5982 9088 5806 7388 2706 4952 6728 4254 5896 4314 462 7197 4709 3033 9292 6472 6047 3859 86 2401 5588 5460 158 9040 3558 2310 9399 1245 4920 362 5052 7243 4398 3167 818 6241 8156 3133 2151 1530 5205 4312 9238 1232 2081 4172 8879 4714 4342 6154 6004 8039 4622 2209 5000 3754 1871 5587 282 8042 947 2392 3517 6486 3226 1225 656 1999 5744 3953 767 515 7917 7417 3470 12 7406 9286 7581 2786 7407 7070 9330 4228 207 417 6296 5803 8999 9763 2747 236 2173 2444 1513 2597 8091 5722 7869 1056 6505 6681 6878 5327 5640 4546 4536 1391 2541 3997 2030 6554 2795 4576 9045 7779 5904 3321 2735 9944 5988 189 5364 139 3636 5890 2210 7238 9145 9358 133 7461 6128 6676 1145 2069 612 9383 2889 1100 1401 1267 6213 8808 4765 9801 8083 8132 8003 7471 416 7437 3715 7617 8005
1288 7868 8562 4610 1649 342 3948 2522 3991 7576 4110 5503 8652 6073 9237 8225 8158 4535 7196 3464 3800 7472 7886 7895 3738 5265 1459 826 467 6371 8809 0 8959 4095 5617 551 3155 7828 6344 6024 5094 1983 9220 2533 3341 8451 9032 9040 2110 4611 1248 6574 4427 5256 1702 6381 3034 1201 5028 5866 2939 7948 428 7338 2993 8156 8522 7237 866 4170 4076 4650 8528 2142 4295 6733 9195 4789 9765 7462 4279 2037 4138 3114 2094 5016 6665 5001 4705 3408 2899 9432 7158 5914 4357 7950 4828 1714 1227 4294 9208 188 8318 5949 4553 2022 852 7754 5098 8863 1201 7804 8339 3274 9608 3033 6132 5345 2663 1667 5328 7451 7490 4842 5683 2151 118 7871 4307 1092 5424 5741 679 7498 4456 2399 1048 5299 2035 1381 3917 8217 6675 3884 2963 88 6433 4882 9040 6002 4249 8531 6840 6414 5019 7929 3351 4101 7659 5417 7641 4055 1768 3232 8689 9506 3122 8624 31 1708 3889 8703 4954 3465 8263 1019 4307 1037 6023 5410 6624 9914 2441 7727 4506 3567 9889 3603 233 948 7893 4840 3136 306 6608 3415 5586 9125 1823 9671
196 1597 8436 8687 5990 7677 5655 3235 9242 533 5448 7850 1604 3779 3443 6613 7589 458 1683 8962 9396 3609 8837 9935 673 584 2509 3326 3128 1687 2308 8959 0 926 1205 5395 403 4619 1733 1503 7546 8798 9649 2963 3090 533 5048 547 2007 7191 2163 1058 5601 4561 5602 9873 2787 5197 9878 686 1628 9701 2628 1996 6590 8189 9013 3601 9868 6925 2109 3299 1956 3212 123 3106 3689 1871 6452 555 1615 289 756 6979 960 8007 3827 2852 2933 1678 4164 7920 6383 3469 8834 5667 4778 2939 5211 43 1518 8733 6179 1922 4222 1081 7214 7434 9769 4504 2474 9763 9352 5590 9885 1225 6111 4503 6707 8576 1332 9693 5575 7771 1857 3338 8146 7588 1761 766 1458 8475 7317 3720 9444 771 7056 4244 4928 1844 8110 7505 8037 782 3620 7167 5633 9734 3231 6118 9257 3062 9173 5180 7006 8863 3283 4190 4728 4801 1063 9805 6716 6789 6010 7921 8594 654 1099 5267 2323 7186 3754 6584 3794 5728 74 8883 9444 7093 4740 9189 2846 1115 3926 1035 2144 3028 8308 268 3864 9046 887 9890 2186 8034 3281 2451 3068 7950
8652 3579 4590 1860 1143 1278 7477 3294 380 2894 2973 7462 7468 3037 9466 1290 866 779 4140 2182 7843 6463 275 9728 3832 8935 4689 2013 3187 5445 5605 4095 926 0 7169 3716 5211 798 6706 6206 1011 6943 4132 7662 423 2862 8552 2945 9329 1156 29 79 9355 4745 2085 7381 7389 2366 7677 1367 4903 3726 8115 5831 1308 5282 8171 4597 8607 9026 5814 5377 285 9301 4124 3016 6601 1591 5986 9693 3839 357 4238 5512 6885 736 544 1051 7909 2714 8310 6811 479 3254 6639 3091 4373 4276 4777 9451 5995 4359 5413 1403 1788 6411 3707 6585 6635 4604 6647 8628 8151 6227 8497 2345 9641 66 3823 8398 401 345 5736 1189 9203 3093 7401 3318 5659 1065 752 1119 2607 4721 4302 9711 7194 1664 4011 9142 3956 8520 8980 8146 1245 2966 4487 4076 3470 2683 4540 7947 6801 8309 2362 6095 9713 6286 2416 3001 6148 6902 8455 5766 427 8883 4617 9218 8427 92 5204 4884 2510 632 5336 2430 1561 6910 7660 7108 4740 6375 9342 1057 3678 2205 6816 6252 2075 6694 2070 7528 6565 883 2547 7291 3319 9825 4486 5124
7421 5182 2930 7304 9989 6804 3392 1227 2894 5357 3641 2885 4485 4025 5639 8977 4507 9875 2769 5751 4336 2347 1651 206 6018 8166 3519 5570 3814 3535 233 5617 1205 7169 0 6871 3072 1301 4970 2622 597 8893 8437 3141 8870 4710 7125 5574 5301 5490 1278 5050 4094 1576 8427 1930 7122 4158 533 3078 6603 1798 3377 8234 6628 1010 8679 55 4629 603 1243 8659 5634 285 9297 5323 76 5012 6890 5225 4684 1502 3837 4297 6231 1575 3428 9796 1392 4127 1059 603 6252 3802 9117 6776 6320 7258 4962 4703 4408 4634 7082 8806 9874 4682 2473 3789 301 2870 9952 1459 5858 6782 2508 169 8531 1177 1987 4733 8917 2498 4499 9869 4323 6187 3361 3168 4630 6323 9429 7442 4227 7344 9792 4689 5340 6170 6487 4712 2129 8418 1805 437 5495 5485 61 10000 1837 8710 8588 1008 7304 7446 3180 933 1966 4102 8279 6857 5525 3411 5486 8071 401 3418 6624 1708 6020 1145 7730 9238 8774 6487 5329 9127 6599 3927 9250 3517 899 6350 5654 5045 3001 7999 2356 7122 4948 7093 7775 7769 8509 7139 5014 1792 9200 3415 1800 1065
5372 7148 48 2034 3719 3053 530 4090 2371 4638 873 6943 6896 1743 9714 668 1717 6749 6000 3965 6613 8639 6190 852 2883 4467 1347 4209 4902 5586 451 551 5395 3716 6871 0 2440 1728 7981 2450 2056 8595 2709 115 2683 6809 2722 4443 3425 1153 8741 170 4841 6235 3090 801 917 4048 2037 952 5964 9366 5543 6466 662 8236 1777 3727 2091 4119 7432 4114 3394 7000 820 4705 7355 1087 1985 2359 1478 1176 9903 6365 2685 398 5606 4747 1832 1028 2458 7320 3681 1423 5136 4501 235 1081 269 1717 4927 1256 3214 4969 3396 4309 2958 6806 4304 1383 891 6203 1397 3186 2852 7396 3581 630 6043 5910 4101 2268 9465 2474 3670 8475 7682 5038 8869 8430 7457 1265 5255 6279 2982 4497 3915 5148 7431 5512 4437 8295 69 3176 4515 3196 9439 7380 7034 9190 625 6271 6938 5113 1334 6265 9880 310 6383 621 3985 8646 6153 2665 6663 5853 9015 2854 4825 7679 9583 9059 1170 9671 9902 39 7699 9309 2245 9815 2262 5671 3909 518 8716 1227 8997 9498 4285 4612 1502 9892 554 1052 9871 2627 3209 6373 2125 5913
7042 3743 2731 534 452 2012 8368 3170 7221 4358 9118 5510 6200 4325 3513 8364 1194 8249 2632 4712 9146 5429 1721 2283 4134 552 2320 9899 1121 5037 2976 3155 403 5211 3072 2440 0 6501 975 3918 6247 5889 5211 4476 279 345 6382 4169 3373 1530 7255 8685 5312 2717 6794 4975 8045 953 3548 7103 4334 6268 1235 2978 2377 2450 5193 9117 3773 8680 2222 126 2922 6869 6126 1153 278 8741 1370 1742 5948 520 2507 7795 9433 7094 6203 7685 4872 8888 6791 6204 6707 744 6150 427 4190 3054 7902 1748 7867 5991 3647 5060 6057 3884 404 5801 2115 9329 1335 6974 1528 3122 6014 4401 337 6981 3018 5659 9873 3061 4882 9161 8314 7932 1338 9794 3637 9952 6686 4632 9385 538 9175 3517 3313 7776 3872 471 331 5234 9868 6686 8139 9968 4674 8772 7415 9980 8648 3507 8889 8761 1191 4292 1179 1997 940 9905 3600 9429 6438 9665 4781 9763 9452 7807 9543 2261 3667 5749 7342 2762 6399 8856 2768 9204 6140 7360 5499 4281 6980 2903 6994 4312 2620 2994 2120 1746 2629 2390 2905 1501 2203 3184 8474 5007 6691 2758
5501 1526 4523 1799 7907 3631 367 7459 3791 6339 9816 2439 4875 5332 5618 789 9611 4819 803 9581 6144 5589 2820 268 592 4543 5149 3593 2154 3686 2577 7828 4619 798 1301 1728 6501 0 8589 2181 7713 3292 3981 2239 3522 8671 283 716 4425 4438 5149 6793 9601 2003 3978 4007 2597 6990 4850 4511 6080 1803 6138 8019 1672 7046 5320 1080 5130 713 4585 3618 9948 9670 7596 5215 5357 278 4280 9318 3726 8579 5417 2388 2878 3831 9405 4984 5082 5426 369 926 6344 7807 7907 6138 9622 6600 3979 6931 4600 4461 3552 5749 9735 7528 5226 7913 1334 7660 5126 8222 2056 6284 3496 8517 4401 8465 1380 2485 2070 1654 9382 1314 7941 6391 1924 2384 957 3360 3880 5 1273 5857 3721 539 3899 819 1596 5759 2261 8565 8185 76 6688 6861 3606 7925 7296 626 4053 790 3627 7334 2084 5268 8882 3101 3284 7913 8277 7107 3990 3806 3228 1672 4284 6511 488 3382 3369 9511 498 4768 8168 9238 816 4250 6966 6127 9566 6944 3064 1956 3049 5808 9794 2010 1456 6121 8755 8603 4004 8809 5858 9576 6485 808 7381 3775
3701 804 683 3707 8733 6113 4282 1357 3296 4346 5959 539 6036 2145 847 6441 1346 9709 7512 2898 8249 8550 9466 1293 9702 1071 7578 7857 9564 9913 5573 6344 1733 6706 4970 7981 975 8589 0 6872 243 8486 7917 3887 5075 9745 8204 9565 9788 8565 5105 1944 4570 1725 8051 1433 1514 6030 3280 5545 779 7895 2649 4009 1095 7352 4151 3632 958 5543 9530 5053 3285 9043 7530 9422 1980 4405 3285 8303 6592 9337 8924 749 5359 2670 6666 4655 8570 1715 6971 5789 1446 922 7292 3789 4339 2924 2293 6637 8993 9189 2092 1546 3218 3770 5075 2859 9952 9666 5287 7007 8928 8056 7474 5884 4437 3200 6683 5056 9031 4826 4651 4325 4586 4639 815 7049 4834 4515 4506 8624 7146 4628 3453 3825 9371 1252 8183 6634 8634 5163 7581 8828 7977 2074 4222 2468 5560 3737 3479 9951 9401 5476 923 68 8863 2668 6102 1117 8441 8199 9398 3499 831 6950 7304 2311 1097 5459 2213 8518 3947 4533 174 9853 5367 2638 4899 4095 8603 9043 2374 454 547 8668 8933 3080 5045 5346 7607 9393 8268 7584 851 5989 5105 4929 153 7479
8207 8350 337 6456 1518 1016 4981 9430 5942 1998 966 3970 6716 1304 7591 275 6166 9837 6291 929 6454 8431 7339 3765 6569 7552 4723 6602 5095 9146 9346 6024 1503 6206 2622 2450 3918 2181 6872 0 1768 9672 4340 9061 2654 4700 782 2997 9180 1616 5051 5457 4095 2916 576 1011 4056 8557 8317 5777 1141 8286 634 9157 1997 7586 2178 6553 511 6917 2197 7876 2346 6095 6922 6758 7577 1018 7092 9125 5008 708 5078 9243 7743 5650 3971 7286 1911 2880 7923 3900 3088 9908 7742 495 8963 6538 6077 426 4481 6861 4970 1592 2414 4209 6418 7918 9985 7042 7917 3272 3396 8009 669 9588 9196 1501 6085 2198 537 6674 111 1911 7232 8886 586 9862 3527 6622 1622 6765 2936 6608 1546 5200 3179 5820 2642 7640 5290 2662 1960 3019 974 3606 7522 5202 3721 4744 2082 1025 2848 6655 7247 8298 844 664 4176 5360 3343 812 6249 3189 931 1303 384 4161 2250 268 6283 7220 5979 3113 9043 1656 6603 1222 9486 747 3212 3936 5570 3990 5008 8522 3421 8280 4415 3742 9255 2037 1517 769 1995 7111 8121 1841 4223 9338
2749 3951 8807 5285 8990 4465 6997 2032 9746 6409 5508 597 9556 4221 4214 9164 7767 3278 5775 1604 1928 2190 2327 6181 1628 6603 9832 4351 9121 3386 624 5094 7546 1011 597 2056 6247 7713 243 1768 0 3975 2266 3387 1492 6032 6253 6766 6450 4639 1636 8013 1359 2674 7283 8891 2936 3732 9931 1322 4908 9621 8854 1547 3332 4085 1754 8214 790 6646 3778 7942 6453 8090 1436 4723 7370 6508 9516 5415 4784 3196 2618 4504 3470 108 4222 8299 1625 9719 368 7663 7678 5740 5968 9595 3256 2420 9301 2911 7806 4824 7737 1906 7981 515 6420 4729 5091 8916 8072 3159 785 2147 9930 8614 1952 8361 3421 1134 8398 4752 7679 3332 4456 8489 9037 7367 7503 6721 1245 2895 4022 741 8700 7690 1951 7758 847 7122 9116 3331 5297 2897 4330 7460 5040 5594 6180 6383 3451 9828 8607 6136 5767 6056 8318 9268 3516 2332 7138 2139 1227 3790 5633 3407 5577 4017 9818 6529 7428 1366 408 8756 9035 9138 3995 419 7093 302 1662 4739 153 6768 5647 2425 3447 5494 574 9255 9016 5245 9270 1680 7567 8465 9056 5548 3522 6843
