200
0 4782 5248 1 6803 7268 3617 16 8627 4240 2816 3868 2579 5408 5830 7863 3024 1333 1599 6924 2051 443 9647 9832 6893 5372 6822 2383 8226 4764 7441 6728 1270 7898 993 7549 7470 6388 8166 5853 2039 1313 1791 1799 6475 5780 7024 4178 6103 2694 9423 2186 9331 7392 5018 3583 6447 8957 649 308 6457 5750 4087 4957 9558 6986 2429 2865 679 8563 2628 5447 9741 2608 8670 4956 878 7769 6481 5753 7858 7073 7814 1250 6279 4486 8166 6570 4509 4612 8099 9725 7622 2367 3550 2154 4531 2640 6490 5859 748 8487 1263 6765 8433 6946 5566 5160 4254 1488 3326 1246 9336 4380 2570 7324 197 4516 6411 3075 7871 6488 5648 1656 9463 1273 4301 1726 5382 3881 8259 3973 8864 4852 7925 9178 6805 4677 130 1867 8494 1909 5586 81 3514 796 2929 661 969 3622 1304 307 1552 1010 4398 739 5703 8162 4801 1879 4784 6030 5894 3000 1719 1025 7234 8198 9769 1950 2949 3681 9012 6777 1295 202 9667 9414 5380 9940 1669 3114 5826 5085 1282 2061 2043 1749 9152 7775 2750 8209 5211 9226 7881 1027 4555 2751 9335 3298
4782 0 5966 8202 1 7071 8397 5339 3425 6343 821 6145 9989 6395 3889 5747 2792 5818 177 3710 3408 170 3390 5990 5613 4738 7590 5805 9178 2087 3802 1366 2283 2526 6683 7895 4623 9642 3164 8741 8999 7265 3259 3982 2515 2531 104 5811 6582 5372 576 3888 9716 1067 8454 5244 177 7276 3264 2261 2780 2392 1220 5585 9166 1276 2196 5134 9112 5347 2413 4878 8314 6887 5036 7880 7977 8567 5121 5571 1893 1828 515 201 8445 6756 597 5410 2769 8887 7509 5747 969 8848 5701 9648 2325 4812 4267 6174 8434 1763 7343 4680 5228 5205 1786 3222 912 3614 6526 2616 2249 1595 6259 4930 3430 3983 4370 2799 7047 9384 1382 618 5776 8186 2783 5844 5508 8807 9864 8875 4180 6968 4749 1245 1588 3697 8831 3812 7434 8349 6804 670 2344 2486 5179 3959 5593 3370 3670 9423 3432 5653 5858 3524 5943 1732 8191 4145 5486 3075 5830 1053 2918 5680 6986 6548 3797 3639 5183 3865 6747 900 2355 1998 6123 4075 8554 9383 5411 805 8104 4825 1925 7224 1053 6325 5042 5060 5120 9055 7106 3192 3239 2366 6944 7296 7941 8694
5248 5966 0 2632 2462 6074 1071 5760 1695 2182 74 4370 5834 3404 8332 9277 5449 1706 9227 6327 2358 4684 1256 5633 7988 7382 6510 760 8230 6306 4309 4615 1304 4260 9863 6931 7757 87 1394 5808 547 6555 6511 2901 480 5264 2362 7755 6739 8074 1541 6490 9462 8521 3389 5795 1735 477 5777 5893 5603 7122 334 270 7842 3077 8417 6237 190 9420 6579 8049 835 430 7731 9537 2642 341 5324 1050 3647 1681 7958 1679 5554 9653 4515 8032 897 6710 41 2989 2390 2380 8183 6299 5580 6452 7368 3575 7397 479 8720 1165 1807 7317 3321 2726 7279 1416 1716 680 6972 5640 7284 1721 7839 7483 3487 3669 3769 8406 8809 5408 4730 8672 5225 6243 9154 6377 860 9286 4663 3927 8069 3517 2958 3733 2130 454 8237 594 5969 7233 9264 1225 8956 173 589 6675 4866 7477 5929 372 4697 8119 4837 8455 1640 7135 5351 5985 5916 3325 9259 7859 490 7163 5286 4801 6923 842 181 1747 7732 8552 3465 9815 3819 4347 1011 2430 3560 4701 9977 6199 5366 9216 1998 2597 7116 5395 3633 9860 5325 9132 472 4904 4555 8019
1 8202 2632 0 9304 5115 3274 9989 9567 2462 2066 1193 8087 8717 7178 8919 1888 9726 1189 1778 8746 777 11 7389 6828 2567 6463 3726 246 8057 2975 8069 8672 8111 2501 8791 3077 8480 75 9444 418 758 6178 7375 6675 3158 8302 8792 683 3901 2328 1466 8839 5448 892 4639 2227 5916 692 9634 1791 3646 8264 8181 8149 6521 6904 7461 4165 714 4857 2832 3445 9250 6018 9651 2804 4212 9048 7793 9168 264 9996 5446 9340 906 7282 9541 8312 7257 5523 7079 32 5651 8452 1321 9207 4054 6313 4471 7309 6870 6414 2891 6575 5493 2921 4317 119 5315 6102 5505 3910 8024 5344 5901 596 1898 9053 1400 2345 4403 617 3782 5069 4687 4303 6573 2158 1148 867 9087 220 9653 2174 4141 8434 3256 3412 9938 2822 8515 380 6500 659 45 573 1639 5029 2124 645 5864 9589 4613 5096 5024 463 6085 9612 7991 5702 8109 1506 471 7240 3524 9571 1680 4592 4676 5516 6105 4686 1315 4393 4168 4850 1443 9118 2038 7403 8850 3569 5780 963 231 8744 2713 7183 5628 4338 7068 9110 1420 8648 9934 1982 9118 4397 9386
6803 1 2462 9304 0 6328 6937 7091 2624 8384 9262 3590 4342 1821 5768 2994 9055 3225 3040 9403 6766 1000 4436 3132 293 8365 6747 1282 7245 4920 8771 8531 2889 9304 2499 6701 3435 2022 2210 5533 5959 5433 8882 4216 1005 4841 319 9799 5560 4575 9465 4694 9892 1209 2108 4085 8863 9691 9466 3169 227 6216 3658 2765 622 9689 5077 801 9010 4423 3607 5375 4344 4560 9650 3932 2232 4413 7452 3688 9180 1038 1975 1405 6025 9791 7961 7905 7048 9820 192 6177 4566 14 5500 5190 9445 5070 3227 8716 4207 1596 6682 241 2105 3349 2276 9782 8112 484 6860 5610 4679 7296 1165 2900 2477 2410 5178 2650 7482 2637 7379 4464 7759 3637 7650 9179 5792 1801 774 6680 7473 9114 6974 4870 9588 6803 7937 3287 7805 1321 267 5625 3294 2230 959 8959 9047 5142 4124 8779 6686 1622 9880 8721 3881 9883 399 8764 7092 4795 1360 2409 7587 5622 8798 2336 4718 7953 6718 3531 3719 7878 3604 8677 6136 7016 5714 9702 9560 9666 9876 3482 3048 3881 5871 6830 1568 2011 3720 2758 7704 3200 4398 8163 3633 1291 5374 7221
7268 7071 6074 5115 6328 0 8354 1506 9486 4575 6296 4950 2232 9929 2697 1838 1899 8310 4237 926 4531 5841 944 7859 4199 1051 7532 5609 5526 3433 8983 3648 2034 6348 4533 656 1186 5792 6006 4141 879 9183 1306 5973 7909 3518 4386 4001 7697 3735 5339 515 7714 4269 3263 8756 1695 610 6231 1087 2916 8352 4893 1624 1132 6147 0 1342 1335 3897 1589 7649 6039 7235 7583 5593 2070 9036 2286 2618 5986 8857 7599 6209 8371 5032 4084 8855 7191 2754 4556 5413 2952 2892 3928 836 9937 8801 8026 1044 6090 4969 231 4801 5491 6866 6062 1701 124 9697 2417 5450 6694 2447 662 2302 9686 8353 8890 2856 4363 9200 9488 2669 7799 282 6394 8867 9354 7322 6555 9792 8212 8155 5470 4181 2332 9918 4248 3248 3703 6672 8107 5355 9400 3405 1503 3115 9009 1933 3394 6098 3570 6277 1897 9701 5113 723 5758 4993 2202 2358 4357 8731 3752 6125 9740 3384 3710 7125 5906 7696 8700 5703 8486 2542 9355 7191 6575 1314 1863 844 1979 5205 8342 3704 416 3091 4049 8758 5295 5504 2018 6231 1579 2707 1412 1431 7808 7883
3617 8397 1071 3274 6937 8354 0 1452 8570 6291 8118 2444 1631 4384 9798 8331 938 8988 8632 5934 4248 9260 5239 878 6612 7784 9096 1228 7964 7000 3690 2428 8861 654 9826 9334 2727 700 4622 6569 8608 1164 5624 9879 7771 5409 1618 7226 2550 3749 9096 661 9891 2024 3105 6263 5618 1502 385 1984 4335 3426 181 1451 622 3074 2653 8290 3037 4333 208 2891 8320 4822 9342 2756 7548 3629 3792 851 9577 5590 8809 8627 7518 6046 9042 8471 5951 6596 5346 1991 9502 9932 6395 3151 3960 4589 9816 2261 9931 2148 7067 9518 3007 6618 2790 4911 5668 899 4663 97 8102 4825 8031 9038 4207 2434 4056 6952 9311 9673 1324 5985 2639 3890 9274 2124 6441 5905 416 6129 6595 5189 5189 7402 814 7996 7881 854 6065 266 685 1323 6021 1090 8919 1500 2108 1029 1136 5991 6501 3008 6879 2097 7009 5080 6804 2363 1652 7053 8937 8003 7035 5823 9991 4499 5999 6602 4018 4069 5888 5333 525 1297 6472 9034 2824 8333 3180 3585 8534 8449 9760 8538 6535 5836 2603 4042 1947 6190 4454 1527 2214 5184 5436 9158 7092 5541
16 5339 5760 9989 7091 1506 1452 0 4310 2741 394 1745 394 9289 4354 7287 3918 2237 291 5819 5958 4286 4587 3587 9405 502 1139 4183 7075 9062 8774 2181 9315 4261 1048 752 541 7017 4514 1657 8796 4101 1768 4067 4488 5571 659 5903 4687 8876 3662 5916 9557 6343 2699 1518 1721 7201 1924 2517 946 1877 7228 6685 7905 4976 2951 2954 4821 7907 5481 5996 5596 5512 3421 5386 5884 6063 4926 2439 8442 1531 4104 8210 7155 5130 6603 3023 6916 3281 5797 9574 7557 7859 3731 8700 7881 8984 2763 1658 533 1389 7147 5111 1708 5819 7454 7462 6686 5142 4939 7771 9658 5834 5633 8398 6779 4797 1340 5831 7485 8914 1266 64 6547 6906 2554 2985 5294 8920 363 2914 5072 7502 3971 1085 7379 7309 1606 6897 5811 3895 3765 9939 7816 4836 9209 1872 9998 5598 6599 1885 1247 8116 2477 7459 8960 8320 3096 953 8979 2426 6760 9565 6185 6276 2025 9056 8475 6466 6997 3997 7777 6774 9949 7896 4976 6074 4026 345 9883 2058 9359 3455 3594 5874 2911 8358 4902 2779 9814 7662 8243 3855 5133 2123 4793 8066 9985 8073
8627 3425 1695 9567 2624 9486 8570 4310 0 4778 6229 6584 7808 7578 859 5376 6109 969 9691 2879 8018 6202 5158 6799 2575 6644 5265 9673 8374 2125 7963 5349 4248 5281 5324 8084 1281 759 3454 4926 3111 8757 626 8017 2026 7350 5701 7605 6743 6522 3196 3956 6294 1572 9704 2455 3902 8559 4472 9052 9319 355 6524 7596 4247 6097 6499 1155 9421 4458 9089 88 978 6555 6977 7345 4458 2220 9702 9155 4397 563 1025 1865 2975 22 4954 2097 1417 5823 520 2598 4014 1861 2488 6194 6147 3348 105 48 5257 2655 8480 8726 1920 6959 2958 9003 6203 2957 2914 8561 3679 2631 4115 3889 6902 4051 6110 7783 5292 8210 3439 9750 6001 4160 113 8158 7876 8806 2057 2612 8364 8683 4414 3930 8680 6747 8318 5777 7960 6775 5393 7671 8405 3116 5672 270 1023 5962 201 2281 9604 7148 7826 7686 8837 3926 5821 7616 8567 7949 3773 2204 6296 2224 6572 4372 8176 7967 1650 782 1507 1044 1537 4686 6506 5138 3068 2589 3564 3316 7024 34 6989 1407 9028 3372 4586 4224 4974 2312 1712 5534 8082 9690 6471 7038 8780 7459
4240 6343 2182 2462 8384 4575 6291 2741 4778 0 1264 6045 2624 8180 5760 4855 3179 4092 9001 9382 7831 5145 3368 9158 9675 4032 7684 649 3813 5356 9726 2195 9314 1467 872 4143 7836 4921 7585 0 3230 2176 2396 3557 4519 4376 3557 8784 4507 2042 2913 566 7922 2804 8426 483 6087 9341 8629 6633 737 1010 7443 4308 2522 4631 5985 3922 3319 8652 8655 9790 4764 5203 36 830 8038 6471 400 5844 925 437 8617 6566 3451 4002 8005 7367 2603 5704 9701 2278 6248 325 6481 3684 8865 8505 7491 2934 8473 2598 7178 2459 5953 88 7290 2186 929 4442 8364 9605 6175 9192 7109 7876 5523 5414 1747 2489 3573 5132 7956 9800 494 1986 5228 2431 9512 6008 5424 7317 9977 7582 7900 6070 6759 1824 6849 5477 7238 9385 4811 2454 2050 8222 2177 6566 2102 755 330 3064 8059 4846 3943 1443 714 5429 8400 3374 1615 268 645 7389 5296 9600 1782 9937 8684 6349 3640 5965 5637 4301 1086 7730 388 4970 3393 9683 2988 6029 1458 1720 8885 1346 5007 1765 4562 5614 1478 7908 3237 3049 3759 1673 7053 1601 17 854
2816 821 74 2066 9262 6296 8118 394 6229 1264 0 1438 8950 734 6383 1625 3242 664 5476 9331 7 9814 2805 4429 6083 1191 1630 4748 1655 8379 9589 6658 3682 9820 5332 8226 6990 4960 1209 6562 3688 997 9017 4957 663 6605 8590 8496 7276 3125 4436 6336 32 6289 2973 5779 4554 9897 3929 8891 1799 9459 4465 2386 9463 1419 4470 5581 2791 417 132 6157 6372 2000 8789 6264 9804 649 9549 1853 2963 2403 2999 4336 6923 3802 2634 697 9874 4198 8329 7509 9702 1250 8592 537 7315 111 6430 119 6734 7209 1758 7073 8683 4561 4612 8582 7403 8790 1409 3800 7254 4537 5076 9460 9809 2118 6616 8532 5948 2756 4701 4858 4521 736 4111 8511 3282 4453 9716 9306 7709 524 7981 3207 4875 2182 3131 1255 2417 1200 3019 7260 3394 9092 660 6234 6578 3918 2907 2998 4001 8483 4093 2422 7138 1365 2768 2250 850 5383 2029 2263 9912 8327 67 4664 8451 6195 1629 47 632 5170 5947 1484 9980 3602 3369 6530 4870 5572 6251 234 6006 6517 822 9497 5312 7834 1964 1951 9817 7914 8789 6442 9897 5707 5207 8190
3868 6145 4370 1193 3590 4950 2444 1745 6584 6045 1438 0 1120 3863 7535 6844 6612 249 6933 8952 1819 7116 60 8658 1092 148 8771 954 3291 9095 2749 5590 9002 361 9261 5370 300 6768 8351 6256 8919 9048 5227 3460 3600 6702 6282 1088 4065 6550 978 1325 816 3852 6794 4006 779 1659 3533 5391 3734 1577 4877 7144 1238 8556 5327 8725 9766 9344 5176 8813 4741 5628 6385 4107 9953 4171 504 2341 5286 7096 9946 3011 5598 1812 958 3385 5758 5846 8304 2135 7837 2239 344 1931 4425 3334 9707 9013 3716 6380 8724 587 3512 1749 8615 8113 8753 6130 1567 7786 9072 8462 9972 3151 8172 7291 3438 9138 2936 9922 7982 4603 3241 1369 7502 6772 2811 9267 9439 6633 5567 7759 7605 5003 362 4440 2479 4070 9923 2847 1439 6960 639 6744 4228 9419 8386 5877 911 4194 1141 3913 6754 7823 6634 3037 4724 9977 2199 6341 942 4345 6864 6317 3810 5316 1597 4841 6651 3250 8493 6441 2379 2 6618 4697 7735 9804 6794 4294 4113 6185 8659 6583 3603 1036 414 4822 2160 4967 3837 3199 3121 5191 9836 6713 3095 8517
2579 9989 5834 8087 4342 2232 1631 394 7808 2624 8950 1120 0 3829 1549 8175 5000 8204 8201 6783 1903 9718 2996 7048 9563 9865 8514 9123 9298 2017 8340 4213 4660 9871 3880 698 870 5898 6554 322 3970 9889 7664 1969 6838 7080 2616 5444 924 8759 9933 220 7943 8667 1023 2568 1351 1695 1123 7761 319 1584 9616 7134 9145 8072 1094 2848 3679 3536 7397 8918 1690 674 3772 4693 5995 3538 5542 4433 2245 5061 1528 2410 9974 297 6944 9021 9890 7342 8565 9522 6465 262 5014 7565 7375 8368 2347 3528 6566 6650 208 1082 5767 5905 564 7067 9557 3800 443 2259 6695 1014 8565 8819 9872 9189 3473 4871 2416 9069 817 6374 7511 7862 1519 4971 1266 2243 4340 849 7733 6196 6542 94 6889 7780 1850 598 7856 721 3964 3170 507 5363 25 8757 9104 3673 569 5002 2071 8005 9232 5283 4333 8316 8552 9045 5414 5704 6797 1091 380 7983 8194 5184 2753 387 8526 8064 685 2337 3458 6750 3797 2638 5793 6455 7859 6426 4930 3763 807 7279 9846 1753 2067 395 3543 4730 7156 3718 931 6904 3343 2013 8563 9296
5408 6395 3404 8717 1821 9929 4384 9289 7578 8180 734 3863 3829 0 2635 7127 5211 1772 3663 290 2662 5868 9395 8122 856 911 3332 4352 496 2884 710 1169 6807 4173 486 4586 7240 4103 5299 6380 4288 9270 8187 5568 9947 6010 1084 2749 6737 9132 7300 5125 6280 567 2131 4014 3626 1845 9136 1561 3972 6592 3811 9007 7860 941 967 4376 931 7533 1922 8336 2777 5530 8228 3763 1228 2440 2742 5441 6946 1683 203 1444 9675 6735 3705 8369 2433 7983 5197 7411 8784 5112 582 9808 6164 1946 8046 1949 7232 4928 2224 7085 8275 8588 4506 5974 266 3564 7388 5816 5040 4549 3160 8561 1863 1560 7652 6802 7771 6905 3216 3780 9073 470 9609 8007 117 701 5178 5570 7928 2252 5111 8823 9895 5378 7939 221 303 1872 857 8466 9347 2060 6977 9346 862 9113 2077 5357 6776 9322 7383 3274 6322 42 3383 2884 9246 1219 3030 1661 1693 5404 5821 6195 2550 9765 9288 5376 5630 235 3074 9901 6576 8877 1412 7694 793 6991 5303 9427 6733 3412 3730 8914 8549 2252 2560 8353 7809 2276 9893 5833 3302 2630 1617 3810
5830 3889 8332 7178 5768 2697 9798 4354 859 5760 6383 7535 1549 2635 0 7710 2110 8092 4473 7844 1718 420 9286 7795 9602 6601 8526 8641 55 9380 3943 3946 7395 2776 547 3662 2473 980 8288 1348 303 1203 7174 7952 2534 9465 5539 2871 8144 9610 9630 7853 9636 6673 9010 3317 7696 7056 3963 906 6979 8278 3753 2375 1344 377 6684 608 1897 8478 8890 5229 6599 9302 7753 2434 1082 617 573 4097 4632 7643 5772 5301 7424 4563 3769 5794 1493 7759 7424 3800 4973 4798 4971 8440 6048 137 2804 4123 9573 9922 1824 4552 2627 9883 8912 2487 9841 3730 8820 8181 1911 2407 5633 4576 970 2150 6345 1677 1364 6132 5896 9395 930 3589 454 9718 4666 1366 783 2628 3992 7045 308 5789 5857 5443 7526 8422 2397 9400 5513 433 3415 579 1231 2072 7951 1052 1041 1711 5159 1418 1402 6661 6844 1169 8792 728 3794 4031 8289 4234 1777 4079 1483 2763 4618 4247 3288 448 3142 8347 9074 1661 5312 4616 6284 8044 1803 5044 8029 2688 1508 4752 6230 3743 2221 6469 9796 465 8584 8638 8139 1638 2831 5828 3181 8568
7863 5747 9277 8919 2994 1838 8331 7287 5376 4855 1625 6844 8175 7127 7710 0 6590 4838 9149 2293 1463 4965 5090 17 57 8267 2338 2861 1130 1230 8723 9221 106 3712 4649 6000 646 7695 2777 5087 5732 6093 323 9534 9240 9310 1832 1557 1389 3559 6099 2724 5692 7009 5073 1154 1405 8732 7441 7570 8139 8906 798 8494 3531 4831 1576 3026 2410 5211 4543 8221 2338 851 5202 7780 5690 6289 904 1050 8621 9357 3108 6643 129 2481 7030 2316 7347 8751 7863 1970 7390 479 5913 2613 5157 1758 1713 7589 826 5033 6267 1335 3367 7084 5504 5778 7591 6894 4994 3368 7106 5488 8357 9792 5141 5332 116 2617 6695 3269 7075 8265 2926 1458 6419 6284 4516 6278 8195 2375 4043 4630 3902 2594 3670 4223 5313 5720 5626 8015 1382 8694 4114 7120 6658 6322 6118 7621 8916 1482 9325 6517 5546 7887 599 694 4272 8184 4097 7017 130 3622 1438 5442 3869 8277 5493 5640 7398 6858 1509 9425 4054 4823 8263 2545 7571 4175 790 1650 6765 3276 9346 2512 4457 3743 8217 3809 5715 8577 9117 7707 5780 7054 8611 6701 3759 950
3024 2792 5449 1888 9055 1899 938 3918 6109 3179 3242 6612 5000 5211 2110 6590 0 2623 4230 3146 6729 8112 4090 1053 4384 1397 1556 4940 5894 8172 6380 6119 2234 6303 573 7188 7120 638 1442 5111 724 5050 2861 4294 9749 9219 5199 5343 6936 2220 8830 9609 1072 5159 3241 4723 1370 334 3946 56 3235 6147 2046 6927 5179 7122 4007 6537 9100 5719 9287 1456 9997 794 2216 8390 4552 8526 5460 6748 9307 2419 6147 624 6552 1367 6814 521 3978 300 4728 222 5941 2523 8235 8766 7064 4797 7651 2583 7836 3311 8427 9879 263 6777 6008 7395 4472 2052 1309 4229 1287 5349 1046 699 7966 7463 5152 686 8970 5565 1646 1426 6214 8594 9781 8969 9882 5749 2563 4618 3482 8237 8801 5754 3658 3984 4511 4293 5667 2370 6486 4018 5041 1804 6187 122 958 4478 2565 4284 1555 3611 5072 2057 6576 9282 5162 6352 6652 2308 2110 3084 8407 3881 9563 3519 4438 3399 4765 8613 6018 379 7937 4105 9647 1420 8915 3627 9858 2850 2487 6516 9194 4149 2773 2600 2232 2655 1655 8306 5124 9395 1381 5023 3312 989 8963 5910
1333 5818 1706 9726 3225 8310 8988 2237 969 4092 664 249 8204 1772 8092 4838 2623 0 4828 3390 7627 9812 9396 5541 4195 6200 2797 6138 4388 5816 8034 7653 7715 7712 9880 9917 779 5293 1117 3269 154 123 9270 4483 6356 9499 6614 305 9013 8326 7588 3214 7152 1861 2554 1572 6371 6791 9230 3040 6605 9813 4182 9060 1620 6964 7278 2873 1825 4011 1366 7633 5149 5384 5452 8030 5481 2084 2492 8633 826 5730 7053 5066 4693 1023 4365 2114 9129 6548 9759 4913 5505 1951 8440 2087 8363 7776 7007 2889 5645 1917 7055 9311 2586 3776 914 5173 6374 2240 3421 9616 749 8041 9396 1795 3835 8134 7999 3879 76 2707 1887 5714 8602 4615 7553 6746 4990 47 4249 9871 4941 2836 5390 249 9644 4941 631 9070 5444 2755 6222 8471 7495 1967 8387 8050 7048 6746 664 1186 7793 327 6811 2743 2534 7396 2059 693 9849 7115 7674 8199 9257 3858 771 3449 9717 3672 9054 9337 4556 5127 3580 393 9060 1642 7607 2506 3005 3714 406 698 509 2719 8918 2765 517 367 7238 9029 3650 8840 8386 7542 3964 878 9340 2442
1599 177 9227 1189 3040 4237 8632 291 9691 9001 5476 6933 8201 3663 4473 9149 4230 4828 0 8266 3940 6645 3987 7216 7125 5746 9938 2298 7819 2956 7455 8444 2218 1056 5271 6727 4956 9419 2975 4364 7993 9338 8704 4109 8952 4762 9429 9194 6190 8546 4799 715 1944 8562 7692 7493 6500 1006 5060 1933 3303 5455 6728 7212 2890 8470 3817 6081 2305 6725 188 5115 3755 5812 4408 3480 1420 2238 5285 4821 3458 6991 3743 6734 7733 772 2242 9518 1281 3429 9775 9253 6762 7037 9144 1778 6490 6588 5035 6950 1148 3015 2979 6381 9970 69 4066 5437 318 4283 732 7177 9595 4558 7283 814 6427 4450 8465 6669 7663 414 1989 8648 8402 2494 2355 7167 2826 3752 3980 8025 7451 6908 1660 4333 6122 8465 3148 5133 2662 9998 658 1785 1843 568 1223 6638 3598 560 7760 1578 7313 9987 8225 164 2001 481 102 1674 1699 8399 8013 8732 6011 896 1687 5181 8147 3536 1208 761 1369 947 7245 3923 6585 6803 9655 8032 4142 6737 3678 5321 5798 6123 9094 6281 137 4335 5133 620 1339 9510 1281 9620 8457 9974 2463 7979
6924 3710 6327 1778 9403 926 5934 5819 2879 9382 9331 8952 6783 290 7844 2293 3146 3390 8266 0 8710 2170 9736 3856 5278 3851 1239 8731 8026 5772 2534 4627 6367 8373 9028 564 5806 3797 1658 4097 951 5540 6830 7641 1810 5040 6257 3700 9412 9133 3437 1529 8576 8261 8435 4650 3477 9393 9950 4597 4379 3227 1766 924 3576 2038 9429 7928 3320 6481 4026 6981 7555 7982 1587 6510 2221 3921 4 8563 5527 1038 4327 457 2146 7422 6686 5775 7824 2483 3889 6345 3873 4323 1712 2071 37 8046 7164 4954 4238 2556 6815 7521 4135 6389 9718 354 6756 208 1852 1603 6539 8282 9865 3370 1270 7406 2500 6116 7174 2084 3218 9309 403 4982 8128 9569 49 5048 8449 5173 332 9429 9447 718 8724 147 1905 6672 8789 2785 7213 9186 25 3147 784 6622 5533 3484 5731 6725 3339 5474 9993 1850 1353 8316 7794 9407 4914 2535 2116 7265 5181 6672 409 3315 4004 2616 839 7246 6019 8494 5833 694 8626 1669 8877 5463 8883 7250 6987 8028 1845 6907 8888 7524 920 1430 5580 8111 7601 2077 7993 7291 6549 183 1672 5179
2051 3408 2358 8746 6766 4531 4248 5958 8018 7831 7 1819 1903 2662 1718 1463 6729 7627 3940 8710 0 5404 8531 7971 3663 5487 5028 7338 9646 4091 7349 4970 5314 221 5926 6828 1824 2378 4940 3953 5624 926 6791 9275 5088 7464 7110 4345 9325 4180 9236 613 2507 7671 4119 1130 8233 7612 1978 833 9000 7039 9525 7892 1109 2589 2523 5216 4944 1823 1584 9477 6988 8648 2814 7928 7734 2048 5266 8581 8871 3811 4272 8897 5343 2532 8497 2848 2324 9894 7467 9227 5767 8203 8550 6776 1366 7172 2108 737 3446 2446 3755 8305 9025 4907 3640 9381 1939 8024 6877 2482 105 3941 9098 6285 8512 8508 3178 1499 6127 4 4722 4665 4459 4795 7903 6425 1342 7571 2397 6834 5884 1909 9879 1591 7296 9051 995 4517 7049 446 5779 4534 5269 6910 2781 1697 2754 2514 7250 8484 8218 6211 2820 9682 8011 8201 5032 3311 7910 4710 1834 5413 1455 1225 6764 464 6732 8177 5540 3628 9228 138 2544 9143 4101 6531 9617 3841 4523 379 2608 5532 4943 3181 4871 5470 9112 9120 3409 2548 6483 6717 6520 9255 824 1703 6191 8697
443 170 4684 777 1000 5841 9260 4286 6202 5145 9814 7116 9718 5868 420 4965 8112 9812 6645 2170 5404 0 3023 3813 8612 5950 7615 990 9352 1058 245 5056 5709 186 1027 9166 2938 4705 6896 9205 2757 9277 9801 3037 1359 4571 5584 3568 6662 8412 6038 822 2634 4883 2818 5337 899 7847 6142 7434 8230 8787 915 7696 6724 2179 8949 9140 4171 6463 8132 2592 4631 7465 3011 4267 6227 9399 9574 9587 9714 3570 5483 5767 2420 4863 5658 3516 998 5493 8427 232 8489 2413 7503 8665 4378 6149 4870 6037 8284 6963 9602 7800 8240 5925 5847 2860 424 2361 9729 2086 2251 5709 1287 355 1117 8267 5589 9679 5457 4848 9045 1829 429 7169 3901 1453 2982 503 9857 7308 8267 6262 5284 5025 518 5761 9634 6568 9030 8231 1770 8020 1870 2432 165 1320 1310 8358 5669 1891 1560 7130 4831 5642 6437 6905 6313 4957 1813 2014 6791 9932 2813 3546 420 1116 4582 7646 7480 7447 4425 1956 6571 4884 6236 5181 8143 797 2536 7560 2754 5693 529 1723 2604 6137 4902 6607 4886 2021 9928 493 3097 5538 6660 5597 2907 4549
9647 3390 1256 11 4436 944 5239 4587 5158 3368 2805 60 2996 9395 9286 5090 4090 9396 3987 9736 8531 3023 0 1250 140 2297 9974 1891 7994 281 8628 7242 7573 8013 2173 8955 8611 3651 5631 2509 7754 4114 3041 7605 2393 7514 1812 1175 9342 4700 3032 7374 5834 1093 5152 9061 4648 1433 9883 3411 2719 7874 9762 3957 5672 6360 8117 180 8314 385 2406 8598 8798 5565 6666 1714 1299 9614 7666 732 4797 2677 8897 1739 2743 3652 9053 3552 8623 4227 1023 7010 3195 3743 5988 8866 6972 3355 8164 5497 149 7769 9779 2349 1541 7483 7691 6225 996 3798 3374 2280 1382 3994 4973 9209 1364 6542 2809 3718 3899 306 2667 7614 2693 2261 2686 3570 500 1902 7849 2906 7595 5744 869 7287 8859 5115 8836 2443 6552 9106 2272 2244 9994 1459 3329 5655 7408 4797 1469 1567 5478 6555 4115 185 8216 3473 9404 1056 4043 455 6306 2201 325 2041 7310 8157 4096 4503 592 6777 2796 1201 5166 9983 5404 1517 7488 6342 7232 2337 6399 9501 5676 4315 2572 4195 161 9436 9089 9071 7795 8779 1205 6562 6219 2294 6498 7891
9832 5990 5633 7389 3132 7859 878 3587 6799 9158 4429 8658 7048 8122 7795 17 1053 5541 7216 3856 7971 3813 1250 0 2278 6996 9419 1941 4313 3976 7120 4518 221 8978 6058 829 2256 623 9140 5099 5980 4575 9879 3536 6694 9593 1797 6025 4467 5180 4949 7680 2800 2773 3558 1217 3582 787 3127 2846 7014 1802 4921 541 5996 7386 7814 9779 9184 700 938 6099 9478 6673 9738 2330 2712 2941 655 2718 9913 3044 8732 4117 1484 7305 153 8505 71 4071 9212 7307 3255 2030 3643 3353 6509 7940 2331 920 6537 4888 5916 6359 5335 722 4085 7583 3553 2003 4685 9641 4029 1876 1202 7243 5932 2331 93 9344 7159 1660 5551 7366 4220 1772 3089 2605 727 7750 6523 662 6070 3716 6715 4907 1703 434 9217 9680 3989 3838 8326 2252 9977 467 4886 2414 562 2398 3019 7462 4694 1300 3663 1381 7535 3124 7946 3038 1011 6650 3770 2494 2020 2483 6236 2384 1624 6385 869 3135 7602 3735 8833 3661 6773 930 4275 3151 3811 4048 1123 4635 7954 1281 2861 1710 7659 7239 1321 336 3803 4392 7193 8976 2944 5127 7314 1904
6893 5613 7988 6828 293 4199 6612 9405 2575 9675 6083 1092 9563 856 9602 57 4384 4195 7125 5278 3663 8612 140 2278 0 18 1440 7762 4349 394 778 1594 6051 3391 9140 1031 7031 4030 6359 8485 3847 7111 303 4553 9474 8821 8620 2577 152 2327 2286 5246 127 4603 7738 8700 7759 2785 1748 369 3641 2231 9310 9776 8844 1493 2968 1098 8573 629 4372 1306 7286 3198 8366 3660 5710 513 2597 481 5284 859 3864 1060 609 2914 9501 7585 2648 1470 6580 5316 9905 9200 2626 206 9196 9249 3429 2788 7415 8515 9427 9612 1074 5568 9277 5458 9935 5623 144 7770 3888 6569 2856 3995 7325 4750 1579 3321 9782 396 8856 3471 5495 4709 2120 7535 2065 640 2148 5139 3416 7118 6580 1149 3443 3605 1187 5450 3169 3514 8987 4638 9661 1156 8163 1094 981 3071 7004 8996 3094 3415 3375 895 3788 7063 5642 6048 7092 5870 8447 7239 3972 4683 9405 6762 1608 6930 7957 7815 3566 9073 8001 5126 723 4598 1644 2582 8068 3309 2203 6216 5173 3108 5421 4368 3016 9079 6051 4857 7778 5184 7070 6512 1626 1173 7400 9478
5372 4738 7382 2567 8365 1051 7784 502 6644 4032 1191 148 9865 911 6601 8267 1397 6200 5746 3851 5487 5950 2297 6996 18 0 5193 4341 2501 495 8244 4169 4801 913 8335 2182 9194 2639 7726 2958 7415 2075 1567 8003 8794 8330 6882 6893 7798 5612 7385 5771 2611 5087 3410 635 7769 8646 9067 3404 6707 6482 276 5838 9447 1707 9484 2827 3341 5249 297 848 4944 970 3722 685 4835 4099 2544 90 8068 4445 1789 7797 2089 5989 6089 8572 1444 236 7866 3074 6945 4784 2033 7610 8744 4342 845 6644 6472 7909 3436 1993 3166 8196 9835 1391 6466 2329 3807 3175 9508 363 644 6054 7214 1022 879 6132 6285 1927 531 2864 2325 6166 4128 5953 9866 4559 9381 1890 5856 1392 7673 5797 147 9272 5961 5515 1589 9809 4039 8569 5926 1431 7088 5886 8593 9717 9538 3090 8373 436 9227 5476 7741 268 6688 7232 1553 8509 816 9429 8760 4030 7539 6345 4950 798 8969 215 4904 218 2185 2159 6998 6642 2868 8503 1181 4252 6713 6261 7688 8994 1079 9252 9853 4590 6832 9510 2516 9921 1517 8833 1785 6168 3796 4405
6822 7590 6510 6463 6747 7532 9096 1139 5265 7684 1630 8771 8514 3332 8526 2338 1556 2797 9938 1239 5028 7615 9974 9419 1440 5193 0 7092 5045 607 5713 1283 1059 7567 2779 3130 820 7534 323 5830 9640 2388 8861 85 6916 9295 2 5652 7211 5757 4706 3664 6034 8415 5682 9265 4651 105 495 1405 8800 8671 4172 1385 3950 4725 6240 4813 268 8918 2012 5805 1951 6400 6688 3579 7083 5335 1830 8164 2778 6686 5971 8511 1985 4507 1930 8740 3320 3633 6977 4986 3572 6114 2613 936 5198 2984 3525 4293 7544 7356 8525 6966 2073 2497 9548 7796 2164 912 9889 5983 8838 9110 5978 3718 8361 3693 3031 9350 8262 4675 8341 5821 456 6514 2730 9722 3335 4697 8594 5373 2291 7988 3953 8701 8098 3139 8314 2510 9342 877 8294 1447 7580 3790 2952 7591 9831 2969 6010 9066 7561 1083 6782 1658 8992 1457 2284 5145 158 8935 1692 4513 6657 79 3550 6276 5728 3839 1373 1392 4727 7220 1491 4874 3697 7338 3185 2470 1941 5042 4853 8987 2288 2605 6753 4578 2630 366 3155 2828 847 8674 4503 7287 3340 5871 4511 9234
2383 5805 760 3726 1282 5609 1228 4183 9673 649 4748 954 9123 4352 8641 2861 4940 6138 2298 8731 7338 990 1891 1941 7762 4341 7092 0 1003 9728 1113 1474 6996 3023 4850 2399 7204 1536 9595 9273 4485 6632 1271 4127 5182 4231 446 6504 7038 1772 6731 9650 6297 1650 7512 672 614 3423 2112 8560 9142 7767 952 5311 6198 8625 786 3265 4642 3098 2314 6092 8922 5457 4724 1578 4238 292 3419 1287 9584 3641 4348 7641 5389 1266 1883 5056 4575 638 7772 9282 3687 2804 821 9563 130 5073 1926 9103 6068 9513 2620 3463 5058 8978 5477 8629 8754 5081 5110 8187 1684 9843 2804 6939 1015 4021 6080 6834 9809 213 5740 4056 9649 9496 7269 5867 4810 7986 9109 6324 94 3947 8245 6702 726 4211 8345 4424 8532 6776 6033 3620 6239 5572 8561 7741 1240 5973 9623 1398 8529 2703 1581 4140 7048 3466 6062 600 6047 6312 6769 8052 7145 5723 8308 9716 6676 8011 2996 6069 292 3087 2177 6620 6907 9118 8126 6631 9137 3792 9733 2820 4875 8965 9066 1790 3132 5748 4985 7643 3160 1211 4914 5322 8350 1523 2681 6671
8226 9178 8230 246 7245 5526 7964 7075 8374 3813 1655 3291 9298 496 55 1130 5894 4388 7819 8026 9646 9352 7994 4313 4349 2501 5045 1003 0 6921 6712 2500 8426 664 5837 9457 3016 4856 4337 831 4508 4231 2355 4040 4919 6787 1255 2453 373 6956 1224 5538 7963 4890 621 3866 485 759 9817 8877 7020 7687 9686 7868 3444 9414 898 3475 4070 1932 9961 7117 5474 7960 8092 5137 5196 31 7881 9886 2669 9605 1187 6371 2191 3904 2707 7025 5928 5466 8539 2513 9300 5054 7558 8765 1372 4314 6582 1033 9323 1327 9829 9252 8165 3487 6513 5584 7940 8788 4584 58 561 9680 9279 7290 616 9456 5232 4169 2115 6084 4315 3979 5489 7032 5817 2878 9744 5195 5670 2193 9098 7271 1679 3368 570 6602 5801 2428 2863 2222 4328 864 7557 88 8401 9925 5853 6825 7807 3716 2393 209 2526 8169 901 2719 6841 6649 281 3584 301 6928 4629 1994 9031 3095 8511 1418 892 5564 8460 5250 4325 7511 2034 8398 6443 4784 4021 6658 3225 6383 246 321 1675 7851 5606 2662 4337 9362 1296 1518 495 9939 7670 8710 5542 1203
4764 2087 6306 8057 4920 3433 7000 9062 2125 5356 8379 9095 2017 2884 9380 1230 8172 5816 2956 5772 4091 1058 281 3976 394 495 607 9728 6921 0 6304 8228 8470 2092 1190 5287 7423 2461 3188 144 794 3160 7041 6581 873 1207 7919 3158 2066 5263 5654 3170 7428 395 8077 6306 1682 8553 6888 7846 6186 2860 8677 7316 8329 5359 5943 4300 1440 1519 4619 3488 1109 448 6888 4234 3121 1429 5225 5918 384 2179 3733 2092 9786 6862 3300 5677 4608 5518 6954 2614 1054 5039 3690 9852 8466 3783 5421 6543 9221 9765 2457 9991 399 454 5127 7430 1682 1301 3140 639 619 6602 8950 4882 5279 5347 6549 4231 295 8926 9082 1722 8274 7788 8477 758 7839 2663 2478 7372 6015 5392 1590 1772 1970 6702 7912 3034 9869 975 142 6593 154 2778 1061 3004 5668 6813 4549 1722 3379 2 5271 6391 1971 681 4431 1365 1934 7415 6561 3663 5429 3834 3153 2582 3024 4895 8376 2110 3795 9994 4165 9818 7023 967 7230 6185 5456 1816 3237 7045 4703 6472 2646 6072 2587 4684 3058 4497 9996 1908 3416 3600 9988 8374 2138 4569
7441 3802 4309 2975 8771 8983 3690 8774 7963 9726 9589 2749 8340 710 3943 8723 6380 8034 7455 2534 7349 245 8628 7120 778 8244 5713 1113 6712 6304 0 3953 2353 7983 5561 7680 1502 9068 5285 770 6676 7827 676 2950 1298 9535 1696 262 1789 1463 9955 2359 3355 4243 6298 8061 222 5075 2663 5197 9270 8221 2273 5224 2380 9841 7299 2384 9653 3300 8227 6939 981 386 5843 1291 1656 3757 5108 1125 98 2443 4348 5588 1192 6643 2391 4950 6396 92 2009 2852 4765 5207 6790 2691 9570 6141 2856 7465 2331 443 587 2505 1891 5860 2520 4415 6834 4925 330 544 849 1101 1184 5073 587 6276 2875 9407 6450 1618 9811 7989 7082 811 5756 3112 469 9024 4407 6027 9519 5459 8689 2534 7282 4552 2185 7692 6392 312 2203 582 5886 882 1222 1194 4912 9570 9818 5300 2821 9639 2182 7226 1476 4075 2950 6236 9044 9585 2206 9154 6034 264 8039 2896 8393 7190 7402 1869 3899 8074 2995 4326 3561 9194 837 1613 6539 8355 7306 3982 6243 3783 1653 4528 395 8211 3372 2418 2317 6455 5252 1514 5497 5776 5589 2727
6728 1366 4615 8069 8531 3648 2428 2181 5349 2195 6658 5590 4213 1169 3946 9221 6119 7653 8444 4627 4970 5056 7242 4518 1594 4169 1283 1474 2500 8228 3953 0 6583 9150 1053 3694 5490 4268 2578 4994 5029 5814 4145 6464 9802 7508 8768 5083 2998 7556 378 6144 4968 632 9086 1644 5092 7903 3777 7867 9656 8049 5029 9637 5431 2518 1370 1046 8903 2364 2868 7593 744 6817 6634 520 6513 2816 8759 336 1550 7504 1377 7136 8920 6336 9217 7742 7722 8380 5116 3528 1416 4429 9871 2521 8599 1535 719 8000 3497 2326 489 7863 1025 8036 4058 2558 4725 769 4850 892 4789 7452 1121 647 7563 3176 5610 1740 7780 6219 4440 7467 6106 5165 3627 7964 583 9175 4648 4024 2683 2999 7607 4810 3185 1943 9129 2250 9635 2088 7263 5046 2790 886 1062 1840 4049 1528 3340 4226 8486 2941 9985 5300 3617 5513 33 460 2242 7198 8280 9110 7876 7397 6847 8306 9034 3237 7700 4844 9151 9590 7810 8681 4686 2405 1263 1709 4125 8073 8587 6727 2774 3596 847 9188 2064 7336 789 571 385 964 4291 8468 3252 4126 7738 7767
1270 2283 1304 8672 2889 2034 8861 9315 4248 9314 3682 9002 4660 6807 7395 106 2234 7715 2218 6367 5314 5709 7573 221 6051 4801 1059 6996 8426 8470 2353 6583 0 4806 1738 1142 6875 8036 5209 7435 8731 876 1034 967 4625 7101 4541 5954 4570 9047 7556 9354 7411 9262 9267 8766 9418 6276 3947 1098 2913 585 8495 9167 6914 2753 1131 3162 8272 5214 7920 3632 1545 7955 2595 5409 7818 5548 5974 8458 8375 8833 6292 7269 8759 5927 124 6615 6159 8535 9437 5717 7130 9740 897 8150 4825 307 9819 7396 8321 657 6020 4761 7253 3056 396 8588 6960 3611 7335 2304 323 9207 5794 3962 8797 9198 1606 142 3159 4735 1557 773 7999 6158 248 9051 4285 2927 5268 9331 5255 3698 9995 4605 8797 4878 9415 6032 5804 3333 9997 7552 3876 4224 5870 9769 7478 2231 6447 211 9257 5193 8210 8671 1526 3208 1304 7094 8010 8666 732 1244 4263 3509 1156 4207 8811 4667 8733 3518 3447 7407 3910 2388 8517 8300 2290 1414 913 6258 3977 8425 9416 8568 4998 9755 7471 1454 4607 334 3273 8688 3205 6063 7173 7745 3112 7031
7898 2526 4260 8111 9304 6348 654 4261 5281 1467 9820 361 9871 4173 2776 3712 6303 7712 1056 8373 221 186 8013 8978 3391 913 7567 3023 664 2092 7983 9150 4806 0 3698 2361 2746 5934 8532 9408 1713 8261 8440 6253 1632 4267 8018 5982 4041 3000 2740 7447 2676 9795 3546 1366 5130 343 5682 5045 5904 457 407 6036 3094 9119 7769 3126 7630 5214 5676 9085 8313 5280 1247 4843 1222 2909 1039 8986 5011 8543 4530 4386 3546 448 4620 2209 3998 5955 7756 3255 8320 3727 777 7726 4399 9175 1492 7632 8424 8017 4347 9836 3243 5813 6531 2554 4648 7553 1240 5203 4291 2251 296 2280 4133 3825 4227 4446 1676 9429 1460 1057 9385 9618 1336 5715 2081 7460 8321 5621 5320 8646 4574 9880 1321 7124 3235 2169 4788 6855 4799 8784 7498 70 5279 9881 9355 265 9139 6795 1302 3819 6352 8395 5582 4408 5465 2796 310 6555 7062 7524 2181 4446 5159 3531 265 4724 1838 4396 9101 8579 5190 3744 8231 7646 7019 6605 1095 3028 2163 1718 1606 4398 6987 5206 7407 2611 243 2695 6862 2787 5653 3348 1184 9509 7369 2484
993 6683 9863 2501 2499 4533 9826 1048 5324 872 5332 9261 3880 486 547 4649 573 9880 5271 9028 5926 1027 2173 6058 9140 8335 2779 4850 5837 1190 5561 1053 1738 3698 0 3532 981 1033 8460 9161 3382 4975 4972 3547 125 3469 2665 9591 8999 5372 829 2117 2707 9437 3336 933 1327 8882 822 2187 7562 3905 6557 1924 235 6859 7527 8035 8623 9739 4842 8659 1139 4808 9480 573 1999 2569 7668 2859 1907 2459 5192 893 5169 949 5224 8052 9877 1184 5109 5462 6042 3772 2486 3605 5453 1884 269 937 5749 2816 458 3446 6982 9909 3407 4048 5004 7778 4953 5713 2601 8090 3524 2339 480 2276 7981 2309 3706 8686 8622 1350 9164 2376 4368 5773 8912 1546 5271 7196 6827 9184 1801 7762 9011 3481 1567 3965 2135 5613 9466 6064 2052 1438 1876 1525 528 7083 2726 3102 6019 9577 7032 1799 7816 1975 827 3311 6335 2448 8219 5019 5016 1306 9898 8827 710 5605 6522 2413 7482 8175 8628 5279 2096 1726 9868 8083 4811 4011 644 2316 4877 7061 9570 2840 9347 6950 1965 5540 960 2760 3202 6113 4110 2657 6894 6411
7549 7895 6931 8791 6701 656 9334 752 8084 4143 8226 5370 698 4586 3662 6000 7188 9917 6727 564 6828 9166 8955 829 1031 2182 3130 2399 9457 5287 7680 3694 1142 2361 3532 0 7462 3034 3961 6386 5231 3461 8025 7076 4658 2924 2547 8535 4329 6748 5490 377 3863 3012 871 6721 8487 4649 1031 2996 7581 9757 8900 7883 5790 332 6052 3127 8460 7320 3494 3464 8068 1425 2123 9383 9023 9731 1248 2036 8803 5178 3289 6031 6399 1211 7174 9502 5907 3999 1898 5376 5259 4804 9933 4498 6887 8315 337 473 9344 5372 2933 3761 4696 6469 4110 4128 7666 3895 758 2840 1380 4156 181 5861 800 8028 5419 7306 352 8646 2685 7229 4279 2098 1611 6629 7426 319 4380 8020 5095 9290 264 5881 3818 961 6827 7140 3829 27 6378 8956 9981 3764 208 7670 2716 3796 4374 8586 6785 4217 2720 7423 8284 9057 8433 7739 7798 8544 5845 146 6157 6450 9261 9721 4488 1981 7466 8356 2418 9434 7701 2804 1424 6248 4919 6462 8278 927 7993 1215 7992 3194 6535 912 1066 5432 5152 4570 8976 9383 8345 7897 2585 6543 9103 1183
7470 4623 7757 3077 3435 1186 2727 541 1281 7836 6990 300 870 7240 2473 646 7120 779 4956 5806 1824 2938 8611 2256 7031 9194 820 7204 3016 7423 1502 5490 6875 2746 981 7462 0 4947 6956 5138 4012 5442 3707 8143 9793 8678 4524 3229 6507 295 1402 4758 4185 7686 2236 8215 1051 8492 8494 7068 1030 9772 8955 8881 4135 6330 7893 6828 1342 3793 5103 1927 2293 9985 5176 6635 9144 8042 3525 447 3820 4693 6779 4316 3632 279 7479 1686 1600 833 8906 7992 3785 4106 5113 5718 6242 32 55 79 3729 8747 7105 670 4430 3277 3859 3517 4508 1049 4609 9169 7840 2749 7425 5694 8864 1743 303 8043 5037 4453 2206 3192 7629 4612 6325 6607 2437 3966 6310 5174 304 8652 5572 1180 6108 1463 4575 5374 2510 6842 6497 5417 1948 111 2589 9860 8794 621 9555 3092 4841 1938 416 8215 8808 603 9649 5136 5272 8943 4005 1904 4232 6951 2988 804 3278 553 2902 210 9703 1116 664 5878 957 9343 8205 6086 8127 1739 9055 6358 4140 5103 272 5046 4312 6574 1818 5364 6675 2450 5613 3887 9204 4620 4738 5094
6388 9642 87 8480 2022 5792 700 7017 759 4921 4960 6768 5898 4103 980 7695 638 5293 9419 3797 2378 4705 3651 623 4030 2639 7534 1536 4856 2461 9068 4268 8036 5934 1033 3034 4947 0 2801 8337 62 9737 9881 182 9033 907 7996 2605 3586 1855 2173 2363 7585 4058 2592 9577 8375 4515 8610 9895 5045 3279 6974 6945 7354 4593 8105 2422 6739 7266 5640 7167 9112 9635 1465 1449 8665 7703 9163 1589 7739 7329 7573 1655 5842 894 6465 2975 8204 951 1879 4480 594 5435 5382 6657 2457 171 5358 8929 9138 1911 9273 362 4468 8450 7091 5835 9372 1911 355 1141 1707 6338 6555 2618 7648 1173 3703 8540 7387 3487 4324 8404 4329 1808 8785 3452 7159 1927 6704 7856 5449 1898 9572 8839 7169 8369 4230 1841 62 8666 3935 719 500 3030 8861 6258 8674 875 6058 532 9467 8780 2070 8756 1084 9764 5123 558 5361 4428 4887 5510 6981 3709 8850 4870 7397 5806 8700 575 3994 3055 3468 6686 217 2553 8469 8448 4982 8032 2194 3086 961 6818 3051 7219 6097 1137 2201 8497 522 2060 7966 3020 5403 9451 9663 2614
8166 3164 1394 75 2210 6006 4622 4514 3454 7585 1209 8351 6554 5299 8288 2777 1442 1117 2975 1658 4940 6896 5631 9140 6359 7726 323 9595 4337 3188 5285 2578 5209 8532 8460 3961 6956 2801 0 4084 161 332 2254 2255 5171 4970 577 1939 6267 9536 3211 6921 1784 5157 5627 1283 749 5826 2616 2854 6377 426 6773 7279 4894 4578 2163 3000 8225 8042 5479 8162 5943 9546 5407 3147 8751 6261 9012 2269 9080 187 1043 2803 7091 1021 2672 929 1665 3759 6730 3249 1727 4312 7711 5628 7832 3011 8321 6543 3731 4651 7587 8807 3626 9348 4547 5431 6917 4347 7108 7279 1440 7942 8298 3366 3910 2927 1286 5608 1925 3033 4254 5721 3925 5790 2240 224 6939 3678 4689 5527 3068 4787 7710 8609 4497 8148 1089 901 2014 4941 536 2302 9960 8890 3675 9994 3715 5896 5946 2460 3154 9211 3613 1374 9779 215 6568 6013 4880 5441 8204 2605 4299 1854 4635 2674 41 5164 7772 6492 4298 6262 1659 3615 3217 6944 403 9832 5474 497 7530 7938 7732 1223 5744 6369 9413 9258 8316 3011 9978 217 6746 5294 2201 6526 5503 6051
5853 8741 5808 9444 5533 4141 6569 1657 4926 0 6562 6256 322 6380 1348 5087 5111 3269 4364 4097 3953 9205 2509 5099 8485 2958 5830 9273 831 144 770 4994 7435 9408 9161 6386 5138 8337 4084 0 84 8500 4017 8203 9198 1151 8269 2918 2318 8613 194 5220 6144 2754 6906 3525 3940 5188 5814 9610 8621 1653 9411 4902 3462 2580 4023 5569 6475 2462 1605 975 4277 5242 9575 6459 9459 3710 4044 5814 8151 2804 4660 3365 598 2002 2040 2229 6977 5637 7219 8125 9018 3712 6158 8182 2540 9430 1421 5444 538 832 9926 5241 5829 3377 8933 4291 9812 4594 5485 8758 4674 7981 5246 8523 3656 2526 9996 9822 5025 8929 4443 8056 1839 4686 8652 3966 323 2159 6756 5846 8795 9422 2686 2427 9860 8465 9445 5860 9247 8784 4242 9655 7098 4301 4468 8026 4529 4919 6230 3634 3466 4146 7323 4828 4526 7108 1178 1818 1809 5018 2125 7043 8803 151 353 9432 4659 1699 9135 313 3046 7652 4358 5443 7552 1853 2244 6044 1234 3410 4768 7831 8972 8699 4337 4099 9472 1945 7273 5874 9004 8741 5752 4326 8340 7809 4548 2293
2039 8999 547 418 5959 879 8608 8796 3111 3230 3688 8919 3970 4288 303 5732 724 154 7993 951 5624 2757 7754 5980 3847 7415 9640 4485 4508 794 6676 5029 8731 1713 3382 5231 4012 62 161 84 0 5375 1824 772 1250 159 963 2704 7428 1355 1873 3059 8247 7432 2922 3346 4 2087 6056 7025 6875 4063 3112 2649 6753 6647 2910 4959 9445 1039 4600 5916 7196 8072 5182 3396 6053 2283 6315 112 4942 1455 8170 9868 8896 4837 9558 3511 7622 1122 7608 6937 5581 398 2360 6636 5753 113 4144 980 1187 1556 7971 8171 5690 1182 3285 6129 5730 3012 359 9181 6602 1752 6160 2858 1041 4980 539 9920 5210 2572 4800 8771 5327 8580 6580 2280 1493 705 7130 2345 1633 5887 911 3812 3376 4508 5748 1558 9366 6586 5760 7168 5317 6563 2056 2000 7265 4833 1487 6960 4838 4313 5426 8971 1050 8458 7082 4481 6757 6173 7364 4827 5077 5571 661 1127 1159 3433 2003 2817 4499 1935 1992 5319 9995 8115 1447 5846 1175 1541 1068 1078 1655 2787 2315 4449 3716 1222 3066 2880 3120 9458 1976 7463 4026 355 340 921
