50
0 1965 1373 5718 3213 7072 8970 3697 2074 4626 1911 1080 3035 1640 9008 8515 8487 9462 9386 1716 6979 7805 9734 527 6475 5643 1193 7747 8757 2903 6087 1226 1041 6996 4388 2381 7229 1859 5018 5982 8516 3592 6497 2293 658 7530 8764 9033 863 7416
1965 0 9059 5862 877 5408 1188 8769 5347 2454 6244 31 9033 882 3748 4089 1210 144 7038 6079 9747 3050 6232 703 1450 212 5630 6433 7086 1394 3673 9702 881 5883 1735 7588 1811 2067 7706 4430 9140 2346 35 2542 5269 4905 3033 1808 238 7251
1373 9059 0 5195 8475 2025 3038 7367 3864 1161 2426 9172 517 5611 4555 1171 628 9923 4042 4690 3365 6336 379 6041 4319 7581 5423 7480 7945 4573 8881 40 576 3529 8595 3653 2198 3109 1513 5215 6613 4733 9452 2562 9989 8404 8249 901 4346 3475
5718 5862 5195 0 2104 4619 4839 5346 5695 6143 9969 3042 6492 8150 467 2331 7533 3291 7241 8078 4779 2868 8090 3856 1563 6509 4863 6300 8264 4270 1918 6234 287 1129 7860 9704 1153 9919 4532 7169 1404 6955 8573 992 1334 2810 3518 5168 2863 4192
3213 877 8475 2104 0 1598 491 9604 6987 5493 3237 9402 8858 4148 1056 452 62 1306 4267 2430 8484 9955 7843 2059 8141 636 9617 8078 9318 5301 91 5128 7758 8211 2410 9975 9752 1403 8064 9292 7979 442 5131 8213 5176 1608 9124 7363 7401 4700
7072 5408 2025 4619 1598 0 3707 8768 9475 6846 8866 533 276 8222 588 3680 6752 3805 8685 8036 5084 1583 4470 3122 1330 1473 329 497 3043 175 7221 5387 4369 2033 5751 1784 9804 2176 5071 3212 8786 3820 3299 8533 8704 4344 4065 7944 283 2147
8970 1188 3038 4839 491 3707 0 6173 2102 4810 9128 5490 5257 9689 1369 8914 4651 1919 5162 663 4747 9959 5106 4896 5379 9463 4610 2883 1025 9889 5218 8792 1333 6535 4781 8055 6003 283 5336 1902 6692 2903 9429 551 4484 7286 8043 5623 4891 2370
3697 8769 7367 5346 9604 8768 6173 0 5945 7835 6732 9875 2367 8877 6997 6323 272 6239 7205 2331 2135 1529 9926 224 67 830 5600 9684 9087 5626 5217 9483 2325 6200 3393 5468 1111 5935 3849 7399 892 9870 6363 6674 2521 655 8198 9698 626 5911
2074 5347 3864 5695 6987 9475 2102 5945 0 3383 7243 3154 7415 392 2107 2560 5023 7763 1254 9425 9463 3596 7659 9931 9128 465 1223 5148 4826 2580 5579 6670 8429 5652 9636 848 6623 5550 7358 8266 9747 3734 6338 4131 411 7774 1626 6566 1334 1916
4626 2454 1161 6143 5493 6846 4810 7835 3383 0 6410 324 2629 2770 616 492 4516 5661 1423 7522 2787 6262 7486 1177 9015 5315 3089 6100 9220 3134 4651 9832 5820 7770 7899 3159 4724 7241 7715 2883 1893 5820 9361 7247 7514 67 7020 3234 6568 588
1911 6244 2426 9969 3237 8866 9128 6732 7243 6410 0 4557 8724 45 2482 2790 6667 4113 153 25 382 7465 2609 1906 5968 6243 7818 504 1537 4645 5626 4699 7845 9885 6422 3937 2961 1990 9281 849 9802 373 3361 7443 7990 3243 5879 9860 3545 6302
1080 31 9172 3042 9402 533 5490 9875 3154 324 4557 0 5050 1381 1038 8350 6445 908 7810 7930 8510 7364 2167 1143 5846 1649 5565 1211 8611 1426 7679 8241 8883 6464 4016 4054 1100 6875 3644 8722 7278 2096 5585 2146 2424 7837 2866 601 8547 3613
3035 9033 517 6492 8858 276 5257 2367 7415 2629 8724 5050 0 151 6353 4741 9611 9716 7573 7940 4518 1424 4739 3147 716 9693 3900 6016 2056 6396 407 6788 4625 7753 2956 7856 9583 2025 9073 353 9696 9282 9799 8804 1602 3685 9186 4859 3820 2161
1640 882 5611 8150 4148 8222 9689 8877 392 2770 45 1381 151 0 4230 3245 8768 4427 2848 6858 8021 377 1988 5572 9574 5827 2553 1808 3298 9057 1198 1503 9740 4222 1705 5236 7711 6315 7827 9076 3313 1274 5782 975 8874 8448 1681 8855 6108 7250
9008 3748 4555 467 1056 588 1369 6997 2107 616 2482 1038 6353 4230 0 7521 3445 7139 1860 8101 5114 1919 5322 6716 6775 9262 6435 4866 8130 2722 5448 1984 8447 9970 5944 3071 9058 258 3008 4650 5138 2776 1596 3294 7747 2323 5231 9633 2933 1733
8515 4089 1171 2331 452 3680 8914 6323 2560 492 2790 8350 4741 3245 7521 0 588 4782 1553 6022 1810 5583 838 3052 9541 6491 2686 5573 9769 9532 2234 2154 4324 1393 2957 5075 5321 3647 5134 7362 5213 929 6492 1001 6733 1504 1370 8867 5545 1370
8487 1210 628 7533 62 6752 4651 272 5023 4516 6667 6445 9611 8768 3445 588 0 4504 2557 1819 3738 9373 385 9980 5799 5276 8664 5384 2259 3044 1888 4380 4476 3925 4823 5751 1630 1436 5251 9186 9986 2332 8672 7204 4249 5650 6448 1776 2191 9596
9462 144 9923 3291 1306 3805 1919 6239 7763 5661 4113 908 9716 4427 7139 4782 4504 0 6146 7351 5187 1868 7600 620 1275 3015 9272 2940 1835 6325 4695 1728 8930 4473 8542 5281 4448 3432 1990 9929 4179 4837 6461 624 2349 5780 9619 8945 5048 4989
9386 7038 4042 7241 4267 8685 5162 7205 1254 1423 153 7810 7573 2848 1860 1553 2557 6146 0 452 7722 3556 8904 5972 2253 9374 7529 3794 757 2889 1711 9489 3991 6100 1836 9339 8245 3047 8041 8275 41 3646 4907 8929 8064 4200 3643 4740 6824 8384
1716 6079 4690 8078 2430 8036 663 2331 9425 7522 25 7930 7940 6858 8101 6022 1819 7351 452 0 4712 2001 4306 2114 265 9702 2643 9599 7049 212 5352 5043 6141 6943 11 7197 3817 1179 7828 5241 5545 8145 2478 6153 6308 3342 1250 3598 4807 817
6979 9747 3365 4779 8484 5084 4747 2135 9463 2787 382 8510 4518 8021 5114 1810 3738 5187 7722 4712 0 37 8445 3221 4571 8220 9095 2957 9122 4878 2783 7716 883 7305 9157 6310 5354 3844 8696 6578 9633 8988 8571 2206 1715 246 8011 7878 8905 6917
7805 3050 6336 2868 9955 1583 9959 1529 3596 6262 7465 7364 1424 377 1919 5583 9373 1868 3556 2001 37 0 143 2322 4600 4636 9867 6791 6433 698 9343 4041 1084 158 2197 27 2429 930 7588 3195 9427 6114 4773 7163 1873 5045 4699 5112 3542 5782
9734 6232 379 8090 7843 4470 5106 9926 7659 7486 2609 2167 4739 1988 5322 838 385 7600 8904 4306 8445 143 0 8894 7622 5606 6842 6995 9641 8791 187 3812 9578 7309 1823 7096 261 2217 6853 7858 4074 3063 128 7063 2674 4714 967 8026 6188 8139
527 703 6041 3856 2059 3122 4896 224 9931 1177 1906 1143 3147 5572 6716 3052 9980 620 5972 2114 3221 2322 8894 0 1761 6247 5675 1051 7322 6618 4670 5114 6870 1918 7647 2588 619 9507 6854 5317 4583 6304 294 902 644 6396 9156 456 1085 9630
6475 1450 4319 1563 8141 1330 5379 67 9128 9015 5968 5846 716 9574 6775 9541 5799 1275 2253 265 4571 4600 7622 1761 0 2611 4481 3868 9249 9107 3613 9349 9488 380 5153 8453 7651 6219 8851 4075 4503 7146 5530 3399 8940 9982 1192 4351 8531 4829
5643 212 7581 6509 636 1473 9463 830 465 5315 6243 1649 9693 5827 9262 6491 5276 3015 9374 9702 8220 4636 5606 6247 2611 0 9639 6551 2621 9366 5528 1828 9549 9597 1749 5427 263 1156 5701 5302 3695 4846 9618 3894 8671 3072 6008 8882 8400 8945
1193 5630 5423 4863 9617 329 4610 5600 1223 3089 7818 5565 3900 2553 6435 2686 8664 9272 7529 2643 9095 9867 6842 5675 4481 9639 0 2792 8948 8994 3333 8731 2007 2380 844 4195 1998 8133 2837 3032 634 2247 1178 3193 4595 5285 431 6983 8118 3024
7747 6433 7480 6300 8078 497 2883 9684 5148 6100 504 1211 6016 1808 4866 5573 5384 2940 3794 9599 2957 6791 6995 1051 3868 6551 2792 0 8737 967 9511 5500 2598 4902 103 3890 4478 2036 1619 6337 7064 6117 8163 4858 6946 5678 8521 5445 3375 9262
8757 7086 7945 8264 9318 3043 1025 9087 4826 9220 1537 8611 2056 3298 8130 9769 2259 1835 757 7049 9122 6433 9641 7322 9249 2621 8948 8737 0 7193 8609 4088 5527 7544 2714 35 6054 1566 6835 5156 2237 265 6623 6099 2001 8345 1082 8577 4501 884
2903 1394 4573 4270 5301 175 9889 5626 2580 3134 4645 1426 6396 9057 2722 9532 3044 6325 2889 212 4878 698 8791 6618 9107 9366 8994 967 7193 0 4403 8230 33 8960 2002 2246 9624 2066 1439 6400 9709 9865 607 1060 1643 3974 8566 6559 2432 5255
6087 3673 8881 1918 91 7221 5218 5217 5579 4651 5626 7679 407 1198 5448 2234 1888 4695 1711 5352 2783 9343 187 4670 3613 5528 3333 9511 8609 4403 0 7272 825 3755 9081 8296 8619 1587 1365 6275 5228 137 7105 8641 8178 537 9621 7371 4363 7728
1226 9702 40 6234 5128 5387 8792 9483 6670 9832 4699 8241 6788 1503 1984 2154 4380 1728 9489 5043 7716 4041 3812 5114 9349 1828 8731 5500 4088 8230 7272 0 2675 2935 7681 6635 3579 3783 5682 7051 8699 7081 7862 3722 827 2222 1466 2544 3317 7997
1041 881 576 287 7758 4369 1333 2325 8429 5820 7845 8883 4625 9740 8447 4324 4476 8930 3991 6141 883 1084 9578 6870 9488 9549 2007 2598 5527 33 825 2675 0 2942 9330 9152 3311 615 8377 8875 8035 183 3088 2544 1069 1273 8492 6900 6104 7907
6996 5883 3529 1129 8211 2033 6535 6200 5652 7770 9885 6464 7753 4222 9970 1393 3925 4473 6100 6943 7305 158 7309 1918 380 9597 2380 4902 7544 8960 3755 2935 2942 0 4604 5504 3851 9819 217 50 5605 6962 3643 4904 503 3631 8979 318 3768 7643
4388 1735 8595 7860 2410 5751 4781 3393 9636 7899 6422 4016 2956 1705 5944 2957 4823 8542 1836 11 9157 2197 1823 7647 5153 1749 844 103 2714 2002 9081 7681 9330 4604 0 7052 1995 601 8099 2530 4150 4845 2961 3617 3324 9639 7101 9660 6922 6180
2381 7588 3653 9704 9975 1784 8055 5468 848 3159 3937 4054 7856 5236 3071 5075 5751 5281 9339 7197 6310 27 7096 2588 8453 5427 4195 3890 35 2246 8296 6635 9152 5504 7052 0 7914 4874 274 3141 6509 5264 2737 6678 9722 9723 3042 647 4314 1580
7229 1811 2198 1153 9752 9804 6003 1111 6623 4724 2961 1100 9583 7711 9058 5321 1630 4448 8245 3817 5354 2429 261 619 7651 263 1998 4478 6054 9624 8619 3579 3311 3851 1995 7914 0 6221 8181 1486 4020 1656 9302 7415 7555 9801 6833 8780 973 2491
1859 2067 3109 9919 1403 2176 283 5935 5550 7241 1990 6875 2025 6315 258 3647 1436 3432 3047 1179 3844 930 2217 9507 6219 1156 8133 2036 1566 2066 1587 3783 615 9819 601 4874 6221 0 3521 1285 8982 6965 6342 919 1626 9150 2111 6588 6521 1175
5018 7706 1513 4532 8064 5071 5336 3849 7358 7715 9281 3644 9073 7827 3008 5134 5251 1990 8041 7828 8696 7588 6853 6854 8851 5701 2837 1619 6835 1439 1365 5682 8377 217 8099 274 8181 3521 0 2438 8590 6349 6403 7443 2985 673 1008 9282 6695 9407
5982 4430 5215 7169 9292 3212 1902 7399 8266 2883 849 8722 353 9076 4650 7362 9186 9929 8275 5241 6578 3195 7858 5317 4075 5302 3032 6337 5156 6400 6275 7051 8875 50 2530 3141 1486 1285 2438 0 3510 5079 6779 4633 7706 1627 7381 3085 415 4698
8516 9140 6613 1404 7979 8786 6692 892 9747 1893 9802 7278 9696 3313 5138 5213 9986 4179 41 5545 9633 9427 4074 4583 4503 3695 634 7064 2237 9709 5228 8699 8035 5605 4150 6509 4020 8982 8590 3510 0 8348 7860 1199 412 3895 7151 4941 1403 699
3592 2346 4733 6955 442 3820 2903 9870 3734 5820 373 2096 9282 1274 2776 929 2332 4837 3646 8145 8988 6114 3063 6304 7146 4846 2247 6117 265 9865 137 7081 183 6962 4845 5264 1656 6965 6349 5079 8348 0 6512 2647 6075 2157 7850 8678 9257 990
6497 35 9452 8573 5131 3299 9429 6363 6338 9361 3361 5585 9799 5782 1596 6492 8672 6461 4907 2478 8571 4773 128 294 5530 9618 1178 8163 6623 607 7105 7862 3088 3643 2961 2737 9302 6342 6403 6779 7860 6512 0 397 7817 8185 1213 6101 8811 0
2293 2542 2562 992 8213 8533 551 6674 4131 7247 7443 2146 8804 975 3294 1001 7204 624 8929 6153 2206 7163 7063 902 3399 3894 3193 4858 6099 1060 8641 3722 2544 4904 3617 6678 7415 919 7443 4633 1199 2647 397 0 7425 2214 7149 7919 4680 4886
658 5269 9989 1334 5176 8704 4484 2521 411 7514 7990 2424 1602 8874 7747 6733 4249 2349 8064 6308 1715 1873 2674 644 8940 8671 4595 6946 2001 1643 8178 827 1069 503 3324 9722 7555 1626 2985 7706 412 6075 7817 7425 0 7805 5034 2474 730 1920
7530 4905 8404 2810 1608 4344 7286 655 7774 67 3243 7837 3685 8448 2323 1504 5650 5780 4200 3342 246 5045 4714 6396 9982 3072 5285 5678 8345 3974 537 2222 1273 3631 9639 9723 9801 9150 673 1627 3895 2157 8185 2214 7805 0 1925 9016 4634 615
8764 3033 8249 3518 9124 4065 8043 8198 1626 7020 5879 2866 9186 1681 5231 1370 6448 9619 3643 1250 8011 4699 967 9156 1192 6008 431 8521 1082 8566 9621 1466 8492 8979 7101 3042 6833 2111 1008 7381 7151 7850 1213 7149 5034 1925 0 5040 3123 6209
9033 1808 901 5168 7363 7944 5623 9698 6566 3234 9860 601 4859 8855 9633 8867 1776 8945 4740 3598 7878 5112 8026 456 4351 8882 6983 5445 8577 6559 7371 2544 6900 318 9660 647 8780 6588 9282 3085 4941 8678 6101 7919 2474 9016 5040 0 7509 3979
863 238 4346 2863 7401 283 4891 626 1334 6568 3545 8547 3820 6108 2933 5545 2191 5048 6824 4807 8905 3542 6188 1085 8531 8400 8118 3375 4501 2432 4363 3317 6104 3768 6922 4314 973 6521 6695 415 1403 9257 8811 4680 730 4634 3123 7509 0 6180
7416 7251 3475 4192 4700 2147 2370 5911 1916 588 6302 3613 2161 7250 1733 1370 9596 4989 8384 817 6917 5782 8139 9630 4829 8945 3024 9262 884 5255 7728 7997 7907 7643 6180 1580 2491 1175 9407 4698 699 990 0 4886 1920 615 6209 3979 6180 0
