150
0 4406 9975 1552 6127 123 789 7265 2152 9879 6614 4598 495 5211 4622 5743 1375 6720 6261 6083 9716 8599 2390 8837 528 7142 5415 5088 8406 8187 9629 8668 5772 4299 422 9942 7101 8690 8923 4429 8693 7995 1586 435 7414 896 6098 7770 202 9708 7957 3495 3981 2274 4841 6306 639 1328 2797 5208 2041 2771 7838 4958 3629 5468 5799 8096 1825 4679 5198 1562 2917 5677 1121 2498 4667 6965 9159 6547 4747 8367 7435 5952 5696 89 7142 6986 8097 3907 5081 4972 6939 2606 2159 2556 8264 2047 4721 4329 5251 8154 6042 254 9153 2287 920 5989 6307 6661 1557 98 8020 3219 4068 3494 80 3665 7251 6488 9081 66 4583 5227 1658 967 5338 8466 2306 7291 1574 7507 7154 2195 8087 1934 6577 6321 2623 5388 3651 2792 6064 5270 6692 1820 4142 950 6256 5873
4406 0 8113 9055 1278 9535 9278 4909 5781 861 2836 6732 3838 3384 4321 5718 1745 2646 8473 2443 227 9315 1722 5476 7168 6713 9932 5056 7080 2718 5239 8163 406 3479 6724 5285 8174 4695 5882 5130 600 7550 9542 8338 8390 7098 1313 4167 3068 2999 635 295 3543 4956 8750 3513 7095 2154 5542 955 3965 8743 7202 8389 9971 4390 1478 2031 4135 9078 6665 9098 3896 5100 3161 7966 1916 8970 8881 5006 3066 4137 2538 7618 145 6640 2296 270 78 3490 2634 8893 3374 9863 5040 7865 3887 2948 8911 207 634 5669 2828 7507 2757 5451 9334 4513 8664 1514 899 3296 6241 292 6776 4901 7271 5157 4340 3676 8183 1650 890 5000 7327 2040 9213 1636 1307 3107 9572 8827 7621 2120 176 9799 3370 8221 2865 2879 2316 7046 1322 6497 1166 5762 490 974 4413 4915
9975 8113 0 4949 5575 8838 3249 4546 3615 7311 8560 3160 7154 4142 3474 3043 5179 1878 1763 5415 9551 8572 8484 9572 9193 6558 5475 7574 8443 328 9999 5875 6302 7480 4755 4144 533 8425 2755 5166 3538 3370 6836 277 939 5571 2970 9191 6311 7754 1795 2561 4409 7496 6673 309 1690 4455 419 168 1104 3008 6709 8134 5885 3313 5173 262 3509 45 9010 281 497 230 7684 6371 8191 246 6482 7416 1559 166 6991 9348 5916 7552 5353 7784 6341 268 4535 4360 3255 5812 8034 742 5943 6149 3571 1872 2146 7429 5784 1525 4045 4930 6574 4209 1179 7465 6846 6708 3085 9178 2384 1858 5431 2239 5495 9187 2992 5594 3996 1071 3292 9767 2397 8710 6409 6325 8280 2708 7497 2699 5444 5132 4412 482 5412 8296 2604 9270 7600 9994 765 9250 2877 1659 3663 944
1552 9055 4949 0 2712 9642 3483 2765 5842 4921 4915 6418 5482 7758 8929 6580 1851 7129 2966 8626 3356 1197 5108 7151 5514 6430 7877 5615 8763 7863 2061 3974 2748 3753 8156 8875 272 2709 3324 1588 2519 6948 5757 2642 1592 3635 8805 5936 3070 8537 2675 3433 5744 9108 1332 1414 7826 1670 341 41 3171 8858 4915 2576 9140 4266 3060 5854 6310 7899 724 2447 8162 870 6274 5496 3010 6265 1289 4216 2331 2537 637 2191 4017 8456 6118 3414 2414 4715 4047 1764 5318 1079 4046 7287 6270 4021 2306 6906 2596 9868 1109 5858 3457 3259 7856 4853 8197 1977 2698 2286 7205 5180 2013 5841 546 9917 8149 2057 709 1839 876 5984 335 804 902 1737 2847 7161 1664 862 661 1364 9730 3204 806 1418 7878 536 6027 5956 429 9356 3824 8019 6514 2859 3139 7008
6127 1278 5575 2712 0 9006 4832 6073 4020 1233 598 6330 5645 9721 61 2661 4652 855 1543 1521 759 6561 4662 4730 9577 5654 6741 212 2890 4127 7597 4010 819 3997 2337 9548 9387 1674 2540 116 6239 6482 8967 2869 8050 4192 3508 5811 7729 9564 8937 4384 6000 8570 188 4395 7084 2736 4702 4053 1982 2162 3265 2330 5130 6826 4587 636 7010 6999 552 1645 5987 2477 8146 3682 4197 8429 8489 11 6259 5834 9538 8369 8903 4802 4034 4190 5629 7345 5678 7393 9555 6122 5737 9130 7404 660 2418 2416 5723 8461 1326 5968 2848 9469 5326 7009 4046 4007 3108 8904 3994 8022 5322 6479 3352 6068 7953 6300 2696 4407 3964 2248 8848 9084 3081 8759 5092 4679 133 4424 3203 5179 2721 5677 6673 7463 9142 7354 4064 2803 3505 7008 7910 5545 9385 7176 5887 395
123 9535 8838 9642 9006 0 6109 3897 1132 8794 2464 3826 8869 519 6429 7216 9376 2301 3708 9299 3508 3181 9230 4882 4732 8971 4173 1942 2091 7609 1390 9925 6885 8035 5115 9897 8815 2480 9862 8862 8395 2683 1859 907 6624 6842 83 8587 2902 6482 6076 7656 5037 2138 2676 6804 3335 7826 218 6625 8922 1553 6520 9468 9577 7809 6423 9837 5889 5287 1101 6117 3836 8410 6383 9796 40 2651 622 9568 8860 7413 9756 6375 7608 6830 265 4054 7147 6975 8684 7935 5684 6104 6398 4465 677 5358 6861 9434 4917 7320 3115 3884 7697 9138 601 6118 1750 6633 2597 5014 8885 4865 5980 5415 2023 8469 8392 5725 3675 906 3777 903 8052 8853 140 2561 4219 1973 8183 4036 8682 5573 9362 7365 6175 6749 1167 1106 8835 1 9146 2172 9813 2209 1559 1055 5540 3461
789 9278 3249 3483 4832 6109 0 3067 4070 9251 9562 3716 3667 1564 1147 9739 8856 4941 8802 4731 2113 6853 7677 9651 9496 6517 4017 1142 4683 5651 3826 8344 4391 1885 9860 6985 9016 1984 1816 4593 7015 2095 812 4691 7915 144 8666 9821 9107 7420 7874 5147 2325 9390 756 3293 2306 7117 1695 3007 8166 1259 5360 457 2210 3459 5410 5213 1411 3563 4810 8778 247 6378 5997 4541 1345 708 7973 8875 5429 3023 2757 961 3238 6691 4556 9685 853 1060 6685 1845 3624 9702 2572 8962 6619 1161 3067 3911 8454 9159 7038 1729 9344 1398 3818 3361 5243 7024 4446 2203 7859 3824 3635 9015 9309 5691 9517 4841 8955 9987 9800 7748 9935 4892 1298 4194 5463 1486 1939 7177 4446 4617 6995 8179 7488 5681 4246 2595 7335 6354 9708 6445 9078 7842 1365 8422 3572 9419
7265 4909 4546 2765 6073 3897 3067 0 8708 2975 6539 6180 9370 5938 5246 9035 456 9185 9092 7420 697 2677 2267 6242 7092 5564 8921 9653 8121 2905 9045 174 1017 7884 9641 7918 4034 3585 1782 9488 6658 1990 2798 4438 2933 966 9340 9300 7273 5490 1379 6283 7180 3157 146 2299 1267 1561 4233 1468 8058 3764 9495 5256 1490 1966 2070 8148 6287 3712 8361 4861 4604 8120 7963 4208 634 3790 3978 4378 8304 6285 447 7793 8718 3292 3616 1378 1439 8845 7634 6755 1184 5540 7313 7568 9622 2359 926 8250 3329 7337 5638 7539 7962 8400 6182 4756 8257 6265 2589 7905 1067 647 4602 6809 2060 1895 8109 7562 2568 9419 4112 5581 2069 1185 7327 48 1071 8922 6952 4277 7844 1919 3933 8388 3513 3029 3008 7256 3188 2378 7178 565 909 9502 2087 6490 4727 9154
2152 5781 3615 5842 4020 1132 4070 8708 0 1173 5601 4091 6384 7355 395 9265 5322 2173 6995 8041 1081 8998 4602 2544 2568 8856 4869 2826 4082 9346 5403 5071 2498 6072 9630 4314 2727 751 1214 2978 5062 7030 6749 5544 4247 6397 7313 7413 611 2632 7226 4574 7884 3018 9411 3927 89 9824 1903 1062 3917 9807 785 790 7509 1006 4649 8322 6572 7351 2833 5324 6898 8844 5707 2540 2553 8580 5178 9227 3559 1047 4169 8251 731 452 2023 9540 2015 1550 3767 8327 1943 4457 7540 3632 9689 5247 6198 9461 3238 2398 8368 2197 2297 8038 7751 1743 1067 224 2944 40 5959 4711 7696 8488 5767 709 1708 4223 8498 937 3214 9998 545 9005 4024 9301 2401 4775 1392 8463 2940 9234 5679 7314 6923 5899 3797 7611 3403 8662 1859 9142 584 7720 5239 9585 6906 1859
9879 861 7311 4921 1233 8794 9251 2975 1173 0 5969 9146 8826 1403 3604 5457 5976 7797 7664 1264 6807 2910 7888 9825 9712 1176 9404 4721 3098 7493 2145 6856 894 792 8867 5573 4224 2580 3698 3233 7817 5339 944 9061 4534 4549 4221 1055 9367 627 3015 8276 1412 8751 9575 5997 2453 7588 4273 1807 3976 4255 1954 392 4345 1736 4616 7196 1742 9806 2016 9494 4829 8205 3156 1572 8621 7078 5296 2992 9974 248 9047 5021 4089 8940 5682 2628 3965 156 2852 3511 3491 752 9991 3851 100 4321 5864 7506 6101 3376 7383 2716 9986 3314 409 7418 9803 8167 5824 9548 8185 9410 6424 1105 8330 2370 7864 2824 3735 389 5083 8712 3616 3780 4595 2078 5031 7813 4570 8015 1263 3555 6875 1352 858 6122 5769 6958 5453 3815 3852 2594 3544 6004 7725 4487 7525 3923
6614 2836 8560 4915 598 2464 9562 6539 5601 5969 0 921 7490 4185 2995 3582 5264 6007 2003 3670 6530 8055 7052 1950 3233 5878 2020 4584 8496 5827 9737 3346 370 8681 5066 5105 8848 4147 6447 7876 9701 8131 9989 7772 4494 606 3813 7663 6047 4020 5060 4530 6933 9349 8701 5145 9608 8225 5617 2458 9778 3654 9896 8246 754 1440 2755 2839 4515 6537 5977 124 9586 4206 888 2492 4751 3253 3427 9498 5831 5569 9044 8079 6295 1650 9846 2670 8315 5735 5170 5902 6972 5201 8205 7087 2425 1683 9003 7851 4024 2061 481 6125 299 5955 2719 2131 9670 4450 2053 8539 6182 8563 8901 877 1584 9828 9266 5249 1834 8419 1043 8675 2462 4363 1295 2157 8661 7361 2702 3759 2681 7127 6104 1029 4672 7769 5831 3344 374 5449 4748 6911 6034 9330 8063 9311 3298 9095
4598 6732 3160 6418 6330 3826 3716 6180 4091 9146 921 0 3041 3534 2113 1217 6054 1888 8841 4789 3045 2401 6125 8194 4422 4340 3600 7564 1143 5324 7487 6007 4416 8987 1214 2346 596 8244 4468 7488 7052 8303 1928 8759 5183 2571 2433 1102 3982 5585 8118 4192 6489 183 3981 5573 3987 9772 1176 8626 614 6755 2866 6404 491 280 478 5326 6708 5087 1854 6507 9860 6115 4925 8058 8602 1886 6032 8249 764 341 7193 6754 1158 4403 5584 3659 3809 1187 4234 5347 4011 4697 2281 101 521 5317 6046 6731 2252 9843 6690 2969 2872 7656 2517 9177 7837 8974 7781 5823 5295 2782 2749 7565 9123 5418 5950 1027 6728 8570 7073 3083 9140 228 9760 8781 4809 7947 8201 4594 4912 1689 507 7075 6744 8038 4728 9489 2914 6460 3888 6274 3764 2087 8915 4494 8382 1516
495 3838 7154 5482 5645 8869 3667 9370 6384 8826 7490 3041 0 3873 254 5475 7593 1880 1296 3587 2637 1252 7563 5267 8289 7357 8582 3552 1649 5467 242 320 431 5244 2726 2524 6864 6790 391 3244 5499 9112 7502 3732 9450 6906 6557 3013 8846 1168 3598 9942 153 7615 1947 2903 617 4053 2480 2070 2412 2837 7892 7251 4377 5593 3766 5353 9160 3197 7909 7785 2314 6403 8777 3917 5758 3170 9204 2772 2400 8801 1253 4769 9499 3372 5586 914 8812 2661 5273 3922 2548 3685 8470 4246 605 7791 3659 3601 6987 6346 2196 8643 5459 3622 6518 6386 3862 5159 3532 7132 7924 1232 7854 1870 4534 4139 2825 2970 1608 7184 9579 878 7006 1467 7458 5607 3731 8806 5344 6176 1228 1129 3974 2057 918 6378 7400 7065 3465 730 6902 9847 8116 2108 3464 1112 7613 9052
5211 3384 4142 7758 9721 519 1564 5938 7355 1403 4185 3534 3873 0 1145 5357 9526 545 3702 5387 8008 4540 1105 8889 5067 6637 4724 601 4097 5382 5061 2710 6654 1093 9645 4419 6081 8488 1724 5184 2846 796 5067 9052 1954 8284 4193 9851 694 8661 1103 2126 6055 9934 3778 5236 7869 4456 4949 9310 1571 3490 2664 3957 2265 8260 7786 7097 648 3656 7136 8171 1950 6770 3256 9636 6356 3490 6017 1276 420 5350 3348 6736 6717 146 4139 5101 257 4330 8954 3365 2510 7628 7361 9220 6406 4716 2804 1873 422 5578 6398 6165 4732 3461 7271 9430 8732 6477 7646 8200 1681 2102 7237 3932 3488 5837 6855 4764 5564 6276 9162 2764 6189 1469 894 3491 1460 1379 5213 600 3701 3112 8843 944 6013 4337 9229 5751 4954 8460 4866 4691 9840 6845 6552 7017 1504 3565
4622 4321 3474 8929 61 6429 1147 5246 395 3604 2995 2113 254 1145 0 3671 108 4367 2189 5574 9823 7255 3960 1281 3367 9251 1800 1169 991 9576 4007 6102 4814 2272 4048 8102 9559 3628 5694 1184 6697 1724 4065 4830 9336 2683 6784 6092 1111 479 8734 2218 8340 1142 7861 2339 9332 5214 1538 7168 2327 2196 5469 441 9150 8418 4200 1019 2078 8829 4201 3915 6400 3247 4646 9070 4671 2367 3071 7520 8652 5713 2616 293 3211 2312 2424 3888 2846 8193 365 3705 2304 8554 2939 5084 3337 7648 1799 3082 59 8049 2165 2858 6778 903 3253 8750 5974 4087 540 727 8465 2077 9042 425 9040 2708 5450 1946 4805 7122 4551 7444 9839 1622 8835 6982 1889 5351 8827 6724 4112 2740 4000 7319 2914 6985 6824 9134 5692 9555 645 3090 5006 6459 3397 1107 7972 3771
5743 5718 3043 6580 2661 7216 9739 9035 9265 5457 3582 1217 5475 5357 3671 0 4980 6615 5020 6449 857 8359 5972 2790 2026 8397 1649 4279 6885 5003 9226 8555 4584 2583 9142 9436 6688 7992 2706 7457 5378 9881 7326 1941 9378 7737 5412 5701 4114 3144 4754 5381 9331 6137 7319 3057 755 3613 205 3385 8111 1098 1439 1484 8788 8239 2514 1529 2339 6089 4025 3947 2449 3936 7021 9107 4745 6727 2845 8012 5292 8304 5984 8838 4805 2051 6491 5200 7180 1166 4342 9302 3715 9188 7151 6566 8160 9885 9790 8555 9621 711 4268 693 8448 8317 9395 2910 9806 8877 3734 4770 6702 4068 2856 4578 9915 3823 7344 713 1221 5091 3226 4560 6187 1306 8315 1290 2085 8292 4113 9831 2310 6923 1074 5857 2998 4216 5186 4944 268 5591 6089 978 336 9240 23 4290 6977 7533
1375 1745 5179 1851 4652 9376 8856 456 5322 5976 5264 6054 7593 9526 108 4980 0 6022 1592 3995 6136 5137 5833 6443 1576 934 5075 3772 7143 5321 9858 2194 5123 4711 3350 1623 9806 3927 9981 1628 2905 1752 4250 8209 9103 3064 9105 3860 8134 689 5719 9215 6820 6770 5037 3901 8337 7890 3288 999 8252 2260 9491 4396 2627 5299 1696 4615 82 7576 9780 1520 7115 925 1196 2523 2830 9752 4350 4534 2547 9933 2012 413 7977 3835 4076 8689 6874 3472 3167 3204 5504 8469 8268 8883 9558 2128 5484 858 5761 1952 7480 1345 3331 9917 6067 3472 7335 1617 4797 4042 5204 2333 4036 276 3913 8877 9115 4575 7313 7369 6319 4576 5519 1799 3100 7038 7813 8519 7216 1746 2258 6892 5922 4573 4375 7094 7825 4960 2475 7435 6066 6050 522 5838 3123 9899 3858 3661
6720 2646 1878 7129 855 2301 4941 9185 2173 7797 6007 1888 1880 545 4367 6615 6022 0 7927 1872 3398 4128 7630 4842 60 5590 2127 6433 7888 5942 5942 3135 4839 8844 6488 7323 7562 2988 2115 1254 3825 2614 9830 9688 535 8876 3659 5930 1692 6049 4399 950 2746 7090 5937 3717 1029 1935 301 9688 3609 6066 8760 8149 2866 339 5918 3233 9513 1997 446 411 1650 5033 4656 5517 5451 1933 196 2073 9676 6646 8132 7103 7512 4407 252 5172 9458 1631 3584 5220 4644 5213 8111 9860 3059 6404 6084 1296 2280 3459 7753 6160 5151 8112 3698 8948 8831 4519 2223 5435 5902 3838 7634 9251 3128 207 9311 3628 6843 5938 6010 1877 1722 1980 2968 4786 3606 2331 5457 7062 3557 1710 2498 7594 937 6956 7183 3388 2468 7642 7141 2748 1628 6530 100 5181 1821 6804
6261 8473 1763 2966 1543 3708 8802 9092 6995 7664 2003 8841 1296 3702 2189 5020 1592 7927 0 7585 3621 5646 1059 6916 8048 5731 2321 5151 7806 3154 619 4401 7986 750 2032 8097 1347 5623 1795 1267 8841 7475 6266 1736 1479 9206 4291 6864 5573 6498 1854 3980 4040 8253 2240 3771 6586 8716 3083 1053 5258 1522 6732 8342 8103 1326 7272 1122 877 1627 3733 1069 4234 2593 2800 4915 5948 8935 4541 2240 6239 3140 5613 950 2440 4467 7573 2730 5106 7662 3403 8422 3831 7314 4789 8549 8999 9547 4193 8819 6211 4623 6736 1447 4358 2746 7795 3539 1786 1374 7619 7609 1565 1972 2713 911 9219 757 4504 3004 5380 2079 2892 8057 3401 3636 6965 1507 5869 5499 4338 6331 5373 9450 7691 7788 2484 5952 3577 286 3167 4019 9371 8930 6468 9021 8012 905 9692 1459
6083 2443 5415 8626 1521 9299 4731 7420 8041 1264 3670 4789 3587 5387 5574 6449 3995 1872 7585 0 3802 8726 4003 3588 2960 8779 9220 1987 8539 2523 255 4072 7728 9947 7757 6171 3953 9468 3330 169 3414 7027 2425 281 4398 6048 247 4571 8098 7507 1508 898 8420 8484 4522 7638 7136 8396 6328 8667 6627 4903 1554 3321 1360 7633 9588 667 7498 4323 4283 6083 5329 1213 4596 9879 7745 3587 7415 9917 5891 2408 4372 3520 9836 9822 9900 1744 5009 2661 4016 8088 1744 80 2997 7224 3224 2265 4440 797 2300 7771 3736 4973 3579 8538 4167 1784 230 7911 5322 6063 1706 8611 9407 2478 2007 6089 3445 6842 9802 4932 4793 4032 7126 8504 8634 4017 3580 6241 6771 8505 4457 6432 5825 9823 6807 9338 3531 6073 2821 9751 7178 2002 6266 8240 5555 9334 7113 4795
9716 227 9551 3356 759 3508 2113 697 1081 6807 6530 3045 2637 8008 9823 857 6136 3398 3621 3802 0 6461 4613 4427 8842 6121 5389 2703 3457 8498 2643 3299 1645 7704 8512 3524 7267 2502 1738 741 9192 5351 1578 2119 9574 26 3482 1645 8720 8830 6234 6732 2204 90 1822 4245 9187 1870 183 3618 6054 1342 299 3982 1143 1513 669 1385 9254 6971 6558 7402 7376 2466 2553 3831 8157 2216 1958 3231 9298 7008 5231 7286 4165 1181 7972 474 4910 4426 8038 4124 5057 1112 3148 9706 7531 4757 5285 3785 7506 8338 1350 181 8728 5698 1021 8618 6555 2216 630 1580 7248 3599 8523 9346 7607 2986 7442 262 7732 6126 937 8187 7693 7719 1591 655 2783 2206 2457 8245 3292 1654 7443 6316 8952 4359 809 1450 4115 2386 8519 7977 5417 3182 4757 963 8676 2297
8599 9315 8572 1197 6561 3181 6853 2677 8998 2910 8055 2401 1252 4540 7255 8359 5137 4128 5646 8726 6461 0 1463 3658 8867 9441 518 6179 1667 1652 6191 1872 2790 2400 4853 8697 8755 3309 8368 3701 4052 6849 9235 2246 9361 1933 6399 8005 7706 5675 4635 4709 8992 4736 1355 1029 631 3072 9707 7993 1490 1362 1624 7689 5693 107 2568 791 2199 714 8565 5305 7598 4735 6554 7663 1803 8567 4239 5490 4097 7677 1783 4488 468 5871 5846 3327 7787 6814 8595 5449 5219 4974 4653 9727 502 2007 7821 1136 4944 3390 5021 885 4984 7857 1291 4246 6325 3448 5565 9562 2319 2519 3085 5325 7077 3984 5140 1724 4634 1404 6337 9374 1015 5644 844 8263 430 3368 8388 6790 9851 3854 7552 850 6231 1106 1497 2216 4778 5858 5732 3903 5298 2397 9230 6201 7847 2897
2390 1722 8484 5108 4662 9230 7677 2267 4602 7888 7052 6125 7563 1105 3960 5972 5833 7630 1059 4003 4613 1463 0 1256 5246 6387 8293 3993 390 5017 7891 7039 2876 3386 6807 2436 6134 5618 396 1399 2228 9875 9877 3802 8089 3769 6175 8020 4944 5212 7774 4871 988 7129 6777 8284 5462 1408 7820 8560 2045 7881 5238 9600 9815 7611 5219 5285 7028 1355 7446 7196 5046 8052 2576 1595 3408 6554 8475 1681 7864 3234 3121 1813 6448 8543 2851 5489 9589 3502 3337 3708 4521 1663 1037 4759 7920 3585 12 5950 3610 7258 4974 6259 8892 6766 8084 3093 5413 5838 8826 7596 542 7580 6843 8343 9951 2490 2813 7011 7215 7211 8987 1854 9128 2727 1644 4762 2672 6096 6713 3268 3212 8351 6792 9275 4212 8955 6008 6 7944 8970 2057 2893 9162 5352 7588 7298 733 4777
8837 5476 9572 7151 4730 4882 9651 6242 2544 9825 1950 8194 5267 8889 1281 2790 6443 4842 6916 3588 4427 3658 1256 0 4624 607 1387 8247 8896 0 3239 8336 1450 1512 6828 7809 8456 1792 2464 1352 1906 871 1534 1528 1297 8529 4143 9359 3608 4038 6705 1183 2469 4815 1501 6500 7600 6139 3961 9584 3397 9703 3189 4622 4576 8392 5336 3015 795 8499 2411 8556 4649 2919 2028 6685 7832 9378 9677 7575 7513 5821 4251 4827 5473 5913 2551 7923 7057 87 7810 4304 5078 5678 6653 8487 6502 3627 6007 9452 7258 7000 2453 5486 9759 3189 7260 1611 1031 6870 4252 4265 976 2221 3587 9043 622 2533 7590 7326 395 7084 8351 559 6014 1834 4772 5247 8401 6932 1726 5625 2806 7776 457 4627 5922 9383 6157 6685 2027 4049 2090 3840 1296 8066 4587 3865 7498 3918
528 7168 9193 5514 9577 4732 9496 7092 2568 9712 3233 4422 8289 5067 3367 2026 1576 60 8048 2960 8842 8867 5246 4624 0 6217 2337 3878 498 3381 8503 3868 2454 3168 5231 8570 3459 7725 7221 8101 9892 8650 3559 8147 5437 1986 7511 1018 1647 552 6765 334 2872 9105 4585 5340 1467 1185 7650 5059 6668 9549 5634 1702 9878 5517 1112 7992 7797 1590 2436 9155 596 2633 7128 3603 4195 3376 2462 4513 9049 9698 4033 3031 4515 6023 8337 1465 6792 71 3251 2414 5760 7353 8088 2702 1214 7594 2009 2693 9209 6231 6692 5913 7333 6157 2505 5992 2868 378 2332 6033 948 2759 1637 5522 1518 1727 9839 8091 4290 9817 4433 7180 3032 830 3609 537 7171 6696 8944 6488 6286 9625 9482 3075 2816 7553 1122 4349 9338 330 6508 6593 9625 3077 2470 9498 3068 4218
7142 6713 6558 6430 5654 8971 6517 5564 8856 1176 5878 4340 7357 6637 9251 8397 934 5590 5731 8779 6121 9441 6387 607 6217 0 3052 7128 1403 1168 6063 5296 5502 8437 5960 2353 1628 3018 9850 2876 203 2906 5069 3763 2271 1359 3456 4178 6519 8105 2078 1265 187 6200 8961 9857 5208 8027 3717 5359 609 5107 6125 1461 7404 8340 9642 1968 9066 719 7908 548 8040 4911 9831 2519 6024 4182 2385 5780 1766 6123 5914 3211 7003 7564 8584 7788 6718 3422 4035 73 9731 2966 4537 768 1889 2987 7245 799 1339 9896 6058 7718 9627 2378 2541 7852 808 9325 5771 7263 951 1385 8978 8396 1589 7242 7716 4338 9295 5920 6624 4580 805 3467 277 8484 4078 6144 9320 2890 5466 3470 5783 9306 1022 3985 7142 797 8910 8038 3790 8822 7740 9335 3076 9543 4081 6215
5415 9932 5475 7877 6741 4173 4017 8921 4869 9404 2020 3600 8582 4724 1800 1649 5075 2127 2321 9220 5389 518 8293 1387 2337 3052 0 7718 5692 8652 4492 4176 8312 8893 5259 7376 459 2748 6568 5706 2634 9425 1023 1456 2490 7128 2826 252 6585 9772 2971 2429 4382 389 6430 9509 8871 2678 5819 9456 7589 5581 6754 7442 6446 4698 5206 1554 5415 4425 7224 884 3932 5893 843 8170 8061 240 3967 7154 4051 6270 4568 3500 4127 5688 6421 9267 1258 1280 3464 4024 187 3615 8026 4187 7690 5215 4849 7772 5161 5710 2630 4471 6335 6107 5219 6158 6763 5371 8917 7247 4684 4151 9895 2121 2222 9335 1409 7202 4062 2740 5340 1374 6325 9188 6705 5457 1108 4285 6486 4165 5997 226 3556 5255 9618 3392 2088 3095 4061 3064 1540 4754 4228 2568 3112 1448 2826 8362
5088 5056 7574 5615 212 1942 1142 9653 2826 4721 4584 7564 3552 601 1169 4279 3772 6433 5151 1987 2703 6179 3993 8247 3878 7128 7718 0 9937 2680 7223 5416 9233 2625 8562 6491 6801 9691 1531 101 5989 6649 6679 5718 146 4843 6506 75 1074 2140 317 9138 2178 253 6675 2712 5940 3675 5239 7066 5208 4578 8196 8673 680 1676 4198 3592 2758 3580 4202 8167 5577 5688 9005 7386 7528 9348 6472 8916 3109 4849 7220 5887 5070 6984 3711 1337 1473 6675 3431 7865 1093 4407 7845 2224 2768 5352 7948 2644 905 7580 5240 9581 181 4674 2436 3996 1061 7294 1441 1860 7401 5790 2349 8563 9923 3440 349 4204 5793 1578 292 3433 4980 5043 4706 143 3586 1282 7390 6191 2864 7040 5861 4603 3343 8631 6513 166 3816 1124 6735 3479 8113 6179 1815 8485 703 8538
8406 7080 8443 8763 2890 2091 4683 8121 4082 3098 8496 1143 1649 4097 991 6885 7143 7888 7806 8539 3457 1667 390 8896 498 1403 5692 9937 0 9776 8759 6442 2311 3315 2420 4047 9684 7885 7082 7746 228 754 9256 9012 3789 1669 6516 9322 7880 621 2609 160 845 9895 6821 1879 9692 4301 7839 5967 7630 1881 3568 1785 7093 1636 7556 587 2079 5403 161 1361 9871 4859 82 8311 2901 3628 2988 3168 2592 4864 5419 7676 9623 9254 7732 225 5035 4934 5678 5742 1135 4079 2804 9124 6468 6209 6419 1853 9442 8434 4900 1653 4565 1958 2467 8967 8279 8263 5971 3234 2626 5830 8587 4556 946 2553 1155 125 5219 7617 545 3444 326 5804 3107 2475 7663 118 8484 7918 5550 9154 7218 6210 5701 4340 942 3902 5098 5588 9620 2374 1527 7410 1683 1955 9154 8945
8187 2718 328 7863 4127 7609 5651 2905 9346 7493 5827 5324 5467 5382 9576 5003 5321 5942 3154 2523 8498 1652 5017 0 3381 1168 8652 2680 9776 0 5068 691 5905 7863 7999 6290 5056 1205 1290 5187 1107 3032 3044 146 721 9167 5055 5607 36 6260 5983 6891 3271 5705 6462 6266 497 7325 6062 6754 486 4785 6187 6883 3510 6513 4418 4695 443 3796 6358 6017 8638 9073 3937 3792 8128 8688 1120 7487 9012 9623 6159 6795 8356 2884 9700 1023 1800 9990 4547 2633 347 4521 9114 7532 6078 1365 7157 1346 6687 725 5398 3574 7583 5489 4768 2139 536 5897 4540 3888 5209 5727 5565 4427 2175 3204 4608 7271 9334 5234 7079 1559 2254 3000 1236 2560 1228 2317 3630 6882 1331 3555 5973 2309 7711 1944 9598 8745 480 2431 6798 3263 7918 197 759 1139 1890 8355
9629 5239 9999 2061 7597 1390 3826 9045 5403 2145 9737 7487 242 5061 4007 9226 9858 5942 619 255 2643 6191 7891 3239 8503 6063 4492 7223 8759 5068 0 3800 4164 5825 2731 1949 5472 4234 5431 1266 6586 1789 872 9424 8969 8755 4661 9505 1933 9304 9702 5029 4991 516 8848 6315 5312 7111 2461 8429 7451 1377 5204 4557 8133 4628 7956 2960 1363 859 8590 3370 7929 5560 213 5173 9110 4428 1689 251 6624 1853 9415 4911 7900 5149 3987 4866 7401 7117 4383 6460 9875 1687 9151 7038 4083 8428 7189 7665 6824 5700 347 7895 7201 6546 8097 6661 2420 56 5334 1575 3410 7965 6801 6228 2092 6778 1570 4543 2706 4964 747 3112 248 5688 2455 1814 8405 5091 6899 6542 3573 9550 9888 9121 6862 4659 3295 5330 6971 7186 4959 7235 9863 5861 7662 9762 3440 2943
8668 8163 5875 3974 4010 9925 8344 174 5071 6856 3346 6007 320 2710 6102 8555 2194 3135 4401 4072 3299 1872 7039 8336 3868 5296 4176 5416 6442 691 3800 0 4555 9911 2822 7666 1891 433 3 7754 9947 4291 7338 9208 7017 8194 1782 7052 4349 2363 9404 2643 1151 5398 2271 9945 4738 7000 4254 3799 8139 268 5191 312 4924 3271 1530 4236 3266 1399 8578 4763 4580 1550 6145 9358 9104 3484 5575 9960 1230 3828 5057 551 434 2965 3020 3794 3700 4713 3376 7107 200 4319 5367 1956 4730 6157 5118 5127 3525 9847 1081 2061 7148 5883 9342 8483 2620 9342 5084 6252 4254 1785 7025 5616 1661 109 6473 2362 208 927 5660 7275 6032 5947 1142 5875 6314 4333 3699 9333 1677 3385 4742 9080 6004 860 606 3418 1403 5965 4433 627 513 8265 9072 4952 5001 8167
5772 406 6302 2748 819 6885 4391 1017 2498 894 370 4416 431 6654 4814 4584 5123 4839 7986 7728 1645 2790 2876 1450 2454 5502 8312 9233 2311 5905 4164 4555 0 1613 6153 7857 119 1214 1016 7621 4219 8175 268 4889 1013 499 7265 470 7877 6667 7923 5929 1950 2809 2136 4935 9474 4385 385 444 4742 7744 4288 699 8365 5381 4715 3878 433 8228 3896 9343 5616 3431 2254 7981 826 3158 8478 6549 7811 1219 6294 4043 2842 730 8411 1914 2438 62 7185 9038 6264 311 8533 5526 8949 8066 7778 7542 48 4147 3706 9173 8868 3487 4333 7029 4143 1110 3349 5016 3714 7141 1588 6769 4614 2822 440 3911 6533 882 7777 1008 5146 7148 4148 3057 362 5671 7932 3647 6769 7808 5655 9505 7573 9103 7284 4597 8312 2790 5987 9800 1901 770 9564 2672 7675 8529
4299 3479 7480 3753 3997 8035 1885 7884 6072 792 8681 8987 5244 1093 2272 2583 4711 8844 750 9947 7704 2400 3386 1512 3168 8437 8893 2625 3315 7863 5825 9911 1613 0 9132 3300 4400 7015 1031 4780 7804 7700 502 937 4350 3332 5399 1158 9021 1805 7177 6267 5120 8153 7893 6719 1038 6924 760 3550 1704 4615 9594 7679 4408 5942 7746 1013 593 6609 4221 8563 8336 7961 878 1839 8599 8950 7426 1839 2592 5325 3027 2107 2864 1710 2691 2230 2434 5463 5115 3939 8170 1530 1996 195 516 74 1149 3221 6856 4130 6279 8488 8702 1229 4066 5960 3544 8230 6436 701 6087 6414 4602 5564 652 149 1588 6610 4212 2310 4322 3977 6139 4304 1315 3658 6980 296 5605 1228 9609 5266 1820 4601 2431 6642 6203 9042 3433 3230 7229 6767 3098 9957 7356 2393 3617 8868
422 6724 4755 8156 2337 5115 9860 9641 9630 8867 5066 1214 2726 9645 4048 9142 3350 6488 2032 7757 8512 4853 6807 6828 5231 5960 5259 8562 2420 7999 2731 2822 6153 9132 0 7510 3817 9183 6335 8667 5882 3238 3373 9649 4075 5296 2433 7825 4374 1089 9721 9141 9973 303 9679 15 8341 4801 6868 3654 1470 1022 5287 2472 5327 6045 9619 9860 4532 5496 672 3643 6248 5991 5393 4727 2292 6836 2257 4977 5728 2201 7850 4642 2504 4559 9243 7020 4606 9905 1818 9518 9436 106 1626 1136 5492 7773 3147 9641 8352 9426 2800 6219 6753 1134 234 8891 5798 3819 6956 5262 3196 417 6399 2518 413 7839 6171 5904 4114 1768 5113 5708 6757 6657 5862 1383 8056 5463 77 6151 2012 5535 5965 1029 8835 5147 1351 76 9030 1988 9731 9020 4661 5328 2343 7312 3670 3920
9942 5285 4144 8875 9548 9897 6985 7918 4314 5573 5105 2346 2524 4419 8102 9436 1623 7323 8097 6171 3524 8697 2436 7809 8570 2353 7376 6491 4047 6290 1949 7666 7857 3300 7510 0 1043 2721 154 1452 3147 1613 8272 1157 1558 2503 4670 8736 3182 2794 633 1154 8446 8860 2123 6956 8262 1123 4964 3143 8695 7918 2427 3067 2749 9993 5232 135 537 1352 7026 3893 5818 9565 9089 938 917 9785 731 1198 5667 3223 6032 2338 2614 9255 8606 54 5889 5879 6926 7216 5212 8083 5478 7020 5091 3077 827 400 5328 2984 6495 8926 5777 2068 6075 1345 8879 8573 1788 9006 1941 3878 2250 4845 7787 5613 9522 7624 3631 8741 4665 7668 4462 3990 1166 6888 6520 9863 1609 9373 9607 1697 8699 9186 4690 2613 7021 2241 3868 3084 5567 9795 8720 3997 1994 5270 5084 9803
7101 8174 533 272 9387 8815 9016 4034 2727 4224 8848 596 6864 6081 9559 6688 9806 7562 1347 3953 7267 8755 6134 8456 3459 1628 459 6801 9684 5056 5472 1891 119 4400 3817 1043 0 1312 4288 6263 9206 1282 4343 795 9108 2145 3860 7070 7701 4699 3350 4956 3651 9 3358 1747 7726 2257 3118 4789 6000 7921 5076 9681 6213 7486 4975 5945 2762 3364 4661 7795 1175 6026 4244 4012 6285 8107 4830 9762 1020 4888 0 2976 1600 985 129 1878 2181 3344 7504 3099 2598 7199 11 3 3166 4808 7736 3992 6114 7044 5796 2585 9387 2596 3987 8716 5685 9325 7347 6709 904 1388 6706 1537 5169 2830 8048 2124 4003 8300 8468 7705 3445 7953 7124 5482 2654 8292 9895 7710 2654 3823 5884 4706 5519 1068 4483 7291 251 4908 6737 8394 5506 7085 4475 395 4358 1226
8690 4695 8425 2709 1674 2480 1984 3585 751 2580 4147 8244 6790 8488 3628 7992 3927 2988 5623 9468 2502 3309 5618 1792 7725 3018 2748 9691 7885 1205 4234 433 1214 7015 9183 2721 1312 0 1442 7565 3444 3329 6582 724 2031 8595 9722 6873 2155 9466 7900 9062 4303 9623 4823 6056 9069 9340 375 4551 1393 1610 3262 1376 9355 4169 3449 2597 2957 398 7047 7650 9891 3510 51 8670 246 7850 8878 3451 5481 5027 6528 2192 3177 712 7010 3028 5769 2529 3252 3484 2782 2171 7871 4162 8907 6936 1444 8767 9507 2420 1076 7244 2883 8882 9416 5654 7846 7340 8082 5789 8641 3982 9555 2982 6393 1542 7270 7343 3421 2875 12 5646 8312 1730 4350 80 1624 6745 1189 3852 1800 9390 5555 1317 2222 1232 7761 413 2460 6338 5153 3337 4525 2464 9748 7395 113 3927
8923 5882 2755 3324 2540 9862 1816 1782 1214 3698 6447 4468 391 1724 5694 2706 9981 2115 1795 3330 1738 8368 396 2464 7221 9850 6568 1531 7082 1290 5431 3 1016 1031 6335 154 4288 1442 0 7361 2165 2938 6507 1958 4784 5881 1768 8736 9401 9145 952 3206 7477 7576 1793 2464 8005 3054 2113 1254 8315 6916 7323 1548 397 4346 4427 5751 5380 3428 3420 2804 9895 6376 9796 9772 5810 6742 7266 6390 1825 8520 4151 2942 8315 8990 1783 4118 3451 1583 5934 3741 5008 7290 4110 7926 8458 3788 9951 8442 6700 4572 6960 4431 6770 8609 719 990 5623 8842 8351 6053 7678 1508 3695 3524 3410 6091 4977 150 1052 355 1150 5993 9003 6105 5659 2649 3011 4281 5486 3831 7427 7041 2335 845 1953 8648 4198 4466 9762 6981 339 8495 9861 5721 1659 1152 341 1337
4429 5130 5166 1588 116 8862 4593 9488 2978 3233 7876 7488 3244 5184 1184 7457 1628 1254 1267 169 741 3701 1399 1352 8101 2876 5706 101 7746 5187 1266 7754 7621 4780 8667 1452 6263 7565 7361 0 3905 4418 7858 1589 9040 3281 3365 180 7995 4145 9703 8938 7075 3109 6624 5565 3362 2049 2464 5890 92 6738 8564 4331 8447 8091 1501 8882 3518 6392 4166 7497 5840 6593 2179 7620 685 1680 7555 5560 1714 5779 1970 7230 2205 8909 2969 7629 7385 104 7956 2913 6444 2892 6196 7869 830 7447 907 7842 6194 1245 8621 170 1433 3228 21 6404 209 9314 468 7315 2864 9329 8761 6730 1723 5244 6544 8498 7590 7835 9582 3075 803 594 8471 6319 1757 5465 1074 6427 7993 9784 4751 6201 1631 2087 8173 1634 9792 9598 6825 4225 9865 8701 8728 8310 1408 8983
8693 600 3538 2519 6239 8395 7015 6658 5062 7817 9701 7052 5499 2846 6697 5378 2905 3825 8841 3414 9192 4052 2228 1906 9892 203 2634 5989 228 1107 6586 9947 4219 7804 5882 3147 9206 3444 2165 3905 0 3369 7248 2022 5137 9660 5416 6229 9463 5434 5173 6798 4477 5257 9903 3837 2855 8313 2952 3107 8564 9681 8812 3603 8142 6155 5992 6099 8418 3849 7971 4477 8027 5715 7646 7591 2086 3150 1052 3847 4975 592 2751 9995 3000 1682 1304 4503 6873 2674 7926 5169 8049 3440 0 3521 3171 3044 1662 1300 2870 1229 6638 1742 9391 8327 1387 712 1324 1472 718 3259 2950 1882 6529 4614 4671 4027 2396 7514 3035 3090 7670 7153 626 5404 6473 9884 3142 4371 3915 6492 4251 5037 6220 1269 3512 5008 3421 4564 3039 8413 5318 320 1624 7472 321 8356 931 7463
7995 7550 3370 6948 6482 2683 2095 1990 7030 5339 8131 8303 9112 796 1724 9881 1752 2614 7475 7027 5351 6849 9875 871 8650 2906 9425 6649 754 3032 1789 4291 8175 7700 3238 1613 1282 3329 2938 4418 3369 0 7212 2671 6205 9936 1064 3896 4835 8651 5735 1062 926 4687 343 8324 3705 2967 2734 2552 7683 3163 5804 4301 3554 1918 4119 6335 5103 2128 7245 9431 7531 575 1406 1833 5733 1463 3572 7714 2146 5012 5570 6658 1027 1240 1444 9818 500 1331 1055 9724 2086 1920 6034 1149 8993 6648 4281 8098 6299 6484 9508 7860 6790 2283 7366 4663 7358 8446 9758 9167 1443 5480 2038 4633 2517 5894 9261 4668 7719 4247 190 4356 104 9929 8621 1149 6193 9718 6869 5659 6207 3954 5118 7444 6007 9825 5657 2211 9920 141 5744 2124 3592 417 9399 3341 4929 7232
1586 9542 6836 5757 8967 1859 812 2798 6749 944 9989 1928 7502 5067 4065 7326 4250 9830 6266 2425 1578 9235 9877 1534 3559 5069 1023 6679 9256 3044 872 7338 268 502 3373 8272 4343 6582 6507 7858 7248 7212 0 8098 6266 4117 8015 5018 6439 6895 1612 6520 7007 6643 4726 181 5619 8176 2430 8314 7955 6448 9975 3560 8423 7740 842 1582 3452 6259 4109 8744 8989 3377 6107 5125 1416 6917 9813 1898 6264 7968 4749 1206 6222 2228 2406 292 6453 9487 6156 5592 3360 6679 2413 8959 4038 1043 2877 288 8461 2264 1548 3257 9712 5448 3435 7968 6328 4633 9501 8035 1219 9228 2694 9074 9168 9748 7966 151 4744 1055 4572 5734 5070 8997 2083 946 8352 8143 5578 7564 4111 4863 5884 1795 2778 1934 2049 1635 6595 377 4148 66 6819 5369 2418 4943 8042 1809
435 8338 277 2642 2869 907 4691 4438 5544 9061 7772 8759 3732 9052 4830 1941 8209 9688 1736 281 2119 2246 3802 1528 8147 3763 1456 5718 9012 146 9424 9208 4889 937 9649 1157 795 724 1958 1589 2022 2671 8098 0 3493 8042 4001 4386 154 4223 7651 7408 1622 6202 1821 9981 8290 5196 9645 7627 5698 7610 7774 6365 5467 6980 8422 5724 3996 6491 460 9977 9029 6934 5292 9566 3705 5783 7290 4122 8059 5387 7023 6685 5964 9757 6608 2377 5229 8258 7831 8199 2773 813 8975 8887 971 6044 5371 6283 3057 7557 8724 9703 2000 3043 101 4369 8463 542 1603 6619 5667 4929 8208 8188 3303 6261 8253 150 4691 6268 7615 3461 6926 9156 1362 2943 4510 3894 1762 7382 8871 7142 2371 2306 3434 832 985 1547 3702 889 2067 5328 1581 5766 6959 2991 6519 8049
7414 8390 939 1592 8050 6624 7915 2933 4247 4534 4494 5183 9450 1954 9336 9378 9103 535 1479 4398 9574 9361 8089 1297 5437 2271 2490 146 3789 721 8969 7017 1013 4350 4075 1558 9108 2031 4784 9040 5137 6205 6266 3493 0 9421 8035 6953 9055 1933 729 3130 3122 2642 9480 7885 4395 3110 612 7926 8728 4516 2456 4720 2723 7535 1516 8228 5277 4471 1707 5631 9604 1848 2298 4243 9283 8521 8061 2481 7262 9937 5618 710 1118 6406 1605 4026 8676 353 4192 6006 1315 1248 3121 811 178 2851 1037 2411 2268 2895 6107 1008 3876 6278 5435 8851 2872 625 8661 6431 3878 1501 634 6860 2084 8845 5451 1159 7683 342 1882 2701 3363 6786 5458 8169 3600 2261 1449 5317 5787 1806 9270 2596 8805 7847 962 2712 9472 977 5968 9639 8605 36 7181 3087 3174 1046
896 7098 5571 3635 4192 6842 144 966 6397 4549 606 2571 6906 8284 2683 7737 3064 8876 9206 6048 26 1933 3769 8529 1986 1359 7128 4843 1669 9167 8755 8194 499 3332 5296 2503 2145 8595 5881 3281 9660 9936 4117 8042 9421 0 5460 3914 2173 1217 3136 1194 2166 3774 7695 2460 6763 4477 6158 9171 5968 9045 7063 7049 7903 2296 4699 8048 5637 5226 110 73 2779 7870 4537 2530 2194 460 7157 4564 5994 9423 9986 4715 6771 286 3552 8831 7657 6450 1119 1378 6568 9198 6985 842 8309 4704 5005 2891 4593 4939 8978 9580 8333 812 2478 7180 8690 8038 9775 4980 6680 3488 9637 4495 8729 4896 2472 8490 1744 6583 1314 5762 2821 8012 8450 9265 178 6850 5715 7556 7604 7380 3051 730 7697 1108 309 7644 6199 1373 985 5271 9272 1535 8105 4624 2070 499
6098 1313 2970 8805 3508 83 8666 9340 7313 4221 3813 2433 6557 4193 6784 5412 9105 3659 4291 247 3482 6399 6175 4143 7511 3456 2826 6506 6516 5055 4661 1782 7265 5399 2433 4670 3860 9722 1768 3365 5416 1064 8015 4001 8035 5460 0 4910 2414 6908 6631 2531 4621 6822 5226 6702 8207 1056 6263 8577 5302 9524 7090 3486 7716 984 1765 159 3493 3720 6818 3115 3959 2364 8569 9572 3862 5863 1919 1368 7353 1887 9113 9783 1461 7582 9044 1587 8758 9744 9965 4445 4233 7141 7434 5658 3085 1624 1038 4507 240 7518 8632 3292 3416 6301 4635 9555 2208 7656 873 9094 6875 7789 3714 2748 7183 523 4082 5082 7472 2401 924 3148 4355 3531 1397 1697 6832 4231 9028 1308 6283 7176 5835 5406 7537 9795 6063 358 5056 1792 3541 3616 2917 5095 9848 3062 9626 297
7770 4167 9191 5936 5811 8587 9821 9300 7413 1055 7663 1102 3013 9851 6092 5701 3860 5930 6864 4571 1645 8005 8020 9359 1018 4178 252 75 9322 5607 9505 7052 470 1158 7825 8736 7070 6873 8736 180 6229 3896 5018 4386 6953 3914 4910 0 7124 2161 1285 1475 3781 7711 1879 3864 7594 1946 2207 4163 7334 7642 9752 1564 1661 2638 5542 9512 3410 2324 9278 4980 3677 4878 213 912 4986 4591 260 390 7416 7002 3209 5659 2321 6770 1936 2263 1278 3136 2168 9015 4075 6485 8231 5633 7225 5129 8088 3015 6298 3169 2691 9630 6292 1593 7792 1614 552 5103 3049 5588 9716 6657 5457 1203 6786 580 7463 8959 5103 9002 379 496 6951 2007 8292 7744 6694 6907 4467 7131 8816 9983 4621 7636 4902 7968 3286 83 731 6497 8479 1954 8370 6156 2468 6339 5712 6790
202 3068 6311 3070 7729 2902 9107 7273 611 9367 6047 3982 8846 694 1111 4114 8134 1692 5573 8098 8720 7706 4944 3608 1647 6519 6585 1074 7880 36 1933 4349 7877 9021 4374 3182 7701 2155 9401 7995 9463 4835 6439 154 9055 2173 2414 7124 0 227 3968 7242 9872 3245 7475 3323 4350 8812 1304 705 419 1184 4349 7998 9691 4374 8298 7366 1607 778 1251 9285 2402 1809 1985 1771 4868 8379 43 1493 4851 1687 1304 898 1468 587 8363 8158 8059 3448 1999 1782 3940 1540 5955 3694 1607 9508 339 1590 6756 3069 5299 872 2888 6119 6444 6391 4104 4224 5633 4248 4245 6155 3762 3504 3183 6704 3006 4571 4039 5376 4913 781 1301 8735 63 2372 7030 3454 9138 8237 8580 8153 310 9524 8538 4645 8230 6516 3997 1718 899 4077 4094 8922 2737 4184 136 4976
9708 2999 7754 8537 9564 6482 7420 5490 2632 627 4020 5585 1168 8661 479 3144 689 6049 6498 7507 8830 5675 5212 4038 552 8105 9772 2140 621 6260 9304 2363 6667 1805 1089 2794 4699 9466 9145 4145 5434 8651 6895 4223 1933 1217 6908 2161 227 0 8581 8880 8978 4848 5959 1996 6413 3731 1594 3342 3262 6619 2829 3690 8693 3543 3798 9210 127 9359 5365 4588 1149 5242 8219 2872 910 2729 5333 3503 5813 3803 4975 4814 4091 8896 6171 3677 2685 4661 8074 1670 9401 5775 4571 2757 889 679 8964 1126 5002 5036 3663 7387 4988 8979 5324 4295 6977 2904 1419 671 1290 4203 7175 7274 3004 4363 551 1423 4185 4307 6881 1152 2280 5619 1056 9412 6919 7732 1030 6607 4967 4591 8027 36 9801 5672 5563 1016 5974 5247 708 9921 1978 3941 482 9995 9897 9671
7957 635 1795 2675 8937 6076 7874 1379 7226 3015 5060 8118 3598 1103 8734 4754 5719 4399 1854 1508 6234 4635 7774 6705 6765 2078 2971 317 2609 5983 9702 9404 7923 7177 9721 633 3350 7900 952 9703 5173 5735 1612 7651 729 3136 6631 1285 3968 8581 0 2490 9052 4678 4277 1760 8800 8023 9870 2680 8026 667 3964 6431 5721 6554 3415 3939 4453 2850 3125 1800 412 4503 7882 1286 7707 5771 3208 9892 2252 225 4147 7268 9124 9921 2364 5632 4104 8244 191 8554 5402 2802 7384 7741 3198 9168 5090 9453 7232 8999 7697 1279 6036 486 7262 9544 7174 3581 7477 13 7124 2048 263 2511 2949 6174 462 9526 9390 6123 2943 9712 9838 5712 7289 6022 5196 2616 4036 3366 7394 9652 7570 9874 3694 2006 5343 8894 4289 3445 7822 4322 3556 7863 3858 6452 5799 9421
3495 295 2561 3433 4384 7656 5147 6283 4574 8276 4530 4192 9942 2126 2218 5381 9215 950 3980 898 6732 4709 4871 1183 334 1265 2429 9138 160 6891 5029 2643 5929 6267 9141 1154 4956 9062 3206 8938 6798 1062 6520 7408 3130 1194 2531 1475 7242 8880 2490 0 7025 8491 710 6642 6060 512 7959 4097 3604 8718 6433 4592 9279 2318 5891 7274 1380 8807 6475 1482 6012 6621 6190 6929 4407 6149 6066 1567 5482 8322 3171 6189 9740 6058 4606 1034 2717 5221 9935 8489 4991 8766 3085 2972 5861 5317 2242 8246 8589 4515 4952 6248 9187 9921 904 6796 1443 6053 7943 2016 874 4197 670 8159 3419 5048 438 5024 1454 3405 1146 38 9486 9468 4213 3311 6240 7506 5493 596 5064 3639 4543 5189 8873 1141 8084 7760 6343 7900 9530 7826 3736 8373 3279 7909 2908 1192
3981 3543 4409 5744 6000 5037 2325 7180 7884 1412 6933 6489 153 6055 8340 9331 6820 2746 4040 8420 2204 8992 988 2469 2872 187 4382 2178 845 3271 4991 1151 1950 5120 9973 8446 3651 4303 7477 7075 4477 926 7007 1622 3122 2166 4621 3781 9872 8978 9052 7025 0 1462 4717 4469 9642 3065 3554 4009 9017 9775 6890 8393 2501 9100 1057 6352 2600 2907 8947 6838 4279 3798 4183 8159 7227 8743 5114 6464 4495 8812 6686 1095 4151 2297 8778 3083 5258 7054 2095 6591 6422 4 8840 3507 1728 3114 4509 750 4622 1294 4834 379 1365 6946 8952 5649 2213 2028 4222 6773 6136 7328 8947 1085 279 2842 9837 1308 9606 8598 6795 8543 4598 3832 924 45 9784 6191 198 7011 7229 3689 2137 4017 6466 9341 7660 847 6432 6975 781 4256 3990 4281 1427 2576 3731 519
2274 4956 7496 9108 8570 2138 9390 3157 3018 8751 9349 183 7615 9934 1142 6137 6770 7090 8253 8484 90 4736 7129 4815 9105 6200 389 253 9895 5705 516 5398 2809 8153 303 8860 9 9623 7576 3109 5257 4687 6643 6202 2642 3774 6822 7711 3245 4848 4678 8491 1462 0 6100 605 386 6950 7247 1414 6937 3842 1108 365 3553 9071 182 1200 5063 2082 9126 7779 1142 9382 3932 2213 7987 4761 1216 8668 3683 4220 8378 6348 8300 3048 5381 6990 6621 570 3493 9225 8716 9929 5852 7516 7100 8839 4524 8643 674 8002 8783 8994 5065 93 6159 2709 6206 7113 4669 9976 1760 59 5603 156 8504 9937 4822 4135 3326 4267 5009 1195 6822 1773 5971 3953 263 53 9111 1313 7857 374 1625 613 1812 3377 2860 3544 2571 8037 8938 1649 8069 1552 4339 5631 6034 7295
