50
0 8896 3847 9285 6545 9273 477 7052 7536 9048 9507 2396 7831 4979 8739 739 4743 228 2421 5249 977 4003 506 2698 4301 3900 6245 3709 8663 9922 5332 9612 2323 1654 4050 7198 8454 6319 5670 2515 7345 2866 9150 4733 6073 304 8648 4435 8078 858
8896 0 2001 2673 15 6507 8975 1052 5347 5398 1165 2552 6221 2192 4974 8876 662 9509 1995 7529 8311 2345 7982 1978 3551 2520 5033 3753 16 888 4231 1598 2980 7176 8546 5370 2119 3033 5136 6432 2380 9287 7340 4516 4122 9909 8893 3005 2217 6094
3847 2001 0 2490 3969 333 1996 3304 5017 103 5019 5292 1608 4617 7646 8853 2614 7253 1745 1521 5718 6585 2946 2651 3397 1202 109 1496 6573 1367 2059 4044 7433 863 6704 7366 1912 509 6502 5581 3295 3965 9629 7137 5682 7435 8711 5933 2084 6308
9285 2673 2490 0 1097 4799 6858 4623 4783 1921 3508 7155 5330 7280 4627 3073 7874 4975 6223 1467 1944 7367 1026 9286 7274 7005 4200 8101 4237 6472 1689 3795 8224 2564 8374 7085 3126 100 7883 6264 5619 6162 2023 9127 1380 6428 2556 5041 6720 8437
6545 15 3969 1097 0 2101 4714 5316 7307 7669 4714 9658 7831 2276 2838 4160 8196 259 6772 409 4499 8785 8142 6131 3500 6996 330 7675 6735 3220 1519 1458 3625 5081 6147 3322 6794 6088 9445 7444 7099 5989 6375 1760 3699 1127 5054 8500 1881 9555
9273 6507 333 4799 2101 0 7327 6776 5750 9345 6850 2814 3929 9682 8310 8892 6976 5398 4096 6316 5167 8086 7311 608 8185 9225 8373 3391 879 2607 922 5665 4882 1289 3530 3872 8165 4893 7235 8806 6706 8731 1257 697 1084 2831 3393 1513 6231 2503
477 8975 1996 6858 4714 7327 0 8644 4946 5922 1096 2320 9065 5319 7012 3676 2036 718 1291 7980 5323 560 6603 4574 6084 7302 3816 4374 3046 7663 2972 2610 7426 5694 2198 9762 6434 9204 1067 3123 4975 5940 4480 8724 3869 1641 9091 5479 6289 3779
7052 1052 3304 4623 5316 6776 8644 0 5225 211 155 7284 7061 6091 4940 8178 3806 9383 3611 4893 3415 5734 9192 7826 9388 5834 6202 1359 163 9425 487 9653 8933 6361 5161 8157 3411 7131 9016 9798 3430 8017 599 7693 3573 5344 7730 9 4243 4786
7536 5347 5017 4783 7307 5750 4946 5225 0 2243 7261 3375 4670 8767 8056 9795 3011 3239 5091 6523 5619 367 1571 4862 5709 3164 9463 2404 2833 6781 4676 1913 6118 9649 2420 1579 4970 4124 8437 6774 4424 7454 4642 9193 5629 4176 215 3641 5408 3758
9048 5398 103 1921 7669 9345 5922 211 2243 0 5259 3251 7049 4308 5606 391 5061 4619 222 8403 4461 2250 3475 5985 1911 6016 5607 1958 8325 2944 6999 4097 1420 9475 7310 8172 4997 5998 8616 8475 696 5628 6893 4295 9203 2975 7791 8172 5399 2197
9507 1165 5019 3508 4714 6850 1096 155 7261 5259 0 4001 4227 9966 1615 3858 4058 4045 550 3228 8576 3902 2142 8775 8096 5743 8164 6118 947 3151 3778 6966 8481 7801 3074 739 5630 674 1401 4491 5722 1928 7952 2439 8407 8654 2858 1578 8468 2434
2396 2552 5292 7155 9658 2814 2320 7284 3375 3251 4001 0 6160 2073 4971 3562 9546 5478 7704 1294 7842 5536 6520 3394 5633 327 8051 8000 3281 3260 8942 8234 1923 7543 3673 9843 1638 5521 2451 1677 3120 9153 5200 5926 1280 6727 1708 8860 710 4867
7831 6221 1608 5330 7831 3929 9065 7061 4670 7049 4227 6160 0 6298 7583 7726 4426 5614 4934 8931 413 3072 8016 2909 1297 3346 5640 9529 6964 3083 1040 1350 8659 718 9927 2071 258 8630 7999 7185 9748 4147 4509 478 6725 9266 4432 8654 673 4437
4979 2192 4617 7280 2276 9682 5319 6091 8767 4308 9966 2073 6298 0 2239 7558 3395 3438 3983 2400 457 9552 4417 2149 7974 6771 5928 53 7122 6867 934 8290 1710 8165 9576 692 6638 2228 8076 8048 2866 2378 8392 6618 2153 8250 6880 4554 4360 1392
8739 4974 7646 4627 2838 8310 7012 4940 8056 5606 1615 4971 7583 2239 0 3919 1888 7532 5962 9336 1604 8379 8763 8398 3000 8483 3525 2252 271 1511 5382 3790 5131 3743 2031 771 6851 2970 567 1516 7824 7935 3456 6684 4941 3376 2346 9090 9753 7598
739 8876 8853 3073 4160 8892 3676 8178 9795 391 3858 3562 7726 7558 3919 0 7704 2748 695 5637 9102 3423 5474 1938 3443 7223 1746 1921 5476 8521 8453 9481 9212 2430 779 4406 9646 118 8092 9462 6898 9381 878 2113 5401 6977 6903 1096 7082 3934
4743 662 2614 7874 8196 6976 2036 3806 3011 5061 4058 9546 4426 3395 1888 7704 0 9191 8508 5926 8475 6408 2415 6993 4280 6085 4874 9979 1480 7218 277 5297 1868 6475 8122 7354 2867 9696 1964 6012 604 3918 9261 251 2479 841 4684 7622 5305 955
228 9509 7253 4975 259 5398 718 9383 3239 4619 4045 5478 5614 3438 7532 2748 9191 0 3853 3949 7345 4175 7694 7279 6348 1912 3826 3050 5987 1873 5726 9727 7524 2377 991 6957 3534 1123 7292 9502 7757 2135 1633 9643 128 6896 6699 4089 8247 1994
2421 1995 1745 6223 6772 4096 1291 3611 5091 222 550 7704 4934 3983 5962 695 8508 3853 0 9626 3750 7201 5613 3561 9386 5320 1479 7202 2978 8485 5417 1069 5365 9929 310 1815 4102 6724 2870 8195 5612 555 7338 2035 5276 9182 3363 2803 5015 8778
5249 7529 1521 1467 409 6316 7980 4893 6523 8403 3228 1294 8931 2400 9336 5637 5926 3949 9626 0 2438 8442 4382 4172 9599 4516 7318 2556 4803 4292 7186 3484 9963 2710 9624 3151 7275 2157 3501 5443 2841 6473 4996 6615 7783 6495 2535 5981 793 6971
977 8311 5718 1944 4499 5167 5323 3415 5619 4461 8576 7842 413 457 1604 9102 8475 7345 3750 2438 0 4106 2888 8607 5464 3389 6247 4449 2214 2105 5891 7548 8402 8628 9785 3389 2250 2901 5509 8902 4344 38 7096 3054 1129 4258 1497 3467 1787 4863
4003 2345 6585 7367 8785 8086 560 5734 367 2250 3902 5536 3072 9552 8379 3423 6408 4175 7201 8442 4106 0 9011 8181 5354 9801 4072 4770 4589 5674 891 9270 1859 9382 729 374 2691 9278 4228 8655 1280 9596 7040 3157 3967 8008 8917 5590 7444 753
506 7982 2946 1026 8142 7311 6603 9192 1571 3475 2142 6520 8016 4417 8763 5474 2415 7694 5613 4382 2888 9011 0 5001 4195 1921 6514 5839 9060 4867 1651 3258 9918 5307 4621 4491 4464 9995 1421 3835 710 1390 6256 5733 9410 3058 7143 5565 4409 4059
2698 1978 2651 9286 6131 608 4574 7826 4862 5985 8775 3394 2909 2149 8398 1938 6993 7279 3561 4172 8607 8181 5001 0 2696 8456 8366 4837 2942 9458 1816 9057 2852 502 3961 6025 8418 8423 7804 2225 9070 6871 9506 7672 2709 687 6101 1411 302 5209
4301 3551 3397 7274 3500 8185 6084 9388 5709 1911 8096 5633 1297 7974 3000 3443 4280 6348 9386 9599 5464 5354 4195 2696 0 2344 420 9866 983 3008 2110 4986 4822 1776 8298 2587 6693 2544 8888 4837 5229 2878 2192 7357 2698 7296 6594 2955 2079 4964
3900 2520 1202 7005 6996 9225 7302 5834 3164 6016 5743 327 3346 6771 8483 7223 6085 1912 5320 4516 3389 9801 1921 8456 2344 0 6309 2220 9034 5309 9045 3934 6615 6059 1439 8671 5403 9929 7485 1551 8777 9077 9380 1926 9296 4184 9985 1596 2489 5379
6245 5033 109 4200 330 8373 3816 6202 9463 5607 8164 8051 5640 5928 3525 1746 4874 3826 1479 7318 6247 4072 6514 8366 420 6309 0 5276 6676 309 8818 1603 1653 2950 6905 4259 5198 907 2383 4480 2047 6087 5692 5624 2517 7485 7547 716 5566 4982
3709 3753 1496 8101 7675 3391 4374 1359 2404 1958 6118 8000 9529 53 2252 1921 9979 3050 7202 2556 4449 4770 5839 4837 9866 2220 5276 0 5262 8409 1659 5153 910 5787 8693 6614 5834 9075 9097 9678 5939 7363 4485 2260 1152 4999 1387 3196 7054 642
8663 16 6573 4237 6735 879 3046 163 2833 8325 947 3281 6964 7122 271 5476 1480 5987 2978 4803 2214 4589 9060 2942 983 9034 6676 5262 0 659 8665 4635 9076 8839 2958 6721 9130 8822 1474 2184 4082 1686 2273 7243 19 3902 847 3692 174 3881
9922 888 1367 6472 3220 2607 7663 9425 6781 2944 3151 3260 3083 6867 1511 8521 7218 1873 8485 4292 2105 5674 4867 9458 3008 5309 309 8409 659 0 2501 6183 8704 2444 2560 8642 9439 6520 7846 4552 76 3802 5176 4983 9158 7975 570 5961 7146 2069
5332 4231 2059 1689 1519 922 2972 487 4676 6999 3778 8942 1040 934 5382 8453 277 5726 5417 7186 5891 891 1651 1816 2110 9045 8818 1659 8665 2501 0 7383 2117 9219 9822 8669 5428 118 8018 9042 9015 2438 146 5532 7832 6518 6109 9287 450 8084
9612 1598 4044 3795 1458 5665 2610 9653 1913 4097 6966 8234 1350 8290 3790 9481 5297 9727 1069 3484 7548 9270 3258 9057 4986 3934 1603 5153 4635 6183 7383 0 742 2017 7684 1250 1449 9338 6557 5273 3812 4277 7333 1280 7286 8831 9152 7281 9503 5052
2323 2980 7433 8224 3625 4882 7426 8933 6118 1420 8481 1923 8659 1710 5131 9212 1868 7524 5365 9963 8402 1859 9918 2852 4822 6615 1653 910 9076 8704 2117 742 0 8688 9875 8837 5681 7969 3560 7059 1233 6772 2026 8350 5661 2066 8884 6922 3417 3908
1654 7176 863 2564 5081 1289 5694 6361 9649 9475 7801 7543 718 8165 3743 2430 6475 2377 9929 2710 8628 9382 5307 502 1776 6059 2950 5787 8839 2444 9219 2017 8688 0 3631 3936 3634 5591 383 6575 4483 4692 925 248 8653 6857 4924 9192 6383 9787
4050 8546 6704 8374 6147 3530 2198 5161 2420 7310 3074 3673 9927 9576 2031 779 8122 991 310 9624 9785 729 4621 3961 8298 1439 6905 8693 2958 2560 9822 7684 9875 3631 0 4912 9403 2783 7718 7443 7600 4685 6574 656 1597 7635 5287 3049 8305 452
7198 5370 7366 7085 3322 3872 9762 8157 1579 8172 739 9843 2071 692 771 4406 7354 6957 1815 3151 3389 374 4491 6025 2587 8671 4259 6614 6721 8642 8669 1250 8837 3936 4912 0 8001 2879 3784 4442 6049 9867 1822 5386 102 9535 5788 5722 6346 9792
8454 2119 1912 3126 6794 8165 6434 3411 4970 4997 5630 1638 258 6638 6851 9646 2867 3534 4102 7275 2250 2691 4464 8418 6693 5403 5198 5834 9130 9439 5428 1449 5681 3634 9403 8001 0 1840 5538 5411 5394 5002 2329 2880 379 9657 1032 7564 8895 5141
6319 3033 509 100 6088 4893 9204 7131 4124 5998 674 5521 8630 2228 2970 118 9696 1123 6724 2157 2901 9278 9995 8423 2544 9929 907 9075 8822 6520 118 9338 7969 5591 2783 2879 1840 0 3600 8222 1702 35 6115 3533 6702 8763 4226 5427 4152 8764
5670 5136 6502 7883 9445 7235 1067 9016 8437 8616 1401 2451 7999 8076 567 8092 1964 7292 2870 3501 5509 4228 1421 7804 8888 7485 2383 9097 1474 7846 8018 6557 3560 383 7718 3784 5538 3600 0 418 1229 8738 4321 9185 5908 1194 9462 9105 6266 9431
2515 6432 5581 6264 7444 8806 3123 9798 6774 8475 4491 1677 7185 8048 1516 9462 6012 9502 8195 5443 8902 8655 3835 2225 4837 1551 4480 9678 2184 4552 9042 5273 7059 6575 7443 4442 5411 8222 418 0 4206 301 5673 6822 401 4838 4170 266 6016 808
7345 2380 3295 5619 7099 6706 4975 3430 4424 696 5722 3120 9748 2866 7824 6898 604 7757 5612 2841 4344 1280 710 9070 5229 8777 2047 5939 4082 76 9015 3812 1233 4483 7600 6049 5394 1702 1229 4206 0 9532 962 3876 9040 8668 7514 1557 9737 5542
2866 9287 3965 6162 5989 8731 5940 8017 7454 5628 1928 9153 4147 2378 7935 9381 3918 2135 555 6473 38 9596 1390 6871 2878 9077 6087 7363 1686 3802 2438 4277 6772 4692 4685 9867 5002 35 8738 301 9532 0 1171 8722 4174 5707 1606 2352 1277 7517
9150 7340 9629 2023 6375 1257 4480 599 4642 6893 7952 5200 4509 8392 3456 878 9261 1633 7338 4996 7096 7040 6256 9506 2192 9380 5692 4485 2273 5176 146 7333 2026 925 6574 1822 2329 6115 4321 5673 962 1171 0 7362 3868 2926 8724 4504 8495 5572
4733 4516 7137 9127 1760 697 8724 7693 9193 4295 2439 5926 478 6618 6684 2113 251 9643 2035 6615 3054 3157 5733 7672 7357 1926 5624 2260 7243 4983 5532 1280 8350 248 656 5386 2880 3533 9185 6822 3876 8722 7362 0 7770 4110 6699 9157 9404 3262
6073 4122 5682 1380 3699 1084 3869 3573 5629 9203 8407 1280 6725 2153 4941 5401 2479 128 5276 7783 1129 3967 9410 2709 2698 9296 2517 1152 19 9158 7832 7286 5661 8653 1597 102 379 6702 5908 401 9040 4174 3868 7770 0 1391 403 8889 8799 9418
304 9909 7435 6428 1127 2831 1641 5344 4176 2975 8654 6727 9266 8250 3376 6977 841 6896 9182 6495 4258 8008 3058 687 7296 4184 7485 4999 3902 7975 6518 8831 2066 6857 7635 9535 9657 8763 1194 4838 8668 5707 2926 4110 1391 0 940 2397 7198 5629
8648 8893 8711 2556 5054 3393 9091 7730 215 7791 2858 1708 4432 6880 2346 6903 4684 6699 3363 2535 1497 8917 7143 6101 6594 9985 7547 1387 847 570 6109 9152 8884 4924 5287 5788 1032 4226 9462 4170 7514 1606 8724 6699 403 940 0 3032 6689 6743
4435 3005 5933 5041 8500 1513 5479 9 3641 8172 1578 8860 8654 4554 9090 1096 7622 4089 2803 5981 3467 5590 5565 1411 2955 1596 716 3196 3692 5961 9287 7281 6922 9192 3049 5722 7564 5427 9105 266 1557 2352 4504 9157 8889 2397 3032 0 9689 4848
8078 2217 2084 6720 1881 6231 6289 4243 5408 5399 8468 710 673 4360 9753 7082 5305 8247 5015 793 1787 7444 4409 302 2079 2489 5566 7054 174 7146 450 9503 3417 6383 8305 6346 8895 4152 6266 6016 9737 1277 8495 9404 8799 7198 6689 9689 0 7029
858 6094 6308 8437 9555 2503 3779 4786 3758 2197 2434 4867 4437 1392 7598 3934 955 1994 8778 6971 4863 753 4059 5209 4964 5379 4982 642 3881 2069 8084 5052 3908 9787 452 9792 5141 8764 9431 808 5542 7517 5572 3262 9418 5629 6743 4848 7029 0
