300
0 3146 3965 8622 6000 4363 6198 7884 5808 7064 1577 8015 4276 4536 1079 21 6019 2033 3574 3234 528 1599 7997 7537 6267 5634 3942 9570 1012 871 9884 7239 8861 6860 7985 5777 3757 8062 6638 2881 8630 5593 6726 487 1689 4995 5327 5436 2937 2357 6158 4999 5444 9522 7505 7555 53 5581 3205 885 9199 1799 4303 3994 4863 658 4530 1281 6202 3916 6614 7364 8348 7340 5520 7877 4402 7457 7115 3990 186 2520 7833 8015 3960 9130 314 1389 9597 5059 2800 7194 9550 9940 3479 772 5650 8096 7718 6652 6519 9928 3305 9519 8806 4703 9782 6079 5060 51 4783 4215 3136 7563 4297 8006 5717 7418 8668 1712 1015 8897 9803 125 610 2976 2837 3933 2658 645 5872 6745 6411 5716 5392 770 230 2130 164 7597 1886 5071 7270 1319 860 7282 5186 7952 9356 2844 7676 426 3542 846 6382 3278 2403 3409 8873 7809 7014 6204 5687 6902 3442 5795 2737 3982 5635 1197 9682 3192 4518 7289 5120 8795 5273 9747 8648 6496 4010 7030 3668 9370 1273 72 2086 6041 8772 9720 1934 197 7849 9631 4907 8371 2403 2834 9559 4930 6968 7720 5179 1300 7272 4815 5287 3613 5643 6838 9616 1775 4747 2829 3376 6362 412 6598 2543 6386 5727 4771 7362 4605 6751 3086 9705 407 5268 6692 6850 1218 7492 1936 2579 8393 8515 3682 1484 9139 9688 9880 3843 7167 1800 4404 2705 4298 9588 6208 8819 9716 9081 2686 7901 9850 9234 6285 2079 9072 4807 5884 214 8931 3742 9863 5168 2719 5432 3310 223 5755 6522 9834 7618 1049 1547 4148 9701 6288 4486 9377 8956 242 2124 9461 6164 5174 4169 5580 7636 97 3487 1389 5862 7104 2886 1289 8933 3926
3146 0 5482 2171 3156 1224 6507 2022 7178 7021 8873 3683 1905 9258 15 4325 1912 3704 3635 4164 2171 6721 3213 7367 9869 1421 9959 4999 7602 1121 4689 481 6971 9871 8961 4010 2839 4447 5622 2235 8533 4853 6619 588 9410 4136 607 9456 8892 6964 524 8287 6960 2330 6356 4231 6426 6833 309 3979 5071 579 3789 9271 8155 1726 1340 4233 6561 8203 4574 2941 3628 6584 9058 3177 2636 7896 2796 4086 6903 5693 4234 1822 6049 3360 4780 7837 9068 841 7971 9118 2150 7272 1095 6490 1271 740 6053 4270 9539 5287 3574 6316 732 8497 7755 4552 9682 8309 5589 3726 9118 8194 6627 5912 7316 967 8254 6091 76 751 1470 9984 5128 6837 4211 446 3123 6619 2800 3187 5576 1759 374 3623 239 9873 388 3832 6318 4398 197 2181 1403 8393 6050 3959 3735 8631 7309 6886 459 8420 2744 4158 9017 2061 9634 1317 4584 6272 5797 6872 4042 9849 7920 1048 4160 1092 3815 6281 4078 7470 922 5378 5193 8786 303 4029 3229 5243 2589 9248 5437 5812 8326 153 9409 8383 3409 4307 583 6659 7642 420 5487 8618 1177 2979 9103 5313 4761 8535 3589 139 9402 2484 684 6564 7019 9707 5710 2630 3312 4810 6084 7026 1581 9660 3639 3778 7705 1100 8387 780 8866 3251 6987 8824 3836 4007 4310 3110 7359 4705 177 5795 4055 1306 6508 1604 9830 4037 3991 7746 1997 3527 1321 489 4556 1246 106 8562 811 4788 1369 8066 1969 9198 2227 192 4968 7929 344 8834 9092 8800 7230 8435 7622 2795 7191 2403 1479 2916 9873 7209 3348 9958 5215 7268 1168 9515 5935 1398 5594 5035 8147 7771 7541 9391 8874 1233 7469 5880 4482 6963 7696 3060
3965 5482 0 7579 1560 7080 3493 5626 7207 2430 9494 9310 2927 7735 6240 8605 8639 2284 8186 3716 8300 3844 9544 7982 5593 3647 8264 9574 406 5386 4776 5251 1344 8349 5067 6524 1592 2864 3752 4083 7141 9471 4720 8000 1751 5138 9903 3955 7358 1607 8882 7300 4180 9228 1706 235 5334 6480 4256 7552 6336 5834 7838 5911 278 1817 5651 2278 8785 3701 9488 9353 1670 6005 6909 7456 3243 8571 9131 1479 3889 623 1117 4040 302 3143 7398 7381 1923 8685 8679 8229 1927 8783 2466 7219 6764 8221 2566 9014 3321 7907 4990 9116 8158 805 296 1038 8226 8334 4756 3361 138 3163 7149 9983 4825 2794 8455 5409 5784 8977 844 1713 442 976 8652 3204 6361 1973 7992 1152 4940 4238 188 9300 6196 3512 3573 9344 8668 2794 2599 6341 8536 1312 1050 6922 5126 5158 6128 2467 3548 4503 6872 4361 9472 1066 8083 3568 8444 2858 4682 234 6732 6962 9395 816 4699 8858 4961 7664 6633 3777 4796 4105 7556 3530 9759 8067 1038 143 8109 4045 6933 8811 2604 1349 3175 5496 799 4259 6704 4023 7005 2682 7018 4097 1092 2764 5713 3103 8344 77 9513 3572 2377 4556 8179 8218 7626 7135 4064 9732 9425 994 7255 5680 6364 4122 5447 7761 6368 5649 9679 6420 2133 8882 3841 2372 7319 6328 6740 4046 94 1468 2152 1463 6721 5827 9843 2020 6585 4520 8853 3150 6598 7790 3614 8706 67 4894 2407 5381 2963 4503 6923 1899 5224 1396 4116 1686 768 8690 1813 8275 4322 7470 7147 6635 893 3129 5596 5301 7790 1299 9510 7191 7898 8871 6777 4878 4772 6689 157 6522 3757 6252 3978 9914 5438 4149 1577 2593 3495 453 9287 4981 3188 2665
8622 2171 7579 0 2965 1562 2184 5199 9972 7609 25 3126 4055 1025 6356 8859 4115 3859 7804 4258 3316 2139 3361 2460 3034 8167 9524 8616 3813 345 848 496 5307 2460 1704 6722 9216 4071 1371 5684 7175 7885 9643 5352 7853 7900 3335 9156 9529 8526 2739 7194 4715 9540 6948 9644 9727 7302 9340 382 1976 9148 2431 1510 2023 9602 7773 2754 7098 1535 3725 4151 3343 5444 9141 5430 3506 43 4193 1830 3232 9097 2173 4597 4757 6774 397 6081 454 6770 4778 8491 4455 2995 7663 1457 8935 3495 6960 9205 7665 8432 5835 6091 5697 6994 1746 4144 4947 8253 9846 5003 402 6832 4480 5329 3123 2213 2785 9634 9581 6484 4973 3335 3511 2746 4227 8572 9609 2221 6615 7665 1422 9333 7135 7386 8292 4344 7592 2325 9628 6171 6967 6595 596 8723 8143 7755 6440 9934 327 5747 5415 4592 732 4403 1442 2335 7975 6784 6944 4104 7599 7821 6217 2644 4932 9176 4437 9277 3608 8043 5005 4535 6239 9964 8024 1359 5413 9900 4707 1143 9094 3427 3016 2583 4510 9607 7988 3846 2734 7935 4145 6583 3596 8962 370 6591 6003 2029 5551 4614 9347 1898 9872 9087 4567 852 1233 6089 2850 8622 2250 5168 4471 1492 2669 893 5263 9697 9718 2515 9139 5019 2232 6367 3083 4952 7205 4691 1034 4918 3960 8351 5523 3032 6658 7323 6710 408 7355 381 254 9620 3572 6890 7012 7852 4920 4170 7877 1241 406 4443 1432 6584 76 7187 1841 2992 3880 6382 1374 274 204 2046 6798 5275 8064 7734 7838 4050 3493 3389 6908 8533 2461 7055 7414 799 4037 9150 2636 3968 1455 4507 6342 7972 6679 7364 8408 6508 8228 6097 2394 336 4291 7471 5026 5420
6000 3156 1560 2965 0 3144 6144 3368 5533 3941 1227 9920 495 1961 9359 3528 3526 265 1577 4580 4937 3724 8609 8355 6275 1520 6277 1727 6964 9759 4594 84 3034 8828 9242 3053 681 5884 6870 1771 6963 7929 5977 5107 1848 7965 4072 6906 8560 2414 8864 2627 9370 2559 4513 4054 2915 4797 2671 4396 4564 4818 2581 2843 1640 7808 9110 3270 9521 3681 5354 268 6086 682 7691 7381 697 2258 2173 9111 9869 2708 2462 7532 3000 2323 5176 1922 3364 9855 8960 9752 84 5219 4823 7469 5111 7563 8298 8983 265 3729 9024 5445 1196 7671 6189 4442 8308 7986 9021 1492 7784 8311 4894 8614 4108 7716 5932 6019 3326 8833 9966 8048 3472 4608 619 6055 9339 7980 3056 9045 3163 3071 4231 3527 4451 5946 3756 5604 6520 1656 1644 2843 1876 2045 1415 242 1661 1842 3902 672 5610 7964 1509 6529 8175 5941 9961 5706 9193 5678 2867 6674 9800 699 8443 3027 6706 6635 5026 1238 9015 8679 7703 4160 7802 3722 1656 4495 6800 6301 6736 6005 4917 853 9381 3592 5510 8089 9636 9062 7804 4309 4556 274 9180 6421 3853 2374 4739 8889 6829 254 103 2206 3071 5881 8422 2019 8428 4920 2454 243 6453 9165 9902 1322 7590 1846 5546 2724 2313 9783 8976 5912 2720 3571 3100 4760 91 9230 2435 8489 8568 8183 1379 5412 1984 4419 3527 3850 6063 6532 9210 3228 3733 2215 9164 5461 7606 8578 9664 8426 6434 7046 9864 6027 9284 3871 9747 2593 9763 4502 6269 4494 5906 5543 3625 8893 5255 9349 377 7083 8543 4660 4976 9699 3887 6545 8143 9324 8525 6414 753 6314 7159 2903 964 8763 8602 3236 4664 7048 6837 2612 5478 1990 7675 7112
4363 1224 7080 1562 3144 0 6559 9336 73 4840 3521 60 2924 277 1682 7360 933 9836 4654 2773 5807 8814 2789 7460 7083 7105 3419 3741 3051 2265 300 1519 4654 7078 5184 5253 3653 7713 7039 2639 5701 7381 2182 3573 5045 3044 3044 7718 8704 3132 6025 9940 6545 3582 9892 683 5829 6809 1066 9060 6854 8517 8535 8430 3942 4914 2714 6708 5515 1788 6419 3739 9790 5835 5620 6634 8891 3670 6272 3505 2515 9811 6039 3436 2437 3844 6168 8040 6671 5956 4741 7691 9902 7300 2899 9253 4164 2438 8326 7305 4441 4106 6246 3766 9642 5824 3353 4822 8744 7087 1660 8582 732 2295 5873 1257 7436 7122 799 266 2322 2514 5399 1609 8794 667 553 8203 9507 8646 4908 7340 1917 4731 5055 9171 6198 8961 8390 4801 4145 7354 2638 7254 1133 2722 5598 2328 3979 3649 5010 1929 688 1623 1674 4526 5575 2081 1979 8027 8682 4106 8635 7226 5407 369 6599 8833 9835 1619 5266 9991 9019 2669 2263 6186 2069 7221 5180 8246 4811 6338 1550 1894 9381 6 5278 134 4212 2316 9054 5261 2250 852 9303 659 5008 5442 4669 4560 938 4933 7697 8750 1975 1038 9529 844 8791 3147 8816 4965 966 2036 3598 8240 6340 1171 2708 5070 4047 2415 1168 1714 564 7866 2332 3736 1220 7343 3526 9071 8929 4515 1897 4664 5292 7295 3085 7369 768 7053 9510 7880 961 7164 3601 9459 9200 3907 2354 1995 7726 8886 5382 3701 3686 2692 1329 4533 7408 4887 5436 4087 8363 841 9446 7144 3416 2311 15 5663 5858 8444 8626 4667 5799 6444 8525 4590 7782 9144 8397 297 5164 3120 7309 1051 6784 2818 2139 7561 1691 2126 918 954 9511 1966 3682 1141
6198 6507 3493 2184 6144 6559 0 7773 5406 9835 2459 1079 293 4622 3577 4033 6175 7913 2472 5303 3103 2283 6391 2659 2184 6795 1300 8373 3795 3289 3767 3354 9321 9959 1258 6542 30 9797 3914 4209 6120 5705 91 2815 3516 8371 8519 5769 8 5553 6730 8787 2190 6537 2334 9419 6977 4435 7588 2282 2653 5331 7244 9069 8720 1410 5689 2322 9849 8513 8791 7482 8496 4166 8411 3087 3758 7104 1998 4023 3080 3739 31 9154 4824 4023 7381 9546 3404 2037 1588 8468 684 878 9230 2600 572 6671 3771 4137 5435 2854 5385 6616 2077 2106 2737 5279 4297 6054 4477 2426 9810 6801 6576 7537 2051 1882 9502 1973 7900 7213 3922 6925 3066 5930 4463 8297 6809 5609 4759 5512 5922 2070 3777 392 3797 3764 4248 1100 3149 2835 2630 2035 4776 6377 3786 918 5810 6400 7745 4460 840 2162 3933 966 9193 1712 2523 8105 3436 9153 5667 3112 3904 6003 4849 4204 5595 9976 7669 4209 1621 6278 2612 1107 9741 4771 7254 1593 6194 911 6726 4028 2963 4170 8497 5136 8937 3018 6363 8136 1071 5745 5738 7577 2594 5409 974 8561 9035 7495 261 9628 3622 4172 6312 1113 5965 2703 3568 2385 7547 4631 7913 682 7105 6561 9181 7730 4968 1004 4162 3199 9530 5685 2583 8289 2600 7955 7173 8136 5620 1034 4712 4329 1109 7224 8623 8717 7928 1638 3562 2750 7156 1539 7252 3312 2097 8514 2156 7714 3732 6413 323 657 2608 4720 1784 4292 5130 7885 3663 8800 4967 3450 7634 538 1874 1746 6788 8359 5404 7134 8681 1024 1340 7820 8013 3276 7941 1090 9040 3739 831 3524 7312 5363 7312 78 4196 8687 2012 9372 5684 8880 4773 2162 5389 1907
7884 2022 5626 5199 3368 9336 7773 0 6264 9135 4947 8384 2095 1939 4160 3622 7781 514 4047 1878 5532 9790 8034 6569 976 6552 8130 1935 4091 3839 401 8145 9782 9944 5629 5207 1865 5366 3800 3274 7678 2070 4953 2495 5458 6866 2864 8863 7226 139 9065 8691 7510 3634 1387 5383 9760 7375 849 5971 7591 2761 9206 8389 358 3812 2405 5953 442 1999 2891 6200 1103 8061 7389 3792 6948 6899 7057 2819 5247 2131 7236 4834 6772 1984 4612 7533 8182 2771 6954 7201 9503 7062 5268 7379 4663 4783 2818 1148 5021 3884 8819 7841 1602 6113 5109 4508 8317 5436 1659 7708 7510 4139 6250 1079 6918 1243 6075 3395 3540 6559 3226 9408 8329 511 67 8313 6100 5109 8547 3657 3352 3097 9727 7299 5221 1130 8112 7672 2465 2844 3809 33 9192 4014 5313 9045 1054 1065 5959 1371 9389 6423 6624 8123 4247 4108 4955 5173 7866 8419 9405 8280 1305 8455 4540 8684 1523 3451 1017 3077 7124 6897 4983 7759 4541 9571 8242 455 622 6461 5610 5460 69 6885 6890 9986 7080 8630 4799 7217 3984 3065 2529 8541 5333 3283 6503 3177 4364 3155 9933 7282 8837 9993 4275 8862 6532 9219 7766 7384 2064 5956 4995 7770 1788 4569 2818 7846 4201 8935 2538 4550 5829 4251 9462 4350 8821 8852 5070 6611 3522 7935 7012 7636 6698 7091 9098 6053 8627 4451 9018 5875 9584 4537 8973 9464 1393 4828 6015 4234 1219 1949 8027 4401 8760 6642 9866 3843 1207 5034 8805 8874 5538 6093 2045 1220 69 2289 6265 8867 8760 5441 3312 2764 5091 2467 9475 1514 5347 1585 9242 9782 572 799 8532 5208 8197 3390 464 8475 235 6463 934 2555 3766 1120 9389 6000
5808 7178 7207 9972 5533 73 5406 6264 0 6115 6342 3293 4820 8590 6955 1712 7405 1570 2894 3559 1356 4739 8798 4543 7819 9566 4487 7900 1835 2989 1525 6766 8608 8197 3795 6226 7834 1510 1714 9415 331 1986 4949 98 9884 628 6288 6585 1552 8149 4761 8460 6393 7563 7830 2991 6121 9796 7520 9908 6331 4091 7665 3542 2696 1294 6191 4738 7081 6248 822 5738 104 9580 7752 7250 5901 8527 707 6522 1689 5957 4029 1075 8739 4197 6358 4489 2801 8026 3362 1331 9981 8164 9684 894 4183 868 1476 4674 9286 7706 93 5097 969 564 7727 2248 3154 3279 7065 1693 7333 9609 6835 4273 1027 2179 7073 9267 3314 1413 7592 2438 9943 7083 5408 1594 3690 4822 4928 2820 4836 1781 3357 3219 708 9885 1047 1789 5006 9951 3946 335 1232 6467 9047 285 7380 1395 5515 6887 9106 8547 9376 2060 1032 695 576 2431 2976 4281 9229 4285 5467 614 9367 5128 6628 958 6064 3969 1740 4339 1272 2307 2810 9271 4008 215 2765 7413 6871 9706 7122 756 5775 9251 9456 3969 5411 4122 8402 8361 5205 5342 7038 5543 4534 8926 2403 28 6607 6494 7154 6919 401 420 6509 5066 8031 2327 6396 5597 5578 9346 1302 9977 7541 7242 6021 6073 2773 9074 8116 8398 7959 3203 6487 2798 8383 4379 5866 3144 2121 2371 7787 9888 7446 3433 5890 483 6382 8295 3933 2155 8511 3843 8721 6377 9004 6360 8944 1599 926 4948 7724 5599 9601 472 1450 1831 8862 4170 2605 2605 4982 4674 1209 1332 8235 703 5050 5033 4004 8297 6547 2076 484 2368 8325 2004 7345 495 6497 8116 6494 1378 6150 4946 7292 4466 8175 6654 2259 2848 9051 6324 2274 8798
7064 7021 2430 7609 3941 4840 9835 9135 6115 0 4926 1196 2836 4006 6748 1653 2219 8331 8505 251 9183 343 1421 7626 4663 5355 588 8045 6884 6406 1975 4354 7451 6737 5831 2159 410 7925 2646 826 3377 2442 5761 6378 6547 3832 1102 2466 7204 8497 7061 9459 1742 2129 427 2998 2098 6379 2446 646 6443 7554 2848 5513 9512 5686 3114 8944 9431 342 682 8223 5769 8568 7573 366 4455 2349 9299 7811 9573 1220 4164 2826 5365 3075 5298 5099 2320 8477 1007 1963 544 9881 6899 3788 118 417 3214 2892 7497 3030 9341 5198 9955 5985 3413 7473 9402 5712 4812 2003 7363 4074 470 4703 1545 8528 8713 6654 3602 5583 1937 5290 938 1727 5596 2121 9908 1604 4236 1624 5436 3101 8896 3295 9455 6159 5938 3029 8911 9667 9489 5330 1202 5882 6489 1479 2356 9082 2843 9996 2190 8558 9331 2237 5320 3478 1019 6064 8164 2021 5455 1626 4950 9852 3584 9993 6532 1516 4497 3216 1234 7257 914 4569 2048 3450 1244 3135 9876 3363 8303 9837 6327 5274 3812 137 3628 7971 8922 2113 882 2740 9615 6864 7488 4091 4602 2204 5096 3358 3653 6020 8727 3374 5777 2535 5849 2747 1261 4650 5444 8094 2575 4088 5328 3516 6134 3052 6988 7236 2243 1132 8437 2815 2651 4261 7271 4015 8732 8749 886 345 4682 3702 8238 3352 3150 4998 3416 2560 920 709 9858 4284 2438 2865 8083 5668 7736 5222 4523 3379 365 6098 7989 867 2867 2508 1572 4789 2242 9144 1684 5230 3353 8329 9694 5815 4792 8289 2880 8312 3756 4095 1965 6576 8775 5952 5062 1695 2506 5748 2477 7193 1395 2559 3674 7397 6554 4297 4650 4773 2628 8393 9960 2346 1430 5790
1577 8873 9494 25 1227 3521 2459 4947 6342 4926 0 451 329 8492 3146 3095 8113 4854 31 8221 9136 1554 9619 7479 6023 8746 4369 3234 2157 3425 488 2908 4197 2017 7577 9170 1302 387 3772 4618 2004 9958 6571 4127 8849 708 1157 4157 2275 98 4448 5167 131 1397 2486 9696 1580 9937 7689 1964 9105 353 5874 1810 6159 5903 6295 4555 73 8974 6510 3406 6127 6383 8598 5523 767 1092 3409 6150 451 6214 2866 9879 8329 2670 7354 2362 8607 1092 1772 9594 1350 732 8258 4015 6164 2902 938 9219 2688 7481 7159 5069 6396 6468 3077 5504 6141 1682 5288 7342 7722 8432 4314 3956 2192 4469 6072 3730 4467 5418 8761 3859 5656 3646 2837 6263 4121 7151 174 6327 782 1454 5822 6529 3947 1354 6755 5151 4946 917 6776 1203 5510 1901 2393 1504 7537 3799 3770 5959 2966 1404 7867 9197 9280 7870 7812 5674 1488 3205 9837 7946 6075 2360 9116 9868 3925 2583 6526 8090 3871 1407 3656 1495 2540 2862 9368 2103 5087 8754 4670 5414 5748 591 20 715 5952 5283 8157 4826 849 5513 4018 721 4595 5043 5034 5543 6733 2477 3661 2168 1090 7870 9997 5587 9525 5266 4098 5914 3130 3222 5730 8888 7631 4701 8886 6860 3540 9451 33 9406 5994 5727 4186 1149 5836 1021 1969 2960 4017 3288 7440 2242 4590 2631 4523 5103 8536 195 8073 8622 7 3687 6240 829 2204 2934 1212 5936 2892 108 1939 8368 8355 8271 8137 6813 4790 9143 6989 7835 35 3611 4984 1989 3303 3843 4004 5971 4304 886 3140 2550 354 2347 745 378 6183 1787 3814 6812 1724 8404 9977 6693 5304 9369 2840 9861 7827 42 7644 8203 7309 5648 9287 1330
8015 3683 9310 3126 9920 60 1079 8384 3293 1196 451 0 6590 7462 9286 4853 2934 9913 3217 1444 5935 6367 9565 8107 6123 3299 7671 6041 1615 6448 4610 2736 1657 416 77 9540 1482 7369 1893 3513 3921 7905 9207 5881 1370 6009 3699 3234 1111 7900 5749 735 4284 4602 5535 9409 4745 1474 8512 9116 6920 3956 9198 3675 8952 9352 6759 153 600 8549 8790 378 4345 5217 3154 6055 8905 9730 6011 9483 6769 6926 25 8764 9935 2566 6222 2190 2287 6771 1470 8842 3820 848 4448 7523 2102 5768 3950 8781 7694 8358 4848 8298 3002 4743 663 116 2858 5705 1870 6199 6119 9157 7522 6513 485 8367 6163 7372 7426 5816 9497 1921 9876 5659 6990 2791 4161 1271 5548 1608 1129 3177 1642 9533 123 5970 6240 1032 9528 2885 6219 9387 6436 778 1253 1163 854 7198 6191 5917 2290 5537 560 5078 8625 3870 3410 8209 1268 824 918 4822 2286 4673 4436 5875 5008 2600 7368 5730 6744 8890 2862 998 1002 4845 4 7009 4990 734 2613 8589 6993 6955 1676 3008 1552 7122 7830 7016 3697 7481 2946 5747 4773 3484 2386 2578 7827 4532 3177 5765 8457 2862 3619 5881 2928 9861 3091 426 6157 3889 6578 558 8098 4398 2786 8529 5934 7449 319 4325 7206 3555 855 7112 8400 5494 87 3358 8630 1447 3304 3181 4969 1049 7696 5751 91 4103 1753 1109 2859 7271 9928 9053 9609 1402 1789 7584 9217 3508 45 9512 285 7346 9656 6653 1416 1254 6605 5877 5961 8913 2710 2269 2512 1540 5892 4819 3096 6829 9268 9083 4692 9101 9531 6000 8100 2837 9970 5831 8142 3469 8476 9180 3153 6481 581 4650 6115 1166 7645 1086 1531 7585 7403 8227
4276 1905 2927 4055 495 2924 293 2095 4820 2836 329 6590 0 6404 9800 8025 7763 1363 1235 689 7157 4881 9708 4374 9838 167 1568 5636 613 7086 1084 4052 7387 9110 398 6291 7920 874 1028 348 8814 8023 441 5626 4777 4928 9822 5359 6503 1611 4076 8133 2728 6185 8573 8035 8829 3937 688 637 4431 6683 5366 9488 6342 5135 3606 7379 1720 9840 9410 3224 7131 4239 1306 5594 8173 40 2504 4023 4747 4762 8679 4131 1390 4890 9175 9990 6729 3781 1959 3473 7941 326 3399 4592 9501 4069 517 6156 7489 2429 8896 4936 2453 2151 3787 6943 2530 4619 3095 673 8599 2804 3084 6780 9078 5236 2384 6083 234 571 6277 1236 9930 4725 5723 510 4664 5913 5597 483 3997 8873 651 2179 3120 5931 6720 882 8132 4711 4298 5692 3799 6979 9273 1963 6938 4135 4894 3804 8189 3885 6120 9522 6752 9044 646 3933 6180 6525 5733 7425 274 6406 3880 7517 3120 9121 9076 3436 9530 2434 841 4608 6317 81 7209 5638 7586 2086 694 5072 6435 1504 9528 1721 2289 6890 1332 3520 2735 7807 195 4697 3335 5910 3218 7817 78 5094 4525 6448 3738 714 4687 9299 7491 7276 1030 1326 4582 821 2271 8706 8162 5850 3208 8572 5239 5710 7772 8920 1497 4560 7862 7149 1842 1613 2787 45 5078 9822 4230 6936 6226 5233 2253 76 4311 8798 7530 4388 4836 3990 8279 8457 8923 7272 2713 7789 111 6532 6705 3049 3553 9326 9112 2315 2519 3658 8903 9716 7708 3917 4945 9562 3401 1338 9062 5309 5351 8028 994 7372 9912 9640 9118 3554 4218 37 5884 1217 5417 8062 4027 3818 4401 6053 8188 6171 6662 4440 4938 9430 6664 312 9246 9164
4536 9258 7735 1025 1961 277 4622 1939 8590 4006 8492 7462 6404 0 5142 464 5024 9326 2552 9209 940 6592 2881 6414 2290 2670 4151 372 4967 7786 9879 4311 2600 565 1629 2920 5076 7346 1751 8617 8237 4180 4831 260 9823 1499 2346 6652 2482 6120 1756 9248 5156 1203 320 8217 4661 1140 9666 2340 2918 9593 9932 2309 6617 1623 6242 8493 4877 3037 2601 6171 2534 2865 6688 6470 7808 6608 3674 1285 834 4847 8894 942 8597 8065 6293 8424 7426 6044 9068 4044 3014 6864 9314 7987 15 5287 2643 7346 9665 2487 9391 7286 8253 8115 668 7082 4544 5227 9174 5282 8724 5990 6650 1932 2969 3168 158 8664 9425 4945 3004 4547 9028 2836 8081 3103 9240 7765 7468 549 4473 2296 6337 5587 2043 6072 3008 8736 8916 4348 4896 65 9204 8873 3688 6079 2436 5238 5744 8520 6385 1205 635 4446 4103 5370 3224 9493 1655 2694 2548 3861 7711 92 343 5983 2722 2747 6170 4801 1371 8104 7036 68 4225 8263 2481 1806 3837 9955 841 3087 5283 2715 7594 2747 4339 4864 3311 2252 7722 2279 4487 3784 6929 1580 1374 4650 3429 3947 7422 3690 83 2728 4458 2776 8068 2776 227 745 3696 2956 185 9098 8514 9957 7955 4579 9828 4255 6224 9824 5227 5056 731 5533 8060 2240 9934 6183 1628 147 9260 5722 4307 3436 4767 893 6097 3199 5649 8897 9235 9072 9267 9984 1812 5823 5580 7432 5053 8112 2469 9339 4771 4275 6890 6219 8272 530 7851 5537 5115 295 8681 4668 2414 5336 6750 2151 2917 1993 6581 9313 5582 3644 2376 7527 3569 4046 2165 6947 1257 1432 1452 1913 6831 5650 2929 5065 1074 3030 8687 3598 3939 4164 6868 134
1079 15 6240 6356 9359 1682 3577 4160 6955 6748 3146 9286 9800 5142 0 934 6872 4453 1783 1126 7074 3742 4154 2224 7837 4405 8747 3984 8428 2624 1193 9367 7592 4543 3052 1381 3654 1277 7949 7678 6148 6669 4796 1027 624 8456 2357 7018 5089 4507 2360 6183 5099 3242 8950 5538 3073 9794 5012 4010 1939 5585 3618 8462 131 7957 2150 9368 4248 1292 5191 7178 3649 7779 6184 8862 1059 15 1559 4876 8349 6139 3699 3105 332 9188 1610 1526 8475 4835 2705 8717 413 6954 4073 1924 1749 5976 6736 5192 2509 2551 8030 6908 8541 6982 8668 3123 5470 356 884 1596 7778 1257 9852 7784 5032 4960 6235 852 8168 2369 9461 1666 6532 4110 7958 2507 5564 6505 4740 7014 6163 849 9326 8879 9975 3693 3328 6664 1394 1228 4951 600 1579 4489 8994 5329 8953 3303 9043 6111 1243 6045 446 388 9202 359 3758 1467 7586 9059 4611 3653 8225 5416 6659 926 1163 9112 4527 1140 8972 3473 2374 4340 4705 9705 1552 730 3467 1615 9238 3038 7071 702 7693 4947 4001 3964 5037 4959 6690 8512 4995 6963 3080 6965 8593 8536 7252 4607 5774 8796 5781 7412 6783 91 2183 2437 2723 6523 2747 280 1183 4509 8405 6540 8355 9787 5198 4948 7571 9261 8615 9945 6878 6048 6264 9933 6790 3917 3431 5496 3286 9794 2255 2461 1244 3722 298 5919 2088 5767 4413 7626 9040 6325 4099 9711 7896 8535 8594 2911 2662 5986 470 2679 3006 6643 22 2048 3948 4356 8997 775 9373 6911 6819 2362 3685 8795 1850 5867 3195 2632 8491 2085 1153 3659 7014 9853 2798 6866 9565 2751 2601 2049 4095 1492 983 8553 3008 7555 4182 1334 7517 7778 4621 5445
21 4325 8605 8859 3528 7360 4033 3622 1712 1653 3095 4853 8025 464 934 0 6315 911 9581 3071 1605 2643 5752 1759 2819 2139 9507 287 2679 959 4378 1881 9625 3766 1919 4179 3014 4251 5314 9596 7454 956 4306 3343 7231 2090 2009 6828 8586 7319 4903 5661 1618 7335 6025 4558 8855 6553 4449 9748 4546 3719 4503 497 1296 1205 963 3037 8173 436 9912 8160 4823 7515 4454 3160 2161 2523 6474 6438 9834 90 487 4301 4305 9906 3572 1408 5137 3554 1416 1053 9504 6623 2866 4472 8563 2137 5312 9203 98 2961 7841 8733 3665 8541 7459 7115 1264 4718 2029 8986 3122 189 9512 9339 7520 5437 460 8289 3504 9460 847 9748 4159 6091 5669 6072 3204 2132 5920 9130 5535 8048 4017 4639 2512 5595 5869 5094 6782 9857 2300 9529 2039 4712 6288 2466 5051 8065 9730 9601 1737 4483 370 9757 3510 555 9623 7142 9516 9916 3856 1363 6265 1611 9772 7718 4157 5738 820 4842 5796 6908 7136 3952 3738 4388 6264 742 3637 9150 6032 427 2290 5449 3329 4101 966 3872 6848 7466 221 701 9359 9586 5319 2135 9326 2456 5348 6926 9770 7805 2827 435 500 962 2995 153 4595 2267 2813 2346 8821 8957 4070 4462 494 5013 4981 6092 5055 6144 3409 8538 2041 9894 7118 1095 9945 9328 7419 6033 7389 7627 8719 9996 3703 3818 1919 3393 7550 6932 9554 9243 4932 6647 1865 7280 9773 4420 8101 8724 9693 9166 1592 6609 7963 5122 1420 7927 2100 9191 3576 2565 4080 8874 2011 6027 5293 8773 5874 1202 1744 8653 4069 2697 2644 7760 483 4527 2740 2458 5425 7968 1141 8437 2850 8380 4094 8322 5060 7254 2423 576 8549 8278 1102 1590
6019 1912 8639 4115 3526 933 6175 7781 7405 2219 8113 2934 7763 5024 6872 6315 0 7137 4416 202 78 5315 7908 2249 3010 6236 9711 9227 388 8490 3051 9563 2057 9205 6599 8763 3778 8823 8221 8300 4420 6529 3617 3002 5838 9323 5928 122 570 4116 6785 4562 7220 3397 7300 4375 8455 2613 4256 2315 9962 1446 5911 6642 1829 4387 6339 6094 7213 2811 2612 146 4700 631 8806 5979 5371 5674 6171 1151 695 3594 3516 2632 1937 4057 3258 8943 1159 4538 1940 8805 1544 9185 8946 5218 5191 1918 4209 4138 6027 1038 981 8600 953 2314 652 9415 7254 4472 6094 6466 6700 5308 3829 8860 6165 9139 1759 3049 2665 4055 1911 7836 8976 1425 852 9933 7823 4361 4728 9905 2857 6403 4987 8756 5439 6337 894 3858 6669 7892 7587 6578 5683 1682 8405 3507 4324 3301 5824 3393 783 8324 8514 3723 8438 4032 8673 545 8765 930 7883 4256 7681 2078 9351 2518 3027 2634 7323 2755 5119 4121 6807 7679 799 7123 4121 1209 7777 7559 4623 2587 6540 7178 5816 695 7401 6233 117 9148 4890 6037 7232 1206 24 9580 9582 4590 744 5426 9436 251 4684 9936 985 2151 5053 7111 4739 3429 6597 36 8183 2736 3665 268 4506 898 8951 7581 1838 7783 6204 3519 2696 8189 3485 5120 8698 297 3890 2395 3946 8207 8621 4722 6745 7292 819 8470 8166 7894 9483 4319 7532 9270 2808 5467 2927 5009 6580 3363 3511 4046 9081 7541 8550 8760 357 3333 2565 7728 4357 6575 643 9304 2656 6918 8306 1624 2867 2670 6440 778 2228 977 5224 8837 3629 529 4171 5685 513 6871 9404 7201 2236 6386 3328 2819 9347 578 2851 4202 473 2092 6834 7687
2033 3704 2284 3859 265 9836 7913 514 1570 8331 4854 9913 1363 9326 4453 911 7137 0 4962 7920 5483 1574 8595 2168 120 6956 2736 3279 3241 1803 766 7737 3422 5857 546 4486 8216 7182 3653 269 4959 8942 7257 9997 7277 1241 9790 3965 2091 9466 4345 6944 9539 1547 4766 9792 2453 5792 1387 5797 5076 1828 4831 569 2907 5703 2755 2620 7747 3297 458 7949 9264 9468 2877 580 2947 5742 4127 2168 1433 8704 2310 4213 1040 3853 9607 3449 3562 6772 7146 557 6217 3560 3364 3521 5443 912 7169 4703 672 9738 603 8005 5365 7993 8527 8554 7800 6406 1984 8888 3911 2627 8153 2253 163 5706 1194 645 9093 6776 2331 9788 1235 4122 1731 8798 6448 6257 5416 829 2540 4297 6473 7485 482 6261 5731 2705 8575 3298 1428 259 9789 6585 2502 7196 2994 4406 5999 8087 80 5167 5069 6915 9515 9068 5196 1655 5948 8686 7731 3063 9317 9776 5329 7772 822 4513 9587 730 5163 3996 4547 6456 9220 6383 7471 4114 6964 1060 1337 7033 7083 411 8480 9110 9980 9938 2133 1518 7270 813 7194 9375 5068 1939 68 500 8600 5620 3645 8242 2105 1693 5456 1716 2862 9564 7375 1734 1780 986 9813 9493 9304 1248 1271 1762 6964 9075 4199 9910 3071 4560 656 2009 2403 3026 1899 4583 2953 7762 4469 6052 8317 6164 1322 8093 3383 666 8258 3807 6245 2589 983 4165 4119 8291 8908 3500 5330 7915 2879 4650 3747 6444 3026 7782 5361 1616 4854 9185 4996 3329 5023 6585 2247 18 4583 7945 794 6188 8056 2559 8106 8618 5953 6753 7685 7611 4297 2635 6120 5194 5473 4094 1863 1482 7519 6573 5712 3214 8394 3276 8768 4937 8219 4708
3574 3635 8186 7804 1577 4654 2472 4047 2894 8505 31 3217 1235 2552 1783 9581 4416 4962 0 2408 8028 2375 8567 9164 2226 4310 5530 5416 7797 477 3369 6751 5963 3633 3145 302 4533 9012 1492 6101 2491 1943 8973 2374 2489 4253 6768 6100 3982 9115 2957 7763 1868 7102 1040 1650 883 8948 6089 7005 9897 8638 201 8234 7693 8410 1404 6791 4208 2322 5234 8509 8666 6478 9996 3180 3822 3221 4329 2055 6511 3345 6829 9343 1593 7318 5451 7416 860 5898 3451 6087 5587 1705 9405 1822 7228 261 5124 3891 4078 4185 456 6111 1038 718 2319 5035 9024 4914 8347 9045 5131 9755 4032 4193 7180 4049 289 4489 5503 5876 6102 5026 7520 8511 1077 3862 9182 9117 4177 1200 9799 7034 5703 4384 4728 4076 8218 9032 6490 243 5075 6741 5130 3518 8509 7362 6475 7262 8677 6197 9848 9730 7885 9910 5580 684 1247 5429 3994 8510 7370 2052 9835 5315 5857 7373 8499 8370 1802 0 9469 2850 645 6926 2244 3657 1452 104 6174 1053 5843 139 2176 4516 8376 2009 5133 1033 470 5554 3141 8374 8742 9484 1990 4968 2488 3512 2504 1195 8142 595 5486 4905 9909 6062 5770 4437 7607 8522 9605 7022 1591 6757 9622 320 3968 7483 5534 6916 3099 507 8705 5260 2465 9421 2806 8468 8865 9832 6783 5886 9639 6012 4650 9965 1332 2494 6144 6893 5577 3579 7356 6799 6241 8863 2677 9158 942 6572 18 5613 2384 5129 1100 2873 2929 7664 9895 1193 3907 8853 8891 4283 5223 5578 1995 1739 470 3756 914 8873 4137 6884 7542 4165 255 9665 6778 6175 4276 2727 3335 6011 5399 9627 5968 5413 6820 7602 6248 2445 5609 6838 424 7933 9081 6853
3234 4164 3716 4258 4580 2773 5303 1878 3559 251 8221 1444 689 9209 1126 3071 202 7920 2408 0 7871 3591 7101 3060 1113 2965 2836 7271 1181 3710 6508 4286 2197 6757 8972 5718 6343 3722 6283 6404 1595 5700 2961 2270 8714 6156 5049 769 6477 6748 7 7318 8165 456 4107 1007 2770 854 9538 5955 215 5533 4536 3388 5939 2594 9089 209 2501 2110 8994 7948 7622 9783 1600 9676 7220 7370 5802 6650 2682 5402 7243 4758 8706 6293 7430 3452 9696 3373 7971 4473 4488 3103 2098 3239 7995 1488 7485 1273 5574 2004 1843 5585 5283 9656 6091 981 3525 383 7029 1228 9893 716 6062 8164 4883 2313 2006 6138 9320 4639 5845 3242 3255 1840 826 2704 5400 6961 2248 2826 1552 7624 4140 7659 1686 9279 6216 9016 4775 4124 5207 4439 1190 4698 7054 1234 7936 314 9597 9471 1615 3450 1629 1340 8425 74 9502 1493 2278 2615 8675 8713 8874 7931 6462 1954 5377 2130 5258 6489 2318 5110 7129 9211 7846 1984 1733 5951 29 1784 7747 5475 99 1008 3308 663 9027 2187 4343 9800 2844 5212 3556 1725 299 9791 5636 4270 7728 8935 2850 9132 9802 2331 476 9090 8488 2881 6897 7060 4982 4164 7945 5436 2450 8650 6953 1967 5276 8746 9051 4208 3698 9548 529 4947 2615 3221 5702 1173 935 8158 934 9537 4121 620 9089 8993 3482 7705 567 843 7888 8026 3305 8380 6316 6905 5265 4829 6877 9982 751 4734 5947 7334 1168 2265 8117 3113 7994 1597 9686 1481 7194 6565 1111 8372 3826 2764 6910 9402 5647 2799 1765 4934 8035 7844 5155 4197 5032 3050 1801 9573 1264 4562 254 5229 6006 4430 1092 6218 6480 2885 8750 6567 5402 2298
528 2171 8300 3316 4937 5807 3103 5532 1356 9183 9136 5935 7157 940 7074 1605 78 5483 8028 7871 0 1968 8632 7581 8794 5825 5387 8222 6493 1880 9532 3830 4847 3794 1935 8763 8008 8885 7523 1638 3434 2184 495 5981 1961 1868 4667 7365 601 2227 674 3231 1463 1898 5311 6882 2797 8472 3750 5666 3457 9234 1080 1989 2363 8731 6014 1241 8607 1009 7362 4471 1483 6171 3269 1300 4450 9491 8816 8721 9214 3184 3372 2188 7723 8177 4489 2863 1914 6389 1874 8577 8966 2937 526 3379 3521 5339 6946 327 3379 6359 8634 120 4431 7846 1424 6969 7335 6097 1719 6732 3736 1053 4580 5885 7731 2868 6841 4175 2123 58 2902 5690 4634 9974 8659 856 6301 7110 678 5938 5558 8477 6943 3403 6539 5951 7462 4561 4207 7184 423 913 1083 7216 7232 1038 813 6558 6739 113 4114 5439 467 5416 9140 8098 2057 4620 4897 9067 2034 7261 1090 6863 4124 9799 4307 2679 450 4276 7158 8490 1219 3651 7057 9349 4180 6779 9448 6810 1105 8944 5800 1738 3404 9831 7673 6920 3089 2623 8256 4326 808 6309 819 7049 6194 9950 9983 9175 5972 2279 7452 9949 7534 6353 1265 6891 757 3334 1144 3862 259 740 2233 7018 2747 4943 9087 4436 5242 277 3595 4797 7397 6317 7991 6460 6791 5634 9507 5507 6111 6753 4674 2745 1386 706 8340 2017 9625 391 9972 4172 8535 5028 7121 1797 87 7695 9506 8203 1368 6157 2914 8323 7992 4501 8541 2767 5185 1091 8981 6538 3808 1041 7113 7313 3417 485 7801 5742 9597 9048 4174 6536 5073 4354 2255 9754 6690 2289 306 9297 7591 4606 7146 149 9215 2991 2080 4853 4323 3786 6762 1484 1811 1931
1599 6721 3844 2139 3724 8814 2283 9790 4739 343 1554 6367 4881 6592 3742 2643 5315 1574 2375 3591 1968 0 7155 1574 9296 3447 1298 8517 7617 3293 9871 5554 3846 9845 6999 92 3700 9065 7498 3041 9872 1504 6817 2805 833 5238 5867 3425 3391 4022 1404 3716 8623 1296 7940 2356 8821 9566 5637 2946 1098 5562 9879 9183 4075 138 3088 5249 1567 6147 7182 9451 7645 7916 7197 9006 2295 602 2184 7230 6936 6342 6105 1523 8467 4051 6170 8018 7933 3347 6984 5035 830 6798 6538 7489 2276 5781 6327 5892 9209 7658 2419 3800 1821 935 5229 4898 3817 4034 8554 9481 2051 2933 5483 6913 2250 6440 1835 2498 3069 1723 6878 6773 3412 7728 5356 2695 7663 7319 1939 2559 9425 764 6511 7735 7472 5490 7874 9266 1859 442 5364 5411 9257 8386 8704 1052 5008 8095 2258 5495 6763 7998 882 242 1533 7733 8858 9953 9677 849 2729 7790 9410 8858 1167 2038 7148 3341 7123 8490 5370 3754 5022 3010 7020 3739 8414 4149 5048 5161 8052 1698 3003 7859 2006 7494 7967 6154 2646 4446 408 6984 9654 6295 6741 5422 9525 4043 3215 4076 3095 4050 6197 2225 2151 3146 6812 1138 7460 8877 4849 8660 1255 7781 1590 8160 3050 9260 7376 4194 4649 6255 2555 242 885 1867 958 6253 3891 8201 9685 4122 4477 3787 5700 8944 2272 9505 2619 8615 6521 5734 7229 9630 8409 7627 4112 2055 1235 3227 450 9259 5381 1329 9975 73 3654 7224 2138 495 5319 5486 1345 4428 5530 7374 8316 934 1994 1561 6340 3740 6494 5028 1843 6815 1253 1118 5396 952 7941 6867 7718 7068 2966 7811 5445 7475 1462 780 3639 9437 4882 1603 5814 3798 2385 4709
7997 3213 9544 3361 8609 2789 6391 8034 8798 1421 9619 9565 9708 2881 4154 5752 7908 8595 8567 7101 8632 7155 0 7414 1172 2874 2578 2061 8317 2550 1522 7950 7146 8872 1348 585 5129 2231 7149 4250 701 3124 5380 8771 4022 5908 4571 4844 403 4037 2027 4041 7419 3539 625 8103 5985 876 3982 211 4403 2407 7805 9139 86 3493 5665 5925 4680 3007 8337 4720 8468 1124 5188 8911 7900 9390 7392 8756 8585 1140 5227 7150 3477 5857 6760 300 9780 8659 3819 6364 9318 6841 2394 8740 7449 6951 1926 9444 7226 3842 2098 5450 6988 7558 6460 2160 2611 1195 4694 9944 7209 4198 5722 2492 9874 5767 6281 5845 4063 4093 8387 2158 9015 6642 4476 2948 1720 6257 9959 2392 569 6658 9732 1283 9011 4803 2909 3194 8109 7427 2444 6341 474 4673 5417 2199 468 1483 8109 4553 8792 5924 2490 8529 8088 3995 804 3915 6988 1556 9826 3937 3974 5218 2762 5601 5178 2798 9185 925 2198 5199 6922 5115 5255 1999 2414 6715 3442 1248 9531 7210 1625 9615 3585 5115 9329 6881 3251 8023 5429 8883 1099 9275 4809 8026 6225 1372 4821 8515 2470 4859 947 5709 5819 7084 9185 9528 6364 8166 4986 3289 6722 2337 8947 5277 5202 8434 3212 8725 4507 8919 7031 1073 5665 4997 3048 637 8023 7593 4111 470 7459 1558 7820 536 9317 3574 1792 8695 5564 8404 6773 5460 4231 5759 921 1190 6152 3767 7107 3646 8804 7217 3417 7508 278 5552 8359 3246 2040 1009 1555 5096 5894 388 152 1090 7873 2286 1993 4038 4142 8994 5824 6063 5720 8584 8642 1310 2051 3449 5003 8482 125 1275 6841 1390 221 3784 5087 4483 4820 7732 4250 9172 9288 3473
7537 7367 7982 2460 8355 7460 2659 6569 4543 7626 7479 8107 4374 6414 2224 1759 2249 2168 9164 3060 7581 1574 7414 0 5339 7694 7761 7777 1634 8752 1495 2091 7251 6730 5647 2173 1116 5084 1304 7835 4363 8222 9607 5037 6504 5256 511 5290 8698 2528 1203 3664 8942 1802 545 5047 3230 9342 7060 17 5421 284 2444 8380 2542 2791 9509 6242 8742 3747 9932 984 4653 3563 3697 4385 422 3211 6992 2727 6731 7649 9923 8544 5913 4135 5501 8700 8653 8184 8375 6243 9712 1644 5088 2834 498 896 7308 5568 5441 9530 3641 3870 7137 480 926 8324 4700 8439 4229 854 7618 9930 103 267 4217 7730 3532 5751 3144 1860 7981 9481 3418 8963 6136 9644 4731 2482 6017 1624 6573 1720 9397 1819 2831 6864 9836 9708 1096 3705 9443 3917 6937 4407 9131 6654 4245 8862 1602 4536 4695 1720 4271 1575 6148 2078 7580 9116 6881 9379 1409 4247 5504 7593 3584 265 3621 9196 4323 8576 1064 1938 5909 9684 9689 6105 8048 2291 4851 8352 62 7021 9289 5987 3950 9138 3421 9491 3801 541 8597 1721 5472 2886 9736 447 9406 148 895 4164 9134 5742 2527 2005 915 6760 8380 8006 8180 3022 4996 2932 1078 6323 2689 302 2737 615 6598 9035 5202 1529 7017 9564 717 2839 1091 6772 5316 1481 9075 1329 6235 6335 1361 9918 5159 2679 9303 6812 32 5923 9939 1268 562 5905 4516 7893 7340 7455 9958 8564 8209 4525 5741 7814 3012 2934 1296 5586 1430 1484 2218 3570 6846 1600 3026 1980 852 4236 8380 2534 2769 1458 6110 6200 3187 4259 8754 8326 9530 6061 3574 9465 2390 4795 4681 2894 9642 1873 6597 8089 337 500 2711 5238 6035 6150
6267 9869 5593 3034 6275 7083 2184 976 7819 4663 6023 6123 9838 2290 7837 2819 3010 120 2226 1113 8794 9296 1172 5339 0 1273 3657 2762 5091 3622 8668 3289 7490 713 5509 8450 7972 6307 4444 9703 1654 5401 2602 1805 4708 2516 9207 2215 5503 8472 658 9806 7260 4415 6202 8777 7805 1950 2288 9280 1766 8601 7721 7312 7491 412 4918 8943 5506 2418 8867 5497 868 3453 7907 3509 4361 8599 2612 7766 1558 9247 8376 4189 388 2592 62 7536 9871 8433 3666 5371 5891 8577 4707 4383 4537 7682 4905 5810 4313 863 5764 1714 8828 4145 7733 5253 3778 2293 7329 6621 1862 4108 1051 4376 9532 7378 1972 5745 458 1491 6189 118 1621 1758 2804 1732 4470 5904 4108 6532 4397 6964 7813 9387 9586 313 1385 479 5200 8989 1386 6836 6419 9698 9190 6376 8794 835 2481 764 1833 5284 3928 8262 1185 3601 200 801 5813 8018 6977 1888 7616 8289 1995 6007 5623 9527 815 2591 4650 9634 4700 2206 5540 9121 895 3029 4111 8348 9670 8120 9681 1595 7367 1446 9470 1440 2506 3652 6264 9250 6634 4811 9324 2337 3451 3818 6087 4156 2487 1776 2488 3043 1036 6286 2699 8189 7049 2551 6346 714 5582 64 2258 5231 9470 3565 2121 8412 5217 2628 6490 7789 5169 1691 1982 7757 1468 3966 4931 9786 351 249 549 5985 7375 3038 505 4895 5093 2317 9548 9537 5431 8723 3918 6805 2095 2113 6648 2249 1386 1684 49 5296 4428 7171 5400 2493 1449 3010 5971 2343 9760 9187 4057 1309 8574 9188 8307 8349 9548 9252 6051 7713 241 9194 7347 1001 635 1019 1304 3309 3098 4639 1646 6464 6650 5948 3474 6106 5942 6598 7401 8821 6163 291
5634 1421 3647 8167 1520 7105 6795 6552 9566 5355 8746 3299 167 2670 4405 2139 6236 6956 4310 2965 5825 3447 2874 7694 1273 0 251 8754 7283 4819 6503 8363 3981 173 5294 6685 422 8871 5425 4741 8871 2868 2978 3342 5151 32 4236 9768 4532 9591 1397 6550 7062 3517 8286 6492 8629 1121 2795 185 1833 3246 4281 6890 6969 5572 4608 1294 6387 545 304 7470 6039 5318 241 3583 6747 2887 2322 3584 6218 2821 3913 3886 8562 6 5081 8759 1508 6876 922 9995 1690 2964 8814 6813 9338 5424 6272 3546 4039 930 7141 9603 6271 5314 2969 1297 285 7238 8074 5626 142 1097 885 7198 892 9371 5900 1454 9311 3960 7056 9398 5870 5303 3709 9031 2793 5672 1456 5652 5345 8261 7631 8441 3831 8633 7742 1910 455 5842 6465 4800 8250 9385 5691 2255 2479 9047 1676 4936 178 2357 703 7479 2935 7755 2801 5909 2472 2205 8708 8478 8261 1285 1935 5607 3594 9067 9112 2555 4444 6900 3033 2537 2909 5236 4165 8700 1505 3380 1547 8432 9635 2798 6069 7605 3775 8935 8729 8523 755 6874 4222 7369 5486 6567 6531 261 4299 1753 6565 6990 5189 6727 2717 7208 1071 1850 8066 1304 6446 6233 4210 1324 5710 4350 3842 1102 7551 3775 7123 1455 8772 8048 5784 4510 5589 7718 2017 2619 4203 4841 8224 8593 8616 2575 6153 7313 1766 9646 6845 816 6307 1403 9460 4939 7137 2294 5085 1474 4931 1598 1725 379 484 1883 849 1030 8910 5596 5609 8540 1224 2794 7270 6710 1420 6884 857 297 4414 2234 1666 6022 9815 4338 8485 1996 4236 6278 6811 1081 3794 5213 3665 1653 1298 9196 8119 8234 3707 2298 5443 6975 1617 5569 2048 5329
3942 9959 8264 9524 6277 3419 1300 8130 4487 588 4369 7671 1568 4151 8747 9507 9711 2736 5530 2836 5387 1298 2578 7761 3657 251 0 9762 1291 1952 5421 5730 6906 935 3650 1358 4235 7112 1524 5526 4813 3367 998 6557 490 5018 2191 8624 8808 7421 9320 298 2656 2085 484 6847 3922 7649 1682 3214 5574 8908 8937 6645 6748 2962 9744 6594 4242 6460 778 6959 704 7421 8831 7753 3417 7933 3998 2027 500 4132 9487 4871 4618 6786 1221 6007 5805 9481 6089 6388 4162 6118 2855 6425 6603 8515 8551 8234 2207 402 1910 7612 7567 6878 3598 6379 4358 9542 9114 912 1520 1829 3502 5640 5116 2769 6655 4378 7699 8392 5802 6896 7590 1531 3948 1073 1154 2005 4108 7749 2234 5292 5235 9078 1388 8673 9364 1268 7907 7578 1300 6619 4354 9650 4514 3280 5885 7783 7913 3462 351 9731 9058 3525 5709 2538 6874 9529 3476 1273 2771 9663 7623 9015 7379 8851 4884 1492 8729 1668 4131 6595 8084 7627 6175 7592 604 663 2451 6031 489 7601 2561 5087 8680 5686 6465 5112 3311 584 4756 5242 8674 2412 1061 550 5855 2767 2766 1792 4121 3306 4066 8389 111 4240 2994 6042 1585 2001 4686 8050 902 6463 7563 4018 5946 4601 202 4995 5746 6740 5331 9757 1699 169 2744 728 5153 2003 9463 9720 6287 7346 8643 5990 2354 473 9076 5377 5552 9340 2000 5350 1532 7453 8780 1734 3318 4269 6711 7865 46 5765 274 5158 4002 1084 1924 4055 5587 9133 961 669 6127 9105 1030 3251 6496 7084 4114 9217 8494 6652 4207 2628 5895 7752 4476 5446 5443 5126 9662 3807 1122 4292 6772 5678 5226 2082 3330 1631 3745 9354 3340 7161 2212 5870
