200
0 5811 1849 2373 6907 5507 2329 2492 506 8908 3603 3632 6705 2336 8552 8769 5654 694 4904 9793 7984 8932 5113 9469 7454 2429 4942 2507 7188 3338 3450 2839 997 1424 6555 9729 4423 9534 2500 2413 2903 5200 4979 6485 3617 7937 5713 6289 7607 2380 1792 6350 2569 3234 6278 5090 8127 9592 7335 232 9572 7503 4563 6840 1814 4984 3197 695 8202 4053 1623 5021 7288 3940 8701 8481 2932 1072 4626 751 3576 100 9375 1688 4204 8521 1033 8185 4746 6019 3071 3233 5018 6111 7880 3826 4930 4218 3348 1562 4925 6399 6983 6240 730 7020 3737 7664 2864 3664 5602 1516 923 4432 4997 2629 3790 425 5306 413 3693 3031 5808 1202 1160 8160 1929 6020 1315 3367 5492 9559 3240 7870 6221 1988 1220 6425 8271 8142 1091 1383 3570 4208 9950 7444 266 1034 8019 7411 422 6188 8474 4331 944 8552 6024 7311 7788 7298 4788 6897 5260 8858 1848 9058 4871 8508 2477 4485 5628 5276 41 1796 7004 840 2572 4918 709 4504 737 1677 9529 8592 9212 1119 4607 3691 8951 8136 261 8540 8061 5895 5766 4814 5532 152 298 6459
5811 0 7281 3319 3412 6711 6688 57 5301 2782 2063 1193 2599 955 9770 9065 3951 7769 5280 3999 4920 647 2031 4654 3148 2450 8785 1281 9247 2770 3763 5652 7105 8035 645 5338 2717 5269 7869 5283 7750 7396 5847 7503 1035 7082 9309 3653 7890 6500 1146 6818 4674 4567 1422 7982 376 9267 7071 7345 2989 872 824 7179 3489 6303 9879 9929 4572 9021 5424 359 7989 5134 4767 6585 7793 5796 6172 948 4077 3290 2628 1936 4861 3644 2839 8307 6272 9850 9772 9610 5409 4621 3769 8163 8378 5527 2652 5571 1854 4777 6682 6491 2273 2594 2127 2084 2425 7013 8899 4841 1035 395 175 7359 6641 8761 6264 8233 6466 9163 8071 7353 8880 6417 7639 1624 787 2593 4843 9493 9524 7306 7392 2945 4712 4926 4045 4576 2825 6384 1934 5381 2059 5797 716 8184 8462 9747 5824 6011 9528 8474 6467 8654 905 3274 9483 5532 9460 7129 2190 7043 2431 625 7451 2087 5967 3548 3676 4395 2534 7716 4401 2425 9290 7770 2995 1158 6261 1849 3727 5106 8642 7354 5471 4123 985 6544 2252 3755 5975 1090 2109 5695 5264 4303 6925 5322
1849 7281 0 3957 9523 8895 7572 4221 2270 394 1452 7107 4080 4744 8730 9472 7136 9923 3864 1917 2037 1006 6003 7313 5964 6571 4340 5940 6879 1179 2451 5837 9518 4418 2863 5235 2288 7348 5231 4463 6996 9966 5769 3171 5033 5402 9305 7524 9609 1764 8693 1413 9583 1200 5476 2201 5132 7599 6565 7289 7083 9661 3289 314 9984 2293 7272 8671 4744 3546 4794 9334 1696 7572 7868 4690 6184 7836 8533 3015 6438 7078 2097 2019 720 8364 3877 2900 4098 1596 5621 4826 8716 3540 1478 2480 2231 8064 3206 7201 3354 7987 9578 1570 334 8 6513 5000 1094 2113 6000 6758 9123 9178 2174 8085 8794 6082 5304 1928 9520 4768 8899 8000 7281 2439 9704 9181 4541 6030 5322 2006 8886 5957 8051 1761 3811 4703 5625 9645 340 1803 3243 4379 4765 9609 9183 1490 2288 7358 7611 2882 4045 8878 4118 985 6729 4398 5612 1480 8785 7994 6142 2410 6866 5373 3185 2989 7841 8089 1643 7852 6912 854 6281 8664 2894 5624 6857 8797 4645 2072 5885 1620 1435 8841 9105 2976 6136 7670 1044 6004 2523 7832 7582 1505 6431 6329 5993 5052
2373 3319 3957 0 8116 119 2994 5711 825 781 6051 3667 2757 8827 6609 134 5400 3360 4261 5989 4077 9776 5062 4172 3470 7990 9811 9643 4010 575 1012 1689 8047 5348 1006 5334 7308 3790 3591 8827 4867 1617 8057 8197 8937 691 8331 8287 758 369 6771 2405 1673 7562 4121 471 1120 2304 1627 3920 2748 5492 1514 3094 261 6238 2980 3380 2302 6381 351 869 9620 9127 9527 743 1266 7792 7867 6573 1548 206 8976 8305 5650 6856 7260 8818 3175 7392 7316 4494 7328 585 2731 8144 7797 2444 8995 6305 4245 4982 8833 8546 5465 3018 9220 8651 4816 4113 1235 7146 5105 3146 8865 2295 5457 8108 9496 5946 7009 3379 8200 1849 7015 714 3347 8626 5151 4582 3591 2360 9341 7785 3630 9771 585 9250 3597 102 7444 6356 7162 4754 2823 3242 50 3959 7825 2302 8675 8422 5730 9595 4468 5373 2874 974 6527 1318 9507 3230 9654 6313 3942 4344 779 3828 8743 5165 1726 4249 885 4579 9383 2221 1780 5037 7621 4408 4734 2980 5197 2440 3285 3778 8929 8666 1958 5278 8837 2590 930 3720 3074 8381 7773 4194 8350 1667
6907 3412 9523 8116 0 1063 1367 8668 8373 2489 7484 290 2731 7485 9061 2028 4450 430 4445 7078 4153 192 6230 9306 9972 5435 4882 1604 510 9801 2319 4360 5928 729 7624 623 4379 4588 4052 9652 9079 8469 7508 4162 6630 9328 6430 6742 6007 4190 5425 9288 2968 6236 3855 3373 1154 3623 1164 5571 2459 6074 2798 1120 113 342 9632 8818 8088 5663 8752 459 1972 1599 2081 5798 8983 7586 9475 3298 5110 8287 5054 4763 804 1119 1438 594 7076 9733 128 7467 4795 5433 6227 8297 3007 8178 9093 3827 3019 914 1879 6728 7415 2712 832 692 5907 1997 3568 1130 702 9402 3987 5822 9097 8986 4526 7190 882 6457 8494 6764 246 5669 783 9673 8305 2426 5939 4603 4492 4539 6191 6134 599 452 3173 2300 2762 9175 3837 9615 3575 9459 3656 3605 451 3721 1480 5907 8202 2644 208 2034 4108 1994 4325 3048 5228 4562 6652 959 5014 5560 7009 9396 8764 3800 6044 6215 6207 2017 399 5940 5159 8357 5786 1847 1909 6714 1954 182 9232 1635 3013 5738 7734 7167 1614 8016 8336 4919 7693 4518 2055 2516 6792 5338
5507 6711 8895 119 1063 0 5218 9832 8383 8145 4494 4867 6725 1811 4345 30 5405 3193 9648 6893 5887 104 3799 5301 630 5166 6916 8727 3977 6860 2796 8973 7022 1270 7394 629 7798 4337 4227 2506 9820 8278 6497 9310 2781 9280 890 4556 1452 8535 9625 766 1869 2178 9705 8968 3704 761 6048 4770 2671 1360 7239 9402 4625 8752 7904 9529 9018 4430 9917 6734 846 3260 5598 2684 9258 5141 4421 9484 1401 2558 9258 6682 8534 9695 9288 1472 3430 5919 9179 8351 7231 2723 4640 7922 2680 9679 4440 3155 1108 5165 9074 5156 6493 6034 9444 3909 3574 6740 9813 2713 5666 2571 2412 4433 7872 1695 6367 6701 9185 637 5313 4426 4349 2899 7373 7645 8639 4171 857 8710 6437 3297 697 750 3562 9159 6441 7050 2 2438 9135 2320 5731 2852 7720 187 26 4305 1648 9811 265 9154 7137 9621 6005 8323 2678 2228 2505 2524 7452 3787 9309 6510 6216 8095 7678 6998 1140 3501 3068 8726 8995 5194 5397 5133 1907 6428 2610 3645 3113 1828 2286 7192 4139 6950 6487 3503 4474 6243 129 1428 1665 3485 3168 2667 9212 5518
2329 6688 7572 2994 1367 5218 0 3743 871 2700 4306 1067 5815 6923 6748 9232 1056 9681 8020 6505 5490 5635 8644 9356 2200 3374 974 8826 959 4263 9407 3613 2272 401 6973 2920 8992 8364 8167 9391 4188 5754 2243 9317 3782 6313 9721 5326 9038 6173 580 823 2820 6889 2126 323 7093 5026 5345 6751 1369 527 755 269 435 3317 1587 2060 7508 5936 612 8513 5456 739 940 1194 2902 9442 5017 4932 4839 4000 2527 9056 1746 185 3791 6054 8052 4645 215 2927 6547 197 9265 9997 6466 9815 7006 8325 7406 8309 8730 3588 68 3638 9353 6086 6381 8248 4206 1285 2899 965 7488 9325 9954 3799 1335 3267 2861 9830 8101 8824 1454 7997 1165 8780 9712 359 151 9861 7573 9067 9438 5934 8829 645 8550 1355 8952 1945 4556 8971 2732 4906 2691 9980 8209 7733 7411 9507 7276 9566 6381 1085 2484 6156 8959 2296 6877 653 3874 4966 1906 3420 4352 776 3288 7293 7858 8934 4973 6816 2867 6121 4707 2787 1804 6917 4431 7220 7737 5369 3399 8187 5967 9073 2244 6742 9697 8648 9130 1093 3171 9729 7957 757 738 5599
2492 57 4221 5711 8668 9832 3743 0 9936 7832 2146 6112 1138 570 6951 7832 6057 8310 8625 5496 1703 1323 7752 8903 7021 6311 5537 9049 9958 9733 4405 4549 9134 2454 6656 9592 8868 3055 6095 7172 3293 1162 9153 9957 4699 716 326 3417 7571 6374 8554 6609 6704 8787 6629 2163 8689 9867 5908 6082 7105 9201 3799 6517 5266 5095 2404 937 2138 8888 6164 4844 9182 9200 1776 3428 4896 9046 272 3621 4261 5393 7662 3685 4264 2236 1938 3239 2037 336 866 6918 520 3898 8147 1496 6422 7856 7903 3723 7941 8732 1996 2873 9874 9187 537 2234 4233 6587 1419 9964 9654 6832 6468 2986 6605 3891 6581 9806 2601 5557 7479 7074 588 9988 1610 5812 2827 6123 0 5496 5626 9639 4298 9245 9848 4108 5320 551 4531 8614 235 314 4167 7738 6513 8920 3087 4524 4835 5537 4462 7039 6165 822 7242 6289 137 9268 3709 5471 6800 5380 1964 4344 2675 2467 3063 9876 5095 9082 6384 7028 5273 4617 9793 2055 2953 9714 3150 787 194 1806 9569 1930 6400 2615 1140 6300 5277 6556 9452 6541 7467 1395 9810 347 5693 7883
506 5301 2270 825 8373 8383 871 9936 0 1514 697 3358 5043 9476 7519 4733 5684 5297 6484 9337 6639 9755 9220 4480 6820 2013 9756 2468 2702 1837 4746 5138 1231 2496 7927 4626 2761 7269 2205 4376 7506 687 8234 2556 2757 9057 5657 8336 7035 7183 1055 7291 4741 4170 9431 7960 5781 2701 3988 3531 6110 8599 2051 3260 1963 4312 9760 2372 506 8922 3111 4016 9414 1384 8804 4646 7302 2838 9941 8610 8048 5923 9185 658 8679 6124 8297 9855 9534 2149 9728 1721 7453 7607 2133 1290 2070 5017 9807 8009 2499 2816 5990 5963 1343 8728 7210 4775 5240 8557 6922 8954 4247 2032 8070 4911 7820 8633 1251 3373 7570 2885 3462 8871 4586 4257 919 6716 1944 3578 6670 9615 3400 41 5749 1896 6647 9908 9708 6674 1521 3435 3178 1188 2333 1204 7076 6329 620 23 2367 6992 4814 3823 712 8880 564 2079 3403 8125 9330 8288 4517 2847 49 8732 2043 8696 6977 7597 9866 9162 2900 7897 1609 2487 1379 2918 9514 6081 3395 271 9823 2025 6879 7167 6332 7618 2532 5989 4699 9231 8250 6968 7026 3068 3248 8571 3779 3885
8908 2782 394 781 2489 8145 2700 7832 1514 0 8733 2102 1177 8472 247 5644 4300 4838 9302 7056 6453 1772 6990 6553 7901 4511 3854 1047 5467 3161 9456 5100 777 2234 2970 2529 5487 5649 9685 5646 7291 591 6720 2946 345 1269 8644 3549 6900 5169 613 6780 3097 2321 6322 3796 565 8540 431 4307 1155 1851 9080 5547 2833 8523 6742 9912 726 3125 4507 4719 7905 3299 4082 7687 4423 8012 8385 4694 2079 9188 8911 5297 2084 9563 9872 9290 8366 2741 454 3912 6130 2053 307 8986 9112 5168 1109 2028 4136 8719 906 5320 4539 5309 3079 4193 6832 7062 9514 4236 2226 519 7227 180 6808 944 989 6368 4687 2926 2138 6254 5599 3469 6158 3134 3053 8192 1562 687 4579 1946 1284 498 1950 3761 9031 7791 1559 4037 3415 1026 3433 6802 718 5858 6081 3307 5828 4759 7055 4829 179 1907 9019 959 6432 2184 9825 3641 533 2423 3751 752 1505 6891 4607 8031 9756 1832 4585 3434 1849 9950 3824 8158 6851 2933 9945 7006 20 1520 4619 4312 7979 8090 8021 3950 4485 5944 5493 1880 8844 3803 9925 9968 2831 875
3603 2063 1452 6051 7484 4494 4306 2146 697 8733 0 3671 9474 6176 7587 4954 5723 5915 9332 1791 7308 9787 4288 3638 7655 5289 2158 6338 3223 8725 5205 9696 1868 1483 1996 3378 1863 6275 6377 8309 7504 8929 9464 4309 4272 5963 8619 5602 6002 5898 1961 9701 4847 5760 367 3847 4960 7218 1483 3078 7395 3245 1627 1784 8334 331 1762 6058 3876 2740 5223 776 7153 5659 6255 6107 2809 4913 5387 6193 1209 8410 2223 1215 1847 3102 7347 1400 4444 9928 9427 128 4488 3853 3447 2418 5981 5788 6976 2039 9126 7358 6391 1543 4806 2658 6844 2393 5532 2236 5180 7226 132 8817 262 8595 2819 5190 9344 2473 7479 4472 4252 1009 8552 3007 4866 5041 8108 1997 8236 9508 1045 8352 4886 8350 1867 4331 8531 7129 5438 5905 2118 3715 2880 5287 6455 3209 7830 8615 7849 5911 4033 5776 7241 9179 8070 9290 9776 5633 4752 3949 5551 862 5646 7455 8825 2823 8020 4854 2541 2605 8582 104 1797 6007 4705 1106 4122 4556 6867 8399 8968 7860 4565 4958 4212 7157 8237 4626 292 3024 627 9469 6055 110 564 4753 5039 4694
3632 1193 7107 3667 290 4867 1067 6112 3358 2102 3671 0 991 2029 8422 5177 4330 1235 7204 2951 8529 5689 7762 5188 9981 6898 6503 2904 6224 540 7409 5301 8852 55 3454 6558 735 1254 8739 2724 4857 5983 3241 6206 6170 7099 2147 2342 8893 7434 2585 483 4726 7033 2537 6347 9976 8361 1310 2815 7651 6908 6900 631 4032 8348 9725 670 4331 518 9126 9985 5992 2325 7591 7044 387 1211 9974 4876 7844 8014 1597 6975 8959 3471 9690 6200 235 4881 7452 8098 2056 832 9467 2466 9315 7542 6824 1429 1868 6126 5055 5271 3687 4383 5197 8106 2051 628 4985 4760 1684 4616 1242 5509 1417 5380 3022 1308 3124 2568 4044 6466 2681 2612 745 3225 8910 1043 1445 4666 6761 2374 3309 4459 738 3919 8789 4897 4550 2231 146 7114 1556 9837 5261 8586 4068 1809 8933 6541 1757 83 3682 5570 9594 5122 5121 40 9219 8781 9300 617 5934 3716 5488 1541 6556 9727 866 9297 9940 1918 3167 7076 7149 5654 7935 9952 8543 2193 2235 8955 2759 8064 3710 6777 961 6055 6766 7109 2528 5254 9036 7869 1180 8040 4966 7838
6705 2599 4080 2757 2731 6725 5815 1138 5043 1177 9474 991 0 6774 70 2532 4649 9666 2693 5825 2812 1424 5418 6678 9000 8185 7614 1249 9474 1158 522 3383 9353 886 7019 9297 1973 8839 7458 8560 6670 911 455 3529 9094 7376 7326 4733 2398 8819 5512 9673 2273 8002 1121 7792 3684 6517 6210 4883 6306 1736 9102 5575 3840 3071 6295 2476 9356 3718 271 4933 5575 9741 8777 2487 1289 2224 4583 7104 7681 406 8351 8286 8200 3380 255 4618 6803 7903 3472 2432 6086 924 3543 8376 4245 3119 95 389 1368 1833 6725 5821 77 6953 5015 5110 8102 5575 2081 6315 2994 4260 6286 8230 9349 8046 6219 6444 8921 6536 5118 6638 4898 5483 7341 3177 538 6061 8040 2473 707 3399 8478 7050 6331 1111 9307 4379 6403 6361 2003 5131 9737 2675 2086 6599 2334 9898 9180 679 835 4133 9499 2746 5157 384 1058 4956 6285 994 5313 9541 5302 7809 6496 1024 1883 993 608 1419 9009 1116 1502 7836 1955 9734 1951 9811 6253 4096 3099 5841 5855 9573 5711 6500 9981 5736 2598 4965 1892 5296 768 1674 5148 5953 1849 6793
2336 955 4744 8827 7485 1811 6923 570 9476 8472 6176 2029 6774 0 7662 9127 638 6625 2196 5863 9970 1487 8229 3088 6978 9500 448 8458 1296 8459 7887 1404 1186 3975 6791 4449 4924 8867 7424 6121 6629 958 3119 8461 5034 2022 2562 7095 853 5972 1802 5868 1228 9497 6823 3913 1593 4288 3281 6735 5914 7844 7245 7217 9744 8228 4848 7920 4994 4005 2846 9061 1782 6550 2586 816 4596 288 2556 4531 4066 8603 8888 5909 7041 7124 5896 3865 7573 5106 1577 820 7359 5436 3560 4159 6820 1169 3786 287 5038 1229 884 4305 4356 670 3719 9535 7270 2987 1408 373 7287 4892 1046 7070 287 4866 7202 1361 5549 6772 1471 7655 2799 1673 1008 2020 2483 1491 228 1082 3249 6535 2303 3425 4251 1711 6533 9473 6420 7075 7382 2744 264 313 3948 9854 480 884 9798 819 336 829 6026 599 7036 4332 1961 6365 8682 8383 7410 6281 696 4627 5804 1265 777 7156 7435 1996 178 1443 9874 6137 9 5409 9144 9022 6062 4778 6052 9576 1784 4843 5214 7098 4338 8331 1126 558 963 9087 43 6010 7802 8881 1966 4871
8552 9770 8730 6609 9061 4345 6748 6951 7519 247 7587 8422 70 7662 0 3308 8060 7678 7720 1071 9698 7789 7597 9266 3336 3543 4375 2562 5437 8786 8630 5610 7314 4288 3509 2679 1049 1036 2607 3605 5958 1999 1658 7959 475 4750 9647 7592 3039 9226 7948 7033 606 4059 2418 9719 4316 7710 602 4833 4644 4610 971 1920 3821 3260 9866 4946 4955 2764 9378 6518 3511 6634 8254 3566 3270 8836 346 8075 5995 1319 3767 66 8102 1035 2647 2195 1493 7976 4583 8295 1797 6432 9006 1157 9720 1112 168 7846 1482 2314 9727 9506 3781 6513 5044 5254 8299 7708 372 788 2516 4175 647 874 1514 7698 3771 8307 4342 236 2038 8113 3099 5098 879 4772 8458 979 5176 6838 978 5257 206 7638 7664 7706 4159 7369 4637 4596 290 2545 6101 9783 1086 6856 7781 4795 4456 4344 7830 6731 7699 5086 666 581 7172 847 9977 5776 9846 5948 6662 6661 5460 7608 8306 4555 8164 9855 8826 7599 2800 5128 8737 4249 420 297 2366 1863 5160 6333 9259 9398 6672 250 4943 7001 9500 5694 4076 4729 8809 9189 7254 229 5583 5738
8769 9065 9472 134 2028 30 9232 7832 4733 5644 4954 5177 2532 9127 3308 0 4846 7914 8127 1186 134 3721 6161 2979 3591 99 7249 6200 7822 9054 5658 6086 6089 6801 8914 3936 7021 428 857 8791 2360 4658 3254 6389 7069 920 925 9811 5612 9524 5432 1733 3909 2355 905 7189 6093 2862 9272 3350 8847 6656 896 1964 4003 3545 6613 5873 956 9500 2845 7360 9751 352 1627 5379 9686 1275 9441 631 4128 9890 1809 7990 5087 6128 8037 3230 5336 7852 153 1038 9391 9230 8490 4306 1551 8444 7236 6828 8723 2802 9554 9173 3878 8303 6802 7487 1082 9810 901 4717 4769 3265 8011 8996 9447 1844 8160 4964 5171 9899 6979 457 3642 8719 2064 1390 8133 5702 191 6582 4356 8580 9565 8969 1290 2668 8222 2617 2625 5697 1003 8256 9895 766 760 6169 7300 8085 7182 4903 5660 8919 6594 8175 5839 3933 809 2240 2632 3529 7038 2438 7826 7410 9542 8524 8008 3272 3522 4770 553 6245 820 7023 9335 9664 2158 472 9877 5729 7378 5047 9635 2511 8690 3027 9794 7124 9587 1092 6299 9857 7622 7185 8417 4140 1040 1488
5654 3951 7136 5400 4450 5405 1056 6057 5684 4300 5723 4330 4649 638 8060 4846 0 1042 705 4190 6362 7429 1155 1005 7736 8585 8758 8501 13 7892 5490 5169 7292 8490 9190 5637 9303 1662 5398 3262 3896 3349 7891 213 4927 3905 792 7798 9566 7470 1234 9488 803 9943 5813 3523 6345 271 8571 4190 9630 1515 2438 4882 8935 3336 1606 7700 8059 5417 6725 5131 6974 6516 5169 6925 9276 5444 6298 9723 6506 3116 7187 2571 5999 2098 5976 1145 6477 8475 8517 511 8058 1057 2762 4218 8967 6162 5154 5571 202 1854 7681 7756 2434 6304 185 5241 1491 3261 2125 143 3975 8898 9393 4310 928 2563 4102 4038 4685 9496 2389 9637 3813 2573 7238 9023 9896 5730 8490 1391 5424 2084 853 8992 7280 5641 4520 9503 3407 6585 8837 6404 8941 3915 600 2702 6071 4272 8747 1117 8813 4659 6726 9067 2515 6308 5856 5981 1240 9572 3437 9742 5658 1536 9243 337 4773 248 9310 5611 790 1874 3320 6517 731 7567 8024 9090 430 3463 6118 27 9864 8724 2228 7404 9378 2351 7143 5497 9563 5924 6935 3814 2922 9802 9992 4846
694 7769 9923 3360 430 3193 9681 8310 5297 4838 5915 1235 9666 6625 7678 7914 1042 0 9353 5778 5384 9826 3718 5431 4832 1790 9545 6901 8216 887 5819 3006 2841 9213 2523 7332 1773 8176 2902 1551 7220 3494 3188 5724 9987 5790 9463 7654 3956 5025 7307 2334 8839 3739 7843 9402 979 3312 7669 330 3741 8559 2272 7628 2395 3969 8336 1756 8466 9586 1811 3555 4597 5114 429 8922 392 277 4284 7443 3848 2043 2672 2362 7688 5268 1321 2058 3130 8711 447 1654 5632 4807 2953 2607 4301 3680 8323 8238 3406 8123 3084 6368 4641 290 7509 7132 2646 3681 7202 6453 4344 8563 4024 4067 9572 8893 8941 9659 5297 2161 8918 5323 1326 9004 9689 6594 1580 559 8565 6319 1286 162 5238 1587 689 526 5196 3716 3042 5399 4757 7787 9492 8961 3522 4958 9871 6792 8173 3875 7526 51 7414 5553 4751 1833 4931 6235 9331 6639 1383 9167 2081 7986 7260 9548 2513 3148 8761 8610 714 4129 3742 5638 3191 5655 4792 3868 4559 668 6 9263 5834 6829 964 5869 4284 8592 7569 4433 6575 9509 787 9140 1459 9789 9078 1881
4904 5280 3864 4261 4445 9648 8020 8625 6484 9302 9332 7204 2693 2196 7720 8127 705 9353 0 2051 8656 7155 6895 3026 3884 8037 27 5986 9350 4526 4084 8957 5670 9132 5952 7234 970 8738 6331 7547 9476 3670 8306 5790 1009 8653 9912 4539 2824 9840 9061 7477 5714 9644 1776 1851 1159 4334 2569 1909 763 4716 4595 5119 4813 3370 7640 8862 2111 9816 2328 8508 1972 7575 5212 6906 2578 9864 6858 4238 3614 1103 1787 7473 8851 328 4718 71 6706 3267 6116 2062 3067 6855 1213 8747 407 2943 1207 5823 8207 8924 9267 5847 5858 4030 8153 9359 2461 6262 6361 8775 7409 5018 1735 9922 6213 2252 6847 2242 172 4779 8322 411 8129 8367 1273 3956 7673 5497 8237 8048 6204 8493 179 8432 1788 8409 3980 2462 6763 8589 5161 6979 1678 4709 5852 7307 9517 3588 393 6077 4345 104 214 510 8327 4806 901 8848 3973 4003 2883 4252 8756 7548 8046 3038 231 2212 3569 7218 7681 3979 922 2922 8 9827 8697 9114 5862 7193 18 8930 1681 4185 5046 5839 4302 9929 3091 2009 4913 7381 3127 5268 6940 7240 3718 8971
9793 3999 1917 5989 7078 6893 6505 5496 9337 7056 1791 2951 5825 5863 1071 1186 4190 5778 2051 0 9116 2398 9823 9573 1751 858 3066 129 9604 3536 6369 9282 1 4779 2135 6855 7505 5305 2117 9169 5292 3298 1648 3682 486 3050 2171 4756 3405 3925 5480 7718 1514 3848 33 3461 5868 1392 1761 2339 8174 1772 5682 1476 9661 300 5357 3234 3772 9434 2448 8906 357 3594 5184 991 2819 3107 2270 9113 6528 1426 3560 1705 1560 4117 6584 5520 3156 4429 9139 4813 9602 2427 7880 9248 6238 5521 8811 3289 2641 6889 7680 9817 2306 2253 2134 3690 5156 8607 8913 3373 4150 9240 3742 2032 5508 5188 4030 5544 5586 3549 4593 1126 1345 1166 362 8650 8328 5415 5132 1648 9573 9973 5330 9803 2714 6448 4661 1264 1076 8321 1973 9088 592 7188 2812 526 2537 263 4529 7680 8452 3583 7599 8673 9740 9474 5364 8756 889 3026 7099 8545 6383 5946 8509 5360 2735 351 733 5899 9162 4902 8120 8816 9151 6472 2141 978 1931 1291 2905 5831 3417 1373 3719 1652 4552 4069 6065 6768 1112 9558 2004 8311 499 4770 5472 995
7984 4920 2037 4077 4153 5887 5490 1703 6639 6453 7308 8529 2812 9970 9698 134 6362 5384 8656 9116 0 5962 523 5176 2803 4601 775 2952 9726 8429 1884 6569 5232 8600 5103 8816 2236 5613 6410 3139 4830 2867 770 9047 7711 7603 9212 8575 1502 6538 7811 5785 5343 7173 2428 5690 206 272 7438 8942 1476 1252 9268 8127 5492 1223 6140 3040 6296 4300 9324 9986 3607 3321 9521 4794 6046 5854 4223 2458 3554 1238 3175 6458 6281 2815 2332 9249 9273 5790 6772 8525 5928 331 7324 9487 4869 8928 6507 3041 9583 6319 654 3560 4579 5985 940 3335 1638 1002 9711 2472 511 6236 2052 6235 782 2429 2301 1158 9579 4327 8847 6041 2420 6679 9441 4271 6411 1472 9608 8059 5715 4477 2611 3336 9515 5312 2406 3366 9398 4501 2276 8714 2271 8046 5869 2133 786 1317 1433 6069 1586 5567 6228 4505 8649 8625 2194 6633 5411 6454 8356 8925 3431 3448 258 6611 4961 4201 6013 7753 1792 9723 2155 3160 8952 6086 4946 5531 7516 7760 8982 9639 342 781 5720 8581 842 9698 9532 8784 9975 9820 737 8553 8261 9415 446 2034
8932 647 1006 9776 192 104 5635 1323 9755 1772 9787 5689 1424 1487 7789 3721 7429 9826 7155 2398 5962 0 2387 6800 2504 4805 1298 6988 1027 827 5622 6069 2088 2070 9157 1640 6688 6479 9731 5928 3081 3174 1901 8444 8560 5135 8455 8476 2605 6674 3375 9417 601 8953 2568 7796 8566 4897 7864 8816 7661 9527 370 1263 8445 6914 6150 4125 3069 1416 9245 4572 7638 6374 9360 7773 4461 9177 7891 8280 1116 3384 4550 766 1365 2304 1966 9120 6883 1282 951 1985 4264 7121 404 8439 1595 5945 9541 2565 8534 308 593 268 5529 3556 4268 4123 6619 7154 9176 2864 9501 4200 6908 1747 8769 9604 6772 6829 1442 3207 4719 2650 9107 3652 2267 2996 7640 3612 6381 5017 8070 9720 2965 4292 3723 9148 9615 9995 8013 6327 3644 4116 6879 7361 4040 5305 9333 8875 9635 8149 7947 7591 1757 5456 2196 4553 4899 6141 3406 1970 6540 4419 7143 6307 2613 255 2108 7331 1738 9747 9181 5571 9953 4435 499 2944 5955 7333 7974 2486 8350 839 83 8109 6859 3801 4086 676 2736 5266 1344 2264 5152 6865 2385 361 1105 2098
5113 2031 6003 5062 6230 3799 8644 7752 9220 6990 4288 7762 5418 8229 7597 6161 1155 3718 6895 9823 523 2387 0 1940 9086 6202 4045 9452 4480 368 5202 5301 481 2065 9294 2381 317 1099 1266 5460 9706 6043 7937 959 5492 6610 8464 5261 1805 4353 1249 487 1240 8374 9117 6550 698 9589 6835 8780 4916 9376 736 7635 2383 9870 2600 6263 4502 7431 6570 1872 9355 9311 5520 3696 7982 2908 6478 5623 543 7611 8573 1422 9863 8630 2897 6694 61 3483 6747 886 3001 3835 1016 6288 2284 9267 8990 6758 3864 1856 696 328 67 9800 9307 4932 2560 367 8216 2093 662 1007 6325 3078 7462 4826 3160 1440 5583 1426 5044 9650 9295 1981 528 2619 2023 7942 3958 6623 1816 2447 950 5266 4995 5750 5778 6025 7345 2323 5542 8346 5465 3983 3103 1159 7118 8949 2000 8340 2835 8791 993 7087 351 2875 6798 7401 7626 3730 7278 3199 3801 5704 1782 553 292 932 2016 681 1009 5487 6616 2414 6273 4536 350 2748 5259 6851 7653 9907 5358 5840 1148 5956 1829 7325 9840 9651 7513 2606 6674 9329 6841 5218 5902 3752
9469 4654 7313 4172 9306 5301 9356 8903 4480 6553 3638 5188 6678 3088 9266 2979 1005 5431 3026 9573 5176 6800 1940 0 4309 593 2078 3583 6842 5080 9651 6419 5979 2464 3471 7144 9061 4220 5067 4139 2833 2220 3076 8885 3139 7313 6913 8320 8693 5371 4933 9947 4957 7755 2081 762 7394 3307 387 6699 995 8002 7418 5319 6402 1907 2472 750 8423 7759 7069 6372 756 187 9607 2531 3818 1127 4523 3926 7992 1213 9259 2473 3428 3984 291 2958 7828 5072 6974 2215 4714 9662 6525 4449 2149 6731 7751 3424 9117 3091 7684 1796 1911 1944 6484 1701 5094 6006 380 6183 3769 8402 8429 5357 3862 8978 7448 1571 686 8201 8462 4779 8632 8714 3632 1124 2762 1385 346 3691 6223 1729 3101 2113 3510 4374 6485 2184 3515 3811 8198 7495 3127 750 4019 786 1248 7011 5417 9210 2509 381 8692 8025 8175 1678 4810 4273 1265 380 8997 8732 4876 7674 6440 95 418 8287 4026 117 8714 1964 8753 7053 7444 4618 9697 7798 2932 8746 13 2458 7673 2950 9439 8838 3081 3178 2682 7379 3070 224 6234 4449 7166 4545 7826 4633
7454 3148 5964 3470 9972 630 2200 7021 6820 7901 7655 9981 9000 6978 3336 3591 7736 4832 3884 1751 2803 2504 9086 4309 0 1096 1855 5535 7094 4056 3328 9883 2087 3035 8629 480 5067 2429 7015 4295 8209 5050 5875 7884 6961 3633 5919 9566 8933 2612 2693 2754 693 6641 6602 8599 4350 7054 9257 9098 2892 7154 6796 1164 9100 3452 177 7288 8567 7325 2667 1004 2349 3287 9521 4222 9060 7825 7247 4080 1259 5908 4969 4047 7520 1138 3912 369 5526 3798 9018 4757 5825 8644 5492 5002 5498 6493 9422 4597 1613 5352 3719 7622 8332 91 7321 3231 2355 577 6726 2210 4730 7337 8473 1282 3637 3101 3732 4746 3087 8606 4583 735 8056 1575 8754 5634 4469 1148 9461 4571 4452 1040 7853 637 3681 6453 8552 6701 6780 6809 1688 6434 7067 7913 806 317 6502 4765 1755 1687 7852 1730 52 1240 8501 6844 1601 785 6359 9803 5653 176 9862 591 444 6867 2109 6066 6741 5248 5675 6280 6962 7486 2565 9229 4630 4710 6370 6487 4259 7288 1512 3222 81 7140 3819 3847 7474 2014 3684 316 8804 5270 5345 896 4526 1328
2429 2450 6571 7990 5435 5166 3374 6311 2013 4511 5289 6898 8185 9500 3543 99 8585 1790 8037 858 4601 4805 6202 593 1096 0 3798 9240 5663 6464 4151 4668 7205 219 3591 7102 2675 5233 3525 1473 5097 6045 6403 6692 321 6457 3274 7938 3273 641 8138 6700 2470 603 9868 7665 6538 4626 7265 1390 9980 6302 2012 1632 3062 7042 8400 3347 5635 5851 1397 5377 8410 3135 484 1262 6479 1786 7491 4445 2696 9788 9596 8566 3772 4793 1591 8379 507 9468 6265 3176 1893 9244 1315 504 8021 4714 7319 5545 4592 5715 682 3598 4220 4689 7511 1548 3268 3693 5912 1552 3288 8537 8366 8641 209 9337 6154 3147 2866 7616 5096 1711 3846 7560 9926 7186 3747 5325 3817 8809 2261 2578 17 3363 9068 3726 6128 6241 3566 3068 7329 7153 7270 8665 6811 5380 2124 7983 6413 7679 4287 836 9246 9888 8116 750 9495 2231 9900 9793 5741 5063 9214 1269 6355 6666 2974 197 3501 3407 6014 5290 6214 935 5790 1636 7518 4301 3744 588 6419 860 3982 6672 6220 6741 5660 7389 6893 4570 8599 5815 7784 5167 4457 1011 1267 9555
4942 8785 4340 9811 4882 6916 974 5537 9756 3854 2158 6503 7614 448 4375 7249 8758 9545 27 3066 775 1298 4045 2078 1855 3798 0 4913 4270 9398 6449 8561 712 8068 8294 7146 4486 8836 1581 6656 745 4109 4351 3434 8570 7918 6188 6201 7533 1120 7128 1972 1725 2464 8656 1542 349 7947 8449 7138 2776 9595 7510 4874 9763 3430 732 2589 127 5873 300 3114 7917 7161 6998 9451 4565 6027 3411 2507 2556 2514 4926 8719 8743 7054 2034 6494 750 4876 712 319 7447 2993 4220 3465 2629 8709 1171 3916 1638 6504 3068 1371 9091 2021 7509 7081 6526 4899 1339 4127 8306 8372 737 7779 5451 2537 970 345 9816 9637 708 7035 8244 4765 5065 1402 2562 9912 3549 1911 4497 7740 5190 1401 8505 7308 4675 3790 2430 4598 8859 2192 6651 4654 2221 6280 2895 5286 1776 700 8371 5586 3641 5046 8798 4963 9567 8006 3553 5050 2662 7597 5308 9612 3151 8822 5113 7577 8851 9848 6097 3583 9168 6740 3300 2493 230 4950 2726 675 5176 5184 5496 4603 3897 9609 6301 2950 3148 1066 3587 2721 3814 2885 4468 635 3499 8094
2507 1281 5940 9643 1604 8727 8826 9049 2468 1047 6338 2904 1249 8458 2562 6200 8501 6901 5986 129 2952 6988 9452 3583 5535 9240 4913 0 255 440 640 5662 3127 5746 5048 803 8486 5082 9725 5543 8293 6807 4026 5733 8121 4850 7213 6961 3792 2029 3780 2186 6808 3508 3643 5639 9435 8795 1846 9647 1537 5792 9494 2578 8167 2234 6825 6267 6873 6467 7233 2605 7450 9445 4977 9686 9810 1683 7361 45 1038 2387 8825 7855 656 6153 1635 8846 3177 2623 1369 9798 4195 6030 2201 2870 9471 2325 7523 1186 6702 3857 8751 2053 1689 7523 2210 7639 8131 1453 7381 8133 9025 3772 8964 6822 3374 1395 6669 4174 7131 2238 8249 7280 4478 6203 6886 1193 403 869 7497 8195 6183 9315 5371 2169 9390 6127 1341 8192 9842 1219 3189 6452 8161 2917 5897 8481 8672 5947 5570 6672 5943 7993 7642 1553 50 329 611 3864 6058 8899 2377 5021 9061 657 5747 7234 7473 6853 6621 7070 4993 5256 180 6131 3584 6570 9099 94 2220 6011 8555 951 5868 7028 8898 843 1390 7945 3329 957 7912 3779 4247 5167 184 2007 21 9386
7188 9247 6879 4010 510 3977 959 9958 2702 5467 3223 6224 9474 1296 5437 7822 13 8216 9350 9604 9726 1027 4480 6842 7094 5663 4270 255 0 9831 9123 9869 7147 9842 4544 6086 4648 7719 1202 4567 1095 2854 7844 4795 6924 9770 6418 1644 7760 4915 252 4325 1999 4332 907 5320 5730 4443 5184 3577 8188 834 8530 114 3160 1118 6406 5766 4085 7800 8503 4223 7438 7349 2635 9403 5713 4839 4911 8302 3117 2353 9597 6807 9516 5683 7914 1858 2409 5949 6916 7868 845 4029 3408 2972 2833 1357 4161 8366 438 7988 8526 2204 1956 7373 4077 3162 7324 6456 6779 2582 3123 7105 7861 5286 6504 3335 2804 4177 4966 4720 9060 1547 6527 1459 4194 313 4275 9117 4982 3205 7838 5096 6153 9690 691 8472 1444 3729 2816 6850 6229 540 16 8669 565 609 3963 652 7050 2228 6800 542 4867 580 7596 3892 3299 2533 5233 427 885 7181 5557 2584 8810 2185 5998 6957 6182 1669 5042 7134 3441 398 6345 5995 5802 2466 2913 546 4646 2020 5848 8189 2596 1829 7270 286 3253 6719 59 6576 7437 9590 7978 1298 1452 5781
3338 2770 1179 575 9801 6860 4263 9733 1837 3161 8725 540 1158 8459 8786 9054 7892 887 4526 3536 8429 827 368 5080 4056 6464 9398 440 9831 0 4751 5243 8208 7775 4288 7771 8027 4584 207 2746 9054 2716 7154 1763 216 6667 4448 5990 1752 6714 1375 9983 420 3761 9220 9202 6246 206 7831 9296 3485 2430 1321 5111 7276 7670 721 1709 9237 2667 4609 2684 7875 9745 9883 7695 1751 246 4912 7031 1805 9708 979 6416 7966 2215 884 8812 1743 9202 8837 2626 8773 9840 3770 3285 7044 3286 6034 2626 672 4859 65 8979 9990 4267 7149 2337 3683 2202 6541 9557 1442 460 9428 3850 9900 466 3179 1926 460 3738 1660 8829 9370 3804 7934 1751 7901 7198 2256 2258 7 4497 6353 5242 8501 4333 298 4114 4324 1675 1744 1151 2793 2846 8972 4205 354 8471 4508 6772 6696 5460 6940 1606 5493 4794 1885 2143 2287 3402 3604 9841 6210 5385 1314 6886 4352 9793 983 8662 2349 1802 4909 9421 9631 7312 1596 2075 6136 8195 3460 9402 7233 8483 4868 1819 3257 5801 7423 9254 1571 5920 5273 8407 2857 4638 8197 1902
3450 3763 2451 1012 2319 2796 9407 4405 4746 9456 5205 7409 522 7887 8630 5658 5490 5819 4084 6369 1884 5622 5202 9651 3328 4151 6449 640 9123 4751 0 7823 8156 230 571 7783 3737 720 25 4839 2374 303 6043 893 3046 6402 9235 9421 389 8825 420 4703 1666 2277 8308 2740 1324 6725 9573 8321 7617 3553 9487 454 4699 276 5991 6452 8437 4644 5462 9606 240 9718 8116 8991 1405 3026 1151 8057 6628 1909 892 9215 4945 8172 7905 1635 5750 549 9745 6246 7207 7345 2196 9312 2013 7054 3022 8091 7860 9725 4713 8599 6650 8039 4933 193 6769 5626 5818 357 5358 5483 2823 4160 9995 2755 7169 8565 1546 9392 4047 2123 4229 7170 7575 711 1002 6811 3777 3374 9040 8045 3169 2064 8765 5147 7246 8854 6083 1705 195 5724 438 738 1762 8148 9391 5992 9993 5338 7 5299 9836 4633 1768 275 8636 2297 4222 2157 3069 4337 5055 3608 2046 819 5435 5264 1804 1262 77 7536 8196 1355 9532 4541 4059 984 3270 4828 8068 4740 4433 1808 6167 4713 19 8829 1067 2745 3858 8667 5312 6671 3684 5894 541 4020
2839 5652 5837 1689 4360 8973 3613 4549 5138 5100 9696 5301 3383 1404 5610 6086 5169 3006 8957 9282 6569 6069 5301 6419 9883 4668 8561 5662 9869 5243 7823 0 8020 8129 8537 2290 4429 2650 9160 9832 9463 3370 2272 1775 7113 938 3983 101 2322 7379 6206 1128 5539 871 9969 6613 9872 189 4949 2147 5728 8143 6336 9642 438 7828 5126 4689 7415 2517 1595 5656 7075 1849 4146 7598 4478 6160 8768 2556 6083 4175 9493 1141 8581 4245 2586 6911 5251 1241 7506 3534 7867 3678 9042 2126 2535 5952 7407 4529 5609 8289 6790 2193 7391 379 1669 1485 3117 6219 4036 2791 3990 2251 7210 7298 8797 1688 2031 3538 6260 2323 2412 1634 1878 3125 5418 3304 9780 4095 1444 9577 8680 6528 3965 2590 8033 9803 1333 3139 3314 2457 2785 7934 9240 3174 4505 4160 9678 5608 923 3826 180 7398 9595 9567 2246 2741 3961 221 709 4025 2387 5041 6338 9902 3282 8282 8490 5966 6585 9436 11 9764 2702 4778 2905 989 7067 5855 4776 1459 8768 1161 806 8541 7180 7404 6368 5116 3768 854 8128 1941 6346 7222 5975 5065 1868 6130
997 7105 9518 8047 5928 7022 2272 9134 1231 777 1868 8852 9353 1186 7314 6089 7292 2841 5670 1 5232 2088 481 5979 2087 7205 712 3127 7147 8208 8156 8020 0 6543 8237 6706 8524 4414 6270 4142 1718 661 1529 3673 6785 4881 8593 8739 3270 8 3371 3879 1813 1082 56 9468 2316 3382 7057 4708 2610 5204 4425 7674 848 1869 4103 8486 4932 4274 7824 3536 7356 7212 7384 9328 1165 2514 6640 8755 3481 2094 6432 6061 2939 2896 9067 2773 4365 6537 3202 8668 2079 4937 3243 9344 7253 825 6968 3973 7785 3590 1034 1751 3371 6361 3184 9601 9478 4904 8977 7430 9910 499 8505 6759 3656 183 2924 3194 5501 6510 380 7554 2334 4598 1553 8615 4399 6486 7275 2325 2824 4817 6223 2111 9910 556 9099 6384 7882 5708 5993 5659 6581 6380 1930 6481 1844 6951 4244 9201 3439 1630 3132 6785 6630 9582 7823 3289 694 6152 3670 2134 3183 9636 8410 5006 7369 1411 3887 2152 6216 6586 1282 6921 3501 70 9613 6323 1008 3482 4687 7699 7218 2590 3061 6827 7849 2599 369 715 1953 8751 9366 4237 9408 404 4029 8709
1424 8035 4418 5348 729 1270 401 2454 2496 2234 1483 55 886 3975 4288 6801 8490 9213 9132 4779 8600 2070 2065 2464 3035 219 8068 5746 9842 7775 230 8129 6543 0 5886 3903 6198 4094 2431 7829 6181 8034 8036 1087 2291 6116 1305 8117 1775 393 7508 6756 4853 2498 7074 462 6011 5061 2781 5396 9088 2715 4470 2906 8983 6808 5248 6781 9036 2335 5741 3992 7898 5847 4139 6099 8122 9348 9347 4928 8535 1357 3484 3088 4339 7303 1237 4463 5305 6301 6880 54 9651 2488 647 367 2210 9774 1382 9673 1040 3390 353 9518 2379 5156 5886 9088 6061 9764 4896 1653 8157 2134 858 7776 5515 2158 7217 6355 3655 2587 3332 2570 5169 1764 2528 7316 3759 2906 7741 6320 3750 7193 9694 2721 1996 477 6029 8789 2484 5100 8726 7219 6176 6149 4617 9552 2996 2185 4153 5648 8895 8896 3150 9636 5359 1833 450 8642 7500 9066 6660 3660 4547 2752 422 4362 4713 8930 9281 1559 4864 9090 6772 7686 7878 1221 7200 8422 8043 8802 1934 3237 5174 5655 1143 7816 3978 718 6028 5724 3160 7195 7825 739 9012 5678 6847 8476
6555 645 2863 1006 7624 7394 6973 6656 7927 2970 1996 3454 7019 6791 3509 8914 9190 2523 5952 2135 5103 9157 9294 3471 8629 3591 8294 5048 4544 4288 571 8537 8237 5886 0 1184 3774 9524 3549 3721 8257 6359 1717 3281 4504 5197 1745 201 7183 995 8533 8151 6621 578 1083 9456 1408 420 6265 8123 3766 2215 9710 4473 4747 4639 7733 3827 3795 8980 5147 5766 4984 9291 39 9087 9712 6451 5684 4912 4905 315 9912 3928 2933 8460 8397 2279 5788 8800 4174 8274 4669 6438 8336 2667 8982 1975 6045 4683 5112 5156 3540 9528 724 6730 6479 3076 4090 9610 1702 1872 6817 4288 3727 5418 4821 991 8775 3603 7984 7960 6134 4463 7459 290 5339 8880 8590 3179 3050 9542 6359 6673 9660 9685 2977 3390 4189 9620 3700 6924 2603 473 5253 7129 6514 27 6575 1655 968 5842 9070 914 1457 6183 8731 2523 5448 7534 6729 1606 2955 1258 780 3841 4547 6921 2780 545 530 8551 1738 7041 7732 5117 6172 1203 3666 2891 7121 9 8185 2240 1880 4122 4244 1335 6350 569 4208 5408 4977 9022 8805 9682 2379 1146 2508 3696
9729 5338 5235 5334 623 629 2920 9592 4626 2529 3378 6558 9297 4449 2679 3936 5637 7332 7234 6855 8816 1640 2381 7144 480 7102 7146 803 6086 7771 7783 2290 6706 3903 1184 0 240 8142 5864 4452 5758 6272 5506 3458 2108 7918 1993 6432 2056 809 8201 9440 4951 5620 9671 7653 6252 2056 8636 5787 3493 5519 7982 1625 6343 9815 5238 6077 6882 1112 5221 7472 7887 2378 7324 3561 2275 5613 1162 9699 2629 1421 7426 7866 7442 6009 2022 8449 9496 1531 4878 8638 5768 1967 5974 8239 6783 7295 2597 5614 4863 5069 3819 8755 4939 6741 6326 7283 4722 2606 1430 1732 110 6778 42 7491 8531 3546 6794 6600 8353 2969 2298 3430 1283 832 7398 1617 3229 262 6851 7832 6961 2624 8753 4240 9595 3058 8119 4485 376 1725 1206 5064 5501 9571 3213 5038 3651 3220 586 5397 1675 1986 2237 22 3475 9782 7187 7204 4001 9350 9244 139 159 4313 2649 2647 4671 9396 6094 6058 3764 2951 532 3493 1135 7616 8026 5934 2323 8423 4481 8356 5834 617 8394 9723 3796 2662 8606 6319 3840 4013 8583 497 2994 9679 4055 9212
4423 2717 2288 7308 4379 7798 8992 8868 2761 5487 1863 735 1973 4924 1049 7021 9303 1773 970 7505 2236 6688 317 9061 5067 2675 4486 8486 4648 8027 3737 4429 8524 6198 3774 240 0 136 3994 9894 436 3586 6411 3892 9566 3197 7489 7334 8009 8187 7270 3167 4783 8326 6539 6875 1201 6062 2656 2033 9218 2419 2193 4655 4952 4719 2395 5131 1460 8416 9460 7761 2672 3175 2590 6679 382 4251 3053 4208 2695 1765 4634 6976 5538 5601 4435 6837 35 9812 152 273 997 7125 668 3379 1683 1946 617 3258 6620 5554 3094 603 1540 1698 6863 5751 1700 1185 2712 806 2271 6313 3699 9660 5007 9968 4504 7407 7973 7925 7796 8334 701 2404 7837 5126 365 5936 8622 4655 4241 6729 2912 3187 5641 2246 4059 7503 4755 9547 52 3822 7269 4676 7353 5872 1111 9471 6867 6173 196 4165 2175 3937 2180 6962 6742 6629 7696 1326 2507 5978 435 8841 9635 9899 5204 5816 3924 9689 5856 5904 513 5284 1544 3147 577 3407 9479 7384 5729 157 2882 872 9648 9353 2619 4244 4588 8003 1901 7848 5737 3214 7926 1041 565 9538
9534 5269 7348 3790 4588 4337 8364 3055 7269 5649 6275 1254 8839 8867 1036 428 1662 8176 8738 5305 5613 6479 1099 4220 2429 5233 8836 5082 7719 4584 720 2650 4414 4094 9524 8142 136 0 2536 2549 6886 3396 495 5383 7353 3707 156 9724 6183 2041 6342 1012 1278 3636 4861 2305 3859 4950 8343 1509 4133 1540 727 222 6614 1245 6440 7201 5088 8626 5910 1695 3152 9557 1964 9737 1096 1912 3756 7644 1877 5065 1017 1387 428 5988 8913 8158 8915 5488 4814 8955 4093 6424 3306 2696 5216 9470 3317 8687 6675 973 6164 9444 2409 9226 3586 8244 6550 3967 5837 3455 9421 1470 5659 9784 7390 5711 2676 8777 572 1140 867 7888 2863 9093 3795 6723 4561 229 8477 1014 4130 2643 6954 6861 8684 829 9241 9608 2677 5878 7407 7975 8099 7743 7888 6273 6680 7886 2010 512 1877 9321 2499 1704 7745 4644 8682 8506 8244 8733 5793 8788 5396 9711 1865 8369 5764 3054 659 6368 4754 3002 6696 2380 9227 217 4991 4268 9894 8511 5926 2321 8873 5545 1179 8495 747 2771 4013 1798 5127 4435 8677 7948 5534 3956 4780 1623
2500 7869 5231 3591 4052 4227 8167 6095 2205 9685 6377 8739 7458 7424 2607 857 5398 2902 6331 2117 6410 9731 1266 5067 7015 3525 1581 9725 1202 207 25 9160 6270 2431 3549 5864 3994 2536 0 6895 7983 9426 6662 7403 7118 770 2913 1136 4964 8882 7198 3865 9480 1161 5198 9725 8854 8525 8944 8377 9625 5194 4492 5250 940 9879 844 8435 2137 5571 6444 5622 8703 6581 5261 941 1288 9497 2058 6693 6117 7002 8228 3128 2222 8628 6889 1578 7111 5405 7968 2651 6169 7731 9804 7728 9192 6827 934 123 730 1636 1644 7140 699 2245 428 5083 4943 2858 1688 9037 2121 3508 7874 6072 2110 3725 733 5930 9905 2405 1104 7018 679 8640 9636 6373 9772 5804 3533 9354 1886 7142 4387 3644 2837 6424 7500 6128 2747 7800 6268 8681 8012 566 7514 1212 5265 4744 2387 3860 5569 4875 6838 3145 7690 8784 3355 790 279 8151 2022 8356 8960 9254 1046 7795 8892 8532 5138 3716 691 1125 5638 6825 7494 8854 3987 5514 3980 3602 4086 5378 1060 8455 6248 9053 6530 4833 6842 5138 4621 3254 669 844 3674 7051 7732 6113
2413 5283 4463 8827 9652 2506 9391 7172 4376 5646 8309 2724 8560 6121 3605 8791 3262 1551 7547 9169 3139 5928 5460 4139 4295 1473 6656 5543 4567 2746 4839 9832 4142 7829 3721 4452 9894 2549 6895 0 5905 4790 4263 1491 4674 5683 4872 9773 8638 6121 2528 3392 9049 8746 4632 9619 9605 8059 8827 1117 3299 103 9696 9865 9089 1837 9611 8666 9093 4021 3245 5937 5186 1602 7215 8029 8172 3085 8470 439 873 418 3638 8004 7853 6549 1885 6189 1688 9680 3027 1619 9095 8073 6889 1025 9776 1029 8668 3002 2564 4455 5936 2264 546 3914 2069 5586 6381 6866 5467 1891 2862 4572 5852 8498 6344 5065 8452 3920 7165 5102 2274 3114 2373 6227 4128 4417 9344 8702 4458 5087 5685 9533 6746 969 649 4346 2668 4753 2824 5422 9374 6466 2126 5960 1900 8146 6341 3545 4805 4104 6714 995 9310 7043 5061 4394 6310 1458 711 2930 7653 3023 5978 9292 3169 574 5317 8118 4107 4490 3257 5820 4615 8687 7224 7904 7843 679 6446 1922 1752 339 5103 5005 4593 7366 4931 729 28 8761 6983 8631 9965 8942 9767 45 9577 8211
2903 7750 6996 4867 9079 9820 4188 3293 7506 7291 7504 4857 6670 6629 5958 2360 3896 7220 9476 5292 4830 3081 9706 2833 8209 5097 745 8293 1095 9054 2374 9463 1718 6181 8257 5758 436 6886 7983 5905 0 5559 1390 5897 3294 7043 9514 6733 5154 1499 8262 1827 8992 2069 6370 2061 797 4609 8402 9666 536 3123 8421 9527 8433 3844 7632 1163 7743 1869 4837 4102 2410 986 1968 5277 9186 8010 2557 3065 1197 9759 1287 2374 8799 3635 8814 1372 7062 2830 4119 2572 1879 3433 3643 1306 6111 6098 50 9895 5435 8541 6599 4913 455 8481 6156 5914 9803 8095 7513 9496 2707 153 6767 1511 5330 1795 1577 4102 336 9937 4917 8521 4418 2915 9788 9535 5146 8767 5553 8694 9775 3748 5686 182 8379 6180 8715 2694 9383 7167 9882 6078 8842 1982 5258 4254 4425 728 9471 3629 5400 7233 178 9416 1964 4492 5498 18 9016 5069 9921 1996 8848 2140 4847 8144 4647 2110 7672 2983 6822 2377 3870 4586 5284 2158 2838 3007 2809 2024 9352 1154 2524 8635 4114 4902 4313 5046 3146 1208 6109 2689 9285 9200 3498 4226 831 7499
