300
0 4765 5410 8814 1729 6422 927 5652 1010 1996 9590 65 6407 4648 2609 7567 7328 346 4064 9024 9178 9865 5376 2991 4971 9334 3086 9055 6528 6908 8226 3781 1942 7502 2602 1604 6622 546 1860 1635 9582 4060 6462 1793 6853 1531 1853 3927 7065 5535 6704 7028 9863 6168 6629 8140 6019 5172 8314 4035 6543 7919 1180 2169 1834 1601 2414 5430 7253 3918 1882 8009 8618 7880 329 1259 5035 217 8265 3082 8990 306 8248 3433 1141 4989 2395 750 3836 9635 1133 4400 8449 2530 9697 4283 4803 4931 8911 3228 8924 5727 4407 3850 5100 9489 4125 8029 8166 4853 231 1917 3741 5923 2894 4773 8351 586 6512 4650 8241 6360 4976 4311 9970 8423 7896 6255 6545 1692 1545 9015 7791 4311 3196 7055 6254 2361 6673 1793 954 9188 7430 6679 838 6818 5355 4387 8298 2577 7934 7143 1623 8227 2489 4273 3068 249 1630 3930 9813 7821 780 6646 3541 9914 8863 1389 3309 4400 6254 7360 5458 6515 6995 1211 1279 6132 3029 7132 2559 534 7716 5187 4937 3881 3472 4510 7242 1047 4187 5529 6618 1729 9861 4907 6256 6513 8873 4067 6333 7472 8272 4299 9199 9676 6264 8600 7244 619 3937 1851 577 9097 2840 5206 2134 6980 1036 2235 198 5230 8406 4829 1313 8407 2762 4753 8599 8688 8011 4504 1195 9531 1116 6983 9054 5476 4980 1870 5505 9460 1218 6793 6979 9574 774 6278 638 187 1203 4285 9441 5135 4159 4726 69 3744 8802 9008 4968 1504 7249 1984 3487 843 3197 3140 9902 4934 3357 4260 4116 8306 2606 4624 6238 754 5898 704 1737 6061 9835 4065 1911 9869 8003 2895 7743 4424 3857 379 5436 8866 6433 9058 9358 2179 3874 4360
4765 0 7305 3203 363 83 3201 9492 4348 2479 1657 3868 3263 7625 4183 4783 3948 3669 9304 9686 3023 9723 601 3386 4906 6401 1569 5926 9477 311 5692 417 9996 471 1383 941 5531 7989 1229 1879 8272 2797 8226 2063 1201 1787 6111 9913 8972 6732 9297 5002 7287 2816 7886 7930 8578 9838 1853 3362 6696 9772 3093 7058 9818 1314 3880 8374 6252 7188 1057 1659 7569 119 3513 7849 4190 7775 7802 9676 2459 3255 1740 1189 8676 1574 5043 1790 3649 4239 2589 4769 9917 5622 2820 6053 3488 4694 7270 4393 2596 418 5820 8366 4247 1732 96 7387 4844 311 6989 1816 6264 125 2334 9820 3383 1466 5293 8899 6624 2750 514 2135 9777 5083 4300 3454 9802 9178 8238 3793 6837 7112 2957 117 5197 7788 4311 348 309 2439 129 8020 1469 4793 797 1337 3579 4544 4688 4916 3225 2508 130 4168 8358 3931 5067 1888 6417 3933 5343 5321 1117 9706 2207 785 4921 3662 8304 2666 9529 5204 3065 5648 1729 171 8620 8832 4152 3579 696 8180 2100 1890 9151 8566 3056 3442 7889 249 3615 6696 5138 1496 1911 5194 6005 3845 3073 8261 1283 9074 970 5329 4756 5971 3102 1305 7161 3097 7258 4740 701 5968 3607 9138 5490 364 5580 803 9793 6225 4613 6101 5240 3335 4237 354 4094 1654 8531 9123 7475 3182 4751 6523 9604 9514 4159 822 848 5837 9289 8001 9977 6915 7301 7227 1699 988 4273 679 1079 9208 3225 3743 2909 6367 7362 4352 8100 6390 6169 6701 9171 2143 802 2320 3706 6916 4524 1356 2266 526 8966 5831 6196 4537 3286 4328 649 558 1887 9065 5277 2945 2470 4214 8886 8224 840 7850 4946 380 7314 5234 5531 293
5410 7305 0 7567 1429 4272 4739 9721 1529 8118 6844 4874 1689 7801 1713 4896 2755 5644 6530 8818 4678 4808 4137 4566 7579 8579 6944 7377 9181 6155 2126 4280 4978 773 4985 8864 7256 1038 1711 9283 2925 950 9563 3565 2812 69 739 6146 8114 7726 6296 7432 1173 1509 3683 4548 8049 2919 9601 1976 4848 3619 4889 7960 2300 6567 6621 5767 6219 8037 8642 902 1428 4067 1936 7730 184 7584 6999 1479 9178 9341 9751 9599 3314 2962 1988 1391 9234 6546 2336 4365 831 8287 5005 3389 7149 539 9222 4755 1591 8428 2370 460 2585 6986 7174 2871 6918 7352 4382 2399 9601 6377 7423 8555 2028 7920 6502 1289 1253 6975 3876 2209 8670 9405 2505 2880 6220 2950 4971 8169 6500 8514 8840 8748 4428 3851 8630 2841 2611 6587 1842 8612 3608 2617 4849 7239 1642 7690 6063 6807 7973 4978 6886 8816 8442 3811 2353 7462 1876 1738 9109 9558 530 8765 2940 2161 1504 7523 8506 9909 3732 8885 9110 8195 7385 9462 9467 3682 2352 8129 7318 735 2876 6605 8440 3753 334 2516 3314 1295 4435 169 4765 514 6903 1310 413 9047 750 6370 8730 602 8511 9218 8500 8300 9850 8526 5106 4780 8246 7602 9969 2040 9315 1401 3674 841 9002 789 4098 9951 6942 4584 7659 7387 750 7502 6406 4706 8806 2991 968 1395 2405 6035 3073 6078 1933 7223 2547 8791 8524 1401 3648 9860 7237 6943 1180 9175 8803 4476 9950 8473 111 3182 8291 4609 8562 9099 8597 7530 1396 3962 1988 8905 2202 9583 8732 2853 6755 1616 7098 6292 7628 1668 7398 1767 1382 2911 1313 2206 8582 1024 1977 6762 2166 1224 8912 6186 8872 7625 7483 2442 8844 6297 5807 7313
8814 3203 7567 0 1740 7355 1243 5894 1463 3160 8087 9057 602 1504 7277 525 6277 5175 3262 2779 2428 5504 1695 9782 5722 1459 9923 2017 3101 1189 473 1134 4881 7027 8794 1174 7409 642 2990 6723 5833 612 2850 1897 1198 4374 5705 5510 7772 8470 7509 9869 2918 891 3632 9932 6753 2741 9249 7661 4345 1924 1436 7511 5923 1751 7091 1231 4210 2664 9500 6372 3424 2880 63 8115 9302 2974 7009 4058 8469 3100 6619 5157 5314 8174 8897 9235 1705 1607 4171 8822 5026 362 6768 7306 9864 9563 1496 4248 532 6757 8898 1735 6062 1212 8092 8877 7917 2316 7685 1894 6140 1197 6243 7842 8459 8699 9970 5145 1524 9750 295 2547 3851 7229 1462 6732 5095 8541 6007 1615 5755 5393 7940 7035 1818 112 6683 6489 4981 3599 1948 8686 8867 2651 4607 5916 1572 7644 2067 4155 774 7817 4507 7379 8461 4363 3598 794 5301 88 1795 5117 8828 7807 4318 1489 9272 3580 1809 9044 3722 2038 8747 1146 4418 9744 2432 2782 1278 3095 509 3706 7977 6375 7363 448 2826 3155 7420 467 4726 7157 8815 6634 4906 4653 6380 6022 2054 2511 5041 2845 8242 8597 7472 1218 8051 2968 3736 7621 9810 388 390 3251 7743 1516 492 449 7237 9923 9277 5273 4811 905 105 8426 4963 2582 4630 1698 4943 9608 5018 3203 204 9897 1009 4893 85 1782 6748 7279 2666 6166 8761 3007 7530 9377 6404 4092 7291 6954 4251 9640 6745 978 8375 8245 8038 6105 327 2971 4631 2404 7134 1800 1132 7757 1233 1193 1204 9618 1731 2067 5344 5163 6829 2082 3097 1466 8903 2273 8366 1516 1027 7490 5080 1154 2750 6946 5978 5689 483 3293 831 9270 2765 1232
1729 363 1429 1740 0 8612 8810 9203 1699 4497 8653 4183 5434 5019 4441 1492 3300 2455 1437 3659 6480 9530 2602 9184 3558 3816 5815 7208 6902 4149 9706 8511 2013 2212 5307 6028 840 9048 3425 7312 2374 3235 696 4898 2842 8987 2301 1384 6037 5933 9258 7935 179 4042 9705 3484 2310 3419 1698 9486 2162 2778 1098 9776 8296 724 3263 4028 8145 7469 5967 6446 5419 6782 5009 7686 5968 1114 745 9656 1037 5471 3677 8144 5478 7655 3866 1693 2210 8630 2728 3697 3801 1107 5161 8997 3324 5352 5677 1753 8477 8573 7222 9661 5959 9435 1657 7159 6604 1924 4807 8139 9498 1451 506 1834 8144 7239 8414 8949 1279 1121 7625 556 1828 7150 9819 6843 6990 9392 5727 7014 411 4309 2737 544 4030 5885 4358 1284 6025 4930 7970 8907 4805 3706 1014 6113 5216 7705 1468 1773 8939 3771 3531 7664 2815 6452 3641 2384 5220 9761 1585 9450 7773 1514 1766 3375 4876 1143 1698 3394 636 2741 4643 7911 4328 540 4031 8503 5874 9755 1307 6348 311 6341 2912 1292 6559 9162 1309 3208 1986 6376 3360 2870 7717 9304 3045 64 4824 2024 131 6038 8449 6149 8176 4308 7104 3171 7839 5568 6449 5459 7204 2968 3169 7871 4660 1220 8852 6894 6951 1029 5787 2189 9955 4106 5848 8589 3377 2998 9722 3897 6816 9472 2372 8671 4686 4664 4128 8509 5915 9831 5863 5903 2543 7233 7075 2686 1711 2818 7388 2125 2562 6023 7962 4012 7720 3066 4318 5813 985 8026 5699 3443 350 8558 1829 8760 9078 8374 9883 3804 7978 50 3124 7849 1288 7268 8951 2389 2126 2561 2709 5868 7718 7966 3978 7902 8047 9166 6998 7342 3323 9758 204 598 3111 1171
6422 83 4272 7355 8612 0 3399 2720 7867 1842 3067 4384 4947 4128 4541 4399 2389 5271 6351 6467 3472 3676 1362 991 990 4180 4461 4773 273 9167 6900 5456 9757 6881 283 2746 1538 1925 9338 399 7337 4776 3564 4154 3502 101 2894 7251 1929 1823 3959 5602 9819 2153 6618 1566 3745 852 6491 9163 3434 5962 5916 5978 1364 1778 2985 7450 7784 2077 7946 2882 4472 4338 1943 5088 6444 8596 7603 8044 7253 1684 8086 1015 8201 8953 6460 1962 7165 2847 9359 3672 380 2594 7241 7912 1629 1398 8840 7792 2576 4737 5007 1369 8875 979 5778 8597 1537 3627 4446 1201 616 4986 3789 4815 806 5273 3845 2686 6823 5949 5096 9167 1536 1486 6318 4269 6416 4610 8383 9349 8148 1020 5309 4921 1552 4857 1024 6085 3213 6442 1461 5274 3812 2777 7894 3551 6060 3139 914 2847 7398 413 7879 6954 2033 4712 5555 5121 8560 5922 8652 6610 2026 8595 6714 9860 1979 3660 9035 5047 3815 7002 1069 9878 6789 3027 5789 1536 6356 2529 1111 6669 8184 7780 4936 1117 9212 1869 4905 2164 8000 1958 867 8115 3641 6125 9663 8483 5885 229 4302 2980 4529 3844 5430 5927 8929 2105 4335 2380 3920 582 4061 7170 9379 8494 9288 5289 1638 16 3726 2611 3694 8289 7372 6730 27 3554 5334 1904 9735 280 8538 2909 5498 285 7301 5484 951 9581 6938 5506 9022 3089 4707 2466 1424 1157 2945 3321 5379 1284 6577 72 4906 839 4725 1354 1262 6812 1208 8714 9471 7323 2981 4640 4618 258 2122 4359 1760 6517 1781 8786 5987 6251 1092 5988 7418 8621 1790 6494 9959 3777 5061 9558 5029 6421 5474 1186 2726 8767 3711 6875 8670 6085 5062 9436
927 3201 4739 1243 8810 3399 0 6571 7912 9240 1532 4239 2991 4132 5697 9511 874 5671 4690 9067 9317 5529 1142 6161 524 1603 5805 161 1556 3201 9636 2902 5021 5649 1322 3951 1367 9377 5428 9524 8842 9919 106 4780 7565 9796 502 7976 7193 690 2054 1542 3313 5117 8515 5971 3193 9732 9954 8537 38 786 2798 1663 4367 7173 9450 2362 2870 9530 7232 5548 7656 6535 279 7635 6741 6492 9895 834 3180 4775 4559 4429 7931 9065 3689 6672 8509 5862 4683 5777 5093 4356 3140 5396 1580 6530 1091 409 4058 6065 9828 8885 7069 4322 9553 7006 5156 3874 5404 842 6574 1483 5703 2389 5786 6675 8352 4163 7459 1709 3549 6700 2154 988 9677 2581 6259 6970 3793 9092 6190 4433 9052 3471 2801 2974 6110 8421 3132 6849 9224 2888 6253 2556 949 1142 4151 1249 4534 5778 8846 6733 9925 8166 3767 6552 7391 7110 1291 2039 2682 2642 9051 1288 9446 5752 3726 5162 84 7198 93 1869 4973 7292 9871 1538 6844 939 1837 8768 26 9219 1260 610 1672 674 9554 2675 9619 2047 368 9745 6227 2877 612 3593 6044 7236 1229 6109 9577 2756 2184 6870 4555 8270 4759 5301 7725 4196 8755 6479 2414 7326 1218 4449 9656 6779 8859 8301 9818 6785 3920 1065 8756 5692 5484 8350 881 1933 1965 724 8997 3778 3990 3729 659 4239 181 4638 7467 6271 6213 4095 6641 5055 4636 3316 2746 2420 9345 4984 6412 1698 2064 9363 2200 6462 3574 5329 9352 6571 7373 3218 4863 7737 1343 8179 3466 4808 1839 7425 6450 8741 4863 417 8351 3766 5551 8338 1367 4678 8407 1779 9381 3529 8214 6544 2722 5978 5328 8886 3837 9768 3345 6190 6634 6552
5652 9492 9721 5894 9203 2720 6571 0 7191 6077 3767 8416 4854 5224 4875 8812 4119 5724 1509 5813 7812 273 662 7175 8702 8855 7292 9765 6726 9767 5237 9157 7680 4411 4218 7804 7815 3460 4426 1947 3421 3239 8956 1436 6398 1810 191 9625 9701 8784 8646 6956 970 7073 8240 1396 9765 9175 8685 2051 2594 4229 6303 3687 2714 2111 7 235 8698 6251 6639 6267 9816 8967 9012 7237 2659 1348 6020 7895 9695 8515 972 3119 863 2898 615 1958 5135 539 8244 4659 2976 5447 3850 1223 6180 4190 3421 8177 9403 5272 8131 1876 4129 1616 6603 6447 3742 1480 2980 5459 2165 2034 7121 4755 9189 4382 7051 2648 4135 94 242 3816 4409 9574 6844 6805 9845 5282 8468 228 9903 4876 90 9266 6669 1920 9781 944 3428 2956 1052 9711 8293 825 1243 8414 1845 3212 6194 8949 3765 3772 4581 5869 965 552 7707 2289 2649 7507 5426 2965 7734 6681 5204 7629 5812 4903 2757 4690 3141 709 7775 9471 1579 7980 2473 8150 7939 875 7526 6774 8323 1407 2943 8637 6612 608 2522 5133 2605 1851 6090 5835 9217 4464 9056 4958 9783 1769 4861 277 4158 7466 7273 161 2794 4716 2065 2827 6245 6657 995 4518 4991 2802 5612 7009 5556 4817 3072 2616 9952 6157 9571 7999 8645 3361 9018 8934 1059 6965 3912 2627 5923 6183 7879 8404 8266 6915 1647 6037 8212 8533 2330 6919 5332 7829 4263 9876 9379 2776 5877 7837 4221 4530 3690 9547 6261 1161 1777 431 1997 8799 7352 1149 1938 3092 293 9521 7280 5645 9786 322 9673 3674 590 9105 8917 3033 5022 4023 2496 1806 3512 1103 3863 5115 434 2231 9080 6275 9248 3665 7672 2868 7434 1783
1010 4348 1529 1463 1699 7867 7912 7191 0 4641 7476 871 1644 1491 4410 6341 4742 1317 2808 7002 7566 2136 7394 8758 736 8866 5776 5704 2401 2980 2396 7420 3577 1335 5966 3905 744 2423 6184 3956 5120 6726 4169 3711 5498 331 1812 307 3645 1612 7033 9692 4307 8218 2431 4902 8070 5348 3953 1116 8953 4910 9484 5043 5875 6308 3845 7090 5873 8877 8868 3454 5038 2702 7948 6442 4503 6221 5598 9415 8143 979 7053 498 3877 5169 814 5367 4419 2483 9341 9096 5677 7914 449 8668 6114 3253 2089 4947 9648 6113 4028 8819 3813 3083 4834 7722 9505 1715 1967 5184 5043 992 2659 7324 590 9852 5297 863 1517 1226 4991 9875 7955 2715 8809 4813 6320 8419 3983 7389 1957 3140 9017 8902 2991 9688 3582 8037 5609 7762 3602 8356 6458 8440 2717 22 6753 4465 9090 5541 5026 3305 5252 8799 3657 3170 4700 4127 6912 4997 5047 6140 9498 8389 6058 3352 8738 8532 7068 31 4745 301 896 242 3030 559 2021 3141 354 1684 4252 785 35 4039 7932 9690 4460 8952 930 1144 4009 9678 5608 4375 10000 9716 8619 1593 5266 3287 6485 320 7687 3836 1219 8211 1386 2924 2458 9431 6674 8789 8088 4794 5185 4347 3861 7806 8952 9129 2467 8847 8139 9601 6920 1719 6943 1971 6873 6881 2366 7427 7605 8183 89 5119 5090 4229 6592 5329 4261 8813 7891 9526 2547 3532 3527 6562 7209 9539 5363 3785 6249 8024 1056 3138 6080 90 9532 3963 4130 8129 9220 5869 9220 4547 2669 1458 2078 7560 7663 5705 8908 6296 9413 6776 3774 8615 6196 8066 4295 8381 7618 5292 6817 9578 4773 1192 7416 335 1980 8195 821 8102 7969 2932 7328 7995
1996 2479 8118 3160 4497 1842 9240 6077 4641 0 5348 1779 2749 3302 6764 1320 4677 3908 350 8575 6395 100 7116 6308 4285 4235 2766 2795 2569 1230 7657 744 9753 1936 6151 6907 6908 4302 921 4734 1623 9968 7535 2914 2971 2398 5038 1013 224 6951 8009 109 4172 5577 3717 4187 9978 5008 9559 5876 7620 9997 8023 9593 7494 7554 9488 9867 6565 3719 8125 1486 2229 2533 7309 7041 8980 5103 6877 5132 4209 8507 3444 3694 5926 9803 7545 8954 7740 2931 5991 5901 5311 9498 2883 9214 5757 225 2230 6656 4763 22 420 538 6505 5778 8020 1206 9856 7802 871 800 9141 9192 2108 5580 895 7558 1872 6411 204 3661 5032 2956 6450 1294 7762 7546 7706 5179 5300 5106 4044 8492 6552 1340 3758 1956 3885 3873 2194 5282 4497 4456 9144 4810 7285 7105 3556 6252 4230 6853 2905 9070 6403 3118 5068 2711 4737 8481 7609 2058 2684 4929 444 3026 6055 1069 5385 3299 8346 8810 7820 5791 4461 2176 3965 1338 3597 5918 6261 9228 5993 4233 3920 335 6157 7542 7221 6732 3951 5594 8116 4702 8658 4954 1827 3616 24 1331 4282 5704 7114 6338 3896 8631 6058 506 3080 7782 2159 3798 6254 8315 3847 4240 7225 630 8420 1608 1993 7728 2802 8931 2610 3553 6905 5542 9653 6292 6593 5517 2262 3645 5586 5016 332 5830 7313 384 7943 3464 5465 2953 7938 4748 5347 8242 3360 6813 322 3610 6135 9340 6800 2753 3781 7118 1442 5743 9857 9560 8387 1151 3332 4219 574 3142 1032 3949 5238 1444 8561 624 2896 5685 9857 4988 2956 9828 7514 6314 5820 6205 3472 7475 4758 8165 3569 5664 7151 7538 4777 2497 3339 9394 5285 2478 3821 1870
9590 1657 6844 8087 8653 3067 1532 3767 7476 5348 0 2674 1506 6989 6017 7798 2307 9602 6289 771 3945 6460 6235 7687 600 8363 7876 6864 6888 716 1661 1077 8965 9786 9628 6983 6804 6218 4809 2438 9998 5967 335 5597 7910 2653 1943 3014 6690 2398 3498 5132 2979 6949 9339 2125 8585 7636 956 2239 1530 6443 2243 8599 6633 1140 1200 6721 5886 2709 2531 1311 6551 1871 17 294 9015 1499 2220 2725 5590 8150 5711 9066 8607 402 351 4694 7928 6174 7581 6088 5285 5833 4023 3985 3221 6915 998 3063 9011 8743 3055 1628 4554 4817 3504 4093 2093 7616 8810 2966 4468 3700 1272 6465 4323 3550 6926 4711 7400 7300 8953 4616 5438 658 6307 5577 5835 8543 4732 28 9680 8168 7539 7748 5535 3218 9140 3095 5538 5358 8829 5126 2602 5657 730 4103 7409 4106 3956 9907 2281 3082 9243 6717 4903 981 8642 5549 6763 411 8596 978 2303 6322 2240 3351 3012 5539 9991 9619 2413 1647 7670 994 2084 5797 5570 2645 8421 6245 4103 6202 390 6715 1589 4986 8423 2560 8641 1345 6296 6677 1244 2292 5808 9893 8683 4674 8342 642 4248 7920 9479 3003 9209 1448 5185 8457 6898 5972 4092 6279 1711 1587 4044 3729 2707 2557 9956 9793 4539 3 8681 652 9285 6057 8827 1194 4924 6740 71 8719 3293 9797 4426 4247 8962 6952 9763 1512 7627 2008 9473 9276 9254 7902 551 3621 8898 6496 3354 3358 8729 9743 6711 3270 9087 2537 7871 3218 4716 8078 7863 1229 6089 4139 597 4849 8911 6015 1799 3380 4256 2162 9127 7639 2763 1727 4409 225 3053 6257 6899 1669 4202 2642 2984 3227 1400 4252 2461 190 4759 3800 6809 322 8806 4054
65 3868 4874 9057 4183 4384 4239 8416 871 1779 2674 0 4065 8786 1733 420 8095 2011 1928 9325 5686 7064 5148 950 4874 4538 1301 3142 8291 4999 8477 9651 2230 1451 9018 7080 1952 4149 4443 1116 3707 522 1672 4275 6835 4294 1615 384 5852 9251 9023 7259 6986 431 1419 9805 8959 3050 9847 4906 1232 4129 2284 9180 6038 3406 7075 4581 405 8227 2109 9027 8751 5695 8547 7073 2578 321 8110 4398 5392 2523 5614 5193 6076 6809 1784 3839 803 2725 6001 4761 9481 1493 9578 9895 3650 8344 5338 8416 9868 6708 7735 3655 4244 3384 349 8493 4022 196 6427 5162 7761 1734 7498 5141 3901 5220 2416 5033 7053 2197 9192 5771 8989 5399 1913 508 9823 8463 3192 4330 4520 4710 8440 7823 6076 1172 1924 4014 2781 709 3198 405 966 6510 8601 8649 3148 6191 9788 2997 4166 8814 4218 6353 8178 7257 4021 5313 1619 1359 5200 4663 7907 9639 8274 319 7466 5261 1354 1335 7967 7736 8255 3505 3040 8574 9788 4406 8378 1233 1557 9102 6648 8035 1985 845 83 451 874 8403 8449 3364 7828 3847 8389 7146 547 7691 1043 4010 7251 5921 1242 7473 9795 5198 9857 6461 2454 7915 9246 8950 6531 5502 8639 2736 7119 9621 5878 3611 5027 9596 3873 1173 8084 9383 3589 7539 5398 9790 8732 5437 1087 7475 9114 9333 5156 8268 2302 5843 4184 5741 2502 4732 4395 7716 7860 9950 8313 1113 7911 3158 5537 6487 2550 1875 1484 4221 2893 118 7477 7931 3668 9818 1374 8458 4540 6780 2671 7279 470 6850 2069 2372 4880 5508 1120 3521 9277 3194 5831 8914 5936 5586 5506 421 3760 3039 7013 6983 3524 1824 4292 6378 3347 1743 4017 8613
6407 3263 1689 602 5434 4947 2991 4854 1644 2749 1506 4065 0 2392 1818 4235 6259 2342 7618 5116 2157 8749 5486 3359 7662 6229 1279 6404 8210 9807 6464 5988 1224 8777 6327 4827 6668 3740 3166 1917 6329 1305 5788 9540 779 4299 8473 9347 6090 6943 6966 4282 6299 6134 6020 6767 8039 6879 5525 3380 468 367 4093 9104 6957 9940 7912 9386 614 178 5386 4885 2615 3193 1237 2379 6022 9587 5404 2115 6230 4501 8501 490 7308 3837 5651 1448 3196 3850 1583 8115 5931 5115 7656 1511 8832 9 4075 794 805 5338 5397 1889 7313 1823 5482 1538 6613 4906 5570 1851 8809 2275 4662 5461 3669 4714 6288 8697 4472 5936 7204 8034 4184 6119 5226 5504 8455 6441 8625 4301 4446 9561 7947 482 274 4563 8365 8908 4021 1798 9504 5548 8834 3776 7316 3841 31 8738 8691 8407 618 3701 4184 6792 5702 8969 5761 54 6316 9756 4984 1870 3767 9492 4123 9868 3632 3253 5781 7927 2283 3507 7151 9540 8148 3442 3124 2300 434 3049 1690 6652 8458 4003 7642 3180 8988 1335 3199 1747 1295 7724 3168 5688 1807 8404 7166 6910 2884 4214 5851 8802 4592 8770 5545 9728 7628 5324 9229 7138 3862 1143 9697 1300 2753 5479 5253 6216 3709 8618 5988 1739 7897 8093 9230 876 9542 1744 8401 4117 8093 1684 8108 6067 7045 3876 5792 3546 9283 6725 8520 6267 1000 7600 4823 5387 9821 6228 1420 4527 9829 8136 3885 4475 9290 6986 4590 5404 1731 643 9441 8901 56 7428 416 281 6261 1507 7205 5575 5097 857 6621 282 8899 5739 7786 1117 7270 8778 5761 6803 8527 4993 7659 6990 7986 9471 7230 6937 8554 5618 954 1829 6730 1141 5105 8637
4648 7625 7801 1504 5019 4128 4132 5224 1491 3302 6989 8786 2392 0 4969 6580 3150 2197 3286 4450 6174 4242 9245 3527 2030 4957 5676 8001 4136 8351 5868 3292 9284 7629 1534 4397 9515 444 8622 728 3670 9806 4052 6110 1925 5062 9403 9966 8464 549 7951 2956 6293 8496 3520 8099 4269 1145 7974 2405 5795 2861 7856 9831 8298 6570 7700 3094 6368 9011 1746 8773 7203 4562 4523 6425 9071 5271 8475 1602 2448 1226 6543 6363 1823 1634 5143 6361 2051 3345 9958 3281 2167 5317 1766 942 3328 5320 7003 8866 1775 114 6999 65 770 8416 8357 1045 8215 9425 8261 7401 9771 8230 1526 5491 1757 9293 4693 3631 5319 2228 8317 5571 1879 3721 8229 114 7419 2471 331 5227 8078 7012 6970 8661 4966 2719 7922 6747 587 1823 7731 1412 7372 5111 1999 4811 4516 7346 8043 9582 207 6594 9991 4063 1858 4294 5895 9289 6309 8368 3164 2995 4332 817 2393 1358 3813 8504 2358 4215 5182 1898 4001 6413 5820 974 9923 5421 8174 4834 4344 4242 6316 7245 165 390 6565 4258 6712 1180 6597 1784 6269 4309 666 5639 6669 5189 3282 4711 4969 2030 194 1841 1206 3797 4818 7638 8223 8864 4401 9277 4519 4380 8107 3805 5661 7129 9845 7582 8097 4646 2971 4406 560 7447 9816 5751 3908 9258 650 1564 550 3836 4134 4016 5200 2571 6995 7633 4208 4708 1671 231 9697 7457 749 4231 8568 1170 8846 678 9502 1832 6221 6552 269 6360 9498 4222 8715 3975 3323 1582 8287 8398 8762 3856 5378 5492 7817 6120 7530 6007 9992 6011 7655 6499 8699 1763 8403 9047 6455 1130 4081 1906 8878 1526 4685 4513 8141 3741 7941 7781 1258 2179 5473 7166
2609 4183 1713 7277 4441 4541 5697 4875 4410 6764 6017 1733 1818 4969 0 3174 7308 8865 2394 809 6547 5194 486 879 1455 2920 8493 8323 7552 4250 8937 6133 6236 7913 6982 6111 184 6210 3836 6085 1144 9508 2014 5280 5393 5605 4223 63 6951 1031 569 9622 1954 6032 8237 8591 4006 1951 9678 9467 7904 637 776 1799 9464 5571 3471 6846 8280 4232 1481 8143 9351 5942 7915 2969 6999 474 3059 996 461 2080 1211 6022 6291 9241 2820 8844 6351 7770 9353 9194 717 2252 3211 6320 5503 8694 4014 7601 128 1041 8172 8256 6798 3493 7014 6866 3460 860 3980 9923 156 9855 6106 4003 5996 4666 9009 5313 849 6967 6480 6077 4909 7732 8780 6852 8975 9406 4875 7506 6852 2867 3407 2361 3524 4443 8120 9406 2281 8966 5480 7649 7485 2260 4876 7787 4958 4447 183 6715 966 571 9194 267 7062 7138 5466 7779 6331 1184 8352 1313 9540 3287 1290 6267 1762 4320 7995 3171 9541 2529 7409 8055 2750 5481 1550 5986 8868 7565 2198 5351 1550 9828 7298 3860 4395 2346 4266 2683 5247 2115 3985 9594 4787 7109 7994 3171 2897 9315 6646 6864 4040 7972 3071 7960 9098 3528 6114 7992 2224 5132 5278 1678 4980 9937 7178 2921 6008 1977 5474 6085 9651 3961 2550 3506 6788 7301 773 1728 3947 6747 9752 1808 4901 8994 838 7599 1469 3625 6716 1618 9146 7498 5015 2894 6438 7782 9798 6261 3040 8939 2193 3555 6622 5705 5456 9756 9135 9256 3656 6397 6294 6325 893 3361 4266 6667 6713 116 3950 5737 4150 2248 8896 7395 446 2891 3006 2626 4294 4725 2679 649 5789 9884 395 1568 8469 5344 5028 6305 7351 4996 7027 3032 8225 9992
7567 4783 4896 525 1492 4399 9511 8812 6341 1320 7798 420 4235 6580 3174 0 910 7437 3698 6029 4876 654 5378 4084 508 3228 1576 3464 4099 2207 9089 1824 4739 9522 2292 5521 2886 1587 7749 9868 2949 8309 2710 7781 762 109 1004 9008 1851 9254 3572 8453 3990 4828 3949 2432 7101 3001 8326 372 7120 8989 5034 4564 6461 599 8841 9260 4760 7920 3193 4602 8410 7233 4124 6669 1864 3275 8176 8044 570 2926 1793 9638 1671 375 7343 6746 1188 3739 1808 1514 7366 9369 4563 592 1948 6236 4300 6275 6410 876 878 819 9913 9584 8155 4967 4198 9969 7393 3842 7834 3439 6948 5610 1840 3456 6880 9720 1576 7457 2793 8978 2833 7230 9446 6943 5454 3980 591 6718 9489 3560 2439 7408 3550 2283 3641 3335 9514 5585 4451 9299 2238 4849 5803 7330 2560 6647 2961 3587 1039 372 9706 9809 9473 4587 1670 8380 4453 9701 6671 121 8694 6427 6144 1862 1172 1368 1051 3503 2937 4790 8057 968 6871 4679 5037 2895 2222 9375 8438 573 6548 5359 4917 3528 9264 2436 8650 4825 9209 1587 4276 749 1207 2478 8232 1779 98 6447 7888 7077 2530 5616 8421 919 8331 2711 227 7307 3588 2731 2343 8824 2045 5522 348 3436 7630 2159 258 3614 118 5401 9709 7703 3842 6064 9093 855 2928 1225 2481 740 5161 3765 2862 3589 7620 5696 7078 6049 1640 6366 454 20 714 5028 7758 4709 599 6463 4716 4453 39 2693 4957 3 8066 8228 4000 1901 9578 1364 835 3719 2033 9634 2807 9599 3732 4119 2058 8849 8126 2275 8184 8491 6919 4160 4188 7566 7926 7607 836 7433 3556 1616 4426 7823 780 231 2188 8601 6364 5262 8286 9228
7328 3948 2755 6277 3300 2389 874 4119 4742 4677 2307 8095 6259 3150 7308 910 0 24 693 5863 9456 9040 3642 1964 7900 5834 2434 890 6544 8293 1743 4086 3289 8493 8526 3115 3641 5336 3281 2743 5038 4853 7763 7312 674 5221 7076 8529 9354 4343 94 1154 1025 4509 4300 8029 9875 1194 9955 2412 4542 9908 1179 2226 5478 6696 9765 2263 944 3141 2989 6126 5072 5924 8182 1300 1529 7970 9019 6830 2640 4829 7258 3693 838 146 2300 845 8174 1714 8627 9247 9328 9218 8072 4267 2482 2769 3999 1663 7360 232 1842 4744 6125 706 9322 176 512 5302 3082 6856 4846 8097 6384 8067 9147 3591 5563 4485 9713 7591 8740 2304 2370 8966 2930 1630 8019 346 4890 7062 8621 5394 9548 5501 8025 79 4921 7353 1654 4094 3169 8581 4443 281 9291 6516 7624 784 2173 2059 1307 6209 3387 8000 2983 2038 8193 1831 8524 2590 4315 1711 7002 4255 5495 6280 8924 225 9267 5448 3180 3060 8133 7526 1769 5267 6413 7154 1780 3689 7691 9517 8311 7747 4566 9411 8600 9667 9264 636 218 1934 5244 1002 850 220 4263 4513 4711 6187 2048 9963 3164 7232 8231 3972 5664 4662 2046 8587 4182 5204 7960 8317 7813 7145 8695 9259 5600 2495 6379 8978 5268 5545 6297 8600 6191 5413 6661 959 9779 7736 7732 9451 7641 9245 8047 999 3688 4565 5807 7866 7021 7577 2558 1325 4063 8678 3495 765 8512 8871 5379 3367 8782 2711 7675 2407 5757 7612 4069 9187 4828 5651 8386 8171 6268 7094 882 7431 3195 8219 2520 3299 9571 6327 9998 1358 8936 3795 7209 5760 3244 6754 722 9215 7329 30 2635 6145 3951 2997 1666 8990 8936 5323 533 203
346 3669 5644 5175 2455 5271 5671 5724 1317 3908 9602 2011 2342 2197 8865 7437 24 0 6736 4283 9659 846 7286 6559 935 4355 6177 6833 8977 8664 6982 9862 8279 8013 9861 2912 786 5777 6873 309 5743 7697 9204 3150 3012 5537 928 6962 465 595 891 7004 4407 8986 4610 5747 9756 4749 7471 3999 4715 2951 5167 9598 1471 9779 8653 6812 494 7767 3513 4594 7095 1338 4716 3319 7005 94 9131 2552 3015 565 3247 3936 8896 8859 3915 3702 5261 1280 8092 2608 2871 3086 8040 2011 6867 1763 6535 104 4655 5846 7238 824 5434 6893 3186 6598 2234 6170 6018 3542 8323 3918 1599 568 4056 8519 3929 6450 5330 8595 3101 7435 5964 2908 4633 3294 2695 315 368 751 9160 6458 701 6481 5646 5039 1277 4960 6948 3476 3313 1104 8580 3279 3111 1757 3453 8347 1262 3003 38 3856 7536 2307 7281 3389 8312 7887 95 3317 7924 1004 2513 9968 14 8333 284 4968 6447 9374 499 3391 7821 4239 9717 9141 724 7949 8614 6612 8911 7097 4082 6939 3483 6287 1942 5936 4201 9687 4049 8393 5156 18 6938 3023 8643 2968 3967 2463 2319 5204 908 5311 7146 5365 6057 39 8609 8893 3759 5041 6321 8072 3256 1845 6198 4155 6356 353 7869 291 6814 6869 2536 211 7249 6649 6843 5153 5322 1997 3686 3488 6896 6828 877 6929 2479 5844 3057 9790 4371 7087 1214 4760 4358 5248 6426 2751 3385 5073 964 1309 8766 4083 296 4441 9036 1067 3280 564 6286 1360 2152 6156 5394 6233 5554 1719 309 3131 4117 5229 8287 1497 3450 5442 2529 4412 9419 6427 9473 2868 5504 7536 5109 9158 3267 9757 8653 3789 3357 4210 6147 8834 9358 9681
4064 9304 6530 3262 1437 6351 4690 1509 2808 350 6289 1928 7618 3286 2394 3698 693 6736 0 356 2521 6909 2301 5808 1674 3319 4392 1813 6483 3645 7020 8779 4465 7328 5165 2225 9554 9393 9306 3192 8531 2893 1626 6738 4116 2846 5116 627 6844 3837 2590 2380 9458 5802 8980 3440 5758 799 6167 8503 397 2208 708 9992 1369 2149 1490 8108 6428 4690 1152 8899 733 8093 5432 5134 4989 1208 854 670 9008 759 9016 2219 2130 557 5846 9456 1585 9740 9188 175 9266 9103 9335 3454 5297 4573 2413 4647 1449 654 3108 7859 8693 9120 6823 4159 9050 603 9181 4058 1543 3837 3100 9324 3988 4234 3006 9349 408 3058 2927 196 5326 7590 8251 4778 7805 1102 7182 4279 5271 2734 4831 3138 805 9157 5526 2013 6960 3756 6728 8614 6137 1236 248 3975 5313 7063 5492 8000 3572 8456 1694 7184 5220 2191 7975 2813 5242 5522 4008 879 5484 5848 3409 1637 9101 1063 6766 1992 788 5355 9469 8183 6717 5467 4100 1168 4837 766 785 6992 81 5142 9540 6090 1625 4208 5357 3178 6608 319 3600 3447 4400 4262 2105 4841 6677 1228 6581 8670 7996 2564 9867 6146 2062 5393 9071 1012 9971 8137 7987 4166 717 2234 8558 9716 6232 8141 2269 944 2370 2665 7688 2881 1035 772 6214 6855 8363 2804 7339 425 2783 2741 7093 8243 4846 9428 4021 8936 9169 7389 3394 5075 380 3205 2885 4583 2106 2268 1600 349 6556 1562 3541 8284 8639 3721 7765 5206 8180 4977 3735 7332 3627 3868 512 8382 1885 6954 573 8158 6697 6060 8778 4213 2735 1267 8244 3108 6880 4675 5617 5331 2405 9845 8185 5831 6743 8978 2238 5462 118 5979 1995 3388
9024 9686 8818 2779 3659 6467 9067 5813 7002 8575 771 9325 5116 4450 809 6029 5863 4283 356 0 2136 2905 7653 4854 8677 2044 2752 164 9626 7479 6012 8115 5572 9040 7756 4728 4291 7326 1669 7117 6259 9275 2492 4248 3430 3997 4379 4003 1240 9714 7793 3621 9579 4091 6848 8401 8706 3205 3610 2484 6403 2141 435 8131 99 3758 5812 3745 5184 4713 3931 4524 97 5882 2709 1465 1441 1871 373 4925 490 4260 3354 3791 90 5328 3811 4149 5547 8133 6919 298 1575 9463 1751 3319 2049 5786 6999 6949 5291 2431 3039 7794 2120 8290 7816 959 2871 9480 9242 2392 7228 5414 6777 2403 6621 2645 4472 9695 9052 7154 6823 423 1608 6673 1338 7781 392 3897 5223 4557 5994 968 7053 6357 4268 4009 2088 2705 6458 824 24 7360 3516 7367 7118 1428 5216 3845 4773 8942 6431 6626 1723 5460 4151 1491 7507 2067 4699 9136 6659 3478 4604 3553 5887 7953 1187 3543 5975 3493 7460 9123 1721 5943 778 2318 153 3449 9429 7895 7103 3013 8498 8734 2011 64 4603 3919 7259 6853 1723 3213 6811 8692 9411 9687 2923 1913 6979 7530 2065 6458 6951 8331 1827 4970 3060 3518 4121 1789 3351 1089 8005 3653 7399 7361 1876 2776 1063 4785 3197 65 1201 33 8505 523 3693 2374 1859 1628 578 4560 7323 1845 7259 1628 8409 2583 5188 4686 811 5813 7283 3794 2180 8393 5205 6215 2202 8524 7323 5269 5060 4736 8172 8729 2545 320 3137 1416 3987 5902 4630 9113 2656 6203 316 3234 3869 4878 9292 7339 3535 5203 5307 6397 5973 2691 4961 5393 6301 3274 8651 4749 5726 7583 1826 3482 6093 1428 9064 7911 7594 1279 7325 9126 978 3376
9178 3023 4678 2428 6480 3472 9317 7812 7566 6395 3945 5686 2157 6174 6547 4876 9456 9659 2521 2136 0 1192 8742 9179 9103 8485 5122 4338 1572 1010 189 5319 6260 677 409 4392 1082 6981 5484 6763 2927 5882 415 1754 3271 1919 6512 6987 684 1845 9419 575 1075 5711 6114 3497 7316 9215 6240 7086 668 9177 7069 8918 393 8972 1421 5749 9026 251 8915 8731 5410 5498 4252 8498 9678 1574 3229 8804 1816 3991 1876 702 3600 8520 2552 7541 6212 5458 2618 4086 665 1939 6963 2111 861 8662 6045 2472 9252 2968 4904 3618 2689 3830 3776 9007 4347 7856 4894 6518 3496 8395 3175 9351 2171 4761 1511 4155 5193 9086 278 8185 5006 9793 7347 6144 8398 7804 2214 1023 541 1599 4946 3214 3265 1729 8982 4282 676 6353 1998 6169 1330 6843 2602 6445 6614 2108 2279 2177 3962 5180 4758 7638 6314 9789 9543 8075 3986 2305 5294 5241 6931 8188 6192 5177 1383 6282 3618 8699 5477 1340 5210 8579 1828 3505 8899 9880 1680 561 8478 8210 8281 8693 2119 5597 146 2378 1785 4476 3718 4161 8753 692 9031 1311 6947 843 5434 6946 138 4827 4626 4691 8100 8278 5504 2985 9733 4276 9637 2508 3546 4285 564 7935 8794 6831 500 7020 9002 8143 1991 8496 517 2484 5114 1448 7513 5685 1563 8317 9278 6153 998 8552 3904 697 4951 5100 1531 6417 8344 6984 7842 5028 2348 6532 321 1683 9402 6192 9968 466 814 4809 6852 7283 8286 4006 3814 5064 2237 5238 3245 2575 9843 7519 7419 1353 822 68 3319 1728 8072 1176 8168 4965 2436 1957 7764 4826 4699 8886 8146 7445 9340 6302 7921 8591 6962 2515 7462 6030 1023 8183 3964 4806
9865 9723 4808 5504 9530 3676 5529 273 2136 100 6460 7064 8749 4242 5194 654 9040 846 6909 2905 1192 0 4941 7611 9684 1776 3846 4225 6167 135 1177 8329 2085 7167 9933 4843 9597 1766 5762 1639 1573 1195 4685 8375 6157 8213 5924 1025 4642 9453 9137 1187 9015 5452 5129 9445 9207 5640 1504 8646 1898 5062 9032 916 4802 8368 4715 8935 6886 7851 2378 5891 773 1463 9501 4124 5270 6509 8111 2009 4670 3506 4792 2168 4432 6596 3353 1660 6619 3341 8177 7086 1134 8471 1716 2698 3175 1663 2450 588 5399 9866 698 1105 8629 3462 7582 7458 1165 9787 376 1273 9891 7864 2644 7561 4463 1982 3307 2993 8494 9324 3895 1560 8645 2551 5275 7969 4256 3575 6575 7944 2749 8373 494 5488 4831 4663 1247 1600 2713 2097 9561 7616 4527 3630 3418 7733 9864 8093 500 8240 2220 6701 8636 9587 4393 7589 6316 8969 5500 9241 1552 3206 7996 967 6837 880 5552 6711 9260 8212 1098 2063 4636 2762 2661 3959 4603 3693 5844 8947 5815 796 8066 3325 2475 3764 8374 4989 4943 4993 8778 2146 4610 1783 9026 9010 3226 4362 2929 6164 7140 5323 7620 3618 6382 7185 4581 547 1561 4029 5350 5343 3776 6248 16 2721 495 1827 3464 8820 8205 9731 5346 2305 635 74 5750 403 2734 5892 7574 5452 4343 6190 7983 3568 8927 3646 2943 9894 16 7113 8810 4072 4750 8689 2743 3223 9193 6048 5776 2986 3353 3116 1817 3013 9540 6433 1955 3250 1359 8122 7909 3376 3930 9556 6153 853 8546 5972 8730 6578 6159 6709 8874 5133 424 62 8644 2252 7272 5189 9939 5612 3219 6969 579 126 6386 7801 6696 6716 5017 6780 7858 4876 2136 3394
5376 601 4137 1695 2602 1362 1142 662 7394 7116 6235 5148 5486 9245 486 5378 3642 7286 2301 7653 8742 4941 0 8173 9850 5467 1070 4992 9805 8674 1936 99 1865 6983 9738 8861 5405 150 7657 6266 9040 8961 696 7442 4874 2411 4150 4901 2825 6299 2716 1620 7919 819 8 9417 8607 882 9789 2939 183 1686 6487 2487 6059 7233 9483 2662 8234 4303 3055 2502 9327 3734 7766 5931 3911 329 3789 3865 624 5776 1703 7321 9008 3335 2045 4913 4023 8076 3256 2663 9549 4959 392 9276 1574 7175 8921 1013 4304 1663 4302 7819 3672 9504 9477 3962 7319 7394 8995 5929 8297 2593 4941 3557 4279 4741 2388 1387 2886 4408 4273 8177 5927 3113 9833 1922 8062 3320 6370 2880 3171 1007 6532 2475 9830 9380 235 2578 711 5533 353 3070 2723 8002 3371 3531 4884 7608 1347 1960 9655 9107 4075 9584 4233 858 2746 5751 8680 4810 6242 5347 9517 6733 9012 2324 5075 6546 7426 364 1356 6587 1652 5400 5037 7094 8456 8740 2348 6800 8776 6825 7960 8200 4154 1659 8485 1909 3361 6700 8749 1835 1701 3161 3688 7805 8704 5396 6212 7691 2907 4188 3439 1237 7524 3453 5351 7639 47 7508 235 7727 2748 3221 471 663 2007 6069 8955 8124 2463 1018 1662 8924 1831 1784 9683 9846 5278 4881 4828 9536 5292 7093 5787 8806 8497 5559 3302 3609 6858 5811 182 900 3842 8368 8144 4302 1094 5095 8468 9234 5772 3621 5213 4427 9215 7273 1597 7355 6340 7869 3148 4483 7392 8122 9859 840 7317 7271 2985 2262 3736 603 3669 2034 1652 9160 5505 3126 3256 2665 9833 1214 8448 5448 4680 8090 576 357 2365 4877 3618 5816 3696 1965 3432 291
2991 3386 4566 9782 9184 991 6161 7175 8758 6308 7687 950 3359 3527 879 4084 1964 6559 5808 4854 9179 7611 8173 0 9539 359 206 5198 7035 6419 6386 4749 8785 1582 9897 1365 5625 5700 4271 1485 9797 3104 9270 3147 9844 8867 7061 5496 766 7476 9921 9980 5006 7647 2865 5330 5852 9264 795 8959 4328 834 763 813 9412 9008 2114 3712 4529 7994 6417 1582 9965 2962 847 9467 916 3706 5531 9033 7977 4405 6332 6898 4370 5257 834 8604 5785 159 1970 4280 5771 4274 5616 6698 8827 5155 8080 4288 6559 9215 3002 1636 229 4820 9600 7007 7582 8038 5225 8277 1954 1884 5973 4661 7734 5900 1033 3492 201 3260 6906 771 8373 7338 5875 53 1374 3799 687 707 3135 5821 9015 3286 3560 7163 9431 4460 5060 9096 3417 9931 7196 8969 5243 1703 5454 7348 9548 9186 6850 6331 5795 3441 8014 8133 1353 4208 3754 3906 8882 6090 6604 189 6809 8738 712 1481 653 9112 2067 7718 3027 9069 5897 1129 5549 4477 2425 6463 1755 2958 181 2996 4937 1127 2652 2357 8373 8730 2209 3610 6895 2543 2901 3619 7276 8049 7101 4040 8838 2617 6653 6076 2474 1093 946 417 6333 7501 6221 7841 9493 4711 7620 5743 9039 2956 2735 2547 9751 1095 8240 2168 3861 3313 5208 5601 3854 1791 8603 8716 1949 9721 4658 6587 4524 4431 4148 4396 5196 3620 3928 7712 4917 9128 5515 5530 1398 6344 7383 1331 2342 4844 34 9849 5042 5613 8635 3928 9373 7061 8684 4474 6594 5260 9640 3430 7747 9818 9842 5666 9033 449 8405 7408 9367 5779 8603 7740 402 3104 5610 325 6969 4863 4494 6445 4350 7789 6564 6217 2041 2546 8317 6675 1246 1389
4971 4906 7579 5722 3558 990 524 8702 736 4285 600 4874 7662 2030 1455 508 7900 935 1674 8677 9103 9684 9850 9539 0 9273 4176 5394 9027 1171 6134 9101 5719 3525 5289 3829 3268 3711 6118 9088 2075 6959 7703 8381 6502 4119 2993 9899 2044 9654 1509 4361 3278 2267 4619 5224 3691 7855 7204 9629 9622 6740 7620 1381 1082 8154 6489 4609 7548 351 9892 3335 526 2187 3788 5359 2356 8575 2938 4305 1912 3070 520 5772 2634 8861 5755 4000 4224 5797 5278 3366 690 8766 4799 7284 9245 8842 7034 2676 7592 2264 6097 4436 6682 9198 2650 3856 8323 7876 4972 2075 4545 1570 8491 9416 9988 3147 5061 17 3778 8567 2951 611 968 4893 9325 6809 2588 5076 3504 1616 3651 5457 4137 6163 6242 4736 8287 5546 1623 1443 3975 3001 8849 6270 135 891 599 1302 9697 7704 9191 3448 891 7732 9829 4018 8751 9969 4381 8011 4123 1441 694 2808 4939 1873 1728 1429 1191 330 6447 7103 3659 4015 4491 1888 4964 5826 329 9926 12 7833 3463 2092 1067 6166 4013 3792 5671 8799 7104 806 7955 9507 4749 2118 3676 9858 6865 5758 8094 6716 6624 9620 3991 3686 7922 7158 6719 7674 8400 3641 710 8036 5897 4327 1496 8300 5553 8094 1099 6275 6725 5063 5616 9370 6802 8127 3089 3748 2217 8523 2678 8566 4373 1137 1113 6507 1684 5866 4201 1188 120 295 5838 6103 6415 2746 6895 1706 1077 3989 6251 4421 3935 9501 6859 5925 6264 7163 9381 3023 5239 1137 610 3034 3644 9646 8437 4623 9413 2038 2753 9843 3419 1120 8640 6515 6136 1668 5597 7721 9635 8791 6486 6120 1184 2429 90 1998 4801 6226 379 8851 5404 8602 9894 3763
9334 6401 8579 1459 3816 4180 1603 8855 8866 4235 8363 4538 6229 4957 2920 3228 5834 4355 3319 2044 8485 1776 5467 359 9273 0 5857 6993 9235 1768 8962 1772 1242 8629 4861 152 1667 7713 537 6108 2694 3545 7904 803 1331 2959 8252 2170 3504 9234 1450 515 4531 3200 8323 4042 9476 646 4163 3533 4079 5421 0 3328 4196 802 9605 9346 8779 7738 4579 2855 4179 1562 5245 9349 2993 7297 3449 1047 7603 2860 6682 7707 9652 2508 6037 2658 3021 9681 2958 8335 8661 7450 1466 6536 3512 7688 4355 7505 3502 350 4104 9963 8832 2024 1237 5185 3918 151 7233 2517 1525 792 1514 1028 7261 4407 9404 8580 3939 5052 5676 5940 1747 3514 8977 3593 2968 123 3451 230 8439 155 9422 6638 8152 9455 6331 2458 4228 6427 7558 9956 2341 2159 5649 5447 2092 502 7487 7292 473 6699 9104 6006 2384 8174 6995 4671 4192 4665 5576 6594 6998 8344 4671 9621 5923 5345 7184 9269 2762 7248 4569 8857 9965 8126 2625 5615 6364 8365 3157 9700 827 3479 7984 9963 8273 4038 8615 5040 2117 7870 406 871 6565 747 6111 7455 3548 2477 9287 89 347 6266 7261 7957 8733 5897 6353 5073 1400 3665 7888 6223 7087 4590 4326 7073 896 3614 9658 9559 2094 277 3242 5468 3587 1474 6223 5114 3671 2234 2317 6043 2680 3242 7183 1511 4522 2322 9653 6521 1461 9214 2891 9590 7195 9387 1277 987 1239 1784 6 1510 6338 8008 6156 3495 7106 9140 1990 1491 3382 3465 8373 7111 3064 2529 119 3597 9619 6112 4898 192 6001 4113 4861 7345 311 6100 9718 8699 2138 2791 9899 7297 7036 119 6573 6273 4579 6319 4815 7281 5263 8909 5856 7965
3086 1569 6944 9923 5815 4461 5805 7292 5776 2766 7876 1301 1279 5676 8493 1576 2434 6177 4392 2752 5122 3846 1070 206 4176 5857 0 1064 8570 6242 9070 6474 9557 8049 2124 4857 6201 8780 8255 6516 6494 9110 7438 581 5175 9655 2363 5908 4684 4799 4634 3523 5844 576 1323 8846 6713 3523 6255 8806 4694 9946 9080 3061 6547 6211 30 7569 7410 7731 8299 145 6386 9371 6088 5277 3943 6318 5531 9711 6799 3865 4881 2632 1614 3303 4278 6548 668 6702 7353 3658 6420 2786 5371 7361 4933 4800 8312 2286 4605 2096 5546 5798 2764 8981 2193 3691 7989 1367 1036 1450 8652 1215 2351 5521 3848 4876 9220 2087 8021 680 299 910 4833 8479 92 1504 1364 284 2843 375 9408 1412 2915 3375 5362 5743 1768 9590 9586 3742 7837 8272 7859 9271 2925 2885 4170 9234 6418 9400 2042 94 4258 2302 6162 6586 4800 5401 3423 1235 9784 5994 3233 1624 2606 7341 8795 4729 6811 7286 7544 9801 2561 7862 6215 8279 2154 4912 8066 31 974 2541 9352 8970 97 5197 2649 7477 4482 3540 878 2005 8388 6957 6334 9784 5851 9890 2082 7879 9660 668 4155 7104 3649 9676 2538 4233 6287 4552 9467 9547 4719 2117 9925 1295 8334 1370 1235 2640 7753 7422 6978 6616 4473 9432 6203 2653 4114 2667 5584 7390 5533 3831 4151 9037 8990 9926 6756 6561 6339 6644 7401 7590 8913 4223 7315 6262 9901 8664 9620 8806 7616 2140 1038 3464 2005 7390 2483 9853 3343 8329 8285 5025 1668 2180 8612 2446 9156 2311 4501 5765 5779 3189 2561 3607 3343 4003 5944 7996 567 7959 8179 6360 6572 8115 5812 3036 4630 8667 4236 8037 7129 2468 4959 8357 7023 2640
