50
0 8573 222 2526 4200 9333 2732 8477 1279 3352 9392 2937 5106 8719 7060 7283 5801 2234 7425 7096 7655 5055 5752 4355 30 7851 7459 1420 1387 5880 6223 3201 1023 4929 3427 4278 7996 6019 6228 4736 1398 1236 3031 4295 7660 3968 8081 403 3722 8434
8573 0 2419 4340 4851 375 7365 7099 6960 4910 56 3717 493 2312 1085 7805 8132 788 5777 7389 1732 5975 2686 6000 998 2969 7184 2948 8237 8001 2384 4550 419 9449 2990 1211 5685 7503 8141 8352 4669 7944 7149 5482 8050 606 4968 802 1209 4061
222 2419 0 3577 8454 8877 3959 1464 8889 9291 2895 6601 4548 4296 2187 985 3831 5479 2892 7795 3942 3440 8110 9510 1003 6927 566 6722 9215 823 5994 3563 1077 8696 429 7370 9120 453 958 2930 7352 1673 6836 4814 2575 9574 9600 9589 4378 1559
2526 4340 3577 0 7684 4327 4094 886 4474 5843 2244 4802 8783 6747 8211 2673 2271 2834 2258 9540 1453 3640 558 9433 1024 2305 4746 6411 3603 2547 3306 2412 5602 8525 2159 7704 7081 1238 8231 2272 6653 4758 3550 554 290 4979 8363 4189 1930 4284
4200 4851 8454 7684 0 5720 2305 8875 5709 8503 2756 8641 4115 1146 3840 7932 9141 277 847 8367 6503 3969 6481 5691 8533 4073 9189 2230 9533 4443 1354 171 295 7475 200 850 5822 6193 9169 1089 3531 2548 9670 8413 6344 5589 7409 7400 3300 3157
9333 375 8877 4327 5720 0 7148 9075 4031 3185 1662 1464 2396 1255 9359 7782 3098 5338 6649 8782 9564 9995 4210 8204 8435 842 2912 9641 7839 1758 3306 6126 1387 3370 2480 3874 5949 7556 9687 6149 9791 1302 4632 5799 6606 2494 1025 6410 1757 5187
2732 7365 3959 4094 2305 7148 0 7872 1287 6728 196 3993 7964 2610 6042 2676 5170 4185 5292 6338 4625 3675 4367 3177 5166 7511 1910 6316 4581 4863 2091 6771 7801 5365 1461 9908 3907 3862 6136 9938 9333 3500 5372 3718 9795 7719 2682 1504 4680 6065
8477 7099 1464 886 8875 9075 7872 0 7091 7770 6240 2816 7185 4750 4071 8578 4363 7538 8517 8535 7347 635 7351 5793 9372 6071 8733 2895 5199 905 3876 5532 1831 8434 6676 2073 6256 4240 6429 4 9162 1598 6967 4297 9646 7907 1634 8012 6084 5727
1279 6960 8889 4474 5709 4031 1287 7091 0 7297 561 5704 3347 3991 9585 6079 1765 232 4793 742 5788 8101 9442 8448 3184 4923 946 1294 3870 2874 6226 3553 6175 1043 2329 1616 1242 4123 525 5367 2942 6436 5428 7070 9758 8741 8728 6588 6071 5864
3352 4910 9291 5843 8503 3185 6728 7770 7297 0 4835 2598 911 7199 7610 7261 3010 4663 3701 6303 1956 2587 4286 5244 1868 9857 8503 690 9293 1332 1753 1711 7236 103 7521 6623 5554 8938 6092 6976 8744 2215 3871 6253 9484 9381 4054 5500 4125 2501
9392 56 2895 2244 2756 1662 196 6240 561 4835 0 7269 4554 4561 8183 242 3290 6164 3330 6801 7572 861 889 3765 9291 5895 1294 7837 9847 3065 9788 8846 997 9441 7542 4670 4420 638 562 9728 9204 3298 2781 4531 3589 705 6446 2419 2828 2885
2937 3717 6601 4802 8641 1464 3993 2816 5704 2598 7269 0 1707 5427 9670 7412 6731 6365 6433 4009 100 9802 6669 7894 5571 4510 2316 6570 6478 4468 5296 84 1374 3223 1639 7154 2390 8902 2604 9034 7202 3885 2652 4578 7106 1207 1721 3602 7783 4
5106 493 4548 8783 4115 2396 7964 7185 3347 911 4554 1707 0 7893 6524 9100 7734 1977 5573 3906 4325 8593 883 7441 2109 7712 6962 3714 158 4390 8942 3319 2027 9531 3880 7295 1079 3202 5630 6596 6232 4532 3538 4913 3971 1812 919 198 2143 3988
8719 2312 4296 6747 1146 1255 2610 4750 3991 7199 4561 5427 7893 0 5425 1700 3000 9095 5126 6563 6901 5852 2485 7386 3719 2195 7906 3165 5262 8073 2857 9382 9272 9443 4712 4700 6100 3150 8025 1041 5420 162 5772 5964 9268 4117 3732 1748 8654 1897
7060 1085 2187 8211 3840 9359 6042 4071 9585 7610 8183 9670 6524 5425 0 2425 98 240 8201 1239 9145 5154 2566 4980 2948 79 6265 9741 4435 3831 1031 3936 4949 7247 5813 4555 2906 1055 2536 6240 1213 6500 3575 6552 5053 8165 9531 9855 8827 3230
7283 7805 985 2673 7932 7782 2676 8578 6079 7261 242 7412 9100 1700 2425 0 2018 8234 7617 5021 371 8246 8673 2639 4613 1440 9678 1657 3385 7587 9837 5072 2686 5445 176 2274 1104 8220 9050 4431 476 5919 8514 3183 3401 5330 9887 1489 9086 5046
5801 8132 3831 2271 9141 3098 5170 4363 1765 3010 3290 6731 7734 3000 98 2018 0 2895 8990 3202 9829 7394 4381 915 9561 7617 4332 3508 8591 2709 4783 959 7072 7589 7784 9242 3355 5721 7679 1205 3109 3991 8308 6924 3043 9458 3807 4351 7570 6141
2234 788 5479 2834 277 5338 4185 7538 232 4663 6164 6365 1977 9095 240 8234 2895 0 5250 3806 8998 5731 4745 6662 1006 2988 4987 2909 5901 1139 5577 4223 8813 7013 6181 5742 7481 6652 1794 5129 5519 8871 4640 6550 2844 3642 2686 8374 4300 4233
7425 5777 2892 2258 847 6649 5292 8517 4793 3701 3330 6433 5573 5126 8201 7617 8990 5250 0 4702 1674 4248 6678 2996 7938 1858 9261 1092 5760 711 2007 413 1880 6775 8201 9902 9794 2270 6418 8382 2244 6936 3747 112 7507 6069 9804 9656 3073 7222
7096 7389 7795 9540 8367 8782 6338 8535 742 6303 6801 4009 3906 6563 1239 5021 3202 3806 4702 0 5411 8894 8102 6130 1000 3339 8750 374 5310 8759 8645 7038 6134 9101 5910 7238 1239 8761 6266 4775 6589 3042 3914 3020 4594 7698 6636 8051 5199 2777
7655 1732 3942 1453 6503 9564 4625 7347 5788 1956 7572 100 4325 6901 9145 371 9829 8998 1674 5411 0 7576 5003 5572 7366 3644 821 6037 4845 5885 4858 4790 9582 5557 8274 3606 1301 9536 3771 7103 1417 2866 8249 286 7415 1636 3846 8282 3670 2031
5055 5975 3440 3640 3969 9995 3675 635 8101 2587 861 9802 8593 5852 5154 8246 7394 5731 4248 8894 7576 0 3646 1222 2957 2433 5051 9417 168 6933 8255 3530 611 5345 8062 3042 3435 3799 3408 2443 8197 8267 2630 662 2721 4098 3223 3310 9589 3
5752 2686 8110 558 6481 4210 4367 7351 9442 4286 889 6669 883 2485 2566 8673 4381 4745 6678 8102 5003 3646 0 4878 9100 816 135 1892 9775 5092 8573 4928 4647 369 4208 7753 490 9785 2502 7786 5849 9994 4851 4913 8134 7104 5725 672 1068 2949
4355 6000 9510 9433 5691 8204 3177 5793 8448 5244 3765 7894 7441 7386 4980 2639 915 6662 2996 6130 5572 1222 4878 0 1578 6393 3385 5854 5973 8630 4959 5252 5512 5109 5453 71 1902 7627 6717 308 5375 9210 1055 3591 4097 30 173 1729 8763 8508
30 998 1003 1024 8533 8435 5166 9372 3184 1868 9291 5571 2109 3719 2948 4613 9561 1006 7938 1000 7366 2957 9100 1578 0 2939 4313 2929 7389 3069 6965 5358 4143 2726 2846 3056 9535 1753 9850 6902 2724 5358 6063 6559 183 8848 5597 8413 6602 5847
7851 2969 6927 2305 4073 842 7511 6071 4923 9857 5895 4510 7712 2195 79 1440 7617 2988 1858 3339 3644 2433 816 6393 2939 0 1380 1929 9666 6282 6274 7189 8343 6946 3325 7712 5124 6351 9239 5683 869 5931 3849 17 287 8963 1915 5756 2083 5227
7459 7184 566 4746 9189 2912 1910 8733 946 8503 1294 2316 6962 7906 6265 9678 4332 4987 9261 8750 821 5051 135 3385 4313 1380 0 8397 578 3725 3753 66 8971 2979 3530 9394 9202 2054 9274 5023 7633 8783 8609 6041 6147 7491 9879 5559 1210 5455
1420 2948 6722 6411 2230 9641 6316 2895 1294 690 7837 6570 3714 3165 9741 1657 3508 2909 1092 374 6037 9417 1892 5854 2929 1929 8397 0 6016 7897 1971 1517 8159 8937 7623 8555 3132 5223 5029 8531 6596 8143 7622 9064 5349 7398 2771 7647 1827 8385
1387 8237 9215 3603 9533 7839 4581 5199 3870 9293 9847 6478 158 5262 4435 3385 8591 5901 5760 5310 4845 168 9775 5973 7389 9666 578 6016 0 3172 8760 8683 365 2838 4017 342 1216 9376 9475 2995 2398 1530 3397 8850 6443 4839 5427 6554 2688 4337
5880 8001 823 2547 4443 1758 4863 905 2874 1332 3065 4468 4390 8073 3831 7587 2709 1139 711 8759 5885 6933 5092 8630 3069 6282 3725 7897 3172 0 902 2620 9373 6714 6096 414 5135 1742 2084 657 3888 8042 3064 426 792 2584 9733 3601 5437 541
6223 2384 5994 3306 1354 3306 2091 3876 6226 1753 9788 5296 8942 2857 1031 9837 4783 5577 2007 8645 4858 8255 8573 4959 6965 6274 3753 1971 8760 902 0 1847 1127 8248 5961 464 2233 606 9569 8940 3818 861 9867 159 6708 2758 6937 7837 2364 903
3201 4550 3563 2412 171 6126 6771 5532 3553 1711 8846 84 3319 9382 3936 5072 959 4223 413 7038 4790 3530 4928 5252 5358 7189 66 1517 8683 2620 1847 0 9620 4592 9499 1367 1670 7733 7380 9694 7321 8788 926 3648 449 8346 2819 2283 68 2685
1023 419 1077 5602 295 1387 7801 1831 6175 7236 997 1374 2027 9272 4949 2686 7072 8813 1880 6134 9582 611 4647 5512 4143 8343 8971 8159 365 9373 1127 9620 0 9406 7112 7999 7157 6651 179 6226 940 3446 1074 3215 4025 3696 5 9971 6996 7442
4929 9449 8696 8525 7475 3370 5365 8434 1043 103 9441 3223 9531 9443 7247 5445 7589 7013 6775 9101 5557 5345 369 5109 2726 6946 2979 8937 2838 6714 8248 4592 9406 0 643 9025 9896 5214 988 9805 4216 2585 6201 899 7137 8365 824 9413 9789 9304
3427 2990 429 2159 200 2480 1461 6676 2329 7521 7542 1639 3880 4712 5813 176 7784 6181 8201 5910 8274 8062 4208 5453 2846 3325 3530 7623 4017 6096 5961 9499 7112 643 0 9184 2030 8603 3647 3266 8358 2987 2005 1671 5352 5653 4233 6189 1033 7264
4278 1211 7370 7704 850 3874 9908 2073 1616 6623 4670 7154 7295 4700 4555 2274 9242 5742 9902 7238 3606 3042 7753 71 3056 7712 9394 8555 342 414 464 1367 7999 9025 9184 0 6247 9855 6980 1500 109 1757 5650 2202 7343 7279 4773 3279 6120 871
7996 5685 9120 7081 5822 5949 3907 6256 1242 5554 4420 2390 1079 6100 2906 1104 3355 7481 9794 1239 1301 3435 490 1902 9535 5124 9202 3132 1216 5135 2233 1670 7157 9896 2030 6247 0 6394 3896 9798 8544 2029 4057 9804 8749 1301 393 1682 7357 5032
6019 7503 453 1238 6193 7556 3862 4240 4123 8938 638 8902 3202 3150 1055 8220 5721 6652 2270 8761 9536 3799 9785 7627 1753 6351 2054 5223 9376 1742 606 7733 6651 5214 8603 9855 6394 0 3908 6312 1586 665 6709 2779 8334 2814 9358 3790 9752 7754
6228 8141 958 8231 9169 9687 6136 6429 525 6092 562 2604 5630 8025 2536 9050 7679 1794 6418 6266 3771 3408 2502 6717 9850 9239 9274 5029 9475 2084 9569 7380 179 988 3647 6980 3896 3908 0 3498 4202 9572 9214 7521 3973 3492 3518 8384 2186 2976
4736 8352 2930 2272 1089 6149 9938 4 5367 6976 9728 9034 6596 1041 6240 4431 1205 5129 8382 4775 7103 2443 7786 308 6902 5683 5023 8531 2995 657 8940 9694 6226 9805 3266 1500 9798 6312 3498 0 5357 6797 8882 1772 2830 2625 6408 8068 1809 4664
1398 4669 7352 6653 3531 9791 9333 9162 2942 8744 9204 7202 6232 5420 1213 476 3109 5519 2244 6589 1417 8197 5849 5375 2724 869 7633 6596 2398 3888 3818 7321 940 4216 8358 109 8544 1586 4202 5357 0 2750 9637 2276 6456 9236 6859 948 3063 5566
1236 7944 1673 4758 2548 1302 3500 1598 6436 2215 3298 3885 4532 162 6500 5919 3991 8871 6936 3042 2866 8267 9994 9210 5358 5931 8783 8143 1530 8042 861 8788 3446 2585 2987 1757 2029 665 9572 6797 2750 0 6093 4735 7245 2420 6269 8710 8413 3421
3031 7149 6836 3550 9670 4632 5372 6967 5428 3871 2781 2652 3538 5772 3575 8514 8308 4640 3747 3914 8249 2630 4851 1055 6063 3849 8609 7622 3397 3064 9867 926 1074 6201 2005 5650 4057 6709 9214 8882 9637 6093 0 2655 2537 2769 190 4536 4245 6375
4295 5482 4814 554 8413 5799 3718 4297 7070 6253 4531 4578 4913 5964 6552 3183 6924 6550 112 3020 286 662 4913 3591 6559 17 6041 9064 8850 426 159 3648 3215 899 1671 2202 9804 2779 7521 1772 2276 4735 2655 0 268 3816 9855 3069 8682 6635
7660 8050 2575 290 6344 6606 9795 9646 9758 9484 3589 7106 3971 9268 5053 3401 3043 2844 7507 4594 7415 2721 8134 4097 183 287 6147 5349 6443 792 6708 449 4025 7137 5352 7343 8749 8334 3973 2830 6456 7245 2537 268 0 1548 7991 6412 4719 1796
3968 606 9574 4979 5589 2494 7719 7907 8741 9381 705 1207 1812 4117 8165 5330 9458 3642 6069 7698 1636 4098 7104 30 8848 8963 7491 7398 4839 2584 2758 8346 3696 8365 5653 7279 1301 2814 3492 2625 9236 2420 2769 3816 1548 0 6155 1442 500 6550
8081 4968 9600 8363 7409 1025 2682 1634 8728 4054 6446 1721 919 3732 9531 9887 3807 2686 9804 6636 3846 3223 5725 173 5597 1915 9879 2771 5427 9733 6937 2819 5 824 4233 4773 393 9358 3518 6408 6859 6269 190 9855 7991 6155 0 8110 3427 591
403 802 9589 4189 7400 6410 1504 8012 6588 5500 2419 3602 198 1748 9855 1489 4351 8374 9656 8051 8282 3310 672 1729 8413 5756 5559 7647 6554 3601 7837 2283 9971 9413 6189 3279 1682 3790 8384 8068 948 8710 4536 3069 6412 1442 8110 0 1292 7736
3722 1209 4378 1930 3300 1757 4680 6084 6071 4125 2828 7783 2143 8654 8827 9086 7570 4300 3073 5199 3670 9589 1068 8763 6602 2083 1210 1827 2688 5437 2364 68 6996 9789 1033 6120 7357 9752 2186 1809 3063 8413 4245 8682 4719 500 3427 1292 0 1415
8434 4061 1559 4284 3157 5187 6065 5727 5864 2501 2885 4 3988 1897 3230 5046 6141 4233 7222 2777 2031 3 2949 8508 5847 5227 5455 8385 4337 541 903 2685 7442 9304 7264 871 5032 7754 2976 4664 5566 3421 6375 6635 1796 6550 591 7736 1415 0
