100
0 551 9426 1768 1386 5613 1773 6610 9707 7982 1335 5477 3780 2389 9813 6926 9884 1723 3717 37 6168 2875 7739 7469 5430 3943 2514 3129 4133 3102 347 5562 2417 858 6615 7164 8404 9024 4246 3897 4663 9127 6473 7870 278 3231 708 9544 4834 3438 6228 6693 5314 5351 9453 6812 9167 1970 2747 383 2584 3102 4405 551 6670 5600 9661 2027 8943 5993 64 4474 4986 9135 2196 3412 5699 365 8845 4973 3133 2493 4697 647 9035 3891 2675 4618 4285 256 9243 5629 9144 9511 7954 1687 4618 2848 2075 5892
551 0 8253 441 9175 427 4346 6985 3256 3130 6854 4855 5384 90 3635 9809 1402 5625 2077 262 5972 2092 2957 4764 2881 5267 4159 2793 6528 498 1226 8434 5615 4565 5600 5281 1291 2579 3933 4593 8720 4034 1702 4256 8026 530 7969 57 6824 1763 9108 261 3392 9896 1095 744 5096 2978 8469 4172 6327 6138 7949 8845 6420 7702 3873 9315 5062 6609 7244 3891 2866 6183 6227 2705 3419 1454 8211 9449 2449 3003 3436 9759 2989 5134 9112 7864 7024 5740 6815 7523 9437 6454 8139 3453 7239 5790 5178 8526
9426 8253 0 5541 414 4599 7753 4793 8183 7704 9618 9003 6473 8595 589 7167 6815 8043 9436 1449 5290 3411 1038 6897 699 2627 4513 9209 6758 587 5514 9742 5065 4066 1777 5299 5088 6609 4716 5125 1995 4440 6642 6744 1697 7305 2167 4954 5582 6049 5520 3461 985 8435 3497 8768 3467 1370 7632 877 3317 8198 6180 7919 8496 6067 279 2305 9944 2936 1776 2851 9779 8651 8267 7108 5881 8585 8418 9684 3837 7039 9085 6293 6614 824 672 5162 9963 3532 4613 1989 7953 3227 344 3374 5676 8184 9483 7320
1768 441 5541 0 2566 7381 6166 6265 4343 7837 2385 7874 4711 7420 2352 4795 9522 4254 213 5325 6540 9365 6998 4896 1139 3936 4839 5897 2531 7098 9801 9212 7363 1873 3674 2065 6370 2492 7543 6217 4925 6106 1779 3081 4333 3174 1482 9777 7402 9392 6755 3360 2986 3637 4791 183 4677 283 6669 5765 5985 3034 7021 8282 1020 1 4942 5432 3172 1760 4538 6195 735 2410 8261 436 3979 8585 3835 862 1811 8141 3199 6358 7302 495 6123 400 2270 5979 68 4625 3615 1563 5432 3328 6360 133 9876 69
1386 9175 414 2566 0 6357 3959 5228 1104 708 2279 42 9769 7352 4853 9138 8025 2741 6464 317 6103 4627 2570 9994 1548 9282 3026 810 7741 1573 3250 5874 4836 7585 8600 5835 2828 2542 1793 491 9613 501 9832 2891 4938 4542 5458 4375 4934 5442 6814 4153 6718 1596 6127 9238 3154 432 6960 9156 6777 4977 6975 2397 3836 3740 1887 3279 6743 8812 3732 2750 6202 3556 1717 6479 2269 992 3302 9881 4801 341 3668 4325 7689 4609 4083 2556 9362 204 7350 6917 2981 8747 4178 2320 8830 7012 8298 2598
5613 427 4599 7381 6357 0 6070 7571 8091 3180 5389 6086 4974 2790 1635 6016 2238 9949 1055 2414 6066 2400 9861 6603 7033 4309 3050 6676 1782 8297 494 9019 4469 3391 4156 7415 5933 7050 2587 86 144 4495 5625 8372 1219 7909 3454 1757 5737 3227 4106 4120 9485 6573 6649 3420 9857 1578 5142 377 2452 6810 7426 2095 9590 4408 4743 2613 7649 3539 8505 565 1382 2076 2835 9715 2403 5486 1922 6692 8464 4606 7052 2586 423 858 1792 7696 7755 4979 1692 41 9578 1034 4115 5547 6151 1527 6493 6719
1773 4346 7753 6166 3959 6070 0 413 3186 9758 578 6161 1573 5118 3572 5997 9 9704 4700 1805 3822 5963 4330 6387 8556 5871 9669 6197 9301 2099 1982 8016 4394 7211 8939 692 9010 8588 9302 6851 751 9796 8819 2670 1856 6220 341 5857 9651 8261 803 3433 2598 8508 9633 2918 5258 3643 8632 74 6095 1108 9281 5328 241 6386 1899 5248 2007 3708 3702 3732 2060 9426 8638 6373 6775 4815 9267 8961 8142 3729 4904 197 1324 4967 4821 9895 4924 5774 9611 5411 3608 6517 1588 1621 8139 687 2851 6762
6610 6985 4793 6265 5228 7571 413 0 3039 1390 6385 8891 5217 4751 8935 6068 129 8757 8213 374 6466 2920 5479 1742 5073 8683 7704 3580 8705 475 2283 7908 9678 3171 9646 1515 1978 541 9716 2424 2041 5978 7711 2542 5423 3540 4988 4307 8308 7304 7582 2623 2582 9087 5424 1502 9332 1943 1953 9455 5546 426 6458 6401 2157 9784 217 7467 660 3803 8977 7512 1139 1338 7201 6744 1581 5162 3790 3873 7227 8049 262 6701 2295 6324 6770 9015 5909 3407 3633 7157 9620 3132 5923 2321 5520 83 4522 330
9707 3256 8183 4343 1104 8091 3186 3039 0 4402 4598 6117 6324 6008 3894 9906 370 6476 1105 677 2695 8764 9489 3686 7662 1150 1262 7358 4730 6139 818 3470 4168 8252 4175 4839 1567 3386 3116 219 527 4991 7808 7506 9210 9602 5221 7290 3369 3418 6852 73 8685 3256 9409 1830 2085 3308 9852 893 3780 717 7427 8464 8260 6613 1690 4551 3766 2856 5637 9769 6655 5063 1470 8064 2220 919 1934 6044 9349 599 2727 3001 4066 9431 8089 5323 4539 8629 3490 1803 6519 3150 883 9696 5824 1406 9165 6170
7982 3130 7704 7837 708 3180 9758 1390 4402 0 7190 505 4790 8050 4907 3463 2164 2261 3543 7246 5882 6982 9891 5573 563 1302 4110 5082 4628 386 2023 7933 7545 4298 4695 8662 5443 4504 7224 8409 3551 9967 7801 872 5117 8982 1497 4807 412 6821 558 995 7240 1918 9549 4482 3902 4244 6415 7591 7947 4366 699 3864 6078 1264 6295 6818 6979 1257 4662 9637 4343 1384 883 6820 4007 6252 1165 4676 4365 6914 7237 4492 6639 7575 2400 4501 9947 1024 9407 2656 4849 8517 7343 253 2081 3040 3162 9852
1335 6854 9618 2385 2279 5389 578 6385 4598 7190 0 522 862 6675 6834 9041 6013 4074 2041 2202 8643 9500 1547 5180 3529 5207 3993 2914 7699 8454 1520 9081 2847 6058 4993 7229 8163 4448 2224 6716 9619 7179 3509 6795 9518 3032 6110 27 2521 9223 2560 8910 1518 7809 4926 1418 6248 972 9017 5625 9278 6772 5910 3008 181 8150 6461 4338 241 4562 8316 2222 8136 82 5188 5446 3722 5340 3828 9680 2484 9659 1473 8497 4105 6478 5698 8727 737 3299 4122 1776 3707 7143 8390 6603 516 9584 5170 4202
5477 4855 9003 7874 42 6086 6161 8891 6117 505 522 0 6761 5008 1083 8151 5050 4263 4433 810 6360 328 4669 7202 40 3799 7265 8666 4539 6135 2603 5746 2198 9842 3546 7516 8890 8364 5577 2611 7179 1434 9302 3072 4356 5319 7609 4704 5680 7940 3548 7827 7732 4141 2104 1283 205 7637 7352 3971 9855 8021 6731 4525 7815 9887 5168 5605 3006 7730 471 9720 6969 6723 3204 6974 2753 3642 6138 1664 1783 4671 8518 2925 1428 8357 7406 6573 4370 1797 5640 3059 5283 5125 335 8771 564 2766 5221 8023
3780 5384 6473 4711 9769 4974 1573 5217 6324 4790 862 6761 0 836 3122 8627 5426 67 5820 5018 4472 6288 5076 3983 4528 3625 6562 6636 3767 3490 4009 7993 7940 6118 806 113 8933 9563 7478 907 240 4080 299 1107 9960 2626 4714 3167 1476 7730 4802 9487 1754 5033 2570 2644 7088 8340 1834 911 1553 3323 8984 3126 733 6114 2454 1696 7597 5122 9182 372 8714 1069 2193 7429 2637 7485 4210 176 1430 4048 7192 7751 4461 3102 2985 2154 4847 8972 1485 6182 7950 661 1414 4005 4165 2376 5660 1949
2389 90 8595 7420 7352 2790 5118 4751 6008 8050 6675 5008 836 0 9030 7143 4433 3263 6060 3105 5758 2903 6250 7465 904 305 2308 4807 4929 1570 5566 5664 6833 7997 1124 2192 3055 6307 8859 8665 2850 9666 2804 304 8191 6488 3888 668 3052 8971 4578 8386 230 1600 2699 5684 5776 9008 9582 1795 7034 170 97 8641 9728 2454 109 3581 6013 5462 5566 1184 2263 653 294 2506 5170 2689 3527 7715 1521 1844 4796 4003 1576 6943 1898 363 844 5040 393 2980 9678 7824 7009 7819 3027 3071 1043 3727
9813 3635 589 2352 4853 1635 3572 8935 3894 4907 6834 1083 3122 9030 0 3863 1066 101 1743 6490 4259 8828 6126 9309 2690 8239 699 7787 1709 7455 2196 1701 1688 4898 8813 8569 1176 2036 2632 5440 4376 4835 2437 6418 1259 902 1363 8495 9089 3016 8500 888 9526 6276 7903 6512 2072 8686 4792 2903 5933 8074 8672 1869 1185 8581 2903 1069 6396 4064 2215 7764 2760 9876 6920 8432 9013 6789 8998 5981 174 8868 7700 2854 4386 42 7355 9041 2454 8759 195 4482 5332 9342 6582 578 1463 3697 2740 3518
6926 9809 7167 4795 9138 6016 5997 6068 9906 3463 9041 8151 8627 7143 3863 0 6992 2957 8597 4535 9136 4244 4584 1739 8132 3118 9959 2014 460 8557 2418 105 2135 4707 8993 2454 7663 3886 7674 107 5581 5499 5788 9079 5313 4929 9555 9873 5949 6357 6470 7928 7722 4460 710 2796 5261 2052 1146 8611 3697 3570 8061 3796 7219 9661 7708 9677 1598 8388 3357 3433 878 516 8662 6780 5557 9984 6566 8593 1648 240 8814 9047 1381 6812 7032 3563 4815 3044 5959 3097 2780 4952 1727 3769 2668 3793 1898 6176
9884 1402 6815 9522 8025 2238 9 129 370 2164 6013 5050 5426 4433 1066 6992 0 9327 2116 5258 1683 8424 8065 5456 2387 7256 1368 3559 7569 9356 7926 6926 8635 9014 2939 5158 4568 4005 3265 6406 4758 997 4383 5939 5549 8088 7923 5816 5939 7246 5312 4275 4028 1077 7232 2591 2099 9728 7778 6242 1031 2097 3244 9236 604 9807 6507 9015 2597 8792 5329 643 5129 6846 1545 9470 3514 8847 3425 6685 2276 4464 6381 1445 1567 6602 7958 3079 4649 233 5611 9788 965 6135 7896 4020 4888 1002 9202 5067
1723 5625 8043 4254 2741 9949 9704 8757 6476 2261 4074 4263 67 3263 101 2957 9327 0 8851 5869 8757 4803 5719 1234 4328 3507 8933 6714 308 8811 7420 6725 8940 7638 9112 6136 9167 4260 7606 3088 546 9270 8025 5150 5461 4998 3427 6526 1295 5201 1715 5871 6180 9093 6669 7494 9656 7112 906 7771 9598 6883 3998 4295 6543 2888 5768 8606 2499 4118 9815 5171 9540 9564 1073 8107 9921 294 4016 5880 587 6920 7849 2001 2221 4265 7760 7414 9820 7640 1304 7892 6420 9263 6652 9894 2119 1771 5057 660
3717 2077 9436 213 6464 1055 4700 8213 1105 3543 2041 4433 5820 6060 1743 8597 2116 8851 0 8153 8811 9583 709 7372 8764 7665 1450 9488 9166 2091 8304 7141 8017 8956 468 8095 1402 2615 196 6352 1423 2183 8011 8897 3755 3421 1832 9897 4463 4998 2632 6479 8677 7336 1807 7644 374 8521 9663 4571 984 6421 5203 9383 3373 1926 7465 4416 9923 7513 3931 1554 1889 9048 6541 7023 4695 9128 7893 9188 1770 8864 894 4527 1212 6014 3037 4717 9553 807 9400 6331 6401 8384 6892 146 8106 8656 890 4186
37 262 1449 5325 317 2414 1805 374 677 7246 2202 810 5018 3105 6490 4535 5258 5869 8153 0 9414 247 8094 8383 510 9985 28 2044 3237 5094 5112 9339 1397 9497 5045 8969 9366 6803 8999 4024 3366 4769 3121 1971 899 1032 7885 4128 4499 1175 4663 3289 1566 5307 4568 7929 3665 295 3363 7883 2809 765 3192 6070 8428 7120 5050 7889 1169 4475 6105 1366 6996 3839 175 3419 3773 4883 8342 4937 5669 6899 5061 1868 7675 2576 2569 9407 5774 9269 9965 1120 7190 6353 9302 9594 4945 3180 612 4916
6168 5972 5290 6540 6103 6066 3822 6466 2695 5882 8643 6360 4472 5758 4259 9136 1683 8757 8811 9414 0 1697 1476 1183 6399 7554 4685 7742 7274 5931 355 4657 4460 1692 320 560 8104 7354 9077 5103 8976 9576 5073 6646 1188 8376 5571 3936 7917 8511 7076 4483 4346 7422 2859 4260 4397 129 9754 1003 1770 749 4363 9303 9852 1795 5996 3942 6317 3740 8443 9001 8173 5285 2388 5195 5341 8777 4582 183 6952 1925 8299 6460 3932 2973 3431 9918 2053 529 5962 9132 9061 1760 2087 527 2978 7443 6029 8194
2875 2092 3411 9365 4627 2400 5963 2920 8764 6982 9500 328 6288 2903 8828 4244 8424 4803 9583 247 1697 0 9454 1520 4793 1873 8355 8689 9238 8093 9424 3847 5942 9172 7226 9941 449 4122 7502 5245 9350 6296 8458 8739 7407 2498 544 54 5632 869 8962 3676 256 9367 6883 6049 6740 2810 1993 7787 5622 32 7748 4380 6946 8053 3155 8175 6067 6264 9464 2458 2199 4839 3455 8957 5654 6148 7925 9235 3928 7699 4752 1300 4841 1692 913 538 8592 7687 464 1051 2461 1277 817 1656 6018 9356 1873 588
7739 2957 1038 6998 2570 9861 4330 5479 9489 9891 1547 4669 5076 6250 6126 4584 8065 5719 709 8094 1476 9454 0 1538 8590 7985 2274 9840 6155 166 3412 6134 4172 1845 6170 9400 5299 6519 7037 5026 695 850 5049 8423 3225 6805 551 522 2802 7976 5409 2128 7002 7022 8651 6447 5575 5466 562 2184 6706 7171 6181 3522 3355 35 2747 527 8064 3287 2305 1462 3782 9746 2879 5468 7108 3571 9706 1182 5340 8253 398 8068 3403 2281 2809 6967 9695 5518 9631 4339 779 7055 7068 3808 4375 7106 1904 1330
7469 4764 6897 4896 9994 6603 6387 1742 3686 5573 5180 7202 3983 7465 9309 1739 5456 1234 7372 8383 1183 1520 1538 0 1367 6788 6653 2804 8466 7202 9469 1080 6808 1048 9999 3771 4359 2811 4578 5430 1829 105 4028 1603 2097 3771 2327 7247 6620 6659 2484 5786 3064 5547 1508 6376 4626 3926 5115 4065 4631 8006 3963 9718 9800 9066 3214 5954 7075 6651 5161 900 9213 8102 9375 3775 9695 5372 6659 8475 7351 5439 9426 4150 5113 4155 9357 429 3837 5767 4317 4576 7740 584 4820 2358 1567 6742 9162 7953
5430 2881 699 1139 1548 7033 8556 5073 7662 563 3529 40 4528 904 2690 8132 2387 4328 8764 510 6399 4793 8590 1367 0 1703 6942 7698 498 147 1769 2538 5601 933 3421 8375 6255 6304 6070 1246 2854 6943 1403 7598 9420 1843 1065 1535 5740 1234 3509 8791 4491 785 3849 6977 3362 7511 7843 4880 2505 408 292 6869 8890 5469 9745 2379 517 1124 1796 9364 490 6253 3962 7176 3650 4593 8361 9332 5558 1986 5602 7257 8857 8304 7612 6365 3310 9618 3456 2543 9200 9683 2097 7277 7287 1253 3965 2858
3943 5267 2627 3936 9282 4309 5871 8683 1150 1302 5207 3799 3625 305 8239 3118 7256 3507 7665 9985 7554 1873 7985 6788 1703 0 4171 1468 7109 349 6307 6870 3106 422 6131 7197 949 1369 3832 5605 1980 4872 6053 3508 1943 2544 6087 2908 7049 9411 3807 3398 8049 1688 5040 1795 1339 2331 2514 3806 9216 8942 3365 5255 4308 2223 5919 3360 6303 268 5636 405 3622 8412 1530 5765 3177 9377 9388 5081 9847 1342 7456 6133 4933 2099 7611 8423 7924 3968 6997 2346 4577 1026 1104 3495 9950 9757 6003 6473
2514 4159 4513 4839 3026 3050 9669 7704 1262 4110 3993 7265 6562 2308 699 9959 1368 8933 1450 28 4685 8355 2274 6653 6942 4171 0 120 8029 1256 2756 7850 2822 7813 9527 2563 6176 4840 776 5411 8567 6193 5566 4587 2199 7002 243 6268 9673 4640 1968 4589 5220 3251 731 8206 7074 7223 6591 1798 2511 5300 8146 4407 3136 2167 8582 624 2579 9743 6349 7201 3709 9406 9633 5346 8692 5659 6073 9395 7499 6864 5791 1565 3303 5549 1298 5351 7018 6900 6322 5040 581 9112 8230 7641 3133 414 6724 440
3129 2793 9209 5897 810 6676 6197 3580 7358 5082 2914 8666 6636 4807 7787 2014 3559 6714 9488 2044 7742 8689 9840 2804 7698 1468 120 0 1082 5173 1802 5416 9301 9328 2789 1143 7887 3361 1762 7276 5446 8352 668 3645 7672 9670 1022 4423 8122 7229 8016 8921 5677 9102 9116 9923 9425 4895 944 2466 1673 7946 6768 3024 7181 4550 8996 8591 1383 6306 9939 3370 4229 9605 7946 3105 2508 8428 3609 7948 9078 8451 6453 8249 7794 1681 2516 7400 1279 1883 2356 8371 9176 6433 1948 8722 2369 1138 8343 956
4133 6528 6758 2531 7741 1782 9301 8705 4730 4628 7699 4539 3767 4929 1709 460 7569 308 9166 3237 7274 9238 6155 8466 498 7109 8029 1082 0 2820 7952 8085 8726 7041 1546 9680 4019 9422 3158 5063 8715 1775 2521 2554 4831 7631 6024 6913 3885 5448 1194 2625 8978 9206 2144 7433 3474 694 2241 1019 1721 2656 4354 4352 8071 6329 9672 8682 6410 1994 8961 733 6131 2846 841 3094 2680 6701 7017 2734 3469 1630 206 6417 1946 6729 8310 9226 1771 6040 1244 4879 9809 6264 5296 8488 823 5336 3244 9562
3102 498 587 7098 1573 8297 2099 475 6139 386 8454 6135 3490 1570 7455 8557 9356 8811 2091 5094 5931 8093 166 7202 147 349 1256 5173 2820 0 7295 6782 9414 7274 4280 8757 7958 4155 2412 3872 6330 8093 9930 8982 4302 237 6033 2011 7394 2092 6226 6656 5071 14 1000 5861 9761 290 9625 1816 4246 5540 9401 9852 5180 6932 6590 9538 4388 1302 5732 5355 3536 3608 7301 2529 9830 2098 215 393 9044 772 7753 9085 9191 6146 2070 2652 556 7431 9511 8635 3156 5967 3594 9426 4415 4722 3112 4362
347 1226 5514 9801 3250 494 1982 2283 818 2023 1520 2603 4009 5566 2196 2418 7926 7420 8304 5112 355 9424 3412 9469 1769 6307 2756 1802 7952 7295 0 7200 6899 9526 5262 6211 3144 172 9452 2669 7887 1693 1272 5523 7707 3117 1239 139 8947 6500 2882 775 4762 3283 8282 8843 4821 564 246 4025 6001 6823 5715 1496 6543 7188 3904 1156 2506 3241 7544 7187 7379 8584 8923 6272 4668 7149 6300 9990 9852 9845 4334 1453 8734 9035 7911 2775 1674 5863 3761 9223 3254 1717 4689 7360 9812 3778 4111 1276
5562 8434 9742 9212 5874 9019 8016 7908 3470 7933 9081 5746 7993 5664 1701 105 6926 6725 7141 9339 4657 3847 6134 1080 2538 6870 7850 5416 8085 6782 7200 0 1480 7827 8789 3240 1985 1091 8054 4576 8419 3476 4897 3991 6807 420 9681 6843 9756 5378 221 7067 8031 8931 3127 5040 1342 9874 5284 1198 8273 7864 6755 2372 1013 4193 2005 4239 4653 1555 7493 4841 7580 8787 3777 90 2486 2622 1212 5872 7496 1000 5790 3955 7278 135 82 2234 7340 9915 5841 6930 2043 8604 4515 102 3622 8813 1716 9381
2417 5615 5065 7363 4836 4469 4394 9678 4168 7545 2847 2198 7940 6833 1688 2135 8635 8940 8017 1397 4460 5942 4172 6808 5601 3106 2822 9301 8726 9414 6899 1480 0 865 8577 4996 7596 9066 1664 6923 3097 1732 5027 9497 8780 6321 3792 550 4387 4810 3373 5687 5615 7408 172 1240 7134 5702 8481 8561 7447 7177 5374 1130 4899 6186 4672 6306 5491 8649 6133 1404 7723 2552 3870 7792 1999 3265 295 7995 7412 1993 5756 5867 5886 439 3888 815 6 2576 4774 7393 6868 1081 1598 526 7262 6647 2470 8071
858 4565 4066 1873 7585 3391 7211 3171 8252 4298 6058 9842 6118 7997 4898 4707 9014 7638 8956 9497 1692 9172 1845 1048 933 422 7813 9328 7041 7274 9526 7827 865 0 896 7515 1260 1738 750 727 8742 2412 8685 3534 9530 2498 3196 2164 6186 8818 4258 3473 7635 7966 4390 555 6395 428 9118 4344 9871 7186 943 9140 1901 2815 6710 5141 9421 1666 8268 1238 1484 1489 2603 9816 6589 8253 4896 2404 8592 5827 3234 7057 2572 7894 8704 4801 8901 5584 5945 246 8753 7687 4717 3335 5267 2946 2298 6175
6615 5600 1777 3674 8600 4156 8939 9646 4175 4695 4993 3546 806 1124 8813 8993 2939 9112 468 5045 320 7226 6170 9999 3421 6131 9527 2789 1546 4280 5262 8789 8577 896 0 5583 3434 1251 9203 4455 5925 708 648 8328 7856 3214 1755 2029 5422 8820 3070 1513 9268 4027 538 6185 6319 8037 2217 5867 8569 7386 8442 3571 7102 5551 5251 5397 9015 1515 7433 2183 6602 3907 8359 2133 7438 3849 7503 6961 5093 924 7395 5342 4352 3735 2411 9038 6385 9025 7160 2161 5057 9996 8762 2746 6402 9770 4005 294
7164 5281 5299 2065 5835 7415 692 1515 4839 8662 7229 7516 113 2192 8569 2454 5158 6136 8095 8969 560 9941 9400 3771 8375 7197 2563 1143 9680 8757 6211 3240 4996 7515 5583 0 6886 6541 4219 182 1132 1683 4719 152 1315 3132 8378 6727 8272 3842 2299 8314 2246 7823 7337 5675 5561 3213 7186 997 5781 4174 8622 4238 3946 7556 1222 5613 5934 574 7355 799 1374 3653 5084 374 9802 9302 1092 8471 6151 4066 6715 1183 313 2249 2289 789 3880 9790 1680 5025 8451 6499 3058 3061 1397 9950 8512 6534
8404 1291 5088 6370 2828 5933 9010 1978 1567 5443 8163 8890 8933 3055 1176 7663 4568 9167 1402 9366 8104 449 5299 4359 6255 949 6176 7887 4019 7958 3144 1985 7596 1260 3434 6886 0 2805 1614 9468 5588 9238 939 4728 5637 8759 7757 5889 5466 7121 8760 1490 1253 5736 97 2712 4068 976 4704 6583 5578 3635 2754 205 6731 4845 7760 9924 6806 4284 7081 4489 5200 9098 1491 9132 4580 7602 9263 2854 7046 7818 6292 4808 8832 8967 8212 8871 2146 9232 814 17 6056 7078 1967 9105 2191 1100 3259 9684
9024 2579 6609 2492 2542 7050 8588 541 3386 4504 4448 8364 9563 6307 2036 3886 4005 4260 2615 6803 7354 4122 6519 2811 6304 1369 4840 3361 9422 4155 172 1091 9066 1738 1251 6541 2805 0 8186 3243 3691 822 6197 6160 5137 7938 3937 5370 8967 5497 1171 3939 5796 5242 5513 5923 3146 2190 9201 4438 4479 2927 8736 9877 3193 3509 55 1928 8272 9898 6381 9887 519 8235 4536 3151 5153 194 2579 8918 2721 4777 2120 2630 9547 1175 6464 8383 8581 986 7525 1419 1984 4323 3042 7021 3114 7176 7451 4181
4246 3933 4716 7543 1793 2587 9302 9716 3116 7224 2224 5577 7478 8859 2632 7674 3265 7606 196 8999 9077 7502 7037 4578 6070 3832 776 1762 3158 2412 9452 8054 1664 750 9203 4219 1614 8186 0 2903 3567 4045 9243 8227 6412 6024 6594 2677 9023 5946 5541 6199 8236 9292 4817 6733 1482 1153 2444 3368 5284 8701 1028 6006 39 698 6048 3279 20 4618 7717 2648 592 6362 3531 7073 4301 3303 207 56 6465 2724 6059 6330 4901 1459 5728 6041 8174 1123 3706 822 7577 4984 7766 2138 8542 1678 7142 8540
3897 4593 5125 6217 491 86 6851 2424 219 8409 6716 2611 907 8665 5440 107 6406 3088 6352 4024 5103 5245 5026 5430 1246 5605 5411 7276 5063 3872 2669 4576 6923 727 4455 182 9468 3243 2903 0 8979 4426 7551 8529 9855 5770 5245 2714 5732 9080 7643 870 3839 1270 8356 856 3327 3818 7733 373 8914 1956 6596 3369 7196 2602 9532 2563 3745 8845 7945 6692 4503 9903 474 1509 3501 1586 2579 6538 3610 617 1001 7567 9591 6221 8990 8965 2847 5094 3686 5116 3459 2898 4014 2202 1090 7784 3594 6267
4663 8720 1995 4925 9613 144 751 2041 527 3551 9619 7179 240 2850 4376 5581 4758 546 1423 3366 8976 9350 695 1829 2854 1980 8567 5446 8715 6330 7887 8419 3097 8742 5925 1132 5588 3691 3567 8979 0 424 1779 6593 1353 704 4680 9001 6949 8796 2369 8839 2294 2216 1504 9044 2608 6742 3771 5903 2355 2980 3067 4175 1256 6542 7330 4208 1300 9998 7693 7076 2973 3644 5066 7628 2177 5848 3033 1353 3371 3445 652 6046 3153 7103 9758 127 1614 2800 3968 110 1237 9932 2453 5347 1621 3025 3948 1761
9127 4034 4440 6106 501 4495 9796 5978 4991 9967 7179 1434 4080 9666 4835 5499 997 9270 2183 4769 9576 6296 850 105 6943 4872 6193 8352 1775 8093 1693 3476 1732 2412 708 1683 9238 822 4045 4426 424 0 2464 1790 49 7756 4201 7132 8423 495 132 8200 286 9871 5827 5544 82 8542 705 9120 9514 5683 8910 9921 4025 6619 6159 7656 953 4147 4449 6451 888 929 6144 6924 2263 1033 333 2246 3327 2993 3226 7807 9229 1396 8146 3043 429 285 3842 4697 9434 4911 3427 1969 4973 1629 2031 3388
6473 1702 6642 1779 9832 5625 8819 7711 7808 7801 3509 9302 299 2804 2437 5788 4383 8025 8011 3121 5073 8458 5049 4028 1403 6053 5566 668 2521 9930 1272 4897 5027 8685 648 4719 939 6197 9243 7551 1779 2464 0 4254 4255 8223 4415 5879 9100 8707 5640 3894 4074 2148 1613 526 9359 8688 3771 8809 9374 6028 670 7278 9467 7019 1502 3986 3595 8501 5384 6377 3425 9344 7058 2180 515 8712 5738 8022 2686 7813 73 1723 705 1790 7600 4344 8199 160 4270 5045 5653 5923 6209 8799 1760 3717 3758 3759
7870 4256 6744 3081 2891 8372 2670 2542 7506 872 6795 3072 1107 304 6418 9079 5939 5150 8897 1971 6646 8739 8423 1603 7598 3508 4587 3645 2554 8982 5523 3991 9497 3534 8328 152 4728 6160 8227 8529 6593 1790 4254 0 4568 6992 3097 1519 575 8781 7396 2679 327 4556 841 1574 4640 2964 3889 8480 9178 2768 2036 158 7372 4554 4201 8542 8944 1891 3188 8762 9690 6607 4540 1273 2965 7782 3696 7222 2132 9247 9778 5165 53 9465 7261 5245 3033 6836 7359 5661 4213 6033 7243 6612 6571 606 2255 4539
278 8026 1697 4333 4938 1219 1856 5423 9210 5117 9518 4356 9960 8191 1259 5313 5549 5461 3755 899 1188 7407 3225 2097 9420 1943 2199 7672 4831 4302 7707 6807 8780 9530 7856 1315 5637 5137 6412 9855 1353 49 4255 4568 0 702 5214 8639 1583 2532 4721 2056 8470 7382 5811 1515 7637 1084 694 4240 5458 1298 4615 3821 8123 2791 3303 9575 8413 4010 153 8142 7104 4744 2003 4472 2573 8454 6599 2836 7386 3235 9242 9794 7955 2391 7137 5105 7927 8159 311 1751 2023 3097 8868 2280 425 3781 6453 2225
3231 530 7305 3174 4542 7909 6220 3540 9602 8982 3032 5319 2626 6488 902 4929 8088 4998 3421 1032 8376 2498 6805 3771 1843 2544 7002 9670 7631 237 3117 420 6321 2498 3214 3132 8759 7938 6024 5770 704 7756 8223 6992 702 0 9385 666 9920 4600 2753 1299 7987 6023 9051 1033 9778 3015 6747 3781 7537 9101 5207 9850 8274 5637 5358 1305 5698 3824 3493 2263 8578 5831 266 8794 2070 1074 1151 1110 7448 4075 2115 7507 9735 9498 2576 8205 3931 344 1220 9181 3837 9293 8678 8084 7929 8531 7400 7252
708 7969 2167 1482 5458 3454 341 4988 5221 1497 6110 7609 4714 3888 1363 9555 7923 3427 1832 7885 5571 544 551 2327 1065 6087 243 1022 6024 6033 1239 9681 3792 3196 1755 8378 7757 3937 6594 5245 4680 4201 4415 3097 5214 9385 0 4971 7245 9876 5386 7448 2840 4933 5915 134 1619 4550 9089 759 4364 1740 6302 3896 3630 1769 8763 7025 1915 2201 2543 4500 1581 3250 451 2780 7942 6870 7241 3215 6549 8704 7610 5124 8202 5693 1131 1783 6163 9717 5355 216 339 747 4596 6168 4714 8704 1485 7590
9544 57 4954 9777 4375 1757 5857 4307 7290 4807 27 4704 3167 668 8495 9873 5816 6526 9897 4128 3936 54 522 7247 1535 2908 6268 4423 6913 2011 139 6843 550 2164 2029 6727 5889 5370 2677 2714 9001 7132 5879 1519 8639 666 4971 0 5151 1779 5606 5460 5421 6439 7675 7852 8425 2296 3503 3652 5927 7764 4429 2088 2058 3621 6040 6103 581 1978 2612 4502 6676 519 9428 1473 1869 4992 3836 232 4431 3574 772 855 7315 8729 4059 5784 6282 1309 7136 4233 9662 6790 7894 1151 3664 6481 4781 8181
4834 6824 5582 7402 4934 5737 9651 8308 3369 412 2521 5680 1476 3052 9089 5949 5939 1295 4463 4499 7917 5632 2802 6620 5740 7049 9673 8122 3885 7394 8947 9756 4387 6186 5422 8272 5466 8967 9023 5732 6949 8423 9100 575 1583 9920 7245 5151 0 9567 104 7847 3916 8072 375 5874 7998 9251 4861 8534 3733 9473 3867 7108 5733 5463 7077 5489 296 7883 8877 6471 2138 3252 2568 946 9884 6611 2022 3046 3103 9437 8858 8007 3920 4715 7569 879 1664 8690 8272 5279 610 4117 2121 5380 2035 4681 3602 7486
3438 1763 6049 9392 5442 3227 8261 7304 3418 6821 9223 7940 7730 8971 3016 6357 7246 5201 4998 1175 8511 869 7976 6659 1234 9411 4640 7229 5448 2092 6500 5378 4810 8818 8820 3842 7121 5497 5946 9080 8796 495 8707 8781 2532 4600 9876 1779 9567 0 7913 6869 4744 4464 4126 4002 4594 2694 9518 3451 4517 4391 762 2072 8753 5280 4132 3928 1984 1208 373 9967 1957 6895 696 5181 7681 5443 5437 9326 364 1268 4916 4040 2835 8385 793 367 2886 2103 6708 427 5540 4618 8947 2740 5925 965 5587 842
6228 9108 5520 6755 6814 4106 803 7582 6852 558 2560 3548 4802 4578 8500 6470 5312 1715 2632 4663 7076 8962 5409 2484 3509 3807 1968 8016 1194 6226 2882 221 3373 4258 3070 2299 8760 1171 5541 7643 2369 132 5640 7396 4721 2753 5386 5606 104 7913 0 9849 6209 3696 7188 86 967 990 6867 5313 1163 526 8793 6855 7167 5129 527 6707 3279 3848 7269 9589 9502 9789 7215 345 3208 7335 676 7274 1833 8536 2108 4210 6051 489 782 2960 4944 4414 3376 4771 220 8859 6708 7246 4789 6791 3852 7896
6693 261 3461 3360 4153 4120 3433 2623 73 995 8910 7827 9487 8386 888 7928 4275 5871 6479 3289 4483 3676 2128 5786 8791 3398 4589 8921 2625 6656 775 7067 5687 3473 1513 8314 1490 3939 6199 870 8839 8200 3894 2679 2056 1299 7448 5460 7847 6869 9849 0 7718 612 4905 7093 892 1661 6588 4811 6068 4187 757 7619 9343 6684 7625 7145 2089 5459 4717 9685 8057 8104 5832 8735 6182 9116 6785 2805 4897 4237 3981 7743 7436 9573 2687 7586 9966 566 1335 6328 685 7463 3969 4770 3728 5937 3879 53
5314 3392 985 2986 6718 9485 2598 2582 8685 7240 1518 7732 1754 230 9526 7722 4028 6180 8677 1566 4346 256 7002 3064 4491 8049 5220 5677 8978 5071 4762 8031 5615 7635 9268 2246 1253 5796 8236 3839 2294 286 4074 327 8470 7987 2840 5421 3916 4744 6209 7718 0 1883 8432 7622 4783 8233 2402 5182 7450 3197 4829 698 616 6152 93 8914 335 6340 7219 6076 1196 685 5335 1747 7432 1345 6044 8772 7172 901 6417 6637 6676 2565 903 6848 2227 7294 477 9996 4382 3364 8208 7765 1258 6043 2870 6700
5351 9896 8435 3637 1596 6573 8508 9087 3256 1918 7809 4141 5033 1600 6276 4460 1077 9093 7336 5307 7422 9367 7022 5547 785 1688 3251 9102 9206 14 3283 8931 7408 7966 4027 7823 5736 5242 9292 1270 2216 9871 2148 4556 7382 6023 4933 6439 8072 4464 3696 612 1883 0 1115 7822 5307 3289 774 3339 7602 1672 166 7301 1019 3971 3768 8289 7923 9814 6212 5839 554 5656 5558 6289 5450 6763 2520 1524 6288 2670 3811 2435 3511 3826 5493 39 7057 1977 1363 440 6222 7401 7961 9277 3834 2976 8472 903
9453 1095 3497 4791 6127 6649 9633 5424 9409 9549 4926 2104 2570 2699 7903 710 7232 6669 1807 4568 2859 6883 8651 1508 3849 5040 731 9116 2144 1000 8282 3127 172 4390 538 7337 97 5513 4817 8356 1504 5827 1613 841 5811 9051 5915 7675 375 4126 7188 4905 8432 1115 0 7171 3024 8324 9602 3534 2707 6676 7490 5468 6229 9986 5665 3950 9 5358 3796 1858 657 993 115 3702 7865 9615 4885 9010 5994 4628 6946 3730 9202 4726 1774 9613 7120 5821 3248 8554 995 8770 1077 460 3251 3039 2996 5611
6812 744 8768 183 9238 3420 2918 1502 1830 4482 1418 1283 2644 5684 6512 2796 2591 7494 7644 7929 4260 6049 6447 6376 6977 1795 8206 9923 7433 5861 8843 5040 1240 555 6185 5675 2712 5923 6733 856 9044 5544 526 1574 1515 1033 134 7852 5874 4002 86 7093 7622 7822 7171 0 5913 3245 3813 11 5176 5115 5886 1252 8894 2891 4739 1939 1028 8464 6787 9767 3866 6556 4427 7715 2690 400 7747 1625 4717 7889 2692 4630 1065 9671 3377 6923 6360 5854 2913 3518 9378 7787 7757 5520 1619 4211 7349 6863
9167 5096 3467 4677 3154 9857 5258 9332 2085 3902 6248 205 7088 5776 2072 5261 2099 9656 374 3665 4397 6740 5575 4626 3362 1339 7074 9425 3474 9761 4821 1342 7134 6395 6319 5561 4068 3146 1482 3327 2608 82 9359 4640 7637 9778 1619 8425 7998 4594 967 892 4783 5307 3024 5913 0 3922 3785 5517 3173 1429 541 2152 827 9631 7158 2065 7638 5042 3368 9821 4155 830 9487 4037 4778 6229 5780 8281 5175 6339 5401 914 2751 3847 7325 2868 5132 5037 1588 6980 6127 7095 6587 9967 5687 8643 357 6024
1970 2978 1370 283 432 1578 3643 1943 3308 4244 972 7637 8340 9008 8686 2052 9728 7112 8521 295 129 2810 5466 3926 7511 2331 7223 4895 694 290 564 9874 5702 428 8037 3213 976 2190 1153 3818 6742 8542 8688 2964 1084 3015 4550 2296 9251 2694 990 1661 8233 3289 8324 3245 3922 0 5553 929 7295 4923 3735 7932 4019 2070 806 5516 7294 7435 1185 4068 288 5408 1655 1571 1679 35 1748 9510 2407 9560 3452 9599 1257 7087 9616 7656 7272 3367 2144 1652 7679 4273 3754 7834 1279 7716 10 8096
2747 8469 7632 6669 6960 5142 8632 1953 9852 6415 9017 7352 1834 9582 4792 1146 7778 906 9663 3363 9754 1993 562 5115 7843 2514 6591 944 2241 9625 246 5284 8481 9118 2217 7186 4704 9201 2444 7733 3771 705 3771 3889 694 6747 9089 3503 4861 9518 6867 6588 2402 774 9602 3813 3785 5553 0 6097 962 1022 7466 6320 5237 6564 1310 7302 386 6679 6428 2438 9113 3028 8580 4668 5725 1765 2037 1261 8210 7072 3811 4446 3463 7911 2822 6623 5109 9452 6166 1269 8790 7256 3480 3026 6121 3390 3871 8004
383 4172 877 5765 9156 377 74 9455 893 7591 5625 3971 911 1795 2903 8611 6242 7771 4571 7883 1003 7787 2184 4065 4880 3806 1798 2466 1019 1816 4025 1198 8561 4344 5867 997 6583 4438 3368 373 5903 9120 8809 8480 4240 3781 759 3652 8534 3451 5313 4811 5182 3339 3534 11 5517 929 6097 0 2802 5237 7259 6994 2141 2744 8640 6932 7427 1648 5002 3975 3655 4977 1143 7290 3034 9917 4286 649 2253 6613 4479 6767 4516 9548 5629 5007 4723 2314 1274 9918 484 6405 6113 9251 8976 321 1882 9559
2584 6327 3317 5985 6777 2452 6095 5546 3780 7947 9278 9855 1553 7034 5933 3697 1031 9598 984 2809 1770 5622 6706 4631 2505 9216 2511 1673 1721 4246 6001 8273 7447 9871 8569 5781 5578 4479 5284 8914 2355 9514 9374 9178 5458 7537 4364 5927 3733 4517 1163 6068 7450 7602 2707 5176 3173 7295 962 2802 0 3660 6444 1495 7294 4997 8808 7677 2656 1685 1017 4487 2841 479 7299 9054 6754 3291 3204 7219 2382 6495 6727 4635 2500 4588 2503 2523 4364 3511 4940 7522 7211 123 6696 2451 1812 2848 2897 7510
3102 6138 8198 3034 4977 6810 1108 426 717 4366 6772 8021 3323 170 8074 3570 2097 6883 6421 765 749 32 7171 8006 408 8942 5300 7946 2656 5540 6823 7864 7177 7186 7386 4174 3635 2927 8701 1956 2980 5683 6028 2768 1298 9101 1740 7764 9473 4391 526 4187 3197 1672 6676 5115 1429 4923 1022 5237 3660 0 6448 5877 281 1641 8111 800 38 6862 4327 8841 2677 7152 9768 616 1281 1079 3046 776 4038 1985 5931 3054 2258 569 3712 7246 9099 7211 4184 6567 8681 2986 1083 5902 3842 5451 8703 4599
4405 7949 6180 7021 6975 7426 9281 6458 7427 699 5910 6731 8984 97 8672 8061 3244 3998 5203 3192 4363 7748 6181 3963 292 3365 8146 6768 4354 9401 5715 6755 5374 943 8442 8622 2754 8736 1028 6596 3067 8910 670 2036 4615 5207 6302 4429 3867 762 8793 757 4829 166 7490 5886 541 3735 7466 7259 6444 6448 0 8053 6282 6354 9333 6989 6691 889 7924 3350 4313 6711 2185 5164 9724 3615 7386 8901 2596 5785 4031 8293 6153 7076 7224 8814 1222 1305 994 2237 5656 4088 5619 8647 6453 4968 3462 884
551 8845 7919 8282 2397 2095 5328 6401 8464 3864 3008 4525 3126 8641 1869 3796 9236 4295 9383 6070 9303 4380 3522 9718 6869 5255 4407 3024 4352 9852 1496 2372 1130 9140 3571 4238 205 9877 6006 3369 4175 9921 7278 158 3821 9850 3896 2088 7108 2072 6855 7619 698 7301 5468 1252 2152 7932 6320 6994 1495 5877 8053 0 2490 643 6723 2259 1323 9584 8501 3614 3481 1445 7266 6406 4763 4856 2004 933 3560 8757 9184 797 6320 4597 7160 6732 9506 5233 1685 701 3244 6700 7450 7335 3215 4564 9920 2492
6670 6420 8496 1020 3836 9590 241 2157 8260 6078 181 7815 733 9728 1185 7219 604 6543 3373 8428 9852 6946 3355 9800 8890 4308 3136 7181 8071 5180 6543 1013 4899 1901 7102 3946 6731 3193 39 7196 1256 4025 9467 7372 8123 8274 3630 2058 5733 8753 7167 9343 616 1019 6229 8894 827 4019 5237 2141 7294 281 6282 2490 0 9548 6224 2214 7715 7555 3853 8804 2821 2073 7500 3808 2466 1503 9168 9039 9978 3313 4047 8545 7818 2171 8496 1689 5295 3974 5153 5710 3796 8378 7816 9973 6183 4510 892 5546
5600 7702 6067 1 3740 4408 6386 9784 6613 1264 8150 9887 6114 2454 8581 9661 9807 2888 1926 7120 1795 8053 35 9066 5469 2223 2167 4550 6329 6932 7188 4193 6186 2815 5551 7556 4845 3509 698 2602 6542 6619 7019 4554 2791 5637 1769 3621 5463 5280 5129 6684 6152 3971 9986 2891 9631 2070 6564 2744 4997 1641 6354 643 9548 0 9290 7994 388 9381 4781 7949 7323 8159 8442 4823 7258 176 4622 1534 7251 6052 5313 8904 5315 4944 7987 5429 1509 6277 8285 4277 676 6714 5375 2453 8376 683 8444 8713
9661 3873 279 4942 1887 4743 1899 217 1690 6295 6461 5168 2454 109 2903 7708 6507 5768 7465 5050 5996 3155 2747 3214 9745 5919 8582 8996 9672 6590 3904 2005 4672 6710 5251 1222 7760 55 6048 9532 7330 6159 1502 4201 3303 5358 8763 6040 7077 4132 527 7625 93 3768 5665 4739 7158 806 1310 8640 8808 8111 9333 6723 6224 9290 0 5757 663 6360 6844 6299 3224 2200 2390 8441 2645 168 2148 7670 2329 802 2392 6875 8866 9375 1150 1851 8595 6422 6479 3434 2375 2208 8778 3348 9184 374 6144 9642
2027 9315 2305 5432 3279 2613 5248 7467 4551 6818 4338 5605 1696 3581 1069 9677 9015 8606 4416 7889 3942 8175 527 5954 2379 3360 624 8591 8682 9538 1156 4239 6306 5141 5397 5613 9924 1928 3279 2563 4208 7656 3986 8542 9575 1305 7025 6103 5489 3928 6707 7145 8914 8289 3950 1939 2065 5516 7302 6932 7677 800 6989 2259 2214 7994 5757 0 6866 4072 7079 6303 6760 3409 7013 6829 3621 5038 5647 8655 4050 6819 9093 9925 6715 9826 8013 2086 9413 2245 5378 2900 2219 3026 9867 4108 2888 7257 8090 556
8943 5062 9944 3172 6743 7649 2007 660 3766 6979 241 3006 7597 6013 6396 1598 2597 2499 9923 1169 6317 6067 8064 7075 517 6303 2579 1383 6410 4388 2506 4653 5491 9421 9015 5934 6806 8272 20 3745 1300 953 3595 8944 8413 5698 1915 581 296 1984 3279 2089 335 7923 9 1028 7638 7294 386 7427 2656 38 6691 1323 7715 388 663 6866 0 5434 8417 3575 7471 9146 8136 747 1990 1060 940 1513 9364 4900 3198 3214 4731 9020 9792 9309 6757 8855 9399 6273 434 6077 1619 5163 41 8700 3472 327
5993 6609 2936 1760 8812 3539 3708 3803 2856 1257 4562 7730 5122 5462 4064 8388 8792 4118 7513 4475 3740 6264 3287 6651 1124 268 9743 6306 1994 1302 3241 1555 8649 1666 1515 574 4284 9898 4618 8845 9998 4147 8501 1891 4010 3824 2201 1978 7883 1208 3848 5459 6340 9814 5358 8464 5042 7435 6679 1648 1685 6862 889 9584 7555 9381 6360 4072 5434 0 3106 7347 8968 4853 3134 863 3234 247 8982 1095 8925 5474 109 7315 1936 2277 3313 8771 4245 7275 6818 6153 5672 6809 8567 4778 7936 4269 7670 7724
64 7244 1776 4538 3732 8505 3702 8977 5637 4662 8316 471 9182 5566 2215 3357 5329 9815 3931 6105 8443 9464 2305 5161 1796 5636 6349 9939 8961 5732 7544 7493 6133 8268 7433 7355 7081 6381 7717 7945 7693 4449 5384 3188 153 3493 2543 2612 8877 373 7269 4717 7219 6212 3796 6787 3368 1185 6428 5002 1017 4327 7924 8501 3853 4781 6844 7079 8417 3106 0 6915 9792 2486 2687 9533 1246 83 5392 4868 3158 2144 9311 7472 5216 1453 1689 7910 5388 6687 2452 9580 4798 71 2568 4705 7112 9548 5312 5396
4474 3891 2851 6195 2750 565 3732 7512 9769 9637 2222 9720 372 1184 7764 3433 643 5171 1554 1366 9001 2458 1462 900 9364 405 7201 3370 733 5355 7187 4841 1404 1238 2183 799 4489 9887 2648 6692 7076 6451 6377 8762 8142 2263 4500 4502 6471 9967 9589 9685 6076 5839 1858 9767 9821 4068 2438 3975 4487 8841 3350 3614 8804 7949 6299 6303 3575 7347 6915 0 2761 330 7705 3960 2151 3683 3934 3575 2665 9070 5442 2389 7897 4517 15 340 9 1072 1955 5220 3412 4867 2953 1860 8461 4129 1136 753
4986 2866 9779 735 6202 1382 2060 1139 6655 4343 8136 6969 8714 2263 2760 878 5129 9540 1889 6996 8173 2199 3782 9213 490 3622 3709 4229 6131 3536 7379 7580 7723 1484 6602 1374 5200 519 592 4503 2973 888 3425 9690 7104 8578 1581 6676 2138 1957 9502 8057 1196 554 657 3866 4155 288 9113 3655 2841 2677 4313 3481 2821 7323 3224 6760 7471 8968 9792 2761 0 8392 7173 2177 7457 3890 5482 8410 4170 2912 2954 3550 2581 1392 260 8514 4596 7120 3126 7958 6220 5490 5999 6558 3690 2412 7622 9951
9135 6183 8651 2410 3556 2076 9426 1338 5063 1384 82 6723 1069 653 9876 516 6846 9564 9048 3839 5285 4839 9746 8102 6253 8412 9406 9605 2846 3608 8584 8787 2552 1489 3907 3653 9098 8235 6362 9903 3644 929 9344 6607 4744 5831 3250 519 3252 6895 9789 8104 685 5656 993 6556 830 5408 3028 4977 479 7152 6711 1445 2073 8159 2200 3409 9146 4853 2486 330 8392 0 5467 9068 4049 8945 4936 400 6404 8166 7720 8339 6360 1697 1843 9266 6026 4379 5317 7480 9637 6654 5021 9604 376 8583 8402 2624
2196 6227 8267 8261 1717 2835 8638 7201 1470 883 5188 3204 2193 294 6920 8662 1545 1073 6541 175 2388 3455 2879 9375 3962 1530 9633 7946 841 7301 8923 3777 3870 2603 8359 5084 1491 4536 3531 474 5066 6144 7058 4540 2003 266 451 9428 2568 696 7215 5832 5335 5558 115 4427 9487 1655 8580 1143 7299 9768 2185 7266 7500 8442 2390 7013 8136 3134 2687 7705 7173 5467 0 2137 2357 3313 2701 7670 2322 3580 15 4435 7571 6845 4022 8991 1937 3293 2090 2949 7254 37 2560 5843 5013 5604 898 3060
3412 2705 7108 436 6479 9715 6373 6744 8064 6820 5446 6974 7429 2506 8432 6780 9470 8107 7023 3419 5195 8957 5468 3775 7176 5765 5346 3105 3094 2529 6272 90 7792 9816 2133 374 9132 3151 7073 1509 7628 6924 2180 1273 4472 8794 2780 1473 946 5181 345 8735 1747 6289 3702 7715 4037 1571 4668 7290 9054 616 5164 6406 3808 4823 8441 6829 747 863 9533 3960 2177 9068 2137 0 3554 4707 4660 8188 2558 2916 9498 4742 2113 278 3128 1473 1746 7333 3549 1983 4237 9301 682 1250 5779 2990 5659 4715
5699 3419 5881 3979 2269 2403 6775 1581 2220 4007 3722 2753 2637 5170 9013 5557 3514 9921 4695 3773 5341 5654 7108 9695 3650 3177 8692 2508 2680 9830 4668 2486 1999 6589 7438 9802 4580 5153 4301 3501 2177 2263 515 2965 2573 2070 7942 1869 9884 7681 3208 6182 7432 5450 7865 2690 4778 1679 5725 3034 6754 1281 9724 4763 2466 7258 2645 3621 1990 3234 1246 2151 7457 4049 2357 3554 0 3661 5961 3225 6792 5949 3214 8819 6802 6033 3417 5524 7882 6094 5015 3370 7497 2148 2912 5529 219 865 6263 4750
365 1454 8585 8585 992 5486 4815 5162 919 6252 5340 3642 7485 2689 6789 9984 8847 294 9128 4883 8777 6148 3571 5372 4593 9377 5659 8428 6701 2098 7149 2622 3265 8253 3849 9302 7602 194 3303 1586 5848 1033 8712 7782 8454 1074 6870 4992 6611 5443 7335 9116 1345 6763 9615 400 6229 35 1765 9917 3291 1079 3615 4856 1503 176 168 5038 1060 247 83 3683 3890 8945 3313 4707 3661 0 2360 9699 8085 7209 4885 8598 5918 3883 5123 7988 87 3379 5672 8902 9721 3959 5970 3580 7423 8852 9441 6583
8845 8211 8418 3835 3302 1922 9267 3790 1934 1165 3828 6138 4210 3527 8998 6566 3425 4016 7893 8342 4582 7925 9706 6659 8361 9388 6073 3609 7017 215 6300 1212 295 4896 7503 1092 9263 2579 207 2579 3033 333 5738 3696 6599 1151 7241 3836 2022 5437 676 6785 6044 2520 4885 7747 5780 1748 2037 4286 3204 3046 7386 2004 9168 4622 2148 5647 940 8982 5392 3934 5482 4936 2701 4660 5961 2360 0 8796 5649 4175 8774 6446 3225 2810 8272 9151 1901 5524 653 7449 1974 892 7549 2680 1428 75 7567 3499
4973 9449 9684 862 9881 6692 8961 3873 6044 4676 9680 1664 176 7715 5981 8593 6685 5880 9188 4937 183 9235 1182 8475 9332 5081 9395 7948 2734 393 9990 5872 7995 2404 6961 8471 2854 8918 56 6538 1353 2246 8022 7222 2836 1110 3215 232 3046 9326 7274 2805 8772 1524 9010 1625 8281 9510 1261 649 7219 776 8901 933 9039 1534 7670 8655 1513 1095 4868 3575 8410 400 7670 8188 3225 9699 8796 0 1099 4075 7549 6366 5750 5194 2896 5015 1754 3213 9566 4379 4592 4504 8363 6906 9558 7851 5254 8914
3133 2449 3837 1811 4801 8464 8142 7227 9349 4365 2484 1783 1430 1521 174 1648 2276 587 1770 5669 6952 3928 5340 7351 5558 9847 7499 9078 3469 9044 9852 7496 7412 8592 5093 6151 7046 2721 6465 3610 3371 3327 2686 2132 7386 7448 6549 4431 3103 364 1833 4897 7172 6288 5994 4717 5175 2407 8210 2253 2382 4038 2596 3560 9978 7251 2329 4050 9364 8925 3158 2665 4170 6404 2322 2558 6792 8085 5649 1099 0 7090 6372 1377 1497 8472 5119 5116 5840 5474 5135 3261 3292 662 5113 2670 3216 1440 8940 9367
2493 3003 7039 8141 341 4606 3729 8049 599 6914 9659 4671 4048 1844 8868 240 4464 6920 8864 6899 1925 7699 8253 5439 1986 1342 6864 8451 1630 772 9845 1000 1993 5827 924 4066 7818 4777 2724 617 3445 2993 7813 9247 3235 4075 8704 3574 9437 1268 8536 4237 901 2670 4628 7889 6339 9560 7072 6613 6495 1985 5785 8757 3313 6052 802 6819 4900 5474 2144 9070 2912 8166 3580 2916 5949 7209 4175 4075 7090 0 6875 9321 8182 5896 5004 3802 7371 5154 9854 6453 9678 1628 6501 9524 4648 7956 7905 518
