300
0 5640 5641 8458 9994 5482 5263 2188 3650 6501 2177 5351 5410 6298 9856 9745 4154 5561 2121 7128 9286 4287 2836 5566 647 3810 5712 7330 2440 4429 1762 2640 6224 3103 9727 7248 9419 5230 123 1981 2648 5540 3423 9685 340 1297 72 6168 4224 5279 4509 9104 5628 1122 891 2187 4162 3943 8966 4237 5121 2663 5053 5160 1158 8445 6410 5377 9675 7897 5886 4043 327 6280 9158 9273 3506 1460 8180 4550 3067 8362 8699 824 8899 4114 8042 4973 7784 4937 9296 219 236 9083 9112 7351 9841 5252 8727 1154 1406 7576 3970 3427 3347 9376 2544 717 4311 5550 242 8907 1640 3388 309 3906 2515 5278 972 8677 4692 6647 3756 2458 3186 1931 2068 8636 3219 3002 9244 2673 5120 2205 4586 4058 1971 9343 2026 3007 311 9610 7603 4806 400 9444 56 205 1399 5807 3549 868 3843 3842 2383 4010 625 2791 4668 5657 5297 760 4072 5734 8197 2047 9361 425 7333 698 1730 9945 6658 7861 2932 8411 6465 5685 4912 1770 7851 7757 6856 7108 1520 1344 922 2958 726 9285 1330 7405 7088 9699 6764 1209 5828 869 2026 9263 1324 4447 5732 8358 3878 3532 3158 8397 5567 4392 4037 4529 2213 9932 5968 1622 4883 5210 6901 8731 386 1642 7432 7769 1343 3731 6885 6622 6104 1396 1316 8461 969 2412 9237 2129 5879 4281 2485 6892 3426 8812 7493 5220 889 6419 7781 4413 589 952 3241 7514 1208 993 424 2817 5776 9 1671 411 4213 8483 5660 2207 6083 2662 8883 9183 1458 3204 5832 7051 2685 5750 1687 8102 1426 3922 4206 8911 5986 4538 6254 354 2997 9932 2422 7722 5636 1389 9055 4920 4378 2690 7386 9281 3778 1559 3067 3692
5640 0 9693 3902 7085 2708 9835 2517 3035 8779 1630 8679 502 4840 4536 1390 4290 386 2761 7738 3755 5952 9138 1784 8116 7339 4297 741 1080 3771 4705 8395 5698 9806 7156 1968 4883 8711 173 4758 7956 4061 6806 1223 920 2660 85 4772 2845 1312 3304 8556 8720 5125 2683 1886 2443 5961 2269 3279 3182 7754 2357 7391 1114 357 1072 5437 1580 7472 2884 3575 4595 5884 7891 4794 7987 4512 5276 6597 5887 9531 99 7473 3132 3310 9648 5208 8855 7204 7286 5353 9426 5234 2683 3384 6912 190 4617 6263 2420 6602 4358 925 6165 37 9368 8521 2422 2334 2465 2428 9024 2988 1384 2494 6260 8619 8082 6481 8791 1407 4794 3391 1382 4690 6030 7419 5837 9742 2927 8662 4296 5290 9095 16 2979 7852 7819 2557 9085 9008 2477 2 3681 4422 1835 3181 1048 2087 5911 6526 6882 6504 3767 6902 3187 9788 5453 7794 3472 1992 724 4255 1577 6390 3527 9094 6616 1157 1383 9575 6469 4368 6929 6521 2606 7727 6000 671 9592 2742 4401 9639 8777 8578 7916 7223 2033 5766 9226 2103 5245 1736 5865 9278 3408 2237 4841 5980 3965 4218 2784 196 2338 5853 9530 3322 7910 8748 7759 2953 6462 1485 3154 2078 8824 3850 5836 3099 9028 4346 6603 5355 3277 3497 6569 4405 4847 2104 4485 387 178 6693 1799 1036 7165 5176 2365 5889 513 1095 3169 1789 6986 8625 5740 158 6914 3871 5252 6127 6913 6884 5862 299 7544 5412 7444 9279 4245 4962 8238 8061 1492 565 756 2040 2993 2404 8077 4545 3127 5704 4856 8583 1831 8557 7176 9237 9997 9090 7865 3326 2805 3162 8879 249 1221 6743 8239 3043 9705 7961 5824 9273 7651 9829 490 3999
5641 9693 0 1271 473 6546 3552 4664 3946 4458 8396 8588 8255 3506 7691 2357 4132 4459 535 9078 6561 2501 7830 4716 8856 6457 5506 2411 8731 6421 1458 6405 3124 1187 3547 9228 2492 5689 1173 2119 4965 7299 9878 7909 6317 9766 5428 1707 2039 1315 2038 8852 9025 7152 2886 4148 9192 6893 2823 2700 4231 2140 6934 3274 2898 8998 2443 1980 839 9425 8316 224 7697 7050 3861 8495 8856 1006 9061 8631 603 638 8529 9740 8728 8243 2801 2839 7555 3347 3891 3550 7169 7521 157 6817 4392 8097 6413 991 1997 9790 2480 1740 3383 608 1600 8592 5623 8927 217 937 9602 2916 1840 786 8699 3860 9636 1952 7712 323 1676 1635 8108 1846 2392 7525 1056 1731 5440 4280 2406 3416 4263 7731 7772 7251 4293 3566 7330 670 8805 5961 5990 2029 5055 5707 6327 4693 5619 1376 1748 9581 6920 7144 635 2267 2381 4563 7345 1114 6893 5073 6236 6850 1585 6508 2292 8738 1505 5594 3403 9858 8296 724 819 8136 6666 1186 2759 5488 2461 1037 9929 4102 9369 9500 3638 4610 4582 7790 1986 6876 6650 321 3215 8621 9783 6361 3682 535 7556 9042 8854 1785 5988 1897 8341 17 4511 9878 9227 1345 622 4800 6704 5585 9336 3669 2258 8551 8639 7453 7909 9755 5901 5403 7811 933 4182 4481 4410 8534 4806 6185 9693 1769 9208 8318 6930 2377 8562 6356 9500 291 5114 9492 960 4740 8158 5803 2392 7289 3278 5628 4745 4562 4865 2021 8315 8937 1214 7876 3416 1549 9159 236 5903 442 5426 3256 4520 3756 2535 1434 6323 1037 4975 6215 2240 5242 4577 2583 7181 7738 2215 9026 9411 7228 8210 9285 1018 8977 3860 7994 1188 3516 1488 8521
8458 3902 1271 0 4140 8250 2825 4115 3283 1006 831 7094 5456 8330 6108 6493 41 5426 3182 6930 5138 8802 50 9713 3341 293 9039 5022 2537 2243 7113 7027 3991 9146 5424 168 4944 7097 8782 995 9358 290 4502 7323 552 3288 8701 3199 9485 2714 6031 6179 8430 9323 6338 8768 936 521 7131 9127 7037 577 2886 4461 1747 4974 3414 5093 4015 5080 6066 2915 4870 2927 1050 9601 605 8101 501 1403 207 6929 2623 7565 3445 9642 5541 484 2831 2164 1974 5352 8947 7793 4611 2496 6707 5973 9591 3999 6689 7205 8623 277 9865 681 3618 6736 9000 6837 548 2361 7591 8544 2169 8529 9985 1854 7145 6448 274 214 8332 4929 2574 6508 5280 1571 3322 4011 6400 3340 2574 172 7135 1975 8143 366 6641 2541 9863 3412 3869 7290 5371 2993 9936 6599 1195 9316 3869 9638 7931 5508 3173 622 1350 974 5352 96 7512 6467 2510 1029 7470 2074 480 5538 7610 9540 9115 4607 5171 2099 9901 9380 441 7706 4354 6235 9019 9519 1698 5224 6698 9532 8253 1287 4819 3643 3366 4430 5868 7102 736 1700 4144 3145 4748 263 1792 2105 7671 1429 4668 9379 8039 6818 9009 7264 6355 9360 436 1125 6686 1127 7965 8103 7273 3405 2413 3033 8828 3842 203 7668 32 9032 8140 6231 2774 9258 5614 2727 8054 8840 6929 5731 1540 4052 4186 7003 1585 9581 2557 1233 3637 8899 7945 6999 4319 8970 4603 3452 3748 8993 6369 1167 2666 4556 6506 4772 3918 6642 5037 6437 6026 1188 5905 7240 3719 3815 9690 2168 9379 5474 8193 3700 2328 3875 6923 6459 4410 2307 552 1819 9615 6383 2940 4201 7870 3714 818 445 9098 1784 3505 9562 6581 9938
9994 7085 473 4140 0 9136 8588 3572 3430 9998 2738 1661 1606 9097 8503 90 4096 4333 89 5275 6908 1217 6561 930 5163 5552 9505 7047 4436 9751 3438 7891 9413 5764 7522 5789 6334 605 945 5343 9463 3663 6719 1952 1339 2213 165 7265 5016 3948 3007 6244 7029 9734 2528 7403 2724 6619 1777 1331 8572 4357 2735 4375 5651 1836 8010 7930 1885 3424 8382 660 4328 1915 4845 2081 2835 7298 232 9677 9953 5528 2573 368 7223 2217 9223 6860 9315 5120 685 1730 5075 9731 5880 8366 5240 9813 643 5581 8607 7567 7991 9852 1724 973 1931 1885 7856 2404 9052 3188 4160 3794 4423 2213 6734 5773 9284 8368 9945 3325 965 5822 6122 4963 8322 5472 8262 9369 7994 1481 6183 5508 9729 493 8573 4860 197 1848 3914 3496 8374 7613 6260 5845 5292 7696 8945 5217 4013 4998 8038 6603 5011 58 1495 9704 2623 7535 4631 7101 7128 6461 5018 9894 6791 9375 445 1014 1005 9611 1654 386 4680 3515 1784 826 632 2498 2488 7920 8563 5733 8630 2752 6631 6746 507 6693 4781 4307 7549 2917 6168 2763 3219 2179 6566 3490 4982 6512 6915 9188 8515 6212 4600 49 447 8374 3479 974 8561 8988 1817 3485 5985 131 1240 9687 9045 122 4835 3050 3675 956 3699 7117 8794 6182 9366 2916 863 5583 8597 8751 7062 808 831 1003 6478 3425 7784 3494 2956 6855 9784 3573 8045 7558 2633 6848 5777 605 7167 3773 9532 5413 2090 4391 4973 2665 4035 11 6332 7249 7861 7721 3845 9081 5971 7096 6341 7972 4480 7661 3619 624 3735 4780 9074 2236 3595 5506 7218 2742 5427 4370 1385 2873 5688 3042 9510 3358 3021 1800 307 925 8145 4388
5482 2708 6546 8250 9136 0 6422 5114 4556 7085 8557 366 852 788 1973 7199 8480 135 4958 3336 7017 3296 9187 1629 5172 9600 8254 8940 9444 1907 1548 9772 8397 687 8382 2088 5122 9645 8232 818 3967 8078 1983 1268 5399 5458 5492 5858 7988 2247 3138 8852 9289 2506 5908 7153 5812 6992 7305 9188 9472 4396 8240 2509 398 6737 6306 6433 3515 4257 3896 787 925 5096 244 5942 2353 6211 265 607 4757 8323 2375 2534 2463 689 2631 9731 4330 9314 1818 7426 7257 9788 670 8376 2979 3055 8581 4056 7179 330 6331 6650 1153 3580 7722 9258 4760 6895 468 6527 6567 6951 4825 187 2609 334 3887 6153 9152 9853 9235 5395 2441 706 8429 9426 1128 6224 3710 630 9654 1954 3635 1227 8228 9101 7940 5783 1791 2517 2739 8930 4996 6538 41 185 6108 2811 6005 1113 1427 2255 816 3068 5725 7217 1584 28 8734 246 6907 4687 8122 3569 9742 236 7189 8227 2316 8167 3596 5036 1635 484 3899 5954 8769 5603 4173 5363 1224 3518 7021 6685 169 8030 6542 4375 2359 6105 5282 3795 5566 9910 3937 1559 4986 3212 4518 6797 8663 963 8325 9692 404 7698 8457 8503 9358 1822 1792 3542 7066 642 8606 4666 9948 9806 3081 3810 4782 6371 2862 3532 1149 8762 2964 3047 6054 4678 2016 1708 9625 4295 8009 2398 802 3269 6016 9002 1451 9476 8349 1324 9865 1298 4813 436 8630 9099 8392 5093 3544 9756 1626 8331 8921 2980 5041 6098 7738 933 23 8401 3460 5679 3310 5224 4361 7893 3495 8275 5484 6123 7049 908 1871 2950 4301 7809 9407 3508 7315 3528 9414 6968 6493 6657 8613 949 8758 4351 1094 3361 9631 5182 4604 8323
5263 9835 3552 2825 8588 6422 0 8087 5700 6813 9986 6127 7641 6345 8465 5484 8926 445 3651 5128 2557 9024 7096 8637 2209 8298 1337 9337 3694 9843 942 2951 5724 72 3726 5762 3239 4035 9830 27 8162 3703 6037 6543 898 6977 919 2115 537 430 543 1275 2703 87 9464 258 2122 6645 5657 8235 2971 1261 7588 3923 6678 2081 7911 4285 3283 4771 547 2454 3071 9537 9589 6809 9292 6816 4796 3988 1643 5796 9448 4956 9677 7481 215 2727 9917 4418 308 2152 93 8053 1262 7681 5259 5055 6934 1448 2117 398 4739 881 1588 9393 3115 1251 9036 3438 335 5874 686 5359 3166 1954 8360 6418 8022 5358 3917 2009 7462 8723 3990 8077 369 1854 7620 7139 1013 8901 4868 7977 6291 2629 1315 142 4814 1886 6385 8927 2310 6103 1540 1086 3176 402 2838 1621 9406 625 830 7799 7839 4010 8934 2036 2888 894 2535 7193 646 9937 7976 2715 6705 8673 6330 9709 4128 9731 6518 7061 7072 977 5933 7572 6702 1443 1920 8725 9593 8030 9811 8198 4572 3928 7405 5127 2751 8975 1417 2203 4351 1899 9025 5941 9229 7226 8817 8560 5763 5556 3187 6053 9512 5152 2449 16 8081 6636 5588 7272 5328 5508 9826 3539 9128 9810 9940 3580 3903 1365 9276 1173 1360 8696 6888 502 7858 3377 2933 2083 3811 6738 5976 3604 951 8041 3049 6127 6953 1545 6530 8875 3592 4961 8373 7587 1433 529 9760 3758 3535 4572 2686 5365 7266 8366 4489 8729 4911 915 1880 9265 4378 2333 3317 2170 5238 7720 971 9087 9691 6878 3305 662 6829 8138 7458 713 9900 4128 9399 9989 3001 1912 6363 1734 7426 5721 6246 9719 5325 6125 9889 2388 4576 2072
2188 2517 4664 4115 3572 5114 8087 0 850 8197 777 5586 5198 1090 7184 8157 7401 1657 8893 3022 7747 4255 1322 9831 9430 5245 5229 7276 5657 3762 936 3438 8393 4929 586 1250 300 5286 9930 695 8301 1729 2202 9635 3609 7001 6469 1956 2299 6855 5242 1040 3010 8397 8697 733 9453 9328 3654 4506 9942 9919 1460 6428 9812 1370 6131 501 3549 7506 3627 916 4514 4481 8809 1350 9664 3561 1305 9672 1275 7183 92 6161 7341 4257 3570 6039 5224 74 936 3491 398 950 1457 4414 4111 2479 4480 9030 3410 9969 1706 1351 872 3178 5238 5193 3386 3683 4780 2675 6055 9582 2761 6744 827 938 8253 1443 4891 7846 3067 8878 5563 8329 5796 9177 1764 1447 8321 6499 950 233 2655 3083 2880 1950 8214 5028 8296 7976 8724 2832 4358 7806 2926 997 7083 1509 7700 7104 2370 8207 6786 5951 1854 6839 2765 2672 6094 2403 410 1930 4611 8811 4095 7668 9974 3858 5267 5012 2391 5893 3648 7263 3087 3743 3976 3697 5271 331 1640 5784 7450 6078 5941 8018 7964 4336 3771 4890 7587 3212 1248 6147 2910 7680 3738 479 645 8671 791 2662 1460 7207 7274 7004 5039 7142 5785 3919 2519 9231 2846 9680 3148 996 5852 1765 2692 6563 4581 883 4295 6193 1917 4667 3298 9256 808 8250 6510 9798 65 1656 3515 7251 238 6027 8145 2455 8531 1960 6609 639 5218 2770 4880 6668 6753 3564 7643 3482 3063 4649 7833 7736 650 6994 9565 5388 7359 4078 8398 2399 4124 6531 6362 3255 7085 2778 2119 3859 8951 381 9900 6259 5917 5142 5253 4357 3101 1554 2990 6145 3109 9529 1010 7961 9659 615 8346 75 548 108 7085 9223 6651 8503
3650 3035 3946 3283 3430 4556 5700 850 0 8152 2975 9125 7033 8235 9663 4610 14 3404 527 8222 4505 6090 1529 189 644 5511 994 5616 6177 956 769 8812 6611 7338 7547 4598 6237 4170 5465 442 7882 8353 3371 3632 4005 7021 2520 7794 9934 9768 6849 8327 7414 7872 3295 1005 1862 5718 2313 6232 1211 5439 8927 2979 2961 4507 3401 7687 5353 4389 7284 9776 5840 9351 3142 232 6733 4584 5802 7428 1030 447 8397 7918 6029 2218 6815 3213 2602 6216 8450 8086 5656 2855 4010 4630 5038 9234 8913 5522 366 8558 3210 1643 6583 7471 487 460 8937 7954 7690 6371 3099 4844 5586 6344 1627 1876 2840 3753 3493 5043 8760 4282 2587 8946 7039 4091 8471 3994 6218 9603 7386 5547 338 117 987 3781 8329 8209 8277 2869 8422 4340 2772 2348 6592 7337 5840 8292 7188 8702 3040 5161 4970 2947 6959 9656 3236 699 3458 5800 2792 9460 9032 121 2654 7089 932 4066 1110 1047 5228 3601 7965 8919 4944 9708 8088 1413 7841 5365 4641 7339 5369 2874 3004 2070 7954 8490 5816 9916 7622 3540 6257 5488 8051 8084 6564 3121 6152 7181 8663 7112 5212 8978 4213 7386 35 4575 2349 2103 4510 3749 3830 2117 2579 2209 9705 4557 9745 7264 8480 1395 2318 7773 6839 2718 547 7534 9780 9980 903 4836 7385 7500 7888 7053 2969 3079 8549 8095 3708 9991 1267 1490 1710 2535 8117 1783 4260 4822 328 7550 5791 7459 9874 3522 6222 8600 7740 5500 8825 9343 9597 6139 1403 8171 9721 6933 8319 3876 4009 9207 6824 19 5892 6346 505 523 7065 1382 6024 4118 4716 2759 3575 3859 1718 7724 7180 1426 3493 133 1274 6500 3766 8935 3607 2045
6501 8779 4458 1006 9998 7085 6813 8197 8152 0 4916 9659 5146 4586 2461 2461 1780 7029 2784 9269 3422 125 7479 3905 7907 7900 2623 6303 9892 9457 6691 416 6800 6521 284 9082 6451 9416 7937 7032 1383 5922 462 3238 7350 8325 799 7006 4283 7135 1476 9928 5466 4540 8305 7025 8367 2564 6611 7958 1264 9623 9365 2119 5055 5924 311 2868 5411 2277 2620 1080 7459 256 7336 2976 3094 6015 5660 3908 6447 8953 4562 3453 3796 6652 3697 1658 2467 2718 1692 9842 1260 9009 7622 1061 8878 6364 8593 5328 6008 4050 9514 8868 379 9416 5136 5022 5030 2056 9240 8006 7927 5195 8488 5587 6862 5227 4122 1110 2246 1630 6792 4527 8940 4009 2554 8488 3839 4543 4144 8426 4380 3934 9365 8524 8143 3310 1603 4952 5159 6689 7416 6559 1875 6783 4812 8465 4887 4375 6849 5530 875 5171 2033 2284 6460 4676 9372 183 5341 3343 8359 8122 3419 9916 5244 3077 3184 6139 2079 4129 3139 1621 1798 9916 7172 9653 1265 563 8536 2244 7256 1809 5627 4993 8096 5634 1895 4631 3871 2612 5983 3459 933 7465 3684 8951 7707 1057 5910 5494 4820 2790 9918 5908 2121 5729 6095 7308 9930 4290 189 3118 6262 6707 9529 3654 6462 6736 3050 2483 8620 246 3778 4929 5841 7797 3743 9625 2918 4131 1119 9026 2449 5606 5161 4744 2813 6459 7789 5934 2541 9422 8028 89 1493 5027 3968 7442 1777 9887 8132 6153 6944 2675 2958 9552 4986 7997 197 880 4667 9401 3781 2676 9453 1778 9824 4180 7011 1368 35 5824 1424 3079 5961 3535 7615 7518 9622 8748 2442 5460 3486 7291 2315 5507 7505 9265 2946 6403 46 2928 6386 5502 7065 5724 9654 8771
2177 1630 8396 831 2738 8557 9986 777 2975 4916 0 5134 3851 9939 3966 7100 7448 7474 7957 6413 1668 4692 8655 6005 5340 385 273 6273 7532 9886 9400 9120 4807 66 9740 6292 3082 7854 9968 7516 1135 1467 7241 7101 5189 7550 3791 3150 2310 3091 188 5710 1833 7132 8594 1937 5547 2340 850 5314 8703 6309 2947 5134 8454 8726 7562 2047 4470 2009 8041 7038 4589 8119 4250 3307 3379 7417 7549 8881 2830 3537 924 298 8823 7454 4985 2685 2754 5439 2205 2330 8283 3146 5359 2659 1364 9484 1211 1332 5171 1333 4963 3353 8113 1760 337 7743 8158 4877 6459 7035 9916 9546 3394 4161 4344 5575 9546 3951 7187 5824 6514 8468 2421 561 4266 9563 583 7216 4350 4065 3216 2794 6395 4354 4380 4114 7861 6897 5072 3785 4016 1152 2743 6101 4092 2529 8130 4435 613 5880 8773 9013 6665 1822 8254 3823 4686 3395 6655 7779 2788 1295 3349 657 880 4659 7006 8649 8083 8288 3962 6602 9636 1838 8922 7686 4949 4278 8447 6886 6007 7763 5883 8579 7004 4694 5942 8404 9403 3228 5742 4235 1248 8396 2613 7079 1930 6022 301 2546 9737 8239 234 4709 5911 483 3828 1953 47 8100 9070 3856 4943 4732 8597 3312 9612 9616 3202 2252 8541 3824 7149 2842 2566 1265 994 8089 6158 3216 276 2747 3789 7627 3375 796 9617 1801 4243 2048 7413 4867 3026 7885 4319 194 329 7851 7033 9253 1023 9883 1037 6385 7267 7412 4796 2633 5117 3270 2171 9480 5735 9112 1733 2311 8352 8986 1078 2812 9210 227 9457 861 823 9058 1629 3585 7411 9529 3950 1179 8058 8280 1454 7535 6593 9425 774 2836 191 9737 6837 3499 9185 3984 5541 9804
5351 8679 8588 7094 1661 366 6127 5586 9125 9659 5134 0 8952 879 8329 9039 620 1650 3434 1928 6101 1568 2455 1211 3722 6773 1746 4904 7602 6190 9861 375 7618 6606 442 6746 4949 1461 8729 1482 4593 6681 4105 2889 1962 8803 614 3041 5401 246 6221 6700 5461 5288 9929 7235 4997 9298 1005 8229 558 5055 6655 3888 5824 66 6977 4672 8838 9716 4365 9377 2670 8955 6900 4000 7250 9946 7212 3659 378 5735 5970 2968 9050 4493 1046 7083 2318 1969 474 8979 4192 1389 935 687 1944 58 5156 6145 2628 748 5577 1472 7651 9976 1030 7783 1917 6700 3413 4488 9223 3128 4611 3046 6254 421 8440 4114 5259 5495 1281 7603 9675 8729 7793 3595 4556 7529 5743 5107 4514 9553 9892 3795 3154 5192 8716 8392 5624 8960 8271 3688 9612 117 1015 7697 4163 3555 6152 4588 9074 5404 2577 6222 6283 882 6433 3713 1406 9378 8438 307 4875 6189 1114 8593 4583 9967 6279 7936 3267 9669 926 3953 9062 3623 9114 227 9060 778 8324 6252 4338 7074 9176 8434 2379 5919 9281 5969 4273 5105 2123 2287 5466 3089 3921 4738 4106 842 4226 1832 7933 3789 3029 3564 7537 7190 2311 4370 643 3303 6271 74 1301 724 6454 6576 2810 5816 8814 4599 5959 6765 6543 8983 9208 7381 4043 9059 3055 3018 2746 5372 4735 825 3162 1246 4720 4060 9814 1235 1837 6513 7774 3685 2175 4269 4158 1747 3341 4305 6728 4442 7310 979 6752 9600 9116 6216 2611 1167 3004 8029 6124 430 7530 6126 8511 9995 5140 2672 4552 8617 1119 4418 3062 6908 140 2264 4287 1026 1863 8247 1818 3300 6405 6583 5141 59 3671 4709 6144 8550 7917 6216 6446 2520
5410 502 8255 5456 1606 852 7641 5198 7033 5146 3851 8952 0 3007 5630 5484 3560 9040 4631 8017 6839 4040 2971 6193 5189 664 5669 4674 3618 6282 3978 5599 7692 2356 5661 7390 9567 442 6017 812 1501 7052 6092 1860 8282 5992 4686 2403 1368 1287 5289 1243 7544 7707 1864 8440 8910 2276 3789 3039 2558 2600 9292 4977 705 5258 5613 4141 8203 9327 5948 592 1841 4977 747 4062 8677 7319 1050 5386 4296 2331 9666 2355 5529 4502 4551 7089 3111 9086 7718 3824 6202 1577 5242 8940 4992 7015 1714 9560 3777 2936 2926 5317 1159 2879 8320 2050 4249 5278 8295 3960 606 4358 4194 3674 7193 9934 6599 301 8504 9311 3228 3806 1920 9571 8081 3252 323 6749 9148 2660 700 9646 4647 8367 7079 1708 7534 5811 1457 4186 1216 5772 2579 9819 708 588 8519 4875 5830 8308 5186 9657 9871 5433 6558 692 2905 5699 8317 6625 8908 9754 3451 7432 7925 7969 8685 1636 2217 9802 9642 3479 6250 6295 1141 3310 2093 400 5359 9415 136 7553 1649 5259 3272 9666 1350 6388 3819 5688 5134 3413 2128 9947 8894 2492 8342 445 1831 6889 2306 2528 6634 2725 1811 1384 3229 6221 3698 6184 2971 7134 7080 3339 184 1390 1435 235 2491 9411 8457 818 4820 9467 858 8955 6701 2637 2995 3244 1896 5628 1508 7382 9791 4922 9489 8823 9265 4428 6501 9736 91 1781 5864 375 8130 2910 5832 6009 9128 7573 3670 3409 1311 4594 9376 1713 6344 414 8936 5089 9786 8347 1440 3116 8831 5787 4257 4114 1503 898 8910 246 3759 5298 357 7638 6900 8780 4063 8019 7885 7580 2076 6325 6390 753 3853 7658 6397 4297 7594 4881 818 6280 6258 9349
6298 4840 3506 8330 9097 788 6345 1090 8235 4586 9939 879 3007 0 8161 2263 2314 4534 5390 9777 3808 6550 2762 9354 9871 2935 1335 1186 9211 2678 8182 4972 1091 6945 7422 188 1110 3409 8715 4074 8060 3233 3995 600 5356 3899 706 9510 253 7285 7004 6030 6602 1312 8096 5587 670 7379 50 9712 6757 5070 4549 3105 1952 1621 7729 7675 6174 5268 7815 9053 188 4198 2898 3416 9478 7881 3720 4091 1598 5500 814 1154 3367 4853 9387 1995 6780 2791 2030 7807 5008 7369 7756 9045 4430 9302 4761 6579 1987 8826 1653 8549 2267 4984 4503 3286 5844 2461 1132 1131 654 3550 9244 5704 3882 2118 8080 6681 9492 3323 6355 1572 7397 6597 8956 1771 9353 7521 2357 7457 9476 2394 488 9814 8038 4528 7801 7813 3561 6540 739 3606 3451 1315 6331 9779 8587 5186 5787 7422 7584 7746 9079 2823 3212 9770 2189 7515 7376 1739 4243 4688 4990 4008 5957 6316 9446 522 8320 8673 7696 8261 74 6760 7513 8772 6200 1224 7946 3000 3578 862 5665 8594 338 2559 7387 1968 337 5033 2534 1747 1346 1386 9365 421 7850 4600 7694 8406 8845 5163 9650 2983 2029 6941 7388 2456 8606 628 7493 3754 9738 8045 5627 2445 1184 2433 3202 8787 5841 9049 7506 2761 5289 2762 1547 7247 7067 304 2180 9830 9127 7140 4204 853 6961 4809 7979 233 6127 4471 6031 4672 9467 1934 1737 6486 8559 1494 50 2172 9700 2083 7941 5905 7253 3974 2689 574 3247 4295 5491 8556 3385 5809 4959 433 8784 1897 395 779 6627 9630 4668 6579 4085 8224 5760 3820 2169 8211 9184 7405 8537 9942 4838 2878 5486 5289 1837 2880 4578 6273 7714 849 5455 9152
9856 4536 7691 6108 8503 1973 8465 7184 9663 2461 3966 8329 5630 8161 0 338 4995 4688 8008 2710 7576 5838 7049 3763 8483 3789 5974 5986 207 55 3703 7718 7620 6884 3531 7209 4088 4388 2736 9487 8674 6338 6865 965 1747 8722 3805 4693 2819 1197 7948 3541 3355 6735 3868 9448 1535 6385 2796 24 3439 8776 1126 7033 2161 2997 7864 4178 6616 1349 3686 526 3075 1950 4375 2715 2369 7662 9492 8113 7856 8907 6716 6472 3614 3972 4719 7944 4405 7071 4280 2184 706 7921 6744 412 6018 3920 7092 5803 6501 352 8275 2479 1447 1775 5626 9087 160 869 7358 9932 5344 9130 4286 4692 4998 3543 4388 4693 5322 270 9840 3851 1437 3635 7480 9998 9391 235 5139 3652 7696 8855 6760 8799 5698 8338 8864 5639 4725 8911 1343 982 5444 9958 9080 1169 4699 8701 1906 4611 5262 2875 8725 5236 4628 4083 516 5537 4163 115 905 586 315 3005 4625 2732 7892 1439 175 5234 6124 4072 1547 5210 437 8366 8171 5240 52 3569 816 7850 8779 8054 4705 2321 2420 1171 3626 9599 7506 3449 1776 7625 7567 771 9219 5426 1376 5985 5518 8170 7333 8270 4974 1209 8547 4684 911 6091 9521 4215 5551 7458 9480 3810 2305 3168 8896 914 5655 9412 8359 2021 5499 1231 3430 9399 6894 7325 1915 1688 596 9508 8871 5444 5892 7195 5579 3453 2251 8713 6791 3237 8326 4337 5006 6359 3377 9886 4838 9806 9319 4726 8147 134 7689 6797 6430 25 5344 9461 2298 8577 6191 3867 3557 5035 5711 7004 491 4780 6264 1211 6177 3196 5018 8135 443 1891 1361 4516 5005 4613 3736 8727 9260 7633 6155 2114 8521 4267 9101 3393 5914 8278 1568 5584
9745 1390 2357 6493 90 7199 5484 8157 4610 2461 7100 9039 5484 2263 338 0 1793 6453 9033 1850 51 299 8576 1780 1954 8907 7810 2024 3658 7413 9626 3030 2435 1688 3216 5392 58 9302 2402 3332 8720 1008 1596 1586 1587 399 9185 4016 7620 9605 8895 7834 1415 6635 3942 7303 7952 5918 4002 6860 7997 1425 112 395 2811 1813 2840 5055 6171 9737 9338 8034 9939 10 4349 3923 5905 2271 7315 6390 8070 4520 4376 9288 4924 4795 8787 7300 9731 2836 5458 7519 4280 9361 6570 1582 3233 2161 1898 9972 1277 5778 7583 6666 8359 1293 757 7352 9672 3109 1283 87 5092 987 2786 6092 8653 4060 5648 1511 646 4638 5268 1094 1543 3233 3218 5457 1404 8439 3083 4517 8032 2667 6013 3504 4716 7598 4923 3903 4095 8862 9059 3981 7597 2407 139 6672 4733 7080 4984 927 3151 1686 6671 5268 2409 7288 4392 8413 168 9788 9987 6888 544 9207 3761 9707 9481 1104 1746 8369 7815 3134 8001 8169 5804 5853 9686 6877 612 8935 4954 8925 3013 771 6729 3980 3565 6245 6531 17 1893 8537 7441 7851 3889 5002 5329 4603 7525 8166 7565 8380 6934 6975 6038 8176 5142 4758 1914 4254 5861 9632 286 3962 5270 202 5820 5881 6191 4545 1298 8301 1784 4360 2532 1909 7149 4249 6475 1954 9194 2576 8655 5568 1068 928 3979 4602 9876 1011 4712 8230 3287 3769 8344 7111 9257 459 4245 3850 4248 1247 6199 497 7633 1666 5503 1220 7056 1620 3116 8554 2012 6243 7714 1930 1895 4773 1931 1103 5955 1498 210 1552 7934 2265 8529 6121 3682 799 7871 9647 7238 6591 656 4365 8502 6179 1058 4401 8177 9310 768 6878 9327 5994 20 3686
4154 4290 4132 41 4096 8480 8926 7401 14 1780 7448 620 3560 2314 4995 1793 0 20 3816 1383 3750 2010 7540 3185 5317 3341 7687 363 4342 8053 916 3192 9101 5243 6090 7937 4857 9885 6004 3736 9025 1809 7539 4347 3206 4207 4969 8644 5168 9199 1293 3440 1595 7595 7243 5330 9595 3169 201 7731 5345 1695 6201 8701 6911 7986 3838 7191 7464 8105 6506 239 4619 2099 4790 453 6145 859 5647 6603 429 3215 4300 8000 5907 4787 8469 2795 6142 4356 254 5788 6388 2037 9097 9849 5083 6687 2887 6670 220 6493 2572 7028 7166 4085 1332 3956 1090 8134 8517 6096 8244 3522 7062 8502 414 243 5061 3266 8795 47 4995 6453 8112 8572 3088 1391 1837 178 5276 801 5725 8219 3363 8496 6604 5424 706 1399 6668 4290 5795 3657 4261 9618 9594 1089 6304 8299 7106 3780 3824 3047 2257 9136 2106 573 9419 4352 6007 1610 4964 5346 9724 8729 8407 2300 2407 8232 1876 3465 5931 6561 5533 1481 7395 2801 3149 139 5069 1025 7724 1014 6051 8685 2825 7000 737 4113 8593 6649 5573 4790 7228 2539 7157 9832 9372 8115 1897 3385 5765 3322 8265 1729 764 3027 2901 4303 8256 9560 2590 7906 1367 8938 7438 5475 7223 89 9100 8057 8928 314 9315 5863 5980 9346 4332 2511 5847 2967 1911 86 9313 6105 2132 6596 7596 1595 8223 6610 3214 8516 6763 9072 234 7224 7111 6667 9805 2795 1856 3912 5885 3805 1365 7225 9966 8789 8382 3922 4695 7797 7709 5224 6680 6802 8010 2325 8543 8343 1942 8977 1284 3248 5680 8335 8141 8832 2729 7178 7539 7877 4661 1779 6185 6178 8282 6409 9205 5253 7002 6295 2777 5657 3757 2283 4272 1222
5561 386 4459 5426 4333 135 445 1657 3404 7029 7474 1650 9040 4534 4688 6453 20 0 958 4266 2999 9551 9238 7204 6328 2848 7285 2125 1675 6166 6575 4049 5739 4663 3671 83 6999 1287 8573 9047 2319 7049 3711 2032 8650 2138 8316 2286 4602 7622 9247 95 4211 3486 5003 1452 8169 5951 567 4446 3124 9479 4408 9139 3165 226 5057 3171 3685 7228 7084 488 542 4205 9751 4106 2292 673 6093 3345 9394 7558 1140 8896 2024 2705 4906 4600 4145 6664 584 4913 7634 1506 782 1928 2293 2723 1940 1804 3401 7213 1108 4438 1269 7459 7354 8348 783 8847 6820 6796 5190 3914 9855 6958 589 4235 2050 6024 5479 7899 2811 1609 4229 4119 8419 340 6400 6056 9659 9459 5284 897 3652 4810 9541 8312 6971 1740 9133 9674 2276 439 97 1990 3558 1929 2648 7826 9923 8402 8248 227 2998 8371 6576 9023 4637 3344 1035 7614 5252 7107 5021 6673 7351 5169 2929 393 2443 7453 494 7844 9534 5251 5302 761 8640 267 7629 1234 1587 9697 9001 2736 5738 681 8977 4341 5240 7331 8072 8992 4593 6726 8157 6183 9608 1351 7568 7600 4441 5661 8177 6515 7116 2500 1576 9779 5861 1050 4036 4491 8360 6966 1702 156 4337 7421 1913 657 2612 7817 2994 2767 5622 4128 2274 6251 5361 1798 4374 9420 4542 1581 7879 5504 540 8387 948 6723 1127 3885 1035 5296 1834 2993 1149 6439 7800 4247 381 5267 2451 142 726 9693 4027 8339 416 6444 957 9571 2059 5181 3701 7546 3070 6654 3698 5733 9834 8877 5090 4513 2840 9547 6946 8958 1478 9748 8620 4379 986 8409 8586 9030 5702 837 5352 3267 7808 8883 9559 1209 9097 4302 3579 8759
2121 2761 535 3182 89 4958 3651 8893 527 2784 7957 3434 4631 5390 8008 9033 3816 958 0 181 3877 7998 6434 8103 3961 9559 6930 1827 2134 8484 9593 9907 4801 404 9135 6893 6788 1574 9470 9294 2998 5656 8923 8469 5416 9267 5278 2223 4428 5530 289 729 2430 4826 1817 3009 7992 4035 1471 6412 2789 3537 7695 821 4800 2561 1509 5547 7774 8878 1684 8767 5368 9997 3057 2507 785 6836 5601 506 7887 9184 534 3394 9630 9689 8585 122 9446 5507 7893 6631 6853 9106 4049 4814 1342 4672 2581 4091 7704 6781 6255 8341 5480 2320 8465 1715 5938 60 1931 6497 2314 8557 3597 6579 2772 5029 8994 6397 1905 746 244 6882 758 3101 9657 3212 2641 653 4021 4098 7757 329 1893 1353 4460 9751 4387 9392 6299 8675 7426 800 9854 9654 1685 9804 3832 7587 2321 4959 2797 4939 8178 1272 7099 7196 6937 966 1962 487 3064 2151 9061 8667 8930 5161 2696 3828 8418 3381 5457 1214 7809 3674 3568 2915 6388 5949 5079 121 8466 5867 8242 9932 3234 1955 9721 4268 4150 5387 2602 1964 3913 9097 3011 9310 6074 4155 4605 5882 7450 5974 5572 5901 4829 6154 2495 1239 525 4801 6010 7043 5007 4048 6274 6691 773 9996 9437 2476 625 5350 5992 7651 912 1572 9099 9550 1871 5560 3028 3696 5508 9585 8115 5029 2340 1346 9165 3956 9077 4626 4415 3738 7218 9086 8898 2158 1558 4942 5688 689 2153 6925 2717 5099 8878 1827 4496 7832 2603 2312 1731 3932 5203 3295 2328 1322 5725 8503 6583 9189 4377 4420 8502 4925 2358 6705 8598 2397 6650 3889 6102 2691 2152 977 2542 582 229 3437 5019 6335 2255 5827 9298 8100 4166 7321
7128 7738 9078 6930 5275 3336 5128 3022 8222 9269 6413 1928 8017 9777 2710 1850 1383 4266 181 0 4573 4068 6473 9043 8103 7038 9879 4154 3115 3785 4772 8621 4705 8611 1073 3466 3820 7963 7626 4191 3808 8720 4386 607 1631 2912 3321 2050 4409 6554 7022 8947 649 7854 8091 2430 3638 9943 8214 5788 6287 6715 9094 8928 4723 8351 7606 9277 1103 1092 5663 5803 457 7122 1284 1585 2369 9313 9095 3945 1515 1037 3369 4020 603 2730 8741 170 5995 8520 6402 4871 7778 3241 7553 67 6516 8338 5576 6930 6702 6108 3059 6214 3695 4969 423 3133 6083 5996 416 1847 8180 1924 7330 3805 817 3138 8812 9267 2839 8285 9145 6221 3950 1930 1339 3402 5639 8178 6110 9509 423 2844 9712 3285 8505 3448 4209 7648 4984 750 7857 1706 2024 2845 4239 1389 337 8798 6853 3308 9281 1944 7541 2530 6971 520 6924 5009 939 7487 7224 4200 5379 4215 4076 228 3295 2313 913 7612 6847 3811 9610 6757 3383 3915 8541 2782 6563 5308 2547 1253 2789 9774 3124 7961 8758 301 9677 3317 6082 2714 5572 7866 1248 7109 7576 642 5964 6287 3172 5735 7030 8686 6114 5400 9340 9349 2562 9762 1742 5165 6981 5380 2501 6286 4482 8660 4596 6833 8112 9852 35 4686 7746 9085 3247 2273 6688 2512 9828 1017 9100 1678 4702 9758 1484 7611 7597 9184 4183 6716 3094 7349 5953 3964 3502 182 950 187 8912 5050 482 1355 9332 7955 2749 5650 340 7130 1337 2103 4387 4162 8672 5758 2537 9657 6737 9158 7885 9365 2107 8487 3293 6484 8527 8461 4955 2400 9578 3453 6575 1569 8259 2223 4749 1587 1265 4366 2046 8230 7973 8060 983 3120 2410 556
9286 3755 6561 5138 6908 7017 2557 7747 4505 3422 1668 6101 6839 3808 7576 51 3750 2999 3877 4573 0 1265 5312 1954 2535 1468 1695 8450 5357 8898 2107 3845 4769 1419 8195 2570 2680 3145 6728 7599 5537 9245 3863 3630 6976 3508 1712 7063 4208 6724 4007 4456 8732 2212 8355 1999 3088 3735 367 391 9640 4517 6505 6435 8239 3420 8049 2946 4857 6333 7354 4775 6972 1423 6228 8659 6093 8168 2299 4047 1616 6288 4443 7124 7274 5674 4604 2237 1364 5226 8980 6774 2417 1063 3370 9279 6775 3533 5539 6518 4757 6981 7465 7049 7037 7166 2865 9924 1415 8336 3925 5600 2480 4611 6238 6017 2556 5057 990 3669 1352 8981 714 4798 1171 3123 8512 3209 7033 3274 3733 4523 789 5894 5942 4217 6221 4658 6579 9639 6966 7458 4245 1451 2398 458 7562 2694 4678 7379 1710 8172 8107 4913 2803 3637 6664 6148 8101 8531 8181 8752 1082 817 7313 7871 2492 9881 5494 6008 6048 6946 480 5234 5321 7307 9546 6479 5315 5750 9123 373 1760 5516 5980 6071 8399 2208 8640 6994 4325 3876 6638 7322 8679 3984 7384 5808 605 5463 6849 2470 8654 2667 1526 8556 3456 6650 7835 9107 3006 6942 2347 4732 8672 7930 7748 9576 9335 3559 6970 3830 6137 8426 4664 7007 3335 6343 7780 9302 249 223 3310 6971 9493 914 4953 77 4125 160 4403 8836 31 7726 8103 483 5571 5483 9389 2349 8710 2067 6980 4670 5482 3392 4041 3422 8990 742 1486 2095 1364 6499 987 7673 9161 2272 9797 6059 1634 3996 7738 9170 9401 6292 5121 7118 9577 9848 783 6205 420 7787 5226 4261 1604 1178 5420 2966 6045 262 2654 9097 1769 8737 1805 9745 5451 9114
4287 5952 2501 8802 1217 3296 9024 4255 6090 125 4692 1568 4040 6550 5838 299 2010 9551 7998 4068 1265 0 8249 8056 887 1527 9551 8360 7592 1076 5441 9011 5411 4012 2458 3977 6617 9126 5260 7381 2417 1206 3907 8828 5268 5587 9136 8768 2254 3299 534 8404 3021 7937 4959 3480 3075 3311 4128 6232 9792 6807 3519 8735 4491 3417 9019 8165 2296 1080 9808 4254 490 278 6331 9502 5457 8707 6079 5234 2133 4081 5975 6407 6398 698 1189 6703 8987 2026 623 2225 6896 5258 831 9816 6660 4785 9738 6809 6096 7740 9021 1382 3490 7119 4299 7445 8390 5090 8374 1059 9246 2846 1468 2364 9910 1864 2313 1469 3420 8693 6547 5553 9202 768 5307 6928 6427 3302 6286 9718 7079 2090 7475 4389 1273 6536 4364 7604 9482 4560 4101 1719 2998 9308 4169 2064 7229 8776 1489 3564 6336 8959 1268 7764 1854 4023 9680 8121 9874 2047 8013 1118 3556 1487 2234 3820 4470 648 7507 7149 8244 1774 937 2590 9137 2347 2436 9168 9340 6172 5970 1672 9736 5818 2002 8173 6506 5210 9965 5097 8405 3600 455 1832 6736 8969 4105 8589 2489 7064 3378 7498 8435 2957 6623 6680 7884 8852 2555 6810 3144 209 621 2400 271 5904 6973 995 3358 2245 4178 144 3301 3518 4572 2407 1233 6288 8552 6874 6148 6637 5118 9528 3153 4138 1955 9930 298 5353 638 2712 3761 3345 3155 916 7038 5148 4571 6771 5364 8072 2840 2686 1805 3346 9437 3387 1865 3334 3922 4141 9806 5333 5786 9606 4741 353 8239 7587 2298 2864 8565 214 4317 4699 4134 2686 1198 2625 779 9682 3875 8248 4606 5805 6218 3740 890 6621 6994 8991 3785 5932 4079 3402 3544 2444
2836 9138 7830 50 6561 9187 7096 1322 1529 7479 8655 2455 2971 2762 7049 8576 7540 9238 6434 6473 5312 8249 0 6389 6531 342 6836 2666 3297 2979 7949 4011 2355 5250 3551 193 170 7731 2285 2273 8905 9901 9793 8814 9475 511 844 5377 8139 5873 7248 374 9854 5427 8988 7109 2159 7037 3791 9071 9950 3267 8756 2796 7933 9476 2851 5478 7343 2167 9145 173 5108 1269 9873 4611 5604 9001 6681 3210 9294 8283 7245 6808 8399 5417 878 657 438 1823 217 2412 2121 7330 6210 9894 5460 8461 4696 1714 9619 7619 212 3692 4664 8965 2538 5301 8694 986 6895 1119 5093 4394 7769 2992 6035 4176 8890 9542 5011 2973 7771 4182 7921 9694 6950 4032 994 4680 798 276 9332 1658 4152 5434 5128 6665 1014 6689 8708 3874 8908 8738 2489 764 4311 4384 3042 2758 8549 6364 1039 7688 3845 6978 7239 6577 5188 6807 5555 7657 6920 3395 1194 5836 68 4817 3644 3846 1533 4406 4889 9595 6149 8031 5072 4522 4634 9523 7369 5356 3350 7467 3469 2692 6436 5635 1395 6645 3208 638 5392 6213 1467 8876 1378 7474 5381 1947 8544 715 7722 4139 6191 3154 3668 3436 2291 4288 5555 3550 3418 3596 8909 9795 1738 3612 8713 3947 8601 7231 9753 5942 7720 8257 8146 3127 4855 8608 3845 3656 3361 5875 7563 4584 3196 1676 1917 2845 8615 4870 3574 6654 1275 1821 2564 4490 9150 1146 2917 8439 4579 3651 2762 3163 3612 1838 3070 3479 7809 2567 3166 5942 863 3272 6026 6037 3154 1337 1814 3909 9481 3471 3562 2572 4421 4382 5496 2398 7793 8325 2134 194 2074 1444 9332 759 9715 6361 9594 509 961 1320 744 1976 9077 1667 515 8258
5566 1784 4716 9713 930 1629 8637 9831 189 3905 6005 1211 6193 9354 3763 1780 3185 7204 8103 9043 1954 8056 6389 0 6657 4700 284 8205 4652 3171 3025 1809 6531 6499 4426 1330 7975 1398 4078 5658 506 363 1391 264 3853 5666 4628 5041 9154 8986 9336 1772 2447 5797 4609 9247 8537 4263 6003 2071 7006 8219 4102 1788 4891 7629 1248 173 3211 3942 690 8458 7385 6212 6165 5977 4672 7253 9714 2291 9603 6095 6536 2423 6269 5351 1115 9195 8152 3088 66 3702 7218 4278 9783 354 1750 741 7400 2349 7519 217 6709 9664 1266 6693 3612 6478 547 5188 6933 2516 9296 399 7835 7573 8589 2744 476 4898 5332 7594 4275 5329 7837 7141 3772 3214 2336 7959 4857 4210 5178 5384 3139 7211 3368 5362 3916 4804 3569 1701 1463 543 9416 6068 8579 5185 690 8990 9818 2600 8074 3583 7850 6768 7282 9437 7937 554 8909 2420 3280 9191 2366 9534 4051 8384 5814 2059 413 2960 9710 2928 5180 831 3631 4990 9302 643 4847 4029 5591 2788 6986 6795 4519 8134 2749 6138 163 509 9585 9589 5242 9620 7512 5153 3127 7136 7288 5904 735 4655 3042 8067 2256 9204 10000 6509 5806 6917 200 531 4602 6653 81 6025 2804 9055 9521 2577 2296 6117 7620 4337 2991 5729 7768 660 9399 6565 1112 7959 8222 6801 6138 6702 5486 9875 5831 9760 1246 596 7621 877 8480 1659 5381 908 739 5598 115 244 2183 4348 7531 2345 9861 5813 2236 7972 8487 4309 848 4860 8625 7854 2383 9403 5318 9802 5657 6325 2350 5483 8193 4166 5159 9720 3419 1245 5027 3826 6678 8721 9873 5183 5830 4174 8920 9202 9359 7807 6854 9087 6146 2047 9442 8479
647 8116 8856 3341 5163 5172 2209 9430 644 7907 5340 3722 5189 9871 8483 1954 5317 6328 3961 8103 2535 887 6531 6657 0 3139 8886 6362 2409 2406 7499 9671 867 1980 4239 5042 4329 7679 5600 1108 4119 7386 2452 6767 3556 7757 7366 1674 325 8232 1685 9860 6157 5036 486 606 1165 116 3596 3656 10 5457 3424 1545 5643 9780 8532 5728 1436 6580 6367 4362 959 8322 3577 4352 7009 3437 5524 4942 8429 5501 4003 7466 9874 7462 877 4625 3958 582 4438 531 4815 3426 1237 849 4629 2935 4281 9978 6336 7411 352 8291 9908 6184 1573 2637 7194 2408 1664 1471 6178 5325 3810 243 33 716 8487 791 2950 9113 7550 1477 1917 1820 4457 6619 742 9046 8872 2682 7305 2723 297 4634 2648 2859 4861 1541 800 4234 3367 3684 2915 6683 6513 6164 4969 2848 2865 9081 6146 5048 1666 9050 4541 9922 389 3737 7972 3256 5205 6189 105 5382 9231 5196 1192 4815 6927 5598 7392 4110 4178 7156 4895 9454 1604 3763 2489 8561 8782 8045 7062 8921 3820 2469 7228 8500 5096 1903 5912 1159 976 1795 5598 1903 6641 3181 8358 9246 1836 638 3966 5059 5914 308 731 3827 2371 1929 7485 2659 6988 846 5193 8247 9872 7890 8512 7403 8277 3343 255 3847 8154 7711 5960 4449 9358 8475 5522 6740 8882 3760 3158 7959 1700 9625 2147 8345 8875 8654 1883 2489 5672 6641 4672 1084 3452 8384 6452 7195 8673 1159 7586 9567 882 3123 8596 6361 7094 1245 490 1978 8624 2672 1454 9444 6752 3939 8564 293 40 6069 2280 1182 862 7309 2964 7370 5460 6125 6831 8624 3924 2922 3159 523 9506 8233 9714 1861 8234 9318 1957 7642 1341 3837
3810 7339 6457 293 5552 9600 8298 5245 5511 7900 385 6773 664 2935 3789 8907 3341 2848 9559 7038 1468 1527 342 4700 3139 0 3800 9073 4007 9957 4859 458 1223 659 4146 8791 9460 5625 9479 8186 2220 9708 4806 9752 9156 4156 6015 4310 3767 3093 7348 7570 4332 9725 2129 3222 7620 4016 4607 7078 4269 6117 6808 3569 1972 7408 3278 634 2379 5268 5501 9000 3977 5385 7714 1585 8934 7913 177 909 1885 5120 6557 9231 5321 3755 5562 1715 3923 8865 5743 9963 6528 2569 6586 488 3865 7410 4182 9788 3378 5560 1510 8099 3293 1707 4795 1212 4306 808 6421 9503 8739 5792 9292 8150 4671 899 120 9586 3797 3655 8411 4750 5155 1711 2790 4136 6538 4964 6627 5191 9578 1650 8042 2623 6667 9271 3776 3029 536 6811 8731 2558 5707 5358 795 8686 7718 7657 1622 5872 3919 909 6128 6466 9697 2044 8572 7750 5680 4333 462 3602 946 921 8061 7667 1677 2098 4420 1352 9396 2025 9747 5715 7945 5378 6549 9226 3824 6744 5481 9650 1719 6247 8249 7875 2273 8682 4387 9404 9628 2562 6122 323 2713 8245 7110 3028 3216 4401 9362 5597 2454 3877 4746 8337 5318 8996 4095 9631 4697 5733 5040 7616 739 880 1550 7329 7499 6062 3561 5113 4613 9382 2215 9454 7075 8372 579 1715 2554 1012 2359 6882 8112 2687 4227 9307 7259 8779 1352 8772 8207 525 7535 7821 4759 4275 111 4080 6109 3901 3693 5902 4602 9649 8300 8499 2316 2161 1281 8481 1776 3889 9965 3606 5306 2033 6609 4033 4172 1393 9709 5905 904 1512 9149 893 1794 5216 9031 7866 7983 1339 2421 7094 1467 2062 600 1419 5146 9973 6733 2608 9869 3535 3001 1215
5712 4297 5506 9039 9505 8254 1337 5229 994 2623 273 1746 5669 1335 5974 7810 7687 7285 6930 9879 1695 9551 6836 284 8886 3800 0 7221 931 5389 5826 1546 5523 6208 909 1246 7990 3272 3871 6024 5995 4679 685 5886 8830 4588 8663 370 6824 4205 487 8340 1028 4376 2707 5822 6295 1308 6837 950 3628 8071 5370 9838 9043 9318 5304 7739 8609 5097 8513 6992 2827 8960 2724 6568 9707 7291 2238 9694 8804 9047 7688 7926 1106 2638 5352 2822 656 4833 4521 4446 349 3241 6315 6214 8685 3996 9331 3351 9247 1502 4935 740 3175 5804 178 8939 1499 1363 2000 1600 8191 4908 8872 7751 6688 9640 6748 2084 6962 7959 7386 6959 1376 958 8762 4153 3235 8456 3310 5973 5199 9653 4737 6849 6284 960 593 2243 8055 8087 3795 1854 2235 1552 1355 2369 5708 5775 9859 2981 368 3420 4297 7894 2206 867 5230 3539 5471 8081 5090 9552 9974 3706 1640 8554 1780 2469 7314 2215 7973 6489 2294 9542 7133 3919 8892 2401 1766 497 1120 8431 2275 2798 1749 3722 4974 6926 396 4074 2196 9630 5447 2896 4747 9954 4895 4484 2325 5143 6047 2752 2534 8624 6605 3038 8234 4259 5583 3124 1887 4599 8363 2760 3392 2617 8132 653 9102 9836 6577 3656 5631 4565 1554 8451 9726 9923 9619 4397 4979 7406 1375 5293 3636 3340 116 5702 521 8012 9862 4300 7071 5193 6593 132 1410 5669 803 2663 5763 4637 2630 8226 9814 7146 9382 7826 3157 4675 8875 260 5881 6493 9969 5851 3754 6973 5355 828 615 3215 3138 7867 602 2371 6160 3510 4618 9 4416 3303 5032 6474 1225 6764 107 7927 1459 9833 5149 9171 1532 2740 7901 7068 9687 5517
