150
0 7251 6418 4284 8408 211 5217 8806 6391 2352 3567 7097 7608 9431 1681 346 3224 7384 1685 6315 1372 801 8291 7594 4966 7009 2812 6522 8329 1882 9303 4839 7342 7430 2905 6003 8141 7101 2827 7296 9247 790 186 4033 8251 437 5930 6508 8267 818 2646 2079 3151 5549 9362 892 1938 8400 1234 392 3529 7067 7242 4588 8975 6514 6105 6706 4855 6158 1703 3188 8084 3307 2551 3610 4475 6686 9515 3718 8687 6474 1890 6484 9617 3333 8283 4652 8911 9203 5883 5063 4077 434 156 423 1585 409 4816 3058 5933 7846 8364 9517 7651 8244 5095 6325 7378 9374 5740 2615 8688 2641 1828 2028 8014 8658 8725 3485 1828 5066 6786 7119 1714 1403 796 5808 8118 182 6277 9829 7534 6717 3582 9930 7868 4628 6195 8132 2918 1576 4910 683 9870 4378 8689 9234 7771 7312
7251 0 6925 5846 6340 9128 5693 3808 4035 2188 7794 8937 7584 3929 1231 9235 4188 6271 6178 2607 5642 9770 8715 1660 3410 9306 7324 2271 5012 8434 8051 7307 1316 8869 3162 9547 7788 9449 8823 9490 140 6624 0 241 4277 2807 7620 5584 7080 1753 7705 7950 4835 4236 8574 1186 3109 1632 1616 2981 2724 6100 608 8578 3697 7909 1954 9056 8772 5000 5689 6210 4846 9768 9760 7281 1284 6594 5954 5119 5895 5694 4005 8388 1995 5176 936 1510 6690 2034 6110 1050 1990 5537 3506 3829 8177 5523 6974 4129 6646 828 9404 2255 975 9227 9436 6544 4058 4498 9479 2128 1524 7674 435 3633 3874 7881 1758 7967 1069 5925 9946 9208 7919 6594 17 7703 4799 108 9795 2287 8868 5891 6986 8311 3998 6413 4303 3150 7314 8385 4467 1799 9933 9176 6220 9786 5683 2567
6418 6925 0 7159 3940 3907 8800 1540 6060 981 7691 8364 2042 3818 3008 1817 6694 6065 1351 5999 7097 6276 5101 186 9597 4013 7599 3008 3914 5132 8954 5880 6975 4275 1041 9197 331 7054 4750 40 7244 8204 9338 1274 149 8021 1681 3422 1476 3148 5563 9336 1168 6461 4650 769 2725 4750 7241 7403 7199 4960 7514 3950 8359 8287 4130 9284 9431 4269 122 8964 3020 4047 2765 1162 373 406 2146 4007 6025 1723 3714 4126 745 363 2032 7979 8225 4564 6363 3289 5003 6948 2928 7321 8131 7518 3594 4314 8503 3852 1236 855 9118 9371 8294 2484 6989 6390 1637 2938 9373 4940 4293 2483 5468 2643 4550 1000 7909 699 9234 379 6217 483 9356 2667 5634 5062 7375 7287 2737 4192 5475 5486 6851 4562 7637 1942 6593 3689 9850 512 787 1756 1782 5327 5524 3475
4284 5846 7159 0 9376 891 4703 6955 3124 9559 2946 358 4017 6249 5623 4423 5568 4969 9358 5150 6372 2210 3009 1549 1716 2373 7118 3484 491 9839 5135 4690 7859 6101 8104 8312 4246 4069 1411 3098 6246 9316 8548 9947 5807 6384 6141 409 6389 5707 3936 7082 7073 4212 1345 5799 6072 4835 9027 127 2350 5892 2443 5399 800 3148 8152 4833 3343 5345 3852 4668 7674 2147 2728 4275 6000 6332 392 391 2590 8308 1215 1935 1019 4586 6056 9386 4173 6039 2169 3958 5960 5556 7735 9600 8112 789 5850 9923 1906 1251 2744 3333 6890 965 2967 4269 3013 8870 7338 5113 5078 1013 7762 4531 5779 2423 4488 5632 1232 3261 3639 309 9990 717 4506 3838 5292 2897 7538 8297 4725 3529 7862 222 6064 3553 8592 8164 9401 9129 7601 4546 2677 5712 1532 3351 3778 1459
8408 6340 3940 9376 0 1614 7108 4218 8713 4757 868 4129 5045 1122 8346 3942 8784 7996 9181 5745 155 5436 6138 5803 1630 4018 9043 1291 7300 4328 9743 5668 7197 8268 9192 8664 9235 3604 1141 6147 8651 1907 9193 7695 197 6921 9372 4801 2653 938 7840 7496 193 7463 4401 3297 2073 102 4840 8403 4611 2419 8977 8377 8283 1167 4886 7946 3894 9411 5273 5997 7668 7243 9937 4511 1101 7033 3309 2134 3304 2613 2995 4044 8589 9206 7821 5952 1932 1363 2118 7712 9457 8882 342 7335 8167 3412 344 521 1319 371 6200 8571 3137 6323 7074 9072 3810 5378 3074 5527 1006 2723 6349 8836 1309 2577 5689 9896 2655 7556 9683 1189 7008 9016 9220 679 4079 8708 5416 7767 7017 8882 5692 2049 416 3652 750 6364 5505 6432 2265 9331 3242 4011 4452 4045 5552 5055
211 9128 3907 891 1614 0 3676 7546 3550 6939 3325 7471 8352 9481 6119 7766 6143 1487 6436 9443 4543 3948 5565 5548 8943 437 3460 6629 3130 3360 2953 6612 6417 5647 5852 3424 4339 4702 3370 3213 370 8500 1934 4016 6257 8713 1982 7673 8200 7451 6777 9353 3707 7362 3161 3562 630 9601 6960 7427 5232 2365 7986 1802 9941 4017 6298 1235 1622 2627 5854 7769 9769 6818 529 4544 7169 2342 2155 6882 7730 8598 7370 6277 9239 3082 3277 9826 593 7821 4401 1823 6491 1138 3927 6485 5664 7987 2485 1512 8365 1849 5801 881 1694 9625 4257 3860 8543 9162 7530 6362 7876 5868 7139 3758 3662 9524 1430 3826 278 2601 7099 3934 3513 3476 1376 6471 1401 6375 4443 9440 2677 62 501 923 9636 6677 921 2507 4215 3440 7783 9303 4117 3606 8245 9112 6766 1482
5217 5693 8800 4703 7108 3676 0 5475 7434 5376 5717 2079 4247 9989 7357 5009 512 1997 6728 3520 7066 7384 7107 9306 5629 9673 6828 2323 2602 2428 4080 9975 4664 7265 538 2284 3073 6941 6804 197 4677 9930 8229 666 7765 8598 5946 2447 8610 2961 7959 7419 9636 8101 5373 3539 7302 1117 3755 616 5501 2600 4870 9674 3370 8881 1801 8954 5256 4760 6732 5177 6808 6691 2564 834 2059 8069 4035 5332 9733 6905 8694 9987 2644 5936 4335 551 6166 2546 8812 6367 6105 1321 3492 8871 6403 5581 3083 5418 5110 3936 8996 6263 5757 9412 7371 4932 3347 7179 5872 8538 1995 4760 7780 3909 4396 9277 5464 9335 7246 4479 8551 8075 6163 9413 6630 2795 300 7289 5625 3687 1512 3472 3256 6116 6175 4485 5412 2830 5628 9169 5245 6601 9200 3074 3602 3051 5821 1752
8806 3808 1540 6955 4218 7546 5475 0 9945 2697 7299 7194 2804 5644 7975 6911 6898 3434 6358 3914 6374 1018 1146 6298 5477 3231 3372 4591 4924 5804 3686 6962 7118 2765 7681 3079 6631 4120 106 6027 4501 4774 3580 4602 8321 5630 1821 6144 6131 6132 903 2171 8477 1151 3671 4480 7060 5571 3998 3969 4769 3449 2612 444 4547 1517 3499 9651 7449 7298 2655 1216 6219 9206 9590 6631 3341 2877 591 5521 3336 4253 4415 7297 6203 8897 1823 5142 5391 7223 4583 732 7863 3072 6953 3965 5925 7283 5937 8094 9628 6505 1738 4004 4099 8310 8519 1348 6666 4583 9933 7174 2584 7288 1921 3440 5081 2204 5911 1888 975 8424 520 7636 9773 6679 4754 1306 9121 1738 1249 5021 3735 7751 689 4314 5127 586 6868 1341 9152 6608 6374 872 1123 4865 1072 218 5888 5723
6391 4035 6060 3124 8713 3550 7434 9945 0 3083 2571 3857 1031 5398 6742 5297 4081 8348 4260 9675 9626 2786 1707 9459 4047 896 3478 944 8139 6181 9000 8611 6802 5457 8362 2207 5428 7966 4478 4943 7927 137 5142 8047 9990 20 3935 685 5677 5944 6424 3593 4433 2462 7703 8600 6472 6988 2009 6565 3626 8149 8383 3069 1328 6278 2593 862 2853 2418 7523 3779 1182 2605 7476 5210 3574 3717 6840 4469 5553 2696 7054 9104 1331 4311 3858 4746 7668 5732 4259 7196 6144 7338 4823 389 8848 5141 5764 7418 3317 9173 7973 6254 6687 2363 8914 836 4619 1513 9636 2220 1064 4842 2829 2952 51 4015 5376 6712 6695 8842 3417 8404 9077 4043 4390 5358 9023 359 3103 9483 2461 9737 5595 5957 938 799 790 5351 7527 5036 2402 434 5090 2822 4285 1036 8531 2298
2352 2188 981 9559 4757 6939 5376 2697 3083 0 4803 3197 9488 5310 2541 6658 5019 9465 1988 8877 242 3502 4884 5252 7728 9037 9482 5082 6156 6389 225 3994 5877 9229 2316 3514 4042 135 2131 6102 6183 9460 3208 5628 752 5678 8337 3793 8289 5461 291 7240 3277 4553 645 7115 6384 5455 1931 6718 7606 1680 1002 5874 1184 8072 2481 8693 2140 510 2127 7931 3583 9719 1635 2036 2641 7340 4397 2696 2633 1775 71 3070 9889 5617 2092 556 9102 5181 9286 8287 2613 4508 6554 904 2200 7072 6739 7925 2312 2319 6110 4241 5608 66 9145 2722 1923 6355 9627 6096 8318 42 1512 3970 2755 4665 2180 7977 5672 7357 3678 7113 4208 3748 9649 8897 7315 8492 1989 6452 6973 7625 1498 8214 2039 3625 4237 7966 7604 6271 2752 1531 8904 5794 379 3565 2598 9916
3567 7794 7691 2946 868 3325 5717 7299 2571 4803 0 4967 8933 2600 1234 2652 6401 1845 8799 2410 9594 507 4355 6123 5213 7675 4842 1209 9071 873 2890 1612 6048 4062 5933 3379 8030 2845 2280 645 7221 5433 7955 7186 2592 404 3875 6592 1267 3210 4037 6369 9767 5589 1344 1224 3481 66 5348 1291 587 805 9611 4035 5022 5786 5627 2014 5025 2655 7191 5776 2054 862 9641 3787 7643 5022 4483 5005 6243 6365 5197 7313 9966 8630 5896 2196 4877 6719 7770 936 2122 2520 3575 7761 2000 8949 8835 3926 2891 4763 7830 1552 2544 440 9059 8353 7978 8494 4958 7754 6245 1444 6459 7450 3387 9520 8850 2864 9943 533 4530 9134 9261 5795 6710 3308 7928 2294 1108 1821 2510 7567 2107 6806 5686 7806 41 2562 4750 1209 9957 9957 475 2159 9616 1760 7548 6517
7097 8937 8364 358 4129 7471 2079 7194 3857 3197 4967 0 3035 5833 7059 6521 813 3055 5758 6903 6476 8076 864 3768 973 9933 2815 838 8881 6893 9281 698 7139 4428 527 9850 6836 8785 2560 541 47 5865 378 9379 7879 6892 119 7820 8789 6802 6811 9768 1575 5710 7362 4909 115 6774 5414 7588 7844 9629 1605 9988 6066 7306 6660 5576 667 6382 9424 8277 7434 9400 4572 530 527 6994 6264 9746 9771 5352 643 8639 8552 2318 1566 8115 5894 6791 480 7479 5692 8888 7486 607 1745 5722 6086 41 4159 5881 6408 9214 6030 6264 6659 5847 3178 1008 4790 8082 724 3972 9454 647 519 3895 6793 2324 4915 3518 6689 9748 9857 6174 2294 9601 5521 5313 8497 5531 513 6543 4112 9053 715 1493 9216 6203 7690 4315 8403 7221 5352 9425 9080 9190 7184 5732
7608 7584 2042 4017 5045 8352 4247 2804 1031 9488 8933 3035 0 106 4214 2884 8465 1459 3034 4367 2735 411 1905 4641 3387 8945 8680 7846 5450 9940 4964 7922 9825 117 8682 4187 4135 4919 863 277 9847 8863 4977 9127 2235 8051 5907 1814 9834 9293 5506 621 8083 9291 1421 5997 5056 8776 4756 6016 6584 7559 486 307 57 9689 592 5635 5024 2114 3224 9667 2974 1924 6728 2893 4697 275 9071 7414 8002 7620 9952 6964 58 342 8447 5893 2287 3926 7805 3912 5298 8055 1049 6977 1400 1151 5149 4995 544 9870 6574 2254 7040 9625 8017 9272 8877 1153 8943 3500 5503 1201 389 6507 5894 4742 6949 5937 4129 608 6708 9825 6945 4506 5011 2202 9569 7657 4786 2392 6875 3464 9423 4052 1172 1145 5842 70 3845 2160 9606 7160 4752 6482 4338 7636 5302 3808
9431 3929 3818 6249 1122 9481 9989 5644 5398 5310 2600 5833 106 0 9717 1945 2881 6012 5309 9202 2234 5580 1674 9691 4311 468 8830 5068 7343 1587 7361 3630 3978 4453 5891 9184 156 5629 4525 2949 4298 5288 9682 5032 8239 954 1369 9260 9912 7823 3102 880 8038 4009 9448 3569 1269 8248 382 7489 1885 9447 3685 8399 8857 6307 3070 8216 427 1601 7660 2088 2380 9858 2629 111 9575 324 6646 1854 3080 1597 6861 7579 7052 9870 6973 8393 5785 7109 6719 6231 3116 479 3781 2032 6265 5625 2218 411 9133 2218 1418 7398 9223 4678 9607 4695 6281 5723 502 8245 8116 6039 5718 3865 2994 2856 201 5667 569 5810 3386 4570 1080 2736 5076 5804 4259 4676 5641 3697 6685 1968 449 9687 5557 6765 9600 293 8021 9831 7344 5462 6992 5981 1344 6591 9333 1360
1681 1231 3008 5623 8346 6119 7357 7975 6742 2541 1234 7059 4214 9717 0 8408 7373 1675 100 127 4959 5314 1714 9547 7979 5162 5249 4902 6751 884 1065 9613 6623 5674 6597 6687 3951 2500 1465 7099 2022 835 439 1293 7555 3659 3276 1766 1974 2485 9030 842 6717 2960 9340 4129 5957 4520 6485 5196 2737 9851 7828 5545 2522 291 4237 9544 7810 4 7180 4400 4671 4142 4313 3635 8812 2693 3631 4791 4693 4314 2212 8529 852 4753 2194 2931 1492 2699 7404 184 4172 3401 2327 8769 5940 5548 3154 6000 2601 2915 1961 9815 4569 4689 3611 2246 2957 7142 9476 4612 1494 9522 3557 3679 9492 5582 3467 7829 8012 6497 1841 3968 7777 5467 5406 7109 5922 6293 7013 7748 9553 3308 6386 885 2233 7789 5782 3018 2480 4436 7106 6136 472 852 6570 3689 5331 7197
346 9235 1817 4423 3942 7766 5009 6911 5297 6658 2652 6521 2884 1945 8408 0 7743 6254 8667 7670 9705 9173 3179 1360 7882 5763 5370 8099 9518 1701 1541 2496 3434 3620 1438 898 5764 8085 7515 7725 1281 8302 1754 2609 3096 6726 6726 6257 2759 6949 6739 3474 9186 5962 7246 9265 1671 6437 5060 2644 9453 3148 7630 48 163 5744 6998 6980 5127 102 4433 8348 4909 6504 6 3624 5360 7803 9479 5370 6837 5931 183 4405 8945 6109 5611 1992 3598 5075 8146 7247 992 6146 9355 6440 5794 5412 1265 9929 3870 9153 6567 4787 9200 3589 7759 3349 7510 1672 3315 1170 7699 5309 2774 7234 4409 4360 4392 3685 7372 6400 6794 6570 4644 6647 8410 6915 4744 5290 7021 2182 433 1587 8752 6819 2168 7928 3606 2477 5807 1238 6974 9938 9576 5623 5009 3975 3174 5719
3224 4188 6694 5568 8784 6143 512 6898 4081 5019 6401 813 8465 2881 7373 7743 0 24 3808 5096 9845 6309 8438 5950 3430 9059 3961 819 1812 832 7442 4457 6039 7795 2646 728 6244 5429 1372 6583 7889 4047 2284 3859 9301 9257 6936 2107 7040 2185 8397 5959 5706 446 4406 9219 3368 5230 108 1022 1064 4126 1880 6083 6117 7280 9948 9050 6654 7943 8043 680 9640 6546 8952 6846 6473 8761 4470 8897 5486 9867 9054 2273 7705 4291 7883 5406 9565 484 7490 5379 1895 9068 521 3225 4645 4439 7745 4740 9124 7441 9440 2145 8159 4252 121 578 6140 9315 2182 3922 6650 6368 161 9945 1980 4892 371 7884 9413 438 3895 338 81 7419 7368 7117 7988 4622 7958 2789 315 4315 7201 8558 5199 9485 2874 8224 390 3280 6898 3916 4337 2514 8333 8463 5871 9425
7384 6271 6065 4969 7996 1487 1997 3434 8348 9465 1845 3055 1459 6012 1675 6254 24 0 4513 8481 3757 7156 7574 5426 8853 953 791 6903 8146 2924 7406 6866 5983 7758 9031 3499 4908 966 5923 1425 7441 9844 4810 515 9860 3347 7480 7480 2369 6214 1944 1193 2883 7591 4207 5411 8544 4363 888 6671 3561 6546 2131 6994 2361 2294 774 9976 8755 1428 2396 7672 1546 6449 7027 9169 7413 1236 2784 7986 239 4581 8442 957 1235 5695 9701 749 1804 2820 5240 4027 5775 4977 4636 1215 4232 6502 1979 453 6686 3695 2822 8548 9687 364 9985 236 8146 3643 4491 3349 7280 2548 8604 4836 9205 3039 7149 5975 6703 7520 2143 5457 28 292 2928 2423 5046 2947 3737 5119 5465 7246 8607 6909 7238 8033 9709 792 4466 3100 6660 4271 2400 8754 3857 4107 9091 127
1685 6178 1351 9358 9181 6436 6728 6358 4260 1988 8799 5758 3034 5309 100 8667 3808 4513 0 8972 6841 766 672 5394 1429 5415 5702 4297 2406 4118 1040 9253 5568 7060 7788 3929 7088 4209 5901 609 8963 4812 9050 7938 6268 2523 3000 5653 4697 6325 6171 7503 3988 4556 5481 7676 1154 8332 5867 2790 8378 700 7224 1323 5398 204 9316 514 8859 9460 5943 2117 875 8660 5290 5648 48 58 8431 6257 1823 4089 8382 7512 6407 3337 5323 3873 7858 1986 2526 4798 5216 6788 1085 3852 1899 7056 2996 3514 8648 9895 7536 5294 6836 6639 7360 3262 7960 5253 906 8376 7011 6270 6153 6657 5885 584 5958 530 3570 9251 9085 1426 3872 3124 4369 5016 3535 6419 7965 7576 7174 6640 1412 6592 1854 9415 4332 4895 7046 5368 6843 7539 4580 9627 8236 4691 4295 4825
6315 2607 5999 5150 5745 9443 3520 3914 9675 8877 2410 6903 4367 9202 127 7670 5096 8481 8972 0 9766 2784 1188 9875 541 5409 3067 4768 3204 995 5978 1178 2682 3166 1613 2761 7651 1484 7136 8196 1394 953 6690 1432 7357 6258 5555 3175 7425 1502 1922 5197 4976 5515 8085 214 8118 466 4816 3126 8622 5702 7166 95 418 5664 3121 5221 8903 7746 1016 579 6629 7715 5618 3879 8186 9164 9722 7380 3387 8920 2851 7693 3662 3084 8476 3387 8946 3719 8357 971 6835 1786 3832 1009 1104 412 8700 216 149 4630 3330 8891 2394 1058 1398 8057 8566 5489 3810 8622 8146 4416 6757 1642 975 4104 3813 4333 565 9429 1868 6808 5735 8226 7971 5864 4535 8035 3528 4315 1451 3694 6338 3329 8794 4872 5327 8957 7773 7835 4665 8554 2656 8684 1930 5578 8317 1287
1372 5642 7097 6372 155 4543 7066 6374 9626 242 9594 6476 2735 2234 4959 9705 9845 3757 6841 9766 0 3074 8659 9416 6189 8243 7807 4301 5727 5589 9842 404 3133 8817 5528 5188 4267 8930 4615 1384 664 3883 3154 3637 6285 7687 9135 6628 3304 3783 5763 7465 1859 7319 4204 2428 5808 6034 739 4027 3542 4781 3006 7182 3600 7557 6830 4227 3338 6069 8094 5716 4430 2415 2551 5359 1506 228 7611 9829 6786 8084 6505 5884 5336 5654 6415 8895 3495 6458 2097 5611 5295 9719 785 4117 4071 6558 5771 3879 5850 9925 4745 3169 1072 9246 3488 8567 7906 4134 6831 5582 9805 9500 9618 5160 3011 9300 2346 3048 6287 2569 3170 964 4207 7816 3680 5660 8665 4556 3099 8249 2061 673 5158 1392 3800 6804 8667 3732 8654 8436 627 4333 1465 2871 3463 9441 1185 8433
801 9770 6276 2210 5436 3948 7384 1018 2786 3502 507 8076 411 5580 5314 9173 6309 7156 766 2784 3074 0 2953 4743 643 1087 9143 3836 9072 4308 9384 6127 2697 3627 8984 4283 4401 8890 1161 4377 3424 5370 1833 331 9268 7234 8949 6787 8494 8431 7110 4168 8096 8996 1919 390 99 862 1309 6752 3987 6128 794 7465 3256 6127 3491 2263 7205 3739 1894 1531 3152 1955 2708 8413 9032 2349 6599 6392 7969 4068 8047 1829 3774 6409 285 328 143 660 9864 2559 8553 3455 5521 5191 5720 3409 175 3341 7402 1922 4624 3331 4115 6050 2175 517 8263 4937 39 4868 2460 2501 7179 5455 8331 8157 6365 5401 1876 6409 9003 8604 4733 7847 3526 3062 1940 9038 3682 8771 7293 2059 1901 4183 8807 398 1449 9633 5673 8912 5596 3657 6353 9959 5917 1139 4714 7068
8291 8715 5101 3009 6138 5565 7107 1146 1707 4884 4355 864 1905 1674 1714 3179 8438 7574 672 1188 8659 2953 0 4112 9904 7226 5708 6597 1155 9755 4850 9744 1712 8492 326 9812 1521 5669 449 4642 5067 4822 4472 8280 4389 8007 4716 8793 3231 4376 509 9385 9352 4199 1913 5863 7790 592 1998 2187 87 8537 2570 407 1025 5681 8440 5309 9676 9203 8891 5874 1037 2946 3188 5089 7582 9420 1972 5437 597 923 2243 9695 5907 1394 9710 190 2005 1223 4843 1455 2004 5912 4564 6426 4563 3700 1558 4743 2683 7130 4487 5480 1774 2982 1385 5516 8314 5037 9160 8568 9546 6678 19 1700 2117 5966 8688 7255 5802 2968 6975 1409 2577 777 6071 2082 5461 8015 8248 1952 2750 4608 6060 7713 24 681 754 6004 9649 4455 4893 4635 4349 7882 4869 2228 887 3729
7594 1660 186 1549 5803 5548 9306 6298 9459 5252 6123 3768 4641 9691 9547 1360 5950 5426 5394 9875 9416 4743 4112 0 9017 7139 8503 7664 1015 9819 7641 1817 5809 1572 922 9653 3628 1473 7305 9464 9442 1653 6325 4407 6516 7455 3989 6811 1466 9061 9328 8461 9946 6928 6707 2362 4959 7116 2012 9669 6061 2291 5038 4422 3999 6893 1243 3611 9164 5296 9962 3842 8007 7964 7795 6019 9232 7046 1364 921 1715 9722 4402 7888 5304 9799 3159 4822 596 1791 307 371 7862 4189 9479 7398 9662 6776 4875 2425 811 7252 179 894 4890 6479 5165 5685 4292 1008 5047 4889 7729 9721 7995 4441 4257 102 100 3747 8782 8162 4500 4748 9054 1756 2748 9214 7971 220 2381 290 9642 1625 5894 9424 7823 2184 9754 8209 5961 8277 2978 8843 4832 9823 853 7642 2522 1894
4966 3410 9597 1716 1630 8943 5629 5477 4047 7728 5213 973 3387 4311 7979 7882 3430 8853 1429 541 6189 643 9904 9017 0 1024 7548 3025 301 4395 637 5003 9800 5307 800 4139 8268 2574 6187 404 3293 1106 7436 1939 2 5737 8484 6544 4904 8693 5880 6487 8867 9142 4476 1159 9283 2159 2821 7933 4918 5896 9689 7449 1928 5996 1076 7565 6503 6587 6604 6370 1651 9190 6998 9299 4013 2851 4195 8875 7085 1336 2202 643 4767 580 539 7453 9481 9149 7441 1214 1314 229 8180 227 3847 1982 1242 9339 4294 4622 4281 1753 5147 6557 5859 1033 4118 9860 9436 417 6920 6473 9612 2196 3731 6551 6121 7031 9959 9677 561 7227 1553 605 3677 8739 6470 9969 2827 3134 4277 6156 7766 2098 9899 2673 9675 6504 505 1178 2844 9657 9641 2719 3468 7000 3139 360
7009 9306 4013 2373 4018 437 9673 3231 896 9037 7675 9933 8945 468 5162 5763 9059 953 5415 5409 8243 1087 7226 7139 1024 0 6070 3956 9223 311 4878 5936 1637 7679 8669 9028 7303 3423 1186 8836 2440 7121 3384 8672 5444 4512 7570 4800 2756 647 3069 2111 9946 9766 134 8159 6831 552 8756 9640 2537 2889 2268 63 3387 9568 5391 1821 5887 688 6184 518 8232 8529 8282 4072 6523 9868 867 1693 2725 5372 7640 6222 4917 1705 5814 414 6561 7621 378 1460 2887 8103 3209 2595 7433 425 3389 9646 9048 6252 2689 1429 458 5595 4638 4562 5736 477 1357 2688 2742 1511 3935 4618 6427 1831 2424 2630 1781 8783 7952 1822 6892 1512 9187 3558 8434 8356 3503 1501 6825 3602 88 322 3989 727 7464 5256 9971 8327 9182 4905 1014 7603 5071 6404 7258 6878
2812 7324 7599 7118 9043 3460 6828 3372 3478 9482 4842 2815 8680 8830 5249 5370 3961 791 5702 3067 7807 9143 5708 8503 7548 6070 0 150 7897 8027 1847 7541 5794 990 2125 7452 9622 3485 8382 2886 7808 6624 8870 3628 1639 464 5753 9626 7255 9994 2631 1972 8637 4504 5565 6065 8869 1919 9324 7918 1439 9082 3400 5833 4893 5620 4967 6098 2692 6721 100 5593 9912 5672 9352 8161 2398 8149 1949 4032 6214 2460 9603 4611 5834 6811 5164 1004 5690 1846 4298 2895 1765 9531 9774 8105 513 6007 8628 8632 430 678 1059 2521 7287 150 293 5156 3171 3704 7865 1739 5063 9118 5329 7565 1672 6982 9554 7928 3508 777 7602 5979 8140 7244 3398 8714 8274 4524 7309 6370 3851 7185 1187 3132 1868 6386 1454 3130 510 1669 2497 5718 8175 8425 154 2109 4533 27
6522 2271 3008 3484 1291 6629 2323 4591 944 5082 1209 838 7846 5068 4902 8099 819 6903 4297 4768 4301 3836 6597 7664 3025 3956 150 0 3770 1877 814 3329 9207 297 8340 1530 1420 689 2986 5962 2577 5592 5659 6727 9154 2457 7292 3917 4836 4024 3069 8672 631 3905 785 770 6741 9278 1397 1530 458 2217 1374 2338 2044 6843 5275 3925 8706 1935 6828 3362 7668 5205 5280 8814 5709 4290 8461 6491 3500 7121 728 8838 5167 8137 8328 961 8959 5586 869 4539 8633 3158 7160 7068 1951 9873 2382 2861 6226 3688 6236 4518 4844 7358 9050 7321 1670 1553 8147 9503 2295 7016 779 4598 9099 5826 4663 3337 5528 341 3647 451 5149 1305 9977 3654 7017 542 4142 9958 2998 6363 6166 2302 5042 2636 9698 4315 2108 3954 5212 2830 9280 7560 5648 9608 3278 76
8329 5012 3914 491 7300 3130 2602 4924 8139 6156 9071 8881 5450 7343 6751 9518 1812 8146 2406 3204 5727 9072 1155 1015 301 9223 7897 3770 0 1040 3284 9101 2883 8172 4689 9627 6989 7454 1863 911 5794 3783 2960 3971 7468 8086 6030 8806 9575 521 3606 6161 7876 8384 5382 4988 4268 915 9554 8205 2706 6235 4112 1447 4736 2152 3134 8108 8865 9094 8937 260 8196 6393 4762 5257 1695 4698 8158 2379 5571 1169 4100 995 8588 5170 5919 9722 2494 8018 2849 4474 3102 5355 4716 2944 1175 5726 1882 2022 7935 3177 5394 9305 7929 3525 1150 4745 6907 9773 2495 5141 4299 9265 8383 3122 7384 2488 5987 9854 4460 2671 3340 5189 8946 9186 9938 4750 1609 2516 9046 2813 2545 2939 9286 956 316 5243 4419 221 1482 5194 5453 7706 956 193 4414 8295 4089 5089
1882 8434 5132 9839 4328 3360 2428 5804 6181 6389 873 6893 9940 1587 884 1701 832 2924 4118 995 5589 4308 9755 9819 4395 311 8027 1877 1040 0 632 3394 962 2150 1085 3648 5356 7581 4491 2767 4384 1921 1513 9783 7922 8951 5122 2403 4555 1295 7736 5574 6715 1477 9547 5918 4391 4123 6405 8939 5777 3755 6002 2712 7176 6436 9483 7805 5762 9154 3020 6941 5547 6906 938 7231 4283 4034 123 4636 6842 6202 8425 3298 5488 6682 693 5086 8725 6728 3370 7036 2586 1411 2805 9694 9971 645 5182 4337 771 7436 9172 234 1834 2106 2150 9480 9283 7153 7746 2329 5158 8998 7648 7033 717 9782 727 3104 9187 3622 8307 2955 5613 8289 2395 7442 3960 602 3469 3296 6977 7434 1979 888 7234 4150 2808 107 8700 4364 6675 1022 6830 5752 331 9585 4693 9768
9303 8051 8954 5135 9743 2953 4080 3686 9000 225 2890 9281 4964 7361 1065 1541 7442 7406 1040 5978 9842 9384 4850 7641 637 4878 1847 814 3284 632 0 9390 2799 7761 52 3867 6592 4605 4122 3058 5349 8109 1704 3532 4489 1820 7591 2742 9488 9281 1921 101 6254 6582 56 7281 6869 8764 9645 1326 9302 9547 9704 3345 4063 1805 9880 6474 9716 5192 7665 3846 3965 1934 3042 1243 2539 496 3156 526 8129 8589 4280 3796 7850 8102 8906 6844 9100 4122 8533 4450 4210 5348 4413 9112 1789 2230 8330 8060 8478 6724 7449 5594 6552 5150 9738 1897 1256 3724 6028 9516 7309 490 9524 2308 8968 8058 8888 9116 2470 5399 6527 6560 6099 7075 4020 7207 8390 9030 172 244 818 3507 7426 3361 593 1191 2424 5737 1430 5785 7172 7171 7918 7018 9258 8011 7942 6542
4839 7307 5880 4690 5668 6612 9975 6962 8611 3994 1612 698 7922 3630 9613 2496 4457 6866 9253 1178 404 6127 9744 1817 5003 5936 7541 3329 9101 3394 9390 0 4859 2556 9166 2770 3216 1803 6544 2265 1232 6506 95 2945 6088 427 6041 7429 5098 4689 6481 4941 1256 3961 7869 9855 8347 7612 3434 1493 757 3957 5932 7464 5823 1880 8372 7343 5485 2978 2321 9648 7264 9327 2753 4315 507 8901 7197 993 1011 8515 3745 8426 4938 6582 4228 6711 8924 6845 4713 9067 9429 5573 654 999 146 2364 2568 2610 2185 5177 3482 8908 5608 8505 3351 1868 7021 7992 5707 7977 9320 1129 491 6018 760 6070 9382 4024 2026 9139 2076 7322 5855 9495 6210 7744 614 901 9040 2536 4376 5541 179 1556 1910 151 9859 8851 8924 1260 6096 2032 3420 3920 8963 7648 6640 3302
7342 1316 6975 7859 7197 6417 4664 7118 6802 5877 6048 7139 9825 3978 6623 3434 6039 5983 5568 2682 3133 2697 1712 5809 9800 1637 5794 9207 2883 962 2799 4859 0 7968 1623 9509 288 2626 8852 8948 1983 6062 9693 8556 430 1194 8179 5103 5675 4478 8323 1543 4806 6948 2127 2854 7771 6806 144 4058 4853 8351 8893 6380 6703 5702 3588 7438 7284 5136 9934 6486 510 8724 3905 7930 986 6900 4537 7075 4040 8321 5404 3856 8687 7987 5430 6725 2109 5918 746 9845 3645 6261 4466 1013 1936 4908 842 5427 3731 8166 3732 3177 5601 6998 1278 1016 5588 9352 393 1945 5921 622 1163 779 6324 7574 5496 6370 5869 5280 8083 552 569 1415 5181 3298 5896 3757 1608 1979 9714 7907 6471 952 703 9886 9713 5754 6334 625 5945 7290 458 4506 6246 6801 1813 9077
7430 8869 4275 6101 8268 5647 7265 2765 5457 9229 4062 4428 117 4453 5674 3620 7795 7758 7060 3166 8817 3627 8492 1572 5307 7679 990 297 8172 2150 7761 2556 7968 0 8935 8524 4340 8723 4625 3344 1610 6225 5255 87 6476 9830 7593 5761 3208 5903 1347 1193 7178 4410 9284 7849 776 5819 2299 5261 1961 4928 8127 4976 756 8168 4479 1109 9870 1993 8658 3799 7873 2638 1900 7847 3763 1233 5956 8166 9829 4703 6809 7171 7425 8925 6246 4336 170 4871 3347 7151 2309 2479 9137 2193 1608 6160 8768 114 6613 4891 7936 1607 7634 3705 235 9635 656 6574 7044 3017 6554 9008 4149 3647 8784 2942 1875 6640 9335 4444 5117 6739 9807 7288 1725 3390 3621 554 333 4817 1673 6398 1085 9134 7593 6216 3480 245 6652 7275 2735 7724 3951 1361 4545 2060 3221 6522
2905 3162 1041 8104 9192 5852 538 7681 8362 2316 5933 527 8682 5891 6597 1438 2646 9031 7788 1613 5528 8984 326 922 800 8669 2125 8340 4689 1085 52 9166 1623 8935 0 7590 9977 2822 1425 8089 3521 9078 1138 4046 4489 4249 349 5169 135 4557 2074 8525 7359 2132 9718 5811 5095 7836 859 1492 5393 59 4761 2106 2886 2401 9211 9215 8724 5382 3599 8418 3654 1398 1563 3451 957 7732 1709 8371 227 6950 9147 708 3096 1722 5708 9268 2194 6519 703 1820 2078 5197 4253 9217 4937 2261 5056 3749 4216 651 8966 5891 3862 5359 2317 9071 82 3133 703 5707 855 2909 2914 9602 3600 2922 9550 4301 1992 8158 4721 9848 4898 6744 7425 6537 3302 9439 2094 6752 199 911 5637 2612 7801 8270 2213 27 3336 5892 3579 2816 5633 8361 4200 6406 2105 3696
6003 9547 9197 8312 8664 3424 2284 3079 2207 3514 3379 9850 4187 9184 6687 898 728 3499 3929 2761 5188 4283 9812 9653 4139 9028 7452 1530 9627 3648 3867 2770 9509 8524 7590 0 2258 9420 7342 3860 2612 325 6818 8142 8574 100 2127 2332 232 3216 1495 7639 88 138 8869 1479 6475 2005 7306 5904 5397 5742 2228 5008 256 9264 3706 6483 6615 4680 532 6775 9967 8852 8294 7796 8510 1497 8475 7494 4185 923 6829 9805 6137 1285 5374 6341 8 4112 8161 8947 891 7070 2274 7727 8542 1844 5163 79 4372 4744 9363 8355 9188 1725 1419 8647 8763 1895 5125 1084 2343 1539 2201 9390 7080 2766 6864 4740 4301 7396 9237 1914 7553 377 8045 2368 9745 1646 7465 6858 921 4717 6766 3633 4467 4000 2243 2865 4625 2784 4433 7526 2851 5212 2725 2971 719 1590
8141 7788 331 4246 9235 4339 3073 6631 5428 4042 8030 6836 4135 156 3951 5764 6244 4908 7088 7651 4267 4401 1521 3628 8268 7303 9622 1420 6989 5356 6592 3216 288 4340 9977 2258 0 415 6670 7448 1813 1992 5813 377 4388 3116 733 8648 9930 5972 6525 3090 9191 6965 7347 6289 2966 3777 3029 2156 7118 3850 9747 1966 5055 9162 69 9107 5553 135 3427 5668 9812 6089 2088 694 728 940 8384 5155 4760 9851 9265 9402 4340 357 1210 2272 6684 2447 3420 11 6776 2266 5130 5159 6132 141 4399 7091 9223 4518 133 8122 3416 7909 7056 1130 908 6605 4830 7500 3043 3529 6988 6982 800 7058 8998 5983 8829 7658 7760 9206 8269 8312 6 2344 6425 7170 2567 2659 8448 322 2439 3441 2494 7520 4004 476 8016 3071 2134 98 657 5276 5393 7655 1230 2022
7101 9449 7054 4069 3604 4702 6941 4120 7966 135 2845 8785 4919 5629 2500 8085 5429 966 4209 1484 8930 8890 5669 1473 2574 3423 3485 689 7454 7581 4605 1803 2626 8723 2822 9420 415 0 395 7958 1495 9341 2266 3024 4671 4816 5084 8296 282 407 6043 3299 2501 5869 6646 86 5200 6776 833 2111 9510 7943 1601 2520 808 6046 4109 1579 5941 6140 8373 8906 3453 5850 742 9170 9749 8173 2921 7837 1789 2540 8140 6862 2066 2836 5547 543 592 4375 5532 9875 2586 645 184 1544 445 1919 9370 4505 6279 4793 8433 6899 7684 1366 3477 3041 7171 7988 6524 3319 3233 5671 3347 6865 9407 1891 8057 8565 3124 8085 4942 5698 763 6913 377 1106 5498 8052 6919 6469 9321 9142 5093 7185 6833 9316 1308 801 9481 8807 8450 5807 9778 7537 3093 1486 9929 8581
2827 8823 4750 1411 1141 3370 6804 106 4478 2131 2280 2560 863 4525 1465 7515 1372 5923 5901 7136 4615 1161 449 7305 6187 1186 8382 2986 1863 4491 4122 6544 8852 4625 1425 7342 6670 395 0 2950 5402 9283 8106 2511 2680 5924 4866 2196 7915 361 8939 3133 6541 2163 640 5963 8491 6227 8331 7653 4451 9419 4024 9289 6574 6433 6103 84 2801 7126 1018 4308 8982 879 3891 6344 4088 9705 1520 4760 1593 4470 4377 6435 211 8832 8628 2464 2537 3467 9418 7695 2103 2242 6127 2641 6041 3357 6856 3158 31 6143 2582 1229 5714 4183 4817 476 3704 5520 7942 9312 1071 4026 181 9061 2368 5635 381 6211 8752 359 4466 232 9411 2975 1246 4816 3795 605 9048 3887 8819 1202 733 8168 8449 4646 1539 7249 9846 7533 1794 8979 8909 4054 6776 3284 8470 5952
7296 9490 40 3098 6147 3213 197 6027 4943 6102 645 541 277 2949 7099 7725 6583 1425 609 8196 1384 4377 4642 9464 404 8836 2886 5962 911 2767 3058 2265 8948 3344 8089 3860 7448 7958 2950 0 4587 4053 3078 9659 7171 785 4471 9634 9148 2343 6991 4587 6265 7350 8734 407 6041 6921 7269 7353 7603 3691 2157 636 9211 7756 9236 1159 3977 2597 6615 9014 4160 1057 5233 4221 2011 2652 3839 5551 943 779 6042 1204 8695 6829 8450 403 7404 6794 7429 6324 5918 5965 4321 551 2572 9565 8837 7789 9554 8590 6455 4855 2343 446 9850 9039 2492 4418 7260 4250 9530 1748 1027 2494 1984 3016 3989 586 8356 3890 1694 6870 6000 7984 4877 2030 8316 3188 3719 887 8447 4040 1963 3556 9372 8782 2615 834 6564 5370 6965 4986 3971 4351 3356 6551 1013 1336
9247 140 7244 6246 8651 370 4677 4501 7927 6183 7221 47 9847 4298 2022 1281 7889 7441 8963 1394 664 3424 5067 9442 3293 2440 7808 2577 5794 4384 5349 1232 1983 1610 3521 2612 1813 1495 5402 4587 0 1537 7399 948 1051 5285 9574 5050 4120 4067 3149 9457 2229 7354 7544 2346 2274 4166 9997 5398 4113 2877 7414 4663 2832 8838 5579 5365 4145 8030 5589 5114 9329 1062 1012 5392 8798 6881 9603 8039 2355 7223 6001 9193 8417 2470 6515 1109 9924 2787 6930 9282 3691 6583 688 3448 7846 2527 147 5831 8657 3396 3032 1447 3845 4365 2416 1073 4224 3510 2656 1975 8649 1234 2 7692 8069 1953 8880 4752 5544 4782 5579 9603 1034 6511 2983 5935 2622 3534 7799 6584 323 4058 3900 2574 5621 6569 4610 9984 4779 230 6129 5251 2986 192 2072 7476 5810 1346
790 6624 8204 9316 1907 8500 9930 4774 137 9460 5433 5865 8863 5288 835 8302 4047 9844 4812 953 3883 5370 4822 1653 1106 7121 6624 5592 3783 1921 8109 6506 6062 6225 9078 325 1992 9341 9283 4053 1537 0 4611 8348 537 6442 9726 9138 7940 2980 7255 2832 8192 9611 6843 2314 311 7563 7368 3649 5249 9764 527 2119 414 1567 6745 4051 371 3396 5385 5058 6635 114 6813 9522 7914 7414 5893 1309 2067 6356 4261 4232 9379 5994 3027 5643 4810 4985 5607 1084 299 5689 6251 5603 7563 6849 6537 5650 1987 4905 1947 6217 2477 7418 9711 4648 1891 9255 4075 925 8055 351 9185 3202 8192 7701 9022 7582 2986 7529 527 8903 5763 4234 9471 2456 1581 8451 2177 7520 2349 9788 101 9599 3975 1767 3592 9136 3437 79 5593 3002 9479 9278 6379 3624 4307 5133
186 0 9338 8548 9193 1934 8229 3580 5142 3208 7955 378 4977 9682 439 1754 2284 4810 9050 6690 3154 1833 4472 6325 7436 3384 8870 5659 2960 1513 1704 95 9693 5255 1138 6818 5813 2266 8106 3078 7399 4611 0 5217 1791 255 7405 432 3117 5645 8008 3833 1732 4256 9396 3378 791 1058 7673 4692 1017 6710 2306 3846 7810 829 2101 8891 6247 6676 1612 180 6759 5984 9137 2972 5433 6965 5615 4351 7277 9551 6835 9882 5470 7093 5391 7657 6836 9066 5292 1727 6592 5722 4764 5577 2373 3458 6571 658 3017 3062 5371 2829 2928 3631 8323 8664 3855 8743 6525 1279 3200 632 8711 3426 2040 253 3788 9649 1390 1440 4498 1337 1535 8639 5294 3950 8866 9352 9657 6090 4870 7409 9881 8508 3064 8380 2720 4071 3171 2207 6311 8236 5974 6642 6335 3849 436 5008
4033 241 1274 9947 7695 4016 666 4602 8047 5628 7186 9379 9127 5032 1293 2609 3859 515 7938 1432 3637 331 8280 4407 1939 8672 3628 6727 3971 9783 3532 2945 8556 87 4046 8142 377 3024 2511 9659 948 8348 5217 0 8363 9512 3567 3688 3632 5513 1037 2311 3478 4571 9677 3926 5936 8885 8122 9117 4701 6836 3227 7790 1311 6089 7089 9468 8467 5293 6890 7871 9485 4811 5950 578 8124 7536 4352 865 6772 4517 3062 3816 3316 9237 5328 744 8654 1264 9117 8284 3323 5920 592 9828 1076 6230 9836 9530 5180 8249 7514 6805 3589 688 9324 8162 3718 1628 6657 8771 1808 5286 8838 1225 1394 7375 802 3740 3207 1355 6049 2688 6606 5594 8861 7056 9117 7551 2760 4542 2469 8793 2791 6602 3696 2112 1511 659 5277 7104 5218 3648 3875 2841 3698 6860 6169 4640
8251 4277 149 5807 197 6257 7765 8321 9990 752 2592 7879 2235 8239 7555 3096 9301 9860 6268 7357 6285 9268 4389 6516 2 5444 1639 9154 7468 7922 4489 6088 430 6476 4489 8574 4388 4671 2680 7171 1051 537 1791 8363 0 8816 5235 8645 7242 7467 8631 6066 2304 3385 1131 2033 9621 5709 2172 4057 4315 5976 282 7541 5826 6344 8308 2532 9029 963 7134 7058 8162 2056 8573 4497 5301 2998 3880 4431 1188 2774 2391 8050 5490 7809 6320 4363 7299 7573 7328 4105 5649 2309 7431 9643 2836 4185 1560 7661 2139 8630 5920 4705 1814 1082 7259 9796 5740 7144 1104 2849 2608 4765 6753 203 2535 3231 4443 7434 3026 7330 157 3328 8290 4837 3845 5965 6370 6334 5752 7134 6858 9712 5058 7980 8557 8834 3223 2933 3803 1138 342 1679 91 1355 8860 8092 3565 1177
437 2807 8021 6384 6921 8713 8598 5630 20 5678 404 6892 8051 954 3659 6726 9257 3347 2523 6258 7687 7234 8007 7455 5737 4512 464 2457 8086 8951 1820 427 1194 9830 4249 100 3116 4816 5924 785 5285 6442 255 9512 8816 0 9627 8939 3068 3797 110 3214 1076 3152 8819 3277 6461 6990 9394 705 5054 9806 8892 8058 8764 131 4765 8983 4091 9165 9892 1564 4189 5944 2763 5807 8849 8105 7323 1233 6952 9134 4292 806 4013 309 305 8409 9444 7155 4848 1497 8353 1983 2351 7968 8294 5348 7945 6071 1520 5540 3868 5685 1627 6138 2253 7701 2477 7049 7953 8475 355 9431 3597 4298 4478 7224 5664 7046 3322 3989 5777 8496 5478 1563 325 441 1890 3783 3957 896 6763 4284 2098 9371 1748 7625 1735 4035 8666 4234 1985 5229 1898 6763 4978 9232 2910 6193
5930 7620 1681 6141 9372 1982 5946 1821 3935 8337 3875 119 5907 1369 3276 6726 6936 7480 3000 5555 9135 8949 4716 3989 8484 7570 5753 7292 6030 5122 7591 6041 8179 7593 349 2127 733 5084 4866 4471 9574 9726 7405 3567 5235 9627 0 5211 8534 4788 4684 4201 3783 6352 8514 6363 3947 6966 489 5118 433 4659 7256 7033 3079 3534 5561 1505 1150 8665 4640 6860 3288 1222 8096 2663 1419 9857 2935 6697 6363 8008 3993 3776 8235 8134 6862 9039 6886 5548 3449 3886 3295 3511 9588 2541 3316 8164 5524 15 9706 2006 2465 6183 7540 8715 5472 9780 2675 2982 371 3074 7818 4340 7544 8672 2312 3420 7976 4306 8044 4646 7925 4626 9211 2763 4120 5830 2150 2440 1951 1277 3006 9348 9158 2949 8423 9631 2617 4776 4506 1896 5049 6331 7664 3429 8718 9227 5198 1625
6508 5584 3422 409 4801 7673 2447 6144 685 3793 6592 7820 1814 9260 1766 6257 2107 7480 5653 3175 6628 6787 8793 6811 6544 4800 9626 3917 8806 2403 2742 7429 5103 5761 5169 2332 8648 8296 2196 9634 5050 9138 432 3688 8645 8939 5211 0 6224 3550 403 8831 7616 3840 7530 789 4154 8846 5959 6221 91 9461 6046 691 8119 272 9356 4088 9162 8327 6317 5898 9746 4788 2824 1443 1379 3042 6796 8525 9573 3676 8768 8448 1072 2092 9375 7298 8242 268 493 4479 233 1349 954 9349 5616 2253 1826 7407 2255 9218 7610 7913 1074 5648 8746 2696 7712 3277 4123 342 3779 4105 9829 6754 7687 8619 9466 1980 2192 1288 6003 9779 9997 1603 1844 2012 2567 4494 8703 6272 7612 8358 7075 1646 4829 8070 1504 9326 5664 2838 4898 4969 6044 2926 6957 718 4112 991
8267 7080 1476 6389 2653 8200 8610 6131 5677 8289 1267 8789 9834 9912 1974 2759 7040 2369 4697 7425 3304 8494 3231 1466 4904 2756 7255 4836 9575 4555 9488 5098 5675 3208 135 232 9930 282 7915 9148 4120 7940 3117 3632 7242 3068 8534 6224 0 8609 4020 2143 3848 2468 7234 3270 7289 1639 6084 8623 8576 6706 5834 3858 8336 4618 4061 9003 1075 6207 6154 9385 5460 5601 7841 6935 2919 7048 4906 5715 2880 6929 4958 8505 3701 8523 7488 7527 1074 6215 9570 3051 9467 8828 9788 2853 2964 7205 4508 5112 1220 9216 8202 6119 8067 52 6486 2197 4886 6530 1403 639 4184 859 9161 535 9947 3276 4316 9464 2918 4981 7220 8450 3814 3648 5975 6483 3604 9590 2777 6525 9305 2898 6609 6514 8305 8780 8446 5041 9816 6323 6651 7652 9141 7171 820 2992 7151 5287
818 1753 3148 5707 938 7451 2961 6132 5944 5461 3210 6802 9293 7823 2485 6949 2185 6214 6325 1502 3783 8431 4376 9061 8693 647 9994 4024 521 1295 9281 4689 4478 5903 4557 3216 5972 407 361 2343 4067 2980 5645 5513 7467 3797 4788 3550 8609 0 678 5685 6289 7614 6646 6241 1554 1697 8245 3611 6707 12 9919 4461 750 6561 8450 8135 2560 7094 2609 9404 1986 8921 6041 6501 990 6180 8778 6628 7349 2889 34 7707 9021 3053 7938 8364 5168 9398 6407 1281 2924 8444 3007 3330 5659 3785 240 3392 2393 4038 2509 6066 565 776 5117 3961 6549 8852 4941 9436 8310 9833 2422 9622 8999 1507 8349 350 253 5869 7430 3181 6486 1930 1457 7026 429 9432 8345 5069 5893 1401 8280 842 9121 4966 8957 7044 6853 8000 9749 8854 6849 2647 184 9187 7345 3952
2646 7705 5563 3936 7840 6777 7959 903 6424 291 4037 6811 5506 3102 9030 6739 8397 1944 6171 1922 5763 7110 509 9328 5880 3069 2631 3069 3606 7736 1921 6481 8323 1347 2074 1495 6525 6043 8939 6991 3149 7255 8008 1037 8631 110 4684 403 4020 678 0 4545 7732 2705 95 4819 3880 4527 3099 5272 6592 8437 3844 4370 5054 9044 3387 7119 937 2299 6758 6633 5588 342 6280 3835 8805 7917 794 9025 610 4705 4377 7007 1224 5107 4703 2873 6668 4374 5102 2096 8793 8013 5639 3490 7562 2412 701 3805 2089 9243 6044 4900 217 8327 5732 578 4942 9700 9310 4207 5760 2423 7354 1652 278 743 4059 8024 804 4750 5043 4299 1006 2288 9715 7957 7768 6312 6941 1416 3029 9093 3306 1356 7274 856 1998 2183 580 6776 8201 2761 5239 9141 1461 6978 2888 2388
2079 7950 9336 7082 7496 9353 7419 2171 3593 7240 6369 9768 621 880 842 3474 5959 1193 7503 5197 7465 4168 9385 8461 6487 2111 1972 8672 6161 5574 101 4941 1543 1193 8525 7639 3090 3299 3133 4587 9457 2832 3833 2311 6066 3214 4201 8831 2143 5685 4545 0 7489 1954 9534 7461 100 1239 9461 318 615 8102 9831 8610 7411 1830 1437 949 9000 7058 7271 5346 8997 6683 6792 3397 3357 4352 42 4422 2540 6170 1628 130 4344 4297 1116 802 8438 7670 8312 2870 4829 4041 8159 2479 8343 4706 4294 9290 3616 3698 5320 8878 7389 1106 7675 6213 190 854 1297 5110 9636 8797 6237 7715 1067 8440 635 5476 1154 9045 2558 577 8425 2355 2344 9419 2313 8479 3563 9539 7950 3952 4694 6864 3191 8180 1411 1136 7614 2210 1922 8127 983 5175 16 8575 8169 4484
3151 4835 1168 7073 193 3707 9636 8477 4433 3277 9767 1575 8083 8038 6717 9186 5706 2883 3988 4976 1859 8096 9352 9946 8867 9946 8637 631 7876 6715 6254 1256 4806 7178 7359 88 9191 2501 6541 6265 2229 8192 1732 3478 2304 1076 3783 7616 3848 6289 7732 7489 0 392 5344 3235 7531 9192 8138 8845 3695 5721 1112 4832 6411 9426 9489 902 4001 3595 3194 9309 2026 5857 3143 2487 447 6699 8889 8748 5463 4266 9133 4360 8066 4383 1987 8124 7079 7509 9028 9643 2174 2878 1419 9985 6550 5122 8632 292 1437 4909 6949 6639 6435 7672 5842 1530 1468 378 7803 4599 8321 5470 6713 6635 4560 3739 163 3364 1395 8342 1770 2451 6206 6101 5202 411 829 8845 9752 2830 2394 3189 9930 6071 2180 5440 8235 5805 4478 8673 6631 9314 9190 5066 7479 7662 1635 6650
5549 4236 6461 4212 7463 7362 8101 1151 2462 4553 5589 5710 9291 4009 2960 5962 446 7591 4556 5515 7319 8996 4199 6928 9142 9766 4504 3905 8384 1477 6582 3961 6948 4410 2132 138 6965 5869 2163 7350 7354 9611 4256 4571 3385 3152 6352 3840 2468 7614 2705 1954 392 0 5192 4665 8543 9060 2280 7848 5503 2078 3892 7691 5504 27 6067 8866 498 703 8760 6690 6605 9276 2609 2258 3233 635 9719 8016 6605 2131 572 3031 4841 7698 1341 8578 7835 7801 6278 290 7346 7480 4692 2355 268 8652 6720 6163 5501 8265 3273 6534 9304 2151 1910 5661 8881 641 6661 2395 479 9771 3171 9383 1657 9073 2622 254 7812 3903 6412 5586 8823 9603 3937 5379 1956 1007 4193 3224 8851 3720 2541 9890 9000 5381 5728 5694 388 4075 8160 328 6907 2176 3649 1639 3845 1115
