50
0 4638 2707 5389 5397 6296 4355 3946 3970 3131 4554 8405 6713 7307 8910 1886 5746 8810 504 3328 4056 7467 2647 339 7423 5270 3545 6376 972 211 4643 4068 5278 5434 1480 4298 2876 3238 2317 6483 2565 6019 6743 4196 7352 5075 1966 6667 7591 8962
4638 0 6912 750 2266 8354 4442 897 3386 992 7040 3307 7644 1406 4408 684 4066 5351 9108 2595 2977 8674 4928 4654 9095 9309 5274 997 5342 69 8372 4754 4225 2068 2087 5327 6469 4451 3253 3697 8412 6294 6747 6090 4100 7167 3125 3732 9979 2037
2707 6912 0 328 9551 2310 337 349 2441 1796 3374 5001 4510 8006 4790 4397 1546 2329 2985 7007 4538 3515 434 4186 3343 3049 8746 7263 865 8157 4418 5289 3417 9623 9237 7878 3638 6878 2331 1897 3891 5050 7184 2239 1226 266 6100 1541 9010 2613
5389 750 328 0 807 847 3204 4988 4917 9430 9831 8418 8775 3490 3624 6135 1458 9860 9984 8660 3400 2575 9311 2340 7498 4583 8843 1248 3295 3746 2459 7167 5705 535 7220 7549 1828 1238 108 6952 5695 476 3388 5766 3499 4256 6697 4851 1323 1413
5397 2266 9551 807 0 2292 7141 988 92 1910 7587 1692 7606 7446 3146 3118 8834 5666 7559 3824 4373 822 7168 3852 1299 4904 338 2971 3205 902 9428 4431 6289 2878 875 9748 7717 6828 588 1376 4978 3716 6492 1384 7119 3407 7054 9541 6627 4392
6296 8354 2310 847 2292 0 6913 3539 6094 2342 1757 3573 2672 3564 8343 8143 6749 7195 2588 5137 909 2805 3087 6852 4732 9207 7463 822 1755 9288 7960 5195 7679 3899 7799 4820 4005 930 2761 8833 8575 2398 566 7485 473 6883 3135 1693 9729 3083
4355 4442 337 3204 7141 6913 0 5663 4752 2162 8666 5478 6778 2175 3031 160 3901 1184 8919 7787 8749 2008 7129 3276 5830 6295 2492 9332 8902 311 8849 6179 3147 8338 7716 7090 7730 5525 6433 6002 7237 7553 1853 7587 8715 5394 1715 8785 2113 1926
3946 897 349 4988 988 3539 5663 0 7045 2662 1800 9015 1112 5871 8859 2777 7511 1321 7531 9932 8482 7714 3942 8136 7002 7862 5955 4317 5686 2225 5240 4662 9574 5696 7889 5549 8208 2522 4355 7857 7455 6097 1914 5713 7318 255 5263 1044 3252 9696
3970 3386 2441 4917 92 6094 4752 7045 0 6513 3530 3703 7263 4327 1224 6575 3796 9196 204 41 571 754 2661 3513 8852 9480 2296 2143 4161 3533 1829 4162 88 8714 8875 4422 8013 49 9308 9651 1026 265 2081 8892 7730 9789 131 2719 8100 8317
3131 992 1796 9430 1910 2342 2162 2662 6513 0 4215 9092 3152 7072 5992 5752 4468 5217 8957 18 7256 1758 5586 7093 5977 6533 5249 8799 3 9762 3879 84 7964 7825 2176 7494 606 3289 9098 6669 5061 3035 9628 1492 6714 8835 4508 2748 3305 7282
4554 7040 3374 9831 7587 1757 8666 1800 3530 4215 0 7392 7586 1655 3447 170 5562 2772 672 9994 7043 2018 5209 4656 1874 5285 7875 821 8967 1262 3684 914 9020 6647 7158 9337 8250 2524 1721 8242 6024 6408 330 5184 1628 336 2044 7980 5302 6272
8405 3307 5001 8418 1692 3573 5478 9015 3703 9092 7392 0 9509 79 3678 9351 1724 2077 1405 2843 8144 164 6331 1514 6716 4768 5297 2807 4076 2252 9607 847 84 4907 3196 91 3533 6706 7633 5153 6104 7526 2938 3968 944 4347 6049 2294 9908 1133
6713 7644 4510 8775 7606 2672 6778 1112 7263 3152 7586 9509 0 5339 5640 1405 6679 327 4383 3740 5578 2894 5248 585 2932 6377 3494 1461 8247 992 6527 7657 420 8754 8919 8124 5375 3714 4407 9256 7618 964 8785 8305 2207 9681 1965 3165 9694 4909
7307 1406 8006 3490 7446 3564 2175 5871 4327 7072 1655 79 5339 0 9635 9312 921 362 4400 5051 3165 6337 4219 8907 3408 3733 4196 7927 9723 971 5326 6777 7357 6590 1719 3198 1928 4836 3878 7669 8811 889 4085 5120 8796 3178 2564 6849 5107 2705
8910 4408 4790 3624 3146 8343 3031 8859 1224 5992 3447 3678 5640 9635 0 733 1029 8774 1482 7198 8816 4460 5712 6615 1621 6452 3970 3458 589 1148 3861 5405 7630 1663 6513 552 2106 2782 2205 6224 2393 3988 6012 1529 4554 8240 7615 7136 1111 4608
1886 684 4397 6135 3118 8143 160 2777 6575 5752 170 9351 1405 9312 733 0 4632 8625 6247 8662 4144 9926 9656 8122 52 8634 3946 3682 3757 5667 1167 8564 6971 4209 410 8268 8154 184 995 7815 7864 6325 5643 9550 3254 2804 6124 519 4741 2938
5746 4066 1546 1458 8834 6749 3901 7511 3796 4468 5562 1724 6679 921 1029 4632 0 4939 5772 8664 8527 3095 3472 6331 4592 4298 7681 3190 6499 4372 5043 2727 6981 6470 7424 6922 4880 1062 8549 9688 7201 8612 2224 3756 7354 218 5191 761 533 3564
8810 5351 2329 9860 5666 7195 1184 1321 9196 5217 2772 2077 327 362 8774 8625 4939 0 549 1685 2450 514 4171 4469 4061 5284 3139 9521 5157 1227 3515 5419 2138 4238 5795 3997 7098 2473 6649 2204 5552 6851 8725 6063 4414 8584 3326 2139 6866 2475
504 9108 2985 9984 7559 2588 8919 7531 204 8957 672 1405 4383 4400 1482 6247 5772 549 0 6259 7144 2210 8206 3326 9911 2397 1461 7079 1739 3153 8401 3562 4295 7625 6704 9901 6269 4698 3624 1431 8026 403 8273 7897 4339 8711 1308 2915 9109 4837
3328 2595 7007 8660 3824 5137 7787 9932 41 18 9994 2843 3740 5051 7198 8662 8664 1685 6259 0 6683 3926 1074 3197 6825 5272 3389 1875 8832 3811 7757 2973 7101 4520 6241 9251 6384 3248 4970 9577 2571 7110 2249 5335 2901 1683 9989 4996 2571 4696
4056 2977 4538 3400 4373 909 8749 8482 571 7256 7043 8144 5578 3165 8816 4144 8527 2450 7144 6683 0 5056 3570 1246 409 6420 963 6400 2210 1112 3558 7980 2674 9247 3446 2142 5461 1639 4911 8187 7454 8913 6541 9947 1188 1807 1730 1989 5839 5891
7467 8674 3515 2575 822 2805 2008 7714 754 1758 2018 164 2894 6337 4460 9926 3095 514 2210 3926 5056 0 2752 5037 5886 1825 561 4777 3082 6124 3454 8444 4043 3843 5012 4728 7635 7931 4075 3427 1664 4798 9126 8996 7815 5738 8309 4876 4708 4733
2647 4928 434 9311 7168 3087 7129 3942 2661 5586 5209 6331 5248 4219 5712 9656 3472 4171 8206 1074 3570 2752 0 7590 3599 3365 9896 2918 511 7368 6158 4445 4859 7754 5212 4811 974 6780 9874 2934 6740 7843 878 9670 6759 5311 6400 5071 8226 3391
339 4654 4186 2340 3852 6852 3276 8136 3513 7093 4656 1514 585 8907 6615 8122 6331 4469 3326 3197 1246 5037 7590 0 4615 979 7731 622 6555 813 337 1602 1704 6559 2351 9887 7737 7171 9931 4900 8854 7900 9189 7538 674 7510 7256 1778 7971 8651
7423 9095 3343 7498 1299 4732 5830 7002 8852 5977 1874 6716 2932 3408 1621 52 4592 4061 9911 6825 409 5886 3599 4615 0 1721 2564 5279 4102 8935 6797 1495 7579 9886 4451 4561 7044 3743 5761 8702 9823 6463 3375 5691 999 3347 2758 443 1019 7614
5270 9309 3049 4583 4904 9207 6295 7862 9480 6533 5285 4768 6377 3733 6452 8634 4298 5284 2397 5272 6420 1825 3365 979 1721 0 5100 1274 7887 5300 5136 9149 6344 3506 7388 7521 9027 7989 92 757 2109 9058 6298 8111 8065 5039 2583 7274 8350 5417
3545 5274 8746 8843 338 7463 2492 5955 2296 5249 7875 5297 3494 4196 3970 3946 7681 3139 1461 3389 963 561 9896 7731 2564 5100 0 2801 4300 6638 8488 6671 2055 9950 6788 9526 6696 8358 5608 1888 2845 8456 2551 9740 9511 5111 3075 6883 6745 9003
6376 997 7263 1248 2971 822 9332 4317 2143 8799 821 2807 1461 7927 3458 3682 3190 9521 7079 1875 6400 4777 2918 622 5279 1274 2801 0 1974 4384 9173 3656 6885 626 5298 247 3124 177 1692 2636 8797 4009 6121 9912 2212 6687 7744 8421 465 5940
972 5342 865 3295 3205 1755 8902 5686 4161 3 8967 4076 8247 9723 589 3757 6499 5157 1739 8832 2210 3082 511 6555 4102 7887 4300 1974 0 5521 6838 2916 5302 6088 590 3190 3437 3216 8701 4454 8744 787 9359 5586 463 4572 451 3170 5099 3527
211 69 8157 3746 902 9288 311 2225 3533 9762 1262 2252 992 971 1148 5667 4372 1227 3153 3811 1112 6124 7368 813 8935 5300 6638 4384 5521 0 4851 2002 7209 5442 3874 2332 3755 132 4527 4051 205 7078 8367 6559 9759 5011 1877 1157 9618 1335
4643 8372 4418 2459 9428 7960 8849 5240 1829 3879 3684 9607 6527 5326 3861 1167 5043 3515 8401 7757 3558 3454 6158 337 6797 5136 8488 9173 6838 4851 0 1124 4343 3583 6670 613 4160 139 1791 5343 3729 4797 8428 975 5770 1240 5255 4809 8330 761
4068 4754 5289 7167 4431 5195 6179 4662 4162 84 914 847 7657 6777 5405 8564 2727 5419 3562 2973 7980 8444 4445 1602 1495 9149 6671 3656 2916 2002 1124 0 5697 9752 8708 1487 3762 5759 1896 7582 8300 2542 2931 9151 6451 3526 6134 4680 9818 6746
5278 4225 3417 5705 6289 7679 3147 9574 88 7964 9020 84 420 7357 7630 6971 6981 2138 4295 7101 2674 4043 4859 1704 7579 6344 2055 6885 5302 7209 4343 5697 0 1534 5290 6980 2263 4747 9779 7222 3675 5204 2080 8448 4819 1510 7567 1188 9620 8698
5434 2068 9623 535 2878 3899 8338 5696 8714 7825 6647 4907 8754 6590 1663 4209 6470 4238 7625 4520 9247 3843 7754 6559 9886 3506 9950 626 6088 5442 3583 9752 1534 0 5099 1679 8586 2097 9027 5712 1784 2734 6330 3210 3567 527 6772 3324 4631 3038
1480 2087 9237 7220 875 7799 7716 7889 8875 2176 7158 3196 8919 1719 6513 410 7424 5795 6704 6241 3446 5012 5212 2351 4451 7388 6788 5298 590 3874 6670 8708 5290 5099 0 3901 78 4870 6729 3508 9662 6596 4688 8656 3834 6182 4970 8928 4918 1468
4298 5327 7878 7549 9748 4820 7090 5549 4422 7494 9337 91 8124 3198 552 8268 6922 3997 9901 9251 2142 4728 4811 9887 4561 7521 9526 247 3190 2332 613 1487 6980 1679 3901 0 3072 8194 4618 7075 6260 1518 2010 5290 3996 5960 2838 1307 8914 4496
2876 6469 3638 1828 7717 4005 7730 8208 8013 606 8250 3533 5375 1928 2106 8154 4880 7098 6269 6384 5461 7635 974 7737 7044 9027 6696 3124 3437 3755 4160 3762 2263 8586 78 3072 0 8661 650 9612 6661 5305 3362 9954 4613 8286 3011 7057 8020 5279
3238 4451 6878 1238 6828 930 5525 2522 49 3289 2524 6706 3714 4836 2782 184 1062 2473 4698 3248 1639 7931 6780 7171 3743 7989 8358 177 3216 132 139 5759 4747 2097 4870 8194 8661 0 3046 1617 5298 1847 6995 855 2402 2777 6342 2439 6225 9126
2317 3253 2331 108 588 2761 6433 4355 9308 9098 1721 7633 4407 3878 2205 995 8549 6649 3624 4970 4911 4075 9874 9931 5761 92 5608 1692 8701 4527 1791 1896 9779 9027 6729 4618 650 3046 0 4130 3655 6906 6153 2475 8395 7217 7195 8430 1116 1904
6483 3697 1897 6952 1376 8833 6002 7857 9651 6669 8242 5153 9256 7669 6224 7815 9688 2204 1431 9577 8187 3427 2934 4900 8702 757 1888 2636 4454 4051 5343 7582 7222 5712 3508 7075 9612 1617 4130 0 456 8591 7458 5896 9564 7552 3128 4113 8296 5863
2565 8412 3891 5695 4978 8575 7237 7455 1026 5061 6024 6104 7618 8811 2393 7864 7201 5552 8026 2571 7454 1664 6740 8854 9823 2109 2845 8797 8744 205 3729 8300 3675 1784 9662 6260 6661 5298 3655 456 0 2341 9077 3212 9191 8534 101 4416 9566 9933
6019 6294 5050 476 3716 2398 7553 6097 265 3035 6408 7526 964 889 3988 6325 8612 6851 403 7110 8913 4798 7843 7900 6463 9058 8456 4009 787 7078 4797 2542 5204 2734 6596 1518 5305 1847 6906 8591 2341 0 2802 4313 8134 7844 6966 9052 5419 514
6743 6747 7184 3388 6492 566 1853 1914 2081 9628 330 2938 8785 4085 6012 5643 2224 8725 8273 2249 6541 9126 878 9189 3375 6298 2551 6121 9359 8367 8428 2931 2080 6330 4688 2010 3362 6995 6153 7458 9077 2802 0 584 5695 3132 7374 8326 823 8557
4196 6090 2239 5766 1384 7485 7587 5713 8892 1492 5184 3968 8305 5120 1529 9550 3756 6063 7897 5335 9947 8996 9670 7538 5691 8111 9740 9912 5586 6559 975 9151 8448 3210 8656 5290 9954 855 2475 5896 3212 4313 584 0 8580 457 1891 5094 7509 2310
7352 4100 1226 3499 7119 473 8715 7318 7730 6714 1628 944 2207 8796 4554 3254 7354 4414 4339 2901 1188 7815 6759 674 999 8065 9511 2212 463 9759 5770 6451 4819 3567 3834 3996 4613 2402 8395 9564 9191 8134 5695 8580 0 6254 2323 1553 4152 7403
5075 7167 266 4256 3407 6883 5394 255 9789 8835 336 4347 9681 3178 8240 2804 218 8584 8711 1683 1807 5738 5311 7510 3347 5039 5111 6687 4572 5011 1240 3526 1510 527 6182 5960 8286 2777 7217 7552 8534 7844 3132 457 6254 0 3248 3710 741 2328
1966 3125 6100 6697 7054 3135 1715 5263 131 4508 2044 6049 1965 2564 7615 6124 5191 3326 1308 9989 1730 8309 6400 7256 2758 2583 3075 7744 451 1877 5255 6134 7567 6772 4970 2838 3011 6342 7195 3128 101 6966 7374 1891 2323 3248 0 3341 3256 4708
6667 3732 1541 4851 9541 1693 8785 1044 2719 2748 7980 2294 3165 6849 7136 519 761 2139 2915 4996 1989 4876 5071 1778 443 7274 6883 8421 3170 1157 4809 4680 1188 3324 8928 1307 7057 2439 8430 4113 4416 9052 8326 5094 1553 3710 3341 0 5634 9288
7591 9979 9010 1323 6627 9729 2113 3252 8100 3305 5302 9908 9694 5107 1111 4741 533 6866 9109 2571 5839 4708 8226 7971 1019 8350 6745 465 5099 9618 8330 9818 9620 4631 4918 8914 8020 6225 1116 8296 9566 5419 823 7509 4152 741 3256 5634 0 2278
8962 2037 2613 1413 4392 3083 1926 9696 8317 7282 6272 1133 4909 2705 4608 2938 3564 2475 4837 4696 5891 4733 3391 8651 7614 5417 9003 5940 3527 1335 761 6746 8698 3038 1468 4496 5279 9126 1904 5863 9933 514 8557 2310 7403 2328 4708 9288 2278 0
