150
0 6069 7729 7249 2362 6464 892 7759 7003 7581 2545 5563 7332 9513 2510 9285 2479 6351 9936 3865 5346 4483 9952 1034 210 873 1884 9312 7862 9687 9340 5752 6358 1608 3189 1938 5125 2032 46 5005 7398 4021 5430 6927 2969 5170 9821 7411 1663 3592 9210 604 6989 1622 5484 2508 6161 9642 9227 8235 4224 6013 1230 2254 5941 9333 4260 9761 7678 6604 2013 1981 6800 7586 4572 6166 909 2812 9866 4896 3254 375 6999 7994 3275 9797 6700 3796 3355 5363 8828 5877 8456 3892 451 1852 4416 3012 820 2339 8643 4872 7255 1377 6501 9006 9201 6626 9299 1799 7319 9843 8700 8388 8472 3273 6316 3506 4216 8147 3746 7933 5947 2027 1735 8289 5070 2442 143 8185 3494 2452 4293 4812 4013 3803 8469 2588 6708 9617 9657 9101 6742 5206 5428 2698 9505 324 6889 1561
6069 0 8696 2977 2488 4260 1780 7991 3042 6941 4154 8637 327 6755 9866 798 2207 9036 9145 9279 6022 6389 2671 2033 8423 3142 1145 3160 4770 557 970 9510 9043 875 3513 625 8187 9984 4587 9023 8697 2432 5186 806 6221 4469 1353 1387 1933 9078 4917 8844 521 3424 2550 3194 8611 9992 6126 4105 6886 925 2289 2398 5051 501 6164 7761 2408 1945 7311 151 7268 1746 7818 4859 1370 5643 9492 937 8818 822 4815 6288 7989 7895 8707 8477 8206 1086 783 9288 2807 3672 2086 3372 5578 4700 2080 8147 3869 8208 6397 6943 4172 1644 1089 7369 962 4643 2970 2444 3285 6333 6118 5844 1427 3044 6792 644 4780 1029 4857 277 6250 9641 7212 157 9534 9479 8724 6686 6798 9300 2925 7394 8183 9979 2706 4324 9412 6498 5376 2106 9814 7644 3571 9867 5144 2532
7729 8696 0 2783 5420 7042 9588 7030 6780 513 1185 1248 9486 8467 840 8162 889 6024 7601 2655 2959 125 6461 9387 5308 3661 4840 9842 5527 9769 6386 5490 1819 4587 3071 1405 9665 6459 4234 3777 2411 1996 6728 5172 7933 9055 3787 60 3745 1505 4743 1697 7538 6449 7899 4674 5417 9109 8402 7565 8278 6197 9457 4689 4768 1138 1638 1759 3583 8798 5965 6528 2589 3793 663 8381 2739 6385 8862 9929 687 6716 5519 451 9622 5086 5887 6160 8884 9308 4527 7340 4904 6904 4941 6400 8415 7342 6813 4612 5524 8935 6426 9837 9347 7676 9900 1089 2093 2547 3914 3887 3496 2135 7855 5682 9813 7029 7585 46 6140 556 6963 6419 5401 8729 6149 4242 7261 3494 7726 3694 6610 8293 2722 8384 4111 3646 785 146 2298 5703 5091 5150 9791 1230 8435 6947 9714 1786
7249 2977 2783 0 7659 1800 6032 3034 6275 4376 985 4277 1340 1824 5830 6882 578 5174 7668 115 1342 8342 7635 1056 8524 6853 2701 3125 8462 2700 4493 2696 8767 8697 2991 3577 4704 5796 9058 5194 1690 730 5687 3798 8924 2278 266 2856 353 1703 9578 4681 2248 1868 5686 3816 182 349 3827 28 5225 8936 9317 9386 2807 8450 7275 2996 7089 987 5263 4992 9463 518 528 3197 1055 9367 2928 511 7056 4364 2860 2189 2583 6068 9621 1622 4263 6167 1804 827 2015 9293 1915 5226 7815 3664 4248 6493 224 7486 1777 7422 6371 1408 7666 235 4194 2046 8188 7777 2052 1668 1299 6236 9536 2748 9109 9765 9018 6998 8803 7206 374 403 4151 1290 4334 9520 7955 3304 4822 4028 2784 9453 2331 9616 904 3460 4679 8643 4785 1120 2707 2099 1911 9451 8493 7081
2362 2488 5420 7659 0 3574 2534 6667 8778 2158 1911 3812 8665 107 5084 9691 7920 4927 4086 3203 4188 6629 5801 6394 6746 1746 3938 6258 4726 8384 9143 1947 1181 7471 5340 5285 9229 4130 6746 7575 8637 7422 4821 7877 1654 4724 7955 8836 5970 7665 3465 2789 2207 6366 5798 3065 6438 5332 7491 483 5596 2299 3781 7752 1723 5562 901 8186 9985 9177 7808 6194 7590 5638 6701 890 9714 5209 7861 5754 5986 8999 8508 857 5948 2095 6469 6287 2793 7360 262 8472 4224 4248 9796 7692 4705 5181 1677 8541 3661 5816 3620 9080 9984 1749 5941 7018 5807 7409 5401 5340 8351 6485 7749 8165 3284 2648 8478 4439 1660 9959 4753 5948 5454 4207 1183 9998 8028 6078 1734 8571 3616 6021 2146 9422 5546 8086 9868 7985 283 5196 2430 5683 7083 4843 6861 9247 6866 7960
6464 4260 7042 1800 3574 0 7099 127 2009 7879 4549 6569 4609 3919 344 7431 5190 9445 6509 5849 7863 542 4905 2062 47 7325 4377 5466 5355 8237 1536 9996 9000 6670 9924 8925 2627 3672 6625 7866 8383 3056 5444 1003 9236 3889 7965 5945 9657 2697 3955 3596 3348 5777 2930 5710 7714 7618 3401 5661 3577 9358 8205 6626 5517 4800 9569 2990 4130 8078 6978 4305 2638 4080 8366 6352 7086 1330 2238 8399 2295 8908 6811 5706 2989 1883 7740 7049 3302 2986 3737 8077 9883 4439 9411 1447 372 2712 7673 9646 1662 9361 1999 2789 5895 633 7857 9722 7745 9118 3283 6925 1383 447 6583 9834 3237 4836 1041 2205 186 8388 7148 5641 6802 4751 5933 9354 2806 8810 1243 5536 2852 215 9955 1448 8027 4803 2133 7565 7463 9585 6734 5188 4827 4681 670 2199 2085 5909
892 1780 9588 6032 2534 7099 0 182 5838 8757 9696 7958 817 1331 3886 5057 3350 6124 1332 235 4076 2633 6176 5230 5849 6304 8900 6536 4469 2510 6201 4001 7098 7095 488 1638 7801 9104 1112 7316 8021 9390 2979 6877 8715 9523 2758 4238 2861 8479 4666 9411 7524 5489 5482 9618 4010 2898 917 5151 5171 4993 6917 4386 8653 9090 8995 9690 7907 3223 1090 8022 617 3305 9521 6618 8245 2713 312 2655 5107 5073 4628 5855 1280 5432 7980 4107 8004 9370 7283 1920 3434 873 1885 9471 7965 5435 4011 9959 9029 8413 1750 1379 9233 6729 7229 3222 7619 3085 8377 8582 1085 1951 7506 4021 1470 1051 2412 5425 9558 4873 4581 3677 7222 9849 4980 7308 4534 4134 4068 1995 5686 5951 6722 9080 239 2250 3127 2245 5407 5390 18 2621 2334 4760 1973 4151 4420 698
7759 7991 7030 3034 6667 127 182 0 5719 3477 2364 3665 3131 9533 1890 8672 19 285 1233 1218 4165 6932 6895 2943 9810 7573 4397 6719 5001 2095 1550 8084 3870 6314 5405 8568 8700 3342 9740 3480 5205 9362 1376 6751 6139 5595 7943 6749 7254 8975 3435 7406 5314 1365 3814 8221 3176 4120 1957 5487 7392 2356 3030 9016 5982 7590 1356 4315 2086 6844 6949 9179 4654 8349 3190 4926 8111 4234 2226 2771 6163 2145 6645 1314 1086 7391 62 7698 7863 1792 479 4336 5667 2676 8575 2725 330 3432 2942 9124 1372 8477 963 8831 7206 4154 3535 1601 4353 7829 1512 338 5416 1015 3686 6584 5891 1015 2761 706 8141 1041 7200 5265 1217 3353 7580 8820 8253 1780 2598 5895 6512 5700 2938 2186 8185 3843 179 8095 957 8341 9388 8621 2966 4788 6961 6485 2927 1799
7003 3042 6780 6275 8778 2009 5838 5719 0 3200 6496 977 5453 71 1803 2458 4753 3060 1767 6629 945 4175 2639 6418 1078 3332 5042 9008 6528 9869 9206 6518 8525 7501 2541 9638 2349 8468 8657 7689 3861 1980 78 2802 6172 7510 9956 4165 4057 9451 5336 1084 6200 2450 402 6052 5147 2138 6718 1272 7098 1690 4070 3164 3753 6036 2110 8716 6476 7482 7851 1430 1672 244 9257 5326 3637 4081 750 9320 908 7998 1716 8282 494 3508 5297 3724 2801 3814 3257 914 3638 7960 9330 4691 2020 6183 2143 6762 9333 5978 690 9761 7568 6565 4160 807 9553 5415 7229 3803 4522 4571 9252 7523 7770 9746 3953 4852 875 2733 7396 1977 4103 1547 5590 9169 866 6627 4471 7267 8902 1122 9886 6041 1438 6906 3096 2992 9221 8263 7932 9876 3556 3720 8650 7935 9088 4256
7581 6941 513 4376 2158 7879 8757 3477 3200 0 3349 2284 7431 9379 8132 4563 1572 4 4530 4993 6716 323 4346 3256 9104 8499 739 4330 536 3033 2824 6420 1600 9357 2386 7635 6556 4536 2862 6936 1467 7111 4982 4244 8531 8069 9026 6469 550 9510 8626 5864 6097 437 9807 2405 658 2680 4067 4117 949 1225 5710 6836 1956 1045 2857 5161 5381 5261 4200 3416 952 176 6213 892 1813 5166 3370 5388 3122 4342 3166 6793 4369 4002 9158 9724 854 11 3063 836 5849 2479 2624 1153 663 4176 1055 6332 3434 8282 9787 1297 7316 7817 3058 9892 110 3610 3535 7046 3919 1141 6495 5428 8463 4920 5522 1934 7413 2590 6549 201 5391 9584 7162 6684 5782 3287 7609 6051 3186 3741 6612 9507 5285 6061 8218 9858 5639 8354 7291 3108 7650 3585 6723 9874 9420 7149
2545 4154 1185 985 1911 4549 9696 2364 6496 3349 0 1998 9771 5349 8758 3804 9881 2921 9206 5152 5037 4512 4268 3478 7048 4896 8867 2721 9632 6106 8675 9473 3180 909 8523 4463 7941 1347 1142 3741 6168 2770 747 101 6400 6866 8821 2509 8658 1832 4626 9645 5948 1598 2012 9705 5095 614 6161 8092 7004 9573 3005 5382 4995 4119 1614 6843 2151 8853 2560 3462 8135 9831 5847 2701 9704 5992 2008 9760 6590 9913 7143 3535 3057 7494 2723 7964 2608 1879 6372 6735 2258 105 2388 8978 5319 1794 1712 4981 86 1608 9398 268 6661 4085 6852 5967 2059 1057 7570 1372 104 2672 75 7301 525 3982 8398 3478 8868 559 7111 4166 7088 1452 1807 2499 1564 1367 6148 4873 7440 229 1556 8100 3720 254 795 2647 6493 5646 8000 4199 4284 1056 9081 1081 2023 3718
5563 8637 1248 4277 3812 6569 7958 3665 977 2284 1998 0 4204 8635 2443 2558 1249 8730 6066 5232 1840 4604 5537 7048 2445 9672 7608 751 2566 9360 2497 9004 9538 7605 5650 5612 4252 8474 7608 4245 8575 4206 9623 2298 5812 9449 886 8668 9322 6188 5865 5019 9555 4751 8404 657 8057 898 1189 2952 950 1727 8433 3194 2462 6200 2526 4915 1385 1411 5222 1789 3541 4034 3790 6105 4289 2868 825 7652 7835 7846 4136 9023 7497 9399 9977 6733 7611 6334 2485 3918 8555 5240 2767 8596 9581 3219 4814 9900 1335 9171 2546 1985 9562 5054 1744 5195 5532 6488 8705 1663 2258 1671 1561 1664 523 9678 3348 3087 8844 495 8253 7976 1775 9224 4129 4139 4088 8547 5260 8070 8568 3768 5867 7508 5247 2452 4358 8049 5799 6639 1255 4795 4856 9963 805 4363 4825 2565
7332 327 9486 1340 8665 4609 817 3131 5453 7431 9771 4204 0 4560 2888 7849 2183 5150 4037 4798 2115 4539 764 1378 9440 5974 9869 3437 8363 8704 828 3384 2525 5636 8551 1226 7449 3663 2281 9978 1722 3411 9761 3761 1624 2522 4121 36 6874 9157 7468 3771 6695 7771 1013 3938 9342 4304 5884 6305 3165 1051 538 5826 6454 6123 8324 7426 966 2104 4268 6948 5825 2449 4075 7911 6299 1503 3650 3420 1418 5375 2692 5619 9988 1704 4729 92 4422 5189 9068 2839 8279 6048 4063 5339 8712 7061 8887 6555 1495 4167 4511 6591 7777 4383 4603 6461 415 8871 5112 7771 1380 9581 9622 7598 4427 1642 6548 2755 294 8534 7857 4341 2622 6212 3916 2398 5611 958 2509 7138 2930 7785 7834 5355 24 1756 6747 566 307 5780 9219 1012 418 7846 1405 3920 1515 2658
9513 6755 8467 1824 107 3919 1331 9533 71 9379 5349 8635 4560 0 446 7896 2974 149 3977 9350 8340 7129 7486 669 2854 2055 5038 5024 219 6005 9177 4837 5996 1884 3955 99 2255 1162 874 6977 8952 4561 8701 8676 8068 6049 9877 3371 9232 9374 7550 1466 2638 8895 8508 4775 8693 2857 348 9437 1144 4074 1745 4222 3492 7504 7759 9711 9343 4012 8454 3939 88 938 5981 2505 2475 6815 1764 8622 6073 9982 1554 6595 128 6024 7169 9246 7385 5038 35 8623 1220 2852 3529 3113 4034 4197 2228 5936 4016 4693 7806 5369 2210 2145 9678 2880 7048 9239 5121 955 737 7579 1886 4203 4498 3910 1907 8513 5392 6040 2538 8793 7585 6185 7163 9422 5644 2289 6384 9951 6 4506 5766 5323 9511 4756 832 8922 2355 733 7832 4192 3799 6929 5337 126 9695 6333
2510 9866 840 5830 5084 344 3886 1890 1803 8132 8758 2443 2888 446 0 5329 8239 8945 7353 9481 9407 841 6275 5194 6149 3686 5470 6908 8416 5138 4763 603 6584 5980 3971 2775 1211 8959 1741 9777 7057 7696 9405 440 4704 9948 1031 4694 9696 253 9144 1177 1427 4124 9379 6143 7139 10 2255 1481 7407 8442 4593 2838 1644 6887 4436 1151 3725 6886 3103 662 6608 2905 9441 4897 7744 3401 6127 2054 634 2969 2944 7083 5174 2972 4116 8098 3919 5274 8277 6141 4623 7514 3587 1459 2601 6335 8799 651 2791 8511 1636 1520 2944 276 7290 2226 1774 1925 9450 1647 731 68 467 9446 3669 3549 5739 1375 2424 7699 8641 5332 9497 636 1158 3419 2910 5289 3181 1226 8026 652 4280 1363 1652 399 3291 2645 827 7867 1493 9160 6070 4903 1691 9041 1154 2617
9285 798 8162 6882 9691 7431 5057 8672 2458 4563 3804 2558 7849 7896 5329 0 3502 2641 4258 5090 9604 207 9449 1331 9862 3859 1283 6792 8130 2674 5241 5927 4995 7742 4408 7900 3850 6973 3379 6551 224 9811 7665 7857 4059 1529 508 1106 8450 3427 8200 3795 6767 5140 5680 664 3140 9869 8111 8330 2164 5609 9693 8862 5362 6747 2781 7055 3477 6530 646 412 2861 9163 9380 6404 9903 154 5835 6379 2132 4933 5873 8267 2611 2716 1717 8129 7315 6626 6504 7805 6151 442 8429 64 2645 482 1096 4693 2776 2112 4672 4656 6002 264 1528 9233 5121 8615 4868 6640 4470 1228 9956 1842 1499 1450 4903 5483 6957 9591 8598 7582 3358 3977 6678 2203 5477 9945 2373 6788 2838 6678 5204 7579 2456 7655 7724 5269 4584 217 1607 3362 1077 6122 7017 4974 9542 8900
2479 2207 889 578 7920 5190 3350 19 4753 1572 9881 1249 2183 2974 8239 3502 0 7895 157 3175 3661 3662 6842 5598 2068 5530 6907 9756 6170 7591 9498 9195 3499 1762 2281 6440 5341 4121 7757 3943 7185 7736 3148 9718 688 7422 6023 4317 2017 2666 7915 5878 9753 3382 5162 5319 9675 6648 7140 3377 8680 1346 2847 4540 4419 3371 4103 420 5774 7103 3019 3664 6843 240 3878 2301 4228 5927 2462 2719 4372 405 5497 7067 4625 3541 2692 3832 6822 2363 2045 9793 5478 9616 2690 6939 6888 8281 9737 4344 9004 4198 9552 8417 789 9995 9938 5016 3121 6961 1604 9222 870 3111 5150 6666 4269 2758 9950 5984 9428 5914 7666 7429 185 3880 5311 314 5946 3908 6102 4113 955 9510 8688 3237 5136 5419 280 1034 8341 8680 7363 3037 9707 5438 7922 9808 4732 2232
6351 9036 6024 5174 4927 9445 6124 285 3060 4 2921 8730 5150 149 8945 2641 7895 0 9143 7105 5063 4033 9228 8905 9882 3755 1483 9707 3070 5495 902 965 9498 8827 3851 1629 4351 4567 1639 9655 8122 2528 2471 3559 3840 699 8092 7481 7077 739 4758 2348 6505 4876 3063 6397 4633 3155 3341 250 9627 638 6689 749 3362 7308 952 3497 6707 8967 727 5732 8973 5835 3423 9204 1958 8082 2170 5974 2198 7847 7660 5899 95 2238 506 2161 6324 9384 5400 4540 4197 615 91 9294 6780 9630 3516 9099 9115 6875 131 4762 443 9223 8407 4446 9414 1179 5223 5400 6367 7934 8905 142 7189 9083 7274 8909 4783 5838 625 9909 9724 1300 8452 5619 7588 4229 8910 4008 1551 7844 4875 2261 8852 985 4148 7710 3824 8485 7247 5316 2740 4057 3486 1211 9145 4390
9936 9145 7601 7668 4086 6509 1332 1233 1767 4530 9206 6066 4037 3977 7353 4258 157 9143 0 5211 8599 3532 8124 8911 9000 1566 8897 9396 7381 5829 6146 9912 6722 4179 6627 6400 4356 6628 3954 9870 470 7995 9424 8613 4278 8197 1485 9549 6970 3199 1185 8894 5013 8951 1259 9245 870 8073 4172 6606 8630 7762 4618 2482 3143 7147 359 8991 8769 1110 4562 5302 7952 6395 602 6802 2953 384 261 8547 57 3829 9384 1762 4199 776 9280 5431 1743 4236 2423 9386 765 8736 5572 7969 4623 1279 87 6357 6483 6146 3164 8932 6001 7361 1893 759 1577 1301 929 1611 9739 9020 5834 1785 3941 5306 1360 4554 4727 4582 1018 3909 3146 6097 587 1286 5793 9605 9306 5545 1160 126 3149 6161 724 2624 965 7807 1615 242 2648 4736 7390 8022 7814 200 1342 4241
3865 9279 2655 115 3203 5849 235 1218 6629 4993 5152 5232 4798 9350 9481 5090 3175 7105 5211 0 8517 4731 6017 6852 9928 9744 5206 4374 8401 9003 7944 5933 3981 347 8608 1612 7885 6785 1640 1602 1435 702 3517 4631 7542 1522 7330 4423 7155 7796 7046 8946 7553 5311 1704 2049 3273 7916 125 6908 4129 2252 8131 4647 3193 9173 1720 4087 1821 4503 7559 8650 22 8020 2960 3023 9638 8674 8671 5123 7726 9906 1727 6626 5796 7205 1712 3227 7974 8284 5047 7245 390 395 3883 8979 3725 1940 8398 7681 8786 4396 6133 646 4477 1335 6528 4520 7341 30 180 4794 4201 1566 7149 9024 267 4947 5859 3533 8732 7948 9391 8225 8976 4261 2785 2885 6620 3305 8639 9650 8516 1223 1397 3861 3951 1328 6288 9928 2990 3436 120 1752 8920 8806 7364 6687 4289 4037
5346 6022 2959 1342 4188 7863 4076 4165 945 6716 5037 1840 2115 8340 9407 9604 3661 5063 8599 8517 0 3535 4491 9071 1799 6802 7577 607 9701 2425 6703 8621 2550 8633 910 2216 7564 5048 7021 9344 4924 9859 7908 2511 6433 6123 6607 1871 5304 4456 4064 1823 934 9168 3332 9407 3429 7981 1121 7835 700 1754 7360 9027 9140 7892 8795 7422 3120 7739 8307 8896 6140 9369 3998 6207 3559 4245 3693 9646 7281 256 7409 5724 9624 5910 3852 8957 5018 1938 8189 8015 7297 8841 5552 28 256 4428 8456 4224 7036 4396 5340 9429 4508 3651 6854 4894 1846 1195 7522 9805 3631 8272 9973 2470 3945 3902 3923 3257 5756 2458 2873 1335 9628 5422 7420 7062 197 118 2435 1882 743 5617 9614 2617 8620 3199 3505 6312 8824 463 2915 6943 7044 2981 6471 3708 3239 8251
4483 6389 125 8342 6629 542 2633 6932 4175 323 4512 4604 4539 7129 841 207 3662 4033 3532 4731 3535 0 483 1093 4615 6361 6837 9683 7263 2772 5849 6781 395 7797 3876 4386 1125 5250 8432 8506 8245 9777 2824 9349 1628 9444 9206 4674 4280 5485 1261 3278 4310 1002 880 3372 7377 1834 8554 7985 8555 443 4939 2465 8193 4840 9645 932 2313 7838 8313 7368 6609 2060 7103 352 8826 5133 5655 2590 8769 887 2303 9630 6946 208 2298 8743 4051 969 4002 6883 3291 7769 6127 1550 4429 29 5518 4403 8529 109 5641 4048 3628 2056 4347 9510 1590 8742 5912 229 2655 3770 782 8113 5013 2168 3126 250 2707 4504 6844 8447 9926 8183 5517 3293 4874 3851 7313 6569 2962 7166 6942 823 5065 2109 7085 6819 3936 7338 1716 2456 7693 264 5381 633 8957 3264
9952 2671 6461 7635 5801 4905 6176 6895 2639 4346 4268 5537 764 7486 6275 9449 6842 9228 8124 6017 4491 483 0 1190 8232 1409 1093 5250 5117 2769 5596 4170 6623 3487 1709 8377 3462 8969 6314 9571 9958 7674 6386 1073 1779 396 9665 2299 8206 6566 79 6748 879 3020 6697 6470 6638 246 2859 2514 9006 1946 3849 3836 8122 6354 2637 1003 5063 6758 1388 756 2422 4483 9453 9556 93 862 4186 2283 2469 3179 6860 4265 276 1410 4943 9432 9740 7640 1762 9222 1284 9722 6512 1101 8606 5621 3786 5864 7925 3031 1081 8831 86 9730 407 2291 9772 78 9055 7058 4362 793 7280 2477 8558 1860 7087 1088 1128 4113 4431 7582 3506 6626 6301 9117 954 7426 161 9377 6993 7843 530 9653 1099 4990 2925 5489 6538 7357 2794 3155 6911 9027 9458 9177 180 833
1034 2033 9387 1056 6394 2062 5230 2943 6418 3256 3478 7048 1378 669 5194 1331 5598 8905 8911 6852 9071 1093 1190 0 8856 9866 321 2371 2917 8414 1919 5227 1661 6663 2057 9755 9937 7063 9634 1277 6232 6799 7411 5974 8102 6555 4957 9845 7600 4406 9750 7051 2902 9035 9687 2701 252 5451 6418 7864 1649 4783 4510 8493 1142 5190 3859 2546 9267 6928 8291 2636 6986 4141 7142 3366 2357 9119 5283 4173 9555 1497 3811 4644 2134 5750 9044 8063 193 9319 5254 3528 7801 493 7858 698 8294 8865 4621 8593 5037 606 5846 7028 9771 194 3853 4616 6447 6598 8387 9712 2608 8065 7018 1530 4508 5071 6745 7218 8229 700 878 7136 7320 4552 4366 515 1708 5193 2863 2789 5366 6057 3361 4647 7093 4913 5370 7140 9119 3427 3497 8894 6129 2916 4150 4770 3422 7315
210 8423 5308 8524 6746 47 5849 9810 1078 9104 7048 2445 9440 2854 6149 9862 2068 9882 9000 9928 1799 4615 8232 8856 0 7420 3252 4914 706 9338 4444 8694 7739 3448 4069 2932 5904 3316 8461 1185 116 5589 5745 7282 5049 7489 2654 1130 5771 4421 4842 2977 7839 2927 7363 3504 7100 9993 9381 4966 9268 4049 1025 8446 4536 7806 3140 7826 1942 4027 5456 7513 4837 4959 370 6749 4657 8134 5170 6527 8261 4 5315 5368 8314 9057 7737 7722 9089 3597 5578 4296 1554 5650 1771 9505 4992 5083 359 2371 2691 4130 4814 3999 2500 8515 2568 8091 791 1052 8943 5737 8069 2278 9167 8141 6085 708 4454 4452 2070 8747 1803 5066 7863 4305 2856 3411 5388 51 7522 2789 273 5463 3242 8243 8793 4789 8619 9732 7578 131 5213 7330 1985 8035 9353 2089 6780 2968
873 3142 3661 6853 1746 7325 6304 7573 3332 8499 4896 9672 5974 2055 3686 3859 5530 3755 1566 9744 6802 6361 1409 9866 7420 0 9157 2388 8565 9880 7662 6785 9810 2462 6075 7577 3645 3982 4272 7512 4562 6606 4889 2761 4742 865 8517 5940 2307 4369 2038 8246 3215 529 7437 3236 8864 3418 3296 6206 7441 8151 776 525 5255 3535 2250 2175 9623 9630 2966 3174 9834 7676 4950 7543 4644 5239 2693 7566 9119 9868 2874 7887 9360 9778 7355 1522 2436 6389 6008 7695 2816 3760 2963 9757 1860 9319 8244 2937 7339 728 8200 2442 5120 7119 7591 3187 509 8724 1456 7786 3120 7700 5820 2602 7333 9419 2582 1053 9062 476 8554 8680 8879 5301 9056 5183 2504 6309 7739 1515 5063 4092 5439 2613 7232 4279 9631 3025 5597 9311 1068 9547 3104 1174 7694 5612 6247 4879
1884 1145 4840 2701 3938 4377 8900 4397 5042 739 8867 7608 9869 5038 5470 1283 6907 1483 8897 5206 7577 6837 1093 321 3252 9157 0 365 3991 5195 6962 1990 8838 3544 5666 3076 2149 4681 4409 8399 8463 2038 8817 1666 8893 5516 3819 3584 3535 5527 2550 2817 873 4222 1295 7215 8516 4192 7699 1030 4189 9749 9556 47 307 7895 7590 7610 8360 1376 8110 5529 556 7583 5628 5699 2497 7706 1067 8459 4034 3766 5542 3647 4971 9132 1724 6069 8807 3165 4423 3955 1249 9161 9033 9595 5674 4552 2040 6613 1597 299 7332 4856 539 5534 2766 8268 6120 8921 6312 6102 5068 4216 7069 22 1993 7257 3459 2491 4425 2468 3025 7178 6151 6556 2938 8371 8721 172 8076 6210 3352 8359 2837 868 9205 886 1755 1631 2079 5549 3502 1737 4800 4876 475 43 1532 4925
9312 3160 9842 3125 6258 5466 6536 6719 9008 4330 2721 751 3437 5024 6908 6792 9756 9707 9396 4374 607 9683 5250 2371 4914 2388 365 0 1213 5942 179 8398 8753 2370 2265 7072 562 3993 3582 1788 5840 767 6575 4453 326 8676 8017 8551 4337 7186 5689 2975 9052 3687 4827 7649 5631 4629 1455 5986 4612 4176 7003 110 3054 7984 4891 9602 1491 2300 3858 5039 6715 2188 8533 8933 8693 2522 5126 7172 6257 6959 5948 4850 7373 2064 7152 3377 4193 7713 5261 1125 4267 8305 855 9405 1636 2670 7002 8725 1671 8040 2281 8203 5223 7031 1875 3161 5891 1822 8190 6498 7660 7892 2122 9931 3437 7312 861 1314 112 9111 8682 2094 7444 1 3533 3489 8750 536 2851 8001 1940 9266 4274 2873 6943 5407 6953 4245 7792 4269 9758 1440 8112 7843 8872 3183 6877 4096
7862 4770 5527 8462 4726 5355 4469 5001 6528 536 9632 2566 8363 219 8416 8130 6170 3070 7381 8401 9701 7263 5117 2917 706 8565 3991 1213 0 8759 1827 3280 3210 7268 4482 5286 5219 7619 6560 2868 1052 9161 247 9029 1249 3525 6178 4571 5068 1445 9743 7593 7140 2655 5702 3282 5844 4731 7573 9675 2531 718 790 7335 7165 6408 9434 9705 7109 3320 275 7334 1186 3387 4558 9490 5051 4336 8921 9495 2689 5666 7128 1261 1960 3880 5009 7916 5974 622 6228 1527 8299 9995 6134 3449 3130 7423 4421 8438 7942 2414 5566 8108 4479 4295 9549 1340 9994 1401 7861 9573 3034 552 849 6181 4080 3055 3767 9240 8608 9517 4440 2861 7991 9754 3913 118 2847 7846 6706 1964 5090 628 3084 4149 9664 390 3428 4295 5476 5723 4393 8807 1839 1795 7394 4481 1102 6326
9687 557 9769 2700 8384 8237 2510 2095 9869 3033 6106 9360 8704 6005 5138 2674 7591 5495 5829 9003 2425 2772 2769 8414 9338 9880 5195 5942 8759 0 5963 4821 4896 6499 802 468 9547 6190 1004 8998 3598 7150 7980 3891 1935 3647 4084 242 8271 4706 8878 1232 3696 900 1352 8838 9882 6996 2041 3505 7973 3770 1139 4123 7876 1272 317 410 2028 8248 907 3610 9907 3196 9983 9872 9219 4120 8459 6782 8281 5354 9583 9454 6664 9406 625 6776 7635 1408 5305 1719 5219 8008 4695 6552 5331 6680 5475 5987 3286 9660 4796 310 7922 9933 9477 1235 9009 7515 8230 1669 631 5323 504 8828 8401 13 967 6872 5298 5722 7583 988 7199 4601 8291 8288 780 9654 2236 6311 6118 7961 5757 7995 6475 9466 551 6687 6590 3874 4763 8519 7307 9222 5414 3091 211 2325
9340 970 6386 4493 9143 1536 6201 1550 9206 2824 8675 2497 828 9177 4763 5241 9498 902 6146 7944 6703 5849 5596 1919 4444 7662 6962 179 1827 5963 0 2959 1357 2261 4051 2507 7122 5035 4573 9333 9446 1423 7323 7019 641 4909 5847 9069 2152 8965 376 7800 8521 9545 2411 6097 2587 9491 1678 5707 5848 1536 326 9272 1807 3178 443 2834 3024 4426 5577 8947 4110 1426 850 6395 1813 8163 2834 7939 4617 2938 5270 779 8185 2776 5843 5412 4200 1319 256 4644 8298 6320 760 457 2046 578 8215 5973 3697 1292 7863 1487 4301 9479 3248 7117 345 9774 7742 3085 4598 178 1336 7721 1948 2912 4133 9416 127 4273 2500 3607 4750 563 3621 2834 1128 7955 9047 2194 939 2918 5192 6206 7254 5133 6065 4540 4006 9752 5213 928 7688 4166 2266 291 8221 3034
5752 9510 5490 2696 1947 9996 4001 8084 6518 6420 9473 9004 3384 4837 603 5927 9195 965 9912 5933 8621 6781 4170 5227 8694 6785 1990 8398 3280 4821 2959 0 6153 8671 2575 5832 7209 1049 3551 7568 6754 4362 2281 8109 9536 4641 6754 5420 832 350 2168 8394 4384 4755 5752 8463 2316 3994 1155 3229 2860 946 8866 7936 9555 859 7190 134 7646 7122 960 313 4696 4415 7405 1482 7406 8395 5943 6277 1623 9728 55 7093 1105 7234 3500 9531 5042 3402 2234 4819 9065 3535 731 6669 8532 9272 6201 8306 2058 4354 9942 3658 5518 8214 7267 6553 1969 4219 1885 9802 2496 3742 3949 8832 559 4044 1872 688 4576 8737 4892 2228 2107 8368 5206 6986 9052 2624 9258 8588 2039 1763 1674 3887 8587 7056 1093 9742 9466 7515 4102 6047 3365 5365 7565 5675 6393 2840
6358 9043 1819 8767 1181 9000 7098 3870 8525 1600 3180 9538 2525 5996 6584 4995 3499 9498 6722 3981 2550 395 6623 1661 7739 9810 8838 8753 3210 4896 1357 6153 0 6246 3246 4006 7231 3719 1059 4848 6348 6304 727 8728 1248 8975 2960 6003 1729 8338 5708 2544 6438 320 4238 7426 478 1359 3612 4854 8078 6206 2332 9332 1885 2095 6900 3919 6518 3590 223 9297 5773 1266 1173 9621 9913 5917 4650 2073 3087 4761 3239 10 737 673 474 6798 6324 1005 9688 7975 636 350 3969 5348 2540 8335 3490 63 4016 4189 2952 8573 7920 3964 2563 3901 4094 9006 1747 5754 9791 9816 2470 8520 7362 4857 5633 549 3541 6116 2726 6684 2913 3982 217 4124 8899 1399 9443 1789 486 4763 5908 9165 3694 9087 4606 6086 5519 2673 5413 6950 7385 7681 3924 5181 1286 3405
1608 875 4587 8697 7471 6670 7095 6314 7501 9357 909 7605 5636 1884 5980 7742 1762 8827 4179 347 8633 7797 3487 6663 3448 2462 3544 2370 7268 6499 2261 8671 6246 0 3870 5483 8793 946 2611 4635 1120 6145 4049 1680 2399 8202 1851 3870 4409 8529 7393 1720 5396 9454 4153 288 4338 1816 8696 4597 7666 6919 5846 8585 2469 2174 2652 2648 6248 4255 6383 6094 6331 1085 6979 3707 9662 8948 3324 9360 3412 7966 5314 1242 1432 2921 386 4055 3643 6741 9585 4368 5514 8852 1207 7856 2382 883 8969 4177 2084 4634 5449 6518 3822 1304 4697 6655 6322 3626 780 330 7171 1110 4271 3181 6677 6372 3561 4980 9946 699 5973 7218 5056 1857 4254 8655 3921 6660 9050 3923 1077 8725 9362 5515 9929 6307 5927 576 640 5767 5040 8282 4655 2840 1831 3991 8075 4984
3189 3513 3071 2991 5340 9924 488 5405 2541 2386 8523 5650 8551 3955 3971 4408 2281 3851 6627 8608 910 3876 1709 2057 4069 6075 5666 2265 4482 802 4051 2575 3246 3870 0 1153 1047 9713 1522 7652 4288 9725 8373 560 9234 3859 494 4928 71 3725 8355 4180 7793 6285 5660 8150 1844 9650 7960 7759 4639 6548 4917 3124 1607 5336 1806 9408 3551 3156 9849 5827 5595 3363 5914 5864 5407 9972 515 2568 9434 5428 8348 1661 6614 5211 4620 2617 1156 6259 3810 2458 9894 2651 2595 2665 3793 3894 688 7306 8057 6236 1867 8617 7077 6799 5579 7015 8887 6021 3904 2343 7259 3380 7296 5640 3758 5692 9682 7934 1188 1542 3581 7564 5599 5807 3493 72 7274 4008 4913 351 7392 9584 562 6731 3703 3405 5408 4841 2773 269 3017 7037 2382 4555 4640 6378 3217 3255
1938 625 1405 3577 5285 8925 1638 8568 9638 7635 4463 5612 1226 99 2775 7900 6440 1629 6400 1612 2216 4386 8377 9755 2932 7577 3076 7072 5286 468 2507 5832 4006 5483 1153 0 6126 9454 3991 2596 4328 8273 6449 3432 9872 5660 6813 8955 7954 9344 7489 736 2086 6434 872 4334 1557 5002 6701 7223 4418 3551 9536 8565 6640 6087 2799 1913 2211 8010 5208 5000 1577 9628 9610 997 9087 2655 253 7280 8448 1159 6523 4349 9185 9590 2933 2945 3199 2735 2125 5562 4959 8197 6118 7522 5416 8173 732 5707 906 4957 1121 3531 4928 8848 2815 6178 4349 4440 9518 9870 984 993 7002 7206 2927 3964 1286 3905 9477 9245 580 2715 5060 5631 7017 6536 9697 231 3961 8529 8809 2659 1767 6618 6587 422 7511 9468 7971 1879 3647 5707 8918 2316 7797 3159 1151 9064
5125 8187 9665 4704 9229 2627 7801 8700 2349 6556 7941 4252 7449 2255 1211 3850 5341 4351 4356 7885 7564 1125 3462 9937 5904 3645 2149 562 5219 9547 7122 7209 7231 8793 1047 6126 0 8458 7491 2449 2973 1321 3785 5429 786 355 2322 7261 5688 9390 8948 1389 3976 8482 2221 2350 7110 8390 9364 1275 3788 4356 4005 372 8697 5380 8117 4009 3487 833 6072 7270 4669 9066 189 8161 3391 6978 768 5826 1953 2307 9609 6835 899 9198 1596 2355 4273 9538 7196 9831 5311 9612 5758 8910 9158 6091 2386 241 3001 3868 7861 5603 9027 3973 2946 5629 3237 4393 767 9250 4299 2137 3569 9144 5948 2111 3396 1551 5501 3289 7746 5400 6718 3989 8554 3155 5526 267 6456 8486 3960 4136 8536 7391 7051 3148 1093 4690 5460 8752 7584 9054 4648 2353 5076 6482 9854 2464
2032 9984 6459 5796 4130 3672 9104 3342 8468 4536 1347 8474 3663 1162 8959 6973 4121 4567 6628 6785 5048 5250 8969 7063 3316 3982 4681 3993 7619 6190 5035 1049 3719 946 9713 9454 8458 0 4128 4381 5511 2268 9634 6524 6516 8483 554 542 729 412 2246 5089 5123 4926 4657 4101 2494 4558 8323 5737 3196 3783 9459 3992 766 4644 4977 9957 1526 7977 7104 7170 3009 4683 988 3586 9391 7085 6810 1284 5429 2055 9069 1870 4738 134 4152 4102 8974 4284 2440 952 3882 9779 4184 1602 8356 844 7005 8293 8628 1171 7869 369 7802 8348 1615 214 572 2268 1430 1722 4784 6088 1904 6682 5409 4292 897 7096 2635 2785 8050 4034 9252 6644 9045 3776 5112 1140 3217 1468 8914 3449 8051 2530 4807 2361 7431 9850 2775 8142 1564 1889 6360 1732 4513 5650 8331 3258
46 4587 4234 9058 6746 6625 1112 9740 8657 2862 1142 7608 2281 874 1741 3379 7757 1639 3954 1640 7021 8432 6314 9634 8461 4272 4409 3582 6560 1004 4573 3551 1059 2611 1522 3991 7491 4128 0 8334 7160 7952 7725 2990 1653 3006 6583 2810 9877 706 4595 5360 2927 8398 331 3376 9359 1455 1944 4207 4180 4664 3381 6664 4623 808 9532 4939 7645 8480 1736 1022 8491 4813 5733 8951 911 9600 9856 3088 6126 4515 6060 2077 4110 4228 6763 2342 9900 346 3253 8020 3872 1136 8408 3966 2562 9742 7675 6539 5329 6134 6101 6344 8536 2053 9610 8527 6858 4045 7454 7462 5048 9732 5899 8756 379 7776 2716 5939 8433 7961 5221 126 1146 8912 9634 8594 3273 7298 8267 4251 540 3954 6935 6495 3049 3922 4162 6423 4104 5497 9479 1342 4051 3212 2285 5476 7602 1829
5005 9023 3777 5194 7575 7866 7316 3480 7689 6936 3741 4245 9978 6977 9777 6551 3943 9655 9870 1602 9344 8506 9571 1277 1185 7512 8399 1788 2868 8998 9333 7568 4848 4635 7652 2596 2449 4381 8334 0 5548 7205 6736 4190 8207 8756 4794 2926 3142 3098 9629 7372 3812 4530 6441 333 1590 6289 7712 3442 8603 2299 2022 9265 8311 1381 6058 1753 6812 1358 8107 527 1231 7195 3886 9340 3175 7663 9717 1745 1927 5868 1762 2817 1158 7251 1484 7049 9038 1521 3587 8007 2249 6980 4363 9022 819 1369 2736 915 1443 4654 314 214 6572 9145 3280 3812 4777 5551 9033 8709 1336 2630 6771 4214 3267 2814 7743 990 2401 9701 4437 6898 3051 9803 6519 8359 8962 6686 8936 152 8954 7214 1580 7939 2008 1538 4473 5087 927 1641 151 9733 5242 5211 4357 6026 1516 2878
7398 8697 2411 1690 8637 8383 8021 5205 3861 1467 6168 8575 1722 8952 7057 224 7185 8122 470 1435 4924 8245 9958 6232 116 4562 8463 5840 1052 3598 9446 6754 6348 1120 4288 4328 2973 5511 7160 5548 0 802 5734 1501 9375 8033 1057 7371 6945 5303 8371 2102 1478 4808 5868 788 8542 1341 3962 4453 7926 2600 2227 6823 5897 8067 8698 1126 8046 5898 7861 5828 6034 5307 6906 6005 1234 3117 3801 2041 1057 2988 4612 5455 8599 2636 3313 4905 2281 853 1008 5433 1900 3999 5510 8123 1177 6115 5399 4235 3364 952 267 751 3212 389 2066 4459 2065 2021 6923 7501 916 7317 9575 7305 7018 7681 4900 7866 9103 3142 1648 8576 8161 1664 9367 6996 4423 5069 6245 619 8446 9248 9727 8343 5814 4084 2347 3128 2127 9670 6601 5134 8016 1968 4493 4211 2592 6130
4021 2432 1996 730 7422 3056 9390 9362 1980 7111 2770 4206 3411 4561 7696 9811 7736 2528 7995 702 9859 9777 7674 6799 5589 6606 2038 767 9161 7150 1423 4362 6304 6145 9725 8273 1321 2268 7952 7205 802 0 8234 6676 3240 3875 9049 7733 3631 6976 7593 3808 9207 9007 4727 5413 4461 7914 8695 8344 1823 5545 7820 2867 5099 6945 8839 3287 3001 5107 7956 5270 4531 3375 2894 6012 4485 7740 4938 7400 9076 652 2154 8196 3697 7130 3351 7635 8745 9008 2415 2131 2091 1641 3352 1919 184 6941 1128 9488 5374 2997 6374 9727 3553 644 5883 5876 529 9411 4507 4488 615 7424 5773 9542 575 7445 1879 9463 6445 4302 948 7352 6025 5148 9521 9324 9046 5112 614 5938 3291 899 5550 8512 3798 4931 1755 2479 2353 8786 2038 6506 7618 1785 1809 2665 4848 3570
5430 5186 6728 5687 4821 5444 2979 1376 78 4982 747 9623 9761 8701 9405 7665 3148 2471 9424 3517 7908 2824 6386 7411 5745 4889 8817 6575 247 7980 7323 2281 727 4049 8373 6449 3785 9634 7725 6736 5734 8234 0 5594 4992 9541 2220 3244 9536 7192 9590 9255 8213 5983 7153 3373 2283 4182 8846 2253 19 9125 9779 9644 7063 7486 7012 121 2347 136 3427 1878 7376 3787 2694 690 5709 1667 3301 5159 9735 5645 9790 343 7610 1576 9300 8681 4596 5861 4894 5497 9464 9084 4991 2969 7878 1053 594 9311 7563 9816 8184 8062 1662 9284 2077 9119 8782 7327 4010 3760 707 1293 1169 2661 3295 698 863 3634 6471 9912 8851 9713 2245 1110 495 9603 7128 603 2829 2824 4832 288 5557 1731 9512 5150 4319 7992 3964 5890 8363 3629 220 6270 4357 3299 8261 1987
6927 806 5172 3798 7877 1003 6877 6751 2802 4244 101 2298 3761 8676 440 7857 9718 3559 8613 4631 2511 9349 1073 5974 7282 2761 1666 4453 9029 3891 7019 8109 8728 1680 560 3432 5429 6524 2990 4190 1501 6676 5594 0 8719 7615 1008 3923 6523 374 8194 4283 8957 4926 3858 7010 7549 9281 5650 8875 9117 7392 8637 1176 573 6451 5842 5509 6002 6936 666 9485 4966 605 7680 1870 3506 8273 8487 4910 3767 7983 7289 4175 4354 8161 9585 8954 8499 7385 3718 1394 9567 5786 9521 9198 8978 940 1576 8315 7587 6443 4880 6322 7809 1812 6558 6902 4251 9528 9374 5989 9360 9527 6199 9033 8657 4688 4252 297 4247 5075 2952 7413 111 2081 8927 7825 4968 8626 1116 3483 5551 321 1266 1821 4632 1801 2371 7080 2996 8102 2281 3215 9272 4906 2645 8273 70 787
2969 6221 7933 8924 1654 9236 8715 6139 6172 8531 6400 5812 1624 8068 4704 4059 688 3840 4278 7542 6433 1628 1779 8102 5049 4742 8893 326 1249 1935 641 9536 1248 2399 9234 9872 786 6516 1653 8207 9375 3240 4992 8719 0 9647 9009 6102 7207 443 8873 5715 2706 8289 8475 2180 3067 1132 4186 4682 5144 3750 5268 23 6610 8667 6705 7052 1170 3625 1197 8948 8942 9252 8007 5109 8388 490 1651 6095 7171 8403 1408 41 4390 2660 6560 1256 1564 567 5859 3793 3941 5968 5220 3711 7352 3300 6007 1725 8104 8222 4566 1432 5450 9283 2896 1223 1280 6756 1625 2137 2467 421 1158 9796 958 5582 3876 9630 6457 9159 7200 689 5263 4465 9680 2568 3805 3271 1360 997 7335 7500 4073 1543 618 7662 5634 2975 2619 4539 2446 6452 172 2522 4684 7528 46 3069
5170 4469 9055 2278 4724 3889 9523 5595 7510 8069 6866 9449 2522 6049 9948 1529 7422 699 8197 1522 6123 9444 396 6555 7489 865 5516 8676 3525 3647 4909 4641 8975 8202 3859 5660 355 8483 3006 8756 8033 3875 9541 7615 9647 0 3431 1256 1379 8489 2684 8409 1603 8553 6490 2701 5971 4170 9139 823 2649 2756 1042 937 9801 8247 1732 3462 5587 5574 8083 1880 1320 8608 2129 9288 964 1324 6055 4077 5900 8042 7857 3369 8008 3242 3996 6096 5952 3766 1664 8903 7314 5357 9013 4945 4724 4216 895 800 1702 6509 3092 7540 9993 4494 6877 5379 7303 5528 5967 4698 4694 7826 5248 1620 1393 6848 175 9524 8691 5700 1098 5237 2314 9515 8210 2724 3176 104 2019 886 7105 8760 7778 445 5676 6593 7001 7729 1578 6102 6309 9656 375 2454 5039 7879 717 5490
9821 1353 3787 266 7955 7965 2758 7943 9956 9026 8821 886 4121 9877 1031 508 6023 8092 1485 7330 6607 9206 9665 4957 2654 8517 3819 8017 6178 4084 5847 6754 2960 1851 494 6813 2322 554 6583 4794 1057 9049 2220 1008 9009 3431 0 4852 4139 3387 3935 6963 3229 533 7457 6837 7659 323 2632 9309 3687 4066 1265 2608 7759 1962 4333 1133 7884 2860 9988 2608 2786 6872 163 9790 1864 6969 2102 1509 8171 3356 9741 8535 8702 6465 6093 6831 6187 5083 7444 3390 3943 8572 2455 5616 5618 3859 3625 7912 6237 9836 9825 5459 9349 2775 9635 5746 8300 8321 3098 6532 132 3532 1489 2939 1495 5150 2448 882 8040 3772 8576 5040 9253 4197 3356 572 2678 6241 7545 6283 7497 5476 732 4023 5521 4330 4788 9138 3549 2617 2042 5033 1720 2629 731 2373 423 9592
7411 1387 60 2856 8836 5945 4238 6749 4165 6469 2509 8668 36 3371 4694 1106 4317 7481 9549 4423 1871 4674 2299 9845 1130 5940 3584 8551 4571 242 9069 5420 6003 3870 4928 8955 7261 542 2810 2926 7371 7733 3244 3923 6102 1256 4852 0 3914 4986 2798 2255 9911 3630 5169 152 2267 5283 1762 4761 641 4198 8676 6286 9620 6135 2205 7153 8086 9280 7344 1143 309 2074 1389 1968 9575 130 4704 425 1153 4470 2332 7411 3900 1968 859 9701 3330 8767 8100 8589 3223 9121 1415 321 3330 5390 1031 8963 6401 6313 5423 9450 1657 2450 9897 4638 3784 4430 1601 9395 8178 9281 5880 1628 9326 7630 8932 7178 3794 88 861 2171 1776 1909 2431 1874 3714 5181 9519 9139 3614 1006 890 1261 6850 2311 1756 3880 7651 9055 9303 3152 4336 918 1204 5852 1012 8647
1663 1933 3745 353 5970 9657 2861 7254 4057 550 8658 9322 6874 9232 9696 8450 2017 7077 6970 7155 5304 4280 8206 7600 5771 2307 3535 4337 5068 8271 2152 832 1729 4409 71 7954 5688 729 9877 3142 6945 3631 9536 6523 7207 1379 4139 3914 0 5289 4040 8299 258 9634 2543 2033 5446 3181 7874 7989 6433 6568 9783 3336 5867 4168 1332 9414 6653 6492 5554 1151 189 9982 4611 4168 5383 1444 3959 9243 8790 6067 1909 5116 5462 3790 7015 8257 6604 4954 2537 6805 1693 4309 7714 3749 1294 3723 4352 1502 5537 9793 3549 4429 1727 6945 92 3984 6280 1185 7328 831 160 7120 7822 1642 1662 5932 9057 6169 1171 716 429 5921 1298 3235 4739 1518 4366 3093 3760 611 4682 890 9833 3053 1884 5381 1136 2552 2568 8589 3190 303 4644 5404 6647 8163 2087 5022
3592 9078 1505 1703 7665 2697 8479 8975 9451 9510 1832 6188 9157 9374 253 3427 2666 739 3199 7796 4456 5485 6566 4406 4421 4369 5527 7186 1445 4706 8965 350 8338 8529 3725 9344 9390 412 706 3098 5303 6976 7192 374 443 8489 3387 4986 5289 0 6024 4163 2266 4423 7497 649 3338 3357 1476 8082 769 857 380 9693 9808 6520 1432 7896 9336 4429 2352 5222 9658 2930 1138 6598 709 3519 9504 7659 2967 7400 7383 1384 721 8366 5594 2496 6551 9700 1978 6051 5081 1123 3324 1470 4205 451 8642 3008 6133 9865 965 9862 3994 3061 61 5033 1341 2413 4968 5481 9604 3965 8558 8477 402 2428 9004 7352 1430 1327 3150 3718 4700 7705 1989 2496 6258 2032 1527 4410 5800 3122 8191 9029 1990 560 8223 4331 9731 2579 601 200 2970 479 1485 7847 597 6490
9210 4917 4743 9578 3465 3955 4666 3435 5336 8626 4626 5865 7468 7550 9144 8200 7915 4758 1185 7046 4064 1261 79 9750 4842 2038 2550 5689 9743 8878 376 2168 5708 7393 8355 7489 8948 2246 4595 9629 8371 7593 9590 8194 8873 2684 3935 2798 4040 6024 0 5029 6931 9507 1235 7172 9132 3976 7103 7400 4135 1848 9391 4160 2338 1844 4429 1679 1128 5957 9313 149 3494 6252 3905 9785 578 5589 7449 3340 7519 7261 2788 8752 1508 2722 3304 514 5193 8274 6268 154 9943 6981 8852 6153 8339 94 1053 8533 5567 3759 9686 6533 6806 4508 2404 5820 8535 423 7203 2809 4398 8616 3603 3012 8791 7172 1615 9628 7384 3391 5851 2701 9673 7448 823 5614 4700 5721 9557 5052 3048 1960 9880 1943 1291 2609 4545 4281 5592 6736 3402 7686 4320 3590 9100 7046 305 9845
604 8844 1697 4681 2789 3596 9411 7406 1084 5864 9645 5019 3771 1466 1177 3795 5878 2348 8894 8946 1823 3278 6748 7051 2977 8246 2817 2975 7593 1232 7800 8394 2544 1720 4180 736 1389 5089 5360 7372 2102 3808 9255 4283 5715 8409 6963 2255 8299 4163 5029 0 7054 5948 8174 146 9266 1122 9109 2390 9031 5513 7828 6251 4248 5126 1196 6006 3611 9427 4711 2475 7391 6615 7624 8381 9982 9868 8400 1658 4212 9735 1927 4865 3033 9605 5177 3307 1070 8057 3399 1331 849 2805 3634 1797 3591 8783 5898 319 929 7389 991 2653 9725 3204 1353 9414 5986 8497 7572 326 2930 6587 5318 4381 9342 5584 9260 7894 1535 2125 2838 5304 7103 7183 6915 6813 8013 3519 9338 5640 7862 8586 1554 9234 8380 4849 2052 9700 7704 5712 9736 2285 4929 7653 3879 4664 6313 6978
6989 521 7538 2248 2207 3348 7524 5314 6200 6097 5948 9555 6695 2638 1427 6767 9753 6505 5013 7553 934 4310 879 2902 7839 3215 873 9052 7140 3696 8521 4384 6438 5396 7793 2086 3976 5123 2927 3812 1478 9207 8213 8957 2706 1603 3229 9911 258 2266 6931 7054 0 6286 3596 6159 4766 4030 9930 4454 9270 1599 6169 1218 7322 7163 7998 511 3484 5594 3338 3725 9046 3110 6604 571 9585 640 8242 5631 1595 8324 1146 9009 3154 664 3714 91 1927 3641 7595 2260 1618 4362 6288 4353 4469 4354 7165 5312 4754 2179 5627 6917 9647 6309 7885 656 9599 1369 8592 4025 7208 2907 2859 6526 5691 5274 8580 2385 8813 1024 311 1662 8592 2586 110 9549 6416 5454 853 5296 9164 5368 3973 8758 3593 8660 7843 2628 4531 4265 5214 2081 3238 1277 8581 7625 6351 6674
1622 3424 6449 1868 6366 5777 5489 1365 2450 437 1598 4751 7771 8895 4124 5140 3382 4876 8951 5311 9168 1002 3020 9035 2927 529 4222 3687 2655 900 9545 4755 320 9454 6285 6434 8482 4926 8398 4530 4808 9007 5983 4926 8289 8553 533 3630 9634 4423 9507 5948 6286 0 5942 4416 6467 2707 5852 2228 9495 4687 8501 2828 1294 7381 9736 586 962 3720 6750 3636 3971 5169 8322 8977 9708 9753 2686 3704 6586 3554 6661 2468 4416 9269 7739 3243 3332 7174 3140 2516 8071 9997 2747 9731 5306 7548 2125 6055 5900 1154 8246 6901 2662 6484 601 8712 8459 2149 3190 2970 6375 4088 1717 5068 4832 147 4338 5711 4644 9491 4161 3714 9307 2722 2652 5531 4940 485 3917 151 7149 8495 9041 7863 4680 1239 7356 2625 7968 1579 4486 6603 1929 7603 9147 4713 4167 253
