250
0 4827 4827 8295 6051 3736 7356 88 5963 1216 7595 7836 5466 3357 1433 5456 844 5550 7245 7301 4826 2114 8152 1472 3518 5922 527 5459 1747 1278 2801 7051 810 9010 4826 2884 9661 5066 6555 4033 1528 8130 8908 4407 6492 9693 2956 3715 8973 1959 8758 6507 2744 7983 7318 3648 4798 9215 5434 6432 5144 5012 3676 9735 6797 3647 2020 1528 7047 4879 3404 8807 118 7178 5630 6709 8938 3718 7513 5753 3160 2799 7765 3591 1515 7054 1907 212 8586 4258 5627 2514 1968 3671 1749 4366 266 7047 2150 8299 1394 6346 3391 6899 553 4901 4113 5971 445 4931 8811 8499 1578 3129 3906 6735 8848 7347 319 8431 8116 7280 7044 9840 6506 1526 1773 5886 312 2200 3631 306 7032 6904 5072 1185 9021 7296 6437 8971 6437 3442 6682 6160 8821 523 1928 9226 8024 129 1454 525 7300 8914 2716 3032 1981 4264 9117 519 2494 6737 8422 2666 5976 6646 5356 380 7258 2012 7449 7096 659 7714 1983 9034 810 9221 9773 6270 2073 4798 3458 6065 4760 1302 9440 3514 4418 9039 9893 4497 1959 30 8303 6878 4080 2435 911 1962 3192 8956 4132 9412 9073 474 3590 1501 8712 8407 8091 7886 3795 1208 7444 8828 4448 994 5193 5814 6240 2439 6398 6928 3241 5437 471 8522 2590 3564 5508 714 1017 2366 6982 2061 2136 3132 1134 3702 8104 2933 6002 9025 9563 4685 848 7420 9176 6299
4827 0 3207 189 5718 7524 7352 4936 5005 5974 5267 6319 2333 7372 7000 1613 9462 7998 5748 8189 2310 5203 6427 8643 4112 7766 9902 1695 2025 3314 6443 1996 218 417 5370 7771 9808 1842 3292 3438 4740 9557 6436 218 6579 925 2230 2617 386 6085 7656 7494 4776 1003 1060 8564 2659 7403 9542 2951 2128 6673 3353 958 6922 4507 1962 3220 491 5661 7013 7781 9159 744 7117 9765 5259 9649 3444 3019 6527 5856 9390 2106 4568 1070 3436 3616 4735 1506 820 2028 2146 5967 7500 8675 1393 3231 5277 7092 3780 1632 8673 1637 4317 6325 7797 5066 4745 450 8528 5340 3860 251 4055 1168 6927 4029 1933 9105 9727 4484 9090 3649 499 7799 3922 9502 3649 1002 1911 3660 423 2865 9211 4922 2864 7964 4309 2487 5727 6195 9436 9488 7463 7120 7982 8150 3550 2530 6541 1962 2727 8968 9226 2309 4899 9388 1119 8035 9309 8418 5799 9165 237 9072 5761 2999 8920 3290 9712 7804 3544 7908 21 8010 179 1781 7418 2547 3586 6294 7597 9770 6841 8825 9282 9249 9338 9266 1181 5822 5238 5200 7664 6240 5985 1108 8672 7708 8707 3827 3455 9352 353 6559 82 9811 3943 9606 8556 5695 1488 4151 5555 7681 4694 7972 8477 9103 2623 3902 9392 6119 7080 26 3133 3947 2377 6621 2927 6636 5581 539 2864 204 1911 8029 6359 3548 9735 4988 7590 154 5008 1266 4448 3544 895 5428
4827 3207 0 3365 2825 6672 8617 906 9754 290 7799 8235 5481 6807 9418 8725 2257 3854 8924 2027 8763 9217 2457 4656 6862 7935 9159 2570 4404 623 4224 1961 5917 8203 4511 336 6675 2639 5068 110 4720 5199 6777 1820 5003 3184 9376 1130 5346 8537 4270 6546 4736 2364 2107 8100 3202 2404 6009 5587 847 6505 7869 1244 2932 7541 3496 3560 1273 3622 2850 7929 3059 3337 483 5641 5846 3438 2277 7958 2801 8681 567 6648 1557 8529 5326 7712 6493 4860 151 7240 6887 7403 4104 3944 2468 7843 3836 6440 7594 3704 5626 1021 13 1846 1313 8040 3649 4307 7343 780 7479 1031 5470 9692 2650 5575 1634 6001 4462 2416 3692 2972 8079 3580 9291 1249 1401 5498 1594 5863 6146 4981 833 427 6430 8551 6365 2566 7830 569 4265 8066 5372 1249 2859 938 8387 932 5474 6007 4491 2185 5201 9719 8389 416 7804 1696 9478 5722 8706 8907 8099 6823 26 1174 5549 6555 1632 5986 6148 6933 6499 5488 4250 2867 7378 2543 7290 8694 7531 6652 298 136 5599 9587 5571 3476 9945 6928 1241 6880 5761 3316 4905 7631 2778 9700 9233 5759 7829 6555 8541 3230 5241 7227 6162 7010 2657 9701 5551 3935 3511 8271 8677 8041 6318 1239 8577 4965 9908 1669 729 6650 5594 2869 9245 3787 5818 6479 3305 1809 6066 1058 9242 3542 607 866 7464 3579 5989 6294 5567 8490 130 4981 2884 3403
8295 189 3365 0 747 8941 1475 4999 1456 7940 2577 4020 2641 5682 7769 900 9403 1463 6613 739 6030 9035 1373 674 7645 918 642 7474 7548 7808 3381 1608 3158 2400 6872 5304 4847 358 5094 650 2801 734 1853 3171 235 4729 5181 5960 3081 632 9437 9945 7919 8257 173 2532 3130 3746 9056 3971 2215 6355 220 7071 1802 359 3383 6674 4452 1118 238 2583 6007 8243 6261 4161 2151 5642 8089 1974 1221 5773 5733 3487 9820 4843 5236 4699 5171 1620 6873 3067 9824 8932 5046 6810 2601 7913 3713 6471 649 3805 849 6637 3587 7960 617 143 2686 8083 5833 7173 9475 5992 1213 7848 9526 1638 8130 6794 2374 1098 2963 3279 3043 208 5603 2488 1308 4371 631 6268 6863 9984 7865 6738 5895 4301 793 611 7890 6653 4011 6674 1064 2420 3563 9197 3619 7999 9413 2140 872 5694 4887 9545 5747 6929 7611 879 7034 3863 4363 3971 8661 4734 1515 1295 3774 3859 9607 2124 5673 6448 436 7212 5326 4201 7590 8413 4534 3490 9160 6842 3512 9325 8252 8210 8690 261 1402 2445 1149 6905 4587 5656 8200 5886 6601 8902 1791 1805 446 7597 144 6755 6316 9451 3473 3252 3158 5832 7250 227 1323 2822 1060 8818 7310 9828 9123 5414 7547 4875 311 874 5697 8455 1332 4065 2349 5859 1306 9562 501 5087 8925 8095 7190 7394 2178 2239 9623 2183 8127 4420 19 5642 2477 704
6051 5718 2825 747 0 3752 6539 5856 7644 2177 4302 4956 8123 4501 9205 3795 695 281 3388 4255 9609 6005 3797 8084 6680 8066 7745 676 2737 162 7169 4471 6284 5143 6534 8143 4426 9687 6336 5200 8946 3238 1307 1231 7763 5760 9733 7145 2132 2650 9713 7609 9653 1685 2865 5625 2601 5247 8874 9331 101 1769 179 7046 7988 9520 5761 6210 9 3989 4822 9352 2269 5270 526 2346 7587 9807 6395 7345 3207 5841 7478 7684 6397 8740 274 8150 9473 418 4470 9786 6043 3329 3918 21 5304 1161 549 8834 6345 3979 1161 5650 922 4482 3751 3780 530 4600 967 4754 8771 5851 557 1835 7980 1787 7817 6001 2718 6338 215 6977 5648 9765 4207 7320 9265 4609 1908 817 9037 3205 6240 6646 1068 9018 9979 4018 5618 5101 8002 9751 7980 121 7291 5234 3962 3743 6295 7059 6104 9875 1206 4413 8012 6003 3126 413 1308 4465 7718 4314 6363 1526 2499 9866 8752 2707 4184 8506 8224 1880 2562 9427 500 461 221 2064 5273 3987 4039 2626 3175 4327 4095 2264 8723 6808 7208 5571 6550 5911 1273 4170 5736 8087 1551 1718 4283 9263 9876 1163 2168 6267 2454 9439 525 7340 8966 9612 5370 9438 461 9622 1400 4732 1353 6758 8515 8559 4145 4663 7079 4260 4562 984 1103 8519 6872 8799 6699 637 5530 7792 6923 8534 4757 3139 7863 1394 8225 6177 5790 9965 8287 6160 9411 8831
3736 7524 6672 8941 3752 0 7538 9564 5839 8319 5410 3511 8703 4640 3977 2821 3472 3519 4172 381 9618 6897 9691 2721 2112 7530 4696 1195 7512 2575 1825 3318 1359 5260 6546 8830 6718 464 8519 9634 3186 6801 8025 9458 4652 9160 3907 6529 4462 3191 1698 3153 4668 106 137 551 5705 2571 695 5465 1099 1773 7682 6383 6883 4832 9532 7745 6352 2901 9972 3491 1193 9938 1417 4355 9788 4398 4196 4827 2814 703 8707 8264 1357 7352 7142 6015 4965 1791 4998 6795 5960 3640 803 2472 4777 3653 6044 7134 1622 5702 4509 5085 9591 6998 9319 4148 386 4635 8603 8631 4551 3082 2563 1306 3768 957 3654 7457 7462 4838 4663 4459 1038 6161 9182 9281 9600 876 6967 1689 9968 7561 4502 5069 3312 33 9327 1361 3170 7206 8537 4927 79 8157 326 8089 7169 8241 6892 4990 7996 4130 6103 5721 4290 9888 8041 5372 1865 2511 4928 6968 2975 3412 4380 1587 8158 5079 7991 5402 6700 2331 2299 8849 1242 3729 3395 1086 8965 9810 2980 9776 8741 7277 2113 6885 5285 425 4279 3371 5480 5809 5721 610 3809 1340 2689 7624 9318 7489 5390 3319 1437 9401 6236 3442 7112 1048 1410 2541 2964 3725 1487 9110 4420 9323 848 2344 4460 1860 2020 1527 9202 922 9253 385 1932 8316 2304 5574 9487 6607 7382 2165 2675 9783 3397 9785 6436 6791 6660 4569 6575 7153 893 3520 1257 6940
7356 7352 8617 1475 6539 7538 0 7043 2971 5406 9693 4575 4802 3927 4953 7456 3845 8983 5400 283 2403 5782 7658 4963 8121 973 1624 3833 7908 1220 9619 9731 4605 9473 4522 1705 3248 3892 1479 3619 1112 3083 4797 8401 915 3715 8126 3340 1422 4603 6230 1294 7491 280 3827 6444 2918 8922 2558 9499 8442 806 1836 2295 9187 2618 8343 3717 1626 6474 5275 6934 2398 288 4051 6 4191 3309 9899 4194 9911 4657 715 9217 1828 2258 6584 3233 2214 8159 896 7896 3744 7905 5152 7160 9026 5113 7967 4483 9847 5046 5010 971 6200 3710 5550 2479 7720 7599 4372 2301 6930 1779 1722 5350 9511 6502 721 2240 9248 8417 601 4565 2332 379 5826 6886 6029 3363 7546 2311 6740 9671 5168 7847 9607 8950 1782 3173 9017 5817 5064 3667 5678 1622 5416 6340 2245 928 6328 6217 7926 4722 639 249 1898 8531 570 1767 5147 6106 783 4180 1845 7304 656 3426 5077 7791 5928 4323 4523 5106 3398 8754 4973 1072 29 3287 8088 5336 9389 7160 5011 382 7450 7677 9135 795 4129 7744 4522 577 8224 6507 6343 3181 957 5001 1497 2295 5541 3390 8047 2590 9220 9980 4604 482 2811 2335 9671 2697 513 1045 544 2936 3692 2611 2584 1669 2646 9792 7220 4099 3837 8646 9331 3976 443 8173 9033 7743 4910 8785 5447 3056 7735 1116 3320 1298 4113 2003 811 6243 7689 3817 8250 2557
88 4936 906 4999 5856 9564 7043 0 2521 1420 9430 3884 2655 2175 4218 7036 5246 809 1970 9181 3522 645 2875 210 2285 1414 1216 7181 7499 3432 3897 4015 3584 7641 8874 2930 5737 5901 3034 1517 6704 9307 9428 7957 4390 11 1761 8061 8855 1804 8041 4009 1562 8683 3177 7120 8109 8145 8221 4102 3237 8450 5579 6690 6536 6624 1545 514 3570 6627 4736 8106 6733 4368 4974 1041 4780 9876 6371 2344 3132 2698 4198 2395 1363 1803 4675 4027 5099 1850 3402 4871 409 1023 8763 352 1973 4288 8365 9013 7328 360 8934 9150 8177 3069 937 4230 1631 1366 2831 933 5478 6852 6285 543 9622 2351 9542 9669 1400 7398 6060 7848 6288 9256 2255 8802 6689 2853 6890 928 5081 3752 853 2595 7605 5330 3063 7556 9449 7841 4832 7042 2741 3409 7433 6034 7761 5195 3290 3134 9520 8506 3882 7451 1094 4295 3628 3274 8828 721 7112 9660 3703 3332 9118 1275 2787 1216 3235 3658 4769 3049 1772 9646 1347 177 8867 8890 5822 3603 1649 2196 1809 6812 9639 6275 5807 2899 2985 6037 3945 8482 5762 4140 4827 8183 1905 7761 5605 3318 9717 8594 5689 2145 9519 375 6331 9644 1508 196 50 7547 5990 6705 1644 4055 7172 5940 6746 7658 9197 7199 9882 7672 795 7246 6825 1775 9932 5413 1685 171 1475 4110 8113 9292 8538 7582 8786 9650 5582 8712 89 2207 4941 5747 866 1627
5963 5005 9754 1456 7644 5839 2971 2521 0 1615 2129 8841 5352 7343 8384 417 3403 9644 1597 6051 1196 4973 9826 1830 7170 1138 939 8837 9362 7538 728 1028 800 3379 6477 3385 332 8848 3841 75 2370 3359 2785 8426 1499 6990 4165 501 8540 8313 4824 6782 2591 1055 6787 4672 5016 8001 5860 8962 5190 2338 2401 2046 7750 8738 5882 6211 2876 1939 6574 6425 2078 7489 3296 3677 2667 8083 2630 1211 9562 8069 413 4579 3076 4808 7231 7962 3930 9118 2441 630 7013 8251 2150 5236 7183 2149 7492 3698 6890 8013 3382 9681 559 3788 8947 2814 7814 6556 6236 7628 8789 5089 7838 1367 7264 2655 5382 5446 2521 6594 3627 870 6012 2468 6106 7045 3299 4962 6321 4747 2806 5093 8874 7287 2031 1642 2710 7351 6525 6325 9608 2579 9335 1123 5358 5401 9386 8238 3658 5769 6601 1260 5278 2671 9731 305 4718 3464 785 8446 6944 757 3991 9502 9633 6887 8936 7058 758 5029 7556 8546 2028 7085 1097 4671 8041 765 896 2524 7485 2766 3671 6019 9594 5965 6436 3379 3916 3900 2867 4714 4625 1867 4445 9188 2489 3135 9551 2457 7300 1346 3976 8126 10000 7270 1261 6682 4457 6232 88 9248 2914 5345 6444 2118 274 3531 2553 8364 3309 5103 9603 8645 7064 536 814 4212 4113 7965 7478 7387 2146 1594 7341 9142 4762 2466 7728 3278 3509 7340 7532 5349 5463 3047 9930 7878
1216 5974 290 7940 2177 8319 5406 1420 1615 0 6255 1937 4779 7427 9254 8779 1836 4511 792 6117 8026 8841 8741 2691 859 6981 6277 8062 432 5405 9326 5234 4289 3602 6594 7208 1534 4030 8289 367 7778 8084 8543 4240 1592 9591 4886 7192 3955 8820 9087 550 3609 8456 6826 4684 9357 8347 2901 3639 222 8638 3670 622 4217 5943 4000 3082 3032 1313 5303 4117 7776 6168 5928 5874 8964 6824 815 146 4372 4350 7528 3496 910 3027 9616 7808 2781 6792 8183 9875 6147 1288 7021 6210 7858 310 2749 1476 5459 734 119 6606 2449 6317 2462 8007 1845 9839 3703 7719 1957 7186 719 7769 8871 9437 6716 4768 8018 618 6447 7930 410 5703 6904 4297 3507 5333 4214 9357 6159 5985 2144 4167 4790 4521 3245 4214 381 6313 1210 6392 7737 3699 9277 5360 6839 9768 6754 1710 1055 5813 8718 8734 4114 5802 7182 669 5742 7042 4234 4996 3379 7631 5428 6550 20 2931 2106 5575 2768 4744 139 9939 9971 1024 9098 2943 3243 973 4258 5611 6906 9561 6460 519 5084 8759 2736 3087 2928 9565 9596 7455 218 3170 4886 8165 9026 9432 9894 5301 3431 8964 9631 3954 632 2153 9726 6500 6651 6032 5874 3685 2075 8681 5912 3727 7248 1193 197 8009 3247 7733 5902 8777 8947 8891 899 1079 5990 2183 5511 76 5687 8618 6722 935 5790 6355 9779 5886 1094 2399 1166 7931 5365 9228
7595 5267 7799 2577 4302 5410 9693 9430 2129 6255 0 242 8565 9750 4660 3261 7898 7496 8711 3189 1822 270 8842 4518 4623 98 5544 9060 237 4350 3376 2017 8703 6019 3434 2516 1852 6161 8744 614 9851 3934 8128 9426 7587 9125 9109 4172 9416 529 8920 9513 6669 2531 7336 6738 5579 7326 2446 668 4703 3092 6405 6225 4198 2333 8078 787 5011 4548 2036 7482 3852 9927 9289 5625 9184 15 9715 820 9600 2782 8595 2146 346 3874 3282 6878 1831 6639 2728 408 7753 2244 2618 6020 86 7116 7179 5713 1429 7065 715 7728 5081 9273 4506 4174 2742 9023 1920 2399 5149 5398 7074 6043 7163 4387 4823 545 6533 3832 6301 5119 4588 5168 8602 8377 5753 6411 8092 450 5266 4113 7922 2791 9635 6296 8632 9548 3117 1688 986 4492 7259 5615 9638 7882 8370 4307 9347 1343 6199 1300 4882 5361 2420 7183 1616 408 7846 1593 5702 3822 8743 6858 7444 9984 2012 7592 5042 988 8632 2876 7527 3819 9480 529 9934 6678 1545 4363 657 2922 8 6700 56 6364 382 3718 554 6491 3923 3860 792 2004 4302 7292 3013 4406 9139 9535 9879 9671 4314 7451 5943 4683 1124 5835 8510 9471 5202 6027 2817 2124 3100 2027 365 7237 1581 8708 7487 409 8999 5557 8517 8932 852 1631 852 6358 1223 960 6833 9292 3222 7602 1963 9481 664 5122 9060 969 1082 8376 8982 1063 9962 4951
7836 6319 8235 4020 4956 3511 4575 3884 8841 1937 242 0 1531 7390 6668 4914 7296 1966 20 1009 6191 9364 23 2538 4848 1807 4145 659 4134 8558 7805 4223 5168 6129 3096 6690 6557 6098 2487 2746 4458 5137 2703 2146 2413 3828 6289 4531 8610 3510 3475 3849 5721 7188 4919 3494 1694 7658 9671 2726 6251 8549 7412 2590 2581 4166 8100 272 2768 4447 7521 5769 8026 5025 2119 1044 3981 2014 1696 7663 5443 2099 9001 5909 4898 6116 5056 7679 5842 4940 7337 4222 7271 9322 7519 2842 1147 4851 380 5823 6856 2509 8880 7832 2851 6837 309 9778 3546 448 900 2220 9361 6361 1748 7934 9110 1065 6143 2508 3497 1926 2361 884 4146 8906 1496 8557 6565 4751 2978 2977 4889 4102 7545 2713 41 2547 2639 356 3639 6636 9657 9645 8411 6972 1094 1526 9120 8733 2272 4809 5668 1501 5501 8285 7253 6902 4580 3573 2572 8548 9801 3407 248 6382 4076 3731 8109 9102 8033 3206 1461 1342 3443 6049 138 1551 7517 1697 4831 6437 8284 1234 2468 4338 5374 6536 8990 8497 3367 2024 8576 635 8273 8430 4355 9191 2812 5089 5275 7818 8788 9489 5336 9497 1060 3238 5318 2174 2536 4427 3817 7173 7556 4696 3385 558 7330 6932 3282 8786 2007 7364 4584 7553 8863 7083 900 8540 9717 912 7916 1324 776 4260 4563 8110 6699 5878 682 7405 4234 8695 1765 6733 8554 4506 618 1250
5466 2333 5481 2641 8123 8703 4802 2655 5352 4779 8565 1531 0 7957 3322 1530 7901 8803 6744 9176 1192 8181 4438 1400 3846 2774 7145 8473 8888 7119 6499 5416 5943 6964 6481 8088 7890 4930 9699 2246 9881 529 5603 6900 2695 2699 9097 215 5824 5128 1027 1570 6627 3659 8201 6496 3973 9713 62 1361 4483 3172 2596 3946 9262 2470 9589 489 8777 4270 4770 9158 392 1834 9097 4290 3244 2426 8341 4353 4295 9182 9090 508 8785 7385 9502 5617 9180 5239 318 9925 6981 9573 1802 6176 3170 2189 8930 3871 5714 3231 181 8116 8594 2382 9600 1892 7799 9502 9059 1118 2003 6148 8999 1280 1515 4115 5835 3208 1607 2328 4155 8185 8910 2503 1163 7345 2922 3038 5143 6697 9664 5520 6181 2422 6463 3687 2092 5560 4126 4363 242 7820 4967 3821 6836 8382 7052 2519 7713 1733 6980 755 7597 1847 7520 1042 9399 8765 8916 7692 2107 848 5607 4740 1686 4317 5154 2216 9104 5184 6625 6761 8262 9782 3126 5049 3438 6954 5823 3566 1754 3503 6942 3711 5553 432 7443 7670 4515 6012 4075 5564 9162 7773 377 2555 2750 4130 8172 346 1007 472 6134 9651 3503 2840 2844 1370 2038 1570 3975 8033 8501 875 5465 8571 2605 5940 4937 9410 8654 5172 8844 2510 8294 7100 4396 1805 4222 9 9862 9848 1164 5116 4448 299 6140 8073 2666 6814 1279 6485 787 9286 4122 230 4282 9915
3357 7372 6807 5682 4501 4640 3927 2175 7343 7427 9750 7390 7957 0 9328 5209 9114 362 5147 4671 6309 7451 3226 1411 1507 1556 7542 6031 3086 8560 6999 6584 1516 4630 3361 9925 1663 3104 4733 8066 664 4337 3468 2348 1870 5138 1480 840 3467 8733 6367 2944 6502 1485 5729 6831 30 3120 8065 2965 9076 9807 3727 9992 2440 690 825 8567 119 1480 1195 8080 3396 4614 5589 3553 4713 5409 7642 2850 8808 9635 1038 6530 9534 1243 5472 3530 8598 6667 1705 4742 8853 803 8076 9608 8233 1125 8442 9256 4700 2734 8401 3129 9151 9033 9730 9188 9406 2803 831 3911 8593 6673 9283 2886 5128 5661 696 3147 874 6600 5886 437 9715 531 9757 7940 4973 3795 8490 2972 9041 513 1388 8301 2636 5133 9976 5 5109 9983 1470 6409 6203 3461 357 515 8495 5950 5254 5362 9792 603 8068 4325 4000 1653 8957 1222 4695 8605 2551 2145 3639 8796 7508 1181 4981 8705 4811 2496 2993 2440 8394 7755 138 7642 6239 5877 2735 509 4124 7684 6544 3541 4819 3558 7421 418 8159 8243 6852 4148 5056 6406 3804 8406 2627 6363 4888 9264 677 1877 6259 1309 5413 2249 6022 1808 2106 6798 3413 2486 9280 4197 8444 6639 8413 9868 1098 2802 9833 8297 6533 9221 7537 4337 826 4780 8070 318 3734 1202 7295 7612 9577 9891 9609 7099 5655 8878 6754 7339 5197 600 3165 5571 9116 5286
1433 7000 9418 7769 9205 3977 4953 4218 8384 9254 4660 6668 3322 9328 0 1068 5570 3567 3081 1958 1420 5867 1959 9081 1410 7908 4101 103 596 5863 9508 6313 1481 4177 9549 8871 1577 9698 6184 6879 3702 3335 8858 5588 4653 1098 553 4813 805 1809 8816 6280 7065 1522 8258 7382 9267 978 9948 8651 2179 2803 217 2864 6581 5869 2650 1131 2736 8066 8347 8813 5372 3636 6146 8139 8063 7955 9013 9757 3549 8385 303 4744 6953 5024 8274 2111 1991 8536 2883 5493 6757 5908 2459 2995 56 8319 314 3637 8446 2256 8031 8419 4206 9997 1641 3248 7255 3731 3487 6529 5436 311 9805 5991 6857 6277 2142 4534 634 2801 1978 5016 9866 6607 5312 3766 3699 6405 5149 1687 5882 3916 6675 8047 288 1875 1859 4550 1299 4590 6522 1089 7605 4963 5246 4006 7010 8749 1051 6662 7029 2496 2274 2747 8057 5358 7001 8739 5369 2315 2104 4945 5568 527 4953 2570 9793 1088 1605 3089 8243 543 3717 5254 3996 2204 1637 1984 4295 5850 705 6566 227 8249 9281 8239 6327 8712 1157 9140 626 4684 945 3085 5620 1453 4901 7144 1724 1673 2808 1406 6371 3654 496 1077 1547 4663 9214 6599 6647 4539 6511 7532 9462 5398 1923 6153 319 1677 8130 50 7764 6577 7030 8999 1600 2574 6711 1878 1631 856 7011 8165 4826 4994 6681 2954 91 5460 2488 5118 1169 8389 97 4365 9769 1126
5456 1613 8725 900 3795 2821 7456 7036 417 8779 3261 4914 1530 5209 1068 0 3270 3635 3927 5857 7764 7862 4952 8189 8257 5481 4642 2318 8006 8991 4403 1487 9823 9344 6844 493 4105 7823 6841 1307 3181 7888 8316 5083 211 1059 6122 6854 3452 8900 1567 2715 7206 3041 5932 5014 7889 1258 8656 247 7689 3579 6239 1301 3938 5928 9164 5141 9515 9303 2671 1088 9666 2259 3954 164 7612 7105 160 3717 5303 5160 1339 5240 8266 1602 8274 7749 9623 689 9809 4529 4464 9443 3287 9558 1758 7018 8675 5581 6039 210 6106 420 9031 3238 6187 8707 2493 9010 9295 5167 8427 1478 912 824 832 1251 855 6295 5390 8219 6486 8546 3039 372 1568 5647 9560 6161 204 7034 7416 4524 9578 1548 1396 5171 6973 4861 7979 3789 5291 8708 5397 74 5274 9256 3620 1696 6238 5380 5699 5608 1174 4301 2904 7568 2198 1297 8140 3397 1795 5772 676 5775 3301 1653 6261 5161 7531 5294 7503 7082 7221 3820 9338 2772 5858 78 9038 7390 250 2029 625 5936 6380 8275 1893 5789 6557 4105 2932 167 3287 9002 1722 4320 6909 7877 4076 7449 7389 4633 628 7305 1916 3493 6520 1741 5124 4417 6277 1808 5617 8545 7400 1605 3021 9045 4976 8184 8903 7230 867 5557 8861 8033 7920 694 9570 700 4107 8001 7967 4727 1566 1395 4718 2855 6232 1495 3143 2339 8498 8619 9939 804 4003 8177
844 9462 2257 9403 695 3472 3845 5246 3403 1836 7898 7296 7901 9114 5570 3270 0 3821 4580 8855 270 703 2594 1214 3387 7267 5935 8400 1563 2341 2094 9367 6097 8198 5094 9607 5310 1973 4479 591 668 461 6341 4660 6074 2190 5339 1895 4215 7275 5298 7694 5880 7566 7493 9689 8384 947 5530 1537 9138 5523 4028 5199 1081 9429 4693 640 8516 6498 3521 178 6876 9329 7139 6741 7175 1779 8334 8924 9686 4739 4356 6222 9378 8426 9518 6363 4887 4642 3726 3584 9235 8390 1735 9600 9817 3599 3968 7363 1938 8613 5420 8797 3408 1519 5661 5054 9639 3576 3618 9997 3622 1353 7708 7955 4138 6021 7416 1952 1880 8033 7824 9189 7307 1917 7838 144 3336 4331 1426 5777 4447 2535 3886 1926 5998 571 5770 2088 7717 4525 7324 7167 1704 2140 2162 5719 221 5462 3629 7462 1472 8128 1602 6164 7094 2283 7896 2594 2359 7392 2043 3932 9179 464 2013 9472 2944 9256 9145 7211 7244 3235 1220 1662 5942 7305 199 3362 5790 8978 6381 4345 7847 901 115 7781 8310 283 8552 895 3415 2515 2226 8184 6090 2545 7194 3156 3148 3819 9980 9710 9030 8484 2733 4102 9144 4853 7289 1581 3483 4373 3766 4632 9598 1154 100 5282 5840 9987 3324 4009 6629 5706 2875 5344 2292 1251 2663 9122 6518 8353 6125 5650 2546 6636 3277 5871 7487 9312 8723 5462 4878 9089 6184 8261 2452 8356
5550 7998 3854 1463 281 3519 8983 809 9644 4511 7496 1966 8803 362 3567 3635 3821 0 3378 7108 9031 5528 4018 2298 5650 5320 9371 4104 261 7545 1252 2850 9185 7944 2131 9045 8246 4223 8219 8151 1349 5489 9387 756 9642 6805 4224 9635 9317 4696 4486 8732 1018 4328 5213 3094 8746 7396 9381 3600 1347 5678 8612 9917 4600 744 9495 7330 227 9578 6814 4414 4757 6889 8326 7211 6061 3256 6750 6353 2007 3718 7261 3073 3516 84 6676 2231 4418 4561 1699 9306 5337 973 7649 5126 835 5525 7112 9012 1032 993 1047 2460 7209 9722 8573 6398 5730 8900 9443 5035 9609 8809 5901 6863 8076 6143 2279 166 9538 8188 7357 3339 4630 2539 7630 8082 5100 6657 6907 309 3126 2250 7452 8197 9777 1314 5823 5845 1676 8003 9285 2753 150 3169 8917 6147 3303 8619 3581 6035 6397 9476 2422 6970 8091 1030 5081 3998 5348 3927 7618 6290 9601 7853 6226 5583 4658 4823 6931 9114 7297 8794 9677 4303 8056 3036 36 3123 6559 5413 6961 4602 4539 9484 9062 4723 8077 1024 1696 6448 916 6289 8970 2431 4151 4803 4052 6576 8869 9245 9503 4090 576 530 5262 6541 2112 3479 8921 5005 7908 3930 8870 3115 2958 1696 8584 3489 5825 1590 6723 1383 3602 2318 6966 7929 1174 4935 4152 8701 8975 4828 6148 9073 4581 3499 8069 5484 2904 7062 4090 8971 604 7254 5348 9616 3090 9351
7245 5748 8924 6613 3388 4172 5400 1970 1597 792 8711 20 6744 5147 3081 3927 4580 3378 0 4414 6714 5379 8697 7058 5543 9806 3675 7316 7790 1313 1536 1807 6656 9330 7414 2551 1259 8770 465 8449 5380 9802 7689 8353 7154 2583 2092 5945 9568 7249 3099 5731 2410 4081 8488 5308 6504 9099 7178 6374 1795 5781 9789 5545 4557 9364 9144 7330 7244 4034 4949 1804 9482 1694 59 9428 6347 896 8499 4219 7771 7270 2338 1690 8485 3990 825 6838 474 891 2752 5527 6420 9263 4026 2087 4963 1403 3983 5565 5723 3377 6157 2076 6903 7028 822 1789 2854 5687 6325 1259 3041 7667 935 9106 6609 4348 6737 1116 6548 6202 2046 8039 9120 307 5286 2894 919 4657 8481 1663 9120 8910 7562 4931 3216 1306 6505 4697 5932 9339 1714 4966 4903 9516 3636 7965 4348 8815 2229 597 8374 3213 8108 5781 7412 92 9150 580 4741 9170 3607 6188 6595 4201 1958 5892 2604 6059 645 653 7921 427 4058 2391 9950 9687 9877 8259 4126 6534 4117 4438 2176 3699 5551 8239 650 5538 3683 6009 3385 3871 7343 368 8954 519 3835 682 9730 4616 3823 5664 1956 422 3966 4319 8698 8523 9617 2448 3849 9848 3731 2660 6910 2345 3412 2672 7395 7644 7093 2366 2972 8986 2476 4732 5296 6112 1527 6139 2027 675 5864 1366 8116 2815 9012 7680 5376 1302 9832 6704 1359 2162 436 2694 2792 2103
7301 8189 2027 739 4255 381 283 9181 6051 6117 3189 1009 9176 4671 1958 5857 8855 7108 4414 0 9754 4704 2969 3228 1079 765 5287 9515 2212 1016 6924 3168 2397 2570 2658 4702 4607 4737 3008 2705 3632 368 8646 4059 3459 7775 5970 5758 2440 7184 1156 6698 3446 5536 4905 6771 9485 5728 402 4291 8957 6607 2 8895 3793 6685 2688 1118 9289 3485 2956 7015 8445 8343 6215 9873 8109 9745 4222 8534 7387 4906 2558 3870 3963 6843 4953 430 9902 8688 5425 7548 4250 6768 37 9180 8070 1498 9710 8971 2083 8742 9560 7486 5145 3171 8190 6006 6323 3328 5200 555 4123 2505 9568 2114 1644 6928 5110 8293 7894 7962 7216 4181 1973 8762 2559 8704 8785 738 6962 6758 7343 2512 7683 6886 3868 4481 4122 1603 6072 4647 6099 5101 2973 2591 4806 379 6946 5953 1613 3748 6265 7596 5223 5954 5017 914 1547 9122 1080 3965 4221 7637 1846 7926 3112 9365 9701 7392 119 3521 5931 6573 155 5551 3915 7364 4291 6153 3422 7217 6020 5090 3379 5151 6795 9647 2713 4996 817 3900 6510 9933 8716 6674 9401 2715 35 6790 8856 967 7348 9759 7979 2975 7748 6223 3054 1706 5203 3153 7997 2703 3386 5049 2885 3564 7283 7975 4732 1674 9868 4100 3876 8798 9179 969 6953 7444 4463 9772 9385 3018 9687 5696 3409 5698 9431 9176 7423 8476 7604 9678 6108 8274 3515 5296 4432 8660
4826 2310 8763 6030 9609 9618 2403 3522 1196 8026 1822 6191 1192 6309 1420 7764 270 9031 6714 9754 0 2256 6536 9634 9491 7701 2755 1819 2950 4426 4700 5077 2515 5076 5794 9616 9275 7356 2098 5454 5278 381 9270 6889 1072 3944 1471 857 5734 9055 8402 2816 2055 8399 7101 6274 3037 3156 4316 9693 8912 9174 2319 8218 5718 8308 5506 4347 7583 5523 9519 7401 1117 8309 4808 5133 4028 9098 8060 3884 8872 4105 1806 8995 1295 2588 5940 6572 671 2016 2244 2092 7366 7506 3665 7018 8216 6099 7765 2999 1334 5142 5598 345 725 7460 625 9989 2048 6248 4111 5766 8026 5442 4712 737 3628 4361 1913 1207 1095 5833 3090 1141 7335 2533 5021 8111 8487 3597 1469 2986 2560 6439 2033 4512 188 8998 2886 8931 9010 1227 9610 4789 8901 9678 9395 3492 2457 458 8686 9490 231 6589 7290 6638 3838 6531 7598 1193 2598 1304 8596 1344 8473 3553 8732 9751 7897 473 5090 1216 4578 1332 5255 5694 9307 1567 4464 3715 1330 2484 34 8199 8942 2910 8958 7837 6576 564 2154 999 5986 7974 899 1764 4856 895 7945 7329 9031 4133 7490 6208 3176 1206 5414 5125 4214 7951 6052 5842 922 2777 8323 9605 564 3593 5673 9483 3064 6473 2227 5969 2650 707 9286 3040 2908 4175 9391 8182 6469 6942 2148 7253 1478 9774 9745 9612 3606 4231 5370 5752 1707 3129 6674 9433 2515 8978
2114 5203 9217 9035 6005 6897 5782 645 4973 8841 270 9364 8181 7451 5867 7862 703 5528 5379 4704 2256 0 5860 9450 8972 2825 3505 2318 3501 3060 9953 5693 1151 6468 5342 9828 7887 5448 84 6108 3516 4960 5190 4289 4634 2024 7688 579 5150 5332 3769 6986 4099 7452 4969 3238 303 2567 9166 6032 786 6422 2539 8189 1222 5463 4809 5933 4844 8611 3062 1364 2656 812 4296 8752 3999 7674 6192 8048 9754 4131 2075 6749 5393 7852 1087 5602 937 3301 4436 9898 4953 8287 6774 7536 9480 6669 741 9865 387 217 9448 969 8320 1746 9133 9758 10 3729 5126 5133 6001 6334 9753 608 7349 1864 2456 907 1094 3861 2111 5095 5978 4039 6620 1753 7759 8181 4805 8824 9552 1494 3538 1895 4591 3161 1448 3388 1620 7140 2693 2839 2433 7737 9837 5556 9805 4306 4110 229 1344 3550 1747 9456 921 8197 9642 2563 2685 1588 3447 5138 5568 5954 1380 7902 8168 7820 9460 7831 7910 6291 3387 8706 7226 144 6850 6963 1429 8001 2746 9065 3112 5034 2816 190 1473 2326 5253 2936 4957 40 50 3212 6291 5392 193 8623 5648 6148 1542 8992 1174 7181 3035 6269 2994 16 1591 3703 9916 9219 9218 8077 985 7176 4 3858 243 1932 3237 2084 4857 3945 6344 4547 4795 9770 9664 5422 8544 5319 1025 9781 9259 874 3130 3635 9770 9209 6768 4372 8967 8603 8587 3915 3891 3614
8152 6427 2457 1373 3797 9691 7658 2875 9826 8741 8842 23 4438 3226 1959 4952 2594 4018 8697 2969 6536 5860 0 2723 1811 2461 6738 4465 5555 9013 6551 611 3420 4256 8241 8429 1484 3632 2482 7769 5184 4094 2102 9333 6664 8298 7308 4740 2903 6016 8411 4391 9624 1247 7548 4347 7074 6143 9890 4823 4912 1769 7380 9586 2281 7674 5942 4187 984 8424 3069 4775 2209 875 9082 8555 4679 4264 2784 379 8155 4154 859 931 2449 1190 8459 7612 786 5626 1459 660 8347 5281 8855 5485 6741 8680 8911 778 8123 5574 7537 1847 8295 5799 3680 260 2836 2271 8917 5374 1371 4290 6394 7845 3150 1547 2718 982 8155 9827 3308 8488 681 9327 45 2925 9557 7900 9440 3471 8867 8451 5601 9381 6910 1129 8330 8010 9490 9964 0 4455 1916 7740 9581 5299 9968 5364 861 4792 5528 7399 1478 3114 4530 6157 1953 803 1879 6276 1084 7609 7139 7789 6309 1518 5632 6857 5908 4398 2595 7514 4638 6422 4807 5749 5967 4315 7216 2637 1973 8490 5167 7989 8280 4810 4688 7220 2309 1652 9593 4085 7806 4223 6860 7957 3706 5748 6112 7643 2783 3046 7593 6733 6912 5307 4118 3116 3010 8898 7171 393 7242 9930 5360 1231 8363 3939 5572 5864 9006 7236 7118 848 8457 9115 8274 6120 5193 2600 4913 8800 5170 3824 2719 7456 3121 2399 206 1461 8210 8428 9296 9742 9690 3094 5263 37
1472 8643 4656 674 8084 2721 4963 210 1830 2691 4518 2538 1400 1411 9081 8189 1214 2298 7058 3228 9634 9450 2723 0 8557 6317 3128 6294 4569 4811 297 6295 1548 4133 5305 6816 930 3780 3094 8134 3417 3873 178 100 1554 9596 8932 7899 8576 5801 7703 4118 3924 5965 5552 9472 4927 6318 5081 4904 4031 8273 6456 6347 2028 7159 8788 7455 7619 6255 9315 8062 4462 5093 1795 2534 6440 4613 6052 7146 9801 3282 4885 1142 5500 1059 5722 2697 2526 6099 1623 3415 8937 530 8024 4246 8370 5673 1740 7243 2211 2546 7361 9759 4449 8628 2781 324 9277 8696 9770 2698 2936 3638 2907 4306 8016 4518 3219 8692 1346 7021 7554 347 5875 2764 8544 4745 5225 9498 3960 4969 3745 7742 3231 1017 4997 2240 8019 5976 3854 33 3245 6967 4880 8474 8692 4623 4012 7523 6458 2356 6857 4992 514 8246 686 5670 6309 4489 6397 6521 9221 7065 7099 4060 1027 5578 1019 6477 2937 964 9854 1390 913 1695 5499 2888 3081 3478 2750 9177 3901 6783 2325 3625 4764 6318 7775 2234 3548 7336 1041 7683 1757 1131 4400 3887 9806 9331 4478 5803 4414 8682 8432 3510 745 4986 7452 5444 7783 303 6983 7053 6849 4278 6072 953 3035 6232 8259 5273 108 8888 3999 6755 7194 1706 343 5936 8448 8201 1443 6808 7214 268 1437 2341 5337 327 1979 9424 9985 4185 9968 9066 6631 205 5722 2758
3518 4112 6862 7645 6680 2112 8121 2285 7170 859 4623 4848 3846 1507 1410 8257 3387 5650 5543 1079 9491 8972 1811 8557 0 8893 5671 882 8063 200 1203 1198 3890 624 9991 9322 6341 5040 587 7655 9288 7315 5906 6736 3300 9097 4680 4603 5071 785 4099 386 9556 1794 7916 1025 5865 5325 7623 4453 360 6822 2926 465 4700 4985 2227 2358 7044 7214 3819 2669 6991 1807 6615 5491 78 5503 75 3207 9352 3500 7234 5880 7307 1134 3095 5992 6191 1210 6723 8475 7297 7945 1014 468 8345 1696 5389 256 871 6071 1426 4650 8046 5775 1183 6813 3987 9210 3464 556 1211 2859 5039 5395 4519 6898 6510 8666 8062 907 938 454 8543 3522 4304 3691 3738 9108 7707 5690 5514 3880 678 7649 229 9985 6364 9929 9279 2561 6578 6035 4442 2391 4276 5227 875 2899 3165 61 6914 3581 5055 9476 6600 740 1447 4127 9339 1591 8872 101 2112 7759 9480 7392 4208 3786 551 5199 5346 5706 2390 7002 3320 3575 633 7911 5474 4017 3218 7452 5560 8981 2863 2601 349 1375 5357 9149 3931 695 8606 1027 1935 2623 6853 4721 1963 4815 1589 4195 8950 2878 7125 7987 8994 2240 6733 1132 8698 7933 4046 9842 6348 9783 4485 9527 5561 266 8297 858 3402 277 9014 8646 1459 4678 5639 5613 5796 1637 2992 9080 2881 9576 5500 9765 6258 8625 1136 8643 8463 3109 790 996 3928 2214
5922 7766 7935 918 8066 7530 973 1414 1138 6981 98 1807 2774 1556 7908 5481 7267 5320 9806 765 7701 2825 2461 6317 8893 0 3039 9367 9311 126 9302 6015 1989 6083 9556 6784 9798 4134 6135 4674 6087 8084 7581 2338 8599 6605 386 270 4972 2506 5589 3470 4022 2911 3912 181 8569 7176 323 3763 5353 7803 3875 1551 6702 6385 977 5615 5911 9947 5295 2675 7154 3269 8293 1442 2664 9301 5259 1618 5621 3395 4645 4709 6391 8980 8426 641 2131 6450 6108 4300 5180 8259 5315 8309 8997 2631 307 5641 6633 1757 7107 3502 8310 3288 8274 2232 4442 4926 234 6793 3039 5157 8936 3194 8851 2445 7445 8075 7738 5196 9693 8764 6985 451 2243 8511 6806 4795 726 9872 4803 690 4809 9339 7412 9554 1576 3790 8657 6305 7700 9135 4853 1305 518 1262 7964 4573 2133 8019 3280 4878 3331 4153 22 7866 1416 3809 2272 5744 8499 8939 2035 3939 6302 8754 6102 109 2344 8218 5665 9153 8943 7303 227 9932 8025 810 5975 3117 6095 5567 9135 8859 897 6644 7927 3648 2004 1878 4314 4943 2054 3968 8794 973 4281 9401 6701 3117 1838 3477 5471 1869 5838 8093 6780 257 312 2953 7506 5038 6497 9010 1885 914 700 7513 4426 4686 3792 4484 4939 1405 9040 3463 7422 4792 8938 9952 306 3421 1944 362 3945 1319 6443 5021 9900 5590 2246 8721 6397 7530 6717 80 1468 1662
527 9902 9159 642 7745 4696 1624 1216 939 6277 5544 4145 7145 7542 4101 4642 5935 9371 3675 5287 2755 3505 6738 3128 5671 3039 0 8905 3174 4808 1567 1878 9778 2905 5216 8121 5284 291 2862 5720 9662 3249 6168 9040 5425 4590 639 8489 7720 5065 3338 8098 7492 2836 3721 4332 8530 2562 5191 3526 4769 1301 8752 1720 6665 8384 6954 1224 9914 4868 1351 8430 2180 5318 9879 9024 6184 5558 6923 2601 3221 5168 5353 1416 481 6988 4986 5852 9066 1065 41 8780 6631 9510 9334 1041 1089 1899 7901 6174 441 7462 9201 4001 6318 7796 109 9760 4060 854 3768 5396 8965 4751 1844 7149 2920 1116 2180 2300 4810 9017 2616 6469 7061 2914 3786 6807 4067 321 8119 4060 4563 7455 8731 4037 3970 9744 8710 7900 8369 4565 3836 4077 6316 7245 546 3437 5242 7115 5508 8072 2188 5241 102 5998 3933 5443 302 5144 389 3566 1641 8221 5153 7936 6297 9782 6675 7266 5908 2572 4834 380 6402 2196 7372 1396 5559 3519 5093 4855 2819 4786 3241 918 1496 6468 3301 3598 4147 2434 686 847 328 6477 2544 7624 9929 2943 9954 6165 1623 2176 2109 6832 6925 5556 1684 7460 7432 5256 7341 5457 7207 6011 3722 870 2372 1859 6931 841 1721 7181 7825 3795 2448 2160 8281 1119 9900 7048 2462 9482 7336 7625 724 486 130 7359 9368 9061 7585 8088 1559 1234 7955 6349 9856 7139
5459 1695 2570 7474 676 1195 3833 7181 8837 8062 9060 659 8473 6031 103 2318 8400 4104 7316 9515 1819 2318 4465 6294 882 9367 8905 0 1210 7176 9417 341 4340 6814 4453 2010 1009 8475 7637 4939 1582 2878 6982 9531 8196 1043 8358 8289 698 6094 9465 4953 4187 6049 9412 4919 3092 7024 5523 3200 2502 8738 2619 6242 2061 6322 572 7774 1773 8530 8686 3123 2202 401 9044 2685 5269 3733 8046 6904 9743 9820 6920 3381 2951 9125 2482 4372 6222 2908 1768 8135 4940 2256 9003 9115 6499 9641 7348 4571 1989 9669 4503 284 8321 4059 2627 3093 1735 9073 712 9128 9831 8131 4457 2902 6787 9396 643 1150 4322 2443 3615 8491 4358 3343 1141 1075 6717 1047 9554 1662 5810 7759 2780 926 6284 7996 7535 6108 8183 6567 6301 9557 7853 8678 7729 5281 2886 256 9233 7728 9951 2294 8972 239 7910 8790 7333 1483 3935 7695 3510 528 3881 5184 8461 6722 459 8222 5117 5505 5428 8907 4084 1471 2558 2051 6533 8739 4133 9361 1866 882 9826 1706 2488 8730 5628 5125 4892 353 647 4365 1469 1576 6092 9692 6447 6050 8403 7640 7241 4100 8132 8235 163 1410 2989 7491 1465 7788 3786 6668 2108 2069 1445 2834 981 6767 9228 7451 1214 1394 9151 4930 5532 7814 9273 3870 1559 3224 6612 5301 1856 5043 3180 7321 943 5581 7038 2917 8370 7165 139 7450 4329 6972 7158 6325
1747 2025 4404 7548 2737 7512 7908 7499 9362 432 237 4134 8888 3086 596 8006 1563 261 7790 2212 2950 3501 5555 4569 8063 9311 3174 1210 0 2396 8704 5642 3210 9334 3692 7346 6175 2151 1200 3275 7590 5596 4237 5381 3666 3858 9006 9284 7157 7710 1140 2636 9597 2142 1317 212 8974 1794 628 804 7480 5515 7843 4418 2514 267 4138 8385 4720 8020 1543 1189 1936 7155 8171 381 5703 2242 1356 2365 6357 5826 6447 5563 6812 4186 1033 8662 9489 6057 7527 3809 8995 5568 5283 3962 454 5499 6990 2019 5398 1042 2203 4109 3125 9370 651 6254 6104 3762 7213 8664 5686 164 7520 4084 3854 4905 7307 9123 2344 7098 8813 9311 4812 8826 7677 4112 3411 3846 7727 7581 2186 3784 1054 8262 7047 7137 8033 9673 1405 7802 1401 4494 7874 7142 4811 6656 2046 2931 9454 881 326 5569 3356 7448 8363 818 4772 7516 7620 8562 6323 8178 6312 1530 6904 6228 6954 7420 4607 7329 1388 2550 8311 5021 1344 6384 9785 4431 3378 4877 397 3814 9036 3803 4835 8178 8502 5828 8342 2275 4955 1304 4611 1286 9762 195 9786 7926 1914 492 754 5914 6477 8946 5343 3839 6747 9931 2056 131 2585 3120 377 928 825 3319 2852 7449 319 6892 4708 1679 3097 9814 7245 6455 69 7406 2043 7487 891 1458 9072 5264 9301 9698 13 6775 5582 6351 9267 3192 1670 9209 7592 2967 6936 9236
1278 3314 623 7808 162 2575 1220 3432 7538 5405 4350 8558 7119 8560 5863 8991 2341 7545 1313 1016 4426 3060 9013 4811 200 126 4808 7176 2396 0 4585 5314 1036 8561 7758 5596 5742 1649 5690 3132 7152 8073 6648 7684 425 9231 8174 3572 9872 5616 93 6544 2059 5970 6071 6782 3936 4436 1788 8684 6688 935 7450 5162 9724 1873 5308 9586 6206 2647 3895 7502 7613 2997 2191 2623 2622 5532 8526 8858 4192 145 9489 3073 3856 6561 8571 9975 3579 8877 8769 2638 6507 1109 4621 9435 309 5640 2750 793 4471 8912 6101 1177 4209 2675 1693 5747 3030 9476 5948 4902 1078 1116 9877 1535 765 7020 1876 1667 3155 9395 5017 1020 7765 9703 1662 6685 5878 2543 6185 1325 5774 6496 2052 2442 8490 5424 8215 2279 3715 9088 6415 63 6213 3616 3097 2000 4110 2429 2082 6652 235 4984 7073 6998 1289 908 9922 3357 9959 8888 8420 1878 3519 1679 3437 4109 6772 5341 6959 7516 2625 6734 6091 406 5750 7118 560 8991 5310 4905 8723 7018 5415 3768 4688 3293 4744 2551 3491 7966 5963 6132 7604 6024 2328 709 6965 3766 9084 5720 5625 3104 685 6119 4980 3389 6432 325 6777 2159 4516 3851 7676 9961 5058 1798 4109 1594 1069 3781 7948 166 9065 8942 8069 2437 5748 1452 6840 1648 2738 8765 9363 4083 9948 1882 2620 4265 6700 9632 5997 8250 3550 5624 8592 8257 447 5337
2801 6443 4224 3381 7169 1825 9619 3897 728 9326 3376 7805 6499 6999 9508 4403 2094 1252 1536 6924 4700 9953 6551 297 1203 9302 1567 9417 8704 4585 0 5784 2809 3728 5423 8422 4151 5923 3822 605 5209 3697 421 9963 8094 9683 2060 7876 1406 1709 1704 8925 5306 4994 1900 7587 8335 478 9443 7746 2624 6688 6112 4590 4524 4281 7959 3875 759 7790 9915 3745 3260 3425 9174 6664 6502 5237 4089 6189 766 7375 9709 48 6303 6636 5045 8332 4430 8543 4770 8439 6960 5919 9276 5990 6825 1762 2162 8147 4336 7247 2394 6081 5094 2468 4320 3577 3905 3670 5314 6577 4232 6205 6528 5221 1632 9510 1268 8127 7794 838 6873 7292 7664 9517 8687 5324 4860 5289 2828 2613 6040 5802 8107 7210 1422 9383 7509 4660 6301 4495 7773 4944 3855 9746 1008 5900 2267 876 2419 219 8551 9964 7354 9410 1639 4527 4483 3670 9189 5256 3448 3565 4324 4951 6290 4269 1332 1383 3085 1623 7619 3731 4076 9359 8848 8319 5910 2611 4822 6216 6153 995 455 4479 314 8674 5562 6049 1789 9738 8002 8473 2342 2327 7615 6327 6388 5480 4909 2659 8537 3102 3032 3952 2672 7473 7682 384 8306 3372 8892 5184 2961 9948 1665 6154 1390 5089 7806 7840 7101 5046 8079 3865 8897 6723 3506 1087 7895 5705 6820 222 1695 6662 10 4677 654 5498 2302 4491 2544 2084 8181 2821 7583 9932 2186 5405
7051 1996 1961 1608 4471 3318 9731 4015 1028 5234 2017 4223 5416 6584 6313 1487 9367 2850 1807 3168 5077 5693 611 6295 1198 6015 1878 341 5642 5314 5784 0 5853 1104 6945 3580 9321 6517 1876 1814 5788 1969 163 8650 2778 3084 8283 2515 5241 9196 9032 8274 1074 2947 7905 187 804 8725 8242 1626 2564 8602 9871 2452 1500 4551 9147 2708 4325 5045 8570 8520 5227 280 3087 2971 9779 7196 1321 2592 1189 4104 8601 8985 9560 620 5024 591 4950 8785 4430 5654 1802 702 2589 5217 4584 5465 3694 866 935 8338 6206 8082 8737 3572 3378 5335 8272 3988 2738 9629 1118 9552 6171 4671 8915 7112 3152 360 1901 2008 9644 580 477 1539 2398 1541 3494 619 9966 9054 703 6146 5767 7319 9223 2995 695 6317 8608 2452 3407 3599 1819 1193 8022 8545 1555 7113 2449 912 8655 7629 5729 6064 5084 7342 3124 2674 5207 3836 6110 2489 347 2371 3513 9071 856 9070 9473 6130 8322 871 8130 7393 2762 8125 4195 5022 7143 8850 7525 5116 5520 8102 7859 3527 3101 3761 5276 9987 4084 6584 2074 4115 1435 2469 9888 6412 6565 4830 2647 9784 537 8587 1474 1025 4527 4509 5043 3310 1809 6432 4337 3650 5476 2811 2157 7968 4545 2410 6879 4338 8385 6789 354 4254 9640 2281 7017 1721 1370 576 7408 3609 8492 3567 9198 6995 7632 8799 2495 6086 3886 256 3065 5987 4670 2172
