100
0 2194 5413 8502 4722 2707 3082 7311 8545 2991 8070 5328 5529 6194 9563 7122 9989 5191 9402 7274 5603 7065 7625 3441 8333 355 9905 4576 297 4700 7163 426 8031 474 6359 3916 4120 4588 7324 8751 3880 8442 3452 3079 5890 5578 7734 3167 7603 7524 3435 450 6704 918 9140 8766 9834 4914 7158 7850 4881 3227 9947 7094 5402 7680 9818 8612 4510 7941 3565 7983 8036 8091 9393 7359 8834 7086 391 3183 8487 2976 3723 7112 6936 242 7607 3026 9777 9498 2194 2019 7139 5045 3716 390 8963 8984 1493 5494
2194 0 7163 8328 7497 4501 9240 1543 466 193 6301 264 7706 6080 73 3518 7554 4622 1083 1619 4949 5743 2440 9844 2938 3386 4070 8208 5927 7916 5995 4536 9620 4306 8691 9040 9273 3969 7175 9507 384 4140 4319 2034 9841 3552 9753 95 4460 2043 5421 6920 4314 7426 8562 2876 9581 7137 5250 3234 3449 8756 4555 5930 8254 9939 3032 3320 989 6921 8960 7830 5031 3201 2569 7566 9054 9756 9264 2482 1754 6613 3372 9844 8596 860 7291 7744 6803 4289 1225 9085 7770 9243 3223 9889 4256 2309 7591 7959
5413 7163 0 6841 3980 2743 3909 2119 7020 4227 617 7509 7507 8397 8486 8005 5369 1846 7539 5216 6772 6632 1389 5572 1529 7391 8934 825 3749 797 242 681 4893 7393 8833 5713 3688 2592 7351 4912 8392 9994 9093 7072 4899 8031 3807 3073 261 2575 8745 904 5296 1432 4364 3821 5158 2346 4783 1632 5558 6675 5804 9792 2783 3816 992 4702 8537 1209 2367 1712 4953 429 4489 4716 2018 2012 1261 7636 2449 5448 6147 9439 5831 4193 6496 8355 3265 202 4060 6387 5113 2589 6801 1255 6240 9814 8065 1525
8502 8328 6841 0 4850 831 1799 1340 4544 438 7434 1817 9283 3930 1187 6447 6494 8500 7955 6518 3286 1664 9723 1672 4896 8004 2098 4714 4162 4283 2678 2294 3409 257 8212 4640 4191 1357 257 1361 8540 6593 3682 1621 3097 5923 4291 6032 2643 4698 4746 3452 6130 1415 4018 3663 1911 8264 4363 9928 6364 738 2905 7707 2413 8939 4948 1731 6788 257 6042 2475 8037 7273 9128 1708 9656 5255 9315 7585 3091 8552 7270 9852 3396 4682 9952 3920 40 2346 3362 9176 519 7128 4970 8801 621 1322 3379 5315
4722 7497 3980 4850 0 7372 5824 1716 8841 3740 2858 9772 4882 3761 9964 5420 4096 8083 3454 9159 9085 6711 507 9133 3049 3946 4601 31 3882 2862 730 9180 7979 7083 3299 6455 3615 7974 3143 2 2781 3528 4199 6625 7985 9476 575 5098 8294 5651 534 7176 4328 508 2705 7613 24 5586 6604 5597 4348 1035 6952 2736 2523 9395 7272 3655 1270 3527 4173 7251 2317 5151 1004 623 7646 4276 5309 921 7793 6201 5632 2793 5406 117 9918 1070 4068 5669 1590 7920 963 3983 8696 7489 8996 8011 1795 8770
2707 4501 2743 831 7372 0 6829 9172 338 7717 567 7418 6118 7497 6821 441 6498 1172 653 7011 6004 42 5505 7426 4038 4917 5827 3941 860 7177 1638 598 1797 2172 3650 2791 5676 3210 5937 2424 2266 3847 3721 8747 9828 3766 2064 9168 2217 6628 4260 9251 7931 9358 1151 8683 6476 7229 512 4591 2555 2602 6416 8732 6584 6868 5230 7116 9915 1589 3281 7016 677 2863 2373 6954 5651 9259 5567 5526 9220 8953 4836 3555 684 6334 2283 140 8834 3179 5291 8264 7931 9829 5349 6035 3907 4110 4064 6991
3082 9240 3909 1799 5824 6829 0 4825 5544 6647 3059 237 451 5067 3166 36 1523 4407 8567 7926 9510 5893 7583 4529 4964 7119 2567 5454 4271 840 8462 4286 6655 4409 4573 3387 2573 1206 3118 9473 8756 7928 3478 5853 9244 4945 1434 3366 9506 1133 8374 8057 5125 6999 8229 3301 2927 6233 7913 7559 5661 3258 5277 5587 7724 9272 8753 5064 4976 1461 4112 8619 8947 6328 369 3275 981 7992 2810 8601 2122 8017 798 2653 9856 1178 5325 8740 1739 5315 5866 3684 1330 1877 2546 8788 3436 9267 5149 9422
7311 1543 2119 1340 1716 9172 4825 0 4939 1504 5879 1223 897 8798 6912 6556 8146 8529 1723 272 3763 6668 7955 7570 2603 8891 4443 8363 629 7808 5020 7860 1241 5567 7703 8575 5125 333 9708 8837 1340 6887 8209 2829 6671 2112 1408 5582 2256 7989 8464 4224 9821 323 4671 6182 5759 7995 9803 5214 7574 1127 2535 6920 5805 1205 2819 9260 3002 9298 9286 8641 1055 1505 649 4123 9282 8192 5545 9561 7114 7873 5943 543 5045 6733 3091 8501 4457 3440 3151 2522 9923 7724 9113 9478 7445 2524 7457 5217
8545 466 7020 4544 8841 338 5544 4939 0 9966 5777 3670 6118 3772 5351 6485 8278 9040 9546 7953 6538 2523 2544 7868 8900 1023 9915 6901 9931 4633 224 7314 1889 1050 884 9208 7879 3467 2433 5190 2927 7708 1477 6639 4756 9326 8766 6087 6220 8571 7409 9115 1185 9050 3080 5106 6038 4305 7134 1834 8884 4530 3474 5873 2680 7977 6740 5424 3139 496 8659 1113 9970 7944 9326 3558 4261 9800 867 1175 5103 8572 7653 9470 3160 5315 3216 2232 4422 7887 2369 7082 1912 5259 4152 6099 5138 2452 573 4183
2991 193 4227 438 3740 7717 6647 1504 9966 0 236 3594 3486 7862 4415 2708 7625 669 3735 6703 8193 3059 3339 5848 9032 5750 6405 3043 4646 7061 2548 650 1972 5395 9275 1650 6916 6525 6427 1709 3274 4342 8988 7234 3040 2780 6316 8590 2656 2654 3498 1882 4673 8216 1704 8718 6408 6501 6513 9272 622 4186 4799 5300 1586 9250 8947 7375 5801 3837 9653 3157 7177 4352 2922 2371 5629 8806 3734 5857 2546 2665 4678 7499 7162 5795 7268 6563 4239 4329 2350 5988 8313 7230 6413 1281 3788 9584 1467 1707
8070 6301 617 7434 2858 567 3059 5879 5777 236 0 8843 5730 9073 2355 5829 2283 5865 9060 6946 6254 5055 3127 7891 631 525 1050 7682 3657 3087 8777 9899 4185 8641 9315 8464 2076 3036 7219 3691 318 9583 934 1299 3910 226 2963 1034 3883 10 2121 6566 4343 6257 3938 1127 4490 1885 1816 9862 6966 9295 2487 8240 7577 4755 7547 6889 1596 7350 9638 3532 9201 9733 867 2954 1743 3361 6432 1823 2004 6170 4653 2516 2164 4056 6514 2550 194 6755 3014 4775 4204 2649 3231 958 9854 9166 2886 1131
5328 264 7509 1817 9772 7418 237 1223 3670 3594 8843 0 9741 8066 7402 4273 5521 8828 3726 5308 4069 1341 9321 409 8979 8082 3075 232 3641 5096 8050 7346 3826 3407 6486 1101 2212 5682 4384 3078 9861 3262 2042 6379 8171 742 6826 317 1225 2661 2078 7405 142 8113 1611 4789 3398 7202 5000 3039 5169 7869 8131 7067 2399 9967 4292 7340 5597 1812 5373 8464 5892 2654 2897 2048 7260 3413 1473 7301 588 9758 1423 7256 8793 8630 5853 2588 1816 4514 7122 9330 6728 5336 407 2877 3358 5883 9199 5569
5529 7706 7507 9283 4882 6118 451 897 6118 3486 5730 9741 0 2540 5776 5207 1908 7679 2723 1723 8962 284 3895 4228 8831 8934 8723 1073 3435 9416 5105 8482 8395 3082 9753 2005 4441 7699 8455 9617 5997 46 5748 7625 3029 2191 3496 3877 4419 1190 6935 8385 6479 6697 5627 4052 8035 1049 5256 2292 8350 8281 7341 3094 1508 9154 1607 4838 6864 5310 2952 7206 7583 7383 7151 4944 8728 2120 1657 9634 572 1865 1665 1944 7741 5993 3800 143 1713 2383 989 2104 1679 7610 9340 7176 8964 8782 832 7109
6194 6080 8397 3930 3761 7497 5067 8798 3772 7862 9073 8066 2540 0 1968 1552 3228 1177 3102 5841 7051 5419 6983 715 9997 6278 5512 9724 375 2860 2781 3752 1114 6472 7900 7550 9677 8276 5102 7117 6213 6961 7149 7085 2913 826 989 2329 1537 33 1846 130 885 3461 4700 9845 1284 3003 7 4306 9715 6195 1493 1913 9549 3339 7788 7593 1367 8075 7297 3926 1196 3449 4719 550 245 3820 9094 9 5563 9870 4615 5159 3454 1724 2773 5395 9996 8764 6707 8870 5398 1069 441 5492 5291 3169 5719 6731
9563 73 8486 1187 9964 6821 3166 6912 5351 4415 2355 7402 5776 1968 0 7633 6637 2476 8700 4260 8190 9919 4040 4570 1901 5931 1111 6868 8327 9959 6258 6767 862 2356 3236 3420 3833 4469 5256 5940 7626 2215 7601 5517 8498 9900 6059 5048 6610 9386 9174 1323 9375 7603 9551 5630 3381 9140 2938 4201 689 5017 3909 2384 6336 8819 3166 6673 7709 3903 8845 4828 2626 5593 3735 6457 5836 2866 4659 989 874 9845 7743 7166 7247 6239 8052 3035 1516 273 6310 300 21 442 5364 542 3915 8392 195 8656
7122 3518 8005 6447 5420 441 36 6556 6485 2708 5829 4273 5207 1552 7633 0 2054 3199 6046 75 7356 8010 4475 2427 3307 7499 2599 3256 5267 5047 1150 3960 7258 8002 5372 7843 914 7539 4779 823 3759 2664 5244 978 2328 3037 6569 5643 1127 1697 5404 9908 2115 3357 2199 5895 2804 4577 5261 2991 5226 2739 490 7596 1804 3092 634 4453 5008 1891 5510 3341 6621 8687 3709 5030 2240 8690 4267 5305 587 9484 114 485 4362 5121 1047 3773 6847 1834 372 9510 1181 3956 8444 7517 53 4057 3646 9651
9989 7554 5369 6494 4096 6498 1523 8146 8278 7625 2283 5521 1908 3228 6637 2054 0 1246 5545 5195 956 3865 5664 8696 8883 7409 7972 8963 2503 9280 2216 8577 5564 5744 9762 4125 7578 530 8425 742 8995 7998 1343 3330 9628 4689 6761 5438 8381 3812 3854 3121 138 9471 1845 9460 6151 5292 7833 6473 2153 9830 4109 8869 8083 7782 9200 9473 9452 166 2995 2537 918 9889 6940 20 9382 4626 9671 6012 6599 7536 6485 5503 6300 8568 3008 5350 1536 5132 494 25 35 4164 5935 7180 4424 6569 882 4591
5191 4622 1846 8500 8083 1172 4407 8529 9040 669 5865 8828 7679 1177 2476 3199 1246 0 2268 73 937 2406 5881 5850 475 6364 9293 2092 5559 1351 958 3229 7043 7383 3914 5668 7559 949 6713 2540 5242 338 9493 6093 7952 6960 7389 9555 1948 5421 7748 7962 2836 2831 7541 7554 5505 7372 7190 7645 8146 2244 7110 8507 7447 1636 3871 3518 9964 3060 2298 3154 9197 2749 8141 5676 1310 3209 9832 5989 8060 4725 4501 5704 5400 3132 3214 507 5943 8012 9631 2020 5593 10000 8363 5754 5896 6765 5461 4793
9402 1083 7539 7955 3454 653 8567 1723 9546 3735 9060 3726 2723 3102 8700 6046 5545 2268 0 99 3894 850 9075 9034 8172 3166 7713 6786 8162 3755 9189 9987 6334 4734 5040 6082 8782 4510 3177 2955 8717 5469 6462 9649 8825 4667 7216 1063 8366 9446 5886 3153 2797 4377 741 8442 5769 14 5709 4919 8612 635 910 4593 8097 4874 9020 8388 1417 8255 9206 9741 551 4767 3412 6840 5905 878 3519 2239 7320 9252 8062 6720 992 8851 1385 1150 4785 7492 5394 559 6646 571 4266 3711 5821 3960 8059 1877
7274 1619 5216 6518 9159 7011 7926 272 7953 6703 6946 5308 1723 5841 4260 75 5195 73 99 0 8770 7937 8167 7979 1963 4511 3219 7670 7980 9927 3427 4703 1820 8052 8246 8589 2267 4340 2477 8320 490 6232 4026 3230 9137 6032 1524 803 415 9412 4890 3697 532 6637 7063 2429 8192 4699 8006 8181 5410 4612 4920 4979 8043 5069 7143 2556 9386 62 9706 6319 9867 8184 6779 9885 3714 1974 2620 423 1577 473 3428 1838 2014 3201 5142 7827 3925 3339 7285 2651 4287 143 9662 267 226 5320 140 1491
5603 4949 6772 3286 9085 6004 9510 3763 6538 8193 6254 4069 8962 7051 8190 7356 956 937 3894 8770 0 2095 9051 4035 6732 2661 8615 5924 1557 5556 6556 1902 5516 8536 2986 6402 1780 3265 7949 6364 6149 1536 108 8734 4726 9518 1886 2031 3204 9785 797 7546 1463 7385 4598 5227 9433 1332 231 5411 4126 3233 2840 5118 4616 8158 899 2337 6398 270 3543 1797 181 4580 3584 6416 4961 1159 8085 0 6827 1896 7931 4282 8682 8447 9394 6813 8421 5305 2246 9973 8760 8761 8731 3813 7809 7715 2420 27
7065 5743 6632 1664 6711 42 5893 6668 2523 3059 5055 1341 284 5419 9919 8010 3865 2406 850 7937 2095 0 6 3657 7493 504 9336 8156 1779 5258 442 1132 6753 6627 6727 6177 7644 3345 5208 9258 441 1970 6377 1359 5920 9215 2173 8416 860 4814 6119 7467 5 9062 3299 93 217 555 5755 9419 6275 2644 3969 1679 2989 2210 4108 906 7998 5322 5479 9463 8739 751 5508 4899 5482 6556 225 5495 4034 9724 3430 4042 5352 4679 2068 344 1357 3776 4886 8739 2550 3081 1765 9331 7169 8842 4008 956
7625 2440 1389 9723 507 5505 7583 7955 2544 3339 3127 9321 3895 6983 4040 4475 5664 5881 9075 8167 9051 6 0 8107 9220 4693 8435 3297 3311 9968 5143 4099 1748 4181 1401 5470 4649 9210 6151 2243 4065 7208 4165 5023 6628 9093 4492 674 5631 8982 6147 9090 2369 2815 9358 5227 6471 9149 3738 3871 4271 2797 7446 7174 7801 2449 8517 7541 8574 5873 3506 9651 443 2208 3206 1007 4266 5665 3557 7578 645 4453 485 6116 6430 8428 6171 1674 2091 9502 2664 6269 4616 2278 1698 88 1376 2493 4748 8101
3441 9844 5572 1672 9133 7426 4529 7570 7868 5848 7891 409 4228 715 4570 2427 8696 5850 9034 7979 4035 3657 8107 0 7216 1357 5948 143 9418 3038 2287 2944 9016 5092 4154 6660 7589 5862 4641 8894 9528 5923 9823 9810 6520 8015 1220 858 3223 2895 558 5675 8145 567 6220 9969 8871 8152 4703 3753 2986 3312 9525 6750 9866 9150 1666 15 1876 9681 586 9622 534 4742 6683 9467 7184 3578 2197 2666 5872 8570 9391 5799 1473 2796 8853 8149 7783 9967 6318 8817 428 4429 1189 8840 8916 8143 7957 2568
8333 2938 1529 4896 3049 4038 4964 2603 8900 9032 631 8979 8831 9997 1901 3307 8883 475 8172 1963 6732 7493 9220 7216 0 4871 5243 6477 5358 1120 8595 5920 9404 7120 2136 8081 3656 7870 3769 9353 7649 1922 2077 949 9107 6112 3581 6446 3809 1162 7896 662 543 1814 3045 728 2001 7442 412 8891 705 7202 3849 542 5321 2712 4341 3478 5704 3865 54 5144 4594 4275 1995 1231 6192 1379 9742 3021 7774 8923 9858 2916 4133 8311 2405 4794 4111 1548 1996 5144 7818 5969 6883 2422 899 9674 9203 3606
355 3386 7391 8004 3946 4917 7119 8891 1023 5750 525 8082 8934 6278 5931 7499 7409 6364 3166 4511 2661 504 4693 1357 4871 0 2494 4665 9906 3176 5380 7764 2492 6986 1500 7856 1633 5025 4518 6612 9175 8781 7731 9489 419 5354 7160 3647 5066 1829 8592 1724 9086 7044 4394 214 6445 1523 2762 2813 368 2962 1644 2225 603 460 2581 75 1846 3145 1215 1052 5083 3278 196 877 6939 8371 3184 8472 6823 2015 3608 2652 5121 5797 9063 3415 1086 8371 8502 8559 7019 8985 7226 8023 5753 195 2697 7285
9905 4070 8934 2098 4601 5827 2567 4443 9915 6405 1050 3075 8723 5512 1111 2599 7972 9293 7713 3219 8615 9336 8435 5948 5243 2494 0 8316 404 3938 6878 4566 1769 6362 6639 6760 5979 4601 8948 3475 2265 8615 7563 5487 3985 8866 2607 8520 3396 6416 5288 9000 3476 4565 2010 7531 9104 4447 5378 3502 712 8253 7805 1148 7674 9191 6568 568 7913 2215 3366 1458 1429 7049 8257 2528 318 9065 246 4542 4399 6265 1840 1276 1831 5319 3647 3704 5309 1371 7980 1684 3096 8182 5388 3434 6635 8800 8650 6397
4576 8208 825 4714 31 3941 5454 8363 6901 3043 7682 232 1073 9724 6868 3256 8963 2092 6786 7670 5924 8156 3297 143 6477 4665 8316 0 1424 4313 7825 4475 2771 7857 3114 5817 4238 5597 2583 1497 9331 3024 2516 5628 4590 3221 1778 6224 1340 7729 3244 6583 8539 439 605 6559 1635 6839 8121 3426 2498 4821 8302 8716 2809 9021 4126 229 2355 5594 1782 7250 5640 9079 1645 1789 9424 1788 4673 5627 9831 1937 3895 8941 2812 6365 2592 7572 3021 3095 5095 9597 1871 9374 1232 6246 2276 1377 7612 8697
297 5927 3749 4162 3882 860 4271 629 9931 4646 3657 3641 3435 375 8327 5267 2503 5559 8162 7980 1557 1779 3311 9418 5358 9906 404 1424 0 8127 4105 8907 1126 6292 2599 9064 938 4824 700 3590 4973 8599 9456 9176 8955 1999 9085 3185 8283 5670 102 7936 3876 1390 4080 165 1215 6233 4536 1001 4044 3416 6499 4186 4862 8264 5862 7967 6070 6194 8385 2103 9772 9629 2459 5363 5878 5865 8984 3080 5246 7057 1716 3041 5701 9084 7918 2758 6689 213 1348 9223 6353 9443 968 9030 2444 6684 9322 1636
4700 7916 797 4283 2862 7177 840 7808 4633 7061 3087 5096 9416 2860 9959 5047 9280 1351 3755 9927 5556 5258 9968 3038 1120 3176 3938 4313 8127 0 7848 7048 6842 1980 4938 8856 5293 2247 9901 3820 5092 6827 2476 8216 8277 459 3446 6004 3075 7894 2742 2040 8921 9863 3241 93 4948 8229 5284 2733 948 9991 9405 5465 5968 9120 778 9830 9948 7487 1611 8686 5460 1871 3853 3047 7637 2148 5544 6209 7062 6031 5518 1064 3721 8672 267 4498 1912 1597 9993 2583 1375 4365 9768 2569 7410 2204 4250 12
7163 5995 242 2678 730 1638 8462 5020 224 2548 8777 8050 5105 2781 6258 1150 2216 958 9189 3427 6556 442 5143 2287 8595 5380 6878 7825 4105 7848 0 5739 4016 4857 4563 3416 5777 8456 5075 4132 6484 3364 6531 7779 9508 4371 7164 1676 141 7482 2746 7854 1314 3526 8020 2135 5698 9960 4345 609 9847 9771 2473 2591 1162 1274 2213 6005 9019 729 8905 1766 8316 6744 8257 7042 5600 8463 8935 5791 6360 1211 69 2651 4273 7335 8180 5586 9751 386 5723 7013 4451 6542 8012 9444 8540 91 5252 4640
426 4536 681 2294 9180 598 4286 7860 7314 650 9899 7346 8482 3752 6767 3960 8577 3229 9987 4703 1902 1132 4099 2944 5920 7764 4566 4475 8907 7048 5739 0 8699 192 6513 6677 4918 3892 1414 8718 5894 266 2603 2852 8072 984 8744 2941 1414 188 6901 817 337 2412 6379 3439 2962 4197 5002 6117 1375 746 5993 244 6419 7859 3587 7332 6022 5064 3158 4137 6796 803 9012 2768 5737 1615 5329 9245 4545 2387 4877 2349 7231 5901 898 612 1751 4419 2998 7355 5162 3292 7312 9901 9569 8386 1718 3223
8031 9620 4893 3409 7979 1797 6655 1241 1889 1972 4185 3826 8395 1114 862 7258 5564 7043 6334 1820 5516 6753 1748 9016 9404 2492 1769 2771 1126 6842 4016 8699 0 3039 2649 8583 401 7355 547 7942 5640 4029 4021 4431 1464 8683 4747 5534 2767 8094 3712 4778 7996 9967 9510 2104 246 2826 9582 621 2382 584 6836 3413 2536 1383 425 4829 7746 5626 1729 1245 2490 8461 1145 8434 7784 2056 2976 6915 1892 3188 2861 9516 1951 4850 4167 5751 5182 8887 4567 5949 3606 172 7976 6318 8402 8124 4057 6071
474 4306 7393 257 7083 2172 4409 5567 1050 5395 8641 3407 3082 6472 2356 8002 5744 7383 4734 8052 8536 6627 4181 5092 7120 6986 6362 7857 6292 1980 4857 192 3039 0 8197 3981 7759 4183 2898 8627 2046 8241 1752 5213 7884 2131 7655 1207 7351 578 7391 4451 6945 3129 607 2897 1775 3092 6510 3367 5599 1019 7536 5059 2004 7530 3709 6504 8688 9778 211 6777 4444 5313 5332 4107 5708 6357 2695 7029 2180 6797 7732 259 8980 5532 5327 4052 991 8138 50 8935 1119 5132 201 574 110 9694 6560 6547
6359 8691 8833 8212 3299 3650 4573 7703 884 9275 9315 6486 9753 7900 3236 5372 9762 3914 5040 8246 2986 6727 1401 4154 2136 1500 6639 3114 2599 4938 4563 6513 2649 8197 0 915 5885 5197 7659 3788 7761 7682 587 4796 5727 2015 4697 1762 9767 6796 5365 3413 1592 2472 2713 3178 235 6132 4959 2928 3458 6764 1253 8944 8485 8622 716 1269 3362 6096 5951 3371 6989 8934 858 2144 1406 590 9151 2643 2121 9151 1243 3735 4912 5447 5338 1047 7195 4377 9697 4384 3578 1934 5272 4151 227 3573 6088 2077
3916 9040 5713 4640 6455 2791 3387 8575 9208 1650 8464 1101 2005 7550 3420 7843 4125 5668 6082 8589 6402 6177 5470 6660 8081 7856 6760 5817 9064 8856 3416 6677 8583 3981 915 0 3538 7920 4854 6366 8497 6741 1153 4590 5361 6147 7336 6770 4214 9921 509 8723 253 2173 9944 7667 2080 5934 3721 1662 6561 669 4841 9691 1186 544 1839 9826 5501 3864 2248 376 385 5381 2818 1362 6817 4262 4499 3751 2081 8399 555 703 8426 7801 4688 3410 5670 7978 8747 4199 460 8209 9951 8442 1310 3001 551 174
4120 9273 3688 4191 3615 5676 2573 5125 7879 6916 2076 2212 4441 9677 3833 914 7578 7559 8782 2267 1780 7644 4649 7589 3656 1633 5979 4238 938 5293 5777 4918 401 7759 5885 3538 0 3571 9061 5344 3654 4935 7803 6798 6852 7876 6727 4100 9974 5672 6704 8304 4456 1626 977 4154 4166 2248 3319 2181 3937 1779 871 5954 9223 2477 5902 6166 5110 8519 4578 5905 6869 3809 9306 2800 8520 7710 2964 4046 2493 6952 6559 5470 4098 6309 1798 9591 8319 4565 6674 8584 3755 1199 1524 8597 2131 6120 9831 2662
4588 3969 2592 1357 7974 3210 1206 333 3467 6525 3036 5682 7699 8276 4469 7539 530 949 4510 4340 3265 3345 9210 5862 7870 5025 4601 5597 4824 2247 8456 3892 7355 4183 5197 7920 3571 0 7937 2612 5709 7590 3471 8932 2604 5936 5758 6117 3038 9031 7515 6281 4217 2543 1033 6699 4666 3239 7478 1426 7396 1983 2817 4664 1308 6132 2989 9253 3030 7818 3543 520 3012 9086 2887 6659 8224 437 3655 4455 6789 9542 3460 1372 6952 7582 6124 1196 4027 4335 2528 5650 9693 3124 3024 1537 5013 9136 4154 3174
7324 7175 7351 257 3143 5937 3118 9708 2433 6427 7219 4384 8455 5102 5256 4779 8425 6713 3177 2477 7949 5208 6151 4641 3769 4518 8948 2583 700 9901 5075 1414 547 2898 7659 4854 9061 7937 0 1339 8812 6485 1132 5909 6161 7010 4079 2002 6766 2423 5683 1937 9291 5226 6668 3082 4560 6663 5754 502 8446 8071 5560 7090 4535 9999 3564 7301 5938 1803 2173 5417 5797 9536 6870 7879 5147 3015 1338 3989 2060 871 401 3908 923 808 8467 5331 6614 5582 8007 9558 8094 736 2690 9845 4376 9125 4129 1693
8751 9507 4912 1361 2 2424 9473 8837 5190 1709 3691 3078 9617 7117 5940 823 742 2540 2955 8320 6364 9258 2243 8894 9353 6612 3475 1497 3590 3820 4132 8718 7942 8627 3788 6366 5344 2612 1339 0 6729 2621 3532 1550 4251 8254 3211 5275 140 4778 9328 9112 2280 4563 4285 5447 1078 8485 227 2937 8254 2462 6504 1219 1697 4020 4871 6002 4587 150 4563 4603 1802 6790 2468 8098 2644 6335 8935 6726 1835 1735 7545 1709 2032 351 2425 8207 2558 8291 4358 5616 7948 5356 8526 2891 7983 1528 8144 5577
3880 384 8392 8540 2781 2266 8756 1340 2927 3274 318 9861 5997 6213 7626 3759 8995 5242 8717 490 6149 441 4065 9528 7649 9175 2265 9331 4973 5092 6484 5894 5640 2046 7761 8497 3654 5709 8812 6729 0 1646 3378 5449 1456 4016 7995 1693 9160 9848 345 9545 7243 4728 340 9527 9838 3701 9705 7351 5296 1530 6384 2114 9972 4481 3307 3376 1962 7684 2202 8689 5808 4715 8901 8512 7109 9495 5336 5148 4134 2300 9779 5812 9298 7995 8876 3402 7490 2464 7734 9593 4987 8696 2148 9502 116 5239 3258 1905
8442 4140 9994 6593 3528 3847 7928 6887 7708 4342 9583 3262 46 6961 2215 2664 7998 338 5469 6232 1536 1970 7208 5923 1922 8781 8615 3024 8599 6827 3364 266 4029 8241 7682 6741 4935 7590 6485 2621 1646 0 4155 7809 2915 6877 8021 3484 9335 7973 3505 1809 365 4681 5999 8498 683 6389 7308 4975 6131 7572 9107 321 3701 6045 5218 5021 3358 1559 7665 936 7073 4767 6243 6395 1801 2308 1898 977 3992 2285 1899 5043 5778 6105 3069 4798 2832 6063 323 9272 2391 9773 3720 7572 5984 917 5538 3512
3452 4319 9093 3682 4199 3721 3478 8209 1477 8988 934 2042 5748 7149 7601 5244 1343 9493 6462 4026 108 6377 4165 9823 2077 7731 7563 2516 9456 2476 6531 2603 4021 1752 587 1153 7803 3471 1132 3532 3378 4155 0 7657 8008 5902 2689 2799 8841 4575 8277 6326 1586 6554 1124 3132 4073 8065 7739 6249 8781 4119 6376 9884 1520 1449 4392 1757 4087 5092 9553 5229 6173 7599 1199 9080 8208 5756 7720 9540 6934 7245 2061 5822 3874 1185 2738 6209 5670 5745 4140 5420 5226 6258 5185 7062 805 2741 9732 3790
3079 2034 7072 1621 6625 8747 5853 2829 6639 7234 1299 6379 7625 7085 5517 978 3330 6093 9649 3230 8734 1359 5023 9810 949 9489 5487 5628 9176 8216 7779 2852 4431 5213 4796 4590 6798 8932 5909 1550 5449 7809 7657 0 4762 5909 2878 5819 9704 6444 2976 1813 8841 1712 4764 2108 2865 8570 3161 463 6674 872 644 2166 6411 5396 2899 7800 5971 1956 6400 2068 3454 623 8932 8722 2006 2455 4804 65 9077 20 7625 5182 62 6087 6032 1901 6600 4343 6414 8756 6252 8415 8352 8367 7674 2936 8206 4807
5890 9841 4899 3097 7985 9828 9244 6671 4756 3040 3910 8171 3029 2913 8498 2328 9628 7952 8825 9137 4726 5920 6628 6520 9107 419 3985 4590 8955 8277 9508 8072 1464 7884 5727 5361 6852 2604 6161 4251 1456 2915 8008 4762 0 3922 7328 4523 1417 2228 6908 9229 1200 1300 4400 6201 7497 3610 2578 3879 3081 828 2161 4438 2069 8153 7025 1727 4592 5317 1096 7146 4763 1569 2471 944 4680 9018 4129 7369 8018 8335 8514 7719 7177 2757 86 5817 1406 9782 7824 6323 4257 9454 8805 5911 1935 9967 4531 2683
5578 3552 8031 5923 9476 3766 4945 2112 9326 2780 226 742 2191 826 9900 3037 4689 6960 4667 6032 9518 9215 9093 8015 6112 5354 8866 3221 1999 459 4371 984 8683 2131 2015 6147 7876 5936 7010 8254 4016 6877 5902 5909 3922 0 7725 3053 1427 3138 6946 8533 3767 4552 4673 35 5334 9860 4535 5514 8723 6380 7940 2209 6059 6349 2886 9978 8720 582 9025 5731 7765 7564 3382 4834 4129 7999 240 4004 4837 6303 1440 5580 4092 3746 5361 2901 8321 1928 2474 4159 5926 7012 3965 4487 1793 499 1974 4208
7734 9753 3807 4291 575 2064 1434 1408 8766 6316 2963 6826 3496 989 6059 6569 6761 7389 7216 1524 1886 2173 4492 1220 3581 7160 2607 1778 9085 3446 7164 8744 4747 7655 4697 7336 6727 5758 4079 3211 7995 8021 2689 2878 7328 7725 0 4630 6941 2562 9323 3024 8079 5463 1822 9087 8235 3403 5383 6188 201 1281 7532 4265 8609 1089 5157 8284 4957 1947 8472 9930 5478 4668 1786 7115 3254 1512 3088 1749 9329 72 1173 878 6870 7511 3300 1702 5319 9714 1519 3540 465 2009 9653 7609 8859 8505 5126 5611
3167 95 3073 6032 5098 9168 3366 5582 6087 8590 1034 317 3877 2329 5048 5643 5438 9555 1063 803 2031 8416 674 858 6446 3647 8520 6224 3185 6004 1676 2941 5534 1207 1762 6770 4100 6117 2002 5275 1693 3484 2799 5819 4523 3053 4630 0 3098 7271 7359 8000 64 1426 968 8032 4609 3753 174 4617 6952 2319 5887 618 4139 4852 3240 8261 7737 6745 1469 4834 5630 5097 4049 1434 3448 8463 2868 9439 8537 533 8870 4795 4869 358 3419 2009 9265 9947 5150 3394 6305 9999 5259 7229 3205 8735 5269 4703
7603 4460 261 2643 8294 2217 9506 2256 6220 2656 3883 1225 4419 1537 6610 1127 8381 1948 8366 415 3204 860 5631 3223 3809 5066 3396 1340 8283 3075 141 1414 2767 7351 9767 4214 9974 3038 6766 140 9160 9335 8841 9704 1417 1427 6941 3098 0 6403 6929 956 1212 8589 5430 119 5264 1711 265 4354 7728 8752 2149 3939 1678 184 6218 6692 4358 2583 2056 8456 5311 6258 4461 2505 2917 5409 8506 7593 1585 8196 2517 4263 7210 9101 6503 1457 4999 3734 6155 6160 4721 7482 4121 8410 2811 214 6266 4812
7524 2043 2575 4698 5651 6628 1133 7989 8571 2654 10 2661 1190 33 9386 1697 3812 5421 9446 9412 9785 4814 8982 2895 1162 1829 6416 7729 5670 7894 7482 188 8094 578 6796 9921 5672 9031 2423 4778 9848 7973 4575 6444 2228 3138 2562 7271 6403 0 3783 2598 5801 5897 9774 6463 9952 529 9952 3931 4761 1756 975 6177 2380 5092 1921 2340 4991 627 2182 6748 9454 9192 1165 8875 66 7430 5530 7556 7674 9627 191 5158 4260 6374 4148 108 5440 6609 8125 5977 6048 2086 4932 1542 623 451 6590 4895
3435 5421 8745 4746 534 4260 8374 8464 7409 3498 2121 2078 6935 1846 9174 5404 3854 7748 5886 4890 797 6119 6147 558 7896 8592 5288 3244 102 2742 2746 6901 3712 7391 5365 509 6704 7515 5683 9328 345 3505 8277 2976 6908 6946 9323 7359 6929 3783 0 9470 4325 6470 4859 1841 5437 9136 6265 9193 595 3366 844 2345 4615 9125 5029 5900 9305 1109 2942 8605 6909 3062 3441 1680 2727 9151 1314 2087 5768 2867 35 7683 1081 7650 9204 8461 528 6702 6403 8957 4968 4331 9677 703 8139 9974 4949 3970
450 6920 904 3452 7176 9251 8057 4224 9115 1882 6566 7405 8385 130 1323 9908 3121 7962 3153 3697 7546 7467 9090 5675 662 1724 9000 6583 7936 2040 7854 817 4778 4451 3413 8723 8304 6281 1937 9112 9545 1809 6326 1813 9229 8533 3024 8000 956 2598 9470 0 333 6594 9222 8463 3391 2591 9182 7071 4246 1978 7927 2424 3991 6620 940 6044 1723 1266 8533 8231 1720 5320 6379 6074 270 937 7289 9450 2422 28 3066 8047 6696 1756 8676 171 2341 672 1347 771 5496 8436 863 2749 3452 9016 9406 8230
6704 4314 5296 6130 4328 7931 5125 9821 1185 4673 4343 142 6479 885 9375 2115 138 2836 2797 532 1463 5 2369 8145 543 9086 3476 8539 3876 8921 1314 337 7996 6945 1592 253 4456 4217 9291 2280 7243 365 1586 8841 1200 3767 8079 64 1212 5801 4325 333 0 1645 3036 8231 4270 991 979 499 5279 6333 6910 815 8832 8616 232 1807 7171 4284 9425 6759 4808 3060 2742 4241 6917 281 9916 8706 9683 2080 7821 8356 2441 840 461 6681 3695 9804 5148 3316 0 5861 2701 1659 4441 8518 945 5717
918 7426 1432 1415 508 9358 6999 323 9050 8216 6257 8113 6697 3461 7603 3357 9471 2831 4377 6637 7385 9062 2815 567 1814 7044 4565 439 1390 9863 3526 2412 9967 3129 2472 2173 1626 2543 5226 4563 4728 4681 6554 1712 1300 4552 5463 1426 8589 5897 6470 6594 1645 0 5144 5136 8959 2369 1486 6778 917 6301 9752 814 1096 6840 6393 3852 7192 4856 8787 5869 6527 2682 4911 5103 1154 4749 2845 1193 928 5282 4461 2126 1225 1322 2706 2872 8381 7101 3566 4903 9269 5481 6249 8773 6979 2677 4106 9910
9140 8562 4364 4018 2705 1151 8229 4671 3080 1704 3938 1611 5627 4700 9551 2199 1845 7541 741 7063 4598 3299 9358 6220 3045 4394 2010 605 4080 3241 8020 6379 9510 607 2713 9944 977 1033 6668 4285 340 5999 1124 4764 4400 4673 1822 968 5430 9774 4859 9222 3036 5144 0 9936 4502 6054 2726 6899 5913 8012 7303 4760 1336 392 7273 1315 7220 2443 419 5890 3685 4786 936 5426 4402 8293 1947 3457 9431 8227 4738 3802 9371 9979 7476 7479 1729 3588 8373 5541 9720 6923 4274 8995 1278 7551 2902 4201
8766 2876 3821 3663 7613 8683 3301 6182 5106 8718 1127 4789 4052 9845 5630 5895 9460 7554 8442 2429 5227 93 5227 9969 728 214 7531 6559 165 93 2135 3439 2104 2897 3178 7667 4154 6699 3082 5447 9527 8498 3132 2108 6201 35 9087 8032 119 6463 1841 8463 8231 5136 9936 0 7363 5798 9765 5217 3941 7090 7668 6444 8908 8884 8992 2104 9545 7333 2676 5322 4170 1729 3591 3093 1748 6673 355 2509 4220 1310 8059 5325 449 264 8911 1208 9572 5708 699 4718 2636 1744 4112 1652 538 6190 1338 3234
9834 9581 5158 1911 24 6476 2927 5759 6038 6408 4490 3398 8035 1284 3381 2804 6151 5505 5769 8192 9433 217 6471 8871 2001 6445 9104 1635 1215 4948 5698 2962 246 1775 235 2080 4166 4666 4560 1078 9838 683 4073 2865 7497 5334 8235 4609 5264 9952 5437 3391 4270 8959 4502 7363 0 5162 5600 7896 9086 6041 7053 5497 3586 8008 5381 8885 8411 471 303 6330 8763 5360 1019 9201 2455 4905 7362 2175 9457 9192 33 2895 2900 7027 7260 9929 6141 7606 6373 5888 8751 6117 7601 3948 6776 1512 5500 210
4914 7137 2346 8264 5586 7229 6233 7995 4305 6501 1885 7202 1049 3003 9140 4577 5292 7372 14 4699 1332 555 9149 8152 7442 1523 4447 6839 6233 8229 9960 4197 2826 3092 6132 5934 2248 3239 6663 8485 3701 6389 8065 8570 3610 9860 3403 3753 1711 529 9136 2591 991 2369 6054 5798 5162 0 5108 2750 3465 8112 5279 825 8244 6958 8881 6275 2554 3784 7205 2768 1671 3863 2304 2379 3770 5977 7840 6452 8275 5392 222 2335 4815 3472 7622 3688 2015 7626 8874 8165 4933 5920 8305 2577 874 1577 6517 7219
7158 5250 4783 4363 6604 512 7913 9803 7134 6513 1816 5000 5256 7 2938 5261 7833 7190 5709 8006 231 5755 3738 4703 412 2762 5378 8121 4536 5284 4345 5002 9582 6510 4959 3721 3319 7478 5754 227 9705 7308 7739 3161 2578 4535 5383 174 265 9952 6265 9182 979 1486 2726 9765 5600 5108 0 1860 1102 7305 2655 1291 4871 541 3786 3267 8790 8588 2225 7227 5507 8185 7041 1217 2129 9341 3093 9347 4375 4127 9007 4882 2081 4172 1287 8805 9827 4139 6965 3846 4391 2262 7307 2313 8392 4092 6868 5340
7850 3234 1632 9928 5597 4591 7559 5214 1834 9272 9862 3039 2292 4306 4201 2991 6473 7645 4919 8181 5411 9419 3871 3753 8891 2813 3502 3426 1001 2733 609 6117 621 3367 2928 1662 2181 1426 502 2937 7351 4975 6249 463 3879 5514 6188 4617 4354 3931 9193 7071 499 6778 6899 5217 7896 2750 1860 0 8806 8537 3680 6435 6264 5705 8724 4794 4388 9319 261 8936 5106 7511 8538 9541 2871 7050 5734 5742 6617 7196 7487 4280 9117 1955 7439 8894 2121 6311 4443 6843 909 7109 1800 6225 205 8543 7383 7668
4881 3449 5558 6364 4348 2555 5661 7574 8884 622 6966 5169 8350 9715 689 5226 2153 8146 8612 5410 4126 6275 4271 2986 705 368 712 2498 4044 948 9847 1375 2382 5599 3458 6561 3937 7396 8446 8254 5296 6131 8781 6674 3081 8723 201 6952 7728 4761 595 4246 5279 917 5913 3941 9086 3465 1102 8806 0 6145 9947 1429 605 6488 7160 2000 9179 6094 4491 5751 3129 819 3723 5599 2454 6612 750 3198 1977 7036 8389 8735 4056 625 9764 1699 3303 1791 6821 9441 8489 3833 9026 2410 168 7338 3312 9268
3227 8756 6675 738 1035 2602 3258 1127 4530 4186 9295 7869 8281 6195 5017 2739 9830 2244 635 4612 3233 2644 2797 3312 7202 2962 8253 4821 3416 9991 9771 746 584 1019 6764 669 1779 1983 8071 2462 1530 7572 4119 872 828 6380 1281 2319 8752 1756 3366 1978 6333 6301 8012 7090 6041 8112 7305 8537 6145 0 1533 6018 5990 317 6692 3960 5761 3540 4014 3895 3950 691 9383 8634 5140 4225 2184 977 8415 2265 6728 7992 8584 5991 6399 397 8806 1143 904 9109 2025 8616 4973 7534 5360 373 9863 6949
9947 4555 5804 2905 6952 6416 5277 2535 3474 4799 2487 8131 7341 1493 3909 490 4109 7110 910 4920 2840 3969 7446 9525 3849 1644 7805 8302 6499 9405 2473 5993 6836 7536 1253 4841 871 2817 5560 6504 6384 9107 6376 644 2161 7940 7532 5887 2149 975 844 7927 6910 9752 7303 7668 7053 5279 2655 3680 9947 1533 0 4784 4137 3044 962 6672 8746 3434 8806 8236 265 7864 853 2475 9054 9072 1122 4522 8223 3187 6332 9429 117 1076 4351 8063 3952 2224 2888 158 3283 2772 1977 293 4181 1059 239 331
7094 5930 9792 7707 2736 8732 5587 6920 5873 5300 8240 7067 3094 1913 2384 7596 8869 8507 4593 4979 5118 1679 7174 6750 542 2225 1148 8716 4186 5465 2591 244 3413 5059 8944 9691 5954 4664 7090 1219 2114 321 9884 2166 4438 2209 4265 618 3939 6177 2345 2424 815 814 4760 6444 5497 825 1291 6435 1429 6018 4784 0 2053 3811 3838 6177 2028 3625 7162 9280 7922 9352 5966 105 6395 2726 164 114 7828 1968 2923 7674 27 4330 431 1553 9936 9522 3053 4917 3857 5476 9612 1482 2593 2916 5427 4588
5402 8254 2783 2413 2523 6584 7724 5805 2680 1586 7577 2399 1508 9549 6336 1804 8083 7447 8097 8043 4616 2989 7801 9866 5321 603 7674 2809 4862 5968 1162 6419 2536 2004 8485 1186 9223 1308 4535 1697 9972 3701 1520 6411 2069 6059 8609 4139 1678 2380 4615 3991 8832 1096 1336 8908 3586 8244 4871 6264 605 5990 4137 2053 0 9292 1777 2154 9222 8954 9561 26 5511 5064 6232 422 1004 8634 1471 7310 2236 1245 7449 2515 6893 1509 8618 3681 9198 3719 3946 8161 2593 4596 6858 7858 8269 2194 4142 5054
7680 9939 3816 8939 9395 6868 9272 1205 7977 9250 4755 9967 9154 3339 8819 3092 7782 1636 4874 5069 8158 2210 2449 9150 2712 460 9191 9021 8264 9120 1274 7859 1383 7530 8622 544 2477 6132 9999 4020 4481 6045 1449 5396 8153 6349 1089 4852 184 5092 9125 6620 8616 6840 392 8884 8008 6958 541 5705 6488 317 3044 3811 9292 0 7383 812 3439 8106 5723 9920 4220 7069 9729 8553 6053 6807 342 9255 3118 3202 6908 7927 9942 6847 9038 1440 2908 2933 509 1632 498 3873 934 202 8944 9896 497 7754
9818 3032 992 4948 7272 5230 8753 2819 6740 8947 7547 4292 1607 7788 3166 634 9200 3871 9020 7143 899 4108 8517 1666 4341 2581 6568 4126 5862 778 2213 3587 425 3709 716 1839 5902 2989 3564 4871 3307 5218 4392 2899 7025 2886 5157 3240 6218 1921 5029 940 232 6393 7273 8992 5381 8881 3786 8724 7160 6692 962 3838 1777 7383 0 3129 6100 2985 8445 4023 3434 9539 3885 795 8576 3005 8072 5701 9973 9732 2070 8812 9678 4877 7007 271 5622 6754 8140 1209 9836 3159 8086 5024 9084 5015 3637 7269
8612 3320 4702 1731 3655 7116 5064 9260 5424 7375 6889 7340 4838 7593 6673 4453 9473 3518 8388 2556 2337 906 7541 15 3478 75 568 229 7967 9830 6005 7332 4829 6504 1269 9826 6166 9253 7301 6002 3376 5021 1757 7800 1727 9978 8284 8261 6692 2340 5900 6044 1807 3852 1315 2104 8885 6275 3267 4794 2000 3960 6672 6177 2154 812 3129 0 8847 3269 9126 2127 6432 4595 4298 1927 497 1111 6677 2488 6231 2556 4561 174 5396 306 7080 8357 8940 4964 2959 7281 5803 2967 2517 3216 694 9791 3106 2562
4510 989 8537 6788 1270 9915 4976 3002 3139 5801 1596 5597 6864 1367 7709 5008 9452 9964 1417 9386 6398 7998 8574 1876 5704 1846 7913 2355 6070 9948 9019 6022 7746 8688 3362 5501 5110 3030 5938 4587 1962 3358 4087 5971 4592 8720 4957 7737 4358 4991 9305 1723 7171 7192 7220 9545 8411 2554 8790 4388 9179 5761 8746 2028 9222 3439 6100 8847 0 1762 6188 3907 4906 7532 3516 9003 4446 2081 5964 4324 1592 3626 1127 4962 3785 4373 5120 3417 4161 6076 1459 7204 4073 9322 5078 7518 5947 1149 5661 2667
7941 6921 1209 257 3527 1589 1461 9298 496 3837 7350 1812 5310 8075 3903 1891 166 3060 8255 62 270 5322 5873 9681 3865 3145 2215 5594 6194 7487 729 5064 5626 9778 6096 3864 8519 7818 1803 150 7684 1559 5092 1956 5317 582 1947 6745 2583 627 1109 1266 4284 4856 2443 7333 471 3784 8588 9319 6094 3540 3434 3625 8954 8106 2985 3269 1762 0 8462 4239 374 9789 9774 6471 819 138 5264 4533 7587 3952 2838 1235 6035 3305 1336 7831 4053 6053 6024 9867 386 554 7499 8766 362 6337 8372 6071
3565 8960 2367 6042 4173 3281 4112 9286 8659 9653 9638 5373 2952 7297 8845 5510 2995 2298 9206 9706 3543 5479 3506 586 54 1215 3366 1782 8385 1611 8905 3158 1729 211 5951 2248 4578 3543 2173 4563 2202 7665 9553 6400 1096 9025 8472 1469 2056 2182 2942 8533 9425 8787 419 2676 303 7205 2225 261 4491 4014 8806 7162 9561 5723 8445 9126 6188 8462 0 1667 4429 5895 2417 8988 7601 3349 5517 8103 8946 1872 7259 3440 2934 6673 4025 2516 6444 7505 9332 3962 3761 926 1275 90 9326 7819 6884 4428
7983 7830 1712 2475 7251 7016 8619 8641 1113 3157 3532 8464 7206 3926 4828 3341 2537 3154 9741 6319 1797 9463 9651 9622 5144 1052 1458 7250 2103 8686 1766 4137 1245 6777 3371 376 5905 520 5417 4603 8689 936 5229 2068 7146 5731 9930 4834 8456 6748 8605 8231 6759 5869 5890 5322 6330 2768 7227 8936 5751 3895 8236 9280 26 9920 4023 2127 3907 4239 1667 0 6556 2213 6436 5259 1470 8476 4108 3555 374 5394 5634 8015 8153 8995 7941 3037 7351 8656 9448 5572 392 8346 316 1574 5887 1739 7659 5463
8036 5031 4953 8037 2317 677 8947 1055 9970 7177 9201 5892 7583 1196 2626 6621 918 9197 551 9867 181 8739 443 534 4594 5083 1429 5640 9772 5460 8316 6796 2490 4444 6989 385 6869 3012 5797 1802 5808 7073 6173 3454 4763 7765 5478 5630 5311 9454 6909 1720 4808 6527 3685 4170 8763 1671 5507 5106 3129 3950 265 7922 5511 4220 3434 6432 4906 374 4429 6556 0 965 9270 6106 9800 5253 1927 2352 4951 6245 1589 491 1542 3251 9994 4319 1362 5104 4093 3397 9487 4909 820 3990 6745 7894 8814 2724
8091 3201 429 7273 5151 2863 6328 1505 7944 4352 9733 2654 7383 3449 5593 8687 9889 2749 4767 8184 4580 751 2208 4742 4275 3278 7049 9079 9629 1871 6744 803 8461 5313 8934 5381 3809 9086 9536 6790 4715 4767 7599 623 1569 7564 4668 5097 6258 9192 3062 5320 3060 2682 4786 1729 5360 3863 8185 7511 819 691 7864 9352 5064 7069 9539 4595 7532 9789 5895 2213 965 0 2221 9624 8685 2050 1084 5696 2502 6530 4408 1182 1236 7815 6001 1900 103 4824 5680 6041 5942 7303 4563 8072 3208 8785 4882 7908
9393 2569 4489 9128 1004 2373 369 649 9326 2922 867 2897 7151 4719 3735 3709 6940 8141 3412 6779 3584 5508 3206 6683 1995 196 8257 1645 2459 3853 8257 9012 1145 5332 858 2818 9306 2887 6870 2468 8901 6243 1199 8932 2471 3382 1786 4049 4461 1165 3441 6379 2742 4911 936 3591 1019 2304 7041 8538 3723 9383 853 5966 6232 9729 3885 4298 3516 9774 2417 6436 9270 2221 0 6600 2250 2931 9344 2441 7772 2712 8752 8536 9878 3942 3617 8855 3407 411 9697 1340 22 4062 9067 7419 4683 7794 6726 4713
7359 7566 4716 1708 623 6954 3275 4123 3558 2371 2954 2048 4944 550 6457 5030 20 5676 6840 9885 6416 4899 1007 9467 1231 877 2528 1789 5363 3047 7042 2768 8434 4107 2144 1362 2800 6659 7879 8098 8512 6395 9080 8722 944 4834 7115 1434 2505 8875 1680 6074 4241 5103 5426 3093 9201 2379 1217 9541 5599 8634 2475 105 422 8553 795 1927 9003 6471 8988 5259 6106 9624 6600 0 486 2935 1415 9849 1669 2141 6731 8817 6626 9943 4706 5523 3312 9067 4412 4049 2926 2839 2143 5114 7342 459 3861 9588
8834 9054 2018 9656 7646 5651 981 9282 4261 5629 1743 7260 8728 245 5836 2240 9382 1310 5905 3714 4961 5482 4266 7184 6192 6939 318 9424 5878 7637 5600 5737 7784 5708 1406 6817 8520 8224 5147 2644 7109 1801 8208 2006 4680 4129 3254 3448 2917 66 2727 270 6917 1154 4402 1748 2455 3770 2129 2871 2454 5140 9054 6395 1004 6053 8576 497 4446 819 7601 1470 9800 8685 2250 486 0 7574 6254 3264 7063 5854 1944 615 6212 6570 994 640 8338 8591 2738 8842 2699 5578 3230 757 3255 9256 3149 4655
7086 9756 2012 5255 4276 9259 7992 8192 9800 8806 3361 3413 2120 3820 2866 8690 4626 3209 878 1974 1159 6556 5665 3578 1379 8371 9065 1788 5865 2148 8463 1615 2056 6357 590 4262 7710 437 3015 6335 9495 2308 5756 2455 9018 7999 1512 8463 5409 7430 9151 937 281 4749 8293 6673 4905 5977 9341 7050 6612 4225 9072 2726 8634 6807 3005 1111 2081 138 3349 8476 5253 2050 2931 2935 7574 0 4668 1387 9557 3273 1755 7563 9717 5202 4373 5576 9586 2940 4380 173 9244 6102 7 2330 9709 9391 7216 1568
391 9264 1261 9315 5309 5567 2810 5545 867 3734 6432 1473 1657 9094 4659 4267 9671 9832 3519 2620 8085 225 3557 2197 9742 3184 246 4673 8984 5544 8935 5329 2976 2695 9151 4499 2964 3655 1338 8935 5336 1898 7720 4804 4129 240 3088 2868 8506 5530 1314 7289 9916 2845 1947 355 7362 7840 3093 5734 750 2184 1122 164 1471 342 8072 6677 5964 5264 5517 4108 1927 1084 9344 1415 6254 4668 0 4989 2135 9296 7416 548 8191 7828 213 5727 1595 1308 1623 3198 6382 562 5658 9152 196 5145 7170 490
3183 2482 7636 7585 921 5526 8601 9561 1175 5857 1823 7301 9634 9 989 5305 6012 5989 2239 423 0 5495 7578 2666 3021 8472 4542 5627 3080 6209 5791 9245 6915 7029 2643 3751 4046 4455 3989 6726 5148 977 9540 65 7369 4004 1749 9439 7593 7556 2087 9450 8706 1193 3457 2509 2175 6452 9347 5742 3198 977 4522 114 7310 9255 5701 2488 4324 4533 8103 3555 2352 5696 2441 9849 3264 1387 4989 0 1402 3840 3530 3341 5342 1436 6906 1125 8887 2054 8488 1639 5100 980 646 9933 9538 2707 2389 9903
8487 1754 2449 3091 7793 9220 2122 7114 5103 2546 2004 588 572 5563 874 587 6599 8060 7320 1577 6827 4034 645 5872 7774 6823 4399 9831 5246 7062 6360 4545 1892 2180 2121 2081 2493 6789 2060 1835 4134 3992 6934 9077 8018 4837 9329 8537 1585 7674 5768 2422 9683 928 9431 4220 9457 8275 4375 6617 1977 8415 8223 7828 2236 3118 9973 6231 1592 7587 8946 374 4951 2502 7772 1669 7063 9557 2135 1402 0 6747 7031 6609 559 4539 9776 1067 3120 6907 8101 4158 8226 427 3984 8460 7818 6134 3108 2810
2976 6613 5448 8552 6201 8953 8017 7873 8572 2665 6170 9758 1865 9870 9845 9484 7536 4725 9252 473 1896 9724 4453 8570 8923 2015 6265 1937 7057 6031 1211 2387 3188 6797 9151 8399 6952 9542 871 1735 2300 2285 7245 20 8335 6303 72 533 8196 9627 2867 28 2080 5282 8227 1310 9192 5392 4127 7196 7036 2265 3187 1968 1245 3202 9732 2556 3626 3952 1872 5394 6245 6530 2712 2141 5854 3273 9296 3840 6747 0 695 6935 4088 1450 1549 3118 5401 6572 8560 9249 5200 2529 6210 3456 6041 7745 677 1456
