50
0 959 2378 7684 2421 6013 6062 9211 5496 9143 8447 6305 8391 1550 1408 7586 4355 3596 2621 7369 1845 3466 5601 5139 563 3473 8807 6594 6667 2224 2376 105 5651 5284 211 6208 9349 3332 272 3299 9483 4295 7297 8406 358 9466 8902 5229 9290 1815
959 0 5624 3681 3749 9431 5011 848 6999 9290 4714 1924 8912 7525 3701 5611 7254 7043 1567 4741 3124 494 3390 6922 2901 2306 3724 3449 8996 8980 8645 1975 7021 9959 2993 8100 278 9019 7901 2343 3381 9237 6255 6363 1040 2495 1539 5433 7422 1347
2378 5624 0 8936 1766 5811 9213 2468 2146 1559 632 3658 5301 4096 6349 9336 4397 9281 3843 2716 2679 9273 9050 3695 8903 5822 5518 9019 1849 5583 8909 9153 6662 7768 4194 2121 1375 4611 5259 6909 9621 4666 3455 9118 603 4452 73 5520 4088 3800
7684 3681 8936 0 4103 5918 1272 9010 5597 5220 3284 3427 6350 8906 3065 2721 6670 8609 3447 623 6475 1477 6614 9109 4549 1629 611 3597 5352 7713 5804 5376 2240 9604 7564 2087 8096 3212 8751 2046 3225 256 7148 7604 2946 6918 4109 407 9981 2614
2421 3749 1766 4103 0 8714 4292 3966 1969 5336 2513 1518 4729 1316 7553 4331 6666 8128 8019 4493 5408 9341 269 9148 4960 4004 8801 857 9686 1382 3757 6425 3926 3798 2826 4793 8059 4422 2526 3859 7966 1484 9368 3033 8868 2565 3279 8359 3197 8527
6013 9431 5811 5918 8714 0 5983 8868 3891 5509 4930 4632 505 7082 5032 3086 4678 7712 5742 3484 8501 2348 393 3495 6589 5847 9567 3597 8536 6796 3335 1540 3068 240 123 2996 8605 7480 9043 3618 9942 1802 4861 9176 9744 9321 8417 352 215 6223
6062 5011 9213 1272 4292 5983 0 5517 1821 2084 8205 6727 4345 7227 58 791 3603 3246 8633 5355 6944 895 6972 4578 1928 3567 4388 4929 1624 5308 6698 7025 5282 9873 1294 724 8846 4172 8399 2821 7723 9212 2146 5475 8111 9073 6087 7005 7353 9769
9211 848 2468 9010 3966 8868 5517 0 7953 2797 1418 4246 954 3584 790 38 5996 5158 7003 4854 1511 2947 9713 9222 927 157 247 6902 6049 6460 3209 9221 3986 9182 9265 8842 2991 8170 9195 9031 6918 2084 8306 3763 8660 290 5449 6231 7898 6474
5496 6999 2146 5597 1969 3891 1821 7953 0 5292 2787 7034 1697 3130 7587 1222 1355 7566 7258 2600 6755 6651 4910 9074 9936 9707 2747 154 6688 2014 5232 8183 1477 5512 1334 3656 2258 9373 3817 1995 6728 6626 1424 582 9570 7508 7789 4962 7011 9502
9143 9290 1559 5220 5336 5509 2084 2797 5292 0 2591 8540 7612 9512 4144 7219 3055 7419 689 2751 9762 6248 4855 4088 9640 5426 7567 1743 9874 5235 8622 9395 4458 9765 4567 537 5189 8717 1241 4665 7055 1288 5108 6806 8063 9163 8507 986 826 4638
8447 4714 632 3284 2513 4930 8205 1418 2787 2591 0 9116 9885 7908 8953 7847 664 7107 9570 6519 76 9272 7505 6711 6471 5678 3064 12 7944 467 9157 2910 3798 4652 5125 6688 3224 9974 5146 5941 83 6533 536 8809 6351 3680 9068 9681 240 6948
6305 1924 3658 3427 1518 4632 6727 4246 7034 8540 9116 0 8556 2449 4009 1664 3406 9481 8854 9705 4824 8498 3420 4823 1294 2162 2840 6823 4414 3220 6242 9195 211 331 7895 3645 2025 6418 6843 4907 2168 5828 9451 8608 1051 7487 3987 5982 9264 5393
8391 8912 5301 6350 4729 505 4345 954 1697 7612 9885 8556 0 8962 4096 8579 671 3596 5140 180 1065 2291 3328 2554 7271 9131 7081 8745 859 2082 7040 730 130 9266 6574 3102 1484 1974 3500 4414 3185 610 8684 9175 2764 4773 5839 8841 2394 1163
1550 7525 4096 8906 1316 7082 7227 3584 3130 9512 7908 2449 8962 0 3443 2556 7543 2230 3567 3548 2756 7679 920 8593 1505 9241 6603 5312 7423 7958 9568 7351 6324 8689 1937 7961 4990 9715 2512 7582 6349 1091 1950 6576 1368 8204 7415 9586 9222 5946
1408 3701 6349 3065 7553 5032 58 790 7587 4144 8953 4009 4096 3443 0 2863 1422 1942 1984 4202 7252 36 5569 6230 6358 6170 2 6513 8528 4936 2474 5706 4948 1668 5706 8158 2900 9660 6527 8443 2466 7767 5705 8400 5466 460 6667 599 1888 5414
7586 5611 9336 2721 4331 3086 791 38 1222 7219 7847 1664 8579 2556 2863 0 2339 6186 9485 8707 7135 1472 4236 5750 1755 6350 8233 415 1410 2519 6335 4548 5487 5459 4513 131 126 9691 115 6241 9254 9580 6054 4131 2760 3586 7178 8825 9322 8993
4355 7254 4397 6670 6666 4678 3603 5996 1355 3055 664 3406 671 7543 1422 2339 0 1936 9877 2462 6385 9931 1176 5895 2160 5887 909 7824 1133 815 8137 5194 1201 6732 4466 7888 9371 2336 4496 7154 2906 5121 9411 2339 6153 8548 4300 1120 4096 5876
3596 7043 9281 8609 8128 7712 3246 5158 7566 7419 7107 9481 3596 2230 1942 6186 1936 0 5535 5759 7680 547 3832 67 3417 1705 1932 3112 9066 1281 141 3901 4341 6184 8294 2794 1974 1524 9983 8993 5826 8886 7350 7138 399 7424 4587 9345 9226 9910
2621 1567 3843 3447 8019 5742 8633 7003 7258 689 9570 8854 5140 3567 1984 9485 9877 5535 0 6298 228 9694 8609 2325 387 3399 7896 5967 3712 4967 9946 3778 5039 9747 8849 5158 7862 4692 1248 1186 5426 2090 2736 8031 6502 4604 462 3091 1908 8224
7369 4741 2716 623 4493 3484 5355 4854 2600 2751 6519 9705 180 3548 4202 8707 2462 5759 6298 0 9056 5719 9064 9652 477 322 3306 3599 6983 4879 2276 9977 2162 7672 5392 9167 8622 2384 3740 3838 3509 5526 6128 2596 6276 4188 8383 4672 5966 9055
1845 3124 2679 6475 5408 8501 6944 1511 6755 9762 76 4824 1065 2756 7252 7135 6385 7680 228 9056 0 4060 3616 5183 5926 3532 6941 3128 3187 8204 4966 5512 4035 1408 6407 9417 1423 5941 6707 923 9355 3631 1556 9701 9749 356 1644 1120 9922 1112
3466 494 9273 1477 9341 2348 895 2947 6651 6248 9272 8498 2291 7679 36 1472 9931 547 9694 5719 4060 0 3754 5787 5845 7136 896 7006 934 1618 8272 9532 9662 3826 9476 8808 3261 3410 9173 5642 6364 8407 3945 8859 1502 6210 6293 318 6427 5861
5601 3390 9050 6614 269 393 6972 9713 4910 4855 7505 3420 3328 920 5569 4236 1176 3832 8609 9064 3616 3754 0 9937 2171 8169 7479 5562 97 6424 9150 538 2622 4414 1611 6121 80 7171 1565 2949 4173 569 9701 5623 7576 6906 8258 3558 8467 8375
5139 6922 3695 9109 9148 3495 4578 9222 9074 4088 6711 4823 2554 8593 6230 5750 5895 67 2325 9652 5183 5787 9937 0 6530 5005 5987 8627 2980 9893 3223 1273 9086 3492 3016 9292 4381 1722 7979 5318 6720 2115 6114 9190 1379 2811 398 6470 9338 14
563 2901 8903 4549 4960 6589 1928 927 9936 9640 6471 1294 7271 1505 6358 1755 2160 3417 387 477 5926 5845 2171 6530 0 7671 8377 4713 3549 2811 4637 8347 4609 7782 433 8653 8022 6411 3210 3195 1554 7418 131 225 5725 8464 8643 2874 2548 1468
3473 2306 5822 1629 4004 5847 3567 157 9707 5426 5678 2162 9131 9241 6170 6350 5887 1705 3399 322 3532 7136 8169 5005 7671 0 8975 6031 8940 8300 5363 6454 4472 1436 8331 8117 3421 1242 1858 3653 9694 1287 1503 7522 8037 6498 8111 9738 7636 8292
8807 3724 5518 611 8801 9567 4388 247 2747 7567 3064 2840 7081 6603 2 8233 909 1932 7896 3306 6941 896 7479 5987 8377 8975 0 3831 1623 4790 2690 8620 1957 2012 7291 2059 8425 7785 3150 9747 8901 5078 930 4049 3254 2668 7999 637 882 6556
6594 3449 9019 3597 857 3597 4929 6902 154 1743 12 6823 8745 5312 6513 415 7824 3112 5967 3599 3128 7006 5562 8627 4713 6031 3831 0 6973 170 7704 5197 3709 8994 6209 6429 8768 4808 8352 7283 5164 129 444 7307 8609 5767 9387 7238 9305 9935
6667 8996 1849 5352 9686 8536 1624 6049 6688 9874 7944 4414 859 7423 8528 1410 1133 9066 3712 6983 3187 934 97 2980 3549 8940 1623 6973 0 7368 1182 3552 8404 7740 6127 7929 4704 3450 414 1563 4499 3856 725 3598 2653 2303 298 4979 9551 8656
2224 8980 5583 7713 1382 6796 5308 6460 2014 5235 467 3220 2082 7958 4936 2519 815 1281 4967 4879 8204 1618 6424 9893 2811 8300 4790 170 7368 0 2987 6908 3788 6854 7570 5834 401 4591 710 816 2796 9071 5654 9013 300 9231 4590 2783 9793 7585
2376 8645 8909 5804 3757 3335 6698 3209 5232 8622 9157 6242 7040 9568 2474 6335 8137 141 9946 2276 4966 8272 9150 3223 4637 5363 2690 7704 1182 2987 0 1589 7794 8597 2686 1944 7963 6064 2078 9658 1000 9609 8846 4522 6902 6994 6014 152 3755 6394
105 1975 9153 5376 6425 1540 7025 9221 8183 9395 2910 9195 730 7351 5706 4548 5194 3901 3778 9977 5512 9532 538 1273 8347 6454 8620 5197 3552 6908 1589 0 4790 7547 2963 517 499 1072 8319 4206 7985 8652 820 2210 8457 9328 7161 444 7130 6560
5651 7021 6662 2240 3926 3068 5282 3986 1477 4458 3798 211 130 6324 4948 5487 1201 4341 5039 2162 4035 9662 2622 9086 4609 4472 1957 3709 8404 3788 7794 4790 0 9961 4857 3319 3398 2299 1201 9734 2835 5539 3580 6597 3505 1648 7511 2397 6153 5068
5284 9959 7768 9604 3798 240 9873 9182 5512 9765 4652 331 9266 8689 1668 5459 6732 6184 9747 7672 1408 3826 4414 3492 7782 1436 2012 8994 7740 6854 8597 7547 9961 0 1462 1462 9999 8731 1095 647 5938 1271 8595 3958 4601 1826 4378 2700 5555 9104
211 2993 4194 7564 2826 123 1294 9265 1334 4567 5125 7895 6574 1937 5706 4513 4466 8294 8849 5392 6407 9476 1611 3016 433 8331 7291 6209 6127 7570 2686 2963 4857 1462 0 5780 1340 4034 933 6021 3882 2816 2461 1182 6819 3039 5065 6688 413 9285
6208 8100 2121 2087 4793 2996 724 8842 3656 537 6688 3645 3102 7961 8158 131 7888 2794 5158 9167 9417 8808 6121 9292 8653 8117 2059 6429 7929 5834 1944 517 3319 1462 5780 0 1261 3409 8488 3277 3081 7993 4382 790 3669 3510 8742 9522 3921 1574
9349 278 1375 8096 8059 8605 8846 2991 2258 5189 3224 2025 1484 4990 2900 126 9371 1974 7862 8622 1423 3261 80 4381 8022 3421 8425 8768 4704 401 7963 499 3398 9999 1340 1261 0 8780 4941 1844 4407 7864 7793 5467 2195 369 9164 9317 9709 1262
3332 9019 4611 3212 4422 7480 4172 8170 9373 8717 9974 6418 1974 9715 9660 9691 2336 1524 4692 2384 5941 3410 7171 1722 6411 1242 7785 4808 3450 4591 6064 1072 2299 8731 4034 3409 8780 0 7461 1590 7885 9853 9453 4411 671 6546 4991 9759 3073 5085
272 7901 5259 8751 2526 9043 8399 9195 3817 1241 5146 6843 3500 2512 6527 115 4496 9983 1248 3740 6707 9173 1565 7979 3210 1858 3150 8352 414 710 2078 8319 1201 1095 933 8488 4941 7461 0 1009 5869 5125 9242 9342 4652 356 8155 5141 2832 3398
3299 2343 6909 2046 3859 3618 2821 9031 1995 4665 5941 4907 4414 7582 8443 6241 7154 8993 1186 3838 923 5642 2949 5318 3195 3653 9747 7283 1563 816 9658 4206 9734 647 6021 3277 1844 1590 1009 0 3211 5058 5563 6629 316 6357 1189 4760 1349 3717
9483 3381 9621 3225 7966 9942 7723 6918 6728 7055 83 2168 3185 6349 2466 9254 2906 5826 5426 3509 9355 6364 4173 6720 1554 9694 8901 5164 4499 2796 1000 7985 2835 5938 3882 3081 4407 7885 5869 3211 0 4222 5935 3927 5207 5271 4739 5368 7858 7998
4295 9237 4666 256 1484 1802 9212 2084 6626 1288 6533 5828 610 1091 7767 9580 5121 8886 2090 5526 3631 8407 569 2115 7418 1287 5078 129 3856 9071 9609 8652 5539 1271 2816 7993 7864 9853 5125 5058 4222 0 4698 4066 8603 8423 9184 5391 6198 3934
7297 6255 3455 7148 9368 4861 2146 8306 1424 5108 536 9451 8684 1950 5705 6054 9411 7350 2736 6128 1556 3945 9701 6114 131 1503 930 444 725 5654 8846 820 3580 8595 2461 4382 7793 9453 9242 5563 5935 4698 0 1751 9888 7461 9986 5489 5192 3181
8406 6363 9118 7604 3033 9176 5475 3763 582 6806 8809 8608 9175 6576 8400 4131 2339 7138 8031 2596 9701 8859 5623 9190 225 7522 4049 7307 3598 9013 4522 2210 6597 3958 1182 790 5467 4411 9342 6629 3927 4066 1751 0 7262 784 126 9839 6032 7754
358 1040 603 2946 8868 9744 8111 8660 9570 8063 6351 1051 2764 1368 5466 2760 6153 399 6502 6276 9749 1502 7576 1379 5725 8037 3254 8609 2653 300 6902 8457 3505 4601 6819 3669 2195 671 4652 316 5207 8603 9888 7262 0 5519 8708 7496 2243 6683
9466 2495 4452 6918 2565 9321 9073 290 7508 9163 3680 7487 4773 8204 460 3586 8548 7424 4604 4188 356 6210 6906 2811 8464 6498 2668 5767 2303 9231 6994 9328 1648 1826 3039 3510 369 6546 356 6357 5271 8423 7461 784 5519 0 3973 501 7927 6708
8902 1539 73 4109 3279 8417 6087 5449 7789 8507 9068 3987 5839 7415 6667 7178 4300 4587 462 8383 1644 6293 8258 398 8643 8111 7999 9387 298 4590 6014 7161 7511 4378 5065 8742 9164 4991 8155 1189 4739 9184 9986 126 8708 3973 0 7308 3258 5489
5229 5433 5520 407 8359 352 7005 6231 4962 986 9681 5982 8841 9586 599 8825 1120 9345 3091 4672 1120 318 3558 6470 2874 9738 637 7238 4979 2783 152 444 2397 2700 6688 9522 9317 9759 5141 4760 5368 5391 5489 9839 7496 501 7308 0 6848 4473
9290 7422 4088 9981 3197 215 7353 7898 7011 826 240 9264 2394 9222 1888 9322 4096 9226 1908 5966 9922 6427 8467 9338 2548 7636 882 9305 9551 9793 3755 7130 6153 5555 413 3921 9709 3073 2832 1349 7858 6198 5192 6032 2243 7927 3258 6848 0 3619
1815 1347 3800 2614 8527 6223 9769 6474 9502 4638 6948 5393 1163 5946 5414 8993 5876 9910 8224 9055 1112 5861 8375 14 1468 8292 6556 9935 8656 7585 6394 6560 5068 9104 9285 1574 1262 5085 3398 3717 7998 3934 3181 7754 6683 6708 5489 4473 3619 0
