200
0 1655 9466 5399 3495 2128 9143 1314 3433 5976 7521 6006 5990 8272 9205 342 5117 478 7633 1966 7029 7050 2200 5592 6306 5407 7319 3984 3649 9865 942 8521 9221 8789 9586 4053 5897 5631 485 8943 1636 2941 469 2820 8336 9558 6309 9866 241 8855 8525 3438 3630 7723 198 8610 5780 7477 5519 1932 7368 441 1496 5320 2966 4052 6097 1918 9830 755 8175 5064 2295 3626 1173 735 1044 3083 7296 9770 8855 6681 7608 556 5770 5002 5421 4397 4066 2027 4962 4267 7369 1426 2084 3160 8059 2198 342 8574 654 6605 731 5403 5858 7033 1008 9919 8452 8434 4622 1117 8252 246 6609 7930 1942 181 8672 8646 7940 5871 2508 9035 4587 2434 3793 8247 4422 1470 3653 9955 3668 9955 2753 4145 4906 622 3178 8899 2981 9863 1781 1740 3893 6997 7007 4821 2348 9554 4437 9051 2779 669 4312 2676 1312 8245 3688 4712 871 6746 9188 4190 5229 2330 8716 4371 2890 2865 6648 4627 5621 4342 8323 5283 1282 6253 230 6243 2642 1394 9420 4307 3193 6688 2651 120 6916 8944 6533 3359 3549 5983 8887 1383 7929 8936 7021 3140
1655 0 2088 4821 2064 288 2503 2092 6304 2227 6912 2432 5916 2814 3879 8456 6146 9631 4987 4779 6207 5299 8951 127 3349 9229 3987 5728 6023 1644 1008 1095 1946 2909 2235 6963 1979 2163 2454 7412 6622 8764 9637 9791 6448 7480 9080 341 2970 7220 512 6275 9515 3873 8798 4049 9540 3663 3112 522 8210 7232 706 2256 2068 2847 3849 9653 583 705 7596 8621 3176 7247 8733 4646 4233 3662 2060 2462 9156 4091 7473 2819 5172 9404 3106 2296 3543 6847 5957 1541 6760 6507 3962 8226 3391 1067 9216 5971 5012 3833 1587 6267 5209 1376 4195 6989 2013 3137 434 5874 485 634 1560 5163 809 940 2062 8900 1634 845 4191 9368 6809 8011 868 1914 3404 2619 5565 3463 5476 4275 422 9905 219 1535 2548 9362 5789 5476 7011 4284 5850 2449 3132 314 697 9844 949 8569 682 9784 1715 2871 6842 2306 252 7910 3962 2108 9423 1703 6037 2077 5754 8020 7951 8881 6397 930 9648 8093 5488 1491 5096 8930 1533 9006 3514 5103 1661 5550 3847 5862 7209 5519 7676 7401 6367 6580 5631 6940 6412 1754 5779 7109 5855 4508
9466 2088 0 5141 9077 1116 2334 5986 3085 5377 7208 779 4699 6593 3672 3482 8587 9366 4680 3599 7941 8443 3240 6352 6525 188 5296 248 5074 139 3182 6197 7942 4804 2947 8525 7832 9707 5526 2116 2763 4793 9140 2741 2920 9942 3549 6216 8111 8113 2351 4396 7097 4308 5184 5062 1821 1108 4738 4415 872 47 7964 666 8276 6015 7579 5887 1807 7276 9144 8823 9603 5816 1466 7581 176 7436 5270 4204 1994 553 8442 7345 7257 5118 4207 6550 5003 6336 8196 1292 4290 875 8785 5620 6791 313 9514 4689 5341 7369 3456 8740 6934 1616 5790 3668 3875 7812 4938 3758 5049 7526 1548 4475 2183 2427 5019 6207 4126 5511 6823 571 4901 7267 5794 8660 3024 1457 7286 9164 3384 1206 8049 1621 6508 3322 6762 1156 7896 5748 7556 7496 7335 1718 1073 4886 457 3386 2814 582 3038 1485 2417 5136 9124 2445 6166 6610 5461 9502 3797 3771 3877 2986 4624 7584 3348 3539 896 1323 20 9842 2010 2633 998 5842 3371 2962 212 7982 6602 7393 1096 5611 9240 433 8288 11 1682 3537 3198 5851 7349 8494 2006 9252 4654 7594
5399 4821 5141 0 78 4743 488 5904 1135 9478 7515 9594 8207 2422 2458 2934 518 9924 8219 3245 1320 2398 3117 5204 5340 4179 6249 3476 4686 7295 4508 5410 833 7833 3785 1839 9258 190 327 2228 7308 7196 3698 6596 8841 8966 5948 749 428 6287 1981 1243 8127 1481 4905 6427 7508 2218 1504 7624 7171 3217 6185 7685 1765 8049 873 9331 2455 9874 7607 7460 5490 2957 5281 3764 7957 9577 1551 8530 5945 9107 5434 1904 5707 9989 5730 3885 3868 5359 5517 4268 4878 1829 4804 2280 2766 6225 2919 7081 6423 4131 2571 8532 2756 9729 7574 7270 1221 5071 1249 6940 6510 4110 5828 3505 7751 2978 1842 6856 3688 1910 6230 1641 9035 1914 7316 9160 4794 6537 1670 9459 3470 2521 8072 9044 4450 9757 2528 4571 4077 9117 6439 1030 2383 2589 5704 8675 6869 9901 4073 8598 2067 9704 4469 474 3823 5803 8049 2646 4328 769 2852 8191 2880 615 5795 8345 5712 4068 6704 1049 9332 9610 9554 4470 56 2928 3827 8284 1745 6024 5261 4215 3824 154 9529 509 4220 3006 1406 2481 4211 483 6850 9344 3875 3966 5380 6365
3495 2064 9077 78 0 6796 1196 7805 3516 6130 9375 3174 8025 764 1222 4772 4980 6027 8020 6973 7400 977 7538 3648 608 4376 3806 1526 912 4905 9634 4685 2754 1922 2708 5518 1779 7966 348 7862 4859 9917 9394 7712 7080 1140 4493 3801 9908 342 8589 3146 8731 1792 9225 9232 5088 9514 973 7983 7889 4286 154 2274 4745 2327 9148 9924 4359 7200 2041 6245 803 7930 9960 949 4845 1942 2414 7485 9120 3400 3928 7688 7063 7155 154 1082 6942 8074 3060 360 1017 7990 8348 4482 3111 6179 420 5014 4210 1857 7865 6419 9905 3969 7187 5339 7350 5075 9901 6470 32 8697 7904 6947 5949 3543 4137 5946 884 2903 7430 397 6552 6038 8510 9029 7088 4836 7973 9930 3597 414 8800 7957 4303 1737 7759 5943 2481 3540 2872 7615 9368 6981 5332 3224 945 4044 3922 4261 4584 6570 6498 9962 3176 3415 5993 3348 1403 7645 96 7452 346 6033 256 7225 2603 7280 4861 6636 5956 4014 3228 9334 3721 2866 2481 9300 6637 707 507 4367 9660 4158 1792 9916 3988 5041 6242 3087 7260 5703 6579 6187 1801 6530 3662 317
2128 288 1116 4743 6796 0 1605 1517 6494 5884 999 7183 2045 7955 9789 6146 9985 5459 9868 9895 5505 4674 4531 1292 7359 6061 635 4461 8444 7894 1769 2869 7170 1981 7387 8674 707 3589 1625 7500 9964 970 4124 2071 8581 2949 5774 4414 7627 8822 5040 9347 1632 4863 107 8497 6700 9276 9558 7078 7702 3988 5894 698 6082 7029 4846 6605 2567 1373 3955 6 1264 3209 913 9671 4618 3551 4715 7495 3754 4213 6105 2881 9028 9797 6172 7885 7102 8228 3926 4697 8734 8326 337 5430 8655 3695 5028 6583 8314 4062 6205 1303 5752 9180 843 7427 4721 2775 5713 4006 5283 8711 6584 6581 1778 5814 4797 3066 9144 3733 7440 3060 4832 2422 8473 5675 261 3033 6857 6380 1534 6848 6678 8044 5060 3655 5770 5137 241 7639 9475 6962 5596 3367 5422 6456 3046 6047 9111 3368 6579 6126 2719 543 4352 907 2465 7270 1656 7027 5951 8585 5940 4590 5189 444 3718 9767 4487 5491 1192 539 6858 2170 9138 3303 587 8476 2929 8206 741 5457 800 1088 425 201 9215 8649 6585 6391 3235 7943 3175 762 9467 3357 8646 3546
9143 2503 2334 488 1196 1605 0 2126 8600 87 212 1491 3867 9770 6652 6958 5776 2705 4179 649 2964 5724 8929 9692 3592 3907 5931 3583 9854 7547 7446 6741 2957 9107 2373 2135 2325 7185 6421 4943 4525 3168 6184 7441 1525 883 2485 9220 9207 8558 4638 6910 6314 9193 262 9776 7144 1141 5370 2509 8194 5582 8663 1812 891 7681 4741 1224 5287 5541 7256 4217 7613 8683 9484 5383 9011 4727 2376 1002 358 1990 3731 4029 5802 4137 4924 2962 2573 1727 4680 622 996 3848 2015 987 8334 1384 3574 630 2399 8514 6891 6865 6000 878 9050 2093 8237 604 283 3571 6995 8631 4839 8571 484 865 4667 6012 9234 7779 1794 9290 1801 5240 933 3322 4894 1266 2478 2 2905 4717 2223 855 9575 6320 1339 4068 7767 7584 9062 5906 857 5558 4363 5062 6169 7467 3223 3154 5103 8988 5340 738 8363 2052 1855 8760 7565 5858 3342 6266 7646 8287 4860 1157 8965 8354 6996 9320 1084 2723 5534 1545 1674 9100 8600 5199 7790 5572 1226 3959 733 4158 9539 254 3489 8210 6761 7683 5947 3701 61 3952 2894 118 425 6459
1314 2092 5986 5904 7805 1517 2126 0 9317 8046 9176 7542 1531 3267 8217 5154 9547 3257 5935 8930 7734 5743 6403 2073 2092 5039 3814 9363 33 6448 4608 6060 439 4665 622 5346 3238 4622 2550 7193 1909 2256 8117 2643 7708 6627 871 4255 1055 6548 2110 3316 9136 1105 8699 7641 7927 144 8628 2683 854 8490 4755 8972 2706 2306 4683 4907 8018 9595 924 8233 4208 6594 5981 2920 3893 3155 6996 9263 8812 9481 3362 3258 5353 6434 2491 8500 6007 7242 6066 5580 7451 6473 2447 2329 5156 5147 6484 1853 6960 7682 2191 6483 6096 2795 7281 1798 654 1002 2146 4262 4614 9740 9387 1465 8537 5375 9666 9450 2454 2376 8544 2677 8295 2193 3500 2467 7981 7566 3918 9217 2642 5554 4478 3379 4368 168 7146 7236 9039 4186 8589 5636 80 5761 885 1401 7570 6763 394 2076 302 7202 3610 8500 6585 43 74 3474 1055 6348 430 1916 6516 8146 8261 4325 3913 130 2109 661 6369 3252 3413 6297 1832 2246 544 183 62 5327 4972 6208 6552 1184 1132 9784 7160 5027 5793 5348 4360 3603 5418 9890 7210 4460 2070 6024
3433 6304 3085 1135 3516 6494 8600 9317 0 7301 2147 4616 3294 4598 3600 9402 9400 7883 9538 292 9370 2107 1986 9122 3835 4992 1296 602 1375 6945 8555 7594 8506 6490 2688 374 3392 5753 315 9165 8626 4562 8823 4315 4163 5955 1552 1292 2902 8293 463 3685 5164 6884 6545 9438 6051 6511 9625 1351 6989 797 2855 4251 872 607 4007 2884 2273 2629 9949 2982 2959 670 7468 7175 5806 5639 843 7629 1915 2720 3787 9873 9844 3806 8606 8559 1015 4048 6842 8549 6352 2139 9273 5586 879 1201 7647 8776 9778 8434 3031 6059 2630 9712 5972 9778 8640 427 94 7726 3229 74 2817 3388 2188 208 5323 2162 6909 4938 8365 4384 7388 7389 1588 4503 4980 3519 6371 8001 9814 8136 2805 8105 5881 1983 1162 9532 2407 9353 2100 3291 9507 9564 7179 2522 2662 8799 3976 2072 2846 6214 1222 6863 1177 6107 3274 4258 535 3185 714 9962 361 2342 9564 767 2358 9122 83 5099 8118 2639 3516 7505 6763 8465 6219 9280 9357 1384 5380 3309 5684 5401 9232 6563 9072 5327 3418 8004 6499 701 8710 9069 5334 4053 2899 9973
5976 2227 5377 9478 6130 5884 87 8046 7301 0 5654 3173 6657 2668 4623 3027 1423 9504 2533 801 5908 4474 3985 8538 1036 6289 6500 9372 5853 2707 9105 5434 5098 1195 4014 9669 8729 6718 8265 1448 7619 3928 7342 4894 4443 7476 6784 1293 8788 1645 5701 935 289 3322 9128 1547 6197 1921 171 4459 7672 328 3868 8595 6056 9951 3226 2814 1529 865 4012 7712 6132 9067 309 1996 2764 9809 7830 3442 6662 6533 4293 6306 1613 2989 3781 1222 6598 3752 2035 6983 734 8315 1717 7500 7810 4147 9034 6511 8105 7499 6989 9125 6962 8112 9323 7700 7299 8566 2963 6515 7333 1902 1912 7378 4234 6510 6086 1034 6264 7293 3145 8015 3506 9192 3034 3937 3678 8654 4052 4770 6359 1822 6356 3768 4135 1750 5621 5634 3344 9019 3957 1912 5213 2068 585 9773 3202 9398 2213 7023 8537 714 3240 8763 4052 1500 8874 4484 1248 7565 3542 6470 1230 3806 9319 6127 3841 4793 1472 9026 5353 423 7478 7156 4849 6282 1844 6269 8242 8961 7472 1044 1363 8481 7700 3933 4822 4236 7772 6249 8846 2582 2335 7015 7613 3441 5485 4328
7521 6912 7208 7515 9375 999 212 9176 2147 5654 0 7614 5535 5822 3134 8858 5458 6804 6749 6261 7955 2012 2633 7673 327 9542 5394 2046 7205 6052 1760 8719 9549 5229 481 7340 2313 1815 8904 436 9769 9742 631 4251 8045 6453 5758 244 876 7773 506 6925 8622 729 1103 426 9044 3130 2956 9684 3861 9464 1068 5934 6987 2565 9783 1295 6474 4456 3759 3171 5035 5500 5777 4966 7619 7906 9567 8649 7507 2668 1236 2673 4322 5585 5346 524 8412 7798 6202 3766 5203 1693 3417 5276 1173 4126 4212 2961 7060 3239 6734 5120 8645 7907 581 5338 6478 9426 9807 2437 3565 9572 8667 8776 842 6000 8132 9524 5726 5040 9370 2498 7826 5441 8734 9306 297 119 799 4709 8049 8850 4221 5469 8242 8137 8393 6384 6604 5781 8070 5998 2787 3395 2695 7449 7218 9626 5108 5876 2622 8724 7840 7962 5057 5519 1066 3660 7239 646 4291 3356 56 8377 444 9129 8245 2287 257 9105 7717 8623 2089 5948 6550 754 8831 7607 8253 936 4140 6245 5905 8515 4809 5190 4847 5178 280 1490 8724 1183 9543 4218 5966 818 5806 3878
6006 2432 779 9594 3174 7183 1491 7542 4616 3173 7614 0 6722 3388 1184 7753 7164 2908 815 6590 7682 5833 6732 1600 74 3524 6214 9737 6286 7193 1190 9315 8516 5815 6871 8006 6066 5811 7979 9511 2795 7570 9136 7838 8134 2687 556 7814 2889 2360 846 6859 1623 6652 4618 6032 1183 5637 8588 597 9916 580 6427 5121 6018 9416 6307 3613 461 2524 4785 5603 5545 352 2896 78 3151 8343 6971 7971 4403 9043 4606 6048 2225 4774 5955 5024 6636 5351 4197 5100 2201 1343 3869 7352 8220 7446 1560 490 7043 1825 2896 4069 390 5790 7619 5289 3122 3030 5203 6082 4593 5776 8483 8695 8803 4465 5459 827 3793 9329 3488 1132 9571 8453 8724 4181 6691 4633 4791 2475 582 9065 2786 590 3502 5782 6570 3461 3770 8380 7812 2853 2849 8965 738 7911 3315 391 7761 2995 8578 5808 7052 1187 707 8799 1229 5464 6611 4637 3724 5162 9275 9 1518 7449 9631 8233 6589 5837 6954 6995 1051 2950 9444 6200 8481 198 9634 736 9061 9529 2376 304 977 6271 9487 6020 1343 6244 4333 1234 2449 1600 611 3458 5859 7990
5990 5916 4699 8207 8025 2045 3867 1531 3294 6657 5535 6722 0 9482 5770 1315 589 2207 8319 6466 9884 2164 6674 8301 7134 5975 2428 3973 4016 1793 6938 504 167 7018 3541 5521 7054 4413 6075 1034 3719 5159 7042 6722 1160 6707 6268 2090 1628 9593 5049 751 2197 4749 2193 2722 5796 9625 6543 8378 135 1320 6474 6949 285 3819 2888 4299 7894 6230 7120 4647 7208 6932 5574 684 88 9881 260 4259 2614 5029 1139 58 1095 5248 2507 865 1555 6257 7187 1755 1339 7685 2313 9014 5042 5707 6728 5654 3800 5940 3397 9430 7269 234 9788 1366 1515 5275 317 2481 6825 6532 399 5902 8683 2100 5965 2237 2709 179 4768 267 6266 2291 7482 6401 2836 2208 8554 2598 655 1970 255 2686 5206 1612 9190 3900 7545 8566 2402 4303 2494 1937 4689 1674 8460 3041 4089 9906 5348 3636 5170 8506 7418 6865 685 274 21 6388 9096 2179 1324 2401 9194 252 7317 3812 9041 5028 2299 314 6005 6007 3227 823 5850 1925 6310 3240 7058 361 4118 1471 4809 3993 3654 5461 506 6724 4815 2302 3288 41 8947 913 8460 5099
8272 2814 6593 2422 764 7955 9770 3267 4598 2668 5822 3388 9482 0 1276 6357 3045 4980 3769 7013 5436 7927 3136 1731 8358 6746 4287 5072 3361 848 4505 4343 6356 3509 1231 4687 5840 1785 5718 5410 9335 3142 7958 4447 4141 4720 625 9992 1997 8970 818 4763 2591 8804 6192 6351 2165 3863 7696 6035 1664 7736 6901 2381 3991 5220 7251 4966 9433 6939 5365 5170 7928 393 8019 4214 5280 5779 4668 1691 8830 3142 8619 9682 1025 4734 368 6951 2445 5072 5318 4420 769 1257 1232 748 4910 4084 7353 360 5822 848 4266 7655 1079 4095 8401 8584 5103 8787 2023 6373 3962 8045 7476 9117 1133 300 3904 1464 2399 8797 902 1236 6612 968 1039 5510 1706 9999 2822 1458 9488 2500 4360 367 5368 6016 6726 481 2972 1167 5344 5894 3680 7954 4693 503 9324 8129 8106 30 7979 6845 7831 8744 5329 5002 2961 328 3717 7087 1360 4260 846 6776 1024 816 4570 8744 8942 5258 6715 2111 1988 5591 1923 4913 3552 7638 8070 8543 7853 6152 8480 8960 6153 6675 2845 297 255 7142 598 4125 8939 2851 5529 7388 5305 3666
9205 3879 3672 2458 1222 9789 6652 8217 3600 4623 3134 1184 5770 1276 0 1593 6958 5757 1020 1471 2622 1559 8956 6804 7084 9477 9020 9478 4733 8588 3029 2607 6236 2116 4144 8030 7670 1500 8549 2120 5200 551 9645 5860 405 7261 8781 8286 5669 292 5033 8 9231 8656 7951 9413 3612 5939 3487 1776 1912 9972 7419 4763 6188 5003 333 7313 1151 6643 704 195 3832 7166 7183 8101 8159 8021 5700 9775 9272 2915 6078 8319 5796 1045 8181 1611 2329 5886 4276 9934 3246 1829 4265 9370 3478 8046 367 9167 5491 3202 7770 9451 9862 8019 4966 9285 1961 417 6043 1896 4631 3351 5993 9640 1327 7140 2193 6500 1414 2380 8244 3326 1417 2413 8287 827 1147 7680 3696 1580 9890 7665 6484 481 2177 4845 9197 2530 7261 5229 7429 797 616 1894 8734 9766 1710 306 8931 2529 9112 4184 8187 6008 9844 545 6890 8494 9623 1836 1074 360 3976 4004 9191 5658 2407 9481 5476 1752 723 9238 9133 4791 9410 8339 1039 240 6015 6951 3586 1112 8292 689 2567 2326 1622 4316 9413 479 3150 2900 2381 4772 6996 9623 260 9618
342 8456 3482 2934 4772 6146 6958 5154 9402 3027 8858 7753 1315 6357 1593 0 9822 7117 1076 5382 9085 6932 903 8963 2170 6184 6078 1488 5875 1020 7782 3322 1735 3536 6341 7351 5252 9358 264 2945 4341 4631 1194 4691 6013 5970 3769 9744 5591 6562 6808 5687 7535 401 4953 6094 8899 9706 7107 8563 9690 7991 4496 4364 4727 4448 670 7831 8507 1948 6956 7361 405 4893 3223 3549 7421 1129 1230 7538 5803 6440 3729 4580 6211 1462 3960 7535 6065 9298 2280 73 6142 7421 5926 3539 451 2879 5924 3024 5663 1934 4719 8466 2686 3556 6500 4503 4524 138 1467 1073 4207 3043 5436 5953 2516 7496 5 3397 3358 1173 7963 6928 8415 3813 689 4272 6178 4495 5671 1409 5784 9278 9376 5087 6245 5823 4290 3366 9969 3608 7139 5758 8259 8366 3205 5850 9239 6903 6525 2100 4749 5386 3811 8181 7523 3128 2664 8984 5164 1021 3897 6812 1845 3872 1639 7119 5613 9512 4509 1960 548 5106 4166 5905 3396 4459 5809 9893 2442 3868 1944 2278 4486 1013 3018 385 6504 6242 4896 5679 9014 8973 1894 2282 9746 4880 3783 7894
5117 6146 8587 518 4980 9985 5776 9547 9400 1423 5458 7164 589 3045 6958 9822 0 2230 7171 2954 2998 7709 3176 4146 4371 9712 8748 6169 3070 5249 1256 1459 4610 3579 1222 1484 7210 7174 5189 2026 2837 184 8118 5780 4510 3325 5776 5950 2714 1963 4252 9003 8759 3300 653 8934 6216 8337 7780 1432 9636 5317 8089 9123 5661 90 9525 9575 1286 7677 3098 3615 4466 847 3416 9161 7181 4313 2360 3103 6836 2454 4494 1380 9418 9547 5299 4884 6313 1164 832 8980 7812 9603 7557 5926 2691 6036 3124 8341 3153 3187 9818 1978 1038 3740 4506 8334 7448 5514 491 8707 588 3244 5597 2530 7140 8271 2993 4887 7839 2929 3906 5725 346 4495 2635 8264 8924 1214 4581 4143 3262 5093 1446 4785 616 2203 616 5458 4519 2022 6143 2751 6845 2193 9914 5207 7254 6851 1396 203 35 772 1697 1784 4424 8653 3991 7149 5191 2439 1193 6731 5599 7995 961 9760 6406 2842 5737 1499 2376 7596 3878 2115 5425 8355 2815 4770 9193 953 4902 9040 2259 7957 5516 609 4192 6465 860 6315 9641 3288 8263 617 4681 512 1454 730
478 9631 9366 9924 6027 5459 2705 3257 7883 9504 6804 2908 2207 4980 5757 7117 2230 0 9851 1483 9417 3515 6834 3977 7201 7986 6691 4721 6009 2238 2732 4863 9317 4673 2007 9124 5535 9214 6598 7305 5720 4480 4615 6032 8656 6746 9037 6819 730 2324 5620 125 7136 4735 8603 1441 3595 2180 2444 7219 2715 9935 9238 6673 6450 6516 4528 3690 5802 4080 2863 6399 730 8453 370 7577 4145 8078 8844 4385 2048 23 2483 8711 735 5953 6577 5368 285 7534 715 9314 8694 5572 7305 4128 8314 3394 6771 8685 4084 3531 5968 6750 5202 4648 7620 3954 8786 5810 5085 9331 4845 5012 8798 2810 9591 2938 5529 1318 2004 240 9452 9279 7538 8800 544 1538 376 3240 663 573 5971 6134 2556 6223 9476 1052 8705 791 9392 6065 6538 1683 4089 8542 4639 1782 1952 4643 2998 9199 1027 6968 9242 5048 997 1607 654 5628 4239 7964 6327 4411 2787 8139 7959 1565 9035 5407 4001 52 3033 1864 8235 3407 4166 8233 4929 3882 9307 2163 9695 102 6084 2958 2240 3414 2787 5768 1820 3438 5618 9363 3111 3299 3085 1478 1076 7542
7633 4987 4680 8219 8020 9868 4179 5935 9538 2533 6749 815 8319 3769 1020 1076 7171 9851 0 102 3891 3916 7162 6859 7713 6709 6894 2665 4415 1274 7124 2111 6529 2300 9787 8015 4476 4597 8833 3804 5490 9296 1107 4117 5410 7320 5053 2112 5613 891 554 412 5021 2760 5255 1458 8221 9249 1820 3319 6435 7951 7970 4100 6081 8593 335 1028 6737 5311 6787 3804 188 611 2290 2774 3242 2212 6303 6833 5710 4614 1198 6745 5407 9579 5844 5494 8424 9941 6886 1120 3422 6678 4146 5744 6295 873 4247 2467 8219 9949 4753 6114 652 7709 9838 2981 2991 9679 8846 6439 9370 4961 6466 2384 1079 4461 1393 3740 839 5167 890 1064 2622 2589 2449 2403 8462 4547 740 5976 979 9451 4907 8714 9158 2088 3912 2550 7898 6284 7686 739 5761 2566 6132 8989 4636 4167 8870 7520 7544 9161 5215 9606 5688 6632 6019 8863 9045 4783 1128 8781 4277 6334 1918 2156 2885 1006 3816 4703 6787 4815 9505 3861 7930 1505 1901 8147 8245 5096 7904 9374 3889 1892 4313 654 2238 5672 985 838 1103 1045 6141 8830 8350 1586 2825 4506
1966 4779 3599 3245 6973 9895 649 8930 292 801 6261 6590 6466 7013 1471 5382 2954 1483 102 0 3662 9454 3616 530 9300 1114 6492 3059 3971 3224 1724 8947 2325 2523 8497 3055 3861 843 6209 1730 9798 744 6279 2072 1044 7507 2380 9087 5239 2207 4463 5102 4567 2004 320 7881 8474 773 3665 9710 8829 6999 9733 6269 4030 2915 3153 6452 4105 668 9520 2043 2305 6344 3058 1638 2399 8968 7532 26 3820 1911 6693 4542 3935 8322 5108 6975 6369 8797 8118 1654 1092 9912 9070 7096 2885 9285 7644 3222 9700 1088 5768 1696 9278 5079 2593 638 5692 7569 8342 1626 6783 3727 4886 9898 7778 374 9834 636 613 9398 2377 6370 3309 2401 9677 2390 9338 5801 6197 1237 9486 1523 6961 8887 3237 8418 1432 3597 4777 9952 5713 5494 5604 1548 9046 4576 3977 827 2289 2040 5316 4974 4474 6589 4457 5213 4676 7395 895 975 1025 3327 641 8471 7275 6177 7499 4176 4115 3582 2052 7435 6582 3841 9759 5938 5422 6010 1882 6062 251 9419 4466 9287 8630 8308 630 1190 9974 7756 9020 1135 7664 2459 1017 983 6491 3422
7029 6207 7941 1320 7400 5505 2964 7734 9370 5908 7955 7682 9884 5436 2622 9085 2998 9417 3891 3662 0 7413 592 5196 6731 9920 5586 351 9690 4477 2632 8610 124 128 6287 3571 35 8049 9967 7480 2836 8347 4546 9960 9551 9029 2688 6339 7660 6300 79 5095 2928 6535 258 7108 4998 3423 2790 1153 7367 5251 5581 903 5286 3928 2133 6088 9176 3774 1734 3950 4657 3748 7918 460 7841 2659 718 7602 680 9824 3426 4886 3732 2614 8888 6144 5158 3949 4402 3186 5780 3093 6794 5476 1363 7848 1384 4227 7972 9431 8463 6599 6056 1165 8434 597 7532 3963 2760 1028 3281 7665 4074 751 8555 3242 1733 4873 8389 8584 1586 4193 1048 6922 2585 9963 7124 13 1254 8042 5339 7954 6925 2806 5273 9089 6162 877 2325 641 7042 6325 245 8241 8248 7962 3454 5776 2152 8735 6145 7415 4794 6845 1736 1358 6641 4551 9370 6107 5483 811 7562 3048 9473 8079 7016 8608 7488 1653 2793 2605 4677 9470 9002 3695 9582 7134 8703 5594 735 5825 9324 9793 2200 6498 2474 6129 6054 3049 3660 5788 1978 4284 7273 7081 1219 7937
7050 5299 8443 2398 977 4674 5724 5743 2107 4474 2012 5833 2164 7927 1559 6932 7709 3515 3916 9454 7413 0 4199 2046 3237 4688 3928 9994 6177 9954 2022 5697 2619 3807 451 8066 867 5526 5395 9715 8582 1493 2338 4252 3981 7599 3864 160 3627 8364 5899 26 7872 4747 6147 1696 1044 4834 3177 8126 9061 3131 1003 7042 1842 5303 6559 4472 5595 4033 4321 9836 6977 5583 1956 4439 6962 9050 4858 2310 7934 8131 4276 6154 4294 5998 9933 4199 2283 3163 8265 5870 3123 9122 336 8985 7352 8928 9430 3967 7478 1719 1094 2332 5262 8933 9068 5883 9523 9564 1924 3127 3969 9025 1618 6408 8471 6992 4868 5544 3970 9077 1998 4951 1634 2597 1275 2701 373 2535 6718 2105 1927 3861 4002 8748 8197 9437 6703 5509 8895 5530 1322 8291 9843 7846 7239 8185 561 736 8740 8590 315 7741 7254 955 9400 6963 9189 2552 7430 7588 5415 9091 2508 3823 687 4063 7064 7651 6520 5754 3553 1137 3308 6575 8279 4583 3730 7147 6643 8070 8722 2404 9861 2361 1076 9424 7154 1195 7468 2617 1532 2275 6175 2446 1400 1579 7221 2655
2200 8951 3240 3117 7538 4531 8929 6403 1986 3985 2633 6732 6674 3136 8956 903 3176 6834 7162 3616 592 4199 0 3512 3552 5213 8056 2687 7670 5799 3645 2268 8736 855 2021 6750 8748 5462 7936 1844 6357 6196 4974 7969 1614 444 7279 6472 8246 9421 4579 1634 8536 5566 7690 4299 1252 6352 6252 3632 6338 3177 6667 6668 5606 2070 4179 4351 3782 5668 3491 3188 6300 4074 429 2075 3392 5487 3917 7633 1174 8558 2409 1245 3185 6331 3577 3121 519 3742 4648 4909 2781 3539 1965 4680 5664 2866 2577 450 9556 6877 1013 931 3767 7717 3902 503 6168 3109 8811 8133 8957 1835 2589 3602 3661 4341 1124 4372 8704 8668 8003 3328 3556 2239 6909 4663 5144 3885 7514 1930 3953 9473 2263 3518 8641 3091 1752 2294 1511 4464 9429 5841 3546 5234 4178 7558 2410 5386 2474 9772 4606 8948 1866 2826 5798 2400 2036 2937 4350 7808 1562 489 329 2814 2403 1198 7288 669 5755 5626 3624 374 7734 6284 6298 3670 2129 5833 6808 1014 6806 4991 9101 6440 9506 2681 5831 8831 1831 8641 243 5007 9722 8253 9003 7577 6651 3541
5592 127 6352 5204 3648 1292 9692 2073 9122 8538 7673 1600 8301 1731 6804 8963 4146 3977 6859 530 5196 2046 3512 0 2619 142 6818 7974 6021 8486 7254 5462 1356 9163 2111 9762 357 9977 5603 1455 366 264 7840 2226 2844 357 7799 5015 7213 4816 4399 2140 5471 567 6308 2829 8531 4081 7849 730 2963 1731 749 180 2000 1820 7882 6914 9827 2198 6679 3062 8830 509 6539 1397 9872 1093 5924 4385 3531 2974 1706 7975 4134 2301 6840 5565 2420 1251 1894 2624 7945 4 8916 697 19 173 7857 9807 54 6414 2313 5558 6723 7437 1789 2686 4964 1585 1697 6078 9825 2390 3212 9320 7994 2941 7908 643 8558 8512 9674 4033 2697 6446 7598 6386 4272 3286 5750 8183 7466 9791 856 5376 3623 8693 4633 3571 8567 8331 3308 9514 3443 448 3068 777 6717 9325 6490 146 9857 7739 4436 1026 9826 1837 6172 5295 4046 665 2260 4884 3628 5590 1044 6977 1931 3418 3087 2589 3412 1079 7967 1026 9257 5559 4762 6028 6090 4309 3663 8978 1819 2194 536 5478 8223 9770 1984 7858 3854 4315 375 2304 6451 5997 2991 1459
6306 3349 6525 5340 608 7359 3592 2092 3835 1036 327 74 7134 8358 7084 2170 4371 7201 7713 9300 6731 3237 3552 2619 0 5829 2046 9731 9824 1904 4280 3340 3093 699 2871 4566 6627 3995 2187 8828 5411 6190 1414 8055 8442 5963 6660 5835 7134 5233 5797 383 3837 2261 7130 4664 9774 4088 967 7438 5441 5150 2162 9049 7086 753 5394 8612 4747 4593 7843 8261 6534 2137 8058 5935 2418 3993 8084 9084 2881 3800 1498 1150 5932 3409 5852 3267 2616 474 3232 7888 7911 8799 2227 9785 9912 5278 1251 6772 7470 656 2547 9543 1101 3759 7564 2121 54 1753 6780 4432 3935 7621 2399 4435 7498 6331 4944 9840 2319 7559 2717 1548 6278 0 5877 7876 3588 3765 3868 2500 4114 5620 4331 2224 6380 1729 2553 7012 8046 3230 8659 5263 7239 9660 881 1507 5075 4492 1378 8059 379 6969 2560 2086 6588 7910 6895 302 1744 4674 5278 7122 4524 1685 6332 3969 4284 2361 2275 171 4959 3004 6995 1549 3520 2894 7248 235 103 9468 2533 7346 1617 2637 5912 3816 1567 3448 6407 5572 9728 1279 6677 5846 2218 622 4249 7713
5407 9229 188 4179 4376 6061 3907 5039 4992 6289 9542 3524 5975 6746 9477 6184 9712 7986 6709 1114 9920 4688 5213 142 5829 0 1230 6191 3520 8207 5130 6010 4359 3077 5851 2351 9257 471 5338 5253 5037 5081 4358 9191 694 2193 7680 1266 1018 7096 5489 5977 9085 8039 4226 497 279 7058 7555 1360 4538 4707 7357 6583 9172 9039 9842 9995 1558 393 8938 9989 6244 5636 7359 1095 5152 1136 2800 828 5031 5757 2594 6796 3325 9337 1230 7465 7609 7852 8704 2590 7463 9306 6404 1060 3465 4298 8916 9142 6142 6922 6427 9315 1425 8805 6463 9092 2927 2776 8953 6749 6597 4134 6067 6390 567 7641 9870 3258 8044 4183 7919 2111 5473 3937 7373 8143 7150 1160 7364 3696 646 7391 459 7003 9012 885 384 2841 3656 4474 1255 6624 301 1647 9581 1930 1463 3041 4253 9254 487 4945 5706 5164 4115 2828 6545 9067 402 4439 9865 5735 7074 7065 9545 9190 7607 8826 9988 6479 543 2158 7931 8799 3211 8247 3544 6014 5099 60 2475 4957 8056 1871 1480 3239 8315 98 9131 3848 9253 9657 4095 9264 3260 4090 857 7214
7319 3987 5296 6249 3806 635 5931 3814 1296 6500 5394 6214 2428 4287 9020 6078 8748 6691 6894 6492 5586 3928 8056 6818 2046 1230 0 8478 216 3279 6120 5371 3787 2118 5038 1330 8406 678 1401 3406 6297 1325 7613 868 4592 1415 4196 7539 9550 5006 2876 3357 8088 734 3226 5926 1454 3556 6259 6079 1269 2041 6319 8525 3068 519 3586 9354 7090 7586 161 2686 2222 1867 4375 5157 8627 7641 862 1900 75 5330 6840 5871 5970 8908 6712 6465 2898 8668 3957 5260 8033 8880 8533 6042 5827 220 3652 5302 4144 1094 957 8953 5811 4404 6635 3018 9085 2218 2540 2813 6674 7805 3838 264 1671 8691 1015 1616 6279 9963 2229 2710 7608 1438 5454 481 915 9264 9607 7462 687 4970 2255 2745 9199 8553 6617 5469 5200 5875 1193 1826 4011 5589 532 6203 1535 328 2182 9204 3039 4312 834 7527 7009 8401 5077 6734 9761 4900 5315 2069 8912 6218 7893 4113 3526 3785 8482 8144 7932 6270 6460 3656 73 4808 2305 1546 7096 3313 9107 6393 5304 1107 2177 208 2748 317 1120 7902 4968 272 697 507 3920 1157 9275 1337
3984 5728 248 3476 1526 4461 3583 9363 602 9372 2046 9737 3973 5072 9478 1488 6169 4721 2665 3059 351 9994 2687 7974 9731 6191 8478 0 362 9993 347 1482 5611 1987 5397 6793 4803 6154 5329 1166 5424 6662 3784 1826 1139 5958 3993 8817 842 7062 5357 500 8066 1102 3856 9429 8780 2750 1773 5760 9120 4601 5103 8933 4545 7467 5990 1846 3673 1233 7037 9478 8448 364 8356 8588 6002 2224 9614 7423 3338 8348 7034 2246 7399 7958 745 8258 7530 2224 8001 7680 2827 3714 8917 9876 5729 1706 7489 4245 9175 1749 5225 5796 4114 5108 8414 7373 9798 5890 5777 8366 6168 7098 5456 9702 1694 1129 5692 8529 6898 1434 1329 541 4003 9865 5242 2042 1885 3052 1575 3241 4474 9834 283 4784 1733 7582 5302 6481 295 2959 7267 2906 9649 8153 2819 860 3921 6494 6068 1636 3603 1257 6813 8612 3229 514 485 7588 2672 6957 704 9499 5477 6255 2916 9177 6646 3199 9608 7092 9757 2561 8043 9600 4133 8988 8460 792 2648 3651 7289 2265 645 8142 4791 766 7997 8945 885 7113 6704 2945 8359 5034 3706 2673 3827 3682
3649 6023 5074 4686 912 8444 9854 33 1375 5853 7205 6286 4016 3361 4733 5875 3070 6009 4415 3971 9690 6177 7670 6021 9824 3520 216 362 0 9202 7468 8015 9716 5890 1973 6924 3008 5790 1471 802 2881 4639 8906 6481 9209 5650 1043 7435 8089 2188 4815 7810 6881 6168 2647 4875 9545 6257 2640 764 7786 4869 9433 3194 7024 8054 1056 4339 5141 9729 1197 8032 9052 357 9452 5822 3064 5983 4553 5188 907 2752 8761 1283 3546 4900 7139 8391 6750 5398 3509 1344 2675 9532 3085 198 8466 8512 1034 3540 3338 8275 4593 256 1322 6875 5064 5950 8528 3955 7152 4300 2262 3408 9850 2519 9350 1190 130 3358 9318 3043 4588 2573 8627 1148 4645 8839 2293 4937 1946 4317 7953 5591 3076 7884 8625 2923 3982 5995 5399 2791 3490 77 8896 3020 9236 5609 3598 8249 7201 2318 1326 1649 2271 5855 4298 1617 6425 1955 6815 436 2120 4679 2018 9026 5634 7372 1473 3146 1212 2551 2277 6872 2888 426 1706 378 2509 1656 5006 7171 9996 3282 2748 418 2705 2426 976 5108 3640 3282 9323 2676 5977 6454 6354 34 7172 9149
9865 1644 139 7295 4905 7894 7547 6448 6945 2707 6052 7193 1793 848 8588 1020 5249 2238 1274 3224 4477 9954 5799 8486 1904 8207 3279 9993 9202 0 6991 6350 6879 4073 722 3913 8842 9715 2154 7146 8411 7512 9099 8161 9183 4854 7991 3159 8799 338 2784 2594 5433 7957 2220 5863 8607 7968 2014 8406 7734 8909 6889 8676 8806 5325 3468 2505 1722 1934 3725 7118 2827 2750 1192 8440 5859 2408 4979 3782 2254 8104 315 2729 9776 2966 2579 3657 8092 1269 9500 2137 9055 9385 1173 6768 4662 194 4189 556 3537 4347 2927 3284 9144 923 1983 9404 9242 9815 2173 9401 1452 1013 5489 9061 2262 9759 9846 254 9834 7668 3069 4931 6003 442 4807 2052 7662 6570 6645 4664 5 6884 5150 1156 6018 5757 8560 2718 5258 3694 4872 8848 1587 5681 9095 8708 6514 4773 86 2624 6764 6180 7590 9087 8327 1783 165 1780 8129 6747 75 6245 4096 9824 9203 4916 3540 9376 7582 9791 5542 6569 3670 4091 485 9395 806 2638 4147 4842 2474 2232 2131 3451 4463 6532 9270 4361 4282 5154 5291 2973 8220 7182 2473 2932 5166 8720
942 1008 3182 4508 9634 1769 7446 4608 8555 9105 1760 1190 6938 4505 3029 7782 1256 2732 7124 1724 2632 2022 3645 7254 4280 5130 6120 347 7468 6991 0 3162 5805 3469 9279 8274 2945 2076 5844 4400 8537 5790 3496 8378 6101 2718 5761 5712 1128 669 6849 1921 7339 8512 9464 2259 6691 3124 1124 6680 420 9566 9243 4707 7959 9161 2211 2079 4577 9950 3253 5876 4546 5166 2595 7632 677 2104 8645 7432 5481 6390 870 8631 1537 7380 8267 4715 7016 4774 4739 2336 2480 2697 5025 5928 1328 9698 2324 7577 3076 8073 9847 7050 924 3791 2340 1212 7813 6054 1522 7118 6995 5503 9349 1811 4868 3994 1018 1421 2508 2866 9736 2312 8657 8864 8632 6245 7369 3339 5170 7810 9934 8584 5640 7741 1878 9696 5833 1217 4556 501 829 9679 6747 7869 3636 9703 1152 1578 2845 6036 1563 4385 3512 382 6717 9667 7750 9117 2163 5294 7470 1703 1436 6413 1081 3699 1580 9905 8975 5613 2317 7339 395 9746 6843 6172 9057 4427 2913 5144 5992 4908 6902 6827 1921 9852 1382 8100 9579 2537 3029 8863 9903 9449 9873 6366 7918 8500
8521 1095 6197 5410 4685 2869 6741 6060 7594 5434 8719 9315 504 4343 2607 3322 1459 4863 2111 8947 8610 5697 2268 5462 3340 6010 5371 1482 8015 6350 3162 0 3660 555 4104 9515 74 2083 6116 7245 5817 7653 9892 8971 4707 3594 3627 8897 2137 4576 9623 2291 9804 3812 1713 800 8488 5582 2121 9998 2428 1259 8769 6273 3723 6049 841 6215 1103 8901 3988 7558 8423 389 3247 6798 2886 2961 1749 5600 3704 6291 7044 7867 1874 3978 2954 3184 5548 686 9039 7946 8226 9697 6769 2000 140 7935 4015 487 1202 5 3530 1204 7202 8914 1517 2791 8168 4278 7647 8281 5144 957 7378 59 6488 1542 158 1733 3293 5984 3260 8349 6417 2235 1571 4349 5204 6423 1193 8011 5214 9648 6917 5245 8164 2092 5449 7172 1146 5701 5957 7641 3465 1156 3809 3114 8991 7978 8130 1689 5196 9228 4364 6792 8990 5128 7077 5323 5516 3581 600 9843 5854 3759 6611 1247 5127 9129 553 4200 4040 3076 1042 7465 1688 950 3725 4028 8544 7712 8398 2694 3656 9527 2671 7171 6923 3062 5070 2375 7668 6248 8670 1445 992 7108 1587 6274
9221 1946 7942 833 2754 7170 2957 439 8506 5098 9549 8516 167 6356 6236 1735 4610 9317 6529 2325 124 2619 8736 1356 3093 4359 3787 5611 9716 6879 5805 3660 0 8749 9316 1466 172 9421 2132 2931 6389 2181 3944 8087 2184 1927 8179 62 770 4334 3552 6395 4870 6736 3831 393 4422 6937 4658 4988 1732 5936 473 5300 7933 3786 9630 1605 439 2139 3043 7666 4981 3847 9846 2326 9672 1009 6867 4871 3244 7843 2692 3487 564 6415 3124 711 3216 3284 2757 1642 2993 1418 5752 4991 153 3315 3253 8518 3985 1371 6650 9107 8971 826 5304 8 9046 3557 6469 6376 8998 5976 3461 6801 9065 6845 4123 3701 9965 1549 7856 1592 1163 3599 2637 7140 7457 695 5285 4481 9537 9157 444 6053 6383 7095 1854 1302 3355 5590 8580 3177 7846 5624 8316 3177 1004 6662 5652 6885 7742 7356 7742 9048 608 1203 3328 7866 4462 5854 1651 4116 5216 378 8037 5121 6403 5319 7694 3989 9113 5709 5440 3390 1705 63 4411 7501 8415 9137 7743 3240 1169 3076 5085 4103 6942 8435 2413 7306 1682 6115 3801 9266 1457 3620 5176 7683
8789 2909 4804 7833 1922 1981 9107 4665 6490 1195 5229 5815 7018 3509 2116 3536 3579 4673 2300 2523 128 3807 855 9163 699 3077 2118 1987 5890 4073 3469 555 8749 0 257 5967 7996 587 7841 5809 185 1178 1665 9735 2933 6259 5683 9181 4094 4204 2425 5453 2486 733 4921 2770 2320 9952 6466 4674 4998 7318 3828 5655 8810 4504 8266 1455 9757 5771 6423 5480 9544 3932 6355 6651 2226 9471 8062 5530 3548 7636 8546 4529 5674 7655 9825 6887 6031 1170 8935 563 2407 6907 4295 5063 747 9065 8676 5356 1501 8556 4770 205 8614 1405 5468 669 8191 4283 8147 977 4301 962 2421 6811 7877 3215 5218 5163 2854 2212 2690 192 6457 808 9077 1201 2864 5137 4037 471 2303 3400 2397 1706 920 3232 8314 2418 8601 5483 5010 1224 6749 836 6711 8468 851 2813 3298 7663 5947 1453 9976 6641 9845 9406 4479 1660 9439 452 5875 266 7926 5197 4514 345 6549 6665 4116 1486 4228 1844 5650 6562 3671 8713 6340 8755 4052 6828 2146 3448 5584 380 4527 70 9260 1614 8702 8694 2988 5744 2446 9579 2104 7918 4016 7393
9586 2235 2947 3785 2708 7387 2373 622 2688 4014 481 6871 3541 1231 4144 6341 1222 2007 9787 8497 6287 451 2021 2111 2871 5851 5038 5397 1973 722 9279 4104 9316 257 0 5066 1283 2657 2436 9681 8175 4132 4195 8896 3892 8331 9442 2023 8354 1848 4244 309 5157 7838 5699 503 9322 610 3984 4424 7560 7030 5833 9686 9043 8269 3485 6766 1176 986 6382 81 1257 2751 2935 2120 547 7166 708 8912 52 5843 7592 8663 3056 6014 861 5410 4122 57 9218 5422 8867 8375 586 6240 6921 5 9546 1386 4580 8197 5436 3859 7826 6623 3003 9058 1597 9704 1432 983 4331 9831 2053 2701 951 6731 9730 7583 3757 7040 2546 7714 9015 3930 1840 9981 6446 6327 1412 7353 1567 4525 6585 1863 8209 4803 7029 412 9826 1097 4459 2256 8733 3898 7029 2430 3393 9355 5250 1488 730 4885 4955 8775 964 5828 9784 3683 5991 8616 2073 8034 8789 4061 1026 1905 7264 6665 6134 5144 1587 2002 3253 8115 9332 5566 3603 767 9948 1527 6316 5470 2117 723 7387 1989 5516 7523 6739 7817 715 5925 9120 7695 8200 3237 3895 7116
4053 6963 8525 1839 5518 8674 2135 5346 374 9669 7340 8006 5521 4687 8030 7351 1484 9124 8015 3055 3571 8066 6750 9762 4566 2351 1330 6793 6924 3913 8274 9515 1466 5967 5066 0 553 5230 9267 8117 4096 3133 1234 9681 8111 4961 6011 153 3183 4064 5535 5507 562 5738 2746 6206 7618 4399 51 1506 6866 5892 259 1863 3984 5284 796 5594 4749 4203 9255 9101 3074 7437 6215 7779 9242 6087 4887 765 2762 9109 5309 9556 1796 6172 1569 1670 2110 2089 8257 9050 5317 8711 6137 6984 3207 3164 1429 1394 4447 3722 1700 9597 5521 105 7801 8677 6940 1165 5195 4099 2052 1038 4076 8343 3123 6618 3643 1050 9214 3533 870 9213 2399 2245 5050 9464 8404 646 690 2278 8764 1048 7507 1409 3436 966 777 1754 4076 4673 8703 9313 2234 3129 8891 2152 662 8957 7229 1990 2796 1175 3159 4086 7432 3492 3714 5925 7315 3579 6440 5688 6770 1933 1820 290 1737 6759 5263 731 1833 9926 4991 4071 4467 5134 6891 6528 9295 2929 4432 6209 3089 2371 1190 6217 7619 126 4906 890 5299 8099 8585 5126 1093 6494 8169 3165
5897 1979 7832 9258 1779 707 2325 3238 3392 8729 2313 6066 7054 5840 7670 5252 7210 5535 4476 3861 35 867 8748 357 6627 9257 8406 4803 3008 8842 2945 74 172 7996 1283 553 0 1164 3729 4387 2756 1183 7748 3163 4771 323 2424 2995 4563 1945 592 9585 5454 7854 8315 5921 8238 4546 5793 566 9342 9918 3916 2238 3071 178 9396 8090 5781 9174 5751 7576 8514 2712 3032 2026 2520 4628 5872 890 3011 9369 9179 179 2544 4464 3929 9187 951 2451 8441 4339 7011 5531 6719 5666 7882 737 7926 9317 2491 768 4621 3104 4106 5416 7477 4964 6958 4678 8569 6471 971 274 1725 4544 6233 2543 8418 9352 1932 862 5164 3403 2321 8888 990 4467 9499 9305 6106 5831 3173 3275 7406 4206 594 942 3427 4785 6586 7718 2892 9789 7887 9508 6508 8240 690 4528 541 2719 8055 4303 2642 9939 2123 8419 5998 4699 5127 269 853 6174 6081 3484 4704 1594 2920 6057 4061 8213 2908 1736 6684 7147 3130 2823 5189 9754 9975 971 4004 9601 6984 3990 9952 5107 40 256 577 8630 9782 5467 9167 7592 429 4787 8321 6029
5631 2163 9707 190 7966 3589 7185 4622 5753 6718 1815 5811 4413 1785 1500 9358 7174 9214 4597 843 8049 5526 5462 9977 3995 471 678 6154 5790 9715 2076 2083 9421 587 2657 5230 1164 0 2624 7644 7287 6356 6285 2378 2472 504 2364 1665 1333 9826 9066 5355 4872 3384 7973 8391 469 7567 2794 3216 597 3768 1794 2510 9775 7564 8394 9797 87 7477 6689 2536 1470 922 3826 1971 3751 4848 7660 6809 5901 8636 5108 740 815 8465 7357 36 617 5213 8642 6457 2334 9009 7474 3244 7581 7003 6228 2839 8777 6064 6280 6874 2323 3293 3086 2340 1868 9027 4851 6662 1357 6280 371 5713 1270 5188 6495 3336 4707 557 1949 6476 4399 5458 6206 1701 1637 9409 9574 4460 8818 4441 4150 4529 5285 2025 3303 5010 3840 2460 3513 3989 8113 9302 5186 2347 4637 8851 5586 9238 5680 9836 3748 9087 7820 2351 9579 5352 4202 7572 8473 4079 8758 2042 7606 445 9497 4441 3505 4260 3074 2035 6224 7370 5696 1260 9059 9205 2187 9976 452 4875 1070 9929 2918 485 2654 9632 5717 6876 1019 5660 4568 9520 1120 98 3786 839
485 2454 5526 327 348 1625 6421 2550 315 8265 8904 7979 6075 5718 8549 264 5189 6598 8833 6209 9967 5395 7936 5603 2187 5338 1401 5329 1471 2154 5844 6116 2132 7841 2436 9267 3729 2624 0 262 1033 4759 9849 6838 3781 5891 2904 1765 2291 8723 4174 7816 2581 4100 5947 3688 748 4711 7650 262 5844 5764 2219 1521 7682 1338 7447 4105 6648 9249 9035 6818 9492 7920 3287 1368 2562 431 3538 2467 4108 3734 9201 9177 22 6397 79 2595 5379 1747 4350 9067 3021 8161 5973 2590 492 2799 7160 8456 6532 5981 469 1565 5324 3838 7206 5943 67 6555 1222 5509 4962 9233 3854 4025 5046 4296 614 15 9730 153 7812 290 341 2400 8436 7214 346 201 8788 2226 546 643 9924 7984 2757 2612 2198 8285 2298 3282 280 1367 3571 8338 6608 5378 3411 1096 1744 7517 4921 3424 4471 2014 1746 7295 8039 6712 522 7086 6497 4596 3933 1192 7517 242 2418 4266 5744 4384 4425 3530 1766 2935 8173 4999 5341 5073 4398 6383 853 5329 3606 7228 2212 5421 9133 8096 2123 8733 9208 9733 8022 1321 1874 3154 1006 9878
8943 7412 2116 2228 7862 7500 4943 7193 9165 1448 436 9511 1034 5410 2120 2945 2026 7305 3804 1730 7480 9715 1844 1455 8828 5253 3406 1166 802 7146 4400 7245 2931 5809 9681 8117 4387 7644 262 0 4129 1067 4723 8347 2017 1617 1792 2050 5384 8836 4561 8776 9985 9878 7165 7236 9586 6366 4453 1479 6194 7369 4775 6068 2561 2517 6981 5373 2027 4160 6858 9241 2340 5250 4841 7344 8080 7114 4619 585 3269 3399 5384 7944 3330 3637 8085 6614 6223 6232 1308 9354 1511 5586 5546 9778 1748 2599 6957 8099 3177 404 9466 6294 5365 9244 4833 3912 760 6875 7445 6407 4649 36 7548 9741 5742 7374 7969 489 7294 2873 4811 4088 1555 8663 6674 3917 1828 1265 1948 4508 9517 2672 9224 1207 7468 7065 1274 7459 7066 8926 5772 6818 840 3713 3107 9453 5811 9702 7346 1268 1510 4751 6534 1439 9183 1313 4688 4416 6145 2316 9924 7171 9754 3490 2002 923 2569 7996 5156 54 3678 2535 7276 4840 2456 8511 3530 6744 5966 9002 7593 9092 1277 1388 8432 2825 2953 5862 6092 6674 8409 421 1782 3894 2919 3853 2208 9129
1636 6622 2763 7308 4859 9964 4525 1909 8626 7619 9769 2795 3719 9335 5200 4341 2837 5720 5490 9798 2836 8582 6357 366 5411 5037 6297 5424 2881 8411 8537 5817 6389 185 8175 4096 2756 7287 1033 4129 0 278 2582 5135 9859 9137 3301 6839 8143 9976 7475 9858 3215 8173 7906 10000 6087 2184 839 7191 6485 1418 4951 1860 1436 4166 1570 1192 2974 7710 9829 2336 9146 4894 6385 9841 7089 9462 8109 4140 3891 7672 1558 2446 2002 7814 1921 3904 9715 7521 2978 1782 6349 2863 2108 6847 5422 5667 8780 7816 2442 8460 3126 2854 3184 6648 981 179 6847 784 8793 4432 2874 1750 3519 4693 2878 9574 1295 5738 231 6818 7086 2051 9069 3148 8955 4569 5008 719 2357 4581 8534 7577 9570 3005 3156 2252 5937 9993 5434 9879 3923 5904 2247 3514 9331 6219 4259 810 4182 453 5492 5846 1690 8017 8902 8726 1483 6385 9692 3222 6685 739 476 9044 8899 1831 7015 4986 6403 3548 9541 3913 1887 4476 1390 6146 876 3363 1771 1572 3387 6407 8623 7503 7148 7412 1274 9021 1565 295 5057 3950 2331 6717 4999 7127 1640 9506
