50
0 2303 1298 7073 433 8732 2134 9564 3613 2870 1423 5678 5661 5095 8539 2864 2214 2812 4210 7609 1128 538 7570 6842 3903 9350 4600 1523 6535 1642 6419 755 9169 5272 8360 5604 9151 4425 9619 225 1139 6621 4563 6653 8771 3537 9734 7110 9157 4611
2303 0 5273 228 4747 6422 8707 6329 880 9540 743 6026 7635 363 8945 9779 118 4225 9055 1213 4145 7302 4205 3627 3576 264 6379 2820 9256 7103 6043 9044 7695 1122 479 3142 6573 4810 3962 3280 7252 950 2164 105 6293 9958 7869 4501 4801 227
1298 5273 0 2531 7040 4501 1300 8585 3818 1857 5520 1701 3624 8718 173 3653 1450 2663 3124 5114 5670 6207 5143 380 1472 8094 890 7226 7185 668 6327 4457 5843 7771 1802 4800 4419 7461 9004 7394 3225 653 5484 7851 6215 7537 8204 5376 2868 927
7073 228 2531 0 1722 7403 6739 3778 3518 78 784 3154 4829 7155 9484 9771 7213 6025 1417 1081 2171 3567 9577 3065 7379 498 4407 8134 2570 3987 4969 7948 3029 9705 5533 9842 2173 6862 3326 7734 7672 9484 1624 2991 6810 7492 3877 7414 3665 8279
433 4747 7040 1722 0 7650 9100 9941 3612 9992 7221 7761 8095 1452 757 4785 415 3167 8651 6264 9425 4588 181 3248 3906 8061 7813 2181 7909 6255 4588 2302 2073 2011 7630 8306 4647 1875 812 7413 8666 2099 2375 5371 143 4627 5066 698 6719 8340
8732 6422 4501 7403 7650 0 1904 8691 4265 7655 183 1846 7549 3359 6554 238 4485 4194 5283 9377 4604 6876 1476 8375 6593 7097 7661 339 68 4839 5860 6823 9342 6484 3027 8653 3013 9439 7620 1490 3047 8434 802 9602 8145 8118 3342 5519 6774 4986
2134 8707 1300 6739 9100 1904 0 8386 3212 2645 1943 5785 4111 7866 9764 737 9433 1456 6937 5740 4312 9587 1609 9607 17 7345 3223 8768 6042 4531 2679 9110 9203 9085 6996 6587 398 9496 3863 5149 9670 4089 2389 5930 4110 8117 6505 1926 9585 6733
9564 6329 8585 3778 9941 8691 8386 0 78 6366 8119 5859 5576 9923 9878 618 9307 818 4339 1260 5730 2532 3465 6048 1462 8510 6791 747 5810 7849 1569 2540 3685 3570 7187 4039 1641 9165 7904 437 3822 641 4742 4088 7835 5662 2909 1873 1780 5651
3613 880 3818 3518 3612 4265 3212 78 0 4355 4900 484 4717 2671 7731 7877 4158 4565 363 6897 6131 4422 6316 7832 9772 1608 2022 7068 6488 9991 6316 4852 5287 644 3256 1535 57 5946 1792 574 9935 6262 3730 2080 6438 2235 8780 7803 7650 8758
2870 9540 1857 78 9992 7655 2645 6366 4355 0 1769 4150 9001 1078 2672 9320 8058 1268 2770 1904 9075 2346 9051 200 476 6131 749 8259 3545 360 2653 7599 3819 1122 5575 4811 4150 4460 5987 6976 7241 7108 38 5 4772 3616 3680 7782 2500 1388
1423 743 5520 784 7221 183 1943 8119 4900 1769 0 1686 838 8552 8277 385 5837 9603 7593 5423 504 5755 3586 7613 5564 730 2578 7305 6132 7772 6142 2062 5914 9558 5981 7662 7973 5947 997 321 8648 6871 2371 7455 7200 4969 7243 1277 4760 1538
5678 6026 1701 3154 7761 1846 5785 5859 484 4150 1686 0 9325 1297 9514 8756 5467 1505 6514 511 4476 318 5001 1867 8877 9895 6171 6937 9843 4586 7133 9403 5428 7883 7631 8381 6763 2755 6135 2871 435 5707 1486 9516 99 1845 8442 4289 3926 5482
5661 7635 3624 4829 8095 7549 4111 5576 4717 9001 838 9325 0 5454 2941 8036 3121 5326 4216 5253 4451 7332 938 9486 2079 410 8523 5063 5851 8479 9167 7661 9590 185 8933 5716 7176 4550 9249 2756 1755 4842 1245 4028 5367 5130 1379 4339 4128 1741
5095 363 8718 7155 1452 3359 7866 9923 2671 1078 8552 1297 5454 0 6746 1931 4299 5010 5966 7102 1915 4701 6816 9810 9928 3561 4769 584 6053 4462 3189 977 7164 4367 8275 8922 2003 7384 3472 6623 9852 7859 8983 1721 9238 3599 4849 1560 415 9683
8539 8945 173 9484 757 6554 9764 9878 7731 2672 8277 9514 2941 6746 0 6701 5404 561 2584 312 3549 8537 1779 4541 3485 6343 7627 1273 2107 1080 9149 7930 551 4063 3253 4856 6044 8556 2371 5955 4800 7574 2998 6412 5255 3226 4292 3679 8527 1287
2864 9779 3653 9771 4785 238 737 618 7877 9320 385 8756 8036 1931 6701 0 1146 2366 4569 9921 5624 395 5701 1349 715 7483 3680 3737 2401 9108 9848 7791 9908 6794 1493 5948 6198 9353 8835 1766 5507 3658 6192 1809 6536 8018 7162 1811 4200 1360
2214 118 1450 7213 415 4485 9433 9307 4158 8058 5837 5467 3121 4299 5404 1146 0 9563 8856 4082 5542 1991 9910 5798 1903 682 915 1027 5364 7093 9485 525 8077 8808 6076 7636 413 8023 2137 8493 6824 1589 4112 2354 6269 7566 7669 4000 5688 4132
2812 4225 2663 6025 3167 4194 1456 818 4565 1268 9603 1505 5326 5010 561 2366 9563 0 4005 350 1133 2181 1712 1497 1924 6546 643 4072 9931 382 8246 4939 615 1758 8802 3381 1338 1631 2189 5463 3300 6209 435 352 5757 1827 2024 832 7563 2453
4210 9055 3124 1417 8651 5283 6937 4339 363 2770 7593 6514 4216 5966 2584 4569 8856 4005 0 3433 9445 5024 9316 1085 5809 3186 5807 4023 1454 2870 185 6519 4374 38 7752 1175 7818 9457 9914 8378 6473 983 5245 3682 8817 10 502 266 9876 12
7609 1213 5114 1081 6264 9377 5740 1260 6897 1904 5423 511 5253 7102 312 9921 4082 350 3433 0 1971 2437 7566 37 9455 816 576 3181 9547 8432 3642 5796 5082 6733 874 9250 3546 8476 2517 4742 5863 8600 3296 8584 904 9637 9844 2606 125 9372
1128 4145 5670 2171 9425 4604 4312 5730 6131 9075 504 4476 4451 1915 3549 5624 5542 1133 9445 1971 0 2526 8881 4052 4764 5470 8608 3679 5819 6769 8443 5936 2559 4072 1537 8252 8309 2328 2071 2908 5056 9556 8829 3799 9523 7273 6705 6124 7852 5584
538 7302 6207 3567 4588 6876 9587 2532 4422 2346 5755 318 7332 4701 8537 395 1991 2181 5024 2437 2526 0 9803 6655 8640 886 9608 7177 4842 2842 8786 2229 2152 4972 1252 104 9877 9180 3158 2174 406 5834 7449 6736 8298 3680 7306 2278 3406 3270
7570 4205 5143 9577 181 1476 1609 3465 6316 9051 3586 5001 938 6816 1779 5701 9910 1712 9316 7566 8881 9803 0 1479 6430 4373 9394 2161 3316 143 251 767 4751 9332 7736 2934 9397 4593 8397 6296 2958 4542 6602 3860 6780 2308 6120 4453 5307 3209
6842 3627 380 3065 3248 8375 9607 6048 7832 200 7613 1867 9486 9810 4541 1349 5798 1497 1085 37 4052 6655 1479 0 6833 2869 275 8914 6635 7073 3407 8115 7094 2575 3290 3473 5385 4127 8726 3951 3208 8001 1132 4354 5789 206 8654 2708 9904 3591
3903 3576 1472 7379 3906 6593 17 1462 9772 476 5564 8877 2079 9928 3485 715 1903 1924 5809 9455 4764 8640 6430 6833 0 964 9833 8752 5678 7954 5929 4308 1921 6826 5076 9931 3252 1527 9313 6347 5669 1318 8198 6291 9321 6569 2552 3416 6281 1570
9350 264 8094 498 8061 7097 7345 8510 1608 6131 730 9895 410 3561 6343 7483 682 6546 3186 816 5470 886 4373 2869 964 0 2255 3118 5033 3068 112 8522 6701 1181 1068 8515 9641 822 5139 5962 8238 8153 7948 6968 1224 723 1700 614 5986 8078
4600 6379 890 4407 7813 7661 3223 6791 2022 749 2578 6171 8523 4769 7627 3680 915 643 5807 576 8608 9608 9394 275 9833 2255 0 7738 3102 1842 6836 1611 4116 3538 9587 7123 6190 4606 6405 7946 8640 692 5127 968 8285 4176 6917 6039 7331 4129
1523 2820 7226 8134 2181 339 8768 747 7068 8259 7305 6937 5063 584 1273 3737 1027 4072 4023 3181 3679 7177 2161 8914 8752 3118 7738 0 4627 3832 2068 9800 8417 3569 638 4931 9234 4513 3539 5395 9732 3705 84 9457 8103 4757 9677 9176 3790 1534
6535 9256 7185 2570 7909 68 6042 5810 6488 3545 6132 9843 5851 6053 2107 2401 5364 9931 1454 9547 5819 4842 3316 6635 5678 5033 3102 4627 0 9692 1501 7375 951 5111 8893 2789 3905 1275 8660 4871 4084 1488 2837 9439 5988 2882 5649 3049 3628 5881
1642 7103 668 3987 6255 4839 4531 7849 9991 360 7772 4586 8479 4462 1080 9108 7093 382 2870 8432 6769 2842 143 7073 7954 3068 1842 3832 9692 0 7696 2858 3446 3980 9586 8250 4205 1207 9785 8041 7220 890 6461 1721 7614 7142 7985 3982 1527 2969
6419 6043 6327 4969 4588 5860 2679 1569 6316 2653 6142 7133 9167 3189 9149 9848 9485 8246 185 3642 8443 8786 251 3407 5929 112 6836 2068 1501 7696 0 8426 7677 1608 5283 5180 783 2175 6451 5230 1577 6163 1599 1927 1023 5728 6480 6712 9413 6039
755 9044 4457 7948 2302 6823 9110 2540 4852 7599 2062 9403 7661 977 7930 7791 525 4939 6519 5796 5936 2229 767 8115 4308 8522 1611 9800 7375 2858 8426 0 6811 7189 3339 9237 5730 9597 5686 4386 1763 7865 7140 6851 7166 4193 509 1996 8655 8940
9169 7695 5843 3029 2073 9342 9203 3685 5287 3819 5914 5428 9590 7164 551 9908 8077 615 4374 5082 2559 2152 4751 7094 1921 6701 4116 8417 951 3446 7677 6811 0 1712 5534 2047 2863 1818 2094 5548 7587 5345 4257 2772 5487 7208 3702 3410 2888 9640
5272 1122 7771 9705 2011 6484 9085 3570 644 1122 9558 7883 185 4367 4063 6794 8808 1758 38 6733 4072 4972 9332 2575 6826 1181 3538 3569 5111 3980 1608 7189 1712 0 139 4066 5836 1357 2482 4274 3261 6176 9572 8730 1658 8940 4325 192 214 7170
8360 479 1802 5533 7630 3027 6996 7187 3256 5575 5981 7631 8933 8275 3253 1493 6076 8802 7752 874 1537 1252 7736 3290 5076 1068 9587 638 8893 9586 5283 3339 5534 139 0 6910 9655 2245 5545 9287 5854 37 4948 929 8629 7892 1886 5730 4042 7069
5604 3142 4800 9842 8306 8653 6587 4039 1535 4811 7662 8381 5716 8922 4856 5948 7636 3381 1175 9250 8252 104 2934 3473 9931 8515 7123 4931 2789 8250 5180 9237 2047 4066 6910 0 9535 7413 9 9886 300 8610 9404 3759 911 9827 2740 9300 7053 544
9151 6573 4419 2173 4647 3013 398 1641 57 4150 7973 6763 7176 2003 6044 6198 413 1338 7818 3546 8309 9877 9397 5385 3252 9641 6190 9234 3905 4205 783 5730 2863 5836 9655 9535 0 3987 1289 2313 1543 9898 7061 7451 1859 7755 5467 2302 2036 3791
4425 4810 7461 6862 1875 9439 9496 9165 5946 4460 5947 2755 4550 7384 8556 9353 8023 1631 9457 8476 2328 9180 4593 4127 1527 822 4606 4513 1275 1207 2175 9597 1818 1357 2245 7413 3987 0 9022 8126 8363 557 3451 7089 8538 934 5444 418 2261 680
9619 3962 9004 3326 812 7620 3863 7904 1792 5987 997 6135 9249 3472 2371 8835 2137 2189 9914 2517 2071 3158 8397 8726 9313 5139 6405 3539 8660 9785 6451 5686 2094 2482 5545 9 1289 9022 0 9369 6204 6666 7119 3806 6533 9216 7329 8578 3654 2032
225 3280 7394 7734 7413 1490 5149 437 574 6976 321 2871 2756 6623 5955 1766 8493 5463 8378 4742 2908 2174 6296 3951 6347 5962 7946 5395 4871 8041 5230 4386 5548 4274 9287 9886 2313 8126 9369 0 9924 9011 9408 7736 4743 2550 6257 3276 2432 3655
1139 7252 3225 7672 8666 3047 9670 3822 9935 7241 8648 435 1755 9852 4800 5507 6824 3300 6473 5863 5056 406 2958 3208 5669 8238 8640 9732 4084 7220 1577 1763 7587 3261 5854 300 1543 8363 6204 9924 0 5859 9003 6971 3539 3003 5561 3238 4158 6388
6621 950 653 9484 2099 8434 4089 641 6262 7108 6871 5707 4842 7859 7574 3658 1589 6209 983 8600 9556 5834 4542 8001 1318 8153 692 3705 1488 890 6163 7865 5345 6176 37 8610 9898 557 6666 9011 5859 0 3517 6364 784 8178 235 9343 9170 8024
4563 2164 5484 1624 2375 802 2389 4742 3730 38 2371 1486 1245 8983 2998 6192 4112 435 5245 3296 8829 7449 6602 1132 8198 7948 5127 84 2837 6461 1599 7140 4257 9572 4948 9404 7061 3451 7119 9408 9003 3517 0 8317 222 1150 9482 3339 9518 2425
6653 105 7851 2991 5371 9602 5930 4088 2080 5 7455 9516 4028 1721 6412 1809 2354 352 3682 8584 3799 6736 3860 4354 6291 6968 968 9457 9439 1721 1927 6851 2772 8730 929 3759 7451 7089 3806 7736 6971 6364 8317 0 7362 8607 7433 2586 7930 7954
8771 6293 6215 6810 143 8145 4110 7835 6438 4772 7200 99 5367 9238 5255 6536 6269 5757 8817 904 9523 8298 6780 5789 9321 1224 8285 8103 5988 7614 1023 7166 5487 1658 8629 911 1859 8538 6533 4743 3539 784 222 7362 0 4069 6535 6473 8201 105
3537 9958 7537 7492 4627 8118 8117 5662 2235 3616 4969 1845 5130 3599 3226 8018 7566 1827 10 9637 7273 3680 2308 206 6569 723 4176 4757 2882 7142 5728 4193 7208 8940 7892 9827 7755 934 9216 2550 3003 8178 1150 8607 4069 0 7508 8773 5444 9613
9734 7869 8204 3877 5066 3342 6505 2909 8780 3680 7243 8442 1379 4849 4292 7162 7669 2024 502 9844 6705 7306 6120 8654 2552 1700 6917 9677 5649 7985 6480 509 3702 4325 1886 2740 5467 5444 7329 6257 5561 235 9482 7433 6535 7508 0 1825 7047 8381
7110 4501 5376 7414 698 5519 1926 1873 7803 7782 1277 4289 4339 1560 3679 1811 4000 832 266 2606 6124 2278 4453 2708 3416 614 6039 9176 3049 3982 6712 1996 3410 192 5730 9300 2302 418 8578 3276 3238 9343 3339 2586 6473 8773 1825 0 638 9905
9157 4801 2868 3665 6719 6774 9585 1780 7650 2500 4760 3926 4128 415 8527 4200 5688 7563 9876 125 7852 3406 5307 9904 6281 5986 7331 3790 3628 1527 9413 8655 2888 214 4042 7053 2036 2261 3654 2432 4158 9170 9518 7930 8201 5444 7047 638 0 7541
4611 227 927 8279 8340 4986 6733 5651 8758 1388 1538 5482 1741 9683 1287 1360 4132 2453 12 9372 5584 3270 3209 3591 1570 8078 4129 1534 5881 2969 6039 8940 9640 7170 7069 544 3791 680 2032 3655 6388 8024 2425 7954 105 9613 8381 9905 7541 0
